{"song_id": "1183708702067409026", "download": "https://cdn.discordapp.com/attachments/1128313332273782784/1183708702067409026/chirp.mp4?ex=658951a2&amp", "lyrics": "[verse]\nIn Mother Russia, a YouTube Poop dance\nWhere gopniks gather, it's their wild chance\nMemes and glitches, oh, it's quite absurd\nRussian YouTube Poop, that's what we've heard\n\n[chorus]\nOh, it's crazy, that Russian YouTube Poop\nSpins you 'round in a crazy loop\nFrom Cheburashka to Putin's might\nRussian YouTube Poop is outta sight", "style": ["rock"], "essentia_features": {"lowlevel.average_loudness": 0.9744962453842163, "lowlevel.barkbands_crest.mean": 13.229005813598633, "lowlevel.barkbands_crest.stdev": 4.365062236785889, "lowlevel.barkbands_flatness_db.mean": 0.1593438982963562, "lowlevel.barkbands_flatness_db.stdev": 0.05560891702771187, "lowlevel.barkbands_kurtosis.mean": 12.182268142700195, "lowlevel.barkbands_kurtosis.stdev": 20.80167579650879, "lowlevel.barkbands_skewness.mean": 2.5254099369049072, "lowlevel.barkbands_skewness.stdev": 1.9617689847946167, "lowlevel.barkbands_spread.mean": 22.9224910736084, "lowlevel.barkbands_spread.stdev": 18.348588943481445, "lowlevel.dissonance.mean": 0.46451273560523987, "lowlevel.dissonance.stdev": 0.036504894495010376, "lowlevel.dynamic_complexity": 2.375396251678467, "lowlevel.erbbands_crest.mean": 8.832771301269531, "lowlevel.erbbands_crest.stdev": 4.623125076293945, "lowlevel.erbbands_flatness_db.mean": 0.13382963836193085, "lowlevel.erbbands_flatness_db.stdev": 0.042751990258693695, "lowlevel.erbbands_kurtosis.mean": 0.8817722797393799, "lowlevel.erbbands_kurtosis.stdev": 2.7675719261169434, "lowlevel.erbbands_skewness.mean": 0.14518289268016815, "lowlevel.erbbands_skewness.stdev": 1.0001640319824219, "lowlevel.erbbands_spread.mean": 53.06990432739258, "lowlevel.erbbands_spread.stdev": 30.02713394165039, "lowlevel.hfc.mean": 25.612415313720703, "lowlevel.hfc.stdev": 18.340843200683594, "lowlevel.loudness_ebu128.integrated": -13.764524459838867, "lowlevel.loudness_ebu128.loudness_range": 1.3606557846069336, "lowlevel.loudness_ebu128.momentary.mean": -13.927441596984863, "lowlevel.loudness_ebu128.momentary.stdev": 1.2468546628952026, "lowlevel.loudness_ebu128.short_term.mean": -13.818464279174805, "lowlevel.loudness_ebu128.short_term.stdev": 0.4277944564819336, "lowlevel.melbands_crest.mean": 16.40669822692871, "lowlevel.melbands_crest.stdev": 4.246409893035889, "lowlevel.melbands_flatness_db.mean": 0.23784680664539337, "lowlevel.melbands_flatness_db.stdev": 0.0751335397362709, "lowlevel.melbands_kurtosis.mean": 42.333988189697266, "lowlevel.melbands_kurtosis.stdev": 56.75761795043945, "lowlevel.melbands_skewness.mean": 4.549620628356934, "lowlevel.melbands_skewness.stdev": 2.9607181549072266, "lowlevel.melbands_spread.mean": 20.061695098876953, "lowlevel.melbands_spread.stdev": 26.770395278930664, "lowlevel.pitch_salience.mean": 0.5034213066101074, "lowlevel.pitch_salience.stdev": 0.11165738850831985, "lowlevel.silence_rate_20dB.mean": 1.0, "lowlevel.silence_rate_20dB.stdev": 0.0, "lowlevel.silence_rate_30dB.mean": 0.9448345303535461, "lowlevel.silence_rate_30dB.stdev": 0.22830410301685333, "lowlevel.silence_rate_60dB.mean": 0.03410230576992035, "lowlevel.silence_rate_60dB.stdev": 0.18149304389953613, "lowlevel.spectral_centroid.mean": 1228.735595703125, "lowlevel.spectral_centroid.stdev": 788.5133666992188, "lowlevel.spectral_complexity.mean": 16.52858543395996, "lowlevel.spectral_complexity.stdev": 10.137789726257324, "lowlevel.spectral_decrease.mean": -1.2420796835499459e-08, "lowlevel.spectral_decrease.stdev": 8.686958707926351e-09, "lowlevel.spectral_energy.mean": 0.04920204356312752, "lowlevel.spectral_energy.stdev": 0.03355199098587036, "lowlevel.spectral_energyband_high.mean": 0.0012681928928941488, "lowlevel.spectral_energyband_high.stdev": 0.0016632394399493933, "lowlevel.spectral_energyband_low.mean": 0.02935619466006756, "lowlevel.spectral_energyband_low.stdev": 0.027810219675302505, "lowlevel.spectral_energyband_middle_high.mean": 0.006013562437146902, "lowlevel.spectral_energyband_middle_high.stdev": 0.008180337958037853, "lowlevel.spectral_energyband_middle_low.mean": 0.01539516355842352, "lowlevel.spectral_energyband_middle_low.stdev": 0.013706292025744915, "lowlevel.spectral_entropy.mean": 7.6913251876831055, "lowlevel.spectral_entropy.stdev": 0.43193942308425903, "lowlevel.spectral_flux.mean": 0.10811712592840195, "lowlevel.spectral_flux.stdev": 0.06813952326774597, "lowlevel.spectral_kurtosis.mean": 3.394293785095215, "lowlevel.spectral_kurtosis.stdev": 2.351900815963745, "lowlevel.spectral_rms.mean": 0.006473727524280548, "lowlevel.spectral_rms.stdev": 0.0024683866649866104, "lowlevel.spectral_rolloff.mean": 1287.6707763671875, "lowlevel.spectral_rolloff.stdev": 1949.39453125, "lowlevel.spectral_skewness.mean": 1.4377976655960083, "lowlevel.spectral_skewness.stdev": 0.5093151926994324, "lowlevel.spectral_spread.mean": 5755973.5, "lowlevel.spectral_spread.stdev": 2114403.0, "lowlevel.spectral_strongpeak.mean": 0.741642951965332, "lowlevel.spectral_strongpeak.stdev": 0.7394181489944458, "lowlevel.zerocrossingrate.mean": 0.057607393711805344, "lowlevel.zerocrossingrate.stdev": 0.04879458621144295, "metadata.audio_properties.analysis.equal_loudness": 0.0, "metadata.audio_properties.analysis.length": 23.124286651611328, "metadata.audio_properties.analysis.sample_rate": 44100.0, "metadata.audio_properties.analysis.start_time": 0.0, "metadata.audio_properties.bit_rate": 122711.0, "metadata.audio_properties.length": 23.125333786010742, "metadata.audio_properties.lossless": 0.0, "metadata.audio_properties.number_channels": 1.0, "metadata.audio_properties.replay_gain": -11.557998657226562, "metadata.audio_properties.sample_rate": 48000.0, "rhythm.beats_count": 33.0, "rhythm.beats_loudness.mean": 0.09250190854072571, "rhythm.beats_loudness.stdev": 0.04125764220952988, "rhythm.bpm": 86.66311645507812, "rhythm.bpm_histogram_first_peak_bpm": 88.0, "rhythm.bpm_histogram_first_peak_weight": 0.48275864124298096, "rhythm.bpm_histogram_second_peak_bpm": 83.0, "rhythm.bpm_histogram_second_peak_spread": 0.0, "rhythm.bpm_histogram_second_peak_weight": 0.09375, "rhythm.danceability": 1.5484635829925537, "rhythm.onset_rate": 5.6182966232299805, "tonal.chords_changes_rate": 0.12825651466846466, "tonal.chords_number_rate": 0.016032064333558083, "tonal.chords_strength.mean": 0.4773075580596924, "tonal.chords_strength.stdev": 0.03883814439177513, "tonal.hpcp_crest.mean": 13.037178993225098, "tonal.hpcp_crest.stdev": 6.006887912750244, "tonal.hpcp_entropy.mean": 2.2312519550323486, "tonal.hpcp_entropy.stdev": 0.7776520252227783, "tonal.key_edma.strength": 0.6018966436386108, "tonal.key_krumhansl.strength": 0.5885177850723267, "tonal.key_temperley.strength": 0.5593711733818054, "tonal.tuning_diatonic_strength": 0.4828300178050995, "tonal.tuning_equal_tempered_deviation": 0.19276106357574463, "tonal.tuning_frequency": 444.5986328125, "tonal.tuning_nontempered_energy_ratio": 0.7925744652748108, "lowlevel.barkbands.mean": [0.0002056617959169671, 0.021950211375951767, 0.004531171638518572, 0.006409448571503162, 0.00231799460016191, 0.0024526151828467846, 0.0017946917796507478, 0.0010012973798438907, 0.0011293612187728286, 0.0012750773457810283, 0.0010579138761386275, 0.0008467336883768439, 0.0005987330805510283, 0.0005178305436857045, 0.00033047125907614827, 0.0004641848208848387, 0.0004303489113226533, 0.0002747794787865132, 0.00022607356368098408, 0.0002244872011942789, 0.0001748663344187662, 0.0002819696383085102, 0.00018152738630305976, 0.00026368536055088043, 0.00016789123765192926, 8.855063788359985e-05, 4.500512204685947e-06], "lowlevel.barkbands.stdev": [0.0005472933407872915, 0.022588152438402176, 0.007852998562157154, 0.006529148668050766, 0.0046252235770225525, 0.005436860024929047, 0.004400473553687334, 0.003133847378194332, 0.003445514477789402, 0.003736911341547966, 0.003232823684811592, 0.0023953181225806475, 0.0014235712587833405, 0.0013331485679373145, 0.0008208091603592038, 0.0009379118564538658, 0.0007365727215074003, 0.0005346669349819422, 0.0004544625408016145, 0.00037288106977939606, 0.0003563850768841803, 0.0005394030595198274, 0.0002755872264970094, 0.0005035428912378848, 0.0003131476405542344, 0.00016431199037469923, 1.1507660929055419e-05], "lowlevel.erbbands.mean": [0.28739455342292786, 5.8406291007995605, 8.712223052978516, 12.492301940917969, 15.507194519042969, 6.807779788970947, 13.720534324645996, 19.77008819580078, 26.819726943969727, 20.661678314208984, 26.2034969329834, 24.366374969482422, 32.14503860473633, 47.92662811279297, 36.90426254272461, 34.06759262084961, 27.84614372253418, 27.263675689697266, 20.092350006103516, 21.430057525634766, 24.958101272583008, 24.808107376098633, 15.333730697631836, 14.321882247924805, 10.422884941101074, 10.823081016540527, 7.3777923583984375, 7.417102336883545, 10.546721458435059, 7.387170314788818, 4.835270404815674, 4.9859113693237305, 4.59981632232666, 2.3767106533050537, 0.9079602360725403, 0.397426038980484, 0.1685141623020172, 0.025138698518276215, 0.0006114416173659265, 7.640911644557491e-05], "lowlevel.erbbands.stdev": [0.49872997403144836, 5.630734443664551, 9.261909484863281, 14.4216890335083, 18.977489471435547, 16.446720123291016, 41.50289535522461, 43.752723693847656, 66.69097900390625, 56.936195373535156, 83.13212585449219, 71.49267578125, 73.69729614257812, 162.2630615234375, 100.57231140136719, 91.25615692138672, 62.26287078857422, 62.36432647705078, 50.86845016479492, 47.22110366821289, 43.014766693115234, 42.23210906982422, 28.03434181213379, 33.30727005004883, 17.91571044921875, 18.1496524810791, 13.375588417053223, 16.02223014831543, 21.817792892456055, 10.948161125183105, 7.7586445808410645, 8.816377639770508, 9.473000526428223, 4.776028156280518, 1.6238833665847778, 0.7463520765304565, 0.32603511214256287, 0.04950719326734543, 0.0011857275385409594, 5.457615407067351e-05], "lowlevel.gfcc.mean": [16.461355209350586, 74.40406036376953, -90.95294952392578, 44.98249816894531, -45.80630874633789, 30.036235809326172, -37.71025085449219, 10.94852066040039, -24.33493423461914, 0.3793103098869324, -19.931909561157227, 0.6397596597671509, -16.770307540893555], "lowlevel.melbands.mean": [0.004507347010076046, 0.005999354645609856, 0.0023846812546253204, 0.0007141699898056686, 0.00042229355312883854, 0.00046563640353269875, 0.0003920196322724223, 0.0002126195904565975, 0.0002235788997495547, 0.0001465139357605949, 0.00016115844482555985, 0.00019530985446181148, 0.00013446090451907367, 9.464015602134168e-05, 7.912537694210187e-05, 5.6336077250307426e-05, 4.9702513933880255e-05, 3.4281631087651476e-05, 2.482012496329844e-05, 3.258511424064636e-05, 2.7874395527760498e-05, 2.756776666501537e-05, 1.6939377019298263e-05, 1.210542814078508e-05, 1.1772041943913791e-05, 7.250912858580705e-06, 8.084635737759527e-06, 6.894107627886115e-06, 4.47802449343726e-06, 4.251617156114662e-06, 4.345392426330363e-06, 6.206874786585104e-06, 5.164570211491082e-06, 3.7130778309801826e-06, 2.7488849809742533e-06, 2.5605397695471765e-06, 3.3362423437210964e-06, 3.578488303901395e-06, 2.471301286277594e-06, 1.8074480294671957e-06], "lowlevel.melbands.stdev": [0.005432360339909792, 0.005450055003166199, 0.0025560203939676285, 0.0012006447650492191, 0.0011383147211745381, 0.0009638118208386004, 0.0009422957664355636, 0.0005959659465588629, 0.000745671393815428, 0.0004253592051099986, 0.00037701785913668573, 0.0006677457713522017, 0.0003752053016796708, 0.00027940943255089223, 0.0002394718467257917, 0.00011783857917180285, 0.0001241932186530903, 9.95613809209317e-05, 6.330109317786992e-05, 7.407594239339232e-05, 4.743670069728978e-05, 5.150403012521565e-05, 3.0258550395956263e-05, 2.5065961381187662e-05, 2.974183007609099e-05, 1.3552076779888012e-05, 1.5359424651251175e-05, 1.2123625310778152e-05, 8.128069566737395e-06, 9.310183486377355e-06, 9.884187420539092e-06, 1.39324529300211e-05, 8.734835319046397e-06, 5.458980467665242e-06, 4.572904799715616e-06, 4.328471732151229e-06, 6.168840172904311e-06, 7.321706107177306e-06, 5.480024810822215e-06, 3.551896952558309e-06], "lowlevel.melbands128.mean": [0.00014247666695155203, 0.0009704070398584008, 0.006058576982468367, 0.011716133914887905, 0.006417424883693457, 0.0017822528025135398, 0.002300241496413946, 0.0034778097178786993, 0.0013041706988587976, 0.0004658845136873424, 0.00032093250774778426, 0.00026220077415928245, 0.00048701633932068944, 0.0005871562170796096, 0.0004245028831064701, 0.00039926625322550535, 0.0005056624650023878, 0.0003866839106194675, 0.0002635974087752402, 0.00022813952818978578, 0.00017702108016237617, 0.00019610188610386103, 0.0002489894686732441, 0.00023603811860084534, 0.00014359505439642817, 0.0001149190793512389, 0.00013242365093901753, 0.00016086752293631434, 0.00019562164379749447, 0.0001845238293753937, 0.00021216890309005976, 0.00018125699716620147, 0.00013189800665713847, 9.799891267903149e-05, 9.755689825396985e-05, 9.405305900145322e-05, 8.801869989838451e-05, 9.04101034393534e-05, 6.521857721963897e-05, 5.2615512686315924e-05, 5.414155384642072e-05, 6.243627285584807e-05, 4.7059562348295e-05, 4.750671359943226e-05, 4.379508754936978e-05, 3.082010516664013e-05, 2.4586384824942797e-05, 2.1388208551798016e-05, 2.6911162422038615e-05, 2.9745713618467562e-05, 3.472001844784245e-05, 3.4649121516849846e-05, 2.7215946829528548e-05, 2.573070378275588e-05, 2.6518162485444918e-05, 3.2960055250441656e-05, 2.2997477572062053e-05, 1.8315273337066174e-05, 1.5570709365420043e-05, 1.2050643817929085e-05, 1.1132625331811141e-05, 1.2146594599471428e-05, 1.4529345207847655e-05, 1.1447226825112011e-05, 8.195213013095781e-06, 6.592385489057051e-06, 7.024770638963673e-06, 7.235336852318142e-06, 8.679743586981203e-06, 8.911766599339899e-06, 7.4808631325140595e-06, 5.371779934648657e-06, 4.794707365363138e-06, 4.3149875637027435e-06, 4.167640327068511e-06, 4.591695415001595e-06, 4.191492280369857e-06, 3.5230702906119404e-06, 4.103394076082623e-06, 5.241865892458009e-06, 6.444986411224818e-06, 6.638070317421807e-06, 6.013518486724934e-06, 5.056322606833419e-06, 4.420267941895872e-06, 3.980737801612122e-06, 3.4896711440524086e-06, 3.0451076327153714e-06, 2.7529720227903454e-06, 2.4308308184117777e-06, 2.641010269144317e-06, 2.574342488514958e-06, 2.4588814540038584e-06, 3.297531975476886e-06, 3.8388511711673345e-06, 4.133659786020871e-06, 3.4460269944247557e-06, 2.9460327368724393e-06, 2.28474527830258e-06, 2.394260491200839e-06, 2.3470747692044824e-06, 1.6115933476612554e-06, 1.3236442555353278e-06, 1.2137229532527272e-06, 9.599511940905359e-07, 8.274546985376219e-07, 7.930947276690858e-07, 6.735809847668861e-07, 6.163301122796838e-07, 6.796739739911573e-07, 7.094222382875159e-07, 5.826892675031559e-07, 5.786998826806666e-07, 4.5713906615674205e-07, 3.610702492551354e-07, 2.6642470629667514e-07, 1.5469203162865597e-07, 3.981041629685933e-08, 2.632807305502638e-09, 2.7897829879552916e-11, 3.8210285630002616e-11, 1.158196021727731e-11, 6.4468031607534115e-12, 6.3129987348808925e-12, 6.176972561916516e-12, 6.023774794944314e-12, 5.931365641698161e-12, 5.8915984070539995e-12], "lowlevel.melbands128.stdev": [0.0004971191519871354, 0.0033099735155701637, 0.008349304087460041, 0.010512631386518478, 0.006011246703565121, 0.0037752308417111635, 0.0030772979371249676, 0.003503775456920266, 0.0019592978060245514, 0.0014998289989307523, 0.001016766531392932, 0.0007043654331937432, 0.0018550092354416847, 0.001754739205352962, 0.0012760215904563665, 0.0012221335200592875, 0.0014852798776701093, 0.0012065751943737268, 0.0009363943245261908, 0.0008498967508785427, 0.0007407630910165608, 0.0007941605290398002, 0.0010270453058183193, 0.0011022720718756318, 0.0005304311052896082, 0.0004922446678392589, 0.00046230806037783623, 0.0004866478848271072, 0.0005806786939501762, 0.00092214165488258, 0.001000695046968758, 0.0006611273274756968, 0.0004874423029832542, 0.0004105644184164703, 0.00041114736814051867, 0.00036586145870387554, 0.00033564752084203064, 0.00037723194691352546, 0.0002581199223641306, 0.00015881191939115524, 0.00013043599028605968, 0.0001684825256234035, 0.00015939139120746404, 0.0001834134163800627, 0.00016514892922714353, 0.00013792645768262446, 7.928345439722762e-05, 6.803694122936577e-05, 0.00010327195195714012, 7.504061795771122e-05, 0.00010576316708466038, 8.824645192362368e-05, 5.9911839343840256e-05, 4.933550371788442e-05, 5.6961693189805374e-05, 7.994726183824241e-05, 4.456852184375748e-05, 3.779893813771196e-05, 3.369511614437215e-05, 2.7592552214628085e-05, 2.6292706024833024e-05, 2.6917075956589542e-05, 4.619493483914994e-05, 3.1776176911080256e-05, 1.930576399900019e-05, 1.4475916941592004e-05, 1.5256586266332306e-05, 1.4847852071397938e-05, 1.9587059796322137e-05, 1.9097598851658404e-05, 1.6002592019503936e-05, 1.0924014532065485e-05, 9.643943485571072e-06, 8.777968105277978e-06, 8.825770237308461e-06, 1.0709688467613887e-05, 1.1033611372113228e-05, 8.137682016240433e-06, 9.946192221832462e-06, 1.4140938219497912e-05, 1.5528059520875104e-05, 1.6286130630760454e-05, 1.257131589227356e-05, 8.68929873831803e-06, 8.21391131466953e-06, 6.563464012288023e-06, 5.245024112809915e-06, 4.843675014853943e-06, 5.430728378996719e-06, 4.51076311946963e-06, 4.647401965485187e-06, 4.768847247760277e-06, 4.848132903134683e-06, 6.722787929902552e-06, 7.6020442065782845e-06, 8.05282707005972e-06, 7.675814231333788e-06, 7.86584223533282e-06, 5.3525891416938975e-06, 5.577509909926448e-06, 5.163758032722399e-06, 3.1922600101097487e-06, 2.60371984950325e-06, 2.6001296191680012e-06, 1.946349811987602e-06, 1.6228847243837663e-06, 1.5370056871688575e-06, 1.358720510324929e-06, 1.2716621995423338e-06, 1.6364404018531786e-06, 1.5648370208509732e-06, 1.3104842082611867e-06, 1.2236379234309425e-06, 9.650090078139328e-07, 7.558417678410478e-07, 5.909259357395058e-07, 3.7033919397799764e-07, 1.4395527614396997e-07, 1.8531933321241922e-08, 5.683311599113949e-10, 9.606033746223375e-10, 1.4617577981379526e-10, 1.0336614376937892e-11, 1.0136226927248693e-11, 9.967763593687895e-12, 9.834154324206423e-12, 9.743479460755378e-12, 9.68765779402192e-12], "lowlevel.mfcc.mean": [-632.7106323242188, 104.9786376953125, 19.98923683166504, 24.45598793029785, 20.67359733581543, 17.611112594604492, 6.457381248474121, 11.45807933807373, 2.942345142364502, 0.911519467830658, -0.4323999881744385, 0.9426217675209045, 1.0244406461715698], "lowlevel.spectral_contrast_coeffs.mean": [-0.6478711366653442, -0.7573997974395752, -0.793986439704895, -0.8083292245864868, -0.8030189275741577, -0.7681831121444702], "lowlevel.spectral_contrast_coeffs.stdev": [0.06242134049534798, 0.09023212641477585, 0.0743248462677002, 0.05198248475790024, 0.04089036583900452, 0.04432086646556854], "lowlevel.spectral_contrast_valleys.mean": [-6.691835403442383, -7.0355119705200195, -7.341779708862305, -7.426458835601807, -7.494827747344971, -9.782819747924805], "lowlevel.spectral_contrast_valleys.stdev": [0.8784759044647217, 0.8081108927726746, 0.8017562031745911, 0.6466573476791382, 0.714382529258728, 0.8240604996681213], "rhythm.beats_loudness_band_ratio.mean": [0.7808972001075745, 0.05757706239819527, 0.08372189104557037, 0.06200221925973892, 0.019132664427161217, 0.014906704425811768], "rhythm.beats_loudness_band_ratio.stdev": [0.20177294313907623, 0.07268763333559036, 0.11742093414068222, 0.08242779970169067, 0.0373668372631073, 0.0143997548148036], "tonal.hpcp.mean": [0.04552607983350754, 0.04752444848418236, 0.04578114300966263, 0.04456665366888046, 0.04667859897017479, 0.05279116705060005, 0.055883459746837616, 0.04445773363113403, 0.037298791110515594, 0.03763723373413086, 0.03542923182249069, 0.03353865444660187, 0.042244940996170044, 0.05057566612958908, 0.04860813543200493, 0.05661535635590553, 0.07574725896120071, 0.08278250694274902, 0.07683432847261429, 0.12991327047348022, 0.570633053779602, 0.7288037538528442, 0.29933005571365356, 0.07600650191307068, 0.047238029539585114, 0.03857862949371338, 0.041274912655353546, 0.04457337036728859, 0.04386884346604347, 0.04492694139480591, 0.0469752699136734, 0.05252327024936676, 0.058188412338495255, 0.04863882437348366, 0.037397656589746475, 0.040484119206666946], "tonal.hpcp.stdev": [0.14347314834594727, 0.1456642597913742, 0.1406117081642151, 0.13929703831672668, 0.14189346134662628, 0.12054216861724854, 0.13639788329601288, 0.1291508823633194, 0.11330027878284454, 0.11974363029003143, 0.10358062386512756, 0.09803526103496552, 0.1437145620584488, 0.15484832227230072, 0.14265672862529755, 0.16393110156059265, 0.18809372186660767, 0.21580469608306885, 0.18661297857761383, 0.21358245611190796, 0.3272925019264221, 0.37118253111839294, 0.2655087113380432, 0.20044897496700287, 0.13962911069393158, 0.12716752290725708, 0.12349414825439453, 0.1327008306980133, 0.12725313007831573, 0.1314070075750351, 0.14034530520439148, 0.13842174410820007, 0.130320742726326, 0.12530925869941711, 0.10114777833223343, 0.1209903135895729], "rhythm.beats_position": [0.6965986490249634, 1.4164172410964966, 2.14784574508667, 2.867664337158203, 3.5758728981018066, 4.2724714279174805, 4.9690704345703125, 5.665668964385986, 6.36226749420166, 7.058866024017334, 7.732244968414307, 8.42884349822998, 9.125441551208496, 9.810430526733398, 10.4954195022583, 11.192017555236816, 11.877006530761719, 12.561995506286621, 13.258593559265137, 13.943582534790039, 14.628571510314941, 15.325169563293457, 16.01015853881836, 16.695146560668945, 17.391746520996094, 18.08834457397461, 18.773332595825195, 19.458322525024414, 20.15492057800293, 20.839908599853516, 21.5248966217041, 22.20988655090332, 22.894874572753906], "rhythm.bpm_histogram": [0.0, 0.0, 0.0, 0.0, 0.0, 0.0, 0.0, 0.0, 0.0, 0.0, 0.0, 0.0, 0.0, 0.0, 0.0, 0.0, 0.0, 0.0, 0.0, 0.0, 0.0, 0.0, 0.0, 0.0, 0.0, 0.0, 0.0, 0.0, 0.0, 0.0, 0.0, 0.0, 0.0, 0.0, 0.0, 0.0, 0.0, 0.0, 0.0, 0.0, 0.0, 0.0, 0.0, 0.0, 0.0, 0.0, 0.0, 0.0, 0.0, 0.0, 0.0, 0.0, 0.0, 0.0, 0.0, 0.0, 0.0, 0.0, 0.0, 0.0, 0.0, 0.0, 0.0, 0.0, 0.0, 0.0, 0.0, 0.0, 0.0, 0.0, 0.0, 0.0, 0.0, 0.0, 0.0, 0.0, 0.0, 0.0, 0.0, 0.0, 0.0, 0.0, 0.03125, 0.0625, 0.0, 0.03125, 0.40625, 0.0, 0.4375, 0.03125, 0.0, 0.0, 0.0, 0.0, 0.0, 0.0, 0.0, 0.0, 0.0, 0.0, 0.0, 0.0, 0.0, 0.0, 0.0, 0.0, 0.0, 0.0, 0.0, 0.0, 0.0, 0.0, 0.0, 0.0, 0.0, 0.0, 0.0, 0.0, 0.0, 0.0, 0.0, 0.0, 0.0, 0.0, 0.0, 0.0, 0.0, 0.0, 0.0, 0.0, 0.0, 0.0, 0.0, 0.0, 0.0, 0.0, 0.0, 0.0, 0.0, 0.0, 0.0, 0.0, 0.0, 0.0, 0.0, 0.0, 0.0, 0.0, 0.0, 0.0, 0.0, 0.0, 0.0, 0.0, 0.0, 0.0, 0.0, 0.0, 0.0, 0.0, 0.0, 0.0, 0.0, 0.0, 0.0, 0.0, 0.0, 0.0, 0.0, 0.0, 0.0, 0.0, 0.0, 0.0, 0.0, 0.0, 0.0, 0.0, 0.0, 0.0, 0.0, 0.0, 0.0, 0.0, 0.0, 0.0, 0.0, 0.0, 0.0, 0.0, 0.0, 0.0, 0.0, 0.0, 0.0, 0.0, 0.0, 0.0, 0.0, 0.0, 0.0, 0.0, 0.0, 0.0, 0.0, 0.0, 0.0, 0.0, 0.0, 0.0, 0.0, 0.0, 0.0, 0.0, 0.0, 0.0, 0.0, 0.0, 0.0, 0.0, 0.0, 0.0, 0.0, 0.0, 0.0, 0.0, 0.0, 0.0, 0.0, 0.0, 0.0, 0.0, 0.0, 0.0, 0.0, 0.0, 0.0, 0.0, 0.0, 0.0, 0.0, 0.0, 0.0, 0.0, 0.0, 0.0, 0.0, 0.0, 0.0, 0.0], "tonal.chords_histogram": [3.6072144508361816, 16.03206443786621, 13.426854133605957, 0.0, 0.0, 0.0, 0.0, 2.4048097133636475, 39.8797607421875, 16.232465744018555, 0.0, 0.0, 0.0, 0.0, 0.0, 0.0, 0.0, 0.0, 5.0100202560424805, 3.406813621520996, 0.0, 0.0, 0.0, 0.0], "tonal.thpcp": [1.0, 0.41071420907974243, 0.10428939759731293, 0.06481584161520004, 0.052934180945158005, 0.056633781641721725, 0.061159633100032806, 0.06019294261932373, 0.0616447739303112, 0.0644553080201149, 0.07206778228282928, 0.07984098792076111, 0.06673789024353027, 0.05131375417113304, 0.05554872378706932, 0.062466856092214584, 0.06520884484052658, 0.06281682848930359, 0.06115041673183441, 0.06404823809862137, 0.07243536412715912, 0.0766783356666565, 0.06100096553564072, 0.05117810145020485, 0.05164248123764992, 0.04861285537481308, 0.04601877182722092, 0.05796476826071739, 0.06939545273780823, 0.06669577956199646, 0.07768257707357407, 0.10393368452787399, 0.11358682811260223, 0.10542526096105576, 0.17825548350811005, 0.7829721570014954], "lowlevel.gfcc.cov": [[3513.686767578125, 111.21348571777344, -163.81936645507812, -122.3224105834961, -107.98394775390625, 47.073036193847656, 138.44276428222656, 220.60330200195312, 74.73782348632812, 111.954345703125, 9.548301696777344, 99.29440307617188, -5.601706504821777], [111.21348571777344, 1677.849609375, -300.5790710449219, -233.1931610107422, 125.70977020263672, -164.35427856445312, 291.3370666503906, 52.794979095458984, 149.20811462402344, -36.48102569580078, 233.62220764160156, -98.17333984375, 126.99361419677734], [-163.81936645507812, -300.5790710449219, 1019.1329956054688, 336.825927734375, 177.8388671875, 200.46629333496094, -41.94533920288086, 29.239295959472656, -7.720897197723389, 111.71497344970703, -27.549463272094727, 70.39363098144531, -25.223308563232422], [-122.3224105834961, -233.1931610107422, 336.825927734375, 792.1153564453125, 308.27740478515625, 32.258079528808594, 43.85531997680664, 10.170182228088379, 7.536458969116211, 32.368919372558594, -27.52370834350586, -2.875187635421753, 49.13182830810547], [-107.98394775390625, 125.70977020263672, 177.8388671875, 308.27740478515625, 412.3411560058594, 84.98164367675781, 140.06300354003906, 82.71538543701172, 21.441444396972656, 38.86907958984375, -9.34878158569336, -42.3569450378418, 13.808561325073242], [47.073036193847656, -164.35427856445312, 200.46629333496094, 32.258079528808594, 84.98164367675781, 267.7877502441406, 109.29898071289062, 61.596622467041016, -8.493841171264648, 9.825207710266113, -16.11221694946289, -9.330649375915527, -23.541725158691406], [138.44276428222656, 291.3370666503906, -41.94533920288086, 43.85531997680664, 140.06300354003906, 109.29898071289062, 327.7156982421875, 136.0559539794922, 14.119829177856445, -22.610469818115234, 23.560848236083984, -46.114410400390625, 9.45392894744873], [220.60330200195312, 52.794979095458984, 29.239295959472656, 10.170182228088379, 82.71538543701172, 61.596622467041016, 136.0559539794922, 197.03428649902344, 58.67216110229492, 15.901436805725098, -12.345426559448242, -24.26630973815918, -8.647226333618164], [74.73782348632812, 149.20811462402344, -7.720897197723389, 7.536458969116211, 21.441444396972656, -8.493841171264648, 14.119829177856445, 58.67216110229492, 150.01785278320312, 42.40614318847656, 23.988418579101562, -7.618838787078857, 11.459127426147461], [111.954345703125, -36.48102569580078, 111.71497344970703, 32.368919372558594, 38.86907958984375, 9.825207710266113, -22.610469818115234, 15.901436805725098, 42.40614318847656, 112.23273468017578, 12.351099014282227, 8.452957153320312, -16.613704681396484], [9.548301696777344, 233.62220764160156, -27.549463272094727, -27.52370834350586, -9.34878158569336, -16.11221694946289, 23.560848236083984, -12.345426559448242, 23.988418579101562, 12.351099014282227, 106.11275482177734, 12.765498161315918, 13.704263687133789], [99.29440307617188, -98.17333984375, 70.39363098144531, -2.875187635421753, -42.3569450378418, -9.330649375915527, -46.114410400390625, -24.26630973815918, -7.618838787078857, 8.452957153320312, 12.765498161315918, 103.99649810791016, 12.746121406555176], [-5.601706504821777, 126.99361419677734, -25.223308563232422, 49.13182830810547, 13.808561325073242, -23.541725158691406, 9.45392894744873, -8.647226333618164, 11.459127426147461, -16.613704681396484, 13.704263687133789, 12.746121406555176, 88.13670349121094]], "lowlevel.gfcc.icov": [[0.0003771035117097199, -0.00021969694353174418, 0.00022115258616395295, -0.00019305775640532374, 0.0003432074736338109, -0.00030606353539042175, 9.10704693524167e-05, -0.0005764912930317223, 0.00027452214271761477, -0.0006753740599378943, 0.0004314507532399148, -0.0007044731755740941, 0.00018137574079446495], [-0.00021969694353174418, 0.00264146039262414, -0.0007624134887009859, 0.0016768095083534718, -0.0015731478342786431, 0.0026516723446547985, -0.00245350762270391, 0.0015169567195698619, -0.0020450130105018616, 0.001583899138495326, -0.004264100454747677, 0.002713433699682355, -0.0027710916474461555], [0.00022115258616395295, -0.0007624134887009859, 0.002029434312134981, -0.0011183576425537467, 0.00032317370641976595, -0.0021323885302990675, 0.001398633816279471, -0.001010884647257626, 0.0010521564399823546, -0.0018912985688075423, 0.0012663407251238823, -0.0020649125799536705, 0.0010558252688497305], [-0.00019305775640532374, 0.0016768095083534718, -0.0011183576425537467, 0.0032250317744910717, -0.002518764464184642, 0.00222862814553082, -0.0016732246149331331, 0.0015922653255984187, -0.0014984306180849671, 0.0013000144390389323, -0.002133712638169527, 0.0017955260118469596, -0.002708618761971593], [0.0003432074736338109, -0.0015731478342786431, 0.00032317370641976595, -0.002518764464184642, 0.005608394276350737, -0.001982989953830838, 7.175258360803127e-05, -0.0017389351269230247, 0.0014815926551818848, -0.0026032794266939163, 0.0027183701749891043, -0.0005254842108115554, 0.001168410643003881], [-0.00030606353539042175, 0.0026516723446547985, -0.0021323885302990675, 0.00222862814553082, -0.001982989953830838, 0.008445256389677525, -0.004493564832955599, 0.0016000941395759583, -0.0019026573281735182, 0.0020790717098861933, -0.0034373828675597906, 0.0029582784045487642, -0.0017414079047739506], [9.10704693524167e-05, -0.00245350762270391, 0.001398633816279471, -0.0016732246149331331, 7.175258360803127e-05, -0.004493564832955599, 0.008751067332923412, -0.005135714076459408, 0.003014909802004695, 0.00014292880950961262, 0.0013235713122412562, -0.0012656917097046971, 0.0018321359530091286], [-0.0005764912930317223, 0.0015169567195698619, -0.001010884647257626, 0.0015922653255984187, -0.0017389351269230247, 0.0016000941395759583, -0.005135714076459408, 0.010769538581371307, -0.004949794616550207, 0.0011396839981898665, 0.00016496417811140418, 0.0019729030318558216, -0.0005445439601317048], [0.00027452214271761477, -0.0020450130105018616, 0.0010521564399823546, -0.0014984306180849671, 0.0014815926551818848, -0.0019026573281735182, 0.003014909802004695, -0.004949794616550207, 0.011115267872810364, -0.00478659151121974, 0.0011307246750220656, -0.00129335664678365, 0.00021490345534402877], [-0.0006753740599378943, 0.001583899138495326, -0.0018912985688075423, 0.0013000144390389323, -0.0026032794266939163, 0.0020790717098861933, 0.00014292880950961262, 0.0011396839981898665, -0.00478659151121974, 0.014536701142787933, -0.004377350676804781, 0.0017627832712605596, 0.0012567915255203843], [0.0004314507532399148, -0.004264100454747677, 0.0012663407251238823, -0.002133712638169527, 0.0027183701749891043, -0.0034373828675597906, 0.0013235713122412562, 0.00016496417811140418, 0.0011307246750220656, -0.004377350676804781, 0.01856316067278385, -0.006172194145619869, 0.0032875712495297194], [-0.0007044731755740941, 0.002713433699682355, -0.0020649125799536705, 0.0017955260118469596, -0.0005254842108115554, 0.0029582784045487642, -0.0012656917097046971, 0.0019729030318558216, -0.00129335664678365, 0.0017627832712605596, -0.006172194145619869, 0.015393652021884918, -0.005110563710331917], [0.00018137574079446495, -0.0027710916474461555, 0.0010558252688497305, -0.002708618761971593, 0.001168410643003881, -0.0017414079047739506, 0.0018321359530091286, -0.0005445439601317048, 0.00021490345534402877, 0.0012567915255203843, 0.0032875712495297194, -0.005110563710331917, 0.016701120883226395]], "lowlevel.mfcc.cov": [[3564.64404296875, 146.8251953125, -358.5804138183594, -127.91191101074219, -279.1943359375, -132.5358123779297, -25.015174865722656, 114.24522399902344, 65.8910140991211, 66.97164916992188, 63.23295593261719, 33.82804870605469, 104.25310516357422], [146.8251953125, 1577.9293212890625, -305.2060852050781, -161.2957305908203, -191.913330078125, -148.2580108642578, 80.22978973388672, 49.62579345703125, -23.240928649902344, 133.1585693359375, 40.06687545776367, 31.526742935180664, 124.12364959716797], [-358.5804138183594, -305.2060852050781, 766.1803588867188, 98.92395782470703, 197.25863647460938, 140.8649139404297, 12.628113746643066, -16.798768997192383, 9.614815711975098, -33.991981506347656, 14.804548263549805, 29.351726531982422, 16.976102828979492], [-127.91191101074219, -161.2957305908203, 98.92395782470703, 688.7177124023438, 241.5130615234375, 137.3123016357422, 96.59942626953125, 12.708076477050781, 93.83151245117188, 5.586907863616943, 16.066701889038086, 44.39790344238281, -27.854928970336914], [-279.1943359375, -191.913330078125, 197.25863647460938, 241.5130615234375, 332.0874938964844, 131.62628173828125, 37.0099983215332, -16.68904685974121, 57.048316955566406, 21.026697158813477, 13.700987815856934, 28.08670997619629, -7.191973686218262], [-132.5358123779297, -148.2580108642578, 140.8649139404297, 137.3123016357422, 131.62628173828125, 223.82565307617188, 105.11903381347656, 16.55998992919922, 38.424163818359375, -4.025503158569336, 20.581390380859375, 25.34433937072754, -21.786394119262695], [-25.015174865722656, 80.22978973388672, 12.628113746643066, 96.59942626953125, 37.0099983215332, 105.11903381347656, 292.6664123535156, 119.18484497070312, 84.99253845214844, 53.42506408691406, 39.39077377319336, 28.965709686279297, -21.608619689941406], [114.24522399902344, 49.62579345703125, -16.798768997192383, 12.708076477050781, -16.68904685974121, 16.55998992919922, 119.18484497070312, 175.84426879882812, 79.11087036132812, 36.836341857910156, 26.494260787963867, 17.610031127929688, 9.6784086227417], [65.8910140991211, -23.240928649902344, 9.614815711975098, 93.83151245117188, 57.048316955566406, 38.424163818359375, 84.99253845214844, 79.11087036132812, 179.1225128173828, 74.91891479492188, 25.55535888671875, 31.67842674255371, -3.225095272064209], [66.97164916992188, 133.1585693359375, -33.991981506347656, 5.586907863616943, 21.026697158813477, -4.025503158569336, 53.42506408691406, 36.836341857910156, 74.91891479492188, 131.75636291503906, 56.22464370727539, 23.45513916015625, 8.922843933105469], [63.23295593261719, 40.06687545776367, 14.804548263549805, 16.066701889038086, 13.700987815856934, 20.581390380859375, 39.39077377319336, 26.494260787963867, 25.55535888671875, 56.22464370727539, 104.86992645263672, 45.47738265991211, 0.34325435757637024], [33.82804870605469, 31.526742935180664, 29.351726531982422, 44.39790344238281, 28.08670997619629, 25.34433937072754, 28.965709686279297, 17.610031127929688, 31.67842674255371, 23.45513916015625, 45.47738265991211, 90.42739868164062, 32.98163604736328], [104.25310516357422, 124.12364959716797, 16.976102828979492, -27.854928970336914, -7.191973686218262, -21.786394119262695, -21.608619689941406, 9.6784086227417, -3.225095272064209, 8.922843933105469, 0.34325435757637024, 32.98163604736328, 93.05376434326172]], "lowlevel.mfcc.icov": [[0.000336858764057979, 6.688325811410323e-05, 0.000126354192616418, -4.912445729132742e-05, 0.0002932352654170245, -1.7831825971370563e-05, 7.263287989189848e-05, -0.00011165936302859336, -0.0001475500757806003, -3.9532838854938745e-05, -0.0002690314722713083, 0.00012674863683059812, -0.0005026583094149828], [6.688325811410323e-05, 0.0009745710995048285, 0.0002548943739384413, -4.2343352106399834e-05, 0.000377946300432086, 0.000323799264151603, -0.0005543137667700648, 0.0001436306192772463, 0.0005059964023530483, -0.001031316933222115, 1.8669195469556144e-06, 0.00011334277223795652, -0.0013964708195999265], [0.000126354192616418, 0.0002548943739384413, 0.001799962017685175, 0.00016248862084466964, -0.0007286121253855526, -0.0006192343425936997, 1.2868640624219552e-05, 2.0405117538757622e-05, -3.070834281970747e-05, 0.0005352985463105142, -0.0005850329180248082, 0.00014566077152267098, -0.0010635858634486794], [-4.912445729132742e-05, -4.2343352106399834e-05, 0.00016248862084466964, 0.0021778985392302275, -0.0014655496925115585, -0.00018865008314605802, -0.0003862857702188194, 0.0002484629803802818, -0.0007828437956050038, 0.0008455395000055432, 3.192883377778344e-05, -0.0006835439708083868, 0.000594774610362947], [0.0002932352654170245, 0.000377946300432086, -0.0007286121253855526, -0.0014655496925115585, 0.005970439407974482, -0.0020755501464009285, 0.00047858592006377876, 0.000829019583761692, -0.0005914670182392001, -0.0018639503978192806, 0.0004048009286634624, -3.198706326656975e-05, -0.000969953543972224], [-1.7831825971370563e-05, 0.000323799264151603, -0.0006192343425936997, -0.00018865008314605802, -0.0020755501464009285, 0.008047614246606827, -0.002962555503472686, 0.0008859854424372315, -0.00031125781242735684, 0.0017270406242460012, -0.0009362866403535008, -0.00076550297671929, 0.0006865893374197185], [7.263287989189848e-05, -0.0005543137667700648, 1.2868640624219552e-05, -0.0003862857702188194, 0.00047858592006377876, -0.002962555503472686, 0.006803964264690876, -0.0038547799922525883, -0.00022390720550902188, -0.0013039680197834969, 0.00034376324038021266, -0.0010037944884970784, 0.0023361288476735353], [-0.00011165936302859336, 0.0001436306192772463, 2.0405117538757622e-05, 0.0002484629803802818, 0.000829019583761692, 0.0008859854424372315, -0.0038547799922525883, 0.00995049998164177, -0.0036913135554641485, 0.001365365576930344, -0.001794582000002265, 0.0013680277625098825, -0.00239153066650033], [-0.0001475500757806003, 0.0005059964023530483, -3.070834281970747e-05, -0.0007828437956050038, -0.0005914670182392001, -0.00031125781242735684, -0.00022390720550902188, -0.0036913135554641485, 0.010841590352356434, -0.006305361166596413, 0.003204027656465769, -0.0029871745500713587, 0.0015022866427898407], [-3.9532838854938745e-05, -0.001031316933222115, 0.0005352985463105142, 0.0008455395000055432, -0.0018639503978192806, 0.0017270406242460012, -0.0013039680197834969, 0.001365365576930344, -0.006305361166596413, 0.015774408355355263, -0.007724377792328596, 0.0024667626712471247, -0.0011860672384500504], [-0.0002690314722713083, 1.8669195469556144e-06, -0.0005850329180248082, 3.192883377778344e-05, 0.0004048009286634624, -0.0009362866403535008, 0.00034376324038021266, -0.001794582000002265, 0.003204027656465769, -0.007724377792328596, 0.017405759543180466, -0.008831217885017395, 0.004411392379552126], [0.00012674863683059812, 0.00011334277223795652, 0.00014566077152267098, -0.0006835439708083868, -3.198706326656975e-05, -0.00076550297671929, -0.0010037944884970784, 0.0013680277625098825, -0.0029871745500713587, 0.0024667626712471247, -0.008831217885017395, 0.019402403384447098, -0.008265865966677666], [-0.0005026583094149828, -0.0013964708195999265, -0.0010635858634486794, 0.000594774610362947, -0.000969953543972224, 0.0006865893374197185, 0.0023361288476735353, -0.00239153066650033, 0.0015022866427898407, -0.0011860672384500504, 0.004411392379552126, -0.008265865966677666, 0.017500706017017365]], "metadata.audio_properties.analysis.downmix": "mix", "metadata.audio_properties.codec": "mp3", "metadata.audio_properties.md5_encoded": "61386d9217f28d6f78e20a43b00aebb1", "metadata.tags.file_name": "1183708702067409026.mp3", "metadata.version.essentia": "2.1-beta6-dev", "metadata.version.essentia_git_sha": "v2.1_beta5-1110-g77a6a954", "metadata.version.extractor": "music 2.0", "tonal.chords_key": "C#", "tonal.chords_scale": "minor", "tonal.key_edma.key": "A", "tonal.key_edma.scale": "minor", "tonal.key_krumhansl.key": "A", "tonal.key_krumhansl.scale": "minor", "tonal.key_temperley.key": "A", "tonal.key_temperley.scale": "minor", "metadata.tags.encoding": ["Lavf58.45.100"]}, "essentia_models": [{"model_name": "genre_dortmund", "activations": {"alternative": "0.014661297", "blues": "0.003792893", "electronic": "0.012305407", "folkcountry": "0.0038642816", "funksoulrnb": "0.014083284", "jazz": "0.0046219337", "pop": "0.004941669", "raphiphop": "0.85659456", "rock": "0.16657102"}}, {"model_name": "genre_rosamerica", "activations": {"classic": "0.0036041967", "dance": "0.00021203638", "hip hop": "0.8464459", "jazz": "0.00080333685", "pop": "0.029473204", "rhythm and blues": "0.022094723", "rock": "0.1047285", "speech": "0.020130942"}}, {"model_name": "genre_tzanetakis", "acti