{"song_id": "1183658835643211776", "download": "https://cdn.discordapp.com/attachments/1135903449314238464/1183658835643211776/chirp.mp4?ex=65892331&amp", "lyrics": "[verse]\nYo, sunn le mere bhai, aa gaya Raftaar\nDekh tu mere desi hip hop ka superstar\nChhod de sab ko, ab mera hi adda\nAa gaya toh baja, banaunga sabko sannata\n\n[chorus]\nMain hoon desi hip hop ka king, dikhaunga mera rap ka zor\nSeedha dil se bolunga, flex karunga likh ke score\nAa gaya Raftaar, sab pe chha gaya bawaal\nDekhne ka mauka hai, hila de tu sar pe, karde sambhaal", "style": ["Desi Hip hop"], "essentia_features": {"lowlevel.average_loudness": 0.04355853796005249, "lowlevel.barkbands_crest.mean": 12.834494590759277, "lowlevel.barkbands_crest.stdev": 5.56715202331543, "lowlevel.barkbands_flatness_db.mean": 0.25508713722229004, "lowlevel.barkbands_flatness_db.stdev": 0.13217037916183472, "lowlevel.barkbands_kurtosis.mean": 9.188448905944824, "lowlevel.barkbands_kurtosis.stdev": 30.084854125976562, "lowlevel.barkbands_skewness.mean": 0.5951948165893555, "lowlevel.barkbands_skewness.stdev": 2.6145050525665283, "lowlevel.barkbands_spread.mean": 15.267029762268066, "lowlevel.barkbands_spread.stdev": 12.617433547973633, "lowlevel.dissonance.mean": 0.4323354959487915, "lowlevel.dissonance.stdev": 0.06490865349769592, "lowlevel.dynamic_complexity": 24.196809768676758, "lowlevel.erbbands_crest.mean": 11.727581977844238, "lowlevel.erbbands_crest.stdev": 7.242032051086426, "lowlevel.erbbands_flatness_db.mean": 0.2786920964717865, "lowlevel.erbbands_flatness_db.stdev": 0.14688168466091156, "lowlevel.erbbands_kurtosis.mean": 2.0540125370025635, "lowlevel.erbbands_kurtosis.stdev": 7.612644672393799, "lowlevel.erbbands_skewness.mean": -0.11515743285417557, "lowlevel.erbbands_skewness.stdev": 1.2161240577697754, "lowlevel.erbbands_spread.mean": 25.7074031829834, "lowlevel.erbbands_spread.stdev": 21.571353912353516, "lowlevel.hfc.mean": 13.212367057800293, "lowlevel.hfc.stdev": 29.4492130279541, "lowlevel.loudness_ebu128.integrated": -12.918502807617188, "lowlevel.loudness_ebu128.loudness_range": 20.165931701660156, "lowlevel.loudness_ebu128.momentary.mean": -81.103271484375, "lowlevel.loudness_ebu128.momentary.stdev": 111.62969970703125, "lowlevel.loudness_ebu128.short_term.mean": -65.87646484375, "lowlevel.loudness_ebu128.short_term.stdev": 98.61832427978516, "lowlevel.melbands_crest.mean": 15.852177619934082, "lowlevel.melbands_crest.stdev": 9.459861755371094, "lowlevel.melbands_flatness_db.mean": 0.27051904797554016, "lowlevel.melbands_flatness_db.stdev": 0.1706056445837021, "lowlevel.melbands_kurtosis.mean": 20.231365203857422, "lowlevel.melbands_kurtosis.stdev": 75.93618774414062, "lowlevel.melbands_skewness.mean": 1.8082472085952759, "lowlevel.melbands_skewness.stdev": 3.4006307125091553, "lowlevel.melbands_spread.mean": 41.77158737182617, "lowlevel.melbands_spread.stdev": 50.21638107299805, "lowlevel.pitch_salience.mean": 0.5478600263595581, "lowlevel.pitch_salience.stdev": 0.2076527327299118, "lowlevel.silence_rate_20dB.mean": 0.9750869274139404, "lowlevel.silence_rate_20dB.stdev": 0.15586026012897491, "lowlevel.silence_rate_30dB.mean": 0.8986095190048218, "lowlevel.silence_rate_30dB.stdev": 0.3018452227115631, "lowlevel.silence_rate_60dB.mean": 0.6714947819709778, "lowlevel.silence_rate_60dB.stdev": 0.4696696698665619, "lowlevel.spectral_centroid.mean": 3322.46533203125, "lowlevel.spectral_centroid.stdev": 4063.722900390625, "lowlevel.spectral_complexity.mean": 5.8742756843566895, "lowlevel.spectral_complexity.stdev": 8.063973426818848, "lowlevel.spectral_decrease.mean": -8.442469834335498e-09, "lowlevel.spectral_decrease.stdev": 2.2372137920001478e-08, "lowlevel.spectral_energy.mean": 0.03306221589446068, "lowlevel.spectral_energy.stdev": 0.08551724255084991, "lowlevel.spectral_energyband_high.mean": 0.0005830342415720224, "lowlevel.spectral_energyband_high.stdev": 0.0025318460538983345, "lowlevel.spectral_energyband_low.mean": 0.02500913105905056, "lowlevel.spectral_energyband_low.stdev": 0.07959359139204025, "lowlevel.spectral_energyband_middle_high.mean": 0.003589172614738345, "lowlevel.spectral_energyband_middle_high.stdev": 0.008968868292868137, "lowlevel.spectral_energyband_middle_low.mean": 0.004053502809256315, "lowlevel.spectral_energyband_middle_low.stdev": 0.012970024719834328, "lowlevel.spectral_entropy.mean": 7.197335720062256, "lowlevel.spectral_entropy.stdev": 1.6332284212112427, "lowlevel.spectral_flux.mean": 0.05985068902373314, "lowlevel.spectral_flux.stdev": 0.10585104674100876, "lowlevel.spectral_kurtosis.mean": 17.662065505981445, "lowlevel.spectral_kurtosis.stdev": 23.914318084716797, "lowlevel.spectral_rms.mean": 0.0030925374012440443, "lowlevel.spectral_rms.stdev": 0.004763615317642689, "lowlevel.spectral_rolloff.mean": 5191.00927734375, "lowlevel.spectral_rolloff.stdev": 7219.30126953125, "lowlevel.spectral_skewness.mean": 2.207258701324463, "lowlevel.spectral_skewness.stdev": 1.8528105020523071, "lowlevel.spectral_spread.mean": 11111360.0, "lowlevel.spectral_spread.stdev": 15492652.0, "lowlevel.spectral_strongpeak.mean": 0.6737499833106995, "lowlevel.spectral_strongpeak.stdev": 1.0986676216125488, "lowlevel.zerocrossingrate.mean": 0.15107496082782745, "lowlevel.zerocrossingrate.stdev": 0.18750537931919098, "metadata.audio_properties.analysis.equal_loudness": 0.0, "metadata.audio_properties.analysis.length": 40.04265213012695, "metadata.audio_properties.analysis.sample_rate": 44100.0, "metadata.audio_properties.analysis.start_time": 0.0, "metadata.audio_properties.bit_rate": 96417.0, "metadata.audio_properties.length": 40.042667388916016, "metadata.audio_properties.lossless": 0.0, "metadata.audio_properties.number_channels": 1.0, "metadata.audio_properties.replay_gain": -11.136302947998047, "metadata.audio_properties.sample_rate": 48000.0, "rhythm.beats_count": 68.0, "rhythm.beats_loudness.mean": 0.05887706205248833, "rhythm.beats_loudness.stdev": 0.13824814558029175, "rhythm.bpm": 109.24700927734375, "rhythm.bpm_histogram_first_peak_bpm": 110.0, "rhythm.bpm_histogram_first_peak_weight": 0.39393937587738037, "rhythm.bpm_histogram_second_peak_bpm": 94.0, "rhythm.bpm_histogram_second_peak_spread": 0.625, "rhythm.bpm_histogram_second_peak_weight": 0.13432836532592773, "rhythm.danceability": 1.0575944185256958, "rhythm.onset_rate": 1.9723166227340698, "tonal.chords_changes_rate": 0.06828703731298447, "tonal.chords_number_rate": 0.011574073694646358, "tonal.chords_strength.mean": 0.4006946384906769, "tonal.chords_strength.stdev": 0.18967048823833466, "tonal.hpcp_crest.mean": 15.522780418395996, "tonal.hpcp_crest.stdev": 11.237089157104492, "tonal.hpcp_entropy.mean": 1.0733264684677124, "tonal.hpcp_entropy.stdev": 0.8854344487190247, "tonal.key_edma.strength": 0.715652585029602, "tonal.key_krumhansl.strength": 0.7218177914619446, "tonal.key_temperley.strength": 0.726610541343689, "tonal.tuning_diatonic_strength": 0.6329522132873535, "tonal.tuning_equal_tempered_deviation": 0.20433107018470764, "tonal.tuning_frequency": 434.193115234375, "tonal.tuning_nontempered_energy_ratio": 0.9121267795562744, "lowlevel.barkbands.mean": [0.0031621854286640882, 0.019084326922893524, 0.002624685410410166, 0.0008096068049781024, 0.0007619645912200212, 0.00028558805934153497, 0.0009885471081361175, 0.0003760023682843894, 0.0007632486522197723, 0.0005645194323733449, 0.0008352042641490698, 0.00043225332046858966, 0.0003755259094759822, 0.00032051632297225296, 0.00038990663597360253, 0.0003526454675011337, 0.00010836682486115023, 7.003507926128805e-05, 6.443836900871247e-05, 0.00015147216618061066, 3.473062315606512e-05, 6.549815589096397e-05, 0.0001540286757517606, 0.00013680219126399606, 9.931918611982837e-05, 4.967604763805866e-05, 1.153336484094325e-06], "lowlevel.barkbands.stdev": [0.010452086105942726, 0.06601619720458984, 0.01749444007873535, 0.006411400157958269, 0.00353052094578743, 0.0013824801426380873, 0.003443968016654253, 0.002678902819752693, 0.00328619172796607, 0.003483143635094166, 0.003965540323406458, 0.001719495514407754, 0.0017613917589187622, 0.0013524233363568783, 0.001702598063275218, 0.0018488701898604631, 0.00036240986082702875, 0.00023474729096051306, 0.00024639590992592275, 0.0005356782930903137, 0.0002425824641250074, 0.0003628355625551194, 0.0006018913700245321, 0.0007121370872482657, 0.00053392443805933, 0.0002750603889580816, 7.300272955035325e-06], "lowlevel.erbbands.mean": [0.793895959854126, 3.304917812347412, 3.647212028503418, 2.9651215076446533, 2.4655652046203613, 2.7518415451049805, 1.5482333898544312, 3.0432851314544678, 8.854399681091309, 18.466169357299805, 6.161960124969482, 18.14383888244629, 12.969037055969238, 33.600364685058594, 26.988670349121094, 15.903562545776367, 17.251649856567383, 19.196481704711914, 14.573391914367676, 24.79355812072754, 15.943219184875488, 6.601522445678711, 4.248232841491699, 2.4661707878112793, 5.934591770172119, 6.824494361877441, 1.9552868604660034, 1.2761528491973877, 2.0032217502593994, 3.8398735523223877, 4.337052345275879, 3.090921640396118, 2.208407163619995, 1.355788230895996, 0.5782338380813599, 0.2782134711742401, 0.07644324749708176, 0.008565116673707962, 0.0002077179087791592, 4.588750016409904e-05], "lowlevel.erbbands.stdev": [2.9256842136383057, 12.13326644897461, 19.661060333251953, 22.218692779541016, 14.651445388793945, 12.663313865661621, 9.287925720214844, 13.399721145629883, 35.850807189941406, 76.05915832519531, 29.532079696655273, 83.23030853271484, 55.305240631103516, 178.1851043701172, 97.15617370605469, 74.57595825195312, 85.98253631591797, 69.5899658203125, 66.19474792480469, 107.1869888305664, 79.3627700805664, 20.739229202270508, 13.442998886108398, 8.655964851379395, 21.64023208618164, 23.537412643432617, 11.748400688171387, 8.75174617767334, 11.326132774353027, 15.532709121704102, 17.80293846130371, 15.964808464050293, 11.43402099609375, 7.464110851287842, 3.146059513092041, 1.623866319656372, 0.398416131734848, 0.04610524699091911, 0.0009765825234353542, 0.00010895830200752243], "lowlevel.gfcc.mean": [-445.8453369140625, 76.07354736328125, -142.5889129638672, -27.1044979095459, -43.3720817565918, -0.6787061095237732, -28.029020309448242, -1.8507676124572754, -11.79405689239502, -0.592312216758728, 8.202813148498535, 3.5064802169799805, -0.9867727160453796], "lowlevel.melbands.mean": [0.00628045154735446, 0.002616964979097247, 0.0004949571448378265, 0.00018536450807005167, 6.751757609890774e-05, 6.443422171287239e-05, 0.00015853132936172187, 0.00018129860109183937, 4.5946195314172655e-05, 0.00012148260429967195, 6.070825475035235e-05, 0.00013159327500034124, 0.00011118895054096356, 4.8615343985147774e-05, 3.554773502401076e-05, 3.9176382415462285e-05, 3.508917143335566e-05, 2.065818443952594e-05, 3.0893967050360516e-05, 3.1273066269932315e-05, 1.5423127479152754e-05, 6.845330972282682e-06, 4.602356057148427e-06, 3.1182155453279847e-06, 1.7058935100067174e-06, 2.756863295871881e-06, 6.8178387664374895e-06, 3.791699327848619e-06, 1.213260361510038e-06, 8.30933231554809e-07, 6.838684498688963e-07, 9.801628948480356e-07, 1.5816192444617627e-06, 2.4490529995091492e-06, 2.6601248919178033e-06, 2.147375198546797e-06, 1.7986034208661295e-06, 1.6599673244854785e-06, 1.2265574014236336e-06, 1.1084997595389723e-06], "lowlevel.melbands.stdev": [0.02157539501786232, 0.010551977902650833, 0.0035502116661518812, 0.0008601201116107404, 0.00038745306665077806, 0.00029411414288915694, 0.0005957596586085856, 0.0008108155452646315, 0.00022038874158170074, 0.0005578164127655327, 0.00028124498203396797, 0.0007220514817163348, 0.00045571886585094035, 0.0001454553275834769, 0.00020709012460429221, 0.00018115888815373182, 0.00014250479580368847, 0.00010819200542755425, 0.00013624707935377955, 0.00016023607167880982, 7.934803579701111e-05, 2.3914059056551196e-05, 1.4572113286703825e-05, 1.0842016308743041e-05, 6.480669071606826e-06, 1.0471202585904393e-05, 2.4414577637799084e-05, 1.3818048500979785e-05, 7.839729732950218e-06, 6.544853476952994e-06, 4.605527465173509e-06, 6.260936515900539e-06, 8.185336810129229e-06, 9.392981155542657e-06, 1.1076804184995126e-05, 9.647642400523182e-06, 1.0270268830936402e-05, 8.96998153621098e-06, 6.328278686851263e-06, 6.432770533137955e-06], "lowlevel.melbands128.mean": [0.0027877723332494497, 0.007103759329766035, 0.007823596708476543, 0.004689536057412624, 0.0022442834451794624, 0.0011456264182925224, 0.0006163687212392688, 0.0003426434413995594, 0.00022877957962919027, 0.00019047848763875663, 0.00015977758448570967, 8.884638373274356e-05, 4.34411849710159e-05, 3.564977305359207e-05, 6.353081698762253e-05, 8.228266960941255e-05, 8.168702333932742e-05, 0.00016673012578394264, 0.000256736995652318, 0.0002570904907770455, 0.00011544744484126568, 3.663746974780224e-05, 2.7593147024163045e-05, 5.6997028877958655e-05, 0.00012987770605832338, 0.00015924872423056513, 8.674690616317093e-05, 3.49392976204399e-05, 3.878160714521073e-05, 0.00012350562610663474, 0.00015777035150676966, 0.0001626140729058534, 0.0001373221311951056, 3.5854365705745295e-05, 7.47799567761831e-05, 3.600804484449327e-05, 3.922860196325928e-05, 3.664824180305004e-05, 2.9333828933886252e-05, 4.440421616891399e-05, 3.5636006941786036e-05, 4.4965152483200654e-05, 3.871660373988561e-05, 2.887848677346483e-05, 1.9724058802239597e-05, 1.651553793635685e-05, 2.592415148683358e-05, 2.5339058993267827e-05, 3.7869467632845044e-05, 3.9362930692732334e-05, 2.870244497898966e-05, 2.543414302635938e-05, 2.0085357391508296e-05, 9.609353583073243e-06, 7.593851023557363e-06, 7.40037012292305e-06, 5.302077170199482e-06, 4.979136065230705e-06, 4.344275112089235e-06, 3.7680663353967248e-06, 3.4627551031007897e-06, 2.2865203845867654e-06, 1.7824415863287868e-06, 1.3949121466794168e-06, 1.779400690793409e-06, 2.190076429542387e-06, 3.273352149335551e-06, 6.224905064300401e-06, 8.059015272010583e-06, 7.562348400824703e-06, 3.6787776025448693e-06, 2.0971501726307906e-06, 1.4657945257567917e-06, 1.0011411859522923e-06, 9.52831840095314e-07, 1.0195994946116116e-06, 6.02501415869483e-07, 7.075791472743731e-07, 6.89890157445916e-07, 6.365199283209222e-07, 9.794177913136082e-07, 1.0570656741037965e-06, 1.1604373639784171e-06, 1.645118345550145e-06, 1.9368026187294163e-06, 1.949648776644608e-06, 2.5673718937468948e-06, 3.5761468097916804e-06, 2.4720279725443106e-06, 2.173443817810039e-06, 2.584811682027066e-06, 1.937755087055848e-06, 1.8655296116776299e-06, 1.7990746528084856e-06, 1.7603380229047616e-06, 1.7577161770532257e-06, 1.7348992287224974e-06, 1.3880685401090886e-06, 1.0696314802771667e-06, 1.2612948694368242e-06, 1.2958296338183573e-06, 1.129721795223304e-06, 8.315632271660434e-07, 6.794784894736949e-07, 6.838103558948205e-07, 4.945398472955276e-07, 5.273967644825461e-07, 5.429819225355459e-07, 4.872834438174323e-07, 4.96288350859686e-07, 3.3531685517118603e-07, 2.6292929078408633e-07, 2.53450082254858e-07, 1.6499346600085119e-07, 1.2194701071166492e-07, 9.150633673016273e-08, 4.213341853187558e-08, 6.695977106119244e-09, 2.6294713628693955e-10, 7.0504799914994365e-12, 5.719162123052346e-12, 4.9330192708474385e-12, 4.8189599012593565e-12, 4.726937591348346e-12, 4.5894906798571444e-12, 4.417415652019363e-12, 4.317638694489867e-12, 4.284332437431981e-12], "lowlevel.melbands128.stdev": [0.009427040815353394, 0.027665454894304276, 0.028856251388788223, 0.018249059095978737, 0.011463144794106483, 0.008019032888114452, 0.004923177883028984, 0.002663264749571681, 0.0014063804410398006, 0.0008242264157161117, 0.0007880026823841035, 0.0006160266930237412, 0.0003096342843491584, 0.00024567736545577645, 0.0003250767185818404, 0.00036532836384139955, 0.0004456469032447785, 0.0008675901335664093, 0.0009977814042940736, 0.0011865305714309216, 0.000982282916083932, 0.000313855882268399, 0.00020121023408137262, 0.00033231251290999353, 0.0007021310739219189, 0.0008939329418353736, 0.0004618083476088941, 0.0002844614500645548, 0.0003580848569981754, 0.0009205529931932688, 0.0011233583791181445, 0.0008984472951851785, 0.0006851545767858624, 0.00021796533837914467, 0.0002124888269463554, 0.00012594596773851663, 0.00038641641731373966, 0.00028466476942412555, 0.0002013893099501729, 0.0003687106946017593, 0.00019725505262613297, 0.00015194577281363308, 0.00021258817287161946, 0.00016546534607186913, 0.00017375958850607276, 0.00010425510845379904, 0.00018351948529016227, 0.00015637911565136164, 0.00022850984532851726, 0.00020454048353713006, 0.00023019486980047077, 0.00018130817625205964, 0.00012617009633686393, 6.621048669330776e-05, 3.9108032069634646e-05, 3.1478051823796704e-05, 1.705465547274798e-05, 1.828253698477056e-05, 1.8184435248258524e-05, 1.6824300473672338e-05, 1.3676660273631569e-05, 9.498106919636484e-06, 7.778099643473979e-06, 5.3073572416906245e-06, 8.611243174527772e-06, 8.863814400683623e-06, 1.376999898639042e-05, 2.877129372791387e-05, 3.0862545827403665e-05, 2.65206672338536e-05, 1.4358883163367864e-05, 1.0714179552451242e-05, 1.3465514712152071e-05, 6.301349912973819e-06, 6.736172508681193e-06, 9.852458788373042e-06, 4.353636086307233e-06, 6.10929191680043e-06, 4.62932030131924e-06, 4.67271956949844e-06, 7.799167178745847e-06, 6.688796020171139e-06, 5.468778454087442e-06, 9.605536433809903e-06, 1.042192343447823e-05, 7.832694791432004e-06, 1.0230888619844336e-05, 1.5820925909793004e-05, 1.1143854862893932e-05, 1.0153614312002901e-05, 1.1772809557442088e-05, 9.35507250687806e-06, 1.0146398381039035e-05, 1.1361934411979746e-05, 1.0815739187819418e-05, 1.0462637874297798e-05, 9.664333447290119e-06, 7.346406619035406e-06, 5.680650247086305e-06, 7.108090812835144e-06, 7.366011232079472e-06, 7.635812835360412e-06, 4.592703589878511e-06, 3.666932570922654e-06, 4.2345086512796115e-06, 2.7064972982770996e-06, 3.289572759967996e-06, 3.84376335205161e-06, 2.8115523491578642e-06, 3.44851468980778e-06, 1.6286547861454892e-06, 1.47085427215643e-06, 1.5045225154608488e-06, 9.320894491793297e-07, 7.98346036390285e-07, 5.481893481373845e-07, 2.638133764776285e-07, 5.288082149945694e-08, 3.916107438328709e-09, 7.408078317450162e-11, 3.224891187425527e-11, 1.8359102432752294e-11, 1.7994706419388606e-11, 1.7664206902745505e-11, 1.7057156034838705e-11, 1.6419227089059518e-11, 1.610581459865479e-11, 1.5996844474064353e-11], "lowlevel.mfcc.mean": [-940.7794189453125, 99.30753326416016, -41.471473693847656, -25.435583114624023, -4.882142066955566, -9.181553840637207, -5.3124213218688965, -2.486602306365967, -14.037790298461914, -1.7370973825454712, -1.8049325942993164, 0.12711577117443085, 10.394240379333496], "lowlevel.spectral_contrast_coeffs.mean": [-0.7709264159202576, -0.738493800163269, -0.7445298433303833, -0.787822961807251, -0.8090869784355164, -0.8322140574455261], "lowlevel.spectral_contrast_coeffs.stdev": [0.14152473211288452, 0.14623746275901794, 0.13619449734687805, 0.10687583684921265, 0.09365985542535782, 0.08088408410549164], "lowlevel.spectral_contrast_valleys.mean": [-13.937994956970215, -12.874086380004883, -12.974462509155273, -13.117193222045898, -13.69888973236084, -16.1069278717041], "lowlevel.spectral_contrast_valleys.stdev": [7.279318332672119, 7.602749347686768, 7.561927795410156, 7.483055591583252, 7.27468204498291, 6.242142200469971], "rhythm.beats_loudness_band_ratio.mean": [0.17469540238380432, 0.0979519709944725, 0.16947583854198456, 0.24159520864486694, 0.07142062485218048, 0.044013891369104385], "rhythm.beats_loudness_band_ratio.stdev": [0.33418887853622437, 0.17506909370422363, 0.23658524453639984, 0.27344855666160583, 0.12163542211055756, 0.10442396998405457], "tonal.hpcp.mean": [0.026616927236318588, 0.0367765836417675, 0.04981110990047455, 0.05410975590348244, 0.044678330421447754, 0.05361489951610565, 0.21607857942581177, 0.27760547399520874, 0.14102822542190552, 0.07279479503631592, 0.04696221649646759, 0.036932218819856644, 0.14001815021038055, 0.13443316519260406, 0.01982729509472847, 0.014463667757809162, 0.017178062349557877, 0.018450457602739334, 0.018164189532399178, 0.01649636961519718, 0.029759526252746582, 0.0971873328089714, 0.0956353098154068, 0.03363018110394478, 0.02392057329416275, 0.025238025933504105, 0.06009082496166229, 0.2804993987083435, 0.2576655149459839, 0.03346895053982735, 0.02694990485906601, 0.028971107676625252, 0.028316453099250793, 0.03602650761604309, 0.028322435915470123, 0.020324815064668655], "tonal.hpcp.stdev": [0.11471709609031677, 0.14253340661525726, 0.1684025675058365, 0.15079118311405182, 0.1423851102590561, 0.15965627133846283, 0.33205702900886536, 0.39175084233283997, 0.2721744477748871, 0.2034822255373001, 0.15991924703121185, 0.11369548738002777, 0.26530182361602783, 0.25619378685951233, 0.0690993219614029, 0.07978661358356476, 0.0892433375120163, 0.09497556835412979, 0.09180842339992523, 0.08041100949048996, 0.10460734367370605, 0.23222538828849792, 0.24925582110881805, 0.10976306349039078, 0.1074429377913475, 0.1162424311041832, 0.13848291337490082, 0.4167602062225342, 0.38505980372428894, 0.1096571609377861, 0.11206556856632233, 0.13312667608261108, 0.11095046252012253, 0.14068898558616638, 0.10555664449930191, 0.10135005414485931], "rhythm.beats_position": [0.6153287887573242, 1.2422676086425781, 1.8692063093185425, 2.4845352172851562, 3.0650339126586914, 3.6455328464508057, 4.22603178024292, 4.794920444488525, 5.363809585571289, 5.9326982498168945, 6.478367328643799, 7.024035930633545, 7.569705009460449, 8.115373611450195, 8.661043167114258, 9.183491706848145, 9.705941200256348, 10.228389739990234, 10.866938591003418, 11.493877410888672, 12.132426261901855, 12.75936508178711, 13.397913932800293, 14.036462783813477, 14.675010681152344, 15.325169563293457, 15.96371841430664, 16.60226821899414, 17.240816116333008, 17.902584075927734, 18.564353942871094, 19.22612190246582, 19.887889862060547, 20.549659729003906, 21.176597595214844, 21.815147399902344, 22.43047523498535, 23.057415008544922, 23.68435287475586, 24.230022430419922, 24.775691986083984, 25.332969665527344, 25.890249252319336, 26.447526931762695, 27.016416549682617, 27.56208610534668, 28.10775375366211, 28.653423309326172, 29.199092864990234, 29.744760513305664, 30.302040100097656, 30.85931968688965, 31.404987335205078, 31.95065689086914, 32.5079345703125, 33.065216064453125, 33.61088562011719, 34.156551361083984, 34.71383285522461, 35.24789047241211, 35.80516815185547, 36.362449645996094, 36.90811538696289, 37.45378494262695, 37.999454498291016, 38.54512405395508, 39.10240173339844, 39.65968322753906], "rhythm.bpm_histogram": [0.0, 0.0, 0.0, 0.0, 0.0, 0.0, 0.0, 0.0, 0.0, 0.0, 0.0, 0.0, 0.0, 0.0, 0.0, 0.0, 0.0, 0.0, 0.0, 0.0, 0.0, 0.0, 0.0, 0.0, 0.0, 0.0, 0.0, 0.0, 0.0, 0.0, 0.0, 0.0, 0.0, 0.0, 0.0, 0.0, 0.0, 0.0, 0.0, 0.0, 0.0, 0.0, 0.0, 0.0, 0.0, 0.0, 0.0, 0.0, 0.0, 0.0, 0.0, 0.0, 0.0, 0.0, 0.0, 0.0, 0.0, 0.0, 0.0, 0.0, 0.0, 0.0, 0.0, 0.0, 0.0, 0.0, 0.0, 0.0, 0.0, 0.0, 0.0, 0.0, 0.0, 0.0, 0.0, 0.0, 0.0, 0.0, 0.0, 0.0, 0.0, 0.0, 0.0, 0.0, 0.0, 0.0, 0.0, 0.0, 0.0, 0.0, 0.0, 0.0746268630027771, 0.014925372786819935, 0.0, 0.13432836532592773, 0.0, 0.10447761416435242, 0.0, 0.02985074557363987, 0.0, 0.0, 0.0, 0.0, 0.04477611929178238, 0.0, 0.05970149114727974, 0.0, 0.0, 0.17910447716712952, 0.0, 0.2985074520111084, 0.0, 0.014925372786819935, 0.0, 0.0, 0.04477611929178238, 0.0, 0.0, 0.0, 0.0, 0.0, 0.0, 0.0, 0.0, 0.0, 0.0, 0.0, 0.0, 0.0, 0.0, 0.0, 0.0, 0.0, 0.0, 0.0, 0.0, 0.0, 0.0, 0.0, 0.0, 0.0, 0.0, 0.0, 0.0, 0.0, 0.0, 0.0, 0.0, 0.0, 0.0, 0.0, 0.0, 0.0, 0.0, 0.0, 0.0, 0.0, 0.0, 0.0, 0.0, 0.0, 0.0, 0.0, 0.0, 0.0, 0.0, 0.0, 0.0, 0.0, 0.0, 0.0, 0.0, 0.0, 0.0, 0.0, 0.0, 0.0, 0.0, 0.0, 0.0, 0.0, 0.0, 0.0, 0.0, 0.0, 0.0, 0.0, 0.0, 0.0, 0.0, 0.0, 0.0, 0.0, 0.0, 0.0, 0.0, 0.0, 0.0, 0.0, 0.0, 0.0, 0.0, 0.0, 0.0, 0.0, 0.0, 0.0, 0.0, 0.0, 0.0, 0.0, 0.0, 0.0, 0.0, 0.0, 0.0, 0.0, 0.0, 0.0, 0.0, 0.0, 0.0, 0.0, 0.0, 0.0, 0.0, 0.0, 0.0, 0.0, 0.0, 0.0, 0.0, 0.0, 0.0, 0.0, 0.0, 0.0, 0.0, 0.0, 0.0, 0.0, 0.0, 0.0, 0.0, 0.0, 0.0, 0.0, 0.0, 0.0, 0.0], "tonal.chords_histogram": [12.152777671813965, 0.0, 14.004630088806152, 1.6203703880310059, 0.0, 0.0, 0.0, 0.0, 0.0, 0.0, 0.0, 0.0, 1.2731481790542603, 18.75, 0.0, 7.407407283782959, 5.55555534362793, 13.88888931274414, 0.0, 11.11111068725586, 0.0, 0.0, 13.310185432434082, 0.9259259104728699], "tonal.thpcp": [1.0, 0.9185956120491028, 0.11931915581226349, 0.0960782989859581, 0.10328403115272522, 0.10095013678073883, 0.12843702733516693, 0.10097146779298782, 0.0724593922495842, 0.09489121288061142, 0.13111110031604767, 0.1775800883769989, 0.19290506839752197, 0.15928137302398682, 0.19114087522029877, 0.7703352570533752, 0.9896829724311829, 0.5027754902839661, 0.2595185339450836, 0.16742359101772308, 0.13166594505310059, 0.4991745054721832, 0.47926363348960876, 0.07068569213151932, 0.051563989371061325, 0.061240993440151215, 0.06577717512845993, 0.0647566094994545, 0.05881071463227272, 0.10609479248523712, 0.3464796543121338, 0.34094658493995667, 0.11989395320415497, 0.08527851849794388, 0.08997532725334167, 0.21422800421714783], "lowlevel.gfcc.cov": [[212370.046875, 12510.6865234375, -24576.041015625, 410.38812255859375, -9854.1875, 3121.081787109375, -5917.03759765625, 1094.3209228515625, -3779.396240234375, 19.286766052246094, -390.427978515625, 563.144287109375, -1610.5240478515625], [12510.6865234375, 4037.044677734375, -3968.837158203125, -1498.413330078125, -422.37518310546875, -673.897216796875, -276.5844421386719, -364.49169921875, 165.60829162597656, -150.5753936767578, 671.599365234375, 0.39116132259368896, 321.4652404785156], [-24576.041015625, -3968.837158203125, 9242.46484375, 3350.018310546875, 1916.0325927734375, 1777.5748291015625, 1420.177490234375, 704.835205078125, 262.1122131347656, 220.45596313476562, -915.25, -129.60964965820312, -483.53387451171875], [410.38812255859375, -1498.413330078125, 3350.018310546875, 2313.86572265625, 528.7571411132812, 1057.33740234375, 391.58612060546875, 470.3566589355469, -112.6637954711914, 78.30424499511719, -555.8984985351562, -60.649810791015625, -326.2341613769531], [-9854.1875, -422.37518310546875, 1916.0325927734375, 528.7571411132812, 1016.2384033203125, 243.47463989257812, 554.586669921875, 74.86951446533203, 250.98252868652344, 23.037654876708984, -17.851503372192383, -33.86219024658203, 63.12625503540039], [3121.081787109375, -673.897216796875, 1777.5748291015625, 1057.33740234375, 243.47463989257812, 1235.16552734375, 289.0059509277344, 333.9380187988281, -114.80741882324219, 99.72557830810547, -294.1553955078125, 27.15617561340332, -264.21197509765625], [-5917.03759765625, -276.5844421386719, 1420.177490234375, 391.58612060546875, 554.586669921875, 289.0059509277344, 657.5359497070312, 183.04942321777344, 184.9830322265625, 13.514738082885742, -6.624414443969727, -30.17902946472168, -50.90150451660156], [1094.3209228515625, -364.49169921875, 704.835205078125, 470.3566589355469, 74.86951446533203, 333.9380187988281, 183.04942321777344, 368.7354736328125, 67.73193359375, 66.0588607788086, -106.97120666503906, -11.296175003051758, -150.08206176757812], [-3779.396240234375, 165.60829162597656, 262.1122131347656, -112.6637954711914, 250.98252868652344, -114.80741882324219, 184.9830322265625, 67.73193359375, 332.128173828125, 77.20850372314453, 84.22745513916016, -43.79358673095703, 45.84778594970703], [19.286766052246094, -150.5753936767578, 220.45596313476562, 78.30424499511719, 23.037654876708984, 99.72557830810547, 13.514738082885742, 66.0588607788086, 77.20850372314453, 160.21295166015625, 15.795586585998535, -18.747976303100586, -55.57127380371094], [-390.427978515625, 671.599365234375, -915.25, -555.8984985351562, -17.851503372192383, -294.1553955078125, -6.624414443969727, -106.97120666503906, 84.22745513916016, 15.795586585998535, 343.2743225097656, 44.38712692260742, 100.41175079345703], [563.144287109375, 0.39116132259368896, -129.60964965820312, -60.649810791015625, -33.86219024658203, 27.15617561340332, -30.17902946472168, -11.296175003051758, -43.79358673095703, -18.747976303100586, 44.38712692260742, 119.53958892822266, 45.916839599609375], [-1610.5240478515625, 321.4652404785156, -483.53387451171875, -326.2341613769531, 63.12625503540039, -264.21197509765625, -50.90150451660156, -150.08206176757812, 45.84778594970703, -55.57127380371094, 100.41175079345703, 45.916839599609375, 224.15516662597656]], "lowlevel.gfcc.icov": [[8.416156197199598e-05, -0.0002668046217877418, 0.00027514243265613914, -0.00034420049632899463, 0.0002761833311524242, -0.00023470657470170408, 0.0001162964545073919, -0.00027441440033726394, 0.00037266500294208527, -0.00042794138425961137, 0.0004163197008892894, -0.0003241886734031141, 0.0002657393633853644], [-0.0002668046217877418, 0.0015613972209393978, -0.0005320041673257947, 0.000845298811327666, -0.0007602761033922434, 0.0002692567359190434, -0.0004455595335457474, 0.001285335049033165, -0.002005963586270809, 0.002282282104715705, -0.0023372636642307043, 0.0017572279321029782, -0.0011195186525583267], [0.00027514243265613914, -0.0005320041673257947, 0.0015615463489666581, -0.0015696296468377113, 0.00040511731640435755, -0.0009407390607520938, -0.00011097614333266392, -0.0003642486408352852, 0.0006721664103679359, -0.0014156998367980123, 0.0017531022895127535, -0.001264327671378851, 0.0013170619495213032], [-0.00034420049632899463, 0.000845298811327666, -0.0015696296468377113, 0.003019664203748107, -0.001590512809343636, 0.0008469324675388634, -0.00010157551150768995, -7.1298039983958e-05, -0.0003485836205072701, 0.0013380739837884903, -0.000614976859651506, 0.0014362424844875932, -0.0009167019161395729], [0.0002761833311524242, -0.0007602761033922434, 0.00040511731640435755, -0.001590512809343636, 0.004356789868324995, -0.00124197150580585, -0.000925036845728755, -7.1147114795167e-05, -0.00014784208906348795, -0.0006820174749009311, -9.290681919082999e-05, 2.765792487480212e-05, -0.0014177144039422274], [-0.00023470657470170408, 0.0002692567359190434, -0.0009407390607520938, 0.0008469324675388634, -0.00124197150580585, 0.0029466506093740463, -0.0008479052339680493, 1.0500991265871562e-05, 0.0004941325169056654, -0.0006339398096315563, 0.00039631390245631337, -0.0009910311782732606, 0.0005355501780286431], [0.0001162964545073919, -0.0004455595335457474, -0.00011097614333266392, -0.00010157551150768995, -0.000925036845728755, -0.0008479052339680493, 0.004458168521523476, -0.0018028150079771876, -0.0002658759185578674, 0.0013912046561017632, -0.0010223963763564825, 0.00030342498212121427, 0.000948833127040416], [-0.00027441440033726394, 0.001285335049033165, -0.0003642486408352852, -7.1298039983958e-05, -7.1147114795167e-05, 1.0500991265871562e-05, -0.0018028150079771876, 0.007366809528321028, -0.004357072524726391, 0.0016490526031702757, -0.0010981319937855005, -0.0005264183273538947, 0.0017507366137579083], [0.00037266500294208527, -0.002005963586270809, 0.0006721664103679359, -0.0003485836205072701, -0.00014784208906348795, 0.0004941325169056654, -0.0002658759185578674, -0.004357072524726391, 0.00980992428958416, -0.006373109295964241, 0.0027060071006417274, 1.2116535799577832e-05, -0.0006577183958142996], [-0.00042794138425961137, 0.002282282104715705, -0.0014156998367980123, 0.0013380739837884903, -0.0006820174749009311, -0.0006339398096315563, 0.0013912046561017632, 0.0016490526031702757, -0.006373109295964241, 0.013563155196607113, -0.006155590061098337, 0.0036556243430823088, 8.530858758604154e-05], [0.0004163197008892894, -0.0023372636642307043, 0.0017531022895127535, -0.000614976859651506, -9.290681919082999e-05, 0.00039631390245631337, -0.0010223963763564825, -0.0010981319937855005, 0.0027060071006417274, -0.006155590061098337, 0.01116164680570364, -0.006084223743528128, 0.002922500018030405], [-0.0003241886734031141, 0.0017572279321029782, -0.001264327671378851, 0.0014362424844875932, 2.765792487480212e-05, -0.0009910311782732606, 0.00030342498212121427, -0.0005264183273538947, 1.2116535799577832e-05, 0.0036556243430823088, -0.006084223743528128, 0.014778293669223785, -0.006343808490782976], [0.0002657393633853644, -0.0011195186525583267, 0.0013170619495213032, -0.0009167019161395729, -0.0014177144039422274, 0.0005355501780286431, 0.000948833127040416, 0.0017507366137579083, -0.0006577183958142996, 8.530858758604154e-05, 0.002922500018030405, -0.006343808490782976, 0.012047125026583672]], "lowlevel.mfcc.cov": [[53793.4765625, 6222.00439453125, 1007.8971557617188, 1387.054931640625, 711.989501953125, 1130.928466796875, 920.6353759765625, 1414.91357421875, -558.7907104492188, 1202.273681640625, -660.7894287109375, -528.3153686523438, 786.2965087890625], [6222.00439453125, 4460.0615234375, -1910.8848876953125, -950.8892211914062, -203.40338134765625, -458.228759765625, -227.25596618652344, -193.71180725097656, -458.9541931152344, -136.69595336914062, 62.56954574584961, -18.673002243041992, 254.13697814941406], [1007.8971557617188, -1910.8848876953125, 3237.666748046875, 1275.8446044921875, 590.7421875, 1165.4154052734375, 689.2957153320312, 731.837158203125, 608.6900634765625, 445.6631164550781, 107.02284240722656, 148.8300323486328, 87.01009368896484], [1387.054931640625, -950.8892211914062, 1275.8446044921875, 1238.2613525390625, 417.0706787109375, 445.8401184082031, 363.00885009765625, 380.22833251953125, 288.690673828125, 258.852294921875, -14.300763130187988, -20.124961853027344, -17.268213272094727], [711.989501953125, -203.40338134765625, 590.7421875, 417.0706787109375, 452.3055114746094, 345.1289367675781, 173.71090698242188, 184.5917205810547, 161.34799194335938, 134.97314453125, 20.94072914123535, 32.35997772216797, 33.27516555786133], [1130.928466796875, -458.228759765625, 1165.4154052734375, 445.8401184082031, 345.1289367675781, 768.807373046875, 404.2395324707031, 338.5857849121094, 263.0596008300781, 182.23463439941406, 55.918128967285156, 52.12794494628906, 0.09936117380857468], [920.6353759765625, -227.25596618652344, 689.2957153320312, 363.00885009765625, 173.71090698242188, 404.2395324707031, 446.0165710449219, 320.9265441894531, 146.36199951171875, 130.373046875, 92.81786346435547, 54.56919860839844, 5.382857322692871], [1414.91357421875, -193.71180725097656, 731.837158203125, 380.22833251953125, 184.5917205810547, 338.5857849121094, 320.9265441894531, 443.9798278808594, 213.1596221923828, 174.83010864257812, 68.81500244140625, 64.39726257324219, 93.29405212402344], [-558.7907104492188, -458.9541931152344, 608.6900634765625, 288.690673828125, 161.34799194335938, 263.0596008300781, 146.36199951171875, 213.1596221923828, 316.3171691894531, 179.4724884033203, 55.9880485534668, 49.07323455810547, 57.48896408081055], [1202.273681640625, -136.69595336914062, 445.6631164550781, 258.852294921875, 134.97314453125, 182.23463439941406, 130.373046875, 174.83010864257812, 179.4724884033203, 311.18609619140625, 92.22021484375, 4.713446617126465, 106.9962158203125], [-660.7894287109375, 62.56954574584961, 107.02284240722656, -14.300763130187988, 20.94072914123535, 55.918128967285156, 92.81786346435547, 68.81500244140625, 55.9880485534668, 92.22021484375, 230.4264678955078, 129.36521911621094, 52.39120101928711], [-528.3153686523438, -18.673002243041992, 148.8300323486328, -20.124961853027344, 32.35997772216797, 52.12794494628906, 54.56919860839844, 64.39726257324219, 49.07323455810547, 4.713446617126465, 129.36521911621094, 201.62754821777344, 97.78323364257812], [786.2965087890625, 254.13697814941406, 87.01009368896484, -17.268213272094727, 33.27516555786133, 0.09936117380857468, 5.382857322692871, 93.29405212402344, 57.48896408081055, 106.9962158203125, 52.39120101928711, 97.78323364257812, 263.66119384765625]], "lowlevel.mfcc.icov": [[4.79528316645883e-05, -7.603409903822467e-05, -6.263619525270769e-06, -4.663637810153887e-05, 4.355148121248931e-05, -8.722717029741034e-05, 4.0142607758753e-05, -0.0001785209315130487, 0.00034111159038729966, -0.00036546142655424774, 0.00034133100416511297, -0.0001334485423285514, 4.177737719146535e-05], [-7.603409903822467e-05, 0.0005419446970336139, 0.00030602101469412446, 0.00019784909090958536, -0.00022438610903918743, -0.00011726345110218972, -4.520057336776517e-05, -1.8152071788790636e-05, -3.678094799397513e-05, 0.00059415033319965, -0.0008199378498829901, 0.0005524529842659831, -0.0006229919381439686], [-6.263619525270769e-06, 0.00030602101469412446, 0.0012745240237563848, -0.0005486517329700291, 0.00027279264759272337, -0.0013687533792108297, 0.0002707121311686933, -0.0005005793645977974, -7.142514368752018e-05, -0.00020028161816298962, 3.0675611924380064e-05, -0.00041446377872489393, -0.0003506705688778311], [-4.663637810153887e-05, 0.00019784909090958536, -0.0005486517329700291, 0.002171217929571867, -0.001363492337986827, 0.0011606467887759209, -0.0009680246585048735, -0.0002227173827122897, -0.00037259800592437387, -0.00045599951408803463, 0.0004883224028162658, 0.00025956277386285365, 0.000614843622315675], [4.355148121248931e-05, -0.00022438610903918743, 0.00027279264759272337, -0.001363492337986827, 0.004469661973416805, -0.002074592746794224, 0.0008874695631675422, -0.00010940917854895815, 3.275089693488553e-05, -0.0006780379335395992, 0.0005525508313439786, -0.0009089478407986462, -0.0001403207570547238], [-8.722717029741034e-05, -0.00011726345110218972, -0.0013687533792108297, 0.0011606467887759209, -0.002074592746794224, 0.005420919042080641, -0.0030266677495092154, 0.0008571750950068235, -0.001871580141596496, 0.0004051222640555352, 0.00033083869493566453, 7.965481199789792e-05, 0.0010675379307940602], [4.0142607758753e-05, -4.520057336776517e-05, 0.0002707121311686933, -0.0009680246585048735, 0.0008874695631675422, -0.0030266677495092154, 0.007702373433858156, -0.004168422427028418, 0.0019283524015918374, -0.0001712130761006847, -0.0018470564391463995, -8.650724339531735e-05, 0.0010260868584737182], [-0.0001785209315130487, -1.8152071788790636e-05, -0.0005005793645977974, -0.0002227173827122897, -0.00010940917854895815, 0.0008571750950068235, -0.004168422427028418, 0.007835970260202885, -0.0035534824710339308, 0.0012998318998143077, -0.0006192303262650967, 0.0003761773696169257, -0.0017427501734346151], [0.00034111159038729966, -3.678094799397513e-05, -7.142514368752018e-05, -0.00037259800592437387, 3.275089693488553e-05, -0.001871580141596496, 0.0019283524015918374, -0.0035534824710339308, 0.010073978453874588, -0.005373763386160135, 0.0025717357639223337, -0.0022382386960089207, 0.0005351707222871482], [-0.00036546142655424774, 0.00059415033319965, -0.00020028161816298962, -0.00045599951408803463, -0.0006780379335395992, 0.0004051222640555352, -0.0001712130761006847, 0.0012998318998143077, -0.005373763386160135, 0.011843929067254066, -0.007913611829280853, 0.007139122579246759, -0.0045274472795426846], [0.00034133100416511297, -0.0008199378498829901, 3.0675611924380064e-05, 0.0004883224028162658, 0.0005525508313439786, 0.00033083869493566453, -0.0018470564391463995, -0.0006192303262650967, 0.0025717357639223337, -0.007913611829280853, 0.013334772549569607, -0.009291027672588825, 0.0034279157407581806], [-0.0001334485423285514, 0.0005524529842659831, -0.00041446377872489393, 0.00025956277386285365, -0.0009089478407986462, 7.965481199789792e-05, -8.650724339531735e-05, 0.0003761773696169257, -0.0022382386960089207, 0.007139122579246759, -0.009291027672588825, 0.014183292165398598, -0.005820428021252155], [4.177737719146535e-05, -0.0006229919381439686, -0.0003506705688778311, 0.000614843622315675, -0.0001403207570547238, 0.0010675379307940602, 0.0010260868584737182, -0.0017427501734346151, 0.0005351707222871482, -0.0045274472795426846, 0.0034279157407581806, -0.005820428021252155, 0.008235698565840721]], "metadata.audio_properties.analysis.downmix": "mix", "metadata.audio_properties.codec": "mp3", "metadata.audio_properties.md5_encoded": "9b662ee313d45071ae28bbb069897adf", "metadata.tags.file_name": "1183658835643211776.mp3", "metadata.version.essentia": "2.1-beta6-dev", "metadata.version.essentia_git_sha": "v2.1_beta5-1110-g77a6a954", "metadata.version.extractor": "music 2.0", "tonal.ch