{"song_id": "1183704344487534652", "download": "https://cdn.discordapp.com/attachments/1128313332273782784/1183704344487534652/chirp.mp4?ex=65894d93&amp", "lyrics": "Alf Stewart he lived in Summer Bay\nHe took kids to the dungeon every night and day\nAlf alf he ate tacos\nThen got the kids with scissors and nachos\nAlf stewart the lord and the master\nNoone ever god kids so faster", "style": ["Regular movements"], "essentia_features": {"lowlevel.average_loudness": 0.9601830840110779, "lowlevel.barkbands_crest.mean": 15.999725341796875, "lowlevel.barkbands_crest.stdev": 5.1921257972717285, "lowlevel.barkbands_flatness_db.mean": 0.24730177223682404, "lowlevel.barkbands_flatness_db.stdev": 0.10482872277498245, "lowlevel.barkbands_kurtosis.mean": 65.56951904296875, "lowlevel.barkbands_kurtosis.stdev": 157.481689453125, "lowlevel.barkbands_skewness.mean": 5.557580947875977, "lowlevel.barkbands_skewness.stdev": 4.839393615722656, "lowlevel.barkbands_spread.mean": 23.426837921142578, "lowlevel.barkbands_spread.stdev": 24.72859764099121, "lowlevel.dissonance.mean": 0.4880569875240326, "lowlevel.dissonance.stdev": 0.014262012206017971, "lowlevel.dynamic_complexity": 2.9011030197143555, "lowlevel.erbbands_crest.mean": 9.470785140991211, "lowlevel.erbbands_crest.stdev": 4.5742645263671875, "lowlevel.erbbands_flatness_db.mean": 0.12272772192955017, "lowlevel.erbbands_flatness_db.stdev": 0.042758189141750336, "lowlevel.erbbands_kurtosis.mean": 2.007390022277832, "lowlevel.erbbands_kurtosis.stdev": 6.6589274406433105, "lowlevel.erbbands_skewness.mean": -0.300483763217926, "lowlevel.erbbands_skewness.stdev": 1.288424015045166, "lowlevel.erbbands_spread.mean": 69.46334075927734, "lowlevel.erbbands_spread.stdev": 49.06585693359375, "lowlevel.hfc.mean": 34.620872497558594, "lowlevel.hfc.stdev": 32.474464416503906, "lowlevel.loudness_ebu128.integrated": -26.995044708251953, "lowlevel.loudness_ebu128.loudness_range": 1.3927898406982422, "lowlevel.loudness_ebu128.momentary.mean": -27.37431526184082, "lowlevel.loudness_ebu128.momentary.stdev": 1.9313602447509766, "lowlevel.loudness_ebu128.short_term.mean": -27.075918197631836, "lowlevel.loudness_ebu128.short_term.stdev": 0.4734688401222229, "lowlevel.melbands_crest.mean": 30.93510627746582, "lowlevel.melbands_crest.stdev": 7.651372909545898, "lowlevel.melbands_flatness_db.mean": 0.34780818223953247, "lowlevel.melbands_flatness_db.stdev": 0.12097808718681335, "lowlevel.melbands_kurtosis.mean": 432.1283264160156, "lowlevel.melbands_kurtosis.stdev": 981.6220092773438, "lowlevel.melbands_skewness.mean": 12.68587589263916, "lowlevel.melbands_skewness.stdev": 12.331581115722656, "lowlevel.melbands_spread.mean": 13.388405799865723, "lowlevel.melbands_spread.stdev": 20.41130256652832, "lowlevel.pitch_salience.mean": 0.2327532023191452, "lowlevel.pitch_salience.stdev": 0.1777949035167694, "lowlevel.silence_rate_20dB.mean": 1.0, "lowlevel.silence_rate_20dB.stdev": 0.0, "lowlevel.silence_rate_30dB.mean": 0.6118980050086975, "lowlevel.silence_rate_30dB.stdev": 0.4873165190219879, "lowlevel.silence_rate_60dB.mean": 0.0018885741010308266, "lowlevel.silence_rate_60dB.stdev": 0.04341678321361542, "lowlevel.spectral_centroid.mean": 1920.9429931640625, "lowlevel.spectral_centroid.stdev": 1138.1240234375, "lowlevel.spectral_complexity.mean": 11.887629508972168, "lowlevel.spectral_complexity.stdev": 11.589018821716309, "lowlevel.spectral_decrease.mean": -2.369948148839285e-08, "lowlevel.spectral_decrease.stdev": 1.6368213451301017e-08, "lowlevel.spectral_energy.mean": 0.0925874412059784, "lowlevel.spectral_energy.stdev": 0.0619579441845417, "lowlevel.spectral_energyband_high.mean": 0.002011780394241214, "lowlevel.spectral_energyband_high.stdev": 0.0027888722252100706, "lowlevel.spectral_energyband_low.mean": 0.0790100172162056, "lowlevel.spectral_energyband_low.stdev": 0.06138121709227562, "lowlevel.spectral_energyband_middle_high.mean": 0.004670203663408756, "lowlevel.spectral_energyband_middle_high.stdev": 0.007474024314433336, "lowlevel.spectral_energyband_middle_low.mean": 0.005521319806575775, "lowlevel.spectral_energyband_middle_low.stdev": 0.013951914384961128, "lowlevel.spectral_entropy.mean": 7.970107555389404, "lowlevel.spectral_entropy.stdev": 0.5567603707313538, "lowlevel.spectral_flux.mean": 0.13899047672748566, "lowlevel.spectral_flux.stdev": 0.08681681752204895, "lowlevel.spectral_kurtosis.mean": 3.414591073989868, "lowlevel.spectral_kurtosis.stdev": 3.4337329864501953, "lowlevel.spectral_rms.mean": 0.008926350623369217, "lowlevel.spectral_rms.stdev": 0.003263339400291443, "lowlevel.spectral_rolloff.mean": 887.4385375976562, "lowlevel.spectral_rolloff.stdev": 2092.795166015625, "lowlevel.spectral_skewness.mean": 1.529239296913147, "lowlevel.spectral_skewness.stdev": 0.6699446439743042, "lowlevel.spectral_spread.mean": 8229244.0, "lowlevel.spectral_spread.stdev": 2889344.25, "lowlevel.spectral_strongpeak.mean": 0.42690572142601013, "lowlevel.spectral_strongpeak.stdev": 0.37182268500328064, "lowlevel.zerocrossingrate.mean": 0.05420798063278198, "lowlevel.zerocrossingrate.stdev": 0.0426812544465065, "metadata.audio_properties.analysis.equal_loudness": 0.0, "metadata.audio_properties.analysis.length": 24.554649353027344, "metadata.audio_properties.analysis.sample_rate": 44100.0, "metadata.audio_properties.analysis.start_time": 0.0, "metadata.audio_properties.bit_rate": 123223.0, "metadata.audio_properties.length": 24.55466651916504, "metadata.audio_properties.lossless": 0.0, "metadata.audio_properties.number_channels": 1.0, "metadata.audio_properties.replay_gain": 1.8213634490966797, "metadata.audio_properties.sample_rate": 48000.0, "rhythm.beats_count": 46.0, "rhythm.beats_loudness.mean": 0.10790454596281052, "rhythm.beats_loudness.stdev": 0.059854257851839066, "rhythm.bpm": 115.18637084960938, "rhythm.bpm_histogram_first_peak_bpm": 115.0, "rhythm.bpm_histogram_first_peak_weight": 0.43589746952056885, "rhythm.bpm_histogram_second_peak_bpm": 108.0, "rhythm.bpm_histogram_second_peak_spread": 0.5, "rhythm.bpm_histogram_second_peak_weight": 0.06666667014360428, "rhythm.danceability": 1.3221306800842285, "rhythm.onset_rate": 4.35548734664917, "tonal.chords_changes_rate": 0.1037735864520073, "tonal.chords_number_rate": 0.016981132328510284, "tonal.chords_strength.mean": 0.46638721227645874, "tonal.chords_strength.stdev": 0.08746383339166641, "tonal.hpcp_crest.mean": 10.36856746673584, "tonal.hpcp_crest.stdev": 4.587800025939941, "tonal.hpcp_entropy.mean": 2.6353251934051514, "tonal.hpcp_entropy.stdev": 0.6956050395965576, "tonal.key_edma.strength": 0.47483155131340027, "tonal.key_krumhansl.strength": 0.46336397528648376, "tonal.key_temperley.strength": 0.45648977160453796, "tonal.tuning_diatonic_strength": 0.5217713713645935, "tonal.tuning_equal_tempered_deviation": 0.17499703168869019, "tonal.tuning_frequency": 434.193115234375, "tonal.tuning_nontempered_energy_ratio": 0.8733439445495605, "lowlevel.barkbands.mean": [0.019059348851442337, 0.05559176951646805, 0.005765845533460379, 0.002220041351392865, 0.0015577785670757294, 0.0004923901287838817, 0.00048008348676376045, 0.00046540607581846416, 0.00024757959181442857, 0.00029181374702602625, 0.0003571115084923804, 0.00040617227205075324, 0.0006583742215298116, 0.000526954943779856, 0.00040681695099920034, 0.00036870400072075427, 0.0010754391551017761, 0.0003539044701028615, 0.0001777972065610811, 0.00011919230746570975, 0.000101955869467929, 0.00015060538135003299, 0.000337413017405197, 0.00029231628286652267, 0.0004088905989192426, 0.0006018413696438074, 7.187265146058053e-05], "lowlevel.barkbands.stdev": [0.01654873415827751, 0.0536823496222496, 0.016185952350497246, 0.007760093547403812, 0.00594512140378356, 0.0023551080375909805, 0.001866967068053782, 0.0017018347280099988, 0.0006407200125977397, 0.0010447398526594043, 0.0011870450107380748, 0.0012084486661478877, 0.0018017487600445747, 0.001541796838864684, 0.001272046472877264, 0.0009184621158055961, 0.001984240487217903, 0.0007393538253381848, 0.0003690310986712575, 0.0002024321729550138, 0.00019101574434898794, 0.00023968087043613195, 0.0006332804914563894, 0.0006431684014387429, 0.0007256660610437393, 0.0008025848073884845, 9.823955042520538e-05], "lowlevel.erbbands.mean": [2.9677915573120117, 7.153494358062744, 7.583761692047119, 7.179150581359863, 7.261554718017578, 4.002327919006348, 3.248075246810913, 4.387848377227783, 6.4821062088012695, 9.022869110107422, 8.403217315673828, 6.104588985443115, 6.834197998046875, 11.939123153686523, 15.93647289276123, 17.601272583007812, 29.588287353515625, 27.20421028137207, 25.763309478759766, 19.6866455078125, 28.783166885375977, 61.10813903808594, 22.818836212158203, 12.992668151855469, 7.064274311065674, 5.657719612121582, 3.7951669692993164, 4.375916004180908, 5.231163024902344, 8.076059341430664, 9.423990249633789, 6.881030559539795, 4.572318077087402, 3.992602586746216, 3.264852523803711, 2.4664504528045654, 1.1021915674209595, 0.25920137763023376, 0.006707470864057541, 0.0002648976515047252], "lowlevel.erbbands.stdev": [2.8023765087127686, 9.252466201782227, 18.074541091918945, 21.33296775817871, 28.14061737060547, 14.65019702911377, 10.846442222595215, 23.114513397216797, 28.910192489624023, 30.221240997314453, 30.300922393798828, 15.66414737701416, 18.456125259399414, 39.62786102294922, 49.22267150878906, 51.99833679199219, 80.8075180053711, 69.23209381103516, 74.64512634277344, 57.16678237915039, 59.93904113769531, 111.74339294433594, 45.16035079956055, 24.37571144104004, 12.611543655395508, 9.429024696350098, 7.511731147766113, 7.705549240112305, 8.393797874450684, 14.22365951538086, 17.918874740600586, 14.425841331481934, 10.641094207763672, 8.41534423828125, 5.37615966796875, 3.580146074295044, 1.4703857898712158, 0.33723461627960205, 0.008800309151411057, 0.00021325628040358424], "lowlevel.gfcc.mean": [-11.039679527282715, 10.77672004699707, -56.85927200317383, 43.72983932495117, -9.552233695983887, 42.45891189575195, -26.909744262695312, 31.869279861450195, -9.668394088745117, 18.887680053710938, -10.595645904541016, 19.601932525634766, -17.657777786254883], "lowlevel.melbands.mean": [0.021180590614676476, 0.005353935994207859, 0.0012675425969064236, 0.0003910087689291686, 0.00012140813487349078, 9.969452366931364e-05, 9.825824236031622e-05, 0.00010331475641578436, 6.231902079889551e-05, 3.681171438074671e-05, 3.448293500696309e-05, 4.762010939884931e-05, 5.0124879635404795e-05, 4.756405178341083e-05, 4.707877815235406e-05, 7.160109817050397e-05, 4.789393278770149e-05, 4.392260598251596e-05, 2.9577946406789124e-05, 2.364753163419664e-05, 3.615250170696527e-05, 7.420004112645984e-05, 2.7544609110918827e-05, 1.581792821525596e-05, 1.0005849617300555e-05, 5.7685979300003964e-06, 4.720960077975178e-06, 3.364783879078459e-06, 2.2229039586818544e-06, 2.4342691631318303e-06, 2.558665983087849e-06, 2.959872517749318e-06, 2.960853862532531e-06, 5.30185070601874e-06, 5.473733835970052e-06, 5.073776719655143e-06, 3.857984211208532e-06, 3.1182189559331164e-06, 3.147866436847835e-06, 3.4439267437846866e-06], "lowlevel.melbands.stdev": [0.018672119826078415, 0.008524319157004356, 0.003640363924205303, 0.0015124342171475291, 0.00038833997678011656, 0.0004989689914509654, 0.0004179420939181, 0.00035137866507284343, 0.00021662851213477552, 9.760990360518917e-05, 9.876293916022405e-05, 0.00016521439829375595, 0.00015687954146414995, 0.00014441901294048876, 0.00012709031580016017, 0.0002014151687035337, 0.00013354996917769313, 0.00013610965106636286, 0.00010303004819434136, 6.39427817077376e-05, 7.74270883994177e-05, 0.0001387569645885378, 5.827186396345496e-05, 3.0103192329988815e-05, 2.028353264904581e-05, 1.3164631127438042e-05, 8.247119694715366e-06, 5.842954578838544e-06, 4.531851118372288e-06, 4.828903001907747e-06, 4.626397640095092e-06, 4.97915425512474e-06, 4.903579338133568e-06, 1.0069992640637793e-05, 1.0542005838942714e-05, 1.0235910849587526e-05, 8.505057849106379e-06, 7.610286502313102e-06, 7.5653115345630795e-06, 7.210683634184534e-06], "lowlevel.melbands128.mean": [0.01642288826406002, 0.03006804548203945, 0.020630262792110443, 0.00924182590097189, 0.00443687941879034, 0.002543905284255743, 0.0014479777310043573, 0.0010410192189738154, 0.0007576033822260797, 0.0003371607162989676, 0.00018210070265922695, 0.00013991320156492293, 0.00010239402763545513, 0.0001012642533169128, 9.545378270559013e-05, 9.94302608887665e-05, 0.0001103106260416098, 9.640655480325222e-05, 8.562793664168566e-05, 0.0001011081476463005, 0.00012240649084560573, 8.548774349037558e-05, 5.42094639968127e-05, 3.623559678089805e-05, 4.057774640386924e-05, 3.702708272612654e-05, 2.748053884715773e-05, 2.9590832127723843e-05, 4.338878716225736e-05, 5.1733914006035775e-05, 4.764050754602067e-05, 4.4705528125632554e-05, 4.712361260317266e-05, 6.09583621553611e-05, 4.424536746228114e-05, 4.5824770495528355e-05, 4.8418161895824596e-05, 3.9822421967983246e-05, 4.491935396799818e-05, 8.15575331216678e-05, 8.397829515160993e-05, 4.866339440923184e-05, 4.2692929127952084e-05, 5.015790884499438e-05, 5.269967732601799e-05, 4.232554783811793e-05, 3.4199874789919704e-05, 3.223401654395275e-05, 2.5736169845913537e-05, 2.4958559151855297e-05, 2.2439313397626393e-05, 2.311524804099463e-05, 2.531832615204621e-05, 3.4476812288630754e-05, 7.749206997686997e-05, 9.641711949370801e-05, 5.8621873904485255e-05, 2.4501829102518968e-05, 2.2638898371951655e-05, 1.7221855159732513e-05, 1.7589378330740146e-05, 1.1999809430562891e-05, 1.1415231710998341e-05, 9.433912964595947e-06, 7.818093763489742e-06, 6.248134013731033e-06, 3.921667484974023e-06, 3.978303084295476e-06, 5.361025614547543e-06, 5.331862666935194e-06, 3.238546696593403e-06, 2.4999703782668803e-06, 2.2580500171898166e-06, 2.171853111576638e-06, 2.1215182641753927e-06, 2.5458773507125443e-06, 2.510062358851428e-06, 2.3535301352239912e-06, 2.668338311195839e-06, 2.47931211561081e-06, 3.214540811313782e-06, 3.2123314213095e-06, 2.400471657892922e-06, 2.7519506602402544e-06, 3.440453610892291e-06, 4.599287422024645e-06, 6.287188625719864e-06, 6.128598215582315e-06, 4.761094714922365e-06, 5.788713679066859e-06, 5.5274172154895496e-06, 4.65244102088036e-06, 4.66545543531538e-06, 3.85023713533883e-06, 3.339980366945383e-06, 3.4783136015903438e-06, 2.7909354685107246e-06, 3.0609319310315186e-06, 3.303222456452204e-06, 3.1107672384678153e-06, 3.100362164332182e-06, 3.901775471604196e-06, 3.208702992196777e-06, 3.6271953831601422e-06, 3.6867695598630235e-06, 3.7627273741236422e-06, 3.751196345547214e-06, 3.993516202172032e-06, 4.807320692634676e-06, 4.581547273119213e-06, 3.94992639485281e-06, 3.838632892438909e-06, 3.2709237984818174e-06, 3.599092678996385e-06, 2.7450760171632282e-06, 2.673650669748895e-06, 2.4987366487039253e-06, 7.393518330900406e-07, 6.419979659000319e-09, 4.8267966012982555e-11, 4.3260513227227904e-11, 1.759520654176505e-11, 1.6512674907986913e-11, 1.606796466713245e-11, 1.5100254380229217e-11, 1.3652754274340317e-11, 1.284008489810251e-11, 1.2659498449529849e-11], "lowlevel.melbands128.stdev": [0.013935870490968227, 0.028586365282535553, 0.02408551052212715, 0.014026499353349209, 0.010814057663083076, 0.00729814637452364, 0.0047488464042544365, 0.003846589010208845, 0.003214153926819563, 0.0014969389885663986, 0.0007065224926918745, 0.0005082691786810756, 0.0003611269348766655, 0.0005340961506590247, 0.0006176658789627254, 0.0005845968844369054, 0.0006089697126299143, 0.0004486936086323112, 0.0003192631993442774, 0.0004002088971901685, 0.00047384656500071287, 0.00037507902015931904, 0.00021826902229804546, 0.00011120370618300512, 0.0001245567691512406, 0.00012021820293739438, 8.61998851178214e-05, 8.642354077892378e-05, 0.000177808542503044, 0.00023448957654181868, 0.0001778549631126225, 0.00014728990208823234, 0.0001673766237217933, 0.00022599258227273822, 0.0001439020416000858, 0.00017611395742278546, 0.00017666799249127507, 0.00011745303345378488, 0.00013916834723204374, 0.0002630997623782605, 0.0002671146357897669, 0.00015302587416954339, 0.00014164451567921788, 0.00017872120952233672, 0.0001981334062293172, 0.0001516867196187377, 0.0001245175371877849, 0.00015531580720562488, 8.735249139135703e-05, 7.879306940594688e-05, 6.958868470974267e-05, 6.466003833338618e-05, 7.631556945852935e-05, 8.693800191394985e-05, 0.00018217135220766068, 0.0001937744818860665, 0.00012784614227712154, 5.4913365602260455e-05, 7.552372699137777e-05, 3.867859413730912e-05, 3.6922483559465036e-05, 2.26831416512141e-05, 2.728820800257381e-05, 2.243157541670371e-05, 2.2983700546319596e-05, 1.814217830542475e-05, 7.40879340810352e-06, 1.1174131941515952e-05, 9.77654053713195e-06, 9.763622074387968e-06, 6.3751508605491836e-06, 5.335001333151013e-06, 4.561637069855351e-06, 4.631745468941517e-06, 5.566998424910707e-06, 5.390426849771757e-06, 5.255805263004731e-06, 4.632832315110136e-06, 5.228273948887363e-06, 5.17927173859789e-06, 6.125568688730709e-06, 5.748902822233504e-06, 4.1341231735714246e-06, 5.263862476567738e-06, 6.619561190746026e-06, 9.175500053970609e-06, 1.3421891708276235e-05, 1.2601769412867725e-05, 9.416483408131171e-06, 1.2399018487485591e-05, 1.2554963177535683e-05, 9.311793291999493e-06, 1.2062536370649468e-05, 8.462849109491799e-06, 8.20161949377507e-06, 9.402106115885545e-06, 7.597687726956792e-06, 8.220130439440254e-06, 8.947572496253997e-06, 7.920014468254521e-06, 7.911095963208936e-06, 8.152997907018289e-06, 6.9154443735897075e-06, 7.706521500949748e-06, 6.743778158124769e-06, 6.465297701652162e-06, 5.803464773634914e-06, 6.888437383167911e-06, 8.16683859738987e-06, 7.315001312235836e-06, 5.9851172409253195e-06, 5.388029876485234e-06, 5.118168246553978e-06, 5.09022675032611e-06, 3.954095518565737e-06, 4.0993691072799265e-06, 3.3660585359029938e-06, 1.3367993005886092e-06, 6.355471526831025e-08, 6.740296099039256e-10, 7.951344027645746e-10, 2.8671195625995516e-11, 2.144584163032981e-11, 2.094424807197459e-11, 2.053034131588305e-11, 2.0235908435028982e-11, 2.0022058663804465e-11, 1.9891754909906467e-11], "lowlevel.mfcc.mean": [-682.7211303710938, 66.70391845703125, 24.249773025512695, 27.427762985229492, 44.705955505371094, 24.99090576171875, 14.872166633605957, 25.844371795654297, 11.148348808288574, 13.203185081481934, 15.973589897155762, 16.942996978759766, 10.036442756652832], "lowlevel.spectral_contrast_coeffs.mean": [-0.7177053093910217, -0.8190731406211853, -0.8389381766319275, -0.8107402920722961, -0.7684982419013977, -0.7910621762275696], "lowlevel.spectral_contrast_coeffs.stdev": [0.09730686992406845, 0.0698079839348793, 0.05393783375620842, 0.05676225945353508, 0.0733548179268837, 0.03810232877731323], "lowlevel.spectral_contrast_valleys.mean": [-7.273739337921143, -7.881984233856201, -8.157547950744629, -7.896504878997803, -7.925142288208008, -9.703320503234863], "lowlevel.spectral_contrast_valleys.stdev": [1.006866693496704, 1.2099361419677734, 1.2621700763702393, 1.009838342666626, 0.8828489184379578, 0.8323794603347778], "rhythm.beats_loudness_band_ratio.mean": [0.7692224979400635, 0.03282074257731438, 0.03880897909402847, 0.04025384411215782, 0.0664789080619812, 0.061326514929533005], "rhythm.beats_loudness_band_ratio.stdev": [0.22627747058868408, 0.0513339638710022, 0.06596008688211441, 0.051278457045555115, 0.07564771920442581, 0.08905217796564102], "tonal.hpcp.mean": [0.06413266807794571, 0.08053790777921677, 0.07622814923524857, 0.08159836381673813, 0.13297167420387268, 0.1664494127035141, 0.161250039935112, 0.1343538463115692, 0.10347078740596771, 0.09114671498537064, 0.08472844958305359, 0.07573875039815903, 0.06256089359521866, 0.04915498569607735, 0.047116968780756, 0.05010586977005005, 0.048079006373882294, 0.04674568772315979, 0.061184290796518326, 0.07839075475931168, 0.10193715989589691, 0.11301873624324799, 0.09462007880210876, 0.09425127506256104, 0.10807161033153534, 0.08282983303070068, 0.04799683392047882, 0.0382474809885025, 0.03158295154571533, 0.0314122773706913, 0.03484776243567467, 0.039355773478746414, 0.040064312517642975, 0.03972461074590683, 0.04862924665212631, 0.056410547345876694], "tonal.hpcp.stdev": [0.1953469216823578, 0.2347855567932129, 0.22078709304332733, 0.22387230396270752, 0.2885898947715759, 0.32363608479499817, 0.3127177953720093, 0.28981900215148926, 0.2498513162136078, 0.24001525342464447, 0.23258884251117706, 0.21762724220752716, 0.19765041768550873, 0.1747816950082779, 0.17007330060005188, 0.16788238286972046, 0.16371111571788788, 0.15147295594215393, 0.18097181618213654, 0.21441052854061127, 0.2548394501209259, 0.2727246880531311, 0.25119391083717346, 0.22891493141651154, 0.2634585201740265, 0.20965798199176788, 0.1595090925693512, 0.143095001578331, 0.12359052151441574, 0.13448984920978546, 0.1364264339208603, 0.14632874727249146, 0.14845655858516693, 0.14860688149929047, 0.16958247125148773, 0.18345874547958374], "rhythm.beats_position": [0.5224489569664001, 1.0681178569793701, 1.6253968477249146, 2.1710658073425293, 2.705124616622925, 3.250793695449829, 3.808072566986084, 4.36535120010376, 4.887800216674805, 5.41024923324585, 5.9326982498168945, 6.44353723526001, 6.965986251831055, 7.47682523727417, 7.999274253845215, 8.521722793579102, 9.055782318115234, 9.566620826721191, 10.077460289001465, 10.599908828735352, 11.122358322143555, 11.644806861877441, 12.167256355285645, 12.678094863891602, 13.188934326171875, 13.711382865905762, 14.222222328186035, 14.744670867919922, 15.267120361328125, 15.789568901062012, 16.3120174407959, 16.8344669342041, 17.345306396484375, 17.867753982543945, 18.39020347595215, 18.901042938232422, 19.423492431640625, 19.945940017700195, 20.45677947998047, 20.9908390045166, 21.501678466796875, 22.012516021728516, 22.52335548400879, 23.034194946289062, 23.556644439697266, 24.079092025756836], "rhythm.bpm_histogram": [0.0, 0.0, 0.0, 0.0, 0.0, 0.0, 0.0, 0.0, 0.0, 0.0, 0.0, 0.0, 0.0, 0.0, 0.0, 0.0, 0.0, 0.0, 0.0, 0.0, 0.0, 0.0, 0.0, 0.0, 0.0, 0.0, 0.0, 0.0, 0.0, 0.0, 0.0, 0.0, 0.0, 0.0, 0.0, 0.0, 0.0, 0.0, 0.0, 0.0, 0.0, 0.0, 0.0, 0.0, 0.0, 0.0, 0.0, 0.0, 0.0, 0.0, 0.0, 0.0, 0.0, 0.0, 0.0, 0.0, 0.0, 0.0, 0.0, 0.0, 0.0, 0.0, 0.0, 0.0, 0.0, 0.0, 0.0, 0.0, 0.0, 0.0, 0.0, 0.0, 0.0, 0.0, 0.0, 0.0, 0.0, 0.0, 0.0, 0.0, 0.0, 0.0, 0.0, 0.0, 0.0, 0.0, 0.0, 0.0, 0.0, 0.0, 0.0, 0.0, 0.0, 0.0, 0.0, 0.0, 0.0, 0.0, 0.0, 0.0, 0.0, 0.0, 0.0, 0.0, 0.0, 0.0, 0.0, 0.0, 0.06666667014360428, 0.0, 0.06666667014360428, 0.0, 0.06666667014360428, 0.0, 0.0, 0.4888888895511627, 0.0, 0.31111112236976624, 0.0, 0.0, 0.0, 0.0, 0.0, 0.0, 0.0, 0.0, 0.0, 0.0, 0.0, 0.0, 0.0, 0.0, 0.0, 0.0, 0.0, 0.0, 0.0, 0.0, 0.0, 0.0, 0.0, 0.0, 0.0, 0.0, 0.0, 0.0, 0.0, 0.0, 0.0, 0.0, 0.0, 0.0, 0.0, 0.0, 0.0, 0.0, 0.0, 0.0, 0.0, 0.0, 0.0, 0.0, 0.0, 0.0, 0.0, 0.0, 0.0, 0.0, 0.0, 0.0, 0.0, 0.0, 0.0, 0.0, 0.0, 0.0, 0.0, 0.0, 0.0, 0.0, 0.0, 0.0, 0.0, 0.0, 0.0, 0.0, 0.0, 0.0, 0.0, 0.0, 0.0, 0.0, 0.0, 0.0, 0.0, 0.0, 0.0, 0.0, 0.0, 0.0, 0.0, 0.0, 0.0, 0.0, 0.0, 0.0, 0.0, 0.0, 0.0, 0.0, 0.0, 0.0, 0.0, 0.0, 0.0, 0.0, 0.0, 0.0, 0.0, 0.0, 0.0, 0.0, 0.0, 0.0, 0.0, 0.0, 0.0, 0.0, 0.0, 0.0, 0.0, 0.0, 0.0, 0.0, 0.0, 0.0, 0.0, 0.0, 0.0, 0.0, 0.0, 0.0, 0.0, 0.0, 0.0, 0.0, 0.0, 0.0, 0.0, 0.0], "tonal.chords_histogram": [0.0, 11.50943374633789, 27.547170639038086, 0.5660377144813538, 0.0, 0.0, 0.0, 11.50943374633789, 8.49056625366211, 6.792452812194824, 2.4528300762176514, 0.0, 17.169811248779297, 8.679244995117188, 5.094339847564697, 0.0, 0.0, 0.0, 0.18867924809455872, 0.0, 0.0, 0.0, 0.0, 0.0], "tonal.thpcp": [1.0, 0.9687630534172058, 0.8071752786636353, 0.6216350197792053, 0.5475940704345703, 0.5090342164039612, 0.45502564311027527, 0.37585529685020447, 0.29531487822532654, 0.28307080268859863, 0.3010276257991791, 0.2888505756855011, 0.2808402180671692, 0.3675849139690399, 0.4709584414958954, 0.6124212741851807, 0.6789975166320801, 0.5684614777565002, 0.5662457942962646, 0.6492760181427002, 0.4976276755332947, 0.28835687041282654, 0.22978441417217255, 0.18974505364894867, 0.18871966004371643, 0.20935948193073273, 0.23644284904003143, 0.2406996339559555, 0.23865875601768494, 0.29215630888938904, 0.33890506625175476, 0.3852982521057129, 0.4838581681251526, 0.4579658508300781, 0.49022921919822693, 0.7988713979721069], "lowlevel.gfcc.cov": [[6160.1181640625, 811.0894165039062, -1615.6568603515625, -899.0101928710938, -639.6514282226562, -589.6732177734375, -488.42041015625, -176.27999877929688, -200.770263671875, -283.8915100097656, -207.5480499267578, 73.66419982910156, -207.78231811523438], [811.0894165039062, 1814.63671875, -193.34922790527344, -593.0863647460938, 73.47917938232422, -426.37841796875, -307.5041809082031, 31.541690826416016, -15.408495903015137, -367.9580993652344, -54.73845291137695, 30.4824161529541, -96.98308563232422], [-1615.6568603515625, -193.34922790527344, 1309.935302734375, 667.257568359375, 108.0760498046875, 127.69371795654297, 54.29185485839844, -134.12109375, -81.46159362792969, 33.62804412841797, -19.883195877075195, -115.77507781982422, 28.80449676513672], [-899.0101928710938, -593.0863647460938, 667.257568359375, 835.7694702148438, 162.0353546142578, 133.05001831054688, -0.882128894329071, -163.3225860595703, -24.096220016479492, 115.06928253173828, -8.033746719360352, -126.02171325683594, 18.121225357055664], [-639.6514282226562, 73.47917938232422, 108.0760498046875, 162.0353546142578, 438.8506164550781, 156.47357177734375, 47.11414337158203, 61.076725006103516, 82.75437927246094, -7.714053153991699, 5.712708473205566, -40.79405975341797, -37.15458297729492], [-589.6732177734375, -426.37841796875, 127.69371795654297, 133.05001831054688, 156.47357177734375, 457.5939636230469, 351.0679931640625, 56.981544494628906, -28.276857376098633, 42.750526428222656, 12.232420921325684, -38.30300521850586, 27.20612144470215], [-488.42041015625, -307.5041809082031, 54.29185485839844, -0.882128894329071, 47.11414337158203, 351.0679931640625, 468.7629699707031, 133.46435546875, -15.532441139221191, 35.21623611450195, 13.07157039642334, 2.6463682651519775, 35.046051025390625], [-176.27999877929688, 31.541690826416016, -134.12109375, -163.3225860595703, 61.076725006103516, 56.981544494628906, 133.46435546875, 244.8055877685547, 137.41958618164062, -4.668612003326416, 34.53721618652344, 56.97920608520508, 8.21932601928711], [-200.770263671875, -15.408495903015137, -81.46159362792969, -24.096220016479492, 82.75437927246094, -28.276857376098633, -15.532441139221191, 137.41958618164062, 212.48159790039062, 72.62171936035156, 37.278255462646484, 24.87610626220703, 0.43910306692123413], [-283.8915100097656, -367.9580993652344, 33.62804412841797, 115.06928253173828, -7.714053153991699, 42.750526428222656, 35.21623611450195, -4.668612003326416, 72.62171936035156, 203.6785125732422, 70.68587493896484, -8.428155899047852, 18.9810733795166], [-207.5480499267578, -54.73845291137695, -19.883195877075195, -8.033746719360352, 5.712708473205566, 12.232420921325684, 13.07157039642334, 34.53721618652344, 37.278255462646484, 70.68587493896484, 117.42282104492188, 50.42620086669922, 12.773721694946289], [73.66419982910156, 30.4824161529541, -115.77507781982422, -126.02171325683594, -40.79405975341797, -38.30300521850586, 2.6463682651519775, 56.97920608520508, 24.87610626220703, -8.428155899047852, 50.42620086669922, 113.861328125, 46.17523956298828], [-207.78231811523438, -96.98308563232422, 28.80449676513672, 18.121225357055664, -37.15458297729492, 27.20612144470215, 35.046051025390625, 8.21932601928711, 0.43910306692123413, 18.9810733795166, 12.773721694946289, 46.17523956298828, 103.5666732788086]], "lowlevel.gfcc.icov": [[0.0004480071074794978, -0.00027205244987271726, 0.0006007497431710362, -0.00036381446989253163, 0.0007031343411654234, -0.00036829247255809605, 0.00036103648017160594, -2.439906711515505e-05, 0.00034948918619193137, -0.0003649157879408449, 0.0010937009938061237, -0.0009137901361100376, 0.0011073150672018528], [-0.00027205244987271726, 0.0026600388810038567, -0.0010579414665699005, 0.002517343731597066, -0.0020643947646021843, 0.003012840636074543, -0.0011993657099083066, 0.0017932875780388713, -0.0016515807947143912, 0.004819762427359819, -0.0035608948674052954, 0.0034613630268722773, -0.0014499956741929054], [0.0006007497431710362, -0.0010579414665699005, 0.002377899596467614, -0.0022517519537359476, 0.0014135920209810138, -0.0010201041586697102, 0.0004697315162047744, -0.0006868538912385702, 0.0012022570008412004, -0.0012517910217866302, 0.0018182831117883325, -0.0013365644263103604, 0.001213837880641222], [-0.00036381446989253163, 0.002517343731597066, -0.0022517519537359476, 0.005400319118052721, -0.002849067095667124, 0.0025000853929668665, -0.0010694194352254272, 0.003351592691615224, -0.0023529084865003824, 0.0035546678118407726, -0.0036772401072084904, 0.004895039368420839, -0.002644600812345743], [0.0007031343411654234, -0.0020643947646021843, 0.0014135920209810138, -0.002849067095667124, 0.0060310037806630135, -0.004637803416699171, 0.002316712634637952, -0.0015966695500537753, -0.0005397278582677245, -0.0019286328461021185, 0.0029972302727401257, -0.0031187364365905523, 0.003684133291244507], [-0.00036829247255809605, 0.003012840636074543, -0.0010201041586697102, 0.0025000853929668665, -0.004637803416699171, 0.010883821174502373, -0.006787372287362814, 0.002755324123427272, -0.0008470214670524001, 0.00527394050732255, -0.005479441024363041, 0.006430784240365028, -0.0036704172380268574], [0.00036103648017160594, -0.0011993657099083066, 0.0004697315162047744, -0.0010694194352254272, 0.002316712634637952, -0.006787372287362814, 0.00849084835499525, -0.006010549142956734, 0.00411910330876708, -0.004242677707225084, 0.003757260739803314, -0.002696669427677989, 0.0013745848555117846], [-2.439906711515505e-05, 0.0017932875780388713, -0.0006868538912385702, 0.003351592691615224, -0.0015966695500537753, 0.002755324123427272, -0.006010549142956734, 0.01586819998919964, -0.011415528133511543, 0.007851610891520977, -0.00449042022228241, 0.0002620227460283786, -0.00024067361664492637], [0.00034948918619193137, -0.0016515807947143912, 0.0012022570008412004, -0.0023529084865003824, -0.0005397278582677245, -0.0008470214670524001, 0.00411910330876708, -0.011415528133511543, 0.015666360035538673, -0.00964659545570612, 0.0047910274006426334, -0.0027325465343892574, 0.001101804431527853], [-0.0003649157879408449, 0.004819762427359819, -0.0012517910217866302, 0.0035546678118407726, -0.0019286328461021185, 0.00527394050732255, -0.004242677707225084, 0.007851610891520977, -0.00964659545570612, 0.019992684945464134, -0.013534641824662685, 0.010161658748984337, -0.004241792019456625], [0.0010937009938061237, -0.0035608948674052954, 0.0018182831117883325, -0.0036772401072084904, 0.0029972302727401257, -0.005479441024363041, 0.003757260739803314, -0.00449042022228241, 0.0047910274006426334, -0.013534641824662685, 0.022724805399775505, -0.01562645100057125, 0.007221491076052189], [-0.0009137901361100376, 0.0034613630268722773, -0.0013365644263103604, 0.004895039368420839, -0.0031187364365905523, 0.006430784240365028, -0.002696669427677989, 0.0002620227460283786, -0.0027325465343892574, 0.010161658748984337, -0.01562645100057125, 0.027008239179849625, -0.012958243489265442], [0.0011073150672018528, -0.0014499956741929054, 0.001213837880641222, -0.002644600812345743, 0.003684133291244507, -0.0036704172380268574, 0.0013745848555117846, -0.00024067361664492637, 0.001101804431527853, -0.004241792019456625, 0.007221491076052189, -0.012958243489265442, 0.01814381033182144]], "lowlevel.mfcc.cov": [[7265.09326171875, 764.2988891601562, -1457.56201171875, -720.713623046875, -666.5481567382812, -678.2374267578125, -628.5050048828125, -167.39161682128906, -383.44219970703125, -410.572265625, -155.2096710205078, -222.95611572265625, -177.20643615722656], [764.2988891601562, 2051.787353515625, -418.3398132324219, -330.132568359375, 56.02995681762695, -551.62548828125, -290.6597900390625, 165.71621704101562, -111.72767639160156, -316.0406799316406, -62.124488830566406, -7.023595333099365, -93.8516845703125], [-1457.56201171875, -418.3398132324219, 1120.17529296875, 466.0309753417969, 107.22024536132812, 248.6937255859375, 158.5113067626953, -125.87779235839844, 1.979872703552246, 37.001991271972656, -102.84088897705078, -44.35230255126953, 15.300766944885254], [-720.713623046875, -330.132568359375, 466.0309753417969, 574.0599365234375, 269.2811584472656, 144.31787109375, -45.96629333496094, -154.05905151367188, -44.17119216918945, 49.11507034301758, -31.28829002380371, -64.80506134033203, -2.0486438274383545], [-666.5481567382812, 56.02995681762695, 107.22024536132812, 269.2811584472656, 472.73541259765625, 72.40669250488281, -77.13079833984375, -24.99260139465332, -13.862212181091309, 38.119380950927734, 25.657255172729492, -14.694847106933594, -16.035131454467773], [-678.2374267578125, -551.62548828125, 248.6937255859375, 144.31787109375, 72.40669250488281, 441.7803955078125, 286.37017822265625, -7.887143135070801, 63.50149917602539, 136.12985229492188, 3.2461626529693604, -14.846521377563477, -19.176925659179688], [-628.5050048828125, -290.6597900390625, 158.5113067626953, -45.96629333496094, -77.13079833984375, 286.37017822265625, 403.26434326171875, 140.5811004638672, 92.40898132324219, 80.3365249633789, 15.934053421020508, 32.19469451904297, -9.160502433776855], [-167.39161682128906, 165.71621704101562, -125.87779235839844, -154.05905151367188, -24.99260139465332, -7.887143135070801, 140.5811004638672, 304.1571350097656, 123.96182250976562, 21.26947784423828, 13.819608688354492, 62.22627639770508, 9.043062210083008], [-383.44219970703125, -111.72767639160156, 1.979872703552246, -44.17119216918945, -13.862212181091309, 63.50149917602539, 92.40898132324219, 123.96182250976562, 188.22372436523438, 95.70616149902344, 25.5801944732666, 34.732269287109375, 31.803953170776367], [-410.572265625, -316.0406799316406, 37.001991271972656, 49.11507034301758, 38.119380950927734, 136.12985229492188, 80.3365249633789, 21.26947784423828, 95.70616149902344, 184.8148956298828, 80.46591186523438, 35.90547180175781, 22.527881622314453], [-155.2096710205078, -62.124488830566406, -102.84088897705078, -31.28829002380371, 25.657255172729492, 3.2461626529693604, 15.934053421020508, 13.819608688354492, 25.5801944732666, 80.46591186523438, 133.87518310546875, 72.24601745605469, 26.28077507019043], [-222.95611572265625, -7.023595333099365, -44.35230255126953, -64.80506134033203, -14.694847106933594, -14.846521377563477, 32.19469451904297, 62.22627639770508, 34.732269287109375, 35.90547180175781, 72.24601745605469, 129.1895751953125, 57.922096252441406], [-177.20643615722656, -93.8516845703125, 15.300766944885254, -2.0486438274383545, -16.035131454467773, -19.176925659179688, -9.160502433776855, 9.043062210083008, 31.803953170776367, 22.527881622314453, 26.28077507019043, 57.922096252441406, 104.72810363769531]], "lowlevel.mfcc.icov": [[0.00032369757536798716, 6.0576781834242865e-05, 0.00033557333517819643, 5.407948628999293e-05, 0.000440182484453544, -0.00010453686263645068, 0.00047561019891873, -0.00014189413923304528, 0.0004254503583069891, 0.00015721945965196937, 0.00014111617929302156, 0.00033234970760531723, 0.00027389597380533814], [6.0576781834242865e-05, 0.0011200535809621215, -2.0175495592411608e-05, 0.0005002882680855691, -0.0005568436463363469, 0.001039465656504035, 8.55670659802854e-05, -0.0004983980325050652, 4.4609019823838025e-05, 0.0011820279760286212, -5.868337757419795e-05, -0.00010817537986440584, 0.001081308233551681], [0.00033557333517819643, -2.0175495592411608e-05, 0.002247974742203951, -0.0015400983393192291, 0.0005785176181234419, 0.0002445386489853263, -0.0009270512382499874, 0.000866216083522886, 2.4347329599549994e-05, -0.00011264867498539388, 0.002062653424218297, -0.0006580494227819145, 3.182396903866902e-05], [5.407948628999293e-05, 0.0005002882680855691, -0.0015400983393192291, 0.0047990307211875916, -0.0020093810744583607, -0.00035198123077861965, 0.0011562324361875653, 0.000253837468335405, 0.0008283897186629474, -0.0004583786940202117, -0.00013874626893084496, 0.001464393106289208, -0.00036223529605194926], [0.000440182484453544, -0.0005568436463363469, 0.0005785176181234419, -0.0020093810744583607, 0.004693586379289627, -0.002514266176149249, 0.0028570545837283134, -0.0016406928189098835, 0.0007890856359153986, 0.00037366931792348623, -0.0015673346351832151, 0.0005649392842315137, 0.0005326534737832844], [-0.00010453686263645068, 0.001039465656504035, 0.0002445386489853263, -0.00035198123077861965, -0.002514266176149249, 0.009771437384188175, -0.0072547621093690395, 0.002998347394168377, -0.0003020513686351478, -0.0037669234443455935, 0.0036069219931960106, -0.0006005705217830837, 0.0015518962172791362], [0.00047561019891873, 8.55670659802854e-05, -0.0009270512382499874, 0.0011562324361875653, 0.0028570545837283134, -0.0072547621093690395, 0.010626830160617828, -0.00503526208922267, 0.0009330552420578897, 0.002439218806102872, -0.003225256223231554, 0.0007333641406148672, 0.001108533120714128], [-0.00014189413923304528, -0.0004983980325050652, 0.000866216083522886, 0.000253837468335405, -0.0016406928189098835, 0.002998347394168377, -0.00503526208922267, 0.008667068555951118, -0.004591653123497963, -0.0005154127720743418, 0.0031044320203363895, -0.003365862648934126, 0.0008884817943908274], [0.0004254503583069891, 4.4609019823838025e-05, 2.4347329599549994e-05, 0.0008283897186629474, 0.0007890856359153986, -0.0003020513686351478, 0.0009330552420578897, -0.004591653123497963, 0.012090402655303478, -0.0061358199454844, 0.001892436877824366, 0.0016868173843249679, -0.0024434702936559916], [0.00015721945965196937, 0.0011820279760286212, -0.00011264867498539388, -0.0004583786940202117, 0.00037366931792348623, -0.0037669234443455935, 0.002439218806102872, -0.0005154127720743418, -0.0061358199454844, 0.01646786741912365, -0.009184417314827442, 0.0010847172234207392, 0.0009838909609243274], [0.00014111617929302156, -5.868337757419795e-05, 0.002062653424218297, -0.00013874626893084496, -0.0015673346351832151, 0.0036069219931960106, -0.003225256223231554, 0.0031044320203363895, 0.001892436877824366, -0.009184417314827442, 0.019071996212005615, -0.00873563066124916, 0.00119882938452065], [0.00033234970760531723, -0.00010817537986440584, -0.0006580494227819145, 0.001464393106289208, 0.0005649392842315137, -0.0006005705217830837, 0.0007333641406148672, -0.003365862648934126, 0.0016868173843249679, 0.0010847172234207392, -0.00873563066124916, 0.017710860818624496, -0.007427296135574579], [0.00027389597380533814, 0.001081308233551681, 3.182396903866902e-05, -0.00036223529605194926, 0.0005326534737832844, 0.0015518962172791362, 0.001108533120714128, 0.0008884817943908274, -0.0024434702936559916, 0.0009838909609243274, 0.00119882938452065, -0.007427296135574579, 0.015692606568336487]], "metadata.audio_properties.analysis.downmix": "mix", "metadata.audio_properties.codec": "mp3", "metadata.audio_properties.md5_encoded": "9ab483a63eaac2948981838cdcda40fc", "metadata.tags.file_name": "1183704344487534652.mp3", "metadata.version.essentia": "2.1-beta6-dev", "metadata.version.essentia_git_sha": "v2.1_beta5-1110-g77a6a954", "metadata.version.extractor": "music 2.0", "tonal.chords_key": "B", "tonal.chords_scale": "major", "tonal.key_edma.key": "A", "tonal.key_edma.scale": "minor", "tonal.key_krumhansl.key": "E", "tonal.key_krumhansl.scale": "major", "tonal.key_temperley.key": "E", "tonal.key_temperley.scale": "major", "metadata.tags.encoding": ["Lavf58.45.100"]}, "essentia_models": [{"model_name": "genre_dortmund", "activations": {"alternative": "0.014041918", "blues": "0.0017636582", "electronic": "0.63544035", "folkcountry": "0.0021942202", "funksoulrnb": "0.034837306", "jazz": "0.0084043965", "pop": "0.011449681", "raphiphop": "0.50522864", "rock": "0.051086947"}}, {"model_name": "genre_rosamerica", "activations": {"classic": "0.012515631", "dance": "0.043717876", "hip hop": "0.106541105", "jazz": "0.0046098037", "pop": "0.0026150136", "rhythm and 