{"song_id": "1183713240799248407", "download": "https://cdn.discordapp.com/attachments/1135911532732108921/1183713240799248407/chirp.mp4?ex=658955dc&amp", "lyrics": "Bhale Manchi Roju Pasandaina Roju\nVasanthalu Pooche Neti Roju \nAaaa... Vasanthalu Pooche Neti Roju \n\nGundeloni Korikallani Guvvaluga Egisina Roju\nGuvvalaina Aa Korikale Gutilona Cherina Roju\nNingiloni Andhalanni Mungitalone Nilichina Roju\nBhale Manchi Roju Pasandaina Roju\nVasanthalu Pooche Neti Roju \nAaaa... Vasanthalu Pooche Neti Roju\n\nChandamaama Andhina Roju\nBrindhavani Navvina Roju\nTholivalapulu Chilikina Roju\nKuladaivam Palikina Roju \n\nChandamaama Andhina Roju\nBrindhavani Navvina Roju\nTholivalapulu Chilikina Roju\nKuladaivam Palikina Roju\nKannathalli Aasalanni \nSanna Jaajulai Virisina Roju\nBhale Manchi Roju Pasandaina Roju\nVasanthalu Pooche Neti Roju \nAaaa... Vasanthalu Pooche Neti Roju", "style": ["romantic"], "essentia_features": {"lowlevel.average_loudness": 0.9770035743713379, "lowlevel.barkbands_crest.mean": 12.085185050964355, "lowlevel.barkbands_crest.stdev": 2.8610920906066895, "lowlevel.barkbands_flatness_db.mean": 0.4210487902164459, "lowlevel.barkbands_flatness_db.stdev": 0.11524665355682373, "lowlevel.barkbands_kurtosis.mean": 29.120943069458008, "lowlevel.barkbands_kurtosis.stdev": 26.565568923950195, "lowlevel.barkbands_skewness.mean": 3.3744311332702637, "lowlevel.barkbands_skewness.stdev": 2.0292153358459473, "lowlevel.barkbands_spread.mean": 4.292172431945801, "lowlevel.barkbands_spread.stdev": 5.81918478012085, "lowlevel.dissonance.mean": 0.44501158595085144, "lowlevel.dissonance.stdev": 0.04281715303659439, "lowlevel.dynamic_complexity": 0.9028645753860474, "lowlevel.erbbands_crest.mean": 13.618342399597168, "lowlevel.erbbands_crest.stdev": 3.986631155014038, "lowlevel.erbbands_flatness_db.mean": 0.2904307544231415, "lowlevel.erbbands_flatness_db.stdev": 0.09116688370704651, "lowlevel.erbbands_kurtosis.mean": 11.547155380249023, "lowlevel.erbbands_kurtosis.stdev": 13.049574851989746, "lowlevel.erbbands_skewness.mean": 2.5200960636138916, "lowlevel.erbbands_skewness.stdev": 1.9607614278793335, "lowlevel.erbbands_spread.mean": 35.46216583251953, "lowlevel.erbbands_spread.stdev": 40.868892669677734, "lowlevel.hfc.mean": 16.91558265686035, "lowlevel.hfc.stdev": 9.670683860778809, "lowlevel.loudness_ebu128.integrated": -13.88336181640625, "lowlevel.loudness_ebu128.loudness_range": 0.9755792617797852, "lowlevel.loudness_ebu128.momentary.mean": -13.95473861694336, "lowlevel.loudness_ebu128.momentary.stdev": 0.8094266057014465, "lowlevel.loudness_ebu128.short_term.mean": -13.819857597351074, "lowlevel.loudness_ebu128.short_term.stdev": 0.3257405757904053, "lowlevel.melbands_crest.mean": 21.200096130371094, "lowlevel.melbands_crest.stdev": 3.333308219909668, "lowlevel.melbands_flatness_db.mean": 0.5358273983001709, "lowlevel.melbands_flatness_db.stdev": 0.1342097669839859, "lowlevel.melbands_kurtosis.mean": 87.74205780029297, "lowlevel.melbands_kurtosis.stdev": 86.40079498291016, "lowlevel.melbands_skewness.mean": 5.572844982147217, "lowlevel.melbands_skewness.stdev": 3.6524147987365723, "lowlevel.melbands_spread.mean": 2.462827444076538, "lowlevel.melbands_spread.stdev": 5.015552997589111, "lowlevel.pitch_salience.mean": 0.3669086992740631, "lowlevel.pitch_salience.stdev": 0.09145437180995941, "lowlevel.silence_rate_20dB.mean": 1.0, "lowlevel.silence_rate_20dB.stdev": 0.0, "lowlevel.silence_rate_30dB.mean": 0.6775956153869629, "lowlevel.silence_rate_30dB.stdev": 0.4673962891101837, "lowlevel.silence_rate_60dB.mean": 0.0021857924293726683, "lowlevel.silence_rate_60dB.stdev": 0.046701233834028244, "lowlevel.spectral_centroid.mean": 306.494140625, "lowlevel.spectral_centroid.stdev": 282.6799621582031, "lowlevel.spectral_complexity.mean": 6.1071038246154785, "lowlevel.spectral_complexity.stdev": 4.089635372161865, "lowlevel.spectral_decrease.mean": -2.3886290279051536e-08, "lowlevel.spectral_decrease.stdev": 6.602255631094067e-09, "lowlevel.spectral_energy.mean": 0.09168654680252075, "lowlevel.spectral_energy.stdev": 0.025261525064706802, "lowlevel.spectral_energyband_high.mean": 0.00038375830627046525, "lowlevel.spectral_energyband_high.stdev": 0.0010479901684448123, "lowlevel.spectral_energyband_low.mean": 0.07524652034044266, "lowlevel.spectral_energyband_low.stdev": 0.025271829217672348, "lowlevel.spectral_energyband_middle_high.mean": 0.0014269016683101654, "lowlevel.spectral_energyband_middle_high.stdev": 0.0027681526262313128, "lowlevel.spectral_energyband_middle_low.mean": 0.028683414682745934, "lowlevel.spectral_energyband_middle_low.stdev": 0.011260895989835262, "lowlevel.spectral_entropy.mean": 5.382311820983887, "lowlevel.spectral_entropy.stdev": 1.1713453531265259, "lowlevel.spectral_flux.mean": 0.05473608896136284, "lowlevel.spectral_flux.stdev": 0.027954211458563805, "lowlevel.spectral_kurtosis.mean": 38.112098693847656, "lowlevel.spectral_kurtosis.stdev": 45.71849822998047, "lowlevel.spectral_rms.mean": 0.009353118017315865, "lowlevel.spectral_rms.stdev": 0.0014034280320629478, "lowlevel.spectral_rolloff.mean": 194.41094970703125, "lowlevel.spectral_rolloff.stdev": 401.9586486816406, "lowlevel.spectral_skewness.mean": 4.367097854614258, "lowlevel.spectral_skewness.stdev": 2.9397473335266113, "lowlevel.spectral_spread.mean": 3815597.0, "lowlevel.spectral_spread.stdev": 2808979.5, "lowlevel.spectral_strongpeak.mean": 0.8562228679656982, "lowlevel.spectral_strongpeak.stdev": 0.416568398475647, "lowlevel.zerocrossingrate.mean": 0.014457394368946552, "lowlevel.zerocrossingrate.stdev": 0.013429301790893078, "metadata.audio_properties.analysis.equal_loudness": 0.0, "metadata.audio_properties.analysis.length": 21.2053279876709, "metadata.audio_properties.analysis.sample_rate": 44100.0, "metadata.audio_properties.analysis.start_time": 0.0, "metadata.audio_properties.bit_rate": 115643.0, "metadata.audio_properties.length": 21.205333709716797, "metadata.audio_properties.lossless": 0.0, "metadata.audio_properties.number_channels": 1.0, "metadata.audio_properties.replay_gain": -9.084562301635742, "metadata.audio_properties.sample_rate": 48000.0, "rhythm.beats_count": 36.0, "rhythm.beats_loudness.mean": 0.10131894797086716, "rhythm.beats_loudness.stdev": 0.021583018824458122, "rhythm.bpm": 105.77833557128906, "rhythm.bpm_histogram_first_peak_bpm": 105.0, "rhythm.bpm_histogram_first_peak_weight": 0.6363636255264282, "rhythm.bpm_histogram_second_peak_bpm": 110.0, "rhythm.bpm_histogram_second_peak_spread": 0.0, "rhythm.bpm_histogram_second_peak_weight": 0.20000000298023224, "rhythm.danceability": 1.1064783334732056, "rhythm.onset_rate": 3.6281328201293945, "tonal.chords_changes_rate": 0.030567685142159462, "tonal.chords_number_rate": 0.006550218444317579, "tonal.chords_strength.mean": 0.5225392580032349, "tonal.chords_strength.stdev": 0.03258868306875229, "tonal.hpcp_crest.mean": 17.05512809753418, "tonal.hpcp_crest.stdev": 5.050976276397705, "tonal.hpcp_entropy.mean": 1.344739317893982, "tonal.hpcp_entropy.stdev": 0.5447052717208862, "tonal.key_edma.strength": 0.7168824672698975, "tonal.key_krumhansl.strength": 0.7026738524436951, "tonal.key_temperley.strength": 0.6785045266151428, "tonal.tuning_diatonic_strength": 0.570135772228241, "tonal.tuning_equal_tempered_deviation": 0.058652423322200775, "tonal.tuning_frequency": 438.98455810546875, "tonal.tuning_nontempered_energy_ratio": 0.6215531826019287, "lowlevel.barkbands.mean": [4.311176962801255e-05, 0.02090735174715519, 0.04027295112609863, 0.017830228433012962, 0.01050049439072609, 6.763471174053848e-05, 4.77427092846483e-05, 0.00016113063611555845, 2.368563218624331e-05, 7.671009370824322e-05, 0.00014956446830183268, 0.00014482649567071348, 0.00016055400192271918, 0.00023954051721375436, 0.00019921257626265287, 0.00020622801093850285, 0.00020131428027525544, 4.2470543121453375e-05, 1.107121443055803e-05, 5.7150715292664245e-05, 4.11456057918258e-05, 6.220801151357591e-05, 9.030402725329623e-05, 4.721206641988829e-05, 9.08357760636136e-05, 1.2041344234603457e-05, 4.26702229106013e-09], "lowlevel.barkbands.stdev": [8.849862933857366e-05, 0.0144233712926507, 0.01704009249806404, 0.006839896086603403, 0.008281387388706207, 0.00014004627882968634, 0.00014927906158845872, 0.0005113888182677329, 7.881149940658361e-05, 0.0002473249624017626, 0.0004330046649556607, 0.000281466927845031, 0.0009332408080808818, 0.0010162013350054622, 0.0005923818680457771, 0.0008344672969542444, 0.0005562842707149684, 0.00010237879178021103, 3.8366360968211666e-05, 0.00023331928241532296, 0.0001781375176506117, 0.00024992579710669816, 0.00034773044171743095, 0.00014966368325985968, 0.00016937003238126636, 4.0081045881379396e-05, 1.3057665171345434e-08], "lowlevel.erbbands.mean": [0.09989334642887115, 6.703876495361328, 43.0803337097168, 63.175575256347656, 51.41865539550781, 19.438810348510742, 5.238828182220459, 0.44554200768470764, 0.3326415419578552, 3.177773952484131, 1.7240487337112427, 0.5021542906761169, 2.8333306312561035, 1.7801215648651123, 7.612397193908691, 7.091238498687744, 8.160731315612793, 11.854385375976562, 12.676960945129395, 10.50461196899414, 8.026254653930664, 10.006756782531738, 4.505927085876465, 0.7285491824150085, 0.8231269717216492, 2.7423226833343506, 2.194676399230957, 1.4150035381317139, 1.8747707605361938, 3.3517825603485107, 2.2645695209503174, 0.8797106742858887, 1.0397197008132935, 1.3852180242538452, 0.37994951009750366, 0.10730835795402527, 0.012717955745756626, 0.00044193078065291047, 5.9746307670138776e-05, 0.0001027296093525365], "lowlevel.erbbands.stdev": [0.06456710398197174, 4.319454669952393, 17.36463737487793, 27.53384017944336, 35.3338737487793, 16.63897132873535, 8.045857429504395, 0.5349134802818298, 0.646874725818634, 8.792099952697754, 5.812299728393555, 1.229670763015747, 9.080267906188965, 4.619286060333252, 21.096736907958984, 9.795024871826172, 46.65673828125, 50.21482467651367, 37.28868103027344, 37.031307220458984, 26.691162109375, 28.330148696899414, 10.089202880859375, 1.9630569219589233, 2.756913185119629, 11.945450782775879, 8.769497871398926, 6.220668315887451, 7.668623924255371, 12.955378532409668, 8.874425888061523, 3.4973840713500977, 2.8419902324676514, 2.478395462036133, 0.8543279767036438, 0.3423311114311218, 0.04705166444182396, 0.0015848675975576043, 5.3599120292346925e-05, 2.8372742235660553e-05], "lowlevel.gfcc.mean": [-120.65604400634766, 134.8662872314453, -37.08991622924805, 60.89337158203125, -0.20720621943473816, 37.48184585571289, -35.52705383300781, -13.231876373291016, -48.45527267456055, -21.488759994506836, -12.330903053283691, -15.09827709197998, -6.799663066864014], "lowlevel.melbands.mean": [0.0030352857429534197, 0.018098361790180206, 0.010090459138154984, 0.0024976821150630713, 0.00025822644238360226, 7.309889952011872e-06, 5.399309429776622e-06, 3.844844104605727e-05, 1.0523834134801291e-05, 3.4870877243520226e-06, 1.421597244188888e-05, 5.57753128305194e-06, 2.3500080715166405e-05, 1.7884363842313178e-05, 2.1879837731830776e-05, 1.1633689609880093e-05, 2.4122717150021344e-05, 2.0681329260696657e-05, 1.2879899259132799e-05, 1.792764123820234e-05, 7.246891527756816e-06, 9.916165254253428e-06, 9.356669579574373e-06, 1.3173390698284493e-06, 4.3748673306254204e-07, 4.1677378703752765e-07, 9.705702268547611e-07, 2.0999054868298117e-06, 1.4999807262938702e-06, 1.1277139719823026e-06, 6.676924613202573e-07, 9.57155748437799e-07, 1.4254545703806798e-06, 2.0329775907157455e-06, 1.4165535731081036e-06, 7.868724196669064e-07, 4.490472917950683e-07, 5.96048607803823e-07, 1.0842958317880402e-06, 1.2154914657003246e-06], "lowlevel.melbands.stdev": [0.0020977663807570934, 0.007211439311504364, 0.003949914127588272, 0.0018814620561897755, 0.0004301933222450316, 1.2229913409100845e-05, 1.4040982023288961e-05, 0.00011050324246753007, 3.7670586607418954e-05, 1.0065412425319664e-05, 4.576695209834725e-05, 1.6327687262673862e-05, 6.960819155210629e-05, 3.567480234778486e-05, 8.559074194636196e-05, 6.293149635894224e-05, 0.00011098107643192634, 6.576492887688801e-05, 4.065217581228353e-05, 7.62583949835971e-05, 2.449351450195536e-05, 3.0362956749740988e-05, 2.3865868570283055e-05, 2.9222337616374716e-06, 1.570318431731721e-06, 1.5092811054273625e-06, 4.215059561829548e-06, 9.065250196726993e-06, 5.9434523791424e-06, 5.118149601912592e-06, 3.132184474452515e-06, 4.185089892416727e-06, 5.842410701006884e-06, 7.86212785897078e-06, 5.631096883007558e-06, 3.310086412966484e-06, 1.8475647038940224e-06, 2.0152963315922534e-06, 2.1974931314616697e-06, 2.1532798655243823e-06], "lowlevel.melbands128.mean": [2.0716037397505715e-05, 3.887821003445424e-05, 0.001089542405679822, 0.014425323344767094, 0.022693529725074768, 0.018513618037104607, 0.014611400663852692, 0.005949359852820635, 0.005959138739854097, 0.002339849015697837, 0.0005611960077658296, 0.0005267173983156681, 0.00012448991765268147, 1.547323881823104e-05, 3.6477574667515e-06, 4.260561127011897e-06, 3.900133833667496e-06, 2.258548875033739e-06, 9.271372618968599e-06, 4.284116948838346e-05, 5.732027784688398e-05, 1.6747679183026776e-05, 5.112607141199987e-06, 1.007136347652704e-06, 7.31889713279088e-07, 3.237843884562608e-06, 1.2378823157632723e-05, 2.2916179659659974e-05, 7.283327249751892e-06, 4.802872808795655e-06, 2.5200070012942888e-06, 1.0999952792190015e-05, 2.708266219997313e-05, 3.5477882192935795e-05, 1.223322487931e-05, 1.6059071640484035e-05, 2.117955227731727e-05, 1.3428987585939467e-05, 3.641689181677066e-05, 1.4578945410903543e-05, 2.907356702053221e-06, 9.706373020890169e-06, 2.6011126465164125e-05, 3.755782745429315e-05, 8.932947821449488e-06, 2.6995821826858446e-05, 1.8078284483635798e-05, 1.6221581972786225e-05, 5.35452454641927e-06, 1.3858730198990088e-05, 2.7536427296581678e-05, 1.3310596841620281e-05, 3.5820414723275462e-06, 6.863101589260623e-06, 9.211244105244987e-06, 7.4892304837703705e-06, 1.2365322618279606e-05, 1.686378709564451e-05, 5.118905846757116e-06, 2.0973081973352237e-06, 1.3023228575548274e-06, 4.5144932414586947e-07, 4.972766873834189e-07, 4.354686495844362e-07, 3.3890631812028005e-07, 4.45524108272366e-07, 3.7793626006532577e-07, 5.850615707458928e-07, 9.661744115874171e-07, 1.7378821439706371e-06, 1.8595183064462617e-06, 2.826486479534651e-06, 1.887260737021279e-06, 1.1031202120648231e-06, 1.1153363175253617e-06, 1.3038023780609365e-06, 1.1149793408549158e-06, 7.602332630085584e-07, 5.42418320037541e-07, 5.368628421820176e-07, 1.0436698403282207e-06, 1.1185704806848662e-06, 8.981808718999673e-07, 1.3369426596909761e-06, 1.958827624548576e-06, 2.1542459762713406e-06, 2.1750697669631336e-06, 1.5899992149570608e-06, 1.3884858844903647e-06, 1.281256231777661e-06, 1.0286338465448353e-06, 6.362332101161883e-07, 3.8683472780576267e-07, 4.2039098957502574e-07, 4.6606305659224745e-07, 5.607234925264493e-07, 5.491909860211308e-07, 7.722759391981526e-07, 9.58573650677863e-07, 1.3360557886699098e-06, 1.4715733414050192e-06, 1.3153592135495273e-06, 7.807459496689262e-07, 4.2380395370855695e-07, 2.6692157462093746e-07, 3.652770317330578e-07, 3.644422577053774e-07, 2.1610536293792393e-07, 1.6760351684297348e-07, 1.2351014788691828e-07, 8.450079036492752e-08, 3.916266066994467e-08, 3.2956489093294294e-08, 7.775918575703145e-09, 4.442855860986583e-09, 1.561958895557325e-10, 5.370433958651333e-11, 1.7012452210862783e-11, 1.5078304924087682e-11, 1.4662228028927693e-11, 1.4326564240496609e-11, 1.4031982173423607e-11, 1.373073616611764e-11, 1.3492497917544366e-11, 1.3253570983751128e-11, 1.2986799136083249e-11, 1.2820956102332914e-11, 1.2743935247361282e-11], "lowlevel.melbands128.stdev": [4.4753749534720555e-05, 7.238126272568479e-05, 0.0008330040145665407, 0.009943857789039612, 0.012625486589968204, 0.010714462026953697, 0.006996252108365297, 0.002895009471103549, 0.004985880572348833, 0.0019424027996137738, 0.0009774748468771577, 0.0009520005551166832, 0.00023207286722026765, 3.35792065015994e-05, 6.701158781652339e-06, 7.4927188506990205e-06, 7.544536856585182e-06, 8.343962690560147e-06, 3.9336660847766325e-05, 0.00012016473192488775, 0.00019823315960820764, 7.62550116633065e-05, 2.7335969207342714e-05, 4.691805770562496e-06, 2.4579135242674965e-06, 1.4401006410480477e-05, 3.768863098230213e-05, 8.641286694910377e-05, 3.0456754757324234e-05, 2.2907772290636785e-05, 9.9791968750651e-06, 5.528885958483443e-05, 0.0001135667334892787, 0.00011713527783285826, 6.977134034968913e-05, 1.4565547644451726e-05, 2.437683542666491e-05, 4.47819875262212e-05, 0.00024267236585728824, 0.00011612890375545248, 1.9800438167294487e-05, 4.330376395955682e-05, 0.0001331701932940632, 0.0002122256555594504, 4.8835212510311976e-05, 0.00012327832519076765, 6.466809281846508e-05, 8.097694080788642e-05, 1.929245627252385e-05, 8.471997716696933e-05, 0.0001299237337661907, 8.135958341881633e-05, 1.721642547636293e-05, 2.8523962100734934e-05, 3.306751386844553e-05, 4.319239087635651e-05, 4.8034875362645835e-05, 5.39871834916994e-05, 1.5013389202067629e-05, 6.477682291006204e-06, 3.574980155462981e-06, 1.3345759271032875e-06, 1.7703949879432912e-06, 1.9007666196557693e-06, 1.9581032120186137e-06, 1.7161024743472808e-06, 1.4737871651959722e-06, 2.0555014543788275e-06, 3.912650754500646e-06, 1.0501350516278762e-05, 9.483543180976994e-06, 1.1565528438950423e-05, 8.17142517917091e-06, 5.123004029883305e-06, 5.135360424901592e-06, 6.340909294522135e-06, 6.100948667153716e-06, 3.6631806779041653e-06, 2.9495834041881608e-06, 2.4094749733194476e-06, 5.055739620729582e-06, 5.503656666405732e-06, 3.92983292840654e-06, 5.722262812923873e-06, 8.793716006039176e-06, 8.665601853863336e-06, 9.202739420288708e-06, 6.7287687670614105e-06, 6.017992291162955e-06, 5.5375348892994225e-06, 4.376915512693813e-06, 3.1024117106426274e-06, 1.9841716039081803e-06, 1.8844156102204579e-06, 2.0639438389480347e-06, 2.4796966044959845e-06, 1.876977307802008e-06, 2.428719426461612e-06, 2.154457433789503e-06, 2.7573739771469263e-06, 2.768443209788529e-06, 2.4296678020618856e-06, 1.5473516441488755e-06, 1.0667982905943063e-06, 7.367447096839896e-07, 1.1933893802051898e-06, 1.2782662679455825e-06, 6.409904358406493e-07, 6.390750399987155e-07, 5.026488452131161e-07, 3.8147447867231676e-07, 1.8308745097783685e-07, 1.3991179059757997e-07, 4.047193868927934e-08, 3.2676592098823676e-08, 1.0849726672645943e-09, 4.6115350427200497e-10, 3.968197298531706e-11, 1.8024234882396684e-11, 1.754363841699469e-11, 1.7126640383668956e-11, 1.6760891285994006e-11, 1.6421509985153904e-11, 1.6137438607621846e-11, 1.590619476410371e-11, 1.5721620186259777e-11, 1.558543051560779e-11, 1.5501275610341203e-11], "lowlevel.mfcc.mean": [-798.882568359375, 162.8544464111328, 47.19462966918945, 49.860530853271484, 59.47563171386719, 39.966392517089844, 39.07765579223633, 8.911208152770996, 2.099074363708496, -20.52574348449707, -12.845732688903809, 3.735633134841919, 6.737759113311768], "lowlevel.spectral_contrast_coeffs.mean": [-0.48556283116340637, -0.7967406511306763, -0.7140008211135864, -0.7965736985206604, -0.8011259436607361, -0.7897422909736633], "lowlevel.spectral_contrast_coeffs.stdev": [0.06927413493394852, 0.06668458133935928, 0.05756312608718872, 0.0796617791056633, 0.07057896256446838, 0.06259460002183914], "lowlevel.spectral_contrast_valleys.mean": [-6.809594631195068, -9.0129976272583, -9.350017547607422, -9.49195384979248, -9.521984100341797, -11.979904174804688], "lowlevel.spectral_contrast_valleys.stdev": [0.7463182806968689, 0.8768430948257446, 0.9575678706169128, 1.1599886417388916, 1.2205736637115479, 1.3531229496002197], "rhythm.beats_loudness_band_ratio.mean": [0.9432119727134705, 0.10763715207576752, 0.0032937382347881794, 0.013479032553732395, 0.006514180917292833, 0.0066045960411429405], "rhythm.beats_loudness_band_ratio.stdev": [0.045037005096673965, 0.09659898281097412, 0.0050904955714941025, 0.02923947386443615, 0.01218234933912754, 0.014909674413502216], "tonal.hpcp.mean": [0.0034005981869995594, 0.0020517525263130665, 0.0006625494570471346, 0.001000004936940968, 0.0029553789645433426, 0.004586538765579462, 0.007685887161642313, 0.010085771791636944, 0.10409743338823318, 0.200423464179039, 0.1070149838924408, 0.00992694403976202, 0.006533646024763584, 0.006276705302298069, 0.09607270359992981, 0.2732543647289276, 0.186203733086586, 0.00638075964525342, 0.0012297902721911669, 0.0007496772450394928, 0.0014416322810575366, 0.002173786051571369, 0.0013826623326167464, 0.0011187430936843157, 0.0029307145159691572, 0.002796289511024952, 0.002042153850197792, 0.0032233595848083496, 0.01011988241225481, 0.46689414978027344, 0.8291127681732178, 0.37153053283691406, 0.001863583573140204, 0.0009412540821358562, 0.0007733700913377106, 0.002109268680214882], "tonal.hpcp.stdev": [0.04683024436235428, 0.030275661498308182, 0.0029066645074635744, 0.005102493334561586, 0.046896111220121384, 0.043555475771427155, 0.0211592186242342, 0.035796359181404114, 0.2077709138393402, 0.3933801054954529, 0.22165696322917938, 0.07886532694101334, 0.06858168542385101, 0.04998905584216118, 0.11236101388931274, 0.23407340049743652, 0.163991779088974, 0.03703058138489723, 0.008687370456755161, 0.002669546054676175, 0.004725547973066568, 0.009326490573585033, 0.00687686912715435, 0.01350337453186512, 0.04736337065696716, 0.03940306231379509, 0.023625412955880165, 0.04721149429678917, 0.06145752966403961, 0.2252037227153778, 0.3292185068130493, 0.18963107466697693, 0.022339535877108574, 0.012633217498660088, 0.003892377717420459, 0.017470400780439377], "rhythm.beats_position": [0.5108389854431152, 1.05650794506073, 1.6021767854690552, 2.1594557762145996, 2.705124616622925, 3.2740135192871094, 3.8545124530792236, 4.469841003417969, 5.038730144500732, 5.619228839874268, 6.188117980957031, 6.757006645202637, 7.337505340576172, 7.929614543914795, 8.510112762451172, 9.079002380371094, 9.63628101348877, 10.181949615478516, 10.727619171142578, 11.284897804260254, 11.83056640625, 12.376235961914062, 12.933514595031738, 13.502403259277344, 14.07129192352295, 14.582131385803223, 15.151020050048828, 15.731518745422363, 16.323627471923828, 16.92734718322754, 17.531064987182617, 18.1231746673584, 18.715282440185547, 19.307392120361328, 19.911109924316406, 20.514829635620117], "rhythm.bpm_histogram": [0.0, 0.0, 0.0, 0.0, 0.0, 0.0, 0.0, 0.0, 0.0, 0.0, 0.0, 0.0, 0.0, 0.0, 0.0, 0.0, 0.0, 0.0, 0.0, 0.0, 0.0, 0.0, 0.0, 0.0, 0.0, 0.0, 0.0, 0.0, 0.0, 0.0, 0.0, 0.0, 0.0, 0.0, 0.0, 0.0, 0.0, 0.0, 0.0, 0.0, 0.0, 0.0, 0.0, 0.0, 0.0, 0.0, 0.0, 0.0, 0.0, 0.0, 0.0, 0.0, 0.0, 0.0, 0.0, 0.0, 0.0, 0.0, 0.0, 0.0, 0.0, 0.0, 0.0, 0.0, 0.0, 0.0, 0.0, 0.0, 0.0, 0.0, 0.0, 0.0, 0.0, 0.0, 0.0, 0.0, 0.0, 0.0, 0.0, 0.0, 0.0, 0.0, 0.0, 0.0, 0.0, 0.0, 0.0, 0.0, 0.0, 0.0, 0.0, 0.0, 0.0, 0.0, 0.0, 0.0, 0.0, 0.0, 0.02857142873108387, 0.11428571492433548, 0.0, 0.1428571492433548, 0.0, 0.1428571492433548, 0.0, 0.22857142984867096, 0.0, 0.0, 0.11428571492433548, 0.0, 0.20000000298023224, 0.0, 0.0, 0.0, 0.0, 0.0, 0.0, 0.02857142873108387, 0.0, 0.0, 0.0, 0.0, 0.0, 0.0, 0.0, 0.0, 0.0, 0.0, 0.0, 0.0, 0.0, 0.0, 0.0, 0.0, 0.0, 0.0, 0.0, 0.0, 0.0, 0.0, 0.0, 0.0, 0.0, 0.0, 0.0, 0.0, 0.0, 0.0, 0.0, 0.0, 0.0, 0.0, 0.0, 0.0, 0.0, 0.0, 0.0, 0.0, 0.0, 0.0, 0.0, 0.0, 0.0, 0.0, 0.0, 0.0, 0.0, 0.0, 0.0, 0.0, 0.0, 0.0, 0.0, 0.0, 0.0, 0.0, 0.0, 0.0, 0.0, 0.0, 0.0, 0.0, 0.0, 0.0, 0.0, 0.0, 0.0, 0.0, 0.0, 0.0, 0.0, 0.0, 0.0, 0.0, 0.0, 0.0, 0.0, 0.0, 0.0, 0.0, 0.0, 0.0, 0.0, 0.0, 0.0, 0.0, 0.0, 0.0, 0.0, 0.0, 0.0, 0.0, 0.0, 0.0, 0.0, 0.0, 0.0, 0.0, 0.0, 0.0, 0.0, 0.0, 0.0, 0.0, 0.0, 0.0, 0.0, 0.0, 0.0, 0.0, 0.0, 0.0, 0.0, 0.0, 0.0, 0.0, 0.0, 0.0, 0.0, 0.0, 0.0, 0.0, 0.0, 0.0, 0.0, 0.0, 0.0, 0.0, 0.0, 0.0], "tonal.chords_histogram": [0.0, 0.0, 17.685588836669922, 0.0, 0.0, 0.0, 0.0, 20.74235725402832, 0.0, 61.572052001953125, 0.0, 0.0, 0.0, 0.0, 0.0, 0.0, 0.0, 0.0, 0.0, 0.0, 0.0, 0.0, 0.0, 0.0], "tonal.thpcp": [1.0, 0.44810613989830017, 0.002247684169560671, 0.0011352546280249953, 0.0009327682782895863, 0.0025440070312470198, 0.00410149060189724, 0.0024746363051235676, 0.0007991065504029393, 0.0012061145389452577, 0.003564507933333516, 0.005531863775104284, 0.009270014241337776, 0.01216453593224287, 0.12555280327796936, 0.24173244833946228, 0.1290716826915741, 0.011972972191870213, 0.007880286313593388, 0.0075703877955675125, 0.11587411165237427, 0.32957443594932556, 0.22458191215991974, 0.007695888634771109, 0.0014832605374976993, 0.0009041921584866941, 0.0017387650441378355, 0.0026218220591545105, 0.001667640870437026, 0.0013493256410583854, 0.003534759860485792, 0.0033726287074387074, 0.0024630592670291662, 0.0038877215702086687, 0.012205677106976509, 0.5631250143051147], "lowlevel.gfcc.cov": [[9783.2021484375, -2669.090087890625, -2392.3994140625, 221.5911407470703, -1373.9305419921875, -14.400035858154297, -1447.3018798828125, 1988.325439453125, -290.823974609375, 681.0203247070312, -750.8538818359375, -725.890869140625, 288.0777893066406], [-2669.090087890625, 2136.711181640625, 349.43701171875, -739.3837280273438, 925.2097778320312, -209.8107147216797, 405.962890625, -405.7023620605469, 120.1139907836914, -317.41204833984375, 372.0799560546875, -1.601366400718689, 98.89510345458984], [-2392.3994140625, 349.43701171875, 1307.6893310546875, 189.44174194335938, 53.0687141418457, 171.4698944091797, 500.2616882324219, -691.4262084960938, -4.0977559089660645, -158.1359405517578, 199.57843017578125, 345.6067810058594, -219.0418243408203], [221.5911407470703, -739.3837280273438, 189.44174194335938, 857.0859375, -262.5984191894531, 20.202062606811523, 54.21200180053711, -283.98284912109375, 53.24760818481445, -16.17142105102539, -63.01506042480469, 214.1265869140625, -61.91655349731445], [-1373.9305419921875, 925.2097778320312, 53.0687141418457, -262.5984191894531, 715.4879150390625, -7.7967939376831055, 153.973876953125, -246.9746551513672, 125.84757995605469, -139.87782287597656, 111.64877319335938, 33.7327880859375, 48.912261962890625], [-14.400035858154297, -209.8107147216797, 171.4698944091797, 20.202062606811523, -7.7967939376831055, 261.319091796875, 72.5456771850586, -94.7389144897461, -3.648993730545044, 45.99430465698242, -42.117889404296875, 47.793052673339844, -71.97403717041016], [-1447.3018798828125, 405.962890625, 500.2616882324219, 54.21200180053711, 153.973876953125, 72.5456771850586, 401.87261962890625, -361.62066650390625, 5.553350448608398, -95.33859252929688, 142.47357177734375, 129.61862182617188, -69.16028594970703], [1988.325439453125, -405.7023620605469, -691.4262084960938, -283.98284912109375, -246.9746551513672, -94.7389144897461, -361.62066650390625, 758.3449096679688, -70.70225524902344, 170.50393676757812, -124.0909652709961, -262.85650634765625, 141.26519775390625], [-290.823974609375, 120.1139907836914, -4.0977559089660645, 53.24760818481445, 125.84757995605469, -3.648993730545044, 5.553350448608398, -70.70225524902344, 155.0311279296875, -15.605937004089355, -15.014851570129395, 38.398414611816406, 9.168402671813965], [681.0203247070312, -317.41204833984375, -158.1359405517578, -16.17142105102539, -139.87782287597656, 45.99430465698242, -95.33859252929688, 170.50393676757812, -15.605937004089355, 161.9033966064453, -69.90721893310547, -91.17334747314453, -5.890225410461426], [-750.8538818359375, 372.0799560546875, 199.57843017578125, -63.01506042480469, 111.64877319335938, -42.117889404296875, 142.47357177734375, -124.0909652709961, -15.014851570129395, -69.90721893310547, 162.92086791992188, 36.786399841308594, -13.445928573608398], [-725.890869140625, -1.601366400718689, 345.6067810058594, 214.1265869140625, 33.7327880859375, 47.793052673339844, 129.61862182617188, -262.85650634765625, 38.398414611816406, -91.17334747314453, 36.786399841308594, 222.3534698486328, -61.61872482299805], [288.0777893066406, 98.89510345458984, -219.0418243408203, -61.91655349731445, 48.912261962890625, -71.97403717041016, -69.16028594970703, 141.26519775390625, 9.168402671813965, -5.890225410461426, -13.445928573608398, -61.61872482299805, 119.926513671875]], "lowlevel.gfcc.icov": [[0.0015822789864614606, -0.0045409249141812325, 0.0011771467979997396, -0.005110600963234901, 0.002546929521486163, -0.0044905985705554485, 0.003910628147423267, -0.004262110684067011, 0.004027034621685743, -0.00230419565923512, 0.004311003722250462, -2.3675504053244367e-05, 0.003047264413908124], [-0.0045409249141812325, 0.021307654678821564, -0.003948486875742674, 0.021107928827404976, -0.010780921205878258, 0.017906034365296364, -0.014462972059845924, 0.016073064878582954, -0.01586887240409851, 0.010882309637963772, -0.01824028603732586, 0.002692879643291235, -0.014021169394254684], [0.0011771467979997396, -0.003948486875742674, 0.003954184707254171, -0.003378420602530241, 0.00319830235093832, -0.00410916144028306, 0.0015551408287137747, -0.0021317852661013603, 0.00329776993021369, -0.0021981841418892145, 0.0023915856145322323, -0.002871329663321376, 0.003976485691964626], [-0.005110600963234901, 0.021107928827404976, -0.003378420602530241, 0.024303363636136055, -0.009259390644729137, 0.01893564872443676, -0.015502258203923702, 0.01852436363697052, -0.01711009442806244, 0.009749067947268486, -0.017791736871004105, -0.0006525308126583695, -0.014915874227881432], [0.002546929521486163, -0.010780921205878258, 0.00319830235093832, -0.009259390644729137, 0.009263880550861359, -0.01006820797920227, 0.00717205461114645, -0.006483227480202913, 0.00586742302402854, -0.004365489352494478, 0.00816082302480936, -0.001613820786587894, 0.005208251997828484], [-0.0044905985705554485, 0.017906034365296364, -0.00410916144028306, 0.01893564872443676, -0.01006820797920227, 0.022245483472943306, -0.014542484655976295, 0.01450759544968605, -0.013085930608212948, 0.006199047435075045, -0.012189611792564392, 0.00011696596629917622, -0.009728062897920609], [0.003910628147423267, -0.014462972059845924, 0.0015551408287137747, -0.015502258203923702, 0.00717205461114645, -0.014542484655976295, 0.017887864261865616, -0.010578167624771595, 0.011984894052147865, -0.007357275579124689, 0.009424367919564247, -8.657493890495971e-05, 0.008227428421378136], [-0.004262110684067011, 0.016073064878582954, -0.0021317852661013603, 0.01852436363697052, -0.006483227480202913, 0.01450759544968605, -0.010578167624771595, 0.01882186345756054, -0.012578146532177925, 0.005930099170655012, -0.014822795987129211, 0.0011048020096495748, -0.014107602648437023], [0.004027034621685743, -0.01586887240409851, 0.00329776993021369, -0.01711009442806244, 0.00586742302402854, -0.013085930608212948, 0.011984894052147865, -0.012578146532177925, 0.021783841773867607, -0.009886003099381924, 0.01600254699587822, -0.0032217148691415787, 0.010071170516312122], [-0.00230419565923512, 0.010882309637963772, -0.0021981841418892145, 0.009749067947268486, -0.004365489352494478, 0.006199047435075045, -0.007357275579124689, 0.005930099170655012, -0.009886003099381924, 0.019464904442429543, -0.00795070081949234, 0.007213975768536329, -0.0036208315286785364], [0.004311003722250462, -0.01824028603732586, 0.0023915856145322323, -0.017791736871004105, 0.00816082302480936, -0.012189611792564392, 0.009424367919564247, -0.014822795987129211, 0.01600254699587822, -0.00795070081949234, 0.0290522538125515, -0.0015068172942847013, 0.012988781556487083], [-2.3675504053244367e-05, 0.002692879643291235, -0.002871329663321376, -0.0006525308126583695, -0.001613820786587894, 0.00011696596629917622, -8.657493890495971e-05, 0.0011048020096495748, -0.0032217148691415787, 0.007213975768536329, -0.0015068172942847013, 0.014775092713534832, -0.0003447755880188197], [0.003047264413908124, -0.014021169394254684, 0.003976485691964626, -0.014915874227881432, 0.005208251997828484, -0.009728062897920609, 0.008227428421378136, -0.014107602648437023, 0.010071170516312122, -0.0036208315286785364, 0.012988781556487083, -0.0003447755880188197, 0.025874176993966103]], "lowlevel.mfcc.cov": [[11131.8017578125, -3331.044189453125, -1700.072265625, -881.8101806640625, 60.298004150390625, -2202.26611328125, -336.5784912109375, -991.7683715820312, 942.0342407226562, 600.3593139648438, 147.51849365234375, -574.096435546875, -326.9894714355469], [-3331.044189453125, 3036.67724609375, -525.8152465820312, -307.2682189941406, 400.7022399902344, 86.23204040527344, 384.16253662109375, 134.5237579345703, -77.17576599121094, -43.85969543457031, 87.9628677368164, 70.9861831665039, 7.399696350097656], [-1700.072265625, -525.8152465820312, 1372.9024658203125, 416.05657958984375, -391.5480651855469, 645.8575439453125, -26.71914291381836, 278.20465087890625, -294.45367431640625, -251.2027587890625, -63.646053314208984, 229.776611328125, 149.21487426757812], [-881.8101806640625, -307.2682189941406, 416.05657958984375, 620.376953125, -80.19596099853516, 415.88128662109375, -113.64386749267578, 188.15232849121094, -151.5760498046875, -158.63705444335938, -105.05707550048828, 163.88058471679688, 71.04956817626953], [60.298004150390625, 400.7022399902344, -391.5480651855469, -80.19596099853516, 344.54351806640625, -61.03376770019531, -39.276466369628906, 2.9796369075775146, 63.38018035888672, 67.19302368164062, -6.996562957763672, -21.501258850097656, -25.787412643432617], [-2202.26611328125, 86.23204040527344, 645.8575439453125, 415.88128662109375, -61.03376770019531, 1102.7186279296875, -78.66414642333984, 338.468017578125, -294.2977600097656, -83.03974914550781, -55.380455017089844, 101.09259033203125, 106.09762573242188], [-336.5784912109375, 384.16253662109375, -26.71914291381836, -113.64386749267578, -39.276466369628906, -78.66414642333984, 283.9015808105469, -17.053726196289062, -12.160160064697266, 3.8554000854492188, 49.66758346557617, -2.0607693195343018, 2.9501006603240967], [-991.7683715820312, 134.5237579345703, 278.20465087890625, 188.15232849121094, 2.9796369075775146, 338.468017578125, -17.053726196289062, 287.8789978027344, -101.31366729736328, -76.25003051757812, -48.107112884521484, 78.7928466796875, 61.60720443725586], [942.0342407226562, -77.17576599121094, -294.45367431640625, -151.5760498046875, 63.38018035888672, -294.2977600097656, -12.160160064697266, -101.31366729736328, 217.22418212890625, 96.13585662841797, 2.72275710105896, -58.11701202392578, -27.032495498657227], [600.3593139648438, -43.85969543457031, -251.2027587890625, -158.63705444335938, 67.19302368164062, -83.03974914550781, 3.8554000854492188, -76.25003051757812, 96.13585662841797, 218.90614318847656, 47.721588134765625, -88.49263000488281, -37.94343566894531], [147.51849365234375, 87.9628677368164, -63.646053314208984, -105.05707550048828, -6.996562957763672, -55.380455017089844, 49.66758346557617, -48.107112884521484, 2.72275710105896, 47.721588134765625, 127.65579223632812, -26.171104431152344, -27.230072021484375], [-574.096435546875, 70.9861831665039, 229.776611328125, 163.88058471679688, -21.501258850097656, 101.09259033203125, -2.0607693195343018, 78.7928466796875, -58.11701202392578, -88.49263000488281, -26.171104431152344, 173.20138549804688, 40.227996826171875], [-326.9894714355469, 7.399696350097656, 149.21487426757812, 71.04956817626953, -25.787412643432617, 106.09762573242188, 2.9501006603240967, 61.60720443725586, -27.032495498657227, -37.94343566894531, -27.230072021484375, 40.227996826171875, 112.5666732788086]], "lowlevel.mfcc.icov": [[0.0005455130594782531, 0.0006751437904313207, 0.0003534882562234998, 0.00016485611558891833, -0.00022184195404406637, 0.0004838676250074059, -2.328280743313371e-06, 0.00017450556333642453, -0.0006416902760975063, -6.257068162085488e-05, -0.00043841032311320305, 0.00020076155487913638, 1.2311196769587696e-05], [0.0006751437904313207, 0.001538660959340632, 0.0008728067623451352, 0.0007288046181201935, -0.0008496826631017029, 0.00028576594195328653, -0.0008553739171475172, -0.0001062724186340347, -0.0005060503026470542, 0.0005072951898910105, -0.0007321990560740232, -0.00047260112478397787, -9.909366781357676e-05], [0.0003534882562234998, 0.0008728067623451352, 0.0029250842053443193, 0.0007766338530927896, 0.0018406539456918836, -0.0005598533316515386, -6.422812293749303e-05, -0.0007223979337140918, 0.0005796297919005156, 0.0008958554244600236, -0.0002760773350019008, -0.002091839676722884, -0.000929798639845103], [0.00016485611558891833, 0.0007288046181201935, 0.0007766338530927896, 0.0039271339774131775, 0.00033202586928382516, -0.0009132440900430083, 0.000398066098568961, -0.0005587123450823128, 0.00048172229435294867, 0.0012181369820609689, 0.001149043207988143, -0.0026890404988080263, -7.982848910614848e-05], [-0.00022184195404406637, -0.0008496826631017029, 0.0018406539456918836, 0.00033202586928382516, 0.006216313224285841, -0.0005304128280840814, 0.0016757395351305604, -0.001181956846266985, 0.0002771753934212029, -0.0007703292067162693, 0.0009744791896082461, -0.0016382712638005614, -8.298096508951858e-05], [0.0004838676250074059, 0.00028576594195328653, -0.0005598533316515386, -0.0009132440900430083, -0.0005304128280840814, 0.003071542363613844, 0.000644611835014075, -0.0011753165163099766, 0.0015169288963079453, -0.0017552342033013701, -0.00036600467865355313, 0.001455132383853197, -0.000520781148225069], [-2.328280743313371e-06, -0.0008553739171475172, -6.422812293749303e-05, 0.000398066098568961, 0.0016757395351305604, 0.000644611835014075, 0.0054213861003518105, -0.0001760356390150264, 0.0007028740365058184, -0.0006258630310185254, -0.0008371362928301096, -3.939740781788714e-05, -0.0006166583625599742], [0.00017450556333642453, -0.0001062724186340347, -0.0007223979337140918, -0.0005587123450823128, -0.001181956846266985, -0.0011753165163099766, -0.0001760356390150264, 0.006821892689913511, -0.0005884438869543374, 0.00046883506001904607, 0.0007542837993241847, -0.0001084408795577474, -0.0008299028850160539], [-0.0006416902760975063, -0.0005060503026470542, 0.0005796297919005156, 0.00048172229435294867, 0.0002771753934212029, 0.0015169288963079453, 0.0007028740365058184, -0.0005884438869543374, 0.010939138010144234, -0.00297639612108469, 0.0023415156174451113, -0.0008758452022448182, -0.0014626206830143929], [-6.257068162085488e-05, 0.0005072951898910105, 0.0008958554244600236, 0.0012181369820609689, -0.0007703292067162693, -0.0017552342033013701, -0.0006258630310185254, 0.00046883506001904607, -0.00297639612108469, 0.00874571967869997, -0.0021208294201642275, 0.001001434400677681, 0.00042849709279835224], [-0.00043841032311320305, -0.0007321990560740232, -0.0002760773350019008, 0.001149043207988143, 0.0009744791896082461, -0.00036600467865355313, -0.0008371362928301096, 0.0007542837993241847, 0.0023415156174451113, -0.0021208294201642275, 0.011026658117771149, -0.0008522245334461331, 0.0014120129635557532], [0.00020076155487913638, -0.00047260112478397787, -0.002091839676722884, -0.0026890404988080263, -0.0016382712638005614, 0.001455132383853197, -3.939740781788714e-05, -0.0001084408795577474, -0.0008758452022448182, 0.001001434400677681, -0.0008522245334461331, 0.011195797473192215, -0.0006820152630098164], [1.2311196769587696e-05, -9.909366781357676e-05, -0.000929798639845103, -7.982848910614848e-05, -8.298096508951858e-05, -0.000520781148225069, -0.0006166583625599742, -0.0008299028850160539, -0.0014626206830143929, 0.00042849709279835224, 0.0014120129635557532, -0.0006820152630098164, 0.011529496870934963]], "metadata.audio_properties.analysis.downmix": "mix", "metadata.audio_properties.codec": "mp3", "metadata.audio_properties.md5_encoded": "c2ef86451852ae85afa18eff0dc870bb", "metadata.tags.file_name": "1183713240799248407.mp3", "metadata.version.essentia": "2.1-beta6-dev", "metadata.version.essentia_git_sha": "v2.1_beta5-1110-g77a6a954", "metadata.version.extractor": "music 2.0", "tonal.chords_key": "G", "tonal.chords_scale": "major", "tonal.key_edma.key": "C", "tonal.key_edma.scale": "minor", "tonal.key_krumhansl.key": "C", "tonal.key_krumhansl.scale": "minor", "tonal.key_temperley.key": "C", "tonal.key_temperley.scale": "minor", "metadata.tags.encoding": ["Lavf58.45.100"]}, "essentia_models": [{"model_name": "genre_dortmun