{"song_id": "1183701821533990952", "download": "https://cdn.discordapp.com/attachments/1135911532732108921/1183701821533990952/chirp.mp4?ex=65894b3a&amp", "lyrics": "-", "style": ["corporate"], "essentia_features": {"lowlevel.average_loudness": 0.9790001511573792, "lowlevel.barkbands_crest.mean": 11.58314037322998, "lowlevel.barkbands_crest.stdev": 5.453639030456543, "lowlevel.barkbands_flatness_db.mean": 0.16254523396492004, "lowlevel.barkbands_flatness_db.stdev": 0.06223626062273979, "lowlevel.barkbands_kurtosis.mean": 9.662116050720215, "lowlevel.barkbands_kurtosis.stdev": 27.31140899658203, "lowlevel.barkbands_skewness.mean": 1.8586139678955078, "lowlevel.barkbands_skewness.stdev": 2.1646459102630615, "lowlevel.barkbands_spread.mean": 19.642112731933594, "lowlevel.barkbands_spread.stdev": 13.149517059326172, "lowlevel.dissonance.mean": 0.45476922392845154, "lowlevel.dissonance.stdev": 0.032561033964157104, "lowlevel.dynamic_complexity": 2.6159958839416504, "lowlevel.erbbands_crest.mean": 13.037830352783203, "lowlevel.erbbands_crest.stdev": 6.419752597808838, "lowlevel.erbbands_flatness_db.mean": 0.16063342988491058, "lowlevel.erbbands_flatness_db.stdev": 0.04707164689898491, "lowlevel.erbbands_kurtosis.mean": 1.9107249975204468, "lowlevel.erbbands_kurtosis.stdev": 5.098774433135986, "lowlevel.erbbands_skewness.mean": 0.19002069532871246, "lowlevel.erbbands_skewness.stdev": 0.8634026646614075, "lowlevel.erbbands_spread.mean": 36.54911422729492, "lowlevel.erbbands_spread.stdev": 23.42025375366211, "lowlevel.hfc.mean": 20.992292404174805, "lowlevel.hfc.stdev": 24.84478759765625, "lowlevel.loudness_ebu128.integrated": -17.037199020385742, "lowlevel.loudness_ebu128.loudness_range": 0.8008346557617188, "lowlevel.loudness_ebu128.momentary.mean": -17.23301887512207, "lowlevel.loudness_ebu128.momentary.stdev": 1.3659849166870117, "lowlevel.loudness_ebu128.short_term.mean": -17.01889991760254, "lowlevel.loudness_ebu128.short_term.stdev": 0.2978098392486572, "lowlevel.melbands_crest.mean": 15.116806983947754, "lowlevel.melbands_crest.stdev": 6.450525760650635, "lowlevel.melbands_flatness_db.mean": 0.23857033252716064, "lowlevel.melbands_flatness_db.stdev": 0.08618489652872086, "lowlevel.melbands_kurtosis.mean": 25.922834396362305, "lowlevel.melbands_kurtosis.stdev": 69.6353759765625, "lowlevel.melbands_skewness.mean": 3.0140750408172607, "lowlevel.melbands_skewness.stdev": 2.993598699569702, "lowlevel.melbands_spread.mean": 23.164012908935547, "lowlevel.melbands_spread.stdev": 19.48823356628418, "lowlevel.pitch_salience.mean": 0.47824302315711975, "lowlevel.pitch_salience.stdev": 0.1426696926355362, "lowlevel.silence_rate_20dB.mean": 0.991309404373169, "lowlevel.silence_rate_20dB.stdev": 0.09281674772500992, "lowlevel.silence_rate_30dB.mean": 0.8800695538520813, "lowlevel.silence_rate_30dB.stdev": 0.32488107681274414, "lowlevel.silence_rate_60dB.mean": 0.044032443314790726, "lowlevel.silence_rate_60dB.stdev": 0.2051665335893631, "lowlevel.spectral_centroid.mean": 1169.0804443359375, "lowlevel.spectral_centroid.stdev": 643.6078491210938, "lowlevel.spectral_complexity.mean": 12.676129341125488, "lowlevel.spectral_complexity.stdev": 9.466849327087402, "lowlevel.spectral_decrease.mean": -1.2342071364912499e-08, "lowlevel.spectral_decrease.stdev": 2.0711505399617636e-08, "lowlevel.spectral_energy.mean": 0.04848586022853851, "lowlevel.spectral_energy.stdev": 0.07893539220094681, "lowlevel.spectral_energyband_high.mean": 0.000865788315422833, "lowlevel.spectral_energyband_high.stdev": 0.0019131181761622429, "lowlevel.spectral_energyband_low.mean": 0.03321331739425659, "lowlevel.spectral_energyband_low.stdev": 0.07676692306995392, "lowlevel.spectral_energyband_middle_high.mean": 0.006236144341528416, "lowlevel.spectral_energyband_middle_high.stdev": 0.008243757300078869, "lowlevel.spectral_energyband_middle_low.mean": 0.010366645641624928, "lowlevel.spectral_energyband_middle_low.stdev": 0.010511926375329494, "lowlevel.spectral_entropy.mean": 7.38056755065918, "lowlevel.spectral_entropy.stdev": 0.484682559967041, "lowlevel.spectral_flux.mean": 0.10807114839553833, "lowlevel.spectral_flux.stdev": 0.11816920340061188, "lowlevel.spectral_kurtosis.mean": 3.9686179161071777, "lowlevel.spectral_kurtosis.stdev": 2.7088844776153564, "lowlevel.spectral_rms.mean": 0.0056985970586538315, "lowlevel.spectral_rms.stdev": 0.003850888228043914, "lowlevel.spectral_rolloff.mean": 1301.359619140625, "lowlevel.spectral_rolloff.stdev": 1465.838623046875, "lowlevel.spectral_skewness.mean": 1.6345765590667725, "lowlevel.spectral_skewness.stdev": 0.47574687004089355, "lowlevel.spectral_spread.mean": 5506896.0, "lowlevel.spectral_spread.stdev": 1706772.25, "lowlevel.spectral_strongpeak.mean": 1.3340154886245728, "lowlevel.spectral_strongpeak.stdev": 1.686143398284912, "lowlevel.zerocrossingrate.mean": 0.059391237795352936, "lowlevel.zerocrossingrate.stdev": 0.03757898509502411, "metadata.audio_properties.analysis.equal_loudness": 0.0, "metadata.audio_properties.analysis.length": 40.04265213012695, "metadata.audio_properties.analysis.sample_rate": 44100.0, "metadata.audio_properties.analysis.start_time": 0.0, "metadata.audio_properties.bit_rate": 122980.0, "metadata.audio_properties.length": 40.042667388916016, "metadata.audio_properties.lossless": 0.0, "metadata.audio_properties.number_channels": 1.0, "metadata.audio_properties.replay_gain": -8.85411262512207, "metadata.audio_properties.sample_rate": 48000.0, "rhythm.beats_count": 67.0, "rhythm.beats_loudness.mean": 0.041783131659030914, "rhythm.beats_loudness.stdev": 0.023570029065012932, "rhythm.bpm": 101.37479400634766, "rhythm.bpm_histogram_first_peak_bpm": 101.0, "rhythm.bpm_histogram_first_peak_weight": 0.2698412537574768, "rhythm.bpm_histogram_second_peak_bpm": 110.0, "rhythm.bpm_histogram_second_peak_spread": 0.3333333134651184, "rhythm.bpm_histogram_second_peak_weight": 0.03030303120613098, "rhythm.danceability": 2.586754560470581, "rhythm.onset_rate": 4.918308734893799, "tonal.chords_changes_rate": 0.03125, "tonal.chords_number_rate": 0.004629629664123058, "tonal.chords_strength.mean": 0.4903806447982788, "tonal.chords_strength.stdev": 0.08094418048858643, "tonal.hpcp_crest.mean": 13.423277854919434, "tonal.hpcp_crest.stdev": 4.605887413024902, "tonal.hpcp_entropy.mean": 1.833808422088623, "tonal.hpcp_entropy.stdev": 0.5527775883674622, "tonal.key_edma.strength": 0.787105143070221, "tonal.key_krumhansl.strength": 0.7938241362571716, "tonal.key_temperley.strength": 0.800009548664093, "tonal.tuning_diatonic_strength": 0.6140269637107849, "tonal.tuning_equal_tempered_deviation": 0.24186402559280396, "tonal.tuning_frequency": 434.193115234375, "tonal.tuning_nontempered_energy_ratio": 0.9796066284179688, "lowlevel.barkbands.mean": [0.001092151622287929, 0.025826528668403625, 0.0041498346254229546, 0.0032456517219543457, 0.0035058590583503246, 0.001156721729785204, 0.0008002949762158096, 0.000691797467879951, 0.0008781863725744188, 0.0006842031725682318, 0.00044537842040881515, 0.0004180570540484041, 0.0015026996843516827, 0.0021668067201972008, 0.0002542061556596309, 0.00013161655806470662, 0.00017611753719393164, 0.00027351902099326253, 0.00015642591461073607, 0.00016480519843753427, 0.00020526570733636618, 0.00017089104221668094, 0.00015907258784864098, 0.00010414460120955482, 7.872110290918499e-05, 4.3845258915098384e-05, 3.1174392916000215e-06], "lowlevel.barkbands.stdev": [0.003247960237786174, 0.07023175805807114, 0.006978122517466545, 0.005217269994318485, 0.004372399300336838, 0.0016060596099123359, 0.001773803262040019, 0.0011062098201364279, 0.001660131965763867, 0.001711881486698985, 0.0012623982038348913, 0.0010884322691708803, 0.0028005039785057306, 0.003697306616231799, 0.0007736477418802679, 0.00043424603063613176, 0.0005062177078798413, 0.0006879963329993188, 0.0004489501006901264, 0.0005100652924738824, 0.0005923468852415681, 0.00047576866927556694, 0.0003429402713663876, 0.00018915940017905086, 0.00013288033369462937, 8.488046296406537e-05, 6.703715826006373e-06], "lowlevel.erbbands.mean": [0.8777788281440735, 5.141725063323975, 5.7451677322387695, 9.358214378356934, 6.464057922363281, 10.941826820373535, 21.504596710205078, 8.295729637145996, 12.179891586303711, 11.253641128540039, 15.618097305297852, 16.403711318969727, 23.609390258789062, 22.090641021728516, 11.897663116455078, 17.754133224487305, 63.58851623535156, 74.04537963867188, 78.0060806274414, 12.341917037963867, 8.122169494628906, 11.766223907470703, 16.324201583862305, 9.512452125549316, 6.982478618621826, 7.441721439361572, 9.50155258178711, 6.910034656524658, 6.440577507019043, 5.81061315536499, 3.8905279636383057, 2.407140016555786, 1.6237481832504272, 1.0979589223861694, 0.4297548532485962, 0.18131506443023682, 0.07841860502958298, 0.01731538586318493, 0.0003928285150323063, 6.634299643337727e-05], "lowlevel.erbbands.stdev": [2.4637069702148438, 14.657967567443848, 12.239936828613281, 13.189107894897461, 11.735815048217773, 13.85187816619873, 29.131633758544922, 12.261540412902832, 30.300704956054688, 18.422306060791016, 29.560955047607422, 29.922292709350586, 45.54533767700195, 51.21296691894531, 28.933679580688477, 45.44599914550781, 115.04339599609375, 124.74385833740234, 144.49644470214844, 31.191984176635742, 25.453474044799805, 31.53597640991211, 40.33816909790039, 27.13492202758789, 21.316131591796875, 22.970685958862305, 27.307371139526367, 21.447954177856445, 18.587995529174805, 13.4938325881958, 8.606948852539062, 4.575816631317139, 3.0025455951690674, 1.8930742740631104, 0.7642300128936768, 0.3907771706581116, 0.14800910651683807, 0.03338044136762619, 0.0006901795859448612, 9.16202407097444e-05], "lowlevel.gfcc.mean": [-6.427636623382568, 81.07095336914062, -92.20797729492188, 31.072845458984375, -50.05088424682617, 29.72471809387207, -36.77280044555664, -0.5996907353401184, -23.179582595825195, 11.466964721679688, -15.780272483825684, -3.0123953819274902, -19.71759033203125], "lowlevel.melbands.mean": [0.007514634635299444, 0.004300379194319248, 0.0014651562087237835, 0.0005419981898739934, 0.0007702830480411649, 0.00019356489065103233, 0.00017311742703896016, 0.00013397561269812286, 0.00012882769806310534, 0.00011027709115296602, 0.00012224294187035412, 9.509045776212588e-05, 4.505921242525801e-05, 3.683596878545359e-05, 6.029081123415381e-05, 0.0001960530353244394, 0.00013286071771290153, 0.00016731554933357984, 2.12469749385491e-05, 8.53339588502422e-06, 8.752686881052796e-06, 1.1771731806220487e-05, 1.3935827155364677e-05, 1.212552706419956e-05, 7.4079662226722576e-06, 5.417243755800882e-06, 4.745614205603488e-06, 5.008323114452651e-06, 6.432616373786004e-06, 4.919809271086706e-06, 3.6041781186213484e-06, 3.887761522491928e-06, 2.924020236605429e-06, 3.503421112327487e-06, 2.3492543732572813e-06, 1.7217709000760806e-06, 1.3795488484902307e-06, 1.1679474027914694e-06, 1.076541593647562e-06, 8.7241539858951e-07], "lowlevel.melbands.stdev": [0.020467665046453476, 0.01042564120143652, 0.002116594696417451, 0.0007304297178052366, 0.0010342003079131246, 0.00030057269032113254, 0.000396991177694872, 0.00021919829305261374, 0.0002925628796219826, 0.00019667943706735969, 0.00024605405633337796, 0.0002119688142556697, 0.00011743181676138192, 9.854981180978939e-05, 0.00015704268298577517, 0.00036630401154980063, 0.00023581887944601476, 0.00032824691152200103, 7.478668703697622e-05, 2.732017128437292e-05, 2.9666920454474166e-05, 3.3373864425811917e-05, 3.657364140963182e-05, 3.112742706434801e-05, 2.2298052499536425e-05, 1.5612467905157246e-05, 1.5662191799492575e-05, 1.6581358067924157e-05, 1.8879361959989183e-05, 1.4766736057936214e-05, 1.2679592146014329e-05, 1.182864980364684e-05, 7.73941519582877e-06, 7.9749443102628e-06, 5.480339950736379e-06, 3.600196123443311e-06, 2.635735199874034e-06, 2.3040236101223854e-06, 1.943841198226437e-06, 1.5237477555274381e-06], "lowlevel.melbands128.mean": [0.001047872006893158, 0.006962562445551157, 0.010712992399930954, 0.007837625220417976, 0.003477242775261402, 0.0020155590027570724, 0.002121079945936799, 0.0012954601552337408, 0.0005128700868226588, 0.00036793429171666503, 0.0005466658622026443, 0.0011219090083613992, 0.0008873351034708321, 0.0002596637059468776, 0.00015354552306234837, 0.00014179310528561473, 0.0002454249479342252, 0.00016584859986323863, 0.00011913017078768462, 9.335837239632383e-05, 0.0001815076102502644, 0.00014397477207239717, 0.00011537808313732967, 0.00013597843644674867, 6.723892875015736e-05, 0.00013255867816042155, 0.0001231547794304788, 8.070799231063575e-05, 0.00019947500550188124, 5.600451186182909e-05, 0.00010035326704382896, 8.08188269729726e-05, 2.657312506926246e-05, 3.0446968594333157e-05, 3.9131089579313993e-05, 3.14006392727606e-05, 4.005009395768866e-05, 7.969413854880258e-05, 3.6505694879451767e-05, 0.00015839010302443057, 0.0002746113750617951, 0.00017150078201666474, 6.759353709639981e-05, 6.362686690408736e-05, 0.0004235720552969724, 0.00010980501974700019, 1.4131688658380881e-05, 3.327258673380129e-05, 1.6854981367941946e-05, 6.943037988094147e-06, 8.155974683177192e-06, 8.774110028753057e-06, 1.1576219549169764e-05, 7.372039362962823e-06, 5.879981017642422e-06, 1.6305146345985122e-05, 1.2460622201615479e-05, 7.80990012572147e-06, 1.6474030417157337e-05, 2.283536559843924e-05, 8.936120138969272e-06, 7.902668585302308e-06, 7.5393136285129e-06, 6.46705120743718e-06, 9.126112672674935e-06, 4.185482794127893e-06, 4.346957666712115e-06, 5.111354766995646e-06, 5.10119434693479e-06, 3.973408638557885e-06, 4.0482732401869725e-06, 6.244756150408648e-06, 6.526112883875612e-06, 7.303225629584631e-06, 4.933700438414235e-06, 5.310490450938232e-06, 4.880032520304667e-06, 3.6696196730190422e-06, 3.4827926356229e-06, 3.201167828592588e-06, 4.5119450078345835e-06, 3.9564915823575575e-06, 2.8994379590585595e-06, 2.911896217483445e-06, 2.8455997380660847e-06, 2.9762904887320474e-06, 4.58884051113273e-06, 2.9814984827680746e-06, 1.994047124753706e-06, 1.9904953205696074e-06, 1.927088987940806e-06, 1.5883332480370882e-06, 1.4981178537709638e-06, 1.2711809631582582e-06, 1.4241218195820693e-06, 1.3769556517218007e-06, 1.0276678494847147e-06, 9.39028552693344e-07, 1.1854476724693086e-06, 1.090586238206015e-06, 9.82838855634327e-07, 8.923989867071214e-07, 6.564720820279035e-07, 5.92612877881038e-07, 4.436213032477099e-07, 3.4890757660832605e-07, 3.885563728545094e-07, 4.066409360348189e-07, 3.141898332614801e-07, 2.2352365647293482e-07, 2.2352951134507748e-07, 2.3701885254467925e-07, 2.6915992634712893e-07, 2.6665540531212173e-07, 2.3599727683176752e-07, 2.2178652159254852e-07, 1.2487257095017412e-07, 1.395635607082113e-08, 1.4870246700660061e-10, 7.178318703338071e-12, 6.77604500287643e-12, 6.443103429260022e-12, 6.278383628960382e-12, 6.155282880615509e-12, 6.002654102943428e-12, 5.813797360199047e-12, 5.702020019343612e-12, 5.660248745403829e-12], "lowlevel.melbands128.stdev": [0.0031889579258859158, 0.020757537335157394, 0.030445821583271027, 0.023144926875829697, 0.009143147617578506, 0.003085789969190955, 0.0030274756718426943, 0.002282744972035289, 0.0011543717700988054, 0.0006940512103028595, 0.0007503346423618495, 0.001640888280235231, 0.0012570407707244158, 0.0005035232752561569, 0.00029730837559327483, 0.0002633935073390603, 0.0007596424547955394, 0.00041741595487110317, 0.00028783350717276335, 0.0002141642034985125, 0.0003379301633685827, 0.0002552812220528722, 0.00038215357926674187, 0.0004956319462507963, 0.00014885433483868837, 0.0002654872660059482, 0.00028517970349639654, 0.0002156743867089972, 0.0005650105304084718, 0.00014206601190380752, 0.00034338829573243856, 0.0002595958358142525, 0.0001025987949105911, 0.00010093401215272024, 0.00011160421854583547, 0.00010416724398965016, 0.0001395510189468041, 0.00024406325246673077, 0.00013366284838411957, 0.00033509047352708876, 0.0005630794912576675, 0.000618840625975281, 0.0002032034972216934, 0.00018864785670302808, 0.0008888005395419896, 0.00022992466983851045, 4.668737165047787e-05, 0.00013963243691250682, 6.296591163845733e-05, 2.5376290068379603e-05, 3.0206678275135346e-05, 3.547345841070637e-05, 4.277231346350163e-05, 3.0197541491361335e-05, 2.158871757274028e-05, 5.1075188821414486e-05, 4.058114063809626e-05, 3.3407352020731196e-05, 4.662588253268041e-05, 6.228122947504744e-05, 3.248959910706617e-05, 2.8658128940151073e-05, 2.9406994144665077e-05, 2.0621288058464415e-05, 2.569189564383123e-05, 1.3401342584984377e-05, 1.6488751498400234e-05, 1.890017301775515e-05, 1.78028603841085e-05, 1.4134377124719322e-05, 1.59933915711008e-05, 2.252194462926127e-05, 2.302886059624143e-05, 2.2222988263820298e-05, 1.8821949197445065e-05, 1.818935379560571e-05, 1.4537290553562343e-05, 1.2802544006262906e-05, 1.552503636048641e-05, 1.250312925549224e-05, 1.5097225514182355e-05, 1.238353615917731e-05, 9.486391718382947e-06, 7.752546480332967e-06, 8.243157026299741e-06, 7.907340659585316e-06, 1.0468508662597742e-05, 7.527166417276021e-06, 5.491166120918933e-06, 5.525431333808228e-06, 4.495209850574611e-06, 3.6157541671855142e-06, 3.0382459499378456e-06, 2.798493596856133e-06, 2.9402069685602328e-06, 3.1336426218331326e-06, 2.3839584173401818e-06, 1.878946136457671e-06, 2.3154971131589264e-06, 2.18731292989105e-06, 2.0302049961173907e-06, 1.6465903627249645e-06, 1.261724605683412e-06, 1.2248876828380162e-06, 9.254252404389263e-07, 7.603256335642072e-07, 8.786769285507035e-07, 1.0027383723354433e-06, 8.549061476514908e-07, 5.453289304568898e-07, 5.198265853323392e-07, 5.33346508291288e-07, 5.797101607640798e-07, 5.117402110954572e-07, 5.011270332033746e-07, 5.213188387642731e-07, 2.6252041607222054e-07, 3.861135411398209e-08, 4.725990709886219e-09, 2.117591345329739e-11, 1.629475374076428e-11, 1.3372606841310919e-11, 1.3064805313989236e-11, 1.2826005882371483e-11, 1.2626438089524683e-11, 1.2466866081140004e-11, 1.2352181777419702e-11, 1.2281876904385314e-11], "lowlevel.mfcc.mean": [-662.6021728515625, 115.26714324951172, 23.583724975585938, 15.973931312561035, 8.897322654724121, 22.708463668823242, 5.80862283706665, -0.4140961170196533, -6.677464962005615, 7.062061309814453, 11.221495628356934, 0.06235235929489136, -14.731585502624512], "lowlevel.spectral_contrast_coeffs.mean": [-0.7103071212768555, -0.7514820098876953, -0.7497342824935913, -0.7250267863273621, -0.8012431263923645, -0.754089891910553], "lowlevel.spectral_contrast_coeffs.stdev": [0.06145473197102547, 0.0686352476477623, 0.06750461459159851, 0.060852255672216415, 0.03472926467657089, 0.039751678705215454], "lowlevel.spectral_contrast_valleys.mean": [-6.558160305023193, -7.225571632385254, -7.897063732147217, -8.074352264404297, -8.057164192199707, -10.369208335876465], "lowlevel.spectral_contrast_valleys.stdev": [0.9972627758979797, 0.8215347528457642, 0.8552246689796448, 0.8461950421333313, 0.872584879398346, 0.8585816025733948], "rhythm.beats_loudness_band_ratio.mean": [0.3403881788253784, 0.14084859192371368, 0.1070338562130928, 0.2237590104341507, 0.1481713056564331, 0.06192714720964432], "rhythm.beats_loudness_band_ratio.stdev": [0.1929841935634613, 0.08352304995059967, 0.09821175783872604, 0.1245265007019043, 0.15092803537845612, 0.03555574640631676], "tonal.hpcp.mean": [0.031211184337735176, 0.021312210708856583, 0.024596747010946274, 0.10056652873754501, 0.1250239759683609, 0.056212086230516434, 0.027662338688969612, 0.02864840067923069, 0.0466870479285717, 0.09226606786251068, 0.09531284123659134, 0.06617867201566696, 0.2634430229663849, 0.3448120653629303, 0.13008198142051697, 0.029921868816018105, 0.04277682676911354, 0.10069174319505692, 0.24306929111480713, 0.2234065681695938, 0.07583772391080856, 0.04333699122071266, 0.036390893161296844, 0.04753950238227844, 0.1679416000843048, 0.18418872356414795, 0.07416973263025284, 0.1424562633037567, 0.17712579667568207, 0.08532435446977615, 0.05133428797125816, 0.04204389080405235, 0.04053083062171936, 0.2159706950187683, 0.3158029615879059, 0.14412303268909454], "tonal.hpcp.stdev": [0.12360413372516632, 0.09485361725091934, 0.08741395175457001, 0.20491623878479004, 0.24705375730991364, 0.13611242175102234, 0.11179902404546738, 0.11816589534282684, 0.16363047063350677, 0.23223714530467987, 0.2208353728055954, 0.15171419084072113, 0.2989218831062317, 0.36317989230155945, 0.17459401488304138, 0.11366916447877884, 0.14989662170410156, 0.20923659205436707, 0.35704874992370605, 0.31285926699638367, 0.16061539947986603, 0.13824708759784698, 0.12174980342388153, 0.12547200918197632, 0.2612883448600769, 0.27387282252311707, 0.12894152104854584, 0.2568557560443878, 0.3034829795360565, 0.18941053748130798, 0.15608693659305573, 0.14353300631046295, 0.12476417422294617, 0.29096028208732605, 0.4016953110694885, 0.22179169952869415], "rhythm.beats_position": [0.4876190423965454, 1.0216779708862305, 1.5673469305038452, 2.11301589012146, 2.693514585494995, 3.285623550415039, 3.877732276916504, 4.469841003417969, 5.061950206756592, 5.654058933258057, 6.2461676597595215, 6.838276386260986, 7.430385589599609, 8.034104347229004, 8.614603042602539, 9.206711769104004, 9.798820495605469, 10.402539253234863, 10.983037948608398, 11.57514762878418, 12.167256355285645, 12.75936508178711, 13.351473808288574, 13.943582534790039, 14.535691261291504, 15.127799987792969, 15.719908714294434, 16.3120174407959, 16.90412712097168, 17.496234893798828, 18.08834457397461, 18.680452346801758, 19.27256202697754, 19.87628173828125, 20.45677947998047, 21.04888916015625, 21.6409969329834, 22.23310661315918, 22.825214385986328, 23.41732406616211, 24.009431838989258, 24.58993148803711, 25.19365119934082, 25.78575897216797, 26.37786865234375, 26.9699764251709, 27.56208610534668, 28.154193878173828, 28.74630355834961, 29.350021362304688, 29.93052101135254, 30.52263069152832, 31.11473846435547, 31.71845817565918, 32.29895782470703, 32.89106369018555, 33.48317337036133, 34.06367111206055, 34.66739273071289, 35.259498596191406, 35.85160827636719, 36.45532989501953, 37.03582763671875, 37.62793731689453, 38.22004318237305, 38.81215286254883, 39.40426254272461], "rhythm.bpm_histogram": [0.0, 0.0, 0.0, 0.0, 0.0, 0.0, 0.0, 0.0, 0.0, 0.0, 0.0, 0.0, 0.0, 0.0, 0.0, 0.0, 0.0, 0.0, 0.0, 0.0, 0.0, 0.0, 0.0, 0.0, 0.0, 0.0, 0.0, 0.0, 0.0, 0.0, 0.0, 0.0, 0.0, 0.0, 0.0, 0.0, 0.0, 0.0, 0.0, 0.0, 0.0, 0.0, 0.0, 0.0, 0.0, 0.0, 0.0, 0.0, 0.0, 0.0, 0.0, 0.0, 0.0, 0.0, 0.0, 0.0, 0.0, 0.0, 0.0, 0.0, 0.0, 0.0, 0.0, 0.0, 0.0, 0.0, 0.0, 0.0, 0.0, 0.0, 0.0, 0.0, 0.0, 0.0, 0.0, 0.0, 0.0, 0.0, 0.0, 0.0, 0.0, 0.0, 0.0, 0.0, 0.0, 0.0, 0.0, 0.0, 0.0, 0.0, 0.0, 0.0, 0.0, 0.0, 0.0, 0.0, 0.0, 0.0, 0.0, 0.12121212482452393, 0.0, 0.6969696879386902, 0.0, 0.13636364042758942, 0.0, 0.0, 0.0, 0.0, 0.0, 0.0, 0.03030303120613098, 0.0, 0.01515151560306549, 0.0, 0.0, 0.0, 0.0, 0.0, 0.0, 0.0, 0.0, 0.0, 0.0, 0.0, 0.0, 0.0, 0.0, 0.0, 0.0, 0.0, 0.0, 0.0, 0.0, 0.0, 0.0, 0.0, 0.0, 0.0, 0.0, 0.0, 0.0, 0.0, 0.0, 0.0, 0.0, 0.0, 0.0, 0.0, 0.0, 0.0, 0.0, 0.0, 0.0, 0.0, 0.0, 0.0, 0.0, 0.0, 0.0, 0.0, 0.0, 0.0, 0.0, 0.0, 0.0, 0.0, 0.0, 0.0, 0.0, 0.0, 0.0, 0.0, 0.0, 0.0, 0.0, 0.0, 0.0, 0.0, 0.0, 0.0, 0.0, 0.0, 0.0, 0.0, 0.0, 0.0, 0.0, 0.0, 0.0, 0.0, 0.0, 0.0, 0.0, 0.0, 0.0, 0.0, 0.0, 0.0, 0.0, 0.0, 0.0, 0.0, 0.0, 0.0, 0.0, 0.0, 0.0, 0.0, 0.0, 0.0, 0.0, 0.0, 0.0, 0.0, 0.0, 0.0, 0.0, 0.0, 0.0, 0.0, 0.0, 0.0, 0.0, 0.0, 0.0, 0.0, 0.0, 0.0, 0.0, 0.0, 0.0, 0.0, 0.0, 0.0, 0.0, 0.0, 0.0, 0.0, 0.0, 0.0, 0.0, 0.0, 0.0, 0.0, 0.0, 0.0, 0.0, 0.0, 0.0, 0.0], "tonal.chords_histogram": [79.62963104248047, 1.2731481790542603, 0.0, 0.0, 0.0, 0.0, 0.0, 0.0, 0.0, 0.0, 0.0, 0.0, 0.0, 0.0, 0.0, 0.0, 0.0, 0.5787037014961243, 0.0, 0.0, 0.0, 0.0, 7.291666507720947, 11.226851463317871], "tonal.thpcp": [1.0, 0.3772547245025635, 0.08677732199430466, 0.12405838072299957, 0.29201918840408325, 0.704932689666748, 0.6479082107543945, 0.21993929147720337, 0.12568293511867523, 0.10553833842277527, 0.13787075877189636, 0.4870525598526001, 0.5341713428497314, 0.2151019126176834, 0.41314175724983215, 0.5136879086494446, 0.2474517673254013, 0.1488761305809021, 0.12193277478218079, 0.11754470318555832, 0.6263431906700134, 0.9158698320388794, 0.41797560453414917, 0.09051650762557983, 0.06180819123983383, 0.07133377343416214, 0.2916560471057892, 0.3625858426094055, 0.16302238404750824, 0.08022439479827881, 0.0830840989947319, 0.13539853692054749, 0.2675836384296417, 0.27641966938972473, 0.19192679226398468, 0.7640191316604614], "lowlevel.gfcc.cov": [[4195.65576171875, 72.92450714111328, -30.648361206054688, 211.26168823242188, -104.57849884033203, -98.91436004638672, 74.81299591064453, 77.48474884033203, -58.19126892089844, -79.25843048095703, -89.88182067871094, 75.97175598144531, 105.4771499633789], [72.92450714111328, 1484.475830078125, 365.0440368652344, 64.92442321777344, 182.72129821777344, -178.63900756835938, 115.64081573486328, -70.81026458740234, 102.97953796386719, -135.73011779785156, 113.26246643066406, -9.127973556518555, -66.33438110351562], [-30.648361206054688, 365.0440368652344, 950.2210083007812, 237.62855529785156, 108.1455307006836, 86.57426452636719, 47.81120300292969, 43.95193862915039, 29.137815475463867, 13.399846076965332, -3.163365602493286, 21.290197372436523, -6.4042816162109375], [211.26168823242188, 64.92442321777344, 237.62855529785156, 357.3049621582031, 142.3814697265625, 4.969429016113281, 49.354591369628906, 23.07785987854004, 36.721744537353516, 5.376628875732422, 50.73713302612305, 30.183923721313477, -8.090304374694824], [-104.57849884033203, 182.72129821777344, 108.1455307006836, 142.3814697265625, 263.0731201171875, 87.76823425292969, 71.7180404663086, 9.058975219726562, 68.7177734375, 28.3602294921875, 35.90131759643555, -19.673084259033203, -9.586606979370117], [-98.91436004638672, -178.63900756835938, 86.57426452636719, 4.969429016113281, 87.76823425292969, 233.44801330566406, 39.19649887084961, 12.553744316101074, 15.923919677734375, 50.21119689941406, -37.08201217651367, -52.623626708984375, 46.984371185302734], [74.81299591064453, 115.64081573486328, 47.81120300292969, 49.354591369628906, 71.7180404663086, 39.19649887084961, 167.5223388671875, 80.34210968017578, 41.167240142822266, -14.316072463989258, 22.739662170410156, 15.73652172088623, -20.899993896484375], [77.48474884033203, -70.81026458740234, 43.95193862915039, 23.07785987854004, 9.058975219726562, 12.553744316101074, 80.34210968017578, 149.0729522705078, 40.5530891418457, 9.791651725769043, 2.798516273498535, 16.405359268188477, -27.869808197021484], [-58.19126892089844, 102.97953796386719, 29.137815475463867, 36.721744537353516, 68.7177734375, 15.923919677734375, 41.167240142822266, 40.5530891418457, 131.59024047851562, 59.59563446044922, 43.46516799926758, -9.934101104736328, 2.3598241806030273], [-79.25843048095703, -135.73011779785156, 13.399846076965332, 5.376628875732422, 28.3602294921875, 50.21119689941406, -14.316072463989258, 9.791651725769043, 59.59563446044922, 134.39016723632812, 45.053558349609375, -4.100590229034424, 16.286787033081055], [-89.88182067871094, 113.26246643066406, -3.163365602493286, 50.73713302612305, 35.90131759643555, -37.08201217651367, 22.739662170410156, 2.798516273498535, 43.46516799926758, 45.053558349609375, 130.27503967285156, 52.31849670410156, -30.804346084594727], [75.97175598144531, -9.127973556518555, 21.290197372436523, 30.183923721313477, -19.673084259033203, -52.623626708984375, 15.73652172088623, 16.405359268188477, -9.934101104736328, -4.100590229034424, 52.31849670410156, 108.34867858886719, 4.723815441131592], [105.4771499633789, -66.33438110351562, -6.4042816162109375, -8.090304374694824, -9.586606979370117, 46.984371185302734, -20.899993896484375, -27.869808197021484, 2.3598241806030273, 16.286787033081055, -30.804346084594727, 4.723815441131592, 153.413330078125]], "lowlevel.gfcc.icov": [[0.00030029998742975295, -0.0002182067692046985, 0.0002018196537392214, -0.000470911618322134, 0.00035921623930335045, -9.49630921240896e-05, -7.741997978882864e-05, -0.0002644881315063685, 0.0002654550480656326, -0.0003981793415732682, 0.0006368187605403364, -0.0003588399267755449, -0.00014718444435857236], [-0.0002182067692046985, 0.002613670425489545, -0.0016355662373825908, 0.002051608869805932, -0.002138887532055378, 0.002966743428260088, -0.0017463240073993802, 0.0023076392244547606, -0.002149223117157817, 0.0038564454298466444, -0.0034466523211449385, 0.002723224228248, -0.0006931444513611495], [0.0002018196537392214, -0.0016355662373825908, 0.002397810807451606, -0.0022893408313393593, 0.001461423933506012, -0.0024519176222383976, 0.0011663248296827078, -0.0015344113344326615, 0.0010885550873354077, -0.002437088405713439, 0.0028492920100688934, -0.002375944284722209, 0.0007430588593706489], [-0.000470911618322134, 0.002051608869805932, -0.0022893408313393593, 0.006458580959588289, -0.004300473723560572, 0.003101537236943841, -0.0010633878409862518, 0.0012977656442672014, -0.0013315572869032621, 0.003472584765404463, -0.004196758847683668, 0.001913136919029057, -0.0009215942700393498], [0.00035921623930335045, -0.002138887532055378, 0.001461423933506012, -0.004300473723560572, 0.009137336164712906, -0.004941489547491074, -0.0005459114327095449, 8.505310688633472e-06, -0.0009733617189340293, -0.002560714492574334, 0.002122517442330718, -0.0014576249523088336, 0.001431842683814466], [-9.49630921240896e-05, 0.002966743428260088, -0.0024519176222383976, 0.003101537236943841, -0.004941489547491074, 0.011528989300131798, -0.004625980742275715, 0.0021789628081023693, 0.0003208212729077786, 0.00022146121773403138, -0.0019042660715058446, 0.006078054197132587, -0.003262703772634268], [-7.741997978882864e-05, -0.0017463240073993802, 0.0011663248296827078, -0.0010633878409862518, -0.0005459114327095449, -0.004625980742275715, 0.01250353641808033, -0.006699377205222845, -0.0006755763315595686, 0.0019593038596212864, -0.0002806650591082871, -0.0030691924039274454, 0.0010002778144553304], [-0.0002644881315063685, 0.0023076392244547606, -0.0015344113344326615, 0.0012977656442672014, 8.505310688633472e-06, 0.0021789628081023693, -0.006699377205222845, 0.013382581062614918, -0.005269699729979038, 0.0016144440742209554, 0.0006683404208160937, -0.0005097308312542737, 0.0020952564664185047], [0.0002654550480656326, -0.002149223117157817, 0.0010885550873354077, -0.0013315572869032621, -0.0009733617189340293, 0.0003208212729077786, -0.0006755763315595686, -0.005269699729979038, 0.01597731187939644, -0.008248155936598778, -0.0006272117025218904, 0.0022037869784981012, -0.0019089397974312305], [-0.0003981793415732682, 0.0038564454298466444, -0.002437088405713439, 0.003472584765404463, -0.002560714492574334, 0.00022146121773403138, 0.0019593038596212864, 0.0016144440742209554, -0.008248155936598778, 0.019434940069913864, -0.010896632447838783, 0.004553383681923151, -0.0019095564493909478], [0.0006368187605403364, -0.0034466523211449385, 0.0028492920100688934, -0.004196758847683668, 0.002122517442330718, -0.0019042660715058446, -0.0002806650591082871, 0.0006683404208160937, -0.0006272117025218904, -0.010896632447838783, 0.021530896425247192, -0.011795598082244396, 0.004621430300176144], [-0.0003588399267755449, 0.002723224228248, -0.002375944284722209, 0.001913136919029057, -0.0014576249523088336, 0.006078054197132587, -0.0030691924039274454, -0.0005097308312542737, 0.0022037869784981012, 0.004553383681923151, -0.011795598082244396, 0.019121572375297546, -0.004511915612965822], [-0.00014718444435857236, -0.0006931444513611495, 0.0007430588593706489, -0.0009215942700393498, 0.001431842683814466, -0.003262703772634268, 0.0010002778144553304, 0.0020952564664185047, -0.0019089397974312305, -0.0019095564493909478, 0.004621430300176144, -0.004511915612965822, 0.009206825867295265]], "lowlevel.mfcc.cov": [[4693.35546875, -183.81155395507812, -325.447021484375, 138.0994873046875, -123.04263305664062, -83.54615020751953, -34.86301040649414, 1.6055699586868286, 123.45891571044922, -88.85900115966797, -242.21026611328125, -78.27030181884766, 227.96127319335938], [-183.81155395507812, 1294.6043701171875, 245.1746368408203, 207.19589233398438, 49.97138595581055, -2.8178610801696777, -38.891998291015625, 94.75523376464844, -37.392478942871094, -62.844356536865234, 58.46195602416992, 158.71151733398438, -16.824535369873047], [-325.447021484375, 245.1746368408203, 703.22412109375, 145.78573608398438, 141.286865234375, 67.98612976074219, 49.80302047729492, 27.631208419799805, 52.16988754272461, 33.53694152832031, -5.654294013977051, 19.79517364501953, 42.4419059753418], [138.0994873046875, 207.19589233398438, 145.78573608398438, 379.2815246582031, 121.35279846191406, 30.468835830688477, 8.683318138122559, 76.5371322631836, -1.6486157178878784, -38.12994384765625, 25.380558013916016, 143.85060119628906, 81.88298034667969], [-123.04263305664062, 49.97138595581055, 141.286865234375, 121.35279846191406, 190.28404235839844, 98.89544677734375, 42.59400939941406, 10.285396575927734, 25.035133361816406, 33.32370376586914, 29.25362777709961, 22.52307891845703, 11.037757873535156], [-83.54615020751953, -2.8178610801696777, 67.98612976074219, 30.468835830688477, 98.89544677734375, 177.29208374023438, 70.05604553222656, 1.5174766778945923, 21.378873825073242, 48.454368591308594, -10.11673641204834, -26.223995208740234, 3.0037596225738525], [-34.86301040649414, -38.891998291015625, 49.80302047729492, 8.683318138122559, 42.59400939941406, 70.05604553222656, 125.54846954345703, 47.551475524902344, 41.66923141479492, 21.356435775756836, 14.272480964660645, -9.496309280395508, -10.014673233032227], [1.6055699586868286, 94.75523376464844, 27.631208419799805, 76.5371322631836, 10.285396575927734, 1.5174766778945923, 47.551475524902344, 146.6902618408203, 41.701881408691406, -24.82356834411621, 33.009437561035156, 88.43765258789062, 4.14724063873291], [123.45891571044922, -37.392478942871094, 52.16988754272461, -1.6486157178878784, 25.035133361816406, 21.378873825073242, 41.66923141479492, 41.701881408691406, 132.53695678710938, 69.87073516845703, 5.37918758392334, -37.494686126708984, 1.891640305519104], [-88.85900115966797, -62.844356536865234, 33.53694152832031, -38.12994384765625, 33.32370376586914, 48.454368591308594, 21.356435775756836, -24.82356834411621, 69.87073516845703, 156.4398956298828, 29.424150466918945, -79.4730453491211, -20.57259750366211], [-242.21026611328125, 58.46195602416992, -5.654294013977051, 25.380558013916016, 29.25362777709961, -10.11673641204834, 14.272480964660645, 33.009437561035156, 5.37918758392334, 29.424150466918945, 215.5253143310547, 118.55377960205078, -62.03163528442383], [-78.27030181884766, 158.71151733398438, 19.79517364501953, 143.85060119628906, 22.52307891845703, -26.223995208740234, -9.496309280395508, 88.43765258789062, -37.494686126708984, -79.4730453491211, 118.55377960205078, 292.52056884765625, 48.87606430053711], [227.96127319335938, -16.824535369873047, 42.4419059753418, 81.88298034667969, 11.037757873535156, 3.0037596225738525, -10.014673233032227, 4.14724063873291, 1.891640305519104, -20.57259750366211, -62.03163528442383, 48.87606430053711, 161.12313842773438]], "lowlevel.mfcc.icov": [[0.00027896606479771435, -3.7966883610351942e-06, 0.00017408629355486482, -0.00022931494459044188, 0.00018724020628724247, 2.172744643758051e-05, -2.3980648620636202e-05, 0.0002005379064939916, -0.000551203265786171, 0.0002943398430943489, 0.0001221657294081524, 0.00011158044071635231, -0.0002870486059691757], [-3.7966883610351942e-06, 0.000998582923784852, -0.00036341280792839825, -0.00036757925408892334, 0.0001893554290290922, -0.00024757362552918494, 0.0006864872411824763, -0.0005786080728285015, 0.00029170504421927035, 6.358179962262511e-05, 1.580203024786897e-05, -0.00021521358576137573, 0.0005174429388716817], [0.00017408629355486482, -0.00036341280792839825, 0.0019979418721050024, -0.00035274194669909775, -0.0010282559087499976, 0.0003359059919603169, -0.0006361507694236934, 0.0004496969922911376, -0.0008397700148634613, -2.1526670025195926e-05, 0.0003743584384210408, 5.0045971875078976e-05, -0.00048215032438747585], [-0.00022931494459044188, -0.00036757925408892334, -0.00035274194669909775, 0.005251617636531591, -0.003348261583596468, 0.0004914122982881963, 0.0006634879391640425, -0.001990588614717126, 0.0009915989357978106, -2.310848140041344e-05, 9.994082938646898e-05, -0.0011468215379863977, -0.0016054476145654917], [0.00018724020628724247, 0.0001893554290290922, -0.0010282559087499976, -0.003348261583596468, 0.011125363409519196, -0.004994186572730541, -0.0002497246314305812, 0.0018766488647088408, -0.0015797720989212394, 0.00019665705622173846, -0.0014216313138604164, 0.00013565982226282358, 0.0004496249894145876], [2.172744643758051e-05, -0.00024757362552918494, 0.0003359059919603169, 0.0004914122982881963, -0.004994186572730541, 0.010949508287012577, -0.0052572740241885185, 0.0006468882202170789, 0.0017566176829859614, -0.0030683751683682203, 0.0022200148086994886, -0.0006385323358699679, 3.5760811442742124e-05], [-2.3980648620636202e-05, 0.0006864872411824763, -0.0006361507694236934, 0.0006634879391640425, -0.0002497246314305812, -0.0052572740241885185, 0.013950147666037083, -0.0050842491909861565, -0.0016337904380634427, 0.0015364581486210227, -0.0018415986560285091, 0.0018301488598808646, 2.418124722680659e-07], [0.0002005379064939916, -0.0005786080728285015, 0.0004496969922911376, -0.001990588614717126, 0.0018766488647088408, 0.0006468882202170789, -0.0050842491909861565, 0.014015457592904568, -0.006302887573838234, 0.002319294260814786, 0.0012637460604310036, -0.004172522574663162, 0.0018540193559601903], [-0.000551203265786171, 0.00029170504421927035, -0.0008397700148634613, 0.0009915989357978106, -0.0015797720989212394, 0.0017566176829859614, -0.0016337904380634427, -0.006302887573838234, 0.015031231567263603, -0.006695212796330452, -0.00014649222430307418, 0.0017201586160808802, -0.0009457845008000731], [0.0002943398430943489, 6.358179962262511e-05, -2.1526670025195926e-05, -2.310848140041344e-05, 0.00019665705622173846, -0.0030683751683682203, 0.0015364581486210227, 0.002319294260814786, -0.006695212796330452, 0.013339641503989697, -0.004603201057761908, 0.004000568762421608, -0.0015167791862040758], [0.0001221657294081524, 1.580203024786897e-05, 0.0003743584384210408, 9.994082938646898e-05, -0.0014216313138604164, 0.0022200148086994886, -0.0018415986560285091, 0.0012637460604310036, -0.00014649222430307418, -0.004603201057761908, 0.01081239152699709, -0.006703841499984264, 0.0051986887119710445], [0.00011158044071635231, -0.00021521358576137573, 5.0045971875078976e-05, -0.0011468215379863977, 0.00013565982226282358, -0.0006385323358699679, 0.0018301488598808646, -0.004172522574663162, 0.0017201586160808802, 0.004000568762421608, -0.006703841499984264, 0.010165360756218433, -0.004560904577374458], [-0.0002870486059691757, 0.0005174429388716817, -0.00048215032438747585, -0.0016054476145654917, 0.0004496249894145876, 3.5760811442742124e-05, 2.418124722680659e-07, 0.0018540193559601903, -0.0009457845008000731, -0.0015167791862040758, 0.0051986887119710445, -0.004560904577374458, 0.010732749477028847]], "metadata.audio_properties.analysis.downmix": "mix", "metadata.audio_properties.codec": "mp3", "metadata.audio_properties.md5_encoded": "6fdd7b40b272a1ef1147428c9bd15344", "metadata.tags.file_name": "1183701821533990952.mp3", "metadata.version.essentia": "2.1-beta6-dev", "metadata.version.essentia_git_sha": "v2.1_beta5-1110-g77a6a954", "metadata.version.extractor": "music 2.0", "tonal.chords_key": "C#", "tonal.chords_scale": "major", "tonal.key_edma.key": "C#", "tonal.key_edma.scale": "major", "tonal.key_krumhansl.key": "C#", "tonal.key_krumhansl.scale": "major", "tonal.key_temperley.key": "C#", "tonal.key_temperley.scale": "major", "metadata.tags.encoding": ["Lavf58.45.100"]}, "essentia_models": [{"model_name": "genre_dortmund", "activations": {"alternative": "0.023425195", "blues": "0.03315347", "electronic": "0.12060474", "folkcountry": "0.019049423", "funksoulrnb": "0.08972844", "jazz": "0.68