{"song_id": "1183651769914507335", "download": "https://cdn.discordapp.com/attachments/1135903449314238464/1183651769914507335/chirp.mp4?ex=65891c9d&amp", "lyrics": "(Verse 1)\n\"I'm on the subway now,\" \u6211\u73b0\u5728\u5750\u5730\u94c1\uff0c\nLearning English on the go, \u4e00\u8fb9\u8d70\u4e00\u8fb9\u5b66\u3002\n\"I'm watching a movie,\" \u6b63\u770b\u7740\u7535\u5f71\uff0c\n\"I'm eating dinner,\" \u6b63\u5403\u665a\u996d\uff0c\nEvery word, a new window. \u6bcf\u4e2a\u8bcd\u90fd\u662f\u65b0\u5929\u5730\u3002", "style": ["Country</span><span>, Easy Listening</span><span>, boy </span><span>, chinese"], "essentia_features": {"lowlevel.average_loudness": 0.9440045356750488, "lowlevel.barkbands_crest.mean": 12.743786811828613, "lowlevel.barkbands_crest.stdev": 3.97294282913208, "lowlevel.barkbands_flatness_db.mean": 0.21667098999023438, "lowlevel.barkbands_flatness_db.stdev": 0.08119390904903412, "lowlevel.barkbands_kurtosis.mean": 21.903013229370117, "lowlevel.barkbands_kurtosis.stdev": 34.20271301269531, "lowlevel.barkbands_skewness.mean": 3.096275806427002, "lowlevel.barkbands_skewness.stdev": 2.0653367042541504, "lowlevel.barkbands_spread.mean": 16.86860466003418, "lowlevel.barkbands_spread.stdev": 16.83235740661621, "lowlevel.dissonance.mean": 0.4386945068836212, "lowlevel.dissonance.stdev": 0.04906962066888809, "lowlevel.dynamic_complexity": 2.27877140045166, "lowlevel.erbbands_crest.mean": 12.106878280639648, "lowlevel.erbbands_crest.stdev": 5.404882907867432, "lowlevel.erbbands_flatness_db.mean": 0.1891801655292511, "lowlevel.erbbands_flatness_db.stdev": 0.05119633302092552, "lowlevel.erbbands_kurtosis.mean": 3.6579110622406006, "lowlevel.erbbands_kurtosis.stdev": 8.741405487060547, "lowlevel.erbbands_skewness.mean": 1.0028929710388184, "lowlevel.erbbands_skewness.stdev": 1.5503350496292114, "lowlevel.erbbands_spread.mean": 45.48757553100586, "lowlevel.erbbands_spread.stdev": 27.587345123291016, "lowlevel.hfc.mean": 18.165067672729492, "lowlevel.hfc.stdev": 15.238791465759277, "lowlevel.loudness_ebu128.integrated": -17.341550827026367, "lowlevel.loudness_ebu128.loudness_range": 2.047422409057617, "lowlevel.loudness_ebu128.momentary.mean": -17.8576717376709, "lowlevel.loudness_ebu128.momentary.stdev": 2.728501796722412, "lowlevel.loudness_ebu128.short_term.mean": -17.400991439819336, "lowlevel.loudness_ebu128.short_term.stdev": 0.7009156942367554, "lowlevel.melbands_crest.mean": 17.639598846435547, "lowlevel.melbands_crest.stdev": 5.154147624969482, "lowlevel.melbands_flatness_db.mean": 0.28502610325813293, "lowlevel.melbands_flatness_db.stdev": 0.09754066914319992, "lowlevel.melbands_kurtosis.mean": 38.56559371948242, "lowlevel.melbands_kurtosis.stdev": 48.12269592285156, "lowlevel.melbands_skewness.mean": 4.176840305328369, "lowlevel.melbands_skewness.stdev": 2.3065130710601807, "lowlevel.melbands_spread.mean": 14.211216926574707, "lowlevel.melbands_spread.stdev": 15.077136039733887, "lowlevel.pitch_salience.mean": 0.4486348330974579, "lowlevel.pitch_salience.stdev": 0.11940028518438339, "lowlevel.silence_rate_20dB.mean": 1.0, "lowlevel.silence_rate_20dB.stdev": 0.0, "lowlevel.silence_rate_30dB.mean": 1.0, "lowlevel.silence_rate_30dB.stdev": 0.0, "lowlevel.silence_rate_60dB.mean": 0.03665521368384361, "lowlevel.silence_rate_60dB.stdev": 0.187911719083786, "lowlevel.spectral_centroid.mean": 1009.3063354492188, "lowlevel.spectral_centroid.stdev": 753.8998413085938, "lowlevel.spectral_complexity.mean": 12.768613815307617, "lowlevel.spectral_complexity.stdev": 9.638916969299316, "lowlevel.spectral_decrease.mean": -7.643845556515316e-09, "lowlevel.spectral_decrease.stdev": 4.226082150893262e-09, "lowlevel.spectral_energy.mean": 0.030497245490550995, "lowlevel.spectral_energy.stdev": 0.01663937047123909, "lowlevel.spectral_energyband_high.mean": 0.0010310439392924309, "lowlevel.spectral_energyband_high.stdev": 0.0017139734700322151, "lowlevel.spectral_energyband_low.mean": 0.010367480106651783, "lowlevel.spectral_energyband_low.stdev": 0.010407919064164162, "lowlevel.spectral_energyband_middle_high.mean": 0.0030439880210906267, "lowlevel.spectral_energyband_middle_high.stdev": 0.004507861100137234, "lowlevel.spectral_energyband_middle_low.mean": 0.021714121103286743, "lowlevel.spectral_energyband_middle_low.stdev": 0.014210391789674759, "lowlevel.spectral_entropy.mean": 7.02387809753418, "lowlevel.spectral_entropy.stdev": 0.7755064368247986, "lowlevel.spectral_flux.mean": 0.0672270730137825, "lowlevel.spectral_flux.stdev": 0.038879960775375366, "lowlevel.spectral_kurtosis.mean": 5.629896640777588, "lowlevel.spectral_kurtosis.stdev": 6.378204822540283, "lowlevel.spectral_rms.mean": 0.005205423571169376, "lowlevel.spectral_rms.stdev": 0.0016300396528095007, "lowlevel.spectral_rolloff.mean": 1082.505615234375, "lowlevel.spectral_rolloff.stdev": 1459.201904296875, "lowlevel.spectral_skewness.mean": 1.6057474613189697, "lowlevel.spectral_skewness.stdev": 0.901883065700531, "lowlevel.spectral_spread.mean": 4602996.0, "lowlevel.spectral_spread.stdev": 1603413.625, "lowlevel.spectral_strongpeak.mean": 0.9978482723236084, "lowlevel.spectral_strongpeak.stdev": 0.8298031091690063, "lowlevel.zerocrossingrate.mean": 0.04490229859948158, "lowlevel.zerocrossingrate.stdev": 0.03174847364425659, "metadata.audio_properties.analysis.equal_loudness": 0.0, "metadata.audio_properties.analysis.length": 20.245328903198242, "metadata.audio_properties.analysis.sample_rate": 44100.0, "metadata.audio_properties.analysis.start_time": 0.0, "metadata.audio_properties.bit_rate": 120350.0, "metadata.audio_properties.length": 20.245332717895508, "metadata.audio_properties.lossless": 0.0, "metadata.audio_properties.number_channels": 1.0, "metadata.audio_properties.replay_gain": -9.24888801574707, "metadata.audio_properties.sample_rate": 48000.0, "rhythm.beats_count": 46.0, "rhythm.beats_loudness.mean": 0.04310387000441551, "rhythm.beats_loudness.stdev": 0.015736330300569534, "rhythm.bpm": 137.10183715820312, "rhythm.bpm_histogram_first_peak_bpm": 136.0, "rhythm.bpm_histogram_first_peak_weight": 0.30000001192092896, "rhythm.bpm_histogram_second_peak_bpm": 144.0, "rhythm.bpm_histogram_second_peak_spread": 0.0, "rhythm.bpm_histogram_second_peak_weight": 0.08888889104127884, "rhythm.danceability": 1.1851129531860352, "rhythm.onset_rate": 4.442379951477051, "tonal.chords_changes_rate": 0.08466818928718567, "tonal.chords_number_rate": 0.018306635320186615, "tonal.chords_strength.mean": 0.435580849647522, "tonal.chords_strength.stdev": 0.09366528689861298, "tonal.hpcp_crest.mean": 17.88318634033203, "tonal.hpcp_crest.stdev": 8.027087211608887, "tonal.hpcp_entropy.mean": 1.5296721458435059, "tonal.hpcp_entropy.stdev": 0.799037516117096, "tonal.key_edma.strength": 0.6293165683746338, "tonal.key_krumhansl.strength": 0.6400474905967712, "tonal.key_temperley.strength": 0.6582825779914856, "tonal.tuning_diatonic_strength": 0.6190786361694336, "tonal.tuning_equal_tempered_deviation": 0.05083383247256279, "tonal.tuning_frequency": 437.7185363769531, "tonal.tuning_nontempered_energy_ratio": 0.6810204386711121, "lowlevel.barkbands.mean": [5.087576482765144e-06, 6.176783062983304e-05, 0.005098483990877867, 0.008166931569576263, 0.005972806364297867, 0.003794731805101037, 0.0008757845498621464, 0.0013183909468352795, 0.0006320381653495133, 0.0013098575873300433, 0.00027857895474880934, 0.000279378640698269, 0.00011837374768219888, 0.0002420211094431579, 0.00022013334091752768, 0.000186959354323335, 0.0002206544013461098, 0.000183309952262789, 0.0003610301355365664, 0.0003078140434809029, 0.0004233607032801956, 0.00021983907208777964, 4.989358058082871e-05, 5.7706853112904355e-05, 8.540838462067768e-05, 2.5957284378819168e-05, 9.602097179595148e-07], "lowlevel.barkbands.stdev": [9.172768841381185e-06, 0.00013004594075027853, 0.005794138181954622, 0.007596960291266441, 0.007298234384506941, 0.005510195158421993, 0.0017914369236677885, 0.0037517952732741833, 0.0019712208304554224, 0.0041951024904847145, 0.0009973000269383192, 0.001054367865435779, 0.0008217376307584345, 0.0010133842006325722, 0.0007404435891658068, 0.0004627425514627248, 0.00048055031220428646, 0.000373067770851776, 0.0005926755256950855, 0.0004864462243858725, 0.0007934495224617422, 0.0005909029860049486, 0.00012163187057012692, 0.00018797488883137703, 0.0001813436538213864, 4.4414831791073084e-05, 3.633515234469087e-06], "lowlevel.erbbands.mean": [0.0017166053876280785, 0.07503748685121536, 3.4133248329162598, 21.57992172241211, 16.673707962036133, 19.919498443603516, 37.677513122558594, 25.89698600769043, 19.223527908325195, 19.396259307861328, 23.2887020111084, 17.710559844970703, 45.4716911315918, 16.433917999267578, 13.552589416503906, 12.246359825134277, 6.318333148956299, 12.673239707946777, 10.290321350097656, 11.042192459106445, 12.092674255371094, 10.82017707824707, 10.089926719665527, 16.168787002563477, 16.36406135559082, 14.237971305847168, 17.613698959350586, 15.659564971923828, 9.430133819580078, 2.6039438247680664, 1.3076939582824707, 0.9597841501235962, 1.159348964691162, 1.0915113687515259, 0.5140724182128906, 0.1657574325799942, 0.03539081662893295, 0.005300711374729872, 0.00014442243264056742, 4.0803381125442684e-05], "lowlevel.erbbands.stdev": [0.0014703538035973907, 0.0787927657365799, 3.716965675354004, 20.273788452148438, 18.560466766357422, 30.958023071289062, 58.39958572387695, 44.367740631103516, 38.901851654052734, 46.495155334472656, 87.09337615966797, 53.07093048095703, 159.83444213867188, 47.744693756103516, 47.4402961730957, 39.03255081176758, 39.27617645263672, 54.18074035644531, 34.400569915771484, 27.294076919555664, 25.691486358642578, 20.112031936645508, 19.151578903198242, 29.906457901000977, 26.4014949798584, 22.10778045654297, 32.483795166015625, 30.6361083984375, 25.045827865600586, 6.321639060974121, 3.305115222930908, 2.975626230239868, 3.8027100563049316, 2.7507052421569824, 0.8891353011131287, 0.28745579719543457, 0.0649922639131546, 0.011632098816335201, 0.00031519215553998947, 2.331067662453279e-05], "lowlevel.gfcc.mean": [-36.37720489501953, 91.08407592773438, -95.74674224853516, 38.59639358520508, -67.61934661865234, -15.249715805053711, -48.33497619628906, -2.6619672775268555, -48.66600799560547, -2.037151336669922, -34.35087203979492, -10.415678024291992, -8.872791290283203], "lowlevel.melbands.mean": [1.0825683602888603e-05, 0.0015052580274641514, 0.0034597476478666067, 0.0011079414980486035, 0.0013216851511970162, 0.000616112258285284, 0.000265223381575197, 0.00023190121282823384, 0.00017536099767312407, 0.00010691778879845515, 0.00022360718867275864, 6.239036156330258e-05, 4.106404594494961e-05, 3.7847039493499324e-05, 2.0042767573613673e-05, 9.651112122810446e-06, 2.6635767426341772e-05, 1.559271549922414e-05, 1.4930324141460005e-05, 1.4512684174405877e-05, 1.4808746527705807e-05, 1.1687573532981332e-05, 1.0587066753942054e-05, 7.936258953122888e-06, 1.3679931726073846e-05, 1.3070697605144233e-05, 9.812620191951282e-06, 9.087699254450854e-06, 1.0940671927528456e-05, 1.0796201422635932e-05, 8.61222724779509e-06, 6.3525408222631086e-06, 2.256388597743353e-06, 1.0988745771101094e-06, 7.648910695934319e-07, 5.808487912872806e-07, 5.944663143964135e-07, 8.110220051094075e-07, 8.512562317264383e-07, 9.609296967028058e-07], "lowlevel.melbands.stdev": [1.9718645489774644e-05, 0.0015582680935040116, 0.0026920430827885866, 0.0013187703443691134, 0.0018867595354095101, 0.0009931421373039484, 0.0005359223578125238, 0.0005616802955046296, 0.0006512095569632947, 0.0003230237925890833, 0.000793577404692769, 0.00020351597049739212, 0.0001501464721513912, 0.0001318202557740733, 8.922439883463085e-05, 5.018199226469733e-05, 0.00012243441597092897, 5.013082773075439e-05, 5.371521183406003e-05, 3.787777677644044e-05, 3.3119857107521966e-05, 2.4980086891446263e-05, 2.259265966131352e-05, 1.6143159882631153e-05, 2.6590143534122035e-05, 2.242175833089277e-05, 1.606570731382817e-05, 1.4461862519965507e-05, 2.0752515411004424e-05, 2.145344842574559e-05, 1.8193963114754297e-05, 1.7664582628640346e-05, 6.251557806535857e-06, 2.650730948516866e-06, 2.0115264760534046e-06, 1.5763125702505931e-06, 2.0607062651833985e-06, 2.9802856715832604e-06, 2.4507967282261234e-06, 2.300900405316497e-06], "lowlevel.melbands128.mean": [2.3829611563996878e-06, 3.0640821933047846e-06, 6.998413482506294e-06, 3.8657195545965806e-05, 0.0005555934621952474, 0.0032806647941470146, 0.004973364528268576, 0.003435220569372177, 0.0014554138761013746, 0.0005809168796986341, 0.0010805981000885367, 0.0017138945404440165, 0.0014734802534803748, 0.0007825932116247714, 0.0005088801262900233, 0.000631823088042438, 0.0004722291778307408, 0.00013609835878014565, 8.502644050167874e-05, 0.0002318752813152969, 0.0003119581378996372, 0.00020320109615568072, 0.00018402245768811554, 9.867620974546298e-05, 0.00011886707216035575, 6.718405347783118e-05, 0.00017051625763997436, 0.00039158479194156826, 8.949056064011529e-05, 8.094075747067109e-05, 4.960123624186963e-05, 2.6959814931615256e-05, 4.294278551242314e-05, 5.372869782149792e-05, 2.9943792469566688e-05, 4.231379716657102e-05, 3.694677070598118e-05, 8.8144015535363e-06, 2.2418369553633966e-05, 1.0918986845354084e-05, 6.037944331183098e-06, 7.239176284201676e-06, 3.174916128045879e-05, 3.872073648381047e-05, 7.70601945987437e-06, 1.4588294106943067e-05, 1.907725709315855e-05, 1.3874077922082506e-05, 1.4141051906335633e-05, 1.556464849272743e-05, 1.5194318621070124e-05, 1.2261160009074956e-05, 1.2624601367861032e-05, 1.6630248865112662e-05, 1.8828546672011726e-05, 8.617183993919753e-06, 8.122471626847982e-06, 1.1462750990176573e-05, 1.2854288797825575e-05, 7.090149210853269e-06, 6.696323907817714e-06, 6.847832992207259e-06, 1.641741255298257e-05, 1.4773211660212837e-05, 1.1501416338433046e-05, 1.3463167306326795e-05, 1.538170727144461e-05, 7.82308961788658e-06, 8.459434866381343e-06, 1.2540795069071464e-05, 7.281240414158674e-06, 7.579315479233628e-06, 1.3003935237065889e-05, 1.0332476449548267e-05, 1.0417241355753504e-05, 1.2487070307543036e-05, 1.0040999768534675e-05, 8.805231118458323e-06, 8.77809270605212e-06, 7.696481588936877e-06, 8.129772140819114e-06, 5.404016974352999e-06, 3.186441745128832e-06, 1.9841775156237418e-06, 1.36717517307261e-06, 1.1770118817366892e-06, 1.0308528999303235e-06, 8.723646942598862e-07, 7.60491957407794e-07, 6.682587354589486e-07, 6.527027949232433e-07, 5.535865170713805e-07, 4.692034565323411e-07, 5.042356292506156e-07, 7.429222250721068e-07, 8.217588174375123e-07, 8.098149351098982e-07, 8.159803996932169e-07, 7.883139687692164e-07, 8.915172884371714e-07, 1.0217374892818043e-06, 9.422162179362203e-07, 9.747114972924464e-07, 7.269920843100408e-07, 5.684754000867542e-07, 4.099873365248641e-07, 3.6908403444613214e-07, 3.7734966440439166e-07, 2.943081085504673e-07, 2.103880092363397e-07, 1.3488298122865672e-07, 9.607529705135676e-08, 1.089901289219597e-07, 9.4897067981492e-08, 8.697473674601497e-08, 5.09212263466452e-08, 3.209983034935249e-08, 8.193903333619801e-09, 5.832881400102963e-10, 8.773286784558021e-12, 4.859589293471078e-12, 4.298744086389528e-12, 3.35290714463532e-12, 3.283524493968848e-12, 3.180788748710639e-12, 3.04399192484206e-12, 2.963429631894221e-12, 2.9388960882947845e-12], "lowlevel.melbands128.stdev": [4.170920874457806e-06, 5.2597647481889e-06, 1.1915297363884747e-05, 8.848688594298437e-05, 0.0008705251384526491, 0.0036812543403357267, 0.005463131237775087, 0.0034972813446074724, 0.002153663896024227, 0.0016123232198879123, 0.002059580758213997, 0.002900991588830948, 0.002753934822976589, 0.0017387913540005684, 0.001346999779343605, 0.0013939859345555305, 0.0012033723760396242, 0.00038331749965436757, 0.00029633744270540774, 0.0006710918969474733, 0.0008501821430400014, 0.0009290655143558979, 0.0009759072563610971, 0.0004511035804171115, 0.0005251526017673314, 0.0003476954298093915, 0.0006301256944425404, 0.0015246031107380986, 0.00030312399030663073, 0.000362720136763528, 0.00021611558622680604, 0.00013369052612688392, 0.00021186766389291734, 0.00023856443294789642, 0.00024222288629971445, 0.00017549791664350778, 0.0001443426444893703, 3.3385611459380016e-05, 0.000229578887228854, 7.897086470620707e-05, 1.9984745449619368e-05, 2.8072145141777582e-05, 0.00015757801884319633, 0.00019635504577308893, 2.048419446509797e-05, 7.987540448084474e-05, 0.00010531839507166296, 9.764457354322076e-05, 4.1039147617993876e-05, 4.898567567579448e-05, 6.632733857259154e-05, 3.470385490800254e-05, 4.231974162394181e-05, 4.746930790133774e-05, 6.099538950365968e-05, 2.3889911972219124e-05, 2.104221857734956e-05, 3.3816511859185994e-05, 3.815420132013969e-05, 1.5005357454356272e-05, 1.8265969629283063e-05, 1.8513534087105654e-05, 4.0981271013151854e-05, 3.0501038054353558e-05, 2.6965426513925195e-05, 2.89290019281907e-05, 3.25992405123543e-05, 1.603413329576142e-05, 1.743299981171731e-05, 2.6693973268265836e-05, 1.3766660231340211e-05, 1.3445121112454217e-05, 2.7579244488151744e-05, 2.309779665665701e-05, 2.4575045245001093e-05, 3.072986874030903e-05, 2.1694213501177728e-05, 1.9466966477921233e-05, 1.9628389054560103e-05, 2.1515372282010503e-05, 2.3214133761939593e-05, 1.758797407092061e-05, 9.20794172998285e-06, 6.3237789618142415e-06, 3.913435193680925e-06, 3.242349976062542e-06, 2.494685304554878e-06, 2.349536316614831e-06, 2.3198210783448303e-06, 2.0001882603537524e-06, 1.8810479787134682e-06, 1.6845366417328478e-06, 1.4638760603702394e-06, 1.8677652633414255e-06, 3.1274189495889004e-06, 3.002932544404757e-06, 3.6459102830121992e-06, 2.5053625449800165e-06, 2.2256706415646477e-06, 2.8619974727916997e-06, 3.275585186202079e-06, 2.1318635390343843e-06, 2.072901907013147e-06, 1.4236172773962608e-06, 9.960340321413241e-07, 7.508611474804638e-07, 6.774786811547528e-07, 6.762433031326509e-07, 5.460909164867189e-07, 4.855722863794654e-07, 3.311162117825006e-07, 2.16551995890768e-07, 2.157919851697443e-07, 2.1853963971807389e-07, 2.0613552464965323e-07, 1.169996082239777e-07, 1.0926319760073966e-07, 5.084290677359604e-08, 6.173145994381457e-09, 1.4922926783178525e-10, 4.048454627092468e-11, 2.6475424283467497e-11, 5.275837058893451e-12, 5.17637712207919e-12, 5.1010840516896305e-12, 5.03672190760307e-12, 4.989388242837567e-12, 4.9607635707604736e-12], "lowlevel.mfcc.mean": [-689.9298095703125, 122.32611083984375, 13.487642288208008, 45.41106033325195, -6.0583648681640625, -9.440044403076172, -1.8639286756515503, -21.77077293395996, 0.7000227570533752, -21.060840606689453, -13.826325416564941, -16.101804733276367, -12.225310325622559], "lowlevel.spectral_contrast_coeffs.mean": [-0.5078348517417908, -0.6969113945960999, -0.7604448199272156, -0.8090311288833618, -0.7995620369911194, -0.7093019485473633], "lowlevel.spectral_contrast_coeffs.stdev": [0.06993435323238373, 0.0976678729057312, 0.08795727789402008, 0.056072067469358444, 0.050590433180332184, 0.06305736303329468], "lowlevel.spectral_contrast_valleys.mean": [-7.626053810119629, -7.410227298736572, -8.168700218200684, -8.356531143188477, -7.7785162925720215, -10.990785598754883], "lowlevel.spectral_contrast_valleys.stdev": [0.8727317452430725, 0.8866449594497681, 0.9339172840118408, 0.9424477815628052, 1.090720295906067, 1.2066513299942017], "rhythm.beats_loudness_band_ratio.mean": [0.3812686800956726, 0.32897284626960754, 0.1729450523853302, 0.08926858752965927, 0.0478287898004055, 0.0588129498064518], "rhythm.beats_loudness_band_ratio.stdev": [0.20320802927017212, 0.20873261988162994, 0.1608709841966629, 0.12700898945331573, 0.047594692558050156, 0.04864601418375969], "tonal.hpcp.mean": [0.0298566073179245, 0.023223284631967545, 0.017793625593185425, 0.01912863738834858, 0.019054709002375603, 0.02073410153388977, 0.03168568015098572, 0.03954721614718437, 0.198191300034523, 0.3259785771369934, 0.16955605149269104, 0.03272882103919983, 0.028288602828979492, 0.06021996587514877, 0.19538773596286774, 0.3153533935546875, 0.1824840009212494, 0.029548387974500656, 0.018402662128210068, 0.014341444708406925, 0.027187064290046692, 0.05091562867164612, 0.04929801821708679, 0.15171374380588531, 0.23316851258277893, 0.11067990213632584, 0.01749482937157154, 0.014741674065589905, 0.016127506271004677, 0.10188315808773041, 0.228648379445076, 0.14952626824378967, 0.019896909594535828, 0.010684087872505188, 0.008566387929022312, 0.02014027163386345], "tonal.hpcp.stdev": [0.10055318474769592, 0.08596443384885788, 0.0877140536904335, 0.09581958502531052, 0.08972913026809692, 0.09255034476518631, 0.12031344324350357, 0.13612622022628784, 0.28527525067329407, 0.39699625968933105, 0.22912894189357758, 0.12733511626720428, 0.11264175176620483, 0.18753774464130402, 0.30474409461021423, 0.4237131178379059, 0.2785753607749939, 0.11603327095508575, 0.09877496212720871, 0.0699642151594162, 0.11265246570110321, 0.17387163639068604, 0.16630108654499054, 0.2606070935726166, 0.39082297682762146, 0.20123136043548584, 0.0792090892791748, 0.07959704846143723, 0.08241425454616547, 0.1901470124721527, 0.3657270669937134, 0.25219762325286865, 0.0681377500295639, 0.051105380058288574, 0.019033247604966164, 0.078403539955616], "rhythm.beats_position": [0.3831292390823364, 0.7662584781646729, 1.1842176914215088, 1.6021767854690552, 2.043355941772461, 2.4845352172851562, 2.9257142543792725, 3.3668932914733887, 3.808072566986084, 4.22603178024292, 4.667210578918457, 5.108389854431152, 5.549569129943848, 5.979138374328613, 6.42031717300415, 6.861496448516846, 7.291065692901611, 7.732244968414307, 8.173423767089844, 8.60299301147461, 9.032562255859375, 9.47374153137207, 9.914920806884766, 10.356099128723145, 10.78566837310791, 11.215237617492676, 11.656416893005371, 12.085986137390137, 12.527165412902832, 12.956734657287598, 13.397913932800293, 13.839092254638672, 14.280271530151367, 14.709840774536133, 15.151020050048828, 15.580589294433594, 15.99854850769043, 16.439727783203125, 16.88090705871582, 17.322086334228516, 17.76326560974121, 18.192834854125977, 18.622404098510742, 19.063581466674805, 19.5047607421875, 19.945940017700195], "rhythm.bpm_histogram": [0.0, 0.0, 0.0, 0.0, 0.0, 0.0, 0.0, 0.0, 0.0, 0.0, 0.0, 0.0, 0.0, 0.0, 0.0, 0.0, 0.0, 0.0, 0.0, 0.0, 0.0, 0.0, 0.0, 0.0, 0.0, 0.0, 0.0, 0.0, 0.0, 0.0, 0.0, 0.0, 0.0, 0.0, 0.0, 0.0, 0.0, 0.0, 0.0, 0.0, 0.0, 0.0, 0.0, 0.0, 0.0, 0.0, 0.0, 0.0, 0.0, 0.0, 0.0, 0.0, 0.0, 0.0, 0.0, 0.0, 0.0, 0.0, 0.0, 0.0, 0.0, 0.0, 0.0, 0.0, 0.0, 0.0, 0.0, 0.0, 0.0, 0.0, 0.0, 0.0, 0.0, 0.0, 0.0, 0.0, 0.0, 0.0, 0.0, 0.0, 0.0, 0.0, 0.0, 0.0, 0.0, 0.0, 0.0, 0.0, 0.0, 0.0, 0.0, 0.0, 0.0, 0.0, 0.0, 0.0, 0.0, 0.0, 0.0, 0.0, 0.0, 0.0, 0.0, 0.0, 0.0, 0.0, 0.0, 0.0, 0.0, 0.0, 0.0, 0.0, 0.0, 0.0, 0.0, 0.0, 0.0, 0.0, 0.0, 0.0, 0.0, 0.0, 0.0, 0.0, 0.0, 0.0, 0.0, 0.0, 0.0, 0.0, 0.0, 0.0, 0.0, 0.0, 0.0, 0.0, 0.6222222447395325, 0.0, 0.0, 0.0, 0.2666666805744171, 0.0, 0.0, 0.0, 0.08888889104127884, 0.0, 0.0, 0.0, 0.0, 0.0, 0.0, 0.0, 0.0, 0.0, 0.0, 0.0, 0.0, 0.02222222276031971, 0.0, 0.0, 0.0, 0.0, 0.0, 0.0, 0.0, 0.0, 0.0, 0.0, 0.0, 0.0, 0.0, 0.0, 0.0, 0.0, 0.0, 0.0, 0.0, 0.0, 0.0, 0.0, 0.0, 0.0, 0.0, 0.0, 0.0, 0.0, 0.0, 0.0, 0.0, 0.0, 0.0, 0.0, 0.0, 0.0, 0.0, 0.0, 0.0, 0.0, 0.0, 0.0, 0.0, 0.0, 0.0, 0.0, 0.0, 0.0, 0.0, 0.0, 0.0, 0.0, 0.0, 0.0, 0.0, 0.0, 0.0, 0.0, 0.0, 0.0, 0.0, 0.0, 0.0, 0.0, 0.0, 0.0, 0.0, 0.0, 0.0, 0.0, 0.0, 0.0, 0.0, 0.0, 0.0, 0.0, 0.0, 0.0, 0.0, 0.0, 0.0, 0.0, 0.0, 0.0, 0.0, 0.0, 0.0, 0.0, 0.0, 0.0, 0.0, 0.0], "tonal.chords_histogram": [8.924485206604004, 0.22883294522762299, 34.09611129760742, 0.0, 7.551487445831299, 0.22883294522762299, 7.0938215255737305, 0.0, 0.0, 0.0, 0.0, 0.0, 0.0, 0.0, 0.0, 0.0, 0.0, 16.704805374145508, 0.0, 7.551487445831299, 0.0, 2.0594966411590576, 0.0, 15.560640335083008], "tonal.thpcp": [1.0, 0.5201447606086731, 0.10040175169706345, 0.08678055554628372, 0.184735968708992, 0.5993883013725281, 0.9674052596092224, 0.5598036646842957, 0.0906451866030693, 0.05645359307527542, 0.043995052576065063, 0.0834013819694519, 0.15619316697120667, 0.1512308567762375, 0.46541017293930054, 0.7152878642082214, 0.33953121304512024, 0.05366864800453186, 0.04522283002734184, 0.04947412759065628, 0.3125455677509308, 0.7014214992523193, 0.45869967341423035, 0.06103747710585594, 0.032775428146123886, 0.026278991252183914, 0.061784032732248306, 0.09159070253372192, 0.07124175131320953, 0.05458525940775871, 0.05868065729737282, 0.058453869074583054, 0.06360571831464767, 0.09720172733068466, 0.12131845206022263, 0.607988715171814], "lowlevel.gfcc.cov": [[7658.10205078125, -1886.2047119140625, -1280.10546875, 117.69923400878906, -509.5576477050781, 286.9139099121094, 257.3698425292969, 626.6478881835938, -208.25392150878906, 392.0498962402344, -435.6663513183594, 39.44158172607422, -109.8143539428711], [-1886.2047119140625, 1621.9228515625, 268.5784606933594, -321.8782653808594, 433.66351318359375, -117.25916290283203, 109.14549255371094, -160.28782653808594, 160.73834228515625, -106.28121185302734, 145.93450927734375, -168.92013549804688, 137.30882263183594], [-1280.10546875, 268.5784606933594, 786.1635131835938, 144.60018920898438, 16.95186996459961, -11.354019165039062, -108.68499755859375, -109.73721313476562, 33.6906623840332, -87.5805892944336, 81.75479125976562, -24.731067657470703, -19.183216094970703], [117.69923400878906, -321.8782653808594, 144.60018920898438, 566.4032592773438, 7.768467903137207, 30.648021697998047, -10.74393367767334, 52.15058898925781, 40.84287643432617, -54.28057861328125, -21.672597885131836, -19.444774627685547, -27.65786361694336], [-509.5576477050781, 433.66351318359375, 16.95186996459961, 7.768467903137207, 367.372802734375, 39.29117202758789, 28.247638702392578, 4.358728408813477, 63.652591705322266, -42.329071044921875, 15.450700759887695, -51.34049606323242, 31.10724639892578], [286.9139099121094, -117.25916290283203, -11.354019165039062, 30.648021697998047, 39.29117202758789, 310.1692199707031, 50.25782775878906, -15.893009185791016, 40.294097900390625, -2.086406946182251, -21.560134887695312, -21.778167724609375, -28.972618103027344], [257.3698425292969, 109.14549255371094, -108.68499755859375, -10.74393367767334, 28.247638702392578, 50.25782775878906, 222.258056640625, 49.15045166015625, -31.93721580505371, -0.3540888726711273, -18.542156219482422, -19.45107078552246, 9.96207332611084], [626.6478881835938, -160.28782653808594, -109.73721313476562, 52.15058898925781, 4.358728408813477, -15.893009185791016, 49.15045166015625, 205.81170654296875, -3.5722877979278564, 22.5037899017334, -35.958866119384766, 4.9755473136901855, -4.0189948081970215], [-208.25392150878906, 160.73834228515625, 33.6906623840332, 40.84287643432617, 63.652591705322266, 40.294097900390625, -31.93721580505371, -3.5722877979278564, 152.13392639160156, -27.522123336791992, 10.09548282623291, -26.565532684326172, -10.559908866882324], [392.0498962402344, -106.28121185302734, -87.5805892944336, -54.28057861328125, -42.329071044921875, -2.086406946182251, -0.3540888726711273, 22.5037899017334, -27.522123336791992, 130.48435974121094, 0.451941579580307, 7.642819404602051, 4.791286468505859], [-435.6663513183594, 145.93450927734375, 81.75479125976562, -21.672597885131836, 15.450700759887695, -21.560134887695312, -18.542156219482422, -35.958866119384766, 10.09548282623291, 0.451941579580307, 120.92617797851562, 24.675064086914062, -7.4513349533081055], [39.44158172607422, -168.92013549804688, -24.731067657470703, -19.444774627685547, -51.34049606323242, -21.778167724609375, -19.45107078552246, 4.9755473136901855, -26.565532684326172, 7.642819404602051, 24.675064086914062, 113.01485443115234, -13.935002326965332], [-109.8143539428711, 137.30882263183594, -19.183216094970703, -27.65786361694336, 31.10724639892578, -28.972618103027344, 9.96207332611084, -4.0189948081970215, -10.559908866882324, 4.791286468505859, -7.4513349533081055, -13.935002326965332, 93.05572509765625]], "lowlevel.gfcc.icov": [[0.00039143883623182774, -9.257706551579759e-05, 0.00041335090645588934, -0.00018542011093813926, 0.0004653035430237651, -0.00043601624201983213, 0.00010538476635701954, -0.0008240389288403094, 0.0003547479282133281, -0.0007066176040098071, 0.0008500950643792748, -3.609619670896791e-05, 0.0004297734412830323], [-9.257706551579759e-05, 0.005472241435199976, -0.0017594379605725408, 0.0034363248851150274, -0.004137651529163122, 0.003466274356469512, -0.004626042675226927, 0.0028253269847482443, -0.005244662053883076, 0.001965428004041314, -0.004814578220248222, 0.005388862453401089, -0.004720472265034914], [0.00041335090645588934, -0.0017594379605725408, 0.0027107661589980125, -0.0016593695618212223, 0.0017907164292410016, -0.0015190583653748035, 0.002227186458185315, -0.0011131535284221172, 0.0021951310336589813, -0.00034864750341512263, 0.0011335602030158043, -0.000974148977547884, 0.002003433182835579], [-0.00018542011093813926, 0.0034363248851150274, -0.0016593695618212223, 0.004282383248209953, -0.00262765702791512, 0.002135311719030142, -0.002836896339431405, 0.0012366357259452343, -0.0036982654128223658, 0.0021061485167592764, -0.0028617405332624912, 0.003531442256644368, -0.0026866854168474674], [0.0004653035430237651, -0.004137651529163122, 0.0017907164292410016, -0.00262765702791512, 0.006924659013748169, -0.0033603045158088207, 0.003224046202376485, -0.0032789120450615883, 0.00315785501152277, -0.0011712581617757678, 0.0035051763989031315, -0.002824037568643689, 0.0026712289545685053], [-0.00043601624201983213, 0.003466274356469512, -0.0015190583653748035, 0.002135311719030142, -0.0033603045158088207, 0.0064245122484862804, -0.004137265495955944, 0.0033944835886359215, -0.00469448184594512, 0.0013082808582112193, -0.002820252673700452, 0.003406289964914322, -0.0019104668172076344], [0.00010538476635701954, -0.004626042675226927, 0.002227186458185315, -0.002836896339431405, 0.003224046202376485, -0.004137265495955944, 0.009717791341245174, -0.003772673662751913, 0.006311693228781223, -0.0007342589669860899, 0.0035233329981565475, -0.00324448524042964, 0.0035474614705890417], [-0.0008240389288403094, 0.0028253269847482443, -0.0011131535284221172, 0.0012366357259452343, -0.0032789120450615883, 0.0033944835886359215, -0.003772673662751913, 0.009184088557958603, -0.0037809940986335278, 0.0011332574067637324, -0.0024462491273880005, 0.0018566008657217026, -0.002455068053677678], [0.0003547479282133281, -0.005244662053883076, 0.0021951310336589813, -0.0036982654128223658, 0.00315785501152277, -0.00469448184594512, 0.006311693228781223, -0.0037809940986335278, 0.0136587955057621, -0.0009326103609055281, 0.003930213861167431, -0.0032320476602762938, 0.005583237390965223], [-0.0007066176040098071, 0.001965428004041314, -0.00034864750341512263, 0.0021061485167592764, -0.0011712581617757678, 0.0013082808582112193, -0.0007342589669860899, 0.0011332574067637324, -0.0009326103609055281, 0.011243854649364948, -0.004377002362161875, 0.0026332808192819357, -0.0028943545185029507], [0.0008500950643792748, -0.004814578220248222, 0.0011335602030158043, -0.0028617405332624912, 0.0035051763989031315, -0.002820252673700452, 0.0035233329981565475, -0.0024462491273880005, 0.003930213861167431, -0.004377002362161875, 0.01632227562367916, -0.007603258825838566, 0.005797604098916054], [-3.609619670896791e-05, 0.005388862453401089, -0.000974148977547884, 0.003531442256644368, -0.002824037568643689, 0.003406289964914322, -0.00324448524042964, 0.0018566008657217026, -0.0032320476602762938, 0.0026332808192819357, -0.007603258825838566, 0.016349300742149353, -0.003376155626028776], [0.0004297734412830323, -0.004720472265034914, 0.002003433182835579, -0.0026866854168474674, 0.0026712289545685053, -0.0019104668172076344, 0.0035474614705890417, -0.002455068053677678, 0.005583237390965223, -0.0028943545185029507, 0.005797604098916054, -0.003376155626028776, 0.016600897535681725]], "lowlevel.mfcc.cov": [[8615.041015625, -2079.5322265625, -959.7191162109375, -161.39382934570312, -650.3829345703125, -165.2982940673828, 210.21563720703125, 92.75532531738281, 525.0755004882812, 313.9839172363281, 263.99615478515625, 7.543597221374512, -41.84758758544922], [-2079.5322265625, 1859.7161865234375, -111.5672378540039, -117.19689178466797, 176.5882110595703, -0.3285117745399475, 48.71222686767578, -116.2790756225586, 13.961780548095703, -19.05473518371582, -13.543451309204102, 0.7922150492668152, 9.41063404083252], [-959.7191162109375, -111.5672378540039, 742.1049194335938, 71.67858123779297, 78.46208190917969, 59.103858947753906, -83.70347595214844, 14.079070091247559, -123.40716552734375, -47.01685333251953, -23.215087890625, 42.073883056640625, -11.49132251739502], [-161.39382934570312, -117.19689178466797, 71.67858123779297, 417.3482971191406, 52.597225189208984, -75.65148162841797, 28.45433807373047, 23.920988082885742, 34.9239387512207, -43.341461181640625, 36.30302429199219, -7.488959312438965, -41.67374038696289], [-650.3829345703125, 176.5882110595703, 78.46208190917969, 52.597225189208984, 327.65106201171875, 57.06504821777344, -54.11103820800781, 40.645240783691406, -11.444174766540527, 18.60293960571289, -0.5148235559463501, 12.826351165771484, 4.659560680389404], [-165.2982940673828, -0.3285117745399475, 59.103858947753906, -75.65148162841797, 57.06504821777344, 278.6990966796875, 5.163917064666748, 48.03470993041992, -11.636829376220703, 47.61863327026367, -6.493913650512695, -5.019655227661133, 19.888368606567383], [210.21563720703125, 48.71222686767578, -83.70347595214844, 28.45433807373047, -54.11103820800781, 5.163917064666748, 212.37548828125, 11.64260196685791, 51.16704177856445, 9.53428840637207, 31.858566284179688, -1.1736817359924316, -17.747684478759766], [92.75532531738281, -116.2790756225586, 14.079070091247559, 23.920988082885742, 40.645240783691406, 48.03470993041992, 11.64260196685791, 215.6444549560547, 10.805353164672852, 36.07765579223633, 22.644733428955078, 17.53654670715332, 6.172608375549316], [525.0755004882812, 13.961780548095703, -123.40716552734375, 34.9239387512207, -11.444174766540527, -11.636829376220703, 51.16704177856445, 10.805353164672852, 194.12542724609375, 50.7730712890625, 24.643415451049805, -24.627464294433594, -10.801082611083984], [313.9839172363281, -19.05473518371582, -47.01685333251953, -43.341461181640625, 18.60293960571289, 47.61863327026367, 9.53428840637207, 36.07765579223633, 50.7730712890625, 128.50901794433594, 29.04874610900879, 7.514420986175537, 1.7391022443771362], [263.99615478515625, -13.543451309204102, -23.215087890625, 36.30302429199219, -0.5148235559463501, -6.493913650512695, 31.858566284179688, 22.644733428955078, 24.643415451049805, 29.04874610900879, 110.26829528808594, 27.76289939880371, -5.572421073913574], [7.543597221374512, 0.7922150492668152, 42.073883056640625, -7.488959312438965, 12.826351165771484, -5.019655227661133, -1.1736817359924316, 17.53654670715332, -24.627464294433594, 7.514420986175537, 27.76289939880371, 107.10961151123047, 15.367688179016113], [-41.84758758544922, 9.41063404083252, -11.49132251739502, -41.67374038696289, 4.659560680389404, 19.888368606567383, -17.747684478759766, 6.172608375549316, -10.801082611083984, 1.7391022443771362, -5.572421073913574, 15.367688179016113, 89.57627868652344]], "lowlevel.mfcc.icov": [[0.0003407076874282211, 0.0003854679816868156, 0.0002973135269712657, 0.00024355856294278055, 0.0003252910100854933, 0.0001281729928450659, -8.063660061452538e-06, 7.575347990496084e-05, -0.000646897591650486, -0.00032058145734481514, -0.0005062828422524035, -0.00018814468057826161, 0.00014693291450385004], [0.0003854679816868156, 0.0010816811118274927, 0.00042092896183021367, 0.0005481800762936473, -0.00016599010268691927, 0.00020857884373981506, -0.0003101685142610222, 0.0004730195505544543, -0.0008058819221332669, -0.00014139225822873414, -0.000587357790209353, -0.0002590469957794994, 0.00015722245734650642], [0.0002973135269712657, 0.00042092896183021367, 0.0019803615286946297, -0.00017740929615683854, 7.845539948903024e-05, -0.0003922743198927492, 0.0004483771335799247, 8.552700455766171e-05, 0.0002490574261173606, 6.196700996952131e-05, -0.00018640785128809512, -0.0008350287098437548, 0.0005926369340158999], [0.00024355856294278055, 0.0005481800762936473, -0.00017740929615683854, 0.003469625022262335, -0.0006881619920022786, 0.0009429454803466797, -0.0005084134754724801, -0.00028165054391138256, -0.001317560556344688, 0.0012872542720288038, -0.0015054817777127028, 0.00030262413201853633, 0.001063293544575572], [0.0003252910100854933, -0.00016599010268691927, 7.845539948903024e-05, -0.0006881619920022786, 0.004333811346441507, -0.0006855014944449067, 0.0012134683784097433, -0.000623108702711761, -0.0005271424306556582, -0.0010108486749231815, -0.0002765061508398503, -0.0005292336572892964, 9.909817890729755e-05], [0.0001281729928450659, 0.00020857884373981506, -0.0003922743198927492, 0.0009429454803466797, -0.0006855014944449067, 0.004625929985195398, -0.0007439452456310391, -0.0006793424836359918, 0.00016350281657651067, -0.0015993271954357624, 8.246544894063845e-05, 0.00084819330368191, -0.0007552971364930272], [-8.063660061452538e-06, -0.0003101685142610222, 0.0004483771335799247, -0.0005084134754724801, 0.0012134683784097433, -0.0007439452456310391, 0.005865149665623903, -0.0004137172654736787, -0.0010320653673261404, 0.0004210876941215247, -0.0011406891280785203, -0.0003720199456438422, 0.0010026706149801612], [7.575347990496084e-05, 0.0004730195505544543, 8.552700455766171e-05, -0.00028165054391138256, -0.000623108702711761, -0.0006793424836359918, -0.0004137172654736787, 0.0054963985458016396, -0.00014728066162206233, -0.0011148292105644941, -0.0005830585141666234, -0.0006813321961089969, -0.00032733750413171947], [-0.000646897591650486, -0.0008058819221332669, 0.0002490574261173606, -0.001317560556344688, -0.0005271424306556582, 0.00016350281657651067, -0.0010320653673261404, -0.00014728066162206233, 0.008381631225347519, -0.002293540630489588, 0.0005019531236030161, 0.0019387062638998032, -0.00024797950754873455], [-0.00032058145734481514, -0.00014139225822873414, 6.196700996952131e-05, 0.0012872542720288038, -0.0010108486749231815, -0.0015993271954357624, 0.0004210876941215247, -0.0011148292105644941, -0.002293540630489588, 0.011399899609386921, -0.001973941456526518, -0.0005670514656230807, 0.000516442465595901], [-0.0005062828422524035, -0.000587357790209353, -0.00018640785128809512, -0.0015054817777127028, -0.0002765061508398503, 8.246544894063845e-05, -0.0011406891280785203, -0.0005830585141666234, 0.0005019531236030161, -0.001973941456526518, 0.012251606211066246, -0.0028308129403740168, 0.00025777966948226094], [-0.00018814468057826161, -0.0002590469957794994, -0.0008350287098437548, 0.00030262413201853633, -0.0005292336572892964, 0.00084819330368191, -0.0003720199456438422, -0.0006813321961089969, 0.0019387062638998032, -0.0005670514656230807, -0.0028308129403740168, 0.01143280602991581, -0.0021072966046631336], [0.00014693291450385004, 0.00015722245734650642, 0.0005926369340158999, 0.001063293544575572, 9.909817890729755e-05, -0.0007552971364930272, 0.0010026706149801612, -0.00032733750413171947, -0.00024797950754873455, 0.000516442465595901, 0.00025777966948226094, -0.0021072966046631336, 0.012507892213761806]], "metadata.audio_properties.analysis.downmix": "mix", "metadata.audio_properties.codec": "mp3", "metadata.audio_properties.md5_encoded": "c9ee03c4970591b5fc5a676ab255f8b5", "metadata.tags.file_name": "1183651769914507335.mp3", "metadata.version.essentia": "2.1-beta6-dev", "metadata.version.essentia_git_sha": "v2.1_beta5-1110-g77a6a954", "metadata.version.extractor": "music 2.0", "tonal.chords_key": "C", "tonal.chords_scale": "major", "tonal.key_edma.key": "F", "tonal.key_edma.scale": "major", "tonal.key_krumhansl.key": "F", "tonal.key_krumhansl.scale": "major", "tonal.key_temperley.key": "F", "tonal.key_temperley.scale": "major", "metadata.tags.encoding": ["Lavf58.45.100"]}, "essentia_models": [{"model_name": "genre_dortmund", "activations": {"alternative": "0.35628292", "blues": "0.0101947095