{"song_id": "1183710202676133958", "download": "https://cdn.discordapp.com/attachments/1135903449314238464/1183710202676133958/chirp.mp4?ex=65895308&amp", "lyrics": "[Verse]\nSamoyed, so frosty and bright\nWith that fluffy coat, shining white\nThey got style, they got swag\nMelting hearts, they the ultimate snag\n\n[Chorus]\nSamoyed, looking so fine\nTheir smile is just pure sunshine\nWith those friendly eyes, they'll steal your heart\nSamoyed, a breed apart", "style": ["Country"], "essentia_features": {"lowlevel.average_loudness": 0.9672284126281738, "lowlevel.barkbands_crest.mean": 15.112116813659668, "lowlevel.barkbands_crest.stdev": 5.386449813842773, "lowlevel.barkbands_flatness_db.mean": 0.20990076661109924, "lowlevel.barkbands_flatness_db.stdev": 0.08274656534194946, "lowlevel.barkbands_kurtosis.mean": 28.945388793945312, "lowlevel.barkbands_kurtosis.stdev": 48.83350372314453, "lowlevel.barkbands_skewness.mean": 3.4104580879211426, "lowlevel.barkbands_skewness.stdev": 3.282017707824707, "lowlevel.barkbands_spread.mean": 19.4882869720459, "lowlevel.barkbands_spread.stdev": 18.18055534362793, "lowlevel.dissonance.mean": 0.4544126093387604, "lowlevel.dissonance.stdev": 0.03871864080429077, "lowlevel.dynamic_complexity": 3.3029890060424805, "lowlevel.erbbands_crest.mean": 9.672914505004883, "lowlevel.erbbands_crest.stdev": 4.6052751541137695, "lowlevel.erbbands_flatness_db.mean": 0.14430302381515503, "lowlevel.erbbands_flatness_db.stdev": 0.057368308305740356, "lowlevel.erbbands_kurtosis.mean": 1.5021604299545288, "lowlevel.erbbands_kurtosis.stdev": 3.4403257369995117, "lowlevel.erbbands_skewness.mean": 0.5251269936561584, "lowlevel.erbbands_skewness.stdev": 0.9876615405082703, "lowlevel.erbbands_spread.mean": 50.169212341308594, "lowlevel.erbbands_spread.stdev": 38.360843658447266, "lowlevel.hfc.mean": 20.774269104003906, "lowlevel.hfc.stdev": 19.084304809570312, "lowlevel.loudness_ebu128.integrated": -14.57339859008789, "lowlevel.loudness_ebu128.loudness_range": 1.0586395263671875, "lowlevel.loudness_ebu128.momentary.mean": -14.821770668029785, "lowlevel.loudness_ebu128.momentary.stdev": 1.5194804668426514, "lowlevel.loudness_ebu128.short_term.mean": -14.574562072753906, "lowlevel.loudness_ebu128.short_term.stdev": 0.34496408700942993, "lowlevel.melbands_crest.mean": 25.876361846923828, "lowlevel.melbands_crest.stdev": 7.889575481414795, "lowlevel.melbands_flatness_db.mean": 0.2901173233985901, "lowlevel.melbands_flatness_db.stdev": 0.10165814310312271, "lowlevel.melbands_kurtosis.mean": 96.5291519165039, "lowlevel.melbands_kurtosis.stdev": 163.5226287841797, "lowlevel.melbands_skewness.mean": 5.849177837371826, "lowlevel.melbands_skewness.stdev": 5.643118858337402, "lowlevel.melbands_spread.mean": 16.664411544799805, "lowlevel.melbands_spread.stdev": 15.526449203491211, "lowlevel.pitch_salience.mean": 0.36791083216667175, "lowlevel.pitch_salience.stdev": 0.1610306203365326, "lowlevel.silence_rate_20dB.mean": 1.0, "lowlevel.silence_rate_20dB.stdev": 0.0, "lowlevel.silence_rate_30dB.mean": 0.8767676949501038, "lowlevel.silence_rate_30dB.stdev": 0.32870209217071533, "lowlevel.silence_rate_60dB.mean": 0.0060606058686971664, "lowlevel.silence_rate_60dB.stdev": 0.07761353254318237, "lowlevel.spectral_centroid.mean": 1311.5594482421875, "lowlevel.spectral_centroid.stdev": 804.7808227539062, "lowlevel.spectral_complexity.mean": 13.903030395507812, "lowlevel.spectral_complexity.stdev": 11.672585487365723, "lowlevel.spectral_decrease.mean": -1.3709301249775763e-08, "lowlevel.spectral_decrease.stdev": 1.5992894120131496e-08, "lowlevel.spectral_energy.mean": 0.05362636223435402, "lowlevel.spectral_energy.stdev": 0.06100651994347572, "lowlevel.spectral_energyband_high.mean": 0.0008146064355969429, "lowlevel.spectral_energyband_high.stdev": 0.0010296693071722984, "lowlevel.spectral_energyband_low.mean": 0.03800170496106148, "lowlevel.spectral_energyband_low.stdev": 0.05822249501943588, "lowlevel.spectral_energyband_middle_high.mean": 0.00605426449328661, "lowlevel.spectral_energyband_middle_high.stdev": 0.009484909474849701, "lowlevel.spectral_energyband_middle_low.mean": 0.009922311641275883, "lowlevel.spectral_energyband_middle_low.stdev": 0.014543977566063404, "lowlevel.spectral_entropy.mean": 7.63619327545166, "lowlevel.spectral_entropy.stdev": 0.5451218485832214, "lowlevel.spectral_flux.mean": 0.10846871137619019, "lowlevel.spectral_flux.stdev": 0.09088550508022308, "lowlevel.spectral_kurtosis.mean": 4.052464008331299, "lowlevel.spectral_kurtosis.stdev": 3.585850238800049, "lowlevel.spectral_rms.mean": 0.0064816889353096485, "lowlevel.spectral_rms.stdev": 0.00321031641215086, "lowlevel.spectral_rolloff.mean": 896.8486938476562, "lowlevel.spectral_rolloff.stdev": 1493.9339599609375, "lowlevel.spectral_skewness.mean": 1.5712372064590454, "lowlevel.spectral_skewness.stdev": 0.6316501498222351, "lowlevel.spectral_spread.mean": 6029768.5, "lowlevel.spectral_spread.stdev": 2656598.0, "lowlevel.spectral_strongpeak.mean": 0.49293068051338196, "lowlevel.spectral_strongpeak.stdev": 0.830943763256073, "lowlevel.zerocrossingrate.mean": 0.04175051301717758, "lowlevel.zerocrossingrate.stdev": 0.03353934735059738, "metadata.audio_properties.analysis.equal_loudness": 0.0, "metadata.audio_properties.analysis.length": 22.95360565185547, "metadata.audio_properties.analysis.sample_rate": 44100.0, "metadata.audio_properties.analysis.start_time": 0.0, "metadata.audio_properties.bit_rate": 119349.0, "metadata.audio_properties.length": 22.954666137695312, "metadata.audio_properties.lossless": 0.0, "metadata.audio_properties.number_channels": 1.0, "metadata.audio_properties.replay_gain": -11.747617721557617, "metadata.audio_properties.sample_rate": 48000.0, "rhythm.beats_count": 41.0, "rhythm.beats_loudness.mean": 0.08798171579837799, "rhythm.beats_loudness.stdev": 0.08411884307861328, "rhythm.bpm": 110.50730895996094, "rhythm.bpm_histogram_first_peak_bpm": 112.0, "rhythm.bpm_histogram_first_peak_weight": 0.5833333134651184, "rhythm.bpm_histogram_second_peak_bpm": 101.0, "rhythm.bpm_histogram_second_peak_spread": 0.25, "rhythm.bpm_histogram_second_peak_weight": 0.07500000298023224, "rhythm.danceability": 1.947108268737793, "rhythm.onset_rate": 4.657003879547119, "tonal.chords_changes_rate": 0.026209676638245583, "tonal.chords_number_rate": 0.004032257944345474, "tonal.chords_strength.mean": 0.592559814453125, "tonal.chords_strength.stdev": 0.050545115023851395, "tonal.hpcp_crest.mean": 14.395390510559082, "tonal.hpcp_crest.stdev": 6.364653587341309, "tonal.hpcp_entropy.mean": 1.8579432964324951, "tonal.hpcp_entropy.stdev": 0.735809326171875, "tonal.key_edma.strength": 0.5898169279098511, "tonal.key_krumhansl.strength": 0.5830675959587097, "tonal.key_temperley.strength": 0.5679983496665955, "tonal.tuning_diatonic_strength": 0.6115464568138123, "tonal.tuning_equal_tempered_deviation": 0.23170052468776703, "tonal.tuning_frequency": 434.193115234375, "tonal.tuning_nontempered_energy_ratio": 0.9384905695915222, "lowlevel.barkbands.mean": [0.004137830343097448, 0.03027408756315708, 0.0026748233940452337, 0.001985435839742422, 0.0018414525547996163, 0.0007226308225654066, 0.001571213360875845, 0.001532815396785736, 0.0018072507809847593, 0.0014150133356451988, 0.0013954653404653072, 0.0008269208483397961, 0.0005123812006786466, 0.0005170457297936082, 0.00046829343773424625, 0.00043260978418402374, 0.00031593951280228794, 0.0001703544839983806, 0.00010562499664956704, 0.0002386671694694087, 0.00011460878158686683, 0.0001279384014196694, 0.00013437685265671462, 0.00010072824079543352, 0.00011068833555327728, 9.159881301457062e-05, 5.919674208598735e-07], "lowlevel.barkbands.stdev": [0.0047144172713160515, 0.050481755286455154, 0.012071134522557259, 0.008473406545817852, 0.004457979928702116, 0.0012219168711453676, 0.003319268114864826, 0.0035228102933615446, 0.004517419263720512, 0.0034648876171559095, 0.003439141670241952, 0.0021491905208677053, 0.0011983379954472184, 0.001213029958307743, 0.0011400451185181737, 0.0009272088063880801, 0.0006300222594290972, 0.00036954734241589904, 0.00023228900681715459, 0.00035012589069083333, 0.00020375636813696474, 0.00020007084822282195, 0.0001916148466989398, 0.00015091906243469566, 0.0001903475495055318, 0.00020537280943244696, 3.2607929369987687e-06], "lowlevel.erbbands.mean": [1.5698494911193848, 3.9583895206451416, 3.241117000579834, 5.551121234893799, 7.291256904602051, 5.476447105407715, 3.0566446781158447, 8.073379516601562, 15.322701454162598, 39.0540771484375, 25.13014793395996, 40.75154495239258, 46.847049713134766, 51.994354248046875, 50.80781936645508, 32.762779235839844, 24.809415817260742, 26.284744262695312, 25.614830017089844, 23.16949462890625, 23.33058738708496, 18.14740562438965, 10.84745979309082, 5.788515090942383, 6.450624465942383, 11.655960083007812, 6.6543378829956055, 3.7073566913604736, 4.4679460525512695, 5.1223015785217285, 3.3654825687408447, 1.9999958276748657, 1.8025964498519897, 1.1956684589385986, 0.7993232607841492, 0.4520930051803589, 0.17035838961601257, 0.014812885783612728, 0.0003146014059893787, 7.413332059513777e-05], "lowlevel.erbbands.stdev": [2.343052864074707, 8.55890941619873, 11.879225730895996, 24.605661392211914, 22.534696578979492, 12.043413162231445, 5.480565547943115, 13.200597763061523, 33.65298843383789, 77.6072769165039, 59.10441970825195, 105.97305297851562, 106.52303314208984, 132.1478271484375, 112.78423309326172, 83.83689880371094, 54.82106399536133, 60.84760665893555, 58.266727447509766, 49.20289993286133, 47.34687423706055, 36.117706298828125, 22.855518341064453, 13.39324951171875, 11.64783000946045, 17.699323654174805, 10.6746187210083, 6.62238073348999, 7.065317630767822, 7.3076171875, 4.966196060180664, 3.03515887260437, 2.732585906982422, 1.9379761219024658, 1.5074937343597412, 0.9817398190498352, 0.4102838337421417, 0.03464607894420624, 0.0006734458729624748, 7.470745913451537e-05], "lowlevel.gfcc.mean": [-18.08062744140625, 80.1869888305664, -82.2591323852539, 35.896446228027344, -53.206546783447266, 31.450881958007812, -23.254972457885742, 26.460092544555664, -11.16726016998291, 17.48228645324707, -11.56983470916748, 10.155591011047363, -4.482629299163818], "lowlevel.melbands.mean": [0.010694785043597221, 0.0026670987717807293, 0.001010065316222608, 0.0004709038184955716, 0.00012658248306252062, 0.00017200324509758502, 0.00025581492809578776, 0.000427496648626402, 0.00018990359967574477, 0.00027253368170931935, 0.00023096623772289604, 0.00020473371841944754, 0.00018461025319993496, 0.00010443159408168867, 6.641117215622216e-05, 4.8404403059976175e-05, 4.9232148739974946e-05, 4.169376552454196e-05, 3.367773751961067e-05, 3.0116802008706145e-05, 2.62496032519266e-05, 1.941161826835014e-05, 1.4017015018907841e-05, 6.406283773685573e-06, 4.4626635826716665e-06, 3.7892320960963843e-06, 6.396983735612594e-06, 8.191500455723144e-06, 4.591950073518092e-06, 2.7343187412043335e-06, 1.9039604239878827e-06, 2.3259735826286487e-06, 2.827312755471212e-06, 2.9671734864678e-06, 2.104248096657102e-06, 1.315155941483681e-06, 1.1914439710380975e-06, 1.2745675803671475e-06, 1.1534372106325463e-06, 9.520466619505896e-07], "lowlevel.melbands.stdev": [0.016802465543150902, 0.006690054666250944, 0.004055713769048452, 0.0012050265213474631, 0.00022098877525422722, 0.00028926137019880116, 0.0005506416200660169, 0.0008565195021219552, 0.00046802201541140676, 0.0007120518712326884, 0.0005417026113718748, 0.0005339985364116728, 0.00042959011625498533, 0.0002568742202129215, 0.00018223734514322132, 0.0001140132371801883, 0.00012263329699635506, 9.653926099417731e-05, 8.272615377791226e-05, 6.710657180519775e-05, 5.533284638659097e-05, 4.055978206451982e-05, 2.7252039217273705e-05, 1.5469990103156306e-05, 1.0760216355265584e-05, 8.280395377369132e-06, 1.0767624189611524e-05, 1.3002300875086803e-05, 7.536066732427571e-06, 5.07720687892288e-06, 3.6044170883542392e-06, 3.7114007227501133e-06, 4.694169547292404e-06, 4.216537490719929e-06, 3.2061841466202168e-06, 2.000643007704639e-06, 1.914648009915254e-06, 1.9761459952860605e-06, 1.7991123968386091e-06, 1.6288156530208653e-06], "lowlevel.melbands128.mean": [0.003987414762377739, 0.015398412011563778, 0.011965624056756496, 0.004826675169169903, 0.0016972136218100786, 0.0013578995130956173, 0.0011501247063279152, 0.0009507124195806682, 0.0007372270920313895, 0.0005032732151448727, 0.0002677780867088586, 0.0001440736959921196, 7.60436087148264e-05, 0.00010098350321641192, 0.000212421320611611, 0.00016910108388401568, 0.0002021522232098505, 0.0002382596576353535, 0.00035555954673327506, 0.0005198423168621957, 0.00045210853568278253, 0.0002018027298618108, 0.0001473844749853015, 0.0001682732254266739, 0.0002528828044887632, 0.0003426755720283836, 0.00027026006137020886, 0.00022864501806907356, 0.00018018852279055864, 0.00018649271805770695, 0.00022272786009125412, 0.00022004464699421078, 0.00019630117458291352, 0.0001549742155475542, 0.00011128520418424159, 9.508214134257287e-05, 8.065522706601769e-05, 6.574104918399826e-05, 5.835853880853392e-05, 5.333720400813036e-05, 4.46471749455668e-05, 4.2797000787686557e-05, 4.735698166768998e-05, 6.11047144047916e-05, 3.831509093288332e-05, 3.881658994941972e-05, 4.253912629792467e-05, 3.400468995096162e-05, 2.9991420888109133e-05, 3.0903251172276214e-05, 2.776134351734072e-05, 3.3085634640883654e-05, 2.9041975722066127e-05, 2.1368787201936357e-05, 2.283937283209525e-05, 1.992436227737926e-05, 1.6543892343179323e-05, 1.5322208128054626e-05, 1.4200510122464038e-05, 9.16512271942338e-06, 5.46021556147025e-06, 4.722611265606247e-06, 4.831899786950089e-06, 4.538138909992995e-06, 3.55402653440251e-06, 3.5565419693739386e-06, 3.85367957278504e-06, 4.855323822994251e-06, 6.9769903348060325e-06, 8.820707989798393e-06, 8.437386895820964e-06, 8.571133548684884e-06, 5.257590601104312e-06, 3.935228960472159e-06, 3.5503069284459343e-06, 2.989913809869904e-06, 2.2915103272680426e-06, 1.9243811948399525e-06, 1.9329536371515132e-06, 1.7228589967999142e-06, 2.009082891163416e-06, 2.714614538490423e-06, 2.859727146642399e-06, 2.8519575607788283e-06, 2.797479282889981e-06, 2.84543580164609e-06, 3.169110414091847e-06, 2.866784825528157e-06, 1.983077709155623e-06, 1.6880275097719277e-06, 1.4297298776000389e-06, 1.2290282711546752e-06, 1.0543975577093079e-06, 1.222317791871319e-06, 1.2235544772920548e-06, 1.233258331012621e-06, 1.2981139434486977e-06, 1.344777501799399e-06, 1.1156005257362267e-06, 1.130810119320813e-06, 9.97905317490222e-07, 9.727051519803354e-07, 7.930997298899456e-07, 8.801871445029974e-07, 8.999598435366352e-07, 9.69247139437357e-07, 9.342952012048045e-07, 7.216190169856418e-07, 7.445354412993765e-07, 8.158034461303032e-07, 7.929380672067055e-07, 6.231049383131904e-07, 6.011010214024282e-07, 4.0313091176358284e-07, 2.6493322025089583e-07, 1.428173845852143e-07, 2.535303700312852e-08, 5.626097365762917e-10, 2.2663490875651782e-11, 8.30039422611284e-12, 6.734296714022703e-12, 6.132942244330142e-12, 5.5182889507898736e-12, 5.308733487530137e-12, 5.01954380838221e-12, 4.700506477106625e-12, 4.545465132760329e-12, 4.505220415479405e-12], "lowlevel.melbands128.stdev": [0.004564788192510605, 0.021704886108636856, 0.023407848551869392, 0.011334213428199291, 0.00598813034594059, 0.006268344819545746, 0.005519467405974865, 0.003679495770484209, 0.002295855665579438, 0.0013494706945493817, 0.0005740502965636551, 0.0002977874828502536, 0.00018377396918367594, 0.00018946158525068313, 0.00034332333598285913, 0.00042103961459361017, 0.0006291255122050643, 0.0006691627786494792, 0.001035072491504252, 0.0011887414148077369, 0.0011514415964484215, 0.0007358439615927637, 0.0005652017425745726, 0.0006400458514690399, 0.0009165589581243694, 0.0011487071169540286, 0.0009084229241125286, 0.0007256437675096095, 0.0005485267611220479, 0.0006571628036908805, 0.0007587852305732667, 0.0006809671758674085, 0.000559304840862751, 0.0004185809812042862, 0.0003541570622473955, 0.0003256990748923272, 0.0003205783141311258, 0.0002664509229362011, 0.00019458441238384694, 0.0001484414387959987, 0.0001462796499254182, 0.0001316054695053026, 0.00016795597912278026, 0.00020184805907774717, 0.00010808835941134021, 0.00013322259474080056, 0.00013416365254670382, 0.00012876177788712084, 8.281226473627612e-05, 8.887991862138733e-05, 8.28929478302598e-05, 7.754044054308906e-05, 7.400379399769008e-05, 5.2127248636679724e-05, 5.529387999558821e-05, 4.6741079131606966e-05, 4.1577612137189135e-05, 3.0233029974624515e-05, 3.296705835964531e-05, 2.66531715169549e-05, 1.5057350537972525e-05, 1.3010879229113925e-05, 1.3264279004943091e-05, 1.1991653082077391e-05, 8.768963198235724e-06, 9.268826943298336e-06, 8.725933184905443e-06, 1.0315846338926349e-05, 1.3875062904844526e-05, 1.6044727090047672e-05, 1.6446045265183784e-05, 1.5951309251249768e-05, 9.737736945680808e-06, 7.52617052057758e-06, 7.275904408743372e-06, 6.251260856515728e-06, 4.4927473936695606e-06, 4.1399030124011915e-06, 4.051071300636977e-06, 3.330555045977235e-06, 3.639925580500858e-06, 4.800922852155054e-06, 5.369322479964467e-06, 5.380048605729826e-06, 4.679813173424918e-06, 4.158182946412126e-06, 5.020773642172571e-06, 4.661226284952136e-06, 3.435731969148037e-06, 2.931323024313315e-06, 2.440090838717879e-06, 1.9808448996627703e-06, 1.7861143533082213e-06, 2.195394699811004e-06, 2.066950173684745e-06, 2.108467924699653e-06, 2.2463711957243504e-06, 2.2556394014827674e-06, 1.8494041569283581e-06, 2.060724000330083e-06, 1.6916152389967465e-06, 1.8860299633161048e-06, 1.5434414990522782e-06, 1.919292571983533e-06, 1.9900594452337828e-06, 1.8954473262056126e-06, 2.1616508547595004e-06, 1.4098933434070204e-06, 1.807050580282521e-06, 2.1265173018036876e-06, 2.0371005575725576e-06, 1.581192350386118e-06, 1.6501658137713093e-06, 9.49142929584923e-07, 5.838595598106622e-07, 3.9612316982129414e-07, 1.1059243121280815e-07, 7.818547587135072e-09, 2.695602074886949e-10, 5.0879196689113115e-11, 3.345376059504801e-11, 2.679719120213253e-11, 2.21374082259862e-11, 1.8967391893220942e-11, 1.4728149255738288e-11, 1.1833582724829483e-11, 1.138660953720061e-11, 1.1323181975386731e-11], "lowlevel.mfcc.mean": [-673.423828125, 116.06014251708984, 28.643390655517578, 20.220746994018555, 7.146548748016357, 13.321242332458496, 7.24642276763916, 12.894547462463379, 13.59020709991455, 11.760564804077148, 5.613410949707031, 8.25281810760498, 13.731273651123047], "lowlevel.spectral_contrast_coeffs.mean": [-0.786891520023346, -0.7379236817359924, -0.7764095067977905, -0.8047577738761902, -0.8053585290908813, -0.777805507183075], "lowlevel.spectral_contrast_coeffs.stdev": [0.06698832660913467, 0.07937779277563095, 0.0742298811674118, 0.06304296851158142, 0.04997222125530243, 0.04570084437727928], "lowlevel.spectral_contrast_valleys.mean": [-6.667341709136963, -7.049496650695801, -7.607015609741211, -8.047616004943848, -8.006487846374512, -10.243132591247559], "lowlevel.spectral_contrast_valleys.stdev": [0.7555832862854004, 0.930298388004303, 1.1832209825515747, 1.1514476537704468, 1.0420756340026855, 1.018245816230774], "rhythm.beats_loudness_band_ratio.mean": [0.6286442279815674, 0.04349731653928757, 0.11616580188274384, 0.11659031361341476, 0.06046853959560394, 0.046642523258924484], "rhythm.beats_loudness_band_ratio.stdev": [0.2883923649787903, 0.054677821695804596, 0.12809966504573822, 0.162006214261055, 0.061916787177324295, 0.06219493970274925], "tonal.hpcp.mean": [0.037845708429813385, 0.03828737884759903, 0.04487617686390877, 0.04348979517817497, 0.03859524801373482, 0.04416332021355629, 0.052239179611206055, 0.048365142196416855, 0.04661591351032257, 0.06866554170846939, 0.08344659954309464, 0.061426594853401184, 0.03721095249056816, 0.028344759717583656, 0.024552343413233757, 0.02270740643143654, 0.023194383829832077, 0.022761456668376923, 0.022493427619338036, 0.022087402641773224, 0.024110853672027588, 0.034202687442302704, 0.061722852289676666, 0.15787798166275024, 0.670458972454071, 0.7375820875167847, 0.2180509865283966, 0.05953018367290497, 0.04504931718111038, 0.035962507128715515, 0.03474787622690201, 0.048753511160612106, 0.05637791007757187, 0.044050127267837524, 0.03844786062836647, 0.0417780838906765], "tonal.hpcp.stdev": [0.11140330880880356, 0.11032011359930038, 0.12175863981246948, 0.133799746632576, 0.10928651690483093, 0.12132618576288223, 0.14400629699230194, 0.13264042139053345, 0.10311433672904968, 0.14161832630634308, 0.18132978677749634, 0.1576087325811386, 0.11506197601556778, 0.09569785743951797, 0.08626935631036758, 0.09274158626794815, 0.0975540354847908, 0.07418334484100342, 0.0693787932395935, 0.08723863959312439, 0.08083003759384155, 0.12133097648620605, 0.18371982872486115, 0.25799426436424255, 0.34059733152389526, 0.3642843961715698, 0.24602481722831726, 0.1578367054462433, 0.13270606100559235, 0.11342645436525345, 0.09860426187515259, 0.1419275999069214, 0.1556643545627594, 0.12141396850347519, 0.11607921868562698, 0.12852789461612701], "rhythm.beats_position": [0.5921088457107544, 1.1842176914215088, 1.7414965629577637, 2.287165403366089, 2.832834482192993, 3.3785033226013184, 3.9241721630096436, 4.458230972290039, 4.992290019989014, 5.549569129943848, 6.095238208770752, 6.629296779632568, 7.174965858459473, 7.709024906158447, 8.243083953857422, 8.788752555847168, 9.334421157836914, 9.891700744628906, 10.425759315490723, 10.959818840026855, 11.517097473144531, 12.074376106262207, 12.608434677124023, 13.142494201660156, 13.676552772521973, 14.233832359313965, 14.82594108581543, 15.418049812316895, 16.02176856994629, 16.555828094482422, 17.11310577392578, 17.658775329589844, 18.192834854125977, 18.738502502441406, 19.27256202697754, 19.8182315826416, 20.36389923095703, 20.909568786621094, 21.455238342285156, 21.989295959472656, 22.52335548400879], "rhythm.bpm_histogram": [0.0, 0.0, 0.0, 0.0, 0.0, 0.0, 0.0, 0.0, 0.0, 0.0, 0.0, 0.0, 0.0, 0.0, 0.0, 0.0, 0.0, 0.0, 0.0, 0.0, 0.0, 0.0, 0.0, 0.0, 0.0, 0.0, 0.0, 0.0, 0.0, 0.0, 0.0, 0.0, 0.0, 0.0, 0.0, 0.0, 0.0, 0.0, 0.0, 0.0, 0.0, 0.0, 0.0, 0.0, 0.0, 0.0, 0.0, 0.0, 0.0, 0.0, 0.0, 0.0, 0.0, 0.0, 0.0, 0.0, 0.0, 0.0, 0.0, 0.0, 0.0, 0.0, 0.0, 0.0, 0.0, 0.0, 0.0, 0.0, 0.0, 0.0, 0.0, 0.0, 0.0, 0.0, 0.0, 0.0, 0.0, 0.0, 0.0, 0.0, 0.0, 0.0, 0.0, 0.0, 0.0, 0.0, 0.0, 0.0, 0.0, 0.0, 0.0, 0.0, 0.0, 0.0, 0.0, 0.0, 0.0, 0.0, 0.0, 0.02500000037252903, 0.0, 0.07500000298023224, 0.0, 0.0, 0.0, 0.0, 0.0, 0.0, 0.17499999701976776, 0.0, 0.3499999940395355, 0.0, 0.375, 0.0, 0.0, 0.0, 0.0, 0.0, 0.0, 0.0, 0.0, 0.0, 0.0, 0.0, 0.0, 0.0, 0.0, 0.0, 0.0, 0.0, 0.0, 0.0, 0.0, 0.0, 0.0, 0.0, 0.0, 0.0, 0.0, 0.0, 0.0, 0.0, 0.0, 0.0, 0.0, 0.0, 0.0, 0.0, 0.0, 0.0, 0.0, 0.0, 0.0, 0.0, 0.0, 0.0, 0.0, 0.0, 0.0, 0.0, 0.0, 0.0, 0.0, 0.0, 0.0, 0.0, 0.0, 0.0, 0.0, 0.0, 0.0, 0.0, 0.0, 0.0, 0.0, 0.0, 0.0, 0.0, 0.0, 0.0, 0.0, 0.0, 0.0, 0.0, 0.0, 0.0, 0.0, 0.0, 0.0, 0.0, 0.0, 0.0, 0.0, 0.0, 0.0, 0.0, 0.0, 0.0, 0.0, 0.0, 0.0, 0.0, 0.0, 0.0, 0.0, 0.0, 0.0, 0.0, 0.0, 0.0, 0.0, 0.0, 0.0, 0.0, 0.0, 0.0, 0.0, 0.0, 0.0, 0.0, 0.0, 0.0, 0.0, 0.0, 0.0, 0.0, 0.0, 0.0, 0.0, 0.0, 0.0, 0.0, 0.0, 0.0, 0.0, 0.0, 0.0, 0.0, 0.0, 0.0, 0.0, 0.0, 0.0, 0.0, 0.0, 0.0, 0.0, 0.0, 0.0, 0.0], "tonal.chords_histogram": [0.0, 0.0, 0.0, 0.0, 0.0, 0.0, 0.0, 0.0, 0.0, 0.0, 0.0, 0.0, 0.0, 0.0, 0.2016129046678543, 0.0, 58.870967864990234, 0.0, 0.0, 0.0, 0.0, 0.0, 0.0, 40.92741775512695], "tonal.thpcp": [1.0, 0.29562944173812866, 0.08070991188287735, 0.061077021062374115, 0.048757296055555344, 0.04711052030324936, 0.06609909981489182, 0.0764361172914505, 0.05972233787178993, 0.052126891911029816, 0.056641943752765656, 0.051310501992702484, 0.05190931260585785, 0.06084228307008743, 0.05896265059709549, 0.05232671648263931, 0.05987580493092537, 0.07082490622997284, 0.06557255238294601, 0.06320098042488098, 0.09309545904397964, 0.11313533782958984, 0.0832810252904892, 0.0504499152302742, 0.038429293781518936, 0.03328760713338852, 0.03078627772629261, 0.031446512788534164, 0.030859557911753654, 0.03049616888165474, 0.02994568832218647, 0.03268904611468315, 0.04637136310338974, 0.08368268609046936, 0.21404801309108734, 0.9089957475662231], "lowlevel.gfcc.cov": [[6285.21142578125, -411.4963073730469, -1898.2523193359375, -280.88201904296875, -251.86395263671875, -90.69890594482422, -164.07589721679688, -14.01488208770752, -276.6649475097656, 37.2899284362793, -127.7061767578125, -71.27086639404297, -155.96188354492188], [-411.4963073730469, 1603.0823974609375, -448.33099365234375, -365.37109375, 152.87307739257812, -175.43148803710938, 143.15057373046875, -120.14192962646484, 36.32384490966797, -198.3217315673828, 71.79337310791016, -191.71636962890625, 148.75900268554688], [-1898.2523193359375, -448.33099365234375, 2107.369384765625, 631.2119750976562, -71.2424087524414, 62.490421295166016, -198.33724975585938, -95.87039184570312, -30.88333511352539, -36.15571594238281, -5.633802890777588, 111.71800231933594, -150.1471710205078], [-280.88201904296875, -365.37109375, 631.2119750976562, 641.6837158203125, 5.20207405090332, -112.18402099609375, -206.5172576904297, -48.02339172363281, 63.22930145263672, -9.357747077941895, -16.305646896362305, 39.54291534423828, -15.391600608825684], [-251.86395263671875, 152.87307739257812, -71.2424087524414, 5.20207405090332, 228.44081115722656, 3.8877995014190674, 7.588637828826904, -15.610430717468262, 39.257381439208984, -17.17929458618164, -19.746986389160156, -11.649283409118652, 54.60105514526367], [-90.69890594482422, -175.43148803710938, 62.490421295166016, -112.18402099609375, 3.8877995014190674, 242.4672393798828, 117.7314453125, 0.6078227758407593, -67.86901092529297, -6.9802327156066895, -2.08548903465271, 15.120016098022461, -26.900537490844727], [-164.07589721679688, 143.15057373046875, -198.33724975585938, -206.5172576904297, 7.588637828826904, 117.7314453125, 284.4720764160156, 57.295413970947266, -51.48219299316406, -41.94599151611328, 13.20559024810791, -14.195562362670898, 14.654901504516602], [-14.01488208770752, -120.14192962646484, -95.87039184570312, -48.02339172363281, -15.610430717468262, 0.6078227758407593, 57.295413970947266, 134.90310668945312, 53.36435317993164, 31.99303436279297, -10.034722328186035, 12.53596305847168, 16.220149993896484], [-276.6649475097656, 36.32384490966797, -30.88333511352539, 63.22930145263672, 39.257381439208984, -67.86901092529297, -51.48219299316406, 53.36435317993164, 179.3340301513672, 62.450469970703125, -6.945312976837158, -18.918703079223633, 44.47087860107422], [37.2899284362793, -198.3217315673828, -36.15571594238281, -9.357747077941895, -17.17929458618164, -6.9802327156066895, -41.94599151611328, 31.99303436279297, 62.450469970703125, 147.70672607421875, 28.112525939941406, -1.0070505142211914, -19.66659927368164], [-127.7061767578125, 71.79337310791016, -5.633802890777588, -16.305646896362305, -19.746986389160156, -2.08548903465271, 13.20559024810791, -10.034722328186035, -6.945312976837158, 28.112525939941406, 109.39205932617188, 14.493645668029785, -5.179587364196777], [-71.27086639404297, -191.71636962890625, 111.71800231933594, 39.54291534423828, -11.649283409118652, 15.120016098022461, -14.195562362670898, 12.53596305847168, -18.918703079223633, -1.0070505142211914, 14.493645668029785, 115.52173614501953, -0.2500465214252472], [-155.96188354492188, 148.75900268554688, -150.1471710205078, -15.391600608825684, 54.60105514526367, -26.900537490844727, 14.654901504516602, 16.220149993896484, 44.47087860107422, -19.66659927368164, -5.179587364196777, -0.2500465214252472, 104.90494537353516]], "lowlevel.gfcc.icov": [[0.00044239271664991975, -0.00026206919574178755, 0.0006817412213422358, -0.0005395585321821272, 0.00041603605495765805, -0.0003764409339055419, 0.0007255522650666535, -0.0004983590915799141, 0.0010456517338752747, -0.0004468019469641149, 0.0008562186849303544, -0.00033981879823841155, 0.0011029818560928106], [-0.00026206919574178755, 0.00448937201872468, -0.001167302136309445, 0.003988446202129126, -0.001548666157759726, 0.004715598188340664, -0.002255517290905118, 0.004847244825214148, -0.0038925381377339363, 0.006572649348527193, -0.005029154475778341, 0.005518810823559761, -0.0036132358945906162], [0.0006817412213422358, -0.001167302136309445, 0.0020493785850703716, -0.0022756268735975027, 0.0009754604543559253, -0.0019636962097138166, 0.0015924341278150678, -0.001355050364509225, 0.0018828423926606774, -0.0013762522721663117, 0.002040683990344405, -0.0019740366842597723, 0.0032838312909007072], [-0.0005395585321821272, 0.003988446202129126, -0.0022756268735975027, 0.0067496998235583305, -0.001757967402227223, 0.005099031608551741, -0.0012771161273121834, 0.004680868238210678, -0.00481612142175436, 0.0064579700119793415, -0.004749962128698826, 0.004521783906966448, -0.004018891602754593], [0.00041603605495765805, -0.001548666157759726, 0.0009754604543559253, -0.001757967402227223, 0.006252489984035492, -0.002359244041144848, 0.0008398696081712842, -0.000148831371916458, 0.0005039939424023032, -0.0020364911761134863, 0.003046653000637889, -0.00191482063382864, -0.0004503641393966973], [-0.0003764409339055419, 0.004715598188340664, -0.0019636962097138166, 0.005099031608551741, -0.002359244041144848, 0.01151205413043499, -0.005265665240585804, 0.005961982533335686, -0.0027589898090809584, 0.005312067922204733, -0.0042376345954835415, 0.00482747470960021, -0.003347555873915553], [0.0007255522650666535, -0.002255517290905118, 0.0015924341278150678, -0.0012771161273121834, 0.0008398696081712842, -0.005265665240585804, 0.009164822287857533, -0.0066302260383963585, 0.004321858752518892, -0.0007789576193317771, 0.0013081603683531284, -0.0012367588933557272, 0.0024098625872284174], [-0.0004983590915799141, 0.004847244825214148, -0.001355050364509225, 0.004680868238210678, -0.000148831371916458, 0.005961982533335686, -0.0066302260383963585, 0.017539652064442635, -0.008888802491128445, 0.0049451435916125774, -0.0030705484095960855, 0.0028945663943886757, -0.00449611060321331], [0.0010456517338752747, -0.0038925381377339363, 0.0018828423926606774, -0.00481612142175436, 0.0005039939424023032, -0.0027589898090809584, 0.004321858752518892, -0.008888802491128445, 0.01615769788622856, -0.010153764858841896, 0.005807599984109402, -0.0022497293539345264, 0.000391719484468922], [-0.0004468019469641149, 0.006572649348527193, -0.0013762522721663117, 0.0064579700119793415, -0.0020364911761134863, 0.005312067922204733, -0.0007789576193317771, 0.0049451435916125774, -0.010153764858841896, 0.02069089375436306, -0.010769647546112537, 0.008084828034043312, -0.0015696543268859386], [0.0008562186849303544, -0.005029154475778341, 0.002040683990344405, -0.004749962128698826, 0.003046653000637889, -0.0042376345954835415, 0.0013081603683531284, -0.0030705484095960855, 0.005807599984109402, -0.010769647546112537, 0.017297450453042984, -0.008112763985991478, 0.004601739812642336], [-0.00033981879823841155, 0.005518810823559761, -0.0019740366842597723, 0.004521783906966448, -0.00191482063382864, 0.00482747470960021, -0.0012367588933557272, 0.0028945663943886757, -0.0022497293539345264, 0.008084828034043312, -0.008112763985991478, 0.01738179475069046, -0.0064230430871248245], [0.0011029818560928106, -0.0036132358945906162, 0.0032838312909007072, -0.004018891602754593, -0.0004503641393966973, -0.003347555873915553, 0.0024098625872284174, -0.00449611060321331, 0.000391719484468922, -0.0015696543268859386, 0.004601739812642336, -0.0064230430871248245, 0.019892437383532524]], "lowlevel.mfcc.cov": [[7732.9423828125, -499.9603271484375, -2053.37060546875, -500.4990234375, -480.3321838378906, -246.11343383789062, -61.99356460571289, -196.88478088378906, -100.56903076171875, -69.96418762207031, -71.03340148925781, -57.63642120361328, 16.661348342895508], [-499.9603271484375, 1589.916748046875, -496.4874572753906, -256.6394348144531, -132.5673370361328, -69.30388641357422, 102.85391998291016, -5.776593208312988, 49.358299255371094, -10.599102020263672, -73.18067932128906, -46.89263153076172, 36.71599578857422], [-2053.37060546875, -496.4874572753906, 1796.556640625, 499.1074523925781, 293.7242736816406, 129.68991088867188, -56.491455078125, 52.90062713623047, -182.91461181640625, -57.023014068603516, 65.08226013183594, -18.158557891845703, -133.47711181640625], [-500.4990234375, -256.6394348144531, 499.1074523925781, 560.4019165039062, 245.62416076660156, -14.141207695007324, -179.3588409423828, -34.11973190307617, -29.02682113647461, -46.678062438964844, -34.08611297607422, 36.864444732666016, -25.255414962768555], [-480.3321838378906, -132.5673370361328, 293.7242736816406, 245.62416076660156, 319.2356872558594, 43.0654411315918, -138.61366271972656, -52.71017837524414, -4.014342784881592, -12.087254524230957, -23.149188995361328, 13.344484329223633, -34.59334182739258], [-246.11343383789062, -69.30388641357422, 129.68991088867188, -14.141207695007324, 43.0654411315918, 173.12857055664062, 62.89076232910156, 19.908117294311523, -20.10009765625, -2.478757619857788, 9.482455253601074, -39.091182708740234, -37.527122497558594], [-61.99356460571289, 102.85391998291016, -56.491455078125, -179.3588409423828, -138.61366271972656, 62.89076232910156, 264.0033874511719, 93.93189239501953, -30.78060531616211, -3.1982357501983643, 20.25774383544922, -51.3369140625, -4.482111930847168], [-196.88478088378906, -5.776593208312988, 52.90062713623047, -34.11973190307617, -52.71017837524414, 19.908117294311523, 93.93189239501953, 159.11509704589844, 36.56963348388672, -39.81361770629883, -20.62215805053711, 0.5351079106330872, 4.89465856552124], [-100.56903076171875, 49.358299255371094, -182.91461181640625, -29.02682113647461, -4.014342784881592, -20.10009765625, -30.78060531616211, 36.56963348388672, 186.0466766357422, 38.8941650390625, -21.6888484954834, 18.435043334960938, 24.188974380493164], [-69.96418762207031, -10.599102020263672, -57.023014068603516, -46.678062438964844, -12.087254524230957, -2.478757619857788, -3.1982357501983643, -39.81361770629883, 38.8941650390625, 131.43548583984375, 42.504356384277344, -6.48897647857666, 4.59561824798584], [-71.03340148925781, -73.18067932128906, 65.08226013183594, -34.08611297607422, -23.149188995361328, 9.482455253601074, 20.25774383544922, -20.62215805053711, -21.6888484954834, 42.504356384277344, 95.37709045410156, 17.33095932006836, 1.7229945659637451], [-57.63642120361328, -46.89263153076172, -18.158557891845703, 36.864444732666016, 13.344484329223633, -39.091182708740234, -51.3369140625, 0.5351079106330872, 18.435043334960938, -6.48897647857666, 17.33095932006836, 119.02159118652344, 37.76020050048828], [16.661348342895508, 36.71599578857422, -133.47711181640625, -25.255414962768555, -34.59334182739258, -37.527122497558594, -4.482111930847168, 4.89465856552124, 24.188974380493164, 4.59561824798584, 1.7229945659637451, 37.76020050048828, 98.484130859375]], "lowlevel.mfcc.icov": [[0.00030090840300545096, 0.00023947162844706327, 0.0004317140264902264, 2.857964091163012e-06, 0.0003034163673873991, 0.00022382027236744761, 0.00023132494243327528, 0.0001446645037503913, 0.00042821525130420923, 0.000301577674690634, 5.7569155615055934e-05, 0.0002507292665541172, 0.00042447037412784994], [0.00023947162844706327, 0.0009608280379325151, 0.0004019799525849521, 0.0002576894767116755, 0.0001800774916773662, 0.0005440231179818511, -0.00023398541088681668, 0.0005226362845860422, 0.00016241357661783695, 0.0003913119435310364, 0.000679930904880166, 0.000351919123204425, 0.0002411224995739758], [0.0004317140264902264, 0.0004019799525849521, 0.0017594456439837813, -0.0008094520308077335, -4.834230276173912e-05, 2.295183003298007e-05, 0.0005160022410564125, -0.0010049896081909537, 0.0015726410783827305, 0.00032225262839347124, -0.001124813687056303, 0.0006202643271535635, 0.001399887609295547], [2.857964091163012e-06, 0.0002576894767116755, -0.0008094520308077335, 0.0038522640243172646, -0.0016328577185049653, 0.000812201586086303, 0.0010937448823824525, 0.0001130231175920926, 7.419985195156187e-05, 0.0005176913109607995, 0.001300632138736546, -0.00035249232314527035, -0.00035562890116125345], [0.0003034163673873991, 0.0001800774916773662, -4.834230276173912e-05, -0.0016328577185049653, 0.006704068277031183, -0.002168940845876932, 0.0022299797274172306, 0.0014644034672528505, -0.00018216492026112974, 0.00019512463768478483, 0.0014062116388231516, -0.0003013497334904969, 0.00108095514588058], [0.00022382027236744761, 0.0005440231179818511, 2.295183003298007e-05, 0.000812201586086303, -0.002168940845876932, 0.008554003201425076, -0.0024212703574448824, 0.00012466836778912693, -6.905761892994633e-06, 0.0006141349440440536, -0.0005838564247824252, 0.001653327839449048, 0.0017292822012677789], [0.00023132494243327528, -0.00023398541088681668, 0.0005160022410564125, 0.0010937448823824525, 0.0022299797274172306, -0.0024212703574448824, 0.009355940856039524, -0.005199103150516748, 0.00288436864502728, -0.0005988658522255719, -0.0018432238139212132, 0.0025832534302026033, -6.590318662347272e-05], [0.0001446645037503913, 0.0005226362845860422, -0.0010049896081909537, 0.0001130231175920926, 0.0014644034672528505, 0.00012466836778912693, -0.005199103150516748, 0.012837097980082035, -0.004642999265342951, 0.003964883740991354, 0.002956071635708213, -0.0017372305737808347, -0.0002954184601549059], [0.00042821525130420923, 0.00016241357661783695, 0.0015726410783827305, 7.419985195156187e-05, -0.00018216492026112974, -6.905761892994633e-06, 0.00288436864502728, -0.004642999265342951, 0.009463460184633732, -0.0037331359926611185, 0.0015842015855014324, -0.00019512131984811276, 0.00020981796842534095], [0.000301577674690634, 0.0003913119435310364, 0.00032225262839347124, 0.0005176913109607995, 0.00019512463768478483, 0.0006141349440440536, -0.0005988658522255719, 0.003964883740991354, -0.0037331359926611185, 0.012230105698108673, -0.005215753335505724, 0.0020667831413447857, 9.587283420842141e-05], [5.7569155615055934e-05, 0.000679930904880166, -0.001124813687056303, 0.001300632138736546, 0.0014062116388231516, -0.0005838564247824252, -0.0018432238139212132, 0.002956071635708213, 0.0015842015855014324, -0.005215753335505724, 0.01720210164785385, -0.004418286494910717, -0.00016613976913504303], [0.0002507292665541172, 0.000351919123204425, 0.0006202643271535635, -0.00035249232314527035, -0.0003013497334904969, 0.001653327839449048, 0.0025832534302026033, -0.0017372305737808347, -0.00019512131984811276, 0.0020667831413447857, -0.004418286494910717, 0.01244108285754919, -0.0034366119652986526], [0.00042447037412784994, 0.0002411224995739758, 0.001399887609295547, -0.00035562890116125345, 0.00108095514588058, 0.0017292822012677789, -6.590318662347272e-05, -0.0002954184601549059, 0.00020981796842534095, 9.587283420842141e-05, -0.00016613976913504303, -0.0034366119652986526, 0.014113168232142925]], "metadata.audio_properties.analysis.downmix": "mix", "metadata.audio_properties.codec": "mp3", "metadata.audio_properties.md5_encoded": "bc7bf6c2a3b7ea610ad32273a461c08a", "metadata.tags.file_name": "1183710202676133958.mp3", "metadata.version.essentia": "2.1-beta6-dev", "metadata.version.essentia_git_sha": "v2.1_beta5-1110-g77a6a954", "metadata.version.extractor": "music 2.0", "tonal.chords_key": "F", "tonal.chords_scale": "minor", "tonal.key_edma.key": "A", "tonal.key_edma.scale": "minor", "tonal.key_krumhansl.key": "A", "tonal.key_krumhansl.scale": "minor", "tonal.key_temperley.key": "A", "tonal.key_temperley.scale": "minor", "metadata.tags.encoding": ["Lavf58.45.100"]}, "essentia_models": [{"model_name": "genre_dortmund", "activations": {"alternative": "5.7496178e-05", "blues": "3.3202232e-05", "electronic": "6.7850335e-05", "folkcountry": "2.629373e-05", "funksoulrnb": "0.0021679394", "jazz": "1.6746042e-05", "pop": "0.0007982589", "raphiphop": "0.9987171", "rock": "0.0005608946"}}, {"model_name": "genre_rosamerica", "activations": {"classic": "2.9439327e-05", "dance": "1.5795111e-06", "hip hop": "0.9025337", "jazz": "4.977316e-06", "pop": "0.000863466", "rhythm and 