{"song_id": "1183713373490249761", "download": "https://cdn.discordapp.com/attachments/1135903449314238464/1183713373490249761/chirp.mp4?ex=658955fc&amp", "lyrics": "n the city lights, where the stars align,\nAfzal struts, a player in his prime.\nTwenty flames, hearts in his hand,\nSizzling hot, the charismatic man.\n\nHe's got that style, that irresistible sway,\nA love magician, casting spells each day.\nIn the game of hearts, he takes the lead,\nAfzal, the player, breaking hearts with speed", "style": ["Tavern Drinking song"], "essentia_features": {"lowlevel.average_loudness": 0.4819493889808655, "lowlevel.barkbands_crest.mean": 15.78795051574707, "lowlevel.barkbands_crest.stdev": 5.823328971862793, "lowlevel.barkbands_flatness_db.mean": 0.2796503007411957, "lowlevel.barkbands_flatness_db.stdev": 0.08784618973731995, "lowlevel.barkbands_kurtosis.mean": 35.4781379699707, "lowlevel.barkbands_kurtosis.stdev": 62.67074966430664, "lowlevel.barkbands_skewness.mean": 3.5698037147521973, "lowlevel.barkbands_skewness.stdev": 3.448784351348877, "lowlevel.barkbands_spread.mean": 12.49739933013916, "lowlevel.barkbands_spread.stdev": 14.291638374328613, "lowlevel.dissonance.mean": 0.4297265410423279, "lowlevel.dissonance.stdev": 0.05007990077137947, "lowlevel.dynamic_complexity": 4.992112636566162, "lowlevel.erbbands_crest.mean": 13.616190910339355, "lowlevel.erbbands_crest.stdev": 6.16719913482666, "lowlevel.erbbands_flatness_db.mean": 0.25142961740493774, "lowlevel.erbbands_flatness_db.stdev": 0.06566569954156876, "lowlevel.erbbands_kurtosis.mean": 4.349684715270996, "lowlevel.erbbands_kurtosis.stdev": 10.301568984985352, "lowlevel.erbbands_skewness.mean": 1.0967986583709717, "lowlevel.erbbands_skewness.stdev": 1.50789213180542, "lowlevel.erbbands_spread.mean": 37.60621643066406, "lowlevel.erbbands_spread.stdev": 29.389892578125, "lowlevel.hfc.mean": 13.441967964172363, "lowlevel.hfc.stdev": 14.031391143798828, "lowlevel.loudness_ebu128.integrated": -12.211484909057617, "lowlevel.loudness_ebu128.loudness_range": 8.722702980041504, "lowlevel.loudness_ebu128.momentary.mean": -14.716236114501953, "lowlevel.loudness_ebu128.momentary.stdev": 4.919844150543213, "lowlevel.loudness_ebu128.short_term.mean": -13.915642738342285, "lowlevel.loudness_ebu128.short_term.stdev": 3.409775733947754, "lowlevel.melbands_crest.mean": 22.151350021362305, "lowlevel.melbands_crest.stdev": 9.353447914123535, "lowlevel.melbands_flatness_db.mean": 0.3198983371257782, "lowlevel.melbands_flatness_db.stdev": 0.12220203131437302, "lowlevel.melbands_kurtosis.mean": 71.97437286376953, "lowlevel.melbands_kurtosis.stdev": 136.0540313720703, "lowlevel.melbands_skewness.mean": 4.916824817657471, "lowlevel.melbands_skewness.stdev": 4.542471408843994, "lowlevel.melbands_spread.mean": 17.648799896240234, "lowlevel.melbands_spread.stdev": 28.78422737121582, "lowlevel.pitch_salience.mean": 0.3982362747192383, "lowlevel.pitch_salience.stdev": 0.20036938786506653, "lowlevel.silence_rate_20dB.mean": 0.9979367256164551, "lowlevel.silence_rate_20dB.stdev": 0.04537665843963623, "lowlevel.silence_rate_30dB.mean": 0.7262723445892334, "lowlevel.silence_rate_30dB.stdev": 0.4458693861961365, "lowlevel.silence_rate_60dB.mean": 0.24759285151958466, "lowlevel.silence_rate_60dB.stdev": 0.43161797523498535, "lowlevel.spectral_centroid.mean": 937.4964599609375, "lowlevel.spectral_centroid.stdev": 814.2913208007812, "lowlevel.spectral_complexity.mean": 7.731086730957031, "lowlevel.spectral_complexity.stdev": 5.925250053405762, "lowlevel.spectral_decrease.mean": -1.6697839555490646e-08, "lowlevel.spectral_decrease.stdev": 2.2802087329409915e-08, "lowlevel.spectral_energy.mean": 0.0642407014966011, "lowlevel.spectral_energy.stdev": 0.08662255853414536, "lowlevel.spectral_energyband_high.mean": 0.0005402123206295073, "lowlevel.spectral_energyband_high.stdev": 0.0012765738647431135, "lowlevel.spectral_energyband_low.mean": 0.05009576305747032, "lowlevel.spectral_energyband_low.stdev": 0.08396007865667343, "lowlevel.spectral_energyband_middle_high.mean": 0.0020935649517923594, "lowlevel.spectral_energyband_middle_high.stdev": 0.004830406047403812, "lowlevel.spectral_energyband_middle_low.mean": 0.012149596586823463, "lowlevel.spectral_energyband_middle_low.stdev": 0.019954336807131767, "lowlevel.spectral_entropy.mean": 7.026201248168945, "lowlevel.spectral_entropy.stdev": 0.6958819031715393, "lowlevel.spectral_flux.mean": 0.0835801288485527, "lowlevel.spectral_flux.stdev": 0.09401040524244308, "lowlevel.spectral_kurtosis.mean": 5.3301568031311035, "lowlevel.spectral_kurtosis.stdev": 6.570201396942139, "lowlevel.spectral_rms.mean": 0.005988262593746185, "lowlevel.spectral_rms.stdev": 0.005178282968699932, "lowlevel.spectral_rolloff.mean": 1372.1011962890625, "lowlevel.spectral_rolloff.stdev": 2049.255126953125, "lowlevel.spectral_skewness.mean": 1.5892612934112549, "lowlevel.spectral_skewness.stdev": 0.9337121248245239, "lowlevel.spectral_spread.mean": 4169018.5, "lowlevel.spectral_spread.stdev": 1767916.375, "lowlevel.spectral_strongpeak.mean": 0.9825361371040344, "lowlevel.spectral_strongpeak.stdev": 0.8776928186416626, "lowlevel.zerocrossingrate.mean": 0.046196307986974716, "lowlevel.zerocrossingrate.stdev": 0.04782722890377045, "metadata.audio_properties.analysis.equal_loudness": 0.0, "metadata.audio_properties.analysis.length": 33.72798156738281, "metadata.audio_properties.analysis.sample_rate": 44100.0, "metadata.audio_properties.analysis.start_time": 0.0, "metadata.audio_properties.bit_rate": 126476.0, "metadata.audio_properties.length": 33.72800064086914, "metadata.audio_properties.lossless": 0.0, "metadata.audio_properties.number_channels": 1.0, "metadata.audio_properties.replay_gain": -13.804128646850586, "metadata.audio_properties.sample_rate": 48000.0, "rhythm.beats_count": 76.0, "rhythm.beats_loudness.mean": 0.08315198868513107, "rhythm.beats_loudness.stdev": 0.09090577065944672, "rhythm.bpm": 137.025390625, "rhythm.bpm_histogram_first_peak_bpm": 136.0, "rhythm.bpm_histogram_first_peak_weight": 0.3333333134651184, "rhythm.bpm_histogram_second_peak_bpm": 144.0, "rhythm.bpm_histogram_second_peak_spread": 0.0, "rhythm.bpm_histogram_second_peak_weight": 0.03999999910593033, "rhythm.danceability": 1.0773130655288696, "rhythm.onset_rate": 5.066636085510254, "tonal.chords_changes_rate": 0.0357142873108387, "tonal.chords_number_rate": 0.012362637557089329, "tonal.chords_strength.mean": 0.5508567690849304, "tonal.chords_strength.stdev": 0.08672616630792618, "tonal.hpcp_crest.mean": 15.567853927612305, "tonal.hpcp_crest.stdev": 7.259748458862305, "tonal.hpcp_entropy.mean": 1.7249133586883545, "tonal.hpcp_entropy.stdev": 0.7562249302864075, "tonal.key_edma.strength": 0.49057576060295105, "tonal.key_krumhansl.strength": 0.4956647455692291, "tonal.key_temperley.strength": 0.5086331963539124, "tonal.tuning_diatonic_strength": 0.43824735283851624, "tonal.tuning_equal_tempered_deviation": 0.33416280150413513, "tonal.tuning_frequency": 434.193115234375, "tonal.tuning_nontempered_energy_ratio": 0.9643047451972961, "lowlevel.barkbands.mean": [0.006352130323648453, 0.03961051627993584, 0.003611113643273711, 0.001523879123851657, 0.003786863060668111, 0.0024880317505449057, 0.0015620326157659292, 0.0013308663619682193, 0.0012454758398234844, 0.0005964212468825281, 0.00038451695581898093, 0.00031298279645852745, 0.00030390644678846, 0.00017810620192904025, 0.00015456386609002948, 0.00011410514707677066, 5.134700768394396e-05, 3.210321665392257e-05, 4.0226477722171694e-05, 3.349683538544923e-05, 2.685612707864493e-05, 0.0001880804484244436, 0.00028872201801277697, 2.2135240214993246e-05, 1.950820433194167e-06, 2.7716990302906197e-07, 1.026502705059329e-08], "lowlevel.barkbands.stdev": [0.013078151270747185, 0.07210702449083328, 0.017704926431179047, 0.008719231002032757, 0.007975392043590546, 0.005138905718922615, 0.006006904877722263, 0.004842624068260193, 0.0038136793300509453, 0.0030178590677678585, 0.0011181141017004848, 0.0008526532910764217, 0.00136263994500041, 0.0006331829936243594, 0.0005399849032983184, 0.00036057826946489513, 0.00015338824596256018, 7.542878302047029e-05, 0.00010203282727161422, 9.611338464310393e-05, 8.171211084118113e-05, 0.00047741972957737744, 0.0007737753330729902, 6.795715307816863e-05, 5.262529157334939e-06, 1.3228416264610132e-06, 3.6856214080671634e-08], "lowlevel.erbbands.mean": [1.9012681245803833, 5.776332855224609, 5.141846179962158, 4.979404449462891, 7.244817733764648, 9.902291297912598, 26.846818923950195, 18.403911590576172, 26.714082717895508, 13.399924278259277, 40.59971237182617, 26.396949768066406, 20.61994743347168, 15.565269470214844, 13.025943756103516, 12.973066329956055, 13.62586784362793, 10.943535804748535, 7.536623001098633, 7.444639682769775, 6.082672595977783, 2.999004602432251, 1.7826446294784546, 1.7555898427963257, 2.334275484085083, 1.5435224771499634, 1.0528496503829956, 1.188383936882019, 4.748663902282715, 13.298391342163086, 5.752716541290283, 1.1013476848602295, 0.18019375205039978, 0.038401685655117035, 0.006520075723528862, 0.0017963359132409096, 0.00046457810094580054, 5.926858284510672e-05, 3.2630905479891226e-05, 7.13786284904927e-05], "lowlevel.erbbands.stdev": [3.306533098220825, 13.879898071289062, 20.30368423461914, 26.575027465820312, 24.584514617919922, 20.48383331298828, 71.5815200805664, 45.04427719116211, 94.53428649902344, 42.06839370727539, 134.15562438964844, 84.00460815429688, 82.052734375, 53.049991607666016, 39.65919494628906, 34.08749771118164, 67.71442413330078, 37.433528900146484, 23.205944061279297, 22.531999588012695, 19.480409622192383, 8.400687217712402, 4.1081366539001465, 4.0967793464660645, 6.269139766693115, 4.203143119812012, 2.9377763271331787, 3.2521517276763916, 10.906584739685059, 34.86863327026367, 15.784017562866211, 3.2860875129699707, 0.5012344717979431, 0.10047756880521774, 0.018537338823080063, 0.007208265829831362, 0.0024280997458845377, 0.00022593798348680139, 3.890283915097825e-05, 9.330000466434285e-05], "lowlevel.gfcc.mean": [-122.61752319335938, 116.51036071777344, -141.83583068847656, 18.715980529785156, -87.38722229003906, 6.755344390869141, -27.057714462280273, -31.084924697875977, -1.723122239112854, -17.46921157836914, -6.9748759269714355, 0.33985498547554016, -3.07822847366333], "lowlevel.melbands.mean": [0.013665392063558102, 0.004102201666682959, 0.0009181058267131448, 0.0006106654182076454, 0.0008592456579208374, 0.0004332491953391582, 0.0003803888102993369, 0.00015070995141286403, 0.00035766640212386847, 0.00014473234477918595, 0.00010218759416602552, 6.477185525000095e-05, 4.803458432434127e-05, 3.894660039804876e-05, 2.883280649257358e-05, 2.9528870072681457e-05, 1.899436210806016e-05, 1.1573217307159211e-05, 1.2112684089515824e-05, 8.339925443578977e-06, 6.700994617858669e-06, 3.250579993618885e-06, 1.8336702396481996e-06, 1.4120241758064367e-06, 1.380987896482111e-06, 1.615988480807573e-06, 1.6541147260795697e-06, 8.601547847320035e-07, 5.703664101019967e-07, 7.341528771576122e-07, 5.73115528368362e-07, 1.929816562551423e-06, 4.913953944196692e-06, 8.77776437846478e-06, 4.087196430191398e-06, 1.219874093294493e-06, 3.631436982232117e-07, 1.2586609443587804e-07, 5.414571546680236e-08, 2.1598280497414635e-08], "lowlevel.melbands.stdev": [0.02357478067278862, 0.011547064408659935, 0.004336537793278694, 0.0014552284264937043, 0.0022652854677289724, 0.0009727508877404034, 0.0013605757849290967, 0.0004896460450254381, 0.0011401548981666565, 0.0004624401917681098, 0.0004355940909590572, 0.00026027773856185377, 0.0001490003924118355, 0.00010675597877707332, 0.00011340673518134281, 0.0001322388998232782, 6.815030792495236e-05, 3.4850490919779986e-05, 4.294362952350639e-05, 2.6348303435952403e-05, 2.2842223188490607e-05, 1.0071803444589023e-05, 4.4679900383926e-06, 3.348995051055681e-06, 3.355215085321106e-06, 4.626725058187731e-06, 4.960443675372517e-06, 2.4270248104585335e-06, 1.5396818753288244e-06, 2.7263401989330305e-06, 1.5344671737693716e-06, 4.565334165818058e-06, 1.2600124136952218e-05, 2.316075551789254e-05, 1.1841304512927309e-05, 3.921980351151433e-06, 1.1550117733349907e-06, 3.7885476444898813e-07, 1.603606989419859e-07, 6.019895693043509e-08], "lowlevel.melbands128.mean": [0.006019760388880968, 0.018274599686264992, 0.015444961376488209, 0.007791225798428059, 0.003142633242532611, 0.0016477737808600068, 0.001003905781544745, 0.0007085290853865445, 0.0007497959886677563, 0.0006364809232763946, 0.00037933289422653615, 0.0009464691975153983, 0.0011487618321552873, 0.0005283680511638522, 0.0003570535918697715, 0.00039260918856598437, 0.0004973365576006472, 0.00042022261186502874, 0.00019555720791686326, 8.294019789900631e-05, 0.00013961222430225462, 0.0002948051842395216, 0.0004511181323323399, 0.00036277511389926076, 0.00014756231394130737, 6.197173206601292e-05, 9.141729242401198e-05, 0.00011239143350394443, 0.00011865847773151472, 5.412090104073286e-05, 4.639030885300599e-05, 8.054082718444988e-05, 4.539765359368175e-05, 2.9493381589418277e-05, 3.7326037272578105e-05, 4.997407813789323e-05, 2.6030460503534414e-05, 2.7209192921873182e-05, 2.929916990979109e-05, 3.247229687985964e-05, 3.0085733669693582e-05, 2.6127892851945944e-05, 1.7779857444111258e-05, 1.8240776626043953e-05, 1.1518262908793986e-05, 8.813559361442458e-06, 1.2961727406946011e-05, 1.3506090908776969e-05, 1.187954876513686e-05, 8.584742317907512e-06, 6.980023044889094e-06, 9.335673894383945e-06, 8.092731150100008e-06, 5.039280949858949e-06, 4.2532014958851505e-06, 3.2809584809001535e-06, 2.399573986622272e-06, 1.7793661299947416e-06, 1.779018475644989e-06, 1.5732307474536356e-06, 1.2710263490589568e-06, 1.3466089967550943e-06, 1.6069124058049056e-06, 1.2403720575093757e-06, 1.297823018830968e-06, 1.5235420960379997e-06, 2.020335159613751e-06, 1.7075886944439844e-06, 1.770302333170548e-06, 1.214740677824011e-06, 8.886640330274531e-07, 6.712222671012569e-07, 4.898197971670015e-07, 5.874801445315825e-07, 5.833263116983289e-07, 8.866755933922832e-07, 7.026534376564086e-07, 5.204285002946563e-07, 5.609251161331485e-07, 5.819287025587982e-07, 1.080638867279049e-06, 2.952399881905876e-06, 3.1145650609687436e-06, 4.2137730815738905e-06, 7.180595275713131e-06, 8.509493454766925e-06, 9.505561138212215e-06, 9.47421995078912e-06, 2.931523795268731e-06, 1.1421739145589527e-06, 1.4425904737436213e-06, 1.3443583384287194e-06, 6.813946242800739e-07, 3.084223862970248e-07, 1.787409615872093e-07, 1.5144701137614902e-07, 1.2699608475941204e-07, 6.75791724802366e-08, 5.675303427210565e-08, 4.729859881535958e-08, 2.8046047262364482e-08, 1.687588735421741e-08, 1.3303205648185212e-08, 8.359497094545532e-09, 4.491017779884032e-09, 4.47618564436425e-09, 3.860783248654798e-09, 3.1268028166664408e-09, 2.9178472971125302e-09, 2.3120658720898746e-09, 2.0891559593394504e-09, 1.5307454193091985e-09, 1.3834764445164183e-09, 8.213472124651844e-10, 7.349172936876869e-10, 5.102541722479259e-10, 3.172982987464934e-10, 5.78725331545904e-11, 1.469930600850322e-11, 9.915936995119612e-12, 9.086078243958351e-12, 7.744987810809345e-12, 7.300823140488077e-12, 7.1788304467634845e-12, 7.054714017823427e-12, 6.922985622270783e-12, 6.842348302532608e-12, 6.802426677499085e-12], "lowlevel.melbands128.stdev": [0.012295259162783623, 0.032637566328048706, 0.031473442912101746, 0.022399025037884712, 0.012699286453425884, 0.008337349630892277, 0.00596506567671895, 0.0038458851631730795, 0.002546576550230384, 0.001705668750219047, 0.0009284934494644403, 0.0029272688552737236, 0.0033744818065315485, 0.0015025512548163533, 0.0012995657743886113, 0.0012657117331400514, 0.0017704898491501808, 0.0020197436679154634, 0.0011118593392893672, 0.0003274923947174102, 0.0006623466615565121, 0.0012891875812783837, 0.0018178382888436317, 0.0013027418171986938, 0.0007569393492303789, 0.00025578885106369853, 0.00034874241100624204, 0.0005730580887757242, 0.0008610905497334898, 0.0004270144272595644, 0.00012848775077145547, 0.00023303106718230993, 0.00020454762852750719, 0.00013464018411468714, 0.00012248910206835717, 0.00016659563698340207, 9.7859745437745e-05, 0.00013678632967639714, 0.00018757814541459084, 0.0002789366408251226, 0.00012909343058709055, 0.00014755640586372465, 9.46785366977565e-05, 7.490777352359146e-05, 3.8245463656494394e-05, 3.391825157450512e-05, 7.250183261930943e-05, 6.414369272533804e-05, 4.5019802200840786e-05, 3.5407567338552326e-05, 3.176175960106775e-05, 3.5389035474509e-05, 3.536019357852638e-05, 1.8892871594289318e-05, 1.7585463865543716e-05, 1.1983683180005755e-05, 8.46947750687832e-06, 4.830885700357612e-06, 4.9238960855291225e-06, 5.0785492931026965e-06, 3.1682995995652163e-06, 3.940803708246676e-06, 5.363987838791218e-06, 3.0664325549878413e-06, 3.481757403278607e-06, 5.6795188356773e-06, 6.7167125052947085e-06, 5.2268105719122104e-06, 6.806400961067993e-06, 3.951363396481611e-06, 2.8552710773510626e-06, 2.082863602481666e-06, 1.5855887340876507e-06, 1.7095080693252385e-06, 1.726460141071584e-06, 3.720974973475677e-06, 2.953188868559664e-06, 1.7263782865484245e-06, 1.4627084965468384e-06, 1.6230328583333176e-06, 2.631858933455078e-06, 7.782127795508131e-06, 8.018771950446535e-06, 1.051288654707605e-05, 2.4401801056228578e-05, 2.4399556423304603e-05, 2.7663207220030017e-05, 2.9077484214212745e-05, 9.57155953074107e-06, 4.199454906483879e-06, 5.0896078391815536e-06, 4.624912889994448e-06, 2.2994165647105547e-06, 1.0859235999305383e-06, 6.175289399834583e-07, 4.795237487087434e-07, 4.2666269450819527e-07, 2.0223471608460386e-07, 2.0207455975196353e-07, 1.5609302295160887e-07, 8.119214101043326e-08, 5.5782191310527196e-08, 4.910527096058104e-08, 3.143167148778048e-08, 1.6485101284047232e-08, 1.6871581465238705e-08, 1.360161849817132e-08, 1.418989548085392e-08, 1.7237571370287696e-08, 1.2160673357186624e-08, 1.0377825709895205e-08, 9.495197517139786e-09, 9.761432551158578e-09, 6.646047268077382e-09, 4.272165288199403e-09, 2.227234618956686e-09, 1.259188198154959e-09, 2.5788202129284343e-10, 9.833180797391705e-11, 5.1701493780642593e-11, 4.776020898211719e-11, 1.9406381016051633e-11, 1.6892010359925713e-11, 1.6611398021004753e-11, 1.6372722622115532e-11, 1.6174771591548343e-11, 1.603655402915294e-11, 1.5950962772848243e-11], "lowlevel.mfcc.mean": [-753.9057006835938, 136.53134155273438, -5.338724136352539, 5.736622333526611, -31.90599250793457, 23.482074737548828, -29.72157859802246, 7.365927696228027, -17.44247817993164, -3.271023988723755, -8.43057918548584, -13.397475242614746, 3.7534961700439453], "lowlevel.spectral_contrast_coeffs.mean": [-0.5909196138381958, -0.7479095458984375, -0.7774873375892639, -0.8130970001220703, -0.8356761336326599, -0.6649041175842285], "lowlevel.spectral_contrast_coeffs.stdev": [0.1430368274450302, 0.09915013611316681, 0.06500562280416489, 0.04567010700702667, 0.03736845776438713, 0.05193031206727028], "lowlevel.spectral_contrast_valleys.mean": [-8.560307502746582, -7.411854267120361, -7.873968601226807, -8.398612022399902, -8.889745712280273, -12.312816619873047], "lowlevel.spectral_contrast_valleys.stdev": [1.9448773860931396, 1.0554813146591187, 0.8535342216491699, 0.8919169306755066, 0.9406706690788269, 1.2782707214355469], "rhythm.beats_loudness_band_ratio.mean": [0.35863226652145386, 0.3485003411769867, 0.17246323823928833, 0.07207128405570984, 0.015901640057563782, 0.07123430073261261], "rhythm.beats_loudness_band_ratio.stdev": [0.4278576374053955, 0.3617759943008423, 0.2605842649936676, 0.12233249843120575, 0.023151403293013573, 0.13372576236724854], "tonal.hpcp.mean": [0.06431075930595398, 0.03609110414981842, 0.03823169693350792, 0.040770888328552246, 0.14023831486701965, 0.1730174571275711, 0.06482931971549988, 0.02749783731997013, 0.026672273874282837, 0.02537643164396286, 0.028349559754133224, 0.03498629108071327, 0.046212248504161835, 0.2246432602405548, 0.27705225348472595, 0.11442290991544724, 0.06385668367147446, 0.05236665904521942, 0.05786280706524849, 0.17692886292934418, 0.25083884596824646, 0.18672792613506317, 0.11596506834030151, 0.06024586036801338, 0.04292357712984085, 0.06042725220322609, 0.06553233414888382, 0.04573364555835724, 0.07379576563835144, 0.08590807020664215, 0.07075868546962738, 0.10090511292219162, 0.10676614195108414, 0.07217976450920105, 0.06942272931337357, 0.08538955450057983], "tonal.hpcp.stdev": [0.18671922385692596, 0.13030992448329926, 0.14216966927051544, 0.13728518784046173, 0.25803032517433167, 0.30252930521965027, 0.13691724836826324, 0.08930549025535583, 0.09134207665920258, 0.10301476716995239, 0.09955378621816635, 0.11426205188035965, 0.1302347332239151, 0.34412091970443726, 0.39864662289619446, 0.23383715748786926, 0.1797187775373459, 0.1473858803510666, 0.15511798858642578, 0.3130435645580292, 0.36622244119644165, 0.3307158648967743, 0.24346168339252472, 0.18175913393497467, 0.1422613263130188, 0.1673734337091446, 0.16986270248889923, 0.12039706110954285, 0.18707193434238434, 0.20121869444847107, 0.18884128332138062, 0.2378128170967102, 0.25050070881843567, 0.189076766371727, 0.1759713888168335, 0.22195786237716675], "rhythm.beats_position": [0.40634921193122864, 0.8359183669090271, 1.2538775205612183, 1.695056676864624, 2.1362357139587402, 2.565804958343506, 2.9953742027282715, 3.4365532398223877, 3.8893423080444336, 4.318911552429199, 4.7600908279418945, 5.201269626617432, 5.642448902130127, 6.072018146514893, 6.501587390899658, 6.942766189575195, 7.383945465087891, 7.813514709472656, 8.243083953857422, 8.684263229370117, 9.125441551208496, 9.555010795593262, 9.984580039978027, 10.425759315490723, 10.866938591003418, 11.308117866516113, 11.749297142028809, 12.190476417541504, 12.631654739379883, 13.061223983764648, 13.490793228149414, 13.93197250366211, 14.373151779174805, 14.8143310546875, 15.243900299072266, 15.673469543457031, 16.114648818969727, 16.555828094482422, 16.997007369995117, 17.42657470703125, 17.856143951416016, 18.29732322692871, 18.738502502441406, 19.1796817779541, 19.620861053466797, 20.050430297851562, 20.479999542236328, 20.921178817749023, 21.36235809326172, 21.803537368774414, 22.24471664428711, 22.674285888671875, 23.10385513305664, 23.545034408569336, 23.9862117767334, 24.427391052246094, 24.86857032775879, 25.286529541015625, 25.72770881652832, 26.168888092041016, 26.61006736755371, 27.051246643066406, 27.469205856323242, 27.910385131835938, 28.351564407348633, 28.792743682861328, 29.233922958374023, 29.67510223388672, 30.116281509399414, 30.545848846435547, 30.975418090820312, 31.416597366333008, 31.857776641845703, 32.29895782470703, 32.740135192871094, 33.19292449951172], "rhythm.bpm_histogram": [0.0, 0.0, 0.0, 0.0, 0.0, 0.0, 0.0, 0.0, 0.0, 0.0, 0.0, 0.0, 0.0, 0.0, 0.0, 0.0, 0.0, 0.0, 0.0, 0.0, 0.0, 0.0, 0.0, 0.0, 0.0, 0.0, 0.0, 0.0, 0.0, 0.0, 0.0, 0.0, 0.0, 0.0, 0.0, 0.0, 0.0, 0.0, 0.0, 0.0, 0.0, 0.0, 0.0, 0.0, 0.0, 0.0, 0.0, 0.0, 0.0, 0.0, 0.0, 0.0, 0.0, 0.0, 0.0, 0.0, 0.0, 0.0, 0.0, 0.0, 0.0, 0.0, 0.0, 0.0, 0.0, 0.0, 0.0, 0.0, 0.0, 0.0, 0.0, 0.0, 0.0, 0.0, 0.0, 0.0, 0.0, 0.0, 0.0, 0.0, 0.0, 0.0, 0.0, 0.0, 0.0, 0.0, 0.0, 0.0, 0.0, 0.0, 0.0, 0.0, 0.0, 0.0, 0.0, 0.0, 0.0, 0.0, 0.0, 0.0, 0.0, 0.0, 0.0, 0.0, 0.0, 0.0, 0.0, 0.0, 0.0, 0.0, 0.0, 0.0, 0.0, 0.0, 0.0, 0.0, 0.0, 0.0, 0.0, 0.0, 0.0, 0.0, 0.0, 0.0, 0.0, 0.0, 0.0, 0.0, 0.0, 0.0, 0.0, 0.0, 0.0, 0.02666666731238365, 0.0, 0.0, 0.6399999856948853, 0.0, 0.0, 0.0, 0.2933333218097687, 0.0, 0.0, 0.0, 0.03999999910593033, 0.0, 0.0, 0.0, 0.0, 0.0, 0.0, 0.0, 0.0, 0.0, 0.0, 0.0, 0.0, 0.0, 0.0, 0.0, 0.0, 0.0, 0.0, 0.0, 0.0, 0.0, 0.0, 0.0, 0.0, 0.0, 0.0, 0.0, 0.0, 0.0, 0.0, 0.0, 0.0, 0.0, 0.0, 0.0, 0.0, 0.0, 0.0, 0.0, 0.0, 0.0, 0.0, 0.0, 0.0, 0.0, 0.0, 0.0, 0.0, 0.0, 0.0, 0.0, 0.0, 0.0, 0.0, 0.0, 0.0, 0.0, 0.0, 0.0, 0.0, 0.0, 0.0, 0.0, 0.0, 0.0, 0.0, 0.0, 0.0, 0.0, 0.0, 0.0, 0.0, 0.0, 0.0, 0.0, 0.0, 0.0, 0.0, 0.0, 0.0, 0.0, 0.0, 0.0, 0.0, 0.0, 0.0, 0.0, 0.0, 0.0, 0.0, 0.0, 0.0, 0.0, 0.0, 0.0, 0.0, 0.0, 0.0, 0.0, 0.0, 0.0, 0.0, 0.0, 0.0, 0.0], "tonal.chords_histogram": [3.296703338623047, 18.269229888916016, 0.0, 0.0, 0.0, 21.9780216217041, 17.44505500793457, 7.55494499206543, 0.0, 0.0, 0.9615384340286255, 4.120879173278809, 10.851648330688477, 8.79120922088623, 0.0, 0.0, 0.0, 0.0, 6.593406677246094, 0.0, 0.13736264407634735, 0.0, 0.0, 0.0], "tonal.thpcp": [1.0, 0.4130011796951294, 0.23048606514930725, 0.18901365995407104, 0.20885160565376282, 0.638611912727356, 0.9053846001625061, 0.6739808917045593, 0.4185675084590912, 0.21745306253433228, 0.1549295336008072, 0.21810777485370636, 0.2365342080593109, 0.1650722771883011, 0.26636046171188354, 0.3100789487361908, 0.25539833307266235, 0.36420968174934387, 0.3853646516799927, 0.2605276107788086, 0.25057631731033325, 0.3082073926925659, 0.23212501406669617, 0.13026821613311768, 0.13799452781677246, 0.14715956151485443, 0.5061800479888916, 0.6244939565658569, 0.23399671912193298, 0.09925144910812378, 0.09627163410186768, 0.0915943905711174, 0.1023256778717041, 0.12628047168254852, 0.16679975390434265, 0.8108335137367249], "lowlevel.gfcc.cov": [[8594.6142578125, 1655.51171875, 1543.8470458984375, 1588.741455078125, 1420.8284912109375, 737.5974731445312, 691.3526611328125, 1281.1458740234375, 836.6123657226562, 498.0609436035156, 411.8818054199219, -431.395263671875, -143.18060302734375], [1655.51171875, 2597.039306640625, 934.9012451171875, 542.0995483398438, 1643.2633056640625, -298.71661376953125, 687.3772583007812, 516.9137573242188, 335.232177734375, 237.6177520751953, 233.15142822265625, -273.4820251464844, -30.344257354736328], [1543.8470458984375, 934.9012451171875, 1914.55810546875, 899.0695190429688, 1087.1468505859375, 413.91815185546875, 535.2974243164062, 464.1144714355469, 352.6909484863281, 269.9898376464844, 141.825927734375, 80.98484802246094, 19.35090446472168], [1588.741455078125, 542.0995483398438, 899.0695190429688, 982.6464233398438, 763.982421875, 262.6656188964844, 334.8251953125, 360.4298095703125, 277.0320129394531, 164.60775756835938, 174.13523864746094, 5.419475555419922, 33.28708267211914], [1420.8284912109375, 1643.2633056640625, 1087.1468505859375, 763.982421875, 1688.5999755859375, 96.37529754638672, 747.4182739257812, 673.8097534179688, 335.0267028808594, 361.54034423828125, 189.91122436523438, -112.98217010498047, -39.33075714111328], [737.5974731445312, -298.71661376953125, 413.91815185546875, 262.6656188964844, 96.37529754638672, 729.2098388671875, 283.48095703125, 280.0191345214844, 218.09457397460938, 114.3625259399414, 13.089762687683105, -32.89488983154297, -42.718017578125], [691.3526611328125, 687.3772583007812, 535.2974243164062, 334.8251953125, 747.4182739257812, 283.48095703125, 663.528076171875, 469.7277526855469, 303.5875549316406, 214.63414001464844, 79.5372314453125, -99.54232788085938, -44.42323684692383], [1281.1458740234375, 516.9137573242188, 464.1144714355469, 360.4298095703125, 673.8097534179688, 280.0191345214844, 469.7277526855469, 687.5932006835938, 359.73333740234375, 307.9610595703125, 57.41761779785156, -181.84780883789062, -101.40241241455078], [836.6123657226562, 335.232177734375, 352.6909484863281, 277.0320129394531, 335.0267028808594, 218.09457397460938, 303.5875549316406, 359.73333740234375, 397.3947448730469, 176.132568359375, 65.36261749267578, -111.0048828125, -25.650779724121094], [498.0609436035156, 237.6177520751953, 269.9898376464844, 164.60775756835938, 361.54034423828125, 114.3625259399414, 214.63414001464844, 307.9610595703125, 176.132568359375, 253.5493621826172, 66.31293487548828, -50.57984161376953, -49.21121597290039], [411.8818054199219, 233.15142822265625, 141.825927734375, 174.13523864746094, 189.91122436523438, 13.089762687683105, 79.5372314453125, 57.41761779785156, 65.36261749267578, 66.31293487548828, 174.77418518066406, 40.316410064697266, 63.11763000488281], [-431.395263671875, -273.4820251464844, 80.98484802246094, 5.419475555419922, -112.98217010498047, -32.89488983154297, -99.54232788085938, -181.84780883789062, -111.0048828125, -50.57984161376953, 40.316410064697266, 278.9406433105469, 121.90606689453125], [-143.18060302734375, -30.344257354736328, 19.35090446472168, 33.28708267211914, -39.33075714111328, -42.718017578125, -44.42323684692383, -101.40241241455078, -25.650779724121094, -49.21121597290039, 63.11763000488281, 121.90606689453125, 174.80572509765625]], "lowlevel.gfcc.icov": [[0.0002637432189658284, -0.0002528884797357023, -4.381050530355424e-06, -0.0003203311644028872, 0.00026111348415724933, -0.00022421160247176886, 0.000332008145051077, -0.0005461485125124454, 4.276519757695496e-05, 0.00013270894123706967, -0.00032576938974671066, 3.545567597029731e-05, 0.00014166666369419545], [-0.0002528884797357023, 0.002652022521942854, -0.0006717687356285751, 0.0012197294272482395, -0.002472346182912588, 0.0016608219593763351, -0.000785312382504344, 0.0010599035304039717, -0.0009564927313476801, 0.0015929942019283772, -0.0017027287976816297, 0.002271376084536314, -0.0003009196079801768], [-4.381050530355424e-06, -0.0006717687356285751, 0.001498901634477079, -0.0008928161114454269, -5.8919249568134546e-05, -0.0008494691574014723, 0.0002108189364662394, 0.00025842065224424005, -0.00025178250507451594, -0.0007927972474135458, 0.00118739134632051, -0.0014667916111648083, 0.0002005645219469443], [-0.0003203311644028872, 0.0012197294272482395, -0.0008928161114454269, 0.003326548496261239, -0.002037850208580494, 0.000279529340332374, 0.00034016446443274617, 0.00028166751144453883, -0.0011760173365473747, 0.0018238264601677656, -0.001859096228145063, 0.0005952076171524823, -0.0001285696926061064], [0.00026111348415724933, -0.002472346182912588, -5.8919249568134546e-05, -0.002037850208580494, 0.004973778035491705, -0.0002824614057317376, -0.0013403574703261256, -0.0018932276871055365, 0.0022220774553716183, -0.002416395116597414, 0.0009991094702854753, -0.0014225539052858949, 6.759106327081099e-05], [-0.00022421160247176886, 0.0016608219593763351, -0.0008494691574014723, 0.000279529340332374, -0.0002824614057317376, 0.0035280410666018724, -0.0018981267930939794, 5.808503556181677e-05, -0.0005632711690850556, 0.000809619203209877, -0.0007957082125358284, 0.0011751909041777253, 0.00010841622133739293], [0.000332008145051077, -0.000785312382504344, 0.0002108189364662394, 0.00034016446443274617, -0.0013403574703261256, -0.0018981267930939794, 0.005573177710175514, -0.0019149964209645987, -0.0014040807727724314, 0.0009812734788283706, -0.0003390245547052473, -0.0008434288902208209, 0.0003683406102936715], [-0.0005461485125124454, 0.0010599035304039717, 0.00025842065224424005, 0.00028166751144453883, -0.0018932276871055365, 5.808503556181677e-05, -0.0019149964209645987, 0.007863232865929604, -0.0020995012018829584, -0.004275360610336065, 0.0017506697913631797, 0.00204284000210464, -0.0002511077909730375], [4.276519757695496e-05, -0.0009564927313476801, -0.00025178250507451594, -0.0011760173365473747, 0.0022220774553716183, -0.0005632711690850556, -0.0014040807727724314, -0.0020995012018829584, 0.006882606074213982, -0.0021866061724722385, 4.659031765186228e-05, 0.0012023812159895897, -0.0015525592025369406], [0.00013270894123706967, 0.0015929942019283772, -0.0007927972474135458, 0.0018238264601677656, -0.002416395116597414, 0.000809619203209877, 0.0009812734788283706, -0.004275360610336065, -0.0021866061724722385, 0.012581939809024334, -0.004983382765203714, -0.0005033962079323828, 0.0029207738116383553], [-0.00032576938974671066, -0.0017027287976816297, 0.00118739134632051, -0.001859096228145063, 0.0009991094702854753, -0.0007957082125358284, -0.0003390245547052473, 0.0017506697913631797, 4.659031765186228e-05, -0.004983382765203714, 0.011855436488986015, -0.0022140659857541323, -0.0035128204617649317], [3.545567597029731e-05, 0.002271376084536314, -0.0014667916111648083, 0.0005952076171524823, -0.0014225539052858949, 0.0011751909041777253, -0.0008434288902208209, 0.00204284000210464, 0.0012023812159895897, -0.0005033962079323828, -0.0022140659857541323, 0.009494239464402199, -0.004376778844743967], [0.00014166666369419545, -0.0003009196079801768, 0.0002005645219469443, -0.0001285696926061064, 6.759106327081099e-05, 0.00010841622133739293, 0.0003683406102936715, -0.0002511077909730375, -0.0015525592025369406, 0.0029207738116383553, -0.0035128204617649317, -0.004376778844743967, 0.01069145929068327]], "lowlevel.mfcc.cov": [[8108.134765625, 655.86572265625, 762.3189086914062, 1014.5872192382812, 1122.0513916015625, 157.71810913085938, 612.388427734375, 554.62548828125, 622.0068969726562, 935.0127563476562, 836.9683227539062, 660.8172607421875, 236.39260864257812], [655.86572265625, 2775.541748046875, -189.99951171875, 1241.5089111328125, 774.329345703125, 29.33574676513672, 650.1776123046875, 166.9677276611328, 469.7129211425781, 371.9127197265625, 473.4932861328125, 301.49017333984375, 192.3311004638672], [762.3189086914062, -189.99951171875, 1176.876953125, 212.42062377929688, 374.22552490234375, 372.3039855957031, 137.7017059326172, 281.4771728515625, 180.62887573242188, 149.57931518554688, 147.718017578125, 104.9687271118164, 98.72933197021484], [1014.5872192382812, 1241.5089111328125, 212.42062377929688, 1360.4046630859375, 758.3828125, 161.61282348632812, 474.4630126953125, 237.55325317382812, 341.2279052734375, 267.3436279296875, 316.2124938964844, 242.99549865722656, 252.263916015625], [1122.0513916015625, 774.329345703125, 374.22552490234375, 758.3828125, 771.1046142578125, 211.9762725830078, 420.2666320800781, 240.13157653808594, 334.2347412109375, 319.9209899902344, 330.5716857910156, 251.6358642578125, 167.05458068847656], [157.71810913085938, 29.33574676513672, 372.3039855957031, 161.61282348632812, 211.9762725830078, 390.3061218261719, 210.18540954589844, 221.70046997070312, 145.9774932861328, 107.76850891113281, 125.3489761352539, 74.52603912353516, 80.46043395996094], [612.388427734375, 650.1776123046875, 137.7017059326172, 474.4630126953125, 420.2666320800781, 210.18540954589844, 544.9880981445312, 256.8937683105469, 329.6127624511719, 300.0869140625, 334.8724060058594, 208.51632690429688, 105.96644592285156], [554.62548828125, 166.9677276611328, 281.4771728515625, 237.55325317382812, 240.13157653808594, 221.70046997070312, 256.8937683105469, 333.1963806152344, 274.9009094238281, 234.74853515625, 226.89186096191406, 138.3238525390625, 97.96672058105469], [622.0068969726562, 469.7129211425781, 180.62887573242188, 341.2279052734375, 334.2347412109375, 145.9774932861328, 329.6127624511719, 274.9009094238281, 478.1399230957031, 401.5534973144531, 386.5911865234375, 200.20526123046875, 90.41184997558594], [935.0127563476562, 371.9127197265625, 149.57931518554688, 267.3436279296875, 319.9209899902344, 107.76850891113281, 300.0869140625, 234.74853515625, 401.5534973144531, 499.9381408691406, 444.388671875, 236.58839416503906, 43.08503723144531], [836.9683227539062, 473.4932861328125, 147.718017578125, 316.2124938964844, 330.5716857910156, 125.3489761352539, 334.8724060058594, 226.89186096191406, 386.5911865234375, 444.388671875, 516.6383666992188, 263.0176696777344, 65.27168273925781], [660.8172607421875, 301.49017333984375, 104.9687271118164, 242.99549865722656, 251.6358642578125, 74.52603912353516, 208.51632690429688, 138.3238525390625, 200.20526123046875, 236.58839416503906, 263.0176696777344, 235.576904296875, 83.50206756591797], [236.39260864257812, 192.3311004638672, 98.72933197021484, 252.263916015625, 167.05458068847656, 80.46043395996094, 105.96644592285156, 97.96672058105469, 90.41184997558594, 43.08503723144531, 65.27168273925781, 83.50206756591797, 169.0933074951172]], "lowlevel.mfcc.icov": [[0.00020073584164492786, 4.07423431170173e-05, -6.0007023421349004e-05, -3.722259862115607e-05, -0.00018978472508024424, 0.00023103055718820542, 2.7987276553176343e-05, -0.0002318416372872889, 0.0003054336993955076, -0.0003715240163728595, 3.827823820756748e-05, -0.00023493838671129197, -9.461180525249802e-06], [4.07423431170173e-05, 0.0008256322471424937, 0.00022695312509313226, -0.0005043061682954431, -0.0002852983889169991, 0.00025031305267475545, -0.00046062603360041976, 0.000354798452463001, -0.0004267980984877795, 0.00039470402407459915, -0.00033131500822491944, -4.2502404539845884e-05, 0.00014615738473366946], [-6.0007023421349004e-05, 0.00022695312509313226, 0.001620106166228652, 7.278470002347603e-05, -0.0009784180438145995, -0.0010919456835836172, 0.000754896376747638, -0.0006941671017557383, -0.00016164901899173856, 0.0004280306166037917, -0.00024788989685475826, 0.00012502151366788894, 0.00019785082258749753], [-3.722259862115607e-05, -0.0005043061682954431, 7.278470002347603e-05, 0.0023168143816292286, -0.0016143911052495241, 0.00028785387985408306, -0.00020254694391041994, -0.0002724176156334579, 0.000104170547274407, 0.0003098606248386204, -0.00018034254026133567, 0.0006371543277055025, -0.001510178903117776], [-0.00018978472508024424, -0.0002852983889169991, -0.0009784180438145995, -0.0016143911052495241, 0.005141966976225376, -0.0006709345034323633, -0.0012217883486300707, 0.0012840564595535398, -0.0004569112497847527, -0.0011102667776867747, 0.001036983449012041, -0.0015018531121313572, -0.0003008799976669252], [0.00023103055718820542, 0.00025031305267475545, -0.0010919456835836172, 0.00028785387985408306, -0.0006709345034323633, 0.005906145088374615, -0.0015686092665418983, -0.0028479171451181173, 0.0009871781803667545, 0.00046652511809952557, -0.0006763434503227472, 0.000829086871817708, -0.0007091320585459471], [2.7987276553176343e-05, -0.00046062603360041976, 0.000754896376747638, -0.00020254694391041994, -0.0012217883486300707, -0.0015686092665418983, 0.005631593056023121, -0.0017059780657291412, -0.0006793802604079247, 0.0005890770116820931, -0.001123089692555368, -0.0008511911728419363, 0.0008258924935944378], [-0.0002318416372872889, 0.000354798452463001, -0.0006941671017557383, -0.0002724176156334579, 0.0012840564595535398, -0.0028479171451181173, -0.0017059780657291412, 0.010037518106400967, -0.003739715088158846, -0.0009094077977351844, 0.0010435556760057807, -0.0004816960426978767, -0.0018611152190715075], [0.0003054336993955076, -0.0004267980984877795, -0.00016164901899173856, 0.000104170547274407, -0.0004569112497847527, 0.0009871781803667545, -0.0006793802604079247, -0.003739715088158846, 0.0102898133918643, -0.005604581441730261, -0.00165926746558398, 0.0020228982903063297, -0.0018607223173603415], [-0.0003715240163728595, 0.00039470402407459915, 0.0004280306166037917, 0.0003098606248386204, -0.0011102667776867747, 0.00046652511809952557, 0.0005890770116820931, -0.0009094077977351844, -0.005604581441730261, 0.013609451241791248, -0.006503640674054623, -0.0017303366912528872, 0.0032848170958459377], [3.827823820756748e-05, -0.00033131500822491944, -0.00024788989685475826, -0.00018034254026133567, 0.001036983449012041, -0.0006763434503227472, -0.001123089692555368, 0.0010435556760057807, -0.00165926746558398, -0.006503640674054623, 0.011372880078852177, -0.004907311871647835, 0.0007112892344594002], [-0.00023493838671129197, -4.2502404539845884e-05, 0.00012502151366788894, 0.0006371543277055025, -0.0015018531121313572, 0.000829086871817708, -0.0008511911728419363, -0.0004816960426978767, 0.0020228982903063297, -0.0017303366912528872, -0.004907311871647835, 0.013615145348012447, -0.0042149401269853115], [-9.461180525249802e-06, 0.00014615738473366946, 0.00019785082258749753, -0.001510178903117776, -0.0003008799976669252, -0.0007091320585459471, 0.0008258924935944378, -0.0018611152190715075, -0.0018607223173603415, 0.0032848170958459377, 0.0007112892344594002, -0.0042149401269853115, 0.011058514937758446]], "metadata.audio_properties.analysis.downmix": "mix", "metadata.audio_properties.codec": "mp3", "metadata.audio_properties.md5_encoded": "316e6bc7130a4b2c24d8fc41eecfa23a", "metadata.tags.file_name": "1183713373490249761.mp3", "metadata.version.essentia": "2.1-beta6-dev", "metadata.version.essentia_git_sha": "v2.1_beta5-1110-g77a6a954", "metadata.version.extractor": "music 2.0", "tonal.chords_key": "Eb", "tonal.chords_scale": "mi