{"song_id": "1183703073818939512", "download": "https://cdn.discordapp.com/attachments/1135903449314238464/1183703073818939512/chirp.mp4?ex=65894c64&amp", "lyrics": "Haniyeh, Haniyeh, the hypocrite's role,\nI'm playing the villain, taking a toll.\nWhile Gaza's children suffer, it's true,\nI'm sipping champagne, living like a shrewd.\n\n(Outro)\nRemember me, Ismail Haniyeh, the name,\nIn this rap, I'm exposed to my shame.\nI may bask in wealth, but it's all a lie,\nWhile Gaza's youth suffer, I can't deny.\n\nAnd I don't care lol", "style": ["hip hop</span><span>, middle eastern</span><span>, rap"], "essentia_features": {"lowlevel.average_loudness": 0.974638044834137, "lowlevel.barkbands_crest.mean": 13.013608932495117, "lowlevel.barkbands_crest.stdev": 6.142772197723389, "lowlevel.barkbands_flatness_db.mean": 0.20072415471076965, "lowlevel.barkbands_flatness_db.stdev": 0.08590279519557953, "lowlevel.barkbands_kurtosis.mean": 32.16365051269531, "lowlevel.barkbands_kurtosis.stdev": 125.66844177246094, "lowlevel.barkbands_skewness.mean": 3.269618272781372, "lowlevel.barkbands_skewness.stdev": 3.902087926864624, "lowlevel.barkbands_spread.mean": 21.46782112121582, "lowlevel.barkbands_spread.stdev": 19.34446144104004, "lowlevel.dissonance.mean": 0.47308894991874695, "lowlevel.dissonance.stdev": 0.024819614365696907, "lowlevel.dynamic_complexity": 3.273120164871216, "lowlevel.erbbands_crest.mean": 10.336029052734375, "lowlevel.erbbands_crest.stdev": 4.344791412353516, "lowlevel.erbbands_flatness_db.mean": 0.17541243135929108, "lowlevel.erbbands_flatness_db.stdev": 0.038859885185956955, "lowlevel.erbbands_kurtosis.mean": 1.10079026222229, "lowlevel.erbbands_kurtosis.stdev": 4.922360420227051, "lowlevel.erbbands_skewness.mean": 0.028857171535491943, "lowlevel.erbbands_skewness.stdev": 1.296512484550476, "lowlevel.erbbands_spread.mean": 50.915130615234375, "lowlevel.erbbands_spread.stdev": 25.861900329589844, "lowlevel.hfc.mean": 11.935066223144531, "lowlevel.hfc.stdev": 14.34872055053711, "lowlevel.loudness_ebu128.integrated": -16.11765480041504, "lowlevel.loudness_ebu128.loudness_range": 1.2080192565917969, "lowlevel.loudness_ebu128.momentary.mean": -16.749759674072266, "lowlevel.loudness_ebu128.momentary.stdev": 2.519400119781494, "lowlevel.loudness_ebu128.short_term.mean": -16.133033752441406, "lowlevel.loudness_ebu128.short_term.stdev": 0.4284505844116211, "lowlevel.melbands_crest.mean": 18.33367919921875, "lowlevel.melbands_crest.stdev": 6.886852741241455, "lowlevel.melbands_flatness_db.mean": 0.29179126024246216, "lowlevel.melbands_flatness_db.stdev": 0.10679355263710022, "lowlevel.melbands_kurtosis.mean": 67.1469955444336, "lowlevel.melbands_kurtosis.stdev": 127.31645202636719, "lowlevel.melbands_skewness.mean": 5.179574966430664, "lowlevel.melbands_skewness.stdev": 4.1098103523254395, "lowlevel.melbands_spread.mean": 21.535642623901367, "lowlevel.melbands_spread.stdev": 29.045297622680664, "lowlevel.pitch_salience.mean": 0.44707682728767395, "lowlevel.pitch_salience.stdev": 0.17010797560214996, "lowlevel.silence_rate_20dB.mean": 1.0, "lowlevel.silence_rate_20dB.stdev": 0.0, "lowlevel.silence_rate_30dB.mean": 0.9039385318756104, "lowlevel.silence_rate_30dB.stdev": 0.29467737674713135, "lowlevel.silence_rate_60dB.mean": 0.04995197057723999, "lowlevel.silence_rate_60dB.stdev": 0.21784503757953644, "lowlevel.spectral_centroid.mean": 1380.3570556640625, "lowlevel.spectral_centroid.stdev": 920.0493774414062, "lowlevel.spectral_complexity.mean": 10.376561164855957, "lowlevel.spectral_complexity.stdev": 10.068469047546387, "lowlevel.spectral_decrease.mean": -8.122359673734536e-09, "lowlevel.spectral_decrease.stdev": 1.3573282053869207e-08, "lowlevel.spectral_energy.mean": 0.03173816576600075, "lowlevel.spectral_energy.stdev": 0.051834069192409515, "lowlevel.spectral_energyband_high.mean": 0.0005577250267378986, "lowlevel.spectral_energyband_high.stdev": 0.001326225814409554, "lowlevel.spectral_energyband_low.mean": 0.023910200223326683, "lowlevel.spectral_energyband_low.stdev": 0.05040980502963066, "lowlevel.spectral_energyband_middle_high.mean": 0.0022752920631319284, "lowlevel.spectral_energyband_middle_high.stdev": 0.003428936004638672, "lowlevel.spectral_energyband_middle_low.mean": 0.00654337415471673, "lowlevel.spectral_energyband_middle_low.stdev": 0.012486875057220459, "lowlevel.spectral_entropy.mean": 7.233241558074951, "lowlevel.spectral_entropy.stdev": 0.5203736424446106, "lowlevel.spectral_flux.mean": 0.08805527538061142, "lowlevel.spectral_flux.stdev": 0.09071812033653259, "lowlevel.spectral_kurtosis.mean": 5.747067451477051, "lowlevel.spectral_kurtosis.stdev": 3.939012050628662, "lowlevel.spectral_rms.mean": 0.004481932148337364, "lowlevel.spectral_rms.stdev": 0.003297927090898156, "lowlevel.spectral_rolloff.mean": 1380.689453125, "lowlevel.spectral_rolloff.stdev": 1862.9749755859375, "lowlevel.spectral_skewness.mean": 1.5727237462997437, "lowlevel.spectral_skewness.stdev": 0.6155031323432922, "lowlevel.spectral_spread.mean": 4235248.5, "lowlevel.spectral_spread.stdev": 1612457.0, "lowlevel.spectral_strongpeak.mean": 0.5450882911682129, "lowlevel.spectral_strongpeak.stdev": 0.5683091878890991, "lowlevel.zerocrossingrate.mean": 0.05419781059026718, "lowlevel.zerocrossingrate.stdev": 0.0474056676030159, "metadata.audio_properties.analysis.equal_loudness": 0.0, "metadata.audio_properties.analysis.length": 24.148277282714844, "metadata.audio_properties.analysis.sample_rate": 44100.0, "metadata.audio_properties.analysis.start_time": 0.0, "metadata.audio_properties.bit_rate": 118968.0, "metadata.audio_properties.length": 24.149333953857422, "metadata.audio_properties.lossless": 0.0, "metadata.audio_properties.number_channels": 1.0, "metadata.audio_properties.replay_gain": -11.612281799316406, "metadata.audio_properties.sample_rate": 48000.0, "rhythm.beats_count": 39.0, "rhythm.beats_loudness.mean": 0.05826600268483162, "rhythm.beats_loudness.stdev": 0.06428270041942596, "rhythm.bpm": 97.41956329345703, "rhythm.bpm_histogram_first_peak_bpm": 98.0, "rhythm.bpm_histogram_first_peak_weight": 0.2571428418159485, "rhythm.bpm_histogram_second_peak_bpm": 103.0, "rhythm.bpm_histogram_second_peak_spread": 0.3333333134651184, "rhythm.bpm_histogram_second_peak_weight": 0.05263157933950424, "rhythm.danceability": 2.2341268062591553, "rhythm.onset_rate": 4.966813087463379, "tonal.chords_changes_rate": 0.0767754316329956, "tonal.chords_number_rate": 0.015355085954070091, "tonal.chords_strength.mean": 0.5330683588981628, "tonal.chords_strength.stdev": 0.09913372248411179, "tonal.hpcp_crest.mean": 10.506612777709961, "tonal.hpcp_crest.stdev": 4.704218864440918, "tonal.hpcp_entropy.mean": 2.464897871017456, "tonal.hpcp_entropy.stdev": 0.6601353883743286, "tonal.key_edma.strength": 0.7036144137382507, "tonal.key_krumhansl.strength": 0.7081107497215271, "tonal.key_temperley.strength": 0.7091696262359619, "tonal.tuning_diatonic_strength": 0.5799887776374817, "tonal.tuning_equal_tempered_deviation": 0.17704832553863525, "tonal.tuning_frequency": 437.9714660644531, "tonal.tuning_nontempered_energy_ratio": 0.8260425925254822, "lowlevel.barkbands.mean": [0.000337854988174513, 0.014795965515077114, 0.007247332949191332, 0.0025109814014285803, 0.0024322974495589733, 0.0001593946508364752, 0.0008279308094643056, 0.00018416790408082306, 0.00039078472764231265, 0.00024314066104125232, 0.0003817392571363598, 0.0002527651668060571, 0.0002124673337675631, 0.00010565558477537706, 0.0001266610051970929, 0.00016935961320996284, 0.00017481598479207605, 0.00019872476696036756, 0.0002310870768269524, 0.00023164584126789123, 4.237589018885046e-05, 9.589757246430963e-05, 0.0002759995695669204, 8.615068509243429e-05, 8.976836397778243e-06, 1.3297774785314687e-05, 7.333455300795322e-07], "lowlevel.barkbands.stdev": [0.0006611136486753821, 0.03610634431242943, 0.02673133835196495, 0.006885715294629335, 0.007040123455226421, 0.0006409916095435619, 0.0017586916219443083, 0.0005791264702565968, 0.0009061221498996019, 0.0006873104139231145, 0.0010890965349972248, 0.0006203048978932202, 0.00047472905134782195, 0.00027015278465114534, 0.000321519240969792, 0.00037710840115323663, 0.00036937964614480734, 0.0003226817352697253, 0.0003994909639004618, 0.0004057861806359142, 0.00014004016702529043, 0.00029859389178454876, 0.0008078013779595494, 0.0002123557060258463, 1.744487599353306e-05, 2.920337465184275e-05, 2.7281823804514715e-06], "lowlevel.erbbands.mean": [0.3990628719329834, 3.40548038482666, 7.965800762176514, 9.515426635742188, 9.900790214538574, 6.776644229888916, 1.4372448921203613, 1.7100410461425781, 7.155647277832031, 13.289016723632812, 3.641986846923828, 8.704716682434082, 6.882543087005615, 16.228166580200195, 10.427490234375, 10.201251983642578, 9.679821014404297, 6.4490814208984375, 6.175402641296387, 7.670616626739502, 10.056965827941895, 10.438578605651855, 10.514267921447754, 9.986268043518066, 16.230653762817383, 9.246687889099121, 2.1508054733276367, 1.8122808933258057, 3.1015331745147705, 5.78071403503418, 8.118842124938965, 3.7445709705352783, 0.5417230725288391, 0.10186074674129486, 0.06887317448854446, 0.05977165326476097, 0.025287063792347908, 0.0035678111016750336, 0.00010273283260175958, 3.9169666706584394e-05], "lowlevel.erbbands.stdev": [0.8662614822387695, 9.083208084106445, 26.566646575927734, 29.489959716796875, 26.997821807861328, 16.485801696777344, 3.7935950756073, 6.621770858764648, 17.758502960205078, 28.829914093017578, 8.562338829040527, 20.245281219482422, 15.874731063842773, 45.359798431396484, 23.06281852722168, 25.57671356201172, 21.034852981567383, 14.611042022705078, 15.198887825012207, 18.893871307373047, 21.243778228759766, 22.019235610961914, 17.26119041442871, 17.548219680786133, 24.82551383972168, 17.079559326171875, 6.819180011749268, 5.98096227645874, 9.68114185333252, 17.282812118530273, 24.27985191345215, 9.62053394317627, 1.134905219078064, 0.22507888078689575, 0.1265990436077118, 0.11718454957008362, 0.06213333085179329, 0.010603164322674274, 0.0002767240221146494, 5.7307439419673756e-05], "lowlevel.gfcc.mean": [-67.9637222290039, 90.39933776855469, -98.51349639892578, 46.20583724975586, -37.3447151184082, 18.298463821411133, -36.63138198852539, 18.66156768798828, -25.786273956298828, -18.50027847290039, -5.085057735443115, -5.063510417938232, -31.446910858154297], "lowlevel.melbands.mean": [0.0038967321161180735, 0.00426751421764493, 0.0016510998830199242, 0.0006362735293805599, 7.678679685341194e-05, 3.6530713259708136e-05, 0.000130539367091842, 0.00012436746328603476, 2.8398648282745853e-05, 5.7626508350949734e-05, 3.2501087844138965e-05, 6.313007907010615e-05, 4.190841718809679e-05, 2.7695343305822462e-05, 2.1834233848494478e-05, 2.2425396309699863e-05, 1.02663689176552e-05, 9.895452421915252e-06, 9.574002433510032e-06, 1.0879409273911733e-05, 1.1638450814643875e-05, 1.1045674000342842e-05, 8.893563972378615e-06, 9.805024092202075e-06, 7.662713869649451e-06, 8.810549843474291e-06, 1.4667573850601912e-05, 3.9022356759232935e-06, 1.283976075683313e-06, 9.344905720354291e-07, 1.1024820878446917e-06, 1.6510660998392268e-06, 2.0606692032743013e-06, 3.7705690374423284e-06, 4.9841924010252114e-06, 3.7790262013004394e-06, 1.7448031712774537e-06, 3.983977023835905e-07, 7.8958045435229e-08, 7.54958762172464e-08], "lowlevel.melbands.stdev": [0.008968724869191647, 0.01149800606071949, 0.004457610193639994, 0.0017622477607801557, 0.00017572536307852715, 0.00014333429862745106, 0.0003016297414433211, 0.0002747043618001044, 7.777686550980434e-05, 0.00013233973004389554, 7.939898932818323e-05, 0.0001775986747816205, 0.00010418990132166073, 6.801788549637422e-05, 5.3008570830570534e-05, 5.0874295993708074e-05, 2.5384679247508757e-05, 2.484375909261871e-05, 2.4985029085655697e-05, 2.6514648197917268e-05, 2.4293400201713666e-05, 2.442623554088641e-05, 1.673921724432148e-05, 1.6199739548028447e-05, 1.4511989320453722e-05, 1.5370504115708172e-05, 2.2600115698878653e-05, 9.09302707441384e-06, 4.675829586631153e-06, 3.1431509341928177e-06, 3.9661681512370706e-06, 5.425565177574754e-06, 6.677259534626501e-06, 1.1764449482143391e-05, 1.590023748576641e-05, 1.021953812596621e-05, 4.428305601322791e-06, 8.442830221611075e-07, 2.251665591757046e-07, 1.7870220858640096e-07], "lowlevel.melbands128.mean": [0.0003238630306441337, 0.0027676925528794527, 0.005699302535504103, 0.005550379399210215, 0.0042931451462209225, 0.003509349888190627, 0.0020178365521132946, 0.0010892616119235754, 0.0010348208015784621, 0.0007557456847280264, 0.00030609918758273125, 9.054855036083609e-05, 2.972868060169276e-05, 2.6718133085523732e-05, 3.492601899779402e-05, 3.763471249840222e-05, 6.262918032007292e-05, 0.00013883618521504104, 0.00022924266522750258, 0.00017884843691717833, 5.222351319389418e-05, 1.802693077479489e-05, 1.9698245523613878e-05, 4.359209196991287e-05, 5.984304880257696e-05, 6.750624015694484e-05, 4.981592792319134e-05, 2.0193989257677458e-05, 2.4872586436686106e-05, 4.2311890865676105e-05, 9.294076880905777e-05, 7.621810800628737e-05, 3.07800764858257e-05, 2.3720522221992724e-05, 2.8090209525544196e-05, 2.7229443730902858e-05, 3.059907248825766e-05, 2.235091960756108e-05, 1.446978421881795e-05, 2.2847982108942233e-05, 2.840250999724958e-05, 1.59660485223867e-05, 7.8302819019882e-06, 8.17309228295926e-06, 1.1187465133843943e-05, 1.0149498848477378e-05, 8.763006007939111e-06, 8.188208994397428e-06, 1.107154821511358e-05, 1.0712462426454294e-05, 9.01755083759781e-06, 1.3289465641719289e-05, 1.3644159480463713e-05, 9.21534956432879e-06, 1.0800900781759992e-05, 1.2527002581919078e-05, 1.046593752107583e-05, 8.102852916636039e-06, 8.424774932791479e-06, 9.639610652811825e-06, 1.0912896868831012e-05, 8.96216897672275e-06, 8.743623766349629e-06, 7.285333140316652e-06, 5.812883955513826e-06, 6.427123480534647e-06, 1.198676909552887e-05, 1.6425527064711787e-05, 1.7664864571997896e-05, 9.15413420443656e-06, 2.7929736461373977e-06, 1.8072591956297401e-06, 1.4428214853978716e-06, 1.187434691019007e-06, 1.0808543038365315e-06, 1.0364506124460604e-06, 8.029224431993498e-07, 7.881824330979725e-07, 1.147935677181522e-06, 1.3388379329626332e-06, 1.6941414742177585e-06, 1.7051265785994474e-06, 1.7917450350068975e-06, 1.9249382603447884e-06, 2.3660968508920632e-06, 3.1443814805243164e-06, 4.325854661146877e-06, 5.020059234084329e-06, 4.987057309335796e-06, 5.167689778318163e-06, 4.371459908725228e-06, 3.6030794490216067e-06, 2.3713043901807396e-06, 1.8903665477409959e-06, 1.2810387488570996e-06, 5.359533474802447e-07, 2.2939025257073808e-07, 1.0536320615983641e-07, 6.519631057244624e-08, 7.242114463679172e-08, 8.053704192434452e-08, 7.733445528401717e-08, 6.786365958078022e-08, 6.064011159878646e-08, 6.699985277691667e-08, 8.573866239203198e-08, 1.0610529699306426e-07, 8.465949008495954e-08, 1.0253376103719347e-07, 1.282757011722424e-07, 1.1023116286423829e-07, 9.115130694681284e-08, 9.043683490972398e-08, 5.94356563965448e-08, 4.1645357384823e-08, 3.77294711029208e-08, 2.594354242546615e-08, 5.370610178800916e-09, 6.789242501525905e-10, 5.246511558532063e-12, 4.8614467486329804e-12, 4.69086748611236e-12, 4.573732451801371e-12, 4.491551228169577e-12, 4.396824484359518e-12, 4.2835678580599446e-12, 4.2151343179752665e-12, 4.18742080940393e-12], "lowlevel.melbands128.stdev": [0.0006506688077934086, 0.006122216582298279, 0.014747561886906624, 0.01650416851043701, 0.014366324990987778, 0.012797168456017971, 0.006853245198726654, 0.002582905348390341, 0.0033042754512280226, 0.0023883862886577845, 0.0006909645744599402, 0.00021010097407270223, 0.00010920564091065899, 0.0001184259817819111, 0.0001612489140825346, 0.00016557307390030473, 0.00021034013479948044, 0.00039014211506582797, 0.0005138620617799461, 0.0004380597674753517, 0.00019552395679056644, 6.14273376413621e-05, 7.211144111352041e-05, 0.00015808033640496433, 0.0001821205805754289, 0.0001934503234224394, 0.0001783955522114411, 6.17947953287512e-05, 7.789390656398609e-05, 0.00015522263129241765, 0.00029980132239870727, 0.0002649041125550866, 8.15578387118876e-05, 7.661170093342662e-05, 8.130800415528938e-05, 8.470311877317727e-05, 0.00010703744919737801, 6.750275497324765e-05, 4.2371844756416976e-05, 6.414490781025961e-05, 7.418549648718908e-05, 4.74451226182282e-05, 2.5084922526730224e-05, 2.5981829821830615e-05, 3.265889608883299e-05, 2.7984495318378322e-05, 3.0053384762140922e-05, 2.611260424600914e-05, 3.313675551908091e-05, 3.408293196116574e-05, 2.5988350898842327e-05, 4.1799972677836195e-05, 3.2922289392445236e-05, 2.1020292479079217e-05, 2.568292256910354e-05, 3.066154386033304e-05, 3.066187855438329e-05, 1.7527576346765272e-05, 1.7612786905374378e-05, 1.9074028386967257e-05, 2.0717920051538385e-05, 1.8003041986958124e-05, 1.6304009477607906e-05, 1.6789983419585042e-05, 1.4043498595128767e-05, 1.3667771781911142e-05, 2.277580279042013e-05, 2.7846523153129965e-05, 3.099198147538118e-05, 1.9680293917190284e-05, 8.347309631062672e-06, 7.623573310411302e-06, 5.565100764215458e-06, 4.826319582207361e-06, 3.82989219360752e-06, 3.595097496145172e-06, 3.0591399990953505e-06, 2.760195229711826e-06, 4.748701485368656e-06, 5.400387635745574e-06, 6.189988198457286e-06, 5.807846264360705e-06, 6.321175987977767e-06, 7.2979200922418386e-06, 8.131126378430054e-06, 9.856261385721155e-06, 1.4828358871454839e-05, 1.746984889905434e-05, 1.8280728909303434e-05, 1.7156253306893632e-05, 1.2573789717862383e-05, 9.876002877717838e-06, 6.831197879364481e-06, 5.482400865730597e-06, 2.723732450249372e-06, 1.3201984074839856e-06, 6.167189212646917e-07, 3.501284595586185e-07, 2.425591958399309e-07, 2.232187057416013e-07, 2.0241481024640962e-07, 2.1281888962221274e-07, 1.8095394693773414e-07, 1.554909374590352e-07, 1.4686951033127116e-07, 1.6586493245540623e-07, 2.1310644626737485e-07, 1.802654310267826e-07, 2.1686349782612524e-07, 2.909722809363302e-07, 2.807459225095954e-07, 2.249426671596666e-07, 2.550041813265125e-07, 2.0270573486413923e-07, 1.4076050547373598e-07, 1.1688909751228493e-07, 9.266235423410762e-08, 3.2277249317758105e-08, 6.8256982288517065e-09, 1.1883482912977694e-11, 1.0304839447028424e-11, 9.740544308634025e-12, 9.522870339506717e-12, 9.357793186171026e-12, 9.219078625499755e-12, 9.108351226028155e-12, 9.028072560368638e-12, 8.978492428701745e-12], "lowlevel.mfcc.mean": [-725.7932739257812, 129.16864013671875, 4.411770820617676, 31.215755462646484, 29.672069549560547, 1.0376906394958496, 5.755400657653809, 39.384029388427734, -32.0622673034668, 25.120765686035156, -10.467744827270508, -1.9636248350143433, 6.469611644744873], "lowlevel.spectral_contrast_coeffs.mean": [-0.6469572186470032, -0.7737876176834106, -0.8064820170402527, -0.8032280802726746, -0.7032397389411926, -0.7214783430099487], "lowlevel.spectral_contrast_coeffs.stdev": [0.07516384869813919, 0.08194217830896378, 0.06137581914663315, 0.0522824302315712, 0.07299035042524338, 0.06634820252656937], "lowlevel.spectral_contrast_valleys.mean": [-7.327828884124756, -7.731567859649658, -8.001373291015625, -8.357006072998047, -8.723176002502441, -11.881674766540527], "lowlevel.spectral_contrast_valleys.stdev": [0.7139688730239868, 0.8071592450141907, 0.8578965663909912, 0.7859308123588562, 1.019919753074646, 1.2531362771987915], "rhythm.beats_loudness_band_ratio.mean": [0.5082857608795166, 0.20858195424079895, 0.11620285362005234, 0.11472104489803314, 0.10141491889953613, 0.07995521277189255], "rhythm.beats_loudness_band_ratio.stdev": [0.28545352816581726, 0.18947775661945343, 0.1562066674232483, 0.1600676327943802, 0.0921042412519455, 0.049785152077674866], "tonal.hpcp.mean": [0.08963429182767868, 0.09777823090553284, 0.10218054056167603, 0.12330806255340576, 0.13326986134052277, 0.15146571397781372, 0.33830755949020386, 0.3018379509449005, 0.07999859750270844, 0.04644934460520744, 0.0374603308737278, 0.062959685921669, 0.20720911026000977, 0.19140473008155823, 0.039353448897600174, 0.028454245999455452, 0.03593314066529274, 0.036634575575590134, 0.035382479429244995, 0.03605261445045471, 0.12384039163589478, 0.2550030052661896, 0.2027953714132309, 0.08472660183906555, 0.05353298783302307, 0.051505912095308304, 0.09911002218723297, 0.18726228177547455, 0.15360292792320251, 0.05169939994812012, 0.041417744010686874, 0.10789494961500168, 0.1585882008075714, 0.11943718791007996, 0.07366057485342026, 0.07140343636274338], "tonal.hpcp.stdev": [0.2151787430047989, 0.22833187878131866, 0.21343201398849487, 0.2399941384792328, 0.2630634903907776, 0.24303242564201355, 0.41511261463165283, 0.3806053102016449, 0.1810207962989807, 0.15550586581230164, 0.11545319110155106, 0.14303457736968994, 0.33757904171943665, 0.32292473316192627, 0.11078311502933502, 0.10076306015253067, 0.11581593751907349, 0.10711196810007095, 0.10078532993793488, 0.099836565554142, 0.18477512896060944, 0.33273887634277344, 0.27360185980796814, 0.1684204488992691, 0.12477517127990723, 0.10418474674224854, 0.17755161225795746, 0.30350956320762634, 0.26639798283576965, 0.12221364676952362, 0.10844189673662186, 0.24771618843078613, 0.3153132200241089, 0.24817954003810883, 0.1854073405265808, 0.1726956069469452], "rhythm.beats_position": [0.5688889026641846, 1.1493877172470093, 1.729886531829834, 2.2987754344940186, 2.902494192123413, 3.5062131881713867, 4.121541976928711, 4.736870765686035, 5.352199554443359, 5.967528343200684, 6.5944671630859375, 7.221405982971191, 7.836734771728516, 8.45206356048584, 9.067392349243164, 9.682721138000488, 10.309659957885742, 10.913378715515137, 11.517097473144531, 12.144036293029785, 12.770975112915039, 13.374693870544434, 13.990022659301758, 14.605351448059082, 15.220680236816406, 15.83600902557373, 16.462947845458984, 17.089885711669922, 17.705215454101562, 18.32054328918457, 18.93587303161621, 19.55120086669922, 20.17814064025879, 20.781858444213867, 21.397188186645508, 22.012516021728516, 22.639455795288086, 23.243173599243164, 23.858503341674805], "rhythm.bpm_histogram": [0.0, 0.0, 0.0, 0.0, 0.0, 0.0, 0.0, 0.0, 0.0, 0.0, 0.0, 0.0, 0.0, 0.0, 0.0, 0.0, 0.0, 0.0, 0.0, 0.0, 0.0, 0.0, 0.0, 0.0, 0.0, 0.0, 0.0, 0.0, 0.0, 0.0, 0.0, 0.0, 0.0, 0.0, 0.0, 0.0, 0.0, 0.0, 0.0, 0.0, 0.0, 0.0, 0.0, 0.0, 0.0, 0.0, 0.0, 0.0, 0.0, 0.0, 0.0, 0.0, 0.0, 0.0, 0.0, 0.0, 0.0, 0.0, 0.0, 0.0, 0.0, 0.0, 0.0, 0.0, 0.0, 0.0, 0.0, 0.0, 0.0, 0.0, 0.0, 0.0, 0.0, 0.0, 0.0, 0.0, 0.0, 0.0, 0.0, 0.0, 0.0, 0.0, 0.0, 0.0, 0.0, 0.0, 0.0, 0.0, 0.0, 0.0, 0.0, 0.0, 0.0, 0.0, 0.0, 0.0, 0.2368421107530594, 0.0, 0.5, 0.18421052396297455, 0.0, 0.0, 0.0, 0.05263157933950424, 0.0, 0.02631578966975212, 0.0, 0.0, 0.0, 0.0, 0.0, 0.0, 0.0, 0.0, 0.0, 0.0, 0.0, 0.0, 0.0, 0.0, 0.0, 0.0, 0.0, 0.0, 0.0, 0.0, 0.0, 0.0, 0.0, 0.0, 0.0, 0.0, 0.0, 0.0, 0.0, 0.0, 0.0, 0.0, 0.0, 0.0, 0.0, 0.0, 0.0, 0.0, 0.0, 0.0, 0.0, 0.0, 0.0, 0.0, 0.0, 0.0, 0.0, 0.0, 0.0, 0.0, 0.0, 0.0, 0.0, 0.0, 0.0, 0.0, 0.0, 0.0, 0.0, 0.0, 0.0, 0.0, 0.0, 0.0, 0.0, 0.0, 0.0, 0.0, 0.0, 0.0, 0.0, 0.0, 0.0, 0.0, 0.0, 0.0, 0.0, 0.0, 0.0, 0.0, 0.0, 0.0, 0.0, 0.0, 0.0, 0.0, 0.0, 0.0, 0.0, 0.0, 0.0, 0.0, 0.0, 0.0, 0.0, 0.0, 0.0, 0.0, 0.0, 0.0, 0.0, 0.0, 0.0, 0.0, 0.0, 0.0, 0.0, 0.0, 0.0, 0.0, 0.0, 0.0, 0.0, 0.0, 0.0, 0.0, 0.0, 0.0, 0.0, 0.0, 0.0, 0.0, 0.0, 0.0, 0.0, 0.0, 0.0, 0.0, 0.0, 0.0, 0.0, 0.0, 0.0, 0.0, 0.0, 0.0, 0.0, 0.0, 0.0, 0.0, 0.0, 0.0, 0.0, 0.0], "tonal.chords_histogram": [41.07485580444336, 0.0, 4.030710220336914, 0.0, 26.103647232055664, 2.1113243103027344, 0.0, 0.0, 0.0, 0.0, 0.0, 0.0, 0.9596928954124451, 0.0, 0.0, 0.0, 0.0, 10.556621551513672, 0.0, 2.495201587677002, 0.0, 8.061420440673828, 4.414587497711182, 0.191938579082489], "tonal.thpcp": [1.0, 0.8921998143196106, 0.23646706342697144, 0.13729916512966156, 0.11072862148284912, 0.18610191345214844, 0.6124873757362366, 0.5657713413238525, 0.11632447689771652, 0.08410762995481491, 0.10621441900730133, 0.10828778147697449, 0.10458672791719437, 0.10656756907701492, 0.3660585880279541, 0.7537608742713928, 0.59944087266922, 0.2504425346851349, 0.15823763608932495, 0.15224581956863403, 0.2929583489894867, 0.553526759147644, 0.45403337478637695, 0.1528177559375763, 0.12242630124092102, 0.3189256191253662, 0.4687693119049072, 0.35304319858551025, 0.21773257851600647, 0.21106071770191193, 0.26494911313056946, 0.28902170062065125, 0.302034467458725, 0.36448508501052856, 0.3939310908317566, 0.44771602749824524], "lowlevel.gfcc.cov": [[4143.97998046875, -838.3158569335938, -552.0233154296875, 96.82196044921875, -604.7939453125, -47.8648681640625, 63.17074203491211, 43.632144927978516, -29.0051212310791, 237.8595733642578, -224.05909729003906, 75.95624542236328, -62.827430725097656], [-838.3158569335938, 1856.0240478515625, -246.1431884765625, -529.6033325195312, 440.0341796875, -141.28343200683594, 82.48771667480469, 104.026611328125, 35.323123931884766, -171.03187561035156, 339.0634765625, -192.46763610839844, 112.66056060791016], [-552.0233154296875, -246.1431884765625, 991.79931640625, 513.4472045898438, 206.59779357910156, 256.52392578125, 104.17865753173828, -24.748519897460938, 152.6588592529297, 57.85615539550781, 16.7850341796875, 81.16960144042969, -3.0107243061065674], [96.82196044921875, -529.6033325195312, 513.4472045898438, 852.1424560546875, 70.9616470336914, 173.1549835205078, 7.403744220733643, -130.32736206054688, 127.96428680419922, 92.28556823730469, -96.69293975830078, 70.35501861572266, 66.12960815429688], [-604.7939453125, 440.0341796875, 206.59779357910156, 70.9616470336914, 580.0997314453125, 146.1825408935547, 106.5002212524414, 109.10789489746094, 82.39737701416016, -20.359745025634766, 125.08580780029297, -34.14912414550781, 109.57733154296875], [-47.8648681640625, -141.28343200683594, 256.52392578125, 173.1549835205078, 146.1825408935547, 526.7285766601562, 327.7030944824219, -87.35227966308594, 1.9152613878250122, 38.876888275146484, 39.071102142333984, 34.97935104370117, 35.70006561279297], [63.17074203491211, 82.48771667480469, 104.17865753173828, 7.403744220733643, 106.5002212524414, 327.7030944824219, 537.0961303710938, 56.204917907714844, -18.766538619995117, 23.417797088623047, 137.62144470214844, 46.6403694152832, 20.780088424682617], [43.632144927978516, 104.026611328125, -24.748519897460938, -130.32736206054688, 109.10789489746094, -87.35227966308594, 56.204917907714844, 344.4176940917969, 104.78912353515625, -0.7803503274917603, 101.80601501464844, -0.33911001682281494, 17.070758819580078], [-29.0051212310791, 35.323123931884766, 152.6588592529297, 127.96428680419922, 82.39737701416016, 1.9152613878250122, -18.766538619995117, 104.78912353515625, 256.4846496582031, 112.84567260742188, 60.8751220703125, 23.269922256469727, 59.99983596801758], [237.8595733642578, -171.03187561035156, 57.85615539550781, 92.28556823730469, -20.359745025634766, 38.876888275146484, 23.417797088623047, -0.7803503274917603, 112.84567260742188, 208.49632263183594, 27.481231689453125, 47.211456298828125, 28.96495819091797], [-224.05909729003906, 339.0634765625, 16.7850341796875, -96.69293975830078, 125.08580780029297, 39.071102142333984, 137.62144470214844, 101.80601501464844, 60.8751220703125, 27.481231689453125, 236.14669799804688, 11.98149299621582, 44.841400146484375], [75.95624542236328, -192.46763610839844, 81.16960144042969, 70.35501861572266, -34.14912414550781, 34.97935104370117, 46.6403694152832, -0.33911001682281494, 23.269922256469727, 47.211456298828125, 11.98149299621582, 114.81511688232422, 23.149812698364258], [-62.827430725097656, 112.66056060791016, -3.0107243061065674, 66.12960815429688, 109.57733154296875, 35.70006561279297, 20.780088424682617, 17.070758819580078, 59.99983596801758, 28.96495819091797, 44.841400146484375, 23.149812698364258, 145.36407470703125]], "lowlevel.gfcc.icov": [[0.00038736104033887386, -7.723496673861519e-05, 0.0002972035144921392, -0.0002504118310753256, 0.00035710001247934997, -0.0001461185747757554, -9.929147199727595e-05, -0.00042225042125210166, 0.00017868926806841046, -0.0005433931364677846, 0.0004346849163994193, -0.0001306951598962769, 9.907664207275957e-05], [-7.723496673861519e-05, 0.001969899283722043, -0.00016366435738746077, 0.0010987609857693315, -0.0010800358140841126, 0.0012277720961719751, -0.0007232159841805696, 0.001671222853474319, -0.0012727584689855576, 0.0015910983784124255, -0.002129948465153575, 0.0024610618129372597, -0.0011701964540407062], [0.0002972035144921392, -0.00016366435738746077, 0.0022828320506960154, -0.0012712432071566582, -0.000344091618899256, -0.0008024862036108971, 0.00015846185851842165, -0.00032605096930637956, -0.0007398142479360104, 1.4116642887529451e-05, 0.0001086585471057333, -0.001470521092414856, 0.0018562159966677427], [-0.0002504118310753256, 0.0010987609857693315, -0.0012712432071566582, 0.003017527051270008, -0.00076960091246292, 0.0007361896568909287, -0.0005131525103934109, 0.0018618259346112609, -0.0015306154964491725, 0.0008940338739193976, -0.00013411104737315327, 0.0011356181930750608, -0.0017906780121847987], [0.00035710001247934997, -0.0010800358140841126, -0.000344091618899256, -0.00076960091246292, 0.003834052477031946, -0.0014830833533778787, 0.0005232229013927281, -0.0020825534593313932, 0.00096734898397699, -0.0007465959060937166, 0.0005068740574643016, 0.00040056489524431527, -0.0014924454735592008], [-0.0001461185747757554, 0.0012277720961719751, -0.0008024862036108971, 0.0007361896568909287, -0.0014830833533778787, 0.005174082703888416, -0.0031959961634129286, 0.002735547488555312, -0.0010546427220106125, 0.0007458426407538354, -0.0006089129019528627, 0.001770651782862842, -0.00119080301374197], [-9.929147199727595e-05, -0.0007232159841805696, 0.00015846185851842165, -0.0005131525103934109, 0.0005232229013927281, -0.0031959961634129286, 0.004555779509246349, -0.0018670709105208516, 0.0017831645673140883, -0.000667451589833945, -0.00131924485322088, -0.001781787839718163, 0.0008005143608897924], [-0.00042225042125210166, 0.001671222853474319, -0.00032605096930637956, 0.0018618259346112609, -0.0020825534593313932, 0.002735547488555312, -0.0018670709105208516, 0.006765411235392094, -0.0039687808603048325, 0.0028355009853839874, -0.0025079871993511915, 0.001466364716179669, -0.00034776850952766836], [0.00017868926806841046, -0.0012727584689855576, -0.0007398142479360104, -0.0015306154964491725, 0.00096734898397699, -0.0010546427220106125, 0.0017831645673140883, -0.0039687808603048325, 0.009264660067856312, -0.0050409575924277306, 0.00023178683477453887, -0.0004789645317941904, -0.0013291985960677266], [-0.0005433931364677846, 0.0015910983784124255, 1.4116642887529451e-05, 0.0008940338739193976, -0.0007465959060937166, 0.0007458426407538354, -0.000667451589833945, 0.0028355009853839874, -0.0050409575924277306, 0.00939775351434946, -0.0026539661921560764, -0.00012846311437897384, -0.0006851223297417164], [0.0004346849163994193, -0.002129948465153575, 0.0001086585471057333, -0.00013411104737315327, 0.0005068740574643016, -0.0006089129019528627, -0.00131924485322088, -0.0025079871993511915, 0.00023178683477453887, -0.0026539661921560764, 0.009712922386825085, -0.002969766966998577, 6.235471664695069e-05], [-0.0001306951598962769, 0.0024610618129372597, -0.001470521092414856, 0.0011356181930750608, 0.00040056489524431527, 0.001770651782862842, -0.001781787839718163, 0.001466364716179669, -0.0004789645317941904, -0.00012846311437897384, -0.002969766966998577, 0.014920583926141262, -0.00440201023593545], [9.907664207275957e-05, -0.0011701964540407062, 0.0018562159966677427, -0.0017906780121847987, -0.0014924454735592008, -0.00119080301374197, 0.0008005143608897924, -0.00034776850952766836, -0.0013291985960677266, -0.0006851223297417164, 6.235471664695069e-05, -0.00440201023593545, 0.011392930522561073]], "lowlevel.mfcc.cov": [[4894.6484375, -1258.431396484375, -277.13311767578125, -15.118010520935059, -789.1620483398438, 67.44309997558594, -168.11167907714844, -317.1747131347656, 219.14093017578125, -129.95111083984375, 29.103633880615234, 8.857193946838379, -137.91065979003906], [-1258.431396484375, 2406.5634765625, -689.7852172851562, -461.7043151855469, 368.50665283203125, -573.58642578125, 189.9349822998047, 271.38671875, -340.1142883300781, 279.5674133300781, 16.394359588623047, -37.72547149658203, 60.56375503540039], [-277.13311767578125, -689.7852172851562, 898.0956420898438, 348.0495910644531, 7.262089729309082, 438.52679443359375, 17.361244201660156, -23.820138931274414, 167.50791931152344, -94.84770202636719, 65.93193817138672, 83.36000061035156, 48.29801940917969], [-15.118010520935059, -461.7043151855469, 348.0495910644531, 589.4615478515625, 137.0860137939453, 179.359130859375, -122.4883041381836, -42.16053771972656, 130.90394592285156, -50.41877365112305, -18.922718048095703, 84.34683990478516, 82.51531219482422], [-789.1620483398438, 368.50665283203125, 7.262089729309082, 137.0860137939453, 659.2816162109375, -108.26002502441406, -40.372745513916016, 53.21166229248047, 30.309860229492188, 127.20591735839844, -62.08235168457031, 18.250274658203125, 105.29081726074219], [67.44309997558594, -573.58642578125, 438.52679443359375, 179.359130859375, -108.26002502441406, 796.828857421875, 223.01364135742188, -88.32715606689453, 232.89608764648438, -181.1446533203125, 140.30047607421875, 20.411697387695312, -35.69169616699219], [-168.11167907714844, 189.9349822998047, 17.361244201660156, -122.4883041381836, -40.372745513916016, 223.01364135742188, 484.23406982421875, 176.54849243164062, 36.297061920166016, 15.925792694091797, 96.2047119140625, 5.366391658782959, -37.889320373535156], [-317.1747131347656, 271.38671875, -23.820138931274414, -42.16053771972656, 53.21166229248047, -88.32715606689453, 176.54849243164062, 364.8958740234375, -70.53715515136719, 169.27536010742188, -3.9757888317108154, 27.574649810791016, 19.736774444580078], [219.14093017578125, -340.1142883300781, 167.50791931152344, 130.90394592285156, 30.309860229492188, 232.89608764648438, 36.297061920166016, -70.53715515136719, 306.1511535644531, -63.740821838378906, 64.92588806152344, 22.089828491210938, 13.5072603225708], [-129.95111083984375, 279.5674133300781, -94.84770202636719, -50.41877365112305, 127.20591735839844, -181.1446533203125, 15.925792694091797, 169.27536010742188, -63.740821838378906, 312.2619323730469, -1.9961806535720825, 64.45430755615234, 62.8370475769043], [29.103633880615234, 16.394359588623047, 65.93193817138672, -18.922718048095703, -62.08235168457031, 140.30047607421875, 96.2047119140625, -3.9757888317108154, 64.92588806152344, -1.9961806535720825, 168.33709716796875, 31.682214736938477, 11.404696464538574], [8.857193946838379, -37.72547149658203, 83.36000061035156, 84.34683990478516, 18.250274658203125, 20.411697387695312, 5.366391658782959, 27.574649810791016, 22.089828491210938, 64.45430755615234, 31.682214736938477, 128.20339965820312, 69.49742126464844], [-137.91065979003906, 60.56375503540039, 48.29801940917969, 82.51531219482422, 105.29081726074219, -35.69169616699219, -37.889320373535156, 19.736774444580078, 13.5072603225708, 62.8370475769043, 11.404696464538574, 69.49742126464844, 149.7591552734375]], "lowlevel.mfcc.icov": [[0.00033789375447668135, 0.00015845151210669428, 0.0002496757952030748, -6.620842759730294e-05, 0.0003619826165959239, 7.378220470855013e-05, -1.872181564976927e-05, 0.00020455155754461884, -0.00025840583839453757, -0.00019853163394145668, 2.0719791791634634e-05, -0.00011245647328905761, 9.164812217932194e-05], [0.00015845151210669428, 0.0009600076591596007, 0.00048657107981853187, 0.00027202704222872853, -0.00041398743633180857, 0.00032652969821356237, -0.0003419504500925541, -8.714370051166043e-05, 0.0005349387065507472, -3.38767385983374e-05, -0.0007124703261069953, 5.952028732281178e-05, -0.00026266861823387444], [0.0002496757952030748, 0.00048657107981853187, 0.0022745002061128616, -0.00057517911773175, 1.6929667253862135e-05, -0.0007891210843808949, 0.0002400674857199192, -0.00039742773515172303, 2.1623700376949273e-05, 0.00018582107441034168, -0.0003963000781368464, -0.0006589702679775655, -0.00021426517923828214], [-6.620842759730294e-05, 0.00027202704222872853, -0.00057517911773175, 0.003179832361638546, -0.0007944519747979939, -0.00043740804539993405, 0.000928900670260191, -0.0006639842758886516, -0.00036241443012841046, 0.0008131851791404188, 0.0005659600137732923, -0.0014986353926360607, -0.0006168566178530455], [0.0003619826165959239, -0.00041398743633180857, 1.6929667253862135e-05, -0.0007944519747979939, 0.002858469495549798, 9.427213808521628e-05, -0.00013971982116345316, 0.0005425887065939605, -0.0011382794473320246, -0.0011914492351934314, 0.0012798216193914413, 0.0008905113791115582, -0.0010691835777834058], [7.378220470855013e-05, 0.00032652969821356237, -0.0007891210843808949, -0.00043740804539993405, 9.427213808521628e-05, 0.00314537831582129, -0.0015960648888722062, 0.0007671918137930334, -0.000760699447710067, 0.0005927318125031888, -0.0012026550248265266, 0.0001698649430181831, 0.00044249522034078836], [-1.872181564976927e-05, -0.0003419504500925541, 0.0002400674857199192, 0.000928900670260191, -0.00013971982116345316, -0.0015960648888722062, 0.004319899715483189, -0.002484520897269249, -0.00039135050610639155, 0.0006748262094333768, -0.0009630787535570562, -0.0007234463118948042, 0.0008312496938742697], [0.00020455155754461884, -8.714370051166043e-05, -0.00039742773515172303, -0.0006639842758886516, 0.0005425887065939605, 0.0007671918137930334, -0.002484520897269249, 0.0054925670847296715, 0.0003981160989496857, -0.002694607013836503, 0.0008948649629019201, 0.00045296759344637394, -1.709560638119001e-05], [-0.00025840583839453757, 0.0005349387065507472, 2.1623700376949273e-05, -0.00036241443012841046, -0.0011382794473320246, -0.000760699447710067, -0.00039135050610639155, 0.0003981160989496857, 0.005458138883113861, 0.00033824931597337127, -0.0017084961291402578, 0.00011609114881139249, -0.0003520487225614488], [-0.00019853163394145668, -3.38767385983374e-05, 0.00018582107441034168, 0.0008131851791404188, -0.0011914492351934314, 0.0005927318125031888, 0.0006748262094333768, -0.002694607013836503, 0.00033824931597337127, 0.006334787234663963, -0.0008220683084800839, -0.0027933847159147263, -0.0005019179079681635], [2.0719791791634634e-05, -0.0007124703261069953, -0.0003963000781368464, 0.0005659600137732923, 0.0012798216193914413, -0.0012026550248265266, -0.0009630787535570562, 0.0008948649629019201, -0.0017084961291402578, -0.0008220683084800839, 0.00927549134939909, -0.0015610777772963047, -0.0009077424183487892], [-0.00011245647328905761, 5.952028732281178e-05, -0.0006589702679775655, -0.0014986353926360607, 0.0008905113791115582, 0.0001698649430181831, -0.0007234463118948042, 0.00045296759344637394, 0.00011609114881139249, -0.0027933847159147263, -0.0015610777772963047, 0.013428354635834694, -0.004868815653026104], [9.164812217932194e-05, -0.00026266861823387444, -0.00021426517923828214, -0.0006168566178530455, -0.0010691835777834058, 0.00044249522034078836, 0.0008312496938742697, -1.709560638119001e-05, -0.0003520487225614488, -0.0005019179079681635, -0.0009077424183487892, -0.004868815653026104, 0.01091762725263834]], "metadata.audio_properties.analysis.downmix": "mix", "metadata.audio_properties.codec": "mp3", "metadata.audio_properties.md5_encoded": "265fb09d90ac439b5185ba75b39aaee7", "metadata.tags.file_name": "1183703073818939512.mp3", "metadata.version.essentia": "2.1-beta6-dev", "metadata.version.essentia_git_sha": "v2.1_beta5-1110-g77a6a954", "metadata.version.extractor": "music 2.0", "tonal.chords_key": "E", "tonal.chords_scale": "major", "tonal.key_edma.key": "E", "tonal.key_edma.scale": "major", "tonal.key_krumhansl.key": "E", "tonal.key_krumhansl.scale": "major", "tonal.key_temperley.key": "E", "tonal.key_temperley.scale": "major", "metadata.tags.encoding": ["Lavf58.45.100"]}, "essentia_models": [{"model_name": "genre_dortmund", "activations": {"alternative": "0.005709561", "blues": "0.00073343934", "electronic": "0.016205417", "folkcountry": "0.000578725", "funksoulrnb": "0.007853609", "jazz": "0.0014964249", "pop": "0.0