{"song_id": "1183690297503383552", "download": "https://cdn.discordapp.com/attachments/1135911532732108921/1183690297503383552/chirp.mp4?ex=6589407e&amp", "lyrics": "[verse]\nFier d'\u00eatre Mubembe, je le proclame haut et fort,\nMon c\u0153ur bat au rythme de ce nom si pr\u00e9cieux,\nUne identit\u00e9 qui me lie \u00e0 mes anc\u00eatres, \u00e0 mon sort,\nMubembe, un h\u00e9ritage qui rend ma vie si pr\u00e9cieuse.\n[chorus]\nDans les veines de ma lign\u00e9e, coule la force des a\u00een\u00e9s,\nLeurs histoires, leurs combats, leur courage sans fin,\nJe me sens port\u00e9 par leur \u00e9nergie, par leur \ndignit\u00e9,\nFier d'\u00eatre Mubembe, je suis le fruit de leur destin.", "style": ["Hymne national rapide"], "essentia_features": {"lowlevel.average_loudness": 0.7483023405075073, "lowlevel.barkbands_crest.mean": 9.029210090637207, "lowlevel.barkbands_crest.stdev": 3.205934762954712, "lowlevel.barkbands_flatness_db.mean": 0.24670042097568512, "lowlevel.barkbands_flatness_db.stdev": 0.04051325470209122, "lowlevel.barkbands_kurtosis.mean": 0.5547797083854675, "lowlevel.barkbands_kurtosis.stdev": 2.89729380607605, "lowlevel.barkbands_skewness.mean": 0.5940431356430054, "lowlevel.barkbands_skewness.stdev": 0.7102564573287964, "lowlevel.barkbands_spread.mean": 10.079899787902832, "lowlevel.barkbands_spread.stdev": 6.086004257202148, "lowlevel.dissonance.mean": 0.41588863730430603, "lowlevel.dissonance.stdev": 0.03446167707443237, "lowlevel.dynamic_complexity": 3.280675172805786, "lowlevel.erbbands_crest.mean": 11.591591835021973, "lowlevel.erbbands_crest.stdev": 3.4155116081237793, "lowlevel.erbbands_flatness_db.mean": 0.30654051899909973, "lowlevel.erbbands_flatness_db.stdev": 0.04654533788561821, "lowlevel.erbbands_kurtosis.mean": 0.41449910402297974, "lowlevel.erbbands_kurtosis.stdev": 1.193276286125183, "lowlevel.erbbands_skewness.mean": 0.02808036096394062, "lowlevel.erbbands_skewness.stdev": 0.5383433103561401, "lowlevel.erbbands_spread.mean": 15.264567375183105, "lowlevel.erbbands_spread.stdev": 6.806275844573975, "lowlevel.hfc.mean": 14.591559410095215, "lowlevel.hfc.stdev": 12.350990295410156, "lowlevel.loudness_ebu128.integrated": -14.26654052734375, "lowlevel.loudness_ebu128.loudness_range": 8.038545608520508, "lowlevel.loudness_ebu128.momentary.mean": -15.571974754333496, "lowlevel.loudness_ebu128.momentary.stdev": 3.5413119792938232, "lowlevel.loudness_ebu128.short_term.mean": -15.197223663330078, "lowlevel.loudness_ebu128.short_term.stdev": 2.771087884902954, "lowlevel.melbands_crest.mean": 10.835241317749023, "lowlevel.melbands_crest.stdev": 4.283590316772461, "lowlevel.melbands_flatness_db.mean": 0.2727455198764801, "lowlevel.melbands_flatness_db.stdev": 0.03960653394460678, "lowlevel.melbands_kurtosis.mean": 1.6473320722579956, "lowlevel.melbands_kurtosis.stdev": 4.588296890258789, "lowlevel.melbands_skewness.mean": 0.9661576151847839, "lowlevel.melbands_skewness.stdev": 0.8272243738174438, "lowlevel.melbands_spread.mean": 16.707595825195312, "lowlevel.melbands_spread.stdev": 10.571006774902344, "lowlevel.pitch_salience.mean": 0.5255346298217773, "lowlevel.pitch_salience.stdev": 0.09924381971359253, "lowlevel.silence_rate_20dB.mean": 1.0, "lowlevel.silence_rate_20dB.stdev": 0.0, "lowlevel.silence_rate_30dB.mean": 1.0, "lowlevel.silence_rate_30dB.stdev": 0.0, "lowlevel.silence_rate_60dB.mean": 0.05214368551969528, "lowlevel.silence_rate_60dB.stdev": 0.2223138064146042, "lowlevel.spectral_centroid.mean": 963.8719482421875, "lowlevel.spectral_centroid.stdev": 403.69744873046875, "lowlevel.spectral_complexity.mean": 12.646002769470215, "lowlevel.spectral_complexity.stdev": 2.9586246013641357, "lowlevel.spectral_decrease.mean": -4.545300580360845e-09, "lowlevel.spectral_decrease.stdev": 3.618495725277171e-09, "lowlevel.spectral_energy.mean": 0.0184785109013319, "lowlevel.spectral_energy.stdev": 0.014678332954645157, "lowlevel.spectral_energyband_high.mean": 2.3534244974143803e-05, "lowlevel.spectral_energyband_high.stdev": 5.9058740589534864e-05, "lowlevel.spectral_energyband_low.mean": 0.00030944106401875615, "lowlevel.spectral_energyband_low.stdev": 0.0007104831165634096, "lowlevel.spectral_energyband_middle_high.mean": 0.007315165363252163, "lowlevel.spectral_energyband_middle_high.stdev": 0.006910064723342657, "lowlevel.spectral_energyband_middle_low.mean": 0.011519602499902248, "lowlevel.spectral_energyband_middle_low.stdev": 0.010853136889636517, "lowlevel.spectral_entropy.mean": 6.509398460388184, "lowlevel.spectral_entropy.stdev": 0.31503617763519287, "lowlevel.spectral_flux.mean": 0.026451800018548965, "lowlevel.spectral_flux.stdev": 0.01865963079035282, "lowlevel.spectral_kurtosis.mean": 16.975011825561523, "lowlevel.spectral_kurtosis.stdev": 7.904357433319092, "lowlevel.spectral_rms.mean": 0.0039035084191709757, "lowlevel.spectral_rms.stdev": 0.0016704555600881577, "lowlevel.spectral_rolloff.mean": 1365.2833251953125, "lowlevel.spectral_rolloff.stdev": 1110.6820068359375, "lowlevel.spectral_skewness.mean": 2.7630789279937744, "lowlevel.spectral_skewness.stdev": 0.6293221712112427, "lowlevel.spectral_spread.mean": 2164205.5, "lowlevel.spectral_spread.stdev": 1298880.25, "lowlevel.spectral_strongpeak.mean": 1.6381698846817017, "lowlevel.spectral_strongpeak.stdev": 1.084445834159851, "lowlevel.zerocrossingrate.mean": 0.04629053175449371, "lowlevel.zerocrossingrate.stdev": 0.03747912496328354, "metadata.audio_properties.analysis.equal_loudness": 0.0, "metadata.audio_properties.analysis.length": 40.04265213012695, "metadata.audio_properties.analysis.sample_rate": 44100.0, "metadata.audio_properties.analysis.start_time": 0.0, "metadata.audio_properties.bit_rate": 106596.0, "metadata.audio_properties.length": 40.042667388916016, "metadata.audio_properties.lossless": 0.0, "metadata.audio_properties.number_channels": 1.0, "metadata.audio_properties.replay_gain": -14.093891143798828, "metadata.audio_properties.sample_rate": 48000.0, "rhythm.beats_count": 77.0, "rhythm.beats_loudness.mean": 0.019017541781067848, "rhythm.beats_loudness.stdev": 0.014145775698125362, "rhythm.bpm": 111.68218994140625, "rhythm.bpm_histogram_first_peak_bpm": 112.0, "rhythm.bpm_histogram_first_peak_weight": 0.5428571105003357, "rhythm.bpm_histogram_second_peak_bpm": 123.0, "rhythm.bpm_histogram_second_peak_spread": 0.46153849363327026, "rhythm.bpm_histogram_second_peak_weight": 0.09210526198148727, "rhythm.danceability": 0.9067733883857727, "rhythm.onset_rate": 0.7739470601081848, "tonal.chords_changes_rate": 0.026620371267199516, "tonal.chords_number_rate": 0.008101851679384708, "tonal.chords_strength.mean": 0.525260865688324, "tonal.chords_strength.stdev": 0.10246766358613968, "tonal.hpcp_crest.mean": 20.700101852416992, "tonal.hpcp_crest.stdev": 8.05629825592041, "tonal.hpcp_entropy.mean": 1.1950434446334839, "tonal.hpcp_entropy.stdev": 0.566466748714447, "tonal.key_edma.strength": 0.8542633652687073, "tonal.key_krumhansl.strength": 0.848145067691803, "tonal.key_temperley.strength": 0.8321812748908997, "tonal.tuning_diatonic_strength": 0.5650506019592285, "tonal.tuning_equal_tempered_deviation": 0.0014276013243943453, "tonal.tuning_frequency": 440.2542419433594, "tonal.tuning_nontempered_energy_ratio": 0.5652830600738525, "lowlevel.barkbands.mean": [1.6233976793955662e-06, 4.339433507993817e-05, 0.00019327859627082944, 0.0001109416043618694, 0.0009845189051702619, 0.004726922605186701, 0.002439652569591999, 0.0009523392654955387, 0.000938577635679394, 0.001889446983113885, 0.0024179231841117144, 0.0009045231272466481, 0.0008903820998966694, 0.0009957411093637347, 0.00034231392783112824, 6.247185956453905e-05, 0.00010068805568153039, 0.0002279241889482364, 0.0002231931866845116, 1.7198119167005643e-05, 6.065613433747785e-06, 3.210208205928211e-06, 1.6833675999805564e-06, 2.196796685893787e-06, 1.8522589471103856e-06, 4.654584699892439e-07, 1.444142916362523e-09], "lowlevel.barkbands.stdev": [3.022323880941258e-06, 0.00012546089419629425, 0.0005180323496460915, 0.0002564614114817232, 0.0014651333913207054, 0.006388017442077398, 0.0048195295967161655, 0.001059202360920608, 0.0014612851664423943, 0.004101004917174578, 0.0031110476702451706, 0.00180319685023278, 0.00128316436894238, 0.0009981159819290042, 0.0010516365291550756, 0.00015410892956424505, 0.0002473769709467888, 0.00057689641835168, 0.0006702668033540249, 3.098251181654632e-05, 1.655552114243619e-05, 1.708013041934464e-05, 7.626138085470302e-06, 7.431780886690831e-06, 8.35557784739649e-06, 3.0973126285971375e-06, 1.649724801211505e-08], "lowlevel.erbbands.mean": [0.0003320321557112038, 0.015118087641894817, 0.15858693420886993, 0.38769611716270447, 0.5795913934707642, 4.218313694000244, 13.386897087097168, 40.2406005859375, 53.69713592529297, 22.9692440032959, 17.413558959960938, 27.579166412353516, 60.776607513427734, 40.79460906982422, 95.95508575439453, 55.173892974853516, 47.63378143310547, 48.16415023803711, 25.99240493774414, 14.224026679992676, 5.203503131866455, 4.100939750671387, 7.349451065063477, 23.4847412109375, 3.100220203399658, 0.9140245318412781, 0.43153610825538635, 0.18669331073760986, 0.1237533837556839, 0.08316124975681305, 0.04579056426882744, 0.0351412370800972, 0.038425903767347336, 0.028862828388810158, 0.009396403096616268, 0.0032935533672571182, 0.0007216148660518229, 4.247134711476974e-05, 1.0728181223385036e-05, 2.1729134459747e-05], "lowlevel.erbbands.stdev": [0.0008233104599639773, 0.037757597863674164, 0.36917510628700256, 0.9757349491119385, 0.772358238697052, 6.319813251495361, 18.150318145751953, 56.89815902709961, 100.0971450805664, 22.718276977539062, 26.18922996520996, 40.0281867980957, 113.35707092285156, 110.35417175292969, 108.52616882324219, 91.16671752929688, 63.877464294433594, 49.2599983215332, 49.93806838989258, 48.067317962646484, 12.858722686767578, 7.437556266784668, 13.90417766571045, 67.49494171142578, 7.867192268371582, 1.7629547119140625, 0.7269431948661804, 0.6071093082427979, 0.6871196627616882, 0.3883729875087738, 0.21359723806381226, 0.1392856240272522, 0.12966571748256683, 0.1234673336148262, 0.04760166257619858, 0.016217723488807678, 0.006356433965265751, 0.00035910651786252856, 1.066949243977433e-05, 1.721416447253432e-05], "lowlevel.gfcc.mean": [-108.4638442993164, 132.73460388183594, -193.62551879882812, -37.70919418334961, -80.63276672363281, -19.427350997924805, -49.022972106933594, -16.05565643310547, -33.90249252319336, -6.937796115875244, 5.466623306274414, -7.881586074829102, -1.6376060247421265], "lowlevel.melbands.mean": [7.0704181780456565e-06, 6.51246082270518e-05, 6.724559352733195e-05, 0.0001415516744600609, 0.0004394135903567076, 0.0009776989463716745, 0.0007518481579609215, 0.000232239966862835, 0.00015261347289197147, 0.00015929029905237257, 0.0002959919802378863, 0.00014186144107952714, 0.00034392642555758357, 0.00014898455992806703, 0.0001259239506907761, 6.120889156591147e-05, 0.00010371023381594568, 4.759790317621082e-05, 1.783490188245196e-05, 1.2380879525153432e-05, 5.780368610430742e-06, 4.058902959513944e-06, 5.342557869880693e-06, 1.0869900506804697e-05, 2.0969042452634312e-05, 2.3722220703348285e-06, 7.231512881844537e-07, 5.469263442137162e-07, 3.164307713632297e-07, 1.7820865139128728e-07, 8.261080353122452e-08, 7.152545578037461e-08, 5.759727272902637e-08, 4.13769534191033e-08, 2.8099913507162455e-08, 1.8696898251846505e-08, 2.3577470642521803e-08, 2.5175433293611604e-08, 3.058464059790822e-08, 2.3096941248468283e-08], "lowlevel.melbands.stdev": [2.013854646065738e-05, 0.00014616349653806537, 0.00013728222984354943, 0.00020726081856992096, 0.0005405104020610452, 0.0014154689852148294, 0.0014167028712108731, 0.00021350724273361266, 0.00022090913262218237, 0.0002191477396991104, 0.0005647960351780057, 0.0004829958488699049, 0.0004493421583902091, 0.00019364533363841474, 0.00014861978706903756, 7.84460426075384e-05, 0.0001125857888837345, 7.94658626546152e-05, 5.535853051696904e-05, 3.799121986958198e-05, 1.678734042798169e-05, 9.675456567492802e-06, 9.809336916077882e-06, 2.50507964665303e-05, 6.177156319608912e-05, 6.084009328333195e-06, 1.662755948927952e-06, 1.0036919775302522e-06, 5.163607852409768e-07, 4.322343158946751e-07, 3.67437706927376e-07, 4.269478495189105e-07, 3.127661614144017e-07, 1.7190579626458202e-07, 1.3923720132424933e-07, 9.10004871457204e-08, 9.883341078875674e-08, 8.722414435169412e-08, 1.07971196428025e-07, 1.1537801469785336e-07], "lowlevel.melbands128.mean": [4.88211412630335e-07, 4.925466896565922e-07, 4.988864475308219e-06, 2.814378240145743e-05, 5.9507350670173764e-05, 0.00010787414066726342, 8.588130003772676e-05, 4.575382990879007e-05, 5.288197280606255e-05, 5.895100912312046e-05, 0.0002572213124949485, 0.0003630708088167012, 0.0003137366147711873, 0.0008035505306906998, 0.0006496527930721641, 0.0014267953811213374, 0.0013231515185907483, 0.0005123559385538101, 0.00020279375894460827, 0.0002589405921753496, 0.0002490379847586155, 0.00011173866369063035, 0.00011281999468337744, 0.00020332405983936042, 0.00025701013510115445, 3.245359403081238e-05, 0.00021133052359800786, 0.0005443388363346457, 8.971466741058975e-05, 0.00015960799646563828, 6.43940584268421e-05, 0.0002748219121713191, 0.0004822106275241822, 0.0003671044250950217, 3.058445508941077e-05, 0.0001718512794468552, 0.0001823291095206514, 1.5238677406159695e-05, 0.0002364788088016212, 8.976574463304132e-05, 1.0853605999727733e-05, 1.899337257782463e-05, 0.0001101218513213098, 0.0001549922744743526, 6.797815876780078e-05, 2.9427272238535807e-05, 2.7492777007864788e-05, 2.1103662675159285e-06, 2.503758150851354e-05, 2.782804222078994e-05, 5.299840722727822e-06, 3.616108415371855e-06, 4.257000000507105e-06, 8.196468115784228e-06, 7.33868319002795e-06, 1.3426296163743245e-06, 2.009039690165082e-06, 8.364651876036078e-06, 6.3209190557245165e-06, 1.6765361579018645e-06, 5.842560312885325e-06, 1.0938065315713175e-05, 5.179111030884087e-05, 9.413263796886895e-06, 3.7875474845350254e-06, 1.6201722701225663e-06, 2.497662308087456e-06, 4.0992674144035846e-07, 3.149026497339946e-07, 1.0886387826758437e-06, 2.5730253128131153e-07, 5.415008672571275e-07, 6.190857675392181e-07, 1.148320833976868e-07, 1.876324944305452e-07, 2.6273178832525446e-07, 1.3354409134080925e-07, 8.16416303450751e-08, 8.705649889861888e-08, 6.085605974703867e-08, 8.059109291025379e-08, 6.093016935437845e-08, 8.183618405155357e-08, 4.4341110339018996e-08, 6.24106206714714e-08, 3.468925768856934e-08, 4.509695372689748e-08, 3.053700581290286e-08, 2.9257389400072498e-08, 2.2528643839336837e-08, 2.0389132160403278e-08, 1.6333810748392352e-08, 1.900491497508483e-08, 1.8281969715872037e-08, 3.2560524942937263e-08, 2.7563888949089232e-08, 1.983597996968456e-08, 2.362539675004882e-08, 4.4200696436291764e-08, 2.3706089535835417e-08, 2.396870257825867e-08, 2.7961368331830272e-08, 1.4841693207756634e-08, 9.84610526444385e-09, 9.119962562920136e-09, 8.637457860061204e-09, 1.0421881135869171e-08, 5.2545119366698145e-09, 5.5787823249886515e-09, 4.9952926239882345e-09, 2.7956832404640863e-09, 3.4491038913841976e-09, 2.048695657563826e-09, 1.0744954925812067e-09, 8.576148124994631e-10, 1.2598291854182264e-10, 3.706130888292414e-11, 4.422202621451321e-12, 3.024542205229408e-12, 2.9475530089612123e-12, 2.8760464062388413e-12, 2.810658390056675e-12, 2.7598574467435633e-12, 2.710922415369299e-12, 2.653336534860773e-12, 2.5901084662466323e-12, 2.5502625185247485e-12, 2.5339418063818897e-12], "lowlevel.melbands128.stdev": [9.610645292923437e-07, 1.6092415080493083e-06, 1.669001539994497e-05, 8.202687604352832e-05, 0.0001318367721978575, 0.0003133244172204286, 0.0002425221464363858, 9.763229172676802e-05, 8.510333282174543e-05, 0.00010333931277273223, 0.00043406544136814773, 0.000598289945628494, 0.0007963025709614158, 0.0011763351503759623, 0.0010259979171678424, 0.003058732720091939, 0.002716445131227374, 0.0018509106012061238, 0.0006216589245013893, 0.00023229977523442358, 0.00028236806974746287, 0.00024302952806465328, 0.000331427319906652, 0.0003868022467941046, 0.00048090549535118043, 5.7718010793905705e-05, 0.00040695775533095, 0.0010959637584164739, 0.00021694049064535648, 0.0009761486435309052, 0.00041017759940586984, 0.0004750705265905708, 0.0007360143354162574, 0.0004165303544141352, 3.2080697565106675e-05, 0.0003791257331613451, 0.00039782727253623307, 1.7609798305784352e-05, 0.00037454869016073644, 0.0001332231768174097, 2.42735131905647e-05, 5.052944106864743e-05, 0.00014192104572430253, 0.00018338175141252577, 0.00011288878158666193, 0.00012953064288012683, 0.00013876262528356165, 1.1499143511173315e-05, 0.00010786178609123453, 0.000110853165097069, 1.1148997145937756e-05, 1.2675757716351654e-05, 2.6325404178351164e-05, 2.8462418413255364e-05, 2.8181377274449915e-05, 4.0896525206335355e-06, 3.1067049803823465e-06, 1.666785465204157e-05, 2.131113433279097e-05, 3.659842377601308e-06, 2.300020969414618e-05, 3.412336081964895e-05, 0.00017730584659148008, 2.579490319476463e-05, 1.4910333447915036e-05, 5.499545295606367e-06, 9.148227036348544e-06, 8.116476237773895e-07, 8.343396302734618e-07, 3.397329919607728e-06, 7.70052963616763e-07, 8.749989319767337e-07, 1.2932378012919798e-06, 3.3064895887946477e-07, 5.016403292756877e-07, 6.967589456507994e-07, 4.298757971810119e-07, 2.3347024580289144e-07, 5.575424779635796e-07, 3.1780132303538267e-07, 5.52522067209793e-07, 4.625555334314413e-07, 3.477296957044018e-07, 3.369283376741805e-07, 3.0664676842206973e-07, 1.7587846912192617e-07, 1.1555595591516976e-07, 2.2226694795790536e-07, 1.516707897053493e-07, 8.771306170274329e-08, 1.05559649909992e-07, 1.18322439845997e-07, 5.1100666809134054e-08, 1.1892689144588076e-07, 1.381727088300977e-07, 1.0783757176113795e-07, 7.133727564223591e-08, 9.2678178020833e-08, 1.728975007608824e-07, 9.976692183499836e-08, 7.86231595384379e-08, 1.8691184777708258e-07, 6.830259025036867e-08, 6.499806914916917e-08, 5.243400025278788e-08, 4.413004361936146e-08, 6.093004145668601e-08, 3.294501738082545e-08, 2.343290894657457e-08, 2.686131672646752e-08, 2.1104211711531207e-08, 4.1615756174451235e-08, 2.0839104664105434e-08, 1.106741454037774e-08, 8.929628592113659e-09, 1.3924242869833847e-09, 7.107049948551492e-10, 3.879182738919518e-11, 5.0660812350722395e-12, 4.935462628863352e-12, 4.818119427735246e-12, 4.7128195443391085e-12, 4.621564849566218e-12, 4.541924995826729e-12, 4.4763160192418106e-12, 4.423907854628206e-12, 4.385389187205879e-12, 4.3617305947596385e-12], "lowlevel.mfcc.mean": [-734.2315063476562, 175.21473693847656, -65.58655548095703, -25.483585357666016, -31.707611083984375, -23.397653579711914, -12.553302764892578, -22.197906494140625, -31.107765197753906, -18.26344108581543, -3.857259750366211, -8.121116638183594, -6.954465866088867], "lowlevel.spectral_contrast_coeffs.mean": [-0.5311846733093262, -0.6408311128616333, -0.6025018095970154, -0.6778749823570251, -0.7327383160591125, -0.7519067525863647], "lowlevel.spectral_contrast_coeffs.stdev": [0.08873669803142548, 0.06767897307872772, 0.05996765196323395, 0.053641386330127716, 0.04923862963914871, 0.03660748153924942], "lowlevel.spectral_contrast_valleys.mean": [-9.383186340332031, -7.193517684936523, -8.195237159729004, -8.629997253417969, -9.16938304901123, -12.850088119506836], "lowlevel.spectral_contrast_valleys.stdev": [1.5698096752166748, 0.968874454498291, 0.9408724904060364, 0.8582373857498169, 0.858789324760437, 1.0512865781784058], "rhythm.beats_loudness_band_ratio.mean": [0.022781670093536377, 0.30040863156318665, 0.3209364116191864, 0.3738446533679962, 0.07163256406784058, 0.0076605514623224735], "rhythm.beats_loudness_band_ratio.stdev": [0.034546397626399994, 0.16865094006061554, 0.12434252351522446, 0.17094837129116058, 0.05673316866159439, 0.02861364185810089], "tonal.hpcp.mean": [0.12285491824150085, 0.05618707463145256, 0.0016623022966086864, 0.0016063022194430232, 0.0021962174214422703, 0.1672535091638565, 0.3390558362007141, 0.17577588558197021, 0.23706406354904175, 0.42909830808639526, 0.19497443735599518, 0.0031501015182584524, 0.0033748927526175976, 0.003148391842842102, 0.10257028043270111, 0.19115112721920013, 0.09444921463727951, 0.009158732369542122, 0.006596367806196213, 0.0012945325579494238, 0.20520061254501343, 0.40081000328063965, 0.20187300443649292, 0.03941351920366287, 0.06106529012322426, 0.029444288462400436, 0.01752357743680477, 0.03143415227532387, 0.01806788332760334, 0.2715313136577606, 0.5129914879798889, 0.24789676070213318, 0.04327356070280075, 0.042555052787065506, 0.005785411689430475, 0.06967101991176605], "tonal.hpcp.stdev": [0.2672356963157654, 0.14157117903232574, 0.014594738371670246, 0.014647437259554863, 0.018754906952381134, 0.1656261682510376, 0.33005982637405396, 0.17754095792770386, 0.22061830759048462, 0.40205904841423035, 0.1880684792995453, 0.040418170392513275, 0.037363797426223755, 0.02913244068622589, 0.1584603190422058, 0.2764826714992523, 0.14375515282154083, 0.059286244213581085, 0.034872181713581085, 0.004518276546150446, 0.2170475274324417, 0.4090934693813324, 0.21804696321487427, 0.10112996399402618, 0.14919884502887726, 0.086148202419281, 0.04427659511566162, 0.06771349906921387, 0.042599890381097794, 0.22439593076705933, 0.39714372158050537, 0.1983264982700348, 0.08189325779676437, 0.07733344286680222, 0.012284791097044945, 0.14482034742832184], "rhythm.beats_position": [0.4411791265010834, 0.8823582530021667, 1.3235373497009277, 1.7647165060043335, 2.217505693435669, 2.670294761657715, 3.1346938610076904, 3.599092960357666, 4.0634918212890625, 4.481451034545898, 4.899410247802734, 5.31736946105957, 5.735328674316406, 6.153287887573242, 6.571247100830078, 6.989206314086914, 7.500045299530029, 8.010884284973145, 8.521722793579102, 9.067392349243164, 9.61306095123291, 10.158729553222656, 10.692789077758789, 11.238457679748535, 11.784127235412598, 12.329795837402344, 12.87546443939209, 13.397913932800293, 13.92036247253418, 14.442811965942383, 14.93043041229248, 15.418049812316895, 15.905668258666992, 16.381677627563477, 16.85768699645996, 17.345306396484375, 17.82131576538086, 18.29732322692871, 18.784942626953125, 19.26095199584961, 19.760181427001953, 20.247800827026367, 20.73541831970215, 21.26947784423828, 21.803537368774414, 22.337596893310547, 22.871654510498047, 23.40571403503418, 23.939773559570312, 24.485441207885742, 25.031110763549805, 25.576780319213867, 26.122447967529297, 26.67972755432129, 27.26022720336914, 27.84072494506836, 28.40961456298828, 28.9901123046875, 29.57061195373535, 30.1627197265625, 30.75482940673828, 31.346939086914062, 31.93904685974121, 32.53115463256836, 33.065216064453125, 33.599273681640625, 34.133331298828125, 34.67900085449219, 35.21306228637695, 35.75872802734375, 36.28117752075195, 36.803627014160156, 37.337684631347656, 37.87174606323242, 38.40580368041992, 38.93986511230469, 39.47392272949219], "rhythm.bpm_histogram": [0.0, 0.0, 0.0, 0.0, 0.0, 0.0, 0.0, 0.0, 0.0, 0.0, 0.0, 0.0, 0.0, 0.0, 0.0, 0.0, 0.0, 0.0, 0.0, 0.0, 0.0, 0.0, 0.0, 0.0, 0.0, 0.0, 0.0, 0.0, 0.0, 0.0, 0.0, 0.0, 0.0, 0.0, 0.0, 0.0, 0.0, 0.0, 0.0, 0.0, 0.0, 0.0, 0.0, 0.0, 0.0, 0.0, 0.0, 0.0, 0.0, 0.0, 0.0, 0.0, 0.0, 0.0, 0.0, 0.0, 0.0, 0.0, 0.0, 0.0, 0.0, 0.0, 0.0, 0.0, 0.0, 0.0, 0.0, 0.0, 0.0, 0.0, 0.0, 0.0, 0.0, 0.0, 0.0, 0.0, 0.0, 0.0, 0.0, 0.0, 0.0, 0.0, 0.0, 0.0, 0.0, 0.0, 0.0, 0.0, 0.0, 0.0, 0.0, 0.0, 0.0, 0.0, 0.0, 0.0, 0.0, 0.0, 0.0, 0.0, 0.0, 0.06578947603702545, 0.0, 0.05263157933950424, 0.0, 0.01315789483487606, 0.0, 0.0, 0.01315789483487606, 0.0, 0.17105263471603394, 0.0, 0.21052631735801697, 0.0, 0.0, 0.06578947603702545, 0.0, 0.03947368264198303, 0.0, 0.0, 0.01315789483487606, 0.0, 0.0, 0.09210526198148727, 0.0, 0.0, 0.06578947603702545, 0.0, 0.0, 0.03947368264198303, 0.0, 0.0, 0.0, 0.02631578966975212, 0.0, 0.0, 0.03947368264198303, 0.0, 0.0, 0.0, 0.0, 0.0, 0.0, 0.0, 0.09210526198148727, 0.0, 0.0, 0.0, 0.0, 0.0, 0.0, 0.0, 0.0, 0.0, 0.0, 0.0, 0.0, 0.0, 0.0, 0.0, 0.0, 0.0, 0.0, 0.0, 0.0, 0.0, 0.0, 0.0, 0.0, 0.0, 0.0, 0.0, 0.0, 0.0, 0.0, 0.0, 0.0, 0.0, 0.0, 0.0, 0.0, 0.0, 0.0, 0.0, 0.0, 0.0, 0.0, 0.0, 0.0, 0.0, 0.0, 0.0, 0.0, 0.0, 0.0, 0.0, 0.0, 0.0, 0.0, 0.0, 0.0, 0.0, 0.0, 0.0, 0.0, 0.0, 0.0, 0.0, 0.0, 0.0, 0.0, 0.0, 0.0, 0.0, 0.0, 0.0, 0.0, 0.0, 0.0, 0.0, 0.0, 0.0, 0.0, 0.0, 0.0, 0.0, 0.0, 0.0, 0.0, 0.0, 0.0, 0.0, 0.0, 0.0, 0.0, 0.0, 0.0, 0.0, 0.0, 0.0, 0.0, 0.0, 0.0, 0.0, 0.0, 0.0, 0.0, 0.0, 0.0, 0.0], "tonal.chords_histogram": [44.44444274902344, 10.879630088806152, 20.023147583007812, 3.3564815521240234, 0.0, 0.0, 0.0, 0.0, 0.0, 0.0, 0.0, 0.0, 0.0, 0.0, 0.0, 0.0, 0.0, 0.0, 0.0, 0.0, 0.0, 1.3888888359069824, 5.439815044403076, 14.467592239379883], "tonal.thpcp": [1.0, 0.4832375645637512, 0.08435531705617905, 0.08295469731092453, 0.011277792975306511, 0.13581320643424988, 0.23948724567890167, 0.10952828079462051, 0.0032404090743511915, 0.0031312452629208565, 0.004281196743249893, 0.32603564858436584, 0.6609385013580322, 0.3426487445831299, 0.4621208608150482, 0.8364627957344055, 0.3800734281539917, 0.00614065071567893, 0.006578847300261259, 0.006137317977845669, 0.1999453902244568, 0.37262046337127686, 0.18411459028720856, 0.017853574827313423, 0.012858630158007145, 0.002523497212678194, 0.40000784397125244, 0.7813190221786499, 0.39352115988731384, 0.07683074474334717, 0.11903762817382812, 0.057397227734327316, 0.0341595858335495, 0.06127616763114929, 0.03522063046693802, 0.5293095707893372], "lowlevel.gfcc.cov": [[8128.37353515625, 924.6649780273438, 332.2083435058594, 480.1661682128906, 72.52452087402344, 213.40016174316406, -142.46861267089844, 477.3963317871094, -210.4993896484375, -151.55078125, 150.24253845214844, -25.415124893188477, -5.005079746246338], [924.6649780273438, 870.0247802734375, 165.7068328857422, 125.38037109375, 126.79827117919922, 29.169326782226562, 90.3775634765625, -90.46337890625, 33.299102783203125, -182.74427795410156, -58.592002868652344, -145.9770050048828, -29.29766845703125], [332.2083435058594, 165.7068328857422, 1080.53564453125, 616.918701171875, 240.62277221679688, 404.967041015625, 72.55569458007812, 314.0406188964844, -11.264172554016113, -67.84315490722656, -145.76480102539062, -52.59874725341797, -135.38565063476562], [480.1661682128906, 125.38037109375, 616.918701171875, 522.441650390625, 211.33340454101562, 216.81991577148438, 42.525001525878906, 244.95977783203125, 22.231887817382812, -77.81442260742188, -95.34080505371094, -46.70082092285156, -87.70860290527344], [72.52452087402344, 126.79827117919922, 240.62277221679688, 211.33340454101562, 188.13882446289062, 67.131591796875, 39.49469757080078, 98.30941009521484, 7.6838297843933105, -48.47018051147461, -64.30182647705078, -22.015989303588867, -38.979618072509766], [213.40016174316406, 29.169326782226562, 404.967041015625, 216.81991577148438, 67.131591796875, 247.35963439941406, 54.98064041137695, 132.6205596923828, -9.633565902709961, 5.3138957023620605, -32.821746826171875, -34.00894546508789, -64.44339752197266], [-142.46861267089844, 90.3775634765625, 72.55569458007812, 42.525001525878906, 39.49469757080078, 54.98064041137695, 108.86477661132812, 28.285995483398438, 15.36201000213623, 12.892857551574707, 22.63849449157715, -23.081462860107422, -22.720121383666992], [477.3963317871094, -90.46337890625, 314.0406188964844, 244.95977783203125, 98.30941009521484, 132.6205596923828, 28.285995483398438, 263.7483825683594, 6.482104778289795, 7.862048149108887, 11.991403579711914, 25.99421501159668, -37.25308609008789], [-210.4993896484375, 33.299102783203125, -11.264172554016113, 22.231887817382812, 7.6838297843933105, -9.633565902709961, 15.36201000213623, 6.482104778289795, 121.4786605834961, 26.590435028076172, 23.456546783447266, 22.05121421813965, -3.2472126483917236], [-151.55078125, -182.74427795410156, -67.84315490722656, -77.81442260742188, -48.47018051147461, 5.3138957023620605, 12.892857551574707, 7.862048149108887, 26.590435028076172, 151.10382080078125, 71.3427505493164, 47.12158966064453, 14.842819213867188], [150.24253845214844, -58.592002868652344, -145.76480102539062, -95.34080505371094, -64.30182647705078, -32.821746826171875, 22.63849449157715, 11.991403579711914, 23.456546783447266, 71.3427505493164, 171.06375122070312, 49.02546310424805, 40.55060577392578], [-25.415124893188477, -145.9770050048828, -52.59874725341797, -46.70082092285156, -22.015989303588867, -34.00894546508789, -23.081462860107422, 25.99421501159668, 22.05121421813965, 47.12158966064453, 49.02546310424805, 92.89454650878906, 25.72641944885254], [-5.005079746246338, -29.29766845703125, -135.38565063476562, -87.70860290527344, -38.979618072509766, -64.44339752197266, -22.720121383666992, -37.25308609008789, -3.2472126483917236, 14.842819213867188, 40.55060577392578, 25.72641944885254, 70.08954620361328]], "lowlevel.gfcc.icov": [[0.0005022536497563124, -0.0016420547617599368, 0.0011554255615919828, -0.001158441067673266, 0.0011277457233518362, -0.0008677114965394139, 0.0018510168883949518, -0.0017497400986030698, 0.0018936480628326535, -0.0011558433761820197, -5.2714258345076814e-06, -0.0014728595269843936, 0.0005072279018349946], [-0.0016420547617599368, 0.00832365918904543, -0.004917770158499479, 0.004575041588395834, -0.005505786277353764, 0.003331621875986457, -0.007280993275344372, 0.007490989286452532, -0.008000408299267292, 0.006883390713483095, -0.0018724465044215322, 0.0082624526694417, -0.0025672486517578363], [0.0011554255615919828, -0.004917770158499479, 0.008434240706264973, -0.007041470147669315, 0.0031800386495888233, -0.007424994371831417, 0.004422647412866354, -0.0043843467719852924, 0.005991817452013493, -0.003609730862081051, 0.002351040719076991, -0.00716299656778574, 0.0018629936967045069], [-0.001158441067673266, 0.004575041588395834, -0.007041470147669315, 0.013819505460560322, -0.00746253551915288, 0.0028421818278729916, -0.0024177900049835443, -4.3188749259570614e-05, -0.007974245585501194, 0.005372244399040937, -0.0010211382759734988, 0.008456023409962654, -0.0008420890080742538], [0.0011277457233518362, -0.005505786277353764, 0.0031800386495888233, -0.00746253551915288, 0.01590137742459774, 0.0003584707446862012, 2.0967972886865027e-05, -0.006255847401916981, 0.005692219361662865, -0.0036627142690122128, 0.004559322260320187, -0.0069203805178403854, 0.0013796696439385414], [-0.0008677114965394139, 0.003331621875986457, -0.007424994371831417, 0.0028421818278729916, 0.0003584707446862012, 0.015962935984134674, -0.00605272501707077, 0.001096427207812667, -0.0026809819974005222, -0.00015573183191008866, -0.0009556097211316228, 0.007027786690741777, 0.0019243101123720407], [0.0018510168883949518, -0.007280993275344372, 0.004422647412866354, -0.0024177900049835443, 2.0967972886865027e-05, -0.00605272501707077, 0.02202058583498001, -0.007072895299643278, 0.00583514291793108, -0.006582281086593866, -0.004029925912618637, -0.0017278778832405806, 0.005061359144747257], [-0.0017497400986030698, 0.007490989286452532, -0.0043843467719852924, -4.3188749259570614e-05, -0.006255847401916981, 0.001096427207812667, -0.007072895299643278, 0.01709800213575363, -0.005869587417691946, 0.005225077737122774, -0.0037939075846225023, 0.002242777030915022, -0.0011993166990578175], [0.0018936480628326535, -0.008000408299267292, 0.005991817452013493, -0.007974245585501194, 0.005692219361662865, -0.0026809819974005222, 0.00583514291793108, -0.005869587417691946, 0.018471896648406982, -0.007915324531495571, 0.0004485599638428539, -0.010967970825731754, 0.00415682140737772], [-0.0011558433761820197, 0.006883390713483095, -0.003609730862081051, 0.005372244399040937, -0.0036627142690122128, -0.00015573183191008866, -0.006582281086593866, 0.005225077737122774, -0.007915324531495571, 0.016450058668851852, -0.003885983256623149, 0.00321093644015491, -0.001772495568729937], [-5.2714258345076814e-06, -0.0018724465044215322, 0.002351040719076991, -0.0010211382759734988, 0.004559322260320187, -0.0009556097211316228, -0.004029925912618637, -0.0037939075846225023, 0.0004485599638428539, -0.003885983256623149, 0.012958777137100697, -0.005223164334893227, -0.003921909257769585], [-0.0014728595269843936, 0.0082624526694417, -0.00716299656778574, 0.008456023409962654, -0.0069203805178403854, 0.007027786690741777, -0.0017278778832405806, 0.002242777030915022, -0.010967970825731754, 0.00321093644015491, -0.005223164334893227, 0.02862549014389515, -0.005334208719432354], [0.0005072279018349946, -0.0025672486517578363, 0.0018629936967045069, -0.0008420890080742538, 0.0013796696439385414, 0.0019243101123720407, 0.005061359144747257, -0.0011993166990578175, 0.00415682140737772, -0.001772495568729937, -0.003921909257769585, -0.005334208719432354, 0.024110097438097]], "lowlevel.mfcc.cov": [[5178.7578125, 524.4873046875, 442.5171813964844, 362.24871826171875, 442.0471496582031, -186.35165405273438, 326.28070068359375, 266.8177490234375, 32.01466369628906, -40.73363494873047, 179.3599090576172, -187.48895263671875, -78.22357177734375], [524.4873046875, 723.8153686523438, 1.46607506275177, 64.46896362304688, 6.572188854217529, 94.31292724609375, 7.465919494628906, 28.351043701171875, -20.05752182006836, -8.427172660827637, -46.869930267333984, -65.99447631835938, -71.52117919921875], [442.5171813964844, 1.46607506275177, 924.6915893554688, 303.9854736328125, 423.126708984375, 172.7466278076172, 261.72222900390625, 281.083740234375, 178.37490844726562, 128.29331970214844, 77.79409790039062, -22.157014846801758, -58.032196044921875], [362.24871826171875, 64.46896362304688, 303.9854736328125, 334.6659851074219, 268.3468933105469, 52.22910690307617, 86.37945556640625, 160.20797729492188, 127.80147552490234, 60.47724914550781, -12.830950736999512, -32.52210235595703, -31.701457977294922], [442.0471496582031, 6.572188854217529, 423.126708984375, 268.3468933105469, 370.60968017578125, 46.89902114868164, 116.59539031982422, 193.88243103027344, 145.6519775390625, 62.21410369873047, 0.6075877547264099, -28.72348976135254, -37.138397216796875], [-186.35165405273438, 94.31292724609375, 172.7466278076172, 52.22910690307617, 46.89902114868164, 178.36851501464844, 34.983402252197266, 23.736064910888672, 34.73886489868164, 57.852291107177734, 8.293498992919922, 17.330781936645508, -20.368099212646484], [326.28070068359375, 7.465919494628906, 261.72222900390625, 86.37945556640625, 116.59539031982422, 34.983402252197266, 249.07363891601562, 90.30538940429688, 33.44235610961914, 57.00225067138672, 91.92603302001953, -67.80197143554688, -12.448691368103027], [266.8177490234375, 28.351043701171875, 281.083740234375, 160.20797729492188, 193.88243103027344, 23.736064910888672, 90.30538940429688, 206.08517456054688, 81.67239379882812, 57.15388107299805, 30.360994338989258, -11.448928833007812, -25.29539680480957], [32.01466369628906, -20.05752182006836, 178.37490844726562, 127.80147552490234, 145.6519775390625, 34.73886489868164, 33.44235610961914, 81.67239379882812, 126.92622375488281, 34.37586212158203, -10.576998710632324, -0.0780797153711319, -17.5673770904541], [-40.73363494873047, -8.427172660827637, 128.29331970214844, 60.47724914550781, 62.21410369873047, 57.852291107177734, 57.00225067138672, 57.15388107299805, 34.37586212158203, 136.71786499023438, 41.68907165527344, 16.90031623840332, 17.25982666015625], [179.3599090576172, -46.869930267333984, 77.79409790039062, -12.830950736999512, 0.6075877547264099, 8.293498992919922, 91.92603302001953, 30.360994338989258, -10.576998710632324, 41.68907165527344, 137.44625854492188, 9.001883506774902, 19.535655975341797], [-187.48895263671875, -65.99447631835938, -22.157014846801758, -32.52210235595703, -28.72348976135254, 17.330781936645508, -67.80197143554688, -11.448928833007812, -0.0780797153711319, 16.90031623840332, 9.001883506774902, 168.8208770751953, 52.19735336303711], [-78.22357177734375, -71.52117919921875, -58.032196044921875, -31.701457977294922, -37.138397216796875, -20.368099212646484, -12.448691368103027, -25.29539680480957, -17.5673770904541, 17.25982666015625, 19.535655975341797, 52.19735336303711, 89.88838195800781]], "lowlevel.mfcc.icov": [[0.0003266542044002563, -0.00032563848071731627, -6.762259727111086e-05, -0.00019731397333089262, -0.0004692292714025825, 0.0006492155371233821, -8.500928379362449e-05, 0.00017200189176946878, 0.00033057157997973263, 0.0002178032445954159, -0.0005833423929288983, 1.6099931599455886e-05, 4.200406692689285e-05], [-0.00032563848071731627, 0.0021542683243751526, 0.00046910851961001754, -0.0003724501293618232, 0.0006597091560252011, -0.002018900588154793, -7.56184890633449e-05, -0.000939509307499975, 0.0007511494331993163, 5.3611529438057914e-05, 0.00113765022251755, 0.00037911825347691774, 0.0008115491364151239], [-6.762259727111086e-05, 0.00046910851961001754, 0.0038604196161031723, 0.0005041664699092507, -0.0026986885350197554, -0.002729938831180334, -0.001930181635543704, -0.0017823901725932956, -0.00030629418324679136, 0.000207453005714342, -0.00018544764316175133, -0.0006150448461994529, 0.0007798001752234995], [-0.00019731397333089262, -0.0003724501293618232, 0.0005041664699092507, 0.008446406573057175, -0.004079642705619335, -0.0010000976035371423, -0.00026073763729073107, -0.0017771103885024786, -0.0028017982840538025, -0.0008782459190115333, 0.0013839518651366234, 0.0007495128083974123, -0.0007270380738191307], [-0.0004692292714025825, 0.0006597091560252011, -0.0026986885350197554, -0.004079642705619335, 0.012567035853862762, 0.0008677072473801672, -0.0003000893339049071, -0.0030502481386065483, -0.004252905026078224, -0.00015013375377748162, 0.0024598902091383934, 0.00021116036805324256, -3.517225195537321e-05], [0.0006492155371233821, -0.002018900588154793, -0.002729938831180334, -0.0010000976035371423, 0.0008677072473801672, 0.011248745955526829, -1.0949271199933719e-05, 0.0032887549605220556, -0.0007359113078564405, -0.003092029830440879, -0.0008198352297767997, -0.001776549848727882, 0.0023344827350229025], [-8.500928379362449e-05, -7.56184890633449e-05, -0.001930181635543704, -0.00026073763729073107, -0.0003000893339049071, -1.0949271199933719e-05, 0.009357525035738945, -7.51454135752283e-05, 0.0005454551428556442, -0.0008128646877594292, -0.004871096462011337, 0.004032621625810862, -0.0013442920753732324], [0.00017200189176946878, -0.000939509307499975, -0.0017823901725932956, -0.0017771103885024786, -0.0030502481386065483, 0.0032887549605220556, -7.51454135752283e-05, 0.012407433241605759, -0.0006409388734027743, -0.0019779170397669077, -0.0022344321478158236, -0.0010878307512030005, 0.0019626396242529154], [0.00033057157997973263, 0.0007511494331993163, -0.00030629418324679136, -0.0028017982840538025, -0.004252905026078224, -0.0007359113078564405, 0.0005454551428556442, -0.0006409388734027743, 0.016964662820100784, -0.0006691449671052396, 0.0009422003058716655, -0.0007902812794782221, 0.0013688734034076333], [0.0002178032445954159, 5.3611529438057914e-05, 0.000207453005714342, -0.0008782459190115333, -0.00015013375377748162, -0.003092029830440879, -0.0008128646877594292, -0.0019779170397669077, -0.0006691449671052396, 0.011413677595555782, -0.002359921345487237, -9.77171293925494e-05, -0.0031281777191907167], [-0.0005833423929288983, 0.00113765022251755, -0.00018544764316175133, 0.0013839518651366234, 0.0024598902091383934, -0.0008198352297767997, -0.004871096462011337, -0.0022344321478158236, 0.0009422003058716655, -0.002359921345487237, 0.013492066413164139, -0.0017426946433261037, -0.000989937805570662], [1.6099931599455886e-05, 0.00037911825347691774, -0.0006150448461994529, 0.0007495128083974123, 0.00021116036805324256, -0.001776549848727882, 0.004032621625810862, -0.0010878307512030005, -0.0007902812794782221, -9.77171293925494e-05, -0.0017426946433261037, 0.009637793526053429, -0.005233553238213062], [4.200406692689285e-05, 0.0008115491364151239, 0.0007798001752234995, -0.0007270380738191307, -3.517225195537321e-05, 0.0023344827350229025, -0.0013442920753732324, 0.0019626396242529154, 0.0013688734034076333, -0.0031281777191907167, -0.000989937805570662, -0.005233553238213062, 0.0