{"song_id": "1183717639537836042", "download": "https://cdn.discordapp.com/attachments/1135911532732108921/1183717639537836042/chirp.mp4?ex=658959f5&amp", "lyrics": "(Chorus) \n\u0e21\u0e31\u0e19\u0e1c\u0e34\u0e14\u0e40\u0e2d\u0e07\u0e17\u0e35\u0e48\u0e09\u0e31\u0e19\u0e23\u0e31\u0e01\u0e40\u0e18\u0e2d\u0e21\u0e32\u0e01\u0e44\u0e1b \u0e44\u0e21\u0e48\u0e40\u0e04\u0e22\u0e41\u0e01\u0e49\u0e15\u0e31\u0e27\u0e2d\u0e30\u0e44\u0e23\u0e40\u0e25\u0e22\u0e2a\u0e31\u0e01\u0e17\u0e35 \u0e16\u0e36\u0e07\u0e15\u0e49\u0e2d\u0e07\u0e40\u0e08\u0e47\u0e1a\u0e41\u0e1a\u0e1a\u0e19\u0e35\u0e49 \u0e16\u0e39\u0e01\u0e43\u0e04\u0e23\u0e21\u0e2d\u0e07\u0e44\u0e21\u0e48\u0e21\u0e35\u0e44\u0e21\u0e48\u0e27\u0e48\u0e32\u0e40\u0e23\u0e37\u0e48\u0e2d\u0e07\u0e2d\u0e30\u0e44\u0e23 \u0e40\u0e23\u0e37\u0e48\u0e2d\u0e07\u0e23\u0e32\u0e27\u0e17\u0e35\u0e48\u0e08\u0e1a\u0e41\u0e25\u0e49\u0e27 \u0e01\u0e47\u0e43\u0e2b\u0e49\u0e21\u0e31\u0e19\u0e41\u0e25\u0e49\u0e27\u0e44\u0e1b \u0e40\u0e18\u0e2d\u0e08\u0e30\u0e21\u0e35\u0e43\u0e04\u0e23\u0e01\u0e47\u0e0a\u0e48\u0e32\u0e07\u0e40\u0e18\u0e2d \u0e2d\u0e22\u0e48\u0e32\u0e1e\u0e39\u0e14\u0e2d\u0e30\u0e44\u0e23 \u0e17\u0e35\u0e48\u0e44\u0e21\u0e48\u0e43\u0e0a\u0e48\u0e04\u0e27\u0e32\u0e21\u0e08\u0e23\u0e34\u0e07\u0e2d\u0e35\u0e01\u0e40\u0e25\u0e22", "style": ["pop</span><span>-rock"], "essentia_features": {"lowlevel.average_loudness": 0.9855508208274841, "lowlevel.barkbands_crest.mean": 13.44717788696289, "lowlevel.barkbands_crest.stdev": 3.946498155593872, "lowlevel.barkbands_flatness_db.mean": 0.18231694400310516, "lowlevel.barkbands_flatness_db.stdev": 0.04013283550739288, "lowlevel.barkbands_kurtosis.mean": 7.55031156539917, "lowlevel.barkbands_kurtosis.stdev": 9.207802772521973, "lowlevel.barkbands_skewness.mean": 2.5653493404388428, "lowlevel.barkbands_skewness.stdev": 1.195500135421753, "lowlevel.barkbands_spread.mean": 20.599796295166016, "lowlevel.barkbands_spread.stdev": 11.090651512145996, "lowlevel.dissonance.mean": 0.4750952422618866, "lowlevel.dissonance.stdev": 0.017618203535676003, "lowlevel.dynamic_complexity": 1.368414282798767, "lowlevel.erbbands_crest.mean": 10.799456596374512, "lowlevel.erbbands_crest.stdev": 4.378087043762207, "lowlevel.erbbands_flatness_db.mean": 0.15104961395263672, "lowlevel.erbbands_flatness_db.stdev": 0.025826217606663704, "lowlevel.erbbands_kurtosis.mean": -0.20852673053741455, "lowlevel.erbbands_kurtosis.stdev": 1.4872004985809326, "lowlevel.erbbands_skewness.mean": -0.4641025960445404, "lowlevel.erbbands_skewness.stdev": 0.6572054028511047, "lowlevel.erbbands_spread.mean": 53.10657501220703, "lowlevel.erbbands_spread.stdev": 16.17734146118164, "lowlevel.hfc.mean": 22.265275955200195, "lowlevel.hfc.stdev": 12.540355682373047, "lowlevel.loudness_ebu128.integrated": -13.70733642578125, "lowlevel.loudness_ebu128.loudness_range": 0.45420360565185547, "lowlevel.loudness_ebu128.momentary.mean": -13.751982688903809, "lowlevel.loudness_ebu128.momentary.stdev": 0.6305329203605652, "lowlevel.loudness_ebu128.short_term.mean": -13.700485229492188, "lowlevel.loudness_ebu128.short_term.stdev": 0.16451609134674072, "lowlevel.melbands_crest.mean": 21.41847801208496, "lowlevel.melbands_crest.stdev": 5.196269512176514, "lowlevel.melbands_flatness_db.mean": 0.24871517717838287, "lowlevel.melbands_flatness_db.stdev": 0.048593755811452866, "lowlevel.melbands_kurtosis.mean": 31.775392532348633, "lowlevel.melbands_kurtosis.stdev": 30.281309127807617, "lowlevel.melbands_skewness.mean": 4.798877716064453, "lowlevel.melbands_skewness.stdev": 1.9992200136184692, "lowlevel.melbands_spread.mean": 14.256159782409668, "lowlevel.melbands_spread.stdev": 8.198980331420898, "lowlevel.pitch_salience.mean": 0.38073238730430603, "lowlevel.pitch_salience.stdev": 0.10397953540086746, "lowlevel.silence_rate_20dB.mean": 1.0, "lowlevel.silence_rate_20dB.stdev": 0.0, "lowlevel.silence_rate_30dB.mean": 0.8664092421531677, "lowlevel.silence_rate_30dB.stdev": 0.3402121961116791, "lowlevel.silence_rate_60dB.mean": 0.00154440151527524, "lowlevel.silence_rate_60dB.stdev": 0.039268504828214645, "lowlevel.spectral_centroid.mean": 1356.6016845703125, "lowlevel.spectral_centroid.stdev": 454.6943054199219, "lowlevel.spectral_complexity.mean": 18.15598487854004, "lowlevel.spectral_complexity.stdev": 6.513340473175049, "lowlevel.spectral_decrease.mean": -1.467655419418179e-08, "lowlevel.spectral_decrease.stdev": 1.2357417311648078e-08, "lowlevel.spectral_energy.mean": 0.05741226673126221, "lowlevel.spectral_energy.stdev": 0.047197286039590836, "lowlevel.spectral_energyband_high.mean": 0.0009089956874959171, "lowlevel.spectral_energyband_high.stdev": 0.0014461070531979203, "lowlevel.spectral_energyband_low.mean": 0.043420467525720596, "lowlevel.spectral_energyband_low.stdev": 0.044135164469480515, "lowlevel.spectral_energyband_middle_high.mean": 0.004506691358983517, "lowlevel.spectral_energyband_middle_high.stdev": 0.0023915530182421207, "lowlevel.spectral_energyband_middle_low.mean": 0.012026365846395493, "lowlevel.spectral_energyband_middle_low.stdev": 0.01667417772114277, "lowlevel.spectral_entropy.mean": 7.599855899810791, "lowlevel.spectral_entropy.stdev": 0.25771617889404297, "lowlevel.spectral_flux.mean": 0.1027352437376976, "lowlevel.spectral_flux.stdev": 0.08977606892585754, "lowlevel.spectral_kurtosis.mean": 3.0282058715820312, "lowlevel.spectral_kurtosis.stdev": 1.5956065654754639, "lowlevel.spectral_rms.mean": 0.007099735084921122, "lowlevel.spectral_rms.stdev": 0.0023676231503486633, "lowlevel.spectral_rolloff.mean": 721.81884765625, "lowlevel.spectral_rolloff.stdev": 912.45703125, "lowlevel.spectral_skewness.mean": 1.18794846534729, "lowlevel.spectral_skewness.stdev": 0.2839682698249817, "lowlevel.spectral_spread.mean": 4416384.0, "lowlevel.spectral_spread.stdev": 1058616.375, "lowlevel.spectral_strongpeak.mean": 0.6894958019256592, "lowlevel.spectral_strongpeak.stdev": 0.3091750741004944, "lowlevel.zerocrossingrate.mean": 0.03955341875553131, "lowlevel.zerocrossingrate.stdev": 0.01788533478975296, "metadata.audio_properties.analysis.equal_loudness": 0.0, "metadata.audio_properties.analysis.length": 30.03628158569336, "metadata.audio_properties.analysis.sample_rate": 44100.0, "metadata.audio_properties.analysis.start_time": 0.0, "metadata.audio_properties.bit_rate": 120466.0, "metadata.audio_properties.length": 30.03733253479004, "metadata.audio_properties.lossless": 0.0, "metadata.audio_properties.number_channels": 1.0, "metadata.audio_properties.replay_gain": -11.191558837890625, "metadata.audio_properties.sample_rate": 48000.0, "rhythm.beats_count": 62.0, "rhythm.beats_loudness.mean": 0.08582662045955658, "rhythm.beats_loudness.stdev": 0.04734652116894722, "rhythm.bpm": 124.96009826660156, "rhythm.bpm_histogram_first_peak_bpm": 126.0, "rhythm.bpm_histogram_first_peak_weight": 0.5333333611488342, "rhythm.bpm_histogram_second_peak_bpm": 133.0, "rhythm.bpm_histogram_second_peak_spread": 0.0, "rhythm.bpm_histogram_second_peak_weight": 0.016393441706895828, "rhythm.danceability": 2.4814352989196777, "rhythm.onset_rate": 3.5930256843566895, "tonal.chords_changes_rate": 0.05092592537403107, "tonal.chords_number_rate": 0.010802469216287136, "tonal.chords_strength.mean": 0.489282488822937, "tonal.chords_strength.stdev": 0.08137498795986176, "tonal.hpcp_crest.mean": 14.082273483276367, "tonal.hpcp_crest.stdev": 6.1195292472839355, "tonal.hpcp_entropy.mean": 1.8718403577804565, "tonal.hpcp_entropy.stdev": 0.6380272507667542, "tonal.key_edma.strength": 0.615439772605896, "tonal.key_krumhansl.strength": 0.6067250967025757, "tonal.key_temperley.strength": 0.6222897171974182, "tonal.tuning_diatonic_strength": 0.3937140107154846, "tonal.tuning_equal_tempered_deviation": 0.29929274320602417, "tonal.tuning_frequency": 434.193115234375, "tonal.tuning_nontempered_energy_ratio": 0.9850620031356812, "lowlevel.barkbands.mean": [0.0008770456770434976, 0.020600255578756332, 0.018530549481511116, 0.004632654134184122, 0.0036196322180330753, 0.0007578381919302046, 0.0005521496059373021, 0.000850055948831141, 0.0015315492637455463, 0.000524613365996629, 0.0002616762649267912, 0.0001794879644876346, 0.0002725867088884115, 0.0005560072022490203, 0.0002708183601498604, 0.00018871761858463287, 0.0016205336432904005, 0.0003281516837887466, 0.00022146136325318366, 0.00023324844369199127, 0.00017154253146145493, 0.00032547605223953724, 0.00014187782653607428, 0.00010824976925505325, 4.272591104381718e-05, 1.3414448403636925e-05, 1.9492235381335377e-08], "lowlevel.barkbands.stdev": [0.0020874773617833853, 0.035586509853601456, 0.015655605122447014, 0.012908500619232655, 0.003927687648683786, 0.0021823165006935596, 0.0009290850721299648, 0.0020599833223968744, 0.0029079217929393053, 0.0009834005031734705, 0.0004753049579448998, 0.0003245942643843591, 0.0005005617858842015, 0.0007995422347448766, 0.00028414951520971954, 0.0002021194959525019, 0.0010343976318836212, 0.00031797168776392937, 0.00017232632671948522, 0.00021870892669539899, 0.0002695680013857782, 0.0006187251419760287, 0.00030631438130512834, 0.0002762360090855509, 8.999552665045485e-05, 2.6922765755443834e-05, 8.374196625027253e-08], "lowlevel.erbbands.mean": [0.4820459485054016, 5.130015850067139, 20.124534606933594, 20.168872833251953, 7.718790531158447, 16.07867431640625, 12.192585945129395, 5.682065010070801, 4.434950351715088, 16.16266632080078, 19.181636810302734, 30.04026222229004, 28.550657272338867, 12.601001739501953, 10.288883209228516, 6.746519088745117, 12.231822967529297, 23.19145393371582, 24.735647201538086, 9.888169288635254, 20.427593231201172, 105.59881591796875, 24.10993003845215, 13.812027931213379, 10.26225757598877, 11.383776664733887, 6.5084404945373535, 8.810762405395508, 13.000357627868652, 6.173387050628662, 3.779848098754883, 2.9354710578918457, 1.3970155715942383, 0.5720242261886597, 0.2606022357940674, 0.10533932596445084, 0.01438953261822462, 0.000549624499399215, 4.7883942897897214e-05, 6.729177403030917e-05], "lowlevel.erbbands.stdev": [1.1827998161315918, 7.9510626792907715, 16.73236656188965, 36.49763107299805, 16.688138961791992, 19.39335060119629, 19.466520309448242, 17.763607025146484, 11.796503067016602, 23.083805084228516, 43.30812454223633, 71.24797821044922, 39.54503631591797, 17.93739891052246, 15.93043327331543, 9.311287879943848, 21.249740600585938, 40.27898025512695, 26.979930877685547, 11.056793212890625, 14.93712329864502, 70.29242706298828, 17.48503303527832, 10.40257740020752, 7.901967525482178, 10.726521492004395, 8.328453063964844, 16.111238479614258, 25.731386184692383, 10.550018310546875, 8.538366317749023, 7.258469104766846, 3.8841474056243896, 1.2791403532028198, 0.5253446698188782, 0.19819439947605133, 0.03447841852903366, 0.001429457333870232, 4.8761172365630046e-05, 5.1783161325147375e-05], "lowlevel.gfcc.mean": [18.175785064697266, 98.5542984008789, -117.09215545654297, 67.85838317871094, -42.93550491333008, 26.698497772216797, -31.310440063476562, 18.214527130126953, -15.866118431091309, -9.655890464782715, -24.652118682861328, -5.719047546386719, -11.038556098937988], "lowlevel.melbands.mean": [0.005019134376198053, 0.009094677865505219, 0.0030702906660735607, 0.0007395371794700623, 0.0005510213086381555, 0.0001266761391889304, 7.728799391770735e-05, 0.00019493862055242062, 0.0001576537179062143, 0.00020014694018755108, 0.00014472127077169716, 5.5239190260181203e-05, 3.850051871268079e-05, 1.9921631974284537e-05, 1.6275431335088797e-05, 3.8623096770606935e-05, 4.172393892076798e-05, 4.67095487692859e-05, 1.3990879779157694e-05, 1.099180371966213e-05, 2.0374045561766252e-05, 0.0001246873871423304, 3.893111352226697e-05, 1.2833806067646947e-05, 1.1037486729037482e-05, 7.3035280365729704e-06, 8.053310011746362e-06, 7.341738182731206e-06, 4.086030457983725e-06, 3.6199662645231e-06, 5.725311439164216e-06, 8.341967259184457e-06, 4.839383109356277e-06, 2.8734345960401697e-06, 2.1312141598173184e-06, 2.0536208467092365e-06, 1.7324671262031188e-06, 1.1169491926921182e-06, 5.444980502034014e-07, 4.5602368459185527e-07], "lowlevel.melbands.stdev": [0.010054809041321278, 0.008209796622395515, 0.005295241717249155, 0.0008824227843433619, 0.0007241309504024684, 0.00040120919584296644, 0.0001720613072393462, 0.000294666358968243, 0.00034837285056710243, 0.00040749055915512145, 0.00020711953402496874, 9.054784459294751e-05, 6.96745264576748e-05, 3.986408046330325e-05, 2.3517086447100155e-05, 7.560785161331296e-05, 7.063509110594168e-05, 5.746128226746805e-05, 1.3870271686755586e-05, 1.1684876881190576e-05, 2.0233308532624505e-05, 8.30952194519341e-05, 2.969640991068445e-05, 1.288348539674189e-05, 8.916038495954126e-06, 6.182264314702479e-06, 6.716437383147422e-06, 7.6051564974477515e-06, 5.3949538596498314e-06, 5.2130321819277015e-06, 1.1594519492064137e-05, 1.7228843717020936e-05, 8.823919415590353e-06, 5.192181106394855e-06, 4.64760842078249e-06, 5.158513886271976e-06, 4.442839781404473e-06, 3.3665605769783724e-06, 1.340256744697399e-06, 1.0032047157437773e-06], "lowlevel.melbands128.mean": [0.0007597946096211672, 0.0033864451106637716, 0.006353187374770641, 0.008978252299129963, 0.0108498465269804, 0.00841058511286974, 0.004493536427617073, 0.00161479611415416, 0.0005137138068675995, 0.0005319397896528244, 0.0010744775645434856, 0.000880113453604281, 0.0003719514061231166, 0.00020472696633078158, 0.0001237960095750168, 9.267124551115558e-05, 6.603910151170567e-05, 4.23226083512418e-05, 0.00011200684093637392, 0.00021399040997494012, 0.00020844065875280648, 0.0002571442164480686, 5.5596658057766035e-05, 0.00018707035633269697, 0.0002224878699053079, 0.0001611784682609141, 0.0002912429627031088, 6.829808262409642e-05, 0.0001362807088298723, 6.0418456996558234e-05, 2.248365490231663e-05, 4.364548658486456e-05, 5.37384876224678e-05, 1.997720028157346e-05, 2.6438658096594736e-05, 1.6494584997417405e-05, 1.4804862075834535e-05, 1.8460343198967166e-05, 1.1986719073320273e-05, 2.8277749152039178e-05, 3.1690989999333397e-05, 7.834310963517055e-05, 3.1406649213749915e-05, 2.1769994418718852e-05, 7.07251820131205e-05, 5.4600790463155136e-05, 2.041812513198238e-05, 9.616371244192123e-06, 1.3278151527629234e-05, 1.382028221996734e-05, 7.224272849271074e-06, 1.098816665034974e-05, 2.0102932467125356e-05, 1.4969650692364667e-05, 4.254591840435751e-05, 0.00020775465236511081, 0.00012570626859087497, 2.7380625397199765e-05, 2.6236091798637062e-05, 1.2225213140482083e-05, 1.140990116255125e-05, 1.3934952221461572e-05, 1.084721770894248e-05, 1.1879730664077215e-05, 7.687795005040243e-06, 7.309361080842791e-06, 6.804434178775409e-06, 6.473190296674147e-06, 8.464378879580181e-06, 1.0688450856832787e-05, 6.794397449993994e-06, 6.708924956910778e-06, 4.547812295641052e-06, 3.7268680443958146e-06, 3.1316239983425476e-06, 3.810675934801111e-06, 3.4377774227323243e-06, 4.1899056668626145e-06, 5.888565738132456e-06, 7.101805749698542e-06, 9.38865832722513e-06, 9.07779667613795e-06, 5.812421022710623e-06, 4.674647698266199e-06, 3.585813374229474e-06, 3.133843392788549e-06, 2.5162732981698355e-06, 2.542469928812352e-06, 2.018880422838265e-06, 1.8933565115730744e-06, 2.2113631530373823e-06, 2.1536236545216525e-06, 1.6919871086429339e-06, 1.8110745259036776e-06, 1.747834858178976e-06, 1.3280443909025053e-06, 1.0307717275281902e-06, 7.151517706915911e-07, 5.099892064208689e-07, 4.5056225417283713e-07, 5.17203602612426e-07, 4.358922751634964e-07, 4.34076554256535e-07, 3.607367773383885e-07, 2.5497902811366657e-07, 2.3693618800280092e-07, 2.538088779147074e-07, 1.9986229915502918e-07, 1.861511265133231e-07, 1.7615337810639176e-07, 1.0605059230783809e-07, 4.6052221591708076e-08, 2.8043720234904868e-08, 1.3444424240560693e-08, 4.957547705686238e-09, 1.3269174647945192e-09, 6.624963910795145e-10, 9.483337726212682e-11, 1.2618218102333767e-11, 1.2368130825057833e-11, 1.1608385259986864e-11, 9.1959825171406e-12, 8.033034307186604e-12, 7.892318742985793e-12, 7.742516697217816e-12, 7.583510208686306e-12, 7.484415864844607e-12, 7.438695492911762e-12], "lowlevel.melbands128.stdev": [0.0019727367907762527, 0.009806415997445583, 0.015407955273985863, 0.013683284632861614, 0.01003026869148016, 0.007778874598443508, 0.008931186981499195, 0.0047826012596488, 0.001298478920944035, 0.0007632926572114229, 0.0014689795207232237, 0.0012059961445629597, 0.0007967501296661794, 0.0005741086788475513, 0.00042746542021632195, 0.00044231911306269467, 0.0002731478598434478, 0.00012477999553084373, 0.00020338824833743274, 0.0004037673061247915, 0.00046155406744219363, 0.0007753774989396334, 0.0002117842377629131, 0.0006796373636461794, 0.0008369822171516716, 0.00029064263799227774, 0.0005967016331851482, 0.00010009214020101354, 0.00034046830842271447, 0.00012907868949696422, 5.205286652198993e-05, 9.532942931400612e-05, 0.00012663564120884985, 2.7286318072583526e-05, 8.675358549226075e-05, 3.306638973299414e-05, 2.5356544938404113e-05, 4.066307519678958e-05, 2.413859147054609e-05, 7.341892342083156e-05, 7.69947437220253e-05, 0.00023140921257436275, 7.259432459250093e-05, 4.0032711694948375e-05, 0.00014531945635098964, 7.343304605456069e-05, 2.53263751801569e-05, 1.2102327673346736e-05, 2.4279990611830726e-05, 2.4023986043175682e-05, 7.982180250110105e-06, 1.805533429433126e-05, 3.180155545123853e-05, 3.0939761927584186e-05, 5.074821092421189e-05, 0.00015764866839163005, 0.0001270534994546324, 4.6443605242529884e-05, 3.669930811156519e-05, 1.4611347069148906e-05, 1.7311314877588302e-05, 1.8456628822605126e-05, 1.0045987437479198e-05, 1.2315033927734476e-05, 8.267480552603956e-06, 7.772709977871273e-06, 7.094316060829442e-06, 6.362226486089639e-06, 9.06279638002161e-06, 1.0655676305759698e-05, 8.741782039578538e-06, 9.013946510094684e-06, 6.501485131593654e-06, 5.946798864897573e-06, 4.801984687219374e-06, 5.543488896364579e-06, 5.827385393786244e-06, 8.0993959272746e-06, 1.3154872249288019e-05, 1.6301972209475935e-05, 2.165192381653469e-05, 1.7750160623108968e-05, 1.3265190318634268e-05, 9.543007763568312e-06, 5.94243692830787e-06, 5.915674591960851e-06, 5.708937806048198e-06, 4.833907041756902e-06, 4.289740900276229e-06, 5.90013542023371e-06, 6.256793312786613e-06, 5.127909389557317e-06, 4.160815933573758e-06, 4.9249933908868115e-06, 4.76050217912416e-06, 4.397403245093301e-06, 3.3622309274505824e-06, 2.023418801400112e-06, 1.353283664684568e-06, 1.0862911494768923e-06, 1.2055828619850217e-06, 9.997006600315217e-07, 1.053711002896307e-06, 6.724981176375877e-07, 6.664811280643335e-07, 4.812949327970273e-07, 4.716713704056019e-07, 3.8665680790472834e-07, 3.8857663753333327e-07, 3.6249855384085095e-07, 2.643530763180024e-07, 1.3700807244276803e-07, 1.0538009576066543e-07, 4.526479813193873e-08, 2.1080312606613916e-08, 6.9880243813713605e-09, 3.0509088588814848e-09, 6.692727483326166e-10, 1.220101381038674e-10, 1.3679772592478656e-10, 1.1691635160016034e-10, 3.7589653612002394e-11, 1.2500318488650741e-11, 1.2285684622415083e-11, 1.2108281391420839e-11, 1.1965681917525117e-11, 1.1861880401531355e-11, 1.1797898595566902e-11], "lowlevel.mfcc.mean": [-619.2985229492188, 110.96184539794922, 2.0026683807373047, 44.82662582397461, 18.239444732666016, 17.216474533081055, 3.6767985820770264, 23.49151039123535, 11.836966514587402, 4.201723575592041, 3.3020195960998535, 0.6963887214660645, -10.113423347473145], "lowlevel.spectral_contrast_coeffs.mean": [-0.6224768757820129, -0.7548692226409912, -0.7716723680496216, -0.7998198866844177, -0.7659050226211548, -0.7215563654899597], "lowlevel.spectral_contrast_coeffs.stdev": [0.06313490867614746, 0.07857391238212585, 0.06337785720825195, 0.03824097290635109, 0.02961091324687004, 0.036151688545942307], "lowlevel.spectral_contrast_valleys.mean": [-6.545912742614746, -7.184554576873779, -7.371929168701172, -7.456219673156738, -7.172727108001709, -10.174958229064941], "lowlevel.spectral_contrast_valleys.stdev": [0.6145725250244141, 0.5247194170951843, 0.4178023636341095, 0.4066513478755951, 0.44386035203933716, 0.8178872466087341], "rhythm.beats_loudness_band_ratio.mean": [0.7753030061721802, 0.06959234923124313, 0.05946928635239601, 0.02930380403995514, 0.047801535576581955, 0.028749050572514534], "rhythm.beats_loudness_band_ratio.stdev": [0.13532240688800812, 0.06997955590486526, 0.054528284817934036, 0.03523027151823044, 0.030187007039785385, 0.022048616781830788], "tonal.hpcp.mean": [0.28259703516960144, 0.3314474821090698, 0.09305820614099503, 0.024167072027921677, 0.023432409390807152, 0.03189578652381897, 0.12307552993297577, 0.17220544815063477, 0.08585596829652786, 0.029080543667078018, 0.026339033618569374, 0.04021848738193512, 0.1432890146970749, 0.21928660571575165, 0.1287699043750763, 0.0428483746945858, 0.03462669998407364, 0.03149602562189102, 0.03965650871396065, 0.05193941667675972, 0.03534511476755142, 0.06851529330015182, 0.1166558787226677, 0.06999567151069641, 0.02227628231048584, 0.023053357377648354, 0.02465767413377762, 0.11018729209899902, 0.2431083470582962, 0.17112216353416443, 0.048906516283750534, 0.03889185190200806, 0.026046140119433403, 0.03224251791834831, 0.047071199864149094, 0.05617447942495346], "tonal.hpcp.stdev": [0.3853437304496765, 0.4486428201198578, 0.18428565561771393, 0.11761791259050369, 0.11422626674175262, 0.1263401210308075, 0.19084638357162476, 0.2635003924369812, 0.1985899806022644, 0.12798020243644714, 0.10840175300836563, 0.13313761353492737, 0.23657163977622986, 0.33552348613739014, 0.23164208233356476, 0.1541946977376938, 0.145730659365654, 0.13410545885562897, 0.09324688464403152, 0.08742177486419678, 0.07757684588432312, 0.1608329564332962, 0.2729092538356781, 0.17954795062541962, 0.09381264448165894, 0.10477206856012344, 0.1240881085395813, 0.19483134150505066, 0.38023102283477783, 0.30072855949401855, 0.16635799407958984, 0.16639108955860138, 0.11982704699039459, 0.09462904930114746, 0.12676198780536652, 0.15579979121685028], "rhythm.beats_position": [0.40634921193122864, 0.8591383099555969, 1.3235373497009277, 1.8111563920974731, 2.2987754344940186, 2.7863945960998535, 3.2740135192871094, 3.738412618637085, 4.22603178024292, 4.702040672302246, 5.178049564361572, 5.654058933258057, 6.1416778564453125, 6.617686748504639, 7.093696117401123, 7.569705009460449, 8.057324409484863, 8.544942855834961, 9.032562255859375, 9.49696159362793, 9.972970008850098, 10.448979377746582, 10.936598777770996, 11.424217224121094, 11.900226593017578, 12.376235961914062, 12.85224437713623, 13.339863777160645, 13.815873146057129, 14.303491592407227, 14.779500961303711, 15.255510330200195, 15.743128776550293, 16.23074722290039, 16.695146560668945, 17.18276596069336, 17.670385360717773, 18.146394729614258, 18.622404098510742, 19.098411560058594, 19.574420928955078, 20.062040328979492, 20.549659729003906, 21.01405906677246, 21.501678466796875, 21.977685928344727, 22.45369529724121, 22.941314697265625, 23.42893409729004, 23.904943466186523, 24.380952835083008, 24.86857032775879, 25.344579696655273, 25.820589065551758, 26.296598434448242, 26.772607803344727, 27.26022720336914, 27.747844696044922, 28.223854064941406, 28.69986343383789, 29.187482833862305, 29.67510223388672], "rhythm.bpm_histogram": [0.0, 0.0, 0.0, 0.0, 0.0, 0.0, 0.0, 0.0, 0.0, 0.0, 0.0, 0.0, 0.0, 0.0, 0.0, 0.0, 0.0, 0.0, 0.0, 0.0, 0.0, 0.0, 0.0, 0.0, 0.0, 0.0, 0.0, 0.0, 0.0, 0.0, 0.0, 0.0, 0.0, 0.0, 0.0, 0.0, 0.0, 0.0, 0.0, 0.0, 0.0, 0.0, 0.0, 0.0, 0.0, 0.0, 0.0, 0.0, 0.0, 0.0, 0.0, 0.0, 0.0, 0.0, 0.0, 0.0, 0.0, 0.0, 0.0, 0.0, 0.0, 0.0, 0.0, 0.0, 0.0, 0.0, 0.0, 0.0, 0.0, 0.0, 0.0, 0.0, 0.0, 0.0, 0.0, 0.0, 0.0, 0.0, 0.0, 0.0, 0.0, 0.0, 0.0, 0.0, 0.0, 0.0, 0.0, 0.0, 0.0, 0.0, 0.0, 0.0, 0.0, 0.0, 0.0, 0.0, 0.0, 0.0, 0.0, 0.0, 0.0, 0.0, 0.0, 0.0, 0.0, 0.0, 0.0, 0.0, 0.0, 0.0, 0.0, 0.0, 0.0, 0.0, 0.0, 0.0, 0.0, 0.0, 0.0, 0.0, 0.0, 0.0, 0.0, 0.44262295961380005, 0.0, 0.0, 0.4590163826942444, 0.0, 0.0, 0.08196721225976944, 0.0, 0.0, 0.0, 0.016393441706895828, 0.0, 0.0, 0.0, 0.0, 0.0, 0.0, 0.0, 0.0, 0.0, 0.0, 0.0, 0.0, 0.0, 0.0, 0.0, 0.0, 0.0, 0.0, 0.0, 0.0, 0.0, 0.0, 0.0, 0.0, 0.0, 0.0, 0.0, 0.0, 0.0, 0.0, 0.0, 0.0, 0.0, 0.0, 0.0, 0.0, 0.0, 0.0, 0.0, 0.0, 0.0, 0.0, 0.0, 0.0, 0.0, 0.0, 0.0, 0.0, 0.0, 0.0, 0.0, 0.0, 0.0, 0.0, 0.0, 0.0, 0.0, 0.0, 0.0, 0.0, 0.0, 0.0, 0.0, 0.0, 0.0, 0.0, 0.0, 0.0, 0.0, 0.0, 0.0, 0.0, 0.0, 0.0, 0.0, 0.0, 0.0, 0.0, 0.0, 0.0, 0.0, 0.0, 0.0, 0.0, 0.0, 0.0, 0.0, 0.0, 0.0, 0.0, 0.0, 0.0, 0.0, 0.0, 0.0, 0.0, 0.0, 0.0, 0.0, 0.0, 0.0, 0.0, 0.0, 0.0, 0.0, 0.0, 0.0, 0.0, 0.0, 0.0, 0.0, 0.0, 0.0, 0.0, 0.0, 0.0], "tonal.chords_histogram": [11.419753074645996, 5.246913433074951, 3.8580245971679688, 9.259259223937988, 33.950618743896484, 0.0, 0.3086419701576233, 0.0, 0.0, 0.0, 0.0, 0.0, 0.0, 0.0, 0.0, 0.0, 0.0, 0.0, 0.0, 0.0, 0.0, 0.0, 7.561728477478027, 28.395061492919922], "tonal.thpcp": [1.0, 0.28076305985450745, 0.07291372865438461, 0.07069720327854156, 0.09623179584741592, 0.37132740020751953, 0.5195557475090027, 0.2590334117412567, 0.08773801475763321, 0.07946668565273285, 0.12134195864200592, 0.43231287598609924, 0.6616028547286987, 0.3885077238082886, 0.12927651405334473, 0.10447115451097488, 0.0950256884098053, 0.11964643001556396, 0.15670481324195862, 0.10663865506649017, 0.206715390086174, 0.35195887088775635, 0.21118178963661194, 0.06720908731222153, 0.06955357640981674, 0.07439391314983368, 0.3324427008628845, 0.7334747314453125, 0.5162873864173889, 0.14755435287952423, 0.11733940988779068, 0.0785830095410347, 0.09727790951728821, 0.14201706647872925, 0.1694822907447815, 0.8526148200035095], "lowlevel.gfcc.cov": [[1935.15380859375, -364.0773620605469, 269.08245849609375, -107.12104034423828, -386.9005126953125, 108.8871841430664, -174.57305908203125, 48.035179138183594, -59.76433181762695, 205.80258178710938, -113.29063415527344, 33.46221923828125, -117.73670196533203], [-364.0773620605469, 592.5338134765625, -170.90884399414062, -88.20047760009766, 166.35494995117188, -156.39007568359375, 96.8126449584961, -82.26695251464844, 21.009197235107422, -88.62726593017578, 85.88782501220703, -54.80010986328125, 87.99325561523438], [269.08245849609375, -170.90884399414062, 264.4654541015625, 59.790225982666016, -79.0343246459961, 7.468081474304199, -120.73829650878906, 11.134434700012207, -32.682655334472656, 21.20060157775879, -12.57951545715332, 53.259605407714844, -18.906513214111328], [-107.12104034423828, -88.20047760009766, 59.790225982666016, 218.931396484375, 66.04939270019531, -2.792219638824463, 0.23160263895988464, -35.079498291015625, 5.804597854614258, -52.163143157958984, 33.69767761230469, 8.559188842773438, 30.992918014526367], [-386.9005126953125, 166.35494995117188, -79.0343246459961, 66.04939270019531, 272.34820556640625, 3.143087148666382, 130.05740356445312, -0.7967836856842041, 33.08110809326172, -47.09403991699219, 55.70779800415039, -5.001651763916016, 53.32542037963867], [108.8871841430664, -156.39007568359375, 7.468081474304199, -2.792219638824463, 3.143087148666382, 152.73248291015625, 59.856258392333984, 28.005573272705078, 5.296935558319092, 40.61801528930664, -22.90576934814453, -0.8591864109039307, -12.14389419555664], [-174.57305908203125, 96.8126449584961, -120.73829650878906, 0.23160263895988464, 130.05740356445312, 59.856258392333984, 186.06063842773438, 6.700115203857422, 36.56589889526367, -1.2122738361358643, 20.922183990478516, -28.054134368896484, 24.61208724975586], [48.035179138183594, -82.26695251464844, 11.134434700012207, -35.079498291015625, -0.7967836856842041, 28.005573272705078, 6.700115203857422, 114.42204284667969, 33.87911605834961, 30.19046401977539, -4.970098495483398, 21.38202476501465, -9.207246780395508], [-59.76433181762695, 21.009197235107422, -32.682655334472656, 5.804597854614258, 33.08110809326172, 5.296935558319092, 36.56589889526367, 33.87911605834961, 68.94104766845703, 8.778435707092285, 15.70726203918457, -2.1651523113250732, 10.68773078918457], [205.80258178710938, -88.62726593017578, 21.20060157775879, -52.163143157958984, -47.09403991699219, 40.61801528930664, -1.2122738361358643, 30.19046401977539, 8.778435707092285, 111.1063461303711, -3.46663498878479, 11.971875190734863, -20.843463897705078], [-113.29063415527344, 85.88782501220703, -12.57951545715332, 33.69767761230469, 55.70779800415039, -22.90576934814453, 20.922183990478516, -4.970098495483398, 15.70726203918457, -3.46663498878479, 74.44792938232422, 16.19361114501953, 37.100074768066406], [33.46221923828125, -54.80010986328125, 53.259605407714844, 8.559188842773438, -5.001651763916016, -0.8591864109039307, -28.054134368896484, 21.38202476501465, -2.1651523113250732, 11.971875190734863, 16.19361114501953, 62.016845703125, 10.374889373779297], [-117.73670196533203, 87.99325561523438, -18.906513214111328, 30.992918014526367, 53.32542037963867, -12.14389419555664, 24.61208724975586, -9.207246780395508, 10.68773078918457, -20.843463897705078, 37.100074768066406, 10.374889373779297, 71.35626983642578]], "lowlevel.gfcc.icov": [[0.0010637526866048574, -0.0014142774743959308, -0.00048131399671547115, -0.0013655980583280325, 0.0014890905003994703, -0.0013687986647710204, 0.0002709333784878254, -0.0008402742678299546, 0.0006042300374247134, -0.001988848438486457, 0.0015636092284694314, -0.0008893775520846248, 0.001062059192918241], [-0.0014142774743959308, 0.01678408682346344, -0.0019249708857387304, 0.015906697139143944, -0.006752165034413338, 0.014012088067829609, -0.0057923197746276855, 0.00952398031949997, -0.004162897821515799, 0.009709184058010578, -0.013087249360978603, 0.01208314299583435, -0.011285238899290562], [-0.00048131399671547115, -0.0019249708857387304, 0.008371306583285332, -0.0045380122028291225, 7.253954390762374e-05, -0.002971463603898883, 0.005194151774048805, -0.0018287498969584703, 0.002130767796188593, -0.0018236099276691675, 0.002039110753685236, -0.005511757917702198, 0.0020706504583358765], [-0.0013655980583280325, 0.015906697139143944, -0.0045380122028291225, 0.022421859204769135, -0.0077128661796450615, 0.011762907728552818, -0.005038673058152199, 0.011458137072622776, -0.006312873680144548, 0.01250019483268261, -0.01487225666642189, 0.012037978507578373, -0.011248395778238773], [0.0014890905003994703, -0.006752165034413338, 7.253954390762374e-05, -0.0077128661796450615, 0.011220408603549004, -0.004807296674698591, -0.003219523699954152, -0.004813015926629305, 0.0020109929610043764, -0.0028074502479285, 0.0031887139193713665, -0.005526171065866947, 0.0034631225280463696], [-0.0013687986647710204, 0.014012088067829609, -0.002971463603898883, 0.011762907728552818, -0.004807296674698591, 0.02246861718595028, -0.01075745839625597, 0.006073279306292534, -0.00184730626642704, 0.004891810938715935, -0.006734665483236313, 0.009381028823554516, -0.009680289775133133], [0.0002709333784878254, -0.0057923197746276855, 0.005194151774048805, -0.005038673058152199, -0.003219523699954152, -0.01075745839625597, 0.017062025144696236, -0.002620263257995248, -0.0012368354946374893, -0.00409593153744936, 0.003264967119321227, -0.0014245669590309262, 0.003005099017173052], [-0.0008402742678299546, 0.00952398031949997, -0.0018287498969584703, 0.011458137072622776, -0.004813015926629305, 0.006073279306292534, -0.002620263257995248, 0.018908314406871796, -0.009980788454413414, 0.004938829690217972, -0.005948478356003761, 0.0019152079476043582, -0.004866388626396656], [0.0006042300374247134, -0.004162897821515799, 0.002130767796188593, -0.006312873680144548, 0.0020109929610043764, -0.00184730626642704, -0.0012368354946374893, -0.009980788454413414, 0.02274993062019348, -0.004995184950530529, 0.0009050905355252326, -0.0006769094034098089, 0.00151974824257195], [-0.001988848438486457, 0.009709184058010578, -0.0018236099276691675, 0.01250019483268261, -0.0028074502479285, 0.004891810938715935, -0.00409593153744936, 0.004938829690217972, -0.004995184950530529, 0.021028418093919754, -0.01245102658867836, 0.00539993355050683, -0.0036072460934519768], [0.0015636092284694314, -0.013087249360978603, 0.002039110753685236, -0.01487225666642189, 0.0031887139193713665, -0.006734665483236313, 0.003264967119321227, -0.005948478356003761, 0.0009050905355252326, -0.01245102658867836, 0.034277159720659256, -0.015079566277563572, 0.000893927295692265], [-0.0008893775520846248, 0.01208314299583435, -0.005511757917702198, 0.012037978507578373, -0.005526171065866947, 0.009381028823554516, -0.0014245669590309262, 0.0019152079476043582, -0.0006769094034098089, 0.00539993355050683, -0.015079566277563572, 0.03360529989004135, -0.011959075927734375], [0.001062059192918241, -0.011285238899290562, 0.0020706504583358765, -0.011248395778238773, 0.0034631225280463696, -0.009680289775133133, 0.003005099017173052, -0.004866388626396656, 0.00151974824257195, -0.0036072460934519768, 0.000893927295692265, -0.011959075927734375, 0.029210049659013748]], "lowlevel.mfcc.cov": [[1777.2913818359375, -319.6650695800781, 347.5667724609375, -194.1993865966797, -146.4957733154297, -12.760496139526367, -114.54931640625, -147.4641571044922, -17.34065818786621, 19.613792419433594, 95.95124816894531, -24.386859893798828, -34.49727249145508], [-319.6650695800781, 626.304931640625, -261.8830871582031, 38.75401306152344, -12.001791954040527, -44.547462463378906, 44.73581314086914, -16.345430374145508, -15.315825462341309, -18.862642288208008, -4.058144569396973, -32.61331558227539, -10.422450065612793], [347.5667724609375, -261.8830871582031, 346.98040771484375, -34.5419807434082, 9.457789421081543, -38.834739685058594, -93.8138427734375, -46.12004470825195, -53.65208435058594, -33.86058044433594, -27.330812454223633, 7.335124492645264, -18.036649703979492], [-194.1993865966797, 38.75401306152344, -34.5419807434082, 203.0828399658203, 73.10895538330078, 0.9397680163383484, 11.912240028381348, 27.29322624206543, -22.874412536621094, -26.20307731628418, -54.31542205810547, 13.680119514465332, 23.965200424194336], [-146.4957733154297, -12.001791954040527, 9.457789421081543, 73.10895538330078, 121.23950958251953, -7.871394634246826, 8.840485572814941, 36.07794952392578, -6.49799919128418, -5.940971851348877, -34.899356842041016, 15.733150482177734, 11.583959579467773], [-12.760496139526367, -44.547462463378906, -38.834739685058594, 0.9397680163383484, -7.871394634246826, 135.75637817382812, 63.908199310302734, 7.653645038604736, 26.602123260498047, 10.017743110656738, 13.440950393676758, -5.450209617614746, 10.679353713989258], [-114.54931640625, 44.73581314086914, -93.8138427734375, 11.912240028381348, 8.840485572814941, 63.908199310302734, 120.80683898925781, 29.597862243652344, 33.93975067138672, 13.997627258300781, 18.68468475341797, 7.550780296325684, 15.090445518493652], [-147.4641571044922, -16.345430374145508, -46.12004470825195, 27.29322624206543, 36.07794952392578, 7.653645038604736, 29.597862243652344, 102.73609924316406, 28.94743537902832, 14.51269245147705, -16.575252532958984, 15.87651252746582, 10.925941467285156], [-17.34065818786621, -15.315825462341309, -53.65208435058594, -22.874412536621094, -6.49799919128418, 26.602123260498047, 33.93975067138672, 28.94743537902832, 76.23394775390625, 39.60200881958008, 23.038728713989258, 3.892727851867676, 11.117055892944336], [19.613792419433594, -18.862642288208008, -33.86058044433594, -26.20307731628418, -5.940971851348877, 10.017743110656738, 13.997627258300781, 14.51269245147705, 39.60200881958008, 64.90979766845703, 31.138511657714844, 1.794474482536316, 3.1446852684020996], [95.95124816894531, -4.058144569396973, -27.330812454223633, -54.31542205810547, -34.899356842041016, 13.440950393676758, 18.68468475341797, -16.575252532958984, 23.038728713989258, 31.138511657714844, 83.93437957763672, 16.116592407226562, -3.6341969966888428], [-24.386859893798828, -32.61331558227539, 7.335124492645264, 13.680119514465332, 15.733150482177734, -5.450209617614746, 7.550780296325684, 15.87651252746582, 3.892727851867676, 1.794474482536316, 16.116592407226562, 57.59990692138672, 21.177854537963867], [-34.49727249145508, -10.422450065612793, -18.036649703979492, 23.965200424194336, 11.583959579467773, 10.679353713989258, 15.090445518493652, 10.925941467285156, 11.117055892944336, 3.1446852684020996, -3.6341969966888428, 21.177854537963867, 54.203609466552734]], "lowlevel.mfcc.icov": [[0.0009285442647524178, 0.000123056786833331, -0.0008701360202394426, 9.96623421087861e-05, 0.0006252705934457481, -2.4094248146866448e-05, 0.00020445711561478674, 0.0005172546952962875, -0.00017398646741639823, -0.00019572718883864582, -0.0009573539136908948, 0.0005872125620953739, -0.0002556288964115083], [0.000123056786833331, 0.0031242091208696365, 0.0026787694077938795, 1.272092958970461e-05, -7.356674814218422e-06, 0.0018194818403571844, -0.0008191953529603779, 0.0013479673070833087, 0.0010024704970419407, 0.0011190808145329356, 0.00017360554193146527, 0.0010542899835854769, 0.0004934428143315017], [-0.0008701360202394426, 0.0026787694077938795, 0.0076935868710279465, 0.0014049409655854106, -0.001784989144653082, 0.0008370172581635416, 0.001870002131909132, 0.00199613138101995, 0.002261765766888857, 0.0017197502311319113, 0.0028301121201366186, -0.001977507956326008, 0.0015925291227176785], [9.96623421087861e-05, 1.272092958970461e-05, 0.0014049409655854106, 0.008108976297080517, -0.003340626833960414, -0.0006079137092456222, -3.9493148506153375e-05, 0.00022122815425973386, 0.002126934938132763, 0.0007615839713253081, 0.0037603031378239393, -0.0018263949314132333, -0.001766467117704451], [0.0006252705934457481, -7.356674814218422e-06, -0.001784989144653082, -0.003340626833960414, 0.012997962534427643, 0.0008256242144852877, -0.0015375330112874508, -0.002305262256413698, 0.0006632166914641857, -0.0022588802967220545, 0.002794025931507349, -0.0022126464173197746, 0.00027866821619682014], [-2.4094248146866448e-05, 0.0018194818403571844, 0.0008370172581635416, -0.0006079137092456222, 0.0008256242144852877, 0.011522783897817135, -0.0061565483920276165, 0.0011712025152519345, -0.001287134480662644, 0.0011360386852174997, -0.0006053566467016935, 0.0030383223202079535, -0.0011165632167831063], [0.00020445711561478674, -0.0008191953529603779, 0.001870002131909132, -3.9493148506153375e-05, -0.0015375330112874508, -0.0061565483920276165, 0.015310810878872871, -0.0021601554471999407, -0.0025850061792880297, 0.0017502765404060483, -0.00301362038590014, -0.0007999006775207818, -0.00113414297811687], [0.0005172546952962875, 0.0013479673070833087, 0.00199613138101995, 0.00022122815425973386, -0.002305262256413698, 0.0011712025152519345, -0.0021601554471999407, 0.0158672071993351, -0.004534394480288029, -0.002062429441139102, 0.005732113495469093, -0.004671978764235973, 0.0020790789276361465], [-0.00017398646741639823, 0.0010024704970419407, 0.002261765766888857, 0.002126934938132763, 0.0006632166914641857, -0.001287134480662644, -0.0025850061792880297, -0.004534394480288029, 0.025043994188308716, -0.010555330663919449, -0.0007886860985308886, 0.0010783313773572445, -0.0033584919292479753], [-0.00019572718883864582, 0.0011190808145329356, 0.0017197502311319113, 0.0007615839713253081, -0.0022588802967220545, 0.0011360386852174997, 0.0017502765404060483, -0.002062429441139102, -0.010555330663919449, 0.027179226279258728, -0.008550415746867657, 0.003829296911135316, -0.0009678584756329656], [-0.0009573539136908948, 0.00017360554193146527, 0.0028301121201366186, 0.0037603031378239393, 0.002794025931507349, -0.0006053566467016935, -0.00301362038590014, 0.005732113495469093, -0.0007886860985308886, -0.008550415746867657, 0.025382352992892265, -0.012199502438306808, 0.005035083275288343], [0.0005872125620953739, 0.0010542899835854769, -0.001977507956326008, -0.0018263949314132333, -0.0022126464173197746, 0.0030383223202079535, -0.0007999006775207818, -0.004671978764235973, 0.0010783313773572445, 0.003829296911135316, -0.012199502438306808, 0.028274737298488617, -0.01054385770112276], [-0.0002556288964115083, 0.0004934428143315017, 0.0015925291227176785, -0.001766467117704451, 0.00027866821619682014, -0.0011165632167831063, -0.00113414297811687, 0.0020790789276361465, -0.00335849192924797