{"song_id": "1183700931901149204", "download": "https://cdn.discordapp.com/attachments/1135911532732108921/1183700931901149204/chirp.mp4?ex=65894a66&amp", "lyrics": "was f\u00fcr skinny das eine normale brakka nvou\nwas f\u00fcr skinny mit eingebauter leggins ohne jeans\ndas nicht skinny das ist herr rollhausers hose", "style": ["emo rap"], "essentia_features": {"lowlevel.average_loudness": 0.2761671245098114, "lowlevel.barkbands_crest.mean": 11.512105941772461, "lowlevel.barkbands_crest.stdev": 3.7016921043395996, "lowlevel.barkbands_flatness_db.mean": 0.2905409634113312, "lowlevel.barkbands_flatness_db.stdev": 0.07161412388086319, "lowlevel.barkbands_kurtosis.mean": 7.015324592590332, "lowlevel.barkbands_kurtosis.stdev": 15.119905471801758, "lowlevel.barkbands_skewness.mean": 1.768514633178711, "lowlevel.barkbands_skewness.stdev": 1.4616751670837402, "lowlevel.barkbands_spread.mean": 10.300177574157715, "lowlevel.barkbands_spread.stdev": 12.164525985717773, "lowlevel.dissonance.mean": 0.4268491268157959, "lowlevel.dissonance.stdev": 0.03787214308977127, "lowlevel.dynamic_complexity": 4.613028049468994, "lowlevel.erbbands_crest.mean": 11.029778480529785, "lowlevel.erbbands_crest.stdev": 4.335090160369873, "lowlevel.erbbands_flatness_db.mean": 0.3016980290412903, "lowlevel.erbbands_flatness_db.stdev": 0.1035722866654396, "lowlevel.erbbands_kurtosis.mean": 1.0741677284240723, "lowlevel.erbbands_kurtosis.stdev": 3.3674025535583496, "lowlevel.erbbands_skewness.mean": 0.6612152457237244, "lowlevel.erbbands_skewness.stdev": 0.9555330276489258, "lowlevel.erbbands_spread.mean": 21.7357234954834, "lowlevel.erbbands_spread.stdev": 13.499518394470215, "lowlevel.hfc.mean": 11.23349380493164, "lowlevel.hfc.stdev": 19.645112991333008, "lowlevel.loudness_ebu128.integrated": -21.412927627563477, "lowlevel.loudness_ebu128.loudness_range": 11.419729232788086, "lowlevel.loudness_ebu128.momentary.mean": -24.474557876586914, "lowlevel.loudness_ebu128.momentary.stdev": 5.083369255065918, "lowlevel.loudness_ebu128.short_term.mean": -23.944297790527344, "lowlevel.loudness_ebu128.short_term.stdev": 4.709414005279541, "lowlevel.melbands_crest.mean": 17.6390323638916, "lowlevel.melbands_crest.stdev": 7.455832481384277, "lowlevel.melbands_flatness_db.mean": 0.3757005035877228, "lowlevel.melbands_flatness_db.stdev": 0.0880991667509079, "lowlevel.melbands_kurtosis.mean": 11.033930778503418, "lowlevel.melbands_kurtosis.stdev": 22.55665397644043, "lowlevel.melbands_skewness.mean": 2.141383647918701, "lowlevel.melbands_skewness.stdev": 1.5304558277130127, "lowlevel.melbands_spread.mean": 13.93301773071289, "lowlevel.melbands_spread.stdev": 21.07175064086914, "lowlevel.pitch_salience.mean": 0.5245264172554016, "lowlevel.pitch_salience.stdev": 0.1344423145055771, "lowlevel.silence_rate_20dB.mean": 0.9910283088684082, "lowlevel.silence_rate_20dB.stdev": 0.09429285675287247, "lowlevel.silence_rate_30dB.mean": 0.8819875717163086, "lowlevel.silence_rate_30dB.stdev": 0.3226225972175598, "lowlevel.silence_rate_60dB.mean": 0.18771566450595856, "lowlevel.silence_rate_60dB.stdev": 0.3904822766780853, "lowlevel.spectral_centroid.mean": 778.7621459960938, "lowlevel.spectral_centroid.stdev": 681.4954833984375, "lowlevel.spectral_complexity.mean": 11.14147663116455, "lowlevel.spectral_complexity.stdev": 5.57612419128418, "lowlevel.spectral_decrease.mean": -1.0130871253011264e-08, "lowlevel.spectral_decrease.stdev": 1.8517420485864022e-08, "lowlevel.spectral_energy.mean": 0.03925514221191406, "lowlevel.spectral_energy.stdev": 0.07070372253656387, "lowlevel.spectral_energyband_high.mean": 0.0004752920940518379, "lowlevel.spectral_energyband_high.stdev": 0.0018878931878134608, "lowlevel.spectral_energyband_low.mean": 0.023760544136166573, "lowlevel.spectral_energyband_low.stdev": 0.05988923832774162, "lowlevel.spectral_energyband_middle_high.mean": 0.0017340835183858871, "lowlevel.spectral_energyband_middle_high.stdev": 0.0038232302758842707, "lowlevel.spectral_energyband_middle_low.mean": 0.012602630071341991, "lowlevel.spectral_energyband_middle_low.stdev": 0.0209845919162035, "lowlevel.spectral_entropy.mean": 6.6965789794921875, "lowlevel.spectral_entropy.stdev": 0.5337919592857361, "lowlevel.spectral_flux.mean": 0.05723872408270836, "lowlevel.spectral_flux.stdev": 0.08622676879167557, "lowlevel.spectral_kurtosis.mean": 27.815351486206055, "lowlevel.spectral_kurtosis.stdev": 24.42459487915039, "lowlevel.spectral_rms.mean": 0.0046841963194310665, "lowlevel.spectral_rms.stdev": 0.004044253844767809, "lowlevel.spectral_rolloff.mean": 1000.2683715820312, "lowlevel.spectral_rolloff.stdev": 1416.92919921875, "lowlevel.spectral_skewness.mean": 2.949092388153076, "lowlevel.spectral_skewness.stdev": 1.4080495834350586, "lowlevel.spectral_spread.mean": 2462467.0, "lowlevel.spectral_spread.stdev": 2133971.25, "lowlevel.spectral_strongpeak.mean": 0.7664486765861511, "lowlevel.spectral_strongpeak.stdev": 0.6809356212615967, "lowlevel.zerocrossingrate.mean": 0.03636161983013153, "lowlevel.zerocrossingrate.stdev": 0.044025201350450516, "metadata.audio_properties.analysis.equal_loudness": 0.0, "metadata.audio_properties.analysis.length": 33.5999755859375, "metadata.audio_properties.analysis.sample_rate": 44100.0, "metadata.audio_properties.analysis.start_time": 0.0, "metadata.audio_properties.bit_rate": 94789.0, "metadata.audio_properties.length": 33.599998474121094, "metadata.audio_properties.lossless": 0.0, "metadata.audio_properties.number_channels": 1.0, "metadata.audio_properties.replay_gain": -6.722871780395508, "metadata.audio_properties.sample_rate": 48000.0, "rhythm.beats_count": 52.0, "rhythm.beats_loudness.mean": 0.0434691458940506, "rhythm.beats_loudness.stdev": 0.06946045905351639, "rhythm.bpm": 95.25615692138672, "rhythm.bpm_histogram_first_peak_bpm": 96.0, "rhythm.bpm_histogram_first_peak_weight": 0.5306122303009033, "rhythm.bpm_histogram_second_peak_bpm": 91.0, "rhythm.bpm_histogram_second_peak_spread": 0.0, "rhythm.bpm_histogram_second_peak_weight": 0.03921568766236305, "rhythm.danceability": 0.9823300838470459, "rhythm.onset_rate": 2.5578114986419678, "tonal.chords_changes_rate": 0.030344827100634575, "tonal.chords_number_rate": 0.004137930925935507, "tonal.chords_strength.mean": 0.5126015543937683, "tonal.chords_strength.stdev": 0.06819707155227661, "tonal.hpcp_crest.mean": 14.715986251831055, "tonal.hpcp_crest.stdev": 4.6840620040893555, "tonal.hpcp_entropy.mean": 1.7232918739318848, "tonal.hpcp_entropy.stdev": 0.5203052163124084, "tonal.key_edma.strength": 0.774729311466217, "tonal.key_krumhansl.strength": 0.7684531807899475, "tonal.key_temperley.strength": 0.7574316263198853, "tonal.tuning_diatonic_strength": 0.6021221876144409, "tonal.tuning_equal_tempered_deviation": 0.24400946497917175, "tonal.tuning_frequency": 434.193115234375, "tonal.tuning_nontempered_energy_ratio": 0.9924384951591492, "lowlevel.barkbands.mean": [0.009601243771612644, 0.012807521037757397, 0.002044362248852849, 0.0025162394158542156, 0.002281486289575696, 0.005163116846233606, 0.0008306881063617766, 0.001521819387562573, 0.0002652890980243683, 0.00017643759201746434, 0.00020042881078552455, 0.0004556109488476068, 0.000241600806475617, 0.00019438397430349141, 0.00014451982860919088, 0.00013920350465923548, 8.507441089022905e-05, 5.0079659558832645e-05, 4.098401768715121e-05, 4.8669095122022554e-05, 0.00015293891192413867, 6.624254456255585e-05, 6.0727204981958494e-05, 9.382525604451075e-05, 4.760202136822045e-05, 2.4422990463790484e-05, 6.521750606225396e-07], "lowlevel.barkbands.stdev": [0.01921897940337658, 0.04041565582156181, 0.018618516623973846, 0.009814328514039516, 0.004928715527057648, 0.008830323815345764, 0.002459065057337284, 0.0031455587595701218, 0.0004511360020842403, 0.00022815982811152935, 0.00034794717794284225, 0.0005769426352344453, 0.0006774087087251246, 0.0005698073655366898, 0.0004054301243741065, 0.0006887500057928264, 0.000609560520388186, 0.00036963741877116263, 0.000277406390523538, 0.00029867366538383067, 0.0006274204351939261, 0.00028336187824606895, 0.00027376392972655594, 0.00043798075057566166, 0.0002152892848243937, 0.00011235450074309483, 3.3149676710308995e-06], "lowlevel.erbbands.mean": [0.7426278591156006, 1.5210180282592773, 2.435218572616577, 5.214954853057861, 12.463525772094727, 4.342248439788818, 4.974776744842529, 58.484535217285156, 25.09542465209961, 22.19744873046875, 27.978662490844727, 4.999467849731445, 6.511473655700684, 9.696343421936035, 9.892680168151855, 14.587482452392578, 11.111623764038086, 8.023382186889648, 9.38072681427002, 8.242650032043457, 6.844175815582275, 5.038186073303223, 2.9501805305480957, 2.4256720542907715, 1.9034641981124878, 2.3278937339782715, 5.379715919494629, 5.241962909698486, 2.577096939086914, 1.6541081666946411, 1.7968244552612305, 2.159499406814575, 1.3720815181732178, 0.6421856880187988, 0.28892430663108826, 0.12321288883686066, 0.042566120624542236, 0.0053856647573411465, 0.0001305790210608393, 4.839698158320971e-05], "lowlevel.erbbands.stdev": [1.7054754495620728, 8.424373626708984, 20.07134437561035, 29.19287872314453, 27.19245147705078, 12.181376457214355, 14.222284317016602, 101.58467864990234, 43.4477424621582, 40.73662185668945, 55.82834243774414, 8.14749526977539, 8.013885498046875, 14.360993385314941, 11.87440299987793, 20.540035247802734, 28.178165435791016, 26.996809005737305, 25.2900390625, 25.26348114013672, 38.961395263671875, 36.09319305419922, 20.39731788635254, 18.044734954833984, 12.342672348022461, 14.297322273254395, 21.692110061645508, 22.16132164001465, 10.818726539611816, 7.35673189163208, 8.3253755569458, 10.08608341217041, 6.466506004333496, 2.9288718700408936, 1.3273355960845947, 0.599090576171875, 0.19262486696243286, 0.024622030556201935, 0.000500369118526578, 8.182902092812583e-05], "lowlevel.gfcc.mean": [-149.13661193847656, 190.07183837890625, -147.4477081298828, -29.55292510986328, -28.8693904876709, -30.301959991455078, -39.554786682128906, -14.766770362854004, -24.19748306274414, -3.424952268600464, -5.054758071899414, -10.978816986083984, -2.3720197677612305], "lowlevel.melbands.mean": [0.0056649064645171165, 0.0014492933405563235, 0.0012061583111062646, 0.0005718792672269046, 0.00014233292313292623, 0.0011879195226356387, 0.00039487352478317916, 0.0002955632808152586, 0.00018829849432222545, 2.9025080948485993e-05, 3.2738273148424923e-05, 3.8344784115906805e-05, 2.594467696326319e-05, 5.692712511518039e-05, 3.0332184906001203e-05, 1.998060179175809e-05, 1.4187690794642549e-05, 1.610390427231323e-05, 1.2698117643594742e-05, 9.647471415519249e-06, 7.427066975651542e-06, 5.724247330363141e-06, 2.922210342148901e-06, 2.3040845462674042e-06, 1.9709520984179107e-06, 1.35734626383055e-06, 1.4085982229516958e-06, 1.5115757605599356e-06, 2.627361482154811e-06, 4.646297838917235e-06, 2.4651656076457584e-06, 1.4801925090068835e-06, 1.1331268296999042e-06, 8.216042033382109e-07, 9.237503491021926e-07, 1.3112173746776534e-06, 1.3617216154671041e-06, 1.0784492587845307e-06, 6.611528533539968e-07, 4.864625680056633e-07], "lowlevel.melbands.stdev": [0.013569998554885387, 0.009607206098735332, 0.004785393830388784, 0.0012671786826103926, 0.0004677817050833255, 0.0020576403476297855, 0.0006688724388368428, 0.0005264251376502216, 0.00036621085018850863, 4.908277696813457e-05, 4.107759741600603e-05, 5.470618270919658e-05, 3.546732114045881e-05, 6.905390182510018e-05, 7.171108154579997e-05, 5.6388042139587924e-05, 5.1545579481171444e-05, 4.5599495933856815e-05, 3.0684790544910356e-05, 4.171783439232968e-05, 4.606941365636885e-05, 4.406289372127503e-05, 1.7243068214156665e-05, 1.8794175048242323e-05, 1.4849446415610146e-05, 8.864571100275498e-06, 9.48417164181592e-06, 9.81976518232841e-06, 1.0733221643022262e-05, 1.996214996324852e-05, 1.0809259038069285e-05, 6.411836693587247e-06, 5.1344927669561e-06, 3.7133752357476624e-06, 4.3280729187245015e-06, 6.468637366197072e-06, 6.3839388531050645e-06, 5.213798885961296e-06, 3.154669684590772e-06, 2.3027478164294735e-06], "lowlevel.melbands128.mean": [0.008038405328989029, 0.007988495752215385, 0.004195374436676502, 0.0021134456619620323, 0.0013239426771178842, 0.0009705583215691149, 0.0008772375294938684, 0.0014823403907939792, 0.0015287302667275071, 0.0003120863693766296, 0.0001919438218465075, 0.00011902910773642361, 9.616468014428392e-05, 0.0001730783114908263, 0.0012711123563349247, 0.002131956396624446, 0.0004163924022577703, 0.00011552203068276867, 0.00024490858777426183, 0.00015651623834855855, 0.00042003471753560007, 0.00047205574810504913, 6.948403461137787e-05, 4.325153713580221e-05, 1.0641176231729332e-05, 2.9379070838331245e-05, 5.324744779500179e-05, 1.8517781427362934e-05, 3.8263049646047875e-05, 2.1989673768985085e-05, 5.8807545428862795e-05, 3.32521231030114e-05, 8.71001884661382e-06, 1.3778649190498982e-05, 0.00010125074913958088, 5.254611824057065e-05, 1.364440413453849e-05, 3.839886267087422e-05, 3.886623017024249e-05, 1.552254798298236e-05, 1.831838017096743e-05, 1.8751901734503917e-05, 1.1238837032578886e-05, 9.993251296691597e-06, 2.6559615434962325e-05, 1.4567949619959109e-05, 7.247644134622533e-06, 1.9150360458297655e-05, 9.151871381618548e-06, 1.1124003322038334e-05, 9.698263966129161e-06, 8.492846063745674e-06, 9.335443792224396e-06, 5.684737061528722e-06, 5.870002041774569e-06, 7.324253601836972e-06, 4.000350600108504e-06, 2.7496873826748924e-06, 2.6447066829859978e-06, 3.0117673759377794e-06, 2.003584086196497e-06, 2.0957061224180507e-06, 2.26030374506081e-06, 1.7850193216872867e-06, 1.7329949741906603e-06, 1.246912574970338e-06, 1.2405935194692574e-06, 1.3538931398215936e-06, 1.5576757732560509e-06, 1.343247731711017e-06, 1.347621491731843e-06, 1.6761049437263864e-06, 1.8378742652203073e-06, 2.5248330075555714e-06, 3.7233571674732957e-06, 5.708279786631465e-06, 4.636309313355014e-06, 2.9620257464557653e-06, 2.3585359940625494e-06, 1.693055764917517e-06, 1.6443335653093527e-06, 1.326638880527753e-06, 1.2123323358537164e-06, 1.2441540775398607e-06, 9.160814329334244e-07, 8.006686016415188e-07, 7.685615059926931e-07, 9.17720001325506e-07, 8.31576016935287e-07, 9.513025247542828e-07, 1.36670314532239e-06, 1.4096680160946562e-06, 1.278163153983769e-06, 1.2716553783320705e-06, 1.5918651570245856e-06, 1.209002562063688e-06, 1.0144759698960115e-06, 7.615338972755126e-07, 6.585751179954968e-07, 5.864134209332406e-07, 6.285561084951041e-07, 4.6704766987204493e-07, 3.4139907256758306e-07, 3.0589745847464656e-07, 3.678410962493217e-07, 2.9174259452702245e-07, 2.6584410761643085e-07, 2.511301886443107e-07, 1.8641189569734706e-07, 2.0439499337499e-07, 1.5747760073736572e-07, 1.2759228695813363e-07, 1.586024183097834e-07, 1.2282995953682985e-07, 7.697756387869958e-08, 6.150068543320231e-08, 2.465786863581343e-08, 2.235703178143922e-09, 7.730844436837359e-11, 7.007480533338661e-12, 6.822709498061075e-12, 6.6879436017019955e-12, 6.555118427231665e-12, 6.429503197208364e-12, 6.23982419553637e-12, 5.9911520189359635e-12, 5.848059016211327e-12, 5.80310712677834e-12], "lowlevel.melbands128.stdev": [0.015899933874607086, 0.017268171533942223, 0.016298405826091766, 0.013999455608427525, 0.011250978335738182, 0.008713454939424992, 0.006498334929347038, 0.004451883025467396, 0.003076785709708929, 0.0009946253849193454, 0.0006079739541746676, 0.0004647415189538151, 0.0004960769438184798, 0.0005308249383233488, 0.0022443111520260572, 0.003758258419111371, 0.0008319214102812111, 0.00046691205352544785, 0.0008522761636413634, 0.00044946407433599234, 0.0008917755330912769, 0.001060497248545289, 0.00015608091780450195, 0.00013418857997749, 3.462279710220173e-05, 6.16476172581315e-05, 9.510599920758978e-05, 2.8009881134494208e-05, 6.891341763548553e-05, 3.179967461619526e-05, 0.00011163363524246961, 6.245094118639827e-05, 2.9160302801756188e-05, 3.309882595203817e-05, 0.00012124730710638687, 6.704348197672516e-05, 5.623800461762585e-05, 8.683935448061675e-05, 0.00011989708582405001, 5.321728531271219e-05, 6.519301678054035e-05, 6.278364890022203e-05, 4.639628605218604e-05, 6.773501081625e-05, 7.038367039058357e-05, 4.6109824324958026e-05, 3.52699717041105e-05, 4.115746560273692e-05, 3.0430299375439063e-05, 4.259202250977978e-05, 3.988682510680519e-05, 6.502743781311437e-05, 4.300257205613889e-05, 4.636414087144658e-05, 4.5111370127415285e-05, 6.405833119060844e-05, 2.9035420084255747e-05, 1.3838430277246516e-05, 1.966518539120443e-05, 2.266096453240607e-05, 2.032096563198138e-05, 1.8424641893943772e-05, 1.8482354789739475e-05, 1.3364009646466002e-05, 1.4087462659517769e-05, 8.040905413508881e-06, 8.345541573362425e-06, 9.551477887725923e-06, 1.1494695172586944e-05, 9.02930332813412e-06, 1.0905510862357914e-05, 1.2053726095473394e-05, 8.606962182966527e-06, 1.1226999959035311e-05, 1.7135474990936927e-05, 2.5754345188033767e-05, 2.1636511519318447e-05, 1.4202478268998675e-05, 1.1238811566727236e-05, 7.728219316049945e-06, 7.783263754390646e-06, 5.981759386486374e-06, 5.585669896390755e-06, 6.1447290136129595e-06, 4.743156750919297e-06, 4.090566108061466e-06, 3.697592319440446e-06, 4.167021870671306e-06, 4.2671040318964515e-06, 5.162087745702593e-06, 7.2869661380536854e-06, 7.274893505382352e-06, 6.3637194216426e-06, 5.881370725546731e-06, 8.033721314859577e-06, 6.301938356045866e-06, 5.035494723415468e-06, 3.621063569880789e-06, 3.6498477129498497e-06, 2.8117074180045165e-06, 3.137710336886812e-06, 2.3792022147972602e-06, 1.6915274727580254e-06, 1.5100574728421634e-06, 1.7722486518323421e-06, 1.4364710523295798e-06, 1.3403066532191588e-06, 1.3214440741649014e-06, 9.746523801368312e-07, 1.0216361943093943e-06, 9.87633711702074e-07, 6.508647061309603e-07, 7.27950464352034e-07, 5.748065632360522e-07, 3.681169289393438e-07, 3.4435305451552267e-07, 1.1974859148722317e-07, 1.7813734487504007e-08, 1.2147902683778966e-09, 1.6409488351465384e-11, 1.6011227066403677e-11, 1.5669578481980473e-11, 1.5342019321629152e-11, 1.5088898880355472e-11, 1.4869574321840773e-11, 1.4687291313708606e-11, 1.4560706806943102e-11, 1.4482312918340234e-11], "lowlevel.mfcc.mean": [-776.1832885742188, 216.92181396484375, -35.8310432434082, -7.228957176208496, 7.259655952453613, -13.27148151397705, -11.403067588806152, -16.70305061340332, -15.868706703186035, -8.1235933303833, -12.526985168457031, 1.837375521659851, 0.09400046616792679], "lowlevel.spectral_contrast_coeffs.mean": [-0.6430593729019165, -0.6478302478790283, -0.753815770149231, -0.796637237071991, -0.7768111824989319, -0.8240039348602295], "lowlevel.spectral_contrast_coeffs.stdev": [0.07711715996265411, 0.0766570195555687, 0.047843534499406815, 0.03418241813778877, 0.045308154076337814, 0.06918232887983322], "lowlevel.spectral_contrast_valleys.mean": [-8.017403602600098, -7.253707408905029, -7.759599685668945, -8.041462898254395, -9.456991195678711, -13.29004955291748], "lowlevel.spectral_contrast_valleys.stdev": [1.219416618347168, 0.7281877398490906, 0.6354409456253052, 0.6832829713821411, 1.2171818017959595, 2.478992462158203], "rhythm.beats_loudness_band_ratio.mean": [0.2733002007007599, 0.3292137384414673, 0.20481732487678528, 0.14823514223098755, 0.05410785973072052, 0.025625500828027725], "rhythm.beats_loudness_band_ratio.stdev": [0.31122130155563354, 0.23914547264575958, 0.22329922020435333, 0.12894588708877563, 0.06015017256140709, 0.07676993310451508], "tonal.hpcp.mean": [0.02386542037129402, 0.012303030118346214, 0.008604581467807293, 0.09335324168205261, 0.10250113904476166, 0.031925082206726074, 0.24140645563602448, 0.3948860466480255, 0.1990806609392166, 0.04627159982919693, 0.03137316554784775, 0.041895050555467606, 0.22921445965766907, 0.27693480253219604, 0.07824255526065826, 0.005863634869456291, 0.00484534353017807, 0.010634452104568481, 0.052075572311878204, 0.05993944779038429, 0.032444629818201065, 0.02867131121456623, 0.014761765487492085, 0.007839943282306194, 0.016529036685824394, 0.015332152135670185, 0.022841760888695717, 0.5126327872276306, 0.6932145953178406, 0.20537981390953064, 0.011398844420909882, 0.007919221185147762, 0.005845937412232161, 0.05232144147157669, 0.07358460873365402, 0.03772755339741707], "tonal.hpcp.stdev": [0.06137792021036148, 0.038726843893527985, 0.04201388731598854, 0.1792318969964981, 0.1919163465499878, 0.08430321514606476, 0.24307088553905487, 0.3607332110404968, 0.3003752827644348, 0.14341749250888824, 0.1326236128807068, 0.1310255378484726, 0.28527313470840454, 0.309070885181427, 0.10416392982006073, 0.04182794690132141, 0.038813091814517975, 0.027846746146678925, 0.1046067401766777, 0.1218690574169159, 0.0657784566283226, 0.05395561829209328, 0.047752656042575836, 0.048705894500017166, 0.062136486172676086, 0.03586570546030998, 0.06052357703447342, 0.2959669828414917, 0.38375595211982727, 0.16470421850681305, 0.06085008755326271, 0.04427480325102806, 0.021500535309314728, 0.10710816830396652, 0.14105796813964844, 0.06300470978021622], "rhythm.beats_position": [0.6617686748504639, 1.300317406654358, 1.938866138458252, 2.565804958343506, 3.2043535709381104, 3.842902421951294, 4.481451034545898, 5.119999885559082, 5.758548736572266, 6.3854875564575195, 7.012426376342773, 7.639364719390869, 8.266304016113281, 8.893242835998535, 9.520181655883789, 10.147119522094727, 10.76244831085205, 11.377777099609375, 12.016325950622559, 12.654874801635742, 13.281813621520996, 13.90875244140625, 14.535691261291504, 15.162630081176758, 15.789568901062012, 16.428117752075195, 17.066665649414062, 17.705215454101562, 18.35537338256836, 19.00553321838379, 19.620861053466797, 20.236190795898438, 20.851518630981445, 21.455238342285156, 22.082176208496094, 22.709115982055664, 23.3360538482666, 23.962993621826172, 24.58993148803711, 25.20526123046875, 25.843809127807617, 26.482357025146484, 27.120906829833984, 27.747844696044922, 28.374784469604492, 29.00172233581543, 29.628662109375, 30.267210006713867, 30.894149780273438, 31.532697677612305, 32.19446563720703, 32.85623550415039], "rhythm.bpm_histogram": [0.0, 0.0, 0.0, 0.0, 0.0, 0.0, 0.0, 0.0, 0.0, 0.0, 0.0, 0.0, 0.0, 0.0, 0.0, 0.0, 0.0, 0.0, 0.0, 0.0, 0.0, 0.0, 0.0, 0.0, 0.0, 0.0, 0.0, 0.0, 0.0, 0.0, 0.0, 0.0, 0.0, 0.0, 0.0, 0.0, 0.0, 0.0, 0.0, 0.0, 0.0, 0.0, 0.0, 0.0, 0.0, 0.0, 0.0, 0.0, 0.0, 0.0, 0.0, 0.0, 0.0, 0.0, 0.0, 0.0, 0.0, 0.0, 0.0, 0.0, 0.0, 0.0, 0.0, 0.0, 0.0, 0.0, 0.0, 0.0, 0.0, 0.0, 0.0, 0.0, 0.0, 0.0, 0.0, 0.0, 0.0, 0.0, 0.0, 0.0, 0.0, 0.0, 0.0, 0.0, 0.0, 0.0, 0.0, 0.0, 0.0, 0.0, 0.0, 0.03921568766236305, 0.03921568766236305, 0.0, 0.3333333432674408, 0.0, 0.45098039507865906, 0.0, 0.11764705926179886, 0.019607843831181526, 0.0, 0.0, 0.0, 0.0, 0.0, 0.0, 0.0, 0.0, 0.0, 0.0, 0.0, 0.0, 0.0, 0.0, 0.0, 0.0, 0.0, 0.0, 0.0, 0.0, 0.0, 0.0, 0.0, 0.0, 0.0, 0.0, 0.0, 0.0, 0.0, 0.0, 0.0, 0.0, 0.0, 0.0, 0.0, 0.0, 0.0, 0.0, 0.0, 0.0, 0.0, 0.0, 0.0, 0.0, 0.0, 0.0, 0.0, 0.0, 0.0, 0.0, 0.0, 0.0, 0.0, 0.0, 0.0, 0.0, 0.0, 0.0, 0.0, 0.0, 0.0, 0.0, 0.0, 0.0, 0.0, 0.0, 0.0, 0.0, 0.0, 0.0, 0.0, 0.0, 0.0, 0.0, 0.0, 0.0, 0.0, 0.0, 0.0, 0.0, 0.0, 0.0, 0.0, 0.0, 0.0, 0.0, 0.0, 0.0, 0.0, 0.0, 0.0, 0.0, 0.0, 0.0, 0.0, 0.0, 0.0, 0.0, 0.0, 0.0, 0.0, 0.0, 0.0, 0.0, 0.0, 0.0, 0.0, 0.0, 0.0, 0.0, 0.0, 0.0, 0.0, 0.0, 0.0, 0.0, 0.0, 0.0, 0.0, 0.0, 0.0, 0.0, 0.0, 0.0, 0.0, 0.0, 0.0, 0.0, 0.0, 0.0, 0.0, 0.0, 0.0, 0.0, 0.0, 0.0, 0.0, 0.0, 0.0, 0.0, 0.0, 0.0, 0.0, 0.0, 0.0, 0.0, 0.0, 0.0, 0.0, 0.0], "tonal.chords_histogram": [15.448275566101074, 0.8275862336158752, 73.51724243164062, 0.0, 0.0, 0.0, 0.0, 0.0, 0.0, 0.0, 0.0, 0.0, 0.0, 0.0, 0.0, 0.0, 0.0, 0.0, 0.0, 10.206896781921387, 0.0, 0.0, 0.0, 0.0], "tonal.thpcp": [1.0, 0.2962716221809387, 0.016443457454442978, 0.011423910036683083, 0.008433084934949875, 0.07547654211521149, 0.106149822473526, 0.05442406237125397, 0.03442717343568802, 0.017747795209288597, 0.012412579730153084, 0.13466715812683105, 0.147863507270813, 0.046053677797317505, 0.34824201464653015, 0.5696447491645813, 0.2871847450733185, 0.06674931198358536, 0.045257508754730225, 0.06043590232729912, 0.33065441250801086, 0.39949360489845276, 0.11286916583776474, 0.008458614349365234, 0.006989673245698214, 0.015340778976678848, 0.07512186467647552, 0.08646593242883682, 0.046803154051303864, 0.04135993495583534, 0.02129465527832508, 0.0113095473498106, 0.02384404093027115, 0.02211746945977211, 0.03295049071311951, 0.739500880241394], "lowlevel.gfcc.cov": [[15744.505859375, -7492.9169921875, 5078.7587890625, 4935.4423828125, -3053.276123046875, 4282.2021484375, -189.6214141845703, 868.4288940429688, 844.8453979492188, 1477.711669921875, -96.68437957763672, 1261.9757080078125, -222.82400512695312], [-7492.9169921875, 5592.1845703125, -2974.51611328125, -2850.434814453125, 2090.350830078125, -2485.963623046875, 262.88934326171875, -431.3133239746094, -242.7543182373047, -907.6676635742188, 151.3102264404297, -806.9502563476562, 192.59567260742188], [5078.7587890625, -2974.51611328125, 2615.304931640625, 2076.5830078125, -1205.07958984375, 1871.382568359375, -62.975868225097656, 341.6248474121094, 396.4804382324219, 611.745849609375, 41.7090950012207, 548.0838623046875, -69.2178726196289], [4935.4423828125, -2850.434814453125, 2076.5830078125, 2085.984375, -1040.336181640625, 1703.6522216796875, -29.37060546875, 331.8146667480469, 365.0723876953125, 539.0073852539062, 50.14200210571289, 498.4787292480469, -9.960397720336914], [-3053.276123046875, 2090.350830078125, -1205.07958984375, -1040.336181640625, 979.4891357421875, -893.36083984375, 155.195556640625, -115.16455841064453, -82.74112701416016, -343.9201354980469, 88.47843170166016, -287.155517578125, 118.94905853271484], [4282.2021484375, -2485.963623046875, 1871.382568359375, 1703.6522216796875, -893.36083984375, 1637.81787109375, -4.779355049133301, 323.00360107421875, 334.609130859375, 469.9290466308594, 67.89462280273438, 464.4346923828125, 5.3094072341918945], [-189.6214141845703, 262.88934326171875, -62.975868225097656, -29.37060546875, 155.195556640625, -4.779355049133301, 193.74468994140625, 62.46525192260742, 77.59532165527344, 19.378286361694336, 23.14537239074707, -25.782957077026367, 47.253726959228516], [868.4288940429688, -431.3133239746094, 341.6248474121094, 331.8146667480469, -115.16455841064453, 323.00360107421875, 62.46525192260742, 175.10792541503906, 132.8314666748047, 104.46929168701172, 16.430438995361328, 83.91234588623047, 17.389284133911133], [844.8453979492188, -242.7543182373047, 396.4804382324219, 365.0723876953125, -82.74112701416016, 334.609130859375, 77.59532165527344, 132.8314666748047, 227.24717712402344, 107.56437683105469, 53.807498931884766, 69.58113861083984, 31.96997833251953], [1477.711669921875, -907.6676635742188, 611.745849609375, 539.0073852539062, -343.9201354980469, 469.9290466308594, 19.378286361694336, 104.46929168701172, 107.56437683105469, 252.6310272216797, -5.807219505310059, 148.7533721923828, -34.42844009399414], [-96.68437957763672, 151.3102264404297, 41.7090950012207, 50.14200210571289, 88.47843170166016, 67.89462280273438, 23.14537239074707, 16.430438995361328, 53.807498931884766, -5.807219505310059, 110.93241882324219, 24.839082717895508, 49.43891525268555], [1261.9757080078125, -806.9502563476562, 548.0838623046875, 498.4787292480469, -287.155517578125, 464.4346923828125, -25.782957077026367, 83.91234588623047, 69.58113861083984, 148.7533721923828, 24.839082717895508, 190.88279724121094, 5.36784553527832], [-222.82400512695312, 192.59567260742188, -69.2178726196289, -9.960397720336914, 118.94905853271484, 5.3094072341918945, 47.253726959228516, 17.389284133911133, 31.96997833251953, -34.42844009399414, 49.43891525268555, 5.36784553527832, 86.53981018066406]], "lowlevel.gfcc.icov": [[0.00045603339094668627, -0.000547069008462131, 0.0005470180767588317, -0.0008311765850521624, 0.0008340160129591823, -0.0009087296784855425, 0.0004017672617919743, -0.0005696179578080773, 0.0001735383557388559, -0.0008021697285585105, 0.0008970211492851377, -0.0005312659777700901, 0.0006753084599040449], [-0.000547069008462131, 0.0036679566837847233, -0.0019063038052991033, 0.0025521167553961277, -0.003645608900114894, 0.003091594437137246, -0.0016972474986687303, 0.0027493671514093876, -0.0031936040613800287, 0.003565241117030382, -0.0031294357031583786, 0.002318967366591096, -0.001365044736303389], [0.0005470180767588317, -0.0019063038052991033, 0.004188640508800745, -0.0024094190448522568, 0.0025914611760526896, -0.003814158495515585, 0.001183594693429768, -0.0006701556849293411, 0.00010214430949417874, -0.002620239043608308, 0.0016574743203818798, -0.002071965020149946, 0.0029857924673706293], [-0.0008311765850521624, 0.0025521167553961277, -0.0024094190448522568, 0.006278045941144228, -0.0021562757901847363, 0.00033292017178609967, -0.0009522479376755655, 0.0022318039555102587, -0.0026638139970600605, 0.0017656126292422414, -0.0023644743487238884, 0.0016332208178937435, -0.0030736036133021116], [0.0008340160129591823, -0.003645608900114894, 0.0025914611760526896, -0.0021562757901847363, 0.009245194494724274, -0.0024213925935328007, -0.0008794080349616706, -0.0035697196144610643, 0.002436967333778739, -0.0014059132663533092, -0.00022193064796738327, -0.0012343634152784944, -0.0005323653458617628], [-0.0009087296784855425, 0.003091594437137246, -0.003814158495515585, 0.00033292017178609967, -0.0024213925935328007, 0.010321156121790409, -0.0024690551217645407, 7.635730435140431e-05, -0.0024199585895985365, 0.004042769782245159, -0.0045275031588971615, -0.0015566028887405992, -0.0030193766579031944], [0.0004017672617919743, -0.0016972474986687303, 0.001183594693429768, -0.0009522479376755655, -0.0008794080349616706, -0.0024690551217645407, 0.011199438013136387, -0.003528647357597947, -0.00013019151811022311, -0.00669186282902956, 0.003819208825007081, 0.0018638803157955408, -0.0033088151831179857], [-0.0005696179578080773, 0.0027493671514093876, -0.0006701556849293411, 0.0022318039555102587, -0.0035697196144610643, 7.635730435140431e-05, -0.003528647357597947, 0.0160768274217844, -0.007924647070467472, 0.002340185223147273, 0.0005617302376776934, -0.0006038070423528552, -0.0006912628887221217], [0.0001735383557388559, -0.0031936040613800287, 0.00010214430949417874, -0.0026638139970600605, 0.002436967333778739, -0.0024199585895985365, -0.00013019151811022311, -0.007924647070467472, 0.015187348239123821, -0.004453662782907486, -0.0014830732252448797, 0.003189107868820429, -0.0009412898798473179], [-0.0008021697285585105, 0.003565241117030382, -0.002620239043608308, 0.0017656126292422414, -0.0014059132663533092, 0.004042769782245159, -0.00669186282902956, 0.002340185223147273, -0.004453662782907486, 0.01813104934990406, -0.0038263441529124975, -0.0027218239847570658, 0.004188854712992907], [0.0008970211492851377, -0.0031294357031583786, 0.0016574743203818798, -0.0023644743487238884, -0.00022193064796738327, -0.0045275031588971615, 0.003819208825007081, 0.0005617302376776934, -0.0014830732252448797, -0.0038263441529124975, 0.01982753537595272, -0.0057603479363024235, -0.0032318783923983574], [-0.0005312659777700901, 0.002318967366591096, -0.002071965020149946, 0.0016332208178937435, -0.0012343634152784944, -0.0015566028887405992, 0.0018638803157955408, -0.0006038070423528552, 0.003189107868820429, -0.0027218239847570658, -0.0057603479363024235, 0.02460819110274315, -0.007598900236189365], [0.0006753084599040449, -0.001365044736303389, 0.0029857924673706293, -0.0030736036133021116, -0.0005323653458617628, -0.0030193766579031944, -0.0033088151831179857, -0.0006912628887221217, -0.0009412898798473179, 0.004188854712992907, -0.0032318783923983574, -0.007598900236189365, 0.02556096948683262]], "lowlevel.mfcc.cov": [[10644.3916015625, -5768.4833984375, 4487.572265625, 1630.005859375, -244.90965270996094, 2188.9765625, 338.41357421875, 477.65728759765625, 885.9956665039062, 599.5380859375, 626.1204833984375, 822.6552734375, 452.0540466308594], [-5768.4833984375, 4832.90673828125, -3121.52392578125, -898.1637573242188, 293.5675964355469, -1414.3302001953125, -174.94076538085938, -173.48008728027344, -434.4421691894531, -220.77503967285156, -322.4372863769531, -451.9988708496094, -214.89041137695312], [4487.572265625, -3121.52392578125, 2974.9248046875, 830.3402099609375, -93.66845703125, 1304.583251953125, 151.9189453125, 258.8955993652344, 404.3948974609375, 280.9471130371094, 353.30126953125, 400.98260498046875, 271.5514221191406], [1630.005859375, -898.1637573242188, 830.3402099609375, 463.2041931152344, 31.417564392089844, 425.1578369140625, 90.4424819946289, 112.66252899169922, 187.5196533203125, 149.55303955078125, 131.9893341064453, 170.7264404296875, 106.78411102294922], [-244.90965270996094, 293.5675964355469, -93.66845703125, 31.417564392089844, 227.7563934326172, 22.338777542114258, 45.736717224121094, 83.68074798583984, 6.224355220794678, 22.702974319458008, -2.628654718399048, -9.675442695617676, 42.01353073120117], [2188.9765625, -1414.3302001953125, 1304.583251953125, 425.1578369140625, 22.338777542114258, 728.7363891601562, 144.0265655517578, 173.55238342285156, 237.0408172607422, 160.31898498535156, 191.44219970703125, 212.57469177246094, 154.86451721191406], [338.41357421875, -174.94076538085938, 151.9189453125, 90.4424819946289, 45.736717224121094, 144.0265655517578, 133.5074920654297, 78.33123779296875, 75.75513458251953, 57.940635681152344, 34.39381790161133, 45.289634704589844, 43.022090911865234], [477.65728759765625, -173.48008728027344, 258.8955993652344, 112.66252899169922, 83.68074798583984, 173.55238342285156, 78.33123779296875, 167.5773162841797, 119.38507080078125, 84.75633239746094, 62.435420989990234, 48.44506072998047, 67.8420639038086], [885.9956665039062, -434.4421691894531, 404.3948974609375, 187.5196533203125, 6.224355220794678, 237.0408172607422, 75.75513458251953, 119.38507080078125, 209.3208770751953, 135.314208984375, 99.94517517089844, 101.89820861816406, 67.4238510131836], [599.5380859375, -220.77503967285156, 280.9471130371094, 149.55303955078125, 22.702974319458008, 160.31898498535156, 57.940635681152344, 84.75633239746094, 135.314208984375, 150.6873321533203, 94.70387268066406, 71.76242065429688, 53.71379089355469], [626.1204833984375, -322.4372863769531, 353.30126953125, 131.9893341064453, -2.628654718399048, 191.44219970703125, 34.39381790161133, 62.435420989990234, 99.94517517089844, 94.70387268066406, 134.7234649658203, 92.66663360595703, 56.94805908203125], [822.6552734375, -451.9988708496094, 400.98260498046875, 170.7264404296875, -9.675442695617676, 212.57469177246094, 45.289634704589844, 48.44506072998047, 101.89820861816406, 71.76242065429688, 92.66663360595703, 144.5808563232422, 72.78466033935547], [452.0540466308594, -214.89041137695312, 271.5514221191406, 106.78411102294922, 42.01353073120117, 154.86451721191406, 43.022090911865234, 67.8420639038086, 67.4238510131836, 53.71379089355469, 56.94805908203125, 72.78466033935547, 99.38848876953125]], "lowlevel.mfcc.icov": [[0.00045198184670880437, 0.00026896659983322024, -1.0139451660506893e-05, -0.0004412934940773994, 0.00029164052102714777, -0.0003637517220340669, 0.00032549380557611585, -0.000332097290083766, -8.958710532169789e-05, -0.00041542595135979354, 0.00033294534659944475, -0.0006123410421423614, 9.984683856600896e-05], [0.00026896659983322024, 0.0010156757198274136, 0.000628977722954005, -3.382189606782049e-05, -0.0005244534113444388, 0.0003469370712991804, 0.0004479968920350075, -0.0004814192361664027, 0.0004098505014553666, -0.0009334550704807043, -0.00027768759173341095, 3.870698492391966e-05, -0.0005364988464862108], [-1.0139451660506893e-05, 0.000628977722954005, 0.0027297118213027716, -0.0007473065634258091, 0.000930398004129529, -0.0034913180861622095, 0.002230527577921748, -0.0009913424728438258, 0.0012939429143443704, -0.0010531449224799871, 1.3105382095091045e-05, 0.00027507892809808254, -0.0010088608833029866], [-0.0004412934940773994, -3.382189606782049e-05, -0.0007473065634258091, 0.007024755235761404, -0.0019965218380093575, -0.0004850434197578579, -0.00037164788227528334, 0.0013248285977169871, -0.0008088445756584406, -0.0026188036426901817, 0.0013289282796904445, -0.0028282380662858486, 0.000558425672352314], [0.00029164052102714777, -0.0005244534113444388, 0.000930398004129529, -0.0019965218380093575, 0.00857333280146122, -0.0024912753142416477, 0.0002476518275216222, -0.004941315855830908, 0.0034051991533488035, -0.0012501798337325454, 0.0018329251324757934, 0.0005621891468763351, -0.0024302878882735968], [-0.0003637517220340669, 0.0003469370712991804, -0.0034913180861622095, -0.0004850434197578579, -0.0024912753142416477, 0.01195180881768465, -0.005422618240118027, 0.00035065648262389004, -0.0022900989279150963, 0.003357154782861471, -0.004111147485673428, 0.00045739696361124516, -0.0012372900964692235], [0.00032549380557611585, 0.0004479968920350075, 0.002230527577921748, -0.00037164788227528334, 0.0002476518275216222, -0.005422618240118027, 0.014214358292520046, -0.0040687378495931625, 0.0005810128059238195, -0.0036440903786569834, 0.003788633504882455, -0.0022251568734645844, -0.00020379689522087574], [-0.000332097290083766, -0.0004814192361664027, -0.0009913424728438258, 0.0013248285977169871, -0.004941315855830908, 0.00035065648262389004, -0.0040687378495931625, 0.01758940890431404, -0.008644308894872665, 0.0015572461998090148, -0.0024079428985714912, 0.005134544800966978, -0.004305895417928696], [-8.958710532169789e-05, 0.0004098505014553666, 0.0012939429143443704, -0.0008088445756584406, 0.0034051991533488035, -0.0022900989279150963, 0.0005810128059238195, -0.008644308894872665, 0.019559286534786224, -0.011144745163619518, 0.001957859378308058, -0.004836555570363998, 0.0015797371743246913], [-0.00041542595135979354, -0.0009334550704807043, -0.0010531449224799871, -0.0026188036426901817, -0.0012501798337325454, 0.003357154782861471, -0.0036440903786569834, 0.0015572461998090148, -0.011144745163619518, 0.023396598175168037, -0.01038145087659359, 0.004478506278246641, -0.0010411411058157682], [0.00033294534659944475, -0.00027768759173341095, 1.3105382095091045e-05, 0.0013289282796904445, 0.0018329251324757934, -0.004111147485673428, 0.003788633504882455, -0.0024079428985714912, 0.001957859378308058, -0.01038145087659359, 0.021711576730012894, -0.008952371776103973, 0.0004544096882455051], [-0.0006123410421423614, 3.870698492391966e-05, 0.00027507892809808254, -0.0028282380662858486, 0.0005621891468763351, 0.00045739696361124516, -0.0022251568734645844, 0.005134544800966978, -0.004836555570363998, 0.004478506278246641, -0.008952371776103973, 0.02298407256603241, -0.009177576750516891], [9.984683856600896e-05, -0.0005364988464862108, -0.0010088608833029866, 0.000558425672352314, -0.0024302878882735968, -0.0012372900964692235, -0.00020379689522087574, -0.004305895417928696, 0.0015797371743246913, -0.0010411411058157682, 0.0004544096882455051, -0.009177576750516891, 0.022538108751177788]], "metadata.audio_properties.analysis.downmix": "mix", "metadata.audio_properties.codec": "mp3", "metadata.audio_properties.md5_encoded": "05b4d6e0fa8f04f3a76ca0bbbebe44a2", "metadata.tags.file_name": "1183700931901149204.mp3", "metadata.version.essentia": "2.1-beta6-dev", "metadata.version.essentia_git_sha": "v2.1_beta5-1110-g77a6a954", "metadata.version.extractor": "music 2.0", "tonal.chords_key": "F#", "tonal.chords_scale": "major", "tonal.key_edma.key": "B", "tonal.key_edma.scale": "major", "tonal.key_krumhansl.key": "B", "tonal.key_krumhansl.scale": "major", "tonal.key_temperley.key": "B", "tonal.key_temperley.scale": "major", "metadata.tags.encoding": ["Lavf58.45.100"]}, "essentia_models": [{"model_name": "genre_dortmund", "activations": {"alternative": "0.18217477", "blues": "0.06267388", "electronic": "0.2386198", "folkcountry": "0.046570327", "funksoulrnb": "0.02585591", "jazz": "0.0851608", "pop": "0.03977258", "raphiphop": "0.25427762", "rock": "0.18751188"}}, {"model_name": "genre_rosamerica", "activations": {"classic": "0.37529096", "dance": "0.054256868", "hip hop": "0.13320355", "jazz": "0.04161431", "pop": "0.05277647", "rhythm and blues": "0.12