{"song_id": "1183705223533965413", "download": "https://cdn.discordapp.com/attachments/1128313332273782784/1183705223533965413/chirp.mp4?ex=65894e65&amp", "lyrics": "I was drowning in the dark\nCouldn't see the light\nMy lungs were giving up\nI had no will to fight\nBut then you came along\nAnd pulled me from the deep\nYou taught me how to breathe\nYou gave me hope to keep\n\nYou're my pulmonary therapist\nYou make me feel alive\nYou're my pulmonary therapist\nYou help me to survive\nYou're the rhythm of my heart\nYou're the treadmill of my life\nYou're my pulmonary therapist\nYou're the reason why I strive\n\nYou put me on a path\nTo heal and to grow\nYou pushed me to the limit\nBut you never let me go\nYou showed me how to live\nAnd not to be afraid\nYou taught me how to breathe\nYou made me unafraid\n\nYou're my pulmonary therapist\nYou make me feel alive\nYou're my pulmonary therapist\nYou help me to survive\nThank you", "style": ["cheerful music for children music piano"], "essentia_features": {"lowlevel.average_loudness": 0.9114305377006531, "lowlevel.barkbands_crest.mean": 17.533456802368164, "lowlevel.barkbands_crest.stdev": 5.082943916320801, "lowlevel.barkbands_flatness_db.mean": 0.32657763361930847, "lowlevel.barkbands_flatness_db.stdev": 0.0845375806093216, "lowlevel.barkbands_kurtosis.mean": 55.93170166015625, "lowlevel.barkbands_kurtosis.stdev": 98.9942398071289, "lowlevel.barkbands_skewness.mean": 4.485347747802734, "lowlevel.barkbands_skewness.stdev": 3.4996142387390137, "lowlevel.barkbands_spread.mean": 6.630661487579346, "lowlevel.barkbands_spread.stdev": 13.322349548339844, "lowlevel.dissonance.mean": 0.34401553869247437, "lowlevel.dissonance.stdev": 0.07795053720474243, "lowlevel.dynamic_complexity": 3.4658238887786865, "lowlevel.erbbands_crest.mean": 15.643174171447754, "lowlevel.erbbands_crest.stdev": 5.629015922546387, "lowlevel.erbbands_flatness_db.mean": 0.28355303406715393, "lowlevel.erbbands_flatness_db.stdev": 0.06838076561689377, "lowlevel.erbbands_kurtosis.mean": 16.736007690429688, "lowlevel.erbbands_kurtosis.stdev": 27.150415420532227, "lowlevel.erbbands_skewness.mean": 2.490068197250366, "lowlevel.erbbands_skewness.stdev": 2.0228042602539062, "lowlevel.erbbands_spread.mean": 19.95026397705078, "lowlevel.erbbands_spread.stdev": 25.0419864654541, "lowlevel.hfc.mean": 8.360488891601562, "lowlevel.hfc.stdev": 8.666215896606445, "lowlevel.loudness_ebu128.integrated": -18.038816452026367, "lowlevel.loudness_ebu128.loudness_range": 3.3633365631103516, "lowlevel.loudness_ebu128.momentary.mean": -18.682586669921875, "lowlevel.loudness_ebu128.momentary.stdev": 2.4892497062683105, "lowlevel.loudness_ebu128.short_term.mean": -18.255037307739258, "lowlevel.loudness_ebu128.short_term.stdev": 1.1124399900436401, "lowlevel.melbands_crest.mean": 18.846590042114258, "lowlevel.melbands_crest.stdev": 4.689266204833984, "lowlevel.melbands_flatness_db.mean": 0.3945205807685852, "lowlevel.melbands_flatness_db.stdev": 0.0999140590429306, "lowlevel.melbands_kurtosis.mean": 53.00380325317383, "lowlevel.melbands_kurtosis.stdev": 79.46495819091797, "lowlevel.melbands_skewness.mean": 3.8990063667297363, "lowlevel.melbands_skewness.stdev": 3.003467082977295, "lowlevel.melbands_spread.mean": 7.640454292297363, "lowlevel.melbands_spread.stdev": 20.405914306640625, "lowlevel.pitch_salience.mean": 0.4186045527458191, "lowlevel.pitch_salience.stdev": 0.13653747737407684, "lowlevel.silence_rate_20dB.mean": 1.0, "lowlevel.silence_rate_20dB.stdev": 0.0, "lowlevel.silence_rate_30dB.mean": 0.997682511806488, "lowlevel.silence_rate_30dB.stdev": 0.048084601759910583, "lowlevel.silence_rate_60dB.mean": 0.10023175179958344, "lowlevel.silence_rate_60dB.stdev": 0.3003076910972595, "lowlevel.spectral_centroid.mean": 475.87225341796875, "lowlevel.spectral_centroid.stdev": 521.7290649414062, "lowlevel.spectral_complexity.mean": 5.229432106018066, "lowlevel.spectral_complexity.stdev": 2.741175651550293, "lowlevel.spectral_decrease.mean": -5.419111381854691e-09, "lowlevel.spectral_decrease.stdev": 5.072635200775721e-09, "lowlevel.spectral_energy.mean": 0.021211320534348488, "lowlevel.spectral_energy.stdev": 0.01973786950111389, "lowlevel.spectral_energyband_high.mean": 0.000160224677529186, "lowlevel.spectral_energyband_high.stdev": 0.0006881966255605221, "lowlevel.spectral_energyband_low.mean": 0.0006189564592204988, "lowlevel.spectral_energyband_low.stdev": 0.0011822003871202469, "lowlevel.spectral_energyband_middle_high.mean": 0.0007674524676986039, "lowlevel.spectral_energyband_middle_high.stdev": 0.002020502695813775, "lowlevel.spectral_energyband_middle_low.mean": 0.019947219640016556, "lowlevel.spectral_energyband_middle_low.stdev": 0.019178146496415138, "lowlevel.spectral_entropy.mean": 5.861937522888184, "lowlevel.spectral_entropy.stdev": 0.9345791339874268, "lowlevel.spectral_flux.mean": 0.05900454521179199, "lowlevel.spectral_flux.stdev": 0.04338622838258743, "lowlevel.spectral_kurtosis.mean": 18.964872360229492, "lowlevel.spectral_kurtosis.stdev": 26.601123809814453, "lowlevel.spectral_rms.mean": 0.0040497551672160625, "lowlevel.spectral_rms.stdev": 0.0020720649044960737, "lowlevel.spectral_rolloff.mean": 761.4188842773438, "lowlevel.spectral_rolloff.stdev": 1540.0830078125, "lowlevel.spectral_skewness.mean": 3.308058977127075, "lowlevel.spectral_skewness.stdev": 1.8939193487167358, "lowlevel.spectral_spread.mean": 4323007.5, "lowlevel.spectral_spread.stdev": 2451092.25, "lowlevel.spectral_strongpeak.mean": 1.004787564277649, "lowlevel.spectral_strongpeak.stdev": 0.7845126390457153, "lowlevel.zerocrossingrate.mean": 0.03042195923626423, "lowlevel.zerocrossingrate.stdev": 0.03790977597236633, "metadata.audio_properties.analysis.equal_loudness": 0.0, "metadata.audio_properties.analysis.length": 40.04265213012695, "metadata.audio_properties.analysis.sample_rate": 44100.0, "metadata.audio_properties.analysis.start_time": 0.0, "metadata.audio_properties.bit_rate": 117629.0, "metadata.audio_properties.length": 40.042667388916016, "metadata.audio_properties.lossless": 0.0, "metadata.audio_properties.number_channels": 1.0, "metadata.audio_properties.replay_gain": -10.484504699707031, "metadata.audio_properties.sample_rate": 48000.0, "rhythm.beats_count": 91.0, "rhythm.beats_loudness.mean": 0.027292774990200996, "rhythm.beats_loudness.stdev": 0.01800733245909214, "rhythm.bpm": 114.89077758789062, "rhythm.bpm_histogram_first_peak_bpm": 115.0, "rhythm.bpm_histogram_first_peak_weight": 0.4705882668495178, "rhythm.bpm_histogram_second_peak_bpm": 172.0, "rhythm.bpm_histogram_second_peak_spread": 0.0, "rhythm.bpm_histogram_second_peak_weight": 0.18888889253139496, "rhythm.danceability": 1.3115627765655518, "rhythm.onset_rate": 4.81844425201416, "tonal.chords_changes_rate": 0.08101851493120193, "tonal.chords_number_rate": 0.012731481343507767, "tonal.chords_strength.mean": 0.561913013458252, "tonal.chords_strength.stdev": 0.08261354267597198, "tonal.hpcp_crest.mean": 20.91780662536621, "tonal.hpcp_crest.stdev": 9.241941452026367, "tonal.hpcp_entropy.mean": 1.1875489950180054, "tonal.hpcp_entropy.stdev": 0.7421581745147705, "tonal.key_edma.strength": 0.7385232448577881, "tonal.key_krumhansl.strength": 0.7438539266586304, "tonal.key_temperley.strength": 0.746692419052124, "tonal.tuning_diatonic_strength": 0.6018530130386353, "tonal.tuning_equal_tempered_deviation": 0.05596020072698593, "tonal.tuning_frequency": 440.76312255859375, "tonal.tuning_nontempered_energy_ratio": 0.6977572441101074, "lowlevel.barkbands.mean": [1.569342771290394e-06, 5.1866860303562135e-05, 0.0003043296455871314, 0.0010667392052710056, 0.011420232243835926, 0.0036547996569424868, 0.0017498817760497332, 0.0014998929109424353, 0.0005024528363719583, 0.00019766822515521199, 0.00027511801454238594, 6.567498348886147e-05, 4.075777542311698e-05, 5.802736632176675e-05, 4.8774931201478466e-05, 3.146161907352507e-05, 3.219778591301292e-05, 3.274869595770724e-05, 1.2875966604042333e-05, 1.4166439541440923e-05, 1.670930396358017e-05, 2.0655026673921384e-05, 2.793732528516557e-05, 5.790570503449999e-05, 2.2052585336496122e-05, 4.786086265085032e-06, 4.5462911657523364e-08], "lowlevel.barkbands.stdev": [4.376795004645828e-06, 0.00013163508265279233, 0.0006690738955512643, 0.0023238465655595064, 0.013383054174482822, 0.010461851954460144, 0.003503423184156418, 0.004033966921269894, 0.0017056458164006472, 0.0007956749759614468, 0.0011087361490353942, 0.00047020349302329123, 0.00018224524683319032, 0.0002611608651932329, 0.0002177681162720546, 0.00017046440916601568, 0.00012715073535218835, 0.00012189372500870377, 4.36133450421039e-05, 7.213850767584518e-05, 9.818458784138784e-05, 0.00014899400412105024, 0.00016853313718456775, 0.00021527957869693637, 9.470036457059905e-05, 2.084388688672334e-05, 2.842276671799482e-07], "lowlevel.erbbands.mean": [0.0004547004937194288, 0.022465165704488754, 0.3274780213832855, 1.9679378271102905, 17.626543045043945, 45.00782775878906, 42.40333557128906, 25.129718780517578, 15.293551445007324, 47.365474700927734, 21.659379959106445, 11.285343170166016, 6.078465461730957, 10.262396812438965, 7.151313304901123, 3.02707576751709, 1.793142318725586, 3.2253711223602295, 3.0647201538085938, 1.9791488647460938, 1.4534025192260742, 1.7460708618164062, 1.825008749961853, 1.2371575832366943, 0.4096517264842987, 0.6426019072532654, 0.7579023838043213, 0.6602354049682617, 0.7310335636138916, 0.620063304901123, 0.8709063529968262, 1.2519410848617554, 0.8906632661819458, 0.34933599829673767, 0.10524877160787582, 0.030969182029366493, 0.007147775962948799, 0.000683168473187834, 2.5685711079859175e-05, 2.4876633688108996e-05], "lowlevel.erbbands.stdev": [0.0008423654362559319, 0.05111417546868324, 0.6516087651252747, 3.807507276535034, 30.275373458862305, 59.57698059082031, 76.84034729003906, 88.7801742553711, 36.7535400390625, 105.67477416992188, 72.90345001220703, 34.40664291381836, 14.646498680114746, 43.712318420410156, 24.44869041442871, 20.488452911376953, 6.874276161193848, 14.024663925170898, 13.208420753479004, 8.369707107543945, 6.735172271728516, 5.7891316413879395, 6.720431327819824, 3.9876761436462402, 1.7427423000335693, 3.318788766860962, 4.297004222869873, 4.432656764984131, 5.484553813934326, 4.154618263244629, 5.234588146209717, 4.771726608276367, 3.7215065956115723, 1.5046318769454956, 0.4660227298736572, 0.13068531453609467, 0.032884564250707626, 0.0039795939810574055, 7.97206666902639e-05, 2.2463436835096218e-05], "lowlevel.gfcc.mean": [-147.5369110107422, 115.76764678955078, -69.16272735595703, 9.97077751159668, -94.74513244628906, -15.721284866333008, -70.07720947265625, -4.513225078582764, -36.59642791748047, -21.27568244934082, -17.4757080078125, -19.46364402770996, -1.4967061281204224], "lowlevel.melbands.mean": [7.838773854018655e-06, 0.00011973806249443442, 0.0007577257929369807, 0.0022602875251322985, 0.0017311818664893508, 0.0005766570684500039, 0.00025736578390933573, 0.0004917238838970661, 0.00015489933139178902, 6.254333129618317e-05, 2.846472489181906e-05, 4.011918281321414e-05, 3.3339565561618656e-05, 7.182652552728541e-06, 6.08794653089717e-06, 4.203257503831992e-06, 6.040083917469019e-06, 4.958474619343178e-06, 2.9079424166411627e-06, 2.4765054149611387e-06, 1.5700823041697731e-06, 1.622446234250674e-06, 2.107357886416139e-06, 1.5539109199380619e-06, 9.659346460466622e-07, 3.0958815955273167e-07, 2.5996982344622666e-07, 4.781068128068e-07, 5.472283532981237e-07, 3.5784569263341837e-07, 3.894112410307571e-07, 4.213871704905614e-07, 3.8054173501222976e-07, 3.150629481751821e-07, 4.165804341482726e-07, 7.159584924920637e-07, 8.010744068087661e-07, 6.972108508307429e-07, 4.1251368543271383e-07, 2.5500807510070445e-07], "lowlevel.melbands.stdev": [1.893292210297659e-05, 0.00023344966757576913, 0.001287444494664669, 0.002804409945383668, 0.0024602420162409544, 0.0018941748421639204, 0.0005780301871709526, 0.001116918632760644, 0.0006047610659152269, 0.00018703844398260117, 7.55365690565668e-05, 0.0001750464434735477, 0.00012393240467645228, 5.8419678680365905e-05, 3.3120872103609145e-05, 1.8400854969513603e-05, 2.797020169964526e-05, 2.130835309799295e-05, 1.223410163220251e-05, 1.4062736227060668e-05, 8.225431884056889e-06, 5.042998964199796e-06, 9.373649845656473e-06, 6.256816504901508e-06, 3.1921397294354392e-06, 1.2582185036080773e-06, 1.4102363365964266e-06, 2.671937863851781e-06, 3.2124687550094677e-06, 2.213203060819069e-06, 2.8357383143884363e-06, 3.097100034210598e-06, 3.101831225649221e-06, 1.9797507775365375e-06, 2.659103301994037e-06, 3.7073250496177934e-06, 2.8907129490107764e-06, 2.812879301927751e-06, 2.0713277990580536e-06, 1.075346290235757e-06], "lowlevel.melbands128.mean": [8.276476251012355e-07, 1.213255814036529e-06, 2.441086053295294e-06, 3.524296698742546e-05, 0.0001445269153919071, 0.00013819946616422385, 0.00022409266966860741, 0.0006902823806740344, 0.0019328525522723794, 0.0021753767505288124, 0.0027324615512043238, 0.0024276378098875284, 0.001301758922636509, 0.001187576912343502, 0.0006312354817055166, 0.00021328794537112117, 0.00016050926933530718, 0.00022866019571665674, 0.0003755621437449008, 0.0007397091831080616, 0.0004184852004982531, 0.0001369203964713961, 0.00015420193085446954, 0.00012764341954607517, 7.158969674492255e-05, 3.334126085974276e-05, 4.4024200178682804e-05, 2.4467128241667524e-05, 1.686405266809743e-05, 3.537861266522668e-05, 4.307194103603251e-05, 6.112228584242985e-05, 4.004289803560823e-05, 8.893965969036799e-06, 4.581347184284823e-06, 8.37439984024968e-06, 8.768004590820055e-06, 7.211598585854517e-06, 3.790536538872402e-06, 1.6661217614455381e-06, 4.3979534893878736e-06, 7.617017672600923e-06, 6.791847226850223e-06, 5.104681349621387e-06, 3.64358947990695e-06, 5.849759418197209e-06, 5.616863745672163e-06, 2.1950613700028043e-06, 1.9857463939843e-06, 3.037453097931575e-06, 3.0393948691198602e-06, 1.268297864953638e-06, 1.4776367152080638e-06, 1.847535031629377e-06, 1.3785282817480038e-06, 1.399129814672051e-06, 1.7039492377080023e-06, 3.1078591291588964e-06, 1.9293406694487203e-06, 9.409603762833285e-07, 1.886717996057996e-06, 1.6440152421637322e-06, 1.150259322457714e-06, 8.791730010671017e-07, 4.2812695255634026e-07, 2.82766762893516e-07, 2.2904129082235158e-07, 2.2440175939664186e-07, 2.4667517095622316e-07, 3.5392426411817723e-07, 3.608444956171297e-07, 6.284816436163965e-07, 6.94244704391167e-07, 5.632158490698203e-07, 3.3339904348395066e-07, 3.4018904671029304e-07, 3.8934894064368564e-07, 3.444039293754031e-07, 4.1670702444207564e-07, 3.736271310117445e-07, 4.3584662989815115e-07, 4.61700295772971e-07, 3.715913976520824e-07, 3.5186369018447294e-07, 4.2851266357502027e-07, 2.864753128051234e-07, 2.937489114174241e-07, 3.3065651905417326e-07, 3.516016420235246e-07, 5.280955974740209e-07, 6.976309805395431e-07, 7.514537401220878e-07, 7.667655381737859e-07, 8.220751510634727e-07, 7.969533726281952e-07, 8.08125946605287e-07, 6.785836035305692e-07, 5.606278250525065e-07, 4.10617303714389e-07, 3.4529290360296727e-07, 2.977786550673045e-07, 2.5322805186078767e-07, 1.869560719569563e-07, 1.5072404835336783e-07, 1.0196409760965253e-07, 7.799260259844232e-08, 8.312252930409159e-08, 6.528360785296172e-08, 5.170811334664904e-08, 3.6727225705135425e-08, 2.7427795146195422e-08, 2.753323791182538e-08, 2.148953903713391e-08, 1.697867091365879e-08, 1.1862571369647412e-08, 6.486580161890743e-09, 1.8950696567543446e-09, 1.078115305364058e-10, 8.624429295722713e-12, 4.8808860599047765e-12, 4.854127082926096e-12, 3.2417653630933962e-12, 2.5619465316567558e-12, 2.5138075215175304e-12, 2.440718634144634e-12, 2.334057426500724e-12, 2.274829196541317e-12, 2.25681756269025e-12], "lowlevel.melbands128.stdev": [2.4437802039756207e-06, 4.22782886744244e-06, 7.281411853909958e-06, 9.188505646307021e-05, 0.000328123162034899, 0.0003098436864092946, 0.0006579307373613119, 0.0014137120451778173, 0.00395832909271121, 0.0035273071844130754, 0.004304860718548298, 0.0037791901268064976, 0.003401226131245494, 0.0035961081739515066, 0.0029077811632305384, 0.0014697738224640489, 0.0007727710762992501, 0.0007575255585834384, 0.0009557324810884893, 0.0018468984635546803, 0.0012529264204204082, 0.0006050956435501575, 0.000990541186183691, 0.0006428129854612052, 0.00025421366444788873, 0.00015011156210675836, 0.00015220214845612645, 8.214222907554358e-05, 0.00010073164594359696, 0.00021054150420241058, 0.00028503299108706415, 0.0002980144345201552, 0.00016497579053975642, 4.344407352618873e-05, 3.9400492823915556e-05, 0.00011972604261245579, 6.351400952553377e-05, 5.4209886002354324e-05, 2.8365873731672764e-05, 1.0452388778503519e-05, 2.8798267521779053e-05, 4.045555760967545e-05, 4.464312951313332e-05, 3.715624916367233e-05, 2.5383811589563265e-05, 3.0873579817125574e-05, 3.8712412788299844e-05, 1.536039235361386e-05, 9.520682397123892e-06, 1.855757727753371e-05, 2.427132858429104e-05, 8.45131216919981e-06, 1.1678147529892158e-05, 1.0967988600896206e-05, 5.803797648695763e-06, 5.114473879075376e-06, 8.059802894422319e-06, 2.111555659212172e-05, 1.0796364222187549e-05, 3.069938202315825e-06, 1.030915791488951e-05, 9.635028618504293e-06, 6.3067604969546665e-06, 2.6930015337711666e-06, 2.015319296333473e-06, 1.3192878896006732e-06, 1.2293810414121253e-06, 1.6734347809688188e-06, 1.3675543186764116e-06, 1.9578328647185117e-06, 1.642471261220635e-06, 5.521352704818128e-06, 3.239477791794343e-06, 4.044575689476915e-06, 1.912822199301445e-06, 2.205094233431737e-06, 2.796961780404672e-06, 2.4190217118302826e-06, 3.6375240597408265e-06, 2.7288626824883977e-06, 3.328496404719772e-06, 4.08509959015646e-06, 3.5503337585396366e-06, 2.6246038942190353e-06, 3.948850462620612e-06, 1.8212759869129513e-06, 1.9269557469669962e-06, 2.333893235118012e-06, 2.142626954082516e-06, 3.850296252494445e-06, 4.665955202654004e-06, 3.7293016248440836e-06, 2.6162197173107415e-06, 3.425810291446396e-06, 3.187898300893721e-06, 3.121992222077097e-06, 2.995848490172648e-06, 3.1352358291769633e-06, 2.3035331651044544e-06, 1.7819982076616725e-06, 1.2482066722441232e-06, 1.1090691032222821e-06, 8.744617616684991e-07, 7.529147865170671e-07, 5.677176204699208e-07, 3.9167397858363984e-07, 3.4869114529101353e-07, 2.7631904231384397e-07, 2.322754397710014e-07, 1.8433935622397257e-07, 1.3550055655286997e-07, 1.296434106734523e-07, 1.1175337988333922e-07, 9.716867310771704e-08, 8.456057543071438e-08, 5.105997757937075e-08, 1.0996647148431293e-08, 1.005147964860953e-09, 1.2971093643621145e-10, 7.872566487598931e-11, 8.092344155885556e-11, 2.1369118280434307e-11, 3.998993410719853e-12, 3.931028679654558e-12, 3.875204844516755e-12, 3.827267062300743e-12, 3.793255640149873e-12, 3.772631079063116e-12], "lowlevel.mfcc.mean": [-811.1591796875, 149.4735870361328, 54.78677749633789, 12.10602855682373, 2.2060017585754395, -30.63391876220703, -16.37111473083496, -19.427677154541016, -14.818309783935547, -9.655989646911621, -25.23797607421875, -8.717379570007324, -26.81606674194336], "lowlevel.spectral_contrast_coeffs.mean": [-0.48514968156814575, -0.653546929359436, -0.7209892868995667, -0.8110474348068237, -0.8134944438934326, -0.8046556711196899], "lowlevel.spectral_contrast_coeffs.stdev": [0.10372652858495712, 0.10058169811964035, 0.08461835235357285, 0.0640907734632492, 0.05782176926732063, 0.04757244512438774], "lowlevel.spectral_contrast_valleys.mean": [-8.26648235321045, -8.065267562866211, -9.588066101074219, -9.901123046875, -9.738875389099121, -11.7607421875], "lowlevel.spectral_contrast_valleys.stdev": [1.0166404247283936, 0.8890441656112671, 1.0177677869796753, 1.026908278465271, 1.0529495477676392, 1.0505702495574951], "rhythm.beats_loudness_band_ratio.mean": [0.22174952924251556, 0.6545676589012146, 0.1718170940876007, 0.04173142462968826, 0.0097429770976305, 0.019241148605942726], "rhythm.beats_loudness_band_ratio.stdev": [0.2141766995191574, 0.19480347633361816, 0.15219734609127045, 0.08889886736869812, 0.0177355594933033, 0.060383763164281845], "tonal.hpcp.mean": [0.15176676213741302, 0.09481828659772873, 0.04022340849041939, 0.03319096192717552, 0.053855206817388535, 0.12703095376491547, 0.19632689654827118, 0.173732191324234, 0.21202242374420166, 0.2265305519104004, 0.10402876883745193, 0.025303926318883896, 0.01291582826524973, 0.019348688423633575, 0.049437515437603, 0.06252475827932358, 0.04406549036502838, 0.03149538114666939, 0.025554290041327477, 0.03201187402009964, 0.11508800089359283, 0.18476474285125732, 0.09931645542383194, 0.02795293554663658, 0.026958294212818146, 0.016193164512515068, 0.018962502479553223, 0.0204775370657444, 0.023826587945222855, 0.10986260324716568, 0.1820346862077713, 0.11876773089170456, 0.05862283334136009, 0.049208711832761765, 0.06487571448087692, 0.12666641175746918], "tonal.hpcp.stdev": [0.29667970538139343, 0.22751031816005707, 0.1532423496246338, 0.14174103736877441, 0.181898295879364, 0.2526235580444336, 0.3438132405281067, 0.2999792695045471, 0.3222382068634033, 0.3455882668495178, 0.20759530365467072, 0.1148901954293251, 0.08575022220611572, 0.1002962663769722, 0.18081709742546082, 0.20848076045513153, 0.1579996794462204, 0.14512993395328522, 0.12211072444915771, 0.13593269884586334, 0.22159217298030853, 0.3374735713005066, 0.19679401814937592, 0.12165708839893341, 0.12178345769643784, 0.08040983229875565, 0.08782529085874557, 0.08746340870857239, 0.09295202046632767, 0.22236564755439758, 0.32410645484924316, 0.2387237846851349, 0.1939154863357544, 0.1779099851846695, 0.1948959082365036, 0.26090487837791443], "rhythm.beats_position": [0.3831292390823364, 0.7546485066413879, 1.1029478311538696, 1.4628571271896362, 1.8111563920974731, 2.1594557762145996, 2.519365072250366, 2.8908843994140625, 3.2740135192871094, 3.6571428775787354, 4.040272235870361, 4.400181293487549, 4.736870765686035, 5.085169792175293, 5.433469295501709, 5.781768798828125, 6.130067825317383, 6.4899773597717285, 6.838276386260986, 7.198185920715332, 7.54648494720459, 7.894784450531006, 8.243083953857422, 8.59138298034668, 8.916461944580078, 9.253151893615723, 9.58984088897705, 9.926530838012695, 10.263219833374023, 10.611518859863281, 10.936598777770996, 11.273287773132324, 11.621586799621582, 11.958276748657227, 12.294965744018555, 12.643264770507812, 13.003174781799316, 13.363083839416504, 13.722992897033691, 14.094511985778809, 14.454421043395996, 14.8143310546875, 15.174240112304688, 15.534149169921875, 15.88244915008545, 16.23074722290039, 16.753196716308594, 17.252426147460938, 17.75165557861328, 18.262493133544922, 18.784942626953125, 19.2957820892334, 19.806621551513672, 20.329069137573242, 20.851518630981445, 21.36235809326172, 21.884807586669922, 22.407255172729492, 22.929704666137695, 23.44054412841797, 23.962993621826172, 24.473831176757812, 24.984670639038086, 25.50712013244629, 26.017959594726562, 26.540407180786133, 27.028026580810547, 27.50403594970703, 27.980045318603516, 28.537322998046875, 29.071382522583008, 29.59383201599121, 30.13949966430664, 30.696779251098633, 31.242448806762695, 31.788116455078125, 32.33378601074219, 32.85623550415039, 33.36707305908203, 33.9011344909668, 34.4351921081543, 34.94602966308594, 35.456871032714844, 35.967708587646484, 36.49015808105469, 37.01260757446289, 37.54666519165039, 38.069114685058594, 38.5915641784668, 39.114013671875, 39.6364631652832], "rhythm.bpm_histogram": [0.0, 0.0, 0.0, 0.0, 0.0, 0.0, 0.0, 0.0, 0.0, 0.0, 0.0, 0.0, 0.0, 0.0, 0.0, 0.0, 0.0, 0.0, 0.0, 0.0, 0.0, 0.0, 0.0, 0.0, 0.0, 0.0, 0.0, 0.0, 0.0, 0.0, 0.0, 0.0, 0.0, 0.0, 0.0, 0.0, 0.0, 0.0, 0.0, 0.0, 0.0, 0.0, 0.0, 0.0, 0.0, 0.0, 0.0, 0.0, 0.0, 0.0, 0.0, 0.0, 0.0, 0.0, 0.0, 0.0, 0.0, 0.0, 0.0, 0.0, 0.0, 0.0, 0.0, 0.0, 0.0, 0.0, 0.0, 0.0, 0.0, 0.0, 0.0, 0.0, 0.0, 0.0, 0.0, 0.0, 0.0, 0.0, 0.0, 0.0, 0.0, 0.0, 0.0, 0.0, 0.0, 0.0, 0.0, 0.0, 0.0, 0.0, 0.0, 0.0, 0.0, 0.0, 0.0, 0.0, 0.0, 0.0, 0.0, 0.0, 0.0, 0.0, 0.0, 0.0, 0.0, 0.0, 0.0, 0.0, 0.02222222276031971, 0.0, 0.04444444552063942, 0.0, 0.04444444552063942, 0.0, 0.0, 0.20000000298023224, 0.0, 0.13333334028720856, 0.0, 0.0, 0.02222222276031971, 0.0, 0.0, 0.011111111380159855, 0.0, 0.0, 0.02222222276031971, 0.0, 0.0, 0.0, 0.0, 0.0, 0.0, 0.0, 0.0, 0.0, 0.0, 0.0, 0.0, 0.0, 0.0, 0.0, 0.0, 0.0, 0.0, 0.0, 0.0, 0.0, 0.0, 0.0, 0.0, 0.0, 0.0, 0.0, 0.0, 0.0, 0.0, 0.03333333507180214, 0.0, 0.0, 0.0, 0.03333333507180214, 0.0, 0.0, 0.0, 0.0, 0.0, 0.13333334028720856, 0.0, 0.0, 0.0, 0.0, 0.18888889253139496, 0.0, 0.0, 0.0, 0.0, 0.0, 0.08888889104127884, 0.0, 0.0, 0.0, 0.0, 0.0, 0.0, 0.02222222276031971, 0.0, 0.0, 0.0, 0.0, 0.0, 0.0, 0.0, 0.0, 0.0, 0.0, 0.0, 0.0, 0.0, 0.0, 0.0, 0.0, 0.0, 0.0, 0.0, 0.0, 0.0, 0.0, 0.0, 0.0, 0.0, 0.0, 0.0, 0.0, 0.0, 0.0, 0.0, 0.0, 0.0, 0.0, 0.0, 0.0, 0.0, 0.0, 0.0, 0.0, 0.0, 0.0, 0.0, 0.0, 0.0, 0.0, 0.0, 0.0, 0.0, 0.0, 0.0, 0.0, 0.0, 0.0, 0.0, 0.0, 0.0, 0.0, 0.0, 0.0, 0.0, 0.0, 0.0, 0.0], "tonal.chords_histogram": [21.412036895751953, 6.365740776062012, 8.217592239379883, 7.638888835906982, 0.0, 0.0, 0.0, 0.0, 0.8101851940155029, 2.0833332538604736, 12.615740776062012, 0.0, 0.0, 0.0, 0.0, 0.0, 0.0, 4.976851940155029, 1.9675925970077515, 0.3472222089767456, 0.8101851940155029, 2.8935184478759766, 1.9675925970077515, 27.893518447875977], "tonal.thpcp": [1.0, 0.45922622084617615, 0.11170204728841782, 0.057015832513570786, 0.08541315048933029, 0.2182377427816391, 0.27601027488708496, 0.1945233941078186, 0.139033704996109, 0.1128072589635849, 0.14131371676921844, 0.5080462694168091, 0.8156283497810364, 0.43842411041259766, 0.1233958750963211, 0.11900511384010315, 0.07148335874080658, 0.08370836824178696, 0.09039635956287384, 0.10518046468496323, 0.48497918248176575, 0.8035767674446106, 0.524290144443512, 0.25878554582595825, 0.21722769737243652, 0.2863883674144745, 0.559158205986023, 0.6699615716934204, 0.41856732964515686, 0.17756284773349762, 0.14651869237422943, 0.23773926496505737, 0.560767412185669, 0.8666685223579407, 0.766926109790802, 0.9359551072120667], "lowlevel.gfcc.cov": [[7061.82470703125, -1174.619384765625, -1371.214599609375, -242.51170349121094, -155.79335021972656, 237.24887084960938, -527.92822265625, 577.375244140625, -207.06793212890625, 105.98365783691406, 308.09735107421875, -89.63388061523438, 25.954105377197266], [-1174.619384765625, 2156.861328125, 168.58749389648438, -678.8734741210938, 245.0629119873047, -107.67835998535156, 278.97357177734375, -219.4599609375, 176.94198608398438, -263.06903076171875, 111.19931030273438, -305.0479736328125, 142.9000701904297], [-1371.214599609375, 168.58749389648438, 1452.7344970703125, 525.5517578125, -67.96355438232422, -20.354646682739258, 239.7509765625, -129.7238311767578, 87.75555419921875, -14.350382804870605, -184.56785583496094, 51.67811965942383, -90.19001770019531], [-242.51170349121094, -678.8734741210938, 525.5517578125, 1036.8443603515625, 76.87046813964844, -87.67691040039062, 11.625066757202148, 88.37372589111328, 22.810161590576172, -15.654592514038086, -122.2255630493164, 123.06655883789062, -61.025814056396484], [-155.79335021972656, 245.0629119873047, -67.96355438232422, 76.87046813964844, 437.1725769042969, 67.34746551513672, -23.945791244506836, -15.126975059509277, -1.7801008224487305, -34.951393127441406, -34.047569274902344, -17.215435028076172, -21.26182746887207], [237.24887084960938, -107.67835998535156, -20.354646682739258, -87.67691040039062, 67.34746551513672, 469.6950378417969, 127.0114517211914, -90.22442626953125, -41.528377532958984, 63.87849807739258, -84.44049072265625, 17.185501098632812, -67.09770202636719], [-527.92822265625, 278.97357177734375, 239.7509765625, 11.625066757202148, -23.945791244506836, 127.0114517211914, 316.5315856933594, -105.50119018554688, -33.867374420166016, -26.087730407714844, -59.57660675048828, 8.734349250793457, -18.67380142211914], [577.375244140625, -219.4599609375, -129.7238311767578, 88.37372589111328, -15.126975059509277, -90.22442626953125, -105.50119018554688, 294.9844055175781, 22.70532989501953, 4.772763252258301, 35.60651779174805, 5.087923526763916, 12.67223072052002], [-207.06793212890625, 176.94198608398438, 87.75555419921875, 22.810161590576172, -1.7801008224487305, -41.528377532958984, -33.867374420166016, 22.70532989501953, 192.2547607421875, 0.9559476971626282, -46.25218200683594, -30.02591323852539, 38.975032806396484], [105.98365783691406, -263.06903076171875, -14.350382804870605, -15.654592514038086, -34.951393127441406, 63.87849807739258, -26.087730407714844, 4.772763252258301, 0.9559476971626282, 198.84559631347656, -10.449389457702637, 18.936141967773438, -39.08540725708008], [308.09735107421875, 111.19931030273438, -184.56785583496094, -122.2255630493164, -34.047569274902344, -84.44049072265625, -59.57660675048828, 35.60651779174805, -46.25218200683594, -10.449389457702637, 260.2496643066406, -30.71122932434082, 18.83871078491211], [-89.63388061523438, -305.0479736328125, 51.67811965942383, 123.06655883789062, -17.215435028076172, 17.185501098632812, 8.734349250793457, 5.087923526763916, -30.02591323852539, 18.936141967773438, -30.71122932434082, 187.0020294189453, 0.5337655544281006], [25.954105377197266, 142.9000701904297, -90.19001770019531, -61.025814056396484, -21.26182746887207, -67.09770202636719, -18.67380142211914, 12.67223072052002, 38.975032806396484, -39.08540725708008, 18.83871078491211, 0.5337655544281006, 137.44448852539062]], "lowlevel.gfcc.icov": [[0.00025601251400075853, 2.795122236420866e-05, 0.00012201750359963626, -4.912502481602132e-05, 0.0001571180619066581, -0.00034562553628347814, 0.0003226086846552789, -0.0003974364371970296, 0.00026008556596934795, 4.121220263186842e-05, -0.00013118813512846828, 0.00022529765556100756, -0.00012802373385056853], [2.795122236420866e-05, 0.0034600826911628246, -0.0009588707471266389, 0.0025071187410503626, -0.0028112123254686594, 0.0014319189358502626, -0.003521556733176112, 0.0008149674395099282, -0.003121886635199189, 0.0025874897837638855, -0.0018237142357975245, 0.0029662661254405975, -0.0015486441552639008], [0.00012201750359963626, -0.0009588707471266389, 0.0015400740085169673, -0.0012666588881984353, 0.0011360876960679889, -0.000250635581323877, 0.0003469582588877529, 6.9970621552784e-05, 0.0003076810098718852, -0.0006644657696597278, 0.0007567316060885787, -0.000750459439586848, 0.0011391418520361185], [-4.912502481602132e-05, 0.0025071187410503626, -0.0012666588881984353, 0.00335058500058949, -0.002468146150931716, 0.0014483474660664797, -0.0025158142670989037, 7.17418733984232e-05, -0.002241428941488266, 0.002002324443310499, -0.0008996523101814091, 0.0012578755849972367, -0.0006406034808605909], [0.0001571180619066581, -0.0028112123254686594, 0.0011360876960679889, -0.002468146150931716, 0.005031213629990816, -0.001922434545122087, 0.0035382637288421392, -0.0006446752813644707, 0.002665807493031025, -0.0013749486533924937, 0.0016799427103251219, -0.0018693070160225034, 0.0015527821378782392], [-0.00034562553628347814, 0.0014319189358502626, -0.000250635581323877, 0.0014483474660664797, -0.001922434545122087, 0.004257256630808115, -0.003202157560735941, 0.0012993898708373308, -0.0015484355390071869, 0.00012153304123785347, 0.00026906997663900256, 0.0006134657887741923, 0.0007155616185627878], [0.0003226086846552789, -0.003521556733176112, 0.0003469582588877529, -0.0025158142670989037, 0.0035382637288421392, -0.003202157560735941, 0.008879464119672775, -0.0005458647501654923, 0.004636873956769705, -0.0016700809355825186, 0.0021105236373841763, -0.0025522897485643625, 0.0008827427518554032], [-0.0003974364371970296, 0.0008149674395099282, 6.9970621552784e-05, 7.17418733984232e-05, -0.0006446752813644707, 0.0012993898708373308, -0.0005458647501654923, 0.005133720114827156, -0.0017181960865855217, 0.0005207855137996376, -0.0005258183227851987, 0.00036445772275328636, -1.3964131539978553e-06], [0.00026008556596934795, -0.003121886635199189, 0.0003076810098718852, -0.002241428941488266, 0.002665807493031025, -0.0015484355390071869, 0.004636873956769705, -0.0017181960865855217, 0.01001112349331379, -0.002843180438503623, 0.002971707610413432, -0.0009731646277941763, -0.0012026474578306079], [4.121220263186842e-05, 0.0025874897837638855, -0.0006644657696597278, 0.002002324443310499, -0.0013749486533924937, 0.00012153304123785347, -0.0016700809355825186, 0.0005207855137996376, -0.002843180438503623, 0.007934806868433952, -0.0013234864454716444, 0.0015536140417680144, 0.0005648048827424645], [-0.00013118813512846828, -0.0018237142357975245, 0.0007567316060885787, -0.0008996523101814091, 0.0016799427103251219, 0.00026906997663900256, 0.0021105236373841763, -0.0005258183227851987, 0.002971707610413432, -0.0013234864454716444, 0.006059147883206606, -0.0010049603879451752, 0.0006988077657297254], [0.00022529765556100756, 0.0029662661254405975, -0.000750459439586848, 0.0012578755849972367, -0.0018693070160225034, 0.0006134657887741923, -0.0025522897485643625, 0.00036445772275328636, -0.0009731646277941763, 0.0015536140417680144, -0.0010049603879451752, 0.00908349733799696, -0.0026103181298822165], [-0.00012802373385056853, -0.0015486441552639008, 0.0011391418520361185, -0.0006406034808605909, 0.0015527821378782392, 0.0007155616185627878, 0.0008827427518554032, -1.3964131539978553e-06, -0.0012026474578306079, 0.0005648048827424645, 0.0006988077657297254, -0.0026103181298822165, 0.01049861591309309]], "lowlevel.mfcc.cov": [[7731.39990234375, -1261.11279296875, -1362.3338623046875, -737.155029296875, 365.043212890625, -722.9310913085938, 353.3278503417969, -234.82984924316406, -164.5267791748047, 187.7687530517578, -312.9923400878906, 555.0050659179688, -179.6440887451172], [-1261.11279296875, 2485.114501953125, -203.65086364746094, -524.9633178710938, -71.68229675292969, -8.71352481842041, 75.38301849365234, -59.94015121459961, 10.449897766113281, 100.64324951171875, -28.602251052856445, -82.2406234741211, -100.91244506835938], [-1362.3338623046875, -203.65086364746094, 1454.648681640625, 529.6499633789062, -171.2745361328125, 309.00634765625, -113.76287078857422, 171.46530151367188, 148.38876342773438, -24.117755889892578, 139.4512176513672, -122.7746810913086, 119.33025360107422], [-737.155029296875, -524.9633178710938, 529.6499633789062, 961.4525146484375, 145.0014190673828, 4.794758319854736, -69.56957244873047, 170.63314819335938, 104.26793670654297, -87.5973129272461, 65.57669067382812, -33.35845184326172, 68.87808990478516], [365.043212890625, -71.68229675292969, -171.2745361328125, 145.0014190673828, 453.1969909667969, -74.1544418334961, 16.942161560058594, 17.520769119262695, 42.28407669067383, 6.563229084014893, -31.35361099243164, 149.04681396484375, -4.932858467102051], [-722.9310913085938, -8.71352481842041, 309.00634765625, 4.794758319854736, -74.1544418334961, 720.0214233398438, 22.597007751464844, 127.76032257080078, 86.25804901123047, 12.411865234375, 114.66728210449219, -232.51222229003906, 69.44430541992188], [353.3278503417969, 75.38301849365234, -113.76287078857422, -69.56957244873047, 16.942161560058594, 22.597007751464844, 333.51641845703125, 19.16466522216797, -84.27529907226562, 21.663637161254883, -17.010469436645508, 92.48486328125, -32.447837829589844], [-234.82984924316406, -59.94015121459961, 171.46530151367188, 170.63314819335938, 17.520769119262695, 127.76032257080078, 19.16466522216797, 257.8526611328125, 70.76471710205078, -26.20494842529297, 14.095685958862305, -77.18682861328125, 30.949453353881836], [-164.5267791748047, 10.449897766113281, 148.38876342773438, 104.26793670654297, 42.28407669067383, 86.25804901123047, -84.27529907226562, 70.76471710205078, 263.00946044921875, 52.701141357421875, 24.624834060668945, -70.04268646240234, 28.174413681030273], [187.7687530517578, 100.64324951171875, -24.117755889892578, -87.5973129272461, 6.563229084014893, 12.411865234375, 21.663637161254883, -26.20494842529297, 52.701141357421875, 187.21823120117188, 31.926376342773438, -14.755842208862305, -30.456846237182617], [-312.9923400878906, -28.602251052856445, 139.4512176513672, 65.57669067382812, -31.35361099243164, 114.66728210449219, -17.010469436645508, 14.095685958862305, 24.624834060668945, 31.926376342773438, 156.5612030029297, -30.428316116333008, 19.5772705078125], [555.0050659179688, -82.2406234741211, -122.7746810913086, -33.35845184326172, 149.04681396484375, -232.51222229003906, 92.48486328125, -77.18682861328125, -70.04268646240234, -14.755842208862305, -30.428316116333008, 306.4185791015625, -1.9491043090820312], [-179.6440887451172, -100.91244506835938, 119.33025360107422, 68.87808990478516, -4.932858467102051, 69.44430541992188, -32.447837829589844, 30.949453353881836, 28.174413681030273, -30.456846237182617, 19.5772705078125, -1.9491043090820312, 167.86756896972656]], "lowlevel.mfcc.icov": [[0.00024804743588902056, 0.00019054969015996903, 0.00010018908506026492, 0.00020444007532205433, -8.237950532929972e-05, 0.0001232422364410013, -0.00016572971071582288, -5.348740887711756e-05, -8.317080937558785e-05, -0.0002564108872320503, 0.0002574427053332329, -0.000170857209013775, 8.474440255668014e-05], [0.00019054969015996903, 0.000631416798569262, -3.858633135678247e-06, 0.00048758028424344957, -0.0001962255482794717, 0.00024232342548202723, -0.00031141567160375416, -2.530112578824628e-05, -0.00017633462266530842, -0.0002026805595960468, 0.00013089286221656948, 0.00020704187045339495, 0.0002045915462076664], [0.00010018908506026492, -3.858633135678247e-06, 0.0012707044370472431, -0.0006754582282155752, 0.0008175051189027727, -0.0005008189473301172, 0.0003484282351564616, -0.00031113249133341014, -0.0002775996399577707, -0.00033124920446425676, -7.398708839900792e-05, -0.0007960032671689987, -0.00017945129366125911], [0.00020444007532205433, 0.00048758028424344957, -0.0006754582282155752, 0.0022700715344399214, -0.0011964099248871207, 0.0009140985202975571, -0.0004704107705038041, -0.0006118529126979411, -0.00034510676050558686, 0.0007316235569305718, -0.0006720761302858591, 0.0008897720836102962, -5.144756505615078e-05], [-8.237950532929972e-05, -0.0001962255482794717, 0.0008175051189027727, -0.0011964099248871207, 0.003790736198425293, -0.0009046111372299492, 0.0007427204982377589, -0.0004980861558578908, -0.0006733195041306317, -0.000601950625423342, 0.000787540921010077, -0.0026888353750109673, 0.00030539141152985394], [0.0001232422364410013, 0.00024232342548202723, -0.0005008189473301172, 0.0009140985202975571, -0.0009046111372299492, 0.0028604180552065372, -0.001237752614542842, -0.00032282312167808414, -0.00033422381966374815, 0.00046263597323559225, -0.0014975698431953788, 0.002435599686577916, -0.0007881571655161679], [-0.00016572971071582288, -0.00031141567160375416, 0.0003484282351564616, -0.0004704107705038041, 0.0007427204982377589, -0.001237752614542842, 0.004564291797578335, -0.001242070342414081, 0.001440892112441361, -0.001069562858901918, 0.0006111212424002588, -0.002343041356652975, 0.0006915187113918364], [-5.348740887711756e-05, -2.530112578824628e-05, -0.00031113249133341014, -0.0006118529126979411, -0.0004980861558578908, -0.00032282312167808414, -0.001242070342414081, 0.0056202951818704605, -0.001128123258240521, 0.0010450729168951511, 0.00022160288062877953, 0.001498771132901311, -0.00038709514774382114], [-8.317080937558785e-05, -0.00017633462266530842, -0.0002775996399577707, -0.00034510676050558686, -0.0006733195041306317, -0.00033422381966374815, 0.001440892112441361, -0.001128123258240521, 0.0056038848124444485, -0.001971142366528511, 0.0002540579007472843, 0.0005169764044694602, -0.0005728864343836904], [-0.0002564108872320503, -0.0002026805595960468, -0.00033124920446425676, 0.0007316235569305718, -0.000601950625423342, 0.00046263597323559225, -0.001069562858901918, 0.0010450729168951511, -0.001971142366528511, 0.007462554145604372, -0.0023076555225998163, 0.001272233435884118, 0.0008992342627607286], [0.0002574427053332329, 0.00013089286221656948, -7.398708839900792e-05, -0.0006720761302858591, 0.000787540921010077, -0.0014975698431953788, 0.0006111212424002588, 0.00022160288062877953, 0.000254057900