{"song_id": "1183707280387088464", "download": "https://cdn.discordapp.com/attachments/1128313332273782784/1183707280387088464/chirp.mp4?ex=6589504f&amp", "lyrics": "[Verse]\nVous pensez que cette impact est trop petit et que \u00e7a ne vaut pas le coup de s'en occuper? Quand il fait chaud comme aujourd'hui, on met la clim (bip bip bip voooo crak) Et voil\u00e0, l'impact n'a pas support\u00e9 le changement brutal de temp\u00e9rature! \n\n[Chorus]\nBien s\u00fbr, si demain \u00e7a vous arrive, chez Carglass on remplacera votre pare-brise, mais vous risquez de payer une franchise. Alors que si vous appelez Carglass d\u00e8s que vous avez un impact, on vient chez vous.", "style": ["pop</span><span>-punk"], "essentia_features": {"lowlevel.average_loudness": 0.8862833380699158, "lowlevel.barkbands_crest.mean": 13.285874366760254, "lowlevel.barkbands_crest.stdev": 4.934199333190918, "lowlevel.barkbands_flatness_db.mean": 0.22361010313034058, "lowlevel.barkbands_flatness_db.stdev": 0.09262225776910782, "lowlevel.barkbands_kurtosis.mean": 9.771361351013184, "lowlevel.barkbands_kurtosis.stdev": 18.425457000732422, "lowlevel.barkbands_skewness.mean": 1.822270154953003, "lowlevel.barkbands_skewness.stdev": 1.9399479627609253, "lowlevel.barkbands_spread.mean": 21.333465576171875, "lowlevel.barkbands_spread.stdev": 27.799575805664062, "lowlevel.dissonance.mean": 0.4364015460014343, "lowlevel.dissonance.stdev": 0.06008292734622955, "lowlevel.dynamic_complexity": 5.0838470458984375, "lowlevel.erbbands_crest.mean": 11.825661659240723, "lowlevel.erbbands_crest.stdev": 5.602708339691162, "lowlevel.erbbands_flatness_db.mean": 0.21585148572921753, "lowlevel.erbbands_flatness_db.stdev": 0.0776202455163002, "lowlevel.erbbands_kurtosis.mean": 3.092794179916382, "lowlevel.erbbands_kurtosis.stdev": 9.986848831176758, "lowlevel.erbbands_skewness.mean": 0.4194474518299103, "lowlevel.erbbands_skewness.stdev": 1.5964837074279785, "lowlevel.erbbands_spread.mean": 36.082218170166016, "lowlevel.erbbands_spread.stdev": 26.051755905151367, "lowlevel.hfc.mean": 18.674034118652344, "lowlevel.hfc.stdev": 34.69890594482422, "lowlevel.loudness_ebu128.integrated": -14.365677833557129, "lowlevel.loudness_ebu128.loudness_range": 11.31410026550293, "lowlevel.loudness_ebu128.momentary.mean": -15.93745231628418, "lowlevel.loudness_ebu128.momentary.stdev": 4.350924968719482, "lowlevel.loudness_ebu128.short_term.mean": -15.438934326171875, "lowlevel.loudness_ebu128.short_term.stdev": 3.5254218578338623, "lowlevel.melbands_crest.mean": 17.18737030029297, "lowlevel.melbands_crest.stdev": 6.104950428009033, "lowlevel.melbands_flatness_db.mean": 0.2852553725242615, "lowlevel.melbands_flatness_db.stdev": 0.12340393662452698, "lowlevel.melbands_kurtosis.mean": 21.66314125061035, "lowlevel.melbands_kurtosis.stdev": 33.47018814086914, "lowlevel.melbands_skewness.mean": 2.9693949222564697, "lowlevel.melbands_skewness.stdev": 2.2804453372955322, "lowlevel.melbands_spread.mean": 27.440317153930664, "lowlevel.melbands_spread.stdev": 46.7833137512207, "lowlevel.pitch_salience.mean": 0.5062450766563416, "lowlevel.pitch_salience.stdev": 0.14958372712135315, "lowlevel.silence_rate_20dB.mean": 1.0, "lowlevel.silence_rate_20dB.stdev": 0.0, "lowlevel.silence_rate_30dB.mean": 0.9924681186676025, "lowlevel.silence_rate_30dB.stdev": 0.08645861595869064, "lowlevel.silence_rate_60dB.mean": 0.18539977073669434, "lowlevel.silence_rate_60dB.stdev": 0.3886258006095886, "lowlevel.spectral_centroid.mean": 1180.89892578125, "lowlevel.spectral_centroid.stdev": 1217.334228515625, "lowlevel.spectral_complexity.mean": 9.639629364013672, "lowlevel.spectral_complexity.stdev": 8.233198165893555, "lowlevel.spectral_decrease.mean": -5.569687377970922e-09, "lowlevel.spectral_decrease.stdev": 6.1632876580119955e-09, "lowlevel.spectral_energy.mean": 0.022715063765645027, "lowlevel.spectral_energy.stdev": 0.024176767095923424, "lowlevel.spectral_energyband_high.mean": 0.0009615111048333347, "lowlevel.spectral_energyband_high.stdev": 0.0038244391325861216, "lowlevel.spectral_energyband_low.mean": 0.006650996394455433, "lowlevel.spectral_energyband_low.stdev": 0.012483305297791958, "lowlevel.spectral_energyband_middle_high.mean": 0.003043333301320672, "lowlevel.spectral_energyband_middle_high.stdev": 0.004772489424794912, "lowlevel.spectral_energyband_middle_low.mean": 0.014054246246814728, "lowlevel.spectral_energyband_middle_low.stdev": 0.017479389905929565, "lowlevel.spectral_entropy.mean": 7.048228740692139, "lowlevel.spectral_entropy.stdev": 0.8933209180831909, "lowlevel.spectral_flux.mean": 0.07782470434904099, "lowlevel.spectral_flux.stdev": 0.05997401103377342, "lowlevel.spectral_kurtosis.mean": 16.809690475463867, "lowlevel.spectral_kurtosis.stdev": 35.61973571777344, "lowlevel.spectral_rms.mean": 0.003959944937378168, "lowlevel.spectral_rms.stdev": 0.002545572817325592, "lowlevel.spectral_rolloff.mean": 2077.79736328125, "lowlevel.spectral_rolloff.stdev": 3591.594482421875, "lowlevel.spectral_skewness.mean": 2.397082805633545, "lowlevel.spectral_skewness.stdev": 2.1026201248168945, "lowlevel.spectral_spread.mean": 4679378.5, "lowlevel.spectral_spread.stdev": 3518823.25, "lowlevel.spectral_strongpeak.mean": 1.1161079406738281, "lowlevel.spectral_strongpeak.stdev": 1.5329279899597168, "lowlevel.zerocrossingrate.mean": 0.0776686891913414, "lowlevel.zerocrossingrate.stdev": 0.09977876394987106, "metadata.audio_properties.analysis.equal_loudness": 0.0, "metadata.audio_properties.analysis.length": 40.04265213012695, "metadata.audio_properties.analysis.sample_rate": 44100.0, "metadata.audio_properties.analysis.start_time": 0.0, "metadata.audio_properties.bit_rate": 118031.0, "metadata.audio_properties.length": 40.042667388916016, "metadata.audio_properties.lossless": 0.0, "metadata.audio_properties.number_channels": 1.0, "metadata.audio_properties.replay_gain": -13.445289611816406, "metadata.audio_properties.sample_rate": 48000.0, "rhythm.beats_count": 96.0, "rhythm.beats_loudness.mean": 0.040486663579940796, "rhythm.beats_loudness.stdev": 0.03286784887313843, "rhythm.bpm": 145.18263244628906, "rhythm.bpm_histogram_first_peak_bpm": 144.0, "rhythm.bpm_histogram_first_peak_weight": 0.5280898809432983, "rhythm.bpm_histogram_second_peak_bpm": 136.0, "rhythm.bpm_histogram_second_peak_spread": 0.2500000596046448, "rhythm.bpm_histogram_second_peak_weight": 0.031578946858644485, "rhythm.danceability": 1.202705979347229, "rhythm.onset_rate": 4.81844425201416, "tonal.chords_changes_rate": 0.10879629850387573, "tonal.chords_number_rate": 0.009259259328246117, "tonal.chords_strength.mean": 0.5030996799468994, "tonal.chords_strength.stdev": 0.1069386899471283, "tonal.hpcp_crest.mean": 14.937639236450195, "tonal.hpcp_crest.stdev": 8.093255996704102, "tonal.hpcp_entropy.mean": 1.8294607400894165, "tonal.hpcp_entropy.stdev": 0.8977800011634827, "tonal.key_edma.strength": 0.6694747805595398, "tonal.key_krumhansl.strength": 0.6706746816635132, "tonal.key_temperley.strength": 0.6944689750671387, "tonal.tuning_diatonic_strength": 0.6828134059906006, "tonal.tuning_equal_tempered_deviation": 0.13031062483787537, "tonal.tuning_frequency": 440.2542419433594, "tonal.tuning_nontempered_energy_ratio": 0.8332936763763428, "lowlevel.barkbands.mean": [7.26905491319485e-05, 0.003515513613820076, 0.0011047462467104197, 0.003096486208960414, 0.0024627794045954943, 0.0029619273263961077, 0.0020172016229480505, 0.0020302957855165005, 0.0014167772606015205, 0.00023366845562122762, 0.00040101417107507586, 0.0006703090039081872, 0.0003292582114227116, 0.00015524242189712822, 0.00031180764199234545, 0.00027279191999696195, 0.0003510015376377851, 0.00016034090367611498, 0.00016114208847284317, 5.3957177442498505e-05, 3.9951904909685254e-05, 5.6311349908355623e-05, 0.00012541774776764214, 0.0005202175234444439, 0.00017855246551334858, 1.553716356283985e-05, 1.574190662267938e-07], "lowlevel.barkbands.stdev": [0.00026825227541849017, 0.010455891489982605, 0.0030692724976688623, 0.005409762263298035, 0.00685241911560297, 0.006864149123430252, 0.005672771483659744, 0.007109488360583782, 0.0050494777970016, 0.0005677188164554536, 0.0021202501375228167, 0.002027844777330756, 0.001002476317808032, 0.0005080504924990237, 0.0008508138707838953, 0.0006413067458197474, 0.0006476850830949843, 0.0003719988453667611, 0.00043459224980324507, 0.00013224345457274467, 0.0001265934552066028, 0.0003048872749786824, 0.0007204253342933953, 0.0024493730161339045, 0.0008735068840906024, 9.351482731290162e-05, 1.2242786624483415e-06], "lowlevel.erbbands.mean": [0.09958862513303757, 0.7805724740028381, 1.3200523853302002, 7.105619430541992, 7.016976356506348, 8.444393157958984, 17.707765579223633, 24.139076232910156, 33.16025161743164, 27.97015953063965, 51.47331619262695, 32.09497833251953, 8.41532039642334, 8.317831039428711, 19.879175186157227, 29.266454696655273, 17.666465759277344, 9.228865623474121, 12.727734565734863, 16.019474029541016, 17.773502349853516, 18.588993072509766, 8.790759086608887, 10.693516731262207, 5.367833137512207, 2.554029703140259, 1.6753588914871216, 1.8291743993759155, 2.105694055557251, 1.5815157890319824, 4.2223944664001465, 10.246382713317871, 8.255404472351074, 2.877382755279541, 0.8117133975028992, 0.13556356728076935, 0.014406276866793633, 0.0011083415010944009, 5.721121124224737e-05, 3.304153506178409e-05], "lowlevel.erbbands.stdev": [0.35165607929229736, 2.267505645751953, 3.619706869125366, 11.843079566955566, 14.169705390930176, 25.946311950683594, 49.56477355957031, 63.21758270263672, 95.93218231201172, 76.48047637939453, 178.37940979003906, 112.96775817871094, 19.22072410583496, 18.362058639526367, 104.49624633789062, 89.65950012207031, 47.08772277832031, 27.79199981689453, 28.989826202392578, 45.1291389465332, 35.457828521728516, 32.4233512878418, 21.86229705810547, 26.97823143005371, 13.409111022949219, 6.426109313964844, 4.968377113342285, 6.187399387359619, 11.56903076171875, 9.40888500213623, 24.473087310791016, 47.56578826904297, 41.261627197265625, 13.974608421325684, 4.236907005310059, 0.7658349275588989, 0.0861009880900383, 0.005724851042032242, 0.00019932517898268998, 4.2149047658313066e-05], "lowlevel.gfcc.mean": [-148.4044647216797, 117.06144714355469, -106.5661392211914, 29.11474609375, -50.54499816894531, 11.112494468688965, -49.31354904174805, 6.545221328735352, -19.756141662597656, -13.894512176513672, -7.048680782318115, -11.405442237854004, -8.506532669067383], "lowlevel.melbands.mean": [0.000950871326494962, 0.0008848434081301093, 0.0011613576207309961, 0.0005310094566084445, 0.0005603729514405131, 0.0005713611026294529, 0.00047884281957522035, 0.00032477345666848123, 0.00043503838242031634, 0.00017273626872338355, 3.634995300672017e-05, 3.1479376048082486e-05, 5.4819247452542186e-05, 6.992010457906872e-05, 6.838030822109431e-05, 3.027007551281713e-05, 1.4842377822787967e-05, 1.8109878510585986e-05, 2.4672766812727787e-05, 1.8571729015093297e-05, 2.2228467059903778e-05, 2.3069113012752496e-05, 8.331275239470415e-06, 7.235268185468158e-06, 9.120270078710746e-06, 4.850378900300711e-06, 2.3361342300631804e-06, 1.5183148889263975e-06, 1.1313261438772315e-06, 8.199015724130732e-07, 1.17667502763652e-06, 1.3043332955930964e-06, 9.029228067447548e-07, 7.90538592809753e-07, 1.7224263046955457e-06, 4.511732186074369e-06, 7.071740583342034e-06, 6.862306690891273e-06, 3.4134550332964864e-06, 2.0803151983272983e-06], "lowlevel.melbands.stdev": [0.003013263689354062, 0.001999526983126998, 0.001828100997954607, 0.0015364499995484948, 0.0014889915473759174, 0.0013898442266508937, 0.0013266970636323094, 0.000967667147051543, 0.0014612239319831133, 0.0006343727000057697, 8.708522364031523e-05, 7.507760165026411e-05, 0.00028432183898985386, 0.00022845003695692867, 0.00020622431475203484, 0.00010573218605713919, 5.577426418312825e-05, 4.284691749489866e-05, 7.533928146585822e-05, 5.278059688862413e-05, 4.719243952422403e-05, 4.2765881516970694e-05, 1.9162065655109473e-05, 1.630040969757829e-05, 2.4578570446465164e-05, 1.4445316992350854e-05, 5.3653820941690356e-06, 4.130070465180324e-06, 3.4434901863278355e-06, 2.7120661343360553e-06, 4.064308541273931e-06, 6.578004104085267e-06, 6.151719844638137e-06, 4.858097327087307e-06, 1.1064911632274743e-05, 2.4191431293729693e-05, 3.313271008664742e-05, 3.5233395465184e-05, 1.797082950361073e-05, 1.0122138519363943e-05], "lowlevel.melbands128.mean": [6.320719694485888e-05, 0.0006923119653947651, 0.001441962318494916, 0.0012436521938070655, 0.0006266312557272613, 0.0006043689209036529, 0.0016281123971566558, 0.001305865473113954, 0.0005558146513067186, 0.0005493990029208362, 0.000421581557020545, 0.00048277145833708346, 0.0006924218614585698, 0.0005365638644434512, 0.00045754280290566385, 0.0006560708861798048, 0.0007007092935964465, 0.00039689321420155466, 0.000291133183054626, 0.000269428885076195, 0.0003602566139306873, 0.00042808245052583516, 0.0004867103707510978, 0.00041620535193942487, 0.00020742369815707207, 8.486105070915073e-05, 3.1124658562475815e-05, 3.4634300391189754e-05, 3.734991332748905e-05, 3.133508289465681e-05, 3.158508479828015e-05, 2.7732745365938172e-05, 4.22028788307216e-05, 0.00010349412332288921, 4.199225077172741e-05, 6.82356912875548e-05, 9.354052599519491e-05, 9.146583761321381e-05, 3.3071024517994374e-05, 3.0012017305125482e-05, 3.791169365285896e-05, 1.4909335732227191e-05, 1.444442750653252e-05, 1.3675426089321263e-05, 1.494501339038834e-05, 1.8151758922613226e-05, 2.297576065757312e-05, 2.75938928098185e-05, 2.4539469450246543e-05, 1.8694023310672492e-05, 1.992397847061511e-05, 1.580593925609719e-05, 1.6894500731723383e-05, 2.7756399504141882e-05, 2.8553793526953086e-05, 2.818981920427177e-05, 1.2292266546864994e-05, 7.190315500338329e-06, 8.038802661758382e-06, 8.213231012632605e-06, 5.492929631145671e-06, 6.701166057609953e-06, 1.286288443225203e-05, 8.727119165996555e-06, 5.972065991954878e-06, 4.928848284180276e-06, 4.256412012182409e-06, 2.467915010129218e-06, 1.961134103112272e-06, 1.9780616185016697e-06, 1.3821766060573282e-06, 1.468487653255579e-06, 1.3117054322719923e-06, 1.1329576636853744e-06, 7.746734240754449e-07, 8.460422691314307e-07, 7.816834681761975e-07, 8.971756528808328e-07, 1.2745713320327923e-06, 1.394282321598439e-06, 1.4407154367290786e-06, 1.2192558642709628e-06, 1.0597433401926537e-06, 8.249724032793893e-07, 8.278053655885742e-07, 8.236871735789464e-07, 6.569529205080471e-07, 9.238670486411138e-07, 1.6124353123814217e-06, 2.1396581360022537e-06, 3.903771812474588e-06, 5.0508247113612015e-06, 5.833342129335506e-06, 7.1580584517505486e-06, 7.983396244526375e-06, 7.75419994170079e-06, 7.423714123433456e-06, 3.998186002718285e-06, 3.691314987008809e-06, 2.9224233912827913e-06, 2.110652758346987e-06, 1.8894161257776432e-06, 2.2165511381899705e-06, 1.384947950100468e-06, 7.552034730906598e-07, 3.542318722793425e-07, 3.539716431077977e-07, 3.622592998908658e-07, 2.0139472667324299e-07, 9.746022300305413e-08, 6.465351276574438e-08, 4.146068732779895e-08, 3.562375283649999e-08, 2.3090418466154006e-08, 1.0753988810563442e-08, 7.080597441699865e-09, 5.280853088152071e-09, 1.5139042242040546e-09, 1.3189020708903598e-10, 3.2805852218792397e-12, 3.1766171724317838e-12, 3.097467378074259e-12, 3.028405651250843e-12, 2.9688985644926724e-12, 2.8985264709235903e-12, 2.817768154222966e-12, 2.768578552178602e-12, 2.7487866583603138e-12], "lowlevel.melbands128.stdev": [0.0002536313550081104, 0.0027762148529291153, 0.004814762156456709, 0.0036329596769064665, 0.0022250416222959757, 0.0014045477146282792, 0.002806891454383731, 0.002265778137370944, 0.0013704864541068673, 0.0024105804041028023, 0.0014815881149843335, 0.0017879341030493379, 0.0022585990373045206, 0.001722624758258462, 0.0017402366502210498, 0.00216662953607738, 0.0024372083134949207, 0.001487786415964365, 0.0011649689404293895, 0.0010210496839135885, 0.00142514833714813, 0.0023344731889665127, 0.002072489820420742, 0.0017462510149925947, 0.0010365514317527413, 0.0004840428300667554, 0.00010830947576323524, 9.952002437785268e-05, 0.00012689993309322745, 0.00010830281098606065, 9.157555177807808e-05, 8.130589412758127e-05, 0.0002105154562741518, 0.0007490898133255541, 0.00018986428040079772, 0.0003107873781118542, 0.0003535424475558102, 0.00039167041541077197, 0.00015083957987371832, 0.00011511275806697085, 0.00017337965255137533, 5.0021717470372096e-05, 9.386622696183622e-05, 5.7696470321388915e-05, 5.322987635736354e-05, 5.201155363465659e-05, 7.69408798078075e-05, 0.00010800005111377686, 0.0001044815217028372, 8.772799628786743e-05, 7.461052882717922e-05, 5.059115937910974e-05, 5.4437135986518115e-05, 7.282786100404337e-05, 7.20597236067988e-05, 6.562269118148834e-05, 2.7518670322024263e-05, 1.6848634913912974e-05, 2.766532816167455e-05, 3.585976446629502e-05, 1.5050904039526358e-05, 1.6963389498414472e-05, 3.551309782778844e-05, 3.107203156105243e-05, 2.375822077738121e-05, 1.7205758922500536e-05, 1.3153622603567783e-05, 7.0747801146353595e-06, 5.349750608729664e-06, 6.290864348557079e-06, 4.79719119539368e-06, 4.281621841073502e-06, 4.469498890102841e-06, 4.171149612375302e-06, 2.5833810468611773e-06, 2.798227342282189e-06, 3.1451393169845687e-06, 3.3818939755292377e-06, 4.6322288653755095e-06, 5.53926247448544e-06, 6.526330253109336e-06, 7.7763152148691e-06, 9.671030056779273e-06, 4.99555972055532e-06, 5.115772637509508e-06, 6.04282877247897e-06, 4.108247594558634e-06, 6.387132089002989e-06, 1.1150288628414273e-05, 1.581837932462804e-05, 2.6237918063998222e-05, 2.6313291527912952e-05, 2.884520472434815e-05, 3.5872952139470726e-05, 3.858643685816787e-05, 3.985745570389554e-05, 4.222112329443917e-05, 2.100309393426869e-05, 2.1473882952705026e-05, 1.5502559108426794e-05, 1.0154383744520601e-05, 9.474103535467293e-06, 1.1498907042550854e-05, 7.444759830832481e-06, 5.160915407032007e-06, 2.0760312509082723e-06, 2.3536827029602136e-06, 2.700281584111508e-06, 1.110332732423558e-06, 7.06986213572236e-07, 5.641330176331394e-07, 3.09099590367623e-07, 2.385965558460157e-07, 1.56983247734388e-07, 6.997947821218986e-08, 4.7073282161136376e-08, 4.349824678229197e-08, 1.5396077301943478e-08, 2.164005197258234e-09, 5.540368944872975e-12, 5.388053718469177e-12, 5.2550893324398995e-12, 5.136326260146706e-12, 5.0351983867102934e-12, 4.945296342567795e-12, 4.86958346909705e-12, 4.820337271699282e-12, 4.791403818843465e-12], "lowlevel.mfcc.mean": [-775.2402954101562, 137.5037841796875, 7.612602233886719, 17.469430923461914, 22.043819427490234, -4.6790595054626465, -3.275745391845703, 4.777725696563721, -7.160130023956299, -2.251413106918335, -4.721219062805176, 0.14156632125377655, -5.034524917602539], "lowlevel.spectral_contrast_coeffs.mean": [-0.6611964106559753, -0.7474237680435181, -0.7904603481292725, -0.804298996925354, -0.7736020088195801, -0.7938864827156067], "lowlevel.spectral_contrast_coeffs.stdev": [0.11514399200677872, 0.1251963973045349, 0.08672426640987396, 0.07170946151018143, 0.08202435821294785, 0.06705264747142792], "lowlevel.spectral_contrast_valleys.mean": [-7.955409049987793, -7.97443151473999, -8.693860054016113, -8.954777717590332, -9.409103393554688, -11.936800003051758], "lowlevel.spectral_contrast_valleys.stdev": [2.1305108070373535, 2.2005720138549805, 2.1638541221618652, 2.274547815322876, 2.300135374069214, 2.326018810272217], "rhythm.beats_loudness_band_ratio.mean": [0.48277536034584045, 0.18854056298732758, 0.1830117106437683, 0.1098741814494133, 0.04895693436264992, 0.028117738664150238], "rhythm.beats_loudness_band_ratio.stdev": [0.27121177315711975, 0.20127062499523163, 0.2060781866312027, 0.17295826971530914, 0.05746152997016907, 0.11411413550376892], "tonal.hpcp.mean": [0.05454639717936516, 0.06036338210105896, 0.08620614558458328, 0.14085042476654053, 0.13608402013778687, 0.07614871114492416, 0.04628133028745651, 0.04257381707429886, 0.06708412617444992, 0.09104263037443161, 0.07891062647104263, 0.06747686117887497, 0.07590074092149734, 0.08104833215475082, 0.09539089351892471, 0.12237280607223511, 0.1835128515958786, 0.36835792660713196, 0.38288265466690063, 0.16945041716098785, 0.06859640032052994, 0.05404703691601753, 0.04943196475505829, 0.06197827681899071, 0.0624009408056736, 0.047174736857414246, 0.0426420122385025, 0.04127421975135803, 0.045669764280319214, 0.05605866760015488, 0.06849882006645203, 0.07543963938951492, 0.08463102579116821, 0.0904008075594902, 0.08187530934810638, 0.06448696553707123], "tonal.hpcp.stdev": [0.14908725023269653, 0.16299277544021606, 0.19038116931915283, 0.2767731547355652, 0.2794279456138611, 0.19769525527954102, 0.14631806313991547, 0.13342027366161346, 0.18366201221942902, 0.2375766634941101, 0.20827436447143555, 0.1867396980524063, 0.19624212384223938, 0.19727666676044464, 0.2078714519739151, 0.24725812673568726, 0.2728908061981201, 0.3900998532772064, 0.3984134793281555, 0.26221704483032227, 0.18284070491790771, 0.16155914962291718, 0.15127742290496826, 0.17672716081142426, 0.1691451370716095, 0.13073045015335083, 0.1373976320028305, 0.129145085811615, 0.14812256395816803, 0.14744843542575836, 0.16727760434150696, 0.19141201674938202, 0.20128054916858673, 0.2111416608095169, 0.20976807177066803, 0.18151721358299255], "rhythm.beats_position": [0.39473921060562134, 0.8126984238624573, 1.2190475463867188, 1.6253968477249146, 2.043355941772461, 2.449705123901367, 2.8560543060302734, 3.2740135192871094, 3.6803627014160156, 4.086711883544922, 4.504671096801758, 4.911020278930664, 5.31736946105957, 5.735328674316406, 6.153287887573242, 6.559637069702148, 6.977596282958984, 7.383945465087891, 7.801904678344727, 8.208253860473633, 8.614603042602539, 9.032562255859375, 9.450521469116211, 9.868480682373047, 10.286439895629883, 10.692789077758789, 11.099138259887695, 11.517097473144531, 11.935056686401367, 12.353015899658203, 12.782585144042969, 13.212154388427734, 13.641722679138184, 14.082901954650879, 14.512471199035645, 14.94204044342041, 15.348389625549316, 15.766348838806152, 16.172698974609375, 16.57904815673828, 16.997007369995117, 17.403356552124023, 17.80970573425293, 18.227664947509766, 18.634014129638672, 19.051973342895508, 19.458322525024414, 19.86467170715332, 20.282630920410156, 20.688980102539062, 21.1069393157959, 21.5248966217041, 21.942855834960938, 22.349205017089844, 22.75555419921875, 23.173513412475586, 23.579862594604492, 23.9862117767334, 24.404170989990234, 24.82213020324707, 25.240089416503906, 25.658048629760742, 26.076007843017578, 26.517187118530273, 26.95836639404297, 27.411155700683594, 27.84072494506836, 28.258684158325195, 28.67664337158203, 29.094602584838867, 29.512561798095703, 29.90730094909668, 30.325260162353516, 30.74321937561035, 31.161178588867188, 31.567527770996094, 31.973876953125, 32.380226135253906, 32.79818344116211, 33.20453643798828, 33.622493743896484, 34.02884292602539, 34.4351921081543, 34.8531494140625, 35.24789047241211, 35.66584777832031, 36.072200775146484, 36.47854995727539, 36.8848991394043, 37.2912483215332, 37.709205627441406, 38.11555480957031, 38.52190399169922, 38.93986511230469, 39.346214294433594, 39.7525634765625], "rhythm.bpm_histogram": [0.0, 0.0, 0.0, 0.0, 0.0, 0.0, 0.0, 0.0, 0.0, 0.0, 0.0, 0.0, 0.0, 0.0, 0.0, 0.0, 0.0, 0.0, 0.0, 0.0, 0.0, 0.0, 0.0, 0.0, 0.0, 0.0, 0.0, 0.0, 0.0, 0.0, 0.0, 0.0, 0.0, 0.0, 0.0, 0.0, 0.0, 0.0, 0.0, 0.0, 0.0, 0.0, 0.0, 0.0, 0.0, 0.0, 0.0, 0.0, 0.0, 0.0, 0.0, 0.0, 0.0, 0.0, 0.0, 0.0, 0.0, 0.0, 0.0, 0.0, 0.0, 0.0, 0.0, 0.0, 0.0, 0.0, 0.0, 0.0, 0.0, 0.0, 0.0, 0.0, 0.0, 0.0, 0.0, 0.0, 0.0, 0.0, 0.0, 0.0, 0.0, 0.0, 0.0, 0.0, 0.0, 0.0, 0.0, 0.0, 0.0, 0.0, 0.0, 0.0, 0.0, 0.0, 0.0, 0.0, 0.0, 0.0, 0.0, 0.0, 0.0, 0.0, 0.0, 0.0, 0.0, 0.0, 0.0, 0.0, 0.0, 0.0, 0.0, 0.0, 0.0, 0.0, 0.0, 0.0, 0.0, 0.0, 0.0, 0.0, 0.0, 0.0, 0.0, 0.0, 0.0, 0.0, 0.0, 0.0, 0.0, 0.0, 0.0, 0.0, 0.0, 0.010526316240429878, 0.0, 0.0, 0.031578946858644485, 0.0, 0.0, 0.0, 0.06315789371728897, 0.0, 0.0, 0.0, 0.4421052634716034, 0.0, 0.0, 0.0, 0.43157893419265747, 0.0, 0.0, 0.0, 0.021052632480859756, 0.0, 0.0, 0.0, 0.0, 0.0, 0.0, 0.0, 0.0, 0.0, 0.0, 0.0, 0.0, 0.0, 0.0, 0.0, 0.0, 0.0, 0.0, 0.0, 0.0, 0.0, 0.0, 0.0, 0.0, 0.0, 0.0, 0.0, 0.0, 0.0, 0.0, 0.0, 0.0, 0.0, 0.0, 0.0, 0.0, 0.0, 0.0, 0.0, 0.0, 0.0, 0.0, 0.0, 0.0, 0.0, 0.0, 0.0, 0.0, 0.0, 0.0, 0.0, 0.0, 0.0, 0.0, 0.0, 0.0, 0.0, 0.0, 0.0, 0.0, 0.0, 0.0, 0.0, 0.0, 0.0, 0.0, 0.0, 0.0, 0.0, 0.0, 0.0, 0.0, 0.0, 0.0, 0.0, 0.0, 0.0, 0.0, 0.0, 0.0, 0.0, 0.0, 0.0, 0.0, 0.0, 0.0, 0.0, 0.0, 0.0, 0.0, 0.0, 0.0, 0.0, 0.0, 0.0, 0.0, 0.0], "tonal.chords_histogram": [10.300926208496094, 11.226851463317871, 2.430555582046509, 2.0833332538604736, 0.0, 0.0, 0.0, 0.0, 23.148147583007812, 0.5787037014961243, 0.9259259104728699, 0.0, 0.0, 0.0, 0.0, 0.8101851940155029, 0.0, 0.6944444179534912, 0.0, 10.995369911193848, 0.0, 0.0, 26.851852416992188, 9.953703880310059], "tonal.thpcp": [1.0, 0.44256487488746643, 0.17915776371955872, 0.14115822315216064, 0.12910473346710205, 0.1618727743625641, 0.16297666728496552, 0.1232093870639801, 0.11137096583843231, 0.10779861360788345, 0.11927875131368637, 0.14641213417053223, 0.17890290915966034, 0.197030708193779, 0.22103646397590637, 0.2361057847738266, 0.21383917331695557, 0.16842487454414368, 0.14246244728565216, 0.1576550453901291, 0.22515030205249786, 0.3678683936595917, 0.35541966557502747, 0.19888263940811157, 0.1208760142326355, 0.11119285970926285, 0.17520806193351746, 0.2377820760011673, 0.2060961127281189, 0.17623378336429596, 0.19823499023914337, 0.21167929470539093, 0.2491387128829956, 0.3196091651916504, 0.4792926609516144, 0.962064802646637], "lowlevel.gfcc.cov": [[48460.1953125, 2451.8310546875, -5612.68408203125, 2349.988525390625, -1501.901123046875, 100.9453353881836, -2599.139892578125, 776.9686279296875, 308.7654724121094, -497.3503112792969, 1241.662841796875, -615.2677612304688, 262.2186279296875], [2451.8310546875, 5461.26513671875, -710.55712890625, -1125.0413818359375, 656.1454467773438, -751.636962890625, 704.2794799804688, -666.8627319335938, 265.9570007324219, -646.3544311523438, 10.287818908691406, -374.93963623046875, 260.5752868652344], [-5612.68408203125, -710.55712890625, 2391.422119140625, -89.60924530029297, -18.004009246826172, 370.6424560546875, -13.064929008483887, 341.37213134765625, 180.0315399169922, 311.31915283203125, -57.11234664916992, 218.68775939941406, 49.66361999511719], [2349.988525390625, -1125.0413818359375, -89.60924530029297, 1157.283935546875, 87.59110260009766, 225.46075439453125, -317.0793151855469, 116.00643157958984, -31.599084854125977, 88.11318969726562, 144.04368591308594, 25.20675277709961, 19.280839920043945], [-1501.901123046875, 656.1454467773438, -18.004009246826172, 87.59110260009766, 630.1710815429688, -35.58233642578125, 279.74072265625, -227.1556396484375, -35.700721740722656, -103.9027099609375, -50.903053283691406, -71.63501739501953, 22.571239471435547], [100.9453353881836, -751.636962890625, 370.6424560546875, 225.46075439453125, -35.58233642578125, 434.4510498046875, -18.775094985961914, 236.68035888671875, 25.7728328704834, 144.78195190429688, 46.63134002685547, 36.07223129272461, -37.272254943847656], [-2599.139892578125, 704.2794799804688, -13.064929008483887, -317.0793151855469, 279.74072265625, -18.775094985961914, 737.6694946289062, -195.19435119628906, -79.40241241455078, -102.3687744140625, -131.67233276367188, -43.04680633544922, -19.947071075439453], [776.9686279296875, -666.8627319335938, 341.37213134765625, 116.00643157958984, -227.1556396484375, 236.68035888671875, -195.19435119628906, 454.1324768066406, 163.53573608398438, 150.74371337890625, 96.46540832519531, 83.6456527709961, -22.76698875427246], [308.7654724121094, 265.9570007324219, 180.0315399169922, -31.599084854125977, -35.700721740722656, 25.7728328704834, -79.40241241455078, 163.53573608398438, 259.3326721191406, 52.901512145996094, 75.7751693725586, 0.948889434337616, 57.65482711791992], [-497.3503112792969, -646.3544311523438, 311.31915283203125, 88.11318969726562, -103.9027099609375, 144.78195190429688, -102.3687744140625, 150.74371337890625, 52.901512145996094, 229.82310485839844, 35.28792190551758, 78.38875579833984, -10.137166976928711], [1241.662841796875, 10.287818908691406, -57.11234664916992, 144.04368591308594, -50.903053283691406, 46.63134002685547, -131.67233276367188, 96.46540832519531, 75.7751693725586, 35.28792190551758, 180.0173797607422, 28.4456787109375, 37.8442497253418], [-615.2677612304688, -374.93963623046875, 218.68775939941406, 25.20675277709961, -71.63501739501953, 36.07223129272461, -43.04680633544922, 83.6456527709961, 0.948889434337616, 78.38875579833984, 28.4456787109375, 148.07730102539062, 18.505615234375], [262.2186279296875, 260.5752868652344, 49.66361999511719, 19.280839920043945, 22.571239471435547, -37.272254943847656, -19.947071075439453, -22.76698875427246, 57.65482711791992, -10.137166976928711, 37.8442497253418, 18.505615234375, 136.3234405517578]], "lowlevel.gfcc.icov": [[0.00010070629650726914, -0.00024953068350441754, 0.00024474909878335893, -0.0002583734749350697, 0.0002777226618491113, -0.0003114223072770983, 0.0003169716219417751, -0.0003074218984693289, 0.0003209809947293252, -0.00014434847980737686, 6.569255492649972e-05, 1.593611523276195e-05, -7.234092481667176e-05], [-0.00024953068350441754, 0.0014167310437187552, -0.0006856646505184472, 0.0012168327812105417, -0.0010648493189364672, 0.001256160088814795, -0.001116232480853796, 0.001205934677273035, -0.0017430459847673774, 0.0015710298903286457, -0.0012647338444367051, 0.0010171973844990134, -0.0005254987627267838], [0.00024474909878335893, -0.0006856646505184472, 0.0013103188248351216, -0.0005209695664234459, 0.0004780878371093422, -0.001317788497544825, 0.0009043996687978506, -0.0009056489798240364, 0.0004738897841889411, -0.0009097972651943564, 0.0010231559863314033, -0.0009003174491226673, -0.0004521023656707257], [-0.0002583734749350697, 0.0012168327812105417, -0.0005209695664234459, 0.0024737075436860323, -0.0016281517455354333, 0.0004336845886427909, -0.0003520780010148883, 0.0009255929617211223, -0.0008222568430937827, 0.001004301244392991, -0.0015654892195016146, 0.0007037033792585135, -0.0007362941978499293], [0.0002777226618491113, -0.0010648493189364672, 0.0004780878371093422, -0.0016281517455354333, 0.003624620148912072, -0.0013721870491281152, 0.0001388116943417117, 0.00043984237709082663, 0.0004273010999895632, -0.0002935493248514831, 0.0006774712819606066, -0.00010649887553881854, 0.000299616192933172], [-0.0003114223072770983, 0.001256160088814795, -0.001317788497544825, 0.0004336845886427909, -0.0013721870491281152, 0.006270779762417078, -0.0020987140014767647, -0.0015467465855181217, 0.0002082405990222469, -0.0006460492732003331, -0.0017665517516434193, 0.0025104659143835306, 6.468532774306368e-06], [0.0003169716219417751, -0.001116232480853796, 0.0009043996687978506, -0.0003520780010148883, 0.0001388116943417117, -0.0020987140014767647, 0.003435920923948288, -0.0006273222388699651, 0.0013999015791341662, -0.0004454586887732148, 0.0014958501560613513, -0.0009303649421781301, 0.00013128752470947802], [-0.0003074218984693289, 0.001205934677273035, -0.0009056489798240364, 0.0009255929617211223, 0.00043984237709082663, -0.0015467465855181217, -0.0006273222388699651, 0.00794272217899561, -0.005550022702664137, 0.0015211354475468397, -0.001309110433794558, -0.0019302808213979006, 0.0023100622929632664], [0.0003209809947293252, -0.0017430459847673774, 0.0004738897841889411, -0.0008222568430937827, 0.0004273010999895632, 0.0002082405990222469, 0.0013999015791341662, -0.005550022702664137, 0.010300233028829098, -0.0033673513680696487, -0.0006845190073363483, 0.002256459090858698, -0.0028008087538182735], [-0.00014434847980737686, 0.0015710298903286457, -0.0009097972651943564, 0.001004301244392991, -0.0002935493248514831, -0.0006460492732003331, -0.0004454586887732148, 0.0015211354475468397, -0.0033673513680696487, 0.009884623810648918, -0.0016145235858857632, -0.001363180810585618, 0.0003173671429976821], [6.569255492649972e-05, -0.0012647338444367051, 0.0010231559863314033, -0.0015654892195016146, 0.0006774712819606066, -0.0017665517516434193, 0.0014958501560613513, -0.001309110433794558, -0.0006845190073363483, -0.0016145235858857632, 0.010479654185473919, -0.003302316414192319, -0.0007466260576620698], [1.593611523276195e-05, 0.0010171973844990134, -0.0009003174491226673, 0.0007037033792585135, -0.00010649887553881854, 0.0025104659143835306, -0.0009303649421781301, -0.0019302808213979006, 0.002256459090858698, -0.001363180810585618, -0.003302316414192319, 0.012520627118647099, -0.0033395809587091208], [-7.234092481667176e-05, -0.0005254987627267838, -0.0004521023656707257, -0.0007362941978499293, 0.000299616192933172, 6.468532774306368e-06, 0.00013128752470947802, 0.0023100622929632664, -0.0028008087538182735, 0.0003173671429976821, -0.0007466260576620698, -0.0033395809587091208, 0.010973863303661346]], "lowlevel.mfcc.cov": [[32696.91796875, 1191.0697021484375, -1609.2305908203125, 407.3495788574219, 938.2874145507812, -859.8401489257812, -789.6591186523438, -91.86531829833984, -723.1307983398438, -230.80458068847656, -7.584906101226807, 821.876708984375, 12.939101219177246], [1191.0697021484375, 5099.1826171875, -452.30731201171875, -69.41397094726562, -327.04388427734375, 59.47623825073242, -4.6028032302856445, 141.33050537109375, 72.51795196533203, -122.20189666748047, -78.71043395996094, -325.5430908203125, -113.49801635742188], [-1609.2305908203125, -452.30731201171875, 1839.3717041015625, -211.9234619140625, 364.5951843261719, -139.75204467773438, -31.574298858642578, 49.77138137817383, 212.7642364501953, 245.9547576904297, 141.72361755371094, 136.5108642578125, 33.79024124145508], [407.3495788574219, -69.41397094726562, -211.9234619140625, 648.157470703125, 190.08639526367188, 199.77493286132812, 49.922481536865234, 18.7354736328125, -75.06319427490234, -45.07820129394531, -81.91986083984375, -111.7828369140625, 37.448753356933594], [938.2874145507812, -327.04388427734375, 364.5951843261719, 190.08639526367188, 684.6595458984375, -23.392927169799805, -95.1884536743164, -12.855179786682129, -27.097049713134766, 95.96376037597656, 32.66560363769531, 88.35758209228516, 29.281749725341797], [-859.8401489257812, 59.47623825073242, -139.75204467773438, 199.77493286132812, -23.392927169799805, 385.7577209472656, 220.12672424316406, 11.358667373657227, 32.782100677490234, -4.725458145141602, -46.318058013916016, -87.33263397216797, 19.853090286254883], [-789.6591186523438, -4.6028032302856445, -31.574298858642578, 49.922481536865234, -95.1884536743164, 220.12672424316406, 331.7203674316406, 80.68531036376953, 53.68940734863281, 0.40784314274787903, 7.672867774963379, -3.3352298736572266, 1.2565056085586548], [-91.86531829833984, 141.33050537109375, 49.77138137817383, 18.7354736328125, -12.855179786682129, 11.358667373657227, 80.68531036376953, 198.8595428466797, 63.8441047668457, 14.62242317199707, 56.58298110961914, 44.527164459228516, 7.846703052520752], [-723.1307983398438, 72.51795196533203, 212.7642364501953, -75.06319427490234, -27.097049713134766, 32.782100677490234, 53.68940734863281, 63.8441047668457, 184.1389617919922, 91.23988342285156, 44.42584991455078, 24.12933349609375, 21.852792739868164], [-230.80458068847656, -122.20189666748047, 245.9547576904297, -45.07820129394531, 95.96376037597656, -4.725458145141602, 0.40784314274787903, 14.62242317199707, 91.23988342285156, 150.39535522460938, 68.75047302246094, 46.199378967285156, 18.610368728637695], [-7.584906101226807, -78.71043395996094, 141.72361755371094, -81.91986083984375, 32.66560363769531, -46.318058013916016, 7.672867774963379, 56.58298110961914, 44.42584991455078, 68.75047302246094, 173.76034545898438, 112.54180145263672, 8.993975639343262], [821.876708984375, -325.5430908203125, 136.5108642578125, -111.7828369140625, 88.35758209228516, -87.33263397216797, -3.3352298736572266, 44.527164459228516, 24.12933349609375, 46.199378967285156, 112.54180145263672, 248.7194366455078, 33.48822021484375], [12.939101219177246, -113.49801635742188, 33.79024124145508, 37.448753356933594, 29.281749725341797, 19.853090286254883, 1.2565056085586548, 7.846703052520752, 21.852792739868164, 18.610368728637695, 8.993975639343262, 33.48822021484375, 113.81827545166016]], "lowlevel.mfcc.icov": [[4.7379427996929735e-05, -2.8726270102197304e-05, 4.6400709834415466e-05, -5.230207898421213e-05, -3.916412606486119e-05, 7.109367288649082e-05, 3.966292933910154e-05, 1.5724016293461318e-06, 0.00013058069453109056, -6.798426329623908e-05, 0.0001088600984076038, -0.00025590002769604325, 1.9265233277110383e-05], [-2.8726270102197304e-05, 0.0002591771481093019, 2.3715481802355498e-05, 0.00012599246110767126, 8.668884220242035e-06, -8.288066601380706e-05, 9.1148292995058e-05, -0.0002508822944946587, -0.0002816447231452912, 0.00025190538144670427, -0.00016896073066163808, 0.0005337685579434037, 0.00011092404020018876], [4.6400709834415466e-05, 2.3715481802355498e-05, 0.0008969783666543663, 0.0001868008985184133, -0.0005272758426144719, 0.0004389838723000139, -0.00018270043074153364, 1.994048579945229e-05, -0.0005914075882174075, -0.0005978667759336531, -1.2863024494436104e-05, -1.659032750467304e-05, -3.245639527449384e-05], [-5.230207898421213e-05, 0.00012599246110767126, 0.0001868008985184133, 0.002807032782584429, -0.0009514992707408965, -0.00135585677344352, 0.00025929274852387607, -0.0011364566162228584, 0.0008096969104371965, 0.00033375617931596935, 0.00015014556993264705, 0.0014850139850750566, -0.0009495003614574671], [-3.916412606486119e-05, 8.668884220242035e-06, -0.0005272758426144719, -0.0009514992707408965, 0.0025540264323353767, -0.0004141637764405459, 0.0008225280907936394, -9.485158807365224e-05, 0.00116692204028368, -0.001726607559248805, 0.0004359621088951826, -0.0010423753410577774, 0.0002258449385408312], [7.109367288649082e-05, -8.288066601380706e-05, 0.0004389838723000139, -0.00135585677344352, -0.0004141637764405459, 0.006241241469979286, -0.00401145638898015, 0.0015025002649053931, -0.0011859413934871554, -0.0003475816920399666, 0.0002257225860375911, 0.0010137712815776467, -0.0008479256648570299], [3.966292933910154e-05, 9.1148292995058e-05, -0.00018270043074153364, 0.00025929274852387607, 0.0008225280907936394, -0.00401145638898015, 0.006457558833062649, -0.0022069383412599564, 5.95957571931649e-05, 0.00020300578034948558, 0.00020724469504784793, -0.0012777214869856834, 0.0009391949279233813], [1.5724016293461318e-06, -0.0002508822944946587, 1.994048579945229e-05, -0.0011364566162228584, -9.485158807365224e-05, 0.0015025002649053931, -0.0022069383412599564, 0.007710346486419439, -0.0029773113783448935, 0.0017914095660671592, -0.002085307613015175, -0.0008117128163576126, 5.510780829354189e-05], [0.00013058069453109056, -0.0002816447231452912, -0.0005914075882174075, 0.0008096969104371965, 0.00116692204028368, -0.0011859413934871554, 5.95957571931649e-05, -0.0029773113783448935, 0.011672835797071457, -0.0066220867447555065, 0.0013636774383485317, -0.0007504014647565782, -0.0013206283329054713], [-6.798426329623908e-05, 0.00025190538144670427, -0.0005978667759336531, 0.00033375617931596935, -0.001726607559248805, -0.0003475816920399666, 0.00020300578034948558, 0.0017914095660671592, -0.0066220867447555065, 0.014444258064031601, -0.004384391009807587, 0.0012019104324281216, -0.0003918348520528525], [0.0001088600984076038, -0.00016896073066163808, -1.2863024494436104e-05, 0.00015014556993264705, 0.0004359621088951826, 0.0002257225860375911, 0.00020724469504784793, -0.002085307613015175, 0.0013636774383485317, -0.004384391009807587, 0.010629592463374138, -0.0044251116923987865, 0.0006805916782468557], [-0.00025590002769604325, 0.0005337685579434037, -1.659032750467304e-05, 0.0014850139850750566, -0.0010423753410577774, 0.0010137712815776467, -0.0012777214869856834, -0.0008117128163576126, -0.0007504014647565782, 0.0012019104324281216, -0.0044251116923987865, 0.00924154743552208, -0.002182786352932453], [1.92