{"song_id": "1183657114611240982", "download": "https://cdn.discordapp.com/attachments/1135903449314238464/1183657114611240982/chirp.mp4?ex=65892197&amp", "lyrics": "(Outro)\nIn the rhythm of life, words dance and sing,\n\u751f\u6d3b\u7684\u8282\u594f\u4e2d\uff0c\u8bcd\u8bed\u8df3\u8dc3\u548c\u6b4c\u5531\uff0c\nEnglish in action, let your heart ring!\n\u884c\u52a8\u4e2d\u7684\u82f1\u8bed\uff0c\u8ba9\u4f60\u7684\u5fc3\u7075\u5171\u9e23\uff01", "style": ["Chinese pop"], "essentia_features": {"lowlevel.average_loudness": 0.9672651290893555, "lowlevel.barkbands_crest.mean": 14.278396606445312, "lowlevel.barkbands_crest.stdev": 5.9976019859313965, "lowlevel.barkbands_flatness_db.mean": 0.21257777512073517, "lowlevel.barkbands_flatness_db.stdev": 0.06668760627508163, "lowlevel.barkbands_kurtosis.mean": 23.82895278930664, "lowlevel.barkbands_kurtosis.stdev": 37.643341064453125, "lowlevel.barkbands_skewness.mean": 3.202913761138916, "lowlevel.barkbands_skewness.stdev": 2.8149874210357666, "lowlevel.barkbands_spread.mean": 17.86051368713379, "lowlevel.barkbands_spread.stdev": 21.98259925842285, "lowlevel.dissonance.mean": 0.42622387409210205, "lowlevel.dissonance.stdev": 0.04675489291548729, "lowlevel.dynamic_complexity": 2.9902503490448, "lowlevel.erbbands_crest.mean": 15.168953895568848, "lowlevel.erbbands_crest.stdev": 6.670511722564697, "lowlevel.erbbands_flatness_db.mean": 0.2032010555267334, "lowlevel.erbbands_flatness_db.stdev": 0.04616544023156166, "lowlevel.erbbands_kurtosis.mean": 5.875408172607422, "lowlevel.erbbands_kurtosis.stdev": 7.458531856536865, "lowlevel.erbbands_skewness.mean": 1.5753767490386963, "lowlevel.erbbands_skewness.stdev": 1.520361065864563, "lowlevel.erbbands_spread.mean": 33.99614715576172, "lowlevel.erbbands_spread.stdev": 24.574508666992188, "lowlevel.hfc.mean": 19.18833351135254, "lowlevel.hfc.stdev": 20.580720901489258, "lowlevel.loudness_ebu128.integrated": -13.530470848083496, "lowlevel.loudness_ebu128.loudness_range": 1.7848148345947266, "lowlevel.loudness_ebu128.momentary.mean": -13.99769401550293, "lowlevel.loudness_ebu128.momentary.stdev": 2.241380453109741, "lowlevel.loudness_ebu128.short_term.mean": -13.543365478515625, "lowlevel.loudness_ebu128.short_term.stdev": 0.5704254508018494, "lowlevel.melbands_crest.mean": 18.477710723876953, "lowlevel.melbands_crest.stdev": 6.650182247161865, "lowlevel.melbands_flatness_db.mean": 0.2575788199901581, "lowlevel.melbands_flatness_db.stdev": 0.09109917283058167, "lowlevel.melbands_kurtosis.mean": 42.947208404541016, "lowlevel.melbands_kurtosis.stdev": 60.217254638671875, "lowlevel.melbands_skewness.mean": 3.9869918823242188, "lowlevel.melbands_skewness.stdev": 2.751343250274658, "lowlevel.melbands_spread.mean": 23.32256317138672, "lowlevel.melbands_spread.stdev": 39.740970611572266, "lowlevel.pitch_salience.mean": 0.46901044249534607, "lowlevel.pitch_salience.stdev": 0.15266786515712738, "lowlevel.silence_rate_20dB.mean": 1.0, "lowlevel.silence_rate_20dB.stdev": 0.0, "lowlevel.silence_rate_30dB.mean": 1.0, "lowlevel.silence_rate_30dB.stdev": 0.0, "lowlevel.silence_rate_60dB.mean": 0.01908801682293415, "lowlevel.silence_rate_60dB.stdev": 0.1368342936038971, "lowlevel.spectral_centroid.mean": 851.8150024414062, "lowlevel.spectral_centroid.stdev": 807.4667358398438, "lowlevel.spectral_complexity.mean": 9.961824417114258, "lowlevel.spectral_complexity.stdev": 3.625439167022705, "lowlevel.spectral_decrease.mean": -6.345257208550947e-09, "lowlevel.spectral_decrease.stdev": 5.124483060114926e-09, "lowlevel.spectral_energy.mean": 0.025688905268907547, "lowlevel.spectral_energy.stdev": 0.019497927278280258, "lowlevel.spectral_energyband_high.mean": 0.001144328387454152, "lowlevel.spectral_energyband_high.stdev": 0.0025554331950843334, "lowlevel.spectral_energyband_low.mean": 0.0024553053081035614, "lowlevel.spectral_energyband_low.stdev": 0.00630946084856987, "lowlevel.spectral_energyband_middle_high.mean": 0.002182283205911517, "lowlevel.spectral_energyband_middle_high.stdev": 0.004808038007467985, "lowlevel.spectral_energyband_middle_low.mean": 0.020988497883081436, "lowlevel.spectral_energyband_middle_low.stdev": 0.019315557554364204, "lowlevel.spectral_entropy.mean": 7.062306880950928, "lowlevel.spectral_entropy.stdev": 0.7433419823646545, "lowlevel.spectral_flux.mean": 0.05910303816199303, "lowlevel.spectral_flux.stdev": 0.03829479590058327, "lowlevel.spectral_kurtosis.mean": 5.483956336975098, "lowlevel.spectral_kurtosis.stdev": 5.27130651473999, "lowlevel.spectral_rms.mean": 0.004617133643478155, "lowlevel.spectral_rms.stdev": 0.0019350472139194608, "lowlevel.spectral_rolloff.mean": 1876.2215576171875, "lowlevel.spectral_rolloff.stdev": 2983.914306640625, "lowlevel.spectral_skewness.mean": 1.9821298122406006, "lowlevel.spectral_skewness.stdev": 0.8342782258987427, "lowlevel.spectral_spread.mean": 6473306.0, "lowlevel.spectral_spread.stdev": 2762616.75, "lowlevel.spectral_strongpeak.mean": 1.4265329837799072, "lowlevel.spectral_strongpeak.stdev": 1.2195426225662231, "lowlevel.zerocrossingrate.mean": 0.07160698622465134, "lowlevel.zerocrossingrate.stdev": 0.07850450277328491, "metadata.audio_properties.analysis.equal_loudness": 0.0, "metadata.audio_properties.analysis.length": 21.86664390563965, "metadata.audio_properties.analysis.sample_rate": 44100.0, "metadata.audio_properties.analysis.start_time": 0.0, "metadata.audio_properties.bit_rate": 115820.0, "metadata.audio_properties.length": 21.866666793823242, "metadata.audio_properties.lossless": 0.0, "metadata.audio_properties.number_channels": 1.0, "metadata.audio_properties.replay_gain": -13.905290603637695, "metadata.audio_properties.sample_rate": 48000.0, "rhythm.beats_count": 25.0, "rhythm.beats_loudness.mean": 0.03085932321846485, "rhythm.beats_loudness.stdev": 0.01711868681013584, "rhythm.bpm": 67.98457336425781, "rhythm.bpm_histogram_first_peak_bpm": 68.0, "rhythm.bpm_histogram_first_peak_weight": 0.3684210777282715, "rhythm.bpm_histogram_second_peak_bpm": 77.0, "rhythm.bpm_histogram_second_peak_spread": 0.40000003576278687, "rhythm.bpm_histogram_second_peak_weight": 0.125, "rhythm.danceability": 1.601487636566162, "rhythm.onset_rate": 3.1071784496307373, "tonal.chords_changes_rate": 0.027542373165488243, "tonal.chords_number_rate": 0.012711863964796066, "tonal.chords_strength.mean": 0.4903845489025116, "tonal.chords_strength.stdev": 0.07902680337429047, "tonal.hpcp_crest.mean": 19.83142852783203, "tonal.hpcp_crest.stdev": 9.245321273803711, "tonal.hpcp_entropy.mean": 1.3055022954940796, "tonal.hpcp_entropy.stdev": 0.7502943873405457, "tonal.key_edma.strength": 0.7501499056816101, "tonal.key_krumhansl.strength": 0.7519988417625427, "tonal.key_temperley.strength": 0.7467103004455566, "tonal.tuning_diatonic_strength": 0.5586538910865784, "tonal.tuning_equal_tempered_deviation": 0.03008348122239113, "tonal.tuning_frequency": 440.0, "tonal.tuning_nontempered_energy_ratio": 0.612417459487915, "lowlevel.barkbands.mean": [4.492262632993516e-06, 0.0011616767151281238, 0.0008372482843697071, 0.0007972050807438791, 0.008828302845358849, 0.006508841644972563, 0.001970488578081131, 0.00042149960063397884, 0.001252580783329904, 0.0018279326613992453, 0.00016916893946472555, 0.00022230630565900356, 5.238398443907499e-05, 9.851198410615325e-05, 0.00014923234994057566, 0.00011747321696020663, 4.2936026147799566e-05, 2.110581044689752e-05, 3.963550989283249e-05, 5.7387234846828505e-05, 3.8548641896340996e-05, 2.403045436949469e-05, 0.0003281057870481163, 0.0004361015453469008, 0.00025572790764272213, 2.593986391730141e-05, 3.329100906057647e-08], "lowlevel.barkbands.stdev": [1.2138633792346809e-05, 0.004803173243999481, 0.0018248604610562325, 0.0009942972101271152, 0.017704736441373825, 0.008776852861046791, 0.0051517062820494175, 0.0005868690204806626, 0.002997293835505843, 0.005107297096401453, 0.0008139543933793902, 0.00045415497152134776, 8.898046507965773e-05, 0.00015788458404131234, 0.00022376031847670674, 0.00018135276332031935, 6.801036943215877e-05, 2.8735288651660085e-05, 5.851528112543747e-05, 0.00016423253691755235, 0.00012591360427904874, 7.438081956934184e-05, 0.0009877017000690103, 0.0010760084260255098, 0.0005434938357211649, 5.490033800015226e-05, 3.0975144227340934e-07], "lowlevel.erbbands.mean": [0.011135770007967949, 0.3327135443687439, 1.0320253372192383, 2.1205217838287354, 9.796401977539062, 44.84918212890625, 30.23680305480957, 60.279563903808594, 48.73503875732422, 8.161214828491211, 10.505940437316895, 34.84183883666992, 65.64815521240234, 22.89795684814453, 6.9161834716796875, 10.169183731079102, 3.5019471645355225, 5.009523391723633, 8.323633193969727, 6.165308952331543, 5.414781093597412, 2.179734706878662, 1.1489230394363403, 2.0260672569274902, 1.8338196277618408, 2.769671678543091, 2.178419589996338, 1.0959590673446655, 0.803396463394165, 2.8640432357788086, 11.281227111816406, 9.671463012695312, 7.117845058441162, 4.081174850463867, 1.0976572036743164, 0.21784719824790955, 0.02588801272213459, 0.0014482379192486405, 6.666792614851147e-05, 3.779929465963505e-05], "lowlevel.erbbands.stdev": [0.03556513413786888, 1.3550126552581787, 2.950212240219116, 2.043649911880493, 19.574609756469727, 100.27224731445312, 64.46437072753906, 84.05278778076172, 106.16059112548828, 16.86988067626953, 16.26691436767578, 82.68241882324219, 165.09341430664062, 101.28118133544922, 12.1602201461792, 21.755390167236328, 4.912527561187744, 7.360898971557617, 12.774158477783203, 10.758976936340332, 7.865972518920898, 3.1417856216430664, 1.4968000650405884, 3.2034897804260254, 2.941462993621826, 7.981547832489014, 7.011518478393555, 3.631195545196533, 2.4775240421295166, 9.107760429382324, 33.98523712158203, 25.821582794189453, 17.03479766845703, 8.78780460357666, 2.3072009086608887, 0.48437973856925964, 0.04903301224112511, 0.003332537366077304, 9.737873915582895e-05, 2.5537590772728436e-05], "lowlevel.gfcc.mean": [-43.42000961303711, 90.80477905273438, -100.81683349609375, 4.062212944030762, -81.37684631347656, 17.46041488647461, -72.52412414550781, 9.486984252929688, -33.08583450317383, -10.213363647460938, -12.32675552368164, -14.516895294189453, -0.427808552980423], "lowlevel.melbands.mean": [0.00021501476294361055, 0.000529111479409039, 0.00046881689922884107, 0.0020838784985244274, 0.0012088714865967631, 0.0013449604157358408, 0.0006553123239427805, 6.915011908859015e-05, 7.801530591677874e-05, 0.00023797547328285873, 0.0003233971365261823, 9.268368739867583e-05, 1.9607510694186203e-05, 2.417038194835186e-05, 1.7530133845866658e-05, 5.627987775369547e-06, 9.811819836613722e-06, 1.3187545846449211e-05, 8.050541509874165e-06, 9.962536751118023e-06, 5.46607907381258e-06, 2.6262246137775946e-06, 1.0063243962576962e-06, 9.987554676627042e-07, 1.7607687823328888e-06, 1.2378604878904298e-06, 1.4431932413572213e-06, 1.9763049294851953e-06, 1.5012392395874485e-06, 9.55625978349417e-07, 5.250020080893592e-07, 3.9071832702575193e-07, 5.45205523394543e-07, 1.885811457214004e-06, 6.583985850738827e-06, 7.026099865470314e-06, 5.34047876499244e-06, 5.065177901997231e-06, 4.285177965357434e-06, 3.2199798170040594e-06], "lowlevel.melbands.stdev": [0.0008199774310924113, 0.001649813144467771, 0.0005376742919906974, 0.004495988134294748, 0.002077620942145586, 0.0018266140250489116, 0.0014359095366671681, 0.00013717821275349706, 0.00014150638889987022, 0.0005579420831054449, 0.0008402778184972703, 0.0004417334566824138, 5.8493867982178926e-05, 4.770345185534097e-05, 3.244984691264108e-05, 8.266508302767761e-06, 1.605227771506179e-05, 2.0613966626115143e-05, 1.2001777577097528e-05, 1.5699954019510187e-05, 8.789344065007754e-06, 4.171594355284469e-06, 1.2766630561600323e-06, 1.3929879969509784e-06, 2.946006361526088e-06, 1.8694621530812583e-06, 3.146644530716003e-06, 6.103508894739207e-06, 5.0377034312987234e-06, 3.2327702683687676e-06, 1.787396399777208e-06, 1.2718649031739915e-06, 1.7086322259274311e-06, 6.325118192762602e-06, 2.115282950398978e-05, 1.9739974959520623e-05, 1.4364237358677201e-05, 1.2512005014286842e-05, 9.776923434401397e-06, 6.984562787692994e-06], "lowlevel.melbands128.mean": [2.2679525955027202e-06, 1.824867467803415e-05, 0.00025145435938611627, 0.0006816955865360796, 0.0005952705978415906, 0.00038605654845014215, 0.0004239378322381526, 0.00036651059053838253, 0.0005175219266675413, 0.002652868628501892, 0.0031158856581896544, 0.0009576090960763395, 0.0010025916853919625, 0.0008740956545807421, 0.0014651765814051032, 0.001570496940985322, 0.0012468418572098017, 0.0003690836310852319, 0.00010663805733202025, 4.707436164608225e-05, 6.174953159643337e-05, 7.850953988963738e-05, 0.00010032481804955751, 3.5493729228619486e-05, 0.00020597651018761098, 0.0003573287685867399, 0.00021455754176713526, 0.00052033388055861, 0.0001662417926127091, 0.00012186850653961301, 7.049748091958463e-05, 1.7897904399433173e-05, 1.1356100912962575e-05, 3.0198163585737348e-05, 1.0193691196036525e-05, 2.553794729465153e-05, 4.171164255240001e-05, 1.6413649063906632e-05, 4.635369805328082e-06, 5.399762358138105e-06, 7.32989019525121e-06, 2.9107418413332198e-06, 8.925691872718744e-06, 1.6623407645965926e-05, 5.725683422497241e-06, 1.6516924006282352e-05, 1.7653310351306573e-05, 3.795635620917892e-06, 6.700209269183688e-06, 7.954159627843183e-06, 1.193506432173308e-05, 1.1517568054841831e-05, 3.5460691378830234e-06, 4.642202839022502e-06, 4.636519861378474e-06, 2.3084492113412125e-06, 1.118621639761841e-06, 9.055058285412088e-07, 1.0588396435196046e-06, 1.0219783916909364e-06, 7.364120051533973e-07, 9.159496130450862e-07, 2.4432897589576896e-06, 1.7948797221833956e-06, 1.0881709613386192e-06, 1.179477408186358e-06, 1.47573030062631e-06, 1.0465352033861564e-06, 1.4908931689205929e-06, 1.8785387965181144e-06, 1.917546342156129e-06, 2.204939846706111e-06, 1.7645232901486452e-06, 1.3377399454839178e-06, 1.2285958064239821e-06, 1.1077976296292036e-06, 7.810663191776257e-07, 5.488606120707118e-07, 5.552352035920194e-07, 4.150859638230031e-07, 3.9816262642489164e-07, 3.584338799100806e-07, 4.013722048057389e-07, 5.423776201496366e-07, 6.281026685428515e-07, 1.016088504002255e-06, 1.9138674360874575e-06, 4.280123448552331e-06, 8.300675290229265e-06, 6.7618043431139085e-06, 6.857651442260249e-06, 7.459675998688908e-06, 6.763120381947374e-06, 5.013882855564589e-06, 4.719446224044077e-06, 4.6949439820309635e-06, 5.55051246919902e-06, 5.135882020113058e-06, 4.136539246246684e-06, 3.91928051612922e-06, 3.7514469113375526e-06, 3.0399105526157655e-06, 2.807157898132573e-06, 1.8652850712896907e-06, 8.982645454125304e-07, 5.54085374915303e-07, 5.345673912415805e-07, 6.062336979084648e-07, 3.679337510220648e-07, 1.5186645896392292e-07, 8.15628311556793e-08, 7.41573771279036e-08, 9.382527821344411e-08, 3.7545461850641004e-08, 1.9256306771353593e-08, 6.387313344902168e-09, 1.242685176983116e-09, 2.46006409687638e-10, 4.038267983896837e-12, 3.408207310123812e-12, 3.3042919529019388e-12, 3.2220478455441404e-12, 3.148175513681406e-12, 3.086238079333392e-12, 3.0236154292123674e-12, 2.947697641531022e-12, 2.902143369371002e-12, 2.8824778935260253e-12], "lowlevel.melbands128.stdev": [6.934982138773194e-06, 4.661770071834326e-05, 0.0008207368082366884, 0.0030106694903224707, 0.002181899268180132, 0.0006789694307371974, 0.00044854290899820626, 0.0005781911313533783, 0.0013985313707962632, 0.005974536761641502, 0.007577481679618359, 0.0021764643024653196, 0.00312327453866601, 0.0020594794768840075, 0.002596238860860467, 0.0029310164973139763, 0.0030403125565499067, 0.0014274569693952799, 0.0005414843326434493, 9.054700785782188e-05, 0.00010833088163053617, 0.00014332019782159477, 0.00020724251226056367, 0.00019897161109838635, 0.0006745826103724539, 0.000941875739954412, 0.0005543449078686535, 0.0015288112917914987, 0.0008674091077409685, 0.0007521555526182055, 0.0005387133569456637, 0.00013350087101571262, 2.6668923965189606e-05, 5.5205950047820807e-05, 2.4355367713724263e-05, 7.740261207800359e-05, 0.00010640376422088593, 3.0281611543614417e-05, 1.9228529708925635e-05, 9.808631148189306e-06, 1.194673495774623e-05, 6.963848136365414e-06, 1.7274924175580963e-05, 3.259048753534444e-05, 1.1952074601140339e-05, 3.487457433948293e-05, 3.079557427554391e-05, 6.6586035245563835e-06, 1.5429928680532612e-05, 3.073861080338247e-05, 1.879183400887996e-05, 1.9026925656362437e-05, 1.2125740795454476e-05, 1.0749881766969338e-05, 9.582072379998863e-06, 4.798508143721847e-06, 2.02069895749446e-06, 1.1706082432283438e-06, 1.6640544799884083e-06, 1.894153456305503e-06, 1.2398364788168692e-06, 1.4564932371285977e-06, 4.940158760291524e-06, 3.304988695163047e-06, 1.8514352859710925e-06, 2.0121399302297505e-06, 2.3662405510549434e-06, 2.1475441371876514e-06, 3.567447720342898e-06, 5.684386451321188e-06, 6.824297997809481e-06, 7.950524377520196e-06, 6.518412192235701e-06, 4.944797183270566e-06, 3.847578227578197e-06, 4.261821686668554e-06, 3.031109372386709e-06, 1.9627775600383757e-06, 2.0866707473032875e-06, 1.5498970924454625e-06, 1.4044871932128444e-06, 1.2729607306027901e-06, 1.4111742530076299e-06, 1.8376829302724218e-06, 2.139873686246574e-06, 3.662089284262038e-06, 7.259716767293867e-06, 1.5111441825865768e-05, 3.0192810299922712e-05, 2.051345472864341e-05, 2.094365299853962e-05, 2.1429266780614853e-05, 2.138411764462944e-05, 1.4564649063686375e-05, 1.2441675607988145e-05, 1.2082517059752718e-05, 1.4878182810207363e-05, 1.3114014109305572e-05, 1.0274624401063193e-05, 9.302437320002355e-06, 8.505618097842671e-06, 6.808026682847412e-06, 6.473921530414373e-06, 4.368214831629302e-06, 2.1977350570523413e-06, 1.304957095271675e-06, 1.264424781766138e-06, 1.5888268762864755e-06, 9.63558818511956e-07, 3.6600226849259343e-07, 2.2461075843693834e-07, 1.7797638918182201e-07, 2.292341463316916e-07, 1.0262851901643444e-07, 6.142966668676308e-08, 2.9569017456765323e-08, 1.0670898831222075e-08, 4.359927530117602e-09, 1.6416109790973188e-11, 5.092138082724018e-12, 4.954162947934382e-12, 4.8368357929984285e-12, 4.7357161594985264e-12, 4.6496183639388455e-12, 4.579490432699007e-12, 4.521243622546134e-12, 4.480858826344525e-12, 4.4557578113280094e-12], "lowlevel.mfcc.mean": [-692.54638671875, 126.65510559082031, 26.8878173828125, -15.240233421325684, 17.338184356689453, -18.994295120239258, -7.20986795425415, -11.400869369506836, -12.08180046081543, 3.55930495262146, -21.5389461517334, -12.193921089172363, -5.007693290710449], "lowlevel.spectral_contrast_coeffs.mean": [-0.6082795858383179, -0.6618626713752747, -0.7235780358314514, -0.7967299818992615, -0.8137128353118896, -0.8165178298950195], "lowlevel.spectral_contrast_coeffs.stdev": [0.11702688783407211, 0.0941196009516716, 0.07908202707767487, 0.03297910839319229, 0.03179004415869713, 0.0363282784819603], "lowlevel.spectral_contrast_valleys.mean": [-7.5843987464904785, -7.230347633361816, -7.830962181091309, -8.142385482788086, -8.50003719329834, -10.27796745300293], "lowlevel.spectral_contrast_valleys.stdev": [0.7170807719230652, 0.46914780139923096, 0.5156472325325012, 0.42909926176071167, 0.6232563257217407, 1.1239449977874756], "rhythm.beats_loudness_band_ratio.mean": [0.16852115094661713, 0.5881943702697754, 0.2436947226524353, 0.05166616290807724, 0.017010511830449104, 0.07078971713781357], "rhythm.beats_loudness_band_ratio.stdev": [0.21020227670669556, 0.25521954894065857, 0.2293110340833664, 0.05024806037545204, 0.013106278143823147, 0.18321456015110016], "tonal.hpcp.mean": [0.1424523890018463, 0.10753167420625687, 0.12883998453617096, 0.1952255815267563, 0.13424448668956757, 0.03248540684580803, 0.013663985766470432, 0.006072435528039932, 0.0219728946685791, 0.05385028198361397, 0.03830799087882042, 0.0076566338539123535, 0.011937451548874378, 0.018934987485408783, 0.14201442897319794, 0.28297504782676697, 0.1612280011177063, 0.045186784118413925, 0.05800165608525276, 0.025145728141069412, 0.008265583775937557, 0.011962168850004673, 0.018541589379310608, 0.21936415135860443, 0.3940858542919159, 0.20688270032405853, 0.03499120846390724, 0.020456239581108093, 0.014935599640011787, 0.12112291902303696, 0.24603645503520966, 0.1575349122285843, 0.03753553330898285, 0.029470501467585564, 0.025577688589692116, 0.09077481180429459], "tonal.hpcp.stdev": [0.2612554132938385, 0.21004623174667358, 0.2705495059490204, 0.33005785942077637, 0.2669283449649811, 0.1278875172138214, 0.06416596472263336, 0.02084532380104065, 0.05927329137921333, 0.1020965725183487, 0.07736177742481232, 0.03873056545853615, 0.07921343296766281, 0.09352753311395645, 0.2140887826681137, 0.36466604471206665, 0.22300101816654205, 0.13039223849773407, 0.19069921970367432, 0.10158934444189072, 0.06555936485528946, 0.08227669447660446, 0.08164429664611816, 0.2617706060409546, 0.41334930062294006, 0.25486111640930176, 0.14564532041549683, 0.1025102436542511, 0.06865345686674118, 0.22568942606449127, 0.37004193663597107, 0.2710755169391632, 0.13363148272037506, 0.13152797520160675, 0.1149795725941658, 0.18342022597789764], "rhythm.beats_position": [0.7662584781646729, 1.5557368993759155, 2.3336052894592285, 3.111473798751831, 3.912562370300293, 4.794920444488525, 5.665668964385986, 6.548027038574219, 7.41877555847168, 8.28952407836914, 9.171881675720215, 10.054240226745605, 10.866938591003418, 11.70285701751709, 12.608434677124023, 13.514013290405273, 14.419591903686523, 15.301949501037598, 16.172698974609375, 17.020225524902344, 17.902584075927734, 18.796552658081055, 19.690521240234375, 20.596099853515625, 21.501678466796875], "rhythm.bpm_histogram": [0.0, 0.0, 0.0, 0.0, 0.0, 0.0, 0.0, 0.0, 0.0, 0.0, 0.0, 0.0, 0.0, 0.0, 0.0, 0.0, 0.0, 0.0, 0.0, 0.0, 0.0, 0.0, 0.0, 0.0, 0.0, 0.0, 0.0, 0.0, 0.0, 0.0, 0.0, 0.0, 0.0, 0.0, 0.0, 0.0, 0.0, 0.0, 0.0, 0.0, 0.0, 0.0, 0.0, 0.0, 0.0, 0.0, 0.0, 0.0, 0.0, 0.0, 0.0, 0.0, 0.0, 0.0, 0.0, 0.0, 0.0, 0.0, 0.0, 0.0, 0.0, 0.0, 0.0, 0.0, 0.0, 0.0, 0.2083333283662796, 0.0833333358168602, 0.25, 0.1666666716337204, 0.0, 0.0416666679084301, 0.0416666679084301, 0.0, 0.0416666679084301, 0.0416666679084301, 0.0416666679084301, 0.0833333358168602, 0.0, 0.0, 0.0, 0.0, 0.0, 0.0, 0.0, 0.0, 0.0, 0.0, 0.0, 0.0, 0.0, 0.0, 0.0, 0.0, 0.0, 0.0, 0.0, 0.0, 0.0, 0.0, 0.0, 0.0, 0.0, 0.0, 0.0, 0.0, 0.0, 0.0, 0.0, 0.0, 0.0, 0.0, 0.0, 0.0, 0.0, 0.0, 0.0, 0.0, 0.0, 0.0, 0.0, 0.0, 0.0, 0.0, 0.0, 0.0, 0.0, 0.0, 0.0, 0.0, 0.0, 0.0, 0.0, 0.0, 0.0, 0.0, 0.0, 0.0, 0.0, 0.0, 0.0, 0.0, 0.0, 0.0, 0.0, 0.0, 0.0, 0.0, 0.0, 0.0, 0.0, 0.0, 0.0, 0.0, 0.0, 0.0, 0.0, 0.0, 0.0, 0.0, 0.0, 0.0, 0.0, 0.0, 0.0, 0.0, 0.0, 0.0, 0.0, 0.0, 0.0, 0.0, 0.0, 0.0, 0.0, 0.0, 0.0, 0.0, 0.0, 0.0, 0.0, 0.0, 0.0, 0.0, 0.0, 0.0, 0.0, 0.0, 0.0, 0.0, 0.0, 0.0, 0.0, 0.0, 0.0, 0.0, 0.0, 0.0, 0.0, 0.0, 0.0, 0.0, 0.0, 0.0, 0.0, 0.0, 0.0, 0.0, 0.0, 0.0, 0.0, 0.0, 0.0, 0.0, 0.0, 0.0, 0.0, 0.0, 0.0, 0.0, 0.0, 0.0, 0.0, 0.0, 0.0, 0.0, 0.0, 0.0, 0.0, 0.0, 0.0, 0.0, 0.0, 0.0, 0.0, 0.0, 0.0, 0.0, 0.0, 0.0, 0.0, 0.0, 0.0, 0.0, 0.0, 0.0, 0.0, 0.0, 0.0, 0.0], "tonal.chords_histogram": [32.415252685546875, 23.940677642822266, 10.381356239318848, 0.0, 3.8135592937469482, 0.0, 0.0, 0.0, 0.0, 0.0, 0.0, 0.0, 0.0, 0.0, 0.0, 0.0, 0.0, 0.0, 0.0, 1.48305082321167, 0.0, 0.0, 0.0, 27.966102600097656], "tonal.thpcp": [1.0, 0.5249686241149902, 0.08879082649946213, 0.05190807953476906, 0.037899356335401535, 0.30735158920288086, 0.6243219375610352, 0.39974769949913025, 0.09524709731340408, 0.07478193193674088, 0.06490384787321091, 0.23034273087978363, 0.36147552728652954, 0.27286356687545776, 0.3269338011741638, 0.4953884482383728, 0.34064781665802, 0.08243230730295181, 0.034672610461711884, 0.015408915467560291, 0.055756617337465286, 0.1366460621356964, 0.0972072184085846, 0.01942884735763073, 0.030291499570012093, 0.04804787412285805, 0.3603641986846924, 0.7180542945861816, 0.40911898016929626, 0.1146622821688652, 0.14718025922775269, 0.06380774080753326, 0.020974067971110344, 0.030354220420122147, 0.047049619257450104, 0.5566405057907104], "lowlevel.gfcc.cov": [[2500.182373046875, -1579.18994140625, 220.32211303710938, -196.35340881347656, -678.6292724609375, 219.742919921875, -247.59844970703125, 241.33517456054688, -106.4495620727539, 231.130859375, -56.29825973510742, 206.5393829345703, -106.699951171875], [-1579.18994140625, 2372.564453125, -96.45345306396484, 48.798606872558594, 999.6336059570312, -236.43475341796875, 324.7922668457031, -200.83242797851562, 103.88574981689453, -155.71946716308594, 148.06961059570312, -166.2171173095703, 147.96824645996094], [220.32211303710938, -96.45345306396484, 428.8377685546875, -35.86204147338867, 26.78240203857422, 69.77313995361328, -120.3486328125, 9.24415397644043, -57.43198776245117, 29.567306518554688, -6.851256370544434, 36.840755462646484, -30.63284683227539], [-196.35340881347656, 48.798606872558594, -35.86204147338867, 549.1116333007812, 130.31834411621094, 80.60769653320312, 143.07057189941406, -107.94828796386719, 36.10126876831055, -40.588523864746094, 6.433828353881836, -102.17131805419922, -31.90904998779297], [-678.6292724609375, 999.6336059570312, 26.78240203857422, 130.31834411621094, 653.4440307617188, -11.861360549926758, 203.24009704589844, -48.261619567871094, 54.612571716308594, -9.811256408691406, 83.77659606933594, -32.892765045166016, 44.93932342529297], [219.742919921875, -236.43475341796875, 69.77313995361328, 80.60769653320312, -11.861360549926758, 238.99789428710938, 72.88411712646484, 64.05355072021484, 45.899070739746094, 78.96725463867188, -11.570229530334473, 2.6352787017822266, -34.4098014831543], [-247.59844970703125, 324.7922668457031, -120.3486328125, 143.07057189941406, 203.24009704589844, 72.88411712646484, 290.8053283691406, 30.01634407043457, 91.31494903564453, 56.01944351196289, 27.05257797241211, -13.637137413024902, 23.427743911743164], [241.33517456054688, -200.83242797851562, 9.24415397644043, -107.94828796386719, -48.261619567871094, 64.05355072021484, 30.01634407043457, 191.3826141357422, 59.5340690612793, 84.07958984375, 7.149299144744873, 57.98649978637695, -4.1278886795043945], [-106.4495620727539, 103.88574981689453, -57.43198776245117, 36.10126876831055, 54.612571716308594, 45.899070739746094, 91.31494903564453, 59.5340690612793, 124.94512939453125, 45.86968231201172, 34.0152587890625, 5.796921253204346, 10.390572547912598], [231.130859375, -155.71946716308594, 29.567306518554688, -40.588523864746094, -9.811256408691406, 78.96725463867188, 56.01944351196289, 84.07958984375, 45.86968231201172, 173.18881225585938, 36.71847915649414, 73.51296997070312, -3.0894720554351807], [-56.29825973510742, 148.06961059570312, -6.851256370544434, 6.433828353881836, 83.77659606933594, -11.570229530334473, 27.05257797241211, 7.149299144744873, 34.0152587890625, 36.71847915649414, 117.8488998413086, 37.63591766357422, 14.013525009155273], [206.5393829345703, -166.2171173095703, 36.840755462646484, -102.17131805419922, -32.892765045166016, 2.6352787017822266, -13.637137413024902, 57.98649978637695, 5.796921253204346, 73.51296997070312, 37.63591766357422, 137.78793334960938, 1.7022318840026855], [-106.699951171875, 147.96824645996094, -30.63284683227539, -31.90904998779297, 44.93932342529297, -34.4098014831543, 23.427743911743164, -4.1278886795043945, 10.390572547912598, -3.0894720554351807, 14.013525009155273, 1.7022318840026855, 74.75069427490234]], "lowlevel.gfcc.icov": [[0.0008996653486974537, 1.3587609828391578e-05, -4.828364399145357e-05, -0.0002423029945930466, 0.0006380386184900999, -0.0005309086409397423, 0.00036302159423939884, -0.0008243864867836237, 0.001130243530496955, -0.0006999030010774732, -4.8989848437486216e-05, -0.000616636301856488, 0.00018399459077045321], [1.3587609828391578e-05, 0.003536050673574209, -0.0008185953483916819, 0.0023390778806060553, -0.004069527145475149, 0.0025118368212133646, -0.002505524782463908, 0.002720037242397666, -0.002745636273175478, 0.0015230730641633272, -0.001759169390425086, 0.0035832340363413095, -0.0010860671754926443], [-4.828364399145357e-05, -0.0008185953483916819, 0.00392052810639143, -0.0007690553902648389, -0.00028837157879024744, -0.002273936290293932, 0.003138624830171466, -0.0008940075058490038, 0.001967926509678364, -0.0010863672941923141, 0.0008155048126354814, -0.0016040820628404617, 0.0004885824746452272], [-0.0002423029945930466, 0.0023390778806060553, -0.0007690553902648389, 0.004782716277986765, -0.002747572958469391, 0.0009177346364594996, -0.003356735687702894, 0.004060551058501005, -0.0028864170890301466, 0.0017275989521294832, -0.0018476853147149086, 0.00391658628359437, 0.0008307686075568199], [0.0006380386184900999, -0.004069527145475149, -0.00028837157879024744, -0.002747572958469391, 0.007871749810874462, -0.0026014004833996296, 0.0006376834353432059, -0.003145078429952264, 0.0037219731602817774, -0.0015095554990693927, 0.0003052908577956259, -0.003955029882490635, 0.0008249239181168377], [-0.0005309086409397423, 0.0025118368212133646, -0.002273936290293932, 0.0009177346364594996, -0.0026014004833996296, 0.009416243061423302, -0.003840360790491104, 0.0010810242965817451, -0.003851761110126972, -0.0008254312560893595, -9.633163426769897e-05, 0.004090749192982912, 0.0013179125962778926], [0.00036302159423939884, -0.002505524782463908, 0.003138624830171466, -0.003356735687702894, 0.0006376834353432059, -0.003840360790491104, 0.010533529333770275, -0.0030906081665307283, 0.0005032032495364547, -0.0035554291680455208, 0.002717118477448821, -0.003180775325745344, -0.0009458817075937986], [-0.0008243864867836237, 0.002720037242397666, -0.0008940075058490038, 0.004060551058501005, -0.003145078429952264, 0.0010810242965817451, -0.0030906081665307283, 0.012457320466637611, -0.007312736939638853, 0.00019000413885805756, -0.00027717009652405977, 0.00173045857809484, -0.0001121841196436435], [0.001130243530496955, -0.002745636273175478, 0.001967926509678364, -0.0028864170890301466, 0.0037219731602817774, -0.003851761110126972, 0.0005032032495364547, -0.007312736939638853, 0.017597973346710205, -0.0029527959413826466, -0.0018651854479685426, -0.002237420529127121, -0.00011720616748789325], [-0.0006999030010774732, 0.0015230730641633272, -0.0010863672941923141, 0.0017275989521294832, -0.0015095554990693927, -0.0008254312560893595, -0.0035554291680455208, 0.00019000413885805756, -0.0029527959413826466, 0.012212597765028477, -0.0028819991275668144, -0.0019156949128955603, -0.0005702078342437744], [-4.8989848437486216e-05, -0.001759169390425086, 0.0008155048126354814, -0.0018476853147149086, 0.0003052908577956259, -9.633163426769897e-05, 0.002717118477448821, -0.00027717009652405977, -0.0018651854479685426, -0.0028819991275668144, 0.013103569857776165, -0.005135457031428814, -0.00033639863249845803], [-0.000616636301856488, 0.0035832340363413095, -0.0016040820628404617, 0.00391658628359437, -0.003955029882490635, 0.004090749192982912, -0.003180775325745344, 0.00173045857809484, -0.002237420529127121, -0.0019156949128955603, -0.005135457031428814, 0.016300616785883904, -0.0007820019382052124], [0.00018399459077045321, -0.0010860671754926443, 0.0004885824746452272, 0.0008307686075568199, 0.0008249239181168377, 0.0013179125962778926, -0.0009458817075937986, -0.0001121841196436435, -0.00011720616748789325, -0.0005702078342437744, -0.00033639863249845803, -0.0007820019382052124, 0.01681973971426487]], "lowlevel.mfcc.cov": [[2448.809326171875, -1557.72607421875, 421.0308837890625, -389.9192810058594, -298.8994140625, -159.25555419921875, -107.69940185546875, -46.527198791503906, -68.38447570800781, 83.14682006835938, -94.97521209716797, 59.87038040161133, 82.71004486083984], [-1557.72607421875, 2322.591552734375, -554.0345458984375, 340.4533996582031, 413.70318603515625, 117.5203857421875, 217.0748291015625, 25.15773582458496, 87.73065185546875, -106.41991424560547, 143.84437561035156, -57.026180267333984, 17.179872512817383], [421.0308837890625, -554.0345458984375, 457.2915954589844, -150.38990783691406, -11.552263259887695, -32.59051513671875, -61.23014450073242, -33.960411071777344, -60.772159576416016, 7.042974472045898, -30.117666244506836, -6.662559509277344, -39.371360778808594], [-389.9192810058594, 340.4533996582031, -150.38990783691406, 450.5556945800781, 83.25861358642578, 206.42689514160156, 96.70429992675781, 48.58758544921875, 26.962432861328125, -16.147695541381836, 58.55950927734375, 24.845260620117188, -12.63599681854248], [-298.8994140625, 413.70318603515625, -11.552263259887695, 83.25861358642578, 281.85137939453125, 38.10099792480469, 72.65636444091797, 22.576980590820312, -2.871877431869507, -32.286502838134766, 51.75503921508789, 8.548406600952148, 11.401106834411621], [-159.25555419921875, 117.5203857421875, -32.59051513671875, 206.42689514160156, 38.10099792480469, 324.0690002441406, 110.23497772216797, 53.276973724365234, 74.15949249267578, 40.855934143066406, 63.42564392089844, 61.664608001708984, 19.183042526245117], [-107.69940185546875, 217.0748291015625, -61.23014450073242, 96.70429992675781, 72.65636444091797, 110.23497772216797, 156.4600372314453, 37.98795700073242, 61.70914077758789, 20.518630981445312, 54.486751556396484, 43.69313049316406, 42.875831604003906], [-46.527198791503906, 25.15773582458496, -33.960411071777344, 48.58758544921875, 22.576980590820312, 53.276973724365234, 37.98795700073242, 119.3398666381836, 47.37606430053711, 34.328033447265625, 34.00701904296875, 25.55906105041504, 24.923200607299805], [-68.38447570800781, 87.73065185546875, -60.772159576416016, 26.962432861328125, -2.871877431869507, 74.15949249267578, 61.70914077758789, 47.37606430053711, 172.7554931640625, 59.518898010253906, 67.3694076538086, 33.98337936401367, 30.640453338623047], [83.14682006835938, -106.41991424560547, 7.042974472045898, -16.147695541381836, -32.286502838134766, 40.855934143066406, 20.518630981445312, 34.328033447265625, 59.518898010253906, 110.85710144042969, 31.321224212646484, 27.957441329956055, 31.275114059448242], [-94.97521209716797, 143.84437561035156, -30.117666244506836, 58.55950927734375, 51.75503921508789, 63.42564392089844, 54.486751556396484, 34.00701904296875, 67.3694076538086, 31.321224212646484, 125.31653594970703, 46.04438781738281, 42.36404037475586], [59.87038040161133, -57.026180267333984, -6.662559509277344, 24.845260620117188, 8.548406600952148, 61.664608001708984, 43.69313049316406, 25.55906105041504, 33.98337936401367, 27.957441329956055, 46.04438781738281, 97.53541564941406, 67.7751693725586], [82.71004486083984, 17.179872512817383, -39.371360778808594, -12.63599681854248, 11.401106834411621, 19.183042526245117, 42.875831604003906, 24.923200607299805, 30.640453338623047, 31.275114059448242, 42.36404037475586, 67.7751693725586, 153.3502197265625]], "lowlevel.mfcc.icov": [[0.0008068137103691697, 0.00046636612387374043, -0.000155746573000215, 0.00024403877614531666, 0.00019760665600188076, 0.00016094022430479527, -0.0004813251143787056, 0.00015816099767107517, 0.00013375091657508165, -2.4654158551129512e-05, 5.62069453735603e-06, 5.0133912736782804e-05, -0.0004786428762599826], [0.00046636612387374043, 0.0013975894544273615, 0.0011043341364711523, 0.00013137172209098935, -0.0011660332093015313, -5.785017856396735e-05, -0.0008754607406444848, 0.0005281111225485802, -0.00011221878958167508, 0.0006499944138340652, -0.0008083388092927635, 0.0014785515377297997, -0.0004011831188108772], [-0.000155746573000215, 0.0011043341364711523, 0.004144185222685337, 0.0011367242550477386, -0.0017766936216503382, -0.0009299148805439472, 0.00012888557102996856, 0.0007162857218645513, 0.0008628566283732653, 2.4715509425732307e-05, -0.001040710718370974, 0.0007166857249103487, 0.0010072102304548025], [0.00024403877614531666, 0.00013137172209098935, 0.0011367242550477386, 0.004186387173831463, -0.00030159030575305223, -0.002354592550545931, -0.0006801164126954973, -0.0006224892567843199, 0.001070530735887587, 0.00101301574613899, -0.0010492869187146425, 0.00011600415746215731, 0.000916855176910758], [0.00019760665600188076, -0.0011660332093015313, -0.0017766936216503382, -0.00030159030575305223, 0.006339231971651316, 0.0005585069302469492, -0.001752424635924399, -0.0012022231239825487, 0.0011816431069746614, 0.0010590371675789356, -0.0012065147748216987, -0.000724559708032757, -0.00011130920029245317], [0.00016094022430479527, -5.785017856396735e-05, -0.0009299148805439472, -0.002354592550545931, 0.0005585069302469492, 0.006082947365939617, -0.0023047260474413633, -0.000336893048370257, -0.0009014931274577975, -0.001218328601680696, 0.0002418894728180021, -0.002373114926740527, 0.000794199644587934], [-0.0004813251143787056, -0.0008754607406444848, 0.00012888557102996856, -0.0006801164126954973, -0.001752424635924399, -0.0023047260474413633, 0.012042000889778137, -0.0005835578776896, -0.0021047249902039766, -0.0003621519135776907, 0.0001897170877782628, -0.002128143096342683, -0.0011361580109223723], [0.00015816099767107517, 0.0005281111225485802, 0.0007162857218645513, -0.0006224892567843199, -0.0012022231239825487, -0.000336893048370257, -0.0005835578776896, 0.010814868845045567, -0.0014451839961111546, -0.0021111948881298304, -0.0005058211390860379, -8.614625403424725e-05, -0.0005777244223281741], [0.00013375091657508165, -0.00011221878958167508, 0.0008628566283732653, 0.001070530735887587, 0.0011816431069746614, -0.0009014931274577975, -0.0021047249902039766, -0.0014451839961111546, 0.009935786947607994, -0.003126586088910699, -0.0036151919048279524, 6.73130271025002e-05, 0.0007198263192549348], [-2.4654158551129512e-05, 0.0006499944138340652, 2.4715509425732307e-05, 0.00101301574613899, 0.0010590371675789356, -0.001218328601680696, -0.0003621519135776907, -0.0021111948881298304, -0.003126586088910699, 0.013733236119151115, -0.0017910641618072987, 0.0004581108223646879, -0.0013354537077248096], [5.62069453735603e-06, -0.0008083388092927635, -0.001040710718370974, -0.0010492869187146425, -0.0012065147748216987, 0.0002418894728180021, 0.0001897170877782628, -0.0005058211390860379, -0.0036151919048279524, -0.0017910641618072987, 0.01392263825982809, -0.004385730717331171, -0.0009977917652577162], [5.0133912736782804e-05, 0.0014785515377297997, 0.0007166857249103487, 0.00011600415746215731, -0.000724559708032757, -0.002373114926740527, -0.002128143096342683, -8.614625403424725e-05, 6.73130271025002e-05, 0.0004581108223646879, -0.004385730717331171, 0.020387159660458565, -0.006945042405277491], [-0.0004786428762599826, -0.0004011831188108772, 0.0010072102304548025, 0.000916855176910758, -0.00011130920029245317, 0.000794199644587934, -0.0011361580109223723, -0.0005777244223281741, 0.0007198263192549348, -0.0013354537077248096, -0.0009977917652577162, -0.006945042405277491, 0.010952383279800415]], "metadata.audio_properties.analysis.downmix": "mix", "metadata.audio_properties.codec": "mp3", "metadata.audio_properties.md5_encoded": "afedea6a39b17367e7ace0444ad59af0", "metadata.tags.file_name": "1183657114611240982.mp3", "metadata.version.essentia": "2.1-beta6-dev", "metadata.version.essentia_git_sha": "v2.1_beta5-1110-g77a6a954", "metadata.version.extractor": "music 2.0", "tonal.chords_key": "Bb", "tonal.chords_scale": "major", "tonal.key_edma.key": "Bb", "tonal.key_edma.scale": "major", "tonal.key_krumhansl.key": "Bb", "tonal.key_krumhansl.scale": "major", "tonal.key_temperley.key": "Bb", "tonal.key_temperley.scale": "major", "metadata.tags.encoding": ["Lavf58.45.100"]}, "essentia_models": [{"model_name": "genre_dortmund", "activations": {"alternative": "0.09979951", "blues": "0.004163586", "electronic": "0.034489006", "folkcountry": "0.029296143", "funksoulrnb": "0.014572697", "jazz": "0.037439875", "pop": "0.61210877", "raphiphop": "0.015849028", "rock": "0.05383456"}}, {"model_name": "genre_rosamerica", "activations": {"classic": "0.0011972282", "dance": "0.008313874", "hip hop": "0.0018626471", "jazz": "0.015575486", "pop": "0.5985662", "rhythm and blues": "0.18174998", "rock": "0.0707477", "speech": "0.0045260647"}}, {"model_name": "genre_tzanetakis", "activations": {"blues": "0.010749002", "classic": "0.0010990493", "country": "0.020092785", "disco": "0.0451329