{"song_id": "1183646733499121664", "download": "https://cdn.discordapp.com/attachments/1135903449314238464/1183646733499121664/chirp.mp4?ex=658917ec&amp", "lyrics": "Oh, there's a chubby seal with a zestful appeal,\nWiggling on the shore, she's got that jiggle galore.\nLoves her chili so hot, in a big bubbling pot,\nLil' seal, Lil' seal, round, silky, thousand-kissed seal!", "style": ["Soft Rock</span><span>, female vocal"], "essentia_features": {"lowlevel.average_loudness": 0.9660263061523438, "lowlevel.barkbands_crest.mean": 18.46491813659668, "lowlevel.barkbands_crest.stdev": 3.553201675415039, "lowlevel.barkbands_flatness_db.mean": 0.3322533667087555, "lowlevel.barkbands_flatness_db.stdev": 0.07927699387073517, "lowlevel.barkbands_kurtosis.mean": 70.85417938232422, "lowlevel.barkbands_kurtosis.stdev": 106.66514587402344, "lowlevel.barkbands_skewness.mean": 5.371494293212891, "lowlevel.barkbands_skewness.stdev": 3.6641530990600586, "lowlevel.barkbands_spread.mean": 9.191051483154297, "lowlevel.barkbands_spread.stdev": 14.503222465515137, "lowlevel.dissonance.mean": 0.4220522344112396, "lowlevel.dissonance.stdev": 0.057542141526937485, "lowlevel.dynamic_complexity": 1.8277909755706787, "lowlevel.erbbands_crest.mean": 15.134053230285645, "lowlevel.erbbands_crest.stdev": 5.551736354827881, "lowlevel.erbbands_flatness_db.mean": 0.2293129712343216, "lowlevel.erbbands_flatness_db.stdev": 0.05175325274467468, "lowlevel.erbbands_kurtosis.mean": 8.495097160339355, "lowlevel.erbbands_kurtosis.stdev": 24.90680503845215, "lowlevel.erbbands_skewness.mean": 1.3592791557312012, "lowlevel.erbbands_skewness.stdev": 2.338444709777832, "lowlevel.erbbands_spread.mean": 47.43250274658203, "lowlevel.erbbands_spread.stdev": 41.28594207763672, "lowlevel.hfc.mean": 18.048357009887695, "lowlevel.hfc.stdev": 18.160202026367188, "lowlevel.loudness_ebu128.integrated": -21.272192001342773, "lowlevel.loudness_ebu128.loudness_range": 2.796651840209961, "lowlevel.loudness_ebu128.momentary.mean": -21.593690872192383, "lowlevel.loudness_ebu128.momentary.stdev": 1.684460997581482, "lowlevel.loudness_ebu128.short_term.mean": -21.41727638244629, "lowlevel.loudness_ebu128.short_term.stdev": 1.0114318132400513, "lowlevel.melbands_crest.mean": 27.191448211669922, "lowlevel.melbands_crest.stdev": 3.7978322505950928, "lowlevel.melbands_flatness_db.mean": 0.4092702865600586, "lowlevel.melbands_flatness_db.stdev": 0.0924820527434349, "lowlevel.melbands_kurtosis.mean": 129.11056518554688, "lowlevel.melbands_kurtosis.stdev": 150.50128173828125, "lowlevel.melbands_skewness.mean": 7.286685466766357, "lowlevel.melbands_skewness.stdev": 4.213836669921875, "lowlevel.melbands_spread.mean": 6.276156425476074, "lowlevel.melbands_spread.stdev": 10.812959671020508, "lowlevel.pitch_salience.mean": 0.23967671394348145, "lowlevel.pitch_salience.stdev": 0.11070670187473297, "lowlevel.silence_rate_20dB.mean": 0.9981583952903748, "lowlevel.silence_rate_20dB.stdev": 0.04287462309002876, "lowlevel.silence_rate_30dB.mean": 0.7974217534065247, "lowlevel.silence_rate_30dB.stdev": 0.40192094445228577, "lowlevel.silence_rate_60dB.mean": 0.003683241317048669, "lowlevel.silence_rate_60dB.stdev": 0.060578037053346634, "lowlevel.spectral_centroid.mean": 501.42218017578125, "lowlevel.spectral_centroid.stdev": 473.4012145996094, "lowlevel.spectral_complexity.mean": 6.476979732513428, "lowlevel.spectral_complexity.stdev": 3.7938287258148193, "lowlevel.spectral_decrease.mean": -1.8444399785266796e-08, "lowlevel.spectral_decrease.stdev": 1.4072613296889358e-08, "lowlevel.spectral_energy.mean": 0.07125046104192734, "lowlevel.spectral_energy.stdev": 0.0536593496799469, "lowlevel.spectral_energyband_high.mean": 0.0007759686559438705, "lowlevel.spectral_energyband_high.stdev": 0.002080341102555394, "lowlevel.spectral_energyband_low.mean": 0.062057845294475555, "lowlevel.spectral_energyband_low.stdev": 0.05228371173143387, "lowlevel.spectral_energyband_middle_high.mean": 0.002048478927463293, "lowlevel.spectral_energyband_middle_high.stdev": 0.0039207823574543, "lowlevel.spectral_energyband_middle_low.mean": 0.013243251480162144, "lowlevel.spectral_energyband_middle_low.stdev": 0.013224569149315357, "lowlevel.spectral_entropy.mean": 6.3556671142578125, "lowlevel.spectral_entropy.stdev": 0.8568106293678284, "lowlevel.spectral_flux.mean": 0.06325162202119827, "lowlevel.spectral_flux.stdev": 0.048198554664850235, "lowlevel.spectral_kurtosis.mean": 6.306987762451172, "lowlevel.spectral_kurtosis.stdev": 6.676675319671631, "lowlevel.spectral_rms.mean": 0.007826974615454674, "lowlevel.spectral_rms.stdev": 0.002872473793104291, "lowlevel.spectral_rolloff.mean": 559.8643798828125, "lowlevel.spectral_rolloff.stdev": 1497.6427001953125, "lowlevel.spectral_skewness.mean": 1.9144304990768433, "lowlevel.spectral_skewness.stdev": 0.9728328585624695, "lowlevel.spectral_spread.mean": 5012152.5, "lowlevel.spectral_spread.stdev": 2956597.0, "lowlevel.spectral_strongpeak.mean": 1.1979962587356567, "lowlevel.spectral_strongpeak.stdev": 0.43365150690078735, "lowlevel.zerocrossingrate.mean": 0.023199204355478287, "lowlevel.zerocrossingrate.stdev": 0.03296329826116562, "metadata.audio_properties.analysis.equal_loudness": 0.0, "metadata.audio_properties.analysis.length": 12.565328598022461, "metadata.audio_properties.analysis.sample_rate": 44100.0, "metadata.audio_properties.analysis.start_time": 0.0, "metadata.audio_properties.bit_rate": 111055.0, "metadata.audio_properties.length": 12.565333366394043, "metadata.audio_properties.lossless": 0.0, "metadata.audio_properties.number_channels": 1.0, "metadata.audio_properties.replay_gain": -2.6331520080566406, "metadata.audio_properties.sample_rate": 48000.0, "rhythm.beats_count": 27.0, "rhythm.beats_loudness.mean": 0.12785305082798004, "rhythm.beats_loudness.stdev": 0.06637686491012573, "rhythm.bpm": 135.2008514404297, "rhythm.bpm_histogram_first_peak_bpm": 136.0, "rhythm.bpm_histogram_first_peak_weight": 0.47058820724487305, "rhythm.bpm_histogram_second_peak_bpm": 129.0, "rhythm.bpm_histogram_second_peak_spread": 0.14285719394683838, "rhythm.bpm_histogram_second_peak_weight": 0.23076923191547394, "rhythm.danceability": 1.0684642791748047, "rhythm.onset_rate": 3.9729156494140625, "tonal.chords_changes_rate": 0.05882352963089943, "tonal.chords_number_rate": 0.022058824077248573, "tonal.chords_strength.mean": 0.5338515639305115, "tonal.chords_strength.stdev": 0.05550089851021767, "tonal.hpcp_crest.mean": 15.033626556396484, "tonal.hpcp_crest.stdev": 5.447988986968994, "tonal.hpcp_entropy.mean": 1.6979345083236694, "tonal.hpcp_entropy.stdev": 0.6730861663818359, "tonal.key_edma.strength": 0.714133620262146, "tonal.key_krumhansl.strength": 0.7144604325294495, "tonal.key_temperley.strength": 0.6973353624343872, "tonal.tuning_diatonic_strength": 0.6235015988349915, "tonal.tuning_equal_tempered_deviation": 0.13343378901481628, "tonal.tuning_frequency": 440.2542419433594, "tonal.tuning_nontempered_energy_ratio": 0.6995986700057983, "lowlevel.barkbands.mean": [1.7067368389689364e-05, 0.007684916723519564, 0.04750342667102814, 0.008846335113048553, 0.0014695661375299096, 0.0006454498507082462, 0.0006288616568781435, 0.0012524101184681058, 0.0003680704685393721, 0.00015173744759522378, 0.0003996416926383972, 0.0007920723874121904, 0.00019759690621867776, 0.00012471532681956887, 3.1178547942545265e-05, 0.00010130459122592583, 0.00016561210213694721, 3.8042304367991164e-05, 2.4154172933776863e-05, 6.775172369088978e-05, 0.00014283283962868154, 9.51045221881941e-05, 6.646403926424682e-05, 0.00033454314689151943, 7.995540363481268e-05, 2.169033541576937e-05, 8.328021827708199e-09], "lowlevel.barkbands.stdev": [4.1999064706033096e-05, 0.009455828927457333, 0.045986637473106384, 0.01211781520396471, 0.001992915291339159, 0.0010006750235334039, 0.002383823273703456, 0.002908427035436034, 0.001597137190401554, 0.000548477575648576, 0.0014501740224659443, 0.0027205063961446285, 0.0007132587488740683, 0.0009061517775990069, 0.00011386604455765337, 0.00034542896901257336, 0.0003606915706768632, 0.0001272158115170896, 0.0001391133846482262, 0.00025922118220478296, 0.00038913244497962296, 0.00022563924721907824, 0.0002210474049206823, 0.0012124563800171018, 0.00029587774770334363, 9.082913311431184e-05, 1.0753187495993188e-07], "lowlevel.erbbands.mean": [0.04154903069138527, 3.4038138389587402, 48.226951599121094, 42.052886962890625, 10.019522666931152, 5.067375183105469, 10.247679710388184, 2.2265188694000244, 3.457096815109253, 18.58185386657715, 26.74831771850586, 9.330307960510254, 6.523244857788086, 10.948649406433105, 17.112041473388672, 34.91288375854492, 11.40054988861084, 7.565096855163574, 3.0163769721984863, 3.3335750102996826, 6.21980094909668, 8.084009170532227, 3.2218120098114014, 1.074135422706604, 1.765001893043518, 3.1404378414154053, 4.564201354980469, 6.006659507751465, 4.102883338928223, 1.135054588317871, 2.2192916870117188, 7.427219390869141, 4.540599822998047, 1.2276967763900757, 0.45746034383773804, 0.1667083352804184, 0.025906214490532875, 0.001111786114051938, 6.884813774377108e-05, 8.310689736390486e-05], "lowlevel.erbbands.stdev": [0.047560643404722214, 3.932884931564331, 49.20315170288086, 31.225370407104492, 9.252922058105469, 6.881401062011719, 15.905492782592773, 3.068169355392456, 10.64578914642334, 52.040164947509766, 70.9372787475586, 35.47270584106445, 23.47359848022461, 37.855003356933594, 43.001121520996094, 131.4362335205078, 35.2975959777832, 40.46873092651367, 13.99774169921875, 13.398097038269043, 18.312870025634766, 16.322824478149414, 7.872580528259277, 5.8335957527160645, 9.240781784057617, 12.300239562988281, 14.106937408447266, 14.571094512939453, 9.732873916625977, 3.0246479511260986, 7.578027725219727, 26.84766960144043, 16.70099639892578, 4.4902777671813965, 1.7455350160598755, 0.6820562481880188, 0.11801999062299728, 0.00494087440893054, 0.00014782983635086566, 6.0743153881048784e-05], "lowlevel.gfcc.mean": [-78.99195861816406, 118.1557388305664, -71.14571380615234, 65.03993225097656, -51.035926818847656, 31.696773529052734, -27.865514755249023, -10.213593482971191, -23.59015464782715, -16.23338508605957, -17.86748504638672, -18.49970817565918, -6.121749401092529], "lowlevel.melbands.mean": [0.001051080645993352, 0.016964513808488846, 0.006401894614100456, 0.00039729225682094693, 0.000320324586937204, 6.187519466038793e-05, 7.490041753044352e-05, 0.00022009613167028874, 0.00018898822600021958, 5.585989129031077e-05, 3.192276926711202e-05, 4.14893074776046e-05, 5.302323552314192e-05, 8.710738620720804e-05, 5.5004533351166174e-05, 1.7438445865991525e-05, 1.4396509868674912e-05, 5.969417998130666e-06, 2.56116231867054e-06, 7.141966307244729e-06, 7.363586064457195e-06, 9.02263946045423e-06, 6.045882855687523e-06, 1.1614396271397709e-06, 7.671953881072113e-07, 9.279589789912279e-07, 1.949024408531841e-06, 2.0332729491201462e-06, 2.2875310605741106e-06, 4.190720119368052e-06, 3.132503479719162e-06, 2.7169364784640493e-06, 1.0783123798319139e-06, 3.9535495943709975e-07, 6.602813300560229e-07, 3.042474645553739e-06, 5.347564183466602e-06, 3.8076750570326112e-06, 1.443381620447326e-06, 8.967830353867612e-07], "lowlevel.melbands.stdev": [0.0012988263042643666, 0.016796397045254707, 0.004346553236246109, 0.0004558475047815591, 0.00047019068733789027, 8.826486737234518e-05, 0.0002570766373537481, 0.0005153618985787034, 0.0005247361841611564, 0.00025213180924765766, 0.00011983395961578935, 0.00014652396203018725, 0.0001611130137462169, 0.00028185214614495635, 0.0002069135953206569, 6.623246008530259e-05, 9.120941103901714e-05, 3.439498323132284e-05, 9.884056453302037e-06, 2.7002983188140206e-05, 2.184036566177383e-05, 2.0158882762189023e-05, 1.3209736607677769e-05, 6.3154679992294405e-06, 4.559883109322982e-06, 5.444994712888729e-06, 9.205672540701926e-06, 7.662922143936157e-06, 7.510130672017112e-06, 1.1588167581066955e-05, 7.51422840039595e-06, 6.4330401983170304e-06, 3.0444007279584184e-06, 1.1332092526572524e-06, 2.213541165474453e-06, 1.1388327038730495e-05, 1.9580416847020388e-05, 1.4131758689472917e-05, 5.356135716283461e-06, 3.3739399896148825e-06], "lowlevel.melbands128.mean": [9.38962784857722e-06, 1.9375431293155998e-05, 0.0001052750667440705, 0.0054674046114087105, 0.024494729936122894, 0.02044532634317875, 0.009193465113639832, 0.00301440735347569, 0.00045592672540806234, 0.00035298967850394547, 0.00021891198412049562, 0.00030209319083951414, 0.0004718563286587596, 0.0001795861026039347, 3.0104221877991222e-05, 5.75180956730037e-06, 1.3359926015255041e-05, 4.620856634574011e-05, 0.0002023395791184157, 0.00022011730470694602, 0.00021091096277814358, 0.0002949284389615059, 0.00022857410658616573, 2.3558135580969974e-05, 3.11174189846497e-05, 9.048153151525185e-05, 5.835366027895361e-05, 1.692592923063785e-05, 1.2269993931113277e-05, 3.268915315857157e-05, 4.079594509676099e-05, 8.368250564672053e-05, 3.310438842163421e-05, 6.222894444363192e-05, 4.713095768238418e-05, 0.00010882301285164431, 0.00013733856030739844, 3.509780435706489e-05, 2.507348108338192e-05, 1.9654757124953903e-05, 1.699734275462106e-05, 1.348469504591776e-05, 5.2663385758933146e-06, 2.9962760891066864e-05, 4.941979113937123e-06, 2.0007701095892116e-06, 3.4183176467195153e-06, 1.7680982864476391e-06, 1.917354438774055e-06, 5.084326858195709e-06, 8.021068424568512e-06, 1.0310262950952165e-05, 3.903233846358489e-06, 7.210230705823051e-06, 1.2516150491137523e-05, 7.84358871896984e-06, 7.365218607446877e-06, 9.788682291400619e-06, 4.3131690290465485e-06, 1.2844117236454622e-06, 1.3377135701375664e-06, 6.528186986543005e-07, 6.770893037355563e-07, 8.84038342974236e-07, 7.406473514492973e-07, 8.516193474861211e-07, 1.0756399433375918e-06, 1.3245930858829524e-06, 2.3387772216665326e-06, 2.579374950073543e-06, 1.7638022882238147e-06, 1.938361492648255e-06, 2.231060307167354e-06, 2.148761268472299e-06, 2.481396450093598e-06, 4.524340056377696e-06, 4.915709723718464e-06, 3.6235835523257265e-06, 2.7982666779280407e-06, 2.6663963126338786e-06, 3.1619961191609036e-06, 2.8565864340635017e-06, 1.48305832681217e-06, 9.208744700117677e-07, 6.813048685216927e-07, 4.6534040620827e-07, 2.6772138994601846e-07, 2.8815145469707204e-07, 4.014214880498912e-07, 9.614808504920802e-07, 2.390271447438863e-06, 3.4861043332057307e-06, 4.388946763356216e-06, 5.340767074812902e-06, 6.659895916527603e-06, 4.202416675980203e-06, 3.5041075534536503e-06, 2.631773213579436e-06, 1.2024421494061244e-06, 9.961761406884762e-07, 9.575456942911842e-07, 9.119225978793111e-07, 7.926882403808122e-07, 6.099555776017951e-07, 4.5410169491333363e-07, 3.8600649077125126e-07, 4.212431292671681e-07, 3.3237674301744846e-07, 2.874552649245743e-07, 2.6533848540566396e-07, 1.31182929408169e-07, 8.679193541638597e-08, 6.817754183430225e-08, 4.356455818310678e-08, 1.0735024424946005e-08, 2.5877089360193395e-09, 3.00325209146024e-10, 2.5349356294612768e-11, 6.2381324064664234e-12, 6.058739881326103e-12, 5.9260829750329425e-12, 5.834331281984184e-12, 5.7173319897851904e-12, 5.6026585280866126e-12, 5.2567308145290426e-12, 4.769343340399468e-12, 4.4923964721832466e-12, 4.4337554461204576e-12], "lowlevel.melbands128.stdev": [2.799194226099644e-05, 5.114334271638654e-05, 0.00024060936993919313, 0.006715651135891676, 0.027047423645853996, 0.018299700692296028, 0.007995191030204296, 0.0036879645194858313, 0.000551965378690511, 0.0006963146151974797, 0.00035569563624449074, 0.0005288260872475803, 0.0007897632895037532, 0.00027715577743947506, 6.703783583361655e-05, 1.5149937098613009e-05, 7.210607145680115e-05, 0.00018170994007959962, 0.0008108689798973501, 0.0008356371545232832, 0.0005954973166808486, 0.000829332391731441, 0.0007994798361323774, 0.00013324581959750503, 0.0002705028746277094, 0.0004737673152703792, 0.00031826074700802565, 9.029220382217318e-05, 5.311702989274636e-05, 0.00016214938659686595, 0.00016407448856625706, 0.0004395391733851284, 0.0001308897481067106, 0.0002667981607373804, 0.00015674595488235354, 0.0004833715211134404, 0.0006195820751599967, 0.0002452973276376724, 0.00013776856940239668, 8.755176531849429e-05, 0.0001100538793252781, 6.22411971562542e-05, 3.08657436107751e-05, 0.0002609164803288877, 2.8464624847401865e-05, 6.3972765929065645e-06, 2.392386522842571e-05, 6.145148745417828e-06, 7.0253904596029315e-06, 4.319499566918239e-05, 3.7429512303788215e-05, 4.6691046009073034e-05, 1.7203130482812412e-05, 2.8282796847634017e-05, 4.41938937001396e-05, 2.1546105926972814e-05, 2.1631894924212247e-05, 2.4294198738061823e-05, 1.2274142136448063e-05, 5.549680736294249e-06, 9.821917956287507e-06, 4.500764134718338e-06, 4.20497008235543e-06, 5.5975224313442595e-06, 4.496854671742767e-06, 5.181765573070152e-06, 7.834511052351445e-06, 7.639012437721249e-06, 1.1562665349629242e-05, 1.2823457836930174e-05, 7.779426596243866e-06, 6.389160716935294e-06, 6.6687689468380995e-06, 7.353639375651255e-06, 1.168017479358241e-05, 1.3119484719936736e-05, 1.2677460290433373e-05, 1.0444014151289593e-05, 7.63891603128286e-06, 6.5022395574487746e-06, 8.061832886596676e-06, 7.324162652366795e-06, 4.48849959866493e-06, 3.103496965195518e-06, 2.132916961272713e-06, 1.5750562170069315e-06, 9.430399927623512e-07, 8.803132232060307e-07, 1.6513855598532245e-06, 3.8022378703317372e-06, 8.725178304302972e-06, 1.4004521290189587e-05, 1.7988708350458182e-05, 1.9802715542027727e-05, 2.6083509510499425e-05, 1.5771054677315988e-05, 1.436404181731632e-05, 1.0501122233108617e-05, 4.735736638394883e-06, 4.398140845296439e-06, 3.8044422581151593e-06, 3.6032874959346373e-06, 2.846559254976455e-06, 2.6168988824792905e-06, 2.0081693037354853e-06, 1.5907036186035839e-06, 1.7866839243652066e-06, 1.3157908824723563e-06, 1.249598085450998e-06, 1.4990520185165224e-06, 7.009294904491981e-07, 4.2388660403958056e-07, 3.69055300097898e-07, 2.761386497240892e-07, 5.371988009983397e-08, 1.6912014899617134e-08, 4.526726549158866e-09, 3.316918684159731e-10, 7.384387372411094e-12, 7.187304137262762e-12, 6.993871193988754e-12, 6.831019690872742e-12, 6.67593324371607e-12, 6.5591525266750494e-12, 6.457325993358687e-12, 6.380729278276931e-12, 6.3239981827611924e-12, 6.288037798785062e-12], "lowlevel.mfcc.mean": [-731.927490234375, 129.75900268554688, 49.40432357788086, 38.97153091430664, 17.478090286254883, 33.67789077758789, 11.740912437438965, 4.353826522827148, 11.271987915039062, -15.059551239013672, -12.114702224731445, 18.199296951293945, -11.05150032043457], "lowlevel.spectral_contrast_coeffs.mean": [-0.53593510389328, -0.7263308167457581, -0.7513624429702759, -0.7982106804847717, -0.7872239351272583, -0.7347074151039124], "lowlevel.spectral_contrast_coeffs.stdev": [0.07587268948554993, 0.10804782807826996, 0.10287030786275864, 0.07280514389276505, 0.056069109588861465, 0.05091237276792526], "lowlevel.spectral_contrast_valleys.mean": [-7.069570064544678, -8.268719673156738, -8.711532592773438, -9.08010196685791, -8.970537185668945, -11.057846069335938], "lowlevel.spectral_contrast_valleys.stdev": [1.029478669166565, 0.9999173879623413, 1.041192650794983, 0.9481456279754639, 1.073011875152588, 1.2300654649734497], "rhythm.beats_loudness_band_ratio.mean": [0.9155552983283997, 0.03887314349412918, 0.025335384532809258, 0.00937974639236927, 0.0027277139015495777, 0.0105541767552495], "rhythm.beats_loudness_band_ratio.stdev": [0.06013176962733269, 0.029879946261644363, 0.04187411442399025, 0.01434218231588602, 0.005534706171602011, 0.02904324233531952], "tonal.hpcp.mean": [0.619918704032898, 0.2919289171695709, 0.023020640015602112, 0.02015892043709755, 0.021222330629825592, 0.019092759117484093, 0.011831528507173061, 0.004981265403330326, 0.0026737460866570473, 0.008094346150755882, 0.01568637788295746, 0.014067559503018856, 0.011676168069243431, 0.014718159101903439, 0.09355112910270691, 0.30498582124710083, 0.23603153228759766, 0.02144770696759224, 0.005367717705667019, 0.0047068060375750065, 0.026090020313858986, 0.029406247660517693, 0.009663557633757591, 0.006750144530087709, 0.006847735494375229, 0.004776370711624622, 0.005110446363687515, 0.004209541250020266, 0.0018769309390336275, 0.0019637676887214184, 0.0050844731740653515, 0.004785822704434395, 0.0015549660893157125, 0.01523677259683609, 0.05067473649978638, 0.37657201290130615], "tonal.hpcp.stdev": [0.46550294756889343, 0.281173437833786, 0.13249263167381287, 0.10324081033468246, 0.08561307936906815, 0.06817631423473358, 0.05802652984857559, 0.02576015144586563, 0.01242146361619234, 0.030050089582800865, 0.0712491124868393, 0.06015918776392937, 0.08649114519357681, 0.07146161794662476, 0.17538608610630035, 0.4334726631641388, 0.35981786251068115, 0.09485951066017151, 0.03626835346221924, 0.018531495705246925, 0.04833915829658508, 0.051662761718034744, 0.025280188769102097, 0.06275685131549835, 0.06292136013507843, 0.035647548735141754, 0.019588712602853775, 0.01776191219687462, 0.009071889333426952, 0.015049368143081665, 0.04025832191109657, 0.03338927775621414, 0.008322644978761673, 0.10345616191625595, 0.18263737857341766, 0.32562020421028137], "rhythm.beats_position": [0.3831292390823364, 0.8010883927345276, 1.2306575775146484, 1.6718367338180542, 2.11301589012146, 2.554194927215576, 3.0185940265655518, 3.4829931259155273, 3.9241721630096436, 4.388571262359619, 4.8645806312561035, 5.31736946105957, 5.758548736572266, 6.199728012084961, 6.640906810760498, 7.082086086273193, 7.53487491607666, 7.987664222717285, 8.44045352935791, 8.904852867126465, 9.369251251220703, 9.833650588989258, 10.286439895629883, 10.704399108886719, 11.145578384399414, 11.57514762878418, 12.027935981750488], "rhythm.bpm_histogram": [0.0, 0.0, 0.0, 0.0, 0.0, 0.0, 0.0, 0.0, 0.0, 0.0, 0.0, 0.0, 0.0, 0.0, 0.0, 0.0, 0.0, 0.0, 0.0, 0.0, 0.0, 0.0, 0.0, 0.0, 0.0, 0.0, 0.0, 0.0, 0.0, 0.0, 0.0, 0.0, 0.0, 0.0, 0.0, 0.0, 0.0, 0.0, 0.0, 0.0, 0.0, 0.0, 0.0, 0.0, 0.0, 0.0, 0.0, 0.0, 0.0, 0.0, 0.0, 0.0, 0.0, 0.0, 0.0, 0.0, 0.0, 0.0, 0.0, 0.0, 0.0, 0.0, 0.0, 0.0, 0.0, 0.0, 0.0, 0.0, 0.0, 0.0, 0.0, 0.0, 0.0, 0.0, 0.0, 0.0, 0.0, 0.0, 0.0, 0.0, 0.0, 0.0, 0.0, 0.0, 0.0, 0.0, 0.0, 0.0, 0.0, 0.0, 0.0, 0.0, 0.0, 0.0, 0.0, 0.0, 0.0, 0.0, 0.0, 0.0, 0.0, 0.0, 0.0, 0.0, 0.0, 0.0, 0.0, 0.0, 0.0, 0.0, 0.0, 0.0, 0.0, 0.0, 0.0, 0.0, 0.0, 0.0, 0.0, 0.0, 0.0, 0.0, 0.0, 0.0, 0.0, 0.0, 0.03846153989434242, 0.0, 0.0, 0.23076923191547394, 0.0, 0.0, 0.0, 0.23076923191547394, 0.0, 0.0, 0.3461538553237915, 0.0, 0.0, 0.0, 0.07692307978868484, 0.0, 0.0, 0.0, 0.07692307978868484, 0.0, 0.0, 0.0, 0.0, 0.0, 0.0, 0.0, 0.0, 0.0, 0.0, 0.0, 0.0, 0.0, 0.0, 0.0, 0.0, 0.0, 0.0, 0.0, 0.0, 0.0, 0.0, 0.0, 0.0, 0.0, 0.0, 0.0, 0.0, 0.0, 0.0, 0.0, 0.0, 0.0, 0.0, 0.0, 0.0, 0.0, 0.0, 0.0, 0.0, 0.0, 0.0, 0.0, 0.0, 0.0, 0.0, 0.0, 0.0, 0.0, 0.0, 0.0, 0.0, 0.0, 0.0, 0.0, 0.0, 0.0, 0.0, 0.0, 0.0, 0.0, 0.0, 0.0, 0.0, 0.0, 0.0, 0.0, 0.0, 0.0, 0.0, 0.0, 0.0, 0.0, 0.0, 0.0, 0.0, 0.0, 0.0, 0.0, 0.0, 0.0, 0.0, 0.0, 0.0, 0.0, 0.0, 0.0, 0.0, 0.0, 0.0, 0.0, 0.0, 0.0, 0.0, 0.0, 0.0, 0.0, 0.0, 0.0, 0.0, 0.0, 0.0, 0.0, 0.0, 0.0], "tonal.chords_histogram": [38.60293960571289, 0.0, 9.558823585510254, 0.0, 0.0, 0.0, 18.014705657958984, 16.544116973876953, 8.823529243469238, 8.45588207244873, 0.0, 0.0, 0.0, 0.0, 0.0, 0.0, 0.0, 0.0, 0.0, 0.0, 0.0, 0.0, 0.0, 0.0], "tonal.thpcp": [1.0, 0.4709148406982422, 0.03713493421673775, 0.0325186513364315, 0.03423405438661575, 0.030798811465501785, 0.019085612148046494, 0.00803535245358944, 0.004313059151172638, 0.013057108968496323, 0.025303928181529045, 0.022692587226629257, 0.018834998831152916, 0.023742079734802246, 0.1509087085723877, 0.49197712540626526, 0.38074594736099243, 0.03459761291742325, 0.008658744394779205, 0.007592617999762297, 0.042086195200681686, 0.04743565246462822, 0.01558842696249485, 0.010888757184147835, 0.011046183295547962, 0.00770483398810029, 0.008243736810982227, 0.006790473125874996, 0.0030277050100266933, 0.0031677826773375273, 0.008201838470995426, 0.007720081135630608, 0.002508338773623109, 0.02457866258919239, 0.08174416422843933, 0.6074538826942444], "lowlevel.gfcc.cov": [[6525.9443359375, -660.685791015625, -723.8494873046875, 194.92559814453125, -692.6726684570312, 363.8237609863281, -197.99961853027344, 315.7361755371094, -26.661787033081055, 215.30361938476562, -110.63371276855469, 42.27573013305664, -191.6942596435547], [-660.685791015625, 2362.197509765625, -661.3095092773438, -975.7703247070312, -32.085655212402344, -231.62635803222656, 580.5905151367188, -221.37741088867188, 383.3990783691406, -233.1028289794922, 231.6584014892578, -201.5422821044922, 130.4295196533203], [-723.8494873046875, -661.3095092773438, 1074.9827880859375, 474.9546203613281, 246.91542053222656, 80.63235473632812, -81.23927307128906, 18.04722023010254, -160.91543579101562, 98.77532196044922, 9.670148849487305, 71.4936294555664, -0.7148754000663757], [194.92559814453125, -975.7703247070312, 474.9546203613281, 935.5460205078125, 335.5714416503906, -92.43538665771484, -343.2772216796875, 32.155845642089844, -108.14674377441406, 48.56956481933594, -83.91981506347656, 109.50070190429688, 50.46900939941406], [-692.6726684570312, -32.085655212402344, 246.91542053222656, 335.5714416503906, 591.1454467773438, -2.4122061729431152, -121.51526641845703, -35.52546691894531, 89.59322357177734, -13.746746063232422, 2.3178181648254395, -25.337799072265625, 59.07370376586914], [363.8237609863281, -231.62635803222656, 80.63235473632812, -92.43538665771484, -2.4122061729431152, 344.7641906738281, 124.3460693359375, 73.94873809814453, -22.24161720275879, 74.1316909790039, 11.140730857849121, -40.31048583984375, -75.33562469482422], [-197.99961853027344, 580.5905151367188, -81.23927307128906, -343.2772216796875, -121.51526641845703, 124.3460693359375, 593.14599609375, 75.71626281738281, 47.34663009643555, -25.166454315185547, 114.53784942626953, -64.60395050048828, -39.80126953125], [315.7361755371094, -221.37741088867188, 18.04722023010254, 32.155845642089844, -35.52546691894531, 73.94873809814453, 75.71626281738281, 214.1457061767578, 44.231258392333984, 37.65877914428711, -40.29854202270508, 14.727116584777832, -31.24937629699707], [-26.661787033081055, 383.3990783691406, -160.91543579101562, -108.14674377441406, 89.59322357177734, -22.24161720275879, 47.34663009643555, 44.231258392333984, 264.47015380859375, 28.97551155090332, 7.691844940185547, -72.3144760131836, 26.518959045410156], [215.30361938476562, -233.1028289794922, 98.77532196044922, 48.56956481933594, -13.746746063232422, 74.1316909790039, -25.166454315185547, 37.65877914428711, 28.97551155090332, 193.88880920410156, 16.621137619018555, -15.594149589538574, -87.73017883300781], [-110.63371276855469, 231.6584014892578, 9.670148849487305, -83.91981506347656, 2.3178181648254395, 11.140730857849121, 114.53784942626953, -40.29854202270508, 7.691844940185547, 16.621137619018555, 118.15396881103516, -22.665626525878906, -32.921287536621094], [42.27573013305664, -201.5422821044922, 71.4936294555664, 109.50070190429688, -25.337799072265625, -40.31048583984375, -64.60395050048828, 14.727116584777832, -72.3144760131836, -15.594149589538574, -22.665626525878906, 111.5200424194336, 30.62476921081543], [-191.6942596435547, 130.4295196533203, -0.7148754000663757, 50.46900939941406, 59.07370376586914, -75.33562469482422, -39.80126953125, -31.24937629699707, 26.518959045410156, -87.73017883300781, -32.921287536621094, 30.62476921081543, 137.01937866210938]], "lowlevel.gfcc.icov": [[0.0004964307881891727, -0.0013280255952849984, 0.00043706109863705933, -0.0016297736437991261, 0.0011502642882987857, -0.0017709744861349463, 0.0011383707169443369, -0.0013142443494871259, 0.0009315882343798876, -0.0006911822711117566, 0.0006372447242029011, -0.0003795711963903159, 0.0007376658031716943], [-0.0013280255952849984, 0.008550996892154217, -0.0009202428627759218, 0.007980968803167343, -0.004287942312657833, 0.008250894956290722, -0.0060328892432153225, 0.007037372328341007, -0.006951006129384041, 0.0042923795990645885, -0.00564572773873806, 0.0024817169178277254, -0.004521994851529598], [0.00043706109863705933, -0.0009202428627759218, 0.0019768511410802603, -0.0017159759299829602, 0.0003666784323286265, -0.0015979271847754717, 0.0006434348179027438, -0.0012750043533742428, 0.0018643031362444162, -0.0016781549202278256, -0.0001407984527759254, -0.0003057327994611114, -0.0004115199262741953], [-0.0016297736437991261, 0.007980968803167343, -0.0017159759299829602, 0.010535224340856075, -0.006021170411258936, 0.009220622479915619, -0.00513348588719964, 0.005652390420436859, -0.004912994801998138, 0.002951354254037142, -0.004541718866676092, 0.0017002022359520197, -0.004933825694024563], [0.0011502642882987857, -0.004287942312657833, 0.0003666784323286265, -0.006021170411258936, 0.006215428933501244, -0.005852543283253908, 0.0037177992053329945, -0.0029544606804847717, 0.0010140871163457632, -0.0006719263619743288, 0.001576997572556138, -0.00040478623122908175, 0.0022621992975473404], [-0.0017709744861349463, 0.008250894956290722, -0.0015979271847754717, 0.009220622479915619, -0.005852543283253908, 0.013244155794382095, -0.006801546551287174, 0.005631076637655497, -0.004648773930966854, 0.0024892499204725027, -0.004190283827483654, 0.003910268656909466, -0.004009914584457874], [0.0011383707169443369, -0.0060328892432153225, 0.0006434348179027438, -0.00513348588719964, 0.0037177992053329945, -0.006801546551287174, 0.007753102108836174, -0.007178877480328083, 0.004935614764690399, -0.0019813680555671453, 0.00034056667936965823, -0.0005711954436264932, 0.0024875628296285868], [-0.0013142443494871259, 0.007037372328341007, -0.0012750043533742428, 0.005652390420436859, -0.0029544606804847717, 0.005631076637655497, -0.007178877480328083, 0.014596669934689999, -0.009414409287273884, 0.0042631011456251144, 0.00023658867576159537, -0.0016918384935706854, -2.6071125830640085e-05], [0.0009315882343798876, -0.006951006129384041, 0.0018643031362444162, -0.004912994801998138, 0.0010140871163457632, -0.004648773930966854, 0.004935614764690399, -0.009414409287273884, 0.014781758189201355, -0.0078096999786794186, 0.003538326360285282, 0.003033208893612027, -0.0016562612727284431], [-0.0006911822711117566, 0.0042923795990645885, -0.0016781549202278256, 0.002951354254037142, -0.0006719263619743288, 0.0024892499204725027, -0.0019813680555671453, 0.0042631011456251144, -0.0078096999786794186, 0.012717261910438538, -0.003664199495688081, -8.755200542509556e-05, 0.004699512850493193], [0.0006372447242029011, -0.00564572773873806, -0.0001407984527759254, -0.004541718866676092, 0.001576997572556138, -0.004190283827483654, 0.00034056667936965823, 0.00023658867576159537, 0.003538326360285282, -0.003664199495688081, 0.0187181755900383, -0.003306994680315256, 0.007312552537769079], [-0.0003795711963903159, 0.0024817169178277254, -0.0003057327994611114, 0.0017002022359520197, -0.00040478623122908175, 0.003910268656909466, -0.0005711954436264932, -0.0016918384935706854, 0.003033208893612027, -8.755200542509556e-05, -0.003306994680315256, 0.01650712825357914, -0.006875679362565279], [0.0007376658031716943, -0.004521994851529598, -0.0004115199262741953, -0.004933825694024563, 0.0022621992975473404, -0.004009914584457874, 0.0024875628296285868, -2.6071125830640085e-05, -0.0016562612727284431, 0.004699512850493193, 0.007312552537769079, -0.006875679362565279, 0.018609795719385147]], "lowlevel.mfcc.cov": [[4917.376953125, -886.7109375, -212.67572021484375, -350.50079345703125, -301.49542236328125, -103.02755737304688, -128.56417846679688, 5.525481224060059, 135.54412841796875, 26.435258865356445, 77.69111633300781, 417.6811218261719, -70.81600189208984], [-886.7109375, 2423.3212890625, -500.5103759765625, -567.533447265625, -542.3272705078125, 2.035893201828003, -26.26907730102539, 104.18782043457031, 110.2162857055664, -31.500328063964844, 177.71401977539062, 87.28092193603516, 132.62985229492188], [-212.67572021484375, -500.5103759765625, 697.6312866210938, 205.2091827392578, 95.10948944091797, 53.4987907409668, 166.65707397460938, -4.408004283905029, -50.35982131958008, 29.920475006103516, -12.886695861816406, -39.62451171875, 27.900558471679688], [-350.50079345703125, -567.533447265625, 205.2091827392578, 822.0994873046875, 437.7359619140625, 14.244373321533203, -29.45231056213379, -9.384649276733398, -30.075298309326172, -3.513704776763916, -105.7072982788086, -86.68372344970703, 60.29985046386719], [-301.49542236328125, -542.3272705078125, 95.10948944091797, 437.7359619140625, 794.0364379882812, 140.76126098632812, -105.94720458984375, -96.23631286621094, 8.322359085083008, 90.92815399169922, -79.23213958740234, -42.8691520690918, -53.42813491821289], [-103.02755737304688, 2.035893201828003, 53.4987907409668, 14.244373321533203, 140.76126098632812, 232.17506408691406, 113.2854232788086, -10.450377464294434, 9.457918167114258, 60.817501068115234, 89.94453430175781, 42.57404327392578, -4.91681432723999], [-128.56417846679688, -26.26907730102539, 166.65707397460938, -29.45231056213379, -105.94720458984375, 113.2854232788086, 364.3975524902344, 132.53683471679688, -19.372243881225586, 58.39542007446289, 130.3473358154297, -14.000341415405273, 12.61448860168457], [5.525481224060059, 104.18782043457031, -4.408004283905029, -9.384649276733398, -96.23631286621094, -10.450377464294434, 132.53683471679688, 220.16436767578125, 93.60401153564453, 29.696640014648438, 42.985145568847656, -16.383054733276367, 24.49498176574707], [135.54412841796875, 110.2162857055664, -50.35982131958008, -30.075298309326172, 8.322359085083008, 9.457918167114258, -19.372243881225586, 93.60401153564453, 248.11585998535156, 78.10404205322266, 13.072992324829102, 56.55217742919922, 29.584196090698242], [26.435258865356445, -31.500328063964844, 29.920475006103516, -3.513704776763916, 90.92815399169922, 60.817501068115234, 58.39542007446289, 29.696640014648438, 78.10404205322266, 210.8738250732422, 146.4654998779297, 23.990657806396484, 32.70718002319336], [77.69111633300781, 177.71401977539062, -12.886695861816406, -105.7072982788086, -79.23213958740234, 89.94453430175781, 130.3473358154297, 42.985145568847656, 13.072992324829102, 146.4654998779297, 281.23004150390625, 77.90829467773438, 42.194000244140625], [417.6811218261719, 87.28092193603516, -39.62451171875, -86.68372344970703, -42.8691520690918, 42.57404327392578, -14.000341415405273, -16.383054733276367, 56.55217742919922, 23.990657806396484, 77.90829467773438, 232.4707489013672, 44.49721908569336], [-70.81600189208984, 132.62985229492188, 27.900558471679688, 60.29985046386719, -53.42813491821289, -4.91681432723999, 12.61448860168457, 24.49498176574707, 29.584196090698242, 32.70718002319336, 42.194000244140625, 44.49721908569336, 149.8365020751953]], "lowlevel.mfcc.icov": [[0.0003338560927659273, 0.00024028068582993, 0.00012946594506502151, 7.982196984812617e-05, 0.00021437689429149032, 3.536258009262383e-05, 0.0001867079990915954, -0.00016284684534184635, -4.622764026862569e-05, -6.793845386710018e-05, -4.342049578553997e-05, -0.0006098510348238051, 0.00019466762023512274], [0.00024028068582993, 0.0008726298110559583, 0.00043736372026614845, 0.0003932225808966905, 0.00035414373269304633, -0.0003758916282095015, 0.0004091752925887704, -0.00029647842166014016, -0.00025893293786793947, 0.0004733444075100124, -0.00048285562661476433, -9.844618034549057e-05, -0.0006575734005309641], [0.00012946594506502151, 0.00043736372026614845, 0.0021672628354281187, -0.00020410002616699785, 0.00015542696928605437, -2.563110683695413e-06, -0.0012424701126292348, 0.0006503299809992313, -2.0052482796018012e-05, -0.00032436734181828797, 0.0005299252807162702, -0.0001216345772263594, -0.000632088165730238], [7.982196984812617e-05, 0.0003932225808966905, -0.00020410002616699785, 0.0025391625240445137, -0.001479936996474862, 0.00044269399950280786, -4.534145773504861e-06, -0.0005791497533209622, 9.023581515066326e-05, 0.001078990986570716, -0.00020279802265577018, 0.0005575630930252373, -0.0020741315092891455], [0.00021437689429149032, 0.00035414373269304633, 0.00015542696928605437, -0.001479936996474862, 0.003585357218980789, -0.0026142275892198086, 0.0016233334317803383, -7.976582855917513e-05, 0.00037327170139178634, -0.002641364699229598, 0.001511311624199152, -0.0004489085986278951, 0.0016341273440048099], [3.536258009262383e-05, -0.0003758916282095015, -2.563110683695413e-06, 0.00044269399950280786, -0.0026142275892198086, 0.008631330914795399, -0.003962759859859943, 0.002564292633906007, -0.001433327910490334, 0.0013471634592860937, -0.0020517632365226746, -0.001041184994392097, 0.00031314746593125165], [0.0001867079990915954, 0.0004091752925887704, -0.0012424701126292348, -4.534145773504861e-06, 0.0016233334317803383, -0.003962759859859943, 0.007568654138594866, -0.00486814696341753, 0.0021701371297240257, -0.0008069758769124746, -0.001259051961824298, 0.0003016896080225706, 0.0005793134332634509], [-0.00016284684534184635, -0.00029647842166014016, 0.0006503299809992313, -0.0005791497533209622, -7.976582855917513e-05, 0.002564292633906007, -0.00486814696341753, 0.009792919270694256, -0.004566088784486055, 0.0013387334765866399, -0.0008913716883398592, 0.0015675979666411877, -0.0004431453126017004], [-4.622764026862569e-05, -0.00025893293786793947, -2.0052482796018012e-05, 9.023581515066326e-05, 0.00037327170139178634, -0.001433327910490334, 0.0021701371297240257, -0.004566088784486055, 0.00785013660788536, -0.00451104948297143, 0.003030429594218731, -0.0021155402064323425, 3.4218413929920644e-05], [-6.793845386710018e-05, 0.0004733444075100124, -0.00032436734181828797, 0.001078990986570716, -0.002641364699229598, 0.0013471634592860937, -0.0008069758769124746, 0.0013387334765866399, -0.00451104948297143, 0.012727770954370499, -0.007627307437360287, 0.0023879152722656727, -0.0023223881144076586], [-4.342049578553997e-05, -0.00048285562661476433, 0.0005299252807162702, -0.00020279802265577018, 0.001511311624199152, -0.0020517632365226746, -0.001259051961824298, -0.0008913716883398592, 0.003030429594218731, -0.007627307437360287, 0.010156162083148956, -0.002580375410616398, 8.602598973084241e-05], [-0.0006098510348238051, -9.844618034549057e-05, -0.0001216345772263594, 0.0005575630930252373, -0.0004489085986278951, -0.001041184994392097, 0.0003016896080225706, 0.0015675979666411877, -0.0021155402064323425, 0.0023879152722656727, -0.002580375410616398, 0.007464210037142038, -0.002472300548106432], [0.00019466762023512274, -0.0006575734005309641, -0.000632088165730238, -0.0020741315092891455, 0.0016341273440048099, 0.00031314746593125165, 0.0005793134332634509, -0.0004431453126017004, 3.4218413929920644e-05, -0.0023223881144076586, 8.602598973084241e-05, -0.002472300548106432, 0.010127220302820206]], "metadata.audio_properties.analysis.downmix": "mix", "metadata.audio_properties.codec": "mp3", "metadata.audio_properties.md5_encoded": "ce1f08289fd480e4b7a1aceb2978c7d6", "metadata.tags.file_name": "1183646733499121664.mp3", "metadata.version.essentia": "2.1-beta6-dev", "metadata.version.essentia_git_sha": "v2.1_beta5-1110-g77a6a954", "metadata.version.extractor": "music 2.0", "tonal.chords_key": "D", "tonal.chords_scale": "minor", "tonal.key_edma.key": "D", "tonal.key_edma.scale": "minor", "tonal.key_krumhansl.key": "D", "tonal.key_krumhansl.scale": "minor", "tonal.key_temperley.key": "D", "tonal.key_temperley.scale": "minor", "metadata.tags.encoding": ["Lavf58.45.100"]}, "essentia_models": [{"model_name": "genre_dortmund", "activations": {"alternative": "0.108867094", "blues": "0.063766204", "electronic": "0.010770796", "folkcountry": "0.20743886", "funksoulrnb": "0.074262515", "jazz": "0.057671778", "pop": "0.038577333", "raphiphop": "0.14699936", "rock": "0.33383477"}}, {"model_name": "genre_rosamerica", "activations": {"classic": "0.028446598", "dance": "0.0011650706", "hip hop": "0.027324658", "jazz": "0.01395554", "pop": "0.022939976", "rhythm and blues": "0.18044463", "rock": "0.1965037", "speech": "0.071762"}}, {"model_name": "genre_tzanetakis", "activations": {"blues": "0.6102938", "classic