{"song_id": "1183703898012266547", "download": "https://cdn.discordapp.com/attachments/1128313332273782784/1183703898012266547/chirp.mp4?ex=65894d29&amp", "lyrics": "Rap\n\n[verse]\n\u0417\u0430\u0433\u0430\u0434\u043e\u0447\u043d\u0430\u044f \u0434\u0443\u0448\u0430 \u0443 \u043a\u043e\u0441\u0442\u0440\u0430 \u0433\u043e\u0440\u0438\u0442\n\u0412 \u043f\u0435\u0447\u0430\u043b\u0438 \u043c\u043e\u044f \u0433\u0438\u0442\u0430\u0440\u0430 \u0441\u0442\u0430\u043b\u043a\u0440\u0430\u0444\u0442\u0435\u0440\u0430\n\u041f\u043e \u0433\u0440\u0443\u0441\u0442\u043d\u044b\u043c \u0442\u0440\u043e\u043f\u0438\u043d\u043a\u0430\u043c \u043c\u0430\u043d\u0438\u0442 \u043e\u043d\u0430\n\u0422\u0443\u0434\u0430, \u0433\u0434\u0435 \u0437\u0430\u0436\u0438\u0433\u0430\u0435\u0442 \u0441\u043b\u0435\u0437\u044b \u0441\u0442\u0430\u043b\u043a\u0440\u0430\u0444\u0442\n\n[chorus]\n\u041e\u043e\u043e\u043e, \u044d\u043a\u0441\u0431\u043e \u043f\u0440\u043e\u0448\u0435\u043f\u0442\u0430\u043b\u0438 \u0432 \u0437\u043d\u043e\u0439\u043d\u043e\u0439 \u0442\u0438\u0448\u0438\u043d\u0435\n\u041e\u043e\u043e\u043e, \u0441\u0435\u0440\u0434\u0446\u0435 \u0442\u0440\u0435\u0432\u043e\u0433\u043e\u0439 \u043e\u043a\u0443\u0442\u0430\u043b\u043e \u0441\u0435\u0431\u0435\n\u041e\u043e\u043e\u043e, \u0437\u0430\u0436\u0433\u043b\u0438 \u0432 \u0434\u0443\u0448\u0435 \u0442\u043e\u0441\u043a\u0443 \u0438 \u0441\u0432\u0435\u0442 \u0437\u0432\u0435\u0437\u0434\u044b\n\u041e\u043e\u043e\u043e, \u0441\u0442\u0430\u043b\u043a\u0440\u0430\u0444\u0442 \u0433\u043e\u0440\u044c\u043a\u043e\u0439 \u0441\u043b\u0430\u0434\u043e\u0441\u0442\u044c\u044e \u043e\u0432\u0435\u044f\u043b", "style": ["Shanson"], "essentia_features": {"lowlevel.average_loudness": 0.9005200862884521, "lowlevel.barkbands_crest.mean": 14.634861946105957, "lowlevel.barkbands_crest.stdev": 5.442559719085693, "lowlevel.barkbands_flatness_db.mean": 0.2563404142856598, "lowlevel.barkbands_flatness_db.stdev": 0.09529925882816315, "lowlevel.barkbands_kurtosis.mean": 8.892199516296387, "lowlevel.barkbands_kurtosis.stdev": 24.89075469970703, "lowlevel.barkbands_skewness.mean": 1.9734249114990234, "lowlevel.barkbands_skewness.stdev": 1.892076015472412, "lowlevel.barkbands_spread.mean": 14.200275421142578, "lowlevel.barkbands_spread.stdev": 12.638818740844727, "lowlevel.dissonance.mean": 0.4187694489955902, "lowlevel.dissonance.stdev": 0.05170886218547821, "lowlevel.dynamic_complexity": 4.307216644287109, "lowlevel.erbbands_crest.mean": 14.048927307128906, "lowlevel.erbbands_crest.stdev": 6.0318098068237305, "lowlevel.erbbands_flatness_db.mean": 0.27660852670669556, "lowlevel.erbbands_flatness_db.stdev": 0.0991244688630104, "lowlevel.erbbands_kurtosis.mean": 1.9545615911483765, "lowlevel.erbbands_kurtosis.stdev": 4.04296875, "lowlevel.erbbands_skewness.mean": 0.9057872295379639, "lowlevel.erbbands_skewness.stdev": 1.0418102741241455, "lowlevel.erbbands_spread.mean": 22.90970802307129, "lowlevel.erbbands_spread.stdev": 14.31595230102539, "lowlevel.hfc.mean": 18.06670570373535, "lowlevel.hfc.stdev": 23.158292770385742, "lowlevel.loudness_ebu128.integrated": -15.284135818481445, "lowlevel.loudness_ebu128.loudness_range": 11.267572402954102, "lowlevel.loudness_ebu128.momentary.mean": -17.578182220458984, "lowlevel.loudness_ebu128.momentary.stdev": 4.819087982177734, "lowlevel.loudness_ebu128.short_term.mean": -16.926403045654297, "lowlevel.loudness_ebu128.short_term.stdev": 4.152393817901611, "lowlevel.melbands_crest.mean": 21.45821762084961, "lowlevel.melbands_crest.stdev": 6.949443340301514, "lowlevel.melbands_flatness_db.mean": 0.3004593253135681, "lowlevel.melbands_flatness_db.stdev": 0.09905490279197693, "lowlevel.melbands_kurtosis.mean": 17.36922836303711, "lowlevel.melbands_kurtosis.stdev": 34.87733840942383, "lowlevel.melbands_skewness.mean": 2.746426820755005, "lowlevel.melbands_skewness.stdev": 2.1483800411224365, "lowlevel.melbands_spread.mean": 17.109291076660156, "lowlevel.melbands_spread.stdev": 16.985017776489258, "lowlevel.pitch_salience.mean": 0.4217303693294525, "lowlevel.pitch_salience.stdev": 0.13791033625602722, "lowlevel.silence_rate_20dB.mean": 0.9988412261009216, "lowlevel.silence_rate_20dB.stdev": 0.034020811319351196, "lowlevel.silence_rate_30dB.mean": 0.9391657114028931, "lowlevel.silence_rate_30dB.stdev": 0.23902557790279388, "lowlevel.silence_rate_60dB.mean": 0.1813441514968872, "lowlevel.silence_rate_60dB.stdev": 0.38529977202415466, "lowlevel.spectral_centroid.mean": 1267.65966796875, "lowlevel.spectral_centroid.stdev": 600.2756958007812, "lowlevel.spectral_complexity.mean": 11.940903663635254, "lowlevel.spectral_complexity.stdev": 9.448094367980957, "lowlevel.spectral_decrease.mean": -8.40016589620518e-09, "lowlevel.spectral_decrease.stdev": 1.3140173393821897e-08, "lowlevel.spectral_energy.mean": 0.033342842012643814, "lowlevel.spectral_energy.stdev": 0.05047754570841789, "lowlevel.spectral_energyband_high.mean": 0.00037377417902462184, "lowlevel.spectral_energyband_high.stdev": 0.0012564415810629725, "lowlevel.spectral_energyband_low.mean": 0.01957211084663868, "lowlevel.spectral_energyband_low.stdev": 0.0466579794883728, "lowlevel.spectral_energyband_middle_high.mean": 0.006257147062569857, "lowlevel.spectral_energyband_middle_high.stdev": 0.00967207457870245, "lowlevel.spectral_energyband_middle_low.mean": 0.007844480685889721, "lowlevel.spectral_energyband_middle_low.stdev": 0.010569905862212181, "lowlevel.spectral_entropy.mean": 6.782403469085693, "lowlevel.spectral_entropy.stdev": 0.779209554195404, "lowlevel.spectral_flux.mean": 0.07695083320140839, "lowlevel.spectral_flux.stdev": 0.08941724896430969, "lowlevel.spectral_kurtosis.mean": 10.372251510620117, "lowlevel.spectral_kurtosis.stdev": 7.469020843505859, "lowlevel.spectral_rms.mean": 0.004679955076426268, "lowlevel.spectral_rms.stdev": 0.003260002937167883, "lowlevel.spectral_rolloff.mean": 1175.929931640625, "lowlevel.spectral_rolloff.stdev": 1339.2642822265625, "lowlevel.spectral_skewness.mean": 2.0940542221069336, "lowlevel.spectral_skewness.stdev": 0.6999690532684326, "lowlevel.spectral_spread.mean": 3246841.0, "lowlevel.spectral_spread.stdev": 1799060.25, "lowlevel.spectral_strongpeak.mean": 1.108458161354065, "lowlevel.spectral_strongpeak.stdev": 1.1571779251098633, "lowlevel.zerocrossingrate.mean": 0.04525258392095566, "lowlevel.zerocrossingrate.stdev": 0.042386312037706375, "metadata.audio_properties.analysis.equal_loudness": 0.0, "metadata.audio_properties.analysis.length": 40.04265213012695, "metadata.audio_properties.analysis.sample_rate": 44100.0, "metadata.audio_properties.analysis.start_time": 0.0, "metadata.audio_properties.bit_rate": 115468.0, "metadata.audio_properties.length": 40.042667388916016, "metadata.audio_properties.lossless": 0.0, "metadata.audio_properties.number_channels": 1.0, "metadata.audio_properties.replay_gain": -11.655984878540039, "metadata.audio_properties.sample_rate": 48000.0, "rhythm.beats_count": 53.0, "rhythm.beats_loudness.mean": 0.0784616619348526, "rhythm.beats_loudness.stdev": 0.09651894122362137, "rhythm.bpm": 79.86843872070312, "rhythm.bpm_histogram_first_peak_bpm": 80.0, "rhythm.bpm_histogram_first_peak_weight": 0.038461506366729736, "rhythm.bpm_histogram_second_peak_bpm": 0.0, "rhythm.bpm_histogram_second_peak_spread": 0.0, "rhythm.bpm_histogram_second_peak_weight": 0.0, "rhythm.danceability": 1.1952695846557617, "rhythm.onset_rate": 4.71858024597168, "tonal.chords_changes_rate": 0.0347222238779068, "tonal.chords_number_rate": 0.005787036847323179, "tonal.chords_strength.mean": 0.6260465979576111, "tonal.chords_strength.stdev": 0.08405526727437973, "tonal.hpcp_crest.mean": 15.041983604431152, "tonal.hpcp_crest.stdev": 5.799806594848633, "tonal.hpcp_entropy.mean": 1.6474013328552246, "tonal.hpcp_entropy.stdev": 0.5736122131347656, "tonal.key_edma.strength": 0.6539323329925537, "tonal.key_krumhansl.strength": 0.6537563800811768, "tonal.key_temperley.strength": 0.6275022029876709, "tonal.tuning_diatonic_strength": 0.5216678977012634, "tonal.tuning_equal_tempered_deviation": 0.2010554075241089, "tonal.tuning_frequency": 434.193115234375, "tonal.tuning_nontempered_energy_ratio": 0.9405947327613831, "lowlevel.barkbands.mean": [0.001016423455439508, 0.014325877651572227, 0.003685631323605776, 0.0008700811304152012, 0.0007935624453239143, 0.0003814025840256363, 0.0011070865439251065, 0.001817016745917499, 0.0025002018082886934, 0.001179430284537375, 0.0009968919912353158, 0.0006199853378348053, 0.0007706116884946823, 0.0009709751466289163, 0.000590884534176439, 0.00031577213667333126, 0.00031150723225437105, 0.00023075257195159793, 0.00038137988303788006, 0.0001346070202998817, 5.144540409673937e-05, 4.809786332771182e-05, 8.362695371033624e-05, 7.548697612946853e-05, 4.8592741222819313e-05, 3.524525527609512e-05, 3.2362575552724593e-07], "lowlevel.barkbands.stdev": [0.0017691748216748238, 0.03435955569148064, 0.01981694996356964, 0.005430913530290127, 0.0029649781063199043, 0.0013865340733900666, 0.0027145608328282833, 0.0027375633362680674, 0.004547008778899908, 0.0034879108425229788, 0.0025165174156427383, 0.001609496888704598, 0.0016530255088582635, 0.002708409447222948, 0.0016076508909463882, 0.0009747609728947282, 0.0008708630339242518, 0.0006374464137479663, 0.000661004742141813, 0.00031621844391338527, 0.00022036371228750795, 0.0001915143511723727, 0.0003031025407835841, 0.00030124522163532674, 0.00017841161752585322, 0.00014007675054017454, 2.5632020879129414e-06], "lowlevel.erbbands.mean": [0.5534061789512634, 2.663374423980713, 4.432532787322998, 3.717280626296997, 2.1348109245300293, 2.7670211791992188, 3.6194236278533936, 3.2146706581115723, 14.907548904418945, 25.381555557250977, 40.6376838684082, 68.32454681396484, 32.379451751708984, 37.94207000732422, 44.25426483154297, 29.244503021240234, 35.4757194519043, 55.199214935302734, 35.881168365478516, 22.409055709838867, 18.451828002929688, 16.253620147705078, 14.096044540405273, 10.369755744934082, 23.674774169921875, 6.334395885467529, 2.4020638465881348, 1.7681553363800049, 1.7476513385772705, 2.0778896808624268, 2.389580488204956, 1.7682454586029053, 1.1563597917556763, 0.5977078676223755, 0.32369980216026306, 0.17648592591285706, 0.06070989742875099, 0.006437397561967373, 0.00014069455210119486, 4.3996766180498526e-05], "lowlevel.erbbands.stdev": [1.0722030401229858, 8.004240036010742, 22.306476593017578, 20.323448181152344, 11.535836219787598, 10.233489990234375, 16.99559783935547, 8.844728469848633, 38.620201110839844, 45.27042007446289, 59.0749626159668, 122.17399597167969, 90.75558471679688, 117.31912231445312, 88.13774108886719, 66.15686798095703, 70.91111755371094, 147.874755859375, 89.79226684570312, 68.45880889892578, 54.663063049316406, 44.65171813964844, 36.622257232666016, 23.231842041015625, 39.30694580078125, 13.992477416992188, 8.991640090942383, 8.13459300994873, 6.8790693283081055, 7.46209192276001, 8.815852165222168, 7.013820648193359, 4.854248523712158, 2.34260630607605, 1.2133058309555054, 0.6798787713050842, 0.2520805597305298, 0.029092002660036087, 0.0005499447579495609, 6.253368337638676e-05], "lowlevel.gfcc.mean": [-104.27444458007812, 93.559326171875, -170.9442901611328, -11.688061714172363, -64.9985122680664, 2.549281120300293, -18.784770965576172, 25.989316940307617, -7.212930202484131, 12.327348709106445, 9.852672576904297, -10.561007499694824, -14.340418815612793], "lowlevel.melbands.mean": [0.004419694654643536, 0.0025924076326191425, 0.0005928068421781063, 0.00017146358732134104, 0.0001262040896108374, 7.175474456744269e-05, 0.00022797916608396918, 0.0003031826636288315, 0.00035585154546424747, 0.0004026487877126783, 0.00014899589587002993, 0.00015223400259856135, 0.0001393522252328694, 9.081979078473523e-05, 7.721639121882617e-05, 7.079210627125576e-05, 0.0001082451781257987, 5.671726103173569e-05, 3.393458973732777e-05, 2.5069291950785555e-05, 2.1457610273500904e-05, 1.6943293303484097e-05, 1.4828308849246241e-05, 1.1389226528990548e-05, 6.818252131779445e-06, 1.7344333173241466e-05, 1.2373709068924654e-05, 2.5091105726460228e-06, 1.3663312756762025e-06, 1.3327987744560232e-06, 9.230795399162162e-07, 9.482043878961122e-07, 9.897212294163182e-07, 1.2561353059936664e-06, 1.3966709957458079e-06, 1.2594055078807287e-06, 1.040021288645221e-06, 8.554125656701217e-07, 6.191027637214574e-07, 4.728050839730713e-07], "lowlevel.melbands.stdev": [0.0093965083360672, 0.010110572911798954, 0.0031908764503896236, 0.000700663251336664, 0.0005358126945793629, 0.00021068696514703333, 0.0005864990525878966, 0.0005216500721871853, 0.0005238244193606079, 0.0007198620005510747, 0.00045149069046601653, 0.0005059128161519766, 0.0003337225934956223, 0.00019440565665718168, 0.00017121309065259993, 0.0001578837400302291, 0.0003058029105886817, 0.00014941880363039672, 9.472515375819057e-05, 7.731514779152349e-05, 6.719609518768266e-05, 4.925038228975609e-05, 4.0028535295277834e-05, 3.4823184250853956e-05, 1.6942116417340003e-05, 3.134842336294241e-05, 2.16883508983301e-05, 8.131394679367077e-06, 5.251396032690536e-06, 5.7380211728741415e-06, 4.724473910755478e-06, 3.821080554189393e-06, 3.994209237134783e-06, 4.479744802665664e-06, 5.150106062501436e-06, 5.041578788222978e-06, 4.214789896650473e-06, 3.5402210869506234e-06, 2.747561893556849e-06, 1.8431469470669981e-06], "lowlevel.melbands128.mean": [0.0009490299853496253, 0.004710115026682615, 0.005977119319140911, 0.003781269770115614, 0.002520299283787608, 0.00162296905182302, 0.0007951765437610447, 0.00033299767528660595, 0.00017150236817542464, 0.0001903291849885136, 0.00014420654042623937, 0.00014117930550128222, 0.00014331725833471864, 7.63407806516625e-05, 5.97898724663537e-05, 6.202220538398251e-05, 0.00014218928117770702, 0.00036098682903684676, 0.00018461697618477046, 0.0002807991695590317, 0.00036811851896345615, 0.0003091297985520214, 0.0003132605052087456, 0.00041976041393354535, 0.0006117555312812328, 0.00031930566183291376, 0.00012997614976484329, 0.0001588114828336984, 9.829628834268078e-05, 0.00022930442355573177, 0.0001270645734621212, 9.927288920152932e-05, 0.00014064833521842957, 0.00019811731181107461, 7.576341886306182e-05, 7.798503065714613e-05, 7.350176747422665e-05, 4.797656220034696e-05, 0.00012474994582589716, 6.246468547033146e-05, 5.225141649134457e-05, 8.066043665166944e-05, 0.00014498284144792706, 0.00010788483632495627, 3.635888424469158e-05, 6.242973176995292e-05, 6.326712900772691e-05, 2.1778505470138043e-05, 2.874481833714526e-05, 3.54648036591243e-05, 2.1031844880781136e-05, 1.90566606761422e-05, 2.1639127226080745e-05, 2.3370552298729308e-05, 2.050323018920608e-05, 1.3913646398577839e-05, 1.4985203961259685e-05, 1.9987837731605396e-05, 1.1612020898610353e-05, 1.1983927834080532e-05, 1.4080294022278395e-05, 8.253471605712548e-06, 6.953245247132145e-06, 5.766816684626974e-06, 7.451236342603806e-06, 1.6926400348893367e-05, 2.437886541883927e-05, 2.055377626675181e-05, 7.829841706552543e-06, 4.4364805944496766e-06, 2.0888380731776124e-06, 1.940626361829345e-06, 1.2515353091657744e-06, 1.17259537546488e-06, 1.543038933959906e-06, 1.6319285123245209e-06, 1.0928034726020996e-06, 8.857652460392273e-07, 1.0547147439865512e-06, 6.96781171427574e-07, 9.284804036724381e-07, 1.0726834034358035e-06, 1.0005309150074027e-06, 9.236206892637711e-07, 1.0397412779639126e-06, 1.119377088798501e-06, 1.2886388276456273e-06, 1.5913642528175842e-06, 1.265202740796667e-06, 1.4343936527438927e-06, 1.4504782939184224e-06, 1.1634627981038648e-06, 1.0189070280830492e-06, 1.0566469654804678e-06, 1.0783941206682357e-06, 8.826654038784909e-07, 8.144387493302929e-07, 7.933296615192376e-07, 6.395036962203449e-07, 5.36934976480552e-07, 4.498110399708821e-07, 5.245594820735278e-07, 4.2216058204758156e-07, 3.045207961349661e-07, 3.4554415151433204e-07, 3.8855233697177027e-07, 3.5512505291990237e-07, 3.63414329740408e-07, 2.92566483039991e-07, 2.741351181612117e-07, 2.6281861664756434e-07, 2.012832140962928e-07, 2.1568268948612968e-07, 1.4733454634097143e-07, 1.3452442715333746e-07, 6.420913223337266e-08, 1.4224535327400645e-08, 3.585287344787247e-10, 8.110899972491037e-12, 6.9366435338780175e-12, 6.615638158818937e-12, 6.473087690861412e-12, 6.338699964220096e-12, 6.204850435537201e-12, 5.922553246440199e-12, 5.519058300651469e-12, 5.2918836847271056e-12, 5.2360893398883945e-12], "lowlevel.melbands128.stdev": [0.0016368547221645713, 0.008544020354747772, 0.014783304184675217, 0.01388529036194086, 0.013022486120462418, 0.008730107918381691, 0.004521241411566734, 0.002169043989852071, 0.00104196323081851, 0.0007687333854846656, 0.0005874101771041751, 0.0006766412407159805, 0.0007917968323454261, 0.0003641287621576339, 0.0002064241998596117, 0.00029644055757671595, 0.0004557833890430629, 0.0010291633661836386, 0.0005492061609402299, 0.000643242965452373, 0.000788287550676614, 0.0006693185423500836, 0.0006667690468020737, 0.0011048115557059646, 0.0013060891069471836, 0.0007597995572723448, 0.0005563755985349417, 0.0007384311757050455, 0.00040179872303269804, 0.0009346868027932942, 0.0005582941230386496, 0.0005308380350470543, 0.00048599543515592813, 0.0004245924938004464, 0.0002525246818549931, 0.00024982221657410264, 0.0002570452925283462, 0.00017096220108214766, 0.0003333127242513001, 0.00017324445070698857, 0.00018692536104936153, 0.0003343824064359069, 0.0005058825481683016, 0.00043545241351239383, 0.00015890656504780054, 0.00021434474911075085, 0.00022417513537220657, 8.93471878953278e-05, 0.0001258521224372089, 0.0001501408260082826, 8.662947948323563e-05, 7.561462552985176e-05, 8.512937347404659e-05, 8.958841499406844e-05, 7.537577039329335e-05, 5.277441960060969e-05, 4.876469392911531e-05, 6.240518268896267e-05, 4.123712642467581e-05, 3.7662917748093605e-05, 5.5336335208266973e-05, 3.150320117129013e-05, 1.9812590835499577e-05, 1.6641450201859698e-05, 2.085873347823508e-05, 4.0727500163484365e-05, 4.575047569232993e-05, 4.482869917410426e-05, 1.8500413716537878e-05, 1.4299426766228862e-05, 7.92758510215208e-06, 9.175256309390534e-06, 5.356139354262268e-06, 4.728538442577701e-06, 6.910820957273245e-06, 7.421346708724741e-06, 4.9424447752244305e-06, 4.846188403462293e-06, 6.447800842579454e-06, 3.219033033019514e-06, 4.366409484646283e-06, 4.492796051636105e-06, 4.099310899619013e-06, 4.069794613315025e-06, 4.876684670307441e-06, 4.165622613072628e-06, 4.567375526676187e-06, 6.637490514549427e-06, 4.856656232732348e-06, 5.809666163258953e-06, 6.397394827217795e-06, 4.825972155231284e-06, 4.944405645801453e-06, 4.607649316312745e-06, 4.150876520725433e-06, 3.6982082747272216e-06, 4.091095433977898e-06, 4.009148597106105e-06, 3.002278390340507e-06, 2.304271220054943e-06, 1.902056396829721e-06, 2.1565913357335376e-06, 1.7883390910355956e-06, 1.3269145711092278e-06, 1.5376449482573662e-06, 1.5511560604863917e-06, 1.357863311568508e-06, 1.5185506754278322e-06, 1.2765049177687615e-06, 1.1763478369175573e-06, 1.1609561170189409e-06, 8.952131338446634e-07, 1.0006976935983403e-06, 6.347828502839548e-07, 6.569160291292064e-07, 3.3736088767000183e-07, 9.614183227313333e-08, 7.770919907557072e-09, 4.5542420529232075e-11, 2.3913232505279325e-11, 2.317240496707562e-11, 2.2993346809885296e-11, 2.2830693932607282e-11, 2.1887472737014413e-11, 1.7508106076036256e-11, 1.1718659896631234e-11, 1.0393994692714514e-11, 1.0315756929224484e-11], "lowlevel.mfcc.mean": [-741.71337890625, 135.07374572753906, -48.22758483886719, -10.159902572631836, -19.618059158325195, -19.04973793029785, 1.4893622398376465, 3.763270139694214, -9.979615211486816, 27.071645736694336, 14.738633155822754, 9.84338092803955, 19.663249969482422], "lowlevel.spectral_contrast_coeffs.mean": [-0.7428742051124573, -0.649990975856781, -0.6988275647163391, -0.7443772554397583, -0.724831759929657, -0.7792555689811707], "lowlevel.spectral_contrast_coeffs.stdev": [0.09688330441713333, 0.07787848263978958, 0.0738489180803299, 0.06506069004535675, 0.06383216381072998, 0.03537963703274727], "lowlevel.spectral_contrast_valleys.mean": [-8.904335975646973, -7.398168087005615, -8.215187072753906, -8.452351570129395, -8.850805282592773, -12.040396690368652], "lowlevel.spectral_contrast_valleys.stdev": [2.1740665435791016, 0.9912300705909729, 1.3104013204574585, 1.3772597312927246, 1.3353089094161987, 1.8474116325378418], "rhythm.beats_loudness_band_ratio.mean": [0.40189042687416077, 0.03995142877101898, 0.282647967338562, 0.15993081033229828, 0.07720068097114563, 0.044805847108364105], "rhythm.beats_loudness_band_ratio.stdev": [0.3572665750980377, 0.08318367600440979, 0.30731046199798584, 0.13641126453876495, 0.08383872359991074, 0.046599630266427994], "tonal.hpcp.mean": [0.33360591530799866, 0.28557491302490234, 0.08399277925491333, 0.03057480975985527, 0.022964103147387505, 0.022834552451968193, 0.02885461039841175, 0.029800107702612877, 0.03732641041278839, 0.20103830099105835, 0.20185063779354095, 0.03858199715614319, 0.027291426435112953, 0.0272730253636837, 0.055625658482313156, 0.23950301110744476, 0.2627676725387573, 0.08619458228349686, 0.03571150451898575, 0.02232302725315094, 0.025786492973566055, 0.14962030947208405, 0.15991802513599396, 0.04135606810450554, 0.13214386999607086, 0.14363273978233337, 0.03903432562947273, 0.027930721640586853, 0.025419041514396667, 0.03198190778493881, 0.0665585994720459, 0.06866088509559631, 0.03375641629099846, 0.02639921009540558, 0.045369550585746765, 0.14469672739505768], "tonal.hpcp.stdev": [0.3886791467666626, 0.3426904082298279, 0.17547903954982758, 0.12703563272953033, 0.11098051071166992, 0.1057320311665535, 0.11807504296302795, 0.1136227399110794, 0.11503174155950546, 0.31624096632003784, 0.3188188672065735, 0.11112111806869507, 0.10343644767999649, 0.09824446588754654, 0.16454367339611053, 0.35253944993019104, 0.3799068033695221, 0.18353886902332306, 0.135548397898674, 0.09919245541095734, 0.07890050113201141, 0.28151553869247437, 0.2971157729625702, 0.12279341369867325, 0.2768746018409729, 0.29829949140548706, 0.1043873205780983, 0.10654444247484207, 0.10366272181272507, 0.11458641290664673, 0.1540154665708542, 0.17188459634780884, 0.1168534979224205, 0.11195818334817886, 0.1552020162343979, 0.267303466796875], "rhythm.beats_position": [0.7778684496879578, 1.5557368993759155, 2.321995496749878, 3.076643943786621, 3.8312923908233643, 4.574330806732178, 5.3289794921875, 6.083628177642822, 6.826666355133057, 7.569705009460449, 8.324353218078613, 9.079002380371094, 9.833650588989258, 10.588298797607422, 11.331337928771973, 12.085986137390137, 12.8406343460083, 13.583673477172852, 14.338321685791016, 15.09296989440918, 15.83600902557373, 16.59065818786621, 17.345306396484375, 18.08834457397461, 18.831382751464844, 19.586030960083008, 20.340679168701172, 21.08371925354004, 21.826757431030273, 22.581405639648438, 23.3360538482666, 24.090702056884766, 24.84535026550293, 25.588390350341797, 26.33142852783203, 27.086076736450195, 27.84072494506836, 28.583763122558594, 29.338411331176758, 30.093061447143555, 30.83609962463379, 31.590747833251953, 32.34539794921875, 33.088436126708984, 33.83147430419922, 34.58612060546875, 35.34077072143555, 36.08380889892578, 36.826847076416016, 37.58149719238281, 38.336143493652344, 39.09079360961914, 39.84543991088867], "rhythm.bpm_histogram": [0.0, 0.0, 0.0, 0.0, 0.0, 0.0, 0.0, 0.0, 0.0, 0.0, 0.0, 0.0, 0.0, 0.0, 0.0, 0.0, 0.0, 0.0, 0.0, 0.0, 0.0, 0.0, 0.0, 0.0, 0.0, 0.0, 0.0, 0.0, 0.0, 0.0, 0.0, 0.0, 0.0, 0.0, 0.0, 0.0, 0.0, 0.0, 0.0, 0.0, 0.0, 0.0, 0.0, 0.0, 0.0, 0.0, 0.0, 0.0, 0.0, 0.0, 0.0, 0.0, 0.0, 0.0, 0.0, 0.0, 0.0, 0.0, 0.0, 0.0, 0.0, 0.0, 0.0, 0.0, 0.0, 0.0, 0.0, 0.0, 0.0, 0.0, 0.0, 0.0, 0.0, 0.0, 0.0, 0.0, 0.0, 0.01923076994717121, 0.01923076994717121, 0.0, 0.6153846383094788, 0.3461538553237915, 0.0, 0.0, 0.0, 0.0, 0.0, 0.0, 0.0, 0.0, 0.0, 0.0, 0.0, 0.0, 0.0, 0.0, 0.0, 0.0, 0.0, 0.0, 0.0, 0.0, 0.0, 0.0, 0.0, 0.0, 0.0, 0.0, 0.0, 0.0, 0.0, 0.0, 0.0, 0.0, 0.0, 0.0, 0.0, 0.0, 0.0, 0.0, 0.0, 0.0, 0.0, 0.0, 0.0, 0.0, 0.0, 0.0, 0.0, 0.0, 0.0, 0.0, 0.0, 0.0, 0.0, 0.0, 0.0, 0.0, 0.0, 0.0, 0.0, 0.0, 0.0, 0.0, 0.0, 0.0, 0.0, 0.0, 0.0, 0.0, 0.0, 0.0, 0.0, 0.0, 0.0, 0.0, 0.0, 0.0, 0.0, 0.0, 0.0, 0.0, 0.0, 0.0, 0.0, 0.0, 0.0, 0.0, 0.0, 0.0, 0.0, 0.0, 0.0, 0.0, 0.0, 0.0, 0.0, 0.0, 0.0, 0.0, 0.0, 0.0, 0.0, 0.0, 0.0, 0.0, 0.0, 0.0, 0.0, 0.0, 0.0, 0.0, 0.0, 0.0, 0.0, 0.0, 0.0, 0.0, 0.0, 0.0, 0.0, 0.0, 0.0, 0.0, 0.0, 0.0, 0.0, 0.0, 0.0, 0.0, 0.0, 0.0, 0.0, 0.0, 0.0, 0.0, 0.0, 0.0, 0.0, 0.0, 0.0, 0.0, 0.0, 0.0, 0.0, 0.0, 0.0, 0.0, 0.0, 0.0, 0.0, 0.0, 0.0, 0.0, 0.0, 0.0, 0.0, 0.0, 0.0, 0.0, 0.0, 0.0, 0.0, 0.0, 0.0, 0.0, 0.0, 0.0, 0.0, 0.0], "tonal.chords_histogram": [39.23611068725586, 6.828703880310059, 47.22222137451172, 0.11574073880910873, 0.0, 1.0416666269302368, 0.0, 0.23148147761821747, 0.0, 0.0, 0.0, 0.0, 0.0, 0.0, 0.0, 0.0, 0.0, 0.0, 0.0, 0.0, 0.0, 0.0, 0.0, 5.3240742683410645], "tonal.thpcp": [1.0, 0.8560247421264648, 0.2517724633216858, 0.09164948016405106, 0.0688360184431076, 0.06844768673181534, 0.0864931046962738, 0.08932727575302124, 0.11188773810863495, 0.6026220917701721, 0.6050571203231812, 0.11565142124891281, 0.08180738240480423, 0.0817522257566452, 0.16674062609672546, 0.7179219722747803, 0.7876589298248291, 0.2583724558353424, 0.10704697668552399, 0.06691436469554901, 0.07729627192020416, 0.44849416613578796, 0.4793620705604553, 0.12396682798862457, 0.3961077034473419, 0.4305461347103119, 0.1170072928071022, 0.08372370153665543, 0.07619481533765793, 0.0958673283457756, 0.19951264560222626, 0.20581434667110443, 0.10118650645017624, 0.07913292199373245, 0.1359974443912506, 0.4337354898452759], "lowlevel.gfcc.cov": [[15824.2119140625, -269.8453674316406, 4647.21240234375, 3263.6982421875, 2434.06298828125, 3085.5322265625, -716.372802734375, 1052.3790283203125, -753.9864501953125, -154.9562530517578, -1031.4869384765625, 1043.1719970703125, -188.28147888183594], [-269.8453674316406, 2354.42822265625, 708.457275390625, 655.9207153320312, 1001.8386840820312, -16.956804275512695, 480.935302734375, 7.401182174682617, 244.7957305908203, -201.36676025390625, 272.0790100097656, -300.0849914550781, 86.2822036743164], [4647.21240234375, 708.457275390625, 3005.269287109375, 1940.2083740234375, 1400.963134765625, 1334.6549072265625, 22.422794342041016, 478.3753356933594, -101.11150360107422, 8.173672676086426, -353.9071350097656, 319.94366455078125, -53.28865432739258], [3263.6982421875, 655.9207153320312, 1940.2083740234375, 1574.232421875, 1050.7628173828125, 873.1890869140625, 76.62445068359375, 346.569091796875, 8.66443920135498, -25.27136993408203, -156.6187286376953, 194.6728057861328, 1.901995062828064], [2434.06298828125, 1001.8386840820312, 1400.963134765625, 1050.7628173828125, 1257.5498046875, 746.71240234375, 243.63082885742188, 320.9747009277344, 49.95955276489258, -33.31429672241211, -47.98126983642578, 107.07870483398438, -13.509803771972656], [3085.5322265625, -16.956804275512695, 1334.6549072265625, 873.1890869140625, 746.71240234375, 1009.3510131835938, 67.53529357910156, 373.0903015136719, -82.79052734375, 56.00310134887695, -197.23765563964844, 237.73558044433594, -70.06953430175781], [-716.372802734375, 480.935302734375, 22.422794342041016, 76.62445068359375, 243.63082885742188, 67.53529357910156, 565.6310424804688, 151.1078338623047, 203.002197265625, 53.554054260253906, 190.56253051757812, -128.93238830566406, -21.34389877319336], [1052.3790283203125, 7.401182174682617, 478.3753356933594, 346.569091796875, 320.9747009277344, 373.0903015136719, 151.1078338623047, 359.8708190917969, 78.27437591552734, 45.86941146850586, -40.0709228515625, 90.51171875, -9.05046272277832], [-753.9864501953125, 244.7957305908203, -101.11150360107422, 8.66443920135498, 49.95955276489258, -82.79052734375, 203.002197265625, 78.27437591552734, 272.25836181640625, 69.68755340576172, 110.95264434814453, -51.3472900390625, 46.838619232177734], [-154.9562530517578, -201.36676025390625, 8.173672676086426, -25.27136993408203, -33.31429672241211, 56.00310134887695, 53.554054260253906, 45.86941146850586, 69.68755340576172, 195.16366577148438, 60.847774505615234, 66.21116638183594, -0.03982051834464073], [-1031.4869384765625, 272.0790100097656, -353.9071350097656, -156.6187286376953, -47.98126983642578, -197.23765563964844, 190.56253051757812, -40.0709228515625, 110.95264434814453, 60.847774505615234, 263.5047912597656, -57.882999420166016, 27.318052291870117], [1043.1719970703125, -300.0849914550781, 319.94366455078125, 194.6728057861328, 107.07870483398438, 237.73558044433594, -128.93238830566406, 90.51171875, -51.3472900390625, 66.21116638183594, -57.882999420166016, 270.09515380859375, 44.26606369018555], [-188.28147888183594, 86.2822036743164, -53.28865432739258, 1.901995062828064, -13.509803771972656, -70.06953430175781, -21.34389877319336, -9.05046272277832, 46.838619232177734, -0.03982051834464073, 27.318052291870117, 44.26606369018555, 118.36546325683594]], "lowlevel.gfcc.icov": [[0.00028708711033686996, -0.000139609444886446, 0.00022717929095961154, -0.00037462127511389554, -1.6403415429522283e-05, -0.0005284765502437949, 0.000288483191980049, -0.00026356070884503424, 0.0004088912974111736, 5.048297316534445e-05, 0.00038451829459518194, -0.00046809224295429885, 0.0003084034251514822], [-0.000139609444886446, 0.002832486294209957, -0.0014188754139468074, 0.0009454425307922065, -0.0024717897176742554, 0.0012325717834755778, -0.00014375643513631076, 0.0010885557858273387, -0.0011978100519627333, 0.002404505852609873, -0.0032152787316590548, 0.00302619650028646, -0.00235080742277205], [0.00022717929095961154, -0.0014188754139468074, 0.0033360000234097242, -0.003029309445992112, 0.0006235630135051906, -0.0013576489873230457, -5.3827534429728985e-05, -0.0004151002794969827, 0.0014005070552229881, -0.0021406603045761585, 0.003440032247453928, -0.0018830772023648024, 0.0015276166377589107], [-0.00037462127511389554, 0.0009454425307922065, -0.003029309445992112, 0.004757443908601999, -0.0011991384672001004, 0.00047413024003617465, 0.000295537116471678, 0.00038900948129594326, -0.0018890206702053547, 0.0019377985736355186, -0.002837371313944459, 0.0015583578497171402, -0.0016782734310254455], [-1.6403415429522283e-05, -0.0024717897176742554, 0.0006235630135051906, -0.0011991384672001004, 0.004772214684635401, -0.0018999726744368672, -0.0004720345314126462, -0.0008263944182544947, 0.0004272699588909745, -0.0009217304177582264, 0.0016182726249098778, -0.0023469491861760616, 0.001682183938100934], [-0.0005284765502437949, 0.0012325717834755778, -0.0013576489873230457, 0.00047413024003617465, -0.0018999726744368672, 0.00607097614556551, -0.0015132908010855317, -0.0011156650725752115, 0.000605969806201756, -0.0006476363050751388, 8.280838665086776e-05, -3.836909309029579e-05, 0.0004161069227848202], [0.000288483191980049, -0.00014375643513631076, -5.3827534429728985e-05, 0.000295537116471678, -0.0004720345314126462, -0.0015132908010855317, 0.004919585306197405, -0.0016424973728135228, -0.0013553928583860397, 0.00018994539277628064, -0.002767234342172742, 0.001968823838979006, 0.0007852790877223015], [-0.00026356070884503424, 0.0010885557858273387, -0.0004151002794969827, 0.00038900948129594326, -0.0008263944182544947, -0.0011156650725752115, -0.0016424973728135228, 0.006722009740769863, -0.002836085855960846, 0.0011376503389328718, -0.0002573163073975593, -3.927932630176656e-05, -0.0007461078930646181], [0.0004088912974111736, -0.0011978100519627333, 0.0014005070552229881, -0.0018890206702053547, 0.0004272699588909745, 0.000605969806201756, -0.0013553928583860397, -0.002836085855960846, 0.008857964538037777, -0.003984265960752964, 0.0019967611879110336, -0.00023144031001720577, -0.0017501781694591045], [5.048297316534445e-05, 0.002404505852609873, -0.0021406603045761585, 0.0019377985736355186, -0.0009217304177582264, -0.0006476363050751388, 0.00018994539277628064, 0.0011376503389328718, -0.003984265960752964, 0.010978692211210728, -0.005562255624681711, -0.0003753607743419707, -3.0251656426116824e-05], [0.00038451829459518194, -0.0032152787316590548, 0.003440032247453928, -0.002837371313944459, 0.0016182726249098778, 8.280838665086776e-05, -0.002767234342172742, -0.0002573163073975593, 0.0019967611879110336, -0.005562255624681711, 0.013005581684410572, -0.004882612265646458, 0.002297145314514637], [-0.00046809224295429885, 0.00302619650028646, -0.0018830772023648024, 0.0015583578497171402, -0.0023469491861760616, -3.836909309029579e-05, 0.001968823838979006, -3.927932630176656e-05, -0.00023144031001720577, -0.0003753607743419707, -0.004882612265646458, 0.012054473161697388, -0.007051670923829079], [0.0003084034251514822, -0.00235080742277205, 0.0015276166377589107, -0.0016782734310254455, 0.001682183938100934, 0.0004161069227848202, 0.0007852790877223015, -0.0007461078930646181, -0.0017501781694591045, -3.0251656426116824e-05, 0.002297145314514637, -0.007051670923829079, 0.014689738862216473]], "lowlevel.mfcc.cov": [[13571.509765625, -713.8641357421875, 2956.732177734375, 1252.736572265625, 3342.313232421875, 1785.3101806640625, 1102.3524169921875, 1728.196533203125, 443.3020324707031, -104.20394897460938, -398.8260803222656, -467.429443359375, -803.4490356445312], [-713.8641357421875, 1965.1624755859375, 68.50017547607422, 618.7501220703125, 487.16424560546875, 204.11204528808594, 332.66473388671875, 250.6559295654297, 36.82998275756836, 310.3647155761719, 75.65415954589844, -104.95679473876953, 109.5201416015625], [2956.732177734375, 68.50017547607422, 1836.83203125, 918.6420288085938, 1210.947265625, 783.2909545898438, 445.8118896484375, 530.3628540039062, 376.27587890625, 61.53125, -72.50321197509766, -47.376060485839844, -89.82698059082031], [1252.736572265625, 618.7501220703125, 918.6420288085938, 947.083251953125, 843.76171875, 499.4382019042969, 334.6365966796875, 374.17950439453125, 244.75064086914062, 133.470703125, -2.3900809288024902, -7.264031410217285, 63.036888122558594], [3342.313232421875, 487.16424560546875, 1210.947265625, 843.76171875, 1523.729248046875, 754.1016235351562, 498.23126220703125, 662.1176147460938, 255.0924530029297, 106.6565933227539, -70.30034637451172, -115.36480712890625, -142.9495391845703], [1785.3101806640625, 204.11204528808594, 783.2909545898438, 499.4382019042969, 754.1016235351562, 623.6095581054688, 385.8194885253906, 360.1617126464844, 196.37380981445312, 68.32974243164062, 56.12500762939453, 26.299089431762695, -67.41947174072266], [1102.3524169921875, 332.66473388671875, 445.8118896484375, 334.6365966796875, 498.23126220703125, 385.8194885253906, 492.5108642578125, 371.70159912109375, 108.85795593261719, 156.44908142089844, 123.15140533447266, 16.829858779907227, -32.017642974853516], [1728.196533203125, 250.6559295654297, 530.3628540039062, 374.17950439453125, 662.1176147460938, 360.1617126464844, 371.70159912109375, 546.1903686523438, 184.3564453125, 145.74598693847656, 54.31388854980469, -34.34358596801758, -67.97003936767578], [443.3020324707031, 36.82998275756836, 376.27587890625, 244.75064086914062, 255.0924530029297, 196.37380981445312, 108.85795593261719, 184.3564453125, 317.4286193847656, 114.11981964111328, 43.7895393371582, 48.84675598144531, 26.69744110107422], [-104.20394897460938, 310.3647155761719, 61.53125, 133.470703125, 106.6565933227539, 68.32974243164062, 156.44908142089844, 145.74598693847656, 114.11981964111328, 271.9521789550781, 119.50357055664062, 12.282549858093262, 44.61723709106445], [-398.8260803222656, 75.65415954589844, -72.50321197509766, -2.3900809288024902, -70.30034637451172, 56.12500762939453, 123.15140533447266, 54.31388854980469, 43.7895393371582, 119.50357055664062, 227.97543334960938, 124.58525085449219, 49.749473571777344], [-467.429443359375, -104.95679473876953, -47.376060485839844, -7.264031410217285, -115.36480712890625, 26.299089431762695, 16.829858779907227, -34.34358596801758, 48.84675598144531, 12.282549858093262, 124.58525085449219, 216.89385986328125, 122.88607025146484], [-803.4490356445312, 109.5201416015625, -89.82698059082031, 63.036888122558594, -142.9495391845703, -67.41947174072266, -32.017642974853516, -67.97003936767578, 26.69744110107422, 44.61723709106445, 49.749473571777344, 122.88607025146484, 267.5257568359375]], "lowlevel.mfcc.icov": [[0.0003203098603989929, 0.0002626574714668095, -3.0791783501626924e-05, 0.00013505095557775348, -0.000428416853537783, -0.00034414822584949434, 2.0446352209546603e-05, -0.0005420960369519889, 0.0002225367643404752, 1.4474274394160602e-05, 0.00034118915209546685, 0.00018909199570771307, 0.00018642541544977576], [0.0002626574714668095, 0.0012721503153443336, 0.0005420538946054876, -0.0008193266694433987, -0.0005828400026075542, -0.00029938897932879627, -0.00040910200914368033, -0.00014121913409326226, 0.0004548562574200332, -0.0007167953881435096, 0.00014416416524909437, 0.0009999626781791449, -0.0002406103303655982], [-3.0791783501626924e-05, 0.0005420538946054876, 0.0020745659712702036, -0.0012228662380948663, -0.0004104874678887427, -0.000981417135335505, -0.0003832605143543333, 0.0003150713164359331, -0.0008096168166957796, 3.742496483027935e-05, 0.0005484728026203811, 0.0004520257352851331, 2.7732612579711713e-06], [0.00013505095557775348, -0.0008193266694433987, -0.0012228662380948663, 0.004037147853523493, -0.0010049199918285012, -0.0006372397765517235, 0.00017077781376428902, -0.00018254983297083527, -0.0004734759568236768, 0.00012418217374943197, 0.00030626001534983516, -4.6152996219461784e-05, -0.0013535754987969995], [-0.000428416853537783, -0.0005828400026075542, -0.0004104874678887427, -0.0010049199918285012, 0.004088839516043663, -0.001879110699519515, 0.0007486305548809469, -0.0016800941666588187, 0.0004742076271213591, -0.00029522200929932296, 0.0010947459377348423, -0.00012907222844660282, 0.0002825453120749444], [-0.00034414822584949434, -0.00029938897932879627, -0.000981417135335505, -0.0006372397765517235, -0.001879110699519515, 0.008390006609261036, -0.0035003582015633583, 0.0020830542780458927, -0.0016817449359223247, 0.0016851617256179452, -0.0018777198856696486, -0.001869834028184414, 0.001225087558850646], [2.0446352209546603e-05, -0.00040910200914368033, -0.0003832605143543333, 0.00017077781376428902, 0.0007486305548809469, -0.0035003582015633583, 0.0075751920230686665, -0.003519289894029498, 0.00212847045622766, -0.0015116649447008967, -0.001773654599674046, 0.00012635698658414185, -9.819555998547003e-05], [-0.0005420960369519889, -0.00014121913409326226, 0.0003150713164359331, -0.00018254983297083527, -0.0016800941666588187, 0.0020830542780458927, -0.003519289894029498, 0.007535626646131277, -0.002318484475836158, -0.00037593228626064956, -0.001329743186943233, 0.00042874168138951063, 4.3564279621932656e-05], [0.0002225367643404752, 0.0004548562574200332, -0.0008096168166957796, -0.0004734759568236768, 0.0004742076271213591, -0.0016817449359223247, 0.00212847045622766, -0.002318484475836158, 0.0065168701112270355, -0.002908246358856559, 0.0010267146863043308, -0.001563220750540495, 0.0001789072557585314], [1.4474274394160602e-05, -0.0007167953881435096, 3.742496483027935e-05, 0.00012418217374943197, -0.00029522200929932296, 0.0016851617256179452, -0.0015116649447008967, -0.00037593228626064956, -0.002908246358856559, 0.008479367010295391, -0.004507760051637888, 0.0028968730475753546, -0.0013056107563897967], [0.00034118915209546685, 0.00014416416524909437, 0.0005484728026203811, 0.00030626001534983516, 0.0010947459377348423, -0.0018777198856696486, -0.001773654599674046, -0.001329743186943233, 0.0010267146863043308, -0.004507760051637888, 0.01254988182336092, -0.006651400588452816, 0.002010110765695572], [0.00018909199570771307, 0.0009999626781791449, 0.0004520257352851331, -4.6152996219461784e-05, -0.00012907222844660282, -0.001869834028184414, 0.00012635698658414185, 0.00042874168138951063, -0.001563220750540495, 0.0028968730475753546, -0.006651400588452816, 0.012655997648835182, -0.004998629912734032], [0.00018642541544977576, -0.0002406103303655982, 2.7732612579711713e-06, -0.0