{"song_id": "1183710826968911946", "download": "https://cdn.discordapp.com/attachments/1135903449314238464/1183710826968911946/chirp.mp4?ex=6589539d&amp", "lyrics": "[verse]\nIn a little town, out in the wild\nThere's a place where dreams run free and wild\nWhere Samoyeds chase raccoons in the moonlight\nAnd Alpacas graze under a starry sky\n\n[chorus]\nWe're howlin' with the Samoyeds, dancin' with raccoons\nIn this country town, where love always blooms\nWhere Alpacas roam, their fur so fine\nThis ain't just a place, it's a state of mind", "style": ["death metal"], "essentia_features": {"lowlevel.average_loudness": 0.8629523515701294, "lowlevel.barkbands_crest.mean": 11.75579833984375, "lowlevel.barkbands_crest.stdev": 4.1949076652526855, "lowlevel.barkbands_flatness_db.mean": 0.19620417058467865, "lowlevel.barkbands_flatness_db.stdev": 0.057147346436977386, "lowlevel.barkbands_kurtosis.mean": 6.086443901062012, "lowlevel.barkbands_kurtosis.stdev": 7.955005168914795, "lowlevel.barkbands_skewness.mean": 1.6562573909759521, "lowlevel.barkbands_skewness.stdev": 1.38037109375, "lowlevel.barkbands_spread.mean": 16.682924270629883, "lowlevel.barkbands_spread.stdev": 18.358020782470703, "lowlevel.dissonance.mean": 0.4355374276638031, "lowlevel.dissonance.stdev": 0.041675541549921036, "lowlevel.dynamic_complexity": 5.780730724334717, "lowlevel.erbbands_crest.mean": 11.836440086364746, "lowlevel.erbbands_crest.stdev": 6.118644714355469, "lowlevel.erbbands_flatness_db.mean": 0.2183651179075241, "lowlevel.erbbands_flatness_db.stdev": 0.0719151496887207, "lowlevel.erbbands_kurtosis.mean": 1.4612081050872803, "lowlevel.erbbands_kurtosis.stdev": 3.476566791534424, "lowlevel.erbbands_skewness.mean": 0.6412810683250427, "lowlevel.erbbands_skewness.stdev": 0.940700352191925, "lowlevel.erbbands_spread.mean": 32.94196701049805, "lowlevel.erbbands_spread.stdev": 25.724735260009766, "lowlevel.hfc.mean": 14.369132995605469, "lowlevel.hfc.stdev": 20.1636905670166, "lowlevel.loudness_ebu128.integrated": -17.766921997070312, "lowlevel.loudness_ebu128.loudness_range": 6.052312850952148, "lowlevel.loudness_ebu128.momentary.mean": -20.34117317199707, "lowlevel.loudness_ebu128.momentary.stdev": 5.16239595413208, "lowlevel.loudness_ebu128.short_term.mean": -18.778501510620117, "lowlevel.loudness_ebu128.short_term.stdev": 2.5177838802337646, "lowlevel.melbands_crest.mean": 14.55770492553711, "lowlevel.melbands_crest.stdev": 4.64378023147583, "lowlevel.melbands_flatness_db.mean": 0.23780345916748047, "lowlevel.melbands_flatness_db.stdev": 0.0604456327855587, "lowlevel.melbands_kurtosis.mean": 12.123957633972168, "lowlevel.melbands_kurtosis.stdev": 12.58592700958252, "lowlevel.melbands_skewness.mean": 2.3292088508605957, "lowlevel.melbands_skewness.stdev": 1.6253116130828857, "lowlevel.melbands_spread.mean": 18.92675018310547, "lowlevel.melbands_spread.stdev": 18.993452072143555, "lowlevel.pitch_salience.mean": 0.5763208866119385, "lowlevel.pitch_salience.stdev": 0.10842523723840714, "lowlevel.silence_rate_20dB.mean": 1.0, "lowlevel.silence_rate_20dB.stdev": 0.0, "lowlevel.silence_rate_30dB.mean": 1.0, "lowlevel.silence_rate_30dB.stdev": 0.0, "lowlevel.silence_rate_60dB.mean": 0.3373190760612488, "lowlevel.silence_rate_60dB.stdev": 0.47279229760169983, "lowlevel.spectral_centroid.mean": 1082.43017578125, "lowlevel.spectral_centroid.stdev": 665.0586547851562, "lowlevel.spectral_complexity.mean": 9.083700180053711, "lowlevel.spectral_complexity.stdev": 5.324454307556152, "lowlevel.spectral_decrease.mean": -3.1300342318019148e-09, "lowlevel.spectral_decrease.stdev": 3.801388093194191e-09, "lowlevel.spectral_energy.mean": 0.013116816058754921, "lowlevel.spectral_energy.stdev": 0.01607000082731247, "lowlevel.spectral_energyband_high.mean": 0.00025584615650586784, "lowlevel.spectral_energyband_high.stdev": 0.0004405308573041111, "lowlevel.spectral_energyband_low.mean": 0.00029206706676632166, "lowlevel.spectral_energyband_low.stdev": 0.0004551802121568471, "lowlevel.spectral_energyband_middle_high.mean": 0.007057933136820793, "lowlevel.spectral_energyband_middle_high.stdev": 0.013537315651774406, "lowlevel.spectral_energyband_middle_low.mean": 0.005983259528875351, "lowlevel.spectral_energyband_middle_low.stdev": 0.007255238480865955, "lowlevel.spectral_entropy.mean": 7.056191444396973, "lowlevel.spectral_entropy.stdev": 0.5864185690879822, "lowlevel.spectral_flux.mean": 0.056100450456142426, "lowlevel.spectral_flux.stdev": 0.05436944589018822, "lowlevel.spectral_kurtosis.mean": 6.757376194000244, "lowlevel.spectral_kurtosis.stdev": 4.79943323135376, "lowlevel.spectral_rms.mean": 0.002991936169564724, "lowlevel.spectral_rms.stdev": 0.0019609136506915092, "lowlevel.spectral_rolloff.mean": 1664.0762939453125, "lowlevel.spectral_rolloff.stdev": 2191.8828125, "lowlevel.spectral_skewness.mean": 1.8279622793197632, "lowlevel.spectral_skewness.stdev": 0.6592525243759155, "lowlevel.spectral_spread.mean": 4330004.5, "lowlevel.spectral_spread.stdev": 2619249.0, "lowlevel.spectral_strongpeak.mean": 1.5197807550430298, "lowlevel.spectral_strongpeak.stdev": 2.174647569656372, "lowlevel.zerocrossingrate.mean": 0.06093866750597954, "lowlevel.zerocrossingrate.stdev": 0.05151011422276497, "metadata.audio_properties.analysis.equal_loudness": 0.0, "metadata.audio_properties.analysis.length": 36.86294937133789, "metadata.audio_properties.analysis.sample_rate": 44100.0, "metadata.audio_properties.analysis.start_time": 0.0, "metadata.audio_properties.bit_rate": 116507.0, "metadata.audio_properties.length": 36.86399841308594, "metadata.audio_properties.lossless": 0.0, "metadata.audio_properties.number_channels": 1.0, "metadata.audio_properties.replay_gain": -11.32612419128418, "metadata.audio_properties.sample_rate": 48000.0, "rhythm.beats_count": 59.0, "rhythm.beats_loudness.mean": 0.022246278822422028, "rhythm.beats_loudness.stdev": 0.01847122423350811, "rhythm.bpm": 98.40667724609375, "rhythm.bpm_histogram_first_peak_bpm": 98.0, "rhythm.bpm_histogram_first_peak_weight": 0.21568626165390015, "rhythm.bpm_histogram_second_peak_bpm": 88.0, "rhythm.bpm_histogram_second_peak_spread": 0.285714328289032, "rhythm.bpm_histogram_second_peak_weight": 0.08620689809322357, "rhythm.danceability": 1.0606951713562012, "rhythm.onset_rate": 4.175150394439697, "tonal.chords_changes_rate": 0.03270440176129341, "tonal.chords_number_rate": 0.007547169923782349, "tonal.chords_strength.mean": 0.560849130153656, "tonal.chords_strength.stdev": 0.07300519198179245, "tonal.hpcp_crest.mean": 18.13861846923828, "tonal.hpcp_crest.stdev": 7.892722129821777, "tonal.hpcp_entropy.mean": 1.4672067165374756, "tonal.hpcp_entropy.stdev": 0.6725643873214722, "tonal.key_edma.strength": 0.7463746666908264, "tonal.key_krumhansl.strength": 0.7457621097564697, "tonal.key_temperley.strength": 0.7455792427062988, "tonal.tuning_diatonic_strength": 0.625765323638916, "tonal.tuning_equal_tempered_deviation": 0.04915238916873932, "tonal.tuning_frequency": 441.5275573730469, "tonal.tuning_nontempered_energy_ratio": 0.6423182487487793, "lowlevel.barkbands.mean": [1.367579102407035e-06, 2.1805695723742247e-05, 0.00014307411038316786, 0.0004212566709611565, 0.0012363606365397573, 0.0011852281168103218, 0.000705952406860888, 0.0007992920582182705, 0.0009539132588542998, 0.0011771778808906674, 0.0018449760973453522, 0.0014820038340985775, 0.0004370488750282675, 0.0005219584563747048, 0.0008588467608205974, 0.0003099352470599115, 0.00022984013776294887, 0.00015426646859850734, 0.000266303337411955, 0.0002144277677871287, 4.733295281766914e-05, 1.4008862308401149e-05, 2.1402685888460837e-05, 2.598082210170105e-05, 3.101475886069238e-05, 1.1915041795873549e-05, 1.1683745526624989e-07], "lowlevel.barkbands.stdev": [3.5981597648060415e-06, 6.918422150192782e-05, 0.00020346570818219334, 0.0008422548417001963, 0.0016250103944912553, 0.001816983218304813, 0.0022369963116943836, 0.003174238372594118, 0.003994165454059839, 0.0040939003229141235, 0.006336142309010029, 0.006373214069753885, 0.001967252464964986, 0.0023801601491868496, 0.0030616058502346277, 0.0011252784170210361, 0.0008263388881459832, 0.0005950927734375, 0.0007520060753449798, 0.00048661313485354185, 0.00012568308738991618, 4.704239108832553e-05, 7.340159936575219e-05, 8.683479973115027e-05, 0.00010007023229263723, 4.327899296185933e-05, 9.177343827104778e-07], "lowlevel.erbbands.mean": [0.00026875382172875106, 0.00823201797902584, 0.12113463878631592, 0.745771586894989, 2.0546107292175293, 4.8729376792907715, 6.19866418838501, 11.604939460754395, 10.610316276550293, 14.073188781738281, 15.153580665588379, 24.549301147460938, 41.51112747192383, 35.162235260009766, 90.82299041748047, 59.90487289428711, 22.703678131103516, 29.036222457885742, 42.06263732910156, 30.360271453857422, 17.741180419921875, 11.933347702026367, 7.7863969802856445, 14.186010360717773, 11.07642650604248, 9.777612686157227, 4.557920932769775, 1.0683622360229492, 0.5378881692886353, 0.5019235610961914, 0.6365079283714294, 0.5148886442184448, 0.460940957069397, 0.369949072599411, 0.20299136638641357, 0.07565844804048538, 0.017573025077581406, 0.001615198445506394, 4.278550477465615e-05, 1.7982278222916648e-05], "lowlevel.erbbands.stdev": [0.0007385798962786794, 0.02124074473977089, 0.17601369321346283, 1.344801902770996, 3.392681121826172, 6.5173139572143555, 10.637542724609375, 18.626049041748047, 25.475305557250977, 44.666526794433594, 69.07284545898438, 99.49736785888672, 132.38841247558594, 164.3513946533203, 296.5326843261719, 278.8671875, 82.95559692382812, 115.17366790771484, 164.02040100097656, 112.6754150390625, 56.80769729614258, 43.064205169677734, 27.466796875, 44.03561782836914, 32.34722137451172, 22.493480682373047, 10.900091171264648, 2.6052777767181396, 1.6283550262451172, 1.625393033027649, 2.3357789516448975, 1.7346900701522827, 1.559971809387207, 1.2312544584274292, 0.6774066686630249, 0.26514676213264465, 0.06982006877660751, 0.006778777576982975, 0.0001387004303978756, 2.017058250203263e-05], "lowlevel.gfcc.mean": [-99.9935302734375, 97.85415649414062, -136.18455505371094, 8.273265838623047, -73.1091537475586, -3.3688771724700928, -52.17424392700195, -8.403485298156738, -46.54485321044922, -6.445333003997803, -17.912439346313477, -7.511592864990234, -3.322880506515503], "lowlevel.melbands.mean": [3.906572146661347e-06, 4.957563214702532e-05, 0.00017751527775544673, 0.0002313377772225067, 0.0002381928643444553, 0.0002509159385226667, 0.0001637431123526767, 0.0001650057965889573, 0.00010715125972637907, 0.00016803439939394593, 0.00020281648903619498, 0.0001236976677319035, 0.0002590258663985878, 0.0002196417044615373, 7.686671597184613e-05, 4.522443487076089e-05, 5.53371173737105e-05, 6.536268483614549e-05, 4.957929195370525e-05, 3.1445226341020316e-05, 1.9158967916155234e-05, 1.4840279618510976e-05, 7.185874437709572e-06, 6.051148375263438e-06, 1.2371733646432403e-05, 8.389212780457456e-06, 7.122436727513559e-06, 6.351553565764334e-06, 3.623520115070278e-06, 1.195151867250388e-06, 4.15868868230973e-07, 3.0368701686711574e-07, 2.5216954213647114e-07, 2.913985497343674e-07, 3.732485538421315e-07, 3.3697230605866935e-07, 3.1454968052457843e-07, 3.2099683267006185e-07, 3.149137626223819e-07, 3.171301727888931e-07], "lowlevel.melbands.stdev": [1.1620697478065267e-05, 7.341352466028184e-05, 0.0003108232922386378, 0.0002942003193311393, 0.0003691877645906061, 0.00040364396409131587, 0.0004141446261201054, 0.0005234475247561932, 0.0005202633910812438, 0.0006857511471025646, 0.0006665708497166634, 0.0006485434714704752, 0.0008592457161284983, 0.0007635426009073853, 0.00042090509668923914, 0.00018301524687558413, 0.000256564118899405, 0.00026803070795722306, 0.00017809959535952657, 0.00010598455992294475, 6.607788964174688e-05, 5.9298650739947334e-05, 3.1452094845008105e-05, 1.8569451640360057e-05, 4.051633004564792e-05, 2.954493356810417e-05, 1.843774771259632e-05, 1.4970239135436714e-05, 9.007392691273708e-06, 3.724401722138282e-06, 1.3500830391421914e-06, 9.97869733510015e-07, 8.377373887924477e-07, 9.679057484390796e-07, 1.4731169812876033e-06, 1.1703173186106142e-06, 1.0933650855804444e-06, 1.1226995866309153e-06, 1.0882935157496831e-06, 1.0721724947870825e-06], "lowlevel.melbands128.mean": [7.061000815156149e-07, 1.2068002206433448e-06, 2.8243546239536954e-06, 1.334715216216864e-05, 3.92304064007476e-05, 8.09486664365977e-05, 0.0001180322069558315, 0.0002592717355582863, 0.00019470826373435557, 0.00016842209151946008, 0.0003018273855559528, 0.0003215553588233888, 0.00020418384519871324, 0.00014212550013326108, 0.0002903439162764698, 0.0003047494392376393, 0.00020110754121560603, 0.00010843537165783346, 0.00016545195830985904, 0.00014207269123289734, 0.0001890157291200012, 0.00016244877770077437, 0.00010096016922034323, 3.612704313127324e-05, 0.0001324960612691939, 0.00025584493414498866, 0.00017007878341246396, 0.0002932824718300253, 0.00010848518286366016, 9.418562694918364e-05, 0.00016186264110729098, 0.00011943347635678947, 0.00018702477973420173, 0.0005108994082547724, 0.00018805496802087873, 0.0001697732659522444, 0.00019106724357698113, 4.3824318709084764e-05, 3.607273902161978e-05, 4.417292802827433e-05, 6.217398185981438e-05, 1.9125731341773644e-05, 5.643580880132504e-05, 8.4000697825104e-05, 2.7435520678409375e-05, 8.392224845010787e-05, 8.331677236128598e-05, 3.104449206148274e-05, 5.4344858654076234e-05, 3.653437670436688e-05, 2.6589639674057253e-05, 3.0297949706437066e-05, 1.0586200005491264e-05, 2.1080946680740453e-05, 2.225348180218134e-05, 1.7295358702540398e-05, 4.763376637129113e-06, 3.92829360862379e-06, 1.2005175449303351e-05, 6.411882623069687e-06, 2.609795274111093e-06, 4.638658083422342e-06, 2.074501935567241e-05, 1.1803339475591201e-05, 4.9499149099574424e-06, 9.428483281226363e-06, 1.0771824236144312e-05, 3.909580300387461e-06, 7.69470807426842e-06, 9.523444532533176e-06, 4.4208159124536905e-06, 6.347415819618618e-06, 6.44313558950671e-06, 2.0236882392055122e-06, 2.0289753592805937e-06, 1.5895955129963113e-06, 6.394300839929201e-07, 4.348346465121722e-07, 4.3539483840504545e-07, 3.2571017527516233e-07, 3.2368365054935566e-07, 2.9545674351538764e-07, 2.4733466830184625e-07, 2.586099014934007e-07, 2.4601175141469867e-07, 2.5307761575277254e-07, 3.078172881032515e-07, 3.455489547832258e-07, 4.015951731162204e-07, 3.7452619494615647e-07, 3.688489016440144e-07, 3.290764425400994e-07, 2.698606067497167e-07, 2.970575394556363e-07, 3.656009255337267e-07, 3.2937199989646615e-07, 2.936797329766705e-07, 3.3459312476225023e-07, 3.21466416153271e-07, 2.8999369305893197e-07, 3.281846545633016e-07, 3.2081138101602846e-07, 3.173023799263319e-07, 2.531927236759657e-07, 2.2505436447772809e-07, 2.000466707841042e-07, 1.9305993248508457e-07, 1.651828824833501e-07, 1.2636127166842925e-07, 1.005305492185471e-07, 6.71391617856898e-08, 6.262374796506265e-08, 5.972488281713595e-08, 3.8857404405234774e-08, 2.554233091700553e-08, 1.5953588672346086e-08, 4.646825146892297e-09, 5.829566829262944e-10, 1.7473663141420737e-11, 1.908578980622244e-12, 1.83094229881664e-12, 1.7901655635296776e-12, 1.7606957558591319e-12, 1.7250578136090988e-12, 1.666706052685929e-12, 1.5847968553792113e-12, 1.5372093788851293e-12, 1.523803219022346e-12], "lowlevel.melbands128.stdev": [2.4022442630666774e-06, 5.772936674475204e-06, 8.867764336173423e-06, 4.470008934731595e-05, 7.422141788993031e-05, 0.00011598754645092413, 0.0002289803232997656, 0.0005233439733274281, 0.000371111644199118, 0.00032741716131567955, 0.0004266096220817417, 0.0006046829512342811, 0.0004646190209314227, 0.00028320003184489906, 0.000545364455319941, 0.0006822359282523394, 0.0005961903370916843, 0.0004775922279804945, 0.000754522334318608, 0.0005965465097688138, 0.0007836906588636339, 0.0009022026206366718, 0.0007298545679077506, 0.00030730862636119127, 0.0007798039587214589, 0.001230970025062561, 0.0006945120403543115, 0.0012028992641717196, 0.0005455454811453819, 0.0006239931681193411, 0.001148161361925304, 0.0008774026646278799, 0.0009307703585363925, 0.0019398434087634087, 0.0009670568979345262, 0.0009736384963616729, 0.0013607681030407548, 0.0003348534519318491, 0.0003416261461097747, 0.0002106892061419785, 0.0003164711524732411, 0.00012286439596209675, 0.00031004054471850395, 0.0004845075018238276, 0.00020894863700959831, 0.0004742840537801385, 0.00042361451778560877, 0.00015454812091775239, 0.0003538508899509907, 0.0001888775877887383, 0.00011465376155683771, 0.0001845939550548792, 5.612220775219612e-05, 0.00010626226139720529, 9.205508831655607e-05, 0.00010913769074250013, 3.0559353035641834e-05, 1.7331456547253765e-05, 7.339696458075196e-05, 2.5797877242439426e-05, 1.2276886991458014e-05, 1.9403953047003597e-05, 8.798933413345367e-05, 4.5175063860369846e-05, 2.537221553211566e-05, 4.5369532017502934e-05, 4.2966701585100964e-05, 1.4757403732801322e-05, 2.8256868972675875e-05, 2.8616736017283984e-05, 1.5112118489923887e-05, 2.0631414372473955e-05, 2.2265334337134846e-05, 5.469485131470719e-06, 8.971336683316622e-06, 5.96892732573906e-06, 2.185164703405462e-06, 1.0814408142323373e-06, 1.805793999665184e-06, 1.8510544350647251e-06, 1.0199571534030838e-06, 9.72749035099696e-07, 8.086982461463776e-07, 9.088475962926168e-07, 9.64580976869911e-07, 9.469373480897048e-07, 9.813931001190213e-07, 1.3784626844426384e-06, 1.86162708359916e-06, 1.6146994994414854e-06, 1.374899284201092e-06, 1.1819638530141674e-06, 9.744182989379624e-07, 1.1563292900973465e-06, 1.3878644722353783e-06, 1.278661784454016e-06, 1.0656609674697393e-06, 1.3035745496381423e-06, 1.1951863143622177e-06, 1.088875137611467e-06, 1.2249151950527448e-06, 1.0995864840879221e-06, 1.200043470817036e-06, 1.0056999144580914e-06, 8.340612680513004e-07, 7.581540444334678e-07, 6.96156348567456e-07, 6.024194476594857e-07, 5.034158903072239e-07, 4.1016306795427226e-07, 2.8331396606517956e-07, 2.688071276679693e-07, 2.838304737906583e-07, 1.6658201218433533e-07, 1.0591069354859428e-07, 8.55423678558509e-08, 3.395407333073308e-08, 5.0496544723444e-09, 3.066760734249385e-10, 4.242821372013594e-12, 4.048894032548933e-12, 3.9558946396400785e-12, 3.876951277376195e-12, 3.808428832713373e-12, 3.748474187298401e-12, 3.703426454393366e-12, 3.670341374578667e-12, 3.649869035476927e-12], "lowlevel.mfcc.mean": [-742.8558349609375, 133.0478515625, -14.396687507629395, 9.04982852935791, -8.546162605285645, -7.7522406578063965, -1.602216362953186, -17.113786697387695, -14.582551002502441, -13.34227466583252, -20.763427734375, -12.434869766235352, -6.161268711090088], "lowlevel.spectral_contrast_coeffs.mean": [-0.6365247368812561, -0.6834815144538879, -0.7020821571350098, -0.7616367936134338, -0.7835591435432434, -0.767285943031311], "lowlevel.spectral_contrast_coeffs.stdev": [0.07257558405399323, 0.08202099800109863, 0.10050205141305923, 0.0814315602183342, 0.06663283705711365, 0.04785533249378204], "lowlevel.spectral_contrast_valleys.mean": [-8.100956916809082, -7.906275272369385, -8.381802558898926, -8.703970909118652, -8.666336059570312, -11.696367263793945], "lowlevel.spectral_contrast_valleys.stdev": [0.7211706042289734, 0.7115068435668945, 0.7799085974693298, 0.8388219475746155, 0.9852178692817688, 1.2348670959472656], "rhythm.beats_loudness_band_ratio.mean": [0.17175769805908203, 0.2529917061328888, 0.2280770093202591, 0.25560522079467773, 0.10892952978610992, 0.036672353744506836], "rhythm.beats_loudness_band_ratio.stdev": [0.22058075666427612, 0.22712478041648865, 0.2484143078327179, 0.2927800714969635, 0.13562795519828796, 0.06127867102622986], "tonal.hpcp.mean": [0.07222675532102585, 0.0604119598865509, 0.16943912208080292, 0.2744477689266205, 0.15301348268985748, 0.040035199373960495, 0.036612287163734436, 0.043026432394981384, 0.24065378308296204, 0.351441353559494, 0.17266401648521423, 0.05695001780986786, 0.04071933031082153, 0.03449568152427673, 0.10907358676195145, 0.15529873967170715, 0.08264922350645065, 0.061639465391635895, 0.06891199946403503, 0.03704501688480377, 0.018510447815060616, 0.02142947167158127, 0.052810829132795334, 0.2955826222896576, 0.3901427388191223, 0.154889777302742, 0.03156384453177452, 0.022040020674467087, 0.04042837768793106, 0.15560950338840485, 0.2127329558134079, 0.1056068167090416, 0.0331338495016098, 0.02503773383796215, 0.026605496183037758, 0.05690423399209976], "tonal.hpcp.stdev": [0.14889481663703918, 0.15952168405056, 0.24861469864845276, 0.376720666885376, 0.22921788692474365, 0.126943901181221, 0.12606628239154816, 0.14371678233146667, 0.30845335125923157, 0.40733104944229126, 0.2452518194913864, 0.17795872688293457, 0.15382510423660278, 0.11706411838531494, 0.19324979186058044, 0.26131653785705566, 0.1652289479970932, 0.1501120924949646, 0.18075081706047058, 0.12023068964481354, 0.07332812249660492, 0.08538077771663666, 0.13922438025474548, 0.31162646412849426, 0.37278544902801514, 0.21192091703414917, 0.1145663931965828, 0.08700019866228104, 0.11880761384963989, 0.2673512399196625, 0.3253721296787262, 0.19674547016620636, 0.11570675671100616, 0.1023041382431984, 0.10132446885108948, 0.1377495974302292], "rhythm.beats_position": [0.5804988741874695, 1.1842176914215088, 1.7879364490509033, 2.391655206680298, 3.006983995437622, 3.6107029914855957, 4.21442174911499, 4.8297505378723145, 5.456689357757568, 6.060408115386963, 6.652516841888428, 7.256235599517822, 7.8715643882751465, 8.4752836227417, 9.067392349243164, 9.682721138000488, 10.298049926757812, 10.913378715515137, 11.54031753540039, 12.167256355285645, 12.782585144042969, 13.467573165893555, 14.164172172546387, 14.860771179199219, 15.545759201049805, 16.23074722290039, 16.91573715209961, 17.600725173950195, 18.216054916381836, 18.842992782592773, 19.469932556152344, 20.073650360107422, 20.688980102539062, 21.28108787536621, 21.89641761779785, 22.50013542175293, 23.10385513305664, 23.69596290588379, 24.31129264831543, 24.915010452270508, 25.51873016357422, 26.122447967529297, 26.726167678833008, 27.341495513916016, 27.956825256347656, 28.560543060302734, 29.175872802734375, 29.767980575561523, 30.383310317993164, 30.998638153076172, 31.602357864379883, 32.206077575683594, 32.80979537963867, 33.41351318359375, 34.02884292602539, 34.64417266845703, 35.259498596191406, 35.87482833862305, 36.501766204833984], "rhythm.bpm_histogram": [0.0, 0.0, 0.0, 0.0, 0.0, 0.0, 0.0, 0.0, 0.0, 0.0, 0.0, 0.0, 0.0, 0.0, 0.0, 0.0, 0.0, 0.0, 0.0, 0.0, 0.0, 0.0, 0.0, 0.0, 0.0, 0.0, 0.0, 0.0, 0.0, 0.0, 0.0, 0.0, 0.0, 0.0, 0.0, 0.0, 0.0, 0.0, 0.0, 0.0, 0.0, 0.0, 0.0, 0.0, 0.0, 0.0, 0.0, 0.0, 0.0, 0.0, 0.0, 0.0, 0.0, 0.0, 0.0, 0.0, 0.0, 0.0, 0.0, 0.0, 0.0, 0.0, 0.0, 0.0, 0.0, 0.0, 0.0, 0.0, 0.0, 0.0, 0.0, 0.0, 0.0, 0.0, 0.0, 0.0, 0.0, 0.0, 0.0, 0.0, 0.0, 0.0, 0.0, 0.0, 0.0, 0.0, 0.03448275849223137, 0.0, 0.08620689809322357, 0.0, 0.0, 0.0, 0.0, 0.0, 0.0, 0.0, 0.1034482792019844, 0.0, 0.3448275923728943, 0.3448275923728943, 0.0, 0.08620689809322357, 0.0, 0.0, 0.0, 0.0, 0.0, 0.0, 0.0, 0.0, 0.0, 0.0, 0.0, 0.0, 0.0, 0.0, 0.0, 0.0, 0.0, 0.0, 0.0, 0.0, 0.0, 0.0, 0.0, 0.0, 0.0, 0.0, 0.0, 0.0, 0.0, 0.0, 0.0, 0.0, 0.0, 0.0, 0.0, 0.0, 0.0, 0.0, 0.0, 0.0, 0.0, 0.0, 0.0, 0.0, 0.0, 0.0, 0.0, 0.0, 0.0, 0.0, 0.0, 0.0, 0.0, 0.0, 0.0, 0.0, 0.0, 0.0, 0.0, 0.0, 0.0, 0.0, 0.0, 0.0, 0.0, 0.0, 0.0, 0.0, 0.0, 0.0, 0.0, 0.0, 0.0, 0.0, 0.0, 0.0, 0.0, 0.0, 0.0, 0.0, 0.0, 0.0, 0.0, 0.0, 0.0, 0.0, 0.0, 0.0, 0.0, 0.0, 0.0, 0.0, 0.0, 0.0, 0.0, 0.0, 0.0, 0.0, 0.0, 0.0, 0.0, 0.0, 0.0, 0.0, 0.0, 0.0, 0.0, 0.0, 0.0, 0.0, 0.0, 0.0, 0.0, 0.0, 0.0, 0.0, 0.0, 0.0, 0.0, 0.0, 0.0, 0.0, 0.0, 0.0, 0.0, 0.0, 0.0, 0.0, 0.0, 0.0, 0.0, 0.0, 0.0, 0.0, 0.0, 0.0, 0.0, 0.0, 0.0, 0.0, 0.0, 0.0, 0.0, 0.0, 0.0, 0.0, 0.0, 0.0], "tonal.chords_histogram": [37.861637115478516, 0.0, 0.0, 0.0, 0.0, 0.0, 0.0, 0.0, 0.0, 0.0, 0.0, 0.0, 0.0, 0.0, 0.0, 0.0, 0.0, 4.402515888214111, 0.0, 2.8930816650390625, 15.094339370727539, 8.050314903259277, 31.69811248779297, 0.0], "tonal.thpcp": [1.0, 0.3970079720020294, 0.0809033215045929, 0.05649219825863838, 0.10362458229064941, 0.39885273575782776, 0.5452695488929749, 0.27068763971328735, 0.0849275067448616, 0.06417582929134369, 0.06819426268339157, 0.1458549052476883, 0.1851290464401245, 0.15484578907489777, 0.43430033326148987, 0.7034547924995422, 0.39219871163368225, 0.1026168018579483, 0.09384331107139587, 0.11028382182121277, 0.6168352365493774, 0.900801956653595, 0.44256627559661865, 0.14597226679325104, 0.10437034070491791, 0.08841810375452042, 0.279573529958725, 0.3980562090873718, 0.2118435502052307, 0.15799207985401154, 0.17663279175758362, 0.09495247155427933, 0.04744532331824303, 0.05492725968360901, 0.13536283373832703, 0.7576268911361694], "lowlevel.gfcc.cov": [[6255.84619140625, -1854.27587890625, -1077.2015380859375, -459.69927978515625, 69.46876525878906, -115.0823745727539, 9.330552101135254, 656.7379760742188, -348.7940673828125, 459.5038146972656, -61.846099853515625, -94.91607666015625, 128.9146728515625], [-1854.27587890625, 1969.1668701171875, -428.5910339355469, -42.676292419433594, 210.21693420410156, -116.47792053222656, 368.82049560546875, -399.02569580078125, 188.39605712890625, -325.3575744628906, 208.0671844482422, -198.33993530273438, 105.64966583251953], [-1077.2015380859375, -428.5910339355469, 1604.5574951171875, 345.0236511230469, -314.8790588378906, 313.9396667480469, -375.97979736328125, -90.10529327392578, 54.23347091674805, -0.09799987822771072, -201.03578186035156, 290.1152038574219, -303.4037170410156], [-459.69927978515625, -42.676292419433594, 345.0236511230469, 457.57366943359375, -22.238903045654297, 38.5637092590332, -102.37045288085938, -70.79132843017578, 51.65641403198242, -111.2097396850586, -50.844703674316406, 99.30523681640625, -49.796295166015625], [69.46876525878906, 210.21693420410156, -314.8790588378906, -22.238903045654297, 358.75018310546875, -10.728311538696289, 76.88752746582031, -32.72446060180664, -8.066242218017578, -33.675254821777344, -13.23735523223877, -23.033517837524414, 47.072967529296875], [-115.0823745727539, -116.47792053222656, 313.9396667480469, 38.5637092590332, -10.728311538696289, 350.7669372558594, 19.078920364379883, -158.30589294433594, -3.8956875801086426, -4.63818359375, -24.41754150390625, 36.55411911010742, -94.89068603515625], [9.330552101135254, 368.82049560546875, -375.97979736328125, -102.37045288085938, 76.88752746582031, 19.078920364379883, 363.4304504394531, -68.57315826416016, -53.19451904296875, -68.74899291992188, 112.73407745361328, -95.9246826171875, 28.329456329345703], [656.7379760742188, -399.02569580078125, -90.10529327392578, -70.79132843017578, -32.72446060180664, -158.30589294433594, -68.57315826416016, 366.7030944824219, -14.512040138244629, 101.57405090332031, -60.691410064697266, 12.69199275970459, 48.382591247558594], [-348.7940673828125, 188.39605712890625, 54.23347091674805, 51.65641403198242, -8.066242218017578, -3.8956875801086426, -53.19451904296875, -14.512040138244629, 187.65963745117188, -32.93693161010742, -17.222118377685547, 8.793401718139648, -2.011732816696167], [459.5038146972656, -325.3575744628906, -0.09799987822771072, -111.2097396850586, -33.675254821777344, -4.63818359375, -68.74899291992188, 101.57405090332031, -32.93693161010742, 197.26710510253906, 0.7366112470626831, -17.730195999145508, 5.720078468322754], [-61.846099853515625, 208.0671844482422, -201.03578186035156, -50.844703674316406, -13.23735523223877, -24.41754150390625, 112.73407745361328, -60.691410064697266, -17.222118377685547, 0.7366112470626831, 172.95225524902344, -64.5055923461914, 40.527870178222656], [-94.91607666015625, -198.33993530273438, 290.1152038574219, 99.30523681640625, -23.033517837524414, 36.55411911010742, -95.9246826171875, 12.69199275970459, 8.793401718139648, -17.730195999145508, -64.5055923461914, 164.73831176757812, -57.20680618286133], [128.9146728515625, 105.64966583251953, -303.4037170410156, -49.796295166015625, 47.072967529296875, -94.89068603515625, 28.329456329345703, 48.382591247558594, -2.011732816696167, 5.720078468322754, 40.527870178222656, -57.20680618286133, 157.73387145996094]], "lowlevel.gfcc.icov": [[0.0003566316736396402, 0.00026657895068638027, 0.0003917657013516873, 3.94317066820804e-05, 4.444507430889644e-05, -0.00020882762328255922, 3.796975579462014e-05, -0.0002776655601337552, 0.000238430526223965, -0.0001775076234480366, 9.535777644487098e-05, -1.0479301636223681e-05, 0.00021662519429810345], [0.00026657895068638027, 0.0023305208887904882, -0.000831121695227921, 0.000916309654712677, -0.0011724007781594992, 0.0017606394831091166, -0.0015471185324713588, 0.0016850786050781608, -0.0020016306079924107, 0.0020433871541172266, -0.0008948573376983404, 0.001877449918538332, -0.0011069884058088064], [0.0003917657013516873, -0.000831121695227921, 0.003354089567437768, -0.001071217586286366, 0.0020350327249616385, -0.0024177005980163813, 0.002158860908821225, -0.0011367459082975984, 0.0014791389694437385, -0.0013332446105778217, 0.0012128263479098678, -0.002548098796978593, 0.003080575028434396], [3.94317066820804e-05, 0.000916309654712677, -0.001071217586286366, 0.0037379558198153973, -0.0008063955465331674, 0.000979081029072404, -4.247130618750816e-06, 0.0009073331020772457, -0.0011005124542862177, 0.0027995137497782707, -0.0007040062919259071, 0.00014359373017214239, -0.0008568917983211577], [4.444507430889644e-05, -0.0011724007781594992, 0.0020350327249616385, -0.0008063955465331674, 0.004725965205579996, -0.0016068029217422009, 0.0007242400315590203, -0.00039879963151179254, 0.001329940976575017, -0.0012584824580699205, 0.0022663429845124483, -0.0020714146085083485, 0.0007530527655035257], [-0.00020882762328255922, 0.0017606394831091166, -0.0024177005980163813, 0.000979081029072404, -0.0016068029217422009, 0.006926675792783499, -0.00299591151997447, 0.0040047867223620415, -0.0021755709312856197, 0.0005450326716527343, 0.0001423552312189713, 0.0017958100652322173, -0.0008265901706181467], [3.796975579462014e-05, -0.0015471185324713588, 0.002158860908821225, -4.247130618750816e-06, 0.0007242400315590203, -0.00299591151997447, 0.00711745023727417, -0.0020365118980407715, 0.002940095728263259, 0.0013275148812681437, -0.0018346217693760991, -0.0003232446906622499, 0.0028279111720621586], [-0.0002776655601337552, 0.0016850786050781608, -0.0011367459082975984, 0.0009073331020772457, -0.00039879963151179254, 0.0040047867223620415, -0.0020365118980407715, 0.006871363613754511, -0.0021031301002949476, -0.0005250682588666677, 0.0016247950261458755, 0.0005817826604470611, -0.0022297711111605167], [0.000238430526223965, -0.0020016306079924107, 0.0014791389694437385, -0.0011005124542862177, 0.001329940976575017, -0.0021755709312856197, 0.002940095728263259, -0.0021031301002949476, 0.00834242720156908, -0.0009638594347052276, 0.0010345268528908491, -0.0013098568888381124, 0.0014553837245330215], [-0.0001775076234480366, 0.0020433871541172266, -0.0013332446105778217, 0.0027995137497782707, -0.0012584824580699205, 0.0005450326716527343, 0.0013275148812681437, -0.0005250682588666677, -0.0009638594347052276, 0.011133161373436451, -0.003048558486625552, 0.003348975908011198, -0.0006963385967537761], [9.535777644487098e-05, -0.0008948573376983404, 0.0012128263479098678, -0.0007040062919259071, 0.0022663429845124483, 0.0001423552312189713, -0.0018346217693760991, 0.0016247950261458755, 0.0010345268528908491, -0.003048558486625552, 0.010242222808301449, -0.00026952032931149006, -0.0007331367232836783], [-1.0479301636223681e-05, 0.001877449918538332, -0.002548098796978593, 0.00014359373017214239, -0.0020714146085083485, 0.0017958100652322173, -0.0003232446906622499, 0.0005817826604470611, -0.0013098568888381124, 0.003348975908011198, -0.00026952032931149006, 0.012050916440784931, -0.00022509277914650738], [0.00021662519429810345, -0.0011069884058088064, 0.003080575028434396, -0.0008568917983211577, 0.0007530527655035257, -0.0008265901706181467, 0.0028279111720621586, -0.0022297711111605167, 0.0014553837245330215, -0.0006963385967537761, -0.0007331367232836783, -0.00022509277914650738, 0.012163817882537842]], "lowlevel.mfcc.cov": [[6191.20166015625, -1295.738037109375, -1361.1663818359375, -178.24916076660156, -133.47845458984375, -587.9791259765625, 439.892822265625, -280.1329040527344, 206.4044189453125, 435.2261962890625, -174.4861297607422, 22.058565139770508, 165.18844604492188], [-1295.738037109375, 1539.06396484375, -454.1347351074219, 17.00505828857422, -150.74728393554688, 151.53106689453125, 37.71161651611328, 50.415443420410156, -64.41095733642578, 5.406589508056641, 19.14451026916504, -72.65050506591797, -23.663511276245117], [-1361.1663818359375, -454.1347351074219, 1683.6572265625, -52.89916229248047, 149.00079345703125, 300.49560546875, -330.05511474609375, 158.89553833007812, -114.458740234375, -218.48158264160156, 139.55215454101562, 65.51103210449219, -54.211265563964844], [-178.24916076660156, 17.00505828857422, -52.89916229248047, 345.2013854980469, 60.65514373779297, -86.2593765258789, -29.861106872558594, 68.38175201416016, 28.07496452331543, -94.35481262207031, -12.287286758422852, 26.093154907226562, -30.899229049682617], [-133.47845458984375, -150.74728393554688, 149.00079345703125, 60.65514373779297, 304.5169982910156, 33.02684020996094, -137.2635040283203, 12.644142150878906, 62.509525299072266, -60.16520309448242, 1.4001517295837402, -4.122141361236572, -16.214752197265625], [-587.9791259765625, 151.53106689453125, 300.49560546875, -86.2593765258789, 33.02684020996094, 571.5621948242188, -27.323881149291992, 110.08013153076172, -154.6146240234375, -19.983062744140625, 22.969114303588867, -82.81133270263672, -45.66617202758789], [439.892822265625, 37.71161651611328, -330.05511474609375, -29.861106872558594, -137.2635040283203, -27.323881149291992, 328.044921875, -51.35821533203125, -41.52582931518555, 90.42407989501953, -41.64992141723633, -19.499685287475586, 27.05954360961914], [-280.1329040527344, 50.415443420410156, 158.89553833007812, 68.38175201416016, 12.644142150878906, 110.08013153076172, -51.35821533203125, 247.236572265625, -7.9097208976745605, -58.84812927246094, 8.40114688873291, 2.1714284420013428, -18.529094696044922], [206.4044189453125, -64.41095733642578, -114.458740234375, 28.07496452331543, 62.509525299072266, -154.6146240234375, -41.52582931518555, -7.9097208976745605, 197.127197265625, 15.795187950134277, -18.677467346191406, 22.811431884765625, 10.87826919555664], [435.2261962890625, 5.406589508056641, -218.48158264160156, -94.35481262207031, -60.16520309448242, -19.983062744140625, 90.42407989501953, -58.84812927246094, 15.795187950134277, 192.5637969970703, -4.222490310668945, -18.673830032348633, 26.63426399230957], [-174.4861297607422, 19.14451026916504, 139.55215454101562, -12.287286758422852, 1.4001517295837402, 22.969114303588867, -41.64992141723633, 8.40114688873291, -18.677467346191406, -4.222490310668945, 119.62920379638672, 15.892548561096191, -13.136876106262207], [22.058565139770508, -72.65050506591797, 65.51103210449219, 26.093154907226562, -4.122141361236572, -82.81133270263672, -19.499685287475586, 2.1714284420013428, 22.811431884765625, -18.673830032348633, 15.892548561096191, 118.47817993164062, 16.868488311767578], [165.18844604492188, -23.663511276245117, -54.211265563964844, -30.899229049682617, -16.214752197265625, -45.66617202758789, 27.05954360961914, -18.529094696044922, 10.87826919555664, 26.63426399230957, -13.136876106262207, 16.868488311767578, 101.11066436767578]], "lowlevel.mfcc.icov": [[0.0003582462086342275, 0.0003930075909011066, 0.00032165099401026964, 0.0001365413045277819, 5.790177601738833e-05, 9.850042988546193e-05, -6.001763176755048e-05, -6.868589844089001e-05, 3.1909933113638544e-06, -0.0003364836156833917, 3.914102853741497e-05, -1.2285481716389768e-05, -0.0001264455495402217], [0.0003930075909011066, 0.001299100462347269, 0.000757874920964241, 0.00010251013009110466, 0.0005612745881080627, -0.0002506986493244767, 0.00026574142975732684, -0.0001986918068723753, 5.648668229696341e-05, -2.5292591089964844e-05, -0.0003958609886467457, 0.00022882147459313273, -0.00012013775995001197], [0.00032165099401026964, 0.000757874920964241, 0.0015308818547055125, 0.0005486792651936412, 8.316188905155286e-05, -0.00038443529047071934, 0.0007500634528696537, -0.00039906110032461584, 0.00046911032404750586, 0.0006624578963965178, -0.0008519266848452389, -0.0005641257157549262, -3.535715222824365e-05], [0.0001365413045277819, 0.00010251013009110466, 0.0005486792651936412, 0.004249209072440863, -0.0008611567318439484, 0.0009108436061069369, -0.00028394884429872036, -0.0013103025266900659, 0.0003606003592722118, 0.0017107672756537795, 0.00012728212459478527, -0.0005954526131972671, 0.0011292323470115662], [5.790177601738833e-05, 0.0005612745881080627, 8.316188905155286e-05, -0.0008611567318439484, 0.005058544222265482, -0.0010185593273490667, 0.0016563630197197199, 0.0007576658972539008, -0.0018449261551722884, 0.0007053196313790977, 8.995770622277632e-05, 0.0006862353184260428, -0.00022515955788549036], [9.850042988546193e-05, -0.0002506986493244767, -0.00038443529047071934, 0.0009108436061069369, -0.0010185593273490667, 0.0034203571267426014, -0.0002533932274673134, -0.0014074631035327911, 0.002219250425696373, -0.0006134593277238309, 0.000298961327644065, 0.001507796230725944, 0.0007540977676399052], [-6.001763176755048e-05, 0.00026574142975732684, 0.0007500634528696537, -0.00028394884429872036, 0.0016563630197197199, -0.0002533932274673134, 0.005114728584885597, 0.0003048685903195292, 0.0011611748486757278, -0.0009789480827748775, 0.000834923586808145, 0.00011484428978292271, -0.00046388330520130694], [-6.868589844089001e-05, -0.0001986918068723753, -0.00039906110032461584, -0.0013103025266900659, 0.0007576658972539008, -0.0014074631035327911, 0.0003048685903195292, 0.005407698918133974, -0.0011103281285613775, 0.0007583005353808403, 0.00011967764294240624, -0.00026411336148157716, -0.00017412057786714286], [3.1909933113638544e-06, 5.648668229696341e-05, 0.00046911032404750586, 0.0003606003592722118, -0.0018449261551722884, 0.002219250425696373, 0.0011611748486757278, -0.0011103281285613775, 0.008063603192567825, -0.0012524757767096162, 0.0008692230912856758, -0.0005043958080932498, 0.00022140397049952298], [-0.0003364836156833917, -2.5292591089964844e-05, 0.0006624578963965178, 0.0017107672756537795, 0.0007053196313790977, -0.0006134593277238309, -0.0009789480827748775, 0.0007583005353808403, -0.0012524757767096162, 0.008631139062345028, -0.0014271762920543551, 0.0006274353363551199, -0.0007701490540057421], [3.914102853741497e-05, -0.0003958609886467457, -0.0008519266848452389, 0.00012728212459478527, 8.995770622277632e-05, 0.000298961327644065, 0.000834923586808145, 0.00011967764294240624, 0.0008692230912856758, -0.0014271762920543551, 0.010110572911798954, -0.0013790002558380365, 0.0011995852692052722], [-1.2285481716389768e-05, 0.00022882147459313273, -0.0005641257157549262, -0.0005954526131972671, 0.0006862353184260428, 0.001507796230725944, 0.00011484428978292271, -0.00026411336148157716, -0.0005043958080932498, 0.0006274353363551199, -0.0013790002558380365, 0.01076261792331934, -0.001784629188477993], [-0.0001264455495402217, -0.00012013775995001197, -3.535715222824365e-05, 0.0011292323470115662, -0.00022515955788549036, 0.0007540977676399052, -0.00046388330520130694, -0.00017412057786714286, 0.00022140397049952298, -0.0007701490540057421, 0.0011995852692052722, -0.001784629188477993, 0.011424104683101177]], "metadata.audio_properties.analysis.downmix": "mix", "metadata.audio_properties.codec": "mp3", "metadata.audio_properties.md5_encoded": "a7967d2f60cc39efa4434a8b105589d2", "metadata.tags.file_name": "1183710826968911946.mp3", "metadata.version.essentia": "2.1-beta6-dev", "metadata.version.essentia_git_sha": "v2.1_beta5-1110-g77a6a954", "metadata.version.extractor": "music 2.0", "tonal.chords_key": "F", "tonal.chords_scale": "major", "tonal.key_edma.key": "Bb", "tonal.key_edma.scale": "major", "tonal.key_krumhansl.key": "Bb", "tonal.key_krumhansl.scale"