{"song_id": "1183659629692071956", "download": "https://cdn.discordapp.com/attachments/1135911532732108921/1183659629692071956/chirp.mp4?ex=658923ef&amp", "lyrics": "[Rap] Yo, It's Rexx..\n\nMoonlit whispers, secrets untold, Loneliness, my canvas, stories unfold. Rhymes and rhythms, like stars align, In the vast silence, my soul entwined \nStreets empty, shadows dance, In solitude, I take my chance. A lone journey, through the maze, In the rhythm of nights, lost in a daze.", "style": ["Saddest Melancholic Melodious Vocals"], "essentia_features": {"lowlevel.average_loudness": 0.9792672991752625, "lowlevel.barkbands_crest.mean": 9.985003471374512, "lowlevel.barkbands_crest.stdev": 2.718452215194702, "lowlevel.barkbands_flatness_db.mean": 0.2595156133174896, "lowlevel.barkbands_flatness_db.stdev": 0.07096125185489655, "lowlevel.barkbands_kurtosis.mean": 4.320703029632568, "lowlevel.barkbands_kurtosis.stdev": 5.558426380157471, "lowlevel.barkbands_skewness.mean": 1.5300300121307373, "lowlevel.barkbands_skewness.stdev": 0.9061498641967773, "lowlevel.barkbands_spread.mean": 14.460290908813477, "lowlevel.barkbands_spread.stdev": 17.340784072875977, "lowlevel.dissonance.mean": 0.37481793761253357, "lowlevel.dissonance.stdev": 0.05712868273258209, "lowlevel.dynamic_complexity": 1.4537079334259033, "lowlevel.erbbands_crest.mean": 12.077537536621094, "lowlevel.erbbands_crest.stdev": 3.978564739227295, "lowlevel.erbbands_flatness_db.mean": 0.25482067465782166, "lowlevel.erbbands_flatness_db.stdev": 0.07153746485710144, "lowlevel.erbbands_kurtosis.mean": 1.3626735210418701, "lowlevel.erbbands_kurtosis.stdev": 3.5333335399627686, "lowlevel.erbbands_skewness.mean": 0.5661436915397644, "lowlevel.erbbands_skewness.stdev": 0.848919153213501, "lowlevel.erbbands_spread.mean": 31.704851150512695, "lowlevel.erbbands_spread.stdev": 31.57788848876953, "lowlevel.hfc.mean": 21.062026977539062, "lowlevel.hfc.stdev": 17.061059951782227, "lowlevel.loudness_ebu128.integrated": -20.75300407409668, "lowlevel.loudness_ebu128.loudness_range": 1.4229888916015625, "lowlevel.loudness_ebu128.momentary.mean": -20.869768142700195, "lowlevel.loudness_ebu128.momentary.stdev": 1.0442023277282715, "lowlevel.loudness_ebu128.short_term.mean": -20.848846435546875, "lowlevel.loudness_ebu128.short_term.stdev": 0.5349878072738647, "lowlevel.melbands_crest.mean": 13.95006275177002, "lowlevel.melbands_crest.stdev": 3.5000159740448, "lowlevel.melbands_flatness_db.mean": 0.32309189438819885, "lowlevel.melbands_flatness_db.stdev": 0.08904001861810684, "lowlevel.melbands_kurtosis.mean": 10.358983039855957, "lowlevel.melbands_kurtosis.stdev": 12.859504699707031, "lowlevel.melbands_skewness.mean": 2.2813429832458496, "lowlevel.melbands_skewness.stdev": 1.3354231119155884, "lowlevel.melbands_spread.mean": 13.720937728881836, "lowlevel.melbands_spread.stdev": 13.578161239624023, "lowlevel.pitch_salience.mean": 0.5166074633598328, "lowlevel.pitch_salience.stdev": 0.07960290461778641, "lowlevel.silence_rate_20dB.mean": 1.0, "lowlevel.silence_rate_20dB.stdev": 0.0, "lowlevel.silence_rate_30dB.mean": 1.0, "lowlevel.silence_rate_30dB.stdev": 0.0, "lowlevel.silence_rate_60dB.mean": 0.0037082817871123552, "lowlevel.silence_rate_60dB.stdev": 0.06078236177563667, "lowlevel.spectral_centroid.mean": 637.4263916015625, "lowlevel.spectral_centroid.stdev": 376.3149719238281, "lowlevel.spectral_complexity.mean": 9.467243194580078, "lowlevel.spectral_complexity.stdev": 4.210964202880859, "lowlevel.spectral_decrease.mean": -8.141763707669725e-09, "lowlevel.spectral_decrease.stdev": 3.980529239555608e-09, "lowlevel.spectral_energy.mean": 0.032639265060424805, "lowlevel.spectral_energy.stdev": 0.015492585487663746, "lowlevel.spectral_energyband_high.mean": 0.0008764361264184117, "lowlevel.spectral_energyband_high.stdev": 0.001974529819563031, "lowlevel.spectral_energyband_low.mean": 0.005555052310228348, "lowlevel.spectral_energyband_low.stdev": 0.005322890356183052, "lowlevel.spectral_energyband_middle_high.mean": 0.0044196476228535175, "lowlevel.spectral_energyband_middle_high.stdev": 0.005184682086110115, "lowlevel.spectral_energyband_middle_low.mean": 0.0256019476801157, "lowlevel.spectral_energyband_middle_low.stdev": 0.013097249902784824, "lowlevel.spectral_entropy.mean": 6.51619291305542, "lowlevel.spectral_entropy.stdev": 0.869825005531311, "lowlevel.spectral_flux.mean": 0.06487445533275604, "lowlevel.spectral_flux.stdev": 0.03962155804038048, "lowlevel.spectral_kurtosis.mean": 19.18808364868164, "lowlevel.spectral_kurtosis.stdev": 24.40776252746582, "lowlevel.spectral_rms.mean": 0.005482624750584364, "lowlevel.spectral_rms.stdev": 0.0013356670970097184, "lowlevel.spectral_rolloff.mean": 1388.400390625, "lowlevel.spectral_rolloff.stdev": 2094.306396484375, "lowlevel.spectral_skewness.mean": 3.0990946292877197, "lowlevel.spectral_skewness.stdev": 1.9360617399215698, "lowlevel.spectral_spread.mean": 4633395.5, "lowlevel.spectral_spread.stdev": 3552352.5, "lowlevel.spectral_strongpeak.mean": 1.1531689167022705, "lowlevel.spectral_strongpeak.stdev": 0.8418365716934204, "lowlevel.zerocrossingrate.mean": 0.04988737404346466, "lowlevel.zerocrossingrate.stdev": 0.047934237867593765, "metadata.audio_properties.analysis.equal_loudness": 0.0, "metadata.audio_properties.analysis.length": 18.751995086669922, "metadata.audio_properties.analysis.sample_rate": 44100.0, "metadata.audio_properties.analysis.start_time": 0.0, "metadata.audio_properties.bit_rate": 118232.0, "metadata.audio_properties.length": 18.75200080871582, "metadata.audio_properties.lossless": 0.0, "metadata.audio_properties.number_channels": 1.0, "metadata.audio_properties.replay_gain": -5.67310905456543, "metadata.audio_properties.sample_rate": 48000.0, "rhythm.beats_count": 40.0, "rhythm.beats_loudness.mean": 0.03737116605043411, "rhythm.beats_loudness.stdev": 0.013971451669931412, "rhythm.bpm": 154.14859008789062, "rhythm.bpm_histogram_first_peak_bpm": 152.0, "rhythm.bpm_histogram_first_peak_weight": 0.0, "rhythm.bpm_histogram_second_peak_bpm": 157.0, "rhythm.bpm_histogram_second_peak_spread": 0.4166666865348816, "rhythm.bpm_histogram_second_peak_weight": 0.1794871836900711, "rhythm.danceability": 1.3838902711868286, "rhythm.onset_rate": 4.634232997894287, "tonal.chords_changes_rate": 0.051851850003004074, "tonal.chords_number_rate": 0.01975308731198311, "tonal.chords_strength.mean": 0.4456339478492737, "tonal.chords_strength.stdev": 0.10195676982402802, "tonal.hpcp_crest.mean": 20.556013107299805, "tonal.hpcp_crest.stdev": 7.477385997772217, "tonal.hpcp_entropy.mean": 1.1242753267288208, "tonal.hpcp_entropy.stdev": 0.5552582144737244, "tonal.key_edma.strength": 0.6093733310699463, "tonal.key_krumhansl.strength": 0.6264117360115051, "tonal.key_temperley.strength": 0.6330520510673523, "tonal.tuning_diatonic_strength": 0.4356313645839691, "tonal.tuning_equal_tempered_deviation": 0.017295263707637787, "tonal.tuning_frequency": 439.74591064453125, "tonal.tuning_nontempered_energy_ratio": 0.5870420932769775, "lowlevel.barkbands.mean": [6.520838724100031e-06, 0.00042327167466282845, 0.0014702141052111983, 0.006638354156166315, 0.005419194232672453, 0.006717628333717585, 0.0014422958483919501, 0.003395550651475787, 0.0016223661368712783, 0.0005207586218602955, 0.0024502244777977467, 0.0009425460593774915, 0.0001450459676561877, 0.00014623046445194632, 0.00017872465832624584, 5.829760993947275e-05, 6.558634777320549e-05, 4.320982043282129e-05, 4.810217797057703e-05, 4.646916931960732e-05, 5.170120857656002e-05, 0.00012287701247259974, 0.00015677436022087932, 0.0003087166987825185, 0.00018033529340755194, 3.7798803532496095e-05, 5.105091531731887e-07], "lowlevel.barkbands.stdev": [1.588625309523195e-05, 0.0012800822732970119, 0.0020241793245077133, 0.005162353161722422, 0.003877195529639721, 0.007490204647183418, 0.004568034317344427, 0.004510055761784315, 0.002827563090249896, 0.0021615850273519754, 0.003119075670838356, 0.0020321838092058897, 0.000785770476795733, 0.0005090702325105667, 0.000595604011323303, 0.00016165411216206849, 0.00014364100934471935, 0.00011327789252391085, 0.00013252004282549024, 0.00011562785948626697, 0.00013492967991624027, 0.0003935337590519339, 0.0003991702978964895, 0.0007570605957880616, 0.0004634764336515218, 9.68739332165569e-05, 2.457160690028104e-06], "lowlevel.erbbands.mean": [0.00320307444781065, 0.13950417935848236, 1.4160501956939697, 13.744889259338379, 16.625951766967773, 15.28210735321045, 53.578086853027344, 45.53208923339844, 32.54273986816406, 48.10932540893555, 60.78586959838867, 29.51674461364746, 24.954479217529297, 15.940555572509766, 119.09829711914062, 45.69126510620117, 9.115882873535156, 7.422153949737549, 10.578375816345215, 5.590455532073975, 3.069390058517456, 3.715519428253174, 2.8186092376708984, 1.8125921487808228, 3.014951705932617, 2.0785810947418213, 1.7961506843566895, 2.550288438796997, 4.166515350341797, 4.2792439460754395, 4.54038143157959, 5.396233081817627, 5.737649440765381, 2.750142812728882, 0.7952874898910522, 0.22077128291130066, 0.06004271283745766, 0.006912471726536751, 0.00016653392231091857, 4.6687491703778505e-05], "lowlevel.erbbands.stdev": [0.008057601749897003, 0.3926509916782379, 2.1585025787353516, 11.499085426330566, 13.228632926940918, 11.870404243469238, 45.316341400146484, 72.17867279052734, 89.25606536865234, 65.46233367919922, 91.66515350341797, 56.44674301147461, 89.82488250732422, 45.11601638793945, 136.75917053222656, 79.95925903320312, 33.63877487182617, 27.527210235595703, 34.574432373046875, 15.207793235778809, 7.391634941101074, 7.9802751541137695, 6.601526737213135, 5.051938533782959, 8.422380447387695, 5.012721538543701, 4.561538219451904, 6.891810894012451, 12.880867004394531, 13.444639205932617, 11.358675003051758, 13.065306663513184, 14.69687271118164, 7.016209602355957, 2.1010591983795166, 0.5731815099716187, 0.15813130140304565, 0.02037176862359047, 0.0004188386083114892, 2.705724364204798e-05], "lowlevel.gfcc.mean": [-56.2762336730957, 123.85193634033203, -92.1365966796875, -8.059224128723145, -93.80811309814453, 9.695734024047852, -55.69229507446289, -11.548133850097656, -43.94042205810547, -23.026824951171875, -6.563494682312012, -9.966812133789062, -10.83684253692627], "lowlevel.melbands.mean": [6.595133891096339e-05, 0.0007003829232417047, 0.002444732468575239, 0.0009647849365137517, 0.0016499614575877786, 0.001092142891138792, 0.0004298420390114188, 0.0005918044480495155, 0.000496100983582437, 0.0001718315907055512, 0.00011951638589380309, 4.1550654714228585e-05, 0.00032920585363171995, 0.0002127031475538388, 4.511278530117124e-05, 1.3951776054454967e-05, 1.3173533261578996e-05, 1.72082545759622e-05, 1.1009706213371828e-05, 4.645064564101631e-06, 3.3686228562146425e-06, 3.6817036743741482e-06, 3.662040626295493e-06, 1.7633446987019852e-06, 1.345401074104302e-06, 2.0063707779627293e-06, 2.2367566998582333e-06, 1.1503988162075984e-06, 1.0094609024235979e-06, 1.2479673614507192e-06, 1.5780908597662346e-06, 2.188564621974365e-06, 2.7640571715892293e-06, 2.26229417421564e-06, 2.4752159788477e-06, 2.853041905837017e-06, 3.577754341677064e-06, 4.297049144952325e-06, 3.440051841607783e-06, 1.9293593140901066e-06], "lowlevel.melbands.stdev": [0.000194832929992117, 0.0009364963625557721, 0.0016974571626633406, 0.0007677662651985884, 0.00114830385427922, 0.0015318323858082294, 0.0011727039236575365, 0.0008020554087124765, 0.0007419900503009558, 0.0003750413015950471, 0.0004475162422750145, 0.00016358149878215045, 0.00043784387526102364, 0.00029751003603450954, 9.931170643540099e-05, 8.419482037425041e-05, 5.005553248338401e-05, 5.7121069403365254e-05, 3.5066095733782277e-05, 1.3536135156755336e-05, 8.548030564270448e-06, 8.328839612659067e-06, 8.090897608781233e-06, 4.877673291048268e-06, 4.019123480247799e-06, 5.464939931698609e-06, 6.5957601691479795e-06, 2.7187520572624635e-06, 2.6284606065019034e-06, 3.423919906708761e-06, 4.4005578274664e-06, 6.434732313209679e-06, 1.0430103429825976e-05, 6.786928224755684e-06, 6.408150056813611e-06, 7.4391919042682275e-06, 8.769744454184547e-06, 1.1319618351990357e-05, 9.130961188930087e-06, 5.0635812840482686e-06], "lowlevel.melbands128.mean": [4.028417151857866e-06, 9.91743854683591e-06, 3.071258106501773e-05, 0.00028118884074501693, 0.0004204691795166582, 0.0008567632175981998, 0.0029657550621777773, 0.0031235762871801853, 0.0016203307313844562, 0.0004590619937516749, 0.0006654414464719594, 0.0015722262905910611, 0.0022364428732544184, 0.001440198509953916, 0.0008743680664338171, 0.001089638564735651, 0.0008097410318441689, 0.00021622449276037514, 6.97377763572149e-05, 0.0005827168351970613, 0.0009351042681373656, 0.00037082942435517907, 0.0005747610121034086, 0.000457670830655843, 8.901634282665327e-05, 0.00011765072122216225, 0.00015233307203743607, 0.00015878010890446603, 5.221460378379561e-05, 1.9604305634857155e-05, 3.964358620578423e-05, 7.687841571168974e-05, 0.0002359581703785807, 0.0007934816530905664, 0.000121691933600232, 0.0001403802598360926, 0.00011423850082792342, 2.5975756216212176e-05, 1.547608189866878e-05, 1.5427165635628626e-05, 1.3462426977639552e-05, 1.1884300874953624e-05, 1.4273140550358221e-05, 1.3140579540049657e-05, 1.1944806828978471e-05, 2.3405218598782085e-05, 1.6317506378982216e-05, 1.1017696124326903e-05, 9.452948688704055e-06, 5.237625828158343e-06, 4.596005055645946e-06, 2.974967856061994e-06, 3.415519586269511e-06, 3.5714551813725848e-06, 3.122070211247774e-06, 3.2450400340167107e-06, 4.647837158699986e-06, 4.4285102376306895e-06, 3.2535847367398674e-06, 2.4614419089630246e-06, 1.5835975091249566e-06, 1.2280504506634315e-06, 1.5342981214416795e-06, 1.1981596799159888e-06, 1.3536946426029317e-06, 1.9535350475052837e-06, 2.458211838529678e-06, 2.4943301468738355e-06, 2.378240651523811e-06, 1.688532961452438e-06, 1.0105486580869183e-06, 9.362983632854593e-07, 9.943004215529072e-07, 9.481594815952121e-07, 1.1679417184495833e-06, 1.2082745115549187e-06, 1.3120142057232442e-06, 1.243091332980839e-06, 1.470645997869724e-06, 2.1452012788358843e-06, 1.9354788491909858e-06, 2.575712642283179e-06, 2.0923105239489814e-06, 3.746245965885464e-06, 2.052140644082101e-06, 2.0771583422174444e-06, 2.436695922369836e-06, 2.361412725804257e-06, 2.4549258341721725e-06, 2.5063782231882215e-06, 2.9304574127309024e-06, 2.982645128213335e-06, 2.6360621632193215e-06, 3.2284283406625036e-06, 4.394640654936666e-06, 4.760397132486105e-06, 4.228910711390199e-06, 3.818554432655219e-06, 3.5809514429274714e-06, 3.331107109261211e-06, 2.24389827963023e-06, 1.7057215018212446e-06, 1.5906435919532669e-06, 1.0519634088268504e-06, 7.768819614284439e-07, 6.327584856080648e-07, 5.761585271102376e-07, 4.889511728833895e-07, 2.967557009014854e-07, 2.977764097522595e-07, 2.3059013187776145e-07, 2.0280495505176077e-07, 1.8254613110002538e-07, 1.7148687447843258e-07, 1.3460586956171028e-07, 6.695624676922307e-08, 2.015164568547334e-08, 3.4250891012277407e-09, 7.836705590014148e-11, 5.1241992420070215e-12, 4.9559115491981665e-12, 4.8464769523970386e-12, 4.763484311859356e-12, 4.6591883996749406e-12, 4.4664476110678475e-12, 4.187489330981231e-12, 4.0320398929372114e-12, 3.991474251813232e-12], "lowlevel.melbands128.stdev": [1.1686832294799387e-05, 2.8409382139216177e-05, 9.126660734182224e-05, 0.0008618042338639498, 0.0012586746597662568, 0.0010584843112155795, 0.002921294653788209, 0.002445463789626956, 0.0016843598568812013, 0.0009259480284526944, 0.0007826664950698614, 0.001080277026630938, 0.002292721765115857, 0.0016948633128777146, 0.00200333702377975, 0.0025280630216002464, 0.0024771837051957846, 0.0009928228100761771, 0.0002997416304424405, 0.0008955480298027396, 0.00128162931650877, 0.001018631854094565, 0.0010715043172240257, 0.0007438068860210478, 0.0003566554223652929, 0.000617720652371645, 0.0006385832093656063, 0.0007408830570057034, 0.00033452833304181695, 6.808913894928992e-05, 0.00022920292394701391, 0.00045429629972204566, 0.0005528826150111854, 0.0008253843989223242, 0.00036914824158884585, 0.0004320175212342292, 0.00022871037072036415, 0.00011986587924184278, 8.315485320053995e-05, 9.831780334934592e-05, 0.00011374508176231757, 6.848438351880759e-05, 7.511959847761318e-05, 5.304863225319423e-05, 5.71277632843703e-05, 9.027282794704661e-05, 8.145358151523396e-05, 4.032822107546963e-05, 3.579944677767344e-05, 1.696919025562238e-05, 1.890834028017707e-05, 8.711958798812702e-06, 1.1377083865227178e-05, 1.0017084605351556e-05, 9.522638720227405e-06, 8.393521966354456e-06, 1.3334146387933288e-05, 9.697116183815524e-06, 1.1567756700969767e-05, 6.9871757659711875e-06, 5.124843937664991e-06, 4.369289399619447e-06, 5.768431492469972e-06, 3.6964800074201776e-06, 3.5296643545734696e-06, 5.150250672159018e-06, 8.432883078057785e-06, 7.724766874162015e-06, 8.445078492513858e-06, 5.473909368447494e-06, 2.747811095105135e-06, 2.3994014100026106e-06, 3.087680397584336e-06, 2.70393502432853e-06, 3.387693595868768e-06, 3.662126800918486e-06, 3.905547146132449e-06, 3.7549325497820973e-06, 4.426219675224274e-06, 6.331788881652756e-06, 5.554335075430572e-06, 8.881607755029108e-06, 7.138597993616713e-06, 1.744614746712614e-05, 6.6236088969162665e-06, 6.731645498803118e-06, 8.050912583712488e-06, 6.8978529270680156e-06, 6.978433248150395e-06, 6.946795565454522e-06, 9.273114301322494e-06, 8.036442523007281e-06, 6.842244147264864e-06, 8.09739049145719e-06, 1.185264227387961e-05, 1.3349276741791982e-05, 1.215488100569928e-05, 1.0438722711114679e-05, 1.0047428986581508e-05, 9.577773198543582e-06, 5.996904292260297e-06, 4.741040811495623e-06, 4.7413459469680674e-06, 3.036305542991613e-06, 2.397394837316824e-06, 1.8129647969544749e-06, 1.5934260773065034e-06, 1.335936872237653e-06, 8.076728477135475e-07, 9.33024921323522e-07, 7.156220931392454e-07, 6.323249976958323e-07, 5.120532478031237e-07, 4.900064141111216e-07, 4.199707746010972e-07, 2.510380170406279e-07, 9.679029489007007e-08, 1.7598086543557656e-08, 1.0962646346257543e-09, 6.438163804162178e-12, 6.232475039530394e-12, 6.087916629149426e-12, 5.95775425521472e-12, 5.848607188829735e-12, 5.759335716670755e-12, 5.681434489535064e-12, 5.6286932580140725e-12, 5.5967500599274356e-12], "lowlevel.mfcc.mean": [-711.78564453125, 157.09344482421875, 41.07495880126953, -15.779133796691895, -7.976621150970459, -12.801515579223633, -4.05473518371582, -6.996928691864014, -26.184804916381836, -20.601451873779297, -20.490558624267578, -6.91405725479126, 2.187263011932373], "lowlevel.spectral_contrast_coeffs.mean": [-0.49347323179244995, -0.6493284106254578, -0.6677448749542236, -0.8096390962600708, -0.783172070980072, -0.8230539560317993], "lowlevel.spectral_contrast_coeffs.stdev": [0.074815534055233, 0.06608876585960388, 0.05974538251757622, 0.05385458469390869, 0.06608134508132935, 0.03380235284566879], "lowlevel.spectral_contrast_valleys.mean": [-7.67234992980957, -6.998551368713379, -7.831844329833984, -8.767163276672363, -9.136292457580566, -10.66454792022705], "lowlevel.spectral_contrast_valleys.stdev": [0.9137282967567444, 0.6863513588905334, 0.6454213261604309, 0.85466468334198, 0.9873165488243103, 1.362204670906067], "rhythm.beats_loudness_band_ratio.mean": [0.30416005849838257, 0.3371015191078186, 0.2406913787126541, 0.11358273029327393, 0.01870501972734928, 0.06082965061068535], "rhythm.beats_loudness_band_ratio.stdev": [0.19321924448013306, 0.16517461836338043, 0.20271015167236328, 0.08782047778367996, 0.027586422860622406, 0.10733529180288315], "tonal.hpcp.mean": [0.008302659727633, 0.004970417357981205, 0.005310339387506247, 0.0076719019562006, 0.006691982503980398, 0.009169614873826504, 0.012051125057041645, 0.008099263533949852, 0.23115739226341248, 0.4694990813732147, 0.2419600635766983, 0.006936659105122089, 0.016418909654021263, 0.025755157694220543, 0.1305890828371048, 0.2721584141254425, 0.16538174450397491, 0.15803205966949463, 0.29671362042427063, 0.1545020192861557, 0.011295385658740997, 0.009016149677336216, 0.013480905443429947, 0.1391700804233551, 0.22569739818572998, 0.1113724410533905, 0.039067309349775314, 0.04971442371606827, 0.04903293028473854, 0.12319768220186234, 0.17743046581745148, 0.09256244450807571, 0.035210635513067245, 0.028913721442222595, 0.011637095361948013, 0.006687897723168135], "tonal.hpcp.stdev": [0.05060094967484474, 0.0225220900028944, 0.02387886680662632, 0.03310408443212509, 0.025095392018556595, 0.03886205330491066, 0.06415307521820068, 0.047856446355581284, 0.20941750705242157, 0.4059312641620636, 0.208156555891037, 0.0350465252995491, 0.08151975274085999, 0.10870024561882019, 0.20033493638038635, 0.38392549753189087, 0.24408432841300964, 0.21367183327674866, 0.4062351882457733, 0.22702042758464813, 0.05489877611398697, 0.03446966037154198, 0.04817624390125275, 0.24386455118656158, 0.37465742230415344, 0.2075214982032776, 0.13160939514636993, 0.16663964092731476, 0.16315330564975739, 0.2290869951248169, 0.3296956419944763, 0.18552686274051666, 0.13934709131717682, 0.13194604218006134, 0.05993039160966873, 0.031854066997766495], "rhythm.beats_position": [0.5804988741874695, 1.172607660293579, 1.7763265371322632, 2.3684353828430176, 2.9489340782165527, 3.4829931259155273, 3.982222080230713, 4.481451034545898, 4.992290019989014, 5.503129005432129, 6.0023579597473145, 6.501587390899658, 7.012426376342773, 7.511655330657959, 8.022494316101074, 8.533332824707031, 9.055782318115234, 9.578230857849121, 10.112290382385254, 10.50702953338623, 10.890158653259277, 11.273287773132324, 11.6680269241333, 12.062766075134277, 12.445895195007324, 12.8406343460083, 13.212154388427734, 13.583673477172852, 13.966802597045898, 14.338321685791016, 14.721450805664062, 15.08135986328125, 15.452879905700684, 15.8243989944458, 16.21913719177246, 16.60226821899414, 16.997007369995117, 17.391746520996094, 17.78648567199707, 18.169614791870117], "rhythm.bpm_histogram": [0.0, 0.0, 0.0, 0.0, 0.0, 0.0, 0.0, 0.0, 0.0, 0.0, 0.0, 0.0, 0.0, 0.0, 0.0, 0.0, 0.0, 0.0, 0.0, 0.0, 0.0, 0.0, 0.0, 0.0, 0.0, 0.0, 0.0, 0.0, 0.0, 0.0, 0.0, 0.0, 0.0, 0.0, 0.0, 0.0, 0.0, 0.0, 0.0, 0.0, 0.0, 0.0, 0.0, 0.0, 0.0, 0.0, 0.0, 0.0, 0.0, 0.0, 0.0, 0.0, 0.0, 0.0, 0.0, 0.0, 0.0, 0.0, 0.0, 0.0, 0.0, 0.0, 0.0, 0.0, 0.0, 0.0, 0.0, 0.0, 0.0, 0.0, 0.0, 0.0, 0.0, 0.0, 0.0, 0.0, 0.0, 0.0, 0.0, 0.0, 0.0, 0.0, 0.0, 0.0, 0.0, 0.0, 0.0, 0.0, 0.0, 0.0, 0.0, 0.0, 0.0, 0.0, 0.0, 0.0, 0.0, 0.0, 0.0, 0.025641025975346565, 0.0, 0.05128205195069313, 0.0, 0.025641025975346565, 0.0, 0.0, 0.0, 0.0, 0.0, 0.0, 0.0, 0.0, 0.05128205195069313, 0.0, 0.0, 0.05128205195069313, 0.0, 0.12820513546466827, 0.0, 0.0, 0.12820513546466827, 0.0, 0.0, 0.0, 0.0, 0.0, 0.0, 0.0, 0.0, 0.0, 0.0, 0.0, 0.0, 0.0, 0.0, 0.0, 0.0, 0.0, 0.0, 0.0, 0.0, 0.0, 0.0, 0.0, 0.0, 0.0, 0.0, 0.0, 0.0, 0.0, 0.0, 0.0, 0.20512820780277252, 0.0, 0.0, 0.0, 0.0, 0.1794871836900711, 0.0, 0.0, 0.0, 0.12820513546466827, 0.0, 0.0, 0.0, 0.0, 0.0, 0.025641025975346565, 0.0, 0.0, 0.0, 0.0, 0.0, 0.0, 0.0, 0.0, 0.0, 0.0, 0.0, 0.0, 0.0, 0.0, 0.0, 0.0, 0.0, 0.0, 0.0, 0.0, 0.0, 0.0, 0.0, 0.0, 0.0, 0.0, 0.0, 0.0, 0.0, 0.0, 0.0, 0.0, 0.0, 0.0, 0.0, 0.0, 0.0, 0.0, 0.0, 0.0, 0.0, 0.0, 0.0, 0.0, 0.0, 0.0, 0.0, 0.0, 0.0, 0.0, 0.0, 0.0, 0.0, 0.0, 0.0, 0.0, 0.0, 0.0, 0.0, 0.0, 0.0, 0.0, 0.0, 0.0, 0.0, 0.0, 0.0, 0.0, 0.0, 0.0, 0.0, 0.0, 0.0, 0.0, 0.0, 0.0, 0.0, 0.0, 0.0, 0.0, 0.0, 0.0], "tonal.chords_histogram": [23.703702926635742, 0.0, 0.0, 7.654321193695068, 0.0, 5.9259257316589355, 0.0, 5.185184955596924, 0.0, 13.333333015441895, 3.7037036418914795, 0.0, 0.0, 0.0, 0.0, 0.0, 0.0, 0.0, 0.0, 0.0, 0.0, 0.0, 21.234567642211914, 19.259260177612305], "tonal.thpcp": [1.0, 0.5153579115867615, 0.014774595387279987, 0.034971121698617935, 0.05485667288303375, 0.27814555168151855, 0.5796782970428467, 0.35225147008895874, 0.33659717440605164, 0.6319791078567505, 0.32907843589782715, 0.024058377370238304, 0.01920376345515251, 0.028713379055261612, 0.29642248153686523, 0.48071956634521484, 0.23721545934677124, 0.08321061730384827, 0.10588822513818741, 0.10443668812513351, 0.26240238547325134, 0.3779143989086151, 0.19715149700641632, 0.07499617338180542, 0.061584193259477615, 0.024786194786429405, 0.014244751073420048, 0.017684081569314003, 0.010586638934910297, 0.01131064910441637, 0.01634061150252819, 0.014253451488912106, 0.019530633464455605, 0.02566804736852646, 0.01725086197257042, 0.49234896898269653], "lowlevel.gfcc.cov": [[4318.35546875, -2912.241943359375, -251.12615966796875, 951.4725341796875, -556.7305297851562, 228.3428955078125, -335.0076904296875, 418.9516906738281, -283.039794921875, 300.6844177246094, -494.32159423828125, 82.51055145263672, -377.2904052734375], [-2912.241943359375, 3807.45947265625, -478.4203796386719, -679.4544677734375, 1056.446044921875, -425.52850341796875, 242.12060546875, -109.70367431640625, 495.6722717285156, -657.7559814453125, 496.66229248046875, -399.2389831542969, 272.05322265625], [-251.12615966796875, -478.4203796386719, 1347.4404296875, 354.6901550292969, -134.6678009033203, 399.1222839355469, 278.48748779296875, -186.22911071777344, -150.46597290039062, 183.06263732910156, -114.84288024902344, 243.72604370117188, 0.3917344808578491], [951.4725341796875, -679.4544677734375, 354.6901550292969, 804.218994140625, 133.83819580078125, 174.30322265625, 35.508216857910156, 63.03688049316406, -74.34455871582031, 82.71357727050781, -168.001708984375, 78.28912353515625, -64.959716796875], [-556.7305297851562, 1056.446044921875, -134.6678009033203, 133.83819580078125, 664.8256225585938, -67.24297332763672, -2.6774075031280518, 12.845372200012207, 174.00970458984375, -174.0123748779297, 67.33306884765625, -114.28026580810547, 46.30067443847656], [228.3428955078125, -425.52850341796875, 399.1222839355469, 174.30322265625, -67.24297332763672, 325.3663024902344, 90.16185760498047, -78.65324401855469, -90.2137451171875, 77.28055572509766, -103.06769561767578, 44.52345657348633, -48.81535720825195], [-335.0076904296875, 242.12060546875, 278.48748779296875, 35.508216857910156, -2.6774075031280518, 90.16185760498047, 280.88031005859375, -50.974830627441406, -39.83969497680664, -71.33851623535156, 6.153881072998047, -9.0892972946167, 11.084875106811523], [418.9516906738281, -109.70367431640625, -186.22911071777344, 63.03688049316406, 12.845372200012207, -78.65324401855469, -50.974830627441406, 175.48460388183594, 9.92184066772461, -50.75400161743164, -34.4261360168457, -27.905092239379883, -43.60728073120117], [-283.039794921875, 495.6722717285156, -150.46597290039062, -74.34455871582031, 174.00970458984375, -90.2137451171875, -39.83969497680664, 9.92184066772461, 157.04183959960938, -64.87126922607422, 54.564361572265625, -67.45516204833984, 46.76572036743164], [300.6844177246094, -657.7559814453125, 183.06263732910156, 82.71357727050781, -174.0123748779297, 77.28055572509766, -71.33851623535156, -50.75400161743164, -64.87126922607422, 265.97003173828125, -60.21815872192383, 72.7893295288086, -14.994855880737305], [-494.32159423828125, 496.66229248046875, -114.84288024902344, -168.001708984375, 67.33306884765625, -103.06769561767578, 6.153881072998047, -34.4261360168457, 54.564361572265625, -60.21815872192383, 195.84078979492188, -33.29781723022461, 67.48336791992188], [82.51055145263672, -399.2389831542969, 243.72604370117188, 78.28912353515625, -114.28026580810547, 44.52345657348633, -9.0892972946167, -27.905092239379883, -67.45516204833984, 72.7893295288086, -33.29781723022461, 185.97422790527344, -7.0323896408081055], [-377.2904052734375, 272.05322265625, 0.3917344808578491, -64.959716796875, 46.30067443847656, -48.81535720825195, 11.084875106811523, -43.60728073120117, 46.76572036743164, -14.994855880737305, 67.48336791992188, -7.0323896408081055, 107.08155822753906]], "lowlevel.gfcc.icov": [[0.001197925303131342, 0.0006502229371108115, 0.00032476085470989347, -0.001023966004140675, 0.0005263209459371865, -0.0002825612318702042, 0.0006066519999876618, -0.0010714324889704585, -0.0004677805700339377, 0.0004903594381175935, 0.00010779936565086246, 0.0008385737892240286, 0.0013510162243619561], [0.0006502229371108115, 0.004653128329664469, -0.00135081447660923, 0.0019521822687238455, -0.004076204728335142, 0.0027362587861716747, -0.0017974900547415018, 0.0019092155853286386, -0.0036634874995797873, 0.00490198377519846, -0.002833718666806817, 0.003931621089577675, -3.7751593481516466e-05], [0.00032476085470989347, -0.00135081447660923, 0.00295203342102468, -0.0014909036690369248, 0.0015301137464120984, -0.0027970420196652412, -0.0011439103400334716, -0.0007562900427728891, 0.00047643299330957234, -0.0026072959881275892, 0.0010561483213678002, -0.003459587460383773, 6.869120261399075e-05], [-0.001023966004140675, 0.0019521822687238455, -0.0014909036690369248, 0.004617873579263687, -0.004205234814435244, 0.0013617743970826268, -0.0019748632330447435, 0.0007377651054412127, -0.0006456897244788706, 0.0014032406033948064, -0.0007182513363659382, 0.0007777170394547284, -0.001834580209106207], [0.0005263209459371865, -0.004076204728335142, 0.0015301137464120984, -0.004205234814435244, 0.007758752908557653, -0.0029554141219705343, 0.003030220279470086, -0.00197608326561749, 0.0005531060160137713, -0.0026954705826938152, 0.0024056248366832733, -0.0021470109932124615, 0.001557326759211719], [-0.0002825612318702042, 0.0027362587861716747, -0.0027970420196652412, 0.0013617743970826268, -0.0029554141219705343, 0.009216160513460636, -0.0013093363959342241, 0.004951347131282091, -0.00045373261673375964, 0.0033683725632727146, 5.582320591202006e-05, 0.004329700022935867, 0.0014391397126019], [0.0006066519999876618, -0.0017974900547415018, -0.0011439103400334716, -0.0019748632330447435, 0.003030220279470086, -0.0013093363959342241, 0.00846308283507824, -0.000568946183193475, 0.003575817681849003, 0.0015183341456577182, 0.0012082295725122094, 0.0016440569888800383, 0.000492959632538259], [-0.0010714324889704585, 0.0019092155853286386, -0.0007562900427728891, 0.0007377651054412127, -0.00197608326561749, 0.004951347131282091, -0.000568946183193475, 0.012906167656183243, -0.001839451608248055, 0.004826939199119806, -6.416175892809406e-05, 0.0022682584822177887, 0.0019196661887690425], [-0.0004677805700339377, -0.0036634874995797873, 0.00047643299330957234, -0.0006456897244788706, 0.0005531060160137713, -0.00045373261673375964, 0.003575817681849003, -0.001839451608248055, 0.016082048416137695, -0.003157086903229356, 0.002671402646228671, -0.0002462162228766829, -0.0034646550193428993], [0.0004903594381175935, 0.00490198377519846, -0.0026072959881275892, 0.0014032406033948064, -0.0026954705826938152, 0.0033683725632727146, 0.0015183341456577182, 0.004826939199119806, -0.003157086903229356, 0.012605619616806507, -0.002259621862322092, 0.004966776352375746, -0.00046179225319065154], [0.00010779936565086246, -0.002833718666806817, 0.0010561483213678002, -0.0007182513363659382, 0.0024056248366832733, 5.582320591202006e-05, 0.0012082295725122094, -6.416175892809406e-05, 0.002671402646228671, -0.002259621862322092, 0.010779475793242455, -0.0020072385668754578, -0.002434489782899618], [0.0008385737892240286, 0.003931621089577675, -0.003459587460383773, 0.0007777170394547284, -0.0021470109932124615, 0.004329700022935867, 0.0016440569888800383, 0.0022682584822177887, -0.0002462162228766829, 0.004966776352375746, -0.0020072385668754578, 0.013325754553079605, 4.913308293907903e-05], [0.0013510162243619561, -3.7751593481516466e-05, 6.869120261399075e-05, -0.001834580209106207, 0.001557326759211719, 0.0014391397126019, 0.000492959632538259, 0.0019196661887690425, -0.0034646550193428993, -0.00046179225319065154, -0.002434489782899618, 4.913308293907903e-05, 0.016780897974967957]], "lowlevel.mfcc.cov": [[4960.33984375, -3073.15380859375, -247.87144470214844, 281.31988525390625, -47.525611877441406, -215.74813842773438, -145.44412231445312, -0.447954386472702, 44.43199920654297, 227.44834899902344, 129.9640655517578, -192.91256713867188, -141.46005249023438], [-3073.15380859375, 3890.017333984375, -953.4332275390625, -194.48580932617188, 457.3202819824219, -343.8487243652344, -0.39511042833328247, 281.13970947265625, -78.52625274658203, 44.98440933227539, 44.90777587890625, -10.100653648376465, -26.033000946044922], [-247.87144470214844, -953.4332275390625, 1432.7027587890625, 111.94549560546875, -301.1326599121094, 541.1943969726562, 240.02627563476562, -23.36549949645996, 130.9552764892578, -128.05836486816406, -68.159912109375, 117.2518539428711, 53.44536590576172], [281.31988525390625, -194.48580932617188, 111.94549560546875, 534.8143310546875, 207.1053466796875, 140.0034942626953, 74.73554229736328, 124.57024383544922, 94.08592987060547, 1.6691607236862183, -3.5800440311431885, -3.304818630218506, -8.511465072631836], [-47.525611877441406, 457.3202819824219, -301.1326599121094, 207.1053466796875, 512.3223876953125, 30.812053680419922, -44.62407302856445, 91.96875762939453, 14.313131332397461, 56.82496643066406, 35.086185455322266, -21.489028930664062, -10.580370903015137], [-215.74813842773438, -343.8487243652344, 541.1943969726562, 140.0034942626953, 30.812053680419922, 512.6617431640625, 148.1058807373047, -32.627037048339844, 91.14092254638672, -18.907564163208008, 7.436706066131592, 24.512554168701172, -31.080257415771484], [-145.44412231445312, -0.39511042833328247, 240.02627563476562, 74.73554229736328, -44.62407302856445, 148.1058807373047, 223.2846221923828, 66.17493438720703, 26.36406135559082, 12.648717880249023, 14.50265884399414, -9.374201774597168, -48.06985855102539], [-0.447954386472702, 281.13970947265625, -23.36549949645996, 124.57024383544922, 91.96875762939453, -32.627037048339844, 66.17493438720703, 296.3748779296875, 37.451622009277344, -24.810178756713867, 10.155740737915039, -47.683021545410156, -21.579988479614258], [44.43199920654297, -78.52625274658203, 130.9552764892578, 94.08592987060547, 14.313131332397461, 91.14092254638672, 26.36406135559082, 37.451622009277344, 153.3044891357422, 15.05202865600586, -16.631948471069336, 2.2714765071868896, -24.47364044189453], [227.44834899902344, 44.98440933227539, -128.05836486816406, 1.6691607236862183, 56.82496643066406, -18.907564163208008, 12.648717880249023, -24.810178756713867, 15.05202865600586, 179.67474365234375, 56.06534194946289, -57.77099609375, -28.267322540283203], [129.9640655517578, 44.90777587890625, -68.159912109375, -3.5800440311431885, 35.086185455322266, 7.436706066131592, 14.50265884399414, 10.155740737915039, -16.631948471069336, 56.06534194946289, 109.4643783569336, -14.738603591918945, -38.15644836425781], [-192.91256713867188, -10.100653648376465, 117.2518539428711, -3.304818630218506, -21.489028930664062, 24.512554168701172, -9.374201774597168, -47.683021545410156, 2.2714765071868896, -57.77099609375, -14.738603591918945, 99.00892639160156, 28.053089141845703], [-141.46005249023438, -26.033000946044922, 53.44536590576172, -8.511465072631836, -10.580370903015137, -31.080257415771484, -48.06985855102539, -21.579988479614258, -24.47364044189453, -28.267322540283203, -38.15644836425781, 28.053089141845703, 115.23351287841797]], "lowlevel.mfcc.icov": [[0.000988105544820428, 0.001020645024254918, 0.00028607831336557865, -0.00014010425365995616, -0.00031696935184299946, 0.0007383059128187597, 0.0003635517496149987, -0.0007150839664973319, -3.39207545039244e-05, -0.000829504628200084, -0.0005316608585417271, 0.00026838399935513735, 0.001036243629641831], [0.001020645024254918, 0.0014740789774805307, 0.000604892848059535, 0.00024941397714428604, -0.0006682821549475193, 0.0007613968919031322, -8.160308061633259e-05, -0.0011824136599898338, -0.00010315835243090987, -0.000923848885577172, -0.00042052363278344274, -0.0003357998502906412, 0.0009063258767127991], [0.00028607831336557865, 0.000604892848059535, 0.00245070387609303, 0.00012036874977638945, 0.000989321037195623, -0.001784002874046564, -0.0010915753664448857, -0.0010310662910342216, -0.0006685641128569841, -0.0001773647964000702, 0.0002615721896290779, -0.0018991981633007526, -0.0013152194442227483], [-0.00014010425365995616, 0.00024941397714428604, 0.00012036874977638945, 0.0032396672759205103, -0.0014571738429367542, -0.0003067791694775224, -0.0012059630826115608, -0.0008825836121104658, -0.0012907705968245864, 0.0002585522015579045, 0.000290532479993999, -0.0006163355428725481, -0.0007815374410711229], [-0.00031696935184299946, -0.0006682821549475193, 0.000989321037195623, -0.0014571738429367542, 0.004151851404458284, -0.002130528911948204, 0.0015370104229077697, -0.0009841045830398798, 0.0007170145981945097, -0.0011310175759717822, 0.00023434360628016293, -0.0012835182715207338, -0.0005782177322544158], [0.0007383059128187597, 0.0007613968919031322, -0.001784002874046564, -0.0003067791694775224, -0.002130528911948204, 0.005748219788074493, -0.0015441504074260592, 0.0017159197013825178, -0.001529624336399138, 0.0008942591375671327, -0.001777241239324212, 0.0022301655262708664, 0.0016781678423285484], [0.0003635517496149987, -8.160308061633259e-05, -0.0010915753664448857, -0.0012059630826115608, 0.0015370104229077697, -0.0015441504074260592, 0.009040117263793945, -0.0024687997065484524, 0.0023207347840070724, -0.002694291528314352, 0.0006056777783669531, -0.0003308152954559773, 0.003991513978689909], [-0.0007150839664973319, -0.0011824136599898338, -0.0010310662910342216, -0.0008825836121104658, -0.0009841045830398798, 0.0017159197013825178, -0.0024687997065484524, 0.007206524722278118, -0.0021090738009661436, 0.0042304121889173985, -0.001731937751173973, 0.004878305830061436, -0.0012110493844375014], [-3.39207545039244e-05, -0.00010315835243090987, -0.0006685641128569841, -0.0012907705968245864, 0.0007170145981945097, -0.001529624336399138, 0.0023207347840070724, -0.0021090738009661436, 0.010091504082083702, -0.0033642735797911882, 0.003530107671394944, -0.002223266987130046, 0.0034043292980641127], [-0.000829504628200084, -0.000923848885577172, -0.0001773647964000702, 0.0002585522015579045, -0.0011310175759717822, 0.0008942591375671327, -0.002694291528314352, 0.0042304121889173985, -0.0033642735797911882, 0.011452680453658104, -0.004807510878890753, 0.006551042664796114, -0.002411807421594858], [-0.0005316608585417271, -0.00042052363278344274, 0.0002615721896290779, 0.000290532479993999, 0.00023434360628016293, -0.001777241239324212, 0.0006056777783669531, -0.001731937751173973, 0.003530107671394944, -0.004807510878890753, 0.014054023660719395, -0.0035074022598564625, 0.003700858913362026], [0.00026838399935513735, -0.0003357998502906412, -0.0018991981633007526, -0.0006163355428725481, -0.0012835182715207338, 0.0022301655262708664, -0.0003308152954559773, 0.004878305830061436, -0.002223266987130046, 0.006551042664796114, -0.0035074022598564625, 0.01825764775276184, -0.0021231472492218018], [0.001036243629641831, 0.0009063258767127991, -0.0013152194442227483, -0.0007815374410711229, -0.0005782177322544158, 0.0016781678423285484, 0.003991513978689909, -0.0012110493844375014, 0.0034043292980641127, -0.002411807421594858, 0.003700858913362026, -0.0021231472492218018, 0.014418656937777996]], "metadata.audio_properties.analysis.downmix": "mix", "metadata.audio_properties.codec": "mp3", "metadata.audio_properties.md5_encoded": "59ef446d58d248a9af36c21eaf3d72cb", "metadata.tags.file_name": "1183659629692071956.mp3", "metadata.version.essentia": "2.1-beta6-dev", "metadata.version.essentia_git_sha": "v2.1_beta5-1110-g77a6a954", "metadata.version.extractor": "music 2.0", "tonal.chords_key": "C", "tonal.chords_scale": "minor", "tonal.key_edma.key": "C", "tonal.key_edma.scale": "minor", "tonal.key_krumhansl.key": "C", "tonal.key_krumhansl.scale": "minor", "tonal.key_temperley.key": "C", "tonal.key_temperley.scale": "minor", "metadata.tags.encoding": ["Lavf58.45.100"]}, "essentia_models": [{"model_name": "genre_dortmund", "activations": {"alternative": "0.19811948", "blues": "0.005337564", "electronic": "0.070176765", "folkcountry": "0.087739475", "funksoulrnb": "0.026096677", "jazz": "0.013123243", "pop": "0.04788528", "raphiphop": "0.15273662", "rock": "0.201597