{"song_id": "1183646447732801627", "download": "https://cdn.discordapp.com/attachments/1135903449314238464/1183646447732801627/chirp.mp4?ex=658917a8&amp", "lyrics": "LM es la empresa que cuida tu carro\nDesde los paneles de seguridad hasta el lavado\nTe ofrece un servicio de calidad y garant\u00eda\nUn spa para autos que te da alegr\u00eda\n\nNo importa si tu carro es nuevo o viejo\nLM lo trata con respeto y esmero\nLo limpia, lo pule, lo repara y lo protege\nLo deja como nuevo, brillante y reluciente", "style": ["hip hop"], "essentia_features": {"lowlevel.average_loudness": 0.8968416452407837, "lowlevel.barkbands_crest.mean": 13.109241485595703, "lowlevel.barkbands_crest.stdev": 6.117983818054199, "lowlevel.barkbands_flatness_db.mean": 0.18907064199447632, "lowlevel.barkbands_flatness_db.stdev": 0.07774649560451508, "lowlevel.barkbands_kurtosis.mean": 15.18114185333252, "lowlevel.barkbands_kurtosis.stdev": 45.74702453613281, "lowlevel.barkbands_skewness.mean": 2.144387722015381, "lowlevel.barkbands_skewness.stdev": 3.033249855041504, "lowlevel.barkbands_spread.mean": 21.766357421875, "lowlevel.barkbands_spread.stdev": 18.938840866088867, "lowlevel.dissonance.mean": 0.4480995833873749, "lowlevel.dissonance.stdev": 0.05731114000082016, "lowlevel.dynamic_complexity": 3.2008652687072754, "lowlevel.erbbands_crest.mean": 10.807127952575684, "lowlevel.erbbands_crest.stdev": 4.773807048797607, "lowlevel.erbbands_flatness_db.mean": 0.19090116024017334, "lowlevel.erbbands_flatness_db.stdev": 0.0657433569431305, "lowlevel.erbbands_kurtosis.mean": 1.709462285041809, "lowlevel.erbbands_kurtosis.stdev": 3.9728989601135254, "lowlevel.erbbands_skewness.mean": 0.1511564403772354, "lowlevel.erbbands_skewness.stdev": 1.1779009103775024, "lowlevel.erbbands_spread.mean": 38.2729606628418, "lowlevel.erbbands_spread.stdev": 27.868980407714844, "lowlevel.hfc.mean": 23.784440994262695, "lowlevel.hfc.stdev": 21.495803833007812, "lowlevel.loudness_ebu128.integrated": -13.492521286010742, "lowlevel.loudness_ebu128.loudness_range": 5.768327713012695, "lowlevel.loudness_ebu128.momentary.mean": -14.419407844543457, "lowlevel.loudness_ebu128.momentary.stdev": 3.0580356121063232, "lowlevel.loudness_ebu128.short_term.mean": -14.169306755065918, "lowlevel.loudness_ebu128.short_term.stdev": 2.489900588989258, "lowlevel.melbands_crest.mean": 18.47624969482422, "lowlevel.melbands_crest.stdev": 8.417606353759766, "lowlevel.melbands_flatness_db.mean": 0.22282880544662476, "lowlevel.melbands_flatness_db.stdev": 0.1012040451169014, "lowlevel.melbands_kurtosis.mean": 44.59227752685547, "lowlevel.melbands_kurtosis.stdev": 115.43289184570312, "lowlevel.melbands_skewness.mean": 3.7299020290374756, "lowlevel.melbands_skewness.stdev": 4.351259708404541, "lowlevel.melbands_spread.mean": 28.56589126586914, "lowlevel.melbands_spread.stdev": 32.442081451416016, "lowlevel.pitch_salience.mean": 0.49495241045951843, "lowlevel.pitch_salience.stdev": 0.20607784390449524, "lowlevel.silence_rate_20dB.mean": 1.0, "lowlevel.silence_rate_20dB.stdev": 0.0, "lowlevel.silence_rate_30dB.mean": 0.8480756282806396, "lowlevel.silence_rate_30dB.stdev": 0.3589484691619873, "lowlevel.silence_rate_60dB.mean": 0.14449696242809296, "lowlevel.silence_rate_60dB.stdev": 0.3515889346599579, "lowlevel.spectral_centroid.mean": 1634.9599609375, "lowlevel.spectral_centroid.stdev": 998.9292602539062, "lowlevel.spectral_complexity.mean": 12.312626838684082, "lowlevel.spectral_complexity.stdev": 9.189583778381348, "lowlevel.spectral_decrease.mean": -1.1555600920587494e-08, "lowlevel.spectral_decrease.stdev": 1.5481289139529508e-08, "lowlevel.spectral_energy.mean": 0.04577082395553589, "lowlevel.spectral_energy.stdev": 0.0591568686068058, "lowlevel.spectral_energyband_high.mean": 0.0011266513029113412, "lowlevel.spectral_energyband_high.stdev": 0.0018160352483391762, "lowlevel.spectral_energyband_low.mean": 0.029336659237742424, "lowlevel.spectral_energyband_low.stdev": 0.05810447037220001, "lowlevel.spectral_energyband_middle_high.mean": 0.005931560415774584, "lowlevel.spectral_energyband_middle_high.stdev": 0.007403189782053232, "lowlevel.spectral_energyband_middle_low.mean": 0.01023742463439703, "lowlevel.spectral_energyband_middle_low.stdev": 0.015240425243973732, "lowlevel.spectral_entropy.mean": 7.564856052398682, "lowlevel.spectral_entropy.stdev": 0.6470219492912292, "lowlevel.spectral_flux.mean": 0.11780619621276855, "lowlevel.spectral_flux.stdev": 0.09179823100566864, "lowlevel.spectral_kurtosis.mean": 4.082826137542725, "lowlevel.spectral_kurtosis.stdev": 3.6315698623657227, "lowlevel.spectral_rms.mean": 0.005468235816806555, "lowlevel.spectral_rms.stdev": 0.00384094612672925, "lowlevel.spectral_rolloff.mean": 2030.607666015625, "lowlevel.spectral_rolloff.stdev": 2438.789794921875, "lowlevel.spectral_skewness.mean": 1.489430546760559, "lowlevel.spectral_skewness.stdev": 0.6309323310852051, "lowlevel.spectral_spread.mean": 4984946.0, "lowlevel.spectral_spread.stdev": 1736125.75, "lowlevel.spectral_strongpeak.mean": 1.066584825515747, "lowlevel.spectral_strongpeak.stdev": 1.1407990455627441, "lowlevel.zerocrossingrate.mean": 0.07216078042984009, "lowlevel.zerocrossingrate.stdev": 0.06411467492580414, "metadata.audio_properties.analysis.equal_loudness": 0.0, "metadata.audio_properties.analysis.length": 34.34664535522461, "metadata.audio_properties.analysis.sample_rate": 44100.0, "metadata.audio_properties.analysis.start_time": 0.0, "metadata.audio_properties.bit_rate": 119872.0, "metadata.audio_properties.length": 34.3466682434082, "metadata.audio_properties.lossless": 0.0, "metadata.audio_properties.number_channels": 1.0, "metadata.audio_properties.replay_gain": -12.566299438476562, "metadata.audio_properties.sample_rate": 48000.0, "rhythm.beats_count": 48.0, "rhythm.beats_loudness.mean": 0.08250010758638382, "rhythm.beats_loudness.stdev": 0.07770922034978867, "rhythm.bpm": 88.16532897949219, "rhythm.bpm_histogram_first_peak_bpm": 89.0, "rhythm.bpm_histogram_first_peak_weight": 0.15151512622833252, "rhythm.bpm_histogram_second_peak_bpm": 78.0, "rhythm.bpm_histogram_second_peak_spread": 0.4285714626312256, "rhythm.bpm_histogram_second_peak_weight": 0.1702127605676651, "rhythm.danceability": 1.3721295595169067, "rhythm.onset_rate": 5.790685653686523, "tonal.chords_changes_rate": 0.12145748734474182, "tonal.chords_number_rate": 0.013495276682078838, "tonal.chords_strength.mean": 0.5261896848678589, "tonal.chords_strength.stdev": 0.10127834975719452, "tonal.hpcp_crest.mean": 13.275242805480957, "tonal.hpcp_crest.stdev": 6.591541290283203, "tonal.hpcp_entropy.mean": 2.0932788848876953, "tonal.hpcp_entropy.stdev": 0.8156692385673523, "tonal.key_edma.strength": 0.4428063929080963, "tonal.key_krumhansl.strength": 0.4405082166194916, "tonal.key_temperley.strength": 0.44114819169044495, "tonal.tuning_diatonic_strength": 0.5358376502990723, "tonal.tuning_equal_tempered_deviation": 0.2646627128124237, "tonal.tuning_frequency": 434.193115234375, "tonal.tuning_nontempered_energy_ratio": 0.8962811231613159, "lowlevel.barkbands.mean": [0.0012128630187362432, 0.023607056587934494, 0.0037949311081320047, 0.001467885565944016, 0.0017453556647524238, 0.0023088373709470034, 0.0023954291827976704, 0.0011193103855475783, 0.0009400354465469718, 0.0008966077002696693, 0.00047716815606690943, 0.0006563753122463822, 0.0006816082750447094, 0.0007891133427619934, 0.000826631672680378, 0.0008542669820599258, 0.0004084270040038973, 6.343131826724857e-05, 0.00019760170835070312, 0.000267235649516806, 0.00016417990264017135, 0.0003174507583025843, 0.00023673876421526074, 0.0001722084853099659, 0.00012533778499346226, 4.438914402271621e-05, 3.581471901270561e-07], "lowlevel.barkbands.stdev": [0.0027180227916687727, 0.05094030499458313, 0.01701345480978489, 0.007095158565789461, 0.005117523483932018, 0.005340923089534044, 0.004962689708918333, 0.0033721658401191235, 0.0026208283379673958, 0.0026947844307869673, 0.0015696075279265642, 0.0019377681892365217, 0.002167171100154519, 0.0019084317609667778, 0.0020326576195657253, 0.0016405569622293115, 0.0008648590301163495, 0.0001404523354722187, 0.0003349155595060438, 0.0005200806190259755, 0.00032405732781626284, 0.0005204479093663394, 0.00041603465797379613, 0.0003317357914056629, 0.0002722062054090202, 0.00010983485117321834, 1.915744178404566e-06], "lowlevel.erbbands.mean": [0.8865583539009094, 4.414707660675049, 5.23320198059082, 4.672616004943848, 6.5167412757873535, 5.162712574005127, 4.256790637969971, 24.51250648498535, 40.130741119384766, 21.288724899291992, 30.583759307861328, 22.815814971923828, 22.318113327026367, 26.468351364135742, 22.08283042907715, 27.16179084777832, 31.276025772094727, 39.617183685302734, 45.25690460205078, 39.28938293457031, 48.65746307373047, 22.175273895263672, 4.583565711975098, 4.584998607635498, 16.35854148864746, 11.370440483093262, 6.274601936340332, 7.487680435180664, 12.371137619018555, 8.774761199951172, 6.039541244506836, 4.052896976470947, 2.6998136043548584, 1.6551361083984375, 0.7434648871421814, 0.3036101460456848, 0.05690379440784454, 0.0034982766956090927, 0.00011502616689540446, 5.954930747975595e-05], "lowlevel.erbbands.stdev": [1.8838876485824585, 10.72697925567627, 19.094642639160156, 22.079547882080078, 20.585729598999023, 15.958768844604492, 12.323341369628906, 57.59246063232422, 77.08116912841797, 50.18359375, 91.60317993164062, 62.67708969116211, 66.4385986328125, 86.74418640136719, 67.57955169677734, 79.5585708618164, 92.11174774169922, 99.69731903076172, 108.98104095458984, 83.65991973876953, 92.42003631591797, 43.74586486816406, 9.380430221557617, 8.718353271484375, 27.163015365600586, 20.634923934936523, 12.487277030944824, 13.693866729736328, 20.360382080078125, 15.041097640991211, 10.707563400268555, 7.453339099884033, 5.4203200340271, 3.5055348873138428, 1.6962751150131226, 0.7500343322753906, 0.1396462470293045, 0.010567882098257542, 0.0002544947201386094, 6.816924724262208e-05], "lowlevel.gfcc.mean": [-38.79805374145508, 61.58736801147461, -130.9962158203125, 28.835206985473633, -72.70063781738281, 18.17138671875, -50.444087982177734, 5.410980224609375, -17.918052673339844, 5.852005481719971, -17.222190856933594, -3.3804848194122314, -6.349026679992676], "lowlevel.melbands.mean": [0.007153549697250128, 0.0036416356451809406, 0.0008705212967470288, 0.00044324222835712135, 0.00014611856022384018, 0.0005450050812214613, 0.0005960261332802474, 0.00021293890313245356, 0.00025522432406432927, 0.00012837529357057065, 0.00011125762102892622, 0.0001101006637327373, 6.929984374437481e-05, 7.20460811862722e-05, 7.683548028580844e-05, 6.361264240695164e-05, 7.392407860606909e-05, 7.252974319271743e-05, 5.5319971579592675e-05, 5.2604002121370286e-05, 5.7928424212150276e-05, 2.6776913728099316e-05, 6.027948529663263e-06, 2.5970184651669115e-06, 3.234288442399702e-06, 8.89366856426932e-06, 1.4770911548112053e-05, 5.610492280538892e-06, 3.5138964449288324e-06, 3.989892320532817e-06, 4.402567356009968e-06, 7.429986908391584e-06, 5.6109802244463935e-06, 4.839105713472236e-06, 3.593693008951959e-06, 2.8991926228627563e-06, 2.3188360955828102e-06, 1.952306092789513e-06, 1.6100320863188244e-06, 1.3210662928031525e-06], "lowlevel.melbands.stdev": [0.015184636227786541, 0.009729377925395966, 0.0036268909461796284, 0.0012978387530893087, 0.00043399762944318354, 0.0012265403056517243, 0.0011233246186748147, 0.000505141681060195, 0.0007625414873473346, 0.0003625719400588423, 0.00034252734621986747, 0.00037126094684936106, 0.00022452048142440617, 0.0002235821884823963, 0.0002888183225877583, 0.00017838049097917974, 0.00020057748770341277, 0.00018126428767573088, 0.00013199499517213553, 0.00010635885701049119, 0.0001154572019004263, 5.679741661879234e-05, 1.557898212922737e-05, 5.427162250271067e-06, 7.107517376425676e-06, 1.5046173757582437e-05, 2.9041524612694047e-05, 1.0587082215351984e-05, 7.502497737732483e-06, 8.199825970223173e-06, 8.12573853181675e-06, 1.23571626318153e-05, 9.925019185175188e-06, 8.695027645444497e-06, 6.549717454618076e-06, 5.309638709150022e-06, 4.497108420764562e-06, 4.015092599729542e-06, 3.323885266581783e-06, 2.9021609861956676e-06], "lowlevel.melbands128.mean": [0.001147597678937018, 0.007414338644593954, 0.009905880317091942, 0.0063980985432863235, 0.0032154207583516836, 0.0016473921714350581, 0.0009195251623168588, 0.0007032314315438271, 0.0006831665523350239, 0.0005122130969539285, 0.0002464020508341491, 0.00010502559598535299, 9.321411926066503e-05, 0.00020467324065975845, 0.00048504158621653914, 0.0008144170278683305, 0.0007255022064782679, 0.0006046280032023787, 0.00038680690340697765, 0.0001787327346391976, 0.00013539603969547898, 0.0002433591871522367, 0.0003146101371385157, 0.00021554110571742058, 0.00015424548473674804, 8.096260717138648e-05, 8.229958621086553e-05, 0.0001237741089425981, 0.00011995505337836221, 0.00014036314678378403, 0.00010024500079452991, 6.464015314122662e-05, 6.838508852524683e-05, 6.76621712045744e-05, 7.924155215732753e-05, 7.11653265170753e-05, 6.274740007938817e-05, 8.66282862261869e-05, 7.895915041444823e-05, 6.316798680927604e-05, 5.810468428535387e-05, 6.427479820558801e-05, 8.629490912426263e-05, 7.245037704706192e-05, 5.720497574657202e-05, 8.511645864928141e-05, 7.599636592203751e-05, 4.5382264943327755e-05, 5.5316708312602714e-05, 5.066802623332478e-05, 4.653541691368446e-05, 5.922437412664294e-05, 6.987233064137399e-05, 5.2549599786289036e-05, 4.191735934000462e-05, 2.670379399205558e-05, 1.254906783287879e-05, 6.6186303229187615e-06, 4.3846357584698126e-06, 2.828986225722474e-06, 2.2851857011119137e-06, 2.5136525891866768e-06, 2.8827528240071842e-06, 3.2745697353675496e-06, 4.0298932617588434e-06, 7.011669367784634e-06, 1.2872821571363602e-05, 1.683928167039994e-05, 1.6374102415284142e-05, 1.0866894626815338e-05, 4.672921932069585e-06, 3.6481594634096837e-06, 2.9741129310423275e-06, 3.54246117240109e-06, 3.9690962694294285e-06, 4.262788024789188e-06, 3.7988531857990893e-06, 3.7348695514083374e-06, 4.138406893616775e-06, 5.2251634770073e-06, 7.546091637777863e-06, 8.627711395092774e-06, 6.866184321552282e-06, 5.418547516455874e-06, 4.374340733193094e-06, 4.419599008542718e-06, 5.437655545392772e-06, 4.832533250009874e-06, 3.1452141229237895e-06, 2.9891800750192488e-06, 3.2284312965202844e-06, 2.8268309506529476e-06, 2.45987484959187e-06, 2.3423872335115448e-06, 2.2235433334572008e-06, 2.04291654881672e-06, 1.920876229632995e-06, 1.7797462987800827e-06, 1.550637648506381e-06, 1.598453877704742e-06, 1.5053889228511252e-06, 1.2203003052491113e-06, 1.1980521321675042e-06, 9.780058007891057e-07, 7.924941769488214e-07, 6.765928901586449e-07, 6.517822157547926e-07, 6.73927331718005e-07, 5.266371090328903e-07, 4.292535038530332e-07, 3.476052370388061e-07, 2.1121695681358688e-07, 1.480952676047309e-07, 9.260939037858407e-08, 4.168444789343084e-08, 2.149744027235556e-08, 1.2512884950410808e-08, 1.4777136181365336e-09, 6.28639154620636e-11, 9.336657315339725e-12, 8.381208921326433e-12, 7.655147349350244e-12, 7.109556433154696e-12, 6.814244481179177e-12, 6.3621365120614115e-12, 5.829713014410265e-12, 5.5697573289603675e-12, 5.510109729600643e-12], "lowlevel.melbands128.stdev": [0.002638192381709814, 0.016118640080094337, 0.023547891527414322, 0.017030097544193268, 0.011417209170758724, 0.007732462603598833, 0.004893183708190918, 0.0031370753422379494, 0.0021151164546608925, 0.0015003225998952985, 0.0008588054915890098, 0.0004506410623434931, 0.0003771919582504779, 0.000743145530577749, 0.001434621517546475, 0.002189156599342823, 0.0017061465186998248, 0.0015707076527178288, 0.0011218026047572494, 0.0006721424870193005, 0.0005082792486064136, 0.0009011978982016444, 0.0012531273532658815, 0.0007995198247954249, 0.0005812200834043324, 0.000375102594261989, 0.0003117730375379324, 0.000563227164093405, 0.0004896087339147925, 0.0005997527623549104, 0.0005150871584191918, 0.00024071658845059574, 0.00035199601552449167, 0.0003160386986564845, 0.0003238038916606456, 0.00031289286562241614, 0.0002479104441590607, 0.0004381473991088569, 0.00039797171484678984, 0.00026258412981405854, 0.00023342558415606618, 0.0002444778510835022, 0.0003143744543194771, 0.0002719233452808112, 0.0001658280089031905, 0.00029159229598008096, 0.0002750858257059008, 0.00015190840349532664, 0.00018540142627898604, 0.00015157726011238992, 0.00011587460176087916, 0.00014842038217466325, 0.0001895719615276903, 0.00013070064596831799, 0.00011495244689285755, 6.740429671481252e-05, 4.313165118219331e-05, 2.1978356016916223e-05, 1.3738461348111741e-05, 6.67426320433151e-06, 5.1326251195860095e-06, 5.708122898795409e-06, 7.959773938637227e-06, 8.71385054779239e-06, 8.60313230077736e-06, 1.4030132660991512e-05, 2.749879058683291e-05, 3.454378747846931e-05, 4.202361378702335e-05, 2.480373041180428e-05, 9.847602996160276e-06, 8.865877134667244e-06, 6.612885044887662e-06, 8.840771442919504e-06, 9.068123290489893e-06, 9.518545994069427e-06, 8.244117452704813e-06, 8.23953996587079e-06, 8.598269232606981e-06, 9.94571928458754e-06, 1.3440026123134885e-05, 1.582124241394922e-05, 1.3043642866250593e-05, 1.0860659131139982e-05, 8.815341971057933e-06, 8.378854545298964e-06, 1.1162486771354452e-05, 9.998452696891036e-06, 6.176688202685909e-06, 6.117117663961835e-06, 6.555228537763469e-06, 5.38275935468846e-06, 5.089261776447529e-06, 4.809212441614363e-06, 4.745846581499791e-06, 4.671598617278505e-06, 4.090038601134438e-06, 4.0039785744738765e-06, 3.4739837246888783e-06, 3.4741460694931448e-06, 3.3511253150209086e-06, 2.828523975040298e-06, 3.0274882192316e-06, 2.7258845420874422e-06, 1.97259578271769e-06, 1.5426784329974907e-06, 1.5574921690131305e-06, 1.7313718672085088e-06, 1.4857304222459788e-06, 1.1861341135954717e-06, 1.0172440170208574e-06, 5.38530514404556e-07, 4.2662301780183043e-07, 2.9282088576110255e-07, 1.6882265185813594e-07, 1.0640792424965184e-07, 6.542687458477303e-08, 1.4221760658017502e-08, 1.12500697646567e-09, 6.000840796493989e-11, 5.074237210966892e-11, 4.122152966190562e-11, 3.5096807404766395e-11, 2.926853898133075e-11, 2.0586839524772138e-11, 1.3114150390625134e-11, 1.1718723214038107e-11, 1.1609969929882169e-11], "lowlevel.mfcc.mean": [-676.2420043945312, 89.76908874511719, -2.2336082458496094, 4.93912410736084, 0.7967219352722168, 5.495578765869141, -14.500782012939453, -4.885073661804199, -0.8583084344863892, 3.753340482711792, -5.901565074920654, -7.349803924560547, 10.70603084564209], "lowlevel.spectral_contrast_coeffs.mean": [-0.6493696570396423, -0.7047529816627502, -0.7718124389648438, -0.7699155807495117, -0.7746489644050598, -0.764862060546875], "lowlevel.spectral_contrast_coeffs.stdev": [0.10992946475744247, 0.12028709053993225, 0.0882745161652565, 0.07149441540241241, 0.06361358612775803, 0.04373122379183769], "lowlevel.spectral_contrast_valleys.mean": [-8.236442565917969, -7.373193740844727, -7.839848518371582, -7.709142684936523, -8.05422592163086, -10.136747360229492], "lowlevel.spectral_contrast_valleys.stdev": [1.416102409362793, 0.7871609926223755, 0.7545355558395386, 0.8795170783996582, 0.9454711079597473, 1.0792057514190674], "rhythm.beats_loudness_band_ratio.mean": [0.4641174077987671, 0.1870376616716385, 0.1422738879919052, 0.07299690693616867, 0.0964856967329979, 0.1058446392416954], "rhythm.beats_loudness_band_ratio.stdev": [0.3811732530593872, 0.23902924358844757, 0.19173988699913025, 0.12895911931991577, 0.10809098929166794, 0.18984484672546387], "tonal.hpcp.mean": [0.1362408846616745, 0.11471768468618393, 0.10594401508569717, 0.08606152981519699, 0.06950660049915314, 0.07267533987760544, 0.07988885045051575, 0.07776743918657303, 0.06598186492919922, 0.06204802170395851, 0.07423660904169083, 0.08521848171949387, 0.09582478553056717, 0.10244479030370712, 0.09702242165803909, 0.09212175756692886, 0.09612765163183212, 0.10046019405126572, 0.09715720266103745, 0.09318354725837708, 0.09400027990341187, 0.0877906084060669, 0.0811772421002388, 0.10625425726175308, 0.12849228084087372, 0.13404124975204468, 0.1511131376028061, 0.1805654615163803, 0.19340389966964722, 0.19220903515815735, 0.18630146980285645, 0.16037648916244507, 0.1409965604543686, 0.17389190196990967, 0.1850701868534088, 0.1566580832004547], "tonal.hpcp.stdev": [0.24774715304374695, 0.22481070458889008, 0.2210349589586258, 0.19276340305805206, 0.15892618894577026, 0.16225044429302216, 0.17091643810272217, 0.17360049486160278, 0.14864298701286316, 0.1322423666715622, 0.15711010992527008, 0.1670936644077301, 0.19629715383052826, 0.19674836099147797, 0.17975199222564697, 0.1804019659757614, 0.19247864186763763, 0.21069836616516113, 0.20592503249645233, 0.20544546842575073, 0.21751807630062103, 0.20711097121238708, 0.1837473213672638, 0.2379644811153412, 0.25362566113471985, 0.2618114948272705, 0.2739805281162262, 0.30227822065353394, 0.30579400062561035, 0.3017483949661255, 0.3043552339076996, 0.27156752347946167, 0.24808034300804138, 0.2936173677444458, 0.3029046058654785, 0.262365460395813], "rhythm.beats_position": [0.7778684496879578, 1.5557368993759155, 2.321995496749878, 3.088253974914551, 3.842902421951294, 4.609160900115967, 5.38702917098999, 6.176507949829102, 6.977596282958984, 7.7670745849609375, 8.55655288696289, 9.3228120803833, 10.089070320129395, 10.855328559875488, 11.598366737365723, 12.283355712890625, 12.991564750671387, 13.688162803649902, 14.384761810302734, 15.06974983215332, 15.754738807678223, 16.428117752075195, 17.11310577392578, 17.78648567199707, 18.459863662719727, 19.133241653442383, 19.82984161376953, 20.503219604492188, 21.176597595214844, 21.861587524414062, 22.54657554626465, 23.219953536987305, 23.893333435058594, 24.57832145690918, 25.263309478759766, 25.936689376831055, 26.62167739868164, 27.306665420532227, 27.980045318603516, 28.653423309326172, 29.326801300048828, 30.023401260375977, 30.696779251098633, 31.37015724182129, 32.055145263671875, 32.740135192871094, 33.41351318359375, 34.086891174316406], "rhythm.bpm_histogram": [0.0, 0.0, 0.0, 0.0, 0.0, 0.0, 0.0, 0.0, 0.0, 0.0, 0.0, 0.0, 0.0, 0.0, 0.0, 0.0, 0.0, 0.0, 0.0, 0.0, 0.0, 0.0, 0.0, 0.0, 0.0, 0.0, 0.0, 0.0, 0.0, 0.0, 0.0, 0.0, 0.0, 0.0, 0.0, 0.0, 0.0, 0.0, 0.0, 0.0, 0.0, 0.0, 0.0, 0.0, 0.0, 0.0, 0.0, 0.0, 0.0, 0.0, 0.0, 0.0, 0.0, 0.0, 0.0, 0.0, 0.0, 0.0, 0.0, 0.0, 0.0, 0.0, 0.0, 0.0, 0.0, 0.0, 0.0, 0.0, 0.0, 0.0, 0.0, 0.0, 0.0, 0.0, 0.0, 0.021276595070958138, 0.06382978707551956, 0.042553190141916275, 0.12765957415103912, 0.0, 0.021276595070958138, 0.021276595070958138, 0.0, 0.0, 0.0, 0.021276595070958138, 0.08510638028383255, 0.0, 0.25531914830207825, 0.3404255211353302, 0.0, 0.0, 0.0, 0.0, 0.0, 0.0, 0.0, 0.0, 0.0, 0.0, 0.0, 0.0, 0.0, 0.0, 0.0, 0.0, 0.0, 0.0, 0.0, 0.0, 0.0, 0.0, 0.0, 0.0, 0.0, 0.0, 0.0, 0.0, 0.0, 0.0, 0.0, 0.0, 0.0, 0.0, 0.0, 0.0, 0.0, 0.0, 0.0, 0.0, 0.0, 0.0, 0.0, 0.0, 0.0, 0.0, 0.0, 0.0, 0.0, 0.0, 0.0, 0.0, 0.0, 0.0, 0.0, 0.0, 0.0, 0.0, 0.0, 0.0, 0.0, 0.0, 0.0, 0.0, 0.0, 0.0, 0.0, 0.0, 0.0, 0.0, 0.0, 0.0, 0.0, 0.0, 0.0, 0.0, 0.0, 0.0, 0.0, 0.0, 0.0, 0.0, 0.0, 0.0, 0.0, 0.0, 0.0, 0.0, 0.0, 0.0, 0.0, 0.0, 0.0, 0.0, 0.0, 0.0, 0.0, 0.0, 0.0, 0.0, 0.0, 0.0, 0.0, 0.0, 0.0, 0.0, 0.0, 0.0, 0.0, 0.0, 0.0, 0.0, 0.0, 0.0, 0.0, 0.0, 0.0, 0.0, 0.0, 0.0, 0.0, 0.0, 0.0, 0.0, 0.0, 0.0, 0.0, 0.0, 0.0, 0.0, 0.0, 0.0, 0.0, 0.0, 0.0, 0.0, 0.0, 0.0, 0.0, 0.0, 0.0, 0.0, 0.0, 0.0, 0.0, 0.0, 0.0, 0.0, 0.0, 0.0, 0.0, 0.0, 0.0, 0.0, 0.0, 0.0, 0.0, 0.0, 0.0, 0.0], "tonal.chords_histogram": [18.488529205322266, 0.0, 8.232118606567383, 0.0, 0.8097165822982788, 0.0, 0.0, 5.398110866546631, 0.0, 24.69635581970215, 7.152496814727783, 4.723346710205078, 4.723346710205078, 0.0, 8.097166061401367, 0.0, 0.0, 0.13495276868343353, 0.0, 0.8097165822982788, 2.834007978439331, 12.415654182434082, 0.6747638583183289, 0.8097165822982788], "tonal.thpcp": [1.0, 0.993821918964386, 0.9632766842842102, 0.8292309045791626, 0.7290264368057251, 0.8991127014160156, 0.9569103121757507, 0.8100047707557678, 0.7044371366500854, 0.5931508541107178, 0.5477863550186157, 0.44498342275619507, 0.35938572883605957, 0.3757697641849518, 0.41306743025779724, 0.4020985960960388, 0.34116098284721375, 0.32082095742225647, 0.3838423490524292, 0.4406244158744812, 0.49546459317207336, 0.5296934843063354, 0.5016570091247559, 0.47631800174713135, 0.4970305860042572, 0.5194321274757385, 0.5023539066314697, 0.48180800676345825, 0.4860309362411499, 0.45392367243766785, 0.419729083776474, 0.549390435218811, 0.6643727421760559, 0.6930638551712036, 0.7813345193862915, 0.9336184859275818], "lowlevel.gfcc.cov": [[7025.78515625, -354.9050598144531, 747.1353149414062, 1228.3157958984375, 953.2321166992188, 980.27197265625, 632.0089721679688, 450.09906005859375, 664.5726928710938, 581.7222290039062, 243.3662109375, 358.3398132324219, 95.62574005126953], [-354.9050598144531, 2037.0491943359375, -172.04884338378906, -441.0787048339844, -10.073407173156738, -451.06231689453125, -14.105175971984863, -143.3872528076172, 120.3775863647461, -313.732421875, 192.82351684570312, -204.49278259277344, 52.026615142822266], [747.1353149414062, -172.04884338378906, 1534.028076171875, 1002.9693603515625, 543.7391357421875, 468.61578369140625, 311.48907470703125, 239.07289123535156, 60.298377990722656, 165.71144104003906, -37.10944366455078, 307.60791015625, 40.87980270385742], [1228.3157958984375, -441.0787048339844, 1002.9693603515625, 1393.95849609375, 856.2699584960938, 581.7505493164062, 319.59503173828125, 296.1822814941406, 242.38772583007812, 307.9900207519531, 21.569908142089844, 288.4027099609375, 136.9545440673828], [953.2321166992188, -10.073407173156738, 543.7391357421875, 856.2699584960938, 988.781982421875, 596.9802856445312, 357.4090881347656, 277.6353759765625, 305.7674255371094, 300.9129638671875, 83.36627960205078, 196.99024963378906, 127.83248901367188], [980.27197265625, -451.06231689453125, 468.61578369140625, 581.7505493164062, 596.9802856445312, 816.75634765625, 511.2052307128906, 292.9300537109375, 206.03944396972656, 301.0356140136719, 49.29489517211914, 225.81289672851562, 56.55418014526367], [632.0089721679688, -14.105175971984863, 311.48907470703125, 319.59503173828125, 357.4090881347656, 511.2052307128906, 637.1168212890625, 288.67156982421875, 178.73876953125, 157.08399963378906, 114.53459930419922, 178.9125213623047, 73.55479431152344], [450.09906005859375, -143.3872528076172, 239.07289123535156, 296.1822814941406, 277.6353759765625, 292.9300537109375, 288.67156982421875, 295.01483154296875, 192.0439453125, 148.20553588867188, 43.153717041015625, 126.88636016845703, 63.08536148071289], [664.5726928710938, 120.3775863647461, 60.298377990722656, 242.38772583007812, 305.7674255371094, 206.03944396972656, 178.73876953125, 192.0439453125, 341.5557861328125, 168.358642578125, 93.15875244140625, 55.86526107788086, 84.2492904663086], [581.7222290039062, -313.732421875, 165.71144104003906, 307.9900207519531, 300.9129638671875, 301.0356140136719, 157.08399963378906, 148.20553588867188, 168.358642578125, 305.3236389160156, 61.42920684814453, 106.86270904541016, 18.484758377075195], [243.3662109375, 192.82351684570312, -37.10944366455078, 21.569908142089844, 83.36627960205078, 49.29489517211914, 114.53459930419922, 43.153717041015625, 93.15875244140625, 61.42920684814453, 171.38816833496094, 41.45981216430664, 34.32710647583008], [358.3398132324219, -204.49278259277344, 307.60791015625, 288.4027099609375, 196.99024963378906, 225.81289672851562, 178.9125213623047, 126.88636016845703, 55.86526107788086, 106.86270904541016, 41.45981216430664, 226.89910888671875, 63.80677795410156], [95.62574005126953, 52.026615142822266, 40.87980270385742, 136.9545440673828, 127.83248901367188, 56.55418014526367, 73.55479431152344, 63.08536148071289, 84.2492904663086, 18.484758377075195, 34.32710647583008, 63.80677795410156, 111.75360107421875]], "lowlevel.gfcc.icov": [[0.00021167156228329986, -8.907807568903081e-06, 2.9996532248333097e-05, -0.00016569092986173928, 9.47502558119595e-05, -0.00015088579675648361, -4.870239536103327e-06, 0.00015561492182314396, -0.0003982296911999583, -8.571827265768661e-07, -0.00011129314225399867, -0.00016009779938030988, 0.0003243961837142706], [-8.907807568903081e-06, 0.0016212721820920706, -0.0007548150606453419, 0.0009985658107325435, -0.0013545566471293569, 0.0012979907914996147, -0.0009193961741402745, 0.0011607060441747308, -0.0014811308356001973, 0.001834570663049817, -0.0015629908302798867, 0.00101452914532274, -0.00013829719682689756], [2.9996532248333097e-05, -0.0007548150606453419, 0.001974347745999694, -0.0016169360605999827, 0.0006261133821681142, -0.0005101512069813907, 0.00015515477571170777, -0.0007513643940910697, 0.0008132546790875494, -0.00023550409241579473, 0.001134992577135563, -0.001824788749217987, 0.0015681738732382655], [-0.00016569092986173928, 0.0009985658107325435, -0.0016169360605999827, 0.003386082826182246, -0.0022384130861610174, 0.0008375849574804306, -0.00014950083277653903, 0.00042821289389394224, -0.0005130384815856814, 0.0003286055289208889, -0.0004543194081634283, 0.0005846407148055732, -0.0017498423112556338], [9.47502558119595e-05, -0.0013545566471293569, 0.0006261133821681142, -0.0022384130861610174, 0.004511835519224405, -0.0026113446801900864, 0.0010284521849825978, -0.0007650600746273994, 0.0001821088371798396, -0.0018184606451541185, 0.0006456301198340952, -0.00010122373350895941, -0.0009978640591725707], [-0.00015088579675648361, 0.0012979907914996147, -0.0005101512069813907, 0.0008375849574804306, -0.0026113446801900864, 0.006026721093803644, -0.00365305389277637, 0.0011521826963871717, -0.0008016276406124234, -0.000629809161182493, 0.0007699507987126708, -0.0004106255655642599, 0.001082591013982892], [-4.870239536103327e-06, -0.0009193961741402745, 0.00015515477571170777, -0.00014950083277653903, 0.0010284521849825978, -0.00365305389277637, 0.00568953575566411, -0.0038576347287744284, 0.0013920855708420277, 0.00047996995272114873, -0.0018760787788778543, -0.00048079705447889864, -0.000614310847595334], [0.00015561492182314396, 0.0011607060441747308, -0.0007513643940910697, 0.00042821289389394224, -0.0007650600746273994, 0.0011521826963871717, -0.0038576347287744284, 0.010932107456028461, -0.005313278641551733, 0.0003311760083306581, 0.001204329775646329, -0.0013762861490249634, 0.0001031321007758379], [-0.0003982296911999583, -0.0014811308356001973, 0.0008132546790875494, -0.0005130384815856814, 0.0001821088371798396, -0.0008016276406124234, 0.0013920855708420277, -0.005313278641551733, 0.00982325803488493, -0.003995529375970364, -0.0005640802555717528, 0.002081099897623062, -0.004117658361792564], [-8.571827265768661e-07, 0.001834570663049817, -0.00023550409241579473, 0.0003286055289208889, -0.0018184606451541185, -0.000629809161182493, 0.00047996995272114873, 0.0003311760083306581, -0.003995529375970364, 0.009948177263140678, -0.0033996410202234983, -0.0009104468044824898, 0.0036568164359778166], [-0.00011129314225399867, -0.0015629908302798867, 0.001134992577135563, -0.0004543194081634283, 0.0006456301198340952, 0.0007699507987126708, -0.0018760787788778543, 0.001204329775646329, -0.0005640802555717528, -0.0033996410202234983, 0.010743399150669575, -0.002856537699699402, -0.00029022255330346525], [-0.00016009779938030988, 0.00101452914532274, -0.001824788749217987, 0.0005846407148055732, -0.00010122373350895941, -0.0004106255655642599, -0.00048079705447889864, -0.0013762861490249634, 0.002081099897623062, -0.0009104468044824898, -0.002856537699699402, 0.011019912548363209, -0.005800124257802963], [0.0003243961837142706, -0.00013829719682689756, 0.0015681738732382655, -0.0017498423112556338, -0.0009978640591725707, 0.001082591013982892, -0.000614310847595334, 0.0001031321007758379, -0.004117658361792564, 0.0036568164359778166, -0.00029022255330346525, -0.005800124257802963, 0.017145708203315735]], "lowlevel.mfcc.cov": [[6890.654296875, -704.143798828125, 223.08135986328125, 582.4246826171875, 665.2515869140625, 928.3426513671875, 367.31939697265625, 472.35797119140625, 509.74505615234375, 541.7156372070312, 426.285888671875, 543.49560546875, 397.66253662109375], [-704.143798828125, 1974.16357421875, -281.09747314453125, -326.27313232421875, -253.0727996826172, -463.0940856933594, -241.9732666015625, -91.70053100585938, -289.3758850097656, -47.04075241088867, -64.19994354248047, -272.90179443359375, 46.61606979370117], [223.08135986328125, -281.09747314453125, 1029.88525390625, 554.3975830078125, 242.58660888671875, 296.5559997558594, 222.2820281982422, 246.68515014648438, 165.2603302001953, -33.808292388916016, 24.834081649780273, 112.59452056884766, 29.830167770385742], [582.4246826171875, -326.27313232421875, 554.3975830078125, 969.5022583007812, 607.3724365234375, 434.7051086425781, 236.715576171875, 236.7222137451172, 284.67889404296875, 99.15643310546875, 28.31106948852539, 226.04934692382812, 101.75525665283203], [665.2515869140625, -253.0727996826172, 242.58660888671875, 607.3724365234375, 764.6674194335938, 471.0538330078125, 173.0417938232422, 162.1849822998047, 272.152099609375, 171.37020874023438, 76.58006286621094, 227.41665649414062, 85.17108154296875], [928.3426513671875, -463.0940856933594, 296.5559997558594, 434.7051086425781, 471.0538330078125, 750.5106201171875, 448.3592529296875, 305.142578125, 361.6950988769531, 192.16307067871094, 179.66427612304688, 341.7119445800781, 115.68545532226562], [367.31939697265625, -241.9732666015625, 222.2820281982422, 236.715576171875, 173.0417938232422, 448.3592529296875, 489.7502136230469, 304.4410400390625, 241.08346557617188, 109.0608139038086, 136.22671508789062, 235.9209442138672, 77.0286865234375], [472.35797119140625, -91.70053100585938, 246.68515014648438, 236.7222137451172, 162.1849822998047, 305.142578125, 304.4410400390625, 408.05889892578125, 268.44549560546875, 118.42374420166016, 114.02957153320312, 171.02403259277344, 130.56326293945312], [509.74505615234375, -289.3758850097656, 165.2603302001953, 284.67889404296875, 272.152099609375, 361.6950988769531, 241.08346557617188, 268.44549560546875, 389.7090759277344, 194.99725341796875, 121.39838409423828, 219.3124542236328, 90.45342254638672], [541.7156372070312, -47.04075241088867, -33.808292388916016, 99.15643310546875, 171.37020874023438, 192.16307067871094, 109.0608139038086, 118.42374420166016, 194.99725341796875, 266.23297119140625, 157.06829833984375, 135.06101989746094, 89.5374755859375], [426.285888671875, -64.19994354248047, 24.834081649780273, 28.31106948852539, 76.58006286621094, 179.66427612304688, 136.22671508789062, 114.02957153320312, 121.39838409423828, 157.06829833984375, 200.1117401123047, 135.27362060546875, 68.45652770996094], [543.49560546875, -272.90179443359375, 112.59452056884766, 226.04934692382812, 227.41665649414062, 341.7119445800781, 235.9209442138672, 171.02403259277344, 219.3124542236328, 135.06101989746094, 135.27362060546875, 295.4297790527344, 105.74542999267578], [397.66253662109375, 46.61606979370117, 29.830167770385742, 101.75525665283203, 85.17108154296875, 115.68545532226562, 77.0286865234375, 130.56326293945312, 90.45342254638672, 89.5374755859375, 68.45652770996094, 105.74542999267578, 198.60177612304688]], "lowlevel.mfcc.icov": [[0.0002118919655913487, 5.132348815095611e-05, 1.9207374862162396e-05, -4.330854062573053e-05, 5.016914656152949e-05, -0.00029612742946483195, 0.00029020188958384097, -0.0001968545257113874, 0.00022391769743990153, -0.00027687009423971176, -8.350088319275528e-05, -7.558028300991282e-05, -0.00015731346502434462], [5.132348815095611e-05, 0.0007236292003653944, 7.142543472582474e-05, 6.1612889112439e-05, -0.00018254714086651802, 0.0003095542488154024, -6.537348963320255e-05, -0.00040932896081358194, 0.0005956402164883912, -0.00038279936416074634, -6.512468098662794e-05, 0.0005004725535400212, -0.00046522123739123344], [1.9207374862162396e-05, 7.142543472582474e-05, 0.0017704581841826439, -0.0011573083465918899, 0.0004039857303723693, -0.00041793883428908885, 0.00023913770564831793, -0.0008522039861418307, 7.98255205154419e-05, 0.0010265547316521406, -0.0007929034763947129, 0.0004222723364364356, 0.00035880625364370644], [-4.330854062573053e-05, 6.1612889112439e-05, -0.0011573083465918899, 0.0031949952244758606, -0.0020732132252305746, 0.0005668630474247038, -0.0005948669277131557, 0.00013461257913149893, -0.0004698096599895507, -0.00010890149133047089, 0.0013563307002186775, -0.0005337886977940798, -0.0006099933525547385], [5.016914656152949e-05, -0.00018254714086651802, 0.0004039857303723693, -0.0020732132252305746, 0.004145004786550999, -0.002510386984795332, 0.0017769744154065847, -0.00011086980521213263, 0.0001279684220207855, -0.0012652110308408737, 0.0006512633990496397, -0.0004851114354096353, 0.0005582556477747858], [-0.00029612742946483195, 0.0003095542488154024, -0.00041793883428908885, 0.0005668630474247038, -0.002510386984795332, 0.0067925648763775826, -0.004183892626315355, 0.001166048226878047, -0.0017490532482042909, 0.000872915901709348, -0.0009030670044012368, -0.0012663621455430984, -0.000342672603437677], [0.00029020188958384097, -6.537348963320255e-05, 0.00023913770564831793, -0.0005948669277131557, 0.0017769744154065847, -0.004183892626315355, 0.007890922948718071, -0.004094311036169529, 0.0015623874496668577, -0.00026850527501665056, -0.00041618337854743004, -0.0021469739731401205, 0.0017053794581443071], [-0.0001968545257113874, -0.00040932896081358194, -0.0008522039861418307, 0.00013461257913149893, -0.00011086980521213263, 0.001166048226878047, -0.004094311036169529, 0.008637635037302971, -0.004993251990526915, 0.001812004018574953, -0.001292920089326799, 0.0018465069588273764, -0.0032531425822526217], [0.00022391769743990153, 0.0005956402164883912, 7.98255205154419e-05, -0.0004698096599895507, 0.0001279684220207855, -0.0017490532482042909, 0.0015623874496668577, -0.004993251990526915, 0.01015237532556057, -0.005504417233169079, 0.00250077317468822, -0.0027545022312551737, 0.001743479399010539], [-0.00027687009423971176, -0.00038279936416074634, 0.0010265547316521406, -0.00010890149133047089, -0.0012652110308408737, 0.000872915901709348, -0.00026850527501665056, 0.001812004018574953, -0.005504417233169079, 0.012118084356188774, -0.007414953783154488, 0.0015366965672001243, -0.0017257867148146033], [-8.350088319275528e-05, -6.512468098662794e-05, -0.0007929034763947129, 0.0013563307002186775, 0.0006512633990496397, -0.0009030670044012368, -0.00041618337854743004, -0.001292920089326799, 0.00250077317468822, -0.007414953783154488, 0.01332018431276083, -0.003754362231120467, 0.00047640225966461003], [-7.558028300991282e-05, 0.0005004725535400212, 0.0004222723364364356, -0.0005337886977940798, -0.0004851114354096353, -0.0012663621455430984, -0.0021469739731401205, 0.0018465069588273764, -0.0027545022312551737, 0.0015366965672001243, -0.003754362231120467, 0.010903172194957733, -0.0031411265954375267], [-0.00015731346502434462, -0.00046522123739123344, 0.00035880625364370644, -0.0006099933525547385, 0.0005582556477747858, -0.000342672603437677, 0.0017053794581443071, -0.0032531425822526217, 0.001743479399010539, -0.0017257867148146033, 0.00047640225966461003, -0.0031411265954375267, 0.008647706359624863]], "metadata.audio_properties.analysis.downmix": "mix", "metadata.audio_properties.codec": "mp3", "metadata.audio_properties.md5_encoded": "aae936f5293a7eabbb76d6ca28c35003", "metadata.tags.file_name": "1183646447732801627.mp3", "metadata.version.essentia": "2.1-beta6-dev", "metadata.version.essentia_git_sha": "v2.1_beta5-1110-g77a6a954", "metadata.version.extractor": "music 2.0", "tonal.chords_key": "C#", "tonal.chords_scale": "major", "tonal.key_edma.key": "F#", "tonal.key_edma.scale": "minor", "tonal.key_krumhansl.key": "F#", "tonal.key_krumhansl.scale": "minor", "tonal.key_temperley.key": "F#", "tonal.key_temperley.scale": "minor", "metadata.tags.encoding": ["Lavf58.45.100"]}, "essentia_models": [{"model_name": "genre_dortmund", "activations": {"alternative": "0.0016750757", "blues": "0.0003802412", "electronic": "0.0015748661", "folkco