{"song_id": "1183706555863015464", "download": "https://cdn.discordapp.com/attachments/1135911532732108921/1183706555863015464/chirp.mp4?ex=65894fa3&amp", "lyrics": "[Verse]\nIn the heart of the forest, where legends are born\nRoams a mighty herd, with power untold\nTheir coats radiant, gleaming bright\nThe Cheese Reindeer, ready to take flight\n\n[Chorus]\nOh, Cheese Reindeer, of strength and grace\nGuiding us through every earthly place\nTogether we stand, never to fall\nThe League of Mighty Cheese Reindeer, above all", "style": ["epic</span><span>-metal"], "essentia_features": {"lowlevel.average_loudness": 0.9792706370353699, "lowlevel.barkbands_crest.mean": 9.71273422241211, "lowlevel.barkbands_crest.stdev": 4.157823085784912, "lowlevel.barkbands_flatness_db.mean": 0.09498059004545212, "lowlevel.barkbands_flatness_db.stdev": 0.033960048109292984, "lowlevel.barkbands_kurtosis.mean": 0.912635087966919, "lowlevel.barkbands_kurtosis.stdev": 2.8907272815704346, "lowlevel.barkbands_skewness.mean": 1.075882911682129, "lowlevel.barkbands_skewness.stdev": 0.8038125038146973, "lowlevel.barkbands_spread.mean": 39.81985855102539, "lowlevel.barkbands_spread.stdev": 15.087491035461426, "lowlevel.dissonance.mean": 0.47462204098701477, "lowlevel.dissonance.stdev": 0.0236822459846735, "lowlevel.dynamic_complexity": 1.2271648645401, "lowlevel.erbbands_crest.mean": 9.536334037780762, "lowlevel.erbbands_crest.stdev": 5.449399471282959, "lowlevel.erbbands_flatness_db.mean": 0.1261928230524063, "lowlevel.erbbands_flatness_db.stdev": 0.032156821340322495, "lowlevel.erbbands_kurtosis.mean": 0.4285399317741394, "lowlevel.erbbands_kurtosis.stdev": 2.1021876335144043, "lowlevel.erbbands_skewness.mean": 0.05604471266269684, "lowlevel.erbbands_skewness.stdev": 0.8336025476455688, "lowlevel.erbbands_spread.mean": 44.75324630737305, "lowlevel.erbbands_spread.stdev": 16.81447982788086, "lowlevel.hfc.mean": 42.780479431152344, "lowlevel.hfc.stdev": 21.974729537963867, "lowlevel.loudness_ebu128.integrated": -14.419528007507324, "lowlevel.loudness_ebu128.loudness_range": 1.1213951110839844, "lowlevel.loudness_ebu128.momentary.mean": -14.486279487609863, "lowlevel.loudness_ebu128.momentary.stdev": 0.7836397290229797, "lowlevel.loudness_ebu128.short_term.mean": -14.4147310256958, "lowlevel.loudness_ebu128.short_term.stdev": 0.4036702811717987, "lowlevel.melbands_crest.mean": 14.698766708374023, "lowlevel.melbands_crest.stdev": 4.789184093475342, "lowlevel.melbands_flatness_db.mean": 0.15431900322437286, "lowlevel.melbands_flatness_db.stdev": 0.04347774758934975, "lowlevel.melbands_kurtosis.mean": 10.250528335571289, "lowlevel.melbands_kurtosis.stdev": 14.05070686340332, "lowlevel.melbands_skewness.mean": 2.5697617530822754, "lowlevel.melbands_skewness.stdev": 1.5806902647018433, "lowlevel.melbands_spread.mean": 36.63136291503906, "lowlevel.melbands_spread.stdev": 17.092470169067383, "lowlevel.pitch_salience.mean": 0.5278264284133911, "lowlevel.pitch_salience.stdev": 0.10732398182153702, "lowlevel.silence_rate_20dB.mean": 1.0, "lowlevel.silence_rate_20dB.stdev": 0.0, "lowlevel.silence_rate_30dB.mean": 0.9972936511039734, "lowlevel.silence_rate_30dB.stdev": 0.05195242911577225, "lowlevel.silence_rate_60dB.mean": 0.00202977005392313, "lowlevel.silence_rate_60dB.stdev": 0.045007359236478806, "lowlevel.spectral_centroid.mean": 2105.23486328125, "lowlevel.spectral_centroid.stdev": 584.4505004882812, "lowlevel.spectral_complexity.mean": 30.588632583618164, "lowlevel.spectral_complexity.stdev": 9.68606185913086, "lowlevel.spectral_decrease.mean": -1.0401397076975627e-08, "lowlevel.spectral_decrease.stdev": 6.828931198299415e-09, "lowlevel.spectral_energy.mean": 0.04313759133219719, "lowlevel.spectral_energy.stdev": 0.026853319257497787, "lowlevel.spectral_energyband_high.mean": 0.003674898762255907, "lowlevel.spectral_energyband_high.stdev": 0.0029645038302987814, "lowlevel.spectral_energyband_low.mean": 0.020976755768060684, "lowlevel.spectral_energyband_low.stdev": 0.02355550229549408, "lowlevel.spectral_energyband_middle_high.mean": 0.008667617104947567, "lowlevel.spectral_energyband_middle_high.stdev": 0.00638318108394742, "lowlevel.spectral_energyband_middle_low.mean": 0.010704821906983852, "lowlevel.spectral_energyband_middle_low.stdev": 0.009374252520501614, "lowlevel.spectral_entropy.mean": 8.081543922424316, "lowlevel.spectral_entropy.stdev": 0.214657261967659, "lowlevel.spectral_flux.mean": 0.1271284967660904, "lowlevel.spectral_flux.stdev": 0.05900519713759422, "lowlevel.spectral_kurtosis.mean": 1.7116459608078003, "lowlevel.spectral_kurtosis.stdev": 0.8379200100898743, "lowlevel.spectral_rms.mean": 0.006236271001398563, "lowlevel.spectral_rms.stdev": 0.001787267392501235, "lowlevel.spectral_rolloff.mean": 2278.541259765625, "lowlevel.spectral_rolloff.stdev": 1642.486328125, "lowlevel.spectral_skewness.mean": 0.9549862146377563, "lowlevel.spectral_skewness.stdev": 0.26495206356048584, "lowlevel.spectral_spread.mean": 5421609.5, "lowlevel.spectral_spread.stdev": 830144.0625, "lowlevel.spectral_strongpeak.mean": 1.1345094442367554, "lowlevel.spectral_strongpeak.stdev": 1.6299245357513428, "lowlevel.zerocrossingrate.mean": 0.08848726749420166, "lowlevel.zerocrossingrate.stdev": 0.027265777811408043, "metadata.audio_properties.analysis.equal_loudness": 0.0, "metadata.audio_properties.analysis.length": 34.28265380859375, "metadata.audio_properties.analysis.sample_rate": 44100.0, "metadata.audio_properties.analysis.start_time": 0.0, "metadata.audio_properties.bit_rate": 120531.0, "metadata.audio_properties.length": 34.28266525268555, "metadata.audio_properties.lossless": 0.0, "metadata.audio_properties.number_channels": 1.0, "metadata.audio_properties.replay_gain": -10.834959030151367, "metadata.audio_properties.sample_rate": 48000.0, "rhythm.beats_count": 68.0, "rhythm.beats_loudness.mean": 0.04123467206954956, "rhythm.beats_loudness.stdev": 0.011989683844149113, "rhythm.bpm": 120.07121276855469, "rhythm.bpm_histogram_first_peak_bpm": 120.0, "rhythm.bpm_histogram_first_peak_weight": 0.23076921701431274, "rhythm.bpm_histogram_second_peak_bpm": 126.0, "rhythm.bpm_histogram_second_peak_spread": 0.0, "rhythm.bpm_histogram_second_peak_weight": 0.02985074557363987, "rhythm.danceability": 1.7047407627105713, "rhythm.onset_rate": 4.752758502960205, "tonal.chords_changes_rate": 0.0810810774564743, "tonal.chords_number_rate": 0.014864864759147167, "tonal.chords_strength.mean": 0.549768328666687, "tonal.chords_strength.stdev": 0.10017908364534378, "tonal.hpcp_crest.mean": 12.286232948303223, "tonal.hpcp_crest.stdev": 5.511714458465576, "tonal.hpcp_entropy.mean": 2.131521701812744, "tonal.hpcp_entropy.stdev": 0.7249961495399475, "tonal.key_edma.strength": 0.543407678604126, "tonal.key_krumhansl.strength": 0.553826630115509, "tonal.key_temperley.strength": 0.5727152824401855, "tonal.tuning_diatonic_strength": 0.5554139018058777, "tonal.tuning_equal_tempered_deviation": 0.23434048891067505, "tonal.tuning_frequency": 434.193115234375, "tonal.tuning_nontempered_energy_ratio": 0.9178325533866882, "lowlevel.barkbands.mean": [0.0009833690710365772, 0.014676475897431374, 0.004584899637848139, 0.001971255522221327, 0.0022830094676464796, 0.001043894561007619, 0.0006316535291261971, 0.0019303002627566457, 0.002551176119595766, 0.0007771341479383409, 0.0018116103019565344, 0.0013004959328100085, 0.0011195667320862412, 0.0007535472395829856, 0.0008223173790611327, 0.0007353571709245443, 0.00044057838385924697, 0.0003088558732997626, 0.000424565834691748, 0.0007125406409613788, 0.0008783708908595145, 0.001402239198796451, 0.000461038900539279, 0.00025498741888441145, 0.0001812607079045847, 9.236588812200353e-05, 4.731721674033906e-06], "lowlevel.barkbands.stdev": [0.0009644235833548009, 0.020338067784905434, 0.004936133977025747, 0.0027654976584017277, 0.0055532935075461864, 0.0015432878863066435, 0.00099265668541193, 0.0046798414550721645, 0.004506405908614397, 0.00200278521515429, 0.003836589166894555, 0.0033316342160105705, 0.0026171973440796137, 0.0014526459854096174, 0.00191911228466779, 0.0011734740110114217, 0.0003746359725482762, 0.0002597699058242142, 0.0003386385506018996, 0.0007180584943853319, 0.0009118628222495317, 0.0012879089917987585, 0.0004062879888806492, 0.00025516696041449904, 0.00017939133977051824, 8.82613385329023e-05, 8.320157576235943e-06], "lowlevel.erbbands.mean": [0.49239370226860046, 2.976360559463501, 5.903258323669434, 5.7240142822265625, 8.464787483215332, 6.3520050048828125, 6.903329372406006, 8.625687599182129, 8.857954978942871, 12.949760437011719, 57.98134994506836, 67.97589874267578, 26.68898582458496, 37.47653579711914, 74.62443542480469, 59.82079315185547, 55.051822662353516, 37.43559646606445, 51.35354995727539, 38.11564254760742, 35.89842224121094, 24.48668670654297, 17.05974769592285, 19.828161239624023, 23.737747192382812, 34.139896392822266, 34.0721321105957, 38.843719482421875, 53.6241455078125, 29.672046661376953, 10.889707565307617, 5.891577243804932, 4.045305252075195, 2.3275492191314697, 1.1262465715408325, 0.4695711135864258, 0.16029790043830872, 0.02445122040808201, 0.0006116380100138485, 7.460382039425895e-05], "lowlevel.erbbands.stdev": [0.5846379399299622, 4.615758419036865, 6.64408016204834, 7.078907012939453, 19.665523529052734, 14.49661922454834, 10.294397354125977, 14.985210418701172, 15.1541748046875, 19.94218635559082, 127.66842651367188, 118.63544464111328, 61.06381607055664, 76.6811752319336, 149.87062072753906, 147.46595764160156, 129.74977111816406, 64.15901184082031, 123.02889251708984, 61.732791900634766, 43.296043395996094, 19.8109073638916, 13.098984718322754, 16.28727149963379, 19.746068954467773, 34.14832305908203, 33.78883361816406, 41.04575729370117, 51.6223030090332, 26.68981170654297, 9.747553825378418, 5.589693546295166, 4.314365386962891, 2.4313297271728516, 1.1156994104385376, 0.4512668550014496, 0.16960906982421875, 0.03067644312977791, 0.0007942371885292232, 3.9229234971571714e-05], "lowlevel.gfcc.mean": [67.20025634765625, 58.04646301269531, -110.45110321044922, 51.130374908447266, -59.17409133911133, 34.12664031982422, -22.59840202331543, 14.212767601013184, -19.705236434936523, 12.771541595458984, -24.488248825073242, 4.482660293579102, -14.085129737854004], "lowlevel.melbands.mean": [0.004180431831628084, 0.0032740358728915453, 0.0010919594205915928, 0.0005583833553828299, 0.00023323787900153548, 0.000192816267372109, 0.0001330980157945305, 0.00017066800501197577, 0.0005068718455731869, 0.00039173458935692906, 0.00011880826787091792, 0.00013686291640624404, 0.0002618497237563133, 0.0001670084602665156, 0.00012812213390134275, 0.00010306805779691786, 6.559660687344149e-05, 8.499313844367862e-05, 5.0643411668716e-05, 5.590080763795413e-05, 3.8650705391773954e-05, 2.6531153707765043e-05, 1.8232163711218163e-05, 1.3567059795605019e-05, 1.6215226423810236e-05, 1.5920968507998623e-05, 2.0081821276107803e-05, 2.3055914425640367e-05, 2.076713280985132e-05, 2.1318954168236814e-05, 2.290882184752263e-05, 3.23979438690003e-05, 2.4649287297506817e-05, 1.3170245438232087e-05, 6.33546414974262e-06, 4.158300271228654e-06, 3.4454619708412793e-06, 2.9788991469104076e-06, 2.3347649857896613e-06, 1.8210141661256785e-06], "lowlevel.melbands.stdev": [0.005456669721752405, 0.0040460918098688126, 0.0013042582431808114, 0.0013690131017938256, 0.000331190851284191, 0.00031477666925638914, 0.0002217830769950524, 0.00030804035486653447, 0.0010177975054830313, 0.000705056416336447, 0.00030486518517136574, 0.00030707725090906024, 0.0005405439296737313, 0.00040287215961143374, 0.0002750334679149091, 0.00022824789630249143, 0.00013235276855994016, 0.00020526668231468648, 8.765480015426874e-05, 0.00010628985910443589, 4.3441254092613235e-05, 2.3601227439939976e-05, 1.5558576706098393e-05, 1.1608291970333084e-05, 1.410509503330104e-05, 1.3312487681105267e-05, 1.8774348063743673e-05, 2.500097980373539e-05, 2.2741711291018873e-05, 2.2401107344194315e-05, 2.561621840868611e-05, 3.259175718994811e-05, 2.391711859672796e-05, 1.2080060514563229e-05, 5.897502433072077e-06, 4.104793788428651e-06, 3.422552708798321e-06, 3.360816890563001e-06, 2.4713358470762614e-06, 1.9898222944902955e-06], "lowlevel.melbands128.mean": [0.0006932563846930861, 0.004043243825435638, 0.005531389266252518, 0.004721101373434067, 0.0035469362046569586, 0.0019089138368144631, 0.0011113303480669856, 0.0009645285899750888, 0.000884292006958276, 0.0006342363776639104, 0.0002763539378065616, 0.00019317830447107553, 0.0002390742884017527, 0.0002498277754057199, 0.00022606694255955517, 0.0001373039121972397, 0.00012959683954250067, 0.00014900918176863343, 0.00011062028352171183, 0.00012031422375002876, 0.0001439648331142962, 0.0004557353677228093, 0.0006051392410881817, 0.0004737437120638788, 0.0005622686585411429, 0.00031116203172132373, 0.000118673087854404, 0.0001255722891073674, 6.61567974020727e-05, 0.00012830006016884, 0.00010797548020491377, 0.00025900197215378284, 0.0003197058103978634, 0.0002578897983767092, 0.00011334926239214838, 0.0001839086617110297, 0.0001849668042268604, 6.801546987844631e-05, 0.00014942009875085205, 0.00014396265032701194, 8.034912025323138e-05, 6.540575122926384e-05, 5.997123662382364e-05, 6.650461727986112e-05, 7.778411236358806e-05, 9.311831672675908e-05, 9.725300333229825e-05, 3.4945398510899395e-05, 3.8071801100159064e-05, 5.5483476899098605e-05, 6.524302443722263e-05, 4.925605026073754e-05, 3.983507485827431e-05, 3.4131473512388766e-05, 3.355437365826219e-05, 2.5692123017506674e-05, 2.1401872800197452e-05, 1.961000816663727e-05, 1.8090015146299265e-05, 1.3373717592912726e-05, 1.2279843758733477e-05, 1.4078392268856987e-05, 1.64090160978958e-05, 1.7354941519442946e-05, 1.5026961591502186e-05, 1.5645646271877922e-05, 1.670974597800523e-05, 1.6381200111936778e-05, 2.0297582523198798e-05, 2.6636967959348112e-05, 2.2881353288539685e-05, 2.1028807168477215e-05, 2.2839749362901784e-05, 1.9808850993285887e-05, 1.9301447537145577e-05, 2.3288999727810733e-05, 2.1025092792115174e-05, 1.963111753866542e-05, 2.2044692741474137e-05, 2.6251374947605655e-05, 3.506835855660029e-05, 3.421166547923349e-05, 2.8837779609602876e-05, 2.5721778001752682e-05, 1.9152477761963382e-05, 1.5568626622552983e-05, 1.1070810614910442e-05, 7.89610840001842e-06, 6.0508082242449746e-06, 5.217247235123068e-06, 4.821393758902559e-06, 3.845067112706602e-06, 3.083698175032623e-06, 3.451763859629864e-06, 3.6298167742643273e-06, 3.4158749713242287e-06, 2.6739776330941822e-06, 2.6385769160697237e-06, 2.3753796085657086e-06, 2.1382020349847153e-06, 2.143495521522709e-06, 1.7155753084807657e-06, 1.5744743677714723e-06, 1.3479267408911255e-06, 1.3082319583190838e-06, 1.1467694776001736e-06, 1.0038573918791371e-06, 8.975215450846008e-07, 7.379773592219863e-07, 7.561445158899005e-07, 6.615380812036165e-07, 5.529647069124621e-07, 5.277569812278671e-07, 4.196567431336007e-07, 3.340597061196604e-07, 2.5234081135749875e-07, 1.6846996686581406e-07, 4.028122191357397e-08, 2.2033082025529893e-09, 8.358841396827188e-12, 7.45541735985844e-12, 7.004953041234163e-12, 6.630842576405005e-12, 6.322956481313868e-12, 5.994084135291233e-12, 5.692676798702001e-12, 5.548840033287039e-12, 5.50444542377071e-12], "lowlevel.melbands128.stdev": [0.0007978015346452594, 0.004445764236152172, 0.0082749854773283, 0.00783449225127697, 0.004462057258933783, 0.0020743515342473984, 0.0016820882447063923, 0.0013770792866125703, 0.0024467683397233486, 0.0018297467613592744, 0.0006452656234614551, 0.00033685436937958, 0.0004521370865404606, 0.00041702191811054945, 0.00048672629054635763, 0.0003216192708350718, 0.00030851931660436094, 0.0003307157603558153, 0.00019961936050094664, 0.00024508146452717483, 0.00040432187961414456, 0.001309730694629252, 0.0016094649909064174, 0.0011137929977849126, 0.0012488188222050667, 0.0008242418989539146, 0.00032756366999819875, 0.0005443416303023696, 0.0001904389209812507, 0.0004566222196444869, 0.0003323629789520055, 0.0008091394556686282, 0.0007765987538732588, 0.0008278570021502674, 0.00046272139297798276, 0.0006532924599014223, 0.0006233036401681602, 0.0002240600879304111, 0.0005159001448191702, 0.000494189967866987, 0.00020041520474478602, 0.0001792390103219077, 0.00018478652054909617, 0.00019122568482998759, 0.00021428382024168968, 0.0003312456829007715, 0.00032128876773640513, 5.812751260236837e-05, 8.031578181544319e-05, 0.0001435288431821391, 0.00017169129569083452, 9.626641985960305e-05, 6.0452468460425735e-05, 4.1876828618114814e-05, 4.286747207515873e-05, 2.961721293104347e-05, 2.4159797249012627e-05, 2.3754031644784845e-05, 2.1354628188419156e-05, 1.4379635103978217e-05, 1.2599348337971605e-05, 1.6308225895045325e-05, 1.8282893506693654e-05, 1.8079086657962762e-05, 1.5395533409900963e-05, 1.5858662663958967e-05, 1.701718611002434e-05, 2.0235744159435853e-05, 2.2506563254864886e-05, 2.8883729100925848e-05, 3.0523675377480686e-05, 2.7505468096933328e-05, 3.1575320463161916e-05, 2.502493589418009e-05, 2.1301868400769308e-05, 2.7037158361054026e-05, 2.5448074666201137e-05, 2.866059548978228e-05, 3.1717725505586714e-05, 2.9378592444118112e-05, 4.022851862828247e-05, 3.993609789176844e-05, 3.2091957109514624e-05, 2.7515208785189316e-05, 2.124228012689855e-05, 1.6358864741050638e-05, 1.1302082384645473e-05, 8.37416882859543e-06, 6.2814665398036595e-06, 5.76992852074909e-06, 5.282794518279843e-06, 4.519629328569863e-06, 3.5948237382399384e-06, 3.6812691632803762e-06, 3.913291493518045e-06, 4.459083811525488e-06, 3.448933284744271e-06, 3.140548187730019e-06, 2.712543164307135e-06, 2.4836949705786537e-06, 2.5108197405643295e-06, 2.1416392428363906e-06, 1.8617715795699041e-06, 1.619246177142486e-06, 1.5278892533387989e-06, 1.2200869150547078e-06, 1.0601822850730969e-06, 1.0171936537517468e-06, 8.479534585603687e-07, 8.687495096637576e-07, 7.85243514656031e-07, 6.679061925751739e-07, 6.850659133306181e-07, 6.110821573201974e-07, 4.866356562160945e-07, 3.731271931428637e-07, 2.649831003509462e-07, 1.3302627621669671e-07, 2.5539359072013212e-08, 5.036192296525854e-11, 3.9192895456841015e-11, 3.005432708258482e-11, 2.2687183728886673e-11, 1.6442265951543966e-11, 1.0971203112664085e-11, 8.41503169229929e-12, 8.145344641830032e-12, 8.097883474889045e-12], "lowlevel.mfcc.mean": [-574.373779296875, 81.3713607788086, 9.39393138885498, 27.343666076660156, -2.532574415206909, 24.19407081604004, 4.713258743286133, 9.69494342803955, 12.216597557067871, 5.321183681488037, 7.01694917678833, 2.2013070583343506, 3.6468124389648438], "lowlevel.spectral_contrast_coeffs.mean": [-0.7469508647918701, -0.7485955953598022, -0.7617872357368469, -0.7951844334602356, -0.8105357885360718, -0.6952420473098755], "lowlevel.spectral_contrast_coeffs.stdev": [0.055937834084033966, 0.08121587336063385, 0.08107519149780273, 0.047503963112831116, 0.02180228941142559, 0.0369066558778286], "lowlevel.spectral_contrast_valleys.mean": [-6.2212371826171875, -6.5323381423950195, -6.9822678565979, -6.95881986618042, -6.656709671020508, -9.227124214172363], "lowlevel.spectral_contrast_valleys.stdev": [0.4458240866661072, 0.45446503162384033, 0.42224758863449097, 0.47330278158187866, 0.4195905923843384, 0.5069293975830078], "rhythm.beats_loudness_band_ratio.mean": [0.5009576082229614, 0.07962491363286972, 0.1257866621017456, 0.15028159320354462, 0.07320079207420349, 0.11086580902338028], "rhythm.beats_loudness_band_ratio.stdev": [0.13759279251098633, 0.07355070859193802, 0.09896305203437805, 0.1304807960987091, 0.05940217524766922, 0.04741731658577919], "tonal.hpcp.mean": [0.2849527895450592, 0.29335129261016846, 0.13311155140399933, 0.07052845507860184, 0.062403518706560135, 0.06040018051862717, 0.0981704518198967, 0.11766068637371063, 0.08884727954864502, 0.09278947114944458, 0.10197024047374725, 0.07542256265878677, 0.052036918699741364, 0.04602670297026634, 0.07673520594835281, 0.16133780777454376, 0.18560609221458435, 0.1189158484339714, 0.06713076680898666, 0.05500706285238266, 0.08123284578323364, 0.18362237513065338, 0.2258528769016266, 0.15867453813552856, 0.1405337005853653, 0.13590213656425476, 0.09783164411783218, 0.08191146701574326, 0.09666433930397034, 0.1287400871515274, 0.21476536989212036, 0.24371697008609772, 0.16564936935901642, 0.12064772099256516, 0.11151880770921707, 0.14035815000534058], "tonal.hpcp.stdev": [0.3651960790157318, 0.3748703896999359, 0.21788400411605835, 0.18293558061122894, 0.17381292581558228, 0.14262241125106812, 0.17728331685066223, 0.20459093153476715, 0.16499769687652588, 0.16972582042217255, 0.20063269138336182, 0.17532801628112793, 0.13511422276496887, 0.10939373075962067, 0.15935838222503662, 0.2524217367172241, 0.2680301368236542, 0.20437122881412506, 0.15682320296764374, 0.14416442811489105, 0.17379701137542725, 0.2573355436325073, 0.30024534463882446, 0.2389509081840515, 0.23960614204406738, 0.25346827507019043, 0.2036096751689911, 0.18035940825939178, 0.21283213794231415, 0.23890842497348785, 0.3230997323989868, 0.3525182008743286, 0.2685301899909973, 0.23346197605133057, 0.2247280329465866, 0.23148173093795776], "rhythm.beats_position": [0.4643990993499756, 0.9404081702232361, 1.4164172410964966, 1.904036283493042, 2.4032652378082275, 2.902494192123413, 3.4017233848571777, 3.9009523391723633, 4.400181293487549, 4.899410247802734, 5.39863920211792, 5.8978681564331055, 6.408707141876221, 6.896326541900635, 7.39555549621582, 7.894784450531006, 8.394013404846191, 8.893242835998535, 9.404081344604492, 9.914920806884766, 10.402539253234863, 10.901768684387207, 11.400997161865234, 11.900226593017578, 12.399456024169922, 12.89868450164795, 13.397913932800293, 13.89714241027832, 14.396371841430664, 14.895600318908691, 15.394829750061035, 15.894058227539062, 16.393287658691406, 16.90412712097168, 17.403356552124023, 17.902584075927734, 18.401813507080078, 18.901042938232422, 19.400272369384766, 19.899499893188477, 20.41033935546875, 20.897958755493164, 21.397188186645508, 21.89641761779785, 22.395645141601562, 22.894874572753906, 23.40571403503418, 23.904943466186523, 24.404170989990234, 24.903400421142578, 25.402629852294922, 25.890249252319336, 26.40108871459961, 26.88870620727539, 27.387935638427734, 27.887165069580078, 28.39800453186035, 28.897233963012695, 29.396461486816406, 29.89569091796875, 30.394920349121094, 30.905759811401367, 31.404987335205078, 31.904216766357422, 32.403446197509766, 32.90267562866211, 33.40190505981445, 33.9011344909668], "rhythm.bpm_histogram": [0.0, 0.0, 0.0, 0.0, 0.0, 0.0, 0.0, 0.0, 0.0, 0.0, 0.0, 0.0, 0.0, 0.0, 0.0, 0.0, 0.0, 0.0, 0.0, 0.0, 0.0, 0.0, 0.0, 0.0, 0.0, 0.0, 0.0, 0.0, 0.0, 0.0, 0.0, 0.0, 0.0, 0.0, 0.0, 0.0, 0.0, 0.0, 0.0, 0.0, 0.0, 0.0, 0.0, 0.0, 0.0, 0.0, 0.0, 0.0, 0.0, 0.0, 0.0, 0.0, 0.0, 0.0, 0.0, 0.0, 0.0, 0.0, 0.0, 0.0, 0.0, 0.0, 0.0, 0.0, 0.0, 0.0, 0.0, 0.0, 0.0, 0.0, 0.0, 0.0, 0.0, 0.0, 0.0, 0.0, 0.0, 0.0, 0.0, 0.0, 0.0, 0.0, 0.0, 0.0, 0.0, 0.0, 0.0, 0.0, 0.0, 0.0, 0.0, 0.0, 0.0, 0.0, 0.0, 0.0, 0.0, 0.0, 0.0, 0.0, 0.0, 0.0, 0.0, 0.0, 0.0, 0.0, 0.0, 0.0, 0.0, 0.0, 0.0, 0.0, 0.0, 0.0, 0.0, 0.0, 0.0, 0.13432836532592773, 0.0, 0.0, 0.746268630027771, 0.0, 0.0, 0.08955223858356476, 0.0, 0.0, 0.02985074557363987, 0.0, 0.0, 0.0, 0.0, 0.0, 0.0, 0.0, 0.0, 0.0, 0.0, 0.0, 0.0, 0.0, 0.0, 0.0, 0.0, 0.0, 0.0, 0.0, 0.0, 0.0, 0.0, 0.0, 0.0, 0.0, 0.0, 0.0, 0.0, 0.0, 0.0, 0.0, 0.0, 0.0, 0.0, 0.0, 0.0, 0.0, 0.0, 0.0, 0.0, 0.0, 0.0, 0.0, 0.0, 0.0, 0.0, 0.0, 0.0, 0.0, 0.0, 0.0, 0.0, 0.0, 0.0, 0.0, 0.0, 0.0, 0.0, 0.0, 0.0, 0.0, 0.0, 0.0, 0.0, 0.0, 0.0, 0.0, 0.0, 0.0, 0.0, 0.0, 0.0, 0.0, 0.0, 0.0, 0.0, 0.0, 0.0, 0.0, 0.0, 0.0, 0.0, 0.0, 0.0, 0.0, 0.0, 0.0, 0.0, 0.0, 0.0, 0.0, 0.0, 0.0, 0.0, 0.0, 0.0, 0.0, 0.0, 0.0, 0.0, 0.0, 0.0, 0.0, 0.0, 0.0, 0.0, 0.0, 0.0, 0.0, 0.0, 0.0, 0.0, 0.0, 0.0, 0.0, 0.0, 0.0, 0.0, 0.0, 0.0, 0.0, 0.0, 0.0], "tonal.chords_histogram": [16.08108139038086, 0.0, 1.4864864349365234, 0.0, 4.594594478607178, 0.8108108043670654, 1.4864864349365234, 0.0, 0.0, 0.0, 0.0, 0.0, 0.0, 3.7837836742401123, 0.0, 0.0, 0.0, 5.675675868988037, 0.6756756901741028, 12.702702522277832, 1.4864864349365234, 24.594594955444336, 7.972972869873047, 18.648649215698242], "tonal.thpcp": [1.0, 0.45376160740852356, 0.24042320251464844, 0.21272625029087067, 0.20589710772037506, 0.33465149998664856, 0.40109142661094666, 0.30286991596221924, 0.3163083791732788, 0.34760454297065735, 0.25710663199424744, 0.17738772928714752, 0.1568996012210846, 0.26158127188682556, 0.5499815940856934, 0.6327093243598938, 0.4053701162338257, 0.2288408726453781, 0.1875125914812088, 0.27691319584846497, 0.6259470582008362, 0.7699058651924133, 0.5409027934074402, 0.4790628254413605, 0.46327435970306396, 0.3334965407848358, 0.27922654151916504, 0.32951733469963074, 0.4388597905635834, 0.7321098446846008, 0.8308024406433105, 0.5646792054176331, 0.41127386689186096, 0.38015449047088623, 0.47846439480781555, 0.97137051820755], "lowlevel.gfcc.cov": [[1123.74072265625, -115.20093536376953, 16.728355407714844, 90.30918884277344, -2.099321126937866, 21.821107864379883, -44.54092788696289, -39.27688980102539, -17.938274383544922, 7.68693208694458, -22.631444931030273, -5.7165751457214355, -7.782676696777344], [-115.20093536376953, 349.85296630859375, -94.36150360107422, -31.7203369140625, -40.23480224609375, -21.689706802368164, 86.1369857788086, 19.4626407623291, 14.034219741821289, -41.415626525878906, 35.5721435546875, -22.18178939819336, 33.26974868774414], [16.728355407714844, -94.36150360107422, 280.5449523925781, -3.324650287628174, 49.993858337402344, -14.618680000305176, -16.179651260375977, -2.095846176147461, -54.74626922607422, -1.1043416261672974, 5.220178127288818, 55.82002258300781, -24.620121002197266], [90.30918884277344, -31.7203369140625, -3.324650287628174, 306.111083984375, 21.01485252380371, -9.298323631286621, -84.19014739990234, -40.68019485473633, 53.46834945678711, 8.383439064025879, -10.79026985168457, -45.04753494262695, 46.19706726074219], [-2.099321126937866, -40.23480224609375, 49.993858337402344, 21.01485252380371, 177.91220092773438, 41.85085678100586, -16.623552322387695, -28.51461410522461, 18.441455841064453, 39.92296600341797, -14.772162437438965, -5.618548393249512, -26.467758178710938], [21.821107864379883, -21.689706802368164, -14.618680000305176, -9.298323631286621, 41.85085678100586, 103.49173736572266, 54.73970031738281, 8.82551097869873, -1.2284514904022217, 8.20303726196289, 6.372700214385986, -9.335145950317383, -10.917571067810059], [-44.54092788696289, 86.1369857788086, -16.179651260375977, -84.19014739990234, -16.623552322387695, 54.73970031738281, 209.34083557128906, 84.30670928955078, -25.281063079833984, -43.96324920654297, 19.253704071044922, 20.80564308166504, -7.144998550415039], [-39.27688980102539, 19.4626407623291, -2.095846176147461, -40.68019485473633, -28.51461410522461, 8.82551097869873, 84.30670928955078, 119.5079574584961, 42.09500503540039, -11.900126457214355, -9.204010963439941, -3.3044233322143555, 2.6638145446777344], [-17.938274383544922, 14.034219741821289, -54.74626922607422, 53.46834945678711, 18.441455841064453, -1.2284514904022217, -25.281063079833984, 42.09500503540039, 129.90147399902344, 54.2342643737793, -20.524023056030273, -52.115562438964844, 2.923581838607788], [7.68693208694458, -41.415626525878906, -1.1043416261672974, 8.383439064025879, 39.92296600341797, 8.20303726196289, -43.96324920654297, -11.900126457214355, 54.2342643737793, 89.1207504272461, 14.456323623657227, -21.893896102905273, -26.252511978149414], [-22.631444931030273, 35.5721435546875, 5.220178127288818, -10.79026985168457, -14.772162437438965, 6.372700214385986, 19.253704071044922, -9.204010963439941, -20.524023056030273, 14.456323623657227, 76.02200317382812, 36.540870666503906, 4.667098522186279], [-5.7165751457214355, -22.18178939819336, 55.82002258300781, -45.04753494262695, -5.618548393249512, -9.335145950317383, 20.80564308166504, -3.3044233322143555, -52.115562438964844, -21.893896102905273, 36.540870666503906, 98.43014526367188, 28.439472198486328], [-7.782676696777344, 33.26974868774414, -24.620121002197266, 46.19706726074219, -26.467758178710938, -10.917571067810059, -7.144998550415039, 2.6638145446777344, 2.923581838607788, -26.252511978149414, 4.667098522186279, 28.439472198486328, 73.89765167236328]], "lowlevel.gfcc.icov": [[0.0009674813481979072, 0.00013445252261590213, 6.493817636510357e-05, -0.0004134402552153915, 0.0003090272075496614, -0.00035431122523732483, 2.0738407329190522e-05, 0.00013611055328510702, 0.0002816672786138952, -0.0003080252790823579, 0.0005626216880045831, -0.00039082777220755816, 0.00037119933404028416], [0.00013445252261590213, 0.0061063626781105995, 0.00014627321797888726, 0.002095187082886696, -0.0013907147804275155, 0.0036987520288676023, -0.003513709641993046, 0.0030224837828427553, -0.0031800828874111176, 0.004791762214154005, -0.006464403588324785, 0.006504731718450785, -0.004663390107452869], [6.493817636510357e-05, 0.00014627321797888726, 0.005849117878824472, -0.0016237942036241293, -0.0016577041242271662, 0.0010166491847485304, 0.0013364205369725823, -0.0033660808112472296, 0.0036089615896344185, -0.001205685082823038, 0.0012059183791279793, -0.004296451341360807, 0.0037180574145168066], [-0.0004134402552153915, 0.002095187082886696, -0.0016237942036241293, 0.006614347919821739, -0.0013095234753564, 0.0011300331680104136, -0.00032787592499516904, 0.003446215530857444, -0.004170188680291176, 0.004183353390544653, -0.004822578281164169, 0.007121707312762737, -0.006905847694724798], [0.0003090272075496614, -0.0013907147804275155, -0.0016577041242271662, -0.0013095234753564, 0.009463553316891193, -0.004757412243634462, -0.0002707594248931855, 0.003121060086414218, -0.0018149648094549775, -0.004002174362540245, 0.00565976882353425, -0.004687294829636812, 0.003569487715139985], [-0.00035431122523732483, 0.0036987520288676023, 0.0010166491847485304, 0.0011300331680104136, -0.004757412243634462, 0.01662529818713665, -0.006862450856715441, 0.0019106244435533881, 0.0004568231524899602, 9.303600381826982e-05, -0.005080586299300194, 0.006995363626629114, -0.004406718071550131], [2.0738407329190522e-05, -0.003513709641993046, 0.0013364205369725823, -0.00032787592499516904, -0.0002707594248931855, -0.006862450856715441, 0.013776340521872044, -0.010180090554058552, 0.003978469409048557, 0.0027615425642579794, -0.00040507351513952017, -0.004284808412194252, 0.005320706870406866], [0.00013611055328510702, 0.0030224837828427553, -0.0033660808112472296, 0.003446215530857444, 0.003121060086414218, 0.0019106244435533881, -0.010180090554058552, 0.022633682936429977, -0.014594010077416897, 0.006142249330878258, -0.0009231899748556316, 0.002323372522369027, -0.003098728833720088], [0.0002816672786138952, -0.0031800828874111176, 0.0036089615896344185, -0.004170188680291176, -0.0018149648094549775, 0.0004568231524899602, 0.003978469409048557, -0.014594010077416897, 0.02687327191233635, -0.018224691972136497, 0.007360102608799934, 0.0023517655208706856, -0.003308575600385666], [-0.0003080252790823579, 0.004791762214154005, -0.001205685082823038, 0.004183353390544653, -0.004002174362540245, 9.303600381826982e-05, 0.0027615425642579794, 0.006142249330878258, -0.018224691972136497, 0.033712100237607956, -0.016775256022810936, 0.005700396373867989, 0.004982295911759138], [0.0005626216880045831, -0.006464403588324785, 0.0012059183791279793, -0.004822578281164169, 0.00565976882353425, -0.005080586299300194, -0.00040507351513952017, -0.0009231899748556316, 0.007360102608799934, -0.016775256022810936, 0.030176926404237747, -0.01722767762839794, 0.006130401045084], [-0.00039082777220755816, 0.006504731718450785, -0.004296451341360807, 0.007121707312762737, -0.004687294829636812, 0.006995363626629114, -0.004284808412194252, 0.002323372522369027, 0.0023517655208706856, 0.005700396373867989, -0.01722767762839794, 0.03330595791339874, -0.019794320687651634], [0.00037119933404028416, -0.004663390107452869, 0.0037180574145168066, -0.006905847694724798, 0.003569487715139985, -0.004406718071550131, 0.005320706870406866, -0.003098728833720088, -0.003308575600385666, 0.004982295911759138, 0.006130401045084, -0.019794320687651634, 0.03161188215017319]], "lowlevel.mfcc.cov": [[1143.0150146484375, -187.9208526611328, -6.406099319458008, 78.69697570800781, 18.415983200073242, 59.282135009765625, -51.41556930541992, -38.894126892089844, 1.522873878479004, 25.99357795715332, 3.7557318210601807, -35.29446029663086, -28.91082000732422], [-187.9208526611328, 332.13055419921875, -39.54812240600586, -66.27278900146484, -83.645751953125, -44.633277893066406, 59.447784423828125, 41.92754364013672, -0.00797957181930542, -23.89146614074707, 7.727689743041992, 36.843868255615234, 18.52455711364746], [-6.406099319458008, -39.54812240600586, 188.17044067382812, 38.494140625, -3.469668388366699, -27.52320671081543, 20.62664222717285, 16.72881507873535, -32.50217819213867, -35.585838317871094, -34.11956024169922, -1.527065396308899, 6.654179096221924], [78.69697570800781, -66.27278900146484, 38.494140625, 176.88926696777344, 58.80126953125, 17.938859939575195, -40.191253662109375, -18.347476959228516, 9.690170288085938, 6.31637716293335, -22.337974548339844, -21.08208465576172, 1.4225149154663086], [18.415983200073242, -83.645751953125, -3.469668388366699, 58.80126953125, 192.696533203125, 71.29265594482422, -66.4869613647461, -74.35648345947266, -7.033411979675293, 29.019468307495117, 12.966902732849121, -19.0789852142334, -14.941198348999023], [59.282135009765625, -44.633277893066406, -27.52320671081543, 17.938859939575195, 71.29265594482422, 122.25984191894531, 15.42251205444336, -32.25703430175781, -8.633305549621582, 10.031364440917969, 17.911354064941406, -0.6194929480552673, -9.840132713317871], [-51.41556930541992, 59.447784423828125, 20.62664222717285, -40.191253662109375, -66.4869613647461, 15.42251205444336, 153.38650512695312, 79.60413360595703, -11.461602210998535, -42.06129455566406, -3.6482110023498535, 29.07366371154785, 9.42805004119873], [-38.894126892089844, 41.92754364013672, 16.72881507873535, -18.347476959228516, -74.35648345947266, -32.25703430175781, 79.60413360595703, 123.97174072265625, 42.6268424987793, -17.817670822143555, -15.219956398010254, 5.97767448425293, 10.324273109436035], [1.522873878479004, -0.00797957181930542, -32.50217819213867, 9.690170288085938, -7.033411979675293, -8.633305549621582, -11.461602210998535, 42.6268424987793, 104.35779571533203, 57.28761672973633, 14.963211059570312, -8.701250076293945, 1.234694004058838], [25.99357795715332, -23.89146614074707, -35.585838317871094, 6.31637716293335, 29.019468307495117, 10.031364440917969, -42.06129455566406, -17.817670822143555, 57.28761672973633, 106.83416748046875, 51.542301177978516, 4.160938739776611, -15.536162376403809], [3.7557318210601807, 7.727689743041992, -34.11956024169922, -22.337974548339844, 12.966902732849121, 17.911354064941406, -3.6482110023498535, -15.219956398010254, 14.963211059570312, 51.542301177978516, 86.82933807373047, 36.648704528808594, -7.218119144439697], [-35.29446029663086, 36.843868255615234, -1.527065396308899, -21.08208465576172, -19.0789852142334, -0.6194929480552673, 29.07366371154785, 5.97767448425293, -8.701250076293945, 4.160938739776611, 36.648704528808594, 73.70449829101562, 27.327295303344727], [-28.91082000732422, 18.52455711364746, 6.654179096221924, 1.4225149154663086, -14.941198348999023, -9.840132713317871, 9.42805004119873, 10.324273109436035, 1.234694004058838, -15.536162376403809, -7.218119144439697, 27.327295303344727, 59.924869537353516]], "lowlevel.mfcc.icov": [[0.001031811349093914, 0.0005099681438878179, 8.767742838244885e-05, -0.00036982374149374664, 0.000620187958702445, -0.00058220443315804, 0.0003082793264184147, 9.351872904517222e-06, 0.00012770500325132161, -3.905362609657459e-05, -0.0001646193559281528, 0.0001812907139537856, 0.00023285404313355684], [0.0005099681438878179, 0.004197936970740557, 0.0011757889296859503, 0.00033474178053438663, 0.0007761549204587936, 0.001214850228279829, -0.001107895513996482, 0.00036248081596568227, -0.0002681649348232895, 0.0007222177810035646, -9.276466880692169e-05, -0.001149289426393807, 2.0383511582622305e-05], [8.767742838244885e-05, 0.0011757889296859503, 0.007262506056576967, -0.0016528702108189464, -0.0008745855884626508, 0.002617832040414214, -0.001533067668788135, -0.001183421933092177, 0.0027302794624119997, -0.0003142931673210114, 0.0017512136837467551, -0.0009262246312573552, 6.409783236449584e-05], [-0.00036982374149374664, 0.00033474178053438663, -0.0016528702108189464, 0.007577121257781982, -0.0016702045686542988, -0.0009091070969589055, 0.0014492397895082831, -0.0003072255349252373, -0.0013218896929174662, -0.00014171053771860898, 0.002004878595471382, -6.16672114119865e-05, -0.0007589169545099139], [0.000620187958702445, 0.0007761549204587936, -0.0008745855884626508, -0.0016702045686542988, 0.010148940607905388, -0.005459025502204895, 0.0029742734041064978, 0.002394036389887333, -0.00017086240404751152, -0.0003278857038822025, -0.0008491128101013601, 0.0009189324337057769, 0.000346854591043666], [-0.00058220443315804, 0.001214850228279829, 0.002617832040414214, -0.0009091070969589055, -0.005459025502204895, 0.015177237801253796, -0.007774796336889267, 0.004666412249207497, -0.0008156389812938869, 0.0002531941863708198, -0.001491471892222762, 0.0008982612052932382, 0.0001179927057819441], [0.0003082793264184147, -0.001107895513996482, -0.001533067668788135, 0.0014492397895082831, 0.0029742734041064978, -0.007774796336889267, 0.017269978299736977, -0.011383973062038422, 0.003801114857196808, 0.0025184706319123507, -0.00047841755440458655, -0.004213880281895399, 0.0017747834790498018], [9.351872904517222e-06, 0.00036248081596568227, -0.001183421933092177, -0.0003072255349252373, 0.002394036389887333, 0.004666412249207497, -0.011383973062038422, 0.02333114668726921, -0.01328328624367714, 0.004675853997468948, 0.0011406047269701958, 0.0003324971185065806, 0.0006374503136612475], [0.00012770500325132161, -0.0002681649348232895, 0.0027302794624119997, -0.0013218896929174662, -0.00017086240404751152, -0.0008156389812938869, 0.003801114857196808, -0.01328328624367714, 0.02426082454621792, -0.013798937201499939, 0.0004719232674688101, 0.004555843770503998, -0.004711451008915901], [-3.905362609657459e-05, 0.0007222177810035646, -0.0003142931673210114, -0.00014171053771860898, -0.0003278857038822025, 0.0002531941863708198, 0.0025184706319123507, 0.004675853997468948, -0.013798937201499939, 0.024438153952360153, -0.010477286763489246, -0.0013620194513350725, 0.0045334286987781525], [-0.0001646193559281528, -9.276466880692169e-05, 0.0017512136837467551, 0.002004878595471382, -0.0008491128101013601, -0.001491471892222762, -0.00047841755440458655, 0.0011406047269701958, 0.0004719232674688101, -0.010477286763489246, 0.02586779184639454, -0.013955367729067802, 0.005883126985281706], [0.0001812907139537856, -0.001149289426393807, -0.0009262246312573552, -6.16672114119865e-05, 0.0009189324337057769, 0.0008982612052932382, -0.004213880281895399, 0.0003324971185065806, 0.004555843770503998, -0.0013620194513350725, -0.013955367729067802, 0.0287015363574028, -0.013687227852642536], [0.00023285404313355684, 2.0383511582622305e-05, 6.409783236449584e-05, -0.0007589169545099139, 0.000346854591043666, 0.0001179927057819441, 0.0017747834790498018, 0.0006374503136612475, -0.004711451008915901, 0.0045334286987781525, 0.005883126985281706, -0.013687227852642536, 0.02474408969283104]], "metadata.audio_properties.analysis.downmix": "mix", "metadata.audio_properties.codec": "mp3", "metadata.audio_properties.md5_encoded": "d49b049deeaaf381ccb3d6bd0dac9e61", "metadata.tags.file_name": "1183706555863015464.mp3", "metadata.version.essentia": "2.1-beta6-dev", "metadata.version.essentia_git_sha": "v2.1_beta5-1110-g77a6a954", "metadata.version.extractor": "music 2.0", "tonal.chords_key": "A", "tonal.chords_scale": "minor", "tonal.key_edma.key": "G", "tonal.key_edma.scale": "major", "tonal.key_krum