{"song_id": "1183697796746981457", "download": "https://cdn.discordapp.com/attachments/1135911532732108921/1183697796746981457/chirp.mp4?ex=6589477a&amp", "lyrics": "Ich mag's zu fahren-fahren\nin meinem Wagen Wagen\nmit euren Damen Damen\nnach Baden-Baden.", "style": ["eurodance"], "essentia_features": {"lowlevel.average_loudness": 0.9851029515266418, "lowlevel.barkbands_crest.mean": 12.167373657226562, "lowlevel.barkbands_crest.stdev": 5.780515670776367, "lowlevel.barkbands_flatness_db.mean": 0.11029164493083954, "lowlevel.barkbands_flatness_db.stdev": 0.042370233684778214, "lowlevel.barkbands_kurtosis.mean": 2.33994197845459, "lowlevel.barkbands_kurtosis.stdev": 4.529660224914551, "lowlevel.barkbands_skewness.mean": 1.4095215797424316, "lowlevel.barkbands_skewness.stdev": 1.1028451919555664, "lowlevel.barkbands_spread.mean": 35.59849548339844, "lowlevel.barkbands_spread.stdev": 14.138473510742188, "lowlevel.dissonance.mean": 0.47951531410217285, "lowlevel.dissonance.stdev": 0.02675897255539894, "lowlevel.dynamic_complexity": 1.2558523416519165, "lowlevel.erbbands_crest.mean": 6.393030643463135, "lowlevel.erbbands_crest.stdev": 3.2301716804504395, "lowlevel.erbbands_flatness_db.mean": 0.11028781533241272, "lowlevel.erbbands_flatness_db.stdev": 0.023128658533096313, "lowlevel.erbbands_kurtosis.mean": -0.09510544687509537, "lowlevel.erbbands_kurtosis.stdev": 1.1132577657699585, "lowlevel.erbbands_skewness.mean": -0.0032105573918670416, "lowlevel.erbbands_skewness.stdev": 0.49432313442230225, "lowlevel.erbbands_spread.mean": 46.15824890136719, "lowlevel.erbbands_spread.stdev": 14.54353141784668, "lowlevel.hfc.mean": 39.45817184448242, "lowlevel.hfc.stdev": 20.558046340942383, "lowlevel.loudness_ebu128.integrated": -14.00859546661377, "lowlevel.loudness_ebu128.loudness_range": 0.6191253662109375, "lowlevel.loudness_ebu128.momentary.mean": -14.051371574401855, "lowlevel.loudness_ebu128.momentary.stdev": 0.6175005435943604, "lowlevel.loudness_ebu128.short_term.mean": -14.041029930114746, "lowlevel.loudness_ebu128.short_term.stdev": 0.22474652528762817, "lowlevel.melbands_crest.mean": 18.86911964416504, "lowlevel.melbands_crest.stdev": 7.60037088394165, "lowlevel.melbands_flatness_db.mean": 0.1558879017829895, "lowlevel.melbands_flatness_db.stdev": 0.06140444427728653, "lowlevel.melbands_kurtosis.mean": 14.139650344848633, "lowlevel.melbands_kurtosis.stdev": 17.3243350982666, "lowlevel.melbands_skewness.mean": 2.9985382556915283, "lowlevel.melbands_skewness.stdev": 1.791696310043335, "lowlevel.melbands_spread.mean": 32.87434005737305, "lowlevel.melbands_spread.stdev": 21.876798629760742, "lowlevel.pitch_salience.mean": 0.4769629240036011, "lowlevel.pitch_salience.stdev": 0.17092348635196686, "lowlevel.silence_rate_20dB.mean": 1.0, "lowlevel.silence_rate_20dB.stdev": 0.0, "lowlevel.silence_rate_30dB.mean": 1.0, "lowlevel.silence_rate_30dB.stdev": 0.0, "lowlevel.silence_rate_60dB.mean": 0.004640371073037386, "lowlevel.silence_rate_60dB.stdev": 0.0679619163274765, "lowlevel.spectral_centroid.mean": 2007.496337890625, "lowlevel.spectral_centroid.stdev": 575.1636962890625, "lowlevel.spectral_complexity.mean": 32.248260498046875, "lowlevel.spectral_complexity.stdev": 9.057489395141602, "lowlevel.spectral_decrease.mean": -1.0475178058300116e-08, "lowlevel.spectral_decrease.stdev": 5.919443601953844e-09, "lowlevel.spectral_energy.mean": 0.04311474412679672, "lowlevel.spectral_energy.stdev": 0.02256033942103386, "lowlevel.spectral_energyband_high.mean": 0.0026116715744137764, "lowlevel.spectral_energyband_high.stdev": 0.001967738615348935, "lowlevel.spectral_energyband_low.mean": 0.022630475461483, "lowlevel.spectral_energyband_low.stdev": 0.022220514714717865, "lowlevel.spectral_energyband_middle_high.mean": 0.007843025028705597, "lowlevel.spectral_energyband_middle_high.stdev": 0.004310972988605499, "lowlevel.spectral_energyband_middle_low.mean": 0.011016402393579483, "lowlevel.spectral_energyband_middle_low.stdev": 0.013938497751951218, "lowlevel.spectral_entropy.mean": 8.097877502441406, "lowlevel.spectral_entropy.stdev": 0.19310778379440308, "lowlevel.spectral_flux.mean": 0.11963949352502823, "lowlevel.spectral_flux.stdev": 0.05559569224715233, "lowlevel.spectral_kurtosis.mean": 2.903765916824341, "lowlevel.spectral_kurtosis.stdev": 0.8830540180206299, "lowlevel.spectral_rms.mean": 0.006230089347809553, "lowlevel.spectral_rms.stdev": 0.0018025430617854, "lowlevel.spectral_rolloff.mean": 2248.89697265625, "lowlevel.spectral_rolloff.stdev": 2135.719482421875, "lowlevel.spectral_skewness.mean": 1.3355681896209717, "lowlevel.spectral_skewness.stdev": 0.1858832687139511, "lowlevel.spectral_spread.mean": 5707942.5, "lowlevel.spectral_spread.stdev": 1343387.125, "lowlevel.spectral_strongpeak.mean": 0.7161455154418945, "lowlevel.spectral_strongpeak.stdev": 0.7389754056930542, "lowlevel.zerocrossingrate.mean": 0.08976784348487854, "lowlevel.zerocrossingrate.stdev": 0.04766782373189926, "metadata.audio_properties.analysis.equal_loudness": 0.0, "metadata.audio_properties.analysis.length": 9.962653160095215, "metadata.audio_properties.analysis.sample_rate": 44100.0, "metadata.audio_properties.analysis.start_time": 0.0, "metadata.audio_properties.bit_rate": 116796.0, "metadata.audio_properties.length": 9.962666511535645, "metadata.audio_properties.lossless": 0.0, "metadata.audio_properties.number_channels": 1.0, "metadata.audio_properties.replay_gain": -11.496572494506836, "metadata.audio_properties.sample_rate": 48000.0, "rhythm.beats_count": 22.0, "rhythm.beats_loudness.mean": 0.05574246495962143, "rhythm.beats_loudness.stdev": 0.012692986987531185, "rhythm.bpm": 135.83311462402344, "rhythm.bpm_histogram_first_peak_bpm": 136.0, "rhythm.bpm_histogram_first_peak_weight": 0.0476190447807312, "rhythm.bpm_histogram_second_peak_bpm": 0.0, "rhythm.bpm_histogram_second_peak_spread": 0.0, "rhythm.bpm_histogram_second_peak_weight": 0.0, "rhythm.danceability": 2.14391827583313, "rhythm.onset_rate": 5.408339500427246, "tonal.chords_changes_rate": 0.08796296268701553, "tonal.chords_number_rate": 0.02777777798473835, "tonal.chords_strength.mean": 0.5744195580482483, "tonal.chords_strength.stdev": 0.09135758131742477, "tonal.hpcp_crest.mean": 11.98049259185791, "tonal.hpcp_crest.stdev": 4.900765895843506, "tonal.hpcp_entropy.mean": 2.253941535949707, "tonal.hpcp_entropy.stdev": 0.6946706175804138, "tonal.key_edma.strength": 0.7025852203369141, "tonal.key_krumhansl.strength": 0.6927306056022644, "tonal.key_temperley.strength": 0.656302273273468, "tonal.tuning_diatonic_strength": 0.6846491694450378, "tonal.tuning_equal_tempered_deviation": 0.2364005446434021, "tonal.tuning_frequency": 434.193115234375, "tonal.tuning_nontempered_energy_ratio": 0.8984642624855042, "lowlevel.barkbands.mean": [0.0008169356151483953, 0.01684158481657505, 0.004099834710359573, 0.0020659416913986206, 0.002845106879249215, 0.0017450129380449653, 0.0023891592863947153, 0.0007355979760177433, 0.0010242677526548505, 0.001194359385408461, 0.0005289025139063597, 0.0012383566936478019, 0.0009096967987716198, 0.0008276744047179818, 0.0007129419245757163, 0.0004665552987717092, 0.00048474466893821955, 0.0007170755998231471, 0.0005976281827315688, 0.0005459816893562675, 0.00044889148557558656, 0.0004618798557203263, 0.00041029814747162163, 0.00030542004969902337, 0.00034843949833884835, 0.00035112714977003634, 1.3431890693027526e-06], "lowlevel.barkbands.stdev": [0.0010618844535201788, 0.01902802288532257, 0.010107353329658508, 0.006775131914764643, 0.0066510397009551525, 0.0033223640639334917, 0.003499077633023262, 0.0016107249539345503, 0.001411096309311688, 0.0016137089114636183, 0.000701101787853986, 0.0020032881293445826, 0.0012581190094351768, 0.0010720312129706144, 0.0008754623122513294, 0.00034297522506676614, 0.000424061669036746, 0.0006678804638795555, 0.00043130372068844736, 0.00034757022513076663, 0.0003750359464902431, 0.00043353234650567174, 0.0003628284321166575, 0.0002675971481949091, 0.00037558694020844996, 0.000406503037083894, 5.599186351901153e-06], "lowlevel.erbbands.mean": [0.5233194231987, 3.54508638381958, 5.624929904937744, 5.684443473815918, 7.467292308807373, 9.669807434082031, 13.86218547821045, 15.037964820861816, 36.53571319580078, 20.849262237548828, 15.21933650970459, 21.275362014770508, 32.25791931152344, 34.77061080932617, 35.64381790161133, 41.949378967285156, 42.27607345581055, 40.29119873046875, 47.30939865112305, 25.494064331054688, 27.468111038208008, 29.590553283691406, 36.595516204833984, 36.022071838378906, 27.66397476196289, 25.355453491210938, 21.329160690307617, 15.877925872802734, 17.900646209716797, 13.740495681762695, 10.988863945007324, 6.362814426422119, 5.402884483337402, 3.5483412742614746, 2.5506927967071533, 1.6133261919021606, 0.6893149018287659, 0.05471333861351013, 0.0010575696360319853, 0.00010322591697331518], "lowlevel.erbbands.stdev": [0.6193647980690002, 4.622828006744385, 11.461758613586426, 14.177825927734375, 18.298110961914062, 25.789337158203125, 29.12746810913086, 24.633974075317383, 55.781246185302734, 33.105323791503906, 26.831026077270508, 30.36505126953125, 37.585205078125, 53.347755432128906, 38.98100280761719, 61.66084671020508, 58.248233795166016, 42.928863525390625, 61.25117492675781, 19.475378036499023, 19.913375854492188, 27.64471435546875, 32.67707443237305, 26.5224666595459, 17.641239166259766, 16.153013229370117, 15.918684005737305, 14.537237167358398, 16.69498062133789, 12.904949188232422, 9.810413360595703, 5.427125930786133, 5.058455944061279, 3.771913766860962, 2.8769478797912598, 1.8804436922073364, 0.82622891664505, 0.06672412157058716, 0.0012445267057046294, 6.314695201581344e-05], "lowlevel.gfcc.mean": [65.25711822509766, 42.030643463134766, -111.70523071289062, 33.43216323852539, -54.352882385253906, 25.283493041992188, -34.097042083740234, 21.05996322631836, -25.102514266967773, 19.322425842285156, -12.410703659057617, 15.579983711242676, -13.182048797607422], "lowlevel.melbands.mean": [0.004683968611061573, 0.0034850803203880787, 0.0010552364401519299, 0.0006093939300626516, 0.0004842801427002996, 0.00034900198807008564, 0.0005346319521777332, 0.00020944185962434858, 0.00011764847295125946, 0.00014274076966103166, 0.00016722331929486245, 0.00014931088662706316, 9.554380812915042e-05, 0.00015490483201574534, 9.130356920650229e-05, 8.389475260628387e-05, 7.363964687101543e-05, 8.037280349526554e-05, 4.2450628825463355e-05, 3.0461145797744393e-05, 3.089089295826852e-05, 2.9070224627503194e-05, 3.23987114825286e-05, 3.395085150259547e-05, 2.8792917873943225e-05, 2.1402704078354873e-05, 1.8820175682776608e-05, 1.6385642084060237e-05, 1.4198578355717473e-05, 1.0780106094898656e-05, 8.485201760777272e-06, 1.0508140803722199e-05, 8.295457519125193e-06, 7.668973012187053e-06, 6.643914275628049e-06, 4.694221843237756e-06, 3.7606848763971357e-06, 4.050674306199653e-06, 3.2301807095791446e-06, 2.9315376650629332e-06], "lowlevel.melbands.stdev": [0.005182019900530577, 0.005213819909840822, 0.0025065718218684196, 0.0014670833479613066, 0.0010398003505542874, 0.0005686483928002417, 0.0007893610163591802, 0.000362026592483744, 0.00019195601635146886, 0.00019749297644011676, 0.00019807384524028748, 0.00023242486349772662, 9.990287071559578e-05, 0.0002763380471151322, 0.0001487623230786994, 8.511110354447737e-05, 9.186124225379899e-05, 0.00011261909821769223, 3.9470945921493694e-05, 2.317857251910027e-05, 2.3979573597898707e-05, 3.015750007762108e-05, 3.43631072610151e-05, 3.1263884011423215e-05, 2.1928417481831275e-05, 1.6244734069914557e-05, 1.215270549437264e-05, 1.170284940599231e-05, 1.0746669431682676e-05, 9.624874110158999e-06, 8.148502274707425e-06, 1.031863212119788e-05, 7.795378223818261e-06, 7.501276741095353e-06, 6.291369118116563e-06, 4.015586455352604e-06, 3.442121851549018e-06, 3.826718057098333e-06, 3.418946334932116e-06, 3.3124033507192507e-06], "lowlevel.melbands128.mean": [0.0006614131852984428, 0.004054224118590355, 0.0065080756321549416, 0.005714254453778267, 0.0035071445163339376, 0.0017476411303505301, 0.0011034897761419415, 0.001036057248711586, 0.0006840857095085084, 0.0006179918418638408, 0.0005101865390315652, 0.0005224609049037099, 0.0004889707779511809, 0.00042761219083331525, 0.00030351243913173676, 0.00027921784203499556, 0.0005393372266553342, 0.000742067932151258, 0.0003085178614128381, 0.00018533601542003453, 0.00019143891404382885, 0.00017091726476792246, 7.318426651181653e-05, 0.00010782902245409787, 0.00013373408000916243, 0.00015084132610354573, 0.0001920603244798258, 0.00012202800280647352, 0.0002011055767070502, 0.00020920505630783737, 0.0001095882907975465, 7.347328937612474e-05, 8.301922935061157e-05, 8.44500755192712e-05, 0.00024736725026741624, 0.0001483611122239381, 5.8152112615061924e-05, 8.249416714534163e-05, 0.00012905130279250443, 8.58320709085092e-05, 6.932762335054576e-05, 8.305820665555075e-05, 7.461687346221879e-05, 5.7961598940892145e-05, 9.25244894460775e-05, 8.882404654286802e-05, 7.073347660480067e-05, 3.8316487916745245e-05, 3.4405795304337516e-05, 2.8567421395564452e-05, 2.6582616555970162e-05, 3.439837382757105e-05, 4.0014911064645275e-05, 2.3885086193331517e-05, 2.3875178158050403e-05, 3.23578788083978e-05, 2.9821114367223345e-05, 3.167817339999601e-05, 3.5693723475560546e-05, 2.9267845093272626e-05, 3.662374729174189e-05, 3.4769858757499605e-05, 2.8378130082273856e-05, 2.9412583899102174e-05, 2.6110526960110292e-05, 2.058408244920429e-05, 1.8598280803416856e-05, 1.8296119378646836e-05, 2.0850871806032956e-05, 1.7250657037948258e-05, 1.4839335563010536e-05, 1.7598764316062443e-05, 1.5127097867662087e-05, 1.4245697457226925e-05, 1.1852712304971647e-05, 1.1176281077496242e-05, 1.065638480213238e-05, 8.391614755964838e-06, 7.983616342244204e-06, 8.258996786025818e-06, 1.0748245586000849e-05, 1.152055301645305e-05, 1.0231505257252138e-05, 7.874330549384467e-06, 6.7224282247480005e-06, 7.322783403651556e-06, 8.385816727241036e-06, 7.481164630007697e-06, 6.317712177406065e-06, 6.427123025787296e-06, 5.65490063308971e-06, 4.389936748339096e-06, 2.68140706793929e-06, 3.5024718272325117e-06, 4.560765319183702e-06, 4.513593466981547e-06, 3.94841345041641e-06, 3.287416348030092e-06, 3.2644848033669405e-06, 3.534810275596101e-06, 2.302745542692719e-06, 3.597146360334591e-06, 2.3642542146262713e-06, 2.4829259928083047e-06, 2.30689352065383e-06, 3.8069995298428694e-06, 3.3878845897561405e-06, 2.5672168249002425e-06, 2.6695470296544954e-06, 2.7207638595427852e-06, 2.9243512926768744e-06, 3.023867975571193e-06, 1.990915734495502e-06, 1.977461579372175e-06, 1.3495839539245935e-06, 2.5735133135640353e-07, 4.956423538260424e-08, 8.765559111889587e-11, 1.0352736029561882e-11, 9.958020519285071e-12, 9.687199827024262e-12, 9.476945270203707e-12, 9.278507649701506e-12, 8.965367510882505e-12, 7.98989173433906e-12, 6.4192770023174806e-12, 5.570868419346731e-12, 5.416743442676619e-12], "lowlevel.melbands128.stdev": [0.0009753364720381796, 0.005431307479739189, 0.008390707895159721, 0.008507739752531052, 0.007044348865747452, 0.004448531195521355, 0.002998682437464595, 0.003475064178928733, 0.0017844184767454863, 0.0018713980680331588, 0.0015232155565172434, 0.001292071072384715, 0.001065565156750381, 0.0011897379299625754, 0.0006340239779092371, 0.0005008596926927567, 0.0009593464783392847, 0.0012504508486017585, 0.0004942350788041949, 0.0004716173862107098, 0.0005171559168957174, 0.00044990464812144637, 0.0001378917513648048, 0.00024650926934555173, 0.00030639534816145897, 0.00023972702911123633, 0.00035986959119327366, 0.00021649221889674664, 0.0003517109144013375, 0.0003754527133423835, 0.00029647565679624677, 0.00012455362593755126, 0.0001372402039123699, 0.00010288975317962468, 0.0005008930456824601, 0.00036590537638403475, 0.00013940544158685952, 0.00018630732665769756, 0.0003360381815582514, 0.00013243059220258147, 8.346073445864022e-05, 9.872260852716863e-05, 0.00015469359641429037, 9.51643887674436e-05, 0.00021904578898102045, 0.00017058195953723043, 0.00013244226283859462, 4.514328247751109e-05, 4.160132448305376e-05, 2.9430117137962952e-05, 2.729615880525671e-05, 3.3651904232101515e-05, 4.011808050563559e-05, 2.426372520858422e-05, 2.392036549281329e-05, 5.131533180247061e-05, 3.491697498247959e-05, 3.751807889784686e-05, 5.954290463705547e-05, 3.270633897045627e-05, 4.6821802243357524e-05, 3.882245073327795e-05, 2.7309171855449677e-05, 2.9737675504293293e-05, 3.4184024116257206e-05, 2.0200583094265312e-05, 1.6254633010248654e-05, 1.617447196622379e-05, 1.689475539023988e-05, 1.385686937283026e-05, 1.3487624528352171e-05, 1.685862116573844e-05, 1.4134039702184964e-05, 1.2431888535502367e-05, 1.1473236554593313e-05, 1.1031508620362729e-05, 1.0827453479578253e-05, 1.0777437637443654e-05, 8.1696753113647e-06, 8.5197916632751e-06, 1.3132675121596549e-05, 1.1565961358428467e-05, 1.0845818906091154e-05, 8.127637556754053e-06, 7.94827428762801e-06, 8.277937922684941e-06, 9.022396625368856e-06, 8.386652552871965e-06, 7.168322554207407e-06, 6.627049970120424e-06, 5.549313755182084e-06, 4.269541477697203e-06, 3.2262507829727838e-06, 3.9154328987933695e-06, 4.595807240548311e-06, 4.73172849524417e-06, 4.2689225665526465e-06, 3.997090516349999e-06, 3.624806822699611e-06, 4.221922608849127e-06, 3.0761773359699873e-06, 4.504277967498638e-06, 2.9847271889593685e-06, 3.020077656401554e-06, 3.0833214168524137e-06, 4.989758053852711e-06, 4.5807241804141086e-06, 3.004324753419496e-06, 3.2840662242961116e-06, 3.570673470676411e-06, 3.865258804580662e-06, 4.353933491074713e-06, 2.4031799057411263e-06, 2.439246145513607e-06, 1.7754484815668548e-06, 5.107730203235405e-07, 1.9196896516859852e-07, 4.786649410171151e-10, 6.939972208019896e-11, 6.896072601847436e-11, 6.906129140782369e-11, 6.897418053375404e-11, 6.879136149606779e-11, 6.533744378867112e-11, 4.818806118023211e-11, 1.964618398520024e-11, 7.778180009798685e-12, 7.304498152171934e-12], "lowlevel.mfcc.mean": [-578.9727172851562, 80.7029800415039, -0.5098324418067932, 18.286151885986328, 4.347263336181641, 9.338462829589844, 6.566206932067871, 6.841330051422119, -0.24803979694843292, 4.7461934089660645, 5.593315601348877, 4.46594762802124, 5.196072578430176], "lowlevel.spectral_contrast_coeffs.mean": [-0.6986815333366394, -0.7598413825035095, -0.77860426902771, -0.8074963092803955, -0.802710235118866, -0.7461220622062683], "lowlevel.spectral_contrast_coeffs.stdev": [0.10540702939033508, 0.07300928980112076, 0.05774154141545296, 0.03883083164691925, 0.026335615664720535, 0.034343697130680084], "lowlevel.spectral_contrast_valleys.mean": [-6.850621223449707, -6.543147087097168, -6.818332672119141, -6.859755992889404, -6.629786968231201, -9.22368335723877], "lowlevel.spectral_contrast_valleys.stdev": [0.8585948944091797, 0.8298308849334717, 0.7937332987785339, 0.6726550459861755, 0.6720303893089294, 0.7137043476104736], "rhythm.beats_loudness_band_ratio.mean": [0.6531050205230713, 0.07231725007295609, 0.08232492953538895, 0.0937451645731926, 0.06277979165315628, 0.07182196527719498], "rhythm.beats_loudness_band_ratio.stdev": [0.07161244750022888, 0.04054313898086548, 0.04800551384687424, 0.058793194591999054, 0.02328861691057682, 0.03708137944340706], "tonal.hpcp.mean": [0.20425516366958618, 0.16614116728305817, 0.1024569645524025, 0.10906077176332474, 0.09549345076084137, 0.052493445575237274, 0.0685940682888031, 0.0768064558506012, 0.04847617819905281, 0.05531134456396103, 0.08520148694515228, 0.11387094110250473, 0.1664264053106308, 0.18147337436676025, 0.11656612902879715, 0.05759196728467941, 0.05601656436920166, 0.0652853399515152, 0.08415187895298004, 0.08933645486831665, 0.07886479794979095, 0.0965035930275917, 0.11533574014902115, 0.11789683252573013, 0.13946685194969177, 0.13433505594730377, 0.13204209506511688, 0.2265816032886505, 0.2536354660987854, 0.1786121279001236, 0.1368216872215271, 0.1189597100019455, 0.10641178488731384, 0.13693982362747192, 0.1675306260585785, 0.1805473268032074], "tonal.hpcp.stdev": [0.2918508052825928, 0.2579185664653778, 0.19556811451911926, 0.2306303232908249, 0.22613300383090973, 0.12227737903594971, 0.15375588834285736, 0.180007204413414, 0.11879447102546692, 0.14109081029891968, 0.20312172174453735, 0.24709033966064453, 0.25182002782821655, 0.2664135694503784, 0.1956731379032135, 0.13343672454357147, 0.14236141741275787, 0.16825003921985626, 0.19501321017742157, 0.20756250619888306, 0.1882455050945282, 0.17449921369552612, 0.21623241901397705, 0.22207137942314148, 0.26209360361099243, 0.2490050196647644, 0.2165665179491043, 0.3199944496154785, 0.3338375985622406, 0.2844133973121643, 0.2536109387874603, 0.24139077961444855, 0.2197650969028473, 0.21443715691566467, 0.26021870970726013, 0.2699058949947357], "rhythm.beats_position": [0.4760090708732605, 0.9287981986999512, 1.369977355003357, 1.8111563920974731, 2.252335548400879, 2.693514585494995, 3.1346938610076904, 3.5758728981018066, 4.017052173614502, 4.458230972290039, 4.899410247802734, 5.34058952331543, 5.781768798828125, 6.222947597503662, 6.664126873016357, 7.105306148529053, 7.54648494720459, 7.987664222717285, 8.42884349822998, 8.870022773742676, 9.311202049255371, 9.75238037109375], "rhythm.bpm_histogram": [0.0, 0.0, 0.0, 0.0, 0.0, 0.0, 0.0, 0.0, 0.0, 0.0, 0.0, 0.0, 0.0, 0.0, 0.0, 0.0, 0.0, 0.0, 0.0, 0.0, 0.0, 0.0, 0.0, 0.0, 0.0, 0.0, 0.0, 0.0, 0.0, 0.0, 0.0, 0.0, 0.0, 0.0, 0.0, 0.0, 0.0, 0.0, 0.0, 0.0, 0.0, 0.0, 0.0, 0.0, 0.0, 0.0, 0.0, 0.0, 0.0, 0.0, 0.0, 0.0, 0.0, 0.0, 0.0, 0.0, 0.0, 0.0, 0.0, 0.0, 0.0, 0.0, 0.0, 0.0, 0.0, 0.0, 0.0, 0.0, 0.0, 0.0, 0.0, 0.0, 0.0, 0.0, 0.0, 0.0, 0.0, 0.0, 0.0, 0.0, 0.0, 0.0, 0.0, 0.0, 0.0, 0.0, 0.0, 0.0, 0.0, 0.0, 0.0, 0.0, 0.0, 0.0, 0.0, 0.0, 0.0, 0.0, 0.0, 0.0, 0.0, 0.0, 0.0, 0.0, 0.0, 0.0, 0.0, 0.0, 0.0, 0.0, 0.0, 0.0, 0.0, 0.0, 0.0, 0.0, 0.0, 0.0, 0.0, 0.0, 0.0, 0.0, 0.0, 0.0, 0.0, 0.0, 0.0, 0.0, 0.0, 0.0, 0.0, 0.0, 0.0, 0.0476190485060215, 0.0, 0.0, 0.9523809552192688, 0.0, 0.0, 0.0, 0.0, 0.0, 0.0, 0.0, 0.0, 0.0, 0.0, 0.0, 0.0, 0.0, 0.0, 0.0, 0.0, 0.0, 0.0, 0.0, 0.0, 0.0, 0.0, 0.0, 0.0, 0.0, 0.0, 0.0, 0.0, 0.0, 0.0, 0.0, 0.0, 0.0, 0.0, 0.0, 0.0, 0.0, 0.0, 0.0, 0.0, 0.0, 0.0, 0.0, 0.0, 0.0, 0.0, 0.0, 0.0, 0.0, 0.0, 0.0, 0.0, 0.0, 0.0, 0.0, 0.0, 0.0, 0.0, 0.0, 0.0, 0.0, 0.0, 0.0, 0.0, 0.0, 0.0, 0.0, 0.0, 0.0, 0.0, 0.0, 0.0, 0.0, 0.0, 0.0, 0.0, 0.0, 0.0, 0.0, 0.0, 0.0, 0.0, 0.0, 0.0, 0.0, 0.0, 0.0, 0.0, 0.0, 0.0, 0.0, 0.0, 0.0, 0.0, 0.0, 0.0, 0.0, 0.0, 0.0, 0.0, 0.0, 0.0, 0.0, 0.0, 0.0, 0.0, 0.0, 0.0, 0.0, 0.0, 0.0, 0.0, 0.0], "tonal.chords_histogram": [49.074073791503906, 17.129629135131836, 0.46296295523643494, 0.0, 0.0, 0.0, 0.0, 21.296297073364258, 0.0, 0.0, 5.55555534362793, 0.0, 0.0, 0.0, 0.0, 0.0, 0.0, 5.092592716217041, 0.0, 0.0, 0.0, 0.0, 0.0, 1.3888888359069824], "tonal.thpcp": [1.0, 0.7042080163955688, 0.539442241191864, 0.46901842951774597, 0.4195461571216583, 0.5399080514907837, 0.6605173349380493, 0.7118378281593323, 0.8053099513053894, 0.6550391912460327, 0.4039536118507385, 0.4299902319908142, 0.376498818397522, 0.2069641351699829, 0.27044352889060974, 0.3028222322463989, 0.19112539291381836, 0.21807417273521423, 0.3359210193157196, 0.44895511865615845, 0.65616375207901, 0.7154889702796936, 0.4595813453197479, 0.22706590592861176, 0.22085462510585785, 0.2573983073234558, 0.3317827880382538, 0.35222381353378296, 0.3109375834465027, 0.38048145174980164, 0.4547303318977356, 0.46482786536216736, 0.5498712658882141, 0.5296382904052734, 0.5205979347229004, 0.8933356404304504], "lowlevel.gfcc.cov": [[5231.384765625, 321.1686096191406, 24.8801326751709, -124.38291931152344, -171.26629638671875, -40.333316802978516, -101.01449584960938, 22.00119972229004, -120.1834487915039, 17.680583953857422, -107.29405975341797, -1.6037086248397827, -129.5733642578125], [321.1686096191406, 597.7778930664062, 52.26339340209961, 50.20781707763672, 157.1686553955078, 122.75801849365234, 149.70196533203125, 45.79185485839844, 38.051231384277344, 12.431884765625, 50.16569137573242, -31.36239242553711, -3.723477840423584], [24.8801326751709, 52.26339340209961, 228.77391052246094, 53.859378814697266, 60.927337646484375, 36.755374908447266, 14.727274894714355, 21.88187599182129, 1.186635971069336, 4.58547306060791, -21.434070587158203, -18.280426025390625, -37.24625015258789], [-124.38291931152344, 50.20781707763672, 53.859378814697266, 249.47462463378906, 119.02843475341797, 56.93764877319336, 77.99800109863281, 49.367523193359375, 66.70008087158203, -0.7263864874839783, 15.856964111328125, -15.636792182922363, -22.151453018188477], [-171.26629638671875, 157.1686553955078, 60.927337646484375, 119.02843475341797, 281.833984375, 192.2779998779297, 175.02210998535156, 81.30790710449219, 74.5595932006836, 60.98928451538086, 64.95829772949219, 11.686053276062012, 21.304529190063477], [-40.333316802978516, 122.75801849365234, 36.755374908447266, 56.93764877319336, 192.2779998779297, 205.8248291015625, 175.39898681640625, 83.64332580566406, 66.50298309326172, 68.95521545410156, 66.322509765625, 20.84441375732422, 30.792036056518555], [-101.01449584960938, 149.70196533203125, 14.727274894714355, 77.99800109863281, 175.02210998535156, 175.39898681640625, 219.68359375, 127.32813262939453, 105.59894561767578, 83.78886413574219, 89.2933578491211, 38.6204719543457, 42.96808624267578], [22.00119972229004, 45.79185485839844, 21.88187599182129, 49.367523193359375, 81.30790710449219, 83.64332580566406, 127.32813262939453, 139.86549377441406, 105.93231964111328, 72.85272216796875, 63.44231033325195, 40.09634780883789, 27.55262565612793], [-120.1834487915039, 38.051231384277344, 1.186635971069336, 66.70008087158203, 74.5595932006836, 66.50298309326172, 105.59894561767578, 105.93231964111328, 129.18386840820312, 92.23173522949219, 81.97018432617188, 48.9224853515625, 37.41590118408203], [17.680583953857422, 12.431884765625, 4.58547306060791, -0.7263864874839783, 60.98928451538086, 68.95521545410156, 83.78886413574219, 72.85272216796875, 92.23173522949219, 129.44178771972656, 104.17152404785156, 70.33029174804688, 58.835838317871094], [-107.29405975341797, 50.16569137573242, -21.434070587158203, 15.856964111328125, 64.95829772949219, 66.322509765625, 89.2933578491211, 63.44231033325195, 81.97018432617188, 104.17152404785156, 124.63610076904297, 78.82000732421875, 65.75603485107422], [-1.6037086248397827, -31.36239242553711, -18.280426025390625, -15.636792182922363, 11.686053276062012, 20.84441375732422, 38.6204719543457, 40.09634780883789, 48.9224853515625, 70.33029174804688, 78.82000732421875, 98.73274230957031, 83.00635528564453], [-129.5733642578125, -3.723477840423584, -37.24625015258789, -22.151453018188477, 21.304529190063477, 30.792036056518555, 42.96808624267578, 27.55262565612793, 37.41590118408203, 58.835838317871094, 65.75603485107422, 83.00635528564453, 117.4298324584961]], "lowlevel.gfcc.icov": [[0.0003896571579389274, -0.0007085355464369059, 0.0006281448295339942, -0.0006050664815120399, 0.0005057132802903652, -0.0007388380472548306, 0.0009561047190800309, -0.0014008632861077785, 0.002033211523666978, -0.002443128963932395, 0.0023261148016899824, -0.0022251971531659365, 0.0014200331643223763], [-0.0007085355464369059, 0.004013688303530216, -0.002241593087092042, 0.0021161099430173635, -0.0016350342193618417, 0.0024844638537615538, -0.004477332811802626, 0.003901809686794877, -0.0047469548881053925, 0.007273564580827951, -0.007990201935172081, 0.0076473974622786045, -0.003661612281575799], [0.0006281448295339942, -0.002241593087092042, 0.00752943754196167, -0.0029810478445142508, -0.00023927621077746153, -0.0026229899376630783, 0.004500953480601311, -0.005529607646167278, 0.007147177122533321, -0.00934892613440752, 0.009243500418961048, -0.007455016486346722, 0.005330054555088282], [-0.0006050664815120399, 0.0021161099430173635, -0.0029810478445142508, 0.009075394831597805, -0.0041595762595534325, 0.0035442153457552195, -0.0038455198518931866, 0.005478959530591965, -0.01190792117267847, 0.011638425290584564, -0.007157757878303528, 0.005282587371766567, -0.0016503065126016736], [0.0005057132802903652, -0.0016350342193618417, -0.00023927621077746153, -0.0041595762595534325, 0.013292196206748486, -0.010474656708538532, 0.000244356895564124, -0.00048527735634706914, 0.002564474707469344, -0.003585387719795108, 0.0022268136963248253, -0.0018445278983563185, 0.0010413670679554343], [-0.0007388380472548306, 0.0024844638537615538, -0.0026229899376630783, 0.0035442153457552195, -0.010474656708538532, 0.02753271348774433, -0.019177403301000595, 0.005477613769471645, 0.00061639747582376, -0.00018967859796248376, -0.003874371526762843, 0.007764772977679968, -0.003907629754394293], [0.0009561047190800309, -0.004477332811802626, 0.004500953480601311, -0.0038455198518931866, 0.000244356895564124, -0.019177403301000595, 0.03461746126413345, -0.019284414127469063, 0.004643876105546951, -0.0038058608770370483, 0.0013555760961025953, -0.004851583857089281, 0.0015550646930932999], [-0.0014008632861077785, 0.003901809686794877, -0.005529607646167278, 0.005478959530591965, -0.00048527735634706914, 0.005477613769471645, -0.019284414127469063, 0.035943653434515, -0.02816700004041195, 0.012298237532377243, -0.00429993262514472, 0.0030571622774004936, -0.001808170578442514], [0.002033211523666978, -0.0047469548881053925, 0.007147177122533321, -0.01190792117267847, 0.002564474707469344, 0.00061639747582376, 0.004643876105546951, -0.02816700004041195, 0.053065311163663864, -0.033833812922239304, 0.01216694712638855, -0.010947332717478275, 0.007365473546087742], [-0.002443128963932395, 0.007273564580827951, -0.00934892613440752, 0.011638425290584564, -0.003585387719795108, -0.00018967859796248376, -0.0038058608770370483, 0.012298237532377243, -0.033833812922239304, 0.057580988854169846, -0.04009273275732994, 0.016759242862462997, -0.011493383906781673], [0.0023261148016899824, -0.007990201935172081, 0.009243500418961048, -0.007157757878303528, 0.0022268136963248253, -0.003874371526762843, 0.0013555760961025953, -0.00429993262514472, 0.01216694712638855, -0.04009273275732994, 0.059121400117874146, -0.03656552731990814, 0.013971774838864803], [-0.0022251971531659365, 0.0076473974622786045, -0.007455016486346722, 0.005282587371766567, -0.0018445278983563185, 0.007764772977679968, -0.004851583857089281, 0.0030571622774004936, -0.010947332717478275, 0.016759242862462997, -0.03656552731990814, 0.06002679094672203, -0.031088458374142647], [0.0014200331643223763, -0.003661612281575799, 0.005330054555088282, -0.0016503065126016736, 0.0010413670679554343, -0.003907629754394293, 0.0015550646930932999, -0.001808170578442514, 0.007365473546087742, -0.011493383906781673, 0.013971774838864803, -0.031088458374142647, 0.029599975794553757]], "lowlevel.mfcc.cov": [[2951.751708984375, 209.7200469970703, 79.32269287109375, -25.20366096496582, -31.499496459960938, -52.07590103149414, -39.78646469116211, -41.681636810302734, -25.33798599243164, -54.899410247802734, -17.938385009765625, -54.644012451171875, -24.170909881591797], [209.7200469970703, 508.7002258300781, 13.674666404724121, -16.762317657470703, 44.93208694458008, 84.12551879882812, 122.10184478759766, 51.692970275878906, 38.636409759521484, 61.173492431640625, 23.607421875, 7.943862438201904, 28.42913246154785], [79.32269287109375, 13.674666404724121, 168.29931640625, 38.581932067871094, 7.336061477661133, -22.337406158447266, -26.753061294555664, -9.988752365112305, -5.603878021240234, -26.177515029907227, 1.9771478176116943, 7.767475128173828, -13.386746406555176], [-25.20366096496582, -16.762317657470703, 38.581932067871094, 180.79331970214844, 66.16033172607422, 35.8176383972168, 10.655549049377441, 54.3058967590332, 24.644914627075195, 16.161453247070312, 29.731842041015625, 40.849613189697266, 12.832470893859863], [-31.499496459960938, 44.93208694458008, 7.336061477661133, 66.16033172607422, 115.63422393798828, 82.10902404785156, 62.10505676269531, 45.23115921020508, 32.568992614746094, 37.497135162353516, 29.575956344604492, 21.86275863647461, 20.206279754638672], [-52.07590103149414, 84.12551879882812, -22.337406158447266, 35.8176383972168, 82.10902404785156, 148.7727813720703, 116.13134002685547, 61.75343704223633, 51.887569427490234, 59.605899810791016, 31.357711791992188, 34.817039489746094, 39.566444396972656], [-39.78646469116211, 122.10184478759766, -26.753061294555664, 10.655549049377441, 62.10505676269531, 116.13134002685547, 154.8937530517578, 84.46175384521484, 66.35148620605469, 75.42496490478516, 41.62388610839844, 41.482425689697266, 47.36257553100586], [-41.681636810302734, 51.692970275878906, -9.988752365112305, 54.3058967590332, 45.23115921020508, 61.75343704223633, 84.46175384521484, 111.85008239746094, 73.49736022949219, 58.44145584106445, 41.5359992980957, 51.8365364074707, 35.685829162597656], [-25.33798599243164, 38.636409759521484, -5.603878021240234, 24.644914627075195, 32.568992614746094, 51.887569427490234, 66.35148620605469, 73.49736022949219, 96.59654235839844, 64.06024932861328, 36.92355728149414, 47.34415817260742, 43.069984436035156], [-54.899410247802734, 61.173492431640625, -26.177515029907227, 16.161453247070312, 37.497135162353516, 59.605899810791016, 75.42496490478516, 58.44145584106445, 64.06024932861328, 103.12545776367188, 57.990909576416016, 52.36439895629883, 46.46808624267578], [-17.938385009765625, 23.607421875, 1.9771478176116943, 29.731842041015625, 29.575956344604492, 31.357711791992188, 41.62388610839844, 41.5359992980957, 36.92355728149414, 57.990909576416016, 81.86963653564453, 63.92365264892578, 40.54936981201172], [-54.644012451171875, 7.943862438201904, 7.767475128173828, 40.849613189697266, 21.86275863647461, 34.817039489746094, 41.482425689697266, 51.8365364074707, 47.34415817260742, 52.36439895629883, 63.92365264892578, 101.33216857910156, 64.92635345458984], [-24.170909881591797, 28.42913246154785, -13.386746406555176, 12.832470893859863, 20.206279754638672, 39.566444396972656, 47.36257553100586, 35.685829162597656, 43.069984436035156, 46.46808624267578, 40.54936981201172, 64.92635345458984, 89.88237762451172]], "lowlevel.mfcc.icov": [[0.00036690555862151086, -0.00019922190404031426, -0.00011199296568520367, -2.506554483261425e-05, 7.846844528103247e-05, 5.27353877259884e-05, 9.472446254221722e-05, 5.63439134566579e-05, -0.000170249622897245, 0.0002981678117066622, -0.00030291828443296254, 0.0003393625665921718, -0.00014560885028913617], [-0.00019922190404031426, 0.002708829939365387, -0.0008008298464119434, 0.00036787151475436985, -4.7232246288331226e-05, 7.79062756919302e-05, -0.002231385326012969, -0.00023422705999109894, 0.0008120951242744923, -0.0011623739264905453, 0.0002118178817909211, 0.0009656720794737339, -0.0004183455021120608], [-0.00011199296568520367, -0.0008008298464119434, 0.007544121239334345, -0.001608911668881774, -0.0012360649416223168, 0.001583425560966134, -0.0002454973291605711, 0.002318878658115864, -0.002422021236270666, 0.003379229921847582, -0.0008005637209862471, -0.002774167340248823, 0.002144675236195326], [-2.506554483261425e-05, 0.00036787151475436985, -0.001608911668881774, 0.009976796805858612, -0.004967156797647476, -0.0018113143742084503, 0.005079840775579214, -0.0065782759338617325, 0.002075907774269581, 0.0003345940785948187, 4.049709241371602e-05, -0.0026237857528030872, 0.0007711876532994211], [7.846844528103247e-05, -4.7232246288331226e-05, -0.0012360649416223168, -0.004967156797647476, 0.018457448109984398, -0.008620922453701496, -0.00019940991478506476, -0.0003374102234374732, 4.474303568713367e-05, -0.0006023625610396266, -0.004195268731564283, 0.004896132741123438, -0.0009083796176128089], [5.27353877259884e-05, 7.79062756919302e-05, 0.001583425560966134, -0.0018113143742084503, -0.008620922453701496, 0.022431133314967155, -0.014713197015225887, 0.004451983142644167, -0.0015013535739853978, -0.0006048115319572389, 0.003575107315555215, -0.002605614485219121, -0.0001654208463151008], [9.472446254221722e-05, -0.002231385326012969, -0.0002454973291605711, 0.005079840775579214, -0.00019940991478506476, -0.014713197015225887, 0.027981601655483246, -0.01293275412172079, 0.0015382152050733566, -0.0041914209723472595, -0.0015702194068580866, 0.002834238577634096, -0.0030279881320893764], [5.63439134566579e-05, -0.00023422705999109894, 0.002318878658115864, -0.0065782759338617325, -0.0003374102234374732, 0.004451983142644167, -0.01293275412172079, 0.029811082407832146, -0.014575251378118992, 0.0019406668143346906, -0.00017548124014865607, -0.006163383834064007, 0.0049809655174613], [-0.000170249622897245, 0.0008120951242744923, -0.002422021236270666, 0.002075907774269581, 4.474303568713367e-05, -0.0015013535739853978, 0.0015382152050733566, -0.014575251378118992, 0.028165776282548904, -0.010876831598579884, 0.0038906435947865248, -0.0005372077575884759, -0.004573167767375708], [0.0002981678117066622, -0.0011623739264905453, 0.003379229921847582, 0.0003345940785948187, -0.0006023625610396266, -0.0006048115319572389, -0.0041914209723472595, 0.0019406668143346906, -0.010876831598579884, 0.028290661051869392, -0.013037428259849548, 0.00020717344887088984, -0.0009387824684381485], [-0.00030291828443296254, 0.0002118178817909211, -0.0008005637209862471, 4.049709241371602e-05, -0.004195268731564283, 0.003575107315555215, -0.0015702194068580866, -0.00017548124014865607, 0.0038906435947865248, -0.013037428259849548, 0.03263755887746811, -0.016904234886169434, 0.0023555271327495575], [0.0003393625665921718, 0.0009656720794737339, -0.002774167340248823, -0.0026237857528030872, 0.004896132741123438, -0.002605614485219121, 0.002834238577634096, -0.006163383834064007, -0.0005372077575884759, 0.00020717344887088984, -0.016904234886169434, 0.03429840877652168, -0.016251806169748306], [-0.00014560885028913617, -0.0004183455021120608, 0.002144675236195326, 0.0007711876532994211, -0.0009083796176128089, -0.0001654208463151008, -0.0030279881320893764, 0.0049809655174613, -0.004573167767375708, -0.0009387824684381485, 0.0023555271327495575, -0.016251806169748306, 0.024676654487848282]], "metadata.audio_properties.analysis.downmix": "mix", "metadata.audio_properties.codec": "mp3", "metadata.audio_properties.md5_encoded": "db9350ce9a486364771022ef588b261d", "metadata.tags.file_name": "1183697796746981457.mp3", "metadata.version.essentia": "2.1-beta6-dev", "metadata.version.essentia_git_sha": "v2.1_beta5-1110-g77a6a954", "metadata.version.extractor": "music 2.0", "tonal.chords_key": "F#", "tonal.chords_scale": "minor", "tonal.key_edma.key": "F#", "tonal.key_edma.scale": "minor", "tonal.key_krumhansl.key": "F#", "tonal.key_krumhansl.scale": "minor", "tonal.key_temperley.key": "F#", "tonal.key_temperley.scale": "minor", "metadata.tags.encoding": ["Lavf58.45.100"]}, "essentia_models": [{"model_name": "genre_dortmund", "activations": {"alternative": "0.011891837", "blues": "0.00068454834", "electronic": "0.47090352", "folkcountry": "0.0026875408", "funksoulrnb": "0.014736362", "jazz": "0.010040342", "pop": "0.22179349", "raphiphop": "0.01791193", "rock": "0.200442"}}, {"model_name": "genre_rosamerica", "activations": {"classic": "0.005574686", "dance": "0.99245286", "hip hop": "0.01827733", "jazz": "0.010523374", "pop": "0.008236238", "rhythm and blues": "0.0014157832", "rock": "0.022628069", "speech": "0.0069510625"}}, {"model_name": "genre_tzanetakis", "activations": {"blues": "0.00020630046", "classic": "0.0005027565", "country": "0.0020866883", "disco": "0.31924263", "hip hop": "0.10785183", "jazz": "0.0027725871", "metal": "0.013202649", "pop": "0.16995136", "reggae": "0.024142005", "rock": "0.017412819"}}, {"model_name": "genre_electronic", "activations": {"ambient": "0.017834352", "dnb": "0.05916128", "house": "0.065210365", "techno": "0.118105896", "trance": "0.5217446"}}, {"model_name": "mood_acoustic", "activations": {"acoustic": "1.7229471e-11", "not acoustic": "0.9978471"}}, {"model_name": "mood_electronic", "activations": {"electronic": "0.93641853", "not electronic": "0.030138403"}}, {"model_name": "mood_aggressive", "activatio