{"song_id": "1183710827686142073", "download": "https://cdn.discordapp.com/attachments/1135903449314238464/1183710827686142073/chirp.mp4?ex=6589539d&amp", "lyrics": "[verse]\nIn a little town, out in the wild\nThere's a place where dreams run free and wild\nWhere Samoyeds chase raccoons in the moonlight\nAnd Alpacas graze under a starry sky\n\n[chorus]\nWe're howlin' with the Samoyeds, dancin' with raccoons\nIn this country town, where love always blooms\nWhere Alpacas roam, their fur so fine\nThis ain't just a place, it's a state of mind", "style": ["death metal"], "essentia_features": {"lowlevel.average_loudness": 0.9349156618118286, "lowlevel.barkbands_crest.mean": 11.189770698547363, "lowlevel.barkbands_crest.stdev": 3.6899654865264893, "lowlevel.barkbands_flatness_db.mean": 0.2070576250553131, "lowlevel.barkbands_flatness_db.stdev": 0.04654073715209961, "lowlevel.barkbands_kurtosis.mean": 4.43766450881958, "lowlevel.barkbands_kurtosis.stdev": 7.097847938537598, "lowlevel.barkbands_skewness.mean": 1.3482630252838135, "lowlevel.barkbands_skewness.stdev": 1.2883851528167725, "lowlevel.barkbands_spread.mean": 15.3436861038208, "lowlevel.barkbands_spread.stdev": 16.405515670776367, "lowlevel.dissonance.mean": 0.4162426292896271, "lowlevel.dissonance.stdev": 0.047296080738306046, "lowlevel.dynamic_complexity": 5.074567794799805, "lowlevel.erbbands_crest.mean": 11.974024772644043, "lowlevel.erbbands_crest.stdev": 4.214279651641846, "lowlevel.erbbands_flatness_db.mean": 0.2375919222831726, "lowlevel.erbbands_flatness_db.stdev": 0.04850735887885094, "lowlevel.erbbands_kurtosis.mean": 1.1578067541122437, "lowlevel.erbbands_kurtosis.stdev": 3.0554890632629395, "lowlevel.erbbands_skewness.mean": 0.33803462982177734, "lowlevel.erbbands_skewness.stdev": 1.0550562143325806, "lowlevel.erbbands_spread.mean": 27.930633544921875, "lowlevel.erbbands_spread.stdev": 20.777992248535156, "lowlevel.hfc.mean": 15.792449951171875, "lowlevel.hfc.stdev": 18.868194580078125, "lowlevel.loudness_ebu128.integrated": -14.861618041992188, "lowlevel.loudness_ebu128.loudness_range": 2.692829132080078, "lowlevel.loudness_ebu128.momentary.mean": -16.8385009765625, "lowlevel.loudness_ebu128.momentary.stdev": 4.540064334869385, "lowlevel.loudness_ebu128.short_term.mean": -15.091561317443848, "lowlevel.loudness_ebu128.short_term.stdev": 0.8850899338722229, "lowlevel.melbands_crest.mean": 14.55068302154541, "lowlevel.melbands_crest.stdev": 5.061258792877197, "lowlevel.melbands_flatness_db.mean": 0.2626307010650635, "lowlevel.melbands_flatness_db.stdev": 0.06875861436128616, "lowlevel.melbands_kurtosis.mean": 8.240965843200684, "lowlevel.melbands_kurtosis.stdev": 10.812919616699219, "lowlevel.melbands_skewness.mean": 1.9980779886245728, "lowlevel.melbands_skewness.stdev": 1.3148760795593262, "lowlevel.melbands_spread.mean": 23.417152404785156, "lowlevel.melbands_spread.stdev": 34.51936721801758, "lowlevel.pitch_salience.mean": 0.5927571058273315, "lowlevel.pitch_salience.stdev": 0.10897459089756012, "lowlevel.silence_rate_20dB.mean": 1.0, "lowlevel.silence_rate_20dB.stdev": 0.0, "lowlevel.silence_rate_30dB.mean": 1.0, "lowlevel.silence_rate_30dB.stdev": 0.0, "lowlevel.silence_rate_60dB.mean": 0.3255814015865326, "lowlevel.silence_rate_60dB.stdev": 0.4685911536216736, "lowlevel.spectral_centroid.mean": 1059.7598876953125, "lowlevel.spectral_centroid.stdev": 807.4918212890625, "lowlevel.spectral_complexity.mean": 10.426624298095703, "lowlevel.spectral_complexity.stdev": 6.269480228424072, "lowlevel.spectral_decrease.mean": -3.706702278449825e-09, "lowlevel.spectral_decrease.stdev": 3.987625341039802e-09, "lowlevel.spectral_energy.mean": 0.015422359108924866, "lowlevel.spectral_energy.stdev": 0.016475841403007507, "lowlevel.spectral_energyband_high.mean": 0.0003054439730476588, "lowlevel.spectral_energyband_high.stdev": 0.001106626121327281, "lowlevel.spectral_energyband_low.mean": 0.00022032562992535532, "lowlevel.spectral_energyband_low.stdev": 0.00021307107817847282, "lowlevel.spectral_energyband_middle_high.mean": 0.006245877593755722, "lowlevel.spectral_energyband_middle_high.stdev": 0.010502619668841362, "lowlevel.spectral_energyband_middle_low.mean": 0.008928060531616211, "lowlevel.spectral_energyband_middle_low.stdev": 0.01034594140946865, "lowlevel.spectral_entropy.mean": 6.827410697937012, "lowlevel.spectral_entropy.stdev": 0.6213065385818481, "lowlevel.spectral_flux.mean": 0.05582934617996216, "lowlevel.spectral_flux.stdev": 0.04772297665476799, "lowlevel.spectral_kurtosis.mean": 11.06488037109375, "lowlevel.spectral_kurtosis.stdev": 7.666784286499023, "lowlevel.spectral_rms.mean": 0.003327124286442995, "lowlevel.spectral_rms.stdev": 0.0019941090140491724, "lowlevel.spectral_rolloff.mean": 1695.51220703125, "lowlevel.spectral_rolloff.stdev": 2094.395263671875, "lowlevel.spectral_skewness.mean": 2.2526848316192627, "lowlevel.spectral_skewness.stdev": 1.0194228887557983, "lowlevel.spectral_spread.mean": 3420839.75, "lowlevel.spectral_spread.stdev": 2381932.25, "lowlevel.spectral_strongpeak.mean": 1.3849648237228394, "lowlevel.spectral_strongpeak.stdev": 1.7919658422470093, "lowlevel.zerocrossingrate.mean": 0.0549929216504097, "lowlevel.zerocrossingrate.stdev": 0.057733211666345596, "metadata.audio_properties.analysis.equal_loudness": 0.0, "metadata.audio_properties.analysis.length": 28.926939010620117, "metadata.audio_properties.analysis.sample_rate": 44100.0, "metadata.audio_properties.analysis.start_time": 0.0, "metadata.audio_properties.bit_rate": 120285.0, "metadata.audio_properties.length": 28.92799949645996, "metadata.audio_properties.lossless": 0.0, "metadata.audio_properties.number_channels": 1.0, "metadata.audio_properties.replay_gain": -13.718866348266602, "metadata.audio_properties.sample_rate": 48000.0, "rhythm.beats_count": 51.0, "rhythm.beats_loudness.mean": 0.02224545180797577, "rhythm.beats_loudness.stdev": 0.01823708415031433, "rhythm.bpm": 89.0118408203125, "rhythm.bpm_histogram_first_peak_bpm": 89.0, "rhythm.bpm_histogram_first_peak_weight": 0.06250005960464478, "rhythm.bpm_histogram_second_peak_bpm": 120.0, "rhythm.bpm_histogram_second_peak_spread": 0.5, "rhythm.bpm_histogram_second_peak_weight": 0.10000000149011612, "rhythm.danceability": 1.2409979104995728, "rhythm.onset_rate": 4.007784366607666, "tonal.chords_changes_rate": 0.01923076994717121, "tonal.chords_number_rate": 0.008012820966541767, "tonal.chords_strength.mean": 0.5825284123420715, "tonal.chords_strength.stdev": 0.05541368946433067, "tonal.hpcp_crest.mean": 18.321163177490234, "tonal.hpcp_crest.stdev": 6.68230676651001, "tonal.hpcp_entropy.mean": 1.3715274333953857, "tonal.hpcp_entropy.stdev": 0.6458438038825989, "tonal.key_edma.strength": 0.7669174075126648, "tonal.key_krumhansl.strength": 0.77204829454422, "tonal.key_temperley.strength": 0.7712902426719666, "tonal.tuning_diatonic_strength": 0.6533973217010498, "tonal.tuning_equal_tempered_deviation": 0.06929218024015427, "tonal.tuning_frequency": 440.2542419433594, "tonal.tuning_nontempered_energy_ratio": 0.6431419849395752, "lowlevel.barkbands.mean": [4.6144168663886376e-06, 4.126050407649018e-05, 5.3636071243090555e-05, 0.0006253471365198493, 0.0016913356957957149, 0.0018109472002834082, 0.0026589606422930956, 0.0014243326149880886, 0.0004432433343026787, 0.00103837251663208, 0.0007994493353180587, 0.0006396643002517521, 0.0009451180812902749, 0.0009013382950797677, 0.000649835099466145, 0.0004406143561936915, 0.0002622278407216072, 0.0003598126058932394, 0.00023891752061899751, 0.00011787933181039989, 1.73702046595281e-05, 3.267773718107492e-05, 8.438649820163846e-05, 0.0001013745495583862, 3.1392875825986266e-05, 8.112648174574133e-06, 1.544608778658585e-07], "lowlevel.barkbands.stdev": [6.450058208429255e-06, 5.6100860092556104e-05, 6.721837416989729e-05, 0.0007148860604502261, 0.0023528682067990303, 0.0034116744063794613, 0.006628429051488638, 0.004679839126765728, 0.0017830526921898127, 0.0035384984221309423, 0.0029964912682771683, 0.0026572432834655046, 0.003275994909927249, 0.0031810414511710405, 0.0020947519224137068, 0.0014535074587911367, 0.0006306891446001828, 0.0008095643133856356, 0.000476092187454924, 0.00032711963285692036, 8.576325490139425e-05, 0.0001273495436180383, 0.0003571345587261021, 0.0004317183920647949, 0.00013635377399623394, 3.512844705255702e-05, 6.901119604663108e-07], "lowlevel.erbbands.mean": [0.0009574583382345736, 0.010534784756600857, 0.06528511643409729, 0.9089980721473694, 4.867830276489258, 5.382336139678955, 4.790981292724609, 20.09646987915039, 36.13774108886719, 45.302738189697266, 15.403698921203613, 12.4181489944458, 20.089719772338867, 32.18367385864258, 41.405113220214844, 26.343042373657227, 44.84466552734375, 47.738162994384766, 39.2749137878418, 27.40764617919922, 20.390583038330078, 15.2693452835083, 21.874706268310547, 12.059613227844238, 11.76908016204834, 5.451183319091797, 1.1040700674057007, 0.6350044012069702, 1.0463894605636597, 1.775217890739441, 2.577859401702881, 2.3190200328826904, 1.5293465852737427, 0.5112848281860352, 0.13926181197166443, 0.044764194637537, 0.014170448295772076, 0.001639430527575314, 4.5208427764009684e-05, 2.087048596877139e-05], "lowlevel.erbbands.stdev": [0.0015093664405867457, 0.013901284895837307, 0.065923310816288, 0.9638796448707581, 7.193197727203369, 8.776799201965332, 7.297793865203857, 36.045440673828125, 81.24539947509766, 135.96295166015625, 42.223453521728516, 49.00015640258789, 82.91191864013672, 106.78276062011719, 153.2059326171875, 81.23562622070312, 149.5331268310547, 159.84107971191406, 121.20850372314453, 81.62335205078125, 56.509273529052734, 33.982994079589844, 47.997676849365234, 23.63910675048828, 24.303497314453125, 13.72472095489502, 3.961085081100464, 3.0706565380096436, 4.262676239013672, 7.3026227951049805, 11.025248527526855, 9.948465347290039, 6.547487258911133, 2.2606773376464844, 0.5938423275947571, 0.1936081200838089, 0.06526938080787659, 0.007534210570156574, 0.00015158682072069496, 2.1163692508707754e-05], "lowlevel.gfcc.mean": [-101.15342712402344, 115.49066162109375, -127.11821746826172, 4.515442371368408, -68.51078796386719, -8.008716583251953, -59.43577194213867, -1.7444747686386108, -30.213220596313477, -14.79664134979248, -4.945545673370361, -6.132834434509277, -15.055201530456543], "lowlevel.melbands.mean": [9.641823453421239e-06, 2.9548900783993304e-05, 0.0002958006225526333, 0.00038497833884321153, 0.00018846263992600143, 0.0004380014433991164, 0.0005566242034547031, 0.00047880440251901746, 9.811950440052897e-05, 7.478450424969196e-05, 0.0001026905229082331, 0.00013250482152216136, 0.0001207464883918874, 8.612353849457577e-05, 9.057339775608853e-05, 8.433832408627495e-05, 9.251209121430293e-05, 6.430104258470237e-05, 4.4054722820874304e-05, 3.458198261796497e-05, 2.1072928575449623e-05, 1.3768305507255718e-05, 2.2090014681452885e-05, 1.5590747352689505e-05, 8.926497685024515e-06, 9.533432603348047e-06, 6.810843387938803e-06, 2.734692543526762e-06, 6.498619313788367e-07, 3.948543394471926e-07, 3.5311251167513547e-07, 5.23811650054995e-07, 7.702757898186974e-07, 1.0771501592898858e-06, 1.447862359782448e-06, 1.5823470675968565e-06, 1.3377136838244041e-06, 1.2170906984465546e-06, 6.894775310684054e-07, 3.2713839459574956e-07], "lowlevel.melbands.stdev": [1.308298760704929e-05, 2.967366890516132e-05, 0.00032779600587673485, 0.0005504820728674531, 0.0002810106670949608, 0.0008057907689362764, 0.0012523095356300473, 0.0014368026750162244, 0.00028024730272591114, 0.0002957137767225504, 0.00042320098145864904, 0.00046913587721064687, 0.00043187636765651405, 0.0003450237854849547, 0.0003484916815068573, 0.0002687514934223145, 0.0003461847372818738, 0.00021553068654611707, 0.000151522719534114, 0.00012660902575589716, 6.259430665522814e-05, 3.523691339069046e-05, 4.9228383431909606e-05, 3.59814366674982e-05, 1.9091727153863758e-05, 1.9797254935838282e-05, 1.8308517610421404e-05, 7.640112926310394e-06, 2.573419124018983e-06, 2.120024191754055e-06, 1.846236386882083e-06, 2.307745035068365e-06, 3.02411012853554e-06, 4.668834662879817e-06, 6.214299446583027e-06, 6.886189112265129e-06, 5.7704683058545925e-06, 5.2828886509814765e-06, 3.0471715035673697e-06, 1.4875304259476252e-06], "lowlevel.melbands128.mean": [3.054115950362757e-06, 7.63755633670371e-06, 8.9590648713056e-06, 1.9687235180754215e-05, 2.376839802309405e-05, 2.8074351575924084e-05, 9.801430132938549e-05, 0.0004226819146424532, 0.0005423763068392873, 0.0003982394700869918, 0.00027955806581303477, 0.0002292656572535634, 0.00010618662781780586, 0.0001810091926017776, 0.00048325309762731194, 0.0005361331277526915, 0.0005822210805490613, 0.0005723047070205212, 0.0005264818319119513, 0.0005357475602068007, 0.000514791056048125, 0.00011310094851069152, 4.474896559258923e-05, 5.5359487305395305e-05, 9.307503933086991e-05, 7.760018343105912e-05, 4.877188985119574e-05, 0.00012248571147210896, 9.62422855081968e-05, 0.000218608693103306, 9.982810297515243e-05, 6.282725371420383e-05, 0.00010452624701429158, 0.00020486472931224853, 0.00010513853339944035, 4.637681558961049e-05, 4.8699028411647305e-05, 7.872466812841594e-05, 0.00014390666910912842, 9.590310219209641e-05, 7.697768887737766e-05, 4.662271749111824e-05, 0.00010179007222177461, 0.00012543276534415781, 4.859994805883616e-05, 6.673019379377365e-05, 5.7060351537074894e-05, 5.357394184102304e-05, 3.07385234918911e-05, 3.142422065138817e-05, 4.102352249901742e-05, 3.258618016843684e-05, 1.8980992535944097e-05, 1.957049607881345e-05, 1.550424531160388e-05, 1.0217098861176055e-05, 1.4202146303432528e-05, 2.186771234846674e-05, 2.488861355232075e-05, 2.407891588518396e-05, 1.4912132428435143e-05, 9.796125596039928e-06, 9.376092748425435e-06, 8.288753633678425e-06, 8.356123544217553e-06, 1.1210030606889632e-05, 8.976557182904799e-06, 7.867982276366092e-06, 6.391351689671865e-06, 5.241509370534914e-06, 3.010469754372025e-06, 1.4402626220544335e-06, 6.684624622721458e-07, 5.689119007001864e-07, 5.178269475436537e-07, 4.2864033389378164e-07, 3.263570249600889e-07, 2.7662844104270334e-07, 3.7594858781631046e-07, 3.8060483120716526e-07, 4.954855512551148e-07, 5.744252575823339e-07, 6.415693860617466e-07, 7.969541115926404e-07, 8.419777941526263e-07, 1.0027689540947904e-06, 1.09709867501806e-06, 1.333045133833366e-06, 1.4366895584316808e-06, 1.581245896886685e-06, 1.5998407434381079e-06, 1.6056359299909673e-06, 1.535875071567716e-06, 1.3163610219635302e-06, 1.191547084999911e-06, 1.3705111996387132e-06, 1.2977305914319004e-06, 8.931586990001961e-07, 6.858502388240595e-07, 6.074022849134053e-07, 4.5808891968590615e-07, 2.6173520950578677e-07, 1.9864926059653953e-07, 1.6441504158137832e-07, 1.5199631775431044e-07, 1.2323386044954532e-07, 1.221202978740621e-07, 8.751857905053839e-08, 6.149510767272659e-08, 6.450533618362897e-08, 5.98960454567532e-08, 3.8990570772057254e-08, 4.984996593293545e-08, 4.394807007201962e-08, 2.623415085167835e-08, 1.5673380815428573e-08, 6.601372781744885e-09, 8.570834042487263e-10, 6.773866190190603e-11, 2.5728826621301826e-12, 2.0964710002735476e-12, 2.0449406057387876e-12, 2.005483019235088e-12, 1.96667595403488e-12, 1.9169570444899087e-12, 1.8577452944035233e-12, 1.8218850907081308e-12, 1.8087320920526229e-12], "lowlevel.melbands128.stdev": [5.02415377923171e-06, 1.4615440704801586e-05, 1.298821280215634e-05, 2.9695014745811932e-05, 3.47631357726641e-05, 3.710966120706871e-05, 0.0001296015252592042, 0.000482366478536278, 0.0009666061378084123, 0.0008423247491009533, 0.0005743924411945045, 0.0005189947551116347, 0.000254379294347018, 0.0004424947837833315, 0.001005087629891932, 0.0014200208242982626, 0.001670858939178288, 0.0018066479824483395, 0.0019044822547584772, 0.002209016587585211, 0.0018210418056696653, 0.00042295223101973534, 0.00026675191475078464, 0.0003542451304383576, 0.0005126508185639977, 0.0003722842666320503, 0.000253217265708372, 0.0007648433675058186, 0.00041852606227621436, 0.000950825575273484, 0.00041555403731763363, 0.0003209826536476612, 0.00045750258141197264, 0.0009821568382903934, 0.0006895774859003723, 0.00025179897784255445, 0.0002099544944940135, 0.0004320302978157997, 0.0007610853062942624, 0.00039904812001623213, 0.0003531192196533084, 0.00023770677216816694, 0.00047623494174331427, 0.000614850374404341, 0.00022649267339147627, 0.0003901734307873994, 0.00022369800717569888, 0.0003011800872627646, 0.0001258043193956837, 0.00016223873535636812, 0.00021133515110705048, 0.00012425440945662558, 6.945716449990869e-05, 8.36133403936401e-05, 6.365567242028192e-05, 3.152961653540842e-05, 3.766143709071912e-05, 5.589931970462203e-05, 7.501868822146207e-05, 6.574700819328427e-05, 4.379740130389109e-05, 3.252335591241717e-05, 2.3432916350429878e-05, 2.3519998649135232e-05, 1.910274295369163e-05, 2.8990294595132582e-05, 2.114016388077289e-05, 2.5054836441995576e-05, 2.35479910770664e-05, 1.691741454123985e-05, 1.0753200513136107e-05, 4.670484031521482e-06, 2.2744845864508534e-06, 3.584304067771882e-06, 2.572850689830375e-06, 2.869231366275926e-06, 1.7290772120759357e-06, 1.3822127584717236e-06, 2.2957378860155586e-06, 2.1612702312268084e-06, 2.4666312583576655e-06, 2.687513187993318e-06, 2.629614073157427e-06, 3.4867316571762785e-06, 3.408657448744634e-06, 4.612103566614678e-06, 5.514285930985352e-06, 5.803154181194259e-06, 6.287954875006108e-06, 7.478478437406011e-06, 7.135517535061808e-06, 7.22714867151808e-06, 7.2944881139846984e-06, 5.803677595395129e-06, 5.427339601737913e-06, 6.159775693959091e-06, 5.879402579012094e-06, 4.110610916541191e-06, 3.1738493362354347e-06, 2.9509569685615133e-06, 2.3027666884445352e-06, 1.2009141983071459e-06, 8.404898608205258e-07, 7.739617444713076e-07, 7.768517775730288e-07, 5.675206580235681e-07, 6.474609790529939e-07, 4.1263970729232824e-07, 2.89570806444317e-07, 2.8815219366151723e-07, 2.9529971357078466e-07, 1.6260986512861564e-07, 2.5720552798702556e-07, 2.6463587232683494e-07, 1.4508383117117774e-07, 7.563565418422513e-08, 2.989290948107737e-08, 5.722230689286789e-09, 9.3846364013217e-10, 1.2857871885263439e-11, 4.3246365689919575e-12, 4.226340631630077e-12, 4.142157970787874e-12, 4.069671682982445e-12, 4.008957662365864e-12, 3.960051904450257e-12, 3.925134956644927e-12, 3.903500352814282e-12], "lowlevel.mfcc.mean": [-745.389892578125, 151.82855224609375, -6.572988510131836, 4.246184349060059, 6.335245609283447, -19.277149200439453, -12.917376518249512, -2.0598368644714355, -27.945697784423828, -4.705875873565674, -13.733038902282715, -8.20465087890625, 2.752315044403076], "lowlevel.spectral_contrast_coeffs.mean": [-0.6184388399124146, -0.6458144783973694, -0.7246385216712952, -0.7610090970993042, -0.7509241700172424, -0.8063265681266785], "lowlevel.spectral_contrast_coeffs.stdev": [0.07992954552173615, 0.08112291246652603, 0.08049797266721725, 0.08216363936662674, 0.08498414605855942, 0.036549944430589676], "lowlevel.spectral_contrast_valleys.mean": [-8.090795516967773, -7.676793098449707, -8.44841194152832, -8.673921585083008, -8.969298362731934, -11.653040885925293], "lowlevel.spectral_contrast_valleys.stdev": [0.5395534038543701, 0.6967003345489502, 0.7990294098854065, 0.9991318583488464, 1.0469226837158203, 1.2228198051452637], "rhythm.beats_loudness_band_ratio.mean": [0.16438916325569153, 0.28783977031707764, 0.2638755738735199, 0.19052015244960785, 0.11556584388017654, 0.058863379061222076], "rhythm.beats_loudness_band_ratio.stdev": [0.20756088197231293, 0.2252083122730255, 0.21082144975662231, 0.26612332463264465, 0.14621774852275848, 0.17165441811084747], "tonal.hpcp.mean": [0.13586272299289703, 0.09914515167474747, 0.08311969041824341, 0.09305430948734283, 0.06745405495166779, 0.040988434106111526, 0.03382778540253639, 0.03493615239858627, 0.1555296629667282, 0.33520254492759705, 0.21821868419647217, 0.030764592811465263, 0.02369668148458004, 0.02062225341796875, 0.03508269041776657, 0.05659560114145279, 0.04023297131061554, 0.023921944200992584, 0.025583580136299133, 0.024123720824718475, 0.037380218505859375, 0.05243544653058052, 0.055234041064977646, 0.28501635789871216, 0.5277735590934753, 0.29896706342697144, 0.04015834629535675, 0.02491820603609085, 0.030658764764666557, 0.087771475315094, 0.157557874917984, 0.12101009488105774, 0.057740457355976105, 0.04606315866112709, 0.05105050280690193, 0.10062550753355026], "tonal.hpcp.stdev": [0.26830509305000305, 0.2250431329011917, 0.20106911659240723, 0.23978452384471893, 0.18745283782482147, 0.14314112067222595, 0.12231537699699402, 0.12018420547246933, 0.20361478626728058, 0.362398236989975, 0.2528060972690582, 0.10792168974876404, 0.09937260299921036, 0.07719548791646957, 0.09420894086360931, 0.14787781238555908, 0.11134939640760422, 0.07434581220149994, 0.09420887380838394, 0.08494361490011215, 0.12200658023357391, 0.13948801159858704, 0.13803185522556305, 0.26781994104385376, 0.42812880873680115, 0.2756132185459137, 0.12323946505784988, 0.09629315137863159, 0.11321169883012772, 0.1973825842142105, 0.28984448313713074, 0.24295848608016968, 0.1711566299200058, 0.14589877426624298, 0.16427350044250488, 0.22523973882198334], "rhythm.beats_position": [0.650158703327179, 1.3235373497009277, 1.9969160556793213, 2.670294761657715, 3.3436734676361084, 4.017052173614502, 4.690430641174316, 5.363809585571289, 6.0371880531311035, 6.710566997528076, 7.39555549621582, 8.080544471740723, 8.753922462463379, 9.427301406860352, 10.089070320129395, 10.76244831085205, 11.435827255249023, 11.981496810913086, 12.538775444030762, 13.096054077148438, 13.676552772521973, 14.245442390441895, 14.8143310546875, 15.371609687805176, 15.917278289794922, 16.346847534179688, 16.788026809692383, 17.240816116333008, 17.670385360717773, 18.11156463623047, 18.564353942871094, 19.01714324951172, 19.5047607421875, 20.015600204467773, 20.526439666748047, 21.06049919128418, 21.58294677734375, 22.082176208496094, 22.581405639648438, 23.08063507080078, 23.579862594604492, 24.067481994628906, 24.56671142578125, 25.054330825805664, 25.51873016357422, 25.983129501342773, 26.447526931762695, 26.88870620727539, 27.329885482788086, 27.77106475830078, 28.223854064941406], "rhythm.bpm_histogram": [0.0, 0.0, 0.0, 0.0, 0.0, 0.0, 0.0, 0.0, 0.0, 0.0, 0.0, 0.0, 0.0, 0.0, 0.0, 0.0, 0.0, 0.0, 0.0, 0.0, 0.0, 0.0, 0.0, 0.0, 0.0, 0.0, 0.0, 0.0, 0.0, 0.0, 0.0, 0.0, 0.0, 0.0, 0.0, 0.0, 0.0, 0.0, 0.0, 0.0, 0.0, 0.0, 0.0, 0.0, 0.0, 0.0, 0.0, 0.0, 0.0, 0.0, 0.0, 0.0, 0.0, 0.0, 0.0, 0.0, 0.0, 0.0, 0.0, 0.0, 0.0, 0.0, 0.0, 0.0, 0.0, 0.0, 0.0, 0.0, 0.0, 0.0, 0.0, 0.0, 0.0, 0.0, 0.0, 0.0, 0.0, 0.0, 0.0, 0.0, 0.0, 0.0, 0.0, 0.0, 0.0, 0.0, 0.0, 0.0, 0.03999999910593033, 0.25999999046325684, 0.0, 0.019999999552965164, 0.0, 0.0, 0.0, 0.0, 0.0, 0.0, 0.0, 0.0, 0.0, 0.0, 0.0, 0.019999999552965164, 0.0, 0.03999999910593033, 0.0, 0.0, 0.05999999865889549, 0.0, 0.03999999910593033, 0.0, 0.019999999552965164, 0.0, 0.0, 0.019999999552965164, 0.0, 0.03999999910593033, 0.0, 0.0, 0.10000000149011612, 0.0, 0.0, 0.05999999865889549, 0.0, 0.0, 0.0, 0.0, 0.0, 0.05999999865889549, 0.0, 0.0, 0.0, 0.07999999821186066, 0.0, 0.0, 0.10000000149011612, 0.0, 0.0, 0.0, 0.03999999910593033, 0.0, 0.0, 0.0, 0.0, 0.0, 0.0, 0.0, 0.0, 0.0, 0.0, 0.0, 0.0, 0.0, 0.0, 0.0, 0.0, 0.0, 0.0, 0.0, 0.0, 0.0, 0.0, 0.0, 0.0, 0.0, 0.0, 0.0, 0.0, 0.0, 0.0, 0.0, 0.0, 0.0, 0.0, 0.0, 0.0, 0.0, 0.0, 0.0, 0.0, 0.0, 0.0, 0.0, 0.0, 0.0, 0.0, 0.0, 0.0, 0.0, 0.0, 0.0, 0.0, 0.0, 0.0, 0.0, 0.0, 0.0, 0.0, 0.0, 0.0, 0.0, 0.0, 0.0, 0.0, 0.0, 0.0, 0.0, 0.0, 0.0, 0.0, 0.0, 0.0, 0.0, 0.0, 0.0, 0.0, 0.0, 0.0, 0.0, 0.0, 0.0, 0.0, 0.0, 0.0, 0.0, 0.0, 0.0, 0.0, 0.0, 0.0, 0.0, 0.0, 0.0, 0.0, 0.0, 0.0, 0.0, 0.0, 0.0, 0.0, 0.0, 0.0, 0.0, 0.0, 0.0, 0.0, 0.0, 0.0, 0.0], "tonal.chords_histogram": [83.49359130859375, 0.0, 6.089743614196777, 0.0, 0.0, 0.0, 0.0, 0.0, 0.0, 0.0, 0.0, 0.0, 0.0, 0.0, 0.0, 0.0, 0.0, 5.769230842590332, 0.0, 3.365384578704834, 0.0, 0.0, 1.2820513248443604, 0.0], "tonal.thpcp": [1.0, 0.5664684176445007, 0.07609010487794876, 0.04721381887793541, 0.058090753853321075, 0.16630518436431885, 0.2985330820083618, 0.2292841225862503, 0.10940384864807129, 0.08727826178073883, 0.09672804176807404, 0.19066038727760315, 0.2574261724948883, 0.18785546720027924, 0.15749119222164154, 0.1763148307800293, 0.12780870497226715, 0.07766291499137878, 0.06409526616334915, 0.06619534641504288, 0.2946901321411133, 0.6351256966590881, 0.4134702980518341, 0.058291275054216385, 0.04489933326840401, 0.03907405585050583, 0.06647299975156784, 0.10723462700843811, 0.07623150199651718, 0.045326150953769684, 0.04847453907132149, 0.045708466321229935, 0.07082623988389969, 0.099352166056633, 0.10465481132268906, 0.5400353074073792], "lowlevel.gfcc.cov": [[6242.11376953125, -2437.0576171875, -1976.0816650390625, 146.9217987060547, -412.40509033203125, -337.5413818359375, -629.311767578125, 210.40013122558594, 0.9403759837150574, -44.174522399902344, 424.5513610839844, -439.5244140625, -456.0044250488281], [-2437.0576171875, 2596.4833984375, 29.222856521606445, -563.092529296875, 670.0890502929688, -79.99568176269531, 432.08636474609375, -69.31307983398438, 37.3362922668457, -185.53306579589844, 46.47771072387695, 37.62229919433594, 208.2100372314453], [-1976.0816650390625, 29.222856521606445, 1604.3616943359375, 242.9725341796875, -266.2884826660156, 310.8570556640625, 153.09471130371094, -124.78187561035156, -53.70006561279297, 166.34278869628906, -309.6142272949219, 308.97149658203125, 134.5138397216797], [146.9217987060547, -563.092529296875, 242.9725341796875, 504.6392822265625, -154.2496337890625, -92.29132843017578, -199.18287658691406, -7.20115327835083, 64.81185150146484, 68.98810577392578, -55.76959991455078, 29.291561126708984, 50.48749923706055], [-412.40509033203125, 670.0890502929688, -266.2884826660156, -154.2496337890625, 476.5761413574219, -89.974853515625, -18.64830207824707, 21.90593910217285, 51.54010009765625, -27.508159637451172, -9.57248306274414, -42.87556457519531, 52.765174865722656], [-337.5413818359375, -79.99568176269531, 310.8570556640625, -92.29132843017578, -89.974853515625, 370.2260437011719, 196.52635192871094, -60.785301208496094, -91.9150161743164, 52.71225357055664, -79.45248413085938, 51.03886032104492, 13.65897274017334], [-629.311767578125, 432.08636474609375, 153.09471130371094, -199.18287658691406, -18.64830207824707, 196.52635192871094, 425.4267578125, 10.502571105957031, -119.72351837158203, -61.40153503417969, 6.6088547706604, 60.16109848022461, 36.60115432739258], [210.40013122558594, -69.31307983398438, -124.78187561035156, -7.20115327835083, 21.90593910217285, -60.785301208496094, 10.502571105957031, 141.9300994873047, 40.242610931396484, -13.63627815246582, 26.111600875854492, -16.01285171508789, 7.178778171539307], [0.9403759837150574, 37.3362922668457, -53.70006561279297, 64.81185150146484, 51.54010009765625, -91.9150161743164, -119.72351837158203, 40.242610931396484, 178.81011962890625, 47.130577087402344, -14.245933532714844, -29.108556747436523, 33.26060485839844], [-44.174522399902344, -185.53306579589844, 166.34278869628906, 68.98810577392578, -27.508159637451172, 52.71225357055664, -61.40153503417969, -13.63627815246582, 47.130577087402344, 159.40663146972656, -34.402591705322266, 11.757575988769531, 9.045510292053223], [424.5513610839844, 46.47771072387695, -309.6142272949219, -55.76959991455078, -9.57248306274414, -79.45248413085938, 6.6088547706604, 26.111600875854492, -14.245933532714844, -34.402591705322266, 199.69969177246094, -32.20878982543945, -43.77045440673828], [-439.5244140625, 37.62229919433594, 308.97149658203125, 29.291561126708984, -42.87556457519531, 51.03886032104492, 60.16109848022461, -16.01285171508789, -29.108556747436523, 11.757575988769531, -32.20878982543945, 153.77841186523438, 44.52751922607422], [-456.0044250488281, 208.2100372314453, 134.5138397216797, 50.48749923706055, 52.765174865722656, 13.65897274017334, 36.60115432739258, 7.178778171539307, 33.26060485839844, 9.045510292053223, -43.77045440673828, 44.52751922607422, 139.32012939453125]], "lowlevel.gfcc.icov": [[0.0007219797116704285, 0.0004947582492604852, 0.0007441932684741914, 0.00011171986989211291, 0.0003379727713763714, -6.486102211056277e-05, 0.00039454555371776223, -0.0002779340429697186, 0.00019948621047660708, -6.728279004164506e-06, -0.0003080055757891387, 0.00020343303913250566, 0.00044473554589785635], [0.0004947582492604852, 0.002930928487330675, -0.0011023384286090732, 0.0021582043264061213, -0.0027414218056946993, 0.002084070583805442, -0.0023231550585478544, 0.0028775909449905157, -0.0021045254543423653, 0.002042121486738324, -0.0024193786084651947, 0.0018154310528188944, -0.0021530960220843554], [0.0007441932684741914, -0.0011023384286090732, 0.003922964446246624, -0.0016705162124708295, 0.00287878536619246, -0.0015178625471889973, 0.0012815595837309957, -0.0013027139939367771, 0.0015630734851583838, -0.0026175512466579676, 0.0033863054122775793, -0.003803886706009507, 0.0017663260223343968], [0.00011171986989211291, 0.0021582043264061213, -0.0016705162124708295, 0.005397303961217403, -0.0009506292408332229, 0.0027099410071969032, -0.00036687887040898204, 0.0022097413893789053, -0.0013748338678851724, 0.0011008980218321085, -0.001546354265883565, 0.001798356301151216, -0.003929691854864359], [0.0003379727713763714, -0.0027414218056946993, 0.00287878536619246, -0.0009506292408332229, 0.006894729100167751, -0.0014661044115200639, 0.003295309143140912, -0.003251746529713273, 0.0025213779881596565, -0.0028669016901403666, 0.0037660019006580114, -0.0019912756979465485, 0.0010063054505735636], [-6.486102211056277e-05, 0.002084070583805442, -0.0015178625471889973, 0.0027099410071969032, -0.0014661044115200639, 0.007657140959054232, -0.004394226707518101, 0.004008294548839331, -0.00027500168653205037, -0.0011894643539562821, 0.00018056508270092309, 0.0018170964904129505, -0.002472131047397852], [0.00039454555371776223, -0.0023231550585478544, 0.0012815595837309957, -0.00036687887040898204, 0.003295309143140912, -0.004394226707518101, 0.008285501040518284, -0.005109104327857494, 0.0042036790400743484, -4.137035648454912e-05, 0.000573769852053374, -0.00145166483707726, 0.0005715310689993203], [-0.0002779340429697186, 0.0028775909449905157, -0.0013027139939367771, 0.0022097413893789053, -0.003251746529713273, 0.004008294548839331, -0.005109104327857494, 0.012707812711596489, -0.004989698063582182, 0.0020348369143903255, -0.002049475908279419, 0.0011769775301218033, -0.0031881362665444613], [0.00019948621047660708, -0.0021045254543423653, 0.0015630734851583838, -0.0013748338678851724, 0.0025213779881596565, -0.00027500168653205037, 0.0042036790400743484, -0.004989698063582182, 0.01162716094404459, -0.004571041092276573, 0.0025362565647810698, 0.00012365670409053564, -0.0007098002824932337], [-6.728279004164506e-06, 0.002042121486738324, -0.0026175512466579676, 0.0011008980218321085, -0.0028669016901403666, -0.0011894643539562821, -4.137035648454912e-05, 0.0020348369143903255, -0.004571041092276573, 0.011493789963424206, -0.0033443558495491743, 0.002277623862028122, -0.0012708109570667148], [-0.0003080055757891387, -0.0024193786084651947, 0.0033863054122775793, -0.001546354265883565, 0.0037660019006580114, 0.00018056508270092309, 0.000573769852053374, -0.002049475908279419, 0.0025362565647810698, -0.0033443558495491743, 0.011117741465568542, -0.0039884960278868675, 0.0027885849121958017], [0.00020343303913250566, 0.0018154310528188944, -0.003803886706009507, 0.001798356301151216, -0.0019912756979465485, 0.0018170964904129505, -0.00145166483707726, 0.0011769775301218033, 0.00012365670409053564, 0.002277623862028122, -0.0039884960278868675, 0.013619444333016872, -0.003912883810698986], [0.00044473554589785635, -0.0021530960220843554, 0.0017663260223343968, -0.003929691854864359, 0.0010063054505735636, -0.002472131047397852, 0.0005715310689993203, -0.0031881362665444613, -0.0007098002824932337, -0.0012708109570667148, 0.0027885849121958017, -0.003912883810698986, 0.013823787681758404]], "lowlevel.mfcc.cov": [[7396.60009765625, -2710.055419921875, -1799.4893798828125, -344.9601745605469, 183.3103485107422, -911.8695678710938, -291.7404479980469, -120.61991119384766, -992.6032104492188, 696.3236083984375, 157.1825408935547, -238.31979370117188, -132.20196533203125], [-2710.055419921875, 2951.049560546875, -441.55230712890625, -121.90716552734375, 38.05012130737305, 157.78057861328125, 311.52471923828125, 216.70928955078125, 229.5718536376953, -163.0236358642578, 23.949188232421875, -0.4124267101287842, 60.682090759277344], [-1799.4893798828125, -441.55230712890625, 1645.033447265625, 153.07012939453125, -306.8966064453125, 446.2865295410156, -6.412484169006348, -49.77650833129883, 326.9617919921875, -291.2662048339844, -88.80280303955078, 114.6502685546875, 65.72661590576172], [-344.9601745605469, -121.90716552734375, 153.07012939453125, 433.8468017578125, 138.1382598876953, -79.2336654663086, -174.19091796875, -65.59296417236328, 82.52100372314453, -52.660972595214844, -75.55287170410156, 25.41004753112793, 61.31477737426758], [183.3103485107422, 38.05012130737305, -306.8966064453125, 138.1382598876953, 383.5430603027344, -107.16619110107422, -189.3160858154297, -105.14176177978516, -2.4605460166931152, 72.33795928955078, -20.293781280517578, -22.8445987701416, 11.011185646057129], [-911.8695678710938, 157.78057861328125, 446.2865295410156, -79.2336654663086, -107.16619110107422, 413.21209716796875, 107.26371765136719, -31.69007682800293, 172.68768310546875, -114.62227630615234, 1.7294583320617676, 36.040584564208984, -29.506380081176758], [-291.7404479980469, 311.52471923828125, -6.412484169006348, -174.19091796875, -189.3160858154297, 107.26371765136719, 362.9243469238281, 120.16936492919922, 18.220470428466797, -51.25310134887695, 29.314228057861328, 22.34145164489746, -40.277400970458984], [-120.61991119384766, 216.70928955078125, -49.77650833129883, -65.59296417236328, -105.14176177978516, -31.69007682800293, 120.16936492919922, 194.7434539794922, 0.21310456097126007, -39.77058410644531, -0.10891624540090561, -10.208047866821289, 12.665435791015625], [-992.6032104492188, 229.5718536376953, 326.9617919921875, 82.52100372314453, -2.4605460166931152, 172.68768310546875, 18.220470428466797, 0.21310456097126007, 350.6049499511719, -59.5302848815918, -64.88198852539062, 45.33584213256836, -0.5624451637268066], [696.3236083984375, -163.0236358642578, -291.2662048339844, -52.660972595214844, 72.33795928955078, -114.62227630615234, -51.25310134887695, -39.77058410644531, -59.5302848815918, 220.3404083251953, 30.793659210205078, -27.321557998657227, -14.544936180114746], [157.1825408935547, 23.949188232421875, -88.80280303955078, -75.55287170410156, -20.293781280517578, 1.7294583320617676, 29.314228057861328, -0.10891624540090561, -64.88198852539062, 30.793659210205078, 114.21834564208984, 6.441206932067871, -27.457273483276367], [-238.31979370117188, -0.4124267101287842, 114.6502685546875, 25.41004753112793, -22.8445987701416, 36.040584564208984, 22.34145164489746, -10.208047866821289, 45.33584213256836, -27.321557998657227, 6.441206932067871, 124.32051086425781, 15.917776107788086], [-132.20196533203125, 60.682090759277344, 65.72661590576172, 61.31477737426758, 11.011185646057129, -29.506380081176758, -40.277400970458984, 12.665435791015625, -0.5624451637268066, -14.544936180114746, -27.457273483276367, 15.917776107788086, 114.9971694946289]], "lowlevel.mfcc.icov": [[0.0008072762284427881, 0.0007531367591582239, 0.0007680135895498097, 0.00040317082311958075, 0.0002995959366671741, 0.00029862287919968367, 9.601743659004569e-05, 5.088430771138519e-05, 0.0007120626978576183, -0.0005868271691724658, 0.0001307157799601555, 0.0003364344302099198, -0.00013342495367396623], [0.0007531367591582239, 0.0012782944831997156, 0.0011277468875050545, 0.00046015906264074147, 0.00010843035124707967, 2.602607673907187e-05, -0.00022437315783463418, -0.00020661369489971548, 3.358371395734139e-05, 0.0001078723362297751, -0.0002969015040434897, 0.0004895484889857471, -0.0008830132428556681], [0.0007680135895498097, 0.0011277468875050545, 0.0026507163420319557, 2.333486918359995e-05, 0.0017350397538393736, -0.0009628473198972642, 0.0007124256808310747, 0.0005188389332033694, -0.00042870835750363767, 0.0008927809540182352, 0.0001164534842246212, 5.597437484539114e-05, -0.001329557504504919], [0.00040317082311958075, 0.00046015906264074147, 2.333486918359995e-05, 0.004419014323502779, -0.0008498919778503478, 0.0017633992247283459, 0.0008561750873923302, 0.000844083318952471, -0.0007200261461548507, 0.0012784096179530025, 0.0009167816606350243, -0.0002791844599414617, -0.0009923604084178805], [0.0002995959366671741, 0.00010843035124707967, 0.0017350397538393736, -0.0008498919778503478, 0.005757326725870371, -0.00011106736928923056, 0.0020628641359508038, 0.0020538412500172853, -0.0006219394854269922, -8.940251427702606e-05, 0.0004378886369522661, 0.00025670838658697903, -0.0002801051887217909], [0.00029862287919968367, 2.602607673907187e-05, -0.0009628473198972642, 0.0017633992247283459, -0.00011106736928923056, 0.005934642627835274, -0.0011828854912891984, 0.002401290461421013, -0.0015765901189297438, 0.0013280905550345778, -0.0009339665994048119, 0.0006011344958096743, 0.0006483176257461309], [9.601743659004569e-05, -0.00022437315783463418, 0.0007124256808310747, 0.0008561750873923302, 0.0020628641359508038, -0.0011828854912891984, 0.0057638417929410934, -0.0019558549392968416, 0.00013644213322550058, 0.0002907434827648103, 0.00034762814175337553, -0.0013061701320111752, 0.0013994823675602674], [5.088430771138519e-05, -0.00020661369489971548, 0.0005188389332033694, 0.000844083318952471, 0.0020538412500172853, 0.002401290461421013, -0.0019558549392968416, 0.009128582663834095, -0.0013176517095416784, 0.0020442064851522446, -3.621595897129737e-05, 0.00139013328589499, -0.0017989842453971505], [0.0007120626978576183, 3.358371395734139e-05, -0.00042870835750363767, -0.0007200261461548507, -0.0006219394854269922, -0.0015765901189297438, 0.00013644213322550058, -0.0013176517095416784, 0.006457529030740261, -0.0024733266327530146, 0.0029281331226229668, -0.0011702683987095952, 0.0018576212460175157], [-0.0005868271691724658, 0.0001078723362297751, 0.0008927809540182352, 0.0012784096179530025, -8.940251427702606e-05, 0.0013280905550345778, 0.0002907434827648103, 0.0020442064851522446, -0.0024733266327530146, 0.00869852676987648, -0.0018359506502747536, 0.0005576968542300165, -0.0011248833034187555], [0.0001307157799601555, -0.0002969015040434897, 0.0001164534842246212, 0.0009167816606350243, 0.0004378886369522661, -0.0009339665994048119, 0.00034762814175337553, -3.621595897129737e-05, 0.0029281331226229668, -0.0018359506502747536, 0.012245998717844486, -0.0021988528314977884, 0.0026061288081109524], [0.0003364344302099198, 0.0004895484889857471, 5.597437484539114e-05, -0.0002791844599414617, 0.00025670838658697903, 0.0006011344958096743, -0.0013061701320111752, 0.00139013328589499, -0.0011702683987095952, 0.0005576968542300165, -0.0021988528314977884, 0.00984431616961956, -0.002058452693745494], [-0.00013342495367396623, -0.0008830132428556681, -0.001329557504504919, -0.0009923604084178805, -0.0002801051887217909, 0.0006483176257461309, 0.0013994823675602674, -0.0017989842453971505, 0.0018576212460175157, -0.0011248833034187555, 0.0026061288081109524, -0.002058452693745494, 0.011952907778322697]], "metadata.audio_properties.analysis.downmix": "mix", "metadata.audio_properties.codec": "mp3", "metadata.audio_properties.md5_encoded": "000e52f68b7926eccff1d02c28c950e6", "metadata.tags.file_name": "1183710827686142073.mp3", "metadata.version.essentia": "2.1-beta6-dev", "metadata.version.essentia_git_sha": "v2.1_beta5-1110-g77a6a954", "metadata.version.extractor": "music 2.0", "tonal.chords_key": "F", "tonal.chords_scale": "major", "tonal.key_edma.key": "F", "tonal.key_edma.scale": "major", "tonal.key_krumhansl.key": "F", "tonal.key_krumhansl.scale": "major", "tonal.key_temperley.key": "F", "tonal.key_temperley.scal