{"song_id": "1183710088242933802", "download": "https://cdn.discordapp.com/attachments/1135911532732108921/1183710088242933802/chirp.mp4?ex=658952ed&amp", "lyrics": "[Verse]\n\u0e43\u0e19\u0e15\u0e32\u0e23\u0e32\u0e07\u0e18\u0e32\u0e15\u0e38 \u0e40\u0e1b\u0e47\u0e19\u0e2a\u0e34\u0e48\u0e07\u0e21\u0e2b\u0e31\u0e28\u0e08\u0e23\u0e23\u0e22\u0e4c\n\u0e41\u0e21\u0e07\u0e01\u0e32\u0e19\u0e35\u0e40\u0e19\u0e35\u0e22\u0e27 \u0e02\u0e27\u0e32\u0e19\u0e2d\u0e31\u0e19\u0e21\u0e2b\u0e32\u0e2a\u0e07\u0e04\u0e23\u0e32\u0e21\n\u0e17\u0e2d\u0e07\u0e04\u0e33\u0e41\u0e25\u0e30\u0e40\u0e07\u0e34\u0e19 \u0e41\u0e08\u0e01\u0e41\u0e08\u0e07\u0e42\u0e2d\u0e48! \u0e19\u0e48\u0e32\u0e1e\u0e34\u0e40\u0e28\u0e29\n\u0e2d\u0e33\u0e19\u0e32\u0e08\u0e41\u0e2b\u0e48\u0e07\u0e18\u0e32\u0e15\u0e38 \u0e15\u0e23\u0e30\u0e01\u0e32\u0e23\u0e15\u0e32\u0e02\u0e2d\u0e07\u0e42\u0e25\u0e01\n\n[Chorus]\n\u0e15\u0e32\u0e23\u0e32\u0e07\u0e18\u0e32\u0e15\u0e38 \u0e17\u0e35\u0e48\u0e17\u0e23\u0e07\u0e1e\u0e25\u0e31\u0e07\n\u0e41\u0e2a\u0e07\u0e2a\u0e30\u0e17\u0e49\u0e2d\u0e19 \u0e18\u0e32\u0e15\u0e38\u0e2d\u0e31\u0e19\u0e25\u0e49\u0e33\u0e04\u0e48\u0e32\n\u0e14\u0e31\u0e07\u0e43\u0e08\u0e40\u0e23\u0e32\u0e2a\u0e27\u0e23\u0e23\u0e04\u0e4c\u0e2a\u0e27\u0e32\u0e17 \u0e2b\u0e27\u0e32\u0e19\u0e2d\u0e31\u0e19\u0e21\u0e2b\u0e31\u0e28", "style": ["random"], "essentia_features": {"lowlevel.average_loudness": 0.7843061685562134, "lowlevel.barkbands_crest.mean": 14.07899284362793, "lowlevel.barkbands_crest.stdev": 4.668260097503662, "lowlevel.barkbands_flatness_db.mean": 0.38139572739601135, "lowlevel.barkbands_flatness_db.stdev": 0.133814737200737, "lowlevel.barkbands_kurtosis.mean": 12.979552268981934, "lowlevel.barkbands_kurtosis.stdev": 32.87728500366211, "lowlevel.barkbands_skewness.mean": 2.28877329826355, "lowlevel.barkbands_skewness.stdev": 1.883810043334961, "lowlevel.barkbands_spread.mean": 6.593980312347412, "lowlevel.barkbands_spread.stdev": 9.111899375915527, "lowlevel.dissonance.mean": 0.35859420895576477, "lowlevel.dissonance.stdev": 0.08365309238433838, "lowlevel.dynamic_complexity": 2.949439764022827, "lowlevel.erbbands_crest.mean": 13.189773559570312, "lowlevel.erbbands_crest.stdev": 4.918416976928711, "lowlevel.erbbands_flatness_db.mean": 0.3262327015399933, "lowlevel.erbbands_flatness_db.stdev": 0.1405455768108368, "lowlevel.erbbands_kurtosis.mean": 2.620266914367676, "lowlevel.erbbands_kurtosis.stdev": 6.667512893676758, "lowlevel.erbbands_skewness.mean": 0.8722252249717712, "lowlevel.erbbands_skewness.stdev": 1.0435203313827515, "lowlevel.erbbands_spread.mean": 19.79258918762207, "lowlevel.erbbands_spread.stdev": 22.171833038330078, "lowlevel.hfc.mean": 13.357938766479492, "lowlevel.hfc.stdev": 13.834190368652344, "lowlevel.loudness_ebu128.integrated": -15.345694541931152, "lowlevel.loudness_ebu128.loudness_range": 8.644681930541992, "lowlevel.loudness_ebu128.momentary.mean": -17.114208221435547, "lowlevel.loudness_ebu128.momentary.stdev": 4.28485631942749, "lowlevel.loudness_ebu128.short_term.mean": -16.54473876953125, "lowlevel.loudness_ebu128.short_term.stdev": 3.254162073135376, "lowlevel.melbands_crest.mean": 19.019777297973633, "lowlevel.melbands_crest.stdev": 5.386887073516846, "lowlevel.melbands_flatness_db.mean": 0.4768509864807129, "lowlevel.melbands_flatness_db.stdev": 0.15643799304962158, "lowlevel.melbands_kurtosis.mean": 19.851276397705078, "lowlevel.melbands_kurtosis.stdev": 42.25566101074219, "lowlevel.melbands_skewness.mean": 2.741124391555786, "lowlevel.melbands_skewness.stdev": 2.025339126586914, "lowlevel.melbands_spread.mean": 6.629825592041016, "lowlevel.melbands_spread.stdev": 8.967812538146973, "lowlevel.pitch_salience.mean": 0.41857510805130005, "lowlevel.pitch_salience.stdev": 0.13207577168941498, "lowlevel.silence_rate_20dB.mean": 1.0, "lowlevel.silence_rate_20dB.stdev": 0.0, "lowlevel.silence_rate_30dB.mean": 0.8904982805252075, "lowlevel.silence_rate_30dB.stdev": 0.31226813793182373, "lowlevel.silence_rate_60dB.mean": 0.06373117119073868, "lowlevel.silence_rate_60dB.stdev": 0.24426943063735962, "lowlevel.spectral_centroid.mean": 515.1796264648438, "lowlevel.spectral_centroid.stdev": 438.68170166015625, "lowlevel.spectral_complexity.mean": 9.144843101501465, "lowlevel.spectral_complexity.stdev": 5.8221893310546875, "lowlevel.spectral_decrease.mean": -1.394003668053756e-08, "lowlevel.spectral_decrease.stdev": 1.4588565910855777e-08, "lowlevel.spectral_energy.mean": 0.05382445827126503, "lowlevel.spectral_energy.stdev": 0.0556446872651577, "lowlevel.spectral_energyband_high.mean": 0.000327936839312315, "lowlevel.spectral_energyband_high.stdev": 0.0011968262260779738, "lowlevel.spectral_energyband_low.mean": 0.03749583661556244, "lowlevel.spectral_energyband_low.stdev": 0.05228959769010544, "lowlevel.spectral_energyband_middle_high.mean": 0.0020396513864398003, "lowlevel.spectral_energyband_middle_high.stdev": 0.004016834776848555, "lowlevel.spectral_energyband_middle_low.mean": 0.016103843227028847, "lowlevel.spectral_energyband_middle_low.stdev": 0.01708901859819889, "lowlevel.spectral_entropy.mean": 5.833414077758789, "lowlevel.spectral_entropy.stdev": 1.1075397729873657, "lowlevel.spectral_flux.mean": 0.0671311542391777, "lowlevel.spectral_flux.stdev": 0.07804550230503082, "lowlevel.spectral_kurtosis.mean": 110.8431167602539, "lowlevel.spectral_kurtosis.stdev": 131.8388214111328, "lowlevel.spectral_rms.mean": 0.006368888076394796, "lowlevel.spectral_rms.stdev": 0.0034567336551845074, "lowlevel.spectral_rolloff.mean": 565.77685546875, "lowlevel.spectral_rolloff.stdev": 1011.9400024414062, "lowlevel.spectral_skewness.mean": 6.89918327331543, "lowlevel.spectral_skewness.stdev": 5.045385360717773, "lowlevel.spectral_spread.mean": 2781135.25, "lowlevel.spectral_spread.stdev": 2817758.5, "lowlevel.spectral_strongpeak.mean": 0.8172069787979126, "lowlevel.spectral_strongpeak.stdev": 0.636832058429718, "lowlevel.zerocrossingrate.mean": 0.024872073903679848, "lowlevel.zerocrossingrate.stdev": 0.035701967775821686, "metadata.audio_properties.analysis.equal_loudness": 0.0, "metadata.audio_properties.analysis.length": 40.04265213012695, "metadata.audio_properties.analysis.sample_rate": 44100.0, "metadata.audio_properties.analysis.start_time": 0.0, "metadata.audio_properties.bit_rate": 106951.0, "metadata.audio_properties.length": 40.042667388916016, "metadata.audio_properties.lossless": 0.0, "metadata.audio_properties.number_channels": 1.0, "metadata.audio_properties.replay_gain": -10.191707611083984, "metadata.audio_properties.sample_rate": 48000.0, "rhythm.beats_count": 77.0, "rhythm.beats_loudness.mean": 0.06643912196159363, "rhythm.beats_loudness.stdev": 0.06733690202236176, "rhythm.bpm": 97.40132141113281, "rhythm.bpm_histogram_first_peak_bpm": 98.0, "rhythm.bpm_histogram_first_peak_weight": 0.19354838132858276, "rhythm.bpm_histogram_second_peak_bpm": 167.0, "rhythm.bpm_histogram_second_peak_spread": 0.0, "rhythm.bpm_histogram_second_peak_weight": 0.1184210553765297, "rhythm.danceability": 1.0639798641204834, "rhythm.onset_rate": 3.5202107429504395, "tonal.chords_changes_rate": 0.04398148134350777, "tonal.chords_number_rate": 0.008101851679384708, "tonal.chords_strength.mean": 0.50879967212677, "tonal.chords_strength.stdev": 0.07961226254701614, "tonal.hpcp_crest.mean": 17.784420013427734, "tonal.hpcp_crest.stdev": 7.743074417114258, "tonal.hpcp_entropy.mean": 1.4416983127593994, "tonal.hpcp_entropy.stdev": 0.6798790693283081, "tonal.key_edma.strength": 0.682359516620636, "tonal.key_krumhansl.strength": 0.6971884369850159, "tonal.key_temperley.strength": 0.6835053563117981, "tonal.tuning_diatonic_strength": 0.570275604724884, "tonal.tuning_equal_tempered_deviation": 0.024124734103679657, "tonal.tuning_frequency": 439.2381896972656, "tonal.tuning_nontempered_energy_ratio": 0.6113846302032471, "lowlevel.barkbands.mean": [0.0008667759830132127, 0.026219146326184273, 0.00843125581741333, 0.0030035064555704594, 0.0032202277798205614, 0.004415686242282391, 0.0029202415607869625, 0.0014271143591031432, 0.0007887302781455219, 0.0006754075875505805, 0.0005828994326293468, 0.00024261974613182247, 0.0002042228152276948, 0.00020405313989613205, 0.00012155475269537419, 4.757317583425902e-05, 3.003320853167679e-05, 4.5152512029744685e-05, 2.754756496869959e-05, 5.302146382746287e-05, 4.965241168974899e-05, 5.728951873607002e-05, 7.132536848075688e-05, 3.612809086916968e-05, 4.951304799760692e-05, 3.389983612578362e-05, 6.671379004785649e-09], "lowlevel.barkbands.stdev": [0.0028082861099392176, 0.04299701377749443, 0.017521604895591736, 0.009639712050557137, 0.006267449352890253, 0.005080095492303371, 0.005459516309201717, 0.0026317571755498648, 0.0016961520304903388, 0.0016670620534569025, 0.0014081118861213326, 0.0010912702418863773, 0.0007582419784739614, 0.0007053206209093332, 0.0004702349833678454, 0.00021684225066564977, 0.00012952802353538573, 0.00018202615319751203, 0.0001203945794259198, 0.0002194002881878987, 0.00020568173204082996, 0.00025667683803476393, 0.00035501219099387527, 0.00014178689161781222, 0.00019639877427835017, 0.0001379650493618101, 1.5287477594938537e-07], "lowlevel.erbbands.mean": [0.6943082809448242, 5.962581634521484, 11.219982147216797, 10.3458890914917, 6.011974334716797, 11.381807327270508, 34.47755432128906, 32.77971267700195, 48.037967681884766, 34.87765884399414, 20.29021453857422, 22.253461837768555, 20.832014083862305, 16.854549407958984, 26.57151222229004, 11.223528861999512, 9.196392059326172, 10.83305835723877, 7.952575206756592, 4.7308244705200195, 2.3162691593170166, 1.7590117454528809, 2.5092663764953613, 1.7191827297210693, 1.592955231666565, 2.5151114463806152, 2.2204880714416504, 1.8063708543777466, 2.0289206504821777, 2.205716848373413, 1.9426915645599365, 0.8354157209396362, 0.6450021266937256, 0.5588721036911011, 0.34623634815216064, 0.22314167022705078, 0.04775003716349602, 0.001584034995175898, 6.925663183210418e-05, 6.304168346105143e-05], "lowlevel.erbbands.stdev": [1.5428379774093628, 9.451244354248047, 20.386789321899414, 27.162464141845703, 21.74808692932129, 25.011133193969727, 49.1595344543457, 42.60109329223633, 84.9717025756836, 59.712398529052734, 34.091529846191406, 44.8470573425293, 45.24827575683594, 50.637657165527344, 66.72447967529297, 37.63991165161133, 34.47884750366211, 31.502275466918945, 25.829240798950195, 20.348466873168945, 9.631258010864258, 7.172235012054443, 10.17904281616211, 7.230259895324707, 6.429896831512451, 9.931538581848145, 10.349388122558594, 7.1926398277282715, 8.766550064086914, 10.80051040649414, 9.565192222595215, 3.723482608795166, 2.444549322128296, 2.2902204990386963, 1.3652708530426025, 0.9015025496482849, 0.1912377029657364, 0.006785625126212835, 0.00017929075693245977, 6.307848525466397e-05], "lowlevel.gfcc.mean": [-149.28195190429688, 176.8728485107422, -76.0416259765625, -28.154888153076172, -64.09204864501953, -1.3206902742385864, -30.650466918945312, -8.168794631958008, -16.26678466796875, -1.2305967807769775, 0.4246845841407776, 3.141918182373047, 3.8409292697906494], "lowlevel.melbands.mean": [0.00681943679228425, 0.006536086089909077, 0.0016294860979542136, 0.0005487548769451678, 0.0010693829972296953, 0.0007435661973431706, 0.0007111862651072443, 0.00037076688022352755, 0.00014689845556858927, 0.00013495222083292902, 0.00010039711924036965, 6.502828910015523e-05, 7.953697058837861e-05, 4.652998177334666e-05, 1.7669979570200667e-05, 2.009689706028439e-05, 2.1115960407769307e-05, 1.3922986909165047e-05, 8.204880032280926e-06, 4.5469678298104554e-06, 2.292945964654791e-06, 1.739215122142923e-06, 2.0456332094909158e-06, 2.2265155621425947e-06, 1.296237314818427e-06, 9.864540970738744e-07, 1.476487454965536e-06, 1.7326882471024874e-06, 1.3977177104607108e-06, 1.2708610483969096e-06, 9.426728411199292e-07, 1.0859992016776232e-06, 1.2254340617801063e-06, 1.2671757758653257e-06, 1.198900804411096e-06, 7.896857709965843e-07, 4.2408092326695623e-07, 4.3599058585641615e-07, 4.2298563585063675e-07, 5.131169018568471e-07], "lowlevel.melbands.stdev": [0.0124059384688735, 0.01000184565782547, 0.004288963507860899, 0.0014336961321532726, 0.0014773953007534146, 0.0009159561013802886, 0.0012862886069342494, 0.0006657971534878016, 0.00024863803992047906, 0.00028447533259168267, 0.00022785541659686714, 0.00021567678777500987, 0.0002054454671451822, 0.00015413237269967794, 6.356868834700435e-05, 6.805434531997889e-05, 6.782947457395494e-05, 4.7721125156385824e-05, 3.505447966745123e-05, 2.0389827113831416e-05, 9.608632353774738e-06, 7.260930942720734e-06, 8.574180355935823e-06, 9.376322850584984e-06, 5.657428118865937e-06, 4.438331870915135e-06, 5.625435278489022e-06, 7.340754564211238e-06, 6.902753284521168e-06, 5.533880539587699e-06, 3.929281774617266e-06, 5.021965989726596e-06, 6.056845904822694e-06, 6.4454161474714056e-06, 5.970324309600983e-06, 3.934879714506678e-06, 1.858544578681176e-06, 1.6506010069861077e-06, 1.7025041643137229e-06, 2.1837074655195465e-06], "lowlevel.melbands128.mean": [0.0008006239659152925, 0.004948333837091923, 0.009511350654065609, 0.01016190368682146, 0.00694611668586731, 0.0036267880350351334, 0.0022398505825549364, 0.0011878057848662138, 0.00042333785677328706, 0.00046732331975363195, 0.0006012484664097428, 0.0008789775311015546, 0.0014276462607085705, 0.000977212330326438, 0.0008113221265375614, 0.0005482914275489748, 0.0005708750686608255, 0.0010603312402963638, 0.0004416907031554729, 0.00032378220930695534, 0.0004256193060427904, 0.00015221221838146448, 0.00012453926319722086, 9.232657612301409e-05, 0.0001757811551215127, 0.0001405923394486308, 7.616496441187337e-05, 0.0001405021030222997, 5.552274888032116e-05, 8.877302025211975e-05, 5.974843224976212e-05, 3.689758159453049e-05, 7.084610115271062e-05, 0.0001473560114391148, 3.343440403114073e-05, 3.4222939575556666e-05, 2.711578235903289e-05, 5.961283022770658e-06, 2.3879098080215044e-05, 1.9678554963320494e-05, 2.219097405031789e-05, 1.5055125004437286e-05, 1.5177902241703123e-05, 3.506452776491642e-05, 1.3064999620837625e-05, 1.0613485756039154e-05, 1.2318353583395947e-05, 7.798211299814284e-06, 7.3824649007292464e-06, 5.676747150573647e-06, 4.147647359786788e-06, 3.580958946258761e-06, 2.1754601675638696e-06, 2.004930138355121e-06, 1.7108258134612697e-06, 1.8202979390480323e-06, 1.5253450555974268e-06, 1.8831428860721644e-06, 2.054241349469521e-06, 2.8048641524947016e-06, 2.2938588699616957e-06, 1.9036308458453277e-06, 1.4408045672098524e-06, 1.1748179531423375e-06, 9.133118510362692e-07, 1.0155749805562664e-06, 9.395006941304018e-07, 1.1261286090302747e-06, 1.8075652405968867e-06, 1.6919724430408678e-06, 1.657371853980294e-06, 1.9062789533563773e-06, 1.461415308767755e-06, 1.287272084482538e-06, 1.3443158195514116e-06, 1.2682213537118514e-06, 1.3403609955275897e-06, 9.902413466988946e-07, 8.737165444472339e-07, 8.52923335514788e-07, 1.0037127822215552e-06, 1.3359134527490824e-06, 1.0561658427832299e-06, 1.399872644469724e-06, 1.0821474916156149e-06, 1.1367618526492151e-06, 1.4231345630832948e-06, 1.3663693607668392e-06, 1.1140151627841988e-06, 1.140952690548147e-06, 1.1062816156481858e-06, 6.340723075481947e-07, 3.750699022475601e-07, 4.166269889083196e-07, 4.53810770295604e-07, 4.003785534223425e-07, 4.0423088876195834e-07, 5.483282166096615e-07, 3.9772916693436855e-07, 3.964872234973882e-07, 3.9173960431071464e-07, 7.102697736627306e-07, 4.011437511053373e-07, 3.196128091076389e-07, 3.0635501957476663e-07, 4.962831212651508e-07, 4.0149762980945525e-07, 3.5676100651471643e-07, 4.5854091013097786e-07, 3.8797170986981655e-07, 3.1114831244849483e-07, 2.388295285982167e-07, 1.1972380775659985e-07, 3.235648549093639e-08, 1.7178182432076028e-08, 2.0175408010913998e-09, 2.7390556489592655e-10, 2.7589623294299592e-11, 8.31499365888666e-12, 7.773325386151164e-12, 7.588375240674683e-12, 7.444008950918679e-12, 7.274231564324829e-12, 7.146329535079321e-12, 7.001329203892848e-12, 6.834417580481311e-12, 6.732794443492507e-12, 6.690032642447941e-12], "lowlevel.melbands128.stdev": [0.002610929775983095, 0.01323512103408575, 0.018931595608592033, 0.016882698982954025, 0.01280843373388052, 0.007951836101710796, 0.006285316776484251, 0.0042070867493748665, 0.002091374946758151, 0.001659504254348576, 0.0016364199109375477, 0.001680010580457747, 0.0023806290701031685, 0.0014203089522197843, 0.0013942588120698929, 0.0010104547254741192, 0.0010635250946506858, 0.0022858879528939724, 0.0008600886794738472, 0.0007041303906589746, 0.0010020118206739426, 0.0003188156697433442, 0.0003580847114790231, 0.00028389148064889014, 0.00042802575626410544, 0.0004202185955364257, 0.00023900788801256567, 0.0003838196862488985, 0.00019654423522297293, 0.00040134566370397806, 0.0002212270483141765, 0.000211011923965998, 0.00026173231890425086, 0.00039900862611830235, 0.00023544233408756554, 0.00019055118900723755, 0.00010884770017582923, 2.1227338947937824e-05, 0.00014081536210142076, 9.497994324192405e-05, 8.458099910058081e-05, 6.990165275055915e-05, 5.838797733304091e-05, 0.00014536258822772652, 7.328383799176663e-05, 5.0484813982620835e-05, 5.71651071368251e-05, 4.4353510020300746e-05, 4.603710840456188e-05, 3.1618626962881535e-05, 2.0993436919525266e-05, 2.1778003429062665e-05, 8.978698133432772e-06, 9.033728929352947e-06, 7.125986485334579e-06, 8.64249341248069e-06, 6.647832833550638e-06, 1.0871937774936669e-05, 8.681302460900042e-06, 1.3434224456432275e-05, 1.0592204489512369e-05, 9.57105203269748e-06, 6.946728717593942e-06, 5.82560824113898e-06, 3.994774033344584e-06, 5.240804057393689e-06, 4.525827989709796e-06, 4.951307801093208e-06, 7.750996701361146e-06, 6.444209248002153e-06, 6.6753777900885325e-06, 1.1448112672951538e-05, 8.452101610600948e-06, 5.328159659256926e-06, 7.7932436397532e-06, 6.330408723442815e-06, 5.760095973528223e-06, 3.792995812545996e-06, 3.962421942560468e-06, 4.167016413703095e-06, 7.0866481109987944e-06, 5.961146143818041e-06, 4.503732270677574e-06, 8.154069291776977e-06, 5.7442011893726885e-06, 5.779896127933171e-06, 8.589811841375194e-06, 7.352275133598596e-06, 5.784723725810181e-06, 6.027258223184617e-06, 6.202646545716561e-06, 3.0582118597521912e-06, 1.8345526768825948e-06, 2.25266535380797e-06, 1.8632917999639176e-06, 1.651941602176521e-06, 1.746891939546913e-06, 2.1515675143746193e-06, 1.780708771548234e-06, 1.8229163742944365e-06, 1.712279981802567e-06, 3.2537352581130108e-06, 1.822284843910893e-06, 1.4313156952994177e-06, 1.2520326890808064e-06, 1.920973545566085e-06, 1.7712306998873828e-06, 1.8284314364791499e-06, 1.8324270740777138e-06, 1.557879954816599e-06, 1.3599383237306029e-06, 1.0346115004722378e-06, 5.284190365273389e-07, 2.0038770287555963e-07, 1.1904832319942216e-07, 2.967843570900186e-08, 6.7963497052403454e-09, 7.016245362478912e-10, 1.8367583495826345e-11, 1.4803947998021094e-11, 1.4458774455494705e-11, 1.4159879865860425e-11, 1.3862203919468019e-11, 1.3631653965340274e-11, 1.3434185187899406e-11, 1.3274384196015898e-11, 1.3160369495557322e-11, 1.308977318897897e-11], "lowlevel.mfcc.mean": [-809.5872802734375, 216.64120483398438, 37.26915740966797, -10.680474281311035, -13.347189903259277, -1.623150110244751, -7.460155010223389, -7.309071063995361, -8.503439903259277, -8.805737495422363, -8.537364959716797, 1.0275827646255493, 5.427090644836426], "lowlevel.spectral_contrast_coeffs.mean": [-0.5749506950378418, -0.6341135501861572, -0.6871573328971863, -0.7719751596450806, -0.814780056476593, -0.826586902141571], "lowlevel.spectral_contrast_coeffs.stdev": [0.12887927889823914, 0.08649326115846634, 0.08226938545703888, 0.06751380860805511, 0.05153243988752365, 0.07384214550256729], "lowlevel.spectral_contrast_valleys.mean": [-7.759459018707275, -7.3719401359558105, -8.601754188537598, -9.755743980407715, -10.485504150390625, -12.626591682434082], "lowlevel.spectral_contrast_valleys.stdev": [2.1536056995391846, 0.9892699122428894, 1.2527216672897339, 1.6303644180297852, 2.231064796447754, 2.123199462890625], "rhythm.beats_loudness_band_ratio.mean": [0.48733317852020264, 0.23144344985485077, 0.2214346081018448, 0.05549563467502594, 0.027921363711357117, 0.010610789991915226], "rhythm.beats_loudness_band_ratio.stdev": [0.3858150243759155, 0.24927151203155518, 0.24632684886455536, 0.07501799613237381, 0.09145046770572662, 0.03780582174658775], "tonal.hpcp.mean": [0.3077491521835327, 0.18033145368099213, 0.09204494208097458, 0.1162671148777008, 0.06248430907726288, 0.025545991957187653, 0.02931155450642109, 0.03328888118267059, 0.10648670792579651, 0.2136642336845398, 0.14670076966285706, 0.038762856274843216, 0.03151356428861618, 0.03199370205402374, 0.1670534461736679, 0.3128772974014282, 0.1767360121011734, 0.021164143458008766, 0.011433755978941917, 0.009704140946269035, 0.039538390934467316, 0.0901254266500473, 0.07516378909349442, 0.14184747636318207, 0.24540574848651886, 0.13709737360477448, 0.022328410297632217, 0.013920677825808525, 0.01819003000855446, 0.06370571255683899, 0.1252044141292572, 0.08882087469100952, 0.02524019032716751, 0.017973706126213074, 0.025816595181822777, 0.17131111025810242], "tonal.hpcp.stdev": [0.40568453073501587, 0.25639569759368896, 0.2180730402469635, 0.24362803995609283, 0.1558082550764084, 0.10716646909713745, 0.12795038521289825, 0.1292131096124649, 0.20225203037261963, 0.3397817313671112, 0.24344561994075775, 0.16009533405303955, 0.1398480385541916, 0.13884831964969635, 0.2246336042881012, 0.3870307505130768, 0.23762954771518707, 0.11095914989709854, 0.08234620094299316, 0.059362854808568954, 0.11324644088745117, 0.21171347796916962, 0.17929229140281677, 0.24119721353054047, 0.3654923439025879, 0.22721408307552338, 0.11150282621383667, 0.07554983347654343, 0.10925706475973129, 0.14789631962776184, 0.24845479428768158, 0.18573258817195892, 0.11871600896120071, 0.10255688428878784, 0.1109120324254036, 0.27873751521110535], "rhythm.beats_position": [0.4992290139198303, 1.0100680589675903, 1.5325169563293457, 2.0665760040283203, 2.600634813308716, 3.1230838298797607, 3.6571428775787354, 4.191201686859131, 4.690430641174316, 5.178049564361572, 5.665668964385986, 6.1416778564453125, 6.640906810760498, 7.140135765075684, 7.650974750518799, 8.173423767089844, 8.684263229370117, 9.206711769104004, 9.705941200256348, 10.205169677734375, 10.704399108886719, 11.192017555236816, 11.69124698638916, 12.062766075134277, 12.445895195007324, 12.817414283752441, 13.188934326171875, 13.548843383789062, 13.90875244140625, 14.268661499023438, 14.628571510314941, 14.988480567932129, 15.348389625549316, 15.696688652038574, 16.04498863220215, 16.404897689819336, 16.764806747436523, 17.12471580505371, 17.496234893798828, 17.902584075927734, 18.29732322692871, 18.703672409057617, 19.098411560058594, 19.644081115722656, 20.18975067138672, 20.72380828857422, 21.33913803100586, 21.966075897216797, 22.593015670776367, 23.219953536987305, 23.835283279418945, 24.450611114501953, 25.054330825805664, 25.669658660888672, 26.284988403320312, 26.90031623840332, 27.51564598083496, 28.13097381591797, 28.74630355834961, 29.350021362304688, 29.965351104736328, 30.580678939819336, 31.196008682250977, 31.811336517333984, 32.43827438354492, 33.041996002197266, 33.6689338684082, 34.284263610839844, 34.89958953857422, 35.50331115722656, 36.11863708496094, 36.73396682739258, 37.34929656982422, 37.96462631225586, 38.579952239990234, 39.195281982421875, 39.82221984863281], "rhythm.bpm_histogram": [0.0, 0.0, 0.0, 0.0, 0.0, 0.0, 0.0, 0.0, 0.0, 0.0, 0.0, 0.0, 0.0, 0.0, 0.0, 0.0, 0.0, 0.0, 0.0, 0.0, 0.0, 0.0, 0.0, 0.0, 0.0, 0.0, 0.0, 0.0, 0.0, 0.0, 0.0, 0.0, 0.0, 0.0, 0.0, 0.0, 0.0, 0.0, 0.0, 0.0, 0.0, 0.0, 0.0, 0.0, 0.0, 0.0, 0.0, 0.0, 0.0, 0.0, 0.0, 0.0, 0.0, 0.0, 0.0, 0.0, 0.0, 0.0, 0.0, 0.0, 0.0, 0.0, 0.0, 0.0, 0.0, 0.0, 0.0, 0.0, 0.0, 0.0, 0.0, 0.0, 0.0, 0.0, 0.0, 0.0, 0.0, 0.0, 0.0, 0.0, 0.0, 0.0, 0.0, 0.0, 0.0, 0.0, 0.0, 0.0, 0.0, 0.0, 0.0, 0.0, 0.0, 0.0, 0.0, 0.0, 0.07894736528396606, 0.0, 0.2763157784938812, 0.05263157933950424, 0.0, 0.0, 0.0, 0.0, 0.0, 0.0, 0.0, 0.0, 0.0, 0.0, 0.02631578966975212, 0.0, 0.06578947603702545, 0.0, 0.0, 0.05263157933950424, 0.0, 0.03947368264198303, 0.0, 0.0, 0.09210526198148727, 0.0, 0.0, 0.03947368264198303, 0.0, 0.0, 0.01315789483487606, 0.0, 0.0, 0.0, 0.0, 0.0, 0.0, 0.0, 0.0, 0.0, 0.0, 0.0, 0.0, 0.0, 0.0, 0.0, 0.0, 0.0, 0.0, 0.0, 0.0, 0.0, 0.02631578966975212, 0.0, 0.0, 0.0, 0.02631578966975212, 0.0, 0.0, 0.0, 0.0, 0.01315789483487606, 0.0, 0.0, 0.0, 0.05263157933950424, 0.0, 0.0, 0.0, 0.0, 0.0, 0.1184210553765297, 0.0, 0.0, 0.0, 0.0, 0.02631578966975212, 0.0, 0.0, 0.0, 0.0, 0.0, 0.0, 0.0, 0.0, 0.0, 0.0, 0.0, 0.0, 0.0, 0.0, 0.0, 0.0, 0.0, 0.0, 0.0, 0.0, 0.0, 0.0, 0.0, 0.0, 0.0, 0.0, 0.0, 0.0, 0.0, 0.0, 0.0, 0.0, 0.0, 0.0, 0.0, 0.0, 0.0, 0.0, 0.0, 0.0, 0.0, 0.0, 0.0, 0.0, 0.0, 0.0, 0.0, 0.0, 0.0, 0.0, 0.0, 0.0, 0.0, 0.0, 0.0, 0.0, 0.0, 0.0, 0.0, 0.0, 0.0, 0.0, 0.0, 0.0, 0.0, 0.0, 0.0, 0.0, 0.0, 0.0, 0.0, 0.0, 0.0, 0.0, 0.0, 0.0, 0.0], "tonal.chords_histogram": [24.884260177612305, 21.412036895751953, 20.717592239379883, 3.2407407760620117, 0.0, 3.3564815521240234, 0.0, 0.46296295523643494, 0.0, 0.0, 0.0, 0.0, 0.0, 0.0, 0.0, 0.0, 0.0, 0.0, 0.0, 0.0, 0.0, 0.0, 3.5879628658294678, 22.337963104248047], "tonal.thpcp": [1.0, 0.564873218536377, 0.06764359027147293, 0.03654389828443527, 0.031015804037451744, 0.12637028098106384, 0.28805357217788696, 0.24023407697677612, 0.4533645510673523, 0.7843514084815979, 0.4381825625896454, 0.07136475294828415, 0.0444924496114254, 0.05813790485262871, 0.20361244678497314, 0.4001709818840027, 0.28388404846191406, 0.08067121356725693, 0.05744650214910507, 0.0825134813785553, 0.5475344657897949, 0.9836097359657288, 0.5763647556304932, 0.29418861865997314, 0.37160611152648926, 0.19970867037773132, 0.08164859563112259, 0.0936838686466217, 0.10639595985412598, 0.3403465449810028, 0.6829010248184204, 0.46887636184692383, 0.12389156222343445, 0.1007217988371849, 0.10225638747215271, 0.5339263677597046], "lowlevel.gfcc.cov": [[21016.21875, -6649.5087890625, 1123.54541015625, 7301.34326171875, 252.3892059326172, 3406.249267578125, 389.06378173828125, 2534.90185546875, -717.7333374023438, 1613.296630859375, -1075.0938720703125, 271.98553466796875, -866.9888305664062], [-6649.5087890625, 4889.06787109375, 550.0258178710938, -2523.86279296875, 861.6597900390625, -946.3404541015625, 439.4510498046875, -649.9598999023438, 775.3213500976562, -776.6859130859375, 599.16357421875, -221.37973022460938, 459.7020568847656], [1123.54541015625, 550.0258178710938, 2634.956787109375, 1755.4788818359375, 666.4471435546875, 796.1054077148438, 729.6679077148438, 705.0111083984375, 204.91000366210938, 204.5416259765625, 49.94536209106445, 19.360706329345703, -47.09214782714844], [7301.34326171875, -2523.86279296875, 1755.4788818359375, 4214.66455078125, 512.5076293945312, 1689.799072265625, 575.2860717773438, 1260.243896484375, -95.67771911621094, 666.4041137695312, -285.0735778808594, 94.6522445678711, -318.39306640625], [252.3892059326172, 861.6597900390625, 666.4471435546875, 512.5076293945312, 791.2205200195312, 364.7101135253906, 349.2018127441406, 267.38812255859375, 269.080810546875, -78.98771667480469, 85.5653076171875, -63.83892059326172, 59.35934829711914], [3406.249267578125, -946.3404541015625, 796.1054077148438, 1689.799072265625, 364.7101135253906, 999.0420532226562, 356.208740234375, 602.7116088867188, -23.97437858581543, 310.7617492675781, -119.7739486694336, -7.650991439819336, -151.40939331054688], [389.06378173828125, 439.4510498046875, 729.6679077148438, 575.2860717773438, 349.2018127441406, 356.208740234375, 493.7654724121094, 242.4126739501953, 147.0950927734375, 133.7175750732422, 118.01068115234375, -53.4445915222168, 17.711061477661133], [2534.90185546875, -649.9598999023438, 705.0111083984375, 1260.243896484375, 267.38812255859375, 602.7116088867188, 242.4126739501953, 574.6303100585938, 17.777637481689453, 204.28958129882812, -113.672607421875, 51.71632385253906, -88.91663360595703], [-717.7333374023438, 775.3213500976562, 204.91000366210938, -95.67771911621094, 269.080810546875, -23.97437858581543, 147.0950927734375, 17.777637481689453, 376.51861572265625, -79.29731750488281, 120.94273376464844, -13.240538597106934, 107.0245590209961], [1613.296630859375, -776.6859130859375, 204.5416259765625, 666.4041137695312, -78.98771667480469, 310.7617492675781, 133.7175750732422, 204.28958129882812, -79.29731750488281, 509.24029541015625, -5.8397040367126465, 21.559755325317383, -90.90026092529297], [-1075.0938720703125, 599.16357421875, 49.94536209106445, -285.0735778808594, 85.5653076171875, -119.7739486694336, 118.01068115234375, -113.672607421875, 120.94273376464844, -5.8397040367126465, 243.99624633789062, -6.995020389556885, 26.537328720092773], [271.98553466796875, -221.37973022460938, 19.360706329345703, 94.6522445678711, -63.83892059326172, -7.650991439819336, -53.4445915222168, 51.71632385253906, -13.240538597106934, 21.559755325317383, -6.995020389556885, 185.6608123779297, 35.004638671875], [-866.9888305664062, 459.7020568847656, -47.09214782714844, -318.39306640625, 59.35934829711914, -151.40939331054688, 17.711061477661133, -88.91663360595703, 107.0245590209961, -90.90026092529297, 26.537328720092773, 35.004638671875, 176.32711791992188]], "lowlevel.gfcc.icov": [[0.0003869753854814917, -0.0005198431317694485, 0.0005714096478186548, -0.0005750913405790925, 0.0004376026045065373, -0.0006698437500745058, 0.0003697433858178556, -0.0008751205750741065, 0.000280555832432583, -0.0005710703553631902, 0.0008843793766573071, -0.0004867862444370985, 0.0006700967205688357], [-0.0005198431317694485, 0.0028358749113976955, -0.0016106108669191599, 0.0018889469793066382, -0.002231346908956766, 0.001797117991372943, -0.0017679801676422358, 0.0017385197570547462, -0.00144873873796314, 0.001839159638620913, -0.00239044358022511, 0.0015840709675103426, -0.0017473793122917414], [0.0005714096478186548, -0.0016106108669191599, 0.0020204484462738037, -0.0014809636631980538, 0.001131477882154286, -0.0010076937032863498, -1.0575104170129634e-05, -0.0019341950537636876, 0.0008148708730004728, -0.0010806211503222585, 0.001899515395052731, -0.0013743765885010362, 0.001588832470588386], [-0.0005750913405790925, 0.0018889469793066382, -0.0014809636631980538, 0.00247858720831573, -0.001423141686245799, 0.0004727883206214756, -0.0010620105313137174, 0.0006978150922805071, -0.0009826351888477802, 0.0011395651381462812, -0.001745603047311306, 0.0009493769612163305, -0.0010705410968512297], [0.0004376026045065373, -0.002231346908956766, 0.001131477882154286, -0.001423141686245799, 0.004896210506558418, -0.0025667541194707155, 0.001070351805537939, -0.00247720698826015, 0.00012983032502233982, -0.0002807000419124961, 0.0007727739284746349, -7.899792399257421e-05, 0.00016829668311402202], [-0.0006698437500745058, 0.001797117991372943, -0.0010076937032863498, 0.0004727883206214756, -0.0025667541194707155, 0.006397708784788847, -0.002869898919016123, 0.00036017480306327343, -0.0005313367000781, 0.0008158162236213684, -0.0006926986970938742, 0.0012790512992069125, 2.673625021998305e-05], [0.0003697433858178556, -0.0017679801676422358, -1.0575104170129634e-05, -0.0010620105313137174, 0.001070351805537939, -0.002869898919016123, 0.00823191273957491, -0.0025689005851745605, 0.0011022021062672138, -0.002002370310947299, -0.0025406205095350742, 0.0018438143888488412, -0.0021250599529594183], [-0.0008751205750741065, 0.0017385197570547462, -0.0019341950537636876, 0.0006978150922805071, -0.00247720698826015, 0.00036017480306327343, -0.0025689005851745605, 0.010421664454042912, -0.0020724553614854813, 0.001022782176733017, 0.0011823413660749793, -0.001592495245859027, 0.0004880308697465807], [0.000280555832432583, -0.00144873873796314, 0.0008148708730004728, -0.0009826351888477802, 0.00012983032502233982, -0.0005313367000781, 0.0011022021062672138, -0.0020724553614854813, 0.005669650621712208, -0.0006827733013778925, -0.0009693892206996679, -3.8346046494552866e-05, -0.0016957403859123588], [-0.0005710703553631902, 0.001839159638620913, -0.0010806211503222585, 0.0011395651381462812, -0.0002807000419124961, 0.0008158162236213684, -0.002002370310947299, 0.001022782176733017, -0.0006827733013778925, 0.004674223717302084, -0.0029112144839018583, 0.0011798692867159843, -0.0012937815627083182], [0.0008843793766573071, -0.00239044358022511, 0.001899515395052731, -0.001745603047311306, 0.0007727739284746349, -0.0006926986970938742, -0.0025406205095350742, 0.0011823413660749793, -0.0009693892206996679, -0.0029112144839018583, 0.01221650093793869, -0.004701233468949795, 0.006114588119089603], [-0.0004867862444370985, 0.0015840709675103426, -0.0013743765885010362, 0.0009493769612163305, -7.899792399257421e-05, 0.0012790512992069125, 0.0018438143888488412, -0.001592495245859027, -3.8346046494552866e-05, 0.0011798692867159843, -0.004701233468949795, 0.009379194118082523, -0.005562357604503632], [0.0006700967205688357, -0.0017473793122917414, 0.001588832470588386, -0.0010705410968512297, 0.00016829668311402202, 2.673625021998305e-05, -0.0021250599529594183, 0.0004880308697465807, -0.0016957403859123588, -0.0012937815627083182, 0.006114588119089603, -0.005562357604503632, 0.01298508420586586]], "lowlevel.mfcc.cov": [[18855.439453125, -7290.5390625, 402.74652099609375, 3700.9638671875, 1668.5626220703125, 1670.078857421875, 1826.1561279296875, 1223.6983642578125, 1101.326904296875, 1308.3597412109375, 1066.22021484375, 132.5977020263672, 96.00651550292969], [-7290.5390625, 5472.5126953125, -89.62677001953125, -1330.0289306640625, -70.24662017822266, -440.8891296386719, -475.639892578125, 4.842568397521973, 2.7823057174682617, -266.7873229980469, -305.73638916015625, 266.2691955566406, 143.96311950683594], [402.74652099609375, -89.62677001953125, 1735.8035888671875, 1191.5164794921875, 419.39666748046875, 463.5857238769531, 611.0106811523438, 470.1170349121094, 373.1056213378906, 278.38140869140625, 332.6755676269531, 203.07769775390625, 161.74160766601562], [3700.9638671875, -1330.0289306640625, 1191.5164794921875, 2010.70947265625, 911.4631958007812, 786.7716064453125, 854.8471069335938, 710.7276611328125, 601.1054077148438, 535.620849609375, 484.9845886230469, 274.5986633300781, 183.88148498535156], [1668.5626220703125, -70.24662017822266, 419.39666748046875, 911.4631958007812, 852.62744140625, 443.0116882324219, 415.138916015625, 556.63916015625, 389.837890625, 333.8043212890625, 218.7904510498047, 150.14637756347656, 46.12181091308594], [1670.078857421875, -440.8891296386719, 463.5857238769531, 786.7716064453125, 443.0116882324219, 569.2738647460938, 515.5506591796875, 299.32073974609375, 294.27764892578125, 307.503662109375, 290.7646179199219, 148.43653869628906, 79.13965606689453], [1826.1561279296875, -475.639892578125, 611.0106811523438, 854.8471069335938, 415.138916015625, 515.5506591796875, 709.0604248046875, 383.233154296875, 278.5507507324219, 342.6040344238281, 321.6347351074219, 133.3385467529297, 51.98055648803711], [1223.6983642578125, 4.842568397521973, 470.1170349121094, 710.7276611328125, 556.63916015625, 299.32073974609375, 383.233154296875, 585.838134765625, 329.9508361816406, 228.0365447998047, 162.7952117919922, 98.18693542480469, 31.688274383544922], [1101.326904296875, 2.7823057174682617, 373.1056213378906, 601.1054077148438, 389.837890625, 294.27764892578125, 278.5507507324219, 329.9508361816406, 432.2027587890625, 236.77659606933594, 155.53179931640625, 94.58596801757812, 78.57476806640625], [1308.3597412109375, -266.7873229980469, 278.38140869140625, 535.620849609375, 333.8043212890625, 307.503662109375, 342.6040344238281, 228.0365447998047, 236.77659606933594, 391.2762451171875, 230.54324340820312, 89.48078155517578, -17.642314910888672], [1066.22021484375, -305.73638916015625, 332.6755676269531, 484.9845886230469, 218.7904510498047, 290.7646179199219, 321.6347351074219, 162.7952117919922, 155.53179931640625, 230.54324340820312, 290.69439697265625, 149.8891143798828, 49.26567459106445], [132.5977020263672, 266.2691955566406, 203.07769775390625, 274.5986633300781, 150.14637756347656, 148.43653869628906, 133.3385467529297, 98.18693542480469, 94.58596801757812, 89.48078155517578, 149.8891143798828, 302.9898986816406, 177.78915405273438], [96.00651550292969, 143.96311950683594, 161.74160766601562, 183.88148498535156, 46.12181091308594, 79.13965606689453, 51.98055648803711, 31.688274383544922, 78.57476806640625, -17.642314910888672, 49.26567459106445, 177.78915405273438, 267.078369140625]], "lowlevel.mfcc.icov": [[0.00023852883896324784, 0.0002798744826577604, 0.00026041854289360344, -7.466424722224474e-05, -8.533101936336607e-05, 8.578997221775353e-05, -0.00022189371520653367, -0.0001822226622607559, -0.0002583558380138129, -0.00016154488548636436, -0.00013576600758824497, 1.9171573512721807e-05, -0.00021116658172104508], [0.0002798744826577604, 0.0007638213573954999, -6.636807029281044e-06, 0.0007313416572287679, -0.0005132272490300238, 0.0002442609111312777, -0.0003709890297614038, -0.0003081510658375919, -0.0007301255245693028, -0.0002286130766151473, 0.0002982980804517865, -0.0007728400523774326, -0.0002276728191645816], [0.00026041854289360344, -6.636807029281044e-06, 0.0016345919575542212, -0.0012620313791558146, 0.0007010996341705322, 0.0001965506817214191, -0.0005453263875097036, -0.0005534236552193761, -0.0001689568889560178, 0.00016902592324186116, -0.0007885646773502231, 0.0005181736196391284, -0.00035716104321181774], [-7.466424722224474e-05, 0.0007313416572287679, -0.0012620313791558146, 0.0036014856304973364, -0.0017175623215734959, -0.00023943909036461264, -0.0005774673772975802, -0.0002136777329724282, -0.0010798918083310127, -0.0002428936422802508, 0.00019465370860416442, -0.0010734713869169354, -0.000597046862822026], [-8.533101936336607e-05, -0.0005132272490300238, 0.0007010996341705322, -0.0017175623215734959, 0.005538830999284983, -0.0025732791982591152, 0.0018831563647836447, -0.00353610678575933, 0.0005614697583951056, -0.0012526874197646976, 0.0008138294797390699, -0.0001781452592695132, 0.0006448405329138041], [8.578997221775353e-05, 0.0002442609111312777, 0.0001965506817214191, -0.00023943909036461264, -0.0025732791982591152, 0.008469410240650177, -0.004297636449337006, 0.002451921347528696, -0.0018829959444701672, 0.00033807443105615675, -0.0021948381327092648, 2.297223181813024e-05, -0.0006705227424390614], [-0.00022189371520653367, -0.0003709890297614038, -0.0005453263875097036, -0.0005774673772975802, 0.0018831563647836447, -0.004297636449337006, 0.006864278577268124, -0.0026870372239500284, 0.001835307921282947, -0.0014426171546801925, -0.001532286056317389, 0.000986930332146585, -7.091346196830273e-05], [-0.0001822226622607559, -0.0003081510658375919, -0.0005534236552193761, -0.0002136777329724282, -0.00353610678575933, 0.002451921347528696, -0.0026870372239500284, 0.007093006744980812, -0.002022717846557498, 0.0014957847306504846, 0.0004142430843785405, -0.0003139349864795804, 0.0011058398522436619], [-0.0002583558380138129, -0.0007301255245693028, -0.0001689568889560178, -0.0010798918083310127, 0.0005614697583951056, -0.0018829959444701672, 0.001835307921282947, -0.002022717846557498, 0.006797143258154392, -0.002170990686863661, 0.00021537227439694107, 0.0017210819059982896, -0.0016525157261639833], [-0.00016154488548636436, -0.0002286130766151473, 0.00016902592324186116, -0.0002428936422802508, -0.0012526874197646976, 0.00033807443105615675, -0.0014426171546801925, 0.0014957847306504846, -0.002170990686863661, 0.007837803103029728, -0.003282476682215929, -0.0005521890707314014, 0.0025951387360692024], [-0.00013576600758824497, 0.0002982980804517865, -0.0007885646773502231, 0.00019465370860416442, 0.0008138294797390699, -0.0021948381327092648, -0.001532286056317389, 0.0004142430843785405, 0.00021537227439694107, -0.003282476682215929, 0.01264926791191101, -0.004991237074136734, 0.0016995262121781707], [1.9171573512721807e-05, -0.0007728400523774326, 0.0005181736196391284, -0.0010734713869169354, -0.0001781452592