{"song_id": "1183711535114227732", "download": "https://cdn.discordapp.com/attachments/1128313332273782784/1183711535114227732/chirp.mp4?ex=65895446&amp", "lyrics": "Transforming TechEd and Revolutionizing Industries.\nA nexus between industry and education, we\nhelp craft tech careers with drone PBL", "style": ["traditional indian"], "essentia_features": {"lowlevel.average_loudness": 0.9859511852264404, "lowlevel.barkbands_crest.mean": 16.948448181152344, "lowlevel.barkbands_crest.stdev": 7.040482044219971, "lowlevel.barkbands_flatness_db.mean": 0.19990040361881256, "lowlevel.barkbands_flatness_db.stdev": 0.08242164552211761, "lowlevel.barkbands_kurtosis.mean": 15.474716186523438, "lowlevel.barkbands_kurtosis.stdev": 27.2983341217041, "lowlevel.barkbands_skewness.mean": 2.33249831199646, "lowlevel.barkbands_skewness.stdev": 2.3433852195739746, "lowlevel.barkbands_spread.mean": 19.097049713134766, "lowlevel.barkbands_spread.stdev": 15.603507995605469, "lowlevel.dissonance.mean": 0.43538573384284973, "lowlevel.dissonance.stdev": 0.052407003939151764, "lowlevel.dynamic_complexity": 3.2776315212249756, "lowlevel.erbbands_crest.mean": 15.14452838897705, "lowlevel.erbbands_crest.stdev": 6.792173385620117, "lowlevel.erbbands_flatness_db.mean": 0.22678284347057343, "lowlevel.erbbands_flatness_db.stdev": 0.06872745603322983, "lowlevel.erbbands_kurtosis.mean": 8.225476264953613, "lowlevel.erbbands_kurtosis.stdev": 16.302047729492188, "lowlevel.erbbands_skewness.mean": 1.5916037559509277, "lowlevel.erbbands_skewness.stdev": 1.7862982749938965, "lowlevel.erbbands_spread.mean": 33.850685119628906, "lowlevel.erbbands_spread.stdev": 22.868398666381836, "lowlevel.hfc.mean": 10.144221305847168, "lowlevel.hfc.stdev": 11.32229995727539, "lowlevel.loudness_ebu128.integrated": -18.264705657958984, "lowlevel.loudness_ebu128.loudness_range": 1.0634899139404297, "lowlevel.loudness_ebu128.momentary.mean": -18.725561141967773, "lowlevel.loudness_ebu128.momentary.stdev": 2.02744197845459, "lowlevel.loudness_ebu128.short_term.mean": -18.242773056030273, "lowlevel.loudness_ebu128.short_term.stdev": 0.3322935104370117, "lowlevel.melbands_crest.mean": 19.681917190551758, "lowlevel.melbands_crest.stdev": 6.736591339111328, "lowlevel.melbands_flatness_db.mean": 0.2080812007188797, "lowlevel.melbands_flatness_db.stdev": 0.08930809795856476, "lowlevel.melbands_kurtosis.mean": 36.097652435302734, "lowlevel.melbands_kurtosis.stdev": 66.10494232177734, "lowlevel.melbands_skewness.mean": 3.3154990673065186, "lowlevel.melbands_skewness.stdev": 3.42122483253479, "lowlevel.melbands_spread.mean": 24.987058639526367, "lowlevel.melbands_spread.stdev": 27.614391326904297, "lowlevel.pitch_salience.mean": 0.4341326951980591, "lowlevel.pitch_salience.stdev": 0.17959599196910858, "lowlevel.silence_rate_20dB.mean": 1.0, "lowlevel.silence_rate_20dB.stdev": 0.0, "lowlevel.silence_rate_30dB.mean": 0.9923664331436157, "lowlevel.silence_rate_30dB.stdev": 0.08703621476888657, "lowlevel.silence_rate_60dB.mean": 0.33396947383880615, "lowlevel.silence_rate_60dB.stdev": 0.47162798047065735, "lowlevel.spectral_centroid.mean": 1411.5498046875, "lowlevel.spectral_centroid.stdev": 838.9620361328125, "lowlevel.spectral_complexity.mean": 5.06488561630249, "lowlevel.spectral_complexity.stdev": 3.947603702545166, "lowlevel.spectral_decrease.mean": -3.0709015330643297e-09, "lowlevel.spectral_decrease.stdev": 5.537343472639122e-09, "lowlevel.spectral_energy.mean": 0.012510400265455246, "lowlevel.spectral_energy.stdev": 0.021783331409096718, "lowlevel.spectral_energyband_high.mean": 0.00043860950972884893, "lowlevel.spectral_energyband_high.stdev": 0.0005888265441171825, "lowlevel.spectral_energyband_low.mean": 1.7068932720576413e-05, "lowlevel.spectral_energyband_low.stdev": 5.859138764208183e-05, "lowlevel.spectral_energyband_middle_high.mean": 0.0036023405846208334, "lowlevel.spectral_energyband_middle_high.stdev": 0.0054988558404147625, "lowlevel.spectral_energyband_middle_low.mean": 0.00846913456916809, "lowlevel.spectral_energyband_middle_low.stdev": 0.021202081814408302, "lowlevel.spectral_entropy.mean": 7.50324010848999, "lowlevel.spectral_entropy.stdev": 0.6514169573783875, "lowlevel.spectral_flux.mean": 0.06419599801301956, "lowlevel.spectral_flux.stdev": 0.04840812459588051, "lowlevel.spectral_kurtosis.mean": 2.882169246673584, "lowlevel.spectral_kurtosis.stdev": 2.4648733139038086, "lowlevel.spectral_rms.mean": 0.002755254041403532, "lowlevel.spectral_rms.stdev": 0.002147986553609371, "lowlevel.spectral_rolloff.mean": 2405.14013671875, "lowlevel.spectral_rolloff.stdev": 2352.614013671875, "lowlevel.spectral_skewness.mean": 1.3690733909606934, "lowlevel.spectral_skewness.stdev": 0.5295921564102173, "lowlevel.spectral_spread.mean": 5951117.0, "lowlevel.spectral_spread.stdev": 1434229.0, "lowlevel.spectral_strongpeak.mean": 1.4524730443954468, "lowlevel.spectral_strongpeak.stdev": 1.3640531301498413, "lowlevel.zerocrossingrate.mean": 0.08623568713665009, "lowlevel.zerocrossingrate.stdev": 0.04829522222280502, "metadata.audio_properties.analysis.equal_loudness": 0.0, "metadata.audio_properties.analysis.length": 12.138662338256836, "metadata.audio_properties.analysis.sample_rate": 44100.0, "metadata.audio_properties.analysis.start_time": 0.0, "metadata.audio_properties.bit_rate": 126327.0, "metadata.audio_properties.length": 12.138667106628418, "metadata.audio_properties.lossless": 0.0, "metadata.audio_properties.number_channels": 1.0, "metadata.audio_properties.replay_gain": -11.97723388671875, "metadata.audio_properties.sample_rate": 48000.0, "rhythm.beats_count": 31.0, "rhythm.beats_loudness.mean": 0.020646214485168457, "rhythm.beats_loudness.stdev": 0.02204127423465252, "rhythm.bpm": 161.4990234375, "rhythm.bpm_histogram_first_peak_bpm": 161.0, "rhythm.bpm_histogram_first_peak_weight": 0.2222222089767456, "rhythm.bpm_histogram_second_peak_bpm": 152.0, "rhythm.bpm_histogram_second_peak_spread": 0.3333333730697632, "rhythm.bpm_histogram_second_peak_weight": 0.06666667014360428, "rhythm.danceability": 2.6457431316375732, "rhythm.onset_rate": 7.815298080444336, "tonal.chords_changes_rate": 0.03041825070977211, "tonal.chords_number_rate": 0.011406844481825829, "tonal.chords_strength.mean": 0.5218843817710876, "tonal.chords_strength.stdev": 0.03857070580124855, "tonal.hpcp_crest.mean": 14.234719276428223, "tonal.hpcp_crest.stdev": 4.263897895812988, "tonal.hpcp_entropy.mean": 1.6789982318878174, "tonal.hpcp_entropy.stdev": 0.5961024165153503, "tonal.key_edma.strength": 0.45503315329551697, "tonal.key_krumhansl.strength": 0.4569012224674225, "tonal.key_temperley.strength": 0.45211300253868103, "tonal.tuning_diatonic_strength": 0.4864795207977295, "tonal.tuning_equal_tempered_deviation": 0.22134310007095337, "tonal.tuning_frequency": 452.8929748535156, "tonal.tuning_nontempered_energy_ratio": 0.8865383863449097, "lowlevel.barkbands.mean": [7.569942113150319e-07, 2.1915709567110753e-06, 5.137613698025234e-06, 2.6912703106063418e-05, 0.00018106339848600328, 0.008058665320277214, 6.492088868981227e-05, 6.759138341294602e-05, 5.64587717235554e-05, 7.514504250138998e-05, 0.002935311757028103, 3.4864715416915715e-05, 5.710100958822295e-05, 0.00020296133880037814, 7.771013770252466e-05, 3.930039383703843e-05, 4.4951080781174824e-05, 5.106406024424359e-05, 6.277912325458601e-05, 4.871869532507844e-05, 9.417704859515652e-05, 8.92072421265766e-05, 0.00012606244126800448, 5.009368032915518e-05, 3.344968718010932e-05, 2.3292119294637814e-05, 5.221733658800076e-07], "lowlevel.barkbands.stdev": [1.9021439356947667e-06, 7.397700301225996e-06, 2.1661047867382877e-05, 9.934456465998664e-05, 0.0006511735846288502, 0.02090703882277012, 0.00017607166955713183, 0.0003453956451267004, 0.00013491067511495203, 0.0001728478237055242, 0.005088917911052704, 9.109886741498485e-05, 0.00010278918489348143, 0.0003058900183532387, 0.00022401912428904325, 0.00013519110507331789, 0.00013369735097512603, 0.00011165346222696826, 0.0001672794605838135, 0.00010708504123613238, 0.00015494751278311014, 0.00014484545681625605, 0.00020136870443820953, 8.038590749492869e-05, 5.2880714065395296e-05, 3.9176509744720533e-05, 1.5852746173550258e-06], "lowlevel.erbbands.mean": [7.87740500527434e-05, 0.0005275058792904019, 0.0046164244413375854, 0.04963739961385727, 0.21842926740646362, 0.9034129977226257, 21.48453140258789, 86.32524108886719, 7.037700176239014, 1.008160948753357, 1.5960217714309692, 1.3906383514404297, 2.3912487030029297, 47.32354736328125, 74.25675201416016, 3.8954830169677734, 2.7609641551971436, 6.775628566741943, 8.321402549743652, 3.0785858631134033, 2.2888059616088867, 2.6601884365081787, 2.591521739959717, 3.19472336769104, 3.0789105892181396, 2.224726915359497, 3.2191824913024902, 3.4892072677612305, 2.955026626586914, 4.20620584487915, 3.314027786254883, 1.190563440322876, 0.8741914629936218, 0.3992636203765869, 0.23521201312541962, 0.10527796298265457, 0.04245608299970627, 0.006173799745738506, 0.00012425606837496161, 1.9538745618774556e-05], "lowlevel.erbbands.stdev": [0.00024890992790460587, 0.0017631681403145194, 0.016478482633829117, 0.1663030982017517, 0.5691051483154297, 2.7840635776519775, 55.732486724853516, 225.36068725585938, 16.17936897277832, 2.709503173828125, 7.427121162414551, 3.243366241455078, 3.7336928844451904, 83.9209976196289, 123.85905456542969, 5.376799583435059, 4.760256290435791, 9.883408546447754, 15.737656593322754, 9.221010208129883, 7.198729515075684, 7.970600128173828, 5.638729572296143, 7.4641523361206055, 8.322673797607422, 4.924282550811768, 5.475338935852051, 5.8983941078186035, 5.217349529266357, 6.866055488586426, 5.401575088500977, 2.026766538619995, 1.4693654775619507, 0.6535890698432922, 0.4028186500072479, 0.1775360405445099, 0.07384289056062698, 0.01175757497549057, 0.00022398305009119213, 2.8872042094008066e-05], "lowlevel.gfcc.mean": [-104.08369445800781, 18.30301856994629, -143.6125946044922, -2.7122597694396973, -97.58822631835938, 12.011279106140137, -55.920196533203125, -18.556066513061523, -44.95973205566406, -4.481322288513184, -11.05053997039795, 24.50435447692871, 3.612656354904175], "lowlevel.melbands.mean": [6.648988915003429e-07, 2.116671112162294e-06, 1.3044988918409217e-05, 2.6562724087852985e-05, 0.0006785691366530955, 0.001750427414663136, 5.922083801124245e-05, 9.90489024843555e-06, 1.206636898132274e-05, 8.378985512536019e-06, 8.12475809652824e-06, 0.00017066010332200676, 0.0003818996192421764, 7.5400175774120726e-06, 5.170260010345373e-06, 5.404390776675427e-06, 1.4724103493790608e-05, 1.7032620235113427e-05, 4.4351268115860876e-06, 3.0120766041363822e-06, 2.6641571366781136e-06, 2.7857120130647672e-06, 2.3763439003232634e-06, 2.3888230771262897e-06, 2.612139041957562e-06, 2.3782645257597324e-06, 2.0223824321874417e-06, 1.2943160072609317e-06, 1.5663164276702446e-06, 2.918387963291025e-06, 1.627441179152811e-06, 1.426778908353299e-06, 2.1203704818617553e-06, 2.4775386009423528e-06, 2.1566750092461007e-06, 1.1355051583450404e-06, 5.675142915606557e-07, 6.814480002503842e-07, 4.5146603611101455e-07, 2.9166380954848137e-07], "lowlevel.melbands.stdev": [2.132857616743422e-06, 7.607965017086826e-06, 3.8527639844687656e-05, 8.355967293027788e-05, 0.0017599922139197588, 0.004557743202894926, 0.00013474606384988874, 4.1616629459895194e-05, 5.0920829380629584e-05, 2.088975270453375e-05, 1.753437209117692e-05, 0.00030708019039593637, 0.0006554272840730846, 1.6839620002429e-05, 8.821489245747216e-06, 1.0319806278857868e-05, 2.2412838006857783e-05, 3.0159710149746388e-05, 1.223815434059361e-05, 9.678021342551801e-06, 8.817773050395772e-06, 9.246255103789736e-06, 5.275093826639932e-06, 5.59990803594701e-06, 6.175176167744212e-06, 7.2763195930747315e-06, 4.765788162330864e-06, 3.1428492093255045e-06, 2.8306158128543757e-06, 4.9408504310122225e-06, 2.9417908535833703e-06, 2.7383809992898023e-06, 3.4677166240726365e-06, 4.325087957113283e-06, 3.3223393529624445e-06, 2.36936284636613e-06, 9.731719501360203e-07, 1.2223309795444948e-06, 7.525567866650817e-07, 4.974019702785881e-07], "lowlevel.melbands128.mean": [3.939217663173622e-07, 6.383965569511929e-07, 7.66922312323004e-07, 7.417553433697321e-07, 1.1367328625055961e-06, 3.084982154177851e-06, 7.891319000918884e-06, 1.5832580174901523e-05, 2.1160592950764112e-05, 2.283981848449912e-05, 2.7744217732106335e-05, 5.653178959619254e-05, 0.00017023482359945774, 0.0021686023101210594, 0.0031945938244462013, 0.0005624483455903828, 3.412352452869527e-05, 1.55044599523535e-05, 7.277249551407294e-06, 5.900310497963801e-06, 1.211244580190396e-05, 1.89962302101776e-05, 1.0499792551854625e-05, 7.6008263931726106e-06, 9.554555617796723e-06, 7.889140761108138e-06, 7.463028850906994e-06, 6.8952458605053835e-06, 9.478350875724573e-06, 1.3751237020187546e-05, 6.61988669889979e-05, 0.0007811847608536482, 0.0005213714321143925, 4.114975672564469e-05, 4.754873316414887e-06, 2.879676230804762e-06, 3.5232544632890495e-06, 4.782734777108999e-06, 6.754129572072998e-06, 6.068357379263034e-06, 4.555537998385262e-06, 5.202768988965545e-06, 7.717086191405542e-06, 2.447907900204882e-05, 2.898031016229652e-05, 1.4151270988804754e-05, 5.811481514683692e-06, 3.0768073884246405e-06, 4.8562983465672005e-06, 4.2970959839294665e-06, 2.2907377115188865e-06, 2.2298918338492513e-06, 2.617408654259634e-06, 2.9587606604764005e-06, 2.545571987866424e-06, 3.035307145182742e-06, 2.6787217848323053e-06, 2.44586249209533e-06, 2.3140337361837737e-06, 2.0664795101765776e-06, 2.4271878373838263e-06, 2.6190948574367212e-06, 2.450541614962276e-06, 2.6638399504008703e-06, 2.8215392831043573e-06, 2.243799372081412e-06, 2.2697061012877384e-06, 2.151566377506242e-06, 2.1097173430462135e-06, 1.6537720739506767e-06, 1.186044528367347e-06, 1.100652866625751e-06, 1.350982870462758e-06, 1.4470882661044016e-06, 1.9819885892502498e-06, 3.2141974770638626e-06, 3.6825611005042447e-06, 1.762267856975086e-06, 1.4784545783186331e-06, 1.1094773526565405e-06, 1.2257537491677795e-06, 1.579806735207967e-06, 1.8966544530485407e-06, 2.2589183572563343e-06, 2.111556568706874e-06, 2.568476929809549e-06, 2.4552612103434512e-06, 2.6214315766992513e-06, 2.332687245143461e-06, 1.7033567019097973e-06, 1.4360987279360415e-06, 9.589529099685024e-07, 6.37186474250484e-07, 4.4859891090709425e-07, 5.542388521462271e-07, 8.412913530264632e-07, 6.356903554660676e-07, 5.859965312993154e-07, 4.4960577838537574e-07, 4.3063457155767537e-07, 3.158871777486638e-07, 2.8743224333993567e-07, 2.2292122991984797e-07, 2.0324719685049786e-07, 2.930181892679684e-07, 3.4850674524022907e-07, 1.7579618827312515e-07, 1.8633056697581196e-07, 1.8410057123219303e-07, 1.5519650276019092e-07, 1.6581462602971442e-07, 1.5460028635061462e-07, 1.4006481308115326e-07, 1.0796208727015255e-07, 1.2155744855135708e-07, 7.541044766412597e-08, 2.2802321808512716e-08, 2.706141977171228e-10, 2.6930803507380086e-12, 2.0612721599033712e-12, 1.8281333478281647e-12, 1.7458034800785227e-12, 1.7163771489150936e-12, 1.6820621501559274e-12, 1.6268193389623598e-12, 1.5568250898503888e-12, 1.5146464811544025e-12, 1.502172409899305e-12], "lowlevel.melbands128.stdev": [1.050941364155733e-06, 2.070454456770676e-06, 2.680893658180139e-06, 2.61531863543496e-06, 4.450833330338355e-06, 1.347431225440232e-05, 3.0488652555504814e-05, 6.028410643921234e-05, 6.0036167269572616e-05, 7.667700265301391e-05, 0.00012476276606321335, 0.0002642204926814884, 0.0005954611115157604, 0.005780910607427359, 0.008450902067124844, 0.001452507684007287, 9.898909775074571e-05, 4.367312794784084e-05, 2.3058339138515294e-05, 2.1587478840956464e-05, 6.922662578290328e-05, 0.00012337019143160433, 4.5759872591588646e-05, 2.038548882410396e-05, 2.7551952371140942e-05, 2.4808601665426977e-05, 2.7588359444052912e-05, 1.6059111658250913e-05, 2.302830762346275e-05, 4.396794975036755e-05, 0.00013439897156786174, 0.001464005676098168, 0.0009040163713507354, 9.189994307234883e-05, 1.6239977412624285e-05, 7.489063136745244e-06, 8.76337981026154e-06, 8.661657375341747e-06, 1.34274141601054e-05, 1.5983338016667403e-05, 1.0501406904950272e-05, 1.2150999282312114e-05, 1.671422432991676e-05, 4.4504067773232237e-05, 5.028013765695505e-05, 3.82723483198788e-05, 2.5688425012049265e-05, 7.661711606488097e-06, 2.0577561372192577e-05, 1.7290030882577412e-05, 9.479535947320983e-06, 9.525294444756582e-06, 7.822301995474845e-06, 1.1677010661514942e-05, 7.638036549906246e-06, 1.3337311429495458e-05, 7.747476047370583e-06, 6.155720257083885e-06, 5.398829216574086e-06, 4.738624738820363e-06, 7.549331257905578e-06, 6.613327059312724e-06, 6.86229986968101e-06, 5.924972811044427e-06, 8.96886831469601e-06, 7.285638730536448e-06, 8.873326805769466e-06, 5.930759471084457e-06, 5.446687737276079e-06, 3.946875949623063e-06, 3.4314894037379418e-06, 3.303176299596089e-06, 3.0089593110460555e-06, 2.931300969066797e-06, 4.134890787099721e-06, 6.1796436057193205e-06, 6.508395017590374e-06, 3.4142765343858628e-06, 3.0207261261239182e-06, 2.4194509933295194e-06, 2.543042000979767e-06, 3.4697523005888797e-06, 3.7083038932905765e-06, 3.958924935432151e-06, 3.4656784464459633e-06, 5.950235845375573e-06, 4.714883743872633e-06, 3.838260454358533e-06, 3.6784058465855196e-06, 4.1889761632774025e-06, 3.849067070404999e-06, 2.014842038988718e-06, 1.2308298664720496e-06, 8.811084057924745e-07, 1.0557208725003875e-06, 1.7523623228044016e-06, 1.21313701129111e-06, 1.0544600854700548e-06, 8.23261814275611e-07, 8.318098707604804e-07, 6.215555004018825e-07, 5.716277087230992e-07, 4.1338913092658913e-07, 3.3345727956657356e-07, 6.68388452140789e-07, 7.073912797750381e-07, 2.803064944600919e-07, 3.8332376561811543e-07, 3.4889532685156155e-07, 2.8759851034010353e-07, 3.4361042366981565e-07, 2.894823012411507e-07, 2.65868749238507e-07, 2.0998767524815776e-07, 2.373288907620008e-07, 1.7464971335812152e-07, 6.590512668935844e-08, 2.0177521875552884e-09, 9.220656356501156e-12, 4.89505311285221e-12, 3.3975164261818014e-12, 3.2444450771829114e-12, 3.1845734816543514e-12, 3.1326740247000773e-12, 3.0897109957322977e-12, 3.0539553091263327e-12, 3.0284390446777554e-12, 3.012761914944484e-12], "lowlevel.mfcc.mean": [-743.7599487304688, 58.66460418701172, -8.511404991149902, -16.721158981323242, -23.317502975463867, 3.6545045375823975, -15.263415336608887, -8.012391090393066, -26.626094818115234, -24.636722564697266, -24.78312873840332, -19.292518615722656, -3.6645896434783936], "lowlevel.spectral_contrast_coeffs.mean": [-0.5966470837593079, -0.7114043831825256, -0.691143274307251, -0.810653030872345, -0.8290826082229614, -0.7515460252761841], "lowlevel.spectral_contrast_coeffs.stdev": [0.10805221647024155, 0.11974336206912994, 0.09560762345790863, 0.04614781215786934, 0.032718706876039505, 0.051602400839328766], "lowlevel.spectral_contrast_valleys.mean": [-9.604423522949219, -8.262184143066406, -8.370532989501953, -8.475760459899902, -8.393867492675781, -10.554200172424316], "lowlevel.spectral_contrast_valleys.stdev": [0.7933650612831116, 0.8781613111495972, 0.8379620909690857, 0.8140212893486023, 0.8928671479225159, 0.8637818694114685], "rhythm.beats_loudness_band_ratio.mean": [0.0088474927470088, 0.5413551330566406, 0.015262634493410587, 0.374232679605484, 0.03754385933279991, 0.03245529159903526], "rhythm.beats_loudness_band_ratio.stdev": [0.029595695436000824, 0.38163965940475464, 0.03296692669391632, 0.3796986937522888, 0.051448751240968704, 0.03605535998940468], "tonal.hpcp.mean": [0.02122322842478752, 0.025148963555693626, 0.04789047688245773, 0.320576012134552, 0.4932795763015747, 0.2689835727214813, 0.09486843645572662, 0.05053585395216942, 0.02626529522240162, 0.01841878518462181, 0.024434199556708336, 0.02809034287929535, 0.023028284311294556, 0.022025056183338165, 0.024599457159638405, 0.02957764081656933, 0.029475785791873932, 0.026107890531420708, 0.04098878800868988, 0.08923093974590302, 0.29903513193130493, 0.5633252859115601, 0.3840232491493225, 0.0939236506819725, 0.04975566267967224, 0.02662814036011696, 0.03870009258389473, 0.04669769108295441, 0.036682579666376114, 0.03797442838549614, 0.06564125418663025, 0.08164288848638535, 0.06258337944746017, 0.04505984112620354, 0.034322019666433334, 0.022849787026643753], "tonal.hpcp.stdev": [0.04404277727007866, 0.06223340332508087, 0.1099703386425972, 0.2926228642463684, 0.4088517725467682, 0.26380470395088196, 0.16909441351890564, 0.1165088340640068, 0.09300903230905533, 0.04660431295633316, 0.07980263233184814, 0.08863722532987595, 0.06117275357246399, 0.06677161157131195, 0.07719152420759201, 0.08159888535737991, 0.07833188772201538, 0.060708027333021164, 0.11497613042593002, 0.20495623350143433, 0.3311784267425537, 0.4286911189556122, 0.37185707688331604, 0.2174208015203476, 0.14365574717521667, 0.0664345771074295, 0.11818994581699371, 0.1473696380853653, 0.08836187422275543, 0.08569349348545074, 0.12054279446601868, 0.16141173243522644, 0.1316923201084137, 0.08912822604179382, 0.07049179822206497, 0.04873375967144966], "rhythm.beats_position": [0.40634921193122864, 0.8126984238624573, 1.195827603340149, 1.5789568424224854, 1.9504761695861816, 2.321995496749878, 2.693514585494995, 3.0650339126586914, 3.4365532398223877, 3.808072566986084, 4.2028117179870605, 4.574330806732178, 4.945850372314453, 5.31736946105957, 5.6888885498046875, 6.072018146514893, 6.4551472663879395, 6.826666355133057, 7.198185920715332, 7.569705009460449, 7.941224575042725, 8.324353218078613, 8.707483291625977, 9.079002380371094, 9.450521469116211, 9.822040557861328, 10.193559646606445, 10.565078735351562, 10.959818840026855, 11.331337928771973, 11.70285701751709], "rhythm.bpm_histogram": [0.0, 0.0, 0.0, 0.0, 0.0, 0.0, 0.0, 0.0, 0.0, 0.0, 0.0, 0.0, 0.0, 0.0, 0.0, 0.0, 0.0, 0.0, 0.0, 0.0, 0.0, 0.0, 0.0, 0.0, 0.0, 0.0, 0.0, 0.0, 0.0, 0.0, 0.0, 0.0, 0.0, 0.0, 0.0, 0.0, 0.0, 0.0, 0.0, 0.0, 0.0, 0.0, 0.0, 0.0, 0.0, 0.0, 0.0, 0.0, 0.0, 0.0, 0.0, 0.0, 0.0, 0.0, 0.0, 0.0, 0.0, 0.0, 0.0, 0.0, 0.0, 0.0, 0.0, 0.0, 0.0, 0.0, 0.0, 0.0, 0.0, 0.0, 0.0, 0.0, 0.0, 0.0, 0.0, 0.0, 0.0, 0.0, 0.0, 0.0, 0.0, 0.0, 0.0, 0.0, 0.0, 0.0, 0.0, 0.0, 0.0, 0.0, 0.0, 0.0, 0.0, 0.0, 0.0, 0.0, 0.0, 0.0, 0.0, 0.0, 0.0, 0.0, 0.0, 0.0, 0.0, 0.0, 0.0, 0.0, 0.0, 0.0, 0.0, 0.0, 0.0, 0.0, 0.0, 0.0, 0.0, 0.0, 0.0, 0.0, 0.0, 0.0, 0.0, 0.0, 0.0, 0.0, 0.0, 0.0, 0.0, 0.0, 0.0, 0.0, 0.0, 0.0, 0.0, 0.0, 0.0, 0.0, 0.0, 0.0, 0.0, 0.0, 0.0, 0.0, 0.0, 0.0, 0.0, 0.0, 0.03333333507180214, 0.0, 0.0, 0.0, 0.06666667014360428, 0.0, 0.0, 0.0, 0.0, 0.20000000298023224, 0.0, 0.0, 0.0, 0.699999988079071, 0.0, 0.0, 0.0, 0.0, 0.0, 0.0, 0.0, 0.0, 0.0, 0.0, 0.0, 0.0, 0.0, 0.0, 0.0, 0.0, 0.0, 0.0, 0.0, 0.0, 0.0, 0.0, 0.0, 0.0, 0.0, 0.0, 0.0, 0.0, 0.0, 0.0, 0.0, 0.0, 0.0, 0.0, 0.0, 0.0, 0.0, 0.0, 0.0, 0.0, 0.0, 0.0, 0.0, 0.0, 0.0, 0.0, 0.0, 0.0, 0.0, 0.0, 0.0, 0.0, 0.0, 0.0, 0.0, 0.0, 0.0, 0.0, 0.0, 0.0, 0.0, 0.0, 0.0, 0.0, 0.0, 0.0, 0.0, 0.0, 0.0, 0.0, 0.0, 0.0, 0.0, 0.0, 0.0, 0.0, 0.0, 0.0, 0.0, 0.0, 0.0, 0.0, 0.0, 0.0, 0.0, 0.0, 0.0, 0.0], "tonal.chords_histogram": [60.45627212524414, 0.0, 0.0, 0.0, 0.0, 0.0, 0.0, 0.0, 0.0, 0.0, 0.0, 0.0, 0.0, 0.0, 3.04182505607605, 0.0, 0.0, 36.50189971923828, 0.0, 0.0, 0.0, 0.0, 0.0, 0.0], "tonal.thpcp": [1.0, 0.6817077994346619, 0.16673076152801514, 0.08832492679357529, 0.047269564121961594, 0.06869936734437943, 0.08289649337530136, 0.06511793285608292, 0.06741119176149368, 0.1165245994925499, 0.14493027329444885, 0.1110963448882103, 0.07998902350664139, 0.060927532613277435, 0.040562331676483154, 0.037674907594919205, 0.044643767178058624, 0.08501389622688293, 0.5690779685974121, 0.8756567239761353, 0.47749245166778564, 0.16840791702270508, 0.08970990031957626, 0.04662545025348663, 0.03269653394818306, 0.043374937027692795, 0.049865227192640305, 0.04087919369339943, 0.03909829258918762, 0.04366829991340637, 0.05250543728470802, 0.052324626594781876, 0.0463460311293602, 0.07276219874620438, 0.15840038657188416, 0.530839204788208], "lowlevel.gfcc.cov": [[5780.5283203125, -345.86309814453125, 171.4662628173828, 99.77287292480469, -134.4394073486328, -627.2692260742188, -295.10125732421875, 36.940128326416016, -74.0443344116211, 275.1593017578125, 59.25492477416992, 133.95321655273438, -88.8904037475586], [-345.86309814453125, 1056.0308837890625, -113.41344451904297, -77.05793762207031, -7.239376544952393, 26.978744506835938, -103.10134887695312, -82.00695037841797, 64.99931335449219, -170.66009521484375, 115.62263488769531, -127.24775695800781, 97.49217987060547], [171.4662628173828, -113.41344451904297, 714.9898071289062, 130.4148406982422, -143.41416931152344, -237.35406494140625, -193.7974090576172, -46.83261489868164, -5.193638801574707, 172.1571807861328, 23.929157257080078, 67.71028137207031, -45.55275344848633], [99.77287292480469, -77.05793762207031, 130.4148406982422, 379.8912048339844, -84.25313568115234, -170.3197021484375, -92.3259506225586, 20.271240234375, 55.783294677734375, 50.598445892333984, -27.123247146606445, -17.352615356445312, -44.15217971801758], [-134.4394073486328, -7.239376544952393, -143.41416931152344, -84.25313568115234, 359.38421630859375, 221.23048400878906, 160.31362915039062, 82.90962982177734, -39.709312438964844, -70.39494323730469, -118.04285430908203, -24.60814094543457, -62.993106842041016], [-627.2692260742188, 26.978744506835938, -237.35406494140625, -170.3197021484375, 221.23048400878906, 484.60858154296875, 268.1804504394531, 23.986669540405273, -65.32782745361328, -140.21841430664062, -51.938743591308594, -45.762901306152344, 23.564926147460938], [-295.10125732421875, -103.10134887695312, -193.7974090576172, -92.3259506225586, 160.31362915039062, 268.1804504394531, 319.17364501953125, 74.66124725341797, -38.05497360229492, -65.47679138183594, -72.81743621826172, -21.31593132019043, -35.224342346191406], [36.940128326416016, -82.00695037841797, -46.83261489868164, 20.271240234375, 82.90962982177734, 23.986669540405273, 74.66124725341797, 164.03616333007812, 36.2459831237793, -2.0834975242614746, -76.20719909667969, -33.084693908691406, -85.58964538574219], [-74.0443344116211, 64.99931335449219, -5.193638801574707, 55.783294677734375, -39.709312438964844, -65.32782745361328, -38.05497360229492, 36.2459831237793, 104.75817108154297, 19.301294326782227, -11.58641242980957, -16.311824798583984, -22.573917388916016], [275.1593017578125, -170.66009521484375, 172.1571807861328, 50.598445892333984, -70.39494323730469, -140.21841430664062, -65.47679138183594, -2.0834975242614746, 19.301294326782227, 153.42578125, 35.28056716918945, 48.10214614868164, -10.335806846618652], [59.25492477416992, 115.62263488769531, 23.929157257080078, -27.123247146606445, -118.04285430908203, -51.938743591308594, -72.81743621826172, -76.20719909667969, -11.58641242980957, 35.28056716918945, 182.64735412597656, 45.831722259521484, 125.92005157470703], [133.95321655273438, -127.24775695800781, 67.71028137207031, -17.352615356445312, -24.60814094543457, -45.762901306152344, -21.31593132019043, -33.084693908691406, -16.311824798583984, 48.10214614868164, 45.831722259521484, 108.01668548583984, 51.56205749511719], [-88.8904037475586, 97.49217987060547, -45.55275344848633, -44.15217971801758, -62.993106842041016, 23.564926147460938, -35.224342346191406, -85.58964538574219, -22.573917388916016, -10.335806846618652, 125.92005157470703, 51.56205749511719, 175.51942443847656]], "lowlevel.gfcc.icov": [[0.000234833438298665, -5.033721754443832e-05, 0.00016742393199820071, 1.2283866453799419e-05, -1.9901861378457397e-05, 0.0002870176103897393, 0.00011777357576647773, -0.00018663228547666222, 0.0005504668224602938, -0.0003527603403199464, -5.199709903536132e-06, -0.0002232670085504651, 0.00019972356676589698], [-5.033721754443832e-05, 0.002543690148741007, -0.0007733827806077898, 0.0006731725879944861, -0.0014277807204052806, 0.0009410622296854854, 3.617833135649562e-05, 0.0013209391618147492, -0.0029822110664099455, 0.003672963008284569, -0.00283570378087461, 0.0035574352368712425, -0.0006350823095999658], [0.00016742393199820071, -0.0007733827806077898, 0.0028040152974426746, -0.0006029828800819814, 0.0009001452126540244, -0.0005717130843549967, 0.0013776342384517193, -0.00019369491201359779, 0.0023692038375884295, -0.003389518242329359, 0.0010898405453190207, -0.0021730202715843916, 0.001633856212720275], [1.2283866453799419e-05, 0.0006731725879944861, -0.0006029828800819814, 0.003673213766887784, -8.252004772657529e-05, 0.0012960571330040693, -6.89119115122594e-05, 0.00012167732347734272, -0.0016568513819947839, 0.000826774281449616, 0.0002439863164909184, 0.0018895501270890236, -0.0006528344820253551], [-1.9901861378457397e-05, -0.0014277807204052806, 0.0009001452126540244, -8.252004772657529e-05, 0.00628334004431963, -0.0025855491403490305, 0.0004024232330266386, -0.0025207626167684793, 0.0032603696454316378, -0.002191022504121065, 0.004178151022642851, -0.003225533291697502, 0.0006899737636558712], [0.0002870176103897393, 0.0009410622296854854, -0.0005717130843549967, 0.0012960571330040693, -0.0025855491403490305, 0.007215580902993679, -0.00403296435251832, 0.001217732555232942, -0.0002180414885515347, 0.0035075414925813675, -0.001034068176522851, 0.003340967930853367, -0.002373059978708625], [0.00011777357576647773, 3.617833135649562e-05, 0.0013776342384517193, -6.89119115122594e-05, 0.0004024232330266386, -0.00403296435251832, 0.007993063889443874, -0.0024920660071074963, 0.001994070131331682, -0.001554856076836586, 0.0008117393590509892, -0.001892260042950511, 0.0015929511282593012], [-0.00018663228547666222, 0.0013209391618147492, -0.00019369491201359779, 0.00012167732347734272, -0.0025207626167684793, 0.001217732555232942, -0.0024920660071074963, 0.01154536847025156, -0.005504349712282419, 0.001386050134897232, -0.001433263998478651, 0.002731386572122574, 0.002813284518197179], [0.0005504668224602938, -0.0029822110664099455, 0.0023692038375884295, -0.0016568513819947839, 0.0032603696454316378, -0.0002180414885515347, 0.001994070131331682, -0.005504349712282419, 0.017869696021080017, -0.00654121208935976, 0.004365249536931515, -0.0031971237622201443, 0.0007694035884924233], [-0.0003527603403199464, 0.003672963008284569, -0.003389518242329359, 0.000826774281449616, -0.002191022504121065, 0.0035075414925813675, -0.001554856076836586, 0.001386050134897232, -0.00654121208935976, 0.018492477014660835, -0.007361038122326136, 0.0013887971872463822, 0.0013366910861805081], [-5.199709903536132e-06, -0.00283570378087461, 0.0010898405453190207, 0.0002439863164909184, 0.004178151022642851, -0.001034068176522851, 0.0008117393590509892, -0.001433263998478651, 0.004365249536931515, -0.007361038122326136, 0.017771661281585693, -0.0032131990883499384, -0.00865871924906969], [-0.0002232670085504651, 0.0035574352368712425, -0.0021730202715843916, 0.0018895501270890236, -0.003225533291697502, 0.003340967930853367, -0.001892260042950511, 0.002731386572122574, -0.0031971237622201443, 0.0013887971872463822, -0.0032131990883499384, 0.020011993125081062, -0.006734807509928942], [0.00019972356676589698, -0.0006350823095999658, 0.001633856212720275, -0.0006528344820253551, 0.0006899737636558712, -0.002373059978708625, 0.0015929511282593012, 0.002813284518197179, 0.0007694035884924233, 0.0013366910861805081, -0.00865871924906969, -0.006734807509928942, 0.01703689433634281]], "lowlevel.mfcc.cov": [[5319.404296875, -216.742919921875, -102.3261947631836, 395.81036376953125, -121.48621368408203, -410.9236145019531, -222.84413146972656, -264.829833984375, -136.82704162597656, -24.55015754699707, 30.8000431060791, 16.858182907104492, 7.100117206573486], [-216.742919921875, 816.2997436523438, -43.454280853271484, -131.93069458007812, 119.79037475585938, -16.730083465576172, -19.93367576599121, 23.748136520385742, -37.58979797363281, -16.708528518676758, -18.616405487060547, -4.45672607421875, -40.15385055541992], [-102.3261947631836, -43.454280853271484, 619.9620971679688, 159.0387725830078, -34.52540588378906, -88.92616271972656, -142.9375, -200.44093322753906, -121.55854797363281, -60.82284164428711, -44.33262634277344, 82.0809326171875, 5.773736953735352], [395.81036376953125, -131.93069458007812, 159.0387725830078, 400.29730224609375, -10.621211051940918, -125.50690460205078, -156.74513244628906, -81.28850555419922, -10.177813529968262, 13.802139282226562, 29.263076782226562, 23.980533599853516, -7.5468668937683105], [-121.48621368408203, 119.79037475585938, -34.52540588378906, -10.621211051940918, 206.05389404296875, 37.693267822265625, 24.414066314697266, 24.139205932617188, 18.23501205444336, -5.253011226654053, -21.417686462402344, -33.210411071777344, 0.4590871334075928], [-410.9236145019531, -16.730083465576172, -88.92616271972656, -125.50690460205078, 37.693267822265625, 260.0946960449219, 161.4640655517578, 104.77706909179688, 50.66468811035156, 2.698774814605713, -9.209041595458984, -41.760841369628906, -3.1441867351531982], [-222.84413146972656, -19.93367576599121, -142.9375, -156.74513244628906, 24.414066314697266, 161.4640655517578, 291.64349365234375, 112.51073455810547, 60.222476959228516, 21.601505279541016, -3.2648983001708984, -13.421104431152344, 20.650310516357422], [-264.829833984375, 23.748136520385742, -200.44093322753906, -81.28850555419922, 24.139205932617188, 104.77706909179688, 112.51073455810547, 234.09568786621094, 124.546875, 58.130088806152344, 58.00367736816406, -31.71122932434082, -22.24861717224121], [-136.82704162597656, -37.58979797363281, -121.55854797363281, -10.177813529968262, 18.23501205444336, 50.66468811035156, 60.222476959228516, 124.546875, 146.53872680664062, 67.47789764404297, 47.150875091552734, -18.444137573242188, -3.308936834335327], [-24.55015754699707, -16.708528518676758, -60.82284164428711, 13.802139282226562, -5.253011226654053, 2.698774814605713, 21.601505279541016, 58.130088806152344, 67.47789764404297, 112.41130065917969, 52.49571990966797, 9.877287864685059, -7.407290458679199], [30.8000431060791, -18.616405487060547, -44.33262634277344, 29.263076782226562, -21.417686462402344, -9.209041595458984, -3.2648983001708984, 58.00367736816406, 47.150875091552734, 52.49571990966797, 128.12339782714844, 24.643348693847656, -25.45231819152832], [16.858182907104492, -4.45672607421875, 82.0809326171875, 23.980533599853516, -33.210411071777344, -41.760841369628906, -13.421104431152344, -31.71122932434082, -18.444137573242188, 9.877287864685059, 24.643348693847656, 92.63847351074219, 14.637714385986328], [7.100117206573486, -40.15385055541992, 5.773736953735352, -7.5468668937683105, 0.4590871334075928, -3.1441867351531982, 20.650310516357422, -22.24861717224121, -3.308936834335327, -7.407290458679199, -25.45231819152832, 14.637714385986328, 76.86807250976562]], "lowlevel.mfcc.icov": [[0.00024618921452201903, 3.6093075323151425e-05, 0.00020774893346242607, -0.0002097082615364343, 7.137643115129322e-05, 0.00031620010850019753, -0.00012868263002019376, 0.0002449449384585023, 0.00015150150284171104, 3.93775844713673e-05, -9.926858911057934e-05, 0.00010733892122516409, 3.4901353501481935e-05], [3.6093075323151425e-05, 0.0016105095855891705, 8.881191024556756e-05, 0.0006564457435160875, -0.0010602199472486973, 0.0004376605502329767, 0.0003353100619278848, -0.0004801530158147216, 0.0007508746348321438, -0.00011750128760468215, 0.00023382874496746808, -0.0005167262279428542, 0.0008877346408553421], [0.00020774893346242607, 8.881191024556756e-05, 0.0029217402916401625, -0.0008633674588054419, 2.966414649563376e-05, -0.0004667184257414192, 0.0004670722992159426, 0.0016761177685111761, 0.00043703237315639853, 0.0005009694141335785, 0.000601876643486321, -0.0022020128089934587, 0.000749070371966809], [-0.0002097082615364343, 0.0006564457435160875, -0.0008633674588054419, 0.004140346311032772, -0.0007486257236450911, 0.0006716290954500437, 0.00147748994641006, 0.00033300212817266583, -0.0010132304159924388, -0.0004956311895512044, -0.0006931296666152775, 0.00012608504039235413, 0.00022013751731719822], [7.137643115129322e-05, -0.0010602199472486973, 2.966414649563376e-05, -0.0007486257236450911, 0.006041171960532665, -0.0005548714543692768, -0.0003750476462300867, 0.00020808324916288257, -0.0009542758925817907, 0.0003055632987525314, 0.000632448005490005, 0.0017509892350062728, -0.0006695996271446347], [0.00031620010850019753, 0.0004376605502329767, -0.0004667184257414192, 0.0006716290954500437, -0.0005548714543692768, 0.007538065779954195, -0.003142908215522766, -0.0015239862259477377, 1.3324271094461437e-05, 0.000769156904425472, 0.00013067740655969828, 0.002198330592364073, 0.0007146314019337296], [-0.00012868263002019376, 0.0003353100619278848, 0.0004670722992159426, 0.00147748994641006, -0.0003750476462300867, -0.003142908215522766, 0.006819854024797678, -0.0013868209207430482, -0.0002700857585296035, -0.0005979309207759798, 0.000793392478954047, -0.0017531565390527248, -0.0015355166979134083], [0.0002449449384585023, -0.0004801530158147216, 0.0016761177685111761, 0.00033300212817266583, 0.00020808324916288257, -0.0015239862259477377, -0.0013868209207430482, 0.011867686174809933, -0.006741199176758528, 0.00029507180443033576, -0.0024083454627543688, 0.0005267544183880091, 0.0022178026847541332], [0.00015150150284171104, 0.0007508746348321438, 0.00043703237315639853, -0.0010132304159924388, -0.0009542758925817907, 1.3324271094461437e-05, -0.0002700857585296035, -0.006741199176758528, 0.016592754051089287, -0.00569831021130085, -0.001209756825119257, 0.0017815545434132218, -0.0022010942921042442], [3.93775844713673e-05, -0.00011750128760468215, 0.0005009694141335785, -0.0004956311895512044, 0.0003055632987525314, 0.000769156904425472, -0.0005979309207759798, 0.00029507180443033576, -0.00569831021130085, 0.014218215830624104, -0.0030521098524332047, -0.001787817571312189, 0.0005790343275293708], [-9.926858911057934e-05, 0.00023382874496746808, 0.000601876643486321, -0.0006931296666152775, 0.000632448005490005, 0.00013067740655969828, 0.000793392478954047, -0.0024083454627543688, -0.001209756825119257, -0.0030521098524332047, 0.012829277664422989, -0.004693630617111921, 0.0039050059858709574], [0.00010733892122516409, -0.0005167262279428542, -0.0022020128089934587, 0.00012608504039235413, 0.0017509892350062728, 0.002198330592364073, -0.0017531565390527248, 0.0005267544183880091, 0.0017815545434132218, -0.001787817571312189, -0.004693630617111921, 0.01667509786784649, -0.004224267788231373], [3.4901353501481935e-05, 0.0008877346408553421, 0.000749070371966809, 0.00022013751731719822, -0.0006695996271446347, 0.0007146314019337296, -0.0015355166979134083, 0.0022178026847541332, -0.0022010942921042442, 0.0005790343275293708, 0.0039050059858709574, -0.004224267788231373, 0.01658128947019577]], "metadata.audio_properties.analysis.downmix": "mix", "metadata.audio_properties.codec": "mp3", "metadata.audio_properties.md5_encoded": "c44244f6c9023e31e8f17aa0e5440d42", "metadata.tags.file_name": "1183711535114227732.mp3", "metadata.version.essentia": "2.1-beta6-dev", "metadata.version.essentia_git_sha": "v2.1_beta5-1110-g77a6a954", "metadata.version.extractor": "music 2.0", "tonal.chords_key": "Eb", "tonal.chords_scale": "major", "tonal.key_edma.key": "Eb", "tonal.key_edma.scale": "major", "tonal.key_krumhansl.key": "Eb", "tonal.key_krumhansl.scale": "major", "tonal.key_temperley.key": "Eb", "tonal.key_temperley.scale": "major", "metadata.tags.encoding": ["Lavf58.45.100"]}, "essentia_models": [{"model_name": "genre_dortmund", "activations": {"alternative": "0.029000517", "blues": "0.0018196576", "electronic": "0.89234674", "folkcountry": "0.00458444", "funksoulrnb": "0.022904113", "jazz": "0.066641174", "pop": "0.078650326", "raphiphop": "0.013260575", "rock": "0.012840298"}}, {"model_name": "genre_rosamerica", "activations": {"classic": "0.024558421", "dance": "0.45882928", "hip hop": "0.021782795", "jazz": "0.052212898", "pop": "0.07675538", "rhythm and blues": "0.050234657", "rock": "0.03393913", "speech": "0.044492006"}}, {"model_name": "genre_tzanetakis", "activations": {"blues": "0.0019213841", "classic": "0.015500947", "country":