{"song_id": "1183694538863292416", "download": "https://cdn.discordapp.com/attachments/1135911532732108921/1183694538863292416/chirp.mp4?ex=65894472&amp", "lyrics": "-", "style": ["random"], "essentia_features": {"lowlevel.average_loudness": 0.6890079975128174, "lowlevel.barkbands_crest.mean": 14.696807861328125, "lowlevel.barkbands_crest.stdev": 3.034787893295288, "lowlevel.barkbands_flatness_db.mean": 0.36707180738449097, "lowlevel.barkbands_flatness_db.stdev": 0.14503194391727448, "lowlevel.barkbands_kurtosis.mean": 44.81365966796875, "lowlevel.barkbands_kurtosis.stdev": 68.32815551757812, "lowlevel.barkbands_skewness.mean": 4.169449806213379, "lowlevel.barkbands_skewness.stdev": 2.728839874267578, "lowlevel.barkbands_spread.mean": 6.524098873138428, "lowlevel.barkbands_spread.stdev": 7.181331634521484, "lowlevel.dissonance.mean": 0.42960503697395325, "lowlevel.dissonance.stdev": 0.04857275262475014, "lowlevel.dynamic_complexity": 8.787952423095703, "lowlevel.erbbands_crest.mean": 14.388574600219727, "lowlevel.erbbands_crest.stdev": 6.0169453620910645, "lowlevel.erbbands_flatness_db.mean": 0.21909122169017792, "lowlevel.erbbands_flatness_db.stdev": 0.03776537626981735, "lowlevel.erbbands_kurtosis.mean": 13.551717758178711, "lowlevel.erbbands_kurtosis.stdev": 41.701202392578125, "lowlevel.erbbands_skewness.mean": 0.9582131505012512, "lowlevel.erbbands_skewness.stdev": 3.3006203174591064, "lowlevel.erbbands_spread.mean": 27.740978240966797, "lowlevel.erbbands_spread.stdev": 16.561033248901367, "lowlevel.hfc.mean": 20.099224090576172, "lowlevel.hfc.stdev": 18.029111862182617, "lowlevel.loudness_ebu128.integrated": -23.49366569519043, "lowlevel.loudness_ebu128.loudness_range": 6.900318145751953, "lowlevel.loudness_ebu128.momentary.mean": -30.541805267333984, "lowlevel.loudness_ebu128.momentary.stdev": 12.951263427734375, "lowlevel.loudness_ebu128.short_term.mean": -27.38511085510254, "lowlevel.loudness_ebu128.short_term.stdev": 8.459141731262207, "lowlevel.melbands_crest.mean": 30.79829216003418, "lowlevel.melbands_crest.stdev": 8.531625747680664, "lowlevel.melbands_flatness_db.mean": 0.4694063365459442, "lowlevel.melbands_flatness_db.stdev": 0.15689100325107574, "lowlevel.melbands_kurtosis.mean": 1619.9326171875, "lowlevel.melbands_kurtosis.stdev": 5402.10400390625, "lowlevel.melbands_skewness.mean": 13.388008117675781, "lowlevel.melbands_skewness.stdev": 20.62032699584961, "lowlevel.melbands_spread.mean": 5.840898036956787, "lowlevel.melbands_spread.stdev": 7.311389446258545, "lowlevel.pitch_salience.mean": 0.2029699832201004, "lowlevel.pitch_salience.stdev": 0.15401127934455872, "lowlevel.silence_rate_20dB.mean": 0.7443946003913879, "lowlevel.silence_rate_20dB.stdev": 0.4362022876739502, "lowlevel.silence_rate_30dB.mean": 0.4360986649990082, "lowlevel.silence_rate_30dB.stdev": 0.4958994686603546, "lowlevel.silence_rate_60dB.mean": 0.18273542821407318, "lowlevel.silence_rate_60dB.stdev": 0.3864496350288391, "lowlevel.spectral_centroid.mean": 990.26904296875, "lowlevel.spectral_centroid.stdev": 651.3764038085938, "lowlevel.spectral_complexity.mean": 10.374439239501953, "lowlevel.spectral_complexity.stdev": 6.627070903778076, "lowlevel.spectral_decrease.mean": -4.934374331355684e-08, "lowlevel.spectral_decrease.stdev": 4.9707626459394305e-08, "lowlevel.spectral_energy.mean": 0.18805760145187378, "lowlevel.spectral_energy.stdev": 0.18869340419769287, "lowlevel.spectral_energyband_high.mean": 8.3069724496454e-05, "lowlevel.spectral_energyband_high.stdev": 0.0001122878456953913, "lowlevel.spectral_energyband_low.mean": 0.1635439097881317, "lowlevel.spectral_energyband_low.stdev": 0.17644938826560974, "lowlevel.spectral_energyband_middle_high.mean": 0.005582824815064669, "lowlevel.spectral_energyband_middle_high.stdev": 0.004771148320287466, "lowlevel.spectral_energyband_middle_low.mean": 0.010921045206487179, "lowlevel.spectral_energyband_middle_low.stdev": 0.01884511299431324, "lowlevel.spectral_entropy.mean": 6.473992824554443, "lowlevel.spectral_entropy.stdev": 0.4796183109283447, "lowlevel.spectral_flux.mean": 0.112631656229496, "lowlevel.spectral_flux.stdev": 0.09346127510070801, "lowlevel.spectral_kurtosis.mean": 10.043865203857422, "lowlevel.spectral_kurtosis.stdev": 7.367429256439209, "lowlevel.spectral_rms.mean": 0.011320697143673897, "lowlevel.spectral_rms.stdev": 0.0074372305534780025, "lowlevel.spectral_rolloff.mean": 255.49945068359375, "lowlevel.spectral_rolloff.stdev": 662.0973510742188, "lowlevel.spectral_skewness.mean": 2.1729071140289307, "lowlevel.spectral_skewness.stdev": 0.7310086488723755, "lowlevel.spectral_spread.mean": 3644742.25, "lowlevel.spectral_spread.stdev": 2519350.75, "lowlevel.spectral_strongpeak.mean": 0.4439653754234314, "lowlevel.spectral_strongpeak.stdev": 0.45169997215270996, "lowlevel.zerocrossingrate.mean": 0.013127759099006653, "lowlevel.zerocrossingrate.stdev": 0.02587932161986828, "metadata.audio_properties.analysis.equal_loudness": 0.0, "metadata.audio_properties.analysis.length": 20.671995162963867, "metadata.audio_properties.analysis.sample_rate": 44100.0, "metadata.audio_properties.analysis.start_time": 0.0, "metadata.audio_properties.bit_rate": 108125.0, "metadata.audio_properties.length": 20.672000885009766, "metadata.audio_properties.lossless": 0.0, "metadata.audio_properties.number_channels": 1.0, "metadata.audio_properties.replay_gain": 0.7935047149658203, "metadata.audio_properties.sample_rate": 48000.0, "rhythm.beats_count": 39.0, "rhythm.beats_loudness.mean": 0.19857695698738098, "rhythm.beats_loudness.stdev": 0.198130801320076, "rhythm.bpm": 114.70708465576172, "rhythm.bpm_histogram_first_peak_bpm": 115.0, "rhythm.bpm_histogram_first_peak_weight": 0.3571428060531616, "rhythm.bpm_histogram_second_peak_bpm": 136.0, "rhythm.bpm_histogram_second_peak_spread": 0.1111111044883728, "rhythm.bpm_histogram_second_peak_weight": 0.21052631735801697, "rhythm.danceability": 0.8535889387130737, "rhythm.onset_rate": 0.6283538341522217, "tonal.chords_changes_rate": 0.031319908797740936, "tonal.chords_number_rate": 0.017897091805934906, "tonal.chords_strength.mean": 0.4814603328704834, "tonal.chords_strength.stdev": 0.0710969939827919, "tonal.hpcp_crest.mean": 20.111974716186523, "tonal.hpcp_crest.stdev": 9.03438949584961, "tonal.hpcp_entropy.mean": 1.1860626935958862, "tonal.hpcp_entropy.stdev": 0.6763916611671448, "tonal.key_edma.strength": 0.6513499617576599, "tonal.key_krumhansl.strength": 0.6475419998168945, "tonal.key_temperley.strength": 0.6282538175582886, "tonal.tuning_diatonic_strength": 0.514158308506012, "tonal.tuning_equal_tempered_deviation": 0.23116740584373474, "tonal.tuning_frequency": 434.193115234375, "tonal.tuning_nontempered_energy_ratio": 0.9875133633613586, "lowlevel.barkbands.mean": [0.0623488612473011, 0.10353616625070572, 0.00563771091401577, 0.0018147408263757825, 0.0021840764675289392, 0.002659066580235958, 0.00041066063567996025, 0.0033060135319828987, 0.00043893177644349635, 0.00020901836978737265, 0.0025773714296519756, 0.00041580660035833716, 0.0008319527842104435, 0.0005271846894174814, 6.329940515570343e-05, 0.0002705987135414034, 0.0002310192649019882, 0.0001435591111658141, 0.00036015466321259737, 5.645760029437952e-05, 1.7367350665153936e-05, 8.674051969137508e-06, 4.242616341798566e-06, 2.708510010052123e-06, 1.479944444326975e-06, 7.235009320538666e-07, 2.364932960574606e-08], "lowlevel.barkbands.stdev": [0.07285765558481216, 0.1215893104672432, 0.012731440365314484, 0.003994759637862444, 0.003043553326278925, 0.008600853383541107, 0.0007281393045559525, 0.0055531044490635395, 0.002724200487136841, 0.00032488899887539446, 0.002620662795379758, 0.0015490635996684432, 0.0009697378263808787, 0.000701115292031318, 0.00020212831441313028, 0.00041694080573506653, 0.0003773784264922142, 0.0001778944570105523, 0.00039375002961605787, 7.051187276374549e-05, 2.896523437811993e-05, 1.4726129847986158e-05, 1.405503189744195e-05, 1.7227159332833253e-05, 9.074205081560649e-06, 8.504078436999407e-07, 3.843163938199723e-07], "lowlevel.erbbands.mean": [5.548316478729248, 13.466583251953125, 11.21485710144043, 5.3477044105529785, 6.35087776184082, 7.664063930511475, 9.270485877990723, 32.192691802978516, 7.296753406524658, 58.00198745727539, 30.001358032226562, 13.624184608459473, 7.928647041320801, 9.936686515808105, 128.1110076904297, 32.01040267944336, 39.639095306396484, 29.383005142211914, 8.234452247619629, 8.375188827514648, 14.969374656677246, 7.712586879730225, 4.816211700439453, 32.3322868347168, 2.5584211349487305, 2.768967628479004, 1.3651282787322998, 0.5194122195243835, 0.30073457956314087, 0.25921356678009033, 0.14775261282920837, 0.06693261861801147, 0.03637165203690529, 0.022328073158860207, 0.00859338790178299, 0.005101259332150221, 0.0009606305975466967, 7.806460780557245e-05, 8.725676161702722e-05, 0.00020414577738847584], "lowlevel.erbbands.stdev": [7.1555376052856445, 16.787439346313477, 22.13579750061035, 10.398148536682129, 12.91042709350586, 12.542924880981445, 18.2373046875, 107.01634979248047, 14.54053783416748, 90.5568618774414, 68.41373443603516, 80.3242416381836, 18.840238571166992, 13.950693130493164, 129.9666290283203, 78.2068862915039, 44.69850540161133, 37.09519958496094, 12.055013656616211, 12.679449081420898, 21.45872688293457, 13.37519359588623, 5.930880546569824, 34.94977569580078, 4.501468181610107, 3.4287774562835693, 1.7526185512542725, 0.8244317173957825, 0.5915929675102234, 0.4733915627002716, 0.41421109437942505, 0.3836726248264313, 0.2591111660003662, 0.1552657037973404, 0.03247828036546707, 0.005748717114329338, 0.001316178240813315, 0.0007059071213006973, 9.299281373387203e-05, 0.0002036846854025498], "lowlevel.gfcc.mean": [-133.99229431152344, 134.83065795898438, -97.72164916992188, 37.504730224609375, -8.495821952819824, 24.47947120666504, -2.0022294521331787, 12.771564483642578, -7.1709303855896, 7.978452205657959, 14.010361671447754, 5.701512336730957, -4.012882232666016], "lowlevel.melbands.mean": [0.04273773729801178, 0.009448402561247349, 0.0010028282413259149, 0.0004465747333597392, 0.00039167411159723997, 0.0006261945818550885, 8.642674947623163e-05, 0.0007271532667800784, 0.00017996344831772149, 8.37205006973818e-05, 3.6112363886786625e-05, 1.8064611140289344e-05, 0.00034350468195043504, 0.00017335549637209624, 9.594057337380946e-05, 4.72574720333796e-05, 6.231866427697241e-05, 1.4308837307908107e-05, 3.837390522676287e-06, 2.4237848265329376e-05, 1.7280033716815524e-05, 1.098251323128352e-05, 1.8362435412200284e-06, 9.508846233075019e-06, 2.999611388077028e-05, 8.734614880268055e-07, 6.380868171618204e-07, 2.370490392422653e-06, 1.1235698593736743e-06, 4.642308795155259e-07, 2.743119580372877e-07, 1.7302430421750614e-07, 1.5330637381794077e-07, 1.1563105317691225e-07, 8.088621683555175e-08, 6.31117629268374e-08, 3.6518443380373355e-08, 2.3632440004917044e-08, 2.772771523495976e-08, 1.6687247139657302e-08], "lowlevel.melbands.stdev": [0.05086122825741768, 0.013977386988699436, 0.0018443191656842828, 0.0006999442703090608, 0.0007030137348920107, 0.0020582915749400854, 0.00017890770686790347, 0.0011440864764153957, 0.00045477718231268227, 0.0005270413821563125, 7.639179966645315e-05, 4.751697997562587e-05, 0.00034895437420345843, 0.00024327922437805682, 0.00012484593025874346, 5.446214709081687e-05, 8.340430213138461e-05, 1.997996514546685e-05, 1.2926892850373406e-05, 3.511563772917725e-05, 2.7330674129188992e-05, 1.975533814402297e-05, 3.791098606598098e-06, 1.0431347618578002e-05, 3.260242738178931e-05, 4.03155354433693e-06, 1.777118654899823e-06, 2.9656998776772525e-06, 1.4360169870997197e-06, 8.279580470116343e-07, 4.4142151978121547e-07, 3.466844020749704e-07, 2.7448999162515975e-07, 2.457928474086657e-07, 2.330462649524634e-07, 2.3516618341545836e-07, 2.4162389422599517e-07, 1.9500841119679535e-07, 1.528509585568827e-07, 1.2369270052658976e-07], "lowlevel.melbands128.mean": [0.05360490083694458, 0.05823446810245514, 0.03454384207725525, 0.02001923881471157, 0.008189543150365353, 0.002192870480939746, 0.0009055264526978135, 0.0009896159172058105, 0.0006443402962759137, 0.00023213868553284556, 0.0004522542585618794, 0.0005506854504346848, 0.00015757176151964813, 0.00040244439151138067, 0.0011600316502153873, 0.0004070515569765121, 7.013391586951911e-05, 4.0218597860075533e-05, 5.5936514399945736e-05, 0.0007477939361706376, 0.0012132525444030762, 0.00022570937289856374, 8.776406320976093e-05, 1.594464629306458e-05, 8.667581278132275e-05, 0.00013149935693945736, 2.3067472284310497e-05, 4.46929334430024e-05, 1.5642523067072034e-05, 2.9206436011008918e-05, 1.4254387679102365e-05, 6.771658263460267e-06, 0.00022840251040179282, 0.000933868286665529, 8.062770939432085e-05, 5.0015765737043694e-05, 4.530256046564318e-05, 3.2215757528319955e-05, 0.00024326950369868428, 4.986001658835448e-05, 1.111106848838972e-05, 3.107236125288182e-06, 6.987585948081687e-05, 0.00010964459943352267, 3.4836414215533296e-06, 6.8541380642273e-06, 6.42544773654663e-06, 4.693941264122259e-06, 2.117846861438011e-06, 2.1437035684357397e-06, 4.743100726045668e-05, 2.2976111722528003e-05, 2.3805582713976037e-06, 2.3877442799857818e-05, 2.8869368179584853e-05, 3.9755968828103505e-06, 2.1777475467388285e-06, 3.3505034480185714e-06, 7.151883778533374e-07, 1.2623954717128072e-06, 1.269627205147117e-06, 3.9501510400441475e-06, 8.191287633962929e-05, 1.2583601346705109e-05, 5.244808676252433e-07, 1.0429170060888282e-06, 8.740806833884562e-07, 7.072345624692389e-07, 4.7212850518008054e-07, 8.285055059786828e-07, 6.847373015261837e-07, 6.392061095539248e-06, 7.863498012739001e-07, 2.6492614324524766e-07, 4.368712893665361e-07, 9.363016033603344e-07, 1.6432417737632932e-07, 1.0552889762038831e-07, 4.617732827227883e-07, 2.1256303739392024e-07, 1.7334342317099072e-07, 1.8071585827783565e-07, 1.0461019428475993e-07, 6.596197010821925e-08, 3.279612315054692e-07, 1.2966091844646144e-07, 4.581265855563288e-08, 5.932485436233037e-08, 5.768533029026912e-08, 1.32060137048029e-07, 9.117021448901141e-08, 2.8718734057520123e-08, 4.342435033777292e-08, 2.343080574007672e-08, 5.5410573907010985e-08, 2.2582465675213825e-08, 1.5317517920721002e-08, 1.677506844544041e-08, 4.862005908989886e-08, 1.688398043597772e-08, 1.2566459872687119e-08, 1.7050741263346936e-08, 2.382731167926977e-08, 1.051417441999547e-08, 7.040015681525347e-09, 6.742409297544327e-09, 6.1834932729709635e-09, 3.5225653505222e-09, 1.8493004461106466e-08, 6.3076268652650924e-09, 4.1246299709030154e-09, 5.120328605556779e-09, 4.923771390608067e-10, 2.476843175003296e-09, 1.0692334795336933e-09, 2.0066258377138269e-10, 4.0382314159259636e-10, 1.885648998056766e-10, 1.7829583642825497e-10, 4.002424433546814e-11, 3.89879274698135e-11, 3.752841440385346e-11, 3.625183139788213e-11, 3.550892219150725e-11, 3.4339166926633524e-11, 3.3313116154509714e-11, 3.230288259103986e-11, 3.203866338896688e-11], "lowlevel.melbands128.stdev": [0.0625029131770134, 0.07594425231218338, 0.045828912407159805, 0.027934463694691658, 0.01660124398767948, 0.004716630093753338, 0.0022009587846696377, 0.002354175318032503, 0.0013676347443833947, 0.000511492951773107, 0.0008581170113757253, 0.0008157524862326682, 0.00025967234978452325, 0.001300167990848422, 0.0040222154930233955, 0.00121929997112602, 0.00014876540808472782, 0.00013221362314652652, 0.0001499756472185254, 0.0011639280710369349, 0.0019121699733659625, 0.0006476129055954516, 0.0005142951849848032, 6.100718383095227e-05, 0.0006080212187953293, 0.0008599238353781402, 6.288384611252695e-05, 6.26617984380573e-05, 3.520693280734122e-05, 8.370444265892729e-05, 4.4243621232453734e-05, 3.3508025808259845e-05, 0.00023881089873611927, 0.0009439529967494309, 8.397359488299116e-05, 0.00032223621383309364, 0.0002965090679936111, 3.885175465256907e-05, 0.0003015813126694411, 5.840858648298308e-05, 4.377963341539726e-05, 1.5144169083214365e-05, 9.533320553600788e-05, 0.0001517189375590533, 1.045436965796398e-05, 2.600426523713395e-05, 2.058802783722058e-05, 1.8974793420056812e-05, 1.0364684385422152e-05, 6.100401151343249e-06, 6.689176370855421e-05, 3.844831735477783e-05, 9.330865395895671e-06, 4.657149111153558e-05, 4.787479338119738e-05, 1.7893893527798355e-05, 4.687066848418908e-06, 6.914257028256543e-06, 2.6119157610082766e-06, 5.537619472306687e-06, 7.1669546741759405e-06, 5.636720743495971e-06, 9.087735088542104e-05, 1.4402232409338467e-05, 2.021172349486733e-06, 5.968525783828227e-06, 4.322408130974509e-06, 1.8446779677105951e-06, 1.7964317748919711e-06, 2.083072786263074e-06, 1.3400904208538122e-06, 8.410672307945788e-06, 1.1728037634384236e-06, 9.674862440078869e-07, 8.513160878464987e-07, 1.598331323293678e-06, 5.621807304123649e-07, 4.0749449681243277e-07, 6.902051268298237e-07, 3.217116386622365e-07, 3.838936777356139e-07, 4.5838029905098665e-07, 3.118673248536652e-07, 2.3991339048734517e-07, 4.705309777364164e-07, 2.88821837557407e-07, 2.0489055430061853e-07, 2.2963320134294918e-07, 2.2730925763880805e-07, 2.77626469369352e-07, 2.489310588771332e-07, 2.1315157994195033e-07, 2.616693279833271e-07, 2.18997797674092e-07, 2.6953574661092716e-07, 2.41880428575314e-07, 1.6976794370293646e-07, 1.523514043810792e-07, 1.548176129517742e-07, 1.4281975779795175e-07, 1.8596432482809178e-07, 7.289768433338395e-08, 1.343073989801269e-07, 7.239318478013956e-08, 1.4560517236361648e-08, 1.3208754978677462e-08, 1.5900340599728224e-08, 1.0740745182147293e-08, 2.2792521647829744e-08, 7.286217407198592e-09, 5.04681185731215e-09, 6.811918140670059e-09, 2.0635144704073127e-09, 8.548149743603517e-09, 1.1279650991014023e-08, 3.8825458403835e-09, 8.303070231363563e-09, 4.1197161237960245e-09, 4.102695072560891e-09, 6.658825574268334e-11, 6.609494201947896e-11, 5.903127986428558e-11, 5.507753628175571e-11, 5.4049625886065655e-11, 5.2842983461198756e-11, 5.355645787963326e-11, 5.1596203004544705e-11, 5.155113488863883e-11], "lowlevel.mfcc.mean": [-778.0367431640625, 161.00506591796875, -4.705913543701172, 35.156028747558594, 22.733266830444336, 31.288644790649414, 23.186119079589844, 18.723148345947266, 3.6249849796295166, 4.5211663246154785, 15.654905319213867, 24.77220916748047, 17.82115364074707], "lowlevel.spectral_contrast_coeffs.mean": [-0.7384011149406433, -0.6941111087799072, -0.6791808605194092, -0.7205427289009094, -0.7278809547424316, -0.7505697011947632], "lowlevel.spectral_contrast_coeffs.stdev": [0.058180101215839386, 0.11696399003267288, 0.11261304467916489, 0.09908686578273773, 0.09462407231330872, 0.07832494378089905], "lowlevel.spectral_contrast_valleys.mean": [-7.328059673309326, -8.69178295135498, -9.3849458694458, -9.61035442352295, -9.949735641479492, -13.06120777130127], "lowlevel.spectral_contrast_valleys.stdev": [2.414644241333008, 2.449430227279663, 2.452822208404541, 2.334491491317749, 2.048610210418701, 1.30223548412323], "rhythm.beats_loudness_band_ratio.mean": [0.9059869050979614, 0.03380369395017624, 0.028371449559926987, 0.028548402711749077, 0.007573440205305815, 0.0005936380475759506], "rhythm.beats_loudness_band_ratio.stdev": [0.11276179552078247, 0.06229916214942932, 0.041993409395217896, 0.030262084677815437, 0.009300523437559605, 0.0007430350524373353], "tonal.hpcp.mean": [0.007959404960274696, 0.010422743856906891, 0.01658865436911583, 0.03424667567014694, 0.05868610739707947, 0.09600735455751419, 0.17022153735160828, 0.2593716084957123, 0.28168541193008423, 0.48171114921569824, 0.44662734866142273, 0.10648579150438309, 0.01783685013651848, 0.011384132318198681, 0.004195872228592634, 0.006629094947129488, 0.0073999520391225815, 0.001910099876113236, 0.0009697562200017273, 0.0008641939493827522, 0.0034735447261482477, 0.012705245986580849, 0.01713632047176361, 0.03288501501083374, 0.17612852156162262, 0.18708999454975128, 0.038361601531505585, 0.0022943783551454544, 0.0012428761692717671, 0.0034742499701678753, 0.01527673751115799, 0.01858709566295147, 0.006454303860664368, 0.0016274945810437202, 0.0013684991281479597, 0.003917524125427008], "tonal.hpcp.stdev": [0.06015840172767639, 0.05062762275338173, 0.09720349311828613, 0.1474737524986267, 0.19769833981990814, 0.2502022385597229, 0.3167124092578888, 0.3906998038291931, 0.34562012553215027, 0.4153071939945221, 0.4100625514984131, 0.17520415782928467, 0.10074116289615631, 0.07577897608280182, 0.03572807088494301, 0.04536218196153641, 0.0505233034491539, 0.008523976430296898, 0.0032070018351078033, 0.003508864203467965, 0.02448941208422184, 0.056051336228847504, 0.07738494873046875, 0.11464786529541016, 0.33981314301490784, 0.35209354758262634, 0.11783826351165771, 0.018527764827013016, 0.00732350442558527, 0.017585670575499535, 0.03522055223584175, 0.03747667372226715, 0.01512500736862421, 0.022123390808701515, 0.018739940598607063, 0.044261448085308075], "rhythm.beats_position": [0.4992290139198303, 1.0216779708862305, 1.5441269874572754, 2.0665760040283203, 2.589024782180786, 3.1230838298797607, 3.668752670288086, 4.2028117179870605, 4.806530475616455, 5.41024923324585, 6.013967990875244, 6.617686748504639, 7.209795951843262, 7.825124740600586, 8.42884349822998, 8.997732162475586, 9.566620826721191, 10.147119522094727, 10.657958984375, 11.180407524108887, 11.69124698638916, 12.190476417541504, 12.701314926147461, 13.223763465881348, 13.74621295928955, 14.268661499023438, 14.79111099243164, 15.197460174560547, 15.615419387817383, 16.03337860107422, 16.474557876586914, 16.91573715209961, 17.356916427612305, 17.80970573425293, 18.250883102416992, 18.692062377929688, 19.133241653442383, 19.574420928955078, 20.015600204467773], "rhythm.bpm_histogram": [0.0, 0.0, 0.0, 0.0, 0.0, 0.0, 0.0, 0.0, 0.0, 0.0, 0.0, 0.0, 0.0, 0.0, 0.0, 0.0, 0.0, 0.0, 0.0, 0.0, 0.0, 0.0, 0.0, 0.0, 0.0, 0.0, 0.0, 0.0, 0.0, 0.0, 0.0, 0.0, 0.0, 0.0, 0.0, 0.0, 0.0, 0.0, 0.0, 0.0, 0.0, 0.0, 0.0, 0.0, 0.0, 0.0, 0.0, 0.0, 0.0, 0.0, 0.0, 0.0, 0.0, 0.0, 0.0, 0.0, 0.0, 0.0, 0.0, 0.0, 0.0, 0.0, 0.0, 0.0, 0.0, 0.0, 0.0, 0.0, 0.0, 0.0, 0.0, 0.0, 0.0, 0.0, 0.0, 0.0, 0.0, 0.0, 0.0, 0.0, 0.0, 0.0, 0.0, 0.0, 0.0, 0.0, 0.0, 0.0, 0.0, 0.0, 0.0, 0.0, 0.0, 0.0, 0.0, 0.0, 0.0, 0.0, 0.02631578966975212, 0.1315789520740509, 0.0, 0.02631578966975212, 0.0, 0.02631578966975212, 0.0, 0.05263157933950424, 0.0, 0.0, 0.0, 0.0, 0.02631578966975212, 0.0, 0.05263157933950424, 0.0, 0.0, 0.2368421107530594, 0.0, 0.07894736528396606, 0.0, 0.0, 0.02631578966975212, 0.0, 0.0, 0.0, 0.0, 0.0, 0.0, 0.0, 0.0, 0.0, 0.0, 0.0, 0.0, 0.02631578966975212, 0.0, 0.0, 0.21052631735801697, 0.0, 0.0, 0.0, 0.0, 0.0, 0.0, 0.0, 0.05263157933950424, 0.0, 0.0, 0.0, 0.02631578966975212, 0.0, 0.0, 0.0, 0.0, 0.0, 0.0, 0.0, 0.0, 0.0, 0.0, 0.0, 0.0, 0.0, 0.0, 0.0, 0.0, 0.0, 0.0, 0.0, 0.0, 0.0, 0.0, 0.0, 0.0, 0.0, 0.0, 0.0, 0.0, 0.0, 0.0, 0.0, 0.0, 0.0, 0.0, 0.0, 0.0, 0.0, 0.0, 0.0, 0.0, 0.0, 0.0, 0.0, 0.0, 0.0, 0.0, 0.0, 0.0, 0.0, 0.0, 0.0, 0.0, 0.0, 0.0, 0.0, 0.0, 0.0, 0.0, 0.0, 0.0, 0.0, 0.0, 0.0, 0.0, 0.0, 0.0, 0.0, 0.0, 0.0, 0.0, 0.0, 0.0, 0.0, 0.0, 0.0, 0.0, 0.0, 0.0, 0.0, 0.0, 0.0, 0.0, 0.0, 0.0, 0.0, 0.0, 0.0, 0.0, 0.0, 0.0, 0.0, 0.0, 0.0, 0.0, 0.0, 0.0, 0.0, 0.0, 0.0, 0.0, 0.0], "tonal.chords_histogram": [2.013422727584839, 0.0, 2.013422727584839, 0.0, 0.0, 0.0, 0.0, 26.621923446655273, 0.0, 53.69127655029297, 2.9082775115966797, 0.0, 0.0, 0.0, 0.0, 0.0, 0.0, 5.3691277503967285, 4.474272727966309, 2.9082775115966797, 0.0, 0.0, 0.0, 0.0], "tonal.thpcp": [1.0, 0.9271683692932129, 0.22105735540390015, 0.037028104066848755, 0.02363269403576851, 0.008710348978638649, 0.013761555776000023, 0.015361803583800793, 0.00396523904055357, 0.0020131487399339676, 0.0017940086545422673, 0.007210845593363047, 0.026375237852334976, 0.03557385131716728, 0.0682670846581459, 0.36563098430633545, 0.3883862793445587, 0.0796361118555069, 0.004762975499033928, 0.0025801274459809065, 0.007212309632450342, 0.03171348199248314, 0.038585562258958817, 0.013398701325058937, 0.003378569381311536, 0.002840912202373147, 0.008132517337799072, 0.016523189842700958, 0.02163691632449627, 0.03443693369626999, 0.07109379768371582, 0.12182842195034027, 0.19930481910705566, 0.35336849093437195, 0.5384380221366882, 0.5847600102424622], "lowlevel.gfcc.cov": [[55865.55859375, 8465.46484375, -11508.7412109375, -1022.0668334960938, -2208.22216796875, -1768.5350341796875, -1484.9810791015625, -1543.6302490234375, -1734.1680908203125, -1304.047607421875, 595.2651977539062, -361.3504943847656, -306.0025634765625], [8465.46484375, 2176.275634765625, -1501.6571044921875, -412.55389404296875, -558.4607543945312, -519.053466796875, -374.5655822753906, -365.1070861816406, -202.11717224121094, -310.1017150878906, 10.30072021484375, -181.38038635253906, 0.23228788375854492], [-11508.7412109375, -1501.6571044921875, 2958.84033203125, 307.8506164550781, 447.0342712402344, 293.5335693359375, 212.16004943847656, 212.83071899414062, 360.8789367675781, 232.04029846191406, -160.2827911376953, 78.02850341796875, 145.59500122070312], [-1022.0668334960938, -412.55389404296875, 307.8506164550781, 277.0657653808594, 147.52430725097656, 95.822509765625, 29.390079498291016, -7.951956272125244, -37.66526412963867, 8.47667407989502, -3.3536770343780518, 48.20694351196289, 47.298187255859375], [-2208.22216796875, -558.4607543945312, 447.0342712402344, 147.52430725097656, 402.7845458984375, 193.05892944335938, 173.26846313476562, 71.52342987060547, 71.0675277709961, 93.5009765625, 90.29096221923828, 102.14533233642578, 39.99028015136719], [-1768.5350341796875, -519.053466796875, 293.5335693359375, 95.822509765625, 193.05892944335938, 198.6964569091797, 135.23643493652344, 74.40335083007812, 30.202495574951172, 71.40029907226562, 27.98689079284668, 52.137691497802734, -4.211618900299072], [-1484.9810791015625, -374.5655822753906, 212.16004943847656, 29.390079498291016, 173.26846313476562, 135.23643493652344, 188.4763946533203, 103.7668228149414, 61.70923614501953, 71.94295501708984, 45.935909271240234, 46.15716552734375, -5.347968578338623], [-1543.6302490234375, -365.1070861816406, 212.83071899414062, -7.951956272125244, 71.52342987060547, 74.40335083007812, 103.7668228149414, 167.07655334472656, 107.62369537353516, 85.46631622314453, -11.704706192016602, 9.842308044433594, -38.290977478027344], [-1734.1680908203125, -202.11717224121094, 360.8789367675781, -37.66526412963867, 71.0675277709961, 30.202495574951172, 61.70923614501953, 107.62369537353516, 173.652587890625, 91.67227935791016, -12.64480209350586, -4.592040061950684, -2.293128252029419], [-1304.047607421875, -310.1017150878906, 232.04029846191406, 8.47667407989502, 93.5009765625, 71.40029907226562, 71.94295501708984, 85.46631622314453, 91.67227935791016, 126.23118591308594, 19.56201171875, 13.633207321166992, -35.568084716796875], [595.2651977539062, 10.30072021484375, -160.2827911376953, -3.3536770343780518, 90.29096221923828, 27.98689079284668, 45.935909271240234, -11.704706192016602, -12.64480209350586, 19.56201171875, 108.35433197021484, 42.43791961669922, 3.6109302043914795], [-361.3504943847656, -181.38038635253906, 78.02850341796875, 48.20694351196289, 102.14533233642578, 52.137691497802734, 46.15716552734375, 9.842308044433594, -4.592040061950684, 13.633207321166992, 42.43791961669922, 82.16077423095703, 30.446292877197266], [-306.0025634765625, 0.23228788375854492, 145.59500122070312, 47.298187255859375, 39.99028015136719, -4.211618900299072, -5.347968578338623, -38.290977478027344, -2.293128252029419, -35.568084716796875, 3.6109302043914795, 30.446292877197266, 94.17355346679688]], "lowlevel.gfcc.icov": [[0.00036956300027668476, -0.0014933221973478794, 0.0009572425042279065, -0.0014835650799795985, 0.0004067144764121622, -0.0010266550816595554, 0.0006414700183086097, -0.0009517684229649603, 0.0006342594278976321, -0.0012595356674864888, -7.519363862229511e-05, -0.0015006015310063958, -7.171140896389261e-05], [-0.0014933221973478794, 0.010531849227845669, -0.0030773133039474487, 0.008986473083496094, -0.0022107132244855165, 0.01021378394216299, -0.0037750466726720333, 0.010173374786973, -0.00518307089805603, 0.009863760322332382, -0.0014755420852452517, 0.009917368181049824, 0.0011330628767609596], [0.0009572425042279065, -0.0030773133039474487, 0.003497640835121274, -0.003746512345969677, 0.0004842657072003931, -0.0020372169092297554, 0.0012450091307982802, -0.0006945393397472799, -0.00018513760005589575, -0.0033432752825319767, 0.0016028780955821276, -0.003503940999507904, -0.0011120832059532404], [-0.0014835650799795985, 0.008986473083496094, -0.003746512345969677, 0.015013954602181911, -0.004739691503345966, 0.006530641578137875, -0.0010522996308282018, 0.006531530991196632, 0.0007813993724994361, 0.006302253343164921, 0.0012124344939365983, 0.00880039855837822, -0.002182894619181752], [0.0004067144764121622, -0.0022107132244855165, 0.0004842657072003931, -0.004739691503345966, 0.009734873659908772, -0.005736323073506355, -0.0017550914781168103, -0.00017276196740567684, -0.0025314344093203545, -0.0015158363385125995, -0.005315178073942661, -0.005246696528047323, -0.000335600198013708], [-0.0010266550816595554, 0.01021378394216299, -0.0020372169092297554, 0.006530641578137875, -0.005736323073506355, 0.027016347274184227, -0.010538412258028984, 0.01035221479833126, -0.0007507025729864836, 0.006303875707089901, 0.0007600778480991721, 0.008025282993912697, 0.003502227133139968], [0.0006414700183086097, -0.0037750466726720333, 0.0012450091307982802, -0.0010522996308282018, -0.0017550914781168103, -0.010538412258028984, 0.018805259838700294, -0.0118175083771348, 0.003263718681409955, -0.0024729410652071238, -0.004554416052997112, -0.0024256587494164705, -0.00266140210442245], [-0.0009517684229649603, 0.010173374786973, -0.0006945393397472799, 0.006531530991196632, -0.00017276196740567684, 0.01035221479833126, -0.0118175083771348, 0.0310776699334383, -0.01569214090704918, 0.00873031746596098, 0.003977758809924126, 0.0040879868902266026, 0.00861810240894556], [0.0006342594278976321, -0.00518307089805603, -0.00018513760005589575, 0.0007813993724994361, -0.0025314344093203545, -0.0007507025729864836, 0.003263718681409955, -0.01569214090704918, 0.024578267708420753, -0.015551523305475712, 0.0014739932958036661, 0.0012312640901654959, -0.00891591515392065], [-0.0012595356674864888, 0.009863760322332382, -0.0033432752825319767, 0.006302253343164921, -0.0015158363385125995, 0.006303875707089901, -0.0024729410652071238, 0.00873031746596098, -0.015551523305475712, 0.03318509832024574, -0.008185463026165962, 0.007213748060166836, 0.012357993051409721], [-7.519363862229511e-05, -0.0014755420852452517, 0.0016028780955821276, 0.0012124344939365983, -0.005315178073942661, 0.0007600778480991721, -0.004554416052997112, 0.003977758809924126, 0.0014739932958036661, -0.008185463026165962, 0.023588256910443306, -0.00796310231089592, -0.0010635837679728866], [-0.0015006015310063958, 0.009917368181049824, -0.003503940999507904, 0.00880039855837822, -0.005246696528047323, 0.008025282993912697, -0.0024256587494164705, 0.0040879868902266026, 0.0012312640901654959, 0.007213748060166836, -0.00796310231089592, 0.03375006094574928, -0.007643426302820444], [-7.171140896389261e-05, 0.0011330628767609596, -0.0011120832059532404, -0.002182894619181752, -0.000335600198013708, 0.003502227133139968, -0.00266140210442245, 0.00861810240894556, -0.00891591515392065, 0.012357993051409721, -0.0010635837679728866, -0.007643426302820444, 0.023812908679246902]], "lowlevel.mfcc.cov": [[44393.671875, 8906.28125, -5321.02099609375, -664.3154296875, -1875.782958984375, -792.759033203125, -1245.1485595703125, -1181.0799560546875, -2183.316650390625, -2069.865234375, -1065.164306640625, 93.01980590820312, -279.2947082519531], [8906.28125, 2764.67626953125, -849.6246948242188, -202.687744140625, -470.9415283203125, -376.274658203125, -437.5816650390625, -322.92877197265625, -474.3313903808594, -443.8702087402344, -320.05877685546875, -56.69236373901367, -15.189804077148438], [-5321.02099609375, -849.6246948242188, 1038.5865478515625, 180.3851776123047, 240.73805236816406, 27.57280731201172, 52.440956115722656, 79.04777526855469, 252.01315307617188, 217.1618194580078, 8.688499450683594, -93.69170379638672, 22.500621795654297], [-664.3154296875, -202.687744140625, 180.3851776123047, 173.83775329589844, 124.63328552246094, 70.8944320678711, 32.73141098022461, 10.161304473876953, 29.211761474609375, 13.696972846984863, -18.580018997192383, -20.978857040405273, -1.962291955947876], [-1875.782958984375, -470.9415283203125, 240.73805236816406, 124.63328552246094, 242.4464111328125, 153.71546936035156, 109.59616088867188, 52.123138427734375, 64.86981964111328, 69.99800109863281, 52.923343658447266, 16.810035705566406, 17.04543685913086], [-792.759033203125, -376.274658203125, 27.57280731201172, 70.8944320678711, 153.71546936035156, 226.90975952148438, 153.43211364746094, 47.9903450012207, 11.102359771728516, 12.752495765686035, 69.56380462646484, 60.446048736572266, 15.297893524169922], [-1245.1485595703125, -437.5816650390625, 52.440956115722656, 32.73141098022461, 109.59616088867188, 153.43211364746094, 189.30923461914062, 86.94195556640625, 49.41530227661133, 45.880638122558594, 80.37327575683594, 49.870201110839844, 4.135860919952393], [-1181.0799560546875, -322.92877197265625, 79.04777526855469, 10.161304473876953, 52.123138427734375, 47.9903450012207, 86.94195556640625, 113.9269790649414, 91.36547088623047, 57.84715270996094, 45.40776062011719, 15.254334449768066, 13.106269836425781], [-2183.316650390625, -474.3313903808594, 252.01315307617188, 29.211761474609375, 64.86981964111328, 11.102359771728516, 49.41530227661133, 91.36547088623047, 197.41795349121094, 137.7484130859375, 61.33916091918945, -3.338007926940918, 19.963298797607422], [-2069.865234375, -443.8702087402344, 217.1618194580078, 13.696972846984863, 69.99800109863281, 12.752495765686035, 45.880638122558594, 57.84715270996094, 137.7484130859375, 175.32167053222656, 98.88998413085938, 10.045268058776855, 23.178773880004883], [-1065.164306640625, -320.05877685546875, 8.688499450683594, -18.580018997192383, 52.923343658447266, 69.56380462646484, 80.37327575683594, 45.40776062011719, 61.33916091918945, 98.88998413085938, 175.15206909179688, 90.8131103515625, 28.49433135986328], [93.01980590820312, -56.69236373901367, -93.69170379638672, -20.978857040405273, 16.810035705566406, 60.446048736572266, 49.870201110839844, 15.254334449768066, -3.338007926940918, 10.045268058776855, 90.8131103515625, 131.62149047851562, 45.4901008605957], [-279.2947082519531, -15.189804077148438, 22.500621795654297, -1.962291955947876, 17.04543685913086, 15.297893524169922, 4.135860919952393, 13.106269836425781, 19.963298797607422, 23.178773880004883, 28.49433135986328, 45.4901008605957, 73.75080108642578]], "lowlevel.mfcc.icov": [[0.0002537211694288999, -0.0003392650105524808, 0.0007698207627981901, -0.0007211325573734939, 0.0006510564126074314, -0.0003698781074490398, 0.0004251951177138835, 0.0001398729218635708, 0.00035622823634184897, 0.0003501437895465642, 0.0003297771036159247, -0.0003693729522638023, 0.00040841297595761716], [-0.0003392650105524808, 0.0017831830773502588, -0.00068189442390576, 0.0010376174468547106, -0.0005392325692810118, 0.0014786848332732916, 0.0003573493449948728, 0.0004832616541534662, 0.0006213716696947813, 0.0008448649314232171, -1.896879984997213e-05, 0.00042341125663369894, -0.0016574552282691002], [0.0007698207627981901, -0.00068189442390576, 0.004697873257100582, -0.0029820248018950224, 0.0002719619660638273, 0.00020384290837682784, 0.0008511341875419021, 0.0017483391566202044, -0.0005276458105072379, 0.00010078454215545207, 0.0020349370315670967, -0.00011471211473690346, 0.00019437738228589296], [-0.0007211325573734939, 0.0010376174468547106, -0.0029820248018950224, 0.01310407742857933, -0.0070389509201049805, -0.0004955086042173207, 1.6480329577461816e-05, 0.0008018999360501766, -0.00230026594363153, 0.0005453375051729381, 0.0010721281869336963, 0.0012508864747360349, -0.00040709509630687535], [0.0006510564126074314, -0.0005392325692810118, 0.0002719619660638273, -0.0070389509201049805, 0.015654217451810837, -0.008049252443015575, 0.001779745565727353, -0.0011561329010874033, 0.0032080344390124083, -0.001967822667211294, 0.0004278642009012401, -0.0005940280389040709, 0.00019266082381363958], [-0.0003698781074490398, 0.0014786848332732916, 0.00020384290837682784, -0.0004955086042173207, -0.008049252443015575, 0.01860891282558441, -0.011061077006161213, 0.0037753419019281864, -0.0003207767731510103, 0.004631701856851578, -0.0021677417680621147, -0.00046897210995666683, -0.003463856177404523], [0.0004251951177138835, 0.0003573493449948728, 0.0008511341875419021, 1.6480329577461816e-05, 0.001779745565727353, -0.011061077006161213, 0.02138889580965042, -0.010627593845129013, 0.004042579792439938, -0.0005356524488888681, -0.00047270310460589826, -0.002812518272548914, 0.004988271277397871], [0.0001398729218635708, 0.0004832616541534662, 0.0017483391566202044, 0.0008018999360501766, -0.0011561329010874033, 0.0037753419019281864, -0.010627593845129013, 0.02361261658370495, -0.010342779569327831, 0.004105598200112581, 0.0004129561420995742, 0.0015767572913318872, -0.0036217409651726484], [0.00035622823634184897, 0.0006213716696947813, -0.0005276458105072379, -0.00230026594363153, 0.0032080344390124083, -0.0003207767731510103, 0.004042579792439938, -0.010342779569327831, 0.019790394231677055, -0.0088213961571455, 0.001862296718172729, -0.0014719796599820256, 0.00011706326040439308], [0.0003501437895465642, 0.0008448649314232171, 0.00010078454215545207, 0.0005453375051729381, -0.001967822667211294, 0.004631701856851578, -0.0005356524488888681, 0.004105598200112581, -0.0088213961571455, 0.024347655475139618, -0.010908699594438076, 0.004877449944615364, -0.003779778955504298], [0.0003297771036159247, -1.896879984997213e-05, 0.0020349370315670967, 0.0010721281869336963, 0.0004278642009012401, -0.0021677417680621147, -0.00047270310460589826, 0.0004129561420995742, 0.001862296718172729, -0.010908699594438076, 0.019258057698607445, -0.011091301217675209, 0.003281543729826808], [-0.0003693729522638023, 0.00042341125663369894, -0.00011471211473690346, 0.0012508864747360349, -0.0005940280389040709, -0.00046897210995666683, -0.002812518272548914, 0.0015767572913318872, -0.0014719796599820256, 0.004877449944615364, -0.011091301217675209, 0.020179616287350655, -0.01042743120342493], [0.00040841297595761716, -0.0016574552282691002, 0.00019437738228589296, -0.00040709509630687535, 0.00019266082381363958, -0.003463856177404523, 0.004988271277397871, -0.0036217409651726484, 0.00011706326040439308, -0.003779778955504298, 0.003281543729826808, -0.01042743120342493, 0.02205229364335537]], "metadata.audio_properties.analysis.downmix": "mix", "metadata.audio_properties.codec": "mp3", "metadata.audio_properties.md5_encoded": "b45d9dec89d98db2638515d1e13626c5", "metadata.tags.file_name": "1183694538863292416.mp3", "metadata.version.essentia": "2.1-beta6-dev", "metadata.version.essentia_git_sha": "v2.1_beta5-1110-g77a6a954", "metadata.version.extractor": "music 2.0", "tonal.chords_key": "C", "tonal.chords_scale": "major", "tonal.key_edma.key": "F", "tonal.key_edma.scale": "minor", "tonal.key_krumhansl.key": "F", "tonal.key_krumhansl.scale": "minor", "tonal.key_temperley.key": "F", "tonal.key_temperley.scale": "minor", "metadata.tags.encoding": ["Lavf58.45.100"]}, "essentia_models": [{"model_name": "genre_dortmund", "activations": {"alternative": "0.116626374", "blues": "0.00822834", "electronic": "0.4110907", "folkcountry": "0.017208567", "funksoulrnb": "0.025238127", "jazz": "0.16722786", "pop": "0.023580909", "raphiphop": "0.027738415", "rock": "0.05878484"}}, {"model_name": "genre_rosamerica", "activations": {"classic": "0.74955624", "dance": "0.032383706", "hip hop": "0.006990494", "jazz": "0.046918824", "pop": "0.016803004", "rhythm and blues": "0.006949857", "rock": "0.10785065", "speech": "0.003502141"}}, {"model_name": "genre_tzanetakis", "activations": {"blues": "0.0031436875", "classic": "0.86013776", "country