{"song_id": "1183711535512682516", "download": "https://cdn.discordapp.com/attachments/1128313332273782784/1183711535512682516/chirp.mp4?ex=65895446&amp", "lyrics": "Transforming TechEd and Revolutionizing Industries.\nA nexus between industry and education, we\nhelp craft tech careers with drone PBL", "style": ["traditional indian"], "essentia_features": {"lowlevel.average_loudness": 0.9797109365463257, "lowlevel.barkbands_crest.mean": 11.280569076538086, "lowlevel.barkbands_crest.stdev": 4.9372406005859375, "lowlevel.barkbands_flatness_db.mean": 0.12107265740633011, "lowlevel.barkbands_flatness_db.stdev": 0.04760358855128288, "lowlevel.barkbands_kurtosis.mean": 5.3232221603393555, "lowlevel.barkbands_kurtosis.stdev": 12.454323768615723, "lowlevel.barkbands_skewness.mean": 1.3976962566375732, "lowlevel.barkbands_skewness.stdev": 1.7218784093856812, "lowlevel.barkbands_spread.mean": 29.693864822387695, "lowlevel.barkbands_spread.stdev": 20.479232788085938, "lowlevel.dissonance.mean": 0.4618854224681854, "lowlevel.dissonance.stdev": 0.034906063228845596, "lowlevel.dynamic_complexity": 2.6852221488952637, "lowlevel.erbbands_crest.mean": 9.58167552947998, "lowlevel.erbbands_crest.stdev": 4.609274864196777, "lowlevel.erbbands_flatness_db.mean": 0.14319883286952972, "lowlevel.erbbands_flatness_db.stdev": 0.05021379888057709, "lowlevel.erbbands_kurtosis.mean": 1.403570532798767, "lowlevel.erbbands_kurtosis.stdev": 3.298699378967285, "lowlevel.erbbands_skewness.mean": 0.22435104846954346, "lowlevel.erbbands_skewness.stdev": 1.0764732360839844, "lowlevel.erbbands_spread.mean": 40.799922943115234, "lowlevel.erbbands_spread.stdev": 23.76390266418457, "lowlevel.hfc.mean": 11.150070190429688, "lowlevel.hfc.stdev": 19.67215919494629, "lowlevel.loudness_ebu128.integrated": -20.23359489440918, "lowlevel.loudness_ebu128.loudness_range": 1.11553955078125, "lowlevel.loudness_ebu128.momentary.mean": -20.615100860595703, "lowlevel.loudness_ebu128.momentary.stdev": 1.9275578260421753, "lowlevel.loudness_ebu128.short_term.mean": -20.12282943725586, "lowlevel.loudness_ebu128.short_term.stdev": 0.38498497009277344, "lowlevel.melbands_crest.mean": 17.06376838684082, "lowlevel.melbands_crest.stdev": 7.000925064086914, "lowlevel.melbands_flatness_db.mean": 0.1789628267288208, "lowlevel.melbands_flatness_db.stdev": 0.07171203941106796, "lowlevel.melbands_kurtosis.mean": 16.78341293334961, "lowlevel.melbands_kurtosis.stdev": 29.32547378540039, "lowlevel.melbands_skewness.mean": 2.662092924118042, "lowlevel.melbands_skewness.stdev": 2.2953271865844727, "lowlevel.melbands_spread.mean": 34.28469467163086, "lowlevel.melbands_spread.stdev": 32.713863372802734, "lowlevel.pitch_salience.mean": 0.5478745698928833, "lowlevel.pitch_salience.stdev": 0.14739665389060974, "lowlevel.silence_rate_20dB.mean": 1.0, "lowlevel.silence_rate_20dB.stdev": 0.0, "lowlevel.silence_rate_30dB.mean": 0.9940119981765747, "lowlevel.silence_rate_30dB.stdev": 0.0771503895521164, "lowlevel.silence_rate_60dB.mean": 0.29640719294548035, "lowlevel.silence_rate_60dB.stdev": 0.4566720724105835, "lowlevel.spectral_centroid.mean": 1655.3787841796875, "lowlevel.spectral_centroid.stdev": 925.28369140625, "lowlevel.spectral_complexity.mean": 8.257485389709473, "lowlevel.spectral_complexity.stdev": 7.24338960647583, "lowlevel.spectral_decrease.mean": -3.128769021643052e-09, "lowlevel.spectral_decrease.stdev": 6.672550068032024e-09, "lowlevel.spectral_energy.mean": 0.012820039875805378, "lowlevel.spectral_energy.stdev": 0.02621443383395672, "lowlevel.spectral_energyband_high.mean": 0.0006555716972798109, "lowlevel.spectral_energyband_high.stdev": 0.001823676167987287, "lowlevel.spectral_energyband_low.mean": 0.00428781658411026, "lowlevel.spectral_energyband_low.stdev": 0.010147296823561192, "lowlevel.spectral_energyband_middle_high.mean": 0.0023777466267347336, "lowlevel.spectral_energyband_middle_high.stdev": 0.003739719046279788, "lowlevel.spectral_energyband_middle_low.mean": 0.006192396394908428, "lowlevel.spectral_energyband_middle_low.stdev": 0.018553685396909714, "lowlevel.spectral_entropy.mean": 7.774788856506348, "lowlevel.spectral_entropy.stdev": 0.459348201751709, "lowlevel.spectral_flux.mean": 0.07595022022724152, "lowlevel.spectral_flux.stdev": 0.07068420201539993, "lowlevel.spectral_kurtosis.mean": 4.241990566253662, "lowlevel.spectral_kurtosis.stdev": 2.7652108669281006, "lowlevel.spectral_rms.mean": 0.0027972357347607613, "lowlevel.spectral_rms.stdev": 0.002163983415812254, "lowlevel.spectral_rolloff.mean": 2693.32666015625, "lowlevel.spectral_rolloff.stdev": 2878.44287109375, "lowlevel.spectral_skewness.mean": 1.6368112564086914, "lowlevel.spectral_skewness.stdev": 0.5013546347618103, "lowlevel.spectral_spread.mean": 5906092.0, "lowlevel.spectral_spread.stdev": 2025504.75, "lowlevel.spectral_strongpeak.mean": 0.49993306398391724, "lowlevel.spectral_strongpeak.stdev": 0.5553786158561707, "lowlevel.zerocrossingrate.mean": 0.10045582801103592, "lowlevel.zerocrossingrate.stdev": 0.0659259632229805, "metadata.audio_properties.analysis.equal_loudness": 0.0, "metadata.audio_properties.analysis.length": 7.722652912139893, "metadata.audio_properties.analysis.sample_rate": 44100.0, "metadata.audio_properties.analysis.start_time": 0.0, "metadata.audio_properties.bit_rate": 122898.0, "metadata.audio_properties.length": 7.7226667404174805, "metadata.audio_properties.lossless": 0.0, "metadata.audio_properties.number_channels": 1.0, "metadata.audio_properties.replay_gain": -10.169197082519531, "metadata.audio_properties.sample_rate": 48000.0, "rhythm.beats_count": 11.0, "rhythm.beats_loudness.mean": 0.017443008720874786, "rhythm.beats_loudness.stdev": 0.015850694850087166, "rhythm.bpm": 93.63371276855469, "rhythm.bpm_histogram_first_peak_bpm": 94.0, "rhythm.bpm_histogram_first_peak_weight": 0.3999999761581421, "rhythm.bpm_histogram_second_peak_bpm": 0.0, "rhythm.bpm_histogram_second_peak_spread": 0.0, "rhythm.bpm_histogram_second_peak_weight": 0.0, "rhythm.danceability": 2.5958237648010254, "rhythm.onset_rate": 5.165386199951172, "tonal.chords_changes_rate": 0.2142857164144516, "tonal.chords_number_rate": 0.0416666679084301, "tonal.chords_strength.mean": 0.5020179152488708, "tonal.chords_strength.stdev": 0.07190538942813873, "tonal.hpcp_crest.mean": 12.332427978515625, "tonal.hpcp_crest.stdev": 6.102508544921875, "tonal.hpcp_entropy.mean": 2.1990158557891846, "tonal.hpcp_entropy.stdev": 0.79945969581604, "tonal.key_edma.strength": 0.5300577878952026, "tonal.key_krumhansl.strength": 0.5279890894889832, "tonal.key_temperley.strength": 0.5274220705032349, "tonal.tuning_diatonic_strength": 0.6566139459609985, "tonal.tuning_equal_tempered_deviation": 0.23194675147533417, "tonal.tuning_frequency": 434.193115234375, "tonal.tuning_nontempered_energy_ratio": 0.9027726650238037, "lowlevel.barkbands.mean": [0.00019073842850048095, 0.002206544391810894, 0.0012645149836316705, 0.001648944104090333, 0.0022812937386333942, 0.00042705604573711753, 0.0009650366846472025, 0.00011743255163310096, 0.0006367620662786067, 0.0005079302354715765, 0.0002849723387043923, 0.0004883297369815409, 0.00014055470819585025, 0.00017915485659614205, 0.00023127917665988207, 0.00017226637282874435, 0.00014818820636719465, 0.00012484673061408103, 0.00010108362039318308, 0.00010736218246165663, 9.100355237023905e-05, 0.00011131964129162952, 9.679001232143492e-05, 0.00010438457684358582, 0.00010047646355815232, 8.539319242117926e-05, 6.385745564330136e-06], "lowlevel.barkbands.stdev": [0.00036321772495284677, 0.004874330945312977, 0.0051706102676689625, 0.0076858592219650745, 0.008563644252717495, 0.00172502885106951, 0.0020331903360784054, 0.00036412739427760243, 0.0017235027626156807, 0.001152984332293272, 0.0008407219429500401, 0.0012591417180374265, 0.0003362386196386069, 0.00046466896310448647, 0.00044449063716456294, 0.00031153051531873643, 0.00027799696545116603, 0.0003104347561020404, 0.00020804378436878324, 0.0004155345377512276, 0.0003839185810647905, 0.000388060521800071, 0.0002304675435880199, 0.00022700165573041886, 0.00024634116562083364, 0.00020236001000739634, 1.1412914318498224e-05], "lowlevel.erbbands.mean": [0.07364484667778015, 0.46562033891677856, 1.2982571125030518, 3.6051993370056152, 9.079524040222168, 6.231247901916504, 2.5997438430786133, 4.39096212387085, 13.887803077697754, 7.066189765930176, 4.933577537536621, 16.07703971862793, 13.344682693481445, 13.688111305236816, 17.31945037841797, 16.42600440979004, 7.3261308670043945, 9.08779239654541, 10.776506423950195, 11.187783241271973, 9.045605659484863, 8.699061393737793, 7.0337982177734375, 5.928585052490234, 4.744799613952637, 4.643322467803955, 4.56480073928833, 3.213101863861084, 4.075252532958984, 3.5833773612976074, 2.580861806869507, 1.9283629655838013, 1.9201382398605347, 1.3439089059829712, 0.560295045375824, 0.3014594614505768, 0.16461965441703796, 0.03719234839081764, 0.0007576514035463333, 3.709527663886547e-05], "lowlevel.erbbands.stdev": [0.1437022089958191, 1.1504461765289307, 4.678621292114258, 15.576525688171387, 38.78864669799805, 21.28474235534668, 10.260181427001953, 16.926368713378906, 30.19536018371582, 14.58481216430664, 12.169628143310547, 45.041690826416016, 34.54734420776367, 30.355262756347656, 47.884544372558594, 41.467830657958984, 16.426252365112305, 23.65727424621582, 20.652536392211914, 21.20882797241211, 16.248998641967773, 16.373943328857422, 16.679391860961914, 13.33159065246582, 11.619735717773438, 16.867191314697266, 20.940689086914062, 11.349541664123535, 14.629768371582031, 9.895605087280273, 6.533329010009766, 4.093874931335449, 4.365219593048096, 3.404552459716797, 1.2684739828109741, 0.8705686330795288, 0.3535042107105255, 0.07345500588417053, 0.0014159868005663157, 6.334984209388494e-05], "lowlevel.gfcc.mean": [-57.069114685058594, 40.3635139465332, -102.04045104980469, 14.843682289123535, -56.01405715942383, 14.297530174255371, -43.21038055419922, 18.802001953125, -21.998769760131836, 2.6092188358306885, -20.830278396606445, 8.104568481445312, -14.564510345458984], "lowlevel.melbands.mean": [0.0006460939184762537, 0.0006590380216948688, 0.0008127071778289974, 0.000587243412155658, 0.00010835115244844928, 9.67436280916445e-05, 0.00021194046712480485, 6.113058043411002e-05, 5.2229133871151134e-05, 9.764826972968876e-05, 6.668217974947765e-05, 5.829300789628178e-05, 4.72783503937535e-05, 6.192159344209358e-05, 2.5806482881307602e-05, 1.2537085240182932e-05, 1.711087861622218e-05, 1.6445441360701807e-05, 1.6830468666739762e-05, 1.3332387425180059e-05, 9.715980013424996e-06, 8.898776286514476e-06, 7.99722874944564e-06, 5.236629931459902e-06, 4.80884136777604e-06, 3.4304200653423322e-06, 3.4067686556227272e-06, 3.019907808265998e-06, 3.1946613034961047e-06, 2.2673937110084808e-06, 1.6429125935246702e-06, 2.3499962935602525e-06, 2.14088481698127e-06, 1.9683275240822695e-06, 1.5748631767564802e-06, 1.1360450571373804e-06, 1.2037273791065672e-06, 1.3366545772441896e-06, 1.4410032918021898e-06, 1.0215976544714067e-06], "lowlevel.melbands.stdev": [0.0013231172924861312, 0.001982457935810089, 0.003444052767008543, 0.0022127421107143164, 0.0003947750083170831, 0.00035732032847590744, 0.0004574195481836796, 0.00013056850002612919, 0.00013000557373743504, 0.00027816701913252473, 0.0001765697670634836, 0.0001278950076084584, 0.00013436972221825272, 0.00016523257363587618, 7.08028455846943e-05, 2.696221235964913e-05, 4.703199374489486e-05, 3.392177677596919e-05, 3.373450454091653e-05, 2.568359559518285e-05, 1.8070579244522378e-05, 1.6962001609499566e-05, 1.835558759921696e-05, 1.429054100299254e-05, 1.0809397281263955e-05, 7.527051820943598e-06, 1.0391428077127784e-05, 1.186056306323735e-05, 1.5279541912605055e-05, 9.867166227195412e-06, 5.217642865318339e-06, 8.746132152737118e-06, 7.533472398790764e-06, 4.8376255108451005e-06, 4.269230430509197e-06, 2.5381784780620364e-06, 2.5095391720242333e-06, 2.9853731575713027e-06, 3.521590087984805e-06, 2.7351513836038066e-06], "lowlevel.melbands128.mean": [0.00016548203711863607, 0.0005841073580086231, 0.0008897946681827307, 0.0006985359359532595, 0.0006160740740597248, 0.0006356079829856753, 0.0006484090117737651, 0.0009245951077900827, 0.0010076625039801002, 0.0006459265714511275, 0.0002891551412176341, 0.00010863473289646208, 7.394463318632916e-05, 7.637319504283369e-05, 9.518439037492499e-05, 9.115663124248385e-05, 0.00016941527428571135, 0.00030926900217309594, 0.00017154047964140773, 5.1543327572289854e-05, 2.177676469727885e-05, 1.95117336261319e-05, 3.75834533770103e-05, 0.00010392329568276182, 0.0001424746442353353, 7.658139656996354e-05, 4.3199466745136306e-05, 6.247119745239615e-05, 9.329155000159517e-05, 7.483187800971791e-05, 4.3532530980883166e-05, 2.9386015739873983e-05, 3.7588415580103174e-05, 6.551755359396338e-05, 8.31498036859557e-05, 5.922672789893113e-05, 3.006996848853305e-05, 3.0142648029141128e-05, 1.8254419046570547e-05, 1.2056040759489406e-05, 9.786028385860845e-06, 1.4259870113164652e-05, 2.0603913071681745e-05, 1.7927521184901707e-05, 1.1643676771200262e-05, 1.84096770681208e-05, 1.8208767869509757e-05, 1.7222999304067343e-05, 1.6065700037870556e-05, 1.5165463992161676e-05, 1.2150414477218874e-05, 1.2942613466293551e-05, 1.0375376405136194e-05, 8.163383427017834e-06, 8.489802894473542e-06, 9.013248018163722e-06, 9.567338565830141e-06, 8.101280400296673e-06, 8.609914402768482e-06, 5.311601398716448e-06, 5.221387709752889e-06, 4.402545073389774e-06, 5.7247311815444846e-06, 4.729341071652016e-06, 3.8025502817617962e-06, 3.3850533327495214e-06, 3.1241111173585523e-06, 3.4245142614963697e-06, 3.834248218481662e-06, 2.8933102385053644e-06, 2.5214494598913006e-06, 3.1949073218129342e-06, 4.088271452928893e-06, 3.3343023915222147e-06, 2.0577294890244957e-06, 2.2528383851749822e-06, 2.627647290864843e-06, 1.4785817938900436e-06, 1.495744299973012e-06, 1.6111138165797456e-06, 2.5102051495196065e-06, 2.5915032892953604e-06, 2.2075635115470504e-06, 2.2266954147198703e-06, 1.9034944216400618e-06, 1.9623205389507348e-06, 2.0934805888828123e-06, 1.8019875369645888e-06, 1.6090330063889269e-06, 1.3653582300321432e-06, 1.1830279618152417e-06, 1.045487806550227e-06, 1.043546376422455e-06, 1.1966142210440012e-06, 1.2486366358643863e-06, 1.5555723393845255e-06, 1.2165380667283898e-06, 1.1949949794143322e-06, 1.5608151215928956e-06, 1.652609739721811e-06, 1.0764385933725862e-06, 9.71778717939742e-07, 8.051760573835054e-07, 7.114660434126563e-07, 5.691545652553032e-07, 5.235903586253698e-07, 5.552493576033157e-07, 5.708557182515506e-07, 5.844949555466883e-07, 4.0712515669838467e-07, 4.330900367222057e-07, 4.949329195369501e-07, 5.95787241763901e-07, 5.571124574998976e-07, 5.424350320026861e-07, 4.930618047183088e-07, 2.569534558460873e-07, 1.4098265666007137e-08, 1.6906245847714274e-10, 1.4302759497597517e-11, 1.5255623153631603e-11, 5.843079058792666e-12, 1.5194339926874467e-12, 1.475372558498722e-12, 1.4027388191978352e-12, 1.3003097947342224e-12, 1.2421502628562342e-12, 1.2269172223328129e-12], "lowlevel.melbands128.stdev": [0.0003193169250153005, 0.0011230695527046919, 0.0020591984502971172, 0.0019210785394534469, 0.002142517827451229, 0.002761282492429018, 0.0029658768326044083, 0.004463804420083761, 0.004493820481002331, 0.0023141433484852314, 0.0009863234590739012, 0.00044281798182055354, 0.00034005314228124917, 0.00033882647403515875, 0.0004544796247500926, 0.0004046872491016984, 0.00036579297739081085, 0.0007820992032065988, 0.00038828529068268836, 0.00015944187180139124, 7.513897435273975e-05, 7.421379996230826e-05, 0.00012178479664726183, 0.00027796102222055197, 0.00044739089207723737, 0.00028452390688471496, 0.00018347098375670612, 0.00020727163064293563, 0.0002575795806478709, 0.0001719827705528587, 0.0001274623500648886, 9.251575829694048e-05, 0.00012052353849867359, 0.0002111552021233365, 0.0002487878082320094, 0.000184534554136917, 8.422623795922846e-05, 0.00010553833999438211, 5.745584348915145e-05, 2.8259060854907148e-05, 2.988036794704385e-05, 4.3616619223030284e-05, 8.58180210343562e-05, 7.229810580611229e-05, 3.132092751911841e-05, 5.4208358051255345e-05, 4.830033503822051e-05, 4.968751090927981e-05, 4.2877160012722015e-05, 4.088019340997562e-05, 3.0838607926853e-05, 2.9902937967563048e-05, 2.1888879928155802e-05, 1.8807984815794043e-05, 1.794835043256171e-05, 2.006012618949171e-05, 2.3115788280847482e-05, 1.8756634744931944e-05, 2.3457994757336564e-05, 1.54804529302055e-05, 2.025029061769601e-05, 1.1959623407165054e-05, 1.5547035218332894e-05, 1.12454617919866e-05, 8.877138498064596e-06, 8.182376404874958e-06, 8.139820238284301e-06, 1.1071937478845939e-05, 1.3726955330639612e-05, 8.984979103843216e-06, 9.360547664982732e-06, 1.577795046614483e-05, 2.0077812223462388e-05, 1.8759590602712706e-05, 8.902550689526834e-06, 1.0223628123640083e-05, 1.1724385331035592e-05, 5.014695489080623e-06, 4.555901796265971e-06, 5.160287400940433e-06, 1.1008833098458126e-05, 1.0173069313168526e-05, 8.374523531529121e-06, 9.138990208157338e-06, 5.742163011746015e-06, 5.343224529497093e-06, 4.920820629195077e-06, 4.760975116369082e-06, 5.180417247174773e-06, 3.6830258522968506e-06, 2.5464848931733286e-06, 2.5425820240343455e-06, 2.5659462608018657e-06, 2.6992270250048023e-06, 2.5872870992316166e-06, 3.6159688079351326e-06, 2.807219061651267e-06, 3.310766487629735e-06, 3.895299414580222e-06, 4.384194198792102e-06, 3.218580104658031e-06, 2.6113914373127045e-06, 2.3274194518307922e-06, 1.6318180087182554e-06, 1.1173863185831578e-06, 1.3393042763709673e-06, 1.6827291346999118e-06, 1.7456682144256774e-06, 1.996277433136129e-06, 1.3716427247345564e-06, 1.0796936749102315e-06, 1.0666443586160312e-06, 1.3990201068736496e-06, 1.0860060228878865e-06, 1.2745729236485204e-06, 1.0748478871391853e-06, 4.6157722977113735e-07, 3.352261757072483e-08, 2.2411659195142875e-09, 2.2749792327747542e-10, 2.4695184785983315e-10, 7.76114381095816e-11, 3.014772025772272e-12, 2.9521558808642823e-12, 2.9003895639367894e-12, 2.8595899519839874e-12, 2.830526394867472e-12, 2.812875583499408e-12], "lowlevel.mfcc.mean": [-709.0435791015625, 88.56690216064453, 6.082080841064453, 6.08145809173584, 9.971940994262695, -5.025935173034668, -4.147724628448486, 8.521450996398926, 2.123896360397339, 1.810149908065796, -1.949436068534851, -3.922776699066162, 2.3819470405578613], "lowlevel.spectral_contrast_coeffs.mean": [-0.7115844488143921, -0.7586252093315125, -0.7904359698295593, -0.8065319061279297, -0.7976014614105225, -0.7934463620185852], "lowlevel.spectral_contrast_coeffs.stdev": [0.09289563447237015, 0.09457694739103317, 0.06609919667243958, 0.06125621497631073, 0.05227009579539299, 0.03793654963374138], "lowlevel.spectral_contrast_valleys.mean": [-8.082335472106934, -7.598564147949219, -8.001503944396973, -8.166555404663086, -8.201884269714355, -10.374131202697754], "lowlevel.spectral_contrast_valleys.stdev": [1.197903037071228, 0.9383152723312378, 1.0370434522628784, 0.8708812594413757, 0.8471456170082092, 0.964224636554718], "rhythm.beats_loudness_band_ratio.mean": [0.3000083267688751, 0.17447318136692047, 0.1759062558412552, 0.10148369520902634, 0.10207001864910126, 0.20985180139541626], "rhythm.beats_loudness_band_ratio.stdev": [0.3197070062160492, 0.1229841485619545, 0.14957135915756226, 0.0701865404844284, 0.13677337765693665, 0.1557508409023285], "tonal.hpcp.mean": [0.30132272839546204, 0.2595924735069275, 0.22542884945869446, 0.16615083813667297, 0.1045573353767395, 0.10528464615345001, 0.10946772992610931, 0.10238588601350784, 0.10403679311275482, 0.12592098116874695, 0.12920381128787994, 0.11763149499893188, 0.11868038773536682, 0.1061193123459816, 0.10057544708251953, 0.09074616432189941, 0.08782320469617844, 0.08169019222259521, 0.07628466933965683, 0.09056063741445541, 0.09274975955486298, 0.09392887353897095, 0.09778744727373123, 0.10758227109909058, 0.11047309637069702, 0.10453750938177109, 0.08314264565706253, 0.06672205775976181, 0.06548398733139038, 0.07583360373973846, 0.10442348569631577, 0.1168096736073494, 0.13498586416244507, 0.18809270858764648, 0.2377677857875824, 0.28460589051246643], "tonal.hpcp.stdev": [0.34502774477005005, 0.3274804353713989, 0.3324732482433319, 0.268955260515213, 0.195924311876297, 0.212016299366951, 0.199397012591362, 0.20629309117794037, 0.19028882682323456, 0.2323300540447235, 0.22481948137283325, 0.20924988389015198, 0.2157614827156067, 0.20947517454624176, 0.19636206328868866, 0.19308333098888397, 0.19870096445083618, 0.17234939336776733, 0.1613524705171585, 0.1900934875011444, 0.16135850548744202, 0.17179088294506073, 0.15956060588359833, 0.20768806338310242, 0.19745418429374695, 0.20356492698192596, 0.1865081638097763, 0.16483008861541748, 0.142465740442276, 0.14319385588169098, 0.18178001046180725, 0.20330987870693207, 0.23675601184368134, 0.29231756925582886, 0.306817889213562, 0.33687931299209595], "rhythm.beats_position": [0.6733786463737488, 1.3235373497009277, 1.9620860815048218, 2.6122448444366455, 3.250793695449829, 3.8893423080444336, 4.527891159057617, 5.178049564361572, 5.804988384246826, 6.44353723526001, 7.082086086273193], "rhythm.bpm_histogram": [0.0, 0.0, 0.0, 0.0, 0.0, 0.0, 0.0, 0.0, 0.0, 0.0, 0.0, 0.0, 0.0, 0.0, 0.0, 0.0, 0.0, 0.0, 0.0, 0.0, 0.0, 0.0, 0.0, 0.0, 0.0, 0.0, 0.0, 0.0, 0.0, 0.0, 0.0, 0.0, 0.0, 0.0, 0.0, 0.0, 0.0, 0.0, 0.0, 0.0, 0.0, 0.0, 0.0, 0.0, 0.0, 0.0, 0.0, 0.0, 0.0, 0.0, 0.0, 0.0, 0.0, 0.0, 0.0, 0.0, 0.0, 0.0, 0.0, 0.0, 0.0, 0.0, 0.0, 0.0, 0.0, 0.0, 0.0, 0.0, 0.0, 0.0, 0.0, 0.0, 0.0, 0.0, 0.0, 0.0, 0.0, 0.0, 0.0, 0.0, 0.0, 0.0, 0.0, 0.0, 0.0, 0.0, 0.0, 0.0, 0.0, 0.0, 0.0, 0.0, 0.30000001192092896, 0.0, 0.6000000238418579, 0.0, 0.10000000149011612, 0.0, 0.0, 0.0, 0.0, 0.0, 0.0, 0.0, 0.0, 0.0, 0.0, 0.0, 0.0, 0.0, 0.0, 0.0, 0.0, 0.0, 0.0, 0.0, 0.0, 0.0, 0.0, 0.0, 0.0, 0.0, 0.0, 0.0, 0.0, 0.0, 0.0, 0.0, 0.0, 0.0, 0.0, 0.0, 0.0, 0.0, 0.0, 0.0, 0.0, 0.0, 0.0, 0.0, 0.0, 0.0, 0.0, 0.0, 0.0, 0.0, 0.0, 0.0, 0.0, 0.0, 0.0, 0.0, 0.0, 0.0, 0.0, 0.0, 0.0, 0.0, 0.0, 0.0, 0.0, 0.0, 0.0, 0.0, 0.0, 0.0, 0.0, 0.0, 0.0, 0.0, 0.0, 0.0, 0.0, 0.0, 0.0, 0.0, 0.0, 0.0, 0.0, 0.0, 0.0, 0.0, 0.0, 0.0, 0.0, 0.0, 0.0, 0.0, 0.0, 0.0, 0.0, 0.0, 0.0, 0.0, 0.0, 0.0, 0.0, 0.0, 0.0, 0.0, 0.0, 0.0, 0.0, 0.0, 0.0, 0.0, 0.0, 0.0, 0.0, 0.0, 0.0, 0.0, 0.0, 0.0, 0.0, 0.0, 0.0, 0.0, 0.0, 0.0, 0.0, 0.0, 0.0, 0.0, 0.0, 0.0, 0.0, 0.0, 0.0, 0.0, 0.0, 0.0, 0.0, 0.0, 0.0, 0.0, 0.0, 0.0, 0.0, 0.0, 0.0, 0.0, 0.0, 0.0, 0.0, 0.0, 0.0, 0.0, 0.0, 0.0], "tonal.chords_histogram": [0.0, 0.0, 2.9761905670166016, 0.0, 0.0, 0.0, 0.0, 2.3809523582458496, 17.85714340209961, 22.619047164916992, 0.0, 0.0, 0.0, 0.0, 0.0, 9.523809432983398, 23.214284896850586, 0.0, 0.0, 0.0, 0.0, 0.0, 0.0, 21.428571701049805], "tonal.thpcp": [1.0, 0.8615097403526306, 0.7481309175491333, 0.5514049530029297, 0.3469945192337036, 0.34940823912620544, 0.3632906377315521, 0.33978813886642456, 0.34526699781417847, 0.41789406538009644, 0.42878881096839905, 0.3903837502002716, 0.3938646912574768, 0.3521782457828522, 0.33377981185913086, 0.3011593818664551, 0.29145893454551697, 0.2711053192615509, 0.25316599011421204, 0.3005436658859253, 0.30780869722366333, 0.3117218315601349, 0.3245272934436798, 0.357033371925354, 0.36662715673446655, 0.3469287157058716, 0.27592557668685913, 0.22143055498600006, 0.21732176840305328, 0.2516690492630005, 0.346550315618515, 0.3876563608646393, 0.4479776918888092, 0.6242234110832214, 0.7890801429748535, 0.9445218443870544], "lowlevel.gfcc.cov": [[6554.2626953125, 206.4162139892578, -28.178485870361328, -156.5347137451172, -228.6588592529297, 41.85844802856445, 57.1198616027832, -234.27239990234375, -195.6066436767578, 51.68825149536133, -102.2124252319336, 52.13025665283203, -10.12004280090332], [206.4162139892578, 1727.921875, 85.36882019042969, -183.6744842529297, 385.3039245605469, 96.09062194824219, 123.2283706665039, 79.41015625, 181.92555236816406, -64.82302856445312, 107.28462982177734, -51.29679870605469, -25.811975479125977], [-28.178485870361328, 85.36882019042969, 1075.653076171875, 456.8983154296875, 28.94182014465332, 191.7986297607422, 133.78297424316406, 48.157955169677734, -4.790970325469971, 28.271833419799805, -41.46212387084961, 21.53907012939453, 31.4036865234375], [-156.5347137451172, -183.6744842529297, 456.8983154296875, 635.1096801757812, 143.93589782714844, 45.73166275024414, 68.21538543701172, 70.49356842041016, 78.68638610839844, 46.267921447753906, 19.093278884887695, 16.03004264831543, 62.58658218383789], [-228.6588592529297, 385.3039245605469, 28.94182014465332, 143.93589782714844, 377.4640197753906, 170.6771240234375, 99.7939453125, 130.9978790283203, 154.6229248046875, 29.191808700561523, 46.4623908996582, -17.143741607666016, 45.15708923339844], [41.85844802856445, 96.09062194824219, 191.7986297607422, 45.73166275024414, 170.6771240234375, 489.747802734375, 368.42608642578125, 46.14249801635742, 9.52326488494873, 40.970672607421875, 15.899951934814453, 13.080745697021484, 39.315391540527344], [57.1198616027832, 123.2283706665039, 133.78297424316406, 68.21538543701172, 99.7939453125, 368.42608642578125, 441.7291564941406, 94.57501220703125, 34.18867492675781, 20.0728759765625, 31.786636352539062, 30.413347244262695, 42.816829681396484], [-234.27239990234375, 79.41015625, 48.157955169677734, 70.49356842041016, 130.9978790283203, 46.14249801635742, 94.57501220703125, 223.97308349609375, 165.52862548828125, 36.09175109863281, 33.292972564697266, 8.538971900939941, 46.05437469482422], [-195.6066436767578, 181.92555236816406, -4.790970325469971, 78.68638610839844, 154.6229248046875, 9.52326488494873, 34.18867492675781, 165.52862548828125, 243.23611450195312, 85.18114471435547, 46.058345794677734, -7.213255882263184, 33.3375129699707], [51.68825149536133, -64.82302856445312, 28.271833419799805, 46.267921447753906, 29.191808700561523, 40.970672607421875, 20.0728759765625, 36.09175109863281, 85.18114471435547, 150.88890075683594, 58.1580696105957, -4.885442733764648, 9.313339233398438], [-102.2124252319336, 107.28462982177734, -41.46212387084961, 19.093278884887695, 46.4623908996582, 15.899951934814453, 31.786636352539062, 33.292972564697266, 46.058345794677734, 58.1580696105957, 131.98788452148438, 33.11619186401367, -9.224735260009766], [52.13025665283203, -51.29679870605469, 21.53907012939453, 16.03004264831543, -17.143741607666016, 13.080745697021484, 30.413347244262695, 8.538971900939941, -7.213255882263184, -4.885442733764648, 33.11619186401367, 69.10343933105469, 11.947917938232422], [-10.12004280090332, -25.811975479125977, 31.4036865234375, 62.58658218383789, 45.15708923339844, 39.315391540527344, 42.816829681396484, 46.05437469482422, 33.3375129699707, 9.313339233398438, -9.224735260009766, 11.947917938232422, 62.93846893310547]], "lowlevel.gfcc.icov": [[0.00018953079415950924, -0.00020872919412795454, 0.00015765559510327876, -0.00018292356980964541, 0.000257197767496109, -0.00011378653289284557, 5.7639641454443336e-05, -8.159245044225827e-05, 0.0003203537198714912, -0.0005685777286998928, 0.0006006021867506206, -0.000539531814865768, 6.004566603223793e-05], [-0.00020872919412795454, 0.0022826502099633217, -0.0017378437332808971, 0.002551047597080469, -0.0033619266469031572, 0.0024426046293228865, -0.0022031753323972225, 0.0029205940663814545, -0.002643469488248229, 0.0031332173384726048, -0.0034598596394062042, 0.0028260364197194576, -0.0006260899244807661], [0.00015765559510327876, -0.0017378437332808971, 0.0030682573560625315, -0.0034079274628311396, 0.0033612095285207033, -0.0032326604705303907, 0.0023862123489379883, -0.0031797660049051046, 0.002315210411325097, -0.0025107015389949083, 0.00351451407186687, -0.002692168578505516, 0.0016530929133296013], [-0.00018292356980964541, 0.002551047597080469, -0.0034079274628311396, 0.006034616380929947, -0.005408397410064936, 0.0046817888505756855, -0.003712112782523036, 0.004345846828073263, -0.002916988218203187, 0.002701879246160388, -0.0041453903540968895, 0.002955629723146558, -0.0030058484990149736], [0.000257197767496109, -0.0033619266469031572, 0.0033612095285207033, -0.005408397410064936, 0.011897493153810501, -0.008415735326707363, 0.006246623117476702, -0.005570921115577221, 0.0002086413005599752, -0.0009008942288346589, 0.0020037677604705095, -0.000896992685738951, -0.000601916981395334], [-0.00011378653289284557, 0.0024426046293228865, -0.0032326604705303907, 0.0046817888505756855, -0.008415735326707363, 0.012423104606568813, -0.009882173500955105, 0.005481072701513767, -0.00020183502056170255, -0.0006081495666876435, -0.0015692521119490266, 0.001997247338294983, -0.001481482177041471], [5.7639641454443336e-05, -0.0022031753323972225, 0.0023862123489379883, -0.003712112782523036, 0.006246623117476702, -0.009882173500955105, 0.010796461254358292, -0.006014765240252018, 0.0017142421565949917, -0.0003465305198915303, 0.0012574110878631473, -0.0026291015092283487, 0.00018075085245072842], [-8.159245044225827e-05, 0.0029205940663814545, -0.0031797660049051046, 0.004345846828073263, -0.005570921115577221, 0.005481072701513767, -0.006014765240252018, 0.015944935381412506, -0.010532960295677185, 0.005509957205504179, -0.005244293715804815, 0.0031650240998715162, -0.005158459767699242], [0.0003203537198714912, -0.002643469488248229, 0.002315210411325097, -0.002916988218203187, 0.0002086413005599752, -0.00020183502056170255, 0.0017142421565949917, -0.010532960295677185, 0.016287852078676224, -0.009977017529308796, 0.005436036270111799, -0.0034881236497312784, 0.0015382603742182255], [-0.0005685777286998928, 0.0031332173384726048, -0.0025107015389949083, 0.002701879246160388, -0.0009008942288346589, -0.0006081495666876435, -0.0003465305198915303, 0.005509957205504179, -0.009977017529308796, 0.017575155943632126, -0.011807717382907867, 0.008777244947850704, -0.0037231887690722942], [0.0006006021867506206, -0.0034598596394062042, 0.00351451407186687, -0.0041453903540968895, 0.0020037677604705095, -0.0015692521119490266, 0.0012574110878631473, -0.005244293715804815, 0.005436036270111799, -0.011807717382907867, 0.02035921812057495, -0.01367697212845087, 0.008019106462597847], [-0.000539531814865768, 0.0028260364197194576, -0.002692168578505516, 0.002955629723146558, -0.000896992685738951, 0.001997247338294983, -0.0026291015092283487, 0.0031650240998715162, -0.0034881236497312784, 0.008777244947850704, -0.01367697212845087, 0.025479765608906746, -0.007947767153382301], [6.004566603223793e-05, -0.0006260899244807661, 0.0016530929133296013, -0.0030058484990149736, -0.000601916981395334, -0.001481482177041471, 0.00018075085245072842, -0.005158459767699242, 0.0015382603742182255, -0.0037231887690722942, 0.008019106462597847, -0.007947767153382301, 0.025234851986169815]], "lowlevel.mfcc.cov": [[5724.96484375, 160.2349395751953, -212.56349182128906, -202.00558471679688, -341.8848876953125, 138.37408447265625, 78.27014923095703, -102.14583587646484, -42.90086364746094, -180.4755859375, -82.03724670410156, -45.02988815307617, -91.41277313232422], [160.2349395751953, 1673.072998046875, -150.90484619140625, -187.55946350097656, 210.03875732421875, 5.115936756134033, 44.04881286621094, 134.1393280029297, 35.11561584472656, 64.05430603027344, 113.40382385253906, 45.11640930175781, 0.7107239961624146], [-212.56349182128906, -150.90484619140625, 954.1504516601562, 307.5579528808594, 21.467588424682617, 176.7478485107422, 142.1017303466797, 56.66389083862305, 91.76859283447266, -13.154168128967285, -50.62224197387695, 57.73695755004883, 27.140111923217773], [-202.00558471679688, -187.55946350097656, 307.5579528808594, 526.18701171875, 203.48214721679688, -37.26432418823242, -58.43004608154297, 12.978766441345215, 35.26715850830078, 54.85321807861328, -12.02863597869873, 12.432502746582031, 55.81501770019531], [-341.8848876953125, 210.03875732421875, 21.467588424682617, 203.48214721679688, 380.1014404296875, -13.38327693939209, -47.89518356323242, 29.49330711364746, 68.62328338623047, 94.22677612304688, 46.712684631347656, 24.328359603881836, 36.63676452636719], [138.37408447265625, 5.115936756134033, 176.7478485107422, -37.26432418823242, -13.38327693939209, 396.76361083984375, 266.6698913574219, 91.34439849853516, 110.09562683105469, 32.44961929321289, 27.95273208618164, 80.38982391357422, -15.267166137695312], [78.27014923095703, 44.04881286621094, 142.1017303466797, -58.43004608154297, -47.89518356323242, 266.6698913574219, 334.2052001953125, 152.89495849609375, 101.49126434326172, 22.34132957458496, 34.639617919921875, 75.0135498046875, 0.6212239861488342], [-102.14583587646484, 134.1393280029297, 56.66389083862305, 12.978766441345215, 29.49330711364746, 91.34439849853516, 152.89495849609375, 238.693359375, 128.77749633789062, 46.57783889770508, 37.34068298339844, 42.2095832824707, 18.75720977783203], [-42.90086364746094, 35.11561584472656, 91.76859283447266, 35.26715850830078, 68.62328338623047, 110.09562683105469, 101.49126434326172, 128.77749633789062, 240.71517944335938, 120.82539367675781, 43.92798614501953, 33.517459869384766, 10.870302200317383], [-180.4755859375, 64.05430603027344, -13.154168128967285, 54.85321807861328, 94.22677612304688, 32.44961929321289, 22.34132957458496, 46.57783889770508, 120.82539367675781, 169.41397094726562, 97.14417266845703, 35.46211242675781, 11.385111808776855], [-82.03724670410156, 113.40382385253906, -50.62224197387695, -12.02863597869873, 46.712684631347656, 27.95273208618164, 34.639617919921875, 37.34068298339844, 43.92798614501953, 97.14417266845703, 138.95252990722656, 62.878448486328125, 18.828475952148438], [-45.02988815307617, 45.11640930175781, 57.73695755004883, 12.432502746582031, 24.328359603881836, 80.38982391357422, 75.0135498046875, 42.2095832824707, 33.517459869384766, 35.46211242675781, 62.878448486328125, 119.57633972167969, 48.68192672729492], [-91.41277313232422, 0.7107239961624146, 27.140111923217773, 55.81501770019531, 36.63676452636719, -15.267166137695312, 0.6212239861488342, 18.75720977783203, 10.870302200317383, 11.385111808776855, 18.828475952148438, 48.68192672729492, 99.45613098144531]], "lowlevel.mfcc.icov": [[0.00020714658603537828, -7.666107558179647e-05, 0.00011457767686806619, -0.00015849925694055855, 0.00023753999266773462, -9.967386722564697e-05, -3.5667857446242124e-05, 0.0002291709533892572, -0.00028497722814790905, 0.0003900052106473595, -9.646373655414209e-05, -7.620717497047735e-07, 0.00010796049173222855], [-7.666107558179647e-05, 0.0008464732673019171, -0.00015056485426612198, 0.0006872718222439289, -0.0008379424107261002, 0.00013102997036185116, 8.431707829004154e-05, -0.000679916818626225, 0.0004611973708961159, -0.00013909320114180446, -0.0003735228383447975, 2.177831902372418e-06, 7.053206354612485e-05], [0.00011457767686806619, -0.00015056485426612198, 0.001789966132491827, -0.0014383612433448434, 0.0006256554624997079, -0.00041825376683846116, -0.0005046995938755572, 0.0005780818755738437, -0.001020718482322991, 0.0010191680630668998, 0.0004611876793205738, -0.000723554752767086, 0.00028634423506446183], [-0.00015849925694055855, 0.0006872718222439289, -0.0014383612433448434, 0.004216240253299475, -0.002266320865601301, 0.00035787862725555897, 0.0007409174577333033, -0.001186366192996502, 0.0015118862502276897, -0.0021615223959088326, 0.001092863967642188, 0.00027266275719739497, -0.0012735127238556743], [0.00023753999266773462, -0.0008379424107261002, 0.0006256554624997079, -0.002266320865601301, 0.004950921982526779, -0.0007329926593229175, 0.0009236649493686855, 0.0003855267714243382, -0.0010308204218745232, -0.0006426652544178069, -6.857317202957347e-05, -0.00021950522204861045, -0.0003826649335678667], [-9.967386722564697e-05, 0.00013102997036185116, -0.00041825376683846116, 0.00035787862725555897, -0.0007329926593229175, 0.0066833035089075565, -0.005023513920605183, 0.001652211300097406, -0.001431665732525289, 3.142005152767524e-05, 0.0007175664650276303, -0.002536286599934101, 0.00209496240131557], [-3.5667857446242124e-05, 8.431707829004154e-05, -0.0005046995938755572, 0.0007409174577333033, 0.0009236649493686855, -0.005023513920605183, 0.009577590972185135, -0.0043694572523236275, 0.0005608537467196584, 0.00016884888464119285, -0.0005359241040423512, -0.001025295234285295, -0.00013592015602625906], [0.0002291709533892572, -0.000679916818626225, 0.0005780818755738437, -0.001186366192996502, 0.0003855267714243382, 0.001652211300097406, -0.0043694572523236275, 0.009069894440472126, -0.004911135882139206, 0.00278262235224247, -0.001324115670286119, -7.572153117507696e-05, -0.00034214803599752486], [-0.00028497722814790905, 0.0004611973708961159, -0.001020718482322991, 0.0015118862502276897, -0.0010308204218745232, -0.001431665732525289, 0.0005608537467196584, -0.004911135882139206, 0.011526823975145817, -0.009393769316375256, 0.0038430863060057163, 0.0005156120751053095, -0.0009169273544102907], [0.0003900052106473595, -0.00013909320114180446, 0.0010191680630668998, -0.0021615223959088326, -0.0006426652544178069, 3.142005152767524e-05, 0.00016884888464119285, 0.00278262235224247, -0.009393769316375256, 0.01973021775484085, -0.011654245667159557, 0.001318323309533298, 0.0013392505934461951], [-9.646373655414209e-05, -0.0003735228383447975, 0.0004611876793205738, 0.001092863967642188, -6.857317202957347e-05, 0.0007175664650276303, -0.0005359241040423512, -0.001324115670286119, 0.0038430863060057163, -0.011654245667159557, 0.018260693177580833, -0.0073767793364822865, 0.0006311713368631899], [-7.620717497047735e-07, 2.177831902372418e-06, -0.000723554752767086, 0.00027266275719739497, -0.00021950522204861045, -0.002536286599934101, -0.001025295234285295, -7.572153117507696e-05, 0.0005156120751053095, 0.001318323309533298, -0.0073767793364822865, 0.017560647800564766, -0.007650427985936403], [0.00010796049173222855, 7.053206354612485e-05, 0.00028634423506446183, -0.0012735127238556743, -0.0003826649335678667, 0.00209496240131557, -0.00013592015602625906, -0.00034214803599752486, -0.0009169273544102907, 0.0013392505934461951, 0.0006311713368631899, -0.007650427985936403, 0.014890060760080814]], "metadata.audio_properties.analysis.downmix": "mix", "metadata.audio_properties.codec": "mp3", "metadata.audio_properties.md5_encoded": "cb2af17441161ceec4a5e29af20e50dc", "metadata.tags.file_name": "1183711535512682516.mp3", "metadata.version.essentia": "2.1-beta6-dev", "metadata.version.essentia_git_sha": "v2.1_beta5-1110-g77a6a954", "metadata.version.extractor": "music 2.0", "tonal.chords_key": "A", "tonal.chords_scale": "minor", "tonal.key_edma.key": "C#", "tonal.key_edma.scale": "minor", "tonal.key_krumhansl.key": "C#", "tonal.key_krumhansl.scale": "minor", "tonal.key_temperley.key": "C#", "tonal.key_temperley.scale": "minor", "metadata.tags.encoding": ["Lavf58.45.100"]}, "essentia_models": [{"model_name": "genre_dortmund", "activations": {"alternative": "0.0013211699", "blues": "0.00048711812", "electronic": "0.0026827434", "folkcountry": "0.00019693057", "funksoulrnb": "0.004308777", "jazz": "0.00068344123", "pop": "0.0013133901", "raphiphop": "0.9966434", "rock": "0.004480622"}}, {"model_name": "genre_rosamerica", "activations": {"classic": "0.000951745", "dance": "5.2599415e-05", "hip hop": "0.9803381", "jazz": "9.3345196e-05", "pop": "0.0025885268", "rhythm and blues": "0.018276308", "rock": "0.0019234112", "speech": "0.00990282"}}, {"model_name": "genre_tzanetakis", "activations": {"blues": "0.00073879666", "classic": "0.00025325626", "country": "5.1371844e-05", "disco": "0.002113592", "hip hop": "0.9824489", "jazz": "2.6061625e-05", "metal": "4.296173e-05", "pop": "0.00090140966", "reggae": "0.040973112", "rock": "0.0015917284"}}, {"model_name": "genre_electronic", "activations": {"ambient": "0.16622809", "dnb": "0.16324544", "house": "0.40787792", "techno": "0.4239906", "trance": "0.009638602"}}, {"model_name": "mood_acoustic", "activations": {"acoustic": "6.7281246e-05", "not acoustic": "0.98999023"}}, {"model_name": "mood_electronic", "activations": {"electronic": "0.3557415", "not electronic": "0.34190968"}}, {"model_name": "mo