{"song_id": "1183708268128903229", "download": "https://cdn.discordapp.com/attachments/1135903449314238464/1183708268128903229/chirp.mp4?ex=6589513b&amp", "lyrics": "\u0430 \u044f \u0442\u0435\u0431\u044f \u0442\u043e\u043f\u043e\u0440\u0438\u043a\u043e\u043c\n\u0431\u0430\u043c \u0431\u0430\u043c \u0431\u0430\u043c\n\u0430 \u044f \u0442\u0435\u0431\u044f \u0442\u043e\u043f\u043e\u0440\u0438\u043a\u043e\u043c\n\u043f\u043e \u043a\u0443\u0441\u043a\u0430\u043c\n\u0430 \u044f \u0442\u0435\u0431\u044f \u0442\u043e\u043f\u043e\u0440\u0438\u043a\u043e\u043c\n\u0442\u044b\u0449 \u0442\u044b\u0449 \u0442\u044b\u0449\n\u043e\u0442 \u0442\u0435\u0431\u044f \u043e\u0441\u0442\u0430\u043d\u0435\u0442\u0441\u044f\n\u0442\u043e\u043b\u044c\u043a\u043e \u043f\u0440\u044b\u0449", "style": ["Hip hop</span><span>, rap"], "essentia_features": {"lowlevel.average_loudness": 0.973063051700592, "lowlevel.barkbands_crest.mean": 10.206503868103027, "lowlevel.barkbands_crest.stdev": 3.694742441177368, "lowlevel.barkbands_flatness_db.mean": 0.18167708814144135, "lowlevel.barkbands_flatness_db.stdev": 0.03509601205587387, "lowlevel.barkbands_kurtosis.mean": 2.987266778945923, "lowlevel.barkbands_kurtosis.stdev": 5.497872829437256, "lowlevel.barkbands_skewness.mean": 1.2217895984649658, "lowlevel.barkbands_skewness.stdev": 1.0500177145004272, "lowlevel.barkbands_spread.mean": 16.845746994018555, "lowlevel.barkbands_spread.stdev": 10.276457786560059, "lowlevel.dissonance.mean": 0.4526505172252655, "lowlevel.dissonance.stdev": 0.03184130787849426, "lowlevel.dynamic_complexity": 2.559901714324951, "lowlevel.erbbands_crest.mean": 10.848188400268555, "lowlevel.erbbands_crest.stdev": 4.96051549911499, "lowlevel.erbbands_flatness_db.mean": 0.20767059922218323, "lowlevel.erbbands_flatness_db.stdev": 0.04460751637816429, "lowlevel.erbbands_kurtosis.mean": 1.0459262132644653, "lowlevel.erbbands_kurtosis.stdev": 3.1807985305786133, "lowlevel.erbbands_skewness.mean": 0.51839280128479, "lowlevel.erbbands_skewness.stdev": 0.6386113166809082, "lowlevel.erbbands_spread.mean": 30.3283634185791, "lowlevel.erbbands_spread.stdev": 18.011333465576172, "lowlevel.hfc.mean": 20.93103790283203, "lowlevel.hfc.stdev": 16.62128448486328, "lowlevel.loudness_ebu128.integrated": -18.38262367248535, "lowlevel.loudness_ebu128.loudness_range": 0.8361167907714844, "lowlevel.loudness_ebu128.momentary.mean": -18.642772674560547, "lowlevel.loudness_ebu128.momentary.stdev": 1.6203030347824097, "lowlevel.loudness_ebu128.short_term.mean": -18.245271682739258, "lowlevel.loudness_ebu128.short_term.stdev": 0.50786954164505, "lowlevel.melbands_crest.mean": 12.896890640258789, "lowlevel.melbands_crest.stdev": 5.173602104187012, "lowlevel.melbands_flatness_db.mean": 0.1957329362630844, "lowlevel.melbands_flatness_db.stdev": 0.04876411706209183, "lowlevel.melbands_kurtosis.mean": 8.38369369506836, "lowlevel.melbands_kurtosis.stdev": 14.178597450256348, "lowlevel.melbands_skewness.mean": 1.8923120498657227, "lowlevel.melbands_skewness.stdev": 1.529913306236267, "lowlevel.melbands_spread.mean": 21.22960090637207, "lowlevel.melbands_spread.stdev": 13.016647338867188, "lowlevel.pitch_salience.mean": 0.5578892230987549, "lowlevel.pitch_salience.stdev": 0.10543690621852875, "lowlevel.silence_rate_20dB.mean": 1.0, "lowlevel.silence_rate_20dB.stdev": 0.0, "lowlevel.silence_rate_30dB.mean": 0.9798927903175354, "lowlevel.silence_rate_30dB.stdev": 0.140367329120636, "lowlevel.silence_rate_60dB.mean": 0.030831098556518555, "lowlevel.silence_rate_60dB.stdev": 0.17285814881324768, "lowlevel.spectral_centroid.mean": 1180.2003173828125, "lowlevel.spectral_centroid.stdev": 510.8822021484375, "lowlevel.spectral_complexity.mean": 17.571044921875, "lowlevel.spectral_complexity.stdev": 7.2805376052856445, "lowlevel.spectral_decrease.mean": -7.106994548422563e-09, "lowlevel.spectral_decrease.stdev": 8.047663868637756e-09, "lowlevel.spectral_energy.mean": 0.028721924871206284, "lowlevel.spectral_energy.stdev": 0.03123738430440426, "lowlevel.spectral_energyband_high.mean": 0.0007221348932944238, "lowlevel.spectral_energyband_high.stdev": 0.0012982685584574938, "lowlevel.spectral_energyband_low.mean": 0.00850709993392229, "lowlevel.spectral_energyband_low.stdev": 0.02623058296740055, "lowlevel.spectral_energyband_middle_high.mean": 0.00827210582792759, "lowlevel.spectral_energyband_middle_high.stdev": 0.008812238462269306, "lowlevel.spectral_energyband_middle_low.mean": 0.012608307413756847, "lowlevel.spectral_energyband_middle_low.stdev": 0.011417476460337639, "lowlevel.spectral_entropy.mean": 7.422327995300293, "lowlevel.spectral_entropy.stdev": 0.3599940240383148, "lowlevel.spectral_flux.mean": 0.099932961165905, "lowlevel.spectral_flux.stdev": 0.083392433822155, "lowlevel.spectral_kurtosis.mean": 4.89936637878418, "lowlevel.spectral_kurtosis.stdev": 3.417626142501831, "lowlevel.spectral_rms.mean": 0.004801562055945396, "lowlevel.spectral_rms.stdev": 0.0022285454906523228, "lowlevel.spectral_rolloff.mean": 1440.327880859375, "lowlevel.spectral_rolloff.stdev": 1320.4591064453125, "lowlevel.spectral_skewness.mean": 1.6425182819366455, "lowlevel.spectral_skewness.stdev": 0.4869537949562073, "lowlevel.spectral_spread.mean": 4096356.5, "lowlevel.spectral_spread.stdev": 1402459.875, "lowlevel.spectral_strongpeak.mean": 1.4915798902511597, "lowlevel.spectral_strongpeak.stdev": 1.3667755126953125, "lowlevel.zerocrossingrate.mean": 0.055706605315208435, "lowlevel.zerocrossingrate.stdev": 0.02890343964099884, "metadata.audio_properties.analysis.equal_loudness": 0.0, "metadata.audio_properties.analysis.length": 17.279977798461914, "metadata.audio_properties.analysis.sample_rate": 44100.0, "metadata.audio_properties.analysis.start_time": 0.0, "metadata.audio_properties.bit_rate": 103523.0, "metadata.audio_properties.length": 17.280000686645508, "metadata.audio_properties.lossless": 0.0, "metadata.audio_properties.number_channels": 1.0, "metadata.audio_properties.replay_gain": -8.549406051635742, "metadata.audio_properties.sample_rate": 48000.0, "rhythm.beats_count": 36.0, "rhythm.beats_loudness.mean": 0.04458111524581909, "rhythm.beats_loudness.stdev": 0.016304701566696167, "rhythm.bpm": 127.77610778808594, "rhythm.bpm_histogram_first_peak_bpm": 129.0, "rhythm.bpm_histogram_first_peak_weight": 0.4516128897666931, "rhythm.bpm_histogram_second_peak_bpm": 123.0, "rhythm.bpm_histogram_second_peak_spread": 0.3333333730697632, "rhythm.bpm_histogram_second_peak_weight": 0.05714285746216774, "rhythm.danceability": 1.7330323457717896, "rhythm.onset_rate": 4.624580383300781, "tonal.chords_changes_rate": 0.05614973232150078, "tonal.chords_number_rate": 0.01604278013110161, "tonal.chords_strength.mean": 0.584165632724762, "tonal.chords_strength.stdev": 0.09831192344427109, "tonal.hpcp_crest.mean": 14.895451545715332, "tonal.hpcp_crest.stdev": 6.694748878479004, "tonal.hpcp_entropy.mean": 1.8166331052780151, "tonal.hpcp_entropy.stdev": 0.6548805832862854, "tonal.key_edma.strength": 0.7938337922096252, "tonal.key_krumhansl.strength": 0.7963375449180603, "tonal.key_temperley.strength": 0.8015958666801453, "tonal.tuning_diatonic_strength": 0.6601836681365967, "tonal.tuning_equal_tempered_deviation": 0.14316284656524658, "tonal.tuning_frequency": 434.193115234375, "tonal.tuning_nontempered_energy_ratio": 0.8247548341751099, "lowlevel.barkbands.mean": [0.0002600678417365998, 0.003158257808536291, 0.003877420211210847, 0.0018494973191991448, 0.0030449123587459326, 0.0017812798032537103, 0.0020861714147031307, 0.0013134509790688753, 0.002299890387803316, 0.002318039769306779, 0.0013056014431640506, 0.001052999752573669, 0.0016100713983178139, 0.0007161815883591771, 0.0002776161418296397, 0.0002922997809946537, 0.0002900421095546335, 0.00020665529882535338, 0.00011288582754787058, 0.0004142322577536106, 0.00014074899081606418, 5.85787529416848e-05, 7.97267712187022e-05, 0.00012146691733505577, 5.3760897571919486e-05, 9.856359639570655e-08, 8.210985225076683e-10], "lowlevel.barkbands.stdev": [0.0006069629453122616, 0.007692934945225716, 0.016446003690361977, 0.0057648587971925735, 0.003204555017873645, 0.002651562914252281, 0.0037703346461057663, 0.0024954352993518114, 0.004964071325957775, 0.004850988741964102, 0.0032681417651474476, 0.0018262440571561456, 0.0029370728880167007, 0.0016917720204219222, 0.0005616583512164652, 0.0007503549568355083, 0.00046582723734900355, 0.00029143254505470395, 0.000172919942997396, 0.0007771586533635855, 0.0002701976045500487, 0.00014710606774315238, 0.00022846135834697634, 0.0003321395197417587, 0.00014633176033385098, 1.0149162790185073e-06, 1.4384284874324749e-09], "lowlevel.erbbands.mean": [0.10793288052082062, 0.6792463660240173, 3.7162301540374756, 6.283078670501709, 5.133387088775635, 13.309471130371094, 14.66261100769043, 15.042328834533691, 31.353797912597656, 20.58473777770996, 40.51258850097656, 58.0401611328125, 46.21635055541992, 77.71194458007812, 41.533531188964844, 55.93129348754883, 76.29796600341797, 35.92387008666992, 27.787342071533203, 10.641061782836914, 18.52149200439453, 15.32832145690918, 12.844058990478516, 7.774537563323975, 6.917747974395752, 21.635892868041992, 10.965386390686035, 3.134410858154297, 2.1067206859588623, 2.565617084503174, 2.132315158843994, 2.425771474838257, 1.9647666215896606, 0.8434963822364807, 0.26404112577438354, 0.014008915983140469, 0.00043407626799307764, 3.889726576744579e-05, 2.093591319862753e-05, 3.514271156745963e-05], "lowlevel.erbbands.stdev": [0.2433512955904007, 2.116842746734619, 15.479486465454102, 22.619478225708008, 9.366036415100098, 15.27299690246582, 17.518335342407227, 23.45513153076172, 65.15030670166016, 30.94331932067871, 66.0257797241211, 129.3520050048828, 80.56800079345703, 179.07875061035156, 78.50043487548828, 85.26343536376953, 136.50856018066406, 81.38227081298828, 50.85581588745117, 18.159143447875977, 44.41409683227539, 23.134611129760742, 16.678468704223633, 12.171781539916992, 9.883323669433594, 43.99346160888672, 18.967391967773438, 6.786069393157959, 5.0232343673706055, 7.2323784828186035, 5.835095405578613, 6.802210330963135, 5.400641441345215, 2.3297231197357178, 0.7343601584434509, 0.04523426666855812, 0.0012528139632195234, 9.563953062752262e-05, 2.181600393669214e-05, 3.524846397340298e-05], "lowlevel.gfcc.mean": [-22.291296005249023, 114.59748077392578, -153.83560180664062, 22.652292251586914, -84.9673080444336, 15.7039213180542, -46.05907440185547, 2.2239034175872803, -28.954408645629883, -9.78955364227295, 2.7747812271118164, -17.545909881591797, 7.985049724578857], "lowlevel.melbands.mean": [0.0008872910402715206, 0.0015791801270097494, 0.001013012370094657, 0.0006474056863225996, 0.0005583019810728729, 0.0003687131393235177, 0.00043505089706741273, 0.00022008370433468372, 0.00037890029489062726, 0.00032335022115148604, 0.00023662016610614955, 0.0003380788257345557, 0.00016490461712237448, 0.00011904205166501924, 0.00018332390754949301, 0.00011923602869501337, 6.524733908008784e-05, 5.325486199581064e-05, 1.4075088074605446e-05, 1.5188312318059616e-05, 2.325569403183181e-05, 1.598113522049971e-05, 1.3658789612236433e-05, 1.0272311556036584e-05, 5.850018624187214e-06, 3.686102445499273e-06, 7.94483730715001e-06, 1.6199375750147738e-05, 8.181643352145329e-06, 2.94093661068473e-06, 1.4316483429865912e-06, 1.0894458455368294e-06, 1.2934201549796853e-06, 1.5106687669685925e-06, 1.2863445135735674e-06, 1.0809444574988447e-06, 1.6617059372947551e-06, 1.5333812370954547e-06, 9.225715302818571e-07, 6.468405331361282e-07], "lowlevel.melbands.stdev": [0.0019500928465276957, 0.006192386616021395, 0.00338037614710629, 0.0007170474855229259, 0.000607571448199451, 0.0005438601365312934, 0.0008672538097016513, 0.00036202886258251965, 0.000620422710198909, 0.0007479140185751021, 0.00043952465057373047, 0.000765605887863785, 0.0003771154151763767, 0.0002097144169965759, 0.0002628250513225794, 0.0002512097416911274, 0.00016736080578994006, 0.00010546595876803622, 2.550476710894145e-05, 3.584950172808021e-05, 6.002304871799424e-05, 2.7088593924418092e-05, 1.9183613403583877e-05, 1.5101074495760258e-05, 1.0416353688924573e-05, 5.458791292767273e-06, 1.5409175830427557e-05, 3.438263956923038e-05, 1.5195959349512123e-05, 6.024339654686628e-06, 3.6367293887451524e-06, 2.5794752218644135e-06, 3.7056033761473373e-06, 4.480390089156572e-06, 3.6066214761376614e-06, 2.9755194645986194e-06, 4.911324140266515e-06, 4.504208845901303e-06, 2.3427417090715608e-06, 1.9413068912399467e-06], "lowlevel.melbands128.mean": [0.00024356773064937443, 0.0009530347306281328, 0.000986999599263072, 0.0010838484158739448, 0.001731445430777967, 0.001917637069709599, 0.0014015778433531523, 0.0007495253812521696, 0.0003464560431893915, 0.0006831629434600472, 0.0008338724728673697, 0.0006158787873573601, 0.0004404798964969814, 0.0005558680859394372, 0.00032549037132412195, 0.00017616909462958574, 0.0006397535325959325, 0.0004904726520180702, 0.00017821321671362966, 0.00023472636530641466, 0.00019017532758880407, 0.0003259863588027656, 0.00031409566872753203, 0.0005578389391303062, 0.0005192565149627626, 0.00014926939911674708, 8.898782834876329e-05, 0.00018321812967769802, 0.00043693449697457254, 0.00041818307363428175, 0.0002458663657307625, 0.0002878351369872689, 0.00018549607193563133, 6.396507524186745e-05, 5.955981032457203e-05, 0.00018824600556399673, 0.0001397883315803483, 0.00010508792183827609, 0.00032431024010293186, 0.00015693233581259847, 6.509061495307833e-05, 5.950094055151567e-05, 5.421646710601635e-05, 7.258775440277532e-05, 8.680672181071714e-05, 4.5319644414121285e-05, 2.6841842554858886e-05, 8.273659659607802e-06, 1.1235757483518682e-05, 1.475093904446112e-05, 1.1508373972901609e-05, 2.1801861294079572e-05, 2.1124520571902394e-05, 3.0851424526190385e-05, 1.4456290045927744e-05, 1.4938878848624881e-05, 1.2842281648772769e-05, 2.010835123655852e-05, 9.529159797239117e-06, 1.116373277909588e-05, 1.2696024896285962e-05, 7.473683126590913e-06, 6.76561148793553e-06, 5.949896149104461e-06, 3.1335152925748844e-06, 3.3134101613541134e-06, 4.333478045737138e-06, 3.7218612760625547e-06, 6.81933170199045e-06, 1.665609670453705e-05, 2.0199255232000723e-05, 1.306476133322576e-05, 1.135572892962955e-05, 7.538927548011998e-06, 4.803014235221781e-06, 3.303794528619619e-06, 2.035940951827797e-06, 1.1377260307199322e-06, 1.815466475818539e-06, 1.0580971547824447e-06, 1.051697722687095e-06, 1.123588731388736e-06, 1.077455976883357e-06, 1.4562403976015048e-06, 1.217797830577183e-06, 1.571100028741057e-06, 1.4873747886667843e-06, 1.661441388023377e-06, 1.3422729807643918e-06, 9.741224857862107e-07, 9.886605312203756e-07, 1.0085274197990657e-06, 1.3471985766955186e-06, 1.9950234673160594e-06, 1.469298354095372e-06, 1.8094586948791402e-06, 1.494461116635648e-06, 1.3186773912821081e-06, 8.620764333500119e-07, 7.946139248815598e-07, 7.155220487220504e-07, 7.045921961434942e-07, 4.1045359466806985e-07, 4.826490567211295e-07, 2.77141310789375e-07, 2.3362535728210787e-07, 3.7858360002474e-08, 4.3091397117223096e-09, 5.913525918943563e-11, 2.7171575753270893e-11, 2.3823585465487795e-11, 1.6429900842607204e-11, 1.0241244484399115e-11, 5.254259267256645e-12, 4.683325342119682e-12, 4.5256814788785515e-12, 4.1638970917079465e-12, 3.8502083465896675e-12, 3.73335303643918e-12, 3.6309282403640397e-12, 3.5407208848897698e-12, 3.474838038836081e-12, 3.411150051660372e-12, 3.346148228292045e-12, 3.2326411512906272e-12, 3.0791894641696294e-12, 2.9916887109987522e-12, 2.96638148072903e-12], "lowlevel.melbands128.stdev": [0.0005750011769123375, 0.0022966822143644094, 0.0023714499548077583, 0.0038779499009251595, 0.007302118930965662, 0.008159461431205273, 0.0052405064925551414, 0.0021079157013446093, 0.0007571780006401241, 0.0009264161926694214, 0.0011152641382068396, 0.0008417235221713781, 0.0006781222182326019, 0.001002862467430532, 0.000727385631762445, 0.0003420972789172083, 0.0014815378235653043, 0.001136940554715693, 0.0002383732353337109, 0.00045465148286893964, 0.0005208980874158442, 0.0007197575177997351, 0.0007020114571787417, 0.001360180089250207, 0.0013765579788014293, 0.0005860091187059879, 0.0002824774419423193, 0.0004780651652254164, 0.0009694220498204231, 0.0011857871431857347, 0.0010023291688412428, 0.0009260618244297802, 0.00045361745287664235, 0.0002503815048839897, 0.00011792976874858141, 0.00040744594298303127, 0.0003305654681753367, 0.0002164241741411388, 0.0006315679638646543, 0.00043121931958012283, 0.0002809803991112858, 0.00022583059035241604, 0.00023839733330532908, 0.00024152797413989902, 0.0002517496468499303, 0.0001250321074621752, 7.204117719084024e-05, 2.3741989934933372e-05, 2.568456511653494e-05, 3.310698957648128e-05, 3.7243076803861186e-05, 7.411054684780538e-05, 6.172373832669109e-05, 9.647956903791055e-05, 3.544246283126995e-05, 3.363420182722621e-05, 2.0123570720897987e-05, 4.081824590684846e-05, 1.7785849195206538e-05, 2.0234607291058637e-05, 2.3667793357162736e-05, 1.5081430319696665e-05, 1.5430618077516556e-05, 1.2404936569510028e-05, 6.3131569731922355e-06, 5.8230502872902434e-06, 6.614920039282879e-06, 7.200764230219647e-06, 1.337368394160876e-05, 4.6028580982238054e-05, 6.029769792803563e-05, 2.5600058506825007e-05, 2.65660655713873e-05, 1.624829019419849e-05, 1.0275225577061065e-05, 8.186879313143436e-06, 4.56755151390098e-06, 3.564113285392523e-06, 4.935386186843971e-06, 2.8760862278431887e-06, 2.4873129405023064e-06, 2.905688006649143e-06, 3.1394706638820935e-06, 4.495685971050989e-06, 4.137413725402439e-06, 5.2298501032055356e-06, 4.8502620302315336e-06, 5.684770712832687e-06, 3.816031494352501e-06, 2.6942454951495165e-06, 3.1378995117847808e-06, 3.0285882530733943e-06, 3.477980726529495e-06, 6.901091182953678e-06, 4.70563782073441e-06, 6.014194696035702e-06, 4.681398877437459e-06, 3.7884774428675883e-06, 2.292221552124829e-06, 2.0598849914676975e-06, 2.0821789803449064e-06, 2.628966285556089e-06, 1.0901910627580946e-06, 1.1634186876108288e-06, 9.388901389684179e-07, 8.20687773739337e-07, 1.5452596358045412e-07, 3.500516498888828e-08, 6.985987899277291e-10, 3.3622005179978487e-10, 3.109557611402636e-10, 2.4576449209057216e-10, 1.4749595989016484e-10, 2.0509375447952394e-11, 1.2009093372511437e-11, 1.2281039900308155e-11, 8.130054789112773e-12, 6.698770444596436e-12, 6.506623365098996e-12, 6.330262269232945e-12, 6.179651408644293e-12, 6.046864831771304e-12, 5.923411067199069e-12, 5.825050511387708e-12, 5.735564800879445e-12, 5.6669161550837455e-12, 5.617459622464516e-12, 5.586929356649062e-12], "lowlevel.mfcc.mean": [-645.6939697265625, 129.21102905273438, -9.559200286865234, -1.0391396284103394, -8.136719703674316, -8.768353462219238, 3.164393424987793, -7.872557163238525, -10.17542839050293, -3.035815477371216, -11.44066047668457, 3.6102230548858643, -4.354150295257568], "lowlevel.spectral_contrast_coeffs.mean": [-0.6397164463996887, -0.7254494428634644, -0.7236077189445496, -0.7689634561538696, -0.7950882911682129, -0.7969142198562622], "lowlevel.spectral_contrast_coeffs.stdev": [0.08865882456302643, 0.07174570858478546, 0.07559758424758911, 0.060433052480220795, 0.04002178832888603, 0.028436535969376564], "lowlevel.spectral_contrast_valleys.mean": [-7.287864685058594, -6.563023090362549, -7.188418865203857, -7.589697360992432, -7.588274955749512, -10.315897941589355], "lowlevel.spectral_contrast_valleys.stdev": [0.9694023728370667, 0.6567906737327576, 0.6141946315765381, 0.581559419631958, 0.7167730331420898, 0.910094678401947], "rhythm.beats_loudness_band_ratio.mean": [0.5243575572967529, 0.10275653749704361, 0.17408537864685059, 0.15405327081680298, 0.046139273792505264, 0.021406371146440506], "rhythm.beats_loudness_band_ratio.stdev": [0.2065080851316452, 0.09606799483299255, 0.16597911715507507, 0.15931566059589386, 0.040623266249895096, 0.013651011511683464], "tonal.hpcp.mean": [0.32093310356140137, 0.26210644841194153, 0.07777069509029388, 0.06436571478843689, 0.058059923350811005, 0.09267116338014603, 0.2657186686992645, 0.2585906982421875, 0.07832180708646774, 0.04223911091685295, 0.03377501666545868, 0.05309407413005829, 0.09316584467887878, 0.08566037565469742, 0.10021237283945084, 0.2067510038614273, 0.1619855910539627, 0.04420812800526619, 0.04705601930618286, 0.05493248626589775, 0.12874367833137512, 0.35195106267929077, 0.3376902639865875, 0.11411282420158386, 0.05408059060573578, 0.04753510653972626, 0.05912065878510475, 0.0841941237449646, 0.06284229457378387, 0.044000349938869476, 0.04834764823317528, 0.04053574055433273, 0.09996314346790314, 0.25186118483543396, 0.19945243000984192, 0.12843021750450134], "tonal.hpcp.stdev": [0.38485482335090637, 0.31735408306121826, 0.18800027668476105, 0.19938614964485168, 0.16783519089221954, 0.21715110540390015, 0.3181183934211731, 0.32081371545791626, 0.1449037492275238, 0.12636396288871765, 0.10332749783992767, 0.13336321711540222, 0.17815613746643066, 0.1608068346977234, 0.16294342279434204, 0.3490604758262634, 0.27578574419021606, 0.10806144028902054, 0.10832313448190689, 0.1252145916223526, 0.20365552604198456, 0.3376578390598297, 0.33069565892219543, 0.20044054090976715, 0.13641026616096497, 0.13639163970947266, 0.14654840528964996, 0.1784454882144928, 0.131376713514328, 0.12130710482597351, 0.15329071879386902, 0.12477920949459076, 0.15562783181667328, 0.33177676796913147, 0.26826047897338867, 0.18821237981319427], "rhythm.beats_position": [0.5224489569664001, 1.05650794506073, 1.5557368993759155, 2.043355941772461, 2.519365072250366, 2.9953742027282715, 3.459773063659668, 3.9357821941375732, 4.4117913246154785, 4.899410247802734, 5.363809585571289, 5.8282084465026855, 6.29260778427124, 6.757006645202637, 7.221405982971191, 7.697414875030518, 8.173423767089844, 8.637823104858398, 9.102222442626953, 9.566620826721191, 10.031020164489746, 10.4954195022583, 10.971427917480469, 11.447437286376953, 11.911836624145508, 12.376235961914062, 12.85224437713623, 13.328253746032715, 13.79265308380127, 14.257051467895508, 14.721450805664062, 15.197460174560547, 15.673469543457031, 16.137868881225586, 16.613876342773438, 17.089885711669922], "rhythm.bpm_histogram": [0.0, 0.0, 0.0, 0.0, 0.0, 0.0, 0.0, 0.0, 0.0, 0.0, 0.0, 0.0, 0.0, 0.0, 0.0, 0.0, 0.0, 0.0, 0.0, 0.0, 0.0, 0.0, 0.0, 0.0, 0.0, 0.0, 0.0, 0.0, 0.0, 0.0, 0.0, 0.0, 0.0, 0.0, 0.0, 0.0, 0.0, 0.0, 0.0, 0.0, 0.0, 0.0, 0.0, 0.0, 0.0, 0.0, 0.0, 0.0, 0.0, 0.0, 0.0, 0.0, 0.0, 0.0, 0.0, 0.0, 0.0, 0.0, 0.0, 0.0, 0.0, 0.0, 0.0, 0.0, 0.0, 0.0, 0.0, 0.0, 0.0, 0.0, 0.0, 0.0, 0.0, 0.0, 0.0, 0.0, 0.0, 0.0, 0.0, 0.0, 0.0, 0.0, 0.0, 0.0, 0.0, 0.0, 0.0, 0.0, 0.0, 0.0, 0.0, 0.0, 0.0, 0.0, 0.0, 0.0, 0.0, 0.0, 0.0, 0.0, 0.0, 0.0, 0.0, 0.0, 0.0, 0.0, 0.0, 0.0, 0.0, 0.0, 0.0, 0.0, 0.02857142873108387, 0.0, 0.0, 0.0, 0.0, 0.0, 0.0, 0.0, 0.02857142873108387, 0.0, 0.0, 0.05714285746216774, 0.0, 0.0, 0.4000000059604645, 0.0, 0.0, 0.48571428656578064, 0.0, 0.0, 0.0, 0.0, 0.0, 0.0, 0.0, 0.0, 0.0, 0.0, 0.0, 0.0, 0.0, 0.0, 0.0, 0.0, 0.0, 0.0, 0.0, 0.0, 0.0, 0.0, 0.0, 0.0, 0.0, 0.0, 0.0, 0.0, 0.0, 0.0, 0.0, 0.0, 0.0, 0.0, 0.0, 0.0, 0.0, 0.0, 0.0, 0.0, 0.0, 0.0, 0.0, 0.0, 0.0, 0.0, 0.0, 0.0, 0.0, 0.0, 0.0, 0.0, 0.0, 0.0, 0.0, 0.0, 0.0, 0.0, 0.0, 0.0, 0.0, 0.0, 0.0, 0.0, 0.0, 0.0, 0.0, 0.0, 0.0, 0.0, 0.0, 0.0, 0.0, 0.0, 0.0, 0.0, 0.0, 0.0, 0.0, 0.0, 0.0, 0.0, 0.0, 0.0, 0.0, 0.0, 0.0, 0.0, 0.0, 0.0, 0.0, 0.0, 0.0, 0.0, 0.0, 0.0, 0.0, 0.0, 0.0, 0.0, 0.0, 0.0, 0.0, 0.0, 0.0, 0.0, 0.0, 0.0, 0.0, 0.0, 0.0, 0.0, 0.0, 0.0, 0.0, 0.0, 0.0, 0.0, 0.0, 0.0], "tonal.chords_histogram": [22.19251251220703, 0.26737967133522034, 44.91978454589844, 0.0, 0.0, 0.0, 0.0, 0.0, 0.0, 0.0, 0.0, 0.0, 0.0, 0.0, 0.0, 13.36898422241211, 0.0, 4.010694980621338, 0.0, 2.40641713142395, 0.0, 0.0, 12.834224700927734, 0.0], "tonal.thpcp": [1.0, 0.9594807624816895, 0.32422924041748047, 0.1536594033241272, 0.13506169617176056, 0.16797977685928345, 0.23922111093997955, 0.17855407297611237, 0.12501837313175201, 0.13737037777900696, 0.11517436802387238, 0.2840256989002228, 0.7156141996383667, 0.5667049884796143, 0.364909291267395, 0.9118685722351074, 0.7447241544723511, 0.22097019851207733, 0.18288257718086243, 0.1649658977985382, 0.26330694556236267, 0.7549875378608704, 0.734734833240509, 0.22253607213497162, 0.12001416087150574, 0.09596509486436844, 0.1508564054965973, 0.26471248269081116, 0.24338717758655548, 0.2847338318824768, 0.5874424576759338, 0.4602503180503845, 0.12560874223709106, 0.13370046019554138, 0.15607990324497223, 0.3657999336719513], "lowlevel.gfcc.cov": [[3977.2705078125, -188.48974609375, 89.50476837158203, 406.46661376953125, -28.333768844604492, 243.4178924560547, 143.97476196289062, 305.9002685546875, 30.15595054626465, 35.91903305053711, 25.68292808532715, -178.2594757080078, 22.103282928466797], [-188.48974609375, 995.984619140625, -16.28650665283203, -103.9557876586914, 368.67474365234375, -137.9062042236328, 168.79039001464844, -77.4809341430664, 32.24791717529297, -121.16898345947266, 34.92209243774414, -105.49646759033203, 14.810826301574707], [89.50476837158203, -16.28650665283203, 589.4010620117188, 386.7226867675781, 73.23936462402344, 220.68099975585938, 3.086581230163574, 27.098785400390625, 59.37736129760742, 19.054473876953125, -102.4731216430664, 93.97232818603516, -20.025110244750977], [406.46661376953125, -103.9557876586914, 386.7226867675781, 527.542236328125, 89.47860717773438, 163.1905975341797, 70.35456848144531, 59.903194427490234, 97.1757583618164, 28.947113037109375, -57.205562591552734, 50.56577682495117, -2.0966107845306396], [-28.333768844604492, 368.67474365234375, 73.23936462402344, 89.47860717773438, 319.1670837402344, 63.14700698852539, 115.13151550292969, 21.321367263793945, 55.986148834228516, -0.7750200629234314, 23.974048614501953, -16.345684051513672, 16.024024963378906], [243.4178924560547, -137.9062042236328, 220.68099975585938, 163.1905975341797, 63.14700698852539, 345.5292663574219, 123.81179809570312, 46.42982864379883, 50.709815979003906, 68.12498474121094, -12.650883674621582, 55.269920349121094, 8.309891700744629], [143.97476196289062, 168.79039001464844, 3.086581230163574, 70.35456848144531, 115.13151550292969, 123.81179809570312, 279.3963928222656, 88.47673034667969, 64.84199523925781, 25.269615173339844, 73.68891906738281, -12.254386901855469, 3.997126579284668], [305.9002685546875, -77.4809341430664, 27.098785400390625, 59.903194427490234, 21.321367263793945, 46.42982864379883, 88.47673034667969, 192.95834350585938, 89.3077163696289, 65.2901382446289, 47.2549934387207, 36.31548309326172, 22.952322006225586], [30.15595054626465, 32.24791717529297, 59.37736129760742, 97.1757583618164, 55.986148834228516, 50.709815979003906, 64.84199523925781, 89.3077163696289, 164.48077392578125, 66.4423599243164, 22.433616638183594, 51.43292236328125, 21.585176467895508], [35.91903305053711, -121.16898345947266, 19.054473876953125, 28.947113037109375, -0.7750200629234314, 68.12498474121094, 25.269615173339844, 65.2901382446289, 66.4423599243164, 120.26673889160156, 42.45560073852539, 50.66664123535156, 13.23386287689209], [25.68292808532715, 34.92209243774414, -102.4731216430664, -57.205562591552734, 23.974048614501953, -12.650883674621582, 73.68891906738281, 47.2549934387207, 22.433616638183594, 42.45560073852539, 131.49046325683594, 33.492332458496094, 29.17632484436035], [-178.2594757080078, -105.49646759033203, 93.97232818603516, 50.56577682495117, -16.345684051513672, 55.269920349121094, -12.254386901855469, 36.31548309326172, 51.43292236328125, 50.66664123535156, 33.492332458496094, 161.35806274414062, 30.589008331298828], [22.103282928466797, 14.810826301574707, -20.025110244750977, -2.0966107845306396, 16.024024963378906, 8.309891700744629, 3.997126579284668, 22.952322006225586, 21.585176467895508, 13.23386287689209, 29.17632484436035, 30.589008331298828, 94.11933898925781]], "lowlevel.gfcc.icov": [[0.0005095015512779355, -0.0008175307884812355, 0.0008083255379460752, -0.0011499651009216905, 0.0010024175280705094, -0.0012855523964390159, 0.001163684530183673, -0.0016028998652473092, 0.0007469224510714412, -4.648586764233187e-05, -0.00047875571181066334, 0.0007508957642130554, 0.00017927508451975882], [-0.0008175307884812355, 0.00763346441090107, -0.005455606151372194, 0.0059617431834340096, -0.007648281287401915, 0.007133404724299908, -0.0068503753282129765, 0.006691356655210257, -0.004898060578852892, 0.0036413585767149925, -8.210081432480365e-05, 0.0010436344891786575, -0.0024081284645944834], [0.0008083255379460752, -0.005455606151372194, 0.009098401293158531, -0.007240318227559328, 0.0047392467968165874, -0.007261805236339569, 0.0061648087576031685, -0.005820064805448055, 0.00410854397341609, -0.0016262497520074248, 0.002181501127779484, -0.0027681989595294, 0.002944808453321457], [-0.0011499651009216905, 0.0059617431834340096, -0.007240318227559328, 0.009455391205847263, -0.006230969913303852, 0.006433883216232061, -0.006727081257849932, 0.0061920881271362305, -0.005389344412833452, 0.0023141668643802404, 0.0009919707663357258, 0.00035152037162333727, -0.0022406429052352905], [0.0010024175280705094, -0.007648281287401915, 0.0047392467968165874, -0.006230969913303852, 0.011959999799728394, -0.007383381482213736, 0.005696192383766174, -0.006245981901884079, 0.0035286794882267714, -0.0027306058909744024, -0.001221323967911303, 0.0005803627427667379, 0.0014992683427408338], [-0.0012855523964390159, 0.007133404724299908, -0.007261805236339569, 0.006433883216232061, -0.007383381482213736, 0.013346235267817974, -0.010551849380135536, 0.008157153613865376, -0.0034507978707551956, -0.000984775135293603, 0.0030336445197463036, -0.0010870379628613591, -0.003342026611790061], [0.001163684530183673, -0.0068503753282129765, 0.0061648087576031685, -0.006727081257849932, 0.005696192383766174, -0.010551849380135536, 0.014809614047408104, -0.009154696948826313, 0.0027541499584913254, 0.0003964081115555018, -0.00559497345238924, 0.002122748177498579, 0.0038890307769179344], [-0.0016028998652473092, 0.006691356655210257, -0.005820064805448055, 0.0061920881271362305, -0.006245981901884079, 0.008157153613865376, -0.009154696948826313, 0.01622115820646286, -0.0074878353625535965, -0.00014954415382817388, 0.0001088294229703024, -0.00072862597880885, -0.0030593315605074167], [0.0007469224510714412, -0.004898060578852892, 0.00410854397341609, -0.005389344412833452, 0.0035286794882267714, -0.0034507978707551956, 0.0027541499584913254, -0.0074878353625535965, 0.01471378467977047, -0.006951934192329645, 0.002516153734177351, -0.0027685887180268764, 0.0004852752899751067], [-4.648586764233187e-05, 0.0036413585767149925, -0.0016262497520074248, 0.0023141668643802404, -0.0027306058909744024, -0.000984775135293603, 0.0003964081115555018, -0.00014954415382817388, -0.006951934192329645, 0.01790527254343033, -0.005778100807219744, 0.00038175718509592116, 0.0004587535513564944], [-0.00047875571181066334, -8.210081432480365e-05, 0.002181501127779484, 0.0009919707663357258, -0.001221323967911303, 0.0030336445197463036, -0.00559497345238924, 0.0001088294229703024, 0.002516153734177351, -0.005778100807219744, 0.016904758289456367, -0.005827522370964289, -0.0023482507094740868], [0.0007508957642130554, 0.0010436344891786575, -0.0027681989595294, 0.00035152037162333727, 0.0005803627427667379, -0.0010870379628613591, 0.002122748177498579, -0.00072862597880885, -0.0027685887180268764, 0.00038175718509592116, -0.005827522370964289, 0.012410460971295834, -0.002482681069523096], [0.00017927508451975882, -0.0024081284645944834, 0.002944808453321457, -0.0022406429052352905, 0.0014992683427408338, -0.003342026611790061, 0.0038890307769179344, -0.0030593315605074167, 0.0004852752899751067, 0.0004587535513564944, -0.0023482507094740868, -0.002482681069523096, 0.013518027029931545]], "lowlevel.mfcc.cov": [[3579.262451171875, -473.1107482910156, 91.22227478027344, 89.31185913085938, 39.29608917236328, -67.78500366210938, 257.9829406738281, 73.7177505493164, 147.0059356689453, 286.9048156738281, 17.18558692932129, 124.76299285888672, -57.61912155151367], [-473.1107482910156, 1140.5068359375, -358.20196533203125, 26.42289161682129, 63.766231536865234, -51.6285400390625, 87.26660919189453, -0.7916458249092102, -20.49378204345703, -10.621866226196289, -3.3082804679870605, -9.307647705078125, -31.75394058227539], [91.22227478027344, -358.20196533203125, 584.4374389648438, 167.6907196044922, 95.88018798828125, 223.03787231445312, -36.497291564941406, 108.91960906982422, 102.42377471923828, -38.41569900512695, 42.06304931640625, -36.22864532470703, 50.43438720703125], [89.31185913085938, 26.42289161682129, 167.6907196044922, 350.6814880371094, 117.3119125366211, 72.34832000732422, -2.094984531402588, 84.66123962402344, 80.48924255371094, 3.8617522716522217, 26.177133560180664, 35.66400146484375, 75.02732849121094], [39.29608917236328, 63.766231536865234, 95.88018798828125, 117.3119125366211, 216.3511962890625, 94.72076416015625, 5.67290735244751, 28.240999221801758, 65.0212631225586, -0.6621227264404297, -11.636384963989258, 7.7217535972595215, 25.312711715698242], [-67.78500366210938, -51.6285400390625, 223.03787231445312, 72.34832000732422, 94.72076416015625, 344.8502197265625, 57.848846435546875, 93.06021118164062, 81.89688873291016, -4.98623514175415, 76.21871185302734, -39.964561462402344, 41.26986312866211], [257.9829406738281, 87.26660919189453, -36.497291564941406, -2.094984531402588, 5.67290735244751, 57.848846435546875, 229.0136260986328, 61.065494537353516, 12.463912963867188, 80.02041625976562, 18.001310348510742, 30.351459503173828, -16.4383602142334], [73.7177505493164, -0.7916458249092102, 108.91960906982422, 84.66123962402344, 28.240999221801758, 93.06021118164062, 61.065494537353516, 158.7670135498047, 78.02442932128906, 19.09293556213379, 67.52133178710938, 25.84614372253418, 57.62337875366211], [147.0059356689453, -20.49378204345703, 102.42377471923828, 80.48924255371094, 65.0212631225586, 81.89688873291016, 12.463912963867188, 78.02442932128906, 142.8046417236328, 57.89678955078125, 39.497318267822266, 16.143041610717773, 32.430992126464844], [286.9048156738281, -10.621866226196289, -38.41569900512695, 3.8617522716522217, -0.6621227264404297, -4.98623514175415, 80.02041625976562, 19.09293556213379, 57.89678955078125, 147.2984161376953, 37.20415115356445, 34.375709533691406, -10.241066932678223], [17.18558692932129, -3.3082804679870605, 42.06304931640625, 26.177133560180664, -11.636384963989258, 76.21871185302734, 18.001310348510742, 67.52133178710938, 39.497318267822266, 37.20415115356445, 134.55198669433594, 32.517616271972656, 35.35771942138672], [124.76299285888672, -9.307647705078125, -36.22864532470703, 35.66400146484375, 7.7217535972595215, -39.964561462402344, 30.351459503173828, 25.84614372253418, 16.143041610717773, 34.375709533691406, 32.517616271972656, 124.74444580078125, 61.547115325927734], [-57.61912155151367, -31.75394058227539, 50.43438720703125, 75.02732849121094, 25.312711715698242, 41.26986312866211, -16.4383602142334, 57.62337875366211, 32.430992126464844, -10.241066932678223, 35.35771942138672, 61.547115325927734, 130.156982421875]], "lowlevel.mfcc.icov": [[0.00039634230779483914, 0.0002039587270701304, -2.1696843759855255e-05, -0.0001057432746165432, -0.0001016141104628332, 0.00021613312128465623, -0.0003813880030065775, -8.977150173450354e-06, -0.0002501016715541482, -0.0003861058212351054, 5.488717943080701e-05, -0.00022236118093132973, 0.00032378939795307815], [0.0002039587270701304, 0.0014838867355138063, 0.0012058403808623552, -0.0004932288429699838, -0.0007509446004405618, 0.00028350658249109983, -0.0008785176323726773, -0.00013852967822458595, -0.0005535475793294609, 0.0007891301065683365, -0.0006056135171093047, 0.0006179402116686106, 0.0003482304746285081], [-2.1696843759855255e-05, 0.0012058403808623552, 0.003958729561418295, -0.0012023071758449078, -0.00045343273086473346, -0.0014389295829460025, 0.0004304288886487484, -0.0012948582880198956, -0.0010293015511706471, 0.0013404203345999122, -2.5357765480293892e-05, 0.0008092079078778625, 0.000601906212978065], [-0.0001057432746165432, -0.0004932288429699838, -0.0012023071758449078, 0.004591349046677351, -0.001628785626962781, 0.0005524600856006145, 0.0003726470749825239, -0.0010384614579379559, -0.00027255649911239743, -0.0002680622274056077, 0.00014364522940013558, -0.0003707008727360517, -0.0015163904754444957], [-0.0001016141104628332, -0.0007509446004405618, -0.00045343273086473346, -0.001628785626962781, 0.007668770849704742, -0.00230555166490376, 0.0004928444977849722, 0.001121342764236033, -0.0023659749422222376, 0.0003301729157101363, 0.00273649743758142, -0.0019160328665748239, 0.000469988735858351], [0.00021613312128465623, 0.00028350658249109983, -0.0014389295829460025, 0.0005524600856006145, -0.00230555166490376, 0.007070968393236399, -0.0036546187475323677, 0.0012151271803304553, -0.002396560041233897, 0.002089989371597767, -0.00426876125857234, 0.004372671712189913, -0.002535716164857149], [-0.0003813880030065775, -0.0008785176323726773, 0.0004304288886487484, 0.0003726470749825239, 0.0004928444977849722, -0.0036546187475323677, 0.009886854328215122, -0.006031197030097246, 0.005035503767430782, -0.005794975440949202, 0.0038018361665308475, -0.003646467812359333, 0.003197872545570135], [-8.977150173450354e-06, -0.00013852967822458595, -0.0012948582880198956, -0.0010384614579379559, 0.001121342764236033, 0.0012151271803304553, -0.006031197030097246, 0.01590738445520401, -0.007354985922574997, 0.004509449005126953, -0.005495816003531218, 0.0017748239915817976, -0.004503908101469278], [-0.0002501016715541482, -0.0005535475793294609, -0.0010293015511706471, -0.00027255649911239743, -0.0023659749422222376, -0.002396560041233897, 0.005035503767430782, -0.007354985922574997, 0.017083249986171722, -0.008709053508937359, 0.002077579963952303, -0.0008422872633673251, 0.00031445137574337423], [-0.0003861058212351054, 0.0007891301065683365, 0.0013404203345999122, -0.0002680622274056077, 0.0003301729157101363, 0.002089989371597767, -0.005794975440949202, 0.004509449005126953, -0.008709053508937359, 0.01538689061999321, -0.004834887571632862, -0.0003377198881935328, 0.0010553146712481976], [5.488717943080701e-05, -0.0006056135171093047, -2.5357765480293892e-05, 0.00014364522940013558, 0.00273649743758142, -0.00426876125857234, 0.0038018361665308475, -0.005495816003531218, 0.002077579963952303, -0.004834887571632862, 0.013846417888998985, -0.004518730100244284, 0.0010154246119782329], [-0.00022236118093132973, 0.0006179402116686106, 0.0008092079078778625, -0.0003707008727360517, -0.0019160328665748239, 0.004372671712189913, -0.003646467812359333, 0.0017748239915817976, -0.0008422872633673251, -0.0003377198881935328, -0.004518730100244284, 0.01628725416958332, -0.008598588407039642], [0.00032378939795307815, 0.0003482304746285081, 0.000601906212978065, -0.0015163904754444957, 0.000469988735858351, -0.002535716164857149, 0.003197872545570135, -0.004503908101469278, 0.00031445137574337423, 0.0010553146712481976, 0.0010154246119782329, -0.008598588407039642, 0.015457510948181152]], "metadata.audio_properties.analysis.downmix": "mix", "metadata.audio_properties.codec": "mp3", "metadata.audio_properties.md5_encoded": "6d54d837de37e6dbe41e8719b8068d60", "metadata.tags.file_name": "1183708268128903229.mp3", "metadata.version.essentia": "2.1-beta6-dev", "metadata.version.essentia_git_sha": "v2.1_beta5-1110-g77a6a954", "metadata.version.extractor": "music 2.0", "tonal.chords_key": "E", "tonal.chords_scale": "major", "tonal.key_edma.key": "A", "tonal.key_edma.scale": "major", "tonal.key_krumhansl.key": "A", "tonal.key_krumhansl.scale": "major", "tonal.key_temperley.key": "A", "tonal.key_temperley.scale": "major", "metadata.tags.encoding": ["Lavf58.45.100"]}, "essentia_models": [{"model_name": "genre_dortmund", "activations": {"alternative": "0.06407257", "blues": "0.010623914", "electronic": "0.07253895", "folkcountry": "0.07690066", "funksoulrnb": "0.29097325", "jazz": "0.00768184", "pop": "0.32333767", "raphiphop": "0.01