{"song_id": "1183714225953198090", "download": "https://cdn.discordapp.com/attachments/1135903449314238464/1183714225953198090/chirp.mp4?ex=658956c7&amp", "lyrics": "Aayush, the mushroom, in the meadow he springs,\nMewer, mogger, his charm in the whispers he sings.\nWith a cap so stylish, and spores that allure,\nHe's the fungi maestro, a charm connoisseur.\n\nIn the forest dance, where the moonlight gleams,\nAayush's charisma, enchanting all dreams.\nMushroom maverick, with a charm so sweet,\nAayush, the mewer, in the woodland's heartbeat.", "style": ["Calm"], "essentia_features": {"lowlevel.average_loudness": 0.981556236743927, "lowlevel.barkbands_crest.mean": 20.8681640625, "lowlevel.barkbands_crest.stdev": 5.088407516479492, "lowlevel.barkbands_flatness_db.mean": 0.3131190836429596, "lowlevel.barkbands_flatness_db.stdev": 0.10584388673305511, "lowlevel.barkbands_kurtosis.mean": 128.46693420410156, "lowlevel.barkbands_kurtosis.stdev": 163.1126251220703, "lowlevel.barkbands_skewness.mean": 7.717536449432373, "lowlevel.barkbands_skewness.stdev": 5.521072864532471, "lowlevel.barkbands_spread.mean": 9.035154342651367, "lowlevel.barkbands_spread.stdev": 18.179943084716797, "lowlevel.dissonance.mean": 0.4782417416572571, "lowlevel.dissonance.stdev": 0.0231389831751585, "lowlevel.dynamic_complexity": 3.2537505626678467, "lowlevel.erbbands_crest.mean": 9.901020050048828, "lowlevel.erbbands_crest.stdev": 4.3185601234436035, "lowlevel.erbbands_flatness_db.mean": 0.14498738944530487, "lowlevel.erbbands_flatness_db.stdev": 0.06023707613348961, "lowlevel.erbbands_kurtosis.mean": 3.2116661071777344, "lowlevel.erbbands_kurtosis.stdev": 11.855127334594727, "lowlevel.erbbands_skewness.mean": 0.10984131693840027, "lowlevel.erbbands_skewness.stdev": 1.7116875648498535, "lowlevel.erbbands_spread.mean": 68.7627182006836, "lowlevel.erbbands_spread.stdev": 45.75318908691406, "lowlevel.hfc.mean": 25.58365821838379, "lowlevel.hfc.stdev": 19.175296783447266, "lowlevel.loudness_ebu128.integrated": -10.746009826660156, "lowlevel.loudness_ebu128.loudness_range": 0.5320625305175781, "lowlevel.loudness_ebu128.momentary.mean": -12.268304824829102, "lowlevel.loudness_ebu128.momentary.stdev": 9.225310325622559, "lowlevel.loudness_ebu128.short_term.mean": -10.763147354125977, "lowlevel.loudness_ebu128.short_term.stdev": 0.3949316143989563, "lowlevel.melbands_crest.mean": 31.067087173461914, "lowlevel.melbands_crest.stdev": 7.714030742645264, "lowlevel.melbands_flatness_db.mean": 0.4022696614265442, "lowlevel.melbands_flatness_db.stdev": 0.13666073977947235, "lowlevel.melbands_kurtosis.mean": 456.6004943847656, "lowlevel.melbands_kurtosis.stdev": 679.931640625, "lowlevel.melbands_skewness.mean": 13.780861854553223, "lowlevel.melbands_skewness.stdev": 10.415595054626465, "lowlevel.melbands_spread.mean": 10.943902015686035, "lowlevel.melbands_spread.stdev": 32.810752868652344, "lowlevel.pitch_salience.mean": 0.20020878314971924, "lowlevel.pitch_salience.stdev": 0.19405104219913483, "lowlevel.silence_rate_20dB.mean": 0.8816388249397278, "lowlevel.silence_rate_20dB.stdev": 0.32303357124328613, "lowlevel.silence_rate_30dB.mean": 0.1198786050081253, "lowlevel.silence_rate_30dB.stdev": 0.3248201608657837, "lowlevel.silence_rate_60dB.mean": 0.06980273127555847, "lowlevel.silence_rate_60dB.stdev": 0.2548142075538635, "lowlevel.spectral_centroid.mean": 1650.7901611328125, "lowlevel.spectral_centroid.stdev": 1424.5072021484375, "lowlevel.spectral_complexity.mean": 10.701062202453613, "lowlevel.spectral_complexity.stdev": 9.49523639678955, "lowlevel.spectral_decrease.mean": -5.2646388581933934e-08, "lowlevel.spectral_decrease.stdev": 2.742309312964153e-08, "lowlevel.spectral_energy.mean": 0.20102019608020782, "lowlevel.spectral_energy.stdev": 0.10361781716346741, "lowlevel.spectral_energyband_high.mean": 0.0014019509544596076, "lowlevel.spectral_energyband_high.stdev": 0.002324087778106332, "lowlevel.spectral_energyband_low.mean": 0.18964460492134094, "lowlevel.spectral_energyband_low.stdev": 0.10324589163064957, "lowlevel.spectral_energyband_middle_high.mean": 0.0029846762772649527, "lowlevel.spectral_energyband_middle_high.stdev": 0.0060040950775146484, "lowlevel.spectral_energyband_middle_low.mean": 0.007123123854398727, "lowlevel.spectral_energyband_middle_low.stdev": 0.019059810787439346, "lowlevel.spectral_entropy.mean": 7.694575786590576, "lowlevel.spectral_entropy.stdev": 0.5953296422958374, "lowlevel.spectral_flux.mean": 0.14127233624458313, "lowlevel.spectral_flux.stdev": 0.1263740509748459, "lowlevel.spectral_kurtosis.mean": 3.053961992263794, "lowlevel.spectral_kurtosis.stdev": 4.0921244621276855, "lowlevel.spectral_rms.mean": 0.013195506297051907, "lowlevel.spectral_rms.stdev": 0.004689909517765045, "lowlevel.spectral_rolloff.mean": 934.9178466796875, "lowlevel.spectral_rolloff.stdev": 2813.919677734375, "lowlevel.spectral_skewness.mean": 1.2597171068191528, "lowlevel.spectral_skewness.stdev": 0.7608780264854431, "lowlevel.spectral_spread.mean": 6157136.0, "lowlevel.spectral_spread.stdev": 1960080.0, "lowlevel.spectral_strongpeak.mean": 0.9230455160140991, "lowlevel.spectral_strongpeak.stdev": 0.4828034043312073, "lowlevel.zerocrossingrate.mean": 0.042180385440588, "lowlevel.zerocrossingrate.stdev": 0.09152235835790634, "metadata.audio_properties.analysis.equal_loudness": 0.0, "metadata.audio_properties.analysis.length": 30.57065773010254, "metadata.audio_properties.analysis.sample_rate": 44100.0, "metadata.audio_properties.analysis.start_time": 0.0, "metadata.audio_properties.bit_rate": 128044.0, "metadata.audio_properties.length": 30.570667266845703, "metadata.audio_properties.lossless": 0.0, "metadata.audio_properties.number_channels": 1.0, "metadata.audio_properties.replay_gain": -11.742265701293945, "metadata.audio_properties.sample_rate": 48000.0, "rhythm.beats_count": 83.0, "rhythm.beats_loudness.mean": 0.21383865177631378, "rhythm.beats_loudness.stdev": 0.10940805822610855, "rhythm.bpm": 165.53652954101562, "rhythm.bpm_histogram_first_peak_bpm": 167.0, "rhythm.bpm_histogram_first_peak_weight": 0.0, "rhythm.bpm_histogram_second_peak_bpm": 172.0, "rhythm.bpm_histogram_second_peak_spread": 0.0, "rhythm.bpm_histogram_second_peak_weight": 0.31707316637039185, "rhythm.danceability": 1.7419489622116089, "rhythm.onset_rate": 5.981899261474609, "tonal.chords_changes_rate": 0.16060605645179749, "tonal.chords_number_rate": 0.021212121471762657, "tonal.chords_strength.mean": 0.4147595167160034, "tonal.chords_strength.stdev": 0.08343832939863205, "tonal.hpcp_crest.mean": 10.6838960647583, "tonal.hpcp_crest.stdev": 4.8690185546875, "tonal.hpcp_entropy.mean": 2.474191665649414, "tonal.hpcp_entropy.stdev": 0.7739167213439941, "tonal.key_edma.strength": 0.41607382893562317, "tonal.key_krumhansl.strength": 0.4119640588760376, "tonal.key_temperley.strength": 0.3916359841823578, "tonal.tuning_diatonic_strength": 0.28036361932754517, "tonal.tuning_equal_tempered_deviation": 0.21830514073371887, "tonal.tuning_frequency": 434.193115234375, "tonal.tuning_nontempered_energy_ratio": 0.8918368816375732, "lowlevel.barkbands.mean": [0.024891169741749763, 0.16040083765983582, 0.004311518743634224, 0.0027440728154033422, 0.0024644008371979, 0.000630898168310523, 0.00038981952820904553, 0.0002959826379083097, 0.00044053824967704713, 0.0007391170947812498, 0.0005018461961299181, 0.00033506908221170306, 0.0002714909496717155, 0.0003130096010863781, 0.00025879344320856035, 0.0001850465778261423, 0.00011751421698136255, 0.00010608720185700804, 0.0001362531038466841, 0.0001653789367992431, 0.0003248582361266017, 0.00045895439689047635, 0.00016863358905538917, 0.00016097267507575452, 0.0001452493161195889, 5.340294592315331e-05, 9.378512004332151e-06], "lowlevel.barkbands.stdev": [0.03367482125759125, 0.08540775626897812, 0.017084239050745964, 0.009728027507662773, 0.007474694401025772, 0.0016959949862211943, 0.0010572554310783744, 0.0008458108641207218, 0.000947814725805074, 0.0018900107825174928, 0.0012658886844292283, 0.0008664108463563025, 0.0007023450452834368, 0.0009595361771062016, 0.0008188808569684625, 0.0006655520992353559, 0.0003387137548997998, 0.00026068463921546936, 0.0003007087216246873, 0.00031904183560982347, 0.00048812179011292756, 0.0012284425320103765, 0.00040114307194016874, 0.0002480686525814235, 0.00021470748470164835, 0.00010137737990589812, 1.9821942260023206e-05], "lowlevel.erbbands.mean": [8.46197509765625, 20.643657684326172, 7.549446105957031, 8.001877784729004, 8.82790756225586, 8.222722053527832, 6.0312700271606445, 4.919318199157715, 5.224585056304932, 6.409030914306641, 6.620441913604736, 10.09925651550293, 17.44816780090332, 25.732620239257812, 17.987337112426758, 13.20240592956543, 12.464041709899902, 15.085774421691895, 15.620885848999023, 13.041243553161621, 8.289989471435547, 6.8156280517578125, 5.765566349029541, 6.114469051361084, 7.665365219116211, 7.883663177490234, 10.326652526855469, 14.99927806854248, 18.046104431152344, 9.590156555175781, 3.931548833847046, 2.7549567222595215, 3.124998092651367, 2.101807117462158, 0.7325305342674255, 0.22350013256072998, 0.09491439908742905, 0.0283365435898304, 0.001050553866662085, 0.00024052038497757167], "lowlevel.erbbands.stdev": [5.28018856048584, 13.883949279785156, 18.940662384033203, 27.5354061126709, 31.39501953125, 23.92635154724121, 16.199018478393555, 13.644227981567383, 13.966948509216309, 19.900747299194336, 14.877188682556152, 22.215164184570312, 40.469200134277344, 65.14384460449219, 43.0807991027832, 32.36827850341797, 31.119857788085938, 43.03076171875, 47.779319763183594, 44.43826675415039, 26.700843811035156, 19.393192291259766, 14.291654586791992, 13.471234321594238, 16.708942413330078, 15.44217300415039, 15.833963394165039, 25.922443389892578, 49.392940521240234, 24.673364639282227, 8.395389556884766, 4.683288097381592, 4.712368488311768, 3.0261402130126953, 1.2288641929626465, 0.45322439074516296, 0.1920223832130432, 0.04963657259941101, 0.0019488096004351974, 0.00010979811486322433], "lowlevel.gfcc.mean": [-43.738407135009766, 54.998321533203125, -56.5156135559082, 59.145408630371094, -38.13606262207031, 40.07843780517578, -4.059745788574219, 20.70747947692871, -13.24309253692627, 14.649943351745605, -8.899859428405762, 5.709946632385254, 3.6868650913238525], "lowlevel.melbands.mean": [0.05802580714225769, 0.01030910573899746, 0.001385024399496615, 0.0006031041266396642, 0.00023796492314431816, 0.00011111196363344789, 8.053348574321717e-05, 6.868536002002656e-05, 5.4329571867128834e-05, 6.510085222544149e-05, 8.934684592531994e-05, 0.0001070134894689545, 6.472769018728286e-05, 4.140863529755734e-05, 2.757263973762747e-05, 2.7661229978548363e-05, 2.8186923373141326e-05, 2.6124076612177305e-05, 1.8727740098256618e-05, 1.565381717227865e-05, 8.390767106902786e-06, 7.101073151716264e-06, 5.824086656502914e-06, 4.821474249183666e-06, 4.874751539318822e-06, 5.300997145241126e-06, 5.910362688155146e-06, 4.8571591833024286e-06, 5.510020400834037e-06, 8.00325142336078e-06, 9.096552275877912e-06, 1.0861211194423959e-05, 7.840732905606274e-06, 4.5119372771296185e-06, 2.3586849238199648e-06, 1.5831820974199218e-06, 1.6876766721907188e-06, 2.2435738173953723e-06, 2.163282943001832e-06, 1.623981347620429e-06], "lowlevel.melbands.stdev": [0.033026404678821564, 0.010307731106877327, 0.004823748953640461, 0.0019097564509138465, 0.0006187869585119188, 0.0003032262611668557, 0.0002147128398064524, 0.00021796286455355585, 0.00011954331421293318, 0.00014256327995099127, 0.0002113769733114168, 0.0002774092718027532, 0.0001567082217661664, 0.00011189738143002614, 6.452111119870096e-05, 7.48012971598655e-05, 8.42429872136563e-05, 8.217678259825334e-05, 6.058863073121756e-05, 6.0056609072489664e-05, 2.6198758860118687e-05, 2.1551792087848298e-05, 1.4639565051766112e-05, 1.253135906154057e-05, 1.1133449334010947e-05, 1.207343848363962e-05, 1.3211221812525764e-05, 9.505244634055998e-06, 9.232146112481132e-06, 1.2068812793586403e-05, 1.753547439875547e-05, 3.0402474294533022e-05, 2.2393849576474167e-05, 1.2178167708043475e-05, 5.3517924243351445e-06, 3.0651449378638063e-06, 2.80345261671755e-06, 3.4173992844444e-06, 3.2885054679354653e-06, 2.3377947400149424e-06], "lowlevel.melbands128.mean": [0.023389659821987152, 0.08234625309705734, 0.06713272631168365, 0.023130197077989578, 0.0043116044253110886, 0.002070213668048382, 0.0016493549337610602, 0.001273436238989234, 0.0008515890804119408, 0.0005860555684193969, 0.0004564344126265496, 0.0002788824203889817, 0.00020784515072591603, 0.00014111427299212664, 0.00011198167339898646, 9.44460989558138e-05, 8.066932787187397e-05, 7.957579509820789e-05, 7.832028495613486e-05, 7.434813596773893e-05, 6.329932512016967e-05, 5.161953959031962e-05, 5.473320197779685e-05, 5.238848098088056e-05, 6.46682528895326e-05, 6.983202911214903e-05, 6.823952571721748e-05, 8.449990855297074e-05, 0.00011239656305406243, 0.00012207445979584008, 0.00010385590576333925, 8.214732952183113e-05, 6.386326276697218e-05, 5.128786506247707e-05, 4.5905166189186275e-05, 3.9922146243043244e-05, 3.1699986720923334e-05, 2.5897947125486098e-05, 2.553314516262617e-05, 2.762625808827579e-05, 2.8939417461515404e-05, 2.6337413146393374e-05, 2.7972231691819616e-05, 2.891069743782282e-05, 2.9679806175408885e-05, 2.4660601411596872e-05, 2.4090912120300345e-05, 1.811567199183628e-05, 1.5788331438670866e-05, 1.999805863306392e-05, 1.6433477867394686e-05, 1.1155677384522278e-05, 8.14302620710805e-06, 7.847645065339748e-06, 6.93731453793589e-06, 7.245702363434248e-06, 7.161337634897791e-06, 5.960302587482147e-06, 5.575080194830662e-06, 4.9730010687198956e-06, 4.533578248810954e-06, 4.89892227051314e-06, 5.073483407613821e-06, 4.6934142119425815e-06, 4.832662398257526e-06, 5.224335382081335e-06, 5.6569092521385755e-06, 5.835639967699535e-06, 5.698152563127223e-06, 6.695943739032373e-06, 4.5334859350987244e-06, 4.034399808006128e-06, 4.942222403769847e-06, 5.374010925152106e-06, 6.577638941962505e-06, 8.620990229246672e-06, 8.483682904625311e-06, 7.233209544210695e-06, 9.730354577186517e-06, 9.803430657484569e-06, 1.130430700868601e-05, 1.1717452252923977e-05, 9.405908713233657e-06, 8.47342744236812e-06, 5.198814506002236e-06, 4.641864052246092e-06, 4.717543106380617e-06, 3.2744671898399247e-06, 2.2404051378543954e-06, 1.5509356217080494e-06, 1.7361846857966157e-06, 1.4338791061163647e-06, 1.6617809706076514e-06, 1.4110107713349862e-06, 1.840058416746615e-06, 2.5073918550333474e-06, 2.2261983758653514e-06, 2.1022603959863773e-06, 2.1549176381086e-06, 2.2288079435384134e-06, 2.0437191778910346e-06, 1.4349897128340672e-06, 1.2888334595118067e-06, 1.0808935257955454e-06, 8.211304134420061e-07, 5.236269089436973e-07, 4.647650371225609e-07, 5.118607191434421e-07, 3.1094583619051264e-07, 3.0358307867572876e-07, 2.9262074008329364e-07, 2.728837955601193e-07, 2.741783760029648e-07, 3.6981364814892004e-07, 3.0753710689168656e-07, 2.8591571776814817e-07, 2.3657364067730668e-07, 1.4912909307440714e-07, 3.080211641304231e-08, 9.723611499312668e-11, 6.826846032925715e-11, 4.5393955955264076e-11, 3.0793451122335114e-11, 3.0970278425135334e-11, 2.8516864217231763e-11, 2.4071401122371938e-11, 2.1889058274271456e-11, 2.1501177574489994e-11], "lowlevel.melbands128.stdev": [0.03104361519217491, 0.0583227202296257, 0.037856508046388626, 0.01957901008427143, 0.011011593043804169, 0.007983682677149773, 0.005873494315892458, 0.004552805330604315, 0.0032140901312232018, 0.001963613089174032, 0.001369802514091134, 0.000795897445641458, 0.0006102986517362297, 0.00042146749910898507, 0.00033487664768472314, 0.00029812546563334763, 0.00023203187447506934, 0.0002369599969824776, 0.0002302138600498438, 0.00026912620523944497, 0.0002666110231075436, 0.00013712105283048004, 0.00013305099855642766, 0.00014003156684339046, 0.00017611113435123116, 0.0001652698847465217, 0.00017140181444119662, 0.00023011145822238177, 0.0003318000817671418, 0.00040464659105055034, 0.0002891488838940859, 0.00025089754490181804, 0.0001636566739762202, 0.00015654615708626807, 0.00014290573017206043, 0.00012759513629134744, 8.250300743384287e-05, 6.97889772709459e-05, 6.772164488211274e-05, 8.14183586044237e-05, 8.898073429008946e-05, 8.637383871246129e-05, 9.31631147977896e-05, 9.974951535696164e-05, 0.0001061431976268068, 8.538863767171279e-05, 8.525360317435116e-05, 6.459961150540039e-05, 5.742074063164182e-05, 8.270382386399433e-05, 7.503386586904526e-05, 4.754235123982653e-05, 2.6891659217653796e-05, 2.54476963164052e-05, 2.2946132958168164e-05, 2.5068085960811004e-05, 2.326387766515836e-05, 1.688024349277839e-05, 1.5126570360735059e-05, 1.548665386508219e-05, 1.323127798968926e-05, 1.3408824088401161e-05, 1.2284157492103986e-05, 1.2008112207695376e-05, 1.247301133844303e-05, 1.31489632622106e-05, 1.4289282262325287e-05, 1.5632842405466363e-05, 1.4262968761613593e-05, 1.6765739928814583e-05, 1.0438232493470423e-05, 7.98242399469018e-06, 9.44342536968179e-06, 1.0415897122584283e-05, 1.1516389349708334e-05, 1.39588719321182e-05, 1.4143857697490603e-05, 1.2597808563441504e-05, 1.9962699298048392e-05, 2.4164814021787606e-05, 3.4049964597215876e-05, 3.7943420466035604e-05, 2.8415994165698066e-05, 2.7871537895407528e-05, 1.3973647583043203e-05, 1.3615361240226775e-05, 1.3880851838621311e-05, 9.469851647736505e-06, 5.1104998419759795e-06, 3.1475537980441004e-06, 3.804809921348351e-06, 3.0215942388167605e-06, 3.4346512620686553e-06, 2.6907900974038057e-06, 3.178246288371156e-06, 4.040513886138797e-06, 3.7026322843303205e-06, 3.6209278277965495e-06, 3.4544798381830333e-06, 3.5562952689360827e-06, 3.175596248183865e-06, 2.2128544969746144e-06, 2.1078999452583957e-06, 1.7714720570438658e-06, 1.5300464610845665e-06, 1.3976342643218231e-06, 1.209631818710477e-06, 1.20873301057145e-06, 7.239317483254126e-07, 6.551702540491533e-07, 7.326023023779271e-07, 7.301725872821407e-07, 6.488023132078524e-07, 8.814027978587546e-07, 6.259063525249076e-07, 5.653409402839316e-07, 4.788632850249996e-07, 4.1138952155961306e-07, 1.274360528213947e-07, 1.7496805115868597e-09, 1.206293176458928e-09, 5.337459918486331e-10, 1.0935172212178657e-10, 1.3307058233102964e-10, 1.0339169104200963e-10, 4.195364541881297e-11, 2.692537685866636e-11, 2.6505391631514996e-11], "lowlevel.mfcc.mean": [-698.0005493164062, 88.28549194335938, 46.6843147277832, 38.71867752075195, 12.560453414916992, 29.369937896728516, 27.386215209960938, 15.004928588867188, 23.83278465270996, 8.913677215576172, 10.655594825744629, 5.601911544799805, 5.9470534324646], "lowlevel.spectral_contrast_coeffs.mean": [-0.7166906595230103, -0.8300297856330872, -0.8210121989250183, -0.8393819332122803, -0.813301682472229, -0.7556558847427368], "lowlevel.spectral_contrast_coeffs.stdev": [0.0727587416768074, 0.054827626794576645, 0.05563615635037422, 0.0470513179898262, 0.04408305138349533, 0.05026961863040924], "lowlevel.spectral_contrast_valleys.mean": [-6.977327823638916, -7.697207927703857, -8.02668571472168, -8.493871688842773, -8.119172096252441, -10.05694580078125], "lowlevel.spectral_contrast_valleys.stdev": [2.0993072986602783, 1.873557686805725, 1.7953392267227173, 1.6473912000656128, 1.4158531427383423, 1.3572622537612915], "rhythm.beats_loudness_band_ratio.mean": [0.9264090657234192, 0.013455785810947418, 0.010801669210195541, 0.020646629855036736, 0.003446852555498481, 0.029338032007217407], "rhythm.beats_loudness_band_ratio.stdev": [0.14943905174732208, 0.03351915627717972, 0.016418104991316795, 0.03694161772727966, 0.007448775693774223, 0.1278889924287796], "tonal.hpcp.mean": [0.058807700872421265, 0.0466284416615963, 0.063432477414608, 0.1412297636270523, 0.17711742222309113, 0.09468258917331696, 0.029745830222964287, 0.027921898290514946, 0.030955320224165916, 0.02501734159886837, 0.026322050020098686, 0.03365752473473549, 0.029112180694937706, 0.022719571366906166, 0.027659190818667412, 0.033460650593042374, 0.031281519681215286, 0.031144896522164345, 0.03768438473343849, 0.04593013599514961, 0.048256389796733856, 0.052212104201316833, 0.05553024634718895, 0.058675818145275116, 0.0963268131017685, 0.10929699242115021, 0.11846190690994263, 0.14703845977783203, 0.12363740056753159, 0.08227097243070602, 0.06323392689228058, 0.07600568979978561, 0.11134176701307297, 0.15131419897079468, 0.14053408801555634, 0.09023361653089523], "tonal.hpcp.stdev": [0.18938615918159485, 0.16143733263015747, 0.19488662481307983, 0.29222649335861206, 0.35251665115356445, 0.2303081601858139, 0.11795397847890854, 0.12194114178419113, 0.1284102350473404, 0.1090887039899826, 0.111716628074646, 0.14284344017505646, 0.13128787279129028, 0.10151296854019165, 0.12598444521427155, 0.14722733199596405, 0.13074469566345215, 0.13772404193878174, 0.1484449952840805, 0.17448362708091736, 0.17575447261333466, 0.17854896187782288, 0.19202262163162231, 0.17712466418743134, 0.25505658984184265, 0.2617902457714081, 0.27109429240226746, 0.30971354246139526, 0.2848662734031677, 0.22618666291236877, 0.19690006971359253, 0.22411862015724182, 0.26493602991104126, 0.3155098557472229, 0.3067755103111267, 0.237933948636055], "rhythm.beats_position": [0.3715192675590515, 0.7198185920715332, 1.0797278881072998, 1.4396371841430664, 1.7879364490509033, 2.14784574508667, 2.496145009994507, 2.8444442749023438, 3.2043535709381104, 3.5526530742645264, 3.9009523391723633, 4.249251842498779, 4.597550868988037, 4.945850372314453, 5.305759429931641, 5.654058933258057, 6.013967990875244, 6.37387752532959, 6.733786582946777, 7.105306148529053, 7.46521520614624, 7.848344326019287, 8.219863891601562, 8.57977294921875, 8.939682006835938, 9.287981986999512, 9.6478910446167, 9.996190071105957, 10.344490051269531, 10.704399108886719, 11.052698135375977, 11.412607192993164, 11.784127235412598, 12.167256355285645, 12.561995506286621, 12.945124626159668, 13.328253746032715, 13.722992897033691, 14.082901954650879, 14.442811965942383, 14.80272102355957, 15.162630081176758, 15.510929107666016, 15.85922908782959, 16.24235725402832, 16.637096405029297, 17.020225524902344, 17.391746520996094, 17.78648567199707, 18.181224822998047, 18.541133880615234, 18.901042938232422, 19.24934196472168, 19.597640991210938, 19.957550048828125, 20.317459106445312, 20.665760040283203, 21.01405906677246, 21.36235809326172, 21.722267150878906, 22.093786239624023, 22.46530532836914, 22.836824417114258, 23.219953536987305, 23.579862594604492, 23.939773559570312, 24.28807258605957, 24.647981643676758, 24.996280670166016, 25.344579696655273, 25.70448875427246, 26.05278778076172, 26.41269874572754, 26.795827865600586, 27.178956985473633, 27.56208610534668, 27.921995162963867, 28.281904220581055, 28.630203247070312, 28.9901123046875, 29.361631393432617, 29.733150482177734, 30.116281509399414], "rhythm.bpm_histogram": [0.0, 0.0, 0.0, 0.0, 0.0, 0.0, 0.0, 0.0, 0.0, 0.0, 0.0, 0.0, 0.0, 0.0, 0.0, 0.0, 0.0, 0.0, 0.0, 0.0, 0.0, 0.0, 0.0, 0.0, 0.0, 0.0, 0.0, 0.0, 0.0, 0.0, 0.0, 0.0, 0.0, 0.0, 0.0, 0.0, 0.0, 0.0, 0.0, 0.0, 0.0, 0.0, 0.0, 0.0, 0.0, 0.0, 0.0, 0.0, 0.0, 0.0, 0.0, 0.0, 0.0, 0.0, 0.0, 0.0, 0.0, 0.0, 0.0, 0.0, 0.0, 0.0, 0.0, 0.0, 0.0, 0.0, 0.0, 0.0, 0.0, 0.0, 0.0, 0.0, 0.0, 0.0, 0.0, 0.0, 0.0, 0.0, 0.0, 0.0, 0.0, 0.0, 0.0, 0.0, 0.0, 0.0, 0.0, 0.0, 0.0, 0.0, 0.0, 0.0, 0.0, 0.0, 0.0, 0.0, 0.0, 0.0, 0.0, 0.0, 0.0, 0.0, 0.0, 0.0, 0.0, 0.0, 0.0, 0.0, 0.0, 0.0, 0.0, 0.0, 0.0, 0.0, 0.0, 0.0, 0.0, 0.0, 0.0, 0.0, 0.0, 0.0, 0.0, 0.0, 0.0, 0.0, 0.0, 0.0, 0.0, 0.0, 0.0, 0.0, 0.0, 0.0, 0.0, 0.0, 0.0, 0.0, 0.0, 0.0, 0.0, 0.0, 0.0, 0.0, 0.0, 0.0, 0.0, 0.0, 0.0, 0.0, 0.0, 0.0, 0.060975611209869385, 0.0, 0.0, 0.0, 0.0, 0.13414634764194489, 0.0, 0.0, 0.0, 0.10975609719753265, 0.0, 0.0, 0.0, 0.0, 0.0, 0.37804877758026123, 0.0, 0.0, 0.0, 0.0, 0.31707316637039185, 0.0, 0.0, 0.0, 0.0, 0.0, 0.0, 0.0, 0.0, 0.0, 0.0, 0.0, 0.0, 0.0, 0.0, 0.0, 0.0, 0.0, 0.0, 0.0, 0.0, 0.0, 0.0, 0.0, 0.0, 0.0, 0.0, 0.0, 0.0, 0.0, 0.0, 0.0, 0.0, 0.0, 0.0, 0.0, 0.0, 0.0, 0.0, 0.0, 0.0, 0.0, 0.0, 0.0, 0.0, 0.0, 0.0, 0.0, 0.0, 0.0, 0.0, 0.0, 0.0, 0.0, 0.0, 0.0, 0.0, 0.0, 0.0, 0.0, 0.0, 0.0, 0.0, 0.0, 0.0, 0.0, 0.0, 0.0, 0.0, 0.0, 0.0, 0.0, 0.0, 0.0, 0.0, 0.0, 0.0, 0.0], "tonal.chords_histogram": [0.6060606241226196, 0.0, 6.060606002807617, 8.636363983154297, 37.121212005615234, 3.4848484992980957, 0.0, 6.21212100982666, 8.181818008422852, 8.939393997192383, 3.6363637447357178, 2.5757575035095215, 0.0, 0.1515151560306549, 1.8181818723678589, 0.4545454680919647, 3.939393997192383, 4.090909004211426, 0.7575757503509521, 0.1515151560306549, 1.0606060028076172, 0.0, 0.0, 2.1212120056152344], "tonal.thpcp": [1.0, 0.5345752239227295, 0.16794411838054657, 0.15764625370502472, 0.17477287352085114, 0.1412472128868103, 0.1486135572195053, 0.19002944231033325, 0.16436655819416046, 0.128274068236351, 0.1561630219221115, 0.18891789019107819, 0.17661458253860474, 0.17584320902824402, 0.21276497840881348, 0.2593202590942383, 0.27245423197746277, 0.29478806257247925, 0.31352221965789795, 0.33128201961517334, 0.5438584685325623, 0.6170877814292908, 0.6688326001167297, 0.8301750421524048, 0.6980533003807068, 0.4644995927810669, 0.35701698064804077, 0.42912599444389343, 0.6286324858665466, 0.8543156981468201, 0.7934515476226807, 0.50945645570755, 0.3320266306400299, 0.26326286792755127, 0.35813799500465393, 0.7973793148994446], "lowlevel.gfcc.cov": [[23115.91015625, 4857.4404296875, -266.6349792480469, 376.1897888183594, 358.4964904785156, 353.4349670410156, 168.68746948242188, 303.90667724609375, 8.910212516784668, 215.8455810546875, 152.5041046142578, -28.587909698486328, 193.82496643066406], [4857.4404296875, 4706.8046875, 491.74609375, -669.2485961914062, 656.3297729492188, -352.9893798828125, 27.348501205444336, -80.05078887939453, -12.113945007324219, -141.23251342773438, 269.142333984375, -105.6055908203125, 144.1245574951172], [-266.6349792480469, 491.74609375, 1486.65673828125, 517.3433227539062, 113.9569091796875, 5.157545566558838, 166.66253662109375, -20.491165161132812, 85.39742279052734, 27.57805633544922, 75.77404022216797, 17.031021118164062, 62.41411590576172], [376.1897888183594, -669.2485961914062, 517.3433227539062, 970.6856689453125, -3.776357889175415, 53.160247802734375, 45.001136779785156, 46.4254035949707, 73.94564819335938, 13.445545196533203, -9.515621185302734, 0.5926293730735779, 11.128519058227539], [358.4964904785156, 656.3297729492188, 113.9569091796875, -3.776357889175415, 536.6541137695312, 11.530255317687988, 96.69914245605469, 39.42161178588867, 29.07706069946289, -20.046934127807617, 61.384674072265625, -27.446149826049805, -2.1260170936584473], [353.4349670410156, -352.9893798828125, 5.157545566558838, 53.160247802734375, 11.530255317687988, 351.7234191894531, 170.20550537109375, 39.967193603515625, 27.517208099365234, 61.56060791015625, -2.515058994293213, -24.539653778076172, 18.571557998657227], [168.68746948242188, 27.348501205444336, 166.66253662109375, 45.001136779785156, 96.69914245605469, 170.20550537109375, 277.59893798828125, 78.74303436279297, 39.80602264404297, 30.855195999145508, 35.367496490478516, -15.646209716796875, 24.189416885375977], [303.90667724609375, -80.05078887939453, -20.491165161132812, 46.4254035949707, 39.42161178588867, 39.967193603515625, 78.74303436279297, 165.3752899169922, 47.475311279296875, 35.69012451171875, 11.09605598449707, -1.7561396360397339, 16.790491104125977], [8.910212516784668, -12.113945007324219, 85.39742279052734, 73.94564819335938, 29.07706069946289, 27.517208099365234, 39.80602264404297, 47.475311279296875, 124.90514373779297, 45.304100036621094, 13.461709976196289, -5.736733913421631, 16.35744285583496], [215.8455810546875, -141.23251342773438, 27.57805633544922, 13.445545196533203, -20.046934127807617, 61.56060791015625, 30.855195999145508, 35.69012451171875, 45.304100036621094, 120.89838409423828, 16.85158920288086, 16.362489700317383, 3.520953416824341], [152.5041046142578, 269.142333984375, 75.77404022216797, -9.515621185302734, 61.384674072265625, -2.515058994293213, 35.367496490478516, 11.09605598449707, 13.461709976196289, 16.85158920288086, 115.42437744140625, -5.234911918640137, 34.739463806152344], [-28.587909698486328, -105.6055908203125, 17.031021118164062, 0.5926293730735779, -27.446149826049805, -24.539653778076172, -15.646209716796875, -1.7561396360397339, -5.736733913421631, 16.362489700317383, -5.234911918640137, 115.29845428466797, 1.2687357664108276], [193.82496643066406, 144.1245574951172, 62.41411590576172, 11.128519058227539, -2.1260170936584473, 18.571557998657227, 24.189416885375977, 16.790491104125977, 16.35744285583496, 3.520953416824341, 34.739463806152344, 1.2687357664108276, 100.76068878173828]], "lowlevel.gfcc.icov": [[0.00010293734521837905, -0.00022908751270733774, 0.00015133738634176552, -0.0002646674693096429, 0.00013280226266942918, -0.00027735711773857474, 6.38630153844133e-05, -0.00020763190696015954, 0.0001960481604328379, -0.0003296157519798726, 0.00020362561917863786, -0.00016198650700971484, 4.9872523959493265e-05], [-0.00022908751270733774, 0.000947149470448494, -0.0005412864848040044, 0.0009703884716145694, -0.0007139779045246542, 0.0010093869641423225, -0.00015336088836193085, 0.0005927036399953067, -0.0004768811340909451, 0.000995368231087923, -0.0009600998018868268, 0.0007166368886828423, -0.0005844099214300513], [0.00015133738634176552, -0.0005412864848040044, 0.0013572913594543934, -0.0011158192064613104, 0.0002835644409060478, -9.839314589044079e-05, -0.0007963653188198805, 0.00046056590508669615, -1.5111890206753742e-05, -0.0008747554966248572, 0.0002748536062426865, -0.0005699832108803093, -0.00015039883146528155], [-0.0002646674693096429, 0.0009703884716145694, -0.0011158192064613104, 0.0023976920638233423, -0.0005964214215055108, 0.000657821714412421, 0.000276784849120304, 6.555668369401246e-05, -0.0010466775856912136, 0.0014724881621077657, -0.0007093328749760985, 0.0007224333821795881, -0.0003098097222391516], [0.00013280226266942918, -0.0007139779045246542, 0.0002835644409060478, -0.0005964214215055108, 0.0028030117973685265, -0.0006192050641402602, -0.0005380038637667894, -0.0007404923671856523, -0.0001854552247095853, 0.0001942632661666721, -0.0004096168268006295, -0.0002778301131911576, 0.0012498748255893588], [-0.00027735711773857474, 0.0010093869641423225, -9.839314589044079e-05, 0.000657821714412421, -0.0006192050641402602, 0.006044941488653421, -0.003579807700589299, 0.0016760410508140922, -0.0001648090110393241, -0.0013076919130980968, 0.0002733994333539158, 0.0017522790003567934, -0.0015129655366763473], [6.38630153844133e-05, -0.00015336088836193085, -0.0007963653188198805, 0.000276784849120304, -0.0005380038637667894, -0.003579807700589299, 0.007260910701006651, -0.002925646025687456, -0.00015573507698718458, 0.000826115719974041, -0.0011273169657215476, -0.0001375454739900306, 0.00033891500788740814], [-0.00020763190696015954, 0.0005927036399953067, 0.00046056590508669615, 6.555668369401246e-05, -0.0007404923671856523, 0.0016760410508140922, -0.002925646025687456, 0.008976190350949764, -0.00236863293685019, -0.0010425046784803271, -6.761796976206824e-05, 0.0003858245036099106, -0.0014194557443261147], [0.0001960481604328379, -0.0004768811340909451, -1.5111890206753742e-05, -0.0010466775856912136, -0.0001854552247095853, -0.0001648090110393241, -0.00015573507698718458, -0.00236863293685019, 0.01128942146897316, -0.004407556727528572, 0.0008335715974681079, 0.0007200063555501401, -0.0010866543743759394], [-0.0003296157519798726, 0.000995368231087923, -0.0008747554966248572, 0.0014724881621077657, 0.0001942632661666721, -0.0013076919130980968, 0.000826115719974041, -0.0010425046784803271, -0.004407556727528572, 0.013124333694577217, -0.0033105385955423117, -0.0014298803871497512, 0.00122634822037071], [0.00020362561917863786, -0.0009600998018868268, 0.0002748536062426865, -0.0007093328749760985, -0.0004096168268006295, 0.0002733994333539158, -0.0011273169657215476, -6.761796976206824e-05, 0.0008335715974681079, -0.0033105385955423117, 0.01230660267174244, 4.553685721475631e-05, -0.003150632604956627], [-0.00016198650700971484, 0.0007166368886828423, -0.0005699832108803093, 0.0007224333821795881, -0.0002778301131911576, 0.0017522790003567934, -0.0001375454739900306, 0.0003858245036099106, 0.0007200063555501401, -0.0014298803871497512, 4.553685721475631e-05, 0.009915775619447231, -0.0010077558690682054], [4.9872523959493265e-05, -0.0005844099214300513, -0.00015039883146528155, -0.0003098097222391516, 0.0012498748255893588, -0.0015129655366763473, 0.00033891500788740814, -0.0014194557443261147, -0.0010866543743759394, 0.00122634822037071, -0.003150632604956627, -0.0010077558690682054, 0.012484763748943806]], "lowlevel.mfcc.cov": [[15299.693359375, 3099.809814453125, -447.427490234375, 132.11322021484375, 168.44764709472656, 154.99099731445312, 292.902099609375, 68.218017578125, 169.53099060058594, 196.63858032226562, 68.33885192871094, 63.50740432739258, 136.99374389648438], [3099.809814453125, 4734.23974609375, -159.596923828125, -115.45833587646484, 321.9696960449219, -193.16949462890625, 226.5109100341797, -76.3096923828125, -101.88064575195312, -55.50723648071289, 23.607004165649414, -32.28988265991211, 14.131016731262207], [-447.427490234375, -159.596923828125, 1345.0933837890625, 488.21307373046875, 51.580326080322266, 183.21568298339844, 67.03759765625, 40.64615249633789, 118.58213806152344, 4.833704948425293, 17.876705169677734, 111.71782684326172, 40.2701416015625], [132.11322021484375, -115.45833587646484, 488.21307373046875, 759.5084228515625, 226.8741912841797, 52.63432693481445, 6.582495212554932, 88.01605224609375, 24.36726188659668, 12.484246253967285, 30.3111629486084, 15.871956825256348, 36.4984245300293], [168.44764709472656, 321.9696960449219, 51.580326080322266, 226.8741912841797, 314.0384521484375, 51.676536560058594, 48.88267517089844, 22.230249404907227, 12.413558006286621, 21.51897430419922, 20.91499900817871, 14.598403930664062, 12.575233459472656], [154.99099731445312, -193.16949462890625, 183.21568298339844, 52.63432693481445, 51.676536560058594, 286.468505859375, 109.73706817626953, 64.0719223022461, 63.558128356933594, 52.20814895629883, 43.336605072021484, 21.155378341674805, 33.51678466796875], [292.902099609375, 226.5109100341797, 67.03759765625, 6.582495212554932, 48.88267517089844, 109.73706817626953, 265.8167419433594, 68.94255828857422, 67.99520111083984, 57.20199203491211, 43.26760482788086, 29.049957275390625, 22.649614334106445], [68.218017578125, -76.3096923828125, 40.64615249633789, 88.01605224609375, 22.230249404907227, 64.0719223022461, 68.94255828857422, 155.83639526367188, 49.55229949951172, 32.530784606933594, 21.70752716064453, -2.0697450637817383, 25.971187591552734], [169.53099060058594, -101.88064575195312, 118.58213806152344, 24.36726188659668, 12.413558006286621, 63.558128356933594, 67.99520111083984, 49.55229949951172, 171.1194305419922, 65.51350402832031, 35.10442352294922, 28.552661895751953, 28.311853408813477], [196.63858032226562, -55.50723648071289, 4.833704948425293, 12.484246253967285, 21.51897430419922, 52.20814895629883, 57.20199203491211, 32.530784606933594, 65.51350402832031, 122.9366226196289, 47.959415435791016, 23.779895782470703, 16.467159271240234], [68.33885192871094, 23.607004165649414, 17.876705169677734, 30.3111629486084, 20.91499900817871, 43.336605072021484, 43.26760482788086, 21.70752716064453, 35.10442352294922, 47.959415435791016, 101.5221176147461, 17.94882583618164, 23.172496795654297], [63.50740432739258, -32.28988265991211, 111.71782684326172, 15.871956825256348, 14.598403930664062, 21.155378341674805, 29.049957275390625, -2.0697450637817383, 28.552661895751953, 23.779895782470703, 17.94882583618164, 94.79524230957031, 22.04425048828125], [136.99374389648438, 14.131016731262207, 40.2701416015625, 36.4984245300293, 12.575233459472656, 33.51678466796875, 22.649614334106445, 25.971187591552734, 28.311853408813477, 16.467159271240234, 23.172496795654297, 22.04425048828125, 76.8719482421875]], "lowlevel.mfcc.icov": [[8.682561747264117e-05, -7.559733057860285e-05, 9.237474296241999e-05, -0.00011334939335938543, 0.00012531121319625527, -0.0001338795555057004, 1.9920513295801356e-05, 4.291210279916413e-05, -0.000113177731691394, -0.00010430187830934301, 0.00011176773114129901, -0.00011672143591567874, -5.409669756772928e-05], [-7.559733057860285e-05, 0.0003551161789800972, -0.0001714669051580131, 0.00030311214504763484, -0.0005569650675170124, 0.0005073026404716074, -0.00041241399594582617, 6.914426921866834e-05, 0.0003021467418875545, 0.000205598131287843, -0.00025459498283453286, 0.00037622323725372553, -0.00020303566998336464], [9.237474296241999e-05, -0.0001714669051580131, 0.001511332462541759, -0.0012690534349530935, 0.0009579348843544722, -0.001083647133782506, 1.9736704416573048e-05, 0.000545705552212894, -0.0010131294839084148, 0.0005894386558793485, 0.0005051128682680428, -0.0016107801347970963, 0.00035982552799396217], [-0.00011334939335938543, 0.00030311214504763484, -0.0012690534349530935, 0.0029994891956448555, -0.002338061574846506, 0.0010766464984044433, 0.00030950314248912036, -0.001437289291061461, 0.0009130016551353037, -5.9639645769493654e-05, -0.0008050933247432113, 0.0012304376577958465, -0.000739250099286437], [0.00012531121319625527, -0.0005569650675170124, 0.0009579348843544722, -0.002338061574846506, 0.005506108049303293, -0.0015742732211947441, -0.00015425559831783175, 0.000743999145925045, -0.0005842176615260541, -0.00036637121229432523, 0.0005037993541918695, -0.0014146625762805343, 0.0006145617226138711], [-0.0001338795555057004, 0.0005073026404716074, -0.001083647133782506, 0.0010766464984044433, -0.0015742732211947441, 0.005814709700644016, -0.001703723450191319, -0.0010450412519276142, 0.00042643220513127744, -0.0006065513007342815, -0.0011735071893781424, 0.0013470727717503905, -0.0012805219739675522], [1.9920513295801356e-05, -0.00041241399594582617, 1.9736704416573048e-05, 0.00030950314248912036, -0.00015425559831783175, -0.001703723450191319, 0.005884540732949972, -0.0018247029511258006, -0.0009312269976362586, -0.000890369585249573, -0.0005497799720615149, -0.0011939938412979245, 0.0005755677702836692], [4.291210279916413e-05, 6.914426921866834e-05, 0.000545705552212894, -0.001437289291061461, 0.000743999145925045, -0.0010450412519276142, -0.0018247029511258006, 0.009093870408833027, -0.0015825575683265924, -0.00048539615818299353, 0.00033288911799900234, 0.0014015031047165394, -0.0017088506137952209], [-0.000113177731691394, 0.0003021467418875545, -0.0010131294839084148, 0.0009130016551353037, -0.0005842176615260541, 0.00042643220513127744, -0.0009312269976362586, -0.0015825575683265924, 0.009075270034372807, -0.0033602749463170767, -0.0006343436543829739, 3.933539119316265e-05, -0.0014805623795837164], [-0.00010430187830934301, 0.000205598131287843, 0.0005894386558793485, -5.9639645769493654e-05, -0.00036637121229432523, -0.0006065513007342815, -0.000890369585249573, -0.00048539615818299353, -0.0033602749463170767, 0.012826183810830116, -0.0040246108546853065, -0.0017238175496459007, 0.0008158815908245742], [0.00011176773114129901, -0.00025459498283453286, 0.0005051128682680428, -0.0008050933247432113, 0.0005037993541918695, -0.0011735071893781424, -0.0005497799720615149, 0.00033288911799900234, -0.0006343436543829739, -0.0040246108546853065, 0.013354428112506866, -0.0010841729817911983, -0.0021749006118625402], [-0.00011672143591567874, 0.00037622323725372553, -0.0016107801347970963, 0.0012304376577958465, -0.0014146625762805343, 0.0013470727717503905, -0.0011939938412979245, 0.0014015031047165394, 3.933539119316265e-05, -0.0017238175496459007, -0.0010841729817911983, 0.014193737879395485, -0.0034678273368626833], [-5.409669756772928e-05, -0.00020303566998336464, 0.00035982552799396217, -0.000739250099286437, 0.0006145617226138711, -0.0012805219739675522, 0.0005755677702836692, -0.0017088506137952209, -0.0014805623795837164, 0.0008158815908245742, -0.0021749006118625402, -0.0034678273368626833, 0.01619097962975502]], "metadata.audio