{"song_id": "1183703240550928384", "download": "https://cdn.discordapp.com/attachments/1135911532732108921/1183703240550928384/chirp.mp4?ex=65894c8c&amp", "lyrics": "Take your time to consider the opportunity and place a trade.\nIt's important to follow the rules\nAlways think of scenarios and check the situation\nTrade with an edge and put the odds on your side\nEarn big profits\nTrading is fun and feels good\nMake great trades and make a lot of money\nA happy day begins", "style": ["random"], "essentia_features": {"lowlevel.average_loudness": 0.7836571335792542, "lowlevel.barkbands_crest.mean": 12.599379539489746, "lowlevel.barkbands_crest.stdev": 5.018459320068359, "lowlevel.barkbands_flatness_db.mean": 0.24565893411636353, "lowlevel.barkbands_flatness_db.stdev": 0.06542965769767761, "lowlevel.barkbands_kurtosis.mean": 6.52705717086792, "lowlevel.barkbands_kurtosis.stdev": 9.618772506713867, "lowlevel.barkbands_skewness.mean": 1.7965151071548462, "lowlevel.barkbands_skewness.stdev": 1.7034152746200562, "lowlevel.barkbands_spread.mean": 15.389968872070312, "lowlevel.barkbands_spread.stdev": 12.133036613464355, "lowlevel.dissonance.mean": 0.4505544602870941, "lowlevel.dissonance.stdev": 0.03647681325674057, "lowlevel.dynamic_complexity": 4.499995708465576, "lowlevel.erbbands_crest.mean": 11.366198539733887, "lowlevel.erbbands_crest.stdev": 4.909037113189697, "lowlevel.erbbands_flatness_db.mean": 0.2757461667060852, "lowlevel.erbbands_flatness_db.stdev": 0.05797501653432846, "lowlevel.erbbands_kurtosis.mean": 0.8642513155937195, "lowlevel.erbbands_kurtosis.stdev": 3.171764373779297, "lowlevel.erbbands_skewness.mean": 0.3501538336277008, "lowlevel.erbbands_skewness.stdev": 1.205328345298767, "lowlevel.erbbands_spread.mean": 32.46937561035156, "lowlevel.erbbands_spread.stdev": 15.217911720275879, "lowlevel.hfc.mean": 9.735173225402832, "lowlevel.hfc.stdev": 16.823118209838867, "lowlevel.loudness_ebu128.integrated": -22.91095542907715, "lowlevel.loudness_ebu128.loudness_range": 5.211574554443359, "lowlevel.loudness_ebu128.momentary.mean": -24.14154624938965, "lowlevel.loudness_ebu128.momentary.stdev": 3.4718549251556396, "lowlevel.loudness_ebu128.short_term.mean": -23.361783981323242, "lowlevel.loudness_ebu128.short_term.stdev": 1.7780699729919434, "lowlevel.melbands_crest.mean": 14.823803901672363, "lowlevel.melbands_crest.stdev": 5.367920875549316, "lowlevel.melbands_flatness_db.mean": 0.279601126909256, "lowlevel.melbands_flatness_db.stdev": 0.08636077493429184, "lowlevel.melbands_kurtosis.mean": 14.598124504089355, "lowlevel.melbands_kurtosis.stdev": 17.136587142944336, "lowlevel.melbands_skewness.mean": 2.782268524169922, "lowlevel.melbands_skewness.stdev": 1.7969951629638672, "lowlevel.melbands_spread.mean": 23.79925537109375, "lowlevel.melbands_spread.stdev": 29.178218841552734, "lowlevel.pitch_salience.mean": 0.5804318189620972, "lowlevel.pitch_salience.stdev": 0.1294102519750595, "lowlevel.silence_rate_20dB.mean": 1.0, "lowlevel.silence_rate_20dB.stdev": 0.0, "lowlevel.silence_rate_30dB.mean": 1.0, "lowlevel.silence_rate_30dB.stdev": 0.0, "lowlevel.silence_rate_60dB.mean": 0.28388747572898865, "lowlevel.silence_rate_60dB.stdev": 0.4508838355541229, "lowlevel.spectral_centroid.mean": 1257.6402587890625, "lowlevel.spectral_centroid.stdev": 877.5006713867188, "lowlevel.spectral_complexity.mean": 9.470588684082031, "lowlevel.spectral_complexity.stdev": 7.3065972328186035, "lowlevel.spectral_decrease.mean": -3.115167901412974e-09, "lowlevel.spectral_decrease.stdev": 3.865652242751594e-09, "lowlevel.spectral_energy.mean": 0.012640360742807388, "lowlevel.spectral_energy.stdev": 0.015756746754050255, "lowlevel.spectral_energyband_high.mean": 7.27466176613234e-05, "lowlevel.spectral_energyband_high.stdev": 0.00019818928558379412, "lowlevel.spectral_energyband_low.mean": 0.00038238041452132165, "lowlevel.spectral_energyband_low.stdev": 0.0006859503919258714, "lowlevel.spectral_energyband_middle_high.mean": 0.002944554900750518, "lowlevel.spectral_energyband_middle_high.stdev": 0.007452887017279863, "lowlevel.spectral_energyband_middle_low.mean": 0.009341232478618622, "lowlevel.spectral_energyband_middle_low.stdev": 0.012624001130461693, "lowlevel.spectral_entropy.mean": 6.940175533294678, "lowlevel.spectral_entropy.stdev": 0.5422533750534058, "lowlevel.spectral_flux.mean": 0.050223421305418015, "lowlevel.spectral_flux.stdev": 0.036921896040439606, "lowlevel.spectral_kurtosis.mean": 9.882047653198242, "lowlevel.spectral_kurtosis.stdev": 8.379661560058594, "lowlevel.spectral_rms.mean": 0.002939570927992463, "lowlevel.spectral_rms.stdev": 0.0019211936742067337, "lowlevel.spectral_rolloff.mean": 1598.4853515625, "lowlevel.spectral_rolloff.stdev": 1871.6954345703125, "lowlevel.spectral_skewness.mean": 1.6161575317382812, "lowlevel.spectral_skewness.stdev": 0.7910776138305664, "lowlevel.spectral_spread.mean": 2617927.5, "lowlevel.spectral_spread.stdev": 1337453.625, "lowlevel.spectral_strongpeak.mean": 0.9167660474777222, "lowlevel.spectral_strongpeak.stdev": 1.0092803239822388, "lowlevel.zerocrossingrate.mean": 0.05546591803431511, "lowlevel.zerocrossingrate.stdev": 0.04996233806014061, "metadata.audio_properties.analysis.equal_loudness": 0.0, "metadata.audio_properties.analysis.length": 27.19997787475586, "metadata.audio_properties.analysis.sample_rate": 44100.0, "metadata.audio_properties.analysis.start_time": 0.0, "metadata.audio_properties.bit_rate": 117145.0, "metadata.audio_properties.length": 27.200000762939453, "metadata.audio_properties.lossless": 0.0, "metadata.audio_properties.number_channels": 1.0, "metadata.audio_properties.replay_gain": -6.955053329467773, "metadata.audio_properties.sample_rate": 48000.0, "rhythm.beats_count": 70.0, "rhythm.beats_loudness.mean": 0.01761278137564659, "rhythm.beats_loudness.stdev": 0.017286663874983788, "rhythm.bpm": 184.57032775878906, "rhythm.bpm_histogram_first_peak_bpm": 185.0, "rhythm.bpm_histogram_first_peak_weight": 0.0, "rhythm.bpm_histogram_second_peak_bpm": 178.0, "rhythm.bpm_histogram_second_peak_spread": 0.0, "rhythm.bpm_histogram_second_peak_weight": 0.2028985470533371, "rhythm.danceability": 1.3076750040054321, "rhythm.onset_rate": 4.630006313323975, "tonal.chords_changes_rate": 0.0579216368496418, "tonal.chords_number_rate": 0.02214650809764862, "tonal.chords_strength.mean": 0.5915358066558838, "tonal.chords_strength.stdev": 0.12075459957122803, "tonal.hpcp_crest.mean": 13.241130828857422, "tonal.hpcp_crest.stdev": 6.992339611053467, "tonal.hpcp_entropy.mean": 2.1194138526916504, "tonal.hpcp_entropy.stdev": 0.7958381772041321, "tonal.key_edma.strength": 0.6956185698509216, "tonal.key_krumhansl.strength": 0.6811472177505493, "tonal.key_temperley.strength": 0.6591477394104004, "tonal.tuning_diatonic_strength": 0.532863438129425, "tonal.tuning_equal_tempered_deviation": 0.168325737118721, "tonal.tuning_frequency": 443.0604248046875, "tonal.tuning_nontempered_energy_ratio": 0.8641489148139954, "lowlevel.barkbands.mean": [7.90264152783493e-07, 7.330681546591222e-05, 0.00023035035701468587, 0.0001830685796448961, 0.002784550189971924, 0.0036011473275721073, 0.0018057221313938498, 0.0005218496662564576, 0.00039914544322527945, 0.0001208894100273028, 0.00014308719255495816, 0.000354456075001508, 0.0003066198551096022, 0.00035045327967964113, 0.00035771814873442054, 0.0003043938777409494, 0.0004062782973051071, 0.00036564006586559117, 0.00022365598124451935, 7.05822094460018e-05, 1.0429178473714273e-05, 7.800244929967448e-06, 8.441580575890839e-06, 6.437638603529194e-06, 2.982003934448585e-06, 5.74430089272937e-07, 8.515119165330987e-10], "lowlevel.barkbands.stdev": [1.5298152220566408e-06, 0.00025748551706783473, 0.0004871634009759873, 0.0004318477294873446, 0.004072093870490789, 0.007654693443328142, 0.0056083668023347855, 0.002248113276436925, 0.0016647122101858258, 0.0005223324988037348, 0.0004268934135325253, 0.001788093475624919, 0.0015005639288574457, 0.0019596812780946493, 0.00180381303653121, 0.000992253189906478, 0.0013514590682461858, 0.0012510643573477864, 0.0006631523719988763, 0.0001332732936134562, 4.8843969125300646e-05, 3.423561429372057e-05, 3.625914905569516e-05, 3.0024228180991486e-05, 1.336678360530641e-05, 2.9553891636169283e-06, 5.9886464676139894e-09], "lowlevel.erbbands.mean": [0.0005500545958057046, 0.0247806366533041, 0.21308359503746033, 0.4921240210533142, 2.0968332290649414, 12.951212882995605, 14.121582984924316, 36.11731719970703, 33.977970123291016, 18.894651412963867, 11.481389999389648, 9.743992805480957, 6.287559509277344, 4.474385738372803, 6.7623291015625, 14.354286193847656, 15.07512092590332, 17.514467239379883, 16.436138153076172, 19.191104888916016, 19.95396614074707, 22.847105026245117, 17.32387924194336, 20.226146697998047, 6.259228706359863, 3.4482474327087402, 0.9709382057189941, 0.3555164337158203, 0.2790384888648987, 0.24822279810905457, 0.23609262704849243, 0.15301436185836792, 0.09789173305034637, 0.04261772707104683, 0.017475362867116928, 0.005149841774255037, 0.0005270062247291207, 1.948038516275119e-05, 7.650573934370186e-06, 1.5019893908174708e-05], "lowlevel.erbbands.stdev": [0.001623414340429008, 0.07455530017614365, 0.40401187539100647, 0.8876607418060303, 3.383955240249634, 19.297264099121094, 27.754613876342773, 82.40910339355469, 95.66952514648438, 48.03807830810547, 56.22970199584961, 41.41022872924805, 25.19563102722168, 12.429011344909668, 27.626733779907227, 66.83636474609375, 66.829833984375, 96.51253509521484, 78.16444396972656, 91.9928970336914, 59.59075164794922, 73.53031158447266, 57.437747955322266, 63.16773986816406, 14.271034240722656, 6.550661563873291, 2.874143362045288, 1.8065862655639648, 1.2304153442382812, 1.0424034595489502, 1.0106322765350342, 0.6907873749732971, 0.46309927105903625, 0.19506818056106567, 0.08184140175580978, 0.025590023025870323, 0.003165303496643901, 0.00010028678661910817, 9.159384717349894e-06, 1.869340121629648e-05], "lowlevel.gfcc.mean": [-151.50442504882812, 138.49578857421875, -165.55638122558594, 23.85137176513672, -52.11027908325195, -35.493465423583984, -62.393775939941406, -12.805575370788574, -27.09995460510254, -17.57450294494629, 8.783235549926758, -15.211160659790039, -2.3743443489074707], "lowlevel.melbands.mean": [1.2003021765849553e-05, 8.603371679782867e-05, 0.00011353077570674941, 0.0005106679745949805, 0.0005416595959104598, 0.0007766196504235268, 0.0005115115200169384, 0.00017772916180547327, 8.207921928260475e-05, 6.102322004153393e-05, 3.0155551939969882e-05, 1.7072437913157046e-05, 2.0011701053590514e-05, 3.3184944186359644e-05, 3.826649481197819e-05, 3.369433761690743e-05, 3.1638803193345666e-05, 2.6020021323347464e-05, 2.746114114415832e-05, 2.118332304235082e-05, 2.427054823783692e-05, 2.5909337637131102e-05, 1.4528455722029321e-05, 1.8109582015313208e-05, 1.6905909433262423e-05, 6.061800831957953e-06, 2.4764156023593387e-06, 2.278066631333786e-06, 7.255442255882372e-07, 2.361912265769206e-07, 1.918573389048106e-07, 1.771992685917212e-07, 1.1415337297648875e-07, 1.471456982926611e-07, 1.4598488462524983e-07, 1.099519977287855e-07, 8.664815709380491e-08, 7.122847733853632e-08, 4.955851551358137e-08, 3.2224409807213306e-08], "lowlevel.melbands.stdev": [4.159871241427027e-05, 0.00016253002104349434, 0.00018421995628159493, 0.000762382464017719, 0.0009054138790816069, 0.0016963874222710729, 0.0013205833965912461, 0.00045993723324500024, 0.0004082151281181723, 0.00026598048862069845, 0.00012571594561450183, 5.015963688492775e-05, 6.894302350701764e-05, 0.00016973780293483287, 0.00017558630497660488, 0.0001789790258044377, 0.00019257933308836073, 0.00013440762995742261, 0.0001386731310049072, 9.020076686283574e-05, 7.382757030427456e-05, 8.667258225614205e-05, 4.811731560039334e-05, 6.468217907240614e-05, 5.40434593858663e-05, 1.6228972526732832e-05, 4.015054400952067e-06, 5.1655488277901895e-06, 2.2896210793987848e-06, 1.2792771713066031e-06, 1.0208256071564392e-06, 8.249930374404357e-07, 4.6046378088249185e-07, 6.456929213527474e-07, 6.475943905570603e-07, 4.693978041814262e-07, 4.1158946828545595e-07, 3.420902885409305e-07, 2.4473303028571536e-07, 1.4612342624786834e-07], "lowlevel.melbands128.mean": [3.833938251318614e-07, 6.04016918259731e-07, 9.228245289705228e-06, 4.720262950286269e-05, 9.418087574886158e-05, 0.00011793751764344051, 8.980696293292567e-05, 9.91618653642945e-05, 0.00014408059359993786, 0.00043256624485366046, 0.0008764088852331042, 0.0007125521078705788, 0.0004660343984141946, 0.0002970075875055045, 0.000701700511854142, 0.001275426591746509, 0.0006196541362442076, 0.0004041685024276376, 0.0002978965057991445, 0.00021560753521043807, 9.541808685753495e-05, 0.00011795643513323739, 8.309390250360593e-05, 4.3497246224433184e-05, 6.296140054473653e-05, 7.46240111766383e-05, 4.30338695878163e-05, 2.3919619707157835e-05, 2.1478053895407356e-05, 1.0417026715003885e-05, 1.910659557324834e-05, 2.2987829652265646e-05, 1.5937897842377424e-05, 1.9938712284783833e-05, 3.0941802833694965e-05, 3.263561666244641e-05, 4.3174088204978034e-05, 4.8862071707844734e-05, 2.310547642991878e-05, 3.4847227652790025e-05, 3.302395634818822e-05, 3.817206743406132e-05, 3.251416273997165e-05, 2.8882588594569825e-05, 2.7622452762443572e-05, 2.6144625735469162e-05, 2.217760993517004e-05, 2.5453446141909808e-05, 3.4305714507354423e-05, 2.4558064978918992e-05, 1.7183361705974676e-05, 1.8726477719610557e-05, 2.5319543055957183e-05, 2.3527527446276508e-05, 2.924922591773793e-05, 2.8733631552313454e-05, 2.2108732082415372e-05, 1.412521942256717e-05, 1.2487130334193353e-05, 1.2951263670402113e-05, 1.732537566567771e-05, 2.3086091459845193e-05, 2.221894646936562e-05, 1.4447704415943008e-05, 9.249521099263802e-06, 6.938701062608743e-06, 3.0971696105552837e-06, 2.396167701590457e-06, 2.5330866719741607e-06, 2.214313781223609e-06, 2.5350764190079644e-06, 2.4103007945086574e-06, 1.0676416195565253e-06, 3.93978410784257e-07, 2.9525051559176063e-07, 2.831641552347719e-07, 1.6963527116331534e-07, 1.8015587954778312e-07, 1.8553758707184898e-07, 2.1670189198630396e-07, 2.2161422918998142e-07, 1.494635313292747e-07, 1.0156404073313752e-07, 9.428038083569845e-08, 1.4517050317408575e-07, 1.3333482229427318e-07, 1.4470430187429884e-07, 1.8198889506493288e-07, 1.4681222637591418e-07, 1.2068757371253014e-07, 1.2393402926136332e-07, 1.0312156462077837e-07, 9.276056545104439e-08, 9.734894490520674e-08, 7.260305068257367e-08, 6.883783498778939e-08, 7.136070934166128e-08, 7.675525637296232e-08, 5.146385717580415e-08, 3.298473671975444e-08, 3.6672133774118265e-08, 3.2190737186965634e-08, 2.851514402379962e-08, 2.1981739095622288e-08, 1.9193420186525145e-08, 1.686475137319121e-08, 1.408608163444569e-08, 1.060818100029337e-08, 8.337075918518622e-09, 7.388527123453059e-09, 2.902718732045173e-09, 1.7300699761690908e-09, 9.447441717824745e-10, 3.302054185638781e-10, 8.57586224256579e-11, 3.0366629349964924e-11, 1.4035716165705647e-11, 5.1880800003289984e-12, 2.6346470578114678e-12, 2.6022046930446185e-12, 2.487137449116994e-12, 2.1990269848115584e-12, 2.024888720239537e-12, 1.9827709352854272e-12, 1.866261702468397e-12, 1.680452326770221e-12, 1.5783276378564248e-12, 1.5574430850887055e-12], "lowlevel.melbands128.stdev": [7.430969617416849e-07, 1.2972368494956754e-06, 3.3415766665712e-05, 0.00016713271907065064, 0.0001912551379064098, 0.0002716607123147696, 0.00019317211990710348, 0.0002651462273206562, 0.0003383562434464693, 0.0008725704392418265, 0.0013625051360577345, 0.0013260727282613516, 0.0011795322643592954, 0.0008795015746727586, 0.001760727958753705, 0.0031934345606714487, 0.0018834916409105062, 0.001837145071476698, 0.0008440630044788122, 0.0007816824363544583, 0.00031186340493150055, 0.0007092381711117923, 0.0005260648904368281, 0.00021323206601664424, 0.0003677446220535785, 0.00044454840826801956, 0.000240817986195907, 0.0001251937064807862, 0.00012965951464138925, 3.704210030264221e-05, 6.491066596936435e-05, 7.128700235625729e-05, 5.795144534204155e-05, 0.00014036771608516574, 0.00019393886032048613, 0.0002310396812390536, 0.00026794191217049956, 0.0002966879983432591, 0.00012161728227511048, 0.00022342307784128934, 0.00018709746655076742, 0.00030090881045907736, 0.00018142035696655512, 0.0003515968273859471, 0.0001586192665854469, 0.0001645633892621845, 0.00016407221846748143, 0.00013218625099398196, 0.00019867545051965863, 0.00013599959493149072, 8.663802873343229e-05, 6.251982995308936e-05, 8.315382729051635e-05, 7.553471368737519e-05, 0.0001220765698235482, 0.0001070906437234953, 9.200910426443443e-05, 5.4897918744245544e-05, 4.178620292805135e-05, 4.613788041751832e-05, 6.955372373340651e-05, 8.685709326528013e-05, 8.065394649747759e-05, 5.5450265790568665e-05, 2.7941981898038648e-05, 1.9264640286564827e-05, 9.513612894807011e-06, 5.51203265786171e-06, 4.665197138820076e-06, 5.166365099285031e-06, 7.029957941995235e-06, 6.6203965616296045e-06, 4.092810286238091e-06, 1.5499467735935468e-06, 1.3293522442836547e-06, 1.8380142137175426e-06, 9.436736263523926e-07, 1.1511540378705831e-06, 1.0726992059062468e-06, 1.1565787190193078e-06, 1.1576099723242805e-06, 6.628329742852657e-07, 4.213518423057394e-07, 3.873161631418043e-07, 6.548312967424863e-07, 5.850896513948101e-07, 6.987842198213912e-07, 9.688459385870374e-07, 6.863365342724137e-07, 5.280490427139739e-07, 5.484203597916348e-07, 4.84821441659733e-07, 4.328533407260693e-07, 5.010124368709512e-07, 3.403027619697241e-07, 3.6002572301185864e-07, 3.716935168540658e-07, 3.782502915328223e-07, 2.9455298999891966e-07, 1.711708250695665e-07, 1.7742488012117974e-07, 1.439010048898126e-07, 1.3491724359937507e-07, 9.880280771312755e-08, 1.047705779910757e-07, 9.243871090802713e-08, 6.563082166621825e-08, 5.1360977693093446e-08, 4.5376804536090276e-08, 4.37509939388292e-08, 1.897600299116675e-08, 1.518504255670905e-08, 8.488020064589819e-09, 2.789274811121345e-09, 8.329779643823088e-10, 4.185495838804343e-10, 2.0320882476720925e-10, 7.092666731711716e-11, 1.0828917623717516e-11, 1.1913494496473831e-11, 1.0483921890347414e-11, 5.307927708475546e-12, 3.71554089578785e-12, 3.651936825860291e-12, 3.600696346986454e-12, 3.5564233849538773e-12, 3.5250001702291645e-12, 3.505965916889009e-12], "lowlevel.mfcc.mean": [-781.304931640625, 162.88906860351562, -47.8353385925293, 33.72198486328125, 13.47485065460205, -27.245220184326172, -15.992558479309082, -14.78934383392334, -35.9428596496582, -8.289530754089355, -14.823762893676758, -7.789482116699219, -0.18822818994522095], "lowlevel.spectral_contrast_coeffs.mean": [-0.5793111324310303, -0.6720556020736694, -0.7849180698394775, -0.7869488000869751, -0.7265017032623291, -0.7944708466529846], "lowlevel.spectral_contrast_coeffs.stdev": [0.10472329705953598, 0.10422670841217041, 0.06968529522418976, 0.054495587944984436, 0.09323852509260178, 0.04387925937771797], "lowlevel.spectral_contrast_valleys.mean": [-8.624939918518066, -7.869309425354004, -8.652044296264648, -8.357399940490723, -8.766979217529297, -12.669261932373047], "lowlevel.spectral_contrast_valleys.stdev": [1.031016230583191, 1.012977123260498, 1.087729811668396, 0.9849575161933899, 0.9568172693252563, 1.175318956375122], "rhythm.beats_loudness_band_ratio.mean": [0.11427509784698486, 0.5316529273986816, 0.17807596921920776, 0.06412772089242935, 0.13313709199428558, 0.047779690474271774], "rhythm.beats_loudness_band_ratio.stdev": [0.1612268090248108, 0.2743634283542633, 0.16302742063999176, 0.07631273567676544, 0.17251935601234436, 0.13285964727401733], "tonal.hpcp.mean": [0.06860501319169998, 0.09921596944332123, 0.18443648517131805, 0.2523474395275116, 0.2272360920906067, 0.20628121495246887, 0.17722754180431366, 0.108330637216568, 0.10331063717603683, 0.08691125363111496, 0.05946183577179909, 0.07876590639352798, 0.0979352593421936, 0.08883863687515259, 0.08272960036993027, 0.0764768198132515, 0.08240082859992981, 0.14901982247829437, 0.1498783826828003, 0.07351186126470566, 0.05422842130064964, 0.05744289234280586, 0.06432028859853745, 0.09556010365486145, 0.11192416399717331, 0.10890806466341019, 0.16545701026916504, 0.25758230686187744, 0.24634197354316711, 0.18846867978572845, 0.12999491393566132, 0.08154480904340744, 0.09141116589307785, 0.10323190689086914, 0.09210117161273956, 0.07656222581863403], "tonal.hpcp.stdev": [0.1795179843902588, 0.2194800227880478, 0.2957930266857147, 0.33420711755752563, 0.31769195199012756, 0.30303576588630676, 0.2916165590286255, 0.21888072788715363, 0.2398691177368164, 0.2012423723936081, 0.13928796350955963, 0.17252519726753235, 0.20435230433940887, 0.18003521859645844, 0.1820455640554428, 0.16365894675254822, 0.16449883580207825, 0.24221982061862946, 0.26221325993537903, 0.15752266347408295, 0.14328981935977936, 0.1491602063179016, 0.14536309242248535, 0.17828291654586792, 0.20213168859481812, 0.21601197123527527, 0.25588259100914, 0.3413546085357666, 0.3100140392780304, 0.2822829484939575, 0.2276279628276825, 0.17100590467453003, 0.2018098086118698, 0.22995345294475555, 0.21160978078842163, 0.17532138526439667], "rhythm.beats_position": [0.3715192675590515, 0.7314285635948181, 1.09133780002594, 1.4396371841430664, 1.7879364490509033, 2.1362357139587402, 2.4729251861572266, 2.809614419937134, 3.14630389213562, 3.4829931259155273, 3.8312923908233643, 4.1679816246032715, 4.504671096801758, 4.841360569000244, 5.178049564361572, 5.514739036560059, 5.851428508758545, 6.188117980957031, 6.524806976318359, 6.861496448516846, 7.198185920715332, 7.523265361785889, 7.848344326019287, 8.173423767089844, 8.498503684997559, 8.823582649230957, 9.148661613464355, 9.47374153137207, 9.798820495605469, 10.123900413513184, 10.448979377746582, 10.77405834197998, 11.099138259887695, 11.412607192993164, 11.72607707977295, 12.051156044006348, 12.376235961914062, 12.701314926147461, 13.02639389038086, 13.351473808288574, 13.699772834777832, 14.04807186126709, 14.407981872558594, 14.767890930175781, 15.139410018920898, 15.510929107666016, 15.894058227539062, 16.26557731628418, 16.648706436157227, 17.020225524902344, 17.391746520996094, 17.856143951416016, 18.32054328918457, 18.784942626953125, 19.24934196472168, 19.702131271362305, 20.15492057800293, 20.619319915771484, 21.08371925354004, 21.54811668395996, 22.012516021728516, 22.488525390625, 22.964534759521484, 23.44054412841797, 23.9862117767334, 24.53188133239746, 25.077550888061523, 25.611610412597656, 26.168888092041016, 26.726167678833008], "rhythm.bpm_histogram": [0.0, 0.0, 0.0, 0.0, 0.0, 0.0, 0.0, 0.0, 0.0, 0.0, 0.0, 0.0, 0.0, 0.0, 0.0, 0.0, 0.0, 0.0, 0.0, 0.0, 0.0, 0.0, 0.0, 0.0, 0.0, 0.0, 0.0, 0.0, 0.0, 0.0, 0.0, 0.0, 0.0, 0.0, 0.0, 0.0, 0.0, 0.0, 0.0, 0.0, 0.0, 0.0, 0.0, 0.0, 0.0, 0.0, 0.0, 0.0, 0.0, 0.0, 0.0, 0.0, 0.0, 0.0, 0.0, 0.0, 0.0, 0.0, 0.0, 0.0, 0.0, 0.0, 0.0, 0.0, 0.0, 0.0, 0.0, 0.0, 0.0, 0.0, 0.0, 0.0, 0.0, 0.0, 0.0, 0.0, 0.0, 0.0, 0.0, 0.0, 0.0, 0.0, 0.0, 0.0, 0.0, 0.0, 0.0, 0.0, 0.0, 0.0, 0.0, 0.0, 0.0, 0.0, 0.0, 0.0, 0.0, 0.0, 0.0, 0.0, 0.0, 0.0, 0.0, 0.0, 0.0, 0.0, 0.0, 0.0, 0.028985507786273956, 0.0, 0.043478261679410934, 0.0, 0.014492753893136978, 0.0, 0.0, 0.0, 0.0, 0.0, 0.0, 0.0, 0.0, 0.0, 0.0, 0.0, 0.0, 0.0, 0.043478261679410934, 0.0, 0.0, 0.11594203114509583, 0.0, 0.0, 0.0, 0.028985507786273956, 0.0, 0.0, 0.0, 0.0, 0.0, 0.0, 0.0, 0.0, 0.0, 0.0, 0.0, 0.0, 0.0, 0.0, 0.0, 0.0, 0.0, 0.0, 0.0, 0.0, 0.0, 0.0, 0.0, 0.028985507786273956, 0.0, 0.0, 0.0, 0.07246376574039459, 0.0, 0.0, 0.0, 0.0, 0.0, 0.05797101557254791, 0.0, 0.0, 0.0, 0.0, 0.08695652335882187, 0.0, 0.0, 0.0, 0.0, 0.0, 0.2028985470533371, 0.0, 0.0, 0.0, 0.0, 0.0, 0.0, 0.24637681245803833, 0.0, 0.0, 0.0, 0.0, 0.0, 0.028985507786273956, 0.0, 0.0, 0.0, 0.0, 0.0, 0.0, 0.0, 0.0, 0.0, 0.0, 0.0, 0.0, 0.0, 0.0, 0.0, 0.0, 0.0, 0.0, 0.0, 0.0, 0.0, 0.0, 0.0, 0.0, 0.0, 0.0, 0.0, 0.0, 0.0, 0.0, 0.0, 0.0, 0.0, 0.0, 0.0, 0.0, 0.0, 0.0, 0.0, 0.0, 0.0, 0.0, 0.0, 0.0, 0.0, 0.0, 0.0, 0.0, 0.0, 0.0, 0.0, 0.0, 0.0, 0.0, 0.0, 0.0, 0.0, 0.0], "tonal.chords_histogram": [5.4514479637146, 31.516183853149414, 6.303236961364746, 0.0, 7.325383186340332, 0.0, 0.0, 2.8960816860198975, 5.621805667877197, 16.18398666381836, 8.17717170715332, 0.0, 0.0, 0.0, 1.533219814300537, 0.0, 0.0, 5.281090259552002, 0.0, 0.0, 4.940374851226807, 1.36286199092865, 0.8517887592315674, 2.555366277694702], "tonal.thpcp": [1.0, 0.9563621878623962, 0.7316833138465881, 0.5046733021736145, 0.316577672958374, 0.3548813760280609, 0.4007725119590759, 0.3575601577758789, 0.29723402857780457, 0.2663421034812927, 0.38518160581588745, 0.7160293459892273, 0.9796769022941589, 0.8821882605552673, 0.8008361458778381, 0.688042402267456, 0.4205670654773712, 0.40107816457748413, 0.3374115824699402, 0.23084595799446106, 0.3057892620563507, 0.3802095651626587, 0.3448941707611084, 0.32117733359336853, 0.29690244793891907, 0.3199009597301483, 0.5785328149795532, 0.5818659663200378, 0.28539174795150757, 0.21052852272987366, 0.2230079174041748, 0.24970771372318268, 0.3709886074066162, 0.43451806902885437, 0.42280879616737366, 0.642346203327179], "lowlevel.gfcc.cov": [[5691.30908203125, 648.9987182617188, -710.5154418945312, -368.50054931640625, 59.19896697998047, -426.46600341796875, -0.4313773214817047, 3.406371593475342, 88.11360931396484, -150.72203063964844, 140.59030151367188, -194.8722686767578, -73.87516021728516], [648.9987182617188, 3526.908203125, -357.70068359375, -884.6262817382812, 703.089111328125, -829.6452026367188, 509.554443359375, -198.6757354736328, 224.53775024414062, -606.969482421875, 432.7952880859375, -240.19720458984375, 286.1736145019531], [-710.5154418945312, -357.70068359375, 1210.523193359375, 526.6069946289062, -46.96498107910156, 497.8677978515625, -157.3086395263672, 229.01844787597656, -6.313540935516357, 44.620914459228516, -113.08877563476562, 48.15541458129883, -228.50820922851562], [-368.50054931640625, -884.6262817382812, 526.6069946289062, 833.0765991210938, 15.465856552124023, 342.2644958496094, -210.62982177734375, 69.5456314086914, -23.66083526611328, 195.44110107421875, -169.82774353027344, -20.21131134033203, -84.54689025878906], [59.19896697998047, 703.089111328125, -46.96498107910156, 15.465856552124023, 577.3770141601562, -80.31768035888672, -160.47994995117188, 19.328847885131836, 131.74813842773438, -116.41650390625, 97.03455352783203, -140.70648193359375, -45.595638275146484], [-426.46600341796875, -829.6452026367188, 497.8677978515625, 342.2644958496094, -80.31768035888672, 692.0179443359375, -117.89736938476562, 219.3516082763672, -40.97800064086914, 104.15144348144531, -151.4065704345703, 30.82355499267578, -233.88262939453125], [-0.4313773214817047, 509.554443359375, -157.3086395263672, -210.62982177734375, -160.47994995117188, -117.89736938476562, 508.2671203613281, -31.022153854370117, -80.02304077148438, -112.74649047851562, 5.868818759918213, 32.80253982543945, 160.3995361328125], [3.406371593475342, -198.6757354736328, 229.01844787597656, 69.5456314086914, 19.328847885131836, 219.3516082763672, -31.022153854370117, 397.44287109375, 56.548500061035156, -99.7094955444336, -22.69574737548828, -10.674430847167969, -198.87757873535156], [88.11360931396484, 224.53775024414062, -6.313540935516357, -23.66083526611328, 131.74813842773438, -40.97800064086914, -80.02304077148438, 56.548500061035156, 159.25131225585938, -38.377410888671875, 51.23247528076172, -53.699100494384766, -59.97998809814453], [-150.72203063964844, -606.969482421875, 44.620914459228516, 195.44110107421875, -116.41650390625, 104.15144348144531, -112.74649047851562, -99.7094955444336, -38.377410888671875, 303.9239807128906, -67.65026092529297, 40.297813415527344, 21.247543334960938], [140.59030151367188, 432.7952880859375, -113.08877563476562, -169.82774353027344, 97.03455352783203, -151.4065704345703, 5.868818759918213, -22.69574737548828, 51.23247528076172, -67.65026092529297, 172.72682189941406, -18.30543327331543, 4.043539524078369], [-194.8722686767578, -240.19720458984375, 48.15541458129883, -20.21131134033203, -140.70648193359375, 30.82355499267578, 32.80253982543945, -10.674430847167969, -53.699100494384766, 40.297813415527344, -18.30543327331543, 128.2446746826172, 28.649667739868164], [-73.87516021728516, 286.1736145019531, -228.50820922851562, -84.54689025878906, -45.595638275146484, -233.88262939453125, 160.3995361328125, -198.87757873535156, -59.97998809814453, 21.247543334960938, 4.043539524078369, 28.649667739868164, 310.389404296875]], "lowlevel.gfcc.icov": [[0.00021728259162046015, -0.0001314257679041475, 0.0001955854386324063, -9.573892748448998e-05, 0.00023530145699623972, 6.620175554417074e-05, 0.00015738799993414432, -0.0001019159535644576, 0.00012818179675377905, -4.579486630973406e-05, 5.44664726476185e-05, 0.0002120605786330998, 0.00023623516608495265], [-0.0001314257679041475, 0.002737049711868167, -0.0018513628747314215, 0.001952007645741105, -0.0026343015488237143, 0.0010290651116520166, -0.0025792275555431843, 0.0013371917884796858, -0.0015773727791383862, 0.0016765949549153447, -0.0019854558631777763, 0.0024103380274027586, -0.0014241632306948304], [0.0001955854386324063, -0.0018513628747314215, 0.002860662993043661, -0.002221560338512063, 0.0019440833711996675, -0.0012710891896858811, 0.0017913144547492266, -0.0009836609242483974, 0.0009015548275783658, -0.0005202900501899421, 0.0010200528195127845, -0.0023308040108531713, 0.0014378817286342382], [-9.573892748448998e-05, 0.001952007645741105, -0.002221560338512063, 0.0039710430428385735, -0.0022639401722699404, 0.0005175546393729746, -0.0013709703925997019, 0.0006504942430183291, -0.000793013081420213, -6.97405994287692e-05, 3.863865276798606e-05, 0.002820540452376008, -0.0016029708785936236], [0.00023530145699623972, -0.0026343015488237143, 0.0019440833711996675, -0.0022639401722699404, 0.005848195869475603, -0.0012080221204087138, 0.0035468179266899824, -0.0010617709485813975, 0.00045586738269776106, -0.00024160387692973018, 0.0006265373667702079, 0.0002231448161182925, 0.0008108423207886517], [6.620175554417074e-05, 0.0010290651116520166, -0.0012710891896858811, 0.0005175546393729746, -0.0012080221204087138, 0.00388687988743186, -0.001240563578903675, -0.0003982999478466809, 0.00047592297778464854, -0.0003885251935571432, 0.0008703047642484307, 0.0007332870154641569, 0.001448961440473795], [0.00015738799993414432, -0.0025792275555431843, 0.0017913144547492266, -0.0013709703925997019, 0.0035468179266899824, -0.001240563578903675, 0.005891088396310806, -0.0017330754781141877, 0.00240717432461679, -0.00011783382069552317, 0.0017459193477407098, -0.001509551890194416, -0.0006179252522997558], [-0.0001019159535644576, 0.0013371917884796858, -0.0009836609242483974, 0.0006504942430183291, -0.0010617709485813975, -0.0003982999478466809, -0.0017330754781141877, 0.005508103873580694, -0.0023015213664621115, 0.00267428089864552, -0.0005002341349609196, 0.0004429832042660564, 0.0015024486929178238], [0.00012818179675377905, -0.0015773727791383862, 0.0009015548275783658, -0.000793013081420213, 0.00045586738269776106, 0.00047592297778464854, 0.00240717432461679, -0.0023015213664621115, 0.010833346284925938, -0.0015065288171172142, -0.0003104890638496727, 0.0009287353605031967, 0.0017543908907100558], [-4.579486630973406e-05, 0.0016765949549153447, -0.0005202900501899421, -6.97405994287692e-05, -0.00024160387692973018, -0.0003885251935571432, -0.00011783382069552317, 0.00267428089864552, -0.0015065288171172142, 0.007200121413916349, -0.0010616935323923826, 0.0005899177631363273, -0.0013371978420764208], [5.44664726476185e-05, -0.0019854558631777763, 0.0010200528195127845, 3.863865276798606e-05, 0.0006265373667702079, 0.0008703047642484307, 0.0017459193477407098, -0.0005002341349609196, -0.0003104890638496727, -0.0010616935323923826, 0.011044269427657127, -0.002745945705100894, 0.002252332866191864], [0.0002120605786330998, 0.0024103380274027586, -0.0023308040108531713, 0.002820540452376008, 0.0002231448161182925, 0.0007332870154641569, -0.001509551890194416, 0.0004429832042660564, 0.0009287353605031967, 0.0005899177631363273, -0.002745945705100894, 0.014852803200483322, -0.0026663087774068117], [0.00023623516608495265, -0.0014241632306948304, 0.0014378817286342382, -0.0016029708785936236, 0.0008108423207886517, 0.001448961440473795, -0.0006179252522997558, 0.0015024486929178238, 0.0017543908907100558, -0.0013371978420764208, 0.002252332866191864, -0.0026663087774068117, 0.008353214710950851]], "lowlevel.mfcc.cov": [[5463.73583984375, 601.7036743164062, -996.6104736328125, -72.67935943603516, -243.93704223632812, -353.19598388671875, -148.30148315429688, -68.26053619384766, -201.0802764892578, 86.21692657470703, -71.89564514160156, -43.93217849731445, -93.30831146240234], [601.7036743164062, 3920.63818359375, -975.168212890625, -74.62936401367188, -1.1164863109588623, -630.1762084960938, 129.48741149902344, 256.3836669921875, -212.7786865234375, -37.11494445800781, -193.45587158203125, -64.19471740722656, 92.87480926513672], [-996.6104736328125, -975.168212890625, 1425.4134521484375, 105.4332504272461, 173.5337371826172, 302.711669921875, 111.25972747802734, 206.83790588378906, 159.51283264160156, -5.35420036315918, 203.01698303222656, 154.35374450683594, -4.63017463684082], [-72.67935943603516, -74.62936401367188, 105.4332504272461, 525.1932983398438, 75.7441177368164, 107.49850463867188, 6.828872203826904, -143.43490600585938, 54.296051025390625, 62.61875534057617, -108.03536987304688, -57.13253402709961, 15.88058090209961], [-243.93704223632812, -1.1164863109588623, 173.5337371826172, 75.7441177368164, 1054.8397216796875, 4.763397216796875, -161.26870727539062, 146.4099578857422, -108.98878479003906, 152.91348266601562, 287.1539306640625, -17.05683135986328, -36.57174301147461], [-353.19598388671875, -630.1762084960938, 302.711669921875, 107.49850463867188, 4.763397216796875, 470.92523193359375, 60.21018981933594, -180.64605712890625, 103.15853118896484, 14.977112770080566, -33.353172302246094, 20.103031158447266, -7.101377487182617], [-148.30148315429688, 129.48741149902344, 111.25972747802734, 6.828872203826904, -161.26870727539062, 60.21018981933594, 265.40081787109375, 109.9195785522461, 82.57475280761719, 9.124506950378418, -40.86991882324219, 18.906625747680664, 7.723108768463135], [-68.26053619384766, 256.3836669921875, 206.83790588378906, -143.43490600585938, 146.4099578857422, -180.64605712890625, 109.9195785522461, 503.1194152832031, 20.217754364013672, 18.468746185302734, 189.39305114746094, 33.41972351074219, -25.006059646606445], [-201.0802764892578, -212.7786865234375, 159.51283264160156, 54.296051025390625, -108.98878479003906, 103.15853118896484, 82.57475280761719, 20.217754364013672, 205.80718994140625, 35.304161071777344, -44.16816329956055, 3.6233601570129395, -4.372488021850586], [86.21692657470703, -37.11494445800781, -5.35420036315918, 62.61875534057617, 152.91348266601562, 14.977112770080566, 9.124506950378418, 18.468746185302734, 35.304161071777344, 145.18846130371094, 52.96586990356445, -5.318203926086426, -23.753313064575195], [-71.89564514160156, -193.45587158203125, 203.01698303222656, -108.03536987304688, 287.1539306640625, -33.353172302246094, -40.86991882324219, 189.39305114746094, -44.16816329956055, 52.96586990356445, 318.7401123046875, 82.8357162475586, -45.77532958984375], [-43.93217849731445, -64.19471740722656, 154.35374450683594, -57.13253402709961, -17.05683135986328, 20.103031158447266, 18.906625747680664, 33.41972351074219, 3.6233601570129395, -5.318203926086426, 82.8357162475586, 150.96963500976562, 25.737892150878906], [-93.30831146240234, 92.87480926513672, -4.63017463684082, 15.88058090209961, -36.57174301147461, -7.101377487182617, 7.723108768463135, -25.006059646606445, -4.372488021850586, -23.753313064575195, -45.77532958984375, 25.737892150878906, 99.30227661132812]], "lowlevel.mfcc.icov": [[0.00023289186356123537, 1.0362403372710105e-05, 0.00013866896915715188, -4.357891157269478e-05, 0.00011102644202765077, 3.007013219757937e-05, 0.00013508187839761376, -0.00010618679516483098, 0.00022207685105968267, -0.00028200182714499533, 0.00010457643656991422, -0.00018928985809907317, 0.0002679632161743939], [1.0362403372710105e-05, 0.0004472537257242948, 0.00026162975700572133, -7.580843521282077e-05, -0.00019047330715693533, 0.0004010972334071994, -0.0004142547259107232, -0.0002420464006718248, 0.000264378177234903, 9.969874372472987e-05, 0.0004694464441854507, -0.0003121322952210903, -0.00012165344378445297], [0.00013866896915715188, 0.00026162975700572133, 0.0015293086180463433, -0.000572646560613066, -0.00019723291916307062, -0.0006026561022736132, -0.00013732953811995685, -0.0008725516963750124, -0.00046347410534508526, 0.0008509836043231189, -0.0002388598513789475, -0.001206897315569222, 0.00010956466576317325], [-4.357891157269478e-05, -7.580843521282077e-05, -0.000572646560613066, 0.002747131045907736, -0.0003573537978809327, 7.99339686636813e-05, -0.00020080243120901287, 0.000861337932292372, -0.00025563003146089613, -0.00123610720038414, 0.0009006318869069219, 0.000909986556507647, -0.0004570769960992038], [0.00011102644202765077, -0.00019047330715693533, -0.00019723291916307062, -0.0003573537978809327, 0.002122818725183606, -0.0007717826520092785, 0.001420704647898674, -0.0006741204997524619, 0.0011797092156484723, -0.001966875744983554, -0.0013650988694280386, 0.001076855813153088, -0.0005501250852830708], [3.007013219757937e-05, 0.0004010972334071994, -0.0006026561022736132, 7.99339686636813e-05, -0.0007717826520092785, 0.004557850304991007, -0.0020885856356471777, 0.0024847432505339384, -0.001318541937507689, 0.00061760627431795, -8.045703725656494e-05, -0.000150303341797553, 0.000533625076059252], [0.00013508187839761376, -0.0004142547259107232, -0.00013732953811995685, -0.00020080243120901287, 0.001420704647898674, -0.0020885856356471777, 0.007030544802546501, -0.0028586029075086117, -0.00024210606352426112, -0.0019304145826026797, 0.0013636986259371042, -0.0006888415082357824, -1.794948366296012e-05], [-0.00010618679516483098, -0.0002420464006718248, -0.0008725516963750124, 0.000861337932292372, -0.0006741204997524619, 0.0024847432505339384, -0.0028586029075086117, 0.005412395112216473, -0.0017075914656743407, 0.0010390416719019413, -0.0028416479472070932, 0.0014838000060990453, -5.829068322782405e-05], [0.00022207685105968267, 0.000264378177234903, -0.00046347410534508526, -0.00025563003146089613, 0.0011797092156484723, -0.001318541937507689, -0.00024210606352426112, -0.0017075914656743407, 0.008410347625613213, -0.003593399189412594, 0.002108037006109953, -0.00029358352185226977, 0.00046829419443383813], [-0.00028200182714499533, 9.969874372472987e-05, 0.0008509836043231189, -0.00123610720038414, -0.001966875744983554, 0.00061760627431795, -0.0019304145826026797, 0.0010390416719019413, -0.003593399189412594, 0.011505295522511005, -0.0021688814740628004, -0.00020301426411606371, 0.0012574060820043087], [0.00010457643656991422, 0.0004694464441854507, -0.0002388598513789475, 0.0009006318869069219, -0.0013650988694280386, -8.045703725656494e-05, 0.0013636986259371042, -0.0028416479472070932, 0.002108037006109953, -0.0021688814740628004, 0.009320398792624474, -0.004665875341743231, 0.003253672970458865], [-0.00018928985809907317, -0.0003121322952210903, -0.001206897315569222, 0.000909986556507647, 0.001076855813153088, -0.000150303341797553, -0.0006888415082357824, 0.0014838000060990453, -0.00029358352185226977, -0.00020301426411606371, -0.004665875341743231, 0.011223300360143185, -0.0043959240429103374], [0.0002679632161743939, -0.00012165344378445297, 0.00010956466576317325, -0.0004570769960992038, -0.0005501250852830708, 0.000533625076059252, -1.794948366296012e-05, -5.829068322782405e-05, 0.00046829419443383813, 0.0012574060820043087, 0.003253672970458865, -0.0043959240429103374, 0.013296916149556637]], "metadata.audio_properties.analysis.downmix": "mix", "metadata.audio_properties.codec": "mp3", "metadata.audio_properties.md5_encoded": "979c86389127022ede06d0377c1e01bd", "metadata.tags.file_name": "1183703240550928384.mp