{"song_id": "1183712321516863558", "download": "https://cdn.discordapp.com/attachments/1135911532732108921/1183712321516863558/chirp.mp4?ex=65895501&amp", "lyrics": "Stable Diffusion is the future of creation\nWith text and image you can make videos\nNo limits, no rules, just your vision\nYou are the master of your own illusion\n\nStable Diffusion is not just a game\nIt is a power that you have to use\nBut be careful what you show\nBecause not everything is as it seems\n\nStable Diffusion, Stable Diffusion\nChange the world with your solution\nStable Diffusion, Stable Diffusion\nBe ready for the revolution", "style": ["Atmospheric metal female voice</span><span>: Rap metal </span><span>: Neo</span><span>-Klassik"], "essentia_features": {"lowlevel.average_loudness": 0.9580593705177307, "lowlevel.barkbands_crest.mean": 9.337923049926758, "lowlevel.barkbands_crest.stdev": 5.4188055992126465, "lowlevel.barkbands_flatness_db.mean": 0.08800484985113144, "lowlevel.barkbands_flatness_db.stdev": 0.042282626032829285, "lowlevel.barkbands_kurtosis.mean": 0.18928350508213043, "lowlevel.barkbands_kurtosis.stdev": 3.097221851348877, "lowlevel.barkbands_skewness.mean": 0.4398212432861328, "lowlevel.barkbands_skewness.stdev": 1.1635838747024536, "lowlevel.barkbands_spread.mean": 45.49402618408203, "lowlevel.barkbands_spread.stdev": 16.260326385498047, "lowlevel.dissonance.mean": 0.48749399185180664, "lowlevel.dissonance.stdev": 0.01259627379477024, "lowlevel.dynamic_complexity": 2.12721586227417, "lowlevel.erbbands_crest.mean": 7.511214256286621, "lowlevel.erbbands_crest.stdev": 3.145017147064209, "lowlevel.erbbands_flatness_db.mean": 0.1422433704137802, "lowlevel.erbbands_flatness_db.stdev": 0.04021831974387169, "lowlevel.erbbands_kurtosis.mean": 1.4088096618652344, "lowlevel.erbbands_kurtosis.stdev": 2.1328697204589844, "lowlevel.erbbands_skewness.mean": -0.9435696005821228, "lowlevel.erbbands_skewness.stdev": 0.6465963125228882, "lowlevel.erbbands_spread.mean": 36.08071517944336, "lowlevel.erbbands_spread.stdev": 14.288334846496582, "lowlevel.hfc.mean": 27.81972312927246, "lowlevel.hfc.stdev": 17.40447235107422, "lowlevel.loudness_ebu128.integrated": -15.666023254394531, "lowlevel.loudness_ebu128.loudness_range": 1.732710838317871, "lowlevel.loudness_ebu128.momentary.mean": -15.979555130004883, "lowlevel.loudness_ebu128.momentary.stdev": 1.9207254648208618, "lowlevel.loudness_ebu128.short_term.mean": -15.548110961914062, "lowlevel.loudness_ebu128.short_term.stdev": 0.7270123362541199, "lowlevel.melbands_crest.mean": 14.789963722229004, "lowlevel.melbands_crest.stdev": 7.227859020233154, "lowlevel.melbands_flatness_db.mean": 0.12871190905570984, "lowlevel.melbands_flatness_db.stdev": 0.057879503816366196, "lowlevel.melbands_kurtosis.mean": 8.634798049926758, "lowlevel.melbands_kurtosis.stdev": 18.168167114257812, "lowlevel.melbands_skewness.mean": 2.1919984817504883, "lowlevel.melbands_skewness.stdev": 2.02592396736145, "lowlevel.melbands_spread.mean": 61.45158767700195, "lowlevel.melbands_spread.stdev": 33.0179328918457, "lowlevel.pitch_salience.mean": 0.5577645897865295, "lowlevel.pitch_salience.stdev": 0.14615491032600403, "lowlevel.silence_rate_20dB.mean": 1.0, "lowlevel.silence_rate_20dB.stdev": 0.0, "lowlevel.silence_rate_30dB.mean": 1.0, "lowlevel.silence_rate_30dB.stdev": 0.0, "lowlevel.silence_rate_60dB.mean": 0.051868803799152374, "lowlevel.silence_rate_60dB.stdev": 0.22176198661327362, "lowlevel.spectral_centroid.mean": 2925.15576171875, "lowlevel.spectral_centroid.stdev": 459.1220703125, "lowlevel.spectral_complexity.mean": 25.12204360961914, "lowlevel.spectral_complexity.stdev": 9.351693153381348, "lowlevel.spectral_decrease.mean": -5.161238991746586e-09, "lowlevel.spectral_decrease.stdev": 6.057691237515428e-09, "lowlevel.spectral_energy.mean": 0.022003065794706345, "lowlevel.spectral_energy.stdev": 0.023632152006030083, "lowlevel.spectral_energyband_high.mean": 0.0024122789036482573, "lowlevel.spectral_energyband_high.stdev": 0.001562887104228139, "lowlevel.spectral_energyband_low.mean": 0.011553743854165077, "lowlevel.spectral_energyband_low.stdev": 0.022050397470593452, "lowlevel.spectral_energyband_middle_high.mean": 0.005506263580173254, "lowlevel.spectral_energyband_middle_high.stdev": 0.005661350209265947, "lowlevel.spectral_energyband_middle_low.mean": 0.002893447410315275, "lowlevel.spectral_energyband_middle_low.stdev": 0.0026807901449501514, "lowlevel.spectral_entropy.mean": 7.94248628616333, "lowlevel.spectral_entropy.stdev": 0.2489345818758011, "lowlevel.spectral_flux.mean": 0.09610077738761902, "lowlevel.spectral_flux.stdev": 0.0573752336204052, "lowlevel.spectral_kurtosis.mean": 3.237452507019043, "lowlevel.spectral_kurtosis.stdev": 1.557937502861023, "lowlevel.spectral_rms.mean": 0.0041435896418988705, "lowlevel.spectral_rms.stdev": 0.002072935225442052, "lowlevel.spectral_rolloff.mean": 3659.826416015625, "lowlevel.spectral_rolloff.stdev": 1743.2554931640625, "lowlevel.spectral_skewness.mean": 1.0197523832321167, "lowlevel.spectral_skewness.stdev": 0.2812267541885376, "lowlevel.spectral_spread.mean": 4282513.0, "lowlevel.spectral_spread.stdev": 957695.75, "lowlevel.spectral_strongpeak.mean": 0.8729470372200012, "lowlevel.spectral_strongpeak.stdev": 1.4229841232299805, "lowlevel.zerocrossingrate.mean": 0.11748471111059189, "lowlevel.zerocrossingrate.stdev": 0.04140385985374451, "metadata.audio_properties.analysis.equal_loudness": 0.0, "metadata.audio_properties.analysis.length": 30.39997673034668, "metadata.audio_properties.analysis.sample_rate": 44100.0, "metadata.audio_properties.analysis.start_time": 0.0, "metadata.audio_properties.bit_rate": 123344.0, "metadata.audio_properties.length": 30.399999618530273, "metadata.audio_properties.lossless": 0.0, "metadata.audio_properties.number_channels": 1.0, "metadata.audio_properties.replay_gain": -11.953310012817383, "metadata.audio_properties.sample_rate": 48000.0, "rhythm.beats_count": 68.0, "rhythm.beats_loudness.mean": 0.04026379808783531, "rhythm.beats_loudness.stdev": 0.023581290617585182, "rhythm.bpm": 135.83633422851562, "rhythm.bpm_histogram_first_peak_bpm": 136.0, "rhythm.bpm_histogram_first_peak_weight": 0.34545451402664185, "rhythm.bpm_histogram_second_peak_bpm": 129.0, "rhythm.bpm_histogram_second_peak_spread": 0.3333333730697632, "rhythm.bpm_histogram_second_peak_weight": 0.05970149114727974, "rhythm.danceability": 1.5596280097961426, "rhythm.onset_rate": 4.438141345977783, "tonal.chords_changes_rate": 0.02286585420370102, "tonal.chords_number_rate": 0.006097560748457909, "tonal.chords_strength.mean": 0.5729818940162659, "tonal.chords_strength.stdev": 0.06998785585165024, "tonal.hpcp_crest.mean": 11.686362266540527, "tonal.hpcp_crest.stdev": 5.745331764221191, "tonal.hpcp_entropy.mean": 2.439326286315918, "tonal.hpcp_entropy.stdev": 0.8067211508750916, "tonal.key_edma.strength": 0.717207133769989, "tonal.key_krumhansl.strength": 0.70725017786026, "tonal.key_temperley.strength": 0.6681108474731445, "tonal.tuning_diatonic_strength": 0.6633384227752686, "tonal.tuning_equal_tempered_deviation": 0.2141856998205185, "tonal.tuning_frequency": 434.193115234375, "tonal.tuning_nontempered_energy_ratio": 0.903156578540802, "lowlevel.barkbands.mean": [0.0003553876595105976, 0.009168603457510471, 0.0017751434352248907, 0.0003958575543947518, 0.0007429867400787771, 0.0005010958411730826, 0.00011512351920828223, 0.0007313232636079192, 0.0002504604635760188, 0.0006612050347030163, 0.00020255608251318336, 0.000302435684716329, 0.0003997001040261239, 0.0002911159535869956, 0.00043915523565374315, 0.0006062586908228695, 0.0007478398620150983, 0.0007995638879947364, 0.000764286145567894, 0.001112076686695218, 0.0008034125785343349, 0.0003113738785032183, 0.00010627289884723723, 0.00023762110504321754, 0.00013584570842795074, 3.89732449548319e-05, 7.395719876512885e-06], "lowlevel.barkbands.stdev": [0.0006692208698950708, 0.01931302808225155, 0.0037772979121655226, 0.0004894278827123344, 0.001086070784367621, 0.0010027278913185, 0.00021754273620899767, 0.0016394250560551882, 0.0006910510710440576, 0.002024306682869792, 0.0010667307069525123, 0.000901765888556838, 0.0012881046859547496, 0.0007930906722322106, 0.0012413660297170281, 0.0012829534243792295, 0.0016247833846136928, 0.001301158219575882, 0.0007667560712434351, 0.0011014253832399845, 0.0005783804226666689, 0.0003187514084856957, 0.00015058171993587166, 0.00022531463764607906, 0.00012014045933028683, 3.578401810955256e-05, 8.606090887042228e-06], "lowlevel.erbbands.mean": [0.318813294172287, 1.8145365715026855, 2.190406560897827, 2.0197060108184814, 0.831635057926178, 2.6804144382476807, 6.6194987297058105, 2.579084873199463, 1.4393330812454224, 6.121210098266602, 15.80264949798584, 6.12122917175293, 15.905295372009277, 16.038766860961914, 9.681384086608887, 11.39594841003418, 16.67108154296875, 15.497628211975098, 20.610950469970703, 29.679948806762695, 34.943809509277344, 41.50590133666992, 36.749427795410156, 55.757347106933594, 29.7808895111084, 49.66880416870117, 47.434165954589844, 24.009109497070312, 13.369158744812012, 4.76442289352417, 2.776496171951294, 3.9151298999786377, 4.2644805908203125, 2.15336012840271, 0.5575894117355347, 0.15384049713611603, 0.06471958756446838, 0.026957709342241287, 0.0006723853875882924, 4.5389318984234706e-05], "lowlevel.erbbands.stdev": [0.6614989042282104, 4.098082542419434, 5.253929615020752, 2.7503113746643066, 1.1554404497146606, 4.629806995391846, 11.242236137390137, 4.127838134765625, 1.9645123481750488, 12.121288299560547, 37.76646041870117, 12.608114242553711, 53.84261703491211, 50.51126480102539, 24.292926788330078, 32.7794189453125, 49.02846908569336, 37.66975021362305, 54.634033203125, 71.4051742553711, 64.15415954589844, 84.21115112304688, 55.255592346191406, 74.4346694946289, 24.247085571289062, 50.81420135498047, 41.16841125488281, 17.067859649658203, 13.301278114318848, 6.214784145355225, 3.7660887241363525, 4.214375019073486, 3.877405881881714, 1.8480054140090942, 0.5904680490493774, 0.1862846314907074, 0.05634527653455734, 0.024440310895442963, 0.0006163615616969764, 3.196269608451985e-05], "lowlevel.gfcc.mean": [17.19624900817871, 34.300270080566406, -124.0215835571289, 54.90481948852539, -50.78942108154297, 10.115038871765137, -29.5784969329834, 16.827083587646484, -30.302858352661133, 8.884559631347656, -19.321500778198242, -3.5703251361846924, -8.182689666748047], "lowlevel.melbands.mean": [0.0026963641867041588, 0.001539234654046595, 0.0003053600376006216, 0.00010721415310399607, 0.0002198773727286607, 6.415158713934943e-05, 2.133193083864171e-05, 9.096040594158694e-05, 0.00011578620615182444, 3.506332359393127e-05, 8.436555799562484e-05, 7.1631686296314e-05, 2.8562375518959016e-05, 3.811048009083606e-05, 2.117684380209539e-05, 4.529006764641963e-05, 2.640413003973663e-05, 3.290433596703224e-05, 3.3572297979844734e-05, 4.334954428486526e-05, 4.132069443585351e-05, 4.5995231630513445e-05, 3.111909973085858e-05, 3.7980786146363243e-05, 4.797003202838823e-05, 2.1507330529857427e-05, 2.2112115402705967e-05, 3.662746166810393e-05, 3.692809696076438e-05, 1.7880318409879692e-05, 1.2085658454452641e-05, 8.870826604834292e-06, 3.410342969800695e-06, 2.3187342321762117e-06, 1.5516943676630035e-06, 1.4614748806707212e-06, 2.896631031035213e-06, 3.295029500804958e-06, 2.6839811653189827e-06, 1.488760972279124e-06], "lowlevel.melbands.stdev": [0.005633181892335415, 0.0033787223510444164, 0.000412951223552227, 0.00018162511696573347, 0.000335036835167557, 0.00011348661064403132, 3.460957304923795e-05, 0.00018729719158727676, 0.00027189168031327426, 9.421490540262312e-05, 0.00028325605671852827, 0.00022688711760565639, 0.00010768962965812534, 0.00011905669089173898, 5.1444680138956755e-05, 0.00015617151802871376, 7.143152470234782e-05, 8.759561751503497e-05, 9.319626406067982e-05, 0.00010888207907555625, 8.571405487600714e-05, 0.00010177999502047896, 5.698945460608229e-05, 6.263276736717671e-05, 6.579776527360082e-05, 1.984437221835833e-05, 2.0174769815639593e-05, 4.082546729478054e-05, 3.732378900167532e-05, 1.2896271982754115e-05, 9.535228855384048e-06, 9.415583917871118e-06, 4.2424112507433165e-06, 3.438310159253888e-06, 2.2716556031809887e-06, 1.917441295518074e-06, 3.224375404897728e-06, 3.2277707759931218e-06, 2.345247366974945e-06, 1.3812394854539889e-06], "lowlevel.melbands128.mean": [0.0003043549368157983, 0.0025196694768965244, 0.003932698164135218, 0.002669502282515168, 0.0012658329214900732, 0.000872324570082128, 0.0004491388681344688, 0.00013565951667260379, 5.920479816268198e-05, 7.265978638315573e-05, 0.00014559227565769106, 0.00025323982117697597, 0.0002767973637674004, 0.00014125756570138037, 5.0166072469437495e-05, 2.8898602977278642e-05, 2.0102481357753277e-05, 1.777912984834984e-05, 2.4303208192577586e-05, 5.155700637260452e-05, 0.0001308415230596438, 0.00019216093642171472, 0.00011870710295625031, 3.888789069605991e-05, 2.552987280068919e-05, 3.403420123504475e-05, 4.9713369662640616e-05, 8.207838982343674e-05, 0.00012626312673091888, 9.845654130913317e-05, 4.4277381675783545e-05, 3.4810476790880784e-05, 2.0708645024569705e-05, 2.8214672056492418e-05, 4.509348946157843e-05, 4.2861149267992005e-05, 2.4541346647311002e-05, 1.4839565665170085e-05, 1.901066571008414e-05, 4.222073403070681e-05, 6.435350951505825e-05, 3.138182728434913e-05, 1.7115662558353506e-05, 2.7336771381669678e-05, 3.626569377956912e-05, 3.213923264411278e-05, 3.251185262342915e-05, 2.8574426323757507e-05, 3.459238723735325e-05, 4.716771945822984e-05, 4.815237480215728e-05, 3.5623223084257916e-05, 3.43767533195205e-05, 4.793456173501909e-05, 4.822746632271446e-05, 4.999942029826343e-05, 4.053050361108035e-05, 3.0429459002334625e-05, 2.9261876989039592e-05, 2.8167582058813423e-05, 3.1282259442377836e-05, 4.9237078201258555e-05, 6.405530439224094e-05, 4.533902756520547e-05, 2.7001537091564387e-05, 2.1035652025602758e-05, 1.683345362835098e-05, 1.8903381715063006e-05, 2.277525345562026e-05, 2.7877129468834028e-05, 2.9430606446112506e-05, 4.668683686759323e-05, 5.1051196351181716e-05, 3.666777047328651e-05, 1.7661915990174748e-05, 1.8234826711704955e-05, 1.910625178425107e-05, 1.2737103133986238e-05, 1.1732118764484767e-05, 9.71210920397425e-06, 1.12588513729861e-05, 8.189710570150055e-06, 4.146547325944994e-06, 3.0945841444918187e-06, 2.481218871253077e-06, 2.370503352722153e-06, 2.4256771666841814e-06, 1.8273399291501846e-06, 1.4336561662275926e-06, 1.3889498404751066e-06, 1.4434046988753835e-06, 1.2959368405063287e-06, 1.7642898910708027e-06, 2.6478815016162116e-06, 3.6883254779240815e-06, 4.528023055172525e-06, 2.769770162558416e-06, 2.1175439997023204e-06, 3.2061602723842952e-06, 2.8452277547330596e-06, 1.6867600152181694e-06, 1.2879447695013369e-06, 1.136758669417759e-06, 8.907964570425975e-07, 4.3597199805844866e-07, 3.3948151667573256e-07, 5.013100121686875e-07, 4.447106505267584e-07, 2.0990309224089287e-07, 1.1202117633501985e-07, 8.785464444827085e-08, 1.212385143389838e-07, 2.107878174228972e-07, 3.1158646152107394e-07, 2.4562490352764144e-07, 3.44059088774884e-07, 2.82246674032649e-07, 5.374088729581672e-08, 6.741589925196578e-12, 3.372777534690896e-12, 3.2444795548119965e-12, 3.159327183546723e-12, 3.079444902201467e-12, 3.0140852921162198e-12, 2.9327647081689445e-12, 2.8395456558999443e-12, 2.7833100407770317e-12, 2.761969906256434e-12], "lowlevel.melbands128.stdev": [0.0006103792693465948, 0.005240109283477068, 0.00879300944507122, 0.006352459546178579, 0.0034575199242681265, 0.0015942530008032918, 0.000592410156968981, 0.00018307234859094024, 0.00010665570152923465, 0.00021197479509282857, 0.0003122964408248663, 0.0004289742500986904, 0.0005179920699447393, 0.0003703986876644194, 8.627615170553327e-05, 4.205449658911675e-05, 2.8738875698763877e-05, 4.353427357273176e-05, 6.826414028182626e-05, 0.00013080111239105463, 0.00033728641574271023, 0.0005294169532135129, 0.00035504059633240104, 0.00011800239735748619, 5.895716094528325e-05, 0.00014204208855517209, 0.0002876991347875446, 0.0003862879239022732, 0.0005176308332011104, 0.0003608646511565894, 0.00022764893947169185, 0.000302535219816491, 9.52099944697693e-05, 6.431314977817237e-05, 0.00018341968825552613, 0.00016276256064884365, 0.00012883600720670074, 3.639750866568647e-05, 6.79480581311509e-05, 0.0001599729439476505, 0.0002998901763930917, 0.00012103399058105424, 6.224965181900188e-05, 0.0001204103245981969, 0.0001367888762615621, 0.00010211172775598243, 0.0001671874924795702, 0.00011408693535486236, 0.00012296473141759634, 0.00017847918206825852, 0.00016981930821202695, 0.00010911087156273425, 8.891609468264505e-05, 0.0001481849030824378, 0.0001562975230626762, 0.000145901067298837, 0.0001361069007543847, 9.136766311712563e-05, 6.156374729471281e-05, 5.3751893574371934e-05, 7.33204506104812e-05, 0.00011705626820912585, 0.00012831900676246732, 6.47418200969696e-05, 3.3277570764767006e-05, 2.693034548428841e-05, 1.775659438862931e-05, 2.1028981791459955e-05, 2.512232822482474e-05, 3.854805981973186e-05, 4.267276017344557e-05, 6.84956758050248e-05, 6.367602327372879e-05, 4.4210395572008565e-05, 1.608612910786178e-05, 1.5810552213224582e-05, 1.6694562873453833e-05, 1.4769506378797814e-05, 1.012244956655195e-05, 9.969592611014377e-06, 1.3925023267802317e-05, 1.0342816494812723e-05, 5.2175737437210046e-06, 4.868901669397019e-06, 3.7663137391064083e-06, 3.819128778559389e-06, 4.217530658934265e-06, 2.8578576802829048e-06, 2.360984353799722e-06, 2.1913858745392645e-06, 2.2816336695541395e-06, 2.0211259652569424e-06, 2.2820347567176213e-06, 3.613033641158836e-06, 4.583770532917697e-06, 4.689343768404797e-06, 3.301874357930501e-06, 2.393450813542586e-06, 3.1452734674530802e-06, 2.7379323910281528e-06, 1.769725713529624e-06, 1.3754043948210892e-06, 1.2878384723080671e-06, 1.3274416232889052e-06, 6.029907808624557e-07, 4.998577196602128e-07, 6.383105528584565e-07, 6.050921115274832e-07, 3.4945790616802697e-07, 2.0402437428401754e-07, 1.6597701346654503e-07, 1.8079903441048373e-07, 2.2584339376408025e-07, 3.014062599504541e-07, 2.3439559981852653e-07, 3.247832012220897e-07, 3.5411929388828867e-07, 6.678896369294307e-08, 7.239939203707024e-11, 6.071841380378418e-12, 5.930768463141556e-12, 5.806342386061036e-12, 5.6856941030303254e-12, 5.587195203021755e-12, 5.504696958674726e-12, 5.437956942383471e-12, 5.3896466283009925e-12, 5.359704000063026e-12], "lowlevel.mfcc.mean": [-621.1321411132812, 62.1365966796875, -10.706007957458496, 40.91252517700195, 4.836608409881592, 1.1569479703903198, 14.980236053466797, -4.141752243041992, 11.759770393371582, -0.6374098062515259, -0.9599521160125732, 5.561478137969971, -6.181549549102783], "lowlevel.spectral_contrast_coeffs.mean": [-0.7180595993995667, -0.7965245246887207, -0.8056864738464355, -0.7987899780273438, -0.7850073575973511, -0.6997955441474915], "lowlevel.spectral_contrast_coeffs.stdev": [0.07739405333995819, 0.07045456022024155, 0.06830307841300964, 0.05521917715668678, 0.039985887706279755, 0.045298799872398376], "lowlevel.spectral_contrast_valleys.mean": [-7.193898677825928, -7.187500953674316, -7.520946025848389, -7.389972686767578, -6.605104446411133, -9.835597038269043], "lowlevel.spectral_contrast_valleys.stdev": [0.8302485942840576, 0.5638819336891174, 0.5517202019691467, 0.5040136575698853, 0.4949439764022827, 0.8041924238204956], "rhythm.beats_loudness_band_ratio.mean": [0.49797922372817993, 0.04418174922466278, 0.06044844910502434, 0.08750371634960175, 0.14583514630794525, 0.170841246843338], "rhythm.beats_loudness_band_ratio.stdev": [0.3480807840824127, 0.061775676906108856, 0.08601067960262299, 0.1327313780784607, 0.1628759652376175, 0.1537972390651703], "tonal.hpcp.mean": [0.12497648596763611, 0.09443251043558121, 0.06820809096097946, 0.0635056346654892, 0.06446707993745804, 0.0675990879535675, 0.07564694434404373, 0.08544252067804337, 0.1334337592124939, 0.3666563630104065, 0.39834123849868774, 0.18808560073375702, 0.1208002045750618, 0.11241160333156586, 0.12757468223571777, 0.14417746663093567, 0.13918866217136383, 0.120598703622818, 0.11109936237335205, 0.09339863806962967, 0.07136392593383789, 0.06196139380335808, 0.06940994411706924, 0.10688698291778564, 0.2094089686870575, 0.22691212594509125, 0.1354345977306366, 0.08503038436174393, 0.0828847885131836, 0.11747536808252335, 0.15590991079807281, 0.17229175567626953, 0.17232400178909302, 0.1662926822900772, 0.14580290019512177, 0.13311642408370972], "tonal.hpcp.stdev": [0.21909111738204956, 0.1923208236694336, 0.17178800702095032, 0.15841001272201538, 0.16482016444206238, 0.17215785384178162, 0.17077048122882843, 0.1884918510913849, 0.20602333545684814, 0.35056737065315247, 0.369933158159256, 0.2489510327577591, 0.21484704315662384, 0.20174351334571838, 0.212625190615654, 0.24173106253147125, 0.23730696737766266, 0.22294792532920837, 0.20021702349185944, 0.18438835442066193, 0.14279192686080933, 0.12491852045059204, 0.1300567090511322, 0.18231384456157684, 0.27149292826652527, 0.29420724511146545, 0.20382307469844818, 0.15145961940288544, 0.14869314432144165, 0.19542168080806732, 0.22393709421157837, 0.22932583093643188, 0.23463773727416992, 0.2510625422000885, 0.23886902630329132, 0.2212013155221939], "rhythm.beats_position": [0.3831292390823364, 0.7894784212112427, 1.1842176914215088, 1.5789568424224854, 1.9969160556793213, 2.4148752689361572, 2.8560543060302734, 3.2972335815429688, 3.7268025875091553, 4.179591655731201, 4.632380962371826, 5.061950206756592, 5.503129005432129, 5.944308280944824, 6.3854875564575195, 6.826666355133057, 7.267845630645752, 7.709024906158447, 8.150203704833984, 8.57977294921875, 9.020952224731445, 9.46213150024414, 9.914920806884766, 10.356099128723145, 10.79727840423584, 11.238457679748535, 11.67963695526123, 12.120816230773926, 12.561995506286621, 12.979954719543457, 13.421133995056152, 13.862312316894531, 14.315101623535156, 14.756280899047852, 15.185850143432617, 15.627029418945312, 16.068208694458008, 16.509387969970703, 16.9505672454834, 17.391746520996094, 17.832923889160156, 18.28571319580078, 18.738502502441406, 19.1796817779541, 19.632471084594727, 20.073650360107422, 20.503219604492188, 20.932788848876953, 21.37396812438965, 21.803537368774414, 22.23310661315918, 22.674285888671875, 23.1270751953125, 23.568254470825195, 24.009431838989258, 24.450611114501953, 24.89179039001465, 25.332969665527344, 25.77414894104004, 26.226938247680664, 26.67972755432129, 27.144126892089844, 27.620136260986328, 28.09614372253418, 28.560543060302734, 29.02494239807129, 29.477731704711914, 29.94213104248047], "rhythm.bpm_histogram": [0.0, 0.0, 0.0, 0.0, 0.0, 0.0, 0.0, 0.0, 0.0, 0.0, 0.0, 0.0, 0.0, 0.0, 0.0, 0.0, 0.0, 0.0, 0.0, 0.0, 0.0, 0.0, 0.0, 0.0, 0.0, 0.0, 0.0, 0.0, 0.0, 0.0, 0.0, 0.0, 0.0, 0.0, 0.0, 0.0, 0.0, 0.0, 0.0, 0.0, 0.0, 0.0, 0.0, 0.0, 0.0, 0.0, 0.0, 0.0, 0.0, 0.0, 0.0, 0.0, 0.0, 0.0, 0.0, 0.0, 0.0, 0.0, 0.0, 0.0, 0.0, 0.0, 0.0, 0.0, 0.0, 0.0, 0.0, 0.0, 0.0, 0.0, 0.0, 0.0, 0.0, 0.0, 0.0, 0.0, 0.0, 0.0, 0.0, 0.0, 0.0, 0.0, 0.0, 0.0, 0.0, 0.0, 0.0, 0.0, 0.0, 0.0, 0.0, 0.0, 0.0, 0.0, 0.0, 0.0, 0.0, 0.0, 0.0, 0.0, 0.0, 0.0, 0.0, 0.0, 0.0, 0.0, 0.0, 0.0, 0.0, 0.0, 0.0, 0.0, 0.0, 0.0, 0.0, 0.0, 0.0, 0.0, 0.0, 0.0, 0.0, 0.0, 0.0, 0.0, 0.0, 0.0, 0.02985074557363987, 0.0, 0.0, 0.05970149114727974, 0.0, 0.0, 0.0, 0.16417910158634186, 0.0, 0.0, 0.5373134613037109, 0.0, 0.0, 0.0, 0.11940298229455948, 0.0, 0.0, 0.0, 0.04477611929178238, 0.0, 0.0, 0.0, 0.014925372786819935, 0.0, 0.0, 0.0, 0.02985074557363987, 0.0, 0.0, 0.0, 0.0, 0.0, 0.0, 0.0, 0.0, 0.0, 0.0, 0.0, 0.0, 0.0, 0.0, 0.0, 0.0, 0.0, 0.0, 0.0, 0.0, 0.0, 0.0, 0.0, 0.0, 0.0, 0.0, 0.0, 0.0, 0.0, 0.0, 0.0, 0.0, 0.0, 0.0, 0.0, 0.0, 0.0, 0.0, 0.0, 0.0, 0.0, 0.0, 0.0, 0.0, 0.0, 0.0, 0.0, 0.0, 0.0, 0.0, 0.0, 0.0, 0.0, 0.0, 0.0, 0.0, 0.0, 0.0, 0.0, 0.0, 0.0, 0.0, 0.0, 0.0, 0.0, 0.0, 0.0, 0.0, 0.0, 0.0, 0.0, 0.0, 0.0, 0.0, 0.0, 0.0, 0.0, 0.0, 0.0, 0.0, 0.0, 0.0, 0.0, 0.0, 0.0, 0.0, 0.0, 0.0, 0.0, 0.0, 0.0, 0.0, 0.0, 0.0, 0.0, 0.0, 0.0], "tonal.chords_histogram": [83.84146118164062, 3.9634146690368652, 8.231707572937012, 0.0, 0.0, 0.0, 0.0, 2.2865853309631348, 0.0, 0.0, 0.0, 0.9146341681480408, 0.0, 0.0, 0.0, 0.0, 0.0, 0.0, 0.0, 0.0, 0.0, 0.0, 0.0, 0.7621951103210449], "tonal.thpcp": [1.0, 0.4721720516681671, 0.30325809121131897, 0.28219926357269287, 0.3202648162841797, 0.36194461584091187, 0.3494206666946411, 0.3027522563934326, 0.2789050042629242, 0.23446892201900482, 0.1791527420282364, 0.15554852783679962, 0.17424744367599487, 0.2683301866054535, 0.5257024765014648, 0.5696425437927246, 0.33999642729759216, 0.21346116065979004, 0.20807483792304993, 0.29491138458251953, 0.3913978636264801, 0.4325230121612549, 0.43260398507118225, 0.41746288537979126, 0.3660251200199127, 0.3341768682003021, 0.3137422800064087, 0.23706436157226562, 0.17123030126094818, 0.15942521393299103, 0.1618388295173645, 0.1697014570236206, 0.18990488350391388, 0.21449579298496246, 0.3349735140800476, 0.9204579591751099], "lowlevel.gfcc.cov": [[2846.601806640625, 84.60738372802734, 285.7294006347656, 160.09608459472656, 169.33364868164062, 292.17852783203125, 152.6938934326172, 250.78636169433594, 165.8614044189453, 54.72494125366211, 162.6002197265625, 60.22772979736328, 46.51502990722656], [84.60738372802734, 554.35107421875, -190.79913330078125, 21.6118106842041, -14.357515335083008, -42.765506744384766, 104.13975524902344, -54.54530715942383, -25.61096954345703, -28.334640502929688, 15.322134017944336, -86.86717987060547, 62.219703674316406], [285.7294006347656, -190.79913330078125, 627.71923828125, 235.56275939941406, 82.23499298095703, 227.8082733154297, 29.013355255126953, 92.55390167236328, 105.72906494140625, 76.46812438964844, 98.9886245727539, 140.7078399658203, -19.81136131286621], [160.09608459472656, 21.6118106842041, 235.56275939941406, 370.28662109375, 110.6495590209961, 145.2471923828125, 62.11767578125, 60.29859924316406, 137.40579223632812, 14.466556549072266, 90.04981231689453, 47.541568756103516, 27.16150665283203], [169.33364868164062, -14.357515335083008, 82.23499298095703, 110.6495590209961, 215.3739471435547, 95.13353729248047, 65.47025299072266, 74.23695373535156, 70.66781616210938, 44.23554229736328, 38.475826263427734, 32.94617462158203, 29.798171997070312], [292.17852783203125, -42.765506744384766, 227.8082733154297, 145.2471923828125, 95.13353729248047, 288.51611328125, 137.23220825195312, 79.20502471923828, 99.28654479980469, 41.976322174072266, 93.46443176269531, 47.81541442871094, 10.476058959960938], [152.6938934326172, 104.13975524902344, 29.013355255126953, 62.11767578125, 65.47025299072266, 137.23220825195312, 206.79576110839844, 83.42306518554688, 57.550376892089844, 17.89797019958496, 55.34709548950195, 3.7010250091552734, 22.86543083190918], [250.78636169433594, -54.54530715942383, 92.55390167236328, 60.29859924316406, 74.23695373535156, 79.20502471923828, 83.42306518554688, 159.41114807128906, 95.84139251708984, 33.55530548095703, 44.11298751831055, 35.669803619384766, 22.12185287475586], [165.8614044189453, -25.61096954345703, 105.72906494140625, 137.40579223632812, 70.66781616210938, 99.28654479980469, 57.550376892089844, 95.84139251708984, 162.79757690429688, 50.15607833862305, 64.05543518066406, 17.740163803100586, 13.21277904510498], [54.72494125366211, -28.334640502929688, 76.46812438964844, 14.466556549072266, 44.23554229736328, 41.976322174072266, 17.89797019958496, 33.55530548095703, 50.15607833862305, 94.2312240600586, 42.459537506103516, 12.082117080688477, 1.0990575551986694], [162.6002197265625, 15.322134017944336, 98.9886245727539, 90.04981231689453, 38.475826263427734, 93.46443176269531, 55.34709548950195, 44.11298751831055, 64.05543518066406, 42.459537506103516, 107.00080108642578, 42.94891357421875, 25.872047424316406], [60.22772979736328, -86.86717987060547, 140.7078399658203, 47.541568756103516, 32.94617462158203, 47.81541442871094, 3.7010250091552734, 35.669803619384766, 17.740163803100586, 12.082117080688477, 42.94891357421875, 126.06688690185547, 35.82318115234375], [46.51502990722656, 62.219703674316406, -19.81136131286621, 27.16150665283203, 29.798171997070312, 10.476058959960938, 22.86543083190918, 22.12185287475586, 13.21277904510498, 1.0990575551986694, 25.872047424316406, 35.82318115234375, 95.52827453613281]], "lowlevel.gfcc.icov": [[0.00047473632730543613, -0.0002931109629571438, -8.923721179598942e-05, 0.00018154302961193025, -0.0001592660410096869, -0.00045429434976540506, 0.0005152737139724195, -0.0008942418498918414, 0.00013560590741690248, 0.00030404323479160666, -0.0004800482129212469, 0.00013227916497271508, 0.00013102580851409584], [-0.0002931109629571438, 0.0037356296088546515, -4.786484350915998e-05, -0.0006458263378590345, 0.0001353165862383321, 0.002007091185078025, -0.003382911439985037, 0.0027279523201286793, 0.00010183154518017545, 0.00034872457035817206, -0.0012815252412110567, 0.002756415167823434, -0.0029056654311716557], [-8.923721179598942e-05, -4.786484350915998e-05, 0.004508335608989, -0.0025040702894330025, 0.0010839132592082024, -0.0028713850770145655, 0.0017147379694506526, -0.0016565078403800726, 0.001624527620151639, -0.003138194791972637, 0.0012120995670557022, -0.003942826297134161, 0.002633232856169343], [0.00018154302961193025, -0.0006458263378590345, -0.0025040702894330025, 0.006949075497686863, -0.002499921713024378, 0.0003305313584860414, 0.00012008985504508018, 0.002114620292559266, -0.005306264851242304, 0.0050000473856925964, -0.0030955704860389233, 0.0011315555311739445, -0.0008473360794596374], [-0.0001592660410096869, 0.0001353165862383321, 0.0010839132592082024, -0.002499921713024378, 0.007488596253097057, -0.0015281266532838345, -0.0004572928010020405, -0.0019243686692789197, 0.0009184544323943555, -0.0040008509531617165, 0.0028168654534965754, -0.001328971702605486, -0.0010337760904803872], [-0.00045429434976540506, 0.002007091185078025, -0.0028713850770145655, 0.0003305313584860414, -0.0015281266532838345, 0.010498454794287682, -0.006800845731049776, 0.0038302657194435596, -0.0024742051027715206, 0.0018455004319548607, -0.003663392039015889, 0.001953717088326812, -0.0011288210516795516], [0.0005152737139724195, -0.003382911439985037, 0.0017147379694506526, 0.00012008985504508018, -0.0004572928010020405, -0.006800845731049776, 0.012987684458494186, -0.007331628352403641, 0.0021120954770594835, 9.370884072268382e-05, -0.0011033463524654508, -0.0006422780570574105, 0.0019979700446128845], [-0.0008942418498918414, 0.0027279523201286793, -0.0016565078403800726, 0.002114620292559266, -0.0019243686692789197, 0.0038302657194435596, -0.007331628352403641, 0.01678752340376377, -0.00842384435236454, 0.0014002310344949365, 0.00028664659475907683, -0.0003051384992431849, -0.0030527713242918253], [0.00013560590741690248, 0.00010183154518017545, 0.001624527620151639, -0.005306264851242304, 0.0009184544323943555, -0.0024742051027715206, 0.0021120954770594835, -0.00842384435236454, 0.017008313909173012, -0.005747214891016483, -0.001835632836446166, 0.0018032561056315899, 0.0006778932875022292], [0.00030404323479160666, 0.00034872457035817206, -0.003138194791972637, 0.0050000473856925964, -0.0040008509531617165, 0.0018455004319548607, 9.370884072268382e-05, 0.0014002310344949365, -0.005747214891016483, 0.019120248034596443, -0.008086791262030602, 0.003471177536994219, -0.0002853513287845999], [-0.0004800482129212469, -0.0012815252412110567, 0.0012120995670557022, -0.0030955704860389233, 0.0028168654534965754, -0.003663392039015889, -0.0011033463524654508, 0.00028664659475907683, -0.001835632836446166, -0.008086791262030602, 0.021461838856339455, -0.006162291392683983, -0.0012339811073616147], [0.00013227916497271508, 0.002756415167823434, -0.003942826297134161, 0.0011315555311739445, -0.001328971702605486, 0.001953717088326812, -0.0006422780570574105, -0.0003051384992431849, 0.0018032561056315899, 0.003471177536994219, -0.006162291392683983, 0.01713200844824314, -0.007619387935847044], [0.00013102580851409584, -0.0029056654311716557, 0.002633232856169343, -0.0008473360794596374, -0.0010337760904803872, -0.0011288210516795516, 0.0019979700446128845, -0.0030527713242918253, 0.0006778932875022292, -0.0002853513287845999, -0.0012339811073616147, -0.007619387935847044, 0.01685982197523117]], "lowlevel.mfcc.cov": [[2178.970947265625, -29.273237228393555, 171.1614227294922, 46.023677825927734, 200.79974365234375, 92.53778076171875, 136.57974243164062, 242.08535766601562, 89.31832885742188, 230.01388549804688, 96.11078643798828, 36.444854736328125, 112.37394714355469], [-29.273237228393555, 438.0738525390625, -211.34764099121094, 2.2607421875, -124.6313247680664, -37.507591247558594, 55.47483825683594, -87.45355224609375, 5.548356533050537, -19.28085708618164, -37.832252502441406, -47.2701416015625, -79.72679901123047], [171.1614227294922, -211.34764099121094, 586.1673583984375, 60.35884475708008, 141.80136108398438, 155.55165100097656, 25.41073226928711, 145.68719482421875, -10.044492721557617, 54.64672088623047, 79.59725952148438, 81.25525665283203, 119.13700866699219], [46.023677825927734, 2.2607421875, 60.35884475708008, 210.68399047851562, 87.80510711669922, 26.93610191345215, 4.952626705169678, 39.87273025512695, 31.453134536743164, 5.749971866607666, 24.90473747253418, 37.17820358276367, 27.226150512695312], [200.79974365234375, -124.6313247680664, 141.80136108398438, 87.80510711669922, 223.3878173828125, 77.76700592041016, 8.603312492370605, 67.4185562133789, 36.868675231933594, 56.72819519042969, 49.90966796875, 46.84370040893555, 65.6849365234375], [92.53778076171875, -37.507591247558594, 155.55165100097656, 26.93610191345215, 77.76700592041016, 197.56118774414062, 71.46065521240234, 78.06836700439453, 6.835574626922607, 63.61061477661133, 45.708839416503906, 22.149240493774414, 44.416015625], [136.57974243164062, 55.47483825683594, 25.41073226928711, 4.952626705169678, 8.603312492370605, 71.46065521240234, 155.29872131347656, 66.54377746582031, 39.70108413696289, 52.15065002441406, 34.76321029663086, 22.480358123779297, 15.880587577819824], [242.08535766601562, -87.45355224609375, 145.68719482421875, 39.87273025512695, 67.4185562133789, 78.06836700439453, 66.54377746582031, 195.64950561523438, 48.25657272338867, 59.12504959106445, 39.67111587524414, 35.209617614746094, 73.6522445678711], [89.31832885742188, 5.548356533050537, -10.044492721557617, 31.453134536743164, 36.868675231933594, 6.835574626922607, 39.70108413696289, 48.25657272338867, 108.87650299072266, 53.40987014770508, 35.097999572753906, 22.040699005126953, 21.7535343170166], [230.01388549804688, -19.28085708618164, 54.64672088623047, 5.749971866607666, 56.72819519042969, 63.61061477661133, 52.15065002441406, 59.12504959106445, 53.40987014770508, 146.0488739013672, 65.66545104980469, 22.627775192260742, 33.375152587890625], [96.11078643798828, -37.832252502441406, 79.59725952148438, 24.90473747253418, 49.90966796875, 45.708839416503906, 34.76321029663086, 39.67111587524414, 35.097999572753906, 65.66545104980469, 109.73690032958984, 59.730079650878906, 29.97653579711914], [36.444854736328125, -47.2701416015625, 81.25525665283203, 37.17820358276367, 46.84370040893555, 22.149240493774414, 22.480358123779297, 35.209617614746094, 22.040699005126953, 22.627775192260742, 59.730079650878906, 102.09093475341797, 39.35527038574219], [112.37394714355469, -79.72679901123047, 119.13700866699219, 27.226150512695312, 65.6849365234375, 44.416015625, 15.880587577819824, 73.6522445678711, 21.7535343170166, 33.375152587890625, 29.97653579711914, 39.35527038574219, 100.09152221679688]], "lowlevel.mfcc.icov": [[0.0006502470932900906, -0.00023101980332285166, -2.1946145352558233e-05, 0.00011543346772668883, -0.0005603774916380644, 0.0004775554407387972, -0.00022694618382956833, -0.000667623127810657, 0.0003687695134431124, -0.0008316415478475392, 3.510991746225045e-06, 0.00022182505927048624, -0.00012733737821690738], [-0.00023101980332285166, 0.003927698824554682, 0.0006461550365202129, -0.0013507988769561052, 0.0019217795925214887, -0.0004994627088308334, -0.001954136649146676, 0.001721142209134996, -0.000603218621108681, -9.220384526997805e-05, 0.00047986398567445576, 0.000498756708111614, 0.0008123032166622579], [-2.1946145352558233e-05, 0.0006461550365202129, 0.0031935053411871195, -0.0002278614410897717, -0.00024774507619440556, -0.0015176504384726286, 0.0004173891502432525, -0.00101700599770993, 0.001412867452017963, 0.0002829640288837254, -0.0008458496304228902, -0.0007277828408405185, -0.0015436116373166442], [0.00011543346772668883, -0.0013507988769561052, -0.0002278614410897717, 0.006580476649105549, -0.002872265875339508, -4.972013630322181e-05, 0.0009456134284846485, -0.0011842319509014487, -0.0011990374187007546, 0.0014394618337973952, -0.0002455177600495517, -0.0013862265041097999, 0.0003032490494661033], [-0.0005603774916380644, 0.0019217795925214887, -0.00024774507619440556, -0.002872265875339508, 0.008869622834026814, -0.002364180749282241, 0.000952756148763001, 0.001344953547231853, -0.0017472999170422554, -0.0008390874718315899, 6.829867197666317e-05, -0.0006940707098692656, -0.0017643270548433065], [0.0004775554407387972, -0.0004994627088308334, -0.0015176504384726286, -4.972013630322181e-05, -0.002364180749282241, 0.00952169205993414, -0.003554310416802764, -0.0013801036402583122, 0.002859993139281869, -0.002381586469709873, -0.0011126005556434393, 0.0018252888694405556, -0.00042029135511256754], [-0.00022694618382956833, -0.001954136649146676, 0.0004173891502432525, 0.0009456134284846485, 0.000952756148763001, -0.003554310416802764, 0.011151584796607494, -0.0029795155860483646, -0.002112059621140361, -0.0005881479592062533, -0.0004986792919225991, -0.0020791678689420223, 0.0009413776569999754], [-0.000667623127810657, 0.001721142209134996, -0.00101700599770993, -0.0011842319509014487, 0.001344953547231853, -0.0013801036402583122, -0.0029795155860483646, 0.010710989125072956, -0.0029416314791888, -4.650928167393431e-05, 0.0009808947797864676, 0.00047686108155176044, -0.0038524181582033634], [0.0003687695134431124, -0.000603218621108681, 0.001412867452017963, -0.0011990374187007546, -0.0017472999170422554, 0.002859993139281869, -0.002112059621140361, -0.0029416314791888, 0.01470771711319685, -0.004047072026878595, -0.00180064479354769, -0.00024473940720781684, -0.0010843717027455568], [-0.0008316415478475392, -9.220384526997805e-05, 0.0002829640288837254, 0.0014394618337973952, -0.0008390874718315899, -0.002381586469709873, -0.0005881479592062533, -4.650928167393431e-05, -0.004047072026878595, 0.013673141598701477, -0.006186513230204582, 0.002356471261009574, -0.0008865038398653269], [3.510991746225045e-06, 0.00047986398567445576, -0.0008458496304228902, -0.0002455177600495517, 6.829867197666317e-05, -0.0011126005556434393, -0.0004986792919225991, 0.0009808947797864676, -0.00180064479354769, -0.006186513230204582, 0.01889151893556118, -0.008931535296142101, 0.0015662881778553128], [0.00022182505927048624, 0.000498756708111614, -0.0007277828408405185, -0.0013862265041097999, -0.0006940707098692656, 0.0018252888694405556, -0.0020791678689420223, 0.00047686108155176044, -0.00024473940720781684, 0.002356471261009574, -0.008931535296142101, 0.017517687752842903, -0.0039294203743338585], [-0.00012733737821690738, 0.0008123032166622579, -0.0015436116373166442, 0.0003032490494661033, -0.0017643270548433065, -0.00042029135511256754, 0.0009413776569999754, -0.0038524181582033634, -0.0010843717027455568, -0.0008865038398653269, 0.0015662881778553128, -0.0039294203743338585, 0.01817268133163452]], "metadata.audio_properties.analysis.downmix": "mix", "metadata.audio_properties.codec": "mp3", "metadata.audio_properties.md5_encoded": "7478baa312e0143b34a7ba62b0e55fe6", "metadata.tags.file_name": "1183712321516863558.mp3", "metadata.version.essentia": "2.1-beta6-dev", "metadata.version.essentia_git_sha": "v2.1_beta5-1110-g77a6a954", "metadata.version.extractor": "music 2.0", "tonal.chords_key": "F", "tonal.chords_scale":