{"song_id": "1183705243440128010", "download": "https://cdn.discordapp.com/attachments/1128313332273782784/1183705243440128010/chirp.mp4?ex=65894e6a&amp", "lyrics": "[Verse]\nNassim, jeune et fier, cheveux couleur de jais\nMais le destin cruel, le temps ne fait ni paix\nUn jour sans pr\u00e9venir, la calvitie en lui s'installe\nLa tristesse envahit son \u00e2me, le voil\u00e0 qui d\u00e9raille\n\n[Chorus]\nNassim qui devient chauve, un nouveau chapitre commence\nLes \u00e9preuves de la vie, Nassim les affronte en silence\nIl l\u00e8ve la t\u00eate, regarde droit devant sans d\u00e9tours\nNassim, un h\u00e9ros, sa beaut\u00e9 int\u00e9rieure toujours", "style": ["pop"], "essentia_features": {"lowlevel.average_loudness": 0.6690037846565247, "lowlevel.barkbands_crest.mean": 15.191534996032715, "lowlevel.barkbands_crest.stdev": 6.830294132232666, "lowlevel.barkbands_flatness_db.mean": 0.2086237370967865, "lowlevel.barkbands_flatness_db.stdev": 0.10965542495250702, "lowlevel.barkbands_kurtosis.mean": 46.556068420410156, "lowlevel.barkbands_kurtosis.stdev": 134.707763671875, "lowlevel.barkbands_skewness.mean": 3.8157505989074707, "lowlevel.barkbands_skewness.stdev": 4.501548767089844, "lowlevel.barkbands_spread.mean": 21.554468154907227, "lowlevel.barkbands_spread.stdev": 21.526132583618164, "lowlevel.dissonance.mean": 0.46967649459838867, "lowlevel.dissonance.stdev": 0.03461910039186478, "lowlevel.dynamic_complexity": 6.889070987701416, "lowlevel.erbbands_crest.mean": 9.249019622802734, "lowlevel.erbbands_crest.stdev": 5.471517562866211, "lowlevel.erbbands_flatness_db.mean": 0.14123311638832092, "lowlevel.erbbands_flatness_db.stdev": 0.05630927160382271, "lowlevel.erbbands_kurtosis.mean": 2.20912504196167, "lowlevel.erbbands_kurtosis.stdev": 6.424937725067139, "lowlevel.erbbands_skewness.mean": 0.47684910893440247, "lowlevel.erbbands_skewness.stdev": 1.3369404077529907, "lowlevel.erbbands_spread.mean": 51.75838851928711, "lowlevel.erbbands_spread.stdev": 34.551002502441406, "lowlevel.hfc.mean": 21.633577346801758, "lowlevel.hfc.stdev": 33.0426139831543, "lowlevel.loudness_ebu128.integrated": -18.266355514526367, "lowlevel.loudness_ebu128.loudness_range": 13.341554641723633, "lowlevel.loudness_ebu128.momentary.mean": -23.09243392944336, "lowlevel.loudness_ebu128.momentary.stdev": 7.901341438293457, "lowlevel.loudness_ebu128.short_term.mean": -21.493104934692383, "lowlevel.loudness_ebu128.short_term.stdev": 5.232110977172852, "lowlevel.melbands_crest.mean": 19.46638298034668, "lowlevel.melbands_crest.stdev": 7.145533084869385, "lowlevel.melbands_flatness_db.mean": 0.2708894908428192, "lowlevel.melbands_flatness_db.stdev": 0.13764449954032898, "lowlevel.melbands_kurtosis.mean": 96.6102066040039, "lowlevel.melbands_kurtosis.stdev": 215.7405548095703, "lowlevel.melbands_skewness.mean": 5.569855690002441, "lowlevel.melbands_skewness.stdev": 5.375006675720215, "lowlevel.melbands_spread.mean": 22.64600944519043, "lowlevel.melbands_spread.stdev": 34.62644958496094, "lowlevel.pitch_salience.mean": 0.4211016893386841, "lowlevel.pitch_salience.stdev": 0.21089722216129303, "lowlevel.silence_rate_20dB.mean": 0.9971031546592712, "lowlevel.silence_rate_20dB.stdev": 0.05374443158507347, "lowlevel.silence_rate_30dB.mean": 0.738122820854187, "lowlevel.silence_rate_30dB.stdev": 0.43965545296669006, "lowlevel.silence_rate_60dB.mean": 0.29258400201797485, "lowlevel.silence_rate_60dB.stdev": 0.4549465477466583, "lowlevel.spectral_centroid.mean": 1398.53662109375, "lowlevel.spectral_centroid.stdev": 1124.3306884765625, "lowlevel.spectral_complexity.mean": 8.458285331726074, "lowlevel.spectral_complexity.stdev": 9.34402847290039, "lowlevel.spectral_decrease.mean": -1.584585085367962e-08, "lowlevel.spectral_decrease.stdev": 2.0932848343591104e-08, "lowlevel.spectral_energy.mean": 0.0617680698633194, "lowlevel.spectral_energy.stdev": 0.07988609373569489, "lowlevel.spectral_energyband_high.mean": 0.001310662250034511, "lowlevel.spectral_energyband_high.stdev": 0.0032706288620829582, "lowlevel.spectral_energyband_low.mean": 0.05148228257894516, "lowlevel.spectral_energyband_low.stdev": 0.07765361666679382, "lowlevel.spectral_energyband_middle_high.mean": 0.0029329885728657246, "lowlevel.spectral_energyband_middle_high.stdev": 0.006498334929347038, "lowlevel.spectral_energyband_middle_low.mean": 0.007800734136253595, "lowlevel.spectral_energyband_middle_low.stdev": 0.013301631435751915, "lowlevel.spectral_entropy.mean": 7.645777702331543, "lowlevel.spectral_entropy.stdev": 0.6915013194084167, "lowlevel.spectral_flux.mean": 0.10112515836954117, "lowlevel.spectral_flux.stdev": 0.09405255317687988, "lowlevel.spectral_kurtosis.mean": 3.7622997760772705, "lowlevel.spectral_kurtosis.stdev": 3.390265464782715, "lowlevel.spectral_rms.mean": 0.005955388769507408, "lowlevel.spectral_rms.stdev": 0.004979446530342102, "lowlevel.spectral_rolloff.mean": 1614.9556884765625, "lowlevel.spectral_rolloff.stdev": 2748.713134765625, "lowlevel.spectral_skewness.mean": 1.5534690618515015, "lowlevel.spectral_skewness.stdev": 0.6275126338005066, "lowlevel.spectral_spread.mean": 6364148.5, "lowlevel.spectral_spread.stdev": 2591030.75, "lowlevel.spectral_strongpeak.mean": 0.7976703643798828, "lowlevel.spectral_strongpeak.stdev": 1.178473711013794, "lowlevel.zerocrossingrate.mean": 0.06780234724283218, "lowlevel.zerocrossingrate.stdev": 0.07747959345579147, "metadata.audio_properties.analysis.equal_loudness": 0.0, "metadata.audio_properties.analysis.length": 40.04265213012695, "metadata.audio_properties.analysis.sample_rate": 44100.0, "metadata.audio_properties.analysis.start_time": 0.0, "metadata.audio_properties.bit_rate": 118002.0, "metadata.audio_properties.length": 40.042667388916016, "metadata.audio_properties.lossless": 0.0, "metadata.audio_properties.number_channels": 1.0, "metadata.audio_properties.replay_gain": -6.02827262878418, "metadata.audio_properties.sample_rate": 48000.0, "rhythm.beats_count": 84.0, "rhythm.beats_loudness.mean": 0.12848933041095734, "rhythm.beats_loudness.stdev": 0.11920453608036041, "rhythm.bpm": 111.88235473632812, "rhythm.bpm_histogram_first_peak_bpm": 112.0, "rhythm.bpm_histogram_first_peak_weight": 0.194444477558136, "rhythm.bpm_histogram_second_peak_bpm": 152.0, "rhythm.bpm_histogram_second_peak_spread": 0.19999998807907104, "rhythm.bpm_histogram_second_peak_weight": 0.1927710771560669, "rhythm.danceability": 1.335343360900879, "rhythm.onset_rate": 3.9196672439575195, "tonal.chords_changes_rate": 0.1145833358168602, "tonal.chords_number_rate": 0.011574073694646358, "tonal.chords_strength.mean": 0.5384134650230408, "tonal.chords_strength.stdev": 0.10160887986421585, "tonal.hpcp_crest.mean": 11.54824447631836, "tonal.hpcp_crest.stdev": 6.528594970703125, "tonal.hpcp_entropy.mean": 2.4724531173706055, "tonal.hpcp_entropy.stdev": 0.94132399559021, "tonal.key_edma.strength": 0.6122092604637146, "tonal.key_krumhansl.strength": 0.6047534346580505, "tonal.key_temperley.strength": 0.6031792163848877, "tonal.tuning_diatonic_strength": 0.7213319540023804, "tonal.tuning_equal_tempered_deviation": 0.24978363513946533, "tonal.tuning_frequency": 434.193115234375, "tonal.tuning_nontempered_energy_ratio": 0.9085661172866821, "lowlevel.barkbands.mean": [0.001073411083780229, 0.042286671698093414, 0.00661693699657917, 0.0019613250624388456, 0.0037820404395461082, 0.000667857239022851, 0.00022003435879014432, 0.0006187789258547127, 0.00017218881112057716, 0.0007397415465675294, 0.00034592224983498454, 0.0006249889847822487, 0.0001553535257698968, 0.00019917260215152055, 0.00021298523643054068, 0.00013691320782527328, 0.00014488915621768683, 0.00019586212874855846, 0.00021654184092767537, 0.00015948229702189565, 0.00011399106006138027, 0.00013298177509568632, 0.00028394992114044726, 0.00020621994917746633, 0.00033834055648185313, 0.00016141892410814762, 9.134269163268982e-08], "lowlevel.barkbands.stdev": [0.0031229043379426003, 0.06837429106235504, 0.016928164288401604, 0.0059164464473724365, 0.008339636027812958, 0.002766759367659688, 0.0014446241548284888, 0.0030207764357328415, 0.0008905352442525327, 0.0033599315211176872, 0.0013889782130718231, 0.003009399399161339, 0.0005629538791254163, 0.0006409004563465714, 0.00071363226743415, 0.00039477029349654913, 0.0005361300427466631, 0.0008229903760366142, 0.0005404222756624222, 0.0004718416603282094, 0.0003103275375906378, 0.0005236311117187142, 0.0009796068770810962, 0.0006125798681750894, 0.0009745665593072772, 0.0004768271173816174, 1.1048772421418107e-06], "lowlevel.erbbands.mean": [1.1827447414398193, 9.314781188964844, 10.446969032287598, 8.02686882019043, 4.083770275115967, 13.954984664916992, 18.84173583984375, 4.297666072845459, 2.6048738956451416, 9.877079010009766, 8.890213966369629, 4.156674385070801, 24.909942626953125, 11.49947738647461, 19.504396438598633, 21.505958557128906, 9.12440299987793, 8.865154266357422, 10.587686538696289, 9.591440200805664, 8.244406700134277, 8.66316032409668, 10.15399169921875, 12.623823165893555, 9.05911636352539, 7.388576030731201, 5.563118934631348, 3.8843398094177246, 4.585043907165527, 7.2448601722717285, 7.902009010314941, 3.735581636428833, 4.18898344039917, 3.7268688678741455, 2.446286201477051, 1.072746753692627, 0.21695294976234436, 0.012094853445887566, 0.00031240409589372575, 8.974268712336197e-05], "lowlevel.erbbands.stdev": [2.4096086025238037, 15.074604988098145, 22.72190284729004, 22.400707244873047, 10.972579002380371, 33.78075408935547, 51.58623504638672, 21.6585693359375, 15.813155174255371, 49.064849853515625, 41.588626861572266, 17.793304443359375, 117.00556945800781, 35.16713333129883, 76.40353393554688, 97.92314910888672, 29.926082611083984, 28.024763107299805, 32.6153564453125, 27.82563018798828, 22.916519165039062, 33.54302215576172, 50.33790588378906, 35.190528869628906, 23.707225799560547, 21.801300048828125, 13.540121078491211, 13.029969215393066, 19.191560745239258, 25.274333953857422, 26.933982849121094, 11.55656909942627, 12.648265838623047, 11.203385353088379, 7.0822625160217285, 3.1500918865203857, 0.6536972522735596, 0.041473452001810074, 0.000893303076736629, 0.00011292124690953642], "lowlevel.gfcc.mean": [-62.40118408203125, 65.3072280883789, -86.47122192382812, 40.65605163574219, -45.703495025634766, 35.26346206665039, -35.03312683105469, 21.548364639282227, -30.263076782226562, 6.528260231018066, -12.220407485961914, 4.211697578430176, -5.684995651245117], "lowlevel.melbands.mean": [0.011386968195438385, 0.007845024578273296, 0.0012025769101455808, 0.0005575120449066162, 0.0007623822893947363, 9.200938802678138e-05, 3.942153853131458e-05, 0.00012718644575215876, 6.056226629880257e-05, 2.5004072085721418e-05, 0.00012744340347126126, 4.731764056487009e-05, 5.519193291547708e-05, 7.088803977239877e-05, 4.0702045225771144e-05, 1.2449407222447917e-05, 1.7340813428745605e-05, 1.663046350586228e-05, 1.7152662621811032e-05, 9.64320952334674e-06, 9.428121302335057e-06, 9.384722034155857e-06, 8.56673523230711e-06, 8.672464900882915e-06, 1.0767171261250041e-05, 6.9798020376765635e-06, 6.081715127947973e-06, 4.54793462267844e-06, 3.6098635973758064e-06, 2.783840500342194e-06, 2.078757006529486e-06, 2.462920065227081e-06, 2.7819453407573747e-06, 4.735184120363556e-06, 5.043135388405062e-06, 2.994681608470273e-06, 2.024686864388059e-06, 2.755572722890065e-06, 3.0633618735009804e-06, 3.2205825846176594e-06], "lowlevel.melbands.stdev": [0.01962934248149395, 0.013439654372632504, 0.003143645590171218, 0.0012285438133403659, 0.0019360309233888984, 0.00046045161434449255, 0.00026732601691037416, 0.0006208356353454292, 0.0002817781060002744, 0.00011655739217530936, 0.0006009493954479694, 0.00015682702360209078, 0.0002147718914784491, 0.00037537774187512696, 0.00020659620349761099, 3.629532511695288e-05, 5.892347689950839e-05, 5.487365342560224e-05, 6.342106644297019e-05, 2.599631989141926e-05, 2.696587034733966e-05, 3.988737444160506e-05, 4.214620275888592e-05, 3.2965748687274754e-05, 3.179434861522168e-05, 1.7905354980030097e-05, 1.9608318325481378e-05, 1.3344302715267986e-05, 8.94107961357804e-06, 7.538705631304765e-06, 8.237664587795734e-06, 1.0917927284026518e-05, 1.0871084668906406e-05, 1.7347234461340122e-05, 1.794463605619967e-05, 9.633372428652365e-06, 6.314734491752461e-06, 8.365718713321257e-06, 9.508422408543993e-06, 9.680187758931424e-06], "lowlevel.melbands128.mean": [0.0010224092984572053, 0.008292688988149166, 0.016965176910161972, 0.01522394735366106, 0.007039989344775677, 0.0029502816032618284, 0.0017885934794321656, 0.0006479077273979783, 0.0003180426429025829, 0.00033246102975681424, 0.0008042636327445507, 0.001326598459854722, 0.0007018566248007119, 0.0001603906275704503, 8.964562584878877e-05, 5.104653973830864e-05, 3.289171218057163e-05, 3.609636041801423e-05, 4.517315755947493e-05, 0.00010759643919300288, 0.00019868470553774387, 0.00011151125363539904, 3.0192328267730772e-05, 2.307499926246237e-05, 1.6257095921901055e-05, 1.7906753782881424e-05, 6.114471761975437e-05, 0.0001960488298209384, 0.00013754380051977932, 2.478534406691324e-05, 3.0879131372785196e-05, 4.7377739974763244e-05, 4.024304507765919e-05, 7.44261487852782e-05, 9.407028846908361e-05, 5.569184577325359e-05, 5.5122865887824446e-05, 5.5538090236950666e-05, 1.9394614355405793e-05, 1.4460392776527442e-05, 1.0763782483991235e-05, 8.972646355687175e-06, 1.7838829080574214e-05, 2.229956771770958e-05, 1.7814225429901853e-05, 1.3181501344661228e-05, 1.7579004634171724e-05, 2.1275618564686738e-05, 1.5569310562568717e-05, 9.828167094383389e-06, 7.934328095871024e-06, 1.0372465112595819e-05, 1.0645739166648127e-05, 7.077186637616251e-06, 1.0954639947158284e-05, 1.152464665210573e-05, 6.1139003264543135e-06, 6.309186574071646e-06, 1.1033189366571605e-05, 1.0339411346649285e-05, 6.704013685521204e-06, 8.596167390351184e-06, 1.2131152288930025e-05, 1.161280943051679e-05, 8.312224053952377e-06, 6.845500593044562e-06, 6.228462098079035e-06, 5.63087223781622e-06, 6.731546363880625e-06, 5.74082650928176e-06, 4.348395123088267e-06, 4.071438070241129e-06, 3.898736849805573e-06, 3.542473450579564e-06, 3.241878630433348e-06, 3.2068894597614417e-06, 2.4162300178431906e-06, 1.8429082047077827e-06, 2.138247054972453e-06, 2.122002115356736e-06, 2.2394237930711824e-06, 2.861453822333715e-06, 2.5454676233493956e-06, 2.476558393027517e-06, 3.1735746688354993e-06, 3.980933797720354e-06, 5.395828793552937e-06, 6.1173527683422435e-06, 4.695330972026568e-06, 4.997222731617512e-06, 3.5903710795537336e-06, 2.4219734768848866e-06, 1.8064300775222364e-06, 2.0802619928872446e-06, 1.9823953607556177e-06, 2.2895028450875543e-06, 2.860936774595757e-06, 3.683758677652804e-06, 2.8507181468739873e-06, 3.0036555926926667e-06, 2.9210425509518245e-06, 3.5400817068875767e-06, 3.0973737921158317e-06, 3.578093810574501e-06, 2.7838248115585884e-06, 2.319139639439527e-06, 2.1631237814290216e-06, 2.1784176169603597e-06, 2.0356480945338262e-06, 1.6342951312253717e-06, 1.098890265893715e-06, 8.170961223186168e-07, 6.210052561073098e-07, 3.9657851402807864e-07, 2.1031364383361506e-07, 5.83250887586928e-08, 5.668930658231375e-09, 1.1165506713650686e-10, 1.097460247678761e-10, 6.560871290695047e-11, 3.2643915348629093e-11, 1.3667338094602854e-11, 8.895231773387025e-12, 8.71174486716253e-12, 8.462951693599674e-12, 8.145954397131838e-12, 7.96107190587092e-12, 7.898339968170909e-12], "lowlevel.melbands128.stdev": [0.0030811179894953966, 0.020838968455791473, 0.0299124363809824, 0.026008790358901024, 0.015506986528635025, 0.00748865120112896, 0.005552702117711306, 0.0018474669195711613, 0.0012385385343804955, 0.0010761884041130543, 0.0021870185155421495, 0.003481242572888732, 0.002209404017776251, 0.0008169088396243751, 0.000721651129424572, 0.00031686644069850445, 0.00012635914026759565, 0.00043475168058648705, 0.0004003242065664381, 0.0006485715275630355, 0.0010747938649728894, 0.0006309786112979054, 0.00021815707441419363, 0.00020573129586409777, 0.00015385648293886334, 7.753603858873248e-05, 0.0004317623970564455, 0.0010230898624286056, 0.000728620623704046, 9.075022535398602e-05, 0.00014192386879585683, 0.000300384359434247, 0.00025730259949341416, 0.00036324080429039896, 0.0006834104424342513, 0.0004344495537225157, 0.0003863256424665451, 0.0003565428196452558, 9.400020644534379e-05, 5.3836214647162706e-05, 4.789853483089246e-05, 2.7112841053167358e-05, 8.252563566202298e-05, 0.00010489609849173576, 7.679197733523324e-05, 7.083412492647767e-05, 8.764448284637183e-05, 9.925681661115959e-05, 7.299437857000157e-05, 3.526785803842358e-05, 2.9764572900603525e-05, 3.3235181035706773e-05, 4.569499651552178e-05, 2.0017509086756036e-05, 4.785355486092158e-05, 7.023664511507377e-05, 1.9916678866138682e-05, 2.5990164431277663e-05, 7.320070290006697e-05, 8.379161590710282e-05, 2.59424250543816e-05, 2.9507309591281228e-05, 4.648516187444329e-05, 4.016238381154835e-05, 2.908332498918753e-05, 1.928814708662685e-05, 2.0850666260230355e-05, 1.8481119695934467e-05, 2.5831193852354772e-05, 2.1934536562184803e-05, 1.4692025615659077e-05, 1.2390709343890194e-05, 1.0913242476817686e-05, 9.75372222455917e-06, 8.716941920283716e-06, 9.429849342268426e-06, 7.634532266820315e-06, 6.295807907008566e-06, 9.78484058578033e-06, 1.0081014806928579e-05, 9.447193406231236e-06, 1.5343635823228396e-05, 1.181774314318318e-05, 1.0403345186205115e-05, 1.3011518603889272e-05, 1.4500721590593457e-05, 2.247990960313473e-05, 2.4647106329211965e-05, 1.7311294868704863e-05, 1.811149559216574e-05, 1.1771822755690664e-05, 8.473521120322403e-06, 6.8430963438004255e-06, 7.392170573439216e-06, 5.9374260672484525e-06, 7.556905529781943e-06, 9.771763870958239e-06, 1.2542887816380244e-05, 9.231347576132976e-06, 1.06379275166546e-05, 1.0392142939963378e-05, 1.1051564797526225e-05, 9.028897693497129e-06, 1.1039750461350195e-05, 9.10867856873665e-06, 7.5362931966083124e-06, 6.541766651935177e-06, 6.468448191299103e-06, 6.4445994212292135e-06, 5.399415840656729e-06, 3.708912572619738e-06, 2.5396611817996018e-06, 1.99462624550506e-06, 1.3938893062004354e-06, 9.729059229357517e-07, 2.8020500053571595e-07, 6.037174671291723e-08, 2.439914714713609e-09, 2.9868625350815137e-09, 1.615194533677311e-09, 7.480505659351877e-10, 1.6206748443270413e-10, 1.8134715951134694e-11, 1.7809729385698247e-11, 1.7535908489185736e-11, 1.7307197341942526e-11, 1.7147302674991316e-11, 1.704925436940563e-11], "lowlevel.mfcc.mean": [-715.6614990234375, 99.72084045410156, 20.958221435546875, 19.449234008789062, 20.092350006103516, 12.33215045928955, 18.455097198486328, 11.178614616394043, 2.46730375289917, 7.163961410522461, -1.782153844833374, -2.732253313064575, 4.449448108673096], "lowlevel.spectral_contrast_coeffs.mean": [-0.7009356021881104, -0.8162092566490173, -0.8048778176307678, -0.8340386152267456, -0.8215843439102173, -0.8008124828338623], "lowlevel.spectral_contrast_coeffs.stdev": [0.1301521360874176, 0.08268663287162781, 0.08676105737686157, 0.052542705088853836, 0.04892582818865776, 0.038557469844818115], "lowlevel.spectral_contrast_valleys.mean": [-7.32805871963501, -7.820953369140625, -7.969884872436523, -8.240718841552734, -8.173412322998047, -10.405362129211426], "lowlevel.spectral_contrast_valleys.stdev": [1.288403868675232, 0.8030129671096802, 0.895958662033081, 0.9586211442947388, 1.082581639289856, 1.1924631595611572], "rhythm.beats_loudness_band_ratio.mean": [0.7926223278045654, 0.07235538214445114, 0.0307350754737854, 0.037837136536836624, 0.030237505212426186, 0.05650699883699417], "rhythm.beats_loudness_band_ratio.stdev": [0.2542535364627838, 0.11905670166015625, 0.041978612542152405, 0.05646856129169464, 0.06291331350803375, 0.143637016415596], "tonal.hpcp.mean": [0.07450809329748154, 0.07061652094125748, 0.08009675145149231, 0.07803454250097275, 0.07373707741498947, 0.07940640300512314, 0.08636897057294846, 0.07883502542972565, 0.0890759825706482, 0.1566825658082962, 0.21476224064826965, 0.21983201801776886, 0.20024774968624115, 0.1627109795808792, 0.11853644251823425, 0.0952652171254158, 0.10201621055603027, 0.10398074984550476, 0.10677891224622726, 0.12908633053302765, 0.12430272251367569, 0.10521142929792404, 0.10311310738325119, 0.11468970030546188, 0.12196222692728043, 0.09552861750125885, 0.06978840380907059, 0.06427420675754547, 0.07033739238977432, 0.09070278704166412, 0.10951587557792664, 0.12188378721475601, 0.12336503714323044, 0.1124880388379097, 0.09843291342258453, 0.08771732449531555], "tonal.hpcp.stdev": [0.18168754875659943, 0.17581167817115784, 0.19494900107383728, 0.1834409236907959, 0.1721307933330536, 0.17928723990917206, 0.19267502427101135, 0.17978988587856293, 0.185719296336174, 0.27464669942855835, 0.3284037411212921, 0.31833598017692566, 0.30601072311401367, 0.28153112530708313, 0.22594229876995087, 0.199952632188797, 0.22342552244663239, 0.21953772008419037, 0.21734149754047394, 0.26481837034225464, 0.25188228487968445, 0.22615957260131836, 0.23378057777881622, 0.23574160039424896, 0.2547999620437622, 0.20288130640983582, 0.17288021743297577, 0.16662397980690002, 0.17371228337287903, 0.2010888159275055, 0.2169724404811859, 0.23138335347175598, 0.2382936179637909, 0.2239782214164734, 0.20710833370685577, 0.19831636548042297], "rhythm.beats_position": [0.39473921060562134, 0.8010883927345276, 1.2074376344680786, 1.6021767854690552, 1.9969160556793213, 2.391655206680298, 2.7863945960998535, 3.18113374710083, 3.5758728981018066, 3.9706122875213623, 4.36535120010376, 4.7600908279418945, 5.154829978942871, 5.549569129943848, 5.944308280944824, 6.3506574630737305, 6.745396614074707, 7.140135765075684, 7.5580949783325195, 7.987664222717285, 8.41723346710205, 8.846802711486816, 9.264761924743652, 9.682721138000488, 10.100680351257324, 10.51863956451416, 10.936598777770996, 11.354557991027832, 11.784127235412598, 12.213695526123047, 12.654874801635742, 13.072834014892578, 13.490793228149414, 13.92036247253418, 14.349931716918945, 14.79111099243164, 15.209070205688477, 15.627029418945312, 16.056598663330078, 16.497777938842773, 16.93895721435547, 17.356916427612305, 17.76326560974121, 18.158004760742188, 18.552743911743164, 19.00553321838379, 19.574420928955078, 20.15492057800293, 20.700590133666992, 21.246257781982422, 21.780317306518555, 22.314376831054688, 22.848434448242188, 23.38249397277832, 23.928163528442383, 24.462221145629883, 25.007890701293945, 25.541950225830078, 26.076007843017578, 26.61006736755371, 27.144126892089844, 27.678184509277344, 28.212244033813477, 28.74630355834961, 29.280363082885742, 29.814420700073242, 30.348480224609375, 30.882539749145508, 31.416597366333008, 31.95065689086914, 32.4963264465332, 33.0303840637207, 33.576053619384766, 34.110111236572266, 34.64417266845703, 35.17823028564453, 35.71228790283203, 36.2463493347168, 36.7804069519043, 37.3144645690918, 37.84852600097656, 38.38258361816406, 38.91664505004883, 39.462310791015625], "rhythm.bpm_histogram": [0.0, 0.0, 0.0, 0.0, 0.0, 0.0, 0.0, 0.0, 0.0, 0.0, 0.0, 0.0, 0.0, 0.0, 0.0, 0.0, 0.0, 0.0, 0.0, 0.0, 0.0, 0.0, 0.0, 0.0, 0.0, 0.0, 0.0, 0.0, 0.0, 0.0, 0.0, 0.0, 0.0, 0.0, 0.0, 0.0, 0.0, 0.0, 0.0, 0.0, 0.0, 0.0, 0.0, 0.0, 0.0, 0.0, 0.0, 0.0, 0.0, 0.0, 0.0, 0.0, 0.0, 0.0, 0.0, 0.0, 0.0, 0.0, 0.0, 0.0, 0.0, 0.0, 0.0, 0.0, 0.0, 0.0, 0.0, 0.0, 0.0, 0.0, 0.0, 0.0, 0.0, 0.0, 0.0, 0.0, 0.0, 0.0, 0.0, 0.0, 0.0, 0.0, 0.0, 0.0, 0.0, 0.0, 0.0, 0.0, 0.0, 0.0, 0.0, 0.0, 0.0, 0.0, 0.0, 0.0, 0.0, 0.0, 0.0, 0.0, 0.0, 0.0, 0.0, 0.012048192322254181, 0.0, 0.012048192322254181, 0.0, 0.0, 0.0, 0.0, 0.08433734625577927, 0.0, 0.34939759969711304, 0.0, 0.0, 0.0, 0.0, 0.0, 0.0, 0.0, 0.0, 0.0, 0.0, 0.0, 0.0, 0.0, 0.0, 0.0, 0.0, 0.0, 0.0, 0.0, 0.0, 0.012048192322254181, 0.0, 0.0, 0.048192769289016724, 0.0, 0.0, 0.0, 0.09638553857803345, 0.0, 0.0, 0.0, 0.14457830786705017, 0.0, 0.0, 0.0, 0.048192769289016724, 0.0, 0.0, 0.0, 0.1927710771560669, 0.0, 0.0, 0.0, 0.0, 0.0, 0.0, 0.0, 0.0, 0.0, 0.0, 0.0, 0.0, 0.0, 0.0, 0.0, 0.0, 0.0, 0.0, 0.0, 0.0, 0.0, 0.0, 0.0, 0.0, 0.0, 0.0, 0.0, 0.0, 0.0, 0.0, 0.0, 0.0, 0.0, 0.0, 0.0, 0.0, 0.0, 0.0, 0.0, 0.0, 0.0, 0.0, 0.0, 0.0, 0.0, 0.0, 0.0, 0.0, 0.0, 0.0, 0.0, 0.0, 0.0, 0.0, 0.0, 0.0, 0.0, 0.0, 0.0, 0.0, 0.0, 0.0, 0.0, 0.0, 0.0, 0.0, 0.0, 0.0, 0.0, 0.0, 0.0, 0.0, 0.0, 0.0, 0.0, 0.0, 0.0, 0.0, 0.0, 0.0, 0.0, 0.0, 0.0, 0.0, 0.0, 0.0, 0.0, 0.0, 0.0, 0.0, 0.0, 0.0, 0.0, 0.0, 0.0, 0.0, 0.0], "tonal.chords_histogram": [5.787036895751953, 1.5046296119689941, 44.675926208496094, 0.46296295523643494, 3.0092592239379883, 1.7361111640930176, 0.0, 0.0, 0.6944444179534912, 26.38888931274414, 0.0, 0.3472222089767456, 0.0, 0.0, 0.0, 0.0, 2.430555582046509, 1.0416666269302368, 0.11574073880910873, 0.0, 0.0, 0.0, 1.6203703880310059, 10.185185432434082], "tonal.thpcp": [1.0, 0.9109125733375549, 0.7401605248451233, 0.5392137169837952, 0.43335461616516113, 0.4640643894672394, 0.4730009436607361, 0.4857295751571655, 0.5872043967247009, 0.5654441118240356, 0.4785992205142975, 0.46905410289764404, 0.5217151641845703, 0.554797351360321, 0.43455278873443604, 0.31746241450309753, 0.2923787236213684, 0.31995972990989685, 0.41260042786598206, 0.4981798231601715, 0.5544405579566956, 0.5611786842346191, 0.5116999745368958, 0.44776421785354614, 0.3990197777748108, 0.33893194794654846, 0.3212294578552246, 0.36435434222221375, 0.3549734950065613, 0.33542466163635254, 0.3612140119075775, 0.392886221408844, 0.35861483216285706, 0.40520021319389343, 0.7127376794815063, 0.9769379496574402], "lowlevel.gfcc.cov": [[9843.1220703125, -896.7125244140625, 352.1424255371094, 547.1466064453125, 185.58697509765625, 53.4525032043457, -139.69683837890625, 132.81393432617188, -364.0662536621094, -42.01491928100586, -209.34376525878906, 68.03558349609375, 42.776058197021484], [-896.7125244140625, 2567.998046875, 286.2520751953125, 118.20005798339844, 520.587646484375, -116.1219711303711, 300.0037841796875, -152.45474243164062, 125.71499633789062, -159.5796356201172, 243.05975341796875, -225.67742919921875, 173.2096405029297], [352.1424255371094, 286.2520751953125, 1611.017578125, 573.4686889648438, 390.0650329589844, 324.8440856933594, 207.56321716308594, 71.99986267089844, 177.3912353515625, -9.551380157470703, 37.72952651977539, -20.41615104675293, 36.511192321777344], [547.1466064453125, 118.20005798339844, 573.4686889648438, 705.6517944335938, 316.40557861328125, 151.39833068847656, 172.5813446044922, 25.2069149017334, 160.69911193847656, 3.8338394165039062, 43.65359115600586, 15.004049301147461, -40.798831939697266], [185.58697509765625, 520.587646484375, 390.0650329589844, 316.40557861328125, 619.1484985351562, 320.1689147949219, 300.4367980957031, 58.18638229370117, 140.50758361816406, 45.03569793701172, 105.60259246826172, -30.90806007385254, 19.885210037231445], [53.4525032043457, -116.1219711303711, 324.8440856933594, 151.39833068847656, 320.1689147949219, 589.134765625, 297.3249816894531, 89.53163146972656, 174.30624389648438, 127.32673645019531, 38.60511779785156, 30.03878402709961, -42.706295013427734], [-139.69683837890625, 300.0037841796875, 207.56321716308594, 172.5813446044922, 300.4367980957031, 297.3249816894531, 365.03875732421875, 88.7129135131836, 155.4055633544922, 64.03307342529297, 63.88573455810547, -14.009512901306152, -4.204935073852539], [132.81393432617188, -152.45474243164062, 71.99986267089844, 25.2069149017334, 58.18638229370117, 89.53163146972656, 88.7129135131836, 194.51829528808594, 78.57304382324219, 55.626285552978516, 3.451618194580078, 30.235713958740234, 20.14170265197754], [-364.0662536621094, 125.71499633789062, 177.3912353515625, 160.69911193847656, 140.50758361816406, 174.30624389648438, 155.4055633544922, 78.57304382324219, 248.85577392578125, 81.82135009765625, 43.839962005615234, 8.05197811126709, -20.242908477783203], [-42.01491928100586, -159.5796356201172, -9.551380157470703, 3.8338394165039062, 45.03569793701172, 127.32673645019531, 64.03307342529297, 55.626285552978516, 81.82135009765625, 160.95062255859375, 25.61229133605957, 33.123741149902344, -34.24423599243164], [-209.34376525878906, 243.05975341796875, 37.72952651977539, 43.65359115600586, 105.60259246826172, 38.60511779785156, 63.88573455810547, 3.451618194580078, 43.839962005615234, 25.61229133605957, 150.102294921875, 6.24776554107666, 56.15129852294922], [68.03558349609375, -225.67742919921875, -20.41615104675293, 15.004049301147461, -30.90806007385254, 30.03878402709961, -14.009512901306152, 30.235713958740234, 8.05197811126709, 33.123741149902344, 6.24776554107666, 106.36771392822266, 10.057315826416016], [42.776058197021484, 173.2096405029297, 36.511192321777344, -40.798831939697266, 19.885210037231445, -42.706295013427734, -4.204935073852539, 20.14170265197754, -20.242908477783203, -34.24423599243164, 56.15129852294922, 10.057315826416016, 146.96554565429688]], "lowlevel.gfcc.icov": [[0.00013793056132271886, 5.186565431358758e-06, 2.7413298084866256e-05, -0.000222122369450517, -5.1555336540332064e-05, -8.778560732025653e-05, 0.0001140995736932382, -0.00018016155809164047, 0.0003864669124595821, -0.0001311568048549816, 0.00022836553398519754, 4.9985679652309045e-05, -0.00017331188428215683], [5.186565431358758e-06, 0.001120572560466826, -0.00014137774996925145, 0.0005030073807574809, -0.0008864423725754023, 0.001067483564838767, -0.0010537696070969105, 0.001179327955469489, -0.0009312342735938728, 0.0007273508817888796, -0.0008099661790765822, 0.0011951124761253595, -0.0006401737337000668], [2.7413298084866256e-05, -0.00014137774996925145, 0.0010626428993418813, -0.0009102868498302996, 1.9666929802042432e-05, -0.0007372006075456738, 0.0005112841608934104, -0.0003674002946354449, 5.8955629356205463e-05, 0.00013553831377066672, 0.00042084819870069623, 0.0003913644468411803, -0.0006578293978236616], [-0.000222122369450517, 0.0005030073807574809, -0.0009102868498302996, 0.0034696548245847225, -0.0014437229838222265, 0.0014577108668163419, -0.0010744220344349742, 0.0012105618370696902, -0.0022189414594322443, 0.0014072131598368287, -0.0009588876855559647, -0.0011320856865495443, 0.001549550099298358], [-5.1555336540332064e-05, -0.0008864423725754023, 1.9666929802042432e-05, -0.0014437229838222265, 0.004496041219681501, -0.0019369663204997778, -0.0007600400713272393, -0.0009585769730620086, 0.0011785859242081642, -0.0005594679969362915, -0.0007674074149690568, 0.0005267673404887319, -0.00011836782505270094], [-8.778560732025653e-05, 0.001067483564838767, -0.0007372006075456738, 0.0014577108668163419, -0.0019369663204997778, 0.00517154298722744, -0.003319533308967948, 0.0016314947279170156, -0.0017265171045437455, -0.0006706523708999157, -0.00023920631792861968, -0.0006481718155555427, 0.0005432258476503193], [0.0001140995736932382, -0.0010537696070969105, 0.0005112841608934104, -0.0010744220344349742, -0.0007600400713272393, -0.003319533308967948, 0.008064983412623405, -0.0028284001164138317, -0.0002667967928573489, -0.00025476174778304994, 1.9061199054704048e-05, 0.0005846831481903791, 0.00039665194344706833], [-0.00018016155809164047, 0.001179327955469489, -0.0003674002946354449, 0.0012105618370696902, -0.0009585769730620086, 0.0016314947279170156, -0.0028284001164138317, 0.008797301910817623, -0.0030360431410372257, -0.0008716032025404274, 0.0008262905175797641, -0.0005480104009620845, -0.0024924306198954582], [0.0003864669124595821, -0.0009312342735938728, 5.8955629356205463e-05, -0.0022189414594322443, 0.0011785859242081642, -0.0017265171045437455, -0.0002667967928573489, -0.0030360431410372257, 0.009171031415462494, -0.0031210966408252716, 0.0001068256315193139, -2.5911647753673606e-05, 0.0005986102623865008], [-0.0001311568048549816, 0.0007273508817888796, 0.00013553831377066672, 0.0014072131598368287, -0.0005594679969362915, -0.0006706523708999157, -0.00025476174778304994, -0.0008716032025404274, -0.0031210966408252716, 0.01100614108145237, -0.0031192656606435776, -0.0015927478671073914, 0.0029663071036338806], [0.00022836553398519754, -0.0008099661790765822, 0.00042084819870069623, -0.0009588876855559647, -0.0007674074149690568, -0.00023920631792861968, 1.9061199054704048e-05, 0.0008262905175797641, 0.0001068256315193139, -0.0031192656606435776, 0.011275354772806168, -0.0013106584083288908, -0.004491383209824562], [4.9985679652309045e-05, 0.0011951124761253595, 0.0003913644468411803, -0.0011320856865495443, 0.0005267673404887319, -0.0006481718155555427, 0.0005846831481903791, -0.0005480104009620845, -2.5911647753673606e-05, -0.0015927478671073914, -0.0013106584083288908, 0.013548735529184341, -0.0028034825809299946], [-0.00017331188428215683, -0.0006401737337000668, -0.0006578293978236616, 0.001549550099298358, -0.00011836782505270094, 0.0005432258476503193, 0.00039665194344706833, -0.0024924306198954582, 0.0005986102623865008, 0.0029663071036338806, -0.004491383209824562, -0.0028034825809299946, 0.011411161161959171]], "lowlevel.mfcc.cov": [[9015.9365234375, -1000.7398681640625, -157.63775634765625, 384.8874206542969, 164.26007080078125, -13.438620567321777, 150.90309143066406, 8.590023040771484, 18.657503128051758, -199.27301025390625, -177.24708557128906, -105.0416030883789, -90.38372039794922], [-1000.7398681640625, 2155.1162109375, 28.29497528076172, 245.79652404785156, 197.05429077148438, 114.93516540527344, 254.4990692138672, 23.115093231201172, 26.96484375, 47.456600189208984, 36.53907012939453, -0.1292879283428192, -60.595924377441406], [-157.63775634765625, 28.29497528076172, 1202.68212890625, 346.7846374511719, 319.68731689453125, 270.1054382324219, 98.14704895019531, 164.79763793945312, 146.82315063476562, 91.80675506591797, 90.75299072265625, 41.624977111816406, 14.912097930908203], [384.8874206542969, 245.79652404785156, 346.7846374511719, 652.9307861328125, 237.01336669921875, 116.84039306640625, 72.0826187133789, 106.62904357910156, 51.62226486206055, 3.4567604064941406, 76.505859375, 27.59104347229004, -16.507226943969727], [164.26007080078125, 197.05429077148438, 319.68731689453125, 237.01336669921875, 392.0499267578125, 235.7081756591797, 166.3768768310547, 132.4668731689453, 97.79116821289062, 75.4393081665039, 74.69730377197266, 63.314170837402344, 50.9604377746582], [-13.438620567321777, 114.93516540527344, 270.1054382324219, 116.84039306640625, 235.7081756591797, 543.9840698242188, 209.92147827148438, 194.67105102539062, 146.80560302734375, 151.8284912109375, 166.10081481933594, 113.97207641601562, 130.48455810546875], [150.90309143066406, 254.4990692138672, 98.14704895019531, 72.0826187133789, 166.3768768310547, 209.92147827148438, 311.3463134765625, 122.33088684082031, 86.54492950439453, 83.35649108886719, 54.24430847167969, 44.69842529296875, 54.45549011230469], [8.590023040771484, 23.115093231201172, 164.79763793945312, 106.62904357910156, 132.4668731689453, 194.67105102539062, 122.33088684082031, 225.53741455078125, 136.3741455078125, 82.58364868164062, 80.91690826416016, 77.77131652832031, 65.81206512451172], [18.657503128051758, 26.96484375, 146.82315063476562, 51.62226486206055, 97.79116821289062, 146.80560302734375, 86.54492950439453, 136.3741455078125, 199.83236694335938, 113.57814025878906, 74.07457733154297, 61.632415771484375, 50.1632080078125], [-199.27301025390625, 47.456600189208984, 91.80675506591797, 3.4567604064941406, 75.4393081665039, 151.8284912109375, 83.35649108886719, 82.58364868164062, 113.57814025878906, 175.78912353515625, 107.17094421386719, 64.72901153564453, 61.2840461730957], [-177.24708557128906, 36.53907012939453, 90.75299072265625, 76.505859375, 74.69730377197266, 166.10081481933594, 54.24430847167969, 80.91690826416016, 74.07457733154297, 107.17094421386719, 163.2399444580078, 89.85202026367188, 64.3801040649414], [-105.0416030883789, -0.1292879283428192, 41.624977111816406, 27.59104347229004, 63.314170837402344, 113.97207641601562, 44.69842529296875, 77.77131652832031, 61.632415771484375, 64.72901153564453, 89.85202026367188, 122.9674072265625, 63.44934844970703], [-90.38372039794922, -60.595924377441406, 14.912097930908203, -16.507226943969727, 50.9604377746582, 130.48455810546875, 54.45549011230469, 65.81206512451172, 50.1632080078125, 61.2840461730957, 64.3801040649414, 63.44934844970703, 112.04623413085938]], "lowlevel.mfcc.icov": [[0.00014242532779462636, 0.00010911920253420249, 7.911365537438542e-05, -0.0001307552884100005, -6.906307680765167e-05, -5.814381438540295e-05, -0.000172043961356394, 0.0001096810374292545, -0.00016704044537618756, 0.0001671073550824076, 0.0001312420645263046, 2.6690631784731522e-05, 0.0001552849862491712], [0.00010911920253420249, 0.000661471567582339, 0.00016115893959067762, -0.0002650869428180158, -0.00020100479014217854, -9.329691238235682e-05, -0.0006430858629755676, 0.00034150690771639347, -0.00011913335765711963, -7.4898030106851365e-06, 1.149566742242314e-05, -3.4168017009506e-05, 0.0007674542139284313], [7.911365537438542e-05, 0.00016115893959067762, 0.0012861042050644755, -0.00042300907080061734, -0.0007345697958953679, -0.00041671149665489793, 0.0002132969966623932, -0.00012746895663440228, -0.0004566804855130613, -0.00013175333151593804, 0.00010339113941881806, 0.00033930179779417813, 0.0007330481894314289], [-0.0001307552884100005, -0.0002650869428180158, -0.00042300907080061734, 0.0026329176034778357, -0.0011666988721117377, 0.0003278621006757021, 0.0003245183324906975, -0.000941786915063858, 0.0001944257237482816, 0.001225571963004768, -0.0020401179790496826, 0.0005190744996070862, 0.0008605332695879042], [-6.906307680765167e-05, -0.00020100479014217854, -0.0007345697958953679, -0.0011666988721117377, 0.005251174792647362, -0.0009049645741470158, -0.0012205083621665835, -0.0001786572829587385, -3.8055539334891364e-05, -0.00045228260569274426, 0.0010893478756770492, -0.0010709166526794434, -0.0006299274391494691], [-5.814381438540295e-05, -9.329691238235682e-05, -0.00041671149665489793, 0.0003278621006757021, -0.0009049645741470158, 0.004457568284124136, -0.0011241646716371179, -0.0011741924099624157, 0.00012973901175428182, -0.0001704998139757663, -0.002424865495413542, 0.000548211915884167, -0.002419052878394723], [-0.000172043961356394, -0.0006430858629755676, 0.0002132969966623932, 0.0003245183324906975, -0.0012205083621665835, -0.0011241646716371179, 0.0059577529318630695, -0.0018669709097594023, 0.0004359141457825899, -0.0014961439883336425, 0.0011173380771651864, 0.0005121825379319489, -0.0007106942357495427], [0.0001096810374292545, 0.00034150690771639347, -0.00012746895663440228, -0.000941786915063858, -0.0001786572829587385, -0.0011741924099624157, -0.0018669709097594023, 0.010712219402194023, -0.0052374848164618015, 0.0015547656221315265, 0.00022829772206023335, -0.0023711971007287502, -0.0010785401100292802], [-0.00016704044537618756, -0.00011913335765711963, -0.0004566804855130613, 0.0001944257237482816, -3.8055539334891364e-05, 0.00012973901175428182, 0.0004359141457825899, -0.0052374848164618015, 0.011680088937282562, -0.005874609109014273, 0.0011997444089502096, -0.0008100671111606061, 0.00037424362380988896], [0.0001671073550824076, -7.4898030106851365e-06, -0.00013175333151593804, 0.001225571963004768, -0.00045228260569274426, -0.0001704998139757663, -0.0014961439883336425, 0.0015547656221315265, -0.005874609109014273, 0.014408857561647892, -0.007096275221556425, 0.0010341214947402477, -0.0012120602186769247], [0.0001312420645263046, 1.149566742242314e-05, 0.00010339113941881806, -0.0020401179790496826, 0.0010893478756770492, -0.002424865495413542, 0.0011173380771651864, 0.00022829772206023335, 0.0011997444089502096, -0.007096275221556425, 0.017103198915719986, -0.007197979837656021, -0.000957898679189384], [2.6690631784731522e-05, -3.4168017009506e-05, 0.00033930179779417813, 0.0005190744996070862, -0.0010709166526794434, 0.000548211915884167, 0.0005121825379319489, -0.0023711971007287502, -0.0008100671111606061, 0.0010341214947402477, -0.007197979837656021, 0.01673123612999916, -0.0045147854834795], [0.0001552849862491712, 0.0007674542139284313, 0.0007330481894314289, 0.0008605332695879042, -0.0006299274391494691, -0.002419052878394723, -0.0007106942357495427, -0.001078540110029