{"song_id": "1183668698226102292", "download": "https://cdn.discordapp.com/attachments/1135903449314238464/1183668698226102292/chirp.mp4?ex=65892c61&amp", "lyrics": "[Verse]\nMi cuerpo es una m\u00e1quina, trabajando a mil\nLa glucolisis se pone en marcha, no tiene fin\nTransformo la glucosa, con energ\u00eda me alimento\nEl ritmo de la vida, en mi sangre lo siento\n\n[Chorus]\nGlucolisis, mi fuente de energ\u00eda sin igual\nBailando al ritmo del metabolismo sin parar\nGlucolisis, la chispa que enciende mi motor\nMi cuerpo al comp\u00e1s de este reggaeton, \u00a1vamos", "style": ["regaeton"], "essentia_features": {"lowlevel.average_loudness": 0.9454659819602966, "lowlevel.barkbands_crest.mean": 14.020133018493652, "lowlevel.barkbands_crest.stdev": 6.577480792999268, "lowlevel.barkbands_flatness_db.mean": 0.23153874278068542, "lowlevel.barkbands_flatness_db.stdev": 0.10131575167179108, "lowlevel.barkbands_kurtosis.mean": 38.55551528930664, "lowlevel.barkbands_kurtosis.stdev": 123.47235870361328, "lowlevel.barkbands_skewness.mean": 2.709530830383301, "lowlevel.barkbands_skewness.stdev": 4.8806233406066895, "lowlevel.barkbands_spread.mean": 15.90172004699707, "lowlevel.barkbands_spread.stdev": 16.05184555053711, "lowlevel.dissonance.mean": 0.43592390418052673, "lowlevel.dissonance.stdev": 0.04145483300089836, "lowlevel.dynamic_complexity": 5.060577869415283, "lowlevel.erbbands_crest.mean": 13.409401893615723, "lowlevel.erbbands_crest.stdev": 5.722434043884277, "lowlevel.erbbands_flatness_db.mean": 0.2316318303346634, "lowlevel.erbbands_flatness_db.stdev": 0.08666016906499863, "lowlevel.erbbands_kurtosis.mean": 1.492979884147644, "lowlevel.erbbands_kurtosis.stdev": 3.5852415561676025, "lowlevel.erbbands_skewness.mean": 0.017982419580221176, "lowlevel.erbbands_skewness.stdev": 0.949199914932251, "lowlevel.erbbands_spread.mean": 31.625873565673828, "lowlevel.erbbands_spread.stdev": 25.9334659576416, "lowlevel.hfc.mean": 16.304611206054688, "lowlevel.hfc.stdev": 24.13788414001465, "lowlevel.loudness_ebu128.integrated": -18.89790916442871, "lowlevel.loudness_ebu128.loudness_range": 3.79156494140625, "lowlevel.loudness_ebu128.momentary.mean": -19.531808853149414, "lowlevel.loudness_ebu128.momentary.stdev": 2.49870228767395, "lowlevel.loudness_ebu128.short_term.mean": -19.136341094970703, "lowlevel.loudness_ebu128.short_term.stdev": 1.4576538801193237, "lowlevel.melbands_crest.mean": 18.27677345275879, "lowlevel.melbands_crest.stdev": 8.89867115020752, "lowlevel.melbands_flatness_db.mean": 0.28323015570640564, "lowlevel.melbands_flatness_db.stdev": 0.12517733871936798, "lowlevel.melbands_kurtosis.mean": 61.55742645263672, "lowlevel.melbands_kurtosis.stdev": 135.06338500976562, "lowlevel.melbands_skewness.mean": 3.697114944458008, "lowlevel.melbands_skewness.stdev": 5.072481155395508, "lowlevel.melbands_spread.mean": 21.275920867919922, "lowlevel.melbands_spread.stdev": 22.32744789123535, "lowlevel.pitch_salience.mean": 0.41656494140625, "lowlevel.pitch_salience.stdev": 0.19885966181755066, "lowlevel.silence_rate_20dB.mean": 1.0, "lowlevel.silence_rate_20dB.stdev": 0.0, "lowlevel.silence_rate_30dB.mean": 0.917728841304779, "lowlevel.silence_rate_30dB.stdev": 0.2747761905193329, "lowlevel.silence_rate_60dB.mean": 0.2624565362930298, "lowlevel.silence_rate_60dB.stdev": 0.43996700644493103, "lowlevel.spectral_centroid.mean": 1176.286376953125, "lowlevel.spectral_centroid.stdev": 706.7476196289062, "lowlevel.spectral_complexity.mean": 9.384124755859375, "lowlevel.spectral_complexity.stdev": 9.62358570098877, "lowlevel.spectral_decrease.mean": -7.215261277337959e-09, "lowlevel.spectral_decrease.stdev": 1.238226321476077e-08, "lowlevel.spectral_energy.mean": 0.028710925951600075, "lowlevel.spectral_energy.stdev": 0.047653138637542725, "lowlevel.spectral_energyband_high.mean": 0.0008165965555235744, "lowlevel.spectral_energyband_high.stdev": 0.002034717006608844, "lowlevel.spectral_energyband_low.mean": 0.016942007467150688, "lowlevel.spectral_energyband_low.stdev": 0.042958151549100876, "lowlevel.spectral_energyband_middle_high.mean": 0.004087031353265047, "lowlevel.spectral_energyband_middle_high.stdev": 0.0064412737265229225, "lowlevel.spectral_energyband_middle_low.mean": 0.007784610614180565, "lowlevel.spectral_energyband_middle_low.stdev": 0.01489871647208929, "lowlevel.spectral_entropy.mean": 7.057653427124023, "lowlevel.spectral_entropy.stdev": 0.6802815198898315, "lowlevel.spectral_flux.mean": 0.08862590044736862, "lowlevel.spectral_flux.stdev": 0.10530329495668411, "lowlevel.spectral_kurtosis.mean": 11.031161308288574, "lowlevel.spectral_kurtosis.stdev": 10.436010360717773, "lowlevel.spectral_rms.mean": 0.00409437483176589, "lowlevel.spectral_rms.stdev": 0.0033536215778440237, "lowlevel.spectral_rolloff.mean": 1639.0098876953125, "lowlevel.spectral_rolloff.stdev": 2203.370361328125, "lowlevel.spectral_skewness.mean": 2.2379815578460693, "lowlevel.spectral_skewness.stdev": 0.9707335233688354, "lowlevel.spectral_spread.mean": 4194112.25, "lowlevel.spectral_spread.stdev": 2487059.5, "lowlevel.spectral_strongpeak.mean": 1.1943132877349854, "lowlevel.spectral_strongpeak.stdev": 1.325217366218567, "lowlevel.zerocrossingrate.mean": 0.056160829961299896, "lowlevel.zerocrossingrate.stdev": 0.05244496464729309, "metadata.audio_properties.analysis.equal_loudness": 0.0, "metadata.audio_properties.analysis.length": 40.04265213012695, "metadata.audio_properties.analysis.sample_rate": 44100.0, "metadata.audio_properties.analysis.start_time": 0.0, "metadata.audio_properties.bit_rate": 121643.0, "metadata.audio_properties.length": 40.042667388916016, "metadata.audio_properties.lossless": 0.0, "metadata.audio_properties.number_channels": 1.0, "metadata.audio_properties.replay_gain": -8.827421188354492, "metadata.audio_properties.sample_rate": 48000.0, "rhythm.beats_count": 59.0, "rhythm.beats_loudness.mean": 0.1850666105747223, "rhythm.beats_loudness.stdev": 0.04603547975420952, "rhythm.bpm": 89.97212219238281, "rhythm.bpm_histogram_first_peak_bpm": 89.0, "rhythm.bpm_histogram_first_peak_weight": 0.4310344457626343, "rhythm.bpm_histogram_second_peak_bpm": 0.0, "rhythm.bpm_histogram_second_peak_spread": 0.0, "rhythm.bpm_histogram_second_peak_weight": 0.0, "rhythm.danceability": 1.6838626861572266, "rhythm.onset_rate": 5.29279899597168, "tonal.chords_changes_rate": 0.02777777798473835, "tonal.chords_number_rate": 0.005787036847323179, "tonal.chords_strength.mean": 0.5430734157562256, "tonal.chords_strength.stdev": 0.07076702266931534, "tonal.hpcp_crest.mean": 15.716643333435059, "tonal.hpcp_crest.stdev": 6.488277912139893, "tonal.hpcp_entropy.mean": 1.5986191034317017, "tonal.hpcp_entropy.stdev": 0.6062984466552734, "tonal.key_edma.strength": 0.5860757231712341, "tonal.key_krumhansl.strength": 0.5901790857315063, "tonal.key_temperley.strength": 0.5935400724411011, "tonal.tuning_diatonic_strength": 0.5428601503372192, "tonal.tuning_equal_tempered_deviation": 0.028263600543141365, "tonal.tuning_frequency": 440.2542419433594, "tonal.tuning_nontempered_energy_ratio": 0.6289879679679871, "lowlevel.barkbands.mean": [0.00026039560907520354, 0.011544298380613327, 0.004292106721550226, 0.001570125576108694, 0.002404006663709879, 0.0014958590036258101, 0.0006411434733308852, 0.0008744760416448116, 0.0006407013279385865, 0.0004870615666732192, 0.0006391161005012691, 0.0011106734164059162, 0.00032674180692993104, 0.0005302053759805858, 0.00035939327790401876, 0.00019041677296627313, 0.00016507589316461235, 0.0001375365100102499, 0.00017745199147611856, 0.00011699187598424032, 0.00016713676450308412, 0.00011608495697146282, 0.00012483680620789528, 0.00012759810488205403, 0.00013371107343118638, 7.492135773645714e-05, 2.8859051326435292e-06], "lowlevel.barkbands.stdev": [0.000600657716859132, 0.03143442049622536, 0.01865239441394806, 0.006144760176539421, 0.0051950085908174515, 0.004058494232594967, 0.0016121412627398968, 0.002591115655377507, 0.0022602020762860775, 0.0017708252416923642, 0.0026698040310293436, 0.0024837632663547993, 0.0009691519662737846, 0.0011450991732999682, 0.0010996992932632565, 0.0005343673983588815, 0.00042838166700676084, 0.00035876932088285685, 0.00045582419261336327, 0.00036513645318336785, 0.0004711656947620213, 0.0003394742379896343, 0.0003556002047844231, 0.00040493608685210347, 0.0004765065386891365, 0.00029127253219485283, 1.4259198906074744e-05], "lowlevel.erbbands.mean": [0.3403274118900299, 2.531468629837036, 5.198930263519287, 5.194736480712891, 5.633112907409668, 8.216187477111816, 12.20537281036377, 12.79893684387207, 10.139391899108887, 11.732797622680664, 19.100431442260742, 17.818771362304688, 12.559539794921875, 15.134600639343262, 34.04624938964844, 57.749122619628906, 19.45549964904785, 29.52734375, 22.575929641723633, 13.354684829711914, 9.22476863861084, 7.337594032287598, 7.664619445800781, 10.342565536499023, 6.731053829193115, 5.49804162979126, 6.776838302612305, 6.001889228820801, 4.248893737792969, 4.4826273918151855, 3.140122652053833, 2.255894422531128, 2.3682713508605957, 1.8932150602340698, 0.7134501934051514, 0.3129022419452667, 0.14025045931339264, 0.023306025192141533, 0.00047203170834109187, 4.9260968808084726e-05], "lowlevel.erbbands.stdev": [0.8069506883621216, 7.748207092285156, 20.548120498657227, 21.638368606567383, 17.616180419921875, 19.073118209838867, 28.35783576965332, 39.96781921386719, 26.308237075805664, 35.11273193359375, 52.94355773925781, 60.67336654663086, 46.561893463134766, 55.06626510620117, 129.57284545898438, 127.11315155029297, 49.88066482543945, 58.77553939819336, 65.27376556396484, 33.405948638916016, 19.988861083984375, 16.939645767211914, 19.02863311767578, 25.581375122070312, 18.919775009155273, 16.896284103393555, 20.10548210144043, 17.50191307067871, 12.684786796569824, 13.220185279846191, 8.758126258850098, 6.343249797821045, 8.63509464263916, 6.984364986419678, 2.6420321464538574, 1.191652536392212, 0.5439737439155579, 0.1000458374619484, 0.001913681160658598, 8.45125614432618e-05], "lowlevel.gfcc.mean": [-111.72848510742188, 94.8899154663086, -137.58119201660156, 1.29794180393219, -46.8253059387207, 22.635114669799805, -37.12956237792969, 7.433059215545654, -12.887920379638672, 11.82304859161377, -0.9870074987411499, -2.0972020626068115, -9.329148292541504], "lowlevel.melbands.mean": [0.0031275509390980005, 0.0028767185285687447, 0.0009257185738533735, 0.0004722967860288918, 0.0004394796851556748, 0.0002769578422885388, 0.00014948632451705635, 0.0001371710968669504, 0.00014621720765717328, 0.00010783091420307755, 5.994839011691511e-05, 5.853216862305999e-05, 8.952937059802935e-05, 0.0001444344816263765, 8.233145490521565e-05, 2.902024243667256e-05, 6.132310227258131e-05, 3.603800359996967e-05, 1.9079456251347438e-05, 1.847128260124009e-05, 9.800553925742861e-06, 8.128350600600243e-06, 6.764021691196831e-06, 7.206217560451478e-06, 8.774923117016442e-06, 5.268290351523319e-06, 3.876457867590943e-06, 3.585879539969028e-06, 4.168771738477517e-06, 4.243301191309001e-06, 3.1286710964195663e-06, 2.4440489596599946e-06, 2.065642547677271e-06, 2.720121528909658e-06, 1.918209591167397e-06, 1.3767856898994069e-06, 1.3781686902802903e-06, 1.5725105413366691e-06, 1.8695502603804925e-06, 1.5221708054014016e-06], "lowlevel.melbands.stdev": [0.00794918555766344, 0.009504692628979683, 0.003476398531347513, 0.001131612341850996, 0.0009559141471982002, 0.000832086952868849, 0.0003874317626468837, 0.0004373109550215304, 0.0003987157833762467, 0.00040826413896866143, 0.000229560726438649, 0.00023975090880412608, 0.00036666655796580017, 0.0003148519026581198, 0.0001620075636310503, 7.396439468720928e-05, 0.00013178355584386736, 0.00010019508772529662, 4.9531678087078035e-05, 5.481385232997127e-05, 2.496335764590185e-05, 2.0205559849273413e-05, 1.715147118375171e-05, 1.9095603420282714e-05, 2.2339845600072294e-05, 1.5255004655045923e-05, 1.2236109796504024e-05, 1.1534641998878215e-05, 1.3727094483328983e-05, 1.2079946827725507e-05, 9.628971383790486e-06, 7.489396011806093e-06, 6.156293693493353e-06, 8.384066859434824e-06, 5.6206490626209415e-06, 3.8310968193400186e-06, 4.015179911220912e-06, 5.4209040172281675e-06, 7.63414482207736e-06, 5.573933322011726e-06], "lowlevel.melbands128.mean": [0.00025128823472186923, 0.0025240988470613956, 0.004482016898691654, 0.004060780163854361, 0.003012118162587285, 0.0019141552038490772, 0.0010461451020091772, 0.0007450327975675464, 0.0005442656693048775, 0.00040637762867845595, 0.000445124926045537, 0.0005462448461912572, 0.00044270732905715704, 0.00029792162240482867, 0.00034399653668515384, 0.00022664983407594264, 0.0001480113569414243, 0.00016483949730172753, 0.00010348815703764558, 0.0001297150447499007, 0.00014494809147436172, 0.00017263281915802509, 0.00017546092567499727, 7.128267316147685e-05, 0.00012703634274657816, 0.00012543612683657557, 5.421390960691497e-05, 6.646444671787322e-05, 2.9121430998202413e-05, 0.00010178986849496141, 4.3220206862315536e-05, 2.7210528060095385e-05, 7.977527275215834e-05, 0.00018742507381830364, 2.8915897928527556e-05, 0.0001958590146386996, 0.0002375641488470137, 1.3326143744052388e-05, 5.5636348406551406e-05, 3.734085112228058e-05, 2.201418647018727e-05, 1.5630925190635026e-05, 5.9790454542962834e-05, 0.00011182889284100384, 6.183232926559867e-06, 3.632202424341813e-05, 4.8237008741125464e-05, 1.0049263437394984e-05, 1.0224253855994903e-05, 2.1883926820009947e-05, 2.3837870685383677e-05, 1.091962076316122e-05, 5.378946752898628e-06, 1.1430106496845838e-05, 1.4867233403492719e-05, 4.728880412585568e-06, 5.293321464705514e-06, 9.02231113286689e-06, 5.6197359299403615e-06, 6.301194844127167e-06, 7.919390554889105e-06, 6.116655185905984e-06, 1.0921750799752772e-05, 9.697679161035921e-06, 5.321568551153177e-06, 5.240528025751701e-06, 5.254918960417854e-06, 4.070141130796401e-06, 3.865436610794859e-06, 2.91541277874785e-06, 3.696304702316411e-06, 3.6489980175247183e-06, 4.155667284067022e-06, 4.317199909564806e-06, 4.074623120686738e-06, 4.366212579043349e-06, 4.405919753480703e-06, 3.740669171747868e-06, 3.0169505862431834e-06, 2.413261654510279e-06, 2.445515292492928e-06, 2.685498657228891e-06, 1.90664707133692e-06, 1.8229256966151297e-06, 2.2993676793703344e-06, 2.7025694180338178e-06, 3.066195404244354e-06, 2.449746943966602e-06, 1.8333906837142422e-06, 1.551984496472869e-06, 1.3802092553305556e-06, 1.410345589647477e-06, 1.2056818832206773e-06, 1.3688360240848851e-06, 1.4206721061782446e-06, 1.6231934978350182e-06, 1.4514392887576832e-06, 1.679883894212253e-06, 2.0702698293462163e-06, 1.8910777725977823e-06, 1.6803945754872984e-06, 1.5399112953673466e-06, 1.2143252661189763e-06, 9.795434152692906e-07, 6.635513614128286e-07, 6.263291538743943e-07, 6.248173463063722e-07, 6.180266609590035e-07, 4.883119686382997e-07, 5.092788910587842e-07, 4.609964037172176e-07, 4.3785468051282805e-07, 4.993000288777694e-07, 4.4691375933325617e-07, 3.623160580445983e-07, 3.0132028427942714e-07, 1.1849613912318091e-07, 2.750279559649016e-09, 2.4016413857630425e-10, 1.9407904450208235e-10, 1.1234957408845503e-10, 3.336482826132858e-11, 4.497999195329783e-12, 4.373318113898295e-12, 4.2466234521920665e-12, 4.082989588788388e-12, 3.9873087470665425e-12, 3.955700784291638e-12], "lowlevel.melbands128.stdev": [0.0005916866357438266, 0.005924409255385399, 0.012585961259901524, 0.014003216288983822, 0.011958478018641472, 0.008463100530207157, 0.0048192646354436874, 0.002721856813877821, 0.0018583160126581788, 0.0012138946913182735, 0.0011770314304158092, 0.0014412881573662162, 0.0012361520202830434, 0.0009719363879412413, 0.001280499855056405, 0.0007402081973850727, 0.0004622475535143167, 0.0004848743847105652, 0.00027059015701524913, 0.0004348252259660512, 0.0007267926121130586, 0.0005447485600598156, 0.0005832113092765212, 0.00022694621293339878, 0.00045498990220949054, 0.0007156326901167631, 0.00026183307636529207, 0.00039110376383177936, 0.00010843283962458372, 0.0004735755210276693, 0.00020288345695007592, 0.00017770985141396523, 0.0003597773611545563, 0.0009159063920378685, 0.0001067012271960266, 0.0004853810532949865, 0.000557483232114464, 4.677976539824158e-05, 0.00023620710999239236, 0.00012728635920211673, 6.751911860192195e-05, 7.747190102236345e-05, 0.00013246361049823463, 0.0002619314182084054, 4.0630304283695295e-05, 0.00016340904403477907, 0.00018094602273777127, 5.6404776842100546e-05, 3.539183671819046e-05, 7.538399222539738e-05, 9.82444325927645e-05, 2.5765739337657578e-05, 1.642643655941356e-05, 4.4609394535655156e-05, 4.576978608383797e-05, 1.4227430256141815e-05, 1.5449848433490843e-05, 2.5487972379778512e-05, 1.7807131371228024e-05, 1.971825804503169e-05, 2.5187029677908868e-05, 1.9821873138425872e-05, 3.0553910619346425e-05, 2.7352507458999753e-05, 1.738591345201712e-05, 1.668398908805102e-05, 1.6513738955836743e-05, 1.4136699064692948e-05, 1.3756141925114207e-05, 9.74405247688992e-06, 1.3257077625894453e-05, 1.2268784303159919e-05, 1.6869815226527862e-05, 1.606552177690901e-05, 1.2732162758766208e-05, 1.3008487258048262e-05, 1.4793561604165006e-05, 1.25144460980664e-05, 1.0431273040012456e-05, 7.631440894328989e-06, 7.946250661916565e-06, 9.096232133742888e-06, 6.360786755976733e-06, 5.828576377098216e-06, 7.360978088399861e-06, 8.457564035779797e-06, 1.1682217518682592e-05, 7.645141522516496e-06, 6.063422006263863e-06, 4.525577423919458e-06, 4.1110324673354626e-06, 4.329231160227209e-06, 3.972299509769073e-06, 4.306795290176524e-06, 4.450372216524556e-06, 5.481733751366846e-06, 5.209232313063694e-06, 8.812650776235387e-06, 8.903141861082986e-06, 7.3873193286999594e-06, 6.733937425451586e-06, 5.681716174876783e-06, 4.787371835845988e-06, 3.946517608710565e-06, 2.6986442662746413e-06, 2.830544644893962e-06, 2.581829676273628e-06, 2.5863375867629657e-06, 1.9509345747792395e-06, 2.151137550754356e-06, 1.912565267048194e-06, 1.7692391338641755e-06, 1.983579068109975e-06, 1.873087512649363e-06, 1.6612561921647284e-06, 1.391298724229273e-06, 5.553968662752595e-07, 1.546048977729697e-08, 6.438247712736711e-09, 6.421775111675743e-09, 3.508842993937833e-09, 9.031499992318004e-10, 9.176192791726656e-12, 8.961818266650656e-12, 8.830936849835158e-12, 8.724525442371789e-12, 8.646805493839338e-12, 8.599762395256061e-12], "lowlevel.mfcc.mean": [-755.4876708984375, 134.91586303710938, -23.42388153076172, -8.186573028564453, 9.665417671203613, 7.032797813415527, -0.17075106501579285, -4.362273693084717, -1.5761696100234985, 3.8016562461853027, 8.778983116149902, 11.45827579498291, 6.961314678192139], "lowlevel.spectral_contrast_coeffs.mean": [-0.6840004920959473, -0.7312876582145691, -0.7108078598976135, -0.7485254406929016, -0.795905351638794, -0.7849639654159546], "lowlevel.spectral_contrast_coeffs.stdev": [0.13243155181407928, 0.07735415548086166, 0.08766970783472061, 0.06483975797891617, 0.04825751855969429, 0.04850739985704422], "lowlevel.spectral_contrast_valleys.mean": [-8.457817077636719, -7.7751145362854, -8.532003402709961, -8.613235473632812, -8.968368530273438, -11.635313034057617], "lowlevel.spectral_contrast_valleys.stdev": [1.3579676151275635, 1.1376994848251343, 1.0717030763626099, 1.036827564239502, 1.4737944602966309, 1.8343127965927124], "rhythm.beats_loudness_band_ratio.mean": [0.9677368998527527, 0.013897964730858803, 0.005409892648458481, 0.007656330708414316, 0.0035369228571653366, 0.0027266498655080795], "rhythm.beats_loudness_band_ratio.stdev": [0.043115586042404175, 0.02499225176870823, 0.01273847185075283, 0.019594557583332062, 0.007962269708514214, 0.0015125659992918372], "tonal.hpcp.mean": [0.1849445253610611, 0.12039928883314133, 0.039786987006664276, 0.04304838553071022, 0.041510000824928284, 0.06063203513622284, 0.08733462542295456, 0.06878691166639328, 0.10250040143728256, 0.15736448764801025, 0.09534147381782532, 0.030924372375011444, 0.025215471163392067, 0.016641374677419662, 0.16161352396011353, 0.3771364390850067, 0.23190556466579437, 0.01578746922314167, 0.013010124675929546, 0.012539939023554325, 0.06158195436000824, 0.12328887730836868, 0.08067373186349869, 0.06593364477157593, 0.10318074375391006, 0.06996336579322815, 0.0433763712644577, 0.03893652930855751, 0.029248440638184547, 0.09657519310712814, 0.2223464995622635, 0.18548977375030518, 0.1694902777671814, 0.197501540184021, 0.10649661719799042, 0.11860815435647964], "tonal.hpcp.stdev": [0.293643057346344, 0.2091987580060959, 0.15021541714668274, 0.16302219033241272, 0.15974226593971252, 0.15870732069015503, 0.1842677891254425, 0.1630861759185791, 0.21630339324474335, 0.28802576661109924, 0.1919049769639969, 0.12681300938129425, 0.11194445192813873, 0.07916492968797684, 0.2099449783563614, 0.4292971193790436, 0.2772047221660614, 0.058171484619379044, 0.0642148032784462, 0.06645386666059494, 0.1419840008020401, 0.27810895442962646, 0.1794212907552719, 0.17082098126411438, 0.23163951933383942, 0.16806086897850037, 0.15163563191890717, 0.13400761783123016, 0.10246055573225021, 0.16178180277347565, 0.3168952167034149, 0.24829326570034027, 0.31014522910118103, 0.34207862615585327, 0.23837682604789734, 0.20794272422790527], "rhythm.beats_position": [0.6733786463737488, 1.3467572927474976, 2.0201361179351807, 2.693514585494995, 3.355283498764038, 4.017052173614502, 4.690430641174316, 5.363809585571289, 6.025578022003174, 6.687346935272217, 7.360725402832031, 8.034104347229004, 8.684263229370117, 9.357641220092773, 10.031020164489746, 10.692789077758789, 11.354557991027832, 12.027935981750488, 12.689704895019531, 13.351473808288574, 14.024852752685547, 14.698230743408203, 15.359999656677246, 16.02176856994629, 16.695146560668945, 17.368526458740234, 18.01868438720703, 18.692062377929688, 19.365442276000977, 20.027210235595703, 20.688980102539062, 21.36235809326172, 22.035736083984375, 22.685895919799805, 23.35927391052246, 24.032651901245117, 24.682811737060547, 25.356189727783203, 26.029569625854492, 26.69133758544922, 27.353105545043945, 28.026485443115234, 28.68825340270996, 29.350021362304688, 30.023401260375977, 30.696779251098633, 31.37015724182129, 32.02031707763672, 32.693695068359375, 33.36707305908203, 34.017234802246094, 34.69061279296875, 35.363990783691406, 36.03736877441406, 36.68752670288086, 37.360904693603516, 38.022674560546875, 38.684444427490234, 39.35782241821289], "rhythm.bpm_histogram": [0.0, 0.0, 0.0, 0.0, 0.0, 0.0, 0.0, 0.0, 0.0, 0.0, 0.0, 0.0, 0.0, 0.0, 0.0, 0.0, 0.0, 0.0, 0.0, 0.0, 0.0, 0.0, 0.0, 0.0, 0.0, 0.0, 0.0, 0.0, 0.0, 0.0, 0.0, 0.0, 0.0, 0.0, 0.0, 0.0, 0.0, 0.0, 0.0, 0.0, 0.0, 0.0, 0.0, 0.0, 0.0, 0.0, 0.0, 0.0, 0.0, 0.0, 0.0, 0.0, 0.0, 0.0, 0.0, 0.0, 0.0, 0.0, 0.0, 0.0, 0.0, 0.0, 0.0, 0.0, 0.0, 0.0, 0.0, 0.0, 0.0, 0.0, 0.0, 0.0, 0.0, 0.0, 0.0, 0.0, 0.0, 0.0, 0.0, 0.0, 0.0, 0.0, 0.0, 0.0, 0.0, 0.0, 0.0, 0.0, 0.0, 0.568965494632721, 0.0, 0.3103448152542114, 0.12068965286016464, 0.0, 0.0, 0.0, 0.0, 0.0, 0.0, 0.0, 0.0, 0.0, 0.0, 0.0, 0.0, 0.0, 0.0, 0.0, 0.0, 0.0, 0.0, 0.0, 0.0, 0.0, 0.0, 0.0, 0.0, 0.0, 0.0, 0.0, 0.0, 0.0, 0.0, 0.0, 0.0, 0.0, 0.0, 0.0, 0.0, 0.0, 0.0, 0.0, 0.0, 0.0, 0.0, 0.0, 0.0, 0.0, 0.0, 0.0, 0.0, 0.0, 0.0, 0.0, 0.0, 0.0, 0.0, 0.0, 0.0, 0.0, 0.0, 0.0, 0.0, 0.0, 0.0, 0.0, 0.0, 0.0, 0.0, 0.0, 0.0, 0.0, 0.0, 0.0, 0.0, 0.0, 0.0, 0.0, 0.0, 0.0, 0.0, 0.0, 0.0, 0.0, 0.0, 0.0, 0.0, 0.0, 0.0, 0.0, 0.0, 0.0, 0.0, 0.0, 0.0, 0.0, 0.0, 0.0, 0.0, 0.0, 0.0, 0.0, 0.0, 0.0, 0.0, 0.0, 0.0, 0.0, 0.0, 0.0, 0.0, 0.0, 0.0, 0.0, 0.0, 0.0, 0.0, 0.0, 0.0, 0.0, 0.0, 0.0, 0.0, 0.0, 0.0, 0.0, 0.0, 0.0, 0.0, 0.0, 0.0, 0.0, 0.0, 0.0, 0.0, 0.0, 0.0, 0.0, 0.0, 0.0, 0.0, 0.0, 0.0, 0.0, 0.0, 0.0, 0.0, 0.0, 0.0, 0.0, 0.0, 0.0, 0.0, 0.0, 0.0, 0.0, 0.0, 0.0, 0.0, 0.0], "tonal.chords_histogram": [41.31944274902344, 0.0, 0.0, 0.0, 0.0, 0.0, 0.0, 0.0, 0.0, 0.0, 0.0, 0.0, 0.0, 0.3472222089767456, 0.0, 0.0, 0.0, 2.5462963581085205, 0.0, 27.08333396911621, 0.0, 20.254629135131836, 8.449073791503906, 0.0], "tonal.thpcp": [1.0, 0.6149115562438965, 0.04186142608523369, 0.034497130662202835, 0.03325040265917778, 0.16328826546669006, 0.3269079029560089, 0.2139112651348114, 0.17482703924179077, 0.27358996868133545, 0.18551208078861237, 0.11501505970954895, 0.10324255377054214, 0.07755400240421295, 0.2560749351978302, 0.5895651578903198, 0.4918373227119446, 0.4494136869907379, 0.5236872434616089, 0.28238219022750854, 0.3144966661930084, 0.4903915524482727, 0.31924596428871155, 0.10549759119749069, 0.11414539068937302, 0.11006627231836319, 0.1607694923877716, 0.23157303035259247, 0.1823926419019699, 0.27178600430488586, 0.41726142168045044, 0.25280365347862244, 0.0819978341460228, 0.06686034053564072, 0.04412560909986496, 0.4285280108451843], "lowlevel.gfcc.cov": [[15666.84765625, -3757.5478515625, 2371.219482421875, 1756.6304931640625, -1869.0130615234375, -762.7437744140625, -1148.2572021484375, -391.9190979003906, -2181.45263671875, -426.197021484375, -1565.2188720703125, 226.76663208007812, -355.9688415527344], [-3757.5478515625, 2672.82080078125, -980.8796997070312, -431.9051513671875, 817.8416137695312, -29.477458953857422, 481.1343078613281, -3.714118480682373, 642.1842651367188, -81.09298706054688, 581.1971435546875, -233.50335693359375, 311.7655029296875], [2371.219482421875, -980.8796997070312, 2448.867431640625, 1529.7467041015625, 198.29568481445312, 551.2838134765625, 219.9424285888672, 148.49172973632812, -119.52265167236328, 171.41259765625, -256.1155090332031, 210.80621337890625, -21.76105308532715], [1756.6304931640625, -431.9051513671875, 1529.7467041015625, 1388.8349609375, 283.3402099609375, 345.7003479003906, 299.0121154785156, 93.65171813964844, -9.283185958862305, 61.23253631591797, -149.974853515625, 108.41023254394531, -22.501441955566406], [-1869.0130615234375, 817.8416137695312, 198.29568481445312, 283.3402099609375, 865.97900390625, 515.2498168945312, 535.2462158203125, 177.88314819335938, 521.2365112304688, 147.0843505859375, 302.875732421875, 2.8051369190216064, 81.17306518554688], [-762.7437744140625, -29.477458953857422, 551.2838134765625, 345.7003479003906, 515.2498168945312, 719.8628540039062, 410.9057922363281, 168.66827392578125, 308.4768371582031, 220.27903747558594, 116.37325286865234, 69.7315444946289, -22.29120445251465], [-1148.2572021484375, 481.1343078613281, 219.9424285888672, 299.0121154785156, 535.2462158203125, 410.9057922363281, 568.2446899414062, 173.95526123046875, 407.70318603515625, 122.21434783935547, 198.62448120117188, 14.470024108886719, 41.52739715576172], [-391.9190979003906, -3.714118480682373, 148.49172973632812, 93.65171813964844, 177.88314819335938, 168.66827392578125, 173.95526123046875, 280.26263427734375, 176.90408325195312, 99.54405975341797, 74.30650329589844, 62.65846633911133, 66.39276123046875], [-2181.45263671875, 642.1842651367188, -119.52265167236328, -9.283185958862305, 521.2365112304688, 308.4768371582031, 407.70318603515625, 176.90408325195312, 591.8535766601562, 174.00088500976562, 302.876220703125, 7.840017318725586, 36.792396545410156], [-426.197021484375, -81.09298706054688, 171.41259765625, 61.23253631591797, 147.0843505859375, 220.27903747558594, 122.21434783935547, 99.54405975341797, 174.00088500976562, 207.3802490234375, 98.658203125, 76.08959197998047, -0.5468630194664001], [-1565.2188720703125, 581.1971435546875, -256.1155090332031, -149.974853515625, 302.875732421875, 116.37325286865234, 198.62448120117188, 74.30650329589844, 302.876220703125, 98.658203125, 316.00244140625, 16.686588287353516, 104.45719146728516], [226.76663208007812, -233.50335693359375, 210.80621337890625, 108.41023254394531, 2.8051369190216064, 69.7315444946289, 14.470024108886719, 62.65846633911133, 7.840017318725586, 76.08959197998047, 16.686588287353516, 134.3485107421875, 25.381412506103516], [-355.9688415527344, 311.7655029296875, -21.76105308532715, -22.501441955566406, 81.17306518554688, -22.29120445251465, 41.52739715576172, 66.39276123046875, 36.792396545410156, -0.5468630194664001, 104.45719146728516, 25.381412506103516, 268.13214111328125]], "lowlevel.gfcc.icov": [[0.0002227811055490747, 1.283325855183648e-05, 5.2730771130882204e-05, -0.00026435096515342593, 5.474439967656508e-05, 0.00011550064664334059, -0.00013198114174883813, -6.488983490271494e-05, 0.0006658118218183517, -0.0002448443556204438, 0.0004323901666793972, -0.0002033684722846374, 5.14153070980683e-05], [1.283325855183648e-05, 0.0016748916823416948, -9.777048944670241e-06, 0.00025829061632975936, -0.0013447552919387817, 0.0010435458971187472, -0.0005898288218304515, 0.000753458880353719, -0.0004275664978194982, 0.0007704377640038729, -0.001372020342387259, 0.001860216143541038, -0.0010922279907390475], [5.2730771130882204e-05, -9.777048944670241e-06, 0.0019459028262645006, -0.0019813571125268936, 0.0002455274516250938, -0.0009519191225990653, 0.0006073500262573361, -0.00014962127897888422, 0.0003396859101485461, -0.0007827490917406976, 0.0007793387630954385, -0.0006598379113711417, -0.0004268164630047977], [-0.00026435096515342593, 0.00025829061632975936, -0.0019813571125268936, 0.0035493066534399986, -0.0012313183397054672, 0.0011035725474357605, -0.0015071459347382188, 0.000511201738845557, -0.0005039923707954586, 0.000870266230776906, 7.294020178960636e-05, 2.5944002118194476e-05, 9.719189984025434e-05], [5.474439967656508e-05, -0.0013447552919387817, 0.0002455274516250938, -0.0012313183397054672, 0.006094884127378464, -0.003100843634456396, -0.0003666179836727679, -0.0006010350189171731, -0.0014586267061531544, 0.0010917263571172953, -0.0009806188754737377, -0.0004847132368013263, 0.00028582182130776346], [0.00011550064664334059, 0.0010435458971187472, -0.0009519191225990653, 0.0011035725474357605, -0.003100843634456396, 0.005475966259837151, -0.00240612612105906, 0.0004060619103256613, 0.0010497216135263443, -0.002750745974481106, 0.0005216402350924909, 0.0009116511209867895, 0.00018225173698738217], [-0.00013198114174883813, -0.0005898288218304515, 0.0006073500262573361, -0.0015071459347382188, -0.0003666179836727679, -0.00240612612105906, 0.0067623332142829895, -0.001256993506103754, -0.002593748038634658, 0.0012564854696393013, -0.00046559993643313646, 4.561834066407755e-05, 0.00014381969231180847], [-6.488983490271494e-05, 0.000753458880353719, -0.00014962127897888422, 0.000511201738845557, -0.0006010350189171731, 0.0004060619103256613, -0.001256993506103754, 0.006183318328112364, -0.001895529800094664, -0.000580613617785275, 0.0009055573609657586, -0.00099062395747751, -0.002052226336672902], [0.0006658118218183517, -0.0004275664978194982, 0.0003396859101485461, -0.0005039923707954586, -0.0014586267061531544, 0.0010497216135263443, -0.002593748038634658, -0.001895529800094664, 0.009435461834073067, -0.003931035753339529, -0.0012565376237034798, 0.00012078064173692837, 0.001941608963534236], [-0.0002448443556204438, 0.0007704377640038729, -0.0007827490917406976, 0.000870266230776906, 0.0010917263571172953, -0.002750745974481106, 0.0012564854696393013, -0.000580613617785275, -0.003931035753339529, 0.012844700366258621, -0.0037921597249805927, -0.0028484282083809376, 0.0004911819705739617], [0.0004323901666793972, -0.001372020342387259, 0.0007793387630954385, 7.294020178960636e-05, -0.0009806188754737377, 0.0005216402350924909, -0.00046559993643313646, 0.0009055573609657586, -0.0012565376237034798, -0.0037921597249805927, 0.012558222748339176, -0.003994117025285959, -0.0019227686570957303], [-0.0002033684722846374, 0.001860216143541038, -0.0006598379113711417, 2.5944002118194476e-05, -0.0004847132368013263, 0.0009116511209867895, 4.561834066407755e-05, -0.00099062395747751, 0.00012078064173692837, -0.0028484282083809376, -0.003994117025285959, 0.014482001774013042, -0.0018607864622026682], [5.14153070980683e-05, -0.0010922279907390475, -0.0004268164630047977, 9.719189984025434e-05, 0.00028582182130776346, 0.00018225173698738217, 0.00014381969231180847, -0.002052226336672902, 0.001941608963534236, 0.0004911819705739617, -0.0019227686570957303, -0.0018607864622026682, 0.0061155324801802635]], "lowlevel.mfcc.cov": [[14911.96484375, -3621.5068359375, 2195.879638671875, 1374.598388671875, -791.0792846679688, -673.2183227539062, -67.02677154541016, -638.1981201171875, -572.0057373046875, -1029.7518310546875, -1149.99658203125, -1155.908447265625, -1138.8604736328125], [-3621.5068359375, 2413.248779296875, -1278.77294921875, -421.0775451660156, 183.55621337890625, -29.589092254638672, 44.8895378112793, 56.68602752685547, 114.65895080566406, 231.27041625976562, 215.67935180664062, 276.33258056640625, 213.8611602783203], [2195.879638671875, -1278.77294921875, 1981.701171875, 981.3576049804688, 283.572021484375, 487.9136657714844, 281.2095947265625, 189.91358947753906, 155.2360382080078, -27.44963836669922, -65.72635650634766, -95.76074981689453, -100.21629333496094], [1374.598388671875, -421.0775451660156, 981.3576049804688, 982.8224487304688, 243.13726806640625, 310.30010986328125, 219.9988555908203, 198.6314697265625, 148.14617919921875, 11.137531280517578, -14.011868476867676, -24.38374137878418, -66.81534576416016], [-791.0792846679688, 183.55621337890625, 283.572021484375, 243.13726806640625, 420.9532470703125, 333.7088623046875, 192.44630432128906, 207.59542846679688, 184.58004760742188, 152.35594177246094, 147.4123992919922, 139.90545654296875, 116.70158386230469], [-673.2183227539062, -29.589092254638672, 487.9136657714844, 310.30010986328125, 333.7088623046875, 740.2181396484375, 258.77996826171875, 318.4209289550781, 212.7689666748047, 244.45462036132812, 238.84410095214844, 170.28402709960938, 213.7115020751953], [-67.02677154541016, 44.8895378112793, 281.2095947265625, 219.9988555908203, 192.44630432128906, 258.77996826171875, 308.9712829589844, 169.96229553222656, 169.33543395996094, 104.16104888916016, 77.22189331054688, 58.862640380859375, 30.276168823242188], [-638.1981201171875, 56.68602752685547, 189.91358947753906, 198.6314697265625, 207.59542846679688, 318.4209289550781, 169.96229553222656, 328.3968200683594, 201.14764404296875, 187.40451049804688, 184.90643310546875, 141.97088623046875, 152.89968872070312], [-572.0057373046875, 114.65895080566406, 155.2360382080078, 148.14617919921875, 184.58004760742188, 212.7689666748047, 169.33543395996094, 201.14764404296875, 283.1822814941406, 169.55673217773438, 128.94073486328125, 103.16825103759766, 100.24848175048828], [-1029.7518310546875, 231.27041625976562, -27.44963836669922, 11.137531280517578, 152.35594177246094, 244.45462036132812, 104.16104888916016, 187.40451049804688, 169.55673217773438, 255.97158813476562, 208.48452758789062, 150.82553100585938, 158.84878540039062], [-1149.99658203125, 215.67935180664062, -65.72635650634766, -14.011868476867676, 147.4123992919922, 238.84410095214844, 77.22189331054688, 184.90643310546875, 128.94073486328125, 208.48452758789062, 270.8902893066406, 189.14306640625, 189.18128967285156], [-1155.908447265625, 276.33258056640625, -95.76074981689453, -24.38374137878418, 139.90545654296875, 170.28402709960938, 58.862640380859375, 141.97088623046875, 103.16825103759766, 150.82553100585938, 189.14306640625, 228.02740478515625, 181.7473602294922], [-1138.8604736328125, 213.8611602783203, -100.21629333496094, -66.81534576416016, 116.70158386230469, 213.7115020751953, 30.276168823242188, 152.89968872070312, 100.24848175048828, 158.84878540039062, 189.18128967285156, 181.7473602294922, 251.66778564453125]], "lowlevel.mfcc.icov": [[0.00020036462228745222, 0.00018763520347420126, 4.129758235649206e-05, -0.0002481378323864192, 0.00019829881784971803, -1.0139811820408795e-05, -0.00018413616635371, 5.0398339226376265e-05, 7.484679372282699e-05, 0.00011728436220437288, 0.0001716992846922949, 0.0003061553870793432, 0.0001520020596217364], [0.00018763520347420126, 0.0010831940453499556, 0.0008179271826520562, -0.0004991119494661689, -0.00038504073745571077, 1.4196294614521321e-05, -0.0005119423731230199, 0.0004941031220369041, 4.648488356906455e-06, -0.0003852469671983272, 0.0005508614121936262, -0.00030006657470948994, 9.363343997392803e-05], [4.129758235649206e-05, 0.0008179271826520562, 0.0018701809458434582, -0.001199812162667513, -0.0005335500463843346, -0.0006657944759353995, -0.00038167735328897834, 0.0005414016195572913, -0.0002823125687427819, 8.096107194432989e-05, 0.0005130063509568572, 2.6953814085572958e-05, 0.00010405216016806662], [-0.0002481378323864192, -0.0004991119494661689, -0.001199812162667513, 0.0028244205750524998, -0.0005539446719922125, -0.0001210940390592441, 0.0003397766558919102, -0.001410713535733521, -0.00028215348720550537, 0.0005128717748448253, -0.00010149147419724613, -0.0005911150365136564, 0.0010410804534330964], [0.00019829881784971803, -0.00038504073745571077, -0.0005335500463843346, -0.0005539446719922125, 0.005471442360430956, -0.0010158306686207652, -0.0008764380472712219, -0.00030259258346632123, -0.0009054663823917508, 0.000461795658338815, -4.598533905664226e-06, -0.0012498870491981506, 0.0004550337034743279], [-1.0139811820408795e-05, 1.4196294614521321e-05, -0.0006657944759353995, -0.0001210940390592441, -0.0010158306686207652, 0.00400870805606246, -0.0015304672997444868, -0.0009155090665444732, 0.0012685671681538224, -0.0014830175787210464, -0.0007473656442016363, 0.001178648555651307, -0.0024065992329269648], [-0.00018413616635371, -0.0005119423731230199, -0.00038167735328897834, 0.0003397766558919102, -0.0008764380472712219, -0.0015304672997444868, 0.007174134720116854, -0.0014589589554816484, -0.00245326547883451, 0.0002223079209215939, 0.00011789799464168027, -0.001043693395331502, 0.0027713822200894356], [5.0398339226376265e-05, 0.0004941031220369041, 0.0005414016195572913, -0.001410713535733521, -0.00030259258346632123, -0.0009155090665444732, -0.0014589589554816484, 0.009528562426567078, -0.0024811802431941032, -0.0010749921202659607, -0.001822951715439558, -1.4461238606600091e-05, -0.0019988855347037315], [7.484679372282699e-05, 4.648488356906455e-06, -0.0002823125687427819, -0.00028215348720550537, -0.0009054663823917508, 0.0012685671681538224, -0.00245326547883451, -0.0024811802431941032, 0.008998931385576725, -0.00439725536853075, 0.001486807712353766, 0.0002840820234268904, -0.0008393104071728885], [0.00011728436220437288, -0.0003852469671983272, 8.096107194432989e-05, 0.0005128717748448253, 0.000461795658338815, -0.0014830175787210464, 0.0002223079209215939, -0.0010749921202659607, -0.00439725536853075, 0.015127819962799549, -0.007536993362009525, 0.0008709111716598272, -6.207887054188177e-05], [0.0001716992846922949, 0.0005508614121936262, 0.0005130063509568572, -0.00010149147419724613, -4.598533905664226e-06, -0.0007473656442016363, 0.00011789799464168027, -0.001822951715439558, 0.001486807712353766, -0.007536993362009525, 0.016268493607640266, -0.0057678790763020515, -0.0016824764898046851], [0.0003061553870793432, -0.00030006657470948994, 2.6953814085572958e-05, -0.0005911150365136564, -0.0012498870491981506, 0.001178648555651307, -0.001043693395331502, -1.4461238606600091e-05, 0.0002840820234268904, 0.0008709111716598272, -0.0057678790763020515, 0.015561455860733986, -0.006357869599014521], [0.0001520020596217364, 9.363343997392803e-05, 0.00010405216016806662, 0.0010410804534330964, 0.0004550337034743279, -0.0024065992329269648, 0.0027713822200894356, -0.0019988855347037315, -0.0008393104071728885, -6.207887054188177e-05, -0.0016824764898046851, -0.006357869599014521, 0.01384296827018261]], "metadata.audio_properties.analysis.downmix": "mix", "metadata.audio_properties.codec": "mp3", "metadata.audio_properties.md5_encoded": "e48bae55df0790c4d8887428b19b947e", "metadata.tags.file_name": "1183668698226102292.mp3", "metadata.version.essentia": "2.1-beta6-dev", "metadata.version.essentia_git_sha": "v2.1_beta5-1110-g77a6a954", "metadata.version.extractor": "music 2.0", "tonal.chords_key": "G", "tonal.chords_scale": "major", "tonal.key_edma.key": "G", "tonal.key_edma.scale": "major", "tonal.key_krumhansl.key": "G", "tonal.key_krumhansl.scale": "major", "tonal.key_temperley.key": "G", "tonal.key_temperley.scale": "major", "metadata.tags.encoding": ["Lavf58.45.100"]}, "essentia_models