{"song_id": "1183663826516856872", "download": "https://cdn.discordapp.com/attachments/1135903449314238464/1183663826516856872/chirp.mp4?ex=658927d7&amp", "lyrics": "(Chorus) I love you, when I see you Every glance, a promise so true In your eyes, a universe unfolds A love story that never grows old\n\n(Outro) So let the melody play on Our love's refrain, a bond never gone In every moment, our hearts renew I love you, when I see you.", "style": ["country"], "essentia_features": {"lowlevel.average_loudness": 0.9652422666549683, "lowlevel.barkbands_crest.mean": 13.328566551208496, "lowlevel.barkbands_crest.stdev": 4.6011810302734375, "lowlevel.barkbands_flatness_db.mean": 0.1953831911087036, "lowlevel.barkbands_flatness_db.stdev": 0.056819040328264236, "lowlevel.barkbands_kurtosis.mean": 12.194271087646484, "lowlevel.barkbands_kurtosis.stdev": 18.243663787841797, "lowlevel.barkbands_skewness.mean": 2.3439295291900635, "lowlevel.barkbands_skewness.stdev": 1.805552363395691, "lowlevel.barkbands_spread.mean": 12.926733016967773, "lowlevel.barkbands_spread.stdev": 13.118416786193848, "lowlevel.dissonance.mean": 0.41738268733024597, "lowlevel.dissonance.stdev": 0.04145657643675804, "lowlevel.dynamic_complexity": 3.2880024909973145, "lowlevel.erbbands_crest.mean": 12.996712684631348, "lowlevel.erbbands_crest.stdev": 5.264784336090088, "lowlevel.erbbands_flatness_db.mean": 0.1843041032552719, "lowlevel.erbbands_flatness_db.stdev": 0.0483570471405983, "lowlevel.erbbands_kurtosis.mean": 2.3588640689849854, "lowlevel.erbbands_kurtosis.stdev": 3.151423215866089, "lowlevel.erbbands_skewness.mean": 0.9048779010772705, "lowlevel.erbbands_skewness.stdev": 0.7958453893661499, "lowlevel.erbbands_spread.mean": 29.419965744018555, "lowlevel.erbbands_spread.stdev": 21.205039978027344, "lowlevel.hfc.mean": 16.403221130371094, "lowlevel.hfc.stdev": 17.436004638671875, "lowlevel.loudness_ebu128.integrated": -18.188091278076172, "lowlevel.loudness_ebu128.loudness_range": 2.347654342651367, "lowlevel.loudness_ebu128.momentary.mean": -18.67457389831543, "lowlevel.loudness_ebu128.momentary.stdev": 2.0708649158477783, "lowlevel.loudness_ebu128.short_term.mean": -18.24183464050293, "lowlevel.loudness_ebu128.short_term.stdev": 0.8101942539215088, "lowlevel.melbands_crest.mean": 16.602949142456055, "lowlevel.melbands_crest.stdev": 5.348055839538574, "lowlevel.melbands_flatness_db.mean": 0.28199681639671326, "lowlevel.melbands_flatness_db.stdev": 0.07130110263824463, "lowlevel.melbands_kurtosis.mean": 21.961105346679688, "lowlevel.melbands_kurtosis.stdev": 32.01708984375, "lowlevel.melbands_skewness.mean": 2.964348316192627, "lowlevel.melbands_skewness.stdev": 2.1172244548797607, "lowlevel.melbands_spread.mean": 13.831695556640625, "lowlevel.melbands_spread.stdev": 19.397754669189453, "lowlevel.pitch_salience.mean": 0.44633808732032776, "lowlevel.pitch_salience.stdev": 0.13509449362754822, "lowlevel.silence_rate_20dB.mean": 1.0, "lowlevel.silence_rate_20dB.stdev": 0.0, "lowlevel.silence_rate_30dB.mean": 0.9285714030265808, "lowlevel.silence_rate_30dB.stdev": 0.25753965973854065, "lowlevel.silence_rate_60dB.mean": 0.0714285746216774, "lowlevel.silence_rate_60dB.stdev": 0.2575397491455078, "lowlevel.spectral_centroid.mean": 747.0726928710938, "lowlevel.spectral_centroid.stdev": 464.75006103515625, "lowlevel.spectral_complexity.mean": 10.105180740356445, "lowlevel.spectral_complexity.stdev": 3.819711923599243, "lowlevel.spectral_decrease.mean": -9.672427303542008e-09, "lowlevel.spectral_decrease.stdev": 1.105458924399727e-08, "lowlevel.spectral_energy.mean": 0.037993840873241425, "lowlevel.spectral_energy.stdev": 0.042694494128227234, "lowlevel.spectral_energyband_high.mean": 0.00030188544769771397, "lowlevel.spectral_energyband_high.stdev": 0.0006347647286020219, "lowlevel.spectral_energyband_low.mean": 0.021025555208325386, "lowlevel.spectral_energyband_low.stdev": 0.03583918511867523, "lowlevel.spectral_energyband_middle_high.mean": 0.005093426443636417, "lowlevel.spectral_energyband_middle_high.stdev": 0.009073002263903618, "lowlevel.spectral_energyband_middle_low.mean": 0.014196226373314857, "lowlevel.spectral_energyband_middle_low.stdev": 0.01360227819532156, "lowlevel.spectral_entropy.mean": 6.877718925476074, "lowlevel.spectral_entropy.stdev": 0.4980764091014862, "lowlevel.spectral_flux.mean": 0.07099501043558121, "lowlevel.spectral_flux.stdev": 0.06373176723718643, "lowlevel.spectral_kurtosis.mean": 7.11619234085083, "lowlevel.spectral_kurtosis.stdev": 3.681137800216675, "lowlevel.spectral_rms.mean": 0.005337863229215145, "lowlevel.spectral_rms.stdev": 0.002928201574832201, "lowlevel.spectral_rolloff.mean": 975.7896118164062, "lowlevel.spectral_rolloff.stdev": 1674.23388671875, "lowlevel.spectral_skewness.mean": 2.1904678344726562, "lowlevel.spectral_skewness.stdev": 0.5700558423995972, "lowlevel.spectral_spread.mean": 4915656.5, "lowlevel.spectral_spread.stdev": 2140243.5, "lowlevel.spectral_strongpeak.mean": 1.1952661275863647, "lowlevel.spectral_strongpeak.stdev": 1.4219529628753662, "lowlevel.zerocrossingrate.mean": 0.04260694608092308, "lowlevel.zerocrossingrate.stdev": 0.045633137226104736, "metadata.audio_properties.analysis.equal_loudness": 0.0, "metadata.audio_properties.analysis.length": 29.54664421081543, "metadata.audio_properties.analysis.sample_rate": 44100.0, "metadata.audio_properties.analysis.start_time": 0.0, "metadata.audio_properties.bit_rate": 121914.0, "metadata.audio_properties.length": 29.546667098999023, "metadata.audio_properties.lossless": 0.0, "metadata.audio_properties.number_channels": 1.0, "metadata.audio_properties.replay_gain": -8.280664443969727, "metadata.audio_properties.sample_rate": 48000.0, "rhythm.beats_count": 46.0, "rhythm.beats_loudness.mean": 0.09793638437986374, "rhythm.beats_loudness.stdev": 0.054056018590927124, "rhythm.bpm": 95.05709838867188, "rhythm.bpm_histogram_first_peak_bpm": 96.0, "rhythm.bpm_histogram_first_peak_weight": 0.3488371968269348, "rhythm.bpm_histogram_second_peak_bpm": 86.0, "rhythm.bpm_histogram_second_peak_spread": 0.0, "rhythm.bpm_histogram_second_peak_weight": 0.02222222276031971, "rhythm.danceability": 1.6022617816925049, "rhythm.onset_rate": 5.311410903930664, "tonal.chords_changes_rate": 0.0407523512840271, "tonal.chords_number_rate": 0.009404388256371021, "tonal.chords_strength.mean": 0.5608947277069092, "tonal.chords_strength.stdev": 0.08132496476173401, "tonal.hpcp_crest.mean": 18.67584228515625, "tonal.hpcp_crest.stdev": 7.995823860168457, "tonal.hpcp_entropy.mean": 1.412362813949585, "tonal.hpcp_entropy.stdev": 0.6585031151771545, "tonal.key_edma.strength": 0.646154522895813, "tonal.key_krumhansl.strength": 0.6452580094337463, "tonal.key_temperley.strength": 0.654762327671051, "tonal.tuning_diatonic_strength": 0.5923596620559692, "tonal.tuning_equal_tempered_deviation": 0.12643685936927795, "tonal.tuning_frequency": 436.4561767578125, "tonal.tuning_nontempered_energy_ratio": 0.8068180084228516, "lowlevel.barkbands.mean": [5.9392667026259005e-05, 0.013511467725038528, 0.006184797268360853, 0.0018517406424507499, 0.0018008762272074819, 0.0034847031347453594, 0.001262546400539577, 0.0011564578162506223, 0.0017228167271241546, 0.0032118752133101225, 0.0006062082829885185, 0.0009200955391861498, 0.000379273114958778, 0.0007009980035945773, 0.0004916462348774076, 8.832670573610812e-05, 9.833963122218847e-05, 7.268442277563736e-05, 7.486315007554367e-05, 3.3113217796199024e-05, 6.634920282522216e-05, 1.2784285900124814e-05, 2.263764508825261e-05, 7.379325688816607e-05, 6.432346708606929e-05, 3.666604243335314e-05, 5.079496986581944e-06], "lowlevel.barkbands.stdev": [0.0002882578410208225, 0.02754315175116062, 0.012391234748065472, 0.004171951208263636, 0.0026549771428108215, 0.004227289464324713, 0.0020286981016397476, 0.003498641075566411, 0.004578762222081423, 0.008910940028727055, 0.0023764465004205704, 0.0030460432171821594, 0.002205186290666461, 0.0018622801871970296, 0.001291933236643672, 0.0005536699900403619, 0.0003624079981818795, 0.00017427882994525135, 0.00014538624964188784, 6.138030585134402e-05, 9.077321010408923e-05, 3.547005326254293e-05, 8.732086280360818e-05, 0.00021170469699427485, 0.00023206898185890168, 9.580679761711508e-05, 1.2133324162277859e-05], "lowlevel.erbbands.mean": [0.15667426586151123, 3.741183280944824, 8.537721633911133, 6.875886917114258, 3.0442044734954834, 7.655664443969727, 15.175753593444824, 30.97859001159668, 25.933012008666992, 23.596010208129883, 18.4291934967041, 45.3997917175293, 134.87490844726562, 23.85662078857422, 27.520233154296875, 43.13736343383789, 18.8337459564209, 40.23929977416992, 18.367630004882812, 25.268739700317383, 7.308197498321533, 3.7302448749542236, 3.347259283065796, 5.3499884605407715, 2.297506093978882, 1.5023778676986694, 3.334043502807617, 1.5353779792785645, 0.4937414526939392, 0.6658965945243835, 0.5702712535858154, 0.5974504351615906, 1.6686803102493286, 1.1432334184646606, 0.23498913645744324, 0.05422493442893028, 0.08682611584663391, 0.026741383597254753, 0.0005887640290893614, 5.7121957070194185e-05], "lowlevel.erbbands.stdev": [0.311359703540802, 7.566896915435791, 15.993807792663574, 13.168770790100098, 5.3602986335754395, 12.30842113494873, 23.854869842529297, 41.966835021972656, 46.8151969909668, 55.97468948364258, 53.11767578125, 107.6894760131836, 352.2979736328125, 51.52769470214844, 102.64393615722656, 146.3867950439453, 85.33198547363281, 101.38922882080078, 38.09320831298828, 83.62440490722656, 30.048011779785156, 10.91225814819336, 8.567971229553223, 10.84486198425293, 4.804755210876465, 2.5279541015625, 5.051769256591797, 2.022648334503174, 1.2900148630142212, 2.204954147338867, 2.18585467338562, 2.222249746322632, 4.814797401428223, 3.832399845123291, 0.964766800403595, 0.20539237558841705, 0.2583392262458801, 0.060699399560689926, 0.001278425334021449, 5.912832421017811e-05], "lowlevel.gfcc.mean": [-33.718719482421875, 100.10757446289062, -87.51575469970703, 2.5978572368621826, -56.81826400756836, 12.949657440185547, -32.54362106323242, 5.376684188842773, -27.536489486694336, 11.483386039733887, -12.016409873962402, -6.930941581726074, -5.768246650695801], "lowlevel.melbands.mean": [0.002676361473277211, 0.004766313824802637, 0.0010581585811451077, 0.0003216794866602868, 0.0005184388719499111, 0.0007046498358249664, 0.0003728265000972897, 0.00026580828125588596, 0.0001301653537666425, 0.0003241712402086705, 0.0006612447323277593, 7.368029764620587e-05, 7.692212966503575e-05, 0.00011921427358174697, 5.097024768474512e-05, 4.712867666967213e-05, 8.255331340478733e-05, 2.7771451641456224e-05, 3.416597974137403e-05, 2.0280096578062512e-05, 7.791944881319068e-06, 4.664118023356423e-06, 3.1352681162388762e-06, 2.7868959477928e-06, 4.681684004026465e-06, 1.8348955563851632e-06, 9.605638524590177e-07, 9.457188525630045e-07, 1.9737858565349597e-06, 1.986298912015627e-06, 5.476767910295166e-07, 2.5774284040380735e-07, 2.430069798720069e-07, 4.436126346263336e-07, 3.395412875306647e-07, 2.8214370217938267e-07, 3.9326118894678075e-07, 1.0535900401009712e-06, 1.5918018334559747e-06, 7.466134093192522e-07], "lowlevel.melbands.stdev": [0.005360819865018129, 0.008621583692729473, 0.0019329075003042817, 0.0004859636537730694, 0.0007297897827811539, 0.0009323456324636936, 0.0006506045465357602, 0.000706069462466985, 0.00038691124063916504, 0.0007859034813009202, 0.0017488878220319748, 0.0001804078056011349, 0.0003467736823949963, 0.0003615474852267653, 0.00016477660392411053, 0.0002958103141281754, 0.00021981661848258227, 6.926103378646076e-05, 9.526838402962312e-05, 7.18706869520247e-05, 3.372662467882037e-05, 1.6121077351272106e-05, 8.980894563137554e-06, 5.853302809555316e-06, 9.828123438637704e-06, 4.3210557123529725e-06, 1.7165114059025655e-06, 1.7226310546902823e-06, 3.3359576718794415e-06, 3.004685368068749e-06, 8.573491072638717e-07, 7.980459031386999e-07, 7.111189006536733e-07, 1.6337014585587895e-06, 1.3430287708615651e-06, 1.171302415059472e-06, 1.4566451227437938e-06, 3.2523191748623503e-06, 4.516118224273669e-06, 2.819271685439162e-06], "lowlevel.melbands128.mean": [3.1861127354204655e-05, 0.0003830880450550467, 0.003539213677868247, 0.0074618239887058735, 0.005515424534678459, 0.0026459821965545416, 0.0014845648547634482, 0.0007110818405635655, 0.00017943853163160384, 0.0002041681727860123, 0.0004739121359307319, 0.0005516871460713446, 0.0005346459220163524, 0.00045434010098688304, 0.0006707202410325408, 0.0009429063647985458, 0.0006612021825276315, 0.00013129704166203737, 0.00022043395438231528, 0.0002615113044157624, 0.00033414000063203275, 0.00013501378998626024, 0.00012941400927957147, 6.937126454431564e-05, 0.00021517672576010227, 0.0004345399502199143, 0.0005382687668316066, 0.0011809979332610965, 0.0001848867250373587, 3.457867569522932e-05, 7.372965046670288e-05, 5.57328385184519e-05, 5.833338582306169e-05, 0.00012843006697949022, 5.098956899018958e-05, 0.00016766044427640736, 0.00015461626753676683, 1.4103311514190864e-05, 1.4241669305192772e-05, 3.559383549145423e-05, 7.888575055403635e-05, 1.809658351703547e-05, 9.588425018591806e-05, 0.00012309743033256382, 1.7919552192324772e-05, 1.928353594848886e-05, 2.230335485364776e-05, 2.127509105775971e-05, 5.313221481628716e-05, 4.303590685594827e-05, 7.091766292433022e-06, 8.671571777085774e-06, 3.3582512060092995e-06, 1.0316876796423458e-05, 1.2203529877297115e-05, 1.4242360748539795e-06, 1.4368704341904959e-06, 1.6836864915603655e-06, 5.757259714300744e-06, 2.541578396630939e-06, 9.650848369346932e-07, 2.234264002254349e-06, 1.0250688319501933e-05, 2.9557052130257944e-06, 9.57444058258261e-07, 2.012160166486865e-06, 2.6385566798126092e-06, 5.36384902716236e-07, 6.749255589966197e-07, 1.3009815802433877e-06, 4.953407710672764e-07, 9.00900829492457e-07, 1.9261642592027783e-06, 1.7988040781347081e-06, 2.419883230686537e-06, 3.1094521091290517e-06, 1.1559264976312988e-06, 7.42263011943578e-07, 5.160354135114176e-07, 2.318562764003218e-07, 3.0357651326085033e-07, 2.4583928848187497e-07, 2.079784451325395e-07, 2.2930835541501438e-07, 2.796885780753655e-07, 3.6389317870089144e-07, 5.915209726481407e-07, 4.358505236723431e-07, 3.1164375968728564e-07, 2.575616520061885e-07, 3.1256885790753586e-07, 2.845960125341662e-07, 2.504100393707631e-07, 1.731228849166655e-07, 4.1634825720393565e-07, 1.4738014897375251e-06, 7.699205752942362e-07, 1.0583703442534897e-06, 2.2947979232412763e-06, 1.423037701897556e-06, 1.0032367754320148e-06, 6.429680183828168e-07, 3.93158586575737e-07, 3.472795810921525e-07, 2.4685934363333217e-07, 1.5292353339191322e-07, 1.0251872595290479e-07, 7.545078517523507e-08, 8.250738403603464e-08, 5.052603313515647e-08, 8.133498852203047e-08, 1.6074662312348664e-07, 3.3375238217558945e-07, 4.634355548205349e-07, 3.516072411002824e-07, 3.612604473346437e-07, 1.9360453507033526e-07, 3.0749241375360725e-08, 6.63054111615935e-10, 5.603795205644246e-12, 5.370059431852869e-12, 5.2515804205288674e-12, 5.1374382178948075e-12, 5.035093435939997e-12, 4.8957027667939634e-12, 4.713114013649156e-12, 4.605171279037368e-12, 4.570004964732366e-12], "lowlevel.melbands128.stdev": [0.00011098241520812735, 0.0009476174018345773, 0.007349497638642788, 0.01572916842997074, 0.010856449604034424, 0.005390901118516922, 0.003118242369964719, 0.0015688376734033227, 0.00039959317655302584, 0.0005000813980586827, 0.0008689255337230861, 0.0010051802964881063, 0.0011368071427568793, 0.000778034795075655, 0.0012276575434952974, 0.0017310671973973513, 0.0014982812572270632, 0.00023701685131527483, 0.0004969190922565758, 0.0007135685300454497, 0.0012551451800391078, 0.0005759114865213633, 0.0005530237103812397, 0.00023309237440116704, 0.0006431025685742497, 0.0015384923899546266, 0.0015433129156008363, 0.0033992936369031668, 0.0006302730762399733, 0.00015486840857192874, 0.0002648707595653832, 0.0003176555910613388, 0.000543290632776916, 0.0005456345970742404, 0.0002675165596883744, 0.0006494015106000006, 0.0006129826069809496, 4.82561117678415e-05, 8.50096475915052e-05, 0.00019728047482203692, 0.0005998149863444269, 9.372465137857944e-05, 0.00029800357879139483, 0.0003447138878982514, 0.00013784339535050094, 7.357931463047862e-05, 8.864689152687788e-05, 8.343078661710024e-05, 0.00020815551397390664, 0.00018755410565063357, 4.188831735518761e-05, 9.542992484057322e-05, 3.838739576167427e-05, 4.42035379819572e-05, 5.327001053956337e-05, 4.17063029090059e-06, 5.718209649785422e-06, 5.734910700994078e-06, 2.0808529370697215e-05, 1.0334282706025988e-05, 3.0405603865801822e-06, 6.17697060079081e-06, 2.560522989369929e-05, 6.179995580168907e-06, 4.301435637898976e-06, 5.309187145030592e-06, 7.564544830529485e-06, 1.0897010724875145e-06, 1.2045285302519915e-06, 3.2219975309999427e-06, 1.177705826194142e-06, 2.059354756056564e-06, 4.846930551138939e-06, 4.197168891550973e-06, 4.112756414542673e-06, 6.46525586489588e-06, 2.2956701286602765e-06, 1.2969984481969732e-06, 9.212303666572552e-07, 6.2050776250544e-07, 1.1187387372046942e-06, 9.161773277810425e-07, 5.779230605185148e-07, 7.931342338451941e-07, 9.749871878739214e-07, 1.3408314316620817e-06, 2.483141997799976e-06, 1.927692892422783e-06, 1.360865667265898e-06, 1.0642622783052502e-06, 1.2559253264043946e-06, 1.3107629683872801e-06, 1.300980216001335e-06, 9.815321391215548e-07, 1.9382041500648484e-06, 4.671357146435184e-06, 2.760456936812261e-06, 3.8716266317351256e-06, 5.688516012014588e-06, 5.522321771422867e-06, 4.0921158870332874e-06, 2.5201786684192484e-06, 1.7212637430930045e-06, 1.5503045460718567e-06, 1.2853928410549997e-06, 1.0074542160509736e-06, 5.21658250818291e-07, 3.424354133585439e-07, 4.26986446200317e-07, 2.2372661589997733e-07, 4.747234072510764e-07, 7.142843401197752e-07, 1.3022728353462298e-06, 1.1437381317591644e-06, 8.403575293414178e-07, 8.551648420507263e-07, 4.5689293415307475e-07, 1.0695007546246416e-07, 1.1216831907745473e-08, 1.094117331457145e-11, 1.0603903172201612e-11, 1.0359374816304445e-11, 1.0141179562772606e-11, 9.956922439324778e-12, 9.804694382775647e-12, 9.687244929834637e-12, 9.601579080420475e-12, 9.548331743325367e-12], "lowlevel.mfcc.mean": [-695.3843994140625, 146.23252868652344, 21.815641403198242, 2.6682000160217285, 3.362220048904419, -0.02091083489358425, 12.807679176330566, -15.208391189575195, 4.798783779144287, 0.9227290153503418, 0.380227655172348, -0.08952535688877106, -8.488667488098145], "lowlevel.spectral_contrast_coeffs.mean": [-0.6598714590072632, -0.6617893576622009, -0.6886039972305298, -0.7479042410850525, -0.7890982627868652, -0.760009765625], "lowlevel.spectral_contrast_coeffs.stdev": [0.07817398756742477, 0.0879518911242485, 0.09655044227838516, 0.06507052481174469, 0.05153391510248184, 0.039958346635103226], "lowlevel.spectral_contrast_valleys.mean": [-7.125400066375732, -7.294247150421143, -8.054524421691895, -8.552790641784668, -8.68874454498291, -11.19288158416748], "lowlevel.spectral_contrast_valleys.stdev": [0.9349298477172852, 0.6033952832221985, 0.6230846643447876, 0.5853081345558167, 0.6395608186721802, 0.7790709137916565], "rhythm.beats_loudness_band_ratio.mean": [0.7120223641395569, 0.10279666632413864, 0.1350620985031128, 0.06539202481508255, 0.01689775474369526, 0.004005019087344408], "rhythm.beats_loudness_band_ratio.stdev": [0.20693466067314148, 0.13049592077732086, 0.1244117021560669, 0.09170392900705338, 0.022009892389178276, 0.004281375557184219], "tonal.hpcp.mean": [0.02540365606546402, 0.024257104843854904, 0.04881483316421509, 0.20474028587341309, 0.2149513214826584, 0.060656096786260605, 0.02137647569179535, 0.016062330454587936, 0.0638672411441803, 0.1775061935186386, 0.13984398543834686, 0.02766422927379608, 0.015781115740537643, 0.019184740260243416, 0.045869141817092896, 0.11661943048238754, 0.11975391954183578, 0.11727333813905716, 0.19473771750926971, 0.13007478415966034, 0.023791011422872543, 0.013815748505294323, 0.014710959978401661, 0.10923818498849869, 0.34525933861732483, 0.272413969039917, 0.041956569999456406, 0.02247060276567936, 0.017781633883714676, 0.049926869571208954, 0.21099308133125305, 0.19570277631282806, 0.03045036271214485, 0.010824493132531643, 0.014956525526940823, 0.021868426352739334], "tonal.hpcp.stdev": [0.08484566956758499, 0.08683472126722336, 0.13201433420181274, 0.3191955089569092, 0.3426145911216736, 0.13871778547763824, 0.07936777174472809, 0.05961988493800163, 0.16625361144542694, 0.32425224781036377, 0.25927701592445374, 0.11435047537088394, 0.0899410992860794, 0.09783819317817688, 0.13841202855110168, 0.2465265542268753, 0.23617635667324066, 0.23432821035385132, 0.3473765254020691, 0.2503253221511841, 0.09818626940250397, 0.0860041156411171, 0.08334805816411972, 0.17588892579078674, 0.4114151895046234, 0.3298007845878601, 0.13474154472351074, 0.11391402781009674, 0.10491374880075455, 0.1363992691040039, 0.35468950867652893, 0.3330298066139221, 0.10308713465929031, 0.05518539249897003, 0.09676722437143326, 0.10392628610134125], "rhythm.beats_position": [0.6617686748504639, 1.3583673238754272, 2.0201361179351807, 2.658684730529785, 3.2972335815429688, 3.9241721630096436, 4.562720775604248, 5.201269626617432, 5.8282084465026855, 6.4551472663879395, 7.082086086273193, 7.709024906158447, 8.347573280334473, 8.974512100219727, 9.61306095123291, 10.239999771118164, 10.866938591003418, 11.517097473144531, 12.144036293029785, 12.782585144042969, 13.421133995056152, 14.04807186126709, 14.675010681152344, 15.301949501037598, 15.928888320922852, 16.555828094482422, 17.18276596069336, 17.80970573425293, 18.436643600463867, 19.075191497802734, 19.713741302490234, 20.340679168701172, 20.967618942260742, 21.59455680847168, 22.22149658203125, 22.860044479370117, 23.498594284057617, 24.125532150268555, 24.752471923828125, 25.379409790039062, 26.006349563598633, 26.6448974609375, 27.283445358276367, 27.910385131835938, 28.537322998046875, 29.164262771606445], "rhythm.bpm_histogram": [0.0, 0.0, 0.0, 0.0, 0.0, 0.0, 0.0, 0.0, 0.0, 0.0, 0.0, 0.0, 0.0, 0.0, 0.0, 0.0, 0.0, 0.0, 0.0, 0.0, 0.0, 0.0, 0.0, 0.0, 0.0, 0.0, 0.0, 0.0, 0.0, 0.0, 0.0, 0.0, 0.0, 0.0, 0.0, 0.0, 0.0, 0.0, 0.0, 0.0, 0.0, 0.0, 0.0, 0.0, 0.0, 0.0, 0.0, 0.0, 0.0, 0.0, 0.0, 0.0, 0.0, 0.0, 0.0, 0.0, 0.0, 0.0, 0.0, 0.0, 0.0, 0.0, 0.0, 0.0, 0.0, 0.0, 0.0, 0.0, 0.0, 0.0, 0.0, 0.0, 0.0, 0.0, 0.0, 0.0, 0.0, 0.0, 0.0, 0.0, 0.0, 0.0, 0.0, 0.0, 0.0, 0.0, 0.02222222276031971, 0.0, 0.0, 0.0, 0.0, 0.02222222276031971, 0.02222222276031971, 0.0, 0.31111112236976624, 0.0, 0.6222222447395325, 0.0, 0.0, 0.0, 0.0, 0.0, 0.0, 0.0, 0.0, 0.0, 0.0, 0.0, 0.0, 0.0, 0.0, 0.0, 0.0, 0.0, 0.0, 0.0, 0.0, 0.0, 0.0, 0.0, 0.0, 0.0, 0.0, 0.0, 0.0, 0.0, 0.0, 0.0, 0.0, 0.0, 0.0, 0.0, 0.0, 0.0, 0.0, 0.0, 0.0, 0.0, 0.0, 0.0, 0.0, 0.0, 0.0, 0.0, 0.0, 0.0, 0.0, 0.0, 0.0, 0.0, 0.0, 0.0, 0.0, 0.0, 0.0, 0.0, 0.0, 0.0, 0.0, 0.0, 0.0, 0.0, 0.0, 0.0, 0.0, 0.0, 0.0, 0.0, 0.0, 0.0, 0.0, 0.0, 0.0, 0.0, 0.0, 0.0, 0.0, 0.0, 0.0, 0.0, 0.0, 0.0, 0.0, 0.0, 0.0, 0.0, 0.0, 0.0, 0.0, 0.0, 0.0, 0.0, 0.0, 0.0, 0.0, 0.0, 0.0, 0.0, 0.0, 0.0, 0.0, 0.0, 0.0, 0.0, 0.0, 0.0, 0.0, 0.0, 0.0, 0.0, 0.0, 0.0, 0.0, 0.0, 0.0, 0.0, 0.0, 0.0, 0.0, 0.0, 0.0, 0.0, 0.0, 0.0, 0.0, 0.0, 0.0, 0.0, 0.0, 0.0, 0.0, 0.0, 0.0, 0.0, 0.0, 0.0, 0.0, 0.0, 0.0, 0.0, 0.0, 0.0, 0.0, 0.0, 0.0, 0.0, 0.0, 0.0, 0.0, 0.0], "tonal.chords_histogram": [20.06269645690918, 0.0, 25.70532989501953, 0.0, 0.0, 0.0, 0.0, 0.0, 0.0, 0.0, 0.0, 0.0, 0.0, 0.0, 0.0, 0.0, 0.0, 3.134796142578125, 0.0, 10.03134822845459, 0.0, 6.112852573394775, 34.95297622680664, 0.0], "tonal.thpcp": [1.0, 0.789012610912323, 0.12152189761400223, 0.06508325785398483, 0.051502253860235214, 0.14460685849189758, 0.6111147403717041, 0.5668283104896545, 0.08819562196731567, 0.03135177493095398, 0.04331968352198601, 0.06333912909030914, 0.07357847690582275, 0.07025763392448425, 0.1413859874010086, 0.5930043458938599, 0.6225793361663818, 0.17568270862102509, 0.06191425770521164, 0.046522509306669235, 0.18498338758945465, 0.5141242146492004, 0.4050404131412506, 0.08012594282627106, 0.045708004385232925, 0.055566173046827316, 0.132854163646698, 0.3377734422683716, 0.3468520939350128, 0.3396673798561096, 0.5640331506729126, 0.37674516439437866, 0.06890765577554703, 0.0400155670940876, 0.042608436197042465, 0.3163945972919464], "lowlevel.gfcc.cov": [[3576.308349609375, -97.13519287109375, -63.973480224609375, 145.29502868652344, 479.0855712890625, 304.1805419921875, 212.46914672851562, 435.23138427734375, 42.16143035888672, -87.46044921875, 34.26588439941406, -135.7869873046875, 8.997391700744629], [-97.13519287109375, 1212.8477783203125, 126.48171997070312, 234.04153442382812, 338.0614318847656, 91.86962127685547, 320.06695556640625, 12.661792755126953, 108.15592956542969, -47.66321563720703, 66.4688491821289, -166.26931762695312, 39.73605728149414], [-63.973480224609375, 126.48171997070312, 906.762939453125, 409.9031066894531, 173.2042999267578, 239.43846130371094, 108.66044616699219, 4.143014430999756, 99.29296875, 20.46988296508789, -48.86698532104492, 35.9473876953125, -139.7800750732422], [145.29502868652344, 234.04153442382812, 409.9031066894531, 499.8168640136719, 291.0815734863281, 99.53684997558594, 86.97968292236328, 71.10025787353516, 111.27101135253906, -30.81283187866211, -58.022891998291016, 2.013153314590454, -24.64004898071289], [479.0855712890625, 338.0614318847656, 173.2042999267578, 291.0815734863281, 440.64453125, 151.3238983154297, 129.65684509277344, 139.0376739501953, 104.5932846069336, -27.620296478271484, -3.1682751178741455, -61.49200439453125, 21.69554328918457], [304.1805419921875, 91.86962127685547, 239.43846130371094, 99.53684997558594, 151.3238983154297, 396.0059814453125, 243.92120361328125, 53.13399124145508, 33.216373443603516, 46.147682189941406, 22.127553939819336, -50.08708953857422, -33.47864532470703], [212.46914672851562, 320.06695556640625, 108.66044616699219, 86.97968292236328, 129.65684509277344, 243.92120361328125, 336.0673828125, 79.91468048095703, 32.965721130371094, 25.815181732177734, 65.2719497680664, -53.43466567993164, -8.829068183898926], [435.23138427734375, 12.661792755126953, 4.143014430999756, 71.10025787353516, 139.0376739501953, 53.13399124145508, 79.91468048095703, 192.2032470703125, 57.2666130065918, -25.527973175048828, 13.144070625305176, -1.1044172048568726, 23.57911491394043], [42.16143035888672, 108.15592956542969, 99.29296875, 111.27101135253906, 104.5932846069336, 33.216373443603516, 32.965721130371094, 57.2666130065918, 145.47193908691406, 22.451696395874023, -15.183460235595703, 4.72566556930542, 15.187151908874512], [-87.46044921875, -47.66321563720703, 20.46988296508789, -30.81283187866211, -27.620296478271484, 46.147682189941406, 25.815181732177734, -25.527973175048828, 22.451696395874023, 117.48143005371094, 28.899023056030273, 6.207947731018066, -9.729823112487793], [34.26588439941406, 66.4688491821289, -48.86698532104492, -58.022891998291016, -3.1682751178741455, 22.127553939819336, 65.2719497680664, 13.144070625305176, -15.183460235595703, 28.899023056030273, 146.314453125, 21.041738510131836, 10.088287353515625], [-135.7869873046875, -166.26931762695312, 35.9473876953125, 2.013153314590454, -61.49200439453125, -50.08708953857422, -53.43466567993164, -1.1044172048568726, 4.72566556930542, 6.207947731018066, 21.041738510131836, 120.56678009033203, 15.280014991760254], [8.997391700744629, 39.73605728149414, -139.7800750732422, -24.64004898071289, 21.69554328918457, -33.47864532470703, -8.829068183898926, 23.57911491394043, 15.187151908874512, -9.729823112487793, 10.088287353515625, 15.280014991760254, 114.18526458740234]], "lowlevel.gfcc.icov": [[0.00047570280730724335, 0.00023893220350146294, 7.003366044955328e-05, 1.4294282664195634e-05, -0.00037865363992750645, -0.0001671409554546699, 6.164435944810975e-06, -0.0007869672845117748, 0.00015246222028508782, 0.00025160127552226186, -0.00023073448392096907, 0.0005861199460923672, 9.722304821480066e-05], [0.00023893220350146294, 0.0029683716129511595, -0.0006231198785826564, 0.00020691171812359244, -0.0019002528861165047, 0.0023772234562784433, -0.003590297419577837, 0.002486043144017458, -0.001762574422173202, 0.001901578507386148, -0.001503103063441813, 0.003409680910408497, -0.001429893309250474], [7.003366044955328e-05, -0.0006231198785826564, 0.0031313032377511263, -0.0021186659578233957, 0.0006347067537717521, -0.0021851242054253817, 0.0011613372480496764, -5.972413782728836e-05, -0.0004687235050369054, -0.00018347341392654926, 0.0003844106977339834, -0.0021978416480123997, 0.003235048381611705], [1.4294282664195634e-05, 0.00020691171812359244, -0.0021186659578233957, 0.006006890907883644, -0.003527665277943015, 0.0016565340338274837, -0.0016730495262891054, 0.0008850776357576251, -0.0009891670197248459, 0.0008974868687801063, 0.0018456478137522936, -0.0013021595077589154, -0.0003074192791245878], [-0.00037865363992750645, -0.0019002528861165047, 0.0006347067537717521, -0.003527665277943015, 0.007676177192479372, -0.0029704864136874676, 0.003190708113834262, -0.003600361291319132, -0.00033113270183093846, -0.0004656689998228103, -0.0007778302533552051, 0.0011478294618427753, -0.0007129047298803926], [-0.0001671409554546699, 0.0023772234562784433, -0.0021851242054253817, 0.0016565340338274837, -0.0029704864136874676, 0.008420046418905258, -0.007023045793175697, 0.002719318028539419, -0.0006098055746406317, -0.0004160463868174702, 0.0001570090971654281, 0.0028234331402927637, -0.0015490467194467783], [6.164435944810975e-06, -0.003590297419577837, 0.0011613372480496764, -0.0016730495262891054, 0.003190708113834262, -0.007023045793175697, 0.011691818945109844, -0.0053732492960989475, 0.001980666071176529, -0.002125324448570609, -0.0015388798201456666, -0.0013132257154211402, 0.0015249407151713967], [-0.0007869672845117748, 0.002486043144017458, -5.972413782728836e-05, 0.0008850776357576251, -0.003600361291319132, 0.002719318028539419, -0.0053732492960989475, 0.01265361811965704, -0.0045924861915409565, 0.0036985576152801514, -0.0009497574646957219, -0.00011871688184328377, -0.0012065243208780885], [0.00015246222028508782, -0.001762574422173202, -0.0004687235050369054, -0.0009891670197248459, -0.00033113270183093846, -0.0006098055746406317, 0.001980666071176529, -0.0045924861915409565, 0.012170452624559402, -0.004964927211403847, 0.0024697512853890657, -0.002193740801885724, -0.0011667008511722088], [0.00025160127552226186, 0.001901578507386148, -0.00018347341392654926, 0.0008974868687801063, -0.0004656689998228103, -0.0004160463868174702, -0.002125324448570609, 0.0036985576152801514, -0.004964927211403847, 0.012729649432003498, -0.003244594903662801, 0.0017162802396342158, 0.00012796823284588754], [-0.00023073448392096907, -0.001503103063441813, 0.0003844106977339834, 0.0018456478137522936, -0.0007778302533552051, 0.0001570090971654281, -0.0015388798201456666, -0.0009497574646957219, 0.0024697512853890657, -0.003244594903662801, 0.010780982673168182, -0.005419224966317415, 0.0008487877203151584], [0.0005861199460923672, 0.003409680910408497, -0.0021978416480123997, -0.0013021595077589154, 0.0011478294618427753, 0.0028234331402927637, -0.0013132257154211402, -0.00011871688184328377, -0.002193740801885724, 0.0017162802396342158, -0.005419224966317415, 0.01709110103547573, -0.005041804164648056], [9.722304821480066e-05, -0.001429893309250474, 0.003235048381611705, -0.0003074192791245878, -0.0007129047298803926, -0.0015490467194467783, 0.0015249407151713967, -0.0012065243208780885, -0.0011667008511722088, 0.00012796823284588754, 0.0008487877203151584, -0.005041804164648056, 0.013955596834421158]], "lowlevel.mfcc.cov": [[3495.8076171875, -149.90509033203125, -363.5122985839844, 29.049097061157227, 356.8067321777344, -157.78549194335938, 373.3822021484375, 220.9632568359375, 250.41712951660156, 261.307373046875, -5.210698127746582, -80.19386291503906, 103.9371109008789], [-149.90509033203125, 893.528564453125, -2.7020230293273926, 182.01344299316406, 64.46468353271484, 137.23419189453125, 184.9596710205078, 61.1418571472168, 84.54044342041016, 116.33314514160156, 57.14765930175781, 54.880516052246094, -24.371082305908203], [-363.5122985839844, -2.7020230293273926, 718.4552001953125, 162.2610626220703, 65.45137023925781, 304.9195556640625, 16.73280143737793, 143.14166259765625, -10.161584854125977, 35.49310302734375, 117.2815170288086, 47.42477035522461, 29.11553382873535], [29.049097061157227, 182.01344299316406, 162.2610626220703, 450.92626953125, 246.5811309814453, 82.42984771728516, -1.3625015020370483, 119.94615173339844, 112.81141662597656, 9.173802375793457, 17.152603149414062, 59.854888916015625, 32.94757843017578], [356.8067321777344, 64.46468353271484, 65.45137023925781, 246.5811309814453, 395.062744140625, 43.0431022644043, 30.351245880126953, 113.1489486694336, 132.08749389648438, 60.8786506652832, -6.254063129425049, 20.270963668823242, 38.046138763427734], [-157.78549194335938, 137.23419189453125, 304.9195556640625, 82.42984771728516, 43.0431022644043, 389.01898193359375, 118.3462905883789, 93.44770812988281, 45.53810119628906, 112.0800552368164, 111.9552230834961, -16.885271072387695, 5.134156703948975], [373.3822021484375, 184.9596710205078, 16.73280143737793, -1.3625015020370483, 30.351245880126953, 118.3462905883789, 340.064453125, 107.75660705566406, 48.101341247558594, 122.16448974609375, 63.05116653442383, 9.624464988708496, 28.44083023071289], [220.9632568359375, 61.1418571472168, 143.14166259765625, 119.94615173339844, 113.1489486694336, 93.44770812988281, 107.75660705566406, 225.08758544921875, 92.6025619506836, 66.85843658447266, 37.82618713378906, 17.253070831298828, 51.374629974365234], [250.41712951660156, 84.54044342041016, -10.161584854125977, 112.81141662597656, 132.08749389648438, 45.53810119628906, 48.101341247558594, 92.6025619506836, 198.3311004638672, 78.58479309082031, 1.950021743774414, 2.696532964706421, 27.25514030456543], [261.307373046875, 116.33314514160156, 35.49310302734375, 9.173802375793457, 60.8786506652832, 112.0800552368164, 122.16448974609375, 66.85843658447266, 78.58479309082031, 181.7108917236328, 58.771209716796875, -22.8668270111084, 12.069718360900879], [-5.210698127746582, 57.14765930175781, 117.2815170288086, 17.152603149414062, -6.254063129425049, 111.9552230834961, 63.05116653442383, 37.82618713378906, 1.950021743774414, 58.771209716796875, 131.5695343017578, 30.352680206298828, 4.0670013427734375], [-80.19386291503906, 54.880516052246094, 47.42477035522461, 59.854888916015625, 20.270963668823242, -16.885271072387695, 9.624464988708496, 17.253070831298828, 2.696532964706421, -22.8668270111084, 30.352680206298828, 136.68569946289062, 27.456541061401367], [103.9371109008789, -24.371082305908203, 29.11553382873535, 32.94757843017578, 38.046138763427734, 5.134156703948975, 28.44083023071289, 51.374629974365234, 27.25514030456543, 12.069718360900879, 4.0670013427734375, 27.456541061401367, 107.56004333496094]], "lowlevel.mfcc.icov": [[0.0004912926815450191, 0.00022532115690410137, 0.0001801576727302745, -2.5260171696572797e-06, -0.00034463423071429133, 0.0004337297286838293, -0.0005135848768986762, -0.00017431698506698012, -0.0001791027025319636, -0.00044348050141707063, -0.0001916041801450774, 0.00029615286621265113, -0.00012462702579796314], [0.00022532115690410137, 0.001731343218125403, 0.00043803665903396904, -0.0009018005221150815, 0.00022332818480208516, -0.00024654724984429777, -0.0008940806146711111, 0.00012368500756565481, -0.00012980382598470896, -0.0009746603318490088, 0.00016952781879808754, -0.0006857127300463617, 0.0007532224408350885], [0.0001801576727302745, 0.00043803665903396904, 0.0029988714959472418, -0.0005696167354471982, -0.0001150085445260629, -0.002087610773742199, 0.0006473895045928657, -0.001598559319972992, 0.001249985652975738, -3.9236299926415086e-05, -0.0006727513973601162, -0.0008160509169101715, -5.8032586821354926e-05], [-2.5260171696572797e-06, -0.0009018005221150815, -0.0005696167354471982, 0.004712237045168877, -0.0023038473445922136, -0.0003259913937654346, 0.0007574767805635929, -0.0008875709027051926, -0.0011326901149004698, 0.001722946879453957, -0.000229148892685771, -0.0007551920716650784, -0.00014190033834893256], [-0.00034463423071429133, 0.00022332818480208516, -0.0001150085445260629, -0.0023038473445922136, 0.004938113037496805, -9.113589476328343e-05, 0.00033192738192155957, -0.00040187223930843174, -0.0010578730143606663, -0.0011492208577692509, 0.0011795235332101583, -0.00037888961378484964, -6.857194239273667e-05], [0.0004337297286838293, -0.00024654724984429777, -0.002087610773742199, -0.0003259913937654346, -9.113589476328343e-05, 0.0063096326775848866, -0.001456365454941988, 0.00036390923196449876, -0.000998208299279213, -0.0014684790512546897, -0.002641906263306737, 0.0024245772510766983, 3.100709000136703e-05], [-0.0005135848768986762, -0.0008940806146711111, 0.0006473895045928657, 0.0007574767805635929, 0.00033192738192155957, -0.001456365454941988, 0.005613523535430431, -0.002059762366116047, 0.0010439659235998988, -0.0015531835379078984, -0.00022785238979849964, -0.0009945359779521823, -0.0004897183971479535], [-0.00017431698506698012, 0.00012368500756565481, -0.001598559319972992, -0.0008875709027051926, -0.00040187223930843174, 0.00036390923196449876, -0.002059762366116047, 0.008601727895438671, -0.002488242695108056, 5.434878039523028e-05, -0.0003756473306566477, 0.0005042074481025338, -0.002028113231062889], [-0.0001791027025319636, -0.00012980382598470896, 0.001249985652975738, -0.0011326901149004698, -0.0010578730143606663, -0.000998208299279213, 0.0010439659235998988, -0.002488242695108056, 0.00918984692543745, -0.0032102433033287525, 0.0015698856441304088, -0.0007112238672561944, -0.00035969907185062766], [-0.00044348050141707063, -0.0009746603318490088, -3.9236299926415086e-05, 0.001722946879453957, -0.0011492208577692509, -0.0014684790512546897, -0.0015531835379078984, 5.434878039523028e-05, -0.0032102433033287525, 0.011920941062271595, -0.003688851837068796, 0.002450696425512433, -0.0004584540438372642], [-0.0001916041801450774, 0.00016952781879808754, -0.0006727513973601162, -0.000229148892685771, 0.0011795235332101583, -0.002641906263306737, -0.00022785238979849964, -0.0003756473306566477, 0.0015698856441304088, -0.003688851837068796, 0.013201248832046986, -0.004060580860823393, 0.0009779322426766157], [0.00029615286621265113, -0.0006857127300463617, -0.0008160509169101715, -0.0007551920716650784, -0.00037888961378484964, 0.0024245772510766983, -0.0009945359779521823, 0.0005042074481025338, -0.0007112238672561944, 0.002450696425512433, -0.004060580860823393, 0.010587603785097599, -0.0025927985552698374], [-0.00012462702579796314, 0.0007532224408350885, -5.8032586821354926e-05, -0.00014190033834893256, -6.857194239273667e-05, 3.100709000136703e-05, -0.0004897183971479535, -0.002028113231062889, -0.00035969907185062766, -0.0004584540438372642, 0.0009779322426766157, -0.0025927985552698374, 0.01153584010899067]], "metadata.audio_properties.analysis.downmix": "mix", "metadata.audio_properties.codec": "mp3", "metadata.audio_properties.md5_encoded": "f602401e1d44d0a9e4a2b4656c856e7a", "metadata.tags.file_name": "1183663826516856872.mp3", "metadata.version.essentia": "2.1-beta6-dev", "metadata.version.essentia_git_sha": "v2.1_beta5-1110-g77a6a954", "metadata.version.extractor": "music 2.0", "tonal.chords_key": "Eb", "tonal.chords_scale": "major", "tonal.key_edma.key": "Eb", "tonal.key_edma.scale": "major", "tonal.key_krumhansl.key": "Eb", "tonal.key_krumhansl.scale": "major", "tonal.key_temperley.key": "Bb", "tonal.key_temperley.scale": "major", "metadata.tags.encoding": ["Lavf58.45.100"]}, "essentia_models": [{"model_name": "genre_dortmund", "activations": {"alternative": "0.011524603", "blues": "0.01351471", "electronic": "0.0008536293", "folkcountry": "0.82632583", "funksoulrnb": "0.005038291", "jazz": "0.07193461", "pop": "0.2506947", "raphiphop": "0.0040257843", "rock": "0.0053439247"}}, {"model_name": "genre_rosamerica", "activations": {"classic": "0.0004436