{"song_id": "1183704157442555995", "download": "https://cdn.discordapp.com/attachments/1128313332273782784/1183704157442555995/chirp.mp4?ex=65894d67&amp", "lyrics": "In the night's soft glow, our hearts in sync,\nWhispers of love, in every blink.\nUnder the moon, our shadows dance,\nIn this rhythm, we find romance.\n\nYour voice, a melody, so sweet and true,\nIn every word, I feel something new.\nIn the warmth of your embrace, I find my peace,\nIn this love song, our hearts never cease.", "style": ["lyric"], "essentia_features": {"lowlevel.average_loudness": 0.9800864458084106, "lowlevel.barkbands_crest.mean": 16.16907501220703, "lowlevel.barkbands_crest.stdev": 5.358219146728516, "lowlevel.barkbands_flatness_db.mean": 0.3013508915901184, "lowlevel.barkbands_flatness_db.stdev": 0.09367609024047852, "lowlevel.barkbands_kurtosis.mean": 63.45493698120117, "lowlevel.barkbands_kurtosis.stdev": 98.28831481933594, "lowlevel.barkbands_skewness.mean": 5.194261074066162, "lowlevel.barkbands_skewness.stdev": 3.4981026649475098, "lowlevel.barkbands_spread.mean": 9.163976669311523, "lowlevel.barkbands_spread.stdev": 13.824403762817383, "lowlevel.dissonance.mean": 0.4226521849632263, "lowlevel.dissonance.stdev": 0.05479422211647034, "lowlevel.dynamic_complexity": 4.040168285369873, "lowlevel.erbbands_crest.mean": 11.805804252624512, "lowlevel.erbbands_crest.stdev": 4.9095659255981445, "lowlevel.erbbands_flatness_db.mean": 0.20634274184703827, "lowlevel.erbbands_flatness_db.stdev": 0.06785096973180771, "lowlevel.erbbands_kurtosis.mean": 10.444034576416016, "lowlevel.erbbands_kurtosis.stdev": 17.917932510375977, "lowlevel.erbbands_skewness.mean": 1.9766836166381836, "lowlevel.erbbands_skewness.stdev": 1.9276560544967651, "lowlevel.erbbands_spread.mean": 45.898250579833984, "lowlevel.erbbands_spread.stdev": 34.8751106262207, "lowlevel.hfc.mean": 11.704139709472656, "lowlevel.hfc.stdev": 16.2296085357666, "lowlevel.loudness_ebu128.integrated": -16.071504592895508, "lowlevel.loudness_ebu128.loudness_range": 1.370950698852539, "lowlevel.loudness_ebu128.momentary.mean": -17.081073760986328, "lowlevel.loudness_ebu128.momentary.stdev": 3.3084516525268555, "lowlevel.loudness_ebu128.short_term.mean": -16.194934844970703, "lowlevel.loudness_ebu128.short_term.stdev": 0.48052313923835754, "lowlevel.melbands_crest.mean": 21.533077239990234, "lowlevel.melbands_crest.stdev": 7.046481132507324, "lowlevel.melbands_flatness_db.mean": 0.37812021374702454, "lowlevel.melbands_flatness_db.stdev": 0.11449985206127167, "lowlevel.melbands_kurtosis.mean": 104.10757446289062, "lowlevel.melbands_kurtosis.stdev": 130.77078247070312, "lowlevel.melbands_skewness.mean": 6.166208744049072, "lowlevel.melbands_skewness.stdev": 4.12812614440918, "lowlevel.melbands_spread.mean": 7.936280250549316, "lowlevel.melbands_spread.stdev": 19.792362213134766, "lowlevel.pitch_salience.mean": 0.4274155795574188, "lowlevel.pitch_salience.stdev": 0.16917374730110168, "lowlevel.silence_rate_20dB.mean": 0.9681344032287598, "lowlevel.silence_rate_20dB.stdev": 0.17564088106155396, "lowlevel.silence_rate_30dB.mean": 0.8319814801216125, "lowlevel.silence_rate_30dB.stdev": 0.3738819658756256, "lowlevel.silence_rate_60dB.mean": 0.11181923747062683, "lowlevel.silence_rate_60dB.stdev": 0.3151422142982483, "lowlevel.spectral_centroid.mean": 626.588134765625, "lowlevel.spectral_centroid.stdev": 559.9586791992188, "lowlevel.spectral_complexity.mean": 7.1286211013793945, "lowlevel.spectral_complexity.stdev": 6.877000331878662, "lowlevel.spectral_decrease.mean": -1.5855382784479843e-08, "lowlevel.spectral_decrease.stdev": 2.4890054461934596e-08, "lowlevel.spectral_energy.mean": 0.06090349331498146, "lowlevel.spectral_energy.stdev": 0.09492292255163193, "lowlevel.spectral_energyband_high.mean": 0.0005050938343629241, "lowlevel.spectral_energyband_high.stdev": 0.001334280357696116, "lowlevel.spectral_energyband_low.mean": 0.05096110701560974, "lowlevel.spectral_energyband_low.stdev": 0.09209088981151581, "lowlevel.spectral_energyband_middle_high.mean": 0.0009772619232535362, "lowlevel.spectral_energyband_middle_high.stdev": 0.001982514513656497, "lowlevel.spectral_energyband_middle_low.mean": 0.010512970387935638, "lowlevel.spectral_energyband_middle_low.stdev": 0.014522338286042213, "lowlevel.spectral_entropy.mean": 6.643665790557861, "lowlevel.spectral_entropy.stdev": 0.9112355709075928, "lowlevel.spectral_flux.mean": 0.10108774155378342, "lowlevel.spectral_flux.stdev": 0.12945158779621124, "lowlevel.spectral_kurtosis.mean": 7.693105697631836, "lowlevel.spectral_kurtosis.stdev": 13.420125961303711, "lowlevel.spectral_rms.mean": 0.00611500721424818, "lowlevel.spectral_rms.stdev": 0.004693047143518925, "lowlevel.spectral_rolloff.mean": 582.9813842773438, "lowlevel.spectral_rolloff.stdev": 1391.8118896484375, "lowlevel.spectral_skewness.mean": 2.1054399013519287, "lowlevel.spectral_skewness.stdev": 1.3325668573379517, "lowlevel.spectral_spread.mean": 5586362.5, "lowlevel.spectral_spread.stdev": 2022764.25, "lowlevel.spectral_strongpeak.mean": 0.6251046061515808, "lowlevel.spectral_strongpeak.stdev": 0.48894640803337097, "lowlevel.zerocrossingrate.mean": 0.032841864973306656, "lowlevel.zerocrossingrate.stdev": 0.040677763521671295, "metadata.audio_properties.analysis.equal_loudness": 0.0, "metadata.audio_properties.analysis.length": 40.04265213012695, "metadata.audio_properties.analysis.sample_rate": 44100.0, "metadata.audio_properties.analysis.start_time": 0.0, "metadata.audio_properties.bit_rate": 110400.0, "metadata.audio_properties.length": 40.042667388916016, "metadata.audio_properties.lossless": 0.0, "metadata.audio_properties.number_channels": 1.0, "metadata.audio_properties.replay_gain": -9.698381423950195, "metadata.audio_properties.sample_rate": 48000.0, "rhythm.beats_count": 59.0, "rhythm.beats_loudness.mean": 0.2514112889766693, "rhythm.beats_loudness.stdev": 0.09292243421077728, "rhythm.bpm": 89.96243286132812, "rhythm.bpm_histogram_first_peak_bpm": 89.0, "rhythm.bpm_histogram_first_peak_weight": 0.5185185670852661, "rhythm.bpm_histogram_second_peak_bpm": 83.0, "rhythm.bpm_histogram_second_peak_spread": 0.0, "rhythm.bpm_histogram_second_peak_weight": 0.06896551698446274, "rhythm.danceability": 1.8108423948287964, "rhythm.onset_rate": 3.3204824924468994, "tonal.chords_changes_rate": 0.06828703731298447, "tonal.chords_number_rate": 0.008101851679384708, "tonal.chords_strength.mean": 0.6016935706138611, "tonal.chords_strength.stdev": 0.0906674712896347, "tonal.hpcp_crest.mean": 14.227668762207031, "tonal.hpcp_crest.stdev": 6.857606887817383, "tonal.hpcp_entropy.mean": 1.9505455493927002, "tonal.hpcp_entropy.stdev": 0.7788207530975342, "tonal.key_edma.strength": 0.7454628944396973, "tonal.key_krumhansl.strength": 0.740337610244751, "tonal.key_temperley.strength": 0.7516514658927917, "tonal.tuning_diatonic_strength": 0.6139709949493408, "tonal.tuning_equal_tempered_deviation": 0.11536933481693268, "tonal.tuning_frequency": 437.7185363769531, "tonal.tuning_nontempered_energy_ratio": 0.7691600322723389, "lowlevel.barkbands.mean": [0.0013810504460707307, 0.03674132376909256, 0.010820879600942135, 0.003676065243780613, 0.003927256911993027, 0.0013220066903159022, 0.0008341948851011693, 0.000348158209817484, 0.0003412121150176972, 0.00021996602299623191, 0.00012139722821302712, 6.438724813051522e-05, 7.302581070689484e-05, 7.631681364728138e-05, 8.253885607700795e-05, 6.838231638539582e-05, 0.00010342747555114329, 6.60093646729365e-05, 8.865815470926464e-05, 6.682815728709102e-05, 5.9514302847674116e-05, 0.00011238935985602438, 0.00012110303941881284, 0.00013685210433322936, 4.2781965021276847e-05, 7.75866283220239e-06, 2.5073281229026634e-09], "lowlevel.barkbands.stdev": [0.0026030235458165407, 0.07761826366186142, 0.029900996014475822, 0.00908407662063837, 0.005553453229367733, 0.0020696076098829508, 0.00249652611091733, 0.00124532135669142, 0.0009205196984112263, 0.0010181989055126905, 0.0005199739243835211, 0.0002222304028691724, 0.00020549813052639365, 0.0002385979751124978, 0.0002711708366405219, 0.0002773186715785414, 0.0002788527053780854, 0.00022879301104694605, 0.00021970513626001775, 0.00022215994249563664, 0.00025169391301460564, 0.00035523815313354135, 0.00033050894853658974, 0.0003428662312217057, 0.00011992627696599811, 2.2769443603465334e-05, 7.781806310447337e-09], "lowlevel.erbbands.mean": [1.3783764839172363, 6.985072135925293, 12.49775218963623, 12.84476089477539, 11.930868148803711, 13.723858833312988, 13.117886543273926, 9.928430557250977, 8.56937313079834, 15.090039253234863, 6.73854923248291, 6.109577655792236, 9.062816619873047, 4.764243125915527, 4.352609634399414, 2.579852819442749, 3.142326593399048, 3.6346426010131836, 4.269100189208984, 4.306618690490723, 4.108725070953369, 6.236215591430664, 4.0360260009765625, 3.144864797592163, 5.338346004486084, 3.004779100418091, 2.381511926651001, 2.431666135787964, 3.7045774459838867, 4.696399211883545, 3.0314011573791504, 2.927319288253784, 2.1345605850219727, 0.640949010848999, 0.23336870968341827, 0.07478923350572586, 0.006491759791970253, 0.00019070119014941156, 3.917929279850796e-05, 6.881927401991561e-05], "lowlevel.erbbands.stdev": [2.7988452911376953, 16.3764705657959, 32.751121520996094, 33.73233413696289, 22.950334548950195, 18.506237030029297, 15.99944019317627, 19.3101863861084, 28.3940486907959, 53.377628326416016, 20.220308303833008, 15.302033424377441, 32.34370803833008, 16.685413360595703, 17.180002212524414, 7.905395984649658, 8.749999046325684, 9.987156867980957, 11.996237754821777, 15.77945613861084, 14.858201026916504, 16.939102172851562, 12.30800724029541, 11.413131713867188, 11.851964950561523, 10.25338363647461, 10.339651107788086, 9.722207069396973, 12.955769538879395, 11.605583190917969, 8.896857261657715, 7.640154838562012, 5.438419342041016, 1.8006105422973633, 0.6485625505447388, 0.21306085586547852, 0.022867966443300247, 0.0006629530107602477, 5.723304639104754e-05, 0.0001043588636093773], "lowlevel.gfcc.mean": [-104.10407257080078, 106.42720031738281, -58.632938385009766, 59.396305084228516, -74.1944351196289, 13.610447883605957, -57.16985321044922, 1.4521121978759766, -21.568546295166016, -16.108234405517578, -3.862497568130493, -7.5517191886901855, -4.6261677742004395], "lowlevel.melbands.mean": [0.011052276007831097, 0.007130330894142389, 0.002231573686003685, 0.0009012937662191689, 0.0005080856499262154, 0.00023041648091748357, 0.00013622491678688675, 0.00014642289897892624, 5.195552876102738e-05, 4.064710810780525e-05, 4.6332712372532114e-05, 2.0343648429843597e-05, 1.689956297923345e-05, 6.602464054594748e-06, 7.48285356166889e-06, 7.1676954576105345e-06, 6.676258180959849e-06, 7.0268083618429955e-06, 6.39004110780661e-06, 4.699809778685449e-06, 4.7008238652779255e-06, 6.612815013795625e-06, 5.106605385662988e-06, 2.5746317078301217e-06, 2.372835297137499e-06, 3.818838649749523e-06, 3.509720500005642e-06, 1.6259498352155788e-06, 1.3997406540511292e-06, 1.5278194496204378e-06, 1.3315338946995325e-06, 1.9616570625657914e-06, 2.502277766325278e-06, 2.64718300968525e-06, 1.7190046719406382e-06, 1.5846123915252974e-06, 1.9255410279583884e-06, 1.746033035487926e-06, 7.90795070315653e-07, 4.617089075509284e-07], "lowlevel.melbands.stdev": [0.02283783070743084, 0.016217060387134552, 0.005372863262891769, 0.0013957173796370625, 0.000595428398810327, 0.00041539245285093784, 0.00042088908958248794, 0.0005197719438001513, 0.0001775601995177567, 0.00010697201651055366, 0.00016943753871601075, 7.77629466028884e-05, 7.218365499284118e-05, 2.3509264792664908e-05, 2.4497265258105472e-05, 1.9049235561396927e-05, 1.996153878280893e-05, 2.1250445570331067e-05, 2.240719913970679e-05, 1.8926783013739623e-05, 1.7950240362551995e-05, 1.9031833289773203e-05, 1.3183857845433522e-05, 1.0247158570564352e-05, 9.338509698864073e-06, 8.879871529643424e-06, 9.045465958479326e-06, 6.408951321645873e-06, 6.379854767146753e-06, 6.528224275825778e-06, 5.348858849174576e-06, 7.433058726746822e-06, 7.274952622537967e-06, 6.453065452660667e-06, 5.24143069924321e-06, 4.835898835153785e-06, 5.056260306446347e-06, 4.4733737922797445e-06, 2.379480065428652e-06, 1.3560968454839895e-06], "lowlevel.melbands128.mean": [0.001350206439383328, 0.011489025317132473, 0.01541362889111042, 0.009954109787940979, 0.006883449386805296, 0.004926461260765791, 0.0026243890170007944, 0.0017162696458399296, 0.001101001282222569, 0.0008795200847089291, 0.0007594015332870185, 0.0006259319488890469, 0.00041046569822356105, 0.0004172248882241547, 0.00023358184262178838, 0.00011946132144657895, 0.00014726129302289337, 0.00010268284677295014, 0.00016020452312659472, 0.00023368731490336359, 9.168157703243196e-05, 4.149091546423733e-05, 5.334514207788743e-05, 5.7815981563180685e-05, 2.4460414351779036e-05, 4.120649100514129e-05, 5.9025929658673704e-05, 4.052968506584875e-05, 5.1009505114052445e-05, 1.545004124636762e-05, 1.1833337339339778e-05, 2.069522270176094e-05, 2.1699155695387162e-05, 1.0379486411693506e-05, 8.021957000892144e-06, 3.7295533275027992e-06, 7.077394911902957e-06, 9.129683348874096e-06, 6.72328997097793e-06, 5.864407285116613e-06, 7.493960310966941e-06, 9.1748288468807e-06, 5.2420064093894325e-06, 5.443631835078122e-06, 9.710043741506524e-06, 6.011919140291866e-06, 6.132151156634791e-06, 6.324373771349201e-06, 6.9758248173457105e-06, 5.931337000220083e-06, 3.5210418900533114e-06, 4.379736310511362e-06, 5.138086180522805e-06, 4.475567948247772e-06, 4.57055239166948e-06, 8.370032446691766e-06, 6.678944373561535e-06, 5.47858098798315e-06, 5.001999397791224e-06, 3.307965698695625e-06, 2.225807293143589e-06, 2.178839849875658e-06, 2.2727138002665015e-06, 2.2993692709860625e-06, 2.699544438655721e-06, 3.843354534183163e-06, 4.609705683833454e-06, 4.192111646261765e-06, 3.532865093802684e-06, 2.203991925853188e-06, 1.36938615469262e-06, 1.5917786413410795e-06, 1.221792672367883e-06, 1.4358819271365064e-06, 1.439209199816105e-06, 1.6304818473145133e-06, 1.516931888545514e-06, 1.3286665989653557e-06, 1.169556185232068e-06, 1.4555523648596136e-06, 1.9004813793799258e-06, 2.1922851374256425e-06, 2.1602170363621553e-06, 2.4853611648723017e-06, 2.7194057565793628e-06, 3.1031954677018803e-06, 2.426450009807013e-06, 2.251077148684999e-06, 1.4665491789855878e-06, 1.5449290913238656e-06, 1.671700715633051e-06, 1.5381625644295127e-06, 1.5271338043021387e-06, 2.1070186448923778e-06, 1.983256879611872e-06, 1.985320523090195e-06, 1.7576460322743515e-06, 1.3709553741136915e-06, 7.112810749276832e-07, 5.897732648918463e-07, 4.550908840883494e-07, 5.110570100441691e-07, 3.643129389274691e-07, 2.5627238642300654e-07, 2.1151878115688305e-07, 2.6495325755604426e-07, 2.4495147954439744e-07, 1.5741312608952285e-07, 1.2240454339007556e-07, 8.745329438397675e-08, 4.4067554938465037e-08, 2.515903751998394e-08, 4.831691491347101e-09, 2.014469036026867e-09, 7.771131516065566e-10, 8.814243779298181e-11, 2.268552533324364e-11, 1.111192995256749e-11, 1.0055238759687501e-11, 9.779722170977223e-12, 9.553179428078984e-12, 9.371240762556798e-12, 9.154236396691218e-12, 8.997825921841507e-12, 8.823340495733856e-12, 8.623941838425964e-12, 8.50298390725479e-12, 8.450315100438921e-12], "lowlevel.melbands128.stdev": [0.002571609802544117, 0.023358803242444992, 0.034940075129270554, 0.026239076629281044, 0.018887946382164955, 0.013760203495621681, 0.007474534213542938, 0.0038419810589402914, 0.0023223054595291615, 0.001698032720014453, 0.00111079728230834, 0.0009473934187553823, 0.0006154173752292991, 0.0006762364064343274, 0.0005720817134715617, 0.000488613557536155, 0.0006228430429473519, 0.0005274310242384672, 0.0006362191634252667, 0.0009684839169494808, 0.00040682207327336073, 0.0002225888893008232, 0.00026334740687161684, 0.0002459211682435125, 8.685573266120628e-05, 0.00017195135296788067, 0.0002463168930262327, 0.00019579938089009374, 0.00031267566373571754, 7.823828491382301e-05, 7.602070400025696e-05, 0.0001117495630751364, 0.00011989849735982716, 5.5692427849862725e-05, 4.988882574252784e-05, 1.2453839190129656e-05, 3.638143971329555e-05, 3.537926750141196e-05, 3.3301876101177186e-05, 2.6543108106125146e-05, 2.4468745323247276e-05, 3.266693602199666e-05, 2.5480037948000245e-05, 2.3891856471891515e-05, 4.594081110553816e-05, 1.9742330550798215e-05, 2.327088986930903e-05, 2.7667390895658173e-05, 3.222664236091077e-05, 3.272043977631256e-05, 1.8318747606826946e-05, 1.9737908587558195e-05, 2.514798688935116e-05, 1.9398181393626146e-05, 1.5242919289448764e-05, 2.8736798412865028e-05, 1.953669016074855e-05, 1.5606949091306888e-05, 1.5067157619341742e-05, 1.2901611626148224e-05, 9.967517144104932e-06, 1.1780599379562773e-05, 1.1415498192945961e-05, 9.327184670837596e-06, 9.17508987186011e-06, 1.0410081813461147e-05, 1.06215629784856e-05, 1.0542643394728657e-05, 1.1560460734472144e-05, 8.538157999282703e-06, 6.292435500654392e-06, 7.109588295861613e-06, 5.624912773782853e-06, 7.564040970464703e-06, 6.937604211998405e-06, 7.173801350290887e-06, 6.916356142028235e-06, 5.934736236667959e-06, 4.993391030438943e-06, 6.401803602784639e-06, 8.003129551070742e-06, 8.779535164649133e-06, 8.521701602148823e-06, 8.281573173007928e-06, 7.16345584805822e-06, 8.054477802943438e-06, 6.592405952687841e-06, 7.219430699478835e-06, 4.588574029185111e-06, 5.68009363632882e-06, 5.95152187088388e-06, 4.970836926077027e-06, 4.359009381005308e-06, 5.875433089386206e-06, 5.892019089515088e-06, 5.700348083337303e-06, 4.556685325951548e-06, 4.531434569798876e-06, 2.4703965664230054e-06, 2.0004817997687496e-06, 1.3646154002344701e-06, 1.6880649127415381e-06, 1.1397629577913904e-06, 7.682596674385422e-07, 7.442819764946762e-07, 7.693692509747052e-07, 7.859832749090856e-07, 5.090132049190288e-07, 3.774215144858317e-07, 2.7854505901814264e-07, 1.8178248240019457e-07, 1.5439361789049144e-07, 3.7620932147319763e-08, 2.2381595243814445e-08, 9.257509425708577e-09, 1.3533296705503517e-09, 2.479812466482656e-10, 2.8776170682420776e-11, 2.0215398799372508e-11, 1.9682791854713777e-11, 1.9227947359312658e-11, 1.88433157966017e-11, 1.843217245500739e-11, 1.8122770645279118e-11, 1.7864047047178033e-11, 1.7648786945767547e-11, 1.749629434388833e-11, 1.7402352128770282e-11], "lowlevel.mfcc.mean": [-759.7218017578125, 123.05255126953125, 68.82733917236328, 35.20923614501953, 21.600805282592773, 1.2103575468063354, -9.239984512329102, 7.905351638793945, -18.08734130859375, -1.6720796823501587, -4.936482906341553, -12.790643692016602, -2.2466225624084473], "lowlevel.spectral_contrast_coeffs.mean": [-0.6301592588424683, -0.7246648073196411, -0.7915534973144531, -0.8104844689369202, -0.7693215608596802, -0.7899420261383057], "lowlevel.spectral_contrast_coeffs.stdev": [0.10374628007411957, 0.08386918157339096, 0.08070653676986694, 0.06444943696260452, 0.0748891606926918, 0.046786531805992126], "lowlevel.spectral_contrast_valleys.mean": [-6.95238733291626, -7.968886852264404, -9.189804077148438, -9.478231430053711, -9.376951217651367, -10.87466049194336], "lowlevel.spectral_contrast_valleys.stdev": [1.2246325016021729, 0.829899787902832, 1.1218559741973877, 1.2858349084854126, 1.2739547491073608, 1.1686890125274658], "rhythm.beats_loudness_band_ratio.mean": [0.9364446401596069, 0.045074477791786194, 0.02224637009203434, 0.009284913539886475, 0.0027387875597923994, 0.0060579488053917885], "rhythm.beats_loudness_band_ratio.stdev": [0.1463586837053299, 0.14821425080299377, 0.0663720965385437, 0.033526092767715454, 0.00418892502784729, 0.011060083284974098], "tonal.hpcp.mean": [0.15207920968532562, 0.1030305027961731, 0.042411040514707565, 0.03123539686203003, 0.03640766814351082, 0.09714508056640625, 0.2172519564628601, 0.17686550319194794, 0.05878900736570358, 0.03783145919442177, 0.022582998499274254, 0.052375391125679016, 0.16211871802806854, 0.1321818083524704, 0.018690144643187523, 0.011641066521406174, 0.015211492776870728, 0.035457149147987366, 0.09445952624082565, 0.1170872151851654, 0.15644991397857666, 0.21965347230434418, 0.14560629427433014, 0.05054045468568802, 0.02836739644408226, 0.02416226826608181, 0.04311342164874077, 0.06603608280420303, 0.05807351693511009, 0.052142828702926636, 0.06993025541305542, 0.10819452255964279, 0.1650380939245224, 0.1823241263628006, 0.13331139087677002, 0.12198743969202042], "tonal.hpcp.stdev": [0.31122133135795593, 0.23053044080734253, 0.1684671938419342, 0.12977220118045807, 0.14835229516029358, 0.20361566543579102, 0.31680357456207275, 0.266510009765625, 0.18556712567806244, 0.15928800404071808, 0.10775329172611237, 0.13670891523361206, 0.2966236174106598, 0.24726492166519165, 0.10233422368764877, 0.08116583526134491, 0.08971121907234192, 0.12099988758563995, 0.19759076833724976, 0.23048129677772522, 0.26953887939453125, 0.3237327039241791, 0.2534387707710266, 0.16145111620426178, 0.12016112357378006, 0.1104423776268959, 0.14235331118106842, 0.19770705699920654, 0.169978067278862, 0.1846393346786499, 0.20900920033454895, 0.269014835357666, 0.3146531581878662, 0.3255891799926758, 0.27287042140960693, 0.24599707126617432], "rhythm.beats_position": [0.6965986490249634, 1.4164172410964966, 2.1362357139587402, 2.8560543060302734, 3.5758728981018066, 4.28408145904541, 4.9690704345703125, 5.642448902130127, 6.315827369689941, 6.977596282958984, 7.639364719390869, 8.312743186950684, 8.974512100219727, 9.63628101348877, 10.309659957885742, 10.983037948608398, 11.633196830749512, 12.306575775146484, 12.979954719543457, 13.641722679138184, 14.303491592407227, 14.9768705368042, 15.650249481201172, 16.3120174407959, 16.973787307739258, 17.647165298461914, 18.30893325805664, 18.970703125, 19.644081115722656, 20.317459106445312, 20.967618942260742, 21.6409969329834, 22.314376831054688, 22.976144790649414, 23.63791275024414, 24.31129264831543, 24.984670639038086, 25.634828567504883, 26.308208465576172, 26.981586456298828, 27.643356323242188, 28.305124282836914, 28.97850227355957, 29.64027214050293, 30.302040100097656, 30.975418090820312, 31.6487979888916, 32.31056594848633, 32.97233581542969, 33.645713806152344, 34.3074836730957, 34.9692497253418, 35.64263153076172, 36.30439758300781, 36.96616744995117, 37.63954544067383, 38.312923431396484, 38.974693298339844, 39.6364631652832], "rhythm.bpm_histogram": [0.0, 0.0, 0.0, 0.0, 0.0, 0.0, 0.0, 0.0, 0.0, 0.0, 0.0, 0.0, 0.0, 0.0, 0.0, 0.0, 0.0, 0.0, 0.0, 0.0, 0.0, 0.0, 0.0, 0.0, 0.0, 0.0, 0.0, 0.0, 0.0, 0.0, 0.0, 0.0, 0.0, 0.0, 0.0, 0.0, 0.0, 0.0, 0.0, 0.0, 0.0, 0.0, 0.0, 0.0, 0.0, 0.0, 0.0, 0.0, 0.0, 0.0, 0.0, 0.0, 0.0, 0.0, 0.0, 0.0, 0.0, 0.0, 0.0, 0.0, 0.0, 0.0, 0.0, 0.0, 0.0, 0.0, 0.0, 0.0, 0.0, 0.0, 0.0, 0.0, 0.0, 0.0, 0.0, 0.0, 0.0, 0.0, 0.0, 0.0, 0.0, 0.0, 0.0, 0.06896551698446274, 0.0, 0.017241379246115685, 0.0, 0.0, 0.017241379246115685, 0.43103447556495667, 0.0, 0.4137931168079376, 0.0517241396009922, 0.0, 0.0, 0.0, 0.0, 0.0, 0.0, 0.0, 0.0, 0.0, 0.0, 0.0, 0.0, 0.0, 0.0, 0.0, 0.0, 0.0, 0.0, 0.0, 0.0, 0.0, 0.0, 0.0, 0.0, 0.0, 0.0, 0.0, 0.0, 0.0, 0.0, 0.0, 0.0, 0.0, 0.0, 0.0, 0.0, 0.0, 0.0, 0.0, 0.0, 0.0, 0.0, 0.0, 0.0, 0.0, 0.0, 0.0, 0.0, 0.0, 0.0, 0.0, 0.0, 0.0, 0.0, 0.0, 0.0, 0.0, 0.0, 0.0, 0.0, 0.0, 0.0, 0.0, 0.0, 0.0, 0.0, 0.0, 0.0, 0.0, 0.0, 0.0, 0.0, 0.0, 0.0, 0.0, 0.0, 0.0, 0.0, 0.0, 0.0, 0.0, 0.0, 0.0, 0.0, 0.0, 0.0, 0.0, 0.0, 0.0, 0.0, 0.0, 0.0, 0.0, 0.0, 0.0, 0.0, 0.0, 0.0, 0.0, 0.0, 0.0, 0.0, 0.0, 0.0, 0.0, 0.0, 0.0, 0.0, 0.0, 0.0, 0.0, 0.0, 0.0, 0.0, 0.0, 0.0, 0.0, 0.0, 0.0, 0.0, 0.0, 0.0, 0.0, 0.0, 0.0, 0.0, 0.0, 0.0, 0.0, 0.0, 0.0, 0.0, 0.0, 0.0, 0.0, 0.0, 0.0, 0.0, 0.0, 0.0, 0.0, 0.0, 0.0, 0.0, 0.0, 0.0, 0.0, 0.0, 0.0, 0.0, 0.0, 0.0, 0.0, 0.0, 0.0, 0.0, 0.0], "tonal.chords_histogram": [7.1759257316589355, 21.875, 4.861111164093018, 0.0, 0.0, 0.0, 0.0, 0.0, 4.629629611968994, 0.0, 0.0, 0.0, 0.0, 0.0, 0.0, 0.0, 0.0, 0.11574073880910873, 0.0, 0.0, 0.0, 1.1574074029922485, 15.162036895751953, 45.02314758300781], "tonal.thpcp": [1.0, 0.6628909111022949, 0.23009176552295685, 0.12914612889289856, 0.11000175774097443, 0.19627925753593445, 0.30063754320144653, 0.26438698172569275, 0.2373867779970169, 0.31836625933647156, 0.4925691485404968, 0.7513566613197327, 0.830053448677063, 0.6069168448448181, 0.555363118648529, 0.6923596858978271, 0.4690592885017395, 0.1930815875530243, 0.14220306277275085, 0.16575047373771667, 0.44226518273353577, 0.9890667796134949, 0.8052024245262146, 0.26764434576034546, 0.1722324639558792, 0.10281193256378174, 0.23844553530216217, 0.7380658388137817, 0.601774275302887, 0.08508922904729843, 0.052997417747974396, 0.06925223022699356, 0.16142311692237854, 0.43003883957862854, 0.5330542325973511, 0.7122578620910645], "lowlevel.gfcc.cov": [[10048.806640625, -1496.315185546875, -1718.1201171875, 735.0933227539062, 607.8748779296875, 1302.0987548828125, 654.7572021484375, 1188.49951171875, 344.53631591796875, 582.0005493164062, 3.7164506912231445, 224.69662475585938, -332.537353515625], [-1496.315185546875, 1767.1798095703125, 319.0220642089844, -407.03753662109375, 439.40185546875, -72.82201385498047, 336.1038513183594, -86.68905639648438, 294.9204406738281, -148.5803985595703, 312.8522033691406, -84.1463623046875, 128.0357208251953], [-1718.1201171875, 319.0220642089844, 1679.0511474609375, 498.6557922363281, 211.9435577392578, 83.73198699951172, 261.4765625, -48.38530349731445, 128.03663635253906, 65.11688232421875, 113.42706298828125, 60.487159729003906, 187.7567138671875], [735.0933227539062, -407.03753662109375, 498.6557922363281, 955.5835571289062, 428.02587890625, 188.94387817382812, 155.01461791992188, 162.04071044921875, 245.51602172851562, 158.0093994140625, 40.24961471557617, 117.26101684570312, 191.10438537597656], [607.8748779296875, 439.40185546875, 211.9435577392578, 428.02587890625, 882.2533569335938, 303.50653076171875, 301.1356506347656, 238.0480499267578, 392.6664123535156, 158.53634643554688, 183.81993103027344, 125.95860290527344, 182.19601440429688], [1302.0987548828125, -72.82201385498047, 83.73198699951172, 188.94387817382812, 303.50653076171875, 498.8300476074219, 350.481201171875, 243.15577697753906, 140.10328674316406, 179.68197631835938, 114.39908599853516, 75.59162139892578, 5.246035575866699], [654.7572021484375, 336.1038513183594, 261.4765625, 155.01461791992188, 301.1356506347656, 350.481201171875, 662.3831787109375, 231.9988555908203, 153.1953582763672, 148.87380981445312, 223.36810302734375, 76.23468017578125, 82.59876251220703], [1188.49951171875, -86.68905639648438, -48.38530349731445, 162.04071044921875, 238.0480499267578, 243.15577697753906, 231.9988555908203, 376.87445068359375, 188.15133666992188, 100.74161529541016, 76.75191497802734, 86.60740661621094, 6.6247663497924805], [344.53631591796875, 294.9204406738281, 128.03663635253906, 245.51602172851562, 392.6664123535156, 140.10328674316406, 153.1953582763672, 188.15133666992188, 428.19769287109375, 103.81869506835938, 144.29148864746094, 61.11204528808594, 133.27804565429688], [582.0005493164062, -148.5803985595703, 65.11688232421875, 158.0093994140625, 158.53634643554688, 179.68197631835938, 148.87380981445312, 100.74161529541016, 103.81869506835938, 254.86012268066406, 81.86473846435547, 36.026248931884766, 19.770071029663086], [3.7164506912231445, 312.8522033691406, 113.42706298828125, 40.24961471557617, 183.81993103027344, 114.39908599853516, 223.36810302734375, 76.75191497802734, 144.29148864746094, 81.86473846435547, 244.08717346191406, 50.74214553833008, 60.14393615722656], [224.69662475585938, -84.1463623046875, 60.487159729003906, 117.26101684570312, 125.95860290527344, 75.59162139892578, 76.23468017578125, 86.60740661621094, 61.11204528808594, 36.026248931884766, 50.74214553833008, 166.07894897460938, 61.52711868286133], [-332.537353515625, 128.0357208251953, 187.7567138671875, 191.10438537597656, 182.19601440429688, 5.246035575866699, 82.59876251220703, 6.6247663497924805, 133.27804565429688, 19.770071029663086, 60.14393615722656, 61.52711868286133, 182.68844604492188]], "lowlevel.gfcc.icov": [[0.0004289771895855665, -0.00022651100880466402, 0.0005669916863553226, -0.0006664975662715733, 0.00029339591856114566, -0.0007865998195484281, 7.676469067519065e-06, -0.0006939608138054609, 6.231159932212904e-05, -0.00039114730316214263, 0.000459662260254845, -0.00029363788780756295, 0.0007501832442358136], [-0.00022651100880466402, 0.004161810502409935, -0.001139761647209525, 0.0033789549488574266, -0.003140316577628255, 0.002175763715058565, -0.0023258912842720747, 0.0023554987274110317, -0.0025667373556643724, 0.0035651016514748335, -0.0028390116058290005, 0.002776899142190814, -0.00017060007667168975], [0.0005669916863553226, -0.001139761647209525, 0.0017505931900814176, -0.001955936895683408, 0.0011129197664558887, -0.00140290311537683, 0.00011106405145255849, -0.0008171673398464918, 0.000522625632584095, -0.0010988267604261637, 0.001019638730213046, -0.0009612415451556444, 0.0007132100872695446], [-0.0006664975662715733, 0.0033789549488574266, -0.001955936895683408, 0.005265752784907818, -0.0031328178010880947, 0.0023301185574382544, -0.0014437324134632945, 0.002011410892009735, -0.002026188652962446, 0.0023545208387076855, -0.001788887893781066, 0.0021967028733342886, -0.0023696660064160824], [0.00029339591856114566, -0.003140316577628255, 0.0011129197664558887, -0.0031328178010880947, 0.004950400907546282, -0.0027011006604880095, 0.0016317557310685515, -0.001907004159875214, 0.0005112855578772724, -0.0026446888223290443, 0.0018928038189187646, -0.0024523374158889055, -0.0005438702646642923], [-0.0007865998195484281, 0.002175763715058565, -0.00140290311537683, 0.0023301185574382544, -0.0027011006604880095, 0.007058508228510618, -0.0027808474842458963, 0.001091397600248456, -0.0010782732861116529, 0.000603371940087527, -0.0015223462833091617, 0.001078423927538097, 0.0006158748874440789], [7.676469067519065e-06, -0.0023258912842720747, 0.00011106405145255849, -0.0014437324134632945, 0.0016317557310685515, -0.0027808474842458963, 0.005104822106659412, -0.0027211159467697144, 0.002643291372805834, -0.0020299383904784918, -0.0008429098525084555, -0.0006684527616016567, -0.0019227954326197505], [-0.0006939608138054609, 0.0023554987274110317, -0.0008171673398464918, 0.002011410892009735, -0.001907004159875214, 0.001091397600248456, -0.0027211159467697144, 0.00815615151077509, -0.00395388575270772, 0.0025540071073919535, -0.0009500373271293938, -0.000487977871671319, 0.0017120441189035773], [6.231159932212904e-05, -0.0025667373556643724, 0.000522625632584095, -0.002026188652962446, 0.0005112855578772724, -0.0010782732861116529, 0.002643291372805834, -0.00395388575270772, 0.007496968377381563, -0.0027221804484725, -0.00042384580592624843, -0.00010723526065703481, -0.0030350491870194674], [-0.00039114730316214263, 0.0035651016514748335, -0.0010988267604261637, 0.0023545208387076855, -0.0026446888223290443, 0.000603371940087527, -0.0020299383904784918, 0.0025540071073919535, -0.0027221804484725, 0.009033098816871643, -0.003682222217321396, 0.002463370794430375, 0.0002921894774772227], [0.000459662260254845, -0.0028390116058290005, 0.001019638730213046, -0.001788887893781066, 0.0018928038189187646, -0.0015223462833091617, -0.0008429098525084555, -0.0009500373271293938, -0.00042384580592624843, -0.003682222217321396, 0.009899672120809555, -0.0034008994698524475, 0.0008152764057740569], [-0.00029363788780756295, 0.002776899142190814, -0.0009612415451556444, 0.0021967028733342886, -0.0024523374158889055, 0.001078423927538097, -0.0006684527616016567, -0.000487977871671319, -0.00010723526065703481, 0.002463370794430375, -0.0034008994698524475, 0.01044902577996254, -0.003643782576546073], [0.0007501832442358136, -0.00017060007667168975, 0.0007132100872695446, -0.0023696660064160824, -0.0005438702646642923, 0.0006158748874440789, -0.0019227954326197505, 0.0017120441189035773, -0.0030350491870194674, 0.0002921894774772227, 0.0008152764057740569, -0.003643782576546073, 0.013178039342164993]], "lowlevel.mfcc.cov": [[11196.6650390625, -1955.121337890625, -1954.7911376953125, -257.2054443359375, 219.5836944580078, 362.47265625, 529.1812133789062, 828.5707397460938, 516.4895629882812, 663.260498046875, 725.8023071289062, 302.5165710449219, 443.04736328125], [-1955.121337890625, 2080.448486328125, -39.41986846923828, -265.40216064453125, 80.52251434326172, -15.408014297485352, 123.64207458496094, 126.7022933959961, -44.621761322021484, -25.532100677490234, 192.47772216796875, 46.217350006103516, 99.50283813476562], [-1954.7911376953125, -39.41986846923828, 1421.5439453125, 401.39111328125, -34.93229293823242, 153.80101013183594, 113.55755615234375, -54.287109375, 70.8615951538086, -4.0863447189331055, -84.45582580566406, 65.70490264892578, -49.185546875], [-257.2054443359375, -265.40216064453125, 401.39111328125, 746.5325927734375, 334.30035400390625, 230.27279663085938, 64.17986297607422, 42.74301528930664, 275.09259033203125, 18.25640106201172, -6.328030109405518, 183.02227783203125, 70.26271057128906], [219.5836944580078, 80.52251434326172, -34.93229293823242, 334.30035400390625, 685.553955078125, 172.51287841796875, -61.02557373046875, 170.69204711914062, 223.1379852294922, 86.78619384765625, 92.37811279296875, 149.4076690673828, 122.0374984741211], [362.47265625, -15.408014297485352, 153.80101013183594, 230.27279663085938, 172.51287841796875, 420.6509094238281, 240.78890991210938, 74.03437042236328, 199.4124298095703, 100.19571685791016, 136.73545837402344, 164.86932373046875, 64.78604888916016], [529.1812133789062, 123.64207458496094, 113.55755615234375, 64.17986297607422, -61.02557373046875, 240.78890991210938, 494.9330749511719, 175.9816131591797, 119.60835266113281, 121.43030548095703, 192.67901611328125, 112.6324462890625, 86.19288635253906], [828.5707397460938, 126.7022933959961, -54.287109375, 42.74301528930664, 170.69204711914062, 74.03437042236328, 175.9816131591797, 403.5927429199219, 163.5525360107422, 100.28227996826172, 163.82823181152344, 87.99424743652344, 164.24432373046875], [516.4895629882812, -44.621761322021484, 70.8615951538086, 275.09259033203125, 223.1379852294922, 199.4124298095703, 119.60835266113281, 163.5525360107422, 335.6192321777344, 120.73485565185547, 99.69877624511719, 123.71087646484375, 97.84552764892578], [663.260498046875, -25.532100677490234, -4.0863447189331055, 18.25640106201172, 86.78619384765625, 100.19571685791016, 121.43030548095703, 100.28227996826172, 120.73485565185547, 285.5623779296875, 163.78790283203125, 69.60176086425781, 54.42728805541992], [725.8023071289062, 192.47772216796875, -84.45582580566406, -6.328030109405518, 92.37811279296875, 136.73545837402344, 192.67901611328125, 163.82823181152344, 99.69877624511719, 163.78790283203125, 295.77716064453125, 123.31352233886719, 86.91740417480469], [302.5165710449219, 46.217350006103516, 65.70490264892578, 183.02227783203125, 149.4076690673828, 164.86932373046875, 112.6324462890625, 87.99424743652344, 123.71087646484375, 69.60176086425781, 123.31352233886719, 224.2762908935547, 91.95592498779297], [443.04736328125, 99.50283813476562, -49.185546875, 70.26271057128906, 122.0374984741211, 64.78604888916016, 86.19288635253906, 164.24432373046875, 97.84552764892578, 54.42728805541992, 86.91740417480469, 91.95592498779297, 180.53268432617188]], "lowlevel.mfcc.icov": [[0.0003112313279416412, 0.00038516795029863715, 0.000376536714611575, 0.0001720668951747939, 9.388338366989046e-05, -9.779358515515924e-05, -5.436701394501142e-05, -0.00032075168564915657, -0.00018219061894342303, -0.00017281246255151927, -0.0003962684713769704, -0.00011189925135113299, -0.0002524446463212371], [0.00038516795029863715, 0.0010932674631476402, 0.00031937332823872566, 0.0006461591692641377, -0.0001930714352056384, 0.00010296464461134747, -0.00028443161863833666, -0.00020001656957902014, -0.00032296523568220437, 0.0002661582548171282, -0.0010244270088151097, -0.00017737010784912854, -0.0006225971737876534], [0.000376536714611575, 0.00031937332823872566, 0.0014489652821794152, -0.0005662190960720181, 0.0004827647644560784, -0.00042265644879080355, -0.00014920986723154783, -0.0006514785345643759, 0.0001393883430864662, -0.000585629022680223, 9.618715557735413e-05, -0.0002385475963819772, 0.00018052470113616437], [0.0001720668951747939, 0.0006461591692641377, -0.0005662190960720181, 0.0036941119469702244, -0.0012872765073552728, 0.00024117130669765174, -0.0006496771238744259, 0.0008268739911727607, -0.0022746948525309563, 0.0009225675603374839, 0.000380352430511266, -0.0015889094211161137, -0.000447955826530233], [9.388338366989046e-05, -0.0001930714352056384, 0.0004827647644560784, -0.0012872765073552728, 0.0032134109642356634, -0.0013094436144456267, 0.001940976595506072, -0.0013838624581694603, -7.152325269998983e-05, -0.0006834574160166085, -0.000285516754956916, -0.00023092300398275256, -0.00036155644920654595], [-9.779358515515924e-05, 0.00010296464461134747, -0.00042265644879080355, 0.00024117130669765174, -0.0013094436144456267, 0.0057908776216208935, -0.002597077051177621, 0.001813623821362853, -0.0020069903694093227, 0.0005584914470091462, -0.0005828552530147135, -0.0016738094855099916, 0.0004237908578943461], [-5.436701394501142e-05, -0.00028443161863833666, -0.00014920986723154783, -0.0006496771238744259, 0.001940976595506072, -0.002597077051177621, 0.004873828962445259, -0.0017307611415162683, 0.000518190732691437, -0.0004942466039210558, -0.0012805330334231257, 0.00023330864496529102, -0.00026420076028443873], [-0.00032075168564915657, -0.00020001656957902014, -0.0006514785345643759, 0.0008268739911727607, -0.0013838624581694603, 0.001813623821362853, -0.0017307611415162683, 0.006213887594640255, -0.001988631207495928, 0.0009617030736990273, -0.0012304141419008374, 0.0007812028052285314, -0.0031618555076420307], [-0.00018219061894342303, -0.00032296523568220437, 0.0001393883430864662, -0.0022746948525309563, -7.152325269998983e-05, -0.0020069903694093227, 0.000518190732691437, -0.001988631207495928, 0.007467727642506361, -0.0019365859916433692, 0.0008556435350328684, 0.00022846434148959816, -0.00011306486703688279], [-0.00017281246255151927, 0.0002661582548171282, -0.000585629022680223, 0.0009225675603374839, -0.0006834574160166085, 0.0005584914470091462, -0.0004942466039210558, 0.0009617030736990273, -0.0019365859916433692, 0.006268514785915613, -0.0030872190836817026, 0.00040650105802342296, -0.0001795453717932105], [-0.0003962684713769704, -0.0010244270088151097, 9.618715557735413e-05, 0.000380352430511266, -0.000285516754956916, -0.0005828552530147135, -0.0012805330334231257, -0.0012304141419008374, 0.0008556435350328684, -0.0030872190836817026, 0.009244687855243683, -0.0028650604654103518, 0.0010237181559205055], [-0.00011189925135113299, -0.00017737010784912854, -0.0002385475963819772, -0.0015889094211161137, -0.00023092300398275256, -0.0016738094855099916, 0.00023330864496529102, 0.0007812028052285314, 0.00022846434148959816, 0.00040650105802342296, -0.0028650604654103518, 0.009453490376472473, -0.0028217784129083157], [-0.0002524446463212371, -0.0006225971737876534, 0.00018052470113616437, -0.000447955826530233, -0.00036155644920654595, 0.0004237908578943461, -0.00026420076028443873, -0.0031618555076420307, -0.00011306486703688279, -0.0001795453717932105, 0.0010237181559205055, -0.0028217784129083157, 0.010880251415073872]], "metadata.audio_properties.analysis.downmix": "mix", "metadata.audio_properties.codec": "mp3", "metadata.audio_properties.md5_encoded": "9c143138f80e750f302323c0a60da08b", "metadata.tags.file_name": "1183704157442555995.mp3", "metadata.version.essentia": "2.1-beta6-dev", "metadata.version.essentia_git_sha": "v2.1_beta5-1110-g77a6a954", "metadata.version.extractor": "music 2.0", "tonal.chords_key": "C#", "tonal.chords_scale": "minor", "tonal.key_edma.key": "A", "tonal.key_edma.scale": "major", "tonal.key_krumhansl.key": "E", "tonal.key_krumhansl.scale": "major", "tonal.key_temperley.key": "E", "tonal.key_temperley.scale": "major", "metadata.tags.encoding": ["Lavf58.45.100"]}, "essentia_models": [{"model_name": "genre_dortmund", "activations": {"alte