{"song_id": "1183704970579693668", "download": "https://cdn.discordapp.com/attachments/1128313332273782784/1183704970579693668/chirp.mp4?ex=65894e29&amp", "lyrics": "(Verse 1)\n\u4f60\u6d3b\u5728\u8fd9\u4e2a\u65f6\u4ee3\uff0c\u522b\u95ee\u516b\u4e5d\u4e0d\u79bb\u5341\uff0c\n\u6bcf\u5929\u6296\u97f3\u55e8\uff0c\u65e0\u89c6\u98ce\u6708\u3002\n\u4e0d\u7ba1\u706b\u4e0d\u706b\uff0c\u53d1\u4e86\u518d\u770b\u7ed3\u679c\uff0c\n\u8fd9\u5e74\u4ee3\u4e0d\u662f80\u540e\uff0c90\u540e\uff0c\n\u66f4\u4e0d\u662f00\u540e\uff0c\n\u4ed6\u5988\u7684\uff0c\u662f\u8138\u76ae\u539a\u5144\u5f1f\u4eec\u3002\n\n(Chorus)\n\u4e0d\u95ee\u4e09\u4e03\u4e8c\u5341\u4e00\uff0c\n\u5929\u5929\u6296\u97f3\u4efb\u4f60\u63a8\u3002\n80\u540e90\u540e\u7edf\u7edf\u62c9\u5012\uff0c\n\u8fd9\u5e74\u5934\u9760\u7684\u662f\u8138\u76ae\u539a\u3002", "style": ["bob marley"], "essentia_features": {"lowlevel.average_loudness": 0.6326374411582947, "lowlevel.barkbands_crest.mean": 10.678627014160156, "lowlevel.barkbands_crest.stdev": 4.227543354034424, "lowlevel.barkbands_flatness_db.mean": 0.24322159588336945, "lowlevel.barkbands_flatness_db.stdev": 0.08978056907653809, "lowlevel.barkbands_kurtosis.mean": 6.621294021606445, "lowlevel.barkbands_kurtosis.stdev": 34.893402099609375, "lowlevel.barkbands_skewness.mean": 1.7091505527496338, "lowlevel.barkbands_skewness.stdev": 1.415508508682251, "lowlevel.barkbands_spread.mean": 14.368268966674805, "lowlevel.barkbands_spread.stdev": 18.559112548828125, "lowlevel.dissonance.mean": 0.42380285263061523, "lowlevel.dissonance.stdev": 0.045872148126363754, "lowlevel.dynamic_complexity": 5.722276210784912, "lowlevel.erbbands_crest.mean": 10.086640357971191, "lowlevel.erbbands_crest.stdev": 4.582420825958252, "lowlevel.erbbands_flatness_db.mean": 0.24859710037708282, "lowlevel.erbbands_flatness_db.stdev": 0.08966807276010513, "lowlevel.erbbands_kurtosis.mean": 0.9199202060699463, "lowlevel.erbbands_kurtosis.stdev": 3.221456527709961, "lowlevel.erbbands_skewness.mean": 0.43188774585723877, "lowlevel.erbbands_skewness.stdev": 0.8622392416000366, "lowlevel.erbbands_spread.mean": 27.878555297851562, "lowlevel.erbbands_spread.stdev": 19.780439376831055, "lowlevel.hfc.mean": 13.32880687713623, "lowlevel.hfc.stdev": 22.192628860473633, "lowlevel.loudness_ebu128.integrated": -17.74964714050293, "lowlevel.loudness_ebu128.loudness_range": 10.82918643951416, "lowlevel.loudness_ebu128.momentary.mean": -21.303857803344727, "lowlevel.loudness_ebu128.momentary.stdev": 5.713330268859863, "lowlevel.loudness_ebu128.short_term.mean": -20.584199905395508, "lowlevel.loudness_ebu128.short_term.stdev": 4.646465301513672, "lowlevel.melbands_crest.mean": 14.235751152038574, "lowlevel.melbands_crest.stdev": 4.771431922912598, "lowlevel.melbands_flatness_db.mean": 0.3333454430103302, "lowlevel.melbands_flatness_db.stdev": 0.10872603952884674, "lowlevel.melbands_kurtosis.mean": 12.127172470092773, "lowlevel.melbands_kurtosis.stdev": 21.34007453918457, "lowlevel.melbands_skewness.mean": 2.4186651706695557, "lowlevel.melbands_skewness.stdev": 1.519972324371338, "lowlevel.melbands_spread.mean": 15.448628425598145, "lowlevel.melbands_spread.stdev": 20.555923461914062, "lowlevel.pitch_salience.mean": 0.5289322137832642, "lowlevel.pitch_salience.stdev": 0.1031862422823906, "lowlevel.silence_rate_20dB.mean": 0.9965237379074097, "lowlevel.silence_rate_20dB.stdev": 0.058856863528490067, "lowlevel.silence_rate_30dB.mean": 0.9600231647491455, "lowlevel.silence_rate_30dB.stdev": 0.1959049552679062, "lowlevel.silence_rate_60dB.mean": 0.28273463249206543, "lowlevel.silence_rate_60dB.stdev": 0.45032164454460144, "lowlevel.spectral_centroid.mean": 797.2702026367188, "lowlevel.spectral_centroid.stdev": 758.529052734375, "lowlevel.spectral_complexity.mean": 9.607184410095215, "lowlevel.spectral_complexity.stdev": 6.13510274887085, "lowlevel.spectral_decrease.mean": -5.467831076799712e-09, "lowlevel.spectral_decrease.stdev": 1.2779793223671732e-08, "lowlevel.spectral_energy.mean": 0.021845843642950058, "lowlevel.spectral_energy.stdev": 0.04932166635990143, "lowlevel.spectral_energyband_high.mean": 0.0005617364076897502, "lowlevel.spectral_energyband_high.stdev": 0.0015397698152810335, "lowlevel.spectral_energyband_low.mean": 0.009620269760489464, "lowlevel.spectral_energyband_low.stdev": 0.04207522049546242, "lowlevel.spectral_energyband_middle_high.mean": 0.003679209854453802, "lowlevel.spectral_energyband_middle_high.stdev": 0.009839549660682678, "lowlevel.spectral_energyband_middle_low.mean": 0.008759213611483574, "lowlevel.spectral_energyband_middle_low.stdev": 0.015068395994603634, "lowlevel.spectral_entropy.mean": 6.729970455169678, "lowlevel.spectral_entropy.stdev": 0.7283074855804443, "lowlevel.spectral_flux.mean": 0.05935804173350334, "lowlevel.spectral_flux.stdev": 0.08665965497493744, "lowlevel.spectral_kurtosis.mean": 20.905439376831055, "lowlevel.spectral_kurtosis.stdev": 21.57813262939453, "lowlevel.spectral_rms.mean": 0.003500737249851227, "lowlevel.spectral_rms.stdev": 0.003009623382240534, "lowlevel.spectral_rolloff.mean": 1166.484619140625, "lowlevel.spectral_rolloff.stdev": 1832.458251953125, "lowlevel.spectral_skewness.mean": 2.767530679702759, "lowlevel.spectral_skewness.stdev": 1.413188099861145, "lowlevel.spectral_spread.mean": 3150192.5, "lowlevel.spectral_spread.stdev": 2598486.0, "lowlevel.spectral_strongpeak.mean": 0.8336955308914185, "lowlevel.spectral_strongpeak.stdev": 1.3699867725372314, "lowlevel.zerocrossingrate.mean": 0.044642090797424316, "lowlevel.zerocrossingrate.stdev": 0.0560540072619915, "metadata.audio_properties.analysis.equal_loudness": 0.0, "metadata.audio_properties.analysis.length": 40.04265213012695, "metadata.audio_properties.analysis.sample_rate": 44100.0, "metadata.audio_properties.analysis.start_time": 0.0, "metadata.audio_properties.bit_rate": 105437.0, "metadata.audio_properties.length": 40.042667388916016, "metadata.audio_properties.lossless": 0.0, "metadata.audio_properties.number_channels": 1.0, "metadata.audio_properties.replay_gain": -10.267208099365234, "metadata.audio_properties.sample_rate": 48000.0, "rhythm.beats_count": 59.0, "rhythm.beats_loudness.mean": 0.07433059066534042, "rhythm.beats_loudness.stdev": 0.09391490370035172, "rhythm.bpm": 89.5292739868164, "rhythm.bpm_histogram_first_peak_bpm": 89.0, "rhythm.bpm_histogram_first_peak_weight": 0.2399999499320984, "rhythm.bpm_histogram_second_peak_bpm": 94.0, "rhythm.bpm_histogram_second_peak_spread": 0.0, "rhythm.bpm_histogram_second_peak_weight": 0.13793103396892548, "rhythm.danceability": 1.337506890296936, "rhythm.onset_rate": 3.1457202434539795, "tonal.chords_changes_rate": 0.0486111119389534, "tonal.chords_number_rate": 0.010416666977107525, "tonal.chords_strength.mean": 0.4465997517108917, "tonal.chords_strength.stdev": 0.08023165911436081, "tonal.hpcp_crest.mean": 19.498634338378906, "tonal.hpcp_crest.stdev": 8.42378044128418, "tonal.hpcp_entropy.mean": 1.3589682579040527, "tonal.hpcp_entropy.stdev": 0.6815017461776733, "tonal.key_edma.strength": 0.7220343351364136, "tonal.key_krumhansl.strength": 0.7432703971862793, "tonal.key_temperley.strength": 0.7693048119544983, "tonal.tuning_diatonic_strength": 0.5078203082084656, "tonal.tuning_equal_tempered_deviation": 0.08806664496660233, "tonal.tuning_frequency": 438.98455810546875, "tonal.tuning_nontempered_energy_ratio": 0.6629935503005981, "lowlevel.barkbands.mean": [0.00016839421004988253, 0.006597068626433611, 0.002184823388233781, 0.0011000096565112472, 0.0024980257730931044, 0.0012130532413721085, 0.0009216599282808602, 0.0015864010201767087, 0.001247853273525834, 0.0008022969122976065, 0.0007909295964054763, 0.0004237044486217201, 0.00033595060813240707, 0.0005623545730486512, 0.00037427095230668783, 0.00024171762925107032, 0.00011072167399106547, 4.22327866544947e-05, 4.418805838213302e-05, 8.671014802530408e-05, 0.00010841024050023407, 0.00012153304851381108, 9.640384814701974e-05, 6.487499922513962e-05, 6.826553726568818e-05, 5.155775943421759e-05, 2.432128212603857e-06], "lowlevel.barkbands.stdev": [0.000975075934547931, 0.036417677998542786, 0.008311042562127113, 0.0024580832105129957, 0.00703708129003644, 0.0018272356828674674, 0.004610370844602585, 0.006277943029999733, 0.005399500485509634, 0.0038974813651293516, 0.004831233527511358, 0.0024685757234692574, 0.0020436446648091078, 0.0025123851373791695, 0.0014303179923444986, 0.0012619136832654476, 0.0003559750330168754, 0.00013656597002409399, 0.0001403326023137197, 0.0002547915792092681, 0.0003064927877858281, 0.0003963956260122359, 0.0003356582601554692, 0.0002258075401186943, 0.00027228714316152036, 0.00015062213060446084, 9.156131454801653e-06], "lowlevel.erbbands.mean": [0.19831204414367676, 1.4368802309036255, 2.5872926712036133, 3.5433175563812256, 5.81043815612793, 8.397571563720703, 12.633721351623535, 6.56648588180542, 7.600588321685791, 22.388025283813477, 40.42948913574219, 29.325088500976562, 23.27552032470703, 36.68709182739258, 20.65598487854004, 18.463037490844727, 15.67777156829834, 25.85548973083496, 24.18380355834961, 15.549614906311035, 13.188748359680176, 5.833477973937988, 2.6285619735717773, 1.8400578498840332, 2.844742774963379, 4.001984596252441, 4.471175670623779, 4.239901542663574, 4.619915008544922, 3.760988235473633, 2.3786563873291016, 1.4335488080978394, 1.1060315370559692, 0.8776970505714417, 0.3999137878417969, 0.2126467376947403, 0.09773106873035431, 0.016300152987241745, 0.0003469733346719295, 3.6297886254033074e-05], "lowlevel.erbbands.stdev": [1.0916008949279785, 8.180669784545898, 10.872177124023438, 8.19688606262207, 25.79482650756836, 17.578065872192383, 17.13593292236328, 11.907273292541504, 26.45429801940918, 106.42200469970703, 147.9411163330078, 131.39495849609375, 112.81114196777344, 161.696533203125, 127.53604125976562, 98.732666015625, 81.34185028076172, 111.30131530761719, 90.1716537475586, 56.41929244995117, 65.33991241455078, 17.051898956298828, 7.279767036437988, 5.183079242706299, 9.009969711303711, 12.091728210449219, 12.738787651062012, 11.892925262451172, 14.914188385009766, 13.426366806030273, 8.200128555297852, 4.945650577545166, 4.496740818023682, 4.23455810546875, 1.2419676780700684, 0.6243746280670166, 0.30083009600639343, 0.05095409229397774, 0.0010450729168951511, 6.778733222745359e-05], "lowlevel.gfcc.mean": [-138.24134826660156, 171.7821807861328, -120.28424072265625, 3.884045124053955, -33.48672103881836, -12.806325912475586, -21.14537811279297, -9.68281078338623, -21.517057418823242, -3.229996681213379, -18.208024978637695, -3.8575329780578613, -5.262922286987305], "lowlevel.melbands.mean": [0.0018257534829899669, 0.0015238926280289888, 0.0006575054721906781, 0.0005199295119382441, 0.000421560020186007, 0.00016492627037223428, 0.00014174351235851645, 0.0002584804897196591, 0.0003229333960916847, 0.00017747629317454994, 0.0001126725910580717, 0.00014635805564466864, 8.228483056882396e-05, 5.211118332226761e-05, 3.1692230550106615e-05, 4.009600161225535e-05, 5.07102049596142e-05, 4.1683964809635654e-05, 2.8379377909004688e-05, 1.7950353139895014e-05, 1.4044403542357031e-05, 6.7255641624797136e-06, 3.1557017337036086e-06, 1.62805497438967e-06, 1.4159634247334907e-06, 1.7833206129580503e-06, 2.539748948038323e-06, 2.648108875291655e-06, 2.833740154528641e-06, 2.5810315946728224e-06, 2.416664756310638e-06, 2.6702164177550003e-06, 2.2616061414737487e-06, 2.0980241970391944e-06, 1.3906225149185047e-06, 1.0864870318982867e-06, 7.849429835005139e-07, 7.323442900997179e-07, 8.802309707789391e-07, 6.830471193097765e-07], "lowlevel.melbands.stdev": [0.010045952163636684, 0.0069114877842366695, 0.0016685747541487217, 0.001712238066829741, 0.0005450379103422165, 0.0002758513146545738, 0.0005680897738784552, 0.0011327266693115234, 0.00116937595885247, 0.0008581916335970163, 0.0005890419706702232, 0.000639191479422152, 0.0005431112949736416, 0.00030280734063126147, 0.00019401921599637717, 0.00025965090026147664, 0.00023383360530715436, 0.00017605430912226439, 0.00011669056402752176, 8.812082523945719e-05, 7.001795165706426e-05, 2.119286364177242e-05, 1.0488590305612888e-05, 4.724549398815725e-06, 4.184898443782004e-06, 6.085380846343469e-06, 8.320493179780897e-06, 8.013235856196843e-06, 8.277399501821492e-06, 7.394267413474154e-06, 6.977678822295275e-06, 8.679001439304557e-06, 8.1851676441147e-06, 7.6630467447103e-06, 4.866385552304564e-06, 3.856638159049908e-06, 2.7258784029982053e-06, 2.9032701149844797e-06, 4.546108812064631e-06, 3.1668960218667053e-06], "lowlevel.melbands128.mean": [0.00015696132322773337, 0.001440754858776927, 0.002725567203015089, 0.0022292095236480236, 0.0014484771527349949, 0.0010282890871167183, 0.0007486403337679803, 0.0004740322765428573, 0.0006202573422342539, 0.000558538653422147, 0.00044441616046242416, 0.0004068104026373476, 0.000504691677633673, 0.0003457568527664989, 0.00011071743938373402, 0.00010717008262872696, 7.589942833874375e-05, 0.00010543091775616631, 0.0002857903018593788, 0.0002529824269004166, 0.00022107131371740252, 0.00034505946678109467, 0.00041319156298413873, 0.00020867509010713547, 0.00015046074986457825, 0.00021360455139074475, 0.00010274354281136766, 0.00010300677240593359, 0.00011474257917143404, 0.00011053966591134667, 0.00019612591131590307, 0.0001456503086956218, 5.935185254202224e-05, 5.540690472116694e-05, 3.6329118302091956e-05, 6.663762906100601e-05, 5.114731902722269e-05, 2.861306165868882e-05, 1.7766646124073304e-05, 3.384632873348892e-05, 5.410046287579462e-05, 3.283738624304533e-05, 4.336410711403005e-05, 6.833622319390997e-05, 5.548289118451066e-05, 3.0380108000827022e-05, 3.235807889723219e-05, 3.861366712953895e-05, 2.177321948693134e-05, 1.2364358553895727e-05, 1.7088817912735976e-05, 2.5463767087785527e-05, 1.3817880244459957e-05, 1.1056067705794703e-05, 9.929248335538432e-06, 6.644389941357076e-06, 3.4733770917227957e-06, 3.3248832096433034e-06, 3.4210945614177035e-06, 2.0783925265277503e-06, 1.4112933968135621e-06, 1.3385769079832244e-06, 1.4052372989681317e-06, 1.4153363281366182e-06, 1.407722947988077e-06, 1.82154201411322e-06, 1.9553308447939344e-06, 2.1204598397162044e-06, 2.890564019253361e-06, 2.872578988899477e-06, 2.3997736207093112e-06, 2.6580432859191205e-06, 2.9684024411835708e-06, 2.8630274755414575e-06, 2.6795571557158837e-06, 2.6760112632473465e-06, 2.584836693131365e-06, 2.1868468138563912e-06, 2.5522667783661745e-06, 2.3595780476171058e-06, 2.5863134851533687e-06, 3.0894170777173713e-06, 2.316093514309614e-06, 2.4267499156849226e-06, 1.8046983996100607e-06, 2.15058298635995e-06, 2.4042312816163758e-06, 1.5412462062158738e-06, 1.3175678077459452e-06, 1.276016746487585e-06, 1.1911383808183018e-06, 1.0420080798212439e-06, 8.970907856564736e-07, 7.744333174741769e-07, 6.730185191372584e-07, 8.35891398764943e-07, 6.374310714818421e-07, 7.41024393846601e-07, 9.123794484366954e-07, 1.0072933491755975e-06, 7.716406003055454e-07, 6.698841161778546e-07, 4.9648275535219e-07, 4.5743857413071964e-07, 4.4433778612074093e-07, 4.1018913066181995e-07, 4.193897780169209e-07, 3.6908613765263e-07, 3.3614875860621396e-07, 3.8345342545653693e-07, 3.514534512305545e-07, 3.348075665599026e-07, 3.3148046441056067e-07, 2.9624570174746623e-07, 2.2982760583545314e-07, 2.044347979790473e-07, 9.8169429918471e-08, 8.34806712646241e-09, 8.740118351280302e-11, 3.2762648930623195e-12, 3.1501496289970676e-12, 3.0482992432329103e-12, 2.9741968436691746e-12, 2.913666270060178e-12, 2.827488243539733e-12, 2.714615858490088e-12, 2.6484402778498284e-12, 2.627271230432049e-12], "lowlevel.melbands128.stdev": [0.0009151907870545983, 0.008133430033922195, 0.015891045331954956, 0.013336808420717716, 0.007027963642030954, 0.003649418940767646, 0.0017055855132639408, 0.001369226025417447, 0.0032750784885138273, 0.0022641303949058056, 0.0008653136901557446, 0.0007244029548019171, 0.000748121237847954, 0.0006214632303453982, 0.0002992255031131208, 0.0003532811242621392, 0.00021220260532572865, 0.0005905674770474434, 0.001528200344182551, 0.0017091163899749517, 0.001329889171756804, 0.0018160886829718947, 0.001705294125713408, 0.0011049103923141956, 0.0011103193974122405, 0.0013191546313464642, 0.0006662140367552638, 0.000768434489145875, 0.0010319320717826486, 0.0005406312993727624, 0.001080873655155301, 0.0011718058958649635, 0.0007022838690318167, 0.00045434609637595713, 0.0003437600680626929, 0.0005070606712251902, 0.00029723404441028833, 0.0003430715296417475, 0.00010766402556328103, 0.00021942125749774277, 0.0005083943251520395, 0.00021591947006527334, 0.00029980737599544227, 0.0004614029894582927, 0.00031556206522509456, 0.00020301701442804188, 0.00016983368550427258, 0.00020623720774892718, 0.00012668396811932325, 6.840282730991021e-05, 0.0001140677195508033, 0.0002019078965531662, 0.00010432219278300181, 7.245968299685046e-05, 3.771588308154605e-05, 2.636611861817073e-05, 1.1352217370586004e-05, 1.273930502065923e-05, 1.7320182450930588e-05, 6.176884198794141e-06, 5.272023827274097e-06, 5.8124037423112895e-06, 4.593251105688978e-06, 4.6245290832303e-06, 4.6183545236999635e-06, 7.253599051182391e-06, 7.093537533364724e-06, 7.2721863944025245e-06, 1.1203842404938769e-05, 1.1413083484512754e-05, 8.565182724851184e-06, 8.411239832639694e-06, 9.048882930073887e-06, 9.58422060648445e-06, 8.585574505559634e-06, 8.432464710494969e-06, 8.136255928548053e-06, 6.835497970314464e-06, 7.895371709309984e-06, 8.223376426030882e-06, 8.65780111780623e-06, 1.1668973456835374e-05, 8.474521564494353e-06, 1.0097110134665854e-05, 6.652925094385864e-06, 8.805327524896711e-06, 9.31428985495586e-06, 5.277266154735116e-06, 5.274453087622533e-06, 4.65245102532208e-06, 4.456834176380653e-06, 3.972907506977208e-06, 3.552175030563376e-06, 2.905435621869401e-06, 2.3213312942971243e-06, 3.37706023856299e-06, 2.8830186238337774e-06, 3.7750535284430953e-06, 4.319042091083247e-06, 6.299468168435851e-06, 4.763312063005287e-06, 2.727531636992353e-06, 1.982248249987606e-06, 1.755370703904191e-06, 1.6017166899473523e-06, 1.3381830967773567e-06, 1.3589370837507886e-06, 1.171496819551976e-06, 1.1546705991349882e-06, 1.2241407603141852e-06, 1.2790876553481212e-06, 1.1250036777710193e-06, 1.170276505035872e-06, 1.0159021712752292e-06, 7.85052407081821e-07, 6.916295092196378e-07, 3.615233481468749e-07, 4.9435936233521716e-08, 1.6727781382286366e-09, 9.307999683516588e-12, 9.083548149768639e-12, 8.795239710146507e-12, 8.606110615816398e-12, 8.457548897333744e-12, 8.33609570261018e-12, 8.23536724925411e-12, 8.162837593361782e-12, 8.11840091680116e-12], "lowlevel.mfcc.mean": [-775.082763671875, 194.0304412841797, -8.33686351776123, 15.810169219970703, 4.191235065460205, 3.115359306335449, 0.9321966767311096, -3.8651273250579834, 0.6647353172302246, -5.715577602386475, -5.119168758392334, -5.100767135620117, -1.134859561920166], "lowlevel.spectral_contrast_coeffs.mean": [-0.6811557412147522, -0.7072714567184448, -0.7373629808425903, -0.7733802795410156, -0.7850868105888367, -0.7492033839225769], "lowlevel.spectral_contrast_coeffs.stdev": [0.0883045494556427, 0.07936231046915054, 0.07205386459827423, 0.062212612479925156, 0.03875049948692322, 0.06685671955347061], "lowlevel.spectral_contrast_valleys.mean": [-7.227503299713135, -7.696462154388428, -8.330521583557129, -8.843910217285156, -9.48037338256836, -13.12851619720459], "lowlevel.spectral_contrast_valleys.stdev": [1.2387715578079224, 0.9754537343978882, 1.0050286054611206, 1.1625924110412598, 1.598408818244934, 2.641497850418091], "rhythm.beats_loudness_band_ratio.mean": [0.47297433018684387, 0.26962989568710327, 0.17486777901649475, 0.08110708743333817, 0.03796844184398651, 0.027737077325582504], "rhythm.beats_loudness_band_ratio.stdev": [0.2949613034725189, 0.2165948748588562, 0.16607888042926788, 0.07833527028560638, 0.0673748180270195, 0.051593951880931854], "tonal.hpcp.mean": [0.04039166867733002, 0.04480277746915817, 0.10348349064588547, 0.2342548966407776, 0.17471762001514435, 0.04708399623632431, 0.0421183742582798, 0.02771630696952343, 0.1345360428094864, 0.22671516239643097, 0.11096898466348648, 0.02892175130546093, 0.04346096143126488, 0.03386981412768364, 0.08960724622011185, 0.24094057083129883, 0.18441881239414215, 0.1428615301847458, 0.3092661201953888, 0.1999177187681198, 0.014592492952942848, 0.010149099864065647, 0.01216190867125988, 0.036588411778211594, 0.0715089961886406, 0.05694245919585228, 0.03420281782746315, 0.04354667663574219, 0.03076990507543087, 0.08170944452285767, 0.15416252613067627, 0.10291270911693573, 0.08113736659288406, 0.17768755555152893, 0.14197532832622528, 0.03685988858342171], "tonal.hpcp.stdev": [0.10549147427082062, 0.12198837846517563, 0.1888899952173233, 0.33865922689437866, 0.2611682415008545, 0.15145492553710938, 0.1477431356906891, 0.09780269861221313, 0.23393891751766205, 0.37815770506858826, 0.18113179504871368, 0.10152985155582428, 0.16497699916362762, 0.136724054813385, 0.15424787998199463, 0.36023974418640137, 0.274039089679718, 0.20813511312007904, 0.40967801213264465, 0.28146547079086304, 0.06721200048923492, 0.0402863472700119, 0.06089337170124054, 0.11231712251901627, 0.16857805848121643, 0.14895768463611603, 0.11776843667030334, 0.1552298218011856, 0.11516719311475754, 0.16575461626052856, 0.274883896112442, 0.1938532441854477, 0.1613422930240631, 0.31266507506370544, 0.2613990604877472, 0.09432889521121979], "rhythm.beats_position": [0.650158703327179, 1.3235373497009277, 1.9853061437606812, 2.6470746994018555, 3.285623550415039, 3.9241721630096436, 4.562720775604248, 5.212879657745361, 5.851428508758545, 6.4899773597717285, 7.128525733947754, 7.7670745849609375, 8.405623435974121, 9.090612411499023, 9.77560043334961, 10.460589408874512, 11.157188415527344, 11.85378646850586, 12.538775444030762, 13.235373497009277, 13.93197250366211, 14.628571510314941, 15.313559532165527, 15.99854850769043, 16.660316467285156, 17.322086334228516, 18.0070743560791, 18.680452346801758, 19.365442276000977, 20.015600204467773, 20.665760040283203, 21.33913803100586, 22.012516021728516, 22.685895919799805, 23.35927391052246, 24.032651901245117, 24.706031799316406, 25.379409790039062, 26.05278778076172, 26.726167678833008, 27.399545669555664, 28.072925567626953, 28.74630355834961, 29.419681549072266, 30.093061447143555, 30.77804946899414, 31.451427459716797, 32.136417388916016, 32.80979537963867, 33.48317337036133, 34.156551361083984, 34.829933166503906, 35.50331115722656, 36.17668914794922, 36.850067138671875, 37.52344512939453, 38.19682312011719, 38.87020492553711, 39.543582916259766], "rhythm.bpm_histogram": [0.0, 0.0, 0.0, 0.0, 0.0, 0.0, 0.0, 0.0, 0.0, 0.0, 0.0, 0.0, 0.0, 0.0, 0.0, 0.0, 0.0, 0.0, 0.0, 0.0, 0.0, 0.0, 0.0, 0.0, 0.0, 0.0, 0.0, 0.0, 0.0, 0.0, 0.0, 0.0, 0.0, 0.0, 0.0, 0.0, 0.0, 0.0, 0.0, 0.0, 0.0, 0.0, 0.0, 0.0, 0.0, 0.0, 0.0, 0.0, 0.0, 0.0, 0.0, 0.0, 0.0, 0.0, 0.0, 0.0, 0.0, 0.0, 0.0, 0.0, 0.0, 0.0, 0.0, 0.0, 0.0, 0.0, 0.0, 0.0, 0.0, 0.0, 0.0, 0.0, 0.0, 0.0, 0.0, 0.0, 0.0, 0.0, 0.0, 0.0, 0.0, 0.0, 0.0, 0.0, 0.0, 0.0, 0.08620689809322357, 0.0, 0.17241379618644714, 0.48275861144065857, 0.0, 0.06896551698446274, 0.0517241396009922, 0.0, 0.13793103396892548, 0.0, 0.0, 0.0, 0.0, 0.0, 0.0, 0.0, 0.0, 0.0, 0.0, 0.0, 0.0, 0.0, 0.0, 0.0, 0.0, 0.0, 0.0, 0.0, 0.0, 0.0, 0.0, 0.0, 0.0, 0.0, 0.0, 0.0, 0.0, 0.0, 0.0, 0.0, 0.0, 0.0, 0.0, 0.0, 0.0, 0.0, 0.0, 0.0, 0.0, 0.0, 0.0, 0.0, 0.0, 0.0, 0.0, 0.0, 0.0, 0.0, 0.0, 0.0, 0.0, 0.0, 0.0, 0.0, 0.0, 0.0, 0.0, 0.0, 0.0, 0.0, 0.0, 0.0, 0.0, 0.0, 0.0, 0.0, 0.0, 0.0, 0.0, 0.0, 0.0, 0.0, 0.0, 0.0, 0.0, 0.0, 0.0, 0.0, 0.0, 0.0, 0.0, 0.0, 0.0, 0.0, 0.0, 0.0, 0.0, 0.0, 0.0, 0.0, 0.0, 0.0, 0.0, 0.0, 0.0, 0.0, 0.0, 0.0, 0.0, 0.0, 0.0, 0.0, 0.0, 0.0, 0.0, 0.0, 0.0, 0.0, 0.0, 0.0, 0.0, 0.0, 0.0, 0.0, 0.0, 0.0, 0.0, 0.0, 0.0, 0.0, 0.0, 0.0, 0.0, 0.0, 0.0, 0.0, 0.0, 0.0, 0.0, 0.0, 0.0, 0.0, 0.0, 0.0, 0.0, 0.0, 0.0, 0.0, 0.0, 0.0, 0.0, 0.0, 0.0, 0.0, 0.0, 0.0, 0.0, 0.0, 0.0, 0.0, 0.0, 0.0, 0.0, 0.0], "tonal.chords_histogram": [8.796296119689941, 26.157407760620117, 5.439815044403076, 0.0, 0.0, 0.0, 0.11574073880910873, 0.0, 2.777777671813965, 0.0, 0.0, 0.0, 0.0, 0.0, 0.0, 9.027777671813965, 0.0, 9.027777671813965, 0.0, 4.398148059844971, 0.0, 0.11574073880910873, 15.856481552124023, 18.287036895751953], "tonal.thpcp": [1.0, 0.6464262008666992, 0.047184258699417114, 0.03281671926379204, 0.039325058460235596, 0.1183072105050087, 0.23122157156467438, 0.184121236205101, 0.11059348285198212, 0.14080649614334106, 0.09949329495429993, 0.26420432329177856, 0.4984785318374634, 0.33276423811912537, 0.2623545229434967, 0.5745458006858826, 0.45907172560691833, 0.11918502300977707, 0.13060489296913147, 0.14486804604530334, 0.33460986614227295, 0.7574540972709656, 0.5649426579475403, 0.15224426984786987, 0.13618813455104828, 0.08961960673332214, 0.43501707911491394, 0.7330746650695801, 0.35881391167640686, 0.09351736307144165, 0.1405293345451355, 0.10951673239469528, 0.28974154591560364, 0.7790719866752625, 0.596311092376709, 0.46193721890449524], "lowlevel.gfcc.cov": [[19460.654296875, -9736.4716796875, 2828.6669921875, 2547.993896484375, -2792.093994140625, 3385.203125, -1217.753173828125, 1460.9783935546875, -442.67486572265625, 1171.9561767578125, -1236.2381591796875, 537.67041015625, -672.0469360351562], [-9736.4716796875, 7956.4140625, -2392.275634765625, -1709.659423828125, 2102.75390625, -2343.43603515625, 1075.07177734375, -1110.03076171875, 472.4082946777344, -856.4894409179688, 771.5786743164062, -489.50128173828125, 456.8050231933594], [2828.6669921875, -2392.275634765625, 1721.0230712890625, 805.0496826171875, -453.7695617675781, 1129.595947265625, -331.46636962890625, 587.078857421875, -228.83477783203125, 320.59942626953125, -183.71243286132812, 163.6998748779297, -176.16836547851562], [2547.993896484375, -1709.659423828125, 805.0496826171875, 925.0233154296875, -303.4075927734375, 644.7233276367188, -140.448974609375, 262.337646484375, -58.53414535522461, 225.00344848632812, -139.9168243408203, 118.25348663330078, -115.42826080322266], [-2792.093994140625, 2102.75390625, -453.7695617675781, -303.4075927734375, 826.20166015625, -474.8052978515625, 282.1814270019531, -217.1514129638672, 145.42483520507812, -178.3803253173828, 197.60614013671875, -147.47633361816406, 131.4219970703125], [3385.203125, -2343.43603515625, 1129.595947265625, 644.7233276367188, -474.8052978515625, 1182.2874755859375, -258.34710693359375, 516.8213500976562, -135.00592041015625, 321.6739807128906, -239.9808807373047, 109.21768951416016, -168.5122528076172], [-1217.753173828125, 1075.07177734375, -331.46636962890625, -140.448974609375, 282.1814270019531, -258.34710693359375, 390.5080871582031, -142.30078125, 53.81939697265625, -132.7834930419922, 116.42066192626953, -43.20097351074219, 38.50019836425781], [1460.9783935546875, -1110.03076171875, 587.078857421875, 262.337646484375, -217.1514129638672, 516.8213500976562, -142.30078125, 346.743408203125, -50.466243743896484, 148.3761749267578, -123.56978607177734, 53.06748580932617, -68.00028228759766], [-442.67486572265625, 472.4082946777344, -228.83477783203125, -58.53414535522461, 145.42483520507812, -135.00592041015625, 53.81939697265625, -50.466243743896484, 146.51388549804688, -11.51755428314209, 25.25833511352539, -49.30070114135742, 21.81984519958496], [1171.9561767578125, -856.4894409179688, 320.59942626953125, 225.00344848632812, -178.3803253173828, 321.6739807128906, -132.7834930419922, 148.3761749267578, -11.51755428314209, 186.27938842773438, -78.94482421875, 37.5493278503418, -51.45571517944336], [-1236.2381591796875, 771.5786743164062, -183.71243286132812, -139.9168243408203, 197.60614013671875, -239.9808807373047, 116.42066192626953, -123.56978607177734, 25.25833511352539, -78.94482421875, 177.27410888671875, -17.695215225219727, 39.8657112121582], [537.67041015625, -489.50128173828125, 163.6998748779297, 118.25348663330078, -147.47633361816406, 109.21768951416016, -43.20097351074219, 53.06748580932617, -49.30070114135742, 37.5493278503418, -17.695215225219727, 109.51634979248047, -6.435667037963867], [-672.0469360351562, 456.8050231933594, -176.16836547851562, -115.42826080322266, 131.4219970703125, -168.5122528076172, 38.50019836425781, -68.00028228759766, 21.81984519958496, -51.45571517944336, 39.8657112121582, -6.435667037963867, 110.06468200683594]], "lowlevel.gfcc.icov": [[0.0002439903182676062, -0.00021354785712901503, 0.00034307033638469875, -0.0004476226167753339, 0.0005535120726563036, -0.000448271312052384, 0.00020909433078486472, -0.00023342332860920578, 0.0003277162613812834, -0.0004186081059742719, 0.0007656264351680875, -0.00035954322083853185, 0.0003321681870147586], [-0.00021354785712901503, 0.0023449165746569633, -0.00111910339910537, 0.0017470517195761204, -0.002632202347740531, 0.0012601754860952497, -0.001712324796244502, 0.0017602263251319528, -0.002569044241681695, 0.0025191952008754015, -0.0024036921095103025, 0.002487329998984933, -0.0015332315815612674], [0.00034307033638469875, -0.00111910339910537, 0.00384151772595942, -0.0022787682246416807, 0.0008112555951811373, -0.0018367220181971788, 0.0017990546766668558, -0.003719212021678686, 0.004170389845967293, -0.001645242446102202, 0.00032007574918679893, -0.0019231217447668314, 0.001966131618246436], [-0.0004476226167753339, 0.0017470517195761204, -0.0022787682246416807, 0.004138084128499031, -0.0023166716564446688, 0.0008186976774595678, -0.0018513718387112021, 0.0029026425909250975, -0.0034506034571677446, 0.0012474262621253729, -0.0015699276700615883, 0.0005801637307740748, -0.0009612587746232748], [0.0005535120726563036, -0.002632202347740531, 0.0008112555951811373, -0.0023166716564446688, 0.006673882715404034, -0.0017273911507800221, 0.0008935024961829185, -0.0016548065468668938, 0.0010523984674364328, -0.0022329215425997972, 0.0018367297016084194, 0.00016644320567138493, -0.0006834389641880989], [-0.000448271312052384, 0.0012601754860952497, -0.0018367220181971788, 0.0008186976774595678, -0.0017273911507800221, 0.005571183282881975, -0.0017037617508322, -0.001919995411299169, -0.00037855771370232105, -0.000953405920881778, -0.0007783817127346992, 0.0021009112242609262, -1.242104008269962e-05], [0.00020909433078486472, -0.001712324796244502, 0.0017990546766668558, -0.0018513718387112021, 0.0008935024961829185, -0.0017037617508322, 0.005744840018451214, -0.0015030913054943085, 0.0019075104501098394, 0.0004552695609163493, 0.00035573283093981445, -0.0025802506133913994, 0.0022628006990998983], [-0.00023342332860920578, 0.0017602263251319528, -0.003719212021678686, 0.0029026425909250975, -0.0016548065468668938, -0.001919995411299169, -0.0015030913054943085, 0.012728658504784107, -0.005406951066106558, 0.001989837037399411, 0.0005557970143854618, 0.0012001927243545651, -0.0023424511309713125], [0.0003277162613812834, -0.002569044241681695, 0.004170389845967293, -0.0034506034571677446, 0.0010523984674364328, -0.00037855771370232105, 0.0019075104501098394, -0.005406951066106558, 0.015758663415908813, -0.006686804350465536, 0.00247956276871264, -0.0004863834474235773, 0.0026990254409611225], [-0.0004186081059742719, 0.0025191952008754015, -0.001645242446102202, 0.0012474262621253729, -0.0022329215425997972, -0.000953405920881778, 0.0004552695609163493, 0.001989837037399411, -0.006686804350465536, 0.01633303239941597, -0.003477494465187192, 0.0023145033046603203, -0.0017037231009453535], [0.0007656264351680875, -0.0024036921095103025, 0.00032007574918679893, -0.0015699276700615883, 0.0018367297016084194, -0.0007783817127346992, 0.00035573283093981445, 0.0005557970143854618, 0.00247956276871264, -0.003477494465187192, 0.01455594226717949, -0.005349094048142433, 0.0026486709248274565], [-0.00035954322083853185, 0.002487329998984933, -0.0019231217447668314, 0.0005801637307740748, 0.00016644320567138493, 0.0021009112242609262, -0.0025802506133913994, 0.0012001927243545651, -0.0004863834474235773, 0.0023145033046603203, -0.005349094048142433, 0.0185546912252903, -0.006125557702034712], [0.0003321681870147586, -0.0015332315815612674, 0.001966131618246436, -0.0009612587746232748, -0.0006834389641880989, -1.242104008269962e-05, 0.0022628006990998983, -0.0023424511309713125, 0.0026990254409611225, -0.0017037231009453535, 0.0026486709248274565, -0.006125557702034712, 0.01552525907754898]], "lowlevel.mfcc.cov": [[14236.0224609375, -6658.72705078125, 1894.156982421875, 525.6123046875, -675.3080444335938, 1109.0841064453125, -85.34523010253906, 106.84713745117188, 843.386962890625, 404.4557189941406, 316.7801818847656, 80.59239196777344, -196.8243865966797], [-6658.72705078125, 5548.6474609375, -1902.83544921875, -217.76490783691406, 276.205078125, -657.7191162109375, 43.841758728027344, -114.67396545410156, -371.2558288574219, -257.77008056640625, -68.26451110839844, -82.9729995727539, 43.54890823364258], [1894.156982421875, -1902.83544921875, 1448.432861328125, 69.3721694946289, 134.7598419189453, 354.80816650390625, 169.82237243652344, 216.76873779296875, 139.09861755371094, 161.76341247558594, 34.48453903198242, 125.22361755371094, 78.04434204101562], [525.6123046875, -217.76490783691406, 69.3721694946289, 482.0734558105469, 16.6718692779541, 114.76596069335938, 36.32780456542969, 4.9655842781066895, 16.02193832397461, 11.281492233276367, 12.214775085449219, 8.330432891845703, 62.71500015258789], [-675.3080444335938, 276.205078125, 134.7598419189453, 16.6718692779541, 389.3747863769531, 79.38240051269531, 35.43742752075195, 36.169612884521484, 36.293697357177734, 69.00770568847656, -12.737683296203613, 64.79206848144531, 54.87632369995117], [1109.0841064453125, -657.7191162109375, 354.80816650390625, 114.76596069335938, 79.38240051269531, 326.5039978027344, 112.23112487792969, 75.16233825683594, 122.95857238769531, 88.9083251953125, 65.79967498779297, 69.399169921875, 13.473309516906738], [-85.34523010253906, 43.841758728027344, 169.82237243652344, 36.32780456542969, 35.43742752075195, 112.23112487792969, 213.52822875976562, 106.3992691040039, 11.282731056213379, 22.68865394592285, 20.84605598449707, 36.815372467041016, 27.16883087158203], [106.84713745117188, -114.67396545410156, 216.76873779296875, 4.9655842781066895, 36.169612884521484, 75.16233825683594, 106.3992691040039, 171.3985137939453, 46.46265411376953, 26.037939071655273, 20.729082107543945, 34.36414337158203, 30.756776809692383], [843.386962890625, -371.2558288574219, 139.09861755371094, 16.02193832397461, 36.293697357177734, 122.95857238769531, 11.282731056213379, 46.46265411376953, 203.253662109375, 73.57568359375, 15.844769477844238, 47.40903091430664, -1.036325454711914], [404.4557189941406, -257.77008056640625, 161.76341247558594, 11.281492233276367, 69.00770568847656, 88.9083251953125, 22.68865394592285, 26.037939071655273, 73.57568359375, 116.84171295166016, 33.14603805541992, 31.756458282470703, -1.2288843393325806], [316.7801818847656, -68.26451110839844, 34.48453903198242, 12.214775085449219, -12.737683296203613, 65.79967498779297, 20.84605598449707, 20.729082107543945, 15.844769477844238, 33.14603805541992, 115.54560089111328, 27.608983993530273, -18.364076614379883], [80.59239196777344, -82.9729995727539, 125.22361755371094, 8.330432891845703, 64.79206848144531, 69.399169921875, 36.815372467041016, 34.36414337158203, 47.40903091430664, 31.756458282470703, 27.608983993530273, 104.86595153808594, 29.75946617126465], [-196.8243865966797, 43.54890823364258, 78.04434204101562, 62.71500015258789, 54.87632369995117, 13.473309516906738, 27.16883087158203, 30.756776809692383, -1.036325454711914, -1.2288843393325806, -18.364076614379883, 29.75946617126465, 104.3621826171875]], "lowlevel.mfcc.icov": [[0.00025673408526927233, 0.00020120367116760463, -9.608116670278832e-06, -0.00012868564226664603, 0.00034516589948907495, -0.0003355488879606128, 0.0001746581692714244, 8.759364573052153e-05, -0.0005884101265110075, -1.4400558939087205e-05, -0.00032998097594827414, 0.00021726089471485466, 0.00014925928553566337], [0.00020120367116760463, 0.0008102738647721708, 0.0008307535317726433, 3.3691819680825574e-06, -0.0005810946458950639, 0.0006420699064619839, -0.0008463546400889754, -0.00014405664114747196, -0.0001846142258727923, 0.0002938432735390961, -0.0006658388883806765, 2.816296273522312e-06, -0.00021282130910549313], [-9.608116670278832e-06, 0.0008307535317726433, 0.0022953974548727274, 0.00027974112890660763, -0.0008827479323372245, -3.164984445902519e-05, -0.000918270496185869, -0.001450028270483017, 0.0009572870330885053, -0.0007770200609229505, 0.00029025523690506816, -0.0007689818739891052, -0.0008440740057267249], [-0.00012868564226664603, 3.3691819680825574e-06, 0.00027974112890660763, 0.0026862681843340397, -0.00011580394493648782, -0.0010546151315793395, -0.00021802418632432818, 0.00036978034768253565, 0.0005272770649753511, 0.00012925420014653355, -3.929689773940481e-05, 0.0006065790657885373, -0.002095877192914486], [0.00034516589948907495, -0.0005810946458950639, -0.0008827479323372245, -0.00011580394493648782, 0.005043856333941221, -0.0023894154001027346, 0.0018103079637512565, 2.450165084155742e-05, -0.00033250002888962626, -0.002700661774724722, 0.001551080378703773, -0.0010965676046907902, -0.0006485034828074276], [-0.0003355488879606128, 0.0006420699064619839, -3.164984445902519e-05, -0.0010546151315793395, -0.0023894154001027346, 0.009395823813974857, -0.004588235169649124, 0.0009799223626032472, -0.0021380907855927944, 0.00011907086445717141, -0.002980256685987115, -0.000974044029135257, 0.00043923742487095296], [0.0001746581692714244, -0.0008463546400889754, -0.000918270496185869, -0.00021802418632432818, 0.0018103079637512565, -0.004588235169649124, 0.010003093630075455, -0.004481486044824123, 0.0017177147092297673, -0.0009715002961456776, 0.0014070132747292519, -0.0007610981701873243, 0.000327590067172423], [8.759364573052153e-05, -0.00014405664114747196, -0.001450028270483017, 0.00036978034768253565, 2.450165084155742e-05, 0.0009799223626032472, -0.004481486044824123, 0.010856349021196365, -0.003002137178555131, 0.001259472337551415, -0.002057003788650036, 0.0008760475320741534, -0.001711503486149013], [-0.0005884101265110075, -0.0001846142258727923, 0.0009572870330885053, 0.0005272770649753511, -0.00033250002888962626, -0.0021380907855927944, 0.0017177147092297673, -0.003002137178555131, 0.010244704782962799, -0.004057756625115871, 0.0031534158624708652, -0.003209157381206751, 0.00034697705996222794], [-1.4400558939087205e-05, 0.0002938432735390961, -0.0007770200609229505, 0.00012925420014653355, -0.002700661774724722, 0.00011907086445717141, -0.0009715002961456776, 0.001259472337551415, -0.004057756625115871, 0.01519802026450634, -0.0037958913017064333, 0.000647988636046648, 0.0009260044898837805], [-0.00032998097594827414, -0.0006658388883806765, 0.00029025523690506816, -3.929689773940481e-05, 0.001551080378703773, -0.002980256685987115, 0.0014070132747292519, -0.002057003788650036, 0.0031534158624708652, -0.0037958913017064333, 0.013079882599413395, -0.0039006038568913937, 0.0026716510765254498], [0.00021726089471485466, 2.816296273522312e-06, -0.0007689818739891052, 0.0006065790657885373, -0.0010965676046907902, -0.000974044029135257, -0.0007610981701873243, 0.0008760475320741534, -0.003209157381206751, 0.000647988636046648, -0.0039006038568913937, 0.014872323721647263, -0.003690103068947792], [0.00014925928553566337, -0.00021282130910549313, -0.0008440740057267249, -0.002095877192914486, -0.0006485034828074276, 0.00043923742487095296, 0.000327590067172423, -0.001711503486149013, 0.00034697705996222794, 0.0009260044898837805, 0.0026716510765254498, -0.003690103068947792, 0.01408315822482109]], "metadata.audio_properties.analysis.downmix": "mix", "metadata.audio_properties.codec": "mp3", "metadata.audio_properties.md5_encoded": "ef58b8c1edb15c62ac3d9c646ea6d448", "metadata.tags.file_name": "1183704970579693668.mp3", "metadata.version.essentia": "2.1-beta6-dev", "metadata.version.essentia_git_sha": "v2.1_beta5-1110-g77a6a954", "metadata.version.extractor": "music 2.0", "tonal.chords_key": "G", "t