{"song_id": "1183714840687153152", "download": "https://cdn.discordapp.com/attachments/1135911532732108921/1183714840687153152/chirp.mp4?ex=6589575a&amp", "lyrics": "Kiss my lips\nKiss my chicks\nI wanna feel your breath is hot\nGo ahead, my dear creep\nI don't wanna sleep -\nThis is the last and the least thing I want when I'm in your bed\nI wanna stuff my skin with a cotton whool", "style": ["indusrial rock"], "essentia_features": {"lowlevel.average_loudness": 0.9705722332000732, "lowlevel.barkbands_crest.mean": 9.985626220703125, "lowlevel.barkbands_crest.stdev": 3.383357048034668, "lowlevel.barkbands_flatness_db.mean": 0.15775267779827118, "lowlevel.barkbands_flatness_db.stdev": 0.050193119794130325, "lowlevel.barkbands_kurtosis.mean": 3.2173900604248047, "lowlevel.barkbands_kurtosis.stdev": 6.867049217224121, "lowlevel.barkbands_skewness.mean": 1.3174861669540405, "lowlevel.barkbands_skewness.stdev": 1.479897379875183, "lowlevel.barkbands_spread.mean": 31.119041442871094, "lowlevel.barkbands_spread.stdev": 16.845027923583984, "lowlevel.dissonance.mean": 0.47946321964263916, "lowlevel.dissonance.stdev": 0.019543295726180077, "lowlevel.dynamic_complexity": 2.6430537700653076, "lowlevel.erbbands_crest.mean": 9.632678985595703, "lowlevel.erbbands_crest.stdev": 5.053959369659424, "lowlevel.erbbands_flatness_db.mean": 0.16071170568466187, "lowlevel.erbbands_flatness_db.stdev": 0.06703997403383255, "lowlevel.erbbands_kurtosis.mean": 0.9812746047973633, "lowlevel.erbbands_kurtosis.stdev": 3.450045585632324, "lowlevel.erbbands_skewness.mean": -0.439666211605072, "lowlevel.erbbands_skewness.stdev": 0.7874099612236023, "lowlevel.erbbands_spread.mean": 50.187496185302734, "lowlevel.erbbands_spread.stdev": 28.456838607788086, "lowlevel.hfc.mean": 22.55176544189453, "lowlevel.hfc.stdev": 17.743152618408203, "lowlevel.loudness_ebu128.integrated": -17.342073440551758, "lowlevel.loudness_ebu128.loudness_range": 1.1953792572021484, "lowlevel.loudness_ebu128.momentary.mean": -17.55714988708496, "lowlevel.loudness_ebu128.momentary.stdev": 1.4737870693206787, "lowlevel.loudness_ebu128.short_term.mean": -17.42658805847168, "lowlevel.loudness_ebu128.short_term.stdev": 0.6810182929039001, "lowlevel.melbands_crest.mean": 15.254538536071777, "lowlevel.melbands_crest.stdev": 4.563723564147949, "lowlevel.melbands_flatness_db.mean": 0.20901867747306824, "lowlevel.melbands_flatness_db.stdev": 0.06553322821855545, "lowlevel.melbands_kurtosis.mean": 17.972370147705078, "lowlevel.melbands_kurtosis.stdev": 26.723037719726562, "lowlevel.melbands_skewness.mean": 3.0940070152282715, "lowlevel.melbands_skewness.stdev": 2.443376064300537, "lowlevel.melbands_spread.mean": 30.048566818237305, "lowlevel.melbands_spread.stdev": 21.21466827392578, "lowlevel.pitch_salience.mean": 0.5420425534248352, "lowlevel.pitch_salience.stdev": 0.109311543405056, "lowlevel.silence_rate_20dB.mean": 1.0, "lowlevel.silence_rate_20dB.stdev": 0.0, "lowlevel.silence_rate_30dB.mean": 0.9836995005607605, "lowlevel.silence_rate_30dB.stdev": 0.12662817537784576, "lowlevel.silence_rate_60dB.mean": 0.033309709280729294, "lowlevel.silence_rate_60dB.stdev": 0.17944468557834625, "lowlevel.spectral_centroid.mean": 1750.4639892578125, "lowlevel.spectral_centroid.stdev": 613.580810546875, "lowlevel.spectral_complexity.mean": 16.481218338012695, "lowlevel.spectral_complexity.stdev": 11.09861946105957, "lowlevel.spectral_decrease.mean": -5.6654752000895314e-09, "lowlevel.spectral_decrease.stdev": 6.887237891106679e-09, "lowlevel.spectral_energy.mean": 0.02342832460999489, "lowlevel.spectral_energy.stdev": 0.0268549881875515, "lowlevel.spectral_energyband_high.mean": 0.0009025998297147453, "lowlevel.spectral_energyband_high.stdev": 0.0010053303558379412, "lowlevel.spectral_energyband_low.mean": 0.01035482157021761, "lowlevel.spectral_energyband_low.stdev": 0.02205992490053177, "lowlevel.spectral_energyband_middle_high.mean": 0.006309654098004103, "lowlevel.spectral_energyband_middle_high.stdev": 0.007061689626425505, "lowlevel.spectral_energyband_middle_low.mean": 0.008451848290860653, "lowlevel.spectral_energyband_middle_low.stdev": 0.010317838750779629, "lowlevel.spectral_entropy.mean": 7.5881876945495605, "lowlevel.spectral_entropy.stdev": 0.4067837595939636, "lowlevel.spectral_flux.mean": 0.08751706033945084, "lowlevel.spectral_flux.stdev": 0.06257487833499908, "lowlevel.spectral_kurtosis.mean": 4.927309036254883, "lowlevel.spectral_kurtosis.stdev": 2.830723762512207, "lowlevel.spectral_rms.mean": 0.004330876283347607, "lowlevel.spectral_rms.stdev": 0.0020249481312930584, "lowlevel.spectral_rolloff.mean": 2184.71337890625, "lowlevel.spectral_rolloff.stdev": 2207.5888671875, "lowlevel.spectral_skewness.mean": 1.4299665689468384, "lowlevel.spectral_skewness.stdev": 0.4292784333229065, "lowlevel.spectral_spread.mean": 4819311.0, "lowlevel.spectral_spread.stdev": 1903651.875, "lowlevel.spectral_strongpeak.mean": 1.263741135597229, "lowlevel.spectral_strongpeak.stdev": 1.9244927167892456, "lowlevel.zerocrossingrate.mean": 0.09124768525362015, "lowlevel.zerocrossingrate.stdev": 0.05051206424832344, "metadata.audio_properties.analysis.equal_loudness": 0.0, "metadata.audio_properties.analysis.length": 32.7253303527832, "metadata.audio_properties.analysis.sample_rate": 44100.0, "metadata.audio_properties.analysis.start_time": 0.0, "metadata.audio_properties.bit_rate": 123352.0, "metadata.audio_properties.length": 32.72533416748047, "metadata.audio_properties.lossless": 0.0, "metadata.audio_properties.number_channels": 1.0, "metadata.audio_properties.replay_gain": -10.031042098999023, "metadata.audio_properties.sample_rate": 48000.0, "rhythm.beats_count": 59.0, "rhythm.beats_loudness.mean": 0.033210355788469315, "rhythm.beats_loudness.stdev": 0.01871500350534916, "rhythm.bpm": 110.42061614990234, "rhythm.bpm_histogram_first_peak_bpm": 112.0, "rhythm.bpm_histogram_first_peak_weight": 0.6363636255264282, "rhythm.bpm_histogram_second_peak_bpm": 105.0, "rhythm.bpm_histogram_second_peak_spread": 0.3333333134651184, "rhythm.bpm_histogram_second_peak_weight": 0.03448275849223137, "rhythm.danceability": 1.4141652584075928, "rhythm.onset_rate": 4.153923034667969, "tonal.chords_changes_rate": 0.06515580415725708, "tonal.chords_number_rate": 0.01133144460618496, "tonal.chords_strength.mean": 0.6155073642730713, "tonal.chords_strength.stdev": 0.12749816477298737, "tonal.hpcp_crest.mean": 10.732023239135742, "tonal.hpcp_crest.stdev": 5.170228958129883, "tonal.hpcp_entropy.mean": 2.4913132190704346, "tonal.hpcp_entropy.stdev": 0.7891451120376587, "tonal.key_edma.strength": 0.7487210631370544, "tonal.key_krumhansl.strength": 0.7465766668319702, "tonal.key_temperley.strength": 0.7732117176055908, "tonal.tuning_diatonic_strength": 0.746525228023529, "tonal.tuning_equal_tempered_deviation": 0.16833201050758362, "tonal.tuning_frequency": 438.7310485839844, "tonal.tuning_nontempered_energy_ratio": 0.8336642384529114, "lowlevel.barkbands.mean": [0.0001075557156582363, 0.0026184481102973223, 0.005102474708110094, 0.003861311823129654, 0.002023743698373437, 0.001459566643461585, 0.0005935639492236078, 0.0001658078545005992, 0.0002352183946641162, 0.0004723376187030226, 0.00022928249381948262, 0.0009844857268035412, 0.0007033630390651524, 0.0006415901589207351, 0.0005247609806247056, 0.0008504147408530116, 0.000739638227969408, 0.0003766297595575452, 0.0006513234111480415, 0.00028262962587177753, 0.00024406806915067136, 0.00012824726582039148, 3.243762694182806e-05, 4.857530802837573e-05, 0.0001334880944341421, 0.0002173685352317989, 7.805317503439824e-10], "lowlevel.barkbands.stdev": [0.00031700165709480643, 0.006254596635699272, 0.013160930015146732, 0.005995781160891056, 0.0025294888764619827, 0.004265247378498316, 0.0018611581763252616, 0.0006351930787786841, 0.0009175080922432244, 0.0010769079672172666, 0.0011147144250571728, 0.0025931019335985184, 0.002129804342985153, 0.002086374908685684, 0.0015434069791808724, 0.0018540738383308053, 0.0016121339285746217, 0.0007743289461359382, 0.0008538689580745995, 0.0003562617930583656, 0.00030385953141376376, 0.00018754751363303512, 4.859580803895369e-05, 8.95853154361248e-05, 0.0002663935592863709, 0.00036909166374243796, 1.2799676873953558e-09], "lowlevel.erbbands.mean": [0.07429873943328857, 0.6566731929779053, 4.520063400268555, 11.59436321258545, 8.572952270507812, 5.8708624839782715, 6.921266078948975, 15.001527786254883, 11.888833999633789, 4.667850971221924, 3.57317852973938, 4.715008735656738, 12.791272163391113, 12.43666934967041, 15.172083854675293, 41.89608383178711, 32.25852584838867, 19.46190643310547, 39.99516677856445, 34.443931579589844, 41.98028564453125, 44.200035095214844, 22.941429138183594, 25.082569122314453, 33.04945373535156, 12.575201988220215, 9.920272827148438, 8.60524845123291, 5.003790378570557, 2.2145605087280273, 0.8722189664840698, 0.7266899943351746, 1.0095380544662476, 0.6478003859519958, 1.4101808071136475, 1.5846627950668335, 0.20718470215797424, 0.004137723706662655, 0.00018505238404031843, 4.495954271988012e-05], "lowlevel.erbbands.stdev": [0.17534181475639343, 1.689826250076294, 12.189518928527832, 20.5850830078125, 10.909564971923828, 8.030588150024414, 14.152917861938477, 45.515323638916016, 30.823205947875977, 17.12209129333496, 13.066051483154297, 16.6841983795166, 31.562091827392578, 33.6314811706543, 49.65762710571289, 98.36357116699219, 83.34407043457031, 58.397891998291016, 111.43683624267578, 92.64273071289062, 72.9545669555664, 102.48624420166016, 39.457908630371094, 33.444984436035156, 46.53670120239258, 14.91443157196045, 11.896961212158203, 11.436551094055176, 7.3002028465271, 3.255906105041504, 1.2851340770721436, 1.1488549709320068, 2.0983216762542725, 2.576364755630493, 2.4106764793395996, 2.680685520172119, 0.32953378558158875, 0.006450430490076542, 0.0002718298346735537, 4.274434832041152e-05], "lowlevel.gfcc.mean": [-11.087000846862793, 67.0886459350586, -116.75360870361328, 47.122989654541016, -33.931678771972656, 1.3989170789718628, -46.313106536865234, 6.94659423828125, -52.044776916503906, 8.867980003356934, -31.901817321777344, 5.725613117218018, -13.188690185546875], "lowlevel.melbands.mean": [0.0006856282125227153, 0.0019140841905027628, 0.0018594126449897885, 0.0004989705630578101, 0.00024154954007826746, 0.0003167768882121891, 0.00016984721878543496, 4.528756835497916e-05, 2.6827621695701964e-05, 3.255030605942011e-05, 6.738302181474864e-05, 5.377531124395318e-05, 3.858781565213576e-05, 8.930001786211506e-05, 0.00014778893091715872, 3.1633298931410536e-05, 3.6854584323009476e-05, 7.28678351151757e-05, 3.811344504356384e-05, 5.9716250689234585e-05, 4.34172798122745e-05, 4.639587859855965e-05, 2.9247195925563574e-05, 1.7928558008861728e-05, 1.9491893908707425e-05, 2.7784999474533834e-05, 1.710029027890414e-05, 6.314072834356921e-06, 5.499181952473009e-06, 7.074592303979443e-06, 4.190082108834758e-06, 3.019632913492387e-06, 2.0150496311543975e-06, 8.725597240299976e-07, 5.247330818747287e-07, 3.44938740681755e-07, 4.645586102469679e-07, 7.423745387313829e-07, 4.945740101902629e-07, 5.737130663874268e-07], "lowlevel.melbands.stdev": [0.0015547419898211956, 0.0048872181214392185, 0.0030680897179991007, 0.0006203839438967407, 0.0004552562313620001, 0.0009383393917232752, 0.00044843286741524935, 0.0001707744231680408, 9.735040657687932e-05, 0.00012633595906663686, 0.00016421939653810114, 0.00014165030734147877, 0.00015336439537350088, 0.00030792425968684256, 0.0004139471857342869, 7.845811342122033e-05, 0.00012385477020870894, 0.00022896254085935652, 0.00013174717605579644, 0.00015977356815710664, 8.030825847527012e-05, 0.00012382034037727863, 5.465349750011228e-05, 4.381902908789925e-05, 2.7105857952847145e-05, 3.861926234094426e-05, 2.5091725547099486e-05, 8.482787052344065e-06, 7.022835688985651e-06, 8.974467164080124e-06, 5.976204192847945e-06, 4.686979082180187e-06, 3.014293724845629e-06, 1.3541226735469536e-06, 7.96164044913894e-07, 5.240412406237738e-07, 8.02433532953728e-07, 1.5606395891154534e-06, 1.413740847056033e-06, 2.428197831250145e-06], "lowlevel.melbands128.mean": [9.111643157666549e-05, 0.0005594038520939648, 0.0008987897308543324, 0.0010003821225836873, 0.0018414233345538378, 0.0026963192503899336, 0.002637816360220313, 0.001576793845742941, 0.0007359807495959103, 0.0005181236774660647, 0.00025676420773379505, 0.00026108589372597635, 0.00022832045215182006, 0.00020732259145006537, 0.00037437965511344373, 0.00037282140692695975, 0.0002104491723002866, 0.00016318715643137693, 7.186431321315467e-05, 3.91475587093737e-05, 3.7868678191443905e-05, 4.009946860605851e-05, 1.9996192349935882e-05, 2.1866913812118582e-05, 2.324872366443742e-05, 3.62667597073596e-05, 5.673454870702699e-05, 6.114401912782341e-05, 9.257083002012223e-05, 6.649628630839288e-05, 3.345392906339839e-05, 4.050461211591028e-05, 2.988154665217735e-05, 3.431328877923079e-05, 9.939436858985573e-05, 9.640546340961009e-05, 7.65900404076092e-05, 0.00022970284044276923, 0.00013482995564118028, 2.532582584535703e-05, 1.5120978787308559e-05, 2.239712921436876e-05, 2.8871929316665046e-05, 3.525903230183758e-05, 9.616887109586969e-05, 8.952082134783268e-05, 3.3200340112671256e-05, 3.925486089428887e-05, 3.773910793825053e-05, 3.898502473020926e-05, 7.30651372577995e-05, 6.971770199015737e-05, 4.71813436888624e-05, 3.1132713047554716e-05, 3.221315273549408e-05, 5.1510352932382375e-05, 5.943807991570793e-05, 3.435002872720361e-05, 1.922653609653935e-05, 1.3673000466951635e-05, 2.066101660602726e-05, 1.8628628822625615e-05, 1.551994682813529e-05, 1.9577746570575982e-05, 2.5539027774357237e-05, 3.10257455566898e-05, 2.7626769224298187e-05, 2.1776466383016668e-05, 1.6595669876551256e-05, 8.158252967405133e-06, 4.8845358833204955e-06, 6.260964255488943e-06, 5.235335265751928e-06, 4.811226062884089e-06, 6.502078576886561e-06, 7.509028364438564e-06, 7.910809472377878e-06, 4.733764399134088e-06, 3.617947641032515e-06, 3.547985443219659e-06, 3.3005455861712107e-06, 2.9111347430443857e-06, 2.1162763914617244e-06, 2.2760964384360705e-06, 1.5331714848798583e-06, 1.0195767572440673e-06, 5.900079145249038e-07, 6.074609473216697e-07, 6.060097916815721e-07, 3.972541549046582e-07, 3.3761722306735464e-07, 3.042146943244006e-07, 3.917025424016174e-07, 5.196613415137108e-07, 4.3779800762422383e-07, 5.392958541960979e-07, 9.16609224077547e-07, 9.559482805343578e-07, 3.723088752849435e-07, 3.8615959851995285e-07, 2.6939056851915666e-07, 5.011539201404958e-07, 1.0927534503935021e-06, 9.55845280259382e-07, 8.365784651687136e-07, 2.810146725096274e-06, 2.4905077680159593e-06, 2.235286729046493e-06, 2.9678385544684716e-06, 3.934529559046496e-06, 2.591988277345081e-06, 5.639700475512655e-07, 6.134570895710567e-08, 1.1270410160690858e-09, 8.469975831815191e-10, 6.092538279434123e-11, 4.183398853024878e-12, 3.754118110127491e-12, 3.6001093599302703e-12, 3.462270834614367e-12, 3.3423611101035533e-12, 3.2555720272386957e-12, 3.177152117783688e-12, 3.1044041035738212e-12, 3.006055690826792e-12, 2.8811523479499446e-12, 2.807932055273743e-12, 2.7835839102458015e-12], "lowlevel.melbands128.stdev": [0.00029773308779112995, 0.0014839711366221309, 0.0020081279799342155, 0.0029183642473071814, 0.005660652182996273, 0.006637810729444027, 0.0048533845692873, 0.00231517874635756, 0.0010696068638935685, 0.0007967938436195254, 0.00042567928903736174, 0.00042914223740808666, 0.0004458496405277401, 0.000803910312242806, 0.0013625789433717728, 0.00095959915779531, 0.0005452004261314869, 0.0005289404653012753, 0.00032595451921224594, 0.00017723371274769306, 0.00015281415835488588, 0.00016566846170462668, 8.810534927761182e-05, 8.959230035543442e-05, 9.015440446091816e-05, 0.00021019423729740083, 0.0002588004572317004, 0.00022070214617997408, 0.0002585130569059402, 0.0001853341091191396, 0.00016079083434306085, 0.00029784825164824724, 0.00016969986609183252, 0.0001951427257154137, 0.0004753786779474467, 0.00047631229972466826, 0.00025220634415745735, 0.0007511531002819538, 0.00048474999493919313, 8.941570558818057e-05, 4.802025432582013e-05, 0.00012189367407700047, 0.00017336892778985202, 0.00017153617227450013, 0.0003966672520618886, 0.0003461581072770059, 0.00013470365956891328, 0.00020569429034367204, 0.00020773513824678957, 0.00021441039280034602, 0.00026886738487519324, 0.00019282956782262772, 0.00013389808009378612, 8.990778587758541e-05, 8.689152309671044e-05, 0.00023342162603512406, 0.0001921739603858441, 7.051954889902845e-05, 5.676148066413589e-05, 2.9832224754500203e-05, 7.256277604028583e-05, 6.332203338388354e-05, 2.8387110432959162e-05, 3.273372203693725e-05, 5.511131894309074e-05, 4.932797673973255e-05, 6.086786379455589e-05, 5.049084575148299e-05, 2.4210437914007343e-05, 1.2202564903418534e-05, 8.572925253247377e-06, 9.967977348424029e-06, 8.454242561128922e-06, 7.491000360460021e-06, 8.679088750795927e-06, 1.0323539754608646e-05, 1.1889388588315342e-05, 8.320498636749107e-06, 5.745721864514053e-06, 6.484124696726212e-06, 5.6587919061712455e-06, 4.99919678986771e-06, 3.5958883017883636e-06, 3.7300019357644487e-06, 2.4985033633129206e-06, 1.8548807929619215e-06, 9.855907592282165e-07, 9.778935918802745e-07, 9.813338692765683e-07, 6.985411573623423e-07, 6.028345751474262e-07, 5.253407380223507e-07, 6.611430762859527e-07, 9.78105731519463e-07, 7.945504876261111e-07, 1.5599465541527024e-06, 1.8964349237649003e-06, 1.8065227322949795e-06, 6.440719175770937e-07, 2.065274657070404e-06, 2.9759139579255134e-06, 2.4748012492636917e-06, 2.4925927846197737e-06, 1.8845627209884697e-06, 2.110633886331925e-06, 4.389982223074185e-06, 4.410569090396166e-06, 5.039416009822162e-06, 5.5762538977433e-06, 6.268864581215894e-06, 4.754212568514049e-06, 1.1803206234617392e-06, 2.3432980356119515e-07, 1.5612778625495594e-08, 1.354451395485512e-08, 1.2328139620265688e-09, 9.92024951768089e-12, 6.071045142302944e-12, 5.843895246188113e-12, 5.647930474000917e-12, 5.482124736805316e-12, 5.343509922733913e-12, 5.219278134682703e-12, 5.116180916420188e-12, 5.0312202320990096e-12, 4.9643670251009464e-12, 4.916220208706079e-12, 4.886629729333736e-12], "lowlevel.mfcc.mean": [-664.1328125, 107.47149658203125, -22.42829132080078, 53.00137710571289, 14.417391777038574, 7.6191606521606445, 10.40869426727295, -7.5253400802612305, 0.5856670141220093, -17.261024475097656, -6.842457294464111, -7.656547546386719, -3.6767754554748535], "lowlevel.spectral_contrast_coeffs.mean": [-0.6653496623039246, -0.7521030306816101, -0.7786399126052856, -0.7774213552474976, -0.774836003780365, -0.6770833134651184], "lowlevel.spectral_contrast_coeffs.stdev": [0.06933719664812088, 0.07939807325601578, 0.0938003659248352, 0.07921133190393448, 0.046142127364873886, 0.06459437310695648], "lowlevel.spectral_contrast_valleys.mean": [-6.956403732299805, -7.585213661193848, -7.823318958282471, -7.663877010345459, -7.2630109786987305, -11.18040657043457], "lowlevel.spectral_contrast_valleys.stdev": [0.8954354524612427, 0.7977076172828674, 0.7220429182052612, 0.6620264649391174, 0.686139702796936, 1.3714219331741333], "rhythm.beats_loudness_band_ratio.mean": [0.36580607295036316, 0.16288495063781738, 0.059468310326337814, 0.10370496660470963, 0.20765827596187592, 0.1475163698196411], "rhythm.beats_loudness_band_ratio.stdev": [0.26113536953926086, 0.11601081490516663, 0.056818798184394836, 0.1232004463672638, 0.15029576420783997, 0.08630535006523132], "tonal.hpcp.mean": [0.2808440029621124, 0.17545589804649353, 0.07874409109354019, 0.05494404211640358, 0.05577324703335762, 0.08640264719724655, 0.09292583912611008, 0.0670076236128807, 0.06732355803251266, 0.08182449638843536, 0.08654656261205673, 0.17527568340301514, 0.3425486981868744, 0.28650084137916565, 0.12628115713596344, 0.1190885603427887, 0.09984463453292847, 0.06601778417825699, 0.09581820666790009, 0.15350809693336487, 0.22860845923423767, 0.22145411372184753, 0.11806188523769379, 0.0640312135219574, 0.06073238328099251, 0.05637300759553909, 0.1083865836262703, 0.18248534202575684, 0.12937535345554352, 0.05355732887983322, 0.04857882857322693, 0.05351687967777252, 0.1021043062210083, 0.17307472229003906, 0.19479858875274658, 0.24677801132202148], "tonal.hpcp.stdev": [0.32170355319976807, 0.24010437726974487, 0.18146149814128876, 0.15781326591968536, 0.15553021430969238, 0.22193299233913422, 0.2280033826828003, 0.17043520510196686, 0.17862915992736816, 0.1980787217617035, 0.1900375783443451, 0.23409684002399445, 0.379094660282135, 0.3247556984424591, 0.21506795287132263, 0.2601519525051117, 0.22128716111183167, 0.14642448723316193, 0.1952766627073288, 0.2504773736000061, 0.2920423746109009, 0.3133835792541504, 0.1967102289199829, 0.15023936331272125, 0.16486753523349762, 0.15368790924549103, 0.19399702548980713, 0.27842384576797485, 0.20660768449306488, 0.1368412971496582, 0.13349615037441254, 0.12881845235824585, 0.184383362531662, 0.26472094655036926, 0.2668587267398834, 0.2814640700817108], "rhythm.beats_position": [0.5224489569664001, 1.05650794506073, 1.6021767854690552, 2.1594557762145996, 2.7167346477508545, 3.2740135192871094, 3.8312923908233643, 4.388571262359619, 4.945850372314453, 5.491518974304199, 6.060408115386963, 6.617686748504639, 7.174965858459473, 7.720634937286377, 8.266304016113281, 8.800362586975098, 9.334421157836914, 9.880090713500977, 10.448979377746582, 11.006258010864258, 11.56353759765625, 12.109206199645996, 12.654874801635742, 13.212154388427734, 13.75782299041748, 14.303491592407227, 14.849161148071289, 15.394829750061035, 15.940498352050781, 16.497777938842773, 17.043445587158203, 17.600725173950195, 18.134784698486328, 18.668842315673828, 19.24934196472168, 19.783401489257812, 20.317459106445312, 20.851518630981445, 21.408798217773438, 21.954465866088867, 22.50013542175293, 23.034194946289062, 23.568254470825195, 24.102312088012695, 24.647981643676758, 25.18204116821289, 25.72770881652832, 26.273378372192383, 26.807437896728516, 27.341495513916016, 27.887165069580078, 28.42122459411621, 28.95528221130371, 29.489341735839844, 30.023401260375977, 30.557458877563477, 31.07990837097168, 31.602357864379883, 32.136417388916016], "rhythm.bpm_histogram": [0.0, 0.0, 0.0, 0.0, 0.0, 0.0, 0.0, 0.0, 0.0, 0.0, 0.0, 0.0, 0.0, 0.0, 0.0, 0.0, 0.0, 0.0, 0.0, 0.0, 0.0, 0.0, 0.0, 0.0, 0.0, 0.0, 0.0, 0.0, 0.0, 0.0, 0.0, 0.0, 0.0, 0.0, 0.0, 0.0, 0.0, 0.0, 0.0, 0.0, 0.0, 0.0, 0.0, 0.0, 0.0, 0.0, 0.0, 0.0, 0.0, 0.0, 0.0, 0.0, 0.0, 0.0, 0.0, 0.0, 0.0, 0.0, 0.0, 0.0, 0.0, 0.0, 0.0, 0.0, 0.0, 0.0, 0.0, 0.0, 0.0, 0.0, 0.0, 0.0, 0.0, 0.0, 0.0, 0.0, 0.0, 0.0, 0.0, 0.0, 0.0, 0.0, 0.0, 0.0, 0.0, 0.0, 0.0, 0.0, 0.0, 0.0, 0.0, 0.0, 0.0, 0.0, 0.0, 0.0, 0.0, 0.0, 0.0, 0.0, 0.0, 0.0, 0.0, 0.017241379246115685, 0.0, 0.03448275849223137, 0.0, 0.0, 0.24137930572032928, 0.0, 0.32758620381355286, 0.0, 0.3448275923728943, 0.0, 0.0, 0.03448275849223137, 0.0, 0.0, 0.0, 0.0, 0.0, 0.0, 0.0, 0.0, 0.0, 0.0, 0.0, 0.0, 0.0, 0.0, 0.0, 0.0, 0.0, 0.0, 0.0, 0.0, 0.0, 0.0, 0.0, 0.0, 0.0, 0.0, 0.0, 0.0, 0.0, 0.0, 0.0, 0.0, 0.0, 0.0, 0.0, 0.0, 0.0, 0.0, 0.0, 0.0, 0.0, 0.0, 0.0, 0.0, 0.0, 0.0, 0.0, 0.0, 0.0, 0.0, 0.0, 0.0, 0.0, 0.0, 0.0, 0.0, 0.0, 0.0, 0.0, 0.0, 0.0, 0.0, 0.0, 0.0, 0.0, 0.0, 0.0, 0.0, 0.0, 0.0, 0.0, 0.0, 0.0, 0.0, 0.0, 0.0, 0.0, 0.0, 0.0, 0.0, 0.0, 0.0, 0.0, 0.0, 0.0, 0.0, 0.0, 0.0, 0.0, 0.0, 0.0, 0.0, 0.0, 0.0, 0.0, 0.0, 0.0, 0.0, 0.0, 0.0, 0.0, 0.0, 0.0, 0.0, 0.0, 0.0, 0.0, 0.0, 0.0, 0.0, 0.0, 0.0, 0.0, 0.0, 0.0, 0.0, 0.0, 0.0, 0.0, 0.0, 0.0, 0.0, 0.0, 0.0, 0.0, 0.0, 0.0, 0.0, 0.0, 0.0, 0.0, 0.0, 0.0, 0.0], "tonal.chords_histogram": [17.138811111450195, 1.6997166872024536, 1.55807363986969, 0.4249291718006134, 0.0, 0.0, 0.0, 2.124645948410034, 0.0, 28.47025489807129, 0.0, 0.0, 0.0, 0.0, 0.0, 0.0, 0.28328612446784973, 0.0, 0.0, 0.0, 0.0, 9.631728172302246, 8.781869888305664, 29.886686325073242], "tonal.thpcp": [1.0, 0.836379885673523, 0.36865168809890747, 0.34765440225601196, 0.29147574305534363, 0.1927252560853958, 0.2797214090824127, 0.448135107755661, 0.6673750877380371, 0.6464894413948059, 0.3446572422981262, 0.18692587316036224, 0.17729562520980835, 0.16456931829452515, 0.31641218066215515, 0.5327281951904297, 0.3776845633983612, 0.1563495397567749, 0.14181582629680634, 0.15623144805431366, 0.29807236790657043, 0.5052558183670044, 0.5686741471290588, 0.720417320728302, 0.8198659420013428, 0.5122071504592896, 0.2298770695924759, 0.1603977531194687, 0.16281844675540924, 0.25223463773727417, 0.2712777554988861, 0.19561488926410675, 0.19653718173503876, 0.23886968195438385, 0.2526547610759735, 0.511681079864502], "lowlevel.gfcc.cov": [[4615.28125, -996.0053100585938, 726.8634033203125, 9.016776084899902, -357.82135009765625, 804.8370361328125, -206.7373504638672, 446.2227478027344, 154.43045043945312, 268.1012268066406, 77.02347564697266, 253.2991180419922, -106.32975769042969], [-996.0053100585938, 1458.6776123046875, -670.0048217773438, 89.51431274414062, 287.94671630859375, -512.4156494140625, 347.1067810058594, -230.0680694580078, 16.932598114013672, -231.47373962402344, -2.0492122173309326, -175.5707550048828, 126.3221435546875], [726.8634033203125, -670.0048217773438, 1521.294677734375, 388.279296875, -96.96155548095703, 521.0259399414062, -182.9494171142578, 424.7921142578125, 83.8284683227539, 140.07923889160156, 59.78847122192383, 187.5364990234375, -118.4085693359375], [9.016776084899902, 89.51431274414062, 388.279296875, 422.4571228027344, 64.30093383789062, -43.176448822021484, 29.244022369384766, 127.50468444824219, 76.9858627319336, -50.90255355834961, 23.998769760131836, 25.509117126464844, -14.437490463256836], [-357.82135009765625, 287.94671630859375, -96.96155548095703, 64.30093383789062, 409.9879455566406, 29.761009216308594, 121.7943344116211, -42.1299934387207, -42.243778228759766, -22.35659408569336, -15.994232177734375, -30.6793155670166, 29.761314392089844], [804.8370361328125, -512.4156494140625, 521.0259399414062, -43.176448822021484, 29.761009216308594, 635.984375, -51.99945831298828, 130.13768005371094, 19.699979782104492, 136.72872924804688, 47.159629821777344, 77.84982299804688, -71.00300598144531], [-206.7373504638672, 347.1067810058594, -182.9494171142578, 29.244022369384766, 121.7943344116211, -51.99945831298828, 205.21852111816406, -33.22449493408203, -0.3553938567638397, -64.06221008300781, 0.43788033723831177, -39.47792434692383, 23.50548553466797], [446.2227478027344, -230.0680694580078, 424.7921142578125, 127.50468444824219, -42.1299934387207, 130.13768005371094, -33.22449493408203, 255.33592224121094, 64.15875244140625, 50.05538558959961, 18.198135375976562, 84.99053955078125, -13.933765411376953], [154.43045043945312, 16.932598114013672, 83.8284683227539, 76.9858627319336, -42.243778228759766, 19.699979782104492, -0.3553938567638397, 64.15875244140625, 122.419189453125, 29.21172523498535, 11.774616241455078, 16.858501434326172, 5.6120805740356445], [268.1012268066406, -231.47373962402344, 140.07923889160156, -50.90255355834961, -22.35659408569336, 136.72872924804688, -64.06221008300781, 50.05538558959961, 29.21172523498535, 146.0908660888672, 34.66298294067383, 47.00171661376953, -21.9720516204834], [77.02347564697266, -2.0492122173309326, 59.78847122192383, 23.998769760131836, -15.994232177734375, 47.159629821777344, 0.43788033723831177, 18.198135375976562, 11.774616241455078, 34.66298294067383, 90.85822296142578, 25.9473819732666, -19.179033279418945], [253.2991180419922, -175.5707550048828, 187.5364990234375, 25.509117126464844, -30.6793155670166, 77.84982299804688, -39.47792434692383, 84.99053955078125, 16.858501434326172, 47.00171661376953, 25.9473819732666, 98.76023864746094, 4.838245868682861], [-106.32975769042969, 126.3221435546875, -118.4085693359375, -14.437490463256836, 29.761314392089844, -71.00300598144531, 23.50548553466797, -13.933765411376953, 5.6120805740356445, -21.9720516204834, -19.179033279418945, 4.838245868682861, 85.0829849243164]], "lowlevel.gfcc.icov": [[0.00042887107701972127, -0.0003152265271637589, 0.0005716376472264528, -0.0005157514242455363, 0.0005894264904782176, -0.0009186609531752765, 0.0004729630018118769, -0.0008468780433759093, 0.00036918569821864367, -0.0004409216926433146, 0.0006014923565089703, -0.0008239035960286856, 0.0005140593857504427], [-0.0003152265271637589, 0.0033845817670226097, -0.0015283048851415515, 0.001590228290297091, -0.0020230745431035757, 0.002891807584092021, -0.003551577916368842, 0.0022994852624833584, -0.0029931417666375637, 0.002497266046702862, -0.0035299130249768496, 0.0034043341875076294, -0.0029443742241710424], [0.0005716376472264528, -0.0015283048851415515, 0.004090114030987024, -0.003781519830226898, 0.0019570786971598864, -0.0037495368160307407, 0.003028491511940956, -0.004009320866316557, 0.002977638738229871, -0.002006169641390443, 0.0027427240274846554, -0.0031603560782969, 0.002810526406392455], [-0.0005157514242455363, 0.001590228290297091, -0.003781519830226898, 0.007896741852164268, -0.003450401360169053, 0.0042525907047092915, -0.002193760359659791, 0.0016007403610274196, -0.00576948095113039, 0.005146981682628393, -0.004267667420208454, 0.0023026226554065943, -0.000687480322085321], [0.0005894264904782176, -0.0020230745431035757, 0.0019570786971598864, -0.003450401360169053, 0.005636392626911402, -0.0034544842783361673, 0.00018861665739677846, -0.0016817604191601276, 0.0045301527716219425, -0.0037096559535712004, 0.0036555705592036247, -0.0019232265185564756, 0.0003730880271177739], [-0.0009186609531752765, 0.002891807584092021, -0.0037495368160307407, 0.0042525907047092915, -0.0034544842783361673, 0.007023734971880913, -0.003989050630480051, 0.0033398191444575787, -0.003844978054985404, 0.0017605939647182822, -0.004224253352731466, 0.0034498146269470453, -0.0016594354528933764], [0.0004729630018118769, -0.003551577916368842, 0.003028491511940956, -0.002193760359659791, 0.00018861665739677846, -0.003989050630480051, 0.011987756006419659, -0.0041364762000739574, 0.0019797461573034525, 0.0006723865517415106, 0.0017711649416014552, -0.00242180610075593, 0.0029024239629507065], [-0.0008468780433759093, 0.0022994852624833584, -0.004009320866316557, 0.0016007403610274196, -0.0016817604191601276, 0.0033398191444575787, -0.0041364762000739574, 0.012053982354700565, -0.0048892199993133545, 0.0015549997333437204, -0.0017127962782979012, -0.0010359245352447033, -0.002891390584409237], [0.00036918569821864367, -0.0029931417666375637, 0.002977638738229871, -0.00576948095113039, 0.0045301527716219425, -0.003844978054985404, 0.0019797461573034525, -0.0048892199993133545, 0.015965890139341354, -0.007149701472371817, 0.003998234402388334, -0.0013685369631275535, 8.88886734173866e-06], [-0.0004409216926433146, 0.002497266046702862, -0.002006169641390443, 0.005146981682628393, -0.0037096559535712004, 0.0017605939647182822, 0.0006723865517415106, 0.0015549997333437204, -0.007149701472371817, 0.0158868245780468, -0.0066382987424731255, -0.00014289571845438331, -0.0002555305836722255], [0.0006014923565089703, -0.0035299130249768496, 0.0027427240274846554, -0.004267667420208454, 0.0036555705592036247, -0.004224253352731466, 0.0017711649416014552, -0.0017127962782979012, 0.003998234402388334, -0.0066382987424731255, 0.018497003242373466, -0.0079609714448452, 0.006155867595225573], [-0.0008239035960286856, 0.0034043341875076294, -0.0031603560782969, 0.0023026226554065943, -0.0019232265185564756, 0.0034498146269470453, -0.00242180610075593, -0.0010359245352447033, -0.0013685369631275535, -0.00014289571845438331, -0.0079609714448452, 0.023142671212553978, -0.009097636677324772], [0.0005140593857504427, -0.0029443742241710424, 0.002810526406392455, -0.000687480322085321, 0.0003730880271177739, -0.0016594354528933764, 0.0029024239629507065, -0.002891390584409237, 8.88886734173866e-06, -0.0002555305836722255, 0.006155867595225573, -0.009097636677324772, 0.019609570503234863]], "lowlevel.mfcc.cov": [[4367.49072265625, -981.9100952148438, 778.068359375, -556.5687255859375, 48.311038970947266, 120.46012115478516, -129.2916259765625, 291.3731994628906, -33.391300201416016, 358.41033935546875, 55.557735443115234, 153.45777893066406, 151.81332397460938], [-981.9100952148438, 1246.98046875, -868.0235595703125, 419.3548889160156, -180.3197479248047, -79.4895248413086, 120.18916320800781, -142.44366455078125, 111.49375915527344, -200.2418670654297, -8.01148509979248, -115.52403259277344, -92.98467254638672], [778.068359375, -868.0235595703125, 1602.7181396484375, -201.67138671875, 338.5059509277344, 93.18743133544922, -45.40193557739258, 338.33026123046875, -49.10627365112305, 282.5994873046875, 88.46939086914062, 173.299560546875, 127.43718719482422], [-556.5687255859375, 419.3548889160156, -201.67138671875, 578.2182006835938, 2.7926275730133057, -160.64553833007812, 34.301536560058594, 9.732959747314453, 92.94003295898438, -124.3652114868164, 22.306041717529297, -12.243273735046387, -59.802703857421875], [48.311038970947266, -180.3197479248047, 338.5059509277344, 2.7926275730133057, 309.2370300292969, 114.09710693359375, 72.58560180664062, 103.78641510009766, 29.804105758666992, 72.99797058105469, 21.744997024536133, 53.7619743347168, 56.302154541015625], [120.46012115478516, -79.4895248413086, 93.18743133544922, -160.64553833007812, 114.09710693359375, 273.8628845214844, 85.48414611816406, 43.362770080566406, -10.14136028289795, 88.4417953491211, 12.165990829467773, 0.7422236204147339, 52.39393997192383], [-129.2916259765625, 120.18916320800781, -45.40193557739258, 34.301536560058594, 72.58560180664062, 85.48414611816406, 183.78851318359375, 45.759132385253906, 26.101089477539062, -14.221067428588867, 26.699094772338867, -2.4316277503967285, -1.8534297943115234], [291.3731994628906, -142.44366455078125, 338.33026123046875, 9.732959747314453, 103.78641510009766, 43.362770080566406, 45.759132385253906, 206.0664825439453, 32.636077880859375, 75.3309555053711, 27.770689010620117, 45.29397201538086, 33.134056091308594], [-33.391300201416016, 111.49375915527344, -49.10627365112305, 92.94003295898438, 29.804105758666992, -10.14136028289795, 26.101089477539062, 32.636077880859375, 131.14224243164062, -2.566584348678589, -5.729704856872559, -9.827908515930176, 2.6258199214935303], [358.41033935546875, -200.2418670654297, 282.5994873046875, -124.3652114868164, 72.99797058105469, 88.4417953491211, -14.221067428588867, 75.3309555053711, -2.566584348678589, 166.18955993652344, 25.584712982177734, 32.71796417236328, 45.152076721191406], [55.557735443115234, -8.01148509979248, 88.46939086914062, 22.306041717529297, 21.744997024536133, 12.165990829467773, 26.699094772338867, 27.770689010620117, -5.729704856872559, 25.584712982177734, 86.99899291992188, 33.75153350830078, 12.526975631713867], [153.45777893066406, -115.52403259277344, 173.299560546875, -12.243273735046387, 53.7619743347168, 0.7422236204147339, -2.4316277503967285, 45.29397201538086, -9.827908515930176, 32.71796417236328, 33.75153350830078, 96.27172088623047, 34.04597473144531], [151.81332397460938, -92.98467254638672, 127.43718719482422, -59.802703857421875, 56.302154541015625, 52.39393997192383, -1.8534297943115234, 33.134056091308594, 2.6258199214935303, 45.152076721191406, 12.526975631713867, 34.04597473144531, 95.77373504638672]], "lowlevel.mfcc.icov": [[0.00034697382943704724, 0.0001716227998258546, 0.00010603119153529406, 0.0001877285831142217, 0.00019530767167452723, 8.090017217909917e-05, 0.000117662493721582, -0.00044803987839259207, -0.0001261658762814477, -0.00040819801506586373, -0.00010658971586963162, -0.00020176272664684802, -0.00012746012362185866], [0.0001716227998258546, 0.0019959607161581516, 0.0006689984002150595, -0.0009923451580107212, 0.000782777788117528, -0.00030329247238114476, -0.0008633371326141059, 9.605803643353283e-05, -0.0007331897504627705, -0.0001238762924913317, -0.00044035460450686514, 0.0004910734132863581, -0.0002266765368403867], [0.00010603119153529406, 0.0006689984002150595, 0.0019112688023597002, 5.912427877774462e-05, -0.0010096095502376556, 0.000583405839279294, 0.0006225881516002119, -0.0019952848087996244, 0.0006929773953743279, -0.001268356922082603, -0.0007223857101053, -0.00045509744086302817, -0.00021285959519445896], [0.0001877285831142217, -0.0009923451580107212, 5.912427877774462e-05, 0.0037794006057083607, -0.0013186151627451181, 0.0017960966797545552, 0.0005993797676637769, -0.00130391342099756, -0.0011886348947882652, 0.0013885961379855871, -0.0014856973430141807, -0.00015659377095289528, 0.0009034638642333448], [0.00019530767167452723, 0.000782777788117528, -0.0010096095502376556, -0.0013186151627451181, 0.006617878098040819, -0.002182776341214776, -0.0021155402064323425, 0.000335543358232826, -0.001442715059965849, -0.0003912262327503413, 0.0013483832590281963, -0.0016590205486863852, -0.001245535328052938], [8.090017217909917e-05, -0.00030329247238114476, 0.000583405839279294, 0.0017960966797545552, -0.002182776341214776, 0.007793687749654055, -0.0030296449549496174, -0.000279498053714633, 0.0011162565788254142, -0.003267558291554451, -5.244419298833236e-05, 0.0019141874508932233, -0.0021835656370967627], [0.000117662493721582, -0.0008633371326141059, 0.0006225881516002119, 0.0005993797676637769, -0.0021155402064323425, -0.0030296449549496174, 0.00995275191962719, -0.0031946352683007717, -0.0004721226287074387, 0.002927237655967474, -0.003230011323466897, 0.00017458021466154605, 0.001713346573524177], [-0.00044803987839259207, 9.605803643353283e-05, -0.0019952848087996244, -0.00130391342099756, 0.000335543358232826, -0.000279498053714633, -0.0031946352683007717, 0.010468702763319016, -0.0021423492580652237, -0.001477811485528946, 0.0009254755568690598, -0.0009355131187476218, -0.00011677955626510084], [-0.0001261658762814477, -0.0007331897504627705, 0.0006929773953743279, -0.0011886348947882652, -0.001442715059965849, 0.0011162565788254142, -0.0004721226287074387, -0.0021423492580652237, 0.010519081726670265, -0.0016645177965983748, 0.0015187590615823865, 0.0013088303385302424, -0.00137422326952219], [-0.00040819801506586373, -0.0001238762924913317, -0.001268356922082603, 0.0013885961379855871, -0.0003912262327503413, -0.003267558291554451, 0.002927237655967474, -0.001477811485528946, -0.0016645177965983748, 0.013174993917346, -0.0027895078528672457, 0.0004032100841868669, -0.0002771512372419238], [-0.00010658971586963162, -0.00044035460450686514, -0.0007223857101053, -0.0014856973430141807, 0.0013483832590281963, -5.244419298833236e-05, -0.003230011323466897, 0.0009254755568690598, 0.0015187590615823865, -0.0027895078528672457, 0.01585620827972889, -0.004808942321687937, -0.0004627156304195523], [-0.00020176272664684802, 0.0004910734132863581, -0.00045509744086302817, -0.00015659377095289528, -0.0016590205486863852, 0.0019141874508932233, 0.00017458021466154605, -0.0009355131187476218, 0.0013088303385302424, 0.0004032100841868669, -0.004808942321687937, 0.016518881544470787, -0.003909659571945667], [-0.00012746012362185866, -0.0002266765368403867, -0.00021285959519445896, 0.0009034638642333448, -0.001245535328052938, -0.0021835656370967627, 0.001713346573524177, -0.00011677955626510084, -0.00137422326952219, -0.0002771512372419238, -0.0004627156304195523, -0.003909659571945667, 0.01488959789276123]], "metadata.audio_properties.analysis.downmix": "mix", "metadata.audio_properties.codec": "mp3", "metadata.audio_properties.md5_encoded": "fa84e0387d19ea22ae1b2381a82caa0b", "metadata.tags.file_name": "1183714840687153152.mp3", "metadata.version.essentia": "2.1-beta6-dev", "metadata.version.essentia_git_sha": "v2.1_beta5-1110-g77a6a954", "metadata.version.extractor": "music 2.0", "tonal.chords_key": "A", "tonal.chords_scale": "major", "tonal.key_edma.key": "C#", "tonal.key_edma.scale": "major", "tonal.key_krumhansl.key": "A", "tonal.key_krumhansl.scale": "major", "tonal.key_temperley.key": "C#", "tonal.key_temperley.scale": "minor", "metadata.tags.encoding": ["Lavf58.45.100"]}, "essentia_models": [{"model_name": "genre_dortmund", "activations": {"alternative": "0.10809036", "blues": "0.14985439", "electronic":