{"song_id": "1183685323901902938", "download": "https://cdn.discordapp.com/attachments/1135911532732108921/1183685323901902938/chirp.mp4?ex=65893bdd&amp", "lyrics": "\u0422\u0430\u043a \u0420\u0443\u0441\u043b\u0430\u043d \u0436\u0435 - \u0414\u0435\u0434 \u041c\u043e\u0440\u043e\u0437!\n\u041f\u0443\u0448\u043a\u0443 \u043d\u0430\u043c \u0441\u0435\u0433\u043e\u0434\u043d\u044f \u0432\u0432\u0435\u0437! \n\n\u041c\u043e\u0436\u0435\u0442 \u0441\u0442\u043e\u0438\u0442 \u043f\u043e\u043f\u0440\u043e\u0441\u0438\u0442\u044c?\n\u0427\u0442\u043e\u0431 \u0437\u0430\u0440\u043f\u043b\u0430\u0442\u0443 \u0432\u043e\u0437\u0440\u0430\u0441\u0442\u0438\u0442\u044c!\n\n\u0427\u0442\u043e\u0431\u044b \u043a\u044d\u0444\u044b \u0432\u0441\u0435 \u0438\u043a\u0441 \u0434\u0432\u0430!\n\u0417\u0430\u0441\u043b\u0443\u0436\u0438\u043b\u0430 \u0440\u0435\u0431\u044f\u0442\u043d\u044f!\n\n\u041d\u0443, \u043a\u043e\u043b\u043b\u0435\u0433\u0438, \u0436\u043c\u0435\u043c \u043b\u0430\u0439\u043a\u043e\u0441 \n\u041a\u0442\u043e \u043c\u0435\u0447\u0442\u0430\u0435\u0442 \u0437\u0430 \u043f\u0440\u0438\u0440\u043e\u0441\u0442", "style": ["hardbass"], "essentia_features": {"lowlevel.average_loudness": 0.9698238372802734, "lowlevel.barkbands_crest.mean": 15.431092262268066, "lowlevel.barkbands_crest.stdev": 6.797704219818115, "lowlevel.barkbands_flatness_db.mean": 0.19177716970443726, "lowlevel.barkbands_flatness_db.stdev": 0.09574152529239655, "lowlevel.barkbands_kurtosis.mean": 32.75392150878906, "lowlevel.barkbands_kurtosis.stdev": 77.59596252441406, "lowlevel.barkbands_skewness.mean": 3.7487308979034424, "lowlevel.barkbands_skewness.stdev": 3.867283344268799, "lowlevel.barkbands_spread.mean": 34.47550964355469, "lowlevel.barkbands_spread.stdev": 29.710514068603516, "lowlevel.dissonance.mean": 0.4686782658100128, "lowlevel.dissonance.stdev": 0.03131963685154915, "lowlevel.dynamic_complexity": 2.216439723968506, "lowlevel.erbbands_crest.mean": 8.602204322814941, "lowlevel.erbbands_crest.stdev": 4.463524341583252, "lowlevel.erbbands_flatness_db.mean": 0.11497055739164352, "lowlevel.erbbands_flatness_db.stdev": 0.03536457195878029, "lowlevel.erbbands_kurtosis.mean": 1.1351677179336548, "lowlevel.erbbands_kurtosis.stdev": 5.682181358337402, "lowlevel.erbbands_skewness.mean": 0.04113532602787018, "lowlevel.erbbands_skewness.stdev": 1.4421998262405396, "lowlevel.erbbands_spread.mean": 88.41836547851562, "lowlevel.erbbands_spread.stdev": 45.23958969116211, "lowlevel.hfc.mean": 35.768985748291016, "lowlevel.hfc.stdev": 37.739925384521484, "lowlevel.loudness_ebu128.integrated": -16.077831268310547, "lowlevel.loudness_ebu128.loudness_range": 1.3522453308105469, "lowlevel.loudness_ebu128.momentary.mean": -16.23304557800293, "lowlevel.loudness_ebu128.momentary.stdev": 1.1940439939498901, "lowlevel.loudness_ebu128.short_term.mean": -16.100322723388672, "lowlevel.loudness_ebu128.short_term.stdev": 0.48164069652557373, "lowlevel.melbands_crest.mean": 21.76993179321289, "lowlevel.melbands_crest.stdev": 7.465254306793213, "lowlevel.melbands_flatness_db.mean": 0.261397123336792, "lowlevel.melbands_flatness_db.stdev": 0.1216760128736496, "lowlevel.melbands_kurtosis.mean": 149.18885803222656, "lowlevel.melbands_kurtosis.stdev": 216.49493408203125, "lowlevel.melbands_skewness.mean": 8.185068130493164, "lowlevel.melbands_skewness.stdev": 6.27789831161499, "lowlevel.melbands_spread.mean": 27.45851707458496, "lowlevel.melbands_spread.stdev": 42.26546096801758, "lowlevel.pitch_salience.mean": 0.39525312185287476, "lowlevel.pitch_salience.stdev": 0.21983155608177185, "lowlevel.silence_rate_20dB.mean": 1.0, "lowlevel.silence_rate_20dB.stdev": 0.0, "lowlevel.silence_rate_30dB.mean": 0.8605769276618958, "lowlevel.silence_rate_30dB.stdev": 0.34638798236846924, "lowlevel.silence_rate_60dB.mean": 0.04927884787321091, "lowlevel.silence_rate_60dB.stdev": 0.2164480835199356, "lowlevel.spectral_centroid.mean": 1625.78857421875, "lowlevel.spectral_centroid.stdev": 1252.47509765625, "lowlevel.spectral_complexity.mean": 9.461538314819336, "lowlevel.spectral_complexity.stdev": 12.294931411743164, "lowlevel.spectral_decrease.mean": -1.3207592353126074e-08, "lowlevel.spectral_decrease.stdev": 1.4084402977232457e-08, "lowlevel.spectral_energy.mean": 0.05309290438890457, "lowlevel.spectral_energy.stdev": 0.05360865220427513, "lowlevel.spectral_energyband_high.mean": 0.0031944813672453165, "lowlevel.spectral_energyband_high.stdev": 0.003821867983788252, "lowlevel.spectral_energyband_low.mean": 0.038770996034145355, "lowlevel.spectral_energyband_low.stdev": 0.05216632038354874, "lowlevel.spectral_energyband_middle_high.mean": 0.0019905196968466043, "lowlevel.spectral_energyband_middle_high.stdev": 0.005269190296530724, "lowlevel.spectral_energyband_middle_low.mean": 0.011159883812069893, "lowlevel.spectral_energyband_middle_low.stdev": 0.021211596205830574, "lowlevel.spectral_entropy.mean": 8.059720993041992, "lowlevel.spectral_entropy.stdev": 0.5833169221878052, "lowlevel.spectral_flux.mean": 0.13776446878910065, "lowlevel.spectral_flux.stdev": 0.08327306807041168, "lowlevel.spectral_kurtosis.mean": 1.1319928169250488, "lowlevel.spectral_kurtosis.stdev": 5.3441572189331055, "lowlevel.spectral_rms.mean": 0.006319258827716112, "lowlevel.spectral_rms.stdev": 0.0034445475321263075, "lowlevel.spectral_rolloff.mean": 2516.816650390625, "lowlevel.spectral_rolloff.stdev": 3422.05615234375, "lowlevel.spectral_skewness.mean": 0.949779748916626, "lowlevel.spectral_skewness.stdev": 0.6779648661613464, "lowlevel.spectral_spread.mean": 9348622.0, "lowlevel.spectral_spread.stdev": 2558700.5, "lowlevel.spectral_strongpeak.mean": 0.5680840015411377, "lowlevel.spectral_strongpeak.stdev": 0.668207049369812, "lowlevel.zerocrossingrate.mean": 0.09658872336149216, "lowlevel.zerocrossingrate.stdev": 0.07897075265645981, "metadata.audio_properties.analysis.equal_loudness": 0.0, "metadata.audio_properties.analysis.length": 38.59199523925781, "metadata.audio_properties.analysis.sample_rate": 44100.0, "metadata.audio_properties.analysis.start_time": 0.0, "metadata.audio_properties.bit_rate": 124052.0, "metadata.audio_properties.length": 38.59199905395508, "metadata.audio_properties.lossless": 0.0, "metadata.audio_properties.number_channels": 1.0, "metadata.audio_properties.replay_gain": -9.409444808959961, "metadata.audio_properties.sample_rate": 48000.0, "rhythm.beats_count": 96.0, "rhythm.beats_loudness.mean": 0.05956370010972023, "rhythm.beats_loudness.stdev": 0.03379885107278824, "rhythm.bpm": 151.14442443847656, "rhythm.bpm_histogram_first_peak_bpm": 152.0, "rhythm.bpm_histogram_first_peak_weight": 0.21250003576278687, "rhythm.bpm_histogram_second_peak_bpm": 144.0, "rhythm.bpm_histogram_second_peak_spread": 0.0, "rhythm.bpm_histogram_second_peak_weight": 0.12631578743457794, "rhythm.danceability": 1.9597125053405762, "rhythm.onset_rate": 5.516022205352783, "tonal.chords_changes_rate": 0.15366145968437195, "tonal.chords_number_rate": 0.012004802003502846, "tonal.chords_strength.mean": 0.4379737973213196, "tonal.chords_strength.stdev": 0.07315134257078171, "tonal.hpcp_crest.mean": 10.205262184143066, "tonal.hpcp_crest.stdev": 5.008903980255127, "tonal.hpcp_entropy.mean": 2.6377007961273193, "tonal.hpcp_entropy.stdev": 0.7422916293144226, "tonal.key_edma.strength": 0.5627486705780029, "tonal.key_krumhansl.strength": 0.5770295262336731, "tonal.key_temperley.strength": 0.5756604671478271, "tonal.tuning_diatonic_strength": 0.5170337557792664, "tonal.tuning_equal_tempered_deviation": 0.19835838675498962, "tonal.tuning_frequency": 434.193115234375, "tonal.tuning_nontempered_energy_ratio": 0.8681305050849915, "lowlevel.barkbands.mean": [0.000988207058981061, 0.03068583272397518, 0.005128554068505764, 0.003624869277700782, 0.004057635553181171, 0.0018564299680292606, 0.000696508854161948, 0.0004290857759770006, 0.0003969741810578853, 0.00025979563361033797, 0.0002590650983620435, 0.00025835895212367177, 0.0001981964014703408, 0.0001546703279018402, 0.00012712164607364684, 0.00017300035688094795, 0.00015651837748009712, 0.00017370321438647807, 0.00018236051255371422, 0.00020821431826334447, 0.00020681506430264562, 0.00032107235165312886, 0.0006661431398242712, 0.001100714784115553, 0.0005378048517741263, 0.00024031646898947656, 4.957591954735108e-06], "lowlevel.barkbands.stdev": [0.0023778039030730724, 0.048792287707328796, 0.012294739484786987, 0.012282729148864746, 0.010294429957866669, 0.0032924734987318516, 0.0014551185304298997, 0.0011560956481844187, 0.0010164297418668866, 0.0006187107646837831, 0.0007481357315555215, 0.0008290844270959496, 0.0005373253952711821, 0.0004709050990641117, 0.00045217733713798225, 0.0005938034155406058, 0.0005192292737774551, 0.0005499880644492805, 0.0005465648137032986, 0.0005322598153725266, 0.00043396101682446897, 0.0004659240657929331, 0.0008555340464226902, 0.0017129603074863553, 0.0006817172397859395, 0.0003199102357029915, 1.633657666388899e-05], "lowlevel.erbbands.mean": [0.8367515206336975, 6.8983259201049805, 7.8242645263671875, 9.807717323303223, 11.696615219116211, 11.495932579040527, 24.253164291381836, 10.233295440673828, 8.739684104919434, 10.875346183776855, 9.679056167602539, 8.72067642211914, 8.592885971069336, 8.365533828735352, 11.443204879760742, 10.364604949951172, 8.921278953552246, 8.622831344604492, 7.115860939025879, 8.410900115966797, 8.690352439880371, 9.30540943145752, 9.442330360412598, 9.21837043762207, 9.308882713317871, 10.192275047302246, 8.903987884521484, 8.088570594787598, 11.024129867553711, 15.027485847473145, 19.766324996948242, 23.319719314575195, 17.137969970703125, 7.475148677825928, 3.1445863246917725, 1.376373052597046, 0.37840354442596436, 0.03827768564224243, 0.0009126798831857741, 0.00010575932537904009], "lowlevel.erbbands.stdev": [1.3972769975662231, 11.455795288085938, 14.229259490966797, 29.036575317382812, 37.20401382446289, 33.73185729980469, 44.140262603759766, 19.952253341674805, 18.065160751342773, 23.102800369262695, 23.445703506469727, 21.695280075073242, 19.34539794921875, 20.907541275024414, 34.012542724609375, 32.60145950317383, 23.413333892822266, 23.77642059326172, 24.302263259887695, 29.690139770507812, 28.72652244567871, 31.053308486938477, 30.532001495361328, 27.207441329956055, 27.80556869506836, 26.716691970825195, 20.669893264770508, 15.505636215209961, 17.020151138305664, 19.721630096435547, 25.6934814453125, 36.194114685058594, 26.22132682800293, 9.946772575378418, 4.026811122894287, 1.7833261489868164, 0.5447961091995239, 0.07011864334344864, 0.0017407179111614823, 8.930380863603204e-05], "lowlevel.gfcc.mean": [-6.499145984649658, 33.535526275634766, -50.801658630371094, 51.259666442871094, -66.65199279785156, 39.04960632324219, -37.834266662597656, 19.90842056274414, -20.940532684326172, 12.644031524658203, -9.541886329650879, 12.835515975952148, -9.157489776611328], "lowlevel.melbands.mean": [0.00830415915697813, 0.005848557222634554, 0.0017393025336787105, 0.000793023849837482, 0.0007798420265316963, 0.0002462142438162118, 0.00014151088544167578, 0.00011449819430708885, 7.914979505585507e-05, 5.334444358595647e-05, 4.20622163801454e-05, 3.249815563322045e-05, 3.787644891417585e-05, 3.092934639425948e-05, 2.1430631022667512e-05, 1.985283051908482e-05, 1.535496448923368e-05, 1.159523890237324e-05, 1.0141141501662787e-05, 1.1943242498091422e-05, 9.761880392034072e-06, 9.46114414546173e-06, 9.068524377653375e-06, 7.986125638126396e-06, 7.3973601502075326e-06, 6.622877663176041e-06, 6.773045697627822e-06, 6.738656338711735e-06, 5.490081548487069e-06, 5.038088602304924e-06, 4.485817498789402e-06, 5.9675780903489795e-06, 6.787894562876318e-06, 9.074986337509472e-06, 1.0946683687507175e-05, 1.1975276720477268e-05, 1.5958126823534258e-05, 1.371763300994644e-05, 7.667129466426559e-06, 5.796913683298044e-06], "lowlevel.melbands.stdev": [0.013304122723639011, 0.008824420161545277, 0.004862756002694368, 0.002372028538957238, 0.001470954273827374, 0.0004616282822098583, 0.000287645380012691, 0.00025647555594332516, 0.00019731002976186574, 0.00013358681462705135, 9.553300333209336e-05, 8.279295434476808e-05, 0.00011170996003784239, 0.00010178245429415256, 6.304991984507069e-05, 5.241795952315442e-05, 4.3911681132158265e-05, 4.064798849867657e-05, 3.6487457691691816e-05, 4.226902819937095e-05, 3.254167677368969e-05, 3.239488432882354e-05, 3.031163396371994e-05, 2.5706933229230344e-05, 2.198462243541144e-05, 2.0112867787247524e-05, 1.926008189911954e-05, 1.773599251464475e-05, 1.3389009836828336e-05, 1.0682822903618217e-05, 8.605098628322594e-06, 9.976982255466282e-06, 9.462581147090532e-06, 1.244245777343167e-05, 1.444996269128751e-05, 1.675703242653981e-05, 2.666372347448487e-05, 2.171140477003064e-05, 1.1118531801912468e-05, 7.740410183032509e-06], "lowlevel.melbands128.mean": [0.0009171647252514958, 0.005592248402535915, 0.012784849852323532, 0.011084496974945068, 0.005094627384096384, 0.002336712321266532, 0.0020321037154644728, 0.001681201159954071, 0.0011617324780672789, 0.000704843841958791, 0.0005261576734483242, 0.0008190788794308901, 0.0010786112397909164, 0.00042782590026035905, 0.00019847809744533151, 0.00017000819207169116, 0.000107210835267324, 0.00014320634363684803, 0.00018272346642334014, 0.00010995079355780035, 9.580197365721688e-05, 7.629820902366191e-05, 8.242151670856401e-05, 7.596179784741253e-05, 5.3099724027561024e-05, 4.557089050649665e-05, 4.744826219393872e-05, 4.5972214138600975e-05, 3.268945147283375e-05, 3.197455225745216e-05, 3.166444002999924e-05, 3.422538429731503e-05, 4.237176108290441e-05, 3.7105564842931926e-05, 3.2165120501304045e-05, 2.9995044315000996e-05, 2.8022801416227594e-05, 2.0682984541053884e-05, 1.7216567357536405e-05, 1.9646602595457807e-05, 2.1026744434493594e-05, 1.9962260921602137e-05, 1.4193909919413272e-05, 1.459752911614487e-05, 1.271006385650253e-05, 1.134669037128333e-05, 9.447311640542466e-06, 9.958606824511662e-06, 9.267335371987429e-06, 1.3642201338370796e-05, 1.2405111192492768e-05, 1.0617553925840184e-05, 9.930085070664063e-06, 9.302177204517648e-06, 9.181878340314142e-06, 9.349105312139727e-06, 1.0379148079664446e-05, 8.516186426277272e-06, 9.094097549677826e-06, 8.877662367012817e-06, 7.63183106755605e-06, 7.5433581514516845e-06, 8.031211109482683e-06, 7.312581601581769e-06, 6.5871727201738395e-06, 6.11776658843155e-06, 7.366436875599902e-06, 6.335595571727026e-06, 6.596173079742584e-06, 7.198053936008364e-06, 7.5339339673519135e-06, 5.861073987034615e-06, 5.7597862905822694e-06, 5.115093244967284e-06, 5.79782499698922e-06, 5.187606802792288e-06, 4.608063136402052e-06, 4.55136660093558e-06, 4.391043603391154e-06, 4.299963165976806e-06, 5.928800419496838e-06, 6.636166290263645e-06, 6.390393991750898e-06, 6.5199997152376454e-06, 7.394887234113412e-06, 8.039743988774717e-06, 1.0320942237740383e-05, 9.814200893742964e-06, 1.0716355063777883e-05, 1.1749003533623181e-05, 1.2722830433631316e-05, 1.1564335181901697e-05, 1.1448209988884628e-05, 1.647440694796387e-05, 1.8864708181354217e-05, 1.5960074961185455e-05, 1.268146024813177e-05, 1.0408610251033679e-05, 7.041453955025645e-06, 6.789295184717048e-06, 6.6502248046163e-06, 5.632787178910803e-06, 4.8324386625608895e-06, 4.275521860108711e-06, 3.2702021144359605e-06, 2.864812813641038e-06, 2.640690127009293e-06, 2.6948441700369585e-06, 2.398565356998006e-06, 2.229146730314824e-06, 1.8434891444485402e-06, 1.3147322306394926e-06, 1.1688715630953084e-06, 9.012925943352457e-07, 5.557315034820931e-07, 3.5685414445651986e-07, 1.769245443483669e-07, 3.018198668769401e-08, 2.2545865174805613e-09, 4.794119545792341e-10, 3.218350308475948e-10, 6.144136588392968e-11, 7.382859948390497e-12, 7.192054677501725e-12, 7.019177340056304e-12, 6.818113781892343e-12, 6.6970643440578126e-12, 6.64638439770715e-12], "lowlevel.melbands128.stdev": [0.002230817684903741, 0.010358353145420551, 0.022608041763305664, 0.01885773055255413, 0.009320707991719246, 0.005976386833935976, 0.006671953946352005, 0.005864049308001995, 0.004039885941892862, 0.0025157055351883173, 0.0019014673307538033, 0.0017918844241648912, 0.0019560493528842926, 0.000882972264662385, 0.00046949018724262714, 0.0004067056579515338, 0.0002987780317198485, 0.0003315802605357021, 0.00043598187039606273, 0.0002612865646369755, 0.00032728680525906384, 0.00022442181943915784, 0.0002297491446370259, 0.00024133137776516378, 0.0001481502695241943, 0.00012698801583610475, 0.00011951227497775108, 0.00011940032709389925, 8.454222552245483e-05, 9.581195627106354e-05, 9.277751814806834e-05, 0.00010349247168051079, 0.0001407918316544965, 0.00013148623111192137, 0.00012155057629570365, 0.00011953381181228906, 9.528061491437256e-05, 7.179870590334758e-05, 5.2557268645614386e-05, 5.397553104558028e-05, 6.180205673445016e-05, 6.087621659389697e-05, 4.381764301797375e-05, 5.143024100107141e-05, 5.065114964963868e-05, 4.327324131736532e-05, 3.67523571185302e-05, 4.142546822549775e-05, 3.7793761293869466e-05, 5.731109558837488e-05, 4.7154841013252735e-05, 3.997602834715508e-05, 3.814406227320433e-05, 3.205201210221276e-05, 3.373948857188225e-05, 3.61115307896398e-05, 3.9675978769082576e-05, 2.9610968340421095e-05, 3.3043514122255147e-05, 3.292010660516098e-05, 2.8414915504981764e-05, 2.551299439801369e-05, 2.7481823053676635e-05, 2.1880448912270367e-05, 2.166019839933142e-05, 1.931287260958925e-05, 2.738337207119912e-05, 2.109914566972293e-05, 1.895573404908646e-05, 2.1078340068925172e-05, 2.2708156393491663e-05, 1.565794082125649e-05, 1.56632813741453e-05, 1.3646705156133976e-05, 1.4826426195213571e-05, 1.189901649922831e-05, 1.0345002010581084e-05, 9.837157449510414e-06, 9.318834599980619e-06, 8.457905096292961e-06, 1.1619653378147632e-05, 1.1431958228058647e-05, 1.0576971362752374e-05, 1.0189490240009036e-05, 1.0833949090738315e-05, 1.1524076398927718e-05, 1.6707415852579288e-05, 1.4650426237494685e-05, 1.5507564967265353e-05, 1.758556390996091e-05, 1.9479961338220164e-05, 1.7052190742106177e-05, 1.934540159709286e-05, 2.9954733690829016e-05, 3.3847431041067466e-05, 2.6910105589195155e-05, 2.0765683075296693e-05, 1.7374102753819898e-05, 1.1436770364525728e-05, 1.0243154065392446e-05, 9.249733011529315e-06, 8.218818038585596e-06, 7.1550148277310655e-06, 6.2777858147455845e-06, 5.3660110097553115e-06, 4.201432147965534e-06, 3.493699296086561e-06, 3.702125695781433e-06, 3.6188887406751746e-06, 3.383313696758705e-06, 2.7886899260920472e-06, 2.0654679246945307e-06, 1.9596952824940672e-06, 1.6911995999180363e-06, 1.0156400094274431e-06, 7.584496870549629e-07, 5.512906682270113e-07, 1.9604897261160659e-07, 2.6329896485322024e-08, 1.2125489945447043e-08, 7.397016332788553e-09, 1.3120428077328938e-09, 1.2067560492545759e-11, 1.181951932160974e-11, 1.162675511423572e-11, 1.147394939476909e-11, 1.1362953113158714e-11, 1.1295079455075907e-11], "lowlevel.mfcc.mean": [-665.3551025390625, 66.8256607055664, 65.82681274414062, 20.932554244995117, 14.361532211303711, 15.209165573120117, 6.781305313110352, 11.430889129638672, 0.3456983268260956, 6.5268120765686035, 2.909806489944458, 6.848780155181885, 3.1880362033843994], "lowlevel.spectral_contrast_coeffs.mean": [-0.6975046396255493, -0.81785649061203, -0.8385207653045654, -0.8518810272216797, -0.8320013284683228, -0.8009895086288452], "lowlevel.spectral_contrast_coeffs.stdev": [0.0932331457734108, 0.05945377051830292, 0.038070183247327805, 0.03123963624238968, 0.03320901095867157, 0.03283805027604103], "lowlevel.spectral_contrast_valleys.mean": [-6.807042121887207, -7.18148136138916, -7.860423564910889, -8.274377822875977, -7.880623817443848, -9.034144401550293], "lowlevel.spectral_contrast_valleys.stdev": [0.9293941259384155, 1.027336597442627, 1.019237756729126, 0.9585259556770325, 0.8866389989852905, 0.8732949495315552], "rhythm.beats_loudness_band_ratio.mean": [0.56626957654953, 0.07878047972917557, 0.03263179585337639, 0.0887749120593071, 0.09080355614423752, 0.15669196844100952], "rhythm.beats_loudness_band_ratio.stdev": [0.34610414505004883, 0.09846539795398712, 0.03692688047885895, 0.10343727469444275, 0.10029352456331253, 0.1289786994457245], "tonal.hpcp.mean": [0.13658462464809418, 0.13548952341079712, 0.11052367836236954, 0.10526783019304276, 0.08792644739151001, 0.05708889663219452, 0.0533585287630558, 0.07422756403684616, 0.10223371535539627, 0.1193947046995163, 0.1234106793999672, 0.11453383415937424, 0.1123645231127739, 0.11874750256538391, 0.19320960342884064, 0.2762400507926941, 0.20553718507289886, 0.10763821005821228, 0.0919809490442276, 0.07583750784397125, 0.060021206736564636, 0.05945389345288277, 0.06695547699928284, 0.08099722117185593, 0.09031420201063156, 0.0875018760561943, 0.08015930652618408, 0.07216761261224747, 0.06258345395326614, 0.060786958783864975, 0.05419467017054558, 0.04638969525694847, 0.038445692509412766, 0.03999614715576172, 0.06106192618608475, 0.09910643100738525], "tonal.hpcp.stdev": [0.2694110870361328, 0.2775622606277466, 0.233647882938385, 0.22685489058494568, 0.20501549541950226, 0.1569654792547226, 0.15731489658355713, 0.1966187059879303, 0.24224163591861725, 0.2505570352077484, 0.2638546824455261, 0.24809378385543823, 0.2530239522457123, 0.2571307420730591, 0.2929455637931824, 0.36042603850364685, 0.3040963411331177, 0.23694437742233276, 0.22859370708465576, 0.20340541005134583, 0.1746605932712555, 0.17565210163593292, 0.19050811231136322, 0.20845305919647217, 0.22003009915351868, 0.2061222940683365, 0.19564616680145264, 0.17754817008972168, 0.16107726097106934, 0.17535516619682312, 0.1458466649055481, 0.1388096809387207, 0.10862760245800018, 0.13185077905654907, 0.16937004029750824, 0.23957979679107666], "rhythm.beats_position": [0.3715192675590515, 0.7662584781646729, 1.1377778053283691, 1.5092970132827759, 1.8924262523651123, 2.2987754344940186, 2.693514585494995, 3.088253974914551, 3.4829931259155273, 3.8893423080444336, 4.28408145904541, 4.690430641174316, 5.085169792175293, 5.491518974304199, 5.886258602142334, 6.29260778427124, 6.687346935272217, 7.105306148529053, 7.500045299530029, 7.894784450531006, 8.28952407836914, 8.684263229370117, 9.079002380371094, 9.49696159362793, 9.891700744628906, 10.286439895629883, 10.68117904663086, 11.099138259887695, 11.493877410888672, 11.888616561889648, 12.283355712890625, 12.701314926147461, 13.096054077148438, 13.490793228149414, 13.88553237915039, 14.303491592407227, 14.698230743408203, 15.09296989440918, 15.487709045410156, 15.894058227539062, 16.28879737854004, 16.695146560668945, 17.089885711669922, 17.4846248626709, 17.879364013671875, 18.29732322692871, 18.692062377929688, 19.086801528930664, 19.48154067993164, 19.899499893188477, 20.294239044189453, 20.688980102539062, 21.08371925354004, 21.501678466796875, 21.89641761779785, 22.291156768798828, 22.685895919799805, 23.09224510192871, 23.486984252929688, 23.893333435058594, 24.28807258605957, 24.706031799316406, 25.100770950317383, 25.49551010131836, 25.890249252319336, 26.284988403320312, 26.67972755432129, 27.086076736450195, 27.480815887451172, 27.887165069580078, 28.281904220581055, 28.69986343383789, 29.094602584838867, 29.489341735839844, 29.88408088684082, 30.290430068969727, 30.685169219970703, 31.09151840209961, 31.486257553100586, 31.892606735229492, 32.28734588623047, 32.693695068359375, 33.088436126708984, 33.49478530883789, 33.889522552490234, 34.29587173461914, 34.69061279296875, 35.085350036621094, 35.4800910949707, 35.898048400878906, 36.292789459228516, 36.68752670288086, 37.08226776123047, 37.50022506713867, 37.89496612548828, 38.289703369140625], "rhythm.bpm_histogram": [0.0, 0.0, 0.0, 0.0, 0.0, 0.0, 0.0, 0.0, 0.0, 0.0, 0.0, 0.0, 0.0, 0.0, 0.0, 0.0, 0.0, 0.0, 0.0, 0.0, 0.0, 0.0, 0.0, 0.0, 0.0, 0.0, 0.0, 0.0, 0.0, 0.0, 0.0, 0.0, 0.0, 0.0, 0.0, 0.0, 0.0, 0.0, 0.0, 0.0, 0.0, 0.0, 0.0, 0.0, 0.0, 0.0, 0.0, 0.0, 0.0, 0.0, 0.0, 0.0, 0.0, 0.0, 0.0, 0.0, 0.0, 0.0, 0.0, 0.0, 0.0, 0.0, 0.0, 0.0, 0.0, 0.0, 0.0, 0.0, 0.0, 0.0, 0.0, 0.0, 0.0, 0.0, 0.0, 0.0, 0.0, 0.0, 0.0, 0.0, 0.0, 0.0, 0.0, 0.0, 0.0, 0.0, 0.0, 0.0, 0.0, 0.0, 0.0, 0.0, 0.0, 0.0, 0.0, 0.0, 0.0, 0.0, 0.0, 0.0, 0.0, 0.0, 0.0, 0.0, 0.0, 0.0, 0.0, 0.0, 0.0, 0.0, 0.0, 0.0, 0.0, 0.0, 0.0, 0.0, 0.0, 0.0, 0.0, 0.0, 0.0, 0.0, 0.0, 0.0, 0.0, 0.0, 0.0, 0.0, 0.0, 0.0, 0.0, 0.0, 0.0, 0.0, 0.0, 0.0, 0.0, 0.0, 0.0, 0.0, 0.0, 0.0, 0.0, 0.0, 0.12631578743457794, 0.0, 0.0, 0.0, 0.17894737422466278, 0.0, 0.0, 0.0, 0.6631578803062439, 0.0, 0.0, 0.0, 0.0, 0.010526316240429878, 0.0, 0.0, 0.0, 0.021052632480859756, 0.0, 0.0, 0.0, 0.0, 0.0, 0.0, 0.0, 0.0, 0.0, 0.0, 0.0, 0.0, 0.0, 0.0, 0.0, 0.0, 0.0, 0.0, 0.0, 0.0, 0.0, 0.0, 0.0, 0.0, 0.0, 0.0, 0.0, 0.0, 0.0, 0.0, 0.0, 0.0, 0.0, 0.0, 0.0, 0.0, 0.0, 0.0, 0.0, 0.0, 0.0, 0.0, 0.0, 0.0, 0.0, 0.0, 0.0, 0.0, 0.0, 0.0, 0.0, 0.0, 0.0, 0.0, 0.0, 0.0, 0.0, 0.0, 0.0, 0.0, 0.0, 0.0, 0.0, 0.0, 0.0, 0.0, 0.0, 0.0, 0.0, 0.0, 0.0, 0.0, 0.0, 0.0, 0.0, 0.0, 0.0, 0.0, 0.0, 0.0, 0.0, 0.0, 0.0, 0.0, 0.0, 0.0, 0.0, 0.0], "tonal.chords_histogram": [31.572629928588867, 0.6002401113510132, 0.0, 0.0, 0.0, 4.441776752471924, 18.487394332885742, 9.723889350891113, 0.0, 1.5606242418289185, 1.2004802227020264, 0.0, 0.0, 0.0, 0.0, 0.0, 0.6002401113510132, 3.2412965297698975, 0.0, 0.0, 15.726290702819824, 0.0, 7.442977428436279, 5.40216064453125], "tonal.thpcp": [1.0, 0.7440528273582458, 0.38965460658073425, 0.33297470211982727, 0.27453479170799255, 0.21727916598320007, 0.2152254581451416, 0.2423814982175827, 0.2932131588459015, 0.32694101333618164, 0.31676027178764343, 0.29017987847328186, 0.2612496316432953, 0.22655460238456726, 0.22005121409893036, 0.1961868703365326, 0.16793254017829895, 0.1391749382019043, 0.14478765428066254, 0.22104661166667938, 0.3587692379951477, 0.49444177746772766, 0.49047747254371643, 0.40010011196136475, 0.3810737431049347, 0.31829723715782166, 0.2066640853881836, 0.19315999746322632, 0.268706738948822, 0.370090126991272, 0.43221360445022583, 0.44675159454345703, 0.41461706161499023, 0.40676406025886536, 0.42987069487571716, 0.6994264721870422], "lowlevel.gfcc.cov": [[5644.19580078125, -82.2606430053711, -652.6031494140625, -444.54339599609375, -490.9100341796875, -152.7991180419922, -339.84185791015625, -150.54794311523438, -260.7479553222656, -98.43927764892578, -140.6083526611328, 42.25749206542969, -54.26874542236328], [-82.2606430053711, 1378.7105712890625, 344.82916259765625, -130.8524627685547, 69.38298797607422, -233.8094482421875, -3.990405559539795, -182.79696655273438, -2.735064744949341, -133.36474609375, -54.750267028808594, -143.48175048828125, -47.11785888671875], [-652.6031494140625, 344.82916259765625, 1408.2408447265625, 533.7324829101562, 84.62439727783203, 140.69146728515625, -32.85890197753906, -25.75141143798828, 74.93826293945312, -60.446067810058594, -6.906732559204102, -159.39810180664062, -57.757347106933594], [-444.54339599609375, -130.8524627685547, 533.7324829101562, 621.2930908203125, 354.6510314941406, 204.0249786376953, 130.75405883789062, 69.67296600341797, 39.24053955078125, -21.38111114501953, -1.6150760650634766, -68.81647491455078, -22.465646743774414], [-490.9100341796875, 69.38298797607422, 84.62439727783203, 354.6510314941406, 489.2445068359375, 165.84811401367188, 210.84820556640625, 59.19628143310547, 39.85614776611328, -25.202009201049805, 0.9480910301208496, -28.539405822753906, -3.028118371963501], [-152.7991180419922, -233.8094482421875, 140.69146728515625, 204.0249786376953, 165.84811401367188, 287.5820007324219, 105.52596282958984, 98.75434112548828, 62.43380355834961, 22.291133880615234, 47.23739242553711, 8.153975486755371, 29.553619384765625], [-339.84185791015625, -3.990405559539795, -32.85890197753906, 130.75405883789062, 210.84820556640625, 105.52596282958984, 191.17105102539062, 95.08135986328125, 58.4561653137207, 33.68337631225586, 35.371925354003906, 20.28209114074707, 15.829529762268066], [-150.54794311523438, -182.79696655273438, -25.75141143798828, 69.67296600341797, 59.19628143310547, 98.75434112548828, 95.08135986328125, 130.6878204345703, 67.69134521484375, 58.5106315612793, 44.463924407958984, 37.8380241394043, 20.221471786499023], [-260.7479553222656, -2.735064744949341, 74.93826293945312, 39.24053955078125, 39.85614776611328, 62.43380355834961, 58.4561653137207, 67.69134521484375, 99.42877197265625, 54.320194244384766, 54.36893844604492, 17.29665756225586, 16.778003692626953], [-98.43927764892578, -133.36474609375, -60.446067810058594, -21.38111114501953, -25.202009201049805, 22.291133880615234, 33.68337631225586, 58.5106315612793, 54.320194244384766, 96.4383773803711, 60.993507385253906, 53.473297119140625, 18.493450164794922], [-140.6083526611328, -54.750267028808594, -6.906732559204102, -1.6150760650634766, 0.9480910301208496, 47.23739242553711, 35.371925354003906, 44.463924407958984, 54.36893844604492, 60.993507385253906, 91.60126495361328, 58.11378479003906, 46.373844146728516], [42.25749206542969, -143.48175048828125, -159.39810180664062, -68.81647491455078, -28.539405822753906, 8.153975486755371, 20.28209114074707, 37.8380241394043, 17.29665756225586, 53.473297119140625, 58.11378479003906, 111.1913070678711, 64.52933502197266], [-54.26874542236328, -47.11785888671875, -57.757347106933594, -22.465646743774414, -3.028118371963501, 29.553619384765625, 15.829529762268066, 20.221471786499023, 16.778003692626953, 18.493450164794922, 46.373844146728516, 64.52933502197266, 90.72377014160156]], "lowlevel.gfcc.icov": [[0.00025962601648643613, -0.00023330481781158596, 0.00023493713524658233, -0.00026772444834932685, 0.000335862539941445, -0.000448960141511634, 0.0005143279558978975, -0.00028218189254403114, 0.0005238958401605487, -4.181542681180872e-05, 0.0003093502309639007, -0.0005640981253236532, 0.00040276095387525856], [-0.00023330481781158596, 0.0025074039585888386, -0.0012935965787619352, 0.0022878136951476336, -0.0015821449924260378, 0.0025932672433555126, -0.0027179436292499304, 0.0025719546247273684, -0.002182815922424197, 0.002448478015139699, -0.001932312618009746, 0.0027535550761967897, -0.0011571968207135797], [0.00023493713524658233, -0.0012935965787619352, 0.0025911445263773203, -0.0034487296361476183, 0.0024286021944135427, -0.0016789644723758101, 0.001591940177604556, 0.00035416733589954674, -0.0014998490223661065, 0.0002905740402638912, 0.00028071884298697114, -0.0004260202113073319, 0.0009132512495853007], [-0.00026772444834932685, 0.0022878136951476336, -0.0034487296361476183, 0.008296034298837185, -0.005988195538520813, 0.0016691285418346524, -0.0008837884524837136, -0.001442494336515665, 0.002140033757314086, -0.00010213620407739654, -0.0017096231458708644, 0.003743354231119156, -0.0015446816105395555], [0.000335862539941445, -0.0015821449924260378, 0.0024286021944135427, -0.005988195538520813, 0.009822055697441101, -0.003003721358254552, -0.006062788888812065, 0.0038673891685903072, -0.0019929283298552036, 0.002480169525370002, 0.00196404499001801, -0.0028235125355422497, 0.001811983878724277], [-0.000448960141511634, 0.0025932672433555126, -0.0016789644723758101, 0.0016691285418346524, -0.003003721358254552, 0.009408006444573402, -0.0024840785190463066, -0.0017989145126193762, -0.0022825938649475574, 0.003790604881942272, -0.004708914551883936, 0.0045205457136034966, -0.0030667695682495832], [0.0005143279558978975, -0.0027179436292499304, 0.001591940177604556, -0.0008837884524837136, -0.006062788888812065, -0.0024840785190463066, 0.021187404170632362, -0.012393207289278507, 0.002458911156281829, -0.003934734966605902, 0.0005774060264229774, -0.002454934176057577, 0.0011613988317549229], [-0.00028218189254403114, 0.0025719546247273684, 0.00035416733589954674, -0.001442494336515665, 0.0038673891685903072, -0.0017989145126193762, -0.012393207289278507, 0.026917312294244766, -0.012532684952020645, -0.0012649749405682087, 0.00308499694801867, -0.0019695565570145845, 0.00031265284633263946], [0.0005238958401605487, -0.002182815922424197, -0.0014998490223661065, 0.002140033757314086, -0.0019929283298552036, -0.0022825938649475574, 0.002458911156281829, -0.012532684952020645, 0.030426600947976112, -0.011134142987430096, -0.0073005519807338715, 0.004782012663781643, -0.001230690279044211], [-4.181542681180872e-05, 0.002448478015139699, 0.0002905740402638912, -0.00010213620407739654, 0.002480169525370002, 0.003790604881942272, -0.003934734966605902, -0.0012649749405682087, -0.011134142987430096, 0.03279939666390419, -0.013609842397272587, -0.006734672002494335, 0.008342841640114784], [0.0003093502309639007, -0.001932312618009746, 0.00028071884298697114, -0.0017096231458708644, 0.00196404499001801, -0.004708914551883936, 0.0005774060264229774, 0.00308499694801867, -0.0073005519807338715, -0.013609842397272587, 0.03379398211836815, -0.009836923331022263, -0.006404805928468704], [-0.0005640981253236532, 0.0027535550761967897, -0.0004260202113073319, 0.003743354231119156, -0.0028235125355422497, 0.0045205457136034966, -0.002454934176057577, -0.0019695565570145845, 0.004782012663781643, -0.006734672002494335, -0.009836923331022263, 0.03125734627246857, -0.015666963532567024], [0.00040276095387525856, -0.0011571968207135797, 0.0009132512495853007, -0.0015446816105395555, 0.001811983878724277, -0.0030667695682495832, 0.0011613988317549229, 0.00031265284633263946, -0.001230690279044211, 0.008342841640114784, -0.006404805928468704, -0.015666963532567024, 0.024592746049165726]], "lowlevel.mfcc.cov": [[5830.0537109375, -110.27369689941406, -730.5859985351562, -583.2830810546875, -421.431640625, -295.8417053222656, -235.90452575683594, -202.1173553466797, -235.76889038085938, -213.99684143066406, -233.5231475830078, -138.71884155273438, -95.00696563720703], [-110.27369689941406, 1355.8641357421875, 133.29962158203125, 39.178260803222656, -81.7835693359375, -79.09268951416016, -127.7558822631836, -97.2961196899414, -68.3650894165039, -87.1457290649414, -24.856748580932617, -58.157798767089844, -83.0677261352539], [-730.5859985351562, 133.29962158203125, 1303.3175048828125, 263.36163330078125, 259.82879638671875, 92.7337646484375, -15.461155891418457, -20.323749542236328, 5.7258477210998535, 64.5889663696289, 9.883644104003906, 24.489086151123047, -27.63663101196289], [-583.2830810546875, 39.178260803222656, 263.36163330078125, 487.0577697753906, 252.93312072753906, 164.35035705566406, 139.67218017578125, 85.96959686279297, 75.68978118896484, 50.076515197753906, 39.23745346069336, -8.623140335083008, 0.8996681571006775], [-421.431640625, -81.7835693359375, 259.82879638671875, 252.93312072753906, 309.2125244140625, 196.3477020263672, 142.1351318359375, 106.68863677978516, 81.82666015625, 62.4737548828125, 20.322107315063477, 18.81853675842285, 9.137986183166504], [-295.8417053222656, -79.09268951416016, 92.7337646484375, 164.35035705566406, 196.3477020263672, 199.47222900390625, 143.21542358398438, 99.47671508789062, 74.73978424072266, 53.50058364868164, 23.971899032592773, 23.72968101501465, 21.63035011291504], [-235.90452575683594, -127.7558822631836, -15.461155891418457, 139.67218017578125, 142.1351318359375, 143.21542358398438, 176.21372985839844, 117.515869140625, 85.45406341552734, 56.718849182128906, 31.286352157592773, 30.452577590942383, 33.95279312133789], [-202.1173553466797, -97.2961196899414, -20.323749542236328, 85.96959686279297, 106.68863677978516, 99.47671508789062, 117.515869140625, 128.45285034179688, 82.49557495117188, 52.43768310546875, 29.08198356628418, 31.252992630004883, 28.979799270629883], [-235.76889038085938, -68.3650894165039, 5.7258477210998535, 75.68978118896484, 81.82666015625, 74.73978424072266, 85.45406341552734, 82.49557495117188, 94.44245910644531, 56.22633361816406, 34.342166900634766, 26.93630027770996, 25.399072647094727], [-213.99684143066406, -87.1457290649414, 64.5889663696289, 50.076515197753906, 62.4737548828125, 53.50058364868164, 56.718849182128906, 52.43768310546875, 56.22633361816406, 84.14254760742188, 50.08320236206055, 41.28900146484375, 30.39495086669922], [-233.5231475830078, -24.856748580932617, 9.883644104003906, 39.23745346069336, 20.322107315063477, 23.971899032592773, 31.286352157592773, 29.08198356628418, 34.342166900634766, 50.08320236206055, 78.94561004638672, 48.57912063598633, 30.8104305267334], [-138.71884155273438, -58.157798767089844, 24.489086151123047, -8.623140335083008, 18.81853675842285, 23.72968101501465, 30.452577590942383, 31.252992630004883, 26.93630027770996, 41.28900146484375, 48.57912063598633, 74.9074478149414, 42.33497619628906], [-95.00696563720703, -83.0677261352539, -27.63663101196289, 0.8996681571006775, 9.137986183166504, 21.63035011291504, 33.95279312133789, 28.979799270629883, 25.399072647094727, 30.39495086669922, 30.8104305267334, 42.33497619628906, 62.796871185302734]], "lowlevel.mfcc.icov": [[0.0002298706822330132, 3.146053131786175e-05, 9.008167398860678e-05, 0.00012255091860424727, 4.332830212661065e-05, 5.214001430431381e-05, -7.521545921918005e-05, 3.2427967653347878e-06, 0.00032335708965547383, -8.881550456862897e-05, 0.0005031563923694193, -2.875959216908086e-05, 0.00012691193842329085], [3.146053131786175e-05, 0.0009105803328566253, -9.252856398234144e-05, -0.00028696429217234254, 0.0004373233241494745, -0.00037599127972498536, 0.0006545677315443754, -3.7672511098207906e-05, -0.00027460569981485605, 0.0009606512612663209, -0.0004889575648121536, -0.00010004445357481018, 0.0008982909494079649], [9.008167398860678e-05, -9.252856398234144e-05, 0.0013045049272477627, -0.0004320323350839317, -0.001382368733175099, 0.00021804339485242963, 0.0010843442287296057, 0.0007942445809021592, 0.000474692351417616, -0.0015653329901397228, 0.001212105737067759, -0.0013268748298287392, 0.000632904062513262], [0.00012255091860424727, -0.00028696429217234254, -0.0004320323350839317, 0.004724003840237856, -0.0030907762702554464, 0.00071068259421736, -0.0026887659914791584, 0.000871962052769959, -0.00026734048151411116, 0.001194965559989214, -0.0036216212902218103, 0.0041405451484024525, -0.0006804183358326554], [4.332830212661065e-05, 0.0004373233241494745, -0.001382368733175099, -0.0030907762702554464, 0.013765553012490273, -0.009328802116215229, 0.0010479773627594113, -0.002933564828708768, -0.0004960171063430607, -0.0012318571098148823, 0.0029806899838149548, -0.0017168765189126134, 0.0025691883638501167], [5.214001430431381e-05, -0.00037599127972498536, 0.00021804339485242963, 0.00071068259421736, -0.009328802116215229, 0.02051861211657524, -0.010229958221316338, 0.0008690229733474553, 4.313920726417564e-05, -0.0004408330423757434, 8.54982718010433e-05, 9.031609806697816e-05, -0.0008196837152354419], [-7.521545921918005e-05, 0.0006545677315443754, 0.0010843442287296057, -0.0026887659914791584, 0.0010479773627594113, -0.010229958221316338, 0.02493966929614544, -0.01104386430233717, -0.002487338148057461, -0.0006829292397014797, 0.0013131604064255953, -0.0011344102676957846, -0.002291632117703557], [3.2427967653347878e-06, -3.7672511098207906e-05, 0.0007942445809021592, 0.000871962052769959, -0.002933564828708768, 0.0008690229733474553, -0.01104386430233717, 0.027952095493674278, -0.012838290072977543, -0.000508788216393441, 0.0019303716253489256, -0.0034060832113027573, 0.00027937922277487814], [0.00032335708965547383, -0.00027460569981485605, 0.000474692351417616, -0.00026734048151411116, -0.0004960171063430607, 4.313920726417564e-05, -0.002487338148057461, -0.012838290072977543, 0.03183671087026596, -0.011128004640340805, -0.001347006531432271, 0.0028511635027825832, -0.001086320262402296], [-8.881550456862897e-05, 0.0009606512612663209, -0.0015653329901397228, 0.001194965559989214, -0.0012318571098148823, -0.0004408330423757434, -0.0006829292397014797, -0.000508788216393441, -0.011128004640340805, 0.03186957538127899, -0.012867908924818039, -0.001964133232831955, -0.0019215350039303303], [0.0005031563923694193, -0.0004889575648121536, 0.001212105737067759, -0.0036216212902218103, 0.0029806899838149548, 8.54982718010433e-05, 0.0013131604064255953, 0.0019303716253489256, -0.001347006531432271, -0.012867908924818039, 0.03188398480415344, -0.015658173710107803, 0.0003215