{"song_id": "1183656137854292060", "download": "https://cdn.discordapp.com/attachments/1135903449314238464/1183656137854292060/chirp.mp4?ex=658920ae&amp", "lyrics": "\u725b\u5976\u7684\u5473\u9053\uff0c\u5982\u4e1d\u6ed1\u751c\u871c\u821e\u8e48\uff0c\n\u5507\u9f7f\u95f4\u821e\u52a8\uff0c\u9877\u523b\u95f4\u6026\u7136\u5fc3\u52a8\u3002\n\u7ec6\u817b\u6ecb\u5473\uff0c\u5982\u8bd7\u7bc7\u7f16\u7ec7\uff0c\n\u9c9c\u5976\u53e3\u611f\uff0c\u662f\u7231\u610f\u7684\u65cb\u5f8b\u3002", "style": ["Chinese pop"], "essentia_features": {"lowlevel.average_loudness": 0.9438623785972595, "lowlevel.barkbands_crest.mean": 12.212782859802246, "lowlevel.barkbands_crest.stdev": 4.514520168304443, "lowlevel.barkbands_flatness_db.mean": 0.20851857960224152, "lowlevel.barkbands_flatness_db.stdev": 0.057870130985975266, "lowlevel.barkbands_kurtosis.mean": 15.773694038391113, "lowlevel.barkbands_kurtosis.stdev": 18.38360595703125, "lowlevel.barkbands_skewness.mean": 2.683669090270996, "lowlevel.barkbands_skewness.stdev": 1.792871117591858, "lowlevel.barkbands_spread.mean": 19.669212341308594, "lowlevel.barkbands_spread.stdev": 24.327049255371094, "lowlevel.dissonance.mean": 0.4244785010814667, "lowlevel.dissonance.stdev": 0.04635275527834892, "lowlevel.dynamic_complexity": 2.139681339263916, "lowlevel.erbbands_crest.mean": 14.16051197052002, "lowlevel.erbbands_crest.stdev": 6.795058250427246, "lowlevel.erbbands_flatness_db.mean": 0.17809227108955383, "lowlevel.erbbands_flatness_db.stdev": 0.04473397135734558, "lowlevel.erbbands_kurtosis.mean": 5.748392105102539, "lowlevel.erbbands_kurtosis.stdev": 7.39045524597168, "lowlevel.erbbands_skewness.mean": 1.384971022605896, "lowlevel.erbbands_skewness.stdev": 1.7051609754562378, "lowlevel.erbbands_spread.mean": 38.06903839111328, "lowlevel.erbbands_spread.stdev": 27.09092140197754, "lowlevel.hfc.mean": 23.700849533081055, "lowlevel.hfc.stdev": 22.863134384155273, "lowlevel.loudness_ebu128.integrated": -13.04865550994873, "lowlevel.loudness_ebu128.loudness_range": 1.525517463684082, "lowlevel.loudness_ebu128.momentary.mean": -13.409173965454102, "lowlevel.loudness_ebu128.momentary.stdev": 1.9324599504470825, "lowlevel.loudness_ebu128.short_term.mean": -13.118562698364258, "lowlevel.loudness_ebu128.short_term.stdev": 0.49785315990448, "lowlevel.melbands_crest.mean": 18.034481048583984, "lowlevel.melbands_crest.stdev": 5.608175754547119, "lowlevel.melbands_flatness_db.mean": 0.2672119736671448, "lowlevel.melbands_flatness_db.stdev": 0.0780852809548378, "lowlevel.melbands_kurtosis.mean": 33.89133834838867, "lowlevel.melbands_kurtosis.stdev": 36.272727966308594, "lowlevel.melbands_skewness.mean": 3.6344759464263916, "lowlevel.melbands_skewness.stdev": 2.177621841430664, "lowlevel.melbands_spread.mean": 20.082080841064453, "lowlevel.melbands_spread.stdev": 35.552066802978516, "lowlevel.pitch_salience.mean": 0.4613044559955597, "lowlevel.pitch_salience.stdev": 0.11175701022148132, "lowlevel.silence_rate_20dB.mean": 1.0, "lowlevel.silence_rate_20dB.stdev": 0.0, "lowlevel.silence_rate_30dB.mean": 0.9919028282165527, "lowlevel.silence_rate_30dB.stdev": 0.08961855620145798, "lowlevel.silence_rate_60dB.mean": 0.016194332391023636, "lowlevel.silence_rate_60dB.stdev": 0.12622234225273132, "lowlevel.spectral_centroid.mean": 879.5811157226562, "lowlevel.spectral_centroid.stdev": 861.4910888671875, "lowlevel.spectral_complexity.mean": 11.15384578704834, "lowlevel.spectral_complexity.stdev": 4.1328253746032715, "lowlevel.spectral_decrease.mean": -9.43817290988136e-09, "lowlevel.spectral_decrease.stdev": 6.002903951696226e-09, "lowlevel.spectral_energy.mean": 0.03777158632874489, "lowlevel.spectral_energy.stdev": 0.022803211584687233, "lowlevel.spectral_energyband_high.mean": 0.001484779641032219, "lowlevel.spectral_energyband_high.stdev": 0.0029431076254695654, "lowlevel.spectral_energyband_low.mean": 0.012975436635315418, "lowlevel.spectral_energyband_low.stdev": 0.013404606841504574, "lowlevel.spectral_energyband_middle_high.mean": 0.0018986628856509924, "lowlevel.spectral_energyband_middle_high.stdev": 0.0029799246694892645, "lowlevel.spectral_energyband_middle_low.mean": 0.02190021611750126, "lowlevel.spectral_energyband_middle_low.stdev": 0.018599294126033783, "lowlevel.spectral_entropy.mean": 7.127327919006348, "lowlevel.spectral_entropy.stdev": 0.7211292386054993, "lowlevel.spectral_flux.mean": 0.0629170686006546, "lowlevel.spectral_flux.stdev": 0.03968256339430809, "lowlevel.spectral_kurtosis.mean": 4.698483943939209, "lowlevel.spectral_kurtosis.stdev": 4.25124454498291, "lowlevel.spectral_rms.mean": 0.005733476020395756, "lowlevel.spectral_rms.stdev": 0.0019943825900554657, "lowlevel.spectral_rolloff.mean": 1602.7869873046875, "lowlevel.spectral_rolloff.stdev": 2716.6796875, "lowlevel.spectral_skewness.mean": 1.8766096830368042, "lowlevel.spectral_skewness.stdev": 0.8369537591934204, "lowlevel.spectral_spread.mean": 6612921.5, "lowlevel.spectral_spread.stdev": 2414167.0, "lowlevel.spectral_strongpeak.mean": 1.3564382791519165, "lowlevel.spectral_strongpeak.stdev": 1.1090625524520874, "lowlevel.zerocrossingrate.mean": 0.06450452655553818, "lowlevel.zerocrossingrate.stdev": 0.06764049082994461, "metadata.audio_properties.analysis.equal_loudness": 0.0, "metadata.audio_properties.analysis.length": 17.173311233520508, "metadata.audio_properties.analysis.sample_rate": 44100.0, "metadata.audio_properties.analysis.start_time": 0.0, "metadata.audio_properties.bit_rate": 116485.0, "metadata.audio_properties.length": 17.1733341217041, "metadata.audio_properties.lossless": 0.0, "metadata.audio_properties.number_channels": 1.0, "metadata.audio_properties.replay_gain": -12.981576919555664, "metadata.audio_properties.sample_rate": 48000.0, "rhythm.beats_count": 27.0, "rhythm.beats_loudness.mean": 0.04352162778377533, "rhythm.beats_loudness.stdev": 0.02528139390051365, "rhythm.bpm": 96.2571792602539, "rhythm.bpm_histogram_first_peak_bpm": 96.0, "rhythm.bpm_histogram_first_peak_weight": 0.625, "rhythm.bpm_histogram_second_peak_bpm": 91.0, "rhythm.bpm_histogram_second_peak_spread": 0.0, "rhythm.bpm_histogram_second_peak_weight": 0.03846153989434242, "rhythm.danceability": 1.2008819580078125, "rhythm.onset_rate": 2.9079275131225586, "tonal.chords_changes_rate": 0.04582210257649422, "tonal.chords_number_rate": 0.016172505915164948, "tonal.chords_strength.mean": 0.4276602566242218, "tonal.chords_strength.stdev": 0.08414831757545471, "tonal.hpcp_crest.mean": 20.077693939208984, "tonal.hpcp_crest.stdev": 8.735651016235352, "tonal.hpcp_entropy.mean": 1.3006266355514526, "tonal.hpcp_entropy.stdev": 0.6986898183822632, "tonal.key_edma.strength": 0.5132777690887451, "tonal.key_krumhansl.strength": 0.5260393619537354, "tonal.key_temperley.strength": 0.5374475717544556, "tonal.tuning_diatonic_strength": 0.47319453954696655, "tonal.tuning_equal_tempered_deviation": 0.060968611389398575, "tonal.tuning_frequency": 438.98455810546875, "tonal.tuning_nontempered_energy_ratio": 0.628803014755249, "lowlevel.barkbands.mean": [1.9970753783127293e-05, 0.006192522589117289, 0.006442218087613583, 0.0008729911642149091, 0.0073532103560864925, 0.008958783000707626, 0.0006718224612995982, 0.00257595325820148, 0.001102127251215279, 0.0005193610559217632, 0.0003906698839273304, 0.0003523318737279624, 6.511854007840157e-05, 0.0001659121917327866, 0.00022866790823172778, 0.00011955342051805928, 7.696579996263608e-05, 4.2041083361255005e-05, 8.796768088359386e-05, 0.00012017283006571233, 6.630529969697818e-05, 6.155449227662757e-05, 0.00045222631888464093, 0.0005130584468133748, 0.0002755134191829711, 4.4495063775684685e-05, 7.551631142632687e-08], "lowlevel.barkbands.stdev": [5.840821540914476e-05, 0.009294350631535053, 0.006786499172449112, 0.0016464112559333444, 0.013097905553877354, 0.011577015742659569, 0.0016188903246074915, 0.007801727391779423, 0.0022549324203282595, 0.0015613629948347807, 0.0015725780976936221, 0.0010064954403787851, 0.00011383764649508521, 0.0006167052197270095, 0.0006132586277090013, 0.0002100524288835004, 0.00023512617917731404, 8.389426511712372e-05, 0.00013695404049940407, 0.00033970861113630235, 0.00019166826677974313, 0.00015691158478148282, 0.0011188645148649812, 0.001109197735786438, 0.000579904590267688, 9.236478945240378e-05, 6.628262667618401e-07], "lowlevel.erbbands.mean": [0.03825973719358444, 1.87848699092865, 8.16269588470459, 3.971109390258789, 9.815502166748047, 26.93836784362793, 67.14749908447266, 66.78163146972656, 20.667734146118164, 25.75946044921875, 50.12643814086914, 29.071449279785156, 24.419071197509766, 8.829362869262695, 20.34586524963379, 15.041677474975586, 3.983200788497925, 9.001373291015625, 13.205134391784668, 6.938473224639893, 6.060026168823242, 3.6216087341308594, 2.372732400894165, 4.700170993804932, 3.7595276832580566, 5.862282752990723, 3.8715174198150635, 2.0330140590667725, 1.9771391153335571, 5.491209506988525, 14.809563636779785, 12.062292098999023, 7.861842632293701, 4.367092132568359, 1.2856342792510986, 0.3490387797355652, 0.049146074801683426, 0.002221082802861929, 9.783794666873291e-05, 5.374101237975992e-05], "lowlevel.erbbands.stdev": [0.06414441764354706, 2.626540184020996, 7.916612148284912, 4.816510200500488, 22.960237503051758, 60.8374137878418, 113.87673950195312, 105.1739501953125, 45.818153381347656, 88.20958709716797, 160.4075927734375, 51.63057327270508, 67.43579864501953, 20.175331115722656, 79.83548736572266, 37.53398513793945, 5.685507774353027, 33.262054443359375, 34.30992126464844, 10.773995399475098, 10.273179054260254, 9.030240058898926, 4.902843475341797, 8.603151321411133, 6.439578056335449, 16.674524307250977, 11.73576831817627, 5.238272190093994, 4.920704364776611, 13.748494148254395, 36.97004699707031, 29.2307186126709, 16.649776458740234, 9.43468189239502, 2.6503407955169678, 0.7262696623802185, 0.10360259562730789, 0.005047968123108149, 0.00015951333625707775, 3.0584371415898204e-05], "lowlevel.gfcc.mean": [-15.514148712158203, 95.2835922241211, -79.55933380126953, 24.54108428955078, -70.6294937133789, 27.185686111450195, -61.04698944091797, 13.545364379882812, -28.741910934448242, -3.6093170642852783, -10.995495796203613, -9.810968399047852, -5.58524227142334], "lowlevel.melbands.mean": [0.0009867558255791664, 0.0035884836688637733, 0.0008784989477135241, 0.0012866649776697159, 0.0020967856980860233, 0.0014923767885193229, 0.0002694934664759785, 0.00034331169445067644, 0.00037133946898393333, 0.000179322378244251, 0.00011655830894596875, 3.075122003792785e-05, 5.421883179224096e-05, 5.461071850731969e-05, 1.6606432836852036e-05, 7.839357749617193e-06, 1.8037264453596435e-05, 2.0247101929271594e-05, 1.2124721251893789e-05, 1.0136150194739457e-05, 6.415959887817735e-06, 4.276740128261736e-06, 2.329664084754768e-06, 2.0432410110515775e-06, 4.158192950853845e-06, 2.49626395998348e-06, 3.1193430913845077e-06, 4.150722361373482e-06, 2.7350235995982075e-06, 1.5676774864914478e-06, 1.045697786139499e-06, 1.0111994015460368e-06, 1.3579119695350528e-06, 3.6641545193560887e-06, 8.655247256683651e-06, 8.793440429144539e-06, 6.754613878001692e-06, 5.681671609636396e-06, 4.498514044826152e-06, 3.430604010645766e-06], "lowlevel.melbands.stdev": [0.0015555095160380006, 0.00363727193325758, 0.001139290863648057, 0.0027194118592888117, 0.0033793263137340546, 0.002142003970220685, 0.0006239850190468132, 0.001187862828373909, 0.001219476107507944, 0.0003438783169258386, 0.00033409573370590806, 8.84529945324175e-05, 0.0002172584063373506, 0.00015760095266159624, 3.4754972148220986e-05, 1.3797120118397288e-05, 7.531682786066085e-05, 4.993499896954745e-05, 3.201119034201838e-05, 1.8781080143526196e-05, 1.3523328561859671e-05, 1.2215396964165848e-05, 6.392306204361375e-06, 4.112291662750067e-06, 7.951171937747858e-06, 3.937976998713566e-06, 7.371756964857923e-06, 1.2544513083412312e-05, 8.866544703778345e-06, 4.657870249502594e-06, 2.647461087690317e-06, 2.6605712264426984e-06, 3.5247533105575712e-06, 9.336559742223471e-06, 2.1964428015053272e-05, 2.2841129975859076e-05, 1.6196128854062408e-05, 1.2038631211908069e-05, 1.0320422006770968e-05, 7.420275323966052e-06], "lowlevel.melbands128.mean": [8.738919859752059e-06, 2.0035031411680393e-05, 0.0007050260319374502, 0.0040489318780601025, 0.005050913896411657, 0.002505945274606347, 0.0006353435455821455, 0.0004969242727383971, 0.0009904656326398253, 0.0012891344958916306, 0.001523121609352529, 0.0016498347977176309, 0.0027942422311753035, 0.0018684793030843139, 0.0017658560536801815, 0.0011724184732884169, 0.0004598125524353236, 6.278981163632125e-05, 6.702251266688108e-05, 0.0002605838526505977, 0.0005262912600301206, 0.00046330111217685044, 0.00046451680827885866, 0.00011032899055862799, 0.0001376059663016349, 0.00025614904006943107, 0.0001310802181251347, 0.00015142967458814383, 3.325967918499373e-05, 3.987127274740487e-05, 2.8523751097964123e-05, 1.611463630979415e-05, 3.687831122078933e-05, 0.00012155538570368662, 3.724997804965824e-05, 5.366332334233448e-05, 4.399150566314347e-05, 1.0485397069714963e-05, 2.9618599910463672e-06, 7.080585874064127e-06, 1.0697684047045186e-05, 5.460375632537762e-06, 1.9821578462142497e-05, 2.7173247872269712e-05, 6.679188572888961e-06, 2.4040162315941416e-05, 3.1679170206189156e-05, 8.332019206136465e-06, 6.7727869463851675e-06, 6.305643182713538e-06, 1.3582911378762219e-05, 1.1542722859303467e-05, 3.228062723792391e-06, 6.6365059865347575e-06, 7.189983080024831e-06, 3.429991011216771e-06, 2.2891956632520305e-06, 2.927800323959673e-06, 2.0663455870817415e-06, 2.019503199335304e-06, 1.2823212500734371e-06, 1.9261058241681894e-06, 6.084652341087349e-06, 4.218700269120745e-06, 2.257608002764755e-06, 2.4622918317618314e-06, 2.7771411623689346e-06, 2.086905851683696e-06, 3.3283279208262684e-06, 4.390198228065856e-06, 3.948070570913842e-06, 4.574457761918893e-06, 3.3660803637758363e-06, 2.2769013412471395e-06, 2.1155392460059375e-06, 1.7535892311570933e-06, 1.256734549315297e-06, 1.0146951581191388e-06, 1.0791419526867685e-06, 9.802161002880894e-07, 1.0532622809478198e-06, 9.83791210273921e-07, 9.886206271403353e-07, 1.245828343598987e-06, 1.7005817198878503e-06, 2.632915766298538e-06, 3.754037152248202e-06, 6.785674031561939e-06, 9.955844689102378e-06, 9.15741748030996e-06, 8.83789198269369e-06, 9.02455303730676e-06, 8.104230801109225e-06, 6.6326292653684504e-06, 6.1771479522576556e-06, 5.401591806730721e-06, 5.9488688748388086e-06, 5.498322479979834e-06, 4.349085429566912e-06, 3.964853021898307e-06, 4.32219849244575e-06, 3.144933316434617e-06, 2.8340732569631655e-06, 1.9314518340252107e-06, 1.1619903261816944e-06, 8.593079314778151e-07, 8.092131906778377e-07, 8.14524867109867e-07, 6.184106950968271e-07, 4.035326526263816e-07, 2.4511263063686783e-07, 1.6918046696901e-07, 1.4970449058182567e-07, 5.434803895809637e-08, 2.084610528640951e-08, 8.273318030660448e-09, 3.0063984635120278e-09, 7.43974271077974e-10, 3.47831902169915e-11, 5.6552514407504084e-12, 5.498808006154654e-12, 5.371883493587859e-12, 5.250548260060661e-12, 5.152260128954422e-12, 5.050211117352266e-12, 4.940970809580447e-12, 4.8724409923428524e-12, 4.840700756902905e-12], "lowlevel.melbands128.stdev": [3.546592051861808e-05, 8.005695417523384e-05, 0.0014540508855134249, 0.005900959484279156, 0.005080299451947212, 0.0029887687414884567, 0.0009924207115545869, 0.0010452844435349107, 0.0029794310685247183, 0.0034053977578878403, 0.004342001862823963, 0.004223724361509085, 0.005507463123649359, 0.0033675460144877434, 0.0036300725769251585, 0.002483897376805544, 0.0014382452936843038, 0.00013712284271605313, 0.00012102915206924081, 0.0010922321816906333, 0.002144209574908018, 0.0017220225417986512, 0.001955603249371052, 0.0005097294924780726, 0.0003079250454902649, 0.0006237431662157178, 0.0005441592657007277, 0.0005511381314136088, 0.00013352380483411252, 0.0001826988154789433, 6.574174767592922e-05, 4.23293313360773e-05, 0.00017235588165931404, 0.0005526358145289123, 0.00020002518431283534, 0.00020858223433606327, 0.00011548378824954852, 3.260885932832025e-05, 6.470578682638006e-06, 1.4147755791782402e-05, 2.160796066164039e-05, 1.1145846656290814e-05, 0.00010305085015716031, 0.00011312011338304728, 1.686087853158824e-05, 6.413905066438019e-05, 0.00013281630526762456, 2.6256413548253477e-05, 1.5239045751513913e-05, 1.6950201825238764e-05, 3.360336268087849e-05, 2.4464205125696026e-05, 6.356206540658604e-06, 2.2272341084317304e-05, 3.0729388527106494e-05, 1.1094608453277033e-05, 7.19405579729937e-06, 1.406097726430744e-05, 5.38273388883681e-06, 6.742857294739224e-06, 3.63646404366591e-06, 5.068271093477961e-06, 1.535751835035626e-05, 8.107420399028342e-06, 4.22230914409738e-06, 4.164764504821505e-06, 5.411824531620368e-06, 5.00384430779377e-06, 8.819115464575589e-06, 1.4653510334028397e-05, 1.3854761164111551e-05, 1.5173914107435849e-05, 1.273497491638409e-05, 7.82549523137277e-06, 6.896544618939515e-06, 6.210907940840116e-06, 3.5512637168721994e-06, 2.5596918931114487e-06, 3.028546643690788e-06, 2.672294840522227e-06, 3.102300752289011e-06, 2.8528702387120575e-06, 2.686245125005371e-06, 3.292092060291907e-06, 5.3217045206110924e-06, 8.271715159935411e-06, 1.069376685336465e-05, 1.8483380699763075e-05, 2.732162829488516e-05, 2.4521372324670665e-05, 2.3608023184351623e-05, 2.5211884349118918e-05, 2.3328449969994836e-05, 1.7122232748079114e-05, 1.4037981600267813e-05, 1.1867268767673522e-05, 1.3922164725954644e-05, 1.3631600268126931e-05, 1.1334257578710094e-05, 8.942743988882285e-06, 1.0100136023538653e-05, 6.663232397841057e-06, 6.453532932937378e-06, 4.805583557754289e-06, 2.643141215230571e-06, 1.941356231327518e-06, 1.8806987327479874e-06, 1.7460292838222813e-06, 1.3358572914512479e-06, 1.0265330274705775e-06, 7.183483035078098e-07, 4.3586689457697503e-07, 3.2576852504462295e-07, 1.363107884344572e-07, 6.485065995320838e-08, 4.2579507919526804e-08, 2.105450569445111e-08, 9.880428919473161e-09, 7.117153533187093e-10, 8.963850495202763e-12, 8.739916776412393e-12, 8.540688989366885e-12, 8.365821924094519e-12, 8.217660059373078e-12, 8.096369928656255e-12, 7.996688380917938e-12, 7.926089472254372e-12, 7.88229117393291e-12], "lowlevel.mfcc.mean": [-668.9708862304688, 125.98321533203125, 43.885501861572266, 2.1252970695495605, 23.48011589050293, -4.258917808532715, 0.597793459892273, -2.276503801345825, -7.791856288909912, 7.999119758605957, -11.371843338012695, -7.944511413574219, -0.23392978310585022], "lowlevel.spectral_contrast_coeffs.mean": [-0.6289592981338501, -0.6713732481002808, -0.7355109453201294, -0.7929126024246216, -0.8059382438659668, -0.8107291460037231], "lowlevel.spectral_contrast_coeffs.stdev": [0.09443903714418411, 0.09368083626031876, 0.06541810184717178, 0.039866916835308075, 0.03906737267971039, 0.03437814116477966], "lowlevel.spectral_contrast_valleys.mean": [-6.786870002746582, -7.160741329193115, -7.893379211425781, -8.169760704040527, -8.334219932556152, -9.984100341796875], "lowlevel.spectral_contrast_valleys.stdev": [0.7401635050773621, 0.5645197033882141, 0.5957576632499695, 0.5841145515441895, 0.7892020344734192, 1.0816311836242676], "rhythm.beats_loudness_band_ratio.mean": [0.33583128452301025, 0.3991347849369049, 0.13123397529125214, 0.056430790573358536, 0.01937420293688774, 0.11469124257564545], "rhythm.beats_loudness_band_ratio.stdev": [0.23857952654361725, 0.264164000749588, 0.1307055801153183, 0.08861123025417328, 0.016956137493252754, 0.210043266415596], "tonal.hpcp.mean": [0.024908719584345818, 0.01560116745531559, 0.055741630494594574, 0.21334896981716156, 0.16612723469734192, 0.007468582130968571, 0.0048329937271773815, 0.004789179656654596, 0.03588779643177986, 0.0785178542137146, 0.0612262599170208, 0.024024978280067444, 0.013471809215843678, 0.020943334326148033, 0.12127315253019333, 0.2185634821653366, 0.13405507802963257, 0.05471924692392349, 0.06996260583400726, 0.04535244405269623, 0.013713421300053596, 0.008190931752324104, 0.011003234423696995, 0.15971624851226807, 0.3544217646121979, 0.22337298095226288, 0.03671330213546753, 0.03336315602064133, 0.036013729870319366, 0.20289179682731628, 0.4338206648826599, 0.25827255845069885, 0.012641863897442818, 0.005946793127804995, 0.0033492078073322773, 0.014080957509577274], "tonal.hpcp.stdev": [0.07978300750255585, 0.06121788173913956, 0.10616190731525421, 0.30370447039604187, 0.2430121749639511, 0.03047194890677929, 0.02168237417936325, 0.03679914399981499, 0.1252548098564148, 0.21421463787555695, 0.16997723281383514, 0.12324444949626923, 0.07980043441057205, 0.10239771008491516, 0.2404935657978058, 0.335559219121933, 0.2318418025970459, 0.1655648946762085, 0.2393091917037964, 0.16441182792186737, 0.10266294330358505, 0.04793938249349594, 0.07475665956735611, 0.23355576395988464, 0.4166606068611145, 0.2797330319881439, 0.15270152688026428, 0.15345442295074463, 0.1446574181318283, 0.24412350356578827, 0.4304611086845398, 0.28378161787986755, 0.07044591009616852, 0.04430308938026428, 0.014384950511157513, 0.06326419115066528], "rhythm.beats_position": [0.5804988741874695, 1.1842176914215088, 1.8111563920974731, 2.4380950927734375, 3.0302040576934814, 3.6455328464508057, 4.249251842498779, 4.8645806312561035, 5.479909420013428, 6.106847763061523, 6.733786582946777, 7.349115371704102, 7.999274253845215, 8.661043167114258, 9.299592018127441, 9.949749946594238, 10.588298797607422, 11.215237617492676, 11.83056640625, 12.445895195007324, 13.072834014892578, 13.699772834777832, 14.326711654663086, 14.94204044342041, 15.557369232177734, 16.172698974609375, 16.799636840820312], "rhythm.bpm_histogram": [0.0, 0.0, 0.0, 0.0, 0.0, 0.0, 0.0, 0.0, 0.0, 0.0, 0.0, 0.0, 0.0, 0.0, 0.0, 0.0, 0.0, 0.0, 0.0, 0.0, 0.0, 0.0, 0.0, 0.0, 0.0, 0.0, 0.0, 0.0, 0.0, 0.0, 0.0, 0.0, 0.0, 0.0, 0.0, 0.0, 0.0, 0.0, 0.0, 0.0, 0.0, 0.0, 0.0, 0.0, 0.0, 0.0, 0.0, 0.0, 0.0, 0.0, 0.0, 0.0, 0.0, 0.0, 0.0, 0.0, 0.0, 0.0, 0.0, 0.0, 0.0, 0.0, 0.0, 0.0, 0.0, 0.0, 0.0, 0.0, 0.0, 0.0, 0.0, 0.0, 0.0, 0.0, 0.0, 0.0, 0.0, 0.0, 0.0, 0.0, 0.0, 0.0, 0.0, 0.0, 0.0, 0.0, 0.0, 0.0, 0.0, 0.0, 0.0, 0.03846153989434242, 0.07692307978868484, 0.0, 0.07692307978868484, 0.0, 0.3461538553237915, 0.0, 0.3461538553237915, 0.07692307978868484, 0.0, 0.03846153989434242, 0.0, 0.0, 0.0, 0.0, 0.0, 0.0, 0.0, 0.0, 0.0, 0.0, 0.0, 0.0, 0.0, 0.0, 0.0, 0.0, 0.0, 0.0, 0.0, 0.0, 0.0, 0.0, 0.0, 0.0, 0.0, 0.0, 0.0, 0.0, 0.0, 0.0, 0.0, 0.0, 0.0, 0.0, 0.0, 0.0, 0.0, 0.0, 0.0, 0.0, 0.0, 0.0, 0.0, 0.0, 0.0, 0.0, 0.0, 0.0, 0.0, 0.0, 0.0, 0.0, 0.0, 0.0, 0.0, 0.0, 0.0, 0.0, 0.0, 0.0, 0.0, 0.0, 0.0, 0.0, 0.0, 0.0, 0.0, 0.0, 0.0, 0.0, 0.0, 0.0, 0.0, 0.0, 0.0, 0.0, 0.0, 0.0, 0.0, 0.0, 0.0, 0.0, 0.0, 0.0, 0.0, 0.0, 0.0, 0.0, 0.0, 0.0, 0.0, 0.0, 0.0, 0.0, 0.0, 0.0, 0.0, 0.0, 0.0, 0.0, 0.0, 0.0, 0.0, 0.0, 0.0, 0.0, 0.0, 0.0, 0.0, 0.0, 0.0, 0.0, 0.0, 0.0, 0.0, 0.0, 0.0, 0.0, 0.0, 0.0, 0.0, 0.0, 0.0, 0.0, 0.0, 0.0, 0.0, 0.0, 0.0, 0.0, 0.0, 0.0, 0.0, 0.0, 0.0, 0.0, 0.0, 0.0, 0.0, 0.0, 0.0, 0.0, 0.0, 0.0, 0.0, 0.0, 0.0, 0.0], "tonal.chords_histogram": [14.555255889892578, 0.26954177021980286, 17.789756774902344, 0.0, 0.0, 0.0, 1.617250680923462, 0.0, 0.0, 0.0, 0.0, 0.0, 0.0, 0.0, 0.0, 0.0, 0.0, 0.0, 0.0, 0.0, 0.0, 6.469002723693848, 10.24258804321289, 49.056602478027344], "tonal.thpcp": [1.0, 0.595344066619873, 0.029140759259462357, 0.013707952573895454, 0.007720259018242359, 0.03245801478624344, 0.05741708725690842, 0.03596225008368492, 0.12849003076553345, 0.4917907118797302, 0.382939875125885, 0.017215829342603683, 0.011140533722937107, 0.01103953830897808, 0.08272495865821838, 0.1809915006160736, 0.141132652759552, 0.05537997558712959, 0.03105386719107628, 0.04827648028731346, 0.27954673767089844, 0.503810703754425, 0.3090103566646576, 0.12613333761692047, 0.16127079725265503, 0.10454192012548447, 0.03161080554127693, 0.018880916759371758, 0.025363555178046227, 0.3681619167327881, 0.8169776201248169, 0.5148970484733582, 0.08462782949209213, 0.07690540701150894, 0.08301524817943573, 0.46768587827682495], "lowlevel.gfcc.cov": [[3906.27734375, -1019.407958984375, 220.84246826171875, 418.1451721191406, -248.93617248535156, 274.9471130371094, -60.415809631347656, 239.57994079589844, -112.35282897949219, 126.9977798461914, 3.3241024017333984, 104.18991088867188, -154.71800231933594], [-1019.407958984375, 1815.457763671875, -234.5935821533203, -455.3014221191406, 502.8534240722656, -208.02212524414062, 89.79472351074219, -161.88092041015625, 149.41665649414062, -173.13970947265625, 80.76046752929688, -138.26731872558594, 152.9413604736328], [220.84246826171875, -234.5935821533203, 516.96923828125, 35.63007354736328, -57.67975616455078, 83.07303619384766, -118.55579376220703, 21.869861602783203, -100.13233947753906, 19.471511840820312, -26.39419937133789, 74.40192413330078, 8.359197616577148], [418.1451721191406, -455.3014221191406, 35.63007354736328, 817.2471923828125, 68.48053741455078, 120.24736785888672, 239.38735961914062, -31.685802459716797, 67.41698455810547, -31.344459533691406, 13.770766258239746, -11.101239204406738, -69.07605743408203], [-248.93617248535156, 502.8534240722656, -57.67975616455078, 68.48053741455078, 344.324462890625, 8.382941246032715, 113.3557357788086, -39.04536437988281, 69.16724395751953, -59.524253845214844, 7.301159381866455, -59.75569534301758, 0.08752831816673279], [274.9471130371094, -208.02212524414062, 83.07303619384766, 120.24736785888672, 8.382941246032715, 221.4537811279297, 83.9561767578125, 28.939668655395508, 6.397858142852783, 45.00528335571289, -3.071808099746704, -12.222070693969727, -37.7255744934082], [-60.415809631347656, 89.79472351074219, -118.55579376220703, 239.38735961914062, 113.3557357788086, 83.9561767578125, 283.2418212890625, -4.869416236877441, 105.09058380126953, 12.969263076782227, 34.27377700805664, -41.454593658447266, -28.21528434753418], [239.57994079589844, -161.88092041015625, 21.869861602783203, -31.685802459716797, -39.04536437988281, 28.939668655395508, -4.869416236877441, 152.684326171875, 23.22642707824707, 29.321191787719727, 10.743102073669434, 29.019214630126953, -32.2324333190918], [-112.35282897949219, 149.41665649414062, -100.13233947753906, 67.41698455810547, 69.16724395751953, 6.397858142852783, 105.09058380126953, 23.22642707824707, 158.43101501464844, -5.8438544273376465, 36.78778076171875, -24.380184173583984, -3.4597721099853516], [126.9977798461914, -173.13970947265625, 19.471511840820312, -31.344459533691406, -59.524253845214844, 45.00528335571289, 12.969263076782227, 29.321191787719727, -5.8438544273376465, 117.22415161132812, -0.6622644662857056, 10.206027030944824, -20.526811599731445], [3.3241024017333984, 80.76046752929688, -26.39419937133789, 13.770766258239746, 7.301159381866455, -3.071808099746704, 34.27377700805664, 10.743102073669434, 36.78778076171875, -0.6622644662857056, 80.8238525390625, 14.151421546936035, 1.0074207782745361], [104.18991088867188, -138.26731872558594, 74.40192413330078, -11.101239204406738, -59.75569534301758, -12.222070693969727, -41.454593658447266, 29.019214630126953, -24.380184173583984, 10.206027030944824, 14.151421546936035, 105.6944808959961, 16.52067756652832], [-154.71800231933594, 152.9413604736328, 8.359197616577148, -69.07605743408203, 0.08752831816673279, -37.7255744934082, -28.21528434753418, -32.2324333190918, -3.4597721099853516, -20.526811599731445, 1.0074207782745361, 16.52067756652832, 92.5754623413086]], "lowlevel.gfcc.icov": [[0.00038359116297215223, -0.00022288714535534382, 0.00013659083924721926, -0.0004603726847562939, 0.00032291762181557715, -0.0004941068473272026, 0.0004767639038618654, -0.0006266413256525993, 0.00036334205651655793, -0.000325729139149189, 3.907525024260394e-05, -0.00027744422550313175, 0.0003693724574986845], [-0.00022288714535534382, 0.003963485825806856, -0.0007134268525987864, 0.0031689652241766453, -0.004428143613040447, 0.002291944110766053, -0.00222813431173563, 0.0023783391807228327, -0.0014791316352784634, 0.0026583794970065355, -0.003370623802766204, 0.002850144635885954, -0.0033421129919588566], [0.00013659083924721926, -0.0007134268525987864, 0.003185214474797249, -0.0011883135885000229, 0.0003449938085395843, -0.0021035841200500727, 0.0022019606549292803, -0.0008136493270285428, 0.0013497674372047186, -0.0008526971796527505, 0.0007601204561069608, -0.00210282439365983, -8.74242414283799e-06], [-0.0004603726847562939, 0.0031689652241766453, -0.0011883135885000229, 0.004804396070539951, -0.0031919174361974, 0.001790161826647818, -0.004001033958047628, 0.00311649264767766, -0.0017273221164941788, 0.0035514249466359615, -0.0021759625524282455, 0.0016657270025461912, -0.001265120692551136], [0.00032291762181557715, -0.004428143613040447, 0.0003449938085395843, -0.0031919174361974, 0.009178530424833298, -0.0025404097978025675, 0.0007773455581627786, -0.0020935051143169403, 0.0007057252805680037, -0.00080105010420084, 0.00403589615598321, -0.0018459559651091695, 0.004040814470499754], [-0.0004941068473272026, 0.002291944110766053, -0.0021035841200500727, 0.001790161826647818, -0.0025404097978025675, 0.008620780892670155, -0.0040347995236516, 0.0008290494442917407, -0.0004999825032427907, -0.00011390828876756132, -0.0014172422233968973, 0.003162814537063241, -0.0011051006149500608], [0.0004767639038618654, -0.00222813431173563, 0.0022019606549292803, -0.004001033958047628, 0.0007773455581627786, -0.0040347995236516, 0.010199296288192272, -0.0014567194739356637, -0.0015122516779229045, -0.0037545650266110897, 0.00010563094838289544, -0.001229153131134808, 0.0015791829209774733], [-0.0006266413256525993, 0.0023783391807228327, -0.0008136493270285428, 0.00311649264767766, -0.0020935051143169403, 0.0008290494442917407, -0.0014567194739356637, 0.011096624657511711, -0.003985017072409391, 0.0013247119495645165, -0.0017812764272093773, -0.0011270822724327445, 0.0015471262158825994], [0.00036334205651655793, -0.0014791316352784634, 0.0013497674372047186, -0.0017273221164941788, 0.0007057252805680037, -0.0004999825032427907, -0.0015122516779229045, -0.003985017072409391, 0.01132685225456953, -0.0010850995313376188, -0.0019517620094120502, 0.0004412165726535022, -0.00028745384770445526], [-0.000325729139149189, 0.0026583794970065355, -0.0008526971796527505, 0.0035514249466359615, -0.00080105010420084, -0.00011390828876756132, -0.0037545650266110897, 0.0013247119495645165, -0.0010850995313376188, 0.013422766700387001, -0.0016414918936789036, 0.001173296943306923, -0.00019387617066968232], [3.907525024260394e-05, -0.003370623802766204, 0.0007601204561069608, -0.0021759625524282455, 0.00403589615598321, -0.0014172422233968973, 0.00010563094838289544, -0.0017812764272093773, -0.0019517620094120502, -0.0016414918936789036, 0.01797480508685112, -0.005756529048085213, 0.003166982438415289], [-0.00027744422550313175, 0.002850144635885954, -0.00210282439365983, 0.0016657270025461912, -0.0018459559651091695, 0.003162814537063241, -0.001229153131134808, -0.0011270822724327445, 0.0004412165726535022, 0.001173296943306923, -0.005756529048085213, 0.015920845791697502, -0.005717855878174305], [0.0003693724574986845, -0.0033421129919588566, -8.74242414283799e-06, -0.001265120692551136, 0.004040814470499754, -0.0011051006149500608, 0.0015791829209774733, 0.0015471262158825994, -0.00028745384770445526, -0.00019387617066968232, 0.003166982438415289, -0.005717855878174305, 0.017495544627308846]], "lowlevel.mfcc.cov": [[3400.0546875, -1267.644287109375, 301.5483703613281, 208.00064086914062, -12.98803424835205, 62.003028869628906, 114.0003662109375, 135.04193115234375, -36.85415267944336, 148.64244079589844, 51.783042907714844, 162.12501525878906, 98.88375091552734], [-1267.644287109375, 2111.7900390625, -482.9864501953125, -305.8985290527344, 227.52239990234375, -141.34970092773438, -33.51873016357422, -100.93914794921875, 49.74073028564453, -128.08494567871094, 10.364360809326172, -161.14620971679688, -13.238699913024902], [301.5483703613281, -482.9864501953125, 515.2630004882812, -23.9034366607666, 21.748878479003906, 7.833033561706543, 15.473832130432129, -3.154059410095215, -64.93266296386719, 18.102962493896484, -60.11661911010742, -32.389286041259766, -18.052696228027344], [208.00064086914062, -305.8985290527344, -23.9034366607666, 502.92462158203125, -5.52492094039917, 208.11233520507812, 43.89185333251953, 136.2658233642578, 27.733749389648438, 40.77881622314453, 32.37830352783203, 62.53251647949219, -7.260660171508789], [-12.98803424835205, 227.52239990234375, 21.748878479003906, -5.52492094039917, 215.58033752441406, -12.063446044921875, 14.715102195739746, 35.3149299621582, 3.943925619125366, -22.627056121826172, 0.9414851069450378, -46.49331283569336, 9.134468078613281], [62.003028869628906, -141.34970092773438, 7.833033561706543, 208.11233520507812, -12.063446044921875, 313.0721435546875, 88.74729919433594, 67.7746353149414, 62.33852767944336, 47.51725769042969, 41.04148483276367, 50.44308853149414, 5.379847049713135], [114.0003662109375, -33.51873016357422, 15.473832130432129, 43.89185333251953, 14.715102195739746, 88.74729919433594, 131.33212280273438, 40.17288589477539, 28.823728561401367, 25.778026580810547, 29.905271530151367, 37.66922378540039, 20.848587036132812], [135.04193115234375, -100.93914794921875, -3.154059410095215, 136.2658233642578, 35.3149299621582, 67.7746353149414, 40.17288589477539, 163.9490509033203, 34.549224853515625, 26.026424407958984, 32.068809509277344, 53.28742599487305, 32.897735595703125], [-36.85415267944336, 49.74073028564453, -64.93266296386719, 27.733749389648438, 3.943925619125366, 62.33852767944336, 28.823728561401367, 34.549224853515625, 121.04360961914062, 24.282398223876953, 44.237667083740234, 41.650917053222656, 13.803144454956055], [148.64244079589844, -128.08494567871094, 18.102962493896484, 40.77881622314453, -22.627056121826172, 47.51725769042969, 25.778026580810547, 26.026424407958984, 24.282398223876953, 103.80567932128906, 24.115232467651367, 41.742828369140625, 20.966337203979492], [51.783042907714844, 10.364360809326172, -60.11661911010742, 32.37830352783203, 0.9414851069450378, 41.04148483276367, 29.905271530151367, 32.068809509277344, 44.237667083740234, 24.115232467651367, 119.0811538696289, 68.77642822265625, 30.54775047302246], [162.12501525878906, -161.14620971679688, -32.389286041259766, 62.53251647949219, -46.49331283569336, 50.44308853149414, 37.66922378540039, 53.28742599487305, 41.650917053222656, 41.742828369140625, 68.77642822265625, 143.99710083007812, 54.43244171142578], [98.88375091552734, -13.238699913024902, -18.052696228027344, -7.260660171508789, 9.134468078613281, 5.379847049713135, 20.848587036132812, 32.897735595703125, 13.803144454956055, 20.966337203979492, 30.54775047302246, 54.43244171142578, 88.22002410888672]], "lowlevel.mfcc.icov": [[0.00042237149318680167, 0.00025958713376894593, 2.128506821463816e-05, -3.530145841068588e-05, -0.0002613537944853306, 0.0001597838563611731, -0.0002748728438746184, -6.082982054067543e-06, 0.00016971019795164466, -0.00027960800798609853, -6.984543870203197e-05, -7.602838741149753e-05, -0.00023748287640046328], [0.00025958713376894593, 0.0011141060385853052, 0.0009564727079123259, 0.0004622915876097977, -0.0010474157752469182, 2.07035118364729e-05, -0.00033097973209805787, 0.0002296270540682599, -0.0001502617815276608, 0.0002587190247140825, -0.00022166356211528182, 0.0007896229508332908, -0.0002386512205703184], [2.128506821463816e-05, 0.0009564727079123259, 0.00324798165820539, 0.0008156439289450645, -0.0012609947007149458, -0.000440073199570179, -0.0005620287265628576, -6.013839447405189e-05, 0.0011097940150648355, -0.00043341907439753413, 0.0008869688608683646, 0.0005514528602361679, 0.00044608177267946303], [-3.530145841068588e-05, 0.0004622915876097977, 0.0008156439289450645, 0.003862480167299509, -0.00046848083729855716, -0.0022098703775554895, 0.0007103824755176902, -0.0024159702006727457, 0.0010016957530751824, -7.305882900254801e-05, 0.00011065529542975128, -0.0005617757560685277, 0.0016789947403594851], [-0.0002613537944853306, -0.0010474157752469182, -0.0012609947007149458, -0.00046848083729855716, 0.0071668969467282295, 0.00048479175893589854, -0.0006560551119036973, -0.002158548217266798, -0.0006176154711283743, 0.000984299462288618, -0.0012020817957818508, 0.0032710530795156956, -0.0017118105897679925], [0.0001597838563611731, 2.07035118364729e-05, -0.000440073199570179, -0.0022098703775554895, 0.00048479175893589854, 0.005947143770754337, -0.0029555761720985174, 0.00035487706190906465, -0.0019828849472105503, -0.0008498745737597346, -0.0004603557172231376, 0.00041249030618928373, 0.0001224791631102562], [-0.0002748728438746184, -0.00033097973209805787, -0.0005620287265628576, 0.0007103824755176902, -0.0006560551119036973, -0.0029555761720985174, 0.010764013975858688, -0.0010441658087074757, -0.00027421617414802313, -0.0005359003553166986, -0.0005806115223094821, -0.0014161287108436227, -0.0004593000339809805], [-6.082982054067543e-06, 0.0002296270540682599, -6.013839447405189e-05, -0.0024159702006727457, -0.002158548217266798, 0.00035487706190906465, -0.0010441658087074757, 0.010155873373150826, -0.0015151666011661291, -0.00020428290008567274, 0.00023312184202950448, -0.0017893591430038214, -0.0021994849666953087], [0.00016971019795164466, -0.0001502617815276608, 0.0011097940150648355, 0.0010016957530751824, -0.0006176154711283743, -0.0019828849472105503, -0.00027421617414802313, -0.0015151666011661291, 0.011812458746135235, -0.0015940148150548339, -0.001868715393356979, -0.0019729335326701403, 0.0013064708327874541], [-0.00027960800798609853, 0.0002587190247140825, -0.00043341907439753413, -7.305882900254801e-05, 0.000984299462288618, -0.0008498745737597346, -0.0005359003553166986, -0.00020428290008567274, -0.0015940148150548339, 0.012433255091309547, -0.0006469617364928126, -0.0008885946008376777, -0.001522925216704607], [-6.984543870203197e-05, -0.00022166356211528182, 0.0008869688608683646, 0.00011065529542975128, -0.0012020817957818508, -0.0004603557172231376, -0.0005806115223094821, 0.00023312184202950448, -0.001868715393356979, -0.0006469617364928126, 0.013300380669534206, -0.005734723526984453, -0.0001825291255954653], [-7.602838741149753e-05, 0.0007896229508332908, 0.0005514528602361679, -0.0005617757560685277, 0.0032710530795156956, 0.00041249030618928373, -0.0014161287108436227, -0.0017893591430038214, -0.0019729335326701403, -0.0008885946008376777, -0.005734723526984453, 0.016306016594171524, -0.0066469102166593075], [-0.00023748287640046328, -0.0002386512205703184, 0.00044608177267946303, 0.0016789947403594851, -0.0017118105897679925, 0.0001224791631102562, -0.0004593000339809805, -0.0021994849666953087, 0.0013064708327874541, -0.001522925216704607, -0.0001825291255954653, -0.0066469102166593075, 0.017215579748153687]], "metadata.audio_properties.analysis.downmix": "mix", "metadata.audio_properties.codec": "mp3", "metadata.audio_properties.md5_encoded": "12d19ba4efc5deb84bc9869891d6f790", "metadata.tags.file_name": "1183656137854292060.mp3", "metadata.version.essentia": "2.1-beta6-dev", "metadata.version.essentia_git_sha": "v2.1_beta5-1110-g77a6a954", "metadata.version.extractor": "music 2.0", "tonal.chords_key": "G", "tonal.chords_scale": "minor", "tonal.key_edma.key": "Bb", "tonal.key_edma.scale": "major", "tonal.key_krumhansl.key": "Bb", "tonal.key_krumhansl.scale": "major", "tonal.key_temperley.key": "Bb", "tonal.key_temperley.scale": "major", "metadata.tags.encoding": ["Lavf58.45.100"]}, "essentia_models": [{"model_name": "genre_dortmund", "activations": {"alternative": "0.12190094", "blues": "0.005663586", "electronic": "0.009964195", "folkcountry": "0.0915252", "funksoulrnb": "0.017449595", "jazz": "0.07081458", "pop": "0.5702073", "raphiphop": "0.030380657", "rock": "0.05835258"}}, {"model_name": "genre_rosamerica", "activations": {"classic": "0.00044409878", "dance": "0.0021517728", "hip hop": "0.0017057931", "jazz": "0.033798054", "pop": "0.71942085", "rhythm and blues": "0.31076407", "rock": "0.016538741", "speech": "0.0060581868"}}, {"model_name": "genre_tzanet