{"song_id": "1183717684702089306", "download": "https://cdn.discordapp.com/attachments/1135911532732108921/1183717684702089306/chirp.mp4?ex=65895a00&amp", "lyrics": "\u8c01\u9192\u6765   \u672a\u5c06\u90a3\u6bb5\u5386\u53f2\u5fd8\u6000\n\u4e2d\u534e\u4e94\u5343\u8f7d    \u57ce\u7834\u5c71\u6cb3\u5728\n\u7e41\u82b1\u843d\u5c3d       \u6781\u76db\u53c8\u6781\u8870\n\u6539\u671d\u6362\u4ee3       \u98ce\u6c34\u8f6e\u6d41\u8f6c\n\u7b14\u58a8\u7eb8\u781a\u7aef\u4e0a\u53f0   \u53f2\u5b98\u8bb0\u8f7d\n\u6068\u996e\u5308\u5974\u8840   \u540e\u4eba\u96be\u4ee5\u91ca\u6000\n\u9b4f\u664b\u9057\u98ce    \u4e94\u80e1\u6218   \u516b\u738b\u4e71\n\u5317\u56fa\u4ead\u5916    \u6731\u989c\u9b13\u4e0d\u6539\n\u5e38\u611f\u6168        \u4e1c\u53bb\u897f\u6765\n\u5171\u548c\u5927\u65d7\u63a5\u7aff     \u5c01\u5efa\u4e0d\u518d\n\u5b71\u5f31\u8eab\u8eaf\u6258\u4e3e\u65b0\u65f6\u4ee3\n\u604d\u82e5\u672a\u89c9   \u4e00\u68a6\u767e\u5e74\n\u4e16\u754c\u4e4b\u6797   \u552f\u708e\u9ec4\u653e\u58f0\u957f\u5578\n\u4efb\u98ce\u591a\u72c2   \u552f\u708e\u9ec4\u5c79\u7acb\u4e0d\u5012\n\u767e\u5e74\u4e00\u68a6   \u6f2b\u6f2b\u957f\u6cb3\n\u751f\u6765\u534e\u590f   \u8def\u8fdc\u4ea6\u884c\u5343\u4e07\u91cc\n\u5927\u597d\u6cb3\u5c71   \u4e0d\u8d1f\u5982\u6765\u4e0d\u8d1f\u537f", "style": ["rap"], "essentia_features": {"lowlevel.average_loudness": 0.5076894760131836, "lowlevel.barkbands_crest.mean": 19.42782211303711, "lowlevel.barkbands_crest.stdev": 6.103778839111328, "lowlevel.barkbands_flatness_db.mean": 0.3092844486236572, "lowlevel.barkbands_flatness_db.stdev": 0.13904966413974762, "lowlevel.barkbands_kurtosis.mean": 219.56056213378906, "lowlevel.barkbands_kurtosis.stdev": 448.6532897949219, "lowlevel.barkbands_skewness.mean": 8.219827651977539, "lowlevel.barkbands_skewness.stdev": 8.749221801757812, "lowlevel.barkbands_spread.mean": 17.47233772277832, "lowlevel.barkbands_spread.stdev": 19.425100326538086, "lowlevel.dissonance.mean": 0.48652130365371704, "lowlevel.dissonance.stdev": 0.01099731121212244, "lowlevel.dynamic_complexity": 8.45848274230957, "lowlevel.erbbands_crest.mean": 6.638131141662598, "lowlevel.erbbands_crest.stdev": 3.3731565475463867, "lowlevel.erbbands_flatness_db.mean": 0.17183205485343933, "lowlevel.erbbands_flatness_db.stdev": 0.035173844546079636, "lowlevel.erbbands_kurtosis.mean": -0.11475802958011627, "lowlevel.erbbands_kurtosis.stdev": 1.2278162240982056, "lowlevel.erbbands_skewness.mean": -0.33608508110046387, "lowlevel.erbbands_skewness.stdev": 0.6897560358047485, "lowlevel.erbbands_spread.mean": 53.713138580322266, "lowlevel.erbbands_spread.stdev": 20.040510177612305, "lowlevel.hfc.mean": 10.320171356201172, "lowlevel.hfc.stdev": 20.05219841003418, "lowlevel.loudness_ebu128.integrated": -22.36623191833496, "lowlevel.loudness_ebu128.loudness_range": 18.51070785522461, "lowlevel.loudness_ebu128.momentary.mean": -30.3544921875, "lowlevel.loudness_ebu128.momentary.stdev": 8.502516746520996, "lowlevel.loudness_ebu128.short_term.mean": -27.67045783996582, "lowlevel.loudness_ebu128.short_term.stdev": 6.750186920166016, "lowlevel.melbands_crest.mean": 29.8206844329834, "lowlevel.melbands_crest.stdev": 9.482473373413086, "lowlevel.melbands_flatness_db.mean": 0.31183043122291565, "lowlevel.melbands_flatness_db.stdev": 0.14850851893424988, "lowlevel.melbands_kurtosis.mean": 600.5036010742188, "lowlevel.melbands_kurtosis.stdev": 1906.0733642578125, "lowlevel.melbands_skewness.mean": 12.650522232055664, "lowlevel.melbands_skewness.stdev": 18.210739135742188, "lowlevel.melbands_spread.mean": 19.939682006835938, "lowlevel.melbands_spread.stdev": 24.325115203857422, "lowlevel.pitch_salience.mean": 0.26914146542549133, "lowlevel.pitch_salience.stdev": 0.21815623342990875, "lowlevel.silence_rate_20dB.mean": 1.0, "lowlevel.silence_rate_20dB.stdev": 0.0, "lowlevel.silence_rate_30dB.mean": 0.943800687789917, "lowlevel.silence_rate_30dB.stdev": 0.2303064614534378, "lowlevel.silence_rate_60dB.mean": 0.11471610516309738, "lowlevel.silence_rate_60dB.stdev": 0.31867238879203796, "lowlevel.spectral_centroid.mean": 2041.1158447265625, "lowlevel.spectral_centroid.stdev": 829.843994140625, "lowlevel.spectral_complexity.mean": 10.902665138244629, "lowlevel.spectral_complexity.stdev": 14.56420612335205, "lowlevel.spectral_decrease.mean": -1.1001890065642783e-08, "lowlevel.spectral_decrease.stdev": 1.5868092617665752e-08, "lowlevel.spectral_energy.mean": 0.04245975613594055, "lowlevel.spectral_energy.stdev": 0.06010768935084343, "lowlevel.spectral_energyband_high.mean": 0.0008067447342909873, "lowlevel.spectral_energyband_high.stdev": 0.001444677240215242, "lowlevel.spectral_energyband_low.mean": 0.016293907538056374, "lowlevel.spectral_energyband_low.stdev": 0.022865811362862587, "lowlevel.spectral_energyband_middle_high.mean": 0.0021585796494036913, "lowlevel.spectral_energyband_middle_high.stdev": 0.0061409748159348965, "lowlevel.spectral_energyband_middle_low.mean": 0.004047871101647615, "lowlevel.spectral_energyband_middle_low.stdev": 0.008838869631290436, "lowlevel.spectral_entropy.mean": 7.819429874420166, "lowlevel.spectral_entropy.stdev": 0.22595541179180145, "lowlevel.spectral_flux.mean": 0.09545467048883438, "lowlevel.spectral_flux.stdev": 0.08198489248752594, "lowlevel.spectral_kurtosis.mean": 1.1552433967590332, "lowlevel.spectral_kurtosis.stdev": 1.4654295444488525, "lowlevel.spectral_rms.mean": 0.0053558144718408585, "lowlevel.spectral_rms.stdev": 0.0035692283418029547, "lowlevel.spectral_rolloff.mean": 804.3517456054688, "lowlevel.spectral_rolloff.stdev": 1408.775146484375, "lowlevel.spectral_skewness.mean": 0.5305399894714355, "lowlevel.spectral_skewness.stdev": 0.319601446390152, "lowlevel.spectral_spread.mean": 3488108.25, "lowlevel.spectral_spread.stdev": 851101.8125, "lowlevel.spectral_strongpeak.mean": 0.17846626043319702, "lowlevel.spectral_strongpeak.stdev": 0.4628649950027466, "lowlevel.zerocrossingrate.mean": 0.03328601270914078, "lowlevel.zerocrossingrate.stdev": 0.03739239275455475, "metadata.audio_properties.analysis.equal_loudness": 0.0, "metadata.audio_properties.analysis.length": 40.04265213012695, "metadata.audio_properties.analysis.sample_rate": 44100.0, "metadata.audio_properties.analysis.start_time": 0.0, "metadata.audio_properties.bit_rate": 110074.0, "metadata.audio_properties.length": 40.042667388916016, "metadata.audio_properties.lossless": 0.0, "metadata.audio_properties.number_channels": 1.0, "metadata.audio_properties.replay_gain": -7.130868911743164, "metadata.audio_properties.sample_rate": 48000.0, "rhythm.beats_count": 82.0, "rhythm.beats_loudness.mean": 0.04292215406894684, "rhythm.beats_loudness.stdev": 0.04477434605360031, "rhythm.bpm": 101.92424011230469, "rhythm.bpm_histogram_first_peak_bpm": 101.0, "rhythm.bpm_histogram_first_peak_weight": 0.5909091234207153, "rhythm.bpm_histogram_second_peak_bpm": 157.0, "rhythm.bpm_histogram_second_peak_spread": 0.0, "rhythm.bpm_histogram_second_peak_weight": 0.09876543283462524, "rhythm.danceability": 0.7788897156715393, "rhythm.onset_rate": 2.8211617469787598, "tonal.chords_changes_rate": 0.03703703731298447, "tonal.chords_number_rate": 0.004629629664123058, "tonal.chords_strength.mean": 0.37126868963241577, "tonal.chords_strength.stdev": 0.05821726471185684, "tonal.hpcp_crest.mean": 10.71055793762207, "tonal.hpcp_crest.stdev": 4.5407938957214355, "tonal.hpcp_entropy.mean": 2.6255197525024414, "tonal.hpcp_entropy.stdev": 0.7155328392982483, "tonal.key_edma.strength": 0.5989097356796265, "tonal.key_krumhansl.strength": 0.5838858485221863, "tonal.key_temperley.strength": 0.5558747053146362, "tonal.tuning_diatonic_strength": 0.34070515632629395, "tonal.tuning_equal_tempered_deviation": 0.19088566303253174, "tonal.tuning_frequency": 451.5868835449219, "tonal.tuning_nontempered_energy_ratio": 0.9282338619232178, "lowlevel.barkbands.mean": [0.0330573171377182, 0.001971025485545397, 0.00043281642138026655, 8.634856931166723e-05, 0.0033910011406987906, 0.00024401283008046448, 0.00010220337571809068, 7.825278589734808e-05, 0.00012175604206277058, 6.073922122595832e-05, 7.074925815686584e-05, 0.00015302015526685864, 0.00032175006344914436, 0.0004102820821572095, 0.00011204718612134457, 0.00015285566041711718, 0.00013911248242948204, 0.00031863999902270734, 0.00034500856418162584, 0.00023328706447500736, 0.0002972759830299765, 0.0002934708900284022, 6.426330946851522e-05, 2.177394890168216e-06, 3.5517896890269185e-07, 6.2574234682699625e-09, 1.752235356811127e-09], "lowlevel.barkbands.stdev": [0.05805952847003937, 0.0023944859858602285, 0.0018328321166336536, 0.0004180424439255148, 0.008098533377051353, 0.0007463134243153036, 0.0007806293433532119, 0.00047720514703541994, 0.00024158098676707596, 0.00013169064186513424, 0.00023566548770759255, 0.00047791970428079367, 0.0007157177897170186, 0.0011673216940835118, 0.0009136041044257581, 0.0017000965308398008, 0.0006495247944258153, 0.0010638972744345665, 0.0008982570725493133, 0.0005315565504133701, 0.0005568344495259225, 0.0005193637916818261, 0.00011866373097291216, 5.2385817070899066e-06, 9.831438774199341e-07, 7.276810976009074e-08, 8.566931164466496e-09], "lowlevel.erbbands.mean": [0.2503836452960968, 0.11583677679300308, 0.4794783890247345, 0.5142793655395508, 8.417551040649414, 10.408172607421875, 1.8874579668045044, 1.6920520067214966, 1.478352665901184, 1.4972352981567383, 2.2025017738342285, 2.4181649684906006, 2.1761152744293213, 2.040592908859253, 3.8587939739227295, 7.7077155113220215, 14.472321510314941, 19.217802047729492, 11.397199630737305, 6.5501837730407715, 8.362554550170898, 8.6719331741333, 15.606945037841797, 22.448816299438477, 11.278624534606934, 11.333905220031738, 15.253159523010254, 8.069025993347168, 9.958907127380371, 7.94404411315918, 1.0761440992355347, 0.09600068628787994, 0.03314748778939247, 0.007979552261531353, 0.0010295285610482097, 0.00012204292579554021, 2.9798020477755927e-05, 7.252991508721607e-06, 2.132342524419073e-05, 4.763090691994876e-05], "lowlevel.erbbands.stdev": [0.3373352289199829, 0.2937942147254944, 1.9161783456802368, 1.6455409526824951, 19.959623336791992, 25.18384552001953, 4.799676418304443, 4.929213047027588, 9.02010726928711, 9.241920471191406, 10.879718780517578, 4.87686014175415, 4.55955171585083, 5.349566459655762, 12.45298957824707, 21.66284942626953, 33.13132858276367, 47.0267448425293, 59.599937438964844, 66.50227355957031, 78.41278076171875, 39.39112091064453, 57.730499267578125, 59.24850082397461, 27.529903411865234, 25.793912887573242, 30.34675407409668, 14.757828712463379, 17.51290512084961, 14.787922859191895, 1.808030366897583, 0.18593329191207886, 0.07733210921287537, 0.01946292445063591, 0.0032261039596050978, 0.0005504993605427444, 0.00011196998821105808, 2.5104658561758697e-05, 2.7104479158879258e-05, 6.499351729871705e-05], "lowlevel.gfcc.mean": [-143.55960083007812, 112.56594848632812, -147.5226593017578, 73.51750183105469, -47.43984603881836, 7.188950538635254, 1.6830673217773438, -20.70160675048828, 4.089806079864502, -6.574251174926758, 6.871373176574707, -3.1686065196990967, 2.1658339500427246], "lowlevel.melbands.mean": [0.003308772575110197, 0.00018509510846342891, 0.0002633622498251498, 0.0009118490270338953, 7.90400808909908e-05, 4.102072125533596e-05, 2.2117716071079485e-05, 1.646577220526524e-05, 2.0142220819252543e-05, 1.479828824813012e-05, 1.0618169653753284e-05, 7.796551471983548e-06, 1.0952558113785926e-05, 1.6235771909123287e-05, 3.072436811635271e-05, 2.8799262508982792e-05, 3.805569213000126e-05, 2.2055741283111274e-05, 7.553178420494078e-06, 1.0152527465834282e-05, 9.28710142034106e-06, 8.237983820436057e-06, 1.1345573511789553e-05, 1.5880339560681023e-05, 1.945429903571494e-05, 9.84494272415759e-06, 6.006302555761067e-06, 7.805342647770885e-06, 9.951376341632567e-06, 7.492117219953798e-06, 3.5849425330525264e-06, 4.7411253945028875e-06, 7.346602160396287e-06, 3.1444662909052568e-06, 6.119923909864156e-07, 7.779052424439215e-08, 3.33128404861327e-08, 2.2942264976677507e-08, 1.3164263457099423e-08, 4.324034019731471e-09], "lowlevel.melbands.stdev": [0.004719097167253494, 0.0007141429814510047, 0.0006277480279095471, 0.0021867677569389343, 0.00017454440239816904, 0.00012055505794705823, 0.00015049634384922683, 0.00010775096598081291, 7.6029755291529e-05, 2.918062818935141e-05, 2.228159792139195e-05, 1.974848964891862e-05, 3.6937533877789974e-05, 5.598029383691028e-05, 7.388598169200122e-05, 6.744713027728721e-05, 9.41542093642056e-05, 0.00011269850074313581, 5.4261570767266676e-05, 0.00012681339285336435, 8.122646977426484e-05, 4.10421853302978e-05, 4.70578161184676e-05, 4.9536920414539054e-05, 5.271525151329115e-05, 2.543013215472456e-05, 1.4513087990053464e-05, 1.82563435373595e-05, 2.0696872525149956e-05, 1.4000540431879926e-05, 6.90993601892842e-06, 8.516643902112264e-06, 1.3504898561222944e-05, 6.060432497179136e-06, 1.0568193147264537e-06, 1.9170950338320836e-07, 7.961305215076209e-08, 6.116647455201019e-08, 3.14681507518344e-08, 1.1945751055009168e-08], "lowlevel.melbands128.mean": [0.013852188363671303, 0.0033756813500076532, 0.0004556325147859752, 0.0001286436599912122, 0.0002579552819952369, 0.00017972839123103768, 6.142753409221768e-05, 4.623812128556892e-05, 0.000792787061072886, 0.0017171284416690469, 0.0003405681636650115, 2.2316231479635462e-05, 4.1975737985922024e-05, 8.721865742700174e-05, 3.234213363612071e-05, 2.4537030185456388e-05, 2.5043089408427477e-05, 2.1307272618287243e-05, 1.9804159819614142e-05, 1.4873017789795995e-05, 1.649908153922297e-05, 1.6144911569426768e-05, 1.8089594959747046e-05, 3.035443660337478e-05, 1.3696204405277967e-05, 9.412760846316814e-06, 1.4108688446867745e-05, 1.1104175428044982e-05, 7.54681832404458e-06, 7.509120223403443e-06, 7.180630291259149e-06, 9.805341505852994e-06, 9.416932698513847e-06, 1.374447765556397e-05, 1.5070382687554229e-05, 1.8041691873804666e-05, 1.557744326419197e-05, 3.2990079489536583e-05, 3.6683726648334414e-05, 3.565882070688531e-05, 2.3195396352093667e-05, 2.507455792510882e-05, 3.484863555058837e-05, 5.583852907875553e-05, 2.9221058866824023e-05, 1.6702750144759193e-05, 9.439580026082695e-06, 6.249894795473665e-06, 6.936916634003865e-06, 9.401670467923395e-06, 9.868373126664665e-06, 1.2092887118342333e-05, 1.0913371625065338e-05, 6.762660632375628e-06, 8.226912541431375e-06, 8.839936526783276e-06, 7.645531695743557e-06, 1.0038279469881672e-05, 1.2127299669373315e-05, 1.4632695638283622e-05, 1.5300132872653194e-05, 1.8617522073327564e-05, 1.806343425414525e-05, 2.399381082796026e-05, 1.3092869266984053e-05, 9.947671969712246e-06, 7.356089099630481e-06, 5.2356181186041795e-06, 5.8845439525612164e-06, 6.755901722499402e-06, 7.482867204089416e-06, 8.193341272999533e-06, 9.369731742481235e-06, 1.1103084034402855e-05, 1.0026553354691714e-05, 8.151812835421879e-06, 6.459765700128628e-06, 3.955308784497902e-06, 3.303272706034477e-06, 2.9967716272949474e-06, 3.4044039693981176e-06, 6.1371792980935425e-06, 6.616046448471025e-06, 9.317824151366949e-06, 5.732379577239044e-06, 4.400441866891924e-06, 1.8382473854217096e-06, 1.3732681054534623e-06, 4.4749910443897534e-07, 2.1902349089941708e-07, 9.289632174613871e-08, 4.2675228684174726e-08, 3.106300283661767e-08, 4.002698617000533e-08, 2.915167840455979e-08, 2.1196575161752662e-08, 2.3809858973322662e-08, 2.3329608467292928e-08, 1.2743590183106335e-08, 9.162588021638385e-09, 5.1255359956314805e-09, 4.235395145713028e-09, 1.9755306279733986e-09, 1.260576310002648e-09, 7.419335146252592e-10, 3.505130075076579e-10, 2.5374860546101274e-10, 1.0983316339752136e-10, 7.740463825456345e-11, 4.740141612558091e-11, 3.061331743658968e-11, 2.2552319386970332e-11, 2.221922472400717e-11, 1.705166563503724e-11, 1.676722302668132e-11, 1.6142431141785707e-11, 1.3559098288595806e-11, 1.0902658983957814e-11, 7.662705539535075e-12, 6.618396802826609e-12, 6.453336996725678e-12, 6.321560462596576e-12, 6.209147345587196e-12, 6.09630575187925e-12, 5.925164005271544e-12, 5.69519518350825e-12, 5.562230363798104e-12, 5.5200917621622825e-12], "lowlevel.melbands128.stdev": [0.02094963751733303, 0.0046516596339643, 0.0005732233403250575, 0.0005526381428353488, 0.0010202544508501887, 0.0007843385101296008, 0.00029972021002322435, 0.00018497765995562077, 0.001889214152470231, 0.004135239869356155, 0.000870289804879576, 6.057565406081267e-05, 0.00013282372674439102, 0.0003088600351475179, 0.00010641763947205618, 9.254104224964976e-05, 0.0001274294627364725, 0.000161032730829902, 0.00023290909302886575, 5.3492931328946725e-05, 8.579283894505352e-05, 0.00017231794481631368, 5.7789999118540436e-05, 6.904800102347508e-05, 2.8878203011117876e-05, 2.6267416615155526e-05, 3.686376294353977e-05, 2.5075007215491496e-05, 1.5993451597751118e-05, 1.9753391825361177e-05, 2.237127409898676e-05, 3.139668478979729e-05, 4.8068362957565114e-05, 4.2121981095988303e-05, 4.874762817053124e-05, 8.618638821644709e-05, 5.392145976657048e-05, 8.494787471136078e-05, 9.557585144648328e-05, 0.0001002951612463221, 5.971211794530973e-05, 7.433789869537577e-05, 0.00010613997437758371, 0.00013285696331877261, 0.0001704740570858121, 0.00013721073628403246, 7.609195017721504e-05, 2.1728104911744595e-05, 5.573756425292231e-05, 0.00012239522766321898, 0.0001290642685489729, 0.00016601882816758007, 7.583525439258665e-05, 6.31719158263877e-05, 5.582580342888832e-05, 4.384141357149929e-05, 3.1296720408136025e-05, 3.9112735976232216e-05, 5.337032052921131e-05, 8.42738663777709e-05, 4.340453597251326e-05, 5.482345659402199e-05, 4.838952736463398e-05, 8.471735054627061e-05, 3.993657446699217e-05, 2.5816709239734337e-05, 2.1403448045020923e-05, 1.474901546316687e-05, 1.4203699720383156e-05, 1.8614424334373325e-05, 1.8970198652823456e-05, 2.0156468963250518e-05, 2.36295563809108e-05, 2.4700417270651087e-05, 2.164482430089265e-05, 1.6481948478030972e-05, 1.2310218153288588e-05, 8.84202108863974e-06, 6.901917458890239e-06, 6.289937573455973e-06, 6.490198757092003e-06, 1.2048472854075953e-05, 1.28987267089542e-05, 1.804449493647553e-05, 1.2164465260866564e-05, 9.402866453456227e-06, 3.7511615573748713e-06, 2.639397962411749e-06, 8.022796578188718e-07, 4.289096295906347e-07, 2.696405942970159e-07, 1.5026739674794953e-07, 9.146603474619042e-08, 9.134847545055891e-08, 7.49664934573957e-08, 7.829401482695175e-08, 6.40983515154403e-08, 5.444378459174004e-08, 3.34841452342971e-08, 2.7492211174262593e-08, 1.620568923499377e-08, 1.3535620624338662e-08, 6.217482084736048e-09, 4.859409319379893e-09, 4.188754676448525e-09, 2.4503337137105063e-09, 1.587180387119247e-09, 1.0243654813280045e-09, 8.288268404932353e-10, 5.836416905324882e-10, 4.92247353989228e-10, 3.2222161050476927e-10, 3.511711199610801e-10, 2.221166861549051e-10, 2.376673302606491e-10, 2.4179994118078696e-10, 1.7377899119708218e-10, 1.4863961450561902e-10, 3.596796818716719e-11, 1.1794567926493027e-11, 1.1512998887575066e-11, 1.1270075150893177e-11, 1.1042680658768234e-11, 1.0854714696528767e-11, 1.0699206277886564e-11, 1.057263911835582e-11, 1.0480089886188981e-11, 1.0423612493981604e-11], "lowlevel.mfcc.mean": [-764.6587524414062, 117.30936431884766, -22.720823287963867, 61.63478469848633, -14.186418533325195, 38.80854797363281, 1.1136505603790283, 13.21767807006836, -2.0822112560272217, 4.643194675445557, 13.758186340332031, 2.3447647094726562, 4.459583759307861], "lowlevel.spectral_contrast_coeffs.mean": [-0.7287043929100037, -0.8495801687240601, -0.8561655282974243, -0.8412373065948486, -0.8360024690628052, -0.6037750840187073], "lowlevel.spectral_contrast_coeffs.stdev": [0.13411810994148254, 0.04357146844267845, 0.032317329198122025, 0.03998592495918274, 0.036089781671762466, 0.0794321596622467], "lowlevel.spectral_contrast_valleys.mean": [-8.12525463104248, -7.909356594085693, -8.32229232788086, -8.36032485961914, -8.010161399841309, -13.01512622833252], "lowlevel.spectral_contrast_valleys.stdev": [0.8402363657951355, 0.9754741191864014, 1.0842342376708984, 1.2288318872451782, 1.2957509756088257, 1.3854045867919922], "rhythm.beats_loudness_band_ratio.mean": [0.7697930932044983, 0.12216652929782867, 0.016301874071359634, 0.039017219096422195, 0.050064172595739365, 0.051018230617046356], "rhythm.beats_loudness_band_ratio.stdev": [0.27923139929771423, 0.17760060727596283, 0.037734292447566986, 0.05998970940709114, 0.10171905905008316, 0.07629933208227158], "tonal.hpcp.mean": [0.0165683776140213, 0.01120015885680914, 0.011254285462200642, 0.012390729039907455, 0.011884340085089207, 0.009889836423099041, 0.007956264540553093, 0.008037923835217953, 0.011264304630458355, 0.01265872735530138, 0.010801279917359352, 0.010151125490665436, 0.01004487182945013, 0.0083078071475029, 0.008803797885775566, 0.011902456171810627, 0.011708791367709637, 0.023872075602412224, 0.04004902020096779, 0.0286325104534626, 0.01802528277039528, 0.49161627888679504, 0.875730574131012, 0.40357890725135803, 0.018052175641059875, 0.018121687695384026, 0.020493533462285995, 0.025261305272579193, 0.024765994399785995, 0.028493711724877357, 0.031182479113340378, 0.025453202426433563, 0.12017341703176498, 0.24417142570018768, 0.1519235521554947, 0.02694283239543438], "tonal.hpcp.stdev": [0.0786072388291359, 0.06116769090294838, 0.0661967471241951, 0.06452024728059769, 0.05692276358604431, 0.0560600645840168, 0.03558999300003052, 0.028387008234858513, 0.04598923400044441, 0.05021302029490471, 0.03564433380961418, 0.04038059711456299, 0.04608113691210747, 0.03933519870042801, 0.03220650926232338, 0.04871320724487305, 0.05310690775513649, 0.06108121573925018, 0.09385405480861664, 0.0732000544667244, 0.06725429743528366, 0.1591854840517044, 0.2921745479106903, 0.13268400728702545, 0.0666867196559906, 0.05953356623649597, 0.054457273334264755, 0.08061981946229935, 0.08864720165729523, 0.07204041630029678, 0.07513803988695145, 0.07972866296768188, 0.1981080025434494, 0.35911375284194946, 0.24041323363780975, 0.0964999571442604], "rhythm.beats_position": [0.6269387602806091, 1.265487551689148, 1.9156461954116821, 2.554194927215576, 3.18113374710083, 3.8196823596954346, 4.458230972290039, 5.131609916687012, 5.804988384246826, 6.44353723526001, 7.070476055145264, 7.685804843902588, 8.312743186950684, 8.928071975708008, 9.543400764465332, 10.135510444641113, 10.727619171142578, 11.308117866516113, 11.900226593017578, 12.480725288391113, 13.072834014892578, 13.653332710266113, 14.233832359313965, 14.82594108581543, 15.406439781188965, 15.9869384765625, 16.57904815673828, 17.1595458984375, 17.75165557861328, 18.34376335144043, 18.93587303161621, 19.5047607421875, 20.073650360107422, 20.654150009155273, 21.199817657470703, 21.733877182006836, 22.26793670654297, 22.8136043548584, 23.35927391052246, 23.777233123779297, 24.195192337036133, 24.61315155029297, 25.019500732421875, 25.42584991455078, 25.843809127807617, 26.261768341064453, 26.67972755432129, 27.086076736450195, 27.4924259185791, 27.910385131835938, 28.247074127197266, 28.583763122558594, 28.93206214904785, 29.280363082885742, 29.628662109375, 29.965351104736328, 30.302040100097656, 30.638729095458984, 30.963808059692383, 31.288888931274414, 31.613967895507812, 31.93904685974121, 32.26412582397461, 32.57759475708008, 32.90267562866211, 33.227752685546875, 33.56444549560547, 33.9011344909668, 34.29587173461914, 34.69061279296875, 35.0737419128418, 35.456871032714844, 35.85160827636719, 36.234737396240234, 36.61786651611328, 37.00099563598633, 37.384124755859375, 37.76725387573242, 38.15038299560547, 38.54512405395508, 38.93986511230469, 39.33460235595703], "rhythm.bpm_histogram": [0.0, 0.0, 0.0, 0.0, 0.0, 0.0, 0.0, 0.0, 0.0, 0.0, 0.0, 0.0, 0.0, 0.0, 0.0, 0.0, 0.0, 0.0, 0.0, 0.0, 0.0, 0.0, 0.0, 0.0, 0.0, 0.0, 0.0, 0.0, 0.0, 0.0, 0.0, 0.0, 0.0, 0.0, 0.0, 0.0, 0.0, 0.0, 0.0, 0.0, 0.0, 0.0, 0.0, 0.0, 0.0, 0.0, 0.0, 0.0, 0.0, 0.0, 0.0, 0.0, 0.0, 0.0, 0.0, 0.0, 0.0, 0.0, 0.0, 0.0, 0.0, 0.0, 0.0, 0.0, 0.0, 0.0, 0.0, 0.0, 0.0, 0.0, 0.0, 0.0, 0.0, 0.0, 0.0, 0.0, 0.0, 0.0, 0.0, 0.0, 0.0, 0.0, 0.0, 0.0, 0.0, 0.0, 0.0, 0.0, 0.0, 0.02469135820865631, 0.0, 0.0, 0.012345679104328156, 0.0, 0.06172839552164078, 0.0, 0.03703703731298447, 0.0, 0.03703703731298447, 0.0, 0.0, 0.1111111119389534, 0.0, 0.09876543283462524, 0.0, 0.02469135820865631, 0.0, 0.0, 0.0, 0.0, 0.03703703731298447, 0.0, 0.02469135820865631, 0.0, 0.0, 0.0, 0.0, 0.0, 0.0, 0.0, 0.0, 0.0, 0.0, 0.0, 0.0, 0.0, 0.0, 0.0, 0.0, 0.0, 0.0, 0.0, 0.0, 0.0, 0.0, 0.0, 0.0, 0.0, 0.0, 0.0, 0.0, 0.0, 0.0, 0.0, 0.08641975373029709, 0.0, 0.0, 0.0, 0.04938271641731262, 0.0, 0.0, 0.0, 0.07407407462596893, 0.0, 0.0, 0.0, 0.0, 0.09876543283462524, 0.0, 0.0, 0.0, 0.0, 0.0, 0.0, 0.0, 0.0, 0.0, 0.0, 0.0, 0.0, 0.0, 0.0, 0.03703703731298447, 0.0, 0.0, 0.0, 0.0, 0.0, 0.08641975373029709, 0.0, 0.0, 0.0, 0.0, 0.0, 0.0, 0.08641975373029709, 0.0, 0.0, 0.0, 0.0, 0.0, 0.012345679104328156, 0.0, 0.0, 0.0, 0.0, 0.0, 0.0, 0.0, 0.0, 0.0, 0.0, 0.0, 0.0, 0.0, 0.0, 0.0, 0.0, 0.0, 0.0, 0.0, 0.0, 0.0, 0.0, 0.0, 0.0, 0.0, 0.0, 0.0, 0.0, 0.0, 0.0, 0.0, 0.0, 0.0, 0.0, 0.0, 0.0, 0.0, 0.0, 0.0, 0.0, 0.0, 0.0, 0.0, 0.0, 0.0, 0.0, 0.0, 0.0, 0.0, 0.0, 0.0, 0.0, 0.0, 0.0, 0.0, 0.0, 0.0, 0.0], "tonal.chords_histogram": [0.0, 74.53704071044922, 12.152777671813965, 0.0, 0.0, 0.0, 0.0, 0.46296295523643494, 4.398148059844971, 0.0, 0.0, 0.0, 0.0, 0.0, 0.0, 0.0, 0.0, 8.449073791503906, 0.0, 0.0, 0.0, 0.0, 0.0, 0.0], "tonal.thpcp": [1.0, 0.46084824204444885, 0.02061384730041027, 0.0206932220607996, 0.023401642218232155, 0.028845978900790215, 0.028280381113290787, 0.032537076622247696, 0.035607390105724335, 0.029065106064081192, 0.13722647726535797, 0.2788202464580536, 0.17348207533359528, 0.030766120180487633, 0.01891949214041233, 0.012789502739906311, 0.012851310893893242, 0.014149019494652748, 0.013570772483944893, 0.011293240822851658, 0.009085288271307945, 0.00917853508144617, 0.012862751260399818, 0.014455047436058521, 0.012334021739661694, 0.011591607704758644, 0.011470276862382889, 0.009486716240644455, 0.010053089819848537, 0.013591459020972252, 0.013370312750339508, 0.02725961245596409, 0.045732125639915466, 0.03269556909799576, 0.0205831378698349, 0.5613784790039062], "lowlevel.gfcc.cov": [[12195.62109375, 178.21011352539062, -2816.849365234375, 1093.87744140625, -1493.8837890625, -179.02450561523438, -981.1563720703125, -1315.239013671875, -868.5829467773438, -827.1201171875, -343.95361328125, -484.8150939941406, -513.3843994140625], [178.21011352539062, 491.534423828125, 287.5884094238281, -25.656869888305664, 21.42840576171875, -93.65203857421875, 32.529273986816406, -160.55067443847656, -58.70167541503906, -100.55996704101562, -106.96820831298828, -43.56700897216797, -34.406742095947266], [-2816.849365234375, 287.5884094238281, 1292.9896240234375, -321.9866027832031, 481.5988464355469, -27.267229080200195, 340.44085693359375, 234.05918884277344, 188.22317504882812, 173.07571411132812, -15.025126457214355, 100.94305419921875, 123.7734146118164], [1093.87744140625, -25.656869888305664, -321.9866027832031, 282.4670715332031, -188.66012573242188, 25.31768798828125, -148.35987854003906, -123.16606903076172, -98.70777893066406, -105.88805389404297, -18.368223190307617, -79.35157012939453, -63.93505859375], [-1493.8837890625, 21.42840576171875, 481.5988464355469, -188.66012573242188, 537.6638793945312, -50.736454010009766, 307.3901672363281, 179.12062072753906, 187.69442749023438, 162.6986541748047, 18.121671676635742, 88.837158203125, 47.91517639160156], [-179.02450561523438, -93.65203857421875, -27.267229080200195, 25.31768798828125, -50.736454010009766, 124.03147888183594, -44.29808807373047, 79.5255126953125, 16.739402770996094, 15.765873908996582, 48.04622268676758, -6.311922550201416, 28.4502010345459], [-981.1563720703125, 32.529273986816406, 340.44085693359375, -148.35987854003906, 307.3901672363281, -44.29808807373047, 301.5364074707031, 100.68318939208984, 140.14715576171875, 89.38666534423828, 2.147003173828125, 66.07164001464844, 18.110837936401367], [-1315.239013671875, -160.55067443847656, 234.05918884277344, -123.16606903076172, 179.12062072753906, 79.5255126953125, 100.68318939208984, 288.1921691894531, 152.9589385986328, 148.25863647460938, 101.9850845336914, 72.88986206054688, 88.4858627319336], [-868.5829467773438, -58.70167541503906, 188.22317504882812, -98.70777893066406, 187.69442749023438, 16.739402770996094, 140.14715576171875, 152.9589385986328, 164.29727172851562, 116.65987396240234, 75.06649780273438, 64.21243286132812, 56.45849609375], [-827.1201171875, -100.55996704101562, 173.07571411132812, -105.88805389404297, 162.6986541748047, 15.765873908996582, 89.38666534423828, 148.25863647460938, 116.65987396240234, 154.67710876464844, 81.96052551269531, 70.15057373046875, 60.23640060424805], [-343.95361328125, -106.96820831298828, -15.025126457214355, -18.368223190307617, 18.121671676635742, 48.04622268676758, 2.147003173828125, 101.9850845336914, 75.06649780273438, 81.96052551269531, 120.53646087646484, 44.472469329833984, 53.65425109863281], [-484.8150939941406, -43.56700897216797, 100.94305419921875, -79.35157012939453, 88.837158203125, -6.311922550201416, 66.07164001464844, 72.88986206054688, 64.21243286132812, 70.15057373046875, 44.472469329833984, 75.1059799194336, 45.07203674316406], [-513.3843994140625, -34.406742095947266, 123.7734146118164, -63.93505859375, 47.91517639160156, 28.4502010345459, 18.110837936401367, 88.4858627319336, 56.45849609375, 60.23640060424805, 53.65425109863281, 45.07203674316406, 83.336669921875]], "lowlevel.gfcc.icov": [[0.0003212812007404864, -0.00015202193753793836, 0.0004933073068968952, -0.0002930170448962599, 0.00011799498315667734, 7.688184996368363e-05, -4.310469375923276e-05, 0.0007064978708513081, 0.00012495857663452625, -0.00016483200306538492, 0.000121640732686501, 0.00023571001656819135, -4.7208981413859874e-05], [-0.00015202193753793836, 0.005059724673628807, -0.0021501060109585524, 0.0011414883192628622, -0.00045272146235220134, 0.001566974213346839, 0.0011385292746126652, 0.0028010208625346422, -0.0020946073345839977, 0.004006881266832352, -0.0010159292723983526, 0.0016360542504116893, 1.7495183783466928e-05], [0.0004933073068968952, -0.0021501060109585524, 0.0031447228975594044, -0.0002485406876076013, -0.00022855601855553687, -0.0006090617971494794, -0.0015319489175453782, -0.0004605466965585947, 0.0014655173290520906, -0.00237300805747509, 0.00213784072548151, 0.0007125925621949136, -0.0025881899055093527], [-0.0002930170448962599, 0.0011414883192628622, -0.0002485406876076013, 0.00792600866407156, -0.0009795100195333362, -0.001229959656484425, 0.00203000963665545, 0.0014008807484060526, -0.001129444339312613, 0.0035875134635716677, -0.0034287895541638136, 0.0034098459873348475, 0.0027059875428676605], [0.00011799498315667734, -0.00045272146235220134, -0.00022855601855553687, -0.0009795100195333362, 0.0065312860533595085, 0.0016864393837749958, -0.004019934684038162, -0.001278178533539176, -0.001280269236303866, -0.004266117699444294, 0.0028336471877992153, 0.00040460267337039113, -6.448246131185442e-05], [7.688184996368363e-05, 0.001566974213346839, -0.0006090617971494794, -0.001229959656484425, 0.0016864393837749958, 0.015723751857876778, 0.00041430798592045903, -0.005273827351629734, 0.00024181923072319478, 0.002913171425461769, -0.003822487313300371, 0.006030631251633167, -0.002816449850797653], [-4.310469375923276e-05, 0.0011385292746126652, -0.0015319489175453782, 0.00203000963665545, -0.004019934684038162, 0.00041430798592045903, 0.012727866880595684, 0.0017146533355116844, -0.008798477239906788, 0.004513714462518692, 0.0011586323380470276, -0.004454866982996464, 0.005982051137834787], [0.0007064978708513081, 0.0028010208625346422, -0.0004605466965585947, 0.0014008807484060526, -0.001278178533539176, -0.005273827351629734, 0.0017146533355116844, 0.01554697472602129, -0.0060096364468336105, -0.001728831441141665, -0.0009483140893280506, 0.0011226596543565392, -0.001753054792061448], [0.00012495857663452625, -0.0020946073345839977, 0.0014655173290520906, -0.001129444339312613, -0.001280269236303866, 0.00024181923072319478, -0.008798477239906788, -0.0060096364468336105, 0.02693396434187889, -0.006423971150070429, -0.007318722549825907, 0.0010251556523144245, -0.0036377666983753443], [-0.00016483200306538492, 0.004006881266832352, -0.00237300805747509, 0.0035875134635716677, -0.004266117699444294, 0.002913171425461769, 0.004513714462518692, -0.001728831441141665, -0.006423971150070429, 0.028024259954690933, -0.010160878300666809, -0.0049574594013392925, 0.0025476235896348953], [0.000121640732686501, -0.0010159292723983526, 0.00213784072548151, -0.0034287895541638136, 0.0028336471877992153, -0.003822487313300371, 0.0011586323380470276, -0.0009483140893280506, -0.007318722549825907, -0.010160878300666809, 0.025729410350322723, -0.005883263424038887, -0.006125664338469505], [0.00023571001656819135, 0.0016360542504116893, 0.0007125925621949136, 0.0034098459873348475, 0.00040460267337039113, 0.006030631251633167, -0.004454866982996464, 0.0011226596543565392, 0.0010251556523144245, -0.0049574594013392925, -0.005883263424038887, 0.03526102378964424, -0.011224240064620972], [-4.7208981413859874e-05, 1.7495183783466928e-05, -0.0025881899055093527, 0.0027059875428676605, -6.448246131185442e-05, -0.002816449850797653, 0.005982051137834787, -0.001753054792061448, -0.0036377666983753443, 0.0025476235896348953, -0.006125664338469505, -0.011224240064620972, 0.029833342880010605]], "lowlevel.mfcc.cov": [[14438.521484375, -1397.9510498046875, -1559.8602294921875, 325.77044677734375, -929.5548706054688, 386.64080810546875, -710.9805908203125, -495.2209777832031, -1251.6363525390625, -749.0963134765625, -340.0127258300781, -799.2199096679688, -992.412109375], [-1397.9510498046875, 857.2155151367188, 315.4753112792969, 129.62171936035156, 21.749446868896484, 80.95935821533203, 62.04240417480469, 53.500850677490234, 143.29673767089844, 32.39398956298828, -4.6843485832214355, -37.75178527832031, 90.50255584716797], [-1559.8602294921875, 315.4753112792969, 579.161376953125, -23.48235511779785, 84.74961853027344, -25.631908416748047, 52.73738098144531, 24.31838607788086, 90.44351196289062, 42.932682037353516, -36.16413116455078, 16.77685546875, 69.17410278320312], [325.77044677734375, 129.62171936035156, -23.48235511779785, 209.788330078125, -24.912370681762695, 84.08617401123047, -1.283637285232544, 1.860247254371643, -11.323779106140137, -25.81160545349121, 13.59192180633545, -62.102020263671875, -36.24195098876953], [-929.5548706054688, 21.749446868896484, 84.74961853027344, -24.912370681762695, 189.2550048828125, -44.17863845825195, 58.646034240722656, 18.081748962402344, 99.65306854248047, 55.48297882080078, 27.287796020507812, 85.85375213623047, 69.12945556640625], [386.64080810546875, 80.95935821533203, -25.631908416748047, 84.08617401123047, -44.17863845825195, 112.35466766357422, -6.249229907989502, 2.4876673221588135, -30.022178649902344, -17.46737289428711, -6.505805015563965, -52.15589141845703, -38.02079391479492], [-710.9805908203125, 62.04240417480469, 52.73738098144531, -1.283637285232544, 58.646034240722656, -6.249229907989502, 86.80931854248047, 40.21063232421875, 78.37771606445312, 46.558876037597656, 32.07292938232422, 47.20552062988281, 49.73321533203125], [-495.2209777832031, 53.500850677490234, 24.31838607788086, 1.860247254371643, 18.081748962402344, 2.4876673221588135, 40.21063232421875, 86.68855285644531, 67.06044006347656, 49.88805389404297, 11.794014930725098, 41.2347412109375, 47.278507232666016], [-1251.6363525390625, 143.29673767089844, 90.44351196289062, -11.323779106140137, 99.65306854248047, -30.022178649902344, 78.37771606445312, 67.06044006347656, 176.5230255126953, 87.16922760009766, 47.611942291259766, 86.4803237915039, 106.40744018554688], [-749.0963134765625, 32.39398956298828, 42.932682037353516, -25.81160545349121, 55.48297882080078, -17.46737289428711, 46.558876037597656, 49.88805389404297, 87.16922760009766, 100.98970031738281, 37.76966094970703, 83.00265502929688, 67.03318786621094], [-340.0127258300781, -4.6843485832214355, -36.16413116455078, 13.59192180633545, 27.287796020507812, -6.505805015563965, 32.07292938232422, 11.794014930725098, 47.611942291259766, 37.76966094970703, 80.43775939941406, 46.38037872314453, 38.22013473510742], [-799.2199096679688, -37.75178527832031, 16.77685546875, -62.102020263671875, 85.85375213623047, -52.15589141845703, 47.20552062988281, 41.2347412109375, 86.4803237915039, 83.00265502929688, 46.38037872314453, 146.74514770507812, 95.55179595947266], [-992.412109375, 90.50255584716797, 69.17410278320312, -36.24195098876953, 69.12945556640625, -38.02079391479492, 49.73321533203125, 47.278507232666016, 106.40744018554688, 67.03318786621094, 38.22013473510742, 95.55179595947266, 139.56906127929688]], "lowlevel.mfcc.icov": [[0.00038319971645250916, 0.00020071592007298023, 0.0005448395386338234, -0.00024936525733210146, 0.0003389700723346323, -0.0004297969280742109, 0.0007847070810385048, 0.00015628171968273818, 0.0008553849183954298, 0.0004514666798058897, 0.00039617769652977586, 1.0583074981695972e-05, 0.00065756612457335], [0.00020071592007298023, 0.002467814367264509, -0.000679690099786967, -0.001086778356693685, 0.0008644579793326557, -0.0016531632281839848, 0.00034892192343249917, 0.0006316708750091493, -0.001771074254065752, 0.00046705707791261375, 0.0009184194495901465, 0.0013569777365773916, -0.0013897691387683153], [0.0005448395386338234, -0.000679690099786967, 0.0034854926634579897, -3.979434404755011e-05, -0.00033419273677282035, 0.00025470275431871414, 4.9598740588407964e-05, 0.0008478351519443095, 0.0014801049837842584, -0.0006301527027972043, 0.0025835507549345493, 0.0007985677220858634, 0.00042706585372798145], [-0.00024936525733210146, -0.001086778356693685, -3.979434404755011e-05, 0.008555570617318153, -0.0015910023357719183, -0.0042462716810405254, 0.00022047384118195623, -0.00175770977512002, -0.0007355404668487608, 0.00140224932692945, -0.0041154795326292515, 0.0022600286174565554, 0.0007881122292019427], [0.0003389700723346323, 0.0008644579793326557, -0.00033419273677282035, -0.0015910023357719183, 0.01053966861218214, 0.0006992843118496239, -0.0026480411179363728, 0.004420166369527578, -0.004218907095491886, 0.0009380410774610937, 0.002587854163721204, -0.004481759387999773, 0.0011442117393016815], [-0.0004297969280742109, -0.0016531632281839848, 0.00025470275431871414, -0.0042462716810405254, 0.0006992843118496239, 0.016518324613571167, -0.0029807554092258215, -0.002124943770468235, 0.0025636220816522837, -0.0037834160029888153, -9.073498949874192e-05, 0.0024971398524940014, 0.000900349288713187], [0.0007847070810385048, 0.00034892192343249917, 4.9598740588407964e-05, 0.00022047384118195623, -0.0026480411179363728, -0.0029807554092258215, 0.024437928572297096, -0.005096840672194958, -0.003204063046723604, 0.00113552319817245, -0.004567995201796293, -0.00024331231543328613, 0.002219058107584715], [0.00015628171968273818, 0.0006316708750091493, 0.0008478351519443095, -0.00175770977512002, 0.004420166369527578, -0.002124943770468235, -0.005096840672194958, 0.02230960875749588, -0.005755843594670296, -0.006055968813598156, 0.006700343452394009, -0.0018040185095742345, -0.0019872370176017284], [0.0008553849183954298, -0.001771074254065752, 0.0014801049837842584, -0.0007355404668487608, -0.004218907095491886, 0.0025636220816522837, -0.003204063046723604, -0.005755843594670296, 0.023379510268568993, -0.005337797570973635, -0.0027979628648608923, 0.002488217782229185, -0.004012514371424913], [0.0004514666798058897, 0.00046705707791261375, -0.0006301527027972043, 0.00140224932692945, 0.0009380410774610937, -0.0037834160029888153, 0.00113552319817245, -0.006055968813598156, -0.005337797570973635, 0.02795332670211792, -0.003968419972807169, -0.010413720272481441, 0.002595379948616028], [0.00039617769652977586, 0.0009184194495901465, 0.0025835507549345493, -0.0041154795326292515, 0.002587854163721204, -9.073498949874192e-05, -0.004567995201796293, 0.006700343452394009, -0.0027979628648608923, -0.00396841