{"song_id": "1183680246252326962", "download": "https://cdn.discordapp.com/attachments/1135911532732108921/1183680246252326962/chirp.mp4?ex=65893722&amp", "lyrics": "\u0421\u0442\u0440\u0430\u0431\u0430\u0441\u043a\u043e\u043f \u043c\u0435\u0440\u0446\u0430\u0435\u0442\n\u0412 \u043e\u043f\u0443\u0441\u0442\u0435\u0432\u0448\u0435\u043c \u0437\u0430\u043b\u0435. \n\u041c\u044b \u0441 \u0442\u043e\u0431\u043e\u0439 \u043e\u0434\u043d\u0438, \n\u041b\u044e\u0434\u0438 \u0432 \u0441\u0442\u0440\u0430\u0445\u0435 \u0443\u0431\u0435\u0436\u0430\u043b\u0438. \n\u0417\u0430\u043a\u0440\u0443\u0436\u0438\u043b\u0430\u0441\u044c \u0432 \u0442\u0430\u043d\u0446\u0435\n\u0423 \u0442\u0435\u0431\u044f \u043d\u0435\u0442 \u0448\u0430\u043d\u0441\u043e\u0432, \n\u0415\u0441\u043b\u0438 \u0442\u044b \u0440\u0435\u0448\u0438\u043b\u0430\n\u0421 \u0434\u044c\u044f\u0432\u043e\u043b\u043e\u043c \u0442\u044f\u0433\u0430\u0442\u044c\u0441\u044f... \n[Chorus]\n\u0422\u0435\u0447\u0435\u0442 \u0441\u043b\u044e\u043d\u0430 \u0438\u0437 \u043f\u0440\u0438\u043e\u0442\u043a\u0440\u044b\u0442\u043e\u0439 \u043f\u0430\u0441\u0442\u0438, \n\u041d\u043e  \u043d\u0435 \u0441\u0442\u0430\u043d\u0443 \u0440\u0432\u0430\u0442\u044c \u0442\u0435\u0431\u044f \u043d\u0430 \u0447\u0430\u0441\u0442\u0438.\n \u044f \u043f\u0440\u043e\u0441\u0442\u043e \u0437\u0430\u0447\u0430\u0440\u043e\u0432\u0430\u043d \u043c\u0443\u0437\u044b\u043a\u043e\u0439 \u0438 \u0442\u0435\u043b\u043e\u043c... \n\u043c\u043e\u044f \u0441\u043b\u0435\u043f\u0430\u044f \u0434\u0438\u0441\u043a\u043e... \u043a\u0430! \u0440\u0430! \u043b\u0435\u0432\u0430!\n\u041c\u043e\u044f... \u0441\u043b\u0435\u043f\u0430\u044f \u0434\u0438\u0441\u043a\u043e \u043a\u043e\u0440\u043e\u043b\u0435\u0432\u0430!", "style": ["hardcore"], "essentia_features": {"lowlevel.average_loudness": 0.9760863184928894, "lowlevel.barkbands_crest.mean": 12.885266304016113, "lowlevel.barkbands_crest.stdev": 5.160341262817383, "lowlevel.barkbands_flatness_db.mean": 0.11112145334482193, "lowlevel.barkbands_flatness_db.stdev": 0.0475577786564827, "lowlevel.barkbands_kurtosis.mean": 4.970134735107422, "lowlevel.barkbands_kurtosis.stdev": 13.326662063598633, "lowlevel.barkbands_skewness.mean": 1.7781426906585693, "lowlevel.barkbands_skewness.stdev": 1.5651466846466064, "lowlevel.barkbands_spread.mean": 37.454444885253906, "lowlevel.barkbands_spread.stdev": 21.240726470947266, "lowlevel.dissonance.mean": 0.4836268126964569, "lowlevel.dissonance.stdev": 0.014880991540849209, "lowlevel.dynamic_complexity": 1.375134825706482, "lowlevel.erbbands_crest.mean": 7.566275596618652, "lowlevel.erbbands_crest.stdev": 3.742626667022705, "lowlevel.erbbands_flatness_db.mean": 0.11041882634162903, "lowlevel.erbbands_flatness_db.stdev": 0.02695857174694538, "lowlevel.erbbands_kurtosis.mean": 0.35803717374801636, "lowlevel.erbbands_kurtosis.stdev": 1.3482956886291504, "lowlevel.erbbands_skewness.mean": -0.1396872103214264, "lowlevel.erbbands_skewness.stdev": 0.7003126740455627, "lowlevel.erbbands_spread.mean": 49.22197341918945, "lowlevel.erbbands_spread.stdev": 21.235366821289062, "lowlevel.hfc.mean": 38.190677642822266, "lowlevel.hfc.stdev": 20.25257682800293, "lowlevel.loudness_ebu128.integrated": -13.031112670898438, "lowlevel.loudness_ebu128.loudness_range": 1.1598472595214844, "lowlevel.loudness_ebu128.momentary.mean": -13.109597206115723, "lowlevel.loudness_ebu128.momentary.stdev": 0.8347346186637878, "lowlevel.loudness_ebu128.short_term.mean": -13.08206558227539, "lowlevel.loudness_ebu128.short_term.stdev": 0.4182279706001282, "lowlevel.melbands_crest.mean": 17.656707763671875, "lowlevel.melbands_crest.stdev": 5.611795425415039, "lowlevel.melbands_flatness_db.mean": 0.18221767246723175, "lowlevel.melbands_flatness_db.stdev": 0.05839709937572479, "lowlevel.melbands_kurtosis.mean": 26.081851959228516, "lowlevel.melbands_kurtosis.stdev": 44.611454010009766, "lowlevel.melbands_skewness.mean": 3.8667447566986084, "lowlevel.melbands_skewness.stdev": 2.5942506790161133, "lowlevel.melbands_spread.mean": 28.41704559326172, "lowlevel.melbands_spread.stdev": 19.41056251525879, "lowlevel.pitch_salience.mean": 0.4538443088531494, "lowlevel.pitch_salience.stdev": 0.1378674954175949, "lowlevel.silence_rate_20dB.mean": 1.0, "lowlevel.silence_rate_20dB.stdev": 0.0, "lowlevel.silence_rate_30dB.mean": 0.8784118890762329, "lowlevel.silence_rate_30dB.stdev": 0.3268105685710907, "lowlevel.silence_rate_60dB.mean": 0.001240694778971374, "lowlevel.silence_rate_60dB.stdev": 0.0352017879486084, "lowlevel.spectral_centroid.mean": 1916.427734375, "lowlevel.spectral_centroid.stdev": 630.8602294921875, "lowlevel.spectral_complexity.mean": 27.86662483215332, "lowlevel.spectral_complexity.stdev": 9.403031349182129, "lowlevel.spectral_decrease.mean": -1.3000434506693637e-08, "lowlevel.spectral_decrease.stdev": 1.1707243174896576e-08, "lowlevel.spectral_energy.mean": 0.0525306761264801, "lowlevel.spectral_energy.stdev": 0.044374097138643265, "lowlevel.spectral_energyband_high.mean": 0.0025738882832229137, "lowlevel.spectral_energyband_high.stdev": 0.002159026451408863, "lowlevel.spectral_energyband_low.mean": 0.033206261694431305, "lowlevel.spectral_energyband_low.stdev": 0.04330473393201828, "lowlevel.spectral_energyband_middle_high.mean": 0.007400905713438988, "lowlevel.spectral_energyband_middle_high.stdev": 0.0055603152140975, "lowlevel.spectral_energyband_middle_low.mean": 0.009878043085336685, "lowlevel.spectral_energyband_middle_low.stdev": 0.018009673804044724, "lowlevel.spectral_entropy.mean": 8.115788459777832, "lowlevel.spectral_entropy.stdev": 0.2365468293428421, "lowlevel.spectral_flux.mean": 0.13103200495243073, "lowlevel.spectral_flux.stdev": 0.07868305593729019, "lowlevel.spectral_kurtosis.mean": 2.3023931980133057, "lowlevel.spectral_kurtosis.stdev": 1.0595134496688843, "lowlevel.spectral_rms.mean": 0.006719169672578573, "lowlevel.spectral_rms.stdev": 0.0024702351074665785, "lowlevel.spectral_rolloff.mean": 1992.1597900390625, "lowlevel.spectral_rolloff.stdev": 2246.460693359375, "lowlevel.spectral_skewness.mean": 1.2245631217956543, "lowlevel.spectral_skewness.stdev": 0.2398950755596161, "lowlevel.spectral_spread.mean": 5994571.5, "lowlevel.spectral_spread.stdev": 1567377.875, "lowlevel.spectral_strongpeak.mean": 0.6578881740570068, "lowlevel.spectral_strongpeak.stdev": 0.6600326299667358, "lowlevel.zerocrossingrate.mean": 0.08193856477737427, "lowlevel.zerocrossingrate.stdev": 0.04568066820502281, "metadata.audio_properties.analysis.equal_loudness": 0.0, "metadata.audio_properties.analysis.length": 37.39732360839844, "metadata.audio_properties.analysis.sample_rate": 44100.0, "metadata.audio_properties.analysis.start_time": 0.0, "metadata.audio_properties.bit_rate": 118513.0, "metadata.audio_properties.length": 37.397335052490234, "metadata.audio_properties.lossless": 0.0, "metadata.audio_properties.number_channels": 1.0, "metadata.audio_properties.replay_gain": -11.959465026855469, "metadata.audio_properties.sample_rate": 48000.0, "rhythm.beats_count": 111.0, "rhythm.beats_loudness.mean": 0.08436883240938187, "rhythm.beats_loudness.stdev": 0.035847488790750504, "rhythm.bpm": 178.2059326171875, "rhythm.bpm_histogram_first_peak_bpm": 178.0, "rhythm.bpm_histogram_first_peak_weight": 0.0, "rhythm.bpm_histogram_second_peak_bpm": 185.0, "rhythm.bpm_histogram_second_peak_spread": 0.0, "rhythm.bpm_histogram_second_peak_weight": 0.33636364340782166, "rhythm.danceability": 1.7438262701034546, "rhythm.onset_rate": 3.768143653869629, "tonal.chords_changes_rate": 0.06071871146559715, "tonal.chords_number_rate": 0.012391573749482632, "tonal.chords_strength.mean": 0.5384633541107178, "tonal.chords_strength.stdev": 0.10899797081947327, "tonal.hpcp_crest.mean": 11.79611587524414, "tonal.hpcp_crest.stdev": 5.764506816864014, "tonal.hpcp_entropy.mean": 2.371670722961426, "tonal.hpcp_entropy.stdev": 0.816597044467926, "tonal.key_edma.strength": 0.7096607685089111, "tonal.key_krumhansl.strength": 0.714762270450592, "tonal.key_temperley.strength": 0.725212037563324, "tonal.tuning_diatonic_strength": 0.629024863243103, "tonal.tuning_equal_tempered_deviation": 0.15407343208789825, "tonal.tuning_frequency": 437.4657897949219, "tonal.tuning_nontempered_energy_ratio": 0.8296982049942017, "lowlevel.barkbands.mean": [0.0007479664636775851, 0.02591627649962902, 0.0061060599982738495, 0.0015649173874408007, 0.0036622844636440277, 0.0020695773418992758, 0.0005240231403149664, 0.00042140239384025335, 0.0014610289363190532, 0.0007022982463240623, 0.0011890411842614412, 0.0007383680203929543, 0.000835549843031913, 0.0006085491040721536, 0.0006823151488788426, 0.000880968349520117, 0.0007764314068481326, 0.0005994163802824914, 0.0003362181887496263, 0.00032380945049226284, 0.0005418456275947392, 0.0004028212861157954, 0.0004397649609018117, 0.0003827876935247332, 0.0003807912580668926, 0.0002302720968145877, 5.909812443860574e-06], "lowlevel.barkbands.stdev": [0.0009444102179259062, 0.03590114787220955, 0.011169977486133575, 0.0034867660142481327, 0.013738440349698067, 0.004171409178525209, 0.0010668296599760652, 0.001053554005920887, 0.002457174239680171, 0.0018829735927283764, 0.0025325499009341, 0.0014743563951924443, 0.001502207014709711, 0.000870260177180171, 0.0009626281098462641, 0.001358804409392178, 0.000943783379625529, 0.0005877777002751827, 0.00033435208024457097, 0.0002906058798544109, 0.00041459049680270255, 0.0003717042854987085, 0.00044937056372873485, 0.00048346497351303697, 0.0006142996717244387, 0.0003723269619513303, 1.3026070519117638e-05], "lowlevel.erbbands.mean": [0.6353177428245544, 6.089718818664551, 8.930866241455078, 5.754181861877441, 12.492762565612793, 8.959209442138672, 11.640660285949707, 18.91461944580078, 8.954670906066895, 6.918240070343018, 13.543281555175781, 32.88435745239258, 26.935026168823242, 31.81158447265625, 46.3311767578125, 28.03265380859375, 36.82730484008789, 33.15314865112305, 39.600887298583984, 35.33420944213867, 48.71174621582031, 46.40399169921875, 34.41976547241211, 22.231626510620117, 14.748620986938477, 15.280417442321777, 21.61966323852539, 19.63329315185547, 15.030988693237305, 13.195911407470703, 12.071821212768555, 8.662841796875, 6.144574165344238, 4.43505859375, 2.576117992401123, 1.2208001613616943, 0.3866313695907593, 0.04438610374927521, 0.0010357716819271445, 0.00010238485992886126], "lowlevel.erbbands.stdev": [1.067617654800415, 8.383551597595215, 15.126816749572754, 8.131162643432617, 51.34360885620117, 33.965179443359375, 28.255645751953125, 37.02110290527344, 16.69401741027832, 15.45260238647461, 30.440387725830078, 55.12705993652344, 61.87006759643555, 69.50939178466797, 93.17131042480469, 45.57894515991211, 62.31298828125, 42.92371368408203, 50.861000061035156, 52.323665618896484, 66.08822631835938, 54.787353515625, 34.0922737121582, 21.07284927368164, 14.037530899047852, 13.723525047302246, 17.861433029174805, 14.772222518920898, 13.938069343566895, 14.023584365844727, 12.266946792602539, 9.97876262664795, 8.452707290649414, 7.344962120056152, 4.188095569610596, 2.011134386062622, 0.6198998689651489, 0.07214715331792831, 0.0017244385089725256, 7.297124102478847e-05], "lowlevel.gfcc.mean": [62.777809143066406, 48.492889404296875, -101.80272674560547, 47.900787353515625, -44.91847610473633, 36.450565338134766, -31.556808471679688, 21.402193069458008, -19.221826553344727, 13.040472984313965, -18.621929168701172, 10.44323444366455, -11.862510681152344], "lowlevel.melbands.mean": [0.006660201586782932, 0.0057897502556443214, 0.0012213458539918065, 0.0008223749464377761, 0.00038751497049815953, 0.0004063812957610935, 0.00012522292672656476, 7.267925684573129e-05, 0.00012302451068535447, 0.00021992361871525645, 0.00013116469199303538, 0.0001224931766046211, 0.00015430750499945134, 9.502015745965764e-05, 6.609335832763463e-05, 9.210305142914876e-05, 5.596077608061023e-05, 6.424504681490362e-05, 4.737120616482571e-05, 5.7620403822511435e-05, 5.434479680843651e-05, 5.10041463712696e-05, 3.547950109350495e-05, 2.595783917058725e-05, 1.7342443243251182e-05, 1.1253418051637709e-05, 9.558383680996485e-06, 1.0099412065756042e-05, 1.2961202628503088e-05, 1.3867314919480123e-05, 1.0644867870723829e-05, 8.891692232282367e-06, 6.877772648294922e-06, 7.670460945519153e-06, 7.165133865782991e-06, 5.968699042568915e-06, 5.1739120863203425e-06, 4.540131612884579e-06, 3.711899580594036e-06, 3.7131669614609564e-06], "lowlevel.melbands.stdev": [0.00969995278865099, 0.008356630802154541, 0.0024484398309141397, 0.003334448207169771, 0.0009139103931374848, 0.0007888267282396555, 0.00023759042960591614, 0.00016654067439958453, 0.000275508122285828, 0.00038194231456145644, 0.00032046661362983286, 0.00027942395536229014, 0.00031336091342382133, 0.00019564988906495273, 0.00011862808605656028, 0.0001800975005608052, 7.841522892704234e-05, 8.775053720455617e-05, 7.765211921650916e-05, 0.00010165927960770205, 7.356399873970076e-05, 6.616909377044067e-05, 3.953405757783912e-05, 2.623789077915717e-05, 1.7704132915241644e-05, 1.1747953067242634e-05, 8.919362699089106e-06, 9.813642463996075e-06, 1.1870793059642892e-05, 1.15588472908712e-05, 8.57574377732817e-06, 8.853477993397973e-06, 6.682192633888917e-06, 8.729251931072213e-06, 7.586596893816022e-06, 6.3228135331883095e-06, 6.547472366946749e-06, 6.435153864003951e-06, 5.43985515832901e-06, 6.569434845005162e-06], "lowlevel.melbands128.mean": [0.0004458627081476152, 0.0039875139482319355, 0.010169727727770805, 0.010192879475653172, 0.005858395714312792, 0.0025540932547301054, 0.0010285573080182076, 0.0008081156411208212, 0.0015326645225286484, 0.0008934339857660234, 0.0003631294530350715, 0.00031250115716829896, 0.00036980625009164214, 0.0004926622495986521, 0.0005560109857469797, 0.0002634625998325646, 0.00015981475007720292, 0.0001015231609926559, 7.870485569583252e-05, 7.576914504170418e-05, 6.583909998880699e-05, 7.457716128556058e-05, 0.0001401816844008863, 0.00015934310795273632, 0.000195406872080639, 0.00029559634276665747, 0.00015394132060464472, 0.00010032686259364709, 0.00013137351197656244, 8.030338358366862e-05, 0.00014277166337706149, 0.0001599956158315763, 0.0001279796560993418, 0.00019878358580172062, 0.00011087585880886763, 6.0333593864925206e-05, 6.240779475774616e-05, 7.901816570665687e-05, 5.01154427183792e-05, 8.457069634459913e-05, 0.0001254958042409271, 6.432676309486851e-05, 4.8527090257266536e-05, 5.295578375807963e-05, 6.183118239277974e-05, 7.035404269117862e-05, 6.416909309336916e-05, 4.819000241695903e-05, 4.0367242036154494e-05, 3.657952038338408e-05, 6.427823245758191e-05, 7.587423169752583e-05, 5.573481757892296e-05, 4.4382508349372074e-05, 4.933737000101246e-05, 6.382710125762969e-05, 4.0164282836485654e-05, 3.201918298145756e-05, 3.786455636145547e-05, 3.247349013690837e-05, 2.525012314436026e-05, 2.134791611752007e-05, 2.0254796254448593e-05, 1.630664337426424e-05, 1.2219277778058313e-05, 1.1308184184599668e-05, 1.0701340215746313e-05, 9.23591051105177e-06, 9.325705832452513e-06, 1.0057835424959194e-05, 9.200225576933008e-06, 1.038793743646238e-05, 1.231508213095367e-05, 1.3432731066131964e-05, 1.3407960977929179e-05, 1.5796718798810616e-05, 1.3324971405381802e-05, 1.054427139024483e-05, 1.087361124518793e-05, 9.777972081792541e-06, 9.744480848894455e-06, 8.330737728101667e-06, 7.325295882765204e-06, 6.5978429120150395e-06, 6.525320713990368e-06, 7.300549441424664e-06, 8.351630640390795e-06, 7.906910468591377e-06, 7.014389211690286e-06, 6.687487712042639e-06, 6.654494882241124e-06, 5.836970558448229e-06, 4.729787633550586e-06, 5.0015351007459685e-06, 5.570464963966515e-06, 5.2836458053207025e-06, 4.131753030378604e-06, 3.79847392650845e-06, 3.45202852258808e-06, 3.7630229599017184e-06, 4.1977195905928966e-06, 3.560880941222422e-06, 3.4055847208946943e-06, 3.3160147268063156e-06, 2.8932568056916352e-06, 2.5823567284533055e-06, 2.517146185709862e-06, 2.425074171696906e-06, 2.0500731352512958e-06, 1.9091844478680287e-06, 1.7645198795435135e-06, 1.3360490811464842e-06, 1.267139737137768e-06, 9.94386709862738e-07, 6.387471103153075e-07, 4.447056767276081e-07, 2.1498537705610943e-07, 5.174823058951006e-08, 3.1328510896599937e-09, 8.341870597061707e-12, 7.762762654905941e-12, 7.372231297653187e-12, 7.152041112123975e-12, 6.995533926440478e-12, 6.836810197835552e-12, 6.676384705500693e-12, 6.576556139947787e-12, 6.530288462758271e-12], "lowlevel.melbands128.stdev": [0.0008620619773864746, 0.00821036845445633, 0.015298399142920971, 0.014399348758161068, 0.010001777671277523, 0.004480961710214615, 0.001567223109304905, 0.0024967738427221775, 0.006730866618454456, 0.004203548654913902, 0.0015452740481123328, 0.0010678800754249096, 0.0010997882345691323, 0.0014226784696802497, 0.0012015022803097963, 0.0006228446727618575, 0.0003755267825908959, 0.00023180950665846467, 0.0002454903442412615, 0.00021641435159835964, 0.00019002743647433817, 0.00028467352967709303, 0.00039639626629650593, 0.00039531729998998344, 0.00041762494947761297, 0.0006303286063484848, 0.0005839052028022707, 0.00033821427496150136, 0.0005018608062528074, 0.00026537023950368166, 0.00043406974873505533, 0.0005501681589521468, 0.00034056903677992523, 0.0005432640318758786, 0.0003529083332978189, 0.00015383888967335224, 0.00012912412057630718, 0.00017950728943105787, 0.00013293475785758346, 0.00019560598593670875, 0.00031974894227460027, 0.00011938278476009145, 9.343440615339205e-05, 0.0001025438032229431, 0.00011738603643607348, 0.00011599683784879744, 0.00011362444638507441, 0.00010458409087732434, 0.00010075444879475981, 7.772500975988805e-05, 0.00015252857701852918, 0.00015238163177855313, 9.064849291462451e-05, 7.581857789773494e-05, 8.527304453309625e-05, 0.0001023232689476572, 6.012274025124498e-05, 4.6059514716034755e-05, 5.137675179867074e-05, 4.4457759940996766e-05, 3.479808947304264e-05, 2.3856193365645595e-05, 2.5596389605198056e-05, 2.0880946976831183e-05, 1.3490432138496544e-05, 1.4807077604928054e-05, 1.3203893104218878e-05, 1.0118088539456949e-05, 1.042463190970011e-05, 1.0950320756819565e-05, 1.0815631867444608e-05, 1.3090710126562044e-05, 1.4578571608581115e-05, 1.4270839528762735e-05, 1.2595397492987104e-05, 1.579766467330046e-05, 1.3609267625724897e-05, 9.05706656340044e-06, 1.0218043826171197e-05, 1.0229559848085046e-05, 1.1071389963035472e-05, 1.130500004364876e-05, 7.033024303382263e-06, 6.786314770579338e-06, 8.517461537849158e-06, 9.035626135300845e-06, 1.0681096682674251e-05, 9.75968396232929e-06, 8.389653885387816e-06, 7.628857474628603e-06, 7.479969553969568e-06, 6.864191163913347e-06, 6.134117938927375e-06, 6.934216344234301e-06, 8.19534579932224e-06, 8.45452359499177e-06, 6.400469828804489e-06, 6.032873443473363e-06, 5.1212819016654976e-06, 6.022900379321072e-06, 8.048649760894477e-06, 6.771809239580762e-06, 6.345970632537501e-06, 6.454185950133251e-06, 5.049835635873023e-06, 4.237310349708423e-06, 4.283524958736962e-06, 4.371825980342692e-06, 3.6559179079631576e-06, 3.822721282631392e-06, 3.274676146247657e-06, 2.3496929770772113e-06, 2.1367595763877034e-06, 1.8165704886996537e-06, 1.020222498482326e-06, 9.024631708598463e-07, 4.1581250798117253e-07, 2.2119890275007492e-07, 3.100524637034141e-08, 1.2920432085339328e-11, 1.2974599693238442e-11, 1.0651745978307314e-11, 1.0393175035872115e-11, 1.0187082948032167e-11, 1.0010610396182784e-11, 9.870818572232931e-12, 9.775539752676643e-12, 9.718418778059679e-12], "lowlevel.mfcc.mean": [-583.5813598632812, 79.8344497680664, 8.600521087646484, 23.958820343017578, 16.52376365661621, 20.061811447143555, 7.3938188552856445, 13.5912446975708, 10.367240905761719, 4.627389907836914, 4.126305103302002, 8.648698806762695, 0.9455866813659668], "lowlevel.spectral_contrast_coeffs.mean": [-0.7120039463043213, -0.7731645107269287, -0.7883089780807495, -0.8012524843215942, -0.8081521987915039, -0.7506415247917175], "lowlevel.spectral_contrast_coeffs.stdev": [0.06880883872509003, 0.06570953130722046, 0.062471743673086166, 0.044279180467128754, 0.026619860902428627, 0.03174719214439392], "lowlevel.spectral_contrast_valleys.mean": [-6.480818748474121, -6.706435680389404, -6.959109306335449, -6.894741535186768, -6.736965656280518, -9.067816734313965], "lowlevel.spectral_contrast_valleys.stdev": [0.5280904769897461, 0.5083257555961609, 0.5144985318183899, 0.4108255207538605, 0.36061951518058777, 0.534582257270813], "rhythm.beats_loudness_band_ratio.mean": [0.7275713682174683, 0.12774139642715454, 0.06119169667363167, 0.06527996808290482, 0.06154822185635567, 0.03094538301229477], "rhythm.beats_loudness_band_ratio.stdev": [0.21883396804332733, 0.16979612410068512, 0.09348396956920624, 0.09095583856105804, 0.05522753670811653, 0.01789221726357937], "tonal.hpcp.mean": [0.05393049120903015, 0.05040348693728447, 0.052296265959739685, 0.058446239680051804, 0.0634961798787117, 0.08730795234441757, 0.11365893483161926, 0.10556725412607193, 0.08101636171340942, 0.0724988579750061, 0.09136072546243668, 0.19914793968200684, 0.33945363759994507, 0.25087255239486694, 0.08527377992868423, 0.05027830973267555, 0.04548152536153793, 0.10063838958740234, 0.16655176877975464, 0.12058240175247192, 0.054658230394124985, 0.054873641580343246, 0.05875624716281891, 0.07212057709693909, 0.111979641020298, 0.10938683897256851, 0.09185215085744858, 0.14226631820201874, 0.14974120259284973, 0.10080546885728836, 0.07645963132381439, 0.05925752967596054, 0.07053525745868683, 0.11393596231937408, 0.11347122490406036, 0.07158378511667252], "tonal.hpcp.stdev": [0.14962613582611084, 0.16300316154956818, 0.15545031428337097, 0.14361527562141418, 0.14785638451576233, 0.19761648774147034, 0.2524943947792053, 0.2457249015569687, 0.1868857741355896, 0.16161547601222992, 0.1903025209903717, 0.2897545397281647, 0.42368030548095703, 0.3348810076713562, 0.19835002720355988, 0.15138301253318787, 0.1300095021724701, 0.20715893805027008, 0.31640779972076416, 0.23020705580711365, 0.1500229686498642, 0.16331206262111664, 0.17011000216007233, 0.14543583989143372, 0.18934933841228485, 0.1957247257232666, 0.18551376461982727, 0.28278717398643494, 0.2905908524990082, 0.22449587285518646, 0.1953008621931076, 0.16573382914066315, 0.15146952867507935, 0.19291909039020538, 0.1929415464401245, 0.1715017408132553], "rhythm.beats_position": [0.3599092960357666, 0.7198185920715332, 1.0681178569793701, 1.404807209968567, 1.7414965629577637, 2.0665760040283203, 2.391655206680298, 2.728344678878784, 3.0650339126586914, 3.4133331775665283, 3.7500226497650146, 4.086711883544922, 4.4117913246154785, 4.736870765686035, 5.073559761047363, 5.41024923324585, 5.735328674316406, 6.060408115386963, 6.3854875564575195, 6.722176551818848, 7.058866024017334, 7.39555549621582, 7.732244968414307, 8.057324409484863, 8.394013404846191, 8.73070240020752, 9.055782318115234, 9.380861282348633, 9.729161262512207, 10.065850257873535, 10.402539253234863, 10.727619171142578, 11.064308166503906, 11.400997161865234, 11.72607707977295, 12.051156044006348, 12.399456024169922, 12.73614501953125, 13.072834014892578, 13.397913932800293, 13.734602928161621, 14.07129192352295, 14.396371841430664, 14.733060836791992, 15.06974983215332, 15.406439781188965, 15.743128776550293, 16.068208694458008, 16.404897689819336, 16.741586685180664, 17.066665649414062, 17.391746520996094, 17.74004554748535, 18.06512451171875, 18.401813507080078, 18.738502502441406, 19.063581466674805, 19.400272369384766, 19.736961364746094, 20.062040328979492, 20.39872932434082, 20.73541831970215, 21.06049919128418, 21.397188186645508, 21.733877182006836, 22.058956146240234, 22.395645141601562, 22.732336044311523, 23.057415008544922, 23.39410400390625, 23.730792999267578, 24.067481994628906, 24.404170989990234, 24.729251861572266, 25.065940856933594, 25.402629852294922, 25.72770881652832, 26.06439781188965, 26.40108871459961, 26.726167678833008, 27.062856674194336, 27.399545669555664, 27.736234664916992, 28.061315536499023, 28.39800453186035, 28.73469352722168, 29.071382522583008, 29.396461486816406, 29.733150482177734, 30.069841384887695, 30.394920349121094, 30.731609344482422, 31.06829833984375, 31.404987335205078, 31.74167823791504, 32.06675720214844, 32.403446197509766, 32.740135192871094, 33.065216064453125, 33.39029312133789, 33.73859405517578, 34.07528305053711, 34.41197204589844, 34.73705291748047, 35.062129974365234, 35.39881896972656, 35.73550796508789, 36.06058883666992, 36.38566970825195, 36.72235870361328, 37.05904769897461], "rhythm.bpm_histogram": [0.0, 0.0, 0.0, 0.0, 0.0, 0.0, 0.0, 0.0, 0.0, 0.0, 0.0, 0.0, 0.0, 0.0, 0.0, 0.0, 0.0, 0.0, 0.0, 0.0, 0.0, 0.0, 0.0, 0.0, 0.0, 0.0, 0.0, 0.0, 0.0, 0.0, 0.0, 0.0, 0.0, 0.0, 0.0, 0.0, 0.0, 0.0, 0.0, 0.0, 0.0, 0.0, 0.0, 0.0, 0.0, 0.0, 0.0, 0.0, 0.0, 0.0, 0.0, 0.0, 0.0, 0.0, 0.0, 0.0, 0.0, 0.0, 0.0, 0.0, 0.0, 0.0, 0.0, 0.0, 0.0, 0.0, 0.0, 0.0, 0.0, 0.0, 0.0, 0.0, 0.0, 0.0, 0.0, 0.0, 0.0, 0.0, 0.0, 0.0, 0.0, 0.0, 0.0, 0.0, 0.0, 0.0, 0.0, 0.0, 0.0, 0.0, 0.0, 0.0, 0.0, 0.0, 0.0, 0.0, 0.0, 0.0, 0.0, 0.0, 0.0, 0.0, 0.0, 0.0, 0.0, 0.0, 0.0, 0.0, 0.0, 0.0, 0.0, 0.0, 0.0, 0.0, 0.0, 0.0, 0.0, 0.0, 0.0, 0.0, 0.0, 0.0, 0.0, 0.0, 0.0, 0.0, 0.0, 0.0, 0.0, 0.0, 0.0, 0.0, 0.0, 0.0, 0.0, 0.0, 0.0, 0.0, 0.0, 0.0, 0.0, 0.0, 0.0, 0.0, 0.0, 0.0, 0.0, 0.0, 0.0, 0.0, 0.0, 0.0, 0.0, 0.0, 0.0, 0.0, 0.0, 0.0, 0.0, 0.0, 0.0, 0.0, 0.0, 0.0, 0.0, 0.0, 0.0, 0.00909090880304575, 0.0, 0.0, 0.0, 0.0, 0.05454545468091965, 0.0, 0.0, 0.0, 0.0, 0.0, 0.6000000238418579, 0.0, 0.0, 0.0, 0.0, 0.0, 0.0, 0.33636364340782166, 0.0, 0.0, 0.0, 0.0, 0.0, 0.0, 0.0, 0.0, 0.0, 0.0, 0.0, 0.0, 0.0, 0.0, 0.0, 0.0, 0.0, 0.0, 0.0, 0.0, 0.0, 0.0, 0.0, 0.0, 0.0, 0.0, 0.0, 0.0, 0.0, 0.0, 0.0, 0.0, 0.0, 0.0, 0.0, 0.0, 0.0, 0.0, 0.0, 0.0, 0.0, 0.0, 0.0, 0.0, 0.0, 0.0, 0.0, 0.0, 0.0, 0.0, 0.0, 0.0, 0.0, 0.0, 0.0, 0.0, 0.0, 0.0, 0.0, 0.0, 0.0, 0.0, 0.0, 0.0], "tonal.chords_histogram": [0.24783147871494293, 4.708797931671143, 44.485748291015625, 3.3457248210906982, 4.956629276275635, 4.956629276275635, 0.0, 0.0, 0.0, 0.0, 4.46096658706665, 0.0, 0.0, 0.0, 0.0, 0.8674101829528809, 0.0, 0.0, 0.0, 0.24783147871494293, 1.9826518297195435, 2.230483293533325, 20.322181701660156, 7.187112808227539], "tonal.thpcp": [1.0, 0.7390480637550354, 0.2512089014053345, 0.1481153964996338, 0.1339844912290573, 0.2964716851711273, 0.4906466007232666, 0.35522493720054626, 0.1610182523727417, 0.1616528332233429, 0.1730906367301941, 0.21246075630187988, 0.3298819959163666, 0.3222438395023346, 0.270588219165802, 0.41910383105278015, 0.44112417101860046, 0.2969638705253601, 0.2252432256937027, 0.17456737160682678, 0.2077905535697937, 0.3356451392173767, 0.3342760503292084, 0.21087941527366638, 0.15887439250946045, 0.14848415553569794, 0.15406011044979095, 0.17217738926410675, 0.18705405294895172, 0.2572014033794403, 0.33482903242111206, 0.31099167466163635, 0.23866693675518036, 0.21357513964176178, 0.2691405117511749, 0.5866720080375671], "lowlevel.gfcc.cov": [[1211.80419921875, -164.0133514404297, -10.365618705749512, -141.5972137451172, -85.12582397460938, -21.03054428100586, -86.1884536743164, 25.1546573638916, -45.69102478027344, -4.604887962341309, -73.35069274902344, 56.33509063720703, -46.512447357177734], [-164.0133514404297, 631.5923461914062, -182.20553588867188, 45.715938568115234, 14.336461067199707, -45.51111602783203, 67.14794921875, -94.03376007080078, 26.348066329956055, -93.36163330078125, 26.49502944946289, -76.57093048095703, 64.84783935546875], [-10.365618705749512, -182.20553588867188, 453.58514404296875, 98.23805236816406, -6.22570276260376, -59.173763275146484, -124.08043670654297, -26.838085174560547, -57.893550872802734, 43.50544738769531, 22.14711570739746, 5.74485969543457, -31.126028060913086], [-141.5972137451172, 45.715938568115234, 98.23805236816406, 247.85305786132812, 65.45246887207031, -35.3867073059082, -41.32825469970703, -31.260297775268555, 34.80318069458008, -0.9971871376037598, 21.556795120239258, -47.10966110229492, 16.6914119720459], [-85.12582397460938, 14.336461067199707, -6.22570276260376, 65.45246887207031, 151.2489776611328, 58.867210388183594, 47.29624938964844, 34.113792419433594, 56.1602783203125, 17.07088279724121, 4.196714401245117, -2.8511624336242676, 9.671575546264648], [-21.03054428100586, -45.51111602783203, -59.173763275146484, -35.3867073059082, 58.867210388183594, 175.68775939941406, 156.4757080078125, 65.54867553710938, 16.236984252929688, 9.956235885620117, 13.251893997192383, -5.644377708435059, -5.786990642547607], [-86.1884536743164, 67.14794921875, -124.08043670654297, -41.32825469970703, 47.29624938964844, 156.4757080078125, 255.49208068847656, 86.17376708984375, 32.77585983276367, -10.83983039855957, 14.876738548278809, -12.332284927368164, -3.955045700073242], [25.1546573638916, -94.03376007080078, -26.838085174560547, -31.260297775268555, 34.113792419433594, 65.54867553710938, 86.17376708984375, 130.89402770996094, 72.87447357177734, 32.08900833129883, -6.357724189758301, 24.921133041381836, -2.414052724838257], [-45.69102478027344, 26.348066329956055, -57.893550872802734, 34.80318069458008, 56.1602783203125, 16.236984252929688, 32.77585983276367, 72.87447357177734, 124.86724853515625, 40.44606018066406, 7.683135986328125, 1.1668853759765625, 18.515949249267578], [-4.604887962341309, -93.36163330078125, 43.50544738769531, -0.9971871376037598, 17.07088279724121, 9.956235885620117, -10.83983039855957, 32.08900833129883, 40.44606018066406, 87.62252044677734, 33.08747482299805, 27.068817138671875, -8.907106399536133], [-73.35069274902344, 26.49502944946289, 22.14711570739746, 21.556795120239258, 4.196714401245117, 13.251893997192383, 14.876738548278809, -6.357724189758301, 7.683135986328125, 33.08747482299805, 77.03113555908203, 24.960063934326172, 13.068744659423828], [56.33509063720703, -76.57093048095703, 5.74485969543457, -47.10966110229492, -2.8511624336242676, -5.644377708435059, -12.332284927368164, 24.921133041381836, 1.1668853759765625, 27.068817138671875, 24.960063934326172, 91.75811004638672, 19.815040588378906], [-46.512447357177734, 64.84783935546875, -31.126028060913086, 16.6914119720459, 9.671575546264648, -5.786990642547607, -3.955045700073242, -2.414052724838257, 18.515949249267578, -8.907106399536133, 13.068744659423828, 19.815040588378906, 57.40717315673828]], "lowlevel.gfcc.icov": [[0.0010730159701779485, -0.00026791405980475247, 9.607247920939699e-05, -3.0475496259896317e-06, 0.0006076032877899706, -0.000864809553604573, 0.00092571962159127, -0.00046399253187701106, 0.00012361911649350077, -4.188296315987827e-06, 0.0011773796286433935, -0.001254458213225007, 0.0012041620211675763], [-0.00026791405980475247, 0.004741847049444914, 0.0003574409056454897, 0.0017599847633391619, -0.001586002530530095, 0.004235732834786177, -0.0036992980167269707, 0.004454987123608589, -0.0033317776396870613, 0.003926397766917944, -0.004118171986192465, 0.004410765133798122, -0.004165892489254475], [9.607247920939699e-05, 0.0003574409056454897, 0.0039464207366108894, -0.0018139993771910667, -0.0005169026553630829, 0.0005937111563980579, 0.001701981876976788, -0.0026638424023985863, 0.0041174497455358505, -0.001927241450175643, -0.0012422509025782347, 0.0006910276715643704, 0.0009106355137191713], [-3.0475496259896317e-06, 0.0017599847633391619, -0.0018139993771910667, 0.00862806010991335, -0.004073991905897856, 0.003507159184664488, -0.0010921291541308165, 0.002781817689538002, -0.003906634636223316, 0.003455233294516802, -0.0049804276786744595, 0.006379051133990288, -0.003673029597848654], [0.0006076032877899706, -0.001586002530530095, -0.0005169026553630829, -0.004073991905897856, 0.012319844216108322, -0.007176271639764309, 0.0013896534219384193, 0.0012953371042385697, -0.004515628330409527, -0.001237743766978383, 0.0051509481854736805, -0.005504686385393143, 0.002531198086217046], [-0.000864809553604573, 0.004235732834786177, 0.0005937111563980579, 0.003507159184664488, -0.007176271639764309, 0.020684273913502693, -0.01142438780516386, -0.0006947391666471958, 0.0034416501875966787, -0.000450519728474319, -0.00633661774918437, 0.008739414624869823, -0.006459403783082962], [0.00092571962159127, -0.0036992980167269707, 0.001701981876976788, -0.0010921291541308165, 0.0013896534219384193, -0.01142438780516386, 0.015546600334346294, -0.009501121938228607, 0.0032105352729558945, 0.001843657111749053, -0.0014356960309669375, -0.0017214902909472585, 0.0056265112943947315], [-0.00046399253187701106, 0.004454987123608589, -0.0026638424023985863, 0.002781817689538002, 0.0012953371042385697, -0.0006947391666471958, -0.009501121938228607, 0.0282420851290226, -0.01874554716050625, 0.002896134043112397, 0.004558830056339502, -0.005170822609215975, -0.00017425109399482608], [0.00012361911649350077, -0.0033317776396870613, 0.0041174497455358505, -0.003906634636223316, -0.004515628330409527, 0.0034416501875966787, 0.0032105352729558945, -0.01874554716050625, 0.028512565419077873, -0.013493094593286514, 0.0009100624592974782, 0.005023433361202478, -0.005458271596580744], [-4.188296315987827e-06, 0.003926397766917944, -0.001927241450175643, 0.003455233294516802, -0.001237743766978383, -0.000450519728474319, 0.001843657111749053, 0.002896134043112397, -0.013493094593286514, 0.02828265354037285, -0.013143157586455345, -0.001349902362562716, 0.006121894344687462], [0.0011773796286433935, -0.004118171986192465, -0.0012422509025782347, -0.0049804276786744595, 0.0051509481854736805, -0.00633661774918437, -0.0014356960309669375, 0.004558830056339502, 0.0009100624592974782, -0.013143157586455345, 0.02816426381468773, -0.012187722139060497, 0.00042906036833301187], [-0.001254458213225007, 0.004410765133798122, 0.0006910276715643704, 0.006379051133990288, -0.005504686385393143, 0.008739414624869823, -0.0017214902909472585, -0.005170822609215975, 0.005023433361202478, -0.001349902362562716, -0.012187722139060497, 0.02686573751270771, -0.01433488167822361], [0.0012041620211675763, -0.004165892489254475, 0.0009106355137191713, -0.003673029597848654, 0.002531198086217046, -0.006459403783082962, 0.0056265112943947315, -0.00017425109399482608, -0.005458271596580744, 0.006121894344687462, 0.00042906036833301187, -0.01433488167822361, 0.03152591735124588]], "lowlevel.mfcc.cov": [[1216.6943359375, -34.23661422729492, -105.15389251708984, -119.78266906738281, -68.55088806152344, -54.42527389526367, -71.76935577392578, 24.920316696166992, -8.5643949508667, -26.026500701904297, -9.436079978942871, -50.877220153808594, -37.62771987915039], [-34.23661422729492, 422.7393798828125, -99.66146087646484, 2.9183037281036377, -56.09199142456055, 18.510334014892578, 2.067462921142578, 7.911771297454834, -1.8756643533706665, -21.105497360229492, -20.169172286987305, -21.15582847595215, -28.767423629760742], [-105.15389251708984, -99.66146087646484, 347.8480224609375, 91.16356658935547, 59.90217208862305, -39.265846252441406, -8.47862434387207, -90.35350036621094, -83.68071746826172, -26.348480224609375, -17.40839195251465, -14.445817947387695, 10.842369079589844], [-119.78266906738281, 2.9183037281036377, 91.16356658935547, 227.4202117919922, 100.4802017211914, -0.3874592185020447, -55.700748443603516, -52.09866714477539, -20.52082633972168, -0.0719911977648735, -16.77300262451172, -11.431120872497559, 21.377225875854492], [-68.55088806152344, -56.09199142456055, 59.90217208862305, 100.4802017211914, 166.55384826660156, 5.255496501922607, -54.731536865234375, -41.90789794921875, 1.6615724563598633, 10.440164566040039, -9.650650978088379, 1.2367267608642578, 22.292165756225586], [-54.42527389526367, 18.510334014892578, -39.265846252441406, -0.3874592185020447, 5.255496501922607, 104.25780487060547, 76.82353210449219, 32.74660110473633, 19.769010543823242, 24.945667266845703, 21.786115646362305, 12.963757514953613, -8.635218620300293], [-71.76935577392578, 2.067462921142578, -8.47862434387207, -55.700748443603516, -54.731536865234375, 76.82353210449219, 160.6797637939453, 75.68045043945312, 20.681598663330078, 19.575809478759766, 33.189300537109375, 22.646284103393555, -12.3722562789917], [24.920316696166992, 7.911771297454834, -90.35350036621094, -52.09866714477539, -41.90789794921875, 32.74660110473633, 75.68045043945312, 134.02830505371094, 81.31254577636719, 33.245880126953125, 27.899248123168945, 22.71280288696289, 1.773793339729309], [-8.5643949508667, -1.8756643533706665, -83.68071746826172, -20.52082633972168, 1.6615724563598633, 19.769010543823242, 20.681598663330078, 81.31254577636719, 114.13043975830078, 60.80458450317383, 27.337589263916016, 19.172649383544922, 5.279784679412842], [-26.026500701904297, -21.105497360229492, -26.348480224609375, -0.0719911977648735, 10.440164566040039, 24.945667266845703, 19.575809478759766, 33.245880126953125, 60.80458450317383, 91.49811553955078, 47.01338577270508, 18.71339225769043, 3.474959373474121], [-9.436079978942871, -20.169172286987305, -17.40839195251465, -16.77300262451172, -9.650650978088379, 21.786115646362305, 33.189300537109375, 27.899248123168945, 27.337589263916016, 47.01338577270508, 73.0539321899414, 38.68645095825195, 8.11436939239502], [-50.877220153808594, -21.15582847595215, -14.445817947387695, -11.431120872497559, 1.2367267608642578, 12.963757514953613, 22.646284103393555, 22.71280288696289, 19.172649383544922, 18.71339225769043, 38.68645095825195, 69.12513732910156, 29.69428253173828], [-37.62771987915039, -28.767423629760742, 10.842369079589844, 21.377225875854492, 22.292165756225586, -8.635218620300293, -12.3722562789917, 1.773793339729309, 5.279784679412842, 3.474959373474121, 8.11436939239502, 29.69428253173828, 59.629608154296875]], "lowlevel.mfcc.icov": [[0.0010254840599372983, 0.0002015520294662565, 0.00015876934048719704, 0.00048236752627417445, 0.00017153372755274177, -7.275773532455787e-05, 0.0010626158909872174, -0.0008783053490333259, 0.000607142923399806, 0.00020091822079848498, -0.0006204228266142309, 0.0008775320602580905, 0.00029645144240930676], [0.0002015520294662565, 0.0029124224092811346, 0.0009055025293491781, -0.0007628999883309007, 0.0012323035625740886, -0.0006371138151735067, 0.00038336109719239175, 0.00013574854528997093, 2.2241201804718003e-05, 0.0006018931744620204, 0.000365270534530282, 0.000246622774284333, 0.0009540802566334605], [0.00015876934048719704, 0.0009055025293491781, 0.005329693667590618, -0.0016152596799656749, -0.0013122311793267727, 0.0037773281801491976, -0.003959542140364647, 0.0024811835028231144, 0.0022774620447307825, -0.0008226571371778846, 5.727505049435422e-05, 0.0006892357487231493, -0.0002154902322217822], [0.00048236752627417445, -0.0007628999883309007, -0.0016152596799656749, 0.007411524187773466, -0.0028973331209272146, -0.002155428985133767, 0.0026981430128216743, -0.0007026663515716791, 0.0007731759105809033, -0.0006514195119962096, -4.4110824092058465e-05, 0.0016176806529983878, -0.0019053220748901367], [0.00017153372755274177, 0.0012323035625740886, -0.0013122311793267727, -0.0028973331209272146, 0.01098609995096922, -0.004554229322820902, 0.0042233592830598354, 0.0016519948840141296, -0.0027728371787816286, -0.0002353603922529146, 0.001458600047044456, -0.0008736335439607501, -0.0014636205742135644], [-7.275773532455787e-05, -0.0006371138151735067, 0.0037773281801491976, -0.002155428985133767, -0.004554229322820902, 0.02071228437125683, -0.012898789718747139, 0.0030217301100492477, 0.0005553209921345115, -0.0027735489420592785, -0.00020372985454741865, -0.0005745534435845912, 0.0020947284065186977], [0.0010626158909872174, 0.00038336109719239175, -0.003959542140364647, 0.0026981430128216743, 0.0042233592830598354, -0.012898789718747139, 0.02042904868721962, -0.011088398285210133, 0.00456241425126791, 0.00017723704513628036, -0.002115313895046711, -0.0012800017138943076, 0.002240884816274047], [-0.0008783053490333259, 0.00013574854528997093, 0.0024811835028231144, -0.0007026663515716791, 0.0016519948840141296, 0.0030217301100492477, -0.011088398285210133, 0.023832280188798904, -0.01581011526286602, 0.0042672185227274895, -0.0008211885578930378, -0.000234266699408181, -0.002497991