{"song_id": "1183697797191581737", "download": "https://cdn.discordapp.com/attachments/1135911532732108921/1183697797191581737/chirp.mp4?ex=6589477a&amp", "lyrics": "Ich mag's zu fahren-fahren\nin meinem Wagen Wagen\nmit euren Damen Damen\nnach Baden-Baden.", "style": ["eurodance"], "essentia_features": {"lowlevel.average_loudness": 0.9804790019989014, "lowlevel.barkbands_crest.mean": 12.617521286010742, "lowlevel.barkbands_crest.stdev": 6.213324069976807, "lowlevel.barkbands_flatness_db.mean": 0.14263436198234558, "lowlevel.barkbands_flatness_db.stdev": 0.06805790960788727, "lowlevel.barkbands_kurtosis.mean": 7.20546817779541, "lowlevel.barkbands_kurtosis.stdev": 17.427379608154297, "lowlevel.barkbands_skewness.mean": 1.4911340475082397, "lowlevel.barkbands_skewness.stdev": 2.4225404262542725, "lowlevel.barkbands_spread.mean": 45.15864181518555, "lowlevel.barkbands_spread.stdev": 29.25486183166504, "lowlevel.dissonance.mean": 0.4895440936088562, "lowlevel.dissonance.stdev": 0.017050163820385933, "lowlevel.dynamic_complexity": 3.4254627227783203, "lowlevel.erbbands_crest.mean": 7.316916465759277, "lowlevel.erbbands_crest.stdev": 3.339111566543579, "lowlevel.erbbands_flatness_db.mean": 0.13383927941322327, "lowlevel.erbbands_flatness_db.stdev": 0.04558949172496796, "lowlevel.erbbands_kurtosis.mean": 1.7055983543395996, "lowlevel.erbbands_kurtosis.stdev": 3.6010472774505615, "lowlevel.erbbands_skewness.mean": -0.715710461139679, "lowlevel.erbbands_skewness.stdev": 1.0582576990127563, "lowlevel.erbbands_spread.mean": 54.722957611083984, "lowlevel.erbbands_spread.stdev": 34.00612258911133, "lowlevel.hfc.mean": 32.2592658996582, "lowlevel.hfc.stdev": 28.678558349609375, "lowlevel.loudness_ebu128.integrated": -13.967998504638672, "lowlevel.loudness_ebu128.loudness_range": 0.8433799743652344, "lowlevel.loudness_ebu128.momentary.mean": -14.113483428955078, "lowlevel.loudness_ebu128.momentary.stdev": 1.2468655109405518, "lowlevel.loudness_ebu128.short_term.mean": -13.943520545959473, "lowlevel.loudness_ebu128.short_term.stdev": 0.31132394075393677, "lowlevel.melbands_crest.mean": 20.16551399230957, "lowlevel.melbands_crest.stdev": 8.679311752319336, "lowlevel.melbands_flatness_db.mean": 0.1878587156534195, "lowlevel.melbands_flatness_db.stdev": 0.10129507631063461, "lowlevel.melbands_kurtosis.mean": 55.02665328979492, "lowlevel.melbands_kurtosis.stdev": 106.73456573486328, "lowlevel.melbands_skewness.mean": 4.934906959533691, "lowlevel.melbands_skewness.stdev": 4.792509078979492, "lowlevel.melbands_spread.mean": 49.84627151489258, "lowlevel.melbands_spread.stdev": 49.24739456176758, "lowlevel.pitch_salience.mean": 0.46087709069252014, "lowlevel.pitch_salience.stdev": 0.2168332189321518, "lowlevel.silence_rate_20dB.mean": 1.0, "lowlevel.silence_rate_20dB.stdev": 0.0, "lowlevel.silence_rate_30dB.mean": 0.9838056564331055, "lowlevel.silence_rate_30dB.stdev": 0.12622234225273132, "lowlevel.silence_rate_60dB.mean": 0.19838055968284607, "lowlevel.silence_rate_60dB.stdev": 0.3987797796726227, "lowlevel.spectral_centroid.mean": 2813.356689453125, "lowlevel.spectral_centroid.stdev": 1161.83447265625, "lowlevel.spectral_complexity.mean": 12.213225364685059, "lowlevel.spectral_complexity.stdev": 11.952242851257324, "lowlevel.spectral_decrease.mean": -8.099059201072123e-09, "lowlevel.spectral_decrease.stdev": 9.004489598396503e-09, "lowlevel.spectral_energy.mean": 0.03349373862147331, "lowlevel.spectral_energy.stdev": 0.0351000539958477, "lowlevel.spectral_energyband_high.mean": 0.003182521788403392, "lowlevel.spectral_energyband_high.stdev": 0.0032445997931063175, "lowlevel.spectral_energyband_low.mean": 0.023171773180365562, "lowlevel.spectral_energyband_low.stdev": 0.03128354251384735, "lowlevel.spectral_energyband_middle_high.mean": 0.0021639217156916857, "lowlevel.spectral_energyband_middle_high.stdev": 0.002922976389527321, "lowlevel.spectral_energyband_middle_low.mean": 0.006384054198861122, "lowlevel.spectral_energyband_middle_low.stdev": 0.016634317114949226, "lowlevel.spectral_entropy.mean": 8.249382019042969, "lowlevel.spectral_entropy.stdev": 0.27748486399650574, "lowlevel.spectral_flux.mean": 0.11851994693279266, "lowlevel.spectral_flux.stdev": 0.08607141673564911, "lowlevel.spectral_kurtosis.mean": 1.3567678928375244, "lowlevel.spectral_kurtosis.stdev": 0.8163526058197021, "lowlevel.spectral_rms.mean": 0.004732269793748856, "lowlevel.spectral_rms.stdev": 0.003206620691344142, "lowlevel.spectral_rolloff.mean": 4388.73681640625, "lowlevel.spectral_rolloff.stdev": 3922.466796875, "lowlevel.spectral_skewness.mean": 0.9745882749557495, "lowlevel.spectral_skewness.stdev": 0.2673191428184509, "lowlevel.spectral_spread.mean": 7178433.5, "lowlevel.spectral_spread.stdev": 1436340.625, "lowlevel.spectral_strongpeak.mean": 0.48079732060432434, "lowlevel.spectral_strongpeak.stdev": 0.5647846460342407, "lowlevel.zerocrossingrate.mean": 0.14818841218948364, "lowlevel.zerocrossingrate.stdev": 0.08773230016231537, "metadata.audio_properties.analysis.equal_loudness": 0.0, "metadata.audio_properties.analysis.length": 17.173311233520508, "metadata.audio_properties.analysis.sample_rate": 44100.0, "metadata.audio_properties.analysis.start_time": 0.0, "metadata.audio_properties.bit_rate": 128167.0, "metadata.audio_properties.length": 17.1733341217041, "metadata.audio_properties.lossless": 0.0, "metadata.audio_properties.number_channels": 1.0, "metadata.audio_properties.replay_gain": -13.034994125366211, "metadata.audio_properties.sample_rate": 48000.0, "rhythm.beats_count": 26.0, "rhythm.beats_loudness.mean": 0.07559074461460114, "rhythm.beats_loudness.stdev": 0.02225937321782112, "rhythm.bpm": 92.5536117553711, "rhythm.bpm_histogram_first_peak_bpm": 92.0, "rhythm.bpm_histogram_first_peak_weight": 0.1600000262260437, "rhythm.bpm_histogram_second_peak_bpm": 0.0, "rhythm.bpm_histogram_second_peak_spread": 0.0, "rhythm.bpm_histogram_second_peak_weight": 0.0, "rhythm.danceability": 3.4381868839263916, "rhythm.onset_rate": 4.769001007080078, "tonal.chords_changes_rate": 0.13477088510990143, "tonal.chords_number_rate": 0.01886792480945587, "tonal.chords_strength.mean": 0.46211665868759155, "tonal.chords_strength.stdev": 0.08828587830066681, "tonal.hpcp_crest.mean": 11.034978866577148, "tonal.hpcp_crest.stdev": 5.320934295654297, "tonal.hpcp_entropy.mean": 2.5789825916290283, "tonal.hpcp_entropy.stdev": 0.7798852324485779, "tonal.key_edma.strength": 0.3149683177471161, "tonal.key_krumhansl.strength": 0.30581164360046387, "tonal.key_temperley.strength": 0.2981327474117279, "tonal.tuning_diatonic_strength": 0.4905994236469269, "tonal.tuning_equal_tempered_deviation": 0.20676133036613464, "tonal.tuning_frequency": 434.193115234375, "tonal.tuning_nontempered_energy_ratio": 0.8796001672744751, "lowlevel.barkbands.mean": [0.0011926554143428802, 0.015491358004510403, 0.005136360879987478, 0.002545609837397933, 0.0024937333073467016, 0.00039416266372427344, 0.00026344266370870173, 0.0002578232088126242, 0.0003586740931496024, 0.0002282723580719903, 0.0001966023410204798, 0.0002198173460783437, 0.0003054892586078495, 0.00015163228090386838, 0.00010953466698992997, 0.00011013395123882219, 0.00011912719492102042, 0.0001577512884978205, 0.00027106114430353045, 0.0006058244616724551, 0.000387083797249943, 0.0005994871607981622, 0.0005589597276411951, 0.000540797074791044, 0.0004984596744179726, 0.00027874563238583505, 2.116215182468295e-05], "lowlevel.barkbands.stdev": [0.0024183199275285006, 0.0234356801956892, 0.012649192474782467, 0.009046390652656555, 0.009236989542841911, 0.0015078354626893997, 0.0009459599968977273, 0.0009319901000708342, 0.0013210756005719304, 0.0007495050667785108, 0.0005588270723819733, 0.0004825744836125523, 0.0005535954842343926, 0.00044445350067690015, 0.0002867483999580145, 0.0002390134468441829, 0.00018067988276015967, 0.0002252263657283038, 0.0004023820220027119, 0.000874489895068109, 0.0005625251797027886, 0.000760283728595823, 0.0006166089442558587, 0.0005714566214010119, 0.0005553335067816079, 0.0003021956654265523, 3.191724681528285e-05], "lowlevel.erbbands.mean": [0.5322117805480957, 3.035039186477661, 6.500258445739746, 7.485222339630127, 8.78912353515625, 8.224969863891602, 4.312331676483154, 3.2477011680603027, 3.540252208709717, 4.837759971618652, 5.727405071258545, 8.87067985534668, 7.443141937255859, 7.457027912139893, 8.419004440307617, 9.268998146057129, 14.00883960723877, 9.159353256225586, 6.684170246124268, 5.712184906005859, 6.10576057434082, 7.002249717712402, 7.916681289672852, 11.825610160827637, 17.88718032836914, 29.804386138916016, 17.83011817932129, 15.385196685791016, 22.112991333007812, 20.123294830322266, 14.769320487976074, 11.173354148864746, 9.287097930908203, 6.362773895263672, 2.932649850845337, 1.4724186658859253, 0.463030070066452, 0.07683330774307251, 0.002179413568228483, 0.00010445292718941346], "lowlevel.erbbands.stdev": [0.9734343886375427, 5.016829490661621, 13.700657844543457, 23.39293670654297, 30.507368087768555, 32.59719467163086, 17.037689208984375, 12.639389991760254, 13.483720779418945, 16.20024871826172, 20.742198944091797, 34.65943908691406, 23.253637313842773, 24.09882164001465, 19.98325538635254, 18.993452072143555, 25.293682098388672, 21.99120330810547, 21.767627716064453, 12.589757919311523, 12.188289642333984, 10.181171417236328, 10.61638069152832, 18.167266845703125, 27.30221176147461, 42.984500885009766, 26.18205451965332, 20.64153480529785, 28.657182693481445, 23.963939666748047, 16.22569465637207, 12.101420402526855, 10.131672859191895, 7.323205947875977, 3.2248058319091797, 1.5873898267745972, 0.5272855758666992, 0.08913198113441467, 0.0027995421551167965, 8.838462235871702e-05], "lowlevel.gfcc.mean": [-23.00303840637207, -18.170536041259766, -86.09988403320312, 55.20762634277344, -52.22489547729492, 41.0640754699707, -20.82980728149414, 25.020641326904297, -27.231552124023438, 14.82476806640625, -15.61233901977539, 2.810832977294922, -22.470226287841797], "lowlevel.melbands.mean": [0.004399018362164497, 0.0035830007400363684, 0.0013373175170272589, 0.0006175915477797389, 0.00019000533211510628, 7.28331579011865e-05, 5.4353364248527214e-05, 5.496195808518678e-05, 4.604725836543366e-05, 5.6454777222825214e-05, 3.605251549743116e-05, 2.9882736271247268e-05, 2.781398688966874e-05, 2.488885547791142e-05, 2.6713261831901036e-05, 3.019608266185969e-05, 1.5208553122647572e-05, 1.1000215636158828e-05, 8.170677574526053e-06, 7.6206451922189444e-06, 6.9175430326140486e-06, 7.0679589043720625e-06, 7.2335428740188945e-06, 7.192753855633782e-06, 9.637096809456125e-06, 1.081056961993454e-05, 1.8394603102933615e-05, 1.9806731870630756e-05, 1.1176314728800207e-05, 9.297136784880422e-06, 8.678477570356335e-06, 1.2738983059534803e-05, 1.1633867870841641e-05, 1.1214277947146911e-05, 8.636444363219198e-06, 7.131750862754416e-06, 6.727992513333447e-06, 6.652955562458374e-06, 6.095608569012256e-06, 5.120261448610108e-06], "lowlevel.melbands.stdev": [0.006919047329574823, 0.006356197874993086, 0.0039075082167983055, 0.0022321753203868866, 0.0007503561791963875, 0.000281225802609697, 0.00020268266962375492, 0.0001831161935115233, 0.0001678818662185222, 0.00022170752345118672, 0.00011483697744552046, 9.947037324309349e-05, 7.320891018025577e-05, 5.5784792493795976e-05, 5.161900844541378e-05, 5.5475156841566786e-05, 4.057144178659655e-05, 3.951631151721813e-05, 1.989382872125134e-05, 1.6990234144032e-05, 1.3530405340134166e-05, 1.0627163646859117e-05, 1.0563697287579998e-05, 1.05145027191611e-05, 1.5237312254612334e-05, 1.7684713384369388e-05, 3.075547283515334e-05, 2.8556327379192226e-05, 1.6801275705802254e-05, 1.4319381989480462e-05, 1.2131346920796204e-05, 1.7531056073494256e-05, 1.4631807971454691e-05, 1.3471424608724192e-05, 9.665748621046077e-06, 7.971827471919823e-06, 7.46343721402809e-06, 7.507136615458876e-06, 7.013163667579647e-06, 6.0677148212562315e-06], "lowlevel.melbands128.mean": [0.0011102663120254874, 0.004673810210078955, 0.0051117949187755585, 0.005154780112206936, 0.0038808914832770824, 0.002258393680676818, 0.0015343778068199754, 0.0011797345941886306, 0.000858624349348247, 0.000643358041997999, 0.00044532338506542146, 0.0002565135364420712, 0.00013284965825732797, 8.346523100044578e-05, 7.14901543688029e-05, 6.902619497850537e-05, 6.111232505645603e-05, 4.7116238420130685e-05, 5.217177022132091e-05, 5.3960804507369176e-05, 5.844894621986896e-05, 5.4141197324497625e-05, 4.022715802420862e-05, 4.121479651075788e-05, 6.604310328839347e-05, 6.05113928031642e-05, 3.7283669371390715e-05, 3.482998363324441e-05, 3.403089795028791e-05, 3.0517596314894035e-05, 2.8298280085437e-05, 2.8611520974664018e-05, 2.9100136089255102e-05, 2.5703671781229787e-05, 2.6297322619939223e-05, 2.4745088012423366e-05, 2.2139478460303508e-05, 2.4935801775427535e-05, 2.9105020075803623e-05, 3.746774746105075e-05, 3.0369707019417547e-05, 2.0835368559346534e-05, 1.4864315744489431e-05, 1.19951455417322e-05, 1.34278243422159e-05, 1.0126519555342384e-05, 9.305475032306276e-06, 9.157917702395935e-06, 6.852956630609697e-06, 7.333243956963997e-06, 7.964039468788542e-06, 7.771267519274261e-06, 6.776108875783393e-06, 6.839687557658181e-06, 6.567964646819746e-06, 7.1563963501830585e-06, 7.53402446207474e-06, 6.904811925778631e-06, 7.66012817621231e-06, 6.715300969517557e-06, 6.366913112287875e-06, 7.86415421316633e-06, 9.906069863063749e-06, 9.635999049351085e-06, 1.0197742994932923e-05, 1.1251970136072487e-05, 1.047418663802091e-05, 1.2344340575509705e-05, 2.1042133084847592e-05, 2.6132636776310392e-05, 2.225298339908477e-05, 1.5204034752969164e-05, 1.2357453670119867e-05, 1.029996474244399e-05, 1.0002889212046284e-05, 1.0155738891626243e-05, 8.677091500430834e-06, 7.695747626712546e-06, 8.540518138033804e-06, 8.804582648735959e-06, 1.3660926015290897e-05, 1.4388912859431002e-05, 1.1704667485901155e-05, 1.1916893527086359e-05, 1.0411839866719674e-05, 1.1696371075231582e-05, 1.1888381777680479e-05, 9.647349543229211e-06, 7.90205922385212e-06, 8.607822564954404e-06, 7.550354439445073e-06, 6.357312940963311e-06, 6.9490529313043226e-06, 6.695677711832104e-06, 6.359185590554262e-06, 7.5615021160047036e-06, 6.316520739346743e-06, 6.198580194904935e-06, 5.951202183496207e-06, 6.445405233534984e-06, 5.547421551455045e-06, 5.107790002512047e-06, 4.3048062252637465e-06, 3.5704540550796082e-06, 2.779331225610804e-06, 2.859328105841996e-06, 3.5823472899210174e-06, 2.936167902589659e-06, 2.4219029910454992e-06, 2.1400371679192176e-06, 2.267175887027406e-06, 1.6829625337777543e-06, 1.3081501037959242e-06, 1.2786142633558484e-06, 7.7974630130484e-07, 6.64688911911071e-07, 6.968551247155119e-07, 2.615510652503872e-07, 1.3446541657913258e-08, 1.565858033514278e-11, 1.05865663457827e-11, 1.0164561900505298e-11, 9.942569337284546e-12, 9.522342116208282e-12, 8.043764439247258e-12, 5.718573184432252e-12, 4.489302159182973e-12, 4.290913110938099e-12], "lowlevel.melbands128.stdev": [0.002309708623215556, 0.009673411026597023, 0.008175036869943142, 0.009765859693288803, 0.00823226384818554, 0.0060730124823749065, 0.005323169287294149, 0.004292123019695282, 0.003274606540799141, 0.0026423046365380287, 0.001885805744677782, 0.0010703062871471047, 0.000566838076338172, 0.0003365793963894248, 0.0002907429006882012, 0.00032298569567501545, 0.00026036170311272144, 0.00019266034360043705, 0.00019186717690899968, 0.00019575314945541322, 0.00020321874762885273, 0.000212207087315619, 0.0001718574349069968, 0.00017358300101477653, 0.0002971969952341169, 0.0002609029761515558, 0.00013277014659252018, 0.00012206807150505483, 0.00011792952864198014, 0.00011250450916122645, 0.00010172507609240711, 9.457478154217824e-05, 8.594912651460618e-05, 6.21760482317768e-05, 6.710409070365131e-05, 6.061639214749448e-05, 5.340882489690557e-05, 6.301498069660738e-05, 6.347226008074358e-05, 8.016222272999585e-05, 6.175840826472268e-05, 6.22075967839919e-05, 4.556976637104526e-05, 3.2246916816802695e-05, 5.5704473197693005e-05, 4.3285181163810194e-05, 2.9740665922872722e-05, 2.504283474991098e-05, 1.6486857930431142e-05, 1.7892309188027866e-05, 1.940392394317314e-05, 2.002587280003354e-05, 1.8281069060321897e-05, 1.3923013284511399e-05, 1.1774215636251029e-05, 1.1917746633116622e-05, 1.3139018847141415e-05, 1.2037475244142115e-05, 1.2525882084446494e-05, 1.0675180419639219e-05, 9.935005437000655e-06, 1.5225621609715745e-05, 1.907383557409048e-05, 1.5543133486062288e-05, 1.7541311535751447e-05, 2.1650084818247706e-05, 1.8276065020472743e-05, 2.3629039787920192e-05, 4.025523230666295e-05, 4.587538933265023e-05, 3.7572353903669864e-05, 2.2442565750679933e-05, 1.7952914276975207e-05, 1.893471744551789e-05, 1.9745630197576247e-05, 1.8775655917124823e-05, 1.2937347491970286e-05, 1.1330548659316264e-05, 1.3129403669154271e-05, 1.4369049495144282e-05, 2.2908705432200804e-05, 2.048606074822601e-05, 1.6316545952577144e-05, 1.690596400294453e-05, 1.4493134585791267e-05, 1.6615294953226112e-05, 1.4993568584031891e-05, 1.1572982657526154e-05, 1.0239890798402485e-05, 1.0691548595787026e-05, 9.441608199267648e-06, 7.779894076520577e-06, 8.551366590836551e-06, 8.316845196532086e-06, 7.429112429235829e-06, 9.234561730409041e-06, 8.18802527646767e-06, 8.023122063605115e-06, 6.9805792008992285e-06, 8.342742148670368e-06, 7.40403265808709e-06, 6.526517609017901e-06, 5.796696768811671e-06, 5.048303137300536e-06, 3.7280572087183828e-06, 3.386592652532272e-06, 4.055720182805089e-06, 3.5768405268754577e-06, 2.9497412015189184e-06, 2.6193279154540505e-06, 3.165467660437571e-06, 2.1180853764235508e-06, 1.7592187759873923e-06, 1.6093973727038247e-06, 1.036630465023336e-06, 9.140698011833592e-07, 9.963324600903434e-07, 5.30305726442748e-07, 7.858680817207642e-08, 1.244457870086535e-10, 1.088449330666208e-10, 1.0775624836867337e-10, 1.0863304006347718e-10, 1.032792393274029e-10, 7.539570356929204e-11, 2.893391602698525e-11, 7.773542226585661e-12, 6.93562915432544e-12], "lowlevel.mfcc.mean": [-674.0999145507812, 19.579565048217773, 24.87502670288086, 24.54728126525879, 7.860784530639648, 19.42360496520996, 22.70235824584961, 14.55406379699707, 5.365300178527832, 11.83361530303955, 11.646105766296387, 7.219974994659424, 4.95543909072876], "lowlevel.spectral_contrast_coeffs.mean": [-0.7064096927642822, -0.8352223634719849, -0.843644380569458, -0.8321263194084167, -0.7986918687820435, -0.7781587839126587], "lowlevel.spectral_contrast_coeffs.stdev": [0.11911440640687943, 0.05927569419145584, 0.040467262268066406, 0.04479844495654106, 0.039129339158535004, 0.03608076646924019], "lowlevel.spectral_contrast_valleys.mean": [-8.019414901733398, -7.992005825042725, -8.041726112365723, -8.145419120788574, -7.334118366241455, -9.023459434509277], "lowlevel.spectral_contrast_valleys.stdev": [1.5358091592788696, 1.3174636363983154, 1.1373841762542725, 0.963939905166626, 0.763945996761322, 0.7099645137786865], "rhythm.beats_loudness_band_ratio.mean": [0.8366918563842773, 0.012937892228364944, 0.0053558433428406715, 0.02203495241701603, 0.01293241884559393, 0.11713716387748718], "rhythm.beats_loudness_band_ratio.stdev": [0.23068226873874664, 0.03375396132469177, 0.005230213049799204, 0.032327935099601746, 0.014177213422954082, 0.2039150893688202], "tonal.hpcp.mean": [0.09260345995426178, 0.052153702825307846, 0.03680543601512909, 0.05117087811231613, 0.06303055584430695, 0.05705012008547783, 0.051395658403635025, 0.04851574823260307, 0.05786469578742981, 0.06180994585156441, 0.06551056355237961, 0.07363945245742798, 0.07902204245328903, 0.07969512790441513, 0.07134975492954254, 0.08257308602333069, 0.09070367366075516, 0.08507035672664642, 0.10878908634185791, 0.14922049641609192, 0.15104861557483673, 0.1591794788837433, 0.18753835558891296, 0.19010977447032928, 0.21417735517024994, 0.21387523412704468, 0.173823744058609, 0.16455645859241486, 0.16332170367240906, 0.15998859703540802, 0.1845991611480713, 0.19952015578746796, 0.16282516717910767, 0.1319650262594223, 0.12301384657621384, 0.11732909828424454], "tonal.hpcp.stdev": [0.19813892245292664, 0.14387346804141998, 0.10202550143003464, 0.13975194096565247, 0.17698431015014648, 0.1566552221775055, 0.1332385092973709, 0.1369084268808365, 0.154890775680542, 0.15817977488040924, 0.16010211408138275, 0.17904339730739594, 0.18350717425346375, 0.19109275937080383, 0.16689418256282806, 0.1840488761663437, 0.196465402841568, 0.18539658188819885, 0.2078223079442978, 0.27254965901374817, 0.26189300417900085, 0.26976847648620605, 0.3117402493953705, 0.3001018762588501, 0.3150945007801056, 0.3161976933479309, 0.27628669142723083, 0.27518442273139954, 0.271500825881958, 0.26553499698638916, 0.2779908776283264, 0.30681151151657104, 0.26100876927375793, 0.23903238773345947, 0.22746211290359497, 0.23321108520030975], "rhythm.beats_position": [0.6733786463737488, 1.3235373497009277, 1.9736961126327515, 2.623854875564575, 3.2740135192871094, 3.9241721630096436, 4.574330806732178, 5.224489688873291, 5.874648571014404, 6.51319694519043, 7.151745796203613, 7.801904678344727, 8.45206356048584, 9.090612411499023, 9.729161262512207, 10.379319190979004, 11.029478073120117, 11.67963695526123, 12.329795837402344, 12.979954719543457, 13.63011360168457, 14.280271530151367, 14.93043041229248, 15.580589294433594, 16.23074722290039, 16.88090705871582], "rhythm.bpm_histogram": [0.0, 0.0, 0.0, 0.0, 0.0, 0.0, 0.0, 0.0, 0.0, 0.0, 0.0, 0.0, 0.0, 0.0, 0.0, 0.0, 0.0, 0.0, 0.0, 0.0, 0.0, 0.0, 0.0, 0.0, 0.0, 0.0, 0.0, 0.0, 0.0, 0.0, 0.0, 0.0, 0.0, 0.0, 0.0, 0.0, 0.0, 0.0, 0.0, 0.0, 0.0, 0.0, 0.0, 0.0, 0.0, 0.0, 0.0, 0.0, 0.0, 0.0, 0.0, 0.0, 0.0, 0.0, 0.0, 0.0, 0.0, 0.0, 0.0, 0.0, 0.0, 0.0, 0.0, 0.0, 0.0, 0.0, 0.0, 0.0, 0.0, 0.0, 0.0, 0.0, 0.0, 0.0, 0.0, 0.0, 0.0, 0.0, 0.0, 0.0, 0.0, 0.0, 0.0, 0.0, 0.0, 0.0, 0.0, 0.0, 0.0, 0.0, 0.0, 0.0, 0.8399999737739563, 0.0, 0.1599999964237213, 0.0, 0.0, 0.0, 0.0, 0.0, 0.0, 0.0, 0.0, 0.0, 0.0, 0.0, 0.0, 0.0, 0.0, 0.0, 0.0, 0.0, 0.0, 0.0, 0.0, 0.0, 0.0, 0.0, 0.0, 0.0, 0.0, 0.0, 0.0, 0.0, 0.0, 0.0, 0.0, 0.0, 0.0, 0.0, 0.0, 0.0, 0.0, 0.0, 0.0, 0.0, 0.0, 0.0, 0.0, 0.0, 0.0, 0.0, 0.0, 0.0, 0.0, 0.0, 0.0, 0.0, 0.0, 0.0, 0.0, 0.0, 0.0, 0.0, 0.0, 0.0, 0.0, 0.0, 0.0, 0.0, 0.0, 0.0, 0.0, 0.0, 0.0, 0.0, 0.0, 0.0, 0.0, 0.0, 0.0, 0.0, 0.0, 0.0, 0.0, 0.0, 0.0, 0.0, 0.0, 0.0, 0.0, 0.0, 0.0, 0.0, 0.0, 0.0, 0.0, 0.0, 0.0, 0.0, 0.0, 0.0, 0.0, 0.0, 0.0, 0.0, 0.0, 0.0, 0.0, 0.0, 0.0, 0.0, 0.0, 0.0, 0.0, 0.0, 0.0, 0.0, 0.0, 0.0, 0.0, 0.0, 0.0, 0.0, 0.0, 0.0, 0.0, 0.0, 0.0, 0.0, 0.0, 0.0, 0.0, 0.0, 0.0, 0.0, 0.0, 0.0, 0.0, 0.0, 0.0, 0.0, 0.0, 0.0, 0.0, 0.0, 0.0, 0.0, 0.0, 0.0, 0.0, 0.0, 0.0, 0.0, 0.0, 0.0, 0.0, 0.0, 0.0, 0.0], "tonal.chords_histogram": [11.320755004882812, 0.0, 7.81671142578125, 0.0, 0.0, 0.0, 0.26954177021980286, 2.4258759021759033, 0.0, 31.536388397216797, 2.156334161758423, 0.0, 0.0, 0.0, 0.0, 0.0, 4.851751804351807, 0.0, 0.0, 0.0, 0.0, 0.0, 0.5390835404396057, 39.08355712890625], "tonal.thpcp": [1.0, 0.9985893964767456, 0.8115878701210022, 0.7683186531066895, 0.7625535726547241, 0.7469912171363831, 0.8618986010551453, 0.9315651059150696, 0.7602351903915405, 0.6161483526229858, 0.5743550658226013, 0.547812819480896, 0.43236812949180603, 0.24350708723068237, 0.17184560000896454, 0.2389182448387146, 0.2942914068698883, 0.2663685977458954, 0.23996774852275848, 0.22652137279510498, 0.2701718807220459, 0.2885923385620117, 0.3058706223964691, 0.3438246548175812, 0.3689560890197754, 0.37209874391555786, 0.3331339955329895, 0.3855360150337219, 0.4234979748725891, 0.39719584584236145, 0.5079392790794373, 0.6967146396636963, 0.7052501440048218, 0.743213415145874, 0.8756217956542969, 0.8876277804374695], "lowlevel.gfcc.cov": [[8274.4755859375, 2552.544677734375, 1111.25830078125, 399.9875793457031, 126.98738098144531, -336.6817321777344, -412.2164306640625, -406.2026672363281, -243.03269958496094, -419.58184814453125, -386.5964660644531, -62.49685287475586, 72.05325317382812], [2552.544677734375, 2252.33642578125, 937.9971923828125, 215.23158264160156, 132.0648651123047, -234.9423370361328, -264.0016784667969, -246.44300842285156, -147.74130249023438, -306.9759826660156, -242.3660888671875, -82.64167785644531, 30.993148803710938], [1111.25830078125, 937.9971923828125, 1548.5875244140625, 916.9659423828125, 314.8570556640625, -43.48471450805664, 67.1703872680664, 75.29681396484375, 144.5491943359375, -1.537241816520691, -114.45928192138672, -71.63470458984375, -20.132183074951172], [399.9875793457031, 215.23158264160156, 916.9659423828125, 1052.18017578125, 424.80877685546875, 190.67259216308594, 215.28228759765625, 177.83709716796875, 186.06008911132812, 94.17201232910156, -5.746984004974365, -63.342994689941406, -30.37057876586914], [126.98738098144531, 132.0648651123047, 314.8570556640625, 424.80877685546875, 631.4400024414062, 415.42327880859375, 234.84231567382812, 137.5868377685547, 98.90165710449219, 22.098360061645508, 7.014618873596191, 16.367063522338867, -2.5875072479248047], [-336.6817321777344, -234.9423370361328, -43.48471450805664, 190.67259216308594, 415.42327880859375, 448.5433349609375, 281.75067138671875, 156.8694610595703, 78.79157257080078, 67.74186706542969, 68.55810546875, 36.26479721069336, 3.262873411178589], [-412.2164306640625, -264.0016784667969, 67.1703872680664, 215.28228759765625, 234.84231567382812, 281.75067138671875, 315.37213134765625, 214.03329467773438, 146.1857147216797, 132.04054260253906, 103.15033721923828, 30.562150955200195, -19.213394165039062], [-406.2026672363281, -246.44300842285156, 75.29681396484375, 177.83709716796875, 137.5868377685547, 156.8694610595703, 214.03329467773438, 265.2407531738281, 208.1083984375, 156.88018798828125, 92.26312255859375, 21.90754508972168, -13.244595527648926], [-243.03269958496094, -147.74130249023438, 144.5491943359375, 186.06008911132812, 98.90165710449219, 78.79157257080078, 146.1857147216797, 208.1083984375, 236.61587524414062, 159.40969848632812, 65.18944549560547, 16.726543426513672, -3.433133602142334], [-419.58184814453125, -306.9759826660156, -1.537241816520691, 94.17201232910156, 22.098360061645508, 67.74186706542969, 132.04054260253906, 156.88018798828125, 159.40969848632812, 172.65701293945312, 103.40050506591797, 30.44698143005371, -9.839045524597168], [-386.5964660644531, -242.3660888671875, -114.45928192138672, -5.746984004974365, 7.014618873596191, 68.55810546875, 103.15033721923828, 92.26312255859375, 65.18944549560547, 103.40050506591797, 119.75811004638672, 46.96958923339844, -5.747925281524658], [-62.49685287475586, -82.64167785644531, -71.63470458984375, -63.342994689941406, 16.367063522338867, 36.26479721069336, 30.562150955200195, 21.90754508972168, 16.726543426513672, 30.44698143005371, 46.96958923339844, 75.48675537109375, 40.76726531982422], [72.05325317382812, 30.993148803710938, -20.132183074951172, -30.37057876586914, -2.5875072479248047, 3.262873411178589, -19.213394165039062, -13.244595527648926, -3.433133602142334, -9.839045524597168, -5.747925281524658, 40.76726531982422, 65.38506317138672]], "lowlevel.gfcc.icov": [[0.0002044863358605653, -0.00023351507843472064, 8.787053229752928e-05, -0.00017137233226094395, 7.955654291436076e-05, -1.8007433027378283e-05, 1.89419042726513e-05, 5.891424370929599e-05, 5.740889173466712e-05, -0.00017244237824343145, 0.0005922135896980762, -0.0006465772748924792, 0.000286613852949813], [-0.00023351507843472064, 0.0013275992823764682, -0.0009136108565144241, 0.000728995306417346, -0.0006612015422433615, 0.0005160931614227593, 4.340797386248596e-05, 0.00044932757737115026, -0.0011855311458930373, 0.0027710632421076298, -0.002091706730425358, 0.0018822504207491875, -0.0012655217433348298], [8.787053229752928e-05, -0.0009136108565144241, 0.0026859177742153406, -0.002060230588540435, -0.0004949250724166632, 0.0019434691639617085, -0.0013785717310383916, -8.027442527236417e-05, 0.0003950261161662638, -0.0017095834482461214, 0.003420386230573058, -0.002614429220557213, 0.0013626035070046782], [-0.00017137233226094395, 0.000728995306417346, -0.002060230588540435, 0.0036897032987326384, -0.0019194171763956547, 0.0006638278719037771, -0.0007227592286653817, 0.0002896329388022423, -1.926017284858972e-05, -0.00036642616032622755, -0.00282662152312696, 0.005762324668467045, -0.003237442346289754], [7.955654291436076e-05, -0.0006612015422433615, -0.0004949250724166632, -0.0019194171763956547, 0.00902488175779581, -0.009776256047189236, 0.0032988202292472124, 0.0003652910818345845, -0.004020437598228455, 0.003934196196496487, 0.0017878164071589708, -0.006207046564668417, 0.005478309001773596], [-1.8007433027378283e-05, 0.0005160931614227593, 0.0019434691639617085, 0.0006638278719037771, -0.009776256047189236, 0.017473263666033745, -0.010717473924160004, -0.0005467490991577506, 0.0051885442808270454, -0.002629644935950637, 0.0005298358737491071, 0.004326205234974623, -0.006611032411456108], [1.89419042726513e-05, 4.340797386248596e-05, -0.0013785717310383916, -0.0007227592286653817, 0.0032988202292472124, -0.010717473924160004, 0.017640290781855583, -0.007097191642969847, 0.00024322826357092708, 0.00011259080929448828, -0.003751760581508279, -0.0030944393947720528, 0.005238983780145645], [5.891424370929599e-05, 0.00044932757737115026, -8.027442527236417e-05, 0.0002896329388022423, 0.0003652910818345845, -0.0005467490991577506, -0.007097191642969847, 0.02165440283715725, -0.01593112200498581, 0.003937429282814264, -0.0049951267428696156, 0.0026000032667070627, -0.0001296739501412958], [5.740889173466712e-05, -0.0011855311458930373, 0.0003950261161662638, -1.926017284858972e-05, -0.004020437598228455, 0.0051885442808270454, 0.00024322826357092708, -0.01593112200498581, 0.030405763536691666, -0.024763209745287895, 0.01225044671446085, -0.00028799945721402764, -0.0038355784490704536], [-0.00017244237824343145, 0.0027710632421076298, -0.0017095834482461214, -0.00036642616032622755, 0.003934196196496487, -0.002629644935950637, 0.00011259080929448828, 0.003937429282814264, -0.024763209745287895, 0.044245582073926926, -0.023887479677796364, 0.001971139572560787, 0.0013263759901747108], [0.0005922135896980762, -0.002091706730425358, 0.003420386230573058, -0.00282662152312696, 0.0017878164071589708, 0.0005298358737491071, -0.003751760581508279, -0.0049951267428696156, 0.01225044671446085, -0.023887479677796364, 0.03960656002163887, -0.023420555517077446, 0.013142161071300507], [-0.0006465772748924792, 0.0018822504207491875, -0.002614429220557213, 0.005762324668467045, -0.006207046564668417, 0.004326205234974623, -0.0030944393947720528, 0.0026000032667070627, -0.00028799945721402764, 0.001971139572560787, -0.023420555517077446, 0.04709409922361374, -0.03029262274503708], [0.000286613852949813, -0.0012655217433348298, 0.0013626035070046782, -0.003237442346289754, 0.005478309001773596, -0.006611032411456108, 0.005238983780145645, -0.0001296739501412958, -0.0038355784490704536, 0.0013263759901747108, 0.013142161071300507, -0.03029262274503708, 0.03659455478191376]], "lowlevel.mfcc.cov": [[7802.4765625, 2019.5286865234375, 630.3427124023438, 456.3388977050781, 261.0653381347656, 26.660432815551758, -265.67266845703125, -129.34295654296875, -74.78118896484375, -355.9318542480469, -472.93603515625, -328.4721374511719, -215.97750854492188], [2019.5286865234375, 1922.71337890625, 533.1124877929688, 170.8811492919922, 206.65696716308594, -58.41206359863281, -172.444580078125, -88.35425567626953, -61.974365234375, -256.5040588378906, -300.8432922363281, -211.49588012695312, -146.00804138183594], [630.3427124023438, 533.1124877929688, 1170.5440673828125, 827.7955322265625, 261.873779296875, 65.3870620727539, -61.44758605957031, -5.484010696411133, 113.24546813964844, 59.984130859375, -7.151078224182129, -2.4190502166748047, 4.110014915466309], [456.3388977050781, 170.8811492919922, 827.7955322265625, 860.7645874023438, 365.5100402832031, 186.16360473632812, 46.48639678955078, 83.7115478515625, 152.198486328125, 144.39016723632812, 55.98458480834961, 42.350399017333984, 45.164520263671875], [261.0653381347656, 206.65696716308594, 261.873779296875, 365.5100402832031, 456.7455749511719, 279.58343505859375, 150.57102966308594, 158.52102661132812, 152.2602996826172, 86.58759307861328, 12.681692123413086, 10.749378204345703, 9.590804100036621], [26.660432815551758, -58.41206359863281, 65.3870620727539, 186.16360473632812, 279.58343505859375, 334.6575927734375, 235.8501739501953, 173.69557189941406, 122.9249267578125, 78.46876525878906, 46.537071228027344, 46.37599182128906, 20.908672332763672], [-265.67266845703125, -172.444580078125, -61.44758605957031, 46.48639678955078, 150.57102966308594, 235.8501739501953, 290.16217041015625, 188.09983825683594, 82.03081512451172, 84.60948181152344, 90.11932373046875, 77.0313491821289, 42.757015228271484], [-129.34295654296875, -88.35425567626953, -5.484010696411133, 83.7115478515625, 158.52102661132812, 173.69557189941406, 188.09983825683594, 191.19161987304688, 124.62448120117188, 107.38497924804688, 87.70563507080078, 71.99288177490234, 51.0636100769043], [-74.78118896484375, -61.974365234375, 113.24546813964844, 152.198486328125, 152.2602996826172, 122.9249267578125, 82.03081512451172, 124.62448120117188, 173.26036071777344, 134.38136291503906, 82.23069763183594, 63.686729431152344, 53.56553649902344], [-355.9318542480469, -256.5040588378906, 59.984130859375, 144.39016723632812, 86.58759307861328, 78.46876525878906, 84.60948181152344, 107.38497924804688, 134.38136291503906, 203.28697204589844, 154.92193603515625, 113.89404296875, 92.83990478515625], [-472.93603515625, -300.8432922363281, -7.151078224182129, 55.98458480834961, 12.681692123413086, 46.537071228027344, 90.11932373046875, 87.70563507080078, 82.23069763183594, 154.92193603515625, 183.96221923828125, 130.75875854492188, 92.671875], [-328.4721374511719, -211.49588012695312, -2.4190502166748047, 42.350399017333984, 10.749378204345703, 46.37599182128906, 77.0313491821289, 71.99288177490234, 63.686729431152344, 113.89404296875, 130.75875854492188, 130.8167724609375, 87.78997039794922], [-215.97750854492188, -146.00804138183594, 4.110014915466309, 45.164520263671875, 9.590804100036621, 20.908672332763672, 42.757015228271484, 51.0636100769043, 53.56553649902344, 92.83990478515625, 92.671875, 87.78997039794922, 105.03791046142578]], "lowlevel.mfcc.icov": [[0.00019963164231739938, -0.00019976393377874047, 0.00016047006647568196, -0.0002841785317286849, 0.00022045373043511063, -0.0002217931323684752, 0.00022619133233092725, -0.0001550154556753114, -5.185007830732502e-05, 9.028206841321662e-05, 0.00022542127408087254, 1.0650764124875423e-05, -5.123235496284906e-06], [-0.00019976393377874047, 0.0012703487882390618, -0.0010660875122994184, 0.0011008820729330182, -0.0012385579757392406, 0.000765818462241441, 0.000264274567598477, -0.0008674856508150697, 0.0003356515080668032, 0.0006599422194994986, 0.0008404013351537287, -0.00011398131755413488, -0.00020242358732502908], [0.00016047006647568196, -0.0010660875122994184, 0.00452688941732049, -0.004959187936037779, 0.0015087772626429796, 0.0008340798667632043, -0.0010525365360081196, 0.0022819763980805874, -0.003307440085336566, 0.0022396515123546124, -0.0008169334032572806, -0.0008556717075407505, 0.0009615930612199008], [-0.0002841785317286849, 0.0011008820729330182, -0.004959187936037779, 0.007605426944792271, -0.0034336913377046585, -0.0011604438768699765, 0.0014539874391630292, -0.001092280843295157, 0.0035830126143991947, -0.003901026677340269, 0.0006576039595529437, 0.0008021700195968151, -0.0012763745617121458], [0.00022045373043511063, -0.0012385579757392406, 0.0015087772626429796, -0.0034336913377046585, 0.00881223939359188, -0.005566312465816736, 0.0019040131010115147, -0.0025761870201677084, -0.0015645702369511127, -0.0009628220577724278, 0.000775899039581418, 0.0017984978621825576, 0.0003909258812200278], [-0.0002217931323684752, 0.000765818462241441, 0.0008340798667632043, -0.0011604438768699765, -0.005566312465816736, 0.015432982705533504, -0.010884396731853485, 0.003699623281136155, -0.005891320761293173, 0.0030832269694656134, 0.002301204949617386, -0.002907282905653119, 0.0018218668410554528], [0.00022619133233092725, 0.000264274567598477, -0.0010525365360081196, 0.0014539874391630292, 0.0019040131010115147, -0.010884396731853485, 0.020733457058668137, -0.017554597929120064, 0.010345466434955597, -0.0009101663017645478, -0.002292512683197856, -0.000495151209179312, 0.00030059105483815074], [-0.0001550154556753114, -0.0008674856508150697, 0.0022819763980805874, -0.001092280843295157, -0.0025761870201677084, 0.003699623281136155, -0.017554597929120064, 0.03227270767092705, -0.015900490805506706, 0.001842552563175559, -0.0023132755886763334, -0.000799956324044615, -0.0009991825791075826], [-5.185007830732502e-05, 0.0003356515080668032, -0.003307440085336566, 0.0035830126143991947, -0.0015645702369511127, -0.005891320761293173, 0.010345466434955597, -0.015900490805506706, 0.026475708931684494, -0.01445566862821579, 0.0034079572651535273, 0.0007340160082094371, -0.0005619434523396194], [9.028206841321662e-05, 0.0006599422194994986, 0.0022396515123546124, -0.003901026677340269, -0.0009628220577724278, 0.0030832269694656134, -0.0009101663017645478, 0.001842552563175559, -0.01445566862821579, 0.029177416115999222, -0.01485821045935154, 0.00012030574725940824, -0.0037671250756829977], [0.00022542127408087254, 0.0008404013351537287, -0.0008169334032572806, 0.0006576039595529437, 0.000775899039581418, 0.002301204949617386, -0.002292512683197856, -0.0023132755886763334, 0.0034079572651535273, -0.01485821045935154, 0.03193432837724686, -0.01797936111688614, 0.0011568813351914287], [1.0650764124875423e-05, -0.00011398131755413488, -0.0008556717075407505, 0.0008021700195968151, 0.0017984978621825576, -0.002907282905653119, -0.000495151209179312, -0.000799956324044615, 0.0007340160082094371, 0.00012030574725940824, -0.01797936111688614, 0.03561482951045036, -0.01382764894515276], [-5.123235496284906e-06, -0.00020242358732502908, 0.0009615930612199008, -0.0012763745617121458, 0.0003909258812200278, 0.0018218668410554528, 0.00030059105483815074, -0.0009991825791075826, -0.0005619434523396194, -0.0037671250756829977, 0.0011568813351914287, -0.01382764894515276, 0.023857280611991882]], "metadata.audio_properties.analysis.downmix": "mix", "metadata.audio_properties.codec": "mp3", "metadata.audio_properties.md5_encoded": "8a3be61659cf6a7c5d8474e9690f7f8f", "metadata.tags.file_name": "1183697797191581737.mp3", "metadata.version.essentia": "2.1-beta6-dev", "metadata.version.essentia_git_sha": "v2.1_beta5-1110-g77a6a954", "metadata.version.extractor": "music 2.0", "tonal.chords_key": "C#", "tonal.chords_scale": "major", "tonal.key_edma.key": "F", "tonal.key_edma.scale": "minor", "tonal.key_krumhansl.key": "F", "tonal.key_krumhansl.scale": "minor", "tonal.key_temperley.key": "F", "tonal.key_temperley.scale": "minor", "metadata.tags.encoding": ["Lavf58.45.100"]}, "essentia_models": [{"model_name": "genre_dortmund", "activations": {"alternative": "0.011322924", "blues": "0.00033156312", "electronic": "0.37585407", "folkcountry": "0.0024388162", "funksoulrnb": "0.014238064", "jazz": "0.0010335218", "pop": "0.17290089", "raphiphop": "0.09361248", "rock": "0.12933299"}}, {"model_name": "genre_rosamerica", "activations": {"classic": "0.0004024824", "dance": "0.9119746", "hip hop": "0.014224062", "jazz": "0.001350072", "pop": "0.013334873", "rhythm and blues": "0.0020458153", "rock": "0.0028510338", "speech": "0.0037054722"}}, {"model_name": "genre_tzanetakis", "activations": {"blues": "1.7862976e-05", "classic": "8.779699e-05", "country": "0.001569427", "disco": "0.23505525", "hip hop": "0.077544905", "jazz": "0.00016946698", "metal": "0.019204548", "pop": "0.059059393", "reggae": "0.04078953", "rock": "0.0012165636"}}, {"model_name": "genre_electronic", "activations": {"ambient": "0.00461956", "dnb": "0.06286822", "house": "0.20544462", "techno": "0.28777695", "trance": "0.222615"}}, {"model_name": "mood_acoustic", "activations": {"acoustic": "9.644497e-13", "not ac