{"song_id": "1183708151145566228", "download": "https://cdn.discordapp.com/attachments/1128313332273782784/1183708151145566228/chirp.mp4?ex=6589511f&amp", "lyrics": "I was drowning in the dark\nCouldn't see the light\nMy lungs were giving up\nI had no will to fight\nBut then you came along\nAnd pulled me from the deep\nYou taught me how to breathe\nYou gave me hope to keep\n\nYou're my pulmonary therapist\nYou make me feel alive\nYou're my pulmonary therapist\nYou help me to survive\nYou're the rhythm of my heart\nYou're the treadmill of my life\nYou're my pulmonary therapist\nYou're the reason why I strive\n\nYou put me on a path\nTo heal and to grow\nYou pushed me to the limit\nBut you never let me go\nYou showed me how to live\nAnd not to be afraid\nYou taught me how to breathe\nYou made me unafraid\n\nYou're my pulmonary therapist\nYou make me feel alive\nYou're my pulmonary therapist\nYou help me to survive\nThank you", "style": ["random"], "essentia_features": {"lowlevel.average_loudness": 0.9764626026153564, "lowlevel.barkbands_crest.mean": 12.202165603637695, "lowlevel.barkbands_crest.stdev": 4.283794403076172, "lowlevel.barkbands_flatness_db.mean": 0.2273399531841278, "lowlevel.barkbands_flatness_db.stdev": 0.06715934723615646, "lowlevel.barkbands_kurtosis.mean": 7.263216495513916, "lowlevel.barkbands_kurtosis.stdev": 14.378612518310547, "lowlevel.barkbands_skewness.mean": 1.7262324094772339, "lowlevel.barkbands_skewness.stdev": 1.5673320293426514, "lowlevel.barkbands_spread.mean": 14.759662628173828, "lowlevel.barkbands_spread.stdev": 13.854055404663086, "lowlevel.dissonance.mean": 0.41135290265083313, "lowlevel.dissonance.stdev": 0.049767058342695236, "lowlevel.dynamic_complexity": 2.181459665298462, "lowlevel.erbbands_crest.mean": 13.268902778625488, "lowlevel.erbbands_crest.stdev": 5.84681510925293, "lowlevel.erbbands_flatness_db.mean": 0.24617892503738403, "lowlevel.erbbands_flatness_db.stdev": 0.06734364479780197, "lowlevel.erbbands_kurtosis.mean": 2.347930908203125, "lowlevel.erbbands_kurtosis.stdev": 5.834235668182373, "lowlevel.erbbands_skewness.mean": 0.7732192277908325, "lowlevel.erbbands_skewness.stdev": 1.052087426185608, "lowlevel.erbbands_spread.mean": 30.559009552001953, "lowlevel.erbbands_spread.stdev": 24.634004592895508, "lowlevel.hfc.mean": 21.577117919921875, "lowlevel.hfc.stdev": 18.240217208862305, "lowlevel.loudness_ebu128.integrated": -16.433826446533203, "lowlevel.loudness_ebu128.loudness_range": 1.6640253067016602, "lowlevel.loudness_ebu128.momentary.mean": -16.727481842041016, "lowlevel.loudness_ebu128.momentary.stdev": 1.7181169986724854, "lowlevel.loudness_ebu128.short_term.mean": -16.434249877929688, "lowlevel.loudness_ebu128.short_term.stdev": 0.587859034538269, "lowlevel.melbands_crest.mean": 15.19713020324707, "lowlevel.melbands_crest.stdev": 4.87808895111084, "lowlevel.melbands_flatness_db.mean": 0.27663514018058777, "lowlevel.melbands_flatness_db.stdev": 0.07424487173557281, "lowlevel.melbands_kurtosis.mean": 14.695923805236816, "lowlevel.melbands_kurtosis.stdev": 23.579818725585938, "lowlevel.melbands_skewness.mean": 2.40836238861084, "lowlevel.melbands_skewness.stdev": 1.9154036045074463, "lowlevel.melbands_spread.mean": 16.83210563659668, "lowlevel.melbands_spread.stdev": 13.950458526611328, "lowlevel.pitch_salience.mean": 0.5089113712310791, "lowlevel.pitch_salience.stdev": 0.11369380354881287, "lowlevel.silence_rate_20dB.mean": 1.0, "lowlevel.silence_rate_20dB.stdev": 0.0, "lowlevel.silence_rate_30dB.mean": 1.0, "lowlevel.silence_rate_30dB.stdev": 0.0, "lowlevel.silence_rate_60dB.mean": 0.015063730999827385, "lowlevel.silence_rate_60dB.stdev": 0.12180672585964203, "lowlevel.spectral_centroid.mean": 1012.8841552734375, "lowlevel.spectral_centroid.stdev": 555.118408203125, "lowlevel.spectral_complexity.mean": 12.050985336303711, "lowlevel.spectral_complexity.stdev": 5.670840740203857, "lowlevel.spectral_decrease.mean": -6.321795087416149e-09, "lowlevel.spectral_decrease.stdev": 4.094351968575438e-09, "lowlevel.spectral_energy.mean": 0.02581704407930374, "lowlevel.spectral_energy.stdev": 0.016748899593949318, "lowlevel.spectral_energyband_high.mean": 0.0005848455475643277, "lowlevel.spectral_energyband_high.stdev": 0.0011266394285485148, "lowlevel.spectral_energyband_low.mean": 0.0018611339619383216, "lowlevel.spectral_energyband_low.stdev": 0.0049595278687775135, "lowlevel.spectral_energyband_middle_high.mean": 0.00861411727964878, "lowlevel.spectral_energyband_middle_high.stdev": 0.011857105419039726, "lowlevel.spectral_energyband_middle_low.mean": 0.015751691535115242, "lowlevel.spectral_energyband_middle_low.stdev": 0.010641943663358688, "lowlevel.spectral_entropy.mean": 6.715462684631348, "lowlevel.spectral_entropy.stdev": 0.6371999979019165, "lowlevel.spectral_flux.mean": 0.07610610127449036, "lowlevel.spectral_flux.stdev": 0.044533926993608475, "lowlevel.spectral_kurtosis.mean": 9.96106243133545, "lowlevel.spectral_kurtosis.stdev": 14.487698554992676, "lowlevel.spectral_rms.mean": 0.004754086956381798, "lowlevel.spectral_rms.stdev": 0.0016081177163869143, "lowlevel.spectral_rolloff.mean": 1366.033203125, "lowlevel.spectral_rolloff.stdev": 1642.7589111328125, "lowlevel.spectral_skewness.mean": 2.0370278358459473, "lowlevel.spectral_skewness.stdev": 1.1916537284851074, "lowlevel.spectral_spread.mean": 3956134.0, "lowlevel.spectral_spread.stdev": 2673517.5, "lowlevel.spectral_strongpeak.mean": 1.9313926696777344, "lowlevel.spectral_strongpeak.stdev": 1.96212899684906, "lowlevel.zerocrossingrate.mean": 0.0512678325176239, "lowlevel.zerocrossingrate.stdev": 0.03756527975201607, "metadata.audio_properties.analysis.equal_loudness": 0.0, "metadata.audio_properties.analysis.length": 40.04265213012695, "metadata.audio_properties.analysis.sample_rate": 44100.0, "metadata.audio_properties.analysis.start_time": 0.0, "metadata.audio_properties.bit_rate": 122338.0, "metadata.audio_properties.length": 40.042667388916016, "metadata.audio_properties.lossless": 0.0, "metadata.audio_properties.number_channels": 1.0, "metadata.audio_properties.replay_gain": -10.567472457885742, "metadata.audio_properties.sample_rate": 48000.0, "rhythm.beats_count": 51.0, "rhythm.beats_loudness.mean": 0.044451307505369186, "rhythm.beats_loudness.stdev": 0.021662196144461632, "rhythm.bpm": 69.94820404052734, "rhythm.bpm_histogram_first_peak_bpm": 70.0, "rhythm.bpm_histogram_first_peak_weight": 0.0, "rhythm.bpm_histogram_second_peak_bpm": 78.0, "rhythm.bpm_histogram_second_peak_spread": 0.25, "rhythm.bpm_histogram_second_peak_weight": 0.05999999865889549, "rhythm.danceability": 1.4980356693267822, "rhythm.onset_rate": 5.0431389808654785, "tonal.chords_changes_rate": 0.047453705221414566, "tonal.chords_number_rate": 0.0069444444961845875, "tonal.chords_strength.mean": 0.512451708316803, "tonal.chords_strength.stdev": 0.08407977968454361, "tonal.hpcp_crest.mean": 20.047651290893555, "tonal.hpcp_crest.stdev": 8.5486478805542, "tonal.hpcp_entropy.mean": 1.2616397142410278, "tonal.hpcp_entropy.stdev": 0.6627547740936279, "tonal.key_edma.strength": 0.6821311116218567, "tonal.key_krumhansl.strength": 0.6906148791313171, "tonal.key_temperley.strength": 0.6992954611778259, "tonal.tuning_diatonic_strength": 0.5426272749900818, "tonal.tuning_equal_tempered_deviation": 0.03528868034482002, "tonal.tuning_frequency": 439.4919738769531, "tonal.tuning_nontempered_energy_ratio": 0.6494146585464478, "lowlevel.barkbands.mean": [7.257595370901981e-06, 0.0004130020970478654, 0.0006341158295981586, 0.0015760734677314758, 0.005006241612136364, 0.004511663224548101, 0.0008842822862789035, 0.0010078211780637503, 0.0024091738741844893, 0.002004115842282772, 0.002307347021996975, 0.0012018515262752771, 0.0010824893834069371, 0.0005811902228742838, 0.0004213451175019145, 0.0002811051963362843, 0.00022917149181012064, 0.00029860198264941573, 0.00026145452284254134, 0.000321745261317119, 7.747230847598985e-05, 4.987866122974083e-05, 7.018603355390951e-05, 7.17470029485412e-05, 6.20963764959015e-05, 4.3245501728961244e-05, 2.3826369215385057e-06], "lowlevel.barkbands.stdev": [3.1218114600051194e-05, 0.003107707016170025, 0.001971102086827159, 0.0031119396444410086, 0.0049845692701637745, 0.004762688186019659, 0.0012996179284527898, 0.0022160822991281748, 0.005143315531313419, 0.005174752790480852, 0.007038590032607317, 0.005134263541549444, 0.0031168684363365173, 0.0019750683568418026, 0.0011819018982350826, 0.0007882187492214143, 0.0005490147741511464, 0.000917828525416553, 0.0004518446803558618, 0.0005165140028111637, 0.00016333551320713013, 0.00022905088553670794, 0.00025086995447054505, 0.00020897062495350838, 0.00020126595336478204, 0.00014908643788658082, 9.375135050504468e-06], "lowlevel.erbbands.mean": [0.008382272906601429, 0.11021561920642853, 0.5535809397697449, 3.451873779296875, 6.15372371673584, 18.497066497802734, 41.467529296875, 33.00257873535156, 16.365819931030273, 12.6412992477417, 27.84457015991211, 66.02752685546875, 38.545345306396484, 75.92295837402344, 103.81681823730469, 56.828487396240234, 52.65774917602539, 31.561864852905273, 30.78081512451172, 16.41775894165039, 14.092276573181152, 12.079021453857422, 15.614165306091309, 16.69671630859375, 11.387166976928711, 14.9542236328125, 7.9858622550964355, 1.6477022171020508, 1.7268657684326172, 2.0869719982147217, 1.8964035511016846, 1.4712265729904175, 1.2233037948608398, 0.7516902685165405, 0.40908893942832947, 0.18653807044029236, 0.08263157308101654, 0.013956088572740555, 0.0003349355247337371, 4.0524930227547884e-05], "lowlevel.erbbands.stdev": [0.060938529670238495, 0.8069846034049988, 2.107112169265747, 5.561160087585449, 11.563821792602539, 20.127531051635742, 42.42762756347656, 42.747093200683594, 21.39199447631836, 19.580890655517578, 57.44294357299805, 142.3000030517578, 105.62020874023438, 184.0312042236328, 319.6274108886719, 209.72532653808594, 142.27345275878906, 94.33699798583984, 83.29691314697266, 43.3354377746582, 35.577369689941406, 26.677677154541016, 44.687965393066406, 36.876869201660156, 20.199478149414062, 23.53042984008789, 13.067855834960938, 6.033040523529053, 8.699536323547363, 8.175559043884277, 6.6487016677856445, 4.516907215118408, 3.5508005619049072, 2.2709712982177734, 1.4809215068817139, 0.6734902858734131, 0.28737902641296387, 0.04964438080787659, 0.0011326743988320231, 4.0879986045183614e-05], "lowlevel.gfcc.mean": [-54.03400802612305, 109.16912078857422, -132.6863250732422, -2.087905168533325, -75.4132308959961, -17.34957504272461, -52.70103454589844, -7.228060245513916, -49.259605407714844, -11.60747241973877, -6.579504489898682, -17.569412231445312, -1.4264566898345947], "lowlevel.melbands.mean": [9.80033291853033e-05, 0.0002769718994386494, 0.0006519653834402561, 0.0008334623416885734, 0.0013954417081549764, 0.0007350137457251549, 0.00023031295859254897, 0.00014676757564302534, 0.00026110734324902296, 0.0003971999103669077, 0.00018296047346666455, 0.00030355347553268075, 0.0003273952170275152, 0.00019508518744260073, 0.00011125362652819604, 0.0001048214835464023, 5.305118975229561e-05, 5.3432049753610045e-05, 2.259734355902765e-05, 2.1885747628402896e-05, 1.5508039723499678e-05, 1.131383851316059e-05, 1.6078205590019934e-05, 1.3229330761532765e-05, 1.3669965483131818e-05, 9.032392881636042e-06, 7.391114195343107e-06, 1.1038785487471614e-05, 6.904911970195826e-06, 1.3708578308069264e-06, 7.365383680735249e-07, 9.250958896700467e-07, 1.0517037480894942e-06, 1.2316066886342014e-06, 1.1098362620032276e-06, 1.0136619721379247e-06, 8.733891831980145e-07, 8.938553719417541e-07, 7.261992323037703e-07, 6.070914082556556e-07], "lowlevel.melbands.stdev": [0.0007275064126588404, 0.0010376001009717584, 0.0011351900175213814, 0.0009990727994590998, 0.0012755519710481167, 0.0008865217678248882, 0.0003183151420671493, 0.00026354295550845563, 0.0005373505991883576, 0.0008703441708348691, 0.0005465843714773655, 0.00079198251478374, 0.001005568541586399, 0.0007010510307736695, 0.00037248549051582813, 0.0003231879381928593, 0.00019100778445135802, 0.000156776251969859, 6.312392360996455e-05, 6.648775161011145e-05, 4.217321838950738e-05, 2.525495619920548e-05, 4.962031016475521e-05, 3.419996573938988e-05, 3.179160921717994e-05, 1.8139660824090242e-05, 1.3755828149442095e-05, 1.8365501091466285e-05, 1.2122969565098174e-05, 3.602892775234068e-06, 3.4823065107048023e-06, 4.881281256530201e-06, 4.783796157425968e-06, 4.778819857165217e-06, 4.05460741603747e-06, 3.429995786063955e-06, 2.6719048946688417e-06, 2.6583095404930646e-06, 2.0631803181458963e-06, 1.9435628928476945e-06], "lowlevel.melbands128.mean": [4.9007576308213174e-06, 4.417148375068791e-05, 0.00014615590043831617, 0.00018456627731211483, 0.00018068141071125865, 0.0003746092552319169, 0.0007163472473621368, 0.00077585264807567, 0.0004797640722244978, 0.0007611842593178153, 0.0009869245113804936, 0.0015076427953317761, 0.0015655086608603597, 0.0012080188607797027, 0.0009362110286019742, 0.00033468104084022343, 0.00018750398885458708, 0.00031530391424894333, 0.0001350900565739721, 0.00010638420644681901, 0.00017005029076244682, 0.0001800390746211633, 0.0002357052726438269, 0.0003565925871953368, 0.0005878133233636618, 0.00035494324401952326, 0.00010891271085711196, 0.0001648108009248972, 0.0001855286245699972, 0.00044858030742034316, 0.00027256092289462686, 0.00017569841293152422, 0.00037132433499209583, 0.00047597489901818335, 0.0001226376771228388, 0.00020043728000018746, 0.0001300998410442844, 7.340273441514e-05, 0.00012866119504906237, 0.00013606665015686303, 0.00010482002835487947, 4.218150206725113e-05, 5.7927161833504215e-05, 5.01055437780451e-05, 5.733175203204155e-05, 5.989533383399248e-05, 4.827585507882759e-05, 1.122463982028421e-05, 1.8054386600852013e-05, 2.4838092940626666e-05, 2.34448289120337e-05, 1.852598143159412e-05, 1.3170659258321393e-05, 1.801245889510028e-05, 1.2668007911997847e-05, 8.016487299755681e-06, 9.941811185854021e-06, 2.0947583834640682e-05, 1.619398062757682e-05, 1.3006479093746748e-05, 1.1262345651630312e-05, 1.3502627552952617e-05, 1.8603359421831556e-05, 1.2914724720758386e-05, 8.20405148260761e-06, 1.0121071682078764e-05, 9.104695891437586e-06, 4.35206993643078e-06, 8.322506801050622e-06, 9.642861186875962e-06, 9.124167263507843e-06, 1.3979410141473636e-05, 1.1207395800738595e-05, 5.094776497571729e-06, 2.639246986291255e-06, 1.3390225603870931e-06, 8.663490120852657e-07, 7.102056542862556e-07, 7.394259569082351e-07, 7.134216275517247e-07, 8.494589565088972e-07, 1.1097580454588751e-06, 9.38878656597808e-07, 1.0553080755926203e-06, 1.098386746889446e-06, 1.155103973360383e-06, 1.2862986977779656e-06, 1.3980932180857053e-06, 1.0307219326932682e-06, 9.37503216391633e-07, 1.1349433179930202e-06, 1.077606611943338e-06, 7.66665436913172e-07, 8.121823498186131e-07, 9.714249245007522e-07, 9.615582712285686e-07, 8.250426617451012e-07, 8.927897852117894e-07, 7.170846174631151e-07, 6.609849378946819e-07, 6.53389406579663e-07, 5.826039455314458e-07, 5.79753361762414e-07, 5.123184791955282e-07, 4.889947149422369e-07, 3.996473196821171e-07, 3.708865676799178e-07, 2.801840253141563e-07, 3.020711858425784e-07, 3.645051549483469e-07, 2.810309638334729e-07, 2.613294611819583e-07, 2.8422164177754894e-07, 2.6086357252097514e-07, 2.0504685949163104e-07, 1.6081297360415192e-07, 8.002540141660575e-08, 2.2360600482329573e-08, 2.0369508302309214e-09, 5.684295395491645e-11, 4.698027730731802e-11, 7.574435002821733e-12, 3.4240952087594145e-12, 3.34913845788376e-12, 3.231309751022815e-12, 3.068920985394019e-12, 2.9754317499436356e-12, 2.9488429927060356e-12], "lowlevel.melbands128.stdev": [2.6300787794752978e-05, 0.0003338807146064937, 0.0011543554719537497, 0.0014769633999094367, 0.0012035552645102143, 0.0009809781331568956, 0.00111900526098907, 0.0018401517299935222, 0.0011828793212771416, 0.0014028308214619756, 0.0012731439201161265, 0.0017474094638600945, 0.002073785290122032, 0.0016138682840391994, 0.0015218340558931231, 0.0006376180099323392, 0.000348332105204463, 0.0005513214273378253, 0.00022877777519170195, 0.00021745878621004522, 0.00045809298171661794, 0.0005571637884713709, 0.0006957542500458658, 0.001159167499281466, 0.0014574213419109583, 0.001053204876370728, 0.00048765246174298227, 0.0008970535709522665, 0.000731162668671459, 0.0013804470654577017, 0.000989180407486856, 0.0007680511334910989, 0.001385977491736412, 0.0019211230101063848, 0.0007002828642725945, 0.0012323554838076234, 0.0007035689195618033, 0.0004715530958492309, 0.0005659590242430568, 0.0004787266079802066, 0.0005097475950606167, 0.00020087813027203083, 0.0003344422148074955, 0.00021003019355703145, 0.0002892176271416247, 0.00024234663578681648, 0.000196337336092256, 6.30959912086837e-05, 8.783575322013348e-05, 0.0001065730830305256, 0.00010420782928122208, 8.202293247450143e-05, 6.458912685047835e-05, 7.015130540821701e-05, 4.0367140172747895e-05, 2.73119021585444e-05, 4.14820751757361e-05, 7.870100671425462e-05, 8.174680260708556e-05, 7.187639130279422e-05, 3.563096470315941e-05, 5.0137463404098526e-05, 7.368953083641827e-05, 3.1495452276431024e-05, 2.289543226652313e-05, 2.7309813958709128e-05, 2.6377831090940163e-05, 1.0347248462494463e-05, 2.37070689763641e-05, 2.4023771402426064e-05, 2.1137464500498027e-05, 3.280847522546537e-05, 2.685440267669037e-05, 1.0022429705713876e-05, 6.090268470870797e-06, 3.923189979104791e-06, 3.6139254007139243e-06, 4.501423518377123e-06, 3.568981128410087e-06, 3.343597427374334e-06, 4.435811206349172e-06, 7.007985914242454e-06, 5.624401183013106e-06, 5.26803432876477e-06, 4.703646482084878e-06, 4.684039595304057e-06, 5.533779585675802e-06, 6.104096883063903e-06, 3.910203304258175e-06, 3.6047126741323154e-06, 4.236937002133345e-06, 3.782877456615097e-06, 2.5717511107359314e-06, 2.804973064485239e-06, 2.9777311283396557e-06, 3.172100605297601e-06, 2.684673972908058e-06, 2.8106189802201698e-06, 2.1938299141766038e-06, 1.9755877929128474e-06, 2.1381943042797502e-06, 2.063907004412613e-06, 2.1997193471179344e-06, 1.9998103653051658e-06, 2.0807503915420966e-06, 1.5482480648643104e-06, 1.475852855037374e-06, 1.129060251514602e-06, 1.2457018101486028e-06, 1.5145986935749534e-06, 1.0415357110105106e-06, 9.026171596815402e-07, 1.0556094593994203e-06, 1.0868764093174832e-06, 8.190481821657158e-07, 6.007260253682034e-07, 3.1198041483548877e-07, 1.2018924167023215e-07, 1.5896993943442794e-08, 1.3340468729694521e-09, 1.2487529899019023e-09, 1.0238960373998296e-10, 7.11942440764779e-12, 6.864149006136078e-12, 6.102284910020073e-12, 5.242208576949903e-12, 5.056019838911574e-12, 5.0262107843812576e-12], "lowlevel.mfcc.mean": [-701.7364501953125, 148.44589233398438, -10.820857048034668, 6.231213569641113, -6.038308143615723, -29.7545223236084, 5.900629997253418, -24.680988311767578, -24.989200592041016, -6.298121929168701, -27.019193649291992, -6.035542011260986, -12.333727836608887], "lowlevel.spectral_contrast_coeffs.mean": [-0.5203416347503662, -0.6591601967811584, -0.6695287227630615, -0.7268171906471252, -0.7504329085350037, -0.7874180674552917], "lowlevel.spectral_contrast_coeffs.stdev": [0.08151525259017944, 0.07306329905986786, 0.09637285023927689, 0.08114700019359589, 0.06825511157512665, 0.039568595588207245], "lowlevel.spectral_contrast_valleys.mean": [-7.952939510345459, -7.244829177856445, -8.209479331970215, -8.598651885986328, -8.359491348266602, -11.54623794555664], "lowlevel.spectral_contrast_valleys.stdev": [0.9830015897750854, 0.7197425961494446, 0.7821378707885742, 0.8209785223007202, 1.0208556652069092, 1.2850348949432373], "rhythm.beats_loudness_band_ratio.mean": [0.19343848526477814, 0.39309394359588623, 0.16859829425811768, 0.1725812554359436, 0.058041658252477646, 0.06399522721767426], "rhythm.beats_loudness_band_ratio.stdev": [0.21253666281700134, 0.20950832962989807, 0.13025273382663727, 0.20523016154766083, 0.06390997022390366, 0.10354281961917877], "tonal.hpcp.mean": [0.23773886263370514, 0.177658349275589, 0.03479961305856705, 0.04745948687195778, 0.044788651168346405, 0.02774527482688427, 0.035632625222206116, 0.0375007726252079, 0.18633867800235748, 0.3195136487483978, 0.1641034483909607, 0.02382034994661808, 0.021378271281719208, 0.03564850986003876, 0.17234653234481812, 0.35138341784477234, 0.22549450397491455, 0.03458477556705475, 0.030856706202030182, 0.052002985030412674, 0.13070300221443176, 0.21537524461746216, 0.16406835615634918, 0.15366829931735992, 0.20379795134067535, 0.10915601998567581, 0.024675892665982246, 0.02425527386367321, 0.03007618337869644, 0.058317989110946655, 0.07122713327407837, 0.04328704625368118, 0.02844618260860443, 0.02900322526693344, 0.037511587142944336, 0.10360334813594818], "tonal.hpcp.stdev": [0.29522931575775146, 0.24256451427936554, 0.12152768671512604, 0.19276784360408783, 0.16969765722751617, 0.10094575583934784, 0.12906016409397125, 0.13375386595726013, 0.2494521141052246, 0.39662274718284607, 0.22222289443016052, 0.1091860756278038, 0.09377586841583252, 0.13628602027893066, 0.23747900128364563, 0.40878424048423767, 0.28470271825790405, 0.13462063670158386, 0.12733493745326996, 0.17430642247200012, 0.253044456243515, 0.3499424457550049, 0.27673229575157166, 0.26834967732429504, 0.3333338499069214, 0.21398204565048218, 0.08787284046411514, 0.09205227345228195, 0.12021991610527039, 0.16020521521568298, 0.17863519489765167, 0.11530763655900955, 0.09702710807323456, 0.1100209653377533, 0.13191233575344086, 0.18768911063671112], "rhythm.beats_position": [0.5224489569664001, 1.05650794506073, 1.5789568424224854, 2.11301589012146, 2.635464906692505, 3.2043535709381104, 3.773242473602295, 4.353741645812988, 4.922630310058594, 5.503129005432129, 6.106847763061523, 6.6989569664001465, 7.4536051750183105, 8.219863891601562, 8.986122131347656, 9.75238037109375, 10.611518859863281, 11.459047317504883, 12.329795837402344, 13.177324295043945, 14.04807186126709, 14.907210350036621, 15.766348838806152, 16.625486373901367, 17.4846248626709, 18.34376335144043, 19.20290184020996, 20.062040328979492, 20.921178817749023, 21.780317306518555, 22.639455795288086, 23.498594284057617, 24.34612274169922, 25.19365119934082, 26.05278778076172, 26.91192626953125, 27.77106475830078, 28.630203247070312, 29.489341735839844, 30.348480224609375, 31.207618713378906, 32.055145263671875, 32.914283752441406, 33.76181411743164, 34.62095260620117, 35.4800910949707, 36.339229583740234, 37.198368072509766, 38.0575065612793, 38.91664505004883, 39.775779724121094], "rhythm.bpm_histogram": [0.0, 0.0, 0.0, 0.0, 0.0, 0.0, 0.0, 0.0, 0.0, 0.0, 0.0, 0.0, 0.0, 0.0, 0.0, 0.0, 0.0, 0.0, 0.0, 0.0, 0.0, 0.0, 0.0, 0.0, 0.0, 0.0, 0.0, 0.0, 0.0, 0.0, 0.0, 0.0, 0.0, 0.0, 0.0, 0.0, 0.0, 0.0, 0.0, 0.0, 0.0, 0.0, 0.0, 0.0, 0.0, 0.0, 0.0, 0.0, 0.0, 0.0, 0.0, 0.0, 0.0, 0.0, 0.0, 0.0, 0.0, 0.0, 0.0, 0.0, 0.0, 0.0, 0.0, 0.0, 0.0, 0.0, 0.0, 0.0, 0.0, 0.03999999910593033, 0.5400000214576721, 0.11999999731779099, 0.0, 0.0, 0.0, 0.0, 0.0, 0.0, 0.05999999865889549, 0.0, 0.019999999552965164, 0.0, 0.0, 0.0, 0.0, 0.0, 0.0, 0.0, 0.0, 0.0, 0.0, 0.0, 0.0, 0.0, 0.0, 0.0, 0.0, 0.0, 0.0, 0.019999999552965164, 0.0, 0.019999999552965164, 0.0, 0.03999999910593033, 0.0, 0.05999999865889549, 0.0, 0.0, 0.0, 0.0, 0.0, 0.0, 0.03999999910593033, 0.0, 0.0, 0.03999999910593033, 0.0, 0.0, 0.0, 0.0, 0.0, 0.0, 0.0, 0.0, 0.0, 0.0, 0.0, 0.0, 0.0, 0.0, 0.0, 0.0, 0.0, 0.0, 0.0, 0.0, 0.0, 0.0, 0.0, 0.0, 0.0, 0.0, 0.0, 0.0, 0.0, 0.0, 0.0, 0.0, 0.0, 0.0, 0.0, 0.0, 0.0, 0.0, 0.0, 0.0, 0.0, 0.0, 0.0, 0.0, 0.0, 0.0, 0.0, 0.0, 0.0, 0.0, 0.0, 0.0, 0.0, 0.0, 0.0, 0.0, 0.0, 0.0, 0.0, 0.0, 0.0, 0.0, 0.0, 0.0, 0.0, 0.0, 0.0, 0.0, 0.0, 0.0, 0.0, 0.0, 0.0, 0.0, 0.0, 0.0, 0.0, 0.0, 0.0, 0.0, 0.0, 0.0, 0.0, 0.0, 0.0, 0.0, 0.0, 0.0, 0.0, 0.0, 0.0, 0.0, 0.0, 0.0, 0.0, 0.0, 0.0, 0.0, 0.0, 0.0, 0.0, 0.0, 0.0, 0.0, 0.0, 0.0, 0.0, 0.0, 0.0, 0.0, 0.0, 0.0, 0.0, 0.0, 0.0, 0.0, 0.0, 0.0, 0.0, 0.0, 0.0, 0.0, 0.0, 0.0, 0.0, 0.0, 0.0, 0.0, 0.0, 0.0, 0.0, 0.0, 0.0, 0.0], "tonal.chords_histogram": [18.75, 25.69444465637207, 3.935185194015503, 0.0, 0.0, 0.0, 0.23148147761821747, 0.0, 3.935185194015503, 0.3472222089767456, 0.0, 0.0, 0.0, 0.0, 0.0, 0.0, 0.0, 0.0, 0.0, 0.0, 0.0, 0.0, 8.217592239379883, 38.88888931274414], "tonal.thpcp": [1.0, 0.6417334675788879, 0.09842460602521896, 0.08781491965055466, 0.1479949951171875, 0.3719668984413147, 0.6129351258277893, 0.4669211804866791, 0.4373237192630768, 0.5799874067306519, 0.3106464743614197, 0.07022497802972794, 0.06902793794870377, 0.08559363335371017, 0.16596682369709015, 0.20270487666130066, 0.12319035083055496, 0.08095481991767883, 0.0825401097536087, 0.10675400495529175, 0.2948441505432129, 0.6765796542167664, 0.5055968761444092, 0.09903601557016373, 0.13506467640399933, 0.12746375799179077, 0.0789601132273674, 0.10140667855739594, 0.10672322660684586, 0.5303001403808594, 0.9093019962310791, 0.46702104806900024, 0.0677901953458786, 0.06084029749035835, 0.10145188122987747, 0.490479975938797], "lowlevel.gfcc.cov": [[5608.673828125, -1514.30908203125, -548.393310546875, 458.9317626953125, 37.26372146606445, 417.3875427246094, 138.7741241455078, 413.55126953125, -223.69065856933594, 60.81353759765625, -265.23583984375, 159.00901794433594, -153.9114990234375], [-1514.30908203125, 2390.786865234375, -697.4329833984375, -245.03485107421875, 462.4555358886719, -219.9158172607422, 282.4109802246094, -255.7949981689453, 61.55080032348633, -266.3456726074219, 377.7030029296875, -561.8954467773438, 249.43759155273438], [-548.393310546875, -697.4329833984375, 2077.97412109375, 181.32872009277344, -303.6208190917969, 382.64544677734375, -264.2453308105469, -78.94605255126953, 133.3171844482422, 210.421142578125, -375.1934509277344, 485.1944580078125, -428.950439453125], [458.9317626953125, -245.03485107421875, 181.32872009277344, 602.8238525390625, 99.72338104248047, -55.54021453857422, -39.76811218261719, 137.24505615234375, 31.683700561523438, -44.942596435546875, -71.97679901123047, 50.931854248046875, -12.044978141784668], [37.26372146606445, 462.4555358886719, -303.6208190917969, 99.72338104248047, 438.7677307128906, -21.426847457885742, 61.93609619140625, 67.1700668334961, 0.3968128561973572, -77.80751037597656, 56.582881927490234, -107.61839294433594, 75.7710952758789], [417.3875427246094, -219.9158172607422, 382.64544677734375, -55.54021453857422, -21.426847457885742, 547.4202270507812, 130.11085510253906, -121.29972076416016, -29.027774810791016, 58.40380859375, -49.8003044128418, 45.100013732910156, -134.50210571289062], [138.7741241455078, 282.4109802246094, -264.2453308105469, -39.76811218261719, 61.93609619140625, 130.11085510253906, 306.5096435546875, -37.48808288574219, -70.44941711425781, -56.61807632446289, 115.69559478759766, -133.31546020507812, 19.451068878173828], [413.55126953125, -255.7949981689453, -78.94605255126953, 137.24505615234375, 67.1700668334961, -121.29972076416016, -37.48808288574219, 289.15460205078125, 15.721599578857422, -19.944013595581055, -83.70669555664062, 56.710205078125, 28.532909393310547], [-223.69065856933594, 61.55080032348633, 133.3171844482422, 31.683700561523438, 0.3968128561973572, -29.027774810791016, -70.44941711425781, 15.721599578857422, 167.08853149414062, 19.038360595703125, -65.62701416015625, 31.255773544311523, -8.089693069458008], [60.81353759765625, -266.3456726074219, 210.421142578125, -44.942596435546875, -77.80751037597656, 58.40380859375, -56.61807632446289, -19.944013595581055, 19.038360595703125, 180.28135681152344, -53.92701721191406, 62.90629196166992, -57.26493835449219], [-265.23583984375, 377.7030029296875, -375.1934509277344, -71.97679901123047, 56.582881927490234, -49.8003044128418, 115.69559478759766, -83.70669555664062, -65.62701416015625, -53.92701721191406, 258.85614013671875, -136.93649291992188, 94.52706146240234], [159.00901794433594, -561.8954467773438, 485.1944580078125, 50.931854248046875, -107.61839294433594, 45.100013732910156, -133.31546020507812, 56.710205078125, 31.255773544311523, 62.90629196166992, -136.93649291992188, 369.64678955078125, -113.18436431884766], [-153.9114990234375, 249.43759155273438, -428.950439453125, -12.044978141784668, 75.7710952758789, -134.50210571289062, 19.451068878173828, 28.532909393310547, -8.089693069458008, -57.26493835449219, 94.52706146240234, -113.18436431884766, 243.04763793945312]], "lowlevel.gfcc.icov": [[0.0003829927009064704, -1.6249734471784905e-05, 0.00048019373207353055, -0.00038313434924930334, 0.00019120010256301612, -0.0005735210725106299, 0.00012260919902473688, -0.00042719897464849055, 0.0004689531051553786, -0.0002486154262442142, 0.00044957015779800713, -0.0002321909269085154, 0.0004251087084412575], [-1.6249734471784905e-05, 0.0019629080779850483, -0.0009062168537639081, 0.0010204656282439828, -0.0019005874637514353, 0.001449420815333724, -0.0013317482080310583, 0.0015318834921345115, -0.0016128033166751266, 0.001698847976513207, -0.0009391063940711319, 0.001891600782983005, -0.000659509445540607], [0.00048019373207353055, -0.0009062168537639081, 0.002346401335671544, -0.0013701769057661295, 0.0014276570873335004, -0.0019533406011760235, 0.0013387944782152772, -0.0006926754722371697, 0.0008561252034269273, -0.0013244966976344585, 0.0015321729006245732, -0.001902072224766016, 0.0019902249332517385], [-0.00038313434924930334, 0.0010204656282439828, -0.0013701769057661295, 0.0030260952189564705, -0.0016487380489706993, 0.001536206342279911, -0.000881947111338377, 0.0003282710677012801, -0.001310908468440175, 0.001695288228802383, -0.0008399189100600779, 0.0013060581404715776, -0.0008712936541996896], [0.00019120010256301612, -0.0019005874637514353, 0.0014276570873335004, -0.0016487380489706993, 0.004904846660792828, -0.0022119316272437572, 0.0014896598877385259, -0.002389805391430855, 0.0012944824993610382, -0.0010942680528387427, 0.0007018617470748723, -0.0014481645775958896, 0.0007556245545856655], [-0.0005735210725106299, 0.001449420815333724, -0.0019533406011760235, 0.001536206342279911, -0.0022119316272437572, 0.005217124707996845, -0.0032951226457953453, 0.0029556199442595243, -0.0013172320323064923, 0.0009437267435714602, -0.00025841582100838423, 0.001505778869614005, -0.0007483058143407106], [0.00012260919902473688, -0.0013317482080310583, 0.0013387944782152772, -0.000881947111338377, 0.0014896598877385259, -0.0032951226457953453, 0.007046010345220566, -0.0019551925361156464, 0.001999452244490385, -9.11100214580074e-05, -0.0011285593500360847, -0.0001282956509385258, 0.0015654920134693384], [-0.00042719897464849055, 0.0015318834921345115, -0.0006926754722371697, 0.0003282710677012801, -0.002389805391430855, 0.0029556199442595243, -0.0019551925361156464, 0.0072618029080331326, -0.0013906130334362388, 0.0014648840297013521, 0.0014441655948758125, 0.0004732806992251426, -0.0014066871954128146], [0.0004689531051553786, -0.0016128033166751266, 0.0008561252034269273, -0.001310908468440175, 0.0012944824993610382, -0.0013172320323064923, 0.001999452244490385, -0.0013906130334362388, 0.009142684750258923, -0.0019117193296551704, 0.0028831048402935266, -0.0013965738471597433, 0.000351098453393206], [-0.0002486154262442142, 0.001698847976513207, -0.0013244966976344585, 0.001695288228802383, -0.0010942680528387427, 0.0009437267435714602, -9.11100214580074e-05, 0.0014648840297013521, -0.0019117193296551704, 0.008690351620316505, -0.0008730216650292277, 0.0017675962299108505, -0.0003091882390435785], [0.00044957015779800713, -0.0009391063940711319, 0.0015321729006245732, -0.0008399189100600779, 0.0007018617470748723, -0.00025841582100838423, -0.0011285593500360847, 0.0014441655948758125, 0.0028831048402935266, -0.0008730216650292277, 0.008669602684676647, -0.0009285056730732322, -0.0004440093762241304], [-0.0002321909269085154, 0.001891600782983005, -0.001902072224766016, 0.0013060581404715776, -0.0014481645775958896, 0.001505778869614005, -0.0001282956509385258, 0.0004732806992251426, -0.0013965738471597433, 0.0017675962299108505, -0.0009285056730732322, 0.006650528404861689, -0.00031293206848204136], [0.0004251087084412575, -0.000659509445540607, 0.0019902249332517385, -0.0008712936541996896, 0.0007556245545856655, -0.0007483058143407106, 0.0015654920134693384, -0.0014066871954128146, 0.000351098453393206, -0.0003091882390435785, -0.0004440093762241304, -0.00031293206848204136, 0.007885772734880447]], "lowlevel.mfcc.cov": [[5471.50341796875, -1535.8157958984375, -766.9002075195312, 169.5821990966797, 18.33067512512207, 5.146388053894043, 385.27191162109375, 312.14544677734375, 159.1646728515625, 320.4891662597656, -96.69310760498047, -136.2971954345703, -2.445720672607422], [-1535.8157958984375, 2112.597900390625, -579.8219604492188, -115.15040588378906, 71.75455474853516, -64.08171081542969, 230.5742645263672, -179.25344848632812, -110.37222290039062, 122.17961120605469, -92.47838592529297, 64.824951171875, -28.262893676757812], [-766.9002075195312, -579.8219604492188, 1853.4954833984375, -108.27017211914062, -81.72041320800781, 551.522705078125, -423.11846923828125, 177.3272705078125, 59.93053436279297, -299.0476379394531, 285.70208740234375, -3.2867491245269775, 123.68606567382812], [169.5821990966797, -115.15040588378906, -108.27017211914062, 590.7413940429688, 213.55859375, -239.8480682373047, -14.133028030395508, 71.49382781982422, 92.8270492553711, -32.11404037475586, -71.47132110595703, 89.21917724609375, -8.282818794250488], [18.33067512512207, 71.75455474853516, -81.72041320800781, 213.55859375, 384.0963439941406, -65.11388397216797, -9.068744659423828, 45.40922927856445, 92.94396209716797, 17.871450424194336, -46.57440948486328, 24.040632247924805, 1.693613052368164], [5.146388053894043, -64.08171081542969, 551.522705078125, -239.8480682373047, -65.11388397216797, 641.3719482421875, -34.13618087768555, 82.9034423828125, -37.131656646728516, -18.759592056274414, 167.43260192871094, -114.04689025878906, 88.40919494628906], [385.27191162109375, 230.5742645263672, -423.11846923828125, -14.133028030395508, -9.068744659423828, -34.13618087768555, 488.3118896484375, -17.787578582763672, -105.09964752197266, 191.97332763671875, -106.92681121826172, -5.951518535614014, -16.011484146118164], [312.14544677734375, -179.25344848632812, 177.3272705078125, 71.49382781982422, 45.40922927856445, 82.9034423828125, -17.787578582763672, 283.9143371582031, 43.05887985229492, -74.58275604248047, 44.2023811340332, -5.078875541687012, 58.3379020690918], [159.1646728515625, -110.37222290039062, 59.93053436279297, 92.8270492553711, 92.94396209716797, -37.131656646728516, -105.09964752197266, 43.05887985229492, 244.1630096435547, -11.093218803405762, -13.664048194885254, -15.942294120788574, 3.5675387382507324], [320.4891662597656, 122.17961120605469, -299.0476379394531, -32.11404037475586, 17.871450424194336, -18.759592056274414, 191.97332763671875, -74.58275604248047, -11.093218803405762, 312.2223815917969, -64.33856964111328, -62.13026809692383, -30.638513565063477], [-96.69310760498047, -92.47838592529297, 285.70208740234375, -71.47132110595703, -46.57440948486328, 167.43260192871094, -106.92681121826172, 44.2023811340332, -13.664048194885254, -64.33856964111328, 194.25210571289062, 1.247313380241394, 9.382219314575195], [-136.2971954345703, 64.824951171875, -3.2867491245269775, 89.21917724609375, 24.040632247924805, -114.04689025878906, -5.951518535614014, -5.078875541687012, -15.942294120788574, -62.13026809692383, 1.247313380241394, 172.1431121826172, 8.041472434997559], [-2.445720672607422, -28.262893676757812, 123.68606567382812, -8.282818794250488, 1.693613052368164, 88.40919494628906, -16.011484146118164, 58.3379020690918, 3.5675387382507324, -30.638513565063477, 9.382219314575195, 8.041472434997559, 137.28709411621094]], "lowlevel.mfcc.icov": [[0.0003685090341605246, 0.00032883460517041385, 0.00027852575294673443, -2.6023653845186345e-05, 7.531591836595908e-05, -0.00022602056560572237, -0.00018017836555372924, -0.0003691079036798328, -0.00024467124603688717, -0.00026056019123643637, 1.2933377547597047e-05, -0.00011004144471371546, 5.598363350145519e-05], [0.00032883460517041385, 0.0008787635015323758, 0.0004203951102681458, 0.00015118181181605905, -0.00016096298350021243, -0.00036160112358629704, -0.0002682667982298881, -5.400379086495377e-05, -0.00011152037768624723, -0.00019775427062995732, 8.550747588742524e-05, -0.0004522420931607485, 2.3059874365571886e-05], [0.00027852575294673443, 0.0004203951102681458, 0.001337778870947659, -9.362991841044277e-05, 0.00017889944138005376, -0.0010590943275019526, 0.00042765040416270494, -0.0003803165745921433, -0.00030529670766554773, 0.00019541470101103187, -0.0003329365572426468, -0.0005364122334867716, -0.0001223630824824795], [-2.6023653845186345e-05, 0.00015118181181605905, -9.362991841044277e-05, 0.002775180386379361, -0.0012223552912473679, 0.0008317569736391306, -8.623181201983243e-05, -0.0005666319630108774, -0.0003251552698202431, 9.362628770759329e-05, 0.00030028013861738145, -0.0008163981256075203, 4.926316614728421e-05], [7.531591836595908e-05, -0.00016096298350021243, 0.00017889944138005376, -0.0012223552912473679, 0.0036854310892522335, -0.0004739438008982688, 0.000241121364524588, -0.0005168755888007581, -0.000994683476164937, -0.00045283843064680696, 0.0005656313733197749, -0.0003449328360147774, 0.00014711955736856908], [-0.00022602056560572237, -0.00036160112358629704, -0.0010590943275019526, 0.0008317569736391306, -0.0004739438008982688, 0.0038772893603891134, -0.0006766115548089147, 1.549228727526497e-05, 0.0004525112162809819, -2.0152496290393174e-05, -0.002162040676921606, 0.002245318377390504, -0.001650654710829258], [-0.00018017836555372924, -0.0002682667982298881, 0.00042765040416270494, -8.623181201983243e-05, 0.000241121364524588, -0.0006766115548089147, 0.004011216107755899, -0.0008503083954565227, 0.0015568240778520703, -0.0017772470600903034, 0.0016757823759689927, -0.0008811546140350401, 0.000312969961669296], [-0.0003691079036798328, -5.400379086495377e-05, -0.0003803165745921433, -0.0005666319630108774, -0.0005168755888007581, 1.549228727526497e-05, -0.0008503083954565227, 0.005316309630870819, -0.0004930409486405551, 0.0015518328873440623, -0.0011182987364009023, 0.0008256000000983477, -0.0016838869778439403], [-0.00024467124603688717, -0.00011152037768624723, -0.00030529670766554773, -0.0003251552698202431, -0.000994683476164937, 0.0004525112162809819, 0.0015568240778520703, -0.0004930409486405551, 0.005679349415004253, -0.0005087261088192463, 0.0007217348902486265, 0.0008269590325653553, -1.8817521777236834e-05], [-0.00026056019123643637, -0.00019775427062995732, 0.00019541470101103187, 9.362628770759329e-05, -0.00045283843064680696, -2.0152496290393174e-05, -0.0017772470600903034, 0.0015518328873440623, -0.0005087261088192463, 0.005562197882682085, -0.00010903245129156858, 0.0018145107896998525, 9.181212953990325e-05], [1.2933377547597047e-05, 8.550747588742524e-05, -0.0003329365572426468, 0.00030028013861738145, 0.0005656313733197749, -0.002162040676921606, 0.0016757823759689927, -0.0011182987364009023, 0.0007217348902486265, -0.00010903245129156858, 0.008908378891646862, -0.001793624716810882, 0.0018450386123731732], [-0.00011004144471371546, -0.0004522420931607485, -0.0005364122334867716, -0.0008163981256075203, -0.0003449328360147774, 0.002245318377390504, -0.0008811546140350401, 0.0008256000000983477, 0.0008269590325653553, 0.0018145107896998525, -0.001793624716810882, 0.008652012795209885, -0.0015570594696328044], [5.598363350145519e-05, 2.3059874365571886e-05, -0.0001223630824824795, 4.926316614728421e-05, 0.00014711955736856908, -0.001650654710829258, 0.000312969961669296, -0.0016838869778439403, -1.8817521777236834e-05, 9.181212953990325e-05, 0.0018450386123731732, -0.0015570594696328044, 0.009202258661389351]], "metadata.audio_properties.analysis.downmix": "mix", "metadata.audio_properties.codec": "mp3", "metadata.audio_properties.md5_encoded": "c405ecb6045c12f6d154a36c4e3e1171", "metadata.tags.file_name": "1183708151145566228.mp3", "metadata.version.essentia": "2.1-beta6-dev", "meta