{"song_id": "1183717293184782416", "download": "https://cdn.discordapp.com/attachments/1135903449314238464/1183717293184782416/chirp.mp4?ex=658959a3&amp", "lyrics": "[Verse]\nIn eighteen forty-six, the raccoons arose\nWith fierce determination, their strength disclosed\nBeneath moonlit sky, they prepared to fight\nThe Great Raccoon War began, an epic sight\n\n[Chorus]\nMarching on, hearts filled with grit\nUnited we stand, against foes we'll never quit\nThrough battles we'll forge, with courage and pride\nIn the Great Raccoon War, side by side we'll stride", "style": ["rap"], "essentia_features": {"lowlevel.average_loudness": 0.9815077781677246, "lowlevel.barkbands_crest.mean": 16.15911293029785, "lowlevel.barkbands_crest.stdev": 5.598701477050781, "lowlevel.barkbands_flatness_db.mean": 0.2121390849351883, "lowlevel.barkbands_flatness_db.stdev": 0.08048887550830841, "lowlevel.barkbands_kurtosis.mean": 57.27033996582031, "lowlevel.barkbands_kurtosis.stdev": 107.92346954345703, "lowlevel.barkbands_skewness.mean": 5.388531684875488, "lowlevel.barkbands_skewness.stdev": 4.057734489440918, "lowlevel.barkbands_spread.mean": 13.367779731750488, "lowlevel.barkbands_spread.stdev": 13.584236145019531, "lowlevel.dissonance.mean": 0.4595164358615875, "lowlevel.dissonance.stdev": 0.028470894321799278, "lowlevel.dynamic_complexity": 2.46053147315979, "lowlevel.erbbands_crest.mean": 9.803326606750488, "lowlevel.erbbands_crest.stdev": 4.735690116882324, "lowlevel.erbbands_flatness_db.mean": 0.1214584931731224, "lowlevel.erbbands_flatness_db.stdev": 0.04203827679157257, "lowlevel.erbbands_kurtosis.mean": 0.8694475293159485, "lowlevel.erbbands_kurtosis.stdev": 3.426823616027832, "lowlevel.erbbands_skewness.mean": 0.689967155456543, "lowlevel.erbbands_skewness.stdev": 1.0726830959320068, "lowlevel.erbbands_spread.mean": 67.44342803955078, "lowlevel.erbbands_spread.stdev": 29.578256607055664, "lowlevel.hfc.mean": 13.173371315002441, "lowlevel.hfc.stdev": 9.317856788635254, "lowlevel.loudness_ebu128.integrated": -13.762442588806152, "lowlevel.loudness_ebu128.loudness_range": 1.2981090545654297, "lowlevel.loudness_ebu128.momentary.mean": -14.003864288330078, "lowlevel.loudness_ebu128.momentary.stdev": 1.706349492073059, "lowlevel.loudness_ebu128.short_term.mean": -13.816088676452637, "lowlevel.loudness_ebu128.short_term.stdev": 0.6130922436714172, "lowlevel.melbands_crest.mean": 22.242694854736328, "lowlevel.melbands_crest.stdev": 7.6714372634887695, "lowlevel.melbands_flatness_db.mean": 0.3011893630027771, "lowlevel.melbands_flatness_db.stdev": 0.09202197194099426, "lowlevel.melbands_kurtosis.mean": 129.0203399658203, "lowlevel.melbands_kurtosis.stdev": 149.12367248535156, "lowlevel.melbands_skewness.mean": 7.759726524353027, "lowlevel.melbands_skewness.stdev": 4.576623916625977, "lowlevel.melbands_spread.mean": 8.398659706115723, "lowlevel.melbands_spread.stdev": 10.539665222167969, "lowlevel.pitch_salience.mean": 0.36655840277671814, "lowlevel.pitch_salience.stdev": 0.18542256951332092, "lowlevel.silence_rate_20dB.mean": 1.0, "lowlevel.silence_rate_20dB.stdev": 0.0, "lowlevel.silence_rate_30dB.mean": 0.7939849495887756, "lowlevel.silence_rate_30dB.stdev": 0.40443891286849976, "lowlevel.silence_rate_60dB.mean": 0.005263158120214939, "lowlevel.silence_rate_60dB.stdev": 0.07235627621412277, "lowlevel.spectral_centroid.mean": 978.4443359375, "lowlevel.spectral_centroid.stdev": 689.7428588867188, "lowlevel.spectral_complexity.mean": 8.88496208190918, "lowlevel.spectral_complexity.stdev": 4.624666690826416, "lowlevel.spectral_decrease.mean": -1.6817438108773786e-08, "lowlevel.spectral_decrease.stdev": 1.7918326378207894e-08, "lowlevel.spectral_energy.mean": 0.0646677315235138, "lowlevel.spectral_energy.stdev": 0.06815747916698456, "lowlevel.spectral_energyband_high.mean": 0.0007139776716940105, "lowlevel.spectral_energyband_high.stdev": 0.0008293100981973112, "lowlevel.spectral_energyband_low.mean": 0.05776043236255646, "lowlevel.spectral_energyband_low.stdev": 0.06935255229473114, "lowlevel.spectral_energyband_middle_high.mean": 0.0008891987381502986, "lowlevel.spectral_energyband_middle_high.stdev": 0.0010096494806930423, "lowlevel.spectral_energyband_middle_low.mean": 0.008591843768954277, "lowlevel.spectral_energyband_middle_low.stdev": 0.010890026576817036, "lowlevel.spectral_entropy.mean": 7.610657691955566, "lowlevel.spectral_entropy.stdev": 0.5043890476226807, "lowlevel.spectral_flux.mean": 0.11465037614107132, "lowlevel.spectral_flux.stdev": 0.11000864207744598, "lowlevel.spectral_kurtosis.mean": 2.324080467224121, "lowlevel.spectral_kurtosis.stdev": 1.6582151651382446, "lowlevel.spectral_rms.mean": 0.007051720283925533, "lowlevel.spectral_rms.stdev": 0.003655641805380583, "lowlevel.spectral_rolloff.mean": 519.6134033203125, "lowlevel.spectral_rolloff.stdev": 1035.9051513671875, "lowlevel.spectral_skewness.mean": 1.291165828704834, "lowlevel.spectral_skewness.stdev": 0.44285038113594055, "lowlevel.spectral_spread.mean": 6336571.5, "lowlevel.spectral_spread.stdev": 1253655.5, "lowlevel.spectral_strongpeak.mean": 0.6533589363098145, "lowlevel.spectral_strongpeak.stdev": 0.4477572441101074, "lowlevel.zerocrossingrate.mean": 0.03871629759669304, "lowlevel.zerocrossingrate.stdev": 0.029062509536743164, "metadata.audio_properties.analysis.equal_loudness": 0.0, "metadata.audio_properties.analysis.length": 30.84798240661621, "metadata.audio_properties.analysis.sample_rate": 44100.0, "metadata.audio_properties.analysis.start_time": 0.0, "metadata.audio_properties.bit_rate": 119223.0, "metadata.audio_properties.length": 30.847999572753906, "metadata.audio_properties.lossless": 0.0, "metadata.audio_properties.number_channels": 1.0, "metadata.audio_properties.replay_gain": -11.711231231689453, "metadata.audio_properties.sample_rate": 48000.0, "rhythm.beats_count": 65.0, "rhythm.beats_loudness.mean": 0.09694666415452957, "rhythm.beats_loudness.stdev": 0.03302374109625816, "rhythm.bpm": 128.02420043945312, "rhythm.bpm_histogram_first_peak_bpm": 129.0, "rhythm.bpm_histogram_first_peak_weight": 0.37288135290145874, "rhythm.bpm_histogram_second_peak_bpm": 117.0, "rhythm.bpm_histogram_second_peak_spread": 0.5, "rhythm.bpm_histogram_second_peak_weight": 0.03125, "rhythm.danceability": 1.5459223985671997, "rhythm.onset_rate": 5.4096198081970215, "tonal.chords_changes_rate": 0.0810810774564743, "tonal.chords_number_rate": 0.009009009227156639, "tonal.chords_strength.mean": 0.47272035479545593, "tonal.chords_strength.stdev": 0.06572037935256958, "tonal.hpcp_crest.mean": 13.242209434509277, "tonal.hpcp_crest.stdev": 6.690652370452881, "tonal.hpcp_entropy.mean": 2.1489062309265137, "tonal.hpcp_entropy.stdev": 0.8090682625770569, "tonal.key_edma.strength": 0.7484915852546692, "tonal.key_krumhansl.strength": 0.7489185333251953, "tonal.key_temperley.strength": 0.7432809472084045, "tonal.tuning_diatonic_strength": 0.5906103849411011, "tonal.tuning_equal_tempered_deviation": 0.2261509746313095, "tonal.tuning_frequency": 434.193115234375, "tonal.tuning_nontempered_energy_ratio": 0.9500557780265808, "lowlevel.barkbands.mean": [0.0018267353298142552, 0.035448119044303894, 0.017211277037858963, 0.005215735174715519, 0.0007642986020073295, 0.0013241535052657127, 0.0007954653701744974, 0.00020268248044885695, 0.000268456555204466, 8.138389966916293e-05, 0.00010353306424804032, 7.79780384618789e-05, 8.236238500103354e-05, 7.490182179026306e-05, 0.00010063745867228135, 6.319591193459928e-05, 0.0001390967663610354, 4.63526594103314e-05, 6.863286398584023e-05, 0.0001222089777002111, 0.00012851163046434522, 0.0001626819430384785, 0.00015970238018780947, 9.595693700248376e-05, 6.589348777197301e-05, 3.680130248540081e-05, 1.0443912970004021e-06], "lowlevel.barkbands.stdev": [0.002860639477148652, 0.050688471645116806, 0.04449768736958504, 0.01009280513972044, 0.001470649614930153, 0.0018591906409710646, 0.000932730850763619, 0.00021569718956016004, 0.00047257813275791705, 0.0001253546797670424, 0.00017429467698093504, 0.0001997270155698061, 0.00016386265633627772, 0.0001520770601928234, 0.00032368520624004304, 0.00011896782962139696, 0.0003287504077889025, 8.194007386919111e-05, 0.00018110442033503205, 0.00019450797117315233, 0.00019375866395421326, 0.0002274285798193887, 0.00020505444263108075, 0.0001099057262763381, 8.126046304823831e-05, 4.756353882839903e-05, 2.062179873973946e-06], "lowlevel.erbbands.mean": [1.2327179908752441, 7.155121326446533, 17.720609664916992, 21.405214309692383, 8.161239624023438, 2.4431371688842773, 2.83432936668396, 14.102865219116211, 6.460536003112793, 19.29967498779297, 3.7864437103271484, 6.636839389801025, 3.105750799179077, 3.0829060077667236, 4.03565788269043, 3.104266881942749, 3.937934637069702, 3.5867884159088135, 5.578242301940918, 3.5833864212036133, 4.702468395233154, 7.636201858520508, 2.978407621383667, 3.350872039794922, 3.9546947479248047, 5.580368995666504, 5.2618632316589355, 5.2065510749816895, 5.9145989418029785, 5.9842400550842285, 3.9289817810058594, 2.1659624576568604, 1.5098843574523926, 0.8304969072341919, 0.38960888981819153, 0.16516858339309692, 0.06996697187423706, 0.01103262696415186, 0.00023957318626344204, 7.92715945863165e-05], "lowlevel.erbbands.stdev": [1.59305739402771, 12.079923629760742, 39.42141342163086, 47.74244689941406, 13.018331527709961, 4.012617588043213, 4.538814067840576, 20.557411193847656, 7.369217872619629, 23.750642776489258, 3.6939537525177, 12.720027923583984, 4.381662368774414, 4.563037395477295, 7.0245256423950195, 7.257246017456055, 7.681375026702881, 6.737905502319336, 16.13227081298828, 9.516138076782227, 10.002492904663086, 16.457773208618164, 4.786848545074463, 8.905804634094238, 7.834599494934082, 8.63193416595459, 8.645214080810547, 7.490346908569336, 8.536931037902832, 8.420555114746094, 4.882773399353027, 2.515381097793579, 1.7677032947540283, 1.0762687921524048, 0.48843398690223694, 0.23446635901927948, 0.08848753571510315, 0.014093860983848572, 0.0002637499710544944, 7.382391777355224e-05], "lowlevel.gfcc.mean": [-13.869372367858887, 75.15853881835938, -68.0261001586914, 54.249107360839844, -55.88282012939453, 26.165292739868164, -29.484914779663086, 15.180988311767578, -10.968406677246094, 10.007261276245117, -16.609901428222656, 2.7963197231292725, -15.535015106201172], "lowlevel.melbands.mean": [0.010320212692022324, 0.009175039827823639, 0.0033484329469501972, 0.00028331513749435544, 9.840010898187757e-05, 0.00029118036036379635, 0.0001230463822139427, 0.00017627986380830407, 2.828650212904904e-05, 3.8178262911969796e-05, 1.4512037523672916e-05, 1.2132359188399278e-05, 1.4641093912359793e-05, 9.934688932844438e-06, 6.973279141675448e-06, 8.575242645747494e-06, 6.351697720674565e-06, 8.864545634423848e-06, 6.853833383502206e-06, 3.7993986552464776e-06, 5.962237537460169e-06, 9.061067430593539e-06, 3.827470209216699e-06, 2.0435154510778375e-06, 2.8015865609631874e-06, 2.429844016660354e-06, 3.818916411546525e-06, 3.6459334751270944e-06, 3.3813839763752185e-06, 3.0306091503007337e-06, 3.0031430924282176e-06, 3.468564273134689e-06, 2.976079485961236e-06, 3.5726829992199782e-06, 2.4651442345202668e-06, 1.4159157899484853e-06, 1.3549006325774826e-06, 1.1728109257092e-06, 8.288309345516609e-07, 6.501879283860035e-07], "lowlevel.melbands.stdev": [0.013864835724234581, 0.015797395259141922, 0.006915668491274118, 0.000464950455352664, 0.00014939421089366078, 0.000418145238654688, 0.00013170983584132046, 0.00021570212265942246, 4.205422010272741e-05, 6.949423550395295e-05, 2.2084914235165343e-05, 1.7836260667536408e-05, 2.4261518774437718e-05, 2.594778015918564e-05, 1.4791244211664889e-05, 1.7719241441227496e-05, 1.27781222545309e-05, 2.4562074031564407e-05, 2.176602720282972e-05, 7.252920113387518e-06, 1.4387145711225457e-05, 2.1835539882886223e-05, 6.793196916987654e-06, 3.6243452541384613e-06, 8.20477453089552e-06, 6.160557859402616e-06, 6.738013780704932e-06, 5.942910775047494e-06, 6.219621809577802e-06, 4.892512606602395e-06, 4.296614861232229e-06, 5.1868946684408e-06, 4.322460881667212e-06, 5.2197647164575756e-06, 3.165895122947404e-06, 1.8344907175560365e-06, 1.6123370869536302e-06, 1.3904200386605226e-06, 1.0562639545241836e-06, 9.062749768418144e-07], "lowlevel.melbands128.mean": [0.0017656459240242839, 0.01012804452329874, 0.01393980160355568, 0.01083247922360897, 0.008976191282272339, 0.008518561720848083, 0.0046675666235387325, 0.002187302801758051, 0.0005619749426841736, 0.00011471073958091438, 0.0001312201638938859, 8.087947207968682e-05, 4.567935684463009e-05, 0.0001745321787893772, 0.0003372547507751733, 0.00040876425919122994, 8.542505383957177e-05, 2.1578942323685624e-05, 0.0001809403911465779, 0.00035920849768444896, 5.580451761488803e-05, 1.4018844012753107e-05, 1.363222054351354e-05, 5.5574273574166e-05, 6.52293601888232e-05, 1.627686469873879e-05, 1.9543133021215908e-05, 1.2162081475253217e-05, 1.4595847460441291e-05, 9.620398486731574e-06, 1.0870805454032961e-05, 1.6826401406433433e-05, 1.8501172235119157e-05, 9.379205039294902e-06, 1.1047870430047624e-05, 1.1537180398590863e-05, 5.6342314564972185e-06, 5.6354451771767344e-06, 7.811801879142877e-06, 1.1162052032887004e-05, 7.916332833701745e-06, 6.547566954395734e-06, 5.268594577501062e-06, 7.072301286825677e-06, 7.790558811393566e-06, 8.275688742287457e-06, 1.1950554835493676e-05, 7.524423381255474e-06, 4.563335096463561e-06, 3.795722705035587e-06, 2.961473683171789e-06, 4.861186425841879e-06, 4.6335585466295015e-06, 5.637878075503977e-06, 1.0708391528169159e-05, 1.0262615433020983e-05, 7.6143483056512196e-06, 4.312382770876866e-06, 2.6286120373697486e-06, 2.2561566765944008e-06, 1.7626716726226732e-06, 2.0235954707459314e-06, 2.7611922632786445e-06, 3.257650405430468e-06, 2.467961621732684e-06, 2.4662178930157097e-06, 2.184332061005989e-06, 2.7596558993536746e-06, 5.332503405952593e-06, 3.6696392271551304e-06, 3.520800646583666e-06, 3.5208804547437467e-06, 3.5564823974709725e-06, 3.720145969055011e-06, 2.6829725356947165e-06, 2.8330118766461965e-06, 3.6372045997268287e-06, 2.5256183562305523e-06, 2.9192174224590417e-06, 3.236985321564134e-06, 3.718759444382158e-06, 3.5879832012142288e-06, 2.9661532607860863e-06, 2.8178201318951324e-06, 2.926988372564665e-06, 3.7070835787744727e-06, 3.849280346912565e-06, 3.278881195001304e-06, 2.259951997984899e-06, 2.1232644940027967e-06, 1.597412051523861e-06, 1.2433549727575155e-06, 9.880496918412973e-07, 1.3422273923424655e-06, 1.576349745846528e-06, 1.5316978760893107e-06, 1.0073443945657345e-06, 7.555109391432779e-07, 9.084394605451962e-07, 8.672279818711104e-07, 6.295925345511932e-07, 7.273998221535294e-07, 4.5522710934164934e-07, 5.643951226375066e-07, 3.334415339395491e-07, 4.0699509895603114e-07, 4.811881808564067e-07, 2.9931084100098815e-07, 2.4410388732576394e-07, 2.2955464373808354e-07, 2.3949073124640563e-07, 2.5617657684051665e-07, 2.285981111072033e-07, 2.0900296249237726e-07, 1.8343500585160655e-07, 1.5039398704175255e-07, 4.3561506402056693e-08, 3.6723990515241667e-10, 8.999365488926436e-12, 8.66073185390448e-12, 8.423441631710826e-12, 8.244615927466281e-12, 8.04169404677868e-12, 7.902747033161628e-12, 7.755328497449643e-12, 7.600796728124415e-12, 7.504000025526647e-12, 7.458419298833618e-12], "lowlevel.melbands128.stdev": [0.002803423907607794, 0.014032559469342232, 0.022128978744149208, 0.02047736383974552, 0.018537813797593117, 0.022496698424220085, 0.01123802736401558, 0.003542515682056546, 0.0010421487968415022, 0.0003182403452228755, 0.0002304899098817259, 0.00014603283489122987, 9.910582593875006e-05, 0.0004172604240011424, 0.0004959367215633392, 0.0007101378287188709, 0.00012679549399763346, 4.967740460415371e-05, 0.00022924460063222796, 0.00045499909901991487, 6.571481935679913e-05, 2.365601176279597e-05, 2.201237111876253e-05, 0.00012025713658658788, 0.00014769357221666723, 2.9493632609955966e-05, 3.291317625553347e-05, 2.8837230274803005e-05, 2.386800952081103e-05, 1.5591440387652256e-05, 2.839904118445702e-05, 2.894323733926285e-05, 3.4383730962872505e-05, 2.9832288419129327e-05, 3.5710036172531545e-05, 3.431833101785742e-05, 1.6950034478213638e-05, 1.6832706023706123e-05, 1.7517768355901353e-05, 2.6791434720507823e-05, 1.991900171560701e-05, 1.5919322322588414e-05, 1.2901602531201206e-05, 1.7955919247469865e-05, 1.8617185560287908e-05, 3.054915941902436e-05, 4.8831199819687754e-05, 2.3705124476691708e-05, 2.1878702682442963e-05, 8.980135135061573e-06, 5.0628523240447976e-06, 1.1528066352184396e-05, 1.2554109162010718e-05, 1.3883429346606135e-05, 4.526401971816085e-05, 2.414264417893719e-05, 1.825727849791292e-05, 9.171877536573447e-06, 5.344303190213395e-06, 4.886657279712381e-06, 3.474586264928803e-06, 4.012328190583503e-06, 7.634651410626248e-06, 1.2751958820444997e-05, 7.347912287514191e-06, 7.062184977257857e-06, 5.594507911155233e-06, 5.912098004046129e-06, 1.0270866368955467e-05, 7.031732820905745e-06, 6.100052360125119e-06, 7.3144265115843154e-06, 8.479276402795222e-06, 7.2516909312980715e-06, 4.708655978902243e-06, 5.217086709308205e-06, 6.758401013939874e-06, 4.071598596055992e-06, 4.810909103980521e-06, 4.874907517660176e-06, 6.136009233159712e-06, 6.0370539358700626e-06, 4.938021902489709e-06, 4.6260088311100844e-06, 4.920336778013734e-06, 6.1075556914147455e-06, 6.033541922079166e-06, 5.112043254484888e-06, 3.1079146083357045e-06, 3.084203854086809e-06, 2.3169554879132193e-06, 1.9005381091119489e-06, 1.358656732008967e-06, 1.8421723098072107e-06, 2.059630787698552e-06, 1.869358129624743e-06, 1.4589898000849644e-06, 1.1950809266636497e-06, 1.297027097280079e-06, 1.1660570180538343e-06, 9.670654890214792e-07, 1.1238930710533168e-06, 7.377456086032907e-07, 8.452373094769428e-07, 4.6325530433932727e-07, 6.251154331948783e-07, 7.287114272003237e-07, 4.863871936322539e-07, 4.3465149701660266e-07, 4.1453176891081966e-07, 4.0079828522721073e-07, 4.099962609416252e-07, 2.976171060709021e-07, 2.827678997618932e-07, 2.546224493471527e-07, 2.2933363652555272e-07, 7.846882255080345e-08, 1.6418998383116445e-09, 1.662602000518376e-11, 1.6035006655812367e-11, 1.563222641609574e-11, 1.5305375022922618e-11, 1.499431655227479e-11, 1.474200622686439e-11, 1.4532711839487789e-11, 1.4360421705938986e-11, 1.4236719442228818e-11, 1.4160730747725392e-11], "lowlevel.mfcc.mean": [-668.3005981445312, 102.41943359375, 45.23180389404297, 35.459468841552734, 11.325273513793945, 17.751232147216797, -0.2459692507982254, 9.798262596130371, 8.52552604675293, 8.214967727661133, 4.030064582824707, 9.120166778564453, 8.090526580810547], "lowlevel.spectral_contrast_coeffs.mean": [-0.6763810515403748, -0.7329697012901306, -0.8189548850059509, -0.8377233743667603, -0.8233270645141602, -0.761109471321106], "lowlevel.spectral_contrast_coeffs.stdev": [0.0882013738155365, 0.07941808551549911, 0.037447355687618256, 0.034709978848695755, 0.030984006822109222, 0.03666239604353905], "lowlevel.spectral_contrast_valleys.mean": [-6.751399993896484, -7.182412147521973, -7.924190998077393, -8.093653678894043, -7.843465805053711, -9.97171688079834], "lowlevel.spectral_contrast_valleys.stdev": [0.8181369304656982, 0.5121889710426331, 0.559863805770874, 0.5758951306343079, 0.5864905118942261, 0.6405869126319885], "rhythm.beats_loudness_band_ratio.mean": [0.9256568551063538, 0.019373010843992233, 0.02389444410800934, 0.00457136332988739, 0.013541343621909618, 0.014688780531287193], "rhythm.beats_loudness_band_ratio.stdev": [0.2041090577840805, 0.05312076583504677, 0.09614096581935883, 0.007625110913068056, 0.07144802063703537, 0.04054383561015129], "tonal.hpcp.mean": [0.028624800965189934, 0.03406505659222603, 0.04122284799814224, 0.06185870245099068, 0.07568829506635666, 0.08816498517990112, 0.23793387413024902, 0.2726084291934967, 0.10841928422451019, 0.046204354614019394, 0.04041849449276924, 0.03067563660442829, 0.02725035883486271, 0.030217187479138374, 0.03334488347172737, 0.03825651854276657, 0.04821508750319481, 0.04041573777794838, 0.026051202788949013, 0.02735317125916481, 0.06238440051674843, 0.25193941593170166, 0.28283748030662537, 0.1088792160153389, 0.04898257553577423, 0.04283613711595535, 0.059088606387376785, 0.20332200825214386, 0.26178714632987976, 0.11939294636249542, 0.037548575550317764, 0.020665060728788376, 0.01621697098016739, 0.017407216131687164, 0.01793537475168705, 0.01968788541853428], "tonal.hpcp.stdev": [0.12782223522663116, 0.14316745102405548, 0.1534896045923233, 0.20574481785297394, 0.22744648158550262, 0.21053045988082886, 0.32688021659851074, 0.3638097643852234, 0.20921418070793152, 0.17421305179595947, 0.16107219457626343, 0.14323681592941284, 0.12332379817962646, 0.13679569959640503, 0.1398516148328781, 0.1482393592596054, 0.18390266597270966, 0.15786701440811157, 0.10818914324045181, 0.11661386489868164, 0.14085808396339417, 0.34819701313972473, 0.3845396339893341, 0.21770143508911133, 0.1655418872833252, 0.16383744776248932, 0.1893228441476822, 0.3200320303440094, 0.3794218897819519, 0.25309041142463684, 0.15086333453655243, 0.1143721342086792, 0.09162691235542297, 0.09348013997077942, 0.09162726253271103, 0.10372848808765411], "rhythm.beats_position": [0.5108389854431152, 1.0216779708862305, 1.5441269874572754, 2.0549659729003906, 2.554194927215576, 3.041814088821411, 3.5062131881713867, 3.982222080230713, 4.458230972290039, 4.922630310058594, 5.38702917098999, 5.851428508758545, 6.315827369689941, 6.791836738586426, 7.267845630645752, 7.732244968414307, 8.196643829345703, 8.661043167114258, 9.137051582336426, 9.61306095123291, 10.077460289001465, 10.54185962677002, 11.006258010864258, 11.470657348632812, 11.946666717529297, 12.422675132751465, 12.88707447052002, 13.351473808288574, 13.815873146057129, 14.280271530151367, 14.744670867919922, 15.220680236816406, 15.696688652038574, 16.161088943481445, 16.637096405029297, 17.11310577392578, 17.577505111694336, 18.04190444946289, 18.506303787231445, 18.970703125, 19.446712493896484, 19.922719955444336, 20.38711929321289, 20.851518630981445, 21.31591796875, 21.791927337646484, 22.26793670654297, 22.732336044311523, 23.196733474731445, 23.6611328125, 24.137142181396484, 24.61315155029297, 25.077550888061523, 25.541950225830078, 26.006349563598633, 26.482357025146484, 26.95836639404297, 27.422765731811523, 27.887165069580078, 28.351564407348633, 28.815963745117188, 29.291973114013672, 29.767980575561523, 30.232379913330078, 30.696779251098633], "rhythm.bpm_histogram": [0.0, 0.0, 0.0, 0.0, 0.0, 0.0, 0.0, 0.0, 0.0, 0.0, 0.0, 0.0, 0.0, 0.0, 0.0, 0.0, 0.0, 0.0, 0.0, 0.0, 0.0, 0.0, 0.0, 0.0, 0.0, 0.0, 0.0, 0.0, 0.0, 0.0, 0.0, 0.0, 0.0, 0.0, 0.0, 0.0, 0.0, 0.0, 0.0, 0.0, 0.0, 0.0, 0.0, 0.0, 0.0, 0.0, 0.0, 0.0, 0.0, 0.0, 0.0, 0.0, 0.0, 0.0, 0.0, 0.0, 0.0, 0.0, 0.0, 0.0, 0.0, 0.0, 0.0, 0.0, 0.0, 0.0, 0.0, 0.0, 0.0, 0.0, 0.0, 0.0, 0.0, 0.0, 0.0, 0.0, 0.0, 0.0, 0.0, 0.0, 0.0, 0.0, 0.0, 0.0, 0.0, 0.0, 0.0, 0.0, 0.0, 0.0, 0.0, 0.0, 0.0, 0.0, 0.0, 0.0, 0.0, 0.0, 0.0, 0.0, 0.0, 0.0, 0.0, 0.0, 0.0, 0.0, 0.0, 0.0, 0.0, 0.0, 0.0, 0.0, 0.0, 0.0, 0.0, 0.015625, 0.0, 0.03125, 0.0, 0.0, 0.015625, 0.0, 0.0, 0.015625, 0.0, 0.0, 0.34375, 0.0, 0.0, 0.578125, 0.0, 0.0, 0.0, 0.0, 0.0, 0.0, 0.0, 0.0, 0.0, 0.0, 0.0, 0.0, 0.0, 0.0, 0.0, 0.0, 0.0, 0.0, 0.0, 0.0, 0.0, 0.0, 0.0, 0.0, 0.0, 0.0, 0.0, 0.0, 0.0, 0.0, 0.0, 0.0, 0.0, 0.0, 0.0, 0.0, 0.0, 0.0, 0.0, 0.0, 0.0, 0.0, 0.0, 0.0, 0.0, 0.0, 0.0, 0.0, 0.0, 0.0, 0.0, 0.0, 0.0, 0.0, 0.0, 0.0, 0.0, 0.0, 0.0, 0.0, 0.0, 0.0, 0.0, 0.0, 0.0, 0.0, 0.0, 0.0, 0.0, 0.0, 0.0, 0.0, 0.0, 0.0, 0.0, 0.0, 0.0, 0.0, 0.0, 0.0, 0.0, 0.0, 0.0, 0.0, 0.0, 0.0, 0.0, 0.0, 0.0, 0.0, 0.0, 0.0, 0.0, 0.0, 0.0, 0.0, 0.0, 0.0, 0.0, 0.0, 0.0, 0.0, 0.0, 0.0, 0.0, 0.0, 0.0, 0.0, 0.0, 0.0, 0.0, 0.0, 0.0, 0.0, 0.0, 0.0, 0.0, 0.0, 0.0, 0.0], "tonal.chords_histogram": [0.0, 0.0, 0.0, 0.0, 0.0, 0.0, 0.0, 0.0, 0.0, 0.0, 0.0, 0.0, 5.855855941772461, 0.1501501500606537, 12.6126127243042, 0.0, 7.057056903839111, 0.0, 0.0, 0.9009009003639221, 4.504504680633545, 52.10210037231445, 0.0, 16.816816329956055], "tonal.thpcp": [1.0, 0.3849532902240753, 0.17318275570869446, 0.15145142376422882, 0.2089136391878128, 0.718865156173706, 0.9255744814872742, 0.42212560772895813, 0.13275672495365143, 0.07306337356567383, 0.0573367103934288, 0.06154493987560272, 0.06341230124235153, 0.06960847228765488, 0.10120582580566406, 0.12044039368629456, 0.14574746787548065, 0.2187075912952423, 0.26760348677635193, 0.3117160499095917, 0.8412388563156128, 0.9638341665267944, 0.3833271563053131, 0.1633600890636444, 0.14290359616279602, 0.10845676064491272, 0.09634634852409363, 0.10683586448431015, 0.11789415031671524, 0.1352597177028656, 0.1704692244529724, 0.14289385080337524, 0.09210661798715591, 0.09670985490083694, 0.22056624293327332, 0.8907568454742432], "lowlevel.gfcc.cov": [[1843.494140625, -330.5799255371094, 212.35800170898438, 383.3971862792969, 164.0199432373047, 208.5843048095703, 84.98224639892578, 25.131601333618164, -254.6625213623047, -11.932086944580078, -121.02249145507812, -27.775226593017578, -123.15746307373047], [-330.5799255371094, 922.2907104492188, 135.45619201660156, -122.58338165283203, 105.94107055664062, -26.41954803466797, 58.985958099365234, -38.51819610595703, 194.19886779785156, -27.342618942260742, 148.93942260742188, -29.163969039916992, 92.82241821289062], [212.35800170898438, 135.45619201660156, 921.9783935546875, 374.76904296875, 313.2380676269531, 231.9781494140625, 291.3171691894531, 89.66804504394531, -103.24456024169922, 1.0046356916427612, -30.52004623413086, 1.457869291305542, -48.57790756225586], [383.3971862792969, -122.58338165283203, 374.76904296875, 461.99652099609375, 222.1056671142578, 132.70401000976562, 160.95590209960938, 41.86801528930664, -43.52609634399414, -3.503584146499634, 2.667438268661499, -7.29038143157959, -15.147138595581055], [164.0199432373047, 105.94107055664062, 313.2380676269531, 222.1056671142578, 488.5157470703125, 258.25531005859375, 199.94900512695312, 83.8858871459961, 5.805109977722168, -11.417173385620117, -9.95505428314209, -45.469242095947266, -4.427949905395508], [208.5843048095703, -26.41954803466797, 231.9781494140625, 132.70401000976562, 258.25531005859375, 268.1444091796875, 194.63922119140625, 53.188209533691406, -28.468433380126953, 10.655797004699707, -10.165183067321777, -14.59158992767334, -21.47549057006836], [84.98224639892578, 58.985958099365234, 291.3171691894531, 160.95590209960938, 199.94900512695312, 194.63922119140625, 278.56964111328125, 84.57160949707031, 6.444253444671631, 16.088848114013672, 49.999759674072266, 28.940868377685547, 14.005522727966309], [25.131601333618164, -38.51819610595703, 89.66804504394531, 41.86801528930664, 83.8858871459961, 53.188209533691406, 84.57160949707031, 129.01553344726562, 34.927757263183594, 29.357694625854492, 12.72457218170166, 28.42537498474121, 21.656625747680664], [-254.6625213623047, 194.19886779785156, -103.24456024169922, -43.52609634399414, 5.805109977722168, -28.468433380126953, 6.444253444671631, 34.927757263183594, 239.94654846191406, 63.83059310913086, 112.25045776367188, 26.63046646118164, 87.4546127319336], [-11.932086944580078, -27.342618942260742, 1.0046356916427612, -3.503584146499634, -11.417173385620117, 10.655797004699707, 16.088848114013672, 29.357694625854492, 63.83059310913086, 105.08924865722656, 65.71644592285156, 42.79770278930664, 30.439037322998047], [-121.02249145507812, 148.93942260742188, -30.52004623413086, 2.667438268661499, -9.95505428314209, -10.165183067321777, 49.999759674072266, 12.72457218170166, 112.25045776367188, 65.71644592285156, 161.79222106933594, 71.51805877685547, 76.96162414550781], [-27.775226593017578, -29.163969039916992, 1.457869291305542, -7.29038143157959, -45.469242095947266, -14.59158992767334, 28.940868377685547, 28.42537498474121, 26.63046646118164, 42.79770278930664, 71.51805877685547, 108.21926879882812, 48.068763732910156], [-123.15746307373047, 92.82241821289062, -48.57790756225586, -15.147138595581055, -4.427949905395508, -21.47549057006836, 14.005522727966309, 21.656625747680664, 87.4546127319336, 30.439037322998047, 76.96162414550781, 48.068763732910156, 91.26753997802734]], "lowlevel.gfcc.icov": [[0.000979086966253817, -0.0005832942551933229, 0.0006554904975928366, -0.0014058527303859591, 0.0004492926527746022, -0.0012328397715464234, 0.0006366823799908161, -0.0007145380950532854, 0.0011573664378374815, -0.0009154074941761792, 0.0007437207386828959, -0.0007344416808336973, 0.0007895053713582456], [-0.0005832942551933229, 0.00377176096662879, -0.0023230912629514933, 0.0033843284472823143, -0.0016051206039264798, 0.002384168328717351, -0.0009621694916859269, 0.0023153903894126415, -0.002560719847679138, 0.0036950241774320602, -0.004554039798676968, 0.0034847366623580456, -0.0019903024658560753], [0.0006554904975928366, -0.0023230912629514933, 0.0038038326893001795, -0.0033922994043678045, 0.00043501396430656314, -0.0010547047713771462, -0.0012236533220857382, -0.0014464904088526964, 0.0023452239111065865, -0.003192766336724162, 0.003705345094203949, -0.002697601215913892, 0.002126572886481881], [-0.0014058527303859591, 0.0033843284472823143, -0.0033922994043678045, 0.0075234039686620235, -0.0027473876252770424, 0.0037109104450792074, -0.002126568229869008, 0.0027830430772155523, -0.0025213356129825115, 0.0034859017468988895, -0.004613341297954321, 0.0035663663875311613, -0.0022248930763453245], [0.0004492926527746022, -0.0016051206039264798, 0.00043501396430656314, -0.0027473876252770424, 0.006538956426084042, -0.006413314491510391, 0.0018219599733129144, -0.003238510573282838, 0.0006032208329997957, 0.0003158693725708872, 0.0009295868221670389, 0.0012002040166407824, -0.0007880053599365056], [-0.0012328397715464234, 0.002384168328717351, -0.0010547047713771462, 0.0037109104450792074, -0.006413314491510391, 0.016219818964600563, -0.009400525130331516, 0.004370990674942732, -0.0013955187750980258, -0.0018987138755619526, 0.00045292434515431523, 0.00207891664467752, 0.00037052106927149], [0.0006366823799908161, -0.0009621694916859269, -0.0012236533220857382, -0.002126568229869008, 0.0018219599733129144, -0.009400525130331516, 0.013863570056855679, -0.0055907974019646645, 0.0012226473772898316, 0.003113602288067341, -0.004888405557721853, -0.0015480590518563986, 0.0006365766166709363], [-0.0007145380950532854, 0.0023153903894126415, -0.0014464904088526964, 0.0027830430772155523, -0.003238510573282838, 0.004370990674942732, -0.0055907974019646645, 0.014594382606446743, -0.004016929306089878, -0.0013748493511229753, 0.003095843130722642, -0.0017602359876036644, -0.0027366536669433117], [0.0011573664378374815, -0.002560719847679138, 0.0023452239111065865, -0.0025213356129825115, 0.0006032208329997957, -0.0013955187750980258, 0.0012226473772898316, -0.004016929306089878, 0.011651038192212582, -0.005461054854094982, -0.001381784095428884, 0.0021027636248618364, -0.003822872182354331], [-0.0009154074941761792, 0.0036950241774320602, -0.003192766336724162, 0.0034859017468988895, 0.0003158693725708872, -0.0018987138755619526, 0.003113602288067341, -0.0013748493511229753, -0.005461054854094982, 0.020227713510394096, -0.010582801885902882, 0.0006070230156183243, 0.0003938541922252625], [0.0007437207386828959, -0.004554039798676968, 0.003705345094203949, -0.004613341297954321, 0.0009295868221670389, 0.00045292434515431523, -0.004888405557721853, 0.003095843130722642, -0.001381784095428884, -0.010582801885902882, 0.024597421288490295, -0.010753210633993149, -0.0032157921232283115], [-0.0007344416808336973, 0.0034847366623580456, -0.002697601215913892, 0.0035663663875311613, 0.0012002040166407824, 0.00207891664467752, -0.0015480590518563986, -0.0017602359876036644, 0.0021027636248618364, 0.0006070230156183243, -0.010753210633993149, 0.02230875752866268, -0.009075716137886047], [0.0007895053713582456, -0.0019903024658560753, 0.002126572886481881, -0.0022248930763453245, -0.0007880053599365056, 0.00037052106927149, 0.0006365766166709363, -0.0027366536669433117, -0.003822872182354331, 0.0003938541922252625, -0.0032157921232283115, -0.009075716137886047, 0.026433177292346954]], "lowlevel.mfcc.cov": [[1841.4072265625, -478.7197570800781, -49.86901092529297, 152.62481689453125, 51.50382614135742, 119.27325439453125, 169.0147247314453, 22.051334381103516, -40.83509063720703, -31.77747344970703, -18.407041549682617, -70.66693115234375, -67.21588897705078], [-478.7197570800781, 905.0300903320312, 64.469482421875, -101.75241088867188, 71.41156005859375, -1.683209776878357, -27.805208206176758, 14.850774765014648, 29.781347274780273, 42.27573013305664, 22.908063888549805, 57.48482894897461, 56.19014358520508], [-49.86901092529297, 64.469482421875, 576.621826171875, 270.5801086425781, 57.72196578979492, 137.94253540039062, 206.93724060058594, 103.35276794433594, 42.98147201538086, 3.507215738296509, 21.13063621520996, 34.152156829833984, 7.946153163909912], [152.62481689453125, -101.75241088867188, 270.5801086425781, 359.894775390625, 137.41690063476562, 116.33110809326172, 170.6683807373047, 92.82233428955078, 45.982852935791016, 16.55817413330078, 21.377681732177734, 12.342021942138672, 11.241036415100098], [51.50382614135742, 71.41156005859375, 57.72196578979492, 137.41690063476562, 277.04595947265625, 143.14593505859375, 142.01223754882812, 78.60267639160156, 87.2721939086914, 68.06097412109375, 32.48093795776367, 11.975966453552246, -23.44985008239746], [119.27325439453125, -1.683209776878357, 137.94253540039062, 116.33110809326172, 143.14593505859375, 264.0301818847656, 218.25582885742188, 106.86224365234375, 58.44989013671875, 58.22697830200195, 45.21985626220703, 19.06631088256836, -16.021957397460938], [169.0147247314453, -27.805208206176758, 206.93724060058594, 170.6683807373047, 142.01223754882812, 218.25582885742188, 373.6886901855469, 168.90321350097656, 79.87776947021484, 34.95213317871094, 39.5107307434082, 24.292146682739258, -29.751731872558594], [22.051334381103516, 14.850774765014648, 103.35276794433594, 92.82233428955078, 78.60267639160156, 106.86224365234375, 168.90321350097656, 164.8203125, 76.76139831542969, 35.24209976196289, 28.539018630981445, 28.35585594177246, 0.9826313853263855], [-40.83509063720703, 29.781347274780273, 42.98147201538086, 45.982852935791016, 87.2721939086914, 58.44989013671875, 79.87776947021484, 76.76139831542969, 114.83180236816406, 59.81454086303711, 26.152393341064453, 23.992786407470703, -0.7992923259735107], [-31.77747344970703, 42.27573013305664, 3.507215738296509, 16.55817413330078, 68.06097412109375, 58.22697830200195, 34.95213317871094, 35.24209976196289, 59.81454086303711, 106.8023910522461, 50.32985305786133, 16.58942413330078, 1.1817618608474731], [-18.407041549682617, 22.908063888549805, 21.13063621520996, 21.377681732177734, 32.48093795776367, 45.21985626220703, 39.5107307434082, 28.539018630981445, 26.152393341064453, 50.32985305786133, 79.96971130371094, 35.94963073730469, 16.04071807861328], [-70.66693115234375, 57.48482894897461, 34.152156829833984, 12.342021942138672, 11.975966453552246, 19.06631088256836, 24.292146682739258, 28.35585594177246, 23.992786407470703, 16.58942413330078, 35.94963073730469, 73.42352294921875, 44.492671966552734], [-67.21588897705078, 56.19014358520508, 7.946153163909912, 11.241036415100098, -23.44985008239746, -16.021957397460938, -29.751731872558594, 0.9826313853263855, -0.7992923259735107, 1.1817618608474731, 16.04071807861328, 44.492671966552734, 97.29058837890625]], "lowlevel.mfcc.icov": [[0.0007151237805373967, 0.00027237835456617177, 0.0002748958067968488, -0.00028830519295297563, -3.553554051904939e-06, -0.00020818051416426897, -0.000368201028322801, 0.00013994752953294665, 0.00035276025300845504, 7.024065416771919e-05, 1.420822627551388e-05, 0.0003594700538087636, 3.377016764716245e-05], [0.00027237835456617177, 0.001611629268154502, -0.0006711274618282914, 0.0012271684827283025, -0.0012191104469820857, 0.0003255089104641229, 4.956668271915987e-05, -0.000298271857900545, 0.0005988392513245344, -0.0004402136546559632, 0.00026566695305518806, -0.00034490914549678564, -0.0009274571784771979], [0.0002748958067968488, -0.0006711274618282914, 0.0036794226616621017, -0.0031195904593914747, 0.0019412586698308587, -0.0010530599392950535, -0.000920737802516669, 0.00044432288268581033, -0.0005705438670702279, 0.0005100351991131902, 0.0003437418781686574, -0.0010440886253491044, 0.00105580547824502], [-0.00028830519295297563, 0.0012271684827283025, -0.0031195904593914747, 0.007166445255279541, -0.0037526192609220743, 0.0010518853086978197, -0.0004736919072456658, -0.001243037637323141, 0.0009404593147337437, 0.0003118695749435574, -0.0005733015714213252, 0.0017263749614357948, -0.003035766538232565], [-3.553554051904939e-06, -0.0012191104469820857, 0.0019412586698308587, -0.0037526192609220743, 0.008365320973098278, -0.0028745566960424185, -0.0004629814357031137, 0.0013534633908420801, -0.0037723027635365725, -0.0011242356849834323, 0.0005211482639424503, -0.0006187063409015536, 0.0025440044701099396], [-0.00020818051416426897, 0.0003255089104641229, -0.0010530599392950535, 0.0010518853086978197, -0.0028745566960424185, 0.009393014013767242, -0.00392618402838707, -0.0009306874126195908, 0.0021926371846348047, -0.002830874640494585, -0.0009733454207889736, 0.00033694569719955325, -0.0006457985728047788], [-0.000368201028322801, 4.956668271915987e-05, -0.000920737802516669, -0.0004736919072456658, -0.0004629814357031137, -0.00392618402838707, 0.00857645832002163, -0.005018505733460188, -0.0005631844978779554, 0.0021607549861073494, -0.001000034506432712, -0.0009035900584422052, 0.002309386618435383], [0.00013994752953294665, -0.000298271857900545, 0.00044432288268581033, -0.001243037637323141, 0.0013534633908420801, -0.0009306874126195908, -0.005018505733460188, 0.014720709063112736, -0.006509136408567429, 0.0006388905458152294, -5.167083509149961e-05, -0.0012535430723801255, -0.0006135596777312458], [0.00035276025300845504, 0.0005988392513245344, -0.0005705438670702279, 0.0009404593147337437, -0.0037723027635365725, 0.0021926371846348047, -0.0005631844978779554, -0.006509136408567429, 0.019533630460500717, -0.008643722161650658, 0.0032866501715034246, -0.003668084042146802, 0.0005822292296215892], [7.024065416771919e-05, -0.0004402136546559632, 0.0005100351991131902, 0.0003118695749435574, -0.0011242356849834323, -0.002830874640494585, 0.0021607549861073494, 0.0006388905458152294, -0.008643722161650658, 0.020220262929797173, -0.010860749520361423, 0.0036985715851187706, -7.515642937505618e-05], [1.420822627551388e-05, 0.00026566695305518806, 0.0003437418781686574, -0.0005733015714213252, 0.0005211482639424503, -0.0009733454207889736, -0.001000034506432712, -5.167083509149961e-05, 0.0032866501715034246, -0.010860749520361423, 0.023597970604896545, -0.010212145745754242, 0.0004929894930683076], [0.0003594700538087636, -0.00034490914549678564, -0.0010440886253491044, 0.0017263749614357948, -0.0006187063409015536, 0.00033694569719955325, -0.0009035900584422052, -0.0012535430723801255, -0.003668084042146802, 0.0036985715851187706, -0.010212145745754242, 0.027155760675668716, -0.010834076441824436], [3.377016764716245e-05, -0.0009274571784771979, 0.00105580547824502, -0.003035766538232565, 0.0025440044701099396, -0.0006457985728047788, 0.002309386618435383, -0.0006135596777312458, 0.0005822292296215892, -7.515642937505618e-05, 0.0004929894930683076, -0.010834076441824436, 0.017200259491801262]], "metadata.audio_properties.analysis.downmix": "mix", "metadata.audio_properties.codec": "mp3", "metadata.audio_properties.md5_encoded": "aa4a4839b7fc843c316b4d5609e68a5b", "metadata.tags.file_name": "1183717293184782416.mp3", "metadata.version.essentia": "2.1-beta6-dev", "metadata.version.essentia_git_sha": "v2.1_beta5-1110-g77a6a954", "metadata.version.extractor": "music 2.0", "tonal.chords_key": "E", "tonal.chords_scale": "major", "tonal.key_edma.key": "Eb", "tonal.key_edma.scale": "minor", "tonal.key_krumhansl.key": "Eb", "tonal.key_krumhansl.scale": "minor", "tonal.key_temperley.key": "Eb", "tonal.key_temperley.sca