{"song_id": "1183672651609284648", "download": "https://cdn.discordapp.com/attachments/1135903449314238464/1183672651609284648/chirp.mp4?ex=6589300f&amp", "lyrics": "[Verse]\nIn this game of life, I face my strife\nStruggles cut deep, like a sharp-edged knife\nEvery step forward, met with resistance\nBut I won't back down, gotta go the distance\n\n[Chorus]\nThrough the struggle, I rise, I'm ready to fight\nNo matter what comes my way, I'll make it alright\nI won't let it break me, nah, that ain't right\nI'll keep pushing through, shining in the darkest nights", "style": ["hip hop"], "essentia_features": {"lowlevel.average_loudness": 0.9736864566802979, "lowlevel.barkbands_crest.mean": 11.4754056930542, "lowlevel.barkbands_crest.stdev": 6.127528667449951, "lowlevel.barkbands_flatness_db.mean": 0.15662041306495667, "lowlevel.barkbands_flatness_db.stdev": 0.08152656257152557, "lowlevel.barkbands_kurtosis.mean": 13.891597747802734, "lowlevel.barkbands_kurtosis.stdev": 31.66572380065918, "lowlevel.barkbands_skewness.mean": 2.0843541622161865, "lowlevel.barkbands_skewness.stdev": 2.914846420288086, "lowlevel.barkbands_spread.mean": 35.39042282104492, "lowlevel.barkbands_spread.stdev": 25.50957489013672, "lowlevel.dissonance.mean": 0.4722152054309845, "lowlevel.dissonance.stdev": 0.024389643222093582, "lowlevel.dynamic_complexity": 2.5266225337982178, "lowlevel.erbbands_crest.mean": 11.517192840576172, "lowlevel.erbbands_crest.stdev": 6.714577674865723, "lowlevel.erbbands_flatness_db.mean": 0.14410041272640228, "lowlevel.erbbands_flatness_db.stdev": 0.03607941046357155, "lowlevel.erbbands_kurtosis.mean": 0.8275121450424194, "lowlevel.erbbands_kurtosis.stdev": 3.072205066680908, "lowlevel.erbbands_skewness.mean": -0.026881854981184006, "lowlevel.erbbands_skewness.stdev": 0.9078657031059265, "lowlevel.erbbands_spread.mean": 49.65546798706055, "lowlevel.erbbands_spread.stdev": 26.41050910949707, "lowlevel.hfc.mean": 40.754112243652344, "lowlevel.hfc.stdev": 41.7952880859375, "lowlevel.loudness_ebu128.integrated": -13.411818504333496, "lowlevel.loudness_ebu128.loudness_range": 0.599207878112793, "lowlevel.loudness_ebu128.momentary.mean": -13.720746040344238, "lowlevel.loudness_ebu128.momentary.stdev": 1.7687362432479858, "lowlevel.loudness_ebu128.short_term.mean": -13.35469913482666, "lowlevel.loudness_ebu128.short_term.stdev": 0.20323829352855682, "lowlevel.melbands_crest.mean": 19.165042877197266, "lowlevel.melbands_crest.stdev": 10.190030097961426, "lowlevel.melbands_flatness_db.mean": 0.2078663408756256, "lowlevel.melbands_flatness_db.stdev": 0.11058051139116287, "lowlevel.melbands_kurtosis.mean": 56.79442596435547, "lowlevel.melbands_kurtosis.stdev": 122.53782653808594, "lowlevel.melbands_skewness.mean": 4.54998254776001, "lowlevel.melbands_skewness.stdev": 5.00519323348999, "lowlevel.melbands_spread.mean": 44.746402740478516, "lowlevel.melbands_spread.stdev": 42.800880432128906, "lowlevel.pitch_salience.mean": 0.4368846118450165, "lowlevel.pitch_salience.stdev": 0.19599929451942444, "lowlevel.silence_rate_20dB.mean": 1.0, "lowlevel.silence_rate_20dB.stdev": 0.0, "lowlevel.silence_rate_30dB.mean": 0.732196569442749, "lowlevel.silence_rate_30dB.stdev": 0.4428137540817261, "lowlevel.silence_rate_60dB.mean": 0.021063189953565598, "lowlevel.silence_rate_60dB.stdev": 0.14359529316425323, "lowlevel.spectral_centroid.mean": 2162.398193359375, "lowlevel.spectral_centroid.stdev": 992.7308349609375, "lowlevel.spectral_complexity.mean": 16.02808380126953, "lowlevel.spectral_complexity.stdev": 12.451765060424805, "lowlevel.spectral_decrease.mean": -1.743935129638885e-08, "lowlevel.spectral_decrease.stdev": 2.315438152322713e-08, "lowlevel.spectral_energy.mean": 0.06951668113470078, "lowlevel.spectral_energy.stdev": 0.08756900578737259, "lowlevel.spectral_energyband_high.mean": 0.0036848303861916065, "lowlevel.spectral_energyband_high.stdev": 0.005171569064259529, "lowlevel.spectral_energyband_low.mean": 0.05518468841910362, "lowlevel.spectral_energyband_low.stdev": 0.08746486902236938, "lowlevel.spectral_energyband_middle_high.mean": 0.0053221965208649635, "lowlevel.spectral_energyband_middle_high.stdev": 0.005065390840172768, "lowlevel.spectral_energyband_middle_low.mean": 0.005911980755627155, "lowlevel.spectral_energyband_middle_low.stdev": 0.008303718641400337, "lowlevel.spectral_entropy.mean": 8.060457229614258, "lowlevel.spectral_entropy.stdev": 0.34996917843818665, "lowlevel.spectral_flux.mean": 0.13670170307159424, "lowlevel.spectral_flux.stdev": 0.11043359339237213, "lowlevel.spectral_kurtosis.mean": 1.718579888343811, "lowlevel.spectral_kurtosis.stdev": 1.5881150960922241, "lowlevel.spectral_rms.mean": 0.006777522154152393, "lowlevel.spectral_rms.stdev": 0.004678297787904739, "lowlevel.spectral_rolloff.mean": 3159.07666015625, "lowlevel.spectral_rolloff.stdev": 3302.760009765625, "lowlevel.spectral_skewness.mean": 1.0588182210922241, "lowlevel.spectral_skewness.stdev": 0.39164188504219055, "lowlevel.spectral_spread.mean": 6554538.0, "lowlevel.spectral_spread.stdev": 1465619.875, "lowlevel.spectral_strongpeak.mean": 0.9781553745269775, "lowlevel.spectral_strongpeak.stdev": 0.9524994492530823, "lowlevel.zerocrossingrate.mean": 0.10417972505092621, "lowlevel.zerocrossingrate.stdev": 0.07832520455121994, "metadata.audio_properties.analysis.equal_loudness": 0.0, "metadata.audio_properties.analysis.length": 23.124286651611328, "metadata.audio_properties.analysis.sample_rate": 44100.0, "metadata.audio_properties.analysis.start_time": 0.0, "metadata.audio_properties.bit_rate": 120821.0, "metadata.audio_properties.length": 23.125333786010742, "metadata.audio_properties.lossless": 0.0, "metadata.audio_properties.number_channels": 1.0, "metadata.audio_properties.replay_gain": -11.753108978271484, "metadata.audio_properties.sample_rate": 48000.0, "rhythm.beats_count": 32.0, "rhythm.beats_loudness.mean": 0.12507933378219604, "rhythm.beats_loudness.stdev": 0.09475462883710861, "rhythm.bpm": 84.69696807861328, "rhythm.bpm_histogram_first_peak_bpm": 85.0, "rhythm.bpm_histogram_first_peak_weight": 0.0740741491317749, "rhythm.bpm_histogram_second_peak_bpm": 78.0, "rhythm.bpm_histogram_second_peak_spread": 0.25, "rhythm.bpm_histogram_second_peak_weight": 0.09677419066429138, "rhythm.danceability": 2.1110470294952393, "rhythm.onset_rate": 5.272555351257324, "tonal.chords_changes_rate": 0.05210420861840248, "tonal.chords_number_rate": 0.010020039975643158, "tonal.chords_strength.mean": 0.5960140824317932, "tonal.chords_strength.stdev": 0.05828653648495674, "tonal.hpcp_crest.mean": 13.9938325881958, "tonal.hpcp_crest.stdev": 4.6118550300598145, "tonal.hpcp_entropy.mean": 1.7800801992416382, "tonal.hpcp_entropy.stdev": 0.6241075396537781, "tonal.key_edma.strength": 0.6417522430419922, "tonal.key_krumhansl.strength": 0.6330413222312927, "tonal.key_temperley.strength": 0.6111317873001099, "tonal.tuning_diatonic_strength": 0.5684230923652649, "tonal.tuning_equal_tempered_deviation": 0.2779836058616638, "tonal.tuning_frequency": 434.193115234375, "tonal.tuning_nontempered_energy_ratio": 0.9674728512763977, "lowlevel.barkbands.mean": [0.008045761846005917, 0.041263654828071594, 0.005322219338268042, 0.0021825076546519995, 0.001108733587898314, 0.0012965314090251923, 0.0003193348820786923, 0.0004997773212380707, 0.00044502908713184297, 0.0003244891413487494, 0.0014126661699265242, 0.0008186408085748553, 0.00035491210292093456, 0.0003282552061136812, 0.0003590761043597013, 0.00027316241175867617, 0.0005720669287256896, 0.00029468152206391096, 0.00047608785098418593, 0.0003347002493683249, 0.0007885736413300037, 0.000693387002684176, 0.000734761415515095, 0.0005678417510353029, 0.0005011735484004021, 0.00019466681987978518, 4.0461186472384725e-06], "lowlevel.barkbands.stdev": [0.016425417736172676, 0.07085641473531723, 0.021092014387249947, 0.0053066774271428585, 0.0026271778624504805, 0.0025271503254771233, 0.0008056319784373045, 0.0014372100122272968, 0.0011763509828597307, 0.00099475821480155, 0.0019177526701241732, 0.001707076677121222, 0.0009309434099122882, 0.0007107423152774572, 0.0007832606788724661, 0.000666459440253675, 0.0009410563507117331, 0.00046255585039034486, 0.0007367749931290746, 0.0007065698737278581, 0.0014058263041079044, 0.0011264259228482842, 0.0009992020204663277, 0.0007822602055966854, 0.0007339799194596708, 0.0003898460417985916, 1.7546677554491907e-05], "lowlevel.erbbands.mean": [2.0072124004364014, 5.9092206954956055, 7.22031307220459, 6.593881130218506, 6.763808250427246, 2.281247138977051, 3.484480857849121, 13.52956485748291, 5.750420570373535, 9.676779747009277, 8.121221542358398, 11.38149642944336, 9.138344764709473, 13.938034057617188, 80.2942123413086, 26.39556312561035, 17.06193733215332, 17.021554946899414, 20.811655044555664, 14.054610252380371, 18.417694091796875, 33.56586456298828, 17.89141273498535, 23.47412109375, 19.273731231689453, 15.524173736572266, 29.82659149169922, 29.554487228393555, 25.490222930908203, 23.16582489013672, 19.51134490966797, 13.264861106872559, 9.29344367980957, 6.655787944793701, 2.8733203411102295, 1.1651840209960938, 0.2837548553943634, 0.03042323887348175, 0.0007438685279339552, 0.00011576338874874637], "lowlevel.erbbands.stdev": [3.551232099533081, 13.029861450195312, 24.708236694335938, 20.94634437561035, 13.855023384094238, 5.700024127960205, 7.05580472946167, 27.744779586791992, 14.93067455291748, 23.944902420043945, 23.97817039489746, 30.99958038330078, 25.92028045654297, 32.01016616821289, 99.11400604248047, 52.634132385253906, 44.39984130859375, 33.85163497924805, 41.450279235839844, 31.045150756835938, 40.40019226074219, 55.863365173339844, 25.882495880126953, 35.37794494628906, 32.952205657958984, 31.618671417236328, 54.684059143066406, 53.185115814208984, 43.16989517211914, 34.165306091308594, 26.250736236572266, 18.101184844970703, 13.161361694335938, 9.536408424377441, 4.496334075927734, 2.147294759750366, 0.5815665125846863, 0.0903654620051384, 0.0020041188690811396, 0.00011664932389976457], "lowlevel.gfcc.mean": [15.754318237304688, 28.587505340576172, -96.85717010498047, 55.62077713012695, -47.43613815307617, 50.36387252807617, -27.004436492919922, 14.703868865966797, -33.17647933959961, 6.457910537719727, -9.616925239562988, 15.717354774475098, -10.008139610290527], "lowlevel.melbands.mean": [0.014357274398207664, 0.004859165288507938, 0.0011906325817108154, 0.00030089824576862156, 0.00011166339390911162, 0.0002817161730490625, 8.590640936745331e-05, 0.0001142524997703731, 5.779732236987911e-05, 7.367854414042085e-05, 4.5194756239652634e-05, 4.658157195081003e-05, 0.00021531486709136516, 0.0001463952794438228, 3.676315100165084e-05, 3.739873500308022e-05, 3.0915958632249385e-05, 3.3648040698608384e-05, 2.432897235848941e-05, 1.6907757526496425e-05, 2.185142511734739e-05, 3.83568367396947e-05, 2.099734228977468e-05, 1.2697011698037386e-05, 2.0073619452887215e-05, 1.6921765563893132e-05, 1.0078343620989472e-05, 9.96103244688129e-06, 1.6889864127733745e-05, 2.0578043404384516e-05, 1.622206218598876e-05, 1.5015682038210798e-05, 1.2099189007130917e-05, 1.33159419419826e-05, 1.117743431677809e-05, 1.0353048310207669e-05, 7.358697985182516e-06, 6.616087830479955e-06, 6.1156065385148395e-06, 5.447990588436369e-06], "lowlevel.melbands.stdev": [0.024333808571100235, 0.012720342725515366, 0.003264511004090309, 0.0006559088942594826, 0.00022874376736581326, 0.0005719632026739419, 0.0002175530680688098, 0.0002885650610551238, 0.00016682231216691434, 0.0002045244036708027, 0.00013330219371709973, 0.00013289575872477144, 0.0002918626996688545, 0.000211025879252702, 0.00012011326180072501, 9.645561658544466e-05, 6.743366975570098e-05, 6.938391015864909e-05, 5.7916793593904004e-05, 4.018324762000702e-05, 5.1602968596853316e-05, 6.791029591113329e-05, 3.328088132548146e-05, 1.9840435925289057e-05, 3.142714558634907e-05, 2.8320198907749727e-05, 2.09192767215427e-05, 2.1147518054931425e-05, 3.301941615063697e-05, 3.5577228118199855e-05, 3.0932897061575204e-05, 2.613916149130091e-05, 1.9283306755824015e-05, 1.9843944755848497e-05, 1.5464533134945668e-05, 1.4347199794428889e-05, 1.0294527783116791e-05, 9.947144462785218e-06, 8.327971954713576e-06, 8.338914085470606e-06], "lowlevel.melbands128.mean": [0.0075017246417701244, 0.019734814763069153, 0.015074952505528927, 0.008331338874995708, 0.0043946802616119385, 0.002312950324267149, 0.0012862671865150332, 0.0010878772009164095, 0.0007067385013215244, 0.00020716461585834622, 8.368220733245835e-05, 6.897949060657993e-05, 7.95405576354824e-05, 0.00020131166093051434, 0.00036966046900488436, 0.00031432058312930167, 0.00010282847506459802, 3.592759094317444e-05, 6.228200072655454e-05, 0.00012058010179316625, 0.0001450183044653386, 9.137741290032864e-05, 3.456805643509142e-05, 3.26720328303054e-05, 8.296370651805773e-05, 9.555012366035953e-05, 4.4075273763155565e-05, 3.151001874357462e-05, 5.1595965487649664e-05, 5.9041140048066154e-05, 3.738871600944549e-05, 3.7356257962528616e-05, 0.00013091393338982016, 0.0005285734077915549, 0.00016963423695415258, 4.340561281424016e-05, 4.7533652832498774e-05, 3.721901521203108e-05, 2.723317447816953e-05, 4.0502138290321454e-05, 4.4579086534213275e-05, 2.6678240828914568e-05, 2.4698852939764038e-05, 4.1616112866904587e-05, 2.7219310140935704e-05, 3.326280784676783e-05, 3.9683673094259575e-05, 2.4778164515737444e-05, 1.944460382219404e-05, 1.359518228127854e-05, 1.6017682355595753e-05, 2.1936784833087586e-05, 1.6652360500302166e-05, 2.3630493160453625e-05, 2.88484625343699e-05, 5.265268191578798e-05, 3.230605216231197e-05, 2.2704987713950686e-05, 1.7930624380824156e-05, 1.4587810255761724e-05, 1.0649008800101e-05, 1.2397941645758692e-05, 1.775418786564842e-05, 2.4987997676362284e-05, 1.895124660222791e-05, 1.8553670088294894e-05, 1.4654475307906978e-05, 9.953774679161143e-06, 9.330544344265945e-06, 9.696193956187926e-06, 8.083182365226094e-06, 1.0855375876417384e-05, 1.4167681001708843e-05, 1.7112075511249714e-05, 2.1489549908437766e-05, 2.283954199810978e-05, 1.9682029233081266e-05, 1.541808705951553e-05, 1.6744128515711054e-05, 1.52657139551593e-05, 1.6096555555122904e-05, 1.4828145140199922e-05, 1.2807761777366977e-05, 1.1077933777414728e-05, 1.185365817946149e-05, 1.4182972336129751e-05, 1.336475270363735e-05, 1.2831475032726303e-05, 1.0316748557670508e-05, 1.0440763617225457e-05, 1.2189406334073283e-05, 1.0221039701718837e-05, 7.680801900278311e-06, 6.7359019340074155e-06, 7.720911526121199e-06, 7.259022822836414e-06, 6.145639417809434e-06, 5.9900439737248234e-06, 6.055389349057805e-06, 6.146751275082352e-06, 6.336031674436526e-06, 4.981254278391134e-06, 5.045538728154497e-06, 4.124466158828e-06, 2.7782662073150277e-06, 2.4859900804585777e-06, 2.5246181394322775e-06, 2.482115178281674e-06, 1.9023511867999332e-06, 1.770716494320368e-06, 1.5261075532180257e-06, 9.551545190333854e-07, 8.133991400427476e-07, 6.078627734495967e-07, 5.099886379866803e-07, 2.7843458383358666e-07, 1.3932816500528133e-07, 3.1851989490405686e-08, 1.3063249371114694e-09, 1.2870557918043257e-11, 1.2411889224739348e-11, 1.2161013515643582e-11, 1.1911625331928466e-11, 1.15317746671173e-11, 1.032898766517576e-11, 8.50330743318306e-12, 7.500658948111916e-12, 7.31813828286354e-12], "lowlevel.melbands128.stdev": [0.015432662330567837, 0.036731984466314316, 0.028818106278777122, 0.021429387852549553, 0.014971614815294743, 0.009296358563005924, 0.004629823379218578, 0.0022434100974351168, 0.0016372099053114653, 0.000641338003333658, 0.00027731608133763075, 0.00026301288744434714, 0.0002386823616689071, 0.0004633615317288786, 0.0007515817997045815, 0.0009422063594684005, 0.00040151647408492863, 0.0001039000489981845, 0.0002034752833424136, 0.0003468881477601826, 0.0004612333723343909, 0.00036484876181930304, 0.00014969547919463366, 0.00012331824109423906, 0.0002691785921342671, 0.0003145629889331758, 0.00019580575462896377, 0.000157162532559596, 0.00021746808488387614, 0.0002116654795827344, 0.0001320699229836464, 0.00017164972086902708, 0.00037898324080742896, 0.0006128769600763917, 0.0004099107172805816, 0.00017200506408698857, 0.00019449090177658945, 0.00017048788140527904, 0.00011106920283054933, 0.00014306262892205268, 0.0001354401174467057, 7.897548493929207e-05, 6.285002746153623e-05, 0.00013296867837198079, 7.764590554870665e-05, 8.387192065129057e-05, 0.00010618983651511371, 7.59945105528459e-05, 6.64617182337679e-05, 4.033678851556033e-05, 4.4870434066979215e-05, 6.978870078455657e-05, 5.764253728557378e-05, 6.221832882147282e-05, 6.188078259583563e-05, 0.0001115747363655828, 7.222744170576334e-05, 4.702877049567178e-05, 3.523172199493274e-05, 2.5586212359485216e-05, 1.8491511582396924e-05, 2.297167338838335e-05, 3.0390701795113273e-05, 4.573144906316884e-05, 3.705751441884786e-05, 3.342159106978215e-05, 3.161980566801503e-05, 2.0798253899556585e-05, 2.3559854525956325e-05, 2.4562612452427857e-05, 2.039754508587066e-05, 2.4618460884084925e-05, 3.263854523538612e-05, 3.8082180253695697e-05, 4.3674259359249845e-05, 3.9495585951954126e-05, 3.741418186109513e-05, 3.099545574514195e-05, 3.786923480220139e-05, 2.991270048369188e-05, 2.9982213163748384e-05, 2.6667008569347672e-05, 2.5460458346060477e-05, 1.8438571714796126e-05, 1.897121728688944e-05, 2.234357270936016e-05, 2.2215490389498882e-05, 2.017172664636746e-05, 1.5794572391314432e-05, 1.561082353873644e-05, 1.8525308405514807e-05, 1.5337685908889398e-05, 1.2505923223216087e-05, 1.0957663107546978e-05, 1.1052724403270986e-05, 1.1413382708269637e-05, 1.1491643817862496e-05, 9.013899216370191e-06, 9.046666491485666e-06, 9.086552381631918e-06, 9.262262210540939e-06, 8.735736628295854e-06, 8.831823834043462e-06, 7.780063242535107e-06, 4.996845291316276e-06, 3.833931714325445e-06, 3.945840489905095e-06, 4.340280156611698e-06, 4.10361826652661e-06, 4.306865776015911e-06, 4.500946943153394e-06, 1.6885135210031876e-06, 1.6057987295425846e-06, 1.6399296782765305e-06, 1.6389304846597952e-06, 1.04480955087638e-06, 5.836823220306542e-07, 1.9804183182259294e-07, 1.7548693165281293e-08, 7.175615657217804e-11, 7.206959334871144e-11, 7.129725976273704e-11, 7.118804157268954e-11, 6.747930686445969e-11, 4.952640381139517e-11, 2.2732697668725876e-11, 1.3819966004913198e-11, 1.3573797467969495e-11], "lowlevel.mfcc.mean": [-632.5227661132812, 54.9406623840332, 20.409292221069336, 23.00556182861328, 17.624847412109375, 29.702560424804688, 21.203248977661133, 16.739368438720703, 0.8450888991355896, -5.370660305023193, -0.10890860110521317, 6.699344158172607, 9.19875431060791], "lowlevel.spectral_contrast_coeffs.mean": [-0.7121454477310181, -0.7640500664710999, -0.7064749002456665, -0.8059490919113159, -0.7970645427703857, -0.7673131823539734], "lowlevel.spectral_contrast_coeffs.stdev": [0.07203461229801178, 0.09382692724466324, 0.067265585064888, 0.05036472529172897, 0.04216225817799568, 0.035336680710315704], "lowlevel.spectral_contrast_valleys.mean": [-7.127708435058594, -7.8121795654296875, -7.828182220458984, -7.7280592918396, -7.23551607131958, -9.058270454406738], "lowlevel.spectral_contrast_valleys.stdev": [0.8570061326026917, 1.1024434566497803, 0.8931792378425598, 0.6542637348175049, 0.7177966237068176, 0.8113212585449219], "rhythm.beats_loudness_band_ratio.mean": [0.5248439908027649, 0.05338320508599281, 0.055138446390628815, 0.0722624883055687, 0.054540086537599564, 0.26066815853118896], "rhythm.beats_loudness_band_ratio.stdev": [0.40612825751304626, 0.07541057467460632, 0.06703182309865952, 0.1086031049489975, 0.058510489761829376, 0.2657390534877777], "tonal.hpcp.mean": [0.1809207797050476, 0.16896377503871918, 0.06722620874643326, 0.038217540830373764, 0.030542055144906044, 0.02900582365691662, 0.033701784908771515, 0.03295372799038887, 0.042718641459941864, 0.16069190204143524, 0.3313750624656677, 0.22854258120059967, 0.05494965240359306, 0.04808681830763817, 0.04548889398574829, 0.04855842515826225, 0.053984135389328, 0.07100557535886765, 0.12218355387449265, 0.1415117233991623, 0.13968580961227417, 0.16494470834732056, 0.16273245215415955, 0.17367254197597504, 0.2522173821926117, 0.24385936558246613, 0.1437118500471115, 0.09824256598949432, 0.078008271753788, 0.06302906572818756, 0.062090493738651276, 0.063438780605793, 0.055276766419410706, 0.054368555545806885, 0.07190451771020889, 0.09962491691112518], "tonal.hpcp.stdev": [0.2957104742527008, 0.29530069231987, 0.16622035205364227, 0.12500159442424774, 0.10521577298641205, 0.09418646991252899, 0.11050169914960861, 0.10262929648160934, 0.11761434376239777, 0.1998053938150406, 0.3567627966403961, 0.2599879801273346, 0.15776154398918152, 0.15110912919044495, 0.14030694961547852, 0.14376993477344513, 0.15629330277442932, 0.17645280063152313, 0.2564568519592285, 0.26885145902633667, 0.2646230459213257, 0.298954576253891, 0.2841358780860901, 0.2783713638782501, 0.3476596772670746, 0.3419594466686249, 0.24411869049072266, 0.22484487295150757, 0.19906504452228546, 0.17432594299316406, 0.16833770275115967, 0.16142098605632782, 0.133381649851799, 0.14197027683258057, 0.18168172240257263, 0.21219506859779358], "rhythm.beats_position": [0.7546485066413879, 1.5209070444107056, 2.2755556106567383, 3.041814088821411, 3.808072566986084, 4.551111221313477, 5.25931978225708, 5.967528343200684, 6.675736904144287, 7.383945465087891, 8.080544471740723, 8.788752555847168, 9.49696159362793, 10.205169677734375, 10.913378715515137, 11.609976768493652, 12.318185806274414, 13.02639389038086, 13.734602928161621, 14.442811965942383, 15.139410018920898, 15.85922908782959, 16.555828094482422, 17.252426147460938, 17.960634231567383, 18.668842315673828, 19.377052307128906, 20.08526039123535, 20.781858444213867, 21.490068435668945, 22.19827651977539, 22.894874572753906], "rhythm.bpm_histogram": [0.0, 0.0, 0.0, 0.0, 0.0, 0.0, 0.0, 0.0, 0.0, 0.0, 0.0, 0.0, 0.0, 0.0, 0.0, 0.0, 0.0, 0.0, 0.0, 0.0, 0.0, 0.0, 0.0, 0.0, 0.0, 0.0, 0.0, 0.0, 0.0, 0.0, 0.0, 0.0, 0.0, 0.0, 0.0, 0.0, 0.0, 0.0, 0.0, 0.0, 0.0, 0.0, 0.0, 0.0, 0.0, 0.0, 0.0, 0.0, 0.0, 0.0, 0.0, 0.0, 0.0, 0.0, 0.0, 0.0, 0.0, 0.0, 0.0, 0.0, 0.0, 0.0, 0.0, 0.0, 0.0, 0.0, 0.0, 0.0, 0.0, 0.0, 0.0, 0.0, 0.0, 0.0, 0.0, 0.0, 0.0, 0.0, 0.09677419066429138, 0.0, 0.032258063554763794, 0.032258063554763794, 0.0, 0.032258063554763794, 0.0, 0.5806451439857483, 0.22580644488334656, 0.0, 0.0, 0.0, 0.0, 0.0, 0.0, 0.0, 0.0, 0.0, 0.0, 0.0, 0.0, 0.0, 0.0, 0.0, 0.0, 0.0, 0.0, 0.0, 0.0, 0.0, 0.0, 0.0, 0.0, 0.0, 0.0, 0.0, 0.0, 0.0, 0.0, 0.0, 0.0, 0.0, 0.0, 0.0, 0.0, 0.0, 0.0, 0.0, 0.0, 0.0, 0.0, 0.0, 0.0, 0.0, 0.0, 0.0, 0.0, 0.0, 0.0, 0.0, 0.0, 0.0, 0.0, 0.0, 0.0, 0.0, 0.0, 0.0, 0.0, 0.0, 0.0, 0.0, 0.0, 0.0, 0.0, 0.0, 0.0, 0.0, 0.0, 0.0, 0.0, 0.0, 0.0, 0.0, 0.0, 0.0, 0.0, 0.0, 0.0, 0.0, 0.0, 0.0, 0.0, 0.0, 0.0, 0.0, 0.0, 0.0, 0.0, 0.0, 0.0, 0.0, 0.0, 0.0, 0.0, 0.0, 0.0, 0.0, 0.0, 0.0, 0.0, 0.0, 0.0, 0.0, 0.0, 0.0, 0.0, 0.0, 0.0, 0.0, 0.0, 0.0, 0.0, 0.0, 0.0, 0.0, 0.0, 0.0, 0.0, 0.0, 0.0, 0.0, 0.0, 0.0, 0.0, 0.0, 0.0, 0.0, 0.0, 0.0, 0.0, 0.0, 0.0, 0.0, 0.0, 0.0, 0.0, 0.0, 0.0, 0.0, 0.0, 0.0, 0.0, 0.0, 0.0, 0.0, 0.0, 0.0, 0.0, 0.0, 0.0, 0.0, 0.0, 0.0, 0.0, 0.0, 0.0, 0.0, 0.0, 0.0, 0.0, 0.0], "tonal.chords_histogram": [48.897796630859375, 22.444889068603516, 0.0, 0.0, 0.0, 0.0, 0.0, 0.0, 0.0, 0.0, 0.0, 0.0, 0.0, 0.0, 0.0, 0.0, 0.0, 21.442886352539062, 2.204408884048462, 5.0100202560424805, 0.0, 0.0, 0.0, 0.0], "tonal.thpcp": [1.0, 0.6896795034408569, 0.16582313179969788, 0.14511296153068542, 0.1372731328010559, 0.14653614163398743, 0.16290946304798126, 0.2142755538225174, 0.3687168061733246, 0.42704397439956665, 0.42153385281562805, 0.4977583587169647, 0.4910823702812195, 0.5240966081619263, 0.7611235976219177, 0.7359013557434082, 0.4336833655834198, 0.29646939039230347, 0.2354077845811844, 0.19020462036132812, 0.18737225234508514, 0.19144102931022644, 0.1668102741241455, 0.1640695482492447, 0.21698832511901855, 0.3006409704685211, 0.5459697842597961, 0.5098868012428284, 0.2028704583644867, 0.11533016711473465, 0.09216763079166412, 0.08753170073032379, 0.10170283913612366, 0.0994454100728035, 0.1289132684469223, 0.4849245548248291], "lowlevel.gfcc.cov": [[4011.66845703125, 18.394683837890625, -104.76611328125, -41.188087463378906, -746.13525390625, -859.1812133789062, -475.39080810546875, 198.12680053710938, 378.0799560546875, 139.1512451171875, -145.83656311035156, -103.52241516113281, -104.79744720458984], [18.394683837890625, 1725.0540771484375, 0.30634304881095886, -190.903076171875, 90.703125, -364.7107238769531, -164.13275146484375, -19.294776916503906, 264.3045349121094, -4.688898086547852, 169.44955444335938, -39.467681884765625, 50.03129196166992], [-104.76611328125, 0.30634304881095886, 630.60107421875, 289.2357177734375, 139.87887573242188, 152.44509887695312, 129.57290649414062, -63.00783157348633, -26.25231170654297, 50.45214080810547, 55.13001251220703, 36.47465896606445, 58.740386962890625], [-41.188087463378906, -190.903076171875, 289.2357177734375, 430.9489440917969, 164.0189208984375, 123.0972900390625, 47.57878112792969, -53.825008392333984, -13.152670860290527, 23.377647399902344, 20.928295135498047, 23.680315017700195, 76.4178466796875], [-746.13525390625, 90.703125, 139.87887573242188, 164.0189208984375, 481.18096923828125, 270.4500732421875, 137.20225524902344, 14.504252433776855, 26.150562286376953, -6.769476413726807, 81.18531036376953, 42.026466369628906, 63.54781723022461], [-859.1812133789062, -364.7107238769531, 152.44509887695312, 123.0972900390625, 270.4500732421875, 539.3713989257812, 353.175537109375, 31.07299041748047, -112.11662292480469, -19.34148406982422, 39.570343017578125, 33.996009826660156, 32.99909973144531], [-475.39080810546875, -164.13275146484375, 129.57290649414062, 47.57878112792969, 137.20225524902344, 353.175537109375, 430.2711181640625, 127.60004425048828, -10.794713020324707, 1.9964505434036255, 55.16057205200195, 28.39704704284668, 18.609302520751953], [198.12680053710938, -19.294776916503906, -63.00783157348633, -53.825008392333984, 14.504252433776855, 31.07299041748047, 127.60004425048828, 204.56124877929688, 137.2347869873047, 29.36438751220703, 28.566593170166016, 1.4743338823318481, -10.099492073059082], [378.0799560546875, 264.3045349121094, -26.25231170654297, -13.152670860290527, 26.150562286376953, -112.11662292480469, -10.794713020324707, 137.2347869873047, 258.31842041015625, 93.49732971191406, 66.2701187133789, -9.932673454284668, 21.161972045898438], [139.1512451171875, -4.688898086547852, 50.45214080810547, 23.377647399902344, -6.769476413726807, -19.34148406982422, 1.9964505434036255, 29.36438751220703, 93.49732971191406, 112.61344909667969, 50.09739685058594, 6.539716720581055, 13.300185203552246], [-145.83656311035156, 169.44955444335938, 55.13001251220703, 20.928295135498047, 81.18531036376953, 39.570343017578125, 55.16057205200195, 28.566593170166016, 66.2701187133789, 50.09739685058594, 126.94590759277344, 56.2835693359375, 51.0182991027832], [-103.52241516113281, -39.467681884765625, 36.47465896606445, 23.680315017700195, 42.026466369628906, 33.996009826660156, 28.39704704284668, 1.4743338823318481, -9.932673454284668, 6.539716720581055, 56.2835693359375, 90.41368103027344, 54.748870849609375], [-104.79744720458984, 50.03129196166992, 58.740386962890625, 76.4178466796875, 63.54781723022461, 32.99909973144531, 18.609302520751953, -10.099492073059082, 21.161972045898438, 13.300185203552246, 51.0182991027832, 54.748870849609375, 97.01358795166016]], "lowlevel.gfcc.icov": [[0.0006558933528140187, 8.311939745908603e-05, -0.00024143718474078923, -0.0004038573242723942, 0.000807092699687928, 0.0004503302916418761, 0.00036854014615528286, -0.0006919614970684052, -0.0008016800275072455, 9.314499766333029e-05, 0.0005211379611864686, -0.0002959963749162853, 0.00036045844899490476], [8.311939745908603e-05, 0.001968247117474675, -0.0006500000017695129, 0.0013697650283575058, -0.0006935145356692374, 0.0018137412844225764, -0.0007855863077566028, 0.0021667261607944965, -0.002513122046366334, 0.003402378410100937, -0.0037309685721993446, 0.003218091791495681, -0.0011693598935380578], [-0.00024143718474078923, -0.0006500000017695129, 0.00303015043027699, -0.0018646110547706485, -0.00021171705157030374, -0.00028671330073848367, -0.0012076407438144088, 0.0009758919477462769, 0.0010593038750812411, -0.002208217279985547, 0.0007359824376180768, -0.0013429387472569942, 0.0007204047869890928], [-0.0004038573242723942, 0.0013697650283575058, -0.0018646110547706485, 0.005503653548657894, -0.0019246102310717106, 0.0006242209929041564, -0.00043323732097633183, 0.0022872949484735727, -0.001222508610226214, 0.001641946262679994, -0.001566390972584486, 0.0033528655767440796, -0.004006174858659506], [0.000807092699687928, -0.0006935145356692374, -0.00021171705157030374, -0.0019246102310717106, 0.005649538245052099, -0.003337776055559516, 0.0020221543963998556, -0.0007341349264606833, -0.0030611068941652775, 0.0017465699929744005, 0.00034781097201630473, -0.0023039160296320915, 0.0013896357268095016], [0.0004503302916418761, 0.0018137412844225764, -0.00028671330073848367, 0.0006242209929041564, -0.003337776055559516, 0.009597749449312687, -0.005585201550275087, 0.0007017145399004221, 0.0023867839481681585, 0.00014860746159683913, -0.002783471718430519, 0.004245678894221783, -0.002174118533730507], [0.00036854014615528286, -0.0007855863077566028, -0.0012076407438144088, -0.00043323732097633183, 0.0020221543963998556, -0.005585201550275087, 0.008891519159078598, -0.006700925994664431, 0.001569033833220601, -0.0002109699707943946, -0.0004447150568012148, -0.000546699040569365, 0.0002768102567642927], [-0.0006919614970684052, 0.0021667261607944965, 0.0009758919477462769, 0.0022872949484735727, -0.0007341349264606833, 0.0007017145399004221, -0.006700925994664431, 0.019291872158646584, -0.013510702177882195, 0.006977638695389032, -0.0019001708133146167, -0.001749117043800652, 0.0032553679775446653], [-0.0008016800275072455, -0.002513122046366334, 0.0010593038750812411, -0.001222508610226214, -0.0030611068941652775, 0.0023867839481681585, 0.001569033833220601, -0.013510702177882195, 0.021751249209046364, -0.013104405254125595, -0.0005369868013076484, 0.0049720630049705505, -0.005234252195805311], [9.314499766333029e-05, 0.003402378410100937, -0.002208217279985547, 0.001641946262679994, 0.0017465699929744005, 0.00014860746159683913, -0.0002109699707943946, 0.006977638695389032, -0.013104405254125595, 0.02329358085989952, -0.011043759062886238, 0.004265660420060158, 0.0010274366941303015], [0.0005211379611864686, -0.0037309685721993446, 0.0007359824376180768, -0.001566390972584486, 0.00034781097201630473, -0.002783471718430519, -0.0004447150568012148, -0.0019001708133146167, -0.0005369868013076484, -0.011043759062886238, 0.025984954088926315, -0.015742268413305283, 0.0007317842682823539], [-0.0002959963749162853, 0.003218091791495681, -0.0013429387472569942, 0.0033528655767440796, -0.0023039160296320915, 0.004245678894221783, -0.000546699040569365, -0.001749117043800652, 0.0049720630049705505, 0.004265660420060158, -0.015742268413305283, 0.030098022893071175, -0.014195814728736877], [0.00036045844899490476, -0.0011693598935380578, 0.0007204047869890928, -0.004006174858659506, 0.0013896357268095016, -0.002174118533730507, 0.0002768102567642927, 0.0032553679775446653, -0.005234252195805311, 0.0010274366941303015, 0.0007317842682823539, -0.014195814728736877, 0.022762177512049675]], "lowlevel.mfcc.cov": [[4535.544921875, 36.72218322753906, -4.538973808288574, 61.769569396972656, -531.1304321289062, -878.0977172851562, -818.5379638671875, -231.0320587158203, 11.807225227355957, 64.34968566894531, 126.48672485351562, 4.959775447845459, -220.4635467529297], [36.72218322753906, 1663.047607421875, -103.47222900390625, -2.078827142715454, 53.69144058227539, -291.19580078125, -273.3456726074219, -55.29818344116211, -59.116737365722656, 12.666436195373535, 123.26402282714844, 49.7640495300293, -21.511486053466797], [-4.538973808288574, -103.47222900390625, 515.70947265625, 195.7925567626953, 5.648847579956055, 153.168212890625, 93.74352264404297, -27.30832290649414, -0.4189486801624298, 13.555397033691406, -34.1330451965332, 8.440409660339355, 48.02437973022461], [61.769569396972656, -2.078827142715454, 195.7925567626953, 343.8204040527344, 161.35043334960938, 78.35105895996094, -30.818565368652344, -46.81039047241211, 1.3513203859329224, 1.142853856086731, -40.616153717041016, -8.43002700805664, 72.86419677734375], [-531.1304321289062, 53.69144058227539, 5.648847579956055, 161.35043334960938, 393.8648986816406, 189.63095092773438, 55.46875, 2.7715983390808105, 1.3311772346496582, 2.8776018619537354, -34.57738494873047, 1.6103591918945312, 94.59539794921875], [-878.0977172851562, -291.19580078125, 153.168212890625, 78.35105895996094, 189.63095092773438, 423.2525939941406, 316.7827453613281, 78.99720001220703, 36.48881530761719, 10.138680458068848, -29.269420623779297, 8.689384460449219, 70.32347106933594], [-818.5379638671875, -273.3456726074219, 93.74352264404297, -30.818565368652344, 55.46875, 316.7827453613281, 408.30682373046875, 192.65673828125, 67.23666381835938, 24.11280632019043, 20.32328987121582, 21.88398551940918, 42.05152130126953], [-231.0320587158203, -55.29818344116211, -27.30832290649414, -46.81039047241211, 2.7715983390808105, 78.99720001220703, 192.65673828125, 223.8006134033203, 103.06986999511719, 51.46345520019531, 61.03557586669922, 39.74106979370117, 21.097875595092773], [11.807225227355957, -59.116737365722656, -0.4189486801624298, 1.3513203859329224, 1.3311772346496582, 36.48881530761719, 67.23666381835938, 103.06986999511719, 129.3677520751953, 86.96373748779297, 53.527095794677734, 31.325204849243164, 19.898239135742188], [64.34968566894531, 12.666436195373535, 13.555397033691406, 1.142853856086731, 2.8776018619537354, 10.138680458068848, 24.11280632019043, 51.46345520019531, 86.96373748779297, 139.22267150878906, 94.94542694091797, 40.016963958740234, 15.694451332092285], [126.48672485351562, 123.26402282714844, -34.1330451965332, -40.616153717041016, -34.57738494873047, -29.269420623779297, 20.32328987121582, 61.03557586669922, 53.527095794677734, 94.94542694091797, 154.52957153320312, 70.26803588867188, -6.279937267303467], [4.959775447845459, 49.7640495300293, 8.440409660339355, -8.43002700805664, 1.6103591918945312, 8.689384460449219, 21.88398551940918, 39.74106979370117, 31.325204849243164, 40.016963958740234, 70.26803588867188, 85.85743713378906, 35.10991287231445], [-220.4635467529297, -21.511486053466797, 48.02437973022461, 72.86419677734375, 94.59539794921875, 70.32347106933594, 42.05152130126953, 21.097875595092773, 19.898239135742188, 15.694451332092285, -6.279937267303467, 35.10991287231445, 118.25911712646484]], "lowlevel.mfcc.icov": [[0.0006035926635377109, 0.00028487149393185973, -0.00032603961881250143, -0.0003448782954365015, 0.00025823840405792, 0.0006131940754130483, 0.0011246982030570507, -0.00035003668745048344, -0.0003819185367319733, 0.00028416290297172964, -0.0007102029048837721, -5.852400136063807e-05, 0.000619482365436852], [0.00028487149393185973, 0.0009781729895621538, -0.0003556263109203428, -3.3028667530743405e-05, -0.0004495784523896873, 0.0008104718872345984, 0.0009340172982774675, -0.0005065450095571578, 0.0002887109003495425, 0.0005118680419400334, -0.0013904084917157888, 3.9328853745246306e-05, 0.00030765723204240203], [-0.00032603961881250143, -0.0003556263109203428, 0.0036839996464550495, -0.0022069101687520742, 0.0016079816268756986, -0.0013685586163774133, -0.0016410878160968423, 0.0011233643162995577, 0.0009719260851852596, -0.0017897130455821753, 0.0020618343260139227, -0.00143743387889117, -0.0002878244558814913], [-0.0003448782954365015, -3.3028667530743405e-05, -0.0022069101687520742, 0.006048066541552544, -0.0022739244159311056, -0.000705353741068393, 0.0013660152908414602, 6.329739699140191e-05, -0.0011257869191467762, 0.0010190396569669247, -0.0006964151398278773, 0.00204395386390388, -0.0023274903651326895], [0.00025823840405792, -0.0004495784523896873, 0.0016079816268756986, -0.0022739244159311056, 0.006079415325075388, -0.004257611930370331, 0.002950766123831272, -0.0017293822020292282, 0.0015196375316008925, -0.0011800401844084263, 0.0005637200083583593, 0.0006588696269318461, -0.002188896294683218], [0.0006131940754130483, 0.0008104718872345984, -0.0013685586163774133, -0.000705353741068393, -0.004257611930370331, 0.013280948624014854, -0.0100816385820508, 0.005948173813521862, -0.003122244495898485, 0.00025473246932961047, 0.0009002949809655547, -0.0022223901469260454, 0.001511884038336575], [0.0011246982030570507, 0.0009340172982774675, -0.0016410878160968423, 0.0013660152908414602, 0.002950766123831272, -0.0100816385820508, 0.01839141920208931, -0.012052914127707481, 0.0032173183280974627, 0.0013512461446225643, -0.004034777171909809, 0.003277474781498313, -0.0005712851998396218], [-0.00035003668745048344, -0.0005065450095571578, 0.0011233643162995577, 6.329739699140191e-05, -0.0017293822020292282, 0.005948173813521862, -0.012052914127707481, 0.017194829881191254, -0.010591533966362476, 0.0033325422555208206, -0.00098991091363132, -0.002005939371883869, -0.00029258852009661496], [-0.0003819185367319733, 0.0002887109003495425, 0.0009719260851852596, -0.0011257869191467762, 0.0015196375316008925, -0.003122244495898485, 0.0032173183280974627, -0.010591533966362476, 0.023134201765060425, -0.01333861518651247, 0.0044528949074447155, -0.0017047410365194082, -0.0003536594449542463], [0.00028416290297172964, 0.0005118680419400334, -0.0017897130455821753, 0.0010190396569669247, -0.0011800401844084263, 0.00025473246932961047, 0.0013512461446225643, 0.0033325422555208206, -0.01333861518651247, 0.0224588792771101, -0.014023137278854847, 0.004978453740477562, -0.002519756555557251], [-0.0007102029048837721, -0.0013904084917157888, 0.0020618343260139227, -0.0006964151398278773, 0.0005637200083583593, 0.0009002949809655547, -0.004034777171909809, -0.00098991091363132, 0.0044528949074447155, -0.014023137278854847, 0.023592470213770866, -0.014622692950069904, 0.005345884244889021], [-5.852400136063807e-05, 3.9328853745246306e-05, -0.00143743387889117, 0.00204395386390388, 0.0006588696269318461, -0.0022223901469260454, 0.003277474781498313, -0.002005939371883869, -0.0017047410365194082, 0.004978453740477562, -0.014622692950069904, 0.026563404127955437, -0.00982738845050335], [0.000619482365436852, 0.00030765723204240203, -0.0002878244558814913, -0.0023274903651326895, -0.002188896294683218, 0.001511884038336575, -0.0005712851998396218, -0.00029258852009661496, -0.0003536594449542463, -0.002519756555557251, 0.005345884244889021, -0.00982738845050335, 0.015920409932732582]], "metadata.audio_properties.analysis.downmix": "mix", "metadata.audio_properties.codec": "mp3", "metadata.audio_properties.md5_encoded": "80bf7ae6844153be9108d72554c85011", "metadata.tags.file_name": "1183672651609284648.mp3", "metadata.version.essentia": "2.1-beta6-dev", "metadata.version.essentia_git_sha": "v2.1_beta5-1110-g77a6a954", "metadata.version.extractor": "music 2.0", "tonal.chords_key": "F", "tonal.chords_scale": "major", "tonal.key_edma.key": "F", "tonal.key_edma.scale": "major", "tonal.key_krumhansl.key": "F", "tonal.key_krumhansl.scale": "major", "tonal.key_temperley.key": "F", "tonal.key_temperley.scale": "major", "metadata.tags.encoding": ["Lavf58.45.100"]}, "essentia_models": [{"model_name": "genre_dortmund", "activations": {"alternative": "0.00012946098", "blues": "6.0674747e-06", "electronic": "0.0005558237", "folkcountry": "6.694753e-06", "funksoulrnb": "0.00035927497", "jazz": "2.1060227e-05", "pop": "0.00031676245", "raphiphop": "0.999753", "rock": "0.00081631035"}}, {"model_name": "genre_rosamerica", "activations": {"classic": "7.9909296e-05", "dance": "9.508806e-06", "hip hop": "0.99763834", "jazz": "3.871386e-06", "pop": "0.00059605774", "rhythm and blues": "0.008290609", "rock": "0.00029086857", "speech": "0.00052085903"}}, {"model_name": "genre_tzanetakis", "activatio