{"song_id": "1183711014143926294", "download": "https://cdn.discordapp.com/attachments/1128313332273782784/1183711014143926294/chirp.mp4?ex=658953ca&amp", "lyrics": "\u53ef\u6190\u82b1\u306b\u5fc3\u52b1\u307e\u3055\u308c\u3000\n\u305f\u3060\u512a\u3057\u304f\u62b1\u304d\u3057\u3081\u305f\u3044\n\u3042\u306a\u305f\u306e\u305d\u306e\u4e0d\u5b89\u3092\u3000\n\u7b11\u9854\u306b\u3057\u305f\u3044\u304b\u3089\u3002\u3002\u3002\n\n\u3053\u306e\u6b4c\u3092\u98a8\u306b\u4e57\u305b\u3066\u3000\u3000\n\u3053\u306e\u611b\u3092\u5c4a\u3051\u305f\u304f\u3066\n\u3042\u306a\u305f\u3078\u306e\u52df\u308b\u601d\u3044\u306f\u3000\n\u65e5\u306b\u65e5\u306b\u5897\u3059\u3070\u304b\u308a", "style": ["indian tabla"], "essentia_features": {"lowlevel.average_loudness": 0.9714560508728027, "lowlevel.barkbands_crest.mean": 17.764820098876953, "lowlevel.barkbands_crest.stdev": 4.928559303283691, "lowlevel.barkbands_flatness_db.mean": 0.27033933997154236, "lowlevel.barkbands_flatness_db.stdev": 0.0737956240773201, "lowlevel.barkbands_kurtosis.mean": 54.717002868652344, "lowlevel.barkbands_kurtosis.stdev": 62.244258880615234, "lowlevel.barkbands_skewness.mean": 5.533681869506836, "lowlevel.barkbands_skewness.stdev": 3.080625534057617, "lowlevel.barkbands_spread.mean": 10.085118293762207, "lowlevel.barkbands_spread.stdev": 14.566039085388184, "lowlevel.dissonance.mean": 0.37732994556427, "lowlevel.dissonance.stdev": 0.06423918902873993, "lowlevel.dynamic_complexity": 5.5561394691467285, "lowlevel.erbbands_crest.mean": 20.095426559448242, "lowlevel.erbbands_crest.stdev": 6.4964141845703125, "lowlevel.erbbands_flatness_db.mean": 0.2560947835445404, "lowlevel.erbbands_flatness_db.stdev": 0.05949299409985542, "lowlevel.erbbands_kurtosis.mean": 22.2658748626709, "lowlevel.erbbands_kurtosis.stdev": 26.0407657623291, "lowlevel.erbbands_skewness.mean": 3.5864005088806152, "lowlevel.erbbands_skewness.stdev": 2.133915424346924, "lowlevel.erbbands_spread.mean": 25.060026168823242, "lowlevel.erbbands_spread.stdev": 23.37740135192871, "lowlevel.hfc.mean": 11.056389808654785, "lowlevel.hfc.stdev": 12.025893211364746, "lowlevel.loudness_ebu128.integrated": -19.147489547729492, "lowlevel.loudness_ebu128.loudness_range": 1.6563587188720703, "lowlevel.loudness_ebu128.momentary.mean": -21.24418830871582, "lowlevel.loudness_ebu128.momentary.stdev": 5.229837894439697, "lowlevel.loudness_ebu128.short_term.mean": -18.826705932617188, "lowlevel.loudness_ebu128.short_term.stdev": 0.6694098711013794, "lowlevel.melbands_crest.mean": 21.215030670166016, "lowlevel.melbands_crest.stdev": 6.49477481842041, "lowlevel.melbands_flatness_db.mean": 0.34422993659973145, "lowlevel.melbands_flatness_db.stdev": 0.08584176748991013, "lowlevel.melbands_kurtosis.mean": 157.29905700683594, "lowlevel.melbands_kurtosis.stdev": 152.60406494140625, "lowlevel.melbands_skewness.mean": 8.358809471130371, "lowlevel.melbands_skewness.stdev": 5.742100238800049, "lowlevel.melbands_spread.mean": 8.956748008728027, "lowlevel.melbands_spread.stdev": 24.956296920776367, "lowlevel.pitch_salience.mean": 0.3609800934791565, "lowlevel.pitch_salience.stdev": 0.17414899170398712, "lowlevel.silence_rate_20dB.mean": 1.0, "lowlevel.silence_rate_20dB.stdev": 0.0, "lowlevel.silence_rate_30dB.mean": 1.0, "lowlevel.silence_rate_30dB.stdev": 0.0, "lowlevel.silence_rate_60dB.mean": 0.2377622425556183, "lowlevel.silence_rate_60dB.stdev": 0.42571204900741577, "lowlevel.spectral_centroid.mean": 603.0905151367188, "lowlevel.spectral_centroid.stdev": 530.9916381835938, "lowlevel.spectral_complexity.mean": 4.367132663726807, "lowlevel.spectral_complexity.stdev": 2.820038080215454, "lowlevel.spectral_decrease.mean": -4.7050123797021115e-09, "lowlevel.spectral_decrease.stdev": 4.865822855748547e-09, "lowlevel.spectral_energy.mean": 0.018760647624731064, "lowlevel.spectral_energy.stdev": 0.019324125722050667, "lowlevel.spectral_energyband_high.mean": 0.00032590923365205526, "lowlevel.spectral_energyband_high.stdev": 0.0005261068581603467, "lowlevel.spectral_energyband_low.mean": 0.0003415154351387173, "lowlevel.spectral_energyband_low.stdev": 0.0011375807225704193, "lowlevel.spectral_energyband_middle_high.mean": 0.0013150816084817052, "lowlevel.spectral_energyband_middle_high.stdev": 0.004304373171180487, "lowlevel.spectral_energyband_middle_low.mean": 0.017659585922956467, "lowlevel.spectral_energyband_middle_low.stdev": 0.018178032711148262, "lowlevel.spectral_entropy.mean": 6.375608444213867, "lowlevel.spectral_entropy.stdev": 0.8282569646835327, "lowlevel.spectral_flux.mean": 0.03644631430506706, "lowlevel.spectral_flux.stdev": 0.032779764384031296, "lowlevel.spectral_kurtosis.mean": 5.38456916809082, "lowlevel.spectral_kurtosis.stdev": 6.08376932144165, "lowlevel.spectral_rms.mean": 0.0036129080690443516, "lowlevel.spectral_rms.stdev": 0.002291281707584858, "lowlevel.spectral_rolloff.mean": 1023.3543701171875, "lowlevel.spectral_rolloff.stdev": 2158.030029296875, "lowlevel.spectral_skewness.mean": 2.067014455795288, "lowlevel.spectral_skewness.stdev": 0.926414430141449, "lowlevel.spectral_spread.mean": 7680908.5, "lowlevel.spectral_spread.stdev": 2470998.0, "lowlevel.spectral_strongpeak.mean": 1.4321812391281128, "lowlevel.spectral_strongpeak.stdev": 1.267594814300537, "lowlevel.zerocrossingrate.mean": 0.05038686841726303, "lowlevel.zerocrossingrate.stdev": 0.05320889130234718, "metadata.audio_properties.analysis.equal_loudness": 0.0, "metadata.audio_properties.analysis.length": 6.613310813903809, "metadata.audio_properties.analysis.sample_rate": 44100.0, "metadata.audio_properties.analysis.start_time": 0.0, "metadata.audio_properties.bit_rate": 123928.0, "metadata.audio_properties.length": 6.613333225250244, "metadata.audio_properties.lossless": 0.0, "metadata.audio_properties.number_channels": 1.0, "metadata.audio_properties.replay_gain": -9.323030471801758, "metadata.audio_properties.sample_rate": 48000.0, "rhythm.beats_count": 16.0, "rhythm.beats_loudness.mean": 0.022566571831703186, "rhythm.beats_loudness.stdev": 0.021424895152449608, "rhythm.bpm": 153.1944580078125, "rhythm.bpm_histogram_first_peak_bpm": 152.0, "rhythm.bpm_histogram_first_peak_weight": 0.285714328289032, "rhythm.bpm_histogram_second_peak_bpm": 157.0, "rhythm.bpm_histogram_second_peak_spread": 0.16666662693023682, "rhythm.bpm_histogram_second_peak_weight": 0.3333333432674408, "rhythm.danceability": 1.105526089668274, "rhythm.onset_rate": 2.5643744468688965, "tonal.chords_changes_rate": 0.02083333395421505, "tonal.chords_number_rate": 0.02777777798473835, "tonal.chords_strength.mean": 0.5703185200691223, "tonal.chords_strength.stdev": 0.10068178921937943, "tonal.hpcp_crest.mean": 24.27336311340332, "tonal.hpcp_crest.stdev": 8.765972137451172, "tonal.hpcp_entropy.mean": 0.9242485761642456, "tonal.hpcp_entropy.stdev": 0.6322898268699646, "tonal.key_edma.strength": 0.705333411693573, "tonal.key_krumhansl.strength": 0.6958727836608887, "tonal.key_temperley.strength": 0.6790624260902405, "tonal.tuning_diatonic_strength": 0.45570722222328186, "tonal.tuning_equal_tempered_deviation": 0.02300247550010681, "tonal.tuning_frequency": 441.2725830078125, "tonal.tuning_nontempered_energy_ratio": 0.6049307584762573, "lowlevel.barkbands.mean": [2.582895149316755e-06, 1.8593684217194095e-05, 7.674359221709892e-05, 0.0003705035778693855, 0.0014554326189681888, 0.010397038422524929, 0.0027962601743638515, 4.0762748540146276e-05, 0.0011931461049243808, 0.0014740611659362912, 5.113513543619774e-05, 0.00036281111533753574, 4.8891753976931795e-05, 4.249839548720047e-05, 5.683076960849576e-05, 1.4679830201203004e-05, 5.186460384720704e-06, 6.807065801694989e-06, 1.3010302609473001e-05, 2.5917901439242996e-05, 2.9721883038291708e-05, 4.164163783570984e-06, 2.769162892946042e-05, 0.00011579068086575717, 9.444516763323918e-05, 3.358133471920155e-05, 2.3760853764542844e-06], "lowlevel.barkbands.stdev": [3.998035936092492e-06, 5.6909277191152796e-05, 0.0002169629151467234, 0.0013878842582926154, 0.0024834140203893185, 0.013093434274196625, 0.007513468619436026, 0.00011445570271462202, 0.005478006321936846, 0.005281431600451469, 0.00018123247718904167, 0.0016692833742126822, 0.00017876467609312385, 0.0001157917722593993, 0.00015475982218049467, 5.714050348615274e-05, 8.537659596186131e-06, 1.9040155166294426e-05, 2.6945763238472864e-05, 4.716666444437578e-05, 4.3289182940497994e-05, 2.054942524409853e-05, 0.00010773718531709164, 0.00023989703913684934, 0.0001346168719464913, 6.027527342666872e-05, 5.208340098761255e-06], "lowlevel.erbbands.mean": [0.00031071319244802, 0.006018160376697779, 0.07110236585140228, 0.8325245976448059, 0.72597336769104, 4.812990665435791, 56.093929290771484, 77.93609619140625, 47.49357986450195, 25.189340591430664, 2.9934394359588623, 23.155925750732422, 73.1534194946289, 6.418917179107666, 4.52751350402832, 16.39116668701172, 2.835155725479126, 3.184250593185425, 1.5531046390533447, 2.850844621658325, 0.8056780695915222, 0.3245830535888672, 0.3764738142490387, 0.4151529371738434, 0.8806257247924805, 0.9372431635856628, 1.875153660774231, 0.6007763743400574, 0.16143108904361725, 0.23468507826328278, 0.8920007348060608, 1.656498670578003, 2.225545644760132, 1.4438639879226685, 0.4731977880001068, 0.11452001333236694, 0.07467123121023178, 0.013095452450215816, 0.0003381886926945299, 3.131961420876905e-05], "lowlevel.erbbands.stdev": [0.0009389074402861297, 0.016980262473225594, 0.19644856452941895, 3.027881383895874, 1.8335798978805542, 7.314215660095215, 86.412841796875, 115.05547332763672, 87.7678451538086, 97.08486938476562, 7.277798175811768, 94.78604888916016, 223.91641235351562, 18.147201538085938, 17.532350540161133, 83.42996215820312, 8.533041000366211, 7.151115417480469, 4.283440589904785, 8.509634971618652, 2.243464231491089, 0.6089462041854858, 1.0156261920928955, 0.7493067383766174, 1.8936982154846191, 1.5111420154571533, 2.5778486728668213, 1.0058157444000244, 0.6895913481712341, 1.4000734090805054, 3.396225690841675, 4.475399494171143, 4.224608421325684, 1.8785239458084106, 1.0214221477508545, 0.30621618032455444, 0.13028663396835327, 0.01888960972428322, 0.0006143197533674538, 3.0511193472193554e-05], "lowlevel.gfcc.mean": [-137.54095458984375, 49.64970397949219, -74.38777923583984, -19.860837936401367, -99.64847564697266, -17.658315658569336, -77.95909881591797, -1.6492094993591309, -47.95462417602539, 11.533589363098145, -2.7855324745178223, -1.8462276458740234, 7.07621431350708], "lowlevel.melbands.mean": [4.0430145418213215e-06, 3.7293139030225575e-05, 0.00012764327402692288, 0.0001340862363576889, 0.0015297145582735538, 0.0018018236150965095, 0.000721144606359303, 0.0002068345929728821, 1.5486866686842404e-05, 0.0001886601821752265, 0.0003644672979135066, 1.5455370885320008e-05, 8.621268534625415e-06, 4.11724868172314e-05, 1.815681935113389e-05, 6.27220742899226e-06, 5.881786364625441e-06, 1.7429078980057966e-06, 4.598870418703882e-06, 2.294347950737574e-06, 6.462440182986029e-07, 3.266258943313005e-07, 3.552953842245188e-07, 2.529207847601356e-07, 3.1338251460510946e-07, 6.090759825383429e-07, 5.758762995355937e-07, 6.56959912248567e-07, 1.2672111324718571e-06, 8.706199423613725e-07, 1.9497397829582042e-07, 7.671476964787871e-08, 8.53520916166417e-08, 1.4275995852131018e-07, 3.8780206068622647e-07, 8.664302981742367e-07, 1.1225982916585053e-06, 1.6446326753793983e-06, 1.5080901221153908e-06, 1.1381659987819148e-06], "lowlevel.melbands.stdev": [1.2065301234542858e-05, 0.0001089704965124838, 0.0004556848434731364, 0.0002452345797792077, 0.0023360319901257753, 0.002407797845080495, 0.0013898974284529686, 0.0008531741914339364, 6.446219049394131e-05, 0.0007853013812564313, 0.0011166270123794675, 4.606236325344071e-05, 3.7184585380600765e-05, 0.00017960336117539555, 9.971934923669323e-05, 2.35236238950165e-05, 1.459658506064443e-05, 5.9322869674360845e-06, 1.2554082786664367e-05, 7.4904078246618155e-06, 1.8584472627480864e-06, 6.180853233672678e-07, 9.841439805313712e-07, 6.194474622134294e-07, 6.481245122813561e-07, 1.4281541780292173e-06, 1.3968341363579384e-06, 1.2052929605488316e-06, 1.8363410845267936e-06, 1.435084527656727e-06, 4.122957477648015e-07, 3.5294442568556406e-07, 4.765401797612867e-07, 9.625642860555672e-07, 1.7464907386965933e-06, 3.071676701438264e-06, 2.6790009997057496e-06, 3.385895070096012e-06, 2.574273821664974e-06, 1.3921630852564704e-06], "lowlevel.melbands128.mean": [9.189538445752987e-07, 1.3160663456801558e-06, 5.086838882562006e-06, 9.685883014753927e-06, 1.545029408589471e-05, 4.7029676352394745e-05, 0.00019631502800621092, 0.00015056251140777022, 3.0869989132042974e-05, 8.81319137988612e-05, 0.00016008166130632162, 0.0005541512509807944, 0.0022662398405373096, 0.0023099954705685377, 0.0018054838292300701, 0.0016609536251053214, 0.0009770100004971027, 0.00036712957080453634, 0.0007083091186359525, 0.0002214583510067314, 2.9401751362456707e-06, 5.008044354326557e-06, 2.196608875237871e-05, 2.028002381848637e-05, 3.527600711095147e-05, 0.00031888330704532564, 0.0004227833414915949, 0.000569077383261174, 7.65414661145769e-05, 2.1940786609775387e-06, 6.71796988171991e-06, 6.394329375325469e-06, 1.406244223289832e-06, 1.6536019757040776e-05, 2.141841105185449e-05, 5.696697553503327e-05, 6.892575038364157e-05, 3.115005483778077e-06, 3.105626262822625e-07, 2.4246758130175294e-06, 1.2573068488563877e-05, 3.557021273081773e-06, 7.064199053274933e-06, 6.6709517341223545e-06, 3.9578617361257784e-07, 1.4343620478030061e-06, 2.246624944746145e-06, 4.405587333167205e-06, 6.585753908439074e-06, 3.2284287954098545e-06, 1.5269424693542533e-06, 1.6403787412855309e-06, 6.485736321337754e-07, 2.995745944645023e-07, 3.543506750247616e-07, 4.087047216216888e-07, 2.1068663613732497e-07, 2.0677754264397663e-07, 4.973459226675914e-07, 4.893187792731624e-07, 1.1286667955801022e-07, 1.4238690937418141e-07, 4.345288004969916e-07, 2.7723655193767627e-07, 3.1098295494302874e-07, 5.417190891421342e-07, 1.0231800615656539e-06, 4.6134053377500095e-07, 6.122039053479966e-07, 4.183536361779261e-07, 2.933016958195367e-07, 8.118280447888537e-07, 1.7930458398041083e-06, 8.686359933562926e-07, 1.3796235407426138e-06, 1.3967290897198836e-06, 3.0962891628405487e-07, 2.9411009450086567e-07, 1.8692132641717762e-07, 9.330302219723308e-08, 8.24580368430361e-08, 6.008533404155969e-08, 8.678734531031296e-08, 8.917546523434794e-08, 8.081588021013886e-08, 9.362633335285864e-08, 1.3825969347180944e-07, 2.927033619926078e-07, 3.4011085858765e-07, 4.2186115933873225e-07, 9.262551543542941e-07, 1.0405555030956748e-06, 7.519377618336875e-07, 6.637591809521837e-07, 1.681028948041785e-06, 2.08039045901387e-06, 1.3926517112849979e-06, 1.3318548326424207e-06, 1.9389706267247675e-06, 1.2022219380014576e-06, 1.3494696986526833e-06, 1.1035216402888182e-06, 9.42583085361548e-07, 7.571296123387583e-07, 5.287174076329393e-07, 2.64625839463406e-07, 2.531361928959086e-07, 2.427218532830011e-07, 2.028893106853502e-07, 9.122371835701415e-08, 1.0779716319575527e-07, 1.9397285200284387e-07, 3.1141900080911e-07, 3.048149039841519e-07, 2.8161653631286754e-07, 9.708877968250818e-08, 6.280526321233992e-08, 2.9233961029717648e-08, 7.797034129453095e-09, 3.824285072645539e-12, 3.1947769082996125e-12, 3.1176064334281772e-12, 3.0610082610987854e-12, 2.997845678295863e-12, 2.9055468968308684e-12, 2.7752680795828377e-12, 2.698132732861791e-12, 2.6756023611962387e-12], "lowlevel.melbands128.stdev": [1.5803195765329292e-06, 5.82105803914601e-06, 1.6568497812841088e-05, 3.0093175155343488e-05, 4.379188976599835e-05, 0.00013895457959733903, 0.0007203789427876472, 0.0005659576854668558, 8.315576269524172e-05, 0.00023956304357852787, 0.00042124034371227026, 0.0010983387473970652, 0.0036758885253220797, 0.004017482046037912, 0.003836119081825018, 0.002784333424642682, 0.00224746554158628, 0.0012782920384779572, 0.002922926563769579, 0.0009478321298956871, 1.2084027730452362e-05, 1.2764714483637363e-05, 9.854394011199474e-05, 0.00010597603977657855, 0.00016891706036403775, 0.0017157343681901693, 0.0015333634801208973, 0.0020459515508264303, 0.0002980704011861235, 8.522051757609006e-06, 2.4704308088985272e-05, 2.7213873181608506e-05, 5.289210093906149e-06, 9.253963071387261e-05, 0.00014382990775629878, 0.0002876859507523477, 0.00040034143603406847, 1.2063389476679731e-05, 7.02528325291496e-07, 1.0831871804839466e-05, 4.990071101929061e-05, 1.495045671617845e-05, 2.2437268853536807e-05, 1.958860593731515e-05, 9.280675499212521e-07, 7.518028269259958e-06, 1.3809254596708342e-05, 1.5635203453712165e-05, 2.2291547793429345e-05, 1.580116258992348e-05, 9.88489409792237e-06, 6.733709142281441e-06, 3.0406488349399297e-06, 6.718743179590092e-07, 6.867606430205342e-07, 1.1466028126960737e-06, 4.996208531338198e-07, 4.439687018020777e-07, 1.9277331375633366e-06, 1.867989226411737e-06, 2.08445115390532e-07, 4.642343469640764e-07, 1.160043325398874e-06, 6.923379487489001e-07, 1.1201960887774476e-06, 1.3183579312681104e-06, 3.207623649359448e-06, 1.714936502139608e-06, 1.9534784314600984e-06, 8.245090725722548e-07, 5.953722848062171e-07, 2.3392553885059897e-06, 3.72371073353861e-06, 1.419209525010956e-06, 2.703235850276542e-06, 2.999691332661314e-06, 5.802000941912411e-07, 8.07341848485521e-07, 4.0089068420456897e-07, 3.02111374139713e-07, 4.5064902565172815e-07, 2.71367412096879e-07, 5.211250595493766e-07, 4.998801728106628e-07, 4.774697686116269e-07, 5.537346510209318e-07, 1.190899411085411e-06, 1.915926304718596e-06, 1.8611577843330451e-06, 1.6273302207991946e-06, 3.605163783504395e-06, 3.402080210435088e-06, 3.12196311824664e-06, 2.315029178134864e-06, 3.4915942705993075e-06, 4.353240001364611e-06, 3.624925284384517e-06, 2.8701904284389457e-06, 3.850569555652328e-06, 2.010251364481519e-06, 1.9244919258198934e-06, 1.4603140243707458e-06, 1.4127919030215708e-06, 1.609064383956138e-06, 1.943325742104207e-06, 6.997712489464902e-07, 6.879392344671942e-07, 5.889203293918399e-07, 7.212852324300911e-07, 4.1211342249880545e-07, 4.235772905758495e-07, 4.1035357867258426e-07, 6.957976665944443e-07, 4.821716288461175e-07, 4.5533749926107703e-07, 1.5006747844381607e-07, 1.230956883091494e-07, 1.0159839547441152e-07, 4.2808661504523116e-08, 5.468006689796079e-12, 4.764045928584704e-12, 4.6474534290408265e-12, 4.558689363498569e-12, 4.470678601625755e-12, 4.4086344817839684e-12, 4.355765748087492e-12, 4.316199307685675e-12, 4.292203311523357e-12], "lowlevel.mfcc.mean": [-809.0342407226562, 108.19962310791016, 43.001773834228516, -12.810469627380371, -1.637868046760559, -40.356903076171875, -3.505220413208008, -47.41326904296875, -20.589763641357422, -12.717538833618164, -30.766130447387695, 1.8702921867370605, -12.054061889648438], "lowlevel.spectral_contrast_coeffs.mean": [-0.5234053134918213, -0.5849623680114746, -0.718727707862854, -0.8008021116256714, -0.807650625705719, -0.7697218656539917], "lowlevel.spectral_contrast_coeffs.stdev": [0.1352185606956482, 0.09460227936506271, 0.10699327290058136, 0.06601529568433762, 0.0632706955075264, 0.061131834983825684], "lowlevel.spectral_contrast_valleys.mean": [-9.335945129394531, -8.476522445678711, -9.50560474395752, -9.819425582885742, -9.541709899902344, -11.53569507598877], "lowlevel.spectral_contrast_valleys.stdev": [1.235115885734558, 0.9637033343315125, 1.0787818431854248, 0.9037014245986938, 0.9658088088035583, 1.0631197690963745], "rhythm.beats_loudness_band_ratio.mean": [0.017235595732927322, 0.6615709066390991, 0.27838876843452454, 0.040278252214193344, 0.014686197973787785, 0.09105604141950607], "rhythm.beats_loudness_band_ratio.stdev": [0.02863250859081745, 0.31618672609329224, 0.2734173834323883, 0.08766505867242813, 0.03471127897500992, 0.16700057685375214], "tonal.hpcp.mean": [0.0019308121409267187, 0.007024621125310659, 0.07751580327749252, 0.15737225115299225, 0.09667771309614182, 0.012229950167238712, 0.002015968319028616, 0.0006594511796720326, 0.008137707598507404, 0.01219848170876503, 0.005603366531431675, 0.0022252395283430815, 0.0016383951297029853, 0.0024894485250115395, 0.17512786388397217, 0.24803155660629272, 0.0921688973903656, 0.17440387606620789, 0.2660975158214569, 0.1145196482539177, 0.008847881108522415, 0.003918109927326441, 0.007293390110135078, 0.09979334473609924, 0.1984521746635437, 0.13412049412727356, 0.049829576164484024, 0.04066174104809761, 0.029913298785686493, 0.1953122764825821, 0.27684053778648376, 0.09325169771909714, 0.011052465997636318, 0.0271413866430521, 0.018895678222179413, 0.0026855096220970154], "tonal.hpcp.stdev": [0.007413381244987249, 0.06017611548304558, 0.1807234138250351, 0.3028152585029602, 0.20981429517269135, 0.06473841518163681, 0.006125279702246189, 0.0013041640631854534, 0.030804084613919258, 0.0416480153799057, 0.015009859576821327, 0.008546531200408936, 0.0059608048759400845, 0.012339264154434204, 0.3046242594718933, 0.4095064401626587, 0.1687176376581192, 0.27665984630584717, 0.3889181911945343, 0.19513782858848572, 0.0839262381196022, 0.035445164889097214, 0.07574162632226944, 0.20608855783939362, 0.3548072874546051, 0.24671019613742828, 0.18931610882282257, 0.17341381311416626, 0.1497391164302826, 0.2943132817745209, 0.4142341613769531, 0.15729624032974243, 0.04430008679628372, 0.1382056176662445, 0.11637970805168152, 0.013150864280760288], "rhythm.beats_position": [0.3715192675590515, 0.7662584781646729, 1.160997748374939, 1.5557368993759155, 1.9853061437606812, 2.426485300064087, 2.832834482192993, 3.21596360206604, 3.599092960357666, 3.9938321113586426, 4.400181293487549, 4.783310413360596, 5.166440010070801, 5.561179161071777, 5.9326982498168945, 6.315827369689941], "rhythm.bpm_histogram": [0.0, 0.0, 0.0, 0.0, 0.0, 0.0, 0.0, 0.0, 0.0, 0.0, 0.0, 0.0, 0.0, 0.0, 0.0, 0.0, 0.0, 0.0, 0.0, 0.0, 0.0, 0.0, 0.0, 0.0, 0.0, 0.0, 0.0, 0.0, 0.0, 0.0, 0.0, 0.0, 0.0, 0.0, 0.0, 0.0, 0.0, 0.0, 0.0, 0.0, 0.0, 0.0, 0.0, 0.0, 0.0, 0.0, 0.0, 0.0, 0.0, 0.0, 0.0, 0.0, 0.0, 0.0, 0.0, 0.0, 0.0, 0.0, 0.0, 0.0, 0.0, 0.0, 0.0, 0.0, 0.0, 0.0, 0.0, 0.0, 0.0, 0.0, 0.0, 0.0, 0.0, 0.0, 0.0, 0.0, 0.0, 0.0, 0.0, 0.0, 0.0, 0.0, 0.0, 0.0, 0.0, 0.0, 0.0, 0.0, 0.0, 0.0, 0.0, 0.0, 0.0, 0.0, 0.0, 0.0, 0.0, 0.0, 0.0, 0.0, 0.0, 0.0, 0.0, 0.0, 0.0, 0.0, 0.0, 0.0, 0.0, 0.0, 0.0, 0.0, 0.0, 0.0, 0.0, 0.0, 0.0, 0.0, 0.0, 0.0, 0.0, 0.0, 0.0, 0.0, 0.0, 0.0, 0.0, 0.0, 0.0, 0.0, 0.0, 0.0, 0.0, 0.0, 0.0, 0.0, 0.06666667014360428, 0.0, 0.0, 0.0, 0.06666667014360428, 0.0, 0.0, 0.0, 0.0, 0.0, 0.0, 0.0, 0.13333334028720856, 0.0, 0.0, 0.0, 0.3333333432674408, 0.0, 0.0, 0.0, 0.0, 0.3333333432674408, 0.0, 0.0, 0.0, 0.06666667014360428, 0.0, 0.0, 0.0, 0.0, 0.0, 0.0, 0.0, 0.0, 0.0, 0.0, 0.0, 0.0, 0.0, 0.0, 0.0, 0.0, 0.0, 0.0, 0.0, 0.0, 0.0, 0.0, 0.0, 0.0, 0.0, 0.0, 0.0, 0.0, 0.0, 0.0, 0.0, 0.0, 0.0, 0.0, 0.0, 0.0, 0.0, 0.0, 0.0, 0.0, 0.0, 0.0, 0.0, 0.0, 0.0, 0.0, 0.0, 0.0, 0.0, 0.0, 0.0, 0.0, 0.0, 0.0, 0.0, 0.0, 0.0, 0.0, 0.0, 0.0, 0.0, 0.0, 0.0, 0.0, 0.0, 0.0, 0.0, 0.0, 0.0, 0.0, 0.0, 0.0, 0.0, 0.0, 0.0, 0.0, 0.0, 0.0, 0.0, 0.0, 0.0, 0.0, 0.0, 0.0, 0.0, 0.0, 0.0, 0.0], "tonal.chords_histogram": [40.97222137451172, 11.11111068725586, 33.33333206176758, 0.0, 0.0, 0.0, 0.0, 0.0, 0.0, 0.0, 0.0, 0.0, 0.0, 0.0, 0.0, 0.0, 0.0, 0.0, 0.0, 0.0, 0.0, 0.0, 0.0, 14.583333015441895], "tonal.thpcp": [1.0, 0.3368426263332367, 0.03992358222603798, 0.09803978353738785, 0.0682547390460968, 0.009700564667582512, 0.006974455900490284, 0.02537425048649311, 0.2800016403198242, 0.5684581398963928, 0.3492180407047272, 0.04417687654495239, 0.007282055914402008, 0.002382061444222927, 0.029394928365945816, 0.044063206762075424, 0.020240411162376404, 0.008037982508540154, 0.005918190814554691, 0.008992355316877365, 0.6325947046279907, 0.8959365487098694, 0.33293136954307556, 0.6299795508384705, 0.9611942172050476, 0.4136664569377899, 0.03196020796895027, 0.01415294874459505, 0.02634509466588497, 0.36047229170799255, 0.7168465256690979, 0.48446840047836304, 0.17999377846717834, 0.14687784016132355, 0.10805245488882065, 0.7055045962333679], "lowlevel.gfcc.cov": [[12278.83203125, -631.9384765625, -117.5212173461914, -730.5320434570312, -163.19459533691406, 473.7153015136719, 251.4177703857422, 266.55859375, -454.760498046875, 342.0480651855469, -227.6839141845703, -579.8633422851562, 404.85247802734375], [-631.9384765625, 1526.4910888671875, 57.64326477050781, -197.18966674804688, 241.26609802246094, 62.257930755615234, 215.93463134765625, 46.52908706665039, -39.39921569824219, 19.241207122802734, 10.468005180358887, -204.0864715576172, 46.736480712890625], [-117.5212173461914, 57.64326477050781, 530.96142578125, -9.167333602905273, -6.607549667358398, 5.174356460571289, -170.87339782714844, -108.78072357177734, -34.26454162597656, -88.5650634765625, 80.55875396728516, 68.53942108154297, 26.424283981323242], [-730.5320434570312, -197.18966674804688, -9.167333602905273, 686.470947265625, 121.49369812011719, -54.54722213745117, -82.17312622070312, -12.124436378479004, 173.87857055664062, -12.228370666503906, -192.50440979003906, 29.091176986694336, -171.38504028320312], [-163.19459533691406, 241.26609802246094, -6.607549667358398, 121.49369812011719, 250.17259216308594, 11.887749671936035, -64.1799087524414, 31.66460418701172, 28.01226234436035, -4.775496006011963, -64.93120574951172, -61.280086517333984, -35.88589859008789], [473.7153015136719, 62.257930755615234, 5.174356460571289, -54.54722213745117, 11.887749671936035, 298.2515869140625, 218.63534545898438, 1.101927399635315, -54.50617218017578, 27.62450408935547, -75.20821380615234, -70.37268829345703, -49.825897216796875], [251.4177703857422, 215.93463134765625, -170.87339782714844, -82.17312622070312, -64.1799087524414, 218.63534545898438, 446.0954284667969, 67.91480255126953, -40.318206787109375, 110.47499084472656, -95.5780258178711, -87.5412368774414, -67.04839324951172], [266.55859375, 46.52908706665039, -108.78072357177734, -12.124436378479004, 31.66460418701172, 1.101927399635315, 67.91480255126953, 108.98027038574219, 16.019123077392578, 39.86231994628906, -31.91507339477539, -67.2029037475586, -3.2855050563812256], [-454.760498046875, -39.39921569824219, -34.26454162597656, 173.87857055664062, 28.01226234436035, -54.50617218017578, -40.318206787109375, 16.019123077392578, 166.21868896484375, 31.43916130065918, -60.374061584472656, -10.419540405273438, -86.01618957519531], [342.0480651855469, 19.241207122802734, -88.5650634765625, -12.228370666503906, -4.775496006011963, 27.62450408935547, 110.47499084472656, 39.86231994628906, 31.43916130065918, 144.54367065429688, -33.4422721862793, -82.13668823242188, -57.90769577026367], [-227.6839141845703, 10.468005180358887, 80.55875396728516, -192.50440979003906, -64.93120574951172, -75.20821380615234, -95.5780258178711, -31.91507339477539, -60.374061584472656, -33.4422721862793, 199.49342346191406, 61.293113708496094, 59.174076080322266], [-579.8633422851562, -204.0864715576172, 68.53942108154297, 29.091176986694336, -61.280086517333984, -70.37268829345703, -87.5412368774414, -67.2029037475586, -10.419540405273438, -82.13668823242188, 61.293113708496094, 175.0854034423828, 40.221622467041016], [404.85247802734375, 46.736480712890625, 26.424283981323242, -171.38504028320312, -35.88589859008789, -49.825897216796875, -67.04839324951172, -3.2855050563812256, -86.01618957519531, -57.90769577026367, 59.174076080322266, 40.221622467041016, 194.60154724121094]], "lowlevel.gfcc.icov": [[0.0001810843386920169, 0.00016586185665801167, -0.00010138138168258592, 4.4289976358413696e-05, 0.0001346381613984704, -0.00018781468679662794, 0.00019160246301908046, -0.0002015026257140562, 0.00043146111420355737, -0.0004039068298880011, 0.000321318133501336, 0.0006508767255581915, -0.0004861533234361559], [0.00016586185665801167, 0.0021934935357421637, -0.0008730074041523039, 0.0002951979695353657, -0.003051901701837778, 0.001889886916615069, -0.0035881674848496914, 0.0024161788169294596, -0.0012503216275945306, 0.0017467141151428223, -0.0015840880805626512, 0.004016913007944822, -0.0021491688676178455], [-0.00010138138168258592, -0.0008730074041523039, 0.003134701866656542, -0.0002805382537189871, 0.001237102085724473, -0.0016649382887408137, 0.0023321511689573526, 0.0009857703698799014, 0.00046640110667794943, 2.7900592613150366e-05, -0.00029058504151180387, -0.0012993208365514874, 0.0009412376675754786], [4.4289976358413696e-05, 0.0002951979695353657, -0.0002805382537189871, 0.0038211909122765064, -0.0010121084051206708, 0.0012189465342089534, 0.0002859053201973438, 0.00027333793696016073, -0.0008838387439027429, 0.0008010959718376398, 0.0036451052874326706, -0.001166266156360507, 0.002449319465085864], [0.0001346381613984704, -0.003051901701837778, 0.001237102085724473, -0.0010121084051206708, 0.011046779341995716, -0.004302265588194132, 0.008234696462750435, -0.006137121934443712, 0.0038902030792087317, -0.002857607789337635, 0.0044235847890377045, -0.002919285325333476, 0.003190085757523775], [-0.00018781468679662794, 0.001889886916615069, -0.0016649382887408137, 0.0012189465342089534, -0.004302265588194132, 0.010169767774641514, -0.007741613779217005, 0.0054245092906057835, -0.00015991096734069288, 0.004711770918220282, 0.00017191375081893057, 0.004789252765476704, 0.0007604755810461938], [0.00019160246301908046, -0.0035881674848496914, 0.0023321511689573526, 0.0002859053201973438, 0.008234696462750435, -0.007741613779217005, 0.013952067121863365, -0.008256328292191029, 0.005634247325360775, -0.0072173732332885265, 0.006228592712432146, -0.00720498850569129, 0.004540232941508293], [-0.0002015026257140562, 0.0024161788169294596, 0.0009857703698799014, 0.00027333793696016073, -0.006137121934443712, 0.0054245092906057835, -0.008256328292191029, 0.020231148228049278, -0.004763520322740078, 0.004109181929379702, -0.0035531013272702694, 0.009194894693791866, -0.004002922214567661], [0.00043146111420355737, -0.0012503216275945306, 0.00046640110667794943, -0.0008838387439027429, 0.0038902030792087317, -0.00015991096734069288, 0.005634247325360775, -0.004763520322740078, 0.014227728359401226, -0.00457219872623682, 0.00541024561971426, -0.0020754581782966852, 0.004810292739421129], [-0.0004039068298880011, 0.0017467141151428223, 2.7900592613150366e-05, 0.0008010959718376398, -0.002857607789337635, 0.004711770918220282, -0.0072173732332885265, 0.004109181929379702, -0.00457219872623682, 0.01630626991391182, -0.0031946978997439146, 0.0075382087379693985, 0.0016293475637212396], [0.000321318133501336, -0.0015840880805626512, -0.00029058504151180387, 0.0036451052874326706, 0.0044235847890377045, 0.00017191375081893057, 0.006228592712432146, -0.0035531013272702694, 0.00541024561971426, -0.0031946978997439146, 0.014495019800961018, -0.005073913838714361, 0.00398927740752697], [0.0006508767255581915, 0.004016913007944822, -0.0012993208365514874, -0.001166266156360507, -0.002919285325333476, 0.004789252765476704, -0.00720498850569129, 0.009194894693791866, -0.0020754581782966852, 0.0075382087379693985, -0.005073913838714361, 0.02069949544966221, -0.0062184687703847885], [-0.0004861533234361559, -0.0021491688676178455, 0.0009412376675754786, 0.002449319465085864, 0.003190085757523775, 0.0007604755810461938, 0.004540232941508293, -0.004002922214567661, 0.004810292739421129, 0.0016293475637212396, 0.00398927740752697, -0.0062184687703847885, 0.013658545911312103]], "lowlevel.mfcc.cov": [[10516.900390625, -161.76919555664062, -52.66524887084961, -519.6104736328125, -69.2629623413086, -93.36335754394531, 767.21533203125, -533.7026977539062, 552.0612182617188, 578.882080078125, -587.5444946289062, -48.741600036621094, -471.7091064453125], [-161.76919555664062, 1628.175048828125, 10.673752784729004, -225.45252990722656, 2.906601905822754, -78.01477813720703, 292.4385986328125, -160.6855010986328, 46.80904769897461, 9.871316909790039, 123.48062133789062, -94.46451568603516, -63.51838684082031], [-52.66524887084961, 10.673752784729004, 500.74359130859375, -78.5261001586914, 10.842336654663086, 79.44869995117188, -44.37324905395508, 6.280477046966553, -114.14077758789062, -106.21578216552734, -10.18670654296875, 3.6916697025299072, -22.856998443603516], [-519.6104736328125, -225.45252990722656, -78.5261001586914, 572.1983032226562, 75.97750854492188, 141.49522399902344, -246.6122283935547, 107.13249969482422, 78.10091400146484, 7.837626934051514, 128.09510803222656, -35.372928619384766, 124.96096801757812], [-69.2629623413086, 2.906601905822754, 10.842336654663086, 75.97750854492188, 446.4565124511719, -158.067626953125, -122.0101547241211, -48.91168975830078, -95.5283203125, -59.26694107055664, -83.91043853759766, 6.912034511566162, -102.63866424560547], [-93.36335754394531, -78.01477813720703, 79.44869995117188, 141.49522399902344, -158.067626953125, 452.2201232910156, -8.125495910644531, 169.73072814941406, 130.92855834960938, 69.03848266601562, 144.42140197753906, -64.71601104736328, 160.27085876464844], [767.21533203125, 292.4385986328125, -44.37324905395508, -246.6122283935547, -122.0101547241211, -8.125495910644531, 374.9502258300781, -64.36492156982422, 68.36544036865234, 57.80546951293945, -23.156034469604492, 4.379644393920898, -74.15225219726562], [-533.7026977539062, -160.6855010986328, 6.280477046966553, 107.13249969482422, -48.91168975830078, 169.73072814941406, -64.36492156982422, 220.3733673095703, 28.53183937072754, -16.3892822265625, 44.284297943115234, -21.08149528503418, 87.28208923339844], [552.0612182617188, 46.80904769897461, -114.14077758789062, 78.10091400146484, -95.5283203125, 130.92855834960938, 68.36544036865234, 28.53183937072754, 232.9584503173828, 128.66131591796875, 51.43060302734375, -47.39353942871094, 35.86371612548828], [578.882080078125, 9.871316909790039, -106.21578216552734, 7.837626934051514, -59.26694107055664, 69.03848266601562, 57.80546951293945, -16.3892822265625, 128.66131591796875, 197.05465698242188, 50.630859375, -11.911972999572754, 25.482515335083008], [-587.5444946289062, 123.48062133789062, -10.18670654296875, 128.09510803222656, -83.91043853759766, 144.42140197753906, -23.156034469604492, 44.284297943115234, 51.43060302734375, 50.630859375, 288.20037841796875, 6.095094680786133, 85.24836730957031], [-48.741600036621094, -94.46451568603516, 3.6916697025299072, -35.372928619384766, 6.912034511566162, -64.71601104736328, 4.379644393920898, -21.08149528503418, -47.39353942871094, -11.911972999572754, 6.095094680786133, 109.5230484008789, -18.056934356689453], [-471.7091064453125, -63.51838684082031, -22.856998443603516, 124.96096801757812, -102.63866424560547, 160.27085876464844, -74.15225219726562, 87.28208923339844, 35.86371612548828, 25.482515335083008, 85.24836730957031, -18.056934356689453, 206.02566528320312]], "lowlevel.mfcc.icov": [[0.00022280668781604618, 9.238317579729483e-05, -0.00016446190420538187, -7.043677032925189e-05, -1.9993371097370982e-05, -0.00015166154480539262, -0.00028896357980556786, 0.00047335634008049965, -0.00038946254062466323, -0.00048272128333337605, 0.00048272963613271713, -2.3767019229126163e-05, 0.0002922459680121392], [9.238317579729483e-05, 0.0010453752474859357, -0.00019329007773194462, 0.000274487683782354, -0.0003686842683237046, 0.00035235966788604856, -0.0009088029037229717, 0.00069520651595667, -0.00045857744407840073, 0.0002575230901129544, -0.0007663215510547161, 0.0012693691533058882, -0.00025720251142047346], [-0.00016446190420538187, -0.00019329007773194462, 0.0031668124720454216, 0.0006031697266735137, 0.00014873874897602946, -0.0018468099879100919, 0.0009723423863761127, 0.0004156962095294148, 0.0015746279386803508, 0.0015231519937515259, -0.00021918592392466962, -0.0002130463399225846, 0.0008435004856437445], [-7.043677032925189e-05, 0.000274487683782354, 0.0006031697266735137, 0.003745001507923007, -0.0009676868794485927, -0.00027147436048835516, 0.0019489869009703398, -0.00019433622946962714, -0.0017723900964483619, 0.0012805755250155926, -0.0014997631078585982, 0.0004781393217854202, -0.0009556747390888631], [-1.9993371097370982e-05, -0.0003686842683237046, 0.00014873874897602946, -0.0009676868794485927, 0.0036322353407740593, 0.000232542835874483, 0.0011695929570123553, -4.600104512064718e-05, 0.0013037099270150065, -0.00046837679110467434, 0.0008555073291063309, 1.8339320604354725e-06, 0.0019902207423001528], [-0.00015166154480539262, 0.00035235966788604856, -0.0018468099879100919, -0.00027147436048835516, 0.000232542835874483, 0.006462670862674713, -0.0009974287822842598, -0.003250835696235299, -0.001708304276689887, -0.0006100227474234998, -0.0019683176651597023, 0.002273885766044259, -0.0027856389060616493], [-0.00028896357980556786, -0.0009088029037229717, 0.0009723423863761127, 0.0019489869009703398, 0.0011695929570123553, -0.0009974287822842598, 0.006095548626035452, -0.00012140464241383597, -0.0008143899030983448, 0.0005114040104672313, -6.847857730463147e-05, -0.0012780934339389205, 0.001582709839567542], [0.00047335634008049965, 0.00069520651595667, 0.0004156962095294148, -0.00019433622946962714, -4.600104512064718e-05, -0.003250835696235299, -0.00012140464241383597, 0.008829953148961067, -0.0010439172619953752, 0.0011430272134020925, 0.0010618505766615272, 9.941972530214116e-05, -0.00020672092796303332], [-0.00038946254062466323, -0.00045857744407840073, 0.0015746279386803508, -0.0017723900964483619, 0.0013037099270150065, -0.001708304276689887, -0.0008143899030983448, -0.0010439172619953752, 0.01096793171018362, -0.003936991095542908, -6.660355575149879e-05, 0.0020534032955765724, 0.0011294139549136162], [-0.00048272128333337605, 0.0002575230901129544, 0.0015231519937515259, 0.0012805755250155926, -0.00046837679110467434, -0.0006100227474234998, 0.0005114040104672313, 0.0011430272134020925, -0.003936991095542908, 0.010587606579065323, -0.002310381270945072, -0.0004156793584115803, -0.0013971850275993347], [0.00048272963613271713, -0.0007663215510547161, -0.00021918592392466962, -0.0014997631078585982, 0.0008555073291063309, -0.0019683176651597023, -6.847857730463147e-05, 0.0010618505766615272, -6.660355575149879e-05, -0.002310381270945072, 0.0068350196816027164, -0.0025133772287517786, 0.0004861186898779124], [-2.3767019229126163e-05, 0.0012693691533058882, -0.0002130463399225846, 0.0004781393217854202, 1.8339320604354725e-06, 0.002273885766044259, -0.0012780934339389205, 9.941972530214116e-05, 0.0020534032955765724, -0.0004156793584115803, -0.0025133772287517786, 0.012707534246146679, -0.0003991315024904907], [0.0002922459680121392, -0.00025720251142047346, 0.0008435004856437445, -0.0009556747390888631, 0.0019902207423001528, -0.0027856389060616493, 0.001582709839567542, -0.00020672092796303332, 0.0011294139549136162, -0.0013971850275993347, 0.0004861186898779124, -0.0003991315024904907, 0.009672609157860279]], "metadata.audio_properties.analysis.downmix": "mix", "metadata.audio_properties.codec": "mp3", "metadata.audio_properties.md5_encoded": "376424de7edd091388fba5cc111ea981", "metadata.tags.file_name": "1183711014143926294.mp3", "metadata.version.essentia": "2.1-beta6-dev", "metadata.version.essentia_git_sha": "v2.1_beta5-1110-g77a6a954", "metadata.version.extractor": "music 2.0", "tonal.chords_key": "Eb", "tonal.chords_scale": "major", "tonal.key_edma.key": "Eb", "tonal.key_edma.scale": "major", "tonal.key_krumhansl.key": "Eb", "tonal.key_krumhansl.scale": "major", "tonal.key_temperley.key": "Eb", "tonal.key_temperley.scale": "major", "metadata.tags.encoding": ["Lavf58.45.100"]}, "essentia_models": [{"model_name": "genre_dortmund", "activations": {"alternative": "0.025769183", "blues": "0.0052847248", "electronic": "0.008795278", "folkcountry": "0.17063446", "funksoulrnb": "0.0057175173", "jazz": "0.12679593", "pop": "0.64967227", "raphiphop": "0.0034078525", "rock": "0.009977901"}}, {"model_name": "genre_rosamerica", "activations": {"classic": "0.00064305315", "dance": "0.00040686084", "hip hop": "8.698242e-05", "jazz": "0.038690656", "pop": "0.13094872", "rhythm and blues": "0.07512599", "rock": "0.0013482727", "speech": "0.0016155385"}}, {"model_name": "genre_tzanetakis", "activations": {"blues": "0.0096610105"