{"song_id": "1183698186951475240", "download": "https://cdn.discordapp.com/attachments/1135911532732108921/1183698186951475240/chirp.mp4?ex=658947d7&amp", "lyrics": "[verse]\nThere's a snail in the holler, just as slow as can be\nBut lately he's been searching for a high that's fancy and free\nCrawlin' on his journey, through the wide open trail\nLeaving behind a silver trace, as this snail sets sail\n\n[chorus]\nOh, Mr. Snail, you're spiraling down a winding road\nChasing the dragonfly, tryin' to lighten your load\nThrough the cornfields you wander, leaving a snail slime trail\nBut you gotta break free, Mr. Snail, before your soul turns pale", "style": ["country banjo"], "essentia_features": {"lowlevel.average_loudness": 0.9758020043373108, "lowlevel.barkbands_crest.mean": 10.49778938293457, "lowlevel.barkbands_crest.stdev": 4.157853603363037, "lowlevel.barkbands_flatness_db.mean": 0.2010882943868637, "lowlevel.barkbands_flatness_db.stdev": 0.04554220661520958, "lowlevel.barkbands_kurtosis.mean": 5.437405586242676, "lowlevel.barkbands_kurtosis.stdev": 5.857491493225098, "lowlevel.barkbands_skewness.mean": 1.6635693311691284, "lowlevel.barkbands_skewness.stdev": 0.9529197216033936, "lowlevel.barkbands_spread.mean": 11.603331565856934, "lowlevel.barkbands_spread.stdev": 6.4697089195251465, "lowlevel.dissonance.mean": 0.4210208058357239, "lowlevel.dissonance.stdev": 0.03667350113391876, "lowlevel.dynamic_complexity": 2.007680892944336, "lowlevel.erbbands_crest.mean": 12.147632598876953, "lowlevel.erbbands_crest.stdev": 4.745181560516357, "lowlevel.erbbands_flatness_db.mean": 0.1989997923374176, "lowlevel.erbbands_flatness_db.stdev": 0.040025725960731506, "lowlevel.erbbands_kurtosis.mean": 2.885283946990967, "lowlevel.erbbands_kurtosis.stdev": 2.844179391860962, "lowlevel.erbbands_skewness.mean": 0.9959696531295776, "lowlevel.erbbands_skewness.stdev": 0.6414694786071777, "lowlevel.erbbands_spread.mean": 25.36223793029785, "lowlevel.erbbands_spread.stdev": 16.305696487426758, "lowlevel.hfc.mean": 16.756887435913086, "lowlevel.hfc.stdev": 11.257055282592773, "lowlevel.loudness_ebu128.integrated": -14.045919418334961, "lowlevel.loudness_ebu128.loudness_range": 1.907374382019043, "lowlevel.loudness_ebu128.momentary.mean": -14.215922355651855, "lowlevel.loudness_ebu128.momentary.stdev": 1.2262545824050903, "lowlevel.loudness_ebu128.short_term.mean": -14.07481575012207, "lowlevel.loudness_ebu128.short_term.stdev": 0.6930791139602661, "lowlevel.melbands_crest.mean": 14.1445894241333, "lowlevel.melbands_crest.stdev": 4.550190448760986, "lowlevel.melbands_flatness_db.mean": 0.27275699377059937, "lowlevel.melbands_flatness_db.stdev": 0.05456699803471565, "lowlevel.melbands_kurtosis.mean": 10.316495895385742, "lowlevel.melbands_kurtosis.stdev": 12.70637321472168, "lowlevel.melbands_skewness.mean": 2.137514352798462, "lowlevel.melbands_skewness.stdev": 1.325871229171753, "lowlevel.melbands_spread.mean": 12.603375434875488, "lowlevel.melbands_spread.stdev": 6.405850887298584, "lowlevel.pitch_salience.mean": 0.5125450491905212, "lowlevel.pitch_salience.stdev": 0.1108812540769577, "lowlevel.silence_rate_20dB.mean": 1.0, "lowlevel.silence_rate_20dB.stdev": 0.0, "lowlevel.silence_rate_30dB.mean": 0.9876084327697754, "lowlevel.silence_rate_30dB.stdev": 0.1106262356042862, "lowlevel.silence_rate_60dB.mean": 0.0018587360391393304, "lowlevel.silence_rate_60dB.stdev": 0.04307300224900246, "lowlevel.spectral_centroid.mean": 742.5082397460938, "lowlevel.spectral_centroid.stdev": 266.1240234375, "lowlevel.spectral_complexity.mean": 14.065675735473633, "lowlevel.spectral_complexity.stdev": 5.0518341064453125, "lowlevel.spectral_decrease.mean": -1.0433023334144309e-08, "lowlevel.spectral_decrease.stdev": 6.557176579491397e-09, "lowlevel.spectral_energy.mean": 0.04089653864502907, "lowlevel.spectral_energy.stdev": 0.02552124857902527, "lowlevel.spectral_energyband_high.mean": 0.00025524073862470686, "lowlevel.spectral_energyband_high.stdev": 0.0003341250994708389, "lowlevel.spectral_energyband_low.mean": 0.018179282546043396, "lowlevel.spectral_energyband_low.stdev": 0.016998425126075745, "lowlevel.spectral_energyband_middle_high.mean": 0.005029500462114811, "lowlevel.spectral_energyband_middle_high.stdev": 0.006224265322089195, "lowlevel.spectral_energyband_middle_low.mean": 0.019336365163326263, "lowlevel.spectral_energyband_middle_low.stdev": 0.014271185733377934, "lowlevel.spectral_entropy.mean": 7.080355167388916, "lowlevel.spectral_entropy.stdev": 0.3502165973186493, "lowlevel.spectral_flux.mean": 0.07649033516645432, "lowlevel.spectral_flux.stdev": 0.04503404721617699, "lowlevel.spectral_kurtosis.mean": 5.42107629776001, "lowlevel.spectral_kurtosis.stdev": 3.270561456680298, "lowlevel.spectral_rms.mean": 0.006014511454850435, "lowlevel.spectral_rms.stdev": 0.0019299648702144623, "lowlevel.spectral_rolloff.mean": 679.3372192382812, "lowlevel.spectral_rolloff.stdev": 519.3670654296875, "lowlevel.spectral_skewness.mean": 1.7780802249908447, "lowlevel.spectral_skewness.stdev": 0.45291125774383545, "lowlevel.spectral_spread.mean": 3887380.0, "lowlevel.spectral_spread.stdev": 1578177.75, "lowlevel.spectral_strongpeak.mean": 1.0812209844589233, "lowlevel.spectral_strongpeak.stdev": 1.0832035541534424, "lowlevel.zerocrossingrate.mean": 0.03150049224495888, "lowlevel.zerocrossingrate.stdev": 0.016993744298815727, "metadata.audio_properties.analysis.equal_loudness": 0.0, "metadata.audio_properties.analysis.length": 37.43997573852539, "metadata.audio_properties.analysis.sample_rate": 44100.0, "metadata.audio_properties.analysis.start_time": 0.0, "metadata.audio_properties.bit_rate": 117022.0, "metadata.audio_properties.length": 37.439998626708984, "metadata.audio_properties.lossless": 0.0, "metadata.audio_properties.number_channels": 1.0, "metadata.audio_properties.replay_gain": -12.048847198486328, "metadata.audio_properties.sample_rate": 48000.0, "rhythm.beats_count": 65.0, "rhythm.beats_loudness.mean": 0.0698816180229187, "rhythm.beats_loudness.stdev": 0.0232866033911705, "rhythm.bpm": 106.74014282226562, "rhythm.bpm_histogram_first_peak_bpm": 108.0, "rhythm.bpm_histogram_first_peak_weight": 0.3863636255264282, "rhythm.bpm_histogram_second_peak_bpm": 103.0, "rhythm.bpm_histogram_second_peak_spread": 0.2666666507720947, "rhythm.bpm_histogram_second_peak_weight": 0.171875, "rhythm.danceability": 1.764145851135254, "rhythm.onset_rate": 4.619025707244873, "tonal.chords_changes_rate": 0.0358910895884037, "tonal.chords_number_rate": 0.0037128713447600603, "tonal.chords_strength.mean": 0.5960904955863953, "tonal.chords_strength.stdev": 0.048052720725536346, "tonal.hpcp_crest.mean": 18.760549545288086, "tonal.hpcp_crest.stdev": 8.085429191589355, "tonal.hpcp_entropy.mean": 1.3847073316574097, "tonal.hpcp_entropy.stdev": 0.659041166305542, "tonal.key_edma.strength": 0.8227723240852356, "tonal.key_krumhansl.strength": 0.8210522532463074, "tonal.key_temperley.strength": 0.8132646083831787, "tonal.tuning_diatonic_strength": 0.6946235299110413, "tonal.tuning_equal_tempered_deviation": 0.06726137548685074, "tonal.tuning_frequency": 438.7310485839844, "tonal.tuning_nontempered_energy_ratio": 0.6863694190979004, "lowlevel.barkbands.mean": [3.434109385125339e-05, 0.01224441360682249, 0.004437998868525028, 0.0023681162856519222, 0.004114216659218073, 0.003950037527829409, 0.0022346938494592905, 0.004412114154547453, 0.0012201708741486073, 0.0029434619937092066, 0.0007063341909088194, 0.0007002933998592198, 0.0002997287374455482, 0.00025498479953967035, 0.00020506730652414262, 8.005321433302015e-05, 0.00011880009697051719, 9.791192860575393e-05, 0.00018983022891916335, 5.5393888032995164e-05, 9.89470790955238e-05, 4.29179854108952e-05, 3.856907278532162e-05, 2.967857835756149e-05, 1.2632295693038031e-05, 5.792770934931468e-06, 6.299901400552699e-08], "lowlevel.barkbands.stdev": [5.1395181799307466e-05, 0.013496017083525658, 0.005856565665453672, 0.002470690058544278, 0.004743281286209822, 0.006046568509191275, 0.004052069503813982, 0.006072618532925844, 0.0023897814098745584, 0.004532387480139732, 0.0017115450464189053, 0.0021345363929867744, 0.0008618052233941853, 0.0006164219812490046, 0.0005431571626104414, 0.00018250590073876083, 0.00022191807511262596, 0.00018777392688207328, 0.00037154293386265635, 9.260629303753376e-05, 0.0001084249306586571, 4.967379936715588e-05, 9.55686264205724e-05, 0.00010657214443199337, 3.9776354242349043e-05, 1.839620017562993e-05, 2.3890723355179944e-07], "lowlevel.erbbands.mean": [0.17289875447750092, 3.323162317276001, 6.702682018280029, 6.612193584442139, 12.769548416137695, 8.628266334533691, 23.225605010986328, 29.0207462310791, 43.532081604003906, 29.312192916870117, 117.1015396118164, 34.42266082763672, 68.34432983398438, 77.7352523803711, 29.355865478515625, 29.667749404907227, 13.868743896484375, 16.926010131835938, 12.370795249938965, 5.918627738952637, 5.12504768371582, 6.29653263092041, 5.470279693603516, 8.508285522460938, 7.570827960968018, 2.856635808944702, 4.350696563720703, 2.7941129207611084, 1.6460137367248535, 1.2384650707244873, 0.9974499344825745, 0.8328449726104736, 0.39224809408187866, 0.16880257427692413, 0.07254725694656372, 0.03320946916937828, 0.009602967649698257, 0.0009369432809762657, 3.9321937947534025e-05, 4.7050602006493136e-05], "lowlevel.erbbands.stdev": [0.2385854721069336, 3.5577480792999268, 8.272096633911133, 6.050906658172607, 17.427404403686523, 10.10788631439209, 37.19823455810547, 49.884422302246094, 72.75463104248047, 55.941864013671875, 160.7391357421875, 51.20555877685547, 106.63014221191406, 135.52392578125, 52.652381896972656, 92.56693267822266, 35.06056594848633, 39.128536224365234, 30.966041564941406, 14.307500839233398, 10.200032234191895, 11.631672859191895, 10.01708984375, 17.039363861083984, 14.505109786987305, 4.66018009185791, 5.2032318115234375, 2.9556729793548584, 1.8229026794433594, 1.9443684816360474, 2.682356357574463, 3.1888797283172607, 1.376418113708496, 0.5469469428062439, 0.2245849370956421, 0.11081843823194504, 0.02943456545472145, 0.0027941525913774967, 5.768141272710636e-05, 2.83486551779788e-05], "lowlevel.gfcc.mean": [-17.441728591918945, 141.9497833251953, -107.66222381591797, 28.123920440673828, -72.30726623535156, 11.945064544677734, -15.185113906860352, 5.205591678619385, -16.135169982910156, -1.8330894708633423, -17.321102142333984, -5.066086292266846, -6.869261264801025], "lowlevel.melbands.mean": [0.002616340760141611, 0.003864501602947712, 0.0012973465491086245, 0.0007844772771932185, 0.0006773233180865645, 0.000709978980012238, 0.0006380963022820652, 0.0003763155546039343, 0.0008835062035359442, 0.000178136644535698, 0.0003456272534094751, 0.00033018295653164387, 0.00010454287985339761, 8.441589307039976e-05, 4.499307397054508e-05, 2.9985691071487963e-05, 3.013021341757849e-05, 1.9056842575082555e-05, 1.0461421879881527e-05, 6.336302249110304e-06, 5.936988145549549e-06, 6.500978543044766e-06, 6.164042133605108e-06, 4.353252734290436e-06, 7.090766303008422e-06, 7.4052509262401145e-06, 2.7519313334778417e-06, 1.5460067288586288e-06, 2.74185799753468e-06, 2.511647835490294e-06, 1.2802086075680563e-06, 9.82264282356482e-07, 7.042078209451574e-07, 6.881958825033507e-07, 5.223022299105651e-07, 6.378722900990397e-07, 4.669284408009844e-07, 3.0760625691073074e-07, 1.6920947132348374e-07, 1.3051506186911865e-07], "lowlevel.melbands.stdev": [0.0031485543586313725, 0.003936197608709335, 0.00114906276576221, 0.0009638554765842855, 0.0010740818688645959, 0.0011944081634283066, 0.001058918540365994, 0.0006266969721764326, 0.0012169164838269353, 0.00029467770946212113, 0.0005405146512202919, 0.0006177484756335616, 0.0002258977183373645, 0.0002714778238441795, 0.0001304560573771596, 7.80637637944892e-05, 7.551899761892855e-05, 4.9074300477514043e-05, 2.8318618205958046e-05, 1.532267742732074e-05, 1.1616172741923947e-05, 1.2168547982582822e-05, 1.3474448678607587e-05, 7.989337063918356e-06, 1.5191302736639045e-05, 1.5463965610251762e-05, 5.0402386477799155e-06, 3.216605136913131e-06, 3.7016841361037223e-06, 2.848682925105095e-06, 1.5103993291631923e-06, 1.1313142067592707e-06, 9.636308959670714e-07, 1.19065396120277e-06, 1.2572149898915086e-06, 2.521034730307292e-06, 1.7924393205248634e-06, 1.1175270628882572e-06, 5.835013325850014e-07, 4.2757474716381694e-07], "lowlevel.melbands128.mean": [1.6546406186535023e-05, 0.0005252085393294692, 0.003896629437804222, 0.006245855242013931, 0.004460603930056095, 0.0017071837792173028, 0.0013474584557116032, 0.0010127966525033116, 0.0015629689441993833, 0.0007893441361375153, 0.00025623111287131906, 0.000610715476796031, 0.001100243884138763, 0.0003499492013361305, 0.0003160970227327198, 0.0013023917563259602, 0.0009670158033259213, 0.0004600579268299043, 0.0002760675852186978, 0.0002857570070773363, 0.00021979722077958286, 0.0011584206949919462, 0.001289570820517838, 0.00020222629245836288, 0.00013315569958649576, 0.00011195315164513886, 0.0003418608393985778, 0.00043082921183668077, 0.00020226363267283887, 0.0005799013306386769, 0.00023037449864204973, 0.00014865976118016988, 0.00013114063767716289, 4.0869777876650915e-05, 7.23163248039782e-05, 0.00011480038665467873, 8.512453496223316e-05, 2.9064078262308612e-05, 3.5136297810822725e-05, 2.1997573639964685e-05, 2.2994299797574058e-05, 5.1588696805993095e-05, 3.5171411582268775e-05, 1.9225035430281423e-05, 8.037048246478662e-06, 2.6141922717215493e-05, 2.4841385311447084e-05, 4.893384812021395e-06, 8.799597708275542e-06, 7.118621397239622e-06, 5.615127520286478e-06, 5.5643663472437765e-06, 5.996112122375052e-06, 5.374130523705389e-06, 7.850909241824411e-06, 5.977228283882141e-06, 5.833084287587553e-06, 8.014628292585257e-06, 5.77606397200725e-06, 3.467936039669439e-06, 4.641069608624093e-06, 3.823577571893111e-06, 6.931087227712851e-06, 8.077200618572533e-06, 7.538152658526087e-06, 8.847507160680834e-06, 6.761569693480851e-06, 2.821614089043578e-06, 2.2176648144522915e-06, 1.8159872752221418e-06, 1.4750027048648917e-06, 1.3365439599510864e-06, 1.8416103557683527e-06, 3.979335360781988e-06, 2.166524154745275e-06, 3.1270162708096905e-06, 2.3648642581974855e-06, 1.4830857253400609e-06, 1.1366338412699406e-06, 1.0169723054787028e-06, 1.0841696393981692e-06, 9.781687140275608e-07, 7.169021500885719e-07, 6.888752750455751e-07, 6.690689815513906e-07, 6.901378242218925e-07, 7.561326356153586e-07, 5.640324616251746e-07, 4.231741286275792e-07, 5.358331236493541e-07, 7.251587135215232e-07, 6.570402888428362e-07, 5.151387085788883e-07, 4.912276381219272e-07, 4.098211263681151e-07, 3.7712089806518634e-07, 2.859981975689152e-07, 2.1623225165967597e-07, 1.4615110899285355e-07, 1.718040749665306e-07, 1.4372183443356334e-07, 1.2901161028366914e-07, 1.0384291471154938e-07, 9.241048815056274e-08, 6.579978162335465e-08, 7.063155038622426e-08, 9.141552936853259e-08, 6.185358358834492e-08, 5.213079745658433e-08, 5.225075128123535e-08, 4.5966654482754166e-08, 3.010129390190741e-08, 3.201147080744704e-08, 2.38552431142125e-08, 1.7339196745069785e-08, 8.640318682751058e-09, 2.4934394549092076e-09, 2.159698947457045e-10, 6.861212986652987e-12, 6.6731338337067125e-12, 6.511886516125109e-12, 6.379968168351846e-12, 6.2443349102547785e-12, 6.135996658690468e-12, 6.019064153345299e-12, 5.8934667042376265e-12, 5.814687707023092e-12, 5.7791080948499385e-12], "lowlevel.melbands128.stdev": [3.4532189602032304e-05, 0.0009144599316641688, 0.005634318105876446, 0.006594142876565456, 0.005561640951782465, 0.0019378586439415812, 0.0014839030336588621, 0.0011596463155001402, 0.0024249900598078966, 0.0010824636556208134, 0.00050766282947734, 0.0010529664577916265, 0.0018472817027941346, 0.0005494258366525173, 0.0006312072509899735, 0.002541497815400362, 0.0017702331533655524, 0.0014100484549999237, 0.0006980514735914767, 0.0009278991492465138, 0.000634658383205533, 0.001804523286409676, 0.0019027147209271789, 0.000726314028725028, 0.00042619588202796876, 0.0002588076749816537, 0.0006619491032324731, 0.0009298351942561567, 0.0005415371851995587, 0.0013465891825035214, 0.0004198137321509421, 0.00045995035907253623, 0.00032381710479967296, 0.00015539134619757533, 0.00026331108529120684, 0.0005227381479926407, 0.0003350003098603338, 0.0001338924776064232, 0.0001624524884391576, 7.275399548234418e-05, 9.587507520336658e-05, 0.00013870472321286798, 0.0001171902913483791, 6.55215626466088e-05, 2.2068828911869787e-05, 8.563342271372676e-05, 8.200312731787562e-05, 2.4779801606200635e-05, 3.602930883062072e-05, 2.0627207049983554e-05, 2.0485940694925375e-05, 1.9086055544903502e-05, 1.7272210243390873e-05, 1.0717791155911982e-05, 1.721864282444585e-05, 1.4918971828592476e-05, 1.4711431504110806e-05, 2.2621672542300075e-05, 1.5372115740319714e-05, 8.187793355318718e-06, 1.0673248652892653e-05, 7.795076271577273e-06, 1.566623177495785e-05, 2.2542657461599447e-05, 1.990379678318277e-05, 2.201495044573676e-05, 1.786967732186895e-05, 6.250506885407958e-06, 4.96941765959491e-06, 3.863119218294742e-06, 4.839203029405326e-06, 2.683170805539703e-06, 3.0150524708005833e-06, 6.800314167776378e-06, 2.816892902046675e-06, 4.554791757982457e-06, 3.1717993351776386e-06, 2.038811999227619e-06, 1.6968897398328409e-06, 1.3775220395473298e-06, 1.4644167549704434e-06, 1.3385442798607983e-06, 9.658513135946123e-07, 1.054686663337634e-06, 1.182485902972985e-06, 1.2454396483008168e-06, 1.4203614000507514e-06, 1.3159095715309377e-06, 1.0435923059048946e-06, 1.6715105175535427e-06, 2.832008703990141e-06, 2.8895069590362255e-06, 2.4586952349636704e-06, 2.038400680248742e-06, 1.493961690357537e-06, 1.5174385907812393e-06, 1.0946738484562957e-06, 8.564813356315426e-07, 5.256389954411134e-07, 6.906649900884076e-07, 4.594158440340834e-07, 4.80474625419447e-07, 3.671648300951347e-07, 3.427689421187097e-07, 2.1587074172657594e-07, 2.235015728047074e-07, 3.3601403970351384e-07, 2.2314183922844677e-07, 1.9828713959668676e-07, 1.828364020184381e-07, 1.737881945018671e-07, 9.381881227454869e-08, 9.890703012160884e-08, 9.447301607679037e-08, 5.753211596015717e-08, 3.056759823039101e-08, 9.262989486558126e-09, 1.4593358743653084e-09, 9.623943135472768e-12, 9.373990299266222e-12, 9.148178742313107e-12, 8.949827857984705e-12, 8.771947578034567e-12, 8.621721392376713e-12, 8.496123075907303e-12, 8.39581876244111e-12, 8.32244863302467e-12, 8.277404803247457e-12], "lowlevel.mfcc.mean": [-661.2471923828125, 165.36325073242188, 16.974905014038086, 24.6027774810791, -20.856914520263672, 10.23536491394043, -1.1073353290557861, 9.50660228729248, 7.215545654296875, 4.50731897354126, 0.24096253514289856, 2.760880947113037, -5.0028300285339355], "lowlevel.spectral_contrast_coeffs.mean": [-0.691393256187439, -0.6794622540473938, -0.6952505707740784, -0.7966300845146179, -0.7987011671066284, -0.7079343199729919], "lowlevel.spectral_contrast_coeffs.stdev": [0.05985044315457344, 0.06956051290035248, 0.05939744412899017, 0.04553954675793648, 0.04242539405822754, 0.048334769904613495], "lowlevel.spectral_contrast_valleys.mean": [-6.347070693969727, -6.57568359375, -7.349643707275391, -8.123122215270996, -8.083155632019043, -11.274755477905273], "lowlevel.spectral_contrast_valleys.stdev": [0.5947999954223633, 0.6114992499351501, 0.6119583249092102, 0.5749187469482422, 0.6962494254112244, 0.8887930512428284], "rhythm.beats_loudness_band_ratio.mean": [0.5361633896827698, 0.24168072640895844, 0.20341730117797852, 0.09478592127561569, 0.015269867144525051, 0.009471212513744831], "rhythm.beats_loudness_band_ratio.stdev": [0.21330535411834717, 0.19063256680965424, 0.12668296694755554, 0.09811306744813919, 0.01772250607609749, 0.011078773997724056], "tonal.hpcp.mean": [0.148030623793602, 0.10216724872589111, 0.009758291766047478, 0.006799695082008839, 0.012094366364181042, 0.042313579469919205, 0.06569178402423859, 0.03929654881358147, 0.018035702407360077, 0.016187166795134544, 0.01071460172533989, 0.019018441438674927, 0.043917395174503326, 0.08334517478942871, 0.31987008452415466, 0.628402054309845, 0.39694055914878845, 0.04366201162338257, 0.01361496839672327, 0.01056562177836895, 0.017695527523756027, 0.025033704936504364, 0.02037733420729637, 0.01599082536995411, 0.016966840252280235, 0.026477377861738205, 0.07222964614629745, 0.11684830486774445, 0.12572455406188965, 0.32349637150764465, 0.45316776633262634, 0.20485392212867737, 0.02080371603369713, 0.014800774864852428, 0.020161937922239304, 0.06653691083192825], "tonal.hpcp.stdev": [0.23350276052951813, 0.17210397124290466, 0.03851909190416336, 0.03705334663391113, 0.04842255637049675, 0.10734823346138, 0.14682988822460175, 0.107493095099926, 0.08709996938705444, 0.0835946574807167, 0.05886269360780716, 0.07593569904565811, 0.1385815292596817, 0.19375625252723694, 0.28211671113967896, 0.3722948729991913, 0.29101189970970154, 0.11823812872171402, 0.07031407952308655, 0.051949888467788696, 0.0703432634472847, 0.08723268657922745, 0.07434365898370743, 0.07856329530477524, 0.08148548752069473, 0.114195317029953, 0.18913447856903076, 0.23584040999412537, 0.2180813103914261, 0.31905925273895264, 0.4328728914260864, 0.23287563025951385, 0.08421945571899414, 0.06602483987808228, 0.07760325074195862, 0.15344993770122528], "rhythm.beats_position": [0.6153287887573242, 1.2190475463867188, 1.8111563920974731, 2.391655206680298, 2.972154140472412, 3.5526530742645264, 4.133152008056641, 4.713650703430176, 5.294149398803711, 5.874648571014404, 6.4551472663879395, 7.024035930633545, 7.592925071716309, 8.173423767089844, 8.753922462463379, 9.334421157836914, 9.926530838012695, 10.54185962677002, 11.168798446655273, 11.795736312866211, 12.411065101623535, 13.038003921508789, 13.63011360168457, 14.199002265930176, 14.767890930175781, 15.336779594421387, 15.894058227539062, 16.462947845458984, 17.031835556030273, 17.600725173950195, 18.158004760742188, 18.715282440185547, 19.28417205810547, 19.82984161376953, 20.38711929321289, 20.944398880004883, 21.501678466796875, 22.058956146240234, 22.627845764160156, 23.185123443603516, 23.742403030395508, 24.28807258605957, 24.84535026550293, 25.402629852294922, 25.959909439086914, 26.517187118530273, 27.074466705322266, 27.631746292114258, 28.189023971557617, 28.74630355834961, 29.3035831451416, 29.86086082458496, 30.418140411376953, 30.975418090820312, 31.509477615356445, 32.06675720214844, 32.6240348815918, 33.18131637573242, 33.73859405517578, 34.29587173461914, 34.8415412902832, 35.387210845947266, 35.944488525390625, 36.49015808105469, 37.03582763671875], "rhythm.bpm_histogram": [0.0, 0.0, 0.0, 0.0, 0.0, 0.0, 0.0, 0.0, 0.0, 0.0, 0.0, 0.0, 0.0, 0.0, 0.0, 0.0, 0.0, 0.0, 0.0, 0.0, 0.0, 0.0, 0.0, 0.0, 0.0, 0.0, 0.0, 0.0, 0.0, 0.0, 0.0, 0.0, 0.0, 0.0, 0.0, 0.0, 0.0, 0.0, 0.0, 0.0, 0.0, 0.0, 0.0, 0.0, 0.0, 0.0, 0.0, 0.0, 0.0, 0.0, 0.0, 0.0, 0.0, 0.0, 0.0, 0.0, 0.0, 0.0, 0.0, 0.0, 0.0, 0.0, 0.0, 0.0, 0.0, 0.0, 0.0, 0.0, 0.0, 0.0, 0.0, 0.0, 0.0, 0.0, 0.0, 0.0, 0.0, 0.0, 0.0, 0.0, 0.0, 0.0, 0.0, 0.0, 0.0, 0.0, 0.0, 0.0, 0.0, 0.0, 0.0, 0.0, 0.0, 0.0, 0.0, 0.0, 0.046875, 0.0, 0.03125, 0.015625, 0.0, 0.046875, 0.0, 0.171875, 0.0, 0.15625, 0.0, 0.0, 0.421875, 0.0, 0.09375, 0.0, 0.015625, 0.0, 0.0, 0.0, 0.0, 0.0, 0.0, 0.0, 0.0, 0.0, 0.0, 0.0, 0.0, 0.0, 0.0, 0.0, 0.0, 0.0, 0.0, 0.0, 0.0, 0.0, 0.0, 0.0, 0.0, 0.0, 0.0, 0.0, 0.0, 0.0, 0.0, 0.0, 0.0, 0.0, 0.0, 0.0, 0.0, 0.0, 0.0, 0.0, 0.0, 0.0, 0.0, 0.0, 0.0, 0.0, 0.0, 0.0, 0.0, 0.0, 0.0, 0.0, 0.0, 0.0, 0.0, 0.0, 0.0, 0.0, 0.0, 0.0, 0.0, 0.0, 0.0, 0.0, 0.0, 0.0, 0.0, 0.0, 0.0, 0.0, 0.0, 0.0, 0.0, 0.0, 0.0, 0.0, 0.0, 0.0, 0.0, 0.0, 0.0, 0.0, 0.0, 0.0, 0.0, 0.0, 0.0, 0.0, 0.0, 0.0, 0.0, 0.0, 0.0, 0.0, 0.0, 0.0, 0.0, 0.0, 0.0, 0.0, 0.0, 0.0, 0.0, 0.0, 0.0, 0.0, 0.0, 0.0, 0.0, 0.0, 0.0, 0.0, 0.0, 0.0, 0.0, 0.0, 0.0, 0.0, 0.0, 0.0, 0.0, 0.0, 0.0, 0.0, 0.0, 0.0, 0.0, 0.0, 0.0, 0.0, 0.0, 0.0, 0.0, 0.0, 0.0, 0.0, 0.0, 0.0], "tonal.chords_histogram": [64.1089096069336, 0.9900990128517151, 19.554454803466797, 0.0, 0.0, 0.0, 0.0, 0.0, 0.0, 0.0, 0.0, 0.0, 0.0, 0.0, 0.0, 0.0, 0.0, 15.346534729003906, 0.0, 0.0, 0.0, 0.0, 0.0, 0.0], "tonal.thpcp": [1.0, 0.6316665410995483, 0.0694810152053833, 0.021666014567017555, 0.016813473775982857, 0.02815956436097622, 0.03983708471059799, 0.03242722526192665, 0.025446806102991104, 0.026999976485967636, 0.04213445633649826, 0.11494177579879761, 0.18594513833522797, 0.20007024705410004, 0.5147920250892639, 0.7211430668830872, 0.32599180936813354, 0.03310574218630791, 0.02355303429067135, 0.03208445757627487, 0.10588270425796509, 0.23556673526763916, 0.1625826209783554, 0.015528739430010319, 0.01082061231136322, 0.01924622431397438, 0.06733520328998566, 0.10453782230615616, 0.06253408640623093, 0.028700897470116615, 0.025759251788258553, 0.017050551250576973, 0.03026476688683033, 0.06988741457462311, 0.1326303333044052, 0.5090214014053345], "lowlevel.gfcc.cov": [[2462.329345703125, -490.37353515625, -89.73361206054688, 55.77399444580078, 69.31275939941406, -157.82135009765625, -274.1822509765625, 262.959716796875, -207.243896484375, 99.0156021118164, 111.9726791381836, 115.52816772460938, -228.8950653076172], [-490.37353515625, 899.2132568359375, -209.8719024658203, 48.75970458984375, 194.07452392578125, -83.09451293945312, 321.9232482910156, -149.496826171875, 200.99404907226562, -113.34226989746094, 101.7639389038086, -95.2448501586914, 156.75157165527344], [-89.73361206054688, -209.8719024658203, 515.597900390625, 69.66802215576172, -50.230712890625, 163.6595001220703, -66.96228790283203, 30.449602127075195, 6.657559394836426, 41.0295295715332, -52.697669982910156, 65.47344970703125, 26.02065658569336], [55.77399444580078, 48.75970458984375, 69.66802215576172, 197.8513641357422, 103.84496307373047, -0.40176472067832947, -15.56338119506836, 22.659866333007812, 65.69257354736328, -18.48359489440918, 19.48037338256836, -10.584088325500488, 40.87519454956055], [69.31275939941406, 194.07452392578125, -50.230712890625, 103.84496307373047, 282.1249084472656, -19.863628387451172, 37.069175720214844, 66.7200927734375, 62.37449264526367, -16.8968505859375, 58.83516311645508, -23.034923553466797, -7.933630466461182], [-157.82135009765625, -83.09451293945312, 163.6595001220703, -0.40176472067832947, -19.863628387451172, 289.9582824707031, 117.23064422607422, -5.623564720153809, 8.787036895751953, 8.2764253616333, -35.142356872558594, -21.306501388549805, 40.53885269165039], [-274.1822509765625, 321.9232482910156, -66.96228790283203, -15.56338119506836, 37.069175720214844, 117.23064422607422, 333.2212219238281, -44.937801361083984, 61.36623001098633, -45.550716400146484, 30.136072158813477, -38.08223342895508, 58.5839958190918], [262.959716796875, -149.496826171875, 30.449602127075195, 22.659866333007812, 66.7200927734375, -5.623564720153809, -44.937801361083984, 174.69009399414062, -10.594101905822754, 22.55879020690918, 30.202306747436523, 20.5786075592041, -64.59169006347656], [-207.243896484375, 200.99404907226562, 6.657559394836426, 65.69257354736328, 62.37449264526367, 8.787036895751953, 61.36623001098633, -10.594101905822754, 181.4151611328125, 4.673925399780273, 2.5458645820617676, -33.68962478637695, 71.6366958618164], [99.0156021118164, -113.34226989746094, 41.0295295715332, -18.48359489440918, -16.8968505859375, 8.2764253616333, -45.550716400146484, 22.55879020690918, 4.673925399780273, 102.9365005493164, 6.093321323394775, 31.00263214111328, -11.113218307495117], [111.9726791381836, 101.7639389038086, -52.697669982910156, 19.48037338256836, 58.83516311645508, -35.142356872558594, 30.136072158813477, 30.202306747436523, 2.5458645820617676, 6.093321323394775, 121.18997955322266, 25.71516990661621, -12.037302017211914], [115.52816772460938, -95.2448501586914, 65.47344970703125, -10.584088325500488, -23.034923553466797, -21.306501388549805, -38.08223342895508, 20.5786075592041, -33.68962478637695, 31.00263214111328, 25.71516990661621, 115.16400909423828, 9.958185195922852], [-228.8950653076172, 156.75157165527344, 26.02065658569336, 40.87519454956055, -7.933630466461182, 40.53885269165039, 58.5839958190918, -64.59169006347656, 71.6366958618164, -11.113218307495117, -12.037302017211914, 9.958185195922852, 154.40501403808594]], "lowlevel.gfcc.icov": [[0.0006547993398271501, -0.0002308252005605027, 0.00036574143450707197, -0.0006896862178109586, 0.0002231104881502688, -0.0002046588051598519, 0.00038000423228368163, -0.000738556613214314, 0.0006681551458314061, -0.0005651210667565465, -2.550364843045827e-05, -0.0005551206413656473, 0.0006211776635609567], [-0.0002308252005605027, 0.010067642666399479, -0.0022183635737746954, 0.0046386271715164185, -0.005939322989434004, 0.0071043651551008224, -0.007030644919723272, 0.006570068188011646, -0.004857158754020929, 0.004981044679880142, -0.007015408482402563, 0.006240368355065584, -0.006508766673505306], [0.00036574143450707197, -0.0022183635737746954, 0.004301180597394705, -0.003036927431821823, 0.0020732968114316463, -0.0041569918394088745, 0.0026954608038067818, -0.0018929034704342484, 0.0005306280218064785, -0.0013925544917583466, 0.0026884162798523903, -0.004328451585024595, 0.0023990944027900696], [-0.0006896862178109586, 0.0046386271715164185, -0.003036927431821823, 0.011307970620691776, -0.005508920177817345, 0.003803038038313389, -0.002064071362838149, 0.0029860357753932476, -0.004197519272565842, 0.004640271421521902, -0.004578918218612671, 0.004730179440230131, -0.005843135993927717], [0.0002231104881502688, -0.005939322989434004, 0.0020732968114316463, -0.005508920177817345, 0.00932758767157793, -0.004290186334401369, 0.0036786675918847322, -0.005692509468644857, 0.0017270174575969577, -0.002542446367442608, 0.0025623112451285124, -0.0033064570743590593, 0.004726626444607973], [-0.0002046588051598519, 0.0071043651551008224, -0.0041569918394088745, 0.003803038038313389, -0.004290186334401369, 0.011682670563459396, -0.007965406402945518, 0.003690567100420594, -0.0016060321358963847, 0.0017983639845624566, -0.0039049815386533737, 0.00727869663387537, -0.006442881189286709], [0.00038000423228368163, -0.007030644919723272, 0.0026954608038067818, -0.002064071362838149, 0.0036786675918847322, -0.007965406402945518, 0.010424652136862278, -0.0039253379218280315, 0.0017587421461939812, -0.0012429091148078442, 0.0027598156593739986, -0.004627497401088476, 0.004084116779267788], [-0.000738556613214314, 0.006570068188011646, -0.0018929034704342484, 0.0029860357753932476, -0.005692509468644857, 0.003690567100420594, -0.0039253379218280315, 0.013402776792645454, -0.004529954399913549, 0.003032995853573084, -0.005316316615790129, 0.0024785336572676897, -0.0006559556350111961], [0.0006681551458314061, -0.004857158754020929, 0.0005306280218064785, -0.004197519272565842, 0.0017270174575969577, -0.0016060321358963847, 0.0017587421461939812, -0.004529954399913549, 0.01239287294447422, -0.005823941435664892, 0.0035669568460434675, 0.0005507897585630417, -0.0010349862277507782], [-0.0005651210667565465, 0.004981044679880142, -0.0013925544917583466, 0.004640271421521902, -0.002542446367442608, 0.0017983639845624566, -0.0012429091148078442, 0.003032995853573084, -0.005823941435664892, 0.015615735203027725, -0.0046136947348713875, 9.651988511905074e-05, -0.002290592296048999], [-2.550364843045827e-05, -0.007015408482402563, 0.0026884162798523903, -0.004578918218612671, 0.0025623112451285124, -0.0039049815386533737, 0.0027598156593739986, -0.005316316615790129, 0.0035669568460434675, -0.0046136947348713875, 0.016741978004574776, -0.008006989024579525, 0.005563775077462196], [-0.0005551206413656473, 0.006240368355065584, -0.004328451585024595, 0.004730179440230131, -0.0033064570743590593, 0.00727869663387537, -0.004627497401088476, 0.0024785336572676897, 0.0005507897585630417, 9.651988511905074e-05, -0.008006989024579525, 0.018714386969804764, -0.009048993699252605], [0.0006211776635609567, -0.006508766673505306, 0.0023990944027900696, -0.005843135993927717, 0.004726626444607973, -0.006442881189286709, 0.004084116779267788, -0.0006559556350111961, -0.0010349862277507782, -0.002290592296048999, 0.005563775077462196, -0.009048993699252605, 0.016590666025877]], "lowlevel.mfcc.cov": [[2423.1181640625, -365.9847412109375, -289.0061950683594, 140.79336547851562, 150.483642578125, -345.9722900390625, 61.34872817993164, 0.36916908621788025, -306.18646240234375, 49.39472198486328, 112.79595184326172, -69.229736328125, 13.172037124633789], [-365.9847412109375, 710.7150268554688, -235.54920959472656, 129.61720275878906, -95.82632446289062, 112.99705505371094, 29.50892448425293, 67.96373748779297, 71.80888366699219, 2.95829701423645, 22.300405502319336, 33.113426208496094, 24.47162628173828], [-289.0061950683594, -235.54920959472656, 563.8313598632812, -122.9103775024414, 24.57684326171875, 112.83441162109375, -18.50650405883789, -20.892976760864258, 98.06768035888672, -41.214481353759766, -72.01054382324219, 43.573829650878906, 4.76665735244751], [140.79336547851562, 129.61720275878906, -122.9103775024414, 267.2983703613281, 107.52474212646484, -66.16902923583984, -35.477745056152344, 28.785751342773438, -27.488243103027344, 16.96129608154297, 17.66212272644043, -11.2853364944458, 28.012025833129883], [150.483642578125, -95.82632446289062, 24.57684326171875, 107.52474212646484, 310.3302001953125, -64.50431823730469, -35.085411071777344, 4.572429180145264, -22.097326278686523, 70.67516326904297, 18.996784210205078, -37.3447151184082, 7.835753917694092], [-345.9722900390625, 112.99705505371094, 112.83441162109375, -66.16902923583984, -64.50431823730469, 272.7716369628906, 42.76908493041992, 20.845054626464844, 121.23319244384766, 9.44868278503418, -24.935436248779297, 28.362598419189453, -26.301536560058594], [61.34872817993164, 29.50892448425293, -18.50650405883789, -35.477745056152344, -35.085411071777344, 42.76908493041992, 198.946533203125, 83.83846282958984, -25.184816360473633, 13.019832611083984, 39.77301025390625, 11.33796215057373, 2.407656669616699], [0.36916908621788025, 67.96373748779297, -20.892976760864258, 28.785751342773438, 4.572429180145264, 20.845054626464844, 83.83846282958984, 143.35385131835938, 21.906171798706055, 24.476268768310547, 29.555530548095703, 10.502317428588867, 15.931384086608887], [-306.18646240234375, 71.80888366699219, 98.06768035888672, -27.488243103027344, -22.097326278686523, 121.23319244384766, -25.184816360473633, 21.906171798706055, 199.5430908203125, 20.262584686279297, -34.58287811279297, 29.216447830200195, -7.861972808837891], [49.39472198486328, 2.95829701423645, -41.214481353759766, 16.96129608154297, 70.67516326904297, 9.44868278503418, 13.019832611083984, 24.476268768310547, 20.262584686279297, 126.73211669921875, 51.03913497924805, -20.132076263427734, -17.815279006958008], [112.79595184326172, 22.300405502319336, -72.01054382324219, 17.66212272644043, 18.996784210205078, -24.935436248779297, 39.77301025390625, 29.555530548095703, -34.58287811279297, 51.03913497924805, 111.0920181274414, 12.838151931762695, 0.8958380818367004], [-69.229736328125, 33.113426208496094, 43.573829650878906, -11.2853364944458, -37.3447151184082, 28.362598419189453, 11.33796215057373, 10.502317428588867, 29.216447830200195, -20.132076263427734, 12.838151931762695, 86.53269958496094, 24.638601303100586], [13.172037124633789, 24.47162628173828, 4.76665735244751, 28.012025833129883, 7.835753917694092, -26.301536560058594, 2.407656669616699, 15.931384086608887, -7.861972808837891, -17.815279006958008, 0.8958380818367004, 24.638601303100586, 70.94526672363281]], "lowlevel.mfcc.icov": [[0.0006331944023258984, 0.0003868633066304028, 0.00024581930483691394, -0.00030503462767228484, 5.158070052857511e-06, 0.00030416005756706, -0.0002539747511036694, 6.111470611358527e-06, 0.00044983718544244766, -0.00015786319272592664, -0.00013916176976636052, -3.7125180824659765e-05, -2.784438720482285e-06], [0.0003868633066304028, 0.002728585386648774, 0.0012968099908903241, -0.0014517864910885692, 0.0007264818414114416, -0.001196598750539124, -8.836327469907701e-05, -0.00039609504165127873, -0.00044351580436341465, 0.0001952427119249478, -0.00030757885542698205, -0.00033166221692226827, -0.0008398850332014263], [0.00024581930483691394, 0.0012968099908903241, 0.003280747216194868, 0.0006708208820782602, -0.0009039824362844229, -0.0011807451955974102, 7.219698454719037e-05, -0.0001777844736352563, -0.0007181849796324968, 0.0008926884038373828, 0.0009491873788647354, -0.0013532763114199042, -0.0006760997930541635], [-0.00030503462767228484, -0.0014517864910885692, 0.0006708208820782602, 0.006483352277427912, -0.002396883675828576, 0.0005736816092394292, 0.0016070628771558404, -0.0015372541965916753, 0.0003272955655120313, 0.0006221324438229203, 0.00021667951659765095, -0.00012742086255457252, -0.0010454602306708694], [5.158070052857511e-06, 0.0007264818414114416, -0.0009039824362844229, -0.002396883675828576, 0.005389848258346319, 0.0004434039583429694, 0.00039633031701669097, 3.5749178550759098e-06, 0.0002924966102000326, -0.0030140625312924385, -6.479796866187826e-06, 0.0014603730523958802, -0.0009211411233991385], [0.00030416005756706, -0.001196598750539124, -0.0011807451955974102, 0.0005736816092394292, 0.0004434039583429694, 0.007144949398934841, -0.0020599300041794777, 0.0005904866266064346, -0.0026058240327984095, -0.0009401346324011683, 0.0008710161200724542, -0.0007537007331848145, 0.0024721843656152487], [-0.0002539747511036694, -8.836327469907701e-05, 7.219698454719037e-05, 0.0016070628771558404, 0.00039633031701669097, -0.0020599300041794777, 0.008722202852368355, -0.0051672752015292645, 0.0025910185649991035, 2.457066875649616e-05, -0.001379980007186532, -0.0003048436774406582, -8.825318946037441e-05], [6.111470611358527e-06, -0.00039609504165127873, -0.0001777844736352563, -0.0015372541965916753, 3.5749178550759098e-06, 0.0005904866266064346, -0.0051672752015292645, 0.011368680745363235, -0.002546690870076418, -0.0008175362017937005, -0.001310959574766457, 0.0006091803661547601, -0.0020871732849627733], [0.00044983718544244766, -0.00044351580436341465, -0.0007181849796324968, 0.0003272955655120313, 0.0002924966102000326, -0.0026058240327984095, 0.0025910185649991035, -0.002546690870076418, 0.009827716276049614, -0.0034022354520857334, 0.003180621424689889, -0.002889067865908146, 0.0006719978991895914], [-0.00015786319272592664, 0.0001952427119249478, 0.0008926884038373828, 0.0006221324438229203, -0.0030140625312924385, -0.0009401346324011683, 2.457066875649616e-05, -0.0008175362017937005, -0.0034022354520857334, 0.014193471521139145, -0.006882014684379101, 0.003466731170192361, 0.0018935311818495393], [-0.00013916176976636052, -0.00030757885542698205, 0.0009491873788647354, 0.00021667951659765095, -6.479796866187826e-06, 0.0008710161200724542, -0.001379980007186532, -0.001310959574766457, 0.003180621424689889, -0.006882014684379101, 0.015625124797225, -0.005683353170752525, 0.0010482294019311666], [-3.7125180824659765e-05, -0.00033166221692226827, -0.0013532763114199042, -0.00012742086255457252, 0.0014603730523958802, -0.0007537007331848145, -0.0003048436774406582, 0.0006091803661547601, -0.002889067865908146, 0.003466731170192361, -0.005683353170752525, 0.017418907955288887, -0.005731906276196241], [-2.784438720482285e-06, -0.0008398850332014263, -0.0006760997930541635, -0.0010454602306708694, -0.0009211411233991385, 0.0024721843656152487, -8.825318946037441e-05, -0.0020871732849627733, 0.0006719978991895914, 0.0018935311818495393, 0.0010482294019311666, -0.005731906276196241, 0.018861109390854836]], "metadata.audio_properties.analysis.downmix": "mix", "metadata.audio_properties.codec": "mp3", "metadata.audio_properties.md5_encoded": "37f50e0ab4fc51c69a8109988f4f539a", "metadata.tags.file_name": "1183698186951475240.mp3", "metadata.version.essentia": "2.1-beta6-dev", "metadata.version.essentia_git_sha": "v2.1_beta5-1110-g77a6a954", "metadata.version.extractor": "music 2.0", "tonal.chords_key": "G", "tonal.chords_scale": "major", "tonal.key_edma.key": "G", "tonal.key_edma.scale": "major", "tonal.key_krumhansl.key": "G", "tonal.key_krumha