{"song_id": "1183706555183538176", "download": "https://cdn.discordapp.com/attachments/1135911532732108921/1183706555183538176/chirp.mp4?ex=65894fa2&amp", "lyrics": "[Verse]\nIn the heart of the forest, where legends are born\nRoams a mighty herd, with power untold\nTheir coats radiant, gleaming bright\nThe Cheese Reindeer, ready to take flight\n\n[Chorus]\nOh, Cheese Reindeer, of strength and grace\nGuiding us through every earthly place\nTogether we stand, never to fall\nThe League of Mighty Cheese Reindeer, above all", "style": ["epic</span><span>-metal"], "essentia_features": {"lowlevel.average_loudness": 0.9799109101295471, "lowlevel.barkbands_crest.mean": 10.329465866088867, "lowlevel.barkbands_crest.stdev": 3.7342240810394287, "lowlevel.barkbands_flatness_db.mean": 0.11754067242145538, "lowlevel.barkbands_flatness_db.stdev": 0.038640573620796204, "lowlevel.barkbands_kurtosis.mean": 4.8251166343688965, "lowlevel.barkbands_kurtosis.stdev": 8.089462280273438, "lowlevel.barkbands_skewness.mean": 1.980939507484436, "lowlevel.barkbands_skewness.stdev": 1.1737762689590454, "lowlevel.barkbands_spread.mean": 29.372941970825195, "lowlevel.barkbands_spread.stdev": 15.388432502746582, "lowlevel.dissonance.mean": 0.4828644394874573, "lowlevel.dissonance.stdev": 0.01536308228969574, "lowlevel.dynamic_complexity": 1.1957886219024658, "lowlevel.erbbands_crest.mean": 7.3386664390563965, "lowlevel.erbbands_crest.stdev": 3.248924970626831, "lowlevel.erbbands_flatness_db.mean": 0.11729379743337631, "lowlevel.erbbands_flatness_db.stdev": 0.023531697690486908, "lowlevel.erbbands_kurtosis.mean": -0.25222310423851013, "lowlevel.erbbands_kurtosis.stdev": 1.191980242729187, "lowlevel.erbbands_skewness.mean": -0.11731860786676407, "lowlevel.erbbands_skewness.stdev": 0.7294666171073914, "lowlevel.erbbands_spread.mean": 58.921443939208984, "lowlevel.erbbands_spread.stdev": 22.457807540893555, "lowlevel.hfc.mean": 35.529964447021484, "lowlevel.hfc.stdev": 21.309446334838867, "lowlevel.loudness_ebu128.integrated": -18.159605026245117, "lowlevel.loudness_ebu128.loudness_range": 0.6546249389648438, "lowlevel.loudness_ebu128.momentary.mean": -18.210369110107422, "lowlevel.loudness_ebu128.momentary.stdev": 0.6787036061286926, "lowlevel.loudness_ebu128.short_term.mean": -18.13803482055664, "lowlevel.loudness_ebu128.short_term.stdev": 0.2051520198583603, "lowlevel.melbands_crest.mean": 16.169315338134766, "lowlevel.melbands_crest.stdev": 4.684284210205078, "lowlevel.melbands_flatness_db.mean": 0.1923184096813202, "lowlevel.melbands_flatness_db.stdev": 0.051348790526390076, "lowlevel.melbands_kurtosis.mean": 26.897079467773438, "lowlevel.melbands_kurtosis.stdev": 33.80515670776367, "lowlevel.melbands_skewness.mean": 4.120000839233398, "lowlevel.melbands_skewness.stdev": 2.2359697818756104, "lowlevel.melbands_spread.mean": 21.970670700073242, "lowlevel.melbands_spread.stdev": 15.572760581970215, "lowlevel.pitch_salience.mean": 0.5314103960990906, "lowlevel.pitch_salience.stdev": 0.11925794929265976, "lowlevel.silence_rate_20dB.mean": 1.0, "lowlevel.silence_rate_20dB.stdev": 0.0, "lowlevel.silence_rate_30dB.mean": 0.9653846025466919, "lowlevel.silence_rate_30dB.stdev": 0.18280263245105743, "lowlevel.silence_rate_60dB.mean": 0.0015384615398943424, "lowlevel.silence_rate_60dB.stdev": 0.03919326514005661, "lowlevel.spectral_centroid.mean": 1646.5177001953125, "lowlevel.spectral_centroid.stdev": 607.7605590820312, "lowlevel.spectral_complexity.mean": 29.135385513305664, "lowlevel.spectral_complexity.stdev": 10.642586708068848, "lowlevel.spectral_decrease.mean": -1.341783395503171e-08, "lowlevel.spectral_decrease.stdev": 8.817299779195764e-09, "lowlevel.spectral_energy.mean": 0.05386471748352051, "lowlevel.spectral_energy.stdev": 0.034146979451179504, "lowlevel.spectral_energyband_high.mean": 0.0026290868408977985, "lowlevel.spectral_energyband_high.stdev": 0.0025625114794820547, "lowlevel.spectral_energyband_low.mean": 0.032637305557727814, "lowlevel.spectral_energyband_low.stdev": 0.03207962214946747, "lowlevel.spectral_energyband_middle_high.mean": 0.005732501391321421, "lowlevel.spectral_energyband_middle_high.stdev": 0.0038678813725709915, "lowlevel.spectral_energyband_middle_low.mean": 0.016676822677254677, "lowlevel.spectral_energyband_middle_low.stdev": 0.013261689804494381, "lowlevel.spectral_entropy.mean": 7.945899963378906, "lowlevel.spectral_entropy.stdev": 0.21322573721408844, "lowlevel.spectral_flux.mean": 0.14237365126609802, "lowlevel.spectral_flux.stdev": 0.06720100343227386, "lowlevel.spectral_kurtosis.mean": 2.0729031562805176, "lowlevel.spectral_kurtosis.stdev": 0.9409047365188599, "lowlevel.spectral_rms.mean": 0.006954101379960775, "lowlevel.spectral_rms.stdev": 0.0020472928881645203, "lowlevel.spectral_rolloff.mean": 1421.58935546875, "lowlevel.spectral_rolloff.stdev": 1582.2720947265625, "lowlevel.spectral_skewness.mean": 1.0459959506988525, "lowlevel.spectral_skewness.stdev": 0.24613459408283234, "lowlevel.spectral_spread.mean": 5280511.5, "lowlevel.spectral_spread.stdev": 1131033.125, "lowlevel.spectral_strongpeak.mean": 0.6070752739906311, "lowlevel.spectral_strongpeak.stdev": 0.4924064874649048, "lowlevel.zerocrossingrate.mean": 0.06636643409729004, "lowlevel.zerocrossingrate.stdev": 0.031596552580595016, "metadata.audio_properties.analysis.equal_loudness": 0.0, "metadata.audio_properties.analysis.length": 30.143991470336914, "metadata.audio_properties.analysis.sample_rate": 44100.0, "metadata.audio_properties.analysis.start_time": 0.0, "metadata.audio_properties.bit_rate": 121636.0, "metadata.audio_properties.length": 30.143999099731445, "metadata.audio_properties.lossless": 0.0, "metadata.audio_properties.number_channels": 1.0, "metadata.audio_properties.replay_gain": -6.419221878051758, "metadata.audio_properties.sample_rate": 48000.0, "rhythm.beats_count": 66.0, "rhythm.beats_loudness.mean": 0.044418495148420334, "rhythm.beats_loudness.stdev": 0.012172868475317955, "rhythm.bpm": 135.02024841308594, "rhythm.bpm_histogram_first_peak_bpm": 136.0, "rhythm.bpm_histogram_first_peak_weight": 0.28070175647735596, "rhythm.bpm_histogram_second_peak_bpm": 126.0, "rhythm.bpm_histogram_second_peak_spread": 0.5, "rhythm.bpm_histogram_second_peak_weight": 0.0615384615957737, "rhythm.danceability": 1.564034342765808, "rhythm.onset_rate": 4.7409515380859375, "tonal.chords_changes_rate": 0.08141320943832397, "tonal.chords_number_rate": 0.009216589853167534, "tonal.chords_strength.mean": 0.5632914900779724, "tonal.chords_strength.stdev": 0.1171758845448494, "tonal.hpcp_crest.mean": 10.272690773010254, "tonal.hpcp_crest.stdev": 5.397945880889893, "tonal.hpcp_entropy.mean": 2.6298656463623047, "tonal.hpcp_entropy.stdev": 0.7693141102790833, "tonal.key_edma.strength": 0.7677858471870422, "tonal.key_krumhansl.strength": 0.7490079402923584, "tonal.key_temperley.strength": 0.7305361032485962, "tonal.tuning_diatonic_strength": 0.7226548194885254, "tonal.tuning_equal_tempered_deviation": 0.1599978506565094, "tonal.tuning_frequency": 435.1974792480469, "tonal.tuning_nontempered_energy_ratio": 0.8702983856201172, "lowlevel.barkbands.mean": [0.0002322230429854244, 0.016528142616152763, 0.01219223067164421, 0.005979587323963642, 0.0038030764553695917, 0.0014333641156554222, 0.0022836984135210514, 0.0016881313640624285, 0.0012572086416184902, 0.0006390716298483312, 0.000645044376142323, 0.0006467000930570066, 0.0004425066290423274, 0.0003773941716644913, 0.0005790858995169401, 0.0009363935678265989, 0.00046760670375078917, 0.00026316734147258103, 0.0005700450856238604, 0.0006162680801935494, 0.0006992711569182575, 0.0007209680625237525, 0.00027573644183576107, 0.00031704266439191997, 0.00017920378013513982, 8.386210538446903e-05, 7.69875623518601e-06], "lowlevel.barkbands.stdev": [0.00037156723556108773, 0.020304039120674133, 0.014179565012454987, 0.008369289338588715, 0.006382914260029793, 0.0019945953972637653, 0.004316804464906454, 0.0032208606135100126, 0.002429213607683778, 0.0012832798529416323, 0.0012305149575695395, 0.0012495170813053846, 0.0007740696310065687, 0.0006459600990638137, 0.0008523994474671781, 0.0011297267628833652, 0.00048104493180289865, 0.00024227974063251168, 0.0005383031675592065, 0.0006255247863009572, 0.0006491600652225316, 0.000881057174410671, 0.000346113636624068, 0.0005701719201169908, 0.0003310665488243103, 0.0001606200385140255, 1.9995717593701556e-05], "lowlevel.erbbands.mean": [0.2739397883415222, 4.441272735595703, 13.996712684631348, 18.81263542175293, 18.112855911254883, 9.168062210083008, 7.406678199768066, 13.043869972229004, 33.13859176635742, 29.254940032958984, 41.65095138549805, 27.514936447143555, 21.40420150756836, 22.66133689880371, 25.708484649658203, 26.909059524536133, 20.616710662841797, 18.360219955444336, 26.087738037109375, 42.281837463378906, 46.59980010986328, 25.90908432006836, 14.186777114868164, 25.46399688720703, 27.790388107299805, 28.78592300415039, 27.951210021972656, 29.75350570678711, 29.511247634887695, 12.206637382507324, 7.3496246337890625, 6.998377323150635, 4.936514854431152, 2.4479386806488037, 1.0017210245132446, 0.48234525322914124, 0.13136571645736694, 0.023999527096748352, 0.0007930214633233845, 8.528046600986272e-05], "lowlevel.erbbands.stdev": [0.356558233499527, 5.423007488250732, 16.0304012298584, 20.385086059570312, 27.768800735473633, 14.757460594177246, 10.159910202026367, 18.893611907958984, 63.02574920654297, 57.768314361572266, 75.51083374023438, 49.39449691772461, 42.147552490234375, 46.28209686279297, 44.28595733642578, 52.56260299682617, 34.488441467285156, 28.576311111450195, 43.37722396850586, 56.0055046081543, 49.964324951171875, 26.099349975585938, 12.874932289123535, 24.23281478881836, 25.80955696105957, 29.037946701049805, 28.900348663330078, 29.684476852416992, 37.14434051513672, 14.05276107788086, 9.44363784790039, 11.671533584594727, 9.554286003112793, 4.663506507873535, 1.858130693435669, 0.9036576747894287, 0.26856812834739685, 0.0511322021484375, 0.0020019954536110163, 5.902304837945849e-05], "lowlevel.gfcc.mean": [60.41269302368164, 68.24030303955078, -99.55709838867188, 58.725807189941406, -54.5147590637207, 20.240612030029297, -31.914161682128906, 12.39107608795166, -21.76106071472168, 8.131279945373535, -25.475820541381836, -1.4628140926361084, -14.739161491394043], "lowlevel.melbands.mean": [0.00362520688213408, 0.006902018096297979, 0.0032101194374263287, 0.0009648369159549475, 0.00025778161943890154, 0.0003166522947140038, 0.0004916746984235942, 0.000315290002617985, 0.0003429590433370322, 0.0001599923416506499, 0.00010333365935366601, 8.820972288958728e-05, 8.653273107483983e-05, 7.471755088772625e-05, 5.721115303458646e-05, 4.2256975575583056e-05, 3.231520895496942e-05, 4.0786228055367246e-05, 4.476869435166009e-05, 6.757050141459331e-05, 5.14609637320973e-05, 2.9120987164787948e-05, 1.4441762687056325e-05, 1.2081213753845077e-05, 2.1576655854005367e-05, 2.1186155208852142e-05, 1.935100954142399e-05, 1.905347380670719e-05, 1.7644559193286113e-05, 1.669027187745087e-05, 1.7556545572006144e-05, 1.9647141016321257e-05, 9.180729648505803e-06, 5.775067165814107e-06, 4.146621449763188e-06, 3.988639491581125e-06, 4.407317192089977e-06, 3.6711255688715028e-06, 2.6831407922145445e-06, 1.8342329894949216e-06], "lowlevel.melbands.stdev": [0.004493152257055044, 0.0075007351115345955, 0.003285107435658574, 0.0015918303979560733, 0.00034159119240939617, 0.00045391859021037817, 0.0009111064719036222, 0.0006304713315330446, 0.0006456730770878494, 0.00028751915670000017, 0.0002111404319293797, 0.00018485453620087355, 0.00015498409629799426, 0.00014015818305779248, 0.00011571322102099657, 7.492932491004467e-05, 5.2927949582226574e-05, 7.514210301451385e-05, 6.291669706115499e-05, 9.314485942013562e-05, 5.525968299480155e-05, 3.117126107099466e-05, 1.5608446119586006e-05, 1.1707863450283185e-05, 2.1563377231359482e-05, 2.1355645003495738e-05, 1.7556587408762425e-05, 2.1346661014831625e-05, 2.1740197553299367e-05, 1.5181843082245905e-05, 1.9715347661986016e-05, 2.6111769329872914e-05, 1.1141893992316909e-05, 7.141703008528566e-06, 5.183578196010785e-06, 6.641422260145191e-06, 7.5686439231503755e-06, 7.243023901537526e-06, 5.306977072905283e-06, 3.545299477991648e-06], "lowlevel.melbands128.mean": [0.00017244061746168882, 0.001297009875997901, 0.004997416865080595, 0.008192050270736217, 0.007817739620804787, 0.005602027289569378, 0.004047735128551722, 0.002553515136241913, 0.0018891424406319857, 0.0009258246282115579, 0.0003677637141663581, 0.00026479639927856624, 0.0002615221601445228, 0.00020225593470968306, 0.00019758185953833163, 0.00041433179285377264, 0.0006298665539361537, 0.0004932215088047087, 0.00035388642572797835, 0.0003143724170513451, 0.00028718390967696905, 0.00033065909519791603, 0.00041208931361325085, 0.0002910449984483421, 0.00014845607802271843, 0.00012488479842431843, 0.00011507222370710224, 0.00011057384836021811, 8.463877020403743e-05, 7.441579509759322e-05, 0.00010146624845219776, 9.132796549238265e-05, 8.712289854884148e-05, 8.43935486045666e-05, 6.665563705610111e-05, 7.763684698147699e-05, 7.793174154357985e-05, 5.878464435227215e-05, 4.1396069718757644e-05, 4.404351057019085e-05, 4.546216950984672e-05, 3.6325203836895525e-05, 2.9417622499749996e-05, 2.9565144359366968e-05, 4.024393638246693e-05, 4.3734740756917745e-05, 4.112778333364986e-05, 3.555490911821835e-05, 5.0687871407717466e-05, 6.272111204452813e-05, 7.629612809978426e-05, 6.541123730130494e-05, 5.356884503271431e-05, 4.806053766515106e-05, 3.840528734144755e-05, 2.8243930501048453e-05, 2.092980321322102e-05, 1.5614585208822973e-05, 1.2774759852618445e-05, 1.0207918421656359e-05, 1.0775961527542677e-05, 1.3231490811449476e-05, 1.9916398741770536e-05, 2.5326506147393957e-05, 2.275416954944376e-05, 2.156834125344176e-05, 1.9872173652402125e-05, 1.831599911383819e-05, 1.99755795620149e-05, 1.993667865463067e-05, 1.8430337149766274e-05, 1.838701791712083e-05, 2.024235982389655e-05, 1.7360713172820397e-05, 1.4675897546112537e-05, 1.7779831978259608e-05, 1.6840151147334836e-05, 1.589050043548923e-05, 1.72547315742122e-05, 1.857089955592528e-05, 2.4562597900512628e-05, 1.9077811884926632e-05, 1.1094472938566469e-05, 8.7892649389687e-06, 6.615532583964523e-06, 6.256531833059853e-06, 5.524687821889529e-06, 4.6953364289947785e-06, 3.972880222136155e-06, 3.8403691178245936e-06, 3.861371169477934e-06, 3.858718173432862e-06, 4.436780727701262e-06, 4.612581051333109e-06, 4.314449142839294e-06, 4.0076329241856e-06, 3.4585566481837304e-06, 3.4297816000616876e-06, 2.48782271228265e-06, 2.541386493248865e-06, 2.2402723516279366e-06, 1.7400377601006767e-06, 1.312488052462868e-06, 1.1619315500865923e-06, 9.809693892748328e-07, 1.0128276244358858e-06, 1.2118513268433162e-06, 9.744871931616217e-07, 7.949888640723657e-07, 7.748815278318943e-07, 5.304016212903662e-07, 4.2335676653237897e-07, 4.0277839730151754e-07, 3.6296913208389014e-07, 2.4590394787082914e-07, 1.847344179850552e-07, 2.1976289588110376e-07, 1.1853020964736061e-07, 9.627474817364146e-09, 1.2359603791811669e-11, 8.784822695673267e-12, 8.4762726351717e-12, 8.284926564239292e-12, 8.125244400913889e-12, 7.90081455120939e-12, 7.609634276872779e-12, 7.428381694485342e-12, 7.363092774381741e-12], "lowlevel.melbands128.stdev": [0.00030785720446147025, 0.0020449277944862843, 0.006684818770736456, 0.010264129377901554, 0.009595346637070179, 0.006524250842630863, 0.004762060008943081, 0.003912757616490126, 0.0033886011224240065, 0.0018729937728494406, 0.0006730832974426448, 0.0004567920695990324, 0.00043412111699581146, 0.0003277112264186144, 0.00036416761577129364, 0.0007978541543707252, 0.0012660829816013575, 0.0012701614759862423, 0.0009374336805194616, 0.0008037562947720289, 0.0008110902854241431, 0.0007655916269868612, 0.000911753042601049, 0.0007925263489596546, 0.000337509554810822, 0.0002672417613212019, 0.00028294470394030213, 0.0002878091181628406, 0.00020946378936059773, 0.0001769783702911809, 0.0002741040079854429, 0.00021331541938707232, 0.00017398134514223784, 0.00018264919344801456, 0.00014646553609054536, 0.0001852748973760754, 0.00020612054504454136, 0.0001545061095384881, 8.896140207070857e-05, 9.561507613398135e-05, 9.941228199750185e-05, 7.122964598238468e-05, 6.766497244825587e-05, 5.3885753004578874e-05, 8.363580127479509e-05, 0.00010333096724934876, 8.533707296010107e-05, 5.655098721035756e-05, 9.532291005598381e-05, 0.00010248607577523217, 0.00012977949518244714, 0.0001013234505080618, 6.661416409770027e-05, 6.450434011640027e-05, 4.857803651248105e-05, 3.812764771282673e-05, 3.2931122404988855e-05, 2.018878331000451e-05, 1.5527875802945346e-05, 1.1551119314390235e-05, 1.3391239917837083e-05, 1.4734791875525843e-05, 2.302045868418645e-05, 3.0172179322107695e-05, 2.7947027774644084e-05, 2.6898927899310365e-05, 2.46788786171237e-05, 2.055823824775871e-05, 2.0487976144067943e-05, 2.1145378923392855e-05, 2.411541936453432e-05, 2.4686114556971006e-05, 3.3191270631505176e-05, 2.569523530837614e-05, 1.659260487940628e-05, 1.9109347704215907e-05, 1.687803160166368e-05, 1.6516616597073153e-05, 2.2968741177464835e-05, 2.8272770578041673e-05, 3.50422014889773e-05, 2.933747055067215e-05, 1.7165555618703365e-05, 1.1118239854113199e-05, 9.411874998477288e-06, 8.613531463197432e-06, 8.000010893738363e-06, 6.11157975072274e-06, 5.5149366744444706e-06, 5.612702352664201e-06, 7.438137345161522e-06, 6.832173312432133e-06, 8.351642463821918e-06, 8.053722012846265e-06, 8.317259016621392e-06, 7.883820217102766e-06, 7.4841359491983894e-06, 7.585314961033873e-06, 5.172739292902406e-06, 5.541118298424408e-06, 4.584580892696977e-06, 3.569387899915455e-06, 2.9167708817112725e-06, 2.70981149697036e-06, 2.1636342353303917e-06, 1.702852500784502e-06, 2.3838254037400475e-06, 2.000378344746423e-06, 1.7262666460737819e-06, 1.6150322608154966e-06, 1.1376896509318613e-06, 9.052174618773279e-07, 9.411093060407438e-07, 8.580657890888688e-07, 6.502042424472165e-07, 4.3575948893703753e-07, 4.588185618104035e-07, 4.733838352422026e-07, 8.503699433504153e-08, 7.153953124339196e-11, 1.2443065675049603e-11, 1.1813374063696092e-11, 1.1533416582887313e-11, 1.1356872907375415e-11, 1.120882900385034e-11, 1.1041465484973312e-11, 1.0810119292770093e-11, 1.06668172558666e-11], "lowlevel.mfcc.mean": [-583.2783203125, 91.17693328857422, 15.561001777648926, 40.805389404296875, 6.723687648773193, 15.604316711425781, 2.519045829772949, 4.3366851806640625, 11.138476371765137, 4.247040748596191, -0.7217438817024231, 2.446518659591675, 3.781787395477295], "lowlevel.spectral_contrast_coeffs.mean": [-0.6901533603668213, -0.768471896648407, -0.8141631484031677, -0.7965249419212341, -0.8088122606277466, -0.7050585746765137], "lowlevel.spectral_contrast_coeffs.stdev": [0.06902193278074265, 0.07177992910146713, 0.04889868199825287, 0.04604049399495125, 0.023627668619155884, 0.04080132395029068], "lowlevel.spectral_contrast_valleys.mean": [-6.0920305252075195, -6.3467864990234375, -6.9469499588012695, -7.040627479553223, -6.688804626464844, -9.456636428833008], "lowlevel.spectral_contrast_valleys.stdev": [0.4497007429599762, 0.5920961499214172, 0.5670654773712158, 0.492062509059906, 0.4070418179035187, 0.5741589069366455], "rhythm.beats_loudness_band_ratio.mean": [0.5056167244911194, 0.14303754270076752, 0.19187234342098236, 0.07679278403520584, 0.08468558639287949, 0.07737512141466141], "rhythm.beats_loudness_band_ratio.stdev": [0.18294012546539307, 0.11213293671607971, 0.14865873754024506, 0.07362715899944305, 0.06326161324977875, 0.03973713517189026], "tonal.hpcp.mean": [0.09389005601406097, 0.07684431970119476, 0.08876579254865646, 0.13401851058006287, 0.15235690772533417, 0.11259014159440994, 0.07962166517972946, 0.0843636691570282, 0.11971693485975266, 0.1404242366552353, 0.10496543347835541, 0.08400294184684753, 0.08355769515037537, 0.07415369153022766, 0.07820792496204376, 0.10901110619306564, 0.16318859159946442, 0.2586851418018341, 0.27235856652259827, 0.17495088279247284, 0.10672502219676971, 0.08273009955883026, 0.08144580572843552, 0.09592395275831223, 0.1009177416563034, 0.0887332633137703, 0.07596257328987122, 0.07648921757936478, 0.08517584204673767, 0.14863023161888123, 0.2302788943052292, 0.20686769485473633, 0.14373062551021576, 0.1229243353009224, 0.11875960975885391, 0.10828173160552979], "tonal.hpcp.stdev": [0.19983242452144623, 0.17129647731781006, 0.16566506028175354, 0.2257249802350998, 0.25075069069862366, 0.20492617785930634, 0.16837598383426666, 0.180169478058815, 0.23239515721797943, 0.2633119523525238, 0.19233772158622742, 0.1724528968334198, 0.1805112063884735, 0.16966356337070465, 0.15502889454364777, 0.20287461578845978, 0.24674062430858612, 0.3216235041618347, 0.3626890778541565, 0.26643168926239014, 0.2156308889389038, 0.20155979692935944, 0.20447705686092377, 0.2274441123008728, 0.22999794781208038, 0.21265645325183868, 0.1759512573480606, 0.17619499564170837, 0.18857121467590332, 0.24586747586727142, 0.33619779348373413, 0.3006429374217987, 0.2484438270330429, 0.22069582343101501, 0.21826772391796112, 0.20844772458076477], "rhythm.beats_position": [0.4643990993499756, 0.9404081702232361, 1.4164172410964966, 1.904036283493042, 2.3800454139709473, 2.8560543060302734, 3.3436734676361084, 3.808072566986084, 4.260861396789551, 4.713650703430176, 5.154829978942871, 5.596008777618408, 6.0371880531311035, 6.478367328643799, 6.931156158447266, 7.372335433959961, 7.825124740600586, 8.266304016113281, 8.707483291625977, 9.148661613464355, 9.60145092010498, 10.054240226745605, 10.4954195022583, 10.936598777770996, 11.377777099609375, 11.81895637512207, 12.260135650634766, 12.71292495727539, 13.165714263916016, 13.606893539428711, 14.04807186126709, 14.489251136779785, 14.93043041229248, 15.371609687805176, 15.812788963317871, 16.27718734741211, 16.718366622924805, 17.1595458984375, 17.600725173950195, 18.04190444946289, 18.483083724975586, 18.92426300048828, 19.365442276000977, 19.8182315826416, 20.271020889282227, 20.71219825744629, 21.153377532958984, 21.59455680847168, 22.035736083984375, 22.47691535949707, 22.929704666137695, 23.38249397277832, 23.823673248291016, 24.26485252380371, 24.706031799316406, 25.1472110748291, 25.600000381469727, 26.05278778076172, 26.493967056274414, 26.93514633178711, 27.376325607299805, 27.8175048828125, 28.258684158325195, 28.71147346496582, 29.164262771606445, 29.60544204711914], "rhythm.bpm_histogram": [0.0, 0.0, 0.0, 0.0, 0.0, 0.0, 0.0, 0.0, 0.0, 0.0, 0.0, 0.0, 0.0, 0.0, 0.0, 0.0, 0.0, 0.0, 0.0, 0.0, 0.0, 0.0, 0.0, 0.0, 0.0, 0.0, 0.0, 0.0, 0.0, 0.0, 0.0, 0.0, 0.0, 0.0, 0.0, 0.0, 0.0, 0.0, 0.0, 0.0, 0.0, 0.0, 0.0, 0.0, 0.0, 0.0, 0.0, 0.0, 0.0, 0.0, 0.0, 0.0, 0.0, 0.0, 0.0, 0.0, 0.0, 0.0, 0.0, 0.0, 0.0, 0.0, 0.0, 0.0, 0.0, 0.0, 0.0, 0.0, 0.0, 0.0, 0.0, 0.0, 0.0, 0.0, 0.0, 0.0, 0.0, 0.0, 0.0, 0.0, 0.0, 0.0, 0.0, 0.0, 0.0, 0.0, 0.0, 0.0, 0.0, 0.0, 0.0, 0.0, 0.0, 0.0, 0.0, 0.0, 0.0, 0.0, 0.0, 0.0, 0.0, 0.0, 0.0, 0.0, 0.0, 0.0, 0.0, 0.0, 0.0, 0.0, 0.0, 0.0, 0.0, 0.0, 0.0, 0.0, 0.0, 0.0, 0.0, 0.0, 0.0, 0.0, 0.0, 0.03076923079788685, 0.0, 0.0, 0.0615384615957737, 0.0, 0.0, 0.03076923079788685, 0.0, 0.0, 0.0, 0.2461538463830948, 0.0, 0.0, 0.6307692527770996, 0.0, 0.0, 0.0, 0.0, 0.0, 0.0, 0.0, 0.0, 0.0, 0.0, 0.0, 0.0, 0.0, 0.0, 0.0, 0.0, 0.0, 0.0, 0.0, 0.0, 0.0, 0.0, 0.0, 0.0, 0.0, 0.0, 0.0, 0.0, 0.0, 0.0, 0.0, 0.0, 0.0, 0.0, 0.0, 0.0, 0.0, 0.0, 0.0, 0.0, 0.0, 0.0, 0.0, 0.0, 0.0, 0.0, 0.0, 0.0, 0.0, 0.0, 0.0, 0.0, 0.0, 0.0, 0.0, 0.0, 0.0, 0.0, 0.0, 0.0, 0.0, 0.0, 0.0, 0.0, 0.0, 0.0, 0.0, 0.0, 0.0, 0.0, 0.0, 0.0, 0.0, 0.0, 0.0, 0.0, 0.0, 0.0, 0.0, 0.0, 0.0, 0.0, 0.0, 0.0, 0.0, 0.0, 0.0, 0.0, 0.0, 0.0, 0.0, 0.0, 0.0, 0.0, 0.0, 0.0, 0.0, 0.0, 0.0, 0.0, 0.0, 0.0, 0.0, 0.0, 0.0, 0.0, 0.0, 0.0, 0.0, 0.0, 0.0, 0.0, 0.0], "tonal.chords_histogram": [0.921658992767334, 0.0, 0.0, 0.0, 0.0, 0.0, 0.0, 17.35791015625, 0.0, 0.0, 1.2288786172866821, 0.0, 0.0, 0.0, 0.0, 0.0, 0.15360982716083527, 1.5360983610153198, 0.0, 0.0, 4.9155144691467285, 37.32719039916992, 36.09830856323242, 0.460829496383667], "tonal.thpcp": [1.0, 0.6423549652099609, 0.391854852437973, 0.30375435948371887, 0.2990388870239258, 0.3521972894668579, 0.37053266167640686, 0.3257957398891449, 0.2789064943790436, 0.280840128660202, 0.3127342164516449, 0.5457152724266052, 0.8454989790916443, 0.7595417499542236, 0.5277257561683655, 0.4513327181339264, 0.43604138493537903, 0.39757049083709717, 0.34472957253456116, 0.2821439504623413, 0.3259151875972748, 0.4920664429664612, 0.5593982338905334, 0.4133893847465515, 0.29234132170677185, 0.3097522258758545, 0.4395563304424286, 0.5155858993530273, 0.38539427518844604, 0.30842775106430054, 0.3067929744720459, 0.2722649574279785, 0.2871505916118622, 0.4002484977245331, 0.5991681814193726, 0.9497962594032288], "lowlevel.gfcc.cov": [[1071.1849365234375, -117.07339477539062, -109.63938903808594, -17.336206436157227, -56.381874084472656, 15.610997200012207, -3.036764621734619, 14.081528663635254, 52.3292121887207, 73.99037170410156, 12.02303409576416, -4.5587992668151855, -44.0811767578125], [-117.07339477539062, 592.4594116210938, -214.9617919921875, -153.84066772460938, -29.35854148864746, -61.84741973876953, 117.86095428466797, -3.938511848449707, 77.55039978027344, 16.06376838684082, 32.62712097167969, -20.673276901245117, 10.184061050415039], [-109.63938903808594, -214.9617919921875, 434.2408142089844, 180.26698303222656, 102.34312438964844, 32.61428451538086, -66.26124572753906, -14.663712501525879, -76.68888854980469, -39.335662841796875, 4.84005880355835, 37.78326416015625, -6.517009258270264], [-17.336206436157227, -153.84066772460938, 180.26698303222656, 315.7588195800781, 129.73593139648438, 1.8930224180221558, -87.85111999511719, -32.94660186767578, -11.050616264343262, -10.811307907104492, 19.289621353149414, 21.911169052124023, 41.971153259277344], [-56.381874084472656, -29.35854148864746, 102.34312438964844, 129.73593139648438, 218.9704132080078, 53.76046371459961, 4.926351547241211, -20.279375076293945, 3.057804822921753, 22.245513916015625, 5.707773208618164, -2.8607943058013916, -0.22446000576019287], [15.610997200012207, -61.84741973876953, 32.61428451538086, 1.8930224180221558, 53.76046371459961, 164.71185302734375, 105.04882049560547, 43.58088684082031, -25.772851943969727, -27.570301055908203, -5.885746479034424, -13.459476470947266, -17.485294342041016], [-3.036764621734619, 117.86095428466797, -66.26124572753906, -87.85111999511719, 4.926351547241211, 105.04882049560547, 261.4147033691406, 90.7241439819336, 3.790109395980835, -39.63664627075195, -22.2359561920166, -6.281322002410889, -19.547311782836914], [14.081528663635254, -3.938511848449707, -14.663712501525879, -32.94660186767578, -20.279375076293945, 43.58088684082031, 90.7241439819336, 107.05717468261719, 40.15211868286133, -4.115609169006348, -10.174493789672852, 1.052943229675293, 5.757070064544678], [52.3292121887207, 77.55039978027344, -76.68888854980469, -11.050616264343262, 3.057804822921753, -25.772851943969727, 3.790109395980835, 40.15211868286133, 121.28811645507812, 75.00727081298828, 17.61358642578125, -10.037020683288574, 7.854513168334961], [73.99037170410156, 16.06376838684082, -39.335662841796875, -10.811307907104492, 22.245513916015625, -27.570301055908203, -39.63664627075195, -4.115609169006348, 75.00727081298828, 120.57779693603516, 44.666969299316406, -0.7030302882194519, -7.510806083679199], [12.02303409576416, 32.62712097167969, 4.84005880355835, 19.289621353149414, 5.707773208618164, -5.885746479034424, -22.2359561920166, -10.174493789672852, 17.61358642578125, 44.666969299316406, 73.78006744384766, 30.820117950439453, 7.53372049331665], [-4.5587992668151855, -20.673276901245117, 37.78326416015625, 21.911169052124023, -2.8607943058013916, -13.459476470947266, -6.281322002410889, 1.052943229675293, -10.037020683288574, -0.7030302882194519, 30.820117950439453, 67.02346801757812, 33.5958137512207], [-44.0811767578125, 10.184061050415039, -6.517009258270264, 41.971153259277344, -0.22446000576019287, -17.485294342041016, -19.547311782836914, 5.757070064544678, 7.854513168334961, -7.510806083679199, 7.53372049331665, 33.5958137512207, 66.67945098876953]], "lowlevel.gfcc.icov": [[0.0011497956002131104, 0.0002299104817211628, 0.0005007216241210699, -0.0005124073359183967, 0.0005675777792930603, -0.0004280569264665246, -1.9456738300505094e-06, 0.00013149745063856244, -0.0003152463468722999, -0.0007560282247141004, 0.0005803736858069897, -0.0010475991293787956, 0.0013884393265470862], [0.0002299104817211628, 0.004351715091615915, 0.00015688236453570426, 0.0024395803920924664, -0.0013805868802592158, 0.0031841800082474947, -0.0035746574867516756, 0.003569529391825199, -0.0038989370223134756, 0.003851927351206541, -0.005730707664042711, 0.004366048611700535, -0.003217837307602167], [0.0005007216241210699, 0.00015688236453570426, 0.00475013954564929, -0.0022679781541228294, -0.0010021443013101816, -0.0004545561969280243, 0.0017759294714778662, -0.0026638011913746595, 0.002519800793379545, -0.0001241741410922259, 0.0010900828056037426, -0.004153318237513304, 0.004485575016587973], [-0.0005124073359183967, 0.0024395803920924664, -0.0022679781541228294, 0.008526255376636982, -0.004361358471214771, 0.0021661426872015, -0.0005433856858871877, 0.002654021605849266, -0.003971609752625227, 0.005620730575174093, -0.006280049216002226, 0.005197226535528898, -0.00694300327450037], [0.0005675777792930603, -0.0013805868802592158, -0.0010021443013101816, -0.004361358471214771, 0.009332277812063694, -0.004326073452830315, -0.000880634761415422, 0.0028839954175055027, -7.65600343584083e-05, -0.005425750277936459, 0.004779239185154438, -0.0020094464998692274, 0.0014935263898223639], [-0.0004280569264665246, 0.0031841800082474947, -0.0004545561969280243, 0.0021661426872015, -0.004326073452830315, 0.01401893887668848, -0.005895095877349377, -0.001986446790397167, 0.0017987010069191456, 0.003682851092889905, -0.008272996172308922, 0.008279731497168541, -0.0031062420457601547], [-1.9456738300505094e-06, -0.0035746574867516756, 0.0017759294714778662, -0.0005433856858871877, -0.000880634761415422, -0.005895095877349377, 0.011822984553873539, -0.008685886859893799, 0.002828153781592846, 0.00011812739830929786, 0.005104239098727703, -0.007016542833298445, 0.006366020068526268], [0.00013149745063856244, 0.003569529391825199, -0.0026638011913746595, 0.002654021605849266, 0.0028839954175055027, -0.001986446790397167, -0.008685886859893799, 0.024349726736545563, -0.014318829402327538, 0.0048887538723647594, -0.0014814740279689431, 0.0019244297873228788, -0.006113863550126553], [-0.0003152463468722999, -0.0038989370223134756, 0.002519800793379545, -0.003971609752625227, -7.65600343584083e-05, 0.0017987010069191456, 0.002828153781592846, -0.014318829402327538, 0.026725590229034424, -0.016311347484588623, 0.00459685642272234, 0.00152024335693568, -0.0006007395568303764], [-0.0007560282247141004, 0.003851927351206541, -0.0001241741410922259, 0.005620730575174093, -0.005425750277936459, 0.003682851092889905, 0.00011812739830929786, 0.0048887538723647594, -0.016311347484588623, 0.026911603286862373, -0.016108883544802666, 0.0049607157707214355, 0.00019519437046255916], [0.0005803736858069897, -0.005730707664042711, 0.0010900828056037426, -0.006280049216002226, 0.004779239185154438, -0.008272996172308922, 0.005104239098727703, -0.0014814740279689431, 0.00459685642272234, -0.016108883544802666, 0.0344279482960701, -0.021175021305680275, 0.009212362580001354], [-0.0010475991293787956, 0.004366048611700535, -0.004153318237513304, 0.005197226535528898, -0.0020094464998692274, 0.008279731497168541, -0.007016542833298445, 0.0019244297873228788, 0.00152024335693568, 0.0049607157707214355, -0.021175021305680275, 0.03867611289024353, -0.021809808909893036], [0.0013884393265470862, -0.003217837307602167, 0.004485575016587973, -0.00694300327450037, 0.0014935263898223639, -0.0031062420457601547, 0.006366020068526268, -0.006113863550126553, -0.0006007395568303764, 0.00019519437046255916, 0.009212362580001354, -0.021809808909893036, 0.03284026309847832]], "lowlevel.mfcc.cov": [[1204.1541748046875, -93.87446594238281, -153.73565673828125, -78.6052017211914, -102.22926330566406, -10.487156867980957, -73.35581970214844, -38.96465301513672, 0.5173112154006958, 52.12696075439453, 72.74040985107422, 35.400390625, 28.322397232055664], [-93.87446594238281, 575.6976318359375, -183.55946350097656, -104.8882827758789, -176.74423217773438, -27.789546966552734, -9.321783065795898, 7.385250568389893, 34.06913375854492, 18.467090606689453, 66.1231689453125, 31.618547439575195, 16.863176345825195], [-153.73565673828125, -183.55946350097656, 312.4560852050781, 87.25030517578125, 105.99420166015625, 1.9861371517181396, 33.4379768371582, 31.207317352294922, -45.34089660644531, -48.22096252441406, -46.31351852416992, -11.557647705078125, -15.75883960723877], [-78.6052017211914, -104.8882827758789, 87.25030517578125, 257.0115051269531, 159.1243133544922, 33.76923370361328, -26.0903377532959, -34.71118927001953, -18.053163528442383, -26.743194580078125, -42.91640090942383, -14.9661865234375, 23.327741622924805], [-102.22926330566406, -176.74423217773438, 105.99420166015625, 159.1243133544922, 283.62261962890625, 73.12867736816406, -18.254100799560547, -67.43720245361328, -44.45964050292969, -5.503007411956787, -33.62006378173828, -3.6489617824554443, 5.312313556671143], [-10.487156867980957, -27.789546966552734, 1.9861371517181396, 33.76923370361328, 73.12867736816406, 120.34687805175781, 69.73025512695312, 13.518048286437988, -1.0597145557403564, 7.7873125076293945, 16.99973487854004, 5.235321044921875, -7.670539855957031], [-73.35581970214844, -9.321783065795898, 33.4379768371582, -26.0903377532959, -18.254100799560547, 69.73025512695312, 175.1663055419922, 115.18869018554688, 29.653907775878906, -13.958097457885742, 13.684172630310059, -0.9681385159492493, -21.2697696685791], [-38.96465301513672, 7.385250568389893, 31.207317352294922, -34.71118927001953, -67.43720245361328, 13.518048286437988, 115.18869018554688, 170.28443908691406, 65.66783142089844, -2.2447702884674072, -0.13853128254413605, -15.036688804626465, -15.51516056060791], [0.5173112154006958, 34.06913375854492, -45.34089660644531, -18.053163528442383, -44.45964050292969, -1.0597145557403564, 29.653907775878906, 65.66783142089844, 107.8389892578125, 42.17733383178711, 18.41326141357422, -6.747748374938965, 2.163853406906128], [52.12696075439453, 18.467090606689453, -48.22096252441406, -26.743194580078125, -5.503007411956787, 7.7873125076293945, -13.958097457885742, -2.2447702884674072, 42.17733383178711, 90.6428451538086, 53.51747131347656, 12.807912826538086, -6.1253228187561035], [72.74040985107422, 66.1231689453125, -46.31351852416992, -42.91640090942383, -33.62006378173828, 16.99973487854004, 13.684172630310059, -0.13853128254413605, 18.41326141357422, 53.51747131347656, 104.7764892578125, 38.59178161621094, -6.8980712890625], [35.400390625, 31.618547439575195, -11.557647705078125, -14.9661865234375, -3.6489617824554443, 5.235321044921875, -0.9681385159492493, -15.036688804626465, -6.747748374938965, 12.807912826538086, 38.59178161621094, 62.7657585144043, 25.899715423583984], [28.322397232055664, 16.863176345825195, -15.75883960723877, 23.327741622924805, 5.312313556671143, -7.670539855957031, -21.2697696685791, -15.51516056060791, 2.163853406906128, -6.1253228187561035, -6.8980712890625, 25.899715423583984, 65.70918273925781]], "lowlevel.mfcc.icov": [[0.0011083341669291258, 0.0006457823910750449, 0.0005450997268781066, 6.22073930571787e-05, 0.000652920687571168, -0.0005393292522057891, 0.0008407038985751569, -0.00034414802212268114, 0.00041701356531120837, 4.623658242053352e-06, -0.0008141840808093548, -5.59151558263693e-05, -0.000536411942448467], [0.0006457823910750449, 0.002916961442679167, 0.0013293734518811107, -5.31375189893879e-05, 0.00155817368067801, -0.0005010051536373794, 0.0007792008109390736, -0.0002171743690269068, 7.860708865337074e-05, 0.0009041582816280425, -0.0015808707103133202, -0.00047869645641185343, -0.0005683471681550145], [0.0005450997268781066, 0.0013293734518811107, 0.005807715933769941, -0.000992429442703724, -0.0014070550678297877, 0.0020057347137480974, -0.00033438039827160537, -0.00263582612387836, 0.0024787881411612034, 0.0010717145632952452, -0.0001532352325739339, -0.0014491104520857334, 0.0013597144279628992], [6.22073930571787e-05, -5.31375189893879e-05, -0.000992429442703724, 0.007051378022879362, -0.003405787982046604, -0.0011861131060868502, 0.001631239545531571, -0.0001440497289877385, -0.0015726176789030433, 0.002214863896369934, -0.000544717360753566, 0.0022560462821274996, -0.0028118020854890347], [0.000652920687571168, 0.00155817368067801, -0.0014070550678297877, -0.003405787982046604, 0.009554372169077396, -0.005272789392620325, 0.0008784949313849211, 0.0027792672626674175, 0.0009044712642207742, -0.002626054687425494, 0.0019927965477108955, -0.0012048514327034354, 0.00015252262528520077], [-0.0005393292522057891, -0.0005010051536373794, 0.0020057347137480974, -0.0011861131060868502, -0.005272789392620325, 0.017493505030870438, -0.009856081567704678, 0.0020363579969853163, 0.0013045782689005136, -0.0018766551511362195, -0.0015901039587333798, 0.0005388184217736125, 0.00042478498653508723], [0.0008407038985751569, 0.0007792008109390736, -0.00033438039827160537, 0.001631239545531571, 0.0008784949313849211, -0.009856081567704678, 0.018255924805998802, -0.010501422919332981, -0.00025424984050914645, 0.005348553881049156, -0.00285335979424417, -0.002098735887557268, 0.0020212149247527122], [-0.00034414802212268114, -0.0002171743690269068, -0.00263582612387836, -0.0001440497289877385, 0.0027792672626674175, 0.0020363579969853163, -0.010501422919332981, 0.017484547570347786, -0.007826521061360836, -0.00011334627924952656, 0.0018962793983519077, 0.0017713154666125774, 0.00011331388668622822], [0.00041701356531120837, 7.860708865337074e-05, 0.0024787881411612034, -0.0015726176789030433, 0.0009044712642207742, 0.0013045782689005136, -0.00025424984050914645, -0.007826521061360836, 0.019181063398718834, -0.009467442519962788, 0.0002529164485167712, 0.00321792159229517, -0.003654257860034704], [4.623658242053352e-06, 0.0009041582816280425, 0.0010717145632952452, 0.002214863896369934, -0.002626054687425494, -0.0018766551511362195, 0.005348553881049156, -0.00011334627924952656, -0.009467442519962788, 0.02383640594780445, -0.010865467600524426, 0.00019701298151630908, 0.002249931450933218], [-0.0008141840808093548, -0.0015808707103133202, -0.0001532352325739339, -0.000544717360753566, 0.0019927965477108955, -0.0015901039587333798, -0.00285335979424417, 0.0018962793983519077, 0.0002529164485167712, -0.010865467600524426, 0.022641638293862343, -0.012560399249196053, 0.006397134158760309], [-5.59151558263693e-05, -0.00047869645641185343, -0.0014491104520857334, 0.0022560462821274996, -0.0012048514327034354, 0.0005388184217736125, -0.002098735887557268, 0.0017713154666125774, 0.00321792159229517, 0.00019701298151630908, -0.012560399249196053, 0.03083125315606594, -0.014660844579339027], [-0.000536411942448467, -0.0005683471681550145, 0.0013597144279628992, -0.0028118020854890347, 0.00015252262528520077, 0.00042478498653508723, 0.0020212149247527122, 0.00011331388668622822, -0.003654257860034704, 0.002249931450933218, 0.006397134158760309, -0.014660844579339027, 0.0244185421615839]], "metadata.audio_properties.analysis.downmix": "mix", "metadata.audio_properties.codec": "mp3", "metadata.audio_properties.md5_encoded": "030da4718c15f16d6bfbbf49570a24d1", "metadata.tags.file_name": "1183706555183538176.mp3", "metadata.version.essentia": "2.1-beta6-dev", "metadata.version.essentia_git_sha": "v2.1_beta5-1110-g77a6a954", "metadata.version.extractor": "music 2.0", "tonal.chords_key": "Ab", "tonal.chords_scale": "major", "tonal.key_edma.key": "Ab", "tonal.key_edma.scale": "major", "tonal.key_krumhansl.key": "Ab", "tonal.key_krumhansl.scale": "major",