{"song_id": "1183718459121606676", "download": "https://cdn.discordapp.com/attachments/1135903449314238464/1183718459121606676/chirp.mp4?ex=65895ab9&amp", "lyrics": "\u5218\u80dc\u7537\u4f60\u5728\u5e72\u4ec0\u4e48\n\u5218\u80dc\u7537\u4f60\u5728\u5e72\u4ec0\u4e48\n\u5218\u80dc\u7537\u4f60\u5728\u5e72\u4ec0\u4e48\n\u5218\u80dc\u7537\u4f60\u5728\u5e72\u4ec0\u4e48", "style": ["rock"], "essentia_features": {"lowlevel.average_loudness": 0.970767617225647, "lowlevel.barkbands_crest.mean": 13.395806312561035, "lowlevel.barkbands_crest.stdev": 6.507667541503906, "lowlevel.barkbands_flatness_db.mean": 0.11539506912231445, "lowlevel.barkbands_flatness_db.stdev": 0.055541470646858215, "lowlevel.barkbands_kurtosis.mean": 4.215027332305908, "lowlevel.barkbands_kurtosis.stdev": 10.007478713989258, "lowlevel.barkbands_skewness.mean": 1.5019657611846924, "lowlevel.barkbands_skewness.stdev": 1.761877179145813, "lowlevel.barkbands_spread.mean": 47.31300354003906, "lowlevel.barkbands_spread.stdev": 25.117904663085938, "lowlevel.dissonance.mean": 0.49026110768318176, "lowlevel.dissonance.stdev": 0.01924596168100834, "lowlevel.dynamic_complexity": 2.0911850929260254, "lowlevel.erbbands_crest.mean": 6.071326732635498, "lowlevel.erbbands_crest.stdev": 3.503629684448242, "lowlevel.erbbands_flatness_db.mean": 0.1166512742638588, "lowlevel.erbbands_flatness_db.stdev": 0.03538670763373375, "lowlevel.erbbands_kurtosis.mean": 0.5517083406448364, "lowlevel.erbbands_kurtosis.stdev": 1.8376003503799438, "lowlevel.erbbands_skewness.mean": -0.5767470598220825, "lowlevel.erbbands_skewness.stdev": 0.5623177289962769, "lowlevel.erbbands_spread.mean": 43.411895751953125, "lowlevel.erbbands_spread.stdev": 19.430896759033203, "lowlevel.hfc.mean": 42.7032585144043, "lowlevel.hfc.stdev": 42.409610748291016, "lowlevel.loudness_ebu128.integrated": -14.72170639038086, "lowlevel.loudness_ebu128.loudness_range": 0.7141122817993164, "lowlevel.loudness_ebu128.momentary.mean": -14.90556526184082, "lowlevel.loudness_ebu128.momentary.stdev": 1.2721364498138428, "lowlevel.loudness_ebu128.short_term.mean": -14.840507507324219, "lowlevel.loudness_ebu128.short_term.stdev": 0.23518945276737213, "lowlevel.melbands_crest.mean": 24.099088668823242, "lowlevel.melbands_crest.stdev": 7.582292556762695, "lowlevel.melbands_flatness_db.mean": 0.17063814401626587, "lowlevel.melbands_flatness_db.stdev": 0.0761985033750534, "lowlevel.melbands_kurtosis.mean": 25.974754333496094, "lowlevel.melbands_kurtosis.stdev": 38.87820816040039, "lowlevel.melbands_skewness.mean": 3.8766565322875977, "lowlevel.melbands_skewness.stdev": 2.877587080001831, "lowlevel.melbands_spread.mean": 45.49138641357422, "lowlevel.melbands_spread.stdev": 36.3896369934082, "lowlevel.pitch_salience.mean": 0.42461684346199036, "lowlevel.pitch_salience.stdev": 0.19039414823055267, "lowlevel.silence_rate_20dB.mean": 1.0, "lowlevel.silence_rate_20dB.stdev": 0.0, "lowlevel.silence_rate_30dB.mean": 0.9987195730209351, "lowlevel.silence_rate_30dB.stdev": 0.03576012700796127, "lowlevel.silence_rate_60dB.mean": 0.003841229248791933, "lowlevel.silence_rate_60dB.stdev": 0.06185871735215187, "lowlevel.spectral_centroid.mean": 2673.62060546875, "lowlevel.spectral_centroid.stdev": 664.5643310546875, "lowlevel.spectral_complexity.mean": 26.341869354248047, "lowlevel.spectral_complexity.stdev": 12.158143043518066, "lowlevel.spectral_decrease.mean": -7.796293388651065e-09, "lowlevel.spectral_decrease.stdev": 6.09213079982851e-09, "lowlevel.spectral_energy.mean": 0.03329838812351227, "lowlevel.spectral_energy.stdev": 0.024189559742808342, "lowlevel.spectral_energyband_high.mean": 0.0038395130541175604, "lowlevel.spectral_energyband_high.stdev": 0.004656151402741671, "lowlevel.spectral_energyband_low.mean": 0.02108781412243843, "lowlevel.spectral_energyband_low.stdev": 0.021760104224085808, "lowlevel.spectral_energyband_middle_high.mean": 0.004636043217033148, "lowlevel.spectral_energyband_middle_high.stdev": 0.002892745193094015, "lowlevel.spectral_energyband_middle_low.mean": 0.004338206257671118, "lowlevel.spectral_energyband_middle_low.stdev": 0.009664558805525303, "lowlevel.spectral_entropy.mean": 8.17770004272461, "lowlevel.spectral_entropy.stdev": 0.2619270086288452, "lowlevel.spectral_flux.mean": 0.09749462455511093, "lowlevel.spectral_flux.stdev": 0.05420606955885887, "lowlevel.spectral_kurtosis.mean": 2.8539276123046875, "lowlevel.spectral_kurtosis.stdev": 1.4967235326766968, "lowlevel.spectral_rms.mean": 0.005337740294635296, "lowlevel.spectral_rms.stdev": 0.0019986776169389486, "lowlevel.spectral_rolloff.mean": 3186.115234375, "lowlevel.spectral_rolloff.stdev": 2875.4501953125, "lowlevel.spectral_skewness.mean": 1.2049391269683838, "lowlevel.spectral_skewness.stdev": 0.21490609645843506, "lowlevel.spectral_spread.mean": 5574775.5, "lowlevel.spectral_spread.stdev": 1746585.875, "lowlevel.spectral_strongpeak.mean": 0.3736063241958618, "lowlevel.spectral_strongpeak.stdev": 0.35431748628616333, "lowlevel.zerocrossingrate.mean": 0.10199451446533203, "lowlevel.zerocrossingrate.stdev": 0.059602804481983185, "metadata.audio_properties.analysis.equal_loudness": 0.0, "metadata.audio_properties.analysis.length": 18.089614868164062, "metadata.audio_properties.analysis.sample_rate": 44100.0, "metadata.audio_properties.analysis.start_time": 0.0, "metadata.audio_properties.bit_rate": 126167.0, "metadata.audio_properties.length": 18.090665817260742, "metadata.audio_properties.lossless": 0.0, "metadata.audio_properties.number_channels": 1.0, "metadata.audio_properties.replay_gain": -12.050920486450195, "metadata.audio_properties.sample_rate": 48000.0, "rhythm.beats_count": 31.0, "rhythm.beats_loudness.mean": 0.06120959669351578, "rhythm.beats_loudness.stdev": 0.02309456467628479, "rhythm.bpm": 102.08641052246094, "rhythm.bpm_histogram_first_peak_bpm": 101.0, "rhythm.bpm_histogram_first_peak_weight": 0.3333333134651184, "rhythm.bpm_histogram_second_peak_bpm": 112.0, "rhythm.bpm_histogram_second_peak_spread": 0.3333333730697632, "rhythm.bpm_histogram_second_peak_weight": 0.06666667014360428, "rhythm.danceability": 1.7210381031036377, "rhythm.onset_rate": 6.12868070602417, "tonal.chords_changes_rate": 0.09718669950962067, "tonal.chords_number_rate": 0.017902813851833344, "tonal.chords_strength.mean": 0.44090306758880615, "tonal.chords_strength.stdev": 0.06767435371875763, "tonal.hpcp_crest.mean": 10.546863555908203, "tonal.hpcp_crest.stdev": 4.867305278778076, "tonal.hpcp_entropy.mean": 2.6892480850219727, "tonal.hpcp_entropy.stdev": 0.7971259355545044, "tonal.key_edma.strength": 0.5085209608078003, "tonal.key_krumhansl.strength": 0.5175649523735046, "tonal.key_temperley.strength": 0.5272098183631897, "tonal.tuning_diatonic_strength": 0.5199630260467529, "tonal.tuning_equal_tempered_deviation": 0.1934894472360611, "tonal.tuning_frequency": 434.193115234375, "tonal.tuning_nontempered_energy_ratio": 0.8859989643096924, "lowlevel.barkbands.mean": [0.0013454240979626775, 0.01738070324063301, 0.0018002634169533849, 0.001646182150579989, 0.0016299025155603886, 0.0002634197589941323, 0.00022326738690026104, 0.000245941017055884, 0.0002764536766335368, 0.000241938978433609, 0.0003991108387708664, 0.00037896758294664323, 0.0004394551506265998, 0.00028904317878186703, 0.0003169265401083976, 0.00039771856972947717, 0.00033807320869527757, 0.0005135765532031655, 0.0009431959479115903, 0.0007112252060323954, 0.0006747898878529668, 0.0006722064572386444, 0.0006434536771848798, 0.00046752719208598137, 0.000543803907930851, 0.0004993843613192439, 1.6413523553637788e-05], "lowlevel.barkbands.stdev": [0.0012656375765800476, 0.01951887644827366, 0.006265485659241676, 0.005235795397311449, 0.004797659814357758, 0.0005843346589244902, 0.0004384016210678965, 0.0003589143161661923, 0.00032955879578366876, 0.00028004564228467643, 0.0004808674566447735, 0.0004276427789591253, 0.0005643093609251082, 0.00030383316334336996, 0.0003185590903740376, 0.00043527004891075194, 0.0003245957486797124, 0.000540521286893636, 0.001071551931090653, 0.0008799936040304601, 0.0009482281748205423, 0.0008793033775873482, 0.0008174529066309333, 0.0006343339919112623, 0.0007194206118583679, 0.0007130696321837604, 4.525710392044857e-05], "lowlevel.erbbands.mean": [0.7957469820976257, 2.696619987487793, 2.355372428894043, 3.851011276245117, 7.646111965179443, 3.6985363960266113, 2.6137285232543945, 1.9924662113189697, 2.453686475753784, 4.658280372619629, 5.614243030548096, 6.403220176696777, 6.403997421264648, 11.725830078125, 15.975808143615723, 16.14370346069336, 20.560686111450195, 14.66378116607666, 16.11442756652832, 18.761184692382812, 21.684444427490234, 20.228870391845703, 25.03763198852539, 41.0892448425293, 47.9285774230957, 33.84431076049805, 27.756214141845703, 25.488513946533203, 24.083881378173828, 23.145549774169922, 17.07627296447754, 10.720088958740234, 7.464102268218994, 5.647931098937988, 4.086101531982422, 2.529125213623047, 0.8683831095695496, 0.10033272951841354, 0.0024217276368290186, 0.00012822319695260376], "lowlevel.erbbands.stdev": [0.8339178562164307, 3.734079122543335, 6.377335548400879, 12.501368522644043, 24.584367752075195, 10.09723949432373, 5.06427001953125, 4.4666008949279785, 5.020841598510742, 8.112091064453125, 6.844159126281738, 7.804149150848389, 6.862975120544434, 12.762716293334961, 20.35568618774414, 16.14177131652832, 26.019515991210938, 13.390223503112793, 15.612122535705566, 18.58969497680664, 21.463768005371094, 19.299713134765625, 26.025117874145508, 45.16637420654297, 60.502803802490234, 41.23906707763672, 38.72428894042969, 35.2544059753418, 31.794252395629883, 29.899307250976562, 22.247936248779297, 14.828790664672852, 10.010897636413574, 7.741200923919678, 5.602890491485596, 3.581982374191284, 1.2867778539657593, 0.17773407697677612, 0.005533045623451471, 0.0001586636499268934], "lowlevel.gfcc.mean": [32.782230377197266, 26.096492767333984, -111.96563720703125, 48.221046447753906, -43.316410064697266, 36.14374923706055, -21.121015548706055, 27.34880256652832, -21.817453384399414, 17.682767868041992, -11.287224769592285, 14.006855010986328, -10.983213424682617], "lowlevel.melbands.mean": [0.0057448530569672585, 0.0018896468682214618, 0.0008163266465999186, 0.0004035118909087032, 9.799644612940028e-05, 4.538363646133803e-05, 4.083149542566389e-05, 5.399777364800684e-05, 4.6521010517608374e-05, 3.9290065615205094e-05, 3.13927375827916e-05, 4.5378561480902135e-05, 5.2052881073905155e-05, 4.40908370364923e-05, 4.7267385525628924e-05, 3.9683021896053106e-05, 2.5889661628752947e-05, 2.575421785877552e-05, 2.4357968868571334e-05, 2.7627580493572168e-05, 2.406194653303828e-05, 2.054682408925146e-05, 2.005811438721139e-05, 2.473821041348856e-05, 3.393496808712371e-05, 3.554687646101229e-05, 3.063786425627768e-05, 2.0483201296883635e-05, 1.629606049391441e-05, 1.7792481230571866e-05, 1.372702081425814e-05, 1.3502000001608394e-05, 1.2978646736883093e-05, 1.3079794371151365e-05, 1.0357138307881542e-05, 7.591611392854247e-06, 6.241242772375699e-06, 5.403023351391312e-06, 4.605006324709393e-06, 4.824085408472456e-06], "lowlevel.melbands.stdev": [0.0062048728577792645, 0.003169812262058258, 0.0023361670318990946, 0.0012337639927864075, 0.00018312637985218316, 0.00010071825090562925, 8.109339978545904e-05, 8.800739306025207e-05, 5.492757918545976e-05, 4.880472624790855e-05, 3.6125322367297485e-05, 5.015427086618729e-05, 6.15022363490425e-05, 4.819434252567589e-05, 6.340110849123448e-05, 4.2545911128399894e-05, 2.6056941351271234e-05, 2.7350712116458453e-05, 2.548110751376953e-05, 3.387455581105314e-05, 2.402084464847576e-05, 2.0622148440452293e-05, 2.0684523406089284e-05, 2.6809626433532685e-05, 4.0201332012657076e-05, 4.5988224883330986e-05, 3.7022695323685184e-05, 2.685736217244994e-05, 2.3201568183139898e-05, 2.6035339033114724e-05, 1.9290389900561422e-05, 1.793729461496696e-05, 1.7728068996802904e-05, 1.7078309610951692e-05, 1.352395429421449e-05, 1.0533428394410294e-05, 9.037083145813085e-06, 7.446192739735125e-06, 6.471140295616351e-06, 6.813243999204133e-06], "lowlevel.melbands128.mean": [0.0012361760018393397, 0.0072905826382339, 0.0073653170838952065, 0.003451841650530696, 0.0013203222770243883, 0.0008534904918633401, 0.0007012619753368199, 0.0009112033876590431, 0.0008856180938892066, 0.0003217817866243422, 0.00016489482368342578, 0.0001088836434064433, 9.101685282075778e-05, 6.688468420179561e-05, 4.4136366341263056e-05, 3.501859828247689e-05, 3.0845083529129624e-05, 3.887350612785667e-05, 5.9737190895248204e-05, 4.7135541535681114e-05, 5.9155045164516196e-05, 5.292574132909067e-05, 3.9345130062429234e-05, 4.911173164146021e-05, 4.3016912968596444e-05, 3.76552707166411e-05, 2.4112739993142895e-05, 2.9140432161511853e-05, 4.112645547138527e-05, 3.2050327718025073e-05, 5.7328419643454254e-05, 5.2069492085138336e-05, 4.593579069478437e-05, 6.075851706555113e-05, 4.480502684600651e-05, 4.023974543088116e-05, 3.8127378502395004e-05, 4.684483792516403e-05, 5.648533988278359e-05, 4.5900713303126395e-05, 3.8013058656360954e-05, 2.560576467658393e-05, 2.473363019817043e-05, 2.4985078198369592e-05, 2.9577553505077958e-05, 2.4700304493308067e-05, 2.3094977223081514e-05, 2.566672264947556e-05, 2.4600167307653464e-05, 2.278783176734578e-05, 2.9132728741387837e-05, 3.17648627969902e-05, 2.5531982828397304e-05, 2.0988276446587406e-05, 1.91490489669377e-05, 2.190201121266e-05, 2.0702385882032104e-05, 1.7829086573328823e-05, 2.0839899661950767e-05, 2.1867776013095863e-05, 2.290761585754808e-05, 2.6473329853615724e-05, 3.742805711226538e-05, 3.496036879369058e-05, 3.131742050754838e-05, 3.380118141649291e-05, 4.12645676988177e-05, 3.4335695090703666e-05, 2.7142150429426692e-05, 2.7788797524408437e-05, 1.891519787022844e-05, 1.8507635104469955e-05, 1.6771900845924392e-05, 1.4818262570770457e-05, 1.6806805433589034e-05, 2.0463772671064362e-05, 1.6917641914915293e-05, 1.3842644875694532e-05, 1.3867909729015082e-05, 1.2689983122982085e-05, 1.336922105110716e-05, 1.41379568958655e-05, 1.3490473065758124e-05, 1.2554010027088225e-05, 1.27691455418244e-05, 1.3024962754570879e-05, 1.3213020793045871e-05, 1.3382474207901396e-05, 9.241283805749845e-06, 9.416645298188087e-06, 8.52744506119052e-06, 6.977167231525527e-06, 6.239173217181815e-06, 6.109983587521128e-06, 6.460379609052325e-06, 5.866938863618998e-06, 5.1286842790432274e-06, 4.680640358856181e-06, 4.5607457650476135e-06, 4.6177174226613715e-06, 4.668583642342128e-06, 4.991052264813334e-06, 4.8587776291242335e-06, 4.402611011755653e-06, 4.566094958136091e-06, 4.743190402223263e-06, 4.570959845295874e-06, 4.647325567930238e-06, 4.711853762273677e-06, 4.197003818262601e-06, 3.7912334391876357e-06, 3.126064484604285e-06, 2.8489521355368197e-06, 2.3011159555608174e-06, 1.40442205065483e-06, 9.358934676129138e-07, 5.353236929295235e-07, 1.4488624344721757e-07, 1.3267023923901888e-08, 4.527799024600654e-09, 2.5782098678206467e-09, 5.885661957805155e-10, 1.0385061560702624e-10, 9.259686767348896e-11, 6.451435219378965e-11, 2.5715214679866705e-11, 6.73928230929266e-12, 4.105197952408712e-12], "lowlevel.melbands128.stdev": [0.0012342295376583934, 0.007528428919613361, 0.00929568987339735, 0.005546663887798786, 0.003622601740062237, 0.0031178465578705072, 0.002783712698146701, 0.002858005929738283, 0.0030184800270944834, 0.001146546215750277, 0.0004481445939745754, 0.00022723617439623922, 0.00019697211973834783, 0.00017759448383003473, 0.0001104416951420717, 0.0001049385973601602, 8.414642798015848e-05, 8.210497617255896e-05, 0.00011736364831449464, 0.0001077030465239659, 0.00010487630788702518, 0.00010195625509368256, 5.912874985369854e-05, 8.076326048467308e-05, 6.741525430697948e-05, 6.095031858421862e-05, 3.132238271064125e-05, 3.7573867302853614e-05, 7.71100603742525e-05, 3.9234699215739965e-05, 8.844467083690688e-05, 6.997460877755657e-05, 6.195189780555665e-05, 0.00012357151717878878, 6.92281246301718e-05, 5.228178997640498e-05, 4.621003972715698e-05, 7.795619603712112e-05, 0.00013428351667243987, 6.600953201996163e-05, 4.3064334022346884e-05, 2.746837526501622e-05, 3.349577309563756e-05, 3.150605334667489e-05, 4.624810753739439e-05, 2.9514083507820033e-05, 3.157060200464912e-05, 3.6412729969015345e-05, 3.2865198591025546e-05, 2.6804376830114052e-05, 5.338963819667697e-05, 4.508866186370142e-05, 3.219179779989645e-05, 2.5179169824696146e-05, 2.20359524973901e-05, 2.7277914341539145e-05, 2.4513476091669872e-05, 2.0948120436514728e-05, 2.7460933779366314e-05, 2.8842769097536802e-05, 3.152867066091858e-05, 3.277375071775168e-05, 5.987558688502759e-05, 4.689723937190138e-05, 4.2504754674155265e-05, 4.993566471966915e-05, 7.095437467796728e-05, 5.1429607992758974e-05, 3.6272278521209955e-05, 3.964787538279779e-05, 2.8468450182117522e-05, 2.8203963665873744e-05, 2.6481015083845705e-05, 2.3514607164543122e-05, 2.701296216400806e-05, 3.2715481211198494e-05, 2.712228160817176e-05, 2.1025394744356163e-05, 2.1777619622298516e-05, 1.8381912013865076e-05, 1.9128794519929215e-05, 2.151253829651978e-05, 2.0263365513528697e-05, 1.8959430235554464e-05, 1.9113573216600344e-05, 1.8671940779313445e-05, 1.956218147824984e-05, 1.8630327758728527e-05, 1.2488784705055878e-05, 1.5064487342897337e-05, 1.250667901331326e-05, 1.0747427040769253e-05, 1.0025059964391403e-05, 9.721420610731002e-06, 1.045934095600387e-05, 8.945834451878909e-06, 7.700637070229277e-06, 7.2337793426413555e-06, 7.184086825873237e-06, 7.2016323429124895e-06, 7.402810751955258e-06, 7.661037670914084e-06, 7.6982887549093e-06, 6.481350283138454e-06, 7.3624978540465236e-06, 7.751559678581543e-06, 7.343631295952946e-06, 7.226525212900015e-06, 7.690039637964219e-06, 6.17939213043428e-06, 5.823394985782215e-06, 5.2065793170186225e-06, 4.391409675008617e-06, 4.05656192015158e-06, 2.6258860543748597e-06, 1.89505226444453e-06, 1.316622842750803e-06, 6.3074833178689e-07, 1.6640572653159325e-07, 1.234914748238225e-07, 6.997395018970565e-08, 1.536195171070176e-08, 2.2321557935356395e-09, 1.9631511971596183e-09, 1.3276625354663452e-09, 4.703266109906679e-10, 5.855248924602208e-11, 7.034260760679922e-12], "lowlevel.mfcc.mean": [-610.1533813476562, 61.64438247680664, -3.207876443862915, 25.640626907348633, 8.90100383758545, 18.33096694946289, 17.242509841918945, 17.314546585083008, 6.640160083770752, 11.226242065429688, 9.103949546813965, 5.161173343658447, 9.117548942565918], "lowlevel.spectral_contrast_coeffs.mean": [-0.7473567128181458, -0.8177490830421448, -0.8210404515266418, -0.8263906836509705, -0.7945600152015686, -0.7426592111587524], "lowlevel.spectral_contrast_coeffs.stdev": [0.0810602605342865, 0.04917846992611885, 0.04100513458251953, 0.032392434775829315, 0.03613222390413284, 0.042184166610240936], "lowlevel.spectral_contrast_valleys.mean": [-7.126589775085449, -7.1053314208984375, -7.0664591789245605, -7.079921722412109, -6.766737461090088, -9.3236083984375], "lowlevel.spectral_contrast_valleys.stdev": [0.7747198939323425, 0.6523018479347229, 0.5913816094398499, 0.5674370527267456, 0.6678358912467957, 1.0268430709838867], "rhythm.beats_loudness_band_ratio.mean": [0.6793920397758484, 0.06147976592183113, 0.009337865747511387, 0.034705404192209244, 0.06291161477565765, 0.20247876644134521], "rhythm.beats_loudness_band_ratio.stdev": [0.19927628338336945, 0.06258606910705566, 0.005746419075876474, 0.04120265692472458, 0.03843555971980095, 0.1372319608926773], "tonal.hpcp.mean": [0.06874340772628784, 0.05262883007526398, 0.03681684285402298, 0.06569341570138931, 0.0712704211473465, 0.04365646466612816, 0.043124642223119736, 0.04743356630206108, 0.03771642595529556, 0.05032281205058098, 0.06449061632156372, 0.05930504575371742, 0.08592533320188522, 0.09544353187084198, 0.056420788168907166, 0.03958246856927872, 0.042522527277469635, 0.034406743943691254, 0.04967113956809044, 0.05798163264989853, 0.048184122890233994, 0.04717716574668884, 0.04359765723347664, 0.046865493059158325, 0.07038994133472443, 0.09249573200941086, 0.18004608154296875, 0.35287150740623474, 0.3717147409915924, 0.25010445713996887, 0.1870969533920288, 0.15932878851890564, 0.14305734634399414, 0.1409420669078827, 0.11950746923685074, 0.08405675739049911], "tonal.hpcp.stdev": [0.18151840567588806, 0.15694312751293182, 0.1023285984992981, 0.13626225292682648, 0.1528431475162506, 0.10996575653553009, 0.12248064577579498, 0.15100674331188202, 0.12097355723381042, 0.1282188892364502, 0.16199415922164917, 0.14760789275169373, 0.1972953975200653, 0.23213016986846924, 0.12963922321796417, 0.1189921647310257, 0.13215361535549164, 0.0988631322979927, 0.13485661149024963, 0.15489645302295685, 0.1196882575750351, 0.12926800549030304, 0.10281480848789215, 0.1318841129541397, 0.161553755402565, 0.20271363854408264, 0.280579537153244, 0.3998618721961975, 0.3991301953792572, 0.34046629071235657, 0.3069671392440796, 0.2722761332988739, 0.26897871494293213, 0.26359379291534424, 0.23944389820098877, 0.17828956246376038], "rhythm.beats_position": [0.4876190423965454, 1.0216779708862305, 1.5557368993759155, 2.1014058589935303, 2.670294761657715, 3.2624034881591797, 3.8545124530792236, 4.435011386871338, 5.027120113372803, 5.619228839874268, 6.199728012084961, 6.791836738586426, 7.383945465087891, 7.964444160461426, 8.55655288696289, 9.148661613464355, 9.729161262512207, 10.321269989013672, 10.913378715515137, 11.493877410888672, 12.085986137390137, 12.678094863891602, 13.258593559265137, 13.850702285766602, 14.442811965942383, 15.023310661315918, 15.615419387817383, 16.1959171295166, 16.788026809692383, 17.380136489868164, 17.972244262695312], "rhythm.bpm_histogram": [0.0, 0.0, 0.0, 0.0, 0.0, 0.0, 0.0, 0.0, 0.0, 0.0, 0.0, 0.0, 0.0, 0.0, 0.0, 0.0, 0.0, 0.0, 0.0, 0.0, 0.0, 0.0, 0.0, 0.0, 0.0, 0.0, 0.0, 0.0, 0.0, 0.0, 0.0, 0.0, 0.0, 0.0, 0.0, 0.0, 0.0, 0.0, 0.0, 0.0, 0.0, 0.0, 0.0, 0.0, 0.0, 0.0, 0.0, 0.0, 0.0, 0.0, 0.0, 0.0, 0.0, 0.0, 0.0, 0.0, 0.0, 0.0, 0.0, 0.0, 0.0, 0.0, 0.0, 0.0, 0.0, 0.0, 0.0, 0.0, 0.0, 0.0, 0.0, 0.0, 0.0, 0.0, 0.0, 0.0, 0.0, 0.0, 0.0, 0.0, 0.0, 0.0, 0.0, 0.0, 0.0, 0.0, 0.0, 0.0, 0.0, 0.0, 0.0, 0.0, 0.0, 0.0, 0.0, 0.0, 0.0, 0.0, 0.0, 0.0, 0.0, 0.6000000238418579, 0.0, 0.2666666805744171, 0.0, 0.03333333507180214, 0.0, 0.0, 0.0, 0.0, 0.03333333507180214, 0.0, 0.06666667014360428, 0.0, 0.0, 0.0, 0.0, 0.0, 0.0, 0.0, 0.0, 0.0, 0.0, 0.0, 0.0, 0.0, 0.0, 0.0, 0.0, 0.0, 0.0, 0.0, 0.0, 0.0, 0.0, 0.0, 0.0, 0.0, 0.0, 0.0, 0.0, 0.0, 0.0, 0.0, 0.0, 0.0, 0.0, 0.0, 0.0, 0.0, 0.0, 0.0, 0.0, 0.0, 0.0, 0.0, 0.0, 0.0, 0.0, 0.0, 0.0, 0.0, 0.0, 0.0, 0.0, 0.0, 0.0, 0.0, 0.0, 0.0, 0.0, 0.0, 0.0, 0.0, 0.0, 0.0, 0.0, 0.0, 0.0, 0.0, 0.0, 0.0, 0.0, 0.0, 0.0, 0.0, 0.0, 0.0, 0.0, 0.0, 0.0, 0.0, 0.0, 0.0, 0.0, 0.0, 0.0, 0.0, 0.0, 0.0, 0.0, 0.0, 0.0, 0.0, 0.0, 0.0, 0.0, 0.0, 0.0, 0.0, 0.0, 0.0, 0.0, 0.0, 0.0, 0.0, 0.0, 0.0, 0.0, 0.0, 0.0, 0.0, 0.0, 0.0, 0.0, 0.0, 0.0, 0.0, 0.0, 0.0, 0.0, 0.0, 0.0, 0.0, 0.0, 0.0, 0.0, 0.0, 0.0, 0.0, 0.0, 0.0, 0.0, 0.0, 0.0, 0.0, 0.0, 0.0, 0.0, 0.0], "tonal.chords_histogram": [4.092071533203125, 0.0, 8.69565200805664, 27.109973907470703, 0.0, 0.0, 0.0, 0.0, 0.0, 0.0, 0.0, 0.0, 0.7672634124755859, 1.2787723541259766, 0.0, 0.0, 0.0, 20.20460319519043, 0.0, 0.0, 0.0, 0.0, 1.2787723541259766, 36.57289123535156], "tonal.thpcp": [1.0, 0.6728397607803345, 0.5033347606658936, 0.42863187193870544, 0.3848578631877899, 0.3791672885417938, 0.3215031623840332, 0.22613242268562317, 0.18493592739105225, 0.14158391952514648, 0.09904596209526062, 0.17673072218894958, 0.191734179854393, 0.11744614690542221, 0.11601541936397552, 0.12760743498802185, 0.10146605223417282, 0.13538019359111786, 0.17349490523338318, 0.15954451262950897, 0.23115934431552887, 0.2567655146121979, 0.15178517997264862, 0.10648614168167114, 0.11439558863639832, 0.0925622284412384, 0.1336270421743393, 0.15598422288894653, 0.12962661683559418, 0.12691766023635864, 0.11728794127702713, 0.12607918679714203, 0.1893654763698578, 0.2488352507352829, 0.4843662679195404, 0.9493072628974915], "lowlevel.gfcc.cov": [[4682.615234375, -1027.821533203125, 797.914794921875, 117.356201171875, -123.85853576660156, 8.553338050842285, -419.8470458984375, -96.43801879882812, -356.82208251953125, -46.80579376220703, -359.4629821777344, 53.72938537597656, -225.08396911621094], [-1027.821533203125, 1291.36962890625, -332.7470397949219, 25.394052505493164, 109.98622131347656, -47.044246673583984, 140.29493713378906, -32.910587310791016, 138.4582977294922, -41.50675964355469, 154.7406768798828, -124.48162078857422, 95.08782958984375], [797.914794921875, -332.7470397949219, 706.8629150390625, 99.77259826660156, 35.68794631958008, 49.185142517089844, -122.82430267333984, -32.25180435180664, -76.72687530517578, -20.945728302001953, -157.547607421875, -15.691144943237305, -136.488525390625], [117.356201171875, 25.394052505493164, 99.77259826660156, 294.6815490722656, 70.79503631591797, 13.854976654052734, 44.0181884765625, -14.37193489074707, -5.294482231140137, -21.906755447387695, -20.37696647644043, -47.42543411254883, -16.554977416992188], [-123.85853576660156, 109.98622131347656, 35.68794631958008, 70.79503631591797, 153.37098693847656, 58.00285339355469, 78.67989349365234, 34.963661193847656, 45.22490310668945, 4.6729960441589355, 13.09122371673584, -18.459714889526367, -15.254539489746094], [8.553338050842285, -47.044246673583984, 49.185142517089844, 13.854976654052734, 58.00285339355469, 152.99618530273438, 59.36094284057617, 46.27082824707031, 35.17269515991211, 24.43343162536621, 17.554637908935547, 7.951033115386963, -3.380084276199341], [-419.8470458984375, 140.29493713378906, -122.82430267333984, 44.0181884765625, 78.67989349365234, 59.36094284057617, 233.4091339111328, 105.1899642944336, 94.52471160888672, 52.46516418457031, 87.80321502685547, -7.194766044616699, 17.208450317382812], [-96.43801879882812, -32.910587310791016, -32.25180435180664, -14.37193489074707, 34.963661193847656, 46.27082824707031, 105.1899642944336, 133.41969299316406, 82.64386749267578, 63.205928802490234, 53.08636474609375, 32.03037643432617, 4.740580081939697], [-356.82208251953125, 138.4582977294922, -76.72687530517578, -5.294482231140137, 45.22490310668945, 35.17269515991211, 94.52471160888672, 82.64386749267578, 131.5751495361328, 56.40174102783203, 79.62329864501953, 16.637758255004883, 29.535778045654297], [-46.80579376220703, -41.50675964355469, -20.945728302001953, -21.906755447387695, 4.6729960441589355, 24.43343162536621, 52.46516418457031, 63.205928802490234, 56.40174102783203, 80.40392303466797, 52.67214584350586, 29.511991500854492, 12.447745323181152], [-359.4629821777344, 154.7406768798828, -157.547607421875, -20.37696647644043, 13.09122371673584, 17.554637908935547, 87.80321502685547, 53.08636474609375, 79.62329864501953, 52.67214584350586, 119.93208312988281, 24.722515106201172, 50.039283752441406], [53.72938537597656, -124.48162078857422, -15.691144943237305, -47.42543411254883, -18.459714889526367, 7.951033115386963, -7.194766044616699, 32.03037643432617, 16.637758255004883, 29.511991500854492, 24.722515106201172, 76.94709777832031, 25.76741600036621], [-225.08396911621094, 95.08782958984375, -136.488525390625, -16.554977416992188, -15.254539489746094, -3.380084276199341, 17.208450317382812, 4.740580081939697, 29.535778045654297, 12.447745323181152, 50.039283752441406, 25.76741600036621, 77.03590393066406]], "lowlevel.gfcc.icov": [[0.0004053188022226095, -9.004903404274955e-05, -4.3556399759836495e-05, -0.000335298158461228, 0.00015385742881335318, -0.0002467644226271659, 0.0005419019144028425, -0.0005392632447183132, 0.0010105407563969493, -0.0007395558641292155, 0.0005996984546072781, -0.0006475542322732508, 0.0006370745250023901], [-9.004903404274955e-05, 0.0020815772004425526, -0.00021018748520873487, 0.0007681215065531433, -0.001306068734265864, 0.001081147463992238, -0.00024385604774579406, 0.0010024438379332423, -0.0021107946522533894, 0.0025561857037246227, -0.00300396210514009, 0.004213929176330566, -0.002320201601833105], [-4.3556399759836495e-05, -0.00021018748520873487, 0.0032436202745884657, -0.0011272055562585592, -0.0002272984856972471, -0.0012577275047078729, 0.0013218059903010726, 0.0004205269506201148, -0.0006333634373731911, -0.0019705789163708687, 0.003109890501946211, -0.0018957371357828379, 0.004390782676637173], [-0.000335298158461228, 0.0007681215065531433, -0.0011272055562585592, 0.005166951566934586, -0.0021766561549156904, 0.001113209524191916, -0.0019331870134919882, 0.0012746633728966117, -0.0008769259438849986, 0.001905128825455904, -0.001406572526320815, 0.004088397137820721, -0.0032688025385141373], [0.00015385742881335318, -0.001306068734265864, -0.0002272984856972471, -0.0021766561549156904, 0.011558623984456062, -0.003316774033010006, -0.0021638907492160797, -0.00027155273710377514, -0.0021943687461316586, 0.0011029851157218218, 0.0022942752111703157, -0.002561587607488036, 0.0038642152212560177], [-0.0002467644226271659, 0.001081147463992238, -0.0012577275047078729, 0.001113209524191916, -0.003316774033010006, 0.009422794915735722, -0.0017473704647272825, -0.0005343328812159598, -0.0011186257470399141, 0.0010614609345793724, -0.0020016953349113464, 0.0021297018975019455, -0.0030195419676601887], [0.0005419019144028425, -0.00024385604774579406, 0.0013218059903010726, -0.0019331870134919882, -0.0021638907492160797, -0.0017473704647272825, 0.011902435682713985, -0.007503743749111891, 0.001719074440188706, -0.0015051893424242735, -0.003447276074439287, 0.0028540887869894505, 0.0019772807136178017], [-0.0005392632447183132, 0.0010024438379332423, 0.0004205269506201148, 0.0012746633728966117, -0.00027155273710377514, -0.0005343328812159598, -0.007503743749111891, 0.022617444396018982, -0.009890531189739704, -0.004984296392649412, 0.0017535393126308918, -0.004951284732669592, 0.0035277402494102716], [0.0010105407563969493, -0.0021107946522533894, -0.0006333634373731911, -0.0008769259438849986, -0.0021943687461316586, -0.0011186257470399141, 0.001719074440188706, -0.009890531189739704, 0.024011285975575447, -0.00751841813325882, -0.003512907074764371, -0.0017188371857628226, -0.0011459478409960866], [-0.0007395558641292155, 0.0025561857037246227, -0.0019705789163708687, 0.001905128825455904, 0.0011029851157218218, 0.0010614609345793724, -0.0015051893424242735, -0.004984296392649412, -0.00751841813325882, 0.03130289539694786, -0.013170171529054642, 0.0019553285092115402, -0.0017647426575422287], [0.0005996984546072781, -0.00300396210514009, 0.003109890501946211, -0.001406572526320815, 0.0022942752111703157, -0.0020016953349113464, -0.003447276074439287, 0.0017535393126308918, -0.003512907074764371, -0.013170171529054642, 0.030247658491134644, -0.009250964969396591, -0.001381944166496396], [-0.0006475542322732508, 0.004213929176330566, -0.0018957371357828379, 0.004088397137820721, -0.002561587607488036, 0.0021297018975019455, 0.0028540887869894505, -0.004951284732669592, -0.0017188371857628226, 0.0019553285092115402, -0.009250964969396591, 0.031323086470365524, -0.014445287175476551], [0.0006370745250023901, -0.002320201601833105, 0.004390782676637173, -0.0032688025385141373, 0.0038642152212560177, -0.0030195419676601887, 0.0019772807136178017, 0.0035277402494102716, -0.0011459478409960866, -0.0017647426575422287, -0.001381944166496396, -0.014445287175476551, 0.031211011111736298]], "lowlevel.mfcc.cov": [[2927.02685546875, -808.90576171875, 547.0385131835938, 83.69261932373047, 181.35887145996094, 26.828655242919922, -93.46463012695312, -119.11322021484375, -74.9713363647461, -182.958740234375, -146.86170959472656, -104.69419860839844, -149.76910400390625], [-808.90576171875, 932.8424682617188, -206.1782989501953, 1.2093632221221924, -19.065717697143555, -2.2964046001434326, 15.339912414550781, 6.096511363983154, -3.5873360633850098, 81.78389739990234, 45.93657302856445, 12.51402759552002, 24.436738967895508], [547.0385131835938, -206.1782989501953, 490.04486083984375, 61.06193542480469, 120.43563079833984, 37.975440979003906, -34.02007293701172, -30.14325714111328, -6.716501235961914, -64.14998626708984, -22.76601791381836, -6.7637553215026855, -66.72733306884766], [83.69261932373047, 1.2093632221221924, 61.06193542480469, 265.30718994140625, 33.554786682128906, 38.174217224121094, 28.41078758239746, 8.001916885375977, 17.87811851501465, 10.295770645141602, 3.3902978897094727, -6.754668235778809, -13.654430389404297], [181.35887145996094, -19.065717697143555, 120.43563079833984, 33.554786682128906, 149.38148498535156, 46.59125518798828, -10.974336624145508, 4.0206170082092285, 9.932953834533691, -27.90093421936035, -9.081472396850586, 12.045697212219238, -29.665143966674805], [26.828655242919922, -2.2964046001434326, 37.975440979003906, 38.174217224121094, 46.59125518798828, 107.17314910888672, 50.02668380737305, 26.43210220336914, 21.229084014892578, 13.36985969543457, 2.6272313594818115, 15.22370433807373, -3.0471603870391846], [-93.46463012695312, 15.339912414550781, -34.02007293701172, 28.41078758239746, -10.974336624145508, 50.02668380737305, 105.59208679199219, 50.23670959472656, 29.940975189208984, 53.809139251708984, 32.91971969604492, 21.804895401000977, 25.777448654174805], [-119.11322021484375, 6.096511363983154, -30.14325714111328, 8.001916885375977, 4.0206170082092285, 26.43210220336914, 50.23670959472656, 91.42626953125, 47.115943908691406, 43.114051818847656, 40.752262115478516, 35.01655578613281, 32.705631256103516], [-74.9713363647461, -3.5873360633850098, -6.716501235961914, 17.87811851501465, 9.932953834533691, 21.229084014892578, 29.940975189208984, 47.115943908691406, 69.76181030273438, 43.48396301269531, 33.43283462524414, 34.986148834228516, 26.420034408569336], [-182.958740234375, 81.78389739990234, -64.14998626708984, 10.295770645141602, -27.90093421936035, 13.36985969543457, 53.809139251708984, 43.114051818847656, 43.48396301269531, 101.92479705810547, 59.73448181152344, 37.42767333984375, 46.02696228027344], [-146.86170959472656, 45.93657302856445, -22.76601791381836, 3.3902978897094727, -9.081472396850586, 2.6272313594818115, 32.91971969604492, 40.752262115478516, 33.43283462524414, 59.73448181152344, 79.4588394165039, 53.47757339477539, 41.38689041137695], [-104.69419860839844, 12.51402759552002, -6.7637553215026855, -6.754668235778809, 12.045697212219238, 15.22370433807373, 21.804895401000977, 35.01655578613281, 34.986148834228516, 37.42767333984375, 53.47757339477539, 82.99951171875, 46.127193450927734], [-149.76910400390625, 24.436738967895508, -66.72733306884766, -13.654430389404297, -29.665143966674805, -3.0471603870391846, 25.777448654174805, 32.705631256103516, 26.420034408569336, 46.02696228027344, 41.38689041137695, 46.127193450927734, 78.3149642944336]], "lowlevel.mfcc.icov": [[0.0005881133256480098, 0.0004191173647996038, -0.0003414870298001915, -7.38717062631622e-05, -0.00043278225348331034, 5.1446055294945836e-05, -5.963389867247315e-06, 0.00030192939448170364, 0.00026930225430987775, -0.0001981076638912782, 0.00035561967524699867, 0.00027464135200716555, 7.991045276867226e-05], [0.0004191173647996038, 0.001626810641027987, 0.00036963506136089563, -0.00013756398402620107, -0.0007996780332177877, -0.00018540199380367994, 0.0004978841752745211, 0.0004204642027616501, 0.001036550267599523, -0.00152745156083256, -0.00031886104261502624, 0.00035569051397033036, 0.00044229053310118616], [-0.0003414870298001915, 0.00036963506136089563, 0.003388149430975318, -0.00037555251037701964, -0.0015002121217548847, -0.0005831384914927185, 0.000438628630945459, 0.0007675056695006788, -0.0004352946416474879, 0.0009253445896320045, -0.001701554050669074, -0.0004846324445679784, 0.001784772495739162], [-7.38717062631622e-05, -0.00013756398402620107, -0.00037555251037701964, 0.004285735078155994, -0.0004804820055142045, -0.0007475235033780336, -0.0010177051881328225, 0.0006236634217202663, -0.0012838296825066209, -0.00010787329665618017, -0.0007021181518211961, 0.0013528012204915285, 0.00026309388340450823], [-0.00043278225348331034, -0.0007996780332177877, -0.0015002121217548847, -0.0004804820055142045, 0.01166197843849659, -0.0043686265125870705, 0.0025536338798701763, -0.001717534614726901, -0.0019315261160954833, 0.0027396101504564285, 8.179748692782596e-05, -0.0037986033130437136, 0.003419731045141816], [5.1446055294945836e-05, -0.00018540199380367994, -0.0005831384914927185, -0.0007475235033780336, -0.0043686265125870705, 0.016578124836087227, -0.008555719628930092, -0.0006941482424736023, -0.001085422351025045, -0.0008234464330598712, 0.005507226567715406, -0.003507673041895032, 0.0016310365172103047], [-5.963389867247315e-06, 0.0004978841752745211, 0.000438628630945459, -0.0010177051881328225, 0.0025536338798701763, -0.008555719628930092, 0.020143063738942146, -0.006470725405961275, 0.002519965171813965, -0.006768175400793552, -0.001488508190959692, 0.0016271908534690738, -0.0003080367168877274], [0.00030192939448170364, 0.0004204642027616501, 0.0007675056695006788, 0.0006236634217202663, -0.001717534614726901, -0.0006941482424736023, -0.006470725405961275, 0.022260287776589394, -0.010092537850141525, 0.002462631557136774, -0.005522729363292456, 0.0011827957350760698, -0.0024557567667216063], [0.00026930225430987775, 0.001036550267599523, -0.0004352946416474879, -0.0012838296825066209, -0.0019315261160954833, -0.001085422351025045, 0.002519965171813965, -0.010092537850141525, 0.028828799724578857, -0.009803852066397667, 0.0025588618591427803, -0.005253599490970373, -1.3286977264215238e-05], [-0.0001981076638912782, -0.00152745156083256, 0.0009253445896320045, -0.00010787329665618017, 0.0027396101504564285, -0.0008234464330598712, -0.006768175400793552, 0.002462631557136774, -0.009803852066397667, 0.028030510991811752, -0.014494525268673897, 0.004049527458846569, -0.0048194704577326775], [0.00035561967524699867, -0.00031886104261502624, -0.001701554050669074, -0.0007021181518211961, 8.179748692782596e-05, 0.005507226567715406, -0.001488508190959692, -0.005522729363292456, 0.0025588618591427803, -0.014494525268673897, 0.03717038780450821, -0.01647105999290943, -3.755942452698946e-05], [0.00027464135200716555, 0.00035569051397033036, -0.0004846324445679784, 0.0013528012204915285, -0.0037986033130437136, -0.003507673041895032, 0.0016271908534690738, 0.0011827957350760698, -0.005253599490970373, 0.004049527458846569, -0.01647105999290943, 0.03047112748026848, -0.01221832912415266], [7.991045276867226e-05, 0.00044229053310118616, 0.001784772495739162, 0.00026309388340450823, 0.003419731045141816, 0.0016310365172103047, -0.0003080367168877274, -0.0024557567667216063, -1.3286977264215238e-05, -0.0048194704577326775, -3.755942452698946e-05, -0.01221832912415266, 0.02688947319984436]], "metadata.audio_properties.analysis.downmix": "mix", "metadata.audio_properties.codec": "mp3", "metadata.audio_properties.md5_encoded": "b3a668b85dac1b113deb756a8b94a488", "metadata.tags.file_name": "1183718459121606676.mp3", "metadata.version.essentia": "2.1-beta6-dev", "metadata.version.essentia_git_sha": "v2.1_beta5-1110-g77a6a954", "metadata.version.extractor": "music 2.0", "tonal.chords_key": "Eb", "tonal.chords_scale": "minor", "tonal.key_edma.key": "F#", "tonal.key_edma.scale": "major", "tonal.key_krumhansl.key": "F#", "tonal.key_krumhansl.scale": "major", "tonal.key_temperley.key": "F#", "tonal.key_temperley.scale": "major", "metadata.tags.encoding": ["Lavf58.45.100"]}, "essentia_models": [{"model_name": "genre_dortmund", "activations": {"alternative": "0.006762805", "blues": "0.0002017758", "electronic": "0.7142105", "folkcountry": "0.00072549656", "funksoulrnb": "0.010980714", "jazz": "0.0012364596", "pop": "0.05575371", "raphiphop": "0.056189347", "rock": "0.05003358"}}, {"model_name": "genre_rosamerica", "activations": {"classic": "0.0052798544", "dance": "0.59230226", "hip hop": "0.22632347", "jazz": "0.003912374", "pop": "0.027179657", "rhythm and blues": "0.0030484444", "rock": "0.045813154", "speech": "0.0043696873"}}, {"model_name": "genre_tzanetakis", "activations": {"blues": "3.755772e-05", "classic": "0.0007562093", "country": "0.0006508