{"song_id": "1183699859539234896", "download": "https://cdn.discordapp.com/attachments/1135911532732108921/1183699859539234896/chirp.mp4?ex=65894966&amp", "lyrics": "was f\u00fcr skinny das eine normale brakka nvou\nwas f\u00fcr skinny mit eingebauter leggins ohne jeans\ndas nicht skinny das ist herr rollhausers hose", "style": ["opera choir"], "essentia_features": {"lowlevel.average_loudness": 0.8368223309516907, "lowlevel.barkbands_crest.mean": 18.32980728149414, "lowlevel.barkbands_crest.stdev": 4.5948262214660645, "lowlevel.barkbands_flatness_db.mean": 0.31223180890083313, "lowlevel.barkbands_flatness_db.stdev": 0.09827446192502975, "lowlevel.barkbands_kurtosis.mean": 78.43012237548828, "lowlevel.barkbands_kurtosis.stdev": 79.81901550292969, "lowlevel.barkbands_skewness.mean": 6.247680187225342, "lowlevel.barkbands_skewness.stdev": 3.51775860786438, "lowlevel.barkbands_spread.mean": 4.291325092315674, "lowlevel.barkbands_spread.stdev": 7.068859100341797, "lowlevel.dissonance.mean": 0.4638533294200897, "lowlevel.dissonance.stdev": 0.039921924471855164, "lowlevel.dynamic_complexity": 4.716698169708252, "lowlevel.erbbands_crest.mean": 8.66228199005127, "lowlevel.erbbands_crest.stdev": 3.554401397705078, "lowlevel.erbbands_flatness_db.mean": 0.1582649052143097, "lowlevel.erbbands_flatness_db.stdev": 0.07128303498029709, "lowlevel.erbbands_kurtosis.mean": 3.474940061569214, "lowlevel.erbbands_kurtosis.stdev": 5.844191074371338, "lowlevel.erbbands_skewness.mean": 1.3663489818572998, "lowlevel.erbbands_skewness.stdev": 1.255473017692566, "lowlevel.erbbands_spread.mean": 56.7227783203125, "lowlevel.erbbands_spread.stdev": 35.80608367919922, "lowlevel.hfc.mean": 14.403769493103027, "lowlevel.hfc.stdev": 12.453917503356934, "lowlevel.loudness_ebu128.integrated": -18.789342880249023, "lowlevel.loudness_ebu128.loudness_range": 4.96063232421875, "lowlevel.loudness_ebu128.momentary.mean": -21.968515396118164, "lowlevel.loudness_ebu128.momentary.stdev": 6.062939167022705, "lowlevel.loudness_ebu128.short_term.mean": -20.00154685974121, "lowlevel.loudness_ebu128.short_term.stdev": 1.8323695659637451, "lowlevel.melbands_crest.mean": 24.747909545898438, "lowlevel.melbands_crest.stdev": 6.5072245597839355, "lowlevel.melbands_flatness_db.mean": 0.42215776443481445, "lowlevel.melbands_flatness_db.stdev": 0.11294522881507874, "lowlevel.melbands_kurtosis.mean": 164.77423095703125, "lowlevel.melbands_kurtosis.stdev": 173.91033935546875, "lowlevel.melbands_skewness.mean": 8.060063362121582, "lowlevel.melbands_skewness.stdev": 5.0106987953186035, "lowlevel.melbands_spread.mean": 2.990355968475342, "lowlevel.melbands_spread.stdev": 8.110944747924805, "lowlevel.pitch_salience.mean": 0.37312158942222595, "lowlevel.pitch_salience.stdev": 0.1454104483127594, "lowlevel.silence_rate_20dB.mean": 0.8783314228057861, "lowlevel.silence_rate_20dB.stdev": 0.32690176367759705, "lowlevel.silence_rate_30dB.mean": 0.4420625865459442, "lowlevel.silence_rate_30dB.stdev": 0.49663421511650085, "lowlevel.silence_rate_60dB.mean": 0.05040556192398071, "lowlevel.silence_rate_60dB.stdev": 0.21878013014793396, "lowlevel.spectral_centroid.mean": 613.62109375, "lowlevel.spectral_centroid.stdev": 539.0617065429688, "lowlevel.spectral_complexity.mean": 7.595017433166504, "lowlevel.spectral_complexity.stdev": 5.627789497375488, "lowlevel.spectral_decrease.mean": -4.021358535055697e-08, "lowlevel.spectral_decrease.stdev": 4.178703250090621e-08, "lowlevel.spectral_energy.mean": 0.1530817300081253, "lowlevel.spectral_energy.stdev": 0.15875153243541718, "lowlevel.spectral_energyband_high.mean": 0.00028477393789216876, "lowlevel.spectral_energyband_high.stdev": 0.00031502702040597796, "lowlevel.spectral_energyband_low.mean": 0.14102037250995636, "lowlevel.spectral_energyband_low.stdev": 0.15311726927757263, "lowlevel.spectral_energyband_middle_high.mean": 0.0006007876945659518, "lowlevel.spectral_energyband_middle_high.stdev": 0.0007117086788639426, "lowlevel.spectral_energyband_middle_low.mean": 0.014299731701612473, "lowlevel.spectral_energyband_middle_low.stdev": 0.016211112961173058, "lowlevel.spectral_entropy.mean": 7.001041412353516, "lowlevel.spectral_entropy.stdev": 0.8159605264663696, "lowlevel.spectral_flux.mean": 0.15548154711723328, "lowlevel.spectral_flux.stdev": 0.11605025827884674, "lowlevel.spectral_kurtosis.mean": 9.4112548828125, "lowlevel.spectral_kurtosis.stdev": 15.113564491271973, "lowlevel.spectral_rms.mean": 0.010456234216690063, "lowlevel.spectral_rms.stdev": 0.006325754802674055, "lowlevel.spectral_rolloff.mean": 199.62315368652344, "lowlevel.spectral_rolloff.stdev": 690.3159790039062, "lowlevel.spectral_skewness.mean": 1.9432947635650635, "lowlevel.spectral_skewness.stdev": 1.2972817420959473, "lowlevel.spectral_spread.mean": 4392143.0, "lowlevel.spectral_spread.stdev": 1532844.75, "lowlevel.spectral_strongpeak.mean": 0.6338266134262085, "lowlevel.spectral_strongpeak.stdev": 0.4591657519340515, "lowlevel.zerocrossingrate.mean": 0.015484965406358242, "lowlevel.zerocrossingrate.stdev": 0.029668238013982773, "metadata.audio_properties.analysis.equal_loudness": 0.0, "metadata.audio_properties.analysis.length": 40.04265213012695, "metadata.audio_properties.analysis.sample_rate": 44100.0, "metadata.audio_properties.analysis.start_time": 0.0, "metadata.audio_properties.bit_rate": 112216.0, "metadata.audio_properties.length": 40.042667388916016, "metadata.audio_properties.lossless": 0.0, "metadata.audio_properties.number_channels": 1.0, "metadata.audio_properties.replay_gain": -3.4169139862060547, "metadata.audio_properties.sample_rate": 48000.0, "rhythm.beats_count": 79.0, "rhythm.beats_loudness.mean": 0.16176439821720123, "rhythm.beats_loudness.stdev": 0.1664542853832245, "rhythm.bpm": 117.76818084716797, "rhythm.bpm_histogram_first_peak_bpm": 117.0, "rhythm.bpm_histogram_first_peak_weight": 0.4642857313156128, "rhythm.bpm_histogram_second_peak_bpm": 110.0, "rhythm.bpm_histogram_second_peak_spread": 0.444444477558136, "rhythm.bpm_histogram_second_peak_weight": 0.12820513546466827, "rhythm.danceability": 0.92364501953125, "rhythm.onset_rate": 0.998641312122345, "tonal.chords_changes_rate": 0.03125, "tonal.chords_number_rate": 0.0034722222480922937, "tonal.chords_strength.mean": 0.6654564142227173, "tonal.chords_strength.stdev": 0.0785311609506607, "tonal.hpcp_crest.mean": 9.57278823852539, "tonal.hpcp_crest.stdev": 4.080075263977051, "tonal.hpcp_entropy.mean": 2.7608754634857178, "tonal.hpcp_entropy.stdev": 0.7429729104042053, "tonal.key_edma.strength": 0.6233770847320557, "tonal.key_krumhansl.strength": 0.6318453550338745, "tonal.key_temperley.strength": 0.641802191734314, "tonal.tuning_diatonic_strength": 0.645002543926239, "tonal.tuning_equal_tempered_deviation": 0.24005554616451263, "tonal.tuning_frequency": 434.193115234375, "tonal.tuning_nontempered_energy_ratio": 0.8802361488342285, "lowlevel.barkbands.mean": [0.00887309666723013, 0.11375574767589569, 0.015275386162102222, 0.007856541313230991, 0.00496136536821723, 0.0010945198591798544, 0.0002218490553786978, 9.59260287345387e-05, 5.5538715969305485e-05, 4.198822352918796e-05, 4.47780366812367e-05, 6.016875704517588e-05, 4.020026244688779e-05, 4.145961793255992e-05, 5.0138212827732787e-05, 5.377160050556995e-05, 8.170104410964996e-05, 6.589321856154129e-05, 8.115542732411996e-05, 8.860391972120851e-05, 8.183228055713698e-05, 6.703625695081428e-05, 4.684659870690666e-05, 2.914062497438863e-05, 1.2313118531892542e-05, 4.632307991414564e-06, 3.1840079373068875e-07], "lowlevel.barkbands.stdev": [0.013663592748343945, 0.1328684538602829, 0.021416204050183296, 0.010388834401965141, 0.008401677012443542, 0.0017298974562436342, 0.0003824442974291742, 0.00028625575941987336, 0.00011452932085376233, 7.09603846189566e-05, 7.387638470390812e-05, 8.356175385415554e-05, 6.396674871211872e-05, 6.0197686252649873e-05, 6.942388426978141e-05, 7.635348447365686e-05, 0.0001134490012191236, 8.761796198086813e-05, 0.00010470861161593348, 0.00010241433483315632, 9.259895887225866e-05, 7.832054689060897e-05, 5.5637487093918025e-05, 3.7872654502280056e-05, 2.0187948393868282e-05, 6.453307378251338e-06, 4.266963742338703e-07], "lowlevel.erbbands.mean": [5.14096212387085, 18.21240997314453, 20.021183013916016, 19.809202194213867, 21.73358726501465, 17.691713333129883, 9.772674560546875, 8.640718460083008, 3.4955363273620605, 2.727409601211548, 1.7867664098739624, 1.286723256111145, 1.3097482919692993, 1.4410196542739868, 2.297367572784424, 2.2193918228149414, 1.883023738861084, 2.0376436710357666, 2.5352656841278076, 2.669063091278076, 3.190014362335205, 4.750299453735352, 3.633556604385376, 4.173457622528076, 4.015294551849365, 4.203186511993408, 3.732231378555298, 2.773402452468872, 2.501908779144287, 1.9631454944610596, 1.206714391708374, 0.7566413283348083, 0.39581769704818726, 0.1791539341211319, 0.061462901532649994, 0.022150380536913872, 0.008824948221445084, 0.0015859614359214902, 0.00010459469194756821, 0.00016715965466573834], "lowlevel.erbbands.stdev": [6.493080139160156, 20.685928344726562, 25.673391342163086, 23.310516357421875, 25.60881805419922, 32.3924674987793, 17.389793395996094, 13.42391300201416, 5.459871292114258, 6.646241664886475, 4.6229705810546875, 2.776913642883301, 2.311058759689331, 2.3297855854034424, 3.42445707321167, 3.1320278644561768, 2.9621005058288574, 2.979783535003662, 3.3404431343078613, 3.712780714035034, 4.536006927490234, 6.525989532470703, 4.722432613372803, 5.550343990325928, 4.8982062339782715, 4.851869106292725, 4.229623794555664, 3.1728405952453613, 2.9367613792419434, 2.3470406532287598, 1.4389032125473022, 0.9462321996688843, 0.5619809031486511, 0.3009704053401947, 0.0948018878698349, 0.03326583653688431, 0.012710832059383392, 0.0019607688300311565, 9.162103378912434e-05, 0.00017189348000101745], "lowlevel.gfcc.mean": [-71.556396484375, 126.46910095214844, -59.08656311035156, 71.73969268798828, -26.817888259887695, 15.033596992492676, -17.55345344543457, -1.3388550281524658, -14.650883674621582, 1.6851282119750977, -3.7273740768432617, 1.5594093799591064, -3.1683735847473145], "lowlevel.melbands.mean": [0.03767802193760872, 0.01376174483448267, 0.0036651885602623224, 0.0014886525459587574, 0.0003873250097967684, 0.00019331554358359426, 4.938588972436264e-05, 2.8053031201125123e-05, 1.3312747796589974e-05, 7.716046638961416e-06, 6.403897714335471e-06, 5.605506885331124e-06, 6.9606967372237705e-06, 7.54390975998831e-06, 4.22144194089924e-06, 4.001165507361293e-06, 3.7550182696577394e-06, 3.975514118792489e-06, 3.7424044876388507e-06, 3.5569116789702093e-06, 3.757006879823166e-06, 4.860158242081525e-06, 4.113454451726284e-06, 2.960557822007104e-06, 3.4384686387056718e-06, 2.9364580313995248e-06, 3.103505150647834e-06, 2.6502200398681452e-06, 2.4578985176049173e-06, 1.923630406963639e-06, 1.4594340882467804e-06, 1.454802031730651e-06, 1.22279925562907e-06, 1.0419719274068484e-06, 7.264312671395601e-07, 5.116077090860927e-07, 4.4743919147549605e-07, 3.0600114087064867e-07, 1.9724259914255526e-07, 1.3270110343910346e-07], "lowlevel.melbands.stdev": [0.04538124054670334, 0.014764336869120598, 0.004230679478496313, 0.002242508577182889, 0.0006805714801885188, 0.00030116771813482046, 8.143708691932261e-05, 7.266985630849376e-05, 3.3860291296150535e-05, 1.6282559954561293e-05, 1.136956416303292e-05, 9.305545972893015e-06, 1.0753138667496387e-05, 1.0724538697104435e-05, 6.1622940847883e-06, 6.512451363960281e-06, 5.673109626513906e-06, 5.330816748028155e-06, 5.294751645124052e-06, 5.0794224080163985e-06, 5.598348252533469e-06, 6.934448720130604e-06, 5.435862476588227e-06, 4.0618992898089346e-06, 4.711328983830754e-06, 3.870019099849742e-06, 3.799868181886268e-06, 3.1246238449966768e-06, 2.8514070891105803e-06, 2.2436420294980053e-06, 1.7421167513020919e-06, 1.7420369431420113e-06, 1.473877887292474e-06, 1.2805572850993485e-06, 8.813506156002404e-07, 6.445643521146849e-07, 5.802086775474891e-07, 4.3292715190546005e-07, 3.469268676781212e-07, 2.2676519506603654e-07], "lowlevel.melbands128.mean": [0.008512324653565884, 0.046421635895967484, 0.049518343061208725, 0.022768383845686913, 0.011531868949532509, 0.006246023811399937, 0.0036824499256908894, 0.004189185332506895, 0.0015576198929920793, 0.0019034079741686583, 0.0008390808943659067, 0.0003387211181689054, 0.000262148940237239, 0.00041625642916187644, 0.00024709542049095035, 4.31167172791902e-05, 3.8750938983866945e-05, 6.746403960278258e-05, 3.756098885787651e-05, 2.8700747861876152e-05, 2.5193396140821278e-05, 1.8081926100421697e-05, 1.0593136721581686e-05, 9.951319043466356e-06, 8.740084012970328e-06, 6.014493465045234e-06, 7.3727237577259075e-06, 6.65593415760668e-06, 5.467763912747614e-06, 5.441103439807193e-06, 5.65219716008869e-06, 5.792773208668223e-06, 6.645026587648317e-06, 7.774156074447092e-06, 9.465112270845566e-06, 7.233711585286073e-06, 5.114559371577343e-06, 3.5536102132027736e-06, 4.074625394423492e-06, 4.407254891702905e-06, 3.928476417058846e-06, 3.563886593838106e-06, 3.840355930151418e-06, 3.6052672385267215e-06, 4.0243053263111506e-06, 3.590200549297151e-06, 4.708530923380749e-06, 3.8334965211106464e-06, 3.193749989804928e-06, 3.7302409054973396e-06, 3.4811453133443138e-06, 3.6495989661489148e-06, 3.438898147578584e-06, 3.833352366200415e-06, 4.319470463087782e-06, 4.485315457714023e-06, 6.338827915897127e-06, 4.469878604140831e-06, 3.516484866850078e-06, 2.7471346584206913e-06, 2.7701480576070026e-06, 3.245996367695625e-06, 3.41517534252489e-06, 3.6948231354472227e-06, 3.0926273666409543e-06, 3.1372580906463554e-06, 2.5695421754790004e-06, 2.5915526293829316e-06, 3.682565420604078e-06, 3.322852990095271e-06, 2.447473889333196e-06, 2.409691205684794e-06, 2.3934496766742086e-06, 2.822976057359483e-06, 2.0062498151673935e-06, 1.9435217382124392e-06, 1.939637741088518e-06, 1.6292093505398952e-06, 1.3457504337566206e-06, 1.2651363476834376e-06, 1.5578483498757123e-06, 1.5853180457270355e-06, 1.2019135056107189e-06, 1.2317690334384679e-06, 1.141402321991336e-06, 1.159599037237058e-06, 9.470431336922047e-07, 9.228098178937216e-07, 6.563035412909812e-07, 6.883757350806263e-07, 5.542814847103728e-07, 4.1969212816184154e-07, 5.007877348361944e-07, 4.699213036474248e-07, 3.952445126742532e-07, 4.0035934034676757e-07, 2.865067472157534e-07, 1.7767538906809932e-07, 2.1511068837298808e-07, 2.014509306036416e-07, 1.4145382465358125e-07, 1.3701816214961582e-07, 9.863445171731655e-08, 7.307068017325946e-08, 5.754713328087746e-08, 5.8643763622967526e-08, 6.463429969016943e-08, 4.497881178622265e-08, 2.971457213618578e-08, 3.1321501836600874e-08, 2.5142252724208447e-08, 2.8640126714662983e-08, 3.2591977117135684e-08, 2.7481158682007845e-08, 1.9522920169379177e-08, 1.7868234891693646e-08, 1.2040483277075964e-08, 1.864573162535521e-09, 2.752612374146146e-11, 2.6778416289952034e-11, 2.6143105041898096e-11, 2.563149865963954e-11, 2.497705688109253e-11, 2.446006244771759e-11, 2.3843354374220027e-11, 2.3152231867773487e-11, 2.2775675442843202e-11, 2.266429752206811e-11], "lowlevel.melbands128.stdev": [0.013193243183195591, 0.061299435794353485, 0.05977212265133858, 0.026174722239375114, 0.015178737230598927, 0.008744758553802967, 0.004517828114330769, 0.005615237168967724, 0.00192200334277004, 0.0037778306286782026, 0.0016082400688901544, 0.0007478069746866822, 0.0005582847516052425, 0.0007090696599334478, 0.0004045162058901042, 6.908641807967797e-05, 5.6448923714924604e-05, 0.0001390412071486935, 6.909910007379949e-05, 9.536447760183364e-05, 8.845120464684442e-05, 5.3788142395205796e-05, 3.0410914405365475e-05, 2.4980761736514978e-05, 2.243316703243181e-05, 1.4947526324249338e-05, 1.4771480891795363e-05, 1.3432259038381744e-05, 1.1070627806475386e-05, 1.1394597095204517e-05, 1.0234010915155523e-05, 1.00518363979063e-05, 1.2336389772826806e-05, 1.3798533473163843e-05, 1.4824382560618687e-05, 1.2051291378156748e-05, 8.722899110580329e-06, 5.70796419196995e-06, 7.099652520992095e-06, 8.676509423821699e-06, 7.962848940223921e-06, 5.861278623342514e-06, 7.004535746091278e-06, 6.561984719155589e-06, 6.559544544870732e-06, 5.6261446843564045e-06, 8.002258255146444e-06, 6.115020823926898e-06, 5.364285243558697e-06, 6.26212704446516e-06, 5.751652679464314e-06, 6.244109499675687e-06, 5.901580152567476e-06, 6.583537015103502e-06, 7.695394742768258e-06, 7.538808858953416e-06, 1.0169406778004486e-05, 6.746845429006498e-06, 5.426000825536903e-06, 4.3407058001321275e-06, 4.510116468736669e-06, 5.01048771184287e-06, 5.400001555244671e-06, 5.711916401196504e-06, 4.679690391640179e-06, 4.848573553317692e-06, 3.566276063793339e-06, 3.540272700774949e-06, 5.130064892000519e-06, 4.512384748522891e-06, 3.3196631648024777e-06, 3.197764499418554e-06, 3.0927653824619483e-06, 3.6347503282740945e-06, 2.6735965548141394e-06, 2.5506765268801246e-06, 2.5430156256334158e-06, 2.1187383936194237e-06, 1.866418983809126e-06, 1.6577997712374781e-06, 2.052794116025325e-06, 2.094072897307342e-06, 1.5657794847356854e-06, 1.6093059684862965e-06, 1.5450601722477586e-06, 1.6019297390812426e-06, 1.2615968216778128e-06, 1.2601913113030605e-06, 8.688143680046778e-07, 9.325564178652712e-07, 7.790076779201627e-07, 5.950787453912199e-07, 7.140839670682908e-07, 6.576738655894587e-07, 5.644113798553008e-07, 6.154529614832427e-07, 4.615875468516606e-07, 2.899538174006011e-07, 4.245742672992492e-07, 3.943597448596847e-07, 2.50755789465984e-07, 2.665353520114877e-07, 1.6559954474359984e-07, 1.291811457804215e-07, 1.0336383127196314e-07, 1.03110330940126e-07, 1.149224786445302e-07, 7.307436789005806e-08, 5.3174655789689496e-08, 5.244734424536546e-08, 4.494480165817549e-08, 5.469713926231634e-08, 4.7166615502192144e-08, 4.210362192225148e-08, 2.948017119308588e-08, 2.4362140749190075e-08, 1.5924516816312462e-08, 2.9237017251659836e-09, 4.9985290212495315e-11, 4.8115910561419284e-11, 4.649193877104274e-11, 4.5056795100473224e-11, 4.352888188785542e-11, 4.2245491826964354e-11, 4.127839042800119e-11, 4.055760588483892e-11, 4.0116566318859626e-11, 3.9954779068596125e-11], "lowlevel.mfcc.mean": [-726.0092163085938, 143.36572265625, 41.19784164428711, 64.24110412597656, 23.839319229125977, 28.964839935302734, 13.625783920288086, 9.734612464904785, 1.2118244171142578, 3.343201160430908, 0.2522777318954468, 4.532782077789307, 4.295224666595459], "lowlevel.spectral_contrast_coeffs.mean": [-0.7351338267326355, -0.7893966436386108, -0.8520905375480652, -0.8579859137535095, -0.8449565172195435, -0.745491623878479], "lowlevel.spectral_contrast_coeffs.stdev": [0.0670166164636612, 0.0555834136903286, 0.027034834027290344, 0.024252677336335182, 0.023487500846385956, 0.0406607985496521], "lowlevel.spectral_contrast_valleys.mean": [-5.872838020324707, -7.5430378913879395, -8.24174690246582, -8.47951889038086, -8.215230941772461, -11.423410415649414], "lowlevel.spectral_contrast_valleys.stdev": [0.9792979955673218, 0.844750702381134, 0.8727414011955261, 1.023260474205017, 1.330281138420105, 1.7955589294433594], "rhythm.beats_loudness_band_ratio.mean": [0.9265150427818298, 0.06483537703752518, 0.007003983482718468, 0.002170120133087039, 0.003930345177650452, 0.004728829488158226], "rhythm.beats_loudness_band_ratio.stdev": [0.11088813841342926, 0.10003533959388733, 0.014951366931200027, 0.00328044593334198, 0.009930339641869068, 0.009381365031003952], "tonal.hpcp.mean": [0.3240413963794708, 0.3214435279369354, 0.14713189005851746, 0.06708235293626785, 0.04876243323087692, 0.04535971209406853, 0.03767410293221474, 0.028973596170544624, 0.03422152251005173, 0.03833505138754845, 0.03471115976572037, 0.03376508504152298, 0.03311264142394066, 0.02753688022494316, 0.018214324489235878, 0.014072318561375141, 0.017829813063144684, 0.016228768974542618, 0.012811017222702503, 0.013005389831960201, 0.03215472400188446, 0.14034968614578247, 0.15921029448509216, 0.06893057376146317, 0.05067622661590576, 0.05378345027565956, 0.053504977375268936, 0.06435871869325638, 0.07534579932689667, 0.06807912141084671, 0.059316348284482956, 0.07576661556959152, 0.1105489581823349, 0.16364425420761108, 0.21859723329544067, 0.2271498441696167], "tonal.hpcp.stdev": [0.35480064153671265, 0.36462512612342834, 0.2772897481918335, 0.2004348486661911, 0.18013004958629608, 0.17280098795890808, 0.1575491577386856, 0.13404466211795807, 0.14809958636760712, 0.15923947095870972, 0.15554535388946533, 0.1465444564819336, 0.1391052007675171, 0.11962708830833435, 0.09691368788480759, 0.07217268645763397, 0.09566673636436462, 0.0869794487953186, 0.08172707259654999, 0.08012406527996063, 0.08728291839361191, 0.20765213668346405, 0.23914194107055664, 0.1770106852054596, 0.17239052057266235, 0.18879029154777527, 0.18791784346103668, 0.21527434885501862, 0.23318453133106232, 0.21409174799919128, 0.19293977320194244, 0.22637543082237244, 0.2701880633831024, 0.31931233406066895, 0.3549811840057373, 0.3279341459274292], "rhythm.beats_position": [0.4876190423965454, 0.9752380847930908, 1.4628571271896362, 1.9504761695861816, 2.426485300064087, 2.9141042232513428, 3.4133331775665283, 3.9009523391723633, 4.388571262359619, 4.876190185546875, 5.363809585571289, 5.874648571014404, 6.37387752532959, 6.873106479644775, 7.383945465087891, 7.894784450531006, 8.405623435974121, 8.916461944580078, 9.438911437988281, 9.961359977722168, 10.472199440002441, 10.983037948608398, 11.505487442016602, 12.004715919494629, 12.503945350646973, 13.003174781799316, 13.514013290405273, 14.013242721557617, 14.512471199035645, 15.034920692443848, 15.545759201049805, 16.068208694458008, 16.60226821899414, 17.14793586730957, 17.693605422973633, 18.239274978637695, 18.784942626953125, 19.330612182617188, 19.87628173828125, 20.41033935546875, 20.967618942260742, 21.513288497924805, 22.070566177368164, 22.616235733032227, 23.16190528869629, 23.70757293701172, 24.26485252380371, 24.82213020324707, 25.379409790039062, 25.936689376831055, 26.505577087402344, 26.981586456298828, 27.445985794067383, 27.887165069580078, 28.328344345092773, 28.804353713989258, 29.257143020629883, 29.709932327270508, 30.17432975769043, 30.627119064331055, 31.09151840209961, 31.602357864379883, 32.113197326660156, 32.6240348815918, 33.1348762512207, 33.645713806152344, 34.156551361083984, 34.62095260620117, 35.085350036621094, 35.53813934326172, 35.990928649902344, 36.45532989501953, 36.91972732543945, 37.360904693603516, 37.802085876464844, 38.27809524536133, 38.75410461425781, 39.2301139831543, 39.70612335205078], "rhythm.bpm_histogram": [0.0, 0.0, 0.0, 0.0, 0.0, 0.0, 0.0, 0.0, 0.0, 0.0, 0.0, 0.0, 0.0, 0.0, 0.0, 0.0, 0.0, 0.0, 0.0, 0.0, 0.0, 0.0, 0.0, 0.0, 0.0, 0.0, 0.0, 0.0, 0.0, 0.0, 0.0, 0.0, 0.0, 0.0, 0.0, 0.0, 0.0, 0.0, 0.0, 0.0, 0.0, 0.0, 0.0, 0.0, 0.0, 0.0, 0.0, 0.0, 0.0, 0.0, 0.0, 0.0, 0.0, 0.0, 0.0, 0.0, 0.0, 0.0, 0.0, 0.0, 0.0, 0.0, 0.0, 0.0, 0.0, 0.0, 0.0, 0.0, 0.0, 0.0, 0.0, 0.0, 0.0, 0.0, 0.0, 0.0, 0.0, 0.0, 0.0, 0.0, 0.0, 0.0, 0.0, 0.0, 0.0, 0.0, 0.0, 0.0, 0.0, 0.0, 0.0, 0.0, 0.0, 0.0, 0.0, 0.0, 0.0, 0.0, 0.0, 0.0, 0.0, 0.0, 0.0, 0.0, 0.0, 0.012820512987673283, 0.0, 0.0, 0.07692307978868484, 0.0, 0.12820513546466827, 0.0, 0.025641025975346565, 0.0, 0.0, 0.06410256773233414, 0.0, 0.19230769574642181, 0.0, 0.0, 0.10256410390138626, 0.0, 0.0, 0.10256410390138626, 0.0, 0.0, 0.08974359184503555, 0.0, 0.0, 0.08974359184503555, 0.0, 0.0, 0.0, 0.06410256773233414, 0.0, 0.0, 0.05128205195069313, 0.0, 0.0, 0.0, 0.0, 0.0, 0.0, 0.0, 0.0, 0.0, 0.0, 0.0, 0.0, 0.0, 0.0, 0.0, 0.0, 0.0, 0.0, 0.0, 0.0, 0.0, 0.0, 0.0, 0.0, 0.0, 0.0, 0.0, 0.0, 0.0, 0.0, 0.0, 0.0, 0.0, 0.0, 0.0, 0.0, 0.0, 0.0, 0.0, 0.0, 0.0, 0.0, 0.0, 0.0, 0.0, 0.0, 0.0, 0.0, 0.0, 0.0, 0.0, 0.0, 0.0, 0.0, 0.0, 0.0, 0.0, 0.0, 0.0, 0.0, 0.0, 0.0, 0.0, 0.0, 0.0, 0.0, 0.0, 0.0, 0.0, 0.0, 0.0, 0.0, 0.0, 0.0, 0.0, 0.0, 0.0, 0.0, 0.0, 0.0, 0.0, 0.0, 0.0, 0.0, 0.0, 0.0, 0.0, 0.0, 0.0, 0.0, 0.0, 0.0, 0.0, 0.0, 0.0, 0.0, 0.0, 0.0, 0.0, 0.0, 0.0, 0.0, 0.0, 0.0, 0.0, 0.0, 0.0, 0.0, 0.0, 0.0, 0.0, 0.0, 0.0], "tonal.chords_histogram": [77.77777862548828, 18.40277862548828, 0.0, 0.0, 0.0, 0.0, 0.0, 0.0, 0.0, 0.0, 0.3472222089767456, 0.0, 0.0, 0.0, 0.0, 0.0, 0.0, 3.2407407760620117, 0.0, 0.0, 0.0, 0.0, 0.0, 0.23148147761821747], "tonal.thpcp": [1.0, 0.9919829368591309, 0.45405274629592896, 0.20701785385608673, 0.15048210322856903, 0.1399812251329422, 0.1162632405757904, 0.08941325545310974, 0.1056084930896759, 0.11830294132232666, 0.10711952298879623, 0.10419990867376328, 0.10218645632266998, 0.08497951179742813, 0.05620986968278885, 0.04342753440141678, 0.055023256689310074, 0.05008239299058914, 0.039535123854875565, 0.040134962648153305, 0.09923029690980911, 0.4331226944923401, 0.4913270175457001, 0.21272151172161102, 0.15638811886310577, 0.1659770905971527, 0.16511772572994232, 0.19861264526844025, 0.23251906037330627, 0.2100939005613327, 0.18305176496505737, 0.2338177114725113, 0.34115689992904663, 0.5050103068351746, 0.6745966076850891, 0.7009902000427246], "lowlevel.gfcc.cov": [[13002.9560546875, -3766.481689453125, -408.0276794433594, 2014.8232421875, -765.8966674804688, 1280.4832763671875, -537.7495727539062, 643.2074584960938, -243.16851806640625, -77.45738220214844, -511.5879821777344, 168.58493041992188, -386.8822937011719], [-3766.481689453125, 2900.913818359375, 255.3214111328125, -864.6466064453125, 538.9999389648438, -852.9085693359375, 432.9978942871094, -619.0661010742188, 177.0156707763672, -97.18974304199219, 333.5679016113281, -194.47726440429688, 286.4678649902344], [-408.0276794433594, 255.3214111328125, 478.5014343261719, -19.966150283813477, 98.99227905273438, -11.377310752868652, 66.19085693359375, -37.24348449707031, 12.434585571289062, -6.660386562347412, 35.1360969543457, -19.00235939025879, 32.862091064453125], [2014.8232421875, -864.6466064453125, -19.966150283813477, 560.1734008789062, -126.49919128417969, 299.6268310546875, -66.64909362792969, 137.8283233642578, -15.133437156677246, -36.075130462646484, -83.7677230834961, -4.1985907554626465, -63.74116897583008], [-765.8966674804688, 538.9999389648438, 98.99227905273438, -126.49919128417969, 246.07318115234375, -114.01465606689453, 135.7515869140625, -88.48170471191406, 61.259700775146484, -6.961651802062988, 82.54829406738281, -41.93171310424805, 70.7539291381836], [1280.4832763671875, -852.9085693359375, -11.377310752868652, 299.6268310546875, -114.01465606689453, 326.17681884765625, -67.3047866821289, 205.32620239257812, -30.969552993774414, 20.66143035888672, -92.281982421875, 36.22725296020508, -80.83856201171875], [-537.7495727539062, 432.9978942871094, 66.19085693359375, -66.64909362792969, 135.7515869140625, -67.3047866821289, 185.3538818359375, -64.18450927734375, 82.17036437988281, -17.32431983947754, 69.67135620117188, -56.703460693359375, 53.509544372558594], [643.2074584960938, -619.0661010742188, -37.24348449707031, 137.8283233642578, -88.48170471191406, 205.32620239257812, -64.18450927734375, 196.81153869628906, -15.224526405334473, 42.533756256103516, -66.52458190917969, 45.11211395263672, -60.6787223815918], [-243.16851806640625, 177.0156707763672, 12.434585571289062, -15.133437156677246, 61.259700775146484, -30.969552993774414, 82.17036437988281, -15.224526405334473, 76.696044921875, 6.535887241363525, 45.421852111816406, -23.251028060913086, 27.03611183166504], [-77.45738220214844, -97.18974304199219, -6.660386562347412, -36.075130462646484, -6.961651802062988, 20.66143035888672, -17.32431983947754, 42.533756256103516, 6.535887241363525, 54.25469207763672, 1.5356186628341675, 26.954160690307617, -13.002472877502441], [-511.5879821777344, 333.5679016113281, 35.1360969543457, -83.7677230834961, 82.54829406738281, -92.281982421875, 69.67135620117188, -66.52458190917969, 45.421852111816406, 1.5356186628341675, 78.85650634765625, -12.008489608764648, 47.832401275634766], [168.58493041992188, -194.47726440429688, -19.00235939025879, -4.1985907554626465, -41.93171310424805, 36.22725296020508, -56.703460693359375, 45.11211395263672, -23.251028060913086, 26.954160690307617, -12.008489608764648, 64.08639526367188, -9.21066951751709], [-386.8822937011719, 286.4678649902344, 32.862091064453125, -63.74116897583008, 70.7539291381836, -80.83856201171875, 53.509544372558594, -60.6787223815918, 27.03611183166504, -13.002472877502441, 47.832401275634766, -9.21066951751709, 62.019981384277344]], "lowlevel.gfcc.icov": [[0.00029255959088914096, -0.0009066159254871309, 0.00030721197254024446, -0.0014507243176922202, 0.00028897495940327644, -0.0011567212641239166, 0.00039987661875784397, -0.00016753387171775103, 0.00012245491961948574, -0.00044164061546325684, 0.0011403786484152079, -0.0016597831854596734, 0.0007405891665257514], [-0.0009066159254871309, 0.011819371953606606, -0.002588663250207901, 0.010002892464399338, -0.0037266025319695473, 0.012570932507514954, -0.006166323088109493, 0.007067789789289236, -0.0017721491167321801, 0.006198027636855841, -0.007721283473074436, 0.012630882672965527, -0.005822017788887024], [0.00030721197254024446, -0.002588663250207901, 0.003027290338650346, -0.0024836028460413218, 6.890100485179573e-05, -0.0037905038334429264, 0.00084047915879637, -0.0007496936013922095, 0.001626327051781118, -0.0018713396275416017, 0.0013258487451821566, -0.002742357086390257, 0.0007077684858813882], [-0.0014507243176922202, 0.010002892464399338, -0.0024836028460413218, 0.0161376241594553, -0.002448449609801173, 0.0039038388058543205, -0.0015462359879165888, 0.00761228334158659, -0.006068965885788202, 0.009868504479527473, -0.008704759180545807, 0.014961504377424717, -0.00703786127269268], [0.00028897495940327644, -0.0037266025319695473, 6.890100485179573e-05, -0.002448449609801173, 0.01022358424961567, -0.0044073243625462055, -0.0016670686891302466, -0.0020363072399049997, 0.0017316077137365937, -0.004157399758696556, -0.0003624871897045523, -0.0011955277295783162, -0.0030235820449888706], [-0.0011567212641239166, 0.012570932507514954, -0.0037905038334429264, 0.0039038388058543205, -0.0044073243625462055, 0.03467515483498573, -0.01316723320633173, -0.0077142370864748955, 0.00478524761274457, 0.005727624520659447, -0.00578348059207201, 0.00983398500829935, -0.0001864251244114712], [0.00039987661875784397, -0.006166323088109493, 0.00084047915879637, -0.0015462359879165888, -0.0016670686891302466, -0.01316723320633173, 0.023052148520946503, -0.0012067786883562803, -0.012958194129168987, 0.0018548036459833384, 1.121644254453713e-05, 0.00235769827850163, -0.0010091714793816209], [-0.00016753387171775103, 0.007067789789289236, -0.0007496936013922095, 0.00761228334158659, -0.0020363072399049997, -0.0077142370864748955, -0.0012067786883562803, 0.029347287490963936, -0.010354376398026943, -0.003722578752785921, 0.00438428670167923, 0.0016890553524717689, -0.0028454281855374575], [0.00012245491961948574, -0.0017721491167321801, 0.001626327051781118, -0.006068965885788202, 0.0017316077137365937, 0.00478524761274457, -0.012958194129168987, -0.010354376398026943, 0.039276767522096634, -0.011783383786678314, -0.01298863347619772, 0.005171651486307383, -0.0016451006522402167], [-0.00044164061546325684, 0.006198027636855841, -0.0018713396275416017, 0.009868504479527473, -0.004157399758696556, 0.005727624520659447, 0.0018548036459833384, -0.003722578752785921, -0.011783383786678314, 0.04222166910767555, -0.011719400994479656, -0.004560472909361124, 0.009066220372915268], [0.0011403786484152079, -0.007721283473074436, 0.0013258487451821566, -0.008704759180545807, -0.0003624871897045523, -0.00578348059207201, 1.121644254453713e-05, 0.00438428670167923, -0.01298863347619772, -0.011719400994479656, 0.049733128398656845, -0.018204640597105026, -0.007570605259388685], [-0.0016597831854596734, 0.012630882672965527, -0.002742357086390257, 0.014961504377424717, -0.0011955277295783162, 0.00983398500829935, 0.00235769827850163, 0.0016890553524717689, 0.005171651486307383, -0.004560472909361124, -0.018204640597105026, 0.050571098923683167, -0.01972540095448494], [0.0007405891665257514, -0.005822017788887024, 0.0007077684858813882, -0.00703786127269268, -0.0030235820449888706, -0.0001864251244114712, -0.0010091714793816209, -0.0028454281855374575, -0.0016451006522402167, 0.009066220372915268, -0.007570605259388685, -0.01972540095448494, 0.04684750363230705]], "lowlevel.mfcc.cov": [[12656.5068359375, -4055.923583984375, -212.6939697265625, 641.3746948242188, 119.19039154052734, 408.4178161621094, -27.46808624267578, 566.1339721679688, 207.8192138671875, 73.79791259765625, -65.7927017211914, 73.6773910522461, -94.25318908691406], [-4055.923583984375, 2967.913818359375, -11.356510162353516, -4.9170074462890625, -131.95449829101562, -86.09716796875, 26.71600341796875, -359.8724365234375, -150.67413330078125, -94.89801788330078, -20.43524932861328, -65.42977905273438, 5.917234897613525], [-212.6939697265625, -11.356510162353516, 315.2738342285156, 37.675045013427734, 43.2733154296875, 34.8094596862793, 22.354076385498047, 29.702564239501953, 6.1410369873046875, 2.3898966312408447, 1.4149363040924072, 1.6788372993469238, 1.7247856855392456], [641.3746948242188, -4.9170074462890625, 37.675045013427734, 240.43069458007812, 10.938072204589844, 104.25431823730469, 19.93995475769043, 25.25260353088379, 12.667670249938965, 1.8502651453018188, -9.729212760925293, 0.8884364366531372, -9.096817970275879], [119.19039154052734, -131.95449829101562, 43.2733154296875, 10.938072204589844, 103.17704772949219, 20.67680549621582, 22.08009147644043, 25.535507202148438, 13.469352722167969, 7.480546474456787, 6.744555473327637, 6.65629243850708, 4.732296466827393], [408.4178161621094, -86.09716796875, 34.8094596862793, 104.25431823730469, 20.67680549621582, 106.06317138671875, 39.37698745727539, 47.73427200317383, 27.61131477355957, 18.443864822387695, 10.21439266204834, 12.99225902557373, -1.5646355152130127], [-27.46808624267578, 26.71600341796875, 22.354076385498047, 19.93995475769043, 22.08009147644043, 39.37698745727539, 60.2060661315918, 30.01931381225586, 26.32196044921875, 16.785856246948242, 14.285063743591309, 9.489641189575195, 4.035398006439209], [566.1339721679688, -359.8724365234375, 29.702564239501953, 25.25260353088379, 25.535507202148438, 47.73427200317383, 30.01931381225586, 104.79347229003906, 51.584510803222656, 35.35252380371094, 16.453113555908203, 18.63262367248535, 5.2141804695129395], [207.8192138671875, -150.67413330078125, 6.1410369873046875, 12.667670249938965, 13.469352722167969, 27.61131477355957, 26.32196044921875, 51.584510803222656, 58.86749267578125, 34.65641403198242, 20.95929527282715, 13.902315139770508, 7.421779155731201], [73.79791259765625, -94.89801788330078, 2.3898966312408447, 1.8502651453018188, 7.480546474456787, 18.443864822387695, 16.785856246948242, 35.35252380371094, 34.65641403198242, 51.14372634887695, 27.30831527709961, 16.83199119567871, 7.605280876159668], [-65.7927017211914, -20.43524932861328, 1.4149363040924072, -9.729212760925293, 6.744555473327637, 10.21439266204834, 14.285063743591309, 16.453113555908203, 20.95929527282715, 27.30831527709961, 42.818458557128906, 19.644668579101562, 11.205744743347168], [73.6773910522461, -65.42977905273438, 1.6788372993469238, 0.8884364366531372, 6.65629243850708, 12.99225902557373, 9.489641189575195, 18.63262367248535, 13.902315139770508, 16.83199119567871, 19.644668579101562, 34.58369445800781, 14.990242958068848], [-94.25318908691406, 5.917234897613525, 1.7247856855392456, -9.096817970275879, 4.732296466827393, -1.5646355152130127, 4.035398006439209, 5.2141804695129395, 7.421779155731201, 7.605280876159668, 11.205744743347168, 14.990242958068848, 32.73728942871094]], "lowlevel.mfcc.icov": [[0.000211900522117503, 0.0002484508149791509, 0.000234698221902363, -0.0004677171818912029, 6.528806261485443e-05, -0.0002072939823847264, 0.00020580260024871677, -0.00033675425220280886, 5.057709131506272e-06, 0.0002681451151147485, 0.0002662228944245726, -0.0002425432758172974, 0.00038825502269901335], [0.0002484508149791509, 0.001087373704649508, 7.143000402720645e-05, -0.0007823123596608639, 0.0008635499398224056, -0.00018060524598695338, -0.0018864755984395742, 0.0027226682286709547, 0.0003266304556746036, 0.00010149983427254483, -0.00018688736599870026, 0.0005651899264194071, -0.0003294076886959374], [0.000234698221902363, 7.143000402720645e-05, 0.0038313500117510557, -0.0007150217425078154, -0.0012935170670971274, -0.0006431982619687915, 0.0001488355192122981, -0.002152013359591365, 0.0010274943197146058, 0.0006015061517246068, 0.000228710807277821, 0.00014279207971412688, 0.0002265672228531912], [-0.0004677171818912029, -0.0007823123596608639, -0.0007150217425078154, 0.009354802779853344, -0.00023978434910532087, -0.009426330216228962, 0.0027299663051962852, 0.001557421637699008, -0.0012264741817489266, -0.0002254540886497125, 0.0023329700343310833, 0.0007527988636866212, -0.00038133186171762645], [6.528806261485443e-05, 0.0008635499398224056, -0.0012935170670971274, -0.00023978434910532087, 0.01205418910831213, -0.0002538803964853287, -0.004901284351944923, 0.0011724433861672878, 0.0005771578871645033, 0.0007743062451481819, -0.0007737705600447953, 0.0005836799391545355, -0.0016169195296242833], [-0.0002072939823847264, -0.00018060524598695338, -0.0006431982619687915, -0.009426330216228962, -0.0002538803964853287, 0.02652565762400627, -0.010571989230811596, -0.005601335316896439, 0.0014274242566898465, -0.0007438544416800141, -0.0023896193597465754, -0.003642398165538907, 0.0026851461734622717], [0.00020580260024871677, -0.0018864755984395742, 0.0001488355192122981, 0.0027299663051962852, -0.004901284351944923, -0.010571989230811596, 0.03277771174907684, -0.00779695063829422, -0.008402506820857525, 0.0020047652069479227, -0.001583752455189824, -0.001404163776896894, 0.0017131785862147808], [-0.00033675425220280886, 0.0027226682286709547, -0.002152013359591365, 0.001557421637699008, 0.0011724433861672878, -0.005601335316896439, -0.00779695063829422, 0.03331058472394943, -0.012667717412114143, -0.005270461551845074, 0.002715923124924302, -0.000978269730694592, -0.002082535997033119], [5.057709131506272e-06, 0.0003266304556746036, 0.0010274943197146058, -0.0012264741817489266, 0.0005771578871645033, 0.0014274242566898465, -0.008402506820857525, -0.012667717412114143, 0.042277563363313675, -0.015396108850836754, -0.004551319871097803, 0.0036904127337038517, -0.003541105194017291], [0.0002681451151147485, 0.00010149983427254483, 0.0006015061517246068, -0.0002254540886497125, 0.0007743062451481819, -0.0007438544416800141, 0.0020047652069479227, -0.005270461551845074, -0.015396108850836754, 0.042838651686906815, -0.01666821725666523, -0.0041497559286653996, 0.0022481924388557673], [0.0002662228944245726, -0.00018688736599870026, 0.000228710807277821, 0.0023329700343310833, -0.0007737705600447953, -0.0023896193597465754, -0.001583752455189824, 0.002715923124924302, -0.004551319871097803, -0.01666821725666523, 0.044970352202653885, -0.01565598137676716, -0.0021234198939055204], [-0.0002425432758172974, 0.0005651899264194071, 0.00014279207971412688, 0.0007527988636866212, 0.0005836799391545355, -0.003642398165538907, -0.001404163776896894, -0.000978269730694592, 0.0036904127337038517, -0.0041497559286653996, -0.01565598137676716, 0.04980967193841934, -0.017849629744887352], [0.00038825502269901335, -0.0003294076886959374, 0.0002265672228531912, -0.00038133186171762645, -0.0016169195296242833, 0.0026851461734622717, 0.0017131785862147808, -0.002082535997033119, -0.003541105194017291, 0.0022481924388557673, -0.0021234198939055204, -0.017849629744887352, 0.04126884415745735]], "metadata.audio_properties.analysis.downmix": "mix", "metadata.audio_properties.codec": "mp3", "metadata.audio_properties.md5_encoded": "8ce539b42fd0f38f1f47e94d53648a49", "metadata.tags.file_name": "1183699859539234896.mp3", "metadata.version.essentia": "2.1-beta6-dev", "metadata.version.essentia_git_sha": "v2.1_beta5-1110-g77a6a954", "metadata.version.extractor": "music 2.0", "tonal.chords_key": "A", "tonal.chords_scale": "major", "tonal.key_edma.key": "A", "tonal.key_edma.scale": "m