{"song_id": "1183654607138869278", "download": "https://cdn.discordapp.com/attachments/1135903449314238464/1183654607138869278/chirp.mp4?ex=65891f41&amp", "lyrics": "(Bridge)\n\"Yes, I like walking,\" \u662f\u7684\uff0c\u6211\u559c\u6b22\u8d70\u8def\uff0c\nSimple and clear, it's my liking.\n\u7b80\u5355\u660e\u4e86\uff0c\u8868\u8fbe\u6211\u559c\u597d\u3002\n\"Yes, I really enjoy walking,\" \u6211\u771f\u7684\u5f88\u559c\u6b22\u8d70\u8def\uff0c\nWith every step, my English is striking.\n\u6bcf\u8d70\u4e00\u6b65\uff0c\u6211\u7684\u82f1\u8bed\u66f4\u51fa\u8272\u3002", "style": ["sea shanty"], "essentia_features": {"lowlevel.average_loudness": 0.9855164885520935, "lowlevel.barkbands_crest.mean": 13.065227508544922, "lowlevel.barkbands_crest.stdev": 3.2588162422180176, "lowlevel.barkbands_flatness_db.mean": 0.1742592751979828, "lowlevel.barkbands_flatness_db.stdev": 0.0582817867398262, "lowlevel.barkbands_kurtosis.mean": 19.179841995239258, "lowlevel.barkbands_kurtosis.stdev": 27.39222526550293, "lowlevel.barkbands_skewness.mean": 3.523397922515869, "lowlevel.barkbands_skewness.stdev": 2.057126760482788, "lowlevel.barkbands_spread.mean": 20.67336082458496, "lowlevel.barkbands_spread.stdev": 14.677988052368164, "lowlevel.dissonance.mean": 0.48637768626213074, "lowlevel.dissonance.stdev": 0.011286016553640366, "lowlevel.dynamic_complexity": 1.1229547262191772, "lowlevel.erbbands_crest.mean": 7.886003017425537, "lowlevel.erbbands_crest.stdev": 3.6682701110839844, "lowlevel.erbbands_flatness_db.mean": 0.1249917671084404, "lowlevel.erbbands_flatness_db.stdev": 0.0301065631210804, "lowlevel.erbbands_kurtosis.mean": -0.22999787330627441, "lowlevel.erbbands_kurtosis.stdev": 1.4792431592941284, "lowlevel.erbbands_skewness.mean": -0.35081395506858826, "lowlevel.erbbands_skewness.stdev": 0.9144293069839478, "lowlevel.erbbands_spread.mean": 69.03956604003906, "lowlevel.erbbands_spread.stdev": 21.157272338867188, "lowlevel.hfc.mean": 23.784757614135742, "lowlevel.hfc.stdev": 16.332990646362305, "lowlevel.loudness_ebu128.integrated": -13.576321601867676, "lowlevel.loudness_ebu128.loudness_range": 0.6224613189697266, "lowlevel.loudness_ebu128.momentary.mean": -13.642868995666504, "lowlevel.loudness_ebu128.momentary.stdev": 0.7701842188835144, "lowlevel.loudness_ebu128.short_term.mean": -13.537123680114746, "lowlevel.loudness_ebu128.short_term.stdev": 0.21885305643081665, "lowlevel.melbands_crest.mean": 20.53171730041504, "lowlevel.melbands_crest.stdev": 3.8136250972747803, "lowlevel.melbands_flatness_db.mean": 0.26939740777015686, "lowlevel.melbands_flatness_db.stdev": 0.07147865742444992, "lowlevel.melbands_kurtosis.mean": 67.77220153808594, "lowlevel.melbands_kurtosis.stdev": 67.55687713623047, "lowlevel.melbands_skewness.mean": 6.508866786956787, "lowlevel.melbands_skewness.stdev": 2.693312168121338, "lowlevel.melbands_spread.mean": 12.213970184326172, "lowlevel.melbands_spread.stdev": 9.873913764953613, "lowlevel.pitch_salience.mean": 0.47267091274261475, "lowlevel.pitch_salience.stdev": 0.09590764343738556, "lowlevel.silence_rate_20dB.mean": 1.0, "lowlevel.silence_rate_20dB.stdev": 0.0, "lowlevel.silence_rate_30dB.mean": 0.9322210550308228, "lowlevel.silence_rate_30dB.stdev": 0.25136563181877136, "lowlevel.silence_rate_60dB.mean": 0.0020855057518929243, "lowlevel.silence_rate_60dB.stdev": 0.04561971500515938, "lowlevel.spectral_centroid.mean": 1441.574951171875, "lowlevel.spectral_centroid.stdev": 704.5606079101562, "lowlevel.spectral_complexity.mean": 19.571428298950195, "lowlevel.spectral_complexity.stdev": 12.168143272399902, "lowlevel.spectral_decrease.mean": -1.4131732228861438e-08, "lowlevel.spectral_decrease.stdev": 7.797695822375772e-09, "lowlevel.spectral_energy.mean": 0.05549374595284462, "lowlevel.spectral_energy.stdev": 0.029825272038578987, "lowlevel.spectral_energyband_high.mean": 0.0013378936564549804, "lowlevel.spectral_energyband_high.stdev": 0.0016906961100175977, "lowlevel.spectral_energyband_low.mean": 0.04237618297338486, "lowlevel.spectral_energyband_low.stdev": 0.0291138906031847, "lowlevel.spectral_energyband_middle_high.mean": 0.003678449196740985, "lowlevel.spectral_energyband_middle_high.stdev": 0.003096799599006772, "lowlevel.spectral_energyband_middle_low.mean": 0.01065754797309637, "lowlevel.spectral_energyband_middle_low.stdev": 0.010213066823780537, "lowlevel.spectral_entropy.mean": 7.659956455230713, "lowlevel.spectral_entropy.stdev": 0.36677539348602295, "lowlevel.spectral_flux.mean": 0.10540708899497986, "lowlevel.spectral_flux.stdev": 0.06114853173494339, "lowlevel.spectral_kurtosis.mean": 3.070657730102539, "lowlevel.spectral_kurtosis.stdev": 1.617879867553711, "lowlevel.spectral_rms.mean": 0.007134853862226009, "lowlevel.spectral_rms.stdev": 0.0017983791185542941, "lowlevel.spectral_rolloff.mean": 773.4649658203125, "lowlevel.spectral_rolloff.stdev": 1126.1865234375, "lowlevel.spectral_skewness.mean": 1.1005080938339233, "lowlevel.spectral_skewness.stdev": 0.3121390640735626, "lowlevel.spectral_spread.mean": 4842437.5, "lowlevel.spectral_spread.stdev": 1289015.0, "lowlevel.spectral_strongpeak.mean": 0.5584995746612549, "lowlevel.spectral_strongpeak.stdev": 0.30943527817726135, "lowlevel.zerocrossingrate.mean": 0.04697224870324135, "lowlevel.zerocrossingrate.stdev": 0.026057321578264236, "metadata.audio_properties.analysis.equal_loudness": 0.0, "metadata.audio_properties.analysis.length": 22.229320526123047, "metadata.audio_properties.analysis.sample_rate": 44100.0, "metadata.audio_properties.analysis.start_time": 0.0, "metadata.audio_properties.bit_rate": 122345.0, "metadata.audio_properties.length": 22.229333877563477, "metadata.audio_properties.lossless": 0.0, "metadata.audio_properties.number_channels": 1.0, "metadata.audio_properties.replay_gain": -11.431465148925781, "metadata.audio_properties.sample_rate": 48000.0, "rhythm.beats_count": 50.0, "rhythm.beats_loudness.mean": 0.062015604227781296, "rhythm.beats_loudness.stdev": 0.019857317209243774, "rhythm.bpm": 137.56324768066406, "rhythm.bpm_histogram_first_peak_bpm": 136.0, "rhythm.bpm_histogram_first_peak_weight": 0.42553192377090454, "rhythm.bpm_histogram_second_peak_bpm": 144.0, "rhythm.bpm_histogram_second_peak_spread": 0.5, "rhythm.bpm_histogram_second_peak_weight": 0.020408162847161293, "rhythm.danceability": 1.6626709699630737, "rhythm.onset_rate": 4.405540466308594, "tonal.chords_changes_rate": 0.05624999850988388, "tonal.chords_number_rate": 0.0062500000931322575, "tonal.chords_strength.mean": 0.5764196515083313, "tonal.chords_strength.stdev": 0.05673171952366829, "tonal.hpcp_crest.mean": 10.552165031433105, "tonal.hpcp_crest.stdev": 4.769497871398926, "tonal.hpcp_entropy.mean": 2.660884141921997, "tonal.hpcp_entropy.stdev": 0.7192122340202332, "tonal.key_edma.strength": 0.6436312794685364, "tonal.key_krumhansl.strength": 0.6283012628555298, "tonal.key_temperley.strength": 0.6020678281784058, "tonal.tuning_diatonic_strength": 0.5854563117027283, "tonal.tuning_equal_tempered_deviation": 0.13726109266281128, "tonal.tuning_frequency": 437.4657897949219, "tonal.tuning_nontempered_energy_ratio": 0.7518733739852905, "lowlevel.barkbands.mean": [0.00045898876851424575, 0.0173675287514925, 0.022019976750016212, 0.005961796268820763, 0.0027594882994890213, 0.000884633045643568, 0.0003762979758903384, 0.0004273554077371955, 0.00020301710173953325, 0.00020392014994286, 0.0002326169196749106, 0.0002898256352636963, 0.0002726524544414133, 0.00017023368855006993, 0.00020983164722565562, 0.0003302523400634527, 0.000529782846570015, 0.00028227310394868255, 0.0008970554335974157, 0.00039621227188035846, 0.0003200603532604873, 0.0003807935572694987, 0.00026328719104640186, 9.725522249937057e-05, 7.796538557158783e-05, 7.509843999287114e-05, 5.6092021623044275e-06], "lowlevel.barkbands.stdev": [0.0004946034750901163, 0.019298836588859558, 0.015346087515354156, 0.004833675920963287, 0.007186852861195803, 0.001586581696756184, 0.0008482056437060237, 0.0010854154825210571, 0.00038143713027238846, 0.0005109161720611155, 0.0004689553170464933, 0.0005439887754619122, 0.00047998904483392835, 0.00028083883807994425, 0.0003060284652747214, 0.0005749530391767621, 0.0006156262243166566, 0.0003371591737959534, 0.0012132662814110518, 0.0004955273470841348, 0.0004112005699425936, 0.00055071956012398, 0.0004435042501427233, 0.00018100283341482282, 0.0001242589787580073, 0.00011001336679328233, 1.1176644875376951e-05], "lowlevel.erbbands.mean": [0.4842427372932434, 4.292472839355469, 24.20831871032715, 19.359188079833984, 14.669241905212402, 10.489156723022461, 5.677864074707031, 8.29406452178955, 4.627652168273926, 9.331709861755371, 6.826968669891357, 4.979459762573242, 4.919942378997803, 7.998982906341553, 10.9722261428833, 12.212470054626465, 12.724669456481934, 9.502117156982422, 10.801366806030273, 11.502717018127441, 22.062416076660156, 30.903810501098633, 17.04755401611328, 23.31327247619629, 52.62949752807617, 18.516639709472656, 12.135777473449707, 13.279181480407715, 14.03952407836914, 11.394107818603516, 6.495245933532715, 2.8038222789764404, 1.3525060415267944, 0.8290995955467224, 0.5875665545463562, 0.3152714967727661, 0.14505961537361145, 0.025388240814208984, 0.0006540325121022761, 8.130529022309929e-05], "lowlevel.erbbands.stdev": [0.5901921987533569, 4.417115211486816, 16.841064453125, 15.16031551361084, 12.936042785644531, 32.868133544921875, 12.564970016479492, 15.891231536865234, 9.380568504333496, 21.332275390625, 16.457508087158203, 9.721297264099121, 8.442913055419922, 20.903783798217773, 20.186809539794922, 21.766658782958984, 21.779645919799805, 14.842596054077148, 16.896928787231445, 17.13173484802246, 33.41620635986328, 36.312522888183594, 19.087146759033203, 25.18938446044922, 77.23621368408203, 20.715742111206055, 15.732368469238281, 16.990692138671875, 20.426578521728516, 17.98137092590332, 11.48612117767334, 5.527700901031494, 2.328618049621582, 1.3665231466293335, 0.9433313012123108, 0.49807801842689514, 0.21400076150894165, 0.0425015427172184, 0.001160653424449265, 4.915755562251434e-05], "lowlevel.gfcc.mean": [20.273258209228516, 73.48422241210938, -85.42786407470703, 73.28620910644531, -28.189775466918945, 17.987194061279297, -24.48708724975586, 9.64720344543457, -27.651229858398438, 2.1246371269226074, -23.833599090576172, 3.5110719203948975, -23.0335750579834], "lowlevel.melbands.mean": [0.004422206897288561, 0.009607907384634018, 0.003484502201899886, 0.0008635333506390452, 0.00024094637774396688, 0.00017579174891579896, 7.172860205173492e-05, 0.00010631131590344012, 4.913777593174018e-05, 3.014809226442594e-05, 2.40747303905664e-05, 3.1540534109808505e-05, 3.417711559450254e-05, 3.414648745092563e-05, 2.9181861464167014e-05, 2.612698335724417e-05, 1.6434069038950838e-05, 1.6868078091647476e-05, 1.526199594081845e-05, 1.7586975445738062e-05, 2.732747270783875e-05, 3.408181873965077e-05, 2.028247581620235e-05, 1.2302002687647473e-05, 1.7511902115074918e-05, 3.974189530708827e-05, 2.8773256417480297e-05, 8.568387784180231e-06, 6.867041520308703e-06, 8.105124834401067e-06, 7.528700280090561e-06, 8.029980563151184e-06, 7.2179700509877875e-06, 6.083238986320794e-06, 3.9616024878341705e-06, 2.529985295041115e-06, 1.4037971141078742e-06, 9.627625559005537e-07, 7.583487899864849e-07, 6.713465268148866e-07], "lowlevel.melbands.stdev": [0.00516111683100462, 0.006847971118986607, 0.0023896086495369673, 0.0017262340988963842, 0.0006133486167527735, 0.0003269430890213698, 0.00015128434461075813, 0.00024809225578792393, 0.00011573357915040106, 5.9003272326663136e-05, 4.3104973883600906e-05, 8.731642446946353e-05, 6.764779391232878e-05, 5.998915366944857e-05, 5.8524303312879056e-05, 4.681379868998192e-05, 2.7149077141075395e-05, 2.8360687792883255e-05, 2.243854214611929e-05, 3.261447272961959e-05, 4.066833935212344e-05, 4.15912400058005e-05, 2.4296063202200457e-05, 1.5089613043528516e-05, 1.9775294276769273e-05, 5.649128434015438e-05, 4.213784268358722e-05, 1.0105311957886443e-05, 9.33216779230861e-06, 1.0588653822196648e-05, 1.0311985533917323e-05, 1.2060076187481172e-05, 1.1068613275710959e-05, 1.0143214240088128e-05, 7.1701024353387766e-06, 5.1828997129632626e-06, 2.7717669581761584e-06, 1.7221075268025743e-06, 1.280091510125203e-06, 1.1331471796438564e-06], "lowlevel.melbands128.mean": [0.0003596815513446927, 0.0037520467303693295, 0.0055343471467494965, 0.006827841978520155, 0.013173318468034267, 0.009060359559953213, 0.003589010564610362, 0.003184306202456355, 0.001061061630025506, 0.0008452529436908662, 0.0005813693860545754, 0.00023771441192366183, 0.0001359137677354738, 0.0002358258789172396, 0.000249282835284248, 0.00010118309000972658, 5.4549178457818925e-05, 7.1440648753196e-05, 8.016868378035724e-05, 0.00011504484427860007, 0.0001244334998773411, 7.071969594107941e-05, 3.5251581721240655e-05, 2.9741129765170626e-05, 3.5564880818128586e-05, 2.764237615338061e-05, 2.408770342299249e-05, 2.199055779783521e-05, 2.430939275654964e-05, 3.523297709762119e-05, 3.355239095981233e-05, 2.538647095207125e-05, 3.673207538668066e-05, 3.900536830769852e-05, 3.217688208678737e-05, 3.396978718228638e-05, 3.4754433727357537e-05, 2.5027884476003237e-05, 3.060216113226488e-05, 2.884596324292943e-05, 2.7478648917167448e-05, 1.871272615971975e-05, 1.5485516996704973e-05, 1.565067213959992e-05, 1.5157738744164817e-05, 1.7037473298842087e-05, 1.9582850654842332e-05, 1.4575902241631411e-05, 1.4225853192328941e-05, 1.3763251445197966e-05, 1.581438300490845e-05, 2.399401091679465e-05, 2.733650035224855e-05, 2.6726151190814562e-05, 3.1500618206337094e-05, 3.84855957236141e-05, 3.5500710509950295e-05, 2.0438996216398664e-05, 1.718255771265831e-05, 1.3133541870047338e-05, 1.1969945262535475e-05, 1.108503420255147e-05, 1.3966620826977305e-05, 1.7660471712588333e-05, 2.537759064580314e-05, 3.879161158693023e-05, 5.425740164355375e-05, 3.86768915632274e-05, 2.272308847750537e-05, 1.4878127331030555e-05, 6.715334166074172e-06, 6.373529686243273e-06, 6.7351170400797855e-06, 6.575177394552156e-06, 7.494436431443319e-06, 8.687542504048906e-06, 8.106749191938434e-06, 7.436543000949314e-06, 7.570469733764185e-06, 7.2013044700725e-06, 8.26150608190801e-06, 8.29078271635808e-06, 7.953134627314284e-06, 7.260465736180777e-06, 6.362907697621267e-06, 6.619212854275247e-06, 6.060284704290098e-06, 4.808184257854009e-06, 3.875140464515425e-06, 3.3694425383146154e-06, 2.9787302082695533e-06, 2.377933014940936e-06, 1.6023992657210329e-06, 1.3854595408702153e-06, 1.2736153394143912e-06, 1.0814154620675254e-06, 8.293945938930847e-07, 9.160004879049666e-07, 7.538408226537285e-07, 6.785013511034776e-07, 7.075540793266555e-07, 6.249319994822145e-07, 7.073729193507461e-07, 6.922201123416016e-07, 7.419011467391101e-07, 6.205602858244674e-07, 5.57789803679043e-07, 5.265346203486843e-07, 5.325724146132416e-07, 5.678420507138071e-07, 5.205672550800955e-07, 4.828013402402576e-07, 4.809438678421429e-07, 4.6755218363614404e-07, 3.525939291648683e-07, 2.484881633790792e-07, 1.8771861221011932e-07, 5.056920215906757e-08, 6.290375331730047e-09, 5.3803090455106783e-11, 1.689847914376763e-11, 1.1707852569375898e-11, 1.1607991477757817e-11, 1.1898889859529582e-11, 1.0201122065123247e-11, 7.592297450453867e-12, 6.430604746615609e-12, 6.259473408348759e-12], "lowlevel.melbands128.stdev": [0.00045144889736548066, 0.004690579138696194, 0.007602957542985678, 0.008032354526221752, 0.00971330888569355, 0.0066482448019087315, 0.0033774261828511953, 0.0022673190105706453, 0.001085391384549439, 0.002431991044431925, 0.0021110977977514267, 0.0008772344444878399, 0.00037392310332506895, 0.000462616968434304, 0.0005218108999542892, 0.000280454580206424, 0.0001356758875772357, 0.00018975487910211086, 0.00022895635629538447, 0.0002922657586168498, 0.0003486414789222181, 0.0002082949795294553, 0.00010793663386721164, 7.079252100083977e-05, 8.664806955493987e-05, 6.572133861482143e-05, 4.7292538511101156e-05, 4.248087134328671e-05, 6.340199615806341e-05, 0.00013060279889032245, 0.00010927520634140819, 6.021047738613561e-05, 9.577842865837738e-05, 8.490145410178229e-05, 7.180499233072624e-05, 7.325589103857055e-05, 7.285471656359732e-05, 8.149149653036147e-05, 6.665838736807927e-05, 6.11899740761146e-05, 6.448271597037092e-05, 3.825388557743281e-05, 2.9276612622197717e-05, 3.047469726880081e-05, 2.9728125809924677e-05, 3.6442263080971316e-05, 3.6095676477998495e-05, 2.5369196009705774e-05, 2.807309829222504e-05, 2.7739786673919298e-05, 3.328207094455138e-05, 6.21380313532427e-05, 4.947817433276214e-05, 4.268679549568333e-05, 4.5049338950775564e-05, 5.591632361756638e-05, 5.0212394853588194e-05, 2.8908762033097446e-05, 2.490713814040646e-05, 1.915443135658279e-05, 1.7452117390348576e-05, 1.633505780773703e-05, 1.906252327898983e-05, 2.2670325051876716e-05, 3.52889510395471e-05, 5.765261084889062e-05, 0.00010994009062414989, 7.638549141120166e-05, 3.764886423596181e-05, 2.3064163542585447e-05, 8.113066542136949e-06, 1.0117397323483601e-05, 1.0668636605259962e-05, 9.917372153722681e-06, 1.2961621905560605e-05, 1.2223592420923524e-05, 1.1263932719884906e-05, 1.0680521882022731e-05, 1.2003849406028166e-05, 1.2493189387896564e-05, 1.3607208529720083e-05, 1.4586974430130795e-05, 1.296757545787841e-05, 1.2218687515996862e-05, 1.0701081009756308e-05, 1.2526688806246966e-05, 1.0952073353109881e-05, 8.455165698251221e-06, 8.264153620984871e-06, 6.583039976248983e-06, 5.867932941328036e-06, 5.828121174999978e-06, 3.7824631817784393e-06, 2.8473500606196467e-06, 2.487411620677449e-06, 2.2266287942329654e-06, 1.6279163901344873e-06, 1.678325475040765e-06, 1.3867406778445002e-06, 1.264131583411654e-06, 1.3061381878287648e-06, 1.1170374136781902e-06, 1.3536110827772063e-06, 1.2636934343390749e-06, 1.2573719914144021e-06, 1.0725607353379019e-06, 1.0051313665826456e-06, 9.973979331334704e-07, 9.46122952427686e-07, 9.83540871857258e-07, 8.323223710249295e-07, 8.026153750506637e-07, 7.466891815965937e-07, 8.383311183024489e-07, 6.222787760634674e-07, 4.963346214026387e-07, 3.41600014053256e-07, 1.5311789525185304e-07, 5.868474062253881e-08, 1.0640994752009192e-09, 1.7868788393382573e-10, 6.198368901477735e-11, 7.525283174381059e-11, 8.608221774286662e-11, 5.87347462333021e-11, 2.0600876907139742e-11, 9.799839759128126e-12, 9.554209853823714e-12], "lowlevel.mfcc.mean": [-631.7981567382812, 99.17333221435547, 12.611759185791016, 62.79976272583008, 20.065467834472656, 25.33829116821289, 11.326037406921387, 16.18303680419922, 2.3107430934906006, 1.6763889789581299, 2.202702045440674, -1.5522661209106445, 4.212735176086426], "lowlevel.spectral_contrast_coeffs.mean": [-0.6484156847000122, -0.7964853048324585, -0.8313724994659424, -0.8172136545181274, -0.7854700684547424, -0.7094236016273499], "lowlevel.spectral_contrast_coeffs.stdev": [0.059038568288087845, 0.0650520995259285, 0.04262077063322067, 0.04284929111599922, 0.04787161573767662, 0.0346158966422081], "lowlevel.spectral_contrast_valleys.mean": [-6.2089433670043945, -7.177250385284424, -7.538699626922607, -7.524062633514404, -7.048047065734863, -10.16451358795166], "lowlevel.spectral_contrast_valleys.stdev": [0.4796256721019745, 0.6855254769325256, 0.7185836434364319, 0.5949296355247498, 0.5918240547180176, 0.8736928701400757], "rhythm.beats_loudness_band_ratio.mean": [0.7179977297782898, 0.11752858012914658, 0.028109842911362648, 0.030833326280117035, 0.05042009800672531, 0.0790909081697464], "rhythm.beats_loudness_band_ratio.stdev": [0.18712693452835083, 0.12216077744960785, 0.02499782107770443, 0.02623455412685871, 0.034037236124277115, 0.04878932237625122], "tonal.hpcp.mean": [0.8490810990333557, 0.5089786052703857, 0.09179500490427017, 0.04116081818938255, 0.019024990499019623, 0.009406226687133312, 0.01006263680756092, 0.009829405695199966, 0.007981381379067898, 0.013415291905403137, 0.013850601390004158, 0.012112324126064777, 0.012740161269903183, 0.009966908022761345, 0.007142663933336735, 0.0067232148721814156, 0.00762589555233717, 0.008177933283150196, 0.01003926619887352, 0.015172449871897697, 0.07686001807451248, 0.2026601880788803, 0.16026419401168823, 0.04991039261221886, 0.04450065270066261, 0.040097229182720184, 0.03234967216849327, 0.014761979691684246, 0.006200657691806555, 0.00968936923891306, 0.010098709724843502, 0.007689435966312885, 0.022703146561980247, 0.05480825901031494, 0.1300092190504074, 0.497770220041275], "tonal.hpcp.stdev": [0.2950120270252228, 0.27297940850257874, 0.21174345910549164, 0.15321792662143707, 0.10321424156427383, 0.05310768261551857, 0.06328392028808594, 0.056963127106428146, 0.021532325074076653, 0.05092617869377136, 0.04411223158240318, 0.03965785354375839, 0.049347586929798126, 0.02007446624338627, 0.013256199657917023, 0.01139979250729084, 0.01176473032683134, 0.011295421980321407, 0.029151974245905876, 0.06825944036245346, 0.0786728784441948, 0.11445847153663635, 0.1280127763748169, 0.13897936046123505, 0.12891419231891632, 0.12422740459442139, 0.12640522420406342, 0.07238075137138367, 0.04603178799152374, 0.0568431094288826, 0.06559421867132187, 0.029138388112187386, 0.1032494381070137, 0.17533111572265625, 0.25754567980766296, 0.27039700746536255], "rhythm.beats_position": [0.3831292390823364, 0.7894784212112427, 1.2306575775146484, 1.6602267026901245, 2.1014058589935303, 2.530975103378296, 2.972154140472412, 3.4017233848571777, 3.842902421951294, 4.2724714279174805, 4.713650703430176, 5.154829978942871, 5.584399223327637, 6.013967990875244, 6.4551472663879395, 6.896326541900635, 7.3258957862854, 7.755464553833008, 8.196643829345703, 8.637823104858398, 9.079002380371094, 9.520181655883789, 9.949749946594238, 10.379319190979004, 10.8204984664917, 11.261677742004395, 11.69124698638916, 12.120816230773926, 12.561995506286621, 13.003174781799316, 13.444353103637695, 13.873922348022461, 14.303491592407227, 14.744670867919922, 15.185850143432617, 15.627029418945312, 16.056598663330078, 16.486167907714844, 16.92734718322754, 17.368526458740234, 17.798095703125, 18.227664947509766, 18.668842315673828, 19.110021591186523, 19.55120086669922, 19.980770111083984, 20.41033935546875, 20.851518630981445, 21.29269790649414, 21.710657119750977], "rhythm.bpm_histogram": [0.0, 0.0, 0.0, 0.0, 0.0, 0.0, 0.0, 0.0, 0.0, 0.0, 0.0, 0.0, 0.0, 0.0, 0.0, 0.0, 0.0, 0.0, 0.0, 0.0, 0.0, 0.0, 0.0, 0.0, 0.0, 0.0, 0.0, 0.0, 0.0, 0.0, 0.0, 0.0, 0.0, 0.0, 0.0, 0.0, 0.0, 0.0, 0.0, 0.0, 0.0, 0.0, 0.0, 0.0, 0.0, 0.0, 0.0, 0.0, 0.0, 0.0, 0.0, 0.0, 0.0, 0.0, 0.0, 0.0, 0.0, 0.0, 0.0, 0.0, 0.0, 0.0, 0.0, 0.0, 0.0, 0.0, 0.0, 0.0, 0.0, 0.0, 0.0, 0.0, 0.0, 0.0, 0.0, 0.0, 0.0, 0.0, 0.0, 0.0, 0.0, 0.0, 0.0, 0.0, 0.0, 0.0, 0.0, 0.0, 0.0, 0.0, 0.0, 0.0, 0.0, 0.0, 0.0, 0.0, 0.0, 0.0, 0.0, 0.0, 0.0, 0.0, 0.0, 0.0, 0.0, 0.0, 0.0, 0.0, 0.0, 0.0, 0.0, 0.0, 0.0, 0.0, 0.0, 0.0, 0.0, 0.0, 0.0, 0.0, 0.0, 0.0, 0.0, 0.0, 0.0, 0.0, 0.0, 0.0, 0.0, 0.0, 0.0, 0.0, 0.0, 0.0, 0.0, 0.0, 0.5510203838348389, 0.0, 0.0, 0.0, 0.40816327929496765, 0.0, 0.0, 0.0, 0.020408162847161293, 0.0, 0.0, 0.0, 0.020408162847161293, 0.0, 0.0, 0.0, 0.0, 0.0, 0.0, 0.0, 0.0, 0.0, 0.0, 0.0, 0.0, 0.0, 0.0, 0.0, 0.0, 0.0, 0.0, 0.0, 0.0, 0.0, 0.0, 0.0, 0.0, 0.0, 0.0, 0.0, 0.0, 0.0, 0.0, 0.0, 0.0, 0.0, 0.0, 0.0, 0.0, 0.0, 0.0, 0.0, 0.0, 0.0, 0.0, 0.0, 0.0, 0.0, 0.0, 0.0, 0.0, 0.0, 0.0, 0.0, 0.0, 0.0, 0.0, 0.0, 0.0, 0.0, 0.0, 0.0, 0.0, 0.0, 0.0, 0.0, 0.0, 0.0, 0.0, 0.0, 0.0, 0.0, 0.0, 0.0, 0.0, 0.0, 0.0, 0.0, 0.0, 0.0, 0.0, 0.0, 0.0, 0.0, 0.0, 0.0, 0.0, 0.0, 0.0, 0.0, 0.0, 0.0, 0.0, 0.0, 0.0, 0.0, 0.0, 0.0, 0.0, 0.0, 0.0, 0.0, 0.0, 0.0], "tonal.chords_histogram": [3.9583332538604736, 0.0, 30.0, 0.0, 0.0, 0.0, 0.0, 0.0, 0.0, 66.04166412353516, 0.0, 0.0, 0.0, 0.0, 0.0, 0.0, 0.0, 0.0, 0.0, 0.0, 0.0, 0.0, 0.0, 0.0], "tonal.thpcp": [1.0, 0.5994464159011841, 0.10811100155115128, 0.048476897180080414, 0.0224065650254488, 0.01107812486588955, 0.011851208284497261, 0.011576521210372448, 0.009400022216141224, 0.01579977758228779, 0.016312459483742714, 0.014265215024352074, 0.01500464603304863, 0.01173846423625946, 0.008412227965891361, 0.007918224669992924, 0.008981350809335709, 0.009631509892642498, 0.011823683977127075, 0.017869258299469948, 0.09052141010761261, 0.23868177831172943, 0.18875016272068024, 0.05878165364265442, 0.052410367876291275, 0.0472242645919323, 0.03809962421655655, 0.017385829240083694, 0.007302786223590374, 0.011411594226956367, 0.011893692426383495, 0.009056185372173786, 0.026738490909337997, 0.06455008685588837, 0.15311755239963531, 0.5862457752227783], "lowlevel.gfcc.cov": [[2612.539306640625, -605.1324462890625, -312.8453369140625, -186.71583557128906, -421.70220947265625, 83.67031860351562, -163.9490509033203, 83.59479522705078, -75.26211547851562, 88.43404388427734, -13.961125373840332, 54.2071647644043, -120.79283905029297], [-605.1324462890625, 777.5858154296875, -157.1504669189453, -164.73776245117188, 141.8699951171875, -187.54246520996094, 109.85172271728516, -26.026966094970703, 46.91283416748047, -37.57094955444336, 105.14602661132812, -29.765369415283203, 52.70263671875], [-312.8453369140625, -157.1504669189453, 492.3354187011719, 123.45890808105469, 34.542686462402344, 33.87342071533203, -29.598377227783203, -20.547237396240234, 44.43311309814453, 30.1955623626709, -58.68955993652344, 36.317039489746094, 21.738161087036133], [-186.71583557128906, -164.73776245117188, 123.45890808105469, 320.30389404296875, 83.84798431396484, 24.29990577697754, -45.3829460144043, -9.904962539672852, 29.00156593322754, -14.214876174926758, -5.1241021156311035, -2.2182600498199463, 25.666839599609375], [-421.70220947265625, 141.8699951171875, 34.542686462402344, 83.84798431396484, 300.7666931152344, -55.09079360961914, 34.18366241455078, 20.796777725219727, 26.0773983001709, -10.789470672607422, 1.1372132301330566, -22.3183650970459, 15.90243911743164], [83.67031860351562, -187.54246520996094, 33.87342071533203, 24.29990577697754, -55.09079360961914, 268.4686279296875, 66.32937622070312, -28.938331604003906, -39.318603515625, -24.961376190185547, -24.897348403930664, -9.382682800292969, -4.895498275756836], [-163.9490509033203, 109.85172271728516, -29.598377227783203, -45.3829460144043, 34.18366241455078, 66.32937622070312, 169.94564819335938, 38.75657653808594, -20.470876693725586, -42.037384033203125, 0.7762783169746399, -18.367271423339844, -13.829217910766602], [83.59479522705078, -26.026966094970703, -20.547237396240234, -9.904962539672852, 20.796777725219727, -28.938331604003906, 38.75657653808594, 123.14033508300781, 28.39397621154785, 8.314456939697266, -0.6245828866958618, -15.316951751708984, -23.08697509765625], [-75.26211547851562, 46.91283416748047, 44.43311309814453, 29.00156593322754, 26.0773983001709, -39.318603515625, -20.470876693725586, 28.39397621154785, 86.5906982421875, 33.17982482910156, 6.625065803527832, -11.855257034301758, 2.6777162551879883], [88.43404388427734, -37.57094955444336, 30.1955623626709, -14.214876174926758, -10.789470672607422, -24.961376190185547, -42.037384033203125, 8.314456939697266, 33.17982482910156, 78.34722137451172, 21.585311889648438, -0.6729739308357239, -24.078676223754883], [-13.961125373840332, 105.14602661132812, -58.68955993652344, -5.1241021156311035, 1.1372132301330566, -24.897348403930664, 0.7762783169746399, -0.6245828866958618, 6.625065803527832, 21.585311889648438, 83.31647491455078, 7.4653849601745605, -7.151462554931641], [54.2071647644043, -29.765369415283203, 36.317039489746094, -2.2182600498199463, -22.3183650970459, -9.382682800292969, -18.367271423339844, -15.316951751708984, -11.855257034301758, -0.6729739308357239, 7.4653849601745605, 66.35917663574219, 20.565589904785156], [-120.79283905029297, 52.70263671875, 21.738161087036133, 25.666839599609375, 15.90243911743164, -4.895498275756836, -13.829217910766602, -23.08697509765625, 2.6777162551879883, -24.078676223754883, -7.151462554931641, 20.565589904785156, 69.47269439697266]], "lowlevel.gfcc.icov": [[0.0008068218012340367, 0.0003628091944847256, 0.0006118013407103717, 0.00027147840592078865, 0.0006008908385410905, -0.0002405967388767749, 0.0007662647985853255, -0.0007389616803266108, 0.00022266276937443763, -0.0003760388935916126, 0.0002478669921401888, -0.0008275080472230911, 0.0007198929670266807], [0.0003628091944847256, 0.007489577401429415, 0.00019387442443985492, 0.004581830929964781, -0.0017567216418683529, 0.005067046266049147, -0.00546156894415617, 0.005495280027389526, -0.006126996595412493, 0.0052245007827878, -0.00911063700914383, 0.004708470776677132, -0.0055908397771418095], [0.0006118013407103717, 0.00019387442443985492, 0.0036401241086423397, -0.0010303896851837635, 0.00028498825849965215, -0.0005035981303080916, -0.00023768722894601524, 0.00022603542311117053, -0.0011883857659995556, -0.002763834549114108, 0.003343940479680896, -0.003187849884852767, 0.0004612114862538874], [0.00027147840592078865, 0.004581830929964781, -0.0010303896851837635, 0.007442499976605177, -0.002396900439634919, 0.001769751077517867, -0.0005994749953970313, 0.0027205664664506912, -0.005011383444070816, 0.006382911000400782, -0.007284163497388363, 0.003588516730815172, -0.0033796029165387154], [0.0006008908385410905, -0.0017567216418683529, 0.00028498825849965215, -0.002396900439634919, 0.005416222847998142, -8.335638995049521e-05, 0.00019014673307538033, -0.0020503723062574863, 0.0017615840770304203, -0.0022967143449932337, 0.0028180605731904507, -0.0004091530863661319, 0.0008319129119627178], [-0.0002405967388767749, 0.005067046266049147, -0.0005035981303080916, 0.001769751077517867, -8.335638995049521e-05, 0.009213733486831188, -0.007563089486211538, 0.006010911427438259, -0.002628833055496216, 0.002600923413410783, -0.005109863821417093, 0.0049235522747039795, -0.004578846972435713], [0.0007662647985853255, -0.00546156894415617, -0.00023768722894601524, -0.0005994749953970313, 0.00019014673307538033, -0.007563089486211538, 0.01655399613082409, -0.00914027914404869, 0.005213748198002577, 0.0029654318932443857, 0.004113414324820042, -0.0033883466385304928, 0.00770595483481884], [-0.0007389616803266108, 0.005495280027389526, 0.00022603542311117053, 0.0027205664664506912, -0.0020503723062574863, 0.006010911427438259, -0.00914027914404869, 0.016667254269123077, -0.009280577301979065, 0.003666745498776436, -0.005460516083985567, 0.00415129354223609, -0.0020796144381165504], [0.00022266276937443763, -0.006126996595412493, -0.0011883857659995556, -0.005011383444070816, 0.0017615840770304203, -0.002628833055496216, 0.005213748198002577, -0.009280577301979065, 0.024325745180249214, -0.01273034606128931, 0.006995767820626497, 0.0005571385263465345, -0.00017088626918848604], [-0.0003760388935916126, 0.0052245007827878, -0.002763834549114108, 0.006382911000400782, -0.0022967143449932337, 0.002600923413410783, 0.0029654318932443857, 0.003666745498776436, -0.01273034606128931, 0.030468134209513664, -0.014201072975993156, 0.0037577964831143618, 0.004883709363639355], [0.0002478669921401888, -0.00911063700914383, 0.003343940479680896, -0.007284163497388363, 0.0028180605731904507, -0.005109863821417093, 0.004113414324820042, -0.005460516083985567, 0.006995767820626497, -0.014201072975993156, 0.028579529374837875, -0.010830074548721313, 0.007942561991512775], [-0.0008275080472230911, 0.004708470776677132, -0.003187849884852767, 0.003588516730815172, -0.0004091530863661319, 0.0049235522747039795, -0.0033883466385304928, 0.00415129354223609, 0.0005571385263465345, 0.0037577964831143618, -0.010830074548721313, 0.025218673050403595, -0.011492546647787094], [0.0007198929670266807, -0.0055908397771418095, 0.0004612114862538874, -0.0033796029165387154, 0.0008319129119627178, -0.004578846972435713, 0.00770595483481884, -0.0020796144381165504, -0.00017088626918848604, 0.004883709363639355, 0.007942561991512775, -0.011492546647787094, 0.02724006399512291]], "lowlevel.mfcc.cov": [[2960.427490234375, -638.0542602539062, -151.67816162109375, -405.6330261230469, -266.2768249511719, -153.61538696289062, -89.82577514648438, -52.810855865478516, -128.71697998046875, -18.384859085083008, 39.02741622924805, 34.947898864746094, 5.480859279632568], [-638.0542602539062, 873.0703735351562, -260.6119079589844, 26.35349464416504, -48.00697326660156, -118.02526092529297, 28.98204803466797, -21.34001922607422, -6.825175762176514, -8.938294410705566, 26.776884078979492, 5.818684101104736, 28.26548194885254], [-151.67816162109375, -260.6119079589844, 451.96038818359375, 5.969222068786621, 14.220616340637207, 95.73014068603516, -50.30186462402344, -6.833177089691162, 31.084402084350586, -14.713409423828125, -10.59586238861084, 3.3467283248901367, -25.382551193237305], [-405.6330261230469, 26.35349464416504, 5.969222068786621, 325.571533203125, 156.9525604248047, -33.203704833984375, -45.31387710571289, -2.4256322383880615, 14.09143352508545, 17.094005584716797, -7.237502574920654, -26.95879364013672, 40.967506408691406], [-266.2768249511719, -48.00697326660156, 14.220616340637207, 156.9525604248047, 219.81973266601562, 34.730533599853516, -28.790159225463867, -22.340818405151367, 24.2880859375, 22.98773765563965, -15.523458480834961, -7.4092020988464355, 12.348862648010254], [-153.61538696289062, -118.02526092529297, 95.73014068603516, -33.203704833984375, 34.730533599853516, 197.181884765625, 56.57149124145508, 20.787261962890625, 13.241878509521484, -19.073240280151367, -22.450794219970703, 1.0960640907287598, -29.536991119384766], [-89.82577514648438, 28.98204803466797, -50.30186462402344, -45.31387710571289, -28.790159225463867, 56.57149124145508, 149.40597534179688, 76.03228759765625, 11.401294708251953, 1.8566386699676514, 8.213940620422363, 4.3393025398254395, -18.028776168823242], [-52.810855865478516, -21.34001922607422, -6.833177089691162, -2.4256322383880615, -22.340818405151367, 20.787261962890625, 76.03228759765625, 115.09974670410156, 36.94847106933594, 3.741166591644287, 0.829646646976471, -6.086665630340576, -7.389479637145996], [-128.71697998046875, -6.825175762176514, 31.084402084350586, 14.09143352508545, 24.2880859375, 13.241878509521484, 11.401294708251953, 36.94847106933594, 94.14704895019531, 23.73313331604004, -13.172211647033691, -11.336101531982422, -16.310302734375], [-18.384859085083008, -8.938294410705566, -14.713409423828125, 17.094005584716797, 22.98773765563965, -19.073240280151367, 1.8566386699676514, 3.741166591644287, 23.73313331604004, 87.55396270751953, 40.35385513305664, -0.4039333164691925, -5.574647903442383], [39.02741622924805, 26.776884078979492, -10.59586238861084, -7.237502574920654, -15.523458480834961, -22.450794219970703, 8.213940620422363, 0.829646646976471, -13.172211647033691, 40.35385513305664, 85.93645477294922, 27.068897247314453, 3.5834038257598877], [34.947898864746094, 5.818684101104736, 3.3467283248901367, -26.95879364013672, -7.4092020988464355, 1.0960640907287598, 4.3393025398254395, -6.086665630340576, -11.336101531982422, -0.4039333164691925, 27.068897247314453, 60.046600341796875, 13.982362747192383], [5.480859279632568, 28.26548194885254, -25.382551193237305, 40.967506408691406, 12.348862648010254, -29.536991119384766, -18.028776168823242, -7.389479637145996, -16.310302734375, -5.574647903442383, 3.5834038257598877, 13.982362747192383, 55.870487213134766]], "lowlevel.mfcc.icov": [[0.000766940473113209, 0.000827485229820013, 0.0005885082646273077, 0.0008534135413356125, 0.0003546779335010797, 0.0006520577589981258, 0.000512081605847925, 3.329379978822544e-05, 0.0003740782558452338, 0.0002675364085007459, -0.00037382106529548764, 0.00013026909437030554, -0.00028902789927087724], [0.000827485229820013, 0.002469741040840745, 0.001416518702171743, 0.0005089717451483011, 0.0008715185103937984, 0.0012587307719513774, -0.0002253450220450759, 0.0011583861196413636, -0.0005967734032310545, 0.0012120730243623257, -0.0011241264874115586, 0.00017288948583882302, -0.0005314441514201462], [0.0005885082646273077, 0.001416518702171743, 0.003849895903840661, 1.545856866869144e-05, 0.0011197669664397836, -0.0012342517729848623, 0.002282768953591585, 6.432390364352614e-05, -0.0011817369377240539, 0.0012105957139283419, -0.0011799883795902133, -0.000554155558347702, 0.0007986438577063382], [0.0008534135413356125, 0.0005089717451483011, 1.545856866869144e-05, 0.007193381432443857, -0.004214596003293991, 0.0019319233251735568, 0.0014058920787647367, -0.0018137067090719938, 0.000884717155713588, 0.0005791526637040079, -0.0014062569243833423, 0.003561264369636774, -0.00392712838947773], [0.0003546779335010797, 0.0008715185103937984, 0.0011197669664397836, -0.004214596003293991, 0.009346646256744862, -0.0024683522060513496, 0.0006347314920276403, 0.002683568513020873, -0.001827484113164246, -0.0022423556074500084, 0.0016900193877518177, -0.001926372293382883, -7.116988126654178e-05], [0.0006520577589981258, 0.0012587307719513774, -0.0012342517729848623, 0.0019319233251735568, -0.0024683522060513496, 0.009301820769906044, -0.003957854583859444, 0.0008313748403452337, 0.0004981386591680348, 0.001996703678742051, 0.0008637614664621651, -0.0004198581737000495, 0.002012178534641862], [0.000512081605847925, -0.0002253450220450759, 0.002282768953591585, 0.0014058920787647367, 0.0006347314920276403, -0.003957854583859444, 0.014718015678226948, -0.009122008457779884, 0.002209804952144623, -0.0007534527685493231, -0.0009984952630475163, -0.0012919955188408494, 0.002337451558560133], [3.329379978822544e-05, 0.0011583861196413636, 6.432390364352614e-05, -0.0018137067090719938, 0.002683568513020873, 0.0008313748403452337, -0.009122008457779884, 0.01743544638156891, -0.007036656141281128, 0.001888452097773552, -0.001516253687441349, 0.0016752119408920407, -0.0022091118153184652], [0.0003740782558452338, -0.0005967734032310545, -0.0011817369377240539, 0.000884717155713588, -0.001827484113164246, 0.0004981386591680348, 0.002209804952144623, -0.007036656141281128, 0.017151134088635445, -0.006395289208739996, 0.005361600313335657, -0.0009069489315152168, 0.0037812197115272284], [0.0002675364085007459, 0.0012120730243623257, 0.0012105957139283419, 0.0005791526637040079, -0.0022423556074500084, 0.001996703678742051, -0.0007534527685493231, 0.001888452097773552, -0.006395289208739996, 0.01984131895005703, -0.011670313775539398, 0.003818108234554529, 0.0009494448895566165], [-0.00037382106529548764, -0.0011241264874115586, -0.0011799883795902133, -0.0014062569243833423, 0.0016900193877518177, 0.0008637614664621651, -0.0009984952630475163, -0.001516253687441349, 0.005361600313335657, -0.011670313775539398, 0.02173205278813839, -0.009465156123042107, 0.002036524936556816], [0.00013026909437030554, 0.00017288948583882302, -0.000554155558347702, 0.003561264369636774, -0.001926372293382883, -0.0004198581737000495, -0.0012919955188408494, 0.0016752119408920407, -0.0009069489315152168, 0.003818108234554529, -0.009465156123042107, 0.024279996752738953, -0.00830800086259842], [-0.00028902789927087724, -0.0005314441514201462, 0.0007986438577063382, -0.00392712838947773, -7.116988126654178e-05, 0.002012178534641862, 0.002337451558560133, -0.0022091118153184652, 0.0037812197115272284, 0.0009494448895566165, 0.002036524936556816, -0.00830800086259842, 0.02612694539129734]], "metadata.audio_properties.analysis.downmix": "mix", "metadata.audio_properties.codec": "mp3", "metadata.audio_properties.md5_encoded": "0932b19c8c0d3e9f4c09ea4c94ca4114", "metadata.tags.file_name": "1183654607138869278.mp3", "metadata.version.essentia": "2.1-beta6-dev", "metadata.version.essentia_git_sha": "v2.1_beta5-1110-g77a6a954", "metadata.version.extractor": "music 2.0", "tonal.chords_key": "A", "tonal.chords_scale": "major", "tonal.key_edma.key": "D", "tonal.key_edma.scale": "minor", "tonal.key_krumhansl.key": "D", "tonal.key_krumhansl.scale": "minor", "tonal.key_temperley.key": "D", "tonal.key_temperley.scale": "minor", "metadata.tags.encoding": ["Lavf58.45.100"]}, "essentia_models": [{"model_name": "genre_dortmund", "activations": {"alternative": "0.009271798", "blues": "0.0011693622", "electronic": "0.0024041515", "folkcountry": "0.0012760008", "funksoulrnb": "0.0038