{"song_id": "1183667308590272522", "download": "https://cdn.discordapp.com/attachments/1135903449314238464/1183667308590272522/chirp.mp4?ex=65892b15&amp", "lyrics": "(Chorus)\n\uaca8\uc6b8\ube44\uc758 \ub178\ub798\uac00 \ub4e4\ub824\uc640\n\ub0b4 \ub9c8\uc74c\uc744 \uc801\uc2dc\ub124\n\uc774\ubcc4\uc758 \uc544\ud514\ub3c4 \uc124\ub818\ub3c4\n\ubaa8\ub450 \ub2e4 \ud568\uaed8 \ub370\ub824\uac00", "style": ["POP</span><span>, Acoustic</span><span>, Classic</span><span>, Symphony</span><span>,"], "essentia_features": {"lowlevel.average_loudness": 0.8736025094985962, "lowlevel.barkbands_crest.mean": 15.597417831420898, "lowlevel.barkbands_crest.stdev": 5.100104808807373, "lowlevel.barkbands_flatness_db.mean": 0.3470619320869446, "lowlevel.barkbands_flatness_db.stdev": 0.11108995229005814, "lowlevel.barkbands_kurtosis.mean": 21.457935333251953, "lowlevel.barkbands_kurtosis.stdev": 30.587753295898438, "lowlevel.barkbands_skewness.mean": 2.969519853591919, "lowlevel.barkbands_skewness.stdev": 2.1919212341308594, "lowlevel.barkbands_spread.mean": 6.5066142082214355, "lowlevel.barkbands_spread.stdev": 16.16704559326172, "lowlevel.dissonance.mean": 0.38973408937454224, "lowlevel.dissonance.stdev": 0.06103411689400673, "lowlevel.dynamic_complexity": 2.976726770401001, "lowlevel.erbbands_crest.mean": 10.310912132263184, "lowlevel.erbbands_crest.stdev": 3.5362823009490967, "lowlevel.erbbands_flatness_db.mean": 0.2612123191356659, "lowlevel.erbbands_flatness_db.stdev": 0.11174199730157852, "lowlevel.erbbands_kurtosis.mean": 2.862651824951172, "lowlevel.erbbands_kurtosis.stdev": 3.8285367488861084, "lowlevel.erbbands_skewness.mean": 1.1850838661193848, "lowlevel.erbbands_skewness.stdev": 0.8456594347953796, "lowlevel.erbbands_spread.mean": 25.178125381469727, "lowlevel.erbbands_spread.stdev": 23.956005096435547, "lowlevel.hfc.mean": 11.728446006774902, "lowlevel.hfc.stdev": 11.731077194213867, "lowlevel.loudness_ebu128.integrated": -11.710177421569824, "lowlevel.loudness_ebu128.loudness_range": 9.92349624633789, "lowlevel.loudness_ebu128.momentary.mean": -13.709582328796387, "lowlevel.loudness_ebu128.momentary.stdev": 7.052909851074219, "lowlevel.loudness_ebu128.short_term.mean": -12.881143569946289, "lowlevel.loudness_ebu128.short_term.stdev": 3.8171932697296143, "lowlevel.melbands_crest.mean": 17.54566192626953, "lowlevel.melbands_crest.stdev": 4.637391567230225, "lowlevel.melbands_flatness_db.mean": 0.4627628028392792, "lowlevel.melbands_flatness_db.stdev": 0.13567133247852325, "lowlevel.melbands_kurtosis.mean": 35.85376739501953, "lowlevel.melbands_kurtosis.stdev": 57.92842102050781, "lowlevel.melbands_skewness.mean": 3.497683525085449, "lowlevel.melbands_skewness.stdev": 2.5104572772979736, "lowlevel.melbands_spread.mean": 6.275209903717041, "lowlevel.melbands_spread.stdev": 18.880897521972656, "lowlevel.pitch_salience.mean": 0.4543534517288208, "lowlevel.pitch_salience.stdev": 0.16514350473880768, "lowlevel.silence_rate_20dB.mean": 1.0, "lowlevel.silence_rate_20dB.stdev": 0.0, "lowlevel.silence_rate_30dB.mean": 0.7428222298622131, "lowlevel.silence_rate_30dB.stdev": 0.4370778501033783, "lowlevel.silence_rate_60dB.mean": 0.020769700407981873, "lowlevel.silence_rate_60dB.stdev": 0.14261141419410706, "lowlevel.spectral_centroid.mean": 431.4353942871094, "lowlevel.spectral_centroid.stdev": 595.5682983398438, "lowlevel.spectral_complexity.mean": 9.141722679138184, "lowlevel.spectral_complexity.stdev": 5.563817977905273, "lowlevel.spectral_decrease.mean": -1.6892972354298763e-08, "lowlevel.spectral_decrease.stdev": 1.5416224741215956e-08, "lowlevel.spectral_energy.mean": 0.06482172757387161, "lowlevel.spectral_energy.stdev": 0.058799758553504944, "lowlevel.spectral_energyband_high.mean": 0.00026118833920918405, "lowlevel.spectral_energyband_high.stdev": 0.0008263682830147445, "lowlevel.spectral_energyband_low.mean": 0.04763210937380791, "lowlevel.spectral_energyband_low.stdev": 0.055354081094264984, "lowlevel.spectral_energyband_middle_high.mean": 0.0008274981519207358, "lowlevel.spectral_energyband_middle_high.stdev": 0.0021858972031623125, "lowlevel.spectral_energyband_middle_low.mean": 0.01790749281644821, "lowlevel.spectral_energyband_middle_low.stdev": 0.017734413966536522, "lowlevel.spectral_entropy.mean": 6.011057376861572, "lowlevel.spectral_entropy.stdev": 0.9429388046264648, "lowlevel.spectral_flux.mean": 0.06902465969324112, "lowlevel.spectral_flux.stdev": 0.08309054374694824, "lowlevel.spectral_kurtosis.mean": 76.8493881225586, "lowlevel.spectral_kurtosis.stdev": 100.71641540527344, "lowlevel.spectral_rms.mean": 0.00705451937392354, "lowlevel.spectral_rms.stdev": 0.0036707529798150063, "lowlevel.spectral_rolloff.mean": 519.3209228515625, "lowlevel.spectral_rolloff.stdev": 1660.4410400390625, "lowlevel.spectral_skewness.mean": 5.491146087646484, "lowlevel.spectral_skewness.stdev": 4.028605937957764, "lowlevel.spectral_spread.mean": 3252869.0, "lowlevel.spectral_spread.stdev": 2892407.0, "lowlevel.spectral_strongpeak.mean": 0.716111421585083, "lowlevel.spectral_strongpeak.stdev": 0.38985946774482727, "lowlevel.zerocrossingrate.mean": 0.022184433415532112, "lowlevel.zerocrossingrate.stdev": 0.051002386957407, "metadata.audio_properties.analysis.equal_loudness": 0.0, "metadata.audio_properties.analysis.length": 37.9722900390625, "metadata.audio_properties.analysis.sample_rate": 44100.0, "metadata.audio_properties.analysis.start_time": 0.0, "metadata.audio_properties.bit_rate": 123586.0, "metadata.audio_properties.length": 37.973331451416016, "metadata.audio_properties.lossless": 0.0, "metadata.audio_properties.number_channels": 1.0, "metadata.audio_properties.replay_gain": -13.15977668762207, "metadata.audio_properties.sample_rate": 48000.0, "rhythm.beats_count": 87.0, "rhythm.beats_loudness.mean": 0.08810567110776901, "rhythm.beats_loudness.stdev": 0.0794982984662056, "rhythm.bpm": 138.42799377441406, "rhythm.bpm_histogram_first_peak_bpm": 140.0, "rhythm.bpm_histogram_first_peak_weight": 0.4117647409439087, "rhythm.bpm_histogram_second_peak_bpm": 133.0, "rhythm.bpm_histogram_second_peak_spread": 0.0, "rhythm.bpm_histogram_second_peak_weight": 0.011627906933426857, "rhythm.danceability": 1.0111156702041626, "rhythm.onset_rate": 3.343174457550049, "tonal.chords_changes_rate": 0.04395604506134987, "tonal.chords_number_rate": 0.007326007355004549, "tonal.chords_strength.mean": 0.45719486474990845, "tonal.chords_strength.stdev": 0.09203764796257019, "tonal.hpcp_crest.mean": 15.693916320800781, "tonal.hpcp_crest.stdev": 6.306450366973877, "tonal.hpcp_entropy.mean": 1.5655890703201294, "tonal.hpcp_entropy.stdev": 0.585411787033081, "tonal.key_edma.strength": 0.8167473077774048, "tonal.key_krumhansl.strength": 0.804570734500885, "tonal.key_temperley.strength": 0.7858421206474304, "tonal.tuning_diatonic_strength": 0.6230180859565735, "tonal.tuning_equal_tempered_deviation": 0.027999622747302055, "tonal.tuning_frequency": 438.98455810546875, "tonal.tuning_nontempered_energy_ratio": 0.612015962600708, "lowlevel.barkbands.mean": [0.00016470027912873775, 0.03755953907966614, 0.008181448094546795, 0.003801478538662195, 0.009903091937303543, 0.0014041364192962646, 0.0014692955883219838, 0.0006985872751101851, 0.00045813177712261677, 0.00027223408687859774, 0.00012952208635397255, 8.266654185717925e-05, 7.363705663010478e-05, 9.332594345323741e-05, 6.583400681847706e-05, 5.35954641236458e-05, 4.9217938794754446e-05, 4.09546701121144e-05, 3.963021663366817e-05, 4.0015998820308596e-05, 4.037108374177478e-05, 3.852534428006038e-05, 5.3443545766640455e-05, 5.1913269999204203e-05, 4.2339372157584876e-05, 1.3372033208725043e-05, 8.493597647429851e-07], "lowlevel.barkbands.stdev": [0.0004174213681835681, 0.04756205528974533, 0.01524040475487709, 0.007775547914206982, 0.011539074592292309, 0.0021739904768764973, 0.0018601645715534687, 0.001028916914947331, 0.0012758191442117095, 0.0005145798204466701, 0.0003830550704151392, 0.0004981542588211596, 0.0002862593100871891, 0.0003304779820609838, 0.0002533806546125561, 0.00020435084297787398, 0.00016300324932672083, 0.00018059431749861687, 0.00027117476565763354, 0.00019353890093043447, 0.00016951961151789874, 0.000135380047140643, 0.00017128392937593162, 0.00017595209646970034, 0.00012382185377646238, 4.281045767129399e-05, 4.25207781518111e-06], "lowlevel.erbbands.mean": [0.6212431192398071, 9.728668212890625, 14.140800476074219, 10.201107025146484, 24.008792877197266, 35.84950637817383, 17.147254943847656, 13.43547534942627, 21.695724487304688, 19.96449089050293, 10.040282249450684, 12.928388595581055, 9.222086906433105, 5.317042827606201, 5.496462821960449, 3.6891393661499023, 3.6560163497924805, 5.043097019195557, 3.711846113204956, 2.9545395374298096, 3.0655343532562256, 2.7043511867523193, 2.574887275695801, 1.8850849866867065, 1.9877527952194214, 1.8745425939559937, 1.8618268966674805, 1.3862334489822388, 1.3270764350891113, 1.6086009740829468, 1.4557640552520752, 1.0777370929718018, 0.8741482496261597, 0.5745956897735596, 0.2447570562362671, 0.08304071426391602, 0.020023398101329803, 0.0027048515621572733, 0.00016636277723591775, 7.480510976165533e-05], "lowlevel.erbbands.stdev": [1.0064629316329956, 12.138423919677734, 20.476516723632812, 21.02959632873535, 35.75902557373047, 43.672115325927734, 17.933414459228516, 20.56371307373047, 28.21794319152832, 22.58843421936035, 18.30300521850586, 34.4140510559082, 12.658499717712402, 18.61935806274414, 13.445237159729004, 22.494403839111328, 13.951688766479492, 17.463916778564453, 13.176447868347168, 11.845788955688477, 10.895546913146973, 9.109260559082031, 10.355501174926758, 11.1466646194458, 12.38054084777832, 9.340054512023926, 8.374794960021973, 5.6217041015625, 4.9051337242126465, 5.68733549118042, 4.603344440460205, 3.997342586517334, 2.8333210945129395, 1.7726399898529053, 0.7098458409309387, 0.25962358713150024, 0.06635043770074844, 0.010338190011680126, 0.000741929339710623, 6.792621570639312e-05], "lowlevel.gfcc.mean": [-128.001220703125, 183.61648559570312, -50.66426467895508, 4.3051581382751465, -38.804283142089844, 2.7120041847229004, -37.24065399169922, 5.625146389007568, -11.298104286193848, -11.637513160705566, -12.051793098449707, -2.64349365234375, -0.93220454454422], "lowlevel.melbands.mean": [0.008399603888392448, 0.009526622481644154, 0.002155154012143612, 0.0023179552517831326, 0.0008063582354225218, 0.00027883818256668746, 0.00033446765155531466, 0.00020987968309782445, 7.887009996920824e-05, 7.460047345375642e-05, 4.308760253479704e-05, 2.0452025637496263e-05, 1.696661456662696e-05, 1.2344587048573885e-05, 7.68655172578292e-06, 7.245100732689025e-06, 1.0057040526589844e-05, 5.88371995036141e-06, 4.319105755712371e-06, 3.943421233998379e-06, 3.409607870707987e-06, 2.6733969207271002e-06, 2.852507805073401e-06, 1.817393240344245e-06, 1.4737539686393575e-06, 1.5556402104266454e-06, 1.3636665698868455e-06, 1.2024507896057912e-06, 1.1841228797493386e-06, 9.468079724683776e-07, 7.606626013512141e-07, 7.426801289511786e-07, 7.554261287623376e-07, 9.69583197729662e-07, 8.798414796729048e-07, 6.912585490681522e-07, 6.581059892596386e-07, 6.15051817476342e-07, 5.613773055301863e-07, 4.6417073917837115e-07], "lowlevel.melbands.stdev": [0.0113949254155159, 0.011667563579976559, 0.0036333994939923286, 0.0030102941673249006, 0.0007087612757459283, 0.0004312024393584579, 0.000427228951593861, 0.00025025472859852016, 0.00017106074665207416, 0.0001879206974990666, 6.157048483146355e-05, 7.765684858895838e-05, 4.671898204833269e-05, 5.161214721738361e-05, 4.636130324797705e-05, 2.7789341402240098e-05, 3.5805118386633694e-05, 2.1556885258178227e-05, 1.754524782882072e-05, 1.5092100511537865e-05, 1.2496268936956767e-05, 9.00839950190857e-06, 1.0499716154299676e-05, 8.559650268580299e-06, 9.289709851145744e-06, 1.1643965990515426e-05, 7.10162521500024e-06, 6.209131242940202e-06, 5.422236426966265e-06, 3.957868102588691e-06, 3.1479830795433372e-06, 3.0034934752620757e-06, 2.5015465325850528e-06, 3.6277003800933016e-06, 2.721349574130727e-06, 2.5240317427233094e-06, 2.5821591407293454e-06, 2.0566665170917986e-06, 1.8257384226672002e-06, 1.4240243899621419e-06], "lowlevel.melbands128.mean": [0.00013284329907037318, 0.0026033485773950815, 0.012599234469234943, 0.018118740990757942, 0.010111495852470398, 0.0032148214522749186, 0.0018122873734682798, 0.0019830495584756136, 0.0023596230894327164, 0.0028326213359832764, 0.0019828041549772024, 0.0012112403055652976, 0.0005140979774296284, 0.00021350535098463297, 0.00035535203642211854, 0.0002591458032839, 0.00023904198314994574, 0.0004664801526814699, 0.0003023077151738107, 0.0001867619575932622, 0.0002207725337939337, 6.516527355415747e-05, 5.449057789519429e-05, 8.449170127278194e-05, 0.00011843873653560877, 4.993131005903706e-05, 3.0127030186122283e-05, 7.002321945037693e-05, 1.7821304936660454e-05, 2.623152977321297e-05, 1.9023722416022792e-05, 1.4075910257815849e-05, 1.3825101632392034e-05, 2.646502252900973e-05, 1.0066470167657826e-05, 1.1059803000534885e-05, 9.466518349654507e-06, 5.099027021060465e-06, 9.334601600130554e-06, 8.514961336913984e-06, 7.082149295456475e-06, 4.106474079890177e-06, 1.1799628737207968e-05, 1.3587551620730665e-05, 4.129482476855628e-06, 5.27436986885732e-06, 6.713723450957332e-06, 3.8075413613114506e-06, 3.706947381942882e-06, 3.9484807530243415e-06, 3.642299816419836e-06, 4.4316343519312795e-06, 3.8439661693701055e-06, 2.8464785373216728e-06, 2.7499784209794598e-06, 2.284767333549098e-06, 2.920528231697972e-06, 3.315435833428637e-06, 2.5838285182544496e-06, 2.5779429506656015e-06, 1.776000544850831e-06, 1.3303276773513062e-06, 1.1757175570892286e-06, 1.6175487189684645e-06, 1.7695485894364538e-06, 1.6482879345858237e-06, 1.3571178669735673e-06, 1.30743228510255e-06, 1.43765612392599e-06, 1.3433480035018874e-06, 1.1448079249021248e-06, 1.2029543086100603e-06, 1.0790141686811694e-06, 1.2066332146787317e-06, 1.3413991837296635e-06, 8.717821629034006e-07, 8.680173664288304e-07, 7.671942512388341e-07, 7.575051199637528e-07, 7.121059866221913e-07, 7.989152095433383e-07, 7.339002650041948e-07, 6.790717748117459e-07, 7.435752991113986e-07, 8.262990149887628e-07, 8.960003015090479e-07, 1.0746388170446153e-06, 1.0113849384651985e-06, 8.75490911766974e-07, 7.876080871938029e-07, 7.309386660381278e-07, 6.777048611184e-07, 5.814756036670587e-07, 6.473433131759521e-07, 7.530940706601541e-07, 5.913616973884928e-07, 5.719776368096063e-07, 6.62698880660173e-07, 5.429743623608374e-07, 5.270943574942066e-07, 5.382828476285795e-07, 4.407812355111673e-07, 4.1076424395214417e-07, 2.9278470492499764e-07, 2.687416724711511e-07, 2.4308619117618946e-07, 1.9744767598695034e-07, 1.775517972646412e-07, 1.3620855554563605e-07, 1.044882296241667e-07, 9.113273335970007e-08, 7.591967232656316e-08, 5.8843362182869896e-08, 4.388612850902973e-08, 3.293203931775679e-08, 2.3150905192892424e-08, 1.7436228461065184e-08, 9.740656281564952e-09, 4.9755044528865255e-09, 3.0537536943597843e-09, 1.9218269198262306e-09, 4.523306174064601e-10, 1.1520799071684795e-11, 1.0760809777965452e-11, 9.716128075709651e-12, 8.280146533701238e-12, 7.55503732491336e-12, 7.415954135503444e-12], "lowlevel.melbands128.stdev": [0.0003875145339407027, 0.00616809818893671, 0.019096074625849724, 0.022685401141643524, 0.014072715304791927, 0.006455679424107075, 0.0047496710903942585, 0.003819519653916359, 0.004255755338817835, 0.004860306158661842, 0.002532342681661248, 0.0011051057372242212, 0.0007944607641547918, 0.00039835512870922685, 0.0006687209825031459, 0.0005279122269712389, 0.00045135102118365467, 0.0007488752016797662, 0.0004194513603579253, 0.0002725472440943122, 0.00036415483918972313, 0.0001487008121330291, 0.00021718459902331233, 0.0003447232593316585, 0.000401054450776428, 8.417195203946903e-05, 4.481601354200393e-05, 0.00010813574772328138, 5.6815872085280716e-05, 0.0001200925835291855, 8.837801578920335e-05, 6.974644202273339e-05, 4.471166175790131e-05, 6.078719889046624e-05, 4.2224703065585345e-05, 7.173429185058922e-05, 8.44071910250932e-05, 5.214419434196316e-05, 4.7344201448140666e-05, 3.275355265941471e-05, 3.3048156183212996e-05, 2.7616102670435794e-05, 4.519505819189362e-05, 5.330354179022834e-05, 2.2827847715234384e-05, 2.295639569638297e-05, 3.0376773793250322e-05, 1.7801316062104888e-05, 1.8731740055955015e-05, 2.105866042256821e-05, 1.6507896361872554e-05, 1.895528293971438e-05, 1.7537659005029127e-05, 1.3341276826395188e-05, 1.037246602209052e-05, 8.636381608084776e-06, 1.347137276752619e-05, 1.324636468780227e-05, 1.164672812592471e-05, 1.0667499736882746e-05, 9.797105121833738e-06, 7.97533994045807e-06, 6.585693427041406e-06, 1.152566710516112e-05, 1.6386959032388404e-05, 1.5384346625069156e-05, 9.56829717324581e-06, 7.576439202239271e-06, 8.001820788194891e-06, 7.313249625440221e-06, 7.012935384409502e-06, 6.5359886320948135e-06, 4.95880885864608e-06, 5.684947609552182e-06, 7.466274837497622e-06, 3.7044512737338664e-06, 3.5934592688136036e-06, 3.592005214159144e-06, 3.3259952942898963e-06, 3.0412043088290375e-06, 3.5787261367659084e-06, 3.215244078091928e-06, 2.5014192033268046e-06, 2.446995722493739e-06, 3.082565854128916e-06, 3.6597955386241665e-06, 4.902818545815535e-06, 3.257167236370151e-06, 2.7609926291916054e-06, 2.97466567644733e-06, 2.782116780508659e-06, 2.6050611268146895e-06, 2.2835799882159336e-06, 2.7092191885458305e-06, 3.3203264138137456e-06, 2.2137965061119758e-06, 1.985992639674805e-06, 2.3313803012570133e-06, 1.8568097175375442e-06, 1.798888661141973e-06, 1.8294878145752591e-06, 1.397932464897167e-06, 1.2689222330664052e-06, 8.746494017941586e-07, 8.875431376509368e-07, 7.842501190680196e-07, 6.345084671011136e-07, 5.781963068329787e-07, 5.0938189133376e-07, 3.544270441580011e-07, 3.2760505064288736e-07, 2.733108601660206e-07, 2.0673184053521254e-07, 1.685086203906394e-07, 1.2764682821853057e-07, 9.223293773175101e-08, 8.250967198364378e-08, 4.385105611959261e-08, 3.62562992961557e-08, 2.9410555768549784e-08, 2.061345583115326e-08, 4.86309037484034e-09, 4.243717530161284e-11, 4.049192578459149e-11, 2.989379924156488e-11, 1.70542607813573e-11, 1.3659286375589108e-11, 1.3474086429932086e-11], "lowlevel.mfcc.mean": [-786.3275146484375, 215.05935668945312, 54.23899841308594, 14.475360870361328, 22.70897674560547, 0.8535747528076172, -7.568778991699219, 8.887325286865234, 6.388894557952881, -4.170534133911133, -3.9727821350097656, 0.028342293575406075, 0.0027949537616223097], "lowlevel.spectral_contrast_coeffs.mean": [-0.6350361704826355, -0.6916897892951965, -0.7302493453025818, -0.7926419377326965, -0.7780645489692688, -0.837568461894989], "lowlevel.spectral_contrast_coeffs.stdev": [0.0698985606431961, 0.06803090125322342, 0.07487674802541733, 0.05033247172832489, 0.06550824642181396, 0.058358073234558105], "lowlevel.spectral_contrast_valleys.mean": [-6.5144758224487305, -7.326307773590088, -8.692695617675781, -9.504840850830078, -10.492573738098145, -12.35305404663086], "lowlevel.spectral_contrast_valleys.stdev": [1.4730174541473389, 1.3636138439178467, 1.2813066244125366, 1.4787590503692627, 2.177065372467041, 2.318582057952881], "rhythm.beats_loudness_band_ratio.mean": [0.6672735214233398, 0.2515980005264282, 0.08172011375427246, 0.015123041346669197, 0.011075031012296677, 0.010532330721616745], "rhythm.beats_loudness_band_ratio.stdev": [0.2855224311351776, 0.2233700305223465, 0.08235320448875427, 0.023722680285573006, 0.03167473524808884, 0.02532733976840973], "tonal.hpcp.mean": [0.17954206466674805, 0.12300486117601395, 0.0866403803229332, 0.1670328825712204, 0.11430250108242035, 0.018140502274036407, 0.00941529031842947, 0.007281306199729443, 0.12436141073703766, 0.25257328152656555, 0.14178505539894104, 0.013323919847607613, 0.007862038910388947, 0.013805116526782513, 0.07349559664726257, 0.2904592752456665, 0.24999383091926575, 0.030610479414463043, 0.010965157300233841, 0.007122332695871592, 0.01004431489855051, 0.01897120475769043, 0.023334836587309837, 0.21835102140903473, 0.4050133228302002, 0.20718199014663696, 0.016372019425034523, 0.010174991562962532, 0.010340388864278793, 0.07109019160270691, 0.12013077735900879, 0.06041376292705536, 0.00677802599966526, 0.006785278674215078, 0.014121885411441326, 0.08817640691995621], "tonal.hpcp.stdev": [0.31170159578323364, 0.23148725926876068, 0.1797177493572235, 0.31409671902656555, 0.22730745375156403, 0.10429094731807709, 0.07048513740301132, 0.052727144211530685, 0.19164325296878815, 0.3458506166934967, 0.20008845627307892, 0.08407792448997498, 0.06371775269508362, 0.09210175275802612, 0.1567346751689911, 0.403995156288147, 0.3612769544124603, 0.12124999612569809, 0.08078259974718094, 0.06589443981647491, 0.06605071574449539, 0.10195815563201904, 0.10788029432296753, 0.2604306936264038, 0.43598026037216187, 0.24567224085330963, 0.10025536268949509, 0.07405418902635574, 0.06963689625263214, 0.17692874372005463, 0.26149287819862366, 0.13951420783996582, 0.041892535984516144, 0.0519895926117897, 0.07803846895694733, 0.17937012016773224], "rhythm.beats_position": [0.4760090708732605, 0.9287981986999512, 1.369977355003357, 1.8111563920974731, 2.252335548400879, 2.693514585494995, 3.1230838298797607, 3.5526530742645264, 3.982222080230713, 4.423401355743408, 4.852970600128174, 5.282539367675781, 5.723718643188477, 6.153287887573242, 6.582857131958008, 7.012426376342773, 7.441995143890381, 7.883174419403076, 8.324353218078613, 8.765532493591309, 9.195101737976074, 9.62467098236084, 10.054240226745605, 10.4954195022583, 10.924988746643066, 11.354557991027832, 11.784127235412598, 12.213695526123047, 12.631654739379883, 13.061223983764648, 13.490793228149414, 13.93197250366211, 14.373151779174805, 14.8143310546875, 15.255510330200195, 15.685078620910645, 16.114648818969727, 16.555828094482422, 16.973787307739258, 17.414966583251953, 17.856143951416016, 18.28571319580078, 18.715282440185547, 19.156461715698242, 19.586030960083008, 20.015600204467773, 20.45677947998047, 20.886348724365234, 21.31591796875, 21.757097244262695, 22.18666648864746, 22.616235733032227, 23.034194946289062, 23.475374221801758, 23.916553497314453, 24.34612274169922, 24.775691986083984, 25.20526123046875, 25.634828567504883, 26.076007843017578, 26.517187118530273, 26.95836639404297, 27.387935638427734, 27.8175048828125, 28.258684158325195, 28.68825340270996, 29.117822647094727, 29.547391891479492, 29.976961135864258, 30.418140411376953, 30.84770965576172, 31.277278900146484, 31.71845817565918, 32.14802551269531, 32.57759475708008, 33.018775939941406, 33.44834518432617, 33.87791442871094, 34.319091796875, 34.748661041259766, 35.17823028564453, 35.6077995300293, 36.03736877441406, 36.47854995727539, 36.90811538696289, 37.337684631347656, 37.778865814208984], "rhythm.bpm_histogram": [0.0, 0.0, 0.0, 0.0, 0.0, 0.0, 0.0, 0.0, 0.0, 0.0, 0.0, 0.0, 0.0, 0.0, 0.0, 0.0, 0.0, 0.0, 0.0, 0.0, 0.0, 0.0, 0.0, 0.0, 0.0, 0.0, 0.0, 0.0, 0.0, 0.0, 0.0, 0.0, 0.0, 0.0, 0.0, 0.0, 0.0, 0.0, 0.0, 0.0, 0.0, 0.0, 0.0, 0.0, 0.0, 0.0, 0.0, 0.0, 0.0, 0.0, 0.0, 0.0, 0.0, 0.0, 0.0, 0.0, 0.0, 0.0, 0.0, 0.0, 0.0, 0.0, 0.0, 0.0, 0.0, 0.0, 0.0, 0.0, 0.0, 0.0, 0.0, 0.0, 0.0, 0.0, 0.0, 0.0, 0.0, 0.0, 0.0, 0.0, 0.0, 0.0, 0.0, 0.0, 0.0, 0.0, 0.0, 0.0, 0.0, 0.0, 0.0, 0.0, 0.0, 0.0, 0.0, 0.0, 0.0, 0.0, 0.0, 0.0, 0.0, 0.0, 0.0, 0.0, 0.0, 0.0, 0.0, 0.0, 0.0, 0.0, 0.0, 0.0, 0.0, 0.0, 0.0, 0.0, 0.0, 0.0, 0.0, 0.0, 0.0, 0.0, 0.0, 0.0, 0.0, 0.0, 0.0, 0.0, 0.0, 0.0, 0.0, 0.0, 0.0, 0.011627906933426857, 0.0, 0.0, 0.3720930218696594, 0.0, 0.0, 0.0, 0.5813953280448914, 0.0, 0.0, 0.0, 0.03488372266292572, 0.0, 0.0, 0.0, 0.0, 0.0, 0.0, 0.0, 0.0, 0.0, 0.0, 0.0, 0.0, 0.0, 0.0, 0.0, 0.0, 0.0, 0.0, 0.0, 0.0, 0.0, 0.0, 0.0, 0.0, 0.0, 0.0, 0.0, 0.0, 0.0, 0.0, 0.0, 0.0, 0.0, 0.0, 0.0, 0.0, 0.0, 0.0, 0.0, 0.0, 0.0, 0.0, 0.0, 0.0, 0.0, 0.0, 0.0, 0.0, 0.0, 0.0, 0.0, 0.0, 0.0, 0.0, 0.0, 0.0, 0.0, 0.0, 0.0, 0.0, 0.0, 0.0, 0.0, 0.0, 0.0, 0.0, 0.0, 0.0, 0.0, 0.0, 0.0, 0.0, 0.0, 0.0, 0.0, 0.0, 0.0, 0.0, 0.0, 0.0, 0.0, 0.0, 0.0, 0.0, 0.0, 0.0, 0.0, 0.0, 0.0, 0.0, 0.0, 0.0, 0.0, 0.0, 0.0, 0.0, 0.0, 0.0, 0.0, 0.0, 0.0, 0.0, 0.0, 0.0, 0.0], "tonal.chords_histogram": [7.936507701873779, 5.860805988311768, 63.61416244506836, 0.0, 1.3431013822555542, 0.0, 0.24420024454593658, 0.0, 0.0, 0.0, 0.0, 0.0, 0.0, 0.0, 0.0, 0.0, 0.0, 0.0, 0.0, 0.9768009781837463, 0.0, 7.203907012939453, 0.0, 12.820512771606445], "tonal.thpcp": [1.0, 0.5115436315536499, 0.04042340815067291, 0.025122608989477158, 0.0255309846252203, 0.17552556097507477, 0.29660943150520325, 0.14916488528251648, 0.016735315322875977, 0.016753222793340683, 0.03486770763993263, 0.21771235764026642, 0.44329914450645447, 0.30370572209358215, 0.21391983330249786, 0.4124132990837097, 0.2822191119194031, 0.04478989169001579, 0.02324686571955681, 0.017977941781282425, 0.30705511569976807, 0.6236172318458557, 0.35007503628730774, 0.03289748355746269, 0.019411802291870117, 0.03408558666706085, 0.18146464228630066, 0.7171598076820374, 0.6172484159469604, 0.07557894289493561, 0.0270735714584589, 0.017585428431630135, 0.02479996159672737, 0.04684093967080116, 0.05761498585343361, 0.539120614528656], "lowlevel.gfcc.cov": [[23358.251953125, -5444.3935546875, 734.409912109375, 4115.7587890625, -2406.550048828125, 2498.955322265625, -1048.4876708984375, 588.0548095703125, -280.6784973144531, 1286.9041748046875, -444.29949951171875, -112.31201934814453, -693.1055297851562], [-5444.3935546875, 6497.26513671875, -398.55426025390625, -2788.79833984375, 1673.6165771484375, -1755.46044921875, 526.4949951171875, -380.298828125, 367.5573425292969, -1029.305908203125, 317.3624572753906, -96.22512817382812, 489.13604736328125], [734.409912109375, -398.55426025390625, 843.333984375, 338.02105712890625, -144.4688720703125, 493.1251525878906, 36.5054817199707, -0.17155961692333221, 49.63979721069336, 142.6290740966797, 38.848018646240234, 14.52922534942627, -35.519264221191406], [4115.7587890625, -2788.79833984375, 338.02105712890625, 1675.906982421875, -718.1307983398438, 841.7438354492188, -225.85443115234375, 242.67015075683594, -61.0052490234375, 505.19635009765625, -114.05853271484375, 22.37130355834961, -165.01754760742188], [-2406.550048828125, 1673.6165771484375, -144.4688720703125, -718.1307983398438, 738.333251953125, -488.4079284667969, 221.37657165527344, -48.6278076171875, 168.92347717285156, -246.0064697265625, 127.52802276611328, -7.978248596191406, 171.1087646484375], [2498.955322265625, -1755.46044921875, 493.1251525878906, 841.7438354492188, -488.4079284667969, 888.8948364257812, -85.45275115966797, 84.42195129394531, -71.68550872802734, 361.9796142578125, -29.81827163696289, 1.5463660955429077, -166.7439422607422], [-1048.4876708984375, 526.4949951171875, 36.5054817199707, -225.85443115234375, 221.37657165527344, -85.45275115966797, 283.4922180175781, 9.61337947845459, 57.24081039428711, -55.46903991699219, 100.23824310302734, 18.859594345092773, 81.53157806396484], [588.0548095703125, -380.298828125, -0.17155961692333221, 242.67015075683594, -48.6278076171875, 84.42195129394531, 9.61337947845459, 157.7461395263672, 53.9741096496582, 56.38102722167969, 9.7369384765625, 43.470924377441406, 8.24106216430664], [-280.6784973144531, 367.5573425292969, 49.63979721069336, -61.0052490234375, 168.92347717285156, -71.68550872802734, 57.24081039428711, 53.9741096496582, 195.50872802734375, -12.123222351074219, 38.45075225830078, 14.981487274169922, 72.33634948730469], [1286.9041748046875, -1029.305908203125, 142.6290740966797, 505.19635009765625, -246.0064697265625, 361.9796142578125, -55.46903991699219, 56.38102722167969, -12.123222351074219, 307.3951721191406, -3.743490695953369, -21.8071231842041, -64.057373046875], [-444.29949951171875, 317.3624572753906, 38.848018646240234, -114.05853271484375, 127.52802276611328, -29.81827163696289, 100.23824310302734, 9.7369384765625, 38.45075225830078, -3.743490695953369, 120.03401947021484, 20.575328826904297, 40.511146545410156], [-112.31201934814453, -96.22512817382812, 14.52922534942627, 22.37130355834961, -7.978248596191406, 1.5463660955429077, 18.859594345092773, 43.470924377441406, 14.981487274169922, -21.8071231842041, 20.575328826904297, 108.92798614501953, 26.395036697387695], [-693.1055297851562, 489.13604736328125, -35.519264221191406, -165.01754760742188, 171.1087646484375, -166.7439422607422, 81.53157806396484, 8.24106216430664, 72.33634948730469, -64.057373046875, 40.511146545410156, 26.395036697387695, 133.63548278808594]], "lowlevel.gfcc.icov": [[0.0003075682034250349, -0.0010856377193704247, 0.0004821500915568322, -0.001115636550821364, 0.0006535970023833215, -0.0009427948971278965, 0.0004395744181238115, -0.001038205111399293, 0.0006619170890189707, -0.0012276852503418922, 0.001149592106230557, -0.0008686428773216903, 0.0009783075656741858], [-0.0010856377193704247, 0.005454522557556629, -0.002221234841272235, 0.0049793915823102, -0.002743820659816265, 0.0041535538621246815, -0.001424203859642148, 0.004622945562005043, -0.0036827169824391603, 0.006624236702919006, -0.00613447604700923, 0.005261257756501436, -0.004768302198499441], [0.0004821500915568322, -0.002221234841272235, 0.003221107879653573, -0.002301641507074237, 0.0012757627991959453, -0.0035767180379480124, 0.00039657732122577727, -0.00034534267615526915, 0.0001121289242291823, -0.0016399453161284328, 0.0016996474005281925, -0.0022133970633149147, 0.0014030378079041839], [-0.001115636550821364, 0.0049793915823102, -0.002301641507074237, 0.007012456655502319, -0.0020467594731599092, 0.0032757967710494995, -0.0009716315544210374, 0.0018788134912028909, -0.00290177995339036, 0.004010909702628851, -0.004317234270274639, 0.004535665735602379, -0.004873298108577728], [0.0006535970023833215, -0.002743820659816265, 0.0012757627991959453, -0.0020467594731599092, 0.005744978319853544, -0.0015606018714606762, -0.00012015177344437689, -0.0022066712845116854, -0.0004760173906106502, -0.002141508273780346, 0.000923395564313978, -0.0010083442321047187, 0.0013011672999709845], [-0.0009427948971278965, 0.0041535538621246815, -0.0035767180379480124, 0.0032757967710494995, -0.0015606018714606762, 0.00805592443794012, -0.002040117746219039, 0.0031200991943478584, -0.0020587376784533262, 0.0023612838704138994, -0.004610722418874502, 0.003222919534891844, -0.0008886969881132245], [0.0004395744181238115, -0.001424203859642148, 0.00039657732122577727, -0.0009716315544210374, -0.00012015177344437689, -0.002040117746219039, 0.0068437326699495316, -0.002656764816492796, 0.0016169473528862, -0.0013594933552667499, -0.0016764573520049453, -0.0007273948867805302, -0.0008799164206720889], [-0.001038205111399293, 0.004622945562005043, -0.00034534267615526915, 0.0018788134912028909, -0.0022066712845116854, 0.0031200991943478584, -0.002656764816492796, 0.016709884628653526, -0.007261552847921848, 0.006822605151683092, -0.006514252629131079, 0.0007611280307173729, -0.003743021050468087], [0.0006619170890189707, -0.0036827169824391603, 0.0001121289242291823, -0.00290177995339036, -0.0004760173906106502, -0.0020587376784533262, 0.0016169473528862, -0.007261552847921848, 0.01193066406995058, -0.006316725630313158, 0.005007142201066017, -0.003354717046022415, 0.0005200324812904], [-0.0012276852503418922, 0.006624236702919006, -0.0016399453161284328, 0.004010909702628851, -0.002141508273780346, 0.0023612838704138994, -0.0013594933552667499, 0.006822605151683092, -0.006316725630313158, 0.01765618287026882, -0.011077283881604671, 0.009402234107255936, -0.006616147700697184], [0.001149592106230557, -0.00613447604700923, 0.0016996474005281925, -0.004317234270274639, 0.000923395564313978, -0.004610722418874502, -0.0016764573520049453, -0.006514252629131079, 0.005007142201066017, -0.011077283881604671, 0.02178068459033966, -0.008817837573587894, 0.0051445686258375645], [-0.0008686428773216903, 0.005261257756501436, -0.0022133970633149147, 0.004535665735602379, -0.0010083442321047187, 0.003222919534891844, -0.0007273948867805302, 0.0007611280307173729, -0.003354717046022415, 0.009402234107255936, -0.008817837573587894, 0.017842130735516548, -0.007568995468318462], [0.0009783075656741858, -0.004768302198499441, 0.0014030378079041839, -0.004873298108577728, 0.0013011672999709845, -0.0008886969881132245, -0.0008799164206720889, -0.003743021050468087, 0.0005200324812904, -0.006616147700697184, 0.0051445686258375645, -0.007568995468318462, 0.01884063147008419]], "lowlevel.mfcc.cov": [[16152.5322265625, -6307.50244140625, 1337.1845703125, 1180.28857421875, 113.35774993896484, 897.8899536132812, 326.62677001953125, -383.8746643066406, -46.282569885253906, 753.6243896484375, 472.13409423828125, 173.52386474609375, 269.7097473144531], [-6307.50244140625, 6222.05615234375, -848.6432495117188, -784.77001953125, 213.81417846679688, -653.1141357421875, -305.5663146972656, 344.99493408203125, 83.54676055908203, -443.359619140625, -206.46847534179688, -86.0451431274414, -182.4143829345703], [1337.1845703125, -848.6432495117188, 868.772705078125, 102.57102966308594, -36.608089447021484, 325.523193359375, 138.50157165527344, -28.739133834838867, -9.656927108764648, 106.06517791748047, 48.183387756347656, 54.0679931640625, 85.28455352783203], [1180.28857421875, -784.77001953125, 102.57102966308594, 458.3406066894531, 81.61919403076172, 57.36520004272461, 45.73054885864258, -14.656615257263184, 82.36744689941406, 99.186279296875, 14.283891677856445, 60.50022506713867, 100.53716278076172], [113.35774993896484, 213.81417846679688, -36.608089447021484, 81.61919403076172, 223.5418701171875, 12.947793006896973, -42.668968200683594, 21.810508728027344, 54.56589126586914, 37.823577880859375, 26.581262588500977, 21.93252944946289, 31.69007110595703], [897.8899536132812, -653.1141357421875, 325.523193359375, 57.36520004272461, 12.947793006896973, 340.5119323730469, 163.8703155517578, -63.568115234375, -2.0833356380462646, 130.8160858154297, 86.62564849853516, 45.03254699707031, 21.079269409179688], [326.62677001953125, -305.5663146972656, 138.50157165527344, 45.73054885864258, -42.668968200683594, 163.8703155517578, 261.1961364746094, -6.700838088989258, -16.66069984436035, 69.10201263427734, 41.62324905395508, 51.5349235534668, 25.27325439453125], [-383.8746643066406, 344.99493408203125, -28.739133834838867, -14.656615257263184, 21.810508728027344, -63.568115234375, -6.700838088989258, 197.43463134765625, 42.3027229309082, -49.50188446044922, -22.0411319732666, 12.835869789123535, 40.61635208129883], [-46.282569885253906, 83.54676055908203, -9.656927108764648, 82.36744689941406, 54.56589126586914, -2.0833356380462646, -16.66069984436035, 42.3027229309082, 130.0157928466797, 34.73346710205078, -14.151887893676758, 31.55483055114746, 33.557640075683594], [753.6243896484375, -443.359619140625, 106.06517791748047, 99.186279296875, 37.823577880859375, 130.8160858154297, 69.10201263427734, -49.50188446044922, 34.73346710205078, 195.0321807861328, 94.64712524414062, 27.38288688659668, 5.389009952545166], [472.13409423828125, -206.46847534179688, 48.183387756347656, 14.283891677856445, 26.581262588500977, 86.62564849853516, 41.62324905395508, -22.0411319732666, -14.151887893676758, 94.64712524414062, 132.75791931152344, 22.202220916748047, -15.695220947265625], [173.52386474609375, -86.0451431274414, 54.0679931640625, 60.50022506713867, 21.93252944946289, 45.03254699707031, 51.5349235534668, 12.835869789123535, 31.55483055114746, 27.38288688659668, 22.202220916748047, 93.99940490722656, 46.8138427734375], [269.7097473144531, -182.4143829345703, 85.28455352783203, 100.53716278076172, 31.69007110595703, 21.079269409179688, 25.27325439453125, 40.61635208129883, 33.557640075683594, 5.389009952545166, -15.695220947265625, 46.8138427734375, 137.78817749023438]], "lowlevel.mfcc.icov": [[0.00012161418271716684, 8.742026693653315e-05, -7.487744733225554e-05, -0.00012481602607294917, -8.86054040165618e-05, 2.0240793219272746e-06, 6.02594627707731e-05, 9.286945896747056e-06, 0.00011697640729835257, -0.00010824467608472332, -0.00017198272689711303, 1.0110043149325065e-05, -2.590139047242701e-05], [8.742026693653315e-05, 0.0004207175225019455, -4.069378337590024e-05, 0.0005322443321347237, -0.0006844892050139606, 0.000522713758982718, -0.00022847639047540724, -0.00020826759282499552, -0.000374400318833068, 0.0002780914364848286, -4.2096948163816705e-05, -0.0001405203074682504, 0.00032670784275978804], [-7.487744733225554e-05, -4.069378337590024e-05, 0.0021107441280037165, -0.00011782068759202957, 0.0007319797878153622, -0.0022887210361659527, 0.0005930179031565785, -0.00045633860281668603, 0.0005062328418716788, -0.0001708946074359119, 0.0006377589888870716, -0.00019860747852362692, -0.0008967442554421723], [-0.00012481602607294917, 0.0005322443321347237, -0.00011782068759202957, 0.004504170268774033, -0.0016739038983359933, 0.001544805010780692, -0.0010123770916834474, 0.00045373543980531394, -0.0020699179731309414, -0.0006421887082979083, 0.0007513093878515065, -0.000654593575745821, -0.0012267890851944685], [-8.86054040165618e-05, -0.0006844892050139606, 0.0007319797878153622, -0.0016739038983359933, 0.007167208939790726, -0.002202348317950964, 0.0023029358126223087, -0.00029250665102154016, -0.0006353915669023991, -0.0007658760296180844, -0.001280277851037681, -0.00014951419143471867, -0.0015224303351715207], [2.0240793219272746e-06, 0.000522713758982718, -0.0022887210361659527, 0.001544805010780692, -0.002202348317950964, 0.008966442197561264, -0.003978729248046875, 0.0016275809612125158, -0.001515982672572136, -0.0009876401163637638, -0.001790381851606071, -0.00010615790961310267, 0.0006022783345542848], [6.02594627707731e-05, -0.00022847639047540724, 0.0005930179031565785, -0.0010123770916834474, 0.0023029358126223087, -0.003978729248046875, 0.007255411706864834, -0.001380633213557303, 0.002542441710829735, -0.0017388053238391876, 0.0008853623876348138, -0.002789029385894537, -0.0003963586932513863], [9.286945896747056e-06, -0.00020826759282499552, -0.00045633860281668603, 0.00045373543980531394, -0.00029250665102154016, 0.0016275809612125158, -0.001380633213557303, 0.007331188302487135, -0.002997525269165635, 0.002236852888017893, -0.001896803849376738, 0.000732396962121129, -0.002254385966807604], [0.00011697640729835257, -0.000374400318833068, 0.0005062328418716788, -0.0020699179731309414, -0.0006353915669023991, -0.001515982672572136, 0.002542441710829735, -0.002997525269165635, 0.013700839132070541, -0.005222653970122337, 0.004674033261835575, -0.003786601359024644, -4.5934288209537044e-05], [-0.00010824467608472332, 0.0002780914364848286, -0.0001708946074359119, -0.0006421887082979083, -0.0007658760296180844, -0.0009876401163637638, -0.0017388053238391876, 0.002236852888017893, -0.005222653970122337, 0.012773298658430576, -0.007237238809466362, 0.0017632346134632826, 0.0004901258507743478], [-0.00017198272689711303, -4.2096948163816705e-05, 0.0006377589888870716, 0.0007513093878515065, -0.001280277851037681, -0.001790381851606071, 0.0008853623876348138, -0.001896803849376738, 0.004674033261835575, -0.007237238809466362, 0.015215852297842503, -0.003953103441745043, 0.0025240646209567785], [1.0110043149325065e-05, -0.0001405203074682504, -0.00019860747852362692, -0.000654593575745821, -0.00014951419143471867, -0.00010615790961310267, -0.002789029385894537, 0.000732396962121129, -0.003786601359024644, 0.0017632346134632826, -0.003953103441745043, 0.016445547342300415, -0.0044434210285544395], [-2.590139047242701e-05, 0.00032670784275978804, -0.0008967442554421723, -0.0012267890851944685, -0.0015224303351715207, 0.0006022783345542848, -0.0003963586932513863, -0.002254385966807604, -4.5934288209537044e-05, 0.0004901258507743478, 0.0025240646209567785, -0.0044434210285544395, 0.011975341476500034]], "metadata.audio_properties.analysis.downmix": "mix", "metadata.audio_properties.codec": "mp3", "metadata.audio_properties.md5_encoded": "24a8602a50bddc986a1265816f9b8475", "metadata.tags.file_name": "1183667308590272522.mp3", "metadata.version.essentia": "2.1-beta6-dev", "metadata.versi