{"song_id": "1183714659988148276", "download": "https://cdn.discordapp.com/attachments/1135903449314238464/1183714659988148276/chirp.mp4?ex=6589572f&amp", "lyrics": "Sana, at thirteen, in Okinawa's embrace,\nShort black hair framing a gentle face.\nEyes that twinkle, like stars in the night,\nHer spirit blossoms, pure and bright.\n\nIn the land of cherry blossoms, she dreams,\nA world of possibilities, in gentle streams.\nWith laughter that echoes through the island breeze,\nSana dances through life with such ease.", "style": ["forr\u00f3"], "essentia_features": {"lowlevel.average_loudness": 0.9338868260383606, "lowlevel.barkbands_crest.mean": 13.016338348388672, "lowlevel.barkbands_crest.stdev": 3.2833139896392822, "lowlevel.barkbands_flatness_db.mean": 0.3724648058414459, "lowlevel.barkbands_flatness_db.stdev": 0.06106850877404213, "lowlevel.barkbands_kurtosis.mean": 8.264732360839844, "lowlevel.barkbands_kurtosis.stdev": 10.639909744262695, "lowlevel.barkbands_skewness.mean": 1.6073999404907227, "lowlevel.barkbands_skewness.stdev": 1.092795968055725, "lowlevel.barkbands_spread.mean": 3.188912868499756, "lowlevel.barkbands_spread.stdev": 2.238279342651367, "lowlevel.dissonance.mean": 0.3278341591358185, "lowlevel.dissonance.stdev": 0.06613928079605103, "lowlevel.dynamic_complexity": 1.950934886932373, "lowlevel.erbbands_crest.mean": 12.910558700561523, "lowlevel.erbbands_crest.stdev": 4.285017967224121, "lowlevel.erbbands_flatness_db.mean": 0.3424743711948395, "lowlevel.erbbands_flatness_db.stdev": 0.05763131007552147, "lowlevel.erbbands_kurtosis.mean": 3.5812554359436035, "lowlevel.erbbands_kurtosis.stdev": 3.660369634628296, "lowlevel.erbbands_skewness.mean": 1.2753641605377197, "lowlevel.erbbands_skewness.stdev": 0.7287826538085938, "lowlevel.erbbands_spread.mean": 11.0750093460083, "lowlevel.erbbands_spread.stdev": 7.851139545440674, "lowlevel.hfc.mean": 9.520835876464844, "lowlevel.hfc.stdev": 5.908679485321045, "lowlevel.loudness_ebu128.integrated": -30.051578521728516, "lowlevel.loudness_ebu128.loudness_range": 2.864625930786133, "lowlevel.loudness_ebu128.momentary.mean": -30.40870475769043, "lowlevel.loudness_ebu128.momentary.stdev": 1.7903661727905273, "lowlevel.loudness_ebu128.short_term.mean": -30.090293884277344, "lowlevel.loudness_ebu128.short_term.stdev": 0.9894413948059082, "lowlevel.melbands_crest.mean": 16.347183227539062, "lowlevel.melbands_crest.stdev": 4.170767307281494, "lowlevel.melbands_flatness_db.mean": 0.4829874634742737, "lowlevel.melbands_flatness_db.stdev": 0.07958149909973145, "lowlevel.melbands_kurtosis.mean": 10.107653617858887, "lowlevel.melbands_kurtosis.stdev": 15.079015731811523, "lowlevel.melbands_skewness.mean": 1.8453588485717773, "lowlevel.melbands_skewness.stdev": 1.1148070096969604, "lowlevel.melbands_spread.mean": 4.099411964416504, "lowlevel.melbands_spread.stdev": 2.5284407138824463, "lowlevel.pitch_salience.mean": 0.5404677987098694, "lowlevel.pitch_salience.stdev": 0.09401625394821167, "lowlevel.silence_rate_20dB.mean": 1.0, "lowlevel.silence_rate_20dB.stdev": 0.0, "lowlevel.silence_rate_30dB.mean": 0.98740553855896, "lowlevel.silence_rate_30dB.stdev": 0.11151528358459473, "lowlevel.silence_rate_60dB.mean": 0.0012594457948580384, "lowlevel.silence_rate_60dB.stdev": 0.03546663373708725, "lowlevel.spectral_centroid.mean": 323.73345947265625, "lowlevel.spectral_centroid.stdev": 93.55144500732422, "lowlevel.spectral_complexity.mean": 8.801007270812988, "lowlevel.spectral_complexity.stdev": 2.0292413234710693, "lowlevel.spectral_decrease.mean": -9.091278840855921e-09, "lowlevel.spectral_decrease.stdev": 5.297131178139125e-09, "lowlevel.spectral_energy.mean": 0.03517608344554901, "lowlevel.spectral_energy.stdev": 0.02046504057943821, "lowlevel.spectral_energyband_high.mean": 2.2533024093718268e-05, "lowlevel.spectral_energyband_high.stdev": 9.43640770856291e-05, "lowlevel.spectral_energyband_low.mean": 0.011900901794433594, "lowlevel.spectral_energyband_low.stdev": 0.010779506526887417, "lowlevel.spectral_energyband_middle_high.mean": 0.00045771614531986415, "lowlevel.spectral_energyband_middle_high.stdev": 0.0005704907234758139, "lowlevel.spectral_energyband_middle_low.mean": 0.026911387220025063, "lowlevel.spectral_energyband_middle_low.stdev": 0.017762817442417145, "lowlevel.spectral_entropy.mean": 5.402458667755127, "lowlevel.spectral_entropy.stdev": 0.4604377746582031, "lowlevel.spectral_flux.mean": 0.03152712807059288, "lowlevel.spectral_flux.stdev": 0.023571446537971497, "lowlevel.spectral_kurtosis.mean": 103.93770599365234, "lowlevel.spectral_kurtosis.stdev": 78.9423828125, "lowlevel.spectral_rms.mean": 0.005623995326459408, "lowlevel.spectral_rms.stdev": 0.001639781054109335, "lowlevel.spectral_rolloff.mean": 384.28790283203125, "lowlevel.spectral_rolloff.stdev": 309.7977294921875, "lowlevel.spectral_skewness.mean": 7.549887657165527, "lowlevel.spectral_skewness.stdev": 3.165956974029541, "lowlevel.spectral_spread.mean": 1568494.125, "lowlevel.spectral_spread.stdev": 1535658.0, "lowlevel.spectral_strongpeak.mean": 1.0949747562408447, "lowlevel.spectral_strongpeak.stdev": 0.8039953112602234, "lowlevel.zerocrossingrate.mean": 0.015729235485196114, "lowlevel.zerocrossingrate.stdev": 0.00838017649948597, "metadata.audio_properties.analysis.equal_loudness": 0.0, "metadata.audio_properties.analysis.length": 36.8426513671875, "metadata.audio_properties.analysis.sample_rate": 44100.0, "metadata.audio_properties.analysis.start_time": 0.0, "metadata.audio_properties.bit_rate": 103922.0, "metadata.audio_properties.length": 36.84266662597656, "metadata.audio_properties.lossless": 0.0, "metadata.audio_properties.number_channels": 1.0, "metadata.audio_properties.replay_gain": 3.438222885131836, "metadata.audio_properties.sample_rate": 48000.0, "rhythm.beats_count": 97.0, "rhythm.beats_loudness.mean": 0.051106300204992294, "rhythm.beats_loudness.stdev": 0.026153435930609703, "rhythm.bpm": 161.4989776611328, "rhythm.bpm_histogram_first_peak_bpm": 161.0, "rhythm.bpm_histogram_first_peak_weight": 0.3440859913825989, "rhythm.bpm_histogram_second_peak_bpm": 152.0, "rhythm.bpm_histogram_second_peak_spread": 0.0, "rhythm.bpm_histogram_second_peak_weight": 0.02083333395421505, "rhythm.danceability": 1.113656997680664, "rhythm.onset_rate": 2.794229745864868, "tonal.chords_changes_rate": 0.015094339847564697, "tonal.chords_number_rate": 0.006289307959377766, "tonal.chords_strength.mean": 0.5476486682891846, "tonal.chords_strength.stdev": 0.09052667021751404, "tonal.hpcp_crest.mean": 20.88168716430664, "tonal.hpcp_crest.stdev": 8.197172164916992, "tonal.hpcp_entropy.mean": 1.1391115188598633, "tonal.hpcp_entropy.stdev": 0.5812220573425293, "tonal.key_edma.strength": 0.836926281452179, "tonal.key_krumhansl.strength": 0.8258037567138672, "tonal.key_temperley.strength": 0.8054189085960388, "tonal.tuning_diatonic_strength": 0.5433292984962463, "tonal.tuning_equal_tempered_deviation": 0.016152463853359222, "tonal.tuning_frequency": 441.0177917480469, "tonal.tuning_nontempered_energy_ratio": 0.578319787979126, "lowlevel.barkbands.mean": [8.579079803894274e-06, 0.0011551495408639312, 0.0066800243221223354, 0.006558169145137072, 0.0071988701820373535, 0.00866563431918621, 0.002765137469395995, 0.0006619460764341056, 0.0009332165354862809, 0.00020384097297210246, 0.00011529227049322799, 5.6646713346708566e-05, 2.817977474478539e-05, 5.933188367635012e-05, 4.0476461435901e-05, 1.2063841495546512e-05, 6.7876626417273656e-06, 2.5058468509087106e-06, 1.383212293148972e-06, 7.996790714059898e-07, 3.58163310920645e-06, 5.136100298841484e-06, 7.992476639628876e-06, 3.7110391986061586e-06, 1.4397198810911505e-06, 2.658270261690632e-07, 2.7698343618709487e-09], "lowlevel.barkbands.stdev": [2.0080176909686998e-05, 0.0019182962132617831, 0.006407816894352436, 0.01255806628614664, 0.0078479815274477, 0.010546742007136345, 0.0043649072758853436, 0.0008243119227699935, 0.000845540314912796, 0.0003333038475830108, 0.00018517494027037174, 0.00013258536637295038, 4.874326259596273e-05, 0.0001092724924092181, 0.00011640937736956403, 2.4625715013826266e-05, 3.5386867239139974e-05, 1.8255093891639262e-05, 9.380825758853462e-06, 4.159938271186547e-06, 1.742205859045498e-05, 2.7909765776712447e-05, 4.11435539717786e-05, 1.4569370250683278e-05, 7.188933523138985e-06, 1.3090344737065607e-06, 1.1538252131515492e-08], "lowlevel.erbbands.mean": [0.00954803079366684, 0.47235095500946045, 6.398810863494873, 17.215150833129883, 21.16083526611328, 28.07469367980957, 39.205814361572266, 76.20257568359375, 47.87236785888672, 24.105138778686523, 20.14809799194336, 24.051002502441406, 10.715819358825684, 4.584676742553711, 3.286257266998291, 2.657294273376465, 1.3829890489578247, 2.9441797733306885, 2.3533589839935303, 1.8150209188461304, 0.5763606429100037, 0.3307718336582184, 0.16413839161396027, 0.08743845671415329, 0.05306847766041756, 0.039271943271160126, 0.08162002265453339, 0.17580905556678772, 0.19862088561058044, 0.19295038282871246, 0.2106749713420868, 0.12880009412765503, 0.04423397406935692, 0.02261243760585785, 0.005906634032726288, 0.0021659471094608307, 0.00028608471620827913, 1.98270172404591e-05, 1.6923391740419902e-05, 3.88213993574027e-05], "lowlevel.erbbands.stdev": [0.016718897968530655, 0.6134762763977051, 6.125787258148193, 26.03460121154785, 30.365142822265625, 26.544275283813477, 37.80784606933594, 110.8133316040039, 99.39837646484375, 24.87183380126953, 19.096481323242188, 21.29897117614746, 13.321054458618164, 4.622588634490967, 7.2047505378723145, 6.6267266273498535, 1.8260977268218994, 5.538701057434082, 4.812283039093018, 6.885424613952637, 1.4770511388778687, 1.359737515449524, 1.2247799634933472, 0.4418749511241913, 0.3804904520511627, 0.19246810674667358, 0.3761785328388214, 0.8807151913642883, 1.126145839691162, 1.0263006687164307, 1.1568944454193115, 0.5481507182121277, 0.17377080023288727, 0.1180131807923317, 0.0273711159825325, 0.010347018949687481, 0.00163751351647079, 0.00016013617278076708, 9.703207979327999e-06, 2.2470236217486672e-05], "lowlevel.gfcc.mean": [-153.44876098632812, 224.14393615722656, -62.79658889770508, -28.253368377685547, -57.319000244140625, 3.8637442588806152, -50.71346664428711, -18.864307403564453, -0.2854290306568146, -21.20595932006836, -8.251368522644043, -25.245271682739258, -3.7472550868988037], "lowlevel.melbands.mean": [0.00018601307237986475, 0.0024472421500831842, 0.0029807763639837503, 0.001784145482815802, 0.0012713103787973523, 0.0016862227348610759, 0.0007052113651297987, 0.00021740174270235002, 0.00016106989642139524, 0.00015195523155853152, 4.827836892218329e-05, 1.7238224245375022e-05, 1.227050324814627e-05, 6.5658041421556845e-06, 5.283850896375952e-06, 2.933781388492207e-06, 6.054900950402953e-06, 4.063373125973158e-06, 2.3687259727012133e-06, 1.8687783267523628e-06, 4.822089181288902e-07, 4.3484814682415163e-07, 1.414769599250576e-07, 1.0371387304530799e-07, 7.12969736582636e-08, 3.888017374720221e-08, 3.0614920376592636e-08, 2.354166817042369e-08, 3.280326410504131e-08, 9.953867419199014e-08, 9.591229854777339e-08, 1.0425241470102264e-07, 1.1093759155755833e-07, 1.150205832800566e-07, 1.0788743054490624e-07, 1.417339348108726e-07, 5.624408316862173e-08, 3.3445186176095376e-08, 2.188047076856492e-08, 1.768156998593895e-08], "lowlevel.melbands.stdev": [0.00032758794259279966, 0.002161844400689006, 0.003970110323280096, 0.001996148144826293, 0.0010359478183090687, 0.0023554316721856594, 0.0013285166351124644, 0.00023451284505426884, 0.00016002519987523556, 0.00014269829262048006, 6.505060446215793e-05, 1.7805676179705188e-05, 2.3286851501325145e-05, 1.561021235829685e-05, 1.1299984180368483e-05, 4.8985066314344294e-06, 1.223084382218076e-05, 7.969477337610442e-06, 6.926194146217313e-06, 6.272373866522685e-06, 1.7852747760116472e-06, 1.9847971088893246e-06, 1.044873215505504e-06, 6.336747446766822e-07, 3.8748103747821006e-07, 3.4687101901909045e-07, 1.8369827614606038e-07, 1.1830125146161663e-07, 1.5153889876273752e-07, 5.111054406370386e-07, 4.899681016468094e-07, 6.166868047330354e-07, 6.194384809532494e-07, 6.595161039513187e-07, 6.521503337353352e-07, 6.673535608570091e-07, 2.354215240529811e-07, 1.3222576455973467e-07, 9.669675193890725e-08, 1.047388025199325e-07], "lowlevel.melbands128.mean": [4.197052021481795e-06, 1.2009980309812818e-05, 0.0001303099561482668, 0.000750546925701201, 0.0028284501750022173, 0.0032231693621724844, 0.003796780714765191, 0.0028267684392631054, 0.0019179345108568668, 0.001992996083572507, 0.001687204814516008, 0.0006143486825749278, 0.0013487174874171615, 0.0016758230049163103, 0.002101825550198555, 0.0014399238862097263, 0.001025663921609521, 0.0003886047634296119, 0.000645542866550386, 0.00017936535004992038, 5.6419114116579294e-05, 0.00012390698248054832, 0.00023811511346139014, 0.0001172411793959327, 0.00013084169768262655, 0.0002288964024046436, 3.0466244425042532e-05, 5.5330601753667e-05, 2.1875794118386693e-05, 1.2108445844205562e-05, 2.0257741198292933e-05, 1.7837035557022318e-05, 9.401634997630026e-06, 1.3090391803416423e-05, 2.6800910291058244e-06, 6.615693109779386e-06, 8.722695383767132e-06, 6.997006494202651e-06, 1.3258317039799294e-06, 1.948309773069923e-06, 3.66313952326891e-06, 3.896887847076869e-06, 5.210867584537482e-06, 8.52289031172404e-06, 5.062798663857393e-06, 3.1674419460614445e-06, 3.484502030914882e-06, 1.144087832471996e-06, 2.2139513475849526e-06, 3.938046575058252e-06, 1.2450279882614268e-06, 9.191189747070894e-07, 3.068482783419313e-07, 2.366507771967008e-07, 9.258915270038415e-07, 4.2809077172023535e-07, 1.1831077273427582e-07, 6.220553672164897e-08, 2.0086548602193943e-07, 2.1427524643513607e-07, 5.724387008854137e-08, 6.023679333111431e-08, 9.340614326447394e-08, 7.510782040753838e-08, 2.4747359717025574e-08, 4.103456419102258e-08, 5.2447266085664523e-08, 2.2013114886476615e-08, 3.4148147420864916e-08, 2.653306196975791e-08, 2.3224966838597538e-08, 2.0467156858217095e-08, 2.3027931561614423e-08, 3.6499937294820484e-08, 4.2644668241109684e-08, 7.617732933340449e-08, 1.4967547201649722e-07, 1.1378824638086371e-07, 8.739615253716693e-08, 7.780925415090678e-08, 7.736244356237876e-08, 1.373986009411965e-07, 1.2454682973839226e-07, 1.3072161664240411e-07, 6.773897354150904e-08, 9.066114614597609e-08, 1.631637900345595e-07, 9.822925051139464e-08, 8.87426665485691e-08, 9.865939887276909e-08, 2.0863772931534186e-07, 1.4189831176736334e-07, 7.163071558125012e-08, 5.139638759033005e-08, 4.5297579021053025e-08, 4.5118476066363655e-08, 2.9521359579121054e-08, 1.9378056492769247e-08, 2.1595706556354344e-08, 2.2498449325780712e-08, 2.2945979338828693e-08, 1.798323445711958e-08, 1.0683673501432622e-08, 6.444118572090929e-09, 4.006197151795732e-09, 5.93002980053825e-09, 6.1997775802069555e-09, 4.419564714197577e-09, 4.064474534715146e-09, 2.597786430413862e-09, 1.4739971465616009e-09, 9.59433310576685e-10, 5.905236299952321e-10, 3.838611095652311e-10, 2.3711663188485943e-10, 1.5563911270888298e-10, 4.184946833518666e-11, 1.3525413428139288e-11, 9.553552393626319e-12, 9.350994804868673e-12, 9.082375476698878e-12, 9.021267240172381e-12, 8.95964379077352e-12, 8.671176623953336e-12, 7.59940634725842e-12, 5.757803955841467e-12, 4.755882319906757e-12, 4.596134670770136e-12], "lowlevel.melbands128.stdev": [9.201925422530621e-06, 3.202568041160703e-05, 0.00040892083779908717, 0.0012324433773756027, 0.003184345318004489, 0.0029622199945151806, 0.00622995849698782, 0.0052275024354457855, 0.0037616840563714504, 0.002757366979494691, 0.0018688904820010066, 0.0007423046045005322, 0.0015719193033874035, 0.0020764381624758244, 0.0037316090893000364, 0.0030644796788692474, 0.0030810723546892405, 0.0007849947432987392, 0.0007130760932341218, 0.0002358422352699563, 0.00021990029199514538, 0.00017064623534679413, 0.00025193108012899756, 0.00021695913164876401, 0.0001398073072778061, 0.0002597941493149847, 4.990333763998933e-05, 0.00012402850552462041, 4.0924467612057924e-05, 2.1858235413674265e-05, 2.74926296697231e-05, 2.9906628697062843e-05, 2.7039739507017657e-05, 4.5440694520948455e-05, 6.407619366655126e-06, 2.1683999875676818e-05, 2.945756023109425e-05, 1.8368482415098697e-05, 2.967874252135516e-06, 3.736119424502249e-06, 6.348338501993567e-06, 1.2461837286537047e-05, 1.393826551066013e-05, 2.1436659153550863e-05, 1.2728059118671808e-05, 1.04125201687566e-05, 1.2272252206457779e-05, 4.4126250031695236e-06, 9.717191460367758e-06, 2.0727045921375975e-05, 2.9025754884060007e-06, 2.354049684072379e-06, 1.1293648185528582e-06, 1.7490231130068423e-06, 7.053089575492777e-06, 1.6269711977656698e-06, 4.220315190650581e-07, 1.8830532155789115e-07, 2.107356294800411e-06, 1.9573485587898176e-06, 3.800188324021292e-07, 3.922886833152006e-07, 5.074031719232153e-07, 4.71404860036273e-07, 1.896414829616333e-07, 5.293062486089184e-07, 5.007003096579865e-07, 1.1625320439634379e-07, 2.8596943479897163e-07, 1.510340865706894e-07, 1.2911871749565762e-07, 1.1623723850107126e-07, 1.2154958994869958e-07, 1.7506846461401437e-07, 2.429812582249724e-07, 4.5083965005687787e-07, 8.104333346636849e-07, 6.755252570656012e-07, 4.815136662728037e-07, 4.805597768609005e-07, 4.841111831410672e-07, 9.822110769164283e-07, 8.380643521377351e-07, 7.929634193715174e-07, 3.952595477585419e-07, 5.419004196483002e-07, 1.0956882761092857e-06, 5.786357064607728e-07, 5.836311629536794e-07, 6.969789296817908e-07, 1.2023110684822313e-06, 5.663330853167281e-07, 3.313816137051617e-07, 2.5153275373668293e-07, 1.840633245819845e-07, 1.9054388644690334e-07, 1.2285100581266306e-07, 8.832582665263544e-08, 9.552366009302204e-08, 1.0824975049672503e-07, 1.418482753479111e-07, 1.2460505161016044e-07, 6.068423630267716e-08, 3.0634321745992565e-08, 1.766889212717615e-08, 3.084746325043852e-08, 3.126230296857102e-08, 2.307162461079315e-08, 2.1201904232270863e-08, 1.3419179545337556e-08, 8.620002489578837e-09, 6.246643202700852e-09, 5.909885025801032e-09, 5.1345341312014625e-09, 2.7566107174692434e-09, 2.313394587005746e-09, 4.657828567289357e-10, 1.043874015005386e-10, 7.619566436134484e-12, 7.44469416669169e-12, 7.263217371294983e-12, 7.096874303502698e-12, 6.943241988299764e-12, 6.8126272852186975e-12, 6.687927989190712e-12, 6.5860806391926374e-12, 6.532392248653762e-12, 6.496430997315894e-12], "lowlevel.mfcc.mean": [-820.541015625, 267.416015625, 48.89240646362305, -18.74245262145996, 15.143649101257324, 1.1993306875228882, -24.157379150390625, -7.352530002593994, -9.596171379089355, 10.31769847869873, -12.615777015686035, -7.38039493560791, -11.672589302062988], "lowlevel.spectral_contrast_coeffs.mean": [-0.5800307393074036, -0.6397924423217773, -0.6873428821563721, -0.7592269778251648, -0.8085060119628906, -0.8337545990943909], "lowlevel.spectral_contrast_coeffs.stdev": [0.06762028485536575, 0.068538598716259, 0.04505471885204315, 0.04128098115324974, 0.05138177424669266, 0.056311361491680145], "lowlevel.spectral_contrast_valleys.mean": [-6.730163097381592, -6.94435977935791, -8.677020072937012, -9.534786224365234, -11.164804458618164, -13.018903732299805], "lowlevel.spectral_contrast_valleys.stdev": [0.6611529588699341, 0.5012059211730957, 0.5831829309463501, 0.5702732801437378, 0.8916908502578735, 1.091072678565979], "rhythm.beats_loudness_band_ratio.mean": [0.43533793091773987, 0.49504294991493225, 0.14550146460533142, 0.010853882879018784, 0.0026860989164561033, 0.0001296075206482783], "rhythm.beats_loudness_band_ratio.stdev": [0.21875765919685364, 0.19056405127048492, 0.11794442683458328, 0.0071726893074810505, 0.003237594850361347, 0.0002709043037611991], "tonal.hpcp.mean": [0.003990440163761377, 0.005672364495694637, 0.27011919021606445, 0.5673189163208008, 0.302785724401474, 0.0035409489646553993, 0.002142555546015501, 0.0020744071807712317, 0.021105796098709106, 0.027334868907928467, 0.007703123614192009, 0.000397312716813758, 0.0002802978560794145, 0.0007393864216282964, 0.09852282702922821, 0.17609447240829468, 0.08389178663492203, 0.20435643196105957, 0.3280453085899353, 0.1327488273382187, 0.0038020950742065907, 0.0005022815894335508, 0.004788084886968136, 0.14889980852603912, 0.24239405989646912, 0.09868922829627991, 0.0015652002766728401, 0.0014890817692503333, 0.0025858855806291103, 0.15649135410785675, 0.2286619246006012, 0.07736601680517197, 0.04298705235123634, 0.06964854896068573, 0.029978621751070023, 0.0019859366584569216], "tonal.hpcp.stdev": [0.012067596428096294, 0.04486691579222679, 0.1912558376789093, 0.3870355784893036, 0.22548611462116241, 0.022310759872198105, 0.008933176286518574, 0.024235159158706665, 0.10833261907100677, 0.14076486229896545, 0.03887585178017616, 0.0008354423334822059, 0.0005676227156072855, 0.011561761610209942, 0.17984871566295624, 0.3077760934829712, 0.1408686339855194, 0.26570984721183777, 0.4230344593524933, 0.18891021609306335, 0.045512713491916656, 0.005900632590055466, 0.037615034729242325, 0.20466135442256927, 0.30893078446388245, 0.13071346282958984, 0.0064633856527507305, 0.005223042331635952, 0.016277890652418137, 0.2621004283428192, 0.3732856214046478, 0.13790933787822723, 0.1428450047969818, 0.2404835820198059, 0.1109662875533104, 0.004159948788583279], "rhythm.beats_position": [0.40634921193122864, 0.8243083953857422, 1.2074376344680786, 1.590566873550415, 1.9736961126327515, 2.345215320587158, 2.7167346477508545, 3.0998640060424805, 3.4829931259155273, 3.8661224842071533, 4.23764181137085, 4.609160900115967, 4.992290019989014, 5.363809585571289, 5.735328674316406, 6.106847763061523, 6.4899773597717285, 6.873106479644775, 7.244625568389893, 7.616145133972168, 7.987664222717285, 8.359183311462402, 8.73070240020752, 9.125441551208496, 9.49696159362793, 9.868480682373047, 10.251609802246094, 10.63473892211914, 11.006258010864258, 11.377777099609375, 11.749297142028809, 12.120816230773926, 12.492335319519043, 12.86385440826416, 13.246983528137207, 13.63011360168457, 14.001632690429688, 14.373151779174805, 14.744670867919922, 15.116189956665039, 15.499319076538086, 15.88244915008545, 16.25396728515625, 16.625486373901367, 16.997007369995117, 17.368526458740234, 17.75165557861328, 18.134784698486328, 18.506303787231445, 18.877822875976562, 19.24934196472168, 19.620861053466797, 20.003990173339844, 20.37550926208496, 20.747028350830078, 21.130157470703125, 21.501678466796875, 21.873197555541992, 22.25632667541504, 22.639455795288086, 23.010974884033203, 23.38249397277832, 23.754013061523438, 24.125532150268555, 24.5086612701416, 24.88018035888672, 25.263309478759766, 25.634828567504883, 26.006349563598633, 26.37786865234375, 26.760997772216797, 27.144126892089844, 27.51564598083496, 27.887165069580078, 28.258684158325195, 28.641813278198242, 29.01333236694336, 29.384851455688477, 29.767980575561523, 30.13949966430664, 30.51102066040039, 30.894149780273438, 31.265668869018555, 31.6487979888916, 32.02031707763672, 32.3918342590332, 32.76335525512695, 33.1348762512207, 33.50639343261719, 33.889522552490234, 34.27265167236328, 34.64417266845703, 35.015689849853516, 35.387210845947266, 35.75872802734375, 36.15346908569336, 36.536598205566406], "rhythm.bpm_histogram": [0.0, 0.0, 0.0, 0.0, 0.0, 0.0, 0.0, 0.0, 0.0, 0.0, 0.0, 0.0, 0.0, 0.0, 0.0, 0.0, 0.0, 0.0, 0.0, 0.0, 0.0, 0.0, 0.0, 0.0, 0.0, 0.0, 0.0, 0.0, 0.0, 0.0, 0.0, 0.0, 0.0, 0.0, 0.0, 0.0, 0.0, 0.0, 0.0, 0.0, 0.0, 0.0, 0.0, 0.0, 0.0, 0.0, 0.0, 0.0, 0.0, 0.0, 0.0, 0.0, 0.0, 0.0, 0.0, 0.0, 0.0, 0.0, 0.0, 0.0, 0.0, 0.0, 0.0, 0.0, 0.0, 0.0, 0.0, 0.0, 0.0, 0.0, 0.0, 0.0, 0.0, 0.0, 0.0, 0.0, 0.0, 0.0, 0.0, 0.0, 0.0, 0.0, 0.0, 0.0, 0.0, 0.0, 0.0, 0.0, 0.0, 0.0, 0.0, 0.0, 0.0, 0.0, 0.0, 0.0, 0.0, 0.0, 0.0, 0.0, 0.0, 0.0, 0.0, 0.0, 0.0, 0.0, 0.0, 0.0, 0.0, 0.0, 0.0, 0.0, 0.0, 0.0, 0.0, 0.0, 0.0, 0.0, 0.0, 0.0, 0.0, 0.0, 0.0, 0.0, 0.0, 0.0, 0.0, 0.0, 0.0, 0.0, 0.0, 0.0, 0.0, 0.0, 0.0, 0.0, 0.0, 0.0, 0.0, 0.0, 0.0, 0.0, 0.0, 0.0, 0.010416666977107525, 0.0, 0.0, 0.0, 0.0, 0.0, 0.0, 0.0, 0.02083333395421505, 0.0, 0.0, 0.0, 0.0, 0.3333333432674408, 0.0, 0.0, 0.0, 0.6354166865348816, 0.0, 0.0, 0.0, 0.0, 0.0, 0.0, 0.0, 0.0, 0.0, 0.0, 0.0, 0.0, 0.0, 0.0, 0.0, 0.0, 0.0, 0.0, 0.0, 0.0, 0.0, 0.0, 0.0, 0.0, 0.0, 0.0, 0.0, 0.0, 0.0, 0.0, 0.0, 0.0, 0.0, 0.0, 0.0, 0.0, 0.0, 0.0, 0.0, 0.0, 0.0, 0.0, 0.0, 0.0, 0.0, 0.0, 0.0, 0.0, 0.0, 0.0, 0.0, 0.0, 0.0, 0.0, 0.0, 0.0, 0.0, 0.0, 0.0, 0.0, 0.0, 0.0, 0.0, 0.0, 0.0, 0.0, 0.0, 0.0, 0.0, 0.0, 0.0, 0.0, 0.0, 0.0, 0.0, 0.0, 0.0, 0.0, 0.0, 0.0, 0.0, 0.0, 0.0, 0.0, 0.0, 0.0, 0.0, 0.0], "tonal.chords_histogram": [26.66666603088379, 14.08804988861084, 49.433963775634766, 0.0, 0.0, 0.0, 0.0, 0.0, 0.8805031180381775, 0.0, 0.0, 0.0, 0.0, 0.0, 0.0, 0.0, 0.0, 0.0, 0.0, 0.0, 0.0, 0.0, 7.5471696853637695, 1.3836477994918823], "tonal.thpcp": [1.0, 0.5337134003639221, 0.006241549272090197, 0.0037766334135085344, 0.0036565097980201244, 0.03720270097255707, 0.048182543367147446, 0.01357811875641346, 0.0007003339705988765, 0.0004940746002830565, 0.0013032994465902448, 0.1736639142036438, 0.3103976845741272, 0.147874116897583, 0.36021438241004944, 0.5782378911972046, 0.2339933067560196, 0.006701865699142218, 0.0008853601757436991, 0.008439847268164158, 0.2624622583389282, 0.42726242542266846, 0.1739572286605835, 0.0027589425444602966, 0.002624770160764456, 0.004558080807328224, 0.27584370970726013, 0.4030570983886719, 0.13637129962444305, 0.07577228546142578, 0.12276789546012878, 0.052842628210783005, 0.003500564955174923, 0.007033857051283121, 0.009998545981943607, 0.476132869720459], "lowlevel.gfcc.cov": [[3016.946044921875, -1488.356689453125, -305.4668884277344, 1067.827392578125, -799.419921875, 403.10833740234375, -162.53936767578125, 215.05438232421875, -16.563241958618164, 21.42182159423828, 130.94154357910156, 172.98007202148438, -17.328031539916992], [-1488.356689453125, 1802.078125, 52.93555450439453, -940.6859130859375, 1036.1199951171875, -386.10601806640625, 127.37982177734375, -115.4102554321289, 131.58499145507812, -194.65380859375, 92.68317413330078, -132.92271423339844, -1.3261823654174805], [-305.4668884277344, 52.93555450439453, 474.13543701171875, -52.29936981201172, -60.45738220214844, 167.02928161621094, 58.67644500732422, -21.60919761657715, -71.0259017944336, 47.07939147949219, -128.06475830078125, -86.31533813476562, -23.34017562866211], [1067.827392578125, -940.6859130859375, -52.29936981201172, 756.8486328125, -549.8558349609375, 206.1943359375, 56.13754653930664, 66.21179962158203, -53.54594039916992, 61.41943359375, -3.6847643852233887, 46.476566314697266, -10.137480735778809], [-799.419921875, 1036.1199951171875, -60.45738220214844, -549.8558349609375, 785.0282592773438, -259.73907470703125, 56.00537109375, 7.38331937789917, 41.08949661254883, -123.92668914794922, 68.72453308105469, -44.27437210083008, -7.902507305145264], [403.10833740234375, -386.10601806640625, 167.02928161621094, 206.1943359375, -259.73907470703125, 293.0278015136719, -28.816421508789062, 25.717981338500977, -6.5117998123168945, 24.44569206237793, -18.694040298461914, 2.283592700958252, -14.785058975219727], [-162.53936767578125, 127.37982177734375, 58.67644500732422, 56.13754653930664, 56.00537109375, -28.816421508789062, 193.21737670898438, -64.87249755859375, -42.553863525390625, 43.22772979736328, -50.308284759521484, -9.35114860534668, -11.186738967895508], [215.05438232421875, -115.4102554321289, -21.60919761657715, 66.21179962158203, 7.38331937789917, 25.717981338500977, -64.87249755859375, 175.676025390625, 12.967720985412598, -38.72603988647461, 68.27880096435547, -6.370248317718506, -6.261888027191162], [-16.563241958618164, 131.58499145507812, -71.0259017944336, -53.54594039916992, 41.08949661254883, -6.5117998123168945, -42.553863525390625, 12.967720985412598, 199.50460815429688, -44.75650405883789, 58.3320426940918, 54.13518524169922, 12.786081314086914], [21.42182159423828, -194.65380859375, 47.07939147949219, 61.41943359375, -123.92668914794922, 24.44569206237793, 43.22772979736328, -38.72603988647461, -44.75650405883789, 170.50364685058594, -85.80817413330078, 59.56421661376953, 24.490324020385742], [130.94154357910156, 92.68317413330078, -128.06475830078125, -3.6847643852233887, 68.72453308105469, -18.694040298461914, -50.308284759521484, 68.27880096435547, 58.3320426940918, -85.80817413330078, 169.68748474121094, -7.91453218460083, -21.547473907470703], [172.98007202148438, -132.92271423339844, -86.31533813476562, 46.476566314697266, -44.27437210083008, 2.283592700958252, -9.35114860534668, -6.370248317718506, 54.13518524169922, 59.56421661376953, -7.91453218460083, 138.80667114257812, 13.987349510192871], [-17.328031539916992, -1.3261823654174805, -23.34017562866211, -10.137480735778809, -7.902507305145264, -14.785058975219727, -11.186738967895508, -6.261888027191162, 12.786081314086914, 24.490324020385742, -21.547473907470703, 13.987349510192871, 71.64458465576172]], "lowlevel.gfcc.icov": [[0.0012159327743574977, -0.0016702177235856652, 0.001272918889299035, -0.002492893021553755, 0.0008443885599263012, -0.0016457397723570466, 0.0021747834980487823, -0.0009860594291239977, 0.0013700301060453057, -0.00021747613209299743, 0.0008363323868252337, -0.0015563840279355645, 0.0007172496989369392], [-0.0016702177235856652, 0.015401428565382957, -0.006594533566385508, 0.010712860152125359, -0.00984608381986618, 0.006917616818100214, -0.01124623417854309, 0.007588276173919439, -0.008596275001764297, 0.0035611216444522142, -0.009087241254746914, 0.0073238094337284565, -0.005348679143935442], [0.001272918889299035, -0.006594533566385508, 0.008970611728727818, -0.00320149352774024, 0.004631871823221445, -0.007479437161237001, 0.0029489260632544756, -0.005219016689807177, 0.003552814479917288, -0.002221646485850215, 0.007767033763229847, -9.470914665143937e-05, 0.0041067530401051044], [-0.002492893021553755, 0.010712860152125359, -0.00320149352774024, 0.014580436050891876, -0.002703957026824355, 0.004082391504198313, -0.013899636454880238, 0.0021887035109102726, -0.005458748899400234, 0.004037867300212383, -0.00583040714263916, 0.005193156190216541, -0.0039927903562784195], [0.0008443885599263012, -0.00984608381986618, 0.004631871823221445, -0.002703957026824355, 0.011410215869545937, -0.003214731812477112, 0.002800960326567292, -0.0073725818656384945, 0.006053898483514786, 0.0005505625158548355, 0.005292814690619707, -0.005748664028942585, 0.0029820005875080824], [-0.0016457397723570466, 0.006917616818100214, -0.007479437161237001, 0.004082391504198313, -0.003214731812477112, 0.011820673942565918, -0.0037740636616945267, 0.004164713900536299, -0.004587967414408922, 0.001968605676665902, -0.0058739688247442245, 0.0022181665990501642, -0.0023232782259583473], [0.0021747834980487823, -0.01124623417854309, 0.0029489260632544756, -0.013899636454880238, 0.002800960326567292, -0.0037740636616945267, 0.020453235134482384, -0.000742534117307514, 0.00634418148547411, -0.005859519820660353, 0.006562013644725084, -0.004859105218201876, 0.005763542838394642], [-0.0009860594291239977, 0.007588276173919439, -0.005219016689807177, 0.0021887035109102726, -0.0073725818656384945, 0.004164713900536299, -0.000742534117307514, 0.013398462906479836, -0.004083989188075066, 0.0008241837495006621, -0.0078303636983037, 0.0037598416674882174, -0.0030291492585092783], [0.0013700301060453057, -0.008596275001764297, 0.003552814479917288, -0.005458748899400234, 0.006053898483514786, -0.004587967414408922, 0.00634418148547411, -0.004083989188075066, 0.01273287646472454, 0.001301955315284431, 0.002724934834986925, -0.009104706346988678, 0.0007915064343251288], [-0.00021747613209299743, 0.0035611216444522142, -0.002221646485850215, 0.004037867300212383, 0.0005505625158548355, 0.001968605676665902, -0.005859519820660353, 0.0008241837495006621, 0.001301955315284431, 0.01388588361442089, 0.0003329129540361464, -0.005273682065308094, -0.004364254418760538], [0.0008363323868252337, -0.009087241254746914, 0.007767033763229847, -0.00583040714263916, 0.005292814690619707, -0.0058739688247442245, 0.006562013644725084, -0.0078303636983037, 0.002724934834986925, 0.0003329129540361464, 0.018246246501803398, -0.0019367437344044447, 0.0067168958485126495], [-0.0015563840279355645, 0.0073238094337284565, -9.470914665143937e-05, 0.005193156190216541, -0.005748664028942585, 0.0022181665990501642, -0.004859105218201876, 0.0037598416674882174, -0.009104706346988678, -0.005273682065308094, -0.0019367437344044447, 0.018122291192412376, -0.0008362864027731121], [0.0007172496989369392, -0.005348679143935442, 0.0041067530401051044, -0.0039927903562784195, 0.0029820005875080824, -0.0023232782259583473, 0.005763542838394642, -0.0030291492585092783, 0.0007915064343251288, -0.004364254418760538, 0.0067168958485126495, -0.0008362864027731121, 0.018823817372322083]], "lowlevel.mfcc.cov": [[3523.46728515625, -2148.947509765625, 207.36264038085938, 386.6605224609375, -248.72763061523438, 43.020111083984375, -163.4500274658203, 288.960693359375, -186.83807373046875, 46.42875289916992, -111.99468994140625, 192.63624572753906, 110.46459197998047], [-2148.947509765625, 2682.5947265625, -725.1112060546875, -325.9950866699219, 581.5511474609375, -173.53038024902344, 147.7092742919922, -38.90705108642578, 35.219390869140625, 1.8563637733459473, 61.41958236694336, -102.09622955322266, -4.36699104309082], [207.36264038085938, -725.1112060546875, 762.0808715820312, -52.19099044799805, -258.54132080078125, 207.553466796875, 22.54388999938965, -61.91838836669922, 79.45764923095703, 41.332462310791016, 15.816640853881836, 6.534225940704346, -67.83013916015625], [386.6605224609375, -325.9950866699219, -52.19099044799805, 325.9901428222656, -136.3465576171875, 24.23871612548828, 55.79091262817383, 28.26459312438965, 6.683578968048096, -28.29901695251465, 34.07596206665039, 7.973692893981934, 5.910922527313232], [-248.72763061523438, 581.5511474609375, -258.54132080078125, -136.3465576171875, 393.8913879394531, -189.6826934814453, 30.789186477661133, 112.27471923828125, -61.544551849365234, 93.027587890625, -44.31014633178711, 12.964953422546387, 11.383676528930664], [43.020111083984375, -173.53038024902344, 207.553466796875, 24.23871612548828, -189.6826934814453, 306.76629638671875, -11.302411079406738, -48.471744537353516, 93.92967987060547, -86.2557601928711, 46.2533073425293, 6.747407913208008, 3.4978275299072266], [-163.4500274658203, 147.7092742919922, 22.54388999938965, 55.79091262817383, 30.789186477661133, -11.302411079406738, 265.0284423828125, -19.21216583251953, -3.223130941390991, 2.6527483463287354, 45.96138000488281, -16.260135650634766, -24.638505935668945], [288.960693359375, -38.90705108642578, -61.91838836669922, 28.26459312438965, 112.27471923828125, -48.471744537353516, -19.21216583251953, 194.3327178955078, -78.31575775146484, 74.28346252441406, -22.887941360473633, 51.04826736450195, 19.007610321044922], [-186.83807373046875, 35.219390869140625, 79.45764923095703, 6.683578968048096, -61.544551849365234, 93.92967987060547, -3.223130941390991, -78.31575775146484, 186.39622497558594, -87.04405975341797, 31.694454193115234, -15.939193725585938, -3.669808864593506], [46.42875289916992, 1.8563637733459473, 41.332462310791016, -28.29901695251465, 93.027587890625, -86.2557601928711, 2.6527483463287354, 74.28346252441406, -87.04405975341797, 169.4014434814453, -39.68760681152344, 8.786755561828613, -19.8907413482666], [-111.99468994140625, 61.41958236694336, 15.816640853881836, 34.07596206665039, -44.31014633178711, 46.2533073425293, 45.96138000488281, -22.887941360473633, 31.694454193115234, -39.68760681152344, 104.9540023803711, -0.5559614896774292, 1.5580849647521973], [192.63624572753906, -102.09622955322266, 6.534225940704346, 7.973692893981934, 12.964953422546387, 6.747407913208008, -16.260135650634766, 51.04826736450195, -15.939193725585938, 8.786755561828613, -0.5559614896774292, 88.78978729248047, 24.94162940979004], [110.46459197998047, -4.36699104309082, -67.83013916015625, 5.910922527313232, 11.383676528930664, 3.4978275299072266, -24.638505935668945, 19.007610321044922, -3.669808864593506, -19.8907413482666, 1.5580849647521973, 24.94162940979004, 86.37023162841797]], "lowlevel.mfcc.icov": [[0.0008300566696561873, 0.0007169789751060307, 0.00021685141837224364, -0.0003602486685849726, -0.00043012332753278315, -0.0002695658477023244, 5.096073437016457e-05, -0.000524139788467437, 0.0004009543335996568, 0.00022689634351991117, 0.0003205029934179038, -0.0003859040734823793, -0.0004579653905238956], [0.0007169789751060307, 0.0016692575300112367, 0.0012847132747992873, 0.0006281424430198967, -0.001371301943436265, -0.0008946593734435737, -0.0004648109315894544, -9.600647899787873e-06, -0.00022098208137322217, -0.0004050482530146837, -0.0006771269836463034, 0.00039327607373706996, 1.5823583453311585e-05], [0.00021685141837224364, 0.0012847132747992873, 0.00429559824988246, 0.00269762403331697, 0.001803455874323845, -0.0016231730114668608, -0.0015783350681886077, -0.000483905547298491, -0.00220384425483644, -0.00331163895316422, -0.0005943405558355153, -0.0002478806709405035, 0.0016867981757968664], [-0.0003602486685849726, 0.0006281424430198967, 0.00269762403331697, 0.006869003642350435, 0.003990233410149813, 0.0004334221302997321, -0.002568052615970373, -0.0026668289210647345, -0.0024355510249733925, -0.0016629998572170734, -0.0012540884781628847, 0.0006288366275839508, 0.0008063754066824913], [-0.00043012332753278315, -0.001371301943436265, 0.001803455874323845, 0.003990233410149813, 0.010312704369425774, 0.003229204099625349, -0.0022208495065569878, -0.00480169290676713, -0.0029072498437017202, -0.002612136770039797, 0.0015178493922576308, -0.0007955547189339995, 3.447181734372862e-05], [-0.0002695658477023244, -0.0008946593734435737, -0.0016231730114668608, 0.0004334221302997321, 0.003229204099625349, 0.006699434481561184, 9.913180838339031e-05, -0.0017543392023071647, -0.001514006988145411, 0.0020232319366186857, -0.0004456901515368372, -0.0005935898516327143, -0.0007063764496706426], [5.096073437016457e-05, -0.0004648109315894544, -0.0015783350681886077, -0.002568052615970373, -0.0022208495065569878, 9.913180838339031e-05, 0.005504687782377005, 0.0015372196212410927, 0.0016336720436811447, 0.0009413461084477603, -0.001804783008992672, 0.0001508378772996366, 0.0006434391834773123], [-0.000524139788467437, -9.600647899787873e-06, -0.000483905547298491, -0.0026668289210647345, -0.00480169290676713, -0.0017543392023071647, 0.0015372196212410927, 0.011328432708978653, 0.0027408325113356113, -0.0020515380892902613, -0.0006879119900986552, -0.0032234175596386194, -0.0002910322218667716], [0.0004009543335996568, -0.00022098208137322217, -0.00220384425483644, -0.0024355510249733925, -0.0029072498437017202, -0.001514006988145411, 0.0016336720436811447, 0.0027408325113356113, 0.010043863207101822, 0.00469865370541811, -0.00025090083363465965, -7.461990026058629e-05, -0.00024581013713032007], [0.00022689634351991117, -0.0004050482530146837, -0.00331163895316422, -0.0016629998572170734, -0.002612136770039797, 0.0020232319366186857, 0.0009413461084477603, -0.0020515380892902613, 0.00469865370541811, 0.012746836990118027, 0.002048839582130313, 0.00027105543995276093, 0.0012046911288052797], [0.0003205029934179038, -0.0006771269836463034, -0.0005943405558355153, -0.0012540884781628847, 0.0015178493922576308, -0.0004456901515368372, -0.001804783008992672, -0.0006879119900986552, -0.00025090083363465965, 0.002048839582130313, 0.013094679452478886, -0.0013977569760754704, -0.0007419463945552707], [-0.0003859040734823793, 0.00039327607373706996, -0.0002478806709405035, 0.0006288366275839508, -0.0007955547189339995, -0.0005935898516327143, 0.0001508378772996366, -0.0032234175596386194, -7.461990026058629e-05, 0.00027105543995276093, -0.0013977569760754704, 0.015408109873533249, -0.0032079804223030806], [-0.0004579653905238956, 1.5823583453311585e-05, 0.0016867981757968664, 0.0008063754066824913, 3.447181734372862e-05, -0.0007063764496706426, 0.0006434391834773123, -0.0002910322218667716, -0.00024581013713032007, 0.0012046911288052797, -0.0007