{"song_id": "1183711725149765653", "download": "https://cdn.discordapp.com/attachments/1135911532732108921/1183711725149765653/chirp.mp4?ex=65895473&amp", "lyrics": "[Outro]\nQuando as doze badaladas ecoarem no ar, Nos cora\u00e7\u00f5es, a esperan\u00e7a ir\u00e1 resplandecer. Com gratid\u00e3o pelo ano que se encerra, Abra\u00e7amos o novo, que nasce na Terra.", "style": ["MPB</span><span>, voz masculina"], "essentia_features": {"lowlevel.average_loudness": 0.9811680912971497, "lowlevel.barkbands_crest.mean": 12.120256423950195, "lowlevel.barkbands_crest.stdev": 3.0627570152282715, "lowlevel.barkbands_flatness_db.mean": 0.40892329812049866, "lowlevel.barkbands_flatness_db.stdev": 0.10976383835077286, "lowlevel.barkbands_kurtosis.mean": 28.362337112426758, "lowlevel.barkbands_kurtosis.stdev": 25.018945693969727, "lowlevel.barkbands_skewness.mean": 3.3061411380767822, "lowlevel.barkbands_skewness.stdev": 2.013822317123413, "lowlevel.barkbands_spread.mean": 3.9888229370117188, "lowlevel.barkbands_spread.stdev": 5.717164516448975, "lowlevel.dissonance.mean": 0.4357500970363617, "lowlevel.dissonance.stdev": 0.05278461426496506, "lowlevel.dynamic_complexity": 0.7708373069763184, "lowlevel.erbbands_crest.mean": 14.608349800109863, "lowlevel.erbbands_crest.stdev": 4.209984302520752, "lowlevel.erbbands_flatness_db.mean": 0.2843756377696991, "lowlevel.erbbands_flatness_db.stdev": 0.08530110865831375, "lowlevel.erbbands_kurtosis.mean": 12.561413764953613, "lowlevel.erbbands_kurtosis.stdev": 14.382941246032715, "lowlevel.erbbands_skewness.mean": 2.626549482345581, "lowlevel.erbbands_skewness.stdev": 1.8790537118911743, "lowlevel.erbbands_spread.mean": 34.95695495605469, "lowlevel.erbbands_spread.stdev": 41.6443977355957, "lowlevel.hfc.mean": 15.383020401000977, "lowlevel.hfc.stdev": 9.522867202758789, "lowlevel.loudness_ebu128.integrated": -14.207914352416992, "lowlevel.loudness_ebu128.loudness_range": 0.8842668533325195, "lowlevel.loudness_ebu128.momentary.mean": -14.26449203491211, "lowlevel.loudness_ebu128.momentary.stdev": 0.7078496813774109, "lowlevel.loudness_ebu128.short_term.mean": -14.224578857421875, "lowlevel.loudness_ebu128.short_term.stdev": 0.3132563829421997, "lowlevel.melbands_crest.mean": 20.095783233642578, "lowlevel.melbands_crest.stdev": 3.8577382564544678, "lowlevel.melbands_flatness_db.mean": 0.5192164182662964, "lowlevel.melbands_flatness_db.stdev": 0.12695488333702087, "lowlevel.melbands_kurtosis.mean": 85.80821228027344, "lowlevel.melbands_kurtosis.stdev": 83.57962036132812, "lowlevel.melbands_skewness.mean": 5.51550817489624, "lowlevel.melbands_skewness.stdev": 3.718568801879883, "lowlevel.melbands_spread.mean": 2.3089993000030518, "lowlevel.melbands_spread.stdev": 5.572937488555908, "lowlevel.pitch_salience.mean": 0.3981877267360687, "lowlevel.pitch_salience.stdev": 0.10704927146434784, "lowlevel.silence_rate_20dB.mean": 1.0, "lowlevel.silence_rate_20dB.stdev": 0.0, "lowlevel.silence_rate_30dB.mean": 0.8230452537536621, "lowlevel.silence_rate_30dB.stdev": 0.38163039088249207, "lowlevel.silence_rate_60dB.mean": 0.003086419776082039, "lowlevel.silence_rate_60dB.stdev": 0.055469851940870285, "lowlevel.spectral_centroid.mean": 272.7633361816406, "lowlevel.spectral_centroid.stdev": 221.78004455566406, "lowlevel.spectral_complexity.mean": 6.060699462890625, "lowlevel.spectral_complexity.stdev": 3.6057519912719727, "lowlevel.spectral_decrease.mean": -2.1464543920046708e-08, "lowlevel.spectral_decrease.stdev": 6.133991536927397e-09, "lowlevel.spectral_energy.mean": 0.08240744471549988, "lowlevel.spectral_energy.stdev": 0.023455172777175903, "lowlevel.spectral_energyband_high.mean": 0.00035864298115484416, "lowlevel.spectral_energyband_high.stdev": 0.0011088397586718202, "lowlevel.spectral_energyband_low.mean": 0.06152217090129852, "lowlevel.spectral_energyband_low.stdev": 0.025475723668932915, "lowlevel.spectral_energyband_middle_high.mean": 0.000938975892495364, "lowlevel.spectral_energyband_middle_high.stdev": 0.0017408921848982573, "lowlevel.spectral_energyband_middle_low.mean": 0.03222159668803215, "lowlevel.spectral_energyband_middle_low.stdev": 0.015863345935940742, "lowlevel.spectral_entropy.mean": 5.470353603363037, "lowlevel.spectral_entropy.stdev": 1.104240894317627, "lowlevel.spectral_flux.mean": 0.05722983554005623, "lowlevel.spectral_flux.stdev": 0.03191683441400528, "lowlevel.spectral_kurtosis.mean": 33.69755172729492, "lowlevel.spectral_kurtosis.stdev": 41.75519561767578, "lowlevel.spectral_rms.mean": 0.008866297081112862, "lowlevel.spectral_rms.stdev": 0.0013364892220124602, "lowlevel.spectral_rolloff.mean": 207.28997802734375, "lowlevel.spectral_rolloff.stdev": 586.8055419921875, "lowlevel.spectral_skewness.mean": 4.101905822753906, "lowlevel.spectral_skewness.stdev": 2.734570264816284, "lowlevel.spectral_spread.mean": 3875424.75, "lowlevel.spectral_spread.stdev": 2899955.25, "lowlevel.spectral_strongpeak.mean": 0.883758008480072, "lowlevel.spectral_strongpeak.stdev": 0.47573038935661316, "lowlevel.zerocrossingrate.mean": 0.016150454059243202, "lowlevel.zerocrossingrate.stdev": 0.02573445253074169, "metadata.audio_properties.analysis.equal_loudness": 0.0, "metadata.audio_properties.analysis.length": 22.526939392089844, "metadata.audio_properties.analysis.sample_rate": 44100.0, "metadata.audio_properties.analysis.start_time": 0.0, "metadata.audio_properties.bit_rate": 114451.0, "metadata.audio_properties.length": 22.527999877929688, "metadata.audio_properties.lossless": 0.0, "metadata.audio_properties.number_channels": 1.0, "metadata.audio_properties.replay_gain": -9.191768646240234, "metadata.audio_properties.sample_rate": 48000.0, "rhythm.beats_count": 38.0, "rhythm.beats_loudness.mean": 0.09200475364923477, "rhythm.beats_loudness.stdev": 0.02334935963153839, "rhythm.bpm": 103.97871398925781, "rhythm.bpm_histogram_first_peak_bpm": 103.0, "rhythm.bpm_histogram_first_peak_weight": 0.6470588445663452, "rhythm.bpm_histogram_second_peak_bpm": 108.0, "rhythm.bpm_histogram_second_peak_spread": 0.5, "rhythm.bpm_histogram_second_peak_weight": 0.1621621549129486, "rhythm.danceability": 1.1916722059249878, "rhythm.onset_rate": 3.991736888885498, "tonal.chords_changes_rate": 0.02669404447078705, "tonal.chords_number_rate": 0.006160164251923561, "tonal.chords_strength.mean": 0.536199688911438, "tonal.chords_strength.stdev": 0.07366947829723358, "tonal.hpcp_crest.mean": 15.444135665893555, "tonal.hpcp_crest.stdev": 4.474725723266602, "tonal.hpcp_entropy.mean": 1.5086232423782349, "tonal.hpcp_entropy.stdev": 0.5890614986419678, "tonal.key_edma.strength": 0.6688827872276306, "tonal.key_krumhansl.strength": 0.6500308513641357, "tonal.key_temperley.strength": 0.629219114780426, "tonal.tuning_diatonic_strength": 0.5898817777633667, "tonal.tuning_equal_tempered_deviation": 0.06721782684326172, "tonal.tuning_frequency": 438.47772216796875, "tonal.tuning_nontempered_energy_ratio": 0.6509628295898438, "lowlevel.barkbands.mean": [2.9407763577182777e-05, 0.016608167439699173, 0.03225814923644066, 0.017111748456954956, 0.014655759558081627, 0.0001285839534830302, 0.00019556755432859063, 5.377955312724225e-05, 5.8531823015073314e-05, 4.6006975026102737e-05, 5.880638491362333e-05, 0.00017617206322029233, 9.927615610649809e-05, 0.00018421305867377669, 0.00016654813953209668, 8.062777487793937e-05, 7.645645382581279e-05, 4.5159442379372194e-05, 8.02120575826848e-06, 3.447258859523572e-05, 3.2902527891565114e-05, 5.6727683841018006e-05, 7.975846529006958e-05, 5.766046160715632e-05, 9.145149670075625e-05, 1.356134089292027e-05, 5.1296380476628656e-09], "lowlevel.barkbands.stdev": [7.509342685807496e-05, 0.012676314450800419, 0.016585463657975197, 0.009405788034200668, 0.012289809994399548, 0.0002703940263018012, 0.000537877669557929, 0.00020941588445566595, 0.00018388924945611507, 0.0001707259361864999, 0.00017914627096615732, 0.0002781644288916141, 0.0004618466191459447, 0.0006378272664733231, 0.0005590004730038345, 0.00036100498982705176, 0.00023960239195730537, 0.00010712899529607967, 2.554615457484033e-05, 0.00011872020695591345, 0.0001350058155367151, 0.0002577942213974893, 0.0003348819154780358, 0.00021316067432053387, 0.0002766163379419595, 4.397032535052858e-05, 3.6304211192828006e-08], "lowlevel.erbbands.mean": [0.07922572642564774, 5.337100028991699, 34.6275634765625, 56.21574401855469, 70.33940887451172, 24.311803817749023, 3.1956937313079834, 0.7978209257125854, 2.2214715480804443, 2.7626888751983643, 1.0850497484207153, 1.196778416633606, 1.6775603294372559, 1.8270858526229858, 3.0312628746032715, 7.983104705810547, 4.852339744567871, 9.51483154296875, 10.023442268371582, 6.979381561279297, 3.9638257026672363, 4.470291614532471, 3.2079806327819824, 0.5376180410385132, 0.5266091227531433, 1.5813769102096558, 1.8106576204299927, 1.061180591583252, 1.5605082511901855, 3.0564358234405518, 2.053286552429199, 1.0973061323165894, 1.1936213970184326, 1.3152111768722534, 0.4286378026008606, 0.12694436311721802, 0.010017646476626396, 0.00032096635550260544, 5.398594294092618e-05, 9.260082879336551e-05], "lowlevel.erbbands.stdev": [0.05577589198946953, 3.8447697162628174, 17.61921501159668, 28.172504425048828, 53.70941162109375, 19.64268684387207, 3.396545886993408, 2.1795411109924316, 6.590628147125244, 9.603878021240234, 3.4709577560424805, 3.915804147720337, 5.978670120239258, 5.060993671417236, 8.51382827758789, 11.266722679138184, 17.221054077148438, 35.4281120300293, 36.90563201904297, 26.992002487182617, 13.946043014526367, 12.673556327819824, 7.562087535858154, 1.3296643495559692, 1.4482368230819702, 5.52032470703125, 7.524301528930664, 3.8856773376464844, 6.955491542816162, 13.514850616455078, 8.823319435119629, 4.342413902282715, 4.324618816375732, 3.882857084274292, 1.3922022581100464, 0.4082304537296295, 0.03384270519018173, 0.0011589471250772476, 5.3183845011517406e-05, 2.7426947781350464e-05], "lowlevel.gfcc.mean": [-118.06534576416016, 136.3177032470703, -38.79035568237305, 61.9415283203125, -7.975864887237549, 33.083858489990234, -37.51932144165039, -16.609437942504883, -46.806331634521484, -19.82176399230957, -11.308303833007812, -14.358171463012695, -8.340888977050781], "lowlevel.melbands.mean": [0.0024095228873193264, 0.014555513858795166, 0.00971600878983736, 0.0035645393654704094, 0.000143154407851398, 1.8171063857153058e-05, 3.623607335612178e-05, 2.5827732315519825e-05, 7.2960260695253965e-06, 8.352679287781939e-06, 8.370010618818924e-06, 7.027932497294387e-06, 9.187771865981631e-06, 1.8557784642325714e-05, 1.3552565178542864e-05, 1.1770932360377628e-05, 1.7771853890735656e-05, 1.6936695828917436e-05, 9.068620784091763e-06, 7.602217920066323e-06, 3.878115876432275e-06, 4.1667144614621066e-06, 5.287072326609632e-06, 1.2015113952656975e-06, 3.1236524478117644e-07, 3.3112632991105784e-07, 4.854078952121199e-07, 1.2243150422364124e-06, 1.3074067055640626e-06, 8.135157258948311e-07, 5.107931428938173e-07, 7.229144216580607e-07, 1.408764319421607e-06, 1.7801163494368666e-06, 1.2590869573614327e-06, 8.241952400567243e-07, 6.130161409600987e-07, 7.352848001573875e-07, 1.0738623359429766e-06, 1.14215458779654e-06], "lowlevel.melbands.stdev": [0.001833551679737866, 0.00718431081622839, 0.004028490744531155, 0.0028881465550512075, 0.00020283996127545834, 5.408847937360406e-05, 0.00010282480070600286, 9.192043944494799e-05, 2.487349593138788e-05, 2.6823288862942718e-05, 2.9877055567339994e-05, 2.1011765056755394e-05, 2.752228465396911e-05, 2.9821980206179433e-05, 2.6105264623765834e-05, 5.5645643442403525e-05, 6.720131932524964e-05, 6.861367728561163e-05, 3.2341173209715635e-05, 3.20382860081736e-05, 1.3401274372881744e-05, 1.2508659892773721e-05, 1.4578495211026166e-05, 2.6490683922020253e-06, 9.970581231755204e-07, 1.100123540709319e-06, 1.3200617559050443e-06, 4.433943558979081e-06, 5.485083875100827e-06, 3.2476141313964035e-06, 1.9374208477529464e-06, 3.0730409434909234e-06, 7.170985554694198e-06, 7.6143405749462545e-06, 5.588477961282479e-06, 3.4188647077826317e-06, 2.503210225768271e-06, 2.8415402084647212e-06, 3.5012385524169076e-06, 3.3983033063123003e-06], "lowlevel.melbands128.mean": [1.4103969988354947e-05, 2.6754671125672758e-05, 0.0008639830048196018, 0.011462515220046043, 0.01817059889435768, 0.014811208471655846, 0.01271713525056839, 0.006193889770656824, 0.008680549450218678, 0.003701031906530261, 0.0005154376849532127, 0.00019950476416852325, 7.180689863162115e-05, 2.229205347248353e-05, 6.700004632875789e-06, 2.2292339053819887e-05, 2.8226875656400807e-05, 4.211982013657689e-05, 3.883642784785479e-05, 3.9819635276217014e-05, 1.0407671652501449e-05, 9.59888711804524e-06, 7.4239278546883725e-06, 4.314094894652953e-06, 6.264000603550812e-06, 1.0096772712131497e-05, 1.37101742438972e-05, 7.546021151938476e-06, 3.7341026200010674e-06, 8.137029908539262e-06, 4.878027993981959e-06, 1.164509194495622e-05, 9.774975296750199e-06, 7.058427854644833e-06, 9.692149433249142e-06, 2.563749694672879e-05, 3.0562630854547024e-05, 8.453536793240346e-06, 6.020306045684265e-06, 1.1880721103807446e-05, 8.321369932673406e-06, 2.0304358258727007e-05, 2.2347217964124866e-05, 1.3444574506138451e-05, 1.1270580216660164e-05, 2.7275964384898543e-05, 1.1040254321414977e-05, 3.5177465633751126e-06, 1.1767320756916888e-05, 1.1944966900045983e-05, 4.919721050100634e-06, 6.04648130320129e-06, 4.8376377890235744e-06, 2.206471208410221e-06, 3.3454628010076704e-06, 4.139411430514883e-06, 4.914807050226955e-06, 6.636321359110298e-06, 5.775626050308347e-06, 2.021139152930118e-06, 9.665936886449344e-07, 4.0484749774805096e-07, 3.51490001548882e-07, 2.824482692176389e-07, 2.5732154540492047e-07, 3.636724272837455e-07, 3.6344016507428023e-07, 2.7139540748066793e-07, 4.795562631443318e-07, 7.947845688249799e-07, 1.068553615368728e-06, 1.580286152602639e-06, 1.689266809989931e-06, 1.1991902510999353e-06, 9.339354960502533e-07, 8.780144185038807e-07, 7.656907428099657e-07, 5.930874635851069e-07, 4.155850206188916e-07, 4.779836331181286e-07, 6.354143238240795e-07, 8.524301620127517e-07, 8.904032142709184e-07, 1.314546693720331e-06, 2.0089046302018687e-06, 1.9758351754717296e-06, 1.6314780850734678e-06, 1.5816896166143124e-06, 1.1677235534079955e-06, 1.108549668060732e-06, 1.033494072544272e-06, 6.962011980249372e-07, 5.628327812701173e-07, 6.340767981782847e-07, 5.846858357472229e-07, 6.725871912749426e-07, 7.367492003140796e-07, 9.210529015035718e-07, 9.214616625285998e-07, 1.289066517529136e-06, 1.2819139101338806e-06, 1.2486714240367291e-06, 8.108230531433946e-07, 5.18175170327595e-07, 3.307338545255334e-07, 4.3674069161170337e-07, 3.8636207477793505e-07, 2.9867965167795774e-07, 2.2638857899437426e-07, 1.202724035920255e-07, 5.730646179813448e-08, 2.8705539278917058e-08, 1.6265806479509592e-08, 4.071533332705712e-09, 1.637387669894963e-09, 2.6204477476809984e-10, 9.012276341868741e-11, 1.4073429921435121e-11, 1.3391615941160673e-11, 1.3032657418532434e-11, 1.2722607689585885e-11, 1.2473451091454812e-11, 1.2207602116676153e-11, 1.1996226061128379e-11, 1.1779022202063061e-11, 1.1529019058875711e-11, 1.137737300205277e-11, 1.1308391723030553e-11], "lowlevel.melbands128.stdev": [3.740507236216217e-05, 4.894873927696608e-05, 0.0006900614243932068, 0.008764436468482018, 0.011849582195281982, 0.009285076521337032, 0.007286271546036005, 0.003998784814029932, 0.007626048289239407, 0.0032549547031521797, 0.0008948566392064095, 0.0003452087112236768, 0.00010833067790372297, 3.3307420380879194e-05, 2.0669118384830654e-05, 0.00011984925367869437, 0.00010546952398726717, 0.0001636489905649796, 0.00013155203487258404, 0.00016454624710604548, 6.274952465901151e-05, 4.039465420646593e-05, 3.0442677598330192e-05, 2.063004285446368e-05, 3.7130823329789564e-05, 4.0488954255124554e-05, 5.24248207511846e-05, 4.496538531384431e-05, 2.029691131610889e-05, 3.721462417161092e-05, 1.6486885215272196e-05, 4.2343901441199705e-05, 3.739996827789582e-05, 4.0114922740031034e-05, 5.1924340368714184e-05, 4.036199607071467e-05, 4.595535574480891e-05, 3.6454010114539415e-05, 2.602674976515118e-05, 7.293990347534418e-05, 4.568230360746384e-05, 0.0001657362445257604, 9.583606151863933e-05, 6.123618368292227e-05, 7.026611274341121e-05, 0.00013504133676178753, 4.6453060349449515e-05, 1.8038786947727203e-05, 6.138360186014324e-05, 6.492065585916862e-05, 3.057091453229077e-05, 3.1777894037077203e-05, 2.0159977793809958e-05, 9.09507889446104e-06, 1.2875496395281516e-05, 1.4141874999040738e-05, 1.9299803170724772e-05, 2.7891470381291583e-05, 1.636490924283862e-05, 5.60650505576632e-06, 2.3635448087588884e-06, 1.2041418813169003e-06, 1.1110038258266286e-06, 1.2041890613545547e-06, 1.1830435369120096e-06, 1.3450787719193613e-06, 1.482790821683011e-06, 6.813567097196938e-07, 1.4982140328356763e-06, 2.420357304799836e-06, 4.426401574164629e-06, 6.1026853472867515e-06, 6.795407443860313e-06, 6.078395927033853e-06, 4.965529569744831e-06, 3.427582669246476e-06, 3.1732720344734844e-06, 2.497356490493985e-06, 1.6264044688796275e-06, 2.240036110379151e-06, 2.5153433398372727e-06, 3.96619861930958e-06, 5.814700216433266e-06, 7.2225520852953196e-06, 1.01991672636359e-05, 9.58015789365163e-06, 6.812002538936213e-06, 7.397409717668779e-06, 5.724534730688902e-06, 5.430804321804317e-06, 4.462891411094461e-06, 2.967198497572099e-06, 2.5105678105319384e-06, 2.8276547254790785e-06, 2.536835154387518e-06, 2.8587085125764133e-06, 3.109784756816225e-06, 3.653708745332551e-06, 3.3279268336627865e-06, 4.121984147786861e-06, 3.340228658998967e-06, 4.09315862270887e-06, 3.032745780728874e-06, 1.7842328361439286e-06, 1.298047209274955e-06, 1.5945813629514305e-06, 1.3230753665993689e-06, 1.0169604820475797e-06, 7.70784765791177e-07, 4.5213590738057974e-07, 2.3744510713186173e-07, 1.205316237928855e-07, 8.267382156645908e-08, 2.7648953349057592e-08, 2.0862286120859608e-08, 3.0535511896800926e-09, 1.1892643536626224e-09, 1.7530501356111117e-11, 1.6235627425809085e-11, 1.5812778170198882e-11, 1.5431652483632874e-11, 1.5098068628649486e-11, 1.4789497751466207e-11, 1.4536729459058151e-11, 1.4321949008688772e-11, 1.4151795187100635e-11, 1.4029416517402638e-11, 1.3953279504042015e-11], "lowlevel.mfcc.mean": [-792.528076171875, 162.77932739257812, 50.11115264892578, 51.09048843383789, 53.324703216552734, 39.14152145385742, 33.134037017822266, 6.434596061706543, -3.080782651901245, -20.43424415588379, -12.046049118041992, 2.3902063369750977, 5.380182266235352], "lowlevel.spectral_contrast_coeffs.mean": [-0.5044605135917664, -0.7810683250427246, -0.7279149293899536, -0.8067428469657898, -0.8100523352622986, -0.7926039099693298], "lowlevel.spectral_contrast_coeffs.stdev": [0.07091599702835083, 0.07528555393218994, 0.05356857553124428, 0.06924130767583847, 0.06022334843873978, 0.052671562880277634], "lowlevel.spectral_contrast_valleys.mean": [-6.6561503410339355, -8.873711585998535, -9.268073081970215, -9.435797691345215, -9.42221736907959, -11.87803840637207], "lowlevel.spectral_contrast_valleys.stdev": [0.8032442927360535, 0.9378657341003418, 0.989332914352417, 1.139143943786621, 1.1463459730148315, 1.3801162242889404], "rhythm.beats_loudness_band_ratio.mean": [0.9378034472465515, 0.17288964986801147, 0.0030704576056450605, 0.009371164254844189, 0.006276146043092012, 0.012604750692844391], "rhythm.beats_loudness_band_ratio.stdev": [0.04371611773967743, 0.12498759478330612, 0.005642518866807222, 0.01769724301993847, 0.011960657313466072, 0.023012274876236916], "tonal.hpcp.mean": [0.007036276161670685, 0.005460150074213743, 0.0022937138564884663, 0.0011304145446047187, 0.00368241174146533, 0.021209577098488808, 0.04087353125214577, 0.025322292000055313, 0.06814823299646378, 0.1404038816690445, 0.07980410754680634, 0.006371005438268185, 0.0035875120665878057, 0.0066015832126140594, 0.09358886629343033, 0.3133912682533264, 0.23016293346881866, 0.006338691338896751, 0.0006398406694643199, 0.000520432717166841, 0.0005945320590399206, 0.0008350145071744919, 0.001125089474953711, 0.0012916077394038439, 0.0009097724687308073, 0.0005712704150937498, 0.006615758407860994, 0.01882670447230339, 0.019105352461338043, 0.3954770565032959, 0.8361724019050598, 0.4554552733898163, 0.012023462913930416, 0.009417034685611725, 0.010156653821468353, 0.00789718609303236], "tonal.hpcp.stdev": [0.035017404705286026, 0.023108717054128647, 0.017744453623890877, 0.00852217711508274, 0.019069433212280273, 0.08632057905197144, 0.1546638458967209, 0.10732077062129974, 0.18133339285850525, 0.3420732617378235, 0.2070554941892624, 0.05708133801817894, 0.030596856027841568, 0.06130969896912575, 0.12535971403121948, 0.29429754614830017, 0.23034338653087616, 0.044764887541532516, 0.0021937040146440268, 0.001726632472127676, 0.002390151610597968, 0.002617183607071638, 0.0034244239795953035, 0.005429159849882126, 0.0040850285440683365, 0.003644203767180443, 0.044977352023124695, 0.11534150689840317, 0.10084953904151917, 0.197921484708786, 0.3185727894306183, 0.2115074098110199, 0.06729255616664886, 0.08221487700939178, 0.0826963409781456, 0.060365624725818634], "rhythm.beats_position": [0.54566890001297, 1.1029478311538696, 1.6718367338180542, 2.240725517272949, 2.8212244510650635, 3.4133331775665283, 3.9938321113586426, 4.597550868988037, 5.178049564361572, 5.746938705444336, 6.327437400817871, 6.896326541900635, 7.4536051750183105, 8.010884284973145, 8.56816291809082, 9.125441551208496, 9.705941200256348, 10.286439895629883, 10.843718528747559, 11.389387130737305, 11.935056686401367, 12.469115257263184, 13.003174781799316, 13.548843383789062, 14.07129192352295, 14.605351448059082, 15.232290267944336, 15.87083911895752, 16.497777938842773, 17.13632583618164, 17.77487564086914, 18.401813507080078, 19.01714324951172, 19.609251022338867, 20.20136070251465, 20.805078506469727, 21.408798217773438, 22.000905990600586], "rhythm.bpm_histogram": [0.0, 0.0, 0.0, 0.0, 0.0, 0.0, 0.0, 0.0, 0.0, 0.0, 0.0, 0.0, 0.0, 0.0, 0.0, 0.0, 0.0, 0.0, 0.0, 0.0, 0.0, 0.0, 0.0, 0.0, 0.0, 0.0, 0.0, 0.0, 0.0, 0.0, 0.0, 0.0, 0.0, 0.0, 0.0, 0.0, 0.0, 0.0, 0.0, 0.0, 0.0, 0.0, 0.0, 0.0, 0.0, 0.0, 0.0, 0.0, 0.0, 0.0, 0.0, 0.0, 0.0, 0.0, 0.0, 0.0, 0.0, 0.0, 0.0, 0.0, 0.0, 0.0, 0.0, 0.0, 0.0, 0.0, 0.0, 0.0, 0.0, 0.0, 0.0, 0.0, 0.0, 0.0, 0.0, 0.0, 0.0, 0.0, 0.0, 0.0, 0.0, 0.0, 0.0, 0.0, 0.0, 0.0, 0.0, 0.0, 0.0, 0.0, 0.0, 0.0, 0.0, 0.0, 0.0810810774564743, 0.0, 0.0810810774564743, 0.0, 0.027027027681469917, 0.0810810774564743, 0.0, 0.10810811072587967, 0.0, 0.1621621549129486, 0.0, 0.10810811072587967, 0.0, 0.0, 0.1621621549129486, 0.0, 0.0810810774564743, 0.0, 0.0810810774564743, 0.0, 0.0, 0.027027027681469917, 0.0, 0.0, 0.0, 0.0, 0.0, 0.0, 0.0, 0.0, 0.0, 0.0, 0.0, 0.0, 0.0, 0.0, 0.0, 0.0, 0.0, 0.0, 0.0, 0.0, 0.0, 0.0, 0.0, 0.0, 0.0, 0.0, 0.0, 0.0, 0.0, 0.0, 0.0, 0.0, 0.0, 0.0, 0.0, 0.0, 0.0, 0.0, 0.0, 0.0, 0.0, 0.0, 0.0, 0.0, 0.0, 0.0, 0.0, 0.0, 0.0, 0.0, 0.0, 0.0, 0.0, 0.0, 0.0, 0.0, 0.0, 0.0, 0.0, 0.0, 0.0, 0.0, 0.0, 0.0, 0.0, 0.0, 0.0, 0.0, 0.0, 0.0, 0.0, 0.0, 0.0, 0.0, 0.0, 0.0, 0.0, 0.0, 0.0, 0.0, 0.0, 0.0, 0.0, 0.0, 0.0, 0.0, 0.0, 0.0, 0.0, 0.0, 0.0, 0.0, 0.0, 0.0, 0.0, 0.0, 0.0, 0.0, 0.0, 0.0, 0.0, 0.0, 0.0, 0.0, 0.0, 0.0, 0.0, 0.0, 0.0, 0.0, 0.0, 0.0, 0.0, 0.0, 0.0, 0.0, 0.0, 0.0, 0.0, 0.0, 0.0, 0.0, 0.0, 0.0, 0.0, 0.0, 0.0, 0.0, 0.0, 0.0, 0.0, 0.0, 0.0, 0.0], "tonal.chords_histogram": [83.98357391357422, 0.0, 0.0, 0.0, 0.0, 0.0, 0.0, 0.0, 0.0, 0.0, 0.0, 0.0, 0.0, 0.0, 0.0, 0.0, 0.0, 10.266940116882324, 0.0, 0.0, 0.0, 0.0, 5.749486446380615, 0.0], "tonal.thpcp": [1.0, 0.5446906089782715, 0.01437916699796915, 0.011262073181569576, 0.012146602384746075, 0.009444447234272957, 0.008414862677454948, 0.0065299333073198795, 0.0027431112248450518, 0.0013518916675820947, 0.004403890576213598, 0.025365076959133148, 0.04888170212507248, 0.030283577740192413, 0.08150021731853485, 0.16791260242462158, 0.09543977677822113, 0.007619248703122139, 0.004290397744625807, 0.007895002141594887, 0.11192532628774643, 0.3747926354408264, 0.27525773644447327, 0.00758060347288847, 0.0007652018684893847, 0.0006223988020792603, 0.0007110161241143942, 0.00099861528724432, 0.001345523283816874, 0.0015446668257936835, 0.001088020158931613, 0.0006831969367340207, 0.007911955006420612, 0.02251533791422844, 0.02284858003258705, 0.4729611575603485], "lowlevel.gfcc.cov": [[8242.45703125, -2428.3310546875, -1931.325439453125, 223.4593048095703, -1198.180908203125, 285.1183776855469, -1168.6942138671875, 1518.9361572265625, -208.76449584960938, 613.1048583984375, -773.6830444335938, -569.6616821289062, 8.313549995422363], [-2428.3310546875, 2243.37255859375, 155.24256896972656, -770.8253173828125, 774.826171875, -407.08929443359375, 394.4877014160156, -477.8539123535156, 154.8240203857422, -288.79498291015625, 405.684326171875, -28.971134185791016, 83.1624984741211], [-1931.325439453125, 155.24256896972656, 1292.9244384765625, 311.63726806640625, 69.11743927001953, 165.53477478027344, 377.0715637207031, -475.18682861328125, -30.30390739440918, -129.75039672851562, 239.06695556640625, 323.955078125, -79.58682250976562], [223.4593048095703, -770.8253173828125, 311.63726806640625, 873.3447875976562, -229.19476318359375, 70.87023162841797, 75.17869567871094, -233.49569702148438, -0.4555017948150635, -29.59747314453125, -35.93752670288086, 219.86782836914062, -23.099105834960938], [-1198.180908203125, 774.826171875, 69.11743927001953, -229.19476318359375, 594.8081665039062, -97.7940673828125, 137.16217041015625, -203.99993896484375, 51.065391540527344, -146.15478515625, 99.73145294189453, 22.653141021728516, 39.0709228515625], [285.1183776855469, -407.08929443359375, 165.53477478027344, 70.87023162841797, -97.7940673828125, 311.38818359375, 32.106685638427734, 0.6090593338012695, -65.10897827148438, 42.60111999511719, -68.422607421875, 12.287374496459961, -27.629873275756836], [-1168.6942138671875, 394.4877014160156, 377.0715637207031, 75.17869567871094, 137.16217041015625, 32.106685638427734, 374.9637756347656, -322.9842224121094, 6.146671295166016, -104.45549774169922, 141.00697326660156, 107.32766723632812, -7.669163703918457], [1518.9361572265625, -477.8539123535156, -475.18682861328125, -233.49569702148438, -203.99993896484375, 0.6090593338012695, -322.9842224121094, 638.43115234375, -25.004730224609375, 180.05226135253906, -170.53797912597656, -197.07481384277344, 26.70703125], [-208.76449584960938, 154.8240203857422, -30.30390739440918, -0.4555017948150635, 51.065391540527344, -65.10897827148438, 6.146671295166016, -25.004730224609375, 144.20103454589844, -4.956406593322754, 0.8308114409446716, 6.120364189147949, 17.51064682006836], [613.1048583984375, -288.79498291015625, -129.75039672851562, -29.59747314453125, -146.15478515625, 42.60111999511719, -104.45549774169922, 180.05226135253906, -4.956406593322754, 162.23696899414062, -69.2478256225586, -77.57865905761719, -6.555406093597412], [-773.6830444335938, 405.684326171875, 239.06695556640625, -35.93752670288086, 99.73145294189453, -68.422607421875, 141.00697326660156, -170.53797912597656, 0.8308114409446716, -69.2478256225586, 188.9709014892578, 63.26360321044922, -14.353602409362793], [-569.6616821289062, -28.971134185791016, 323.955078125, 219.86782836914062, 22.653141021728516, 12.287374496459961, 107.32766723632812, -197.07481384277344, 6.120364189147949, -77.57865905761719, 63.26360321044922, 188.77374267578125, -25.282684326171875], [8.313549995422363, 83.1624984741211, -79.58682250976562, -23.099105834960938, 39.0709228515625, -27.629873275756836, -7.669163703918457, 26.70703125, 17.51064682006836, -6.555406093597412, -14.353602409362793, -25.282684326171875, 68.41078186035156]], "lowlevel.gfcc.icov": [[0.0015010114293545485, -0.004445577505975962, 0.0016755181131884456, -0.004739995114505291, 0.0024038641713559628, -0.004361994564533234, 0.00316293234936893, -0.003662173403427005, 0.0031919903121888638, -0.0022524360101670027, 0.0039235628210008144, -0.0009892074158415198, 0.0036449572071433067], [-0.004445577505975962, 0.02132575400173664, -0.005394679494202137, 0.020431026816368103, -0.009641018696129322, 0.018445564433932304, -0.012263234704732895, 0.015092112123966217, -0.013395152054727077, 0.01029994711279869, -0.01835479959845543, 0.006673279218375683, -0.01604125089943409], [0.0016755181131884456, -0.005394679494202137, 0.004041704349219799, -0.0056409090757369995, 0.002780607435852289, -0.0064511788077652454, 0.0030380943790078163, -0.0042633856646716595, 0.003739546285942197, -0.0032298839651048183, 0.0028371294029057026, -0.0039835125207901, 0.004819442983716726], [-0.004739995114505291, 0.020431026816368103, -0.0056409090757369995, 0.02233416959643364, -0.008498545736074448, 0.018341895192861557, -0.012271225452423096, 0.01579163409769535, -0.013084867969155312, 0.009599003940820694, -0.01615097001194954, 0.0033684109803289175, -0.016435589641332626], [0.0024038641713559628, -0.009641018696129322, 0.002780607435852289, -0.008498545736074448, 0.007617316208779812, -0.008366935886442661, 0.005743351764976978, -0.006413391791284084, 0.005777126643806696, -0.0029862606897950172, 0.00860254280269146, -0.0028990283608436584, 0.006179709918797016], [-0.004361994564533234, 0.018445564433932304, -0.0064511788077652454, 0.018341895192861557, -0.008366935886442661, 0.02199135534465313, -0.012287218123674393, 0.013826603069901466, -0.009917068295180798, 0.00798224937170744, -0.011889691464602947, 0.006183778867125511, -0.013225650414824486], [0.00316293234936893, -0.012263234704732895, 0.0030380943790078163, -0.012271225452423096, 0.005743351764976978, -0.012287218123674393, 0.01367318257689476, -0.007265268824994564, 0.00779449800029397, -0.005479544401168823, 0.008350581862032413, -0.00270150532014668, 0.00827412772923708], [-0.003662173403427005, 0.015092112123966217, -0.0042633856646716595, 0.01579163409769535, -0.006413391791284084, 0.013826603069901466, -0.007265268824994564, 0.01549307256937027, -0.009246965870261192, 0.005516238044947386, -0.011849865317344666, 0.005184204317629337, -0.01281980611383915], [0.0031919903121888638, -0.013395152054727077, 0.003739546285942197, -0.013084867969155312, 0.005777126643806696, -0.009917068295180798, 0.00779449800029397, -0.009246965870261192, 0.016998793929815292, -0.008052270859479904, 0.013053536415100098, -0.004782375879585743, 0.008855721913278103], [-0.0022524360101670027, 0.01029994711279869, -0.0032298839651048183, 0.009599003940820694, -0.0029862606897950172, 0.00798224937170744, -0.005479544401168823, 0.005516238044947386, -0.008052270859479904, 0.017067765817046165, -0.008454550988972187, 0.00715984869748354, -0.006033248268067837], [0.0039235628210008144, -0.01835479959845543, 0.0028371294029057026, -0.01615097001194954, 0.00860254280269146, -0.011889691464602947, 0.008350581862032413, -0.011849865317344666, 0.013053536415100098, -0.008454550988972187, 0.028249260038137436, -0.0057427058927714825, 0.015183612704277039], [-0.0009892074158415198, 0.006673279218375683, -0.0039835125207901, 0.0033684109803289175, -0.0028990283608436584, 0.006183778867125511, -0.00270150532014668, 0.005184204317629337, -0.004782375879585743, 0.00715984869748354, -0.0057427058927714825, 0.01784856989979744, -0.002360875951126218], [0.0036449572071433067, -0.01604125089943409, 0.004819442983716726, -0.016435589641332626, 0.006179709918797016, -0.013225650414824486, 0.00827412772923708, -0.01281980611383915, 0.008855721913278103, -0.006033248268067837, 0.015183612704277039, -0.002360875951126218, 0.030261892825365067]], "lowlevel.mfcc.cov": [[8935.2294921875, -2956.109130859375, -1272.1412353515625, -930.5870971679688, -94.42217254638672, -1413.229248046875, -329.225830078125, -639.06640625, 784.2808837890625, 664.55517578125, 232.43548583984375, -342.16925048828125, -247.08961486816406], [-2956.109130859375, 3066.746826171875, -618.4431762695312, -230.1294708251953, 206.07000732421875, -53.20396423339844, 199.92515563964844, 3.252751588821411, -198.2987518310547, -51.48245620727539, 10.011920928955078, 11.856487274169922, 65.36830139160156], [-1272.1412353515625, -618.4431762695312, 1383.83056640625, 416.8052673339844, -179.09503173828125, 533.537109375, 70.73088073730469, 244.35829162597656, -215.56317138671875, -208.7337188720703, -40.72127914428711, 206.106201171875, 114.74498748779297], [-930.5870971679688, -230.1294708251953, 416.8052673339844, 695.551025390625, -38.270565032958984, 377.59442138671875, -66.37594604492188, 158.03480529785156, -147.99008178710938, -214.55296325683594, -108.88875579833984, 154.22259521484375, 84.45913696289062], [-94.42217254638672, 206.07000732421875, -179.09503173828125, -38.270565032958984, 290.584716796875, -72.87223052978516, -24.326778411865234, 0.7358291745185852, 46.046207427978516, 4.862914085388184, -13.225776672363281, 2.748047351837158, -18.042797088623047], [-1413.229248046875, -53.20396423339844, 533.537109375, 377.59442138671875, -72.87223052978516, 763.381103515625, 41.34868621826172, 211.16932678222656, -207.01998901367188, -129.25204467773438, -87.38653564453125, 50.91583251953125, 2.7450649738311768], [-329.225830078125, 199.92515563964844, 70.73088073730469, -66.37594604492188, -24.326778411865234, 41.34868621826172, 247.8293914794922, 27.236730575561523, -28.11701011657715, -6.814413547515869, 31.121950149536133, -19.10911750793457, -0.8502854704856873], [-639.06640625, 3.252751588821411, 244.35829162597656, 158.03480529785156, 0.7358291745185852, 211.16932678222656, 27.236730575561523, 210.1282196044922, -62.55677795410156, -86.77131652832031, -46.65079879760742, 44.61343765258789, 19.418357849121094], [784.2808837890625, -198.2987518310547, -215.56317138671875, -147.99008178710938, 46.046207427978516, -207.01998901367188, -28.11701011657715, -62.55677795410156, 248.2560577392578, 90.08524322509766, 26.937950134277344, -53.84825897216797, -7.405745506286621], [664.55517578125, -51.48245620727539, -208.7337188720703, -214.55296325683594, 4.862914085388184, -129.25204467773438, -6.814413547515869, -86.77131652832031, 90.08524322509766, 210.95919799804688, 61.55252456665039, -72.7900390625, -46.26405334472656], [232.43548583984375, 10.011920928955078, -40.72127914428711, -108.88875579833984, -13.225776672363281, -87.38653564453125, 31.121950149536133, -46.65079879760742, 26.937950134277344, 61.55252456665039, 107.73596954345703, -12.632640838623047, -28.984180450439453], [-342.16925048828125, 11.856487274169922, 206.106201171875, 154.22259521484375, 2.748047351837158, 50.91583251953125, -19.10911750793457, 44.61343765258789, -53.84825897216797, -72.7900390625, -12.632640838623047, 151.84202575683594, 34.94890594482422], [-247.08961486816406, 65.36830139160156, 114.74498748779297, 84.45913696289062, -18.042797088623047, 2.7450649738311768, -0.8502854704856873, 19.418357849121094, -7.405745506286621, -46.26405334472656, -28.984180450439453, 34.94890594482422, 140.706298828125]], "lowlevel.mfcc.icov": [[0.0005084231961518526, 0.0005513444193638861, 0.0003728075243998319, 0.00018110574455931783, 0.00018185933004133403, 0.00044561203685589135, 4.505470860749483e-05, 0.0002826060226652771, -0.00016898445028346032, -0.00048080814303830266, -1.2130373761465307e-05, -0.00012284389231353998, 6.08819245826453e-05], [0.0005513444193638861, 0.001168969552963972, 0.000928205787204206, 0.0005801378865726292, -9.061091986950487e-05, 0.0002596566337160766, -0.00035912927705794573, 0.00012415481614880264, 0.0005270246765576303, -0.0002782882656902075, -0.00023374501324724406, -0.0006793281063437462, -0.0006592152058146894], [0.0003728075243998319, 0.000928205787204206, 0.0022706196177750826, 0.0005882052937522531, 0.0005367109552025795, -0.0006390654598362744, -0.000489294296130538, -0.0006375923985615373, 0.0005713485879823565, 0.00023442559177055955, -0.0009139071917161345, -0.002021746477112174, -0.0013939046766608953], [0.00018110574455931783, 0.0005801378865726292, 0.0005882052937522531, 0.0036250967532396317, 0.00012705460540018976, -0.0011835439363494515, 0.0006455372786149383, -0.000244825059780851, 0.000371279485989362, 0.0016283529112115502, 0.0005647026700899005, -0.002315059071406722, -0.0012837739195674658], [0.00018185933004133403, -9.061091986950487e-05, 0.0005367109552025795, 0.00012705460540018976, 0.004266832489520311, 0.0003038391878362745, 0.0003554961585905403, -0.00054329534759745, -0.0009940543677657843, 2.471187872288283e-05, 0.0007233495125547051, -0.0008774181478656828, 0.0007885829545557499], [0.00044561203685589135, 0.0002596566337160766, -0.0006390654598362744, -0.0011835439363494515, 0.0003038391878362745, 0.003564986865967512, -0.00015508057549595833, -0.0010571059538051486, 0.0009043593890964985, -0.001296444796025753, 0.0011924563441425562, 0.0016021138289943337, 0.00147686165291816], [4.505470860749483e-05, -0.00035912927705794573, -0.000489294296130538, 0.0006455372786149383, 0.0003554961585905403, -0.00015508057549595833, 0.005142554175108671, -0.0006513609550893307, -4.5779499487252906e-05, 0.0006512909312732518, -0.0016678300453349948, 0.0011788615956902504, 2.4400947040703613e-06], [0.0002826060226652771, 0.00012415481614880264, -0.0006375923985615373, -0.000244825059780851, -0.00054329534759745, -0.0010571059538051486, -0.0006513609550893307, 0.008152364753186703, -0.0008196795242838562, 0.0009155050502158701, 0.0014871809398755431, -0.00022585736587643623, 0.0005477663362398744], [-0.00016898445028346032, 0.0005270246765576303, 0.0005713485879823565, 0.000371279485989362, -0.0009940543677657843, 0.0009043593890964985, -4.5779499487252906e-05, -0.0008196795242838562, 0.006967403460294008, -0.001188175636343658, -0.00021445633319672197, 0.000599230988882482, -0.00147961953189224], [-0.00048080814303830266, -0.0002782882656902075, 0.00023442559177055955, 0.0016283529112115502, 2.471187872288283e-05, -0.001296444796025753, 0.0006512909312732518, 0.0009155050502158701, -0.001188175636343658, 0.00945090502500534, -0.0029707280918955803, 0.001029518316499889, 0.00019966527179349214], [-1.2130373761465307e-05, -0.00023374501324724406, -0.0009139071917161345, 0.0005647026700899005, 0.0007233495125547051, 0.0011924563441425562, -0.0016678300453349948, 0.0014871809398755431, -0.00021445633319672197, -0.0029707280918955803, 0.014025823213160038, -0.001328782644122839, 0.0025789584033191204], [-0.00012284389231353998, -0.0006793281063437462, -0.002021746477112174, -0.002315059071406722, -0.0008774181478656828, 0.0016021138289943337, 0.0011788615956902504, -0.00022585736587643623, 0.000599230988882482, 0.001029518316499889, -0.001328782644122839, 0.011694876477122307, 0.00022426893701776862], [6.08819245826453e-05, -0.0006592152058146894, -0.0013939046766608953, -0.0012837739195674658, 0.0007885829545557499, 0.00147686165291816, 2.4400947040703613e-06, 0.0005477663362398744, -0.00147961953189224, 0.00019966527179349214, 0.0025789584033191204, 0.00022426893701776862, 0.009887512773275375]], "metadata.audio_properties.analysis.downmix": "mix", "metadata.audio_properties.codec": "mp3", "metadata.audio_properties.md5_encoded": "ef34916df29b135695da8399999c3c58", "metadata.tags.file_name": "1183711725149765653.mp3", "metadata.version.essentia": "2.1-beta6-dev", "metadata.version.essentia_git_sha": "v2.1_beta5-1110-g77a6a954", "metadata.version.extractor": "music 2.0", "tonal.chords_key": "G", "tonal.chords_scale": "major", "tonal.key_edma.key": "C", "tonal.key_edma.scale": "minor", "tonal.key_krumhansl.key": "C", "tonal.key_krumhansl.scale": "minor", "tonal.key_temperley.key": "G", "tonal.key_temperley.scale": "major", "metadata.tags.encoding": ["Lavf58.45.100"]}, "essentia_models": [{"model_name": "genre_dortmund", "activations": {"alternative": "0.25434715", "blues": "0.0051917434", "electronic": "0.052376576", "folkcountry": "0.15918568", "funksoulrnb": "0.009853146", "jazz": "0.021139324", "pop": "0.05379519", "raphiphop": "0.010547333", "rock": "0.33503035"}}, {"model_name": "genre_rosamerica", "activations": {"classic": "0.029558793", "dance": "0.006501135", "hip hop": "0.007883793", "jazz": "0.03081475", "pop": "0.05367148", "rhythm and blues": "0.13258585", "