{"song_id": "1183705441990094889", "download": "https://cdn.discordapp.com/attachments/1128313332273782784/1183705441990094889/chirp.mp4?ex=65894e99&amp", "lyrics": "10 soricei micu\u021bi au mers dup\u0103 ca\u0219\nunul a plecat \u00een rou\u0103 \u0219i au r\u0103mas doar noua", "style": ["nu jazz"], "essentia_features": {"lowlevel.average_loudness": 0.9407202005386353, "lowlevel.barkbands_crest.mean": 15.945924758911133, "lowlevel.barkbands_crest.stdev": 4.364610195159912, "lowlevel.barkbands_flatness_db.mean": 0.2852186858654022, "lowlevel.barkbands_flatness_db.stdev": 0.06430689245462418, "lowlevel.barkbands_kurtosis.mean": 26.134706497192383, "lowlevel.barkbands_kurtosis.stdev": 24.909074783325195, "lowlevel.barkbands_skewness.mean": 4.052873611450195, "lowlevel.barkbands_skewness.stdev": 1.9458786249160767, "lowlevel.barkbands_spread.mean": 5.838837146759033, "lowlevel.barkbands_spread.stdev": 4.15411376953125, "lowlevel.dissonance.mean": 0.44512149691581726, "lowlevel.dissonance.stdev": 0.02861248329281807, "lowlevel.dynamic_complexity": 2.143834352493286, "lowlevel.erbbands_crest.mean": 7.9084696769714355, "lowlevel.erbbands_crest.stdev": 2.79712176322937, "lowlevel.erbbands_flatness_db.mean": 0.19880348443984985, "lowlevel.erbbands_flatness_db.stdev": 0.07523563504219055, "lowlevel.erbbands_kurtosis.mean": -0.4174686670303345, "lowlevel.erbbands_kurtosis.stdev": 0.6980463862419128, "lowlevel.erbbands_skewness.mean": 0.4066776931285858, "lowlevel.erbbands_skewness.stdev": 0.4073975086212158, "lowlevel.erbbands_spread.mean": 40.6335334777832, "lowlevel.erbbands_spread.stdev": 19.3084774017334, "lowlevel.hfc.mean": 18.178430557250977, "lowlevel.hfc.stdev": 14.799288749694824, "lowlevel.loudness_ebu128.integrated": -16.471742630004883, "lowlevel.loudness_ebu128.loudness_range": 7.652492523193359, "lowlevel.loudness_ebu128.momentary.mean": -17.445663452148438, "lowlevel.loudness_ebu128.momentary.stdev": 3.3114495277404785, "lowlevel.loudness_ebu128.short_term.mean": -17.13528060913086, "lowlevel.loudness_ebu128.short_term.stdev": 2.84611439704895, "lowlevel.melbands_crest.mean": 21.298416137695312, "lowlevel.melbands_crest.stdev": 5.527886390686035, "lowlevel.melbands_flatness_db.mean": 0.3841833770275116, "lowlevel.melbands_flatness_db.stdev": 0.07834011316299438, "lowlevel.melbands_kurtosis.mean": 52.37533187866211, "lowlevel.melbands_kurtosis.stdev": 47.456565856933594, "lowlevel.melbands_skewness.mean": 5.320842266082764, "lowlevel.melbands_skewness.stdev": 2.4857945442199707, "lowlevel.melbands_spread.mean": 5.083447456359863, "lowlevel.melbands_spread.stdev": 4.998852252960205, "lowlevel.pitch_salience.mean": 0.37726637721061707, "lowlevel.pitch_salience.stdev": 0.13812510669231415, "lowlevel.silence_rate_20dB.mean": 0.9721900224685669, "lowlevel.silence_rate_20dB.stdev": 0.16442802548408508, "lowlevel.silence_rate_30dB.mean": 0.4490150511264801, "lowlevel.silence_rate_30dB.stdev": 0.4973997175693512, "lowlevel.silence_rate_60dB.mean": 0.005214368458837271, "lowlevel.silence_rate_60dB.stdev": 0.07202199846506119, "lowlevel.spectral_centroid.mean": 598.6846923828125, "lowlevel.spectral_centroid.stdev": 360.3431701660156, "lowlevel.spectral_complexity.mean": 15.362688064575195, "lowlevel.spectral_complexity.stdev": 6.044871807098389, "lowlevel.spectral_decrease.mean": -3.250612223837379e-08, "lowlevel.spectral_decrease.stdev": 2.5193120478661513e-08, "lowlevel.spectral_energy.mean": 0.1243344098329544, "lowlevel.spectral_energy.stdev": 0.09607970714569092, "lowlevel.spectral_energyband_high.mean": 0.0004807045334018767, "lowlevel.spectral_energyband_high.stdev": 0.0010414061835035682, "lowlevel.spectral_energyband_low.mean": 0.10970178246498108, "lowlevel.spectral_energyband_low.stdev": 0.09283607453107834, "lowlevel.spectral_energyband_middle_high.mean": 0.00279347226023674, "lowlevel.spectral_energyband_middle_high.stdev": 0.0026343839708715677, "lowlevel.spectral_energyband_middle_low.mean": 0.013021196238696575, "lowlevel.spectral_energyband_middle_low.stdev": 0.013694035820662975, "lowlevel.spectral_entropy.mean": 6.843926429748535, "lowlevel.spectral_entropy.stdev": 0.5879935622215271, "lowlevel.spectral_flux.mean": 0.08545958995819092, "lowlevel.spectral_flux.stdev": 0.07655306905508041, "lowlevel.spectral_kurtosis.mean": 14.710171699523926, "lowlevel.spectral_kurtosis.stdev": 15.307153701782227, "lowlevel.spectral_rms.mean": 0.01007875520735979, "lowlevel.spectral_rms.stdev": 0.004440770484507084, "lowlevel.spectral_rolloff.mean": 263.6714782714844, "lowlevel.spectral_rolloff.stdev": 453.3992919921875, "lowlevel.spectral_skewness.mean": 2.4200336933135986, "lowlevel.spectral_skewness.stdev": 1.1700217723846436, "lowlevel.spectral_spread.mean": 3174282.0, "lowlevel.spectral_spread.stdev": 1853654.25, "lowlevel.spectral_strongpeak.mean": 0.5391977429389954, "lowlevel.spectral_strongpeak.stdev": 0.28829285502433777, "lowlevel.zerocrossingrate.mean": 0.01751079596579075, "lowlevel.zerocrossingrate.stdev": 0.01723317615687847, "metadata.audio_properties.analysis.equal_loudness": 0.0, "metadata.audio_properties.analysis.length": 40.04265213012695, "metadata.audio_properties.analysis.sample_rate": 44100.0, "metadata.audio_properties.analysis.start_time": 0.0, "metadata.audio_properties.bit_rate": 112594.0, "metadata.audio_properties.length": 40.042667388916016, "metadata.audio_properties.lossless": 0.0, "metadata.audio_properties.number_channels": 1.0, "metadata.audio_properties.replay_gain": -6.778617858886719, "metadata.audio_properties.sample_rate": 48000.0, "rhythm.beats_count": 73.0, "rhythm.beats_loudness.mean": 0.1942909061908722, "rhythm.beats_loudness.stdev": 0.12469032406806946, "rhythm.bpm": 110.56265258789062, "rhythm.bpm_histogram_first_peak_bpm": 110.0, "rhythm.bpm_histogram_first_peak_weight": 0.4166666865348816, "rhythm.bpm_histogram_second_peak_bpm": 0.0, "rhythm.bpm_histogram_second_peak_spread": 0.0, "rhythm.bpm_histogram_second_peak_weight": 0.0, "rhythm.danceability": 1.1545977592468262, "rhythm.onset_rate": 3.7449049949645996, "tonal.chords_changes_rate": 0.02083333395421505, "tonal.chords_number_rate": 0.004629629664123058, "tonal.chords_strength.mean": 0.5502230525016785, "tonal.chords_strength.stdev": 0.14465640485286713, "tonal.hpcp_crest.mean": 18.92439079284668, "tonal.hpcp_crest.stdev": 8.508061408996582, "tonal.hpcp_entropy.mean": 1.397749423980713, "tonal.hpcp_entropy.stdev": 0.6646772623062134, "tonal.key_edma.strength": 0.6386852264404297, "tonal.key_krumhansl.strength": 0.6332159042358398, "tonal.key_temperley.strength": 0.6399000883102417, "tonal.tuning_diatonic_strength": 0.5507746934890747, "tonal.tuning_equal_tempered_deviation": 0.2178010493516922, "tonal.tuning_frequency": 434.193115234375, "tonal.tuning_nontempered_energy_ratio": 0.9839794635772705, "lowlevel.barkbands.mean": [0.008281041868031025, 0.0788271576166153, 0.021172674372792244, 0.0028438111767172813, 0.003902871860191226, 0.0031814861577004194, 0.0013554192846640944, 0.0004925229586660862, 0.0007314332760870457, 0.0012259706854820251, 0.00017367138934787363, 0.0003134344005957246, 0.00035312032559886575, 0.00025883218040689826, 0.0002631054085213691, 0.00017023558029904962, 0.00011729425750672817, 7.585160346934572e-05, 8.516058005625382e-05, 0.00011057827941840515, 0.0001498149213148281, 0.00011999518028460443, 6.848035991424695e-05, 2.967388354591094e-05, 2.1117770302225836e-05, 9.484518159297295e-06, 2.957185358809511e-07], "lowlevel.barkbands.stdev": [0.01258446928113699, 0.06683599948883057, 0.030427955090999603, 0.005991608370095491, 0.0065147061832249165, 0.0032932760659605265, 0.0011807420523837209, 0.0006913593388162553, 0.0012829091865569353, 0.0021209237165749073, 0.00023020505614113063, 0.0003444169124122709, 0.0004545415285974741, 0.0005522758001461625, 0.00033656417508609593, 0.00022281154815573245, 0.00017541751731187105, 0.00013501432840712368, 0.00019405076454859227, 0.00026239483850076795, 0.0003743465640582144, 0.000286627997411415, 0.0001641734124859795, 6.143346399767324e-05, 4.6998979087220505e-05, 2.6547248126007617e-05, 1.480764808547974e-06], "lowlevel.erbbands.mean": [3.216569423675537, 13.962372779846191, 26.908226013183594, 14.435081481933594, 9.303505897521973, 12.526270866394043, 26.87547492980957, 23.037641525268555, 24.148313522338867, 10.047280311584473, 12.906712532043457, 21.756500244140625, 29.869441986083984, 28.608238220214844, 10.487106323242188, 14.692936897277832, 17.441287994384766, 16.29172134399414, 15.665471076965332, 8.251678466796875, 9.677669525146484, 6.13397216796875, 4.693459987640381, 4.734930992126465, 3.5887725353240967, 5.176347732543945, 6.19265604019165, 5.834036350250244, 4.953451633453369, 3.12601637840271, 1.3712376356124878, 0.6969777941703796, 0.5366249680519104, 0.2841772735118866, 0.11606709659099579, 0.042089931666851044, 0.01735839620232582, 0.003131360048428178, 0.0001165586945717223, 0.0001379340246785432], "lowlevel.erbbands.stdev": [2.628467082977295, 12.783154487609863, 34.32990646362305, 21.341522216796875, 20.249361038208008, 23.81827163696289, 30.491331100463867, 28.81126594543457, 18.773143768310547, 11.247255325317383, 18.187829971313477, 36.54815673828125, 66.23036193847656, 53.380149841308594, 10.643437385559082, 15.347478866577148, 20.534034729003906, 28.180753707885742, 19.346641540527344, 10.168107986450195, 11.874390602111816, 9.159159660339355, 8.191267013549805, 9.999444961547852, 8.750123977661133, 11.87722110748291, 14.935452461242676, 15.054387092590332, 12.148856163024902, 7.569689750671387, 3.156736373901367, 1.5638889074325562, 1.1506763696670532, 0.6489849090576172, 0.26781806349754333, 0.11922089755535126, 0.04761863872408867, 0.009780512191355228, 0.00020383880473673344, 0.00010676573583623394], "lowlevel.gfcc.mean": [-38.466976165771484, 175.26600646972656, -105.99567413330078, 32.383358001708984, -27.13599395751953, 8.554969787597656, -13.70616340637207, -5.542795181274414, -4.25346565246582, -0.9777174592018127, -4.831664562225342, -0.289249062538147, 1.7290517091751099], "lowlevel.melbands.mean": [0.024855464696884155, 0.014568318612873554, 0.0024134167470037937, 0.0007803086191415787, 0.0008267451776191592, 0.0005178119754418731, 0.00035542642581276596, 9.534539276501164e-05, 9.30576425162144e-05, 0.00014332284627016634, 0.00014623285096604377, 0.00012068580690538511, 2.8384314646245912e-05, 3.8850797864142805e-05, 3.0543742468580604e-05, 3.734129495569505e-05, 2.9939346859464422e-05, 2.337991099921055e-05, 1.3600624697573949e-05, 1.2111157957406249e-05, 1.0827810001501348e-05, 6.697229309793329e-06, 5.108210643811617e-06, 3.27582165482454e-06, 4.105992047698237e-06, 2.2993540369498078e-06, 2.5043195819307584e-06, 3.7681745652662357e-06, 3.965131327277049e-06, 4.0847817217581905e-06, 2.8038621167070232e-06, 3.0137141493469244e-06, 1.915311713673873e-06, 1.7718197113936185e-06, 7.593960731355764e-07, 6.796609000048193e-07, 3.321829922242614e-07, 4.139823488458205e-07, 3.2337413813365856e-07, 2.0301301617564604e-07], "lowlevel.melbands.stdev": [0.020725291222333908, 0.01519356481730938, 0.0034293753560632467, 0.0015311113093048334, 0.0009475814295001328, 0.0005978125263936818, 0.00028030379326082766, 0.00010636476508807391, 0.000135526861413382, 0.00024838262470439076, 0.00032827688846737146, 0.00023677651188336313, 3.199323691660538e-05, 4.073837408213876e-05, 2.9054779588477686e-05, 5.2572780987247825e-05, 6.336760998237878e-05, 2.8401736926753074e-05, 1.642085044295527e-05, 1.6718880942789838e-05, 1.3666747690876946e-05, 1.1150200407428201e-05, 9.669138307799585e-06, 6.013557140249759e-06, 9.218087143381126e-06, 6.006207058817381e-06, 6.139215656730812e-06, 8.995958523883019e-06, 1.0277080946252681e-05, 1.1302381608402357e-05, 7.1474964897788595e-06, 7.8621897046105e-06, 4.385682132124202e-06, 4.554106908472022e-06, 1.8048230003842036e-06, 1.7912863086166908e-06, 7.17529417215701e-07, 9.140251222561346e-07, 7.339158969443815e-07, 4.781107918461203e-07], "lowlevel.melbands128.mean": [0.007734724320471287, 0.0289373267441988, 0.03054887056350708, 0.020305633544921875, 0.01609463058412075, 0.008395678363740444, 0.002835712628439069, 0.0011066888691857457, 0.0008262792252935469, 0.000915362557861954, 0.0006025196053087711, 0.0006773170898668468, 0.0012222641380503774, 0.0005186632042750716, 0.0005537400138564408, 0.0004940979415550828, 0.00033689485280774534, 0.0004582441761158407, 0.00019013482960872352, 8.114204683806747e-05, 4.046920730615966e-05, 0.00012064015754731372, 0.0001281633012695238, 1.9262606656411663e-05, 0.00013832600961904973, 0.00021411824855022132, 9.488042996963486e-05, 0.00020891967869829386, 6.164757360238582e-05, 0.000227101452765055, 9.174629667541012e-05, 1.7800053683458827e-05, 2.7904099624720402e-05, 3.446245682425797e-05, 3.0128165235510096e-05, 4.581794928526506e-05, 4.9871847295435145e-05, 6.859544100734638e-06, 4.3379448470659554e-05, 4.363301195553504e-05, 4.044279194204137e-05, 1.6541071090614423e-05, 3.1028539524413645e-05, 4.5079144911142066e-05, 4.541693670034874e-06, 2.111480171151925e-05, 4.74297848995775e-05, 2.760515826594201e-06, 6.1471805565815885e-06, 1.280370543099707e-05, 1.1923503734578844e-05, 1.210549999086652e-05, 1.593611523276195e-05, 5.155780399945797e-06, 1.1203804206161294e-05, 6.562602266058093e-06, 3.4635481824807357e-06, 5.986328687868081e-06, 5.2246591621951666e-06, 4.357098077889532e-06, 2.6634947971615475e-06, 2.770813580355025e-06, 5.085767497803317e-06, 4.727279701910447e-06, 1.6905480606510537e-06, 1.8664461549633415e-06, 3.330278104840545e-06, 2.1930909497314133e-06, 2.5038732474058634e-06, 2.1161999939067755e-06, 4.527827513811644e-06, 3.3429275845264783e-06, 5.223783318797359e-06, 3.968156306655146e-06, 3.209770511602983e-06, 2.4543826384615386e-06, 6.728081643814221e-06, 3.433128085816861e-06, 1.946318434420391e-06, 1.930028474816936e-06, 3.204916765753296e-06, 3.857698629872175e-06, 2.0859331471001497e-06, 1.8694623804549337e-06, 1.4048421235202113e-06, 1.7312355566900806e-06, 2.262749148940202e-06, 1.140102881436178e-06, 6.125210916252399e-07, 4.743597514789144e-07, 6.880471801196109e-07, 9.369672966386133e-07, 2.2779262565109093e-07, 2.2819105538474105e-07, 4.115120191272581e-07, 5.785805683444778e-07, 3.4646342328414903e-07, 3.041840272999252e-07, 3.393354290892603e-07, 3.5559261846174195e-07, 2.2752115569346643e-07, 1.8963514492043032e-07, 1.3373882268297166e-07, 1.9914190829695144e-07, 1.2415347327987547e-07, 9.131450440236222e-08, 1.0147770268531531e-07, 6.910376271207497e-08, 6.306476052486687e-08, 7.686425362862792e-08, 5.128851299218695e-08, 5.124403656964205e-08, 6.286075660000279e-08, 5.1584514437763573e-08, 5.144239523247052e-08, 4.496353511740381e-08, 1.3297118961475007e-08, 3.278790017269273e-10, 2.3481935146341115e-11, 2.2793964632450425e-11, 2.2285727083182216e-11, 2.1780745609878416e-11, 2.128188077155091e-11, 2.0923188528976233e-11, 2.0537828382405365e-11, 2.0110756809854635e-11, 1.9847293947217182e-11, 1.972777496916933e-11], "lowlevel.melbands128.stdev": [0.011489237658679485, 0.023823903873562813, 0.02663309872150421, 0.020480914041399956, 0.019742079079151154, 0.012408507987856865, 0.004672578535974026, 0.002704873215407133, 0.0022168350405991077, 0.0016633885679766536, 0.0014971160562708974, 0.0009781236294656992, 0.001461090287193656, 0.0006755529320798814, 0.0009645616519264877, 0.0005496496451087296, 0.0003348646860104054, 0.0005139037384651601, 0.00019317875558044761, 0.00019287930626887828, 7.681877468712628e-05, 0.0001833972637541592, 0.00021036296675447375, 3.586576713132672e-05, 0.00025627482682466507, 0.0004340950690675527, 0.00023747853992972523, 0.0006474819965660572, 0.00011504646681714803, 0.00048267972306348383, 0.00019115506438538432, 3.414121238165535e-05, 3.750616087927483e-05, 5.293790309224278e-05, 6.03612425038591e-05, 5.744390728068538e-05, 6.547509110532701e-05, 1.141929351433646e-05, 6.789144390495494e-05, 5.581745790550485e-05, 8.68214774527587e-05, 3.287893923697993e-05, 6.51077862130478e-05, 0.00012142799096181989, 9.665331162977964e-06, 3.0840004910714924e-05, 7.287022162927315e-05, 6.786300673411461e-06, 1.2027893717458937e-05, 2.651658360264264e-05, 2.3452881578123197e-05, 2.333379779884126e-05, 3.0224262445699424e-05, 7.61638511903584e-06, 2.0464267436182126e-05, 1.8163440472562797e-05, 6.6243819674127735e-06, 1.480904029449448e-05, 1.1720084330590907e-05, 9.918782780005131e-06, 6.417940312530845e-06, 6.052227490727091e-06, 1.1539584193087649e-05, 1.2224590136611369e-05, 4.714985607279232e-06, 5.852882623003097e-06, 1.0347137504140846e-05, 5.901576514588669e-06, 7.554552212241106e-06, 5.172993041924201e-06, 1.3093702364130877e-05, 8.60259842738742e-06, 1.838865500758402e-05, 1.1519600775500294e-05, 8.115748642012477e-06, 7.852660928620026e-06, 2.2008447558619082e-05, 9.676632544142194e-06, 5.8528853514872026e-06, 5.870628683624091e-06, 9.958224836736917e-06, 1.0641592780302744e-05, 5.062497166363755e-06, 4.584575890476117e-06, 3.8084999687271193e-06, 5.009331289329566e-06, 6.258378562051803e-06, 2.9323687158466782e-06, 1.6663257156324107e-06, 1.315278041147394e-06, 1.8793276694850647e-06, 2.672525170055451e-06, 5.893362526876444e-07, 5.909762421651976e-07, 9.453854659113858e-07, 1.4070767520024674e-06, 8.516502134625625e-07, 7.244565836117545e-07, 8.406471465605136e-07, 8.802250022199587e-07, 6.824794240856136e-07, 4.5862586262046534e-07, 3.406666166938521e-07, 5.078305207462108e-07, 3.581571945687756e-07, 2.4528512199140096e-07, 2.804838743486471e-07, 2.083597649971125e-07, 2.028112504603996e-07, 3.0138545525915106e-07, 1.949362058439874e-07, 1.723637410577794e-07, 1.8486784369997622e-07, 1.5161603528213163e-07, 1.7188682477353723e-07, 1.6667053159835632e-07, 6.153633336225539e-08, 2.422839928684084e-09, 3.6276277121105593e-11, 3.523425995410889e-11, 3.446899710102258e-11, 3.353079619516919e-11, 3.2843474467858513e-11, 3.228980624547795e-11, 3.182075783425553e-11, 3.144264362764382e-11, 3.117226615723112e-11, 3.1004997180783533e-11], "lowlevel.mfcc.mean": [-686.205322265625, 199.13990783691406, -2.074765920639038, 36.561946868896484, 11.018065452575684, 22.991064071655273, 2.6571216583251953, 6.4398651123046875, 7.598730564117432, 1.3243224620819092, 1.8579922914505005, 2.3449292182922363, 3.807147264480591], "lowlevel.spectral_contrast_coeffs.mean": [-0.7025101780891418, -0.6973618865013123, -0.7249550223350525, -0.749335527420044, -0.78407883644104, -0.7189554572105408], "lowlevel.spectral_contrast_coeffs.stdev": [0.06732932478189468, 0.06293546408414841, 0.05111222714185715, 0.044946685433387756, 0.03544370457530022, 0.06597185879945755], "lowlevel.spectral_contrast_valleys.mean": [-5.882026672363281, -6.939616680145264, -7.611386299133301, -8.134326934814453, -8.566507339477539, -12.163477897644043], "lowlevel.spectral_contrast_valleys.stdev": [0.763800323009491, 0.5569549798965454, 0.5820587873458862, 0.6647154092788696, 1.1105713844299316, 1.9912723302841187], "rhythm.beats_loudness_band_ratio.mean": [0.7494423985481262, 0.14321623742580414, 0.06659754365682602, 0.03952005133032799, 0.017128977924585342, 0.010380887426435947], "rhythm.beats_loudness_band_ratio.stdev": [0.2593494653701782, 0.18016254901885986, 0.07483392208814621, 0.04210412874817848, 0.016996057704091072, 0.014473594725131989], "tonal.hpcp.mean": [0.4091247320175171, 0.40659865736961365, 0.07127571851015091, 0.006160133518278599, 0.0015314621850848198, 0.0018195761367678642, 0.028356483206152916, 0.03371388837695122, 0.008602842688560486, 0.006495609879493713, 0.007576721254736185, 0.005163747817277908, 0.007109432481229305, 0.01939653605222702, 0.07514315098524094, 0.2826659679412842, 0.30758872628211975, 0.09200453013181686, 0.008421434089541435, 0.0032339910976588726, 0.0035169213078916073, 0.00910536665469408, 0.012727458029985428, 0.013401007279753685, 0.06545687466859818, 0.07866893708705902, 0.024746691808104515, 0.017581036314368248, 0.021166980266571045, 0.040366433560848236, 0.23349010944366455, 0.2879962921142578, 0.10367178916931152, 0.024136511608958244, 0.02018323913216591, 0.08118308335542679], "tonal.hpcp.stdev": [0.43257302045822144, 0.420254647731781, 0.14399389922618866, 0.05720922723412514, 0.018670598044991493, 0.010553956031799316, 0.09596779942512512, 0.1168583407998085, 0.03479764983057976, 0.04077829048037529, 0.03239569440484047, 0.031197885051369667, 0.037412483245134354, 0.08224081248044968, 0.1832309365272522, 0.3771667182445526, 0.3927718997001648, 0.1640617400407791, 0.05178720876574516, 0.035756926983594894, 0.03550875559449196, 0.03983277827501297, 0.04163600504398346, 0.05730390548706055, 0.16862395405769348, 0.20089304447174072, 0.07694193720817566, 0.06203340366482735, 0.07822022587060928, 0.12231659144163132, 0.35698914527893066, 0.42311644554138184, 0.2124996781349182, 0.11821155250072479, 0.11279438436031342, 0.17706412076950073], "rhythm.beats_position": [0.5572788715362549, 1.1145577430725098, 1.6602267026901245, 2.2058956623077393, 2.739954710006714, 3.285623550415039, 3.8312923908233643, 4.36535120010376, 4.911020278930664, 5.456689357757568, 5.990748405456543, 6.536417007446289, 7.082086086273193, 7.627755165100098, 8.173423767089844, 8.707483291625977, 9.253151893615723, 9.798820495605469, 10.332880020141602, 10.878548622131348, 11.424217224121094, 11.969886779785156, 12.515555381774902, 13.049613952636719, 13.595283508300781, 14.140952110290527, 14.675010681152344, 15.209070205688477, 15.754738807678223, 16.30040740966797, 16.8344669342041, 17.380136489868164, 17.925804138183594, 18.471473693847656, 19.01714324951172, 19.55120086669922, 20.10848045349121, 20.642539978027344, 21.176597595214844, 21.722267150878906, 22.26793670654297, 22.8136043548584, 23.35927391052246, 23.893333435058594, 24.439001083374023, 24.984670639038086, 25.51873016357422, 26.06439781188965, 26.61006736755371, 27.144126892089844, 27.689794540405273, 28.235464096069336, 28.76952362060547, 29.326801300048828, 29.86086082458496, 30.406530380249023, 30.952198028564453, 31.486257553100586, 32.031925201416016, 32.57759475708008, 33.111656188964844, 33.6689338684082, 34.2029914855957, 34.73705291748047, 35.29433059692383, 35.82838821411133, 36.362449645996094, 36.90811538696289, 37.45378494262695, 37.999454498291016, 38.53351593017578, 39.07918167114258, 39.6364631652832], "rhythm.bpm_histogram": [0.0, 0.0, 0.0, 0.0, 0.0, 0.0, 0.0, 0.0, 0.0, 0.0, 0.0, 0.0, 0.0, 0.0, 0.0, 0.0, 0.0, 0.0, 0.0, 0.0, 0.0, 0.0, 0.0, 0.0, 0.0, 0.0, 0.0, 0.0, 0.0, 0.0, 0.0, 0.0, 0.0, 0.0, 0.0, 0.0, 0.0, 0.0, 0.0, 0.0, 0.0, 0.0, 0.0, 0.0, 0.0, 0.0, 0.0, 0.0, 0.0, 0.0, 0.0, 0.0, 0.0, 0.0, 0.0, 0.0, 0.0, 0.0, 0.0, 0.0, 0.0, 0.0, 0.0, 0.0, 0.0, 0.0, 0.0, 0.0, 0.0, 0.0, 0.0, 0.0, 0.0, 0.0, 0.0, 0.0, 0.0, 0.0, 0.0, 0.0, 0.0, 0.0, 0.0, 0.0, 0.0, 0.0, 0.0, 0.0, 0.0, 0.0, 0.0, 0.0, 0.0, 0.0, 0.0, 0.0, 0.0, 0.0, 0.0, 0.0, 0.0, 0.0, 0.0, 0.0, 0.0, 0.0, 0.0, 0.0, 0.0833333358168602, 0.0, 0.5833333134651184, 0.0, 0.3333333432674408, 0.0, 0.0, 0.0, 0.0, 0.0, 0.0, 0.0, 0.0, 0.0, 0.0, 0.0, 0.0, 0.0, 0.0, 0.0, 0.0, 0.0, 0.0, 0.0, 0.0, 0.0, 0.0, 0.0, 0.0, 0.0, 0.0, 0.0, 0.0, 0.0, 0.0, 0.0, 0.0, 0.0, 0.0, 0.0, 0.0, 0.0, 0.0, 0.0, 0.0, 0.0, 0.0, 0.0, 0.0, 0.0, 0.0, 0.0, 0.0, 0.0, 0.0, 0.0, 0.0, 0.0, 0.0, 0.0, 0.0, 0.0, 0.0, 0.0, 0.0, 0.0, 0.0, 0.0, 0.0, 0.0, 0.0, 0.0, 0.0, 0.0, 0.0, 0.0, 0.0, 0.0, 0.0, 0.0, 0.0, 0.0, 0.0, 0.0, 0.0, 0.0, 0.0, 0.0, 0.0, 0.0, 0.0, 0.0, 0.0, 0.0, 0.0, 0.0, 0.0, 0.0, 0.0, 0.0, 0.0, 0.0, 0.0, 0.0, 0.0, 0.0, 0.0, 0.0, 0.0, 0.0, 0.0, 0.0, 0.0, 0.0, 0.0, 0.0, 0.0, 0.0, 0.0, 0.0, 0.0, 0.0, 0.0, 0.0, 0.0, 0.0, 0.0, 0.0, 0.0, 0.0, 0.0, 0.0, 0.0, 0.0, 0.0, 0.0, 0.0, 0.0, 0.0, 0.0, 0.0, 0.0], "tonal.chords_histogram": [1.2731481790542603, 0.0, 0.0, 0.0, 0.0, 0.0, 0.0, 0.0, 0.0, 0.0, 0.0, 0.0, 0.0, 0.0, 0.0, 1.8518518209457397, 0.0, 81.71295928955078, 0.0, 0.0, 0.0, 0.0, 15.162036895751953, 0.0], "tonal.thpcp": [1.0, 0.9938256740570068, 0.17421512305736542, 0.015056859701871872, 0.003743264824151993, 0.004447484854608774, 0.06931011378765106, 0.08240491151809692, 0.02102743275463581, 0.01587684452533722, 0.018519343808293343, 0.012621451169252396, 0.017377175390720367, 0.04740983620285988, 0.1836680769920349, 0.6909041404724121, 0.7518213987350464, 0.2248813658952713, 0.020584026351571083, 0.0079046580940485, 0.008596207946538925, 0.02225572243332863, 0.03110899217426777, 0.03275530785322189, 0.15999247133731842, 0.19228595495224, 0.06048691272735596, 0.04297231510281563, 0.051737230271101, 0.09866534918546677, 0.5707064270973206, 0.7039327621459961, 0.25339898467063904, 0.05899548530578613, 0.04933272674679756, 0.198431134223938], "lowlevel.gfcc.cov": [[7472.9677734375, -4033.914794921875, 1644.023193359375, 1751.9075927734375, -1002.105712890625, 1882.914794921875, -221.48281860351562, 1157.2626953125, -273.6944580078125, 750.6475830078125, -85.60136413574219, 225.61778259277344, 33.20892333984375], [-4033.914794921875, 3316.252197265625, -1301.967041015625, -1179.1190185546875, 812.1961669921875, -1367.6436767578125, 266.94073486328125, -846.4526977539062, 298.19476318359375, -584.1427612304688, 107.13168334960938, -163.70355224609375, 37.574981689453125], [1644.023193359375, -1301.967041015625, 1103.480712890625, 493.72235107421875, -45.33205032348633, 811.0723266601562, -75.5252456665039, 545.8292236328125, -112.09004211425781, 332.3359680175781, 53.8088493347168, 76.88057708740234, 63.22801208496094], [1751.9075927734375, -1179.1190185546875, 493.72235107421875, 606.9898071289062, -265.79254150390625, 546.8682861328125, -18.47116470336914, 309.28759765625, -56.57988739013672, 221.99534606933594, -1.4904718399047852, 56.42411804199219, 25.130693435668945], [-1002.105712890625, 812.1961669921875, -45.33205032348633, -265.79254150390625, 453.531494140625, -179.21310424804688, 127.28700256347656, -83.32797241210938, 90.64346313476562, -94.3052749633789, 65.87358856201172, -32.514312744140625, 34.41896438598633], [1882.914794921875, -1367.6436767578125, 811.0723266601562, 546.8682861328125, -179.21310424804688, 856.696044921875, -73.20155334472656, 507.8115539550781, -64.31464385986328, 263.4452209472656, 58.66484069824219, 28.29721450805664, 70.81852722167969], [-221.48281860351562, 266.94073486328125, -75.5252456665039, -18.47116470336914, 127.28700256347656, -73.20155334472656, 149.93612670898438, -55.01335906982422, 48.246482849121094, -25.589900970458984, 7.916986465454102, -1.5536227226257324, 2.1686923503875732], [1157.2626953125, -846.4526977539062, 545.8292236328125, 309.28759765625, -83.32797241210938, 507.8115539550781, -55.01335906982422, 394.4974060058594, -44.28652572631836, 187.74435424804688, 37.20145034790039, 27.832368850708008, 43.057861328125], [-273.6944580078125, 298.19476318359375, -112.09004211425781, -56.57988739013672, 90.64346313476562, -64.31464385986328, 48.246482849121094, -44.28652572631836, 106.79127502441406, -40.64243698120117, 43.44733810424805, -14.440226554870605, 36.59373092651367], [750.6475830078125, -584.1427612304688, 332.3359680175781, 221.99534606933594, -94.3052749633789, 263.4452209472656, -25.589900970458984, 187.74435424804688, -40.64243698120117, 195.76173400878906, 6.5086894035339355, 59.288612365722656, 2.186387300491333], [-85.60136413574219, 107.13168334960938, 53.8088493347168, -1.4904718399047852, 65.87358856201172, 58.66484069824219, 7.916986465454102, 37.20145034790039, 43.44733810424805, 6.5086894035339355, 101.91657257080078, -10.806843757629395, 46.00978088378906], [225.61778259277344, -163.70355224609375, 76.88057708740234, 56.42411804199219, -32.514312744140625, 28.29721450805664, -1.5536227226257324, 27.832368850708008, -14.440226554870605, 59.288612365722656, -10.806843757629395, 76.57849884033203, -5.48503303527832], [33.20892333984375, 37.574981689453125, 63.22801208496094, 25.130693435668945, 34.41896438598633, 70.81852722167969, 2.1686923503875732, 43.057861328125, 36.59373092651367, 2.186387300491333, 46.00978088378906, -5.48503303527832, 85.69481658935547]], "lowlevel.gfcc.icov": [[0.0006725186249241233, -0.0007492168224416673, 0.00047046164399944246, -0.001479322207160294, 0.0006879118736833334, -0.0013374071568250656, 0.0004579446685966104, -0.0009930941741913557, 0.0005705220974050462, -0.00034299815888516605, 0.0011349027045071125, -0.001236317795701325, 0.0005475957877933979], [-0.0007492168224416673, 0.009120854549109936, -0.0012149002868682146, 0.006335485726594925, -0.0055076428689062595, 0.008382775820791721, -0.00401285570114851, 0.004506237339228392, -0.004979399498552084, 0.003649476682767272, -0.0071768625639379025, 0.005946008954197168, -0.005281461402773857], [0.00047046164399944246, -0.0012149002868682146, 0.007095505017787218, -0.002100512385368347, -0.0030617874581366777, -0.005384998396039009, 0.002539757639169693, -0.0027091680094599724, 0.005479256622493267, -0.0043080695904791355, 0.0016316469991579652, -0.003277642885223031, -0.0006076659192331135], [-0.001479322207160294, 0.006335485726594925, -0.002100512385368347, 0.012793310917913914, -0.0005836126510985196, 0.003505398752167821, -0.006927337497472763, 0.004881336819380522, -0.004586237017065287, 0.0009617217583581805, -0.005154068116098642, 0.004477727226912975, -0.004358679987490177], [0.0006879118736833334, -0.0055076428689062595, -0.0030617874581366777, -0.0005836126510985196, 0.011178907006978989, -0.0034142679069191217, -0.0032684984616935253, -0.0033994419500231743, -0.0002931050839833915, 0.00026124692521989346, 0.0025444061029702425, -0.0027832675259560347, 0.0032752377446740866], [-0.0013374071568250656, 0.008382775820791721, -0.005384998396039009, 0.003505398752167821, -0.0034142679069191217, 0.018527157604694366, -0.004012479912489653, -0.0009296013158746064, -0.006296542938798666, 0.005188846029341221, -0.00892565120011568, 0.009778473526239395, -0.005608617793768644], [0.0004579446685966104, -0.00401285570114851, 0.002539757639169693, -0.006927337497472763, -0.0032684984616935253, -0.004012479912489653, 0.014606577344238758, -0.0007832384435459971, 2.8371014195727184e-05, -0.002819477580487728, 0.004903106950223446, -0.0035598285030573606, 0.003591738408431411], [-0.0009930941741913557, 0.004506237339228392, -0.0027091680094599724, 0.004881336819380522, -0.0033994419500231743, -0.0009296013158746064, -0.0007832384435459971, 0.016167063266038895, -0.0033838069066405296, -0.0015921120066195726, -0.003691823221743107, 0.0045323558151721954, -0.003235590411350131], [0.0005705220974050462, -0.004979399498552084, 0.005479256622493267, -0.004586237017065287, -0.0002931050839833915, -0.006296542938798666, 2.8371014195727184e-05, -0.0033838069066405296, 0.022496256977319717, -0.0035200929269194603, -0.0005841682432219386, -0.004358488600701094, -0.0031967998947948217], [-0.00034299815888516605, 0.003649476682767272, -0.0043080695904791355, 0.0009617217583581805, 0.00026124692521989346, 0.005188846029341221, -0.002819477580487728, -0.0015921120066195726, -0.0035200929269194603, 0.01863626204431057, -0.004951559938490391, -0.004554268904030323, 0.0013022940838709474], [0.0011349027045071125, -0.0071768625639379025, 0.0016316469991579652, -0.005154068116098642, 0.0025444061029702425, -0.00892565120011568, 0.004903106950223446, -0.003691823221743107, -0.0005841682432219386, -0.004951559938490391, 0.02232942543923855, -0.0038865050300955772, -0.000761904229875654], [-0.001236317795701325, 0.005946008954197168, -0.003277642885223031, 0.004477727226912975, -0.0027832675259560347, 0.009778473526239395, -0.0035598285030573606, 0.0045323558151721954, -0.004358488600701094, -0.004554268904030323, -0.0038865050300955772, 0.024720055982470512, -0.004526865668594837], [0.0005475957877933979, -0.005281461402773857, -0.0006076659192331135, -0.004358679987490177, 0.0032752377446740866, -0.005608617793768644, 0.003591738408431411, -0.003235590411350131, -0.0031967998947948217, 0.0013022940838709474, -0.000761904229875654, -0.004526865668594837, 0.021805010735988617]], "lowlevel.mfcc.cov": [[6470.6865234375, -4209.845703125, 1900.2645263671875, 204.58009338378906, 23.523527145385742, 498.0760803222656, 396.705078125, 342.5501708984375, 301.8875427246094, 475.9088439941406, 163.19970703125, 147.9664764404297, -31.400602340698242], [-4209.845703125, 3729.2548828125, -1743.62451171875, -10.443613052368164, -83.30147552490234, -318.4715576171875, -364.8672790527344, -190.90081787109375, -226.2044677734375, -342.66778564453125, -112.51653289794922, -125.4161376953125, 48.38835144042969], [1900.2645263671875, -1743.62451171875, 1171.4200439453125, -64.66595458984375, 265.44964599609375, 182.00596618652344, 330.2366027832031, 129.41317749023438, 175.51226806640625, 213.71287536621094, 88.60469055175781, 125.76940155029297, 4.126466274261475], [204.58009338378906, -10.443613052368164, -64.66595458984375, 205.20538330078125, -84.64371490478516, 76.8868408203125, -22.68337631225586, 14.001476287841797, 5.400925636291504, 3.5875463485717773, 18.44361114501953, -8.699832916259766, 19.920196533203125], [23.523527145385742, -83.30147552490234, 265.44964599609375, -84.64371490478516, 292.1405029296875, 26.243431091308594, 158.45578002929688, 66.86639404296875, 80.63838195800781, 69.33770751953125, 34.008880615234375, 62.9110107421875, 21.544048309326172], [498.0760803222656, -318.4715576171875, 182.00596618652344, 76.8868408203125, 26.243431091308594, 171.75669860839844, 73.1818618774414, 65.4986801147461, 53.94688415527344, 63.46602249145508, 32.27812194824219, 23.91982078552246, 25.46366310119629], [396.705078125, -364.8672790527344, 330.2366027832031, -22.68337631225586, 158.45578002929688, 73.1818618774414, 214.7674102783203, 75.59422302246094, 79.44596099853516, 84.65567779541016, 48.15961837768555, 57.495994567871094, 9.481700897216797], [342.5501708984375, -190.90081787109375, 129.41317749023438, 14.001476287841797, 66.86639404296875, 65.4986801147461, 75.59422302246094, 111.83621978759766, 58.07954406738281, 58.23479461669922, 25.88697052001953, 22.122819900512695, 10.032548904418945], [301.8875427246094, -226.2044677734375, 175.51226806640625, 5.400925636291504, 80.63838195800781, 53.94688415527344, 79.44596099853516, 58.07954406738281, 105.18937683105469, 61.66154861450195, 21.403379440307617, 32.343048095703125, 12.750609397888184], [475.9088439941406, -342.66778564453125, 213.71287536621094, 3.5875463485717773, 69.33770751953125, 63.46602249145508, 84.65567779541016, 58.23479461669922, 61.66154861450195, 118.28227233886719, 20.621747970581055, 20.801979064941406, 5.144091606140137], [163.19970703125, -112.51653289794922, 88.60469055175781, 18.44361114501953, 34.008880615234375, 32.27812194824219, 48.15961837768555, 25.88697052001953, 21.403379440307617, 20.621747970581055, 73.57843017578125, 40.287933349609375, 6.419704914093018], [147.9664764404297, -125.4161376953125, 125.76940155029297, -8.699832916259766, 62.9110107421875, 23.91982078552246, 57.495994567871094, 22.122819900512695, 32.343048095703125, 20.801979064941406, 40.287933349609375, 95.1258316040039, 18.0587158203125], [-31.400602340698242, 48.38835144042969, 4.126466274261475, 19.920196533203125, 21.544048309326172, 25.46366310119629, 9.481700897216797, 10.032548904418945, 12.750609397888184, 5.144091606140137, 6.419704914093018, 18.0587158203125, 57.57735061645508]], "lowlevel.mfcc.icov": [[0.000758885988034308, 0.0007550511509180069, -3.0346594940056093e-05, -0.0004668748006224632, 0.00024266006948892027, -0.00017048430163413286, 0.0003674660692922771, -0.0008826841367408633, 9.132330160355195e-05, -0.0006808705511502922, -8.350922871613875e-05, -0.00019374069233890623, 0.0001315924891969189], [0.0007550511509180069, 0.002317257458344102, 0.002672202419489622, -0.00044509925646707416, -0.001717445906251669, -1.0093694072565995e-05, -0.00027196999872103333, -0.00018905704200733453, 7.19001836841926e-05, 0.00021230944548733532, -7.82349452492781e-05, -0.00023187766782939434, -0.0008018000517040491], [-3.0346594940056093e-05, 0.002672202419489622, 0.006643115077167749, 0.0008064545108936727, -0.003385768970474601, -0.0008760529453866184, -0.002816026099026203, 0.002039964310824871, -0.0007980360533110797, -5.5840107961557806e-05, -0.00012833728396799415, -0.0009708740981295705, -0.0007542725652456284], [-0.0004668748006224632, -0.00044509925646707416, 0.0008064545108936727, 0.00832490436732769, 0.0024465899914503098, -0.003649227088317275, -0.0003378430847078562, 0.0005945941084064543, -0.0012257653288543224, 0.0003164942900184542, -0.0022626821883022785, 0.0008755107410252094, -0.0019472322892397642], [0.00024266006948892027, -0.001717445906251669, -0.003385768970474601, 0.0024465899914503098, 0.010096755810081959, 0.0008477331721223891, -0.003069716738536954, -0.0022536912001669407, -0.001965644070878625, -0.0016692846547812223, -0.00018586318765301257, -0.001086800592020154, -0.001336753135547042], [-0.00017048430163413286, -1.0093694072565995e-05, -0.0008760529453866184, -0.003649227088317275, 0.0008477331721223891, 0.011762968264520168, -0.0013099301140755415, -0.0030771822202950716, -0.0006053008255548775, -0.0015195014420896769, -0.0006723655969835818, 0.0005233517149463296, -0.0033460441045463085], [0.0003674660692922771, -0.00027196999872103333, -0.002816026099026203, -0.0003378430847078562, -0.003069716738536954, -0.0013099301140755415, 0.013159451074898243, -0.0026424259413033724, -0.0007001139456406236, -0.001923690433613956, -0.002371585462242365, -0.0008642286993563175, 0.001631357823498547], [-0.0008826841367408633, -0.00018905704200733453, 0.002039964310824871, 0.0005945941084064543, -0.0022536912001669407, -0.0030771822202950716, -0.0026424259413033724, 0.017297901213169098, -0.004361225292086601, -0.0019627686124294996, -0.0015751956962049007, 0.0009015697287395597, -1.5149596947594546e-05], [9.132330160355195e-05, 7.19001836841926e-05, -0.0007980360533110797, -0.0012257653288543224, -0.001965644070878625, -0.0006053008255548775, -0.0007001139456406236, -0.004361225292086601, 0.018302977085113525, -0.003936096094548702, 0.0012629739940166473, -0.0019441320328041911, -0.0008835637709125876], [-0.0006808705511502922, 0.00021230944548733532, -5.5840107961557806e-05, 0.0003164942900184542, -0.0016692846547812223, -0.0015195014420896769, -0.001923690433613956, -0.0019627686124294996, -0.003936096094548702, 0.01769714243710041, 0.0003795688971877098, 0.001861274940893054, -3.5389966797083616e-05], [-8.350922871613875e-05, -7.82349452492781e-05, -0.00012833728396799415, -0.0022626821883022785, -0.00018586318765301257, -0.0006723655969835818, -0.002371585462242365, -0.0015751956962049007, 0.0012629739940166473, 0.0003795688971877098, 0.020256388932466507, -0.0073070828802883625, 0.0015638332115486264], [-0.00019374069233890623, -0.00023187766782939434, -0.0009708740981295705, 0.0008755107410252094, -0.001086800592020154, 0.0005233517149463296, -0.0008642286993563175, 0.0009015697287395597, -0.0019441320328041911, 0.001861274940893054, -0.0073070828802883625, 0.01691978983581066, -0.004211492370814085], [0.0001315924891969189, -0.0008018000517040491, -0.0007542725652456284, -0.0019472322892397642, -0.001336753135547042, -0.0033460441045463085, 0.001631357823498547, -1.5149596947594546e-05, -0.0008835637709125876, -3.5389966797083616e-05, 0.0015638332115486264, -0.004211492370814085, 0.02190062589943409]], "metadata.audio_properties.analysis.downmix": "mix", "metadata.audio_properties.codec": "mp3", "metadata.audio_properties.md5_encoded": "fa181d5731f6571f434b0500c1543869", "metadata.tags.file_name": "1183705441990094889.mp3", "metadata.version.essentia": "2.1-beta6-dev", "metadata.version.essentia_git_sha": "v2.1_beta5-1110-g77a6a954", "metadata.version.extractor": "music 2.0", "tonal.chords_key": "D", "tonal.chords_scale": "minor", "tonal.key_edma.key": "G", "tonal.key_edma.scale": "major", "tonal.key_krumhansl.key": "G", "tonal.key_krumhansl.scale": "major", "tonal.key_temperley.key": "D", "tonal.key_temperley.scale": "major", "metadata.tags.encoding": ["Lavf58.45.100"]}, "essentia_models": [{"model_name": "genre_dortmund", "activatio