{"song_id": "1183686971772649502", "download": "https://cdn.discordapp.com/attachments/1135911532732108921/1183686971772649502/chirp.mp4?ex=65893d65&amp", "lyrics": "-", "style": ["lo</span><span>-fi sad alone missing someone smoking"], "essentia_features": {"lowlevel.average_loudness": 0.9616444110870361, "lowlevel.barkbands_crest.mean": 10.214187622070312, "lowlevel.barkbands_crest.stdev": 2.989377021789551, "lowlevel.barkbands_flatness_db.mean": 0.23340661823749542, "lowlevel.barkbands_flatness_db.stdev": 0.05017773061990738, "lowlevel.barkbands_kurtosis.mean": 4.777359485626221, "lowlevel.barkbands_kurtosis.stdev": 3.8942906856536865, "lowlevel.barkbands_skewness.mean": 1.440535068511963, "lowlevel.barkbands_skewness.stdev": 0.7877585887908936, "lowlevel.barkbands_spread.mean": 7.994221210479736, "lowlevel.barkbands_spread.stdev": 5.91815185546875, "lowlevel.dissonance.mean": 0.39449116587638855, "lowlevel.dissonance.stdev": 0.04769984260201454, "lowlevel.dynamic_complexity": 1.692571997642517, "lowlevel.erbbands_crest.mean": 14.714136123657227, "lowlevel.erbbands_crest.stdev": 5.240616321563721, "lowlevel.erbbands_flatness_db.mean": 0.2638046145439148, "lowlevel.erbbands_flatness_db.stdev": 0.0462346188724041, "lowlevel.erbbands_kurtosis.mean": 3.395444631576538, "lowlevel.erbbands_kurtosis.stdev": 2.8151252269744873, "lowlevel.erbbands_skewness.mean": 1.1382701396942139, "lowlevel.erbbands_skewness.stdev": 0.6774152517318726, "lowlevel.erbbands_spread.mean": 16.344392776489258, "lowlevel.erbbands_spread.stdev": 11.101587295532227, "lowlevel.hfc.mean": 17.110004425048828, "lowlevel.hfc.stdev": 8.7531099319458, "lowlevel.loudness_ebu128.integrated": -15.994245529174805, "lowlevel.loudness_ebu128.loudness_range": 1.9982528686523438, "lowlevel.loudness_ebu128.momentary.mean": -16.24403953552246, "lowlevel.loudness_ebu128.momentary.stdev": 1.4987761974334717, "lowlevel.loudness_ebu128.short_term.mean": -15.96838665008545, "lowlevel.loudness_ebu128.short_term.stdev": 0.7737593054771423, "lowlevel.melbands_crest.mean": 12.798543930053711, "lowlevel.melbands_crest.stdev": 3.99216890335083, "lowlevel.melbands_flatness_db.mean": 0.27281156182289124, "lowlevel.melbands_flatness_db.stdev": 0.06197964400053024, "lowlevel.melbands_kurtosis.mean": 5.5673675537109375, "lowlevel.melbands_kurtosis.stdev": 6.042644500732422, "lowlevel.melbands_skewness.mean": 1.3148859739303589, "lowlevel.melbands_skewness.stdev": 0.8463547229766846, "lowlevel.melbands_spread.mean": 11.216569900512695, "lowlevel.melbands_spread.stdev": 8.71874713897705, "lowlevel.pitch_salience.mean": 0.5553600788116455, "lowlevel.pitch_salience.stdev": 0.08112090080976486, "lowlevel.silence_rate_20dB.mean": 1.0, "lowlevel.silence_rate_20dB.stdev": 0.0, "lowlevel.silence_rate_30dB.mean": 1.0, "lowlevel.silence_rate_30dB.stdev": 0.0, "lowlevel.silence_rate_60dB.mean": 0.009999999776482582, "lowlevel.silence_rate_60dB.stdev": 0.09949883073568344, "lowlevel.spectral_centroid.mean": 685.6026611328125, "lowlevel.spectral_centroid.stdev": 312.7891540527344, "lowlevel.spectral_complexity.mean": 12.797499656677246, "lowlevel.spectral_complexity.stdev": 3.7711398601531982, "lowlevel.spectral_decrease.mean": -7.666734802569408e-09, "lowlevel.spectral_decrease.stdev": 3.5387357488758653e-09, "lowlevel.spectral_energy.mean": 0.03048795647919178, "lowlevel.spectral_energy.stdev": 0.014046043157577515, "lowlevel.spectral_energyband_high.mean": 0.00024951965315267444, "lowlevel.spectral_energyband_high.stdev": 0.0005349002312868834, "lowlevel.spectral_energyband_low.mean": 0.0024161457549780607, "lowlevel.spectral_energyband_low.stdev": 0.003152889898046851, "lowlevel.spectral_energyband_middle_high.mean": 0.0032672786619514227, "lowlevel.spectral_energyband_middle_high.stdev": 0.0018597303424030542, "lowlevel.spectral_energyband_middle_low.mean": 0.02508421614766121, "lowlevel.spectral_energyband_middle_low.stdev": 0.013341423124074936, "lowlevel.spectral_entropy.mean": 6.688325881958008, "lowlevel.spectral_entropy.stdev": 0.5382867455482483, "lowlevel.spectral_flux.mean": 0.042510565370321274, "lowlevel.spectral_flux.stdev": 0.02454693801701069, "lowlevel.spectral_kurtosis.mean": 11.242498397827148, "lowlevel.spectral_kurtosis.stdev": 11.541891098022461, "lowlevel.spectral_rms.mean": 0.005293115973472595, "lowlevel.spectral_rms.stdev": 0.0013142685638740659, "lowlevel.spectral_rolloff.mean": 845.6614990234375, "lowlevel.spectral_rolloff.stdev": 670.9254150390625, "lowlevel.spectral_skewness.mean": 2.3923304080963135, "lowlevel.spectral_skewness.stdev": 1.0866609811782837, "lowlevel.spectral_spread.mean": 3063917.0, "lowlevel.spectral_spread.stdev": 1200351.875, "lowlevel.spectral_strongpeak.mean": 1.6614412069320679, "lowlevel.spectral_strongpeak.stdev": 0.8845120072364807, "lowlevel.zerocrossingrate.mean": 0.034107666462659836, "lowlevel.zerocrossingrate.stdev": 0.017509909346699715, "metadata.audio_properties.analysis.equal_loudness": 0.0, "metadata.audio_properties.analysis.length": 9.258662223815918, "metadata.audio_properties.analysis.sample_rate": 44100.0, "metadata.audio_properties.analysis.start_time": 0.0, "metadata.audio_properties.bit_rate": 114853.0, "metadata.audio_properties.length": 9.2586669921875, "metadata.audio_properties.lossless": 0.0, "metadata.audio_properties.number_channels": 1.0, "metadata.audio_properties.replay_gain": -10.716133117675781, "metadata.audio_properties.sample_rate": 48000.0, "rhythm.beats_count": 14.0, "rhythm.beats_loudness.mean": 0.03639033064246178, "rhythm.beats_loudness.stdev": 0.012826136313378811, "rhythm.bpm": 94.91462707519531, "rhythm.bpm_histogram_first_peak_bpm": 96.0, "rhythm.bpm_histogram_first_peak_weight": 0.46153849363327026, "rhythm.bpm_histogram_second_peak_bpm": 0.0, "rhythm.bpm_histogram_second_peak_spread": 0.0, "rhythm.bpm_histogram_second_peak_weight": 0.0, "rhythm.danceability": 0.9139325022697449, "rhythm.onset_rate": 2.371616840362549, "tonal.chords_changes_rate": 0.024875622242689133, "tonal.chords_number_rate": 0.024875622242689133, "tonal.chords_strength.mean": 0.5234729647636414, "tonal.chords_strength.stdev": 0.037007834762334824, "tonal.hpcp_crest.mean": 16.281585693359375, "tonal.hpcp_crest.stdev": 4.977781772613525, "tonal.hpcp_entropy.mean": 1.5056418180465698, "tonal.hpcp_entropy.stdev": 0.4865855574607849, "tonal.key_edma.strength": 0.6908591985702515, "tonal.key_krumhansl.strength": 0.6787320375442505, "tonal.key_temperley.strength": 0.6554778814315796, "tonal.tuning_diatonic_strength": 0.5053160190582275, "tonal.tuning_equal_tempered_deviation": 0.019380202516913414, "tonal.tuning_frequency": 440.2542419433594, "tonal.tuning_nontempered_energy_ratio": 0.5962764024734497, "lowlevel.barkbands.mean": [3.0287951631180476e-06, 9.539473103359342e-05, 0.0018886280013248324, 0.0009452625527046621, 0.005083765834569931, 0.002822514157742262, 0.009354347363114357, 0.0030382522381842136, 0.003551695728674531, 0.0006304740090854466, 0.00045279707410372794, 0.001834033289924264, 4.712833106168546e-05, 5.6742945162113756e-05, 0.0001297788112424314, 0.00012278261419851333, 4.437677125679329e-05, 4.457028990145773e-05, 6.909621151862666e-05, 5.198850703891367e-05, 7.592527981614694e-05, 5.6793582189129665e-05, 6.102608676883392e-05, 2.175759982492309e-05, 5.224305368756177e-06, 5.717640192415274e-07, 2.820880951048821e-08], "lowlevel.barkbands.stdev": [3.808600467891665e-06, 0.00015172926941886544, 0.0028324429877102375, 0.0011211778037250042, 0.004595127422362566, 0.003141566412523389, 0.007959702052175999, 0.0029943976551294327, 0.004173307679593563, 0.0007908824482001364, 0.0005090195336379111, 0.0012739000376313925, 5.663296178681776e-05, 5.981087088002823e-05, 0.00015452630759682506, 0.00019114260794594884, 7.098495552781969e-05, 6.413325172616169e-05, 0.00010395659774076194, 0.00010036885214503855, 0.00016317983681801707, 0.00012904258619528264, 0.00015179155161604285, 5.983590745017864e-05, 2.069972106255591e-05, 2.237589569631382e-06, 1.908947666606764e-07], "lowlevel.erbbands.mean": [0.0012802102137356997, 0.06040209159255028, 1.4866969585418701, 3.1847128868103027, 8.288762092590332, 23.047475814819336, 15.206048965454102, 23.93722152709961, 36.5598030090332, 233.31771850585938, 55.42176818847656, 50.155513763427734, 81.32559204101562, 19.085750579833984, 37.837913513183594, 62.3405876159668, 6.030806064605713, 3.4989101886749268, 3.8700289726257324, 7.568710803985596, 6.55806827545166, 2.4979357719421387, 1.9701837301254272, 3.9579358100891113, 2.873882532119751, 2.3987233638763428, 2.8091464042663574, 2.8537192344665527, 2.2494072914123535, 2.0603652000427246, 1.4720568656921387, 0.7091054320335388, 0.24589328467845917, 0.09660214185714722, 0.015353698283433914, 0.004237547051161528, 0.0007108189165592194, 0.00012214350863359869, 1.885954952740576e-05, 3.514294803608209e-05], "lowlevel.erbbands.stdev": [0.00143776077311486, 0.07371965050697327, 2.178870677947998, 3.394249439239502, 9.241814613342285, 24.256261825561523, 15.446276664733887, 27.592193603515625, 29.582828521728516, 210.14602661132812, 74.09050750732422, 49.098915100097656, 90.35858917236328, 20.81711769104004, 24.195932388305664, 50.1824951171875, 4.39251708984375, 3.439805030822754, 3.653423309326172, 9.902215003967285, 10.013442039489746, 3.087306022644043, 2.5386924743652344, 4.994676113128662, 5.235213756561279, 4.709780216217041, 6.140929222106934, 6.555916786193848, 5.105162620544434, 4.714967727661133, 3.7713429927825928, 1.7834590673446655, 0.8145520091056824, 0.4404466450214386, 0.04519743099808693, 0.01436199713498354, 0.002927191788330674, 0.0006958770682103932, 2.010459138546139e-05, 1.6148145732586272e-05], "lowlevel.gfcc.mean": [-54.10115051269531, 152.21835327148438, -143.65716552734375, 6.872981071472168, -98.80782318115234, -5.720948696136475, -31.484594345092773, -16.4424991607666, -15.024962425231934, -23.626420974731445, -8.489105224609375, -16.08344078063965, -8.172791481018066], "lowlevel.melbands.mean": [1.658234396018088e-05, 0.0005460109678097069, 0.0006699704099446535, 0.0011593479430302978, 0.000655009294860065, 0.0005443320842459798, 0.0008843039977364242, 0.0021409643813967705, 0.00031427282374352217, 0.0004142720135860145, 0.00040915346471592784, 6.658915663138032e-05, 9.824107110034674e-05, 0.00023670840892009437, 4.823382187169045e-05, 5.607692855846835e-06, 5.893840352655388e-06, 4.6062546061875764e-06, 1.0734358511399478e-05, 8.458364391117357e-06, 7.6290798460831866e-06, 2.5189428924932145e-06, 1.4701564623464947e-06, 2.350814838791848e-06, 3.3816600080172066e-06, 2.3573211365146562e-06, 1.7484868521933095e-06, 1.5716314010205679e-06, 1.6211637330343365e-06, 1.9863371107931016e-06, 1.5154727179833571e-06, 1.4234009313440765e-06, 8.329929528372304e-07, 1.329094857283053e-06, 9.257906867787824e-07, 6.113504014138016e-07, 3.447989627147763e-07, 1.715647499622719e-07, 1.358902039783061e-07, 6.040599487278087e-08], "lowlevel.melbands.stdev": [2.653927367646247e-05, 0.0007734474493190646, 0.0006439778953790665, 0.0011278645833954215, 0.0004989038570784032, 0.0006520023453049362, 0.0006488551734946668, 0.001900564064271748, 0.0005577707197517157, 0.0004695066891144961, 0.0004570511227939278, 9.096081339521334e-05, 7.851290865801275e-05, 0.00016849039820954204, 5.5560292821610346e-05, 6.221544936124701e-06, 6.471210326708388e-06, 4.159575837547891e-06, 1.5384484868263826e-05, 1.2678225175477564e-05, 1.2231246728333645e-05, 3.9141796150943264e-06, 1.676485680945916e-06, 3.6335118238639552e-06, 4.427125077199889e-06, 4.157580406172201e-06, 3.3339504170726286e-06, 3.386134494576254e-06, 4.344475200923625e-06, 4.38596816820791e-06, 3.598344619604177e-06, 3.3332901239191415e-06, 1.9871404219884425e-06, 3.213477384633734e-06, 2.4541857328586048e-06, 1.5822017758182483e-06, 8.994001632345316e-07, 5.095999995319289e-07, 7.572789968435245e-07, 2.4601501991128316e-07], "lowlevel.melbands128.mean": [1.1977939493590384e-06, 1.8001778698817361e-06, 1.4827412087470293e-05, 5.918746319366619e-05, 0.0005289242253638804, 0.0010350070660933852, 0.00062413583509624, 0.0004967398126609623, 0.0007475428283214569, 0.001277373288758099, 0.001521437312476337, 0.0007410278194583952, 0.00035773488343693316, 0.0006332413177005947, 0.0004986783023923635, 0.0006041574524715543, 0.000405692495405674, 9.585698717273772e-05, 0.0020880133379250765, 0.004466028418391943, 0.0005795428296551108, 0.00031539384508505464, 0.00043922069016844034, 0.00011289546091575176, 0.00011319393524900079, 0.0005049369647167623, 0.0012019142741337419, 0.00017629469220992178, 5.1173487008782104e-05, 8.966596215032041e-05, 3.737668157555163e-05, 8.401641389355063e-05, 0.0001209583570016548, 1.7973472495214082e-05, 0.00034687668085098267, 0.0002696182345971465, 0.0001401413173880428, 2.8120608476456255e-05, 5.08382981934119e-06, 5.016059731133282e-06, 2.945442702184664e-06, 1.1593278031796217e-05, 6.112798018875765e-06, 4.026160695502767e-06, 1.5354032711911714e-06, 5.069890903541818e-06, 6.336264050332829e-06, 1.4220478078641463e-05, 7.447059488185914e-06, 1.4451124116021674e-05, 7.1944186856853776e-06, 3.643869604275096e-06, 1.3528754607250448e-05, 5.174098987481557e-06, 3.7713523397542303e-06, 2.3545762815047055e-06, 1.6133561757669668e-06, 1.7648432049099938e-06, 1.4700582369187032e-06, 8.743954822421074e-07, 1.943051756825298e-06, 4.537092081591254e-06, 1.7977640709432308e-06, 4.822531991521828e-06, 2.760548113656114e-06, 2.065274657070404e-06, 2.3187269562185975e-06, 1.3721073628403246e-06, 2.243202743557049e-06, 1.1485570894365082e-06, 1.660138195802574e-06, 1.6354753142877598e-06, 1.3935808738096966e-06, 1.8529271983425133e-06, 1.5821934766790946e-06, 1.7726119949657004e-06, 2.8044896680512466e-06, 1.2339654631432495e-06, 1.5327296978284721e-06, 1.2340456123638432e-06, 1.7715856301947497e-06, 1.484221002101549e-06, 7.613380716975371e-07, 6.975017186050536e-07, 8.804353228697437e-07, 1.2458575611162814e-06, 1.5884711501712445e-06, 1.3149423239156022e-06, 8.787685601419071e-07, 6.720526357639756e-07, 5.833861109749705e-07, 6.523875413222413e-07, 5.263074740469165e-07, 3.487043898076081e-07, 2.2573298963379784e-07, 2.049936256298679e-07, 1.6063444263636484e-07, 1.2086461254057212e-07, 1.6151183501733613e-07, 1.344301523431568e-07, 7.755148345722773e-08, 5.0029580478394564e-08, 3.487570410243279e-08, 2.0352004526102974e-08, 1.1510499220435122e-08, 6.234165628171695e-09, 1.1031772828573594e-08, 1.067260502196632e-08, 7.774389132464421e-09, 4.05723499241617e-09, 1.957456641221711e-09, 1.8813952618046414e-09, 2.144338484555419e-09, 1.860974707668106e-09, 1.3313165014849915e-09, 1.2523710957168532e-09, 1.0306163700235516e-09, 5.740257574826657e-11, 3.751250005068485e-11, 8.563141515316453e-12, 1.2659069105469545e-11, 7.381912789372613e-12, 4.031569782875222e-12, 3.957331858039925e-12, 3.8641884830825646e-12, 3.747005310195117e-12, 3.676661839563389e-12, 3.651121505826582e-12], "lowlevel.melbands128.stdev": [1.972492782442714e-06, 2.6665793484426104e-06, 3.196004399796948e-05, 9.449904609937221e-05, 0.0007888739346526563, 0.001549427630379796, 0.0007406544173136353, 0.0006298992084339261, 0.0012439483543857932, 0.0015777606749907136, 0.0017837942577898502, 0.00066125497687608, 0.0007250370690599084, 0.0008595631807111204, 0.000595147954300046, 0.0010844618082046509, 0.0009026422048918903, 0.00019286842143628746, 0.0019396236166357994, 0.004087021574378014, 0.0005071162595413625, 0.0007021215278655291, 0.0009298370569013059, 0.00017028501315508038, 0.0002643355983309448, 0.0006598461768589914, 0.0015676069306209683, 0.00025076555903069675, 6.718368240399286e-05, 0.0001718424609862268, 8.26233736006543e-05, 0.00010031335114035755, 0.00013429677346721292, 1.366536980640376e-05, 0.00033545689075253904, 0.00020885953563265502, 0.0002245433279313147, 3.073726475122385e-05, 9.998677342082374e-06, 8.716376214579213e-06, 3.6070007354283007e-06, 1.5160149814619217e-05, 7.4344134191051126e-06, 8.828239515423775e-06, 2.3255570340552367e-06, 5.536983280762797e-06, 7.373810149147175e-06, 2.9583370633190498e-05, 1.1456943866505753e-05, 2.5586165065760724e-05, 1.8653368897503242e-05, 8.19536671770038e-06, 2.5912648197845556e-05, 8.366223482880741e-06, 9.180365850625094e-06, 4.00926410293323e-06, 2.1590392407233594e-06, 2.435903979858267e-06, 2.0718007363029756e-06, 2.172984068238293e-06, 3.193780230503762e-06, 8.14787836134201e-06, 2.661945927684428e-06, 8.638157851237338e-06, 5.388338649936486e-06, 4.428631655173376e-06, 7.103205462044571e-06, 2.7841299470310332e-06, 4.49379376732395e-06, 2.4695859792700503e-06, 4.233720119373174e-06, 3.6080025438423036e-06, 5.483294444275089e-06, 5.575640443566954e-06, 3.69142321687832e-06, 4.203606749797473e-06, 7.437524345732527e-06, 3.3255132620979566e-06, 4.022245775558986e-06, 2.7872993086930364e-06, 4.825155428989092e-06, 3.6808626191486837e-06, 2.082314722429146e-06, 1.8671937596081989e-06, 2.345528855585144e-06, 2.8100521376472898e-06, 4.661067578126676e-06, 3.92169658880448e-06, 2.4172086341422983e-06, 2.2285260001808638e-06, 1.57069371198304e-06, 1.7986820921578328e-06, 1.4299738495537895e-06, 1.018009925246588e-06, 6.136146453172842e-07, 6.162296131151379e-07, 4.974997409590287e-07, 5.571312158281216e-07, 1.0875174893953954e-06, 7.373893140538712e-07, 3.211779642242618e-07, 1.9268469486632966e-07, 1.1947889788643806e-07, 6.953587217140011e-08, 3.7351785664441195e-08, 2.093975837169637e-08, 3.645013535447106e-08, 4.577177747933092e-08, 3.474567833450237e-08, 1.42499025912457e-08, 6.30088159425668e-09, 9.565117586873839e-09, 1.131671023557601e-08, 9.558116964569763e-09, 8.034151122160438e-09, 8.292276199028947e-09, 7.433758497654708e-09, 3.152552940921538e-10, 6.160574272939812e-10, 8.066965151432015e-11, 1.6622256349130282e-10, 6.549113334974876e-11, 5.603091775274738e-12, 5.5001237939111824e-12, 5.417643764160651e-12, 5.3545635807228376e-12, 5.306858685133475e-12, 5.277579154944201e-12], "lowlevel.mfcc.mean": [-684.015869140625, 169.01202392578125, 0.5281500816345215, 4.174213409423828, -37.445655822753906, -5.962817192077637, -20.680862426757812, 1.4626444578170776, -14.492526054382324, -6.4538750648498535, -16.420724868774414, -3.7317066192626953, 0.09810815751552582], "lowlevel.spectral_contrast_coeffs.mean": [-0.5755333304405212, -0.6236613988876343, -0.651033878326416, -0.7852683067321777, -0.8043544292449951, -0.7116652131080627], "lowlevel.spectral_contrast_coeffs.stdev": [0.07848698645830154, 0.07048676908016205, 0.06737080961465836, 0.042374685406684875, 0.036357853561639786, 0.04868842288851738], "lowlevel.spectral_contrast_valleys.mean": [-7.4721856117248535, -6.717085361480713, -7.430753231048584, -8.397394180297852, -8.469782829284668, -11.725471496582031], "lowlevel.spectral_contrast_valleys.stdev": [0.7779662609100342, 0.6583870649337769, 0.6058308482170105, 0.621184766292572, 0.7768180966377258, 0.9861870408058167], "rhythm.beats_loudness_band_ratio.mean": [0.1428534835577011, 0.2276407778263092, 0.5126427412033081, 0.13564099371433258, 0.02539953961968422, 0.013479681685566902], "rhythm.beats_loudness_band_ratio.stdev": [0.17498637735843658, 0.09211782366037369, 0.17555180191993713, 0.06641727685928345, 0.018478551879525185, 0.012215988710522652], "tonal.hpcp.mean": [0.08692796528339386, 0.07117153704166412, 0.019312582910060883, 0.01126171089708805, 0.014986078254878521, 0.4810735583305359, 0.892541229724884, 0.4281829595565796, 0.01073438860476017, 0.004741949960589409, 0.001991461031138897, 0.025054214522242546, 0.07870733737945557, 0.056991539895534515, 0.0783243253827095, 0.17622590065002441, 0.10285633057355881, 0.015922613441944122, 0.019492866471409798, 0.010624746792018414, 0.10507989674806595, 0.19166980683803558, 0.09388583898544312, 0.004968734923750162, 0.002933918032795191, 0.0013979888753965497, 0.1017955094575882, 0.24452775716781616, 0.14957496523857117, 0.10338186472654343, 0.16228795051574707, 0.06787209212779999, 0.01690300740301609, 0.02086685039103031, 0.011355123482644558, 0.03375488147139549], "tonal.hpcp.stdev": [0.14457176625728607, 0.13841184973716736, 0.06837667524814606, 0.04754558950662613, 0.04634920507669449, 0.16976433992385864, 0.22883360087871552, 0.15578964352607727, 0.07456957548856735, 0.02954893931746483, 0.009370340034365654, 0.02442830242216587, 0.07234229147434235, 0.05172860249876976, 0.12158680707216263, 0.2930055558681488, 0.1766597330570221, 0.040809616446495056, 0.058235470205545425, 0.0550101213157177, 0.14198607206344604, 0.24438785016536713, 0.12004611641168594, 0.022066187113523483, 0.015005065128207207, 0.005246530752629042, 0.1277083456516266, 0.30246609449386597, 0.18305067718029022, 0.19534902274608612, 0.3223908543586731, 0.14400900900363922, 0.03709796816110611, 0.05368508771061897, 0.04433901607990265, 0.06260748207569122], "rhythm.beats_position": [0.650158703327179, 1.300317406654358, 1.9504761695861816, 2.5774149894714355, 3.1927437782287598, 3.8196823596954346, 4.458230972290039, 5.085169792175293, 5.712108612060547, 6.339047431945801, 6.965986251831055, 7.592925071716309, 8.231473922729492, 8.870022773742676], "rhythm.bpm_histogram": [0.0, 0.0, 0.0, 0.0, 0.0, 0.0, 0.0, 0.0, 0.0, 0.0, 0.0, 0.0, 0.0, 0.0, 0.0, 0.0, 0.0, 0.0, 0.0, 0.0, 0.0, 0.0, 0.0, 0.0, 0.0, 0.0, 0.0, 0.0, 0.0, 0.0, 0.0, 0.0, 0.0, 0.0, 0.0, 0.0, 0.0, 0.0, 0.0, 0.0, 0.0, 0.0, 0.0, 0.0, 0.0, 0.0, 0.0, 0.0, 0.0, 0.0, 0.0, 0.0, 0.0, 0.0, 0.0, 0.0, 0.0, 0.0, 0.0, 0.0, 0.0, 0.0, 0.0, 0.0, 0.0, 0.0, 0.0, 0.0, 0.0, 0.0, 0.0, 0.0, 0.0, 0.0, 0.0, 0.0, 0.0, 0.0, 0.0, 0.0, 0.0, 0.0, 0.0, 0.0, 0.0, 0.0, 0.0, 0.0, 0.0, 0.0, 0.0, 0.0, 0.1538461595773697, 0.0, 0.23076923191547394, 0.0, 0.5384615659713745, 0.0, 0.07692307978868484, 0.0, 0.0, 0.0, 0.0, 0.0, 0.0, 0.0, 0.0, 0.0, 0.0, 0.0, 0.0, 0.0, 0.0, 0.0, 0.0, 0.0, 0.0, 0.0, 0.0, 0.0, 0.0, 0.0, 0.0, 0.0, 0.0, 0.0, 0.0, 0.0, 0.0, 0.0, 0.0, 0.0, 0.0, 0.0, 0.0, 0.0, 0.0, 0.0, 0.0, 0.0, 0.0, 0.0, 0.0, 0.0, 0.0, 0.0, 0.0, 0.0, 0.0, 0.0, 0.0, 0.0, 0.0, 0.0, 0.0, 0.0, 0.0, 0.0, 0.0, 0.0, 0.0, 0.0, 0.0, 0.0, 0.0, 0.0, 0.0, 0.0, 0.0, 0.0, 0.0, 0.0, 0.0, 0.0, 0.0, 0.0, 0.0, 0.0, 0.0, 0.0, 0.0, 0.0, 0.0, 0.0, 0.0, 0.0, 0.0, 0.0, 0.0, 0.0, 0.0, 0.0, 0.0, 0.0, 0.0, 0.0, 0.0, 0.0, 0.0, 0.0, 0.0, 0.0, 0.0, 0.0, 0.0, 0.0, 0.0, 0.0, 0.0, 0.0, 0.0, 0.0, 0.0, 0.0, 0.0, 0.0, 0.0, 0.0, 0.0, 0.0, 0.0, 0.0, 0.0, 0.0, 0.0, 0.0, 0.0, 0.0, 0.0, 0.0, 0.0, 0.0, 0.0, 0.0, 0.0, 0.0, 0.0, 0.0, 0.0, 0.0, 0.0, 0.0, 0.0, 0.0, 0.0, 0.0, 0.0, 0.0, 0.0, 0.0], "tonal.chords_histogram": [9.950248718261719, 14.925373077392578, 71.14427947998047, 0.0, 0.0, 0.0, 0.0, 2.4875621795654297, 0.0, 1.492537260055542, 0.0, 0.0, 0.0, 0.0, 0.0, 0.0, 0.0, 0.0, 0.0, 0.0, 0.0, 0.0, 0.0, 0.0], "tonal.thpcp": [1.0, 0.4797346591949463, 0.01202677097171545, 0.005312863737344742, 0.002231225837022066, 0.02807065285742283, 0.08818341791629791, 0.06385311484336853, 0.08775429427623749, 0.19744287431240082, 0.11523986607789993, 0.017839638516306877, 0.02183973789215088, 0.011903928592801094, 0.11773113906383514, 0.2147461622953415, 0.10518936067819595, 0.005566952750086784, 0.0032871512230485678, 0.0015663016820326447, 0.11405132710933685, 0.27396801114082336, 0.16758325695991516, 0.11582867056131363, 0.18182684481143951, 0.07604365050792694, 0.01893806830048561, 0.023379145190119743, 0.012722239829599857, 0.037818849086761475, 0.09739378094673157, 0.07974033802747726, 0.021637748926877975, 0.012617580592632294, 0.016790349036455154, 0.5389931201934814], "lowlevel.gfcc.cov": [[4030.217529296875, -357.3699035644531, -293.2174987792969, 444.0904846191406, -408.74493408203125, 13.119038581848145, -58.77573013305664, -102.8142318725586, -55.58639907836914, -64.17335510253906, -115.56407928466797, -50.8541145324707, 42.65941619873047], [-357.3699035644531, 1330.2667236328125, 217.46832275390625, -314.5797119140625, 359.6684265136719, -77.76826477050781, 209.59999084472656, -115.19921875, 190.4970703125, -85.17225646972656, 123.37432098388672, -89.33106231689453, 50.20063018798828], [-293.2174987792969, 217.46832275390625, 561.3246459960938, -87.2494888305664, 167.40444946289062, 191.6599578857422, 45.099124908447266, 93.93190002441406, 0.06377699971199036, 154.5415802001953, -32.56216812133789, 32.64314651489258, -52.58989715576172], [444.0904846191406, -314.5797119140625, -87.2494888305664, 294.75823974609375, -38.16039276123047, 63.58526611328125, -21.242733001708984, 15.95124626159668, -3.5498688220977783, 5.730658054351807, -58.00518798828125, -2.5118825435638428, 19.85132598876953], [-408.74493408203125, 359.6684265136719, 167.40444946289062, -38.16039276123047, 249.98306274414062, 56.937591552734375, 67.55134582519531, 10.948111534118652, 57.60961151123047, 22.464794158935547, -7.5601277351379395, -4.782045841217041, 6.372621536254883], [13.119038581848145, -77.76826477050781, 191.6599578857422, 63.58526611328125, 56.937591552734375, 169.5083465576172, 23.592315673828125, 67.13005065917969, -12.030221939086914, 77.0542221069336, -42.96743392944336, 9.200468063354492, -16.89061737060547], [-58.77573013305664, 209.59999084472656, 45.099124908447266, -21.242733001708984, 67.55134582519531, 23.592315673828125, 99.22183227539062, 5.617877006530762, 40.194480895996094, -7.781301021575928, -1.9984121322631836, -23.48386573791504, 9.43127727508545], [-102.8142318725586, -115.19921875, 93.93190002441406, 15.95124626159668, 10.948111534118652, 67.13005065917969, 5.617877006530762, 85.63630676269531, -3.2026429176330566, 47.17393112182617, -30.72092056274414, 16.32935333251953, -9.989550590515137], [-55.58639907836914, 190.4970703125, 0.06377699971199036, -3.5498688220977783, 57.60961151123047, -12.030221939086914, 40.194480895996094, -3.2026429176330566, 115.71037292480469, -4.928146839141846, 17.799209594726562, -34.009307861328125, 15.193574905395508], [-64.17335510253906, -85.17225646972656, 154.5415802001953, 5.730658054351807, 22.464794158935547, 77.0542221069336, -7.781301021575928, 47.17393112182617, -4.928146839141846, 111.43819427490234, -5.583065986633301, 27.204072952270508, -36.35779571533203], [-115.56407928466797, 123.37432098388672, -32.56216812133789, -58.00518798828125, -7.5601277351379395, -42.96743392944336, -1.9984121322631836, -30.72092056274414, 17.799209594726562, -5.583065986633301, 99.92951202392578, 6.36532735824585, -10.603805541992188], [-50.8541145324707, -89.33106231689453, 32.64314651489258, -2.5118825435638428, -4.782045841217041, 9.200468063354492, -23.48386573791504, 16.32935333251953, -34.009307861328125, 27.204072952270508, 6.36532735824585, 65.1485366821289, -4.7317891120910645], [42.65941619873047, 50.20063018798828, -52.58989715576172, 19.85132598876953, 6.372621536254883, -16.89061737060547, 9.43127727508545, -9.989550590515137, 15.193574905395508, -36.35779571533203, -10.603805541992188, -4.7317891120910645, 56.434059143066406]], "lowlevel.gfcc.icov": [[0.0006428815540857613, -0.001773433992639184, 0.000761580013204366, -0.0016312907682731748, 0.002721047028899193, -0.000981969409622252, 0.0012550692772492766, -0.0002462945703882724, 0.00049281568499282, -0.0009114362183026969, 0.002008399460464716, -0.001000738237053156, 0.001094191218726337], [-0.001773433992639184, 0.013378548435866833, -0.0071313041262328625, 0.008507339283823967, -0.01414817851036787, 0.005903812125325203, -0.011515227146446705, 0.009125888347625732, -0.005239531863480806, 0.007255632895976305, -0.011976323090493679, 0.007313670590519905, -0.008845889009535313], [0.000761580013204366, -0.0071313041262328625, 0.009369532577693462, -0.0017726824153214693, 0.005239410325884819, -0.007335212547332048, 0.006135312840342522, -0.005418931134045124, 0.002868195064365864, -0.007752482779324055, 0.007345827762037516, -0.004534250125288963, 0.00558449886739254], [-0.0016312907682731748, 0.008507339283823967, -0.0017726824153214693, 0.011953585781157017, -0.00958094373345375, -0.0010246773017570376, -0.005553053226321936, 0.006063790526241064, -0.0047310772351920605, 0.0035710714291781187, -0.005330262240022421, 0.0037465577479451895, -0.006527676247060299], [0.002721047028899193, -0.01414817851036787, 0.005239410325884819, -0.00958094373345375, 0.02361019141972065, -0.00804212037473917, 0.009085038676857948, -0.005438036285340786, 0.001851618872024119, -0.0062346491031348705, 0.014468052424490452, -0.009983273223042488, 0.008593538776040077], [-0.000981969409622252, 0.005903812125325203, -0.007335212547332048, -0.0010246773017570376, -0.00804212037473917, 0.020950626581907272, -0.008283872157335281, -0.0027963747270405293, 0.0023313455749303102, -0.0016759337158873677, -0.005540713667869568, 0.0072211455553770065, -0.005059511866420507], [0.0012550692772492766, -0.011515227146446705, 0.006135312840342522, -0.005553053226321936, 0.009085038676857948, -0.008283872157335281, 0.0254617128521204, -0.009381704032421112, 0.0015013518277555704, -0.0031872903928160667, 0.009649932384490967, -0.003077578963711858, 0.006641753949224949], [-0.0002462945703882724, 0.009125888347625732, -0.005418931134045124, 0.006063790526241064, -0.005438036285340786, -0.0027963747270405293, -0.009381704032421112, 0.029565999284386635, -0.0074900295585393906, 0.0016937089385464787, -0.0016684019938111305, -0.00040032799006439745, -0.005775327794253826], [0.00049281568499282, -0.005239531863480806, 0.002868195064365864, -0.0047310772351920605, 0.001851618872024119, 0.0023313455749303102, 0.0015013518277555704, -0.0074900295585393906, 0.017547348514199257, -0.007273965515196323, 4.3919309973716736e-05, 0.0058997324667871, -0.0013703251024708152], [-0.0009114362183026969, 0.007255632895976305, -0.007752482779324055, 0.0035710714291781187, -0.0062346491031348705, -0.0016759337158873677, -0.0031872903928160667, 0.0016937089385464787, -0.007273965515196323, 0.02758346125483513, -0.007674609776586294, -0.002748308703303337, 0.004845676943659782], [0.002008399460464716, -0.011976323090493679, 0.007345827762037516, -0.005330262240022421, 0.014468052424490452, -0.005540713667869568, 0.009649932384490967, -0.0016684019938111305, 4.3919309973716736e-05, -0.007674609776586294, 0.026343388482928276, -0.011496715247631073, 0.011685294099152088], [-0.001000738237053156, 0.007313670590519905, -0.004534250125288963, 0.0037465577479451895, -0.009983273223042488, 0.0072211455553770065, -0.003077578963711858, -0.00040032799006439745, 0.0058997324667871, -0.002748308703303337, -0.011496715247631073, 0.028827857226133347, -0.010662644170224667], [0.001094191218726337, -0.008845889009535313, 0.00558449886739254, -0.006527676247060299, 0.008593538776040077, -0.005059511866420507, 0.006641753949224949, -0.005775327794253826, -0.0013703251024708152, 0.004845676943659782, 0.011685294099152088, -0.010662644170224667, 0.03243717551231384]], "lowlevel.mfcc.cov": [[4253.49169921875, -960.1859130859375, -49.85472869873047, 241.7321014404297, -283.60089111328125, 0.30394160747528076, -171.58155822753906, -86.67601776123047, -58.410011291503906, -65.67987060546875, -151.73129272460938, -86.8936996459961, -51.22800827026367], [-960.1859130859375, 1619.72998046875, -0.10348504781723022, -83.91046142578125, 98.75439453125, 53.90021896362305, 30.754924774169922, 42.479244232177734, 7.253145217895508, 26.67523765563965, 40.219844818115234, 72.73059844970703, 22.052976608276367], [-49.85472869873047, -0.10348504781723022, 326.6579284667969, -51.14373016357422, 72.29393005371094, 63.18926239013672, 72.87213897705078, -17.04962921142578, 54.266563415527344, 34.981021881103516, 50.39203643798828, 46.78586196899414, 9.08206558227539], [241.7321014404297, -83.91046142578125, -51.14373016357422, 132.70135498046875, 6.639212608337402, 33.90138626098633, -13.229870796203613, 14.400818824768066, 29.93759536743164, 0.5149471759796143, -25.50261116027832, -4.516835689544678, -10.519018173217773], [-283.60089111328125, 98.75439453125, 72.29393005371094, 6.639212608337402, 150.011962890625, 63.23772430419922, 36.921695709228516, 6.171777248382568, 63.2001838684082, 15.707921981811523, 25.23612403869629, 31.38020133972168, 6.8716230392456055], [0.30394160747528076, 53.90021896362305, 63.18926239013672, 33.90138626098633, 63.23772430419922, 108.86157989501953, 40.1095085144043, 4.052281379699707, 56.65597915649414, 20.417482376098633, 18.53795051574707, 24.963760375976562, -7.292777061462402], [-171.58155822753906, 30.754924774169922, 72.87213897705078, -13.229870796203613, 36.921695709228516, 40.1095085144043, 83.23670196533203, 13.898911476135254, 23.27758026123047, 13.022658348083496, 19.215665817260742, 10.18920612335205, -2.7330214977264404], [-86.67601776123047, 42.479244232177734, -17.04962921142578, 14.400818824768066, 6.171777248382568, 4.052281379699707, 13.898911476135254, 56.0982666015625, 25.428457260131836, 3.3331167697906494, -6.561532497406006, 0.4131120443344116, -1.5682555437088013], [-58.410011291503906, 7.253145217895508, 54.266563415527344, 29.93759536743164, 63.2001838684082, 56.65597915649414, 23.27758026123047, 25.428457260131836, 143.36094665527344, 33.17515182495117, -2.876269578933716, 27.18762969970703, -12.933348655700684], [-65.67987060546875, 26.67523765563965, 34.981021881103516, 0.5149471759796143, 15.707921981811523, 20.417482376098633, 13.022658348083496, 3.3331167697906494, 33.17515182495117, 58.29733657836914, 24.880430221557617, 14.529903411865234, -4.8295440673828125], [-151.73129272460938, 40.219844818115234, 50.39203643798828, -25.50261116027832, 25.23612403869629, 18.53795051574707, 19.215665817260742, -6.561532497406006, -2.876269578933716, 24.880430221557617, 70.19406127929688, 33.640953063964844, 10.328190803527832], [-86.8936996459961, 72.73059844970703, 46.78586196899414, -4.516835689544678, 31.38020133972168, 24.963760375976562, 10.18920612335205, 0.4131120443344116, 27.18762969970703, 14.529903411865234, 33.640953063964844, 79.3686294555664, 30.77511215209961], [-51.22800827026367, 22.052976608276367, 9.08206558227539, -10.519018173217773, 6.8716230392456055, -7.292777061462402, -2.7330214977264404, -1.5682555437088013, -12.933348655700684, -4.8295440673828125, 10.328190803527832, 30.77511215209961, 54.690643310546875]], "lowlevel.mfcc.icov": [[0.0004040680651087314, 0.00014729122631251812, -0.00032632119837217033, -0.0005474018980748951, 0.000767696590628475, -0.0005780000356025994, 0.0006985662621445954, 0.00034255607170052826, 0.00010995570482918993, 0.00015826737217139453, 0.000507800024934113, -7.514025492127985e-05, 0.00012556163710542023], [0.00014729122631251812, 0.0008109509362839162, 0.00015766940487083048, 0.0006209844723343849, -0.0002486644661985338, -0.0008082320564426482, 0.0004458160256035626, -0.0006848090561106801, 0.0005943721625953913, -0.0003745490685105324, 0.0006019375869072974, -0.0008475125068798661, 0.0003010453947354108], [-0.00032632119837217033, 0.00015766940487083048, 0.005359793547540903, 0.0024558757431805134, -0.0012527330545708537, -0.0007507833652198315, -0.003581075929105282, 0.0019346339395269752, -0.0011923561105504632, -0.0010156393982470036, -0.0010139566147699952, -0.0011710460530593991, -0.00037434964906424284], [-0.0005474018980748951, 0.0006209844723343849, 0.0024558757431805134, 0.012497520074248314, -0.0014057370135560632, -0.00525854155421257, 0.0018220919882878661, -0.003126230789348483, -0.00012525211786851287, -0.0014971996424719691, 0.0033851254265755415, -0.0012727122521027923, 0.0006246531847864389], [0.000767696590628475, -0.0002486644661985338, -0.0012527330545708537, -0.0014057370135560632, 0.012399174273014069, -0.004344471264630556, -0.0001330763625446707, 0.0016432831762358546, -0.0038907022681087255, 0.0026011988520622253, -0.0020556675735861063, 0.0007214225479401648, -0.002047850750386715], [-0.0005780000356025994, -0.0008082320564426482, -0.0007507833652198315, -0.00525854155421257, -0.004344471264630556, 0.019642163068056107, -0.007062083575874567, 0.002960426965728402, -0.0035458290949463844, -4.432363493833691e-05, -0.0032644039019942284, -0.0016883222851902246, 0.002518888795748353], [0.0006985662621445954, 0.0004458160256035626, -0.003581075929105282, 0.0018220919882878661, -0.0001330763625446707, -0.007062083575874567, 0.020771067589521408, -0.006223592907190323, 0.001582249067723751, 3.144559741485864e-05, -0.0007192914490588009, 0.001590912346728146, 0.0009718066430650651], [0.00034255607170052826, -0.0006848090561106801, 0.0019346339395269752, -0.003126230789348483, 0.0016432831762358546, 0.002960426965728402, -0.006223592907190323, 0.023868495598435402, -0.005496575031429529, 0.0006520920433104038, 0.0004904462839476764, 0.0009717741631902754, -0.001645548501983285], [0.00010995570482918993, 0.0005943721625953913, -0.0011923561105504632, -0.00012525211786851287, -0.0038907022681087255, -0.0035458290949463844, 0.001582249067723751, -0.005496575031429529, 0.014538703486323357, -0.006644377950578928, 0.007175770588219166, -0.0059160650707781315, 0.004800036549568176], [0.00015826737217139453, -0.0003745490685105324, -0.0010156393982470036, -0.0014971996424719691, 0.0026011988520622253, -4.432363493833691e-05, 3.144559741485864e-05, 0.0006520920433104038, -0.006644377950578928, 0.025381507351994514, -0.01028868742287159, 0.0013259153347462416, 0.0017344638472422957], [0.000507800024934113, 0.0006019375869072974, -0.0010139566147699952, 0.0033851254265755415, -0.0020556675735861063, -0.0032644039019942284, -0.0007192914490588009, 0.0004904462839476764, 0.007175770588219166, -0.01028868742287159, 0.0273573137819767, -0.010334368795156479, 0.0022908025421202183], [-7.514025492127985e-05, -0.0008475125068798661, -0.0011710460530593991, -0.0012727122521027923, 0.0007214225479401648, -0.0016883222851902246, 0.001590912346728146, 0.0009717741631902754, -0.0059160650707781315, 0.0013259153347462416, -0.010334368795156479, 0.025386923924088478, -0.013603245839476585], [0.00012556163710542023, 0.0003010453947354108, -0.00037434964906424284, 0.0006246531847864389, -0.002047850750386715, 0.002518888795748353, 0.0009718066430650651, -0.001645548501983285, 0.004800036549568176, 0.0017344638472422957, 0.0022908025421202183, -0.013603245839476585, 0.0275681484490633]], "metadata.audio_properties.analysis.downmix": "mix", "metadata.audio_properties.codec": "mp3", "metadata.audio_properties.md5_encoded": "88aa86f14dc0da84cac1499e91b3b4e0", "metadata.tags.file_name": "1183686971772649502.mp3", "metadata.version.essentia": "2.1-beta6-dev", "metadata.version.essentia_git_sha": "v2.1_beta5-1110-g77a6a954", "metadata.version.extractor": "music 2.0", "tonal.chords_key": "B", "tonal.chords_scale": "minor", "tonal.key_edma.key": "E", "tonal.key_edma.scale": "minor", "tonal.key_krumhansl.key": "E", "tonal.key_krumhansl.scale": "minor", "tonal.key_temperley.key": "E", "tonal.key_temperley.scale": "minor", "metadata.tags.encoding": ["Lavf58.45.100"]}, "essentia_models": [{"model_name": "genre_dortmund", "activations": {"alternative": "0.3436207", "blues": "0.0010230758", "electronic": "0.0044925115", "folkcountry": "0.22798057", "funksoulrnb": "0.0004978256", "jazz": "0.021094939", "pop": "0.050838113", "raphiphop": "0.0007905922", "rock": "0.12027223"}}, {"model_name": "genre_rosamerica", "activations": {"classic": "0.026423564", "dance": "0.0025628298", "hip hop": "0.0015022907", "jazz": "0.037643008", "pop": "0.04270285", "rhythm and blues": "0.040526662", "rock": "0.67164856", "speech": "0.0022509766"}}, {"model_name": "genre_tzanetakis", "activations": {"blues": "0.07149556", "classic": "0.002309011", "country": "0.040497784", "disco": "0.0023262233", "hip hop": "0.00017771445", "jazz": "0.023633176", "metal": "0.035378214", "pop": "0.009755239", "reggae": "0.00022987371", "rock": "0.47022048"}}, {"model_name": "genre_electronic", "activations": {"ambient": "0.4883395", "dnb": "0.46436226", "house": "0.07619799", "techno": "0.19680612", "trance": "0.010323495"}}, {"model_name": "mood_acoustic", "activations": {"acoustic": "0.82849735", "not acoustic": "0.20817441"}}, {"model_name": "mood_electronic", "activations": {"electronic": "0.0516502", "not electronic": "0.8546445"}}, {"model_name": "mood_aggressive", "activations":