{"song_id": "1183711304016465980", "download": "https://cdn.discordapp.com/attachments/1128313332273782784/1183711304016465980/chirp.mp4?ex=6589540f&amp", "lyrics": "[verse] \u042f \u043e\u0431\u044b\u0447\u043d\u044b\u0439 \u0438\u0433\u0440\u043e\u043a \u0432 \u041e\u0441\u0430\u0434\u0443, \u043c\u043d\u0435 \u043c\u043d\u043e\u0433\u043e\u0433\u043e \u043d\u0435 \u043d\u0430\u0434\u043e\n\u041b\u0438\u0448\u044c \u043f\u043e\u0434\u043b\u0430\u0442\u0430\u0439\u0442\u0435 \u0431\u0430\u0433\u0438, \u0432\u0435\u0440\u043d\u0438\u0442\u0435 \u043c\u043d\u0435 \u0410\u041a\u041e\u0413\n\u0414\u043b\u044f \u0432\u0430\u0441 \u043d\u0430 \u043a\u043e\u043b\u0435\u043d\u0438 \u044f \u0432\u0441\u0442\u0430\u043d\u0443, \u043c\u0438\u043b\u044b\u0435 \u0440\u0430\u0437\u0440\u0430\u0431\u044b\n\u0414\u0430\u0439\u0442\u0435 \u043f\u043b\u0430\u0442\u0438\u043d\u044b \u0431\u0435\u0437 \u043a\u0440\u0430\u0448\u0435\u0439, \u0447\u0442\u043e \u0431\u044b \u0441\u043c\u043e\u0433 \u044f \u043f\u0440\u0435\u0432\u043e\u0437\u043c\u043e\u0447\u044c.\n[chorus] \u0420\u044d\u0439\u043d\u0431\u043e\u0443 \u0421\u0438\u043a\u0441 \u0421\u0438\u0435\u0434\u0436\u044d, \u043b\u044e\u0431\u0438\u043c\u0430\u044f \u0438\u0433\u0440\u0430.\n\u0421\u0442\u043e \u043f\u044f\u0442\u044c\u0441\u043e\u0442 \u0442\u044b\u0441\u044f\u0447 \u0447\u0430\u0441\u043e\u0432 \u0438 \u043e\u043d\u0430 \u0432\u0441\u0451 \u0435\u0449\u0451 - \u043c\u043e\u044f.\n\u0420\u044d\u0439\u043d\u0431\u043e\u0443 \u0421\u0438\u043a\u0441 \u0421\u0438\u0435\u0434\u0436\u044d, \u0441\u043a\u0438\u043d\u043e\u0432 \u043a\u043b\u043e\u0443\u043d\u0430\u0434\u0430 \n\u042f \u0435\u0449\u0451 \u043d\u0435 \u043f\u0435\u0434\u0438\u043a, \u043d\u043e \u0433\u0430\u0447\u0438\u043c\u0443\u0447\u0438 \u043d\u0430\u0434\u043e.", "style": ["romantic"], "essentia_features": {"lowlevel.average_loudness": 0.813703179359436, "lowlevel.barkbands_crest.mean": 12.24878215789795, "lowlevel.barkbands_crest.stdev": 4.826937198638916, "lowlevel.barkbands_flatness_db.mean": 0.1687496304512024, "lowlevel.barkbands_flatness_db.stdev": 0.07368875294923782, "lowlevel.barkbands_kurtosis.mean": 5.081109046936035, "lowlevel.barkbands_kurtosis.stdev": 14.049426078796387, "lowlevel.barkbands_skewness.mean": 1.5786783695220947, "lowlevel.barkbands_skewness.stdev": 1.7228238582611084, "lowlevel.barkbands_spread.mean": 38.86473846435547, "lowlevel.barkbands_spread.stdev": 22.776700973510742, "lowlevel.dissonance.mean": 0.47804686427116394, "lowlevel.dissonance.stdev": 0.029005948454141617, "lowlevel.dynamic_complexity": 6.202675819396973, "lowlevel.erbbands_crest.mean": 8.78659439086914, "lowlevel.erbbands_crest.stdev": 3.8977487087249756, "lowlevel.erbbands_flatness_db.mean": 0.16590142250061035, "lowlevel.erbbands_flatness_db.stdev": 0.05875367298722267, "lowlevel.erbbands_kurtosis.mean": 1.5752049684524536, "lowlevel.erbbands_kurtosis.stdev": 4.086831092834473, "lowlevel.erbbands_skewness.mean": -0.5990121364593506, "lowlevel.erbbands_skewness.stdev": 1.1348018646240234, "lowlevel.erbbands_spread.mean": 48.32596206665039, "lowlevel.erbbands_spread.stdev": 24.708755493164062, "lowlevel.hfc.mean": 22.682167053222656, "lowlevel.hfc.stdev": 24.394664764404297, "lowlevel.loudness_ebu128.integrated": -19.388612747192383, "lowlevel.loudness_ebu128.loudness_range": 6.398382186889648, "lowlevel.loudness_ebu128.momentary.mean": -22.996828079223633, "lowlevel.loudness_ebu128.momentary.stdev": 9.608154296875, "lowlevel.loudness_ebu128.short_term.mean": -20.718435287475586, "lowlevel.loudness_ebu128.short_term.stdev": 2.8695614337921143, "lowlevel.melbands_crest.mean": 17.69811248779297, "lowlevel.melbands_crest.stdev": 5.1311163902282715, "lowlevel.melbands_flatness_db.mean": 0.2211850881576538, "lowlevel.melbands_flatness_db.stdev": 0.08484650403261185, "lowlevel.melbands_kurtosis.mean": 27.10686492919922, "lowlevel.melbands_kurtosis.stdev": 50.80900192260742, "lowlevel.melbands_skewness.mean": 3.8397815227508545, "lowlevel.melbands_skewness.stdev": 2.841231346130371, "lowlevel.melbands_spread.mean": 35.21712875366211, "lowlevel.melbands_spread.stdev": 32.60924530029297, "lowlevel.pitch_salience.mean": 0.44777196645736694, "lowlevel.pitch_salience.stdev": 0.1609688252210617, "lowlevel.silence_rate_20dB.mean": 1.0, "lowlevel.silence_rate_20dB.stdev": 0.0, "lowlevel.silence_rate_30dB.mean": 0.9542294144630432, "lowlevel.silence_rate_30dB.stdev": 0.20898759365081787, "lowlevel.silence_rate_60dB.mean": 0.12456546723842621, "lowlevel.silence_rate_60dB.stdev": 0.3302278518676758, "lowlevel.spectral_centroid.mean": 2250.834228515625, "lowlevel.spectral_centroid.stdev": 962.0674438476562, "lowlevel.spectral_complexity.mean": 12.567207336425781, "lowlevel.spectral_complexity.stdev": 9.83089542388916, "lowlevel.spectral_decrease.mean": -6.493827253706286e-09, "lowlevel.spectral_decrease.stdev": 1.0656627580374334e-08, "lowlevel.spectral_energy.mean": 0.026566531509160995, "lowlevel.spectral_energy.stdev": 0.04112764820456505, "lowlevel.spectral_energyband_high.mean": 0.0020061584655195475, "lowlevel.spectral_energyband_high.stdev": 0.0025167965795844793, "lowlevel.spectral_energyband_low.mean": 0.015196571126580238, "lowlevel.spectral_energyband_low.stdev": 0.03510943427681923, "lowlevel.spectral_energyband_middle_high.mean": 0.003280107630416751, "lowlevel.spectral_energyband_middle_high.stdev": 0.007048942614346743, "lowlevel.spectral_energyband_middle_low.mean": 0.0071167536079883575, "lowlevel.spectral_energyband_middle_low.stdev": 0.017344392836093903, "lowlevel.spectral_entropy.mean": 7.6976094245910645, "lowlevel.spectral_entropy.stdev": 0.49778252840042114, "lowlevel.spectral_flux.mean": 0.07844237238168716, "lowlevel.spectral_flux.stdev": 0.07187876850366592, "lowlevel.spectral_kurtosis.mean": 2.8888161182403564, "lowlevel.spectral_kurtosis.stdev": 4.487190246582031, "lowlevel.spectral_rms.mean": 0.004193665459752083, "lowlevel.spectral_rms.stdev": 0.002886469941586256, "lowlevel.spectral_rolloff.mean": 2537.17822265625, "lowlevel.spectral_rolloff.stdev": 2403.125732421875, "lowlevel.spectral_skewness.mean": 0.9077743887901306, "lowlevel.spectral_skewness.stdev": 0.7083545327186584, "lowlevel.spectral_spread.mean": 4650860.5, "lowlevel.spectral_spread.stdev": 1403286.875, "lowlevel.spectral_strongpeak.mean": 0.6374674439430237, "lowlevel.spectral_strongpeak.stdev": 1.0561033487319946, "lowlevel.zerocrossingrate.mean": 0.08636948466300964, "lowlevel.zerocrossingrate.stdev": 0.06082415208220482, "metadata.audio_properties.analysis.equal_loudness": 0.0, "metadata.audio_properties.analysis.length": 40.04265213012695, "metadata.audio_properties.analysis.sample_rate": 44100.0, "metadata.audio_properties.analysis.start_time": 0.0, "metadata.audio_properties.bit_rate": 115808.0, "metadata.audio_properties.length": 40.042667388916016, "metadata.audio_properties.lossless": 0.0, "metadata.audio_properties.number_channels": 1.0, "metadata.audio_properties.replay_gain": -7.646446228027344, "metadata.audio_properties.sample_rate": 48000.0, "rhythm.beats_count": 95.0, "rhythm.beats_loudness.mean": 0.04424362629652023, "rhythm.beats_loudness.stdev": 0.06318779289722443, "rhythm.bpm": 165.89830017089844, "rhythm.bpm_histogram_first_peak_bpm": 167.0, "rhythm.bpm_histogram_first_peak_weight": 0.0, "rhythm.bpm_histogram_second_peak_bpm": 172.0, "rhythm.bpm_histogram_second_peak_spread": 0.0, "rhythm.bpm_histogram_second_peak_weight": 0.1702127605676651, "rhythm.danceability": 1.330845832824707, "rhythm.onset_rate": 3.5951087474823, "tonal.chords_changes_rate": 0.12615740299224854, "tonal.chords_number_rate": 0.013888888992369175, "tonal.chords_strength.mean": 0.432752788066864, "tonal.chords_strength.stdev": 0.07080722600221634, "tonal.hpcp_crest.mean": 11.734187126159668, "tonal.hpcp_crest.stdev": 5.265241622924805, "tonal.hpcp_entropy.mean": 2.2933716773986816, "tonal.hpcp_entropy.stdev": 0.7844650745391846, "tonal.key_edma.strength": 0.6505963802337646, "tonal.key_krumhansl.strength": 0.6644776463508606, "tonal.key_temperley.strength": 0.6807295083999634, "tonal.tuning_diatonic_strength": 0.4102891981601715, "tonal.tuning_equal_tempered_deviation": 0.24259813129901886, "tonal.tuning_frequency": 448.7266540527344, "tonal.tuning_nontempered_energy_ratio": 0.9081363677978516, "lowlevel.barkbands.mean": [4.039513078168966e-05, 0.009833648800849915, 0.004337433259934187, 0.0015681657241657376, 0.0017079865792766213, 0.0014020211528986692, 0.0006688288412988186, 0.0007293479284271598, 0.0009207288967445493, 0.0003338611568324268, 0.0004335035919211805, 0.0003594415611587465, 0.00046225328696891665, 0.00033635919680818915, 0.00020867986313533038, 0.00027089781360700727, 0.00033360233646817505, 0.00018951724632643163, 0.0002242899063276127, 0.00046751898480579257, 0.00046250346349552274, 0.0007336886483244598, 0.00018676040053833276, 9.438399865757674e-05, 0.00012920938024763018, 0.0001286994229303673, 2.8186818781250622e-06], "lowlevel.barkbands.stdev": [0.00017024169210344553, 0.028368255123496056, 0.011700361967086792, 0.004663083236664534, 0.00665639853104949, 0.008696945384144783, 0.002669635694473982, 0.0038771035615354776, 0.0045545161701738834, 0.00210637878626585, 0.003298260737210512, 0.0016149276634678245, 0.002331365132704377, 0.0013345354236662388, 0.0008148294291459024, 0.00043411963270045817, 0.0004929928109049797, 0.00041506331763230264, 0.0006160021293908358, 0.000683733494952321, 0.000607946130912751, 0.001034381682984531, 0.0004578806983772665, 0.00025468418607488275, 0.00030502205481752753, 0.0002657508593983948, 9.135424988926388e-06], "lowlevel.erbbands.mean": [0.15766426920890808, 2.5874929428100586, 5.6949262619018555, 5.428577423095703, 4.321598052978516, 6.6938629150390625, 8.487640380859375, 12.723321914672852, 7.514186859130859, 14.336318969726562, 17.657501220703125, 21.127025604248047, 13.676191329956055, 13.64677619934082, 17.061294555664062, 15.480857849121094, 21.733190536499023, 18.868467330932617, 13.711762428283691, 9.055102348327637, 20.777278900146484, 17.75835609436035, 10.669441223144531, 10.969869613647461, 13.32597541809082, 22.514602661132812, 15.52568244934082, 26.356563568115234, 30.75601577758789, 8.678297996520996, 4.640873432159424, 2.130371570587158, 1.6408514976501465, 1.3305809497833252, 0.959163248538971, 0.5856437683105469, 0.22485852241516113, 0.034121543169021606, 0.0006603100337088108, 5.585754115600139e-05], "lowlevel.erbbands.stdev": [0.5775255560874939, 7.2349419593811035, 14.00634479522705, 15.032537460327148, 13.289019584655762, 33.683799743652344, 36.662757873535156, 91.2617416381836, 28.118675231933594, 55.505516052246094, 84.90669250488281, 110.92543029785156, 88.43948364257812, 82.5367431640625, 144.4137725830078, 61.069000244140625, 104.744384765625, 71.0040512084961, 53.76750946044922, 30.166305541992188, 29.113000869750977, 27.676498413085938, 24.396625518798828, 22.498559951782227, 34.21155548095703, 30.876266479492188, 27.188600540161133, 30.50298309326172, 44.149444580078125, 18.147418975830078, 11.548759460449219, 5.759011268615723, 4.425014972686768, 3.4388198852539062, 2.1577627658843994, 1.2330933809280396, 0.4691813588142395, 0.07773754000663757, 0.0014675381826236844, 7.40525356377475e-05], "lowlevel.gfcc.mean": [-66.1129150390625, 65.1283950805664, -115.2169189453125, 72.67758178710938, -41.01774597167969, 22.380754470825195, -25.196706771850586, -0.6847500205039978, -22.762094497680664, 11.571211814880371, -25.490501403808594, 0.0441482737660408, -13.439203262329102], "lowlevel.melbands.mean": [0.0021350702736526728, 0.0032024215906858444, 0.0008971189963631332, 0.00037465422064997256, 0.0003079308953601867, 0.0002711790439207107, 0.0001231553906109184, 0.00016016965673770756, 0.00014573431690223515, 0.00013130276056472212, 6.358428072417155e-05, 5.156708357390016e-05, 5.6104661780409515e-05, 4.2184336052741855e-05, 4.312415330787189e-05, 4.762436947203241e-05, 3.369779369677417e-05, 2.3239501388161443e-05, 1.4100627595325932e-05, 1.1021124919352587e-05, 2.8260572435101494e-05, 2.087171196762938e-05, 1.0058281986857764e-05, 8.743681974010542e-06, 8.814572538540233e-06, 8.546751814719755e-06, 1.2366320333967451e-05, 1.5837968021514826e-05, 1.0028641554526985e-05, 7.878441465436481e-06, 1.9412078472669236e-05, 2.2349146092892624e-05, 6.314097390713869e-06, 4.21245977122453e-06, 2.86874865196296e-06, 1.7166993302453193e-06, 1.1340149512761855e-06, 1.1519080089783529e-06, 1.08663107312168e-06, 1.1450548527136561e-06], "lowlevel.melbands.stdev": [0.006699508521705866, 0.0074495794251561165, 0.0023130110930651426, 0.0015729288570582867, 0.0012321081012487411, 0.0018460251158103347, 0.0004595254722516984, 0.0006499140290543437, 0.0006838051485829055, 0.0006897543207742274, 0.00043388776248320937, 0.00033305175020359457, 0.00044237441034056246, 0.00022083931253291667, 0.00019146919657941908, 0.0002526839089114219, 0.00014052109327167273, 0.00010020584159065038, 5.743900692323223e-05, 2.38279299082933e-05, 3.891457890858874e-05, 3.316374568385072e-05, 2.3492950276704505e-05, 1.978119144041557e-05, 1.882246033346746e-05, 3.018626921402756e-05, 2.8717540772049688e-05, 2.132675399479922e-05, 1.9545372197171673e-05, 1.3594312804343645e-05, 2.4114082407322712e-05, 3.196532270521857e-05, 1.2626248462765943e-05, 1.0259858754579909e-05, 7.357671165664215e-06, 4.456666374608176e-06, 3.3071867164835567e-06, 3.207702093277476e-06, 2.9021905447734753e-06, 3.0232224617066095e-06], "lowlevel.melbands128.mean": [3.427743286010809e-05, 0.0007099538925103843, 0.0029847249388694763, 0.0049033937975764275, 0.0035450912546366453, 0.001930491765961051, 0.0011489231837913394, 0.0006643415545113385, 0.00037206494016572833, 0.00034535344457253814, 0.0004078892234247178, 0.00030362550751306117, 0.0002643065818119794, 0.0003222866798751056, 0.0003644318494480103, 0.0001969791337614879, 8.908203017199412e-05, 0.00010355797712691128, 0.0001664480078034103, 0.00017379001656081527, 0.00014311018458101898, 0.00016491272253915668, 0.00013254432997200638, 0.0001472527947044, 0.00015533834812231362, 0.00011118265683762729, 0.00010559868678683415, 5.430266901385039e-05, 3.527877925080247e-05, 4.387443186715245e-05, 6.694953481201082e-05, 4.962690218235366e-05, 5.45843577128835e-05, 6.660662620561197e-05, 3.847215339192189e-05, 3.675790867418982e-05, 3.965974610764533e-05, 4.561575406114571e-05, 3.963416747865267e-05, 5.591924491454847e-05, 5.233958290773444e-05, 3.2599120459053665e-05, 3.352896237629466e-05, 3.649819700513035e-05, 2.4433353246422485e-05, 2.3219125068862922e-05, 1.8390441255178303e-05, 1.3156399290892296e-05, 1.4248799743654672e-05, 9.278658581024501e-06, 7.093671229085885e-06, 1.4058599845157005e-05, 3.1789062632014975e-05, 3.065845157834701e-05, 3.052379543078132e-05, 2.069401125481818e-05, 1.3259437764645554e-05, 8.532646461389959e-06, 1.0497713446966372e-05, 9.296375537815038e-06, 9.184856025967747e-06, 7.279229521373054e-06, 8.859147783368826e-06, 9.45307965594111e-06, 8.42707868287107e-06, 9.00673239812022e-06, 7.924786586954724e-06, 9.174939805234317e-06, 1.4192596609063912e-05, 1.5500138033530675e-05, 1.728555616864469e-05, 1.5425817764480598e-05, 1.1963572433160152e-05, 9.181962013826706e-06, 7.578373242722591e-06, 7.74959335103631e-06, 8.248666745203082e-06, 7.995419764483813e-06, 2.297709033882711e-05, 2.782424053293653e-05, 2.8034271963406354e-05, 2.0144418158452027e-05, 7.991033271537162e-06, 5.326098744262708e-06, 4.0263603295898065e-06, 4.0746685954218265e-06, 4.629750947060529e-06, 3.757807235160726e-06, 2.6467687348485924e-06, 2.424349759166944e-06, 1.9509745925461175e-06, 1.5677359215260367e-06, 1.1781601187976776e-06, 1.0977930742228637e-06, 1.058636485140596e-06, 1.2673490346060134e-06, 1.0912109473792952e-06, 1.1346098744979827e-06, 1.0983636684613884e-06, 1.1008094134012936e-06, 1.0068991969092167e-06, 1.3248090908746235e-06, 1.013482574308e-06, 1.1403794815123547e-06, 1.0018450211646268e-06, 1.0644970416251454e-06, 1.2258916513019358e-06, 1.078791342479235e-06, 1.025924348141416e-06, 9.668739266999182e-07, 8.726888722776494e-07, 7.937641726130096e-07, 6.764231557099265e-07, 6.713701168337138e-07, 5.760335284321627e-07, 4.69341927100686e-07, 1.210158302455966e-07, 2.9810454105216877e-09, 1.1331547505877282e-10, 3.976453281234749e-12, 3.8056337595127054e-12, 3.6997930760729325e-12, 3.609700212348077e-12, 3.5255611364332085e-12, 3.389247866733558e-12, 3.2021566388068523e-12, 3.0941956895985667e-12, 3.0635793381306176e-12], "lowlevel.melbands128.stdev": [0.00015881758008617908, 0.0033558520954102278, 0.010738487355411053, 0.013424763455986977, 0.008934136480093002, 0.005237969569861889, 0.003504096297547221, 0.0018921889131888747, 0.0014317408204078674, 0.002020991640165448, 0.002474768552929163, 0.0010742349550127983, 0.0012089858064427972, 0.0025312064681202173, 0.003167480928823352, 0.0012373389909043908, 0.0004190305189695209, 0.0005973411025479436, 0.0007713420200161636, 0.000814300961792469, 0.000932530325371772, 0.0011999671114608645, 0.0007433633436448872, 0.0010403351625427604, 0.001048789476044476, 0.0007820026949048042, 0.0009226005640812218, 0.000510296318680048, 0.0002850819437298924, 0.00039105190080590546, 0.0005563268205150962, 0.0003435287217143923, 0.0005214462289586663, 0.0008997148834168911, 0.0002942452556453645, 0.0001985169219551608, 0.00023767778475303203, 0.00028235363424755633, 0.0002685259678401053, 0.0003702813701238483, 0.00038674226379953325, 0.0001953189494088292, 0.00016878546739462763, 0.0002592935343272984, 0.00010547519923420623, 0.00016426511865574867, 9.991966362576932e-05, 6.324842252070084e-05, 8.751232962822542e-05, 2.9583728974102996e-05, 1.76005887624342e-05, 3.4049764508381486e-05, 5.994701132294722e-05, 5.292587957228534e-05, 4.972672468284145e-05, 4.72407482448034e-05, 3.767041562241502e-05, 2.443512130412273e-05, 3.2487503631273285e-05, 3.121347981505096e-05, 2.581350418040529e-05, 1.5220179193420336e-05, 1.8829638065653853e-05, 2.421495992166456e-05, 3.57617209374439e-05, 4.431369961821474e-05, 2.7569261874305084e-05, 2.9642147637787275e-05, 4.4115688069723547e-05, 2.9252389140310697e-05, 3.022997043444775e-05, 2.3773191060172394e-05, 2.5075227313209325e-05, 2.349652822886128e-05, 1.8815992007148452e-05, 1.5835688827792183e-05, 1.5129242456168868e-05, 1.196179619000759e-05, 3.431881486903876e-05, 3.8026566471671686e-05, 4.3291034671710804e-05, 3.634702443378046e-05, 1.712433913780842e-05, 1.2855077329732012e-05, 9.802269232750405e-06, 1.0495857168280054e-05, 1.223931849381188e-05, 1.0479961929377168e-05, 7.366169938904932e-06, 6.8219205786590464e-06, 5.136525942361914e-06, 4.454890586202964e-06, 3.6106771403865423e-06, 3.7724369121860946e-06, 3.2407381240773248e-06, 3.5471387036523083e-06, 3.4434403914929135e-06, 3.5123168800055282e-06, 3.0205235361790983e-06, 3.210001523257233e-06, 2.9021691716479836e-06, 3.599514229790657e-06, 2.887368054871331e-06, 3.2179457321035443e-06, 2.382387265242869e-06, 2.40497206505097e-06, 2.8072865916328738e-06, 2.5019010081450688e-06, 2.318531187484041e-06, 2.136631565008429e-06, 2.1613918761431705e-06, 1.718634734970692e-06, 1.5045194459162303e-06, 1.5929085748211946e-06, 1.4070415090827737e-06, 1.1205974033146049e-06, 3.6386484225658933e-07, 3.058926623111802e-08, 4.246031082288937e-09, 9.340007933733574e-12, 9.040120214909297e-12, 8.811585142098899e-12, 8.604657784905267e-12, 8.440542535737006e-12, 8.3021445621001e-12, 8.194818088003153e-12, 8.117576055788334e-12, 8.069887640071993e-12], "lowlevel.mfcc.mean": [-707.934814453125, 85.03153991699219, -3.329740047454834, 53.8695182800293, 8.658799171447754, 34.77073287963867, 5.78384256362915, 1.5562525987625122, 10.61723804473877, -3.486182928085327, 5.75612211227417, 4.336357116699219, 2.515688180923462], "lowlevel.spectral_contrast_coeffs.mean": [-0.683615505695343, -0.7844679355621338, -0.8015219569206238, -0.7982694506645203, -0.7861001491546631, -0.6579087972640991], "lowlevel.spectral_contrast_coeffs.stdev": [0.09415136277675629, 0.10565518587827682, 0.07775839418172836, 0.06159424036741257, 0.054516877979040146, 0.10317792743444443], "lowlevel.spectral_contrast_valleys.mean": [-7.585178852081299, -8.119887351989746, -8.469674110412598, -8.120536804199219, -7.846267223358154, -11.125678062438965], "lowlevel.spectral_contrast_valleys.stdev": [1.2464077472686768, 1.2544094324111938, 1.1450086832046509, 1.11294686794281, 1.3483185768127441, 1.624236822128296], "rhythm.beats_loudness_band_ratio.mean": [0.5182870030403137, 0.07156967371702194, 0.09984692931175232, 0.0886090025305748, 0.07471166551113129, 0.16494694352149963], "rhythm.beats_loudness_band_ratio.stdev": [0.2968505024909973, 0.1036996841430664, 0.14445701241493225, 0.14949308335781097, 0.07463214546442032, 0.18975479900836945], "tonal.hpcp.mean": [0.057706281542778015, 0.061234116554260254, 0.05738067999482155, 0.059779152274131775, 0.12299084663391113, 0.21273700892925262, 0.15223762392997742, 0.05759439989924431, 0.049204565584659576, 0.041006993502378464, 0.05411800742149353, 0.1263844221830368, 0.13205011188983917, 0.06855069845914841, 0.05430333688855171, 0.05320708453655243, 0.04934677481651306, 0.05174771323800087, 0.06634839624166489, 0.15615274012088776, 0.3723607361316681, 0.35251790285110474, 0.14535070955753326, 0.08086182177066803, 0.063701331615448, 0.07863811403512955, 0.11026419699192047, 0.10148356854915619, 0.0728391483426094, 0.061439767479896545, 0.05424615368247032, 0.050235994160175323, 0.04533690586686134, 0.04427937790751457, 0.04335978627204895, 0.04529493302106857], "tonal.hpcp.stdev": [0.1736750602722168, 0.1778854876756668, 0.16464033722877502, 0.16636423766613007, 0.2292449176311493, 0.34021106362342834, 0.2662865221500397, 0.1646633893251419, 0.15677203238010406, 0.12268704175949097, 0.1365939974784851, 0.26328685879707336, 0.26673683524131775, 0.15587688982486725, 0.1252472847700119, 0.13415509462356567, 0.1309804469347, 0.12742966413497925, 0.1740209013223648, 0.24406927824020386, 0.4142352044582367, 0.39314791560173035, 0.25589779019355774, 0.20098552107810974, 0.1703188717365265, 0.1992456316947937, 0.2456231266260147, 0.2360089272260666, 0.18139903247356415, 0.16157715022563934, 0.1394159346818924, 0.13497507572174072, 0.1285518854856491, 0.12458732724189758, 0.12770284712314606, 0.12792491912841797], "rhythm.beats_position": [0.54566890001297, 1.1377778053283691, 1.729886531829834, 2.3103854656219482, 2.902494192123413, 3.4133331775665283, 3.9241721630096436, 4.435011386871338, 4.980679988861084, 5.526349067687988, 6.083628177642822, 6.629296779632568, 7.174965858459473, 7.709024906158447, 8.243083953857422, 8.777142524719238, 9.3228120803833, 9.868480682373047, 10.402539253234863, 10.924988746643066, 11.459047317504883, 12.004715919494629, 12.538775444030762, 13.072834014892578, 13.606893539428711, 14.140952110290527, 14.675010681152344, 15.209070205688477, 15.743128776550293, 16.27718734741211, 16.637096405029297, 16.997007369995117, 17.356916427612305, 17.716825485229492, 18.06512451171875, 18.413423538208008, 18.761722564697266, 19.121631622314453, 19.48154067993164, 19.84145164489746, 20.20136070251465, 20.572879791259766, 20.932788848876953, 21.29269790649414, 21.652606964111328, 22.000905990600586, 22.360815048217773, 22.709115982055664, 23.057415008544922, 23.41732406616211, 23.777233123779297, 24.125532150268555, 24.497051239013672, 24.86857032775879, 25.240089416503906, 25.623218536376953, 26.006349563598633, 26.38947868347168, 26.772607803344727, 27.144126892089844, 27.50403594970703, 27.86394500732422, 28.223854064941406, 28.583763122558594, 28.94367218017578, 29.3035831451416, 29.67510223388672, 30.023401260375977, 30.371700286865234, 30.731609344482422, 31.09151840209961, 31.439817428588867, 31.799726486206055, 32.159637451171875, 32.5079345703125, 32.86784362792969, 33.227752685546875, 33.58766555786133, 33.947574615478516, 34.29587173461914, 34.64417266845703, 35.00408172607422, 35.363990783691406, 35.73550796508789, 36.08380889892578, 36.43210983276367, 36.79201889038086, 37.15192794799805, 37.50022506713867, 37.86013412475586, 38.22004318237305, 38.579952239990234, 38.93986511230469, 39.299774169921875, 39.65968322753906], "rhythm.bpm_histogram": [0.0, 0.0, 0.0, 0.0, 0.0, 0.0, 0.0, 0.0, 0.0, 0.0, 0.0, 0.0, 0.0, 0.0, 0.0, 0.0, 0.0, 0.0, 0.0, 0.0, 0.0, 0.0, 0.0, 0.0, 0.0, 0.0, 0.0, 0.0, 0.0, 0.0, 0.0, 0.0, 0.0, 0.0, 0.0, 0.0, 0.0, 0.0, 0.0, 0.0, 0.0, 0.0, 0.0, 0.0, 0.0, 0.0, 0.0, 0.0, 0.0, 0.0, 0.0, 0.0, 0.0, 0.0, 0.0, 0.0, 0.0, 0.0, 0.0, 0.0, 0.0, 0.0, 0.0, 0.0, 0.0, 0.0, 0.0, 0.0, 0.0, 0.0, 0.0, 0.0, 0.0, 0.0, 0.0, 0.0, 0.0, 0.0, 0.0, 0.0, 0.0, 0.0, 0.0, 0.0, 0.0, 0.0, 0.0, 0.0, 0.0, 0.0, 0.0, 0.0, 0.0, 0.0, 0.0, 0.0, 0.0, 0.0, 0.0, 0.0, 0.0, 0.03191489353775978, 0.0, 0.010638297535479069, 0.0, 0.0, 0.0, 0.0, 0.010638297535479069, 0.0, 0.07446808367967606, 0.0, 0.13829787075519562, 0.0, 0.0, 0.010638297535479069, 0.0, 0.03191489353775978, 0.0, 0.0, 0.0, 0.0, 0.0, 0.0, 0.0, 0.0, 0.0, 0.0, 0.0, 0.0, 0.0, 0.0, 0.0, 0.0, 0.0, 0.0, 0.0, 0.0, 0.0, 0.0, 0.0, 0.0, 0.0, 0.0, 0.0, 0.0, 0.0, 0.0, 0.0, 0.0, 0.0, 0.0, 0.0, 0.0, 0.0, 0.0, 0.0, 0.042553190141916275, 0.0, 0.0, 0.0, 0.07446808367967606, 0.0, 0.0, 0.0, 0.0, 0.0, 0.40425533056259155, 0.0, 0.0, 0.0, 0.0, 0.1702127605676651, 0.0, 0.0, 0.0, 0.0, 0.0, 0.0, 0.0, 0.0, 0.0, 0.0, 0.0, 0.0, 0.0, 0.0, 0.0, 0.0, 0.0, 0.0, 0.0, 0.0, 0.0, 0.0, 0.0, 0.0, 0.0, 0.0, 0.0, 0.0, 0.0, 0.0, 0.0, 0.0, 0.0, 0.0, 0.0, 0.0, 0.0, 0.0, 0.0, 0.0, 0.0, 0.0, 0.0, 0.0, 0.0, 0.0, 0.0, 0.0, 0.0, 0.0, 0.0, 0.0, 0.0, 0.0, 0.0, 0.0, 0.0, 0.0, 0.0, 0.0, 0.0, 0.0, 0.0, 0.0, 0.0, 0.0, 0.0, 0.0, 0.0, 0.0, 0.0, 0.0, 0.0, 0.0, 0.0, 0.0, 0.0], "tonal.chords_histogram": [0.5787037014961243, 0.0, 5.902777671813965, 11.689814567565918, 7.1759257316589355, 4.0509257316589355, 0.5787037014961243, 0.0, 3.935185194015503, 5.55555534362793, 1.0416666269302368, 0.0, 0.46296295523643494, 0.0, 0.11574073880910873, 0.23148147761821747, 4.282407283782959, 7.1759257316589355, 0.0, 2.777777671813965, 0.0, 0.0, 28.240739822387695, 16.203702926635742], "tonal.thpcp": [1.0, 0.9467107057571411, 0.3903491795063019, 0.21715989708900452, 0.17107424139976501, 0.21118798851966858, 0.2961219847202301, 0.27254101634025574, 0.19561447203159332, 0.16500066220760345, 0.1456817239522934, 0.1349121630191803, 0.12175533175468445, 0.11891527473926544, 0.1164456456899643, 0.12164261192083359, 0.15497413277626038, 0.16444836556911469, 0.154099702835083, 0.16054096817970276, 0.3303002417087555, 0.5713196396827698, 0.4088444709777832, 0.15467366576194763, 0.13214220106601715, 0.11012706160545349, 0.14533758163452148, 0.33941394090652466, 0.3546295166015625, 0.1840975433588028, 0.1458352953195572, 0.14289122819900513, 0.13252410292625427, 0.13897199928760529, 0.17818310856819153, 0.4193587601184845], "lowlevel.gfcc.cov": [[19616.01171875, -2345.5087890625, 664.053466796875, 484.43109130859375, -721.3351440429688, -282.41229248046875, 33.9229850769043, 76.02920532226562, -126.73370361328125, 149.2453155517578, -451.67913818359375, 259.3747863769531, -264.56658935546875], [-2345.5087890625, 2056.815673828125, -450.3461608886719, -89.70480346679688, -0.0007135274936445057, -254.29296875, 28.548921585083008, -222.37799072265625, 226.49481201171875, -219.1566619873047, 216.97824096679688, -228.98362731933594, 271.8741760253906], [664.053466796875, -450.3461608886719, 992.2493286132812, -125.19596862792969, 104.33364868164062, -17.81427574157715, -216.19891357421875, 222.7333526611328, -107.01410675048828, 68.35163116455078, 91.45067596435547, 145.82432556152344, -105.35082244873047], [484.43109130859375, -89.70480346679688, -125.19596862792969, 1022.3098754882812, 351.7989501953125, 94.19788360595703, 72.9344711303711, -396.7999572753906, 26.541091918945312, -20.61471939086914, -73.7264404296875, -24.96898078918457, 164.83743286132812], [-721.3351440429688, -0.0007135274936445057, 104.33364868164062, 351.7989501953125, 425.4274597167969, 150.1084747314453, 37.14545822143555, -115.21204376220703, 11.735182762145996, 31.303028106689453, -5.886779308319092, 16.7462215423584, 56.39936447143555], [-282.41229248046875, -254.29296875, -17.81427574157715, 94.19788360595703, 150.1084747314453, 365.7928771972656, 200.73248291015625, 25.057416915893555, -21.306312561035156, 51.3039665222168, -59.63440704345703, 36.33462142944336, 0.919817328453064], [33.9229850769043, 28.548921585083008, -216.19891357421875, 72.9344711303711, 37.14545822143555, 200.73248291015625, 323.623291015625, 11.824780464172363, 52.430416107177734, 26.457700729370117, -52.24932861328125, -8.395352363586426, 23.398059844970703], [76.02920532226562, -222.37799072265625, 222.7333526611328, -396.7999572753906, -115.21204376220703, 25.057416915893555, 11.824780464172363, 358.42779541015625, 21.615819931030273, 95.93222045898438, 53.68883514404297, 64.5007553100586, -103.34468841552734], [-126.73370361328125, 226.49481201171875, -107.01410675048828, 26.541091918945312, 11.735182762145996, -21.306312561035156, 52.430416107177734, 21.615819931030273, 160.9951629638672, 31.120420455932617, 38.51441955566406, -39.11397171020508, 30.187244415283203], [149.2453155517578, -219.1566619873047, 68.35163116455078, -20.61471939086914, 31.303028106689453, 51.3039665222168, 26.457700729370117, 95.93222045898438, 31.120420455932617, 159.8412322998047, 17.70339584350586, 49.09464645385742, -46.26144027709961], [-451.67913818359375, 216.97824096679688, 91.45067596435547, -73.7264404296875, -5.886779308319092, -59.63440704345703, -52.24932861328125, 53.68883514404297, 38.51441955566406, 17.70339584350586, 174.8782958984375, 3.5929439067840576, 18.494077682495117], [259.3747863769531, -228.98362731933594, 145.82432556152344, -24.96898078918457, 16.7462215423584, 36.33462142944336, -8.395352363586426, 64.5007553100586, -39.11397171020508, 49.09464645385742, 3.5929439067840576, 126.67742919921875, 1.0709333419799805], [-264.56658935546875, 271.8741760253906, -105.35082244873047, 164.83743286132812, 56.39936447143555, 0.919817328453064, 23.398059844970703, -103.34468841552734, 30.187244415283203, -46.26144027709961, 18.494077682495117, 1.0709333419799805, 153.13783264160156]], "lowlevel.gfcc.icov": [[8.048120071180165e-05, 8.069084287853912e-05, -0.00011742515926016495, -8.12223443062976e-05, 0.00022704844013787806, 0.00014147414185572416, -0.0001485009561292827, 8.299751789309084e-05, -0.00012256689660716802, -1.5144511962716933e-05, 0.00015085077029652894, -5.870131280971691e-05, -1.558318899697042e-06], [8.069084287853912e-05, 0.0018129313830286264, -0.00012696771591436118, 0.0011353922309353948, -0.0005384275573305786, 0.001129461219534278, -0.0010460818884894252, 0.0012044374598190188, -0.0013106541009619832, 0.0009104787604883313, -0.0013844234636053443, 0.001849596737883985, -0.0025368512142449617], [-0.00011742515926016495, -0.00012696771591436118, 0.0023381991777569056, -0.00036018629907630384, -0.0012139496393501759, -0.00024796341313049197, 0.0015121176838874817, -0.0018556566210463643, 0.0010573960607871413, 0.0007400881731882691, -0.0010227629682049155, -0.0014159198617562652, 0.0011326144449412823], [-8.12223443062976e-05, 0.0011353922309353948, -0.00036018629907630384, 0.0035333801060914993, -0.0017628144705668092, 0.0006229786667972803, -0.0010377215221524239, 0.0035012078005820513, -0.0013160581002011895, -0.0004662236606236547, -0.0005601719603873789, 0.0013470151461660862, -0.0028635249473154545], [0.00022704844013787806, -0.0005384275573305786, -0.0012139496393501759, -0.0017628144705668092, 0.0054881093092262745, -0.0020897304639220238, 0.0005270732217468321, 0.0008821453666314483, -0.0007880011107772589, -0.001203701482154429, 0.0007494566962122917, -0.000731859530787915, 0.0006229415303096175], [0.00014147414185572416, 0.001129461219534278, -0.00024796341313049197, 0.0006229786667972803, -0.0020897304639220238, 0.006839579902589321, -0.004409118089824915, -0.00014077556261327118, 0.0012993129203096032, -0.0003956022846978158, 0.0002619468723423779, 0.0008156466647051275, -0.0017076930962502956], [-0.0001485009561292827, -0.0010460818884894252, 0.0015121176838874817, -0.0010377215221524239, 0.0005270732217468321, -0.004409118089824915, 0.007435069419443607, -0.0020542610436677933, -0.0010035628220066428, -2.0405375835252926e-05, 0.0011800209758803248, -0.001143299276009202, 0.0011250654933974147], [8.299751789309084e-05, 0.0012044374598190188, -0.0018556566210463643, 0.0035012078005820513, 0.0008821453666314483, -0.00014077556261327118, -0.0020542610436677933, 0.010039045475423336, -0.0037297585513442755, -0.0017859499203041196, -0.0015387098537757993, -0.0009073143010027707, 0.00011232920951442793], [-0.00012256689660716802, -0.0013106541009619832, 0.0010573960607871413, -0.0013160581002011895, -0.0007880011107772589, 0.0012993129203096032, -0.0010035628220066428, -0.0037297585513442755, 0.011772861704230309, -0.0036579312290996313, -0.0006962779443711042, 0.0030517654959112406, -0.0011851104209199548], [-1.5144511962716933e-05, 0.0009104787604883313, 0.0007400881731882691, -0.0004662236606236547, -0.001203701482154429, -0.0003956022846978158, -2.0405375835252926e-05, -0.0017859499203041196, -0.0036579312290996313, 0.011527522467076778, -0.001997836632654071, -0.0036528559867292643, 0.0030821990221738815], [0.00015085077029652894, -0.0013844234636053443, -0.0010227629682049155, -0.0005601719603873789, 0.0007494566962122917, 0.0002619468723423779, 0.0011800209758803248, -0.0015387098537757993, -0.0006962779443711042, -0.001997836632654071, 0.009486336261034012, -0.0007626426522620022, -0.00048504312871955335], [-5.870131280971691e-05, 0.001849596737883985, -0.0014159198617562652, 0.0013470151461660862, -0.000731859530787915, 0.0008156466647051275, -0.001143299276009202, -0.0009073143010027707, 0.0030517654959112406, -0.0036528559867292643, -0.0007626426522620022, 0.01594681479036808, -0.007706575095653534], [-1.558318899697042e-06, -0.0025368512142449617, 0.0011326144449412823, -0.0028635249473154545, 0.0006229415303096175, -0.0017076930962502956, 0.0011250654933974147, 0.00011232920951442793, -0.0011851104209199548, 0.0030821990221738815, -0.00048504312871955335, -0.007706575095653534, 0.015854589641094208]], "lowlevel.mfcc.cov": [[18491.6953125, -2129.500244140625, 588.283447265625, 599.0099487304688, -625.6640625, 33.24822998046875, -328.8013916015625, 31.033111572265625, 164.0818328857422, -277.1977233886719, 131.19602966308594, -104.05111694335938, 48.91399383544922], [-2129.500244140625, 1673.46826171875, -109.42449188232422, -198.22251892089844, -32.251277923583984, -303.0044860839844, -104.07188415527344, -41.662940979003906, -91.7857437133789, 75.42707824707031, -63.16115188598633, -4.412217617034912, 47.988346099853516], [588.283447265625, -109.42449188232422, 606.0631713867188, -49.97467041015625, 156.64064025878906, -214.60195922851562, 16.38970184326172, 35.58673095703125, -131.19664001464844, 36.388641357421875, -18.304527282714844, 31.584125518798828, 8.622776985168457], [599.0099487304688, -198.22251892089844, -49.97467041015625, 701.7821044921875, 212.1355743408203, 361.2789001464844, -35.865238189697266, -110.51954650878906, 54.03461837768555, -131.02651977539062, -67.38138580322266, -22.253095626831055, 55.35422134399414], [-625.6640625, -32.251277923583984, 156.64064025878906, 212.1355743408203, 415.3697509765625, 100.79585266113281, 28.994239807128906, -44.04566192626953, -56.25421142578125, 2.964325428009033, -27.46510887145996, -1.0059449672698975, 2.7471539974212646], [33.24822998046875, -303.0044860839844, -214.60195922851562, 361.2789001464844, 100.79585266113281, 642.8045043945312, 141.7624969482422, 6.659378528594971, 201.691162109375, -123.04695892333984, 7.278937816619873, 8.849542617797852, -5.072491645812988], [-328.8013916015625, -104.07188415527344, 16.38970184326172, -35.865238189697266, 28.994239807128906, 141.7624969482422, 205.53677368164062, 83.68350219726562, 55.36637496948242, 14.679941177368164, 40.874595642089844, 29.024660110473633, -14.129277229309082], [31.033111572265625, -41.662940979003906, 35.58673095703125, -110.51954650878906, -44.04566192626953, 6.659378528594971, 83.68350219726562, 151.48367309570312, 55.9132080078125, 32.768699645996094, 29.584436416625977, 17.316688537597656, -4.813361167907715], [164.0818328857422, -91.7857437133789, -131.19664001464844, 54.03461837768555, -56.25421142578125, 201.691162109375, 55.36637496948242, 55.9132080078125, 212.4755859375, -7.277291297912598, 46.69453430175781, 24.94228172302246, 3.257796287536621], [-277.1977233886719, 75.42707824707031, 36.388641357421875, -131.02651977539062, 2.964325428009033, -123.04695892333984, 14.679941177368164, 32.768699645996094, -7.277291297912598, 166.77444458007812, 70.35620880126953, 32.12710952758789, 9.533141136169434], [131.19602966308594, -63.16115188598633, -18.304527282714844, -67.38138580322266, -27.46510887145996, 7.278937816619873, 40.874595642089844, 29.584436416625977, 46.69453430175781, 70.35620880126953, 150.16683959960938, 58.389747619628906, 10.622501373291016], [-104.05111694335938, -4.412217617034912, 31.584125518798828, -22.253095626831055, -1.0059449672698975, 8.849542617797852, 29.024660110473633, 17.316688537597656, 24.94228172302246, 32.12710952758789, 58.389747619628906, 113.36700439453125, 45.17940139770508], [48.91399383544922, 47.988346099853516, 8.622776985168457, 55.35422134399414, 2.7471539974212646, -5.072491645812988, -14.129277229309082, -4.813361167907715, 3.257796287536621, 9.533141136169434, 10.622501373291016, 45.17940139770508, 95.0553207397461]], "lowlevel.mfcc.icov": [[8.995470852823928e-05, 9.161903290078044e-05, -0.00017018872313201427, -0.00012439736747182906, 0.00022494244331028312, 1.3386953469307628e-05, 0.0001879986230051145, -6.568126991624013e-05, -5.881630568183027e-05, 0.00010456579911988229, -0.00021464981546159834, 0.00018999817257281393, -6.062043394194916e-05], [9.161903290078044e-05, 0.0008427190477959812, 0.0001850675034802407, 5.840233279741369e-05, 1.5226084542518947e-05, 0.00037889936356805265, 0.00020452082389965653, 5.883732228539884e-05, -0.00010867465607589111, -0.00010199067764915526, 0.0003276354691479355, 8.203072502510622e-05, -0.0005318772164173424], [-0.00017018872313201427, 0.0001850675034802407, 0.0031432383693754673, -4.931197327096015e-05, -0.0016179278027266264, 0.0014205481857061386, -0.0009534250712022185, -0.0010660989210009575, 0.0009091420215554535, 0.00022949905542191118, 0.0009003821178339422, -0.0015866783214733005, 0.00026393705047667027], [-0.00012439736747182906, 5.840233279741369e-05, -4.931197327096015e-05, 0.0036521400325000286, -0.0014612502418458462, -0.0018697463674470782, 0.0009707431891001761, 0.0015156182926148176, -0.00029176881071180105, 0.0005860498058609664, 0.0007167277508415282, 0.0007634730427525938, -0.002416024450212717], [0.00022494244331028312, 1.5226084542518947e-05, -0.0016179278027266264, -0.0014612502418458462, 0.004605654627084732, -0.001099083456210792, -9.931840031640604e-05, 0.0005532010109163821, 0.0012810664484277368, -0.001406278577633202, -0.0001650848425924778, 0.00039098571869544685, 0.0006255065673030913], [1.3386953469307628e-05, 0.00037889936356805265, 0.0014205481857061386, -0.0018697463674470782, -0.001099083456210792, 0.005649649538099766, -0.0032724838238209486, 0.00043166865361854434, -0.003229545196518302, 0.0024601176846772432, -0.00013803874026052654, -0.0006579715991392732, 0.0008225783822126687], [0.0001879986230051145, 0.00020452082389965653, -0.0009534250712022185, 0.0009707431891001761, -9.931840031640604e-05, -0.0032724838238209486, 0.009650097228586674, -0.004192437045276165, 0.001108241849578917, -0.0005718470783904195, -0.0012824629666283727, -0.0007070897263474762, 0.0008703180938027799], [-6.568126991624013e-05, 5.883732228539884e-05, -0.0010660989210009575, 0.0015156182926148176, 0.0005532010109163821, 0.00043166865361854434, -0.004192437045276165, 0.011643828824162483, -0.0034989281557500362, -0.000925783475395292, 0.0008319056