{"song_id": "1183695597782450258", "download": "https://cdn.discordapp.com/attachments/1135911532732108921/1183695597782450258/chirp.mp4?ex=6589456e&amp", "lyrics": "[verse]\nIn a world of mystery, oh what a tease\nNobody believes the moon is made of cheese\nThey say it's just a rock, floating high above\nBut my heart believes in the cheesy moon love\n\n[chorus]\nOh, cheesy moon, shining bright\nIgniting dreams in the darkest night\nWon't you show them your delicious delight\nSpread the truth of your cheesy might", "style": ["Instrumental EDM"], "essentia_features": {"lowlevel.average_loudness": 0.973580539226532, "lowlevel.barkbands_crest.mean": 10.523083686828613, "lowlevel.barkbands_crest.stdev": 5.36030387878418, "lowlevel.barkbands_flatness_db.mean": 0.1234223023056984, "lowlevel.barkbands_flatness_db.stdev": 0.06130210682749748, "lowlevel.barkbands_kurtosis.mean": 7.981805324554443, "lowlevel.barkbands_kurtosis.stdev": 20.221826553344727, "lowlevel.barkbands_skewness.mean": 1.920322299003601, "lowlevel.barkbands_skewness.stdev": 1.9058250188827515, "lowlevel.barkbands_spread.mean": 32.91950607299805, "lowlevel.barkbands_spread.stdev": 18.999353408813477, "lowlevel.dissonance.mean": 0.467391699552536, "lowlevel.dissonance.stdev": 0.026043349876999855, "lowlevel.dynamic_complexity": 1.599386215209961, "lowlevel.erbbands_crest.mean": 9.230117797851562, "lowlevel.erbbands_crest.stdev": 4.115197658538818, "lowlevel.erbbands_flatness_db.mean": 0.12272554636001587, "lowlevel.erbbands_flatness_db.stdev": 0.028888801112771034, "lowlevel.erbbands_kurtosis.mean": 1.1976453065872192, "lowlevel.erbbands_kurtosis.stdev": 2.862187147140503, "lowlevel.erbbands_skewness.mean": 0.6599056124687195, "lowlevel.erbbands_skewness.stdev": 0.8380073308944702, "lowlevel.erbbands_spread.mean": 47.04664993286133, "lowlevel.erbbands_spread.stdev": 25.3038387298584, "lowlevel.hfc.mean": 41.356468200683594, "lowlevel.hfc.stdev": 25.741147994995117, "lowlevel.loudness_ebu128.integrated": -13.588404655456543, "lowlevel.loudness_ebu128.loudness_range": 1.4938726425170898, "lowlevel.loudness_ebu128.momentary.mean": -13.678162574768066, "lowlevel.loudness_ebu128.momentary.stdev": 0.8989483714103699, "lowlevel.loudness_ebu128.short_term.mean": -13.612981796264648, "lowlevel.loudness_ebu128.short_term.stdev": 0.4988729953765869, "lowlevel.melbands_crest.mean": 17.684276580810547, "lowlevel.melbands_crest.stdev": 7.92983341217041, "lowlevel.melbands_flatness_db.mean": 0.2119944840669632, "lowlevel.melbands_flatness_db.stdev": 0.08682950586080551, "lowlevel.melbands_kurtosis.mean": 27.022592544555664, "lowlevel.melbands_kurtosis.stdev": 62.43397903442383, "lowlevel.melbands_skewness.mean": 3.2000248432159424, "lowlevel.melbands_skewness.stdev": 3.07700514793396, "lowlevel.melbands_spread.mean": 27.15449333190918, "lowlevel.melbands_spread.stdev": 18.445289611816406, "lowlevel.pitch_salience.mean": 0.49077343940734863, "lowlevel.pitch_salience.stdev": 0.14507128298282623, "lowlevel.silence_rate_20dB.mean": 1.0, "lowlevel.silence_rate_20dB.stdev": 0.0, "lowlevel.silence_rate_30dB.mean": 0.9123028516769409, "lowlevel.silence_rate_30dB.stdev": 0.2828536331653595, "lowlevel.silence_rate_60dB.mean": 0.0012618296314030886, "lowlevel.silence_rate_60dB.stdev": 0.03550005704164505, "lowlevel.spectral_centroid.mean": 1666.1414794921875, "lowlevel.spectral_centroid.stdev": 687.8214721679688, "lowlevel.spectral_complexity.mean": 22.499685287475586, "lowlevel.spectral_complexity.stdev": 10.987421035766602, "lowlevel.spectral_decrease.mean": -1.1262330623651451e-08, "lowlevel.spectral_decrease.stdev": 7.991994621647791e-09, "lowlevel.spectral_energy.mean": 0.04625781625509262, "lowlevel.spectral_energy.stdev": 0.029981503263115883, "lowlevel.spectral_energyband_high.mean": 0.002474303590133786, "lowlevel.spectral_energyband_high.stdev": 0.002309485338628292, "lowlevel.spectral_energyband_low.mean": 0.025452647358179092, "lowlevel.spectral_energyband_low.stdev": 0.031758226454257965, "lowlevel.spectral_energyband_middle_high.mean": 0.009380127303302288, "lowlevel.spectral_energyband_middle_high.stdev": 0.008598091080784798, "lowlevel.spectral_energyband_middle_low.mean": 0.009786950424313545, "lowlevel.spectral_energyband_middle_low.stdev": 0.008615821599960327, "lowlevel.spectral_entropy.mean": 7.807328701019287, "lowlevel.spectral_entropy.stdev": 0.3499445915222168, "lowlevel.spectral_flux.mean": 0.1089920923113823, "lowlevel.spectral_flux.stdev": 0.05862293764948845, "lowlevel.spectral_kurtosis.mean": 3.6181704998016357, "lowlevel.spectral_kurtosis.stdev": 2.0080480575561523, "lowlevel.spectral_rms.mean": 0.006442230194807053, "lowlevel.spectral_rms.stdev": 0.0019045178778469563, "lowlevel.spectral_rolloff.mean": 1901.8389892578125, "lowlevel.spectral_rolloff.stdev": 2282.65625, "lowlevel.spectral_skewness.mean": 1.6681991815567017, "lowlevel.spectral_skewness.stdev": 0.3816610872745514, "lowlevel.spectral_spread.mean": 7176468.5, "lowlevel.spectral_spread.stdev": 2162798.0, "lowlevel.spectral_strongpeak.mean": 0.9217052459716797, "lowlevel.spectral_strongpeak.stdev": 1.3067467212677002, "lowlevel.zerocrossingrate.mean": 0.09330916404724121, "lowlevel.zerocrossingrate.stdev": 0.051687732338905334, "metadata.audio_properties.analysis.equal_loudness": 0.0, "metadata.audio_properties.analysis.length": 36.75732421875, "metadata.audio_properties.analysis.sample_rate": 44100.0, "metadata.audio_properties.analysis.start_time": 0.0, "metadata.audio_properties.bit_rate": 120391.0, "metadata.audio_properties.length": 36.75733184814453, "metadata.audio_properties.lossless": 0.0, "metadata.audio_properties.number_channels": 1.0, "metadata.audio_properties.replay_gain": -12.110614776611328, "metadata.audio_properties.sample_rate": 48000.0, "rhythm.beats_count": 81.0, "rhythm.beats_loudness.mean": 0.08788728713989258, "rhythm.beats_loudness.stdev": 0.04631692171096802, "rhythm.bpm": 133.26983642578125, "rhythm.bpm_histogram_first_peak_bpm": 133.0, "rhythm.bpm_histogram_first_peak_weight": 0.3733333349227905, "rhythm.bpm_histogram_second_peak_bpm": 144.0, "rhythm.bpm_histogram_second_peak_spread": 0.3999999761581421, "rhythm.bpm_histogram_second_peak_weight": 0.03750000149011612, "rhythm.danceability": 1.9056652784347534, "rhythm.onset_rate": 3.316983461380005, "tonal.chords_changes_rate": 0.06809584051370621, "tonal.chords_number_rate": 0.010088272392749786, "tonal.chords_strength.mean": 0.5718309283256531, "tonal.chords_strength.stdev": 0.09648753702640533, "tonal.hpcp_crest.mean": 14.062597274780273, "tonal.hpcp_crest.stdev": 6.496634006500244, "tonal.hpcp_entropy.mean": 1.917960286140442, "tonal.hpcp_entropy.stdev": 0.6998423933982849, "tonal.key_edma.strength": 0.740655243396759, "tonal.key_krumhansl.strength": 0.7529401779174805, "tonal.key_temperley.strength": 0.770396888256073, "tonal.tuning_diatonic_strength": 0.7549391388893127, "tonal.tuning_equal_tempered_deviation": 0.21855612099170685, "tonal.tuning_frequency": 434.193115234375, "tonal.tuning_nontempered_energy_ratio": 0.9040762186050415, "lowlevel.barkbands.mean": [0.0029941925313323736, 0.019059959799051285, 0.0027588712982833385, 0.001473906566388905, 0.002075974829494953, 0.0020471157040446997, 0.0010378017323091626, 0.0009245777619071305, 0.0018968608928844333, 0.002037798287346959, 0.0018429976189509034, 0.002189363818615675, 0.0008207401842810214, 0.0006225263932719827, 0.0004387414373923093, 0.00017992228094954044, 0.0001760761224431917, 0.00021600302716251463, 0.0007371791289187968, 0.0005525255110114813, 0.0003430924261920154, 8.542873547412455e-05, 0.0001233965012943372, 0.0002740838099271059, 0.0009078189614228904, 0.0004161563701927662, 2.46752351813484e-05], "lowlevel.barkbands.stdev": [0.003610353684052825, 0.028844892978668213, 0.008177505806088448, 0.003958059474825859, 0.003510940121486783, 0.0035133943893015385, 0.002395467134192586, 0.0016706318128854036, 0.003423438174650073, 0.003556497860699892, 0.0031417079735547304, 0.004004374146461487, 0.0015872379299253225, 0.0008882069960236549, 0.0007140761590562761, 0.00026031205197796226, 0.000244909810135141, 0.00033187621738761663, 0.0010818993905559182, 0.0006154346046969295, 0.0004256019019521773, 0.00020591585780493915, 0.00026534387143328786, 0.00044138639350421727, 0.0009868171764537692, 0.00036980010918341577, 2.7458265321911313e-05], "lowlevel.erbbands.mean": [0.8024011850357056, 3.24348783493042, 3.6569783687591553, 4.647160530090332, 4.929593086242676, 6.066835880279541, 13.124160766601562, 19.259687423706055, 17.190906524658203, 13.379019737243652, 22.38161277770996, 39.95222091674805, 63.57902145385742, 73.31591796875, 79.39464569091797, 69.22395324707031, 40.929718017578125, 29.29831886291504, 34.039634704589844, 14.313090324401855, 10.13168716430664, 10.752519607543945, 11.262828826904297, 26.64810562133789, 36.51865005493164, 24.397186279296875, 22.464902877807617, 7.006200313568115, 3.2461538314819336, 3.0852837562561035, 3.609126091003418, 4.230624198913574, 5.994591236114502, 9.726480484008789, 6.513007164001465, 2.172017812728882, 0.6779595613479614, 0.11682846397161484, 0.0030799848027527332, 0.00014730606926605105], "lowlevel.erbbands.stdev": [1.0678588151931763, 6.311695575714111, 9.570334434509277, 11.572528839111328, 10.923458099365234, 10.554766654968262, 22.538732528686523, 39.143898010253906, 41.36814498901367, 20.41691780090332, 38.37165451049805, 69.04622650146484, 98.30561065673828, 107.97726440429688, 126.04507446289062, 142.8554229736328, 83.69589233398438, 40.39867401123047, 48.32710266113281, 18.778791427612305, 15.061686515808105, 14.72747802734375, 15.83966064453125, 41.445648193359375, 53.10105514526367, 25.94488525390625, 25.806161880493164, 10.438608169555664, 7.593010425567627, 7.6639018058776855, 7.49411678314209, 7.429464817047119, 9.348176956176758, 12.346778869628906, 6.355521202087402, 2.179945945739746, 0.603208065032959, 0.09784973412752151, 0.002720275428146124, 7.716768595855683e-05], "lowlevel.gfcc.mean": [50.41450500488281, 52.307960510253906, -82.84746551513672, 10.056451797485352, -39.652862548828125, 22.580907821655273, -25.938438415527344, 35.54200744628906, -44.89716720581055, 25.35155487060547, -11.537707328796387, 1.1286695003509521, -1.672737717628479], "lowlevel.melbands.mean": [0.006259075831621885, 0.002634342759847641, 0.0007879987242631614, 0.00038654086529277265, 0.0004336123529355973, 0.0004197861417196691, 0.0002475260116625577, 0.00016383656475227326, 0.00017877420759759843, 0.0002762707299552858, 0.00032832310535013676, 0.0003040242590941489, 0.00024085318727884442, 0.0002582996676210314, 0.00013259577099233866, 8.057478407863528e-05, 4.949338472215459e-05, 6.012483936501667e-05, 2.927797868323978e-05, 1.267354491574224e-05, 1.1160528629261535e-05, 1.123862421081867e-05, 9.866666005109437e-06, 9.871871043287683e-06, 2.209090416727122e-05, 3.1343053706223145e-05, 1.999153937504161e-05, 1.554296068206895e-05, 1.625020922801923e-05, 8.324601367348805e-06, 2.6458924367034342e-06, 1.8145599369745469e-06, 1.5240624406942516e-06, 1.8088954902850674e-06, 1.9842077563225757e-06, 2.309772526132292e-06, 2.6742065983853536e-06, 3.7976194562361343e-06, 5.650194907502737e-06, 9.176092135021463e-06], "lowlevel.melbands.stdev": [0.008547411300241947, 0.005295198410749435, 0.001859355135820806, 0.0007253208896145225, 0.000744111486710608, 0.0007860257755964994, 0.0005505582666955888, 0.0002657834847923368, 0.00033121861633844674, 0.000505420845001936, 0.0005249492824077606, 0.00045453303027898073, 0.0003799869155045599, 0.00038575989310629666, 0.0005531088681891561, 0.0001265481550944969, 7.273579831235111e-05, 8.758113108342513e-05, 4.692253423854709e-05, 1.7363350707455538e-05, 1.8261262084706686e-05, 1.7164960809168406e-05, 1.4190483852871694e-05, 1.4953075151424855e-05, 3.6183388147037476e-05, 5.107500692247413e-05, 2.681598016351927e-05, 1.8100978195434436e-05, 1.9609424271038733e-05, 1.1233735676796641e-05, 5.001518275093986e-06, 4.38574761574273e-06, 3.875108177453512e-06, 4.598324267135467e-06, 4.2757396840897854e-06, 4.4741973397322e-06, 4.844313934881939e-06, 6.544299139932264e-06, 8.249643542512786e-06, 1.1554076081665698e-05], "lowlevel.melbands128.mean": [0.002686884021386504, 0.007264431565999985, 0.0076576233841478825, 0.004647388122975826, 0.0021646672394126654, 0.001295561552979052, 0.0010071730939671397, 0.0006155731389299035, 0.0004813054110854864, 0.0003938081790693104, 0.0002656984142959118, 0.0004636685480363667, 0.0004849790711887181, 0.00037506246007978916, 0.0004886080278083682, 0.00039285203092731535, 0.0003291070752311498, 0.00021422139252536, 0.0001736153062665835, 8.930277545005083e-05, 0.0002131209330400452, 0.00023846959811635315, 0.00014917827502358705, 0.00015901564620435238, 0.00019643909763544798, 0.00039873013156466186, 0.0002924296131823212, 0.00023948265879880637, 0.000507915741764009, 0.00021264782117214054, 0.00033480391721241176, 0.0002725610975176096, 0.00013305757602211088, 0.0002893655328080058, 0.0003992676502093673, 0.00019355741096660495, 0.00010783011384774, 0.0002208391233580187, 5.8560191973811015e-05, 6.959593156352639e-05, 0.0001069897334673442, 6.00886887696106e-05, 3.988981188740581e-05, 3.797577301156707e-05, 8.393661119043827e-05, 5.975834937999025e-05, 4.3473140976857394e-05, 3.6721863580169156e-05, 1.9056724340771325e-05, 1.2085887647117488e-05, 1.2325817806413397e-05, 1.2581737792061176e-05, 1.252567017218098e-05, 9.927372957463376e-06, 9.307655091106426e-06, 1.3658695024787448e-05, 1.0473536349309143e-05, 8.373822311114054e-06, 1.1278870260866825e-05, 9.695865628600586e-06, 8.284856448881328e-06, 9.76751653070096e-06, 1.677381260378752e-05, 2.4218927137553692e-05, 3.449067662586458e-05, 3.4381715522613376e-05, 2.8742999347741716e-05, 2.2279857148532756e-05, 1.9352657545823604e-05, 1.4328436009236611e-05, 1.2308350960665848e-05, 1.913149571919348e-05, 1.7920590835274197e-05, 1.676085958024487e-05, 1.2840346244047396e-05, 9.882427548291162e-06, 5.981404683552682e-06, 2.74354556495382e-06, 2.512800620024791e-06, 2.0360664620966418e-06, 1.8854835843740148e-06, 1.7023014606820652e-06, 1.6856844240464852e-06, 1.3956531574876863e-06, 1.4955875258237938e-06, 1.70011469435849e-06, 1.988963276744471e-06, 1.8822898937287391e-06, 2.016535063376068e-06, 1.9387982774787815e-06, 2.3071343093761243e-06, 2.3841573693061946e-06, 2.4366675006604055e-06, 2.1654941519955173e-06, 3.1594377105648164e-06, 3.893453595082974e-06, 3.8578123167098965e-06, 3.7538775359280407e-06, 4.8522251745453104e-06, 6.644079348916421e-06, 9.046834748005494e-06, 8.584462193539366e-06, 1.1011511560354847e-05, 1.0468783329997677e-05, 7.643389835720882e-06, 5.030815373174846e-06, 4.669668214773992e-06, 5.402742317528464e-06, 3.653656222013524e-06, 2.4155999653885374e-06, 2.1743601337220753e-06, 1.6721063502700417e-06, 2.4976511667773593e-06, 2.2249832909437828e-06, 1.913436790346168e-06, 1.0320861747459276e-06, 7.05416823620908e-07, 3.4260401093888504e-07, 3.443481944032101e-08, 1.1032361656171386e-11, 7.839055793379401e-12, 7.586464442765894e-12, 7.367713210360005e-12, 7.153859102326798e-12, 6.7459831123994896e-12, 6.182838095669663e-12, 5.8634798405510224e-12, 5.785187866952368e-12], "lowlevel.melbands128.stdev": [0.003315611509606242, 0.009569619782269001, 0.01348014734685421, 0.010150136426091194, 0.0059674750082194805, 0.003700762055814266, 0.00261879269964993, 0.001708760391920805, 0.0011441931128501892, 0.000951595779042691, 0.0005472099292092025, 0.0011057454394176602, 0.0009644518722780049, 0.0008046829607337713, 0.0013074871385470033, 0.0008803964010439813, 0.0010792716639116406, 0.0005707473610527813, 0.00041074209730140865, 0.00019747691112570465, 0.0004613297642208636, 0.0004818766610696912, 0.00042267655953764915, 0.0004620509862434119, 0.000451478612376377, 0.0009278931538574398, 0.0008174055255949497, 0.0005494737415574491, 0.0010784256737679243, 0.0004934814060106874, 0.000685703766066581, 0.0005704325740225613, 0.00032478079083375633, 0.0007545604603365064, 0.0006640332285314798, 0.00043965858640149236, 0.00043561405618675053, 0.0011741860071197152, 0.00021330409799702466, 0.00012043882452417165, 0.00021099287550896406, 0.00013785775809083134, 9.379319817526266e-05, 6.630773714277893e-05, 0.00014812023437116295, 0.00011193274985998869, 0.00012062641326338053, 6.928097718628123e-05, 3.6972658563172445e-05, 2.2807758796261624e-05, 1.956874257302843e-05, 2.699629112612456e-05, 2.9487926440197043e-05, 1.8446378817316145e-05, 1.5352505215560086e-05, 2.742480137385428e-05, 1.680610148468986e-05, 1.3247848983155563e-05, 2.3768088794895448e-05, 1.713452729745768e-05, 1.602489282959141e-05, 1.7465159544372e-05, 3.823438964900561e-05, 4.839565372094512e-05, 6.520668102893978e-05, 7.616948278155178e-05, 6.184853555168957e-05, 3.795995144173503e-05, 2.852686338883359e-05, 1.744649671309162e-05, 1.5427862308570184e-05, 3.0136296118143946e-05, 2.730846063059289e-05, 2.3720183889963664e-05, 1.762070314725861e-05, 1.4535070476995315e-05, 1.0470158485986758e-05, 5.290494300425053e-06, 5.51659832126461e-06, 4.831642399949487e-06, 4.786730642081238e-06, 4.790612820215756e-06, 4.646925390261458e-06, 3.555171360858367e-06, 4.234129391988972e-06, 4.795761014975142e-06, 5.144881924934452e-06, 4.766779056808446e-06, 4.410871497384505e-06, 4.5420051719702315e-06, 5.073864940641215e-06, 4.572156285576057e-06, 4.827727025258355e-06, 4.4639614316110965e-06, 6.447197847592179e-06, 7.396869023068575e-06, 7.403366453218041e-06, 6.513156677101506e-06, 7.782420652802102e-06, 1.0670573828974739e-05, 1.3666506674780976e-05, 1.1378424460417591e-05, 1.3280549865157809e-05, 1.1927628293051384e-05, 7.809575436112937e-06, 5.2516511459543835e-06, 5.3101530284038745e-06, 5.915491328778444e-06, 4.042391537950607e-06, 3.423397629376268e-06, 3.223003204766428e-06, 2.0166926333331503e-06, 2.726440470723901e-06, 2.1415564788185293e-06, 1.8566503285910585e-06, 1.2001552249785163e-06, 7.622847988386638e-07, 5.576562216447201e-07, 1.270138909603702e-07, 3.758398106623595e-11, 3.6582945006635725e-11, 3.6634958955339414e-11, 3.661529759946269e-11, 3.47989970173046e-11, 2.593626181879305e-11, 1.28770501206521e-11, 8.914812464622113e-12, 8.789994773716892e-12], "lowlevel.mfcc.mean": [-615.7514038085938, 112.50737762451172, 8.557790756225586, 10.790914535522461, 10.362716674804688, -7.522531032562256, 39.50672912597656, -7.892577648162842, 11.328041076660156, 9.406274795532227, 0.06576289981603622, 1.1106005907058716, 4.592742443084717], "lowlevel.spectral_contrast_coeffs.mean": [-0.7336103916168213, -0.7469851970672607, -0.7437061667442322, -0.8044067025184631, -0.7853195071220398, -0.7683555483818054], "lowlevel.spectral_contrast_coeffs.stdev": [0.070815809071064, 0.071668341755867, 0.07391571253538132, 0.0415850505232811, 0.03977226838469505, 0.04223686456680298], "lowlevel.spectral_contrast_valleys.mean": [-6.569971084594727, -6.7003936767578125, -6.858714580535889, -7.3527984619140625, -7.122145652770996, -9.862728118896484], "lowlevel.spectral_contrast_valleys.stdev": [0.6443507671356201, 0.703328013420105, 0.8930217623710632, 0.747185468673706, 0.7318898439407349, 1.0557376146316528], "rhythm.beats_loudness_band_ratio.mean": [0.6206169724464417, 0.050123631954193115, 0.0884295329451561, 0.13267089426517487, 0.0355956107378006, 0.08219408243894577], "rhythm.beats_loudness_band_ratio.stdev": [0.3512069284915924, 0.0677952989935875, 0.11363185197114944, 0.16072304546833038, 0.04281672090291977, 0.09126163274049759], "tonal.hpcp.mean": [0.057605184614658356, 0.04097655043005943, 0.05887788534164429, 0.15428730845451355, 0.16887028515338898, 0.07811088114976883, 0.06627252697944641, 0.10219622403383255, 0.09412799030542374, 0.08092484623193741, 0.10158903151750565, 0.16431480646133423, 0.3032810688018799, 0.2927875220775604, 0.1280749887228012, 0.05502845719456673, 0.04739101231098175, 0.08039204776287079, 0.19296348094940186, 0.24587847292423248, 0.14876538515090942, 0.05550939217209816, 0.030767563730478287, 0.03715332970023155, 0.10808579623699188, 0.14466921985149384, 0.1231863722205162, 0.1395748406648636, 0.1169453039765358, 0.06259985268115997, 0.0411071814596653, 0.035959210246801376, 0.06037169694900513, 0.1765539050102234, 0.19988100230693817, 0.10124674439430237], "tonal.hpcp.stdev": [0.14967215061187744, 0.11985719203948975, 0.13707970082759857, 0.261231929063797, 0.2815930247306824, 0.1491009145975113, 0.17310474812984467, 0.2636354863643646, 0.2353641241788864, 0.17755435407161713, 0.19674119353294373, 0.255782812833786, 0.344446063041687, 0.34037959575653076, 0.21402345597743988, 0.15468601882457733, 0.14196769893169403, 0.17093296349048615, 0.30183398723602295, 0.3570670485496521, 0.27531129121780396, 0.16021887958049774, 0.11292684078216553, 0.10603233426809311, 0.1916421353816986, 0.2337752729654312, 0.22554293274879456, 0.27431923151016235, 0.23035216331481934, 0.15353399515151978, 0.12322339415550232, 0.11250639706850052, 0.1259075403213501, 0.2576417624950409, 0.27448368072509766, 0.18199501931667328], "rhythm.beats_position": [0.39473921060562134, 0.8126984238624573, 1.2306575775146484, 1.6486167907714844, 2.078185796737671, 2.5077550411224365, 2.9489340782165527, 3.4017233848571777, 3.8545124530792236, 4.29569149017334, 4.748480796813965, 5.201269626617432, 5.654058933258057, 6.106847763061523, 6.548027038574219, 7.000816345214844, 7.4536051750183105, 7.9063944816589355, 8.359183311462402, 8.800362586975098, 9.253151893615723, 9.705941200256348, 10.158729553222656, 10.611518859863281, 11.052698135375977, 11.517097473144531, 11.958276748657227, 12.399456024169922, 12.85224437713623, 13.305033683776855, 13.75782299041748, 14.210612297058105, 14.6517915725708, 15.116189956665039, 15.557369232177734, 16.01015853881836, 16.462947845458984, 16.90412712097168, 17.356916427612305, 17.80970573425293, 18.262493133544922, 18.715282440185547, 19.156461715698242, 19.609251022338867, 20.062040328979492, 20.514829635620117, 20.967618942260742, 21.408798217773438, 21.873197555541992, 22.325986862182617, 22.77877426147461, 23.219953536987305, 23.67274284362793, 24.125532150268555, 24.56671142578125, 25.007890701293945, 25.46068000793457, 25.913469314575195, 26.37786865234375, 26.842267990112305, 27.283445358276367, 27.724624633789062, 28.165803909301758, 28.618593215942383, 29.071382522583008, 29.524171829223633, 29.976961135864258, 30.418140411376953, 30.882539749145508, 31.323719024658203, 31.776506423950195, 32.22929763793945, 32.68208694458008, 33.1348762512207, 33.576053619384766, 34.02884292602539, 34.481632232666016, 34.92280960083008, 35.3755989074707, 35.82838821411133, 36.28117752075195], "rhythm.bpm_histogram": [0.0, 0.0, 0.0, 0.0, 0.0, 0.0, 0.0, 0.0, 0.0, 0.0, 0.0, 0.0, 0.0, 0.0, 0.0, 0.0, 0.0, 0.0, 0.0, 0.0, 0.0, 0.0, 0.0, 0.0, 0.0, 0.0, 0.0, 0.0, 0.0, 0.0, 0.0, 0.0, 0.0, 0.0, 0.0, 0.0, 0.0, 0.0, 0.0, 0.0, 0.0, 0.0, 0.0, 0.0, 0.0, 0.0, 0.0, 0.0, 0.0, 0.0, 0.0, 0.0, 0.0, 0.0, 0.0, 0.0, 0.0, 0.0, 0.0, 0.0, 0.0, 0.0, 0.0, 0.0, 0.0, 0.0, 0.0, 0.0, 0.0, 0.0, 0.0, 0.0, 0.0, 0.0, 0.0, 0.0, 0.0, 0.0, 0.0, 0.0, 0.0, 0.0, 0.0, 0.0, 0.0, 0.0, 0.0, 0.0, 0.0, 0.0, 0.0, 0.0, 0.0, 0.0, 0.0, 0.0, 0.0, 0.0, 0.0, 0.0, 0.0, 0.0, 0.0, 0.0, 0.0, 0.0, 0.0, 0.0, 0.0, 0.0, 0.0, 0.0, 0.0, 0.0, 0.0, 0.0, 0.0, 0.0, 0.0, 0.0, 0.0, 0.0, 0.0, 0.0, 0.0, 0.0, 0.0, 0.0, 0.0, 0.07500000298023224, 0.0, 0.0, 0.0, 0.5874999761581421, 0.0, 0.0, 0.2750000059604645, 0.0, 0.0, 0.0, 0.02500000037252903, 0.0, 0.0, 0.0, 0.03750000149011612, 0.0, 0.0, 0.0, 0.0, 0.0, 0.0, 0.0, 0.0, 0.0, 0.0, 0.0, 0.0, 0.0, 0.0, 0.0, 0.0, 0.0, 0.0, 0.0, 0.0, 0.0, 0.0, 0.0, 0.0, 0.0, 0.0, 0.0, 0.0, 0.0, 0.0, 0.0, 0.0, 0.0, 0.0, 0.0, 0.0, 0.0, 0.0, 0.0, 0.0, 0.0, 0.0, 0.0, 0.0, 0.0, 0.0, 0.0, 0.0, 0.0, 0.0, 0.0, 0.0, 0.0, 0.0, 0.0, 0.0, 0.0, 0.0, 0.0, 0.0, 0.0, 0.0, 0.0, 0.0, 0.0, 0.0, 0.0, 0.0, 0.0, 0.0, 0.0, 0.0, 0.0, 0.0, 0.0, 0.0, 0.0, 0.0, 0.0, 0.0, 0.0, 0.0, 0.0, 0.0, 0.0, 0.0, 0.0, 0.0, 0.0, 0.0, 0.0, 0.0, 0.0, 0.0, 0.0, 0.0, 0.0, 0.0, 0.0, 0.0, 0.0, 0.0, 0.0, 0.0, 0.0], "tonal.chords_histogram": [27.490541458129883, 0.0, 18.66330337524414, 0.0, 0.0, 0.0, 0.0, 0.0, 0.0, 0.0, 0.0, 0.0, 0.0, 0.0, 0.0, 11.475409507751465, 0.0, 2.3959646224975586, 0.0, 11.2232027053833, 0.6305170059204102, 2.7742748260498047, 7.44010066986084, 17.90668296813965], "tonal.thpcp": [1.0, 0.9653999209403992, 0.42229801416397095, 0.18144376575946808, 0.15626102685928345, 0.26507440209388733, 0.6362529993057251, 0.8107280731201172, 0.49051985144615173, 0.18302953243255615, 0.10144900530576706, 0.12250461429357529, 0.3563882112503052, 0.4770136773586273, 0.40617889165878296, 0.46021613478660583, 0.38560041785240173, 0.20640870928764343, 0.13554152846336365, 0.11856727302074432, 0.19906187057495117, 0.582146167755127, 0.6590619087219238, 0.33383798599243164, 0.1899399310350418, 0.13511081039905548, 0.1941363662481308, 0.5087271332740784, 0.5568111538887024, 0.25755277276039124, 0.21851851046085358, 0.33696869015693665, 0.3103655278682709, 0.2668311893939972, 0.33496659994125366, 0.5417904853820801], "lowlevel.gfcc.cov": [[2791.88671875, -470.85693359375, -744.5075073242188, -144.25790405273438, -478.8201599121094, 269.8958740234375, 12.68973159790039, -36.00700759887695, -55.27239227294922, -25.246440887451172, 36.736106872558594, 127.44806671142578, -80.11504364013672], [-470.85693359375, 748.0079956054688, 201.38137817382812, -79.89054870605469, 298.18109130859375, -226.18360900878906, -6.672430992126465, 18.548139572143555, -85.26596069335938, 35.21451950073242, -34.78837585449219, -103.18924713134766, 88.32738494873047], [-744.5075073242188, 201.38137817382812, 712.90185546875, 215.1090545654297, 213.39224243164062, -169.83860778808594, -74.71170806884766, 38.68425750732422, -24.069747924804688, -8.697698593139648, -34.09121322631836, -63.682437896728516, 39.76898956298828], [-144.25790405273438, -79.89054870605469, 215.1090545654297, 412.20611572265625, 125.29439544677734, -107.34368133544922, -44.15806198120117, 38.78352737426758, 40.94965744018555, -15.267573356628418, -14.613749504089355, -12.147089004516602, -18.555370330810547], [-478.8201599121094, 298.18109130859375, 213.39224243164062, 125.29439544677734, 374.7082824707031, -107.22642517089844, 20.88712501525879, 53.87740707397461, -8.570932388305664, 41.391483306884766, -13.942499160766602, -70.15886688232422, 41.39300537109375], [269.8958740234375, -226.18360900878906, -169.83860778808594, -107.34368133544922, -107.22642517089844, 357.3810729980469, 82.0368881225586, -64.9267807006836, 78.01729583740234, 2.0169565677642822, 11.141411781311035, 28.878265380859375, -46.174381256103516], [12.68973159790039, -6.672430992126465, -74.71170806884766, -44.15806198120117, 20.88712501525879, 82.0368881225586, 154.6387176513672, 49.725093841552734, 7.578768730163574, 35.000186920166016, 13.43680477142334, -4.488577365875244, 6.030864715576172], [-36.00700759887695, 18.548139572143555, 38.68425750732422, 38.78352737426758, 53.87740707397461, -64.9267807006836, 49.725093841552734, 173.6012420654297, 22.22365951538086, 26.997468948364258, 28.157625198364258, -10.600833892822266, 35.00395584106445], [-55.27239227294922, -85.26596069335938, -24.069747924804688, 40.94965744018555, -8.570932388305664, 78.01729583740234, 7.578768730163574, 22.22365951538086, 138.0501251220703, 18.44273567199707, 11.89661979675293, 22.256258010864258, -24.357765197753906], [-25.246440887451172, 35.21451950073242, -8.697698593139648, -15.267573356628418, 41.391483306884766, 2.0169565677642822, 35.000186920166016, 26.997468948364258, 18.44273567199707, 111.67904663085938, 51.53218078613281, 0.41433581709861755, 34.33165740966797], [36.736106872558594, -34.78837585449219, -34.09121322631836, -14.613749504089355, -13.942499160766602, 11.141411781311035, 13.43680477142334, 28.157625198364258, 11.89661979675293, 51.53218078613281, 95.88482666015625, 57.248382568359375, 21.503164291381836], [127.44806671142578, -103.18924713134766, -63.682437896728516, -12.147089004516602, -70.15886688232422, 28.878265380859375, -4.488577365875244, -10.600833892822266, 22.256258010864258, 0.41433581709861755, 57.248382568359375, 119.24755096435547, 16.783321380615234], [-80.11504364013672, 88.32738494873047, 39.76898956298828, -18.555370330810547, 41.39300537109375, -46.174381256103516, 6.030864715576172, 35.00395584106445, -24.357765197753906, 34.33165740966797, 21.503164291381836, 16.783321380615234, 103.67439270019531]], "lowlevel.gfcc.icov": [[0.0007108428981155157, -0.00023859106295276433, 0.0006637366022914648, -0.0005288317915983498, 0.0006814759108237922, -0.0008311502169817686, 0.0007463080692104995, -0.0009252607123926282, 0.0012948032235726714, -0.0007686859462410212, 0.0007655086228623986, -0.000802848138846457, 0.0005599996657110751], [-0.00023859106295276433, 0.0036284420639276505, -0.0005014481139369309, 0.0021735685877501965, -0.002689320594072342, 0.002503377618268132, -0.0009721855749376118, 0.0018629388650879264, -0.0011493938509374857, 0.0009722784743644297, -0.0007671673665754497, 0.002129585249349475, -0.001855712034739554], [0.0006637366022914648, -0.0005014481139369309, 0.0027319344226270914, -0.0013898760080337524, 7.436521264025941e-05, -0.0008073218632489443, 0.001592080108821392, -0.0011205821065232158, 0.0014200248988345265, -0.00047979739611037076, 0.0007881855126470327, -0.0002554890816099942, -8.971650095190853e-05], [-0.0005288317915983498, 0.0021735685877501965, -0.0013898760080337524, 0.005083902273327112, -0.0027582640759646893, 0.0027146092616021633, -0.000627682136837393, 0.001156341633759439, -0.0027350217569619417, 0.0013822187902405858, -0.0005862549878656864, 0.0008035087957978249, 3.018811003130395e-05], [0.0006814759108237922, -0.002689320594072342, 7.436521264025941e-05, -0.0027582640759646893, 0.006654620636254549, -0.00149339169729501, -0.00021766075224149972, -0.0015180610353127122, 0.0011557164834812284, -0.0019492156570777297, 0.0006777063827030361, 0.0002701018820516765, 0.00023152453650254756], [-0.0008311502169817686, 0.002503377618268132, -0.0008073218632489443, 0.0027146092616021633, -0.00149339169729501, 0.008082079701125622, -0.005210486240684986, 0.00538646662607789, -0.005857777316123247, 0.002845603507012129, -0.0029442955274134874, 0.003055055160075426, -0.0015017144614830613], [0.0007463080692104995, -0.0009721855749376118, 0.001592080108821392, -0.000627682136837393, -0.00021766075224149972, -0.005210486240684986, 0.012155014090240002, -0.006388622336089611, 0.004601496271789074, -0.004708594176918268, 0.0036834629718214273, -0.002752529690042138, 0.002220083260908723], [-0.0009252607123926282, 0.0018629388650879264, -0.0011205821065232158, 0.001156341633759439, -0.0015180610353127122, 0.00538646662607789, -0.006388622336089611, 0.012243315577507019, -0.006344266701489687, 0.004427399951964617, -0.006724377628415823, 0.005861931946128607, -0.004933292977511883], [0.0012948032235726714, -0.0011493938509374857, 0.0014200248988345265, -0.0027350217569619417, 0.0011557164834812284, -0.005857777316123247, 0.004601496271789074, -0.006344266701489687, 0.014535997994244099, -0.006250690668821335, 0.0053262654691934586, -0.006160893943160772, 0.005127294920384884], [-0.0007686859462410212, 0.0009722784743644297, -0.00047979739611037076, 0.0013822187902405858, -0.0019492156570777297, 0.002845603507012129, -0.004708594176918268, 0.004427399951964617, -0.006250690668821335, 0.01895585097372532, -0.013578904792666435, 0.008457474410533905, -0.006464749108999968], [0.0007655086228623986, -0.0007671673665754497, 0.0007881855126470327, -0.0005862549878656864, 0.0006777063827030361, -0.0029442955274134874, 0.0036834629718214273, -0.006724377628415823, 0.0053262654691934586, -0.013578904792666435, 0.02646036632359028, -0.014673770405352116, 0.003947400953620672], [-0.000802848138846457, 0.002129585249349475, -0.0002554890816099942, 0.0008035087957978249, 0.0002701018820516765, 0.003055055160075426, -0.002752529690042138, 0.005861931946128607, -0.006160893943160772, 0.008457474410533905, -0.014673770405352116, 0.020048504695296288, -0.007209392264485359], [0.0005599996657110751, -0.001855712034739554, -8.971650095190853e-05, 3.018811003130395e-05, 0.00023152453650254756, -0.0015017144614830613, 0.002220083260908723, -0.004933292977511883, 0.005127294920384884, -0.006464749108999968, 0.003947400953620672, -0.007209392264485359, 0.016168169677257538]], "lowlevel.mfcc.cov": [[2735.419921875, -828.1975708007812, -406.43841552734375, -600.5989990234375, -512.1493530273438, 159.83079528808594, -153.83753967285156, 198.70790100097656, -209.36083984375, -42.06880187988281, -32.114952087402344, 25.86422348022461, 80.02872467041016], [-828.1975708007812, 1041.2730712890625, -75.40957641601562, 195.5514678955078, 189.52101135253906, -166.62681579589844, 176.23475646972656, -202.1156463623047, 106.2608871459961, -3.228177070617676, -42.31929016113281, -48.01444625854492, -43.154632568359375], [-406.43841552734375, -75.40957641601562, 456.989990234375, 128.25088500976562, 108.73870849609375, -1.675350308418274, -40.270050048828125, -5.520749092102051, 7.65313720703125, -19.722076416015625, -9.050985336303711, -10.038813591003418, -19.92228126525879], [-600.5989990234375, 195.5514678955078, 128.25088500976562, 652.1614379882812, 267.4873046875, -178.47584533691406, 53.28771209716797, -81.59212493896484, 70.5172119140625, -19.3016414642334, 47.194156646728516, -33.125755310058594, -58.5747184753418], [-512.1493530273438, 189.52101135253906, 108.73870849609375, 267.4873046875, 302.57025146484375, -30.709924697875977, 27.114032745361328, -46.844688415527344, 65.80892181396484, 9.86614990234375, 26.26328468322754, -13.558910369873047, -28.55388069152832], [159.83079528808594, -166.62681579589844, -1.675350308418274, -178.47584533691406, -30.709924697875977, 282.8506164550781, -35.19900894165039, 57.2458610534668, -26.710935592651367, 23.633739471435547, -3.4631755352020264, 24.395883560180664, 27.77081871032715], [-153.83753967285156, 176.23475646972656, -40.270050048828125, 53.28771209716797, 27.114032745361328, -35.19900894165039, 197.94789123535156, -41.7812385559082, 54.44645309448242, 32.416297912597656, -6.924032211303711, 1.1844468116760254, 7.501448631286621], [198.70790100097656, -202.1156463623047, -5.520749092102051, -81.59212493896484, -46.844688415527344, 57.2458610534668, -41.7812385559082, 161.8164520263672, -9.531878471374512, 3.0192253589630127, 21.892444610595703, 14.965055465698242, 19.71256446838379], [-209.36083984375, 106.2608871459961, 7.65313720703125, 70.5172119140625, 65.80892181396484, -26.710935592651367, 54.44645309448242, -9.531878471374512, 133.10679626464844, 49.064659118652344, 11.543725967407227, 6.626637935638428, 2.1701438426971436], [-42.06880187988281, -3.228177070617676, -19.722076416015625, -19.3016414642334, 9.86614990234375, 23.633739471435547, 32.416297912597656, 3.0192253589630127, 49.064659118652344, 102.50173950195312, 20.65906524658203, 14.05459976196289, 10.58890438079834], [-32.114952087402344, -42.31929016113281, -9.050985336303711, 47.194156646728516, 26.26328468322754, -3.4631755352020264, -6.924032211303711, 21.892444610595703, 11.543725967407227, 20.65906524658203, 98.79309844970703, 25.66297721862793, 10.239401817321777], [25.86422348022461, -48.01444625854492, -10.038813591003418, -33.125755310058594, -13.558910369873047, 24.395883560180664, 1.1844468116760254, 14.965055465698242, 6.626637935638428, 14.05459976196289, 25.66297721862793, 81.02802276611328, 44.520084381103516], [80.02872467041016, -43.154632568359375, -19.92228126525879, -58.5747184753418, -28.55388069152832, 27.77081871032715, 7.501448631286621, 19.71256446838379, 2.1701438426971436, 10.58890438079834, 10.239401817321777, 44.520084381103516, 91.91317749023438]], "lowlevel.mfcc.icov": [[0.0007888666004873812, 0.0005083223222754896, 0.0006157228490337729, 0.00020458317885641009, 0.0005003939149901271, 7.894545706221834e-05, 4.623025233740918e-05, -8.984928717836738e-05, 0.00033135086414404213, 0.00020516688528005034, 0.00019326439360156655, 0.00028739217668771744, -0.00022946168610360473], [0.0005083223222754896, 0.0021086151245981455, 0.0008523088181391358, 0.00046456471318379045, -0.0007293073576875031, 0.0006073121330700815, -0.0008674252894707024, 0.0014537913957610726, -0.0006048594950698316, 0.0007977689965628088, 0.0005104565061628819, 0.0005970151978544891, -4.6501620090566576e-05], [0.0006157228490337729, 0.0008523088181391358, 0.003143933368846774, -0.00010190706962021068, -0.0006462326273322105, 2.1720450604334474e-05, 0.00044310250086709857, 0.00014069155440665781, 1.8454913515597582e-05, 0.0005681665497832, 0.0009220230276696384, 0.0001309442741330713, -2.512331775506027e-05], [0.00020458317885641009, 0.00046456471318379045, -0.00010190706962021068, 0.0033616293221712112, -0.002330152317881584, 0.0015819333493709564, -0.0005808492423966527, 0.000634842028375715, -0.00038008461706340313, 0.001030784216709435, -0.001218007761053741, 0.00046699150698259473, 0.0006693203467875719], [0.0005003939149901271, -0.0007293073576875031, -0.0006462326273322105, -0.002330152317881584, 0.007096502464264631, -0.0015080739976838231, 0.0006473741377703846, 2.8543609005282633e-05, -0.0013083686353638768, -0.0001760987943271175, -0.0009100247989408672, 0.00032066492713056505, 0.0001953911269083619], [7.894545706221834e-05, 0.0006073121330700815, 2.1720450604334474e-05, 0.0015819333493709564, -0.0015080739976838231, 0.005088094621896744, 3.693216422107071e-05, -0.0006801749113947153, 0.0008911487529985607, -0.0010972305899485946, 0.000569221330806613, -0.0005625197081826627, -0.0003192908188793808], [4.623025233740918e-05, -0.0008674252894707024, 0.00044310250086709857, -0.0005808492423966527, 0.0006473741377703846, 3.693216422107071e-05, 0.00687264883890748, 0.0004974285839125514, -0.0014916578074917197, -0.0016211795154958963, 0.0008067693561315536, -9.87004823400639e-05, -0.001019360963255167], [-8.984928717836738e-05, 0.0014537913957610726, 0.00014069155440665781, 0.000634842028375715, 2.8543609005282633e-05, -0.0006801749113947153, 0.0004974285839125514, 0.008969666436314583, -0.0015909499488770962, 0.000999647774733603, -0.0017951908521354198, 0.0006476160488091409, -0.000745359982829541], [0.00033135086414404213, -0.0006048594950698316, 1.8454913515597582e-05, -0.00038008461706340313, -0.0013083686353638768, 0.0008911487529985607, -0.0014916578074917197, -0.0015909499488770962, 0.011951970867812634, -0.005201173014938831, 0.0006107945227995515, -0.0008613080135546625, -0.00035732454853132367], [0.00020516688528005034, 0.0007977689965628088, 0.0005681665497832, 0.001030784216709435, -0.0001760987943271175, -0.0010972305899485946, -0.0016211795154958963, 0.000999647774733603, -0.005201173014938831, 0.013958088122308254, -0.0026361446361988783, -0.00015036297554615885, 5.196927304496057e-05], [0.00019326439360156655, 0.0005104565061628819, 0.0009220230276696384, -0.001218007761053741, -0.0009100247989408672, 0.000569221330806613, 0.0008067693561315536, -0.0017951908521354198, 0.0006107945227995515, -0.0026361446361988783, 0.013296696357429028, -0.004011575598269701, 0.0001105765622924082], [0.00028739217668771744, 0.0005970151978544891, 0.0001309442741330713, 0.00046699150698259473, 0.00032066492713056505, -0.0005625197081826627, -9.87004823400639e-05, 0.0006476160488091409, -0.0008613080135546625, -0.00015036297554615885, -0.004011575598269701, 0.018728727474808693, -0.008092288859188557], [-0.00022946168610360473, -4.6501620090566576e-05, -2.512331775506027e-05, 0.0006693203467875719, 0.0001953911269083619, -0.0003192908188793808, -0.001019360963255167, -0.000745359982829541, -0.00035732454853132367, 5.196927304496057e-05, 0.0001105765622924082, -0.008092288859188557, 0.015788918361067772]], "metadata.audio_properties.analysis.downmix": "mix", "metadata.audio_properties.codec": "mp3", "metadata.audio_properties.md5_encoded": "005b2d986dfa3066530ae358b1274da5", "metadata.tags.file_name": "1183695597782450258.mp3", "metadata.version.essentia": "