{"song_id": "1183716612583465002", "download": "https://cdn.discordapp.com/attachments/1135903449314238464/1183716612583465002/chirp.mp4?ex=65895900&amp", "lyrics": "Yo, I'm the cent, the one who's always on top,\nAin't no coward, I'm fearless, I never stop.\nI'm a creature, wild and free, can't be tamed,\nI'm everywhere, you see me, I can't be named.\nI'm intermediate, in between, I'm the bridge.\nTaking precaution, never falling off the ridge.\nI eat beats for breakfast, lunch, and dinner,\nChase my dreams, I'm a certified winner.\nWith certainty, I shine like the daylight,\nRap game's on \nfire, I'm the one to ignite.", "style": ["forr\u00f3"], "essentia_features": {"lowlevel.average_loudness": 0.9760059118270874, "lowlevel.barkbands_crest.mean": 14.689949035644531, "lowlevel.barkbands_crest.stdev": 6.231154918670654, "lowlevel.barkbands_flatness_db.mean": 0.15935945510864258, "lowlevel.barkbands_flatness_db.stdev": 0.06530776619911194, "lowlevel.barkbands_kurtosis.mean": 14.177764892578125, "lowlevel.barkbands_kurtosis.stdev": 24.678611755371094, "lowlevel.barkbands_skewness.mean": 2.7782180309295654, "lowlevel.barkbands_skewness.stdev": 2.3969435691833496, "lowlevel.barkbands_spread.mean": 35.472511291503906, "lowlevel.barkbands_spread.stdev": 28.032255172729492, "lowlevel.dissonance.mean": 0.45184126496315, "lowlevel.dissonance.stdev": 0.04437407851219177, "lowlevel.dynamic_complexity": 2.3723437786102295, "lowlevel.erbbands_crest.mean": 8.413087844848633, "lowlevel.erbbands_crest.stdev": 4.21956205368042, "lowlevel.erbbands_flatness_db.mean": 0.10430461913347244, "lowlevel.erbbands_flatness_db.stdev": 0.04000578820705414, "lowlevel.erbbands_kurtosis.mean": 1.8175996541976929, "lowlevel.erbbands_kurtosis.stdev": 4.917022705078125, "lowlevel.erbbands_skewness.mean": 0.3252023756504059, "lowlevel.erbbands_skewness.stdev": 1.3293355703353882, "lowlevel.erbbands_spread.mean": 77.13871765136719, "lowlevel.erbbands_spread.stdev": 43.988399505615234, "lowlevel.hfc.mean": 40.44175720214844, "lowlevel.hfc.stdev": 32.32986831665039, "lowlevel.loudness_ebu128.integrated": -12.46531867980957, "lowlevel.loudness_ebu128.loudness_range": 0.7451028823852539, "lowlevel.loudness_ebu128.momentary.mean": -12.6969633102417, "lowlevel.loudness_ebu128.momentary.stdev": 1.5034223794937134, "lowlevel.loudness_ebu128.short_term.mean": -12.46666431427002, "lowlevel.loudness_ebu128.short_term.stdev": 0.26513007283210754, "lowlevel.melbands_crest.mean": 17.115985870361328, "lowlevel.melbands_crest.stdev": 5.501022815704346, "lowlevel.melbands_flatness_db.mean": 0.25239667296409607, "lowlevel.melbands_flatness_db.stdev": 0.08954200893640518, "lowlevel.melbands_kurtosis.mean": 81.62483978271484, "lowlevel.melbands_kurtosis.stdev": 115.0541000366211, "lowlevel.melbands_skewness.mean": 6.025129795074463, "lowlevel.melbands_skewness.stdev": 4.435527324676514, "lowlevel.melbands_spread.mean": 22.997453689575195, "lowlevel.melbands_spread.stdev": 33.803958892822266, "lowlevel.pitch_salience.mean": 0.4536762535572052, "lowlevel.pitch_salience.stdev": 0.164581760764122, "lowlevel.silence_rate_20dB.mean": 1.0, "lowlevel.silence_rate_20dB.stdev": 0.0, "lowlevel.silence_rate_30dB.mean": 0.905254065990448, "lowlevel.silence_rate_30dB.stdev": 0.29286542534828186, "lowlevel.silence_rate_60dB.mean": 0.031869079917669296, "lowlevel.silence_rate_60dB.stdev": 0.17564986646175385, "lowlevel.spectral_centroid.mean": 1380.1654052734375, "lowlevel.spectral_centroid.stdev": 1026.58935546875, "lowlevel.spectral_complexity.mean": 12.638242721557617, "lowlevel.spectral_complexity.stdev": 9.315598487854004, "lowlevel.spectral_decrease.mean": -1.2981860919580868e-08, "lowlevel.spectral_decrease.stdev": 9.82809389427075e-09, "lowlevel.spectral_energy.mean": 0.05266474559903145, "lowlevel.spectral_energy.stdev": 0.0375487394630909, "lowlevel.spectral_energyband_high.mean": 0.0030993176624178886, "lowlevel.spectral_energyband_high.stdev": 0.0037963222712278366, "lowlevel.spectral_energyband_low.mean": 0.03530168905854225, "lowlevel.spectral_energyband_low.stdev": 0.03544824942946434, "lowlevel.spectral_energyband_middle_high.mean": 0.0037423481699079275, "lowlevel.spectral_energyband_middle_high.stdev": 0.007666111923754215, "lowlevel.spectral_energyband_middle_low.mean": 0.012429086491465569, "lowlevel.spectral_energyband_middle_low.stdev": 0.014309096150100231, "lowlevel.spectral_entropy.mean": 7.8879804611206055, "lowlevel.spectral_entropy.stdev": 0.4485737085342407, "lowlevel.spectral_flux.mean": 0.11718326807022095, "lowlevel.spectral_flux.stdev": 0.07223033159971237, "lowlevel.spectral_kurtosis.mean": 1.9153748750686646, "lowlevel.spectral_kurtosis.stdev": 2.0947163105010986, "lowlevel.spectral_rms.mean": 0.006616629660129547, "lowlevel.spectral_rms.stdev": 0.002756891306489706, "lowlevel.spectral_rolloff.mean": 2438.134033203125, "lowlevel.spectral_rolloff.stdev": 3619.373291015625, "lowlevel.spectral_skewness.mean": 1.2838680744171143, "lowlevel.spectral_skewness.stdev": 0.5551344156265259, "lowlevel.spectral_spread.mean": 9295472.0, "lowlevel.spectral_spread.stdev": 2477839.75, "lowlevel.spectral_strongpeak.mean": 0.749760091304779, "lowlevel.spectral_strongpeak.stdev": 0.798590362071991, "lowlevel.zerocrossingrate.mean": 0.10438746213912964, "lowlevel.zerocrossingrate.stdev": 0.07779881358146667, "metadata.audio_properties.analysis.equal_loudness": 0.0, "metadata.audio_properties.analysis.length": 26.922653198242188, "metadata.audio_properties.analysis.sample_rate": 44100.0, "metadata.audio_properties.analysis.start_time": 0.0, "metadata.audio_properties.bit_rate": 124296.0, "metadata.audio_properties.length": 26.922666549682617, "metadata.audio_properties.lossless": 0.0, "metadata.audio_properties.number_channels": 1.0, "metadata.audio_properties.replay_gain": -12.75522232055664, "metadata.audio_properties.sample_rate": 48000.0, "rhythm.beats_count": 40.0, "rhythm.beats_loudness.mean": 0.07217037677764893, "rhythm.beats_loudness.stdev": 0.031158968806266785, "rhythm.bpm": 89.90744018554688, "rhythm.bpm_histogram_first_peak_bpm": 89.0, "rhythm.bpm_histogram_first_peak_weight": 0.4615384340286255, "rhythm.bpm_histogram_second_peak_bpm": 0.0, "rhythm.bpm_histogram_second_peak_spread": 0.0, "rhythm.bpm_histogram_second_peak_weight": 0.0, "rhythm.danceability": 1.5208898782730103, "rhythm.onset_rate": 3.7126212120056152, "tonal.chords_changes_rate": 0.07228915393352509, "tonal.chords_number_rate": 0.010327022522687912, "tonal.chords_strength.mean": 0.4149712920188904, "tonal.chords_strength.stdev": 0.060760077089071274, "tonal.hpcp_crest.mean": 15.48551082611084, "tonal.hpcp_crest.stdev": 7.922248363494873, "tonal.hpcp_entropy.mean": 1.8470656871795654, "tonal.hpcp_entropy.stdev": 0.8325132727622986, "tonal.key_edma.strength": 0.4798535704612732, "tonal.key_krumhansl.strength": 0.47972965240478516, "tonal.key_temperley.strength": 0.4781532287597656, "tonal.tuning_diatonic_strength": 0.48243412375450134, "tonal.tuning_equal_tempered_deviation": 0.1297391653060913, "tonal.tuning_frequency": 436.7083740234375, "tonal.tuning_nontempered_energy_ratio": 0.7674121856689453, "lowlevel.barkbands.mean": [0.0002972933289129287, 0.02961166761815548, 0.003690916346386075, 0.0030624340288341045, 0.002809584140777588, 0.0024254603777080774, 0.0011881550308316946, 0.0012757825898006558, 0.0012329263845458627, 0.0010458409087732434, 0.0005989589844830334, 0.00045563746243715286, 0.0004886860842816532, 0.00027982337633147836, 0.0001917404297273606, 0.00015770802565384656, 0.0002567655174061656, 0.00017675251001492143, 0.00017248904623556882, 0.0002509168698452413, 0.0003281884710304439, 0.0003998764732386917, 0.0004428840766195208, 0.000615849974565208, 0.000532531994394958, 0.0006056811544112861, 7.018691394478083e-05], "lowlevel.barkbands.stdev": [0.0005146801704540849, 0.031569864600896835, 0.01015210710465908, 0.006388413719832897, 0.004909698385745287, 0.004251184873282909, 0.0032403338700532913, 0.003956578206270933, 0.0028674330096691847, 0.0033241738565266132, 0.0026561690028756857, 0.0017799632623791695, 0.002059011021628976, 0.0009557493613101542, 0.0006365553708747029, 0.000496649940032512, 0.0006773074273951352, 0.00044248788617551327, 0.0004243865259923041, 0.0006699926452711225, 0.000827341282274574, 0.0007703352603130043, 0.0007912331493571401, 0.0010234317742288113, 0.0005029800813645124, 0.000495305226650089, 6.222595402505249e-05], "lowlevel.erbbands.mean": [0.6268974542617798, 7.285888195037842, 6.839284896850586, 8.150409698486328, 9.753094673156738, 8.070310592651367, 13.679119110107422, 21.353252410888672, 17.65379524230957, 19.56859016418457, 34.2804069519043, 27.457378387451172, 32.95512390136719, 28.000455856323242, 22.01993179321289, 17.702417373657227, 20.907041549682617, 17.841228485107422, 12.17242431640625, 8.600165367126465, 9.805485725402832, 15.008649826049805, 10.737649917602539, 7.38715934753418, 11.153870582580566, 11.523669242858887, 10.457926750183105, 14.85630989074707, 15.349514961242676, 12.894641876220703, 12.36777400970459, 13.832690238952637, 9.310641288757324, 6.172044277191162, 3.520660161972046, 2.169973611831665, 1.1910852193832397, 0.2879285514354706, 0.006808985490351915, 0.0002333847660338506], "lowlevel.erbbands.stdev": [0.7890943884849548, 7.667381286621094, 11.238539695739746, 17.9011287689209, 18.03730010986328, 15.37014102935791, 20.939401626586914, 44.98621368408203, 44.58464813232422, 63.369937896728516, 100.48078918457031, 67.46485900878906, 102.23554229736328, 112.1275405883789, 80.2107162475586, 67.0561294555664, 82.39364624023438, 65.05998229980469, 37.509246826171875, 25.29817008972168, 27.158056259155273, 38.5953254699707, 26.85207748413086, 18.300386428833008, 28.26584243774414, 30.185392379760742, 25.284021377563477, 37.583595275878906, 31.234548568725586, 22.39985466003418, 22.66672706604004, 26.335567474365234, 13.156719207763672, 6.540225982666016, 3.2877752780914307, 1.9925860166549683, 0.9888640642166138, 0.2253357470035553, 0.005176176782697439, 0.0001381711772410199], "lowlevel.gfcc.mean": [28.54758071899414, 34.269325256347656, -34.27381134033203, 34.95738220214844, -57.88642120361328, 20.696866989135742, -33.56468963623047, 22.49856948852539, -21.963825225830078, 10.409228324890137, -22.047271728515625, 8.553475379943848, -16.14639663696289], "lowlevel.melbands.mean": [0.007406956981867552, 0.005815936718136072, 0.001424390939064324, 0.0006285813869908452, 0.00044957525096833706, 0.0004754970141220838, 0.0002663340128492564, 0.0002171285595977679, 0.00028670200845226645, 0.00016388036601711065, 0.0001631948834983632, 0.00011387684207875282, 7.812146213836968e-05, 5.1504925068002194e-05, 4.4015556341037154e-05, 4.936501136398874e-05, 3.0656945455120876e-05, 2.001090979319997e-05, 1.3686657439393457e-05, 1.0450931767991278e-05, 1.1366027138137724e-05, 1.5883098967606202e-05, 1.3300174941832665e-05, 6.9371171775856055e-06, 5.6462395150447264e-06, 7.020245448075002e-06, 9.816632882575504e-06, 6.9064362833159976e-06, 5.8766490838024765e-06, 7.653226930415258e-06, 8.864445590006653e-06, 8.833000720187556e-06, 7.461113909812411e-06, 7.30542569726822e-06, 6.7183991632191464e-06, 7.927089427539613e-06, 8.63770219439175e-06, 6.642622793151531e-06, 6.303034297161503e-06, 4.7313201321230736e-06], "lowlevel.melbands.stdev": [0.00826902873814106, 0.006431299727410078, 0.0029176531825214624, 0.0011399476788938046, 0.0007192902266979218, 0.0009440219146199524, 0.000645632273517549, 0.0006602989160455763, 0.000789190991781652, 0.00041939172660931945, 0.0005133865051902831, 0.0004586294526234269, 0.0003185010573361069, 0.0002023287524934858, 0.00016837533621583134, 0.0002193362161051482, 0.00011375036410754547, 6.62073289277032e-05, 4.6960627514636144e-05, 3.381191709195264e-05, 3.201153231202625e-05, 4.220889968564734e-05, 3.621239011408761e-05, 1.764287480909843e-05, 1.491786588303512e-05, 1.7107868188759312e-05, 2.883978231693618e-05, 1.7747630408848636e-05, 1.430771044397261e-05, 1.9976068870164454e-05, 2.2778571292292327e-05, 1.8775850548991002e-05, 1.4135394849290606e-05, 1.2801226148440037e-05, 1.2774698916473426e-05, 1.5422276192111894e-05, 1.6643340131849982e-05, 1.0412950359750539e-05, 7.362669748545159e-06, 5.191895070311148e-06], "lowlevel.melbands128.mean": [0.00021547172218561172, 0.0030407123267650604, 0.012400409206748009, 0.012211059220135212, 0.0048707155510783195, 0.0017075568903237581, 0.0017116847448050976, 0.001385316252708435, 0.0009695490589365363, 0.0006160663906484842, 0.00037110582343302667, 0.000409536121878773, 0.0004795129643753171, 0.0004803779593203217, 0.0004985344712622464, 0.000494015053845942, 0.00033711627474986017, 0.0001894112938316539, 0.0002212362887803465, 0.00022699713008478284, 0.00018449297931510955, 0.0002764897362794727, 0.0003407994518056512, 0.00025880560860969126, 0.00015957231516949832, 0.0001262757577933371, 0.0001497009361628443, 0.00019854937272612005, 0.00014253350673243403, 0.00011642432218650356, 0.00010785464110085741, 9.896597475744784e-05, 7.441851630574092e-05, 6.746112194377929e-05, 5.8763474953593686e-05, 4.345829438534565e-05, 4.2885818402282894e-05, 5.018232695874758e-05, 3.806662425631657e-05, 4.328160503064282e-05, 6.28539637546055e-05, 4.251160135027021e-05, 2.7992662580800243e-05, 2.6983319912687875e-05, 2.137082628905773e-05, 1.87712830665987e-05, 1.8607872334541753e-05, 1.3957797818875406e-05, 1.2246178812347353e-05, 9.441221664019395e-06, 9.994993888540193e-06, 1.1861137863888871e-05, 1.0387236216047313e-05, 1.1313730283291079e-05, 1.320431965723401e-05, 1.854989204730373e-05, 1.5800020264578052e-05, 1.4241438293538522e-05, 1.3522046174330171e-05, 8.976722710940521e-06, 6.1125701904529706e-06, 5.887330189580098e-06, 5.5056607379810885e-06, 5.754924586653942e-06, 5.26508983966778e-06, 7.2032225943985395e-06, 7.765477676002774e-06, 8.557649380236398e-06, 1.1662667930067983e-05, 9.898793905449566e-06, 6.101136477809632e-06, 6.14163582213223e-06, 5.3380781537271105e-06, 6.0428778851928655e-06, 5.978349236102076e-06, 7.362509222730296e-06, 8.462491678074002e-06, 8.780131793173496e-06, 9.671981388237327e-06, 7.696074135310482e-06, 9.03588534129085e-06, 9.452671292820014e-06, 8.107541361823678e-06, 7.973703759489581e-06, 5.879659511265345e-06, 6.8573835960705765e-06, 8.368983799300622e-06, 7.048712177493144e-06, 6.007701813359745e-06, 6.896264039824018e-06, 7.772547178319655e-06, 7.405024462059373e-06, 9.67205960478168e-06, 9.142803719441872e-06, 7.579606062790845e-06, 8.149972927640192e-06, 6.114395546319429e-06, 4.646577963285381e-06, 7.320635631913319e-06, 6.8017857302038465e-06, 4.8708616304793395e-06, 4.831333626498235e-06, 3.678023404063424e-06, 3.9215528886415996e-06, 3.7182039704930503e-06, 3.954437943320954e-06, 4.413480382936541e-06, 3.9925716919242404e-06, 3.728300043803756e-06, 3.2292705327563453e-06, 3.690729045047192e-06, 4.075322976859752e-06, 3.864186055579921e-06, 4.135189556109253e-06, 3.275715016570757e-06, 3.2599236874375492e-06, 2.666985892574303e-06, 5.021349238631956e-07, 3.758264810471701e-09, 1.4067858856992022e-11, 1.2593453189990722e-11, 1.1874327042471489e-11, 1.1384133219438652e-11, 1.0858165928884222e-11, 9.752166088561331e-12, 8.233481604835724e-12, 7.438586205332776e-12, 7.28255736964778e-12], "lowlevel.melbands128.stdev": [0.00041912851156666875, 0.004942058119922876, 0.014449425041675568, 0.012981069274246693, 0.006964202504605055, 0.004869020543992519, 0.004047604277729988, 0.002880084328353405, 0.0019601883832365274, 0.0013824404450133443, 0.0008488128078170121, 0.000916847086045891, 0.0007973021129146218, 0.0008677471778355539, 0.001182221807539463, 0.0014525430742651224, 0.0010904492810368538, 0.0006746827275492251, 0.0007528841379098594, 0.0010718295816332102, 0.0006645233370363712, 0.0011199351865798235, 0.001187060261145234, 0.000643310253508389, 0.00061209307750687, 0.000502214243169874, 0.000654123374260962, 0.0008023912669159472, 0.0006193364388309419, 0.0005943237920291722, 0.0006735333008691669, 0.0005345992394722998, 0.00043723953422158957, 0.00031010134262032807, 0.00028554050368256867, 0.00023120391415432096, 0.00027128157671540976, 0.00021903573360759765, 0.00019192913896404207, 0.00023334829893428832, 0.000347242719726637, 0.00026112471823580563, 0.00012945423077326268, 0.00011612431262619793, 8.739910845179111e-05, 8.030883327592164e-05, 8.632655226392671e-05, 5.3240797569742426e-05, 5.863883052370511e-05, 2.991409201058559e-05, 3.699485387187451e-05, 6.260163354454562e-05, 2.9803235520375893e-05, 3.8928428693907335e-05, 4.5899323595222086e-05, 5.3733729146188125e-05, 5.105559466755949e-05, 4.5531032810686156e-05, 4.346695641288534e-05, 2.7961037631030194e-05, 1.6402938854298554e-05, 1.7428852515877225e-05, 1.5426170648424886e-05, 1.687390249571763e-05, 1.4055990504857618e-05, 1.9102073565591127e-05, 2.093231159960851e-05, 2.3391306967823766e-05, 4.0300968976225704e-05, 3.215504693798721e-05, 1.6586020137765445e-05, 1.5722442185506225e-05, 1.2772160516760778e-05, 1.640083792153746e-05, 1.653949948376976e-05, 1.9966419131378643e-05, 2.247443080705125e-05, 2.697242052818183e-05, 2.6315336072002538e-05, 1.963822251127567e-05, 2.0618805137928575e-05, 2.094512637995649e-05, 1.814838105929084e-05, 1.6453815987915732e-05, 1.112641257350333e-05, 1.2920293556817342e-05, 1.535567207611166e-05, 1.384914867230691e-05, 1.3179685083741788e-05, 1.4243954865378328e-05, 1.595755929884035e-05, 1.5303505279007368e-05, 2.2158599676913582e-05, 1.8808088498190045e-05, 1.4221570381778292e-05, 1.5217633517750073e-05, 1.0572564860922284e-05, 6.8922458922315855e-06, 9.499312000116333e-06, 8.17995623947354e-06, 6.400339316314785e-06, 6.069907158234855e-06, 4.623712811735459e-06, 4.999984412279446e-06, 4.277656444173772e-06, 4.501912371779326e-06, 5.1439765229588374e-06, 4.629611794371158e-06, 4.210789938952075e-06, 3.7159766179684084e-06, 4.311628799769096e-06, 4.128864929953124e-06, 3.6463900414673844e-06, 3.7763904856547015e-06, 3.4046936434606323e-06, 2.932777988462476e-06, 2.4023349851631792e-06, 6.285580980147643e-07, 3.349774502225955e-08, 6.554094073019101e-11, 6.11442979581156e-11, 5.724366120007929e-11, 5.372423339533583e-11, 4.826467350782515e-11, 3.419778002444751e-11, 1.5824411225828783e-11, 1.0480772499876778e-11, 1.0305435324542422e-11], "lowlevel.mfcc.mean": [-644.3905029296875, 83.90276336669922, 66.77674102783203, 25.924823760986328, 11.956818580627441, 4.141631126403809, 4.5297770500183105, 9.432384490966797, 8.066690444946289, 5.9783477783203125, 3.388181209564209, 3.581599712371826, -0.036508239805698395], "lowlevel.spectral_contrast_coeffs.mean": [-0.7219937443733215, -0.74910569190979, -0.7876899242401123, -0.8191138505935669, -0.8043217062950134, -0.78166264295578], "lowlevel.spectral_contrast_coeffs.stdev": [0.06265919655561447, 0.07956036925315857, 0.07120924443006516, 0.05929681286215782, 0.04382377490401268, 0.03908753767609596], "lowlevel.spectral_contrast_valleys.mean": [-6.32688570022583, -6.936329364776611, -7.902333736419678, -8.283693313598633, -7.796722888946533, -9.220376014709473], "lowlevel.spectral_contrast_valleys.stdev": [0.7506498098373413, 0.7769911289215088, 0.9540273547172546, 0.9072777032852173, 0.8046611547470093, 0.649724006652832], "rhythm.beats_loudness_band_ratio.mean": [0.5491540431976318, 0.1600176990032196, 0.0562884695827961, 0.05722177028656006, 0.0401700958609581, 0.1918623149394989], "rhythm.beats_loudness_band_ratio.stdev": [0.2959792912006378, 0.15197449922561646, 0.08022501319646835, 0.1018606573343277, 0.039811406284570694, 0.16853974759578705], "tonal.hpcp.mean": [0.04182082414627075, 0.03690743446350098, 0.04218566417694092, 0.06221012398600578, 0.052626680582761765, 0.041900232434272766, 0.054787527769804, 0.050449687987565994, 0.0508524589240551, 0.05106879770755768, 0.05951102450489998, 0.18789134919643402, 0.28590139746665955, 0.17985914647579193, 0.07149142026901245, 0.05975063890218735, 0.0929260402917862, 0.26814553141593933, 0.4334568381309509, 0.27248620986938477, 0.0762905403971672, 0.05102749913930893, 0.04585874080657959, 0.053632039576768875, 0.05520026013255119, 0.04925466701388359, 0.04952927678823471, 0.05312051624059677, 0.05540729686617851, 0.06224440783262253, 0.06754060089588165, 0.06072945520281792, 0.055941641330718994, 0.055436283349990845, 0.04857812449336052, 0.0437922477722168], "tonal.hpcp.stdev": [0.13966377079486847, 0.13806021213531494, 0.13440199196338654, 0.15081459283828735, 0.11924256384372711, 0.13254709541797638, 0.1794067770242691, 0.16139666736125946, 0.16903316974639893, 0.16163155436515808, 0.16714347898960114, 0.29679030179977417, 0.39840763807296753, 0.2813754975795746, 0.17577940225601196, 0.16934651136398315, 0.22454850375652313, 0.3256750702857971, 0.43991342186927795, 0.31539595127105713, 0.18632258474826813, 0.1480322629213333, 0.14129549264907837, 0.15011675655841827, 0.14629191160202026, 0.13892027735710144, 0.14260563254356384, 0.1560489386320114, 0.15635855495929718, 0.17165663838386536, 0.16500425338745117, 0.14640969038009644, 0.16237707436084747, 0.1507047414779663, 0.13796137273311615, 0.140228733420372], "rhythm.beats_position": [0.6733786463737488, 1.3467572927474976, 2.0201361179351807, 2.693514585494995, 3.3436734676361084, 4.017052173614502, 4.690430641174316, 5.363809585571289, 6.0371880531311035, 6.6989569664001465, 7.360725402832031, 8.034104347229004, 8.695873260498047, 9.357641220092773, 10.031020164489746, 10.692789077758789, 11.354557991027832, 12.027935981750488, 12.689704895019531, 13.351473808288574, 14.024852752685547, 14.698230743408203, 15.359999656677246, 16.02176856994629, 16.695146560668945, 17.356916427612305, 18.01868438720703, 18.692062377929688, 19.365442276000977, 20.027210235595703, 20.688980102539062, 21.36235809326172, 22.024126052856445, 22.685895919799805, 23.35927391052246, 24.009431838989258, 24.682811737060547, 25.356189727783203, 26.029569625854492, 26.70294761657715], "rhythm.bpm_histogram": [0.0, 0.0, 0.0, 0.0, 0.0, 0.0, 0.0, 0.0, 0.0, 0.0, 0.0, 0.0, 0.0, 0.0, 0.0, 0.0, 0.0, 0.0, 0.0, 0.0, 0.0, 0.0, 0.0, 0.0, 0.0, 0.0, 0.0, 0.0, 0.0, 0.0, 0.0, 0.0, 0.0, 0.0, 0.0, 0.0, 0.0, 0.0, 0.0, 0.0, 0.0, 0.0, 0.0, 0.0, 0.0, 0.0, 0.0, 0.0, 0.0, 0.0, 0.0, 0.0, 0.0, 0.0, 0.0, 0.0, 0.0, 0.0, 0.0, 0.0, 0.0, 0.0, 0.0, 0.0, 0.0, 0.0, 0.0, 0.0, 0.0, 0.0, 0.0, 0.0, 0.0, 0.0, 0.0, 0.0, 0.0, 0.0, 0.0, 0.0, 0.0, 0.0, 0.0, 0.0, 0.0, 0.0, 0.0, 0.0, 0.0, 0.5384615659713745, 0.0, 0.41025641560554504, 0.05128205195069313, 0.0, 0.0, 0.0, 0.0, 0.0, 0.0, 0.0, 0.0, 0.0, 0.0, 0.0, 0.0, 0.0, 0.0, 0.0, 0.0, 0.0, 0.0, 0.0, 0.0, 0.0, 0.0, 0.0, 0.0, 0.0, 0.0, 0.0, 0.0, 0.0, 0.0, 0.0, 0.0, 0.0, 0.0, 0.0, 0.0, 0.0, 0.0, 0.0, 0.0, 0.0, 0.0, 0.0, 0.0, 0.0, 0.0, 0.0, 0.0, 0.0, 0.0, 0.0, 0.0, 0.0, 0.0, 0.0, 0.0, 0.0, 0.0, 0.0, 0.0, 0.0, 0.0, 0.0, 0.0, 0.0, 0.0, 0.0, 0.0, 0.0, 0.0, 0.0, 0.0, 0.0, 0.0, 0.0, 0.0, 0.0, 0.0, 0.0, 0.0, 0.0, 0.0, 0.0, 0.0, 0.0, 0.0, 0.0, 0.0, 0.0, 0.0, 0.0, 0.0, 0.0, 0.0, 0.0, 0.0, 0.0, 0.0, 0.0, 0.0, 0.0, 0.0, 0.0, 0.0, 0.0, 0.0, 0.0, 0.0, 0.0, 0.0, 0.0, 0.0, 0.0, 0.0, 0.0, 0.0, 0.0, 0.0, 0.0, 0.0, 0.0, 0.0, 0.0, 0.0, 0.0, 0.0, 0.0, 0.0, 0.0, 0.0, 0.0, 0.0, 0.0, 0.0, 0.0, 0.0, 0.0, 0.0, 0.0, 0.0, 0.0, 0.0, 0.0, 0.0, 0.0, 0.0, 0.0, 0.0, 0.0, 0.0, 0.0, 0.0, 0.0, 0.0, 0.0, 0.0, 0.0], "tonal.chords_histogram": [25.817556381225586, 54.38898468017578, 4.302926063537598, 0.0, 0.0, 0.0, 0.0, 0.0, 0.0, 0.0, 0.6884681582450867, 0.0, 0.0, 0.0, 1.2048193216323853, 10.84337329864502, 0.0, 0.0, 0.6884681582450867, 1.5490533113479614, 0.17211703956127167, 0.0, 0.34423407912254333, 0.0], "tonal.thpcp": [1.0, 0.6286351680755615, 0.17600493133068085, 0.11772221326828003, 0.10579770803451538, 0.12373097985982895, 0.1273489147424698, 0.11363223195075989, 0.11426576226949692, 0.12255087494850159, 0.12782655656337738, 0.14360001683235168, 0.15581852197647095, 0.1401049643754959, 0.1290593147277832, 0.12789343297481537, 0.11207142472267151, 0.10103023797273636, 0.09648209810256958, 0.08514673262834549, 0.09732379764318466, 0.14352092146873474, 0.12141158431768417, 0.09666529297828674, 0.12639673054218292, 0.1163891851902008, 0.11731839179992676, 0.11781749129295349, 0.1372940093278885, 0.4334718883037567, 0.6595844626426697, 0.41494131088256836, 0.1649331897497177, 0.13784679770469666, 0.21438360214233398, 0.6186210513114929], "lowlevel.gfcc.cov": [[3349.725830078125, 234.7751007080078, -864.8757934570312, -57.13920974731445, 145.06271362304688, -4.857481002807617, -131.85400390625, -41.1275634765625, 34.36217498779297, 25.989049911499023, 54.277557373046875, 54.40839385986328, -22.214332580566406], [234.7751007080078, 1106.8568115234375, -28.5495662689209, -501.5853576660156, 107.38745880126953, 60.04698944091797, 42.583221435546875, 31.773468017578125, 25.42879867553711, -37.209861755371094, 69.41754913330078, 35.36106872558594, -14.292269706726074], [-864.8757934570312, -28.5495662689209, 1107.718505859375, 420.0373840332031, -119.16422271728516, 11.377272605895996, 156.27078247070312, 76.19617462158203, 11.417047500610352, 30.15639877319336, 0.8680053949356079, 17.356172561645508, 53.6971549987793], [-57.13920974731445, -501.5853576660156, 420.0373840332031, 926.0053100585938, 94.48997497558594, -120.9476547241211, -33.666114807128906, 33.37385940551758, 68.38300323486328, 53.4727783203125, -7.51159143447876, 16.823959350585938, 64.4998550415039], [145.06271362304688, 107.38745880126953, -119.16422271728516, 94.48997497558594, 358.8545227050781, 81.79029846191406, -44.592559814453125, 27.313491821289062, 51.978397369384766, 18.83303451538086, 18.347991943359375, 24.82339096069336, 15.773690223693848], [-4.857481002807617, 60.04698944091797, 11.377272605895996, -120.9476547241211, 81.79029846191406, 324.72100830078125, 174.10719299316406, -25.015993118286133, -26.521032333374023, 19.26352310180664, 33.91851806640625, 1.3909692764282227, 6.045975685119629], [-131.85400390625, 42.583221435546875, 156.27078247070312, -33.666114807128906, -44.592559814453125, 174.10719299316406, 263.7094421386719, 75.53912353515625, -24.740108489990234, -7.936241626739502, 21.69229507446289, 17.52901268005371, 12.754477500915527], [-41.1275634765625, 31.773468017578125, 76.19617462158203, 33.37385940551758, 27.313491821289062, -25.015993118286133, 75.53912353515625, 182.3488311767578, 72.69023132324219, -6.760196685791016, -8.58891487121582, 4.538203239440918, 18.210771560668945], [34.36217498779297, 25.42879867553711, 11.417047500610352, 68.38300323486328, 51.978397369384766, -26.521032333374023, -24.740108489990234, 72.69023132324219, 129.2938232421875, 53.126163482666016, 0.10802631080150604, -11.873880386352539, 12.714315414428711], [25.989049911499023, -37.209861755371094, 30.15639877319336, 53.4727783203125, 18.83303451538086, 19.26352310180664, -7.936241626739502, -6.760196685791016, 53.126163482666016, 107.40697479248047, 37.53809356689453, -15.289495468139648, 1.446763515472412], [54.277557373046875, 69.41754913330078, 0.8680053949356079, -7.51159143447876, 18.347991943359375, 33.91851806640625, 21.69229507446289, -8.58891487121582, 0.10802631080150604, 37.53809356689453, 84.40143585205078, 36.85215759277344, -1.5814061164855957], [54.40839385986328, 35.36106872558594, 17.356172561645508, 16.823959350585938, 24.82339096069336, 1.3909692764282227, 17.52901268005371, 4.538203239440918, -11.873880386352539, -15.289495468139648, 36.85215759277344, 88.677978515625, 34.61857223510742], [-22.214332580566406, -14.292269706726074, 53.6971549987793, 64.4998550415039, 15.773690223693848, 6.045975685119629, 12.754477500915527, 18.210771560668945, 12.714315414428711, 1.446763515472412, -1.5814061164855957, 34.61857223510742, 69.49353790283203]], "lowlevel.gfcc.icov": [[0.00046191373257897794, -0.0003610935527831316, 0.0005699711036868393, -0.0005067171296104789, 0.0004309896903578192, -0.0004960427177138627, 0.00041941707604564726, -0.0004482535587158054, 0.00035535270581021905, -0.0005939549882896245, 0.0005038739182054996, -0.0007580127567052841, 0.0004255269013810903], [-0.0003610935527831316, 0.002270316006615758, -0.0011608584318310022, 0.0021012129727751017, -0.0019674282521009445, 0.0019157340284436941, -0.0016464892541989684, 0.0018157771555706859, -0.0023264363408088684, 0.0027001562993973494, -0.0032046192791312933, 0.0018628091784194112, -0.0012269505532458425], [0.0005699711036868393, -0.0011608584318310022, 0.002319824881851673, -0.001920209964737296, 0.0017622009618207812, -0.0013574803015217185, 0.00048382836394011974, -0.0015177486930042505, 0.0014473666669800878, -0.0019664999563246965, 0.0018659171182662249, -0.0016148807480931282, 0.0005832656170241535], [-0.0005067171296104789, 0.0021012129727751017, -0.001920209964737296, 0.003792978124693036, -0.002986640203744173, 0.0033717809710651636, -0.0024752176832407713, 0.002740150550380349, -0.0026265010237693787, 0.0020937714725732803, -0.002873997902497649, 0.0024363368283957243, -0.002487857360392809], [0.0004309896903578192, -0.0019674282521009445, 0.0017622009618207812, -0.002986640203744173, 0.006864449009299278, -0.005890311673283577, 0.005503556691110134, -0.004622078500688076, 0.0017427433049306273, -0.0023490216117352247, 0.0029621226713061333, -0.0041947453282773495, 0.002186110243201256], [-0.0004960427177138627, 0.0019157340284436941, -0.0013574803015217185, 0.0033717809710651636, -0.005890311673283577, 0.011811170727014542, -0.01046791486442089, 0.007920575328171253, -0.0036220205947756767, 0.0023372953291982412, -0.004478835966438055, 0.0056274086236953735, -0.00398132624104619], [0.00041941707604564726, -0.0016464892541989684, 0.00048382836394011974, -0.0024752176832407713, 0.005503556691110134, -0.01046791486442089, 0.015049389563500881, -0.010583609342575073, 0.0064551508985459805, -0.0029109513852745295, 0.002294896636158228, -0.004659135360270739, 0.0026445959229022264], [-0.0004482535587158054, 0.0018157771555706859, -0.0015177486930042505, 0.002740150550380349, -0.004622078500688076, 0.007920575328171253, -0.010583609342575073, 0.016209419816732407, -0.011372669599950314, 0.007085016928613186, -0.0038835301529616117, 0.0044161430560052395, -0.003440625499933958], [0.00035535270581021905, -0.0023264363408088684, 0.0014473666669800878, -0.0026265010237693787, 0.0017427433049306273, -0.0036220205947756767, 0.0064551508985459805, -0.011372669599950314, 0.0204179547727108, -0.012579039670526981, 0.006375070661306381, -0.002516630571335554, 0.0005945560405962169], [-0.0005939549882896245, 0.0027001562993973494, -0.0019664999563246965, 0.0020937714725732803, -0.0023490216117352247, 0.0023372953291982412, -0.0029109513852745295, 0.007085016928613186, -0.012579039670526981, 0.02362656779587269, -0.016072453930974007, 0.011202909052371979, -0.005187876056879759], [0.0005038739182054996, -0.0032046192791312933, 0.0018659171182662249, -0.002873997902497649, 0.0029621226713061333, -0.004478835966438055, 0.002294896636158228, -0.0038835301529616117, 0.006375070661306381, -0.016072453930974007, 0.02907746471464634, -0.017636360600590706, 0.009657076559960842], [-0.0007580127567052841, 0.0018628091784194112, -0.0016148807480931282, 0.0024363368283957243, -0.0041947453282773495, 0.0056274086236953735, -0.004659135360270739, 0.0044161430560052395, -0.002516630571335554, 0.011202909052371979, -0.017636360600590706, 0.027191629633307457, -0.014432036317884922], [0.0004255269013810903, -0.0012269505532458425, 0.0005832656170241535, -0.002487857360392809, 0.002186110243201256, -0.00398132624104619, 0.0026445959229022264, -0.003440625499933958, 0.0005945560405962169, -0.005187876056879759, 0.009657076559960842, -0.014432036317884922, 0.023806704208254814]], "lowlevel.mfcc.cov": [[3659.520751953125, 14.61219310760498, -1074.295654296875, -112.57292938232422, 74.17228698730469, 14.548759460449219, -145.8356475830078, -48.763755798339844, -102.56382751464844, -70.66973876953125, -8.550520896911621, 24.57607650756836, 34.20813751220703], [14.61219310760498, 1446.4326171875, -203.02487182617188, -574.3058471679688, -33.19572830200195, -83.44062042236328, 58.4849739074707, 69.00589752197266, -27.51056480407715, -49.39534378051758, 51.537174224853516, 29.955223083496094, 7.17921257019043], [-1074.295654296875, -203.02487182617188, 1083.816162109375, 370.8923645019531, -107.40607452392578, 37.31989288330078, 93.49607849121094, 32.577396392822266, 82.75182342529297, 38.68700408935547, -9.731217384338379, 17.323406219482422, 41.79169464111328], [-112.57292938232422, -574.3058471679688, 370.8923645019531, 784.689208984375, 206.30670166015625, -41.924415588378906, -89.11174011230469, -12.577596664428711, 60.62065505981445, 22.253889083862305, -24.177339553833008, 17.771438598632812, 60.97438049316406], [74.17228698730469, -33.19572830200195, -107.40607452392578, 206.30670166015625, 344.6308898925781, 53.578617095947266, -56.763031005859375, -17.229639053344727, 25.777250289916992, 17.242420196533203, 8.11466121673584, 11.676210403442383, 22.44887351989746], [14.548759460449219, -83.44062042236328, 37.31989288330078, -41.924415588378906, 53.578617095947266, 281.51116943359375, 124.92701721191406, -1.2209031581878662, -6.720150947570801, 6.721897602081299, 14.948525428771973, 10.414180755615234, -4.424777984619141], [-145.8356475830078, 58.4849739074707, 93.49607849121094, -89.11174011230469, -56.763031005859375, 124.92701721191406, 227.781494140625, 101.58718872070312, 17.917387008666992, 0.7273010015487671, 25.44614028930664, 9.513026237487793, -3.8641622066497803], [-48.763755798339844, 69.00589752197266, 32.577396392822266, -12.577596664428711, -17.229639053344727, -1.2209031581878662, 101.58718872070312, 171.31300354003906, 66.7362289428711, -7.918254852294922, 7.669177055358887, 8.607016563415527, 6.145829200744629], [-102.56382751464844, -27.51056480407715, 82.75182342529297, 60.62065505981445, 25.777250289916992, -6.720150947570801, 17.917387008666992, 66.7362289428711, 130.35116577148438, 66.54369354248047, 11.254411697387695, -11.470223426818848, 3.018920421600342], [-70.66973876953125, -49.39534378051758, 38.68700408935547, 22.253889083862305, 17.242420196533203, 6.721897602081299, 0.7273010015487671, -7.918254852294922, 66.54369354248047, 139.58474731445312, 57.01560974121094, -9.402658462524414, -16.75827980041504], [-8.550520896911621, 51.537174224853516, -9.731217384338379, -24.177339553833008, 8.11466121673584, 14.948525428771973, 25.44614028930664, 7.669177055358887, 11.254411697387695, 57.01560974121094, 95.0, 30.265642166137695, -6.94359827041626], [24.57607650756836, 29.955223083496094, 17.323406219482422, 17.771438598632812, 11.676210403442383, 10.414180755615234, 9.513026237487793, 8.607016563415527, -11.470223426818848, -9.402658462524414, 30.265642166137695, 86.5163345336914, 38.59264373779297], [34.20813751220703, 7.17921257019043, 41.79169464111328, 60.97438049316406, 22.44887351989746, -4.424777984619141, -3.8641622066497803, 6.145829200744629, 3.018920421600342, -16.75827980041504, -6.94359827041626, 38.59264373779297, 86.45594024658203]], "lowlevel.mfcc.icov": [[0.00044013283331878483, -7.236216333694756e-05, 0.0005776759935542941, -0.00033658757456578314, 0.0003946505603380501, -0.0003719886881299317, 0.00027853166102431715, -0.00011928476305911317, 5.8043544413521886e-05, -1.6193302144529298e-05, 4.6297855078591965e-06, -3.5897985071642324e-05, -0.0002993495436385274], [-7.236216333694756e-05, 0.0013190631289035082, -0.00044374229037202895, 0.001461152802221477, -0.0010647312738001347, 0.0010195327922701836, -0.0002899829705711454, -0.00018099950102623552, -5.2648196287918836e-05, 0.0006941288593225181, -0.0008199790026992559, 9.96961148302944e-07, -0.0004982684040442109], [0.0005776759935542941, -0.00044374229037202895, 0.002375491429120302, -0.0018139950698241591, 0.0018703422974795103, -0.0009406229364685714, -0.000436454894952476, 0.0005450692842714489, -0.0008810767903923988, -0.0002331491996301338, 0.0004563307447824627, -0.0003489552764222026, -0.0004747070197481662], [-0.00033658757456578314, 0.001461152802221477, -0.0018139950698241591, 0.004122523590922356, -0.003013996174558997, 0.0017640783917158842, 0.00023425223480444402, -0.00033457495737820864, -0.00012749258894473314, 0.000551672768779099, -0.00038263900205492973, -6.884882895974442e-05, -0.0010002347407862544], [0.0003946505603380501, -0.0010647312738001347, 0.0018703422974795103, -0.003013996174558997, 0.006014691200107336, -0.003047385485842824, 0.0019290420459583402, -0.00018058223940897733, -0.0010308997007086873, -0.00030763796530663967, -0.0002280223270645365, -2.7405617402109783e-06, -0.0005055574583820999], [-0.0003719886881299317, 0.0010195327922701836, -0.0009406229364685714, 0.0017640783917158842, -0.003047385485842824, 0.0072806901298463345, -0.0054514119401574135, 0.0030114653054624796, -0.0005028395098634064, 0.0005667166551575065, 0.0001277051051147282, -0.0008597339037805796, 0.0005006748833693564], [0.00027853166102431715, -0.0002899829705711454, -0.000436454894952476, 0.00023425223480444402, 0.0019290420459583402, -0.0054514119401574135, 0.011653483845293522, -0.007438989821821451, 0.0025515456218272448, -0.0007998230867087841, -0.0018542638281360269, 0.0011089323088526726, -0.0006586505915038288], [-0.00011928476305911317, -0.00018099950102623552, 0.0005450692842714489, -0.00033457495737820864, -0.00018058223940897733, 0.0030114653054624796, -0.007438989821821451, 0.013998547568917274, -0.008990112692117691, 0.005210616625845432, -0.0010758941061794758, -0.001461968058720231, 0.0007982552051544189], [5.8043544413521886e-05, -5.2648196287918836e-05, -0.0008810767903923988, -0.00012749258894473314, -0.0010308997007086873, -0.0005028395098634064, 0.0025515456218272448, -0.008990112692117691, 0.017768146470189095, -0.009982693009078503, 0.003294015768915415, 0.0018635527230799198, -0.0016304689925163984], [-1.6193302144529298e-05, 0.0006941288593225181, -0.0002331491996301338, 0.000551672768779099, -0.00030763796530663967, 0.0005667166551575065, -0.0007998230867087841, 0.005210616625845432, -0.009982693009078503, 0.017040060833096504, -0.01049733441323042, 0.0030805212445557117, 0.0008085074950940907], [4.6297855078591965e-06, -0.0008199790026992559, 0.0004563307447824627, -0.00038263900205492973, -0.0002280223270645365, 0.0001277051051147282, -0.0018542638281360269, -0.0010758941061794758, 0.003294015768915415, -0.01049733441323042, 0.020521502941846848, -0.008916695602238178, 0.003653537714853883], [-3.5897985071642324e-05, 9.96961148302944e-07, -0.0003489552764222026, -6.884882895974442e-05, -2.7405617402109783e-06, -0.0008597339037805796, 0.0011089323088526726, -0.001461968058720231, 0.0018635527230799198, 0.0030805212445557117, -0.008916695602238178, 0.019242161884903908, -0.008431944996118546], [-0.0002993495436385274, -0.0004982684040442109, -0.0004747070197481662, -0.0010002347407862544, -0.0005055574583820999, 0.0005006748833693564, -0.0006586505915038288, 0.0007982552051544189, -0.0016304689925163984, 0.0008085074950940907, 0.003653537714853883, -0.008431944996118546, 0.01700299046933651]], "metadata.audio_properties.analysis.downmix": "mix", "metadata.audio_properties.codec": "mp3", "metadata.audio_properties.md5_encoded": "c9ddceedf1d663647dc375a05ca68045", "metadata.tags.file_name": "1183716612583465002.mp3", "metadata.version.essentia": "2.1-beta6-dev", "metadata.version.essentia_git_sha": "v2.1_beta5-1110-g77a6a954", "metadata.version.extractor": "music 2.0", "tonal.chords_key": "C", "tonal.chords_scale": "minor", "tonal.key_edma.key": "Ab", "tonal.key_edma.scale": "major", "tonal.key_krumhansl.key": "Ab", "tonal.key_krumhansl.scale": "major", "tonal.key_temperley.key": "Ab", "tonal.key_temperley.scale": "major", "metadata.tags.encoding": ["Lavf58.45.100"]}, "essentia_models": [{"model_name": "genre_dortmund", "activations": {"alternative": "0.00017250348", "blues": "3.4911634e-05", "electronic": "0.0003540075", "folkcountry": "3.763799e-05", "funksoulrnb": "0.00054936367", "jazz": "4.9354996e-05", "pop": "0.00036181358", "raphiphop": "0.99948174", "rock": "0.0005094813"}}, 