{"song_id": "1183707727072071690", "download": "https://cdn.discordapp.com/attachments/1128313332273782784/1183707727072071690/chirp.mp4?ex=658950ba&amp", "lyrics": "[Verse]\nNassim, se regarde dans le miroir chaque jour\nLa r\u00e9alit\u00e9 lui saute aux yeux, il perd ses cheveux, \u00e7a fait mal en amour\nIl enfile son bonnet, il n'a plus la flamme, son cr\u00e2ne est froid\nIl sait qu'il doit s'accepter, malgr\u00e9 ses doutes, trouver en lui sa joie\n\n[Chorus]\nNassim devient chauve, son cr\u00e2ne \u00e0 nu, il doit braver\nLe regard des autres, s'aimer tel qu'il est, il doit s'affirmer\nChauve et fier, il \u00e9crit sa propre histoire\nNassim, ne laisse pas ton cr\u00e2ne te voler la victoire", "style": ["lyric"], "essentia_features": {"lowlevel.average_loudness": 0.6030600070953369, "lowlevel.barkbands_crest.mean": 14.946751594543457, "lowlevel.barkbands_crest.stdev": 5.185631275177002, "lowlevel.barkbands_flatness_db.mean": 0.3479306697845459, "lowlevel.barkbands_flatness_db.stdev": 0.1274249106645584, "lowlevel.barkbands_kurtosis.mean": 14.736650466918945, "lowlevel.barkbands_kurtosis.stdev": 26.013181686401367, "lowlevel.barkbands_skewness.mean": 2.2688920497894287, "lowlevel.barkbands_skewness.stdev": 2.194873809814453, "lowlevel.barkbands_spread.mean": 10.675567626953125, "lowlevel.barkbands_spread.stdev": 18.792055130004883, "lowlevel.dissonance.mean": 0.35191866755485535, "lowlevel.dissonance.stdev": 0.08350810408592224, "lowlevel.dynamic_complexity": 5.598268985748291, "lowlevel.erbbands_crest.mean": 15.699603080749512, "lowlevel.erbbands_crest.stdev": 6.047755241394043, "lowlevel.erbbands_flatness_db.mean": 0.3496433198451996, "lowlevel.erbbands_flatness_db.stdev": 0.13006596267223358, "lowlevel.erbbands_kurtosis.mean": 5.344565391540527, "lowlevel.erbbands_kurtosis.stdev": 9.364177703857422, "lowlevel.erbbands_skewness.mean": 1.3328592777252197, "lowlevel.erbbands_skewness.stdev": 1.3963236808776855, "lowlevel.erbbands_spread.mean": 23.47732925415039, "lowlevel.erbbands_spread.stdev": 34.437469482421875, "lowlevel.hfc.mean": 12.724810600280762, "lowlevel.hfc.stdev": 21.039649963378906, "lowlevel.loudness_ebu128.integrated": -15.009969711303711, "lowlevel.loudness_ebu128.loudness_range": 12.091307640075684, "lowlevel.loudness_ebu128.momentary.mean": -18.55111312866211, "lowlevel.loudness_ebu128.momentary.stdev": 5.935831069946289, "lowlevel.loudness_ebu128.short_term.mean": -17.911571502685547, "lowlevel.loudness_ebu128.short_term.stdev": 5.260357856750488, "lowlevel.melbands_crest.mean": 18.219682693481445, "lowlevel.melbands_crest.stdev": 6.2905426025390625, "lowlevel.melbands_flatness_db.mean": 0.42153286933898926, "lowlevel.melbands_flatness_db.stdev": 0.14933210611343384, "lowlevel.melbands_kurtosis.mean": 26.293298721313477, "lowlevel.melbands_kurtosis.stdev": 48.65229034423828, "lowlevel.melbands_skewness.mean": 2.7360281944274902, "lowlevel.melbands_skewness.stdev": 2.9204769134521484, "lowlevel.melbands_spread.mean": 8.247289657592773, "lowlevel.melbands_spread.stdev": 11.174867630004883, "lowlevel.pitch_salience.mean": 0.49274927377700806, "lowlevel.pitch_salience.stdev": 0.1504479944705963, "lowlevel.silence_rate_20dB.mean": 1.0, "lowlevel.silence_rate_20dB.stdev": 0.0, "lowlevel.silence_rate_30dB.mean": 0.9994206428527832, "lowlevel.silence_rate_30dB.stdev": 0.0240633562207222, "lowlevel.silence_rate_60dB.mean": 0.37195828557014465, "lowlevel.silence_rate_60dB.stdev": 0.48333537578582764, "lowlevel.spectral_centroid.mean": 593.5404663085938, "lowlevel.spectral_centroid.stdev": 437.5179748535156, "lowlevel.spectral_complexity.mean": 6.567207336425781, "lowlevel.spectral_complexity.stdev": 5.952192783355713, "lowlevel.spectral_decrease.mean": -3.714740959281926e-09, "lowlevel.spectral_decrease.stdev": 4.814026954846895e-09, "lowlevel.spectral_energy.mean": 0.015174461528658867, "lowlevel.spectral_energy.stdev": 0.0194372721016407, "lowlevel.spectral_energyband_high.mean": 0.0005983170703984797, "lowlevel.spectral_energyband_high.stdev": 0.0015564591158181429, "lowlevel.spectral_energyband_low.mean": 0.00022391339007299393, "lowlevel.spectral_energyband_low.stdev": 0.0016270207706838846, "lowlevel.spectral_energyband_middle_high.mean": 0.0016222315607592463, "lowlevel.spectral_energyband_middle_high.stdev": 0.004233978688716888, "lowlevel.spectral_energyband_middle_low.mean": 0.012941940687596798, "lowlevel.spectral_energyband_middle_low.stdev": 0.016415860503911972, "lowlevel.spectral_entropy.mean": 6.080227851867676, "lowlevel.spectral_entropy.stdev": 1.0809990167617798, "lowlevel.spectral_flux.mean": 0.04572460427880287, "lowlevel.spectral_flux.stdev": 0.04864748939871788, "lowlevel.spectral_kurtosis.mean": 103.00897216796875, "lowlevel.spectral_kurtosis.stdev": 123.90982055664062, "lowlevel.spectral_rms.mean": 0.0031725438311696053, "lowlevel.spectral_rms.stdev": 0.0021769951563328505, "lowlevel.spectral_rolloff.mean": 1264.1627197265625, "lowlevel.spectral_rolloff.stdev": 2393.076171875, "lowlevel.spectral_skewness.mean": 6.0450592041015625, "lowlevel.spectral_skewness.stdev": 5.081843376159668, "lowlevel.spectral_spread.mean": 3696783.25, "lowlevel.spectral_spread.stdev": 4515960.5, "lowlevel.spectral_strongpeak.mean": 1.051240086555481, "lowlevel.spectral_strongpeak.stdev": 0.9382543563842773, "lowlevel.zerocrossingrate.mean": 0.04429299384355545, "lowlevel.zerocrossingrate.stdev": 0.04788517951965332, "metadata.audio_properties.analysis.equal_loudness": 0.0, "metadata.audio_properties.analysis.length": 40.04265213012695, "metadata.audio_properties.analysis.sample_rate": 44100.0, "metadata.audio_properties.analysis.start_time": 0.0, "metadata.audio_properties.bit_rate": 118074.0, "metadata.audio_properties.length": 40.042667388916016, "metadata.audio_properties.lossless": 0.0, "metadata.audio_properties.number_channels": 1.0, "metadata.audio_properties.replay_gain": -14.209745407104492, "metadata.audio_properties.sample_rate": 48000.0, "rhythm.beats_count": 97.0, "rhythm.beats_loudness.mean": 0.02041073702275753, "rhythm.beats_loudness.stdev": 0.02034345082938671, "rhythm.bpm": 165.720703125, "rhythm.bpm_histogram_first_peak_bpm": 167.0, "rhythm.bpm_histogram_first_peak_weight": 0.0, "rhythm.bpm_histogram_second_peak_bpm": 161.0, "rhythm.bpm_histogram_second_peak_spread": 0.42105263471603394, "rhythm.bpm_histogram_second_peak_weight": 0.1145833358168602, "rhythm.danceability": 1.023862361907959, "rhythm.onset_rate": 3.844769239425659, "tonal.chords_changes_rate": 0.046296294778585434, "tonal.chords_number_rate": 0.005787036847323179, "tonal.chords_strength.mean": 0.5570788979530334, "tonal.chords_strength.stdev": 0.07504089921712875, "tonal.hpcp_crest.mean": 19.185909271240234, "tonal.hpcp_crest.stdev": 8.819462776184082, "tonal.hpcp_entropy.mean": 1.3364561796188354, "tonal.hpcp_entropy.stdev": 0.7170677781105042, "tonal.key_edma.strength": 0.7851568460464478, "tonal.key_krumhansl.strength": 0.8007319569587708, "tonal.key_temperley.strength": 0.7910400629043579, "tonal.tuning_diatonic_strength": 0.6320721507072449, "tonal.tuning_equal_tempered_deviation": 0.018116755411028862, "tonal.tuning_frequency": 438.98455810546875, "tonal.tuning_nontempered_energy_ratio": 0.6490230560302734, "lowlevel.barkbands.mean": [3.977752385253552e-06, 3.906364327121992e-06, 3.6410288885235786e-05, 0.0010090827709063888, 0.003731856355443597, 0.003503733780235052, 0.001816289033740759, 0.0017664683982729912, 0.0010277763940393925, 0.00036629120586439967, 0.00042782025411725044, 0.0003771558403968811, 0.00014978719991631806, 0.00010500346979824826, 6.60309087834321e-05, 4.510841245064512e-05, 3.7915011489531025e-05, 2.942138962680474e-05, 4.958313729730435e-05, 3.828722037724219e-05, 4.441020792000927e-05, 5.61896558792796e-05, 6.29925707471557e-05, 9.337509982287884e-05, 0.0001793898845789954, 0.0001368989032926038, 9.311013855040073e-06], "lowlevel.barkbands.stdev": [1.4072805242903996e-05, 2.115116876666434e-05, 0.000518308486789465, 0.0032454105094075203, 0.0059456657618284225, 0.006757540628314018, 0.004935945849865675, 0.006218609865754843, 0.004699628334492445, 0.0014303672360256314, 0.0022933848667889833, 0.0016189365414902568, 0.0007009117980487645, 0.0005595229449681938, 0.00027944790781475604, 0.00021884840680286288, 0.00016471055278088897, 0.00016457057790830731, 0.00014974102668929845, 0.00016183395928237587, 0.0001355479034828022, 0.0001820017205318436, 0.00018488783098291606, 0.0002729546104092151, 0.0005437794025056064, 0.00043468765215948224, 3.5525892599252984e-05], "lowlevel.erbbands.mean": [0.0001650122576393187, 0.0017384043894708157, 0.0467524491250515, 1.4327179193496704, 8.524494171142578, 11.574843406677246, 14.781376838684082, 41.228023529052734, 32.947998046875, 26.283185958862305, 33.22683334350586, 21.065622329711914, 17.722366333007812, 12.707472801208496, 19.821596145629883, 14.370118141174316, 7.322635173797607, 4.878065586090088, 5.19752836227417, 2.592632293701172, 2.7380945682525635, 2.1932337284088135, 1.6185479164123535, 1.7786487340927124, 2.892693281173706, 1.7292648553848267, 1.473606824874878, 2.1733522415161133, 2.115677833557129, 1.6359789371490479, 1.7539691925048828, 1.722940444946289, 1.7356051206588745, 1.8961857557296753, 1.327242374420166, 0.6685331463813782, 0.23403124511241913, 0.03992607444524765, 0.0011069135507568717, 4.7957531933207065e-05], "lowlevel.erbbands.stdev": [0.0006877337582409382, 0.008471283130347729, 0.35539063811302185, 5.294989109039307, 21.187400817871094, 18.43558692932129, 28.39071273803711, 80.03372955322266, 91.19025421142578, 74.8575668334961, 125.76286315917969, 100.36334228515625, 74.73953247070312, 48.5021858215332, 106.91706848144531, 60.5051155090332, 30.843496322631836, 21.88759422302246, 24.706880569458008, 10.203717231750488, 13.013139724731445, 9.294678688049316, 8.949586868286133, 6.690340042114258, 9.101982116699219, 7.55015754699707, 5.145801067352295, 6.619115352630615, 6.774842739105225, 5.079285621643066, 5.234430313110352, 5.184002876281738, 5.034228801727295, 5.777054309844971, 4.164717197418213, 2.192068576812744, 0.7360254526138306, 0.1304626166820526, 0.0037608640268445015, 0.00010335928527638316], "lowlevel.gfcc.mean": [-209.92442321777344, 159.275634765625, -107.16765594482422, -51.44530487060547, -80.69071197509766, -32.88157653808594, -46.63294219970703, -16.72624969482422, -32.98076629638672, -17.939044952392578, -10.39924430847168, -11.377470016479492, -10.335741996765137], "lowlevel.melbands.mean": [1.2604335779542453e-06, 2.0245424821041524e-05, 0.000489651458337903, 0.0007368485094048083, 0.0005494499346241355, 0.0008481318363919854, 0.00045962698641233146, 0.0003224551328457892, 0.00024356759968213737, 0.0001387021184200421, 8.777556649874896e-05, 4.965365587850101e-05, 5.8066685596713796e-05, 5.0998234655708075e-05, 2.5623287001508288e-05, 1.3395104360824917e-05, 8.356868420378305e-06, 9.282765859097708e-06, 5.0142602958658244e-06, 2.599998197183595e-06, 3.3006735975504853e-06, 2.4195751393563114e-06, 1.5920142004688387e-06, 1.3098479030304588e-06, 1.3597231145467958e-06, 2.169534354834468e-06, 1.793897808965994e-06, 9.875684554572217e-07, 8.711101600056281e-07, 9.66696802606748e-07, 1.4234612990549067e-06, 1.347063630419143e-06, 8.238657187575882e-07, 9.721181868371787e-07, 1.0083547294925665e-06, 1.0415178621769883e-06, 1.0675998964870814e-06, 1.1673752169372165e-06, 1.3403556522462168e-06, 1.7101010598707944e-06], "lowlevel.melbands.stdev": [6.127561846369645e-06, 0.00017385890532750636, 0.0013468210818246007, 0.0013611618196591735, 0.0009998125024139881, 0.0016370199155062437, 0.0012016806285828352, 0.0009989617392420769, 0.0009664088720455766, 0.0006626592366956174, 0.000372387352399528, 0.00019352082745172083, 0.0003175277088303119, 0.00020489157759584486, 0.00012608217366505414, 6.212888547452167e-05, 3.979650864494033e-05, 5.053278437117115e-05, 2.1110476154717617e-05, 1.2561838957481086e-05, 1.6309810234815814e-05, 1.071191672963323e-05, 8.401564628002234e-06, 7.356322839768836e-06, 5.270251222100342e-06, 6.6888596848002635e-06, 6.6114848777942825e-06, 4.716563125839457e-06, 3.217834319002577e-06, 3.140832404824323e-06, 4.401413207233418e-06, 4.57407668363885e-06, 2.6909392545348965e-06, 3.049549377465155e-06, 3.1451920676772716e-06, 3.1582164865540108e-06, 3.3333362807752565e-06, 3.5063735595031176e-06, 3.973323146055918e-06, 5.426229108707048e-06], "lowlevel.melbands128.mean": [1.5089898397491197e-06, 1.1177976375620347e-06, 1.147953184954531e-06, 1.5353117532868055e-06, 4.40575422544498e-06, 2.3403214072459377e-05, 0.00014225509949028492, 0.0006909466465003788, 0.0009544948115944862, 0.0007215648656710982, 0.0006147709209471941, 0.0006623959052376449, 0.00046185258543118834, 0.0003783643478527665, 0.0012003012234345078, 0.0008555173990316689, 0.0006551758851855993, 0.00038461305666714907, 0.0002418138028588146, 0.0002136750699719414, 0.0004553855396807194, 0.00038816093001514673, 0.0001980171218747273, 0.00013173333718441427, 8.821622759569436e-05, 0.00018407449533697218, 0.0001499691716162488, 5.215681449044496e-05, 6.857981497887522e-05, 4.357872239779681e-05, 5.615625559585169e-05, 3.4595159377204254e-05, 4.588409137795679e-05, 9.425430471310392e-05, 5.636123751173727e-05, 3.792138159042224e-05, 3.759208266274072e-05, 2.7774749469244853e-05, 1.8535911294748075e-05, 1.1375588655937463e-05, 1.3587875400844496e-05, 1.3842497537552845e-05, 6.103678060753737e-06, 4.120660832995782e-06, 1.6176038116100244e-05, 8.024657290661708e-06, 5.167233211977873e-06, 7.5178040788159706e-06, 3.459859954091371e-06, 1.802325186872622e-06, 2.792783561744727e-06, 2.844867822204833e-06, 3.5860332445736276e-06, 3.632882226156653e-06, 2.4722216949157882e-06, 2.740204990914208e-06, 1.831749500524893e-06, 1.4361421563080512e-06, 1.7489642232249025e-06, 1.396909851791861e-06, 1.2139083764850511e-06, 1.2879382893515867e-06, 1.278365289181238e-06, 1.3519186268240446e-06, 1.5349365867223241e-06, 2.245413270429708e-06, 2.547123358453973e-06, 2.1906364509050036e-06, 1.5593050193274394e-06, 1.421679371560458e-06, 7.796224394951423e-07, 9.822708761930699e-07, 8.76361184509733e-07, 8.018243420337967e-07, 9.050999665305426e-07, 9.500297437625704e-07, 9.50009905409388e-07, 1.1590944950512494e-06, 1.4779851653656806e-06, 1.713529627522803e-06, 1.5791873693160596e-06, 1.1456971833467833e-06, 9.135388268077804e-07, 7.612657100253273e-07, 7.637373187208141e-07, 8.376201208193379e-07, 1.0571077382337535e-06, 1.2477638620111975e-06, 9.59834324021358e-07, 8.425416808677255e-07, 1.101257225855079e-06, 1.0955670859402744e-06, 9.516101613371575e-07, 1.0221571073998348e-06, 1.159078692580806e-06, 1.2284440344956238e-06, 1.109269646804023e-06, 1.1625068054854637e-06, 1.2929426702612545e-06, 1.463333887841145e-06, 1.564595777381328e-06, 1.7469461681685061e-06, 1.958490202014218e-06, 1.5896453078312334e-06, 1.5942259778967127e-06, 1.330757754658407e-06, 1.2331620382610708e-06, 1.1804585255958955e-06, 1.2004989002889488e-06, 1.1686898915286292e-06, 9.782562528926064e-07, 6.709681201755302e-07, 8.14328871001635e-07, 6.652152819697221e-07, 4.7526756929983094e-07, 4.306562004785519e-07, 2.7136590574627917e-07, 1.1601812133221756e-07, 2.2015743894598927e-08, 1.990484999048192e-10, 1.3931179820847461e-10, 3.5216204952170926e-11, 9.188237844182101e-12, 8.821601435449189e-12, 6.9192138997531405e-12, 3.709977203919523e-12, 1.9880429767693553e-12, 1.7066077283994785e-12], "lowlevel.melbands128.stdev": [6.2920325945015065e-06, 6.2309954955708236e-06, 7.075260327837896e-06, 9.229203897120897e-06, 5.20176108693704e-05, 0.00034346579923294485, 0.0010091369040310383, 0.0020378076005727053, 0.0026995795778930187, 0.0018438049592077732, 0.001110267941839993, 0.0015801516128703952, 0.0012080036103725433, 0.000885437591932714, 0.0023754690773785114, 0.0023588603362441063, 0.00232950528152287, 0.001241376274265349, 0.000512333121150732, 0.0009337340015918016, 0.0017941578989848495, 0.001620251452550292, 0.0012096012942492962, 0.0011616167612373829, 0.0007137381471693516, 0.0010547100100666285, 0.0009394039516337216, 0.000315028359182179, 0.0003655449254438281, 0.00021591605036519468, 0.0003158699837513268, 0.00019156633061356843, 0.0003601103671826422, 0.0006328058079816401, 0.0003199995553586632, 0.00024107718490995467, 0.00025599091895855963, 0.00016626459546387196, 0.0001321057789027691, 6.699320510961115e-05, 7.979405927471817e-05, 8.168126078089699e-05, 5.377702836995013e-05, 1.7859461877378635e-05, 0.00012390947085805237, 5.578366472036578e-05, 2.717609822866507e-05, 3.8129739550640807e-05, 1.555057315272279e-05, 8.949937182478607e-06, 1.5378578609670512e-05, 1.5887049812590703e-05, 1.8784443454933353e-05, 2.240871799585875e-05, 1.294107369176345e-05, 1.675490966590587e-05, 8.105769666144624e-06, 7.808231202943716e-06, 1.1019075827789493e-05, 9.31817339733243e-06, 7.054478373902384e-06, 7.678424481127877e-06, 5.500556198967388e-06, 5.699007942894241e-06, 5.337720722309314e-06, 7.94348306953907e-06, 9.193365258397534e-06, 8.783609700913075e-06, 6.822348495916231e-06, 8.176946721505374e-06, 3.839878900180338e-06, 4.818176421395037e-06, 3.6789772366319085e-06, 3.0332134883792605e-06, 3.4603551739564864e-06, 3.4091999623342417e-06, 3.355002263560891e-06, 3.800642843998503e-06, 4.47713182438747e-06, 6.253545961953932e-06, 6.325054982880829e-06, 4.221128619974479e-06, 2.947776238215738e-06, 2.6142888600588776e-06, 3.0619153221778106e-06, 2.859716460079653e-06, 3.482075953797903e-06, 4.4577768676390406e-06, 3.3496580726932734e-06, 3.0273699849203695e-06, 3.4707632039499003e-06, 3.7358279314503307e-06, 3.008139856319758e-06, 3.474317054497078e-06, 3.918910806532949e-06, 4.04058209824143e-06, 3.523890882206615e-06, 3.5873945307685062e-06, 4.026483111374546e-06, 5.106844582769554e-06, 5.010345375922043e-06, 6.039275376679143e-06, 6.950866918487009e-06, 5.3706935432273895e-06, 5.459280600916827e-06, 4.6156469579727855e-06, 4.148417247051839e-06, 4.268290012987563e-06, 4.3300678953528404e-06, 4.182445081823971e-06, 3.70523548554047e-06, 2.2640892893832643e-06, 2.7656033125822432e-06, 2.2226956843951484e-06, 1.6989531559374882e-06, 1.550434717501048e-06, 1.0082163726110593e-06, 5.63366256756126e-07, 1.4261523517689056e-07, 4.0613770124764415e-09, 3.939014447951195e-09, 7.81448850073474e-10, 1.4358840505490633e-10, 1.354596296243571e-10, 9.872154482781781e-11, 3.786432972718856e-11, 6.354413956827232e-12, 3.823049082168906e-12], "lowlevel.mfcc.mean": [-846.2105102539062, 190.1826171875, 17.07856559753418, -23.45077133178711, -30.331621170043945, -27.293563842773438, -18.855533599853516, -18.741329193115234, -21.939077377319336, -19.832550048828125, -14.329706192016602, -12.869514465332031, -10.359625816345215], "lowlevel.spectral_contrast_coeffs.mean": [-0.5119422078132629, -0.64522385597229, -0.751738429069519, -0.8231554627418518, -0.8116511702537537, -0.8281371593475342], "lowlevel.spectral_contrast_coeffs.stdev": [0.10067935287952423, 0.07897254079580307, 0.0685814768075943, 0.04387275502085686, 0.037656400352716446, 0.0859990119934082], "lowlevel.spectral_contrast_valleys.mean": [-9.474244117736816, -7.606423854827881, -8.407713890075684, -9.643518447875977, -10.577540397644043, -13.15576457977295], "lowlevel.spectral_contrast_valleys.stdev": [1.129212737083435, 0.9863163232803345, 0.99226975440979, 1.3074897527694702, 2.2807650566101074, 2.6363613605499268], "rhythm.beats_loudness_band_ratio.mean": [0.13014453649520874, 0.4129183292388916, 0.3594083786010742, 0.07202804833650589, 0.02425270527601242, 0.050858840346336365], "rhythm.beats_loudness_band_ratio.stdev": [0.19276495277881622, 0.2922985255718231, 0.31145361065864563, 0.08407705277204514, 0.049802061170339584, 0.07106032222509384], "tonal.hpcp.mean": [0.012872972525656223, 0.023448219522833824, 0.19595851004123688, 0.36469417810440063, 0.20042619109153748, 0.015247084200382233, 0.0031876624561846256, 0.00596969947218895, 0.06278401613235474, 0.10250551253557205, 0.06557691097259521, 0.14266301691532135, 0.2574344873428345, 0.14581601321697235, 0.023067526519298553, 0.020569195970892906, 0.013729763217270374, 0.01646891050040722, 0.018640510737895966, 0.013475567102432251, 0.009085084311664104, 0.00886352825909853, 0.016860445961356163, 0.21560555696487427, 0.3639845550060272, 0.2013215720653534, 0.13371555507183075, 0.1753903031349182, 0.10256467014551163, 0.03303932771086693, 0.017053285613656044, 0.012275416404008865, 0.05629090592265129, 0.09534723311662674, 0.05619080737233162, 0.01672305352985859], "tonal.hpcp.stdev": [0.05941374972462654, 0.09190419316291809, 0.2632901072502136, 0.4125628173351288, 0.2685641944408417, 0.05661623179912567, 0.01186975184828043, 0.02825097180902958, 0.16298560798168182, 0.2331089973449707, 0.1651095449924469, 0.2466661036014557, 0.40266987681388855, 0.24865049123764038, 0.0963720753788948, 0.0958201214671135, 0.06914205104112625, 0.07762095332145691, 0.08658947795629501, 0.06387538462877274, 0.0500221773982048, 0.059840068221092224, 0.06997613608837128, 0.2677428722381592, 0.39491090178489685, 0.23667094111442566, 0.2625359296798706, 0.3242746591567993, 0.22869104146957397, 0.1300533562898636, 0.09308933466672897, 0.0572349913418293, 0.15736611187458038, 0.24763168394565582, 0.16025058925151825, 0.08344677835702896], "rhythm.beats_position": [0.638548731803894, 1.300317406654358, 1.9620860815048218, 2.623854875564575, 3.2740135192871094, 3.9357821941375732, 4.597550868988037, 5.25931978225708, 5.921088218688965, 6.524806976318359, 7.128525733947754, 7.592925071716309, 8.045714378356934, 8.498503684997559, 8.939682006835938, 9.392471313476562, 9.845260620117188, 10.298049926757812, 10.76244831085205, 11.226847648620605, 11.70285701751709, 12.051156044006348, 12.399456024169922, 12.74775505065918, 13.096054077148438, 13.455963134765625, 13.827483177185059, 14.199002265930176, 14.570521354675293, 14.93043041229248, 15.301949501037598, 15.673469543457031, 16.056598663330078, 16.439727783203125, 16.822856903076172, 17.20598602294922, 17.589115142822266, 17.972244262695312, 18.36698341369629, 18.750112533569336, 19.144851684570312, 19.52798080444336, 19.899499893188477, 20.271020889282227, 20.630929946899414, 20.9908390045166, 21.35074806213379, 21.710657119750977, 22.070566177368164, 22.43047523498535, 22.79038429260254, 23.15029525756836, 23.510204315185547, 23.870113372802734, 24.24163246154785, 24.58993148803711, 24.949840545654297, 25.309749603271484, 25.669658660888672, 26.029569625854492, 26.38947868347168, 26.749387741088867, 27.109296798706055, 27.469205856323242, 27.8175048828125, 28.177413940429688, 28.537322998046875, 28.908842086791992, 29.257143020629883, 29.61705207824707, 29.976961135864258, 30.348480224609375, 30.696779251098633, 31.06829833984375, 31.428207397460938, 31.788116455078125, 32.14802551269531, 32.5079345703125, 32.86784362792969, 33.227752685546875, 33.58766555786133, 33.947574615478516, 34.3074836730957, 34.66739273071289, 35.02730178833008, 35.387210845947266, 35.74711990356445, 36.10702896118164, 36.46693801879883, 36.826847076416016, 37.1867561340332, 37.54666519165039, 37.90657424926758, 38.266483306884766, 38.62639236450195, 38.98630142211914, 39.346214294433594], "rhythm.bpm_histogram": [0.0, 0.0, 0.0, 0.0, 0.0, 0.0, 0.0, 0.0, 0.0, 0.0, 0.0, 0.0, 0.0, 0.0, 0.0, 0.0, 0.0, 0.0, 0.0, 0.0, 0.0, 0.0, 0.0, 0.0, 0.0, 0.0, 0.0, 0.0, 0.0, 0.0, 0.0, 0.0, 0.0, 0.0, 0.0, 0.0, 0.0, 0.0, 0.0, 0.0, 0.0, 0.0, 0.0, 0.0, 0.0, 0.0, 0.0, 0.0, 0.0, 0.0, 0.0, 0.0, 0.0, 0.0, 0.0, 0.0, 0.0, 0.0, 0.0, 0.0, 0.0, 0.0, 0.0, 0.0, 0.0, 0.0, 0.0, 0.0, 0.0, 0.0, 0.0, 0.0, 0.0, 0.0, 0.0, 0.0, 0.0, 0.0, 0.0, 0.0, 0.0, 0.0, 0.0, 0.0, 0.0, 0.0, 0.0, 0.0, 0.0, 0.0, 0.0, 0.0729166641831398, 0.010416666977107525, 0.0, 0.0, 0.0, 0.0, 0.0, 0.0, 0.02083333395421505, 0.0, 0.0, 0.0, 0.0, 0.0, 0.0, 0.0, 0.0, 0.0, 0.0, 0.0, 0.0, 0.0, 0.0, 0.0, 0.0, 0.0, 0.0, 0.0, 0.0, 0.0, 0.0, 0.0, 0.0, 0.0, 0.0, 0.010416666977107525, 0.0, 0.0, 0.03125, 0.0, 0.0, 0.0, 0.0520833320915699, 0.0, 0.0, 0.010416666977107525, 0.0, 0.0, 0.0, 0.0, 0.0, 0.0, 0.0, 0.0, 0.0, 0.0, 0.0, 0.0, 0.0, 0.0, 0.0, 0.02083333395421505, 0.0, 0.0, 0.0, 0.0, 0.0833333358168602, 0.0, 0.0, 0.0, 0.1145833358168602, 0.0, 0.0, 0.0, 0.0, 0.0, 0.4895833432674408, 0.0, 0.0, 0.0, 0.0, 0.0833333358168602, 0.0, 0.0, 0.0, 0.0, 0.0, 0.0, 0.0, 0.0, 0.0, 0.0, 0.0, 0.0, 0.0, 0.0, 0.0, 0.0, 0.0, 0.0, 0.0, 0.0, 0.0, 0.0, 0.0, 0.0, 0.0, 0.0, 0.0, 0.0, 0.0, 0.0, 0.0, 0.0, 0.0, 0.0, 0.0, 0.0, 0.0, 0.0, 0.0, 0.0, 0.0, 0.0, 0.0, 0.0, 0.0, 0.0, 0.0, 0.0, 0.0, 0.0, 0.0, 0.0, 0.0, 0.0, 0.0, 0.0, 0.0, 0.0, 0.0, 0.0, 0.0, 0.0, 0.0, 0.0, 0.0, 0.0, 0.0, 0.0, 0.0, 0.0, 0.0, 0.0, 0.0, 0.0, 0.0, 0.0, 0.0], "tonal.chords_histogram": [46.064815521240234, 10.532407760620117, 8.912036895751953, 0.0, 0.0, 0.0, 0.0, 6.94444465637207, 0.0, 0.5787037014961243, 0.0, 0.0, 0.0, 0.0, 0.0, 0.0, 0.0, 0.0, 0.0, 0.0, 0.0, 0.0, 0.3472222089767456, 26.620370864868164], "tonal.thpcp": [1.0, 0.5495733022689819, 0.0418078638613224, 0.00874064490199089, 0.016369055956602097, 0.1721552461385727, 0.2810725271701813, 0.1798134297132492, 0.39118534326553345, 0.7058914303779602, 0.3998309373855591, 0.06325169652700424, 0.056401219218969345, 0.03764733299612999, 0.04515814036130905, 0.051112718880176544, 0.03695032000541687, 0.024911515414714813, 0.02430400252342224, 0.04623173922300339, 0.5911955237388611, 0.9980542063713074, 0.552028477191925, 0.36665117740631104, 0.4809243381023407, 0.2812347412109375, 0.09059461206197739, 0.04676051065325737, 0.03365948051214218, 0.15435098111629486, 0.2614443600177765, 0.15407651662826538, 0.04585500434041023, 0.03529799357056618, 0.06429556757211685, 0.5373228192329407], "lowlevel.gfcc.cov": [[24988.65625, -12635.33984375, 1331.6434326171875, 5991.69091796875, -3016.645751953125, 2077.25537109375, -1802.1951904296875, 489.60113525390625, -1613.2647705078125, 1363.801025390625, -1381.8380126953125, 1193.955322265625, -149.73887634277344], [-12635.33984375, 8968.3759765625, -851.213623046875, -3619.3173828125, 1905.359130859375, -1116.7313232421875, 1188.576416015625, -621.5980224609375, 1027.779296875, -1098.4453125, 722.251708984375, -905.5602416992188, -39.64411544799805], [1331.6434326171875, -851.213623046875, 2244.43994140625, -372.4657897949219, -281.6461181640625, 556.4254150390625, -436.8779602050781, 90.43238067626953, -232.1402587890625, 115.30003356933594, -235.37393188476562, 298.1629943847656, -99.3232192993164], [5991.69091796875, -3619.3173828125, -372.4657897949219, 2490.662841796875, -754.6157836914062, 269.95391845703125, -439.5370788574219, 63.24776840209961, -395.05426025390625, 356.41094970703125, -302.8301696777344, 206.27072143554688, 107.87394714355469], [-3016.645751953125, 1905.359130859375, -281.6461181640625, -754.6157836914062, 735.7233276367188, -214.9301300048828, 203.5589599609375, -89.43912506103516, 225.2559051513672, -222.8494415283203, 152.34405517578125, -249.7310028076172, -77.98519134521484], [2077.25537109375, -1116.7313232421875, 556.4254150390625, 269.95391845703125, -214.9301300048828, 537.7576904296875, -212.18511962890625, 87.7567367553711, -120.89572143554688, 134.84620666503906, -203.5631561279297, 99.5354232788086, -148.150634765625], [-1802.1951904296875, 1188.576416015625, -436.8779602050781, -439.5370788574219, 203.5589599609375, -212.18511962890625, 421.1695251464844, -7.8452863693237305, 131.4644317626953, -159.51895141601562, 91.7071762084961, -147.9540252685547, -28.37750816345215], [489.60113525390625, -621.5980224609375, 90.43238067626953, 63.24776840209961, -89.43912506103516, 87.7567367553711, -7.8452863693237305, 213.86497497558594, -70.60795593261719, 91.16355895996094, -59.528812408447266, 50.858604431152344, -56.88591003417969], [-1613.2647705078125, 1027.779296875, -232.1402587890625, -395.05426025390625, 225.2559051513672, -120.89572143554688, 131.4644317626953, -70.60795593261719, 253.6407012939453, -92.24854278564453, 85.92427825927734, -148.3364715576172, -30.197790145874023], [1363.801025390625, -1098.4453125, 115.30003356933594, 356.41094970703125, -222.8494415283203, 134.84620666503906, -159.51895141601562, 91.16355895996094, -92.24854278564453, 222.75428771972656, -66.44794464111328, 109.79862213134766, -27.34357261657715], [-1381.8380126953125, 722.251708984375, -235.37393188476562, -302.8301696777344, 152.34405517578125, -203.5631561279297, 91.7071762084961, -59.528812408447266, 85.92427825927734, -66.44794464111328, 184.86669921875, -38.28750991821289, 64.26007843017578], [1193.955322265625, -905.5602416992188, 298.1629943847656, 206.27072143554688, -249.7310028076172, 99.5354232788086, -147.9540252685547, 50.858604431152344, -148.3364715576172, 109.79862213134766, -38.28750991821289, 226.63742065429688, 68.78528594970703], [-149.73887634277344, -39.64411544799805, -99.3232192993164, 107.87394714355469, -77.98519134521484, -148.150634765625, -28.37750816345215, -56.88591003417969, -30.197790145874023, -27.34357261657715, 64.26007843017578, 68.78528594970703, 181.69960021972656]], "lowlevel.gfcc.icov": [[0.0002882174449041486, 5.702125054085627e-05, 0.0001637442474020645, -0.0002593117824289948, 0.00044251035433262587, -0.0002198519214289263, 0.0003645431424956769, 0.0003218146157450974, 0.00047445151722058654, 0.00022782864107284695, 0.0005327533581294119, -0.00046081218170002103, 0.0007609453168697655], [5.702125054085627e-05, 0.0025402293540537357, -0.00046777413808740675, 0.0015570883406326175, -0.0010935628088191152, 0.0010479732882231474, -0.0016943375812843442, 0.0031875940039753914, -0.0014301127521321177, 0.0034248558804392815, -0.0012567094527184963, 0.002678229007869959, 0.00024784152628853917], [0.0001637442474020645, -0.00046777413808740675, 0.0013779139844700694, 0.00024476737598888576, 0.0007816274301148951, -0.0006851896177977324, 0.0017376994946971536, -0.00026831039576791227, 0.0011623188620433211, 2.6303172489861026e-05, 0.0017124541336670518, -0.0016187216388061643, 0.0008092603529803455], [-0.0002593117824289948, 0.0015570883406326175, 0.00024476737598888576, 0.00263542914763093, -0.0004947318811900914, 0.0008426861604675651, -0.00046437239507213235, 0.002203591400757432, -3.0925100872991607e-05, 0.0011063440470024943, 0.0004052697622682899, 0.0030792546458542347, -0.0013603606494143605], [0.00044251035433262587, -0.0010935628088191152, 0.0007816274301148951, -0.0004947318811900914, 0.004887677729129791, -0.00017431903688702732, 0.002764554228633642, -0.0010422399500384927, 0.0016082904767245054, 0.0008734113653190434, 0.00025518599431961775, -9.201508510159329e-05, 0.003251484828069806], [-0.0002198519214289263, 0.0010479732882231474, -0.0006851896177977324, 0.0008426861604675651, -0.00017431903688702732, 0.006038029678165913, 0.00042770756408572197, 0.0013880215119570494, -0.0011403111275285482, 0.0019686941523104906, 0.001600110437721014, -6.681174272671342e-05, 0.0040884786285459995], [0.0003645431424956769, -0.0016943375812843442, 0.0017376994946971536, -0.00046437239507213235, 0.002764554228633642, 0.00042770756408572197, 0.007913952693343163, -0.003106697928160429, 0.001917479676194489, 0.0015706029953435063, 0.0020695640705525875, -0.0020690534729510546, 0.0035613360814750195], [0.0003218146157450974, 0.0031875940039753914, -0.00026831039576791227, 0.002203591400757432, -0.0010422399500384927, 0.0013880215119570494, -0.003106697928160429, 0.01155910175293684, 0.0004720259748864919, 0.0012096480932086706, 0.000608008645940572, 0.0020466099958866835, 0.002594543620944023], [0.00047445151722058654, -0.0014301127521321177, 0.0011623188620433211, -3.0925100872991607e-05, 0.0016082904767245054, -0.0011403111275285482, 0.001917479676194489, 0.0004720259748864919, 0.010810554958879948, -0.0031738446559756994, 0.0011100543197244406, 0.0021899216808378696, 0.0010378863662481308], [0.00022782864107284695, 0.0034248558804392815, 2.6303172489861026e-05, 0.0011063440470024943, 0.0008734113653190434, 0.0019686941523104906, 0.0015706029953435063, 0.0012096480932086706, -0.0031738446559756994, 0.017310727387666702, -0.003477388061583042, -0.000722889497410506, 0.006477673072367907], [0.0005327533581294119, -0.0012567094527184963, 0.0017124541336670518, 0.0004052697622682899, 0.00025518599431961775, 0.001600110437721014, 0.0020695640705525875, 0.000608008645940572, 0.0011100543197244406, -0.003477388061583042, 0.015806186944246292, -0.004092101939022541, -0.0015916272532194853], [-0.00046081218170002103, 0.002678229007869959, -0.0016187216388061643, 0.0030792546458542347, -9.201508510159329e-05, -6.681174272671342e-05, -0.0020690534729510546, 0.0020466099958866835, 0.0021899216808378696, -0.000722889497410506, -0.004092101939022541, 0.01836525648832321, -0.00753482710570097], [0.0007609453168697655, 0.00024784152628853917, 0.0008092603529803455, -0.0013603606494143605, 0.003251484828069806, 0.0040884786285459995, 0.0035613360814750195, 0.002594543620944023, 0.0010378863662481308, 0.006477673072367907, -0.0015916272532194853, -0.00753482710570097, 0.01809500716626644]], "lowlevel.mfcc.cov": [[19803.060546875, -9145.060546875, 644.2845458984375, 2537.0078125, 367.760986328125, 701.7286376953125, 75.39616394042969, -232.02792358398438, -55.473106384277344, -99.83700561523438, -223.16876220703125, -423.4849853515625, -79.89820098876953], [-9145.060546875, 6316.83349609375, -326.5992126464844, -1466.2734375, -353.5964050292969, -104.28547668457031, -98.61241149902344, 179.55909729003906, 36.37757110595703, -86.85884857177734, 82.233642578125, 192.0456085205078, -32.59550094604492], [644.2845458984375, -326.5992126464844, 1814.9395751953125, -405.706298828125, 110.6442642211914, 229.54190063476562, -60.68793869018555, 11.701908111572266, 45.05120849609375, -128.9651336669922, -65.11233520507812, -40.15361022949219, 2.7847704887390137], [2537.0078125, -1466.2734375, -405.706298828125, 1003.259521484375, 84.87226104736328, -40.93369674682617, 26.2625789642334, -102.99382019042969, -72.76490783691406, 3.823908805847168, -92.64830017089844, -131.46197509765625, -55.11272048950195], [367.760986328125, -353.5964050292969, 110.6442642211914, 84.87226104736328, 368.76458740234375, 85.10874938964844, -30.21869659423828, -50.52198028564453, -38.276031494140625, 46.59090042114258, -10.649744033813477, -21.222232818603516, -24.581634521484375], [701.7286376953125, -104.28547668457031, 229.54190063476562, -40.93369674682617, 85.10874938964844, 305.1271057128906, -42.42030334472656, -0.6187083721160889, 32.957115173339844, 2.2650070190429688, 8.044168472290039, 5.780141353607178, -15.278258323669434], [75.39616394042969, -98.61241149902344, -60.68793869018555, 26.2625789642334, -30.21869659423828, -42.42030334472656, 163.43820190429688, 61.13079071044922, 15.975106239318848, 10.440256118774414, 17.33753204345703, 3.1026406288146973, 15.379091262817383], [-232.02792358398438, 179.55909729003906, 11.701908111572266, -102.99382019042969, -50.52198028564453, -0.6187083721160889, 61.13079071044922, 138.57720947265625, 66.65888977050781, 8.723799705505371, 32.0397834777832, 18.16280746459961, 7.246893882751465], [-55.473106384277344, 36.37757110595703, 45.05120849609375, -72.76490783691406, -38.276031494140625, 32.957115173339844, 15.975106239318848, 66.65888977050781, 113.47003936767578, 40.170806884765625, 34.23801803588867, 17.702682495117188, 1.7937017679214478], [-99.83700561523438, -86.85884857177734, -128.9651336669922, 3.823908805847168, 46.59090042114258, 2.2650070190429688, 10.440256118774414, 8.723799705505371, 40.170806884765625, 142.87013244628906, 74.61033630371094, 25.12607765197754, -0.29750892519950867], [-223.16876220703125, 82.233642578125, -65.11233520507812, -92.64830017089844, -10.649744033813477, 8.044168472290039, 17.33753204345703, 32.0397834777832, 34.23801803588867, 74.61033630371094, 122.39689636230469, 60.920013427734375, 14.549522399902344], [-423.4849853515625, 192.0456085205078, -40.15361022949219, -131.46197509765625, -21.222232818603516, 5.780141353607178, 3.1026406288146973, 18.16280746459961, 17.702682495117188, 25.12607765197754, 60.920013427734375, 103.44021606445312, 44.69306564331055], [-79.89820098876953, -32.59550094604492, 2.7847704887390137, -55.11272048950195, -24.581634521484375, -15.278258323669434, 15.379091262817383, 7.246893882751465, 1.7937017679214478, -0.29750892519950867, 14.549522399902344, 44.69306564331055, 84.0039291381836]], "lowlevel.mfcc.icov": [[0.0002237855369457975, 0.00029409100534394383, 1.3367005522013642e-05, -0.0001563719124533236, 0.0001689343771431595, -0.0004937586490996182, 3.2510382879991084e-05, -0.00013169823796488345, 7.882196950959042e-05, 0.0003412093792576343, -0.0001786972425179556, 0.0002273478457937017, 9.848767513176426e-05], [0.00029409100534394383, 0.000704280857462436, 0.00019708792387973517, 0.0003294864727649838, 0.00035894388565793633, -0.0006127333035692573, 0.00022881850600242615, -0.0003980913897976279, 0.00031917280284687877, 0.000613354321103543, -1.7696700524538755e-05, 6.055887934053317e-05, 0.00071487738750875], [1.3367005522013642e-05, 0.00019708792387973517, 0.0009126666118390858, 0.0006928860093466938, -0.00027345644775778055, -0.0004347413487266749, 9.280574886361137e-05, 0.00015223686932586133, -0.0005234224372543395, 0.0010206155711784959, 3.360913979122415e-05, 0.0007014868897385895, -3.994165308540687e-05], [-0.0001563719124533236, 0.0003294864727649838, 0.0006928860093466938, 0.0025651061441749334, -0.0001221498823724687, 0.0002542534493841231, -0.00033556335256434977, 0.000738701259251684, 0.00024119832960423082, -9.825736924540251e-05, 0.0009325768332928419, 0.0011841395171359181, 0.0008502271957695484], [0.0001689343771431595, 0.00035894388565793633, -0.00027345644775778055, -0.0001221498823724687, 0.003918214701116085, -0.0013443200150504708, 0.00021189526887610555, -0.00013357332500163466, 0.0022842208854854107, -0.0023033374454826117, 0.0010031942510977387, -0.00018117742729373276, 0.0009693880565464497], [-0.0004937586490996182, -0.0006127333035692573, -0.0004347413487266749, 0.0002542534493841231, -0.0013443200150504708, 0.005303831771016121, 0.0007886391249485314, 0.0004184180579613894, -0.0018195336451753974, -4.957033524988219e-05, -0.00011664476915029809, -0.0012642177753150463, 0.0005961062852293253], [3.2510382879991084e-05, 0.00022881850600242615, 9.280574886361137e-05, -0.00033556335256434977, 0.00021189526887610555, 0.0007886391249485314, 0.008354750461876392, -0.004547754768282175, 0.001247300999239087, -0.00026991439517587423, -0.0007007602835074067, 0.0006970035028643906, -0.0013123549288138747], [-0.00013169823796488345, -0.0003980913897976279, 0.00015223686932586133, 0.000738701259251684, -0.00013357332500163466, 0.0004184180579613894, -0.004547754768282175, 0.013856858015060425, -0.007523799780756235, 0.0023751810658723116, -0.0020960429683327675, 0.0008050531032495201, -2.2164700567373075e-05], [7.882196950959042e-05, 0.00031917280284687877, -0.0005234224372543395, 0.00024119832960423082, 0.0022842208854854107, -0.0018195336451753974, 0.001247300999239087, -0.007523799780756235, 0.016432752832770348, -0.005599259864538908, 0.001049420447088778, -0.0008225195342674851, 0.001017755945213139], [0.0003412093792576343, 0.000613354321103543, 0.0010206155711784959, -9.825736924540251e-05, -0.0023033374454826117, -4.957033524988219e-05, -0.00026991439517587423, 0.0023751810658723116, -0.005599259864538908, 0.014892409555613995, -0.008619191125035286, 0.0019607117865234613, 0.0002476945228409022], [-0.0001786972425179556, -1.7696700524538755e-05, 3.360913979122415e-05, 0.0009325768332928419, 0.0010031942510977387, -0.00011664476915029809, -0.0007007602835074067, -0.0020960429683327675, 0.001049420447088778, -0.008619191125035286, 0.01842649281024933, -0.008925851434469223, 0.002519811736419797], [0.0002273478457937017, 6.055887934053317e-05, 0.0007014868897385895, 0.0011841395171359181, -0.00018117742729373276, -0.0012642177753150463, 0.0006970035028643906, 0.0008050531032495201, -0.0008225195342674851, 0.0019607117865234613, -0.008925851434469223, 0.0209772586822509