{"song_id": "1183716545726271558", "download": "https://cdn.discordapp.com/attachments/1135911532732108921/1183716545726271558/chirp.mp4?ex=658958f0&amp", "lyrics": "(Verse) \n\u0e09\u0e31\u0e19\u0e40\u0e1b\u0e47\u0e19\u0e41\u0e1a\u0e1a\u0e19\u0e35\u0e49 \u0e08\u0e30\u0e43\u0e2b\u0e49\u0e09\u0e31\u0e19\u0e40\u0e1b\u0e47\u0e19\u0e41\u0e1a\u0e1a\u0e44\u0e2b\u0e19\n\u0e40\u0e1b\u0e25\u0e35\u0e48\u0e22\u0e19\u0e15\u0e31\u0e27\u0e40\u0e2d\u0e07\u0e40\u0e1e\u0e37\u0e48\u0e2d\u0e40\u0e18\u0e2d\u0e2d\u0e35\u0e01\u0e40\u0e17\u0e48\u0e32\u0e44\u0e2b\u0e23\u0e48 \u0e08\u0e30\u0e22\u0e31\u0e07\u0e44\u0e07\u0e01\u0e47\u0e40\u0e1b\u0e47\u0e19\u0e09\u0e31\u0e19\u0e17\u0e35\u0e48\u0e44\u0e21\u0e48\u0e14\u0e35\n\n(Pre chorus) \n\u0e40\u0e18\u0e2d\u0e08\u0e30\u0e17\u0e34\u0e49\u0e07\u0e01\u0e47\u0e22\u0e2d\u0e21\u0e43\u0e2b\u0e49\u0e40\u0e18\u0e2d\u0e17\u0e34\u0e49\u0e07 \u0e17\u0e35\u0e48\u0e08\u0e23\u0e34\u0e07\u0e22\u0e31\u0e07\u0e44\u0e21\u0e48\u0e2d\u0e22\u0e32\u0e01\u0e43\u0e2b\u0e49\u0e40\u0e18\u0e2d\u0e44\u0e1b \u0e15\u0e48\u0e2d\u0e43\u0e2b\u0e49\u0e44\u0e21\u0e48\u0e40\u0e04\u0e22\u0e17\u0e33\u0e40\u0e25\u0e27\u0e01\u0e31\u0e1a\u0e43\u0e04\u0e23\n\u0e2a\u0e34\u0e48\u0e07\u0e17\u0e35\u0e48\u0e40\u0e18\u0e2d\u0e44\u0e14\u0e49\u0e1e\u0e39\u0e14\u0e44\u0e1b\u0e09\u0e31\u0e19\u0e44\u0e21\u0e48\u0e14\u0e35\n\n(Chorus) \n\u0e21\u0e31\u0e19\u0e1c\u0e34\u0e14\u0e40\u0e2d\u0e07\u0e17\u0e35\u0e48\u0e09\u0e31\u0e19\u0e23\u0e31\u0e01\u0e40\u0e18\u0e2d\u0e21\u0e32\u0e01\u0e44\u0e1b \u0e44\u0e21\u0e48\u0e40\u0e04\u0e22\u0e41\u0e01\u0e49\u0e15\u0e31\u0e27\u0e2d\u0e30\u0e44\u0e23\u0e40\u0e25\u0e22\u0e2a\u0e31\u0e01\u0e17\u0e35 \u0e16\u0e36\u0e07\u0e15\u0e49\u0e2d\u0e07\u0e40\u0e08\u0e47\u0e1a\u0e41\u0e1a\u0e1a\u0e19\u0e35\u0e49 \u0e16\u0e39\u0e01\u0e43\u0e04\u0e23\u0e21\u0e2d\u0e07\u0e44\u0e21\u0e48\u0e21\u0e35\u0e44\u0e21\u0e48\u0e27\u0e48\u0e32\u0e40\u0e23\u0e37\u0e48\u0e2d\u0e07\u0e2d\u0e30\u0e44\u0e23 \u0e40\u0e23\u0e37\u0e48\u0e2d\u0e07\u0e23\u0e32\u0e27\u0e17\u0e35\u0e48\u0e08\u0e1a\u0e41\u0e25\u0e49\u0e27 \u0e01\u0e47\u0e43\u0e2b\u0e49\u0e21\u0e31\u0e19\u0e41\u0e25\u0e49\u0e27\u0e44\u0e1b \u0e40\u0e18\u0e2d\u0e08\u0e30\u0e21\u0e35\u0e43\u0e04\u0e23\u0e01\u0e47\u0e0a\u0e48\u0e32\u0e07\u0e40\u0e18\u0e2d \u0e2d\u0e22\u0e48\u0e32\u0e1e\u0e39\u0e14\u0e2d\u0e30\u0e44\u0e23 \u0e17\u0e35\u0e48\u0e44\u0e21\u0e48\u0e43\u0e0a\u0e48\u0e04\u0e27\u0e32\u0e21\u0e08\u0e23\u0e34\u0e07\u0e2d\u0e35\u0e01\u0e40\u0e25\u0e22", "style": ["pop</span><span>-rock"], "essentia_features": {"lowlevel.average_loudness": 0.9727558493614197, "lowlevel.barkbands_crest.mean": 12.788824081420898, "lowlevel.barkbands_crest.stdev": 3.977400302886963, "lowlevel.barkbands_flatness_db.mean": 0.1830538809299469, "lowlevel.barkbands_flatness_db.stdev": 0.04960288107395172, "lowlevel.barkbands_kurtosis.mean": 7.656919956207275, "lowlevel.barkbands_kurtosis.stdev": 9.641737937927246, "lowlevel.barkbands_skewness.mean": 2.4668049812316895, "lowlevel.barkbands_skewness.stdev": 1.3822450637817383, "lowlevel.barkbands_spread.mean": 19.739164352416992, "lowlevel.barkbands_spread.stdev": 11.02141284942627, "lowlevel.dissonance.mean": 0.4741038978099823, "lowlevel.dissonance.stdev": 0.029303640127182007, "lowlevel.dynamic_complexity": 3.928144931793213, "lowlevel.erbbands_crest.mean": 10.150237083435059, "lowlevel.erbbands_crest.stdev": 4.531312465667725, "lowlevel.erbbands_flatness_db.mean": 0.1577170342206955, "lowlevel.erbbands_flatness_db.stdev": 0.042601149529218674, "lowlevel.erbbands_kurtosis.mean": -0.14009816944599152, "lowlevel.erbbands_kurtosis.stdev": 1.3900922536849976, "lowlevel.erbbands_skewness.mean": -0.44067493081092834, "lowlevel.erbbands_skewness.stdev": 0.6798608303070068, "lowlevel.erbbands_spread.mean": 50.831626892089844, "lowlevel.erbbands_spread.stdev": 17.331363677978516, "lowlevel.hfc.mean": 19.462854385375977, "lowlevel.hfc.stdev": 12.321941375732422, "lowlevel.loudness_ebu128.integrated": -13.863151550292969, "lowlevel.loudness_ebu128.loudness_range": 1.5860681533813477, "lowlevel.loudness_ebu128.momentary.mean": -18.5965576171875, "lowlevel.loudness_ebu128.momentary.stdev": 30.385372161865234, "lowlevel.loudness_ebu128.short_term.mean": -14.094847679138184, "lowlevel.loudness_ebu128.short_term.stdev": 1.2541786432266235, "lowlevel.melbands_crest.mean": 18.03748321533203, "lowlevel.melbands_crest.stdev": 5.000202178955078, "lowlevel.melbands_flatness_db.mean": 0.24787665903568268, "lowlevel.melbands_flatness_db.stdev": 0.06523016095161438, "lowlevel.melbands_kurtosis.mean": 30.138917922973633, "lowlevel.melbands_kurtosis.stdev": 28.517375946044922, "lowlevel.melbands_skewness.mean": 4.609825611114502, "lowlevel.melbands_skewness.stdev": 2.056318998336792, "lowlevel.melbands_spread.mean": 16.7077693939209, "lowlevel.melbands_spread.stdev": 19.749126434326172, "lowlevel.pitch_salience.mean": 0.431137353181839, "lowlevel.pitch_salience.stdev": 0.12480133026838303, "lowlevel.silence_rate_20dB.mean": 1.0, "lowlevel.silence_rate_20dB.stdev": 0.0, "lowlevel.silence_rate_30dB.mean": 0.9009270071983337, "lowlevel.silence_rate_30dB.stdev": 0.298761248588562, "lowlevel.silence_rate_60dB.mean": 0.05851680040359497, "lowlevel.silence_rate_60dB.stdev": 0.2347208708524704, "lowlevel.spectral_centroid.mean": 1508.4005126953125, "lowlevel.spectral_centroid.stdev": 1486.5001220703125, "lowlevel.spectral_complexity.mean": 16.826766967773438, "lowlevel.spectral_complexity.stdev": 7.290012359619141, "lowlevel.spectral_decrease.mean": -1.276282546314178e-08, "lowlevel.spectral_decrease.stdev": 1.0901933578111311e-08, "lowlevel.spectral_energy.mean": 0.04993521049618721, "lowlevel.spectral_energy.stdev": 0.04179159924387932, "lowlevel.spectral_energyband_high.mean": 0.0006903271423652768, "lowlevel.spectral_energyband_high.stdev": 0.001045656856149435, "lowlevel.spectral_energyband_low.mean": 0.03761390224099159, "lowlevel.spectral_energyband_low.stdev": 0.03807522729039192, "lowlevel.spectral_energyband_middle_high.mean": 0.004295182880014181, "lowlevel.spectral_energyband_middle_high.stdev": 0.0029595494270324707, "lowlevel.spectral_energyband_middle_low.mean": 0.012078685685992241, "lowlevel.spectral_energyband_middle_low.stdev": 0.015785451978445053, "lowlevel.spectral_entropy.mean": 7.573860168457031, "lowlevel.spectral_entropy.stdev": 0.5255533456802368, "lowlevel.spectral_flux.mean": 0.0899403840303421, "lowlevel.spectral_flux.stdev": 0.08180155605077744, "lowlevel.spectral_kurtosis.mean": 4.115347862243652, "lowlevel.spectral_kurtosis.stdev": 9.247908592224121, "lowlevel.spectral_rms.mean": 0.006449904292821884, "lowlevel.spectral_rms.stdev": 0.002667582593858242, "lowlevel.spectral_rolloff.mean": 1145.1749267578125, "lowlevel.spectral_rolloff.stdev": 2845.700439453125, "lowlevel.spectral_skewness.mean": 1.254522442817688, "lowlevel.spectral_skewness.stdev": 0.7817798256874084, "lowlevel.spectral_spread.mean": 5014846.0, "lowlevel.spectral_spread.stdev": 5450035.0, "lowlevel.spectral_strongpeak.mean": 0.5805345177650452, "lowlevel.spectral_strongpeak.stdev": 0.42233043909072876, "lowlevel.zerocrossingrate.mean": 0.0503602996468544, "lowlevel.zerocrossingrate.stdev": 0.07386557757854462, "metadata.audio_properties.analysis.equal_loudness": 0.0, "metadata.audio_properties.analysis.length": 40.04265213012695, "metadata.audio_properties.analysis.sample_rate": 44100.0, "metadata.audio_properties.analysis.start_time": 0.0, "metadata.audio_properties.bit_rate": 119425.0, "metadata.audio_properties.length": 40.042667388916016, "metadata.audio_properties.lossless": 0.0, "metadata.audio_properties.number_channels": 1.0, "metadata.audio_properties.replay_gain": -11.348962783813477, "metadata.audio_properties.sample_rate": 48000.0, "rhythm.beats_count": 82.0, "rhythm.beats_loudness.mean": 0.07249624282121658, "rhythm.beats_loudness.stdev": 0.039962634444236755, "rhythm.bpm": 124.94181060791016, "rhythm.bpm_histogram_first_peak_bpm": 126.0, "rhythm.bpm_histogram_first_peak_weight": 0.5, "rhythm.bpm_histogram_second_peak_bpm": 120.0, "rhythm.bpm_histogram_second_peak_spread": 0.0, "rhythm.bpm_histogram_second_peak_weight": 0.03703703731298447, "rhythm.danceability": 1.1988859176635742, "rhythm.onset_rate": 3.4453125, "tonal.chords_changes_rate": 0.0555555559694767, "tonal.chords_number_rate": 0.008101851679384708, "tonal.chords_strength.mean": 0.47747501730918884, "tonal.chords_strength.stdev": 0.09487908333539963, "tonal.hpcp_crest.mean": 13.361217498779297, "tonal.hpcp_crest.stdev": 5.601767063140869, "tonal.hpcp_entropy.mean": 1.8251806497573853, "tonal.hpcp_entropy.stdev": 0.6808327436447144, "tonal.key_edma.strength": 0.6358034610748291, "tonal.key_krumhansl.strength": 0.6505616903305054, "tonal.key_temperley.strength": 0.6668652892112732, "tonal.tuning_diatonic_strength": 0.6121692657470703, "tonal.tuning_equal_tempered_deviation": 0.294566810131073, "tonal.tuning_frequency": 434.193115234375, "tonal.tuning_nontempered_energy_ratio": 0.9919590950012207, "lowlevel.barkbands.mean": [0.0006735096103511751, 0.017014922574162483, 0.015214340761303902, 0.0062733180820941925, 0.0025494066067039967, 0.0008409853908233345, 0.0004718464333564043, 0.00046775906230323017, 0.001399045460857451, 0.0005459401290863752, 0.00021468967315740883, 0.00014356785686686635, 0.00020618646522052586, 0.0005329191917553544, 0.00026251940289512277, 0.0003357937384862453, 0.0015036939876154065, 0.00031004470656625926, 0.0001966475392691791, 0.00017523302813060582, 0.0001614487118786201, 0.00020294211572036147, 0.0001117432548198849, 8.915489888750017e-05, 2.9956265279906802e-05, 7.57249881644384e-06, 4.322297897374483e-08], "lowlevel.barkbands.stdev": [0.0018449480412527919, 0.02776770293712616, 0.015793483704328537, 0.012277920730412006, 0.0035179920960217714, 0.00216280622407794, 0.0007974957698024809, 0.001840981189161539, 0.0027622750494629145, 0.001142212189733982, 0.00046099405153654516, 0.0001476660545449704, 0.0005695212166756392, 0.0009691460873000324, 0.0002879745443351567, 0.0006657189805991948, 0.00137805356644094, 0.0004619798855856061, 0.00016684703587088734, 0.00017712982662487775, 0.00023201103613246232, 0.000323585350997746, 0.00021718173229601234, 0.00029709641239605844, 7.586912397528067e-05, 2.0522220438579097e-05, 1.745014373000231e-07], "lowlevel.erbbands.mean": [0.42217978835105896, 4.1561503410339355, 14.108719825744629, 25.203454971313477, 9.974420547485352, 9.54209041595459, 8.460193634033203, 6.41001558303833, 4.467679023742676, 11.106724739074707, 12.31368350982666, 29.078962326049805, 24.51157569885254, 13.356274604797363, 7.887764930725098, 5.904664039611816, 9.86864948272705, 17.844337463378906, 26.02813148498535, 11.5406494140625, 27.393474578857422, 91.23439025878906, 26.075767517089844, 12.665294647216797, 9.201142311096191, 8.322188377380371, 6.325647830963135, 6.993423938751221, 8.032793998718262, 4.3318095207214355, 3.0489914417266846, 2.401171922683716, 1.2031407356262207, 0.43540239334106445, 0.16084042191505432, 0.05812051519751549, 0.008674499578773975, 0.0005103456205688417, 4.0271082980325446e-05, 5.8103050832869485e-05], "lowlevel.erbbands.stdev": [0.8971439599990845, 6.268125057220459, 15.017426490783691, 35.666053771972656, 16.375139236450195, 15.467998504638672, 18.0957088470459, 16.319032669067383, 10.213602066040039, 20.460630416870117, 35.43909454345703, 67.19313049316406, 43.86884307861328, 19.512617111206055, 13.611406326293945, 5.757683753967285, 25.672439575195312, 33.05263137817383, 37.256935119628906, 11.754353523254395, 46.46862030029297, 89.77722930908203, 29.58551788330078, 15.248811721801758, 7.772310733795166, 8.468579292297363, 7.9592156410217285, 11.08504581451416, 13.233656883239746, 6.317782402038574, 6.492372035980225, 7.159626007080078, 4.440330505371094, 1.187499761581421, 0.38933899998664856, 0.15083549916744232, 0.02652575634419918, 0.0015048675704747438, 4.614178033079952e-05, 4.629058457794599e-05], "lowlevel.gfcc.mean": [-33.971343994140625, 106.25194549560547, -118.92125701904297, 65.02926635742188, -41.73452377319336, 24.51030158996582, -28.93929100036621, 13.572110176086426, -10.891258239746094, -12.331130027770996, -20.7030029296875, -9.052329063415527, -7.628177165985107], "lowlevel.melbands.mean": [0.004390951246023178, 0.006925718858838081, 0.0037538872566074133, 0.0006005634786561131, 0.0003427350311540067, 0.0001455198653275147, 7.255088712554425e-05, 0.0001244011800736189, 0.00011757211177609861, 0.00018608638492878526, 0.00012320214591454715, 5.949912520009093e-05, 3.069690501433797e-05, 1.379094464937225e-05, 1.826110019464977e-05, 2.5834693587967195e-05, 3.422245572437532e-05, 5.049203900853172e-05, 1.4807035768171772e-05, 1.339051959803328e-05, 3.293083136668429e-05, 0.00010363978071836755, 4.645822991733439e-05, 1.2831203093810473e-05, 9.679168215370737e-06, 7.008058673818596e-06, 6.1686928347626235e-06, 5.360923751140945e-06, 3.93660411646124e-06, 3.813523107965011e-06, 4.087251454620855e-06, 4.9124928409582935e-06, 3.3131384498119587e-06, 2.0635691271309042e-06, 1.6771616628830088e-06, 1.760932832439721e-06, 1.3979999948787736e-06, 9.56254098127829e-07, 4.7199316099977295e-07, 3.2541350947212777e-07], "lowlevel.melbands.stdev": [0.007780030369758606, 0.007044337689876556, 0.005156329367309809, 0.0008233668631874025, 0.0006335732177831233, 0.00037263776175677776, 0.00015061466547194868, 0.00028256495716050267, 0.0002902507549151778, 0.0003886456834152341, 0.00023034587502479553, 9.973288979381323e-05, 6.584502261830494e-05, 1.3568894246418495e-05, 2.2917622118256986e-05, 7.900347554823384e-05, 6.173014844534919e-05, 8.293597056763247e-05, 1.5608004105160944e-05, 1.2627941941900644e-05, 7.622996054124087e-05, 0.00011016402277164161, 6.292077887337655e-05, 2.4136332285706885e-05, 1.2253280146978796e-05, 6.143977316241944e-06, 5.924700417381246e-06, 6.042214863555273e-06, 5.144069291418418e-06, 5.946945293544559e-06, 6.507562375190901e-06, 8.403108040511142e-06, 5.21461151947733e-06, 3.0599053388868924e-06, 3.298153160358197e-06, 4.88057776237838e-06, 4.523035386228003e-06, 3.703496304297005e-06, 1.517464056632889e-06, 8.547217476007063e-07], "lowlevel.melbands128.mean": [0.0005691873957403004, 0.0027290587313473225, 0.006453031674027443, 0.006769077852368355, 0.0063477568328380585, 0.00815424881875515, 0.005900587420910597, 0.002166163409128785, 0.0007507281261496246, 0.0004804136115126312, 0.0005681347684003413, 0.0004463491204660386, 0.0002497854584362358, 0.000267399096628651, 0.00016099930508062243, 7.083113450789824e-05, 6.497361755464226e-05, 5.784533641417511e-05, 8.689379319548607e-05, 0.0001568974694237113, 0.00011549299233593047, 0.00012740143574774265, 4.003786307293922e-05, 0.0002046732697635889, 0.0002462614793330431, 0.0001183268177555874, 0.0002258442109450698, 6.264188414206728e-05, 0.00013207027222961187, 7.174991333158687e-05, 2.8392914828145877e-05, 3.733268749783747e-05, 4.442276622285135e-05, 1.2785103535861708e-05, 1.4664409718534444e-05, 1.3270653653307818e-05, 1.2567531484819483e-05, 2.324298839084804e-05, 1.5754951164126396e-05, 2.2555910618393682e-05, 1.9406439605518244e-05, 4.643695501727052e-05, 2.0348557882243767e-05, 2.217637847934384e-05, 9.109571692533791e-05, 4.8969111958285794e-05, 2.207424222433474e-05, 9.773274541657884e-06, 1.2678096027229913e-05, 1.9192964828107506e-05, 1.0074660167447291e-05, 1.1837152669613715e-05, 2.2050451661925763e-05, 5.704049181076698e-05, 2.9868991987314075e-05, 0.00016506137035321444, 9.530246461508796e-05, 6.568563549080864e-05, 2.5336590624647215e-05, 1.0316362931916956e-05, 1.3461759408528451e-05, 1.3928745829616673e-05, 1.0494125490367878e-05, 9.005560968944337e-06, 7.199463652796112e-06, 7.397541594400536e-06, 6.507307261927053e-06, 5.724772563553415e-06, 6.526634024339728e-06, 6.291688805504236e-06, 5.222705567575758e-06, 5.07339018440689e-06, 4.445163995114854e-06, 3.7489528494916158e-06, 3.208634780094144e-06, 4.0665017877472565e-06, 3.6910960261593573e-06, 4.103013452549931e-06, 4.058648755744798e-06, 4.036753125546966e-06, 5.2880754992656875e-06, 5.379146841733018e-06, 4.0631771298649255e-06, 3.2497589472768595e-06, 2.4561668396927416e-06, 2.193402224293095e-06, 1.8958249938805238e-06, 1.881948492155061e-06, 1.503325847806991e-06, 1.620124635337561e-06, 2.0349987153167604e-06, 1.7992758785112528e-06, 1.313212123932317e-06, 1.5006957028163015e-06, 1.3741557722823927e-06, 1.111692995436897e-06, 9.179366315947846e-07, 6.709995545861602e-07, 4.1549412799213314e-07, 4.0188623984249716e-07, 3.953773273224215e-07, 2.9712265359194134e-07, 2.7202932528780366e-07, 2.302735566672709e-07, 1.5432105726631562e-07, 1.2489931577874813e-07, 1.6377987321902765e-07, 1.2328818854712154e-07, 9.455302318883696e-08, 8.322896860590845e-08, 5.476811537619142e-08, 2.976737789595063e-08, 1.8533642176521425e-08, 1.3016350663974663e-08, 5.682190717948288e-09, 3.0428237707269545e-09, 1.6536144675782793e-09, 2.556419798072085e-10, 6.940218365281137e-12, 6.733209476084134e-12, 6.573716397617613e-12, 6.428019141274666e-12, 6.284102578579809e-12, 6.172998310433053e-12, 6.051470956280891e-12, 5.9164379125065114e-12, 5.832675922107233e-12, 5.796128334234485e-12], "lowlevel.melbands128.stdev": [0.0017334811855107546, 0.007414605934172869, 0.011888443492352962, 0.010587436147034168, 0.00811280868947506, 0.008353726007044315, 0.008751431480050087, 0.0045272610150277615, 0.0013047376414760947, 0.000786001211963594, 0.0011077179806306958, 0.0009003770537674427, 0.0007250819471664727, 0.0006970291724428535, 0.00043492481927387416, 0.00029964634450152516, 0.00021141598699614406, 0.0001659057306824252, 0.0001857227471191436, 0.0003077144210692495, 0.0004726783954538405, 0.0006609178381040692, 9.02580504771322e-05, 0.0006204386008903384, 0.0007869091932661831, 0.0002831903693731874, 0.0006024628528393805, 0.00014234303671400994, 0.0003948954399675131, 0.00013763703464064747, 5.321857679518871e-05, 0.00010312075755791739, 0.00011778061889344826, 1.5136052752495743e-05, 2.3340782718150876e-05, 1.571182656334713e-05, 1.724943649605848e-05, 3.997435487690382e-05, 2.8677881346084177e-05, 0.00010327874770155177, 9.284684347221628e-05, 0.0001774939155438915, 5.002293619327247e-05, 6.310817116172984e-05, 0.0002280955814057961, 7.241805724333972e-05, 3.96183822886087e-05, 1.391063597111497e-05, 2.3570970370201394e-05, 2.834356746461708e-05, 1.1447998076619115e-05, 1.3688517356058583e-05, 3.4471369872335345e-05, 0.00020085650612600148, 5.129164856043644e-05, 0.00022095035819802433, 0.0001227804459631443, 0.00014905454008840024, 4.490263745537959e-05, 2.5374070901307277e-05, 3.866625047521666e-05, 2.869003037631046e-05, 2.716451126616448e-05, 1.003315355774248e-05, 8.218402399506886e-06, 7.898608600953594e-06, 7.1848339757707436e-06, 7.197620107035618e-06, 7.644184734090231e-06, 6.750790817022789e-06, 7.2883558459579945e-06, 7.65577260608552e-06, 6.2767403505858965e-06, 6.184664471220458e-06, 4.552246082312195e-06, 6.317117367871106e-06, 7.241927505674539e-06, 8.895514838513918e-06, 6.35906690149568e-06, 6.5848216763697565e-06, 1.0984409527736716e-05, 9.589735782356001e-06, 7.725712748651858e-06, 5.460116426547756e-06, 3.853305315715261e-06, 3.3261549106100574e-06, 3.2765842661319766e-06, 3.252943770348793e-06, 2.840351953636855e-06, 4.2248439058312215e-06, 6.256416327232728e-06, 5.247444278211333e-06, 3.9458136598113924e-06, 5.218576461629709e-06, 4.887706381850876e-06, 3.994976395915728e-06, 4.311673819756834e-06, 2.7004773528460646e-06, 1.4148150739856646e-06, 1.11652047962707e-06, 1.1485268487376743e-06, 8.159625508596946e-07, 7.537256578871165e-07, 5.135406695444544e-07, 4.3859793663614255e-07, 3.2912018355091277e-07, 4.3896540091736824e-07, 3.3640301921877835e-07, 2.671275467491796e-07, 2.4988460722852324e-07, 1.7284165210185165e-07, 1.0666877159337673e-07, 7.697958182006914e-08, 6.441443645144318e-08, 2.730209658352578e-08, 1.2475575239534464e-08, 6.387102402527489e-09, 1.6363473909208892e-09, 1.0840427513980622e-11, 1.0492045600385413e-11, 1.0241464794280564e-11, 9.981868630271062e-12, 9.774421723396376e-12, 9.603930498092161e-12, 9.46138306590072e-12, 9.344895517127139e-12, 9.260980871061975e-12, 9.20965474021651e-12], "lowlevel.mfcc.mean": [-652.18212890625, 113.29696655273438, 0.1853105127811432, 41.45463180541992, 17.20863151550293, 16.987028121948242, 1.544722318649292, 20.470882415771484, 11.785082817077637, 5.993633270263672, 0.9362601041793823, 0.8026635646820068, -9.310429573059082], "lowlevel.spectral_contrast_coeffs.mean": [-0.6518223285675049, -0.7668657302856445, -0.775768518447876, -0.7968310117721558, -0.7790728211402893, -0.7295558452606201], "lowlevel.spectral_contrast_coeffs.stdev": [0.08333636075258255, 0.07902500778436661, 0.06856225430965424, 0.05107564851641655, 0.046812504529953, 0.05531672015786171], "lowlevel.spectral_contrast_valleys.mean": [-7.0301737785339355, -7.666922569274902, -7.980896949768066, -8.034759521484375, -7.859384536743164, -10.875625610351562], "lowlevel.spectral_contrast_valleys.stdev": [3.2471377849578857, 3.0564517974853516, 3.034059524536133, 3.0225908756256104, 3.1076598167419434, 2.800039291381836], "rhythm.beats_loudness_band_ratio.mean": [0.7516036033630371, 0.09562140703201294, 0.054829783737659454, 0.028167953714728355, 0.04479192942380905, 0.021855277940630913], "rhythm.beats_loudness_band_ratio.stdev": [0.23169203102588654, 0.1650649607181549, 0.07110898941755295, 0.03749525919556618, 0.02918924018740654, 0.015329049900174141], "tonal.hpcp.mean": [0.08887464553117752, 0.10550116002559662, 0.0419030636548996, 0.017373409122228622, 0.022845342755317688, 0.04627401381731033, 0.25650525093078613, 0.39970889687538147, 0.21109142899513245, 0.054514553397893906, 0.03454512730240822, 0.04118018224835396, 0.16410019993782043, 0.24412645399570465, 0.14075066149234772, 0.07701517641544342, 0.0934629961848259, 0.07037942111492157, 0.04948264732956886, 0.056470923125743866, 0.03935326635837555, 0.12688669562339783, 0.2628796398639679, 0.16951435804367065, 0.030802786350250244, 0.01953725330531597, 0.014857186935842037, 0.045483916997909546, 0.06826172769069672, 0.03790067881345749, 0.01476253755390644, 0.012838472612202168, 0.01361727062612772, 0.03596464544534683, 0.044687774032354355, 0.03211318701505661], "tonal.hpcp.stdev": [0.22336351871490479, 0.26574769616127014, 0.13356782495975494, 0.09951532632112503, 0.10839566588401794, 0.14924681186676025, 0.29871800541877747, 0.41124165058135986, 0.27876436710357666, 0.16916872560977936, 0.14221367239952087, 0.13650387525558472, 0.29378020763397217, 0.3994140625, 0.2505216598510742, 0.1932152658700943, 0.2550404965877533, 0.2012123465538025, 0.12762928009033203, 0.11428571492433548, 0.10029464215040207, 0.2089412808418274, 0.3828851580619812, 0.278175950050354, 0.1176302507519722, 0.0988394170999527, 0.08831818401813507, 0.11272712796926498, 0.14690735936164856, 0.1097775474190712, 0.07487432658672333, 0.07119761407375336, 0.06993959099054337, 0.08995219320058823, 0.09246870130300522, 0.09664300084114075], "rhythm.beats_position": [0.4992290139198303, 0.9984580278396606, 1.486077070236206, 1.9736961126327515, 2.461315155029297, 2.9489340782165527, 3.424943208694458, 3.9009523391723633, 4.388571262359619, 4.8645806312561035, 5.34058952331543, 5.816598415374756, 6.29260778427124, 6.780226707458496, 7.267845630645752, 7.743854522705078, 8.219863891601562, 8.707483291625977, 9.183491706848145, 9.659501075744629, 10.147119522094727, 10.63473892211914, 11.099138259887695, 11.586756706237793, 12.062766075134277, 12.538775444030762, 13.02639389038086, 13.502403259277344, 13.978412628173828, 14.466031074523926, 14.94204044342041, 15.418049812316895, 15.905668258666992, 16.381677627563477, 16.85768699645996, 17.345306396484375, 17.832923889160156, 18.30893325805664, 18.784942626953125, 19.27256202697754, 19.736961364746094, 20.224580764770508, 20.700590133666992, 21.176597595214844, 21.664216995239258, 22.140226364135742, 22.616235733032227, 23.10385513305664, 23.591472625732422, 24.067481994628906, 24.54349136352539, 25.031110763549805, 25.49551010131836, 25.983129501342773, 26.470746994018555, 26.94675636291504, 27.422765731811523, 27.898775100708008, 28.374784469604492, 28.862403869628906, 29.350021362304688, 29.8376407623291, 30.302040100097656, 30.77804946899414, 31.254058837890625, 31.74167823791504, 32.22929763793945, 32.70530700683594, 33.18131637573242, 33.6689338684082, 34.133331298828125, 34.60934066772461, 35.10857009887695, 35.58457946777344, 36.06058883666992, 36.536598205566406, 37.01260757446289, 37.50022506713867, 37.98784637451172, 38.4754638671875, 38.96308135986328, 39.462310791015625], "rhythm.bpm_histogram": [0.0, 0.0, 0.0, 0.0, 0.0, 0.0, 0.0, 0.0, 0.0, 0.0, 0.0, 0.0, 0.0, 0.0, 0.0, 0.0, 0.0, 0.0, 0.0, 0.0, 0.0, 0.0, 0.0, 0.0, 0.0, 0.0, 0.0, 0.0, 0.0, 0.0, 0.0, 0.0, 0.0, 0.0, 0.0, 0.0, 0.0, 0.0, 0.0, 0.0, 0.0, 0.0, 0.0, 0.0, 0.0, 0.0, 0.0, 0.0, 0.0, 0.0, 0.0, 0.0, 0.0, 0.0, 0.0, 0.0, 0.0, 0.0, 0.0, 0.0, 0.0, 0.0, 0.0, 0.0, 0.0, 0.0, 0.0, 0.0, 0.0, 0.0, 0.0, 0.0, 0.0, 0.0, 0.0, 0.0, 0.0, 0.0, 0.0, 0.0, 0.0, 0.0, 0.0, 0.0, 0.0, 0.0, 0.0, 0.0, 0.0, 0.0, 0.0, 0.0, 0.0, 0.0, 0.0, 0.0, 0.0, 0.0, 0.0, 0.0, 0.0, 0.0, 0.0, 0.0, 0.0, 0.0, 0.0, 0.0, 0.0, 0.0, 0.0, 0.0, 0.0, 0.0, 0.0, 0.0, 0.0, 0.0, 0.0, 0.0, 0.03703703731298447, 0.0, 0.0, 0.4197530746459961, 0.0, 0.0, 0.48148149251937866, 0.0, 0.0, 0.06172839552164078, 0.0, 0.0, 0.0, 0.0, 0.0, 0.0, 0.0, 0.0, 0.0, 0.0, 0.0, 0.0, 0.0, 0.0, 0.0, 0.0, 0.0, 0.0, 0.0, 0.0, 0.0, 0.0, 0.0, 0.0, 0.0, 0.0, 0.0, 0.0, 0.0, 0.0, 0.0, 0.0, 0.0, 0.0, 0.0, 0.0, 0.0, 0.0, 0.0, 0.0, 0.0, 0.0, 0.0, 0.0, 0.0, 0.0, 0.0, 0.0, 0.0, 0.0, 0.0, 0.0, 0.0, 0.0, 0.0, 0.0, 0.0, 0.0, 0.0, 0.0, 0.0, 0.0, 0.0, 0.0, 0.0, 0.0, 0.0, 0.0, 0.0, 0.0, 0.0, 0.0, 0.0, 0.0, 0.0, 0.0, 0.0, 0.0, 0.0, 0.0, 0.0, 0.0, 0.0, 0.0, 0.0, 0.0, 0.0, 0.0, 0.0, 0.0, 0.0, 0.0, 0.0, 0.0, 0.0, 0.0, 0.0, 0.0, 0.0, 0.0, 0.0, 0.0, 0.0, 0.0, 0.0, 0.0, 0.0, 0.0, 0.0, 0.0, 0.0, 0.0, 0.0, 0.0, 0.0, 0.0, 0.0, 0.0, 0.0, 0.0], "tonal.chords_histogram": [21.296297073364258, 18.40277862548828, 17.01388931274414, 0.0, 0.0, 0.0, 1.1574074029922485, 0.0, 0.0, 0.0, 0.0, 0.0, 0.0, 0.0, 0.0, 0.8101851940155029, 0.0, 0.46296295523643494, 0.0, 0.0, 5.55555534362793, 0.9259259104728699, 14.699073791503906, 19.675926208496094], "tonal.thpcp": [1.0, 0.5281128883361816, 0.13638563454151154, 0.08642571419477463, 0.10302543640136719, 0.4105492830276489, 0.6107606291770935, 0.3521329164505005, 0.19267816841602325, 0.23382766544818878, 0.17607669532299042, 0.12379670888185501, 0.1412801295518875, 0.09845481812953949, 0.3174477517604828, 0.6576777100563049, 0.4240945279598236, 0.07706304639577866, 0.04887870326638222, 0.03717001900076866, 0.11379260569810867, 0.17077860236167908, 0.09482070058584213, 0.03693322092294693, 0.03211955726146698, 0.034067969769239426, 0.08997709304094315, 0.11180079728364944, 0.08034143596887589, 0.2223484367132187, 0.26394498348236084, 0.10483395308256149, 0.043465156108140945, 0.057154953479766846, 0.11576928943395615, 0.6417301297187805], "lowlevel.gfcc.cov": [[44938.4921875, 1669.8243408203125, -3186.7275390625, 3238.86669921875, -1114.90234375, 1649.6251220703125, -900.41162109375, 1111.9522705078125, -316.41790771484375, -149.91929626464844, -931.7252197265625, -220.8123016357422, -498.61590576171875], [1669.8243408203125, 1144.5074462890625, -528.3858642578125, -117.53627014160156, 21.431560516357422, -238.45497131347656, 23.157611846923828, -190.66043090820312, 45.07343292236328, -162.3316192626953, 92.28611755371094, -111.74943542480469, 92.11168670654297], [-3186.7275390625, -528.3858642578125, 780.7811889648438, -104.78787231445312, 153.71380615234375, 67.3814697265625, 7.334954738616943, 121.28666687011719, -24.872028350830078, 146.12612915039062, -5.937623977661133, 108.3274917602539, -22.023653030395508], [3238.86669921875, -117.53627014160156, -104.78787231445312, 580.64013671875, 56.542091369628906, 230.6981658935547, 12.00161361694336, 137.91506958007812, -11.671411514282227, -17.037654876708984, -42.59490966796875, -35.40028762817383, -40.94898986816406], [-1114.90234375, 21.431560516357422, 153.71380615234375, 56.542091369628906, 347.0820007324219, 72.75282287597656, 142.1730499267578, 78.7864761352539, 45.513248443603516, 13.125633239746094, 31.326303482055664, -5.671134948730469, 13.595820426940918], [1649.6251220703125, -238.45497131347656, 67.3814697265625, 230.6981658935547, 72.75282287597656, 315.2821350097656, 45.74238204956055, 177.6450653076172, -6.421050548553467, 72.03756713867188, -76.99918365478516, 3.563237428665161, -60.05611801147461], [-900.41162109375, 23.157611846923828, 7.334954738616943, 12.00161361694336, 142.1730499267578, 45.74238204956055, 179.22286987304688, -7.530812740325928, 47.935543060302734, -6.188625812530518, 35.18067169189453, -32.69134521484375, 3.801510810852051], [1111.9522705078125, -190.66043090820312, 121.28666687011719, 137.91506958007812, 78.7864761352539, 177.6450653076172, -7.530812740325928, 245.2061004638672, 26.59634017944336, 69.76092529296875, -60.675506591796875, 43.581722259521484, -37.00818634033203], [-316.41790771484375, 45.07343292236328, -24.872028350830078, -11.671411514282227, 45.513248443603516, -6.421050548553467, 47.935543060302734, 26.59634017944336, 91.7318115234375, 10.851485252380371, 27.325733184814453, -12.860712051391602, 11.148113250732422], [-149.91929626464844, -162.3316192626953, 146.12612915039062, -17.037654876708984, 13.125633239746094, 72.03756713867188, -6.188625812530518, 69.76092529296875, 10.851485252380371, 112.73770904541016, -15.24295425415039, 34.8863639831543, -24.2537841796875], [-931.7252197265625, 92.28611755371094, -5.937623977661133, -42.59490966796875, 31.326303482055664, -76.99918365478516, 35.18067169189453, -60.675506591796875, 27.325733184814453, -15.24295425415039, 95.79217529296875, -5.169089317321777, 38.0321159362793], [-220.8123016357422, -111.74943542480469, 108.3274917602539, -35.40028762817383, -5.671134948730469, 3.563237428665161, -32.69134521484375, 43.581722259521484, -12.860712051391602, 34.8863639831543, -5.169089317321777, 76.28284454345703, 2.0231006145477295], [-498.61590576171875, 92.11168670654297, -22.023653030395508, -40.94898986816406, 13.595820426940918, -60.05611801147461, 3.801510810852051, -37.00818634033203, 11.148113250732422, -24.2537841796875, 38.0321159362793, 2.0231006145477295, 68.37897491455078]], "lowlevel.gfcc.icov": [[0.00038700594450347126, -0.0010794161353260279, 0.0010291453218087554, -0.0015938893193379045, 0.000898007012438029, -0.0010271347127854824, 0.0009848993504419923, -0.0008746300009079278, 0.0005720285698771477, -0.0007960870279930532, 0.001411702949553728, -0.0010937636252492666, 0.0009158030734397471], [-0.0010794161353260279, 0.004915955476462841, -0.0016272501088678837, 0.004903650842607021, -0.0035620308481156826, 0.003537889802828431, -0.00205701170489192, 0.0022999607026576996, -0.0014549415791407228, 0.002548015210777521, -0.004537281114608049, 0.004409237764775753, -0.003371953731402755], [0.0010291453218087554, -0.0016272501088678837, 0.0058876522816717625, -0.003566909581422806, 0.0005262576160021126, -0.001953180879354477, 0.003036034759134054, -0.0028806873597204685, 0.003154848935082555, -0.004253128077834845, 0.0029650889337062836, -0.0037281084805727005, 0.0023470078594982624], [-0.0015938893193379045, 0.004903650842607021, -0.003566909581422806, 0.009815869852900505, -0.0043009184300899506, 0.0018244809471070766, -0.002786562778055668, 0.0024859129916876554, -0.0017168676713481545, 0.005231175106018782, -0.007638863753527403, 0.006059895735234022, -0.0033360032830387354], [0.000898007012438029, -0.0035620308481156826, 0.0005262576160021126, -0.0043009184300899506, 0.008523705415427685, -0.0022915482986718416, -0.0025323296431452036, -0.004547170363366604, 0.0016280339332297444, -0.0010524856625124812, 0.0026019643992185593, -0.002200138056650758, 0.0008919350802898407], [-0.0010271347127854824, 0.003537889802828431, -0.001953180879354477, 0.0018244809471070766, -0.0022915482986718416, 0.013663405552506447, -0.007144604343920946, -0.002745211124420166, 0.002431225962936878, -0.0029395290184766054, -0.00020944370771758258, 0.005318410694599152, -0.0019045767839998007], [0.0009848993504419923, -0.00205701170489192, 0.003036034759134054, -0.002786562778055668, -0.0025323296431452036, -0.007144604343920946, 0.015440654009580612, 0.0016365029150620103, -0.003631915431469679, 0.00016075585153885186, 0.0004140939563512802, -0.0007020587217994034, 0.003957304637879133], [-0.0008746300009079278, 0.0022999607026576996, -0.0028806873597204685, 0.0024859129916876554, -0.004547170363366604, -0.002745211124420166, 0.0016365029150620103, 0.014631032943725586, -0.00852819811552763, 0.0014651068486273289, 0.0010771978413686156, -0.0037892533000558615, -0.001171370386146009], [0.0005720285698771477, -0.0014549415791407228, 0.003154848935082555, -0.0017168676713481545, 0.0016280339332297444, 0.002431225962936878, -0.003631915431469679, -0.00852819811552763, 0.019913455471396446, -0.005761533509939909, -0.0024612194392830133, 0.003409660654142499, -0.0005051701446063817], [-0.0007960870279930532, 0.002548015210777521, -0.004253128077834845, 0.005231175106018782, -0.0010524856625124812, -0.0029395290184766054, 0.00016075585153885186, 0.0014651068486273289, -0.005761533509939909, 0.019434906542301178, -0.005302364006638527, -0.0010786582715809345, 0.0017508805030956864], [0.001411702949553728, -0.004537281114608049, 0.0029650889337062836, -0.007638863753527403, 0.0026019643992185593, -0.00020944370771758258, 0.0004140939563512802, 0.0010771978413686156, -0.0024612194392830133, -0.005302364006638527, 0.025439290329813957, -0.006743127945810556, -0.00278394459746778], [-0.0010937636252492666, 0.004409237764775753, -0.0037281084805727005, 0.006059895735234022, -0.002200138056650758, 0.005318410694599152, -0.0007020587217994034, -0.0037892533000558615, 0.003409660654142499, -0.0010786582715809345, -0.006743127945810556, 0.026740826666355133, -0.006369439419358969], [0.0009158030734397471, -0.003371953731402755, 0.0023470078594982624, -0.0033360032830387354, 0.0008919350802898407, -0.0019045767839998007, 0.003957304637879133, -0.001171370386146009, -0.0005051701446063817, 0.0017508805030956864, -0.00278394459746778, -0.006369439419358969, 0.0243389792740345]], "lowlevel.mfcc.cov": [[16335.3740234375, 781.4478149414062, 167.68661499023438, 1086.1593017578125, 611.9337768554688, 636.1845703125, 252.90884399414062, 771.0499877929688, 480.897216796875, 300.9704284667969, 242.3782501220703, 170.4280548095703, -209.383544921875], [781.4478149414062, 1069.64111328125, -267.25140380859375, 75.93710327148438, 0.9776256680488586, -31.68523597717285, -27.9276065826416, -17.01185417175293, -19.615203857421875, -9.015057563781738, -19.747529983520508, -35.00657653808594, -23.15155601501465], [167.68661499023438, -267.25140380859375, 385.3006591796875, -20.41103172302246, 59.89214324951172, -9.748443603515625, 1.7482749223709106, -6.554879188537598, 7.762914180755615, -7.684670925140381, 20.352951049804688, 14.842461585998535, -2.298532247543335], [1086.1593017578125, 75.93710327148438, -20.41103172302246, 287.43414306640625, 110.1647720336914, 75.08704376220703, 76.32263946533203, 94.49284362792969, 47.704689025878906, 23.236257553100586, 1.7698267698287964, 36.41976547241211, 14.655104637145996], [611.9337768554688, 0.9776256680488586, 59.89214324951172, 110.1647720336914, 219.96707153320312, 48.054847717285156, 95.83169555664062, 101.24347686767578, 90.9801025390625, 40.713748931884766, 35.675331115722656, 39.508934020996094, 6.647578239440918], [636.1845703125, -31.68523597717285, -9.748443603515625, 75.08704376220703, 48.054847717285156, 169.7196044921875, 102.50740051269531, 65.98745727539062, 61.873130798339844, 41.98372268676758, 39.682857513427734, 19.13681983947754, 19.042896270751953], [252.90884399414062, -27.9276065826416, 1.7482749223709106, 76.32263946533203, 95.83169555664062, 102.50740051269531, 154.69326782226562, 83.55680084228516, 71.50818634033203, 34.710426330566406, 37.44330978393555, 25.861862182617188, 22.67542266845703], [771.0499877929688, -17.01185417175293, -6.554879188537598, 94.49284362792969, 101.24347686767578, 65.98745727539062, 83.55680084228516, 153.89503479003906, 93.0334701538086, 46.31700134277344, 37.5716552734375, 34.342437744140625, 2.3532142639160156], [480.897216796875, -19.615203857421875, 7.762914180755615, 47.704689025878906, 90.9801025390625, 61.873130798339844, 71.50818634033203, 93.0334701538086, 118.29328918457031, 63.23720169067383, 42.274349212646484, 27.2757625579834, 9.825057029724121], [300.9704284667969, -9.015057563781738, -7.684670925140381, 23.236257553100586, 40.713748931884766, 41.98372268676758, 34.710426330566406, 46.31700134277344, 63.23720169067383, 80.3821792602539, 42.36077880859375, 21.088537216186523, 8.84692668914795], [242.3782501220703, -19.747529983520508, 20.352951049804688, 1.7698267698287964, 35.675331115722656, 39.682857513427734, 37.44330978393555, 37.5716552734375, 42.274349212646484, 42.36077880859375, 86.30128479003906, 28.705265045166016, 8.467248916625977], [170.4280548095703, -35.00657653808594, 14.842461585998535, 36.41976547241211, 39.508934020996094, 19.13681983947754, 25.861862182617188, 34.342437744140625, 27.2757625579834, 21.088537216186523, 28.705265045166016, 68.07731628417969, 22.066875457763672], [-209.383544921875, -23.15155601501465, -2.298532247543335, 14.655104637145996, 6.647578239440918, 19.042896270751953, 22.67542266845703, 2.3532142639160156, 9.825057029724121, 8.84692668914795, 8.467248916625977, 22.066875457763672, 63.560123443603516]], "lowlevel.mfcc.icov": [[0.00013985524128656834, -0.00012416606477927417, -0.00017470220336690545, -0.00035641982685774565, -1.6130938092828728e-05, -0.0005283310310915112, 0.0005444065318442881, -0.0004719079297501594, -5.192298340261914e-05, -6.246091652428731e-05, -0.00012470476212911308, -7.660459232283756e-05, 0.0005345121608115733], [-0.00012416606477927417, 0.0013515735045075417, 0.0010834080167114735, -0.00016002760094124824, -0.0004387246153783053, 0.000747780199162662, -0.00023107453307602555, 0.0008997319964691997, -4.453015571925789e-05, 0.00024195972946472466, -0.00035523457336239517, 0.0006870774668641388, -0.00018769169400911778], [-0.00017470220336690545, 0.0010834080167114735, 0.003843610640615225, 0.0005204521585255861, -0.001708026509732008, 0.0007532775052823126, -6.380867125699297e-05, 0.001675800303928554, -0.00023269069788511842, 0.0012607782846316695, -0.0010176890064030886, 5.627032078336924e-05, -0.00027169985696673393], [-0.00035641982685774565, -0.00016002760094124824, 0.0005204521585255861, 0.006665037479251623, -0.0020830852445214987, -0.000651142094284296, -0.0013368870131671429, -0.0015850673662498593, 0.002461350290104747, -0.0005071156192570925, 0.002898674225434661, -0.0015903034945949912, -0.0019457098096609116], [-1.6130938092828728e-05, -0.0004387246153783053, -0.001708026509732008, -0.0020830852445214987, 0.00995016098022461, 0.002537643304094672, -0.004056086763739586, -0.001185347093269229, -0.004578305874019861, 0.0005336857284419239, -0.00019022311607841402, -0.0016654317732900381, 0.001132528530433774], [-0.0005283310310915112, 0.000747780199162662, 0.0007532775052823126, -0.000651142094284296, 0.002537643304094672, 0.013569529168307781, -0.008721727877855301, 0.0018934146501123905, -0.0016057007014751434, -0.001375966938212514, -0.0016406261129304767, 0.0015173217980191112, -0.0024486801121383905], [0.0005444065318442881, -0.00023107453307602555, -6.380867125699297e-05, -0.0013368870131671429, -0.004056086763739586, -0.008721727877855301, 0.01772153563797474, -0.004354796838015318, -0.0018864402081817389, 0.0022191444877535105, -0.001958383247256279, 0.0007799779996275902, -0.0011357381008565426], [-0.0004719079297501594, 0.0008997319964691997, 0.001675800303928554, -0.0015850673662498593, -0.001185347093269229, 0.0018934146501123905, -0.004354796838015318, 0.018174737691879272, -0.009396271780133247