{"song_id": "1183720239922417744", "download": "https://cdn.discordapp.com/attachments/1135911532732108921/1183720239922417744/chirp.mp4?ex=65895c61&amp", "lyrics": "(Verse 1)\nIn the heart of the city where the colors align, \nThere's a girl named Mary, her spirit does shine.\nWith a soldering pen, she traces every line, \nIn the glass workshop, where dreams align.\n\n(Chorus) \nDon't mess with Mary, you fool, \nShe's the thunder, the lightning, breaking through.\nDon't mess with Mary, you fool, \nIn her stained glass world, she's nobody's tool.", "style": ["alternative rock</span><span>/ new wave"], "essentia_features": {"lowlevel.average_loudness": 0.9854593276977539, "lowlevel.barkbands_crest.mean": 9.973136901855469, "lowlevel.barkbands_crest.stdev": 4.512722492218018, "lowlevel.barkbands_flatness_db.mean": 0.1400320678949356, "lowlevel.barkbands_flatness_db.stdev": 0.03651319444179535, "lowlevel.barkbands_kurtosis.mean": 2.2250540256500244, "lowlevel.barkbands_kurtosis.stdev": 5.2086687088012695, "lowlevel.barkbands_skewness.mean": 1.3873953819274902, "lowlevel.barkbands_skewness.stdev": 1.1275782585144043, "lowlevel.barkbands_spread.mean": 29.24927520751953, "lowlevel.barkbands_spread.stdev": 14.013517379760742, "lowlevel.dissonance.mean": 0.48202624917030334, "lowlevel.dissonance.stdev": 0.015050430782139301, "lowlevel.dynamic_complexity": 1.3867748975753784, "lowlevel.erbbands_crest.mean": 9.71828842163086, "lowlevel.erbbands_crest.stdev": 4.026177406311035, "lowlevel.erbbands_flatness_db.mean": 0.1582089364528656, "lowlevel.erbbands_flatness_db.stdev": 0.0307945366948843, "lowlevel.erbbands_kurtosis.mean": 0.6799905896186829, "lowlevel.erbbands_kurtosis.stdev": 1.8037818670272827, "lowlevel.erbbands_skewness.mean": -0.6187634468078613, "lowlevel.erbbands_skewness.stdev": 0.6260023713111877, "lowlevel.erbbands_spread.mean": 39.4282112121582, "lowlevel.erbbands_spread.stdev": 15.55284309387207, "lowlevel.hfc.mean": 28.924711227416992, "lowlevel.hfc.stdev": 15.629256248474121, "lowlevel.loudness_ebu128.integrated": -16.784122467041016, "lowlevel.loudness_ebu128.loudness_range": 0.8344402313232422, "lowlevel.loudness_ebu128.momentary.mean": -16.84248161315918, "lowlevel.loudness_ebu128.momentary.stdev": 0.722314178943634, "lowlevel.loudness_ebu128.short_term.mean": -16.784000396728516, "lowlevel.loudness_ebu128.short_term.stdev": 0.3077835142612457, "lowlevel.melbands_crest.mean": 16.139875411987305, "lowlevel.melbands_crest.stdev": 5.4491143226623535, "lowlevel.melbands_flatness_db.mean": 0.19245456159114838, "lowlevel.melbands_flatness_db.stdev": 0.051732469350099564, "lowlevel.melbands_kurtosis.mean": 13.170680046081543, "lowlevel.melbands_kurtosis.stdev": 17.303329467773438, "lowlevel.melbands_skewness.mean": 2.9964914321899414, "lowlevel.melbands_skewness.stdev": 1.743377923965454, "lowlevel.melbands_spread.mean": 29.0400333404541, "lowlevel.melbands_spread.stdev": 17.7572021484375, "lowlevel.pitch_salience.mean": 0.5194454193115234, "lowlevel.pitch_salience.stdev": 0.10800223797559738, "lowlevel.silence_rate_20dB.mean": 1.0, "lowlevel.silence_rate_20dB.stdev": 0.0, "lowlevel.silence_rate_30dB.mean": 0.8442565202713013, "lowlevel.silence_rate_30dB.stdev": 0.3626132011413574, "lowlevel.silence_rate_60dB.mean": 0.0014094432117417455, "lowlevel.silence_rate_60dB.stdev": 0.037515826523303986, "lowlevel.spectral_centroid.mean": 1625.0223388671875, "lowlevel.spectral_centroid.stdev": 461.4757385253906, "lowlevel.spectral_complexity.mean": 27.44890785217285, "lowlevel.spectral_complexity.stdev": 7.613137722015381, "lowlevel.spectral_decrease.mean": -1.2674134630685785e-08, "lowlevel.spectral_decrease.stdev": 1.3435777823644912e-08, "lowlevel.spectral_energy.mean": 0.0504586435854435, "lowlevel.spectral_energy.stdev": 0.051438894122838974, "lowlevel.spectral_energyband_high.mean": 0.0010935683967545629, "lowlevel.spectral_energyband_high.stdev": 0.001282889279536903, "lowlevel.spectral_energyband_low.mean": 0.02935624308884144, "lowlevel.spectral_energyband_low.stdev": 0.04680659994482994, "lowlevel.spectral_energyband_middle_high.mean": 0.008463787846267223, "lowlevel.spectral_energyband_middle_high.stdev": 0.005831326358020306, "lowlevel.spectral_energyband_middle_low.mean": 0.014254097826778889, "lowlevel.spectral_energyband_middle_low.stdev": 0.011977918446063995, "lowlevel.spectral_entropy.mean": 7.7499871253967285, "lowlevel.spectral_entropy.stdev": 0.24657303094863892, "lowlevel.spectral_flux.mean": 0.1401083916425705, "lowlevel.spectral_flux.stdev": 0.09288324415683746, "lowlevel.spectral_kurtosis.mean": 3.7811150550842285, "lowlevel.spectral_kurtosis.stdev": 1.683634638786316, "lowlevel.spectral_rms.mean": 0.006403530482202768, "lowlevel.spectral_rms.stdev": 0.002867537783458829, "lowlevel.spectral_rolloff.mean": 1724.2947998046875, "lowlevel.spectral_rolloff.stdev": 1457.22314453125, "lowlevel.spectral_skewness.mean": 1.3229131698608398, "lowlevel.spectral_skewness.stdev": 0.24713173508644104, "lowlevel.spectral_spread.mean": 4149494.75, "lowlevel.spectral_spread.stdev": 1213019.625, "lowlevel.spectral_strongpeak.mean": 0.8242476582527161, "lowlevel.spectral_strongpeak.stdev": 1.1887601613998413, "lowlevel.zerocrossingrate.mean": 0.06358426809310913, "lowlevel.zerocrossingrate.stdev": 0.030875910073518753, "metadata.audio_properties.analysis.equal_loudness": 0.0, "metadata.audio_properties.analysis.length": 32.91732406616211, "metadata.audio_properties.analysis.sample_rate": 44100.0, "metadata.audio_properties.analysis.start_time": 0.0, "metadata.audio_properties.bit_rate": 104484.0, "metadata.audio_properties.length": 32.91733169555664, "metadata.audio_properties.lossless": 0.0, "metadata.audio_properties.number_channels": 1.0, "metadata.audio_properties.replay_gain": -8.353731155395508, "metadata.audio_properties.sample_rate": 48000.0, "rhythm.beats_count": 67.0, "rhythm.beats_loudness.mean": 0.09552309662103653, "rhythm.beats_loudness.stdev": 0.03495311737060547, "rhythm.bpm": 124.27462005615234, "rhythm.bpm_histogram_first_peak_bpm": 123.0, "rhythm.bpm_histogram_first_peak_weight": 0.40909093618392944, "rhythm.bpm_histogram_second_peak_bpm": 0.0, "rhythm.bpm_histogram_second_peak_spread": 0.0, "rhythm.bpm_histogram_second_peak_weight": 0.0, "rhythm.danceability": 2.2483954429626465, "rhythm.onset_rate": 3.946868658065796, "tonal.chords_changes_rate": 0.07464788854122162, "tonal.chords_number_rate": 0.014084506779909134, "tonal.chords_strength.mean": 0.5029770731925964, "tonal.chords_strength.stdev": 0.07516177743673325, "tonal.hpcp_crest.mean": 11.228680610656738, "tonal.hpcp_crest.stdev": 5.064757823944092, "tonal.hpcp_entropy.mean": 2.3968491554260254, "tonal.hpcp_entropy.stdev": 0.6852293610572815, "tonal.key_edma.strength": 0.5000560879707336, "tonal.key_krumhansl.strength": 0.49321243166923523, "tonal.key_temperley.strength": 0.5118988156318665, "tonal.tuning_diatonic_strength": 0.3270615339279175, "tonal.tuning_equal_tempered_deviation": 0.24640466272830963, "tonal.tuning_frequency": 434.193115234375, "tonal.tuning_nontempered_energy_ratio": 0.914665937423706, "lowlevel.barkbands.mean": [0.0012900278670713305, 0.019481707364320755, 0.005936160683631897, 0.006205215118825436, 0.004572350066155195, 0.0010738552082329988, 0.0008337858016602695, 0.0007175379432737827, 0.0006944613996893167, 0.00044270313810557127, 0.0005907350569032133, 0.001096174237318337, 0.0011323101352900267, 0.0006820264388807118, 0.0007273477967828512, 0.0008803020464256406, 0.0020828419364988804, 0.00039973747334443033, 0.0003270526067353785, 0.000398157921154052, 0.00027535230037756264, 0.00017902525723911822, 0.00012646126560866833, 0.00016704406880307943, 0.00012099587183911353, 2.5344090317958035e-05, 1.7402023155810298e-09], "lowlevel.barkbands.stdev": [0.00253982818685472, 0.03916670382022858, 0.009403828531503677, 0.00770797673612833, 0.005235276184976101, 0.002173853339627385, 0.0022879813332110643, 0.0016491548158228397, 0.0019775519613176584, 0.0010599575471132994, 0.0018824682338163257, 0.0029768000822514296, 0.0019498729379847646, 0.0009872869122773409, 0.0012685421388596296, 0.0013664831640198827, 0.0016368284123018384, 0.0003687830758281052, 0.0003039662551600486, 0.00033626946969889104, 0.0003200392529834062, 0.0003443897294346243, 0.00023698991572018713, 0.0003630606515798718, 0.0002934988297056407, 5.422954200184904e-05, 2.7134892111035924e-09], "lowlevel.erbbands.mean": [0.6728625893592834, 3.8878724575042725, 7.032238960266113, 14.275897026062012, 23.31753158569336, 10.095746994018555, 7.8716511726379395, 9.902847290039062, 13.312453269958496, 11.236889839172363, 15.475996971130371, 14.86634635925293, 17.321874618530273, 16.57062530517578, 37.58663558959961, 38.594058990478516, 52.07637023925781, 37.47262191772461, 41.40922927856445, 31.747411727905273, 69.99431610107422, 118.00511169433594, 29.9488525390625, 17.07573127746582, 17.45063591003418, 17.93865966796875, 13.613697052001953, 9.195051193237305, 6.466421604156494, 4.853811264038086, 3.497864246368408, 3.429453134536743, 2.8184661865234375, 1.4326200485229492, 0.8318005204200745, 0.26240453124046326, 0.011215307749807835, 0.00032253822428174317, 5.10550853505265e-05, 6.260660302359611e-05], "lowlevel.erbbands.stdev": [1.4165085554122925, 8.12464714050293, 11.830198287963867, 17.36653709411621, 25.524696350097656, 16.351058959960938, 16.855712890625, 21.91396141052246, 35.14363098144531, 22.434003829956055, 35.378807067871094, 50.21268081665039, 48.62856674194336, 43.408668518066406, 93.27251434326172, 84.83612060546875, 85.09709167480469, 53.236541748046875, 62.97780990600586, 48.45504379272461, 86.02957153320312, 90.86032104492188, 24.45125961303711, 14.178814888000488, 17.318180084228516, 15.250452041625977, 13.221658706665039, 12.362204551696777, 12.111798286437988, 10.24738883972168, 6.302725315093994, 6.634768009185791, 6.645716667175293, 3.7117574214935303, 1.9255176782608032, 0.556147575378418, 0.023232476785779, 0.0006470094667747617, 5.646976933348924e-05, 5.698712993762456e-05], "lowlevel.gfcc.mean": [30.5678768157959, 91.61103057861328, -133.13955688476562, 61.39046096801758, -41.69580078125, 30.359699249267578, -44.47821807861328, 11.312027931213379, -30.89742660522461, -4.418354034423828, -18.47418785095215, -7.8717145919799805, -6.532541751861572], "lowlevel.melbands.mean": [0.0057015810161828995, 0.004155607894062996, 0.0028539164923131466, 0.0011598800774663687, 0.00029311361140571535, 0.00021683108934666961, 0.0001988176954910159, 0.00013361952733248472, 0.00011724295472959056, 9.847128239925951e-05, 8.432874892605469e-05, 6.214815948624164e-05, 0.00010056665632873774, 0.00014707029913552105, 8.791046275291592e-05, 0.00011050241300836205, 6.348029273794964e-05, 6.682521052425727e-05, 4.7739624278619885e-05, 4.470686326385476e-05, 8.916608931031078e-05, 0.00014448107685893774, 4.52964632131625e-05, 1.530118788650725e-05, 1.3382688848651014e-05, 1.1921705663553439e-05, 1.3825248970533721e-05, 1.1643045581877232e-05, 8.958394573710393e-06, 7.253524017869495e-06, 4.640794941224158e-06, 3.784217369684484e-06, 3.2094292237161426e-06, 2.4496696369169513e-06, 2.030423274845816e-06, 1.8799729559759726e-06, 2.1582507088169223e-06, 2.061382701867842e-06, 1.4052188817004208e-06, 1.1629331311269198e-06], "lowlevel.melbands.stdev": [0.011602748185396194, 0.007140805944800377, 0.003099682042375207, 0.001311363186687231, 0.0005797928897663951, 0.00046545470831915736, 0.0005186693160794675, 0.0002676705189514905, 0.0002731579588726163, 0.0003251363814342767, 0.00023837111075408757, 0.00017112631758209318, 0.0002573964884504676, 0.00041652232175692916, 0.00018803210696205497, 0.00017576126265339553, 0.0001044112941599451, 0.0001011157437460497, 8.873240585671738e-05, 7.658445974811912e-05, 0.000107843559817411, 0.00011592345254030079, 4.3489464587764814e-05, 1.3728829799219966e-05, 1.211601647810312e-05, 1.200164024339756e-05, 1.4495072719000746e-05, 1.0270799975842237e-05, 8.647564754937775e-06, 8.807376616459806e-06, 6.6284633248869795e-06, 7.084798198775388e-06, 7.1018098424247e-06, 5.360030172596453e-06, 3.921696134057129e-06, 3.124620889138896e-06, 4.6682889660587534e-06, 5.046937985753175e-06, 3.3471494589321082e-06, 3.221021415811265e-06], "lowlevel.melbands128.mean": [0.0011790413409471512, 0.005512076895684004, 0.00769818527624011, 0.005988499615341425, 0.0038500830996781588, 0.00283599691465497, 0.002729821251705289, 0.0033010488841682673, 0.0025636632926762104, 0.000872867414727807, 0.0004172644403297454, 0.0003702049143612385, 0.0002736401802394539, 0.0001702894369373098, 0.0002138362469850108, 0.0002577285631559789, 0.00020495422359090298, 0.000227655065828003, 0.0001364398776786402, 9.500045416643843e-05, 0.00015263758541550487, 0.000183709867997095, 9.883764141704887e-05, 6.949385715415701e-05, 9.505941852694377e-05, 9.659602801548317e-05, 0.0001362545444862917, 7.503635424654931e-05, 5.4553984227823094e-05, 5.784355744253844e-05, 6.661868246737868e-05, 6.803215364925563e-05, 7.704209565417841e-05, 0.0001291444496018812, 0.00021968522923998535, 0.0001397366722812876, 5.24104070791509e-05, 6.334146746667102e-05, 0.0001277276169275865, 0.00013842291082255542, 0.00010503207158762962, 7.032676512608305e-05, 6.681900413241237e-05, 5.479327228385955e-05, 6.117541488492861e-05, 7.380821625702083e-05, 6.949952512513846e-05, 5.1071161578875035e-05, 3.443313835305162e-05, 3.930694947484881e-05, 3.2784340874059126e-05, 6.363798456732184e-05, 8.640671148896217e-05, 7.427131640724838e-05, 0.00015568580420222133, 0.00019060593331232667, 0.00010437984019517899, 4.769257429870777e-05, 3.138768806820735e-05, 1.921520561154466e-05, 1.3883007341064513e-05, 1.197933033836307e-05, 1.4782706784899347e-05, 1.3843404303770512e-05, 1.1237735634495039e-05, 1.183045515062986e-05, 1.2292712199268863e-05, 1.1749036275432445e-05, 1.7493941413704306e-05, 1.2440938007785007e-05, 8.753883776080329e-06, 1.4403165550902486e-05, 1.0108401511388365e-05, 7.69068174122367e-06, 7.474403901142068e-06, 8.139124474837445e-06, 7.040041055006441e-06, 4.92004755869857e-06, 4.236745098751271e-06, 4.370447186374804e-06, 4.275498667993816e-06, 3.4523229714977788e-06, 2.8000774818792706e-06, 3.71128112419683e-06, 2.914808874265873e-06, 2.6461427751200972e-06, 2.044309894699836e-06, 2.4550843136239564e-06, 2.0325051082181744e-06, 1.7767547433322761e-06, 1.817590487007692e-06, 1.7627942270337371e-06, 2.239259856651188e-06, 2.417178166069789e-06, 1.8996099697687896e-06, 1.795756816136418e-06, 2.229596248071175e-06, 2.4613136702100746e-06, 9.841803603194421e-07, 1.2971951264262316e-06, 1.1080924195994157e-06, 1.2509462976595387e-06, 1.0067665243695956e-06, 1.0580478146948735e-06, 9.6662984105933e-07, 9.376795446769393e-07, 7.007092222011124e-07, 6.522624289573287e-07, 4.7668513047938177e-07, 2.949219890524546e-07, 3.202148946002126e-08, 3.70256394988111e-11, 1.0738943588550764e-11, 9.351901197884871e-12, 9.034403433694216e-12, 8.885322165530507e-12, 8.45919341518897e-12, 8.166696485734093e-12, 8.053593382462143e-12, 7.741703979269321e-12, 7.658819758948887e-12, 7.381757531621513e-12, 7.171024191121589e-12, 7.0379184251290194e-12, 6.869156719130354e-12, 6.662034205545675e-12, 6.5392522126395125e-12, 6.493587785538768e-12], "lowlevel.melbands128.stdev": [0.0024084520991891623, 0.012004726566374302, 0.017076915130019188, 0.01289553102105856, 0.007386168465018272, 0.004273995757102966, 0.0037411239463835955, 0.00402720645070076, 0.003069608937948942, 0.0016761205624789, 0.0010105534456670284, 0.0008894952479749918, 0.0007670007762499154, 0.0004355832061264664, 0.0005777802434749901, 0.0007166920113377273, 0.0006644780514761806, 0.000794771418441087, 0.0004734342510346323, 0.0002828558790497482, 0.00041971172322519124, 0.000521186157129705, 0.00036653236020356417, 0.00024037975526880473, 0.0005184300825931132, 0.000417538161855191, 0.0005217560101300478, 0.0003001287404913455, 0.00015431406791321933, 0.0001945152471307665, 0.00023159681586548686, 0.000399938493501395, 0.00024255021708086133, 0.00048363805399276316, 0.0007770692463964224, 0.0004828880773857236, 0.0001755211706040427, 0.00019078449986409396, 0.00039398876833729446, 0.0002840411907527596, 0.00022570240253116935, 0.00013605751155409962, 0.00017561600543558598, 0.00010382468462921679, 0.0001036908506648615, 0.0001751109230099246, 0.00016133426106534898, 0.00014396454207599163, 9.12430405151099e-05, 9.057329589268193e-05, 0.00010538646165514365, 0.00014739035395905375, 0.00017811969155445695, 0.00011070764594478533, 0.00017626752378419042, 0.00018513099348638207, 0.00011614351387834176, 7.438231841661036e-05, 4.057026671944186e-05, 2.379870966251474e-05, 1.6031324776122347e-05, 1.4251567336032167e-05, 1.5573281416436657e-05, 1.4320833543024492e-05, 1.4333736544358544e-05, 1.2899114153697155e-05, 1.7121330529334955e-05, 1.6236366718658246e-05, 2.0545949155348353e-05, 1.3543573913921136e-05, 1.024759876600001e-05, 1.5192435057542752e-05, 1.100226381822722e-05, 9.36921060201712e-06, 8.441156751359813e-06, 1.0580537491478026e-05, 1.0435964213684201e-05, 9.217449587595183e-06, 5.896445145481266e-06, 7.336983799177688e-06, 8.819912181934342e-06, 7.307326086447574e-06, 6.664904503850266e-06, 8.97736299521057e-06, 6.656285222561564e-06, 6.159013992146356e-06, 5.100492671772372e-06, 5.511954441317357e-06, 4.162601726420689e-06, 3.5122673125442816e-06, 3.603864570322912e-06, 2.935474185505882e-06, 4.5586352825921495e-06, 5.708171556761954e-06, 4.93266179546481e-06, 4.873465968557866e-06, 5.7692222981131636e-06, 6.502302767330548e-06, 2.309440105818794e-06, 3.4183326533820946e-06, 3.487261892587412e-06, 3.958350589527981e-06, 2.634696784298285e-06, 2.5475831080257194e-06, 2.4185651454899926e-06, 2.239503146483912e-06, 1.6846659036673373e-06, 1.642969436943531e-06, 1.031080159918929e-06, 7.069190246511425e-07, 9.46857099393128e-08, 5.24312870897603e-10, 3.824097982718655e-11, 1.4312669972815772e-11, 1.3919017848029736e-11, 1.5621158880319008e-11, 1.329932691751523e-11, 1.2617438344131315e-11, 1.3467576880088483e-11, 1.2107062748178965e-11, 1.333606402392773e-11, 1.1419231012166353e-11, 1.1056901921824291e-11, 1.0868881315795331e-11, 1.0708599805508978e-11, 1.0580287514161402e-11, 1.0487810273018816e-11, 1.0430804657513004e-11], "lowlevel.mfcc.mean": [-601.3201293945312, 105.3353042602539, -14.240026473999023, 34.30900573730469, 23.952533721923828, 17.477964401245117, 9.491573333740234, 7.588866710662842, 4.277738571166992, -3.4386963844299316, -6.911664009094238, 7.2494049072265625, -3.324202537536621], "lowlevel.spectral_contrast_coeffs.mean": [-0.6606385111808777, -0.7678241729736328, -0.790862500667572, -0.7899743914604187, -0.7787646055221558, -0.7447433471679688], "lowlevel.spectral_contrast_coeffs.stdev": [0.06579438596963882, 0.07931769639253616, 0.0673307478427887, 0.04597979038953781, 0.026418466120958328, 0.03607527166604996], "lowlevel.spectral_contrast_valleys.mean": [-6.418139934539795, -6.980175018310547, -7.055312156677246, -6.872312068939209, -6.801302909851074, -9.898486137390137], "lowlevel.spectral_contrast_valleys.stdev": [0.6208427548408508, 0.4968295991420746, 0.4061543047428131, 0.3754236400127411, 0.38462600111961365, 0.7279708981513977], "rhythm.beats_loudness_band_ratio.mean": [0.8286576867103577, 0.05733996257185936, 0.03232138976454735, 0.040674641728401184, 0.05606529116630554, 0.01814783364534378], "rhythm.beats_loudness_band_ratio.stdev": [0.09561966359615326, 0.05143916979432106, 0.04808158054947853, 0.05975249409675598, 0.03481133282184601, 0.012041140347719193], "tonal.hpcp.mean": [0.181544229388237, 0.18583999574184418, 0.09781977534294128, 0.0700133889913559, 0.055295784026384354, 0.04992014914751053, 0.07042247802019119, 0.09846241027116776, 0.09814944118261337, 0.09351635724306107, 0.08632025867700577, 0.0880458801984787, 0.15850917994976044, 0.20406602323055267, 0.1439918875694275, 0.09212494641542435, 0.10218428820371628, 0.12315237522125244, 0.11334007978439331, 0.1000136286020279, 0.12722529470920563, 0.22275464236736298, 0.23676352202892303, 0.15044651925563812, 0.11446050554513931, 0.09660892933607101, 0.11139202117919922, 0.2678603231906891, 0.3186456263065338, 0.17986565828323364, 0.09018586575984955, 0.05429321527481079, 0.049980029463768005, 0.05465221777558327, 0.05965372920036316, 0.08424722403287888], "tonal.hpcp.stdev": [0.300031453371048, 0.3065086603164673, 0.19255293905735016, 0.17799951136112213, 0.15943396091461182, 0.14286091923713684, 0.16545455157756805, 0.215444877743721, 0.2143455594778061, 0.2204684019088745, 0.20330685377120972, 0.18215639889240265, 0.23662935197353363, 0.28807497024536133, 0.22228625416755676, 0.1862596869468689, 0.19509713351726532, 0.19188769161701202, 0.1657540500164032, 0.14953981339931488, 0.1961481273174286, 0.29969748854637146, 0.322012722492218, 0.2410346269607544, 0.21686981618404388, 0.1907384991645813, 0.20284613966941833, 0.35728755593299866, 0.3903137445449829, 0.26667383313179016, 0.17738887667655945, 0.1426115334033966, 0.1318710297346115, 0.14406628906726837, 0.14888067543506622, 0.18126845359802246], "rhythm.beats_position": [0.4760090708732605, 0.9636281132698059, 1.4396371841430664, 1.9272562265396118, 2.4148752689361572, 2.902494192123413, 3.3785033226013184, 3.8545124530792236, 4.342131614685059, 4.8297505378723145, 5.31736946105957, 5.804988384246826, 6.2809977531433105, 6.757006645202637, 7.244625568389893, 7.732244968414307, 8.219863891601562, 8.695873260498047, 9.171881675720215, 9.659501075744629, 10.147119522094727, 10.63473892211914, 11.122358322143555, 11.598366737365723, 12.074376106262207, 12.561995506286621, 13.049613952636719, 13.537233352661133, 14.013242721557617, 14.489251136779785, 14.96526050567627, 15.452879905700684, 15.928888320922852, 16.416507720947266, 16.90412712097168, 17.391746520996094, 17.879364013671875, 18.36698341369629, 18.842992782592773, 19.319002151489258, 19.806621551513672, 20.282630920410156, 20.758638381958008, 21.246257781982422, 21.733877182006836, 22.20988655090332, 22.685895919799805, 23.173513412475586, 23.6611328125, 24.148752212524414, 24.6247615814209, 25.100770950317383, 25.588390350341797, 26.076007843017578, 26.563627243041992, 27.039636611938477, 27.51564598083496, 28.003265380859375, 28.49088478088379, 28.96689224243164, 29.442901611328125, 29.93052101135254, 30.418140411376953, 30.905759811401367, 31.39337730407715, 31.869386672973633, 32.34539794921875], "rhythm.bpm_histogram": [0.0, 0.0, 0.0, 0.0, 0.0, 0.0, 0.0, 0.0, 0.0, 0.0, 0.0, 0.0, 0.0, 0.0, 0.0, 0.0, 0.0, 0.0, 0.0, 0.0, 0.0, 0.0, 0.0, 0.0, 0.0, 0.0, 0.0, 0.0, 0.0, 0.0, 0.0, 0.0, 0.0, 0.0, 0.0, 0.0, 0.0, 0.0, 0.0, 0.0, 0.0, 0.0, 0.0, 0.0, 0.0, 0.0, 0.0, 0.0, 0.0, 0.0, 0.0, 0.0, 0.0, 0.0, 0.0, 0.0, 0.0, 0.0, 0.0, 0.0, 0.0, 0.0, 0.0, 0.0, 0.0, 0.0, 0.0, 0.0, 0.0, 0.0, 0.0, 0.0, 0.0, 0.0, 0.0, 0.0, 0.0, 0.0, 0.0, 0.0, 0.0, 0.0, 0.0, 0.0, 0.0, 0.0, 0.0, 0.0, 0.0, 0.0, 0.0, 0.0, 0.0, 0.0, 0.0, 0.0, 0.0, 0.0, 0.0, 0.0, 0.0, 0.0, 0.0, 0.0, 0.0, 0.0, 0.0, 0.0, 0.0, 0.0, 0.0, 0.0, 0.0, 0.0, 0.0, 0.0, 0.0, 0.0, 0.0, 0.0, 0.0, 0.0, 0.0, 0.5909090638160706, 0.0, 0.0, 0.40909090638160706, 0.0, 0.0, 0.0, 0.0, 0.0, 0.0, 0.0, 0.0, 0.0, 0.0, 0.0, 0.0, 0.0, 0.0, 0.0, 0.0, 0.0, 0.0, 0.0, 0.0, 0.0, 0.0, 0.0, 0.0, 0.0, 0.0, 0.0, 0.0, 0.0, 0.0, 0.0, 0.0, 0.0, 0.0, 0.0, 0.0, 0.0, 0.0, 0.0, 0.0, 0.0, 0.0, 0.0, 0.0, 0.0, 0.0, 0.0, 0.0, 0.0, 0.0, 0.0, 0.0, 0.0, 0.0, 0.0, 0.0, 0.0, 0.0, 0.0, 0.0, 0.0, 0.0, 0.0, 0.0, 0.0, 0.0, 0.0, 0.0, 0.0, 0.0, 0.0, 0.0, 0.0, 0.0, 0.0, 0.0, 0.0, 0.0, 0.0, 0.0, 0.0, 0.0, 0.0, 0.0, 0.0, 0.0, 0.0, 0.0, 0.0, 0.0, 0.0, 0.0, 0.0, 0.0, 0.0, 0.0, 0.0, 0.0, 0.0, 0.0, 0.0, 0.0, 0.0, 0.0, 0.0, 0.0, 0.0, 0.0, 0.0, 0.0, 0.0, 0.0, 0.0, 0.0, 0.0, 0.0, 0.0, 0.0, 0.0, 0.0, 0.0, 0.0, 0.0], "tonal.chords_histogram": [27.18309783935547, 1.408450722694397, 0.0, 0.28169015049934387, 18.16901397705078, 11.408451080322266, 9.154929161071777, 0.0, 0.0, 0.0, 0.0, 1.6901408433914185, 0.0, 0.0, 0.0, 0.7042253613471985, 0.0, 10.14084529876709, 0.0, 0.0, 0.0, 10.28169059753418, 4.084506988525391, 5.492957592010498], "tonal.thpcp": [1.0, 0.5644692778587341, 0.2830287218093872, 0.17038744688034058, 0.15685145556926727, 0.171514093875885, 0.18721026182174683, 0.26439160108566284, 0.5697370767593384, 0.5832183957099915, 0.30698609352111816, 0.21972179412841797, 0.17353379726409912, 0.15666353702545166, 0.2210056334733963, 0.3090028464794159, 0.308020681142807, 0.2934807538986206, 0.27089735865592957, 0.27631285786628723, 0.49744659662246704, 0.6404168605804443, 0.45188722014427185, 0.2891141176223755, 0.32068315148353577, 0.3864869475364685, 0.35569319128990173, 0.31387102603912354, 0.3992689251899719, 0.6990669965744019, 0.743030846118927, 0.47214367985725403, 0.35920941829681396, 0.3031861186027527, 0.3495796322822571, 0.8406213521957397], "lowlevel.gfcc.cov": [[1455.6123046875, -244.05946350097656, 226.926025390625, 96.17170715332031, -52.80543518066406, 187.29051208496094, 26.975732803344727, 113.3216323852539, 63.871456146240234, 96.59645080566406, 31.494258880615234, 53.46746063232422, -14.757121086120605], [-244.05946350097656, 797.0670776367188, -144.0476531982422, -69.06294250488281, 85.67918395996094, -217.64857482910156, 139.79530334472656, -55.23411560058594, 123.42896270751953, 3.2920706272125244, 118.52039337158203, -71.10551452636719, 87.98160552978516], [226.926025390625, -144.0476531982422, 304.40283203125, 120.57410430908203, 12.25358772277832, 68.02477264404297, -19.096406936645508, 53.43497848510742, 27.129798889160156, 60.02589416503906, 24.015575408935547, 48.738853454589844, -7.707423210144043], [96.17170715332031, -69.06294250488281, 120.57410430908203, 185.59059143066406, 77.0159912109375, 30.15260887145996, 20.716140747070312, 2.0666966438293457, 29.157461166381836, 12.759241104125977, -4.1823883056640625, 20.529312133789062, 12.45472526550293], [-52.80543518066406, 85.67918395996094, 12.25358772277832, 77.0159912109375, 156.43247985839844, 30.8432674407959, 51.60856628417969, 8.431084632873535, 29.2202205657959, -4.047727108001709, 7.290424823760986, -2.6380531787872314, 37.73753356933594], [187.29051208496094, -217.64857482910156, 68.02477264404297, 30.15260887145996, 30.8432674407959, 181.2395477294922, 56.669898986816406, 60.360023498535156, -16.02212905883789, -1.9947125911712646, -12.313403129577637, 16.667346954345703, -16.7921085357666], [26.975732803344727, 139.79530334472656, -19.096406936645508, 20.716140747070312, 51.60856628417969, 56.669898986816406, 183.50521850585938, 49.13803482055664, 45.17814636230469, -5.8887104988098145, 24.560155868530273, -14.505905151367188, 15.258191108703613], [113.3216323852539, -55.23411560058594, 53.43497848510742, 2.0666966438293457, 8.431084632873535, 60.360023498535156, 49.13803482055664, 98.45160675048828, 47.17942428588867, 23.59789276123047, 6.336328029632568, 3.123976707458496, -1.2522677183151245], [63.871456146240234, 123.42896270751953, 27.129798889160156, 29.157461166381836, 29.2202205657959, -16.02212905883789, 45.17814636230469, 47.17942428588867, 118.60982513427734, 57.61042785644531, 37.01765441894531, -14.456265449523926, 21.72804069519043], [96.59645080566406, 3.2920706272125244, 60.02589416503906, 12.759241104125977, -4.047727108001709, -1.9947125911712646, -5.8887104988098145, 23.59789276123047, 57.61042785644531, 97.40748596191406, 48.38962173461914, 15.50903606414795, -4.571669101715088], [31.494258880615234, 118.52039337158203, 24.015575408935547, -4.1823883056640625, 7.290424823760986, -12.313403129577637, 24.560155868530273, 6.336328029632568, 37.01765441894531, 48.38962173461914, 93.40403747558594, 23.842266082763672, 20.049964904785156], [53.46746063232422, -71.10551452636719, 48.738853454589844, 20.529312133789062, -2.6380531787872314, 16.667346954345703, -14.505905151367188, 3.123976707458496, -14.456265449523926, 15.50903606414795, 23.842266082763672, 79.55445861816406, 24.089950561523438], [-14.757121086120605, 87.98160552978516, -7.707423210144043, 12.45472526550293, 37.73753356933594, -16.7921085357666, 15.258191108703613, -1.2522677183151245, 21.72804069519043, -4.571669101715088, 20.049964904785156, 24.089950561523438, 72.45307922363281]], "lowlevel.gfcc.icov": [[0.0010580666130408645, -0.0010664862347766757, 0.0001759311999194324, -0.001351491897366941, 0.0016357825370505452, -0.0023733663838356733, 0.0011106275487691164, -0.0010535584297031164, 0.00035118465893901885, -0.0011527097085490823, 0.0008565214811824262, -0.0005593112437054515, -0.00012167749082436785], [-0.0010664862347766757, 0.01423900481313467, -0.004264305345714092, 0.0109573258087039, -0.009351665154099464, 0.017277754843235016, -0.01275465078651905, 0.010762088000774384, -0.009270383976399899, 0.008535576052963734, -0.012451931834220886, 0.008158693090081215, -0.004046067129820585], [0.0001759311999194324, -0.004264305345714092, 0.008339016698300838, -0.00840219110250473, 0.004076728597283363, -0.0061812871135771275, 0.005882016848772764, -0.007382519077509642, 0.00438658008351922, -0.004821282811462879, 0.0019376822747290134, -0.0034057910088449717, 0.001599675277248025], [-0.001351491897366941, 0.0109573258087039, -0.00840219110250473, 0.02078893780708313, -0.012690779753029346, 0.013542412780225277, -0.011561788618564606, 0.014454484917223454, -0.012204176746308804, 0.008534983731806278, -0.005607592407613993, 0.0025675944052636623, -0.0007185199647210538], [0.0016357825370505452, -0.009351665154099464, 0.004076728597283363, -0.012690779753029346, 0.017986293882131577, -0.014612412080168724, 0.007667978294193745, -0.007203629706054926, 0.005836418364197016, -0.006320442073047161, 0.007109811995178461, -0.0020856710616499186, -0.0036130063235759735], [-0.0023733663838356733, 0.017277754843235016, -0.0061812871135771275, 0.013542412780225277, -0.014612412080168724, 0.032516662031412125, -0.018491769209504128, 0.006893879733979702, -0.005352449603378773, 0.009598905220627785, -0.0136232515797019, 0.008250828832387924, -0.0020516563672572374], [0.0011106275487691164, -0.01275465078651905, 0.005882016848772764, -0.011561788618564606, 0.007667978294193745, -0.018491769209504128, 0.020837178453803062, -0.01300581730902195, 0.005513830576092005, -0.00394560769200325, 0.0066806860268116, -0.0056363302282989025, 0.0035578373353928328], [-0.0010535584297031164, 0.010762088000774384, -0.007382519077509642, 0.014454484917223454, -0.007203629706054926, 0.006893879733979702, -0.01300581730902195, 0.03148512914776802, -0.01925649121403694, 0.008195876143872738, -0.005037263967096806, 0.0025715890806168318, -0.001089462311938405], [0.00035118465893901885, -0.009270383976399899, 0.00438658008351922, -0.012204176746308804, 0.005836418364197016, -0.005352449603378773, 0.005513830576092005, -0.01925649121403694, 0.03241259977221489, -0.01908172480762005, 0.005787545349448919, 0.004699461627751589, -0.005969506222754717], [-0.0011527097085490823, 0.008535576052963734, -0.004821282811462879, 0.008534983731806278, -0.006320442073047161, 0.009598905220627785, -0.00394560769200325, 0.008195876143872738, -0.01908172480762005, 0.030214084312319756, -0.01583709567785263, -0.0005683337221853435, 0.006109978072345257], [0.0008565214811824262, -0.012451931834220886, 0.0019376822747290134, -0.005607592407613993, 0.007109811995178461, -0.0136232515797019, 0.0066806860268116, -0.005037263967096806, 0.005787545349448919, -0.01583709567785263, 0.030525868758559227, -0.012252142652869225, 0.0010020292829722166], [-0.0005593112437054515, 0.008158693090081215, -0.0034057910088449717, 0.0025675944052636623, -0.0020856710616499186, 0.008250828832387924, -0.0056363302282989025, 0.0025715890806168318, 0.004699461627751589, -0.0005683337221853435, -0.012252142652869225, 0.0275544635951519, -0.01381112914532423], [-0.00012167749082436785, -0.004046067129820585, 0.001599675277248025, -0.0007185199647210538, -0.0036130063235759735, -0.0020516563672572374, 0.0035578373353928328, -0.001089462311938405, -0.005969506222754717, 0.006109978072345257, 0.0010020292829722166, -0.01381112914532423, 0.02611294575035572]], "lowlevel.mfcc.cov": [[1332.74365234375, -218.1553955078125, 198.53814697265625, -48.57575607299805, 16.286787033081055, 59.5172119140625, 17.40747833251953, 51.910675048828125, 30.156238555908203, 83.6066665649414, 74.12139892578125, 23.202428817749023, 13.906991004943848], [-218.1553955078125, 711.0861206054688, -187.78453063964844, 102.78746795654297, -87.99845886230469, -67.60560607910156, -15.235710144042969, -57.34465789794922, 3.5095114707946777, 30.8844051361084, 29.592294692993164, 26.50175666809082, 27.431089401245117], [198.53814697265625, -187.78453063964844, 274.49200439453125, 13.565951347351074, 44.521507263183594, 13.052809715270996, 3.2599523067474365, 15.706006050109863, -5.8480377197265625, 11.116459846496582, 44.03919982910156, 10.536683082580566, 27.86697769165039], [-48.57575607299805, 102.78746795654297, 13.565951347351074, 190.8983154296875, 34.18991470336914, 36.1959114074707, -16.508380889892578, -3.5234034061431885, 19.160919189453125, 13.597151756286621, 4.324752330780029, -2.1525540351867676, 27.508747100830078], [16.286787033081055, -87.99845886230469, 44.521507263183594, 34.18991470336914, 140.79298400878906, 31.054054260253906, -1.2920963764190674, -1.7048951387405396, 17.702457427978516, 1.4829273223876953, -16.832721710205078, 0.8558629155158997, 12.452353477478027], [59.5172119140625, -67.60560607910156, 13.052809715270996, 36.1959114074707, 31.054054260253906, 101.24421691894531, 46.627197265625, 36.27226257324219, 18.08436393737793, 10.470991134643555, 5.5772929191589355, 2.2635862827301025, -2.4035375118255615], [17.40747833251953, -15.235710144042969, 3.2599523067474365, -16.508380889892578, -1.2920963764190674, 46.627197265625, 112.21746826171875, 65.951416015625, 21.06195068359375, 3.8549156188964844, 13.501761436462402, 20.422208786010742, -10.838656425476074], [51.910675048828125, -57.34465789794922, 15.706006050109863, -3.5234034061431885, -1.7048951387405396, 36.27226257324219, 65.951416015625, 106.41220092773438, 49.88399887084961, 13.821651458740234, 4.369024753570557, 5.05596399307251, -4.263639450073242], [30.156238555908203, 3.5095114707946777, -5.8480377197265625, 19.160919189453125, 17.702457427978516, 18.08436393737793, 21.06195068359375, 49.88399887084961, 83.93470001220703, 47.77259063720703, 9.327333450317383, -1.0796079635620117, -0.8513729572296143], [83.6066665649414, 30.8844051361084, 11.116459846496582, 13.597151756286621, 1.4829273223876953, 10.470991134643555, 3.8549156188964844, 13.821651458740234, 47.77259063720703, 98.07691192626953, 54.3431282043457, 8.211055755615234, 1.5326263904571533], [74.12139892578125, 29.592294692993164, 44.03919982910156, 4.324752330780029, -16.832721710205078, 5.5772929191589355, 13.501761436462402, 4.369024753570557, 9.327333450317383, 54.3431282043457, 98.1690444946289, 37.02198028564453, 6.893336296081543], [23.202428817749023, 26.50175666809082, 10.536683082580566, -2.1525540351867676, 0.8558629155158997, 2.2635862827301025, 20.422208786010742, 5.05596399307251, -1.0796079635620117, 8.211055755615234, 37.02198028564453, 68.41939544677734, 17.696836471557617], [13.906991004943848, 27.431089401245117, 27.86697769165039, 27.508747100830078, 12.452353477478027, -2.4035375118255615, -10.838656425476074, -4.263639450073242, -0.8513729572296143, 1.5326263904571533, 6.893336296081543, 17.696836471557617, 67.671630859375]], "lowlevel.mfcc.icov": [[0.0009502631146460772, 4.241784699843265e-05, -0.0006190481944940984, 0.00044429965782910585, 0.00016069617413450032, -0.0006922996253706515, 0.0004626749432645738, -0.00035255341208539903, 0.00017546098388265818, -0.0008214060217142105, 8.262734627351165e-05, -0.0002475150104146451, -6.331229815259576e-05], [4.241784699843265e-05, 0.0028603828977793455, 0.0019104074453935027, -0.002202060306444764, 0.0012651081196963787, 0.0024341645184904337, -0.0019416931318119168, 0.0018805995350703597, -0.000531479308847338, -0.0005506423767656088, -0.0008313414291478693, -0.0003171426069457084, -0.0012251842999830842], [-0.0006190481944940984, 0.0019104074453935027, 0.006495922338217497, -0.0016614517662674189, -0.0013731677317991853, 0.002295692916959524, -0.000973441987298429, -0.0006240508519113064, 0.0013317303964868188, 0.0008969874470494688, -0.004170835949480534, 0.0015070330118760467, -0.002480611205101013], [0.00044429965782910585, -0.002202060306444764, -0.0016614517662674189, 0.008574566803872585, -0.0014790582936257124, -0.005345397163182497, 0.0035689661744982004, -0.0007932941662147641, -0.0014260979369282722, 0.0005740764900110662, -7.39867755328305e-05, 0.0007855393341742456, -0.001624980242922902], [0.00016069617413450032, 0.0012651081196963787, -0.0013731677317991853, -0.0014790582936257124, 0.010194173082709312, -0.002178872935473919, -0.0006624489324167371, 0.003842397592961788, -0.0038135407958179712, -0.000488597434014082, 0.0034829408396035433, -0.00214149197563529, -0.0010280567221343517], [-0.0006922996253706515, 0.0024341645184904337, 0.002295692916959524, -0.005345397163182497, -0.002178872935473919, 0.017968647181987762, -0.007863689213991165, -0.0006398239056579769, 0.0013393496628850698, -0.001247825799509883, -0.0012797450181096792, 0.0014841511147096753, -9.017861157190055e-05], [0.0004626749432645738, -0.0019416931318119168, -0.000973441987298429, 0.0035689661744982004, -0.0006624489324167371, -0.007863689213991165, 0.019889939576387405, -0.011373215354979038, 0.0019292033975943923, 0.0013633354101330042, -0.0008589316857978702, -0.004467426799237728, 0.0032029368449002504], [-0.00035255341208539903, 0.0018805995350703597, -0.0006240508519113064, -0.0007932941662147641, 0.003842397592961788, -0.0006398239056579769, -0.011373215354979038, 0.023915082216262817, -0.013849732466042042, 0.003397149732336402, 0.0005478347884491086, 0.0005559520213864744, -0.0016073747538030148], [0.00017546098388265818, -0.000531479308847338, 0.0013317303964868188, -0.0014260979369282722, -0.0038135407958179712, 0.0013393496628850698, 0.0019292033975943923, -0.013849732466042042, 0.02820489928126335, -0.01426481269299984, 0.004276324063539505, 2.7088944989372976e-05, 0.0006316120270639658], [-0.0008214060217142105, -0.0005506423767656088, 0.0008969874470494688, 0.0005740764900110662, -0.000488597434014082, -0.001247825799509883, 0.0013633354101330042, 0.003397149732336402, -0.01426481269299984, 0.02481514774262905, -0.013920989818871021, 0.004125650972127914, -0.00013507062976714224], [8.262734627351165e-05, -0.0008313414291478693, -0.004170835949480534, -7.39867755328305e-05, 0.0034829408396035433, -0.0012797450181096792, -0.0008589316857978702, 0.0005478347884491086, 0.004276324063539505, -0.013920989818871021, 0.024220798164606094, -0.010733078233897686, 0.001986867981031537], [-0.0002475150104146451, -0.0003171426069457084, 0.0015070330118760467, 0.0007855393341742456, -0.00214149197563529, 0.0014841511147096753, -0.004467426799237728, 0.0005559520213864744, 2.7088944989372976e-05, 0.004125650972127914, -0.010733078233897686, 0.02273443713784218, -0.005939291324466467], [-6.331229815259576e-05, -0.0012251842999830842, -0.002480611205101013, -0.001624980242922902, -0.0010280567221343517, -9.017861157190055e-05, 0.0032029368449002504, -0.0016073747538030148, 0.0006316120270639658, -0.00013507062976714224, 0.001986867981031537, -0.005939291324466467, 0.01892845518887043]], "metadata.audio_properties.analysis.downmix": "mix", "metadata.audio_properties.codec": "mp3", "metadata.audio_properties.md5_encoded": "24e82c2d5804d31d3a7db03fd3ba38e7", "metadata.tags.file_name": "1183720239922417744.mp3", "metadata.version.essentia": "2.1-beta6-dev", "metadata.version.essentia_git_sha": "v2.1_beta5-1110-g77a6a954", "metadata.version.extractor": "music 2.0", "tonal.chords_key": "A", "tonal.chords_scale": "major", "tonal.key_edma.key": "D", "tonal.key_edma.scale": "major", "tonal.key_krumhansl.key": "F#", "tonal.key_krumhansl.scale": "minor", "tonal.key_temperley.key": "A", "tonal.key_temperley.scale": "major"