{"song_id": "1183657887902486528", "download": "https://cdn.discordapp.com/attachments/1135903449314238464/1183657887902486528/chirp.mp4?ex=6589224f&amp", "lyrics": "[Verse]\nIn the darkness, I embark on a journey\nA brand new chapter, an intro to my story\nHeart beats faster, as the rhythm takes control\nSurrounded by melodies, igniting my soul\n\n[Chorus]\nOh, this is the intro, let me take you higher\nFeel the groove, let the music be our fire\nTogether we dance, love and lose control\nThis is the intro, let the rhythm unfold", "style": ["pop</span><span>, house music"], "essentia_features": {"lowlevel.average_loudness": 0.9855197072029114, "lowlevel.barkbands_crest.mean": 15.665432929992676, "lowlevel.barkbands_crest.stdev": 7.394655227661133, "lowlevel.barkbands_flatness_db.mean": 0.211717888712883, "lowlevel.barkbands_flatness_db.stdev": 0.12341241538524628, "lowlevel.barkbands_kurtosis.mean": 54.222164154052734, "lowlevel.barkbands_kurtosis.stdev": 98.16827392578125, "lowlevel.barkbands_skewness.mean": 4.718846797943115, "lowlevel.barkbands_skewness.stdev": 4.291436672210693, "lowlevel.barkbands_spread.mean": 22.326250076293945, "lowlevel.barkbands_spread.stdev": 25.004261016845703, "lowlevel.dissonance.mean": 0.4562540650367737, "lowlevel.dissonance.stdev": 0.03381446748971939, "lowlevel.dynamic_complexity": 3.1558077335357666, "lowlevel.erbbands_crest.mean": 8.03494930267334, "lowlevel.erbbands_crest.stdev": 3.498568534851074, "lowlevel.erbbands_flatness_db.mean": 0.1260097473859787, "lowlevel.erbbands_flatness_db.stdev": 0.05064839869737625, "lowlevel.erbbands_kurtosis.mean": 0.5896526575088501, "lowlevel.erbbands_kurtosis.stdev": 2.3836829662323, "lowlevel.erbbands_skewness.mean": 0.6906812191009521, "lowlevel.erbbands_skewness.stdev": 0.8987922668457031, "lowlevel.erbbands_spread.mean": 62.61534118652344, "lowlevel.erbbands_spread.stdev": 28.7677059173584, "lowlevel.hfc.mean": 19.050243377685547, "lowlevel.hfc.stdev": 19.87180519104004, "lowlevel.loudness_ebu128.integrated": -14.095684051513672, "lowlevel.loudness_ebu128.loudness_range": 0.5041484832763672, "lowlevel.loudness_ebu128.momentary.mean": -14.233243942260742, "lowlevel.loudness_ebu128.momentary.stdev": 1.1359466314315796, "lowlevel.loudness_ebu128.short_term.mean": -14.093889236450195, "lowlevel.loudness_ebu128.short_term.stdev": 0.16653305292129517, "lowlevel.melbands_crest.mean": 21.080780029296875, "lowlevel.melbands_crest.stdev": 8.169135093688965, "lowlevel.melbands_flatness_db.mean": 0.2952270805835724, "lowlevel.melbands_flatness_db.stdev": 0.15232734382152557, "lowlevel.melbands_kurtosis.mean": 90.33464813232422, "lowlevel.melbands_kurtosis.stdev": 114.2977523803711, "lowlevel.melbands_skewness.mean": 6.228333473205566, "lowlevel.melbands_skewness.stdev": 3.8896286487579346, "lowlevel.melbands_spread.mean": 15.416573524475098, "lowlevel.melbands_spread.stdev": 20.15488624572754, "lowlevel.pitch_salience.mean": 0.4082282781600952, "lowlevel.pitch_salience.stdev": 0.2003486007452011, "lowlevel.silence_rate_20dB.mean": 0.999225378036499, "lowlevel.silence_rate_20dB.stdev": 0.027820706367492676, "lowlevel.silence_rate_30dB.mean": 0.70720374584198, "lowlevel.silence_rate_30dB.stdev": 0.455043762922287, "lowlevel.silence_rate_60dB.mean": 0.03408210724592209, "lowlevel.silence_rate_60dB.stdev": 0.18144145607948303, "lowlevel.spectral_centroid.mean": 975.4344482421875, "lowlevel.spectral_centroid.stdev": 703.8870849609375, "lowlevel.spectral_complexity.mean": 11.312935829162598, "lowlevel.spectral_complexity.stdev": 11.25224494934082, "lowlevel.spectral_decrease.mean": -1.909528357657564e-08, "lowlevel.spectral_decrease.stdev": 2.418082978294933e-08, "lowlevel.spectral_energy.mean": 0.0737977996468544, "lowlevel.spectral_energy.stdev": 0.09166335314512253, "lowlevel.spectral_energyband_high.mean": 0.0010875730076804757, "lowlevel.spectral_energyband_high.stdev": 0.0015070715453475714, "lowlevel.spectral_energyband_low.mean": 0.06351461261510849, "lowlevel.spectral_energyband_low.stdev": 0.09076706320047379, "lowlevel.spectral_energyband_middle_high.mean": 0.001935051754117012, "lowlevel.spectral_energyband_middle_high.stdev": 0.0038008273113518953, "lowlevel.spectral_energyband_middle_low.mean": 0.008612412959337234, "lowlevel.spectral_energyband_middle_low.stdev": 0.015703849494457245, "lowlevel.spectral_entropy.mean": 7.492305278778076, "lowlevel.spectral_entropy.stdev": 0.7634242177009583, "lowlevel.spectral_flux.mean": 0.10878077149391174, "lowlevel.spectral_flux.stdev": 0.1141367182135582, "lowlevel.spectral_kurtosis.mean": 7.58022928237915, "lowlevel.spectral_kurtosis.stdev": 23.50986671447754, "lowlevel.spectral_rms.mean": 0.006862690672278404, "lowlevel.spectral_rms.stdev": 0.0049901194870471954, "lowlevel.spectral_rolloff.mean": 1884.7999267578125, "lowlevel.spectral_rolloff.stdev": 3042.57861328125, "lowlevel.spectral_skewness.mean": 1.7854474782943726, "lowlevel.spectral_skewness.stdev": 1.359190821647644, "lowlevel.spectral_spread.mean": 6550220.5, "lowlevel.spectral_spread.stdev": 2565362.0, "lowlevel.spectral_strongpeak.mean": 0.5863710045814514, "lowlevel.spectral_strongpeak.stdev": 0.36862483620643616, "lowlevel.zerocrossingrate.mean": 0.06892594695091248, "lowlevel.zerocrossingrate.stdev": 0.06221006438136101, "metadata.audio_properties.analysis.equal_loudness": 0.0, "metadata.audio_properties.analysis.length": 29.950952529907227, "metadata.audio_properties.analysis.sample_rate": 44100.0, "metadata.audio_properties.analysis.start_time": 0.0, "metadata.audio_properties.bit_rate": 127103.0, "metadata.audio_properties.length": 29.95199966430664, "metadata.audio_properties.lossless": 0.0, "metadata.audio_properties.number_channels": 1.0, "metadata.audio_properties.replay_gain": -11.175710678100586, "metadata.audio_properties.sample_rate": 48000.0, "rhythm.beats_count": 61.0, "rhythm.beats_loudness.mean": 0.2269737422466278, "rhythm.beats_loudness.stdev": 0.06112029403448105, "rhythm.bpm": 123.82755279541016, "rhythm.bpm_histogram_first_peak_bpm": 123.0, "rhythm.bpm_histogram_first_peak_weight": 0.29629629850387573, "rhythm.bpm_histogram_second_peak_bpm": 112.0, "rhythm.bpm_histogram_second_peak_spread": 0.3333333730697632, "rhythm.bpm_histogram_second_peak_weight": 0.03333333507180214, "rhythm.danceability": 4.063629627227783, "rhythm.onset_rate": 6.240540981292725, "tonal.chords_changes_rate": 0.0, "tonal.chords_number_rate": 0.0015479875728487968, "tonal.chords_strength.mean": 0.6030636429786682, "tonal.chords_strength.stdev": 0.044825807213783264, "tonal.hpcp_crest.mean": 13.420210838317871, "tonal.hpcp_crest.stdev": 5.042142391204834, "tonal.hpcp_entropy.mean": 1.9688369035720825, "tonal.hpcp_entropy.stdev": 0.7601613998413086, "tonal.key_edma.strength": 0.5976601243019104, "tonal.key_krumhansl.strength": 0.611134946346283, "tonal.key_temperley.strength": 0.5962215065956116, "tonal.tuning_diatonic_strength": 0.6269336342811584, "tonal.tuning_equal_tempered_deviation": 0.316915899515152, "tonal.tuning_frequency": 431.19390869140625, "tonal.tuning_nontempered_energy_ratio": 0.9891626834869385, "lowlevel.barkbands.mean": [0.0014215759001672268, 0.055572789162397385, 0.005192355718463659, 0.0030854279175400734, 0.003897948656231165, 0.0009949423838406801, 8.841614180710167e-05, 0.00035082228714600205, 0.0001575993956066668, 0.00022804901527706534, 0.00029948324663564563, 0.00024584619677625597, 0.00023957712983246893, 0.00016405458154622465, 0.00012444598542060703, 0.00015790814359206706, 0.00014296668814495206, 0.00012945568596478552, 0.0001372348633594811, 0.0001728353090584278, 0.0001210260161315091, 0.00013131514424458146, 0.0001324165059486404, 0.0001984035043278709, 0.0001562577672302723, 0.00023897888604551554, 1.570576750964392e-05], "lowlevel.barkbands.stdev": [0.0024838217068463564, 0.08407341688871384, 0.021172184497117996, 0.010652951896190643, 0.0055685327388346195, 0.0008489402243867517, 0.00014958287647459656, 0.0004530088626779616, 0.000319740385748446, 0.00038698932621628046, 0.0007853017887100577, 0.0006590741686522961, 0.0005229379748925567, 0.0003151854907628149, 0.0003107912780251354, 0.00041140211396850646, 0.0003254065231885761, 0.000279712287010625, 0.00029330095276236534, 0.0003398159460630268, 0.00021362931875046343, 0.00019310494826640934, 0.00019812368554994464, 0.0002851273457054049, 0.0002456572838127613, 0.00037235079798847437, 2.896103251259774e-05], "lowlevel.erbbands.mean": [2.0422792434692383, 10.5962553024292, 8.24022388458252, 8.12181282043457, 15.238290786743164, 10.802971839904785, 3.9552762508392334, 10.967995643615723, 4.419895648956299, 2.9679129123687744, 7.475027084350586, 3.3312554359436035, 5.6779656410217285, 9.891483306884766, 12.220060348510742, 9.62439250946045, 10.553094863891602, 9.68578815460205, 6.561861038208008, 7.563313007354736, 8.778358459472656, 8.29875659942627, 6.777550220489502, 7.877721786499023, 6.807496070861816, 8.031071662902832, 5.933875560760498, 4.258869171142578, 4.638656139373779, 4.637166976928711, 3.567905902862549, 4.152461528778076, 3.0212812423706055, 1.7182214260101318, 1.1052485704421997, 0.8421895503997803, 0.4873448610305786, 0.08861006051301956, 0.0018305658595636487, 0.00013477556058205664], "lowlevel.erbbands.stdev": [3.2469518184661865, 17.012836456298828, 24.604108810424805, 30.723257064819336, 29.742712020874023, 14.806272506713867, 5.0545430183410645, 9.42630386352539, 3.7025420665740967, 3.60862135887146, 10.58339786529541, 6.356491565704346, 8.928987503051758, 20.777034759521484, 31.988601684570312, 25.417016983032227, 23.47311019897461, 18.08168601989746, 14.748760223388672, 18.814067840576172, 21.940967559814453, 18.61652183532715, 15.270055770874023, 16.297815322875977, 14.315519332885742, 15.818037986755371, 11.20340633392334, 7.252893447875977, 7.041125297546387, 6.707070350646973, 5.349729537963867, 5.9882097244262695, 4.456257343292236, 2.783815383911133, 1.7863940000534058, 1.4475672245025635, 0.7476452589035034, 0.13360603153705597, 0.002748880535364151, 0.00011806374095613137], "lowlevel.gfcc.mean": [-25.298925399780273, 66.81549072265625, -67.67613220214844, 24.52939224243164, -55.055908203125, 13.21958065032959, -38.5352897644043, 1.3708800077438354, -32.205177307128906, 3.117185115814209, -18.124065399169922, 3.653956890106201, -12.189397811889648], "lowlevel.melbands.mean": [0.016797032207250595, 0.0072650606743991375, 0.0016519225900992751, 0.0010062339715659618, 0.0001667729375185445, 0.00022192124743014574, 6.546346412505955e-05, 4.745391197502613e-05, 5.4635729611618444e-05, 2.0146766473772004e-05, 2.8934528017998673e-05, 3.924254997400567e-05, 4.088985951966606e-05, 3.1344316084869206e-05, 2.058013342320919e-05, 2.5122795705101453e-05, 1.6645879441057332e-05, 1.0440971891512163e-05, 9.69606753642438e-06, 1.0551085324550513e-05, 1.0012715392804239e-05, 8.829043508740142e-06, 6.4493497120565735e-06, 6.169499101815745e-06, 6.482276148744859e-06, 4.82528275824734e-06, 5.383223651733715e-06, 5.3504704737861175e-06, 4.059700131620048e-06, 2.8859155918325996e-06, 2.264624754388933e-06, 2.5612839635869022e-06, 2.661881126186927e-06, 2.605341933303862e-06, 2.0224381387379253e-06, 2.03709146262554e-06, 2.841473815351492e-06, 2.314537596248556e-06, 1.7800714431359665e-06, 1.307721845478227e-06], "lowlevel.melbands.stdev": [0.02573789656162262, 0.013578933663666248, 0.005185859743505716, 0.0015703338431194425, 0.0001999518135562539, 0.00018971074314322323, 5.484271969180554e-05, 5.8319594245404005e-05, 8.600852743256837e-05, 3.9490707422373816e-05, 4.5212029363028705e-05, 7.941234071040526e-05, 0.00010723649029387161, 8.358746708836406e-05, 5.2377163228811696e-05, 5.3342158935265616e-05, 3.1957333703758195e-05, 2.3597471226821654e-05, 2.469546780048404e-05, 2.770580249489285e-05, 2.4992808903334662e-05, 2.0519819372566417e-05, 1.4885332348058e-05, 1.365514617646113e-05, 1.3760388355876785e-05, 1.0792093235068023e-05, 1.1459501365607139e-05, 1.0622684385452885e-05, 8.257303306891117e-06, 5.100653652334586e-06, 4.019886091555236e-06, 4.091541086381767e-06, 3.956871296395548e-06, 3.969815679738531e-06, 3.234820496800239e-06, 3.02527223539073e-06, 4.164973688602913e-06, 3.506083885440603e-06, 2.8012286747980397e-06, 2.3048214643495157e-06], "lowlevel.melbands128.mean": [0.0013900098856538534, 0.016234371811151505, 0.0252524483948946, 0.014672406949102879, 0.0052784704603254795, 0.00229520071297884, 0.0014925067080184817, 0.0016487396787852049, 0.0016144426772370934, 0.0011745711090043187, 0.0004918964696116745, 0.00018390931654721498, 0.00012779791723005474, 4.121898382436484e-05, 0.0002368254354223609, 0.0003897486312780529, 7.748524512862787e-05, 2.1423600628622808e-05, 1.4435615412367042e-05, 1.1340237506374251e-05, 8.0004712799564e-05, 0.00011562283179955557, 3.188059781678021e-05, 2.6228115530102514e-05, 1.7258838852285407e-05, 1.7947466403711587e-05, 2.5351446311105974e-05, 2.3516808141721413e-05, 4.2778778151841834e-05, 3.232958260923624e-05, 4.456078022485599e-05, 3.9712169382255524e-05, 4.129377703065984e-05, 4.040598287247121e-05, 3.728893352672458e-05, 2.84647449007025e-05, 2.2444473870564252e-05, 1.7963091522688046e-05, 2.0940768081345595e-05, 2.435988608340267e-05, 2.607989517855458e-05, 2.681746809685137e-05, 1.6052945284172893e-05, 1.2021233487757854e-05, 1.2951193639310077e-05, 8.979102858575061e-06, 9.40002610150259e-06, 9.311695066571701e-06, 1.0267334801028483e-05, 1.0358970030210912e-05, 1.0147408829652704e-05, 1.1068254025303759e-05, 1.1441972674219869e-05, 8.692832125234418e-06, 8.627795978100039e-06, 9.442935152037535e-06, 8.736927156860474e-06, 6.655280685663456e-06, 5.6948715609905776e-06, 5.739312200603308e-06, 5.7455408750684e-06, 6.938020760571817e-06, 7.143656148400623e-06, 6.433032467612065e-06, 5.213024451222736e-06, 5.033923116570804e-06, 4.274055299902102e-06, 4.4517209971672855e-06, 6.4514920268266e-06, 5.490144758368842e-06, 5.169716587261064e-06, 5.557166787184542e-06, 4.748817900690483e-06, 4.0439358599542174e-06, 2.7655946723825764e-06, 3.0803100798948435e-06, 2.953799366878229e-06, 2.2000929220666876e-06, 2.2742183318769094e-06, 2.0476038571359823e-06, 2.6082129807036836e-06, 2.732868779276032e-06, 2.613391416161903e-06, 2.76327773462981e-06, 2.603243274279521e-06, 2.4695784759387607e-06, 2.6945081117446534e-06, 2.7069081625086255e-06, 1.7072693481168244e-06, 1.778269506758079e-06, 2.0244820007064845e-06, 2.0164670786471106e-06, 2.2206868379726075e-06, 2.9272262054291787e-06, 3.1362742447527125e-06, 3.160373807986616e-06, 1.8887403712142259e-06, 1.3986488056616508e-06, 2.092041086143581e-06, 1.9375497686269227e-06, 1.151069568550156e-06, 1.3852884421794442e-06, 1.1026590982510243e-06, 1.3181435178921674e-06, 1.0051112440123688e-06, 1.3605366575575317e-06, 1.446615215172642e-06, 1.3502619822247652e-06, 1.3241639180705533e-06, 1.5651577314201859e-06, 1.7324848613498034e-06, 1.9648105080705136e-06, 1.6372879372283933e-06, 1.3430070566755603e-06, 1.1153199466207298e-06, 1.164678906206973e-06, 6.412433890545799e-07, 1.6552002435332724e-08, 4.0537737056034473e-10, 3.267849046917348e-10, 2.1127626037564795e-10, 4.026326494432908e-11, 1.2559338118112162e-11, 1.2251985884170757e-11, 1.2025853403374587e-11, 1.1797865635820859e-11, 1.1653573939174322e-11, 1.1580833514379663e-11], "lowlevel.melbands128.stdev": [0.002455613110214472, 0.02720857784152031, 0.04054923728108406, 0.025965716689825058, 0.015136020258069038, 0.009591976180672646, 0.006654961965978146, 0.0049124108627438545, 0.0030241236090660095, 0.0017292998963966966, 0.0006785755977034569, 0.00028026007930748165, 0.00020001819939352572, 6.940393359400332e-05, 0.00021216906316112727, 0.00033384523703716695, 6.866364128654823e-05, 4.125957275391556e-05, 2.9726816137554124e-05, 2.6760815671877936e-05, 0.00010250968625769019, 0.00014741373888682574, 0.00010567284334683791, 9.152789425570518e-05, 4.0970000554807484e-05, 4.288063428248279e-05, 4.890904892818071e-05, 4.6913803089410067e-05, 7.184727292042226e-05, 6.783330172766e-05, 0.00011002389510395005, 0.00012230631546117365, 0.00012170703848823905, 0.00012764634448103607, 0.00011075923248426989, 8.496962254866958e-05, 7.718765118625015e-05, 5.073003194411285e-05, 5.1931292546214536e-05, 6.577769090654328e-05, 6.465929618570954e-05, 4.7041634388733655e-05, 3.572277637431398e-05, 3.175286838086322e-05, 3.198815102223307e-05, 2.284012225572951e-05, 2.8091146305087022e-05, 2.6741614419734105e-05, 2.968748231069185e-05, 2.869148192985449e-05, 2.9611819627461955e-05, 3.5582281270762905e-05, 3.112681952188723e-05, 2.278387728438247e-05, 2.2921780328033492e-05, 2.434698399156332e-05, 2.1294996258802712e-05, 1.7071753973141313e-05, 1.456006066291593e-05, 1.5977988368831575e-05, 1.4733703210367821e-05, 1.6211246474995278e-05, 1.6133397366502322e-05, 1.593399247212801e-05, 1.176338173536351e-05, 1.3394072993833106e-05, 1.07068226498086e-05, 1.0052594916487578e-05, 1.5430990970344283e-05, 1.2617943866644055e-05, 1.209298352478072e-05, 1.1044900929846335e-05, 1.0726645996328443e-05, 1.0532193300605286e-05, 5.938734375376953e-06, 5.916857389820507e-06, 5.712435722671216e-06, 4.725865892396541e-06, 4.545522187981987e-06, 3.655206000985345e-06, 4.753316261485452e-06, 4.695682946476154e-06, 4.46996000391664e-06, 4.530229034571676e-06, 4.2319852582295425e-06, 3.912900410796283e-06, 4.6323166316142306e-06, 5.758289262303151e-06, 3.0868393423588714e-06, 3.0975234039942734e-06, 3.289744654466631e-06, 3.4954848615598166e-06, 3.5929238038079347e-06, 4.897934104519663e-06, 4.693373284681002e-06, 5.047506874689134e-06, 3.646552841019002e-06, 2.464388217049418e-06, 3.630110995800351e-06, 3.3030969461833593e-06, 2.257601408928167e-06, 2.779995156743098e-06, 2.331610403416562e-06, 2.4770079107838683e-06, 1.905172780425346e-06, 2.4000867142603965e-06, 2.726707862166222e-06, 2.8401111649145605e-06, 2.5114004529314116e-06, 3.2059360819403082e-06, 3.194830242136959e-06, 3.3178121157106943e-06, 2.7668447728501633e-06, 2.0771840354427695e-06, 1.7242301737496746e-06, 1.8459907096257666e-06, 1.15317106974544e-06, 4.4376097463327824e-08, 7.513836663974871e-09, 6.451366107995682e-09, 4.766424588353857e-09, 8.181119670602754e-10, 2.1457568361027413e-11, 2.100949969552346e-11, 2.0710218262554037e-11, 2.0462846694879744e-11, 2.02878842198162e-11, 2.0180085033572048e-11], "lowlevel.mfcc.mean": [-687.5054931640625, 113.78359985351562, 35.792083740234375, 20.522245407104492, 6.583668231964111, 9.100861549377441, 4.215809345245361, -1.0117759704589844, -6.141277313232422, -0.5448858737945557, -8.370675086975098, -1.0201454162597656, -4.522581577301025], "lowlevel.spectral_contrast_coeffs.mean": [-0.5810391902923584, -0.7292070388793945, -0.79998379945755, -0.8298773169517517, -0.8238164186477661, -0.7739012837409973], "lowlevel.spectral_contrast_coeffs.stdev": [0.08793854713439941, 0.06041041016578674, 0.04529659450054169, 0.03235255554318428, 0.03442578762769699, 0.04177823290228844], "lowlevel.spectral_contrast_valleys.mean": [-7.565918445587158, -7.384359359741211, -7.831770896911621, -8.14435863494873, -8.108597755432129, -10.408812522888184], "lowlevel.spectral_contrast_valleys.stdev": [1.2137960195541382, 0.5600420832633972, 0.8131248354911804, 0.9490451216697693, 1.1159578561782837, 1.3851803541183472], "rhythm.beats_loudness_band_ratio.mean": [0.9451566934585571, 0.031026460230350494, 0.004573523998260498, 0.013050374574959278, 0.007014475762844086, 0.010152404196560383], "rhythm.beats_loudness_band_ratio.stdev": [0.13087737560272217, 0.08280747383832932, 0.01194207277148962, 0.03810206800699234, 0.01608683355152607, 0.0222606398165226], "tonal.hpcp.mean": [0.27194857597351074, 0.24854935705661774, 0.1772860288619995, 0.052884772419929504, 0.03829847276210785, 0.03331229090690613, 0.030895642936229706, 0.03125487267971039, 0.03487291932106018, 0.03589600324630737, 0.0288263950496912, 0.026240995153784752, 0.06552525609731674, 0.12704497575759888, 0.08768590539693832, 0.034422554075717926, 0.06508360803127289, 0.06961759924888611, 0.04089755937457085, 0.029275188222527504, 0.029365144670009613, 0.028617335483431816, 0.025176795199513435, 0.027625078335404396, 0.02904021181166172, 0.03300485387444496, 0.035413727164268494, 0.26657506823539734, 0.4602266550064087, 0.222364604473114, 0.024570435285568237, 0.0258189607411623, 0.02804250456392765, 0.028608161956071854, 0.09575014561414719, 0.24779321253299713], "tonal.hpcp.stdev": [0.35975411534309387, 0.34160315990448, 0.27973294258117676, 0.14378301799297333, 0.1330823451280594, 0.12899422645568848, 0.1271774023771286, 0.12659963965415955, 0.13462136685848236, 0.1314733624458313, 0.1148521900177002, 0.10253242403268814, 0.13682733476161957, 0.19142962992191315, 0.14443372189998627, 0.1264127641916275, 0.20814895629882812, 0.2159300446510315, 0.14747671782970428, 0.11281903088092804, 0.11152196675539017, 0.10888684540987015, 0.0970616564154625, 0.12035015970468521, 0.12312283366918564, 0.1270722597837448, 0.13659171760082245, 0.2707345187664032, 0.44756901264190674, 0.23395951092243195, 0.09003128111362457, 0.11386822909116745, 0.12107415497303009, 0.10000260919332504, 0.17979010939598083, 0.38563302159309387], "rhythm.beats_position": [0.5224489569664001, 1.05650794506073, 1.590566873550415, 2.1362357139587402, 2.6470746994018555, 3.1346938610076904, 3.6223127841949463, 4.109931945800781, 4.585940837860107, 5.073559761047363, 5.549569129943848, 6.0371880531311035, 6.524806976318359, 7.012426376342773, 7.4884352684021, 7.987664222717285, 8.45206356048584, 8.939682006835938, 9.427301406860352, 9.914920806884766, 10.379319190979004, 10.866938591003418, 11.354557991027832, 11.84217643737793, 12.329795837402344, 12.817414283752441, 13.305033683776855, 13.78104305267334, 14.257051467895508, 14.744670867919922, 15.232290267944336, 15.719908714294434, 16.1959171295166, 16.671926498413086, 17.1595458984375, 17.647165298461914, 18.134784698486328, 18.622404098510742, 19.098411560058594, 19.586030960083008, 20.062040328979492, 20.549659729003906, 21.03727912902832, 21.5248966217041, 22.000905990600586, 22.488525390625, 22.964534759521484, 23.4521541595459, 23.939773559570312, 24.427391052246094, 24.915010452270508, 25.402629852294922, 25.878639221191406, 26.35464859008789, 26.842267990112305, 27.329885482788086, 27.8175048828125, 28.293514251708984, 28.76952362060547, 29.257143020629883, 29.744760513305664], "rhythm.bpm_histogram": [0.0, 0.0, 0.0, 0.0, 0.0, 0.0, 0.0, 0.0, 0.0, 0.0, 0.0, 0.0, 0.0, 0.0, 0.0, 0.0, 0.0, 0.0, 0.0, 0.0, 0.0, 0.0, 0.0, 0.0, 0.0, 0.0, 0.0, 0.0, 0.0, 0.0, 0.0, 0.0, 0.0, 0.0, 0.0, 0.0, 0.0, 0.0, 0.0, 0.0, 0.0, 0.0, 0.0, 0.0, 0.0, 0.0, 0.0, 0.0, 0.0, 0.0, 0.0, 0.0, 0.0, 0.0, 0.0, 0.0, 0.0, 0.0, 0.0, 0.0, 0.0, 0.0, 0.0, 0.0, 0.0, 0.0, 0.0, 0.0, 0.0, 0.0, 0.0, 0.0, 0.0, 0.0, 0.0, 0.0, 0.0, 0.0, 0.0, 0.0, 0.0, 0.0, 0.0, 0.0, 0.0, 0.0, 0.0, 0.0, 0.0, 0.0, 0.0, 0.0, 0.0, 0.0, 0.0, 0.0, 0.0, 0.0, 0.0, 0.0, 0.0, 0.0, 0.0, 0.0, 0.0, 0.0, 0.0, 0.0, 0.0, 0.0, 0.01666666753590107, 0.0, 0.03333333507180214, 0.0, 0.0, 0.0, 0.0, 0.01666666753590107, 0.0, 0.0, 0.01666666753590107, 0.0, 0.0, 0.6333333253860474, 0.0, 0.0, 0.25, 0.0, 0.0, 0.03333333507180214, 0.0, 0.0, 0.0, 0.0, 0.0, 0.0, 0.0, 0.0, 0.0, 0.0, 0.0, 0.0, 0.0, 0.0, 0.0, 0.0, 0.0, 0.0, 0.0, 0.0, 0.0, 0.0, 0.0, 0.0, 0.0, 0.0, 0.0, 0.0, 0.0, 0.0, 0.0, 0.0, 0.0, 0.0, 0.0, 0.0, 0.0, 0.0, 0.0, 0.0, 0.0, 0.0, 0.0, 0.0, 0.0, 0.0, 0.0, 0.0, 0.0, 0.0, 0.0, 0.0, 0.0, 0.0, 0.0, 0.0, 0.0, 0.0, 0.0, 0.0, 0.0, 0.0, 0.0, 0.0, 0.0, 0.0, 0.0, 0.0, 0.0, 0.0, 0.0, 0.0, 0.0, 0.0, 0.0, 0.0, 0.0, 0.0, 0.0, 0.0, 0.0, 0.0, 0.0, 0.0, 0.0, 0.0, 0.0, 0.0, 0.0, 0.0, 0.0, 0.0, 0.0, 0.0, 0.0, 0.0, 0.0, 0.0, 0.0, 0.0, 0.0, 0.0, 0.0, 0.0, 0.0, 0.0, 0.0, 0.0, 0.0, 0.0, 0.0, 0.0, 0.0, 0.0, 0.0, 0.0, 0.0, 0.0, 0.0, 0.0], "tonal.chords_histogram": [100.0, 0.0, 0.0, 0.0, 0.0, 0.0, 0.0, 0.0, 0.0, 0.0, 0.0, 0.0, 0.0, 0.0, 0.0, 0.0, 0.0, 0.0, 0.0, 0.0, 0.0, 0.0, 0.0, 0.0], "tonal.thpcp": [1.0, 0.4831632375717163, 0.053387682884931564, 0.05610053241252899, 0.060931943356990814, 0.062161028385162354, 0.2080499827861786, 0.5384156107902527, 0.5909013748168945, 0.5400586128234863, 0.38521459698677063, 0.11491027474403381, 0.08321654796600342, 0.0723823606967926, 0.06713136285543442, 0.06791191548109055, 0.07577335834503174, 0.07799635827541351, 0.06263521313667297, 0.05701754614710808, 0.14237605035305023, 0.2760487198829651, 0.19052764773368835, 0.07479478418827057, 0.14141643047332764, 0.15126807987689972, 0.08886395394802094, 0.06361036747694016, 0.06380583345890045, 0.06218096241354942, 0.05470521003007889, 0.060024943202733994, 0.06309980154037476, 0.07171434909105301, 0.07694844901561737, 0.5792255997657776], "lowlevel.gfcc.cov": [[5615.02734375, -2830.057373046875, -785.97509765625, 450.5854187011719, 58.941673278808594, 301.37921142578125, -242.1784210205078, 275.4629821777344, -386.2680358886719, 189.66932678222656, -356.2978820800781, 235.5465545654297, -388.7758483886719], [-2830.057373046875, 3604.1103515625, 775.8612670898438, 303.9900817871094, 1282.6099853515625, 206.88308715820312, 906.0631713867188, 235.5395050048828, 806.9038696289062, 132.94248962402344, 718.2295532226562, -138.9592742919922, 544.0017700195312], [-785.97509765625, 775.8612670898438, 905.1201782226562, 197.6491241455078, 293.5777587890625, 199.5594940185547, 267.75506591796875, 103.02351379394531, 232.49533081054688, 157.3270721435547, 170.98553466796875, -11.654858589172363, 85.89495849609375], [450.5854187011719, 303.9900817871094, 197.6491241455078, 595.4293823242188, 522.3057250976562, 246.41812133789062, 337.04632568359375, 280.4578857421875, 227.01303100585938, 145.91786193847656, 225.706298828125, 67.13477325439453, 136.04527282714844], [58.941673278808594, 1282.6099853515625, 293.5777587890625, 522.3057250976562, 1124.3536376953125, 370.7391357421875, 663.7681884765625, 373.7747497558594, 453.730224609375, 207.8804473876953, 423.27301025390625, 34.1612434387207, 254.14599609375], [301.37921142578125, 206.88308715820312, 199.5594940185547, 246.41812133789062, 370.7391357421875, 322.5817565917969, 283.7675476074219, 157.0384979248047, 169.869140625, 132.34906005859375, 133.49069213867188, 71.28519439697266, 61.515655517578125], [-242.1784210205078, 906.0631713867188, 267.75506591796875, 337.04632568359375, 663.7681884765625, 283.7675476074219, 550.6884155273438, 251.7496795654297, 301.2489318847656, 130.81103515625, 303.2364501953125, 34.38726043701172, 178.11582946777344], [275.4629821777344, 235.5395050048828, 103.02351379394531, 280.4578857421875, 373.7747497558594, 157.0384979248047, 251.7496795654297, 256.88470458984375, 145.363525390625, 103.25189208984375, 150.89312744140625, 30.57879638671875, 65.30085754394531], [-386.2680358886719, 806.9038696289062, 232.49533081054688, 227.01303100585938, 453.730224609375, 169.869140625, 301.2489318847656, 145.363525390625, 347.4205322265625, 132.06619262695312, 236.889892578125, 12.841302871704102, 157.15834045410156], [189.66932678222656, 132.94248962402344, 157.3270721435547, 145.91786193847656, 207.8804473876953, 132.34906005859375, 130.81103515625, 103.25189208984375, 132.06619262695312, 156.48716735839844, 105.89340209960938, 30.148191452026367, 33.538719177246094], [-356.2978820800781, 718.2295532226562, 170.98553466796875, 225.706298828125, 423.27301025390625, 133.49069213867188, 303.2364501953125, 150.89312744140625, 236.889892578125, 105.89340209960938, 291.7334289550781, 29.096172332763672, 171.23231506347656], [235.5465545654297, -138.9592742919922, -11.654858589172363, 67.13477325439453, 34.1612434387207, 71.28519439697266, 34.38726043701172, 30.57879638671875, 12.841302871704102, 30.148191452026367, 29.096172332763672, 119.47291564941406, 33.502532958984375], [-388.7758483886719, 544.0017700195312, 85.89495849609375, 136.04527282714844, 254.14599609375, 61.515655517578125, 178.11582946777344, 65.30085754394531, 157.15834045410156, 33.538719177246094, 171.23231506347656, 33.502532958984375, 173.23199462890625]], "lowlevel.gfcc.icov": [[0.0007311190129257739, 0.0005277539021335542, 0.00042991392547264695, -0.0004190547624602914, -0.001053630723617971, -0.00019841387984342873, 0.000379876175429672, -9.259871148969978e-06, 0.0004047301481477916, -0.0008900196989998221, 0.0005218514706939459, -0.00037722394336014986, 0.0006908260402269661], [0.0005277539021335542, 0.002540773944929242, -0.0006544539937749505, 0.0009371103369630873, -0.0019658005330711603, 0.001194044598378241, -0.0010909514967352152, 0.0009923294419422746, -0.002065336797386408, 0.0012351649347692728, -0.0009138756431639194, 0.0018781484104692936, -0.0018235530005767941], [0.00042991392547264695, -0.0006544539937749505, 0.002274842467159033, -0.0010130946757271886, 0.0004146220744587481, -0.0011668060906231403, 0.00011299324978608638, 6.50367874186486e-05, 0.0008280982146970928, -0.002532535931095481, 0.0009114003623835742, -0.00031198427313938737, 0.0012515559792518616], [-0.0004190547624602914, 0.0009371103369630873, -0.0010130946757271886, 0.005201244726777077, -0.0006178031326271594, -0.0002708924876060337, -0.0001993365731323138, -0.002834630897268653, -0.0013888669200241566, 0.0013884808868169785, -0.0010803344193845987, 0.0010104590328410268, -0.0033259938936680555], [-0.001053630723617971, -0.0019658005330711603, 0.0004146220744587481, -0.0006178031326271594, 0.0066400873474776745, -0.001338550471700728, -0.002469871426001191, -0.0020699836313724518, -0.0007293825037777424, -0.00011089855252066627, -0.0006261665839701891, 0.0007761196466162801, -0.0007062265649437904], [-0.00019841387984342873, 0.001194044598378241, -0.0011668060906231403, -0.0002708924876060337, -0.001338550471700728, 0.010689090006053448, -0.00536713982000947, 0.001781341154128313, -0.0023449265863746405, -0.0022477179300040007, 0.001960205379873514, -0.002973473398014903, 0.0008113079238682985], [0.000379876175429672, -0.0010909514967352152, 0.00011299324978608638, -0.0001993365731323138, -0.002469871426001191, -0.00536713982000947, 0.011352556757628918, -0.0033869536127895117, 0.0013622862752526999, 0.002023580251261592, -0.003283643862232566, -0.0005934571963734925, 0.0012453628005459905], [-9.259871148969978e-06, 0.0009923294419422746, 6.50367874186486e-05, -0.002834630897268653, -0.0020699836313724518, 0.001781341154128313, -0.0033869536127895117, 0.012435907498002052, -0.00035119010135531425, -0.0015541388420388103, -0.0016295667737722397, 0.00023493950720876455, 0.0024406276643276215], [0.0004047301481477916, -0.002065336797386408, 0.0008280982146970928, -0.0013888669200241566, -0.0007293825037777424, -0.0023449265863746405, 0.0013622862752526999, -0.00035119010135531425, 0.012731178663671017, -0.006647599395364523, 0.00011505984730320051, -0.00030098145361989737, -0.0016097145853564143], [-0.0008900196989998221, 0.0012351649347692728, -0.002532535931095481, 0.0013884808868169785, -0.00011089855252066627, -0.0022477179300040007, 0.002023580251261592, -0.0015541388420388103, -0.006647599395364523, 0.018758894875645638, -0.007096411194652319, 0.00018267806444782764, 0.0031332899816334248], [0.0005218514706939459, -0.0009138756431639194, 0.0009114003623835742, -0.0010803344193845987, -0.0006261665839701891, 0.001960205379873514, -0.003283643862232566, -0.0016295667737722397, 0.00011505984730320051, -0.007096411194652319, 0.017919983714818954, -0.0015063637401908636, -0.007501691579818726], [-0.00037722394336014986, 0.0018781484104692936, -0.00031198427313938737, 0.0010104590328410268, 0.0007761196466162801, -0.002973473398014903, -0.0005934571963734925, 0.00023493950720876455, -0.00030098145361989737, 0.00018267806444782764, -0.0015063637401908636, 0.014992347918450832, -0.00811732653528452], [0.0006908260402269661, -0.0018235530005767941, 0.0012515559792518616, -0.0033259938936680555, -0.0007062265649437904, 0.0008113079238682985, 0.0012453628005459905, 0.0024406276643276215, -0.0016097145853564143, 0.0031332899816334248, -0.007501691579818726, -0.00811732653528452, 0.023427167907357216]], "lowlevel.mfcc.cov": [[6243.21533203125, -3026.65576171875, -990.7493286132812, -81.89555358886719, 81.27275848388672, 2.707873821258545, 75.27216339111328, 46.4815788269043, -31.53534698486328, -147.36997985839844, 0.4548425078392029, -88.9770736694336, -13.543559074401855], [-3026.65576171875, 3178.647216796875, 273.8793640136719, 587.9976806640625, 553.3374633789062, 399.5010986328125, 447.97149658203125, 312.79595947265625, 366.7777404785156, 468.1742248535156, 288.4165344238281, 396.2898864746094, 221.35775756835938], [-990.7493286132812, 273.8793640136719, 730.3203735351562, 20.152320861816406, -21.014127731323242, 64.92156219482422, -39.1624755859375, -41.70952224731445, 5.9688897132873535, 37.40813064575195, 44.71561813354492, 33.28908920288086, 7.3847551345825195], [-81.89555358886719, 587.9976806640625, 20.152320861816406, 553.090576171875, 377.239013671875, 202.9339141845703, 343.78460693359375, 236.3524932861328, 222.19154357910156, 251.71804809570312, 180.55331420898438, 225.7775421142578, 120.7403564453125], [81.27275848388672, 553.3374633789062, -21.014127731323242, 377.239013671875, 438.6219482421875, 232.1192626953125, 293.3097839355469, 206.71347045898438, 215.17538452148438, 233.5496368408203, 184.8552703857422, 218.49822998046875, 125.73633575439453], [2.707873821258545, 399.5010986328125, 64.92156219482422, 202.9339141845703, 232.1192626953125, 345.5338134765625, 212.27626037597656, 188.54632568359375, 168.6336669921875, 171.74667358398438, 137.89541625976562, 156.2596435546875, 125.94183349609375], [75.27216339111328, 447.97149658203125, -39.1624755859375, 343.78460693359375, 293.3097839355469, 212.27626037597656, 436.6906433105469, 253.4808349609375, 194.65957641601562, 210.15455627441406, 170.322509765625, 192.72630310058594, 124.29357147216797], [46.4815788269043, 312.79595947265625, -41.70952224731445, 236.3524932861328, 206.71347045898438, 188.54632568359375, 253.4808349609375, 256.4105529785156, 165.53048706054688, 135.71298217773438, 111.1595458984375, 143.82962036132812, 103.04743194580078], [-31.53534698486328, 366.7777404785156, 5.9688897132873535, 222.19154357910156, 215.17538452148438, 168.6336669921875, 194.65957641601562, 165.53048706054688, 187.29901123046875, 158.57374572753906, 119.2216796875, 136.33828735351562, 85.76726531982422], [-147.36997985839844, 468.1742248535156, 37.40813064575195, 251.71804809570312, 233.5496368408203, 171.74667358398438, 210.15455627441406, 135.71298217773438, 158.57374572753906, 241.45782470703125, 159.95436096191406, 157.71617126464844, 79.08163452148438], [0.4548425078392029, 288.4165344238281, 44.71561813354492, 180.55331420898438, 184.8552703857422, 137.89541625976562, 170.322509765625, 111.1595458984375, 119.2216796875, 159.95436096191406, 187.2352752685547, 141.0665283203125, 74.57215881347656], [-88.9770736694336, 396.2898864746094, 33.28908920288086, 225.7775421142578, 218.49822998046875, 156.2596435546875, 192.72630310058594, 143.82962036132812, 136.33828735351562, 157.71617126464844, 141.0665283203125, 194.94285583496094, 92.43046569824219], [-13.543559074401855, 221.35775756835938, 7.3847551345825195, 120.7403564453125, 125.73633575439453, 125.94183349609375, 124.29357147216797, 103.04743194580078, 85.76726531982422, 79.08163452148438, 74.57215881347656, 92.43046569824219, 116.97015380859375]], "lowlevel.mfcc.icov": [[0.0006299441447481513, 0.0007481892826035619, 0.0006208025733940303, -2.7435510219220305e-06, -0.0006150674307718873, -0.00042711346759460866, -0.00020197984122205526, 0.00035312859108671546, -0.000244063776335679, 0.0001255594688700512, -0.0002900323015637696, -8.069428440649062e-05, -1.2013955711154267e-05], [0.0007481892826035619, 0.0013812034158036113, 0.0005818973295390606, -1.4001035196997691e-05, -0.0008573189261369407, -0.00046444046893157065, -0.00023110929760150611, 0.0005081613780930638, -0.0004949310678057373, -0.0005430339369922876, 0.00014542436110787094, -0.0005661735776811838, -0.00024522788589820266], [0.0006208025733940303, 0.0005818973295390606, 0.0022496478632092476, -0.00044104986591264606, 0.0001904317323351279, -0.0011548525653779507, 0.00010472501162439585, 0.0011968589387834072, -0.00034785314346663654, 0.0003377195098437369, -0.0009120300528593361, -0.00048911600606516, 0.00015164764772634953], [-2.7435510219220305e-06, -1.4001035196997691e-05, -0.00044104986591264606, 0.005987387616187334, -0.0028886348009109497, 0.001459682360291481, -0.0015007172478362918, -0.00125423155259341, -0.0006118988385424018, -0.002042434411123395, 0.0012682941742241383, -0.0012458338169381022, 0.00011216074199182913], [-0.0006150674307718873, -0.0008573189261369407, 0.0001904317323351279, -0.0028886348009109497, 0.009441250935196877, -0.0009308802546001971, -0.0002851944591384381, 0.0012808587634935975, -0.0029099085368216038, -0.0004530094447545707, -0.0006797751993872225, -0.0025717245880514383, -0.0005454616039060056], [-0.00042711346759460866, -0.00046444046893157065, -0.0011548525653779507, 0.001459682360291481, -0.0009308802546001971, 0.007570340298116207, 0.00035038316855207086, -0.002874906174838543, -0.0012414355296641588, -0.0021449446212500334, 0.0002822904789354652, 3.7939793401164934e-05, -0.0034438243601471186], [-0.00020197984122205526, -0.00023110929760150611, 0.00010472501162439585, -0.0015007172478362918, -0.0002851944591384381, 0.00035038316855207086, 0.0075326901860535145, -0.004741045646369457, 0.0011307821841910481, -0.0016740472055971622, -0.0012020523427054286, 5.557641634368338e-05, -0.0009167285752482712], [0.00035312859108671546, 0.0005081613780930638, 0.0011968589387834072, -0.00125423155259341, 0.0012808587634935975, -0.002874906174838543, -0.004741045646369457, 0.015194260515272617, -0.007821951992809772, 0.0034902796614915133, 0.0007186857983469963, -0.0024513781536370516, -0.001476394128985703], [-0.000244063776335679, -0.0004949310678057373, -0.00034785314346663654, -0.0006118988385424018, -0.0029099085368216038, -0.0012414355296641588, 0.0011307821841910481, -0.007821951992809772, 0.022685851901769638, -0.005827553104609251, -0.00035080077941529453, 5.2814528316957876e-05, -0.000796431559138], [0.0001255594688700512, -0.0005430339369922876, 0.0003377195098437369, -0.002042434411123395, -0.0004530094447545707, -0.0021449446212500334, -0.0016740472055971622, 0.0034902796614915133, -0.005827553104609251, 0.017138812690973282, -0.006735341623425484, -0.0014447818975895643, 0.00275096925906837], [-0.0002900323015637696, 0.00014542436110787094, -0.0009120300528593361, 0.0012682941742241383, -0.0006797751993872225, 0.0002822904789354652, -0.0012020523427054286, 0.0007186857983469963, -0.00035080077941529453, -0.006735341623425484, 0.016260357573628426, -0.006001914851367474, -0.0013023008359596133], [-8.069428440649062e-05, -0.0005661735776811838, -0.00048911600606516, -0.0012458338169381022, -0.0025717245880514383, 3.7939793401164934e-05, 5.557641634368338e-05, -0.0024513781536370516, 5.2814528316957876e-05, -0.0014447818975895643, -0.006001914851367474, 0.019472524523735046, -0.0034197012428194284], [-1.2013955711154267e-05, -0.00024522788589820266, 0.00015164764772634953, 0.00011216074199182913, -0.0005454616039060056, -0.0034438243601471186, -0.0009167285752482712, -0.001476394128985703, -0.000796431559138, 0.00275096925906837, -0.0013023008359596133, -0.0034197012428194284, 0.01771223358809948]], "metadata.audio_properties.analysis.downmix": "mix", "metadata.audio_properties.codec": "mp3", "metadata.audio_properties.md5_encoded": "5de394d62e1ed056c2a121ec4d0775da", "metadata.tags.file_name": "1183657887902486528.mp3", "metadata.version.essentia": "2.1-beta6-dev", "metadata.version.essentia_git_sha": "v2.1_beta5-1110-g77a6a954", "metadata.version.extractor": "music 2.0", "tonal.chords_key": "F#", "tonal.chords_scale": "minor", "tonal.key_edma.key": "F#", "tonal.key_edma.scale": "minor", "tonal.key_krumhansl.key": "F#", "tonal.key_krumhansl.scale": "minor", "tonal.key_temperley.key": "F#", "tonal.key_temperley.scale": "minor", "metadata.tags.encoding": ["Lavf58.45.100"]}, "essentia_