{"song_id": "1183693588706623560", "download": "https://cdn.discordapp.com/attachments/1135903449314238464/1183693588706623560/chirp.mp4?ex=6589438f&amp", "lyrics": "[verse]\nDehya, a woman bold and fierce\nHer spirit dances, her heart sings\nUnyielding strength within her soul\nShe shines bright, like colors in the night\n\n[chorus]\nOh Dehya, a warrior divine\nThrough the chaos, she'll always shine", "style": ["Psychedelic trance"], "essentia_features": {"lowlevel.average_loudness": 0.9187418818473816, "lowlevel.barkbands_crest.mean": 13.852822303771973, "lowlevel.barkbands_crest.stdev": 7.636772632598877, "lowlevel.barkbands_flatness_db.mean": 0.1353195756673813, "lowlevel.barkbands_flatness_db.stdev": 0.06844134628772736, "lowlevel.barkbands_kurtosis.mean": 11.901215553283691, "lowlevel.barkbands_kurtosis.stdev": 53.65153884887695, "lowlevel.barkbands_skewness.mean": 1.9998118877410889, "lowlevel.barkbands_skewness.stdev": 2.6181790828704834, "lowlevel.barkbands_spread.mean": 25.72631072998047, "lowlevel.barkbands_spread.stdev": 15.757813453674316, "lowlevel.dissonance.mean": 0.4771813452243805, "lowlevel.dissonance.stdev": 0.023151705041527748, "lowlevel.dynamic_complexity": 2.002485752105713, "lowlevel.erbbands_crest.mean": 8.50368881225586, "lowlevel.erbbands_crest.stdev": 6.1149983406066895, "lowlevel.erbbands_flatness_db.mean": 0.13847793638706207, "lowlevel.erbbands_flatness_db.stdev": 0.06017663702368736, "lowlevel.erbbands_kurtosis.mean": 0.866715133190155, "lowlevel.erbbands_kurtosis.stdev": 2.670153856277466, "lowlevel.erbbands_skewness.mean": 0.07315646857023239, "lowlevel.erbbands_skewness.stdev": 0.8803962469100952, "lowlevel.erbbands_spread.mean": 45.201011657714844, "lowlevel.erbbands_spread.stdev": 25.81134796142578, "lowlevel.hfc.mean": 44.562461853027344, "lowlevel.hfc.stdev": 23.577423095703125, "lowlevel.loudness_ebu128.integrated": -12.991225242614746, "lowlevel.loudness_ebu128.loudness_range": 3.534247398376465, "lowlevel.loudness_ebu128.momentary.mean": -13.417402267456055, "lowlevel.loudness_ebu128.momentary.stdev": 2.2081429958343506, "lowlevel.loudness_ebu128.short_term.mean": -13.189983367919922, "lowlevel.loudness_ebu128.short_term.stdev": 1.3325486183166504, "lowlevel.melbands_crest.mean": 18.967557907104492, "lowlevel.melbands_crest.stdev": 9.660329818725586, "lowlevel.melbands_flatness_db.mean": 0.1851770430803299, "lowlevel.melbands_flatness_db.stdev": 0.10343416035175323, "lowlevel.melbands_kurtosis.mean": 41.28657913208008, "lowlevel.melbands_kurtosis.stdev": 76.85458374023438, "lowlevel.melbands_skewness.mean": 4.075461387634277, "lowlevel.melbands_skewness.stdev": 4.011295795440674, "lowlevel.melbands_spread.mean": 29.962135314941406, "lowlevel.melbands_spread.stdev": 27.749980926513672, "lowlevel.pitch_salience.mean": 0.4458101689815521, "lowlevel.pitch_salience.stdev": 0.23264609277248383, "lowlevel.silence_rate_20dB.mean": 1.0, "lowlevel.silence_rate_20dB.stdev": 0.0, "lowlevel.silence_rate_30dB.mean": 0.722082793712616, "lowlevel.silence_rate_30dB.stdev": 0.44797393679618835, "lowlevel.silence_rate_60dB.mean": 0.0194479301571846, "lowlevel.silence_rate_60dB.stdev": 0.13809309899806976, "lowlevel.spectral_centroid.mean": 2152.429931640625, "lowlevel.spectral_centroid.stdev": 762.5294799804688, "lowlevel.spectral_complexity.mean": 24.36888313293457, "lowlevel.spectral_complexity.stdev": 10.399035453796387, "lowlevel.spectral_decrease.mean": -1.5144189902116523e-08, "lowlevel.spectral_decrease.stdev": 1.322733034214707e-08, "lowlevel.spectral_energy.mean": 0.061199646443128586, "lowlevel.spectral_energy.stdev": 0.050178613513708115, "lowlevel.spectral_energyband_high.mean": 0.0029474899638444185, "lowlevel.spectral_energyband_high.stdev": 0.002504319418221712, "lowlevel.spectral_energyband_low.mean": 0.043118756264448166, "lowlevel.spectral_energyband_low.stdev": 0.052403613924980164, "lowlevel.spectral_energyband_middle_high.mean": 0.01007698755711317, "lowlevel.spectral_energyband_middle_high.stdev": 0.010430438444018364, "lowlevel.spectral_energyband_middle_low.mean": 0.006110547110438347, "lowlevel.spectral_energyband_middle_low.stdev": 0.011089066043496132, "lowlevel.spectral_entropy.mean": 8.011556625366211, "lowlevel.spectral_entropy.stdev": 0.46036824584007263, "lowlevel.spectral_flux.mean": 0.12022935599088669, "lowlevel.spectral_flux.stdev": 0.0686311274766922, "lowlevel.spectral_kurtosis.mean": 2.9971489906311035, "lowlevel.spectral_kurtosis.stdev": 2.11185884475708, "lowlevel.spectral_rms.mean": 0.006992827169597149, "lowlevel.spectral_rms.stdev": 0.0032874466851353645, "lowlevel.spectral_rolloff.mean": 2618.51611328125, "lowlevel.spectral_rolloff.stdev": 3036.520751953125, "lowlevel.spectral_skewness.mean": 1.3698747158050537, "lowlevel.spectral_skewness.stdev": 0.36365410685539246, "lowlevel.spectral_spread.mean": 6128617.5, "lowlevel.spectral_spread.stdev": 1455258.25, "lowlevel.spectral_strongpeak.mean": 1.6918755769729614, "lowlevel.spectral_strongpeak.stdev": 2.1136698722839355, "lowlevel.zerocrossingrate.mean": 0.09905492514371872, "lowlevel.zerocrossingrate.stdev": 0.07270663231611252, "metadata.audio_properties.analysis.equal_loudness": 0.0, "metadata.audio_properties.analysis.length": 36.97065734863281, "metadata.audio_properties.analysis.sample_rate": 44100.0, "metadata.audio_properties.analysis.start_time": 0.0, "metadata.audio_properties.bit_rate": 127943.0, "metadata.audio_properties.length": 36.970664978027344, "metadata.audio_properties.lossless": 0.0, "metadata.audio_properties.number_channels": 1.0, "metadata.audio_properties.replay_gain": -11.797737121582031, "metadata.audio_properties.sample_rate": 48000.0, "rhythm.beats_count": 91.0, "rhythm.beats_loudness.mean": 0.059313878417015076, "rhythm.beats_loudness.stdev": 0.04056264087557793, "rhythm.bpm": 150.01528930664062, "rhythm.bpm_histogram_first_peak_bpm": 152.0, "rhythm.bpm_histogram_first_peak_weight": 0.45679008960723877, "rhythm.bpm_histogram_second_peak_bpm": 144.0, "rhythm.bpm_histogram_second_peak_spread": 0.444444477558136, "rhythm.bpm_histogram_second_peak_weight": 0.0555555559694767, "rhythm.danceability": 1.1875665187835693, "rhythm.onset_rate": 6.947938919067383, "tonal.chords_changes_rate": 0.058897241950035095, "tonal.chords_number_rate": 0.011278195306658745, "tonal.chords_strength.mean": 0.5003306269645691, "tonal.chords_strength.stdev": 0.08219200372695923, "tonal.hpcp_crest.mean": 14.349051475524902, "tonal.hpcp_crest.stdev": 6.330989360809326, "tonal.hpcp_entropy.mean": 1.901725172996521, "tonal.hpcp_entropy.stdev": 0.7221316695213318, "tonal.key_edma.strength": 0.5769819617271423, "tonal.key_krumhansl.strength": 0.5939851999282837, "tonal.key_temperley.strength": 0.6249822378158569, "tonal.tuning_diatonic_strength": 0.5145496129989624, "tonal.tuning_equal_tempered_deviation": 0.1581798493862152, "tonal.tuning_frequency": 434.9461669921875, "tonal.tuning_nontempered_energy_ratio": 0.8622527122497559, "lowlevel.barkbands.mean": [0.001456694328226149, 0.03721470385789871, 0.0035999559331685305, 0.0017504452262073755, 0.001343596843071282, 0.0006446967017836869, 0.000489713333081454, 0.001038599293678999, 0.00044237953261472285, 0.0009140964830294251, 0.002598693361505866, 0.0014271485852077603, 0.000813285238109529, 0.0011759132612496614, 0.0008457364165224135, 0.0007782526663504541, 0.0004638411628548056, 0.00043687259312719107, 0.0005683780182152987, 0.0005193442339077592, 0.0004455885209608823, 0.0003751016629394144, 0.0004896278260275722, 0.0005241426406428218, 0.00048505887389183044, 0.000318726000841707, 3.894234396284446e-05], "lowlevel.barkbands.stdev": [0.002605658955872059, 0.049126699566841125, 0.012542199343442917, 0.007484895177185535, 0.0042420644313097, 0.0009567761444486678, 0.0008749933331273496, 0.001322294818237424, 0.0008671972900629044, 0.0018556618597358465, 0.006240215618163347, 0.003085399977862835, 0.001756717567332089, 0.0028571889270097017, 0.0013278340920805931, 0.002081661019474268, 0.0009919465519487858, 0.0006250295555219054, 0.000651031790766865, 0.00047329303924925625, 0.0004699247656390071, 0.00037780366255901754, 0.00047061918303370476, 0.0005288384272716939, 0.00047598432865925133, 0.0003034931141883135, 4.822915798285976e-05], "lowlevel.erbbands.mean": [1.4038466215133667, 6.951141357421875, 5.62835168838501, 5.231705665588379, 4.999812602996826, 4.2409868240356445, 4.156443119049072, 5.494300365447998, 7.089824676513672, 18.728065490722656, 14.048009872436523, 12.02268123626709, 26.424388885498047, 42.23493194580078, 108.85421752929688, 66.39460754394531, 42.920536041259766, 63.085243225097656, 51.21857833862305, 43.29407501220703, 34.46512985229492, 24.325319290161133, 20.789743423461914, 32.80791473388672, 25.996061325073242, 23.639970779418945, 21.60547637939453, 14.580531120300293, 13.90009880065918, 14.691336631774902, 13.417303085327148, 10.643476486206055, 8.883453369140625, 6.1538166999816895, 2.9335339069366455, 1.418645977973938, 0.5561656951904297, 0.13913212716579437, 0.0036996123380959034, 0.00016451571718789637], "lowlevel.erbbands.stdev": [2.1145379543304443, 9.391976356506348, 14.44845199584961, 18.987165451049805, 19.52977180480957, 12.831207275390625, 8.336681365966797, 7.933924198150635, 12.822432518005371, 24.895668029785156, 20.66684913635254, 22.820648193359375, 54.825653076171875, 115.5699462890625, 283.8709411621094, 140.74282836914062, 80.43357849121094, 135.2086944580078, 85.02485656738281, 77.5337142944336, 66.50334167480469, 46.499755859375, 31.034894943237305, 44.14632797241211, 26.068819046020508, 21.264392852783203, 21.6851749420166, 15.276750564575195, 14.51624584197998, 14.340593338012695, 13.074593544006348, 10.808759689331055, 9.064437866210938, 6.171974182128906, 3.004802942276001, 1.419739007949829, 0.5446897149085999, 0.1458727866411209, 0.004032847937196493, 0.0001098399079637602], "lowlevel.gfcc.mean": [43.71147537231445, 12.784116744995117, -118.800048828125, 17.13098907470703, -52.834197998046875, 27.356714248657227, -31.02135467529297, 18.5233097076416, -22.532033920288086, 18.3245792388916, -10.688790321350098, 7.343957901000977, -15.035587310791016], "lowlevel.melbands.mean": [0.011371566914021969, 0.0048351408913731575, 0.0008982574217952788, 0.0003072319377679378, 0.00016616706852801144, 0.00012915370461996645, 0.00010361798922531307, 0.00022210950555745512, 9.891410445561633e-05, 7.575222116429359e-05, 0.0001292095985263586, 0.0001488924608565867, 0.0003200995270162821, 0.00021459299023263156, 0.0001256019459106028, 9.164142102235928e-05, 0.00012436469842214137, 8.194029942387715e-05, 5.580253855441697e-05, 7.123742398107424e-05, 3.276229472248815e-05, 2.782849333016202e-05, 1.7103006030083634e-05, 2.0444371330086142e-05, 2.750354542513378e-05, 1.9478315152809955e-05, 1.753226388245821e-05, 1.5247863302647602e-05, 1.4335451851366088e-05, 1.0983299944200553e-05, 7.4539075285429135e-06, 7.868587090342771e-06, 7.270578862517141e-06, 8.699746103957295e-06, 7.905460734036751e-06, 6.821642273280304e-06, 6.410190962924389e-06, 6.282459708017996e-06, 6.148025931906886e-06, 4.866712970397202e-06], "lowlevel.melbands.stdev": [0.015576918609440327, 0.0075970906764268875, 0.003088760655373335, 0.0010962614323943853, 0.0003508073859848082, 0.00018539426673669368, 0.00018383696442469954, 0.0002961384889204055, 0.0001530802546767518, 0.00015476135013159364, 0.0002816648338921368, 0.000437385868281126, 0.0007969565922394395, 0.00042478329851292074, 0.0003134863218292594, 0.0002295446756761521, 0.00030774009064771235, 0.00016365274495910853, 9.358036913909018e-05, 0.00020925251010339707, 6.5601896494627e-05, 6.073434997233562e-05, 2.5353607270517386e-05, 3.23732674587518e-05, 4.024165536975488e-05, 2.3311866243602708e-05, 1.78960199264111e-05, 1.4968459254305344e-05, 1.4767709217267111e-05, 1.272289955522865e-05, 8.19155957287876e-06, 8.598988642916083e-06, 7.572511094622314e-06, 8.763940968492534e-06, 8.051670192799065e-06, 6.983653747738572e-06, 6.801458312111208e-06, 6.674615633528447e-06, 6.412250058929203e-06, 5.0108874347642995e-06], "lowlevel.melbands128.mean": [0.0012957141734659672, 0.011428256519138813, 0.01665867306292057, 0.009621696546673775, 0.0035896983463317156, 0.001575355650857091, 0.0010731681250035763, 0.0007982422830536962, 0.0004925639950670302, 0.0002303023502463475, 0.0002271205885335803, 0.0002362180530326441, 0.00011415822518756613, 0.00013786404451821, 0.00010591580212349072, 0.0001466366375098005, 0.00014697732694912702, 6.978723831707612e-05, 8.395207987632602e-05, 0.00024250635760836303, 0.00030629170942120254, 0.00010409573587821797, 9.801349369809031e-05, 4.719028584077023e-05, 6.815714732510969e-05, 9.150693949777633e-05, 7.614987407578155e-05, 0.00018140765314456075, 0.0001251659996341914, 7.617499068146572e-05, 0.0002304821537109092, 0.00015624928346369416, 0.00022180161613505334, 0.0006750160246156156, 0.00010186427971348166, 0.00015843255096115172, 0.00019592951866798103, 0.00015724534750916064, 4.269151759217493e-05, 8.905238792067394e-05, 0.0001280312571907416, 4.660482227336615e-05, 0.00014399593055713922, 0.00015655522292945534, 7.547360291937366e-05, 8.076548692770302e-05, 7.43960845284164e-05, 6.498442235169932e-05, 4.1541632526787e-05, 3.9002668927423656e-05, 0.0001186936569865793, 4.841372719965875e-05, 2.1012565412092954e-05, 3.545145227690227e-05, 3.3503019949421287e-05, 3.00843585137045e-05, 1.907950354507193e-05, 1.4889566045894753e-05, 1.8377664673607796e-05, 1.7706512153381482e-05, 1.726067603158299e-05, 1.8827888197847642e-05, 4.409501707414165e-05, 2.133365342160687e-05, 1.9941657228628173e-05, 2.0199482605676167e-05, 1.880651143437717e-05, 1.699281892797444e-05, 1.8576769434730522e-05, 1.6892687199288048e-05, 1.248846820089966e-05, 1.7203199604409747e-05, 1.550098750158213e-05, 1.3716637113247998e-05, 1.2546440302685369e-05, 1.2563058589876164e-05, 9.696826055005658e-06, 7.952889063744806e-06, 7.425362582580419e-06, 6.032645615050569e-06, 8.280605470645241e-06, 8.691979928698856e-06, 7.222573458420811e-06, 6.94185428073979e-06, 7.157650998124154e-06, 8.784769306657836e-06, 9.165742994809989e-06, 8.7621283455519e-06, 7.694405212532729e-06, 7.378712325589731e-06, 7.438964985340135e-06, 6.234810825844761e-06, 6.736911927873734e-06, 6.014338850945933e-06, 6.453787136706524e-06, 7.199320862127934e-06, 5.838451215822715e-06, 5.4857182476553135e-06, 6.833394763816614e-06, 6.128791483206442e-06, 5.202788997848984e-06, 4.97991322845337e-06, 4.091649316251278e-06, 3.444358299020678e-06, 2.849156544471043e-06, 3.1560755360260373e-06, 3.253495378885418e-06, 3.0908151984476717e-06, 2.2819456262368476e-06, 2.002615474339109e-06, 1.8407365587336244e-06, 1.7302187416134984e-06, 1.7646399328441476e-06, 1.8814603208738845e-06, 1.4673255464003887e-06, 1.491682951382245e-06, 1.3146045603207313e-06, 4.04803984110913e-07, 1.6517111234293225e-08, 3.2610919520337234e-10, 2.027740059196148e-10, 4.675607123694192e-11, 1.184890380256931e-11, 1.129453908871314e-11, 1.0361353268428797e-11, 9.165196379612439e-12, 8.560290497283685e-12, 8.4337406849877e-12], "lowlevel.melbands128.stdev": [0.0025039382744580507, 0.019161300733685493, 0.022741861641407013, 0.014798183925449848, 0.009115383960306644, 0.005646893288940191, 0.004343625623732805, 0.003460054285824299, 0.0019711011555045843, 0.0009851079666987062, 0.0007002759957686067, 0.0005526430904865265, 0.0002558340784162283, 0.0003196322941221297, 0.00019895505101885647, 0.0002553568338043988, 0.0003255705232731998, 0.00017331168055534363, 0.0002388036227785051, 0.0003445282927714288, 0.00045179075095802546, 0.00022931855346541852, 0.00021893974917475134, 0.00011676083522615954, 0.0001773984986357391, 0.00026957335649058223, 0.00018798156816046685, 0.00048621880705468357, 0.0004164327692706138, 0.00025316004757769406, 0.0008860807283781469, 0.0006332098855637014, 0.0006622392102144659, 0.0020345922093838453, 0.00026767171220853925, 0.0004928712151013315, 0.0005700292531400919, 0.0006315055652521551, 9.048290667124093e-05, 0.00025787734193727374, 0.0003977576270699501, 0.00010504286183277145, 0.0004025355738122016, 0.0004796479770448059, 0.00040130389970727265, 0.0002050079929176718, 0.00016123599198181182, 0.0001787338114809245, 9.8831755167339e-05, 9.164156654151157e-05, 0.00045918277464807034, 0.0001323432952631265, 5.2515002607833594e-05, 0.00012545965728349984, 0.00011042647383874282, 9.861626313067973e-05, 3.51132002833765e-05, 2.4202907297876664e-05, 4.5311524445423856e-05, 3.645733158919029e-05, 5.449630771181546e-05, 2.9067687137285247e-05, 9.139175381278619e-05, 3.259025470470078e-05, 5.1942090067313984e-05, 3.076877328567207e-05, 2.6798910766956396e-05, 2.1873671357752755e-05, 2.5129584173555486e-05, 2.1955625925329514e-05, 1.3710219718632288e-05, 2.7661850253934972e-05, 1.9549093849491328e-05, 1.7521657355246134e-05, 1.5155927030718885e-05, 1.8416718376101926e-05, 1.2661806067626458e-05, 1.0446406122355256e-05, 9.326499821327161e-06, 7.4990193752455525e-06, 9.868364941212349e-06, 1.094078652386088e-05, 9.040065378940199e-06, 8.262381015811116e-06, 8.048746167332865e-06, 9.945551937562414e-06, 1.0087593182106502e-05, 1.015498310152907e-05, 8.933472599892411e-06, 7.924304554762784e-06, 8.431262358499225e-06, 7.62563422540552e-06, 7.961712071846705e-06, 7.309337433980545e-06, 7.69066627981374e-06, 8.44101123220753e-06, 6.939664217497921e-06, 6.965256034163758e-06, 7.711752914474346e-06, 7.0602645791950636e-06, 6.0549582485691644e-06, 5.581519872066565e-06, 4.818142315343721e-06, 4.32916476711398e-06, 3.622200893005356e-06, 3.765181418202701e-06, 3.7471224914042978e-06, 3.6801022815780016e-06, 2.6998734483640874e-06, 2.198974698330858e-06, 2.2822061964689055e-06, 1.985991502806428e-06, 1.969981212823768e-06, 2.0370050606288714e-06, 1.7583512317287386e-06, 1.8027523083219421e-06, 1.6152488342413562e-06, 6.978885380704014e-07, 9.264000766506797e-08, 4.585806845369689e-09, 3.4829437112193773e-09, 8.904200154979947e-10, 4.85992496246368e-11, 4.186062954603109e-11, 2.936972887113143e-11, 1.62772555850621e-11, 1.35752702482006e-11, 1.346378390720826e-11], "lowlevel.mfcc.mean": [-603.9385986328125, 60.61028289794922, -8.770244598388672, 2.0514392852783203, 3.0900301933288574, 7.759273052215576, 8.961418151855469, 2.4408998489379883, 0.7246392369270325, 9.48029899597168, 4.907663345336914, 6.043284893035889, 9.02420425415039], "lowlevel.spectral_contrast_coeffs.mean": [-0.7061207890510559, -0.7595932483673096, -0.7554200291633606, -0.7846578359603882, -0.79197096824646, -0.76791912317276], "lowlevel.spectral_contrast_coeffs.stdev": [0.08437644690275192, 0.0671856552362442, 0.09006402641534805, 0.06548534333705902, 0.04625783860683441, 0.028868509456515312], "lowlevel.spectral_contrast_valleys.mean": [-7.623697280883789, -6.986100673675537, -7.128019332885742, -7.088768482208252, -6.92186164855957, -9.165312767028809], "lowlevel.spectral_contrast_valleys.stdev": [1.338419795036316, 0.6628729701042175, 0.5570262670516968, 0.5444146394729614, 0.5669659376144409, 0.8190571069717407], "rhythm.beats_loudness_band_ratio.mean": [0.5278504490852356, 0.03743486478924751, 0.08205341547727585, 0.16307558119297028, 0.0936918556690216, 0.12019850313663483], "rhythm.beats_loudness_band_ratio.stdev": [0.4131990969181061, 0.05462925136089325, 0.12068863213062286, 0.23189598321914673, 0.12193574756383896, 0.17623165249824524], "tonal.hpcp.mean": [0.14217931032180786, 0.10369302332401276, 0.08793147653341293, 0.14377595484256744, 0.12637647986412048, 0.06234428659081459, 0.08730107545852661, 0.13939039409160614, 0.1934877336025238, 0.38425078988075256, 0.33527448773384094, 0.09614843130111694, 0.05554794520139694, 0.04760617017745972, 0.0569651760160923, 0.12732522189617157, 0.13217665255069733, 0.07273735851049423, 0.11272203922271729, 0.10873029381036758, 0.0647583156824112, 0.06759478896856308, 0.050450198352336884, 0.04877341538667679, 0.10207819193601608, 0.11113690584897995, 0.07390303164720535, 0.05892283096909523, 0.04891926795244217, 0.07490622252225876, 0.19060879945755005, 0.18967807292938232, 0.11632534116506577, 0.1622910499572754, 0.15926015377044678, 0.13696041703224182], "tonal.hpcp.stdev": [0.2639226019382477, 0.219208762049675, 0.18176384270191193, 0.2531059980392456, 0.24203188717365265, 0.1473313570022583, 0.1901390254497528, 0.2848553955554962, 0.2767152488231659, 0.39524391293525696, 0.3627474009990692, 0.18963070213794708, 0.16053491830825806, 0.13345366716384888, 0.1455489844083786, 0.23455210030078888, 0.2411084771156311, 0.16151975095272064, 0.21437235176563263, 0.2177269458770752, 0.13380183279514313, 0.1537112146615982, 0.11251993477344513, 0.11200739443302155, 0.20635417103767395, 0.2282545417547226, 0.16365568339824677, 0.13880623877048492, 0.11771059036254883, 0.1428728848695755, 0.283152312040329, 0.2782169282436371, 0.21463224291801453, 0.2865295112133026, 0.2766108810901642, 0.24966216087341309], "rhythm.beats_position": [0.39473921060562134, 0.8126984238624573, 1.2306575775146484, 1.6486167907714844, 2.078185796737671, 2.5077550411224365, 2.9141042232513428, 3.320453405380249, 3.7151927947998047, 4.109931945800781, 4.5162811279296875, 4.922630310058594, 5.31736946105957, 5.723718643188477, 6.130067825317383, 6.559637069702148, 6.989206314086914, 7.40716552734375, 7.801904678344727, 8.208253860473633, 8.614603042602539, 9.009342193603516, 9.404081344604492, 9.810430526733398, 10.216779708862305, 10.611518859863281, 11.006258010864258, 11.412607192993164, 11.81895637512207, 12.213695526123047, 12.608434677124023, 13.014784812927246, 13.421133995056152, 13.815873146057129, 14.210612297058105, 14.616961479187012, 15.023310661315918, 15.418049812316895, 15.812788963317871, 16.20752716064453, 16.613876342773438, 17.020225524902344, 17.414966583251953, 17.80970573425293, 18.216054916381836, 18.622404098510742, 19.01714324951172, 19.411882400512695, 19.8182315826416, 20.224580764770508, 20.619319915771484, 21.01405906677246, 21.408798217773438, 21.803537368774414, 22.22149658203125, 22.616235733032227, 23.010974884033203, 23.40571403503418, 23.812063217163086, 24.218412399291992, 24.61315155029297, 25.007890701293945, 25.41423988342285, 25.820589065551758, 26.215328216552734, 26.61006736755371, 27.004806518554688, 27.399545669555664, 27.79428482055664, 28.200634002685547, 28.606983184814453, 29.00172233581543, 29.408071517944336, 29.814420700073242, 30.20915985107422, 30.603899002075195, 30.998638153076172, 31.404987335205078, 31.811336517333984, 32.206077575683594, 32.60081481933594, 32.99555587768555, 33.40190505981445, 33.80825424194336, 34.2029914855957, 34.60934066772461, 35.015689849853516, 35.410430908203125, 35.80516815185547, 36.19990921020508, 36.606258392333984], "rhythm.bpm_histogram": [0.0, 0.0, 0.0, 0.0, 0.0, 0.0, 0.0, 0.0, 0.0, 0.0, 0.0, 0.0, 0.0, 0.0, 0.0, 0.0, 0.0, 0.0, 0.0, 0.0, 0.0, 0.0, 0.0, 0.0, 0.0, 0.0, 0.0, 0.0, 0.0, 0.0, 0.0, 0.0, 0.0, 0.0, 0.0, 0.0, 0.0, 0.0, 0.0, 0.0, 0.0, 0.0, 0.0, 0.0, 0.0, 0.0, 0.0, 0.0, 0.0, 0.0, 0.0, 0.0, 0.0, 0.0, 0.0, 0.0, 0.0, 0.0, 0.0, 0.0, 0.0, 0.0, 0.0, 0.0, 0.0, 0.0, 0.0, 0.0, 0.0, 0.0, 0.0, 0.0, 0.0, 0.0, 0.0, 0.0, 0.0, 0.0, 0.0, 0.0, 0.0, 0.0, 0.0, 0.0, 0.0, 0.0, 0.0, 0.0, 0.0, 0.0, 0.0, 0.0, 0.0, 0.0, 0.0, 0.0, 0.0, 0.0, 0.0, 0.0, 0.0, 0.0, 0.0, 0.0, 0.0, 0.0, 0.0, 0.0, 0.0, 0.0, 0.0, 0.0, 0.0, 0.0, 0.0, 0.0, 0.0, 0.0, 0.0, 0.0, 0.0, 0.0, 0.0, 0.0, 0.0, 0.0, 0.0, 0.0, 0.0, 0.0, 0.0, 0.0, 0.0, 0.0, 0.0, 0.0, 0.0, 0.0, 0.0, 0.0, 0.04444444552063942, 0.0, 0.0, 0.0, 0.0555555559694767, 0.0, 0.0, 0.0, 0.41111111640930176, 0.0, 0.0, 0.0, 0.4888888895511627, 0.0, 0.0, 0.0, 0.0, 0.0, 0.0, 0.0, 0.0, 0.0, 0.0, 0.0, 0.0, 0.0, 0.0, 0.0, 0.0, 0.0, 0.0, 0.0, 0.0, 0.0, 0.0, 0.0, 0.0, 0.0, 0.0, 0.0, 0.0, 0.0, 0.0, 0.0, 0.0, 0.0, 0.0, 0.0, 0.0, 0.0, 0.0, 0.0, 0.0, 0.0, 0.0, 0.0, 0.0, 0.0, 0.0, 0.0, 0.0, 0.0, 0.0, 0.0, 0.0, 0.0, 0.0, 0.0, 0.0, 0.0, 0.0, 0.0, 0.0, 0.0, 0.0, 0.0, 0.0, 0.0, 0.0, 0.0, 0.0, 0.0, 0.0, 0.0, 0.0, 0.0, 0.0, 0.0, 0.0, 0.0, 0.0, 0.0, 0.0, 0.0, 0.0, 0.0, 0.0, 0.0, 0.0, 0.0, 0.0, 0.0, 0.0, 0.0, 0.0, 0.0, 0.0, 0.0, 0.0, 0.0], "tonal.chords_histogram": [19.79949951171875, 0.0, 2.3809523582458496, 7.393483638763428, 0.0, 5.3884711265563965, 3.007518768310547, 5.639097690582275, 0.0, 2.756892204284668, 0.0, 0.12531328201293945, 0.0, 0.0, 0.0, 0.0, 0.0, 0.0, 0.0, 0.0, 0.0, 0.0, 11.779448509216309, 41.72932434082031], "tonal.thpcp": [1.0, 0.8725407719612122, 0.2502231299877167, 0.14456169307231903, 0.12389348447322845, 0.14824998378753662, 0.3313596844673157, 0.343985378742218, 0.18929657340049744, 0.29335537552833557, 0.2829670011997223, 0.1685313731431961, 0.17591321468353271, 0.13129498064517975, 0.12693120539188385, 0.26565513014793396, 0.2892301380634308, 0.19233019649982452, 0.15334472060203552, 0.12731078267097473, 0.1949409693479538, 0.4960530996322632, 0.49363091588020325, 0.3027328550815582, 0.42235711216926575, 0.41446930170059204, 0.35643497109413147, 0.3700169622898102, 0.2698576748371124, 0.22883877158164978, 0.374172180891037, 0.3288906216621399, 0.16224895417690277, 0.22719816863536835, 0.36275890469551086, 0.5035454630851746], "lowlevel.gfcc.cov": [[2807.26416015625, 334.6337585449219, 812.7307739257812, 558.0216064453125, 224.4657745361328, 334.0682678222656, 59.98284149169922, 99.58134460449219, 65.0761947631836, 78.44346618652344, -12.454061508178711, 130.1982879638672, 98.84466552734375], [334.6337585449219, 1783.490478515625, 936.7821655273438, 561.8162841796875, 694.5396118164062, 347.8273010253906, 387.18267822265625, 153.7490692138672, 147.37498474121094, 2.3109242916107178, 91.90499114990234, 42.42728805541992, 147.6896514892578], [812.7307739257812, 936.7821655273438, 1748.9984130859375, 1198.626220703125, 733.3458862304688, 657.173095703125, 350.986083984375, 228.12718200683594, 310.4032287597656, 116.98159790039062, -17.065731048583984, 78.66123962402344, 114.27884674072266], [558.0216064453125, 561.8162841796875, 1198.626220703125, 1124.6326904296875, 644.6956787109375, 567.2893676757812, 297.307373046875, 236.97332763671875, 312.9132080078125, 97.17296600341797, -22.140949249267578, 42.86084747314453, 102.90509033203125], [224.4657745361328, 694.5396118164062, 733.3458862304688, 644.6956787109375, 692.7965087890625, 438.8091735839844, 315.6352844238281, 206.11073303222656, 213.01084899902344, 47.723976135253906, 19.889720916748047, 10.125017166137695, 90.8990478515625], [334.0682678222656, 347.8273010253906, 657.173095703125, 567.2893676757812, 438.8091735839844, 521.6766357421875, 335.5121154785156, 167.21310424804688, 163.77525329589844, 87.4234619140625, 53.631370544433594, 32.85197067260742, 54.89345932006836], [59.98284149169922, 387.18267822265625, 350.986083984375, 297.307373046875, 315.6352844238281, 335.5121154785156, 353.5845642089844, 160.31216430664062, 114.75885009765625, 73.0263442993164, 104.75222778320312, 34.863670349121094, 44.9140739440918], [99.58134460449219, 153.7490692138672, 228.12718200683594, 236.97332763671875, 206.11073303222656, 167.21310424804688, 160.31216430664062, 189.6668701171875, 175.74581909179688, 85.19940948486328, 57.245094299316406, 52.39484405517578, 52.191532135009766], [65.0761947631836, 147.37498474121094, 310.4032287597656, 312.9132080078125, 213.01084899902344, 163.77525329589844, 114.75885009765625, 175.74581909179688, 268.3748779296875, 129.2932586669922, 46.99461364746094, 55.78298568725586, 64.98357391357422], [78.44346618652344, 2.3109242916107178, 116.98159790039062, 97.17296600341797, 47.723976135253906, 87.4234619140625, 73.0263442993164, 85.19940948486328, 129.2932586669922, 140.4379425048828, 80.67897033691406, 50.50707244873047, 31.906705856323242], [-12.454061508178711, 91.90499114990234, -17.065731048583984, -22.140949249267578, 19.889720916748047, 53.631370544433594, 104.75222778320312, 57.245094299316406, 46.99461364746094, 80.67897033691406, 127.29511260986328, 57.84023666381836, 30.878246307373047], [130.1982879638672, 42.42728805541992, 78.66123962402344, 42.86084747314453, 10.125017166137695, 32.85197067260742, 34.863670349121094, 52.39484405517578, 55.78298568725586, 50.50707244873047, 57.84023666381836, 105.14350891113281, 59.093746185302734], [98.84466552734375, 147.6896514892578, 114.27884674072266, 102.90509033203125, 90.8990478515625, 54.89345932006836, 44.9140739440918, 52.191532135009766, 64.98357391357422, 31.906705856323242, 30.878246307373047, 59.093746185302734, 87.2954330444336]], "lowlevel.gfcc.icov": [[0.0005155457183718681, -0.00016840326134115458, -7.291142537724227e-05, -0.0001221291022375226, 0.0002217651781393215, -0.0006352428463287652, 0.0008184319594874978, -0.0008196995477192104, 0.00097090337658301, -0.0006563718779943883, 0.0003803281579166651, -0.0005068812170065939, -9.614884766051546e-05], [-0.00016840326134115458, 0.0018058954738080502, -0.001212604925967753, 0.0007013012655079365, -0.0015369950560852885, 0.0020132847130298615, -0.001938324305228889, 0.0015104346675798297, -0.0009497316204942763, 0.0019897553138434887, -0.0020776819437742233, 0.0011960493866354227, -0.0017702046316117048], [-7.291142537724227e-05, -0.001212604925967753, 0.0033983648754656315, -0.002744554076343775, 0.0002226307988166809, -0.0012583181960508227, 0.0004121394595131278, 0.0007332675741054118, 0.0006707803695462644, -0.0025044167414307594, 0.0027986234053969383, -0.0029222797602415085, 0.002233892446383834], [-0.0001221291022375226, 0.0007013012655079365, -0.002744554076343775, 0.005781002342700958, -0.0011779079213738441, -0.0019864223431795835, 0.0007378971786238253, -0.00034760983544401824, -0.0028572045266628265, 0.0022449039388448, -5.045164016337367e-06, 0.0016749179922044277, -0.0017918244702741504], [0.0002217651781393215, -0.0015369950560852885, 0.0002226307988166809, -0.0011779079213738441, 0.006932734977453947, -0.003301671938970685, 0.0004705586761701852, -0.0032723117619752884, -0.0004982408136129379, 0.0014099295949563384, 0.0008800486684776843, 0.002980983117595315, -0.002455780515447259], [-0.0006352428463287652, 0.0020132847130298615, -0.0012583181960508227, -0.0019864223431795835, -0.003301671938970685, 0.01313369907438755, -0.010477890260517597, 0.004310340154916048, -0.0001528406428406015, -0.0017657892312854528, 0.0009627208346500993, -0.0002798378700390458, -9.680343646323308e-05], [0.0008184319594874978, -0.001938324305228889, 0.0004121394595131278, 0.0007378971786238253, 0.0004705586761701852, -0.010477890260517597, 0.018256505951285362, -0.010157794691622257, 0.004402382764965296, 0.0013422350166365504, -0.008252227678894997, 0.00216405070386827, 0.0014082667184993625], [-0.0008196995477192104, 0.0015104346675798297, 0.0007332675741054118, -0.00034760983544401824, -0.0032723117619752884, 0.004310340154916048, -0.010157794691622257, 0.024683909490704536, -0.013568716123700142, 0.0027421151753515005, -4.6173045120667666e-05, -0.004829373210668564, 0.0013719159178435802], [0.00097090337658301, -0.0009497316204942763, 0.0006707803695462644, -0.0028572045266628265, -0.0004982408136129379, -0.0001528406428406015, 0.004402382764965296, -0.013568716123700142, 0.020602094009518623, -0.014122898690402508, 0.005085610784590244, -0.000467519013909623, -0.0021971967071294785], [-0.0006563718779943883, 0.0019897553138434887, -0.0025044167414307594, 0.0022449039388448, 0.0014099295949563384, -0.0017657892312854528, 0.0013422350166365504, 0.0027421151753515005, -0.014122898690402508, 0.02806166559457779, -0.01723288930952549, 0.0034302647691220045, -0.000648530141916126], [0.0003803281579166651, -0.0020776819437742233, 0.0027986234053969383, -5.045164016337367e-06, 0.0008800486684776843, 0.0009627208346500993, -0.008252227678894997, -4.6173045120667666e-05, 0.005085610784590244, -0.01723288930952549, 0.02969321422278881, -0.011038222350180149, 0.0016603601397946477], [-0.0005068812170065939, 0.0011960493866354227, -0.0029222797602415085, 0.0016749179922044277, 0.002980983117595315, -0.0002798378700390458, 0.00216405070386827, -0.004829373210668564, -0.000467519013909623, 0.0034302647691220045, -0.011038222350180149, 0.025920504704117775, -0.015300477854907513], [-9.614884766051546e-05, -0.0017702046316117048, 0.002233892446383834, -0.0017918244702741504, -0.002455780515447259, -9.680343646323308e-05, 0.0014082667184993625, 0.0013719159178435802, -0.0021971967071294785, -0.000648530141916126, 0.0016603601397946477, -0.015300477854907513, 0.026463035494089127]], "lowlevel.mfcc.cov": [[2145.88720703125, -96.71435546875, 450.8498840332031, 194.61534118652344, 188.27944946289062, 156.25376892089844, 35.61466598510742, 64.47196960449219, 70.58756256103516, -1.2999560832977295, -11.138411521911621, -0.4786345660686493, 35.5783805847168], [-96.71435546875, 1400.2152099609375, 342.3656311035156, 356.39404296875, 312.91094970703125, 225.40283203125, 280.91046142578125, 197.9437713623047, 114.451171875, 111.39168548583984, 39.70061492919922, -17.697227478027344, 23.705547332763672], [450.8498840332031, 342.3656311035156, 1152.4586181640625, 641.9022827148438, 565.1032104492188, 566.0250244140625, 244.66043090820312, 276.30621337890625, 317.7204895019531, 153.74307250976562, 139.0231170654297, 130.8607940673828, 80.24430847167969], [194.61534118652344, 356.39404296875, 641.9022827148438, 601.5394897460938, 516.2255859375, 389.52392578125, 191.9017333984375, 246.6743621826172, 292.35455322265625, 149.90602111816406, 89.78047180175781, 97.73323059082031, 75.0119400024414], [188.27944946289062, 312.91094970703125, 565.1032104492188, 516.2255859375, 594.4138793945312, 410.6106262207031, 194.1184539794922, 250.15899658203125, 312.5576477050781, 163.10035705566406, 84.09550476074219, 95.91558837890625, 68.74547576904297], [156.25376892089844, 225.40283203125, 566.0250244140625, 389.52392578125, 410.6106262207031, 486.0745544433594, 288.122314453125, 240.0463104248047, 241.00201416015625, 161.33721923828125, 107.53553009033203, 90.24420166015625, 62.64632797241211], [35.61466598510742, 280.91046142578125, 244.66043090820312, 191.9017333984375, 194.1184539794922, 288.122314453125, 334.1959228515625, 195.57339477539062, 111.49830627441406, 123.55731201171875, 71.72241973876953, 39.492313385009766, 51.06283187866211], [64.47196960449219, 197.9437713623047, 276.30621337890625, 246.6743621826172, 250.15899658203125, 240.0463104248047, 195.57339477539062, 233.83168029785156, 186.59815979003906, 109.87043762207031, 75.69474792480469, 81.12932586669922, 71.00227355957031], [70.58756256103516, 114.451171875, 317.7204895019531, 292.35455322265625, 312.5576477050781, 241.00201416015625, 111.49830627441406, 186.59815979003906, 261.94757080078125, 135.1671142578125, 89.00601959228516, 103.97352600097656, 78.6042709350586], [-1.2999560832977295, 111.39168548583984, 153.74307250976562, 149.90602111816406, 163.10035705566406, 161.33721923828125, 123.55731201171875, 109.87043762207031, 135.1671142578125, 167.7899169921875, 96.46690368652344, 62.06935119628906, 56.67731857299805], [-11.138411521911621, 39.70061492919922, 139.0231170654297, 89.78047180175781, 84.09550476074219, 107.53553009033203, 71.72241973876953, 75.69474792480469, 89.00601959228516, 96.46690368652344, 133.43092346191406, 90.63490295410156, 53.5736198425293], [-0.4786345660686493, -17.697227478027344, 130.8607940673828, 97.73323059082031, 95.91558837890625, 90.24420166015625, 39.492313385009766, 81.12932586669922, 103.97352600097656, 62.06935119628906, 90.63490295410156, 139.5538330078125, 81.78030395507812], [35.5783805847168, 23.705547332763672, 80.24430847167969, 75.0119400024414, 68.74547576904297, 62.64632797241211, 51.06283187866211, 71.00227355957031, 78.6042709350586, 56.67731857299805, 53.5736198425293, 81.78030395507812, 105.74866485595703]], "lowlevel.mfcc.icov": [[0.0005466172588057816, 0.00012402907304931432, -0.0003594266891013831, 0.00012475362746044993, -0.00022605806589126587, 0.00020147472969256341, -3.42242383339908e-05, -0.00010887508688028902, 0.0001814102870412171, 5.614220935967751e-05, 0.00010740951984189451, 0.00038657974801026285, -0.0004285421164240688], [0.00012402907304931432, 0.0010976969497278333, -0.00022628786973655224, -0.0005183406174182892, -0.0005496806697919965, 0.0010478526819497347, -0.0010290340287610888, -0.0003374046355020255, 0.0006011496298015118, -0.00012721055827569216, -0.00025234176428057253, 0.0007405318319797516, -0.0001119013613788411], [-0.0003594266891013831, -0.00022628786973655224, 0.0035194421652704477, -0.0026759409811347723, 0.0009097515721805394, -0.003774752141907811, 0.001489593181759119, 0.00016964966198429465, 0.000328850990626961, 0.0014656373532488942, -0.0014636488631367683, -0.00011215110862394795, 9.043628779181745e-06], [0.00012475362746044993, -0.0005183406174182892, -0.0026759409811347723, 0.009546919725835323, -0.00515655567869544, 0.001311450614593923, -8.343830268131569e-05, -0.0010782548924908042, -0.001447996124625206, -0.00029609506600536406, 0.0006203321972861886, 0.0002754239540081471, -0.0006199664203450084], [-0.00022605806589126587, -0.0005496806697919965, 0.0009097515721805394, -0.00515655567869544, 0.010520577430725098, -0.004508976358920336, 0.0018828826723620296, -0.00013066511019133031, -0.004721110686659813, -0.0008297150488942862, 0.0022404040209949017, -0.0004325156332924962, 0.0013305629836395383], [0.00020147472969256341, 0.0010478526819497347, -0.003774752141907811, 0.001311450614593923, -0.004508976358920336, 0.014617599546909332, -0.00868956558406353, 0.001318400609306991, -0.0025973727460950613, -0.0006996331503614783, -0.0004668932524509728, -0.0007053875597193837, 0.0023014466278254986], [-3.42242383339908e-05, -0.0010290340287610888, 0.001489593181759119, -8.343830268131569e-05, 0.0018828826723620296, -0.00868956558406353, 0.013877770863473415, -0.009423383511602879, 0.007148386910557747, -0.003990667872130871, 9.361161210108548e-05, 0.0019919085316359997, -0.002041778527200222], [-0.00010887508688028902, -0.0003374046355020255, 0.00016964966198429465, -0.0010782548924908042, -0.00013066511019133031, 0.001318400609306991, -0.009423383511602879, 0.0204925499856472, -0.011169426143169403, 0.003750686766579747, -0.0004524142132140696, -0.0017644092440605164, -0.0012708024587482214], [0.0001814102870412171, 0.0006011496298015118, 0.000328850990626961, -0.001447996124625206, -0.004721110686659813, -0.0025973727460950613, 0.007148386910557747, -0.011169426143169403, 0.023096628487110138, -0.007704336196184158, 0.0011601888108998537, -0.003264850005507469, -0.0018643755465745926], [5.614220935967751e-05, -0.00012721055827569216, 0.0014656373532488942, -0.00029609506600536406, -0.0008297150488942862, -0.0006996331503614783, -0.003990667872130871, 0.003750686766579747, -0.007704336196184158, 0.018376424908638, -0.010451358743011951, 0.005059676710516214, -0.003270411631092429], [0.00010740951984189451, -0.00025234176428057253, -0.0014636488631367683, 0.0006203321972861886, 0.0022404040209949017, -0.0004668932524509728, 9.361161210108548e-05, -0.0004524142132140696, 0.0011601888108998537, -0.010451358743011951, 0.021693311631679535, -0.012073376215994358, 0.002855693455785513], [0.00038657974801026285, 0.0007405318319797516, -0.00011215110862394795, 0.0002754239540081471, -0.0004325156332924962, -0.0007053875597193837, 0.0019919085316359997, -0.0017644092440605164, -0.003264850005507469, 0.005059676710516214, -0.012073376215994358, 0.02321184240281582, -0.0116037018597126], [-0.0004285421164240688, -0.0001119013613788411, 9.043628779181745e-06, -0.0006199664203450084, 0.0013305629836395383, 0.0023014466278254986, -0.002041778527200222, -0.0012708024587482214, -0.0018643755465745926, -0.003270411631092429, 0.002855693455785513, -0.0116037018597126, 0.020334919914603233]], "metadata.audio_properties.analysis.downmix": "mix", "metadata.audio_properties.codec": "mp3", "metadata.audio_properties.md5_encoded": "b91ae2a62699cff857cde50c5b7d1383", "metadata.tags.file_name": "1183693588706623560.mp3", "metadata.version.essentia": "2.1-beta6-dev", "metadata.version.essentia_git_sha": "v2.1_beta5-1110-g77a6a954", "metadata.version.extractor": "music 2.0", 