{"song_id": "1183668697563398184", "download": "https://cdn.discordapp.com/attachments/1135903449314238464/1183668697563398184/chirp.mp4?ex=65892c61&amp", "lyrics": "[Verse]\nMi cuerpo es una m\u00e1quina, trabajando a mil\nLa glucolisis se pone en marcha, no tiene fin\nTransformo la glucosa, con energ\u00eda me alimento\nEl ritmo de la vida, en mi sangre lo siento\n\n[Chorus]\nGlucolisis, mi fuente de energ\u00eda sin igual\nBailando al ritmo del metabolismo sin parar\nGlucolisis, la chispa que enciende mi motor\nMi cuerpo al comp\u00e1s de este reggaeton, \u00a1vamos", "style": ["regaeton"], "essentia_features": {"lowlevel.average_loudness": 0.9809206128120422, "lowlevel.barkbands_crest.mean": 13.494353294372559, "lowlevel.barkbands_crest.stdev": 5.793820858001709, "lowlevel.barkbands_flatness_db.mean": 0.1645880937576294, "lowlevel.barkbands_flatness_db.stdev": 0.08320415765047073, "lowlevel.barkbands_kurtosis.mean": 20.229888916015625, "lowlevel.barkbands_kurtosis.stdev": 64.19618225097656, "lowlevel.barkbands_skewness.mean": 2.5255677700042725, "lowlevel.barkbands_skewness.stdev": 2.967104196548462, "lowlevel.barkbands_spread.mean": 25.09624481201172, "lowlevel.barkbands_spread.stdev": 16.654891967773438, "lowlevel.dissonance.mean": 0.4684542417526245, "lowlevel.dissonance.stdev": 0.025333629921078682, "lowlevel.dynamic_complexity": 3.744539260864258, "lowlevel.erbbands_crest.mean": 9.382465362548828, "lowlevel.erbbands_crest.stdev": 5.162898540496826, "lowlevel.erbbands_flatness_db.mean": 0.14330339431762695, "lowlevel.erbbands_flatness_db.stdev": 0.049769699573516846, "lowlevel.erbbands_kurtosis.mean": 0.11924078315496445, "lowlevel.erbbands_kurtosis.stdev": 2.630052328109741, "lowlevel.erbbands_skewness.mean": 0.15774068236351013, "lowlevel.erbbands_skewness.stdev": 0.8910750150680542, "lowlevel.erbbands_spread.mean": 54.64802551269531, "lowlevel.erbbands_spread.stdev": 25.985836029052734, "lowlevel.hfc.mean": 14.894278526306152, "lowlevel.hfc.stdev": 16.437854766845703, "lowlevel.loudness_ebu128.integrated": -15.078225135803223, "lowlevel.loudness_ebu128.loudness_range": 1.8174057006835938, "lowlevel.loudness_ebu128.momentary.mean": -15.26203441619873, "lowlevel.loudness_ebu128.momentary.stdev": 1.3230493068695068, "lowlevel.loudness_ebu128.short_term.mean": -15.10302448272705, "lowlevel.loudness_ebu128.short_term.stdev": 0.5930584073066711, "lowlevel.melbands_crest.mean": 18.845478057861328, "lowlevel.melbands_crest.stdev": 7.9651055335998535, "lowlevel.melbands_flatness_db.mean": 0.21279963850975037, "lowlevel.melbands_flatness_db.stdev": 0.10416637361049652, "lowlevel.melbands_kurtosis.mean": 63.681175231933594, "lowlevel.melbands_kurtosis.stdev": 179.33135986328125, "lowlevel.melbands_skewness.mean": 4.671934604644775, "lowlevel.melbands_skewness.stdev": 4.562432289123535, "lowlevel.melbands_spread.mean": 24.834583282470703, "lowlevel.melbands_spread.stdev": 26.160442352294922, "lowlevel.pitch_salience.mean": 0.46890729665756226, "lowlevel.pitch_salience.stdev": 0.18043024837970734, "lowlevel.silence_rate_20dB.mean": 1.0, "lowlevel.silence_rate_20dB.stdev": 0.0, "lowlevel.silence_rate_30dB.mean": 0.9936268925666809, "lowlevel.silence_rate_30dB.stdev": 0.0795774832367897, "lowlevel.silence_rate_60dB.mean": 0.12804171442985535, "lowlevel.silence_rate_60dB.stdev": 0.33413317799568176, "lowlevel.spectral_centroid.mean": 1676.7603759765625, "lowlevel.spectral_centroid.stdev": 841.8359375, "lowlevel.spectral_complexity.mean": 12.769988059997559, "lowlevel.spectral_complexity.stdev": 11.824665069580078, "lowlevel.spectral_decrease.mean": -6.412415487488943e-09, "lowlevel.spectral_decrease.stdev": 7.836359117163738e-09, "lowlevel.spectral_energy.mean": 0.025552930310368538, "lowlevel.spectral_energy.stdev": 0.03052441217005253, "lowlevel.spectral_energyband_high.mean": 0.0010018674656748772, "lowlevel.spectral_energyband_high.stdev": 0.0013337426353245974, "lowlevel.spectral_energyband_low.mean": 0.012984680011868477, "lowlevel.spectral_energyband_low.stdev": 0.023571956902742386, "lowlevel.spectral_energyband_middle_high.mean": 0.002593408804386854, "lowlevel.spectral_energyband_middle_high.stdev": 0.0030126753263175488, "lowlevel.spectral_energyband_middle_low.mean": 0.010086125694215298, "lowlevel.spectral_energyband_middle_low.stdev": 0.01746315322816372, "lowlevel.spectral_entropy.mean": 7.734450340270996, "lowlevel.spectral_entropy.stdev": 0.45089322328567505, "lowlevel.spectral_flux.mean": 0.08857470005750656, "lowlevel.spectral_flux.stdev": 0.0785718560218811, "lowlevel.spectral_kurtosis.mean": 2.693347692489624, "lowlevel.spectral_kurtosis.stdev": 1.88614022731781, "lowlevel.spectral_rms.mean": 0.004225167445838451, "lowlevel.spectral_rms.stdev": 0.002660377649590373, "lowlevel.spectral_rolloff.mean": 1668.2716064453125, "lowlevel.spectral_rolloff.stdev": 1941.9178466796875, "lowlevel.spectral_skewness.mean": 1.1624934673309326, "lowlevel.spectral_skewness.stdev": 0.35264185070991516, "lowlevel.spectral_spread.mean": 5440550.0, "lowlevel.spectral_spread.stdev": 1675432.5, "lowlevel.spectral_strongpeak.mean": 0.6336601972579956, "lowlevel.spectral_strongpeak.stdev": 0.723408043384552, "lowlevel.zerocrossingrate.mean": 0.0701979249715805, "lowlevel.zerocrossingrate.stdev": 0.048940785229206085, "metadata.audio_properties.analysis.equal_loudness": 0.0, "metadata.audio_properties.analysis.length": 40.04265213012695, "metadata.audio_properties.analysis.sample_rate": 44100.0, "metadata.audio_properties.analysis.start_time": 0.0, "metadata.audio_properties.bit_rate": 122208.0, "metadata.audio_properties.length": 40.042667388916016, "metadata.audio_properties.lossless": 0.0, "metadata.audio_properties.number_channels": 1.0, "metadata.audio_properties.replay_gain": -13.160696029663086, "metadata.audio_properties.sample_rate": 48000.0, "rhythm.beats_count": 62.0, "rhythm.beats_loudness.mean": 0.06569276750087738, "rhythm.beats_loudness.stdev": 0.020045695826411247, "rhythm.bpm": 93.96713256835938, "rhythm.bpm_histogram_first_peak_bpm": 94.0, "rhythm.bpm_histogram_first_peak_weight": 0.13114750385284424, "rhythm.bpm_histogram_second_peak_bpm": 0.0, "rhythm.bpm_histogram_second_peak_spread": 0.0, "rhythm.bpm_histogram_second_peak_weight": 0.0, "rhythm.danceability": 2.5222299098968506, "rhythm.onset_rate": 5.86701774597168, "tonal.chords_changes_rate": 0.07523148506879807, "tonal.chords_number_rate": 0.009259259328246117, "tonal.chords_strength.mean": 0.5474256277084351, "tonal.chords_strength.stdev": 0.07364186644554138, "tonal.hpcp_crest.mean": 14.322043418884277, "tonal.hpcp_crest.stdev": 7.1273932456970215, "tonal.hpcp_entropy.mean": 1.9321626424789429, "tonal.hpcp_entropy.stdev": 0.832227885723114, "tonal.key_edma.strength": 0.6353452205657959, "tonal.key_krumhansl.strength": 0.6582344174385071, "tonal.key_temperley.strength": 0.6792086958885193, "tonal.tuning_diatonic_strength": 0.6072698831558228, "tonal.tuning_equal_tempered_deviation": 0.1998727172613144, "tonal.tuning_frequency": 434.193115234375, "tonal.tuning_nontempered_energy_ratio": 0.9424335956573486, "lowlevel.barkbands.mean": [0.0006979514728300273, 0.00909503921866417, 0.00212185550481081, 0.0022296125534921885, 0.005267311818897724, 0.0009512728429399431, 0.0004905713722109795, 0.00040257719228975475, 0.0006715247291140258, 0.0003628814301919192, 0.00037353261723183095, 0.0001405344228260219, 0.000384463433874771, 0.00020954963110852987, 0.00023837544722482562, 0.0001738845166983083, 0.00018091000674758106, 0.00018654904852155596, 0.0002477826492395252, 0.00028763795853592455, 0.0002490492188371718, 0.00018028754857368767, 0.000157374088303186, 0.00012770593457389623, 8.711283589946106e-05, 3.731152173713781e-05, 2.719404506024148e-07], "lowlevel.barkbands.stdev": [0.0017533315112814307, 0.01684066839516163, 0.008008578792214394, 0.006661325693130493, 0.011865195818245411, 0.001717239385470748, 0.0011834331089630723, 0.0011909176828339696, 0.001847066800110042, 0.0008718939498066902, 0.0008979066042229533, 0.00029540841933339834, 0.0011104042641818523, 0.0005064539727754891, 0.0005047200829721987, 0.00044292406528256834, 0.00031751484493725, 0.00031060975743457675, 0.00034456371213309467, 0.0004231592174619436, 0.0003644456737674773, 0.00032421070500276983, 0.00026131290360353887, 0.00021849664335604757, 0.00016819153097458184, 5.808783316751942e-05, 8.984630994746112e-07], "lowlevel.erbbands.mean": [0.3620999753475189, 1.6358673572540283, 2.423975706100464, 5.648732662200928, 16.424020767211914, 14.21662712097168, 9.093223571777344, 8.051934242248535, 6.795792102813721, 9.431363105773926, 8.164437294006348, 17.861984252929688, 7.567788124084473, 13.106855392456055, 16.896366119384766, 7.671923637390137, 18.51368522644043, 10.00499153137207, 15.091161727905273, 9.179596900939941, 9.915140151977539, 9.76134967803955, 9.54182243347168, 13.82894229888916, 11.17706298828125, 13.778712272644043, 11.711099624633789, 8.674180030822754, 6.983482837677002, 5.4092278480529785, 4.211146354675293, 2.7390456199645996, 2.112112522125244, 1.1395260095596313, 0.5381165146827698, 0.22539110481739044, 0.054631318897008896, 0.005281991325318813, 0.00012306301505304873, 3.6067129258299246e-05], "lowlevel.erbbands.stdev": [0.6943324208259583, 3.4620065689086914, 8.370575904846191, 17.79924774169922, 38.83556365966797, 31.045604705810547, 16.32123374938965, 16.005462646484375, 14.758564949035645, 25.21735954284668, 18.400367736816406, 50.254249572753906, 18.994922637939453, 29.100107192993164, 40.63579177856445, 13.697385787963867, 54.50729751586914, 18.96813201904297, 31.57340431213379, 20.906206130981445, 17.56648826599121, 17.049734115600586, 15.393403053283691, 20.782756805419922, 14.824506759643555, 19.623546600341797, 15.813607215881348, 13.978200912475586, 12.497403144836426, 9.768213272094727, 6.8803815841674805, 4.40810489654541, 3.837721109390259, 2.228652238845825, 1.0638154745101929, 0.39263716340065, 0.08341104537248611, 0.009674152359366417, 0.0001908506383188069, 3.9706228562863544e-05], "lowlevel.gfcc.mean": [-40.09961700439453, 62.239707946777344, -112.03446197509766, 48.30745315551758, -60.273414611816406, 20.922964096069336, -36.71550750732422, 10.807330131530762, -29.64992904663086, 9.714138984680176, -11.152283668518066, 2.4343743324279785, -7.0840864181518555], "lowlevel.melbands.mean": [0.002843890804797411, 0.0015460295835509896, 0.0012637710897251964, 0.0012532112887129188, 0.00034906482324004173, 0.0001754360127961263, 0.0001029429113259539, 0.00010350217780796811, 7.781729800626636e-05, 0.00010344909242121503, 3.481528619886376e-05, 5.266406151349656e-05, 5.49366777704563e-05, 2.403360304015223e-05, 3.221510996809229e-05, 3.212497176718898e-05, 1.78869922820013e-05, 2.5437391741434112e-05, 1.3423753443930764e-05, 1.2763283848471474e-05, 1.1214012374693993e-05, 1.0265565833833534e-05, 8.995954885904212e-06, 9.067913197213784e-06, 1.1552791875146795e-05, 8.340639396919869e-06, 8.026257091842126e-06, 9.462978596275207e-06, 7.695958629483357e-06, 6.257237146201078e-06, 4.567409177980153e-06, 4.11442715630983e-06, 3.110778379777912e-06, 3.0054063699935796e-06, 2.534658051445149e-06, 1.9287015220470494e-06, 1.5950434999467689e-06, 1.5945896620905842e-06, 1.1477065982035128e-06, 9.101020168600371e-07], "lowlevel.melbands.stdev": [0.005166708026081324, 0.0041280523873865604, 0.0031824184115976095, 0.002854208694770932, 0.0006531679537147284, 0.00034186604898422956, 0.00023359243641607463, 0.0002894527860917151, 0.0001835725997807458, 0.0002850999590009451, 9.481612505624071e-05, 0.00012785957369487733, 0.00013334873074200004, 5.073356442153454e-05, 9.834029333433136e-05, 8.1101999967359e-05, 3.992118945461698e-05, 5.5772823543520644e-05, 2.6864656319958158e-05, 4.216926754452288e-05, 1.8253373127663508e-05, 2.0378678527777083e-05, 1.7143918739748187e-05, 1.45868743857136e-05, 1.823081220209133e-05, 1.1782457477238495e-05, 1.1787920811912045e-05, 1.4394589015864767e-05, 1.104002967622364e-05, 9.669213795859832e-06, 7.928956620162353e-06, 7.450936209352221e-06, 5.930122370045865e-06, 5.438048901851289e-06, 4.229310434311628e-06, 3.216002824046882e-06, 2.67283508037508e-06, 2.9944956168037606e-06, 2.213116431448725e-06, 1.8517333728595986e-06], "lowlevel.melbands128.mean": [0.0006548968376591802, 0.0031342152506113052, 0.0037867166101932526, 0.002311473712325096, 0.001255343551747501, 0.001061358256265521, 0.0010994813637807965, 0.0011159145506098866, 0.001820658566430211, 0.0016817888244986534, 0.0005464840796776116, 0.0004215547814965248, 0.00028524291701614857, 0.0002611599047668278, 0.0002168275968870148, 0.0001040659481077455, 8.4372513811104e-05, 0.00012422827421687543, 9.378087997902185e-05, 0.00010953789751511067, 0.00011866189015563577, 5.133319064043462e-05, 4.375331991468556e-05, 0.00012946869537699968, 0.0001740393490763381, 6.270794256124645e-05, 2.7259611670160666e-05, 3.30148650391493e-05, 2.657598270161543e-05, 8.661855827085674e-05, 4.087892739335075e-05, 2.9921367968199775e-05, 6.649406714132056e-05, 7.501694199163467e-05, 2.0269852029741742e-05, 1.5479627109016292e-05, 1.367912318528397e-05, 1.4076806110097095e-05, 6.71489760861732e-05, 4.781378083862364e-05, 2.1568004740402102e-05, 1.1410087608965114e-05, 1.3812958968628664e-05, 2.3069749659043737e-05, 2.582626802904997e-05, 2.683487764443271e-05, 2.7173049602424726e-05, 9.36975993681699e-06, 9.87391103990376e-06, 1.2117004189349245e-05, 1.431396867701551e-05, 1.1962202734139282e-05, 1.1383811397536192e-05, 1.106450508814305e-05, 1.0682789252314251e-05, 1.0718939847720321e-05, 8.166413863364141e-06, 1.1625489605648909e-05, 7.890454071457498e-06, 7.1745766945241485e-06, 8.56508358992869e-06, 9.296659300161991e-06, 1.566773971717339e-05, 1.0500612006580923e-05, 8.896462531993166e-06, 8.327286195708439e-06, 8.284778232336976e-06, 6.489674433396431e-06, 7.845989784982521e-06, 1.0757291420304682e-05, 7.955751243571285e-06, 1.0879970432142727e-05, 8.702048944542184e-06, 6.839228717581136e-06, 6.705749001412187e-06, 6.527167897729669e-06, 6.3783832047192845e-06, 4.56020552519476e-06, 4.673933744925307e-06, 3.8893103919690475e-06, 4.238203473505564e-06, 4.425689894560492e-06, 3.4707502436504e-06, 2.8188626401970396e-06, 2.8922370347572723e-06, 3.095989313806058e-06, 3.0193559723556973e-06, 2.8850188300566515e-06, 2.507265890017152e-06, 2.351195917071891e-06, 2.0707616386062e-06, 1.8804781802828074e-06, 1.5381846196760307e-06, 1.4918892929927097e-06, 1.683227651483321e-06, 1.7711588498059427e-06, 1.5199511835817248e-06, 1.4415840041692718e-06, 1.1697528634613263e-06, 1.0183335916735814e-06, 9.173223247671558e-07, 9.354058647659258e-07, 8.40867926399369e-07, 7.190992619143799e-07, 5.210629296925617e-07, 5.221191372584144e-07, 5.377745537771261e-07, 4.96528912208305e-07, 3.8087861753410834e-07, 3.1144978152042313e-07, 2.413315201010846e-07, 1.8961301861963875e-07, 1.6160170446255506e-07, 1.360385653015328e-07, 1.0284765750157021e-07, 4.9707981730762185e-08, 1.172316466124812e-08, 5.354556797954046e-10, 4.98557965744606e-12, 4.903934463368342e-12, 4.721590306233647e-12, 4.463040614161029e-12, 4.280260607752995e-12, 4.179781087215728e-12, 3.916763181149863e-12, 3.5272650685674867e-12, 3.3102979992566395e-12, 3.2641146729961434e-12], "lowlevel.melbands128.stdev": [0.001674456289038062, 0.006578175351023674, 0.007040779571980238, 0.005736039951443672, 0.00450387317687273, 0.003992549609392881, 0.0039718905463814735, 0.0031138374470174313, 0.0046969191171228886, 0.004090850707143545, 0.0012927220668643713, 0.001072186860255897, 0.0005909006576985121, 0.0005290962290018797, 0.0004740058211609721, 0.00031390530057251453, 0.00022285139129962772, 0.0002826699346769601, 0.00028033205308020115, 0.00034226590651087463, 0.00042086391476914287, 0.00018993379489984363, 0.00014436396304517984, 0.00044755000271834433, 0.0005660488386638463, 0.0002092794020427391, 0.00011298844765406102, 0.0001541578967589885, 6.270704761845991e-05, 0.00025538893532939255, 0.0001065690812538378, 8.692966366652399e-05, 0.0001986043353099376, 0.00023715505085419863, 5.311569111654535e-05, 3.907715654349886e-05, 3.4548724215710536e-05, 4.182730117463507e-05, 0.0002530108904466033, 0.0001554783812025562, 7.012260175542906e-05, 2.7834410502691753e-05, 3.504429696477018e-05, 7.152087346184999e-05, 0.00010323366586817428, 7.828510570107028e-05, 7.406909571727738e-05, 3.084711352130398e-05, 2.7498290364746936e-05, 4.14343157899566e-05, 8.42328299768269e-05, 3.2018378988141194e-05, 2.3047208742354997e-05, 2.2769814677303657e-05, 2.405513805570081e-05, 3.3552321838214993e-05, 1.6671034245518968e-05, 2.7425876396591775e-05, 2.205743112426717e-05, 1.465004970668815e-05, 1.9681043340824544e-05, 1.620624061615672e-05, 3.380622001714073e-05, 1.958918073796667e-05, 1.80656152224401e-05, 1.591843829373829e-05, 1.231981241289759e-05, 1.1400203220546246e-05, 1.7249030861421488e-05, 1.7574137018527836e-05, 1.3360790944716427e-05, 2.5242447009077296e-05, 1.682326001173351e-05, 1.086029897123808e-05, 1.1274586540821474e-05, 1.1132093277410604e-05, 1.169242023024708e-05, 8.871512363839429e-06, 9.276875061914325e-06, 7.274127710843459e-06, 8.670105671626516e-06, 8.433258699369617e-06, 7.337222541536903e-06, 5.817220426251879e-06, 6.1246187215147074e-06, 6.155866685730871e-06, 5.615076133835828e-06, 5.456800863612443e-06, 4.365651875559706e-06, 4.292933681426803e-06, 3.660845322883688e-06, 3.4942650017910637e-06, 2.8110250696045114e-06, 2.733733253990067e-06, 3.0623225484305294e-06, 3.7080171750858426e-06, 3.1582110295858e-06, 2.8031374768033857e-06, 2.5971323793783085e-06, 2.153666400772636e-06, 1.9605859051807784e-06, 1.9476160559861455e-06, 1.943765255418839e-06, 1.6249085774688865e-06, 1.2028721130263875e-06, 1.0718916882979102e-06, 9.936665037457715e-07, 9.024450946526485e-07, 7.818510425749992e-07, 5.895685148971097e-07, 4.339283634635649e-07, 3.3545856581440603e-07, 2.8510589800134767e-07, 2.5405989845239674e-07, 2.1852305565062125e-07, 1.2893428902316373e-07, 3.4715668562057544e-08, 2.9697559966734843e-09, 3.277367613407911e-11, 3.329436726318136e-11, 3.218579916475228e-11, 3.0597427369549735e-11, 3.026502659597696e-11, 2.8851015326791796e-11, 2.118823692887073e-11, 9.755768241859197e-12, 5.880113670281295e-12, 5.767001026030227e-12], "lowlevel.mfcc.mean": [-682.2813720703125, 86.5258560180664, 8.100751876831055, 30.55990219116211, 5.379703521728516, 10.540884017944336, 8.172863006591797, 0.25482743978500366, -3.401012659072876, 3.783480405807495, -1.2752033472061157, 1.944869041442871, -1.2943592071533203], "lowlevel.spectral_contrast_coeffs.mean": [-0.6962218880653381, -0.7551054954528809, -0.7831689715385437, -0.7990082502365112, -0.8027238249778748, -0.7582112550735474], "lowlevel.spectral_contrast_coeffs.stdev": [0.10446728765964508, 0.08680780231952667, 0.08082782477140427, 0.05954601243138313, 0.04975619539618492, 0.050117284059524536], "lowlevel.spectral_contrast_valleys.mean": [-7.411754608154297, -7.636157035827637, -8.194195747375488, -8.124458312988281, -7.700911045074463, -10.287443161010742], "lowlevel.spectral_contrast_valleys.stdev": [1.3475096225738525, 1.0701487064361572, 1.024951696395874, 0.9520530104637146, 0.9525156617164612, 1.1005589962005615], "rhythm.beats_loudness_band_ratio.mean": [0.8991102576255798, 0.039824143052101135, 0.017340347170829773, 0.020766500383615494, 0.014079860411584377, 0.01789318583905697], "rhythm.beats_loudness_band_ratio.stdev": [0.07138770818710327, 0.041228704154491425, 0.0298415906727314, 0.03183906897902489, 0.020643310621380806, 0.0165094006806612], "tonal.hpcp.mean": [0.2682081460952759, 0.264070063829422, 0.07801498472690582, 0.028587903827428818, 0.024075893685221672, 0.020883509889245033, 0.04103762283921242, 0.05839559808373451, 0.06199081614613533, 0.14966392517089844, 0.16740372776985168, 0.0924801304936409, 0.06631264835596085, 0.04379550740122795, 0.04724738001823425, 0.16309115290641785, 0.19175244867801666, 0.08415218442678452, 0.04886014014482498, 0.04222957417368889, 0.05781867355108261, 0.1443704515695572, 0.17470808327198029, 0.10414236783981323, 0.12213384360074997, 0.12579117715358734, 0.06177680939435959, 0.049355752766132355, 0.047786831855773926, 0.05186142399907112, 0.0920746698975563, 0.10374516248703003, 0.11106127500534058, 0.12122123688459396, 0.08858054876327515, 0.10300776362419128], "tonal.hpcp.stdev": [0.3547484576702118, 0.3555588722229004, 0.1528998762369156, 0.11745331436395645, 0.1085178330540657, 0.08816017955541611, 0.1255401223897934, 0.17054352164268494, 0.1560581773519516, 0.28021669387817383, 0.2991635501384735, 0.18727780878543854, 0.16571751236915588, 0.11963505297899246, 0.12867625057697296, 0.3022539019584656, 0.3416430652141571, 0.1845090687274933, 0.15974846482276917, 0.14708173274993896, 0.1622246503829956, 0.24316240847110748, 0.2792102098464966, 0.19740669429302216, 0.25591957569122314, 0.2698506712913513, 0.1618436574935913, 0.15699675679206848, 0.1494993418455124, 0.1521405726671219, 0.2159932255744934, 0.2255314290523529, 0.24485336244106293, 0.2706332504749298, 0.2065344899892807, 0.20619188249111176], "rhythm.beats_position": [0.6733786463737488, 1.3235373497009277, 1.9620860815048218, 2.600634813308716, 3.2391836643218994, 3.877732276916504, 4.5162811279296875, 5.154829978942871, 5.7933783531188965, 6.43192720413208, 7.070476055145264, 7.709024906158447, 8.347573280334473, 8.986122131347656, 9.62467098236084, 10.263219833374023, 10.901768684387207, 11.54031753540039, 12.178866386413574, 12.817414283752441, 13.455963134765625, 14.094511985778809, 14.733060836791992, 15.371609687805176, 16.01015853881836, 16.648706436157227, 17.275646209716797, 17.925804138183594, 18.564353942871094, 19.20290184020996, 19.84145164489746, 20.479999542236328, 21.1069393157959, 21.745487213134766, 22.384035110473633, 23.022584915161133, 23.6611328125, 24.2996826171875, 24.938230514526367, 25.576780319213867, 26.215328216552734, 26.8538761138916, 27.4924259185791, 28.1425838470459, 28.76952362060547, 29.408071517944336, 30.046621322631836, 30.696779251098633, 31.323719024658203, 31.96226692199707, 32.60081481933594, 33.23936462402344, 33.87791442871094, 34.51646041870117, 35.15501022338867, 35.79356002807617, 36.43210983276367, 37.070655822753906, 37.709205627441406, 38.347755432128906, 38.98630142211914, 39.62485122680664], "rhythm.bpm_histogram": [0.0, 0.0, 0.0, 0.0, 0.0, 0.0, 0.0, 0.0, 0.0, 0.0, 0.0, 0.0, 0.0, 0.0, 0.0, 0.0, 0.0, 0.0, 0.0, 0.0, 0.0, 0.0, 0.0, 0.0, 0.0, 0.0, 0.0, 0.0, 0.0, 0.0, 0.0, 0.0, 0.0, 0.0, 0.0, 0.0, 0.0, 0.0, 0.0, 0.0, 0.0, 0.0, 0.0, 0.0, 0.0, 0.0, 0.0, 0.0, 0.0, 0.0, 0.0, 0.0, 0.0, 0.0, 0.0, 0.0, 0.0, 0.0, 0.0, 0.0, 0.0, 0.0, 0.0, 0.0, 0.0, 0.0, 0.0, 0.0, 0.0, 0.0, 0.0, 0.0, 0.0, 0.0, 0.0, 0.0, 0.0, 0.0, 0.0, 0.0, 0.0, 0.0, 0.0, 0.0, 0.0, 0.0, 0.0, 0.0, 0.0, 0.0, 0.0, 0.0, 0.06557376682758331, 0.0, 0.868852436542511, 0.0, 0.06557376682758331, 0.0, 0.0, 0.0, 0.0, 0.0, 0.0, 0.0, 0.0, 0.0, 0.0, 0.0, 0.0, 0.0, 0.0, 0.0, 0.0, 0.0, 0.0, 0.0, 0.0, 0.0, 0.0, 0.0, 0.0, 0.0, 0.0, 0.0, 0.0, 0.0, 0.0, 0.0, 0.0, 0.0, 0.0, 0.0, 0.0, 0.0, 0.0, 0.0, 0.0, 0.0, 0.0, 0.0, 0.0, 0.0, 0.0, 0.0, 0.0, 0.0, 0.0, 0.0, 0.0, 0.0, 0.0, 0.0, 0.0, 0.0, 0.0, 0.0, 0.0, 0.0, 0.0, 0.0, 0.0, 0.0, 0.0, 0.0, 0.0, 0.0, 0.0, 0.0, 0.0, 0.0, 0.0, 0.0, 0.0, 0.0, 0.0, 0.0, 0.0, 0.0, 0.0, 0.0, 0.0, 0.0, 0.0, 0.0, 0.0, 0.0, 0.0, 0.0, 0.0, 0.0, 0.0, 0.0, 0.0, 0.0, 0.0, 0.0, 0.0, 0.0, 0.0, 0.0, 0.0, 0.0, 0.0, 0.0, 0.0, 0.0, 0.0, 0.0, 0.0, 0.0, 0.0, 0.0, 0.0, 0.0, 0.0, 0.0, 0.0, 0.0, 0.0, 0.0, 0.0, 0.0, 0.0, 0.0, 0.0, 0.0, 0.0, 0.0, 0.0, 0.0, 0.0, 0.0, 0.0, 0.0, 0.0, 0.0, 0.0, 0.0, 0.0, 0.0, 0.0, 0.0, 0.0, 0.0, 0.0, 0.0, 0.0, 0.0, 0.0, 0.0], "tonal.chords_histogram": [48.95833206176758, 11.921296119689941, 0.0, 0.0, 0.0, 3.935185194015503, 0.0, 3.819444417953491, 0.46296295523643494, 2.1990740299224854, 0.0, 0.0, 0.0, 0.0, 0.0, 0.0, 1.7361111640930176, 0.0, 0.0, 0.0, 0.0, 0.0, 14.467592239379883, 12.5], "tonal.thpcp": [1.0, 0.9845713973045349, 0.29087477922439575, 0.10658849775791168, 0.08976570516824722, 0.07786306738853455, 0.1530066281557083, 0.21772491931915283, 0.2311295121908188, 0.5580140948295593, 0.6241559982299805, 0.34480732679367065, 0.2472432255744934, 0.16328924894332886, 0.17615938186645508, 0.608076810836792, 0.7149389386177063, 0.3137570023536682, 0.18217246234416962, 0.15745075047016144, 0.21557389199733734, 0.5382776260375977, 0.6513898968696594, 0.38828936219215393, 0.45536962151527405, 0.4690057933330536, 0.23033159971237183, 0.18402034044265747, 0.17817069590091705, 0.19336259365081787, 0.3432955741882324, 0.3868083953857422, 0.41408613324165344, 0.4519670307636261, 0.33026793599128723, 0.38405904173851013], "lowlevel.gfcc.cov": [[8820.1298828125, -88.60496520996094, 506.5546875, 355.17449951171875, -176.27154541015625, 35.31382369995117, -251.9794158935547, -142.0392608642578, -410.3260192871094, -307.69549560546875, -702.5181884765625, -53.57635498046875, -412.8603210449219], [-88.60496520996094, 1109.1702880859375, 163.9898681640625, 200.63006591796875, 267.20098876953125, -64.28721618652344, 152.0535888671875, -94.92740631103516, 63.36549758911133, -122.58026885986328, 65.48779296875, -117.32109832763672, 84.9911117553711], [506.5546875, 163.9898681640625, 1558.221923828125, 550.1336669921875, 445.018310546875, 344.70135498046875, 83.26392364501953, 82.66525268554688, 48.04020690917969, 0.23057997226715088, -60.16853332519531, 106.39806365966797, -61.688533782958984], [355.17449951171875, 200.63006591796875, 550.1336669921875, 514.491943359375, 294.97113037109375, 138.19036865234375, 79.68780517578125, 17.42034149169922, 45.29086685180664, -30.171188354492188, -22.2513427734375, 23.210582733154297, 18.649152755737305], [-176.27154541015625, 267.20098876953125, 445.018310546875, 294.97113037109375, 508.3180847167969, 211.58294677734375, 259.9649963378906, 124.18071746826172, 132.77517700195312, 40.04463195800781, 49.690425872802734, 32.80533981323242, 30.18815040588379], [35.31382369995117, -64.28721618652344, 344.70135498046875, 138.19036865234375, 211.58294677734375, 333.070068359375, 188.65101623535156, 79.23442077636719, 56.41436767578125, 40.66737747192383, -2.9202895164489746, 48.41249084472656, -23.413957595825195], [-251.9794158935547, 152.0535888671875, 83.26392364501953, 79.68780517578125, 259.9649963378906, 188.65101623535156, 353.9695739746094, 145.02853393554688, 121.19188690185547, 53.93880844116211, 85.77813720703125, 37.89275360107422, 40.0899543762207], [-142.0392608642578, -94.92740631103516, 82.66525268554688, 17.42034149169922, 124.18071746826172, 79.23442077636719, 145.02853393554688, 268.5704040527344, 137.7499237060547, 96.99517059326172, 90.0656967163086, 36.2258415222168, 33.609867095947266], [-410.3260192871094, 63.36549758911133, 48.04020690917969, 45.29086685180664, 132.77517700195312, 56.41436767578125, 121.19188690185547, 137.7499237060547, 211.0992889404297, 109.7112808227539, 101.56157684326172, 35.157962799072266, 47.16014099121094], [-307.69549560546875, -122.58026885986328, 0.23057997226715088, -30.171188354492188, 40.04463195800781, 40.66737747192383, 53.93880844116211, 96.99517059326172, 109.7112808227539, 158.45289611816406, 91.6120376586914, 45.61358642578125, -0.7125541567802429], [-702.5181884765625, 65.48779296875, -60.16853332519531, -22.2513427734375, 49.690425872802734, -2.9202895164489746, 85.77813720703125, 90.0656967163086, 101.56157684326172, 91.6120376586914, 208.69065856933594, 39.8851203918457, 89.61975860595703], [-53.57635498046875, -117.32109832763672, 106.39806365966797, 23.210582733154297, 32.80533981323242, 48.41249084472656, 37.89275360107422, 36.2258415222168, 35.157962799072266, 45.61358642578125, 39.8851203918457, 151.4622344970703, 42.87874221801758], [-412.8603210449219, 84.9911117553711, -61.688533782958984, 18.649152755737305, 30.18815040588379, -23.413957595825195, 40.0899543762207, 33.609867095947266, 47.16014099121094, -0.7125541567802429, 89.61975860595703, 42.87874221801758, 172.80227661132812]], "lowlevel.gfcc.icov": [[0.00018492409435566515, -0.0001427256502211094, 4.161957622272894e-05, -0.00020992122881580144, 0.00018400343833491206, -2.573809069872368e-05, 2.2341662770486437e-05, -0.0003561390039976686, 0.0002990281500387937, -9.52090704231523e-05, 0.0005954073858447373, -0.00026326216175220907, 0.00025251592160202563], [-0.0001427256502211094, 0.002402978716418147, -0.0005704057984985411, 0.00022347729827743024, -0.0009969589300453663, 0.0016525412211194634, -0.0015708667924627662, 0.0022604381665587425, -0.0019187899306416512, 0.0023176369722932577, -0.0016959126805886626, 0.002060370519757271, -0.0005262539489194751], [4.161957622272894e-05, -0.0005704057984985411, 0.0016471388516947627, -0.0010654251091182232, -0.0005794744938611984, -0.0014706687070429325, 0.001557788928039372, -0.001041984767653048, 0.0006205717218108475, -9.514872363070026e-05, 0.0002351477596675977, -0.0013922705547884107, 0.0008799687493592501], [-0.00020992122881580144, 0.00022347729827743024, -0.0010654251091182232, 0.004323497414588928, -0.0019820043817162514, 6.0936417867196724e-05, 0.0003780135011766106, 0.0010472595458850265, -0.0010876600863412023, 0.0011110174236819148, -0.0003777076199185103, 0.0005604224279522896, -0.0010370411910116673], [0.00018400343833491206, -0.0009969589300453663, -0.0005794744938611984, -0.0019820043817162514, 0.006149194203317165, -0.0007988763391040266, -0.0025394847616553307, -0.0010194294154644012, -0.00031343201408162713, -0.001099850283935666, 0.0012091553071513772, -0.00011505462316563353, 2.439891977701336e-05], [-2.573809069872368e-05, 0.0016525412211194634, -0.0014706687070429325, 6.0936417867196724e-05, -0.0007988763391040266, 0.007490135729312897, -0.004479681141674519, 0.0016274618683382869, -0.000600647006649524, -4.0717430238146335e-05, 0.0004930321010760963, 0.0007739293505437672, 0.0001873322471510619], [2.2341662770486437e-05, -0.0015708667924627662, 0.001557788928039372, 0.0003780135011766106, -0.0025394847616553307, -0.004479681141674519, 0.008806159719824791, -0.003111522877588868, 0.0001677825057413429, 0.0005962163559161127, -0.0009275097982026637, -0.0020034860353916883, 0.0006749839521944523], [-0.0003561390039976686, 0.0022604381665587425, -0.001041984767653048, 0.0010472595458850265, -0.0010194294154644012, 0.0016274618683382869, -0.003111522877588868, 0.009021824225783348, -0.004428727086633444, 0.0003861037839669734, -0.0023931064642965794, 0.0024072022642940283, -0.0012278598733246326], [0.0002990281500387937, -0.0019187899306416512, 0.0006205717218108475, -0.0010876600863412023, -0.00031343201408162713, -0.000600647006649524, 0.0001677825057413429, -0.004428727086633444, 0.012895812280476093, -0.007649371866136789, 0.0013891007984057069, -0.0010859239846467972, -0.0012090277159586549], [-9.52090704231523e-05, 0.0023176369722932577, -9.514872363070026e-05, 0.0011110174236819148, -0.001099850283935666, -4.0717430238146335e-05, 0.0005962163559161127, 0.0003861037839669734, -0.007649371866136789, 0.017589649185538292, -0.006762335076928139, -0.0013327808119356632, 0.00444994168356061], [0.0005954073858447373, -0.0016959126805886626, 0.0002351477596675977, -0.0003777076199185103, 0.0012091553071513772, 0.0004930321010760963, -0.0009275097982026637, -0.0023931064642965794, 0.0013891007984057069, -0.006762335076928139, 0.012634990736842155, -0.0013919799821451306, -0.003696839325129986], [-0.00026326216175220907, 0.002060370519757271, -0.0013922705547884107, 0.0005604224279522896, -0.00011505462316563353, 0.0007739293505437672, -0.0020034860353916883, 0.0024072022642940283, -0.0010859239846467972, -0.0013327808119356632, -0.0013919799821451306, 0.010779161937534809, -0.00374022638425231], [0.00025251592160202563, -0.0005262539489194751, 0.0008799687493592501, -0.0010370411910116673, 2.439891977701336e-05, 0.0001873322471510619, 0.0006749839521944523, -0.0012278598733246326, -0.0012090277159586549, 0.00444994168356061, -0.003696839325129986, -0.00374022638425231, 0.01037218514829874]], "lowlevel.mfcc.cov": [[8684.7607421875, -233.47999572753906, 229.38430786132812, 143.61195373535156, -146.57057189941406, 26.607688903808594, -210.2667694091797, 18.347915649414062, -37.6851692199707, -274.4213562011719, -292.0567626953125, -298.0303649902344, -275.55059814453125], [-233.47999572753906, 875.39990234375, 66.51834869384766, 220.32257080078125, 116.37407684326172, 88.90493774414062, 94.27422332763672, 52.46884536743164, 19.230432510375977, 44.98238754272461, 24.926904678344727, -22.308887481689453, -17.136783599853516], [229.38430786132812, 66.51834869384766, 982.9962768554688, 251.77398681640625, 346.68756103515625, 255.0600128173828, 105.29701232910156, 150.1034393310547, 69.79960632324219, -45.708824157714844, 61.61262512207031, 7.086004257202148, -25.057279586791992], [143.61195373535156, 220.32257080078125, 251.77398681640625, 427.4810485839844, 234.35003662109375, 137.81991577148438, 96.4130859375, 109.65431213378906, 80.31983947753906, 16.638736724853516, 6.368175029754639, 21.751419067382812, 16.50632667541504], [-146.57057189941406, 116.37407684326172, 346.68756103515625, 234.35003662109375, 345.2407531738281, 148.8129425048828, 112.07899475097656, 114.73645782470703, 94.27281951904297, 58.60264205932617, 50.747310638427734, 34.53829574584961, 15.212697982788086], [26.607688903808594, 88.90493774414062, 255.0600128173828, 137.81991577148438, 148.8129425048828, 359.13348388671875, 118.52651977539062, 127.34447479248047, 91.9437484741211, -12.379860877990723, 53.66692352294922, 0.58134526014328, 15.778340339660645], [-210.2667694091797, 94.27422332763672, 105.29701232910156, 96.4130859375, 112.07899475097656, 118.52651977539062, 255.79458618164062, 140.65846252441406, 74.49240112304688, 88.69886779785156, 57.90917205810547, 42.80601501464844, 31.57872200012207], [18.347915649414062, 52.46884536743164, 150.1034393310547, 109.65431213378906, 114.73645782470703, 127.34447479248047, 140.65846252441406, 206.97259521484375, 122.9111557006836, 43.450843811035156, 54.292076110839844, 47.33484649658203, 55.26310348510742], [-37.6851692199707, 19.230432510375977, 69.79960632324219, 80.31983947753906, 94.27281951904297, 91.9437484741211, 74.49240112304688, 122.9111557006836, 172.09202575683594, 72.92845153808594, 42.65294647216797, 41.94579315185547, 57.3420524597168], [-274.4213562011719, 44.98238754272461, -45.708824157714844, 16.638736724853516, 58.60264205932617, -12.379860877990723, 88.69886779785156, 43.450843811035156, 72.92845153808594, 177.8152313232422, 91.28852081298828, 63.14505386352539, 37.03752899169922], [-292.0567626953125, 24.926904678344727, 61.61262512207031, 6.368175029754639, 50.747310638427734, 53.66692352294922, 57.90917205810547, 54.292076110839844, 42.65294647216797, 91.28852081298828, 172.46029663085938, 95.58646392822266, 43.30778121948242], [-298.0303649902344, -22.308887481689453, 7.086004257202148, 21.751419067382812, 34.53829574584961, 0.58134526014328, 42.80601501464844, 47.33484649658203, 41.94579315185547, 63.14505386352539, 95.58646392822266, 139.2018280029297, 82.3007583618164], [-275.55059814453125, -17.136783599853516, -25.057279586791992, 16.50632667541504, 15.212697982788086, 15.778340339660645, 31.57872200012207, 55.26310348510742, 57.3420524597168, 37.03752899169922, 43.30778121948242, 82.3007583618164, 130.62779235839844]], "lowlevel.mfcc.icov": [[0.00014250061940401793, 5.4562726290896535e-05, -4.485597673919983e-05, -0.00013140316877979785, 0.0001765962952049449, -6.405453859770205e-06, 0.0001508007408119738, -0.00022450996038969606, -3.2675074180588126e-05, -8.921361768443603e-06, 0.0001152784243458882, 9.658167255111039e-05, 0.0002722899953369051], [5.4562726290896535e-05, 0.0014373057056218386, 0.0001352336403215304, -0.00086643872782588, 5.3559117077384144e-05, -9.822475840337574e-05, -0.00017837894847616553, -0.0001304298493778333, 0.0004126177809666842, -0.00033022742718458176, -0.0004255350213497877, 0.0008397464989684522, 6.751657201675698e-05], [-4.485597673919983e-05, 0.0001352336403215304, 0.0019953337032347918, -5.0126029236707836e-05, -0.0019028178649023175, -0.00032596473465673625, -4.8824931582203135e-05, -0.0005061781266704202, 0.0002162325254175812, 0.0014236830174922943, -0.0009915457339957356, 0.00014401614316739142, 0.0005385337281040847], [-0.00013140316877979785, -0.00086643872782588, -5.0126029236707836e-05, 0.004607967101037502, -0.0025666358415037394, -0.00036433516652323306, -0.0001651724160183221, -0.00035435627796687186, -0.0003407830954529345, 0.000486628501676023, 0.0013850850518792868, -0.0013809183146804571, -2.753362787188962e-05], [0.0001765962952049449, 5.3559117077384144e-05, -0.0019028178649023175, -0.0025666358415037394, 0.007587346713989973, -0.0007558799698017538, 6.648820999544114e-06, -0.00035428834962658584, -0.0007660604314878583, -0.002538647036999464, 0.0007960855145938694, -0.0005235257558524609, 0.0008168210624717176], [-6.405453859770205e-06, -9.822475840337574e-05, -0.00032596473465673625, -0.00036433516652323306, -0.0007558799698017538, 0.005326599348336458, -0.0019696226809173822, 2.199081973230932e-05, -0.002348454901948571, 0.003342399373650551, -0.003032796550542116, 0.00241531222127378, -0.0005644480115734041], [0.0001508007408119738, -0.00017837894847616553, -4.8824931582203135e-05, -0.0001651724160183221, 6.648820999544114e-06, -0.0019696226809173822, 0.008788715116679668, -0.006046972703188658, 0.0032619500998407602, -0.004978192038834095, 0.0019909103866666555, -0.0009311907342635095, 0.0008831389131955802], [-0.00022450996038969606, -0.0001304298493778333, -0.0005061781266704202, -0.00035435627796687186, -0.00035428834962658584, 2.199081973230932e-05, -0.006046972703188658, 0.014673530124127865, -0.007708502002060413, 0.0039364960975945, -0.002229793230071664, -0.00010858725727302954, -0.002174976048991084], [-3.2675074180588126e-05, 0.0004126177809666842, 0.0002162325254175812, -0.0003407830954529345, -0.0007660604314878583, -0.002348454901948571, 0.0032619500998407602, -0.007708502002060413, 0.01454877108335495, -0.00650349585339427, 0.0024494247045367956, 0.00029145454755052924, -0.0026230434887111187], [-8.921361768443603e-06, -0.00033022742718458176, 0.0014236830174922943, 0.000486628501676023, -0.002538647036999464, 0.003342399373650551, -0.004978192038834095, 0.0039364960975945, -0.00650349585339427, 0.014522885903716087, -0.006735551171004772, 0.0004137087380513549, 0.00028901343466714025], [0.0001152784243458882, -0.0004255350213497877, -0.0009915457339957356, 0.0013850850518792868, 0.0007960855145938694, -0.003032796550542116, 0.0019909103866666555, -0.002229793230071664, 0.0024494247045367956, -0.006735551171004772, 0.014470526948571205, -0.008975599892437458, 0.0022498026955872774], [9.658167255111039e-05, 0.0008397464989684522, 0.00014401614316739142, -0.0013809183146804571, -0.0005235257558524609, 0.00241531222127378, -0.0009311907342635095, -0.00010858725727302954, 0.00029145454755052924, 0.0004137087380513549, -0.008975599892437458, 0.01931680552661419, -0.008883578702807426], [0.0002722899953369051, 6.751657201675698e-05, 0.0005385337281040847, -2.753362787188962e-05, 0.0008168210624717176, -0.0005644480115734041, 0.0008831389131955802, -0.002174976048991084, -0.0026230434887111187, 0.00028901343466714025, 0.0022498026955872774, -0.008883578702807426, 0.014945675618946552]], "metadata.audio_properties.analysis.downmix": "mix", "metadata.audio_properties.codec": "mp3", "metadata.audio_properties.md5_encoded": "93e27ffec209a80333170d6c067b9b0c", "metadata.tags.file_name": "1183668697563398184.mp3", "metadata.version.essentia": "2.1-beta6-dev", "metadata.version.essentia_git_sha": "v2.1_beta5-1110-g77a6a954", "metadata.version.extractor": "music 2.0", "tonal.chords_key": "A", "tonal.chords_scale": "minor", "tonal.key_edma.key": "A", "tonal.key_edma.scale": "minor", "tonal.key_krumhansl.key": "A", "tonal.key_krumhansl.scale": "minor", "tonal.key_temperley.key": "A", "tonal.key_temperley.scale": "minor", "metadata.tags.encoding": ["Lavf58.45.100