{"song_id": "1183691359920599040", "download": "https://cdn.discordapp.com/attachments/1135903449314238464/1183691359920599040/chirp.mp4?ex=6589417c&amp", "lyrics": "[verse]\n\u4e94\u5e74\u524d \u5bf0\u5b87\u516c\u53f8 \u540c\u4e8b\u6210\u597d\u53cb\n\u5171\u4e8b\u65f6 \u4e00\u8d77\u52aa\u529b \u68a6\u60f3\u4f34\u5de6\u53f3\n\u56f0\u96be\u65f6 \u4e92\u76f8\u652f\u6301 \u60c5\u4e49\u4e0d\u4f1a\u4f11\n\u53cb\u8c0a\u957f \u63e1\u624b\u4e0d\u5fd8 \u6c38\u4e0d\u79bb\u5f00\u5de6\u53f3\n\n[chorus]\n\u4e94\u5e74\u60c5\u8c0a\u5982\u6b4c \u51dd\u805a\u4e86\u5171\u540c\u7684\u68a6\n\u611f\u8c22\u6709\u4f60\u966a\u4f34 \u5feb\u4e50\u60b2\u4f24\u90fd\u77ac\u95f4\u5316\u53bb\n\u4e94\u5e74\u540c\u821f\u5171\u6d4e \u4e0d\u754f\u98ce\u96e8\u4e0d\u5206\u79bb\n\u53cb\u8c0a\u6d53 \u4e94\u5e74\u7ec8 \u73cd\u85cf\u81f3\u4eca\u6c38\u4e0d\u79bb", "style": ["random"], "essentia_features": {"lowlevel.average_loudness": 0.0003313105262350291, "lowlevel.barkbands_crest.mean": 10.83297061920166, "lowlevel.barkbands_crest.stdev": 5.704283237457275, "lowlevel.barkbands_flatness_db.mean": 0.1742696464061737, "lowlevel.barkbands_flatness_db.stdev": 0.09903354942798615, "lowlevel.barkbands_kurtosis.mean": 17.87978744506836, "lowlevel.barkbands_kurtosis.stdev": 68.39585876464844, "lowlevel.barkbands_skewness.mean": 1.2177486419677734, "lowlevel.barkbands_skewness.stdev": 3.4787681102752686, "lowlevel.barkbands_spread.mean": 19.725141525268555, "lowlevel.barkbands_spread.stdev": 12.854549407958984, "lowlevel.dissonance.mean": 0.4663027822971344, "lowlevel.dissonance.stdev": 0.03171030431985855, "lowlevel.dynamic_complexity": 25.851768493652344, "lowlevel.erbbands_crest.mean": 8.253936767578125, "lowlevel.erbbands_crest.stdev": 4.503833293914795, "lowlevel.erbbands_flatness_db.mean": 0.1842816323041916, "lowlevel.erbbands_flatness_db.stdev": 0.05404595658183098, "lowlevel.erbbands_kurtosis.mean": 1.2406193017959595, "lowlevel.erbbands_kurtosis.stdev": 3.3438143730163574, "lowlevel.erbbands_skewness.mean": -0.30861297249794006, "lowlevel.erbbands_skewness.stdev": 0.8610460758209229, "lowlevel.erbbands_spread.mean": 29.821401596069336, "lowlevel.erbbands_spread.stdev": 15.060510635375977, "lowlevel.hfc.mean": 6.535305976867676, "lowlevel.hfc.stdev": 46.49281692504883, "lowlevel.loudness_ebu128.integrated": -26.672447204589844, "lowlevel.loudness_ebu128.loudness_range": 25.601890563964844, "lowlevel.loudness_ebu128.momentary.mean": -93.98571014404297, "lowlevel.loudness_ebu128.momentary.stdev": 102.60896301269531, "lowlevel.loudness_ebu128.short_term.mean": -79.09120178222656, "lowlevel.loudness_ebu128.short_term.stdev": 90.0356674194336, "lowlevel.melbands_crest.mean": 14.91755485534668, "lowlevel.melbands_crest.stdev": 9.933815956115723, "lowlevel.melbands_flatness_db.mean": 0.20299933850765228, "lowlevel.melbands_flatness_db.stdev": 0.15204012393951416, "lowlevel.melbands_kurtosis.mean": 34.39495849609375, "lowlevel.melbands_kurtosis.stdev": 113.67997741699219, "lowlevel.melbands_skewness.mean": 2.6127469539642334, "lowlevel.melbands_skewness.stdev": 4.242606163024902, "lowlevel.melbands_spread.mean": 47.568817138671875, "lowlevel.melbands_spread.stdev": 48.1239128112793, "lowlevel.pitch_salience.mean": 0.5636485815048218, "lowlevel.pitch_salience.stdev": 0.21384024620056152, "lowlevel.silence_rate_20dB.mean": 0.991309404373169, "lowlevel.silence_rate_20dB.stdev": 0.09281743317842484, "lowlevel.silence_rate_30dB.mean": 0.941483199596405, "lowlevel.silence_rate_30dB.stdev": 0.23471806943416595, "lowlevel.silence_rate_60dB.mean": 0.8586326837539673, "lowlevel.silence_rate_60dB.stdev": 0.3483993113040924, "lowlevel.spectral_centroid.mean": 3201.339599609375, "lowlevel.spectral_centroid.stdev": 4029.52734375, "lowlevel.spectral_complexity.mean": 3.1523754596710205, "lowlevel.spectral_complexity.stdev": 6.2529296875, "lowlevel.spectral_decrease.mean": -4.1523229299400555e-09, "lowlevel.spectral_decrease.stdev": 1.4719908847382612e-08, "lowlevel.spectral_energy.mean": 0.01626458205282688, "lowlevel.spectral_energy.stdev": 0.05734065920114517, "lowlevel.spectral_energyband_high.mean": 0.0003406107425689697, "lowlevel.spectral_energyband_high.stdev": 0.004782725125551224, "lowlevel.spectral_energyband_low.mean": 0.007190872449427843, "lowlevel.spectral_energyband_low.stdev": 0.030551349744200706, "lowlevel.spectral_energyband_middle_high.mean": 0.0011702236952260137, "lowlevel.spectral_energyband_middle_high.stdev": 0.0067587606608867645, "lowlevel.spectral_energyband_middle_low.mean": 0.007731134537607431, "lowlevel.spectral_energyband_middle_low.stdev": 0.0381217896938324, "lowlevel.spectral_entropy.mean": 7.88320779800415, "lowlevel.spectral_entropy.stdev": 1.0857943296432495, "lowlevel.spectral_flux.mean": 0.025204962119460106, "lowlevel.spectral_flux.stdev": 0.05519041046500206, "lowlevel.spectral_kurtosis.mean": 5.626892566680908, "lowlevel.spectral_kurtosis.stdev": 6.978977680206299, "lowlevel.spectral_rms.mean": 0.0017544474685564637, "lowlevel.spectral_rms.stdev": 0.0035762833431363106, "lowlevel.spectral_rolloff.mean": 5153.099609375, "lowlevel.spectral_rolloff.stdev": 7160.91552734375, "lowlevel.spectral_skewness.mean": 1.5004826784133911, "lowlevel.spectral_skewness.stdev": 1.0159833431243896, "lowlevel.spectral_spread.mean": 10964704.0, "lowlevel.spectral_spread.stdev": 15100843.0, "lowlevel.spectral_strongpeak.mean": 0.28095686435699463, "lowlevel.spectral_strongpeak.stdev": 0.7442293167114258, "lowlevel.zerocrossingrate.mean": 0.1444169580936432, "lowlevel.zerocrossingrate.stdev": 0.18795812129974365, "metadata.audio_properties.analysis.equal_loudness": 0.0, "metadata.audio_properties.analysis.length": 40.04265213012695, "metadata.audio_properties.analysis.sample_rate": 44100.0, "metadata.audio_properties.analysis.start_time": 0.0, "metadata.audio_properties.bit_rate": 93054.0, "metadata.audio_properties.length": 40.042667388916016, "metadata.audio_properties.lossless": 0.0, "metadata.audio_properties.number_channels": 1.0, "metadata.audio_properties.replay_gain": 1.7593669891357422, "metadata.audio_properties.sample_rate": 48000.0, "rhythm.beats_count": 89.0, "rhythm.beats_loudness.mean": 0.016527334228157997, "rhythm.beats_loudness.stdev": 0.05470333620905876, "rhythm.bpm": 132.85574340820312, "rhythm.bpm_histogram_first_peak_bpm": 133.0, "rhythm.bpm_histogram_first_peak_weight": 0.6000000238418579, "rhythm.bpm_histogram_second_peak_bpm": 140.0, "rhythm.bpm_histogram_second_peak_spread": 0.29411768913269043, "rhythm.bpm_histogram_second_peak_weight": 0.13636364042758942, "rhythm.danceability": 0.9241747856140137, "rhythm.onset_rate": 0.67408287525177, "tonal.chords_changes_rate": 0.0590277761220932, "tonal.chords_number_rate": 0.010416666977107525, "tonal.chords_strength.mean": 0.4101569950580597, "tonal.chords_strength.stdev": 0.18831336498260498, "tonal.hpcp_crest.mean": 12.284940719604492, "tonal.hpcp_crest.stdev": 8.814587593078613, "tonal.hpcp_entropy.mean": 1.4502965211868286, "tonal.hpcp_entropy.stdev": 1.0235965251922607, "tonal.key_edma.strength": 0.6044995188713074, "tonal.key_krumhansl.strength": 0.5939611196517944, "tonal.key_temperley.strength": 0.5706231594085693, "tonal.tuning_diatonic_strength": 0.473628968000412, "tonal.tuning_equal_tempered_deviation": 0.20521466434001923, "tonal.tuning_frequency": 434.193115234375, "tonal.tuning_nontempered_energy_ratio": 0.8864767551422119, "lowlevel.barkbands.mean": [0.000915376003831625, 0.005316052120178938, 0.0008059398969635367, 0.0005748628173023462, 0.006363880820572376, 0.00033576515852473676, 0.0002673767739906907, 6.329715688480064e-05, 9.708578727440909e-05, 0.0001577499497216195, 0.0002650637470651418, 0.00018662547518033534, 0.00014824858226347715, 0.00014324641961138695, 5.9601767134154215e-05, 4.270446879672818e-05, 2.1983882106724195e-05, 4.420379991643131e-05, 7.918199844425544e-05, 6.836215470684692e-05, 5.5601649364689365e-05, 5.5423734011128545e-05, 6.596518505830318e-05, 7.031118002487347e-05, 5.030963075114414e-05, 9.150337973551359e-06, 1.0574663065199275e-06], "lowlevel.barkbands.stdev": [0.0031796980183571577, 0.024232501164078712, 0.007539586629718542, 0.0032783159986138344, 0.0343954972922802, 0.0034459831658750772, 0.0023330263793468475, 0.0004299689899198711, 0.0005101854912936687, 0.0007033254951238632, 0.002150953048840165, 0.0012271690648049116, 0.0013566729612648487, 0.0009977261070162058, 0.00026518336380831897, 0.0002829366421792656, 0.00015911018999759108, 0.0005443907575681806, 0.0014688273658975959, 0.0017511247424408793, 0.0010741068981587887, 0.0007752058445475996, 0.0010036055464297533, 0.0007952275918796659, 0.0005740373744629323, 0.00014271387772168964, 3.6848192394245416e-05], "lowlevel.erbbands.mean": [0.2148306518793106, 0.9180278182029724, 1.2689427137374878, 1.568246603012085, 15.645281791687012, 21.533710479736328, 1.816794753074646, 3.2145252227783203, 5.820361137390137, 1.156772255897522, 1.9192783832550049, 2.327143669128418, 2.889580249786377, 5.615860939025879, 14.739969253540039, 6.844466686248779, 6.795241355895996, 8.026518821716309, 4.324336528778076, 2.8824572563171387, 2.118116617202759, 1.368859052658081, 2.1253771781921387, 3.547495126724243, 4.313676357269287, 3.067570447921753, 2.7222678661346436, 1.8436856269836426, 2.0332252979278564, 1.8312543630599976, 1.8873859643936157, 1.5753235816955566, 1.1149468421936035, 0.7256850004196167, 0.26824408769607544, 0.05895888805389404, 0.01232977770268917, 0.0024287719279527664, 0.00013835514255333692, 2.934849362645764e-05], "lowlevel.erbbands.stdev": [0.858279287815094, 5.160637855529785, 10.522309303283691, 6.892541408538818, 79.55284881591797, 126.63789367675781, 10.52471923828125, 31.834970474243164, 56.845890045166016, 5.882986068725586, 12.01175308227539, 12.573236465454102, 13.451245307922363, 24.228696823120117, 122.47589874267578, 44.21377944946289, 61.23405075073242, 54.075828552246094, 26.181396484375, 14.355895042419434, 14.58192253112793, 10.261232376098633, 27.868349075317383, 40.211177825927734, 112.37886810302734, 74.8921127319336, 65.85213470458984, 24.847034454345703, 28.121868133544922, 28.398210525512695, 27.650165557861328, 19.854557037353516, 11.919332504272461, 8.763975143432617, 2.8204851150512695, 0.6524763107299805, 0.25744882225990295, 0.06793144345283508, 0.004111227113753557, 0.00038329395465552807], "lowlevel.gfcc.mean": [-432.61114501953125, 94.91835021972656, -111.6961441040039, 22.544109344482422, -31.1630916595459, 25.452831268310547, -24.2808837890625, -3.3313820362091064, -14.478363990783691, -10.005050659179688, -9.200474739074707, -10.447348594665527, -4.914929389953613], "lowlevel.melbands.mean": [0.0016885728109627962, 0.0008329771808348596, 0.0005908182938583195, 0.0017158678965643048, 0.00012875978427473456, 7.705936150159687e-05, 8.05669988039881e-05, 1.0410804861749057e-05, 1.7356984244543128e-05, 1.3312091141415294e-05, 1.4705478861287702e-05, 2.1948890207568184e-05, 4.0511182305635884e-05, 2.9885795811424032e-05, 1.208977209898876e-05, 1.6746374967624433e-05, 1.4763333638256881e-05, 7.448263659171062e-06, 4.249270205036737e-06, 3.3842911761894356e-06, 2.205429836976691e-06, 1.3201705542087439e-06, 1.6339955664079753e-06, 2.0459722236410016e-06, 3.014903541043168e-06, 2.6309589884476736e-06, 3.1882616440270795e-06, 1.7768671796147828e-06, 1.9011007452718331e-06, 1.227143229698413e-06, 1.0215291013082606e-06, 1.2225365253470954e-06, 1.0088260751217604e-06, 9.77967260951118e-07, 1.0286991027896875e-06, 1.0744080327640404e-06, 9.566051630827133e-07, 8.274151355180948e-07, 6.417608346964698e-07, 6.160516932141036e-07], "lowlevel.melbands.stdev": [0.006902056746184826, 0.005498803220689297, 0.002670849906280637, 0.009377488866448402, 0.0007670357008464634, 0.000808768265414983, 0.0007583320839330554, 5.1502120186341926e-05, 9.788155875867233e-05, 7.184394053183496e-05, 6.977213342906907e-05, 9.937518916558474e-05, 0.0003169900446664542, 0.00021085949265398085, 0.00011108596663689241, 0.00014839651703368872, 0.00010067240509670228, 5.268861787044443e-05, 2.048208625637926e-05, 2.011408105317969e-05, 1.639157926547341e-05, 8.992041330202483e-06, 1.93859486898873e-05, 2.6905954655376263e-05, 3.245219340897165e-05, 5.624664117931388e-05, 9.36478900257498e-05, 3.984356953878887e-05, 5.0745613407343626e-05, 2.014965320995543e-05, 1.2575330401887186e-05, 1.672803955443669e-05, 1.532009628135711e-05, 1.520242676633643e-05, 1.4742899111297447e-05, 1.600434916326776e-05, 1.1565114618861116e-05, 8.824428732623346e-06, 7.388954145426396e-06, 7.662229108973406e-06], "lowlevel.melbands128.mean": [0.0008392616873607039, 0.00201042415574193, 0.0018313581822440028, 0.001488929963670671, 0.0008434575865976512, 0.0003195738245267421, 0.00022192311007529497, 0.00032085325801745057, 0.0014597291592508554, 0.0030054785311222076, 0.000930286361835897, 4.146166247664951e-05, 2.073824725812301e-05, 2.352509181946516e-05, 4.0652008465258405e-05, 0.00013590249000117183, 0.00014231102250050753, 6.250252044992521e-05, 1.8013424778473563e-05, 5.748750027123606e-06, 8.202836397686042e-06, 1.58382117660949e-05, 1.6134465113282204e-05, 2.2547010303242132e-05, 1.900154529721476e-05, 5.46055935046752e-06, 1.0629441021592356e-05, 1.3936801224190276e-05, 1.6157426216523163e-05, 3.593273140722886e-05, 1.5992900443961844e-05, 1.158135273726657e-05, 2.9801251002936624e-05, 8.699957834323868e-05, 3.3372754842275754e-05, 1.453663207939826e-05, 1.559663360239938e-05, 1.062893534253817e-05, 1.0137301615031902e-05, 1.64704197231913e-05, 2.0069628590135835e-05, 1.3539469364332035e-05, 1.7345295418635942e-05, 1.3691755157196894e-05, 1.0359440238971729e-05, 5.95196297581424e-06, 4.69718406748143e-06, 4.25734106102027e-06, 4.0946392800833564e-06, 3.8438220144598745e-06, 3.025429123226786e-06, 3.4101960864063585e-06, 2.5018146061484003e-06, 1.6525951878065825e-06, 1.4955448932596482e-06, 1.271014411940996e-06, 1.2345931281743106e-06, 1.2451167776816874e-06, 1.8877517504733987e-06, 2.165926389352535e-06, 1.6184404785235529e-06, 2.1255584670143435e-06, 3.622020130933379e-06, 3.298792762507219e-06, 2.1233324787317542e-06, 1.688281031420047e-06, 3.6841938708676025e-06, 4.1547468754288275e-06, 3.1944509828463197e-06, 1.5725017874501646e-06, 1.8406731214781757e-06, 1.727825406305783e-06, 1.96926907847228e-06, 2.224905983894132e-06, 1.4118238595983712e-06, 1.1428693369452958e-06, 1.3241478882264346e-06, 8.160180300365028e-07, 9.677199841462425e-07, 1.090802697945037e-06, 1.568242964822275e-06, 1.0542120207901462e-06, 1.0247389354844927e-06, 9.721012474983581e-07, 9.432266665498901e-07, 1.2902644357382087e-06, 8.504214861204673e-07, 7.07715571479639e-07, 1.0356569646319258e-06, 1.1885167623404413e-06, 1.3546590480473242e-06, 9.267131986234745e-07, 8.559246111872199e-07, 1.0521283684283844e-06, 8.653602776576008e-07, 1.0254494782202528e-06, 7.557721914963622e-07, 6.777150360903761e-07, 6.531126928166486e-07, 6.230810640772688e-07, 6.116055146776489e-07, 6.077329430809186e-07, 6.288163945100678e-07, 5.385666668189515e-07, 2.4960641553661844e-07, 1.1678663014436097e-07, 1.1724808501867301e-07, 1.4116542956799094e-07, 1.0401826955330762e-07, 6.570843424924533e-08, 4.0321701533230225e-08, 3.542756488172927e-08, 4.389013241734574e-08, 2.4405377274661078e-08, 3.2486951795362984e-08, 2.2373974672973418e-08, 2.123315745450327e-08, 6.887536319055698e-09, 1.5021702770567913e-09, 1.910991365150494e-09, 1.9756190017261588e-09, 3.958444683149764e-09, 2.462738457609248e-09, 2.196028914269732e-09, 2.8928524020699342e-09, 1.8486703279307903e-09, 1.4083200161607579e-09, 2.126278264569237e-09], "lowlevel.melbands128.stdev": [0.0029190967325121164, 0.007917041890323162, 0.008748741820454597, 0.009374941699206829, 0.007030143868178129, 0.002727325540035963, 0.001055412576533854, 0.0020624108146876097, 0.007913745008409023, 0.01722611114382744, 0.005968831479549408, 0.000357442710082978, 0.0002514759835321456, 0.00018667371477931738, 0.0003502672479953617, 0.0017111576162278652, 0.0017836608458310366, 0.0004194319189991802, 0.00011617495329119265, 3.696040585055016e-05, 4.2949483031407e-05, 0.00012110894022043794, 0.00013001331535633653, 0.0001312928507104516, 0.00012777397932950407, 4.2637700971681625e-05, 5.410189987742342e-05, 7.812707917764783e-05, 0.00011324424121994525, 0.000174934568349272, 8.646276546642184e-05, 7.554627518402413e-05, 0.00017418776405975223, 0.0009077004506252706, 0.000263365131104365, 0.00010330151417292655, 0.00014860258670523763, 0.00010818529699463397, 8.243263437179849e-05, 0.0001789549714885652, 0.00016976534971036017, 0.00012339814566075802, 0.00013808856601826847, 0.0001053369342116639, 0.00011341634672135115, 3.157035098411143e-05, 2.3432990928995423e-05, 2.52026929956628e-05, 2.526679600123316e-05, 2.2997315682005137e-05, 1.724056164675858e-05, 3.119697794318199e-05, 2.0885883714072406e-05, 1.418811734765768e-05, 1.2538274859252851e-05, 7.964697942952625e-06, 9.502400644123554e-06, 1.2173976756457705e-05, 2.2119527784525417e-05, 3.944942000089213e-05, 2.3887470888439566e-05, 3.0345581762958318e-05, 3.9922608266351745e-05, 3.77523792849388e-05, 2.4867937099770643e-05, 2.3303411580855027e-05, 0.00010267907055094838, 0.00013262183347251266, 9.674008470028639e-05, 2.9340895707719028e-05, 4.3291060137562454e-05, 3.759377796086483e-05, 5.083565702079795e-05, 6.618472980335355e-05, 3.357729292474687e-05, 1.5566949514322914e-05, 2.0957855667802505e-05, 1.0770279004646e-05, 1.0934931196970865e-05, 1.459974555473309e-05, 2.267820673296228e-05, 1.3999132534081582e-05, 1.6314874301315285e-05, 1.4580977222067304e-05, 1.4146471585263498e-05, 2.3956761651788838e-05, 1.260481440112926e-05, 8.199125659302808e-06, 1.5024254025775008e-05, 1.8174128854298033e-05, 2.2428317606681958e-05, 1.4723600543220527e-05, 1.0910698620136827e-05, 1.2438962585292757e-05, 1.0998681318596937e-05, 1.2553998203657102e-05, 7.3438654908386525e-06, 6.8562058004317805e-06, 7.497063961636741e-06, 8.11669906397583e-06, 8.456193427264225e-06, 7.713513696216978e-06, 8.260743925347924e-06, 5.821507329528686e-06, 2.6021930352726486e-06, 1.0823760021594353e-06, 1.2893112852907507e-06, 1.7216614196513547e-06, 9.802242857404053e-07, 8.916230740396713e-07, 5.78388551275566e-07, 8.172389129867952e-07, 1.2365846941975178e-06, 4.776222795044305e-07, 8.199641570172389e-07, 6.127291385382705e-07, 7.02736997482134e-07, 2.5464527197982534e-07, 4.619470317379637e-08, 6.339091385143547e-08, 6.396166440936213e-08, 1.4957596761178138e-07, 9.588907090574139e-08, 8.783860749872474e-08, 1.1164702584665065e-07, 6.268864183311962e-08, 4.556224197926895e-08, 8.100678172695552e-08], "lowlevel.mfcc.mean": [-933.8633422851562, 113.24607849121094, -18.155807495117188, 6.057756423950195, 11.747687339782715, 19.503387451171875, 4.7061967849731445, 8.75083065032959, -1.5584385395050049, 6.940750598907471, -1.7163019180297852, -7.58949613571167, -3.6770949363708496], "lowlevel.spectral_contrast_coeffs.mean": [-0.7387858033180237, -0.8407374024391174, -0.8283419609069824, -0.8622084856033325, -0.8570845723152161, -0.8175703287124634], "lowlevel.spectral_contrast_coeffs.stdev": [0.1324142962694168, 0.08620897680521011, 0.07978919893503189, 0.061239372938871384, 0.057320646941661835, 0.08465277403593063], "lowlevel.spectral_contrast_valleys.mean": [-12.805187225341797, -12.69092082977295, -12.663211822509766, -12.503257751464844, -13.247591972351074, -15.730551719665527], "lowlevel.spectral_contrast_valleys.stdev": [7.441988945007324, 7.476543426513672, 7.495157718658447, 7.538570880889893, 7.215606212615967, 6.005674839019775], "rhythm.beats_loudness_band_ratio.mean": [0.33564281463623047, 0.16565397381782532, 0.07080045342445374, 0.15417136251926422, 0.06688325107097626, 0.05577322468161583], "rhythm.beats_loudness_band_ratio.stdev": [0.32359209656715393, 0.19071614742279053, 0.08539988100528717, 0.15115462243556976, 0.07189460098743439, 0.14634495973587036], "tonal.hpcp.mean": [0.58143550157547, 0.47722652554512024, 0.07550352066755295, 0.02079557068645954, 0.019697822630405426, 0.01763886585831642, 0.0294986292719841, 0.03562233969569206, 0.02280060388147831, 0.01914074644446373, 0.0191999152302742, 0.02691921778023243, 0.04825873672962189, 0.04434368386864662, 0.027080323547124863, 0.03195430338382721, 0.0352267324924469, 0.03459969535470009, 0.029614320024847984, 0.023613540455698967, 0.03884083405137062, 0.10864502191543579, 0.1105790063738823, 0.04366029053926468, 0.0352817140519619, 0.05895054712891579, 0.07886906713247299, 0.062692791223526, 0.05057069659233093, 0.09143347293138504, 0.08999677747488022, 0.04110390320420265, 0.036612618714571, 0.04370703920722008, 0.04630539193749428, 0.1933244913816452], "tonal.hpcp.stdev": [0.46093985438346863, 0.4146391451358795, 0.12352016568183899, 0.07152961939573288, 0.04397492855787277, 0.053601786494255066, 0.07798626273870468, 0.09156744182109833, 0.08259067684412003, 0.0637817457318306, 0.0482083298265934, 0.05908454209566116, 0.09750368446111679, 0.10615701973438263, 0.10682107508182526, 0.11376158893108368, 0.1265905797481537, 0.10354520380496979, 0.09357656538486481, 0.0921172946691513, 0.11444325000047684, 0.18343642354011536, 0.1837567836046219, 0.11350568383932114, 0.1204545646905899, 0.13925549387931824, 0.1688215583562851, 0.15909285843372345, 0.1608511209487915, 0.18414460122585297, 0.16141828894615173, 0.11768556386232376, 0.13002438843250275, 0.14207327365875244, 0.12212871015071869, 0.2487453818321228], "rhythm.beats_position": [0.4643990993499756, 0.9404081702232361, 1.4164172410964966, 1.8924262523651123, 2.3684353828430176, 2.8444442749023438, 3.3320634365081787, 3.8196823596954346, 4.3073015213012695, 4.748480796813965, 5.189659595489502, 5.630838871002197, 6.106847763061523, 6.571247100830078, 7.035645961761475, 7.500045299530029, 7.964444160461426, 8.42884349822998, 8.893242835998535, 9.357641220092773, 9.810430526733398, 10.263219833374023, 10.716009140014648, 11.168798446655273, 11.621586799621582, 12.062766075134277, 12.515555381774902, 12.968344688415527, 13.421133995056152, 13.862312316894531, 14.303491592407227, 14.744670867919922, 15.185850143432617, 15.627029418945312, 16.056598663330078, 16.486167907714844, 16.91573715209961, 17.345306396484375, 17.77487564086914, 18.204444885253906, 18.622404098510742, 19.040363311767578, 19.458322525024414, 19.87628173828125, 20.294239044189453, 20.72380828857422, 21.234647750854492, 21.745487213134766, 22.25632667541504, 22.75555419921875, 23.254783630371094, 23.754013061523438, 24.25324249267578, 24.752471923828125, 25.251699447631836, 25.646438598632812, 26.029569625854492, 26.42430877685547, 26.819047927856445, 27.213787078857422, 27.620136260986328, 28.026485443115234, 28.42122459411621, 28.815963745117188, 29.210702896118164, 29.60544204711914, 30.000181198120117, 30.394920349121094, 30.77804946899414, 31.172788619995117, 31.579137802124023, 31.98548698425293, 32.380226135253906, 32.82140350341797, 33.250972747802734, 33.6805419921875, 34.110111236572266, 34.56290054321289, 35.02730178833008, 35.4800910949707, 35.93288040161133, 36.38566970825195, 36.850067138671875, 37.2912483215332, 37.74403381347656, 38.18521499633789, 38.614784240722656, 39.04435348510742, 39.49714279174805], "rhythm.bpm_histogram": [0.0, 0.0, 0.0, 0.0, 0.0, 0.0, 0.0, 0.0, 0.0, 0.0, 0.0, 0.0, 0.0, 0.0, 0.0, 0.0, 0.0, 0.0, 0.0, 0.0, 0.0, 0.0, 0.0, 0.0, 0.0, 0.0, 0.0, 0.0, 0.0, 0.0, 0.0, 0.0, 0.0, 0.0, 0.0, 0.0, 0.0, 0.0, 0.0, 0.0, 0.0, 0.0, 0.0, 0.0, 0.0, 0.0, 0.0, 0.0, 0.0, 0.0, 0.0, 0.0, 0.0, 0.0, 0.0, 0.0, 0.0, 0.0, 0.0, 0.0, 0.0, 0.0, 0.0, 0.0, 0.0, 0.0, 0.0, 0.0, 0.0, 0.0, 0.0, 0.0, 0.0, 0.0, 0.0, 0.0, 0.0, 0.0, 0.0, 0.0, 0.0, 0.0, 0.0, 0.0, 0.0, 0.0, 0.0, 0.0, 0.0, 0.0, 0.0, 0.0, 0.0, 0.0, 0.0, 0.0, 0.0, 0.0, 0.0, 0.0, 0.0, 0.0, 0.0, 0.0, 0.0, 0.0, 0.0, 0.0, 0.0, 0.0, 0.0, 0.0, 0.0, 0.0, 0.0, 0.0, 0.0, 0.034090910106897354, 0.0, 0.0, 0.06818182021379471, 0.0, 0.0, 0.034090910106897354, 0.0, 0.0, 0.06818182021379471, 0.0, 0.0, 0.10227272659540176, 0.0, 0.0, 0.0, 0.15909090638160706, 0.0, 0.0, 0.13636364042758942, 0.0, 0.0, 0.0, 0.13636364042758942, 0.0, 0.0, 0.0, 0.05681818351149559, 0.0, 0.0, 0.0, 0.04545454680919647, 0.0, 0.0, 0.0, 0.13636364042758942, 0.0, 0.0, 0.0, 0.0, 0.022727273404598236, 0.0, 0.0, 0.0, 0.0, 0.0, 0.0, 0.0, 0.0, 0.0, 0.0, 0.0, 0.0, 0.0, 0.0, 0.0, 0.0, 0.0, 0.0, 0.0, 0.0, 0.0, 0.0, 0.0, 0.0, 0.0, 0.0, 0.0, 0.0, 0.0, 0.0, 0.0, 0.0, 0.0, 0.0, 0.0, 0.0, 0.0, 0.0, 0.0, 0.0, 0.0, 0.0, 0.0, 0.0, 0.0, 0.0, 0.0, 0.0, 0.0, 0.0, 0.0, 0.0, 0.0, 0.0, 0.0, 0.0, 0.0, 0.0, 0.0, 0.0, 0.0, 0.0, 0.0, 0.0, 0.0, 0.0, 0.0, 0.0, 0.0, 0.0, 0.0, 0.0, 0.0, 0.0, 0.0, 0.0, 0.0, 0.0, 0.0, 0.0, 0.0, 0.0, 0.0, 0.0, 0.0, 0.0, 0.0, 0.0, 0.0, 0.0, 0.0, 0.0], "tonal.chords_histogram": [6.365740776062012, 12.847222328186035, 22.453702926635742, 0.0, 1.5046296119689941, 1.1574074029922485, 0.0, 3.472222328186035, 22.22222137451172, 25.0, 0.0, 0.0, 0.0, 0.0, 0.0, 0.0, 0.0, 0.23148147761821747, 4.0509257316589355, 0.0, 0.0, 0.0, 0.6944444179534912, 0.0], "tonal.thpcp": [1.0, 0.8207729458808899, 0.12985709309577942, 0.035765912383794785, 0.033877916634082794, 0.030336754396557808, 0.05073413997888565, 0.06126619130373001, 0.03921433165669441, 0.032919809222221375, 0.03302157297730446, 0.04629785567522049, 0.08299929648637772, 0.07626587152481079, 0.04657493904232979, 0.05495760589838028, 0.06058579683303833, 0.05950736626982689, 0.0509331114590168, 0.04061248525977135, 0.06680162250995636, 0.18685653805732727, 0.19018276035785675, 0.07509051263332367, 0.06068035587668419, 0.10138794034719467, 0.13564543426036835, 0.10782415419816971, 0.0869755893945694, 0.15725471079349518, 0.15478377044200897, 0.07069382816553116, 0.06296935677528381, 0.07517091929912567, 0.07963977754116058, 0.33249515295028687], "lowlevel.gfcc.cov": [[191769.03125, 19795.490234375, -23389.955078125, 5352.14453125, -8058.14599609375, 5237.841796875, -5854.54833984375, -755.1885986328125, -3945.21875, -2208.19384765625, -2173.8779296875, -2404.957275390625, -895.95361328125], [19795.490234375, 4022.04541015625, -2804.1533203125, 271.1773681640625, -666.5697631835938, 376.676513671875, -484.0186462402344, -241.5584259033203, -180.7248077392578, -381.93096923828125, -59.97536087036133, -394.0883483886719, -54.56998825073242], [-23389.955078125, -2804.1533203125, 4049.400390625, -653.972412109375, 1251.5904541015625, -590.2545166015625, 755.175537109375, 270.3376770019531, 348.87115478515625, 452.6209716796875, 320.4376525878906, 353.4976501464844, 255.3529815673828], [5352.14453125, 271.1773681640625, -653.972412109375, 553.3501586914062, -2.297133684158325, 262.3449401855469, -1.7650392055511475, -2.3081119060516357, 21.166839599609375, -9.102130889892578, 63.152732849121094, -19.412214279174805, 14.357832908630371], [-8058.14599609375, -666.5697631835938, 1251.5904541015625, -2.297133684158325, 1186.7078857421875, 155.8453369140625, 574.9844360351562, 214.9276123046875, 354.7264404296875, 278.31573486328125, 282.8271789550781, 177.18873596191406, 140.33851623535156], [5237.841796875, 376.676513671875, -590.2545166015625, 262.3449401855469, 155.8453369140625, 464.3791809082031, -4.874831676483154, 95.81366729736328, -40.88094711303711, 27.42350959777832, -36.65205001831055, -23.28970718383789, -15.712145805358887], [-5854.54833984375, -484.0186462402344, 755.175537109375, -1.7650392055511475, 574.9844360351562, -4.874831676483154, 423.79632568359375, 80.3401107788086, 255.39903259277344, 127.47603607177734, 187.65589904785156, 100.06196594238281, 70.82815551757812], [-755.1885986328125, -241.5584259033203, 270.3376770019531, -2.3081119060516357, 214.9276123046875, 95.81366729736328, 80.3401107788086, 147.51748657226562, 25.511194229125977, 89.22652435302734, 18.24182891845703, 39.01715087890625, 26.685150146484375], [-3945.21875, -180.7248077392578, 348.87115478515625, 21.166839599609375, 354.7264404296875, -40.88094711303711, 255.39903259277344, 25.511194229125977, 260.87005615234375, 63.73655319213867, 147.87075805664062, 56.01139450073242, 32.392051696777344], [-2208.19384765625, -381.93096923828125, 452.6209716796875, -9.102130889892578, 278.31573486328125, 27.42350959777832, 127.47603607177734, 89.22652435302734, 63.73655319213867, 153.59071350097656, 89.7323989868164, 78.11419677734375, 44.83578872680664], [-2173.8779296875, -59.97536087036133, 320.4376525878906, 63.152732849121094, 282.8271789550781, -36.65205001831055, 187.65589904785156, 18.24182891845703, 147.87075805664062, 89.7323989868164, 200.0111083984375, 64.9305419921875, 74.58477020263672], [-2404.957275390625, -394.0883483886719, 353.4976501464844, -19.412214279174805, 177.18873596191406, -23.28970718383789, 100.06196594238281, 39.01715087890625, 56.01139450073242, 78.11419677734375, 64.9305419921875, 96.05430603027344, 29.38260841369629], [-895.95361328125, -54.56998825073242, 255.3529815673828, 14.357832908630371, 140.33851623535156, -15.712145805358887, 70.82815551757812, 26.685150146484375, 32.392051696777344, 44.83578872680664, 74.58477020263672, 29.38260841369629, 77.6899185180664]], "lowlevel.gfcc.icov": [[0.00014684756752103567, -0.0004528669232968241, 0.00013207955635152757, -0.0008104933076538146, 0.00047834988799877465, -0.0006090431124903262, 0.0003629491839092225, -0.0005226382636465132, 0.0008406151900999248, -0.0005182294407859445, 0.00015145046927500516, -0.00013957246846985072, -0.00019158050417900085], [-0.0004528669232968241, 0.002503056777641177, 0.000305726018268615, 0.003474337514489889, -0.0019864479545503855, 0.0013387742219492793, -0.00036625273060053587, 0.0018480145372450352, -0.002455452922731638, 0.0027039730921387672, -0.002777346409857273, 0.003462191205471754, -0.0007330350927077234], [0.00013207955635152757, 0.000305726018268615, 0.0019019088940694928, 0.00019005835929419845, -0.0007817878504283726, 0.001258142408914864, -0.0005896437214687467, -0.0009787934832274914, 0.0018608839018270373, -0.0013600054662674665, 0.00030679471092298627, 0.0009887811029329896, -0.0026674852706491947], [-0.0008104933076538146, 0.003474337514489889, 0.00019005835929419845, 0.008893350139260292, -0.002092154696583748, 0.0004983021062798798, -0.001650323043577373, 0.0036128598731011152, -0.005303962621837854, 0.003897486487403512, -0.004811507649719715, 0.002945498563349247, -0.0015638327458873391], [0.00047834988799877465, -0.0019864479545503855, -0.0007817878504283726, -0.002092154696583748, 0.007083539385348558, -0.005496925674378872, -0.0016886506928130984, -0.0021157250739634037, -0.0002876890648622066, -0.0036313312593847513, 0.0005905318539589643, -0.0021335382480174303, -0.002108037006109953], [-0.0006090431124903262, 0.0013387742219492793, 0.001258142408914864, 0.0004983021062798798, -0.005496925674378872, 0.011831765994429588, -0.003431054763495922, -0.0015317732468247414, 0.00036232094862498343, -0.0005671525723300874, 0.004318778403103352, -0.0003038917202502489, 0.0018108868971467018], [0.0003629491839092225, -0.00036625273060053587, -0.0005896437214687467, -0.001650323043577373, -0.0016886506928130984, -0.003431054763495922, 0.013508661650121212, -0.0010544894030317664, -0.0034897616133093834, 0.0024560734163969755, -0.004615772981196642, 0.0010164732811972499, 0.000659043260384351], [-0.0005226382636465132, 0.0018480145372450352, -0.0009787934832274914, 0.0036128598731011152, -0.0021157250739634037, -0.0015317732468247414, -0.0010544894030317664, 0.016980677843093872, -0.004288410302251577, -0.004891139455139637, 0.003296983428299427, 0.00164089968893677, -0.002714030211791396], [0.0008406151900999248, -0.002455452922731638, 0.0018608839018270373, -0.005303962621837854, -0.0002876890648622066, 0.00036232094862498343, -0.0034897616133093834, -0.004288410302251577, 0.019115988165140152, -0.0007548200665041804, -0.004306095652282238, -6.442775429604808e-06, 0.004682739265263081], [-0.0005182294407859445, 0.0027039730921387672, -0.0013600054662674665, 0.003897486487403512, -0.0036313312593847513, -0.0005671525723300874, 0.0024560734163969755, -0.004891139455139637, -0.0007548200665041804, 0.025370551273226738, -0.011864501982927322, -0.003475150093436241, 0.003936108201742172], [0.00015145046927500516, -0.002777346409857273, 0.00030679471092298627, -0.004811507649719715, 0.0005905318539589643, 0.004318778403103352, -0.004615772981196642, 0.003296983428299427, -0.004306095652282238, -0.011864501982927322, 0.026032384485006332, -0.008477468974888325, -0.010584229603409767], [-0.00013957246846985072, 0.003462191205471754, 0.0009887811029329896, 0.002945498563349247, -0.0021335382480174303, -0.0003038917202502489, 0.0010164732811972499, 0.00164089968893677, -6.442775429604808e-06, -0.003475150093436241, -0.008477468974888325, 0.029260344803333282, -0.0015893063973635435], [-0.00019158050417900085, -0.0007330350927077234, -0.0026674852706491947, -0.0015638327458873391, -0.002108037006109953, 0.0018108868971467018, 0.000659043260384351, -0.002714030211791396, 0.004682739265263081, 0.003936108201742172, -0.010584229603409767, -0.0015893063973635435, 0.03024781122803688]], "lowlevel.mfcc.cov": [[39260.41015625, 8708.1826171875, -445.57861328125, 866.0986938476562, 330.52716064453125, 1126.2520751953125, 381.88238525390625, 183.1348114013672, -379.0783386230469, 175.92953491210938, -541.4663696289062, -887.256591796875, -785.7902221679688], [8708.1826171875, 5070.81982421875, -566.6891479492188, 98.73211669921875, 366.6431884765625, 471.1174621582031, 139.12583923339844, 207.2064666748047, -56.482200622558594, 224.3616485595703, -11.17714786529541, -263.2308654785156, -67.971923828125], [-445.57861328125, -566.6891479492188, 530.4213256835938, -16.74427604675293, -22.040578842163086, -197.2338409423828, 55.449710845947266, -150.79205322265625, 35.32042694091797, -113.2856216430664, -26.646093368530273, 24.22071647644043, -42.151023864746094], [866.0986938476562, 98.73211669921875, -16.74427604675293, 279.6972961425781, 107.1771011352539, 130.204345703125, 77.36639404296875, 50.80430603027344, 15.932722091674805, 41.34003448486328, 25.9371337890625, 89.1919937133789, 65.62622833251953], [330.52716064453125, 366.6431884765625, -22.040578842163086, 107.1771011352539, 477.0429992675781, 269.6465759277344, 302.1844787597656, 116.3924560546875, 188.12635803222656, 73.23014068603516, 115.97139739990234, 139.49114990234375, 99.19436645507812], [1126.2520751953125, 471.1174621582031, -197.2338409423828, 130.204345703125, 269.6465759277344, 376.3182678222656, 180.02835083007812, 178.56124877929688, 87.71141052246094, 109.5502700805664, 77.4957504272461, 86.39818572998047, 68.69315338134766], [381.88238525390625, 139.12583923339844, 55.449710845947266, 77.36639404296875, 302.1844787597656, 180.02835083007812, 329.99725341796875, 55.664527893066406, 164.38754272460938, 23.62316131591797, 96.31085205078125, 129.14122009277344, 63.99075698852539], [183.1348114013672, 207.2064666748047, -150.79205322265625, 50.80430603027344, 116.3924560546875, 178.56124877929688, 55.664527893066406, 169.67222595214844, 52.5074462890625, 87.59431457519531, 40.1420783996582, 36.702232360839844, 54.87833786010742], [-379.0783386230469, -56.482200622558594, 35.32042694091797, 15.932722091674805, 188.12635803222656, 87.71141052246094, 164.38754272460938, 52.5074462890625, 155.9381103515625, 37.46851348876953, 69.79964447021484, 75.80835723876953, 40.340919494628906], [175.92953491210938, 224.3616485595703, -113.2856216430664, 41.34003448486328, 73.23014068603516, 109.5502700805664, 23.62316131591797, 87.59431457519531, 37.46851348876953, 90.20638275146484, 37.93745803833008, 22.849273681640625, 32.71318435668945], [-541.4663696289062, -11.17714786529541, -26.646093368530273, 25.9371337890625, 115.97139739990234, 77.4957504272461, 96.31085205078125, 40.1420783996582, 69.79964447021484, 37.93745803833008, 88.91805267333984, 76.54739379882812, 63.4492073059082], [-887.256591796875, -263.2308654785156, 24.22071647644043, 89.1919937133789, 139.49114990234375, 86.39818572998047, 129.14122009277344, 36.702232360839844, 75.80835723876953, 22.849273681640625, 76.54739379882812, 169.7959442138672, 103.6132583618164], [-785.7902221679688, -67.971923828125, -42.151023864746094, 65.62622833251953, 99.19436645507812, 68.69315338134766, 63.99075698852539, 54.87833786010742, 40.340919494628906, 32.71318435668945, 63.4492073059082, 103.6132583618164, 127.97127532958984]], "lowlevel.mfcc.icov": [[7.668752368772402e-05, -9.614438022254035e-05, -6.793341162847355e-05, -0.0002545389288570732, 9.82663405011408e-05, -0.0002300749038113281, -0.00025713632931001484, 6.480268348241225e-05, 0.00011842553067253903, -3.2715004635974765e-05, 0.0003457074926700443, 0.00023393626906909049, 0.00028631737222895026], [-9.614438022254035e-05, 0.0004971096059307456, 0.00024492057855241, 0.0002815310435835272, -0.000567135401070118, 0.00020381894137244672, -0.0003031932865269482, 0.00028501712949946523, 0.0007340622832998633, -0.0010686559835448861, -0.0002424933627480641, 0.0009126726072281599, -0.0006073908880352974], [-6.793341162847355e-05, 0.00024492057855241, 0.003867357736453414, -0.0005658784066326916, -0.0006374555523507297, 0.0020797685720026493, -0.0006540071917697787, 0.0009631307329982519, -0.0015148359816521406, 0.0021112386602908373, 0.0006741692195646465, -0.0009722401737235487, 0.0009594606817699969], [-0.0002545389288570732, 0.0002815310435835272, -0.0005658784066326916, 0.006489390041679144, -0.00047504884423688054, -0.0010005509248003364, 0.00016254214278887957, 0.0008784127421677113, 0.001752831507474184, -0.002950624329969287, 0.0018948012730106711, -0.0033430778421461582, -0.002511355560272932], [9.82663405011408e-05, -0.000567135401070118, -0.0006374555523507297, -0.00047504884423688054, 0.00817649345844984, -0.003497503697872162, -0.002699231030419469, 0.0007766055059619248, -0.004953956231474876, 0.0008254363783635199, 0.0002999443968292326, 0.00010053299774881452, -0.001987399999052286], [-0.0002300749038113281, 0.00020381894137244672, 0.0020797685720026493, -0.0010005509248003364, -0.003497503697872162, 0.01198175735771656, -0.002845082199200988, -0.00716896029189229, 0.0040265335701406, -0.0022020298056304455, -0.002302959095686674, -0.0025795246474444866, 0.0031939425971359015], [-0.00025713632931001484, -0.0003031932865269482, -0.0006540071917697787, 0.00016254214278887957, -0.002699231030419469, -0.002845082199200988, 0.014388611540198326, 0.00031732983188703656, -0.008754533715546131, 0.0084387743845582, -0.005003489088267088, -0.004934709519147873, 0.0013285096501931548], [6.480268348241225e-05, 0.00028501712949946523, 0.0009631307329982519, 0.0008784127421677113, 0.0007766055059619248, -0.00716896029189229, 0.00031732983188703656, 0.019514262676239014, -0.003873297944664955, -0.010303342714905739, 0.005899357609450817, 0.003141649765893817, -0.006478539668023586], [0.00011842553067253903, 0.0007340622832998633, -0.0015148359816521406, 0.001752831507474184, -0.004953956231474876, 0.0040265335701406, -0.008754533715546131, -0.003873297944664955, 0.024255452677607536, -0.009410102851688862, -0.00421519111841917, 0.0005748978001065552, 0.003820224432274699], [-3.2715004635974765e-05, -0.0010686559835448861, 0.0021112386602908373, -0.002950624329969287, 0.0008254363783635199, -0.0022020298056304455, 0.0084387743845582, -0.010303342714905739, -0.009410102851688862, 0.035439569503068924, -0.010697281919419765, -0.0018226935062557459, 0.0028674891218543053], [0.0003457074926700443, -0.0002424933627480641, 0.0006741692195646465, 0.0018948012730106711, 0.0002999443968292326, -0.002302959095686674, -0.005003489088267088, 0.005899357609450817, -0.00421519111841917, -0.010697281919419765, 0.033547542989254, -0.0033444208092987537, -0.007641854230314493], [0.00023393626906909049, 0.0009126726072281599, -0.0009722401737235487, -0.0033430778421461582, 0.00010053299774881452, -0.0025795246474444866, -0.004934709519147873, 0.003141649765893817, 0.0005748978001065552, -0.0018226935062557459, -0.0033444208092987537, 0.02279408648610115, -0.010770153254270554], [0.00028631737222895026, -0.00060739088803529