{"song_id": "1183713003120640081", "download": "https://cdn.discordapp.com/attachments/1135903449314238464/1183713003120640081/chirp.mp4?ex=658955a4&amp", "lyrics": "Yo, listen up, here's my rap flow\nI'm the king of the jungle, hear me roar\nGravity can't hold me down, I'm on the go\nFloating like a balloon, watch me glow\nI compress my thoughts, make 'em explode\nI never give up, always give it a try\nBreaking free from the chains, reaching for the sky\nI surrender to the rhythm, let it guide\nLike a librarian, I organize the vibe\nNo cheat codes, I earn my pride\nIn this rap game, I'm the one who'll lodge", "style": ["progressive metal"], "essentia_features": {"lowlevel.average_loudness": 0.9806551933288574, "lowlevel.barkbands_crest.mean": 17.34149932861328, "lowlevel.barkbands_crest.stdev": 5.019698619842529, "lowlevel.barkbands_flatness_db.mean": 0.28524497151374817, "lowlevel.barkbands_flatness_db.stdev": 0.09206286072731018, "lowlevel.barkbands_kurtosis.mean": 70.61971282958984, "lowlevel.barkbands_kurtosis.stdev": 138.4325714111328, "lowlevel.barkbands_skewness.mean": 5.745117664337158, "lowlevel.barkbands_skewness.stdev": 4.253905296325684, "lowlevel.barkbands_spread.mean": 9.654949188232422, "lowlevel.barkbands_spread.stdev": 12.289972305297852, "lowlevel.dissonance.mean": 0.46409645676612854, "lowlevel.dissonance.stdev": 0.030934857204556465, "lowlevel.dynamic_complexity": 2.9326210021972656, "lowlevel.erbbands_crest.mean": 9.353150367736816, "lowlevel.erbbands_crest.stdev": 4.490779876708984, "lowlevel.erbbands_flatness_db.mean": 0.16730913519859314, "lowlevel.erbbands_flatness_db.stdev": 0.05960564687848091, "lowlevel.erbbands_kurtosis.mean": 1.087078332901001, "lowlevel.erbbands_kurtosis.stdev": 4.419365882873535, "lowlevel.erbbands_skewness.mean": 0.24097271263599396, "lowlevel.erbbands_skewness.stdev": 1.0489113330841064, "lowlevel.erbbands_spread.mean": 46.617427825927734, "lowlevel.erbbands_spread.stdev": 26.588848114013672, "lowlevel.hfc.mean": 17.588876724243164, "lowlevel.hfc.stdev": 19.471372604370117, "lowlevel.loudness_ebu128.integrated": -17.178098678588867, "lowlevel.loudness_ebu128.loudness_range": 2.815916061401367, "lowlevel.loudness_ebu128.momentary.mean": -17.589262008666992, "lowlevel.loudness_ebu128.momentary.stdev": 2.038904905319214, "lowlevel.loudness_ebu128.short_term.mean": -17.180349349975586, "lowlevel.loudness_ebu128.short_term.stdev": 0.9660672545433044, "lowlevel.melbands_crest.mean": 30.243541717529297, "lowlevel.melbands_crest.stdev": 6.69645881652832, "lowlevel.melbands_flatness_db.mean": 0.37146127223968506, "lowlevel.melbands_flatness_db.stdev": 0.10465086996555328, "lowlevel.melbands_kurtosis.mean": 121.36256408691406, "lowlevel.melbands_kurtosis.stdev": 127.78459930419922, "lowlevel.melbands_skewness.mean": 7.982522487640381, "lowlevel.melbands_skewness.stdev": 4.473180294036865, "lowlevel.melbands_spread.mean": 7.405289173126221, "lowlevel.melbands_spread.stdev": 13.07532024383545, "lowlevel.pitch_salience.mean": 0.24703726172447205, "lowlevel.pitch_salience.stdev": 0.15397650003433228, "lowlevel.silence_rate_20dB.mean": 1.0, "lowlevel.silence_rate_20dB.stdev": 0.0, "lowlevel.silence_rate_30dB.mean": 0.7191621661186218, "lowlevel.silence_rate_30dB.stdev": 0.44941025972366333, "lowlevel.silence_rate_60dB.mean": 0.016291698440909386, "lowlevel.silence_rate_60dB.stdev": 0.12659378349781036, "lowlevel.spectral_centroid.mean": 1091.95947265625, "lowlevel.spectral_centroid.stdev": 755.364501953125, "lowlevel.spectral_complexity.mean": 12.440651893615723, "lowlevel.spectral_complexity.stdev": 9.181638717651367, "lowlevel.spectral_decrease.mean": -2.4177825963533905e-08, "lowlevel.spectral_decrease.stdev": 1.5537279907107404e-08, "lowlevel.spectral_energy.mean": 0.09284798800945282, "lowlevel.spectral_energy.stdev": 0.059192828834056854, "lowlevel.spectral_energyband_high.mean": 0.0007704634917899966, "lowlevel.spectral_energyband_high.stdev": 0.001889396458864212, "lowlevel.spectral_energyband_low.mean": 0.08295922726392746, "lowlevel.spectral_energyband_low.stdev": 0.057788167148828506, "lowlevel.spectral_energyband_middle_high.mean": 0.002641815459355712, "lowlevel.spectral_energyband_middle_high.stdev": 0.003809453686699271, "lowlevel.spectral_energyband_middle_low.mean": 0.006649380549788475, "lowlevel.spectral_energyband_middle_low.stdev": 0.01584550179541111, "lowlevel.spectral_entropy.mean": 7.4243855476379395, "lowlevel.spectral_entropy.stdev": 0.6028746366500854, "lowlevel.spectral_flux.mean": 0.1223536804318428, "lowlevel.spectral_flux.stdev": 0.09915424883365631, "lowlevel.spectral_kurtosis.mean": 6.427211761474609, "lowlevel.spectral_kurtosis.stdev": 8.299701690673828, "lowlevel.spectral_rms.mean": 0.009035870432853699, "lowlevel.spectral_rms.stdev": 0.002989412983879447, "lowlevel.spectral_rolloff.mean": 340.6198425292969, "lowlevel.spectral_rolloff.stdev": 863.666015625, "lowlevel.spectral_skewness.mean": 1.7049241065979004, "lowlevel.spectral_skewness.stdev": 0.8267955780029297, "lowlevel.spectral_spread.mean": 4337876.0, "lowlevel.spectral_spread.stdev": 2346653.25, "lowlevel.spectral_strongpeak.mean": 0.5664935111999512, "lowlevel.spectral_strongpeak.stdev": 0.388210266828537, "lowlevel.zerocrossingrate.mean": 0.020843813195824623, "lowlevel.zerocrossingrate.stdev": 0.027305271476507187, "metadata.audio_properties.analysis.equal_loudness": 0.0, "metadata.audio_properties.analysis.length": 29.887981414794922, "metadata.audio_properties.analysis.sample_rate": 44100.0, "metadata.audio_properties.analysis.start_time": 0.0, "metadata.audio_properties.bit_rate": 122983.0, "metadata.audio_properties.length": 29.88800048828125, "metadata.audio_properties.lossless": 0.0, "metadata.audio_properties.number_channels": 1.0, "metadata.audio_properties.replay_gain": -7.899379730224609, "metadata.audio_properties.sample_rate": 48000.0, "rhythm.beats_count": 89.0, "rhythm.beats_loudness.mean": 0.10496284067630768, "rhythm.beats_loudness.stdev": 0.06355608999729156, "rhythm.bpm": 178.20584106445312, "rhythm.bpm_histogram_first_peak_bpm": 178.0, "rhythm.bpm_histogram_first_peak_weight": 0.0, "rhythm.bpm_histogram_second_peak_bpm": 185.0, "rhythm.bpm_histogram_second_peak_spread": 0.0, "rhythm.bpm_histogram_second_peak_weight": 0.375, "rhythm.danceability": 1.6886571645736694, "rhythm.onset_rate": 4.98206090927124, "tonal.chords_changes_rate": 0.08837209641933441, "tonal.chords_number_rate": 0.010852713137865067, "tonal.chords_strength.mean": 0.4557320475578308, "tonal.chords_strength.stdev": 0.06747033447027206, "tonal.hpcp_crest.mean": 13.226791381835938, "tonal.hpcp_crest.stdev": 5.699865341186523, "tonal.hpcp_entropy.mean": 2.0190534591674805, "tonal.hpcp_entropy.stdev": 0.7398603558540344, "tonal.key_edma.strength": 0.5156137943267822, "tonal.key_krumhansl.strength": 0.5239799618721008, "tonal.key_temperley.strength": 0.5259787440299988, "tonal.tuning_diatonic_strength": 0.5104073882102966, "tonal.tuning_equal_tempered_deviation": 0.2376338690519333, "tonal.tuning_frequency": 434.193115234375, "tonal.tuning_nontempered_energy_ratio": 0.9267022609710693, "lowlevel.barkbands.mean": [0.013824171386659145, 0.05985177308320999, 0.009201743640005589, 0.002200343878939748, 0.0011787426192313433, 0.000561384717002511, 0.0007783019100315869, 0.0009163052891381085, 0.0007870856788940728, 0.00045723028597421944, 0.0002610052179079503, 0.00030737710767425597, 0.0003593477886170149, 0.0003567608364392072, 0.00017124587611760944, 0.0001678430417086929, 0.00020821452199015766, 0.00021170589025132358, 0.00018673547310754657, 0.00013404710625763983, 8.761124627199024e-05, 9.71605404629372e-05, 0.00027953492826782167, 0.0001474744058214128, 6.728495645802468e-05, 4.682108556153253e-05, 8.294774147543649e-07], "lowlevel.barkbands.stdev": [0.012998715974390507, 0.05196673423051834, 0.027714857831597328, 0.009548800997436047, 0.0044510639272630215, 0.0020878834184259176, 0.0018278456991538405, 0.0018440588610246778, 0.0016098014311864972, 0.0014077593805268407, 0.0005254669231362641, 0.0006878132116980851, 0.0009344010031782091, 0.0008563802111893892, 0.00039872084744274616, 0.00042957207188010216, 0.00041721147135831416, 0.00045529528870247304, 0.00041447553667239845, 0.0005700925830751657, 0.0003334746870677918, 0.000365300162229687, 0.0007451808196492493, 0.00037873987457714975, 0.0001839255855884403, 0.00014582666335627437, 3.8405255509132985e-06], "lowlevel.erbbands.mean": [2.7664287090301514, 9.29450798034668, 12.008119583129883, 9.380828857421875, 4.265122890472412, 3.9149515628814697, 5.123317718505859, 4.674345016479492, 10.444962501525879, 12.553534507751465, 21.62667465209961, 18.4018611907959, 18.48613739013672, 11.060508728027344, 11.244489669799805, 13.624268531799316, 16.273365020751953, 18.829891204833984, 12.508365631103516, 8.029814720153809, 9.933639526367188, 12.214394569396973, 12.638079643249512, 8.127851486206055, 10.692703247070312, 5.890325546264648, 3.7998921871185303, 3.2360947132110596, 3.5019214153289795, 5.693342685699463, 7.944314002990723, 4.27333402633667, 1.9323508739471436, 0.8604631423950195, 0.42638909816741943, 0.19383496046066284, 0.09707169234752655, 0.010801533237099648, 0.00025881780311465263, 0.00011128275218652561], "lowlevel.erbbands.stdev": [1.8575471639633179, 12.765345573425293, 29.14886474609375, 34.37718200683594, 18.93061637878418, 13.983393669128418, 17.851192474365234, 16.67092514038086, 27.017263412475586, 26.306962966918945, 42.24376678466797, 38.387351989746094, 54.620052337646484, 24.620529174804688, 23.569072723388672, 29.919763565063477, 40.38412857055664, 44.03634262084961, 30.010311126708984, 17.138690948486328, 25.614543914794922, 24.056764602661133, 26.275135040283203, 18.53947639465332, 29.159963607788086, 21.863744735717773, 14.791643142700195, 12.139066696166992, 12.924434661865234, 15.947705268859863, 21.827171325683594, 11.344047546386719, 4.929437637329102, 2.3132269382476807, 1.2330529689788818, 0.5785546898841858, 0.321105420589447, 0.03456899896264076, 0.0007017861935310066, 7.166080467868596e-05], "lowlevel.gfcc.mean": [-48.62397384643555, 121.13465881347656, -98.40516662597656, 44.995384216308594, -37.42509460449219, 29.599699020385742, -12.150203704833984, 23.347671508789062, 6.369705677032471, -3.9547431468963623, 7.619835376739502, -6.612338066101074, -6.6097002029418945], "lowlevel.melbands.mean": [0.02080696076154709, 0.007881338708102703, 0.0014641518937423825, 0.00025594260660000145, 0.0001860186894191429, 0.00010988442227244377, 0.0001580597454449162, 0.0001462116779293865, 0.0001710352225927636, 0.00011486338917165995, 8.951279596658424e-05, 4.324613473727368e-05, 3.617333641159348e-05, 3.4445201890775934e-05, 3.683421527966857e-05, 3.547496453393251e-05, 3.5119850508635864e-05, 2.1547815777012147e-05, 1.182246796815889e-05, 1.0537990419834387e-05, 1.1581912986002862e-05, 1.1823225577245466e-05, 1.4128868315310683e-05, 8.79224535310641e-06, 6.108635716373101e-06, 7.545386324636638e-06, 7.254930096678436e-06, 3.0779738153796643e-06, 2.284004040120635e-06, 2.186247002100572e-06, 1.7507346683487413e-06, 1.8960445231641643e-06, 2.009292074944824e-06, 3.9669812395004556e-06, 4.926822384732077e-06, 3.6997016650275327e-06, 2.2552551399712684e-06, 1.4525473943649558e-06, 9.025587814903702e-07, 6.576142936864926e-07], "lowlevel.melbands.stdev": [0.014526227489113808, 0.01339867152273655, 0.0052355933003127575, 0.0010651471093297005, 0.0006240850198082626, 0.00037969136610627174, 0.0003958237648475915, 0.00030543244793079793, 0.0003264886327087879, 0.0002456819638609886, 0.00026906037237495184, 0.00010312737140338868, 7.393815030809492e-05, 7.723721500951797e-05, 9.24798587220721e-05, 9.082345059141517e-05, 8.526541932951659e-05, 5.585278631770052e-05, 2.650687747518532e-05, 2.5948018446797505e-05, 3.114350693067536e-05, 2.457739356032107e-05, 2.774576387309935e-05, 2.1019377527409233e-05, 1.4559799637936521e-05, 1.74278138729278e-05, 2.9377628379734233e-05, 1.1780771274061408e-05, 9.140557267528493e-06, 8.581249858252704e-06, 6.651730018347735e-06, 7.2596453719597775e-06, 7.664291842957027e-06, 1.0846416444110218e-05, 1.364178751828149e-05, 1.0513645065657329e-05, 6.0675629356410354e-06, 3.7955105653963983e-06, 2.3880263597675366e-06, 1.8624596123117954e-06], "lowlevel.melbands128.mean": [0.012340610846877098, 0.026488900184631348, 0.02282908745110035, 0.013131355866789818, 0.007177093997597694, 0.004046373534947634, 0.0020098655950278044, 0.0008314037113450468, 0.000350309070199728, 0.00019987282576039433, 0.00021102004393469542, 0.00023663416504859924, 0.0001909463753690943, 0.00011011090100510046, 8.856397471390665e-05, 0.00010676129750208929, 0.00017153058433905244, 0.00017412980378139764, 0.00013583038526121527, 0.00012836240057367831, 0.00015067796630319208, 0.00019761476141866297, 0.0001996673090616241, 0.00010703142470447347, 0.00011504319263622165, 0.00011289773101452738, 0.00011965499288635328, 0.00010082974040415138, 4.992759568267502e-05, 4.4449290726333857e-05, 4.265073221176863e-05, 3.613829176174477e-05, 3.423317684791982e-05, 3.9889284380478784e-05, 3.080099122598767e-05, 3.278039730503224e-05, 4.036649261252023e-05, 3.459983054199256e-05, 3.850413850159384e-05, 3.44352847605478e-05, 3.5135060898028314e-05, 3.4745229640975595e-05, 3.918358197552152e-05, 3.370429840288125e-05, 2.702215533645358e-05, 1.8710896256379783e-05, 1.6492947906954214e-05, 1.1821162843261845e-05, 9.663710443419404e-06, 1.0224948709947057e-05, 9.895455150399357e-06, 1.1541444109752774e-05, 1.2946336028107908e-05, 1.0852390914806165e-05, 1.0567575372988358e-05, 1.1234770681767259e-05, 1.3540316103899386e-05, 1.449716819479363e-05, 1.5303248801501468e-05, 1.1759943845390808e-05, 8.529557817382738e-06, 6.4573805502732284e-06, 5.872806923434837e-06, 6.141278845461784e-06, 6.181345270306338e-06, 7.162599558796501e-06, 8.850010090100113e-06, 8.649416486150585e-06, 7.2913517215056345e-06, 4.72768624604214e-06, 2.73425803243299e-06, 2.4525118078599917e-06, 2.296183311045752e-06, 2.125928176610614e-06, 2.4741461857047398e-06, 2.352167030039709e-06, 1.98474094759149e-06, 1.8750306480797008e-06, 1.6944539993346552e-06, 1.616614554222906e-06, 1.8323157746635843e-06, 2.0999696062062867e-06, 1.9450922081887256e-06, 2.00832823793462e-06, 1.9418896499701077e-06, 2.5311171611974714e-06, 4.597053703037091e-06, 7.18219007467269e-06, 3.7907425394223537e-06, 4.496099336392945e-06, 5.126940322952578e-06, 2.8755105176969664e-06, 2.6395864551886916e-06, 2.393014938206761e-06, 1.9551396235328866e-06, 1.5602812482029549e-06, 1.4714161125084502e-06, 1.0873141036427114e-06, 8.804124149719428e-07, 8.543031526642153e-07, 6.936043632777e-07, 6.271329766605049e-07, 5.85638133543398e-07, 5.37923256160866e-07, 5.009835604141699e-07, 4.192724532003922e-07, 3.81099681590058e-07, 2.938363934390509e-07, 3.203658991424163e-07, 3.2004876970859186e-07, 3.539982458278246e-07, 3.5148181609656604e-07, 3.897808085184806e-07, 2.442779134526063e-07, 1.879726738707177e-07, 1.1866793414583299e-07, 3.316424823651687e-08, 1.947170202853954e-09, 4.0937214729197535e-10, 2.452245351225457e-10, 1.7974909061191369e-10, 5.902325850293266e-11, 1.4003601229994889e-11, 1.3708891660746403e-11, 1.3435841848818963e-11, 1.3134960133442952e-11, 1.2948584045269218e-11, 1.286751694778987e-11], "lowlevel.melbands128.stdev": [0.01107059232890606, 0.01772611029446125, 0.025082767009735107, 0.02209489233791828, 0.016887733712792397, 0.013047629036009312, 0.007972165942192078, 0.0036964197643101215, 0.0017421131487935781, 0.0009714268962852657, 0.0007449798285961151, 0.000752115563955158, 0.0006742900004610419, 0.0005102872382849455, 0.0003946250944864005, 0.0003541521728038788, 0.00048309878911823034, 0.0005436657229438424, 0.00035493989707902074, 0.0003510069800540805, 0.00044101965613663197, 0.000526346149854362, 0.00045220617903396487, 0.00027403654530644417, 0.00034802473965100944, 0.0003073365078307688, 0.00038963372935540974, 0.00042687420500442386, 0.00017819268396124244, 0.0001532662136014551, 0.00011160742724314332, 8.510852057952434e-05, 8.405843254877254e-05, 0.00011625446495600045, 8.250600512837991e-05, 8.917033846955746e-05, 0.00011081132106482983, 0.00010710590868256986, 0.0001434645673725754, 0.00011015385098289698, 0.00010917615873040631, 0.00010932712029898539, 0.00011562458530534059, 0.00010154180927202106, 8.344807429239154e-05, 6.189623672980815e-05, 4.745581827592105e-05, 3.164596637361683e-05, 2.5419514713576064e-05, 2.7099538783659227e-05, 2.7856765882461332e-05, 3.534078859956935e-05, 4.320856896811165e-05, 3.520449172356166e-05, 2.567720366641879e-05, 2.7457064788904972e-05, 3.079556336160749e-05, 3.0245286325225607e-05, 3.358268804731779e-05, 2.9252880267449655e-05, 2.4175431462936103e-05, 1.9174152839696035e-05, 1.793517731130123e-05, 1.5455321772606112e-05, 1.4002342140884139e-05, 1.932415398187004e-05, 2.147367922589183e-05, 3.4313929063500836e-05, 3.940180249628611e-05, 1.710983633529395e-05, 1.0757129530247767e-05, 1.1451436876086518e-05, 1.1256313882768154e-05, 8.205016456486192e-06, 1.127366067521507e-05, 1.0085110261570662e-05, 8.40020311443368e-06, 8.07176638772944e-06, 6.460235454142094e-06, 7.659714356123004e-06, 7.2598541009938344e-06, 8.227112630265765e-06, 7.833174095139839e-06, 8.279479516204447e-06, 7.653354259673506e-06, 8.693133167980704e-06, 1.3502575711754616e-05, 2.134166243195068e-05, 1.158382019639248e-05, 1.5158881069510244e-05, 1.6754423995735124e-05, 7.755452315905131e-06, 8.301090019813273e-06, 7.0578457780356985e-06, 5.096561835671309e-06, 4.55758890893776e-06, 4.16720877183252e-06, 3.0499929835059447e-06, 2.5394444946869044e-06, 2.5231986455764854e-06, 1.9414242160564754e-06, 1.920423301271512e-06, 1.8949795048683882e-06, 1.8994892343471292e-06, 1.6876491599759902e-06, 1.2900953834105167e-06, 1.1529492667250452e-06, 9.420820674677088e-07, 1.1005795386154205e-06, 1.0386509075033246e-06, 1.3036111567998887e-06, 1.2681238104050863e-06, 1.4139517361400067e-06, 8.746881121624028e-07, 6.240185825845401e-07, 4.096317809398897e-07, 1.4332060516153433e-07, 1.57577719761548e-08, 8.291150876971187e-09, 6.208141112296062e-09, 4.695012378874708e-09, 1.214527034498758e-09, 1.7362070114934625e-11, 1.6993548929145064e-11, 1.6740858699293426e-11, 1.653971577753044e-11, 1.639317848134425e-11, 1.630293296195351e-11], "lowlevel.mfcc.mean": [-692.6836547851562, 143.06678771972656, 14.099869728088379, 27.194786071777344, 18.1871395111084, 11.34061336517334, 10.481646537780762, 28.12186622619629, 4.616537570953369, 23.725135803222656, 10.958090782165527, 15.163987159729004, 5.3288893699646], "lowlevel.spectral_contrast_coeffs.mean": [-0.7371450066566467, -0.784122109413147, -0.8065589070320129, -0.8239302635192871, -0.7946809530258179, -0.7795917987823486], "lowlevel.spectral_contrast_coeffs.stdev": [0.08588551729917526, 0.06809519976377487, 0.05722182244062424, 0.05287071317434311, 0.05518113076686859, 0.039363473653793335], "lowlevel.spectral_contrast_valleys.mean": [-6.656405925750732, -6.906511306762695, -7.550626754760742, -7.945563316345215, -8.158967971801758, -10.991890907287598], "lowlevel.spectral_contrast_valleys.stdev": [0.8339449763298035, 0.731156587600708, 0.7681756615638733, 0.8455994725227356, 0.9474076628684998, 1.4284999370574951], "rhythm.beats_loudness_band_ratio.mean": [0.8796109557151794, 0.010498142801225185, 0.033372268080711365, 0.030781175941228867, 0.026228416711091995, 0.023732343688607216], "rhythm.beats_loudness_band_ratio.stdev": [0.12280638515949249, 0.01146897953003645, 0.04186251759529114, 0.044305380433797836, 0.03876364976167679, 0.03387770429253578], "tonal.hpcp.mean": [0.1102026030421257, 0.116482213139534, 0.06789279729127884, 0.042656466364860535, 0.04095763713121414, 0.03710399195551872, 0.03541278839111328, 0.03844023868441582, 0.04845469444990158, 0.07773923128843307, 0.08657284826040268, 0.06704545021057129, 0.05632548779249191, 0.05017301067709923, 0.07274505496025085, 0.14980080723762512, 0.16796278953552246, 0.0991508960723877, 0.0893983319401741, 0.120700404047966, 0.10490860044956207, 0.068697489798069, 0.04494566470384598, 0.05251939222216606, 0.07812075316905975, 0.06181309372186661, 0.03131481260061264, 0.025080442428588867, 0.030668912455439568, 0.03818018361926079, 0.06613393127918243, 0.08573496341705322, 0.065848708152771, 0.05546734109520912, 0.06585760414600372, 0.0769384428858757], "tonal.hpcp.stdev": [0.2648366093635559, 0.2878894507884979, 0.19360199570655823, 0.16142231225967407, 0.14595715701580048, 0.15047112107276917, 0.14481529593467712, 0.1512388437986374, 0.17361481487751007, 0.23331506550312042, 0.24241399765014648, 0.2021661400794983, 0.19155029952526093, 0.1640574336051941, 0.2088528722524643, 0.305906742811203, 0.3287895917892456, 0.23186932504177094, 0.2289889007806778, 0.27748775482177734, 0.26225945353507996, 0.2040233314037323, 0.16790543496608734, 0.1642579436302185, 0.23636095225811005, 0.1903885453939438, 0.12731191515922546, 0.1246214285492897, 0.13593822717666626, 0.1512870490550995, 0.2018011510372162, 0.2465420514345169, 0.20102563500404358, 0.18354056775569916, 0.2131812572479248, 0.22629229724407196], "rhythm.beats_position": [0.3482993245124817, 0.6849886775016785, 1.0216779708862305, 1.3583673238754272, 1.695056676864624, 2.043355941772461, 2.3684353828430176, 2.693514585494995, 3.0302040576934814, 3.3668932914733887, 3.6919727325439453, 4.040272235870361, 4.36535120010376, 4.690430641174316, 5.027120113372803, 5.363809585571289, 5.6888885498046875, 6.025578022003174, 6.36226749420166, 6.687346935272217, 7.035645961761475, 7.360725402832031, 7.709024906158447, 8.034104347229004, 8.359183311462402, 8.695873260498047, 9.032562255859375, 9.357641220092773, 9.705941200256348, 10.031020164489746, 10.367709159851074, 10.704399108886719, 11.029478073120117, 11.366168022155762, 11.70285701751709, 12.027935981750488, 12.376235961914062, 12.701314926147461, 13.02639389038086, 13.363083839416504, 13.699772834777832, 14.024852752685547, 14.361541748046875, 14.698230743408203, 15.034920692443848, 15.371609687805176, 15.696688652038574, 16.03337860107422, 16.370067596435547, 16.695146560668945, 17.031835556030273, 17.356916427612305, 17.693605422973633, 18.03029441833496, 18.36698341369629, 18.692062377929688, 19.040363311767578, 19.365442276000977, 19.702131271362305, 20.038820266723633, 20.36389923095703, 20.700590133666992, 21.02566909790039, 21.36235809326172, 21.699047088623047, 22.035736083984375, 22.384035110473633, 22.709115982055664, 23.045804977416992, 23.38249397277832, 23.70757293701172, 24.044261932373047, 24.380952835083008, 24.706031799316406, 25.042720794677734, 25.367799758911133, 25.70448875427246, 26.05278778076172, 26.38947868347168, 26.714557647705078, 27.039636611938477, 27.376325607299805, 27.713014602661133, 28.049705505371094, 28.374784469604492, 28.71147346496582, 29.03655242919922, 29.373241424560547, 29.698322296142578], "rhythm.bpm_histogram": [0.0, 0.0, 0.0, 0.0, 0.0, 0.0, 0.0, 0.0, 0.0, 0.0, 0.0, 0.0, 0.0, 0.0, 0.0, 0.0, 0.0, 0.0, 0.0, 0.0, 0.0, 0.0, 0.0, 0.0, 0.0, 0.0, 0.0, 0.0, 0.0, 0.0, 0.0, 0.0, 0.0, 0.0, 0.0, 0.0, 0.0, 0.0, 0.0, 0.0, 0.0, 0.0, 0.0, 0.0, 0.0, 0.0, 0.0, 0.0, 0.0, 0.0, 0.0, 0.0, 0.0, 0.0, 0.0, 0.0, 0.0, 0.0, 0.0, 0.0, 0.0, 0.0, 0.0, 0.0, 0.0, 0.0, 0.0, 0.0, 0.0, 0.0, 0.0, 0.0, 0.0, 0.0, 0.0, 0.0, 0.0, 0.0, 0.0, 0.0, 0.0, 0.0, 0.0, 0.0, 0.0, 0.0, 0.0, 0.0, 0.0, 0.0, 0.0, 0.0, 0.0, 0.0, 0.0, 0.0, 0.0, 0.0, 0.0, 0.0, 0.0, 0.0, 0.0, 0.0, 0.0, 0.0, 0.0, 0.0, 0.0, 0.0, 0.0, 0.0, 0.0, 0.0, 0.0, 0.0, 0.0, 0.0, 0.0, 0.0, 0.0, 0.0, 0.0, 0.0, 0.0, 0.0, 0.0, 0.0, 0.0, 0.0, 0.0, 0.0, 0.0, 0.0, 0.0, 0.0, 0.0, 0.0, 0.0, 0.0, 0.0, 0.0, 0.0, 0.0, 0.0, 0.0, 0.0, 0.0, 0.0, 0.0, 0.0, 0.0, 0.0, 0.0, 0.0, 0.0, 0.0, 0.0, 0.0, 0.0, 0.0, 0.0, 0.0, 0.0, 0.0, 0.0, 0.0, 0.0, 0.0, 0.0, 0.0, 0.0, 0.10227272659540176, 0.0, 0.0, 0.0, 0.0, 0.0, 0.5227272510528564, 0.0, 0.0, 0.0, 0.0, 0.0, 0.0, 0.375, 0.0, 0.0, 0.0, 0.0, 0.0, 0.0, 0.0, 0.0, 0.0, 0.0, 0.0, 0.0, 0.0, 0.0, 0.0, 0.0, 0.0, 0.0, 0.0, 0.0, 0.0, 0.0, 0.0, 0.0, 0.0, 0.0, 0.0, 0.0, 0.0, 0.0, 0.0, 0.0, 0.0, 0.0, 0.0, 0.0, 0.0, 0.0, 0.0, 0.0, 0.0, 0.0, 0.0, 0.0, 0.0, 0.0, 0.0, 0.0, 0.0, 0.0, 0.0, 0.0, 0.0, 0.0, 0.0, 0.0, 0.0, 0.0, 0.0, 0.0, 0.0, 0.0, 0.0, 0.0], "tonal.chords_histogram": [0.4651162922382355, 0.0, 0.0, 0.0, 0.0, 0.0, 0.0, 0.0, 0.0, 0.0, 0.4651162922382355, 0.0, 9.61240291595459, 10.542635917663574, 43.41085433959961, 0.0, 0.0, 4.496124267578125, 0.0, 18.604650497436523, 2.3255813121795654, 10.077519416809082, 0.0, 0.0], "tonal.thpcp": [1.0, 0.5903146266937256, 0.5322508215904236, 0.7186139822006226, 0.6245942711830139, 0.40900421142578125, 0.26759299635887146, 0.31268468499183655, 0.4651075005531311, 0.3680166006088257, 0.18643899261951447, 0.14932142198085785, 0.18259349465370178, 0.2273133397102356, 0.39374157786369324, 0.5104402303695679, 0.39204344153404236, 0.33023589849472046, 0.3920964002609253, 0.4580683708190918, 0.6561132073402405, 0.6935001015663147, 0.4042133092880249, 0.25396379828453064, 0.2438494712114334, 0.22090601921081543, 0.21083711087703705, 0.22886162996292114, 0.28848469257354736, 0.46283602714538574, 0.5154287219047546, 0.399168461561203, 0.3353450298309326, 0.2987150251865387, 0.43310222029685974, 0.8918690085411072], "lowlevel.gfcc.cov": [[6982.45263671875, -2255.5546875, 204.9682159423828, 526.0584106445312, -437.14703369140625, 585.1248168945312, -683.6819458007812, 396.64105224609375, -533.8118896484375, 444.80499267578125, -354.6320495605469, 391.83721923828125, -516.3836669921875], [-2255.5546875, 2460.528076171875, -582.8031616210938, -321.4950256347656, 428.63330078125, -529.9569702148438, 451.63092041015625, -259.05682373046875, 306.9721374511719, -484.3684387207031, 470.2059020996094, -408.5209045410156, 343.2763977050781], [204.9682159423828, -582.8031616210938, 1232.05615234375, 145.7163543701172, -58.5256462097168, 215.7938232421875, -155.87188720703125, -47.84097671508789, -109.01692199707031, 125.40433502197266, -250.14402770996094, 204.5185546875, -165.87242126464844], [526.0584106445312, -321.4950256347656, 145.7163543701172, 507.1907043457031, 71.00992584228516, 100.0656967163086, -41.03291320800781, 42.65412902832031, 56.009300231933594, -10.792675018310547, 11.975301742553711, 13.30397891998291, 11.168573379516602], [-437.14703369140625, 428.63330078125, -58.5256462097168, 71.00992584228516, 419.15631103515625, -22.575571060180664, 173.73519897460938, 5.299417495727539, 118.9178466796875, -61.399208068847656, 90.96788024902344, -103.93645477294922, 66.23026275634766], [585.1248168945312, -529.9569702148438, 215.7938232421875, 100.0656967163086, -22.575571060180664, 311.39520263671875, 10.782492637634277, 41.19648742675781, -53.79090118408203, 119.71133422851562, -103.75762176513672, 50.8697624206543, -78.62967681884766], [-683.6819458007812, 451.63092041015625, -155.87188720703125, -41.03291320800781, 173.73519897460938, 10.782492637634277, 476.4170227050781, 25.508285522460938, 78.9976577758789, -74.01689147949219, 122.9465103149414, -105.32493591308594, 70.09007263183594], [396.64105224609375, -259.05682373046875, -47.84097671508789, 42.65412902832031, 5.299417495727539, 41.19648742675781, 25.508285522460938, 175.41468811035156, -2.574298143386841, 41.325286865234375, -6.122824192047119, 34.766475677490234, -29.980546951293945], [-533.8118896484375, 306.9721374511719, -109.01692199707031, 56.009300231933594, 118.9178466796875, -53.79090118408203, 78.9976577758789, -2.574298143386841, 217.55621337890625, -34.38853073120117, 106.27232360839844, -77.30899810791016, 98.52605438232422], [444.80499267578125, -484.3684387207031, 125.40433502197266, -10.792675018310547, -61.399208068847656, 119.71133422851562, -74.01689147949219, 41.325286865234375, -34.38853073120117, 212.71011352539062, -85.20050811767578, 91.2964096069336, -76.87744140625], [-354.6320495605469, 470.2059020996094, -250.14402770996094, 11.975301742553711, 90.96788024902344, -103.75762176513672, 122.9465103149414, -6.122824192047119, 106.27232360839844, -85.20050811767578, 237.76283264160156, -71.68621826171875, 98.13706970214844], [391.83721923828125, -408.5209045410156, 204.5185546875, 13.30397891998291, -103.93645477294922, 50.8697624206543, -105.32493591308594, 34.766475677490234, -77.30899810791016, 91.2964096069336, -71.68621826171875, 183.01454162597656, -47.10694885253906], [-516.3836669921875, 343.2763977050781, -165.87242126464844, 11.168573379516602, 66.23026275634766, -78.62967681884766, 70.09007263183594, -29.980546951293945, 98.52605438232422, -76.87744140625, 98.13706970214844, -47.10694885253906, 167.68113708496094]], "lowlevel.gfcc.icov": [[0.00041523092659190297, -0.0005231760442256927, 0.0003362906281836331, -0.0007110352744348347, 0.00022568317945115268, -0.0008168033673427999, 0.0006052920361980796, -0.0009287900757044554, 0.0007964734686538577, -0.0006425973842851818, 0.0001691134093562141, -0.0005672717234119773, 0.0008176175178959966], [-0.0005231760442256927, 0.004734079819172621, -0.0011623833561316133, 0.0032321910839527845, -0.0019335331162437797, 0.0037725798320025206, -0.0018543765181675553, 0.004171847831457853, -0.0017965614097192883, 0.0043716514483094215, -0.00357441627420485, 0.0037880255840718746, -0.0023980417754501104], [0.0003362906281836331, -0.0011623833561316133, 0.0019107763655483723, -0.0013095634058117867, 0.00015379989054054022, -0.001644211821258068, 0.0005737303290516138, -0.00021334771008696407, 0.0001362587936455384, -0.000625450280494988, 0.001808152999728918, -0.002830968238413334, 0.002062560524791479], [-0.0007110352744348347, 0.0032321910839527845, -0.0013095634058117867, 0.005190851166844368, -0.0017272679833695292, 0.0016574295004829764, -0.0009106758516281843, 0.0025362898595631123, -0.0026008556596934795, 0.004177137743681669, -0.0027758795768022537, 0.0024918029084801674, -0.0023862547241151333], [0.00022568317945115268, -0.0019335331162437797, 0.00015379989054054022, -0.0017272679833695292, 0.004236358683556318, -0.0013673490611836314, -7.163991540437564e-05, -0.0020596159156411886, -0.00011803250527009368, -0.0018945850897580385, 0.0012054924154654145, -0.00015704910038039088, 0.0007188523886725307], [-0.0008168033673427999, 0.0037725798320025206, -0.001644211821258068, 0.0016574295004829764, -0.0013673490611836314, 0.009167567826807499, -0.0031501231715083122, 0.003466617316007614, -0.0011167575139552355, 0.0007139069493860006, -0.0012946651550009847, 0.0041666775941848755, -0.0022882039193063974], [0.0006052920361980796, -0.0018543765181675553, 0.0005737303290516138, -0.0009106758516281843, -7.163991540437564e-05, -0.0031501231715083122, 0.004424579907208681, -0.003041531890630722, 0.0014734857250005007, -0.0011966121383011341, -0.0001697596744634211, -0.0006544035859405994, 0.0009474697872065008], [-0.0009287900757044554, 0.004171847831457853, -0.00021334771008696407, 0.0025362898595631123, -0.0020596159156411886, 0.003466617316007614, -0.003041531890630722, 0.011688937433063984, -0.003292796667665243, 0.0036773807369172573, -0.0024867895990610123, 0.0008823324460536242, -0.0006564256618730724], [0.0007964734686538577, -0.0017965614097192883, 0.0001362587936455384, -0.0026008556596934795, -0.00011803250527009368, -0.0011167575139552355, 0.0014734857250005007, -0.003292796667665243, 0.010565624572336674, -0.004572764039039612, -0.0011216459097340703, 0.0017235337290912867, -0.0024069692008197308], [-0.0006425973842851818, 0.0043716514483094215, -0.000625450280494988, 0.004177137743681669, -0.0018945850897580385, 0.0007139069493860006, -0.0011966121383011341, 0.0036773807369172573, -0.004572764039039612, 0.01316905952990055, -0.002218260895460844, -0.00041967612924054265, 0.00032018209458328784], [0.0001691134093562141, -0.00357441627420485, 0.001808152999728918, -0.0027758795768022537, 0.0012054924154654145, -0.0012946651550009847, -0.0001697596744634211, -0.0024867895990610123, -0.0011216459097340703, -0.002218260895460844, 0.01092954259365797, -0.003680841764435172, 0.0005663131596520543], [-0.0005672717234119773, 0.0037880255840718746, -0.002830968238413334, 0.0024918029084801674, -0.00015704910038039088, 0.0041666775941848755, -0.0006544035859405994, 0.0008823324460536242, 0.0017235337290912867, -0.00041967612924054265, -0.003680841764435172, 0.014536777511239052, -0.004988035652786493], [0.0008176175178959966, -0.0023980417754501104, 0.002062560524791479, -0.0023862547241151333, 0.0007188523886725307, -0.0022882039193063974, 0.0009474697872065008, -0.0006564256618730724, -0.0024069692008197308, 0.00032018209458328784, 0.0005663131596520543, -0.004988035652786493, 0.01354813203215599]], "lowlevel.mfcc.cov": [[5969.595703125, -2152.6435546875, 160.74322509765625, -105.47174835205078, 196.6891326904297, -7.2862138748168945, 7.199193000793457, -20.44166374206543, -236.49041748046875, 32.6208381652832, 26.553932189941406, -75.05647277832031, 58.556793212890625], [-2152.6435546875, 2256.560791015625, -576.1929321289062, 79.00595092773438, -98.90717315673828, -181.19454956054688, 125.06661224365234, 45.62249755859375, -48.76268005371094, 10.547653198242188, -15.706938743591309, 30.600040435791016, -72.38035583496094], [160.74322509765625, -576.1929321289062, 1013.395751953125, 6.118833541870117, 82.63948822021484, 188.14320373535156, -117.76300811767578, -23.994935989379883, 6.901113986968994, -136.9891357421875, -53.876930236816406, -2.507145404815674, 49.92512893676758], [-105.47174835205078, 79.00595092773438, 6.118833541870117, 374.1001281738281, 118.83341217041016, 22.68208885192871, 20.443571090698242, 88.20748901367188, 13.894261360168457, 21.671226501464844, -15.026691436767578, 33.93735885620117, 24.65032958984375], [196.6891326904297, -98.90717315673828, 82.63948822021484, 118.83341217041016, 343.0266418457031, 37.29221725463867, -74.64434814453125, -11.963834762573242, 7.203000545501709, 21.313140869140625, -16.947938919067383, 2.110297203063965, 6.232572078704834], [-7.2862138748168945, -181.19454956054688, 188.14320373535156, 22.68208885192871, 37.29221725463867, 293.6431579589844, 58.70976638793945, 2.8696651458740234, 71.10174560546875, 24.866899490356445, 33.92649459838867, 13.25734806060791, -3.185641288757324], [7.199193000793457, 125.06661224365234, -117.76300811767578, 20.443571090698242, -74.64434814453125, 58.70976638793945, 260.9386291503906, 102.82989501953125, 30.061378479003906, 57.557594299316406, 65.12877655029297, 0.8696954250335693, -20.71822166442871], [-20.44166374206543, 45.62249755859375, -23.994935989379883, 88.20748901367188, -11.963834762573242, 2.8696651458740234, 102.82989501953125, 167.60159301757812, 27.371217727661133, 28.844707489013672, 15.929099082946777, 19.31122589111328, 12.605907440185547], [-236.49041748046875, -48.76268005371094, 6.901113986968994, 13.894261360168457, 7.203000545501709, 71.10174560546875, 30.061378479003906, 27.371217727661133, 161.9384765625, 41.005348205566406, 21.37666893005371, 0.04934056103229523, 4.429471969604492], [32.6208381652832, 10.547653198242188, -136.9891357421875, 21.671226501464844, 21.313140869140625, 24.866899490356445, 57.557594299316406, 28.844707489013672, 41.005348205566406, 154.00904846191406, 63.986236572265625, 6.081883430480957, -11.932985305786133], [26.553932189941406, -15.706938743591309, -53.876930236816406, -15.026691436767578, -16.947938919067383, 33.92649459838867, 65.12877655029297, 15.929099082946777, 21.37666893005371, 63.986236572265625, 100.50627899169922, 25.086353302001953, 1.1438804864883423], [-75.05647277832031, 30.600040435791016, -2.507145404815674, 33.93735885620117, 2.110297203063965, 13.25734806060791, 0.8696954250335693, 19.31122589111328, 0.04934056103229523, 6.081883430480957, 25.086353302001953, 87.66083526611328, 33.89964294433594], [58.556793212890625, -72.38035583496094, 49.92512893676758, 24.65032958984375, 6.232572078704834, -3.185641288757324, -20.71822166442871, 12.605907440185547, 4.429471969604492, -11.932985305786133, 1.1438804864883423, 33.89964294433594, 85.74411010742188]], "lowlevel.mfcc.icov": [[0.0003356975212227553, 0.0003672261955216527, 0.0001229872868862003, 7.900314085418358e-05, -0.00021891793585382402, 6.974943971727043e-05, -0.0002845748094841838, -3.0410636099986732e-05, 0.000645205844193697, -7.698493573116139e-05, 3.8846144889248535e-05, 0.00020123878493905067, -0.00018349794845562428], [0.0003672261955216527, 0.0009774955688044429, 0.0004018886247649789, -7.01987519278191e-05, -0.00016971687728073448, 0.0002927711175289005, -0.0006000644061714411, 6.22546867816709e-05, 0.0007171036559157073, 0.00010792598914122209, 0.0003533508279360831, -0.0002638825972098857, 0.00030719523783773184], [0.0001229872868862003, 0.0004018886247649789, 0.001697984174825251, 6.556787411682308e-05, -0.000245383707806468, -0.0011533125070855021, 0.0005908131715841591, -0.0005543046281673014, 0.0003891622764058411, 0.0014238127041608095, -8.426887507084757e-05, 0.00041842760401777923, -0.0005392720340751112], [7.900314085418358e-05, -7.01987519278191e-05, 6.556787411682308e-05, 0.003818811848759651, -0.00135122484061867, -0.0003079475136473775, -9.294143092120066e-05, -0.001931919134221971, 0.0002685421786736697, -0.0004872290010098368, 0.001323417411185801, -0.0009881398873403668, -0.0006095680291764438], [-0.00021891793585382402, -0.00016971687728073448, -0.000245383707806468, -0.00135122484061867, 0.003978998865932226, -0.0005253802519291639, 0.0014776465250179172, 0.00023753191635478288, -0.00028322983416728675, -0.001027227146551013, 0.00021641557395923883, 0.00017915229545906186, 0.0003489063819870353], [6.974943971727043e-05, 0.0002927711175289005, -0.0011533125070855021, -0.0003079475136473775, -0.0005253802519291639, 0.005427542142570019, -0.0021405708976089954, 0.0016143611865118146, -0.0018063085153698921, -0.00056248321197927, -0.0003609534469433129, -0.0013400729512795806, 0.000994493835605681], [-0.0002845748094841838, -0.0006000644061714411, 0.0005908131715841591, -9.294143092120066e-05, 0.0014776465250179172, -0.0021405708976089954, 0.008104830048978329, -0.0045349448919296265, -5.847519059898332e-05, 0.0002573166857473552, -0.003910994157195091, 0.0018796203657984734, 0.0011565398890525103], [-3.0410636099986732e-05, 6.22546867816709e-05, -0.0005543046281673014, -0.001931919134221971, 0.00023753191635478288, 0.0016143611865118146, -0.0045349448919296265, 0.010181207209825516, -0.001358320820145309, -0.0010657841339707375, 0.0016760226571932435, -0.001784142223186791, -0.0009935469133779407], [0.000645205844193697, 0.0007171036559157073, 0.0003891622764058411, 0.0002685421786736697, -0.00028322983416728675, -0.0018063085153698921, -5.847519059898332e-05, -0.001358320820145309, 0.008826007135212421, -0.001726868562400341, -0.00011303699284326285, 0.0014224419137462974, -0.0012571762781590223], [-7.698493573116139e-05, 0.00010792598914122209, 0.0014238127041608095, -0.0004872290010098368, -0.001027227146551013, -0.00056248321197927, 0.0002573166857473552, -0.0010657841339707375, -0.001726868562400341, 0.01132181379944086, -0.006382542662322521, 0.001107841613702476, 0.0010393756674602628], [3.8846144889248535e-05, 0.0003533508279360831, -8.426887507084757e-05, 0.001323417411185801, 0.00021641557395923883, -0.0003609534469433129, -0.003910994157195091, 0.0016760226571932435, -0.00011303699284326285, -0.006382542662322521, 0.018042294308543205, -0.005520968232303858, -0.00022055592853575945], [0.00020123878493905067, -0.0002638825972098857, 0.00041842760401777923, -0.0009881398873403668, 0.00017915229545906186, -0.0013400729512795806, 0.0018796203657984734, -0.001784142223186791, 0.0014224419137462974, 0.001107841613702476, -0.005520968232303858, 0.016471026465296745, -0.006023687310516834], [-0.00018349794845562428, 0.00030719523783773184, -0.0005392720340751112, -0.0006095680291764438, 0.0003489063819870353, 0.000994493835605681, 0.0011565398890525103, -0.0009935469133779407, -0.0012571762781590223, 0.0010393756674602628, -0.00022055592853575945, -0.006023687310516834, 0.015567639842629433]], "metadata.audio_prope