{"song_id": "1183709522066427965", "download": "https://cdn.discordapp.com/attachments/1128313332273782784/1183709522066427965/chirp.mp4?ex=65895266&amp", "lyrics": "[verse]\nIn Mother Russia, a YouTube Poop dance\nWhere gopniks gather, it's their wild chance\nMemes and glitches, oh, it's quite absurd\nRussian YouTube Poop, that's what we've heard\n\n[chorus]\nOh, it's crazy, that Russian YouTube Poop\nSpins you 'round in a crazy loop\nFrom Cheburashka to Putin's might\nRussian YouTube Poop is outta sight", "style": ["country"], "essentia_features": {"lowlevel.average_loudness": 0.9532883763313293, "lowlevel.barkbands_crest.mean": 14.543692588806152, "lowlevel.barkbands_crest.stdev": 6.36785888671875, "lowlevel.barkbands_flatness_db.mean": 0.18912017345428467, "lowlevel.barkbands_flatness_db.stdev": 0.06732935458421707, "lowlevel.barkbands_kurtosis.mean": 11.13673210144043, "lowlevel.barkbands_kurtosis.stdev": 22.80945587158203, "lowlevel.barkbands_skewness.mean": 2.194650888442993, "lowlevel.barkbands_skewness.stdev": 2.427104949951172, "lowlevel.barkbands_spread.mean": 23.250408172607422, "lowlevel.barkbands_spread.stdev": 17.977663040161133, "lowlevel.dissonance.mean": 0.45867154002189636, "lowlevel.dissonance.stdev": 0.032641638070344925, "lowlevel.dynamic_complexity": 2.9136579036712646, "lowlevel.erbbands_crest.mean": 11.168328285217285, "lowlevel.erbbands_crest.stdev": 5.820817947387695, "lowlevel.erbbands_flatness_db.mean": 0.18955735862255096, "lowlevel.erbbands_flatness_db.stdev": 0.05095966160297394, "lowlevel.erbbands_kurtosis.mean": 1.6548264026641846, "lowlevel.erbbands_kurtosis.stdev": 4.835177421569824, "lowlevel.erbbands_skewness.mean": 0.4243701994419098, "lowlevel.erbbands_skewness.stdev": 1.3879410028457642, "lowlevel.erbbands_spread.mean": 49.823944091796875, "lowlevel.erbbands_spread.stdev": 24.249988555908203, "lowlevel.hfc.mean": 23.029909133911133, "lowlevel.hfc.stdev": 35.485618591308594, "lowlevel.loudness_ebu128.integrated": -16.601299285888672, "lowlevel.loudness_ebu128.loudness_range": 2.4205636978149414, "lowlevel.loudness_ebu128.momentary.mean": -17.129758834838867, "lowlevel.loudness_ebu128.momentary.stdev": 2.354018211364746, "lowlevel.loudness_ebu128.short_term.mean": -16.689929962158203, "lowlevel.loudness_ebu128.short_term.stdev": 0.8308506011962891, "lowlevel.melbands_crest.mean": 18.51506805419922, "lowlevel.melbands_crest.stdev": 6.7853007316589355, "lowlevel.melbands_flatness_db.mean": 0.19988371431827545, "lowlevel.melbands_flatness_db.stdev": 0.08090905100107193, "lowlevel.melbands_kurtosis.mean": 33.99642562866211, "lowlevel.melbands_kurtosis.stdev": 52.270023345947266, "lowlevel.melbands_skewness.mean": 4.0887274742126465, "lowlevel.melbands_skewness.stdev": 3.059074878692627, "lowlevel.melbands_spread.mean": 31.021896362304688, "lowlevel.melbands_spread.stdev": 37.92131423950195, "lowlevel.pitch_salience.mean": 0.46217599511146545, "lowlevel.pitch_salience.stdev": 0.19004932045936584, "lowlevel.silence_rate_20dB.mean": 1.0, "lowlevel.silence_rate_20dB.stdev": 0.0, "lowlevel.silence_rate_30dB.mean": 0.9988200664520264, "lowlevel.silence_rate_30dB.stdev": 0.03432988002896309, "lowlevel.silence_rate_60dB.mean": 0.08849557489156723, "lowlevel.silence_rate_60dB.stdev": 0.28401124477386475, "lowlevel.spectral_centroid.mean": 1438.6822509765625, "lowlevel.spectral_centroid.stdev": 1074.9617919921875, "lowlevel.spectral_complexity.mean": 9.971681594848633, "lowlevel.spectral_complexity.stdev": 5.981313228607178, "lowlevel.spectral_decrease.mean": -4.995173163990785e-09, "lowlevel.spectral_decrease.stdev": 4.40326486383924e-09, "lowlevel.spectral_energy.mean": 0.020941833034157753, "lowlevel.spectral_energy.stdev": 0.017268741503357887, "lowlevel.spectral_energyband_high.mean": 0.0021349138114601374, "lowlevel.spectral_energyband_high.stdev": 0.005369310267269611, "lowlevel.spectral_energyband_low.mean": 0.0010130393784493208, "lowlevel.spectral_energyband_low.stdev": 0.0030701113864779472, "lowlevel.spectral_energyband_middle_high.mean": 0.0024756481871008873, "lowlevel.spectral_energyband_middle_high.stdev": 0.003512399271130562, "lowlevel.spectral_energyband_middle_low.mean": 0.015837296843528748, "lowlevel.spectral_energyband_middle_low.stdev": 0.017158087342977524, "lowlevel.spectral_entropy.mean": 7.61154317855835, "lowlevel.spectral_entropy.stdev": 0.5419138073921204, "lowlevel.spectral_flux.mean": 0.07154004275798798, "lowlevel.spectral_flux.stdev": 0.04082588106393814, "lowlevel.spectral_kurtosis.mean": 1.9675778150558472, "lowlevel.spectral_kurtosis.stdev": 1.4200481176376343, "lowlevel.spectral_rms.mean": 0.004132113419473171, "lowlevel.spectral_rms.stdev": 0.0018321267561987042, "lowlevel.spectral_rolloff.mean": 2197.377685546875, "lowlevel.spectral_rolloff.stdev": 2411.498779296875, "lowlevel.spectral_skewness.mean": 1.0546839237213135, "lowlevel.spectral_skewness.stdev": 0.3952277600765228, "lowlevel.spectral_spread.mean": 5295770.5, "lowlevel.spectral_spread.stdev": 1251073.875, "lowlevel.spectral_strongpeak.mean": 1.2219688892364502, "lowlevel.spectral_strongpeak.stdev": 1.2029516696929932, "lowlevel.zerocrossingrate.mean": 0.08108925819396973, "lowlevel.zerocrossingrate.stdev": 0.06256932020187378, "metadata.audio_properties.analysis.equal_loudness": 0.0, "metadata.audio_properties.analysis.length": 39.317325592041016, "metadata.audio_properties.analysis.sample_rate": 44100.0, "metadata.audio_properties.analysis.start_time": 0.0, "metadata.audio_properties.bit_rate": 120224.0, "metadata.audio_properties.length": 39.31733322143555, "metadata.audio_properties.lossless": 0.0, "metadata.audio_properties.number_channels": 1.0, "metadata.audio_properties.replay_gain": -11.138708114624023, "metadata.audio_properties.sample_rate": 48000.0, "rhythm.beats_count": 85.0, "rhythm.beats_loudness.mean": 0.027451254427433014, "rhythm.beats_loudness.stdev": 0.017405647784471512, "rhythm.bpm": 132.48516845703125, "rhythm.bpm_histogram_first_peak_bpm": 133.0, "rhythm.bpm_histogram_first_peak_weight": 0.442307710647583, "rhythm.bpm_histogram_second_peak_bpm": 117.0, "rhythm.bpm_histogram_second_peak_spread": 0.5, "rhythm.bpm_histogram_second_peak_weight": 0.0833333358168602, "rhythm.danceability": 1.3613479137420654, "rhythm.onset_rate": 3.406669855117798, "tonal.chords_changes_rate": 0.1108490601181984, "tonal.chords_number_rate": 0.022405659779906273, "tonal.chords_strength.mean": 0.5210244655609131, "tonal.chords_strength.stdev": 0.12199052423238754, "tonal.hpcp_crest.mean": 16.35114860534668, "tonal.hpcp_crest.stdev": 8.666884422302246, "tonal.hpcp_entropy.mean": 1.8003805875778198, "tonal.hpcp_entropy.stdev": 0.945364236831665, "tonal.key_edma.strength": 0.5670272707939148, "tonal.key_krumhansl.strength": 0.5740587115287781, "tonal.key_temperley.strength": 0.5913651585578918, "tonal.tuning_diatonic_strength": 0.5956650376319885, "tonal.tuning_equal_tempered_deviation": 0.17247149348258972, "tonal.tuning_frequency": 435.7005310058594, "tonal.tuning_nontempered_energy_ratio": 0.8483883142471313, "lowlevel.barkbands.mean": [3.938781901524635e-06, 0.0002844906412065029, 0.0002727682003751397, 0.001145222457125783, 0.00843961164355278, 0.003938330803066492, 0.0009461037698201835, 0.0006720172241330147, 0.0005944842705503106, 0.0004728638450615108, 0.0002428749721730128, 0.00022622763935942203, 0.0003086828510276973, 0.00024449173361063004, 0.00013070515706203878, 7.253417425090447e-05, 0.00024997114087454975, 0.00021183353965170681, 0.0002787331468425691, 0.00015184778021648526, 0.0004615905345417559, 0.0006114588468335569, 0.0006861189031042159, 0.00018325186101719737, 8.333261939696968e-05, 2.8241491236258298e-05, 1.2763861434450519e-07], "lowlevel.barkbands.stdev": [3.3406802685931325e-05, 0.0015409203479066491, 0.0010844358475878835, 0.004053755663335323, 0.013986987061798573, 0.009522597305476665, 0.003109373850747943, 0.0024476826656609774, 0.0020947980228811502, 0.001993444049730897, 0.001165319117717445, 0.0007101513911038637, 0.0009341608383692801, 0.0005144667229615152, 0.00039160536834970117, 0.00019293710647616535, 0.0006026778137311339, 0.0007687344332225621, 0.0009179497719742358, 0.00036749636637978256, 0.0013384188059717417, 0.0017839653883129358, 0.0017187417251989245, 0.0005219703307375312, 0.00016746156325098127, 5.864083505002782e-05, 8.281872396764811e-07], "lowlevel.erbbands.mean": [0.00411326764151454, 0.07904506474733353, 0.27869221568107605, 2.263895034790039, 11.203654289245605, 33.052513122558594, 39.6755256652832, 30.3037166595459, 17.488792419433594, 11.254253387451172, 16.003318786621094, 12.940978050231934, 13.815732955932617, 13.163063049316406, 9.473661422729492, 9.209070205688477, 13.28598690032959, 13.189736366271973, 9.289937973022461, 5.409343719482422, 5.204853534698486, 14.990690231323242, 13.368001937866211, 10.363984107971191, 13.653358459472656, 7.437204360961914, 14.282093048095703, 20.269487380981445, 22.169206619262695, 23.85153579711914, 17.364551544189453, 6.033513069152832, 2.308089256286621, 1.1845966577529907, 0.4517388343811035, 0.1943637877702713, 0.035816654562950134, 0.0024759334046393633, 7.579797238577157e-05, 3.224324609618634e-05], "lowlevel.erbbands.stdev": [0.021674083545804024, 0.41256818175315857, 0.9206294417381287, 7.184082984924316, 26.489171981811523, 60.460811614990234, 86.02955627441406, 77.67731475830078, 54.61114501953125, 34.28092575073242, 57.69313430786133, 42.04001998901367, 53.17435073852539, 50.24924850463867, 44.03208923339844, 26.99651527404785, 42.621585845947266, 24.561351776123047, 19.55289649963379, 16.154857635498047, 10.736907005310059, 36.09904479980469, 46.53129196166992, 32.90327072143555, 44.541236877441406, 17.439287185668945, 40.648441314697266, 60.071128845214844, 66.63038635253906, 62.71821975708008, 42.94110870361328, 16.415170669555664, 6.691456317901611, 2.664578437805176, 0.8652467727661133, 0.3775862753391266, 0.0837237760424614, 0.007154151797294617, 0.00015692504530306906, 2.7662925276672468e-05], "lowlevel.gfcc.mean": [-36.37247848510742, 50.60984420776367, -137.2075653076172, 36.748870849609375, -96.95964813232422, 1.813391923904419, -62.83140563964844, -18.05265998840332, -37.9428825378418, -10.438892364501953, -16.027179718017578, -0.13929268717765808, -12.7589750289917], "lowlevel.melbands.mean": [6.133445276645944e-05, 0.00015099399024620652, 0.0006085724453441799, 0.0015987635124474764, 0.001505146618001163, 0.0006870660581625998, 0.0002434159687254578, 0.00012744340347126126, 0.00013006456720177084, 7.732881203992292e-05, 7.124245894374326e-05, 5.704334034817293e-05, 3.26648514601402e-05, 2.5760356948012486e-05, 2.5101076971623115e-05, 3.1020357710076496e-05, 2.3936605430208147e-05, 1.6574980691075325e-05, 9.065989615919534e-06, 5.271034751785919e-06, 5.98247561356402e-06, 1.4441413441090845e-05, 1.7336386008537374e-05, 7.911398824944627e-06, 8.022492693271488e-06, 1.1901211109943688e-05, 6.5199551499972586e-06, 4.405163963383529e-06, 7.1567210397915915e-06, 1.2007558325421996e-05, 1.1698322850861587e-05, 1.2968554074177518e-05, 1.1267246009083465e-05, 1.4507767446048092e-05, 1.1220504347875249e-05, 6.00824841967551e-06, 2.7414478154241806e-06, 1.6416411199315917e-06, 1.1904123766726116e-06, 9.359062005387386e-07], "lowlevel.melbands.stdev": [0.0003309605235699564, 0.00048775336472317576, 0.0015688571147620678, 0.002839775290340185, 0.002915102755650878, 0.0017040618695318699, 0.0007334356778301299, 0.00039501406718045473, 0.00047913147136569023, 0.00025986795662902296, 0.00028090845444239676, 0.00022626284044235945, 0.00014988009934313595, 9.551523544359952e-05, 8.634274854557589e-05, 8.034717029659078e-05, 4.801361501449719e-05, 3.560868572094478e-05, 2.903325730585493e-05, 1.6271054846583866e-05, 1.3551400115829892e-05, 3.1680447136750445e-05, 6.682032835669816e-05, 2.503702671674546e-05, 2.774294807750266e-05, 4.233734216541052e-05, 1.856637027231045e-05, 1.0603259397612419e-05, 2.0083263734704815e-05, 3.589063271647319e-05, 3.600646596169099e-05, 4.055826138937846e-05, 3.2175827072933316e-05, 3.823702718364075e-05, 2.811110607581213e-05, 1.5699624782428145e-05, 7.89147634350229e-06, 4.889176580036292e-06, 3.2803341127873864e-06, 2.006505610552267e-06], "lowlevel.melbands128.mean": [2.7417313503974583e-06, 1.2373104254947975e-05, 9.11288007046096e-05, 0.0001448805269319564, 0.0001044745440594852, 0.00015880903811194003, 0.00038399529876187444, 0.0006417320109903812, 0.0010502322111278772, 0.0016492255963385105, 0.0019481529016047716, 0.0019522993825376034, 0.001358018140308559, 0.0010313002858310938, 0.0006962125189602375, 0.0005204121116548777, 0.00036353248287923634, 0.00017240473243873566, 0.000124887956189923, 0.00010530411236686632, 0.00014173038653098047, 0.00016593090549577028, 0.0001116819548769854, 0.000125598962767981, 7.507258851546794e-05, 6.872205267427489e-05, 6.06205067015253e-05, 6.236517219804227e-05, 9.293609764426947e-05, 6.729462620569393e-05, 3.7227593566058204e-05, 4.9446593038737774e-05, 2.5948391339625232e-05, 2.9608539989567362e-05, 2.8831049348809756e-05, 2.3574479200760834e-05, 2.3016658815322444e-05, 2.1894462406635284e-05, 2.9428856578306295e-05, 3.0170907848514616e-05, 3.1723917345516384e-05, 3.327715239720419e-05, 1.7444539480493404e-05, 2.5383031243109144e-05, 2.4096467313938774e-05, 1.240698929905193e-05, 1.1850645933009218e-05, 8.853659892338328e-06, 8.964238986663986e-06, 6.060460691514891e-06, 4.371653176349355e-06, 4.62833031633636e-06, 5.396458618633915e-06, 5.689633781003067e-06, 9.26364737097174e-06, 1.5499477740377188e-05, 1.864692421804648e-05, 1.9305945897940546e-05, 1.7854743418865837e-05, 1.1503479072416667e-05, 7.039812771836296e-06, 5.27106067238492e-06, 6.038923402229557e-06, 8.696195436641574e-06, 1.1549207556527108e-05, 1.2910958503198344e-05, 1.2278509530005977e-05, 7.895645467215218e-06, 5.216018053033622e-06, 4.458224339032313e-06, 3.953797659050906e-06, 4.581747361953603e-06, 5.141372184880311e-06, 7.047661711112596e-06, 9.990130820369814e-06, 1.2944622540089767e-05, 1.2875720130978152e-05, 1.0565535376372281e-05, 1.2074568076059222e-05, 1.1599164281506091e-05, 1.3769684301223606e-05, 1.3865824257663917e-05, 1.0525041034270544e-05, 1.0919965461653192e-05, 1.1154190360684879e-05, 1.4425417248276062e-05, 1.5887926565483212e-05, 1.4934893442841712e-05, 1.0671654308680445e-05, 9.194991434924304e-06, 7.212472610262921e-06, 5.24164079251932e-06, 3.6585367979569128e-06, 2.7698074518411886e-06, 2.1091047983645694e-06, 1.7211959857377224e-06, 1.594693458173424e-06, 1.4471860367848421e-06, 1.1465629086160334e-06, 1.1033556575057446e-06, 1.0642236247804249e-06, 9.58761120273266e-07, 7.208703323158261e-07, 5.514764893632673e-07, 4.123796202293306e-07, 4.377109519282385e-07, 4.7150547288765665e-07, 4.0950999391498044e-07, 3.145756295452884e-07, 3.1440228553947236e-07, 2.1252211013234046e-07, 1.1380355857681934e-07, 9.813485490894891e-08, 5.979661210631093e-08, 3.682411531258367e-08, 2.0933827116209613e-08, 5.3455644355437926e-09, 5.842702710534553e-11, 2.9953821541195413e-12, 2.8946211746982975e-12, 2.806818796483035e-12, 2.7390826152356995e-12, 2.683278512577436e-12, 2.6262364678786287e-12, 2.5528234040561593e-12, 2.4525138864195384e-12, 2.3952198731358454e-12, 2.3757842481514357e-12], "lowlevel.melbands128.stdev": [3.0425651857513003e-05, 9.607777610654011e-05, 0.0005109560443088412, 0.0007908236002549529, 0.0004282111185602844, 0.0006323749548755586, 0.001461576670408249, 0.0022857391741126776, 0.0030791331082582474, 0.004085602704435587, 0.004184164572507143, 0.0046893828548491, 0.003677350003272295, 0.003600864438340068, 0.002212533727288246, 0.0018137505976483226, 0.0015835214871913195, 0.0006315837963484228, 0.0006329492898657918, 0.00044340325985103846, 0.0006099071470089257, 0.0007151943864300847, 0.0006306027644313872, 0.0006525353528559208, 0.0003053354739677161, 0.0003740944084711373, 0.0003479445877019316, 0.0003557188902050257, 0.00047974189510568976, 0.0004111436428502202, 0.00019642742699943483, 0.0003006842453032732, 0.0001388148812111467, 0.00025026744697242975, 0.0001403284550178796, 0.00011198654829058796, 0.00011008884757757187, 7.105948316166177e-05, 0.00018802599515765905, 0.00013559649232774973, 9.381987911183387e-05, 0.00010548521822784096, 4.5892720663687214e-05, 9.515034616924822e-05, 7.168546289904043e-05, 3.4743115975288674e-05, 6.093820775276981e-05, 3.5686793125933036e-05, 4.281293513486162e-05, 2.5481027478235774e-05, 2.0023824617965147e-05, 1.568053812661674e-05, 1.5158409041760024e-05, 1.8299313524039462e-05, 2.535283965698909e-05, 3.748283052118495e-05, 5.6278360716532916e-05, 8.283151692012325e-05, 8.827401325106621e-05, 3.915217166650109e-05, 2.8538919650600292e-05, 1.6969706848612987e-05, 2.0882220269413665e-05, 3.1721690902486444e-05, 5.627402424579486e-05, 5.148321361048147e-05, 4.852114579989575e-05, 2.657948607520666e-05, 1.5588593669235706e-05, 1.1016654752893373e-05, 1.056911060004495e-05, 1.253150276170345e-05, 1.4296162589744199e-05, 2.1046678739367053e-05, 3.524068233673461e-05, 4.285138857085258e-05, 4.085819091415033e-05, 3.4042222978314385e-05, 4.065005123266019e-05, 3.96158175135497e-05, 4.48353894171305e-05, 4.6592773287557065e-05, 3.549810571712442e-05, 3.324915815028362e-05, 3.1656192732043564e-05, 4.0594353777123615e-05, 4.473833541851491e-05, 4.274538514437154e-05, 2.6929164960165508e-05, 2.397899515926838e-05, 2.0229343135724775e-05, 1.4715383258590009e-05, 1.1302879102004226e-05, 8.65836591401603e-06, 6.358714927046094e-06, 4.491614618018502e-06, 5.730097655032296e-06, 4.7851476665528025e-06, 3.7592449189105537e-06, 2.7367473194317427e-06, 2.3986369797057705e-06, 2.1412256501207594e-06, 1.6163457985385321e-06, 1.1895258467120584e-06, 9.21538799047994e-07, 8.860013167577563e-07, 8.988268405119015e-07, 8.166899760908564e-07, 6.926537707840907e-07, 7.183791126408323e-07, 5.034075343246514e-07, 2.89234094452695e-07, 2.903674669596512e-07, 1.8708706761572103e-07, 1.159848324050472e-07, 9.110784304766639e-08, 2.962598344424805e-08, 5.029653915578081e-10, 4.927887091443761e-12, 4.777323935750699e-12, 4.645759471566535e-12, 4.531266854790328e-12, 4.433709475948344e-12, 4.349607479747775e-12, 4.282290234219888e-12, 4.225444213273866e-12, 4.185608023371534e-12, 4.16094632707531e-12], "lowlevel.mfcc.mean": [-667.3685913085938, 68.04125213623047, 2.281723976135254, 14.464282989501953, -15.687575340270996, 2.159177780151367, -20.942947387695312, -9.393047332763672, -28.668766021728516, -17.879446029663086, -10.843305587768555, -13.397598266601562, -14.552858352661133], "lowlevel.spectral_contrast_coeffs.mean": [-0.5266961455345154, -0.7145453095436096, -0.7858055830001831, -0.8036497235298157, -0.8029388189315796, -0.7267860174179077], "lowlevel.spectral_contrast_coeffs.stdev": [0.13397341966629028, 0.10640775412321091, 0.07247021794319153, 0.04857280105352402, 0.04045291244983673, 0.03691824898123741], "lowlevel.spectral_contrast_valleys.mean": [-8.397794723510742, -7.568634986877441, -7.883629322052002, -7.983528137207031, -7.54557991027832, -9.976560592651367], "lowlevel.spectral_contrast_valleys.stdev": [0.8910712003707886, 0.5802053213119507, 0.49901965260505676, 0.4444846212863922, 0.5190960168838501, 0.7951093912124634], "rhythm.beats_loudness_band_ratio.mean": [0.17720229923725128, 0.44418424367904663, 0.09588776528835297, 0.06293143332004547, 0.04619913175702095, 0.24117235839366913], "rhythm.beats_loudness_band_ratio.stdev": [0.2525481879711151, 0.30409011244773865, 0.14538446068763733, 0.10429376363754272, 0.06174510717391968, 0.2857964336872101], "tonal.hpcp.mean": [0.15017414093017578, 0.07935016602277756, 0.032659560441970825, 0.0364360511302948, 0.07055649161338806, 0.10243159532546997, 0.14707164466381073, 0.12676838040351868, 0.06256690621376038, 0.07012239843606949, 0.09061559289693832, 0.13014593720436096, 0.15384963154792786, 0.11059866845607758, 0.0769110918045044, 0.08733941614627838, 0.08224911987781525, 0.0700475201010704, 0.09340992569923401, 0.11167915165424347, 0.13839545845985413, 0.12882781028747559, 0.07453124225139618, 0.0578484907746315, 0.05736824870109558, 0.06683693826198578, 0.11834995448589325, 0.17087161540985107, 0.12572091817855835, 0.07902535796165466, 0.08894394338130951, 0.09182863682508469, 0.11739437282085419, 0.11722138524055481, 0.08524734526872635, 0.12863628566265106], "tonal.hpcp.stdev": [0.2997027635574341, 0.19085776805877686, 0.11065075546503067, 0.1180141493678093, 0.18899688124656677, 0.2274046093225479, 0.2899923026561737, 0.27876898646354675, 0.17261718213558197, 0.2100519835948944, 0.21396580338478088, 0.2629033625125885, 0.28282397985458374, 0.23247162997722626, 0.18374508619308472, 0.22907744348049164, 0.2099088877439499, 0.16830630600452423, 0.21454401314258575, 0.2356151044368744, 0.2785801589488983, 0.26671478152275085, 0.18132486939430237, 0.15704728662967682, 0.15228697657585144, 0.17302295565605164, 0.23388229310512543, 0.29959648847579956, 0.23408959805965424, 0.18963436782360077, 0.21474546194076538, 0.20042943954467773, 0.24651676416397095, 0.25002428889274597, 0.18881581723690033, 0.2555893659591675], "rhythm.beats_position": [0.4876190423965454, 0.9752380847930908, 1.4628571271896362, 1.9504761695861816, 2.449705123901367, 2.937324285507202, 3.4365532398223877, 3.9241721630096436, 4.388571262359619, 4.841360569000244, 5.294149398803711, 5.758548736572266, 6.222947597503662, 6.675736904144287, 7.128525733947754, 7.569705009460449, 8.022494316101074, 8.4752836227417, 8.928071975708008, 9.380861282348633, 9.833650588989258, 10.286439895629883, 10.739229202270508, 11.203627586364746, 11.656416893005371, 12.097596168518066, 12.550385475158691, 13.003174781799316, 13.514013290405273, 14.024852752685547, 14.524081230163574, 15.023310661315918, 15.545759201049805, 16.079818725585938, 16.555828094482422, 17.020225524902344, 17.4846248626709, 17.949024200439453, 18.413423538208008, 18.866212844848633, 19.319002151489258, 19.760181427001953, 20.20136070251465, 20.654150009155273, 21.09532928466797, 21.54811668395996, 22.000905990600586, 22.45369529724121, 22.906484603881836, 23.35927391052246, 23.812063217163086, 24.26485252380371, 24.717641830444336, 25.17043113708496, 25.611610412597656, 26.05278778076172, 26.493967056274414, 26.8538761138916, 27.213787078857422, 27.56208610534668, 27.921995162963867, 28.305124282836914, 28.67664337158203, 29.02494239807129, 29.373241424560547, 29.709932327270508, 30.15110969543457, 30.592288970947266, 31.03346824645996, 31.486257553100586, 31.95065689086914, 32.41505432128906, 32.86784362792969, 33.32063293457031, 33.7850341796875, 34.24943161010742, 34.73705291748047, 35.22467041015625, 35.74711990356445, 36.257957458496094, 36.768798828125, 37.27963638305664, 37.802085876464844, 38.312923431396484, 38.82376480102539], "rhythm.bpm_histogram": [0.0, 0.0, 0.0, 0.0, 0.0, 0.0, 0.0, 0.0, 0.0, 0.0, 0.0, 0.0, 0.0, 0.0, 0.0, 0.0, 0.0, 0.0, 0.0, 0.0, 0.0, 0.0, 0.0, 0.0, 0.0, 0.0, 0.0, 0.0, 0.0, 0.0, 0.0, 0.0, 0.0, 0.0, 0.0, 0.0, 0.0, 0.0, 0.0, 0.0, 0.0, 0.0, 0.0, 0.0, 0.0, 0.0, 0.0, 0.0, 0.0, 0.0, 0.0, 0.0, 0.0, 0.0, 0.0, 0.0, 0.0, 0.0, 0.0, 0.0, 0.0, 0.0, 0.0, 0.0, 0.0, 0.0, 0.0, 0.0, 0.0, 0.0, 0.0, 0.0, 0.0, 0.0, 0.0, 0.0, 0.0, 0.0, 0.0, 0.0, 0.0, 0.0, 0.0, 0.0, 0.0, 0.0, 0.0, 0.0, 0.0, 0.0, 0.0, 0.0, 0.0, 0.0, 0.0, 0.0, 0.0, 0.0, 0.0, 0.0, 0.0, 0.0, 0.0, 0.0, 0.0, 0.0, 0.0, 0.0, 0.0, 0.0, 0.0, 0.0, 0.011904762126505375, 0.0, 0.0, 0.0357142873108387, 0.0, 0.0833333358168602, 0.0, 0.0, 0.0476190485060215, 0.0, 0.0, 0.0833333358168602, 0.0, 0.0, 0.011904762126505375, 0.0, 0.0, 0.1428571492433548, 0.0, 0.0, 0.0, 0.3452380895614624, 0.0, 0.0, 0.130952388048172, 0.0, 0.0, 0.0, 0.0, 0.0, 0.0, 0.0, 0.0, 0.0, 0.0, 0.0, 0.0, 0.0, 0.0, 0.0, 0.0, 0.0, 0.0, 0.0, 0.0, 0.011904762126505375, 0.0, 0.0, 0.0, 0.011904762126505375, 0.0, 0.0, 0.0, 0.0, 0.0, 0.0357142873108387, 0.0, 0.0, 0.0, 0.0, 0.0357142873108387, 0.0, 0.0, 0.0, 0.0, 0.0, 0.011904762126505375, 0.0, 0.0, 0.0, 0.0, 0.0, 0.0, 0.0, 0.0, 0.0, 0.0, 0.0, 0.0, 0.0, 0.0, 0.0, 0.0, 0.0, 0.0, 0.0, 0.0, 0.0, 0.0, 0.0, 0.0, 0.0, 0.0, 0.0, 0.0, 0.0, 0.0, 0.0, 0.0, 0.0, 0.0, 0.0, 0.0, 0.0, 0.0, 0.0, 0.0, 0.0, 0.0, 0.0, 0.0, 0.0, 0.0, 0.0, 0.0, 0.0, 0.0, 0.0, 0.0, 0.0, 0.0, 0.0, 0.0, 0.0, 0.0, 0.0, 0.0, 0.0, 0.0, 0.0, 0.0, 0.0, 0.0, 0.0, 0.0, 0.0, 0.0, 0.0], "tonal.chords_histogram": [9.669811248779297, 4.716980934143066, 10.731132507324219, 1.8867924213409424, 3.066037654876709, 1.297169804573059, 2.4764151573181152, 1.297169804573059, 3.301886796951294, 17.806604385375977, 0.9433962106704712, 3.891509532928467, 0.0, 1.297169804573059, 0.0, 1.1792452335357666, 0.1179245263338089, 1.8867924213409424, 2.2405660152435303, 3.183962345123291, 0.9433962106704712, 8.372641563415527, 8.962264060974121, 10.731132507324219], "tonal.thpcp": [1.0, 0.7357624769210815, 0.46248382329940796, 0.5205308198928833, 0.5374130606651306, 0.6870326399803162, 0.6860202550888062, 0.4988970458507538, 0.7528241872787476, 0.8788712024688721, 0.46438470482826233, 0.19113507866859436, 0.21323642134666443, 0.41292107105255127, 0.5994652509689331, 0.860714316368103, 0.7418925762176514, 0.3661632537841797, 0.41038060188293457, 0.5303139090538025, 0.7616592049598694, 0.9003814458847046, 0.6472617983818054, 0.45011040568351746, 0.5111405849456787, 0.4813503921031952, 0.4099423885345459, 0.5466672778129578, 0.6535851359367371, 0.8099382519721985, 0.7539450526237488, 0.4361827075481415, 0.3385494351387024, 0.3357388973236084, 0.391152948141098, 0.6926249861717224], "lowlevel.gfcc.cov": [[2058.94970703125, -760.630859375, 274.83355712890625, 35.478363037109375, -83.3000259399414, 31.837989807128906, -48.243133544921875, 129.7514190673828, -34.87355041503906, 97.32007598876953, -208.8905487060547, 70.2197494506836, -131.95777893066406], [-760.630859375, 1764.4090576171875, -115.07524108886719, -185.44287109375, 225.5584259033203, -98.08951568603516, 133.5404510498047, 2.204998254776001, 147.0574493408203, -180.00892639160156, 237.16571044921875, -204.4432373046875, 75.95736694335938], [274.83355712890625, -115.07524108886719, 726.9954833984375, 337.2587585449219, 194.70506286621094, 146.71554565429688, 2.813076972961426, 3.0458290576934814, -72.78567504882812, 55.83343505859375, -134.9194793701172, -9.304421424865723, -129.73582458496094], [35.478363037109375, -185.44287109375, 337.2587585449219, 554.68994140625, 245.84213256835938, 157.33908081054688, 5.359642028808594, -2.9638009071350098, -14.892437934875488, 20.4382266998291, -90.7359619140625, -51.176509857177734, -62.234535217285156], [-83.3000259399414, 225.5584259033203, 194.70506286621094, 245.84213256835938, 322.9774475097656, 85.39097595214844, -13.186055183410645, 13.144353866577148, 10.485816955566406, -1.3045759201049805, -33.968719482421875, -31.288564682006836, -44.2645149230957], [31.837989807128906, -98.08951568603516, 146.71554565429688, 157.33908081054688, 85.39097595214844, 247.91134643554688, 123.61821746826172, 40.64849853515625, -39.230220794677734, 38.13684844970703, -56.47316360473633, -18.83546257019043, -56.85141372680664], [-48.243133544921875, 133.5404510498047, 2.813076972961426, 5.359642028808594, -13.186055183410645, 123.61821746826172, 231.58433532714844, 108.8289566040039, 8.814059257507324, -3.0470848083496094, 28.649986267089844, -27.38612937927246, -24.44907569885254], [129.7514190673828, 2.204998254776001, 3.0458290576934814, -2.9638009071350098, 13.144353866577148, 40.64849853515625, 108.8289566040039, 182.5867919921875, 57.65381622314453, 45.043617248535156, -11.592028617858887, -5.0638041496276855, -49.126373291015625], [-34.87355041503906, 147.0574493408203, -72.78567504882812, -14.892437934875488, 10.485816955566406, -39.230220794677734, 8.814059257507324, 57.65381622314453, 140.87008666992188, 62.49406814575195, 64.7683334350586, -1.6522083282470703, 31.756441116333008], [97.32007598876953, -180.00892639160156, 55.83343505859375, 20.4382266998291, -1.3045759201049805, 38.13684844970703, -3.0470848083496094, 45.043617248535156, 62.49406814575195, 168.37533569335938, 28.964567184448242, 57.43976593017578, -18.42757225036621], [-208.8905487060547, 237.16571044921875, -134.9194793701172, -90.7359619140625, -33.968719482421875, -56.47316360473633, 28.649986267089844, -11.592028617858887, 64.7683334350586, 28.964567184448242, 178.37144470214844, 50.324371337890625, 82.21973419189453], [70.2197494506836, -204.4432373046875, -9.304421424865723, -51.176509857177734, -31.288564682006836, -18.83546257019043, -27.38612937927246, -5.0638041496276855, -1.6522083282470703, 57.43976593017578, 50.324371337890625, 158.42591857910156, 67.44529724121094], [-131.95777893066406, 75.95736694335938, -129.73582458496094, -62.234535217285156, -44.2645149230957, -56.85141372680664, -24.44907569885254, -49.126373291015625, 31.756441116333008, -18.42757225036621, 82.21973419189453, 67.44529724121094, 165.991455078125]], "lowlevel.gfcc.icov": [[0.0006934687844477594, 0.0002419226075289771, -0.0003028958453796804, 0.00020875134214293212, 0.0001093536484404467, 4.1238254198106006e-05, 0.00017932686023414135, -0.0004889191477559507, -0.0003309714957140386, 0.00018801988335326314, 0.00040503800846636295, -0.00017236046551261097, 0.00016070947458501905], [0.0002419226075289771, 0.0031205289997160435, -0.0014101581182330847, 0.0028557428158819675, -0.0036780470982193947, 0.0003706143470481038, -0.0013274609809741378, 0.0003944866475649178, -0.002406718907877803, 0.0029889820143580437, -0.004175353329628706, 0.004590481985360384, -0.0012045184848830104], [-0.0003028958453796804, -0.0014101581182330847, 0.0032381543423980474, -0.0022960719652473927, 0.0007529535214416683, 0.0003227204142604023, -0.00033819314558058977, 0.0007456903695128858, 0.0019838977605104446, -0.0025262152776122093, 0.002883373759686947, -0.0027367384172976017, 0.0015804985305294394], [0.00020875134214293212, 0.0028557428158819675, -0.0022960719652473927, 0.0063003553077578545, -0.005133030004799366, -0.0010677051031962037, -0.0008797310292720795, 0.0007894770242273808, -0.0028397394344210625, 0.0025705830194056034, -0.0031618864741176367, 0.005062644369900227, -0.0018658790504559875], [0.0001093536484404467, -0.0036780470982193947, 0.0007529535214416683, -0.005133030004799366, 0.010317118838429451, -0.0029414535965770483, 0.004614389501512051, -0.0023030436132103205, 0.0009279993828386068, -0.0008015013299882412, 0.0033574174158275127, -0.005886083003133535, 0.002637936733663082], [4.1238254198106006e-05, 0.0003706143470481038, 0.0003227204142604023, -0.0010677051031962037, -0.0029414535965770483, 0.011564369313418865, -0.008666342124342918, 0.003094592597335577, 0.0032191320788115263, -0.005418425891548395, 0.0038782686460763216, 0.0006694300682283938, -0.0008795325411483645], [0.00017932686023414135, -0.0013274609809741378, -0.00033819314558058977, -0.0008797310292720795, 0.004614389501512051, -0.008666342124342918, 0.015036828815937042, -0.009196622297167778, 0.001961272908374667, 0.0035080788657069206, -0.005135141313076019, 0.0003263174439780414, 0.0003363553842063993], [-0.0004889191477559507, 0.0003944866475649178, 0.0007456903695128858, 0.0007894770242273808, -0.0023030436132103205, 0.003094592597335577, -0.009196622297167778, 0.014443879947066307, -0.006766786333173513, -0.0012962367618456483, 0.004582552704960108, -0.002823357470333576, 0.0037035548593848944], [-0.0003309714957140386, -0.002406718907877803, 0.0019838977605104446, -0.0028397394344210625, 0.0009279993828386068, 0.0032191320788115263, 0.001961272908374667, -0.006766786333173513, 0.01994393765926361, -0.010492234490811825, -0.0008948615868575871, 0.0033226965460926294, -0.004926880355924368], [0.00018801988335326314, 0.0029889820143580437, -0.0025262152776122093, 0.0025705830194056034, -0.0008015013299882412, -0.005418425891548395, 0.0035080788657069206, -0.0012962367618456483, -0.010492234490811825, 0.01729578711092472, -0.007276126649230719, -0.0015521424356848001, 0.003996722865849733], [0.00040503800846636295, -0.004175353329628706, 0.002883373759686947, -0.0031618864741176367, 0.0033574174158275127, 0.0038782686460763216, -0.005135141313076019, 0.004582552704960108, -0.0008948615868575871, -0.007276126649230719, 0.019528092816472054, -0.00946708396077156, -0.0003384433512110263], [-0.00017236046551261097, 0.004590481985360384, -0.0027367384172976017, 0.005062644369900227, -0.005886083003133535, 0.0006694300682283938, 0.0003263174439780414, -0.002823357470333576, 0.0033226965460926294, -0.0015521424356848001, -0.00946708396077156, 0.02005220763385296, -0.00887263659387827], [0.00016070947458501905, -0.0012045184848830104, 0.0015804985305294394, -0.0018658790504559875, 0.002637936733663082, -0.0008795325411483645, 0.0003363553842063993, 0.0037035548593848944, -0.004926880355924368, 0.003996722865849733, -0.0003384433512110263, -0.00887263659387827, 0.013945951126515865]], "lowlevel.mfcc.cov": [[1778.87060546875, -615.8109130859375, 115.14525604248047, -5.524341583251953, -72.35124969482422, -33.53704833984375, -61.71254348754883, 35.02032470703125, 90.1444091796875, 44.75984191894531, 38.12971496582031, -7.965753078460693, -24.848308563232422], [-615.8109130859375, 1522.0076904296875, -153.44061279296875, -60.35494613647461, 59.422157287597656, -133.79849243164062, 78.9684829711914, 62.01046371459961, -38.672340393066406, 60.99082565307617, 71.83087921142578, 23.220298767089844, 37.618797302246094], [115.14525604248047, -153.44061279296875, 493.7256774902344, 175.646728515625, 105.13414001464844, 166.53515625, 103.30701446533203, 22.123058319091797, 67.2319564819336, 38.15025329589844, -5.908450603485107, 46.501895904541016, 23.98550033569336], [-5.524341583251953, -60.35494613647461, 175.646728515625, 336.92559814453125, 231.88284301757812, 112.8338623046875, 46.59886169433594, 28.412982940673828, 57.610897064208984, 41.56965637207031, 2.8828535079956055, 32.822181701660156, 39.390037536621094], [-72.35124969482422, 59.422157287597656, 105.13414001464844, 231.88284301757812, 333.5887451171875, 130.9067840576172, 5.3609442710876465, -4.361580848693848, 40.135746002197266, 26.83847427368164, -12.476103782653809, 4.666533946990967, 39.76293182373047], [-33.53704833984375, -133.79849243164062, 166.53515625, 112.8338623046875, 130.9067840576172, 235.55458068847656, 98.29951477050781, 13.590630531311035, 46.26399612426758, 20.998762130737305, -7.2183966636657715, 31.930728912353516, 15.138714790344238], [-61.71254348754883, 78.9684829711914, 103.30701446533203, 46.59886169433594, 5.3609442710876465, 98.29951477050781, 205.94789123535156, 103.37415313720703, 52.89226150512695, 46.01432800292969, 31.070215225219727, 50.48358917236328, 12.574474334716797], [35.02032470703125, 62.01046371459961, 22.123058319091797, 28.412982940673828, -4.361580848693848, 13.590630531311035, 103.37415313720703, 135.5446014404297, 62.59516525268555, 31.297103881835938, 25.777708053588867, 26.400047302246094, 12.936308860778809], [90.1444091796875, -38.672340393066406, 67.2319564819336, 57.610897064208984, 40.135746002197266, 46.26399612426758, 52.89226150512695, 62.59516525268555, 139.14883422851562, 75.88941192626953, 19.989349365234375, 37.37236785888672, 29.209444046020508], [44.75984191894531, 60.99082565307617, 38.15025329589844, 41.56965637207031, 26.83847427368164, 20.998762130737305, 46.01432800292969, 31.297103881835938, 75.88941192626953, 133.27407836914062, 66.35389709472656, 45.89280319213867, 18.02578353881836], [38.12971496582031, 71.83087921142578, -5.908450603485107, 2.8828535079956055, -12.476103782653809, -7.2183966636657715, 31.070215225219727, 25.777708053588867, 19.989349365234375, 66.35389709472656, 119.37178802490234, 71.7121353149414, 12.422983169555664], [-7.965753078460693, 23.220298767089844, 46.501895904541016, 32.822181701660156, 4.666533946990967, 31.930728912353516, 50.48358917236328, 26.400047302246094, 37.37236785888672, 45.89280319213867, 71.7121353149414, 112.40308380126953, 50.27442932128906], [-24.848308563232422, 37.618797302246094, 23.98550033569336, 39.390037536621094, 39.76293182373047, 15.138714790344238, 12.574474334716797, 12.936308860778809, 29.209444046020508, 18.02578353881836, 12.422983169555664, 50.27442932128906, 122.32420349121094]], "lowlevel.mfcc.icov": [[0.0007539273938164115, 0.00032233516685664654, -0.0002750490966718644, 0.00014028085570316762, -9.320187018602155e-06, 0.00028566582477651536, 0.0003872847883030772, -0.00044254327076487243, -0.00034481839975342155, -0.00010038293112302199, -0.000588980212341994, 0.0004329392977524549, 1.645619522605557e-05], [0.00032233516685664654, 0.0010759503347799182, -8.382989108213224e-06, 0.0006482244352810085, -0.0010559235233813524, 0.0012516208225861192, -0.0008785896934568882, -0.00025290390476584435, 0.000533490558154881, -0.0005678000161424279, -0.0003512128605507314, 0.00013955622853245586, -0.0002325114473933354], [-0.0002750490966718644, -8.382989108213224e-06, 0.0032667394261807203, -0.0014366311952471733, 0.0005725785158574581, -0.0013628974556922913, -0.0010884174844250083, 0.0010310775833204389, -0.0004619557876139879, -9.647826664149761e-05, 0.0009141283226199448, -0.0007769237854517996, 0.00010516519250813872], [0.00014028085570316762, 0.0006482244352810085, -0.0014366311952471733, 0.007330031134188175, -0.005195941776037216, 0.001339965034276247, -0.0006843995652161539, -0.0012238308554515243, 0.0003723655827343464, -0.0008726285886950791, 0.0005318339099176228, -0.0013539096107706428, 1.5533143596258014e-05], [-9.320187018602155e-06, -0.0010559235233813524, 0.0005725785158574581, -0.005195941776037216, 0.008606201969087124, -0.0046761310659348965, 0.0031142449006438255, -1.800104473659303e-05, -0.0007246031891554594, -8.386848639929667e-05, -0.0004224685544613749, 0.002216716529801488, -0.0013361000455915928], [0.00028566582477651536, 0.0012516208225861192, -0.0013628974556922913, 0.001339965034276247, -0.0046761310659348965, 0.010765131562948227, -0.0063561974093317986, 0.0034483219496905804, -0.0013513060985133052, 0.0007398832240141928, 0.0008338008774444461, -0.001618191716261208, 0.0007793661206960678], [0.0003872847883030772, -0.0008785896934568882, -0.0010884174844250083, -0.0006843995652161539, 0.0031142449006438255, -0.0063561974093317986, 0.0141986645758152, -0.009720545262098312, 0.0021760023664683104, -0.0025291878264397383, 0.0010328722419217229, -0.0022689448669552803, 0.0008061311091296375], [-0.00044254327076487243, -0.00025290390476584435, 0.0010310775833204389, -0.0012238308554515243, -1.800104473659303e-05, 0.0034483219496905804, -0.009720545262098312, 0.017376834526658058, -0.007256005425006151, 0.003982916474342346, -0.002835763618350029, 0.002076124306768179, -0.000499116606079042], [-0.00034481839975342155, 0.000533490558154881, -0.0004619557876139879, 0.0003723655827343464, -0.0007246031891554594, -0.0013513060985133052, 0.0021760023664683104, -0.007256005425006151, 0.01614653505384922, -0.009286248125135899, 0.005182699766010046, -0.0033725425601005554, -0.0009443985763937235], [-0.00010038293112302199, -0.0005678000161424279, -9.647826664149761e-05, -0.0008726285886950791, -8.386848639929667e-05, 0.0007398832240141928, -0.0025291878264397383, 0.003982916474342346, -0.009286248125135899, 0.01692022942006588, -0.00906355120241642, 0.002413480542600155, -0.00011877265205839649], [-0.000588980212341994, -0.0003512128605507314, 0.0009141283226199448, 0.0005318339099176228, -0.0004224685544613749, 0.0008338008774444461, 0.0010328722419217229, -0.002835763618350029, 0.005182699766010046, -0.00906355120241642, 0.02109324000775814, -0.013508661650121212, 0.0033735581673681736], [0.0004329392977524549, 0.00013955622853245586, -0.0007769237854517996, -0.0013539096107706428, 0.002216716529801488, -0.001618191716261208, -0.0022689448669552803, 0.002076124306768179, -0.0033725425601005554, 0.002413480542600155, -0.013508661650121212, 0.022540712729096413, -0.007315783761441708], [1.645619522605557e-05, -0.0002325114473933354, 0.00010516519250813872, 1.5533143596258014e-05, -0.0013361000455915928, 0.00077936612