{"song_id": "1183708577051979796", "download": "https://cdn.discordapp.com/attachments/1135911532732108921/1183708577051979796/chirp.mp4?ex=65895185&amp", "lyrics": "[Chorus]\nAdeus, ano que passa, de ti muito se aprendeu, Na for\u00e7a da vida, cada um se fortaleceu. Ol\u00e1, ano novo, traga tua luz a brilhar, Com promessas de alegrias e raz\u00f5es para amar.", "style": ["MPB</span><span>, voz masculina"], "essentia_features": {"lowlevel.average_loudness": 0.9728251099586487, "lowlevel.barkbands_crest.mean": 10.235264778137207, "lowlevel.barkbands_crest.stdev": 4.483506679534912, "lowlevel.barkbands_flatness_db.mean": 0.09107653051614761, "lowlevel.barkbands_flatness_db.stdev": 0.03483543172478676, "lowlevel.barkbands_kurtosis.mean": 1.7466998100280762, "lowlevel.barkbands_kurtosis.stdev": 4.478039264678955, "lowlevel.barkbands_skewness.mean": 1.241606593132019, "lowlevel.barkbands_skewness.stdev": 1.0298197269439697, "lowlevel.barkbands_spread.mean": 35.318485260009766, "lowlevel.barkbands_spread.stdev": 14.644691467285156, "lowlevel.dissonance.mean": 0.4807502031326294, "lowlevel.dissonance.stdev": 0.01310495100915432, "lowlevel.dynamic_complexity": 2.4197893142700195, "lowlevel.erbbands_crest.mean": 8.761978149414062, "lowlevel.erbbands_crest.stdev": 4.418458461761475, "lowlevel.erbbands_flatness_db.mean": 0.12151152640581131, "lowlevel.erbbands_flatness_db.stdev": 0.03512124717235565, "lowlevel.erbbands_kurtosis.mean": -0.06265033036470413, "lowlevel.erbbands_kurtosis.stdev": 0.8513339161872864, "lowlevel.erbbands_skewness.mean": 0.0035521513782441616, "lowlevel.erbbands_skewness.stdev": 0.431646466255188, "lowlevel.erbbands_spread.mean": 43.465274810791016, "lowlevel.erbbands_spread.stdev": 17.708852767944336, "lowlevel.hfc.mean": 30.173738479614258, "lowlevel.hfc.stdev": 15.958319664001465, "lowlevel.loudness_ebu128.integrated": -14.25948715209961, "lowlevel.loudness_ebu128.loudness_range": 0.7672090530395508, "lowlevel.loudness_ebu128.momentary.mean": -15.583599090576172, "lowlevel.loudness_ebu128.momentary.stdev": 4.112430572509766, "lowlevel.loudness_ebu128.short_term.mean": -14.192656517028809, "lowlevel.loudness_ebu128.short_term.stdev": 0.4087463915348053, "lowlevel.melbands_crest.mean": 14.807723045349121, "lowlevel.melbands_crest.stdev": 5.056541442871094, "lowlevel.melbands_flatness_db.mean": 0.15511953830718994, "lowlevel.melbands_flatness_db.stdev": 0.048307277262210846, "lowlevel.melbands_kurtosis.mean": 12.485871315002441, "lowlevel.melbands_kurtosis.stdev": 18.04305076599121, "lowlevel.melbands_skewness.mean": 2.75447154045105, "lowlevel.melbands_skewness.stdev": 1.809437870979309, "lowlevel.melbands_spread.mean": 32.472835540771484, "lowlevel.melbands_spread.stdev": 15.437545776367188, "lowlevel.pitch_salience.mean": 0.5213918685913086, "lowlevel.pitch_salience.stdev": 0.11787073314189911, "lowlevel.silence_rate_20dB.mean": 1.0, "lowlevel.silence_rate_20dB.stdev": 0.0, "lowlevel.silence_rate_30dB.mean": 0.9938271641731262, "lowlevel.silence_rate_30dB.stdev": 0.07832460850477219, "lowlevel.silence_rate_60dB.mean": 0.1111111119389534, "lowlevel.silence_rate_60dB.stdev": 0.31426966190338135, "lowlevel.spectral_centroid.mean": 1979.5369873046875, "lowlevel.spectral_centroid.stdev": 465.6986083984375, "lowlevel.spectral_complexity.mean": 28.466049194335938, "lowlevel.spectral_complexity.stdev": 11.540674209594727, "lowlevel.spectral_decrease.mean": -9.444767634647633e-09, "lowlevel.spectral_decrease.stdev": 8.14210476818289e-09, "lowlevel.spectral_energy.mean": 0.03838357701897621, "lowlevel.spectral_energy.stdev": 0.03151469677686691, "lowlevel.spectral_energyband_high.mean": 0.0019440676551312208, "lowlevel.spectral_energyband_high.stdev": 0.0014430395094677806, "lowlevel.spectral_energyband_low.mean": 0.01956860162317753, "lowlevel.spectral_energyband_low.stdev": 0.026225311681628227, "lowlevel.spectral_energyband_middle_high.mean": 0.0059042759239673615, "lowlevel.spectral_energyband_middle_high.stdev": 0.0037256362847983837, "lowlevel.spectral_energyband_middle_low.mean": 0.011900395154953003, "lowlevel.spectral_energyband_middle_low.stdev": 0.01784360036253929, "lowlevel.spectral_entropy.mean": 8.066481590270996, "lowlevel.spectral_entropy.stdev": 0.19673483073711395, "lowlevel.spectral_flux.mean": 0.1121295765042305, "lowlevel.spectral_flux.stdev": 0.07435277104377747, "lowlevel.spectral_kurtosis.mean": 2.8105483055114746, "lowlevel.spectral_kurtosis.stdev": 1.4593000411987305, "lowlevel.spectral_rms.mean": 0.0056000049225986, "lowlevel.spectral_rms.stdev": 0.00246725813485682, "lowlevel.spectral_rolloff.mean": 1997.736083984375, "lowlevel.spectral_rolloff.stdev": 1338.7060546875, "lowlevel.spectral_skewness.mean": 1.2527015209197998, "lowlevel.spectral_skewness.stdev": 0.23983187973499298, "lowlevel.spectral_spread.mean": 5386512.0, "lowlevel.spectral_spread.stdev": 1127840.375, "lowlevel.spectral_strongpeak.mean": 0.6998085975646973, "lowlevel.spectral_strongpeak.stdev": 0.9127901792526245, "lowlevel.zerocrossingrate.mean": 0.08389545977115631, "lowlevel.zerocrossingrate.stdev": 0.0288067813962698, "metadata.audio_properties.analysis.equal_loudness": 0.0, "metadata.audio_properties.analysis.length": 7.487981796264648, "metadata.audio_properties.analysis.sample_rate": 44100.0, "metadata.audio_properties.analysis.start_time": 0.0, "metadata.audio_properties.bit_rate": 122684.0, "metadata.audio_properties.length": 7.48799991607666, "metadata.audio_properties.lossless": 0.0, "metadata.audio_properties.number_channels": 1.0, "metadata.audio_properties.replay_gain": -11.31776237487793, "metadata.audio_properties.sample_rate": 48000.0, "rhythm.beats_count": 12.0, "rhythm.beats_loudness.mean": 0.04581581428647041, "rhythm.beats_loudness.stdev": 0.01941240392625332, "rhythm.bpm": 104.90145874023438, "rhythm.bpm_histogram_first_peak_bpm": 105.0, "rhythm.bpm_histogram_first_peak_weight": 0.45454543828964233, "rhythm.bpm_histogram_second_peak_bpm": 0.0, "rhythm.bpm_histogram_second_peak_spread": 0.0, "rhythm.bpm_histogram_second_peak_weight": 0.0, "rhythm.danceability": 0.9819152355194092, "rhythm.onset_rate": 2.799983024597168, "tonal.chords_changes_rate": 0.12269938737154007, "tonal.chords_number_rate": 0.042944785207509995, "tonal.chords_strength.mean": 0.5182561278343201, "tonal.chords_strength.stdev": 0.052524957805871964, "tonal.hpcp_crest.mean": 13.230355262756348, "tonal.hpcp_crest.stdev": 5.146939277648926, "tonal.hpcp_entropy.mean": 1.9559251070022583, "tonal.hpcp_entropy.stdev": 0.6241640448570251, "tonal.key_edma.strength": 0.6694982647895813, "tonal.key_krumhansl.strength": 0.6570959687232971, "tonal.key_temperley.strength": 0.6211150884628296, "tonal.tuning_diatonic_strength": 0.5850781202316284, "tonal.tuning_equal_tempered_deviation": 0.19733156263828278, "tonal.tuning_frequency": 443.8288879394531, "tonal.tuning_nontempered_energy_ratio": 0.9112610816955566, "lowlevel.barkbands.mean": [0.0005261307233013213, 0.01362373773008585, 0.004529300145804882, 0.002812665421515703, 0.005070243496447802, 0.00042127660708501935, 0.000270277465460822, 0.00030372824403457344, 0.002956366864964366, 0.0002963242004625499, 0.001057092216797173, 0.000601842300966382, 0.00046168704284355044, 0.0004192946362309158, 0.0003685323754325509, 0.001004182850010693, 0.0005900871474295855, 0.00044757057912647724, 0.0004867196548730135, 0.00040761101990938187, 0.00039956692489795387, 0.00045539153506979346, 0.000312422082060948, 0.0002492294297553599, 0.0001949711877387017, 0.0001058145280694589, 1.1541040294105187e-05], "lowlevel.barkbands.stdev": [0.0005058201495558023, 0.022134078666567802, 0.006026201415807009, 0.004142893012613058, 0.013067000545561314, 0.0007788999355398118, 0.0003861471195705235, 0.0006610944983549416, 0.004270294681191444, 0.00045235478319227695, 0.001950486097484827, 0.000756927125621587, 0.0005145980976521969, 0.0007936198962852359, 0.00029971051844768226, 0.0009458654094487429, 0.0004659429541788995, 0.0002922993153333664, 0.00032793503487482667, 0.00032144933356903493, 0.0003293916233815253, 0.00045482846326194704, 0.00027586714713834226, 0.00019580137450248003, 0.00016067265823949128, 0.00012846804747823626, 2.31982339755632e-05], "lowlevel.erbbands.mean": [0.3785857558250427, 3.0872628688812256, 5.414307117462158, 7.555248260498047, 21.064693450927734, 10.722721099853516, 3.297422170639038, 4.258277893066406, 3.636953115463257, 6.030137062072754, 9.468180656433105, 84.47180938720703, 21.36884307861328, 16.5223331451416, 46.82898712158203, 27.832883834838867, 22.868562698364258, 23.64462661743164, 19.78034782409668, 33.02260208129883, 46.66682434082031, 34.38529968261719, 26.773698806762695, 24.95979118347168, 22.813241958618164, 19.1290340423584, 16.786300659179688, 15.676074981689453, 17.490230560302734, 12.229958534240723, 8.32065200805664, 5.672513008117676, 3.8621604442596436, 2.537689208984375, 1.1888240575790405, 0.5503100752830505, 0.17649926245212555, 0.033089086413383484, 0.0013176895445212722, 7.637387898284942e-05], "lowlevel.erbbands.stdev": [0.5626800060272217, 5.31173849105835, 8.049327850341797, 8.393882751464844, 53.817012786865234, 25.110158920288086, 7.170839786529541, 7.695600986480713, 5.354386806488037, 9.153594970703125, 17.01125144958496, 123.25574493408203, 24.13458824157715, 25.4360294342041, 94.37495422363281, 35.397823333740234, 22.54978370666504, 42.21358108520508, 16.149744033813477, 29.280054092407227, 33.6252326965332, 25.3897647857666, 17.141420364379883, 17.86758041381836, 15.214337348937988, 14.614898681640625, 14.081210136413574, 13.678492546081543, 17.545272827148438, 12.440324783325195, 7.362216472625732, 4.646841526031494, 2.915463447570801, 1.9889272451400757, 1.0913951396942139, 0.5992236137390137, 0.23779341578483582, 0.053170185536146164, 0.0024216603487730026, 6.098055746406317e-05], "lowlevel.gfcc.mean": [43.38974380493164, 48.58168411254883, -115.59620666503906, 45.43687438964844, -44.82063674926758, 31.765478134155273, -29.156997680664062, 19.508804321289062, -25.651439666748047, 1.0168803930282593, -27.450075149536133, 0.9493484497070312, -16.019132614135742], "lowlevel.melbands.mean": [0.0036864003632217646, 0.003226333996281028, 0.0017577206017449498, 0.00126493105199188, 0.00013614898489322513, 8.908370364224538e-05, 5.4451338655781e-05, 6.778521492378786e-05, 8.214691479224712e-05, 0.0005590151413343847, 8.311428246088326e-05, 5.7288274547318e-05, 0.00013789496733807027, 9.460737783228979e-05, 4.899781197309494e-05, 5.3470441343961284e-05, 4.334377445047721e-05, 3.1019771995488554e-05, 2.5630959498812445e-05, 7.473234290955588e-05, 4.764546611113474e-05, 3.562214260455221e-05, 2.9224738682387397e-05, 1.9767427147598937e-05, 2.0351357306935824e-05, 1.7367929103784263e-05, 1.4691819160361774e-05, 1.2314925697864965e-05, 1.0571715392870829e-05, 9.723018592922017e-06, 8.803446689853445e-06, 1.0338691936340183e-05, 8.161572623066604e-06, 6.377046702255029e-06, 4.9617701733950526e-06, 3.833763003058266e-06, 3.4313702599320095e-06, 2.8245951853023143e-06, 2.338454351047403e-06, 2.0590107396856183e-06], "lowlevel.melbands.stdev": [0.005733155179768801, 0.004856483545154333, 0.002635699464008212, 0.0032312374096363783, 0.0002907949674408883, 0.0001572676992509514, 7.984611147549003e-05, 0.0001210126793012023, 0.00019772459927480668, 0.000821045832708478, 9.293507901020348e-05, 9.656172915128991e-05, 0.00026799962506629527, 0.00013598611985798925, 4.767593418364413e-05, 6.46775370114483e-05, 9.420296555617824e-05, 2.7764010155806318e-05, 2.099734228977468e-05, 8.870627789292485e-05, 3.057923095184378e-05, 2.8268765163375065e-05, 2.198510992457159e-05, 1.3766074516752269e-05, 1.566032187838573e-05, 1.204435193358222e-05, 1.1042972801078577e-05, 9.86250688583823e-06, 1.0228945029666647e-05, 7.566326530650258e-06, 8.163167876773514e-06, 1.0539065442571882e-05, 9.435887477593496e-06, 6.245898930501426e-06, 4.612090378941502e-06, 3.36460220751178e-06, 2.920628730862518e-06, 2.189745146097266e-06, 1.8352436654822668e-06, 1.6584012882958632e-06], "lowlevel.melbands128.mean": [0.0003019010182470083, 0.002562351291999221, 0.005671695340424776, 0.00485961651429534, 0.003065845463424921, 0.0021414782386273146, 0.0013379812007769942, 0.0015755187487229705, 0.002549460157752037, 0.0014626834308728576, 0.0003374154039192945, 0.00015455266111530364, 9.110223618336022e-05, 8.052525663515553e-05, 0.00012734900519717485, 6.294446211541072e-05, 5.6926292018033564e-05, 5.185219561099075e-05, 5.493083517649211e-05, 6.769854371668771e-05, 8.319481275975704e-05, 4.051251016790047e-05, 5.2803847211180255e-05, 0.00012204790255054832, 0.0006553919520229101, 0.0008498016395606101, 4.0507591620553285e-05, 3.596841634134762e-05, 4.93513944093138e-05, 4.38185925304424e-05, 7.22475815564394e-05, 6.401278369594365e-05, 0.00011246230860706419, 0.00027113573742099106, 5.490062176249921e-05, 7.492850272683427e-05, 8.182901365216821e-05, 4.4815529690822586e-05, 2.8206308343214914e-05, 5.568646884057671e-05, 7.353360706474632e-05, 2.0258705262676813e-05, 4.757623537443578e-05, 5.658028385369107e-05, 2.5716086383908987e-05, 3.155831291223876e-05, 3.0335597330122255e-05, 2.073580435535405e-05, 2.8772828954970464e-05, 2.613637479953468e-05, 0.00011991576320724562, 7.50062390579842e-05, 4.500096110859886e-05, 4.217934838379733e-05, 3.0837276426609606e-05, 3.745675348909572e-05, 3.603245932026766e-05, 3.175723759341054e-05, 2.6869553039432503e-05, 2.576535007392522e-05, 1.69904906215379e-05, 1.6025333025027066e-05, 2.3062142645358108e-05, 2.126749859598931e-05, 1.777245597622823e-05, 1.678852095210459e-05, 1.780684215191286e-05, 1.5395662558148615e-05, 1.4535533409798518e-05, 1.3117520211380906e-05, 1.170743053080514e-05, 1.245299426955171e-05, 1.147711827798048e-05, 1.0281483810103964e-05, 9.189860975311603e-06, 1.0622795343806501e-05, 9.52801747189369e-06, 8.410364898736589e-06, 8.95481207408011e-06, 8.145483661792241e-06, 1.1525910849741194e-05, 1.0479983757250011e-05, 9.831070201471448e-06, 7.977569111972116e-06, 6.76765330354101e-06, 6.5457497839815915e-06, 6.281331025093095e-06, 5.905958460061811e-06, 4.769795850734226e-06, 4.467643975658575e-06, 4.1963858166127466e-06, 3.7746540328953415e-06, 3.073426569244475e-06, 3.141785555271781e-06, 4.162945060670609e-06, 2.9756463391095167e-06, 2.5422500584681984e-06, 2.4403907445957884e-06, 2.2933566015126416e-06, 2.2644617274636403e-06, 2.461518533891649e-06, 1.9194917513232213e-06, 1.8218079276266508e-06, 1.4515169368678471e-06, 1.3281203337101033e-06, 1.1113235132143018e-06, 1.092787442757981e-06, 1.1026071433661855e-06, 9.313876034866553e-07, 8.578615506849019e-07, 7.80831783231406e-07, 6.490959663096874e-07, 5.444354087558168e-07, 4.3663681026373524e-07, 3.287645427008101e-07, 2.813145840718789e-07, 2.452220826398843e-07, 2.2864966808811005e-07, 4.663418806671871e-08, 1.3030527767909916e-09, 1.221328815859124e-09, 1.1622468265581887e-10, 5.660583980715561e-12, 5.2399070325781505e-12, 5.051734204564173e-12, 4.8366792342047216e-12, 4.687331252306581e-12, 4.62047717794678e-12], "lowlevel.melbands128.stdev": [0.0004205792210996151, 0.003759939456358552, 0.009345697239041328, 0.009022753685712814, 0.005333550740033388, 0.002613658783957362, 0.0016274108784273267, 0.002796040615066886, 0.006990083493292332, 0.003992520738393068, 0.0007685769232921302, 0.0003636653127614409, 0.0002439414820400998, 0.00017828670388553292, 0.0002547648618929088, 0.00011381300282664597, 0.00010413672134745866, 8.981769497040659e-05, 0.00010116429621120915, 9.853280789684504e-05, 0.00020663408213295043, 0.00014157513214740902, 0.00015503168106079102, 0.0005343365482985973, 0.000978096853941679, 0.0013276496902108192, 5.26353032910265e-05, 6.532300176331773e-05, 9.540042810840532e-05, 7.372159598162398e-05, 0.00017645095067564398, 0.00015526707284152508, 0.00026545507716946304, 0.000631555391009897, 0.0001090187652152963, 0.00013307972403708845, 0.00014384962560143322, 4.35943620686885e-05, 4.4385833462001756e-05, 6.862118607386947e-05, 0.00010742709127953276, 1.987859286600724e-05, 0.00012547442747745663, 0.00014472883776761591, 3.207372719771229e-05, 3.6613637348636985e-05, 3.180170097039081e-05, 2.0635769033106044e-05, 3.881076554534957e-05, 2.3889275325927883e-05, 0.0001807469961931929, 8.748346590436995e-05, 4.639297549147159e-05, 3.952731640310958e-05, 2.8419544833013788e-05, 4.148200969211757e-05, 4.1743180190678686e-05, 3.6582026950782165e-05, 2.1384017600212246e-05, 2.204138036177028e-05, 1.8043254385702312e-05, 1.3851688891008962e-05, 2.308505827386398e-05, 2.0594705347320996e-05, 1.6350397345377132e-05, 1.5240869288390968e-05, 1.4282048141467385e-05, 1.4257137081585824e-05, 1.3085109458188526e-05, 1.2111292562622111e-05, 1.105140290746931e-05, 1.0611633115331642e-05, 1.4681114407721907e-05, 1.201301802211674e-05, 7.480841759388568e-06, 8.903099114832003e-06, 8.947653441282455e-06, 1.0188779924646951e-05, 9.139594112639315e-06, 7.950872713990975e-06, 1.3776840205537155e-05, 1.2605562005774118e-05, 1.1648504369077273e-05, 1.0662137356121093e-05, 8.148020242515486e-06, 8.129509296850301e-06, 6.163146736071212e-06, 6.709933131787693e-06, 4.89642434331472e-06, 4.199926024739398e-06, 4.342134161561262e-06, 3.5579198538471246e-06, 3.3377500585629605e-06, 2.9319342047529062e-06, 4.026429451187141e-06, 2.6799905299412785e-06, 2.191738076362526e-06, 2.1641521925630514e-06, 2.0450502233870793e-06, 2.001906523219077e-06, 2.1859575554117328e-06, 1.5704101770097623e-06, 1.8038903135675355e-06, 1.5176942724792752e-06, 1.4237231198421796e-06, 1.0792177818075288e-06, 1.1456991160230245e-06, 1.1690664223351632e-06, 1.078206992133346e-06, 1.2026356444039266e-06, 1.1002339306287467e-06, 9.281490633838985e-07, 7.607256407027307e-07, 7.060618827381404e-07, 4.98884446642478e-07, 4.397515169785038e-07, 4.590430364714848e-07, 4.865295295530814e-07, 1.4249107493924384e-07, 1.4061269482112948e-08, 1.5045502621546802e-08, 1.0565388564032219e-09, 1.106928611271929e-11, 9.576494111596112e-12, 8.796810502254004e-12, 8.050298275219525e-12, 7.623666455069955e-12, 7.466184788473829e-12], "lowlevel.mfcc.mean": [-599.4348754882812, 78.26191711425781, -4.137622833251953, 24.209192276000977, 12.440625190734863, 15.700468063354492, 10.271764755249023, 16.2646541595459, 10.925896644592285, 3.616140365600586, -0.3588794767856598, 0.8540682196617126, -1.1219156980514526], "lowlevel.spectral_contrast_coeffs.mean": [-0.7093105912208557, -0.7562417387962341, -0.7566805481910706, -0.7873294353485107, -0.8098928332328796, -0.7541829943656921], "lowlevel.spectral_contrast_coeffs.stdev": [0.06777903437614441, 0.06855621933937073, 0.04765443131327629, 0.038459718227386475, 0.020397916436195374, 0.03733178228139877], "lowlevel.spectral_contrast_valleys.mean": [-6.737833023071289, -7.097249507904053, -7.135385990142822, -7.080967426300049, -6.7657928466796875, -9.304154396057129], "lowlevel.spectral_contrast_valleys.stdev": [1.259521722793579, 0.8579192161560059, 0.6422008275985718, 0.559759259223938, 0.6274518370628357, 0.9477473497390747], "rhythm.beats_loudness_band_ratio.mean": [0.6255657076835632, 0.17625443637371063, 0.06336234509944916, 0.10114622861146927, 0.08352142572402954, 0.06754463165998459], "rhythm.beats_loudness_band_ratio.stdev": [0.21868710219860077, 0.1630210131406784, 0.043912336230278015, 0.11318787932395935, 0.07309582084417343, 0.03849796578288078], "tonal.hpcp.mean": [0.11432172358036041, 0.11086422950029373, 0.22130896151065826, 0.25901883840560913, 0.15764246881008148, 0.09027750790119171, 0.06880823522806168, 0.10258034616708755, 0.22375492751598358, 0.21170294284820557, 0.11653392016887665, 0.18344467878341675, 0.20059175789356232, 0.12967726588249207, 0.08378900587558746, 0.04941115528345108, 0.08147746324539185, 0.09853503108024597, 0.054109252989292145, 0.04212626814842224, 0.04873571917414665, 0.060656946152448654, 0.1065487340092659, 0.39203912019729614, 0.36786237359046936, 0.06667912006378174, 0.03406018391251564, 0.0455610491335392, 0.08149975538253784, 0.13021470606327057, 0.13958323001861572, 0.09841939061880112, 0.08984416723251343, 0.09075958281755447, 0.07833636552095413, 0.10684025287628174], "tonal.hpcp.stdev": [0.23502816259860992, 0.23503859341144562, 0.3076842427253723, 0.344741553068161, 0.250404417514801, 0.217841237783432, 0.17269106209278107, 0.21388903260231018, 0.2652003765106201, 0.25743791460990906, 0.21437811851501465, 0.2949827015399933, 0.31867220997810364, 0.21872659027576447, 0.14049132168293, 0.09569428116083145, 0.1845892369747162, 0.2140032947063446, 0.13881446421146393, 0.11409889906644821, 0.08915571123361588, 0.15287375450134277, 0.17282766103744507, 0.34409064054489136, 0.3374861478805542, 0.1247929185628891, 0.10088825225830078, 0.1470104604959488, 0.2038348764181137, 0.24719610810279846, 0.249250128865242, 0.22596193850040436, 0.17824307084083557, 0.18948936462402344, 0.15668544173240662, 0.21232599020004272], "rhythm.beats_position": [0.5572788715362549, 1.1377778053283691, 1.7066665887832642, 2.2755556106567383, 2.8560543060302734, 3.424943208694458, 4.005442142486572, 4.574330806732178, 5.143219947814941, 5.712108612060547, 6.269387722015381, 6.849886417388916], "rhythm.bpm_histogram": [0.0, 0.0, 0.0, 0.0, 0.0, 0.0, 0.0, 0.0, 0.0, 0.0, 0.0, 0.0, 0.0, 0.0, 0.0, 0.0, 0.0, 0.0, 0.0, 0.0, 0.0, 0.0, 0.0, 0.0, 0.0, 0.0, 0.0, 0.0, 0.0, 0.0, 0.0, 0.0, 0.0, 0.0, 0.0, 0.0, 0.0, 0.0, 0.0, 0.0, 0.0, 0.0, 0.0, 0.0, 0.0, 0.0, 0.0, 0.0, 0.0, 0.0, 0.0, 0.0, 0.0, 0.0, 0.0, 0.0, 0.0, 0.0, 0.0, 0.0, 0.0, 0.0, 0.0, 0.0, 0.0, 0.0, 0.0, 0.0, 0.0, 0.0, 0.0, 0.0, 0.0, 0.0, 0.0, 0.0, 0.0, 0.0, 0.0, 0.0, 0.0, 0.0, 0.0, 0.0, 0.0, 0.0, 0.0, 0.0, 0.0, 0.0, 0.0, 0.0, 0.0, 0.0, 0.0, 0.0, 0.0, 0.0, 0.0, 0.0, 0.0, 0.0, 0.0, 0.3636363744735718, 0.0, 0.5454545617103577, 0.0, 0.0, 0.09090909361839294, 0.0, 0.0, 0.0, 0.0, 0.0, 0.0, 0.0, 0.0, 0.0, 0.0, 0.0, 0.0, 0.0, 0.0, 0.0, 0.0, 0.0, 0.0, 0.0, 0.0, 0.0, 0.0, 0.0, 0.0, 0.0, 0.0, 0.0, 0.0, 0.0, 0.0, 0.0, 0.0, 0.0, 0.0, 0.0, 0.0, 0.0, 0.0, 0.0, 0.0, 0.0, 0.0, 0.0, 0.0, 0.0, 0.0, 0.0, 0.0, 0.0, 0.0, 0.0, 0.0, 0.0, 0.0, 0.0, 0.0, 0.0, 0.0, 0.0, 0.0, 0.0, 0.0, 0.0, 0.0, 0.0, 0.0, 0.0, 0.0, 0.0, 0.0, 0.0, 0.0, 0.0, 0.0, 0.0, 0.0, 0.0, 0.0, 0.0, 0.0, 0.0, 0.0, 0.0, 0.0, 0.0, 0.0, 0.0, 0.0, 0.0, 0.0, 0.0, 0.0, 0.0, 0.0, 0.0, 0.0, 0.0, 0.0, 0.0, 0.0, 0.0, 0.0, 0.0, 0.0, 0.0, 0.0, 0.0, 0.0, 0.0, 0.0, 0.0, 0.0, 0.0, 0.0, 0.0, 0.0, 0.0, 0.0, 0.0, 0.0, 0.0, 0.0, 0.0, 0.0, 0.0, 0.0, 0.0, 0.0, 0.0, 0.0, 0.0, 0.0, 0.0, 0.0, 0.0, 0.0, 0.0, 0.0, 0.0, 0.0, 0.0], "tonal.chords_histogram": [33.742332458496094, 0.0, 0.0, 0.0, 0.0, 0.0, 4.294478416442871, 7.975460052490234, 0.0, 15.950920104980469, 12.269938468933105, 18.4049072265625, 0.0, 0.0, 0.0, 0.0, 0.0, 7.361963272094727, 0.0, 0.0, 0.0, 0.0, 0.0, 0.0], "tonal.thpcp": [1.0, 0.9383307695388794, 0.17008282244205475, 0.08687955141067505, 0.11621557176113129, 0.20788680016994476, 0.3321472108364105, 0.35604414343833923, 0.2510448098182678, 0.22917144000530243, 0.23150643706321716, 0.1998177319765091, 0.27252447605133057, 0.29160794615745544, 0.2827886939048767, 0.5645073652267456, 0.6606963872909546, 0.4021090269088745, 0.23027677834033966, 0.17551369965076447, 0.2616584300994873, 0.5707464218139648, 0.5400046110153198, 0.29725074768066406, 0.46792441606521606, 0.5116626024246216, 0.3307763338088989, 0.21372613310813904, 0.12603628635406494, 0.20782993733882904, 0.25133979320526123, 0.13802003860473633, 0.10745424777269363, 0.12431340664625168, 0.15472166240215302, 0.2717808783054352], "lowlevel.gfcc.cov": [[5763.28662109375, 505.3221740722656, 1718.1494140625, 902.8199462890625, 189.06130981445312, 614.04248046875, 260.8606262207031, 412.08575439453125, 290.06805419921875, 56.31409454345703, -14.088871955871582, 118.80305480957031, 89.1729507446289], [505.3221740722656, 382.3663330078125, 42.39937973022461, 149.2651824951172, -68.44290924072266, -20.36332130432129, 26.979284286499023, 29.574155807495117, 58.401466369628906, -35.336944580078125, -3.318875312805176, -58.489540100097656, 44.78460693359375], [1718.1494140625, 42.39937973022461, 831.611572265625, 346.2342834472656, 149.3855743408203, 257.4587707519531, 108.31415557861328, 170.00523376464844, 115.41241455078125, 35.58098602294922, -7.791996955871582, 62.76487350463867, 34.391456604003906], [902.8199462890625, 149.2651824951172, 346.2342834472656, 307.5663146972656, 38.441444396972656, 121.58037567138672, 63.238826751708984, 78.45094299316406, 75.91094207763672, -1.0245426893234253, 13.0738525390625, 10.798855781555176, 40.51803207397461], [189.06130981445312, -68.44290924072266, 149.3855743408203, 38.441444396972656, 222.98858642578125, 140.42044067382812, 89.49589538574219, 67.0450668334961, 49.5527458190918, 54.72523880004883, 41.20657730102539, 52.04799270629883, -2.0697436332702637], [614.04248046875, -20.36332130432129, 257.4587707519531, 121.58037567138672, 140.42044067382812, 202.51319885253906, 105.65509796142578, 103.79998016357422, 62.86937713623047, 43.38252639770508, 34.09360122680664, 49.08062744140625, 8.444082260131836], [260.8606262207031, 26.979284286499023, 108.31415557861328, 63.238826751708984, 89.49589538574219, 105.65509796142578, 114.77664184570312, 100.5899658203125, 68.73054504394531, 15.292143821716309, 3.4047696590423584, 10.93060302734375, 14.05909538269043], [412.08575439453125, 29.574155807495117, 170.00523376464844, 78.45094299316406, 67.0450668334961, 103.79998016357422, 100.5899658203125, 170.6200714111328, 114.13946533203125, 11.333873748779297, -35.8524284362793, -10.148483276367188, 21.97713851928711], [290.06805419921875, 58.401466369628906, 115.41241455078125, 75.91094207763672, 49.5527458190918, 62.86937713623047, 68.73054504394531, 114.13946533203125, 117.286865234375, 26.346359252929688, -16.835296630859375, -12.087182998657227, 20.504058837890625], [56.31409454345703, -35.336944580078125, 35.58098602294922, -1.0245426893234253, 54.72523880004883, 43.38252639770508, 15.292143821716309, 11.333873748779297, 26.346359252929688, 66.22456359863281, 48.0583381652832, 30.39487075805664, -5.946263790130615], [-14.088871955871582, -3.318875312805176, -7.791996955871582, 13.0738525390625, 41.20657730102539, 34.09360122680664, 3.4047696590423584, -35.8524284362793, -16.835296630859375, 48.0583381652832, 92.00885772705078, 53.791160583496094, -2.5327816009521484], [118.80305480957031, -58.489540100097656, 62.76487350463867, 10.798855781555176, 52.04799270629883, 49.08062744140625, 10.93060302734375, -10.148483276367188, -12.087182998657227, 30.39487075805664, 53.791160583496094, 74.5042953491211, 10.510498046875], [89.1729507446289, 44.78460693359375, 34.391456604003906, 40.51803207397461, -2.0697436332702637, 8.444082260131836, 14.05909538269043, 21.97713851928711, 20.504058837890625, -5.946263790130615, -2.5327816009521484, 10.510498046875, 42.34812545776367]], "lowlevel.gfcc.icov": [[0.0008890496101230383, -0.0018258927157148719, -0.000911390408873558, -0.0007185225840657949, 0.0007973500178195536, -0.0015404453733935952, 0.0007374052074737847, -0.0007853529532440007, 0.0010371586540713906, -0.001918663503602147, 0.0032479281071573496, -0.0034513925202190876, 0.002274662721902132], [-0.0018258927157148719, 0.010524925775825977, 0.0009691329905763268, 0.0005331944557838142, -0.00031726720044389367, 0.004216210916638374, -0.0036969592329114676, 0.0040186066180467606, -0.006984595209360123, 0.010341858491301537, -0.01640891283750534, 0.016806768253445625, -0.010616013780236244], [-0.000911390408873558, 0.0009691329905763268, 0.005270443391054869, -0.003677372122183442, -0.001483698608353734, -0.0006368916365318, 0.0016466884408146143, -0.0015980202006176114, 0.0012816074304282665, -0.0022741537541151047, 0.003959657624363899, -0.0024728744756430387, 0.0003803251020144671], [-0.0007185225840657949, 0.0005331944557838142, -0.003677372122183442, 0.012494630180299282, 0.0009515230194665492, -0.0035545527935028076, 8.665436325827613e-05, 0.005319653078913689, -0.00872659683227539, 0.011142776347696781, -0.01212656032294035, 0.00905447918921709, -0.0072359973564744], [0.0007973500178195536, -0.00031726720044389367, -0.001483698608353734, 0.0009515230194665492, 0.011314182542264462, -0.005855507217347622, -0.004870433825999498, 0.002770519582554698, -0.0023439570795744658, -0.0032512445468455553, 0.002065379871055484, -0.0042916457168757915, 0.002717791125178337], [-0.0015404453733935952, 0.004216210916638374, -0.0006368916365318, -0.0035545527935028076, -0.005855507217347622, 0.026109052821993828, -0.011656512506306171, -0.007254702504724264, 0.0065253437496721745, -0.0022583077661693096, -0.007901331409811974, 0.0020612291991710663, 0.00038494382170028985], [0.0007374052074737847, -0.0036969592329114676, 0.0016466884408146143, 8.665436325827613e-05, -0.004870433825999498, -0.011656512506306171, 0.032467808574438095, -0.012270620092749596, -0.00262159644626081, 0.0063255601562559605, -0.0013068020343780518, -0.0030998997390270233, 0.00146072031930089], [-0.0007853529532440007, 0.0040186066180467606, -0.0015980202006176114, 0.005319653078913689, 0.002770519582554698, -0.007254702504724264, -0.012270620092749596, 0.03540010377764702, -0.02651587873697281, 0.009053966030478477, 0.0013146869605407119, 0.006421786732971668, -0.006509252358227968], [0.0010371586540713906, -0.006984595209360123, 0.0012816074304282665, -0.00872659683227539, -0.0023439570795744658, 0.0065253437496721745, -0.00262159644626081, -0.02651587873697281, 0.048230960965156555, -0.033057838678359985, 0.01869295723736286, -0.005039578769356012, 0.00010118811042048037], [-0.001918663503602147, 0.010341858491301537, -0.0022741537541151047, 0.011142776347696781, -0.0032512445468455553, -0.0022583077661693096, 0.0063255601562559605, 0.009053966030478477, -0.033057838678359985, 0.06208130717277527, -0.04542894288897514, 0.01832408457994461, -0.004760352894663811], [0.0032479281071573496, -0.01640891283750534, 0.003959657624363899, -0.01212656032294035, 0.002065379871055484, -0.007901331409811974, -0.0013068020343780518, 0.0013146869605407119, 0.01869295723736286, -0.04542894288897514, 0.07153049111366272, -0.04857971891760826, 0.021234311163425446], [-0.0034513925202190876, 0.016806768253445625, -0.0024728744756430387, 0.00905447918921709, -0.0042916457168757915, 0.0020612291991710663, -0.0030998997390270233, 0.006421786732971668, -0.005039578769356012, 0.01832408457994461, -0.04857971891760826, 0.0675421878695488, -0.03474128618836403], [0.002274662721902132, -0.010616013780236244, 0.0003803251020144671, -0.0072359973564744, 0.002717791125178337, 0.00038494382170028985, 0.00146072031930089, -0.006509252358227968, 0.00010118811042048037, -0.004760352894663811, 0.021234311163425446, -0.03474128618836403, 0.04878954961895943]], "lowlevel.mfcc.cov": [[4969.6494140625, 209.84701538085938, 1429.469482421875, 525.4237670898438, 387.7891845703125, 314.0924987792969, 168.551513671875, 401.55010986328125, 292.8702392578125, 267.9588623046875, 243.3458251953125, -33.692726135253906, 55.90306854248047], [209.84701538085938, 192.83912658691406, -1.5584837198257446, 38.386070251464844, -22.61011505126953, -22.188182830810547, -14.591218948364258, -1.8264753818511963, 16.090450286865234, 26.291568756103516, 6.966911792755127, -11.567647933959961, -18.588651657104492], [1429.469482421875, -1.5584837198257446, 687.556396484375, 214.04617309570312, 175.21478271484375, 109.77376556396484, 56.217166900634766, 151.60214233398438, 113.96920776367188, 109.21553039550781, 94.649169921875, -36.69916534423828, -6.152481555938721], [525.4237670898438, 38.386070251464844, 214.04617309570312, 159.76925659179688, 64.24542999267578, 41.49522399902344, 8.005329132080078, 53.620059967041016, 43.766448974609375, 47.1989860534668, 30.528732299804688, -17.052963256835938, -14.973690032958984], [387.7891845703125, -22.61011505126953, 175.21478271484375, 64.24542999267578, 159.19322204589844, 93.19261932373047, 67.50504302978516, 73.6463851928711, 57.976688385009766, 45.336246490478516, 51.2304573059082, 38.999473571777344, 41.24342346191406], [314.0924987792969, -22.188182830810547, 109.77376556396484, 41.49522399902344, 93.19261932373047, 116.9073257446289, 72.23712158203125, 43.67991256713867, 7.986086845397949, 12.931968688964844, 33.077693939208984, 37.935508728027344, 47.23136901855469], [168.551513671875, -14.591218948364258, 56.217166900634766, 8.005329132080078, 67.50504302978516, 72.23712158203125, 93.31170654296875, 57.15374755859375, 23.662513732910156, 15.614128112792969, 26.98931884765625, 35.06748580932617, 38.291866302490234], [401.55010986328125, -1.8264753818511963, 151.60214233398438, 53.620059967041016, 73.6463851928711, 43.67991256713867, 57.15374755859375, 133.9447021484375, 109.01517486572266, 75.79512786865234, 41.120399475097656, 6.734261512756348, 11.326751708984375], [292.8702392578125, 16.090450286865234, 113.96920776367188, 43.766448974609375, 57.976688385009766, 7.986086845397949, 23.662513732910156, 109.01517486572266, 158.72503662109375, 101.32566833496094, 46.63740158081055, -1.3564149141311646, -10.804277420043945], [267.9588623046875, 26.291568756103516, 109.21553039550781, 47.1989860534668, 45.336246490478516, 12.931968688964844, 15.614128112792969, 75.79512786865234, 101.32566833496094, 103.89697265625, 50.467124938964844, 4.320974826812744, -7.054641246795654], [243.3458251953125, 6.966911792755127, 94.649169921875, 30.528732299804688, 51.2304573059082, 33.077693939208984, 26.98931884765625, 41.120399475097656, 46.63740158081055, 50.467124938964844, 60.99251937866211, 27.49285888671875, 14.389093399047852], [-33.692726135253906, -11.567647933959961, -36.69916534423828, -17.052963256835938, 38.999473571777344, 37.935508728027344, 35.06748580932617, 6.734261512756348, -1.3564149141311646, 4.320974826812744, 27.49285888671875, 70.64553833007812, 50.102970123291016], [55.90306854248047, -18.588651657104492, -6.152481555938721, -14.973690032958984, 41.24342346191406, 47.23136901855469, 38.291866302490234, 11.326751708984375, -10.804277420043945, -7.054641246795654, 14.389093399047852, 50.102970123291016, 81.01307678222656]], "lowlevel.mfcc.icov": [[0.0006738767260685563, -0.0007970028091222048, -0.0011483653215691447, -0.00026947748847305775, 0.0004944660468026996, -0.0008805915131233633, 0.00046814026427455246, -0.0007603662670589983, -0.00019903236534446478, 0.0006124053034000099, -0.0006162840290926397, 0.00022059080947656184, -0.0006383828003890812], [-0.0007970028091222048, 0.007249048911035061, 0.0019456627778708935, -0.0025391203816980124, 0.0008460509707219899, 0.002422324614599347, -0.0021575556602329016, 0.002491127699613571, 0.00011644936603261158, -0.0029502827674150467, 3.9099115383578464e-05, 0.0001837430172599852, 0.0003583199577406049], [-0.0011483653215691447, 0.0019456627778708935, 0.006307318806648254, -0.0024530920200049877, -0.0032018094789236784, 0.0007128199795261025, 7.360443123616278e-05, -0.0011986434692516923, 0.0018597571179270744, -0.0007117288187146187, -0.0045492337085306644, 0.005718344356864691, 6.922681495780125e-05], [-0.00026947748847305775, -0.0025391203816980124, -0.0024530920200049877, 0.013937708921730518, -0.002675339812412858, -0.004263995215296745, 0.00508245499804616, -0.0025479174219071865, 0.0019377365242689848, -0.0020253020338714123, 0.001548778498545289, 6.433262024074793e-05, 0.003562250407412648], [0.0004944660468026996, 0.0008460509707219899, -0.0032018094789236784, -0.002675339812412858, 0.01883706822991371, -0.008254001848399639, -0.002119044540449977, 0.0008188096689991653, -0.005642834585160017, 0.00164270238019526, -0.0008519895491190255, -0.005509816110134125, -0.0018259302014485002], [-0.0008805915131233633, 0.002422324614599347, 0.0007128199795261025, -0.004263995215296745, -0.008254001848399639, 0.029254671186208725, -0.014673927798867226, 0.0021101252641528845, 0.005156389437615871, -0.0013987611746415496, -0.0008350569987669587, -0.0011534838704392314, -0.004355818964540958], [0.00046814026427455246, -0.0021575556602329016, 7.360443123616278e-05, 0.00508245499804616, -0.002119044540449977, -0.014673927798867226, 0.03169456869363785, -0.01511339470744133, 0.0029115641955286264, 0.004825535695999861, -0.0031635351479053497, -0.003355966182425618, 0.0003388503973837942], [-0.0007603662670589983, 0.002491127699613571, -0.0011986434692516923, -0.0025479174219071865, 0.0008188096689991653, 0.0021101252641528845, -0.01511339470744133, 0.031618632376194, -0.015362047590315342, -0.00589394336566329, 0.0060600885190069675, 0.0015250585274770856, -0.0029714759439229965], [-0.00019903236534446478, 0.00011644936603261158, 0.0018597571179270744, 0.0019377365242689848, -0.005642834585160017, 0.005156389437615871, 0.0029115641955286264, -0.015362047590315342, 0.02722618170082569, -0.015427357517182827, -0.0016107946867123246, 0.0019026468507945538, 0.0026986021548509598], [0.0006124053034000099, -0.0029502827674150467, -0.0007117288187146187, -0.0020253020338714123, 0.00164270238019526, -0.0013987611746415496, 0.004825535695999861, -0.00589394336566329, -0.015427357517182827, 0.0377308651804924, -0.018885966390371323, 0.0010482660727575421, 0.0009287378052249551], [-0.0006162840290926397, 3.9099115383578464e-05, -0.0045492337085306644, 0.001548778498545289, -0.0008519895491190255, -0.0008350569987669587, -0.0031635351479053497, 0.0060600885190069675, -0.0016107946867123246, -0.018885966390371323, 0.049162764102220535, -0.021804416552186012, 0.00483722472563386], [0.00022059080947656184, 0.0001837430172599852, 0.005718344356864691, 6.433262024074793e-05, -0.005509816110134125, -0.0011534838704392314, -0.003355966182425618, 0.0015250585274770856, 0.0019026468507945538, 0.0010482660727575421, -0.021804416552186012, 0.04319041594862938, -0.017306895926594734], [-0.0006383828003890812, 0.0003583199577406049, 6.922681495780125e-05, 0.003562250407412648, -0.0018259302014485002, -0.004355818964540958, 0.0003388503973837942, -0.0029714759439229965, 0.0026986021548509598, 0.0009287378052249551, 0.00483722472563386, -0.017306895926594734, 0.027539590373635292]], "metadata.audio_properties.analysis.downmix": "mix", "metadata.audio_properties.codec": "mp3", "metadata.audio_properties.md5_encoded": "2ffe0319a3b3b93fe1567053b1154b80", "metadata.tags.file_name": "1183708577051979796.mp3", "metadata.version.essentia": "2.1-beta6-dev", "metadata.version.essentia_git_sha": "v2.1_beta5-1110-g77a6a954", "metadata.version.extractor": "music 2.0", "tonal.chords_key": "Bb", "tonal.chords_scale": "minor", "tonal.key_edma.key": "Bb", "tonal.key_edma.scale": "minor", "tonal.key_krumhansl.key": "Bb", "tonal.key_krumhansl.scale": "minor", "tonal.key_temperley.key": "Bb", "tonal.key_temperley.scale": "minor", "metadata.tags.encoding": ["Lavf58.45.100"]}, "essentia_models": [{"model_name": "genre_dortmund", "activations": {"alternative": "0.018533442", "blues": "0.00012027634", "electronic": "0.00050526013", "folkcountry": "0.00020375065", "funksoulrnb": "0.00028078043", "jazz": "0.0008777978", "pop": "0.0009856815", "raphiphop": "3.6664947e-05", "rock": "0.9709289"}}, {"model_name": "genre_rosamerica", "activations": {"classic": "0.0001274875", "dance": "1.02469985e-05", "hip hop": "4.724621e-05", "jazz": "0.0005902869", "pop": "0.0019606554", "rhythm and blues": "0.00035002455", "rock": "0.99884665", "speech": "4.6040077e-06"}}, {"model_name": "genre_tzanetakis", "activations": {"blues": "4.362001e-06", "classic": "7.970933e-08", "country": "0.00020484382", "disco": "7.1165516e-05", "hip hop": "7.8914454e-05", "jazz": "1.5355627e-05", "metal": "0.99719775", "pop": "0.0007457556", "reggae": "4.1889492e-05", "rock": "0.013102027"}}, {"model_name": "genre_electronic", "activations": {"ambient": "0.3462317", "dnb": "0.77387583", "house": "0.1650207", "techno": "0.18917736", "trance": "0.10767682"}}, {"model_name": "mood_acoustic", "activations": {"acoustic": "6.052659e-05", "not acoustic": "0.9908767"}}, {"model_name": "mood_electronic", "activations": {"electronic": "0.10089427", "not electronic": "0.8040041"}}, {"model_name": "mood_a