{"song_id": "1183702428160380968", "download": "https://cdn.discordapp.com/attachments/1135911532732108921/1183702428160380968/chirp.mp4?ex=65894bcb&amp", "lyrics": "[Verse]\nSmokin' blunts on the block, Gangster rap never stops\n2Pac vibes, I'm the king on the top\nLiving life in a struggle, gotta hustle everyday\nI'm the voice of the streets, let my words convey\n\n[Chorus]\nLofi DnB flow, takin' you real low\nGangster rap lyrics, filled with stories untold\nLaid-back beats, keepin' it smooth and slow\nThis is how we roll, in the world we call home", "style": ["Lofi dnb rap"], "essentia_features": {"lowlevel.average_loudness": 0.8610362410545349, "lowlevel.barkbands_crest.mean": 15.07176685333252, "lowlevel.barkbands_crest.stdev": 4.133650779724121, "lowlevel.barkbands_flatness_db.mean": 0.3448638319969177, "lowlevel.barkbands_flatness_db.stdev": 0.10769528895616531, "lowlevel.barkbands_kurtosis.mean": 75.11734008789062, "lowlevel.barkbands_kurtosis.stdev": 90.24911499023438, "lowlevel.barkbands_skewness.mean": 5.423752784729004, "lowlevel.barkbands_skewness.stdev": 3.4647889137268066, "lowlevel.barkbands_spread.mean": 10.961397171020508, "lowlevel.barkbands_spread.stdev": 19.377546310424805, "lowlevel.dissonance.mean": 0.450236976146698, "lowlevel.dissonance.stdev": 0.04052082821726799, "lowlevel.dynamic_complexity": 4.93656587600708, "lowlevel.erbbands_crest.mean": 14.904178619384766, "lowlevel.erbbands_crest.stdev": 6.360208988189697, "lowlevel.erbbands_flatness_db.mean": 0.24811352789402008, "lowlevel.erbbands_flatness_db.stdev": 0.0764019787311554, "lowlevel.erbbands_kurtosis.mean": 22.115623474121094, "lowlevel.erbbands_kurtosis.stdev": 37.506324768066406, "lowlevel.erbbands_skewness.mean": 2.825155735015869, "lowlevel.erbbands_skewness.stdev": 3.1963682174682617, "lowlevel.erbbands_spread.mean": 47.27264404296875, "lowlevel.erbbands_spread.stdev": 41.31950378417969, "lowlevel.hfc.mean": 11.770079612731934, "lowlevel.hfc.stdev": 23.970239639282227, "lowlevel.loudness_ebu128.integrated": -18.53559684753418, "lowlevel.loudness_ebu128.loudness_range": 12.310554504394531, "lowlevel.loudness_ebu128.momentary.mean": -21.86294174194336, "lowlevel.loudness_ebu128.momentary.stdev": 5.689427852630615, "lowlevel.loudness_ebu128.short_term.mean": -21.15647315979004, "lowlevel.loudness_ebu128.short_term.stdev": 4.962033748626709, "lowlevel.melbands_crest.mean": 22.249597549438477, "lowlevel.melbands_crest.stdev": 3.7889509201049805, "lowlevel.melbands_flatness_db.mean": 0.41764724254608154, "lowlevel.melbands_flatness_db.stdev": 0.12878867983818054, "lowlevel.melbands_kurtosis.mean": 154.56985473632812, "lowlevel.melbands_kurtosis.stdev": 154.4767303466797, "lowlevel.melbands_skewness.mean": 7.502753734588623, "lowlevel.melbands_skewness.stdev": 4.426534652709961, "lowlevel.melbands_spread.mean": 7.041884899139404, "lowlevel.melbands_spread.stdev": 14.19074821472168, "lowlevel.pitch_salience.mean": 0.30750539898872375, "lowlevel.pitch_salience.stdev": 0.13816970586776733, "lowlevel.silence_rate_20dB.mean": 0.9986197352409363, "lowlevel.silence_rate_20dB.stdev": 0.03712623566389084, "lowlevel.silence_rate_30dB.mean": 0.9454796314239502, "lowlevel.silence_rate_30dB.stdev": 0.22704148292541504, "lowlevel.silence_rate_60dB.mean": 0.23878537118434906, "lowlevel.silence_rate_60dB.stdev": 0.4263433516025543, "lowlevel.spectral_centroid.mean": 552.9845581054688, "lowlevel.spectral_centroid.stdev": 580.8095703125, "lowlevel.spectral_complexity.mean": 5.461007595062256, "lowlevel.spectral_complexity.stdev": 8.527280807495117, "lowlevel.spectral_decrease.mean": -7.147478608970914e-09, "lowlevel.spectral_decrease.stdev": 1.2659496562150707e-08, "lowlevel.spectral_energy.mean": 0.028043847531080246, "lowlevel.spectral_energy.stdev": 0.04891836270689964, "lowlevel.spectral_energyband_high.mean": 0.0009179865592159331, "lowlevel.spectral_energyband_high.stdev": 0.002518934430554509, "lowlevel.spectral_energyband_low.mean": 0.016749253496527672, "lowlevel.spectral_energyband_low.stdev": 0.03989948704838753, "lowlevel.spectral_energyband_middle_high.mean": 0.0007078518392518163, "lowlevel.spectral_energyband_middle_high.stdev": 0.002086640801280737, "lowlevel.spectral_energyband_middle_low.mean": 0.012208218686282635, "lowlevel.spectral_energyband_middle_low.stdev": 0.022781062871217728, "lowlevel.spectral_entropy.mean": 6.325544357299805, "lowlevel.spectral_entropy.stdev": 1.2136365175247192, "lowlevel.spectral_flux.mean": 0.06418157368898392, "lowlevel.spectral_flux.stdev": 0.08601516485214233, "lowlevel.spectral_kurtosis.mean": 8.67330551147461, "lowlevel.spectral_kurtosis.stdev": 14.160941123962402, "lowlevel.spectral_rms.mean": 0.004239346366375685, "lowlevel.spectral_rms.stdev": 0.0030639416072517633, "lowlevel.spectral_rolloff.mean": 751.8030395507812, "lowlevel.spectral_rolloff.stdev": 1758.8829345703125, "lowlevel.spectral_skewness.mean": 1.9723966121673584, "lowlevel.spectral_skewness.stdev": 1.4792991876602173, "lowlevel.spectral_spread.mean": 5075088.0, "lowlevel.spectral_spread.stdev": 2624590.0, "lowlevel.spectral_strongpeak.mean": 0.5148613452911377, "lowlevel.spectral_strongpeak.stdev": 0.3821673095226288, "lowlevel.zerocrossingrate.mean": 0.03125876188278198, "lowlevel.zerocrossingrate.stdev": 0.04074908792972565, "metadata.audio_properties.analysis.equal_loudness": 0.0, "metadata.audio_properties.analysis.length": 33.5999755859375, "metadata.audio_properties.analysis.sample_rate": 44100.0, "metadata.audio_properties.analysis.start_time": 0.0, "metadata.audio_properties.bit_rate": 117402.0, "metadata.audio_properties.length": 33.599998474121094, "metadata.audio_properties.lossless": 0.0, "metadata.audio_properties.number_channels": 1.0, "metadata.audio_properties.replay_gain": -8.441181182861328, "metadata.audio_properties.sample_rate": 48000.0, "rhythm.beats_count": 47.0, "rhythm.beats_loudness.mean": 0.11436178535223007, "rhythm.beats_loudness.stdev": 0.11243298649787903, "rhythm.bpm": 84.79405975341797, "rhythm.bpm_histogram_first_peak_bpm": 85.0, "rhythm.bpm_histogram_first_peak_weight": 0.21739131212234497, "rhythm.bpm_histogram_second_peak_bpm": 0.0, "rhythm.bpm_histogram_second_peak_spread": 0.0, "rhythm.bpm_histogram_second_peak_weight": 0.0, "rhythm.danceability": 1.2059214115142822, "rhythm.onset_rate": 3.9556851387023926, "tonal.chords_changes_rate": 0.03448275849223137, "tonal.chords_number_rate": 0.005517241545021534, "tonal.chords_strength.mean": 0.5837032198905945, "tonal.chords_strength.stdev": 0.11783404648303986, "tonal.hpcp_crest.mean": 11.30630111694336, "tonal.hpcp_crest.stdev": 4.877085208892822, "tonal.hpcp_entropy.mean": 2.3564538955688477, "tonal.hpcp_entropy.stdev": 0.7472645044326782, "tonal.key_edma.strength": 0.6224098205566406, "tonal.key_krumhansl.strength": 0.6470653414726257, "tonal.key_temperley.strength": 0.6612383127212524, "tonal.tuning_diatonic_strength": 0.6384124159812927, "tonal.tuning_equal_tempered_deviation": 0.2861194610595703, "tonal.tuning_frequency": 434.193115234375, "tonal.tuning_nontempered_energy_ratio": 0.9617496132850647, "lowlevel.barkbands.mean": [0.0002951243077404797, 0.005489793606102467, 0.008448008447885513, 0.005921923089772463, 0.005152736324816942, 0.0005477907252497971, 0.0003294545749668032, 9.584352665115148e-05, 0.00012302622781135142, 8.568097109673545e-05, 6.220377690624446e-05, 9.021693404065445e-05, 3.733833727892488e-05, 4.3979842303087935e-05, 5.7829980505630374e-05, 6.710829620715231e-05, 6.0462411056505516e-05, 5.3072217269800603e-05, 0.00010527209815336391, 0.00013292784569785, 0.0001652551582083106, 0.00015135401918087155, 0.00022287153115030378, 0.00022103398805484176, 7.353292312473059e-05, 9.992209015763365e-06, 7.609323837698412e-09], "lowlevel.barkbands.stdev": [0.0013438374735414982, 0.027101557701826096, 0.018626971170306206, 0.007981399074196815, 0.017264459282159805, 0.001648275414481759, 0.0010239705443382263, 0.0004468100378289819, 0.00043564243242144585, 0.00033551434171386063, 0.00024661034694872797, 0.0004788760270457715, 0.00014172954251989722, 0.00019553338643163443, 0.00024119058798532933, 0.00022030375839676708, 0.0002386493288213387, 0.00023243950272444636, 0.00038595247315242887, 0.0004894278827123344, 0.0006422690930776298, 0.000498912064358592, 0.0006852179649285972, 0.0008001424721442163, 0.00034209596924483776, 4.461306889425032e-05, 4.6081751747806265e-08], "lowlevel.erbbands.mean": [0.1614910364151001, 1.305748701095581, 7.479409217834473, 16.08881378173828, 22.068960189819336, 16.358089447021484, 6.807384490966797, 3.8514199256896973, 3.45920991897583, 4.553920269012451, 2.551447868347168, 2.618884801864624, 2.9944136142730713, 2.574774980545044, 2.5307507514953613, 3.610830068588257, 1.8285859823226929, 2.027193069458008, 2.8028485774993896, 3.2676262855529785, 3.731853723526001, 3.526298761367798, 2.881316900253296, 4.372988224029541, 5.614825248718262, 6.031766891479492, 7.13834285736084, 5.852693557739258, 5.625974655151367, 6.000513076782227, 6.005823612213135, 4.986447334289551, 3.4489407539367676, 1.19180428981781, 0.33675646781921387, 0.07923574000597, 0.013648021034896374, 0.0007329950458370149, 3.761751213460229e-05, 3.512190960464068e-05], "lowlevel.erbbands.stdev": [0.7733315229415894, 6.563028335571289, 19.843069076538086, 23.7205867767334, 35.69659423828125, 81.90303039550781, 23.183273315429688, 13.089943885803223, 10.779561042785645, 15.119935035705566, 11.074904441833496, 9.581823348999023, 12.33727741241455, 9.472343444824219, 10.598040580749512, 18.0410099029541, 6.507405757904053, 8.858227729797363, 12.095803260803223, 12.57720947265625, 11.980047225952148, 13.98853588104248, 12.31922435760498, 17.95398712158203, 19.38813591003418, 21.972047805786133, 27.29199981689453, 22.827835083007812, 19.090700149536133, 17.597354888916016, 18.82366943359375, 17.330183029174805, 13.54586124420166, 5.114718437194824, 1.9122849702835083, 0.3611401915550232, 0.06451640278100967, 0.0037905576173216105, 0.00010763970203697681, 5.7596374972490594e-05], "lowlevel.gfcc.mean": [-173.4380340576172, 97.77561950683594, -61.343528747558594, 91.46478271484375, -47.784976959228516, 8.53406810760498, -52.580055236816406, -21.35837173461914, -29.217805862426758, -22.88880729675293, -18.67797088623047, -25.41639518737793, -9.8538179397583], "lowlevel.melbands.mean": [0.0014681139728054404, 0.003209207206964493, 0.0030908582266420126, 0.0013728193007409573, 0.00031889660749584436, 8.806115511106327e-05, 5.819801663164981e-05, 4.274791353964247e-05, 2.1531783204409294e-05, 1.6001211406546645e-05, 1.4755050870007835e-05, 1.0162329999729991e-05, 8.153897397278342e-06, 1.0481712706678081e-05, 6.826931439718464e-06, 3.142032710456988e-06, 3.7997886010998627e-06, 4.482232270675013e-06, 4.213391548546497e-06, 4.4946182242711075e-06, 4.284893293515779e-06, 3.6635012747865403e-06, 2.96458529192023e-06, 2.4400671918556327e-06, 3.5991924960399047e-06, 4.163101039011963e-06, 4.111351699975785e-06, 3.956825366913108e-06, 4.2987621782231145e-06, 4.557251031656051e-06, 2.987347215821501e-06, 3.2685629776096903e-06, 2.761698851827532e-06, 3.7148824958421756e-06, 3.4512236197770108e-06, 3.361575181770604e-06, 2.9854782042093575e-06, 2.644074811541941e-06, 1.633392457733862e-06, 7.945246238705295e-07], "lowlevel.melbands.stdev": [0.007020967546850443, 0.00890131201595068, 0.004065908491611481, 0.004135124385356903, 0.001401467714458704, 0.00028462469344958663, 0.00018135597929358482, 0.00014173326781019568, 9.378893446410075e-05, 5.918871102039702e-05, 6.178943294798955e-05, 3.7176516343606636e-05, 3.2267769711324945e-05, 6.211677100509405e-05, 2.7532792955753393e-05, 1.2987723494006786e-05, 1.702499866951257e-05, 1.994950434891507e-05, 1.7101156117860228e-05, 1.5994537534425035e-05, 1.3878405297873542e-05, 1.4421900232264306e-05, 1.3272519936435856e-05, 1.1191512385266833e-05, 1.513209554104833e-05, 1.4782669495616574e-05, 1.4698961422254797e-05, 1.4892757462803274e-05, 1.6488942492287606e-05, 1.9279084881418385e-05, 1.1704964890668634e-05, 1.1645764061540831e-05, 8.643159162602387e-06, 1.1305951375106815e-05, 1.1097322385467123e-05, 1.1352048204571474e-05, 1.08919093690929e-05, 1.0220863259746693e-05, 7.54974780647899e-06, 3.391330665181158e-06], "lowlevel.melbands128.mean": [0.00028254883363842964, 0.0012636970495805144, 0.001867511193268001, 0.0020532647613435984, 0.003147262381389737, 0.004477475769817829, 0.003137422725558281, 0.0032107362058013678, 0.002196877496317029, 0.001277103670872748, 0.000895654025953263, 0.0004064310051035136, 0.00017881001986097544, 0.00017988155013881624, 9.168683754978701e-05, 3.53911891579628e-05, 3.528028537402861e-05, 6.254940672079101e-05, 8.961772255133837e-05, 5.2889019571011886e-05, 1.7984355508815497e-05, 1.4538287359755486e-05, 2.5032752091647126e-05, 2.533023689466063e-05, 1.5550251191598363e-05, 1.2476307347242255e-05, 1.5347099179052748e-05, 1.7785032468964346e-05, 1.1709961654560175e-05, 8.223673830798361e-06, 1.128136136685498e-05, 1.052715288096806e-05, 7.221002761070849e-06, 6.680048954876838e-06, 9.535878234601114e-06, 1.3690451851289254e-05, 8.528471880708821e-06, 7.823295163689181e-06, 4.740806616609916e-06, 2.696863020901219e-06, 2.874049869205919e-06, 3.5291798212711e-06, 3.602906190280919e-06, 4.153758254688e-06, 4.136184543312993e-06, 5.093634626973653e-06, 4.162045570410555e-06, 3.65607547792024e-06, 4.686675310949795e-06, 4.440410521056037e-06, 4.3213240132899955e-06, 4.7503617679467425e-06, 4.852350230066804e-06, 3.6530675515678013e-06, 3.624918690547929e-06, 3.914871740562376e-06, 3.523850409692386e-06, 3.3596363664400997e-06, 2.725402737269178e-06, 2.184088771173265e-06, 2.389654810031061e-06, 2.5333959001727635e-06, 3.08003131976875e-06, 3.930570528609678e-06, 4.48780201622867e-06, 4.20518017563154e-06, 3.99133523387718e-06, 3.871109129249817e-06, 4.354146767582279e-06, 4.212714429741027e-06, 3.4163172131229658e-06, 4.09648782806471e-06, 4.692744369094726e-06, 3.952692622988252e-06, 4.244087449478684e-06, 5.547985438170144e-06, 4.408133463584818e-06, 2.782999217743054e-06, 2.948474957520375e-06, 2.7386365673010005e-06, 3.4960464745381614e-06, 3.556778665370075e-06, 2.7621535991784185e-06, 2.545772076700814e-06, 2.786615823424654e-06, 3.3340606933052186e-06, 4.072055162396282e-06, 4.481591531657614e-06, 2.9399145660136128e-06, 3.19896025757771e-06, 3.6708524930872954e-06, 3.421663677727338e-06, 2.788322490232531e-06, 3.0589101243094774e-06, 3.004911604875815e-06, 2.907234602389508e-06, 2.456910806358792e-06, 2.5550723421474686e-06, 1.5703998315075296e-06, 1.3293115443957504e-06, 9.264507525585941e-07, 7.185486197158752e-07, 6.095662001825985e-07, 4.793327548213711e-07, 3.2977237651721225e-07, 2.6777644279718515e-07, 2.4670910647728306e-07, 1.612585833754565e-07, 1.1814629630180207e-07, 8.515736737990665e-08, 6.246776962370859e-08, 4.854100055240451e-08, 4.446393475632249e-08, 2.3133340576464434e-08, 1.0287529939034812e-08, 3.1036773151527086e-09, 3.90329796262634e-10, 1.1543572521477419e-11, 4.089520822675441e-12, 3.9513331842599975e-12, 3.844185386681076e-12, 3.771083705722544e-12, 3.697605156088857e-12, 3.6263281873866182e-12, 3.5111182624530946e-12, 3.349638275085276e-12, 3.2573360241733296e-12, 3.23039143178272e-12], "lowlevel.melbands128.stdev": [0.0013058758340775967, 0.006332308053970337, 0.010423119179904461, 0.012089081108570099, 0.011316685006022453, 0.008739618584513664, 0.005275449715554714, 0.004053309094160795, 0.0036490238271653652, 0.004951093811541796, 0.0056906407698988914, 0.0021527765784412622, 0.0005847376305609941, 0.0005355278262868524, 0.00037565091042779386, 0.0001657008397160098, 0.00013068733096588403, 0.00023742722987663, 0.0003288241568952799, 0.00021072127856314182, 9.859241254162043e-05, 9.294085612054914e-05, 0.00014640091103501618, 0.00010619559179758653, 8.153088856488466e-05, 6.48908389848657e-05, 8.229569357354194e-05, 9.802823478821665e-05, 4.696777614299208e-05, 3.189082781318575e-05, 5.685756332240999e-05, 4.602920307661407e-05, 3.635826942627318e-05, 3.158320396323688e-05, 7.608367741340771e-05, 9.865480387816206e-05, 4.430015542311594e-05, 3.639044734882191e-05, 2.1089492292958312e-05, 1.1618233656918164e-05, 1.4945233488106169e-05, 1.7345317246508785e-05, 1.9928540496039204e-05, 1.9255368897574954e-05, 2.2825974156148732e-05, 2.5640294552431442e-05, 2.049930117209442e-05, 1.5643523511243984e-05, 2.1295347323757596e-05, 1.9986087863799185e-05, 1.6627438526484184e-05, 1.6486757886013947e-05, 1.7957920135813765e-05, 1.3013033822062425e-05, 1.3704301636607852e-05, 1.775304008333478e-05, 1.7879432562040165e-05, 1.7664720871835016e-05, 1.3085481441521551e-05, 1.030228304443881e-05, 1.2101138963771518e-05, 1.2858142326876987e-05, 1.3650795153807849e-05, 1.8147655282518826e-05, 2.0198880520183593e-05, 1.5503184840781614e-05, 1.531301677459851e-05, 1.4925409232091624e-05, 1.6740179489715956e-05, 1.6154257536982186e-05, 1.350653747067554e-05, 1.7539821783429943e-05, 1.9823723050649278e-05, 1.58982820721576e-05, 1.799561141524464e-05, 2.6142266506212763e-05, 2.0751673218910582e-05, 1.1758773325709626e-05, 1.2807381608581636e-05, 1.1703805284923874e-05, 1.3827580914949067e-05, 1.2611045349331107e-05, 9.733908882481046e-06, 8.670003808219917e-06, 8.799190254649147e-06, 1.0349784133723006e-05, 1.3564927030529361e-05, 1.6042018614825793e-05, 1.0274467058479786e-05, 1.1203856956853997e-05, 1.3394847883319017e-05, 1.2236683687660843e-05, 9.976290129998233e-06, 1.202726889459882e-05, 1.1552432624739595e-05, 1.218752186105121e-05, 9.664838216849603e-06, 1.2621594578376971e-05, 7.446824383805506e-06, 6.578495685971575e-06, 4.182096745353192e-06, 3.203846972610336e-06, 3.1818271963857114e-06, 2.9791751785523957e-06, 2.818111397573375e-06, 1.5248415365931578e-06, 1.0487715371709783e-06, 7.216320909719798e-07, 6.260677878344723e-07, 4.3400822846706433e-07, 2.900867173138977e-07, 2.4395424702561286e-07, 2.3275633509456384e-07, 1.3778559093680087e-07, 7.691418346666978e-08, 2.133149301641879e-08, 2.916035191091737e-09, 1.3351256211713292e-10, 9.091851403686402e-12, 8.810741199127836e-12, 8.600819709214669e-12, 8.422136252295154e-12, 8.24526297932282e-12, 8.105290744131466e-12, 7.986837753659604e-12, 7.887886524504673e-12, 7.819550562615518e-12, 7.777107950690532e-12], "lowlevel.mfcc.mean": [-824.6909790039062, 99.88035583496094, 54.87889099121094, 68.14846801757812, 33.00658416748047, 22.735614776611328, -2.677588701248169, -5.09542179107666, -11.567785263061523, -5.392101764678955, -19.156150817871094, -13.33345890045166, -11.007233619689941], "lowlevel.spectral_contrast_coeffs.mean": [-0.5440388321876526, -0.7807794809341431, -0.843787670135498, -0.8228902220726013, -0.8316405415534973, -0.788428783416748], "lowlevel.spectral_contrast_coeffs.stdev": [0.07160261273384094, 0.0806470438838005, 0.06318958848714828, 0.0575953871011734, 0.050863105803728104, 0.05096796527504921], "lowlevel.spectral_contrast_valleys.mean": [-7.821732521057129, -9.120975494384766, -10.034661293029785, -9.736198425292969, -9.14203929901123, -11.409594535827637], "lowlevel.spectral_contrast_valleys.stdev": [1.1593283414840698, 1.5915244817733765, 1.7419891357421875, 1.436569333076477, 1.5125486850738525, 1.8231650590896606], "rhythm.beats_loudness_band_ratio.mean": [0.724213719367981, 0.17172624170780182, 0.012315900065004826, 0.012053764425218105, 0.031569261103868484, 0.08782651275396347], "rhythm.beats_loudness_band_ratio.stdev": [0.31552743911743164, 0.18395599722862244, 0.018145747482776642, 0.01392249297350645, 0.035454899072647095, 0.11815721541643143], "tonal.hpcp.mean": [0.016367577016353607, 0.014883710071444511, 0.02265365608036518, 0.073260597884655, 0.11694039404392242, 0.09199674427509308, 0.08473988622426987, 0.06353645771741867, 0.03555965796113014, 0.2349300980567932, 0.2504962086677551, 0.050969064235687256, 0.09159638732671738, 0.13706746697425842, 0.06341345608234406, 0.008694161660969257, 0.008995420299470425, 0.016483411192893982, 0.021912718191742897, 0.027281619608402252, 0.02703939750790596, 0.02343011274933815, 0.02383704110980034, 0.06055796518921852, 0.4283844232559204, 0.54961097240448, 0.18365196883678436, 0.021304601803421974, 0.01569976843893528, 0.011559270322322845, 0.010234284214675426, 0.015110939741134644, 0.03170764446258545, 0.12820665538311005, 0.12888027727603912, 0.03322676196694374], "tonal.hpcp.stdev": [0.09487354755401611, 0.08733310550451279, 0.1102796196937561, 0.20623210072517395, 0.2980949580669403, 0.22346504032611847, 0.2529694736003876, 0.2113638073205948, 0.1110396608710289, 0.3554697632789612, 0.367075651884079, 0.11204534024000168, 0.2153119444847107, 0.3145917057991028, 0.16166971623897552, 0.0463358499109745, 0.05174978822469711, 0.09201113134622574, 0.08102263510227203, 0.09324219822883606, 0.10057946294546127, 0.10074415057897568, 0.10666561126708984, 0.17634592950344086, 0.3431324064731598, 0.4055420458316803, 0.2257010042667389, 0.10388501733541489, 0.09516428411006927, 0.07811035215854645, 0.0718904584646225, 0.09298764914274216, 0.10277896374464035, 0.23746100068092346, 0.24005745351314545, 0.10620654374361038], "rhythm.beats_position": [0.7198185920715332, 1.4512470960617065, 2.1710658073425293, 2.879274368286133, 3.5874829292297363, 4.29569149017334, 4.992290019989014, 5.6888885498046875, 6.397097587585449, 7.116916179656982, 7.825124740600586, 8.533332824707031, 9.241541862487793, 9.938140869140625, 10.64634895324707, 11.354557991027832, 12.051156044006348, 12.770975112915039, 13.467573165893555, 14.175782203674316, 14.883990287780762, 15.603809356689453, 16.30040740966797, 16.997007369995117, 17.693605422973633, 18.413423538208008, 19.121631622314453, 19.82984161376953, 20.549659729003906, 21.25786781311035, 21.966075897216797, 22.662675857543945, 23.35927391052246, 24.067481994628906, 24.775691986083984, 25.48390007019043, 26.192108154296875, 26.91192626953125, 27.6085262298584, 28.305124282836914, 29.00172233581543, 29.721542358398438, 30.429750442504883, 31.137958526611328, 31.857776641845703, 32.56598663330078, 33.274192810058594], "rhythm.bpm_histogram": [0.0, 0.0, 0.0, 0.0, 0.0, 0.0, 0.0, 0.0, 0.0, 0.0, 0.0, 0.0, 0.0, 0.0, 0.0, 0.0, 0.0, 0.0, 0.0, 0.0, 0.0, 0.0, 0.0, 0.0, 0.0, 0.0, 0.0, 0.0, 0.0, 0.0, 0.0, 0.0, 0.0, 0.0, 0.0, 0.0, 0.0, 0.0, 0.0, 0.0, 0.0, 0.0, 0.0, 0.0, 0.0, 0.0, 0.0, 0.0, 0.0, 0.0, 0.0, 0.0, 0.0, 0.0, 0.0, 0.0, 0.0, 0.0, 0.0, 0.0, 0.0, 0.0, 0.0, 0.0, 0.0, 0.0, 0.0, 0.0, 0.0, 0.0, 0.0, 0.0, 0.0, 0.0, 0.0, 0.0, 0.0, 0.0, 0.0, 0.0, 0.0, 0.0, 0.021739130839705467, 0.19565217196941376, 0.0, 0.5, 0.28260868787765503, 0.0, 0.0, 0.0, 0.0, 0.0, 0.0, 0.0, 0.0, 0.0, 0.0, 0.0, 0.0, 0.0, 0.0, 0.0, 0.0, 0.0, 0.0, 0.0, 0.0, 0.0, 0.0, 0.0, 0.0, 0.0, 0.0, 0.0, 0.0, 0.0, 0.0, 0.0, 0.0, 0.0, 0.0, 0.0, 0.0, 0.0, 0.0, 0.0, 0.0, 0.0, 0.0, 0.0, 0.0, 0.0, 0.0, 0.0, 0.0, 0.0, 0.0, 0.0, 0.0, 0.0, 0.0, 0.0, 0.0, 0.0, 0.0, 0.0, 0.0, 0.0, 0.0, 0.0, 0.0, 0.0, 0.0, 0.0, 0.0, 0.0, 0.0, 0.0, 0.0, 0.0, 0.0, 0.0, 0.0, 0.0, 0.0, 0.0, 0.0, 0.0, 0.0, 0.0, 0.0, 0.0, 0.0, 0.0, 0.0, 0.0, 0.0, 0.0, 0.0, 0.0, 0.0, 0.0, 0.0, 0.0, 0.0, 0.0, 0.0, 0.0, 0.0, 0.0, 0.0, 0.0, 0.0, 0.0, 0.0, 0.0, 0.0, 0.0, 0.0, 0.0, 0.0, 0.0, 0.0, 0.0, 0.0, 0.0, 0.0, 0.0, 0.0, 0.0, 0.0, 0.0, 0.0, 0.0, 0.0, 0.0, 0.0, 0.0, 0.0, 0.0, 0.0, 0.0, 0.0, 0.0, 0.0, 0.0, 0.0, 0.0, 0.0, 0.0, 0.0, 0.0, 0.0, 0.0, 0.0, 0.0, 0.0, 0.0, 0.0, 0.0, 0.0, 0.0, 0.0, 0.0, 0.0, 0.0, 0.0, 0.0, 0.0, 0.0], "tonal.chords_histogram": [65.6551742553711, 0.9655172228813171, 0.0, 0.8275862336158752, 0.0, 0.0, 0.0, 0.0, 0.0, 0.0, 0.0, 0.0, 0.0, 0.0, 0.0, 0.0, 0.0, 0.8275862336158752, 2.068965435028076, 0.0, 0.0, 0.0, 8.413793563842773, 21.241378784179688], "tonal.thpcp": [1.0, 0.334149032831192, 0.03876305744051933, 0.028565239161252975, 0.021031731739640236, 0.018620960414409637, 0.027493882924318314, 0.0576910674571991, 0.23326800763607025, 0.23449364304542542, 0.06045505404472351, 0.029780294746160507, 0.027080446481704712, 0.0412176214158535, 0.13329537212848663, 0.21276938915252686, 0.16738520562648773, 0.154181569814682, 0.11560259759426117, 0.064699687063694, 0.42744797468185425, 0.45577001571655273, 0.0927366241812706, 0.1666567623615265, 0.24938997626304626, 0.11537880450487137, 0.015818756073713303, 0.016366885975003242, 0.02999105118215084, 0.039869505912065506, 0.0496380552649498, 0.04919733852148056, 0.042630359530448914, 0.04337075352668762, 0.11018332839012146, 0.7794320583343506], "lowlevel.gfcc.cov": [[19214.796875, -3215.166015625, -1834.3212890625, -371.1139221191406, -3238.221923828125, 706.35791015625, 89.7552490234375, 1744.2171630859375, -585.6050415039062, 848.7530517578125, -455.34033203125, 859.913818359375, -172.3392333984375], [-3215.166015625, 2598.445556640625, -505.51080322265625, -850.9645385742188, 593.2734985351562, -322.44378662109375, 488.0916442871094, -337.93011474609375, 343.1072692871094, -244.65786743164062, 293.3817443847656, -234.56918334960938, 211.42678833007812], [-1834.3212890625, -505.51080322265625, 1868.813720703125, 512.478759765625, 385.40753173828125, 115.72988891601562, -146.9222412109375, 59.136810302734375, 7.697967052459717, 113.40754699707031, -18.66006088256836, 31.37127685546875, -63.569881439208984], [-371.1139221191406, -850.9645385742188, 512.478759765625, 924.0341186523438, 234.72723388671875, 36.06299591064453, -229.93673706054688, -33.34090805053711, 50.36838912963867, 32.851837158203125, 2.8546392917633057, 0.4852112829685211, 1.9939435720443726], [-3238.221923828125, 593.2734985351562, 385.40753173828125, 234.72723388671875, 1007.1589965820312, -20.300214767456055, 5.237098217010498, -283.14434814453125, 163.6180877685547, -83.54942321777344, 94.18708038330078, -161.67166137695312, 34.7424201965332], [706.35791015625, -322.44378662109375, 115.72988891601562, 36.06299591064453, -20.300214767456055, 405.446533203125, 184.86886596679688, 115.4149398803711, -49.048316955566406, 18.272462844848633, -27.737590789794922, 39.03831100463867, -24.399999618530273], [89.7552490234375, 488.0916442871094, -146.9222412109375, -229.93673706054688, 5.237098217010498, 184.86886596679688, 475.44989013671875, 139.02877807617188, 66.36508178710938, -63.44630432128906, 68.46908569335938, 3.401663303375244, 40.81745529174805], [1744.2171630859375, -337.93011474609375, 59.136810302734375, -33.34090805053711, -283.14434814453125, 115.4149398803711, 139.02877807617188, 401.70404052734375, 2.3356778621673584, 105.43406677246094, -58.976070404052734, 120.07395935058594, -16.409820556640625], [-585.6050415039062, 343.1072692871094, 7.697967052459717, 50.36838912963867, 163.6180877685547, -49.048316955566406, 66.36508178710938, 2.3356778621673584, 228.88067626953125, 14.288948059082031, 60.491180419921875, -58.891727447509766, 57.38256072998047], [848.7530517578125, -244.65786743164062, 113.40754699707031, 32.851837158203125, -83.54942321777344, 18.272462844848633, -63.44630432128906, 105.43406677246094, 14.288948059082031, 188.79124450683594, 1.392562985420227, 44.03397750854492, -37.92393493652344], [-455.34033203125, 293.3817443847656, -18.66006088256836, 2.8546392917633057, 94.18708038330078, -27.737590789794922, 68.46908569335938, -58.976070404052734, 60.491180419921875, 1.392562985420227, 143.45899963378906, -9.50252628326416, 28.87387466430664], [859.913818359375, -234.56918334960938, 31.37127685546875, 0.4852112829685211, -161.67166137695312, 39.03831100463867, 3.401663303375244, 120.07395935058594, -58.891727447509766, 44.03397750854492, -9.50252628326416, 152.12698364257812, 8.838080406188965], [-172.3392333984375, 211.42678833007812, -63.569881439208984, 1.9939435720443726, 34.7424201965332, -24.399999618530273, 40.81745529174805, -16.409820556640625, 57.38256072998047, -37.92393493652344, 28.87387466430664, 8.838080406188965, 109.25050354003906]], "lowlevel.gfcc.icov": [[0.0003267588035669178, -0.0004366801294963807, 0.00039056316018104553, -0.0005686795338988304, 0.0007292671361938119, -0.0006853159284219146, 0.00041162222623825073, -0.0008221700554713607, 0.000608881819061935, -0.0011112532811239362, 0.000548416341189295, -0.00042380313971079886, 0.0001197098899865523], [-0.0004366801294963807, 0.005562438163906336, -0.0008474725764244795, 0.005197030492126942, -0.0027991298120468855, 0.004397646989673376, -0.003943856339901686, 0.0028640558011829853, -0.0037734652869403362, 0.003075338201597333, -0.004655227996408939, 0.0025294770020991564, -0.004190325736999512], [0.00039056316018104553, -0.0008474725764244795, 0.0012395376106724143, -0.0012514634290710092, 0.0005981916328892112, -0.0011804248206317425, 0.0008705204236321151, -0.0013816452119499445, 0.0010520786745473742, -0.0016876107547432184, 0.0009310394525527954, -0.0008429439621977508, 0.0006973504205234349], [-0.0005686795338988304, 0.005197030492126942, -0.0012514634290710092, 0.006635431200265884, -0.003146806498989463, 0.0035407368559390306, -0.00226037111133337, 0.0024518766440451145, -0.004297331906855106, 0.00402773218229413, -0.005158090963959694, 0.0024066546466201544, -0.0039758263155817986], [0.0007292671361938119, -0.0027991298120468855, 0.0005981916328892112, -0.003146806498989463, 0.0041480232030153275, -0.002955902833491564, 0.0017647149506956339, -0.0012100021122023463, 0.0014113466022536159, -0.00283817108720541, 0.002537438878789544, -0.0010497694602236152, 0.0018403702415525913], [-0.0006853159284219146, 0.004397646989673376, -0.0011804248206317425, 0.0035407368559390306, -0.002955902833491564, 0.007995801977813244, -0.005976931191980839, 0.0032785881776362658, -0.0019389853114262223, 0.00213326932862401, -0.0022415420971810818, 0.0018877905094996095, -0.002693133894354105], [0.00041162222623825073, -0.003943856339901686, 0.0008705204236321151, -0.00226037111133337, 0.0017647149506956339, -0.005976931191980839, 0.008963695727288723, -0.005568564869463444, 0.0016274400986731052, 0.0009493455290794373, -0.0005918001406826079, -0.0007998638320714235, 0.002443856792524457], [-0.0008221700554713607, 0.0028640558011829853, -0.0013816452119499445, 0.0024518766440451145, -0.0012100021122023463, 0.0032785881776362658, -0.005568564869463444, 0.009726705960929394, -0.004520487040281296, 0.00032307335641235113, 0.0013010414550080895, -0.0020597297698259354, -0.0007205354631878436], [0.000608881819061935, -0.0037734652869403362, 0.0010520786745473742, -0.004297331906855106, 0.0014113466022536159, -0.0019389853114262223, 0.0016274400986731052, -0.004520487040281296, 0.011613674461841583, -0.005428915843367577, 0.0016111253062263131, 0.002339073456823826, -0.001814716961234808], [-0.0011112532811239362, 0.003075338201597333, -0.0016876107547432184, 0.00402773218229413, -0.00283817108720541, 0.00213326932862401, 0.0009493455290794373, 0.00032307335641235113, -0.005428915843367577, 0.013813701458275318, -0.006252335384488106, 0.0009388113976456225, 0.0015359341632574797], [0.000548416341189295, -0.004655227996408939, 0.0009310394525527954, -0.005158090963959694, 0.002537438878789544, -0.0022415420971810818, -0.0005918001406826079, 0.0013010414550080895, 0.0016111253062263131, -0.006252335384488106, 0.015649612993001938, -0.0049509210512042046, 0.002866877242922783], [-0.00042380313971079886, 0.0025294770020991564, -0.0008429439621977508, 0.0024066546466201544, -0.0010497694602236152, 0.0018877905094996095, -0.0007998638320714235, -0.0020597297698259354, 0.002339073456823826, 0.0009388113976456225, -0.0049509210512042046, 0.013755622319877148, -0.0060601928271353245], [0.0001197098899865523, -0.004190325736999512, 0.0006973504205234349, -0.0039758263155817986, 0.0018403702415525913, -0.002693133894354105, 0.002443856792524457, -0.0007205354631878436, -0.001814716961234808, 0.0015359341632574797, 0.002866877242922783, -0.0060601928271353245, 0.016940636560320854]], "lowlevel.mfcc.cov": [[20732.41015625, -3256.046875, -505.83624267578125, -1502.870361328125, -2787.512939453125, -1138.4700927734375, -200.6068115234375, 428.4259338378906, 244.63047790527344, 139.8457794189453, 138.59823608398438, 327.6737976074219, 506.560302734375], [-3256.046875, 2988.52685546875, -765.0287475585938, -429.4499816894531, -127.94442749023438, -24.724258422851562, 127.36933135986328, 28.15169334411621, 118.98191833496094, -5.692373275756836, 81.96907043457031, 27.64153480529785, 51.284183502197266], [-505.83624267578125, -765.0287475585938, 1398.4202880859375, 342.5640869140625, 278.4237365722656, 56.917293548583984, 60.56876754760742, 19.905174255371094, 34.70054626464844, 57.094581604003906, 45.7718391418457, 51.661014556884766, 55.91286087036133], [-1502.870361328125, -429.4499816894531, 342.5640869140625, 722.4281005859375, 540.6243286132812, 110.98192596435547, -80.45779418945312, -85.07632446289062, -41.92948913574219, 42.525753021240234, -16.793855667114258, -16.038711547851562, 0.7731976509094238], [-2787.512939453125, -127.94442749023438, 278.4237365722656, 540.6243286132812, 880.538818359375, 292.55718994140625, -14.805628776550293, -140.01881408691406, -47.51239776611328, 48.06312942504883, -16.070802688598633, -57.96611785888672, -58.722938537597656], [-1138.4700927734375, -24.724258422851562, 56.917293548583984, 110.98192596435547, 292.55718994140625, 355.46612548828125, 132.8146514892578, 20.58784294128418, -2.258429527282715, 25.021100997924805, 25.699628829956055, -6.643982887268066, -62.12975311279297], [-200.6068115234375, 127.36933135986328, 60.56876754760742, -80.45779418945312, -14.805628776550293, 132.8146514892578, 286.74310302734375, 167.55108642578125, 63.21294403076172, 26.74610710144043, 58.84048080444336, 28.569232940673828, 1.5037126541137695], [428.4259338378906, 28.15169334411621, 19.905174255371094, -85.07632446289062, -140.01881408691406, 20.58784294128418, 167.55108642578125, 289.15643310546875, 135.5172119140625, 24.07419204711914, 44.328739166259766, 42.945316314697266, 24.741186141967773], [244.63047790527344, 118.98191833496094, 34.70054626464844, -41.92948913574219, -47.51239776611328, -2.258429527282715, 63.21294403076172, 135.5172119140625, 202.85911560058594, 83.42697143554688, 44.0870361328125, 37.12021255493164, 28.02543830871582], [139.8457794189453, -5.692373275756836, 57.094581604003906, 42.525753021240234, 48.06312942504883, 25.021100997924805, 26.74610710144043, 24.07419204711914, 83.42697143554688, 159.0644073486328, 79.1880111694336, 35.682682037353516, 26.678306579589844], [138.59823608398438, 81.96907043457031, 45.7718391418457, -16.793855667114258, -16.070802688598633, 25.699628829956055, 58.84048080444336, 44.328739166259766, 44.0870361328125, 79.1880111694336, 122.8667984008789, 59.39900588989258, 21.176368713378906], [327.6737976074219, 27.64153480529785, 51.661014556884766, -16.038711547851562, -57.96611785888672, -6.643982887268066, 28.569232940673828, 42.945316314697266, 37.12021255493164, 35.682682037353516, 59.39900588989258, 112.88335418701172, 63.054359436035156], [506.560302734375, 51.284183502197266, 55.91286087036133, 0.7731976509094238, -58.722938537597656, -62.12975311279297, 1.5037126541137695, 24.741186141967773, 28.02543830871582, 26.678306579589844, 21.176368713378906, 63.054359436035156, 140.37899780273438]], "lowlevel.mfcc.icov": [[0.00020292564295232296, 0.00033113034442067146, 0.00014865670527797192, 0.00019750508363358676, 0.00045492316712625325, 0.0001093662649509497, 4.725715916720219e-05, 9.50378380366601e-05, -0.00021684874081984162, -0.00010905998351518065, -0.00028425443451851606, 8.550635538995266e-05, -0.0006235882756300271], [0.00033113034442067146, 0.0010274051455780864, 0.000519612105563283, 0.0005891663022339344, 0.0004767315986100584, 0.0003520209575071931, -0.00025808202917687595, 0.0005293208523653448, -0.0008919725078158081, 0.0003118154127150774, -0.0010192298796027899, 0.0002510691119823605, -0.0013559418730437756], [0.00014865670527797192, 0.000519612105563283, 0.0011317288735881448, -9.695809421828017e-05, 5.262424747343175e-05, 0.0003680888912640512, -0.0005186689086258411, 0.0003727394505403936, -0.0006004490423947573, 0.00027737481286749244, -0.0006620267522521317, -0.00013352259702514857, -0.000824701739475131], [0.00019750508363358676, 0.0005891663022339344, -9.695809421828017e-05, 0.003453049110248685, -0.001700072200037539, 0.0005413737962953746, 0.000984976184554398, -0.0007591687608510256, 0.0004198031092528254, -0.0005957511602900922, -8.397360215894878e-05, -0.000282056862488389, -0.0010878863977268338], [0.00045492316712625325, 0.0004767315986100584, 5.262424747343175e-05, -0.001700072200037539, 0.004568168427795172, -0.00201016990467906, 0.00010263478179695085, 0.001500695594586432, -0.0008739711483940482, -0.0007329410873353481, -0.00028701149858534336, 0.0013308316702023149, -0.0013123825192451477], [0.0001093662649509497, 0.0003520209575071931, 0.0003680888912640512, 0.0005413737962953746, -0.00201016990467906, 0.005990884266793728, -0.0028533213771879673, 0.00019307498587295413, 0.0002228721568826586, -0.00025757565163075924, -0.00017055749776773155, -0.0014400073559954762, 0.0018112797988578677], [4.725715916720219e-05, -0.00025808202917687595, -0.0005186689086258411, 0.000984976184554398, 0.00010263478179695085, -0.0028533213771879673, 0.007976065389811993, -0.004484082572162151, 0.0013233732897788286, -0.000276805367320776, -0.0017208232311531901, 0.0008334238082170486, -0.000716484384611249], [9.50378380366601e-05, 0.0005293208523653448, 0.0003727394505403936, -0.0007591687608510256, 0.001500695594586432, 0.00019307498587295413, -0.004484082572162151, 0.008977274410426617, -0.0055685401894152164, 0.0025048167444765568, -0.0010186379076913, -0.0002792873128782958, -0.0005867613363079727], [-0.00021684874081984162, -0.0008919725078158081, -0.0006004490423947573, 0.0004198031092528254, -0.0008739711483940482, 0.0002228721568826586, 0.0013233732897788286, -0.0055685401894152164, 0.01090147066861391, -0.005790284369140863, 0.0025342078879475594, -0.0011824717512354255, 0.0011183839524164796], [-0.00010905998351518065, 0.0003118154127150774, 0.00027737481286749244, -0.0005957511602900922, -0.0007329410873353481, -0.00025757565163075924, -0.000276805367320776, 0.0025048167444765568, -0.005790284369140863, 0.01336586382240057, -0.008109872229397297, 0.0015672886511310935, -0.0015513963298872113], [-0.00028425443451851606, -0.0010192298796027899, -0.0006620267522521317, -8.397360215894878e-05, -0.00028701149858534336, -0.00017055749776773155, -0.0017208232311531901, -0.0010186379076913, 0.0025342078879475594, -0.008109872229397297, 0.01796572282910347, -0.007590766530483961, 0.0033993669785559177], [8.550635538995266e-05, 0.0002510691119823605, -0.00013352259702514857, -0.000282056862488389, 0.0013308316702023149, -0.0014400073559954762, 0.0008334238082170486, -0.0002792873128782958, -0.0011824717512354255, 0.0015672886511310935, -0.007590766530483961, 0.01676955632865429, -0.006834987085312605], [-0.0006235882756300271, -0.0013559418730437756, -0.000824701739475131, -0.0010878863977268338, -0.0013123825192451477, 0.0018112797988578677, -0.000716484384611249, -0.0005867613363079727, 0.0011183839524164796, -0.0015513963298872113, 0.0033993669785559177, -0.006834987085312605, 0.01319622527807951]], "metadata.audio_properties.analysis.downmix": "mix", "metadata.audio_properties.codec": "mp3", "metadata.audio_properties.md5_encoded": "1ca965545dd334977428153859bafac4", "metadata.tags.file_name": "1183702428160380968.mp3", "metadata.version.essentia": "2.1-beta6-dev", "metadata.version.essentia_git_sha": "v2.1_beta5-1110-g77a6a954", "metadata.version.extractor": "music 2.0", "tonal.chords_key": "F", "tonal.chords_scale": "minor", "tonal.key_edma.key": "F", "tonal.key_edma.scale": "minor", "tonal.key_krumhansl.key": "F", "tonal.key_krumhansl.scale": "minor", "tonal.key_temperley.key": "F", "tonal.key_temperley.scale": "minor", "metadata.tags.encoding": ["Lavf58.45.100"]}, "essentia_models": [{"model_name": "genre_dortmund", "activations": {"alternative": "0.041970216", "blues": "0.013974228", "electronic": "0.11478269", "folkcountry": "0.015346422", "funksoulrnb": "0.017949434", "jazz": "0.07340109", "pop": "0.0062575