{"song_id": "1183705690947194920", "download": "https://cdn.discordapp.com/attachments/1135911532732108921/1183705690947194920/chirp.mp4?ex=65894ed4&amp", "lyrics": "[Verse]\nIn the heart of the forest, where legends are born\nRoams a mighty herd, with power untold\nTheir coats radiant, gleaming bright\nThe Cheese Reindeer, ready to take flight\n\n[Chorus]\nOh, Cheese Reindeer, of strength and grace\nGuiding us through every earthly place\nTogether we stand, never to fall\nThe League of Mighty Cheese Reindeer, above all", "style": ["anthem"], "essentia_features": {"lowlevel.average_loudness": 0.9827808141708374, "lowlevel.barkbands_crest.mean": 12.970845222473145, "lowlevel.barkbands_crest.stdev": 4.966161727905273, "lowlevel.barkbands_flatness_db.mean": 0.14703468978405, "lowlevel.barkbands_flatness_db.stdev": 0.04766876623034477, "lowlevel.barkbands_kurtosis.mean": 11.392727851867676, "lowlevel.barkbands_kurtosis.stdev": 17.206928253173828, "lowlevel.barkbands_skewness.mean": 2.897798538208008, "lowlevel.barkbands_skewness.stdev": 1.5812135934829712, "lowlevel.barkbands_spread.mean": 24.477130889892578, "lowlevel.barkbands_spread.stdev": 14.799591064453125, "lowlevel.dissonance.mean": 0.4827274680137634, "lowlevel.dissonance.stdev": 0.01403010729700327, "lowlevel.dynamic_complexity": 1.1241848468780518, "lowlevel.erbbands_crest.mean": 7.786724090576172, "lowlevel.erbbands_crest.stdev": 3.676072835922241, "lowlevel.erbbands_flatness_db.mean": 0.10920248925685883, "lowlevel.erbbands_flatness_db.stdev": 0.025726474821567535, "lowlevel.erbbands_kurtosis.mean": -0.25175052881240845, "lowlevel.erbbands_kurtosis.stdev": 1.3477518558502197, "lowlevel.erbbands_skewness.mean": -0.2541200816631317, "lowlevel.erbbands_skewness.stdev": 0.7289251089096069, "lowlevel.erbbands_spread.mean": 67.72379302978516, "lowlevel.erbbands_spread.stdev": 22.945470809936523, "lowlevel.hfc.mean": 29.450002670288086, "lowlevel.hfc.stdev": 15.374529838562012, "lowlevel.loudness_ebu128.integrated": -12.997908592224121, "lowlevel.loudness_ebu128.loudness_range": 1.1025323867797852, "lowlevel.loudness_ebu128.momentary.mean": -13.04383373260498, "lowlevel.loudness_ebu128.momentary.stdev": 0.639406144618988, "lowlevel.loudness_ebu128.short_term.mean": -13.026265144348145, "lowlevel.loudness_ebu128.short_term.stdev": 0.3779469132423401, "lowlevel.melbands_crest.mean": 18.2237548828125, "lowlevel.melbands_crest.stdev": 5.1498565673828125, "lowlevel.melbands_flatness_db.mean": 0.2345864474773407, "lowlevel.melbands_flatness_db.stdev": 0.05730216205120087, "lowlevel.melbands_kurtosis.mean": 49.4776496887207, "lowlevel.melbands_kurtosis.stdev": 52.207889556884766, "lowlevel.melbands_skewness.mean": 5.701447486877441, "lowlevel.melbands_skewness.stdev": 2.4672107696533203, "lowlevel.melbands_spread.mean": 14.852239608764648, "lowlevel.melbands_spread.stdev": 11.299944877624512, "lowlevel.pitch_salience.mean": 0.502665102481842, "lowlevel.pitch_salience.stdev": 0.1363152265548706, "lowlevel.silence_rate_20dB.mean": 1.0, "lowlevel.silence_rate_20dB.stdev": 0.0, "lowlevel.silence_rate_30dB.mean": 0.8235689997673035, "lowlevel.silence_rate_30dB.stdev": 0.381186842918396, "lowlevel.silence_rate_60dB.mean": 0.0013468012912198901, "lowlevel.silence_rate_60dB.stdev": 0.03667372092604637, "lowlevel.spectral_centroid.mean": 1418.7388916015625, "lowlevel.spectral_centroid.stdev": 621.6785888671875, "lowlevel.spectral_complexity.mean": 21.586532592773438, "lowlevel.spectral_complexity.stdev": 8.967963218688965, "lowlevel.spectral_decrease.mean": -1.6222019283418376e-08, "lowlevel.spectral_decrease.stdev": 1.1082891937519435e-08, "lowlevel.spectral_energy.mean": 0.06389684975147247, "lowlevel.spectral_energy.stdev": 0.042183395475149155, "lowlevel.spectral_energyband_high.mean": 0.0018875395180657506, "lowlevel.spectral_energyband_high.stdev": 0.0015422827564179897, "lowlevel.spectral_energyband_low.mean": 0.0458364263176918, "lowlevel.spectral_energyband_low.stdev": 0.043290939182043076, "lowlevel.spectral_energyband_middle_high.mean": 0.00432750815525651, "lowlevel.spectral_energyband_middle_high.stdev": 0.003194098826497793, "lowlevel.spectral_energyband_middle_low.mean": 0.016434617340564728, "lowlevel.spectral_energyband_middle_low.stdev": 0.013239875435829163, "lowlevel.spectral_entropy.mean": 7.860166072845459, "lowlevel.spectral_entropy.stdev": 0.2959970235824585, "lowlevel.spectral_flux.mean": 0.12715713679790497, "lowlevel.spectral_flux.stdev": 0.0773463323712349, "lowlevel.spectral_kurtosis.mean": 2.330866575241089, "lowlevel.spectral_kurtosis.stdev": 1.3736580610275269, "lowlevel.spectral_rms.mean": 0.007543500047177076, "lowlevel.spectral_rms.stdev": 0.002331097610294819, "lowlevel.spectral_rolloff.mean": 862.850830078125, "lowlevel.spectral_rolloff.stdev": 1081.1671142578125, "lowlevel.spectral_skewness.mean": 1.1656816005706787, "lowlevel.spectral_skewness.stdev": 0.3202052414417267, "lowlevel.spectral_spread.mean": 5688534.0, "lowlevel.spectral_spread.stdev": 1075869.25, "lowlevel.spectral_strongpeak.mean": 0.6127635836601257, "lowlevel.spectral_strongpeak.stdev": 0.35098913311958313, "lowlevel.zerocrossingrate.mean": 0.05717132240533829, "lowlevel.zerocrossingrate.stdev": 0.028017211705446243, "metadata.audio_properties.analysis.equal_loudness": 0.0, "metadata.audio_properties.analysis.length": 34.453311920166016, "metadata.audio_properties.analysis.sample_rate": 44100.0, "metadata.audio_properties.analysis.start_time": 0.0, "metadata.audio_properties.bit_rate": 119321.0, "metadata.audio_properties.length": 34.45333480834961, "metadata.audio_properties.lossless": 0.0, "metadata.audio_properties.number_channels": 1.0, "metadata.audio_properties.replay_gain": -11.588325500488281, "metadata.audio_properties.sample_rate": 48000.0, "rhythm.beats_count": 89.0, "rhythm.beats_loudness.mean": 0.1104745864868164, "rhythm.beats_loudness.stdev": 0.0495736300945282, "rhythm.bpm": 154.2322998046875, "rhythm.bpm_histogram_first_peak_bpm": 152.0, "rhythm.bpm_histogram_first_peak_weight": 0.0, "rhythm.bpm_histogram_second_peak_bpm": 157.0, "rhythm.bpm_histogram_second_peak_spread": 0.40740740299224854, "rhythm.bpm_histogram_second_peak_weight": 0.3636363744735718, "rhythm.danceability": 2.7261147499084473, "rhythm.onset_rate": 3.5973284244537354, "tonal.chords_changes_rate": 0.09152086079120636, "tonal.chords_number_rate": 0.013458950445055962, "tonal.chords_strength.mean": 0.5243030190467834, "tonal.chords_strength.stdev": 0.09797513484954834, "tonal.hpcp_crest.mean": 11.27926254272461, "tonal.hpcp_crest.stdev": 5.6228508949279785, "tonal.hpcp_entropy.mean": 2.4589555263519287, "tonal.hpcp_entropy.stdev": 0.7817383408546448, "tonal.key_edma.strength": 0.6532665491104126, "tonal.key_krumhansl.strength": 0.6627840399742126, "tonal.key_temperley.strength": 0.6782732605934143, "tonal.tuning_diatonic_strength": 0.6473450064659119, "tonal.tuning_equal_tempered_deviation": 0.2519097328186035, "tonal.tuning_frequency": 434.193115234375, "tonal.tuning_nontempered_energy_ratio": 0.923748791217804, "lowlevel.barkbands.mean": [0.00103212078101933, 0.03049461729824543, 0.009802920743823051, 0.008298264816403389, 0.00548329995945096, 0.0007828759262338281, 0.0006605674861930311, 0.0006392737268470228, 0.00042005180148407817, 0.00044111753231845796, 0.00021389506582636386, 0.00030670364503748715, 0.00035313187981955707, 0.0002680452016647905, 0.00035618245601654053, 0.000811422651167959, 0.0005021767574362457, 0.00032087258296087384, 0.0006369770271703601, 0.00030722710653208196, 0.0002948306209873408, 0.0005231532850302756, 0.0003818928962573409, 0.00030756942578591406, 0.00015101354802027345, 0.00010162938269786537, 5.064825472800294e-06], "lowlevel.barkbands.stdev": [0.0011809717398136854, 0.039542265236377716, 0.01390509307384491, 0.006339163053780794, 0.010049902833998203, 0.0012946930946782231, 0.0011332242283970118, 0.001287168706767261, 0.0008038881933316588, 0.0011681410251185298, 0.0005469462485052645, 0.0005938992253504694, 0.0006844024173915386, 0.0005063061835244298, 0.0006743285339325666, 0.0017042749095708132, 0.0005526112508960068, 0.0003010753425769508, 0.0008048263844102621, 0.0002866421127691865, 0.00031144361128099263, 0.0005697390879504383, 0.000344984931871295, 0.00025834544794633985, 0.00013104756362736225, 0.00010584247502265498, 9.235141988028772e-06], "lowlevel.erbbands.mean": [0.9142832159996033, 6.60660982131958, 11.694902420043945, 21.9721622467041, 27.08721351623535, 12.987765312194824, 6.460127353668213, 6.7860236167907715, 9.065834045410156, 12.47872257232666, 12.014955520629883, 10.200489044189453, 13.797769546508789, 8.88296890258789, 11.968499183654785, 12.078437805175781, 16.16225242614746, 13.824264526367188, 17.456602096557617, 23.998022079467773, 48.57718276977539, 29.18634033203125, 16.459007263183594, 33.762874603271484, 24.307262420654297, 14.023283958435059, 10.71989917755127, 13.845251083374023, 19.83462905883789, 15.501367568969727, 9.373177528381348, 7.605518817901611, 4.1746039390563965, 1.9794700145721436, 0.8450086712837219, 0.41680386662483215, 0.1967652440071106, 0.034894030541181564, 0.0007338591967709363, 9.711915481602773e-05], "lowlevel.erbbands.stdev": [1.2516883611679077, 9.018749237060547, 15.98576831817627, 16.291885375976562, 38.43034744262695, 24.251718521118164, 10.870551109313965, 11.997572898864746, 16.289886474609375, 19.98213005065918, 30.469545364379883, 18.12079429626465, 34.89834976196289, 18.50630760192871, 29.651365280151367, 21.54203987121582, 29.753494262695312, 23.306270599365234, 31.701866149902344, 43.34348678588867, 97.1051025390625, 30.707477569580078, 14.396166801452637, 40.26157760620117, 27.84108543395996, 12.9098482131958, 10.85800552368164, 14.871614456176758, 21.977458953857422, 15.991271018981934, 8.506036758422852, 6.565374851226807, 3.5849244594573975, 1.7824980020523071, 0.7702289819717407, 0.4179838001728058, 0.21505193412303925, 0.04601358622312546, 0.0009316487121395767, 5.4563886806136e-05], "lowlevel.gfcc.mean": [47.682376861572266, 63.651214599609375, -83.36140441894531, 66.26741027832031, -41.00820541381836, 26.834524154663086, -36.14485168457031, 13.52145004272461, -20.242759704589844, 0.6998583078384399, -21.794219970703125, 1.857828974723816, -22.300212860107422], "lowlevel.melbands.mean": [0.00840320810675621, 0.007058995775878429, 0.003938634414225817, 0.0014511768240481615, 0.00025478278985247016, 0.0001516763586550951, 0.0001376155996695161, 0.0001413418649462983, 9.252753807231784e-05, 6.125545041868463e-05, 6.979116005823016e-05, 3.798422767431475e-05, 3.39320904458873e-05, 3.7197958590695634e-05, 2.9862219889764674e-05, 3.632535663200542e-05, 2.4225171728176065e-05, 2.776898145384621e-05, 2.6073828848893754e-05, 4.307325798436068e-05, 5.796404366265051e-05, 3.2381372875534e-05, 1.5560306565021165e-05, 1.5318390069296584e-05, 2.9586908567580394e-05, 2.124268576153554e-05, 1.376390537188854e-05, 7.986221135070082e-06, 6.51132722850889e-06, 6.975228643568698e-06, 8.210156920540612e-06, 1.1997902220173273e-05, 9.177107131108642e-06, 8.610294571553823e-06, 5.459029580379138e-06, 4.429307864484144e-06, 4.932339834340382e-06, 3.343355274409987e-06, 2.1217408630036516e-06, 1.4573791986549622e-06], "lowlevel.melbands.stdev": [0.011117929592728615, 0.008160612545907497, 0.0027671437710523605, 0.0024665589444339275, 0.0004335245175752789, 0.00025965648819692433, 0.00024157355073839426, 0.00022549027926288545, 0.00024793477496132255, 0.0001111087913159281, 0.00018238573102280498, 8.865819108905271e-05, 8.341123611899093e-05, 7.593946065753698e-05, 5.399220026447438e-05, 7.727658521616831e-05, 4.4287477066973224e-05, 5.347377009456977e-05, 5.0083614041795954e-05, 9.240582585334778e-05, 0.00011407435522414744, 3.704964183270931e-05, 1.6034362488426268e-05, 1.440952837583609e-05, 3.7323625292629004e-05, 2.9507295039366e-05, 1.350806178379571e-05, 8.034181519178674e-06, 7.06967102814815e-06, 7.430262485286221e-06, 9.353791938337963e-06, 1.3503615264198743e-05, 1.1223368346691132e-05, 8.755686394579243e-06, 5.134374987392221e-06, 4.145274942857213e-06, 4.4216412788955495e-06, 2.9962557164253667e-06, 2.1039888906670967e-06, 1.3704215007237508e-06], "lowlevel.melbands128.mean": [0.0008550370112061501, 0.006741806399077177, 0.012264245189726353, 0.010451075620949268, 0.006476949900388718, 0.004739788826555014, 0.004637763369828463, 0.003840014571323991, 0.0028152060694992542, 0.0014451544266194105, 0.0004948046989738941, 0.0003051541862078011, 0.00020063288684468716, 0.00016553106252104044, 0.0001572662586113438, 0.00014036746870260686, 0.00014151369396131486, 0.00014747046225238591, 0.00011461081157904118, 0.00014578524860553443, 0.00015996333968359977, 0.00011371856817277148, 8.354301826329902e-05, 6.733639747835696e-05, 7.232030475279316e-05, 5.037566734245047e-05, 5.541698556044139e-05, 7.793085387675092e-05, 8.219526353059337e-05, 4.4479387725004926e-05, 2.267855597892776e-05, 1.9569570213207044e-05, 3.0263783628470264e-05, 5.020878597861156e-05, 4.32112101407256e-05, 3.1632713216822594e-05, 2.97029491775902e-05, 2.6851270376937464e-05, 2.9826676836819388e-05, 4.244776937412098e-05, 4.018921754322946e-05, 2.5124259991571307e-05, 2.0746720110764727e-05, 2.5574927349225618e-05, 2.7491596483741887e-05, 2.7855043299496174e-05, 2.972899892483838e-05, 2.090195266646333e-05, 2.681836485862732e-05, 3.3535707189003006e-05, 3.178660699632019e-05, 7.014880975475535e-05, 7.301881123567e-05, 4.590908429236151e-05, 3.8626298191957176e-05, 3.4499091270845383e-05, 2.5371755327796564e-05, 1.6432355550932698e-05, 1.25022361316951e-05, 1.1804261703218799e-05, 1.3184288945922162e-05, 1.8671027646632865e-05, 2.7443666112958454e-05, 3.571270644897595e-05, 2.8882015612907708e-05, 2.1702364392695017e-05, 1.5734634871478193e-05, 1.4026547432877123e-05, 1.5115414498723112e-05, 1.1105157682322897e-05, 7.073459528328385e-06, 6.8821482273051515e-06, 6.824654064985225e-06, 6.821468559792265e-06, 5.432225862023188e-06, 6.397157449100632e-06, 8.462196092295926e-06, 7.214567631308455e-06, 7.524899501731852e-06, 9.049900654645171e-06, 1.3421034054772463e-05, 1.3146344826964196e-05, 9.714460247778334e-06, 9.088271326618269e-06, 7.94815150584327e-06, 9.232861884811427e-06, 9.0556613940862e-06, 6.943912921997253e-06, 4.895767233392689e-06, 4.757073838845827e-06, 4.632359377865214e-06, 4.21381901105633e-06, 4.265535608283244e-06, 4.884027475782204e-06, 5.560272256843746e-06, 4.846383944823174e-06, 2.521542910471908e-06, 1.5221128251141636e-06, 2.4317509996762965e-06, 2.423915248073172e-06, 1.4409230288947583e-06, 1.5232579926305334e-06, 1.027383518703573e-06, 1.1139976550111896e-06, 7.558464858448133e-07, 9.121767448050377e-07, 9.76358251136844e-07, 7.181529326771852e-07, 6.626266895182198e-07, 6.680055548713426e-07, 6.377066483764793e-07, 7.403853601317678e-07, 6.553489129146328e-07, 5.88495993270044e-07, 4.7116259338508826e-07, 4.7417901782864647e-07, 2.107546350771372e-07, 8.607744739208556e-09, 9.671539610844881e-12, 9.126003772119695e-12, 8.830018313754628e-12, 8.614263816153489e-12, 8.38417269638514e-12, 8.21884487550717e-12, 8.057801821614863e-12, 7.887113705196125e-12, 7.781224449499025e-12, 7.730350214119053e-12], "lowlevel.melbands128.stdev": [0.0011039740638807416, 0.009654470719397068, 0.018535709008574486, 0.015026629902422428, 0.010053367353975773, 0.006333951838314533, 0.004003879614174366, 0.0035613025538623333, 0.004921325948089361, 0.0032944921404123306, 0.0010793963447213173, 0.0006957135046832263, 0.00041890377178788185, 0.00036241530324332416, 0.0003692758909892291, 0.00029485515551641583, 0.00032397787435911596, 0.0003657874185591936, 0.00023847610282246023, 0.0003131373377982527, 0.00030717061599716544, 0.00033424675348214805, 0.00037700848770327866, 0.00019386086205486208, 0.00016349572979379445, 0.00012654588499572128, 0.00017424506950192153, 0.000244698952883482, 0.0003088881785515696, 0.0001363341580145061, 5.149493881617673e-05, 4.624355278792791e-05, 8.672993135405704e-05, 0.00018238600750919431, 0.0001264479069504887, 8.235559653257951e-05, 6.871166988275945e-05, 6.784927245462313e-05, 7.065839599817991e-05, 0.00010058034240501001, 0.00011410198931116611, 6.0046888393117115e-05, 4.706587424152531e-05, 5.9659734688466415e-05, 7.038335752440616e-05, 6.836733518866822e-05, 7.836722943466157e-05, 5.728445466957055e-05, 6.690630834782496e-05, 8.40290667838417e-05, 7.539613579865545e-05, 0.0002127351617673412, 0.00018500868463888764, 9.166765084955841e-05, 6.122214836068451e-05, 4.623904897016473e-05, 3.415162427700125e-05, 2.154675530618988e-05, 1.479668208048679e-05, 1.3683258657692932e-05, 1.4759724763280246e-05, 2.2091384380473755e-05, 3.737259248737246e-05, 5.299309850670397e-05, 5.0449092668714e-05, 3.636264591477811e-05, 2.6958876333083026e-05, 1.7557478713570163e-05, 1.6626243450446054e-05, 1.2687911294051446e-05, 8.943166903918609e-06, 8.164039172697812e-06, 8.646919923194218e-06, 8.456820069113746e-06, 6.99119391356362e-06, 7.4408098953426816e-06, 1.0513746929063927e-05, 9.770216820470523e-06, 1.0704154192353599e-05, 1.080220772564644e-05, 1.7396750990883447e-05, 1.644546318857465e-05, 1.4181717233441304e-05, 1.2447375411284156e-05, 1.102326586988056e-05, 1.0648645911714993e-05, 9.940206837200094e-06, 7.4949580266547855e-06, 5.163688911125064e-06, 5.613374469248811e-06, 5.175195383344544e-06, 4.497961981542176e-06, 4.44172019342659e-06, 4.931146577291656e-06, 5.773430984845618e-06, 4.667998382501537e-06, 2.7642947770800674e-06, 2.0609315924957627e-06, 2.7899693577637663e-06, 2.4233706881204853e-06, 1.7251800272788387e-06, 1.600103246346407e-06, 1.1511815500853118e-06, 1.2961864968019654e-06, 9.341239319837769e-07, 9.521247079646855e-07, 1.101580664908397e-06, 8.565799589632661e-07, 8.396126531806658e-07, 8.126285706566705e-07, 7.769082799313765e-07, 9.586183296050876e-07, 7.951503562253492e-07, 7.268517947522923e-07, 5.999958716529363e-07, 7.125353818082658e-07, 3.8056236917327624e-07, 2.629860063052547e-08, 1.308205974104304e-11, 1.2597828162597136e-11, 1.224504699026685e-11, 1.1957240753091014e-11, 1.169099712872157e-11, 1.1476077900474113e-11, 1.1299498663130958e-11, 1.1158370234742865e-11, 1.1056658193175917e-11, 1.0993995644414944e-11], "lowlevel.mfcc.mean": [-602.28271484375, 87.38528442382812, 25.112199783325195, 44.27107620239258, 24.813602447509766, 19.597230911254883, 3.3913092613220215, 16.392314910888672, 2.358873128890991, 5.453742027282715, 4.3977274894714355, 0.7642608284950256, 0.4159460961818695], "lowlevel.spectral_contrast_coeffs.mean": [-0.6695836782455444, -0.7874866127967834, -0.820286214351654, -0.7980188727378845, -0.7864348292350769, -0.7331193685531616], "lowlevel.spectral_contrast_coeffs.stdev": [0.0665859580039978, 0.06125151738524437, 0.05481325834989548, 0.05664952099323273, 0.04240063950419426, 0.0373142771422863], "lowlevel.spectral_contrast_valleys.mean": [-6.071325778961182, -6.800459861755371, -7.409461975097656, -7.297643184661865, -7.035794734954834, -9.47779655456543], "lowlevel.spectral_contrast_valleys.stdev": [0.4562614858150482, 0.5342258214950562, 0.5213866829872131, 0.44604018330574036, 0.5463408827781677, 0.7304715514183044], "rhythm.beats_loudness_band_ratio.mean": [0.8600677251815796, 0.12111539393663406, 0.02107507735490799, 0.016230260953307152, 0.03132462874054909, 0.03553484007716179], "rhythm.beats_loudness_band_ratio.stdev": [0.1006285548210144, 0.16632670164108276, 0.017682289704680443, 0.02154848352074623, 0.03248113766312599, 0.03021683543920517], "tonal.hpcp.mean": [0.1758628636598587, 0.16326676309108734, 0.07508109509944916, 0.04213721677660942, 0.03038947843015194, 0.032855477184057236, 0.04594745859503746, 0.047249238938093185, 0.04986428841948509, 0.12772028148174286, 0.15664377808570862, 0.08667495101690292, 0.05755489319562912, 0.051423683762550354, 0.045909859240055084, 0.1161617636680603, 0.22746641933918, 0.17575931549072266, 0.07623323053121567, 0.05242321267724037, 0.03767949342727661, 0.07101287692785263, 0.10959772020578384, 0.09933166950941086, 0.1360926330089569, 0.1519991159439087, 0.08081801235675812, 0.045348573476076126, 0.03939051926136017, 0.056713711470365524, 0.17007192969322205, 0.21885333955287933, 0.13811282813549042, 0.08607744425535202, 0.06893288344144821, 0.09664024412631989], "tonal.hpcp.stdev": [0.31312695145606995, 0.3041399419307709, 0.18814224004745483, 0.14959007501602173, 0.12325648218393326, 0.13233566284179688, 0.15440316498279572, 0.1432400494813919, 0.14346861839294434, 0.2657262980937958, 0.30647921562194824, 0.18572625517845154, 0.15283417701721191, 0.14329533278942108, 0.1375313550233841, 0.2096874862909317, 0.35180148482322693, 0.27906087040901184, 0.20125943422317505, 0.1687335968017578, 0.1294821947813034, 0.17185404896736145, 0.25483351945877075, 0.20075875520706177, 0.27011772990226746, 0.3106379806995392, 0.18621470034122467, 0.143306702375412, 0.12975333631038666, 0.15206600725650787, 0.28547486662864685, 0.3450981378555298, 0.24942994117736816, 0.2102348655462265, 0.1756802350282669, 0.22363656759262085], "rhythm.beats_position": [0.3715192675590515, 0.7546485066413879, 1.1377778053283691, 1.5325169563293457, 1.9272562265396118, 2.3103854656219482, 2.6819047927856445, 3.0650339126586914, 3.4481632709503174, 3.8312923908233643, 4.22603178024292, 4.6207709312438965, 4.992290019989014, 5.375419616699219, 5.758548736572266, 6.153287887573242, 6.536417007446289, 6.919546127319336, 7.291065692901611, 7.685804843902588, 8.080544471740723, 8.46367359161377, 8.846802711486816, 9.229931831359863, 9.61306095123291, 9.996190071105957, 10.379319190979004, 10.77405834197998, 11.145578384399414, 11.528707504272461, 11.911836624145508, 12.306575775146484, 12.689704895019531, 13.072834014892578, 13.444353103637695, 13.839092254638672, 14.233832359313965, 14.605351448059082, 15.000090599060059, 15.371609687805176, 15.766348838806152, 16.137868881225586, 16.532608032226562, 16.90412712097168, 17.298866271972656, 17.681995391845703, 18.06512451171875, 18.436643600463867, 18.831382751464844, 19.22612190246582, 19.609251022338867, 19.992380142211914, 20.38711929321289, 20.758638381958008, 21.153377532958984, 21.5248966217041, 21.91963768005371, 22.291156768798828, 22.685895919799805, 23.057415008544922, 23.44054412841797, 23.823673248291016, 24.218412399291992, 24.60154151916504, 24.984670639038086, 25.379409790039062, 25.77414894104004, 26.157278060913086, 26.540407180786133, 26.91192626953125, 27.306665420532227, 27.678184509277344, 28.072925567626953, 28.44444465637207, 28.839183807373047, 29.210702896118164, 29.60544204711914, 29.976961135864258, 30.371700286865234, 30.75482940673828, 31.149568557739258, 31.532697677612305, 31.92743682861328, 32.29895782470703, 32.693695068359375, 33.065216064453125, 33.45995330810547, 33.83147430419922, 34.22621154785156], "rhythm.bpm_histogram": [0.0, 0.0, 0.0, 0.0, 0.0, 0.0, 0.0, 0.0, 0.0, 0.0, 0.0, 0.0, 0.0, 0.0, 0.0, 0.0, 0.0, 0.0, 0.0, 0.0, 0.0, 0.0, 0.0, 0.0, 0.0, 0.0, 0.0, 0.0, 0.0, 0.0, 0.0, 0.0, 0.0, 0.0, 0.0, 0.0, 0.0, 0.0, 0.0, 0.0, 0.0, 0.0, 0.0, 0.0, 0.0, 0.0, 0.0, 0.0, 0.0, 0.0, 0.0, 0.0, 0.0, 0.0, 0.0, 0.0, 0.0, 0.0, 0.0, 0.0, 0.0, 0.0, 0.0, 0.0, 0.0, 0.0, 0.0, 0.0, 0.0, 0.0, 0.0, 0.0, 0.0, 0.0, 0.0, 0.0, 0.0, 0.0, 0.0, 0.0, 0.0, 0.0, 0.0, 0.0, 0.0, 0.0, 0.0, 0.0, 0.0, 0.0, 0.0, 0.0, 0.0, 0.0, 0.0, 0.0, 0.0, 0.0, 0.0, 0.0, 0.0, 0.0, 0.0, 0.0, 0.0, 0.0, 0.0, 0.0, 0.0, 0.0, 0.0, 0.0, 0.0, 0.0, 0.0, 0.0, 0.0, 0.0, 0.0, 0.0, 0.0, 0.0, 0.0, 0.0, 0.0, 0.0, 0.0, 0.0, 0.0, 0.0, 0.0, 0.0, 0.0, 0.0, 0.0, 0.0, 0.0, 0.0, 0.0, 0.0, 0.0, 0.0, 0.0, 0.0, 0.0, 0.0, 0.0, 0.0, 0.0, 0.0, 0.0, 0.0, 0.3863636255264282, 0.0, 0.0, 0.0, 0.0, 0.3636363744735718, 0.0, 0.0, 0.0, 0.25, 0.0, 0.0, 0.0, 0.0, 0.0, 0.0, 0.0, 0.0, 0.0, 0.0, 0.0, 0.0, 0.0, 0.0, 0.0, 0.0, 0.0, 0.0, 0.0, 0.0, 0.0, 0.0, 0.0, 0.0, 0.0, 0.0, 0.0, 0.0, 0.0, 0.0, 0.0, 0.0, 0.0, 0.0, 0.0, 0.0, 0.0, 0.0, 0.0, 0.0, 0.0, 0.0, 0.0, 0.0, 0.0, 0.0, 0.0, 0.0, 0.0, 0.0, 0.0, 0.0, 0.0, 0.0, 0.0, 0.0, 0.0, 0.0, 0.0, 0.0, 0.0, 0.0, 0.0, 0.0, 0.0, 0.0, 0.0, 0.0, 0.0, 0.0, 0.0, 0.0, 0.0, 0.0, 0.0, 0.0, 0.0, 0.0, 0.0, 0.0, 0.0, 0.0, 0.0, 0.0, 0.0, 0.0, 0.0, 0.0], "tonal.chords_histogram": [20.457603454589844, 0.0, 21.399730682373047, 0.0, 0.0, 0.0, 4.037684917449951, 2.1534321308135986, 0.0, 0.0, 0.0, 0.0, 0.0, 0.0, 7.8061909675598145, 7.537012100219727, 0.13458950817584991, 13.45895004272461, 0.0, 0.40376850962638855, 0.0, 8.344549179077148, 7.133243560791016, 7.133243560791016], "tonal.thpcp": [1.0, 0.7726824879646301, 0.335140585899353, 0.23046572506427765, 0.16564859449863434, 0.31219059228897095, 0.4818193316459656, 0.436687171459198, 0.5982977151870728, 0.6682265996932983, 0.35529646277427673, 0.1993638128042221, 0.17317070066928864, 0.24932783842086792, 0.7476792931556702, 0.9621347188949585, 0.6071789860725403, 0.3784182369709015, 0.30304640531539917, 0.42485499382019043, 0.7731376886367798, 0.7177620530128479, 0.3300755023956299, 0.18524587154388428, 0.13359984755516052, 0.14444099366664886, 0.20199666917324066, 0.207719624042511, 0.21921604871749878, 0.5614907145500183, 0.6886457204818726, 0.38104504346847534, 0.2530258893966675, 0.2260715365409851, 0.2018313705921173, 0.5106765627861023], "lowlevel.gfcc.cov": [[1469.916748046875, -491.3974609375, -36.833595275878906, -15.045527458190918, -83.53890228271484, 16.166086196899414, -28.067472457885742, 94.02377319335938, -51.972198486328125, 78.07772064208984, -99.78911590576172, 31.12959098815918, -27.550302505493164], [-491.3974609375, 785.2175903320312, -119.07655334472656, -207.44285583496094, 40.776432037353516, -80.84810638427734, 54.16498565673828, -33.32050323486328, 114.62480163574219, -68.10604095458984, 145.6399383544922, -13.95373821258545, 14.960272789001465], [-36.833595275878906, -119.07655334472656, 234.85800170898438, 44.94172286987305, 35.428466796875, 38.195533752441406, 2.2624311447143555, -25.31291389465332, -43.76149368286133, 27.82123374938965, -17.490026473999023, 25.15400505065918, 7.0005598068237305], [-15.045527458190918, -207.44285583496094, 44.94172286987305, 317.0108947753906, 83.04850006103516, -7.6959943771362305, -80.5428237915039, -29.451284408569336, 23.674062728881836, 18.35334587097168, -9.060458183288574, -0.5228728652000427, 44.319576263427734], [-83.53890228271484, 40.776432037353516, 35.428466796875, 83.04850006103516, 215.43316650390625, -0.9848473072052002, -59.40895462036133, -1.1560832262039185, 65.4014663696289, 39.479759216308594, 32.784244537353516, -6.210165500640869, 7.086095333099365], [16.166086196899414, -80.84810638427734, 38.195533752441406, -7.6959943771362305, -0.9848473072052002, 147.9739227294922, 112.68758392333984, 43.25812530517578, -13.928442001342773, 17.840423583984375, -0.21633471548557281, -11.782036781311035, -10.357523918151855], [-28.067472457885742, 54.16498565673828, 2.2624311447143555, -80.5428237915039, -59.40895462036133, 112.68758392333984, 256.4711608886719, 103.77640533447266, -13.421289443969727, -29.63742446899414, 17.57928466796875, 4.786571502685547, -15.479308128356934], [94.02377319335938, -33.32050323486328, -25.31291389465332, -29.451284408569336, -1.1560832262039185, 43.25812530517578, 103.77640533447266, 147.37188720703125, 43.43064498901367, 9.828742027282715, 5.023545265197754, 1.5261967182159424, -1.4024304151535034], [-51.972198486328125, 114.62480163574219, -43.76149368286133, 23.674062728881836, 65.4014663696289, -13.928442001342773, -13.421289443969727, 43.43064498901367, 142.2061767578125, 49.20201873779297, 49.745845794677734, -10.749157905578613, 2.594238519668579], [78.07772064208984, -68.10604095458984, 27.82123374938965, 18.35334587097168, 39.479759216308594, 17.840423583984375, -29.63742446899414, 9.828742027282715, 49.20201873779297, 105.9525146484375, 30.62925148010254, 1.156184196472168, -11.812294960021973], [-99.78911590576172, 145.6399383544922, -17.490026473999023, -9.060458183288574, 32.784244537353516, -0.21633471548557281, 17.57928466796875, 5.023545265197754, 49.745845794677734, 30.62925148010254, 93.74002075195312, 18.171743392944336, 5.524038314819336], [31.12959098815918, -13.95373821258545, 25.15400505065918, -0.5228728652000427, -6.210165500640869, -11.782036781311035, 4.786571502685547, 1.5261967182159424, -10.749157905578613, 1.156184196472168, 18.171743392944336, 69.05860900878906, 35.41856002807617], [-27.550302505493164, 14.960272789001465, 7.0005598068237305, 44.319576263427734, 7.086095333099365, -10.357523918151855, -15.479308128356934, -1.4024304151535034, 2.594238519668579, -11.812294960021973, 5.524038314819336, 35.41856002807617, 77.95359802246094]], "lowlevel.gfcc.icov": [[0.0010405209613963962, 0.0005812753224745393, 0.0005300315096974373, 0.00034266148577444255, 8.312698628287762e-05, 0.00020334268629085273, 0.00015168890240602195, -0.0005528664914891124, 0.00019051878189202398, -0.0007917885086499155, 0.0005939134862273932, -0.0007204521680250764, 0.00021234109590295702], [0.0005812753224745393, 0.007563099730759859, -0.00012521569442469627, 0.005729926750063896, -0.0019371778471395373, 0.004158624913543463, -0.003346025012433529, 0.00508554931730032, -0.00595356710255146, 0.006969859823584557, -0.009562800638377666, 0.006149216089397669, -0.005198747850954533], [0.0005300315096974373, -0.00012521569442469627, 0.006365288980305195, -0.0007296358235180378, -0.001448582741431892, -0.0010285741882398725, -0.0008125403546728194, 0.0008853960898704827, 0.002493818523362279, -0.003509167116135359, 0.0029540914110839367, -0.003540993435308337, 0.0006889394717290998], [0.00034266148577444255, 0.005729926750063896, -0.0007296358235180378, 0.008570821955800056, -0.002580572385340929, 0.0025955287273973227, -0.001688457909040153, 0.004336778540164232, -0.00514665711671114, 0.005271940492093563, -0.006581165362149477, 0.005832986440509558, -0.006677419412881136], [8.312698628287762e-05, -0.0019371778471395373, -0.001448582741431892, -0.002580572385340929, 0.0075261653400957584, -0.002566504990682006, 0.0034422394819557667, -0.0025086558889597654, -0.0009065961930900812, -0.001113773207180202, 0.0003691732999868691, -0.0010778672294691205, 0.0019366141641512513], [0.00020334268629085273, 0.004158624913543463, -0.0010285741882398725, 0.0025955287273973227, -0.002566504990682006, 0.015922021120786667, -0.009318657219409943, 0.00328807532787323, -0.00052621029317379, -0.0014989858027547598, -0.004128067288547754, 0.007802972104400396, -0.0050143650732934475], [0.00015168890240602195, -0.003346025012433529, -0.0008125403546728194, -0.001688457909040153, 0.0034422394819557667, -0.009318657219409943, 0.013453035615384579, -0.009003830142319202, 0.003067098557949066, 0.0023174353409558535, -7.08962625139975e-06, -0.004616473335772753, 0.005034124944359064], [-0.0005528664914891124, 0.00508554931730032, 0.0008853960898704827, 0.004336778540164232, -0.0025086558889597654, 0.00328807532787323, -0.009003830142319202, 0.017160866409540176, -0.009215538389980793, 0.0034693381749093533, -0.0028594371397048235, 0.003416173392906785, -0.0050478833727538586], [0.00019051878189202398, -0.00595356710255146, 0.002493818523362279, -0.00514665711671114, -0.0009065961930900812, -0.00052621029317379, 0.003067098557949066, -0.009215538389980793, 0.01976616121828556, -0.011358865536749363, 0.0029550620820373297, -0.001094843610189855, 0.002276781015098095], [-0.0007917885086499155, 0.006969859823584557, -0.003509167116135359, 0.005271940492093563, -0.001113773207180202, -0.0014989858027547598, 0.0023174353409558535, 0.0034693381749093533, -0.011358865536749363, 0.024993469938635826, -0.015046956017613411, 0.004651080816984177, -0.0007566234562546015], [0.0005939134862273932, -0.009562800638377666, 0.0029540914110839367, -0.006581165362149477, 0.0003691732999868691, -0.004128067288547754, -7.08962625139975e-06, -0.0028594371397048235, 0.0029550620820373297, -0.015046956017613411, 0.031984612345695496, -0.015334982424974442, 0.007209158968180418], [-0.0007204521680250764, 0.006149216089397669, -0.003540993435308337, 0.005832986440509558, -0.0010778672294691205, 0.007802972104400396, -0.004616473335772753, 0.003416173392906785, -0.001094843610189855, 0.004651080816984177, -0.015334982424974442, 0.031083382666110992, -0.016448479145765305], [0.00021234109590295702, -0.005198747850954533, 0.0006889394717290998, -0.006677419412881136, 0.0019366141641512513, -0.0050143650732934475, 0.005034124944359064, -0.0050478833727538586, 0.002276781015098095, -0.0007566234562546015, 0.007209158968180418, -0.016448479145765305, 0.024474071338772774]], "lowlevel.mfcc.cov": [[1511.5400390625, -460.22052001953125, -51.67878341674805, -39.91615676879883, -80.3998794555664, -68.83383178710938, -12.242340087890625, -26.35932159423828, 63.991939544677734, 23.14154624938965, -13.374019622802734, 0.13676775991916656, 8.730790138244629], [-460.22052001953125, 828.89208984375, -125.15837860107422, -145.7406768798828, -45.66352462768555, -73.6402587890625, -34.07283020019531, 52.75126266479492, -74.26264190673828, -13.613232612609863, 81.82935333251953, 31.280542373657227, -3.9396815299987793], [-51.67878341674805, -125.15837860107422, 187.93101501464844, 7.2618818283081055, -41.63310241699219, 46.73958206176758, 47.59842300415039, -6.298911094665527, 10.842684745788574, -22.87725067138672, -36.88765335083008, 0.46043816208839417, -1.7797166109085083], [-39.91615676879883, -145.7406768798828, 7.2618818283081055, 224.62599182128906, 135.4523468017578, 24.374713897705078, -64.1080551147461, -35.902950286865234, -14.366251945495605, 1.8710005283355713, -34.38764190673828, -26.194982528686523, 22.047006607055664], [-80.3998794555664, -45.66352462768555, -41.63310241699219, 135.4523468017578, 287.85748291015625, 38.568058013916016, -92.7944564819336, -91.93497467041016, -18.113433837890625, 24.736120223999023, 0.4094066321849823, -4.4679765701293945, 27.255300521850586], [-68.83383178710938, -73.6402587890625, 46.73958206176758, 24.374713897705078, 38.568058013916016, 124.35591888427734, 32.134788513183594, -22.062252044677734, -9.135608673095703, 8.684343338012695, 0.3027118444442749, 12.95862102508545, -12.933856964111328], [-12.242340087890625, -34.07283020019531, 47.59842300415039, -64.1080551147461, -92.7944564819336, 32.134788513183594, 178.96133422851562, 84.31574249267578, 44.70127868652344, -1.6259045600891113, 20.928356170654297, 20.28492546081543, -12.993995666503906], [-26.35932159423828, 52.75126266479492, -6.298911094665527, -35.902950286865234, -91.93497467041016, -22.062252044677734, 84.31574249267578, 147.497802734375, 49.581298828125, 10.678967475891113, 15.31330394744873, 8.355276107788086, 3.7219583988189697], [63.991939544677734, -74.26264190673828, 10.842684745788574, -14.366251945495605, -18.113433837890625, -9.135608673095703, 44.70127868652344, 49.581298828125, 101.87802124023438, 33.794132232666016, 7.97862434387207, 11.696135520935059, 8.086128234863281], [23.14154624938965, -13.613232612609863, -22.87725067138672, 1.8710005283355713, 24.736120223999023, 8.684343338012695, -1.6259045600891113, 10.678967475891113, 33.794132232666016, 91.56153106689453, 51.92591857910156, 29.77251434326172, 1.4019609689712524], [-13.374019622802734, 81.82935333251953, -36.88765335083008, -34.38764190673828, 0.4094066321849823, 0.3027118444442749, 20.928356170654297, 15.31330394744873, 7.97862434387207, 51.92591857910156, 109.97417449951172, 51.50289535522461, 0.1954576075077057], [0.13676775991916656, 31.280542373657227, 0.46043816208839417, -26.194982528686523, -4.4679765701293945, 12.95862102508545, 20.28492546081543, 8.355276107788086, 11.696135520935059, 29.77251434326172, 51.50289535522461, 84.83929443359375, 20.408517837524414], [8.730790138244629, -3.9396815299987793, -1.7797166109085083, 22.047006607055664, 27.255300521850586, -12.933856964111328, -12.993995666503906, 3.7219583988189697, 8.086128234863281, 1.4019609689712524, 0.1954576075077057, 20.408517837524414, 68.0580062866211]], "lowlevel.mfcc.icov": [[0.0010006382362917066, 0.0008056490332819521, 0.0006841619615443051, 0.0004707187181338668, 0.00038006031536497176, 0.0005523829022422433, 0.0002204160555265844, 0.00029621468274854124, -0.0001317606511292979, 7.873509275668766e-06, -9.047589992405847e-05, -0.00019351253286004066, -0.00016388863150496036], [0.0008056490332819521, 0.0026423248928040266, 0.001061663730069995, 0.0018190770642831922, -0.0002522347785998136, 0.0009155541192740202, 0.001079194131307304, -0.0014259241288527846, 0.0017047104192897677, 0.0008078680257312953, -0.0012499602744355798, -0.00044139439705759287, -3.6111941881245e-05], [0.0006841619615443051, 0.001061663730069995, 0.00822590570896864, -0.0004105664265807718, 0.0020601521246135235, -0.0020087617449462414, -0.001477294834330678, 0.0019569206051528454, -0.0010012155398726463, 0.0010262227151542902, 0.0021374777425080538, -0.0013185080606490374, -0.000786998076364398], [0.0004707187181338668, 0.0018190770642831922, -0.0004105664265807718, 0.008597827516496181, -0.0034677130170166492, -0.0003481421445030719, 0.002306420588865876, -0.0027652722783386707, 0.001972713740542531, -0.0002642054168973118, 0.000524402130395174, 0.0014398908242583275, -0.0014991238713264465], [0.00038006031536497176, -0.0002522347785998136, 0.0020601521246135235, -0.0034677130170166492, 0.007555255200713873, -0.0022771309595555067, 0.0008918081875890493, 0.004048597998917103, -0.0018771608592942357, -0.0009603453800082207, -0.0006500243325717747, 0.0007028147228993475, -0.002361767692491412], [0.0005523829022422433, 0.0009155541192740202, -0.0020087617449462414, -0.0003481421445030719, -0.0022771309595555067, 0.012651915661990643, -0.003850668901577592, 0.001393570564687252, 0.0029565319418907166, -0.002262288937345147, 0.0012987138470634818, -0.002850302029401064, 0.0030936202965676785], [0.0002204160555265844, 0.001079194131307304, -0.001477294834330678, 0.002306420588865876, 0.0008918081875890493, -0.003850668901577592, 0.012169214896857738, -0.005895946640521288, -0.00252495426684618, 0.0037128343246877193, -0.0033299773931503296, -0.0005982458242215216, 0.0012178018223494291], [0.00029621468274854124, -0.0014259241288527846, 0.0019569206051528454, -0.0027652722783386707, 0.004048597998917103, 0.001393570564687252, -0.005895946640521288, 0.014569109305739403, -0.004952663090080023, -0.0015800597611814737, 0.000589624629355967, 0.0010307710617780685, -0.0021423324942588806], [-0.0001317606511292979, 0.0017047104192897677, -0.0010012155398726463, 0.001972713740542531, -0.0018771608592942357, 0.0029565319418907166, -0.00252495426684618, -0.004952663090080023, 0.017182882875204086, -0.006714937277138233, 0.0024032483343034983, -0.0006655961042270064, -0.0011577834375202656], [7.873509275668766e-06, 0.0008078680257312953, 0.0010262227151542902, -0.0002642054168973118, -0.0009603453800082207, -0.002262288937345147, 0.0037128343246877193, -0.0015800597611814737, -0.006714937277138233, 0.020190363749861717, -0.008911628276109695, -0.0020351619459688663, 0.0019259072141721845], [-9.047589992405847e-05, -0.0012499602744355798, 0.0021374777425080538, 0.000524402130395174, -0.0006500243325717747, 0.0012987138470634818, -0.0033299773931503296, 0.000589624629355967, 0.0024032483343034983, -0.008911628276109695, 0.019375046715140343, -0.00833135936409235, 0.002005087910220027], [-0.00019351253286004066, -0.00044139439705759287, -0.0013185080606490374, 0.0014398908242583275, 0.0007028147228993475, -0.002850302029401064, -0.0005982458242215216, 0.0010307710617780685, -0.0006655961042270064, -0.0020351619459688663, -0.00833135936409235, 0.02058938518166542, -0.007524571381509304], [-0.00016388863150496036, -3.6111941881245e-05, -0.000786998076364398, -0.0014991238713264465, -0.002361767692491412, 0.0030936202965676785, 0.0012178018223494291, -0.0021423324942588806, -0.0011577834375202656, 0.0019259072141721845, 0.002005087910220027, -0.007524571381509304, 0.019409257918596268]], "metadata.audio_properties.analysis.downmix": "mix", "metadata.audio_properties.codec": "mp3", "metadata.audio_properties.md5_encoded": "