{"song_id": "1183710394477445170", "download": "https://cdn.discordapp.com/attachments/1135903449314238464/1183710394477445170/chirp.mp4?ex=65895336&amp", "lyrics": "\u0430 \u044f \u0442\u0435\u0431\u044f \u0442\u0430\u043f\u043e\u0440\u0438\u043a\u043e\u043c\n\u0431\u0430\u043c \u0431\u0430\u043c \u0431\u0430\u043c\n\u0430 \u044f \u0442\u0435\u0431\u044f \u0442\u0430\u043f\u043e\u0440\u0438\u043a\u043e\u043c\n\u043f\u043e \u043a\u0443\u0441\u043a\u0430\u043c\n\u0430 \u044f \u0442\u0435\u0431\u044f \u0442\u0430\u043f\u043e\u0440\u0438\u043a\u043e\u043c\n\u0442\u044b\u0449 \u0442\u044b\u0449 \u0442\u044b\u0449\n\u0430 \u044f \u0442\u0435\u0431\u044f \u0442\u0430\u043f\u043e\u0440\u0438\u043a\u043e\u043c\n\u043e\u0442 \u0442\u0435\u0431\u044f \u043e\u0441\u0442\u0430\u043d\u0435\u0442\u0441\u044f \u0442\u043e\u043b\u044c\u043a\u043e \u043f\u0440\u044b\u0449", "style": ["Country"], "essentia_features": {"lowlevel.average_loudness": 0.9827288389205933, "lowlevel.barkbands_crest.mean": 7.927648544311523, "lowlevel.barkbands_crest.stdev": 2.9296717643737793, "lowlevel.barkbands_flatness_db.mean": 0.1295098513364792, "lowlevel.barkbands_flatness_db.stdev": 0.030245942994952202, "lowlevel.barkbands_kurtosis.mean": -0.4069010317325592, "lowlevel.barkbands_kurtosis.stdev": 2.6099038124084473, "lowlevel.barkbands_skewness.mean": 0.21671217679977417, "lowlevel.barkbands_skewness.stdev": 0.8309287428855896, "lowlevel.barkbands_spread.mean": 43.60349655151367, "lowlevel.barkbands_spread.stdev": 14.883139610290527, "lowlevel.dissonance.mean": 0.4845232367515564, "lowlevel.dissonance.stdev": 0.01506179291754961, "lowlevel.dynamic_complexity": 1.6127513647079468, "lowlevel.erbbands_crest.mean": 10.085397720336914, "lowlevel.erbbands_crest.stdev": 3.588587522506714, "lowlevel.erbbands_flatness_db.mean": 0.17564576864242554, "lowlevel.erbbands_flatness_db.stdev": 0.03277333825826645, "lowlevel.erbbands_kurtosis.mean": 0.24004918336868286, "lowlevel.erbbands_kurtosis.stdev": 1.412287712097168, "lowlevel.erbbands_skewness.mean": -0.4107610881328583, "lowlevel.erbbands_skewness.stdev": 0.7638170719146729, "lowlevel.erbbands_spread.mean": 37.86214828491211, "lowlevel.erbbands_spread.stdev": 14.25168514251709, "lowlevel.hfc.mean": 40.09587097167969, "lowlevel.hfc.stdev": 17.236223220825195, "lowlevel.loudness_ebu128.integrated": -15.826549530029297, "lowlevel.loudness_ebu128.loudness_range": 0.9780092239379883, "lowlevel.loudness_ebu128.momentary.mean": -15.941582679748535, "lowlevel.loudness_ebu128.momentary.stdev": 1.0199353694915771, "lowlevel.loudness_ebu128.short_term.mean": -15.85882568359375, "lowlevel.loudness_ebu128.short_term.stdev": 0.3261242210865021, "lowlevel.melbands_crest.mean": 13.008493423461914, "lowlevel.melbands_crest.stdev": 4.8718061447143555, "lowlevel.melbands_flatness_db.mean": 0.11735199391841888, "lowlevel.melbands_flatness_db.stdev": 0.04211536794900894, "lowlevel.melbands_kurtosis.mean": 4.122879505157471, "lowlevel.melbands_kurtosis.stdev": 12.690642356872559, "lowlevel.melbands_skewness.mean": 1.5372670888900757, "lowlevel.melbands_skewness.stdev": 1.410689353942871, "lowlevel.melbands_spread.mean": 66.23631286621094, "lowlevel.melbands_spread.stdev": 26.95093536376953, "lowlevel.pitch_salience.mean": 0.5508827567100525, "lowlevel.pitch_salience.stdev": 0.0914473682641983, "lowlevel.silence_rate_20dB.mean": 1.0, "lowlevel.silence_rate_20dB.stdev": 0.0, "lowlevel.silence_rate_30dB.mean": 1.0, "lowlevel.silence_rate_30dB.stdev": 0.0, "lowlevel.silence_rate_60dB.mean": 0.002435064874589443, "lowlevel.silence_rate_60dB.stdev": 0.049286164343357086, "lowlevel.spectral_centroid.mean": 3014.662353515625, "lowlevel.spectral_centroid.stdev": 515.1223754882812, "lowlevel.spectral_complexity.mean": 25.203733444213867, "lowlevel.spectral_complexity.stdev": 6.412106513977051, "lowlevel.spectral_decrease.mean": -5.083699683439136e-09, "lowlevel.spectral_decrease.stdev": 4.3632701896001436e-09, "lowlevel.spectral_energy.mean": 0.022823890671133995, "lowlevel.spectral_energy.stdev": 0.01703367754817009, "lowlevel.spectral_energyband_high.mean": 0.005222692620009184, "lowlevel.spectral_energyband_high.stdev": 0.0027546759229153395, "lowlevel.spectral_energyband_low.mean": 0.006694675888866186, "lowlevel.spectral_energyband_low.stdev": 0.015185368247330189, "lowlevel.spectral_energyband_middle_high.mean": 0.0077736228704452515, "lowlevel.spectral_energyband_middle_high.stdev": 0.007060945965349674, "lowlevel.spectral_energyband_middle_low.mean": 0.004521857015788555, "lowlevel.spectral_energyband_middle_low.stdev": 0.004790552891790867, "lowlevel.spectral_entropy.mean": 7.870148181915283, "lowlevel.spectral_entropy.stdev": 0.24334025382995605, "lowlevel.spectral_flux.mean": 0.09475850313901901, "lowlevel.spectral_flux.stdev": 0.051377005875110626, "lowlevel.spectral_kurtosis.mean": 1.7616404294967651, "lowlevel.spectral_kurtosis.stdev": 0.8936168551445007, "lowlevel.spectral_rms.mean": 0.004479318857192993, "lowlevel.spectral_rms.stdev": 0.0014842113014310598, "lowlevel.spectral_rolloff.mean": 4150.58740234375, "lowlevel.spectral_rolloff.stdev": 1359.5703125, "lowlevel.spectral_skewness.mean": 0.9058971405029297, "lowlevel.spectral_skewness.stdev": 0.14906316995620728, "lowlevel.spectral_spread.mean": 5039665.0, "lowlevel.spectral_spread.stdev": 819285.5, "lowlevel.spectral_strongpeak.mean": 1.9773712158203125, "lowlevel.spectral_strongpeak.stdev": 2.6721644401550293, "lowlevel.zerocrossingrate.mean": 0.13064496219158173, "lowlevel.zerocrossingrate.stdev": 0.031162332743406296, "metadata.audio_properties.analysis.equal_loudness": 0.0, "metadata.audio_properties.analysis.length": 28.56532859802246, "metadata.audio_properties.analysis.sample_rate": 44100.0, "metadata.audio_properties.analysis.start_time": 0.0, "metadata.audio_properties.bit_rate": 99289.0, "metadata.audio_properties.length": 28.565332412719727, "metadata.audio_properties.lossless": 0.0, "metadata.audio_properties.number_channels": 1.0, "metadata.audio_properties.replay_gain": -10.759998321533203, "metadata.audio_properties.sample_rate": 48000.0, "rhythm.beats_count": 61.0, "rhythm.beats_loudness.mean": 0.0239902101457119, "rhythm.beats_loudness.stdev": 0.01033516600728035, "rhythm.bpm": 129.81468200683594, "rhythm.bpm_histogram_first_peak_bpm": 129.0, "rhythm.bpm_histogram_first_peak_weight": 0.28333336114883423, "rhythm.bpm_histogram_second_peak_bpm": 0.0, "rhythm.bpm_histogram_second_peak_spread": 0.0, "rhythm.bpm_histogram_second_peak_weight": 0.0, "rhythm.danceability": 1.7893916368484497, "rhythm.onset_rate": 2.0291237831115723, "tonal.chords_changes_rate": 0.040518637746572495, "tonal.chords_number_rate": 0.00972447358071804, "tonal.chords_strength.mean": 0.600774347782135, "tonal.chords_strength.stdev": 0.09966307133436203, "tonal.hpcp_crest.mean": 12.453843116760254, "tonal.hpcp_crest.stdev": 5.756879806518555, "tonal.hpcp_entropy.mean": 2.163330554962158, "tonal.hpcp_entropy.stdev": 0.7118991613388062, "tonal.key_edma.strength": 0.7514678835868835, "tonal.key_krumhansl.strength": 0.7513769268989563, "tonal.key_temperley.strength": 0.7506118416786194, "tonal.tuning_diatonic_strength": 0.6868973970413208, "tonal.tuning_equal_tempered_deviation": 0.3597717583179474, "tonal.tuning_frequency": 434.193115234375, "tonal.tuning_nontempered_energy_ratio": 0.9647493958473206, "lowlevel.barkbands.mean": [0.0001522398815723136, 0.002197782974690199, 0.003034397028386593, 0.0019518134649842978, 0.0004278506967239082, 0.0008554378291592002, 0.00041275378316640854, 0.0004792752442881465, 0.00034077127929776907, 0.0007726014009676874, 0.0011871986789628863, 0.0013262886786833405, 0.0016671736957505345, 0.0010186339495703578, 0.00019058417819906026, 0.0006215817993506789, 0.0004094734613317996, 0.0002611588279251009, 0.0001466363901272416, 0.003100138157606125, 0.0012413265649229288, 0.0002068544563371688, 0.00028671612381003797, 0.0002697024028748274, 0.00026508496375754476, 3.99610797785499e-07, 7.867945184258929e-10], "lowlevel.barkbands.stdev": [0.00033839355455711484, 0.005278097931295633, 0.009192888624966145, 0.0028243011329323053, 0.0006310853641480207, 0.0017551482887938619, 0.0017464279662817717, 0.0009622827055864036, 0.0006809491314925253, 0.0014691881369799376, 0.002674591261893511, 0.002596041187644005, 0.0032093108166009188, 0.0021852743811905384, 0.00030397839145734906, 0.0007315239636227489, 0.0005764097440987825, 0.00022067669488023967, 0.00012037807027809322, 0.0024108251091092825, 0.0009983042255043983, 0.00012634227459784597, 0.00016910629346966743, 0.00014400754298549145, 0.00016286254685837775, 8.885555189408478e-07, 1.4410196369496475e-09], "lowlevel.erbbands.mean": [0.06858577579259872, 0.5017697215080261, 2.9718291759490967, 5.910594940185547, 2.8726484775543213, 1.3500198125839233, 4.356712341308594, 7.2698235511779785, 6.805638790130615, 5.0276899337768555, 12.428946495056152, 8.379225730895996, 10.88032341003418, 35.75556945800781, 60.10991287231445, 55.38405990600586, 83.92569732666016, 68.73596954345703, 16.579206466674805, 11.856002807617188, 39.76169204711914, 23.143695831298828, 13.06188678741455, 11.191414833068848, 10.502666473388672, 131.08987426757812, 133.00961303710938, 16.811996459960938, 7.696568965911865, 8.409041404724121, 7.720959186553955, 6.5078654289245605, 4.134090423583984, 3.5672554969787598, 1.5102448463439941, 0.07439669221639633, 0.002165932673960924, 0.00017277795996051282, 4.13693705922924e-05, 3.7224988773232326e-05], "lowlevel.erbbands.stdev": [0.14442937076091766, 1.476310133934021, 9.177678108215332, 11.257074356079102, 3.81215238571167, 2.122499465942383, 8.423487663269043, 16.995563507080078, 30.306882858276367, 14.047733306884766, 25.985790252685547, 16.841432571411133, 18.339492797851562, 66.37184143066406, 113.41426849365234, 91.71992492675781, 164.7747802734375, 129.15306091308594, 23.655750274658203, 15.151850700378418, 42.8231201171875, 29.05146026611328, 10.899493217468262, 9.114480972290039, 6.760941028594971, 102.82386779785156, 92.95814514160156, 8.83926010131836, 4.4795966148376465, 5.42712926864624, 4.44612455368042, 3.542858839035034, 2.3075978755950928, 2.4150872230529785, 0.9083728790283203, 0.04759852960705757, 0.001275648013688624, 9.03602340258658e-05, 1.4197757082001772e-05, 1.9242781490902416e-05], "lowlevel.gfcc.mean": [20.58065414428711, 48.561439514160156, -146.87376403808594, 59.43671417236328, -74.56425476074219, 42.62110137939453, -37.46686553955078, 3.6880252361297607, -42.49953842163086, 0.4254561960697174, -11.943828582763672, -20.740184783935547, -0.8530785441398621], "lowlevel.melbands.mean": [0.0005864913109689951, 0.0012570671970024705, 0.0009090425446629524, 0.00012292497558519244, 0.00012921265442855656, 0.00016400536696892232, 9.71938279690221e-05, 5.7114251831080765e-05, 0.00010020911577157676, 4.892764627584256e-05, 5.423778929980472e-05, 0.00013673209468834102, 0.0001939755311468616, 0.0001744143955875188, 0.00012288318248465657, 0.00019848749798256904, 0.00011020158854080364, 2.425224556645844e-05, 1.2195197086839471e-05, 2.7355006750440225e-05, 4.980341327609494e-05, 2.655924799910281e-05, 1.2840041563322302e-05, 1.1323476428515278e-05, 8.896756298781838e-06, 4.8534107008890714e-06, 9.643955309002195e-06, 0.0001176217629108578, 0.0001210297123179771, 2.0287890947656706e-05, 5.2976843107899185e-06, 3.9659203139308374e-06, 4.4606049414142035e-06, 5.012905148760183e-06, 4.674729552789358e-06, 3.921214101865189e-06, 3.957738954341039e-06, 2.790872486002627e-06, 2.752208047240856e-06, 3.136131908831885e-06], "lowlevel.melbands.stdev": [0.0012488196371123195, 0.003721898887306452, 0.001667676609940827, 0.00016405541100539267, 0.00023522607807535678, 0.00037665708805434406, 0.00042347025009803474, 0.00013730434875469655, 0.0002126727340510115, 0.00010537337220739573, 9.696899360278621e-05, 0.00027075852267444134, 0.00043072854168713093, 0.00035513017792254686, 0.00017721467884257436, 0.00035127121373079717, 0.0002291848068125546, 4.24195131927263e-05, 1.653055915085133e-05, 4.3050862586824223e-05, 5.529490954359062e-05, 3.892194217769429e-05, 1.3082534678687807e-05, 9.719145964481868e-06, 8.041770342970267e-06, 4.09206586482469e-06, 8.955666089605074e-06, 9.611871064407751e-05, 8.964740845840424e-05, 1.456995141779771e-05, 3.542586227922584e-06, 2.660235622897744e-06, 3.1001254683360457e-06, 3.5274733818368986e-06, 2.889788447646424e-06, 2.245891892016516e-06, 2.328084065084113e-06, 1.713886945253762e-06, 1.6417682218161644e-06, 2.3896955099189654e-06], "lowlevel.melbands128.mean": [0.00014065155119169503, 0.0005925146979279816, 0.0006378830876201391, 0.0008278817404061556, 0.0013948464766144753, 0.0014807851985096931, 0.0013499944470822811, 0.0007759268046356738, 0.00019039706967305392, 9.330108150606975e-05, 5.773202792624943e-05, 6.712319736834615e-05, 0.0001544825208839029, 0.0001959924993570894, 0.0001865475787781179, 0.00012879897258244455, 0.00012539462477434427, 9.788585884962231e-05, 5.1810129662044346e-05, 5.1484708819771186e-05, 4.823986819246784e-05, 0.00010229055624222383, 0.0001410981931257993, 4.991831156075932e-05, 5.368215715861879e-05, 4.213060310576111e-05, 4.453957444638945e-05, 3.0182196496753022e-05, 7.803660992067307e-05, 0.000171599822351709, 0.00014745580847375095, 8.427433931501582e-05, 0.0002972819493152201, 0.00015410472406074405, 0.00017396007024217397, 0.00020904134726151824, 0.00012629854609258473, 6.731709436280653e-05, 0.00012134552525822073, 0.0002944891748484224, 0.00012940629676450044, 0.00022555635950993747, 0.00015954063565004617, 2.0744641005876474e-05, 2.517763823561836e-05, 2.6970237740897574e-05, 2.1997440853738226e-05, 1.182917276310036e-05, 7.1865083555167075e-06, 1.119060834753327e-05, 2.0912029867758974e-05, 5.594299727817997e-05, 5.7342454965692014e-05, 4.3160591303603724e-05, 4.0712915506446734e-05, 2.670558387762867e-05, 1.4236251445254311e-05, 1.2236380825925153e-05, 1.3878096069674939e-05, 9.845987733569928e-06, 9.555499673297163e-06, 1.5130458450585138e-05, 1.067939319909783e-05, 7.251520401041489e-06, 5.092094852443552e-06, 4.840192104893504e-06, 4.7152871047728695e-06, 4.0763507058727555e-06, 5.861762019776506e-06, 2.117347321473062e-05, 7.868623652029783e-05, 0.00020264656632207334, 0.00019601148960646242, 0.00010284019663231447, 4.1222818254027516e-05, 2.049586510111112e-05, 1.0948651834041812e-05, 4.239132977090776e-06, 6.175331236590864e-06, 3.777514621106093e-06, 4.269246346666478e-06, 4.086438821104821e-06, 3.059217306145001e-06, 6.178404419188155e-06, 3.3595911190786865e-06, 4.264866220182739e-06, 5.4670290410285816e-06, 6.748372470610775e-06, 4.1496718949929345e-06, 3.7617332964146044e-06, 4.103877927263966e-06, 3.5390976336202584e-06, 4.366401753941318e-06, 4.773787622980308e-06, 3.091105099883862e-06, 2.6183413410763023e-06, 2.926918568846304e-06, 2.80354493042978e-06, 2.393554495938588e-06, 2.844192295015091e-06, 3.4391368899377994e-06, 3.425758904995746e-06, 2.1210421436990146e-06, 3.402239372007898e-06, 1.7257190165764769e-06, 9.806897196540376e-07, 2.3308960805934476e-07, 2.628485518130219e-08, 1.7802008131506675e-11, 2.2660127246831863e-11, 1.174747712301416e-11, 1.83198629877257e-11, 1.455400730487888e-11, 1.2487106834657702e-11, 7.720614078610133e-12, 1.3265767824510721e-11, 4.825515854955942e-12, 3.636138916005005e-12, 3.518367455018767e-12, 3.405592214483777e-12, 3.3073591608479003e-12, 3.227941351713337e-12, 3.158682950615832e-12, 3.0930286543801033e-12, 3.002922780229178e-12, 2.8926949811186597e-12, 2.8274051936533207e-12, 2.80449253230175e-12], "lowlevel.melbands128.stdev": [0.00032190929050557315, 0.001333580119535327, 0.001513566356152296, 0.0027693817391991615, 0.0046683019027113914, 0.004373741336166859, 0.0026061595417559147, 0.0010258242255076766, 0.0002943791332654655, 0.00018367540906183422, 0.00011554510274436325, 0.00013183907140046358, 0.00034674620837904513, 0.0004237363173160702, 0.00047019775956869125, 0.0004374167765490711, 0.0006233454332686961, 0.000495745160151273, 0.0001867300015874207, 0.0002221297036157921, 0.00010686553287087008, 0.00020968134049326181, 0.00037270915345288813, 0.0001343074400210753, 0.00016179884551092982, 0.00014133281365502626, 0.00014349196862895042, 7.700513378949836e-05, 0.00020374284940771759, 0.0003647866833489388, 0.00039891607593744993, 0.00020518421661108732, 0.0008421869133599102, 0.00034573915763758123, 0.0004944527754560113, 0.0005494575598277152, 0.00032540844404138625, 0.00011632961832219735, 0.00022722689027432352, 0.0008299197652377188, 0.0003050502564292401, 0.0005262751365080476, 0.0004109800502192229, 3.341496267239563e-05, 5.060757393948734e-05, 6.99001393513754e-05, 4.624178109224886e-05, 2.1200685296207666e-05, 8.611843441030942e-06, 2.328886512259487e-05, 5.6369466619798914e-05, 8.864191477186978e-05, 6.863904127385467e-05, 6.723395927110687e-05, 7.876826566644013e-05, 4.49112085334491e-05, 1.7762122297426686e-05, 1.4250561434892006e-05, 1.8121303583029658e-05, 1.1568911759241018e-05, 1.1001045095326845e-05, 2.000237873289734e-05, 1.1576481483643875e-05, 9.617842806619592e-06, 5.300085376802599e-06, 5.163418791198637e-06, 4.647165951610077e-06, 4.982696736988146e-06, 7.457947504008189e-06, 2.549397322582081e-05, 0.00010717378609115258, 0.00018259794160258025, 0.00018991070101037621, 0.00010857683810172603, 4.3053976696683094e-05, 1.958887150976807e-05, 9.332935405836906e-06, 3.6765122786164284e-06, 5.204203716857592e-06, 2.9520492716983426e-06, 3.510290980557329e-06, 3.2979708066704916e-06, 2.3603950012329733e-06, 5.180952030059416e-06, 2.7893204332940513e-06, 3.910059604095295e-06, 4.496882411331171e-06, 5.261604201223236e-06, 3.0966045869718073e-06, 3.0796456940151984e-06, 2.9888465178373735e-06, 2.4566952561144717e-06, 2.9081325010338333e-06, 3.3712574349920033e-06, 2.2629064915236086e-06, 1.9097010408586357e-06, 2.2070023533160565e-06, 2.0385712105053244e-06, 1.730193162075011e-06, 2.0646659777412424e-06, 2.588034703876474e-06, 3.459899517110898e-06, 1.6887088349903934e-06, 2.4013347683649044e-06, 1.3281581914270646e-06, 7.379573503385473e-07, 2.4729448000471166e-07, 4.10585592192092e-08, 3.5800384878825753e-10, 6.011914299719479e-10, 2.3203113042047363e-10, 4.736097625190894e-10, 3.5178054913487244e-10, 2.8661115147876615e-10, 1.2669199023207511e-10, 3.270182180603598e-10, 3.7872469049737845e-11, 5.440643161686021e-12, 5.264720517178523e-12, 5.110771614941223e-12, 4.975520863370608e-12, 4.857340658165343e-12, 4.753016556724443e-12, 4.663374721103342e-12, 4.589016666667334e-12, 4.530857460049997e-12, 4.487954712723008e-12, 4.46171658646799e-12], "lowlevel.mfcc.mean": [-602.3960571289062, 57.71308898925781, -3.484452247619629, 12.413311004638672, -1.0674140453338623, 19.841140747070312, 21.104000091552734, -5.447431564331055, 0.9781181812286377, -2.826242446899414, -15.376596450805664, 12.721678733825684, 0.13427148759365082], "lowlevel.spectral_contrast_coeffs.mean": [-0.6765530109405518, -0.7833220958709717, -0.7656809687614441, -0.764477550983429, -0.7299507260322571, -0.7846947908401489], "lowlevel.spectral_contrast_coeffs.stdev": [0.06751047819852829, 0.06813334673643112, 0.06784851849079132, 0.048173319548368454, 0.043452188372612, 0.019834842532873154], "lowlevel.spectral_contrast_valleys.mean": [-7.326993942260742, -7.220321178436279, -7.084184169769287, -7.212148666381836, -6.9058709144592285, -8.971424102783203], "lowlevel.spectral_contrast_valleys.stdev": [0.6407560110092163, 0.5949069857597351, 0.5126022696495056, 0.42481929063796997, 0.40634122490882874, 0.3756023943424225], "rhythm.beats_loudness_band_ratio.mean": [0.329982727766037, 0.07062257826328278, 0.07573676854372025, 0.2147475779056549, 0.08605503290891647, 0.23560746014118195], "rhythm.beats_loudness_band_ratio.stdev": [0.1691582202911377, 0.07582452148199081, 0.0717792883515358, 0.13368289172649384, 0.05424301326274872, 0.09953201562166214], "tonal.hpcp.mean": [0.19404932856559753, 0.26406919956207275, 0.16232338547706604, 0.06373622268438339, 0.04897993803024292, 0.04959535971283913, 0.053636301308870316, 0.10184887051582336, 0.14125162363052368, 0.09591894596815109, 0.0578131265938282, 0.08752299100160599, 0.12842312455177307, 0.17700117826461792, 0.16588354110717773, 0.1979125589132309, 0.36052510142326355, 0.31031882762908936, 0.12322911620140076, 0.06798182427883148, 0.07648218423128128, 0.19550159573554993, 0.2961534559726715, 0.26445966958999634, 0.1830665022134781, 0.11725282669067383, 0.10796450078487396, 0.11673768609762192, 0.16480354964733124, 0.15226846933364868, 0.0985729992389679, 0.10327711701393127, 0.08796726912260056, 0.06967651844024658, 0.09017837792634964, 0.10622357577085495], "tonal.hpcp.stdev": [0.26326119899749756, 0.3132967948913574, 0.22260792553424835, 0.15444882214069366, 0.14994949102401733, 0.1433546096086502, 0.13534647226333618, 0.20004308223724365, 0.2549900412559509, 0.17033550143241882, 0.1086508259177208, 0.13781973719596863, 0.17451918125152588, 0.23088519275188446, 0.21974824368953705, 0.21670323610305786, 0.38904157280921936, 0.3487308919429779, 0.18228675425052643, 0.10979801416397095, 0.12412866950035095, 0.26195013523101807, 0.34143197536468506, 0.31562626361846924, 0.2743004858493805, 0.19956821203231812, 0.19865907728672028, 0.20324476063251495, 0.2616531252861023, 0.233285054564476, 0.16202431917190552, 0.2001011222600937, 0.1821645051240921, 0.16193203628063202, 0.1901751160621643, 0.20673255622386932], "rhythm.beats_position": [0.42956915497779846, 0.8823582530021667, 1.3467572927474976, 1.8111563920974731, 2.2755556106567383, 2.739954710006714, 3.2043535709381104, 3.668752670288086, 4.133152008056641, 4.597550868988037, 5.050340175628662, 5.503129005432129, 5.967528343200684, 6.43192720413208, 6.896326541900635, 7.360725402832031, 7.825124740600586, 8.28952407836914, 8.753922462463379, 9.218321800231934, 9.682721138000488, 10.147119522094727, 10.611518859863281, 11.075918197631836, 11.528707504272461, 11.981496810913086, 12.445895195007324, 12.910294532775879, 13.386303901672363, 13.839092254638672, 14.303491592407227, 14.767890930175781, 15.232290267944336, 15.685078620910645, 16.137868881225586, 16.60226821899414, 17.066665649414062, 17.531064987182617, 17.995464324951172, 18.459863662719727, 18.92426300048828, 19.388662338256836, 19.84145164489746, 20.305849075317383, 20.770248413085938, 21.234647750854492, 21.687437057495117, 22.151836395263672, 22.627845764160156, 23.08063507080078, 23.545034408569336, 24.009431838989258, 24.473831176757812, 24.938230514526367, 25.391019821166992, 25.867029190063477, 26.33142852783203, 26.795827865600586, 27.24861717224121, 27.701404571533203, 28.165803909301758], "rhythm.bpm_histogram": [0.0, 0.0, 0.0, 0.0, 0.0, 0.0, 0.0, 0.0, 0.0, 0.0, 0.0, 0.0, 0.0, 0.0, 0.0, 0.0, 0.0, 0.0, 0.0, 0.0, 0.0, 0.0, 0.0, 0.0, 0.0, 0.0, 0.0, 0.0, 0.0, 0.0, 0.0, 0.0, 0.0, 0.0, 0.0, 0.0, 0.0, 0.0, 0.0, 0.0, 0.0, 0.0, 0.0, 0.0, 0.0, 0.0, 0.0, 0.0, 0.0, 0.0, 0.0, 0.0, 0.0, 0.0, 0.0, 0.0, 0.0, 0.0, 0.0, 0.0, 0.0, 0.0, 0.0, 0.0, 0.0, 0.0, 0.0, 0.0, 0.0, 0.0, 0.0, 0.0, 0.0, 0.0, 0.0, 0.0, 0.0, 0.0, 0.0, 0.0, 0.0, 0.0, 0.0, 0.0, 0.0, 0.0, 0.0, 0.0, 0.0, 0.0, 0.0, 0.0, 0.0, 0.0, 0.0, 0.0, 0.0, 0.0, 0.0, 0.0, 0.0, 0.0, 0.0, 0.0, 0.0, 0.0, 0.0, 0.0, 0.0, 0.0, 0.0, 0.0, 0.0, 0.0, 0.0, 0.0, 0.0, 0.0, 0.0, 0.0, 0.0, 0.0, 0.0, 0.0, 0.0, 0.0, 0.05000000074505806, 0.0, 0.0, 0.7166666388511658, 0.0, 0.0, 0.0, 0.23333333432674408, 0.0, 0.0, 0.0, 0.0, 0.0, 0.0, 0.0, 0.0, 0.0, 0.0, 0.0, 0.0, 0.0, 0.0, 0.0, 0.0, 0.0, 0.0, 0.0, 0.0, 0.0, 0.0, 0.0, 0.0, 0.0, 0.0, 0.0, 0.0, 0.0, 0.0, 0.0, 0.0, 0.0, 0.0, 0.0, 0.0, 0.0, 0.0, 0.0, 0.0, 0.0, 0.0, 0.0, 0.0, 0.0, 0.0, 0.0, 0.0, 0.0, 0.0, 0.0, 0.0, 0.0, 0.0, 0.0, 0.0, 0.0, 0.0, 0.0, 0.0, 0.0, 0.0, 0.0, 0.0, 0.0, 0.0, 0.0, 0.0, 0.0, 0.0, 0.0, 0.0, 0.0, 0.0, 0.0, 0.0, 0.0, 0.0, 0.0, 0.0, 0.0, 0.0, 0.0, 0.0, 0.0, 0.0, 0.0, 0.0, 0.0, 0.0, 0.0, 0.0, 0.0, 0.0, 0.0, 0.0, 0.0, 0.0, 0.0, 0.0, 0.0, 0.0, 0.0, 0.0, 0.0, 0.0, 0.0, 0.0, 0.0, 0.0, 0.0, 0.0, 0.0, 0.0, 0.0, 0.0], "tonal.chords_histogram": [37.925445556640625, 0.0, 42.13938522338867, 0.48622366786003113, 2.106969118118286, 0.0, 0.0, 0.0, 0.0, 0.0, 0.0, 0.0, 0.0, 0.0, 0.0, 2.106969118118286, 0.0, 7.131280422210693, 0.0, 0.0, 0.0, 0.0, 8.103727340698242, 0.0], "tonal.thpcp": [1.0, 0.8607412576675415, 0.34180453419685364, 0.18856336176395416, 0.21214108169078827, 0.5422690510749817, 0.8214502930641174, 0.7335402369499207, 0.5077773928642273, 0.32522791624069214, 0.2994645833969116, 0.3237990438938141, 0.4571208655834198, 0.4223519265651703, 0.27341508865356445, 0.28646305203437805, 0.24399763345718384, 0.19326399266719818, 0.25013065338134766, 0.29463574290275574, 0.5382408499717712, 0.732457160949707, 0.4502415657043457, 0.17678719758987427, 0.1358572244644165, 0.13756424188613892, 0.1487727165222168, 0.2825014591217041, 0.3917941451072693, 0.2660534381866455, 0.16035811603069305, 0.24276532232761383, 0.3562113344669342, 0.49095383286476135, 0.4601164758205414, 0.5489563941955566], "lowlevel.gfcc.cov": [[1603.1337890625, 274.0142822265625, -113.09418487548828, 18.96198081970215, -59.964454650878906, -63.440982818603516, 44.74275588989258, 49.961273193359375, 43.3126220703125, 5.654697418212891, 17.77652359008789, -40.50501251220703, 58.92695999145508], [274.0142822265625, 265.8205261230469, 46.79641342163086, 50.50937271118164, 39.81047821044922, -38.55430221557617, 50.143211364746094, 31.724119186401367, 61.16127014160156, 14.213091850280762, 36.4722900390625, 0.41724029183387756, 47.29771423339844], [-113.09418487548828, 46.79641342163086, 291.1147766113281, 194.18653869628906, 89.70468139648438, 33.40888214111328, -44.835968017578125, 33.816322326660156, 75.50807189941406, 33.23060607910156, 1.952657699584961, 55.22623062133789, -7.543859481811523], [18.96198081970215, 50.50937271118164, 194.18653869628906, 263.2955017089844, 134.08164978027344, -17.82809066772461, -51.74496078491211, 42.179256439208984, 112.3172378540039, 36.485572814941406, 13.909285545349121, 60.55421829223633, 34.75607681274414], [-59.964454650878906, 39.81047821044922, 89.70468139648438, 134.08164978027344, 203.37521362304688, 138.03091430664062, 110.49130249023438, 66.24703979492188, 33.95600128173828, 21.490867614746094, 23.581724166870117, 20.023977279663086, 36.08256530761719], [-63.440982818603516, -38.55430221557617, 33.40888214111328, -17.82809066772461, 138.03091430664062, 308.5437927246094, 239.55899047851562, 62.155235290527344, -50.51710891723633, -12.791953086853027, 6.819062232971191, -24.51466178894043, -11.075730323791504], [44.74275588989258, 50.143211364746094, -44.835968017578125, -51.74496078491211, 110.49130249023438, 239.55899047851562, 305.1647033691406, 97.56708526611328, -34.87730407714844, -5.375871658325195, 31.134843826293945, -39.992401123046875, 20.19816780090332], [49.961273193359375, 31.724119186401367, 33.816322326660156, 42.179256439208984, 66.24703979492188, 62.155235290527344, 97.56708526611328, 123.73107147216797, 90.00727844238281, 38.44334030151367, 3.0657715797424316, -2.4646155834198, 13.031590461730957], [43.3126220703125, 61.16127014160156, 75.50807189941406, 112.3172378540039, 33.95600128173828, -50.51710891723633, -34.87730407714844, 90.00727844238281, 183.2359161376953, 73.11048889160156, 0.09730561077594757, 17.057310104370117, 19.86775779724121], [5.654697418212891, 14.213091850280762, 33.23060607910156, 36.485572814941406, 21.490867614746094, -12.791953086853027, -5.375871658325195, 38.44334030151367, 73.11048889160156, 78.32501983642578, 35.0603141784668, 28.200138092041016, 20.811033248901367], [17.77652359008789, 36.4722900390625, 1.952657699584961, 13.909285545349121, 23.581724166870117, 6.819062232971191, 31.134843826293945, 3.0657715797424316, 0.09730561077594757, 35.0603141784668, 77.9027099609375, 43.160499572753906, 35.30484390258789], [-40.50501251220703, 0.41724029183387756, 55.22623062133789, 60.55421829223633, 20.023977279663086, -24.51466178894043, -39.992401123046875, -2.4646155834198, 17.057310104370117, 28.200138092041016, 43.160499572753906, 87.20439147949219, 43.098793029785156], [58.92695999145508, 47.29771423339844, -7.543859481811523, 34.75607681274414, 36.08256530761719, -11.075730323791504, 20.19816780090332, 13.031590461730957, 19.86775779724121, 20.811033248901367, 35.30484390258789, 43.098793029785156, 77.84976196289062]], "lowlevel.gfcc.icov": [[0.001495539559982717, -0.003351027611643076, 0.003303053556010127, -0.004748769104480743, 0.004489385988563299, -0.003949292935431004, 0.0035158798564225435, -0.004353767726570368, 0.004221950192004442, -0.002657270058989525, 0.0005241876933723688, 0.0014890574384480715, -0.0009111916879191995], [-0.003351027611643076, 0.016720367595553398, -0.01341062318533659, 0.015968598425388336, -0.014538594521582127, 0.01702173799276352, -0.01567133702337742, 0.015927106142044067, -0.017295528203248978, 0.012530863285064697, -0.006000468507409096, 0.00041027728002518415, -0.0019324654713273048], [0.003303053556010127, -0.01341062318533659, 0.021016987040638924, -0.022608280181884766, 0.015959007665514946, -0.018117064610123634, 0.014855394139885902, -0.01562710851430893, 0.016283540055155754, -0.012847241945564747, 0.005449024494737387, -0.0024686234537512064, 0.004739058669656515], [-0.004748769104480743, 0.015968598425388336, -0.022608280181884766, 0.039999715983867645, -0.031741946935653687, 0.023728152737021446, -0.016345886513590813, 0.02291310951113701, -0.028842996805906296, 0.02031264267861843, -0.005146486219018698, -0.007337888237088919, 0.0006645390531048179], [0.004489385988563299, -0.014538594521582127, 0.015959007665514946, -0.031741946935653687, 0.03681997209787369, -0.0257439985871315, 0.01667875424027443, -0.022798599675297737, 0.023231731727719307, -0.015260939486324787, 0.001890597166493535, 0.008587882854044437, -0.00754783907905221], [-0.003949292935431004, 0.01702173799276352, -0.018117064610123634, 0.023728152737021446, -0.0257439985871315, 0.035142313688993454, -0.03064584732055664, 0.02409924380481243, -0.019604267552495003, 0.011524978093802929, 0.0015837455866858363, -0.008728357963263988, 0.00718369847163558], [0.0035158798564225435, -0.01567133702337742, 0.014855394139885902, -0.016345886513590813, 0.01667875424027443, -0.03064584732055664, 0.039883099496364594, -0.03434089943766594, 0.02377239800989628, -0.00732369115576148, -0.008700034581124783, 0.01537894457578659, -0.009770273230969906], [-0.004353767726570368, 0.015927106142044067, -0.01562710851430893, 0.02291310951113701, -0.022798599675297737, 0.02409924380481243, -0.03434089943766594, 0.051690973341464996, -0.03663400188088417, 0.010240047238767147, 0.005588483065366745, -0.012946096248924732, 0.007372231222689152], [0.004221950192004442, -0.017295528203248978, 0.016283540055155754, -0.028842996805906296, 0.023231731727719307, -0.019604267552495003, 0.02377239800989628, -0.03663400188088417, 0.04492279887199402, -0.028311152011156082, 0.008035609498620033, 0.009442241862416267, -0.004593017976731062], [-0.002657270058989525, 0.012530863285064697, -0.012847241945564747, 0.02031264267861843, -0.015260939486324787, 0.011524978093802929, -0.00732369115576148, 0.010240047238767147, -0.028311152011156082, 0.04375217854976654, -0.020775919780135155, -0.0012330799363553524, -0.0013825803762301803], [0.0005241876933723688, -0.006000468507409096, 0.005449024494737387, -0.005146486219018698, 0.001890597166493535, 0.0015837455866858363, -0.008700034581124783, 0.005588483065366745, 0.008035609498620033, -0.020775919780135155, 0.03660640865564346, -0.018250923603773117, 0.0037514253053814173], [0.0014890574384480715, 0.00041027728002518415, -0.0024686234537512064, -0.007337888237088919, 0.008587882854044437, -0.008728357963263988, 0.01537894457578659, -0.012946096248924732, 0.009442241862416267, -0.0012330799363553524, -0.018250923603773117, 0.03890569508075714, -0.020726827904582024], [-0.0009111916879191995, -0.0019324654713273048, 0.004739058669656515, 0.0006645390531048179, -0.00754783907905221, 0.00718369847163558, -0.009770273230969906, 0.007372231222689152, -0.004593017976731062, -0.0013825803762301803, 0.0037514253053814173, -0.020726827904582024, 0.03200796619057655]], "lowlevel.mfcc.cov": [[1120.790771484375, 177.82327270507812, -77.20854949951172, 20.824878692626953, -85.91934204101562, -93.23860168457031, -36.28782272338867, -27.080123901367188, 31.644441604614258, 35.18620681762695, -18.045631408691406, 13.571304321289062, 11.795555114746094], [177.82327270507812, 213.50279235839844, -6.438409328460693, 20.298072814941406, -31.021577835083008, -22.170949935913086, 35.38665008544922, 12.863675117492676, 19.689594268798828, 30.783477783203125, 6.589814186096191, 2.0922679901123047, 5.701092720031738], [-77.20854949951172, -6.438409328460693, 197.72486877441406, 108.91378784179688, 94.48056030273438, 29.876636505126953, -65.03073120117188, 3.1435060501098633, 9.913661003112793, -14.360730171203613, 29.00687599182129, 20.01544952392578, 34.19295883178711], [20.824878692626953, 20.298072814941406, 108.91378784179688, 264.5411071777344, 173.0320281982422, -20.457651138305664, -131.39195251464844, -25.51120376586914, 41.35696792602539, -22.050037384033203, -9.568536758422852, 86.29715728759766, 79.50371551513672], [-85.91934204101562, -31.021577835083008, 94.48056030273438, 173.0320281982422, 201.9813232421875, 46.64073944091797, -69.13316345214844, 5.219325542449951, 49.43555450439453, 0.5714955925941467, 14.93545150756836, 55.49361038208008, 52.47909927368164], [-93.23860168457031, -22.170949935913086, 29.876636505126953, -20.457651138305664, 46.64073944091797, 156.98394775390625, 150.87501525878906, 83.28689575195312, 30.105253219604492, 28.54570770263672, 28.06403923034668, -16.536701202392578, -14.90391731262207], [-36.28782272338867, 35.38665008544922, -65.03073120117188, -131.39195251464844, -69.13316345214844, 150.87501525878906, 348.708251953125, 152.3407745361328, 18.774179458618164, 54.10868835449219, 24.704702377319336, -42.760650634765625, -43.00796890258789], [-27.080123901367188, 12.863675117492676, 3.1435060501098633, -25.51120376586914, 5.219325542449951, 83.28689575195312, 152.3407745361328, 136.2385711669922, 67.91393280029297, 55.089942932128906, 36.94452667236328, -5.757278919219971, -3.990182876586914], [31.644441604614258, 19.689594268798828, 9.913661003112793, 41.35696792602539, 49.43555450439453, 30.105253219604492, 18.774179458618164, 67.91393280029297, 130.7002716064453, 83.36138916015625, 42.71514129638672, 34.727874755859375, 26.485490798950195], [35.18620681762695, 30.783477783203125, -14.360730171203613, -22.050037384033203, 0.5714955925941467, 28.54570770263672, 54.10868835449219, 55.089942932128906, 83.36138916015625, 112.92715454101562, 59.04399490356445, 4.4393630027771, 1.871321439743042], [-18.045631408691406, 6.589814186096191, 29.00687599182129, -9.568536758422852, 14.93545150756836, 28.06403923034668, 24.704702377319336, 36.94452667236328, 42.71514129638672, 59.04399490356445, 81.28916931152344, 13.29457950592041, 2.4802234172821045], [13.571304321289062, 2.0922679901123047, 20.01544952392578, 86.29715728759766, 55.49361038208008, -16.536701202392578, -42.760650634765625, -5.757278919219971, 34.727874755859375, 4.4393630027771, 13.29457950592041, 108.51712036132812, 62.345069885253906], [11.795555114746094, 5.701092720031738, 34.19295883178711, 79.50371551513672, 52.47909927368164, -14.90391731262207, -43.00796890258789, -3.990182876586914, 26.485490798950195, 1.871321439743042, 2.4802234172821045, 62.345069885253906, 85.3445816040039]], "lowlevel.mfcc.icov": [[0.0011392331216484308, -0.0007436813320964575, 0.00039178799488581717, -0.0005836610798723996, 0.0008198617724701762, -5.298477844917215e-06, 0.00017748630489222705, 0.000171079023857601, -0.00035221574944444, -0.00020896762725897133, 0.00015280178922694176, 6.25129760010168e-05, -6.487317295977846e-05], [-0.0007436813320964575, 0.006701954640448093, -0.0008279490284621716, -0.0028161779046058655, 0.001968700671568513, 0.0021049040369689465, -0.0026947895530611277, 0.001441966975107789, -0.0005594441900029778, -0.0016559479990974069, -0.0003329940955154598, 0.000986063969321549, -2.4045008103712462e-05], [0.00039178799488581717, -0.0008279490284621716, 0.009929227642714977, -0.003801645478233695, 0.0008825435652397573, -0.00447282986715436, 0.003783988766372204, -0.002822907641530037, 0.001960742985829711, 0.002820204943418503, -0.005777751095592976, 0.0027775170747190714, -0.0025157895870506763], [-0.0005836610798723996, -0.0028161779046058655, -0.003801645478233695, 0.01669621840119362, -0.012124401517212391, 0.003922733943909407, 0.0009378874092362821, -0.0011715248692780733, -0.0012646324466913939, 0.0014711101539433002, 0.004956777207553387, -0.004723567049950361, -0.0015365888830274343], [0.0008198617724701762, 0.001968700671568513, 0.0008825435652397573, -0.012124401517212391, 0.019952667877078056, -0.010052855126559734, 0.003862815210595727, 0.00029464883846230805, -0.0017997536342591047, -7.686868048040196e-05, -0.0023028585128486156, 0.0007372419931925833, -0.0012794523499906063], [-5.298477844917215e-06, 0.0021049040369689465, -0.00447282986715436, 0.003922733943909407, -0.010052855126559734, 0.02183390036225319, -0.011227383278310299, 0.0015833830693736672, -0.003170967334881425, 0.001427836250513792, -0.0008065311121754348, 0.0015579817118123174, 0.002246617805212736], [0.00017748630489222705, -0.0026947895530611277, 0.003783988766372204, 0.0009378874092362821, 0.003862815210595727, -0.011227383278310299, 0.015190844424068928, -0.013006177730858326, 0.007607288658618927, -0.003580392338335514, 0.0024594618007540703, -0.002266884781420231, -0.0002209157682955265], [0.000171079023857601, 0.001441966975107789, -0.002822907641530037, -0.0011715248692780733, 0.00029464883846230805, 0.0015833830693736672, -0.013006177730858326, 0.02747150883078575, -0.014604794792830944, 0.00432859780266881, -0.004344462417066097, 0.003443452063947916, -0.0010238952236250043], [-0.00035221574944444, -0.0005594441900029778, 0.001960742985829711, -0.0012646324466913939, -0.0017997536342591047, -0.003170967334881425, 0.007607288658618927, -0.014604794792830944, 0.027121707797050476, -0.01738889329135418, 0.004057188984006643, -0.00486792391166091, -0.00041516346391290426], [-0.00020896762725897133, -0.0016559479990974069, 0.002820204943418503, 0.0014711101539433002, -7.686868048040196e-05, 0.001427836250513792, -0.003580392338335514, 0.00432859780266881, -0.01738889329135418, 0.03006012551486492, -0.015529610216617584, 0.004836506210267544, -0.0020106446463614702], [0.00015280178922694176, -0.0003329940955154598, -0.005777751095592976, 0.004956777207553387, -0.0023028585128486156, -0.0008065311121754348, 0.0024594618007540703, -0.004344462417066097, 0.004057188984006643, -0.015529610216617584, 0.027136070653796196, -0.007078814320266247, 0.003473856719210744], [6.25129760010168e-05, 0.000986063969321549, 0.0027775170747190714, -0.004723567049950361, 0.0007372419931925833, 0.0015579817118123174, -0.002266884781420231, 0.003443452063947916, -0.00486792391166091, 0.004836506210267544, -0.007078814320266247, 0.020172517746686935, -0.01107550784945488], [-6.487317295977846e-05, -2.4045008103712462e-05, -0.0025157895870506763, -0.0015365888830274343, -0.0012794523499906063, 0.002246617805212736, -0.0002209157682955265, -0.0010238952236250043, -0.00041516346391290426, -0.0020106446463614702, 0.003473856719210744, -0.01107550784945488, 0.023349767550826073]], "metadata.audio_properties.analysis.downmix": "mix", "metadata.audio_properties.codec": "mp3", "metadata.audio_properties.md5_encoded": "876cfe5ee83d01f93c8f9cfea9cc39aa", "metadata.tags.file_name": "1183710394477445170.mp3", "metadata.version.essentia": "2.1-beta6-dev", "metadata.version.essentia_git_sha": "v2.1_beta5-1110-g77a6a954", "metadata.version.extractor": "music 2.0", "tonal.chords_key": "A", "tonal.chords_scale": "major", "tonal.key_edma.key": "D", "tonal.key_edma.scale": "major", "tonal.key_krumhansl.key": "D", "tonal.key_krumhansl.