{"song_id": "1183710203275907103", "download": "https://cdn.discordapp.com/attachments/1135903449314238464/1183710203275907103/chirp.mp4?ex=65895308&amp", "lyrics": "[Verse]\nSamoyed, so frosty and bright\nWith that fluffy coat, shining white\nThey got style, they got swag\nMelting hearts, they the ultimate snag\n\n[Chorus]\nSamoyed, looking so fine\nTheir smile is just pure sunshine\nWith those friendly eyes, they'll steal your heart\nSamoyed, a breed apart", "style": ["Country"], "essentia_features": {"lowlevel.average_loudness": 0.915252685546875, "lowlevel.barkbands_crest.mean": 14.014022827148438, "lowlevel.barkbands_crest.stdev": 4.54538631439209, "lowlevel.barkbands_flatness_db.mean": 0.2963411211967468, "lowlevel.barkbands_flatness_db.stdev": 0.118630051612854, "lowlevel.barkbands_kurtosis.mean": 33.13271713256836, "lowlevel.barkbands_kurtosis.stdev": 88.56428527832031, "lowlevel.barkbands_skewness.mean": 2.6631367206573486, "lowlevel.barkbands_skewness.stdev": 3.412755250930786, "lowlevel.barkbands_spread.mean": 13.1630277633667, "lowlevel.barkbands_spread.stdev": 17.02896499633789, "lowlevel.dissonance.mean": 0.4136989414691925, "lowlevel.dissonance.stdev": 0.07450947910547256, "lowlevel.dynamic_complexity": 4.326818943023682, "lowlevel.erbbands_crest.mean": 14.819377899169922, "lowlevel.erbbands_crest.stdev": 6.744368076324463, "lowlevel.erbbands_flatness_db.mean": 0.23800605535507202, "lowlevel.erbbands_flatness_db.stdev": 0.07816879451274872, "lowlevel.erbbands_kurtosis.mean": 7.638593673706055, "lowlevel.erbbands_kurtosis.stdev": 11.813810348510742, "lowlevel.erbbands_skewness.mean": 0.8924366235733032, "lowlevel.erbbands_skewness.stdev": 1.8231111764907837, "lowlevel.erbbands_spread.mean": 28.81015968322754, "lowlevel.erbbands_spread.stdev": 32.988609313964844, "lowlevel.hfc.mean": 27.386669158935547, "lowlevel.hfc.stdev": 28.414335250854492, "lowlevel.loudness_ebu128.integrated": -12.56329345703125, "lowlevel.loudness_ebu128.loudness_range": 2.409071922302246, "lowlevel.loudness_ebu128.momentary.mean": -13.140705108642578, "lowlevel.loudness_ebu128.momentary.stdev": 2.98856782913208, "lowlevel.loudness_ebu128.short_term.mean": -12.608596801757812, "lowlevel.loudness_ebu128.short_term.stdev": 0.8294586539268494, "lowlevel.melbands_crest.mean": 25.12693977355957, "lowlevel.melbands_crest.stdev": 9.450644493103027, "lowlevel.melbands_flatness_db.mean": 0.35803771018981934, "lowlevel.melbands_flatness_db.stdev": 0.15622083842754364, "lowlevel.melbands_kurtosis.mean": 127.7474136352539, "lowlevel.melbands_kurtosis.stdev": 294.4053955078125, "lowlevel.melbands_skewness.mean": 5.27209997177124, "lowlevel.melbands_skewness.stdev": 6.690300464630127, "lowlevel.melbands_spread.mean": 16.591093063354492, "lowlevel.melbands_spread.stdev": 27.340181350708008, "lowlevel.pitch_salience.mean": 0.4111468195915222, "lowlevel.pitch_salience.stdev": 0.1868378221988678, "lowlevel.silence_rate_20dB.mean": 1.0, "lowlevel.silence_rate_20dB.stdev": 0.0, "lowlevel.silence_rate_30dB.mean": 0.6826127171516418, "lowlevel.silence_rate_30dB.stdev": 0.4654592275619507, "lowlevel.silence_rate_60dB.mean": 0.0965961366891861, "lowlevel.silence_rate_60dB.stdev": 0.2954070270061493, "lowlevel.spectral_centroid.mean": 1278.9705810546875, "lowlevel.spectral_centroid.stdev": 1339.707763671875, "lowlevel.spectral_complexity.mean": 7.721251010894775, "lowlevel.spectral_complexity.stdev": 7.470434665679932, "lowlevel.spectral_decrease.mean": -1.8635242682307762e-08, "lowlevel.spectral_decrease.stdev": 1.3246779673181663e-08, "lowlevel.spectral_energy.mean": 0.07281778752803802, "lowlevel.spectral_energy.stdev": 0.050107404589653015, "lowlevel.spectral_energyband_high.mean": 0.0012421656865626574, "lowlevel.spectral_energyband_high.stdev": 0.0033001634292304516, "lowlevel.spectral_energyband_low.mean": 0.05024977773427963, "lowlevel.spectral_energyband_low.stdev": 0.049734268337488174, "lowlevel.spectral_energyband_middle_high.mean": 0.007080555893480778, "lowlevel.spectral_energyband_middle_high.stdev": 0.012218132615089417, "lowlevel.spectral_energyband_middle_low.mean": 0.013265869580209255, "lowlevel.spectral_energyband_middle_low.stdev": 0.01818608120083809, "lowlevel.spectral_entropy.mean": 6.970826625823975, "lowlevel.spectral_entropy.stdev": 0.9329214692115784, "lowlevel.spectral_flux.mean": 0.10500726848840714, "lowlevel.spectral_flux.stdev": 0.0753929615020752, "lowlevel.spectral_kurtosis.mean": 9.716867446899414, "lowlevel.spectral_kurtosis.stdev": 10.261059761047363, "lowlevel.spectral_rms.mean": 0.007596903946250677, "lowlevel.spectral_rms.stdev": 0.0036508606281131506, "lowlevel.spectral_rolloff.mean": 1431.0657958984375, "lowlevel.spectral_rolloff.stdev": 2651.345458984375, "lowlevel.spectral_skewness.mean": 2.2208168506622314, "lowlevel.spectral_skewness.stdev": 1.2158352136611938, "lowlevel.spectral_spread.mean": 4885190.5, "lowlevel.spectral_spread.stdev": 2667754.25, "lowlevel.spectral_strongpeak.mean": 1.3018255233764648, "lowlevel.spectral_strongpeak.stdev": 1.8112353086471558, "lowlevel.zerocrossingrate.mean": 0.05515691637992859, "lowlevel.zerocrossingrate.stdev": 0.08132891356945038, "metadata.audio_properties.analysis.equal_loudness": 0.0, "metadata.audio_properties.analysis.length": 25.215986251831055, "metadata.audio_properties.analysis.sample_rate": 44100.0, "metadata.audio_properties.analysis.start_time": 0.0, "metadata.audio_properties.bit_rate": 124046.0, "metadata.audio_properties.length": 25.215999603271484, "metadata.audio_properties.lossless": 0.0, "metadata.audio_properties.number_channels": 1.0, "metadata.audio_properties.replay_gain": -13.175653457641602, "metadata.audio_properties.sample_rate": 48000.0, "rhythm.beats_count": 45.0, "rhythm.beats_loudness.mean": 0.08041325956583023, "rhythm.beats_loudness.stdev": 0.042877502739429474, "rhythm.bpm": 111.44630432128906, "rhythm.bpm_histogram_first_peak_bpm": 112.0, "rhythm.bpm_histogram_first_peak_weight": 0.5128204822540283, "rhythm.bpm_histogram_second_peak_bpm": 101.0, "rhythm.bpm_histogram_second_peak_spread": 0.3999999761581421, "rhythm.bpm_histogram_second_peak_weight": 0.06818182021379471, "rhythm.danceability": 1.1825374364852905, "rhythm.onset_rate": 4.756528854370117, "tonal.chords_changes_rate": 0.125, "tonal.chords_number_rate": 0.029411764815449715, "tonal.chords_strength.mean": 0.4463537633419037, "tonal.chords_strength.stdev": 0.10258891433477402, "tonal.hpcp_crest.mean": 14.680402755737305, "tonal.hpcp_crest.stdev": 5.902305603027344, "tonal.hpcp_entropy.mean": 1.7499585151672363, "tonal.hpcp_entropy.stdev": 0.7282111048698425, "tonal.key_edma.strength": 0.3962246775627136, "tonal.key_krumhansl.strength": 0.38971421122550964, "tonal.key_temperley.strength": 0.403218537569046, "tonal.tuning_diatonic_strength": 0.29304254055023193, "tonal.tuning_equal_tempered_deviation": 0.26558607816696167, "tonal.tuning_frequency": 434.193115234375, "tonal.tuning_nontempered_energy_ratio": 0.9090263247489929, "lowlevel.barkbands.mean": [0.01581769995391369, 0.033451467752456665, 0.002309994073584676, 0.00043281144462525845, 0.0007727067568339407, 0.0003499144222587347, 0.002984191058203578, 0.004829393234103918, 0.0030914663802832365, 0.002913280390202999, 0.0017539042746648192, 0.0008751974673941731, 0.0004497559566516429, 0.000552710669580847, 0.0002660347381606698, 0.00022925306984689087, 0.00019486583187244833, 0.0001525872794445604, 0.00010734035458881408, 7.91422207839787e-05, 0.00013924208178650588, 0.0002461132826283574, 0.0003337767848279327, 0.00024730406585149467, 0.00018185439694207162, 5.534494630410336e-05, 5.133731519890716e-07], "lowlevel.barkbands.stdev": [0.017066722735762596, 0.038079772144556046, 0.006630608346313238, 0.0020458835642784834, 0.002283673034980893, 0.0012016325490549207, 0.009744689799845219, 0.010797386057674885, 0.008371558971703053, 0.007838904857635498, 0.005700618959963322, 0.002740503754466772, 0.0016408860683441162, 0.0017891781171783805, 0.0008024766575545073, 0.0007332120439969003, 0.0006039043073542416, 0.0004587937437463552, 0.0003630170540418476, 0.0003079775196965784, 0.0004906847607344389, 0.0007233189535327256, 0.0010232373606413603, 0.000841687258798629, 0.0006493728142231703, 0.00015696510672569275, 2.8386323265294777e-06], "lowlevel.erbbands.mean": [2.0978636741638184, 3.096022844314575, 2.988856554031372, 2.0673110485076904, 1.4994157552719116, 3.3236379623413086, 3.1655988693237305, 2.9940361976623535, 21.146953582763672, 79.59126281738281, 107.15412139892578, 64.13345336914062, 80.4560775756836, 115.0692138671875, 48.95789337158203, 38.9714469909668, 21.79945182800293, 33.765968322753906, 16.095046997070312, 12.376778602600098, 12.696603775024414, 11.30107307434082, 9.438036918640137, 5.301551342010498, 5.342215061187744, 3.697636604309082, 4.906764984130859, 6.079142093658447, 8.562231063842773, 9.607226371765137, 9.415782928466797, 5.900774955749512, 3.8732247352600098, 2.4369189739227295, 1.02261221408844, 0.3410869240760803, 0.08351186662912369, 0.007886693812906742, 0.00021258852211758494, 9.240904910257086e-05], "lowlevel.erbbands.stdev": [2.132388114929199, 6.2278056144714355, 8.000121116638184, 7.3388824462890625, 5.986988067626953, 10.880438804626465, 9.338226318359375, 11.224177360534668, 83.35262298583984, 210.36965942382812, 259.5007019042969, 154.92433166503906, 217.79391479492188, 319.3975524902344, 153.55517578125, 124.60187530517578, 63.11960983276367, 108.63850402832031, 41.145912170410156, 39.83477783203125, 41.272911071777344, 33.434600830078125, 27.849632263183594, 16.35871124267578, 18.853057861328125, 14.802170753479004, 17.92793846130371, 20.549095153808594, 25.44322967529297, 28.788009643554688, 29.138212203979492, 20.255773544311523, 13.129790306091309, 8.746252059936523, 3.669487714767456, 1.0007376670837402, 0.2533987760543823, 0.02927437238395214, 0.0006012618541717529, 5.9737791161751375e-05], "lowlevel.gfcc.mean": [-89.37349700927734, 73.83126068115234, -102.79714965820312, 6.978858470916748, -58.486900329589844, 29.64685821533203, -23.569894790649414, 24.345380783081055, -9.59442138671875, -0.006545225623995066, -10.388753890991211, 1.571263074874878, -10.844315528869629], "lowlevel.melbands.mean": [0.014124048873782158, 0.002103651175275445, 0.0003389991179574281, 0.0001694046368356794, 0.00012068512296536937, 6.505066994577646e-05, 0.0004124285187572241, 0.0008947332971729338, 0.0008216234855353832, 0.00041569455061107874, 0.0003963290073443204, 0.0004637737001758069, 0.00019704800797626376, 9.121511538978666e-05, 7.811561954440549e-05, 5.196986239752732e-05, 6.122401100583375e-05, 2.494784348527901e-05, 1.8922557501355186e-05, 1.6112546290969476e-05, 1.3890860827814322e-05, 1.1795783393608872e-05, 1.1104270015493967e-05, 5.939619768469129e-06, 3.994374310423154e-06, 4.357422767498065e-06, 3.126343017356703e-06, 2.2319745767163113e-06, 2.721058763199835e-06, 3.4386239349259995e-06, 3.608000270105549e-06, 4.7671037464169785e-06, 5.00408532388974e-06, 5.652184427162865e-06, 5.74653586227214e-06, 4.439049007487483e-06, 3.2973337056318996e-06, 2.7155469979334157e-06, 2.4407022465311456e-06, 1.917313511512475e-06], "lowlevel.melbands.stdev": [0.014272456057369709, 0.0048645311035215855, 0.0011689607053995132, 0.0005227769142948091, 0.00033482626895420253, 0.00026391816209070385, 0.0014990026829764247, 0.0021989753004163504, 0.0021087585482746363, 0.001138500520028174, 0.0010962093947455287, 0.0013314001262187958, 0.000668974535074085, 0.00026686154888011515, 0.00025258673122152686, 0.00018621697381604463, 0.00020004509133286774, 7.445707160513848e-05, 6.45162581349723e-05, 4.9329395551467314e-05, 4.773411274072714e-05, 3.752327393158339e-05, 3.205376197001897e-05, 1.917906411108561e-05, 1.2503330253821332e-05, 1.568238621985074e-05, 1.1313795766909607e-05, 9.94707352219848e-06, 1.0097322046931367e-05, 1.3319836398295593e-05, 1.2257592061359901e-05, 1.516116208222229e-05, 1.4419854778680019e-05, 1.7717824448482133e-05, 1.7873711840366013e-05, 1.4709846254845615e-05, 1.164318837254541e-05, 9.013787348521873e-06, 8.990954484033864e-06, 6.9540396907541435e-06], "lowlevel.melbands128.mean": [0.014197145588696003, 0.022689564153552055, 0.011019880883395672, 0.0036084395833313465, 0.0017190679209306836, 0.0010086632100865245, 0.0004250551573932171, 0.00017318229947704822, 0.00012389058247208595, 0.00017391210712958127, 0.00021274691971484572, 0.00013028763351030648, 0.00010753958486020565, 9.347566083306447e-05, 5.7229823141824454e-05, 3.8552807382075116e-05, 0.00011141369031975046, 0.00040717743104323745, 0.0008785371901467443, 0.0009974148124456406, 0.0008073595818132162, 0.0008582802256569266, 0.0011245670029893517, 0.00038383653736673295, 0.00021830116747878492, 0.0005304192309267819, 0.000568850024137646, 0.0003612112777773291, 0.0002070343616651371, 0.0005492643686011434, 0.00057401874801144, 0.0002859947853721678, 0.00018777474178932607, 0.00012310848978813738, 5.304136357153766e-05, 8.489221363561228e-05, 0.00014838579227216542, 8.576901745982468e-05, 3.100398680544458e-05, 3.2301169994752854e-05, 4.7418467147508636e-05, 9.703614341560751e-05, 7.541460945503786e-05, 3.869978172588162e-05, 2.2643684133072384e-05, 2.4519915314158425e-05, 2.4366689103771932e-05, 1.9360646547283977e-05, 1.723132299957797e-05, 1.4076616025704425e-05, 1.4554717381543014e-05, 2.0853081878158264e-05, 1.4301353985501919e-05, 1.1253515367570799e-05, 1.1786865798057988e-05, 1.386039366479963e-05, 8.597240594099276e-06, 1.2243421224411577e-05, 1.2341604815446772e-05, 8.650936251797248e-06, 5.363951004255796e-06, 3.9366173041344155e-06, 4.2535702959867194e-06, 3.6710366657644045e-06, 4.179999450570904e-06, 4.975328010914382e-06, 4.1279272409155965e-06, 3.282741317889304e-06, 3.1402498734678375e-06, 2.489602138666669e-06, 2.010181560763158e-06, 2.3314748887059977e-06, 2.125578703271458e-06, 2.7258129193796776e-06, 3.45219018527132e-06, 3.662990593511495e-06, 3.4836368740798207e-06, 2.8214374196977587e-06, 3.7124791560927406e-06, 4.009713848063257e-06, 4.970037025486818e-06, 4.9147556637763046e-06, 4.880477263213834e-06, 5.1863526095985435e-06, 4.912051736027934e-06, 4.873495527135674e-06, 6.094242507970193e-06, 6.8987465056125075e-06, 5.435467755887657e-06, 5.175144451641245e-06, 5.278067419567378e-06, 3.959621608373709e-06, 3.723056124727009e-06, 3.3278120099566877e-06, 2.994049964399892e-06, 2.785426659102086e-06, 2.6467314455658197e-06, 2.7589462661126163e-06, 2.2585034002986504e-06, 2.4803546239127172e-06, 2.1981634290568763e-06, 1.801176381377445e-06, 1.64596735885425e-06, 1.424763127033657e-06, 1.1790313010351383e-06, 8.224937459999637e-07, 8.074688366832561e-07, 7.218395126074029e-07, 5.676196792592236e-07, 4.4775822516385233e-07, 3.8459998563666886e-07, 2.899936077938037e-07, 2.602819790809008e-07, 1.9909074921997671e-07, 1.2612223088126484e-07, 7.935278745208052e-08, 2.140011368112482e-08, 3.736344567073502e-09, 5.107120837344326e-10, 1.5051612733962827e-11, 1.3720106648018593e-11, 1.2946055685802982e-11, 1.2485515225868493e-11, 1.1853502554504125e-11, 1.0996181395994675e-11, 1.0175229582520817e-11, 9.757084029615726e-12, 9.648799120798301e-12], "lowlevel.melbands128.stdev": [0.014966473914682865, 0.022891996428370476, 0.015305566601455212, 0.009546030312776566, 0.004977054428309202, 0.00295850308611989, 0.001623199786990881, 0.0008624392212368548, 0.0006445989129133523, 0.0005970239290036261, 0.0007876561721786857, 0.0005055142100900412, 0.00037282996345311403, 0.00038230864447541535, 0.00033298382186330855, 0.00023249922378454357, 0.000945333275012672, 0.0020329018589109182, 0.0032102945260703564, 0.003332057036459446, 0.0026383372023701668, 0.0025702514685690403, 0.003504612483084202, 0.0017123458674177527, 0.0009089615778066218, 0.0020808419212698936, 0.0022388577926903963, 0.0015075713163241744, 0.0007671185303479433, 0.0020969270262867212, 0.0020091852638870478, 0.0010903246002271771, 0.0011397985508665442, 0.0005487774033099413, 0.00025266638840548694, 0.00036752637242898345, 0.000655757321510464, 0.0003529208479449153, 0.00012080601300112903, 0.00022698717657476664, 0.0002147218765458092, 0.00045982669689692557, 0.0003189316194038838, 0.00019618966325651854, 0.00011742137576220557, 0.00010208661115029827, 9.804850560612977e-05, 7.557357457699254e-05, 0.00010774787369882688, 6.756975199095905e-05, 5.2953691920265555e-05, 9.531051182420924e-05, 5.9743295423686504e-05, 5.2597046305891126e-05, 4.8590150981908664e-05, 5.3097821364644915e-05, 3.499745071167126e-05, 4.5829525333829224e-05, 3.9881291741039604e-05, 3.2312538678525016e-05, 2.213540210505016e-05, 1.379995774186682e-05, 1.4883205039950553e-05, 1.2951240933034569e-05, 1.6926573152886704e-05, 1.8169354007113725e-05, 1.762205283739604e-05, 1.1692118278006092e-05, 1.2170115041953977e-05, 1.0454819857841358e-05, 1.007778882922139e-05, 1.2225582395331003e-05, 8.423580766248051e-06, 1.0989753718604334e-05, 1.3702067917620298e-05, 1.6511528883711435e-05, 1.5122896911634598e-05, 9.539104212308303e-06, 1.3136976122041233e-05, 1.4895302228978835e-05, 1.8402271962258965e-05, 1.5865221939748153e-05, 1.5223162336042151e-05, 1.5485336916754022e-05, 1.784698361007031e-05, 1.749909461068455e-05, 1.966326090041548e-05, 2.393907016084995e-05, 1.6526410036021844e-05, 1.8219412595499307e-05, 1.6631949620204978e-05, 1.4486714462691452e-05, 1.509522735432256e-05, 1.3421286894299556e-05, 1.0113276402989868e-05, 9.451234291191213e-06, 9.551048606226686e-06, 1.0881032721954398e-05, 8.946637535700575e-06, 9.421861250302754e-06, 8.465714017802384e-06, 6.720407327520661e-06, 6.4144910538743716e-06, 5.774628789367853e-06, 5.0266562539036386e-06, 2.9653710953425616e-06, 2.5042302240763092e-06, 2.4070268409559503e-06, 1.7480552969573182e-06, 1.4373750900631421e-06, 1.224825723511458e-06, 1.0165152843910619e-06, 8.668045552440162e-07, 8.574267553740356e-07, 4.865165124101622e-07, 3.7868204572077957e-07, 1.2038627517085843e-07, 3.0389436744826526e-08, 6.565152421700304e-09, 4.811464074383487e-11, 3.978569904083962e-11, 3.776506884989317e-11, 3.608615489758549e-11, 2.964128248406084e-11, 2.1330739258251796e-11, 1.5805320593975658e-11, 1.4486292373994125e-11, 1.4317606995828402e-11], "lowlevel.mfcc.mean": [-743.4065551757812, 116.38545989990234, 11.000469207763672, -5.820491313934326, 1.8060280084609985, 3.332883834838867, 3.7286837100982666, 21.50554084777832, 6.7853617668151855, 9.24262809753418, 10.225753784179688, 1.62919282913208, 3.582672595977783], "lowlevel.spectral_contrast_coeffs.mean": [-0.6838416457176208, -0.6955738663673401, -0.7218739986419678, -0.7915925979614258, -0.7833607792854309, -0.7880504131317139], "lowlevel.spectral_contrast_coeffs.stdev": [0.11660502851009369, 0.14347006380558014, 0.1236211284995079, 0.07728315889835358, 0.06223783269524574, 0.05530145764350891], "lowlevel.spectral_contrast_valleys.mean": [-8.292837142944336, -7.9473772048950195, -8.233294486999512, -8.707771301269531, -9.003416061401367, -10.978777885437012], "lowlevel.spectral_contrast_valleys.stdev": [2.0335278511047363, 1.1186553239822388, 1.0961229801177979, 1.0697572231292725, 1.331600546836853, 1.677015781402588], "rhythm.beats_loudness_band_ratio.mean": [0.47465693950653076, 0.017641184851527214, 0.24611137807369232, 0.17494170367717743, 0.046311743557453156, 0.05103074759244919], "rhythm.beats_loudness_band_ratio.stdev": [0.39519670605659485, 0.0371832437813282, 0.2901501953601837, 0.2599838078022003, 0.06448075920343399, 0.15868216753005981], "tonal.hpcp.mean": [0.06557875871658325, 0.07668377459049225, 0.09270426630973816, 0.11827374994754791, 0.12272146344184875, 0.10339049249887466, 0.09136249125003815, 0.09211365133523941, 0.07880385220050812, 0.09669150412082672, 0.1294877976179123, 0.1464339792728424, 0.18665289878845215, 0.1353188306093216, 0.057702019810676575, 0.061773452907800674, 0.06918366998434067, 0.06156478077173233, 0.07891258597373962, 0.18331532180309296, 0.18112517893314362, 0.06852630525827408, 0.0372995026409626, 0.04481376335024834, 0.06579059362411499, 0.06635567545890808, 0.06763254106044769, 0.09646566212177277, 0.12522639334201813, 0.09815329313278198, 0.05851985886693001, 0.052336420863866806, 0.03780859336256981, 0.03909878805279732, 0.052590176463127136, 0.057793356478214264], "tonal.hpcp.stdev": [0.1800808310508728, 0.19223034381866455, 0.23358087241649628, 0.25053831934928894, 0.25323253870010376, 0.23256558179855347, 0.23005284368991852, 0.23209550976753235, 0.20917192101478577, 0.2294030487537384, 0.2857322692871094, 0.26195448637008667, 0.3476960361003876, 0.2713982164859772, 0.16927014291286469, 0.16800253093242645, 0.1772788017988205, 0.16868717968463898, 0.17902648448944092, 0.3267463743686676, 0.3369947671890259, 0.17052783071994781, 0.11871512979269028, 0.14227022230625153, 0.18477831780910492, 0.18383944034576416, 0.17843692004680634, 0.23084479570388794, 0.27362775802612305, 0.24364551901817322, 0.15790845453739166, 0.15974074602127075, 0.12116443365812302, 0.13024984300136566, 0.15484865009784698, 0.15937654674053192], "rhythm.beats_position": [0.5804988741874695, 1.172607660293579, 1.7647165060043335, 2.3684353828430176, 2.9605441093444824, 3.529433012008667, 4.086711883544922, 4.643990993499756, 5.166440010070801, 5.6888885498046875, 6.234557628631592, 6.780226707458496, 7.302675724029541, 7.825124740600586, 8.359183311462402, 8.893242835998535, 9.438911437988281, 9.984580039978027, 10.51863956451416, 11.052698135375977, 11.586756706237793, 12.120816230773926, 12.666484832763672, 13.212154388427734, 13.74621295928955, 14.280271530151367, 14.8143310546875, 15.348389625549316, 15.894058227539062, 16.439727783203125, 16.973787307739258, 17.507844924926758, 18.04190444946289, 18.575963973999023, 19.110021591186523, 19.655691146850586, 20.20136070251465, 20.73541831970215, 21.28108787536621, 21.826757431030273, 22.360815048217773, 22.894874572753906, 23.42893409729004, 23.9746036529541, 24.53188133239746], "rhythm.bpm_histogram": [0.0, 0.0, 0.0, 0.0, 0.0, 0.0, 0.0, 0.0, 0.0, 0.0, 0.0, 0.0, 0.0, 0.0, 0.0, 0.0, 0.0, 0.0, 0.0, 0.0, 0.0, 0.0, 0.0, 0.0, 0.0, 0.0, 0.0, 0.0, 0.0, 0.0, 0.0, 0.0, 0.0, 0.0, 0.0, 0.0, 0.0, 0.0, 0.0, 0.0, 0.0, 0.0, 0.0, 0.0, 0.0, 0.0, 0.0, 0.0, 0.0, 0.0, 0.0, 0.0, 0.0, 0.0, 0.0, 0.0, 0.0, 0.0, 0.0, 0.0, 0.0, 0.0, 0.0, 0.0, 0.0, 0.0, 0.0, 0.0, 0.0, 0.0, 0.0, 0.0, 0.0, 0.0, 0.0, 0.0, 0.0, 0.0, 0.0, 0.0, 0.0, 0.0, 0.0, 0.0, 0.0, 0.0, 0.0, 0.0, 0.0, 0.0, 0.0, 0.0, 0.0, 0.0, 0.0, 0.0, 0.0, 0.0, 0.0, 0.022727273404598236, 0.0, 0.06818182021379471, 0.0, 0.0, 0.0, 0.022727273404598236, 0.0, 0.0, 0.06818182021379471, 0.0, 0.2954545319080353, 0.0, 0.4318181872367859, 0.0, 0.0, 0.09090909361839294, 0.0, 0.0, 0.0, 0.0, 0.0, 0.0, 0.0, 0.0, 0.0, 0.0, 0.0, 0.0, 0.0, 0.0, 0.0, 0.0, 0.0, 0.0, 0.0, 0.0, 0.0, 0.0, 0.0, 0.0, 0.0, 0.0, 0.0, 0.0, 0.0, 0.0, 0.0, 0.0, 0.0, 0.0, 0.0, 0.0, 0.0, 0.0, 0.0, 0.0, 0.0, 0.0, 0.0, 0.0, 0.0, 0.0, 0.0, 0.0, 0.0, 0.0, 0.0, 0.0, 0.0, 0.0, 0.0, 0.0, 0.0, 0.0, 0.0, 0.0, 0.0, 0.0, 0.0, 0.0, 0.0, 0.0, 0.0, 0.0, 0.0, 0.0, 0.0, 0.0, 0.0, 0.0, 0.0, 0.0, 0.0, 0.0, 0.0, 0.0, 0.0, 0.0, 0.0, 0.0, 0.0, 0.0, 0.0, 0.0, 0.0, 0.0, 0.0, 0.0, 0.0, 0.0, 0.0, 0.0, 0.0, 0.0, 0.0, 0.0, 0.0, 0.0, 0.0, 0.0, 0.0, 0.0, 0.0, 0.0, 0.0, 0.0, 0.0, 0.0, 0.0, 0.0, 0.0, 0.0, 0.0, 0.0, 0.0, 0.0, 0.0, 0.0, 0.0, 0.0, 0.0, 0.0, 0.0, 0.0, 0.0, 0.0, 0.0, 0.0, 0.0, 0.0], "tonal.chords_histogram": [6.801470756530762, 3.8602941036224365, 0.0, 0.0, 20.40441131591797, 14.338234901428223, 0.0, 0.0, 2.941176414489746, 1.2867647409439087, 1.470588207244873, 1.2867647409439087, 1.654411792755127, 0.0, 0.9191176295280457, 6.617647171020508, 7.352941036224365, 2.941176414489746, 3.125, 2.0220587253570557, 0.18382352590560913, 0.0, 10.29411792755127, 12.5], "tonal.thpcp": [1.0, 0.7249757647514343, 0.30914077162742615, 0.3309536278247833, 0.3706541359424591, 0.3298356533050537, 0.4227771759033203, 0.9821187853813171, 0.9703850150108337, 0.3671322762966156, 0.19983349740505219, 0.2400914430618286, 0.3524756133556366, 0.35550305247306824, 0.3623439073562622, 0.5168184638023376, 0.6709051728248596, 0.5258600115776062, 0.3135223686695099, 0.28039437532424927, 0.20256097614765167, 0.20947323739528656, 0.28175386786460876, 0.3096300959587097, 0.3513406813144684, 0.41083624958992004, 0.49666664004325867, 0.6336560845375061, 0.6574848890304565, 0.5539184808731079, 0.4894780218601227, 0.4935023784637451, 0.42219462990760803, 0.5180284380912781, 0.6937357783317566, 0.7845256328582764], "lowlevel.gfcc.cov": [[15514.904296875, -546.0884399414062, 351.1712341308594, 1462.050537109375, -441.7888488769531, 389.60296630859375, 113.2755355834961, 505.694580078125, -88.017333984375, 331.49395751953125, 61.63088607788086, 345.14312744140625, -434.5843811035156], [-546.0884399414062, 5180.58984375, 1129.3082275390625, -47.854671478271484, 1914.1011962890625, 84.9505386352539, 1191.17236328125, 329.74554443359375, 672.6052856445312, -403.0064392089844, 550.651123046875, -212.76992797851562, 37.76297378540039], [351.1712341308594, 1129.3082275390625, 2875.07080078125, 1795.6202392578125, 1323.3243408203125, 648.1624145507812, 711.4196166992188, 212.57888793945312, 520.9098510742188, 21.501815795898438, 284.6866149902344, 91.08956909179688, 19.354463577270508], [1462.050537109375, -47.854671478271484, 1795.6202392578125, 2318.82080078125, 1166.858642578125, 755.933837890625, 528.9854125976562, 202.9400177001953, 475.4664611816406, 190.38539123535156, 154.78811645507812, 159.806396484375, 88.7197265625], [-441.7888488769531, 1914.1011962890625, 1323.3243408203125, 1166.858642578125, 1995.69775390625, 603.6766967773438, 890.5651245117188, 253.1681365966797, 629.4971923828125, -16.25335693359375, 299.6830749511719, -23.525102615356445, 157.42958068847656], [389.60296630859375, 84.9505386352539, 648.1624145507812, 755.933837890625, 603.6766967773438, 849.2677612304688, 597.226806640625, 127.02194213867188, 221.71084594726562, 99.51133728027344, 142.18243408203125, 81.42198181152344, 43.05210876464844], [113.2755355834961, 1191.17236328125, 711.4196166992188, 528.9854125976562, 890.5651245117188, 597.226806640625, 1193.748779296875, 373.1510009765625, 347.7597961425781, -41.613338470458984, 325.8135070800781, 36.17340850830078, 33.786720275878906], [505.694580078125, 329.74554443359375, 212.57888793945312, 202.9400177001953, 253.1681365966797, 127.02194213867188, 373.1510009765625, 454.6860046386719, 251.45098876953125, 43.60858154296875, 142.62551879882812, 46.07768630981445, -40.9614143371582], [-88.017333984375, 672.6052856445312, 520.9098510742188, 475.4664611816406, 629.4971923828125, 221.71084594726562, 347.7597961425781, 251.45098876953125, 494.8565368652344, 81.06654357910156, 131.6721954345703, -7.408198356628418, 34.57418441772461], [331.49395751953125, -403.0064392089844, 21.501815795898438, 190.38539123535156, -16.25335693359375, 99.51133728027344, -41.613338470458984, 43.60858154296875, 81.06654357910156, 209.4102783203125, 3.4451725482940674, 18.056909561157227, -24.107559204101562], [61.63088607788086, 550.651123046875, 284.6866149902344, 154.78811645507812, 299.6830749511719, 142.18243408203125, 325.8135070800781, 142.62551879882812, 131.6721954345703, 3.4451725482940674, 282.9402770996094, 72.32118225097656, -7.239734649658203], [345.14312744140625, -212.76992797851562, 91.08956909179688, 159.806396484375, -23.525102615356445, 81.42198181152344, 36.17340850830078, 46.07768630981445, -7.408198356628418, 18.056909561157227, 72.32118225097656, 165.42529296875, 20.285581588745117], [-434.5843811035156, 37.76297378540039, 19.354463577270508, 88.7197265625, 157.42958068847656, 43.05210876464844, 33.786720275878906, -40.9614143371582, 34.57418441772461, -24.107559204101562, -7.239734649658203, 20.285581588745117, 128.89993286132812]], "lowlevel.gfcc.icov": [[9.802562271943316e-05, -8.247661025961861e-05, 6.23828309471719e-05, -0.0001572295295773074, 7.559361984021962e-05, -2.9769809771096334e-05, 1.3427242265606765e-05, -0.00010982845560647547, 0.00013835489517077804, -0.00013281936116982251, 0.00013818238221574575, -0.00021808422752656043, 0.0003128352400381118], [-8.247661025961861e-05, 0.0007829557289369404, -0.00017347699031233788, 0.00047945455298759043, -0.0006361682317219675, 0.00034473571577109396, -0.00024626904632896185, 0.00032607559114694595, -0.0006582551868632436, 0.0011256624711677432, -0.0008551834616810083, 0.0007056300528347492, 0.0002466109290253371], [6.23828309471719e-05, -0.00017347699031233788, 0.0009129572426900268, -0.0007512068259529769, 9.467800737184007e-06, -7.447417738148943e-05, -2.2891506432642927e-06, 0.00015675293980166316, -0.00014311201812233776, 0.00033406433067284524, -8.634365804027766e-05, -0.00024348874285351485, 0.0008391646551899612], [-0.0001572295295773074, 0.00047945455298759043, -0.0007512068259529769, 0.0017201061127707362, -0.000774294778238982, -0.00021909298084210604, 1.1185974472027738e-05, 0.00015528219228144735, -0.0005089686601422727, -0.0001360524183837697, 6.336742080748081e-05, -0.00032430567080155015, -0.0005107569159008563], [7.559361984021962e-05, -0.0006361682317219675, 9.467800737184007e-06, -0.000774294778238982, 0.002075996482744813, -0.0004270106728654355, -0.00019013264682143927, 6.646489055128768e-06, -0.0005438121734187007, -0.00030520244035869837, -4.0195103792939335e-05, 0.0005053991917520761, -0.001361172879114747], [-2.9769809771096334e-05, 0.00034473571577109396, -7.447417738148943e-05, -0.00021909298084210604, -0.0004270106728654355, 0.0028802778106182814, -0.0016203949926421046, 0.0008804250392131507, -0.00019195303320884705, -0.0008352565346285701, 0.0002312860160600394, -0.0006586736417375505, 0.00023656764824409038], [1.3427242265606765e-05, -0.00024626904632896185, -2.2891506432642927e-06, 1.1185974472027738e-05, -0.00019013264682143927, -0.0016203949926421046, 0.0028016085270792246, -0.001590137486346066, 0.0004012190911453217, 0.0008756647002883255, -0.0013574028853327036, 0.0008243647171184421, -0.0005059905233792961], [-0.00010982845560647547, 0.00032607559114694595, 0.00015675293980166316, 0.00015528219228144735, 6.646489055128768e-06, 0.0008804250392131507, -0.001590137486346066, 0.004839472007006407, -0.002643427811563015, 0.0002714745351113379, -0.0003060050948988646, -0.0012799777323380113, 0.0020003230310976505], [0.00013835489517077804, -0.0006582551868632436, -0.00014311201812233776, -0.0005089686601422727, -0.0005438121734187007, -0.00019195303320884705, 0.0004012190911453217, -0.002643427811563015, 0.0059228986501693726, -0.002851598896086216, 0.00027179127209819853, 0.0007311778608709574, -0.0014075841754674911], [-0.00013281936116982251, 0.0011256624711677432, 0.00033406433067284524, -0.0001360524183837697, -0.00030520244035869837, -0.0008352565346285701, 0.0008756647002883255, 0.0002714745351113379, -0.002851598896086216, 0.008979453705251217, -0.0018788856687024236, 0.0012516332790255547, 0.0019161265809088945], [0.00013818238221574575, -0.0008551834616810083, -8.634365804027766e-05, 6.336742080748081e-05, -4.0195103792939335e-05, 0.0002312860160600394, -0.0013574028853327036, -0.0003060050948988646, 0.00027179127209819853, -0.0018788856687024236, 0.007983583956956863, -0.004616837482899427, 0.0016668407479301095], [-0.00021808422752656043, 0.0007056300528347492, -0.00024348874285351485, -0.00032430567080155015, 0.0005053991917520761, -0.0006586736417375505, 0.0008243647171184421, -0.0012799777323380113, 0.0007311778608709574, 0.0012516332790255547, -0.004616837482899427, 0.010785882361233234, -0.00362107390537858], [0.0003128352400381118, 0.0002466109290253371, 0.0008391646551899612, -0.0005107569159008563, -0.001361172879114747, 0.00023656764824409038, -0.0005059905233792961, 0.0020003230310976505, -0.0014075841754674911, 0.0019161265809088945, 0.0016668407479301095, -0.00362107390537858, 0.01271708495914936]], "lowlevel.mfcc.cov": [[15391.67578125, -1949.7276611328125, 248.30018615722656, 502.87896728515625, -366.0505676269531, -43.555580139160156, -42.90464401245117, 152.20944213867188, -308.79498291015625, -6.501291751861572, 242.822021484375, 29.45563507080078, -10.905143737792969], [-1949.7276611328125, 5160.689453125, -216.39466857910156, 330.9203186035156, 661.2152099609375, 80.45001220703125, 623.4439086914062, 745.01806640625, 198.07574462890625, 320.329345703125, 366.99786376953125, 119.47383880615234, 142.63511657714844], [248.30018615722656, -216.39466857910156, 1883.526123046875, 1008.3097534179688, 584.61328125, 611.119140625, 300.1350402832031, 401.4429016113281, 141.3627471923828, 177.7995147705078, 144.23794555664062, 220.7791290283203, 176.03756713867188], [502.87896728515625, 330.9203186035156, 1008.3097534179688, 1628.4241943359375, 1035.62939453125, 730.0743408203125, 411.2783508300781, 528.4166870117188, 384.6609802246094, 298.9267883300781, 237.99526977539062, 300.1514587402344, 240.31390380859375], [-366.0505676269531, 661.2152099609375, 584.61328125, 1035.62939453125, 1207.0584716796875, 657.9436645507812, 224.35975646972656, 348.15533447265625, 306.2279052734375, 297.0255432128906, 135.8800048828125, 219.14376831054688, 201.5072784423828], [-43.555580139160156, 80.45001220703125, 611.119140625, 730.0743408203125, 657.9436645507812, 1055.552734375, 502.04620361328125, 409.70452880859375, 306.6372985839844, 272.2408447265625, 171.24156188964844, 163.9741668701172, 130.59214782714844], [-42.90464401245117, 623.4439086914062, 300.1350402832031, 411.2783508300781, 224.35975646972656, 502.04620361328125, 723.288818359375, 546.2555541992188, 191.15933227539062, 222.9141845703125, 253.80567932128906, 132.28834533691406, 110.95588684082031], [152.20944213867188, 745.01806640625, 401.4429016113281, 528.4166870117188, 348.15533447265625, 409.70452880859375, 546.2555541992188, 734.5343627929688, 268.4788513183594, 288.82305908203125, 287.0184020996094, 201.96363830566406, 180.64334106445312], [-308.79498291015625, 198.07574462890625, 141.3627471923828, 384.6609802246094, 306.2279052734375, 306.6372985839844, 191.15933227539062, 268.4788513183594, 382.5180358886719, 229.9920654296875, 144.3004608154297, 117.71222686767578, 86.56293487548828], [-6.501291751861572, 320.329345703125, 177.7995147705078, 298.9267883300781, 297.0255432128906, 272.2408447265625, 222.9141845703125, 288.82305908203125, 229.9920654296875, 365.3934631347656, 214.278564453125, 125.7767333984375, 97.41595458984375], [242.822021484375, 366.99786376953125, 144.23794555664062, 237.99526977539062, 135.8800048828125, 171.24156188964844, 253.80567932128906, 287.0184020996094, 144.3004608154297, 214.278564453125, 303.0554504394531, 157.6471710205078, 99.65342712402344], [29.45563507080078, 119.47383880615234, 220.7791290283203, 300.1514587402344, 219.14376831054688, 163.9741668701172, 132.28834533691406, 201.96363830566406, 117.71222686767578, 125.7767333984375, 157.6471710205078, 240.35910034179688, 137.86964416503906], [-10.905143737792969, 142.63511657714844, 176.03756713867188, 240.31390380859375, 201.5072784423828, 130.59214782714844, 110.95588684082031, 180.64334106445312, 86.56293487548828, 97.41595458984375, 99.65342712402344, 137.86964416503906, 193.82366943359375]], "lowlevel.mfcc.icov": [[8.159368007909507e-05, 3.891499000019394e-05, 3.7003730540163815e-05, -0.00010878976172534749, 6.494043918792158e-05, -2.502941424609162e-05, 9.199769556289539e-05, -0.0001095740299206227, 0.000182517891516909, -2.599935578473378e-05, -0.0001522405946161598, 7.87933386163786e-05, 2.981654688483104e-05], [3.891499000019394e-05, 0.00032204395392909646, 8.772371802479029e-05, 7.727809133939445e-05, -0.00036249111872166395, 0.00025464402278885245, -0.0001914503809530288, -0.00030478512053377926, 0.00013471693091560155, 7.665740849915892e-05, -0.0003243834071327001, 0.00022926084056962281, 9.366569429403171e-05], [3.7003730540163815e-05, 8.772371802479029e-05, 0.0009477034909650683, -0.0006182388169690967, 0.00018721197557169944, -0.00034224349656142294, 0.0002667859080247581, -0.0004287967167329043, 0.0006659415666945279, -0.0001540578668937087, 6.611414573853835e-05, -0.00014515699876938015, -2.4534429030609317e-05], [-0.00010878976172534749, 7.727809133939445e-05, -0.0006182388169690967, 0.002281215274706483, -0.0015714219771325588, 0.00024215434677898884, -0.0005581178120337427, -3.771053161472082e-05, -0.0010854947613552213, 0.0008230434614233673, -0.0002834833285305649, -0.000418243434978649, 9.719566151034087e-06], [6.494043918792158e-05, -0.00036249111872166395, 0.00018721197557169944, -0.0015714219771325588, 0.003068347694352269, -0.0012488147476688027, 0.0011389077408239245, 2.4779343220870942e-05, 0.000376834039343521, -0.0012933139223605394, 0.0010845046490430832, -0.0004171969776507467, -0.000754033972043544], [-2.502941424609162e-05, 0.00025464402278885245, -0.00034224349656142294, 0.00024215434677898884, -0.0012488147476688027, 0.0026722645852714777, -0.0019209871534258127, 0.0004734640824608505, -0.0008838077774271369, -0.00014115666272118688, 0.0003253770701121539, -3.056910827581305e-06, 0.0002785940596368164], [9.199769556289539e-05, -0.0001914503809530288, 0.0002667859080247581, -0.0005581178120337427, 0.0011389077408239245, -0.0019209871534258127, 0.004848689306527376, -0.0027408504392951727, 0.0009458605200052261, 0.00014044858107808977, -0.0014081462286412716, 0.0007071548025123775, 0.0002127518382621929], [-0.0001095740299206227, -0.00030478512053377926, -0.0004287967167329043, -3.771053161472082e-05, 2.4779343220870942e-05, 0.0004734640824608505, -0.0027408504392951727, 0.005045946221798658, -0.0013550632866099477, -0.0006342622800730169, -0.00025371945230290294, -0.0004966341657564044, -0.001416555023752153], [0.000182517891516909, 0.00013471693091560155, 0.0006659415666945279, -0.0010854947613552213, 0.000376834039343521, -0.0008838077774271369, 0.0009458605200052261, -0.0013550632866099477, 0.0058706942945718765, -0.0023771473206579685, -4.038249608129263e-05, -0.00028857417055405676, 0.0003762135747820139], [-2.599935578473378e-05, 7.665740849915892e-05, -0.0001540578668937087, 0.0008230434614233673, -0.0012933139223605394, -0.00014115666272118688, 0.00014044858107808977, -0.0006342622800730169, -0.0023771473206579685, 0.007109848782420158, -0.0037719926331192255, 0.000803086266387254, -0.00013165417476557195], [-0.0001522405946161598, -0.0003243834071327001, 6.611414573853835e-05, -0.0002834833285305649, 0.0010845046490430832, 0.0003253770701121539, -0.0014081462286412716, -0.00025371945230290294, -4.038249608129263e-05, -0.0037719926331192255, 0.009516776539385319, -0.004076963756233454, 0.0001382715126965195], [7.87933386163786e-05, 0.00022926084056962281, -0.00014515699876938015, -0.000418243434978649, -0.0004171969776507467, -3.056910827581305e-06, 0.0007071548025123775, -0.0004966341657564044, -0.00028857417055405676, 0.000803086266387254, -0.004076963756233454, 0.009951567277312279, -0.0042773401364684105], [2.981654688483104e-05, 9.366569429403171e-05, -2.4534429030609317e-05, 9.719566151034087e-06, -0.000754033972043544, 0.0002785940596368164, 0.0002127518382621929, -0.001416555023752153, 0.0003762135747820139, -0.00013165417476557195, 0.0001382715126965195, -0.0042773401364684105, 0.009766556322574615]], "metadata.audio_properties.analysis.downmix": "mix", "metadata.audio_properties.codec": "mp3", "metadata.audio_properties.md5_encoded": "f0623edfd277c1f004e82ad9292512ae", "metadata.tags.file_name": "1183710203275907103.mp3", "metadata.version.essentia": "2.1-beta6-dev", "metadata.version.essentia_git_sha": "v2.1_beta5-1110-g77a6a954", "metadata.version.extractor": "music 2.0", "tonal.chords_key": "Ab", "tonal.chords_scale": "major", "tonal.key_edma.key": "B", "tonal.key_edma.scale": "major", "tonal.key_krumhansl.key": "F#", "tonal.key_krumhansl.scale": "major", "tonal.key_temperley.key": "F#", "tonal.key_temperley.scale": "major", "metadata.tags.encoding": ["Lavf58.45.100"]}, "essentia_models": [{"model_name": "genre_dortmund", "activations": {"alternative": "0.0511989", "blues": "0.0025825375", "electronic": "0.0070339553", "folkcountry": "0.0029372454", "funksoul