{"song_id": "1183710270695165952", "download": "https://cdn.discordapp.com/attachments/1128313332273782784/1183710270695165952/chirp.mp4?ex=65895318&amp", "lyrics": "\u5728\u661f\u5149\u9583\u720d\u7684\u591c\u665a\uff0c\u6211\u5011\u76f8\u9047 \u773c\u795e\u4ea4\u532f\uff0c\u611b\u610f\u5982\u6f6e\u6c34\u6e67\u4f86 \u547d\u904b\u7684\u7cf8\u7dda\uff0c\u5c07\u6211\u5011\u7dca\u5bc6\u5730\u7de8\u7e54 \u4e00\u9996\u5c6c\u65bc\u6211\u5011\u7684\u6d6a\u6f2b\u60c5\u6b4c\uff0c\u958b\u59cb\u5531\u97ff\u3002\n\u6708\u5149\u7051\u5728\u6211\u5011\u7684\u80a9\u4e0a\uff0c\u611b\u60c5\u5982\u6b4c \u90a3\u4e00\u523b\u8d77\uff0c\u6211\u5011\u7684\u5fc3\u9023\u6210\u4e00\u5ea7\u6a4b \u611b\u7684\u65cb\u5f8b\uff0c\u60a0\u63da\u52d5\u4eba\uff0c\u6642\u9593\u4eff\u4f5b\u505c\u7559 \u6211\u5011\u7684\u6545\u4e8b\uff0c\u662f\u4e00\u5834\u6c38\u4e0d\u78e8\u6ec5\u7684\u5922\u3002\n\u611b\u60c5\u7684\u82b1\u6735\uff0c\u5728\u5fc3\u9593\u7dbb\u653e \u6bcf\u4e00\u500b\u773c\u795e\uff0c\u90fd\u662f\u4e00\u9996\u52d5\u4eba\u7684\u8a69\u7bc7 \u7136\u800c\uff0c\u751f\u6d3b\u7684\u98a8\u96f2\u537b\u6f38\u6f38\u6e67\u4f86 \u8003\u9a57\u7684\u9670\u973e\uff0c\u662f\u5426\u80fd\u6fc0\u8d77\u66f4\u6df1\u7684\u611b\u3002\n\u5728\u9ed1\u591c\u964d\u81e8\u4e4b\u969b\uff0c\u6211\u5011\u5f7c\u6b64\u9760\u8fd1 \u9762\u5c0d\u6311\u6230\uff0c\u6211\u5011\u5805\u5b9a\u4e0d\u79fb\u3002\n\u6708\u5149\u7051\u5728\u6211\u5011\u7684\u80a9\u4e0a\uff0c\u611b\u60c5\u5982\u6b4c \u90a3\u4e00\u523b\u8d77\uff0c\u6211\u5011\u7684\u5fc3\u9023\u6210\u4e00\u5ea7\u6a4b \u611b\u7684\u65cb\u5f8b\uff0c\u60a0\u63da\u52d5\u4eba\uff0c\u6642\u9593\u4eff\u4f5b\u505c\u7559 \u6211\u5011\u7684\u6545\u4e8b\uff0c\u662f\u4e00\u5834\u6c38\u4e0d\u78e8\u6ec5\u7684\u5922\u3002\n\u9006\u98a8\u7684\u6642\u5019\uff0c\u6211\u5011\u4e00\u8d77\u98db\u7fd4 \u5f7c\u6b64\u7684\u624b\uff0c\u662f\u5f7c\u6b64\u7684\u5805\u5f37 \u5118\u7ba1\u906d\u9047\u66b4\u98a8\u96e8\uff0c\u611b\u60c5\u7684\u706b\u7130\u4e0d\u6703\u6d88\u901d \u6211\u5011\u7684\u611b\u60c5\uff0c\u52c7\u6562\u5730\u9762\u5c0d\u6bcf\u4e00\u500b\u6311\u6230\u3002\n\u6708\u5149\u7051\u5728\u6211\u5011\u7684\u80a9\u4e0a\uff0c\u611b\u60c5\u5982\u6b4c \u90a3\u4e00\u523b\u8d77\uff0c\u6211\u5011\u7684\u5fc3\u9023\u6210\u4e00\u5ea7\u6a4b \u611b\u7684\u65cb\u5f8b\uff0c\u60a0\u63da\u52d5\u4eba\uff0c\u6642\u9593\u4eff\u4f5b\u505c\u7559 \u6211\u5011\u7684\u6545\u4e8b\uff0c\u662f\u4e00\u5834\u6c38\u4e0d\u78e8\u6ec5\u7684\u5922\u3002\n\u5728\u6642\u5149\u7684\u9577\u6cb3\u4e2d\uff0c\u6211\u5011\u7684\u611b\u6046\u4e45\u4e0d\u8b8a \u9019\u662f\u4e00\u9996\u5c6c\u65bc\u6211\u5011\u7684\u6d6a\u6f2b\u60c5\u6b4c\uff0c\u6c38\u9060\u5531\u4e0d\u5b8c\u3002", "style": ["Christmas pop"], "essentia_features": {"lowlevel.average_loudness": 0.6653443574905396, "lowlevel.barkbands_crest.mean": 14.323352813720703, "lowlevel.barkbands_crest.stdev": 4.419371604919434, "lowlevel.barkbands_flatness_db.mean": 0.4644450843334198, "lowlevel.barkbands_flatness_db.stdev": 0.0969134122133255, "lowlevel.barkbands_kurtosis.mean": 3.8974568843841553, "lowlevel.barkbands_kurtosis.stdev": 11.121294021606445, "lowlevel.barkbands_skewness.mean": 0.32688242197036743, "lowlevel.barkbands_skewness.stdev": 1.424777865409851, "lowlevel.barkbands_spread.mean": 4.9027099609375, "lowlevel.barkbands_spread.stdev": 5.7064385414123535, "lowlevel.dissonance.mean": 0.2593713402748108, "lowlevel.dissonance.stdev": 0.10094258934259415, "lowlevel.dynamic_complexity": 5.323304653167725, "lowlevel.erbbands_crest.mean": 19.40996551513672, "lowlevel.erbbands_crest.stdev": 5.997485160827637, "lowlevel.erbbands_flatness_db.mean": 0.4640377163887024, "lowlevel.erbbands_flatness_db.stdev": 0.07264858484268188, "lowlevel.erbbands_kurtosis.mean": 4.0459675788879395, "lowlevel.erbbands_kurtosis.stdev": 7.08880090713501, "lowlevel.erbbands_skewness.mean": -0.24959233403205872, "lowlevel.erbbands_skewness.stdev": 1.381974220275879, "lowlevel.erbbands_spread.mean": 7.869026184082031, "lowlevel.erbbands_spread.stdev": 7.165002822875977, "lowlevel.hfc.mean": 14.828227996826172, "lowlevel.hfc.stdev": 14.098188400268555, "lowlevel.loudness_ebu128.integrated": -22.439449310302734, "lowlevel.loudness_ebu128.loudness_range": 6.661413192749023, "lowlevel.loudness_ebu128.momentary.mean": -25.78164291381836, "lowlevel.loudness_ebu128.momentary.stdev": 7.830737590789795, "lowlevel.loudness_ebu128.short_term.mean": -24.168081283569336, "lowlevel.loudness_ebu128.short_term.stdev": 4.127158164978027, "lowlevel.melbands_crest.mean": 17.82193374633789, "lowlevel.melbands_crest.stdev": 5.239879131317139, "lowlevel.melbands_flatness_db.mean": 0.5499300956726074, "lowlevel.melbands_flatness_db.stdev": 0.12745846807956696, "lowlevel.melbands_kurtosis.mean": 3.427615165710449, "lowlevel.melbands_kurtosis.stdev": 7.959208965301514, "lowlevel.melbands_skewness.mean": 0.5955513715744019, "lowlevel.melbands_skewness.stdev": 1.2994617223739624, "lowlevel.melbands_spread.mean": 8.481696128845215, "lowlevel.melbands_spread.stdev": 9.628067970275879, "lowlevel.pitch_salience.mean": 0.4579191505908966, "lowlevel.pitch_salience.stdev": 0.11153007298707962, "lowlevel.silence_rate_20dB.mean": 1.0, "lowlevel.silence_rate_20dB.stdev": 0.0, "lowlevel.silence_rate_30dB.mean": 0.9988412261009216, "lowlevel.silence_rate_30dB.stdev": 0.034020643681287766, "lowlevel.silence_rate_60dB.mean": 0.17844727635383606, "lowlevel.silence_rate_60dB.stdev": 0.38289007544517517, "lowlevel.spectral_centroid.mean": 640.1819458007812, "lowlevel.spectral_centroid.stdev": 383.4966125488281, "lowlevel.spectral_complexity.mean": 5.775782108306885, "lowlevel.spectral_complexity.stdev": 2.607841968536377, "lowlevel.spectral_decrease.mean": -6.012596198701203e-09, "lowlevel.spectral_decrease.stdev": 4.783914597794592e-09, "lowlevel.spectral_energy.mean": 0.024037877097725868, "lowlevel.spectral_energy.stdev": 0.019163426011800766, "lowlevel.spectral_energyband_high.mean": 3.499144668239751e-06, "lowlevel.spectral_energyband_high.stdev": 1.4582665244233795e-05, "lowlevel.spectral_energyband_low.mean": 0.003998125437647104, "lowlevel.spectral_energyband_low.stdev": 0.008607545867562294, "lowlevel.spectral_energyband_middle_high.mean": 0.00737854465842247, "lowlevel.spectral_energyband_middle_high.stdev": 0.01185148861259222, "lowlevel.spectral_energyband_middle_low.mean": 0.014467006549239159, "lowlevel.spectral_energyband_middle_low.stdev": 0.01295776478946209, "lowlevel.spectral_entropy.mean": 4.840418815612793, "lowlevel.spectral_entropy.stdev": 0.7028138637542725, "lowlevel.spectral_flux.mean": 0.022072987630963326, "lowlevel.spectral_flux.stdev": 0.019470108672976494, "lowlevel.spectral_kurtosis.mean": 162.9706268310547, "lowlevel.spectral_kurtosis.stdev": 115.96279907226562, "lowlevel.spectral_rms.mean": 0.00434102350845933, "lowlevel.spectral_rms.stdev": 0.002146415412425995, "lowlevel.spectral_rolloff.mean": 874.4918823242188, "lowlevel.spectral_rolloff.stdev": 979.7234497070312, "lowlevel.spectral_skewness.mean": 9.467131614685059, "lowlevel.spectral_skewness.stdev": 4.186007976531982, "lowlevel.spectral_spread.mean": 1126100.75, "lowlevel.spectral_spread.stdev": 1127676.75, "lowlevel.spectral_strongpeak.mean": 2.2981619834899902, "lowlevel.spectral_strongpeak.stdev": 2.075476884841919, "lowlevel.zerocrossingrate.mean": 0.03219827264547348, "lowlevel.zerocrossingrate.stdev": 0.03886335343122482, "metadata.audio_properties.analysis.equal_loudness": 0.0, "metadata.audio_properties.analysis.length": 40.04265213012695, "metadata.audio_properties.analysis.sample_rate": 44100.0, "metadata.audio_properties.analysis.start_time": 0.0, "metadata.audio_properties.bit_rate": 92982.0, "metadata.audio_properties.length": 40.042667388916016, "metadata.audio_properties.lossless": 0.0, "metadata.audio_properties.number_channels": 1.0, "metadata.audio_properties.replay_gain": -4.76005744934082, "metadata.audio_properties.sample_rate": 48000.0, "rhythm.beats_count": 86.0, "rhythm.beats_loudness.mean": 0.027994971722364426, "rhythm.beats_loudness.stdev": 0.02113501913845539, "rhythm.bpm": 122.96004486083984, "rhythm.bpm_histogram_first_peak_bpm": 123.0, "rhythm.bpm_histogram_first_peak_weight": 0.6222222447395325, "rhythm.bpm_histogram_second_peak_bpm": 129.0, "rhythm.bpm_histogram_second_peak_spread": 0.0, "rhythm.bpm_histogram_second_peak_weight": 0.11764705926179886, "rhythm.danceability": 0.7820559144020081, "rhythm.onset_rate": 1.52292799949646, "tonal.chords_changes_rate": 0.03356481343507767, "tonal.chords_number_rate": 0.004629629664123058, "tonal.chords_strength.mean": 0.48629263043403625, "tonal.chords_strength.stdev": 0.08678457140922546, "tonal.hpcp_crest.mean": 25.04413604736328, "tonal.hpcp_crest.stdev": 9.966092109680176, "tonal.hpcp_entropy.mean": 0.8266157507896423, "tonal.hpcp_entropy.stdev": 0.7275859713554382, "tonal.key_edma.strength": 0.6042309999465942, "tonal.key_krumhansl.strength": 0.5906262397766113, "tonal.key_temperley.strength": 0.5590847134590149, "tonal.tuning_diatonic_strength": 0.4300042986869812, "tonal.tuning_equal_tempered_deviation": 0.008187215775251389, "tonal.tuning_frequency": 440.5086364746094, "tonal.tuning_nontempered_energy_ratio": 0.6233354806900024, "lowlevel.barkbands.mean": [1.5136160072870553e-05, 0.00022152917517814785, 0.0020343835931271315, 0.001989333890378475, 0.0004123413818888366, 0.005024712532758713, 0.00011122569412691519, 0.0006759799434803426, 0.006168359890580177, 0.0035412469878792763, 0.002773046027868986, 0.000370581925380975, 8.023792906897143e-05, 0.00036472102510742843, 3.6443725548451766e-05, 2.402028621872887e-05, 1.5281871128536295e-06, 0.0001865935482783243, 2.67584891844308e-06, 1.0216010650765384e-06, 2.896946114105958e-07, 6.887729568916257e-07, 3.4329943332522816e-07, 5.659693442794378e-07, 8.686745900376991e-07, 3.764064615552343e-08, 1.2247504121987163e-09], "lowlevel.barkbands.stdev": [8.540529233869165e-05, 0.0006532935076393187, 0.0048903534188866615, 0.00410150270909071, 0.0014086650917306542, 0.007267534267157316, 0.00035955794737674296, 0.0017623449675738811, 0.008825727738440037, 0.008222351782023907, 0.006645475048571825, 0.0008455173228867352, 0.00018848599574994296, 0.0009174930164590478, 0.0001477660844102502, 5.6726461480138823e-05, 4.215479748381767e-06, 0.0010495592141523957, 1.7826934708864428e-05, 8.466367034998257e-06, 2.3291236175282393e-06, 3.526433147271746e-06, 1.6730911056583864e-06, 2.321872443644679e-06, 3.652466148196254e-06, 3.2082425605040044e-07, 1.746698563565019e-09], "lowlevel.erbbands.mean": [0.00521455192938447, 0.07121733576059341, 1.2680139541625977, 6.906073570251465, 1.4823321104049683, 1.1921650171279907, 10.57580280303955, 62.34792709350586, 7.72922420501709, 5.187614917755127, 18.114078521728516, 179.4689178466797, 114.9809799194336, 55.765438079833984, 142.75743103027344, 18.493101119995117, 4.069051265716553, 6.171868801116943, 17.48918342590332, 1.4774376153945923, 0.9996212124824524, 0.9218955636024475, 13.339280128479004, 1.0024460554122925, 0.14747191965579987, 0.042487841099500656, 0.030451932922005653, 0.011934236623346806, 0.028759688138961792, 0.013997126370668411, 0.009637467563152313, 0.008943884633481503, 0.012445110827684402, 0.014879822731018066, 0.0029843375086784363, 0.00044321760651655495, 3.1940307962941006e-05, 3.494630846034852e-06, 1.2142178093199618e-05, 2.7521880838321522e-05], "lowlevel.erbbands.stdev": [0.01803925819694996, 0.1599782109260559, 2.916991710662842, 15.164999961853027, 2.7423086166381836, 3.6679842472076416, 15.819790840148926, 90.96800994873047, 11.094892501831055, 12.385394096374512, 32.20623016357422, 253.8194580078125, 186.95518493652344, 113.59526824951172, 338.0774841308594, 40.78190612792969, 8.134608268737793, 13.707472801208496, 39.63360595703125, 3.6831893920898438, 2.5722110271453857, 4.478524684906006, 75.20745086669922, 5.327134609222412, 0.8889731168746948, 0.34543710947036743, 0.1868366003036499, 0.08192803710699081, 0.16728714108467102, 0.05610296130180359, 0.04968801885843277, 0.04051581770181656, 0.050432126969099045, 0.06322281062602997, 0.013344048522412777, 0.002808400895446539, 0.00022164011897984892, 6.441823188652052e-06, 9.800734005693812e-06, 2.201515599153936e-05], "lowlevel.gfcc.mean": [-255.98370361328125, 211.7255401611328, -106.9456558227539, -66.56425476074219, -47.774620056152344, -12.054861068725586, -16.038602828979492, -19.012666702270508, -8.416150093078613, -12.641088485717773, -6.3158416748046875, 1.9384737014770508, 10.722615242004395], "lowlevel.melbands.mean": [5.542937287827954e-05, 0.0005926067824475467, 0.0009342982084490359, 5.094075822853483e-05, 0.00035179112455807626, 0.0012028977507725358, 8.33680824143812e-05, 9.073116234503686e-05, 0.0001142553664976731, 0.001208205590955913, 0.0005819383659400046, 0.00028129128622822464, 0.00037235315539874136, 0.00018578294839244336, 2.0543575374176726e-06, 1.0830153769347817e-05, 1.3162467439542525e-05, 3.840809586108662e-05, 1.627611823096231e-06, 1.951156491486472e-06, 8.101438879748457e-07, 1.0593781496481824e-07, 7.759327672829386e-06, 8.845080628816504e-06, 7.888449005122311e-08, 1.1171591296488259e-07, 3.719160446280512e-08, 2.6839535038902795e-08, 2.7282924364158134e-08, 7.446089966833824e-09, 5.417079229630417e-09, 1.6713155304159955e-08, 1.3862817560550411e-08, 6.14203754523146e-09, 5.638960409726224e-09, 5.0883355307007605e-09, 5.4828781514970615e-09, 7.968909088162945e-09, 1.0913793424549567e-08, 1.320126497006413e-08], "lowlevel.melbands.stdev": [0.00017044424021150917, 0.0013014537980780005, 0.0020039931405335665, 0.00011373688175808638, 0.0005296851741150022, 0.001749332994222641, 0.00012988338130526245, 0.0002360347716603428, 0.00020899785158690065, 0.0017300557810813189, 0.0010489338310435414, 0.000641502789221704, 0.0008899712120182812, 0.00042838469380512834, 3.917735284630908e-06, 2.605885310913436e-05, 3.2314892450813204e-05, 8.998440171126276e-05, 8.075520781858359e-06, 4.361715127743082e-06, 2.7354062694939785e-06, 2.8644723215620616e-07, 4.30288419011049e-05, 5.04848976561334e-05, 4.935679953632643e-07, 8.499923751514871e-07, 3.383254920663603e-07, 2.103951004528426e-07, 1.7240985528133024e-07, 6.115495665426351e-08, 3.7644980466211564e-08, 1.0801319660913578e-07, 5.8668117475235704e-08, 2.7161785709495234e-08, 3.244245050382233e-08, 2.4637570206209602e-08, 2.5074106346778535e-08, 3.3847584290924715e-08, 4.4411727628812514e-08, 5.733717856060139e-08], "lowlevel.melbands128.mean": [1.289834199269535e-05, 2.9829234335920773e-05, 7.7885648352094e-05, 9.603780199540779e-05, 0.00016560762014705688, 0.0013558147475123405, 0.0017583861481398344, 0.0005699785542674363, 5.5537228035973385e-05, 4.796658231498441e-06, 3.933428160962649e-05, 0.00018198436009697616, 0.0001517427881481126, 0.0007210344192571938, 0.0023108315654098988, 0.000743240350857377, 6.207131082192063e-05, 2.625588240334764e-05, 2.209626472904347e-06, 6.674642463622149e-06, 0.00017805988318286836, 0.00023842415248509496, 1.7231786841875874e-05, 3.5946093703387305e-05, 0.001254541683010757, 0.0021147248335182667, 6.559462053701282e-05, 0.00027000618865713477, 0.0012977500446140766, 0.000282407650956884, 4.24672225562972e-06, 7.60793636800372e-06, 0.00020143967412877828, 0.00106682232581079, 0.00013422495976556093, 8.616205377620645e-06, 1.234578235198569e-06, 2.9631937650265172e-06, 5.462840135805891e-07, 8.955197699833661e-06, 1.967972275451757e-05, 8.183630484381865e-07, 3.989176491359103e-07, 2.278072770423023e-06, 9.602594218449667e-05, 2.8965729143237695e-05, 4.306834853196051e-06, 1.0394576293037971e-06, 9.567904726281995e-07, 2.1023694785071712e-07, 3.0220132885006024e-06, 2.8363576802803436e-06, 6.88135344262264e-07, 1.9290172303954023e-07, 5.060054064642827e-08, 1.660685882143298e-07, 8.233173787175474e-08, 9.375985854376268e-08, 4.941930910717929e-06, 3.492393807391636e-05, 2.387954282312421e-06, 4.3159346319043834e-08, 9.531733979883938e-08, 6.841946031954649e-08, 8.518816230207449e-08, 1.2912100544326677e-07, 1.4441040718793374e-07, 2.550278388468996e-08, 2.80043490619164e-08, 1.905869773111135e-08, 1.1130897092925807e-08, 3.093576950163879e-08, 7.173240135216474e-08, 8.707536025553964e-09, 8.245645943816271e-09, 6.991642376164009e-09, 8.656725114519759e-09, 4.483966975499243e-09, 5.428448801580998e-09, 3.855306296429717e-09, 1.7307009159139852e-08, 1.8613606656003867e-08, 2.184755842904451e-08, 1.586596454217215e-08, 5.5085336292393094e-09, 3.838128037614297e-09, 8.770036252769842e-09, 6.430466381601718e-09, 5.089044741168891e-09, 5.138999892295715e-09, 4.877948711623503e-09, 5.199101593689193e-09, 5.062284813561746e-09, 4.499374206545781e-09, 6.643833483366279e-09, 7.6497013168364e-09, 6.043044731285363e-09, 1.2629881140924226e-08, 6.398812146812816e-09, 1.3170037505005894e-08, 1.8218081265786168e-08, 1.4213692445252946e-08, 6.014618136873651e-09, 3.042037066691705e-09, 2.6122568552722214e-09, 2.5081805521409706e-09, 1.0833997032833054e-09, 1.022339879419576e-09, 5.280064163670772e-10, 3.505174206441808e-10, 1.1728519544451643e-10, 5.4152838463439323e-11, 6.998315989215076e-12, 6.621124221811714e-12, 6.456786928038527e-12, 6.288353952138559e-12, 6.078863974690041e-12, 5.7954938591231464e-12, 5.6114900053028105e-12, 5.451551102902963e-12, 5.307908192836441e-12, 5.2058704569368786e-12, 5.132787857936583e-12, 5.023959980671178e-12, 4.808463089506221e-12, 4.4846288141386914e-12, 4.300452355332496e-12, 4.256828830401238e-12], "lowlevel.melbands128.stdev": [7.874238508520648e-05, 0.0001614440989214927, 0.00023617105034645647, 0.00028901503537781537, 0.00032336526783183217, 0.003269538749009371, 0.0039180368185043335, 0.0011134571395814419, 0.0001323558099102229, 1.529704240965657e-05, 0.00014543221914209425, 0.000669333094265312, 0.0005290160188451409, 0.001063554547727108, 0.003357888665050268, 0.0012097834842279553, 0.0001726109767332673, 8.656533464090899e-05, 5.20822459293413e-06, 2.9845052267774008e-05, 0.0004700845165643841, 0.0006279014050960541, 4.1707105992827564e-05, 5.964217416476458e-05, 0.00180875847581774, 0.003022915218025446, 0.000134751942823641, 0.0006499533774331212, 0.0030182881746441126, 0.0006376840174198151, 1.1275885299255606e-05, 2.1131794710527174e-05, 0.00048680539475753903, 0.002575499704107642, 0.00030329724540933967, 4.84961383335758e-05, 3.8952503018663265e-06, 7.072590960888192e-06, 9.973734904633602e-07, 2.187792051699944e-05, 4.7711168008390814e-05, 1.7055323269232758e-06, 1.7830803926699446e-06, 6.121432306827046e-06, 0.0002447458973620087, 6.30901922704652e-05, 1.8646322132553905e-05, 9.615325325285085e-06, 9.772680641617626e-06, 8.946099683271314e-07, 6.8287331487226766e-06, 6.887015388201689e-06, 5.228629561315756e-06, 1.278128479498264e-06, 2.0046913107307773e-07, 4.6929278596508084e-07, 2.3513932490004663e-07, 4.219688776174735e-07, 2.9298696972546168e-05, 0.00019994255853816867, 1.578438423166517e-05, 2.801189395995607e-07, 7.048635097817169e-07, 4.790356911144045e-07, 7.615408890160325e-07, 1.0609053333610063e-06, 1.1350592785674962e-06, 2.1795899840526545e-07, 4.7356306254187075e-07, 2.725016088334087e-07, 1.3087590389204706e-07, 2.1121911686350359e-07, 4.915191311738454e-07, 8.10567257758521e-08, 5.311425255172253e-08, 7.253744627178094e-08, 7.601565954473699e-08, 3.352919719645797e-08, 4.493746175171509e-08, 2.4235403017769386e-08, 1.0259666538559031e-07, 1.6820177961562877e-07, 9.4628965996435e-08, 6.433639754277465e-08, 2.5266123415690345e-08, 1.7605113811214324e-08, 3.705239137730132e-08, 4.552456189799159e-08, 3.6748609488768125e-08, 2.6040606115884657e-08, 2.3089212319860053e-08, 2.997226999923441e-08, 2.466677706536302e-08, 2.414813771167701e-08, 3.4125310577337586e-08, 3.803498316301557e-08, 2.77836313955504e-08, 5.4832810292282375e-08, 2.8757048298189147e-08, 5.842388972610024e-08, 8.337530488233824e-08, 6.320694012629247e-08, 2.652020647531117e-08, 1.689694784090534e-08, 1.576863795094141e-08, 1.2161852858127986e-08, 5.615151010829322e-09, 7.239961963279029e-09, 5.2818114326669274e-09, 3.5068716819353085e-09, 1.5029045785652784e-09, 1.1262111243581785e-09, 9.823150105836564e-12, 9.183780472210579e-12, 8.855627169068736e-12, 8.56246150371387e-12, 8.326364771271688e-12, 8.141295797237103e-12, 7.951973281239422e-12, 7.747186572815146e-12, 7.566954875193321e-12, 7.409899083210547e-12, 7.26272297510433e-12, 7.135621954423854e-12, 7.028996742292071e-12, 6.946942153474023e-12, 6.8852510498595976e-12, 6.848358685695999e-12], "lowlevel.mfcc.mean": [-907.5750732421875, 250.27487182617188, 1.5957515239715576, -30.64739418029785, -17.141820907592773, -2.227351188659668, -8.850781440734863, -2.1307554244995117, -1.3599607944488525, -12.354215621948242, -10.894641876220703, -14.197653770446777, -1.4307557344436646], "lowlevel.spectral_contrast_coeffs.mean": [-0.6218796968460083, -0.5494278073310852, -0.5973297953605652, -0.741801917552948, -0.8096769452095032, -0.8494819402694702], "lowlevel.spectral_contrast_coeffs.stdev": [0.09646618366241455, 0.0761113315820694, 0.12172604352235794, 0.0936458557844162, 0.08814888447523117, 0.0648912787437439], "lowlevel.spectral_contrast_valleys.mean": [-8.95025634765625, -8.570520401000977, -9.224899291992188, -10.52933406829834, -11.960772514343262, -14.220976829528809], "lowlevel.spectral_contrast_valleys.stdev": [1.1609690189361572, 1.5436769723892212, 1.9709978103637695, 1.7966119050979614, 1.4304685592651367, 1.3284425735473633], "rhythm.beats_loudness_band_ratio.mean": [0.20131488144397736, 0.24906039237976074, 0.2716233730316162, 0.2548876702785492, 0.027444692328572273, 0.00015326106222346425], "rhythm.beats_loudness_band_ratio.stdev": [0.2991316318511963, 0.20613951981067657, 0.27050697803497314, 0.2794298827648163, 0.08904527872800827, 0.0005427863216027617], "tonal.hpcp.mean": [0.0010986524866893888, 0.0003865292528644204, 0.00048200556193478405, 0.000840399123262614, 0.0010533375898376107, 0.001257582101970911, 0.0008766521350480616, 0.0004054886812809855, 0.07733859121799469, 0.18887919187545776, 0.11305699497461319, 0.10345291346311569, 0.1927253156900406, 0.09109658002853394, 0.00247829407453537, 0.004999857861548662, 0.038271475583314896, 0.1321910321712494, 0.1379285603761673, 0.04478964954614639, 0.004213476553559303, 0.0009186039096675813, 0.015178398229181767, 0.3991754651069641, 0.6850336790084839, 0.30498194694519043, 0.005559784360229969, 0.0015087664360180497, 0.0005046564037911594, 0.0002764371456578374, 0.0003613565640989691, 0.00038762594340369105, 0.09910920262336731, 0.19990283250808716, 0.10110419988632202, 0.0009236123296432197], "tonal.hpcp.stdev": [0.003202532883733511, 0.0008651745156385005, 0.0009374243672937155, 0.002178785391151905, 0.0030855394434183836, 0.004829672165215015, 0.002956710522994399, 0.0023871094454079866, 0.11456018686294556, 0.27529701590538025, 0.16408824920654297, 0.20152628421783447, 0.3693327009677887, 0.17771653831005096, 0.03613503649830818, 0.04943523928523064, 0.13046589493751526, 0.2972128093242645, 0.3020837604999542, 0.13596248626708984, 0.041532378643751144, 0.008246326819062233, 0.05887407809495926, 0.24894414842128754, 0.3940834403038025, 0.22666391730308533, 0.0414038747549057, 0.018008578568696976, 0.003248303895816207, 0.0007333269459195435, 0.0006450242944993079, 0.0010710007045418024, 0.16828127205371857, 0.3202250301837921, 0.1543823927640915, 0.0026776103768497705], "rhythm.beats_position": [0.5108389854431152, 1.0216779708862305, 1.5325169563293457, 2.0549659729003906, 2.5774149894714355, 3.0650339126586914, 3.5526530742645264, 4.040272235870361, 4.504671096801758, 4.980679988861084, 5.445079326629639, 5.921088218688965, 6.408707141876221, 6.884716510772705, 7.372335433959961, 7.848344326019287, 8.324353218078613, 8.800362586975098, 9.264761924743652, 9.729161262512207, 10.193559646606445, 10.55346965789795, 10.901768684387207, 11.250067710876465, 11.598366737365723, 11.946666717529297, 12.294965744018555, 12.654874801635742, 13.003174781799316, 13.328253746032715, 13.664942741394043, 14.001632690429688, 14.349931716918945, 14.698230743408203, 15.06974983215332, 15.441269874572754, 15.812788963317871, 16.172698974609375, 16.57904815673828, 16.985397338867188, 17.391746520996094, 17.890974044799805, 18.39020347595215, 18.889432907104492, 19.377052307128906, 19.87628173828125, 20.36389923095703, 20.863128662109375, 21.33913803100586, 21.826757431030273, 22.325986862182617, 22.825214385986328, 23.3360538482666, 23.800453186035156, 24.26485252380371, 24.729251861572266, 25.19365119934082, 25.69287872314453, 26.192108154296875, 26.70294761657715, 27.213787078857422, 27.724624633789062, 28.212244033813477, 28.69986343383789, 29.175872802734375, 29.65188217163086, 30.13949966430664, 30.627119064331055, 31.11473846435547, 31.602357864379883, 32.078365325927734, 32.55437469482422, 33.0303840637207, 33.50639343261719, 33.970794677734375, 34.458412170410156, 34.9576416015625, 35.44525909423828, 35.93288040161133, 36.43210983276367, 36.93133544921875, 37.430564880371094, 37.94140625, 38.440635681152344, 38.93986511230469, 39.45070266723633], "rhythm.bpm_histogram": [0.0, 0.0, 0.0, 0.0, 0.0, 0.0, 0.0, 0.0, 0.0, 0.0, 0.0, 0.0, 0.0, 0.0, 0.0, 0.0, 0.0, 0.0, 0.0, 0.0, 0.0, 0.0, 0.0, 0.0, 0.0, 0.0, 0.0, 0.0, 0.0, 0.0, 0.0, 0.0, 0.0, 0.0, 0.0, 0.0, 0.0, 0.0, 0.0, 0.0, 0.0, 0.0, 0.0, 0.0, 0.0, 0.0, 0.0, 0.0, 0.0, 0.0, 0.0, 0.0, 0.0, 0.0, 0.0, 0.0, 0.0, 0.0, 0.0, 0.0, 0.0, 0.0, 0.0, 0.0, 0.0, 0.0, 0.0, 0.0, 0.0, 0.0, 0.0, 0.0, 0.0, 0.0, 0.0, 0.0, 0.0, 0.0, 0.0, 0.0, 0.0, 0.0, 0.0, 0.0, 0.0, 0.0, 0.0, 0.0, 0.0, 0.0, 0.0, 0.0, 0.0, 0.0, 0.0, 0.0, 0.0, 0.0, 0.0, 0.0, 0.0, 0.0, 0.0, 0.0, 0.0, 0.0, 0.0, 0.0, 0.0, 0.0, 0.0, 0.0, 0.0, 0.0, 0.0, 0.0235294122248888, 0.0, 0.0941176488995552, 0.0, 0.0, 0.1764705926179886, 0.0, 0.0, 0.20000000298023224, 0.0, 0.0, 0.15294118225574493, 0.0, 0.0, 0.11764705926179886, 0.0, 0.0, 0.0, 0.0, 0.0, 0.0, 0.0, 0.0, 0.0, 0.0, 0.0, 0.0, 0.0, 0.0, 0.0, 0.0, 0.0, 0.0, 0.03529411926865578, 0.0, 0.0, 0.0, 0.0, 0.0, 0.0, 0.0, 0.0, 0.0, 0.0, 0.0, 0.0, 0.03529411926865578, 0.0, 0.0, 0.0, 0.0, 0.0, 0.03529411926865578, 0.0, 0.0, 0.0, 0.0, 0.0941176488995552, 0.0, 0.0, 0.0, 0.0, 0.0, 0.0235294122248888, 0.0, 0.0, 0.0, 0.0, 0.0, 0.0, 0.0117647061124444, 0.0, 0.0, 0.0, 0.0, 0.0, 0.0, 0.0, 0.0, 0.0, 0.0, 0.0, 0.0, 0.0, 0.0, 0.0, 0.0, 0.0, 0.0, 0.0, 0.0, 0.0, 0.0, 0.0, 0.0, 0.0, 0.0, 0.0, 0.0, 0.0, 0.0, 0.0, 0.0, 0.0, 0.0, 0.0, 0.0, 0.0, 0.0, 0.0, 0.0, 0.0, 0.0, 0.0, 0.0, 0.0, 0.0, 0.0, 0.0, 0.0, 0.0, 0.0, 0.0, 0.0, 0.0, 0.0, 0.0, 0.0, 0.0, 0.0, 0.0, 0.0, 0.0, 0.0, 0.0], "tonal.chords_histogram": [7.291666507720947, 28.935184478759766, 52.314815521240234, 10.76388931274414, 0.0, 0.0, 0.0, 0.3472222089767456, 0.0, 0.11574073880910873, 0.0, 0.0, 0.0, 0.23148147761821747, 0.0, 0.0, 0.0, 0.0, 0.0, 0.0, 0.0, 0.0, 0.0, 0.0], "tonal.thpcp": [1.0, 0.44520723819732666, 0.008116074837744236, 0.0022024705540388823, 0.0007366884383372962, 0.00040353802614845335, 0.0005275019211694598, 0.0005658494774252176, 0.14467784762382507, 0.2918145954608917, 0.14759011566638947, 0.0013482728973031044, 0.001603793352842331, 0.0005642485339194536, 0.0007036231691017747, 0.0012267996789887547, 0.0015376434894278646, 0.0018357960507273674, 0.0012797212693840265, 0.00059192517073825, 0.11289750039577484, 0.2757225036621094, 0.165038600564003, 0.15101872384548187, 0.2813369929790497, 0.13298116624355316, 0.0036177695728838444, 0.007298703771084547, 0.05586802214384079, 0.1929701268672943, 0.20134566724300385, 0.06538313627243042, 0.006150758359581232, 0.0013409616658464074, 0.022157156839966774, 0.5827092528343201], "lowlevel.gfcc.cov": [[19694.822265625, 263.3385009765625, -8244.1533203125, -3042.947998046875, -767.9004516601562, 403.1061706542969, 498.1190490722656, 279.6877136230469, 89.54658508300781, -1344.672607421875, -1217.255615234375, -827.92919921875, 162.6473846435547], [263.3385009765625, 2147.54345703125, 1289.923583984375, -329.878173828125, 492.1112060546875, -44.20838165283203, 146.68971252441406, -391.6253356933594, 231.61105346679688, 125.04454803466797, -145.11502075195312, -270.3327331542969, -108.43289184570312], [-8244.1533203125, 1289.923583984375, 7228.021484375, 2930.6611328125, 514.2978515625, -80.6620864868164, -557.718994140625, -148.1538543701172, -113.07996368408203, 491.6387023925781, 462.3157653808594, -68.13301086425781, -470.2303771972656], [-3042.947998046875, -329.878173828125, 2930.6611328125, 2347.44140625, 340.54547119140625, -71.66011047363281, -147.28274536132812, 355.57318115234375, -248.52102661132812, -66.12616729736328, 217.7196044921875, -15.444839477539062, -358.8432312011719], [-767.9004516601562, 492.1112060546875, 514.2978515625, 340.54547119140625, 492.3022766113281, -45.5451774597168, 189.9496612548828, 33.34762191772461, -17.322175979614258, -23.383594512939453, -16.065439224243164, -55.79571533203125, -113.6372299194336], [403.1061706542969, -44.20838165283203, -80.6620864868164, -71.66011047363281, -45.5451774597168, 223.82350158691406, -40.663692474365234, -75.5045166015625, 48.395206451416016, 21.73497772216797, -108.36908721923828, -75.1468734741211, 4.591482162475586], [498.1190490722656, 146.68971252441406, -557.718994140625, -147.28274536132812, 189.9496612548828, -40.663692474365234, 488.4076232910156, 174.17095947265625, -2.3420140743255615, -130.05557250976562, -164.17413330078125, -114.06246948242188, 18.28171730041504], [279.6877136230469, -391.6253356933594, -148.1538543701172, 355.57318115234375, 33.34762191772461, -75.5045166015625, 174.17095947265625, 429.8671875, -177.4935302734375, -255.67808532714844, -24.068391799926758, -59.264564514160156, -96.29105377197266], [89.54658508300781, 231.61105346679688, -113.07996368408203, -248.52102661132812, -17.322175979614258, 48.395206451416016, -2.3420140743255615, -177.4935302734375, 339.4801330566406, 214.19796752929688, -72.98692321777344, -20.5399169921875, 13.94373607635498], [-1344.672607421875, 125.04454803466797, 491.6387023925781, -66.12616729736328, -23.383594512939453, 21.73497772216797, -130.05557250976562, -255.67808532714844, 214.19796752929688, 343.0932922363281, 95.85391235351562, 105.91206359863281, 80.88047790527344], [-1217.255615234375, -145.11502075195312, 462.3157653808594, 217.7196044921875, -16.065439224243164, -108.36908721923828, -164.17413330078125, -24.068391799926758, -72.98692321777344, 95.85391235351562, 269.0905456542969, 202.9429168701172, 28.72865867614746], [-827.92919921875, -270.3327331542969, -68.13301086425781, -15.444839477539062, -55.79571533203125, -75.1468734741211, -114.06246948242188, -59.264564514160156, -20.5399169921875, 105.91206359863281, 202.9429168701172, 257.5206604003906, 129.3128204345703], [162.6473846435547, -108.43289184570312, -470.2303771972656, -358.8432312011719, -113.6372299194336, 4.591482162475586, 18.28171730041504, -96.29105377197266, 13.94373607635498, 80.88047790527344, 28.72865867614746, 129.3128204345703, 259.8699951171875]], "lowlevel.gfcc.icov": [[0.0005968058831058443, -0.0015813971403986216, 0.0013964262325316668, -0.0014010717859491706, 0.0016012348933145404, -0.0006937055732123554, 0.0009638916235417128, -0.0004272885271348059, -9.190050332108513e-05, 0.000758446694817394, -0.0002219966845586896, 0.0012717465870082378, -0.0007943420205265284], [-0.0015813971403986216, 0.007674315478652716, -0.0053164418786764145, 0.005944970995187759, -0.007453276310116053, 0.003508655121549964, -0.0028635927010327578, 0.004410903435200453, -0.0035672755911946297, 0.0037469041999429464, -0.0018529501976445317, 0.0005976368556730449, 0.00022842689941171557], [0.0013964262325316668, -0.0053164418786764145, 0.004627907648682594, -0.004995611496269703, 0.005070224869996309, -0.0021195898298174143, 0.002614319557324052, -0.0021420035045593977, 0.002125436905771494, -0.002160897944122553, -0.00027854766813106835, 0.0028404477052390575, -0.0011635766131803393], [-0.0014010717859491706, 0.005944970995187759, -0.004995611496269703, 0.0063756536692380905, -0.0062391068786382675, 0.0021107178181409836, -0.0021891589276492596, 0.0015552587574347854, -0.002214963547885418, 0.002275995211675763, -0.000340411439538002, -0.002217722125351429, 0.0016382677713409066], [0.0016012348933145404, -0.007453276310116053, 0.005070224869996309, -0.0062391068786382675, 0.011024722829461098, -0.0031738439574837685, 0.00028279860271140933, -0.002439450938254595, 0.0036510166246443987, -0.002973521826788783, 0.0019013582495972514, -0.0015044553438201547, 0.0016682675341144204], [-0.0006937055732123554, 0.003508655121549964, -0.0021195898298174143, 0.0021107178181409836, -0.0031738439574837685, 0.008995291776955128, 0.0002909214235842228, 0.002946009859442711, -0.00025521512725390494, -0.00017032025789376348, 0.0039413608610630035, 0.000852959870826453, -0.00029169549816288054], [0.0009638916235417128, -0.0028635927010327578, 0.002614319557324052, -0.0021891589276492596, 0.00028279860271140933, 0.0002909214235842228, 0.007086480967700481, -0.0037360454443842173, -5.775562385679223e-06, -0.00020423591195140034, 0.0022593315225094557, 0.0032076677307486534, -0.0036368779838085175], [-0.0004272885271348059, 0.004410903435200453, -0.0021420035045593977, 0.0015552587574347854, -0.002439450938254595, 0.002946009859442711, -0.0037360454443842173, 0.010652933269739151, -0.0034794423263520002, 0.008543453179299831, -0.0038055817130953074, 0.0032077692449092865, -0.0001768989604897797], [-9.190050332108513e-05, -0.0035672755911946297, 0.002125436905771494, -0.002214963547885418, 0.0036510166246443987, -0.00025521512725390494, -5.775562385679223e-06, -0.0034794423263520002, 0.0141359968110919, -0.015693794935941696, 0.009128912352025509, -0.0062766773626208305, 0.005908700171858072], [0.000758446694817394, 0.0037469041999429464, -0.002160897944122553, 0.002275995211675763, -0.002973521826788783, -0.00017032025789376348, -0.00020423591195140034, 0.008543453179299831, -0.015693794935941696, 0.026485450565814972, -0.010415159165859222, 0.00694936653599143, -0.007503557484596968], [-0.0002219966845586896, -0.0018529501976445317, -0.00027854766813106835, -0.000340411439538002, 0.0019013582495972514, 0.0039413608610630035, 0.0022593315225094557, -0.0038055817130953074, 0.009128912352025509, -0.010415159165859222, 0.025780055671930313, -0.02014104463160038, 0.007508492097258568], [0.0012717465870082378, 0.0005976368556730449, 0.0028404477052390575, -0.002217722125351429, -0.0015044553438201547, 0.000852959870826453, 0.0032076677307486534, 0.0032077692449092865, -0.0062766773626208305, 0.00694936653599143, -0.02014104463160038, 0.03025868907570839, -0.01283561997115612], [-0.0007943420205265284, 0.00022842689941171557, -0.0011635766131803393, 0.0016382677713409066, 0.0016682675341144204, -0.00029169549816288054, -0.0036368779838085175, -0.0001768989604897797, 0.005908700171858072, -0.007503557484596968, 0.007508492097258568, -0.01283561997115612, 0.01309760008007288]], "lowlevel.mfcc.cov": [[14422.18359375, 2638.177490234375, -5680.58740234375, -3639.9970703125, -2190.994873046875, -972.9427490234375, -352.0450439453125, 802.1632690429688, 802.3233032226562, 105.35897827148438, 25.60153579711914, -1185.4345703125, -901.8516235351562], [2638.177490234375, 3245.109619140625, -892.318603515625, -1202.537841796875, -513.8333129882812, 140.48606872558594, -221.04409790039062, -112.16504669189453, 323.043212890625, 284.7181091308594, 42.536903381347656, -127.84587860107422, -93.37257385253906], [-5680.58740234375, -892.318603515625, 4506.818359375, 2713.606201171875, 1585.8568115234375, 558.7138061523438, 186.01663208007812, -407.3377990722656, -498.4059143066406, -167.9084930419922, -131.76425170898438, 374.084228515625, 380.3907165527344], [-3639.9970703125, -1202.537841796875, 2713.606201171875, 2835.027587890625, 1312.964599609375, 296.3654479980469, 483.11859130859375, 157.2954559326172, -204.8065948486328, -109.92814636230469, -104.04916381835938, 211.3000030517578, 182.10215759277344], [-2190.994873046875, -513.8333129882812, 1585.8568115234375, 1312.964599609375, 917.4441528320312, 240.58387756347656, 161.4809112548828, -14.273979187011719, -235.2271728515625, -163.77517700195312, -9.89399242401123, 189.32542419433594, 110.5668716430664], [-972.9427490234375, 140.48606872558594, 558.7138061523438, 296.3654479980469, 240.58387756347656, 410.601318359375, -93.48494720458984, -229.1353302001953, -52.72665023803711, 49.95677947998047, 63.424041748046875, 64.33008575439453, 149.5771484375], [-352.0450439453125, -221.04409790039062, 186.01663208007812, 483.11859130859375, 161.4809112548828, -93.48494720458984, 393.7424011230469, 260.70086669921875, 66.25975799560547, 7.463010311126709, -179.83705139160156, -5.544386386871338, -37.76295471191406], [802.1632690429688, -112.16504669189453, -407.3377990722656, 157.2954559326172, -14.273979187011719, -229.1353302001953, 260.70086669921875, 421.70758056640625, 143.53787231445312, -7.221610069274902, -36.492496490478516, -78.5406723022461, -168.720703125], [802.3233032226562, 323.043212890625, -498.4059143066406, -204.8065948486328, -235.2271728515625, -52.72665023803711, 66.25975799560547, 143.53787231445312, 281.38165283203125, 189.7629852294922, -39.173439025878906, -109.27395629882812, -55.62869644165039], [105.35897827148438, 284.7181091308594, -167.9084930419922, -109.92814636230469, -163.77517700195312, 49.95677947998047, 7.463010311126709, -7.221610069274902, 189.7629852294922, 235.62657165527344, 15.902266502380371, -46.78790283203125, 5.033843994140625], [25.60153579711914, 42.536903381347656, -131.76425170898438, -104.04916381835938, -9.89399242401123, 63.424041748046875, -179.83705139160156, -36.492496490478516, -39.173439025878906, 15.902266502380371, 284.1152038574219, 53.15299987792969, -82.41573333740234], [-1185.4345703125, -127.84587860107422, 374.084228515625, 211.3000030517578, 189.32542419433594, 64.33008575439453, -5.544386386871338, -78.5406723022461, -109.27395629882812, -46.78790283203125, 53.15299987792969, 221.59039306640625, 100.431884765625], [-901.8516235351562, -93.37257385253906, 380.3907165527344, 182.10215759277344, 110.5668716430664, 149.5771484375, -37.76295471191406, -168.720703125, -55.62869644165039, 5.033843994140625, -82.41573333740234, 100.431884765625, 260.628173828125]], "lowlevel.mfcc.icov": [[0.00032789798569865525, -0.0001961939560715109, 0.00023320688342209905, -4.638809696189128e-05, 4.1197450627805665e-05, 0.00019410427194088697, 0.0003953738196287304, -0.00032507654395885766, -4.772477041115053e-05, 0.00046843342715874314, 1.0212243978457991e-05, 0.001162902102805674, 1.0224655852653086e-05], [-0.0001961939560715109, 0.0005911235930398107, -0.00023178831906989217, 0.0003394384984858334, -0.0001174212884507142, -0.0005836001946590841, 6.086023859097622e-05, -3.733201083377935e-05, -0.00036394759081304073, -0.0005278006428852677, 0.000390046916436404, -0.0009622618090361357, 0.0004300723667256534], [0.00023320688342209905, -0.00023178831906989217, 0.0013381873723119497, -0.000896078476216644, -0.0008909775642678142, 0.0003968887322116643, 0.0008978106779977679, 0.000822998583316803, 0.0010421137558296323, -0.0008401342201977968, 0.0011575297685340047, 0.0004350006638560444, 0.0006470458465628326], [-4.638809696189128e-05, 0.0003394384984858334, -0.000896078476216644, 0.0022836977150291204, -0.0015780145768076181, -2.1087262211949565e-05, -0.0018737688660621643, -0.0007032661233097315, -0.0008523368160240352, 1.1207533134438563e-05, -0.0016821243334561586, 0.0009919814765453339, -0.0014682312030345201], [4.1197450627805665e-05, -0.0001174212884507142, -0.0008909775642678142, -0.0015780145768076181, 0.006518335547298193, -0.002913606818765402, 0.0009189847623929381, -0.002541078021749854, 0.001381616573780775, 0.0021654434967786074, 0.0009937231661751866, -0.0021208608523011208, 0.0012830353807657957], [0.00019410427194088697, -0.0005836001946590841, 0.0003968887322116643, -2.1087262211949565e-05, -0.002913606818765402, 0.008173017762601376, -0.004177749156951904, 0.006684862542897463, -0.003871963592246175, 0.00197382434271276, -0.0061959