{"song_id": "1183704217622417519", "download": "https://cdn.discordapp.com/attachments/1128313332273782784/1183704217622417519/chirp.mp4?ex=65894d75&amp", "lyrics": "[verse]\nToday is a special day, it's Nadya's birthday\nLet's celebrate and make it the best in every way\nWith laughter and joy, let's sing a sweet melody\nGathering together, creating memories so heavenly\n\n[chorus]\nHappy Birthday to Nadya, our shining star\nMay your dreams come true, no matter how far\nWe raise our glasses, toast to your happiness\nWishing you love and success, endless and limitless", "style": ["happy song for kids"], "essentia_features": {"lowlevel.average_loudness": 0.6707728505134583, "lowlevel.barkbands_crest.mean": 14.767348289489746, "lowlevel.barkbands_crest.stdev": 3.966831684112549, "lowlevel.barkbands_flatness_db.mean": 0.3894323706626892, "lowlevel.barkbands_flatness_db.stdev": 0.09600461274385452, "lowlevel.barkbands_kurtosis.mean": 15.72330379486084, "lowlevel.barkbands_kurtosis.stdev": 23.040645599365234, "lowlevel.barkbands_skewness.mean": 2.533719778060913, "lowlevel.barkbands_skewness.stdev": 2.0817391872406006, "lowlevel.barkbands_spread.mean": 7.972781181335449, "lowlevel.barkbands_spread.stdev": 10.997265815734863, "lowlevel.dissonance.mean": 0.33805081248283386, "lowlevel.dissonance.stdev": 0.1024140790104866, "lowlevel.dynamic_complexity": 4.743835926055908, "lowlevel.erbbands_crest.mean": 16.560773849487305, "lowlevel.erbbands_crest.stdev": 5.137085437774658, "lowlevel.erbbands_flatness_db.mean": 0.4367271959781647, "lowlevel.erbbands_flatness_db.stdev": 0.09135941416025162, "lowlevel.erbbands_kurtosis.mean": 10.517048835754395, "lowlevel.erbbands_kurtosis.stdev": 16.757034301757812, "lowlevel.erbbands_skewness.mean": 2.0470964908599854, "lowlevel.erbbands_skewness.stdev": 1.8117223978042603, "lowlevel.erbbands_spread.mean": 16.250080108642578, "lowlevel.erbbands_spread.stdev": 19.015796661376953, "lowlevel.hfc.mean": 12.875090599060059, "lowlevel.hfc.stdev": 16.886062622070312, "lowlevel.loudness_ebu128.integrated": -21.42540740966797, "lowlevel.loudness_ebu128.loudness_range": 6.627262115478516, "lowlevel.loudness_ebu128.momentary.mean": -22.80222511291504, "lowlevel.loudness_ebu128.momentary.stdev": 3.6124579906463623, "lowlevel.loudness_ebu128.short_term.mean": -21.983774185180664, "lowlevel.loudness_ebu128.short_term.stdev": 2.3221662044525146, "lowlevel.melbands_crest.mean": 19.742019653320312, "lowlevel.melbands_crest.stdev": 5.050014972686768, "lowlevel.melbands_flatness_db.mean": 0.4232514798641205, "lowlevel.melbands_flatness_db.stdev": 0.12415359169244766, "lowlevel.melbands_kurtosis.mean": 35.53179168701172, "lowlevel.melbands_kurtosis.stdev": 56.79574966430664, "lowlevel.melbands_skewness.mean": 3.663853406906128, "lowlevel.melbands_skewness.stdev": 3.013627529144287, "lowlevel.melbands_spread.mean": 9.78781795501709, "lowlevel.melbands_spread.stdev": 15.824424743652344, "lowlevel.pitch_salience.mean": 0.4919910728931427, "lowlevel.pitch_salience.stdev": 0.10529416799545288, "lowlevel.silence_rate_20dB.mean": 1.0, "lowlevel.silence_rate_20dB.stdev": 0.0, "lowlevel.silence_rate_30dB.mean": 0.9970005750656128, "lowlevel.silence_rate_30dB.stdev": 0.05468479171395302, "lowlevel.silence_rate_60dB.mean": 0.2783443331718445, "lowlevel.silence_rate_60dB.stdev": 0.44818413257598877, "lowlevel.spectral_centroid.mean": 1067.5479736328125, "lowlevel.spectral_centroid.stdev": 615.1317138671875, "lowlevel.spectral_complexity.mean": 5.816436767578125, "lowlevel.spectral_complexity.stdev": 3.8028550148010254, "lowlevel.spectral_decrease.mean": -3.531503534048852e-09, "lowlevel.spectral_decrease.stdev": 4.547935805732095e-09, "lowlevel.spectral_energy.mean": 0.0144965136423707, "lowlevel.spectral_energy.stdev": 0.018553508445620537, "lowlevel.spectral_energyband_high.mean": 0.0002343400992685929, "lowlevel.spectral_energyband_high.stdev": 0.0006520234164781868, "lowlevel.spectral_energyband_low.mean": 4.2593154603309813e-07, "lowlevel.spectral_energyband_low.stdev": 1.323098217653751e-06, "lowlevel.spectral_energyband_middle_high.mean": 0.0034979269839823246, "lowlevel.spectral_energyband_middle_high.stdev": 0.007834927178919315, "lowlevel.spectral_energyband_middle_low.mean": 0.011186661198735237, "lowlevel.spectral_energyband_middle_low.stdev": 0.015448154881596565, "lowlevel.spectral_entropy.mean": 6.03907585144043, "lowlevel.spectral_entropy.stdev": 1.0572490692138672, "lowlevel.spectral_flux.mean": 0.03908814489841461, "lowlevel.spectral_flux.stdev": 0.03772098571062088, "lowlevel.spectral_kurtosis.mean": 59.883544921875, "lowlevel.spectral_kurtosis.stdev": 110.83576965332031, "lowlevel.spectral_rms.mean": 0.003168771741911769, "lowlevel.spectral_rms.stdev": 0.002025296213105321, "lowlevel.spectral_rolloff.mean": 1417.51123046875, "lowlevel.spectral_rolloff.stdev": 1791.5784912109375, "lowlevel.spectral_skewness.mean": 4.010977745056152, "lowlevel.spectral_skewness.stdev": 4.877170085906982, "lowlevel.spectral_spread.mean": 3059499.75, "lowlevel.spectral_spread.stdev": 3029160.75, "lowlevel.spectral_strongpeak.mean": 1.8435004949569702, "lowlevel.spectral_strongpeak.stdev": 1.5440118312835693, "lowlevel.zerocrossingrate.mean": 0.05164211243391037, "lowlevel.zerocrossingrate.stdev": 0.04212385416030884, "metadata.audio_properties.analysis.equal_loudness": 0.0, "metadata.audio_properties.analysis.length": 38.67732238769531, "metadata.audio_properties.analysis.sample_rate": 44100.0, "metadata.audio_properties.analysis.start_time": 0.0, "metadata.audio_properties.bit_rate": 110720.0, "metadata.audio_properties.length": 38.67733383178711, "metadata.audio_properties.lossless": 0.0, "metadata.audio_properties.number_channels": 1.0, "metadata.audio_properties.replay_gain": -7.976430892944336, "metadata.audio_properties.sample_rate": 48000.0, "rhythm.beats_count": 62.0, "rhythm.beats_loudness.mean": 0.033176444470882416, "rhythm.beats_loudness.stdev": 0.021604226902127266, "rhythm.bpm": 98.05278015136719, "rhythm.bpm_histogram_first_peak_bpm": 98.0, "rhythm.bpm_histogram_first_peak_weight": 0.27586203813552856, "rhythm.bpm_histogram_second_peak_bpm": 92.0, "rhythm.bpm_histogram_second_peak_spread": 0.0, "rhythm.bpm_histogram_second_peak_weight": 0.032786883413791656, "rhythm.danceability": 1.2187576293945312, "rhythm.onset_rate": 3.798837184906006, "tonal.chords_changes_rate": 0.03717026486992836, "tonal.chords_number_rate": 0.008393285796046257, "tonal.chords_strength.mean": 0.5243213176727295, "tonal.chords_strength.stdev": 0.10908225923776627, "tonal.hpcp_crest.mean": 15.457822799682617, "tonal.hpcp_crest.stdev": 5.0053181648254395, "tonal.hpcp_entropy.mean": 1.509369134902954, "tonal.hpcp_entropy.stdev": 0.5196853280067444, "tonal.key_edma.strength": 0.5419154763221741, "tonal.key_krumhansl.strength": 0.5568163990974426, "tonal.key_temperley.strength": 0.5858176350593567, "tonal.tuning_diatonic_strength": 0.5574386715888977, "tonal.tuning_equal_tempered_deviation": 0.015275288373231888, "tonal.tuning_frequency": 440.76312255859375, "tonal.tuning_nontempered_energy_ratio": 0.6155270338058472, "lowlevel.barkbands.mean": [4.478703772292647e-07, 1.3668976350800222e-07, 1.1975258473739814e-07, 1.259571007494742e-07, 1.5475873169634724e-06, 6.82047611917369e-05, 0.0006183532532304525, 0.005461610853672028, 0.004152561537921429, 0.0011399992508813739, 0.0005653247935697436, 0.0005972776561975479, 0.00019046048691961914, 0.00038629560731351376, 0.00036422922858037055, 0.00042103559826500714, 0.00012950829113833606, 5.33148086105939e-05, 5.3165658755460754e-05, 0.00011401127994759008, 6.761161057511345e-05, 7.461487257387489e-05, 4.181555596005637e-06, 1.002486351353582e-05, 1.545513077871874e-05, 6.889814812893746e-06, 2.5030873374021212e-08], "lowlevel.barkbands.stdev": [6.140560344647383e-07, 5.952692276878224e-07, 4.677460196944594e-07, 4.4834644086222397e-07, 3.6954540973965777e-06, 0.0002591989759821445, 0.0009517350699752569, 0.008532226085662842, 0.007878019474446774, 0.0030740986112505198, 0.0023461366072297096, 0.00249598640948534, 0.00144111062400043, 0.001794422511011362, 0.0020886315032839775, 0.0018380084075033665, 0.00046848488273099065, 0.0002001638786168769, 0.00015501657617278397, 0.00021662726067006588, 0.0001580910902703181, 0.0004513439489528537, 3.242227830924094e-05, 5.011319444747642e-05, 8.412329043494537e-05, 3.358597314218059e-05, 3.423812131586601e-07], "lowlevel.erbbands.mean": [4.910555162496166e-06, 3.306122380308807e-05, 0.00012885441537946463, 0.00031414724071510136, 0.001222132588736713, 0.006203420925885439, 0.06383897364139557, 0.7322408556938171, 4.950366973876953, 66.55449676513672, 131.20993041992188, 72.85446166992188, 45.27337646484375, 19.476179122924805, 22.98525619506836, 24.469200134277344, 9.98353099822998, 22.118824005126953, 12.80887508392334, 25.317964553833008, 18.39994239807129, 7.003934860229492, 3.4791932106018066, 3.1826350688934326, 3.296560049057007, 5.157987594604492, 2.4389030933380127, 3.519927740097046, 3.353754997253418, 0.6472439765930176, 0.11315581202507019, 0.15168654918670654, 0.19622673094272614, 0.1759287416934967, 0.1059977188706398, 0.043728042393922806, 0.009858351200819016, 0.0007721480797044933, 2.4458242478431202e-05, 1.8239432392874733e-05], "lowlevel.erbbands.stdev": [2.177413261961192e-05, 0.00013166011194698513, 0.0004900565836578608, 0.0010505105601623654, 0.0037342850118875504, 0.0130405742675066, 0.1626436710357666, 2.515554189682007, 7.469544410705566, 130.46527099609375, 203.0515899658203, 123.06782531738281, 116.2242660522461, 52.03108215332031, 128.16664123535156, 94.30564880371094, 54.737613677978516, 96.23001098632812, 55.18857955932617, 122.59486389160156, 72.24285888671875, 21.561899185180664, 12.518108367919922, 9.67449951171875, 7.918447971343994, 10.164052963256836, 6.135578632354736, 8.390273094177246, 19.621810913085938, 5.108052730560303, 0.7926985025405884, 0.7086918950080872, 1.0558611154556274, 1.0978201627731323, 0.543293297290802, 0.22107794880867004, 0.04830725118517876, 0.004606972448527813, 9.071044769370928e-05, 2.2231466573430225e-05], "lowlevel.gfcc.mean": [-238.52880859375, 86.81790924072266, -211.79669189453125, -63.099979400634766, -106.99551391601562, -42.31643295288086, -0.16312478482723236, 10.677404403686523, 14.186037063598633, 15.505266189575195, -17.20198631286621, -11.747735977172852, 1.0471011400222778], "lowlevel.melbands.mean": [5.55119434864082e-08, 5.8438931915816283e-08, 7.229846232803538e-08, 1.9679816887219204e-07, 1.5161496094151516e-06, 1.586174221301917e-05, 7.828659727238119e-05, 0.0008245949866250157, 0.0011934124631807208, 0.0003982428170274943, 0.0002133735251845792, 6.974473217269406e-05, 6.626242975471541e-05, 7.375863788183779e-05, 3.84914455935359e-05, 2.183370088459924e-05, 4.530423757387325e-05, 1.770978451531846e-05, 2.8852939067292027e-05, 3.98178344767075e-05, 1.6283811419270933e-05, 7.576915322715649e-06, 4.184121280559339e-06, 2.4976775421237107e-06, 2.62522189586889e-06, 1.4849142644379754e-06, 3.650036205726792e-06, 3.4312149637116818e-06, 1.6193442888834397e-06, 1.3745308251600363e-06, 2.2541537418874213e-06, 2.3065997538651573e-06, 8.374121875931451e-07, 1.546740122648771e-07, 5.886908382990441e-08, 4.070830073032994e-08, 1.2090509926565574e-07, 1.5605917269567726e-07, 1.1256157961270219e-07, 1.651048080475448e-07], "lowlevel.melbands.stdev": [1.839086252175548e-07, 2.2138171118513128e-07, 2.3863654519118427e-07, 4.799177872882865e-07, 4.440737939148676e-06, 5.9557409258559346e-05, 0.00013410838437266648, 0.0016190215246751904, 0.001977363834157586, 0.0006775193032808602, 0.0005756411119364202, 0.00020811270223930478, 0.00032842697692103684, 0.0003211262228433043, 0.00016098783817142248, 0.00018210960843134671, 0.0002077479293802753, 7.857053424231708e-05, 0.00017054047202691436, 0.00017441085947211832, 6.916346319485456e-05, 2.414510709058959e-05, 2.1079604266560636e-05, 9.096986104850657e-06, 8.656189493194688e-06, 4.294643986213487e-06, 8.00382076704409e-06, 7.336285761994077e-06, 4.277925199858146e-06, 4.006997642136412e-06, 5.473095370689407e-06, 1.2793775567843113e-05, 7.628862931596814e-06, 1.2747561868309276e-06, 4.869655185757438e-07, 2.2481495420834108e-07, 6.004961505823303e-07, 8.532029482921644e-07, 6.743468361491978e-07, 1.1010198477379163e-06], "lowlevel.melbands128.mean": [1.1534722688111287e-07, 4.279057463918434e-08, 4.3002398086855464e-08, 5.536047353871254e-08, 6.279630326844199e-08, 5.7975345413296964e-08, 5.4436075203057044e-08, 6.80868694757919e-08, 1.0760720670077717e-07, 1.5338378034357447e-07, 2.405105021807685e-07, 5.302420618136239e-07, 1.4399090559891192e-06, 3.0018727557035163e-06, 8.667030670039821e-06, 2.9653203455382027e-05, 2.9301245376700535e-05, 5.946693636360578e-05, 0.00016408954979851842, 0.0008063282002694905, 0.001279944903217256, 0.000492862774990499, 0.00157077144831419, 0.0014884771080687642, 0.00021152710542082787, 0.00014952222409192473, 0.0001677517720963806, 0.00036364083644002676, 8.330340642714873e-05, 4.4516717025544494e-05, 9.577813762007281e-05, 5.912286724196747e-05, 2.628627044032328e-05, 0.000125049555208534, 5.7234199630329385e-05, 6.644019595114514e-05, 8.21906141936779e-05, 4.256398096913472e-05, 7.170464868977433e-06, 1.2348045856924728e-05, 3.564006692613475e-05, 1.6671961930114776e-05, 5.069819599157199e-05, 6.85917548253201e-05, 8.773588888288941e-06, 9.859749297902454e-06, 2.1793603082187474e-05, 2.482192576280795e-05, 3.895744157489389e-05, 2.816887354128994e-05, 4.9558486352907494e-05, 4.186297519481741e-05, 1.396168318024138e-05, 8.828993486531544e-06, 9.290146408602595e-06, 7.830447430023924e-06, 5.371894530981081e-06, 5.997093467158265e-06, 2.7357039016351337e-06, 2.974677499878453e-06, 2.4128360109898495e-06, 1.4568477126886137e-06, 4.638178324967157e-06, 2.2933631953492295e-06, 9.030654837260954e-07, 1.1609063221840188e-06, 1.438659523955721e-06, 3.882320470438572e-06, 3.7051268009236082e-06, 4.49409617431229e-06, 3.126402589259669e-06, 3.4425945614202647e-06, 2.5090821509365924e-06, 9.730018746267888e-07, 9.011373549583368e-07, 1.3208025393396383e-06, 1.4739780453965068e-06, 2.0433569716260536e-06, 2.6272757622791687e-06, 2.1138807824172545e-06, 2.7868500183103606e-06, 2.2156934846861986e-06, 1.246651208930416e-06, 8.503585036123695e-07, 4.046174808536307e-07, 1.4192960406944621e-07, 1.0069985734162401e-07, 7.50847917174724e-08, 6.139137553873297e-08, 4.1087755420221583e-08, 4.0427259762054746e-08, 3.7675693675964794e-08, 4.459513291976691e-08, 9.819514446007815e-08, 1.9044324517381028e-07, 1.948857146771843e-07, 1.5208026127311314e-07, 9.255796129536975e-08, 1.0802218497474314e-07, 1.2291178563827998e-07, 1.3535826326460665e-07, 2.058745991462274e-07, 1.4591788044526766e-07, 1.412851275972571e-07, 1.0793596061375865e-07, 1.1507661668019864e-07, 8.822718911005722e-08, 1.0826209262404518e-07, 7.806626456385857e-08, 5.072638487035874e-08, 3.992136399233459e-08, 4.4079914829353584e-08, 2.9239922483270675e-08, 1.944146355015164e-08, 1.1064625660139882e-08, 8.205999435517697e-09, 1.3680280241956666e-09, 6.739008222983456e-12, 2.270975725179869e-12, 2.215416869053022e-12, 2.1536752416173588e-12, 2.1099610773844812e-12, 2.081777892432024e-12, 2.0357133947296324e-12, 1.935866397739794e-12, 1.7854369241745993e-12, 1.7009486267399732e-12, 1.681763127196756e-12], "lowlevel.melbands128.stdev": [2.2652606901374384e-07, 2.1764283530956163e-07, 1.8356318776113767e-07, 2.3787944769537717e-07, 2.5800599701142346e-07, 2.2706343827394448e-07, 2.063291759668573e-07, 2.4856655045368825e-07, 4.0124544398167927e-07, 4.945149498780665e-07, 6.577768658644345e-07, 1.466053276999446e-06, 4.193708264210727e-06, 1.1446316420915537e-05, 4.246362004778348e-05, 0.00012531832908280194, 0.00010569088772172108, 0.00013473871513269842, 0.0003404789022170007, 0.001703067566268146, 0.0028009526431560516, 0.000956881616730243, 0.002742578973993659, 0.003199921455234289, 0.0004796281864400953, 0.0005362391239032149, 0.0004861842026002705, 0.0011155948741361499, 0.00029420663486234844, 0.00026267350767739117, 0.00033387282746843994, 0.00022088299738243222, 0.00017380694043822587, 0.000922833161894232, 0.0005024496931582689, 0.0003402861475478858, 0.000429043808253482, 0.00023194636742118746, 4.7103367251111194e-05, 0.00014708434173371643, 0.0003464162291493267, 0.00013645997387357056, 0.00028880126774311066, 0.000365839630831033, 5.346604302758351e-05, 7.35662251827307e-05, 0.00018728354189079255, 0.0002216107095591724, 0.0003357746754772961, 0.00018932900275103748, 0.0002973688824567944, 0.00021640925842802972, 0.00011596862168516964, 5.5954453273443505e-05, 4.567744326777756e-05, 2.716339804464951e-05, 2.715577466005925e-05, 4.478685514186509e-05, 1.841720768425148e-05, 1.671276731940452e-05, 1.4463083971349988e-05, 8.945558874984272e-06, 1.8150727555621415e-05, 8.136991709761787e-06, 3.330985009597498e-06, 4.127556621824624e-06, 5.148392574483296e-06, 1.2452275768737309e-05, 9.072252396435943e-06, 1.2095624697394669e-05, 8.391428309550975e-06, 1.1160132999066263e-05, 7.777738574077375e-06, 3.343878006489831e-06, 4.082964551344048e-06, 5.389564648794476e-06, 4.585882834362565e-06, 5.5930568123585545e-06, 6.512022537208395e-06, 7.479826763301389e-06, 1.549216358398553e-05, 1.5204573173832614e-05, 1.271836936211912e-05, 8.932905075198505e-06, 3.579757049010368e-06, 1.2768574606525362e-06, 9.468034818382876e-07, 6.578333113793633e-07, 5.982401489745826e-07, 3.192105566540704e-07, 2.561412770774041e-07, 2.0333121142357413e-07, 2.806700081237068e-07, 5.594486083282391e-07, 9.722566574055236e-07, 1.1059768212362542e-06, 9.428881071471551e-07, 6.102267207097611e-07, 6.846914288871631e-07, 7.862748816478415e-07, 1.0517327382331132e-06, 1.5271411939465906e-06, 9.388490980200004e-07, 8.082881208792969e-07, 6.106561727392545e-07, 6.191686452439171e-07, 4.867231382377213e-07, 6.146508439996978e-07, 4.3760323364949727e-07, 3.07915911434975e-07, 2.108149317336938e-07, 2.291014027377969e-07, 1.5760983274049067e-07, 1.260076771814056e-07, 7.536081625403313e-08, 6.288844645041536e-08, 1.4566413852890037e-08, 8.384786615023287e-11, 3.968643556145901e-12, 3.863121628144839e-12, 3.770707704409126e-12, 3.6890286832236274e-12, 3.6113989403119273e-12, 3.5468984520281577e-12, 3.496990457624305e-12, 3.4552436866536196e-12, 3.424809047469779e-12, 3.4060029102667144e-12], "lowlevel.mfcc.mean": [-866.7738647460938, 137.9669189453125, -77.79412078857422, -27.669166564941406, -85.65789794921875, -42.04095458984375, -26.343568801879883, -21.729652404785156, 32.85387420654297, 7.927276611328125, 15.079751014709473, 12.115089416503906, 5.500049114227295], "lowlevel.spectral_contrast_coeffs.mean": [-0.7705627083778381, -0.5563181638717651, -0.6609504818916321, -0.7597898840904236, -0.7766059041023254, -0.6705991625785828], "lowlevel.spectral_contrast_coeffs.stdev": [0.07591477781534195, 0.0908421203494072, 0.0934552252292633, 0.07904145866632462, 0.05866726487874985, 0.15113484859466553], "lowlevel.spectral_contrast_valleys.mean": [-11.195155143737793, -8.033062934875488, -9.041276931762695, -9.673003196716309, -9.879658699035645, -13.822982788085938], "lowlevel.spectral_contrast_valleys.stdev": [0.7113510370254517, 0.8549417853355408, 0.9674623012542725, 1.351642370223999, 1.9645036458969116, 1.4063178300857544], "rhythm.beats_loudness_band_ratio.mean": [8.60113650560379e-05, 0.01100444421172142, 0.827194094657898, 0.12686066329479218, 0.05364621430635452, 0.012580018490552902], "rhythm.beats_loudness_band_ratio.stdev": [0.00012031492951791734, 0.02951836585998535, 0.1940576434135437, 0.15411943197250366, 0.0794750228524208, 0.01656264439225197], "tonal.hpcp.mean": [0.037385378032922745, 0.02694912999868393, 0.09907160699367523, 0.16475853323936462, 0.0781632512807846, 0.015904664993286133, 0.016942810267210007, 0.01157055888324976, 0.187153160572052, 0.37928175926208496, 0.2054184526205063, 0.015257313847541809, 0.013918970711529255, 0.01582515984773636, 0.14020247757434845, 0.25164711475372314, 0.1344304084777832, 0.2639717161655426, 0.4885205328464508, 0.25058606266975403, 0.02308841422200203, 0.01656724326312542, 0.01080162264406681, 0.04563334956765175, 0.08195769041776657, 0.04950888827443123, 0.018889587372541428, 0.016307473182678223, 0.012324905022978783, 0.08927073329687119, 0.1610550582408905, 0.08619916439056396, 0.016013633459806442, 0.013301189988851547, 0.013013511896133423, 0.025811707600951195], "tonal.hpcp.stdev": [0.136073499917984, 0.11310286074876785, 0.18639086186885834, 0.2957487106323242, 0.14375433325767517, 0.07898592948913574, 0.0712159052491188, 0.05366208031773567, 0.2233538031578064, 0.4360058009624481, 0.24360476434230804, 0.07478253543376923, 0.07695286720991135, 0.08840193599462509, 0.2244473546743393, 0.39249590039253235, 0.2094154953956604, 0.23995108902454376, 0.4237145781517029, 0.22831843793392181, 0.11929012835025787, 0.09367960691452026, 0.06887093186378479, 0.1202189102768898, 0.18393480777740479, 0.12237957864999771, 0.09303586930036545, 0.09010044485330582, 0.07441574335098267, 0.16557279229164124, 0.2891682982444763, 0.15385858714580536, 0.08495823293924332, 0.08472081273794174, 0.08378557860851288, 0.10066267848014832], "rhythm.beats_position": [0.5688889026641846, 1.1493877172470093, 1.7414965629577637, 2.3336052894592285, 2.9489340782165527, 3.5410430431365967, 4.156371593475342, 4.771700382232666, 5.38702917098999, 6.0023579597473145, 6.617686748504639, 7.233015537261963, 7.848344326019287, 8.45206356048584, 9.067392349243164, 9.682721138000488, 10.298049926757812, 10.913378715515137, 11.54031753540039, 12.155646324157715, 12.770975112915039, 13.397913932800293, 14.013242721557617, 14.663400650024414, 15.301949501037598, 15.928888320922852, 16.544218063354492, 17.1595458984375, 17.76326560974121, 18.37859344482422, 18.99392318725586, 19.597640991210938, 20.212970733642578, 20.816688537597656, 21.408798217773438, 22.024126052856445, 22.639455795288086, 23.289613723754883, 23.893333435058594, 24.497051239013672, 25.100770950317383, 25.70448875427246, 26.3198184967041, 26.93514633178711, 27.55047607421875, 28.1425838470459, 28.74630355834961, 29.338411331176758, 29.93052101135254, 30.53424072265625, 31.137958526611328, 31.74167823791504, 32.34539794921875, 32.94911575317383, 33.56444549560547, 34.191383361816406, 34.80671310424805, 35.433650970458984, 36.048980712890625, 36.68752670288086, 37.32607650756836, 37.9530143737793], "rhythm.bpm_histogram": [0.0, 0.0, 0.0, 0.0, 0.0, 0.0, 0.0, 0.0, 0.0, 0.0, 0.0, 0.0, 0.0, 0.0, 0.0, 0.0, 0.0, 0.0, 0.0, 0.0, 0.0, 0.0, 0.0, 0.0, 0.0, 0.0, 0.0, 0.0, 0.0, 0.0, 0.0, 0.0, 0.0, 0.0, 0.0, 0.0, 0.0, 0.0, 0.0, 0.0, 0.0, 0.0, 0.0, 0.0, 0.0, 0.0, 0.0, 0.0, 0.0, 0.0, 0.0, 0.0, 0.0, 0.0, 0.0, 0.0, 0.0, 0.0, 0.0, 0.0, 0.0, 0.0, 0.0, 0.0, 0.0, 0.0, 0.0, 0.0, 0.0, 0.0, 0.0, 0.0, 0.0, 0.0, 0.0, 0.0, 0.0, 0.0, 0.0, 0.0, 0.0, 0.0, 0.0, 0.0, 0.0, 0.0, 0.0, 0.0, 0.0, 0.0, 0.0, 0.0, 0.032786883413791656, 0.0, 0.04918032884597778, 0.0, 0.09836065769195557, 0.0, 0.4590163826942444, 0.2295081913471222, 0.0, 0.1147540956735611, 0.0, 0.016393441706895828, 0.0, 0.0, 0.0, 0.0, 0.0, 0.0, 0.0, 0.0, 0.0, 0.0, 0.0, 0.0, 0.0, 0.0, 0.0, 0.0, 0.0, 0.0, 0.0, 0.0, 0.0, 0.0, 0.0, 0.0, 0.0, 0.0, 0.0, 0.0, 0.0, 0.0, 0.0, 0.0, 0.0, 0.0, 0.0, 0.0, 0.0, 0.0, 0.0, 0.0, 0.0, 0.0, 0.0, 0.0, 0.0, 0.0, 0.0, 0.0, 0.0, 0.0, 0.0, 0.0, 0.0, 0.0, 0.0, 0.0, 0.0, 0.0, 0.0, 0.0, 0.0, 0.0, 0.0, 0.0, 0.0, 0.0, 0.0, 0.0, 0.0, 0.0, 0.0, 0.0, 0.0, 0.0, 0.0, 0.0, 0.0, 0.0, 0.0, 0.0, 0.0, 0.0, 0.0, 0.0, 0.0, 0.0, 0.0, 0.0, 0.0, 0.0, 0.0, 0.0, 0.0, 0.0, 0.0, 0.0, 0.0, 0.0, 0.0, 0.0, 0.0, 0.0, 0.0, 0.0, 0.0, 0.0, 0.0, 0.0, 0.0, 0.0, 0.0, 0.0, 0.0, 0.0, 0.0, 0.0, 0.0, 0.0, 0.0, 0.0, 0.0, 0.0, 0.0, 0.0, 0.0, 0.0, 0.0, 0.0, 0.0, 0.0, 0.0, 0.0, 0.0, 0.0, 0.0, 0.0, 0.0, 0.0, 0.0, 0.0, 0.0, 0.0, 0.0, 0.0, 0.0, 0.0], "tonal.chords_histogram": [29.856115341186523, 8.872901916503906, 15.587530136108398, 1.7985610961914062, 1.1990407705307007, 0.0, 0.0, 0.0, 0.0, 0.0, 0.0, 0.0, 0.0, 0.0, 0.0, 0.0, 0.0, 0.0, 0.0, 0.0, 0.0, 0.0, 17.50599479675293, 25.179855346679688], "tonal.thpcp": [1.0, 0.5129488706588745, 0.04726191237568855, 0.03391309455037117, 0.022110886871814728, 0.09341132640838623, 0.16776713728904724, 0.10134454071521759, 0.03866692632436752, 0.033381346613168716, 0.025229042395949364, 0.18273691833019257, 0.3296791911125183, 0.17644941806793213, 0.03277985751628876, 0.0272274948656559, 0.026638617739081383, 0.05283648520708084, 0.07652775198221207, 0.05516478419303894, 0.20279927551746368, 0.3372601866722107, 0.15999993681907654, 0.03255679830908775, 0.03468187898397446, 0.023684898391366005, 0.3831019401550293, 0.7763885855674744, 0.42049092054367065, 0.031231673434376717, 0.028492089360952377, 0.03239405155181885, 0.2869940400123596, 0.5151208639144897, 0.27517861127853394, 0.5403493046760559], "lowlevel.gfcc.cov": [[10285.8076171875, -4406.46533203125, -3185.68017578125, 2960.543212890625, -934.461669921875, -227.685546875, 403.06719970703125, -187.24183654785156, -447.3427734375, 350.28790283203125, -522.1285400390625, 132.61129760742188, 102.4717788696289], [-4406.46533203125, 4346.7919921875, 669.4552001953125, -1826.6414794921875, 1140.5916748046875, -453.8838806152344, 254.79336547851562, -484.6461181640625, 463.78851318359375, -194.70721435546875, 440.97735595703125, -217.41604614257812, 79.69524383544922], [-3185.68017578125, 669.4552001953125, 3109.718505859375, -1475.5609130859375, -197.31336975097656, 659.7238159179688, -824.6607055664062, 665.260498046875, -7.219210624694824, -29.203330993652344, 244.1702117919922, 20.26247787475586, -327.6467590332031], [2960.543212890625, -1826.6414794921875, -1475.5609130859375, 2281.75537109375, -656.89697265625, -613.7684936523438, 307.744140625, -130.20579528808594, -245.5437469482422, 5.26171350479126, -156.93785095214844, 145.6533660888672, 57.22059631347656], [-934.461669921875, 1140.5916748046875, -197.31336975097656, -656.89697265625, 743.3311157226562, 12.961353302001953, 33.74797058105469, -142.18142700195312, 135.16119384765625, -30.34567642211914, 46.2831916809082, -67.90350341796875, 88.85456085205078], [-227.685546875, -453.8838806152344, 659.7238159179688, -613.7684936523438, 12.961353302001953, 828.6332397460938, -311.0802307128906, 151.84561157226562, -11.65071964263916, 73.97871398925781, -84.24015808105469, -55.72163772583008, -31.19846534729004], [403.06719970703125, 254.79336547851562, -824.6607055664062, 307.744140625, 33.74797058105469, -311.0802307128906, 625.4711303710938, -216.03549194335938, 57.346832275390625, -59.982017517089844, -50.211036682128906, -71.21187591552734, 60.67521286010742], [-187.24183654785156, -484.6461181640625, 665.260498046875, -130.20579528808594, -142.18142700195312, 151.84561157226562, -216.03549194335938, 447.1583251953125, -64.17790222167969, -77.36073303222656, -24.413251876831055, 59.8693733215332, -96.37393951416016], [-447.3427734375, 463.78851318359375, -7.219210624694824, -245.5437469482422, 135.16119384765625, -11.65071964263916, 57.346832275390625, -64.17790222167969, 240.923095703125, 7.737257957458496, 25.965471267700195, -49.15988540649414, -4.814469337463379], [350.28790283203125, -194.70721435546875, -29.203330993652344, 5.26171350479126, -30.34567642211914, 73.97871398925781, -59.982017517089844, -77.36073303222656, 7.737257957458496, 216.4956512451172, 33.12709426879883, -24.68557357788086, -27.21463966369629], [-522.1285400390625, 440.97735595703125, 244.1702117919922, -156.93785095214844, 46.2831916809082, -84.24015808105469, -50.211036682128906, -24.413251876831055, 25.965471267700195, 33.12709426879883, 228.07888793945312, 24.586851119995117, -67.48986053466797], [132.61129760742188, -217.41604614257812, 20.26247787475586, 145.6533660888672, -67.90350341796875, -55.72163772583008, -71.21187591552734, 59.8693733215332, -49.15988540649414, -24.68557357788086, 24.586851119995117, 145.66554260253906, 3.709019660949707], [102.4717788696289, 79.69524383544922, -327.6467590332031, 57.22059631347656, 88.85456085205078, -31.19846534729004, 60.67521286010742, -96.37393951416016, -4.814469337463379, -27.21463966369629, -67.48986053466797, 3.709019660949707, 162.58319091796875]], "lowlevel.gfcc.icov": [[0.0002893565979320556, 0.00014099024701863527, 0.00033570919185876846, -2.6138723114854656e-05, 0.00012197909381939098, -2.6576304662739858e-05, 0.00010497030598344281, -0.0001070435464498587, 0.0001414952421328053, -0.000257966632489115, 8.004563278518617e-05, 5.2544459322234616e-05, 0.00025290349731221795], [0.00014099024701863527, 0.0031640990637242794, -0.0017646222840994596, 0.001090599806047976, -0.002549797995015979, 0.002526740310713649, -0.0009684746037237346, 0.003768089460209012, -0.001445189118385315, 0.0026356044691056013, -0.0024657309986650944, 0.0019253359641879797, -0.0017755393637344241], [0.00033570919185876846, -0.0017646222840994596, 0.0030518611893057823, 0.00022565115068573505, 0.002759018214419484, -0.0016149108996614814, 0.0018016808899119496, -0.0033747556153684855, 0.001261297962628305, -0.0014350254787132144, 0.0007858318276703358, -0.0006639377679675817, 0.002372194081544876], [-2.6138723114854656e-05, 0.001090599806047976, 0.00022565115068573505, 0.0020841993391513824, 0.00048487208550795913, 0.0016432312550023198, 0.0001498364727012813, 0.001226025982759893, 0.00016314216190949082, 0.0010850363178178668, -0.0005475854850374162, 0.0002946450549643487, -0.0001233129296451807], [0.00012197909381939098, -0.002549797995015979, 0.002759018214419484, 0.00048487208550795913, 0.005319440737366676, -0.0017584776505827904, 0.0017066379077732563, -0.003243059618398547, 0.0010871696285903454, -0.0017038224032148719, 0.0014563408913090825, -0.0010076409671455622, 0.001133090816438198], [-2.6576304662739858e-05, 0.002526740310713649, -0.0016149108996614814, 0.0016432312550023198, -0.0017584776505827904, 0.004414182621985674, -4.696542237070389e-05, 0.0030449270270764828, -0.0008583763847127557, 0.001547483028843999, -0.0005713436985388398, 0.002078018616884947, -0.0014750163536518812], [0.00010497030598344281, -0.0009684746037237346, 0.0018016808899119496, 0.0001498364727012813, 0.0017066379077732563, -4.696542237070389e-05, 0.0038666212931275368, -0.0008733760914765298, 0.00028531078714877367, 0.00037068192614242435, 0.0009307494037784636, 0.0010487004183232784, 0.0015171865234151483], [-0.0001070435464498587, 0.003768089460209012, -0.0033747556153684855, 0.001226025982759893, -0.003243059618398547, 0.0030449270270764828, -0.0008733760914765298, 0.009568113833665848, -0.0014454247429966927, 0.005046972539275885, -0.0012333516497164965, 0.000844098161906004, -0.0003870120854116976], [0.0001414952421328053, -0.001445189118385315, 0.001261297962628305, 0.00016314216190949082, 0.0010871696285903454, -0.0008583763847127557, 0.00028531078714877367, -0.0014454247429966927, 0.006206360645592213, -0.001564673613756895, 0.0013393444241955876, -0.000156553607666865, 0.001862917561084032], [-0.000257966632489115, 0.0026356044691056013, -0.0014350254787132144, 0.0010850363178178668, -0.0017038224032148719, 0.001547483028843999, 0.00037068192614242435, 0.005046972539275885, -0.001564673613756895, 0.009183825924992561, -0.0034143037628382444, 0.002800480229780078, -0.0003119526372756809], [8.004563278518617e-05, -0.0024657309986650944, 0.0007858318276703358, -0.0005475854850374162, 0.0014563408913090825, -0.0005713436985388398, 0.0009307494037784636, -0.0012333516497164965, 0.0013393444241955876, -0.0034143037628382444, 0.009786626324057579, -0.0037874483969062567, 0.004567655734717846], [5.2544459322234616e-05, 0.0019253359641879797, -0.0006639377679675817, 0.0002946450549643487, -0.0010076409671455622, 0.002078018616884947, 0.0010487004183232784, 0.000844098161906004, -0.000156553607666865, 0.002800480229780078, -0.0037874483969062567, 0.011109915561974049, -0.002721675904467702], [0.00025290349731221795, -0.0017755393637344241, 0.002372194081544876, -0.0001233129296451807, 0.001133090816438198, -0.0014750163536518812, 0.0015171865234151483, -0.0003870120854116976, 0.001862917561084032, -0.0003119526372756809, 0.004567655734717846, -0.002721675904467702, 0.011948816478252411]], "lowlevel.mfcc.cov": [[9270.4697265625, -2843.150390625, -3744.34130859375, 2709.6474609375, -993.6615600585938, 241.99781799316406, 320.91455078125, -762.9258422851562, 680.4767456054688, -694.7257690429688, 32.662044525146484, 13.657722473144531, -305.5304870605469], [-2843.150390625, 3369.982666015625, 193.03627014160156, -1002.1748657226562, 258.67681884765625, 97.12606811523438, -43.925716400146484, -47.5308952331543, -123.95442962646484, 182.339599609375, -10.95567512512207, 56.353702545166016, 133.2583465576172], [-3744.34130859375, 193.03627014160156, 3559.93212890625, -1794.25048828125, 697.5784301757812, -322.5564270019531, -327.1575012207031, 555.7817993164062, -641.8048706054688, 448.7529602050781, 23.238142013549805, 11.059865951538086, 223.54347229003906], [2709.6474609375, -1002.1748657226562, -1794.25048828125, 2407.26171875, -786.7056274414062, -231.9163360595703, 179.49278259277344, -334.8305969238281, 135.83912658691406, -495.36517333984375, 102.26165008544922, -91.84308624267578, -103.32193756103516], [-993.6615600585938, 258.67681884765625, 697.5784301757812, -786.7056274414062, 717.01513671875, -2.138613224029541, -129.80044555664062, 113.24341583251953, -100.0901870727539, 109.05170440673828, -98.89962005615234, 109.40702056884766, 61.06172180175781], [241.99781799316406, 97.12606811523438, -322.5564270019531, -231.9163360595703, -2.138613224029541, 479.63201904296875, 15.2244873046875, -135.5461883544922, 87.74679565429688, 84.09337615966797, -51.29857635498047, -0.22471389174461365, -14.205843925476074], [320.91455078125, -43.925716400146484, -327.1575012207031, 179.49278259277344, -129.80044555664062, 15.2244873046875, 252.4671630859375, -44.11164093017578, 79.86219024658203, -39.91661071777344, 28.064903259277344, -50.38283920288086, -85.68070220947266], [-762.9258422851562, -47.5308952331543, 555.7817993164062, -334.8305969238281, 113.24341583251953, -135.5461883544922, -44.11164093017578, 438.7274169921875, -36.30259704589844, 90.72126007080078, -35.48545455932617, -52.306392669677734, -14.913827896118164], [680.4767456054688, -123.95442962646484, -641.8048706054688, 135.83912658691406, -100.0901870727539, 87.74679565429688, 79.86219024658203, -36.30259704589844, 388.1676940917969, -35.3736686706543, -60.778751373291016, -18.065641403198242, -76.6888198852539], [-694.7257690429688, 182.339599609375, 448.7529602050781, -495.36517333984375, 109.05170440673828, 84.09337615966797, -39.91661071777344, 90.72126007080078, -35.3736686706543, 263.3431396484375, 22.94478416442871, -3.060377359390259, 8.61153507232666], [32.662044525146484, -10.95567512512207, 23.238142013549805, 102.26165008544922, -98.89962005615234, -51.29857635498047, 28.064903259277344, -35.48545455932617, -60.778751373291016, 22.94478416442871, 242.37188720703125, 49.52139663696289, 25.195232391357422], [13.657722473144531, 56.353702545166016, 11.059865951538086, -91.84308624267578, 109.40702056884766, -0.22471389174461365, -50.38283920288086, -52.306392669677734, -18.065641403198242, -3.060377359390259, 49.52139663696289, 244.950927734375, 124.67951965332031], [-305.5304870605469, 133.2583465576172, 223.54347229003906, -103.32193756103516, 61.06172180175781, -14.205843925476074, -85.68070220947266, -14.913827896118164, -76.6888198852539, 8.61153507232666, 25.195232391357422, 124.67951965332031, 232.693115234375]], "lowlevel.mfcc.icov": [[0.0003326750884298235, 0.00026222431915812194, 0.0002903951390180737, 4.492571315495297e-05, 9.373943612445146e-05, 2.3277860236703418e-05, 9.456244151806459e-05, 0.00022094222367741168, 1.4512662346533034e-05, 0.00017675294657237828, -1.947362397913821e-05, -9.695213520899415e-05, 0.00010571078746579587], [0.00026222431915812194, 0.0006145491497591138, 0.000465436460217461, 0.0004003981011919677, 0.00012569554382935166, 0.00026727476506493986, 5.2106057410128415e-05, 0.00032119188108481467, 0.0003237201308365911, 3.8264151953626424e-05, 1.0570175845714402e-06, 0.00013248353207018226, -0.00021970442321617156], [0.0002903951390180737, 0.000465436460217461, 0.0014085419243201613, 0.000814485945738852, 4.585727219819091e-05, 0.0008975975797511637, 0.0003622683580033481, -6.242319068405777e-05, 0.0012830101186409593, -0.0004547781136352569, -2.6387449906906113e-05, 0.0005331066786311567, -0.000547713425476104], [4.492571315495297e-05, 0.0004003981011919677, 0.000814485945738852, 0.0017856659833341837, 0.0009301789104938507, 0.0010613931808620691, 0.00024125022173393518, 0.00044087733840569854, 0.0008139894343912601, 0.0011095379013568163, -0.00015573222481179982, 0.000497201515827328, -0.0002444314013700932], [9.373943612445146e-05, 0.00012569554382935166, 4.585727219819091e-05, 0.0009301789104938507, 0.002796262502670288, 0.0004184278950560838, 0.0005200144951231778, 0.0001762075407896191, 0.0004320953448768705, 0.0004901715437881649, 0.0010506701655685902, -0.0012756241485476494, 0.000608603295404464], [2.3277860236703418e-05, 0.00026727476506493986, 0.0008975975797511637, 0.0010613931808620691, 0.0004184278950560838, 0.0037200096994638443, 0.0001342105388175696, 0.0012317529181018472, 0.00044945935951545835, -0.001412012381479144, 0.0007917514303699136, 0.0004609214374795556, -0.00040015685954131186], [9.456244151806459e-05, 5.2106057410128415e-05, 0.0003622683580033481, 0.00024125022173393518, 0.0005200144951231778, 0.0001342105388175696, 0.005307863466441631, 0.00022603028628509492, -0.0003899603325407952, 0.0004986018175259233, -0.0008608215139247477, 0.00038679211866110563, 0.0014330552658066154], [0.00022094222367741168, 0.00032119188108481467, -6.242319068405777e-05, 0.00044087733840569854, 0.0001762075407896191, 0.0012317529181018472, 0.00022603028628509492, 0.0036553440149873495, -0.0003787582099903375, -0.0004865572846028954, 0.0004532164894044399, 0.0005837451317347586, 0.0002396863856120035], [1.4512662346533034e-05, 0.0003237201308365911, 0.0012830101186409593, 0.0008139894343912601, 0.0004320953448768705, 0.00044945935951545835, -0.0003899603325407952, -0.0003787582099903375, 0.004702551756054163, -0.0005629818188026547, 0.0010510339634492993, -0.00019066061940975487, 0.00026774086290970445], [0.00017675294657237828, 3.8264151953626424e-05, -0.0004547781136352569, 0.0011095379013568163, 0.0004901715437881649, -0.001412012381479144, 0.0004986018175259233, -0.0004865572846028954, -0.0005629818188026547, 0.007640795316547155, -0.0016585626872256398, 0.00025325603201054037, 0.0006528766243718565], [-1.947362397913821e-05, 1.0570175845714402e-06, -2.6387449906906113e-05, -0.00015573222481179982, 0.0010506701655685902, 0.0007917514303699136, -0.0008608215139247477, 0.0004532164894044399, 0.0010510339634492993, -0.0016585626872256398, 0.005728387739509344, -0.0017881112871691585, 0.00016034352302085608], [-9.695213520899415e-05, 0.00013248353207018226, 0.0005331066786311567, 0.000497201515827328, -0.0012756241485476494, 0.0004609214374795556, 0.00038679211866110563, 0.0005837451317347586, -0.00019066061940975487, 0.00025325603201054037, -0.0017881112871691585, 0.00723030511289835, -0.003704503644257784], [0.00010571078746579587, -0.00021970442321617156, -0.000547713425476104, -0.0002444314013700932, 0.000608603295404464, -0.00040015685954131186, 0.0014330552658066154, 0.0002396863856120035, 0.00026774086290970445, 0.0006528766243718565, 0.00016034352302085608, -0.003704503644257784, 0.007370295934379101]], "metadata.audio_properties.analysis.downmix": "mix", "metadata.audio_properties.codec": "mp3", "metadata.audio_properties.md5_encoded": "08b54cd5bd55df2470b059f34d3d9987", "metadata.tags.file_name": "1183704217622417519.mp3", "metadata.version.essentia": "2.1-beta6-dev", "metadata.version.essentia_git_sha": "v2.1_beta5-1110-g77a6a954", "metadata.version.extractor": "music 2.0", "tonal.chords_key": "Eb", "tonal.chords_scale": "major", "tonal.ke