{"song_id": "1183668991311482920", "download": "https://cdn.discordapp.com/attachments/1135903449314238464/1183668991311482920/chirp.mp4?ex=65892ca7&amp", "lyrics": "(Chorus)\n\uaca8\uc6b8\ube44\uc758 \ub178\ub798\uac00 \ub4e4\ub824\uc640\n\ub0b4 \ub9c8\uc74c\uc744 \uc801\uc2dc\ub124\n\uc774\ubcc4\uc758 \uc544\ud514\ub3c4 \uc124\ub818\ub3c4\n\ubaa8\ub450 \ub2e4 \ud568\uaed8 \ub370\ub824\uac00\n(Instrumental)", "style": ["POP</span><span>, Acoustic</span><span>, Classic</span><span>, Symphony</span><span>,"], "essentia_features": {"lowlevel.average_loudness": 0.9317341446876526, "lowlevel.barkbands_crest.mean": 13.990253448486328, "lowlevel.barkbands_crest.stdev": 4.597367286682129, "lowlevel.barkbands_flatness_db.mean": 0.2580412030220032, "lowlevel.barkbands_flatness_db.stdev": 0.06192703917622566, "lowlevel.barkbands_kurtosis.mean": 18.92377471923828, "lowlevel.barkbands_kurtosis.stdev": 24.22505760192871, "lowlevel.barkbands_skewness.mean": 2.6711020469665527, "lowlevel.barkbands_skewness.stdev": 1.9110814332962036, "lowlevel.barkbands_spread.mean": 7.820098876953125, "lowlevel.barkbands_spread.stdev": 11.072056770324707, "lowlevel.dissonance.mean": 0.3847135305404663, "lowlevel.dissonance.stdev": 0.058738552033901215, "lowlevel.dynamic_complexity": 2.553766965866089, "lowlevel.erbbands_crest.mean": 14.234108924865723, "lowlevel.erbbands_crest.stdev": 5.670956611633301, "lowlevel.erbbands_flatness_db.mean": 0.22917412221431732, "lowlevel.erbbands_flatness_db.stdev": 0.05018678307533264, "lowlevel.erbbands_kurtosis.mean": 5.3736677169799805, "lowlevel.erbbands_kurtosis.stdev": 6.880129337310791, "lowlevel.erbbands_skewness.mean": 1.3116295337677002, "lowlevel.erbbands_skewness.stdev": 1.250943660736084, "lowlevel.erbbands_spread.mean": 22.06441879272461, "lowlevel.erbbands_spread.stdev": 17.79633140563965, "lowlevel.hfc.mean": 15.675276756286621, "lowlevel.hfc.stdev": 13.156229972839355, "lowlevel.loudness_ebu128.integrated": -12.456457138061523, "lowlevel.loudness_ebu128.loudness_range": 1.5862808227539062, "lowlevel.loudness_ebu128.momentary.mean": -12.906014442443848, "lowlevel.loudness_ebu128.momentary.stdev": 2.1648175716400146, "lowlevel.loudness_ebu128.short_term.mean": -12.630396842956543, "lowlevel.loudness_ebu128.short_term.stdev": 0.5345129370689392, "lowlevel.melbands_crest.mean": 17.211830139160156, "lowlevel.melbands_crest.stdev": 5.103242874145508, "lowlevel.melbands_flatness_db.mean": 0.3382200598716736, "lowlevel.melbands_flatness_db.stdev": 0.07501322776079178, "lowlevel.melbands_kurtosis.mean": 24.8194580078125, "lowlevel.melbands_kurtosis.stdev": 29.00662612915039, "lowlevel.melbands_skewness.mean": 2.9081227779388428, "lowlevel.melbands_skewness.stdev": 1.9782251119613647, "lowlevel.melbands_spread.mean": 8.544768333435059, "lowlevel.melbands_spread.stdev": 9.734685897827148, "lowlevel.pitch_salience.mean": 0.4852088391780853, "lowlevel.pitch_salience.stdev": 0.10794390738010406, "lowlevel.silence_rate_20dB.mean": 1.0, "lowlevel.silence_rate_20dB.stdev": 0.0, "lowlevel.silence_rate_30dB.mean": 0.9803921580314636, "lowlevel.silence_rate_30dB.stdev": 0.1386479139328003, "lowlevel.silence_rate_60dB.mean": 0.0049019609577953815, "lowlevel.silence_rate_60dB.stdev": 0.06984231621026993, "lowlevel.spectral_centroid.mean": 501.074951171875, "lowlevel.spectral_centroid.stdev": 390.7364501953125, "lowlevel.spectral_complexity.mean": 9.148693084716797, "lowlevel.spectral_complexity.stdev": 4.072357177734375, "lowlevel.spectral_decrease.mean": -9.17178333281754e-09, "lowlevel.spectral_decrease.stdev": 6.80486600401764e-09, "lowlevel.spectral_energy.mean": 0.03603817895054817, "lowlevel.spectral_energy.stdev": 0.026317235082387924, "lowlevel.spectral_energyband_high.mean": 0.00021527074568439275, "lowlevel.spectral_energyband_high.stdev": 0.0007028307300060987, "lowlevel.spectral_energyband_low.mean": 0.006854057312011719, "lowlevel.spectral_energyband_low.stdev": 0.01994754560291767, "lowlevel.spectral_energyband_middle_high.mean": 0.004616888705641031, "lowlevel.spectral_energyband_middle_high.stdev": 0.00885928887873888, "lowlevel.spectral_energyband_middle_low.mean": 0.025773493573069572, "lowlevel.spectral_energyband_middle_low.stdev": 0.017447080463171005, "lowlevel.spectral_entropy.mean": 6.3324785232543945, "lowlevel.spectral_entropy.stdev": 0.6371614336967468, "lowlevel.spectral_flux.mean": 0.06967143714427948, "lowlevel.spectral_flux.stdev": 0.053039900958538055, "lowlevel.spectral_kurtosis.mean": 13.937775611877441, "lowlevel.spectral_kurtosis.stdev": 11.749983787536621, "lowlevel.spectral_rms.mean": 0.005584143102169037, "lowlevel.spectral_rms.stdev": 0.0019941343925893307, "lowlevel.spectral_rolloff.mean": 677.3814086914062, "lowlevel.spectral_rolloff.stdev": 1003.4310913085938, "lowlevel.spectral_skewness.mean": 3.0924854278564453, "lowlevel.spectral_skewness.stdev": 1.1116334199905396, "lowlevel.spectral_spread.mean": 4156708.0, "lowlevel.spectral_spread.stdev": 1555584.875, "lowlevel.spectral_strongpeak.mean": 1.544306993484497, "lowlevel.spectral_strongpeak.stdev": 1.5474882125854492, "lowlevel.zerocrossingrate.mean": 0.02901124581694603, "lowlevel.zerocrossingrate.stdev": 0.025073885917663574, "metadata.audio_properties.analysis.equal_loudness": 0.0, "metadata.audio_properties.analysis.length": 14.186643600463867, "metadata.audio_properties.analysis.sample_rate": 44100.0, "metadata.audio_properties.analysis.start_time": 0.0, "metadata.audio_properties.bit_rate": 115939.0, "metadata.audio_properties.length": 14.186666488647461, "metadata.audio_properties.lossless": 0.0, "metadata.audio_properties.number_channels": 1.0, "metadata.audio_properties.replay_gain": -13.85708999633789, "metadata.audio_properties.sample_rate": 48000.0, "rhythm.beats_count": 31.0, "rhythm.beats_loudness.mean": 0.03887961804866791, "rhythm.beats_loudness.stdev": 0.01583562046289444, "rhythm.bpm": 136.17193603515625, "rhythm.bpm_histogram_first_peak_bpm": 136.0, "rhythm.bpm_histogram_first_peak_weight": 0.5666666626930237, "rhythm.bpm_histogram_second_peak_bpm": 0.0, "rhythm.bpm_histogram_second_peak_spread": 0.0, "rhythm.bpm_histogram_second_peak_weight": 0.0, "rhythm.danceability": 1.291368842124939, "rhythm.onset_rate": 3.450946807861328, "tonal.chords_changes_rate": 0.06514658033847809, "tonal.chords_number_rate": 0.019543973729014397, "tonal.chords_strength.mean": 0.4785628914833069, "tonal.chords_strength.stdev": 0.08811365813016891, "tonal.hpcp_crest.mean": 17.362503051757812, "tonal.hpcp_crest.stdev": 7.810239791870117, "tonal.hpcp_entropy.mean": 1.559459924697876, "tonal.hpcp_entropy.stdev": 0.7075746655464172, "tonal.key_edma.strength": 0.772401750087738, "tonal.key_krumhansl.strength": 0.7769849300384521, "tonal.key_temperley.strength": 0.7867449522018433, "tonal.tuning_diatonic_strength": 0.6394818425178528, "tonal.tuning_equal_tempered_deviation": 0.024522103369235992, "tonal.tuning_frequency": 440.76312255859375, "tonal.tuning_nontempered_energy_ratio": 0.6581319570541382, "lowlevel.barkbands.mean": [4.2087165638804436e-05, 0.002412243979051709, 0.0033492036163806915, 0.003381880698725581, 0.013153478503227234, 0.0026185198221355677, 0.0012952799443155527, 0.003373828949406743, 0.0011793989688158035, 0.0018489452777430415, 0.0016135979676619172, 0.00036150706000626087, 0.0004894462181255221, 0.00030461186543107033, 0.00014192496018949896, 0.0001210448463098146, 6.403138831956312e-05, 3.62356222467497e-05, 2.4877530449884944e-05, 2.624330409162212e-05, 1.95189149962971e-05, 3.295392889413051e-05, 3.6432382330531254e-05, 3.527812077663839e-05, 6.181461503729224e-05, 1.3702541764359921e-05, 1.4138900894522521e-07], "lowlevel.barkbands.stdev": [0.0002572114171925932, 0.014640326611697674, 0.007510260213166475, 0.004783945623785257, 0.01286278199404478, 0.005392113700509071, 0.0019409352680668235, 0.009107646532356739, 0.0031959537882357836, 0.005686663556843996, 0.004910755902528763, 0.0008417811477556825, 0.0012492492096498609, 0.0009216295438818634, 0.00038158404640853405, 0.0004200034018140286, 0.00017269437375944108, 0.00012371705088298768, 0.0001062921728589572, 0.00010119077342096716, 8.751681889407337e-05, 9.353779023513198e-05, 0.0001060432696249336, 0.0001644481671974063, 0.00024814088828861713, 4.1637969843577594e-05, 9.811602694753674e-07], "lowlevel.erbbands.mean": [0.05842391401529312, 0.6237936019897461, 3.3025925159454346, 7.455718994140625, 27.510499954223633, 49.73811340332031, 32.11408996582031, 22.53569984436035, 17.51456642150879, 42.188602447509766, 64.21027374267578, 34.23053741455078, 46.81193923950195, 71.99066925048828, 50.41139602661133, 17.142375946044922, 21.868783950805664, 20.37324333190918, 7.79470157623291, 8.674294471740723, 4.896904468536377, 3.1194002628326416, 2.147446393966675, 1.6321094036102295, 1.0661901235580444, 1.2771905660629272, 0.9422677159309387, 0.7367122173309326, 1.07991361618042, 1.3986990451812744, 0.9221397638320923, 0.4231078326702118, 0.859129786491394, 0.8504406213760376, 0.33021852374076843, 0.09825524687767029, 0.017173979431390762, 0.0013092908775433898, 5.0487778935348615e-05, 4.2866216972470284e-05], "lowlevel.erbbands.stdev": [0.37856435775756836, 3.6215569972991943, 8.609308242797852, 11.313112258911133, 30.88033103942871, 62.300479888916016, 64.07929229736328, 41.68230438232422, 25.0976505279541, 109.37601470947266, 198.32940673828125, 81.64302062988281, 119.86862182617188, 259.3061828613281, 142.66403198242188, 33.034156799316406, 51.07920455932617, 57.59166717529297, 14.136000633239746, 27.74014663696289, 11.891698837280273, 8.020650863647461, 6.80991268157959, 6.330672740936279, 4.6552534103393555, 5.028776168823242, 4.007527828216553, 3.037884473800659, 3.41833758354187, 3.1860315799713135, 3.0247840881347656, 1.6992841958999634, 4.59457540512085, 3.6146726608276367, 1.1820456981658936, 0.3028520941734314, 0.05399366095662117, 0.005205661058425903, 0.00012424425221979618, 3.0251196221797727e-05], "lowlevel.gfcc.mean": [-58.4638557434082, 126.11689758300781, -76.09962463378906, 3.216513156890869, -70.65450286865234, 14.229082107543945, -60.3580207824707, -4.827488422393799, -34.158790588378906, -9.77398681640625, -25.689472198486328, -7.916077136993408, -16.163604736328125], "lowlevel.melbands.mean": [0.0005947758327238262, 0.0014001992531120777, 0.0019077284960076213, 0.002874570433050394, 0.0014209465589374304, 0.00047760477173142135, 0.00026802849606610835, 0.000524821865838021, 0.0004714780952781439, 0.00019974254246335477, 0.0002239248133264482, 0.00027974549448117614, 0.00017818824562709779, 6.73723261570558e-05, 3.809925328823738e-05, 4.9900867452379316e-05, 3.649698192020878e-05, 1.1134220585518051e-05, 1.1847026144096162e-05, 1.0560900591372047e-05, 5.054793291492388e-06, 3.645040123956278e-06, 2.0497204786806833e-06, 1.6983947261905996e-06, 1.308202058680763e-06, 7.745184689156304e-07, 7.501948857679963e-07, 9.007054586618324e-07, 6.034359785189736e-07, 4.778392508342222e-07, 4.137354494559986e-07, 5.883682661078637e-07, 6.99951044680347e-07, 8.269956879303209e-07, 6.128990435172454e-07, 2.743855134212936e-07, 2.374641496771801e-07, 5.395071411840036e-07, 7.454334536305396e-07, 7.274826430148096e-07], "lowlevel.melbands.stdev": [0.0036702128127217293, 0.004271409474313259, 0.0022319110576063395, 0.002878027968108654, 0.0023194029927253723, 0.0008751635323278606, 0.00038335591671057045, 0.001399729517288506, 0.0014945438597351313, 0.0005378399509936571, 0.0006006112089380622, 0.0010617063380777836, 0.0004802914336323738, 0.00017621884762775153, 0.00010201252007391304, 0.00013397360453382134, 0.00011378206545487046, 2.1463160010171123e-05, 3.592127177398652e-05, 3.8541336834896356e-05, 1.4292958439909853e-05, 9.917526767821983e-06, 6.0954275795666035e-06, 5.6617477639520075e-06, 5.334598426998127e-06, 3.358541334819165e-06, 3.3119522413471714e-06, 3.5895784549211385e-06, 2.3654199594602687e-06, 2.403259259153856e-06, 1.6651334817652241e-06, 2.0584743651852477e-06, 1.6955161754594883e-06, 1.8911144934463664e-06, 2.0135826162004378e-06, 1.1614180266406038e-06, 9.994108722821693e-07, 2.812534148688428e-06, 4.142536454310175e-06, 2.7722580853151157e-06], "lowlevel.melbands128.mean": [3.3132368116639555e-05, 0.00039006330189295113, 0.0008216130081564188, 0.001006311271339655, 0.0015587981324642897, 0.001629684935323894, 0.0011927417945116758, 0.0020559721160680056, 0.0028366083279252052, 0.0030613697599619627, 0.002957778051495552, 0.0020999587140977383, 0.001023771008476615, 0.0005067221936769783, 0.000624542823061347, 0.00036049963091500103, 0.0002311652642674744, 0.00026275007985532284, 0.0003035407280549407, 0.00045647614751942456, 0.0006723087280988693, 0.0005794942262582481, 0.0005924612050876021, 0.0001375435822410509, 0.00019757593690883368, 0.00022320076823234558, 0.00017358505283482373, 0.0003243936225771904, 0.00010750952787930146, 0.0002848014992196113, 0.0003938692098017782, 0.00018996662402059883, 0.00013116687478031963, 0.0002359601785428822, 4.9856073019327596e-05, 4.326191628933884e-05, 3.370449849171564e-05, 2.9166400054236874e-05, 4.6129840484354645e-05, 5.476140358950943e-05, 5.2327417506603524e-05, 3.8915855839150026e-05, 4.541207090369426e-05, 3.2557742088101804e-05, 9.53126982494723e-06, 7.627609647897771e-06, 1.1930295841011684e-05, 1.3272164324007463e-05, 8.978861842479091e-06, 1.466168941988144e-05, 1.2777370102412533e-05, 4.642855856218375e-06, 3.4436111491231713e-06, 6.7988457885803655e-06, 5.230404440226266e-06, 3.18485308525851e-06, 2.287875076945056e-06, 2.0445295376703143e-06, 1.906999045786506e-06, 2.2466288100986276e-06, 1.6227781998168211e-06, 1.3052108442934696e-06, 1.6313041442117537e-06, 1.279145294574846e-06, 8.912922453419014e-07, 7.306474572033039e-07, 7.021240548965579e-07, 7.394697263407579e-07, 7.648386031178234e-07, 7.793449867676827e-07, 9.170166208605224e-07, 1.0443077371746767e-06, 6.254251729842508e-07, 5.080619303043932e-07, 5.695768550140201e-07, 5.52584538127121e-07, 4.1347439605488034e-07, 3.293115753422171e-07, 4.0457575778418686e-07, 4.791370997736522e-07, 6.344924941004138e-07, 5.727090410800884e-07, 6.246577868296299e-07, 7.140719162634923e-07, 7.736687166470801e-07, 8.193857183869113e-07, 8.289514425996458e-07, 8.391661481255142e-07, 6.556611538144352e-07, 4.3077588429696334e-07, 3.160352264330868e-07, 2.3429889495218958e-07, 1.795899464696049e-07, 1.9965959552337154e-07, 2.848313727099594e-07, 4.026599071949022e-07, 5.84929580327298e-07, 7.658790650566516e-07, 6.830079541941814e-07, 8.14500367596338e-07, 7.674494781895191e-07, 7.359171263487951e-07, 6.639014031861734e-07, 4.38130768998235e-07, 3.2591088938715984e-07, 2.830229277606122e-07, 2.429510743695573e-07, 2.46271753212568e-07, 1.6246191592017567e-07, 9.486203111919167e-08, 8.461590539354802e-08, 7.563635051610618e-08, 4.339631232141983e-08, 2.7654607492877403e-08, 1.8454889172403455e-08, 1.0647301706967482e-08, 5.196668872997634e-09, 5.54411738740157e-10, 4.4830493484138145e-12, 4.347573950153061e-12, 4.229310478220949e-12, 4.1211162087051445e-12, 4.026908147214403e-12, 3.928550193488256e-12, 3.794574029991615e-12, 3.621369697170973e-12, 3.5281163841133223e-12, 3.50022853583265e-12], "lowlevel.melbands128.stdev": [0.00022693291248288006, 0.0028056406881660223, 0.005711955484002829, 0.006751421373337507, 0.005250768270343542, 0.0034735705703496933, 0.0024353167973458767, 0.002784558804705739, 0.004061737097799778, 0.004238526336848736, 0.004505335818976164, 0.00432941410690546, 0.002834281185641885, 0.0016305476892739534, 0.0014787768013775349, 0.0006312700570560992, 0.0005773956654593349, 0.0005463942652568221, 0.0005834194016642869, 0.001436554011888802, 0.0024589269887655973, 0.00203275540843606, 0.0024225011002272367, 0.0006253414321690798, 0.0006176467868499458, 0.0009112470434047282, 0.0006616542814299464, 0.0010814358247444034, 0.00036743018426932395, 0.0015844973968341947, 0.0016824936028569937, 0.0008401661179959774, 0.0005031766486354172, 0.0009091977844946086, 0.00019169962615706027, 0.00014144698798190802, 9.166690870188177e-05, 0.0001514503383077681, 0.00014723317872267216, 0.0001797437871573493, 0.00020173123630229384, 0.00020917391520924866, 0.0001941253140103072, 0.00010774074326036498, 3.1666710128774866e-05, 1.951659214682877e-05, 3.298966112197377e-05, 6.162701902212575e-05, 4.0600370994070545e-05, 7.73447536630556e-05, 5.372513260226697e-05, 1.2768215128744487e-05, 1.4268488484958652e-05, 2.4906330509111285e-05, 1.697234984021634e-05, 1.2094581506971736e-05, 6.662628038611729e-06, 5.218632850301219e-06, 8.201173841371201e-06, 7.431515768985264e-06, 5.642028554575518e-06, 4.89474177811644e-06, 7.1755580393073615e-06, 5.7068114074354526e-06, 4.128654836677015e-06, 3.2545019621466054e-06, 3.6601495594368316e-06, 3.7224551761028124e-06, 3.7582681216008496e-06, 2.963776978504029e-06, 4.411605004861485e-06, 4.027479008072987e-06, 2.3497161691921065e-06, 2.217908786406042e-06, 2.84231418845593e-06, 3.350356109876884e-06, 2.00438830688654e-06, 1.422871491740807e-06, 1.772378141140507e-06, 2.031403937508003e-06, 2.432251449135947e-06, 2.0669847344834125e-06, 1.9658609744510613e-06, 1.8473613181413384e-06, 1.7336302562398487e-06, 1.9402664293011185e-06, 2.0226823380653514e-06, 2.7377777769288514e-06, 2.3512131974712247e-06, 1.6021028841350926e-06, 1.4729773738508811e-06, 1.0775505643323413e-06, 8.479625535073865e-07, 8.90995124791516e-07, 1.2508996860560728e-06, 1.8784697886076174e-06, 3.2055847896117484e-06, 5.405309366324218e-06, 3.3235216960747493e-06, 4.9239683903579134e-06, 3.0051949124754174e-06, 2.4229234441008884e-06, 2.666438604137511e-06, 1.921997636600281e-06, 1.2468085515138227e-06, 9.244510010830709e-07, 7.063554789965565e-07, 8.094641543721082e-07, 5.247653689366416e-07, 3.027930972621107e-07, 2.9487418373719265e-07, 2.590433894056332e-07, 1.5344471648859326e-07, 1.3370208762353286e-07, 8.14346137190114e-08, 4.816084597791814e-08, 3.3229383689104e-08, 5.878010522764043e-09, 1.0681401943490876e-11, 1.0247486886827417e-11, 9.782334664532044e-12, 9.220150684607908e-12, 8.832780860890121e-12, 8.235779246079655e-12, 7.1860872287443645e-12, 6.239209236064136e-12, 6.004724495412006e-12, 5.961778379998117e-12], "lowlevel.mfcc.mean": [-721.4204711914062, 167.60360717773438, 37.71141052246094, -2.42326283454895, 9.346773147583008, 0.9282050132751465, -11.482539176940918, -6.48682165145874, -9.231738090515137, -15.875968933105469, -1.219082236289978, -19.251041412353516, -2.765885591506958], "lowlevel.spectral_contrast_coeffs.mean": [-0.551658570766449, -0.6487104296684265, -0.7197691798210144, -0.7663296461105347, -0.7987183928489685, -0.7874720692634583], "lowlevel.spectral_contrast_coeffs.stdev": [0.08648612350225449, 0.08040516078472137, 0.09935049712657928, 0.06810052692890167, 0.04604465886950493, 0.04228689521551132], "lowlevel.spectral_contrast_valleys.mean": [-7.119818687438965, -7.276925563812256, -8.186697959899902, -8.633963584899902, -9.25730037689209, -11.199522972106934], "lowlevel.spectral_contrast_valleys.stdev": [0.6919341087341309, 0.6508533954620361, 0.7760500311851501, 0.6916195154190063, 0.8792819380760193, 0.9305119514465332], "rhythm.beats_loudness_band_ratio.mean": [0.2787953317165375, 0.44770345091819763, 0.17347784340381622, 0.1453254073858261, 0.013957465067505836, 0.007765793241560459], "rhythm.beats_loudness_band_ratio.stdev": [0.21894335746765137, 0.2380381077528, 0.1748528629541397, 0.21990510821342468, 0.029454408213496208, 0.016129983589053154], "tonal.hpcp.mean": [0.17572933435440063, 0.10307037830352783, 0.1753963828086853, 0.2893614172935486, 0.15389573574066162, 0.026705872267484665, 0.026269447058439255, 0.04872548580169678, 0.2033107578754425, 0.2678103744983673, 0.1132042333483696, 0.017159108072519302, 0.011416222900152206, 0.019673772156238556, 0.06487029045820236, 0.10121750086545944, 0.05844920128583908, 0.020306378602981567, 0.021817192435264587, 0.01575746387243271, 0.01868966408073902, 0.026288004592061043, 0.032468151301145554, 0.19020213186740875, 0.256869375705719, 0.09826856106519699, 0.025411052629351616, 0.02158479578793049, 0.026897016912698746, 0.15427714586257935, 0.21720242500305176, 0.09858134388923645, 0.02901819348335266, 0.019649816676974297, 0.02329995669424534, 0.11557537317276001], "tonal.hpcp.stdev": [0.33914580941200256, 0.23433351516723633, 0.2525559961795807, 0.37121230363845825, 0.22798849642276764, 0.12220419943332672, 0.11244775354862213, 0.1637863665819168, 0.3258082866668701, 0.38314884901046753, 0.226131871342659, 0.07825189083814621, 0.08069871366024017, 0.09454526007175446, 0.18428310751914978, 0.23781432211399078, 0.1612030565738678, 0.08733534812927246, 0.11007541418075562, 0.06997716426849365, 0.07843747735023499, 0.0965222716331482, 0.10746999830007553, 0.24795788526535034, 0.3259480893611908, 0.16013185679912567, 0.1240801215171814, 0.10712480545043945, 0.09280896931886673, 0.2506030797958374, 0.3364788591861725, 0.19042357802391052, 0.13250254094600677, 0.11550375819206238, 0.11164319515228271, 0.25767457485198975], "rhythm.beats_position": [0.41795918345451355, 0.847528338432312, 1.277097463607788, 1.7066665887832642, 2.1362357139587402, 2.565804958343506, 3.0185940265655518, 3.4481632709503174, 3.8893423080444336, 4.330521583557129, 4.7600908279418945, 5.201269626617432, 5.630838871002197, 6.072018146514893, 6.51319694519043, 6.965986251831055, 7.41877555847168, 7.8715643882751465, 8.312743186950684, 8.753922462463379, 9.206711769104004, 9.659501075744629, 10.100680351257324, 10.54185962677002, 10.994647979736328, 11.447437286376953, 11.888616561889648, 12.329795837402344, 12.770975112915039, 13.212154388427734, 13.641722679138184], "rhythm.bpm_histogram": [0.0, 0.0, 0.0, 0.0, 0.0, 0.0, 0.0, 0.0, 0.0, 0.0, 0.0, 0.0, 0.0, 0.0, 0.0, 0.0, 0.0, 0.0, 0.0, 0.0, 0.0, 0.0, 0.0, 0.0, 0.0, 0.0, 0.0, 0.0, 0.0, 0.0, 0.0, 0.0, 0.0, 0.0, 0.0, 0.0, 0.0, 0.0, 0.0, 0.0, 0.0, 0.0, 0.0, 0.0, 0.0, 0.0, 0.0, 0.0, 0.0, 0.0, 0.0, 0.0, 0.0, 0.0, 0.0, 0.0, 0.0, 0.0, 0.0, 0.0, 0.0, 0.0, 0.0, 0.0, 0.0, 0.0, 0.0, 0.0, 0.0, 0.0, 0.0, 0.0, 0.0, 0.0, 0.0, 0.0, 0.0, 0.0, 0.0, 0.0, 0.0, 0.0, 0.0, 0.0, 0.0, 0.0, 0.0, 0.0, 0.0, 0.0, 0.0, 0.0, 0.0, 0.0, 0.0, 0.0, 0.0, 0.0, 0.0, 0.0, 0.0, 0.0, 0.0, 0.0, 0.0, 0.0, 0.0, 0.0, 0.0, 0.0, 0.0, 0.0, 0.0, 0.0, 0.0, 0.0, 0.0, 0.0, 0.0, 0.0, 0.0, 0.0, 0.0, 0.0, 0.0, 0.0, 0.0, 0.0, 0.0, 0.0, 0.0, 0.0, 0.0, 0.2666666805744171, 0.0, 0.0, 0.4333333373069763, 0.0, 0.0, 0.0, 0.30000001192092896, 0.0, 0.0, 0.0, 0.0, 0.0, 0.0, 0.0, 0.0, 0.0, 0.0, 0.0, 0.0, 0.0, 0.0, 0.0, 0.0, 0.0, 0.0, 0.0, 0.0, 0.0, 0.0, 0.0, 0.0, 0.0, 0.0, 0.0, 0.0, 0.0, 0.0, 0.0, 0.0, 0.0, 0.0, 0.0, 0.0, 0.0, 0.0, 0.0, 0.0, 0.0, 0.0, 0.0, 0.0, 0.0, 0.0, 0.0, 0.0, 0.0, 0.0, 0.0, 0.0, 0.0, 0.0, 0.0, 0.0, 0.0, 0.0, 0.0, 0.0, 0.0, 0.0, 0.0, 0.0, 0.0, 0.0, 0.0, 0.0, 0.0, 0.0, 0.0, 0.0, 0.0, 0.0, 0.0, 0.0, 0.0, 0.0, 0.0, 0.0, 0.0, 0.0, 0.0, 0.0, 0.0, 0.0, 0.0, 0.0, 0.0, 0.0, 0.0, 0.0, 0.0, 0.0, 0.0, 0.0, 0.0, 0.0, 0.0, 0.0, 0.0, 0.0, 0.0, 0.0, 0.0, 0.0, 0.0, 0.0, 0.0], "tonal.chords_histogram": [29.641693115234375, 0.0, 47.557003021240234, 9.771986961364746, 3.90879487991333, 0.0, 0.0, 0.0, 0.0, 0.0, 0.0, 0.0, 0.0, 0.0, 0.0, 0.0, 0.0, 0.0, 0.0, 0.0, 0.0, 5.863192081451416, 0.0, 3.257328987121582], "tonal.thpcp": [1.0, 0.5318461060523987, 0.09229244291782379, 0.09078420698642731, 0.1683897078037262, 0.7026187777519226, 0.9255220293998718, 0.39122089743614197, 0.05929991602897644, 0.039453163743019104, 0.06799031049013138, 0.2241843193769455, 0.3497961163520813, 0.20199376344680786, 0.07017652690410614, 0.07539772242307663, 0.05445599555969238, 0.06458934396505356, 0.09084834158420563, 0.11220622062683105, 0.6573168635368347, 0.887711226940155, 0.339604914188385, 0.08781769126653671, 0.07459458708763123, 0.09295301884412766, 0.5331642031669617, 0.7506267428398132, 0.3406858742237091, 0.10028356313705444, 0.06790751963853836, 0.08052198588848114, 0.3994152843952179, 0.6073005199432373, 0.3561994433403015, 0.6061498522758484], "lowlevel.gfcc.cov": [[4692.75341796875, -1391.3671875, -786.1045532226562, -523.8825073242188, -562.550537109375, 419.32073974609375, 62.09095764160156, 402.4982604980469, -374.6639099121094, 107.05616760253906, -272.1378479003906, 73.00273895263672, -217.19210815429688], [-1391.3671875, 1151.133544921875, 240.5528564453125, -374.442138671875, 207.3814697265625, -23.475919723510742, 94.18311309814453, -153.78460693359375, 146.4656524658203, -105.52969360351562, 148.08848571777344, -60.513267517089844, 37.96773910522461], [-786.1045532226562, 240.5528564453125, 573.43212890625, 186.48370361328125, 52.162513732910156, -116.37860870361328, 15.510414123535156, -47.22117614746094, 67.53913116455078, 7.877713680267334, 46.55586624145508, 21.95174217224121, 11.088958740234375], [-523.8825073242188, -374.442138671875, 186.48370361328125, 1109.555908203125, 253.96783447265625, -271.6490478515625, -216.22061157226562, 37.48667526245117, 259.63861083984375, 10.323256492614746, -19.124963760375977, 19.443710327148438, 206.0343780517578], [-562.550537109375, 207.3814697265625, 52.162513732910156, 253.96783447265625, 341.10906982421875, -18.661653518676758, -80.96493530273438, -4.885246276855469, 161.0242156982422, -25.550079345703125, 8.514847755432129, -0.10369639843702316, 81.3397445678711], [419.32073974609375, -23.475919723510742, -116.37860870361328, -271.6490478515625, -18.661653518676758, 293.85821533203125, 150.8157196044922, 45.95529556274414, -88.31456756591797, 45.21735763549805, -1.7048008441925049, 9.422323226928711, -65.22870635986328], [62.09095764160156, 94.18311309814453, 15.510414123535156, -216.22061157226562, -80.96493530273438, 150.8157196044922, 289.70196533203125, 54.983673095703125, -137.45364379882812, 18.922758102416992, 69.25601959228516, 47.43341064453125, -69.40443420410156], [402.4982604980469, -153.78460693359375, -47.22117614746094, 37.48667526245117, -4.885246276855469, 45.95529556274414, 54.983673095703125, 194.91131591796875, 41.97998809814453, -11.080331802368164, -47.304710388183594, 45.13481140136719, -0.34765586256980896], [-374.6639099121094, 146.4656524658203, 67.53913116455078, 259.63861083984375, 161.0242156982422, -88.31456756591797, -137.45364379882812, 41.97998809814453, 303.6273193359375, -12.190513610839844, -52.55223083496094, -42.73640060424805, 99.01905059814453], [107.05616760253906, -105.52969360351562, 7.877713680267334, 10.323256492614746, -25.550079345703125, 45.21735763549805, 18.922758102416992, -11.080331802368164, -12.190513610839844, 133.25083923339844, 17.12138557434082, -17.951513290405273, -29.829925537109375], [-272.1378479003906, 148.08848571777344, 46.55586624145508, -19.124963760375977, 8.514847755432129, -1.7048008441925049, 69.25601959228516, -47.304710388183594, -52.55223083496094, 17.12138557434082, 141.5029296875, 12.375356674194336, -8.89834976196289], [73.00273895263672, -60.513267517089844, 21.95174217224121, 19.443710327148438, -0.10369639843702316, 9.422323226928711, 47.43341064453125, 45.13481140136719, -42.73640060424805, -17.951513290405273, 12.375356674194336, 104.47300720214844, 0.05020146444439888], [-217.19210815429688, 37.96773910522461, 11.088958740234375, 206.0343780517578, 81.3397445678711, -65.22870635986328, -69.40443420410156, -0.34765586256980896, 99.01905059814453, -29.829925537109375, -8.89834976196289, 0.05020146444439888, 133.8677215576172]], "lowlevel.gfcc.icov": [[0.0006571959820576012, 0.00032667748746462166, 0.00035496335476636887, 0.00013136363122612238, 0.00060992781072855, -0.0006366631132550538, 0.0007378928712569177, -0.0011194333201274276, 0.0004393097769934684, -0.00013696032692678273, 0.00023227790370583534, -3.380805719643831e-05, 0.00010084421228384599], [0.00032667748746462166, 0.006897317245602608, -0.001769480761140585, 0.0050441850908100605, -0.004159423988312483, 0.0024477518163621426, -0.004669704474508762, 0.003926009405404329, -0.006025438662618399, 0.003994541242718697, -0.004527278710156679, 0.002158127259463072, -0.0026886567939072847], [0.00035496335476636887, -0.001769480761140585, 0.003102808492258191, -0.0016719441628083587, 0.0015397609677165747, -8.894968050299212e-05, 0.0005845010164193809, -0.0007213930366560817, 0.000933306640945375, -0.0014721945626661181, 0.0014443212421610951, -0.0016010527033358812, 0.0017944704741239548], [0.00013136363122612238, 0.0050441850908100605, -0.0016719441628083587, 0.005700584501028061, -0.004175311885774136, 0.0033694258891046047, -0.0031805620528757572, 0.0021459402050822973, -0.004362351261079311, 0.0015306506538763642, -0.0032997720409184694, 0.0012005085591226816, -0.003969336859881878], [0.00060992781072855, -0.004159423988312483, 0.0015397609677165747, -0.004175311885774136, 0.00874259788542986, -0.004705884959548712, 0.0048849997110664845, -0.002875496633350849, 0.001872165477834642, -0.0011894309427589178, 0.0017001967644318938, -0.0025652546901255846, 0.0018521074671298265], [-0.0006366631132550538, 0.0024477518163621426, -8.894968050299212e-05, 0.0033694258891046047, -0.004705884959548712, 0.009312298148870468, -0.006161020137369633, 0.002096500713378191, -0.0021306644193828106, -0.001151598640717566, -3.6780380469281226e-05, 0.0012368196621537209, -0.001381055568344891], [0.0007378928712569177, -0.004669704474508762, 0.0005845010164193809, -0.0031805620528757572, 0.0048849997110664845, -0.006161020137369633, 0.012993885204195976, -0.007795687299221754, 0.007121989503502846, -0.0026483312249183655, -0.0003495194250717759, -0.002223789691925049, 0.002234135288745165], [-0.0011194333201274276, 0.003926009405404329, -0.0007213930366560817, 0.0021459402050822973, -0.002875496633350849, 0.002096500713378191, -0.007795687299221754, 0.014179740101099014, -0.008507522754371166, 0.0037364191375672817, -0.0003693984472192824, -0.0027642305940389633, -0.00030700021306984127], [0.0004393097769934684, -0.006025438662618399, 0.000933306640945375, -0.004362351261079311, 0.001872165477834642, -0.0021306644193828106, 0.007121989503502846, -0.008507522754371166, 0.014304492622613907, -0.004789902828633785, 0.005471451207995415, 0.0018353071063756943, -0.0007320293225347996], [-0.00013696032692678273, 0.003994541242718697, -0.0014721945626661181, 0.0015306506538763642, -0.0011894309427589178, -0.001151598640717566, -0.0026483312249183655, 0.0037364191375672817, -0.004789902828633785, 0.012402605265378952, -0.004601655062288046, 0.0028410200029611588, 0.0012089732335880399], [0.00023227790370583534, -0.004527278710156679, 0.0014443212421610951, -0.0032997720409184694, 0.0017001967644318938, -3.6780380469281226e-05, -0.0003495194250717759, -0.0003693984472192824, 0.005471451207995415, -0.004601655062288046, 0.014151260256767273, -0.0023800875060260296, 0.0012557770824059844], [-3.380805719643831e-05, 0.002158127259463072, -0.0016010527033358812, 0.0012005085591226816, -0.0025652546901255846, 0.0012368196621537209, -0.002223789691925049, -0.0027642305940389633, 0.0018353071063756943, 0.0028410200029611588, -0.0023800875060260296, 0.01457022875547409, -0.002268925542011857], [0.00010084421228384599, -0.0026886567939072847, 0.0017944704741239548, -0.003969336859881878, 0.0018521074671298265, -0.001381055568344891, 0.002234135288745165, -0.00030700021306984127, -0.0007320293225347996, 0.0012089732335880399, 0.0012557770824059844, -0.002268925542011857, 0.014611141756176949]], "lowlevel.mfcc.cov": [[5024.14697265625, -1373.6199951171875, -552.9313354492188, -668.2355346679688, -445.35858154296875, -194.59716796875, 219.1846160888672, 115.9283218383789, 108.44470977783203, 30.48593521118164, 176.3895263671875, -199.45614624023438, -20.592443466186523], [-1373.6199951171875, 1524.0042724609375, 13.910445213317871, -529.4331665039062, -75.76524353027344, 65.47102355957031, 79.24262237548828, 66.76929473876953, -129.89208984375, -22.94584846496582, 121.53948211669922, -80.84127807617188, 26.94615936279297], [-552.9313354492188, 13.910445213317871, 491.3556213378906, 232.1952667236328, -10.90177059173584, -9.590802192687988, -26.498199462890625, -11.194639205932617, -0.8718483448028564, 23.838804244995117, -98.24305725097656, 147.96963500976562, 37.454593658447266], [-668.2355346679688, -529.4331665039062, 232.1952667236328, 956.0523681640625, 418.8633728027344, -18.546287536621094, -237.12277221679688, -35.54132080078125, 152.92132568359375, 42.06464767456055, -217.74440002441406, 198.86825561523438, 9.397890090942383], [-445.35858154296875, -75.76524353027344, -10.90177059173584, 418.8633728027344, 542.4774169921875, 38.463706970214844, -263.89764404296875, -11.365492820739746, 156.88926696777344, 91.61247253417969, -96.42179870605469, 73.2833480834961, -22.318803787231445], [-194.59716796875, 65.47102355957031, -9.590802192687988, -18.546287536621094, 38.463706970214844, 184.42002868652344, 56.53264236450195, -18.311134338378906, 2.298405170440674, 11.32961654663086, 57.404991149902344, -6.775598526000977, -11.992709159851074], [219.1846160888672, 79.24262237548828, -26.498199462890625, -237.12277221679688, -263.89764404296875, 56.53264236450195, 342.62542724609375, 74.8449935913086, -122.3770751953125, -57.68291091918945, 104.0821304321289, -28.982799530029297, 7.5473856925964355], [115.9283218383789, 66.76929473876953, -11.194639205932617, -35.54132080078125, -11.365492820739746, -18.311134338378906, 74.8449935913086, 247.98077392578125, 43.3487663269043, 11.97178840637207, 11.406237602233887, 14.440773010253906, 16.755813598632812], [108.44470977783203, -129.89208984375, -0.8718483448028564, 152.92132568359375, 156.88926696777344, 2.298405170440674, -122.3770751953125, 43.3487663269043, 248.75071716308594, 53.789337158203125, -7.264474868774414, 15.607670783996582, 37.72190475463867], [30.48593521118164, -22.94584846496582, 23.838804244995117, 42.06464767456055, 91.61247253417969, 11.32961654663086, -57.68291091918945, 11.97178840637207, 53.789337158203125, 163.82733154296875, -18.903522491455078, 46.63913345336914, -12.597794532775879], [176.3895263671875, 121.53948211669922, -98.24305725097656, -217.74440002441406, -96.42179870605469, 57.404991149902344, 104.0821304321289, 11.406237602233887, -7.264474868774414, -18.903522491455078, 180.30828857421875, -71.56922912597656, 8.881766319274902], [-199.45614624023438, -80.84127807617188, 147.96963500976562, 198.86825561523438, 73.2833480834961, -6.775598526000977, -28.982799530029297, 14.440773010253906, 15.607670783996582, 46.63913345336914, -71.56922912597656, 218.24490356445312, 24.695266723632812], [-20.592443466186523, 26.94615936279297, 37.454593658447266, 9.397890090942383, -22.318803787231445, -11.992709159851074, 7.5473856925964355, 16.755813598632812, 37.72190475463867, -12.597794532775879, 8.881766319274902, 24.695266723632812, 91.07575225830078]], "lowlevel.mfcc.icov": [[0.0005792994052171707, 0.0007615017821080983, 0.00025570151046849787, 0.0007760738953948021, -2.8699121685349382e-05, 0.0005203170003369451, -0.0001721349690342322, -0.00018855780945159495, -0.0003182667715009302, -0.00021205531083978713, -0.00011231219104956836, -1.6591338862781413e-05, -5.118228364153765e-05], [0.0007615017821080983, 0.0020386590622365475, -0.00015768135199323297, 0.0018745942506939173, -0.0007291281945072114, 0.0004030315321870148, 7.100791845005006e-05, -0.0006573761347681284, 0.00029150035697966814, -8.659728337079287e-05, -0.0003770587791223079, 0.0001129561715060845, -0.0006967001245357096], [0.00025570151046849787, -0.00015768135199323297, 0.003408704651519656, -0.0007415690924972296, 0.0014288335805758834, -0.000266426766756922, 0.00016827373474370688, 0.00011293459101580083, -0.00022543758677784353, -0.0005679875612258911, 0.0009671195293776691, -0.0014063463313505054, -0.0006386638269759715], [0.0007760738953948021, 0.0018745942506939173, -0.0007415690924972296, 0.004275329411029816, -0.0022579056676477194, 0.0006494948174804449, -0.00048026166041381657, -7.783757610013708e-05, -0.0008280806941911578, 0.0008411712478846312, 0.001310410676524043, -0.0009210875723510981, -0.00034773186780512333], [-2.8699121685349382e-05, -0.0007291281945072114, 0.0014288335805758834, -0.0022579056676477194, 0.0056158252991735935, -0.001969774952158332, 0.0029353115241974592, -0.0006790902698412538, -0.000835111306514591, -0.0011216425336897373, 0.00014044143608771265, -0.0005063677090220153, 0.0011674789711833], [0.0005203170003369451, 0.0004030315321870148, -0.000266426766756922, 0.0006494948174804449, -0.001969774952158332, 0.008205510675907135, -0.0029655308462679386, 0.0013861412880942225, -0.00107856304384768, -0.0005827011773362756, -0.002379094483330846, -7.549761357950047e-05, 0.00124806584790349], [-0.0001721349690342322, 7.100791845005006e-05, 0.00016827373474370688, -0.00048026166041381657, 0.0029353115241974592, -0.0029655308462679386, 0.007807186804711819, -0.0027859387919306755, 0.0028424898628145456, 0.0006105215288698673, -0.0022423691116273403, -0.0006677039782516658, -0.000578311097342521], [-0.00018855780945159495, -0.0006573761347681284, 0.00011293459101580083, -7.783757610013708e-05, -0.0006790902698412538, 0.0013861412880942225, -0.0027859387919306755, 0.005555111914873123, -0.002065009903162718, -0.00024260419013444334, 0.0007418214227072895, -0.00046949932584539056, 0.0002151097432943061], [-0.0003182667715009302, 0.00029150035697966814, -0.00022543758677784353, -0.0008280806941911578, -0.000835111306514591, -0.00107856304384768, 0.0028424898628145456, -0.002065009903162718, 0.007845737971365452, -0.0013268849579617381, -0.001857173745520413, 0.0010188862215727568, -0.003710620105266571], [-0.00021205531083978713, -8.659728337079287e-05, -0.0005679875612258911, 0.0008411712478846312, -0.0011216425336897373, -0.0005827011773362756, 0.0006105215288698673, -0.00024260419013444334, -0.0013268849579617381, 0.008055546320974827, 0.00014115264639258385, -0.0019521291833370924, 0.001946291304193437], [-0.00011231219104956836, -0.0003770587791223079, 0.0009671195293776691, 0.001310410676524043, 0.00014044143608771265, -0.002379094483330846, -0.0022423691116273403, 0.0007418214227072895, -0.001857173745520413, 0.00014115264639258385, 0.01055328268557787, 0.0011421992676332593, -0.0012264309916645288], [-1.6591338862781413e-05, 0.0001129561715060845, -0.0014063463313505054, -0.0009210875723510981, -0.0005063677090220153, -7.549761357950047e-05, -0.0006677039782516658, -0.00046949932584539056, 0.0010188862215727568, -0.0019521291833370924, 0.0011421992676332593, 0.007477932143956423, -0.0021871549542993307], [-5.118228364153765e-05, -0.0006967001245357096, -0.0006386638269759715, -0.00034773186780512333, 0.0011674789711833, 0.00124806584790349, -0.000578311097342521, 0.0002151097432943061, -0.003710620105266571, 0.001946291304193437, -0.0012264309916645288, -0.0021871549542993307, 0.01445048674941063]], "metadata.audio_properties.analysis.downmix": "mix", "metadata.audio_properties.codec": "mp3", "metadata.audio_properties.md5_encoded": "2f29e2387c09db4864794be2fe3208f1", "metadata.tags.file_name": "1183668991311482920.mp3", "metadata.version.essentia": "2.1-beta6-dev", "metadata.version.essentia_git_sha": "v2.1_beta5-1110-g77a6a954", "metadata.version.extractor": "music 2.0", "tonal.chords_key": "F", "tonal.chords_scale": "major", "tonal.key_edma.key": "Bb", "tonal.key_edma.scale": "major", "tonal.key_krumhansl.key": "Bb", "tonal.key_krumhansl.scale": "major", "tonal.key_temperley.key": "Bb", "tonal.key_temperley.scale": "major", "metadata.tags.encoding": ["Lavf58.45.100"]}, "essentia_models": [{"model_name": "genre_dortmund", "activations": {"alternative": "0.038232446", "blues": "0.0029133363", "electronic": "0.00069023913", "folkcountry": "0.20203602", "funksoulrnb": "0.029832104", "jazz": "0.008370204", "pop": "0.25236964", "raphiphop": "0.1548256", "rock": "0.38394108"}}, {"model_name": "genre_rosamerica", "activations": {"classic": "0.00022008698", "dance": "0.00013671201", "hip hop": "0.0005335059", "jazz": "0.0015877858", "pop": "0.15343603", "rhythm and blues": "0.53092384", "rock": "0.0866906", "speech": "0.0034508235"}}, {"model_name": "genre_tzanetakis", "acti