{"song_id": "1183658455429546034", "download": "https://cdn.discordapp.com/attachments/1135903449314238464/1183658455429546034/chirp.mp4?ex=658922d7&amp", "lyrics": "[Chorus]\nYou're the melody, in my every rhyme\nTogether we dance, in perfect time\nWith you by my side, all dreams come true\nI love you, you, when I see you", "style": ["Desi Hip hop"], "essentia_features": {"lowlevel.average_loudness": 0.9624106287956238, "lowlevel.barkbands_crest.mean": 13.198281288146973, "lowlevel.barkbands_crest.stdev": 5.084322929382324, "lowlevel.barkbands_flatness_db.mean": 0.19901272654533386, "lowlevel.barkbands_flatness_db.stdev": 0.05948043614625931, "lowlevel.barkbands_kurtosis.mean": 16.113126754760742, "lowlevel.barkbands_kurtosis.stdev": 22.65146255493164, "lowlevel.barkbands_skewness.mean": 2.776582956314087, "lowlevel.barkbands_skewness.stdev": 1.9178012609481812, "lowlevel.barkbands_spread.mean": 11.657600402832031, "lowlevel.barkbands_spread.stdev": 10.9518404006958, "lowlevel.dissonance.mean": 0.41503238677978516, "lowlevel.dissonance.stdev": 0.03780033439397812, "lowlevel.dynamic_complexity": 2.5766592025756836, "lowlevel.erbbands_crest.mean": 11.027567863464355, "lowlevel.erbbands_crest.stdev": 4.401028156280518, "lowlevel.erbbands_flatness_db.mean": 0.17326010763645172, "lowlevel.erbbands_flatness_db.stdev": 0.03600721433758736, "lowlevel.erbbands_kurtosis.mean": 1.8784884214401245, "lowlevel.erbbands_kurtosis.stdev": 2.4748382568359375, "lowlevel.erbbands_skewness.mean": 0.947209358215332, "lowlevel.erbbands_skewness.stdev": 0.7536245584487915, "lowlevel.erbbands_spread.mean": 31.750377655029297, "lowlevel.erbbands_spread.stdev": 16.59383201599121, "lowlevel.hfc.mean": 17.101533889770508, "lowlevel.hfc.stdev": 15.70553970336914, "lowlevel.loudness_ebu128.integrated": -19.256437301635742, "lowlevel.loudness_ebu128.loudness_range": 1.7499942779541016, "lowlevel.loudness_ebu128.momentary.mean": -19.60703468322754, "lowlevel.loudness_ebu128.momentary.stdev": 1.7544633150100708, "lowlevel.loudness_ebu128.short_term.mean": -19.326122283935547, "lowlevel.loudness_ebu128.short_term.stdev": 0.63975989818573, "lowlevel.melbands_crest.mean": 17.14003562927246, "lowlevel.melbands_crest.stdev": 5.615195274353027, "lowlevel.melbands_flatness_db.mean": 0.2897413671016693, "lowlevel.melbands_flatness_db.stdev": 0.07727418839931488, "lowlevel.melbands_kurtosis.mean": 26.308818817138672, "lowlevel.melbands_kurtosis.stdev": 35.1474609375, "lowlevel.melbands_skewness.mean": 3.319444417953491, "lowlevel.melbands_skewness.stdev": 2.0367915630340576, "lowlevel.melbands_spread.mean": 13.56827163696289, "lowlevel.melbands_spread.stdev": 23.24286651611328, "lowlevel.pitch_salience.mean": 0.44361457228660583, "lowlevel.pitch_salience.stdev": 0.15158143639564514, "lowlevel.silence_rate_20dB.mean": 0.9931600689888, "lowlevel.silence_rate_20dB.stdev": 0.08242041617631912, "lowlevel.silence_rate_30dB.mean": 0.8632010817527771, "lowlevel.silence_rate_30dB.stdev": 0.3436357378959656, "lowlevel.silence_rate_60dB.mean": 0.03283173590898514, "lowlevel.silence_rate_60dB.stdev": 0.1781957596540451, "lowlevel.spectral_centroid.mean": 734.0030517578125, "lowlevel.spectral_centroid.stdev": 508.02874755859375, "lowlevel.spectral_complexity.mean": 11.358412742614746, "lowlevel.spectral_complexity.stdev": 4.296169757843018, "lowlevel.spectral_decrease.mean": -1.370904278985563e-08, "lowlevel.spectral_decrease.stdev": 1.6427179616584908e-08, "lowlevel.spectral_energy.mean": 0.05329223349690437, "lowlevel.spectral_energy.stdev": 0.06274070590734482, "lowlevel.spectral_energyband_high.mean": 0.0004058231133967638, "lowlevel.spectral_energyband_high.stdev": 0.0008466407307423651, "lowlevel.spectral_energyband_low.mean": 0.035825371742248535, "lowlevel.spectral_energyband_low.stdev": 0.059344664216041565, "lowlevel.spectral_energyband_middle_high.mean": 0.0034571955911815166, "lowlevel.spectral_energyband_middle_high.stdev": 0.005682782270014286, "lowlevel.spectral_energyband_middle_low.mean": 0.014957155101001263, "lowlevel.spectral_energyband_middle_low.stdev": 0.012014413252472878, "lowlevel.spectral_entropy.mean": 6.927231311798096, "lowlevel.spectral_entropy.stdev": 0.44191136956214905, "lowlevel.spectral_flux.mean": 0.08281343430280685, "lowlevel.spectral_flux.stdev": 0.0794517919421196, "lowlevel.spectral_kurtosis.mean": 6.4557414054870605, "lowlevel.spectral_kurtosis.stdev": 2.904188394546509, "lowlevel.spectral_rms.mean": 0.006293601356446743, "lowlevel.spectral_rms.stdev": 0.003518955083563924, "lowlevel.spectral_rolloff.mean": 915.5581665039062, "lowlevel.spectral_rolloff.stdev": 1809.602783203125, "lowlevel.spectral_skewness.mean": 2.0918383598327637, "lowlevel.spectral_skewness.stdev": 0.504774272441864, "lowlevel.spectral_spread.mean": 4916696.0, "lowlevel.spectral_spread.stdev": 2029558.125, "lowlevel.spectral_strongpeak.mean": 1.0058232545852661, "lowlevel.spectral_strongpeak.stdev": 1.05111563205719, "lowlevel.zerocrossingrate.mean": 0.04058478772640228, "lowlevel.zerocrossingrate.stdev": 0.05190756171941757, "metadata.audio_properties.analysis.equal_loudness": 0.0, "metadata.audio_properties.analysis.length": 16.938661575317383, "metadata.audio_properties.analysis.sample_rate": 44100.0, "metadata.audio_properties.analysis.start_time": 0.0, "metadata.audio_properties.bit_rate": 120136.0, "metadata.audio_properties.length": 16.93866729736328, "metadata.audio_properties.lossless": 0.0, "metadata.audio_properties.number_channels": 1.0, "metadata.audio_properties.replay_gain": -6.091493606567383, "metadata.audio_properties.sample_rate": 48000.0, "rhythm.beats_count": 26.0, "rhythm.beats_loudness.mean": 0.1462073177099228, "rhythm.beats_loudness.stdev": 0.07015582174062729, "rhythm.bpm": 94.83568572998047, "rhythm.bpm_histogram_first_peak_bpm": 96.0, "rhythm.bpm_histogram_first_peak_weight": 0.4583333134651184, "rhythm.bpm_histogram_second_peak_bpm": 86.0, "rhythm.bpm_histogram_second_peak_spread": 0.0, "rhythm.bpm_histogram_second_peak_weight": 0.03999999910593033, "rhythm.danceability": 1.5819684267044067, "rhythm.onset_rate": 4.837596416473389, "tonal.chords_changes_rate": 0.06830601394176483, "tonal.chords_number_rate": 0.01092896144837141, "tonal.chords_strength.mean": 0.5454500317573547, "tonal.chords_strength.stdev": 0.057384174317121506, "tonal.hpcp_crest.mean": 17.161794662475586, "tonal.hpcp_crest.stdev": 7.2823615074157715, "tonal.hpcp_entropy.mean": 1.5453985929489136, "tonal.hpcp_entropy.stdev": 0.6127525568008423, "tonal.key_edma.strength": 0.7253480553627014, "tonal.key_krumhansl.strength": 0.7172514200210571, "tonal.key_temperley.strength": 0.7014008164405823, "tonal.tuning_diatonic_strength": 0.6410115361213684, "tonal.tuning_equal_tempered_deviation": 0.1976671814918518, "tonal.tuning_frequency": 435.1974792480469, "tonal.tuning_nontempered_energy_ratio": 0.8808127045631409, "lowlevel.barkbands.mean": [0.0001374322600895539, 0.02390369586646557, 0.010518666356801987, 0.001850827131420374, 0.003703961381688714, 0.003213172312825918, 0.0020007232669740915, 0.0018369386671110988, 0.002139456570148468, 0.00046364517766050994, 0.0006280008237808943, 0.0003472592798061669, 0.0005800459184683859, 0.0006599609041586518, 0.0005174807738512754, 0.00012211276043672115, 8.504722791258246e-05, 6.169466360006481e-05, 9.377230162499472e-05, 7.459546759491786e-05, 0.00012337949010543525, 1.0670622032193933e-05, 2.1658959667547606e-05, 6.692537135677412e-05, 9.228924318449572e-05, 3.45826156262774e-05, 4.299302418075968e-06], "lowlevel.barkbands.stdev": [0.0005080159171484411, 0.048110805451869965, 0.018067847937345505, 0.004851828329265118, 0.003704370465129614, 0.005322643090039492, 0.003068748628720641, 0.0035769143141806126, 0.005159473512321711, 0.0012791156768798828, 0.0016527170082554221, 0.0009364185389131308, 0.001562829944305122, 0.0019428407540544868, 0.0013564730761572719, 0.00040914941928349435, 0.00021913326054345816, 0.0001143207264249213, 0.00021390730398707092, 0.00015531312965322286, 0.00021044464665465057, 2.187237623729743e-05, 9.409314225194976e-05, 0.00022161494416650385, 0.000396540854126215, 0.00011193995305802673, 1.4572088730346877e-05], "lowlevel.erbbands.mean": [0.3435847759246826, 6.41298246383667, 14.64222526550293, 8.560286521911621, 4.726632595062256, 16.911163330078125, 18.549543380737305, 34.519893646240234, 18.55067253112793, 48.80125045776367, 28.514633178710938, 59.552528381347656, 24.72583770751953, 19.21139907836914, 22.92673683166504, 17.283784866333008, 24.684947967529297, 33.222721099853516, 34.759918212890625, 13.40449047088623, 6.032096862792969, 3.8739473819732666, 3.5849170684814453, 6.054813861846924, 2.8060781955718994, 3.571932554244995, 7.26271390914917, 1.8521220684051514, 0.4531590938568115, 0.5799253582954407, 0.5394603610038757, 0.5259655714035034, 1.6626642942428589, 1.463750958442688, 0.38996776938438416, 0.0682721883058548, 0.07983049005270004, 0.023572154343128204, 0.0005155564867891371, 7.234475197037682e-05], "lowlevel.erbbands.stdev": [0.9170348644256592, 12.574885368347168, 24.823759078979492, 17.770191192626953, 7.464198589324951, 17.69471549987793, 22.150381088256836, 64.14553833007812, 26.356706619262695, 62.04899215698242, 70.5498046875, 139.0076141357422, 53.303768157958984, 42.34785079956055, 71.6617202758789, 42.9102668762207, 62.28250503540039, 92.49826049804688, 80.55438232421875, 31.251331329345703, 16.74895477294922, 9.405786514282227, 6.4720139503479, 12.806201934814453, 6.344029426574707, 6.823549747467041, 13.577784538269043, 2.8724358081817627, 0.837965190410614, 1.9581056833267212, 2.3944759368896484, 1.8445426225662231, 5.729193687438965, 5.956214904785156, 1.9140794277191162, 0.25196895003318787, 0.27848637104034424, 0.07652577012777328, 0.0015718344366177917, 7.946864207042381e-05], "lowlevel.gfcc.mean": [-20.251657485961914, 106.0483169555664, -83.82528686523438, 6.165582180023193, -55.26080322265625, 8.366958618164062, -35.66642761230469, 6.944627285003662, -29.781455993652344, 16.406145095825195, -13.952302932739258, -10.630003929138184, -5.111822128295898], "lowlevel.melbands.mean": [0.004990377929061651, 0.008040675893425941, 0.0013590222224593163, 0.0007105671684257686, 0.0007506849360652268, 0.0006843139999546111, 0.00033594670821912587, 0.0005284665385261178, 0.00019287965551484376, 0.0003973242419306189, 0.0001088869757950306, 7.077315967762843e-05, 7.377955625997856e-05, 5.2506897191051394e-05, 3.036679481738247e-05, 7.296805415535346e-05, 6.111111724749207e-05, 5.854541450389661e-05, 3.4783242881530896e-05, 1.0972406926157419e-05, 5.88630018683034e-06, 4.2585443225107156e-06, 3.3947319479921134e-06, 2.9016562166361837e-06, 5.420593424787512e-06, 2.3675574993831106e-06, 1.5130466408663779e-06, 2.42175724451954e-06, 5.41065082870773e-06, 2.6273457933712052e-06, 5.256054578239855e-07, 2.3779708158144786e-07, 1.9084862401541614e-07, 4.0601076989332796e-07, 3.1209469852910843e-07, 2.8043456268278533e-07, 3.0887872526363935e-07, 1.0026963082054863e-06, 1.7102033780247439e-06, 1.0533901786402566e-06], "lowlevel.melbands.stdev": [0.010868270881474018, 0.013626841828227043, 0.002558342181146145, 0.000737162190489471, 0.000761434726882726, 0.001246168278157711, 0.0005018363590352237, 0.0007019081385806203, 0.0005300159682519734, 0.0009676620247773826, 0.00025513474247418344, 0.00017480408132541925, 0.0002405563573120162, 0.00012525627971626818, 7.242905121529475e-05, 0.00020273905829526484, 0.0001829772663768381, 0.00013833191769663244, 8.918781531974673e-05, 3.688379001687281e-05, 1.6448668247903697e-05, 1.109969070967054e-05, 7.511182047892362e-06, 5.093250365462154e-06, 1.2182552382000722e-05, 5.839220648340415e-06, 2.937070576081169e-06, 5.076257366454229e-06, 1.1822608030342963e-05, 4.608342351275496e-06, 8.493940981679771e-07, 4.92397305151826e-07, 4.262512902641902e-07, 1.5849242345211678e-06, 1.3308871302797343e-06, 1.3237799976195674e-06, 1.1386443929950474e-06, 3.7480397168110358e-06, 6.180331183713861e-06, 4.553918643068755e-06], "lowlevel.melbands128.mean": [7.728903437964618e-05, 0.0013943392550572753, 0.006690256297588348, 0.012467831373214722, 0.009533234871923923, 0.004313110373914242, 0.001756324665620923, 0.0006940243183635175, 0.0003094117564614862, 0.0005805704277008772, 0.0011182924499735236, 0.0009566069929860532, 0.0005179773434065282, 0.0005878427182324231, 0.001199051272124052, 0.0003959665773436427, 8.235309360316023e-05, 0.0003054366970900446, 0.0007221008418127894, 0.0005454202764667571, 0.0005074988584965467, 0.00020903754921164364, 0.0002040096587734297, 6.577698513865471e-05, 0.0003831089416053146, 0.0006689563160762191, 9.822749416343868e-05, 8.896656800061464e-05, 3.2885276596061885e-05, 6.232176383491606e-05, 0.00010023972572525963, 6.283617403823882e-05, 5.885456266696565e-05, 0.00011396700574550778, 2.4071581719908863e-05, 5.9753376262960956e-05, 5.018051160732284e-05, 1.6556365153519437e-05, 2.6630919819581322e-05, 5.442826295620762e-05, 0.00010444723011460155, 5.804012835142203e-05, 4.58096619695425e-05, 7.354700937867165e-05, 7.722659938735887e-05, 4.1620267438702285e-05, 6.036202466930263e-05, 5.128769771545194e-05, 1.417389739799546e-05, 3.3821806937339716e-06, 1.770299786585383e-05, 1.0821406249306165e-05, 2.1562875645031454e-06, 6.69990777169005e-06, 6.796855814172886e-06, 2.3784621134836925e-06, 3.775573077291483e-06, 3.8090915950306226e-06, 2.662963652255712e-06, 4.260017249180237e-06, 1.5999216884665657e-06, 2.6285310923412908e-06, 6.239362392079784e-06, 7.365203600784298e-06, 2.71037833954324e-06, 2.1658029254467692e-06, 2.0218637928337557e-06, 1.2114759329051594e-06, 1.608554725862632e-06, 1.5824437014089199e-06, 1.6043396726672654e-06, 3.412985506656696e-06, 4.530372279987205e-06, 7.326646027649986e-06, 3.834958988591097e-06, 3.249974042773829e-06, 2.057010533462744e-06, 5.700509859707381e-07, 4.1655138716123474e-07, 2.167727899404781e-07, 2.705783685996721e-07, 2.3393450021558237e-07, 1.808397627200975e-07, 1.8612243479765311e-07, 1.9248497551416222e-07, 2.9455699745994934e-07, 5.937089326835121e-07, 4.1126909877675644e-07, 2.4647053464832425e-07, 2.772657694549707e-07, 3.1108316989048035e-07, 2.7694835580405197e-07, 2.2964049151141808e-07, 1.516389147582231e-07, 3.835504287508229e-07, 9.944163821273833e-07, 9.46916429711564e-07, 1.194768401546753e-06, 2.05148853638093e-06, 1.8374823866906809e-06, 1.3893544519305578e-06, 8.806857181298255e-07, 6.851515195194224e-07, 6.618223551413394e-07, 4.145618106576876e-07, 2.7995071150144213e-07, 1.120530086495819e-07, 1.0399726591003855e-07, 1.0636364322635927e-07, 6.001109653652748e-08, 7.058417139660378e-08, 1.535018725462578e-07, 3.404750543722912e-07, 3.687246419303847e-07, 3.314250420771714e-07, 3.10198345232493e-07, 1.7529235663005238e-07, 1.9265595341266817e-08, 6.061649012595316e-12, 5.562032605321843e-12, 5.410098150721021e-12, 5.32338799777432e-12, 5.215359828031341e-12, 5.1066954484535465e-12, 4.922057553202741e-12, 4.661747116802006e-12, 4.51463953027309e-12, 4.4749755116757495e-12], "lowlevel.melbands128.stdev": [0.00021764916891697794, 0.005073933396488428, 0.017436061054468155, 0.02494768053293228, 0.017299454659223557, 0.007599723991006613, 0.004288496449589729, 0.0015594551805406809, 0.0007882049540057778, 0.0008611634257249534, 0.0012661681976169348, 0.001375338644720614, 0.0009917148854583502, 0.0009451187797822058, 0.0023857755586504936, 0.0008297589374706149, 0.00036647848901338875, 0.000578341307118535, 0.0012485991464927793, 0.0008369738352485001, 0.0010687728645280004, 0.0007138864020816982, 0.0008370670257136226, 0.0002505203301552683, 0.0008998712291941047, 0.0018789342138916254, 0.0003395244129933417, 0.0003279557276982814, 0.00016056990716606379, 0.0002811289159581065, 0.000251899182330817, 0.00017098501848522574, 0.00039019514224492013, 0.00037293610512278974, 0.00010419827594887465, 0.00021170613763388246, 0.00016671352204866707, 5.6979268265422434e-05, 0.00013466502423398197, 0.00017349437985103577, 0.00035446713445708156, 0.0002743735385593027, 0.00028389430372044444, 0.00025444375933147967, 0.0002748863771557808, 0.00015268589777406305, 0.0002475648943800479, 0.0001558316871523857, 6.975112773943692e-05, 1.0332681995350868e-05, 7.228625327115878e-05, 4.40438961959444e-05, 1.2040994988637976e-05, 2.0529170797090046e-05, 2.3385915483231656e-05, 8.179688848031219e-06, 1.3232286619313527e-05, 1.1397381058486644e-05, 6.840215974079911e-06, 1.0128167559741996e-05, 3.393012775632087e-06, 8.266123586508911e-06, 1.6370524463127367e-05, 2.1988538719597273e-05, 9.50942103372654e-06, 5.133339982421603e-06, 8.184791113308165e-06, 2.170364268749836e-06, 3.8998523450572975e-06, 3.0762455480726203e-06, 4.704766979557462e-06, 7.760106200294103e-06, 1.4586354154744186e-05, 1.8334538253839128e-05, 6.0940897128602955e-06, 7.423650913551683e-06, 5.282976417220198e-06, 9.313819759881881e-07, 7.680996532144491e-07, 4.6481446247526037e-07, 6.148669626782066e-07, 5.478635216604744e-07, 4.0904390630203125e-07, 4.7573982442372653e-07, 5.784980885437108e-07, 9.565586651660851e-07, 2.757000856945524e-06, 1.795365960788331e-06, 9.83291329248459e-07, 1.7864892924990272e-06, 1.7985177009904874e-06, 1.2139058753746212e-06, 8.661456831760006e-07, 6.148787292659108e-07, 1.8286295926372986e-06, 4.338080998422811e-06, 4.039740360894939e-06, 4.2719666453194804e-06, 6.924560238985578e-06, 7.361044936260441e-06, 6.688364919682499e-06, 3.883492809109157e-06, 3.472719981800765e-06, 4.079692189407069e-06, 2.1096223008498782e-06, 1.8281746179127367e-06, 4.699517717199342e-07, 3.714069691795885e-07, 4.570808584958286e-07, 2.3582147434808576e-07, 3.653802309599996e-07, 5.703014949176577e-07, 1.4762288174097193e-06, 1.163275669568975e-06, 1.2055495517415693e-06, 9.82060100795934e-07, 6.185475172060251e-07, 6.70884503506386e-08, 9.81755128581785e-12, 9.484368151957412e-12, 9.288464095091875e-12, 9.106553185145305e-12, 8.927529722424499e-12, 8.78801198478385e-12, 8.667429621245226e-12, 8.560503000909492e-12, 8.49066997266057e-12, 8.446492637259606e-12], "lowlevel.mfcc.mean": [-682.406494140625, 153.67330932617188, 22.320375442504883, 8.648441314697266, 5.7736005783081055, -2.539511203765869, 14.222825050354004, -22.64645767211914, 7.388612270355225, 0.2136211097240448, 1.4049463272094727, 2.8863813877105713, -7.482349872589111], "lowlevel.spectral_contrast_coeffs.mean": [-0.6388140916824341, -0.6468884348869324, -0.710436999797821, -0.748458743095398, -0.7879552841186523, -0.7530532479286194], "lowlevel.spectral_contrast_coeffs.stdev": [0.07733207941055298, 0.07505980134010315, 0.07226318120956421, 0.06596352905035019, 0.04953799024224281, 0.043245311826467514], "lowlevel.spectral_contrast_valleys.mean": [-6.876310348510742, -7.119735240936279, -8.011221885681152, -8.366352081298828, -8.464428901672363, -11.172327041625977], "lowlevel.spectral_contrast_valleys.stdev": [1.0397083759307861, 0.7450538277626038, 0.6667432188987732, 0.652655303478241, 0.7299999594688416, 0.7881633639335632], "rhythm.beats_loudness_band_ratio.mean": [0.7768984436988831, 0.08509886264801025, 0.07993374764919281, 0.042458731681108475, 0.016294291242957115, 0.004175256472080946], "rhythm.beats_loudness_band_ratio.stdev": [0.21392932534217834, 0.1646285355091095, 0.07037410140037537, 0.080691859126091, 0.016918279230594635, 0.0034915634896606207], "tonal.hpcp.mean": [0.04743588715791702, 0.05362265184521675, 0.0684979259967804, 0.2642075717449188, 0.3104628026485443, 0.10221438854932785, 0.02258979342877865, 0.018026873469352722, 0.057844020426273346, 0.20926064252853394, 0.20066985487937927, 0.05179442837834358, 0.013048969209194183, 0.016454000025987625, 0.03874100372195244, 0.105620376765728, 0.11640587449073792, 0.0452067069709301, 0.03570324555039406, 0.03217019513249397, 0.009152541868388653, 0.011941585689783096, 0.021327808499336243, 0.1483883410692215, 0.5166980624198914, 0.4330488443374634, 0.059295546263456345, 0.01312049850821495, 0.009699041023850441, 0.017994854599237442, 0.04914037138223648, 0.04276663810014725, 0.030147427693009377, 0.03198806196451187, 0.01659679412841797, 0.0256306491792202], "tonal.hpcp.stdev": [0.14835472404956818, 0.14795218408107758, 0.16443243622779846, 0.3374392092227936, 0.3949395716190338, 0.1805780827999115, 0.10224246978759766, 0.09845931828022003, 0.15692013502120972, 0.3137342035770416, 0.30328381061553955, 0.13963672518730164, 0.07898715883493423, 0.10376695543527603, 0.15134958922863007, 0.24161531031131744, 0.26615723967552185, 0.13055001199245453, 0.1346711367368698, 0.13142214715480804, 0.03377103805541992, 0.06084035709500313, 0.1012570932507515, 0.2107289731502533, 0.41061022877693176, 0.34615564346313477, 0.12973231077194214, 0.06672533601522446, 0.05732620134949684, 0.07949192076921463, 0.17623019218444824, 0.15239404141902924, 0.10346949845552444, 0.12070461362600327, 0.08801352977752686, 0.11460466682910919], "rhythm.beats_position": [0.6733786463737488, 1.369977355003357, 2.008526086807251, 2.6470746994018555, 3.285623550415039, 3.9241721630096436, 4.551111221313477, 5.189659595489502, 5.8282084465026855, 6.4551472663879395, 7.093696117401123, 7.732244968414307, 8.359183311462402, 8.986122131347656, 9.61306095123291, 10.251609802246094, 10.890158653259277, 11.517097473144531, 12.144036293029785, 12.770975112915039, 13.421133995056152, 14.04807186126709, 14.675010681152344, 15.301949501037598, 15.928888320922852, 16.555828094482422], "rhythm.bpm_histogram": [0.0, 0.0, 0.0, 0.0, 0.0, 0.0, 0.0, 0.0, 0.0, 0.0, 0.0, 0.0, 0.0, 0.0, 0.0, 0.0, 0.0, 0.0, 0.0, 0.0, 0.0, 0.0, 0.0, 0.0, 0.0, 0.0, 0.0, 0.0, 0.0, 0.0, 0.0, 0.0, 0.0, 0.0, 0.0, 0.0, 0.0, 0.0, 0.0, 0.0, 0.0, 0.0, 0.0, 0.0, 0.0, 0.0, 0.0, 0.0, 0.0, 0.0, 0.0, 0.0, 0.0, 0.0, 0.0, 0.0, 0.0, 0.0, 0.0, 0.0, 0.0, 0.0, 0.0, 0.0, 0.0, 0.0, 0.0, 0.0, 0.0, 0.0, 0.0, 0.0, 0.0, 0.0, 0.0, 0.0, 0.0, 0.0, 0.0, 0.0, 0.0, 0.0, 0.0, 0.0, 0.0, 0.0, 0.03999999910593033, 0.0, 0.0, 0.0, 0.0, 0.0, 0.03999999910593033, 0.0, 0.4000000059604645, 0.0, 0.5199999809265137, 0.0, 0.0, 0.0, 0.0, 0.0, 0.0, 0.0, 0.0, 0.0, 0.0, 0.0, 0.0, 0.0, 0.0, 0.0, 0.0, 0.0, 0.0, 0.0, 0.0, 0.0, 0.0, 0.0, 0.0, 0.0, 0.0, 0.0, 0.0, 0.0, 0.0, 0.0, 0.0, 0.0, 0.0, 0.0, 0.0, 0.0, 0.0, 0.0, 0.0, 0.0, 0.0, 0.0, 0.0, 0.0, 0.0, 0.0, 0.0, 0.0, 0.0, 0.0, 0.0, 0.0, 0.0, 0.0, 0.0, 0.0, 0.0, 0.0, 0.0, 0.0, 0.0, 0.0, 0.0, 0.0, 0.0, 0.0, 0.0, 0.0, 0.0, 0.0, 0.0, 0.0, 0.0, 0.0, 0.0, 0.0, 0.0, 0.0, 0.0, 0.0, 0.0, 0.0, 0.0, 0.0, 0.0, 0.0, 0.0, 0.0, 0.0, 0.0, 0.0, 0.0, 0.0, 0.0, 0.0, 0.0, 0.0, 0.0, 0.0, 0.0, 0.0, 0.0, 0.0, 0.0, 0.0, 0.0, 0.0, 0.0, 0.0, 0.0, 0.0, 0.0, 0.0, 0.0, 0.0, 0.0, 0.0, 0.0, 0.0, 0.0, 0.0, 0.0, 0.0, 0.0, 0.0, 0.0, 0.0, 0.0, 0.0, 0.0, 0.0, 0.0, 0.0, 0.0, 0.0, 0.0, 0.0, 0.0, 0.0, 0.0, 0.0, 0.0, 0.0, 0.0, 0.0, 0.0, 0.0, 0.0, 0.0, 0.0, 0.0, 0.0], "tonal.chords_histogram": [44.26229476928711, 0.0, 33.87977981567383, 0.0, 0.0, 0.0, 0.0, 0.0, 0.0, 0.0, 0.0, 0.0, 0.0, 0.0, 0.0, 0.0, 0.0, 11.748634338378906, 0.0, 10.109289169311523, 0.0, 0.0, 0.0, 0.0], "tonal.thpcp": [1.0, 0.8381081223487854, 0.11475860327482224, 0.025392970070242882, 0.018771197646856308, 0.03482663631439209, 0.09510461986064911, 0.08276911079883575, 0.05834631621837616, 0.06190861761569977, 0.032120876014232635, 0.04960469529032707, 0.09180581569671631, 0.10377947241067886, 0.1325685679912567, 0.5113384127616882, 0.6008592247962952, 0.19782227277755737, 0.04371952265501022, 0.034888602793216705, 0.1119493693113327, 0.40499597787857056, 0.38836967945098877, 0.10024119168519974, 0.02525453455746174, 0.03184451535344124, 0.07497803121805191, 0.20441411435604095, 0.2252880036830902, 0.08749153465032578, 0.06909886002540588, 0.06226111203432083, 0.0177135206758976, 0.023111341521143913, 0.041277121752500534, 0.28718578815460205], "lowlevel.gfcc.cov": [[4282.28857421875, 525.589599609375, -46.957122802734375, 269.64691162109375, 478.19580078125, 50.45780563354492, 241.16867065429688, 346.2751770019531, 30.15142250061035, 82.9607162475586, 50.38618469238281, -289.4005432128906, 63.106807708740234], [525.589599609375, 1063.697998046875, 77.70249938964844, 276.2906494140625, 471.4027404785156, 65.4190673828125, 328.39593505859375, 99.04257202148438, 110.66028594970703, 19.682445526123047, 58.11366653442383, -152.426513671875, 81.84798431396484], [-46.957122802734375, 77.70249938964844, 813.776123046875, 318.93353271484375, 150.7483673095703, 249.75399780273438, 60.79593276977539, 63.88412857055664, 244.58270263671875, -24.212371826171875, 5.266827583312988, 153.0075225830078, -77.381103515625], [269.64691162109375, 276.2906494140625, 318.93353271484375, 458.4039001464844, 345.9222717285156, 105.37039947509766, 131.87692260742188, 177.1410675048828, 177.39523315429688, -24.93877410888672, -1.7615125179290771, 34.851314544677734, 15.784014701843262], [478.19580078125, 471.4027404785156, 150.7483673095703, 345.9222717285156, 526.7284545898438, 145.92398071289062, 249.03062438964844, 208.70733642578125, 126.16759490966797, 48.015926361083984, 35.59672927856445, -85.62448120117188, 63.2883415222168], [50.45780563354492, 65.4190673828125, 249.75399780273438, 105.37039947509766, 145.92398071289062, 331.0782165527344, 200.34971618652344, 20.804283142089844, 76.25907897949219, 69.3340072631836, 37.00899124145508, -8.4505033493042, -23.960052490234375], [241.16867065429688, 328.39593505859375, 60.79593276977539, 131.87692260742188, 249.03062438964844, 200.34971618652344, 370.07989501953125, 101.05941009521484, 25.8043155670166, 53.09660720825195, 54.75727844238281, -86.28034210205078, 19.867284774780273], [346.2751770019531, 99.04257202148438, 63.88412857055664, 177.1410675048828, 208.70733642578125, 20.804283142089844, 101.05941009521484, 238.7599334716797, 90.297119140625, 3.5287113189697266, 5.52662992477417, -25.643539428710938, 44.8377685546875], [30.15142250061035, 110.66028594970703, 244.58270263671875, 177.39523315429688, 126.16759490966797, 76.25907897949219, 25.8043155670166, 90.297119140625, 207.8487091064453, 0.6486201286315918, -10.128279685974121, 49.836360931396484, 15.406608581542969], [82.9607162475586, 19.682445526123047, -24.212371826171875, -24.93877410888672, 48.015926361083984, 69.3340072631836, 53.09660720825195, 3.5287113189697266, 0.6486201286315918, 119.00079345703125, 48.4780387878418, -37.3984375, 14.640401840209961], [50.38618469238281, 58.11366653442383, 5.266827583312988, -1.7615125179290771, 35.59672927856445, 37.00899124145508, 54.75727844238281, 5.52662992477417, -10.128279685974121, 48.4780387878418, 122.76123809814453, 3.4632833003997803, 11.314004898071289], [-289.4005432128906, -152.426513671875, 153.0075225830078, 34.851314544677734, -85.62448120117188, -8.4505033493042, -86.28034210205078, -25.643539428710938, 49.836360931396484, -37.3984375, 3.4632833003997803, 165.06915283203125, -9.063782691955566], [63.106807708740234, 81.84798431396484, -77.381103515625, 15.784014701843262, 63.2883415222168, -23.960052490234375, 19.867284774780273, 44.8377685546875, 15.406608581542969, 14.640401840209961, 11.314004898071289, -9.063782691955566, 92.15967559814453]], "lowlevel.gfcc.icov": [[0.0003074395644944161, -9.621312347007915e-05, -5.268493259791285e-05, -0.0001053362648235634, 4.0040631574811414e-05, -5.676200453308411e-05, 0.00018277668277733028, -0.00044714994146488607, 0.0002038094389718026, -9.435188258066773e-05, -9.774625505087897e-05, 0.0004857027961406857, 2.5309100237791426e-05], [-9.621312347007915e-05, 0.0029376123566180468, -0.0005767895490862429, -2.7225563826505095e-05, -0.0021307896822690964, 0.0023217913694679737, -0.002406081650406122, 0.0029690151568502188, -0.0018420685082674026, 0.0012060218723490834, -0.0010237362002953887, 0.0020735408179461956, -0.0014356180327013135], [-5.268493259791285e-05, -0.0005767895490862429, 0.0038037062622606754, -0.0011220495216548443, 0.00028552673757076263, -0.0025135718751698732, 0.0009254649048671126, -0.00038654456147924066, -0.002026904607191682, 0.0005192921962589025, -0.00019067744142375886, -0.0025668898597359657, 0.0031005474738776684], [-0.0001053362648235634, -2.7225563826505095e-05, -0.0011220495216548443, 0.00792925525456667, -0.004757591523230076, 0.0006719738012179732, -0.00034419921576045454, -0.0011320189805701375, -0.00170634884852916, 0.0019864500500261784, 0.0006091087125241756, -0.0025981576181948185, 0.0015023601008579135], [4.0040631574811414e-05, -0.0021307896822690964, 0.00028552673757076263, -0.004757591523230076, 0.00912540778517723, -0.0022309687919914722, 0.00035857403418049216, -0.003498308826237917, 0.0012486787745729089, -0.00215169764123857, 9.027110536408145e-06, 0.002133359666913748, -0.0019606545101851225], [-5.676200453308411e-05, 0.0023217913694679737, -0.0025135718751698732, 0.0006719738012179732, -0.0022309687919914722, 0.009573693387210369, -0.00577324815094471, 0.0038789636455476284, -0.0022712289355695248, -0.0025122216902673244, -3.166651731589809e-05, 0.0012695591431111097, 3.722960900631733e-05], [0.00018277668277733028, -0.002406081650406122, 0.0009254649048671126, -0.00034419921576045454, 0.00035857403418049216, -0.00577324815094471, 0.00857530813664198, -0.00382610154338181, 0.002759421244263649, 0.00030148186488077044, -0.0009694507461972535, 0.0003891348314937204, 0.0007614823407493532], [-0.00044714994146488607, 0.0029690151568502188, -0.00038654456147924066, -0.0011320189805701375, -0.003498308826237917, 0.0038789636455476284, -0.00382610154338181, 0.011223201639950275, -0.004133474547415972, 0.0014306203229352832, -0.0008729238179512322, 0.002113321330398321, -0.0029072470497339964], [0.0002038094389718026, -0.0018420685082674026, -0.002026904607191682, -0.00170634884852916, 0.0012486787745729089, -0.0022712289355695248, 0.002759421244263649, -0.004133474547415972, 0.011889004148542881, -0.0022658652160316706, 0.00225067394785583, -0.002035497920587659, -0.0020491040777415037], [-9.435188258066773e-05, 0.0012060218723490834, 0.0005192921962589025, 0.0019864500500261784, -0.00215169764123857, -0.0025122216902673244, 0.00030148186488077044, 0.0014306203229352832, -0.0022658652160316706, 0.014216895215213299, -0.005066086538136005, 0.003095105057582259, -0.0018005562014877796], [-9.774625505087897e-05, -0.0010237362002953887, -0.00019067744142375886, 0.0006091087125241756, 9.027110536408145e-06, -3.166651731589809e-05, -0.0009694507461972535, -0.0008729238179512322, 0.00225067394785583, -0.005066086538136005, 0.011460764333605766, -0.0037766110617667437, -1.8910390281234868e-05], [0.0004857027961406857, 0.0020735408179461956, -0.0025668898597359657, -0.0025981576181948185, 0.002133359666913748, 0.0012695591431111097, 0.0003891348314937204, 0.002113321330398321, -0.002035497920587659, 0.003095105057582259, -0.0037766110617667437, 0.01460990495979786, -0.004382343031466007], [2.5309100237791426e-05, -0.0014356180327013135, 0.0031005474738776684, 0.0015023601008579135, -0.0019606545101851225, 3.722960900631733e-05, 0.0007614823407493532, -0.0029072470497339964, -0.0020491040777415037, -0.0018005562014877796, -1.8910390281234868e-05, -0.004382343031466007, 0.01726073957979679]], "lowlevel.mfcc.cov": [[3627.825439453125, 405.5240478515625, -366.2724304199219, 285.3136901855469, 247.0128631591797, -171.22789001464844, 447.68280029296875, -54.794525146484375, 241.0574493408203, 323.13763427734375, 96.3430404663086, -95.72244262695312, 92.94671630859375], [405.5240478515625, 846.9299926757812, -148.6614532470703, 246.31101989746094, 135.00833129882812, 107.39022064208984, 303.6624755859375, 0.3596639633178711, 177.08480834960938, 141.77926635742188, 58.81855010986328, 28.264636993408203, 7.674842357635498], [-366.2724304199219, -148.6614532470703, 745.8994750976562, 30.874755859375, 115.98185729980469, 239.54953002929688, -212.6931915283203, 252.9896240234375, -20.903568267822266, -30.2650203704834, 59.212276458740234, 119.19053649902344, 27.08298683166504], [285.3136901855469, 246.31101989746094, 30.874755859375, 449.60101318359375, 276.5318908691406, 28.35572624206543, 70.86536407470703, 183.3660125732422, 193.1422119140625, 48.27092742919922, 40.738582611083984, 80.26179504394531, 73.73114776611328], [247.0128631591797, 135.00833129882812, 115.98185729980469, 276.5318908691406, 379.98724365234375, 47.58989715576172, 22.503217697143555, 139.07080078125, 172.4764404296875, 66.48773193359375, 38.415321350097656, 89.1478500366211, 76.14725494384766], [-171.22789001464844, 107.39022064208984, 239.54953002929688, 28.35572624206543, 47.58989715576172, 373.2949523925781, 94.25003051757812, 123.75273895263672, 36.82178497314453, 88.83445739746094, 77.36685943603516, 23.635744094848633, 15.569535255432129], [447.68280029296875, 303.6624755859375, -212.6931915283203, 70.86536407470703, 22.503217697143555, 94.25003051757812, 479.9869079589844, -19.17344093322754, 88.43522644042969, 187.1350860595703, 95.8862075805664, -30.833955764770508, 11.307855606079102], [-54.794525146484375, 0.3596639633178711, 252.9896240234375, 183.3660125732422, 139.07080078125, 123.75273895263672, -19.17344093322754, 290.9287109375, 113.25498962402344, 20.7401065826416, 36.2559700012207, 74.16332244873047, 45.58353042602539], [241.0574493408203, 177.08480834960938, -20.903568267822266, 193.1422119140625, 172.4764404296875, 36.82178497314453, 88.43522644042969, 113.25498962402344, 260.5138854980469, 88.1964111328125, 36.15484619140625, 37.35648727416992, 45.67525100708008], [323.13763427734375, 141.77926635742188, -30.2650203704834, 48.27092742919922, 66.48773193359375, 88.83445739746094, 187.1350860595703, 20.7401065826416, 88.1964111328125, 210.51805114746094, 63.70866394042969, -20.72932243347168, 28.89677619934082], [96.3430404663086, 58.81855010986328, 59.212276458740234, 40.738582611083984, 38.415321350097656, 77.36685943603516, 95.8862075805664, 36.2559700012207, 36.15484619140625, 63.70866394042969, 104.60079956054688, 21.73235321044922, 12.441149711608887], [-95.72244262695312, 28.264636993408203, 119.19053649902344, 80.26179504394531, 89.1478500366211, 23.635744094848633, -30.833955764770508, 74.16332244873047, 37.35648727416992, -20.72932243347168, 21.73235321044922, 120.56085205078125, 14.90887451171875], [92.94671630859375, 7.674842357635498, 27.08298683166504, 73.73114776611328, 76.14725494384766, 15.569535255432129, 11.307855606079102, 45.58353042602539, 45.67525100708008, 28.89677619934082, 12.441149711608887, 14.90887451171875, 133.26754760742188]], "lowlevel.mfcc.icov": [[0.0003941025061067194, -3.9904331060824916e-05, -5.923600110691041e-05, -0.00012924557086080313, -0.00017105329607147723, 0.0003883246681652963, -0.0001977394422283396, 8.78296559676528e-05, -5.244418207439594e-05, -0.0003805634332820773, -0.00015417757094837725, 0.0004011107957921922, -7.990273297764361e-05], [-3.9904331060824916e-05, 0.0021184966899454594, -6.116896838648245e-05, -0.0013163868570700288, 0.0003015929542016238, -0.0007270292844623327, -0.0009326051222160459, 0.0013130838051438332, -0.0008153720409609377, -0.00016366947966162115, 0.0006809874321334064, -0.0006803910946473479, 0.000516655738465488], [-5.923600110691041e-05, -6.116896838648245e-05, 0.0038436641916632652, 0.001080817193724215, -0.0008971716742962599, -0.0016349356155842543, 0.0020189224742352962, -0.002713985973969102, 0.0015218111220747232, -0.0003497122379485518, -0.00186730467248708, -0.0015814232174307108, 3.1877938454272225e-05], [-0.00012924557086080313, -0.0013163868570700288, 0.001080817193724215, 0.0064743622206151485, -0.002986735897138715, 0.0006431860383599997, 0.0001746646739775315, -0.0034603404346853495, -0.0004450574633665383, 0.0011953511275351048, -0.0010314516257494688, -0.00028703032876364887, -0.0008137222030200064], [-0.00017105329607147723, 0.0003015929542016238, -0.0008971716742962599, -0.002986735897138715, 0.006430140696465969, -0.00010392574040452018, 0.0003772639902308583, 0.0011167110642418265, -0.0019055804004892707, -0.0013175796484574676, 0.0006991644622758031, -0.002293298952281475, -0.0010091556468978524], [0.0003883246681652963, -0.0007270292844623327, -0.0016349356155842543, 0.0006431860383599997, -0.00010392574040452018, 0.005215224344283342, -0.0010284436866641045, -0.001265586819499731, 0.00017354027659166604, -0.0011582858860492706, -0.00130970508325845, 0.0012331464095041156, -0.00010632355406414717], [-0.0001977394422283396, -0.0009326051222160459, 0.0020189224742352962, 0.0001746646739775315, 0.0003772639902308583, -0.0010284436866641045, 0.0053412336856126785, -0.0009197051404044032, 0.0006428919150494039, -0.002537484047934413, -0.003088713390752673, -0.00028737194952555, 0.00010102103988174349], [8.78296559676528e-05, 0.0013130838051438332, -0.002713985973969102, -0.0034603404346853495, 0.0011167110642418265, -0.001265586819499731, -0.0009197051404044032, 0.009192715398967266, -0.002953659975901246, 0.0002496718370821327, 0.0013518204214051366, -0.0009691169834695756, -0.00028698061942122877], [-5.244418207439594e-05, -0.0008153720409609377, 0.0015218111220747232, -0.0004450574633665383, -0.0019055804004892707, 0.00017354027659166604, 0.0006428919150494039, -0.002953659975901246, 0.00804933998733759, -0.0019963630475103855, -0.0006369785405695438, -0.0004030192212667316, -0.00017656816635280848], [-0.0003805634332820773, -0.00016366947966162115, -0.0003497122379485518, 0.0011953511275351048, -0.0013175796484574676, -0.0011582858860492706, -0.002537484047934413, 0.0002496718370821327, -0.0019963630475103855, 0.010110186412930489, -0.002133778529241681, 0.0025365797337144613, -0.000889914867002517], [-0.00015417757094837725, 0.0006809874321334064, -0.00186730467248708, -0.0010314516257494688, 0.0006991644622758031, -0.00130970508325845, -0.003088713390752673, 0.0013518204214051366, -0.0006369785405695438, -0.002133778529241681, 0.015921222046017647, -0.0026787046808749437, 6.600101914955303e-05], [0.0004011107957921922, -0.0006803910946473479, -0.0015814232174307108, -0.00028703032876364887, -0.002293298952281475, 0.0012331464095041156, -0.00028737194952555, -0.0009691169834695756, -0.0004030192212667316, 0.0025365797337144613, -0.0026787046808749437, 0.013537057675421238, 8.55410544318147e-05], [-7.990273297764361e-05, 0.000516655738465488, 3.1877938454272225e-05, -0.0008137222030200064, -0.0010091556468978524, -0.00010632355406414717, 0.00010102103988174349, -0.00028698061942122877, -0.00017656816635280848, -0.000889914867002517, 6.600101914955303e-05, 8.55410544318147e-05, 0.00888977013528347]], "metadata.audio_properties.analysis.downmix": "mix", "metadata.audio_properties.codec": "mp3", "metadata.audio_properties.md5_encoded": "70edec1588f73c83d1f2a4c7af17f47c", "metadata.tags.file_name": "1183658455429546034.mp3", "metadata.version.essentia": "2.1-beta6-dev", "metadata.version.essentia_git_sha": "v2.1_beta5-1110-g77a6a954", "metadata.version.extractor": "music 2.0", "tonal.chords_key": "Bb", "tonal.chords_scale": "major", "tonal.key_edma.key": "Bb", "tonal.key_edma.scale": "major", "tonal.key_krumhansl.key": "Bb", "tonal.key_krumhansl.scale": "major", "tonal.key_temperley.key": "Bb", "tonal.key_temperley.scale": "major", "metadata.tags.encoding": ["Lavf58.45.100"]}, "essentia_models": [{"model_name": "genre_dortmund", "activations": {"alternative": "0.0130322995", "blues": "0.010170029", "electronic": "0.0018988149", "folkcountry": "0.85868883", "funksoulrnb": "0.007835038", "jazz": "0.033444915", "pop": "0.35428855", "raphiphop": "0.026282305", "rock": "0.007239014"}}, {"model_name": "genre_rosamerica", "activations": {"classic": "0.00059548655", "dance": "0.0030484563", "hip hop": "6.507501e-05", "jazz": "0.009461701", "pop": "0.33177847", "rhythm and blues": "0.087647036", "rock": "0.00020467331", "speech": "0.011488853"}}, {"model_name": "genre_tzanetakis", "activations": {"blues": "0.0053225677", "classic": "3.3754034e-06", "country": "0.9935564", "disco": "0.0047845445", "hip hop": "1.3559002e-05", "jazz": "0.001136153", "metal": "9.893597e-05", "pop": "0.0075054616", "reggae": "0.00080715894", "rock": "0.0009457945"}}, {"model_name": "genre_electronic", "activations": {"ambient": "0.32915008", "dnb": "0.23723