{"song_id": "1183684178584277032", "download": "https://cdn.discordapp.com/attachments/1135903449314238464/1183684178584277032/chirp.mp4?ex=65893acb&amp", "lyrics": "(Verse 3)\n As the stars paint tales in the midnight sky.\n Our love's journey, a celestial high.\n Through the echoes of time,\n we'll find In every \"Love,\" \na forever entwined\n\n(Chorus)\n I love you,\n when I see you Every glance..,\n a promise so true In your eyes,\n a universe unfolds..\n A love story that never grows old...", "style": ["rock"], "essentia_features": {"lowlevel.average_loudness": 0.9728562831878662, "lowlevel.barkbands_crest.mean": 13.177083969116211, "lowlevel.barkbands_crest.stdev": 4.960195064544678, "lowlevel.barkbands_flatness_db.mean": 0.18668898940086365, "lowlevel.barkbands_flatness_db.stdev": 0.05884109064936638, "lowlevel.barkbands_kurtosis.mean": 12.825876235961914, "lowlevel.barkbands_kurtosis.stdev": 20.145618438720703, "lowlevel.barkbands_skewness.mean": 2.3824944496154785, "lowlevel.barkbands_skewness.stdev": 1.9691745042800903, "lowlevel.barkbands_spread.mean": 16.42318344116211, "lowlevel.barkbands_spread.stdev": 16.56301498413086, "lowlevel.dissonance.mean": 0.4247489273548126, "lowlevel.dissonance.stdev": 0.0361606739461422, "lowlevel.dynamic_complexity": 3.143683910369873, "lowlevel.erbbands_crest.mean": 11.833599090576172, "lowlevel.erbbands_crest.stdev": 4.698055744171143, "lowlevel.erbbands_flatness_db.mean": 0.17314496636390686, "lowlevel.erbbands_flatness_db.stdev": 0.04460834711790085, "lowlevel.erbbands_kurtosis.mean": 1.7619479894638062, "lowlevel.erbbands_kurtosis.stdev": 3.348379611968994, "lowlevel.erbbands_skewness.mean": 0.7396421432495117, "lowlevel.erbbands_skewness.stdev": 0.8750985860824585, "lowlevel.erbbands_spread.mean": 35.633872985839844, "lowlevel.erbbands_spread.stdev": 22.986358642578125, "lowlevel.hfc.mean": 18.311511993408203, "lowlevel.hfc.stdev": 19.551475524902344, "lowlevel.loudness_ebu128.integrated": -17.755720138549805, "lowlevel.loudness_ebu128.loudness_range": 2.3242340087890625, "lowlevel.loudness_ebu128.momentary.mean": -18.230615615844727, "lowlevel.loudness_ebu128.momentary.stdev": 2.138345718383789, "lowlevel.loudness_ebu128.short_term.mean": -17.78660011291504, "lowlevel.loudness_ebu128.short_term.stdev": 0.7950607538223267, "lowlevel.melbands_crest.mean": 17.06503677368164, "lowlevel.melbands_crest.stdev": 5.865266799926758, "lowlevel.melbands_flatness_db.mean": 0.27424341440200806, "lowlevel.melbands_flatness_db.stdev": 0.07790719717741013, "lowlevel.melbands_kurtosis.mean": 25.457914352416992, "lowlevel.melbands_kurtosis.stdev": 39.72124099731445, "lowlevel.melbands_skewness.mean": 3.227163553237915, "lowlevel.melbands_skewness.stdev": 2.317676544189453, "lowlevel.melbands_spread.mean": 17.96504783630371, "lowlevel.melbands_spread.stdev": 26.49042320251465, "lowlevel.pitch_salience.mean": 0.4396155774593353, "lowlevel.pitch_salience.stdev": 0.1545070856809616, "lowlevel.silence_rate_20dB.mean": 1.0, "lowlevel.silence_rate_20dB.stdev": 0.0, "lowlevel.silence_rate_30dB.mean": 0.9135135412216187, "lowlevel.silence_rate_30dB.stdev": 0.28107950091362, "lowlevel.silence_rate_60dB.mean": 0.0779922753572464, "lowlevel.silence_rate_60dB.stdev": 0.26815932989120483, "lowlevel.spectral_centroid.mean": 925.2111206054688, "lowlevel.spectral_centroid.stdev": 657.5675048828125, "lowlevel.spectral_complexity.mean": 10.375289916992188, "lowlevel.spectral_complexity.stdev": 4.375221252441406, "lowlevel.spectral_decrease.mean": -9.964453262512052e-09, "lowlevel.spectral_decrease.stdev": 1.242343206087071e-08, "lowlevel.spectral_energy.mean": 0.03926900774240494, "lowlevel.spectral_energy.stdev": 0.04775203764438629, "lowlevel.spectral_energyband_high.mean": 0.0005406393320299685, "lowlevel.spectral_energyband_high.stdev": 0.0010987158166244626, "lowlevel.spectral_energyband_low.mean": 0.023723041638731956, "lowlevel.spectral_energyband_low.stdev": 0.04241541773080826, "lowlevel.spectral_energyband_middle_high.mean": 0.005256266798824072, "lowlevel.spectral_energyband_middle_high.stdev": 0.010014980100095272, "lowlevel.spectral_energyband_middle_low.mean": 0.010665850713849068, "lowlevel.spectral_energyband_middle_low.stdev": 0.010727989487349987, "lowlevel.spectral_entropy.mean": 7.02686882019043, "lowlevel.spectral_entropy.stdev": 0.49733173847198486, "lowlevel.spectral_flux.mean": 0.07622229307889938, "lowlevel.spectral_flux.stdev": 0.07112658023834229, "lowlevel.spectral_kurtosis.mean": 5.840019226074219, "lowlevel.spectral_kurtosis.stdev": 3.135610818862915, "lowlevel.spectral_rms.mean": 0.005376971792429686, "lowlevel.spectral_rms.stdev": 0.0030658459290862083, "lowlevel.spectral_rolloff.mean": 1295.237060546875, "lowlevel.spectral_rolloff.stdev": 2255.326171875, "lowlevel.spectral_skewness.mean": 1.9616985321044922, "lowlevel.spectral_skewness.stdev": 0.571151614189148, "lowlevel.spectral_spread.mean": 5445035.0, "lowlevel.spectral_spread.stdev": 2717507.25, "lowlevel.spectral_strongpeak.mean": 1.1433148384094238, "lowlevel.spectral_strongpeak.stdev": 1.4141473770141602, "lowlevel.zerocrossingrate.mean": 0.0538036935031414, "lowlevel.zerocrossingrate.stdev": 0.060863036662340164, "metadata.audio_properties.analysis.equal_loudness": 0.0, "metadata.audio_properties.analysis.length": 30.03628158569336, "metadata.audio_properties.analysis.sample_rate": 44100.0, "metadata.audio_properties.analysis.start_time": 0.0, "metadata.audio_properties.bit_rate": 121488.0, "metadata.audio_properties.length": 30.03733253479004, "metadata.audio_properties.lossless": 0.0, "metadata.audio_properties.number_channels": 1.0, "metadata.audio_properties.replay_gain": -8.570240020751953, "metadata.audio_properties.sample_rate": 48000.0, "rhythm.beats_count": 47.0, "rhythm.beats_loudness.mean": 0.04062676057219505, "rhythm.beats_loudness.stdev": 0.03317391127347946, "rhythm.bpm": 95.57508087158203, "rhythm.bpm_histogram_first_peak_bpm": 96.0, "rhythm.bpm_histogram_first_peak_weight": 0.45652174949645996, "rhythm.bpm_histogram_second_peak_bpm": 0.0, "rhythm.bpm_histogram_second_peak_spread": 0.0, "rhythm.bpm_histogram_second_peak_weight": 0.0, "rhythm.danceability": 1.715132713317871, "rhythm.onset_rate": 4.823969841003418, "tonal.chords_changes_rate": 0.026234567165374756, "tonal.chords_number_rate": 0.009259259328246117, "tonal.chords_strength.mean": 0.5758696794509888, "tonal.chords_strength.stdev": 0.09030824154615402, "tonal.hpcp_crest.mean": 19.33839225769043, "tonal.hpcp_crest.stdev": 8.574667930603027, "tonal.hpcp_entropy.mean": 1.3395421504974365, "tonal.hpcp_entropy.stdev": 0.6864627003669739, "tonal.key_edma.strength": 0.7183337211608887, "tonal.key_krumhansl.strength": 0.7237337827682495, "tonal.key_temperley.strength": 0.7213099598884583, "tonal.tuning_diatonic_strength": 0.5908322930335999, "tonal.tuning_equal_tempered_deviation": 0.10878052562475204, "tonal.tuning_frequency": 437.4657897949219, "tonal.tuning_nontempered_energy_ratio": 0.7224171161651611, "lowlevel.barkbands.mean": [5.189879811950959e-05, 0.015558537095785141, 0.00732831098139286, 0.001107231481000781, 0.0014016511850059032, 0.0028721813578158617, 0.002035060664638877, 0.0012499433942139149, 0.0017435632180422544, 0.0012875812826678157, 0.0008684019558131695, 0.000547282921615988, 0.000959030061494559, 0.0005687022348865867, 0.0005007659201510251, 0.0002299987681908533, 0.00016558058268856257, 0.00011036814976250753, 0.00011782173532992601, 8.160049037542194e-05, 0.00010816354915732518, 1.3904139450460207e-05, 3.330159961478785e-05, 0.0001369625679217279, 0.00012918855645693839, 5.498276004800573e-05, 7.061094493110431e-06], "lowlevel.barkbands.stdev": [0.00014893128536641598, 0.030874719843268394, 0.015552574768662453, 0.0035516000352799892, 0.0021055752877146006, 0.0043541183695197105, 0.0057742721401154995, 0.0029632090590894222, 0.004759401082992554, 0.0048087891191244125, 0.0031695044599473476, 0.0014420863008126616, 0.003774122567847371, 0.0017499970272183418, 0.0015993815613910556, 0.000801202142611146, 0.0008531290804967284, 0.00029282792820595205, 0.0003426244074944407, 0.00022755943064112216, 0.0001610870531294495, 3.5288230719743297e-05, 0.0001343339099548757, 0.00042992326780222356, 0.00041712168604135513, 0.00018407167226541787, 2.31278518185718e-05], "lowlevel.erbbands.mean": [0.15272356569766998, 4.380651950836182, 10.651838302612305, 5.289165019989014, 2.026879072189331, 5.611240386962891, 15.437383651733398, 26.950551986694336, 23.716508865356445, 29.972644805908203, 31.115501403808594, 39.89323806762695, 40.22001266479492, 49.658145904541016, 25.837669372558594, 21.4798526763916, 39.64059829711914, 40.206417083740234, 28.51429557800293, 16.535974502563477, 11.625754356384277, 7.631778717041016, 6.609396934509277, 7.982320308685303, 3.103281259536743, 3.8448400497436523, 6.566679954528809, 1.6378233432769775, 0.5158836245536804, 0.9124439358711243, 0.8199036121368408, 0.9891083836555481, 3.3926398754119873, 2.3092637062072754, 0.4143447279930115, 0.0773775726556778, 0.13297398388385773, 0.038649290800094604, 0.0008075664518401027, 6.551192927872762e-05], "lowlevel.erbbands.stdev": [0.2905550003051758, 8.629902839660645, 20.8455753326416, 12.420421600341797, 4.560952663421631, 8.641203880310059, 24.060287475585938, 49.0595703125, 59.45547866821289, 84.52851104736328, 68.90441131591797, 113.50005340576172, 113.33194732666016, 159.82557678222656, 87.61023712158203, 52.30333709716797, 145.0908660888672, 104.36581420898438, 77.1935043334961, 46.98051834106445, 49.35132598876953, 28.684146881103516, 18.746591567993164, 21.262157440185547, 7.696009635925293, 9.6974458694458, 10.422045707702637, 2.4323694705963135, 1.1624913215637207, 3.3199222087860107, 3.2876224517822266, 3.825132131576538, 10.39765739440918, 7.304146766662598, 1.530748963356018, 0.3870593309402466, 0.46645861864089966, 0.12293415516614914, 0.0024354038760066032, 8.229797822423279e-05], "lowlevel.gfcc.mean": [-28.066713333129883, 91.30390930175781, -87.80513763427734, 4.508146286010742, -53.01754379272461, 11.724428176879883, -32.832794189453125, 11.136500358581543, -29.14826774597168, 15.027185440063477, -10.595897674560547, -9.610795021057129, -4.662985324859619], "lowlevel.melbands.mean": [0.0029112568590790033, 0.0057614087127149105, 0.0008285028161481023, 0.0002334337477805093, 0.0004887377726845443, 0.0005691602709703147, 0.0004017475584987551, 0.0003044861659873277, 0.00024321528326254338, 0.0002675192372407764, 0.00019984574464615434, 0.0002048640453722328, 8.971602801466361e-05, 6.762621342204511e-05, 4.6375866077141836e-05, 0.00012098837032681331, 6.505634519271553e-05, 4.2496849346207455e-05, 3.595380621845834e-05, 1.832979978644289e-05, 1.270689881494036e-05, 8.838792382448446e-06, 5.818089448439423e-06, 5.444273938337574e-06, 6.985055279074004e-06, 2.7898320240637986e-06, 1.7411895214536344e-06, 2.7009184577764245e-06, 4.786947556567611e-06, 2.385831521678483e-06, 4.5079568167238904e-07, 2.548522957113164e-07, 2.964159193652449e-07, 6.302554993453668e-07, 4.588517583670182e-07, 4.3781815861621e-07, 6.288329927883751e-07, 2.237845592389931e-06, 3.03647334476409e-06, 1.5355233244918054e-06], "lowlevel.melbands.stdev": [0.005639967508614063, 0.010788068175315857, 0.0018644689116626978, 0.00035487045533955097, 0.0007023409125395119, 0.0009818270336836576, 0.0009815000230446458, 0.0008137763361446559, 0.0005661615286953747, 0.0007941670482978225, 0.0006058947183191776, 0.0006815945962443948, 0.00031062724883668125, 0.00019022029300685972, 0.00015388430620077997, 0.00047084520338103175, 0.00018210746929980814, 0.00012954544217791408, 0.00013268495968077332, 7.183448906289414e-05, 7.801057654432952e-05, 3.859623757307418e-05, 1.975923623831477e-05, 1.3542902706831228e-05, 2.02571591216838e-05, 7.829136848158669e-06, 4.7004637053760234e-06, 8.252681254816707e-06, 8.577878361393232e-06, 3.827830369118601e-06, 7.898186709098809e-07, 6.354160859700642e-07, 8.421778829870163e-07, 2.482139734638622e-06, 1.8019261460722191e-06, 1.9054584754485404e-06, 2.751670308498433e-06, 8.174375579983462e-06, 8.167568012140691e-06, 5.370219696487766e-06], "lowlevel.melbands128.mean": [2.9769907996524125e-05, 0.00027301727095618844, 0.003481293562799692, 0.009045683778822422, 0.007144537754356861, 0.002885518129914999, 0.001060934504494071, 0.00040746619924902916, 0.00011788909614551812, 0.000179195762029849, 0.000326893845340237, 0.0004149214073549956, 0.0005885920254513621, 0.00047963071847334504, 0.0007271612994372845, 0.0005450391909107566, 0.00026383352815173566, 0.0003661897499114275, 0.0006345869041979313, 0.00027899653650820255, 0.00017993699293583632, 0.0002174679539166391, 0.00034209605655632913, 0.0001414249127265066, 0.0001994427730096504, 0.00039512853254564106, 0.0002241439069621265, 0.00014800956705585122, 0.00021077986457385123, 0.00019609741866588593, 0.00024755069171078503, 0.00014193436072673649, 3.308005761937238e-05, 0.00010287742043146864, 7.394530257442966e-05, 5.9338184655644e-05, 4.790058665093966e-05, 5.244650674285367e-05, 2.768207195913419e-05, 8.977118704933673e-05, 0.00017517260857857764, 0.00011245472705923021, 5.9951667935820296e-05, 4.4266162149142474e-05, 3.822808503173292e-05, 3.847914922516793e-05, 5.1076829549856484e-05, 6.0883554397150874e-05, 1.202387829835061e-05, 8.647036338516045e-06, 3.23445929097943e-05, 1.0572502105787862e-05, 7.621013992320513e-06, 1.9945955500588752e-05, 1.1827238267869689e-05, 6.835338808741653e-06, 6.042758741386933e-06, 5.173472800379386e-06, 6.2388262449530885e-06, 6.7640276029123925e-06, 5.088901161798276e-06, 4.147070285398513e-06, 6.3818320086284075e-06, 9.397575922776014e-06, 6.018300609866856e-06, 1.6688354662619531e-06, 1.186806230180082e-06, 2.1365067368606105e-06, 1.8478089032214484e-06, 1.3087048955640057e-06, 2.079953901557019e-06, 4.17588353229803e-06, 3.6350520531414077e-06, 6.329353709588759e-06, 3.924727479898138e-06, 2.6280492875230266e-06, 1.8813863107425277e-06, 5.001763838663464e-07, 3.3848135672087665e-07, 1.789714616506899e-07, 2.817560584844614e-07, 2.683612194687157e-07, 2.3618304112460464e-07, 2.8839986043749377e-07, 3.3806406918301946e-07, 5.297308689478086e-07, 8.599857892477303e-07, 5.968794880573114e-07, 3.449292762525147e-07, 3.9998334955271275e-07, 5.638545417241403e-07, 4.094400196663628e-07, 3.182333330187248e-07, 2.3812268068468256e-07, 8.999816145660589e-07, 2.3047268769005314e-06, 2.245954874524614e-06, 2.3891323053248925e-06, 3.7529857763729524e-06, 2.9682028070965316e-06, 2.354651996938628e-06, 1.1672722166622407e-06, 6.950908186809102e-07, 7.622963380526926e-07, 3.9047995414875913e-07, 1.844229444714074e-07, 1.2464261089917272e-07, 1.019904303234398e-07, 1.1621443718468072e-07, 5.7011206422430405e-08, 1.3868061898847373e-07, 2.4861097358552797e-07, 5.744115583183884e-07, 6.118022497503262e-07, 5.935249305366597e-07, 4.945936780131888e-07, 2.781925161343679e-07, 2.6526741692123323e-08, 2.342276650413311e-10, 5.239207071655594e-12, 5.038607552021457e-12, 4.917378570307163e-12, 4.795454398159871e-12, 4.698126870178454e-12, 4.560278370202564e-12, 4.3894770630770186e-12, 4.287340881620194e-12, 4.253771813955698e-12], "lowlevel.melbands128.stdev": [8.873904880601913e-05, 0.0007045204984024167, 0.006739310920238495, 0.018467048183083534, 0.01415257714688778, 0.00636059558019042, 0.002840862376615405, 0.0013084867969155312, 0.0003184353990945965, 0.0003402917645871639, 0.000579243351239711, 0.0008559124544262886, 0.0011515995720401406, 0.0007934074965305626, 0.0014290601247921586, 0.0014927901793271303, 0.0011933156056329608, 0.0011031350586563349, 0.002043944550678134, 0.0011038428638130426, 0.0007408643723465502, 0.0006577764870598912, 0.000935216958168894, 0.0005589057691395283, 0.0008272133418358862, 0.0013752016238868237, 0.0010252075735479593, 0.0005964993615634739, 0.0011802965309470892, 0.000995552632957697, 0.0009370050975121558, 0.0007740359869785607, 0.00018264175741933286, 0.0005913496715947986, 0.0003080102032981813, 0.00021361543622333556, 0.00016830059757921845, 0.00027591732214204967, 0.0001375548163196072, 0.0004861151974182576, 0.0008818958303891122, 0.00042713299626484513, 0.00024312267487403005, 0.00022013590205460787, 0.0002513181825634092, 0.0001588117447681725, 0.000193652231246233, 0.0003082428011111915, 5.984959352645092e-05, 5.51692683075089e-05, 0.0001445013185730204, 4.143438127357513e-05, 4.6963341446826234e-05, 0.00020244362531229854, 7.599607488373294e-05, 3.6388199077919126e-05, 4.079074278706685e-05, 2.5970362912630662e-05, 2.957199285447132e-05, 2.868628507712856e-05, 2.019884232140612e-05, 1.3659482647199184e-05, 2.2315041860565543e-05, 4.093747338629328e-05, 2.288057112309616e-05, 5.075087301520398e-06, 3.408023758311174e-06, 1.0127782843483146e-05, 4.92553135700291e-06, 3.3165329114126507e-06, 6.883301466587e-06, 2.0396470063133165e-05, 1.2341405636107083e-05, 1.387415159115335e-05, 8.911119948606938e-06, 4.9949744607147295e-06, 4.567604719341034e-06, 9.478436027166026e-07, 7.029333914942981e-07, 4.0957863234325487e-07, 8.390255175072525e-07, 7.661897143407259e-07, 6.253608830775192e-07, 8.111003353405977e-07, 1.270441089218366e-06, 2.162887994927587e-06, 3.844611910608364e-06, 2.2639071630692342e-06, 1.4836049331279355e-06, 1.9176588921254734e-06, 2.711427896429086e-06, 1.8159223600378027e-06, 1.5491889371332945e-06, 1.352349272565334e-06, 4.538731900538551e-06, 1.093960690923268e-05, 9.140040674537886e-06, 6.290273631748278e-06, 9.70347991824383e-06, 8.818598871584982e-06, 1.02594440249959e-05, 3.917873982572928e-06, 2.7525345558387926e-06, 3.84564100386342e-06, 1.563303612783784e-06, 1.142331825576548e-06, 9.365003279526718e-07, 6.991479608586815e-07, 9.490283332524996e-07, 3.537194004366029e-07, 9.606084176994045e-07, 9.684632686912664e-07, 2.7351529752195347e-06, 1.8928818690255866e-06, 2.1376392851379933e-06, 1.716480142022192e-06, 9.390789728058735e-07, 1.3085062278150872e-07, 2.5355930688419903e-09, 9.914218751516657e-12, 9.640429947388451e-12, 9.415145746372033e-12, 9.216971803838181e-12, 9.05087289837514e-12, 8.916605301334535e-12, 8.809483524607753e-12, 8.731784392757014e-12, 8.683925974140028e-12], "lowlevel.mfcc.mean": [-691.4981689453125, 140.7679901123047, 18.52664566040039, 5.148728370666504, 7.725051403045654, -5.550580978393555, 19.481618881225586, -19.770578384399414, 8.807838439941406, 0.40668731927871704, 3.7594361305236816, 1.8712445497512817, -5.503110408782959], "lowlevel.spectral_contrast_coeffs.mean": [-0.6568338871002197, -0.663395881652832, -0.703676164150238, -0.7435093522071838, -0.7785295844078064, -0.7393000721931458], "lowlevel.spectral_contrast_coeffs.stdev": [0.07716165482997894, 0.08438672125339508, 0.08339586108922958, 0.07210894674062729, 0.05454485863447189, 0.049017105251550674], "lowlevel.spectral_contrast_valleys.mean": [-7.1973981857299805, -7.314792633056641, -8.086627960205078, -8.465829849243164, -8.528962135314941, -11.307040214538574], "lowlevel.spectral_contrast_valleys.stdev": [0.9412267804145813, 0.6045228242874146, 0.6110803484916687, 0.6033127903938293, 0.6791650652885437, 0.9030112624168396], "rhythm.beats_loudness_band_ratio.mean": [0.4495427906513214, 0.20134583115577698, 0.19924023747444153, 0.08644600957632065, 0.05190938711166382, 0.027276234701275826], "rhythm.beats_loudness_band_ratio.stdev": [0.24088464677333832, 0.16526690125465393, 0.17023752629756927, 0.11658410727977753, 0.09275148808956146, 0.03938363492488861], "tonal.hpcp.mean": [0.04690699651837349, 0.04191974923014641, 0.08936064690351486, 0.2637964189052582, 0.22648189961910248, 0.04557209834456444, 0.012245701625943184, 0.009299884550273418, 0.04172782972455025, 0.0859893336892128, 0.059512909501791, 0.02029717154800892, 0.026755332946777344, 0.025716491043567657, 0.06154908239841461, 0.17034348845481873, 0.17299321293830872, 0.13231302797794342, 0.1772899478673935, 0.11750885099172592, 0.030141834169626236, 0.024507636204361916, 0.029847869649529457, 0.17330817878246307, 0.38756129145622253, 0.25801295042037964, 0.057409126311540604, 0.08771437406539917, 0.06588301062583923, 0.024300305172801018, 0.04263830929994583, 0.039005015045404434, 0.04006573185324669, 0.076667420566082, 0.06064844876527786, 0.032746657729148865], "tonal.hpcp.stdev": [0.12708434462547302, 0.11894258111715317, 0.17412520945072174, 0.35434260964393616, 0.32165899872779846, 0.1411985456943512, 0.07055802643299103, 0.062387917190790176, 0.1271703541278839, 0.21270066499710083, 0.14747194945812225, 0.09341728687286377, 0.11304371058940887, 0.10018344223499298, 0.16416774690151215, 0.31223735213279724, 0.31674355268478394, 0.24079805612564087, 0.3287216126918793, 0.24032948911190033, 0.12614668905735016, 0.11169113963842392, 0.1331186443567276, 0.24148248136043549, 0.4117468297481537, 0.2908291816711426, 0.14467260241508484, 0.23666246235370636, 0.19322238862514496, 0.0931985080242157, 0.16028106212615967, 0.14372500777244568, 0.13414104282855988, 0.23233377933502197, 0.2000053972005844, 0.09899327903985977], "rhythm.beats_position": [0.6037188172340393, 1.2074376344680786, 1.8111563920974731, 2.4148752689361572, 3.0185940265655518, 3.6223127841949463, 4.249251842498779, 4.876190185546875, 5.503129005432129, 6.130067825317383, 6.757006645202637, 7.383945465087891, 8.022494316101074, 8.661043167114258, 9.287981986999512, 9.914920806884766, 10.54185962677002, 11.180407524108887, 11.80734634399414, 12.422675132751465, 13.049613952636719, 13.688162803649902, 14.326711654663086, 14.96526050567627, 15.592199325561523, 16.23074722290039, 16.85768699645996, 17.496234893798828, 18.1231746673584, 18.750112533569336, 19.388662338256836, 20.015600204467773, 20.642539978027344, 21.28108787536621, 21.91963768005371, 22.54657554626465, 23.173513412475586, 23.812063217163086, 24.439001083374023, 25.077550888061523, 25.70448875427246, 26.33142852783203, 26.95836639404297, 27.59691619873047, 28.235464096069336, 28.862403869628906, 29.489341735839844], "rhythm.bpm_histogram": [0.0, 0.0, 0.0, 0.0, 0.0, 0.0, 0.0, 0.0, 0.0, 0.0, 0.0, 0.0, 0.0, 0.0, 0.0, 0.0, 0.0, 0.0, 0.0, 0.0, 0.0, 0.0, 0.0, 0.0, 0.0, 0.0, 0.0, 0.0, 0.0, 0.0, 0.0, 0.0, 0.0, 0.0, 0.0, 0.0, 0.0, 0.0, 0.0, 0.0, 0.0, 0.0, 0.0, 0.0, 0.0, 0.0, 0.0, 0.0, 0.0, 0.0, 0.0, 0.0, 0.0, 0.0, 0.0, 0.0, 0.0, 0.0, 0.0, 0.0, 0.0, 0.0, 0.0, 0.0, 0.0, 0.0, 0.0, 0.0, 0.0, 0.0, 0.0, 0.0, 0.0, 0.0, 0.0, 0.0, 0.0, 0.0, 0.0, 0.0, 0.0, 0.0, 0.0, 0.0, 0.0, 0.0, 0.0, 0.0, 0.0, 0.0, 0.0, 0.0, 0.0, 0.0, 0.32608696818351746, 0.0, 0.54347825050354, 0.0, 0.021739130839705467, 0.10869564861059189, 0.0, 0.0, 0.0, 0.0, 0.0, 0.0, 0.0, 0.0, 0.0, 0.0, 0.0, 0.0, 0.0, 0.0, 0.0, 0.0, 0.0, 0.0, 0.0, 0.0, 0.0, 0.0, 0.0, 0.0, 0.0, 0.0, 0.0, 0.0, 0.0, 0.0, 0.0, 0.0, 0.0, 0.0, 0.0, 0.0, 0.0, 0.0, 0.0, 0.0, 0.0, 0.0, 0.0, 0.0, 0.0, 0.0, 0.0, 0.0, 0.0, 0.0, 0.0, 0.0, 0.0, 0.0, 0.0, 0.0, 0.0, 0.0, 0.0, 0.0, 0.0, 0.0, 0.0, 0.0, 0.0, 0.0, 0.0, 0.0, 0.0, 0.0, 0.0, 0.0, 0.0, 0.0, 0.0, 0.0, 0.0, 0.0, 0.0, 0.0, 0.0, 0.0, 0.0, 0.0, 0.0, 0.0, 0.0, 0.0, 0.0, 0.0, 0.0, 0.0, 0.0, 0.0, 0.0, 0.0, 0.0, 0.0, 0.0, 0.0, 0.0, 0.0, 0.0, 0.0, 0.0, 0.0, 0.0, 0.0, 0.0, 0.0, 0.0, 0.0, 0.0, 0.0, 0.0, 0.0, 0.0, 0.0, 0.0, 0.0, 0.0, 0.0, 0.0, 0.0, 0.0, 0.0, 0.0, 0.0, 0.0, 0.0, 0.0, 0.0, 0.0, 0.0, 0.0, 0.0, 0.0, 0.0, 0.0, 0.0, 0.0, 0.0, 0.0, 0.0, 0.0, 0.0, 0.0, 0.0, 0.0, 0.0], "tonal.chords_histogram": [51.543209075927734, 0.0, 12.037036895751953, 0.0, 0.0, 0.0, 0.0, 0.0, 0.0, 0.0, 0.0, 0.0, 0.0, 0.0, 0.0, 25.0, 0.0, 1.3888888359069824, 0.0, 2.777777671813965, 6.481481552124023, 0.0, 0.7716049551963806, 0.0], "tonal.thpcp": [1.0, 0.665734589099884, 0.1481291502714157, 0.22632387280464172, 0.1699937880039215, 0.0627005472779274, 0.11001694202423096, 0.10064218193292618, 0.10337908565998077, 0.19782011210918427, 0.156487375497818, 0.08449413627386093, 0.12103117257356644, 0.10816288739442825, 0.2305716574192047, 0.6806572675704956, 0.5843769907951355, 0.11758681386709213, 0.03159681335091591, 0.023995906114578247, 0.10766769200563431, 0.22187286615371704, 0.1535574197769165, 0.05237151309847832, 0.06903509795665741, 0.06635463982820511, 0.15881122648715973, 0.43952658772468567, 0.44636350870132446, 0.3413989841938019, 0.45745009183883667, 0.30320069193840027, 0.0777730792760849, 0.06323551386594772, 0.07701458036899567, 0.4471761882305145], "lowlevel.gfcc.cov": [[3844.461669921875, 174.6484832763672, -159.86715698242188, 204.80905151367188, 524.8980712890625, 207.9304962158203, 189.8109588623047, 438.0156555175781, 35.99557876586914, 52.2048454284668, 142.5966339111328, -115.54826354980469, 80.35501098632812], [174.6484832763672, 1319.5421142578125, 35.88813400268555, 241.8279571533203, 421.3353576660156, -10.887990951538086, 372.0799865722656, 8.264519691467285, 46.68995666503906, 11.983673095703125, 65.17101287841797, -138.0482635498047, 52.729881286621094], [-159.86715698242188, 35.88813400268555, 1054.21875, 390.18499755859375, 107.61670684814453, 336.30224609375, 144.8701629638672, 28.370906829833984, 195.9985809326172, -48.083702087402344, -83.10932159423828, 94.73661041259766, -175.09719848632812], [204.80905151367188, 241.8279571533203, 390.18499755859375, 491.74700927734375, 251.6272735595703, 96.76908111572266, 115.70348358154297, 82.87672424316406, 151.05206298828125, -38.7055778503418, -53.477596282958984, 20.31570816040039, -28.296031951904297], [524.8980712890625, 421.3353576660156, 107.61670684814453, 251.6272735595703, 497.5230407714844, 107.34808349609375, 167.68960571289062, 176.4114532470703, 102.67115020751953, 22.37660789489746, 36.00492858886719, -20.685779571533203, 65.97111511230469], [207.9304962158203, -10.887990951538086, 336.30224609375, 96.76908111572266, 107.34808349609375, 418.755615234375, 206.26123046875, 23.897926330566406, 53.43574142456055, 31.849132537841797, 25.037752151489258, -10.908364295959473, -77.6419677734375], [189.8109588623047, 372.0799865722656, 144.8701629638672, 115.70348358154297, 167.68960571289062, 206.26123046875, 346.11474609375, 57.64270782470703, 12.871210098266602, 26.4288387298584, 60.80878829956055, -48.033592224121094, -36.398902893066406], [438.0156555175781, 8.264519691467285, 28.370906829833984, 82.87672424316406, 176.4114532470703, 23.897926330566406, 57.64270782470703, 230.79673767089844, 54.13347244262695, -11.574846267700195, 24.556324005126953, 7.772581577301025, 35.479522705078125], [35.99557876586914, 46.68995666503906, 195.9985809326172, 151.05206298828125, 102.67115020751953, 53.43574142456055, 12.871210098266602, 54.13347244262695, 191.77992248535156, 17.663930892944336, -48.372127532958984, 22.367090225219727, 0.10084718465805054], [52.2048454284668, 11.983673095703125, -48.083702087402344, -38.7055778503418, 22.37660789489746, 31.849132537841797, 26.4288387298584, -11.574846267700195, 17.663930892944336, 116.2786636352539, 54.70494842529297, -6.5258564949035645, 9.162919044494629], [142.5966339111328, 65.17101287841797, -83.10932159423828, -53.477596282958984, 36.00492858886719, 25.037752151489258, 60.80878829956055, 24.556324005126953, -48.372127532958984, 54.70494842529297, 166.6033935546875, 22.72825813293457, 1.168396234512329], [-115.54826354980469, -138.0482635498047, 94.73661041259766, 20.31570816040039, -20.685779571533203, -10.908364295959473, -48.033592224121094, 7.772581577301025, 22.367090225219727, -6.5258564949035645, 22.72825813293457, 138.816162109375, 5.858136177062988], [80.35501098632812, 52.729881286621094, -175.09719848632812, -28.296031951904297, 65.97111511230469, -77.6419677734375, -36.398902893066406, 35.479522705078125, 0.10084718465805054, 9.162919044494629, 1.168396234512329, 5.858136177062988, 148.74951171875]], "lowlevel.gfcc.icov": [[0.0003899898147210479, -7.50044409869588e-06, 0.00015319268277380615, -0.00018742728570941836, -0.00013245393347460777, -0.0002997671836055815, 0.00022712901409249753, -0.0006605235976167023, 0.0001738026039674878, -0.00011051848559873179, -0.0001819215394789353, 0.00030688237166032195, 4.8093566874740645e-05], [-7.50044409869588e-06, 0.0026778411120176315, -0.0005561441066674888, 0.00016789083019830287, -0.0021694875322282314, 0.0024460377171635628, -0.003157292725518346, 0.0026216411497443914, -0.0009733751649037004, 0.0012636722531169653, -0.0013780463486909866, 0.0021202692296355963, -0.0008767594117671251], [0.00015319268277380615, -0.0005561441066674888, 0.002848216565325856, -0.0013394274283200502, 0.0005400446243584156, -0.002101131482049823, 0.0006297670188359916, -0.0006780619733035564, -0.000808637763839215, 0.0002946092572528869, 0.0010899120243266225, -0.002131324727088213, 0.0022496941965073347], [-0.00018742728570941836, 0.00016789083019830287, -0.0013394274283200502, 0.004772340413182974, -0.0020714865531772375, 0.0012547634541988373, -0.0011298151221126318, 0.0009407958132214844, -0.0018274728208780289, 0.0015223206719383597, 0.00047938208444975317, -0.00015454291133210063, 0.0003554589638952166], [-0.00013245393347460777, -0.0021694875322282314, 0.0005400446243584156, -0.0020714865531772375, 0.006512877065688372, -0.002406192710623145, 0.0016114775789901614, -0.003981283865869045, 0.00012387002061586827, -0.001572223613038659, 0.00019583100220188498, -0.0008299905457533896, -0.001590328523889184], [-0.0002997671836055815, 0.0024460377171635628, -0.002101131482049823, 0.0012547634541988373, -0.002406192710623145, 0.007185440510511398, -0.005120960995554924, 0.0030403982382267714, -0.0011824500979855657, 0.0002714627771638334, -0.0012028523487970233, 0.00210540066473186, -0.00018973949772771448], [0.00022712901409249753, -0.003157292725518346, 0.0006297670188359916, -0.0011298151221126318, 0.0016114775789901614, -0.005120960995554924, 0.009370450861752033, -0.003789622336626053, 0.002103019505739212, -0.0016374021070078015, -0.00026127471937797964, -0.00035705193295143545, 0.0014476535143330693], [-0.0006605235976167023, 0.0026216411497443914, -0.0006780619733035564, 0.0009407958132214844, -0.003981283865869045, 0.0030403982382267714, -0.003789622336626053, 0.010254167951643467, -0.00302902958355844, 0.003685608273372054, -0.0024739098735153675, 0.0012709079310297966, -0.0014677518047392368], [0.0001738026039674878, -0.0009733751649037004, -0.000808637763839215, -0.0018274728208780289, 0.00012387002061586827, -0.0011824500979855657, 0.002103019505739212, -0.00302902958355844, 0.010291644372045994, -0.0048790727742016315, 0.003895001718774438, -0.0017000566003844142, -0.00015345892461482435], [-0.00011051848559873179, 0.0012636722531169653, 0.0002946092572528869, 0.0015223206719383597, -0.001572223613038659, 0.0002714627771638334, -0.0016374021070078015, 0.003685608273372054, -0.0048790727742016315, 0.013701972551643848, -0.00561213493347168, 0.002149424981325865, -0.0010739474091678858], [-0.0001819215394789353, -0.0013780463486909866, 0.0010899120243266225, 0.00047938208444975317, 0.00019583100220188498, -0.0012028523487970233, -0.00026127471937797964, -0.0024739098735153675, 0.003895001718774438, -0.00561213493347168, 0.011667135171592236, -0.005248861853033304, 0.0022305091843008995], [0.00030688237166032195, 0.0021202692296355963, -0.002131324727088213, -0.00015454291133210063, -0.0008299905457533896, 0.00210540066473186, -0.00035705193295143545, 0.0012709079310297966, -0.0017000566003844142, 0.002149424981325865, -0.005248861853033304, 0.012250896543264389, -0.002951578702777624], [4.8093566874740645e-05, -0.0008767594117671251, 0.0022496941965073347, 0.0003554589638952166, -0.001590328523889184, -0.00018973949772771448, 0.0014476535143330693, -0.0014677518047392368, -0.00015345892461482435, -0.0010739474091678858, 0.0022305091843008995, -0.002951578702777624, 0.011198912747204304]], "lowlevel.mfcc.cov": [[3518.43896484375, 92.64022064208984, -471.5643310546875, 181.6090545654297, 342.9803161621094, -158.49481201171875, 445.8055114746094, 70.25360107421875, 192.02818298339844, 220.14146423339844, 63.61361312866211, -9.557958602905273, 165.42196655273438], [92.64022064208984, 1070.00439453125, -201.11862182617188, 279.1791687011719, 63.787498474121094, 91.99638366699219, 284.9125671386719, -8.96776008605957, 155.81478881835938, 19.42390251159668, 97.23645782470703, 51.604610443115234, -19.80156135559082], [-471.5643310546875, -201.11862182617188, 955.6679077148438, 56.26707458496094, 28.84469223022461, 374.8062438964844, -126.20191955566406, 297.8117370605469, -22.10076332092285, 63.80783462524414, 117.9262924194336, 41.37831115722656, -1.2059032917022705], [181.6090545654297, 279.1791687011719, 56.26707458496094, 488.45654296875, 213.5268096923828, 31.816680908203125, 24.859249114990234, 125.03703308105469, 161.80638122558594, 6.09306001663208, 12.236327171325684, 83.0829086303711, 28.402437210083008], [342.9803161621094, 63.787498474121094, 28.84469223022461, 213.5268096923828, 397.78106689453125, 8.003454208374023, 36.85588073730469, 113.74844360351562, 163.72438049316406, 43.73484802246094, -7.860815048217773, 67.80091857910156, 85.73992156982422], [-158.49481201171875, 91.99638366699219, 374.8062438964844, 31.816680908203125, 8.003454208374023, 455.6310729980469, 62.65359878540039, 158.4567413330078, 21.579957962036133, 115.24038696289062, 105.69125366210938, -10.936391830444336, 7.163603782653809], [445.8055114746094, 284.9125671386719, -126.20191955566406, 24.859249114990234, 36.85588073730469, 62.65359878540039, 430.4476318359375, 51.35053634643555, 26.04743003845215, 79.51378631591797, 94.60652923583984, 16.80274772644043, 39.85028839111328], [70.25360107421875, -8.96776008605957, 297.8117370605469, 125.03703308105469, 113.74844360351562, 158.4567413330078, 51.35053634643555, 298.3049621582031, 76.8403549194336, 53.035560607910156, 68.52544403076172, 43.54429244995117, 37.6778564453125], [192.02818298339844, 155.81478881835938, -22.10076332092285, 161.80638122558594, 163.72438049316406, 21.579957962036133, 26.04743003845215, 76.8403549194336, 260.19488525390625, 42.12682342529297, -5.066656589508057, 16.80311393737793, 28.953004837036133], [220.14146423339844, 19.42390251159668, 63.80783462524414, 6.09306001663208, 43.73484802246094, 115.24038696289062, 79.51378631591797, 53.035560607910156, 42.12682342529297, 210.56588745117188, 46.20486068725586, -26.73492431640625, 15.018479347229004], [63.61361312866211, 97.23645782470703, 117.9262924194336, 12.236327171325684, -7.860815048217773, 105.69125366210938, 94.60652923583984, 68.52544403076172, -5.066656589508057, 46.20486068725586, 157.3427734375, 26.662073135375977, 13.572093963623047], [-9.557958602905273, 51.604610443115234, 41.37831115722656, 83.0829086303711, 67.80091857910156, -10.936391830444336, 16.80274772644043, 43.54429244995117, 16.80311393737793, -26.73492431640625, 26.662073135375977, 158.23280334472656, 37.26342010498047], [165.42196655273438, -19.80156135559082, -1.2059032917022705, 28.402437210083008, 85.73992156982422, 7.163603782653809, 39.85028839111328, 37.6778564453125, 28.953004837036133, 15.018479347229004, 13.572093963623047, 37.26342010498047, 144.53457641601562]], "lowlevel.mfcc.icov": [[0.0004266450123395771, 0.0001500212529208511, 0.00019725642050616443, -0.0001385568466503173, -0.00021652356372214854, 0.0001849235559348017, -0.00035419504274614155, -6.915488484082744e-05, -6.912943354109302e-05, -0.0003208985726814717, -0.00021903876040596515, 0.0001940925430972129, -0.00018619091133587062], [0.0001500212529208511, 0.0018119121668860316, 0.00044672065996564925, -0.0010318390559405088, 0.00020411907462403178, -0.0005856549250893295, -0.0010525693651288748, 0.0007288536289706826, -0.0008272339473478496, 0.0003493183758109808, -0.000856945407576859, -0.0002133236121153459, 0.0005560573772527277], [0.00019725642050616443, 0.00044672065996564925, 0.0027098432183265686, -0.00017504312563687563, -0.0001291941589443013, -0.0014972786884754896, 0.0009480828884989023, -0.001865272643044591, 0.0005589431966654956, -5.3711624786956236e-05, -0.001067728386260569, -0.0003579508629627526, 0.00035430380376055837], [-0.0001385568466503173, -0.0010318390559405088, -0.00017504312563687563, 0.0037940158508718014, -0.0011406147386878729, 0.0001754007098497823, 0.0006571099511347711, -0.0010559753281995654, -0.0007131837774068117, 0.00024069186474662274, 0.0004551500314846635, -0.0009391032508574426, 0.000349462206941098], [-0.00021652356372214854, 0.00020411907462403178, -0.0001291941589443013, -0.0011406147386878729, 0.004769475199282169, 0.00018625904340296984, -7.155031198635697e-05, -0.0005670394166372716, -0.0017625043401494622, -0.0005115800886414945, 0.0009503698092885315, -0.0009971741819754243, -0.0015980948228389025], [0.0001849235559348017, -0.0005856549250893295, -0.0014972786884754896, 0.0001754007098497823, 0.00018625904340296984, 0.004464112687855959, -0.00038778851740062237, -0.0006353688659146428, -6.306271825451404e-05, -0.001544879749417305, -0.0007528617861680686, 0.0009104966884478927, -0.00038892796146683395], [-0.00035419504274614155, -0.0010525693651288748, 0.0009480828884989023, 0.0006571099511347711, -7.155031198635697e-05, -0.00038778851740062237, 0.004301800392568111, -0.0013254184741526842, 0.0007659718976356089, -0.0007366834324784577, -0.0013989530270919204, -0.00020412476442288607, -0.0005318290204741061], [-6.915488484082744e-05, 0.0007288536289706826, -0.001865272643044591, -0.0010559753281995654, -0.0005670394166372716, -0.0006353688659146428, -0.0013254184741526842, 0.007101330440491438, -0.0014353711158037186, 0.00022236422228161246, -0.0008561642607674003, -0.00041000370401889086, -0.0002964219602290541], [-6.912943354109302e-05, -0.0008272339473478496, 0.0005589431966654956, -0.0007131837774068117, -0.0017625043401494622, -6.306271825451404e-05, 0.0007659718976356089, -0.0014353711158037186, 0.006468102801591158, -0.0008779427735134959, 0.0006620731437578797, 0.0006372655625455081, -0.0001086702905013226], [-0.0003208985726814717, 0.0003493183758109808, -5.3711624786956236e-05, 0.00024069186474662274, -0.0005115800886414945, -0.001544879749417305, -0.0007366834324784577, 0.00022236422228161246, -0.0008779427735134959, 0.006767739541828632, -0.000944957893807441, 0.0012486629420891404, 0.00013202260015532374], [-0.00021903876040596515, -0.000856945407576859, -0.001067728386260569, 0.0004551500314846635, 0.0009503698092885315, -0.0007528617861680686, -0.0013989530270919204, -0.0008561642607674003, 0.0006620731437578797, -0.000944957893807441, 0.010114245116710663, -0.0015955710550770164, -0.00045543789747171104], [0.0001940925430972129, -0.0002133236121153459, -0.0003579508629627526, -0.0009391032508574426, -0.0009971741819754243, 0.0009104966884478927, -0.00020412476442288607, -0.00041000370401889086, 0.0006372655625455081, 0.0012486629420891404, -0.0015955710550770164, 0.008409944362938404, -0.0016360394656658173], [-0.00018619091133587062, 0.0005560573772527277, 0.00035430380376055837, 0.000349462206941098, -0.0015980948228389025, -0.00038892796146683395, -0.0005318290204741061, -0.0002964219602290541, -0.0001086702905013226, 0.00013202260015532374, -0.00045543789747171104, -0.0016360394656658173, 0.008806131780147552]], "metadata.audio_properties.analysis.downmix": "mix", "metadata.audio_properties.codec": "mp3", "metadata.audio_properties.md5_encoded": "c087688a283b0ac8613691a5abc6d204", "metadata.tags.file_name": "1183684178584277032.mp3", "metadata.version.essentia": "2.1-beta6-dev", "metadata.version.essentia_git_sha": "v2.1_beta5-1110-g77a6a954", "metadata.version.extractor": "music 2.0", "tonal.chords_key": "Bb", "tonal.chords_scale": "major", "tonal.key_edma.key": "Bb", "tonal.key_edma.scale": "major", "tonal.key_krumhansl.key": "Bb", "tonal.key_krumhansl.scale": "major", "tonal.key_temperley.key": "Bb", "tonal.key_temperley.scale": "major", "metadata.tags.encoding": ["Lavf58.45.100"]}, "essentia_models": [{"model_name": "genre_dortmund", "activations": {"alternative": "0.014123278", "blues": "0.014342634", "electronic": "0.0010111799", "folkcountry": "0.70911187", "funksoulrnb": "0.0049811895", "jazz": "0.1748313", "pop": "0.28726348", "raphiphop": "0.006456477", "rock": "0.005813515"}}, {"model_name": "genre_