{"song_id": "1183707954264932362", "download": "https://cdn.discordapp.com/attachments/1128313332273782784/1183707954264932362/chirp.mp4?ex=658950f0&amp", "lyrics": "\u0412 \u0441\u043e\u043b\u043d\u0435\u0447\u043d\u044b\u0439 \u0434\u0435\u043d\u044c \u044f \u043d\u0430 \u043f\u0440\u043e\u0433\u0443\u043b\u043a\u0443 \u0432\u044b\u0445\u043e\u0436\u0443,\n\u041d\u0435 \u0438\u0441\u043f\u044b\u0442\u044b\u0432\u0430\u044e \u0436\u0430\u0436\u0434\u044b, \u044f \u0437\u0430 \u0438\u043c\u0438\u0434\u0436\u0435\u043c \u0441\u043b\u0435\u0436\u0443.\n\u0418 \u043f\u043e\u0434\u0440\u0443\u0433\u0430 \u043c\u043e\u044f \u0444\u043e\u0440\u0443 \u0434\u0430\u0441\u0442 \u043b\u044e\u0431\u043e\u0439 \u043a\u0440\u0430\u0441\u043e\u0442\u043a\u0435,\n\u0415\u0451 \u0447\u0443\u0432\u0441\u0442\u0432\u0430 \u043a\u0440\u0435\u043f\u043a\u0438, \u043a\u0430\u043a \u043d\u0430\u0441\u0442\u043e\u044f\u0449\u0438\u0435 \u043a\u043e\u043b\u0433\u043e\u0442\u043a\u0438.", "style": ["Avril Ramona Lavigne </span><span>(Canadian singer</span><span>, songwriter and actress</span><span>)"], "essentia_features": {"lowlevel.average_loudness": 0.9855486154556274, "lowlevel.barkbands_crest.mean": 10.355568885803223, "lowlevel.barkbands_crest.stdev": 4.109107971191406, "lowlevel.barkbands_flatness_db.mean": 0.11922728270292282, "lowlevel.barkbands_flatness_db.stdev": 0.04487071931362152, "lowlevel.barkbands_kurtosis.mean": 2.036311388015747, "lowlevel.barkbands_kurtosis.stdev": 4.992098331451416, "lowlevel.barkbands_skewness.mean": 1.305132269859314, "lowlevel.barkbands_skewness.stdev": 1.1385557651519775, "lowlevel.barkbands_spread.mean": 38.09447479248047, "lowlevel.barkbands_spread.stdev": 18.545000076293945, "lowlevel.dissonance.mean": 0.4803856313228607, "lowlevel.dissonance.stdev": 0.023519737645983696, "lowlevel.dynamic_complexity": 1.3792243003845215, "lowlevel.erbbands_crest.mean": 7.046658992767334, "lowlevel.erbbands_crest.stdev": 3.431861639022827, "lowlevel.erbbands_flatness_db.mean": 0.13058698177337646, "lowlevel.erbbands_flatness_db.stdev": 0.038871437311172485, "lowlevel.erbbands_kurtosis.mean": 0.6059489846229553, "lowlevel.erbbands_kurtosis.stdev": 2.6177096366882324, "lowlevel.erbbands_skewness.mean": -0.4706767499446869, "lowlevel.erbbands_skewness.stdev": 0.824719250202179, "lowlevel.erbbands_spread.mean": 48.426605224609375, "lowlevel.erbbands_spread.stdev": 16.39374542236328, "lowlevel.hfc.mean": 33.000450134277344, "lowlevel.hfc.stdev": 19.982023239135742, "lowlevel.loudness_ebu128.integrated": -13.576526641845703, "lowlevel.loudness_ebu128.loudness_range": 0.8633260726928711, "lowlevel.loudness_ebu128.momentary.mean": -13.681026458740234, "lowlevel.loudness_ebu128.momentary.stdev": 1.0151441097259521, "lowlevel.loudness_ebu128.short_term.mean": -13.508845329284668, "lowlevel.loudness_ebu128.short_term.stdev": 0.32860293984413147, "lowlevel.melbands_crest.mean": 16.461685180664062, "lowlevel.melbands_crest.stdev": 4.9223246574401855, "lowlevel.melbands_flatness_db.mean": 0.1610022932291031, "lowlevel.melbands_flatness_db.stdev": 0.049661215394735336, "lowlevel.melbands_kurtosis.mean": 12.985258102416992, "lowlevel.melbands_kurtosis.stdev": 12.770301818847656, "lowlevel.melbands_skewness.mean": 3.0939784049987793, "lowlevel.melbands_skewness.stdev": 1.4272905588150024, "lowlevel.melbands_spread.mean": 36.39626693725586, "lowlevel.melbands_spread.stdev": 33.243988037109375, "lowlevel.pitch_salience.mean": 0.5550142526626587, "lowlevel.pitch_salience.stdev": 0.10959514230489731, "lowlevel.silence_rate_20dB.mean": 1.0, "lowlevel.silence_rate_20dB.stdev": 0.0, "lowlevel.silence_rate_30dB.mean": 1.0, "lowlevel.silence_rate_30dB.stdev": 0.0, "lowlevel.silence_rate_60dB.mean": 0.005565862637013197, "lowlevel.silence_rate_60dB.stdev": 0.07439690828323364, "lowlevel.spectral_centroid.mean": 2062.220703125, "lowlevel.spectral_centroid.stdev": 763.2141723632812, "lowlevel.spectral_complexity.mean": 30.400741577148438, "lowlevel.spectral_complexity.stdev": 10.493694305419922, "lowlevel.spectral_decrease.mean": -8.078233193486994e-09, "lowlevel.spectral_decrease.stdev": 5.924702950466099e-09, "lowlevel.spectral_energy.mean": 0.03348235785961151, "lowlevel.spectral_energy.stdev": 0.022931404411792755, "lowlevel.spectral_energyband_high.mean": 0.0024012436624616385, "lowlevel.spectral_energyband_high.stdev": 0.0025442212354391813, "lowlevel.spectral_energyband_low.mean": 0.014495552517473698, "lowlevel.spectral_energyband_low.stdev": 0.01878737099468708, "lowlevel.spectral_energyband_middle_high.mean": 0.005279489327222109, "lowlevel.spectral_energyband_middle_high.stdev": 0.003080126130953431, "lowlevel.spectral_energyband_middle_low.mean": 0.012000403366982937, "lowlevel.spectral_energyband_middle_low.stdev": 0.013489319942891598, "lowlevel.spectral_entropy.mean": 7.972901821136475, "lowlevel.spectral_entropy.stdev": 0.3422222137451172, "lowlevel.spectral_flux.mean": 0.11640381067991257, "lowlevel.spectral_flux.stdev": 0.05751786381006241, "lowlevel.spectral_kurtosis.mean": 2.67484712600708, "lowlevel.spectral_kurtosis.stdev": 1.371488332748413, "lowlevel.spectral_rms.mean": 0.0054330648854374886, "lowlevel.spectral_rms.stdev": 0.0017741300398483872, "lowlevel.spectral_rolloff.mean": 2554.579345703125, "lowlevel.spectral_rolloff.stdev": 2180.36376953125, "lowlevel.spectral_skewness.mean": 1.1610983610153198, "lowlevel.spectral_skewness.stdev": 0.2857780456542969, "lowlevel.spectral_spread.mean": 5158793.5, "lowlevel.spectral_spread.stdev": 1156835.875, "lowlevel.spectral_strongpeak.mean": 0.7104759216308594, "lowlevel.spectral_strongpeak.stdev": 0.7552846074104309, "lowlevel.zerocrossingrate.mean": 0.09111201018095016, "lowlevel.zerocrossingrate.stdev": 0.0504758320748806, "metadata.audio_properties.analysis.equal_loudness": 0.0, "metadata.audio_properties.analysis.length": 12.47997760772705, "metadata.audio_properties.analysis.sample_rate": 44100.0, "metadata.audio_properties.analysis.start_time": 0.0, "metadata.audio_properties.bit_rate": 119248.0, "metadata.audio_properties.length": 12.479999542236328, "metadata.audio_properties.lossless": 0.0, "metadata.audio_properties.number_channels": 1.0, "metadata.audio_properties.replay_gain": -12.568937301635742, "metadata.audio_properties.sample_rate": 48000.0, "rhythm.beats_count": 23.0, "rhythm.beats_loudness.mean": 0.04066607728600502, "rhythm.beats_loudness.stdev": 0.015228626318275928, "rhythm.bpm": 117.46099090576172, "rhythm.bpm_histogram_first_peak_bpm": 117.0, "rhythm.bpm_histogram_first_peak_weight": 0.11764711141586304, "rhythm.bpm_histogram_second_peak_bpm": 110.0, "rhythm.bpm_histogram_second_peak_spread": 0.3999999761581421, "rhythm.bpm_histogram_second_peak_weight": 0.13636364042758942, "rhythm.danceability": 1.5367296934127808, "rhythm.onset_rate": 4.562798023223877, "tonal.chords_changes_rate": 0.08518518507480621, "tonal.chords_number_rate": 0.029629629105329514, "tonal.chords_strength.mean": 0.5295575857162476, "tonal.chords_strength.stdev": 0.09829552471637726, "tonal.hpcp_crest.mean": 10.176584243774414, "tonal.hpcp_crest.stdev": 4.692664623260498, "tonal.hpcp_entropy.mean": 2.6161556243896484, "tonal.hpcp_entropy.stdev": 0.7335255742073059, "tonal.key_edma.strength": 0.7063316702842712, "tonal.key_krumhansl.strength": 0.7048687934875488, "tonal.key_temperley.strength": 0.7025154232978821, "tonal.tuning_diatonic_strength": 0.687633752822876, "tonal.tuning_equal_tempered_deviation": 0.21608179807662964, "tonal.tuning_frequency": 434.193115234375, "tonal.tuning_nontempered_energy_ratio": 0.8967018127441406, "lowlevel.barkbands.mean": [0.0010632441844791174, 0.007006593514233828, 0.005792285781353712, 0.001977667212486267, 0.005007622297853231, 0.001967052696272731, 0.0012084244517609477, 0.0012034166138619184, 0.0005371136940084398, 0.00030364279518835247, 0.00034601674997247756, 0.0004937246558256447, 0.0003745958674699068, 0.0002976199903059751, 0.0004031765856780112, 0.0008016653591766953, 0.0007076932233758271, 0.00041791214607656, 0.0006789500475861132, 0.0007701426511630416, 0.0005342923104763031, 0.0004737073613796383, 0.00038997665978968143, 0.00038217156543396413, 0.00024011028290260583, 0.00010344300972064957, 1.1141685263282852e-07], "lowlevel.barkbands.stdev": [0.0017202337039634585, 0.015213873237371445, 0.005129955243319273, 0.002171500353142619, 0.010536734946072102, 0.0033446350134909153, 0.0029619706328958273, 0.0030751025769859552, 0.001201176317408681, 0.0007581475074402988, 0.0008449914748780429, 0.0009647816768847406, 0.0005226733046583831, 0.00040945701766759157, 0.0004903343506157398, 0.0006851453799754381, 0.0004880942578893155, 0.00033221940975636244, 0.0006077433936297894, 0.0008241521427407861, 0.0005742487264797091, 0.0007369433878920972, 0.0005507266614586115, 0.0006564551731571555, 0.0003337134839966893, 0.00016055363812483847, 7.407417683680251e-07], "lowlevel.erbbands.mean": [0.2096361666917801, 1.5843462944030762, 6.359465599060059, 6.691802978515625, 16.59941291809082, 13.78515911102295, 6.795496940612793, 19.812416076660156, 22.6071834564209, 12.054010391235352, 29.38651466369629, 12.486654281616211, 10.501349449157715, 11.100163459777832, 15.360055923461914, 20.472793579101562, 18.211193084716797, 15.591595649719238, 18.02701187133789, 29.140213012695312, 47.332725524902344, 39.74557113647461, 24.518102645874023, 26.522899627685547, 42.6137809753418, 33.80818176269531, 23.415342330932617, 19.60780143737793, 18.1793155670166, 12.42355728149414, 11.080063819885254, 8.675287246704102, 6.0122456550598145, 3.013345241546631, 1.5696982145309448, 0.7236597537994385, 0.12929317355155945, 0.007419404108077288, 0.0002011187607422471, 5.612793393083848e-05], "lowlevel.erbbands.stdev": [0.44674327969551086, 3.4906435012817383, 6.421227931976318, 5.278401851654053, 32.37474822998047, 29.39626121520996, 11.174869537353516, 36.808265686035156, 48.31911087036133, 22.35662269592285, 70.96668243408203, 26.38250160217285, 17.988922119140625, 28.622220993041992, 33.09097671508789, 35.492835998535156, 23.488494873046875, 21.278078079223633, 20.790958404541016, 34.39310073852539, 36.65166091918945, 26.012659072875977, 17.279159545898438, 22.484758377075195, 44.09783172607422, 31.00531005859375, 22.21131134033203, 23.853778839111328, 28.8466854095459, 18.995399475097656, 15.740354537963867, 13.448601722717285, 11.144807815551758, 4.499736785888672, 2.1338284015655518, 0.963594377040863, 0.2718947231769562, 0.02679217793047428, 0.000491530925501138, 3.7331643397919834e-05], "lowlevel.gfcc.mean": [40.78579330444336, 55.04957580566406, -114.8303451538086, 59.55491256713867, -58.743282318115234, 19.162721633911133, -48.825965881347656, 14.710902214050293, -32.601932525634766, 4.603399276733398, -22.38640785217285, -2.0250391960144043, -14.842793464660645], "lowlevel.melbands.mean": [0.0019206658471375704, 0.002809851663187146, 0.0014514047652482986, 0.0012706120032817125, 0.00024965478223748505, 0.0004318716819398105, 0.00032329795067198575, 0.00015417512622661889, 0.00022377657296601683, 6.967860099393874e-05, 5.1436563808238134e-05, 4.313684985390864e-05, 4.959022408002056e-05, 5.213537588133477e-05, 5.088798570795916e-05, 3.5240936995251104e-05, 2.77803137578303e-05, 2.8224063498782925e-05, 2.9899649234721437e-05, 4.878954132436775e-05, 5.5966036597965285e-05, 4.385228021419607e-05, 2.7721385777113028e-05, 1.8038088455796242e-05, 2.0974805011064745e-05, 2.7878553737537004e-05, 3.480220038909465e-05, 1.900938332255464e-05, 1.4508647836919408e-05, 1.2994149983569514e-05, 1.0755021321529057e-05, 1.082338894775603e-05, 8.15275234344881e-06, 6.392624072759645e-06, 6.262499027798185e-06, 6.186024620546959e-06, 5.04042554894113e-06, 4.433069989318028e-06, 3.138767624477623e-06, 2.388820121268509e-06], "lowlevel.melbands.stdev": [0.004052289761602879, 0.00351406610570848, 0.0013731750659644604, 0.002667468972504139, 0.00040583492955192924, 0.0007507223053835332, 0.0006908784271217883, 0.0003418730921112001, 0.0005239429883658886, 0.00015315948985517025, 9.150728874374181e-05, 0.0001191401606774889, 0.00011529526091180742, 0.00011580787395359948, 7.385199569398537e-05, 5.3534458857029676e-05, 3.954991916543804e-05, 3.503985135466792e-05, 3.4974767913809046e-05, 5.206493005971424e-05, 4.4013202568748966e-05, 3.169414776493795e-05, 2.0441069864318706e-05, 1.4180994185153395e-05, 1.9089064153376967e-05, 2.7555261112865992e-05, 4.670261114370078e-05, 1.6875281289685518e-05, 1.3900287740398198e-05, 1.428016821591882e-05, 1.4394853678822983e-05, 1.7703308913041838e-05, 1.3127359125064686e-05, 9.94782749330625e-06, 9.0861840362777e-06, 9.390540071763098e-06, 8.388505193579476e-06, 8.672204785398208e-06, 5.334638899512356e-06, 3.477152404229855e-06], "lowlevel.melbands128.mean": [0.0007336309645324945, 0.0017402729718014598, 0.0022030072286725044, 0.002670738846063614, 0.0034463873598724604, 0.0025583261158317327, 0.0012560192262753844, 0.0010037471074610949, 0.001839627861045301, 0.0017926153959706426, 0.0005410393350757658, 0.00017321627819910645, 0.00016416066500823945, 0.0003203946107532829, 0.00046244796249084175, 0.0005042771808803082, 0.0003980671754106879, 0.00035219089477322996, 0.00014390288561116904, 6.750448665115982e-05, 0.0001743057946441695, 0.0003518332086969167, 0.00023182939912658185, 0.00011039243690902367, 6.886578194098547e-05, 5.0587826990522444e-05, 6.86424900777638e-05, 4.889817864750512e-05, 4.013802026747726e-05, 4.4588141463464126e-05, 4.0974391595227644e-05, 4.764249752042815e-05, 5.3923551604384556e-05, 4.77706162200775e-05, 4.562130925478414e-05, 5.708430762751959e-05, 5.590482032857835e-05, 5.643965050694533e-05, 4.3391068174969405e-05, 3.798509351327084e-05, 3.221204678993672e-05, 3.4004246117547154e-05, 2.5126233595074154e-05, 2.7217540264246054e-05, 2.6935267669614404e-05, 3.066785939154215e-05, 2.754409251792822e-05, 2.190064697060734e-05, 3.274950722698122e-05, 4.6588596887886524e-05, 4.2538566049188375e-05, 6.287125870585442e-05, 6.207317346706986e-05, 4.975040792487562e-05, 5.0083301175618544e-05, 4.706919935415499e-05, 3.509776433929801e-05, 3.0350371162057854e-05, 2.6277706638211384e-05, 2.0202574887662195e-05, 1.5867017282289453e-05, 1.6963656889856793e-05, 2.1408912289189175e-05, 2.1259287677821703e-05, 2.1803238269058056e-05, 2.781183684419375e-05, 3.1549338018521667e-05, 3.328502134536393e-05, 4.2159204895142466e-05, 2.7774078262154944e-05, 1.672379585215822e-05, 1.5792660633451305e-05, 1.4566710888175294e-05, 1.4215263945516199e-05, 1.457841517549241e-05, 1.3480484994943254e-05, 1.2342579793767072e-05, 1.1045296560041606e-05, 1.0720017598941922e-05, 9.947368198481854e-06, 1.132188754127128e-05, 1.1392298802093137e-05, 9.338320523966104e-06, 7.848548193578608e-06, 7.110802016541129e-06, 6.590023076569196e-06, 5.8551645452098455e-06, 6.552028480655281e-06, 5.8821847233048175e-06, 6.4442347138538025e-06, 6.883338755869772e-06, 6.197742095537251e-06, 4.974407602276187e-06, 5.202364718570607e-06, 4.90196453029057e-06, 4.4149560380901676e-06, 4.399444151204079e-06, 4.485546469368273e-06, 3.0911573958292138e-06, 2.5643953449616674e-06, 2.3176210106612416e-06, 2.5822212137427414e-06, 2.122986188624054e-06, 2.0635632154153427e-06, 1.5253305036821985e-06, 1.6266805005216156e-06, 1.6969164562397054e-06, 1.5452136494786828e-06, 1.3396544318311499e-06, 1.031751935443026e-06, 6.935291025911283e-07, 4.4523972064780537e-07, 3.521811038353917e-07, 2.4555208710808074e-07, 1.1197550264796519e-07, 4.456776636629911e-08, 4.87117635117329e-09, 7.677398994321294e-11, 4.1667446402937625e-12, 4.015143252600328e-12, 3.892409831951493e-12, 3.7980734009235295e-12, 3.704770865087248e-12, 3.6285351893289297e-12, 3.5465569283438247e-12, 3.4503415749509436e-12, 3.3923120389134365e-12, 3.3679792895563443e-12], "lowlevel.melbands128.stdev": [0.0014333786675706506, 0.0037671064492315054, 0.005662623792886734, 0.006169539876282215, 0.004155351780354977, 0.0022594735492020845, 0.0011172285303473473, 0.0012898450950160623, 0.003851159941405058, 0.004152429755777121, 0.001252026529982686, 0.00039370765443891287, 0.0003344101714901626, 0.0007382580661214888, 0.0010712407529354095, 0.0011214296100661159, 0.0008959269034676254, 0.0010715171229094267, 0.0004593161283992231, 0.00013615078933071345, 0.0006169500411488116, 0.0010194320930168033, 0.0007039793999865651, 0.00038040874642319977, 0.00021065234614070505, 0.00015444080054294318, 0.00016188365407288074, 9.857453551376238e-05, 0.00011184858885826543, 0.00020947548910044134, 0.00013571001181844622, 0.0001642177812755108, 0.0001768298534443602, 0.00013113005843479186, 0.00016920227790251374, 0.0001895533932838589, 0.00010449456749483943, 0.00012413421063683927, 6.794387445552275e-05, 7.243802247103304e-05, 6.725181447109208e-05, 7.296129479072988e-05, 4.116316995350644e-05, 4.957967030350119e-05, 4.5074666559230536e-05, 5.0325437769060954e-05, 4.1427592805121094e-05, 2.6137900931644253e-05, 5.178904393687844e-05, 8.269889804068953e-05, 5.572320151259191e-05, 8.024030830711126e-05, 6.111674883868545e-05, 5.185180634725839e-05, 5.1876442739740014e-05, 4.188364982837811e-05, 3.340171679155901e-05, 2.9457623895723373e-05, 2.7500653231982142e-05, 1.9247039745096117e-05, 1.4757528333575465e-05, 1.7238886357517913e-05, 2.3448070351150818e-05, 2.5060340703930706e-05, 2.3294362108572386e-05, 3.3489410270703956e-05, 4.3408330384409055e-05, 5.737763058277778e-05, 6.935663986951113e-05, 3.096310319961049e-05, 2.0917404981446452e-05, 1.591538057255093e-05, 1.516342945251381e-05, 1.5962907127686776e-05, 1.676920146564953e-05, 1.606069054105319e-05, 1.6616046195849776e-05, 1.4317845852929167e-05, 1.7265605492866598e-05, 1.4800758435740136e-05, 1.9384355255169794e-05, 2.048336318694055e-05, 1.6571128071518615e-05, 1.3425304132397287e-05, 1.2653185876843054e-05, 1.0711533832363784e-05, 9.98866198642645e-06, 1.0496239156054799e-05, 9.158184184343554e-06, 1.0179358469031285e-05, 1.0916015526163392e-05, 1.0238173672405537e-05, 8.412476745434105e-06, 8.70696658239467e-06, 9.902595593302976e-06, 9.34010404307628e-06, 9.210928510583472e-06, 9.247634807252325e-06, 5.392088041844545e-06, 4.566893039736897e-06, 3.835825282294536e-06, 3.9936571738508064e-06, 3.4809959288395476e-06, 3.444218918957631e-06, 2.4194166599045275e-06, 2.1888495211896952e-06, 2.397615389782004e-06, 2.1273556285450468e-06, 1.9872347820637515e-06, 1.5107272020031814e-06, 1.1692031876009423e-06, 1.0545753639235045e-06, 1.0227425946141011e-06, 7.462029429916583e-07, 4.803000024367066e-07, 3.6872376085739234e-07, 3.0623656499528806e-08, 5.805237957012821e-10, 5.884068406125653e-12, 5.687380687929844e-12, 5.525313279824973e-12, 5.3857591129913285e-12, 5.264650694558615e-12, 5.167362631536276e-12, 5.08337989757468e-12, 5.016137678837129e-12, 4.968112726766449e-12, 4.938653219016542e-12], "lowlevel.mfcc.mean": [-597.622802734375, 75.61538696289062, 4.5747456550598145, 36.47736358642578, 13.330541610717773, 6.115475177764893, 1.151311993598938, 1.7289074659347534, -0.2968079447746277, 0.0874563455581665, -6.650839328765869, 1.223510980606079, 2.7364540100097656], "lowlevel.spectral_contrast_coeffs.mean": [-0.6672729253768921, -0.7486586570739746, -0.805343747138977, -0.7947065830230713, -0.7959559559822083, -0.7513064742088318], "lowlevel.spectral_contrast_coeffs.stdev": [0.08341895788908005, 0.09704230725765228, 0.051991093903779984, 0.03941473364830017, 0.030799545347690582, 0.036938805133104324], "lowlevel.spectral_contrast_valleys.mean": [-6.745436191558838, -6.871133804321289, -7.294445514678955, -7.14555549621582, -6.659087181091309, -9.26987075805664], "lowlevel.spectral_contrast_valleys.stdev": [0.9832099080085754, 0.6682886481285095, 0.7345366477966309, 0.7764590382575989, 0.5933835506439209, 0.6617298722267151], "rhythm.beats_loudness_band_ratio.mean": [0.5615379810333252, 0.23695914447307587, 0.04837961122393608, 0.03493156284093857, 0.06094374880194664, 0.165640726685524], "rhythm.beats_loudness_band_ratio.stdev": [0.21880286931991577, 0.2497679591178894, 0.05798003077507019, 0.028165513649582863, 0.026814181357622147, 0.24739299714565277], "tonal.hpcp.mean": [0.3709038197994232, 0.3878609240055084, 0.15760938823223114, 0.05955389514565468, 0.04984108358621597, 0.05324035882949829, 0.10898269712924957, 0.1269966959953308, 0.07142221927642822, 0.03843493014574051, 0.03776929900050163, 0.050386518239974976, 0.0729212686419487, 0.0855180099606514, 0.08664936572313309, 0.11240871995687485, 0.14382362365722656, 0.12377310544252396, 0.08762722462415695, 0.07458541542291641, 0.07718291878700256, 0.14164140820503235, 0.1718582659959793, 0.1266189068555832, 0.08805734664201736, 0.06657020002603531, 0.06976143270730972, 0.09065283089876175, 0.10323671251535416, 0.10558393597602844, 0.13168784976005554, 0.15082962810993195, 0.145882248878479, 0.15025675296783447, 0.15820661187171936, 0.1885111778974533], "tonal.hpcp.stdev": [0.37617939710617065, 0.3935714662075043, 0.23347562551498413, 0.14731371402740479, 0.13901390135288239, 0.1360498070716858, 0.2516466975212097, 0.2616878151893616, 0.17620880901813507, 0.09883520007133484, 0.0863729789853096, 0.1032053679227829, 0.15090233087539673, 0.17355231940746307, 0.16350685060024261, 0.20366673171520233, 0.2290414273738861, 0.20923233032226562, 0.15058642625808716, 0.15074723958969116, 0.16339343786239624, 0.2467547357082367, 0.2817777693271637, 0.22112131118774414, 0.18917661905288696, 0.15171097218990326, 0.16202814877033234, 0.1898571103811264, 0.20794975757598877, 0.21366339921951294, 0.24896754324436188, 0.28153371810913086, 0.2683020532131195, 0.28307047486305237, 0.26447516679763794, 0.2898736298084259], "rhythm.beats_position": [0.5224489569664001, 1.0681178569793701, 1.6137868165969849, 2.1710658073425293, 2.7167346477508545, 3.250793695449829, 3.7616326808929443, 4.2724714279174805, 4.771700382232666, 5.294149398803711, 5.804988384246826, 6.315827369689941, 6.826666355133057, 7.337505340576172, 7.848344326019287, 8.359183311462402, 8.870022773742676, 9.380861282348633, 9.891700744628906, 10.402539253234863, 10.913378715515137, 11.424217224121094, 11.935056686401367], "rhythm.bpm_histogram": [0.0, 0.0, 0.0, 0.0, 0.0, 0.0, 0.0, 0.0, 0.0, 0.0, 0.0, 0.0, 0.0, 0.0, 0.0, 0.0, 0.0, 0.0, 0.0, 0.0, 0.0, 0.0, 0.0, 0.0, 0.0, 0.0, 0.0, 0.0, 0.0, 0.0, 0.0, 0.0, 0.0, 0.0, 0.0, 0.0, 0.0, 0.0, 0.0, 0.0, 0.0, 0.0, 0.0, 0.0, 0.0, 0.0, 0.0, 0.0, 0.0, 0.0, 0.0, 0.0, 0.0, 0.0, 0.0, 0.0, 0.0, 0.0, 0.0, 0.0, 0.0, 0.0, 0.0, 0.0, 0.0, 0.0, 0.0, 0.0, 0.0, 0.0, 0.0, 0.0, 0.0, 0.0, 0.0, 0.0, 0.0, 0.0, 0.0, 0.0, 0.0, 0.0, 0.0, 0.0, 0.0, 0.0, 0.0, 0.0, 0.0, 0.0, 0.0, 0.0, 0.0, 0.0, 0.0, 0.0, 0.0, 0.0, 0.0, 0.0, 0.0, 0.0, 0.0, 0.0, 0.0, 0.0, 0.0, 0.0, 0.04545454680919647, 0.0, 0.13636364042758942, 0.0, 0.04545454680919647, 0.0, 0.0, 0.04545454680919647, 0.0, 0.6818181872367859, 0.0, 0.0, 0.04545454680919647, 0.0, 0.0, 0.0, 0.0, 0.0, 0.0, 0.0, 0.0, 0.0, 0.0, 0.0, 0.0, 0.0, 0.0, 0.0, 0.0, 0.0, 0.0, 0.0, 0.0, 0.0, 0.0, 0.0, 0.0, 0.0, 0.0, 0.0, 0.0, 0.0, 0.0, 0.0, 0.0, 0.0, 0.0, 0.0, 0.0, 0.0, 0.0, 0.0, 0.0, 0.0, 0.0, 0.0, 0.0, 0.0, 0.0, 0.0, 0.0, 0.0, 0.0, 0.0, 0.0, 0.0, 0.0, 0.0, 0.0, 0.0, 0.0, 0.0, 0.0, 0.0, 0.0, 0.0, 0.0, 0.0, 0.0, 0.0, 0.0, 0.0, 0.0, 0.0, 0.0, 0.0, 0.0, 0.0, 0.0, 0.0, 0.0, 0.0, 0.0, 0.0, 0.0, 0.0, 0.0, 0.0, 0.0, 0.0, 0.0, 0.0, 0.0, 0.0, 0.0, 0.0, 0.0, 0.0, 0.0, 0.0, 0.0, 0.0, 0.0, 0.0, 0.0, 0.0, 0.0, 0.0, 0.0, 0.0, 0.0, 0.0, 0.0, 0.0, 0.0, 0.0, 0.0, 0.0, 0.0, 0.0, 0.0, 0.0, 0.0, 0.0, 0.0, 0.0, 0.0, 0.0, 0.0, 0.0, 0.0, 0.0], "tonal.chords_histogram": [17.037036895751953, 2.222222328186035, 51.85185241699219, 4.44444465637207, 0.37037035822868347, 9.259259223937988, 1.1111111640930176, 0.0, 0.0, 0.0, 0.0, 0.0, 0.0, 0.0, 0.0, 0.0, 0.0, 10.0, 0.0, 0.0, 0.0, 3.3333332538604736, 0.37037035822868347, 0.0], "tonal.thpcp": [1.0, 0.4063554108142853, 0.15354445576667786, 0.12850245833396912, 0.1372666209936142, 0.28098395466804504, 0.3274284303188324, 0.18414388597011566, 0.09909462183713913, 0.0973784551024437, 0.1299087256193161, 0.18800880014896393, 0.22048626840114594, 0.2234031856060028, 0.28981706500053406, 0.3708123564720154, 0.3191172480583191, 0.22592434287071228, 0.19229938089847565, 0.1989963799715042, 0.36518606543540955, 0.4430924952030182, 0.32645440101623535, 0.22703330218791962, 0.17163419723510742, 0.17986197769641876, 0.23372510075569153, 0.26616939902305603, 0.2722211182117462, 0.3395233750343323, 0.3888755440711975, 0.376120001077652, 0.38739854097366333, 0.40789520740509033, 0.4860277771949768, 0.9562804698944092], "lowlevel.gfcc.cov": [[2758.5166015625, 225.89488220214844, 39.170310974121094, 214.47012329101562, 391.8838195800781, 359.2666015625, 242.03294372558594, 85.45252990722656, 91.46134185791016, 209.5902099609375, -35.354278564453125, 102.09730529785156, -89.86800384521484], [225.89488220214844, 1001.1984252929688, -248.26437377929688, -232.18617248535156, 134.09971618652344, -72.9381103515625, 77.49372100830078, 2.4427313804626465, 35.24509811401367, 16.487979888916016, 57.20667266845703, -7.550041198730469, 61.661346435546875], [39.170310974121094, -248.26437377929688, 276.1077880859375, 80.7682876586914, 50.373233795166016, 64.72059631347656, -7.773697853088379, 30.846160888671875, -0.35233014822006226, 18.375240325927734, -19.93671417236328, 40.222694396972656, -4.439629077911377], [214.47012329101562, -232.18617248535156, 80.7682876586914, 348.37322998046875, 190.7733612060547, 130.26939392089844, 34.57879638671875, 14.913328170776367, 54.684810638427734, 47.96893310546875, -15.838704109191895, 42.76380920410156, 19.092479705810547], [391.8838195800781, 134.09971618652344, 50.373233795166016, 190.7733612060547, 466.2885437011719, 225.67251586914062, 143.08877563476562, 109.68505096435547, 79.89717102050781, 127.82487487792969, 15.010622024536133, 75.60213470458984, 8.671141624450684], [359.2666015625, -72.9381103515625, 64.72059631347656, 130.26939392089844, 225.67251586914062, 303.087158203125, 172.45802307128906, 88.90572357177734, 38.94503402709961, 69.58280944824219, 2.4732117652893066, 32.31237030029297, -17.255935668945312], [242.03294372558594, 77.49372100830078, -7.773697853088379, 34.57879638671875, 143.08877563476562, 172.45802307128906, 227.7080535888672, 116.01374053955078, 52.0463752746582, 63.17322540283203, 10.040607452392578, 21.588125228881836, -20.708717346191406], [85.45252990722656, 2.4427313804626465, 30.846160888671875, 14.913328170776367, 109.68505096435547, 88.90572357177734, 116.01374053955078, 159.67547607421875, 77.32034301757812, 67.16773986816406, 32.86001205444336, 14.024942398071289, -9.512053489685059], [91.46134185791016, 35.24509811401367, -0.35233014822006226, 54.684810638427734, 79.89717102050781, 38.94503402709961, 52.0463752746582, 77.32034301757812, 99.60716247558594, 67.91352844238281, 23.133960723876953, 13.492316246032715, -1.5181273221969604], [209.5902099609375, 16.487979888916016, 18.375240325927734, 47.96893310546875, 127.82487487792969, 69.58280944824219, 63.17322540283203, 67.16773986816406, 67.91352844238281, 123.38917541503906, 58.04441833496094, 37.707664489746094, -10.311943054199219], [-35.354278564453125, 57.20667266845703, -19.93671417236328, -15.838704109191895, 15.010622024536133, 2.4732117652893066, 10.040607452392578, 32.86001205444336, 23.133960723876953, 58.04441833496094, 103.31786346435547, 31.47753143310547, 21.660478591918945], [102.09730529785156, -7.550041198730469, 40.222694396972656, 42.76380920410156, 75.60213470458984, 32.31237030029297, 21.588125228881836, 14.024942398071289, 13.492316246032715, 37.707664489746094, 31.47753143310547, 76.94805908203125, 25.765445709228516], [-89.86800384521484, 61.661346435546875, -4.439629077911377, 19.092479705810547, 8.671141624450684, -17.255935668945312, -20.708717346191406, -9.512053489685059, -1.5181273221969604, -10.311943054199219, 21.660478591918945, 25.765445709228516, 65.8487777709961]], "lowlevel.gfcc.icov": [[0.0006769612664356828, -0.0007713355007581413, 0.00010405617649666965, -0.0008735594456084073, 0.0009092848631553352, -0.0009817449608817697, 0.0006797576206736267, -0.0007270014029927552, 0.0010922980727627873, -0.001792698516510427, 0.0015144264325499535, -0.0015084920451045036, 0.0014747594250366092], [-0.0007713355007581413, 0.004239183850586414, 0.0008735642186366022, 0.004556579515337944, -0.004652257543057203, 0.0029887217096984386, -0.0037655297201126814, 0.004842500668019056, -0.0051009696908295155, 0.004091331269592047, -0.0036070537753403187, 0.004064466338604689, -0.005254167132079601], [0.00010405617649666965, 0.0008735642186366022, 0.005945285782217979, -0.00011076174268964678, 0.0003149634867440909, -0.0013554379111155868, 0.0023582815192639828, -0.00290959095582366, 0.0019236697116866708, -0.0016806824132800102, 0.0030211799312382936, -0.003690609708428383, -8.693574636708945e-05], [-0.0008735594456084073, 0.004556579515337944, -0.00011076174268964678, 0.009907742962241173, -0.006333330646157265, 0.0015015449607744813, -0.0033788869623094797, 0.007737495470792055, -0.009381374344229698, 0.005036093294620514, -0.003063149517402053, 0.004086941946297884, -0.00707580242305994], [0.0009092848631553352, -0.004652257543057203, 0.0003149634867440909, -0.006333330646157265, 0.010659593157470226, -0.005796779878437519, 0.0049753570929169655, -0.00776958093047142, 0.0073007866740226746, -0.00970298983156681, 0.007786187808960676, -0.007356396876275539, 0.003940565511584282], [-0.0009817449608817697, 0.0029887217096984386, -0.0013554379111155868, 0.0015015449607744813, -0.005796779878437519, 0.011480770073831081, -0.008565785363316536, 0.003928143996745348, -0.0017946420703083277, 0.00400086073204875, -0.0047131688334047794, 0.005304655991494656, -0.002959852572530508], [0.0006797576206736267, -0.0037655297201126814, 0.0023582815192639828, -0.0033788869623094797, 0.0049753570929169655, -0.008565785363316536, 0.015919381752610207, -0.011556092649698257, 0.005851047113537788, -0.005445403512567282, 0.006590758450329304, -0.007346468511968851, 0.006018463056534529], [-0.0007270014029927552, 0.004842500668019056, -0.00290959095582366, 0.007737495470792055, -0.00776958093047142, 0.003928143996745348, -0.011556092649698257, 0.024136440828442574, -0.017649538815021515, 0.00789272878319025, -0.00977666862308979, 0.008503235876560211, -0.00534363416954875], [0.0010922980727627873, -0.0051009696908295155, 0.0019236697116866708, -0.009381374344229698, 0.0073007866740226746, -0.0017946420703083277, 0.005851047113537788, -0.017649538815021515, 0.03268269822001457, -0.0189698226749897, 0.010131852701306343, -0.004191855899989605, 0.003066182369366288], [-0.001792698516510427, 0.004091331269592047, -0.0016806824132800102, 0.005036093294620514, -0.00970298983156681, 0.00400086073204875, -0.005445403512567282, 0.00789272878319025, -0.0189698226749897, 0.03497792407870293, -0.01999683864414692, 0.0015184327494353056, 0.0049263895489275455], [0.0015144264325499535, -0.0036070537753403187, 0.0030211799312382936, -0.003063149517402053, 0.007786187808960676, -0.0047131688334047794, 0.006590758450329304, -0.00977666862308979, 0.010131852701306343, -0.01999683864414692, 0.026285922154784203, -0.009776603430509567, -0.002782692899927497], [-0.0015084920451045036, 0.004064466338604689, -0.003690609708428383, 0.004086941946297884, -0.007356396876275539, 0.005304655991494656, -0.007346468511968851, 0.008503235876560211, -0.004191855899989605, 0.0015184327494353056, -0.009776603430509567, 0.029284728690981865, -0.014123298227787018], [0.0014747594250366092, -0.005254167132079601, -8.693574636708945e-05, -0.00707580242305994, 0.003940565511584282, -0.002959852572530508, 0.006018463056534529, -0.00534363416954875, 0.003066182369366288, 0.0049263895489275455, -0.002782692899927497, -0.014123298227787018, 0.03127477690577507]], "lowlevel.mfcc.cov": [[2906.5576171875, 228.1903076171875, -140.5313262939453, 155.52317810058594, 177.7760772705078, 457.5828552246094, 213.99685668945312, 166.0349578857422, 157.50515747070312, 144.84490966796875, 260.5447998046875, 161.2054901123047, 36.76469421386719], [228.1903076171875, 1031.1229248046875, -306.4801025390625, -108.96514892578125, -20.87179946899414, -35.122257232666016, 51.710174560546875, -14.433271408081055, 21.666797637939453, 4.438666820526123, 38.58489227294922, 48.886695861816406, 63.571109771728516], [-140.5313262939453, -306.4801025390625, 262.4321594238281, -17.58472442626953, -36.742671966552734, -35.47447967529297, -46.3487434387207, -11.580033302307129, -31.83646011352539, -25.534379959106445, -49.027252197265625, -32.0418701171875, -38.40241622924805], [155.52317810058594, -108.96514892578125, -17.58472442626953, 225.31051635742188, 130.02853393554688, 90.77582550048828, -1.0442817211151123, 25.471158981323242, 48.270870208740234, 18.325010299682617, 18.643775939941406, 1.629701852798462, 28.559110641479492], [177.7760772705078, -20.87179946899414, -36.742671966552734, 130.02853393554688, 279.4357604980469, 150.8772735595703, 76.71701049804688, 42.7464485168457, 65.7686767578125, 41.11937713623047, 47.4016227722168, 51.76740264892578, 23.505769729614258], [457.5828552246094, -35.122257232666016, -35.47447967529297, 90.77582550048828, 150.8772735595703, 289.9289855957031, 141.94508361816406, 93.99066162109375, 92.03561401367188, 52.00255584716797, 90.35955047607422, 59.167938232421875, -7.809920787811279], [213.99685668945312, 51.710174560546875, -46.3487434387207, -1.0442817211151123, 76.71701049804688, 141.94508361816406, 194.28260803222656, 100.70287322998047, 80.18488311767578, 60.84933090209961, 88.39735412597656, 71.8626937866211, 20.452054977416992], [166.0349578857422, -14.433271408081055, -11.580033302307129, 25.471158981323242, 42.7464485168457, 93.99066162109375, 100.70287322998047, 127.77362823486328, 92.26463317871094, 51.91217041015625, 57.85122299194336, 42.26163101196289, 3.050325632095337], [157.50515747070312, 21.666797637939453, -31.83646011352539, 48.270870208740234, 65.7686767578125, 92.03561401367188, 80.18488311767578, 92.26463317871094, 122.25204467773438, 73.56497192382812, 64.46207427978516, 43.48192596435547, 8.159330368041992], [144.84490966796875, 4.438666820526123, -25.534379959106445, 18.325010299682617, 41.11937713623047, 52.00255584716797, 60.84933090209961, 51.91217041015625, 73.56497192382812, 106.68341827392578, 81.21469116210938, 53.441043853759766, 23.021024703979492], [260.5447998046875, 38.58489227294922, -49.027252197265625, 18.643775939941406, 47.4016227722168, 90.35955047607422, 88.39735412597656, 57.85122299194336, 64.46207427978516, 81.21469116210938, 131.98155212402344, 83.39319610595703, 25.041309356689453], [161.2054901123047, 48.886695861816406, -32.0418701171875, 1.629701852798462, 51.76740264892578, 59.167938232421875, 71.8626937866211, 42.26163101196289, 43.48192596435547, 53.441043853759766, 83.39319610595703, 114.32201385498047, 52.72771453857422], [36.76469421386719, 63.571109771728516, -38.40241622924805, 28.559110641479492, 23.505769729614258, -7.809920787811279, 20.452054977416992, 3.050325632095337, 8.159330368041992, 23.021024703979492, 25.041309356689453, 52.72771453857422, 96.53329467773438]], "lowlevel.mfcc.icov": [[0.0005295762675814331, -0.0001967173593584448, -9.745371789904311e-05, -0.00020621594740077853, 0.00020349971600808203, -0.0008896022918634117, 0.0003598762268666178, -0.00031266786390915513, 0.00042506930185481906, -0.00018584236386232078, -0.0006371759227477014, -1.3111158295942005e-05, -5.695290747098625e-05], [-0.0001967173593584448, 0.001871264772489667, 0.0020303295459598303, 0.0013415495632216334, -0.00020603723532985896, 0.0005449872696772218, -0.0002348387788515538, 0.0008870601304806769, -0.0015878898557275534, 0.0011617813725024462, 5.632875399896875e-05, 5.520814738702029e-05, -0.0008182086166925728], [-9.745371789904311e-05, 0.0020303295459598303, 0.0067647891119122505, 0.001110236276872456, 9.139255416812375e-05, 0.0003367466269992292, 0.0005752994329668581, -0.0006936260615475476, 0.0002567861520219594, -0.00014246870705392212, 0.002196595538407564, -0.0013288637856021523, 0.0011360616190358996], [-0.00020621594740077853, 0.0013415495632216334, 0.001110236276872456, 0.009818010963499546, -0.0036022441927343607, -0.001997283659875393, 0.004074113443493843, -0.0004926249384880066, -0.003982201684266329, 0.002396226394921541, -0.002376984106376767, 0.004939022473990917, -0.00571594201028347], [0.00020349971600808203, -0.00020603723532985896, 9.139255416812375e-05, -0.0036022441927343607, 0.0069524976424872875, -0.002311979653313756, -0.0016300061251968145, 0.0020766877569258213, -0.0007618632516823709, -0.001173750963062048, 0.0023850523866713047, -0.0031928163953125477, 0.001029567327350378], [-0.0008896022918634117, 0.0005449872696772218, 0.0003367466269992292, -0.001997283659875393, -0.002311979653313756, 0.010088298469781876, -0.004997979383915663, 0.0002312506694579497, -0.0019288553157821298, 0.0024890820495784283, -0.0014668265357613564, -0.0010117501951754093, 0.0036380791570991278], [0.0003598762268666178, -0.0002348387788515538, 0.0005752994329668581, 0.004074113443493843, -0.0016300061251968145, -0.004997979383915663, 0.014705360867083073, -0.007695320528000593, 0.000890062830876559, -7.337900024140254e-05, -0.0034442157484591007, 0.0002876052458304912, -0.0031600806396454573], [-0.00031266786390915513, 0.0008870601304806769, -0.0006936260615475476, -0.0004926249384880066, 0.0020766877569258213, 0.0002312506694579497, -0.007695320528000593, 0.02388172410428524, -0.015673764050006866, 0.0031971943099051714, 0.00036421636468730867, -0.0014655449194833636, 0.0010618600063025951], [0.00042506930185481906, -0.0015878898557275534, 0.0002567861520219594, -0.003982201684266329, -0.0007618632516823709, -0.0019288553157821298, 0.000890062830876559, -0.015673764050006866, 0.030135245993733406, -0.013944197446107864, 0.0022255603689700365, -0.0013721117284148932, 0.0034506211522966623], [-0.00018584236386232078, 0.0011617813725024462, -0.00014246870705392212, 0.002396226394921541, -0.001173750963062048, 0.0024890820495784283, -7.337900024140254e-05, 0.0031971943099051714, -0.013944197446107864, 0.025975586846470833, -0.012716136872768402, 0.0020261663012206554, -0.0038822516798973083], [-0.0006371759227477014, 5.632875399896875e-05, 0.002196595538407564, -0.002376984106376767, 0.0023850523866713047, -0.0014668265357613564, -0.0034442157484591007, 0.00036421636468730867, 0.0022255603689700365, -0.012716136872768402, 0.026435434818267822, -0.013276980258524418, 0.005040356423705816], [-1.3111158295942005e-05, 5.520814738702029e-05, -0.0013288637856021523, 0.004939022473990917, -0.0031928163953125477, -0.0010117501951754093, 0.0002876052458304912, -0.0014655449194833636, -0.0013721117284148932, 0.0020261663012206554, -0.013276980258524418, 0.025516659021377563, -0.012200848199427128], [-5.695290747098625e-05, -0.0008182086166925728, 0.0011360616190358996, -0.00571594201028347, 0.001029567327350378, 0.0036380791570991278, -0.0031600806396454573, 0.0010618600063025951, 0.0034506211522966623, -0.0038822516798973083, 0.005040356423705816, -0.012200848199427128, 0.01973314955830574]], "metadata.audio_properties.analysis.downmix": "mix", "metadata.audio_properties.codec": "mp3", "metadata.audio_properties.md5_encoded": "8bc7fc19bd9a594c6ce23a992d812ae9", "metadata.tags.file_name": "1183707954264932362.mp3", "metadata.version.essentia": "2.1-beta6-dev", "metadata.version.essentia_git_sha": "v2.1_beta5-1110-g77a6a954", "metadata.version.extractor": "music 2.0", "tonal.chords_key": "A", "tonal.chords_scale": "major", "tonal.key_edma.key": "D", "tonal.key_edma.scale": "major", "tonal.key_krumhansl.key": "D", "tonal.key_krumhansl.scale": "major", "tonal.key_temperley.key": "D", "tonal.key_temperley.scale": "major", "metadata.tags.encoding": ["Lavf58.45.100"]}, "essentia_models": [{"model_name": "genre_dortmund", "activations": {"alternative": "0.008400344", "blues": "8.438599e-05", "electronic": "8.4673724e-05", "folkcountry": "7.224352e-05", "funksoulrnb": "0.0005624456", "jazz": "0.00