{"song_id": "1183717865233334322", "download": "https://cdn.discordapp.com/attachments/1135903449314238464/1183717865233334322/chirp.mp4?ex=65895a2b&amp", "lyrics": "[verse]\nOle Terve, a friend so dear\nAlways filled with joy and cheer\nHis laughter brightens up the room\nSpreading love amid the gloom\n\n[chorus]\nOle Terve, shining light\nGuiding us through darkest night\nWith you, life feels so complete\nOle Terve, you can't be beat", "style": ["power metal"], "essentia_features": {"lowlevel.average_loudness": 0.9549858570098877, "lowlevel.barkbands_crest.mean": 15.947148323059082, "lowlevel.barkbands_crest.stdev": 6.2039642333984375, "lowlevel.barkbands_flatness_db.mean": 0.19524914026260376, "lowlevel.barkbands_flatness_db.stdev": 0.08740928024053574, "lowlevel.barkbands_kurtosis.mean": 43.54521179199219, "lowlevel.barkbands_kurtosis.stdev": 110.14888000488281, "lowlevel.barkbands_skewness.mean": 4.105965614318848, "lowlevel.barkbands_skewness.stdev": 4.481265068054199, "lowlevel.barkbands_spread.mean": 23.941980361938477, "lowlevel.barkbands_spread.stdev": 22.782835006713867, "lowlevel.dissonance.mean": 0.473488450050354, "lowlevel.dissonance.stdev": 0.021271074190735817, "lowlevel.dynamic_complexity": 3.87712025642395, "lowlevel.erbbands_crest.mean": 9.309946060180664, "lowlevel.erbbands_crest.stdev": 3.943211793899536, "lowlevel.erbbands_flatness_db.mean": 0.13397084176540375, "lowlevel.erbbands_flatness_db.stdev": 0.03871360421180725, "lowlevel.erbbands_kurtosis.mean": 0.8093186616897583, "lowlevel.erbbands_kurtosis.stdev": 3.4400596618652344, "lowlevel.erbbands_skewness.mean": 0.373838871717453, "lowlevel.erbbands_skewness.stdev": 1.1480515003204346, "lowlevel.erbbands_spread.mean": 67.33872985839844, "lowlevel.erbbands_spread.stdev": 36.68314743041992, "lowlevel.hfc.mean": 16.494361877441406, "lowlevel.hfc.stdev": 19.11358642578125, "lowlevel.loudness_ebu128.integrated": -14.4639253616333, "lowlevel.loudness_ebu128.loudness_range": 4.162306785583496, "lowlevel.loudness_ebu128.momentary.mean": -15.266079902648926, "lowlevel.loudness_ebu128.momentary.stdev": 2.9021224975585938, "lowlevel.loudness_ebu128.short_term.mean": -14.738338470458984, "lowlevel.loudness_ebu128.short_term.stdev": 1.467416763305664, "lowlevel.melbands_crest.mean": 21.079574584960938, "lowlevel.melbands_crest.stdev": 6.4096293449401855, "lowlevel.melbands_flatness_db.mean": 0.27332261204719543, "lowlevel.melbands_flatness_db.stdev": 0.11819365620613098, "lowlevel.melbands_kurtosis.mean": 116.2486801147461, "lowlevel.melbands_kurtosis.stdev": 198.0047149658203, "lowlevel.melbands_skewness.mean": 6.3524041175842285, "lowlevel.melbands_skewness.stdev": 4.801017761230469, "lowlevel.melbands_spread.mean": 19.50225067138672, "lowlevel.melbands_spread.stdev": 28.756633758544922, "lowlevel.pitch_salience.mean": 0.431391179561615, "lowlevel.pitch_salience.stdev": 0.18205223977565765, "lowlevel.silence_rate_20dB.mean": 0.9854401350021362, "lowlevel.silence_rate_20dB.stdev": 0.11978200823068619, "lowlevel.silence_rate_30dB.mean": 0.8173395395278931, "lowlevel.silence_rate_30dB.stdev": 0.38639113306999207, "lowlevel.silence_rate_60dB.mean": 0.14295168220996857, "lowlevel.silence_rate_60dB.stdev": 0.3500206172466278, "lowlevel.spectral_centroid.mean": 1031.741943359375, "lowlevel.spectral_centroid.stdev": 773.0850830078125, "lowlevel.spectral_complexity.mean": 9.601588249206543, "lowlevel.spectral_complexity.stdev": 8.219491958618164, "lowlevel.spectral_decrease.mean": -1.4674240489398471e-08, "lowlevel.spectral_decrease.stdev": 2.493965567396117e-08, "lowlevel.spectral_energy.mean": 0.05688009038567543, "lowlevel.spectral_energy.stdev": 0.09500054270029068, "lowlevel.spectral_energyband_high.mean": 0.0008506632293574512, "lowlevel.spectral_energyband_high.stdev": 0.0018811736954376101, "lowlevel.spectral_energyband_low.mean": 0.04654937982559204, "lowlevel.spectral_energyband_low.stdev": 0.09299083799123764, "lowlevel.spectral_energyband_middle_high.mean": 0.00148707942571491, "lowlevel.spectral_energyband_middle_high.stdev": 0.0018469169735908508, "lowlevel.spectral_energyband_middle_low.mean": 0.010145245119929314, "lowlevel.spectral_energyband_middle_low.stdev": 0.01990479789674282, "lowlevel.spectral_entropy.mean": 7.574285984039307, "lowlevel.spectral_entropy.stdev": 0.5299375653266907, "lowlevel.spectral_flux.mean": 0.13103681802749634, "lowlevel.spectral_flux.stdev": 0.14567352831363678, "lowlevel.spectral_kurtosis.mean": 3.736879348754883, "lowlevel.spectral_kurtosis.stdev": 3.2899818420410156, "lowlevel.spectral_rms.mean": 0.00562012754380703, "lowlevel.spectral_rms.stdev": 0.004889477044343948, "lowlevel.spectral_rolloff.mean": 1901.97705078125, "lowlevel.spectral_rolloff.stdev": 3057.475830078125, "lowlevel.spectral_skewness.mean": 1.6516494750976562, "lowlevel.spectral_skewness.stdev": 0.599330484867096, "lowlevel.spectral_spread.mean": 7390181.5, "lowlevel.spectral_spread.stdev": 3161809.5, "lowlevel.spectral_strongpeak.mean": 0.5628646612167358, "lowlevel.spectral_strongpeak.stdev": 0.541371762752533, "lowlevel.zerocrossingrate.mean": 0.07344286143779755, "lowlevel.zerocrossingrate.stdev": 0.06840073317289352, "metadata.audio_properties.analysis.equal_loudness": 0.0, "metadata.audio_properties.analysis.length": 35.0506591796875, "metadata.audio_properties.analysis.sample_rate": 44100.0, "metadata.audio_properties.analysis.start_time": 0.0, "metadata.audio_properties.bit_rate": 121970.0, "metadata.audio_properties.length": 35.05066680908203, "metadata.audio_properties.lossless": 0.0, "metadata.audio_properties.number_channels": 1.0, "metadata.audio_properties.replay_gain": -11.117073059082031, "metadata.audio_properties.sample_rate": 48000.0, "rhythm.beats_count": 63.0, "rhythm.beats_loudness.mean": 0.11052092909812927, "rhythm.beats_loudness.stdev": 0.10922522842884064, "rhythm.bpm": 109.74952697753906, "rhythm.bpm_histogram_first_peak_bpm": 110.0, "rhythm.bpm_histogram_first_peak_weight": 0.3870967626571655, "rhythm.bpm_histogram_second_peak_bpm": 0.0, "rhythm.bpm_histogram_second_peak_spread": 0.0, "rhythm.bpm_histogram_second_peak_weight": 0.0, "rhythm.danceability": 1.6231869459152222, "rhythm.onset_rate": 4.9609761238098145, "tonal.chords_changes_rate": 0.050264548510313034, "tonal.chords_number_rate": 0.006613756529986858, "tonal.chords_strength.mean": 0.6092775464057922, "tonal.chords_strength.stdev": 0.08004812151193619, "tonal.hpcp_crest.mean": 11.441187858581543, "tonal.hpcp_crest.stdev": 5.644720077514648, "tonal.hpcp_entropy.mean": 2.450176477432251, "tonal.hpcp_entropy.stdev": 0.7807455658912659, "tonal.key_edma.strength": 0.5472722053527832, "tonal.key_krumhansl.strength": 0.5709250569343567, "tonal.key_temperley.strength": 0.5777879953384399, "tonal.tuning_diatonic_strength": 0.5470106601715088, "tonal.tuning_equal_tempered_deviation": 0.13918203115463257, "tonal.tuning_frequency": 440.2542419433594, "tonal.tuning_nontempered_energy_ratio": 0.7717390656471252, "lowlevel.barkbands.mean": [0.0003287272702436894, 0.03519307076931, 0.008888641372323036, 0.004273345693945885, 0.004434722475707531, 0.0006606057286262512, 0.0003782073617912829, 0.0002375509066041559, 0.00013530926662497222, 7.375681161647663e-05, 8.360832725884393e-05, 0.0001062260998878628, 0.00016001411131583154, 0.00021312557510100305, 0.00012130095274187624, 0.00011887661094078794, 0.0002395876363152638, 0.00023261118622031063, 0.00010458275937708095, 9.388471517013386e-05, 8.3636783529073e-05, 6.315758218988776e-05, 0.00010449288674863055, 0.00019086060638073832, 0.00021086334891151637, 0.0001401996851200238, 9.089606464840472e-06], "lowlevel.barkbands.stdev": [0.0006580461631529033, 0.07851657271385193, 0.027572941035032272, 0.0118395471945405, 0.00798405148088932, 0.0014027374563738704, 0.0007483240333385766, 0.0005077866371721029, 0.00029832948348484933, 0.00018203289073426276, 0.0001695191313046962, 0.0002565652539487928, 0.0003658837522380054, 0.0004817467706743628, 0.0002576429396867752, 0.0002649025700520724, 0.00045340537326410413, 0.0004459765332285315, 0.0002937374811153859, 0.0003497678553685546, 0.0002894176577683538, 0.0001878593466244638, 0.00031838082941249013, 0.0006595090962946415, 0.0003655071195680648, 0.0002240545436507091, 2.772095103864558e-05], "lowlevel.erbbands.mean": [0.7720319628715515, 8.578554153442383, 12.817803382873535, 12.375116348266602, 16.296316146850586, 14.497993469238281, 5.946765422821045, 5.733631134033203, 4.80203104019165, 7.25465726852417, 4.12465238571167, 3.1783154010772705, 2.4875648021698, 2.5051777362823486, 4.0097270011901855, 4.510340690612793, 7.088903427124023, 11.092389106750488, 8.38808822631836, 5.186580181121826, 7.774841785430908, 14.71469497680664, 14.183025360107422, 6.188133239746094, 4.995675086975098, 4.424350738525391, 3.934433937072754, 2.8222532272338867, 2.2519164085388184, 2.4114062786102295, 3.1062123775482178, 3.7585275173187256, 3.2238802909851074, 2.3368546962738037, 1.4891741275787354, 0.7180215120315552, 0.2336350679397583, 0.038206957280635834, 0.001098817796446383, 9.36452197493054e-05], "lowlevel.erbbands.stdev": [1.5110540390014648, 20.13226890563965, 33.659671783447266, 35.67932891845703, 37.45293045043945, 22.85651397705078, 12.413244247436523, 11.9961576461792, 10.442381858825684, 14.046908378601074, 9.12217903137207, 6.780263900756836, 6.321993827819824, 5.38653039932251, 8.04610538482666, 10.715502738952637, 16.043996810913086, 24.021339416503906, 16.8602294921875, 10.589227676391602, 16.263654708862305, 27.727914810180664, 26.382667541503906, 15.725581169128418, 12.532498359680176, 16.689708709716797, 14.3511381149292, 9.883138656616211, 6.793406963348389, 6.661860466003418, 9.873562812805176, 13.761938095092773, 10.318269729614258, 4.642495632171631, 2.377854108810425, 1.1261663436889648, 0.3941466212272644, 0.08076261729001999, 0.002805498894304037, 0.00013148627476766706], "lowlevel.gfcc.mean": [-43.012882232666016, 57.10099411010742, -73.86698913574219, 35.19190979003906, -44.42179870605469, 20.07168960571289, -62.4101448059082, 10.146278381347656, -36.81964111328125, -3.919233798980713, -18.256046295166016, 0.7000694274902344, -16.760746002197266], "lowlevel.melbands.mean": [0.008695922791957855, 0.008376644924283028, 0.002286666538566351, 0.001154742087237537, 0.00027316779596731067, 0.00012613387661986053, 7.484149682568386e-05, 7.455590821336955e-05, 3.0573588446713984e-05, 1.9021232219529338e-05, 1.202121620735852e-05, 9.682445124781225e-06, 1.237394826603122e-05, 1.2722028259304352e-05, 1.117935789807234e-05, 1.8480001017451286e-05, 2.084210245811846e-05, 1.4279817150963936e-05, 8.033838639676105e-06, 6.571331141458359e-06, 9.367337042931467e-06, 1.3916041098127607e-05, 1.830925975809805e-05, 8.223295481002424e-06, 4.607240043696947e-06, 3.856445800920483e-06, 3.2892180570343044e-06, 2.8403726446413202e-06, 2.507169938326115e-06, 2.102794269376318e-06, 1.4918435908839456e-06, 1.277212845707254e-06, 1.187023826787481e-06, 1.401573172188364e-06, 1.6455220475108945e-06, 2.19229923459352e-06, 2.3744648842694005e-06, 2.4137300442816922e-06, 1.9339909158588853e-06, 1.994521653614356e-06], "lowlevel.melbands.stdev": [0.018491733819246292, 0.019186949357390404, 0.005963512696325779, 0.002021486172452569, 0.000532206438947469, 0.0002636325953062624, 0.0001553651673020795, 0.00014419291983358562, 6.849922647234052e-05, 4.2141418816754594e-05, 3.150970587739721e-05, 2.1859839762328193e-05, 2.446391954435967e-05, 2.8656979338848032e-05, 2.936089367722161e-05, 4.337813152233139e-05, 4.689311026595533e-05, 3.135771839879453e-05, 1.7738944734446704e-05, 1.522562979516806e-05, 2.0625473553081974e-05, 2.8460510293371044e-05, 3.6037734389537945e-05, 1.542034442536533e-05, 1.3447755009110551e-05, 1.0364784429839347e-05, 9.42673796089366e-06, 1.3116605259710923e-05, 1.0022184142144397e-05, 7.425912372127641e-06, 5.379962658480508e-06, 3.9050032683007885e-06, 3.532028358677053e-06, 3.961867605539737e-06, 5.123431947140489e-06, 8.435424206254538e-06, 8.607577001384925e-06, 8.406223059864715e-06, 5.131093530508224e-06, 3.6316437217465136e-06], "lowlevel.melbands128.mean": [0.00029374280711635947, 0.004327464383095503, 0.013535238802433014, 0.014713659882545471, 0.008299763314425945, 0.003901225980371237, 0.002424403792247176, 0.002115153009071946, 0.001569665502756834, 0.0013161685783416033, 0.0007532747695222497, 0.00033508596243336797, 0.00015516030543949455, 0.000159106552018784, 0.00013868679525330663, 0.00010945164103759453, 7.705008465563878e-05, 6.365642911987379e-05, 7.126777927624062e-05, 0.00010333593672839925, 6.207025580806658e-05, 3.2538187952013686e-05, 2.912369745899923e-05, 2.4339238734683022e-05, 2.1393223505583592e-05, 1.6410900570917875e-05, 1.4256589565775357e-05, 1.2123933629482053e-05, 9.346252227260265e-06, 9.796970516617876e-06, 9.466491064813454e-06, 9.944736120814923e-06, 1.2643256013689097e-05, 1.4573914995708037e-05, 1.2353344573057257e-05, 1.3331738955457695e-05, 1.1302115126454737e-05, 9.747266631165985e-06, 1.0816220310516655e-05, 1.6751613657106645e-05, 2.0976569430786185e-05, 1.9712448192876764e-05, 2.396427225903608e-05, 1.953344326466322e-05, 1.5884357708273456e-05, 1.4350248420669232e-05, 1.11017225208343e-05, 8.5275378296501e-06, 6.36553568256204e-06, 6.089933776820544e-06, 5.874625458091032e-06, 7.886260391387623e-06, 9.185879207507242e-06, 1.0410248250991572e-05, 9.066719940165058e-06, 1.5093854017322883e-05, 1.6463696738355793e-05, 1.9429231542744674e-05, 2.0785746528417803e-05, 1.226492258865619e-05, 7.222473868750967e-06, 5.366419372876408e-06, 4.910846200800734e-06, 4.399000317789614e-06, 4.048284154123394e-06, 4.119867753615836e-06, 3.461324467934901e-06, 3.3631547466939082e-06, 3.2483467293786816e-06, 3.3245473787246738e-06, 2.6116654225916136e-06, 2.834953875208157e-06, 2.6662753498385428e-06, 2.313646973561845e-06, 2.5308340809715446e-06, 2.288403265993111e-06, 1.8813919950844138e-06, 1.5458497273357352e-06, 1.4533643479808234e-06, 1.4056197414902272e-06, 1.3498831776814768e-06, 1.1856072887894697e-06, 1.2011319086013827e-06, 1.148560841102153e-06, 1.1805781241491786e-06, 1.379610012008925e-06, 1.428458972441149e-06, 1.5717643009338644e-06, 1.586794951435877e-06, 1.7396024531990406e-06, 2.0002551082143327e-06, 2.4924268018367e-06, 2.272594429086894e-06, 2.0868560568487737e-06, 2.553921376602375e-06, 2.972332595163607e-06, 2.1626460693369154e-06, 2.086531367240241e-06, 1.8053576695820084e-06, 1.990205873880768e-06, 1.9363169485586695e-06, 1.9620947568910196e-06, 2.1176595055294456e-06, 1.8757734778773738e-06, 1.7031514971677097e-06, 1.4673810255771969e-06, 1.4494083870886243e-06, 1.5304686939998646e-06, 1.2599610954566742e-06, 1.0132421266462188e-06, 9.677960406406783e-07, 8.185414799299906e-07, 7.597320745844627e-07, 6.044747919986548e-07, 4.821437755708757e-07, 3.892539268690598e-07, 2.585969411939004e-07, 1.2425711304331344e-07, 1.904208346559244e-08, 2.7866346383187413e-11, 2.204153005946896e-11, 1.1264867511018295e-11, 7.791199109485891e-12, 7.627220903472232e-12, 7.46582223126735e-12, 7.291608289383689e-12, 7.185125324576935e-12, 7.136586894357366e-12], "lowlevel.melbands128.stdev": [0.0006094117416068912, 0.008077304810285568, 0.03023073449730873, 0.03669889271259308, 0.021785633638501167, 0.012402238324284554, 0.007856662385165691, 0.005517474375665188, 0.004209473729133606, 0.0019138710340484977, 0.0013144948752596974, 0.0007908830302767456, 0.00039644003845751286, 0.00038588372990489006, 0.00032131504849530756, 0.0002500560076441616, 0.00018274597823619843, 0.00019636479555629194, 0.0001511043810751289, 0.0002318991464562714, 0.00014357425970956683, 9.111716644838452e-05, 8.216022251872346e-05, 5.796797267976217e-05, 4.943551903124899e-05, 4.499994247453287e-05, 4.115259798709303e-05, 3.27495472447481e-05, 2.820227382471785e-05, 2.4348853912670165e-05, 2.367693195992615e-05, 2.4275912437587976e-05, 2.689269786060322e-05, 3.821467180387117e-05, 3.155438753310591e-05, 3.7203801184659824e-05, 3.366979581187479e-05, 4.2681007471401244e-05, 2.783482887025457e-05, 5.273082933854312e-05, 5.93017612118274e-05, 5.393370520323515e-05, 6.529243546538055e-05, 5.704483191948384e-05, 5.003074329579249e-05, 3.7320769479265437e-05, 2.888400194933638e-05, 2.3967168090166524e-05, 1.8165199435316026e-05, 1.7979864423978142e-05, 1.5543635527137667e-05, 2.378661883994937e-05, 2.1046491383458488e-05, 2.9588267352664843e-05, 2.0371257051010616e-05, 4.0321534470422193e-05, 3.340693365316838e-05, 4.334773984737694e-05, 5.013484042137861e-05, 2.7258784029982053e-05, 1.5828671166673303e-05, 1.203716510644881e-05, 1.3276561730890535e-05, 1.7357018805341795e-05, 1.3804747140966356e-05, 1.2095288184355013e-05, 8.732958121981937e-06, 9.634631169319618e-06, 1.1472522601252422e-05, 1.1551473107829224e-05, 1.368060566164786e-05, 1.885176607174799e-05, 1.3556601516029332e-05, 8.626780072518159e-06, 1.0016846317739692e-05, 8.685739885549992e-06, 8.01387068349868e-06, 6.035566002537962e-06, 5.6443245739501435e-06, 4.934772277920274e-06, 4.396673375595128e-06, 3.593152314351755e-06, 4.02330988436006e-06, 3.776886387640843e-06, 3.4002662232524017e-06, 4.043992248625727e-06, 4.424578492034925e-06, 5.222227173362626e-06, 5.361710009310627e-06, 5.773890734417364e-06, 7.126990112737985e-06, 1.1054257811338175e-05, 9.401313036505599e-06, 7.5078914960613474e-06, 9.114792192121968e-06, 1.2251867701706942e-05, 7.347572591243079e-06, 6.4103060140041634e-06, 4.998948497814126e-06, 5.416829026216874e-06, 4.130417892156402e-06, 3.5203631796321133e-06, 3.900439878634643e-06, 3.473081733318395e-06, 2.923378360719653e-06, 2.6550767415756127e-06, 2.5000285859277938e-06, 2.438220008116332e-06, 2.224096988356905e-06, 1.90862601812114e-06, 2.0624395347113023e-06, 1.4368013125931611e-06, 1.4378412060978008e-06, 1.2638989801416756e-06, 1.0812144637384336e-06, 8.514275577908847e-07, 6.96489166784886e-07, 5.041584927312215e-07, 1.5670651976051886e-07, 4.3915648895165305e-10, 4.05188521623856e-10, 8.797097772461626e-11, 1.4170259583778932e-11, 1.389505090848564e-11, 1.366899562288415e-11, 1.3476778720766802e-11, 1.3345331784098136e-11, 1.3266953508006551e-11], "lowlevel.mfcc.mean": [-702.3549194335938, 98.6824722290039, 28.98895263671875, 19.760984420776367, 35.92695617675781, 1.7485698461532593, 1.9964934587478638, 2.434110164642334, -10.813173294067383, -6.7687602043151855, -4.055759429931641, -3.673682928085327, -8.272065162658691], "lowlevel.spectral_contrast_coeffs.mean": [-0.6222063899040222, -0.800386905670166, -0.8343621492385864, -0.8250170350074768, -0.7913151979446411, -0.820290207862854], "lowlevel.spectral_contrast_coeffs.stdev": [0.0961550772190094, 0.06403114646673203, 0.03952470049262047, 0.04957784339785576, 0.05925271287560463, 0.034808199852705], "lowlevel.spectral_contrast_valleys.mean": [-7.299436092376709, -7.531251430511475, -8.163183212280273, -8.095349311828613, -8.222856521606445, -10.050545692443848], "lowlevel.spectral_contrast_valleys.stdev": [1.3767173290252686, 0.9377081394195557, 0.821474015712738, 0.759707510471344, 0.8553973436355591, 0.8743711709976196], "rhythm.beats_loudness_band_ratio.mean": [0.6675483584403992, 0.17036031186580658, 0.036129213869571686, 0.032565902918577194, 0.046673305332660675, 0.09476716071367264], "rhythm.beats_loudness_band_ratio.stdev": [0.38126030564308167, 0.2094554901123047, 0.07706362754106522, 0.07433407008647919, 0.0785377025604248, 0.20949292182922363], "tonal.hpcp.mean": [0.532415509223938, 0.2856813371181488, 0.05988728627562523, 0.03651876747608185, 0.036562640219926834, 0.05918816477060318, 0.08482784032821655, 0.11007850617170334, 0.1467800885438919, 0.14378584921360016, 0.09695488959550858, 0.06558240205049515, 0.047567833214998245, 0.043553680181503296, 0.05277721583843231, 0.06579186767339706, 0.06627879291772842, 0.054713986814022064, 0.06606937199831009, 0.07708978652954102, 0.09426835179328918, 0.11257006227970123, 0.09776969999074936, 0.07348740100860596, 0.058077599853277206, 0.05868566781282425, 0.060087043792009354, 0.0659598633646965, 0.06731782108545303, 0.0639244094491005, 0.053182389587163925, 0.03290201351046562, 0.025222470983862877, 0.030144235119223595, 0.05390983819961548, 0.32029852271080017], "tonal.hpcp.stdev": [0.43845704197883606, 0.2874414920806885, 0.18238422274589539, 0.12669637799263, 0.12734295427799225, 0.17138710618019104, 0.20371873676776886, 0.24417054653167725, 0.28074342012405396, 0.2738412022590637, 0.21593768894672394, 0.19045022130012512, 0.1563865840435028, 0.1475532054901123, 0.16356594860553741, 0.1810676008462906, 0.19477789103984833, 0.16065631806850433, 0.1840967983007431, 0.202836275100708, 0.19251422584056854, 0.20118585228919983, 0.1849115788936615, 0.17033527791500092, 0.14762921631336212, 0.1554565280675888, 0.16447500884532928, 0.18995974957942963, 0.17225989699363708, 0.15100203454494476, 0.13876697421073914, 0.1028604805469513, 0.09058216959238052, 0.11006123572587967, 0.14357337355613708, 0.3097415864467621], "rhythm.beats_position": [0.5804988741874695, 1.1377778053283691, 1.695056676864624, 2.252335548400879, 2.798004388809204, 3.3436734676361084, 3.8893423080444336, 4.435011386871338, 4.980679988861084, 5.526349067687988, 6.083628177642822, 6.617686748504639, 7.174965858459473, 7.720634937286377, 8.266304016113281, 8.811972618103027, 9.357641220092773, 9.903310775756836, 10.448979377746582, 11.006258010864258, 11.54031753540039, 12.085986137390137, 12.631654739379883, 13.188934326171875, 13.722992897033691, 14.280271530151367, 14.8143310546875, 15.371609687805176, 15.917278289794922, 16.462947845458984, 17.008617401123047, 17.554285049438477, 18.08834457397461, 18.634014129638672, 19.1796817779541, 19.736961364746094, 20.282630920410156, 20.828298568725586, 21.37396812438965, 21.91963768005371, 22.46530532836914, 23.010974884033203, 23.568254470825195, 24.102312088012695, 24.659591674804688, 25.20526123046875, 25.75092887878418, 26.296598434448242, 26.842267990112305, 27.399545669555664, 27.933605194091797, 28.47927474975586, 29.01333236694336, 29.57061195373535, 30.127891540527344, 30.673559188842773, 31.207618713378906, 31.75328826904297, 32.29895782470703, 32.84462356567383, 33.39029312133789, 33.93596267700195, 34.481632232666016], "rhythm.bpm_histogram": [0.0, 0.0, 0.0, 0.0, 0.0, 0.0, 0.0, 0.0, 0.0, 0.0, 0.0, 0.0, 0.0, 0.0, 0.0, 0.0, 0.0, 0.0, 0.0, 0.0, 0.0, 0.0, 0.0, 0.0, 0.0, 0.0, 0.0, 0.0, 0.0, 0.0, 0.0, 0.0, 0.0, 0.0, 0.0, 0.0, 0.0, 0.0, 0.0, 0.0, 0.0, 0.0, 0.0, 0.0, 0.0, 0.0, 0.0, 0.0, 0.0, 0.0, 0.0, 0.0, 0.0, 0.0, 0.0, 0.0, 0.0, 0.0, 0.0, 0.0, 0.0, 0.0, 0.0, 0.0, 0.0, 0.0, 0.0, 0.0, 0.0, 0.0, 0.0, 0.0, 0.0, 0.0, 0.0, 0.0, 0.0, 0.0, 0.0, 0.0, 0.0, 0.0, 0.0, 0.0, 0.0, 0.0, 0.0, 0.0, 0.0, 0.0, 0.0, 0.0, 0.0, 0.0, 0.0, 0.0, 0.0, 0.0, 0.0, 0.0, 0.0, 0.0, 0.0, 0.0, 0.0, 0.0, 0.0, 0.0, 0.24193547666072845, 0.0, 0.6129032373428345, 0.0, 0.14516128599643707, 0.0, 0.0, 0.0, 0.0, 0.0, 0.0, 0.0, 0.0, 0.0, 0.0, 0.0, 0.0, 0.0, 0.0, 0.0, 0.0, 0.0, 0.0, 0.0, 0.0, 0.0, 0.0, 0.0, 0.0, 0.0, 0.0, 0.0, 0.0, 0.0, 0.0, 0.0, 0.0, 0.0, 0.0, 0.0, 0.0, 0.0, 0.0, 0.0, 0.0, 0.0, 0.0, 0.0, 0.0, 0.0, 0.0, 0.0, 0.0, 0.0, 0.0, 0.0, 0.0, 0.0, 0.0, 0.0, 0.0, 0.0, 0.0, 0.0, 0.0, 0.0, 0.0, 0.0, 0.0, 0.0, 0.0, 0.0, 0.0, 0.0, 0.0, 0.0, 0.0, 0.0, 0.0, 0.0, 0.0, 0.0, 0.0, 0.0, 0.0, 0.0, 0.0, 0.0, 0.0, 0.0, 0.0, 0.0, 0.0, 0.0, 0.0, 0.0, 0.0, 0.0, 0.0, 0.0, 0.0, 0.0, 0.0, 0.0, 0.0, 0.0, 0.0, 0.0, 0.0, 0.0, 0.0, 0.0, 0.0, 0.0, 0.0, 0.0, 0.0, 0.0, 0.0, 0.0, 0.0, 0.0, 0.0, 0.0, 0.0, 0.0, 0.0, 0.0, 0.0, 0.0, 0.0, 0.0, 0.0, 0.0, 0.0, 0.0, 0.0, 0.0, 0.0, 0.0, 0.0, 0.0], "tonal.chords_histogram": [29.894180297851562, 0.0, 0.0, 0.0, 0.0, 0.0, 0.26455026865005493, 3.174603223800659, 0.0, 3.4391534328460693, 0.0, 0.0, 0.0, 0.0, 0.0, 0.0, 0.13227513432502747, 0.0, 0.0, 0.0, 0.0, 0.0, 22.486772537231445, 40.60846710205078], "tonal.thpcp": [1.0, 0.5365759134292603, 0.1124822348356247, 0.06859073042869568, 0.06867313385009766, 0.11116912215948105, 0.15932638943195343, 0.20675300061702728, 0.2756870985031128, 0.27006322145462036, 0.18210379779338837, 0.12317898869514465, 0.08934344351291656, 0.08180392533540726, 0.0991278737783432, 0.12357240915298462, 0.12448696792125702, 0.10276557505130768, 0.12409362941980362, 0.14479252696037292, 0.17705786228179932, 0.21143272519111633, 0.1836342066526413, 0.1380264163017273, 0.10908322036266327, 0.11022531241178513, 0.11285742372274399, 0.12388794869184494, 0.12643849849700928, 0.12006489187479019, 0.0998888835310936, 0.061797622591257095, 0.047373659908771515, 0.05661787465214729, 0.10125520080327988, 0.6015950441360474], "lowlevel.gfcc.cov": [[5376.5771484375, -238.20069885253906, 407.2380065917969, 176.2887420654297, 173.72817993164062, -41.22727966308594, 83.10263061523438, 322.9677734375, 136.85299682617188, 301.95819091796875, 74.14879608154297, 0.3573319911956787, -305.7309265136719], [-238.20069885253906, 2127.394287109375, -36.35657501220703, 116.77863311767578, 419.2043762207031, 196.93789672851562, 329.7156677246094, 204.3272705078125, 389.5930480957031, -63.41416549682617, 325.6728210449219, -26.497867584228516, 149.6302490234375], [407.2380065917969, -36.35657501220703, 2020.283447265625, 387.0025634765625, 688.400146484375, 698.8557739257812, 756.4990844726562, 349.7259521484375, 243.88841247558594, 307.76995849609375, -61.06513214111328, 258.47137451171875, 137.80984497070312], [176.2887420654297, 116.77863311767578, 387.0025634765625, 815.9577026367188, 257.72259521484375, 267.283203125, 293.90032958984375, 125.76509857177734, 245.41537475585938, 123.22000885009766, 116.29637145996094, 62.591392517089844, 208.04739379882812], [173.72817993164062, 419.2043762207031, 688.400146484375, 257.72259521484375, 612.3421630859375, 355.10504150390625, 295.6180725097656, 242.9537811279297, 264.7297058105469, 119.80555725097656, 69.49961853027344, 104.22371673583984, 106.01762390136719], [-41.22727966308594, 196.93789672851562, 698.8557739257812, 267.283203125, 355.10504150390625, 464.81689453125, 406.77703857421875, 186.68638610839844, 183.20703125, 137.1719207763672, 46.237525939941406, 90.9345474243164, 124.45708465576172], [83.10263061523438, 329.7156677246094, 756.4990844726562, 293.90032958984375, 295.6180725097656, 406.77703857421875, 569.9078369140625, 185.8437042236328, 177.4314422607422, 145.92372131347656, 35.603824615478516, 109.38902282714844, 123.78629302978516], [322.9677734375, 204.3272705078125, 349.7259521484375, 125.76509857177734, 242.9537811279297, 186.68638610839844, 185.8437042236328, 250.35816955566406, 166.8885955810547, 79.14024353027344, 83.05834197998047, 59.58669662475586, 25.37057113647461], [136.85299682617188, 389.5930480957031, 243.88841247558594, 245.41537475585938, 264.7297058105469, 183.20703125, 177.4314422607422, 166.8885955810547, 256.8563537597656, 85.78892517089844, 106.29969787597656, 31.990638732910156, 86.7971420288086], [301.95819091796875, -63.41416549682617, 307.76995849609375, 123.22000885009766, 119.80555725097656, 137.1719207763672, 145.92372131347656, 79.14024353027344, 85.78892517089844, 146.146728515625, 16.073556900024414, 42.507728576660156, 18.501686096191406], [74.14879608154297, 325.6728210449219, -61.06513214111328, 116.29637145996094, 69.49961853027344, 46.237525939941406, 35.603824615478516, 83.05834197998047, 106.29969787597656, 16.073556900024414, 194.331787109375, 11.771232604980469, 21.064218521118164], [0.3573319911956787, -26.497867584228516, 258.47137451171875, 62.591392517089844, 104.22371673583984, 90.9345474243164, 109.38902282714844, 59.58669662475586, 31.990638732910156, 42.507728576660156, 11.771232604980469, 112.3217544555664, 43.606388092041016], [-305.7309265136719, 149.6302490234375, 137.80984497070312, 208.04739379882812, 106.01762390136719, 124.45708465576172, 123.78629302978516, 25.37057113647461, 86.7971420288086, 18.501686096191406, 21.064218521118164, 43.606388092041016, 153.17556762695312]], "lowlevel.gfcc.icov": [[0.00029827907565049827, -5.9145040722796693e-05, 6.763112310181896e-07, -0.000253583857556805, -4.5561268052551895e-05, 0.00029215760878287256, -1.9749195416807197e-06, -0.0004206188314128667, 0.00017110204498749226, -0.000663179496768862, 0.00013506028335541487, 2.5537219698890112e-05, 0.0008196643320843577], [-5.9145040722796693e-05, 0.0016150365117937326, 0.0001914142194436863, 0.0010590184247121215, -0.0010743832681328058, 0.0010676141828298569, -0.0020095009822398424, 0.0008966963505372405, -0.002062019659206271, 0.0021038881968706846, -0.0021502908784896135, 0.0014278552262112498, -0.0011511801276355982], [6.763112310181896e-07, 0.0001914142194436863, 0.00199748738668859, -9.628221596358344e-05, -0.0011444706469774246, -0.0008793800370767713, -0.0012563534546643496, -0.00040178842027671635, 0.0006128390086814761, -0.0009479994769208133, 0.0011355290189385414, -0.0015254794852808118, 0.0007818731828592718], [-0.000253583857556805, 0.0010590184247121215, -9.628221596358344e-05, 0.003302353899925947, -0.0005516520468518138, 0.0008041791152209044, -0.0015526299830526114, 0.0011490399483591318, -0.0023008265998214483, 0.0006797176320105791, -0.002340370789170265, 0.001616058056242764, -0.00406310660764575], [-4.5561268052551895e-05, -0.0010743832681328058, -0.0011444706469774246, -0.0005516520468518138, 0.00590771809220314, -0.002950954483821988, 0.0027846647426486015, -0.0011970264604315162, -0.002772086299955845, 0.0002835100458469242, 0.0019133297028020024, -0.002365570981055498, 0.0009410489583387971], [0.00029215760878287256, 0.0010676141828298569, -0.0008793800370767713, 0.0008041791152209044, -0.002950954483821988, 0.010378713719546795, -0.004948528483510017, -0.0010899387998506427, 0.0003589003754314035, -0.0012742847902700305, -0.002610645955428481, 0.0036501851864159107, -0.003701243782415986], [-1.9749195416807197e-06, -0.0020095009822398424, -0.0012563534546643496, -0.0015526299830526114, 0.0027846647426486015, -0.004948528483510017, 0.008373783901333809, -0.0015568479429930449, 0.001438975683413446, -0.002535892417654395, 0.0027267129626125097, -0.002609418472275138, 0.0006411052891053259], [-0.0004206188314128667, 0.0008966963505372405, -0.00040178842027671635, 0.0011490399483591318, -0.0011970264604315162, -0.0010899387998506427, -0.0015568479429930449, 0.01168929971754551, -0.0067639718763530254, 0.0029284581542015076, -0.0028764193411916494, -0.0020798612385988235, 0.002588219940662384], [0.00017110204498749226, -0.002062019659206271, 0.0006128390086814761, -0.0023008265998214483, -0.002772086299955845, 0.0003589003754314035, 0.001438975683413446, -0.0067639718763530254, 0.0181268323212862, -0.007416511420160532, -0.0005956358509138227, 0.002967020496726036, -0.0036245575174689293], [-0.000663179496768862, 0.0021038881968706846, -0.0009479994769208133, 0.0006797176320105791, 0.0002835100458469242, -0.0012742847902700305, -0.002535892417654395, 0.0029284581542015076, -0.007416511420160532, 0.017056649550795555, -0.0020433140452951193, -0.0007616924704052508, 0.0015944440383464098], [0.00013506028335541487, -0.0021502908784896135, 0.0011355290189385414, -0.002340370789170265, 0.0019133297028020024, -0.002610645955428481, 0.0027267129626125097, -0.0028764193411916494, -0.0005956358509138227, -0.0020433140452951193, 0.011464017443358898, -0.0043595777824521065, 0.0038459408096969128], [2.5537219698890112e-05, 0.0014278552262112498, -0.0015254794852808118, 0.001616058056242764, -0.002365570981055498, 0.0036501851864159107, -0.002609418472275138, -0.0020798612385988235, 0.002967020496726036, -0.0007616924704052508, -0.0043595777824521065, 0.01733921281993389, -0.006967565044760704], [0.0008196643320843577, -0.0011511801276355982, 0.0007818731828592718, -0.00406310660764575, 0.0009410489583387971, -0.003701243782415986, 0.0006411052891053259, 0.002588219940662384, -0.0036245575174689293, 0.0015944440383464098, 0.0038459408096969128, -0.006967565044760704, 0.018829312175512314]], "lowlevel.mfcc.cov": [[5265.8466796875, -251.91519165039062, -224.38204956054688, 224.52325439453125, -4.9159626960754395, -303.4831237792969, -90.95388793945312, -137.3178253173828, -116.5733871459961, 112.84359741210938, 243.98789978027344, 227.5866241455078, 65.78278350830078], [-251.91519165039062, 1789.7454833984375, 30.371858596801758, -61.76614761352539, 243.66885375976562, 73.92794799804688, 180.29421997070312, 307.57391357421875, 168.81007385253906, 124.44263458251953, 202.05715942382812, 135.6003875732422, 152.65042114257812], [-224.38204956054688, 30.371858596801758, 1092.32373046875, 303.2842102050781, 179.86778259277344, 503.790283203125, 427.43353271484375, 300.64691162109375, 433.5447998046875, 191.08865356445312, 137.0975799560547, 117.47787475585938, 211.43923950195312], [224.52325439453125, -61.76614761352539, 303.2842102050781, 496.180419921875, 171.80943298339844, 249.91421508789062, 124.55529022216797, 147.51797485351562, 197.16070556640625, 138.36599731445312, 37.54655075073242, 72.11255645751953, 142.9134063720703], [-4.9159626960754395, 243.66885375976562, 179.86778259277344, 171.80943298339844, 483.2098083496094, 132.4774169921875, 94.32731628417969, 174.62103271484375, 163.6177215576172, 152.87481689453125, 90.54792785644531, 85.45263671875, 120.65595245361328], [-303.4831237792969, 73.92794799804688, 503.790283203125, 249.91421508789062, 132.4774169921875, 484.9185485839844, 272.3354187011719, 190.7111358642578, 321.25067138671875, 145.38421630859375, 71.40889739990234, 56.502960205078125, 112.81085205078125], [-90.95388793945312, 180.29421997070312, 427.43353271484375, 124.55529022216797, 94.32731628417969, 272.3354187011719, 314.0941162109375, 210.162109375, 217.0528564453125, 116.69664764404297, 116.18258666992188, 86.46456146240234, 109.27984619140625], [-137.3178253173828, 307.57391357421875, 300.64691162109375, 147.51797485351562, 174.62103271484375, 190.7111358642578, 210.162109375, 280.43072509765625, 210.84649658203125, 119.61576843261719, 102.70219421386719, 82.63727569580078, 127.81945037841797], [-116.5733871459961, 168.81007385253906, 433.5447998046875, 197.16070556640625, 163.6177215576172, 321.25067138671875, 217.0528564453125, 210.84649658203125, 363.8578186035156, 162.8970947265625, 81.39507293701172, 55.36967468261719, 117.36119842529297], [112.84359741210938, 124.44263458251953, 191.08865356445312, 138.36599731445312, 152.87481689453125, 145.38421630859375, 116.69664764404297, 119.61576843261719, 162.8970947265625, 179.07073974609375, 100.54737854003906, 66.0072250366211, 71.78487396240234], [243.98789978027344, 202.05715942382812, 137.0975799560547, 37.54655075073242, 90.54792785644531, 71.40889739990234, 116.18258666992188, 102.70219421386719, 81.39507293701172, 100.54737854003906, 178.6197509765625, 94.89826202392578, 56.569881439208984], [227.5866241455078, 135.6003875732422, 117.47787475585938, 72.11255645751953, 85.45263671875, 56.502960205078125, 86.46456146240234, 82.63727569580078, 55.36967468261719, 66.0072250366211, 94.89826202392578, 122.88995361328125, 73.80989074707031], [65.78278350830078, 152.65042114257812, 211.43923950195312, 142.9134063720703, 120.65595245361328, 112.81085205078125, 109.27984619140625, 127.81945037841797, 117.36119842529297, 71.78487396240234, 56.569881439208984, 73.80989074707031, 149.3955535888672]], "lowlevel.mfcc.icov": [[0.0002726952079683542, 5.564310777117498e-05, 8.537848043488339e-05, -0.00026102151605300605, 6.808247417211533e-05, 0.00040659477235749364, -0.000133090463350527, 0.0004192816268187016, -0.0002513143699616194, -2.6460353183210827e-05, -0.00042184925405308604, -0.0004025796370115131, -0.0001026821046252735], [5.564310777117498e-05, 0.0008925225702114403, 0.00043594001908786595, 0.00046105473302304745, -8.883476402843371e-05, 8.43681573314825e-06, -1.2175855772511568e-05, -0.0008214643457904458, -0.0003145116497762501, 0.000124521175166592, -0.0005920304683968425, -0.000199404705199413, -0.0007074627792462707], [8.537848043488339e-05, 0.00043594001908786595, 0.002885596128180623, -6.825060700066388e-05, -4.002361492894124e-06, -0.0004243039875291288, -0.0024369526654481888, 0.0005678657907992601, -0.0017504533752799034, 0.0006784726865589619, -0.0003779189137276262, -0.00013698438124265522, -0.001621479052118957], [-0.00026102151605300605, 0.00046105473302304745, -6.825060700066388e-05, 0.004354963079094887, -0.0001375361462123692, -0.0021469509229063988, 0.001594002591446042, -0.0014378258492797613, 0.0007003340288065374, -0.0019578293431550264, 0.0015583919594064355, -0.0005061415140517056, -0.0025785695761442184], [6.808247417211533e-05, -8.883476402843371e-05, -4.002361492894124e-06, -0.0001375361462123692, 0.003450969932600856, -0.00016238146054092795, 0.0014408593997359276, -0.0014084288850426674, 6.057555947336368e-05, -0.002116167452186346, 6.779007526347414e-05, -0.0006459415308199823, -0.0010526975383982062], [0.00040659477235749364, 8.43681573314825e-06, -0.0004243039875291288, -0.0021469509229063988, -0.00016238146054092795, 0.008118812926113605, -0.004465664736926556, 0.002528333803638816, -0.004606003873050213, 0.00036957146949134767, 0.00012398388935253024, -0.00010403231863165274, 0.0010157470824196935], [-0.000133090463350527, -1.2175855772511568e-05, -0.0024369526654481888, 0.001594002591446042, 0.0014408593997359276, -0.004465664736926556, 0.01365785114467144, -0.006149851251393557, 0.0017760185291990638, -0.0008136594551615417, -0.0021183043718338013, -0.0015060961013659835, 1.684486232989002e-05], [0.0004192816268187016, -0.0008214643457904458, 0.0005678657907992601, -0.0014378258492797613, -0.0014084288850426674, 0.002528333803638816, -0.006149851251393557, 0.013093925081193447, -0.004005345515906811, 0.0007780931191518903, -0.0012065839255228639, -0.0001392544072587043, -0.002951287664473057], [-0.0002513143699616194, -0.0003145116497762501, -0.0017504533752799034, 0.0007003340288065374, 6.057555947336368e-05, -0.004606003873050213, 0.0017760185291990638, -0.004005345515906811, 0.011605210602283478, -0.005032659042626619, 0.0013001245679333806, 0.002418612129986286, -0.0005893861525692046], [-2.6460353183210827e-05, 0.000124521175166592, 0.0006784726865589619, -0.0019578293431550264, -0.002116167452186346, 0.00036957146949134767, -0.0008136594551615417, 0.0007780931191518903, -0.005032659042626619, 0.015273367054760456, -0.005580914672464132, -0.0005616145208477974, 0.001161888474598527], [-0.00042184925405308604, -0.0005920304683968425, -0.0003779189137276262, 0.0015583919594064355, 6.779007526347414e-05, 0.00012398388935253024, -0.0021183043718338013, -0.0012065839255228639, 0.0013001245679333806, -0.005580914672464132, 0.014296027831733227, -0.006622142158448696, 0.001786926295608282], [-0.0004025796370115131, -0.000199404705199413, -0.00013698438124265522, -0.0005061415140517056, -0.0006459415308199823, -0.00010403231863165274, -0.0015060961013659835, -0.0001392544072587043, 0.002418612129986286, -0.0005616145208477974, -0.006622142158448696, 0.018840910866856575, -0.005550962872803211], [-0.0001026821046252735, -0.0007074627792462707, -0.001621479052118957, -0.0025785695761442184, -0.0010526975383982062, 0.0010157470824196935, 1.684486232989002e-05, -0.002951287664473057, -0.0005893861525692046, 0.001161888474598527, 0.001786926295608282, -0.005550962872803211, 0.01678978092968464]], "metadata.audio_properties.analysis.downmix": "mix", "metadata.audio_properties.codec": "mp3", "metadata.audio_properties.md5_encoded": "46daa8fa2103329b8ffc6c3625868a45", "metadata.tags.file_name": "1183717865233334322.mp3", "metadata.version.essentia": "2.1-beta6-dev", "metadata.version.essentia_git_sha": "v2.1_beta5-1110-g77a6a954", "metadata.version.extractor": "music 2.0", "tonal.chords_key": "F", "tonal.chords_scale": "major", "tonal.key_edma.key": "A", "tonal.key_edma.scale": "minor", "tonal.key_krumhansl.key": "A", "tonal.key_krumhansl.scale": "minor", "tonal.key_temperley.key": "A", "tonal.key_temperley.scale": "minor", "metadata.tags.encoding": ["Lavf58.45.100"]}, "essentia_models": [{"model_name": "genre_dortmund", "activations": {"alternative": "0.012210148", "blues": "0.00