{"song_id": "1183714270953877574", "download": "https://cdn.discordapp.com/attachments/1135903449314238464/1183714270953877574/chirp.mp4?ex=658956d2&amp", "lyrics": "Sana, at thirteen, in Okinawa's embrace,\nShort black hair framing a gentle face.\nEyes that twinkle, like stars in the night,\nHer spirit blossoms, pure and bright.\n\nIn the land of cherry blossoms, she dreams,\nA world of possibilities, in gentle streams.\nWith laughter that echoes through the island breeze,\nSana dances through life with such ease.", "style": ["Calm"], "essentia_features": {"lowlevel.average_loudness": 0.9473690390586853, "lowlevel.barkbands_crest.mean": 17.576385498046875, "lowlevel.barkbands_crest.stdev": 5.706108570098877, "lowlevel.barkbands_flatness_db.mean": 0.4224448800086975, "lowlevel.barkbands_flatness_db.stdev": 0.09767451882362366, "lowlevel.barkbands_kurtosis.mean": 329.706787109375, "lowlevel.barkbands_kurtosis.stdev": 1040.579345703125, "lowlevel.barkbands_skewness.mean": 7.023480415344238, "lowlevel.barkbands_skewness.stdev": 13.661386489868164, "lowlevel.barkbands_spread.mean": 1.6510974168777466, "lowlevel.barkbands_spread.stdev": 2.394134759902954, "lowlevel.dissonance.mean": 0.28701525926589966, "lowlevel.dissonance.stdev": 0.07427401095628738, "lowlevel.dynamic_complexity": 1.719508171081543, "lowlevel.erbbands_crest.mean": 22.200054168701172, "lowlevel.erbbands_crest.stdev": 7.400058746337891, "lowlevel.erbbands_flatness_db.mean": 0.39740127325057983, "lowlevel.erbbands_flatness_db.stdev": 0.08791916072368622, "lowlevel.erbbands_kurtosis.mean": 47.37895965576172, "lowlevel.erbbands_kurtosis.stdev": 74.13095092773438, "lowlevel.erbbands_skewness.mean": 3.5622787475585938, "lowlevel.erbbands_skewness.stdev": 3.2222647666931152, "lowlevel.erbbands_spread.mean": 5.400373935699463, "lowlevel.erbbands_spread.stdev": 7.31496000289917, "lowlevel.hfc.mean": 9.11937141418457, "lowlevel.hfc.stdev": 5.6893391609191895, "lowlevel.loudness_ebu128.integrated": -19.95876121520996, "lowlevel.loudness_ebu128.loudness_range": 2.214630126953125, "lowlevel.loudness_ebu128.momentary.mean": -20.28232192993164, "lowlevel.loudness_ebu128.momentary.stdev": 1.7130945920944214, "lowlevel.loudness_ebu128.short_term.mean": -20.023771286010742, "lowlevel.loudness_ebu128.short_term.stdev": 0.8485700488090515, "lowlevel.melbands_crest.mean": 20.803064346313477, "lowlevel.melbands_crest.stdev": 6.964262962341309, "lowlevel.melbands_flatness_db.mean": 0.4916890859603882, "lowlevel.melbands_flatness_db.stdev": 0.10091230273246765, "lowlevel.melbands_kurtosis.mean": 42.54398727416992, "lowlevel.melbands_kurtosis.stdev": 95.34288787841797, "lowlevel.melbands_skewness.mean": 1.843169927597046, "lowlevel.melbands_skewness.stdev": 3.014591932296753, "lowlevel.melbands_spread.mean": 2.5132699012756348, "lowlevel.melbands_spread.stdev": 3.1334187984466553, "lowlevel.pitch_salience.mean": 0.47449302673339844, "lowlevel.pitch_salience.stdev": 0.20519980788230896, "lowlevel.silence_rate_20dB.mean": 1.0, "lowlevel.silence_rate_20dB.stdev": 0.0, "lowlevel.silence_rate_30dB.mean": 1.0, "lowlevel.silence_rate_30dB.stdev": 0.0, "lowlevel.silence_rate_60dB.mean": 0.0025923524517565966, "lowlevel.silence_rate_60dB.stdev": 0.05084879696369171, "lowlevel.spectral_centroid.mean": 370.9173583984375, "lowlevel.spectral_centroid.stdev": 98.68228149414062, "lowlevel.spectral_complexity.mean": 5.348023414611816, "lowlevel.spectral_complexity.stdev": 3.072071075439453, "lowlevel.spectral_decrease.mean": -6.730695112366902e-09, "lowlevel.spectral_decrease.stdev": 3.976908136138491e-09, "lowlevel.spectral_energy.mean": 0.02623032033443451, "lowlevel.spectral_energy.stdev": 0.015491600148379803, "lowlevel.spectral_energyband_high.mean": 1.5527361028944142e-05, "lowlevel.spectral_energyband_high.stdev": 5.712746497010812e-05, "lowlevel.spectral_energyband_low.mean": 0.0020947568118572235, "lowlevel.spectral_energyband_low.stdev": 0.00492755277082324, "lowlevel.spectral_energyband_middle_high.mean": 0.0008266298100352287, "lowlevel.spectral_energyband_middle_high.stdev": 0.0022673821076750755, "lowlevel.spectral_energyband_middle_low.mean": 0.023555753752589226, "lowlevel.spectral_energyband_middle_low.stdev": 0.013975845649838448, "lowlevel.spectral_entropy.mean": 5.083895206451416, "lowlevel.spectral_entropy.stdev": 0.8713991641998291, "lowlevel.spectral_flux.mean": 0.0415523387491703, "lowlevel.spectral_flux.stdev": 0.035214729607105255, "lowlevel.spectral_kurtosis.mean": 67.68373107910156, "lowlevel.spectral_kurtosis.stdev": 61.19358825683594, "lowlevel.spectral_rms.mean": 0.0048695034347474575, "lowlevel.spectral_rms.stdev": 0.0013705806341022253, "lowlevel.spectral_rolloff.mean": 426.461181640625, "lowlevel.spectral_rolloff.stdev": 161.3826446533203, "lowlevel.spectral_skewness.mean": 6.039994716644287, "lowlevel.spectral_skewness.stdev": 2.9668681621551514, "lowlevel.spectral_spread.mean": 2001356.75, "lowlevel.spectral_spread.stdev": 1611878.875, "lowlevel.spectral_strongpeak.mean": 1.6287014484405518, "lowlevel.spectral_strongpeak.stdev": 0.6674344539642334, "lowlevel.zerocrossingrate.mean": 0.0178062841296196, "lowlevel.zerocrossingrate.stdev": 0.006042393855750561, "metadata.audio_properties.analysis.equal_loudness": 0.0, "metadata.audio_properties.analysis.length": 35.797325134277344, "metadata.audio_properties.analysis.sample_rate": 44100.0, "metadata.audio_properties.analysis.start_time": 0.0, "metadata.audio_properties.bit_rate": 102526.0, "metadata.audio_properties.length": 35.797332763671875, "metadata.audio_properties.lossless": 0.0, "metadata.audio_properties.number_channels": 1.0, "metadata.audio_properties.replay_gain": -7.718751907348633, "metadata.audio_properties.sample_rate": 48000.0, "rhythm.beats_count": 68.0, "rhythm.beats_loudness.mean": 0.033743828535079956, "rhythm.beats_loudness.stdev": 0.02033160999417305, "rhythm.bpm": 155.68392944335938, "rhythm.bpm_histogram_first_peak_bpm": 157.0, "rhythm.bpm_histogram_first_peak_weight": 0.3684210777282715, "rhythm.bpm_histogram_second_peak_bpm": 99.0, "rhythm.bpm_histogram_second_peak_spread": 0.3809523582458496, "rhythm.bpm_histogram_second_peak_weight": 0.19402983784675598, "rhythm.danceability": 1.1020151376724243, "rhythm.onset_rate": 2.791987419128418, "tonal.chords_changes_rate": 0.024611398577690125, "tonal.chords_number_rate": 0.006476684007793665, "tonal.chords_strength.mean": 0.5547595024108887, "tonal.chords_strength.stdev": 0.07063097506761551, "tonal.hpcp_crest.mean": 20.349609375, "tonal.hpcp_crest.stdev": 8.24472713470459, "tonal.hpcp_entropy.mean": 1.2468119859695435, "tonal.hpcp_entropy.stdev": 0.6667501330375671, "tonal.key_edma.strength": 0.6211113929748535, "tonal.key_krumhansl.strength": 0.6033490300178528, "tonal.key_temperley.strength": 0.5806846022605896, "tonal.tuning_diatonic_strength": 0.4928728938102722, "tonal.tuning_equal_tempered_deviation": 0.028332309797406197, "tonal.tuning_frequency": 441.2725830078125, "tonal.tuning_nontempered_energy_ratio": 0.5951887369155884, "lowlevel.barkbands.mean": [1.728066308714915e-06, 0.0001977151696337387, 0.001652039005421102, 0.00038894062163308263, 0.005499094258993864, 0.014169658534228802, 0.002773664426058531, 0.00041784296627156436, 0.0002624566841404885, 0.0006707141292281449, 6.082251638872549e-05, 3.498452133499086e-05, 1.9904497094103135e-05, 1.9818473447230645e-05, 1.7841985027189367e-05, 8.846236596582457e-06, 7.450969405908836e-06, 5.473631517816102e-06, 3.7080544643686153e-06, 3.2462855870107887e-06, 4.4342777982819825e-06, 3.974875198764494e-06, 1.909901811814052e-06, 2.009652234846726e-06, 1.7169737702715793e-06, 3.517873778946523e-07, 9.14185505074272e-10], "lowlevel.barkbands.stdev": [8.098378202703316e-06, 0.00065460434416309, 0.004022496752440929, 0.0018888302147388458, 0.00704905716702342, 0.009889855049550533, 0.003921776078641415, 0.001594244153238833, 0.0013567762216553092, 0.002169785788282752, 0.00027294520987197757, 0.0001503247767686844, 7.466767419828102e-05, 8.919301762944087e-05, 6.893106183269992e-05, 4.274190359865315e-05, 2.9061324312351644e-05, 1.877147951745428e-05, 1.177174362965161e-05, 1.108278229366988e-05, 1.7483813280705363e-05, 1.7393276721122675e-05, 7.5645061770046595e-06, 9.433254490431864e-06, 6.8090193963143975e-06, 1.536754325570655e-06, 1.2799276083441669e-09], "lowlevel.erbbands.mean": [0.0013054294977337122, 0.09415330737829208, 1.5470428466796875, 1.8140604496002197, 6.34559440612793, 25.53993797302246, 29.859106063842773, 177.24900817871094, 55.70087814331055, 21.55986213684082, 8.693866729736328, 5.746740341186523, 7.3699541091918945, 23.885629653930664, 3.285785436630249, 1.3508808612823486, 0.9745105504989624, 1.031550407409668, 1.0446877479553223, 0.6428358554840088, 0.48985496163368225, 0.4227887988090515, 0.36427342891693115, 0.1822899430990219, 0.20761336386203766, 0.14296342432498932, 0.16111859679222107, 0.16835470497608185, 0.14999473094940186, 0.07796765118837357, 0.05787787586450577, 0.044680699706077576, 0.03236185759305954, 0.02326648309826851, 0.010088101960718632, 0.003116004168987274, 0.0003521836770232767, 1.1460985660960432e-05, 1.2744320883939508e-05, 2.9170718335080892e-05], "lowlevel.erbbands.stdev": [0.003579747397452593, 0.2848115563392639, 4.013078212738037, 4.878961563110352, 7.332126140594482, 36.08910369873047, 22.672714233398438, 124.76203155517578, 55.47457504272461, 42.62555694580078, 33.06796646118164, 23.2531795501709, 27.26806640625, 78.97775268554688, 10.637757301330566, 5.467173099517822, 3.45418643951416, 4.210711479187012, 4.064492702484131, 2.7619340419769287, 2.510127544403076, 1.5994594097137451, 1.2332972288131714, 0.6505226492881775, 0.6335811614990234, 0.45745667815208435, 0.5852659940719604, 0.6749691367149353, 0.6651232838630676, 0.3347165882587433, 0.23526915907859802, 0.20612075924873352, 0.14555677771568298, 0.09557095170021057, 0.04112810641527176, 0.01283168699592352, 0.0018345311982557178, 6.0110207414254546e-05, 7.392072348011425e-06, 1.7168818885693327e-05], "lowlevel.gfcc.mean": [-187.843505859375, 176.09664916992188, -83.09485626220703, -10.469291687011719, -85.97728729248047, -41.29298782348633, -53.56709671020508, -31.047271728515625, -24.52344512939453, -11.081653594970703, 3.6831836700439453, -3.603624105453491, 10.257824897766113], "lowlevel.melbands.mean": [2.77460967481602e-05, 0.0005478924140334129, 0.0003794621443375945, 0.0012444653548300266, 0.0011768146650865674, 0.003411070443689823, 0.0007849280373193324, 0.00019053799042012542, 6.458175630541518e-05, 3.4777491237036884e-05, 3.869008651236072e-05, 0.00010483768710400909, 9.193453479383606e-06, 4.833902039536042e-06, 2.417364385109977e-06, 1.870245569079998e-06, 1.9245544535806403e-06, 1.6774073401393252e-06, 1.1527306469361065e-06, 6.567790933331707e-07, 5.325728693605924e-07, 3.983358851655794e-07, 4.822665005121962e-07, 2.099273217481823e-07, 1.3641738405567594e-07, 1.4972026463055954e-07, 1.5280373588666407e-07, 7.699321002974102e-08, 8.384423466623048e-08, 1.2500544244176126e-07, 8.775135995620076e-08, 8.884322255653387e-08, 7.104741683860993e-08, 3.1308260872719984e-08, 3.2886823930766695e-08, 3.066282516783758e-08, 2.7274191793935643e-08, 2.329399961809031e-08, 1.9077527113608994e-08, 2.028229850736807e-08], "lowlevel.melbands.stdev": [9.006347681861371e-05, 0.0013899236219003797, 0.0007510472205467522, 0.0015548939118161798, 0.0009984426433220506, 0.0024000690318644047, 0.0008436923380941153, 0.00042861970723606646, 0.00027496536495164037, 0.00015271271695382893, 0.0001431793498340994, 0.00035071003367193043, 3.7766156310681254e-05, 1.9802011593128555e-05, 1.0172802831220906e-05, 6.95523294780287e-06, 8.474165042571258e-06, 7.0398177740571555e-06, 4.74991929877433e-06, 3.1134431992541067e-06, 2.8864997148048133e-06, 1.6281879879898042e-06, 1.7684772046777653e-06, 7.503047072532354e-07, 5.311262611940037e-07, 4.61897542436418e-07, 5.534218985303596e-07, 2.469613775701873e-07, 2.881675129629002e-07, 5.213697136241535e-07, 3.4914671687147347e-07, 4.0009626900427975e-07, 3.3174040936501115e-07, 1.269654887892102e-07, 1.3406237542312738e-07, 1.3056526881882746e-07, 1.3836520906806982e-07, 1.071844693001367e-07, 8.662463812925125e-08, 8.232505166461124e-08], "lowlevel.melbands128.mean": [8.11974530279258e-07, 1.425909431418404e-06, 4.546882337308489e-06, 0.00013903275248594582, 0.0007192297489382327, 0.0007764929905533791, 0.0003657334891613573, 0.00016572627646382898, 0.00036669010296463966, 0.001687419950030744, 0.0015750874299556017, 0.0008716731681488454, 0.0002859987725969404, 0.0019670864567160606, 0.006445727776736021, 0.0022533934097737074, 0.0003661798546090722, 0.0010552253806963563, 0.0005118711851537228, 0.00013420009054243565, 9.813940414460376e-05, 6.414692325051874e-05, 7.315570837818086e-05, 4.8801866796566173e-05, 2.7714600946637802e-05, 3.67657994502224e-05, 2.8290576665312983e-05, 1.990488453884609e-05, 3.2634470699122176e-05, 0.0002058352984022349, 8.447009895462543e-05, 8.412872375629377e-06, 7.240847025968833e-06, 8.450852874375414e-06, 5.758906354458304e-06, 3.905629000655608e-06, 2.874185838663834e-06, 2.023120714511606e-06, 2.5906547307386063e-06, 2.0512227365543367e-06, 1.636203364796529e-06, 1.6321745306413504e-06, 2.15060094888031e-06, 2.0741292701131897e-06, 1.3358949217945337e-06, 1.70735688698187e-06, 1.97120061784517e-06, 1.1118778502350324e-06, 8.976895742307534e-07, 7.827014769645757e-07, 5.365899369280669e-07, 5.84820156745991e-07, 7.646001449757023e-07, 3.7196247149040573e-07, 3.3600161941649276e-07, 4.047029165121785e-07, 3.9029433196446917e-07, 6.491274007203174e-07, 4.423417578891531e-07, 3.2942881489361753e-07, 1.814084953366546e-07, 1.4713673124333582e-07, 1.3120856579007523e-07, 1.3106097185300314e-07, 1.4449457808041188e-07, 1.5918401174985775e-07, 1.3982622704133973e-07, 1.5593700197769067e-07, 1.85391783702471e-07, 1.1299761126792873e-07, 6.375721284257452e-08, 6.569715793602882e-08, 6.092741955399106e-08, 8.474847845718614e-08, 1.1582464765069744e-07, 1.2417226002980897e-07, 1.4963163152970083e-07, 7.812564462028604e-08, 8.327592126988748e-08, 8.357118730373259e-08, 1.0085606305665351e-07, 8.253152117276841e-08, 7.964220571921032e-08, 8.415531027594625e-08, 5.0783864224968056e-08, 3.15160804120751e-08, 2.3351153899398014e-08, 2.987100700124756e-08, 3.4437135809639585e-08, 3.4885413668916954e-08, 3.39379653269134e-08, 3.0368799031066374e-08, 2.3599705301080576e-08, 2.497747608742884e-08, 3.2857055742852026e-08, 2.4797149222877124e-08, 1.9055608646567634e-08, 2.5397387304337826e-08, 1.6042656980630454e-08, 1.764875356968787e-08, 2.2324915249782862e-08, 2.33828298945582e-08, 1.4517055113572042e-08, 1.1245137265802896e-08, 1.0172564124388828e-08, 1.302385133072903e-08, 6.501494453914347e-09, 5.625835797218315e-09, 6.0934537415846535e-09, 4.007188358912117e-09, 2.507770213711069e-09, 1.258105841728252e-09, 5.973469496822759e-10, 1.1358954749018935e-10, 3.50711577834506e-11, 1.8980560179127082e-11, 4.831508023522835e-12, 4.257179678224254e-12, 4.1606895880008654e-12, 4.053444645907289e-12, 3.962209900454372e-12, 3.87095997617104e-12, 3.8063814253308514e-12, 3.736274310772725e-12, 3.609294070214264e-12, 3.4289307504487e-12, 3.3262429269265148e-12, 3.297884968583853e-12], "lowlevel.melbands128.stdev": [4.267864369467134e-06, 7.188240942923585e-06, 1.9048859030590393e-05, 0.0004651573544833809, 0.0020750882104039192, 0.0017867841525003314, 0.001149099669419229, 0.0007832500850781798, 0.0004483208467718214, 0.0021066521294414997, 0.002569461241364479, 0.0018213337752968073, 0.0006725094863213599, 0.0014187806518748403, 0.004636324010789394, 0.0017743633361533284, 0.0009835991077125072, 0.001353812520392239, 0.0009374159853905439, 0.0005597560084424913, 0.0004538132925517857, 0.0003631983126979321, 0.00038626286550424993, 0.00033630989491939545, 0.00010140826634597033, 0.0001849596737883985, 0.00023995593073777854, 0.00010926559480139986, 0.00012193773727631196, 0.0007223827415145934, 0.0002778107300400734, 4.969110159436241e-05, 5.275092553347349e-05, 3.396478859940544e-05, 2.5854935302049853e-05, 2.3182728909887373e-05, 1.4963036846893374e-05, 1.1788792107836343e-05, 1.1080741387559101e-05, 9.133586900134105e-06, 7.445188657584367e-06, 7.836777513148263e-06, 9.18969999474939e-06, 1.3986616977490485e-05, 6.076038516766857e-06, 7.929418643470854e-06, 8.591052392148413e-06, 5.72910448681796e-06, 5.242545285000233e-06, 3.996787199866958e-06, 2.7702080842573196e-06, 2.9838047339580953e-06, 5.061585852672579e-06, 1.8936084416054655e-06, 1.7914975387611776e-06, 1.8042693454844994e-06, 1.610299364074308e-06, 2.6679024358600145e-06, 1.7321920040558325e-06, 1.2882920827905764e-06, 7.455631134689611e-07, 6.974923962843604e-07, 5.823248443448392e-07, 5.820947990287095e-07, 5.341237283573719e-07, 5.395949074227246e-07, 4.4009382804688357e-07, 6.435461159526312e-07, 7.271092954397318e-07, 4.1101128545051324e-07, 2.4665965270287415e-07, 2.118316047017288e-07, 1.9547699992017442e-07, 3.2778115155451815e-07, 5.053017275713501e-07, 5.333523631634307e-07, 6.948159239072993e-07, 3.5914223417421454e-07, 3.4991865049960325e-07, 3.139195996482158e-07, 4.692539334882895e-07, 4.354739644440997e-07, 3.867402256219066e-07, 4.2100759856111836e-07, 2.4960780820038053e-07, 1.4765558375984256e-07, 9.824801594504606e-08, 1.251820549441618e-07, 1.4613624443882145e-07, 1.5635249894785375e-07, 1.4630167299856112e-07, 1.4331867248529306e-07, 9.853703630824384e-08, 1.353895413558348e-07, 1.937298321763592e-07, 1.232397295325427e-07, 8.18133543134536e-08, 1.220919898514694e-07, 8.999089118333359e-08, 7.208532082358943e-08, 1.0021962992823319e-07, 9.92947448708037e-08, 5.785607370967227e-08, 4.785957941066954e-08, 5.1196185069102285e-08, 5.4913872560291566e-08, 2.7045212291909593e-08, 2.3441101504317885e-08, 2.720136649259075e-08, 1.8021962588932183e-08, 1.3201972848264631e-08, 8.187386768554461e-09, 6.020643983362106e-09, 1.5808108155823675e-09, 5.431983751691405e-10, 5.562283966753512e-10, 1.836459283255376e-11, 5.914998959383189e-12, 5.7512766250822356e-12, 5.603670739234845e-12, 5.468985507517399e-12, 5.3499336037654555e-12, 5.2441020276239314e-12, 5.156621223773028e-12, 5.081059271244692e-12, 5.0213604975424264e-12, 4.9776675836721296e-12, 4.950703041961546e-12], "lowlevel.mfcc.mean": [-847.0311889648438, 210.6035919189453, 33.97369384765625, 17.8064022064209, -17.904016494750977, -19.880672454833984, -26.019865036010742, -29.56865692138672, -27.313325881958008, -24.568342208862305, -20.07436180114746, -14.708401679992676, -4.507829666137695], "lowlevel.spectral_contrast_coeffs.mean": [-0.5112453699111938, -0.5180054903030396, -0.7538345456123352, -0.8395317196846008, -0.8459131717681885, -0.8083800077438354], "lowlevel.spectral_contrast_coeffs.stdev": [0.08691555261611938, 0.09659431874752045, 0.07693854719400406, 0.03892670199275017, 0.037011001259088516, 0.04132560268044472], "lowlevel.spectral_contrast_valleys.mean": [-8.360947608947754, -7.750556468963623, -8.974081993103027, -9.696670532226562, -10.082613945007324, -12.89742374420166], "lowlevel.spectral_contrast_valleys.stdev": [1.299129843711853, 1.0755980014801025, 0.9837607145309448, 0.925621509552002, 0.9248116612434387, 1.1552196741104126], "rhythm.beats_loudness_band_ratio.mean": [0.10872836410999298, 0.724575936794281, 0.15442407131195068, 0.03520750254392624, 0.0025605354458093643, 0.0012223655357956886], "rhythm.beats_loudness_band_ratio.stdev": [0.1506398618221283, 0.24133937060832977, 0.14692509174346924, 0.0791720598936081, 0.0047766962088644505, 0.004250480327755213], "tonal.hpcp.mean": [0.39763811230659485, 0.2092576026916504, 0.08559342473745346, 0.07990027964115143, 0.05584070831537247, 0.027014628052711487, 0.017784252762794495, 0.021218398585915565, 0.09533631801605225, 0.12372341006994247, 0.045547742396593094, 0.0061828093603253365, 0.005464824382215738, 0.006868318654596806, 0.00697708735242486, 0.0066909585148096085, 0.009650183841586113, 0.010744895786046982, 0.009186839684844017, 0.007857446558773518, 0.012564201839268208, 0.017029408365488052, 0.018113410100340843, 0.4133354425430298, 0.8094494938850403, 0.4109160602092743, 0.005826335400342941, 0.005059868562966585, 0.007121091242879629, 0.007791738957166672, 0.008953110314905643, 0.00677558034658432, 0.005314180161803961, 0.005916073452681303, 0.017232736572623253, 0.24731098115444183], "tonal.hpcp.stdev": [0.3753795921802521, 0.23306255042552948, 0.1950368583202362, 0.18805718421936035, 0.15795311331748962, 0.12658223509788513, 0.09745828807353973, 0.10402525961399078, 0.19273421168327332, 0.23120081424713135, 0.10714422911405563, 0.052733030170202255, 0.03485257551074028, 0.058823224157094955, 0.049919493496418, 0.02949358895421028, 0.057138871401548386, 0.0745900571346283, 0.0670556053519249, 0.06326526403427124, 0.060045819729566574, 0.08260977268218994, 0.0887809470295906, 0.20262540876865387, 0.32055020332336426, 0.20848311483860016, 0.04163229838013649, 0.039975039660930634, 0.05165916681289673, 0.04917197674512863, 0.056818533688783646, 0.051407378166913986, 0.04292352870106697, 0.050404142588377, 0.0596296563744545, 0.2597198784351349], "rhythm.beats_position": [0.3831292390823364, 0.7778684496879578, 1.172607660293579, 1.5557368993759155, 1.9272562265396118, 2.3103854656219482, 2.693514585494995, 3.088253974914551, 3.459773063659668, 3.842902421951294, 4.22603178024292, 4.609160900115967, 4.992290019989014, 5.363809585571289, 5.712108612060547, 6.060408115386963, 6.42031717300415, 6.780226707458496, 7.151745796203613, 7.523265361785889, 7.894784450531006, 8.277914047241211, 8.649433135986328, 9.032562255859375, 9.415691375732422, 9.798820495605469, 10.181949615478516, 10.68117904663086, 11.192017555236816, 11.70285701751709, 12.225305557250977, 12.74775505065918, 13.270203590393066, 13.839092254638672, 14.396371841430664, 14.96526050567627, 15.534149169921875, 16.091428756713867, 16.695146560668945, 17.310476303100586, 17.925804138183594, 18.529523849487305, 19.133241653442383, 19.760181427001953, 20.38711929321289, 21.01405906677246, 21.6409969329834, 22.2795467376709, 22.929704666137695, 23.591472625732422, 24.27646255493164, 24.961450576782227, 25.669658660888672, 26.37786865234375, 27.074466705322266, 27.77106475830078, 28.374784469604492, 28.9901123046875, 29.58222198486328, 30.18593978881836, 30.76643943786621, 31.37015724182129, 31.973876953125, 32.57759475708008, 33.20453643798828, 33.819862365722656, 34.4351921081543, 35.062129974365234], "rhythm.bpm_histogram": [0.0, 0.0, 0.0, 0.0, 0.0, 0.0, 0.0, 0.0, 0.0, 0.0, 0.0, 0.0, 0.0, 0.0, 0.0, 0.0, 0.0, 0.0, 0.0, 0.0, 0.0, 0.0, 0.0, 0.0, 0.0, 0.0, 0.0, 0.0, 0.0, 0.0, 0.0, 0.0, 0.0, 0.0, 0.0, 0.0, 0.0, 0.0, 0.0, 0.0, 0.0, 0.0, 0.0, 0.0, 0.0, 0.0, 0.0, 0.0, 0.0, 0.0, 0.0, 0.0, 0.0, 0.0, 0.0, 0.0, 0.0, 0.0, 0.0, 0.0, 0.0, 0.0, 0.0, 0.0, 0.0, 0.0, 0.0, 0.0, 0.0, 0.0, 0.0, 0.0, 0.0, 0.0, 0.0, 0.0, 0.0, 0.0, 0.0, 0.0, 0.0, 0.0, 0.0, 0.0, 0.0, 0.02985074557363987, 0.02985074557363987, 0.0, 0.02985074557363987, 0.0, 0.0, 0.014925372786819935, 0.014925372786819935, 0.0, 0.014925372786819935, 0.0, 0.08955223858356476, 0.0, 0.0746268630027771, 0.11940298229455948, 0.0, 0.014925372786819935, 0.0, 0.014925372786819935, 0.0, 0.04477611929178238, 0.0, 0.0, 0.02985074557363987, 0.0, 0.0, 0.0, 0.0, 0.0, 0.0, 0.04477611929178238, 0.0, 0.02985074557363987, 0.0, 0.0, 0.014925372786819935, 0.0, 0.0, 0.0, 0.0, 0.0, 0.0, 0.0, 0.0, 0.0, 0.0, 0.0, 0.0, 0.0, 0.0, 0.0, 0.0, 0.0, 0.0, 0.0, 0.0, 0.0, 0.0, 0.0, 0.0, 0.0, 0.0, 0.0, 0.0, 0.0, 0.0, 0.0, 0.04477611929178238, 0.0, 0.0, 0.0, 0.0, 0.17910447716712952, 0.0, 0.0, 0.0, 0.10447761416435242, 0.0, 0.0, 0.0, 0.0, 0.0, 0.02985074557363987, 0.0, 0.0, 0.0, 0.0, 0.02985074557363987, 0.0, 0.0, 0.0, 0.0, 0.0, 0.0, 0.0, 0.0, 0.0, 0.0, 0.0, 0.0, 0.0, 0.0, 0.0, 0.0, 0.0, 0.0, 0.0, 0.0, 0.0, 0.0, 0.0, 0.0, 0.0, 0.0, 0.0, 0.0, 0.0, 0.0, 0.0, 0.0, 0.0, 0.0, 0.0, 0.0, 0.0, 0.0, 0.0, 0.0, 0.0, 0.0, 0.0, 0.0, 0.0, 0.0, 0.0, 0.0, 0.0, 0.0, 0.0, 0.0, 0.0, 0.0, 0.0, 0.0, 0.0, 0.0, 0.0, 0.0, 0.0, 0.0, 0.0, 0.0, 0.0, 0.0, 0.0, 0.0, 0.0, 0.0, 0.0, 0.0, 0.0, 0.0, 0.0, 0.0, 0.0], "tonal.chords_histogram": [0.38860103487968445, 19.689119338989258, 75.25906372070312, 1.5544041395187378, 0.0, 0.0, 0.0, 0.0, 0.0, 1.8134715557098389, 0.0, 0.0, 0.0, 0.0, 0.0, 0.0, 0.0, 0.0, 0.0, 1.2953368425369263, 0.0, 0.0, 0.0, 0.0], "tonal.thpcp": [1.0, 0.507648766040802, 0.00719789881259203, 0.006250999867916107, 0.008797449991106987, 0.009625973179936409, 0.011060739867389202, 0.008370603434741497, 0.006565178278833628, 0.007308761589229107, 0.02128945291042328, 0.3055298626422882, 0.4912451207637787, 0.25851842761039734, 0.10574276000261307, 0.09870940446853638, 0.06898602843284607, 0.03337407484650612, 0.021970799192786217, 0.026213370263576508, 0.1177792027592659, 0.15284883975982666, 0.05627002567052841, 0.007638289127498865, 0.006751285400241613, 0.008485172875225544, 0.008619545958936214, 0.00826606061309576, 0.011921909637749195, 0.01327432505786419, 0.011349490843713284, 0.009707148186862469, 0.015521909110248089, 0.02103825844824314, 0.022377442568540573, 0.5106377005577087], "lowlevel.gfcc.cov": [[6331.22998046875, -617.2062377929688, -376.1227722167969, 1399.7930908203125, 150.0177764892578, 1393.0860595703125, 3.0084621906280518, 1078.5439453125, -28.051219940185547, -123.7216796875, -535.7803955078125, -312.0007629394531, -357.23480224609375], [-617.2062377929688, 1805.9801025390625, -1.0874462127685547, -691.6024780273438, 611.5582275390625, -138.1907196044922, 443.3731689453125, -114.40672302246094, 150.19869995117188, -407.7162780761719, -39.06510543823242, -211.27069091796875, -83.6581802368164], [-376.1227722167969, -1.0874462127685547, 393.3293762207031, 43.53378677368164, -21.030471801757812, -32.72565460205078, -39.42348861694336, -42.1009635925293, -27.6236572265625, 62.95973205566406, 31.00484848022461, 59.96686935424805, 4.570774078369141], [1399.7930908203125, -691.6024780273438, 43.53378677368164, 790.434326171875, -58.571388244628906, 310.3329162597656, -147.95860290527344, 252.80613708496094, -9.961386680603027, 130.44349670410156, -64.2777099609375, 10.271008491516113, -37.806636810302734], [150.0177764892578, 611.5582275390625, -21.030471801757812, -58.571388244628906, 447.7641906738281, 61.79959487915039, 135.16610717773438, 71.06157684326172, 92.57787322998047, -93.70297241210938, -5.1147871017456055, -70.77107238769531, -56.433265686035156], [1393.0860595703125, -138.1907196044922, -32.72565460205078, 310.3329162597656, 61.79959487915039, 481.345703125, 74.5427017211914, 269.5779724121094, -3.131166934967041, 3.746562957763672, -124.6265640258789, -57.16084671020508, -73.84615325927734], [3.0084621906280518, 443.3731689453125, -39.42348861694336, -147.95860290527344, 135.16610717773438, 74.5427017211914, 280.5013427734375, 32.645530700683594, 33.251312255859375, -98.17619323730469, -26.677867889404297, -31.812166213989258, -15.567638397216797], [1078.5439453125, -114.40672302246094, -42.1009635925293, 252.80613708496094, 71.06157684326172, 269.5779724121094, 32.645530700683594, 316.1282958984375, 15.484687805175781, -15.606600761413574, -105.38629150390625, -33.2840690612793, -61.26761245727539], [-28.051219940185547, 150.19869995117188, -27.6236572265625, -9.961386680603027, 92.57787322998047, -3.131166934967041, 33.251312255859375, 15.484687805175781, 96.92137145996094, 2.35548734664917, 13.714052200317383, -23.310400009155273, 6.325234413146973], [-123.7216796875, -407.7162780761719, 62.95973205566406, 130.44349670410156, -93.70297241210938, 3.746562957763672, -98.17619323730469, -15.606600761413574, 2.35548734664917, 198.39064025878906, 86.89173126220703, 73.268798828125, 37.74578857421875], [-535.7803955078125, -39.06510543823242, 31.00484848022461, -64.2777099609375, -5.1147871017456055, -124.6265640258789, -26.677867889404297, -105.38629150390625, 13.714052200317383, 86.89173126220703, 177.83302307128906, 62.644405364990234, 41.975677490234375], [-312.0007629394531, -211.27069091796875, 59.96686935424805, 10.271008491516113, -70.77107238769531, -57.16084671020508, -31.812166213989258, -33.2840690612793, -23.310400009155273, 73.268798828125, 62.644405364990234, 104.8901596069336, 40.482723236083984], [-357.23480224609375, -83.6581802368164, 4.570774078369141, -37.806636810302734, -56.433265686035156, -73.84615325927734, -15.567638397216797, -61.26761245727539, 6.325234413146973, 37.74578857421875, 41.975677490234375, 40.482723236083984, 82.20984649658203]], "lowlevel.gfcc.icov": [[0.0013356279814615846, -0.0018173090647906065, 0.00162713963072747, -0.00182701600715518, 0.0015400202246382833, -0.002140672877430916, 0.0016901426715776324, -0.0019350227667018771, 0.0014117974787950516, -0.0011463178088888526, 0.0006201605428941548, -0.00044767744839191437, 0.00135756132658571], [-0.0018173090647906065, 0.017612285912036896, -0.008969576098024845, 0.008695960976183414, -0.012514226138591766, 0.004366510547697544, -0.011617478914558887, 0.005732633639127016, -0.010234258137643337, 0.017969805747270584, -0.005914213135838509, 0.015302400104701519, -5.123569644638337e-05], [0.00162713963072747, -0.008969576098024845, 0.008000785484910011, -0.005220106337219477, 0.006067049223929644, -0.0031484367791563272, 0.0061924341134727, -0.0030191673431545496, 0.006044100504368544, -0.009501058608293533, 0.003642036346718669, -0.008866400457918644, 0.0017604905879125], [-0.00182701600715518, 0.008695960976183414, -0.005220106337219477, 0.007642276585102081, -0.006302344612777233, 0.00233349297195673, -0.004683460108935833, 0.0026610924396663904, -0.005582951474934816, 0.00733102485537529, -0.0027610831893980503, 0.0064878687262535095, -0.001140506356023252], [0.0015400202246382833, -0.012514226138591766, 0.006067049223929644, -0.006302344612777233, 0.012910692021250725, -0.0036647901870310307, 0.0075525278225541115, -0.004984510596841574, 0.004054970573633909, -0.010966449044644833, 0.0025208774022758007, -0.00989141408354044, 0.002314590848982334], [-0.002140672877430916, 0.004366510547697544, -0.0031484367791563272, 0.00233349297195673, -0.0036647901870310307, 0.009305582381784916, -0.005981309339404106, 0.0004946072585880756, -0.0011523832799866796, 0.0007981705130077899, 8.26315299491398e-05, 0.0044867899268865585, -0.0010607821168377995], [0.0016901426715776324, -0.011617478914558887, 0.0061924341134727, -0.004683460108935833, 0.0075525278225541115, -0.005981309339404106, 0.01413270179182291, -0.004300236236304045, 0.005240344908088446, -0.008608372882008553, 0.0032151835039258003, -0.011366114020347595, -0.00018817136879079044], [-0.0019350227667018771, 0.005732633639127016, -0.0030191673431545496, 0.0026610924396663904, -0.004984510596841574, 0.0004946072585880756, -0.004300236236304045, 0.01139543391764164, -0.005694839172065258, 0.005644008982926607, 0.0004884624504484236, 0.0006721998215653002, 0.0007840651669539511], [0.0014117974787950516, -0.010234258137643337, 0.006044100504368544, -0.005582951474934816, 0.004054970573633909, -0.0011523832799866796, 0.005240344908088446, -0.005694839172065258, 0.022518601268529892, -0.013986093923449516, 0.0026478765066713095, -0.0026861419901251793, -0.004026910290122032], [-0.0011463178088888526, 0.017969805747270584, -0.009501058608293533, 0.00733102485537529, -0.010966449044644833, 0.0007981705130077899, -0.008608372882008553, 0.005644008982926607, -0.013986093923449516, 0.03127150610089302, -0.01108083501458168, 0.011503773741424084, -0.00031898231827653944], [0.0006201605428941548, -0.005914213135838509, 0.003642036346718669, -0.0027610831893980503, 0.0025208774022758007, 8.26315299491398e-05, 0.0032151835039258003, 0.0004884624504484236, 0.0026478765066713095, -0.01108083501458168, 0.013782748021185398, -0.00900841224938631, 0.0002643332991283387], [-0.00044767744839191437, 0.015302400104701519, -0.008866400457918644, 0.0064878687262535095, -0.00989141408354044, 0.0044867899268865585, -0.011366114020347595, 0.0006721998215653002, -0.0026861419901251793, 0.011503773741424084, -0.00900841224938631, 0.034604623913764954, -0.004823753610253334], [0.00135756132658571, -5.123569644638337e-05, 0.0017604905879125, -0.001140506356023252, 0.002314590848982334, -0.0010607821168377995, -0.00018817136879079044, 0.0007840651669539511, -0.004026910290122032, -0.00031898231827653944, 0.0002643332991283387, -0.004823753610253334, 0.021270012483000755]], "lowlevel.mfcc.cov": [[7218.5458984375, -970.3792114257812, -112.10419464111328, 396.9797668457031, 531.9195556640625, 417.9491882324219, 398.5049743652344, 919.9703979492188, 740.3233032226562, 627.5281982421875, 428.52252197265625, 250.53607177734375, -47.0067024230957], [-970.3792114257812, 2274.706298828125, -298.0569763183594, -335.4562683105469, 60.47359848022461, -90.51606750488281, 122.08056640625, 247.56570434570312, 77.11052703857422, 89.40048217773438, -56.63133239746094, -71.83804321289062, -98.93963623046875], [-112.10419464111328, -298.0569763183594, 423.6772155761719, 46.93267822265625, -35.23740768432617, 20.515243530273438, -13.364612579345703, -62.30321502685547, -30.460838317871094, -57.08420944213867, -30.187145233154297, 9.334169387817383, 21.172910690307617], [396.9797668457031, -335.4562683105469, 46.93267822265625, 344.1255798339844, 134.0352020263672, 65.77799224853516, 5.680930137634277, 21.34188461303711, 17.36222267150879, 7.3830695152282715, 27.359529495239258, 45.064292907714844, 51.65949630737305], [531.9195556640625, 60.47359848022461, -35.23740768432617, 134.0352020263672, 313.3058166503906, 61.003684997558594, 38.708412170410156, 93.74604797363281, 60.2333869934082, 90.89508056640625, 66.65483856201172, 37.643733978271484, 35.76304244995117], [417.9491882324219, -90.51606750488281, 20.515243530273438, 65.77799224853516, 61.003684997558594, 207.98216247558594, 88.19448852539062, 54.629234313964844, 76.49372100830078, 54.26307678222656, 63.761627197265625, 55.99550247192383, 18.91497230529785], [398.5049743652344, 122.08056640625, -13.364612579345703, 5.680930137634277, 38.708412170410156, 88.19448852539062, 174.44647216796875, 136.064697265625, 80.1939697265625, 61.1756706237793, 55.12566375732422, 49.320369720458984, 20.025224685668945], [919.9703979492188, 247.56570434570312, -62.30321502685547, 21.34188461303711, 93.74604797363281, 54.629234313964844, 136.064697265625, 301.5097961425781, 185.2107391357422, 121.19843292236328, 64.12527465820312, 40.938777923583984, -5.754975318908691], [740.3233032226562, 77.11052703857422, -30.460838317871094, 17.36222267150879, 60.2333869934082, 76.49372100830078, 80.1939697265625, 185.2107391357422, 228.2712860107422, 126.00292205810547, 41.68461608886719, 22.471574783325195, -10.964010238647461], [627.5281982421875, 89.40048217773438, -57.08420944213867, 7.3830695152282715, 90.89508056640625, 54.26307678222656, 61.1756706237793, 121.19843292236328, 126.00292205810547, 154.48361206054688, 66.98127746582031, 19.400196075439453, -8.434219360351562], [428.52252197265625, -56.63133239746094, -30.187145233154297, 27.359529495239258, 66.65483856201172, 63.761627197265625, 55.12566375732422, 64.12527465820312, 41.68461608886719, 66.98127746582031, 106.88947296142578, 55.339256286621094, 17.30504608154297], [250.53607177734375, -71.83804321289062, 9.334169387817383, 45.064292907714844, 37.643733978271484, 55.99550247192383, 49.320369720458984, 40.938777923583984, 22.471574783325195, 19.400196075439453, 55.339256286621094, 83.69993591308594, 45.201271057128906], [-47.0067024230957, -98.93963623046875, 21.172910690307617, 51.65949630737305, 35.76304244995117, 18.91497230529785, 20.025224685668945, -5.754975318908691, -10.964010238647461, -8.434219360351562, 17.30504608154297, 45.201271057128906, 85.72765350341797]], "lowlevel.mfcc.icov": [[0.0004873707366641611, 0.0004081380902789533, 5.6188473536167294e-05, -9.93905086943414e-06, -0.0002793185703922063, -0.00010795849811984226, 0.00011674478446366265, -0.0012920453445985913, 1.7894073607749306e-05, -0.0008826425182633102, -3.0221786801121198e-05, -0.0006920227315276861, 0.001043156604282558], [0.0004081380902789533, 0.0010875656735152006, 0.00039564105099998415, 0.000731048989109695, -0.0007170024327933788, -8.817894013191108e-06, -0.0003449198557063937, -0.001779564656317234, 0.0005267175147309899, -0.0009698332869447768, 0.001103317248634994, -0.0006769642932340503, 0.0013090601423755288], [5.6188473536167294e-05, 0.00039564105099998415, 0.002817738801240921, 4.866064045927487e-06, -8.604120375821367e-05, -0.0003455870319157839, -0.00037486827932298183, 5.874269118066877e-05, -0.00018410634947940707, 0.000561969936825335, 0.0012277512578293681, -0.0006362554267980158, 0.00011160871508764103], [-9.93905086943414e-06, 0.000731048989109695, 4.866064045927487e-06, 0.004803023766726255, -0.00212624273262918, -0.0009736793581396341, 0.0006375638768076897, -0.0010430021211504936, 0.0003061330644413829, 0.0007456386811099946, 0.001434330944903195, -0.0009237712365575135, -0.0008642986067570746], [-0.0002793185703922063, -0.0007170024327933788, -8.604120375821367e-05, -0.00212624273262918, 0.005703122355043888, -0.0006109933601692319, 0.001185572356916964, -0.00027320385561324656, 0.0010777091374620795, -0.002245137235149741, -0.0017323560314252973, 0.0015155209694057703, -0.0027502223383635283], [-0.00010795849811984226, -8.817894013191108e-06, -0.0003455870319157839, -0.0009736793581396341, -0.0006109933601692319, 0.00866728462278843, -0.004146764054894447, 0.0034546146634966135, -0.003386964788660407, 0.000744000484701246, -0.002236636821180582, -0.0025221933610737324, 0.001567196799442172], [0.00011674478446366265, -0.0003449198557063937, -0.00037486827932298183, 0.0006375638768076897, 0.001185572356916964, -0.004146764054894447, 0.012594866566359997, -0.00578664755448699, 0.0018259622156620026, -0.0011071163462474942, -0.0010335391853004694, -0.001562989898957312, -0.002378481673076749], [-0.0012920453445985913, -0.001779564656317234, 5.874269118066877e-05, -0.0010430021211504936, -0.00027320385561324656, 0.0034546146634966135, -0.00578664755448699, 0.014605334959924221, -0.007295117247849703, 0.002911750925704837, -0.0019827273208647966, -6.809961632825434e-05, -0.0006747433799318969], [1.7894073607749306e-05, 0.0005267175147309899, -0.00018410634947940707, 0.0003061330644413829, 0.0010777091374620795, -0.003386964788660407, 0.0018259622156620026, -0.007295117247849703, 0.014039309695363045, -0.008422217331826687, 0.0049884323962032795, -0.0006858192500658333, 0.00018172181444242597], [-0.0008826425182633102, -0.0009698332869447768, 0.000561969936825335, 0.0007456386811099946, -0.002245137235149741, 0.000744000484701246, -0.0011071163462474942, 0.002911750925704837, -0.008422217331826687, 0.02010521851480007, -0.00908849760890007, 0.005228294059634209, -0.0009860708378255367], [-3.0221786801121198e-05, 0.001103317248634994, 0.0012277512578293681, 0.001434330944903195, -0.0017323560314252973, -0.002236636821180582, -0.0010335391853004694, -0.0019827273208647966, 0.0049884323962032795, -0.00908849760890007, 0.024065706878900528, -0.012811146676540375, 0.0030545175541192293], [-0.0006920227315276861, -0.0006769642932340503, -0.0006362554267980158, -0.0009237712365575135, 0.0015155209694057703, -0.0025221933610737324, -0.001562989898957312, -6.809961632825434e-05, -0.0006858192500658333, 0.005228294059634209, -0.012811146676540375, 0.030575525015592575, -0.013270844705402851], [0.001043156604282558, 0.0013090601423755288, 0.00011160871508764103, -0.0008642986067570746, -0.0027502223383635283, 0.001567196799442172, -0.002378481673076749, -0.0006747433799318969, 0.00018172181444242597, -0.0009860708378255367, 0.0030545175541192293, -0.013270844705402851, 0.021859630942344666]], "metadata.audio_properties.analysis.downmix": "mix", "metadata.audio_properties.codec": "mp3", "metadata.audio_properties.md5_encoded": "341ffdddecd80144d5bd6df46cd2fd85", "metadata.tags.file_name": "1183714270953877574.mp3", "metadata.version.essentia": "2.1-beta6-dev", "metadata.version.essentia_git_sha"