{"song_id": "1183716544967098408", "download": "https://cdn.discordapp.com/attachments/1135911532732108921/1183716544967098408/chirp.mp4?ex=658958f0&amp", "lyrics": "(Verse) \n\u0e09\u0e31\u0e19\u0e40\u0e1b\u0e47\u0e19\u0e41\u0e1a\u0e1a\u0e19\u0e35\u0e49 \u0e08\u0e30\u0e43\u0e2b\u0e49\u0e09\u0e31\u0e19\u0e40\u0e1b\u0e47\u0e19\u0e41\u0e1a\u0e1a\u0e44\u0e2b\u0e19\n\u0e40\u0e1b\u0e25\u0e35\u0e48\u0e22\u0e19\u0e15\u0e31\u0e27\u0e40\u0e2d\u0e07\u0e40\u0e1e\u0e37\u0e48\u0e2d\u0e40\u0e18\u0e2d\u0e2d\u0e35\u0e01\u0e40\u0e17\u0e48\u0e32\u0e44\u0e2b\u0e23\u0e48 \u0e08\u0e30\u0e22\u0e31\u0e07\u0e44\u0e07\u0e01\u0e47\u0e40\u0e1b\u0e47\u0e19\u0e09\u0e31\u0e19\u0e17\u0e35\u0e48\u0e44\u0e21\u0e48\u0e14\u0e35\n\n(Pre chorus) \n\u0e40\u0e18\u0e2d\u0e08\u0e30\u0e17\u0e34\u0e49\u0e07\u0e01\u0e47\u0e22\u0e2d\u0e21\u0e43\u0e2b\u0e49\u0e40\u0e18\u0e2d\u0e17\u0e34\u0e49\u0e07 \u0e17\u0e35\u0e48\u0e08\u0e23\u0e34\u0e07\u0e22\u0e31\u0e07\u0e44\u0e21\u0e48\u0e2d\u0e22\u0e32\u0e01\u0e43\u0e2b\u0e49\u0e40\u0e18\u0e2d\u0e44\u0e1b \u0e15\u0e48\u0e2d\u0e43\u0e2b\u0e49\u0e44\u0e21\u0e48\u0e40\u0e04\u0e22\u0e17\u0e33\u0e40\u0e25\u0e27\u0e01\u0e31\u0e1a\u0e43\u0e04\u0e23\n\u0e2a\u0e34\u0e48\u0e07\u0e17\u0e35\u0e48\u0e40\u0e18\u0e2d\u0e44\u0e14\u0e49\u0e1e\u0e39\u0e14\u0e44\u0e1b\u0e09\u0e31\u0e19\u0e44\u0e21\u0e48\u0e14\u0e35\n\n(Chorus) \n\u0e21\u0e31\u0e19\u0e1c\u0e34\u0e14\u0e40\u0e2d\u0e07\u0e17\u0e35\u0e48\u0e09\u0e31\u0e19\u0e23\u0e31\u0e01\u0e40\u0e18\u0e2d\u0e21\u0e32\u0e01\u0e44\u0e1b \u0e44\u0e21\u0e48\u0e40\u0e04\u0e22\u0e41\u0e01\u0e49\u0e15\u0e31\u0e27\u0e2d\u0e30\u0e44\u0e23\u0e40\u0e25\u0e22\u0e2a\u0e31\u0e01\u0e17\u0e35 \u0e16\u0e36\u0e07\u0e15\u0e49\u0e2d\u0e07\u0e40\u0e08\u0e47\u0e1a\u0e41\u0e1a\u0e1a\u0e19\u0e35\u0e49 \u0e16\u0e39\u0e01\u0e43\u0e04\u0e23\u0e21\u0e2d\u0e07\u0e44\u0e21\u0e48\u0e21\u0e35\u0e44\u0e21\u0e48\u0e27\u0e48\u0e32\u0e40\u0e23\u0e37\u0e48\u0e2d\u0e07\u0e2d\u0e30\u0e44\u0e23 \u0e40\u0e23\u0e37\u0e48\u0e2d\u0e07\u0e23\u0e32\u0e27\u0e17\u0e35\u0e48\u0e08\u0e1a\u0e41\u0e25\u0e49\u0e27 \u0e01\u0e47\u0e43\u0e2b\u0e49\u0e21\u0e31\u0e19\u0e41\u0e25\u0e49\u0e27\u0e44\u0e1b \u0e40\u0e18\u0e2d\u0e08\u0e30\u0e21\u0e35\u0e43\u0e04\u0e23\u0e01\u0e47\u0e0a\u0e48\u0e32\u0e07\u0e40\u0e18\u0e2d \u0e2d\u0e22\u0e48\u0e32\u0e1e\u0e39\u0e14\u0e2d\u0e30\u0e44\u0e23 \u0e17\u0e35\u0e48\u0e44\u0e21\u0e48\u0e43\u0e0a\u0e48\u0e04\u0e27\u0e32\u0e21\u0e08\u0e23\u0e34\u0e07\u0e2d\u0e35\u0e01\u0e40\u0e25\u0e22", "style": ["pop</span><span>-rock"], "essentia_features": {"lowlevel.average_loudness": 0.947573184967041, "lowlevel.barkbands_crest.mean": 13.451777458190918, "lowlevel.barkbands_crest.stdev": 3.3784525394439697, "lowlevel.barkbands_flatness_db.mean": 0.3194974362850189, "lowlevel.barkbands_flatness_db.stdev": 0.15002205967903137, "lowlevel.barkbands_kurtosis.mean": 26.21470069885254, "lowlevel.barkbands_kurtosis.stdev": 28.83776092529297, "lowlevel.barkbands_skewness.mean": 3.5417120456695557, "lowlevel.barkbands_skewness.stdev": 1.9657055139541626, "lowlevel.barkbands_spread.mean": 6.291111469268799, "lowlevel.barkbands_spread.stdev": 8.578280448913574, "lowlevel.dissonance.mean": 0.42841583490371704, "lowlevel.dissonance.stdev": 0.05336419865489006, "lowlevel.dynamic_complexity": 2.662583112716675, "lowlevel.erbbands_crest.mean": 10.964091300964355, "lowlevel.erbbands_crest.stdev": 4.217039108276367, "lowlevel.erbbands_flatness_db.mean": 0.22263027727603912, "lowlevel.erbbands_flatness_db.stdev": 0.10797879099845886, "lowlevel.erbbands_kurtosis.mean": 10.237642288208008, "lowlevel.erbbands_kurtosis.stdev": 26.499536514282227, "lowlevel.erbbands_skewness.mean": 1.5388075113296509, "lowlevel.erbbands_skewness.stdev": 1.6828736066818237, "lowlevel.erbbands_spread.mean": 39.3703498840332, "lowlevel.erbbands_spread.stdev": 28.465681076049805, "lowlevel.hfc.mean": 14.326461791992188, "lowlevel.hfc.stdev": 13.108506202697754, "lowlevel.loudness_ebu128.integrated": -14.010735511779785, "lowlevel.loudness_ebu128.loudness_range": 5.947710037231445, "lowlevel.loudness_ebu128.momentary.mean": -14.585928916931152, "lowlevel.loudness_ebu128.momentary.stdev": 2.4658544063568115, "lowlevel.loudness_ebu128.short_term.mean": -14.38597297668457, "lowlevel.loudness_ebu128.short_term.stdev": 2.1240644454956055, "lowlevel.melbands_crest.mean": 17.35629653930664, "lowlevel.melbands_crest.stdev": 3.929422616958618, "lowlevel.melbands_flatness_db.mean": 0.4154071807861328, "lowlevel.melbands_flatness_db.stdev": 0.1748160570859909, "lowlevel.melbands_kurtosis.mean": 53.89849090576172, "lowlevel.melbands_kurtosis.stdev": 60.72548294067383, "lowlevel.melbands_skewness.mean": 4.563246250152588, "lowlevel.melbands_skewness.stdev": 2.8501639366149902, "lowlevel.melbands_spread.mean": 4.687939167022705, "lowlevel.melbands_spread.stdev": 7.617475509643555, "lowlevel.pitch_salience.mean": 0.48661693930625916, "lowlevel.pitch_salience.stdev": 0.10371244698762894, "lowlevel.silence_rate_20dB.mean": 1.0, "lowlevel.silence_rate_20dB.stdev": 0.0, "lowlevel.silence_rate_30dB.mean": 0.9403244256973267, "lowlevel.silence_rate_30dB.stdev": 0.23688584566116333, "lowlevel.silence_rate_60dB.mean": 0.009269988164305687, "lowlevel.silence_rate_60dB.stdev": 0.095832958817482, "lowlevel.spectral_centroid.mean": 469.7554931640625, "lowlevel.spectral_centroid.stdev": 483.251953125, "lowlevel.spectral_complexity.mean": 9.87079906463623, "lowlevel.spectral_complexity.stdev": 7.33845329284668, "lowlevel.spectral_decrease.mean": -1.540703564728574e-08, "lowlevel.spectral_decrease.stdev": 7.935510915046962e-09, "lowlevel.spectral_energy.mean": 0.059449102729558945, "lowlevel.spectral_energy.stdev": 0.030698977410793304, "lowlevel.spectral_energyband_high.mean": 0.0004131124005652964, "lowlevel.spectral_energyband_high.stdev": 0.001001053606159985, "lowlevel.spectral_energyband_low.mean": 0.04224226996302605, "lowlevel.spectral_energyband_low.stdev": 0.024358881637454033, "lowlevel.spectral_energyband_middle_high.mean": 0.00118158885743469, "lowlevel.spectral_energyband_middle_high.stdev": 0.001823592814616859, "lowlevel.spectral_energyband_middle_low.mean": 0.020446673035621643, "lowlevel.spectral_energyband_middle_low.stdev": 0.017738977447152138, "lowlevel.spectral_entropy.mean": 6.421188831329346, "lowlevel.spectral_entropy.stdev": 1.251867413520813, "lowlevel.spectral_flux.mean": 0.06395823508501053, "lowlevel.spectral_flux.stdev": 0.05079382658004761, "lowlevel.spectral_kurtosis.mean": 27.206525802612305, "lowlevel.spectral_kurtosis.stdev": 56.77621841430664, "lowlevel.spectral_rms.mean": 0.007329511921852827, "lowlevel.spectral_rms.stdev": 0.0020681738387793303, "lowlevel.spectral_rolloff.mean": 318.170654296875, "lowlevel.spectral_rolloff.stdev": 778.07275390625, "lowlevel.spectral_skewness.mean": 3.0804030895233154, "lowlevel.spectral_skewness.stdev": 3.193150281906128, "lowlevel.spectral_spread.mean": 3814793.75, "lowlevel.spectral_spread.stdev": 2184895.5, "lowlevel.spectral_strongpeak.mean": 0.7471579313278198, "lowlevel.spectral_strongpeak.stdev": 0.43229493498802185, "lowlevel.zerocrossingrate.mean": 0.021022120490670204, "lowlevel.zerocrossingrate.stdev": 0.0331735834479332, "metadata.audio_properties.analysis.equal_loudness": 0.0, "metadata.audio_properties.analysis.length": 40.04265213012695, "metadata.audio_properties.analysis.sample_rate": 44100.0, "metadata.audio_properties.analysis.start_time": 0.0, "metadata.audio_properties.bit_rate": 115914.0, "metadata.audio_properties.length": 40.042667388916016, "metadata.audio_properties.lossless": 0.0, "metadata.audio_properties.number_channels": 1.0, "metadata.audio_properties.replay_gain": -10.869714736938477, "metadata.audio_properties.sample_rate": 48000.0, "rhythm.beats_count": 86.0, "rhythm.beats_loudness.mean": 0.06388198584318161, "rhythm.beats_loudness.stdev": 0.030601369217038155, "rhythm.bpm": 130.0792236328125, "rhythm.bpm_histogram_first_peak_bpm": 129.0, "rhythm.bpm_histogram_first_peak_weight": 0.28915661573410034, "rhythm.bpm_histogram_second_peak_bpm": 136.0, "rhythm.bpm_histogram_second_peak_spread": 0.5, "rhythm.bpm_histogram_second_peak_weight": 0.0117647061124444, "rhythm.danceability": 0.9737181067466736, "rhythm.onset_rate": 3.1207542419433594, "tonal.chords_changes_rate": 0.028935184702277184, "tonal.chords_number_rate": 0.0069444444961845875, "tonal.chords_strength.mean": 0.48768746852874756, "tonal.chords_strength.stdev": 0.08714797347784042, "tonal.hpcp_crest.mean": 13.239439010620117, "tonal.hpcp_crest.stdev": 4.521815299987793, "tonal.hpcp_entropy.mean": 1.8845428228378296, "tonal.hpcp_entropy.stdev": 0.5900390148162842, "tonal.key_edma.strength": 0.7726861834526062, "tonal.key_krumhansl.strength": 0.7754867076873779, "tonal.key_temperley.strength": 0.7657343745231628, "tonal.tuning_diatonic_strength": 0.5599439740180969, "tonal.tuning_equal_tempered_deviation": 0.08534317463636398, "tonal.tuning_frequency": 439.2381896972656, "tonal.tuning_nontempered_energy_ratio": 0.7595270872116089, "lowlevel.barkbands.mean": [0.00019292472279630601, 0.01615840382874012, 0.02110680192708969, 0.008463378064334393, 0.008036123588681221, 0.00081783247878775, 0.0007621893892064691, 0.0006067978101782501, 0.0016068981494754553, 0.0002946578315459192, 5.8799978432944044e-05, 8.716368029126897e-05, 7.362113683484495e-05, 0.00012032344238832593, 9.435544779989868e-05, 0.00013863941421732306, 0.0001014323061099276, 9.981951006921008e-05, 0.00015825411537662148, 0.000107360836409498, 6.940912862773985e-05, 9.31840913835913e-05, 8.741139754420146e-05, 6.114502320997417e-05, 3.7151112337596714e-05, 1.454723587812623e-05, 5.090745958113985e-07], "lowlevel.barkbands.stdev": [0.0003571530105546117, 0.01373438909649849, 0.01765410415828228, 0.008583549410104752, 0.011527642607688904, 0.0013757541310042143, 0.0017902676481753588, 0.00181493628770113, 0.002958412980660796, 0.0006671737646684051, 0.00012523801706265658, 0.00017368436965625733, 0.0001692078512860462, 0.0002867351286113262, 0.0002208465157309547, 0.00018638606707099825, 0.00016087968833744526, 0.0003907626960426569, 0.0006447548512369394, 0.0002824242110364139, 0.00015479198191314936, 0.000281179731246084, 0.0002844148257281631, 0.00016235736256930977, 9.36243959586136e-05, 4.5338169002206996e-05, 2.2386564069165615e-06], "lowlevel.erbbands.mean": [0.32089683413505554, 4.3080668449401855, 19.471620559692383, 31.077472686767578, 21.11992645263672, 37.133460998535156, 15.02176284790039, 6.69412088394165, 9.001728057861328, 13.274392127990723, 17.299184799194336, 27.188365936279297, 30.398231506347656, 5.942177772521973, 2.6201117038726807, 3.373121738433838, 3.8907101154327393, 6.471881866455078, 5.592312812805176, 4.372499942779541, 8.416458129882812, 6.055964469909668, 4.996799945831299, 8.491050720214844, 6.504865646362305, 5.026175022125244, 3.2421395778656006, 2.6691529750823975, 3.2857935428619385, 3.1808383464813232, 2.3167848587036133, 1.4725710153579712, 0.9404829144477844, 0.5101789236068726, 0.20316757261753082, 0.07905241847038269, 0.024813132360577583, 0.003395473351702094, 0.00010494935122551396, 6.881188892293721e-05], "lowlevel.erbbands.stdev": [0.28634461760520935, 3.6023879051208496, 14.254745483398438, 20.510129928588867, 22.036951065063477, 60.77528762817383, 24.15845489501953, 11.403351783752441, 23.095125198364258, 27.68579864501953, 44.25377655029297, 64.45531463623047, 49.39118194580078, 10.397130012512207, 4.34940767288208, 7.093785285949707, 8.555150985717773, 15.267940521240234, 13.64241886138916, 7.494420528411865, 10.795477867126465, 9.373960494995117, 15.499554634094238, 34.493431091308594, 25.712371826171875, 12.563355445861816, 6.84948205947876, 6.476448059082031, 9.800661087036133, 11.237373352050781, 7.162322998046875, 4.021522045135498, 2.5706944465637207, 1.34231436252594, 0.5217537879943848, 0.23011955618858337, 0.08598857372999191, 0.012617576867341995, 0.0002845386625267565, 3.7395464460132644e-05], "lowlevel.gfcc.mean": [-86.59065246582031, 149.4931182861328, -65.64924621582031, 62.20588302612305, -34.76191329956055, 8.267571449279785, -23.30278205871582, 6.790039539337158, -15.513283729553223, -17.998632431030273, -18.7862491607666, -20.76454734802246, -2.505260944366455], "lowlevel.melbands.mean": [0.0037447744980454445, 0.00881804060190916, 0.005122223403304815, 0.001913157175295055, 0.00084738340228796, 0.00014374952297657728, 0.00014747602108400315, 0.00013588099682237953, 0.00015085138147696853, 0.00019372771203052253, 0.00014948566968087107, 2.1928033675067127e-05, 8.52498851600103e-06, 8.984548003354575e-06, 8.533348591299728e-06, 8.989170964923687e-06, 1.2051277735736221e-05, 8.927087947085965e-06, 5.2641676120401826e-06, 7.246762379509164e-06, 1.0243883480143268e-05, 6.389442660292843e-06, 4.567267296806676e-06, 4.6248883336375e-06, 7.279681085492484e-06, 5.452333425637335e-06, 4.080268809047993e-06, 3.1411980216944357e-06, 2.0476900317589752e-06, 1.6748720099712955e-06, 1.530819758954749e-06, 1.9028342421734123e-06, 1.773126768966904e-06, 1.7662343907431932e-06, 1.4126964060778846e-06, 1.0251093272017897e-06, 8.596791758463951e-07, 6.855348715362197e-07, 5.208493121244828e-07, 3.99971810338684e-07], "lowlevel.melbands.stdev": [0.003021339885890484, 0.005644598975777626, 0.0032760347239673138, 0.0026506539434194565, 0.0013185652205720544, 0.00025110587012022734, 0.0003615804307628423, 0.00029629384516738355, 0.00036330035072751343, 0.00039278579060919583, 0.00024635973386466503, 4.497637928579934e-05, 1.6346701158909127e-05, 1.7009791918098927e-05, 2.1080904843984172e-05, 1.9860508473357186e-05, 2.9967008231324144e-05, 2.2688303943141364e-05, 1.1318003089400008e-05, 1.12981460915762e-05, 1.3660035619977862e-05, 1.0309472600056324e-05, 9.802499334909953e-06, 2.037660487985704e-05, 2.970419700432103e-05, 2.5431925678276457e-05, 1.3607302207674365e-05, 7.324425951082958e-06, 4.342387001088355e-06, 3.957010449084919e-06, 3.8603757275268435e-06, 5.670176960848039e-06, 5.90074614592595e-06, 6.511230822070502e-06, 4.458237071958138e-06, 3.062566065636929e-06, 2.3055765723256627e-06, 1.8914561223937199e-06, 1.4217382613423979e-06, 1.0890047406064696e-06], "lowlevel.melbands128.mean": [0.00015056319534778595, 0.0017992553766816854, 0.005277722142636776, 0.007419869769364595, 0.008853315375745296, 0.011082171462476254, 0.006672851275652647, 0.003887853352352977, 0.0016450867988169193, 0.0014610799262300134, 0.0025684363208711147, 0.0014715878060087562, 0.00035843823570758104, 0.00010926078539341688, 0.00010966244008159265, 0.0002095237432513386, 0.000121161290735472, 0.00014427740825340152, 0.00014571899373549968, 0.0001895409805001691, 7.954892498673871e-05, 0.00013198645319789648, 0.00015676931070629507, 0.00017063762061297894, 0.00016162029351107776, 0.0001488632260588929, 0.00040959290345199406, 8.426323620369658e-05, 2.949547160824295e-05, 3.137823296128772e-05, 1.5609513866365887e-05, 1.0039003427664284e-05, 9.71944973571226e-06, 4.424255621415796e-06, 1.0738363016571384e-05, 9.271697308577131e-06, 8.201272066798992e-06, 9.171103556582239e-06, 7.998575711098965e-06, 8.875359526427928e-06, 5.414689894678304e-06, 1.5387779058073647e-05, 1.4798058145970572e-05, 9.331613000540528e-06, 6.053782271919772e-06, 1.1741411071852781e-05, 9.27889868762577e-06, 3.3486219308542786e-06, 4.1192674871126655e-06, 6.364791261148639e-06, 6.5530311985639855e-06, 8.78103674040176e-06, 1.4422729691432323e-05, 7.99556164565729e-06, 7.012324203969911e-06, 7.076779638737207e-06, 5.351978870749008e-06, 4.377002369437832e-06, 4.836857442569453e-06, 3.7672373309760587e-06, 3.9854016904428136e-06, 5.541278824239271e-06, 6.82182508171536e-06, 8.67688959260704e-06, 6.737470812367974e-06, 5.912737833568826e-06, 4.064998393005226e-06, 3.740678948815912e-06, 4.6821269279462285e-06, 3.586148295653402e-06, 3.3762787552404916e-06, 2.6981185783370165e-06, 2.287479901497136e-06, 1.9194549167877994e-06, 1.8006951449933695e-06, 1.932452732944512e-06, 1.4821755485172616e-06, 1.226434733325732e-06, 1.564717877045041e-06, 1.7482512930655503e-06, 1.96201540347829e-06, 2.1415785340650473e-06, 1.4976670854593976e-06, 1.7862899994725012e-06, 1.8832528212442412e-06, 1.8241452153233695e-06, 1.718382804938301e-06, 1.6603614767518593e-06, 1.4237480172596406e-06, 1.2489005030147382e-06, 1.0520327577978605e-06, 1.0450812624185346e-06, 8.089894549812016e-07, 9.352337997370341e-07, 8.181870043699746e-07, 7.023246553217177e-07, 6.736100885973428e-07, 6.574222766175808e-07, 4.6565574507440033e-07, 5.093070285511203e-07, 4.560757815852412e-07, 3.9637950521864695e-07, 3.120527765076986e-07, 2.608400677672762e-07, 2.1481046985627472e-07, 1.6984334649805533e-07, 2.1356326840304973e-07, 1.5937209241201344e-07, 1.237994950997745e-07, 1.1302617508590629e-07, 9.370792497520597e-08, 8.049249089481236e-08, 8.177109833695795e-08, 7.305952465230803e-08, 5.2176730491737544e-08, 3.418569605173616e-08, 1.8452722017059386e-08, 3.908677381758707e-09, 2.121641057284407e-10, 1.4586718985465374e-11, 1.6089393706231192e-11, 1.0252559218271173e-11, 8.086007557972508e-12, 7.943326552073415e-12, 7.797330489611731e-12, 7.630764076171914e-12, 7.527803901064e-12, 7.481668930220398e-12], "lowlevel.melbands128.stdev": [0.00032371521228924394, 0.0021590369287878275, 0.0045694815926253796, 0.007651069667190313, 0.00698893191292882, 0.00975098367780447, 0.004771851003170013, 0.004810741171240807, 0.0019783158786594868, 0.0032836315222084522, 0.00444723991677165, 0.0024150791577994823, 0.0007989087607711554, 0.00028302936698310077, 0.00024016287352424115, 0.00040752242784947157, 0.00028924475191161036, 0.0006193212466314435, 0.0003945321368519217, 0.0004499485658016056, 0.00036218506284058094, 0.0004947968991473317, 0.0004912922740913928, 0.0005621605087071657, 0.0007011968409642577, 0.00026582213467918336, 0.000698768999427557, 0.00021596420265268534, 0.00011700189497787505, 7.797325088176876e-05, 3.6177247238811105e-05, 2.364888132433407e-05, 2.4802957341307774e-05, 9.527013389742933e-06, 2.289974690938834e-05, 2.445539939799346e-05, 2.3243981559062377e-05, 3.225781983928755e-05, 2.9384276786004193e-05, 2.4626766389701515e-05, 1.530930785520468e-05, 5.122130460222252e-05, 4.82772447867319e-05, 2.9432938390527852e-05, 2.2463860659627244e-05, 3.303360063000582e-05, 3.33983771270141e-05, 8.49202842800878e-06, 1.0819573617482092e-05, 1.3822116670780815e-05, 1.5187844837782905e-05, 1.3096449038130231e-05, 2.3256390704773366e-05, 1.2327955118962564e-05, 1.3574004697147757e-05, 1.389609769830713e-05, 1.1365221325831953e-05, 1.0080597348860465e-05, 1.1683758202707395e-05, 1.2457147022360004e-05, 2.0938947272952646e-05, 3.282735269749537e-05, 2.726919592532795e-05, 3.677755012176931e-05, 3.4287349990336224e-05, 3.4450342354830354e-05, 1.543294456496369e-05, 1.3995572771818843e-05, 1.7629336070967838e-05, 1.0828251106431708e-05, 8.91496347321663e-06, 5.914478151680669e-06, 5.570692792389309e-06, 4.207042820780771e-06, 4.304403319110861e-06, 4.79528307550936e-06, 4.112750048079761e-06, 3.202681000402663e-06, 4.284941951482324e-06, 5.01044132761308e-06, 6.095975550124422e-06, 7.668134458072018e-06, 4.6799559640930966e-06, 6.426408162951702e-06, 7.005390216363594e-06, 7.697956789343152e-06, 6.75041655995301e-06, 5.546279680856969e-06, 4.57165015177452e-06, 4.2522324292804115e-06, 3.3686060305626597e-06, 3.4310010050830897e-06, 2.318439328519162e-06, 2.6855343548959354e-06, 2.239753939647926e-06, 1.933461817316129e-06, 1.9830704331980087e-06, 2.210727416240843e-06, 1.315877966590051e-06, 1.4374651300386176e-06, 1.2718546713585965e-06, 1.2234688711032504e-06, 8.545601986043039e-07, 6.812844048909028e-07, 6.668728929071222e-07, 5.04393938172143e-07, 6.225216679922596e-07, 4.834326432501257e-07, 4.0700101067159267e-07, 3.932190963951143e-07, 3.814701301507739e-07, 3.0393155725505494e-07, 2.9280258218022936e-07, 3.186152071066317e-07, 2.1843126774001576e-07, 1.370373041709172e-07, 7.99288812913801e-08, 2.4197809977977158e-08, 3.0252786942241983e-09, 1.8421524028422454e-10, 2.3661886339176874e-10, 6.433321236842815e-11, 1.1527634749541882e-11, 1.1327877004474463e-11, 1.116350328150828e-11, 1.1031442252729118e-11, 1.0934715806432127e-11, 1.087531540516773e-11], "lowlevel.mfcc.mean": [-740.5247802734375, 165.50372314453125, 39.11511993408203, 58.64201354980469, 23.211400985717773, 10.899664878845215, 8.994794845581055, 13.627614974975586, 10.940531730651855, 10.31562328338623, -3.963228225708008, -7.672684669494629, -9.491930961608887], "lowlevel.spectral_contrast_coeffs.mean": [-0.6122329235076904, -0.7603440880775452, -0.7469443082809448, -0.818513035774231, -0.8236697912216187, -0.7857627868652344], "lowlevel.spectral_contrast_coeffs.stdev": [0.06450195610523224, 0.08235834538936615, 0.06983382999897003, 0.05303438752889633, 0.041967276483774185, 0.054266978055238724], "lowlevel.spectral_contrast_valleys.mean": [-6.330836296081543, -7.705027103424072, -8.620389938354492, -8.798619270324707, -8.587382316589355, -11.533977508544922], "lowlevel.spectral_contrast_valleys.stdev": [1.0454407930374146, 1.3682312965393066, 1.5935289859771729, 1.6984455585479736, 1.7973676919937134, 1.895045518875122], "rhythm.beats_loudness_band_ratio.mean": [0.7752617001533508, 0.15206660330295563, 0.06099838390946388, 0.011107581667602062, 0.011630606837570667, 0.015052051283419132], "rhythm.beats_loudness_band_ratio.stdev": [0.19928084313869476, 0.14076802134513855, 0.0804305300116539, 0.01502208225429058, 0.013636395335197449, 0.01964167319238186], "tonal.hpcp.mean": [0.08078735321760178, 0.04984752833843231, 0.022199852392077446, 0.018690617755055428, 0.0248387660831213, 0.2409750074148178, 0.5298707485198975, 0.3400850296020508, 0.07564473152160645, 0.07177077233791351, 0.040038350969552994, 0.041312362998723984, 0.06987456232309341, 0.041465047746896744, 0.01325241755694151, 0.01962362602353096, 0.015244923532009125, 0.009296522475779057, 0.013010293245315552, 0.014684554189443588, 0.11571747064590454, 0.31773948669433594, 0.24062179028987885, 0.04476020857691765, 0.020853444933891296, 0.013500546105206013, 0.0471859946846962, 0.1138068288564682, 0.08884245157241821, 0.04164831340312958, 0.04216255992650986, 0.021320538595318794, 0.010065183974802494, 0.011314800940454006, 0.015986695885658264, 0.054356034845113754], "tonal.hpcp.stdev": [0.22114789485931396, 0.15230536460876465, 0.1141347736120224, 0.10217522829771042, 0.1106482520699501, 0.2623699903488159, 0.4377690851688385, 0.3076193928718567, 0.18007053434848785, 0.2405351847410202, 0.13571593165397644, 0.15017946064472198, 0.22070716321468353, 0.14710481464862823, 0.05089844763278961, 0.04948387295007706, 0.05477256327867508, 0.059046559035778046, 0.0606573112308979, 0.0740613043308258, 0.17623208463191986, 0.42282113432884216, 0.3445020914077759, 0.13322697579860687, 0.1135210171341896, 0.07554297149181366, 0.1526666283607483, 0.2260710746049881, 0.19161929190158844, 0.14266231656074524, 0.1534479707479477, 0.07972156256437302, 0.06151619553565979, 0.05879734456539154, 0.07641029357910156, 0.16699697077274323], "rhythm.beats_position": [0.41795918345451355, 0.847528338432312, 1.2887074947357178, 1.7414965629577637, 2.2058956623077393, 2.658684730529785, 3.111473798751831, 3.5758728981018066, 4.040272235870361, 4.493061065673828, 4.957460403442383, 5.421859264373779, 5.874648571014404, 6.339047431945801, 6.8034467697143555, 7.256235599517822, 7.709024906158447, 8.173423767089844, 8.637823104858398, 9.102222442626953, 9.566620826721191, 10.031020164489746, 10.4954195022583, 10.959818840026855, 11.424217224121094, 11.888616561889648, 12.353015899658203, 12.817414283752441, 13.281813621520996, 13.734602928161621, 14.187392234802246, 14.640181541442871, 15.09296989440918, 15.557369232177734, 16.02176856994629, 16.486167907714844, 16.9505672454834, 17.414966583251953, 17.879364013671875, 18.3321533203125, 18.784942626953125, 19.24934196472168, 19.713741302490234, 20.17814064025879, 20.642539978027344, 21.1069393157959, 21.57133674621582, 22.024126052856445, 22.47691535949707, 22.941314697265625, 23.40571403503418, 23.870113372802734, 24.33451271057129, 24.798912048339844, 25.263309478759766, 25.72770881652832, 26.192108154296875, 26.6448974609375, 27.097686767578125, 27.56208610534668, 28.026485443115234, 28.49088478088379, 28.95528221130371, 29.419681549072266, 29.88408088684082, 30.336870193481445, 30.78965950012207, 31.254058837890625, 31.71845817565918, 32.182857513427734, 32.647254943847656, 33.111656188964844, 33.576053619384766, 34.02884292602539, 34.481632232666016, 34.94602966308594, 35.410430908203125, 35.87482833862305, 36.339229583740234, 36.803627014160156, 37.25641632080078, 37.709205627441406, 38.17360305786133, 38.638004302978516, 39.10240173339844, 39.57841110229492], "rhythm.bpm_histogram": [0.0, 0.0, 0.0, 0.0, 0.0, 0.0, 0.0, 0.0, 0.0, 0.0, 0.0, 0.0, 0.0, 0.0, 0.0, 0.0, 0.0, 0.0, 0.0, 0.0, 0.0, 0.0, 0.0, 0.0, 0.0, 0.0, 0.0, 0.0, 0.0, 0.0, 0.0, 0.0, 0.0, 0.0, 0.0, 0.0, 0.0, 0.0, 0.0, 0.0, 0.0, 0.0, 0.0, 0.0, 0.0, 0.0, 0.0, 0.0, 0.0, 0.0, 0.0, 0.0, 0.0, 0.0, 0.0, 0.0, 0.0, 0.0, 0.0, 0.0, 0.0, 0.0, 0.0, 0.0, 0.0, 0.0, 0.0, 0.0, 0.0, 0.0, 0.0, 0.0, 0.0, 0.0, 0.0, 0.0, 0.0, 0.0, 0.0, 0.0, 0.0, 0.0, 0.0, 0.0, 0.0, 0.0, 0.0, 0.0, 0.0, 0.0, 0.0, 0.0, 0.0, 0.0, 0.0, 0.0, 0.0, 0.0, 0.0, 0.0, 0.0, 0.0, 0.0, 0.0, 0.0, 0.0, 0.0, 0.0, 0.0, 0.0, 0.0, 0.0, 0.0, 0.0, 0.0, 0.0, 0.0, 0.0, 0.0, 0.0, 0.0, 0.0, 0.0, 0.0, 0.0, 0.0, 0.0117647061124444, 0.0, 0.0, 0.6941176652908325, 0.0, 0.0, 0.0, 0.2705882489681244, 0.0, 0.0, 0.0117647061124444, 0.0, 0.0, 0.0, 0.0117647061124444, 0.0, 0.0, 0.0, 0.0, 0.0, 0.0, 0.0, 0.0, 0.0, 0.0, 0.0, 0.0, 0.0, 0.0, 0.0, 0.0, 0.0, 0.0, 0.0, 0.0, 0.0, 0.0, 0.0, 0.0, 0.0, 0.0, 0.0, 0.0, 0.0, 0.0, 0.0, 0.0, 0.0, 0.0, 0.0, 0.0, 0.0, 0.0, 0.0, 0.0, 0.0, 0.0, 0.0, 0.0, 0.0, 0.0, 0.0, 0.0, 0.0, 0.0, 0.0, 0.0, 0.0, 0.0, 0.0, 0.0, 0.0, 0.0, 0.0, 0.0, 0.0, 0.0, 0.0, 0.0, 0.0, 0.0, 0.0, 0.0, 0.0, 0.0, 0.0, 0.0, 0.0, 0.0, 0.0, 0.0, 0.0, 0.0, 0.0, 0.0, 0.0, 0.0, 0.0, 0.0, 0.0, 0.0, 0.0, 0.0, 0.0, 0.0, 0.0, 0.0, 0.0, 0.0, 0.0, 0.0, 0.0, 0.0, 0.0, 0.0, 0.0, 0.0, 0.0, 0.0, 0.0, 0.0, 0.0, 0.0, 0.0], "tonal.chords_histogram": [14.467592239379883, 0.0, 24.421297073364258, 4.166666507720947, 1.5046296119689941, 0.0, 0.5787037014961243, 2.6620371341705322, 0.0, 51.27314758300781, 0.3472222089767456, 0.0, 0.0, 0.0, 0.0, 0.0, 0.0, 0.0, 0.0, 0.0, 0.0, 0.0, 0.0, 0.5787037014961243], "tonal.thpcp": [1.0, 0.6418263912200928, 0.1427607238292694, 0.1354495882987976, 0.075562484562397, 0.07796686887741089, 0.13187095522880554, 0.07825502008199692, 0.02501066029071808, 0.037034742534160614, 0.028771022334694862, 0.017544887959957123, 0.024553710594773293, 0.027713464573025703, 0.21838811039924622, 0.5996546745300293, 0.4541141092777252, 0.08447382599115372, 0.039355721324682236, 0.025478942319750786, 0.08905189484357834, 0.2147822380065918, 0.1676681637763977, 0.07860089093446732, 0.07957140356302261, 0.040237244218587875, 0.01899554580450058, 0.021353889256715775, 0.03017093427479267, 0.10258357226848602, 0.15246614813804626, 0.09407488256692886, 0.04189673066139221, 0.03527391701936722, 0.04687702655792236, 0.4547807276248932], "lowlevel.gfcc.cov": [[21135.083984375, -3145.457763671875, -5344.69677734375, -261.9171447753906, -2627.233154296875, 668.7463989257812, -1460.1085205078125, 1088.1500244140625, -376.40069580078125, 677.7302856445312, -176.63485717773438, 516.347412109375, -328.76678466796875], [-3145.457763671875, 2488.998779296875, 103.7144775390625, -272.72381591796875, 928.2000732421875, -684.8759155273438, 555.2282104492188, -336.4559326171875, 266.64910888671875, -345.30694580078125, 218.61766052246094, -331.01800537109375, 299.7564392089844], [-5344.69677734375, 103.7144775390625, 3045.182373046875, 200.39634704589844, 461.55242919921875, 250.81423950195312, 185.88107299804688, -233.4130401611328, 2.369415283203125, -88.4087142944336, -126.70970153808594, -9.8201322555542, -82.76528930664062], [-261.9171447753906, -272.72381591796875, 200.39634704589844, 442.32684326171875, -36.24601745605469, 86.12045288085938, 40.066795349121094, -26.43319320678711, 28.927959442138672, -26.675933837890625, 29.704479217529297, -10.445857048034668, 44.40092086791992], [-2627.233154296875, 928.2000732421875, 461.55242919921875, -36.24601745605469, 803.07470703125, -312.81524658203125, 334.9580078125, -180.6370849609375, 61.56157684326172, -115.68980407714844, 22.426603317260742, -90.18696594238281, 76.40667724609375], [668.7463989257812, -684.8759155273438, 250.81423950195312, 86.12045288085938, -312.81524658203125, 372.6919250488281, -159.48081970214844, 94.91854858398438, -52.34363555908203, 65.00813293457031, -31.748449325561523, 61.283451080322266, -87.48766326904297], [-1460.1085205078125, 555.2282104492188, 185.88107299804688, 40.066795349121094, 334.9580078125, -159.48081970214844, 307.4815979003906, -109.09420013427734, 61.63414001464844, -75.45343780517578, 34.308753967285156, -88.40398406982422, 51.900760650634766], [1088.1500244140625, -336.4559326171875, -233.4130401611328, -26.43319320678711, -180.6370849609375, 94.91854858398438, -109.09420013427734, 155.8508758544922, -12.468701362609863, 48.25811767578125, -24.053010940551758, 44.07190704345703, -47.11497116088867], [-376.40069580078125, 266.64910888671875, 2.369415283203125, 28.927959442138672, 61.56157684326172, -52.34363555908203, 61.63414001464844, -12.468701362609863, 117.69515228271484, -37.76061248779297, 54.81536865234375, -59.331050872802734, 37.9161491394043], [677.7302856445312, -345.30694580078125, -88.4087142944336, -26.675933837890625, -115.68980407714844, 65.00813293457031, -75.45343780517578, 48.25811767578125, -37.76061248779297, 137.37689208984375, -36.08563995361328, 64.11377716064453, -75.00173950195312], [-176.63485717773438, 218.61766052246094, -126.70970153808594, 29.704479217529297, 22.426603317260742, -31.748449325561523, 34.308753967285156, -24.053010940551758, 54.81536865234375, -36.08563995361328, 102.15615844726562, -45.77772521972656, 44.51264190673828], [516.347412109375, -331.01800537109375, -9.8201322555542, -10.445857048034668, -90.18696594238281, 61.283451080322266, -88.40398406982422, 44.07190704345703, -59.331050872802734, 64.11377716064453, -45.77772521972656, 100.81497192382812, -40.50090026855469], [-328.76678466796875, 299.7564392089844, -82.76528930664062, 44.40092086791992, 76.40667724609375, -87.48766326904297, 51.900760650634766, -47.11497116088867, 37.9161491394043, -75.00173950195312, 44.51264190673828, -40.50090026855469, 109.52188110351562]], "lowlevel.gfcc.icov": [[0.00030756794149056077, -0.0009654119494371116, 0.0005525153246708214, -0.0008927984163165092, 0.000562769069802016, -0.0007373974076472223, 0.0008049740572459996, -0.0008397834608331323, 0.0006093926494941115, -0.0006523205083794892, 0.001249460969120264, -0.0009791863849386573, 0.0010930543066933751], [-0.0009654119494371116, 0.008163644932210445, -0.0022128557320684195, 0.00689085153862834, -0.0030253801960498095, 0.005706758704036474, -0.004552616272121668, 0.00440392829477787, -0.004654421471059322, 0.004423520062118769, -0.007717403583228588, 0.007745915558189154, -0.008344586007297039], [0.0005525153246708214, -0.0022128557320684195, 0.0017439202638342977, -0.0021269952412694693, 0.0005808845162391663, -0.002753700129687786, 0.0016968525014817715, -0.00030492382938973606, 0.0004899015766568482, -0.0006152830319479108, 0.0037678119260817766, -0.002631261944770813, 0.003259660443291068], [-0.0008927984163165092, 0.00689085153862834, -0.0021269952412694693, 0.008772649802267551, -0.002294205827638507, 0.0036377725191414356, -0.004933766555041075, 0.0041701835580170155, -0.004509273916482925, 0.0034580393694341183, -0.006982346531003714, 0.005783767905086279, -0.009159573353827], [0.000562769069802016, -0.0030253801960498095, 0.0005808845162391663, -0.002294205827638507, 0.004784921649843454, -5.65420805287431e-06, -0.0003703038382809609, -0.0016424255445599556, 0.0020417652558535337, -0.0011056532384827733, 0.0028554582968354225, -0.00372774014249444, 0.0034619367215782404], [-0.0007373974076472223, 0.005706758704036474, -0.002753700129687786, 0.0036377725191414356, -5.65420805287431e-06, 0.011231746524572372, -0.0025151430163532495, 0.0004660732520278543, -0.0011484810383990407, 0.0033061541616916656, -0.007789603900164366, 0.005848619621247053, -0.003029613522812724], [0.0008049740572459996, -0.004552616272121668, 0.0016968525014817715, -0.004933766555041075, -0.0003703038382809609, -0.0025151430163532495, 0.01072714477777481, -0.001379973953589797, 0.001830576453357935, -0.002555553801357746, 0.005239234305918217, -0.0007397784502245486, 0.005944575648754835], [-0.0008397834608331323, 0.00440392829477787, -0.00030492382938973606, 0.0041701835580170155, -0.0016424255445599556, 0.0004660732520278543, -0.001379973953589797, 0.016158657148480415, -0.007326412480324507, 0.004485790617763996, -0.0013569069560617208, 0.0010210523614659905, -0.0008346004178747535], [0.0006093926494941115, -0.004654421471059322, 0.0004899015766568482, -0.004509273916482925, 0.0020417652558535337, -0.0011484810383990407, 0.001830576453357935, -0.007326412480324507, 0.018627287819981575, -0.004645470529794693, -0.0017423530807718635, 0.002620503306388855, 0.002452708315104246], [-0.0006523205083794892, 0.004423520062118769, -0.0006152830319479108, 0.0034580393694341183, -0.0011056532384827733, 0.0033061541616916656, -0.002555553801357746, 0.004485790617763996, -0.004645470529794693, 0.01848948746919632, -0.003880646312609315, -0.003162968438118696, 0.005298692267388105], [0.001249460969120264, -0.007717403583228588, 0.0037678119260817766, -0.006982346531003714, 0.0028554582968354225, -0.007789603900164366, 0.005239234305918217, -0.0013569069560617208, -0.0017423530807718635, -0.003880646312609315, 0.025258082896471024, -0.004597713239490986, 0.005249734036624432], [-0.0009791863849386573, 0.007745915558189154, -0.002631261944770813, 0.005783767905086279, -0.00372774014249444, 0.005848619621247053, -0.0007397784502245486, 0.0010210523614659905, 0.002620503306388855, -0.003162968438118696, -0.004597713239490986, 0.029958410188555717, -0.01053647045046091], [0.0010930543066933751, -0.008344586007297039, 0.003259660443291068, -0.009159573353827, 0.0034619367215782404, -0.003029613522812724, 0.005944575648754835, -0.0008346004178747535, 0.002452708315104246, 0.005298692267388105, 0.005249734036624432, -0.01053647045046091, 0.03016531839966774]], "lowlevel.mfcc.cov": [[24200.20703125, -4095.2939453125, -3934.8623046875, -1886.910400390625, -1626.15478515625, -1323.749755859375, -1093.4930419921875, -385.6470642089844, -575.3888549804688, 9.890032768249512, -29.79958724975586, 166.79122924804688, 223.47413635253906], [-4095.2939453125, 2718.25390625, -371.99481201171875, 549.9033813476562, 253.42916870117188, 8.97628116607666, 221.93031311035156, -7.220733165740967, 149.92930603027344, 39.40736770629883, -70.74805450439453, -16.95330238342285, -27.744155883789062], [-3934.8623046875, -371.99481201171875, 2220.95263671875, 44.247718811035156, 372.36810302734375, 412.8996887207031, 101.07252502441406, 151.88475036621094, 61.999107360839844, -8.43463134765625, 76.8675537109375, -56.996131896972656, -90.130615234375], [-1886.910400390625, 549.9033813476562, 44.247718811035156, 584.4840698242188, 132.0859832763672, 137.009033203125, 131.9871368408203, 21.55177116394043, 104.8218002319336, -3.6763947010040283, -33.969120025634766, -3.591313123703003, 6.63843297958374], [-1626.15478515625, 253.42916870117188, 372.36810302734375, 132.0859832763672, 290.2056579589844, 102.85099792480469, 75.78278350830078, 49.44516372680664, 44.6031379699707, -13.456753730773926, -10.961994171142578, -11.20515251159668, -1.875463843345642], [-1323.749755859375, 8.97628116607666, 412.8996887207031, 137.009033203125, 102.85099792480469, 222.6087188720703, 100.5506362915039, 31.328378677368164, 32.961402893066406, -6.115910530090332, 20.529050827026367, -12.30514144897461, -20.086965560913086], [-1093.4930419921875, 221.93031311035156, 101.07252502441406, 131.9871368408203, 75.78278350830078, 100.5506362915039, 146.85733032226562, 39.681884765625, 33.9548454284668, -0.5451287627220154, 3.5037622451782227, -12.835147857666016, -15.556241989135742], [-385.6470642089844, -7.220733165740967, 151.88475036621094, 21.55177116394043, 49.44516372680664, 31.328378677368164, 39.681884765625, 93.78484344482422, 27.20458984375, 12.189249038696289, 5.8445281982421875, -6.299072265625, -5.712407112121582], [-575.3888549804688, 149.92930603027344, 61.999107360839844, 104.8218002319336, 44.6031379699707, 32.961402893066406, 33.9548454284668, 27.20458984375, 83.81941223144531, 7.811661720275879, -3.763169050216675, 0.017877090722322464, -1.0472618341445923], [9.890032768249512, 39.40736770629883, -8.43463134765625, -3.6763947010040283, -13.456753730773926, -6.115910530090332, -0.5451287627220154, 12.189249038696289, 7.811661720275879, 68.59283447265625, 29.10422134399414, 8.00927448272705, 2.189739465713501], [-29.79958724975586, -70.74805450439453, 76.8675537109375, -33.969120025634766, -10.961994171142578, 20.529050827026367, 3.5037622451782227, 5.8445281982421875, -3.763169050216675, 29.10422134399414, 73.02066802978516, 22.61522674560547, -0.3110183775424957], [166.79122924804688, -16.95330238342285, -56.996131896972656, -3.591313123703003, -11.20515251159668, -12.30514144897461, -12.835147857666016, -6.299072265625, 0.017877090722322464, 8.00927448272705, 22.61522674560547, 53.736549377441406, 27.874868392944336], [223.47413635253906, -27.744155883789062, -90.130615234375, 6.63843297958374, -1.875463843345642, -20.086965560913086, -15.556241989135742, -5.712407112121582, -1.0472618341445923, 2.189739465713501, -0.3110183775424957, 27.874868392944336, 58.486698150634766]], "lowlevel.mfcc.icov": [[0.00017465403652749956, 0.00020215698168613017, 0.0002545038587413728, 0.00014922217815183103, 0.00023744828649796546, 0.00012462763697840273, 0.00046817719703540206, -0.00012192555732326582, 0.00014935291255824268, -7.720847497694194e-05, 0.00011362006625859067, -6.0032503824913874e-05, 1.6332360246451572e-06], [0.00020215698168613017, 0.0008612948004156351, 0.00040350350900553167, -0.0001763210748322308, -0.000305222871247679, 0.0007643250864930451, -0.0003148734394926578, 0.0004967991844750941, -0.0003047286591026932, -0.0007270779460668564, 0.0004889908595941961, -0.00028177534113638103, 0.000654119357932359], [0.0002545038587413728, 0.00040350350900553167, 0.0014451037859544158, 0.00046465557534247637, -0.0006917406572028995, -0.0016447744565084577, 0.0018080903682857752, -0.0010993670439347625, -2.7359922114555957e-06, 3.160877531627193e-05, -0.0005894790519960225, 0.0004211115592624992, 0.0009745924617163837], [0.00014922217815183103, -0.0001763210748322308, 0.00046465557534247637, 0.0033531279768794775, -8.412768511334434e-05, -0.001749522634781897, -0.00045474732178263366, 0.00043081698822788894, -0.0023374243173748255, -0.0002461550466250628, 0.001550286659039557, -0.00047999268281273544, -0.000796412059571594], [0.00023744828649796546, -0.000305222871247679, -0.0006917406572028995, -8.412768511334434e-05, 0.006437628995627165, -0.00014436811034101993, -0.00028900662437081337, -0.0014698648592457175, -6.371213385136798e-05, 0.0011455267667770386, 0.0011679939925670624, -2.7305917683406733e-05, -0.002196903806179762], [0.00012462763697840273, 0.0007643250864930451, -0.0016447744565084577, -0.001749522634781897, -0.00014436811034101993, 0.012146719731390476, -0.00629895506426692, 0.002434043912217021, -0.00018920622824225575, 0.0006364050786942244, -0.0019311897922307253, 0.0001558393269078806, 0.00016796776617411524], [0.00046817719703540206, -0.0003148734394926578, 0.0018080903682857752, -0.00045474732178263366, -0.00028900662437081337, -0.00629895506426692, 0.01609080843627453, -0.005516544915735722, 0.0007324733305722475, 0.0012378683313727379, -0.0018408293835818768, 0.0018078419379889965, 0.0015634861774742603], [-0.00012192555732326582, 0.0004967991844750941, -0.0010993670439347625, 0.0004