{"song_id": "1183714841194672208", "download": "https://cdn.discordapp.com/attachments/1135911532732108921/1183714841194672208/chirp.mp4?ex=6589575a&amp", "lyrics": "Kiss my lips\nKiss my chicks\nI wanna feel your breath is hot\nGo ahead, my dear creep\nI don't wanna sleep -\nThis is the last and the least thing I want when I'm in your bed\nI wanna stuff my skin with a cotton whool", "style": ["indusrial rock"], "essentia_features": {"lowlevel.average_loudness": 0.9835944771766663, "lowlevel.barkbands_crest.mean": 10.968588829040527, "lowlevel.barkbands_crest.stdev": 3.4917142391204834, "lowlevel.barkbands_flatness_db.mean": 0.1312844604253769, "lowlevel.barkbands_flatness_db.stdev": 0.030372850596904755, "lowlevel.barkbands_kurtosis.mean": -0.0473153181374073, "lowlevel.barkbands_kurtosis.stdev": 1.9759800434112549, "lowlevel.barkbands_skewness.mean": 1.093153715133667, "lowlevel.barkbands_skewness.stdev": 0.6397795081138611, "lowlevel.barkbands_spread.mean": 43.51713943481445, "lowlevel.barkbands_spread.stdev": 10.128766059875488, "lowlevel.dissonance.mean": 0.4898681044578552, "lowlevel.dissonance.stdev": 0.007195422425866127, "lowlevel.dynamic_complexity": 0.9001935720443726, "lowlevel.erbbands_crest.mean": 7.555538177490234, "lowlevel.erbbands_crest.stdev": 2.1901140213012695, "lowlevel.erbbands_flatness_db.mean": 0.1682148426771164, "lowlevel.erbbands_flatness_db.stdev": 0.031453538686037064, "lowlevel.erbbands_kurtosis.mean": 2.015758991241455, "lowlevel.erbbands_kurtosis.stdev": 1.981746792793274, "lowlevel.erbbands_skewness.mean": -1.4419684410095215, "lowlevel.erbbands_skewness.stdev": 0.5183783173561096, "lowlevel.erbbands_spread.mean": 38.02324295043945, "lowlevel.erbbands_spread.stdev": 11.303460121154785, "lowlevel.hfc.mean": 30.235733032226562, "lowlevel.hfc.stdev": 10.908303260803223, "lowlevel.loudness_ebu128.integrated": -11.650982856750488, "lowlevel.loudness_ebu128.loudness_range": 0.756403923034668, "lowlevel.loudness_ebu128.momentary.mean": -11.686630249023438, "lowlevel.loudness_ebu128.momentary.stdev": 0.5602293014526367, "lowlevel.loudness_ebu128.short_term.mean": -11.675666809082031, "lowlevel.loudness_ebu128.short_term.stdev": 0.2356039583683014, "lowlevel.melbands_crest.mean": 18.43701934814453, "lowlevel.melbands_crest.stdev": 4.116105079650879, "lowlevel.melbands_flatness_db.mean": 0.19118604063987732, "lowlevel.melbands_flatness_db.stdev": 0.036727938801050186, "lowlevel.melbands_kurtosis.mean": 10.07044506072998, "lowlevel.melbands_kurtosis.stdev": 9.109792709350586, "lowlevel.melbands_skewness.mean": 3.0745739936828613, "lowlevel.melbands_skewness.stdev": 1.1069236993789673, "lowlevel.melbands_spread.mean": 36.533939361572266, "lowlevel.melbands_spread.stdev": 15.132640838623047, "lowlevel.pitch_salience.mean": 0.484445184469223, "lowlevel.pitch_salience.stdev": 0.09739889949560165, "lowlevel.silence_rate_20dB.mean": 1.0, "lowlevel.silence_rate_20dB.stdev": 0.0, "lowlevel.silence_rate_30dB.mean": 1.0, "lowlevel.silence_rate_30dB.stdev": 0.0, "lowlevel.silence_rate_60dB.mean": 0.0017636683769524097, "lowlevel.silence_rate_60dB.stdev": 0.041958872228860855, "lowlevel.spectral_centroid.mean": 2537.81982421875, "lowlevel.spectral_centroid.stdev": 336.5157470703125, "lowlevel.spectral_complexity.mean": 34.985008239746094, "lowlevel.spectral_complexity.stdev": 7.319409370422363, "lowlevel.spectral_decrease.mean": -7.71272468114148e-09, "lowlevel.spectral_decrease.stdev": 3.169760676158262e-09, "lowlevel.spectral_energy.mean": 0.03185207396745682, "lowlevel.spectral_energy.stdev": 0.012352479621767998, "lowlevel.spectral_energyband_high.mean": 0.0017958313692361116, "lowlevel.spectral_energyband_high.stdev": 0.00112373405136168, "lowlevel.spectral_energyband_low.mean": 0.01856265775859356, "lowlevel.spectral_energyband_low.stdev": 0.011301732622087002, "lowlevel.spectral_energyband_middle_high.mean": 0.006924863439053297, "lowlevel.spectral_energyband_middle_high.stdev": 0.0031724770087748766, "lowlevel.spectral_energyband_middle_low.mean": 0.005999682936817408, "lowlevel.spectral_energyband_middle_low.stdev": 0.0060159992426633835, "lowlevel.spectral_entropy.mean": 7.697685241699219, "lowlevel.spectral_entropy.stdev": 0.1722562611103058, "lowlevel.spectral_flux.mean": 0.08717071264982224, "lowlevel.spectral_flux.stdev": 0.037708934396505356, "lowlevel.spectral_kurtosis.mean": 4.122892379760742, "lowlevel.spectral_kurtosis.stdev": 1.8944822549819946, "lowlevel.spectral_rms.mean": 0.005480496678501368, "lowlevel.spectral_rms.stdev": 0.001019475981593132, "lowlevel.spectral_rolloff.mean": 2633.962890625, "lowlevel.spectral_rolloff.stdev": 903.0806274414062, "lowlevel.spectral_skewness.mean": 0.8314110636711121, "lowlevel.spectral_skewness.stdev": 0.35237443447113037, "lowlevel.spectral_spread.mean": 3256907.75, "lowlevel.spectral_spread.stdev": 825296.875, "lowlevel.spectral_strongpeak.mean": 0.46323755383491516, "lowlevel.spectral_strongpeak.stdev": 0.3213208317756653, "lowlevel.zerocrossingrate.mean": 0.07484696805477142, "lowlevel.zerocrossingrate.stdev": 0.01872124709188938, "metadata.audio_properties.analysis.equal_loudness": 0.0, "metadata.audio_properties.analysis.length": 26.303991317749023, "metadata.audio_properties.analysis.sample_rate": 44100.0, "metadata.audio_properties.analysis.start_time": 0.0, "metadata.audio_properties.bit_rate": 128292.0, "metadata.audio_properties.length": 26.304000854492188, "metadata.audio_properties.lossless": 0.0, "metadata.audio_properties.number_channels": 1.0, "metadata.audio_properties.replay_gain": -14.458841323852539, "metadata.audio_properties.sample_rate": 48000.0, "rhythm.beats_count": 44.0, "rhythm.beats_loudness.mean": 0.040928915143013, "rhythm.beats_loudness.stdev": 0.008062610402703285, "rhythm.bpm": 101.67894744873047, "rhythm.bpm_histogram_first_peak_bpm": 101.0, "rhythm.bpm_histogram_first_peak_weight": 0.5813953876495361, "rhythm.bpm_histogram_second_peak_bpm": 0.0, "rhythm.bpm_histogram_second_peak_spread": 0.0, "rhythm.bpm_histogram_second_peak_weight": 0.0, "rhythm.danceability": 1.65218985080719, "rhythm.onset_rate": 3.3434882164001465, "tonal.chords_changes_rate": 0.008802817203104496, "tonal.chords_number_rate": 0.005281690042465925, "tonal.chords_strength.mean": 0.6765227317810059, "tonal.chords_strength.stdev": 0.07444481551647186, "tonal.hpcp_crest.mean": 11.900713920593262, "tonal.hpcp_crest.stdev": 5.816248893737793, "tonal.hpcp_entropy.mean": 2.3853979110717773, "tonal.hpcp_entropy.stdev": 0.8044336438179016, "tonal.key_edma.strength": 0.6819886565208435, "tonal.key_krumhansl.strength": 0.6904423236846924, "tonal.key_temperley.strength": 0.6992807388305664, "tonal.tuning_diatonic_strength": 0.6442462801933289, "tonal.tuning_equal_tempered_deviation": 0.07624609768390656, "tonal.tuning_frequency": 442.0379333496094, "tonal.tuning_nontempered_energy_ratio": 0.7027418613433838, "lowlevel.barkbands.mean": [0.0006163155776448548, 0.00622287904843688, 0.010396398603916168, 0.0022694573272019625, 0.0017904932610690594, 0.0006994597497396171, 0.00030510706710629165, 0.00025199243100360036, 0.000542238587513566, 0.00023586998577229679, 0.0005048952880315483, 0.00023547607997898012, 0.00016463214706163853, 0.00029481638921424747, 0.00047367418301291764, 0.0007410056423395872, 0.0009361819829791784, 0.0012956267455592752, 0.0015062018064782023, 0.0012744249543175101, 0.0006777264643460512, 0.0001225522719323635, 8.005352719919756e-05, 0.00012732419418171048, 6.886367191327736e-05, 1.7852249584393576e-05, 5.752821721216606e-07], "lowlevel.barkbands.stdev": [0.0008137938566505909, 0.010104785673320293, 0.005413506645709276, 0.0016209150198847055, 0.004845812916755676, 0.0010634916834533215, 0.0006054085097275674, 0.0004218821704853326, 0.0008987884502857924, 0.0006774827488698065, 0.0010814715642482042, 0.00035912994644604623, 0.0002709512773435563, 0.0004659300611820072, 0.0008091757772490382, 0.0007528400747105479, 0.000593633740209043, 0.0008080423576757312, 0.0009083612821996212, 0.0006336548831313848, 0.0004409730900079012, 0.00020755069272127002, 0.00016538248746655881, 0.0002223282353952527, 0.00010469711560290307, 3.0440329283010215e-05, 1.4041548865861841e-06], "lowlevel.erbbands.mean": [0.1370416283607483, 1.677443265914917, 9.40499210357666, 12.049997329711914, 6.622816562652588, 5.467784404754639, 6.547874927520752, 3.864396810531616, 2.9686124324798584, 5.582512378692627, 9.848989486694336, 10.1837158203125, 8.38994026184082, 16.74008560180664, 10.60318374633789, 9.989686965942383, 8.309684753417969, 13.790261268615723, 17.64167594909668, 28.65157699584961, 48.38437271118164, 54.739017486572266, 60.08998107910156, 105.77510833740234, 54.0195198059082, 60.66318130493164, 41.96218490600586, 15.686199188232422, 5.21315336227417, 2.5756566524505615, 2.2558810710906982, 2.3747193813323975, 2.199828624725342, 1.0567207336425781, 0.27714046835899353, 0.07599819451570511, 0.034281205385923386, 0.006466483231633902, 0.0001414833968738094, 4.450726191862486e-05], "lowlevel.erbbands.stdev": [0.32653555274009705, 2.20599627494812, 5.294314384460449, 6.0116376876831055, 15.052962303161621, 14.002157211303711, 10.214659690856934, 5.767160892486572, 5.884154319763184, 9.054716110229492, 15.945178031921387, 17.40703010559082, 24.95020866394043, 41.04844284057617, 16.237924575805664, 14.623653411865234, 12.131382942199707, 22.7471923828125, 20.278963088989258, 35.58075714111328, 45.65768051147461, 32.986595153808594, 35.652183532714844, 64.4511489868164, 26.40597152709961, 30.347505569458008, 24.41803550720215, 12.642889976501465, 7.608401298522949, 6.043674945831299, 4.476581573486328, 4.676717758178711, 3.680616617202759, 1.6603257656097412, 0.41291409730911255, 0.12997286021709442, 0.06047806516289711, 0.0118997348472476, 0.0002178135619033128, 1.818182681745384e-05], "lowlevel.gfcc.mean": [20.86015510559082, 81.98095703125, -134.4214324951172, 77.59577178955078, -34.951778411865234, 3.982625961303711, -27.077619552612305, 21.000614166259766, -30.372940063476562, -3.8270297050476074, -16.47443199157715, -15.586588859558105, -7.202974319458008], "lowlevel.melbands.mean": [0.0015284926630556583, 0.003991276957094669, 0.0019171243766322732, 0.00042168510844931006, 0.00022181849635671824, 9.742310066940263e-05, 5.2817307732766494e-05, 5.571169822360389e-05, 0.00010009404650190845, 5.971111386315897e-05, 3.8709058571839705e-05, 6.179704359965399e-05, 4.7649147745687515e-05, 2.0759052858920768e-05, 3.246004052925855e-05, 1.219063597091008e-05, 2.829899312928319e-05, 2.467717968102079e-05, 4.098396675544791e-05, 3.9983162423595786e-05, 5.846069325343706e-05, 5.51767079741694e-05, 5.4708241805201396e-05, 5.830709415022284e-05, 9.293638140661642e-05, 3.97288276872132e-05, 3.818305049207993e-05, 4.122631435166113e-05, 3.0085668186075054e-05, 1.5905063264654018e-05, 6.382682386174565e-06, 3.0515673188347137e-06, 1.731364022816706e-06, 1.3381323924477329e-06, 1.3379984693528968e-06, 1.1379651141396607e-06, 1.6697938463039463e-06, 1.6919218523980817e-06, 1.3998080703458982e-06, 6.853111926830024e-07], "lowlevel.melbands.stdev": [0.0028664697892963886, 0.002186907920986414, 0.0009307490545324981, 0.001160837011411786, 0.0003491035895422101, 0.00014414677571039647, 0.0001039830531226471, 9.274265175918117e-05, 0.00017213838873431087, 0.00010219535033684224, 0.00012498754949774593, 0.00015314070333261043, 8.394018368562683e-05, 2.9467977583408356e-05, 6.482898606918752e-05, 1.946488737303298e-05, 5.071234772913158e-05, 2.6729940145742148e-05, 8.431263267993927e-05, 4.0487801015842706e-05, 5.294693255564198e-05, 3.64476400136482e-05, 3.4723601856967434e-05, 3.664012183435261e-05, 6.03569314989727e-05, 2.3645663532079197e-05, 1.9918614270864055e-05, 2.3508910089731216e-05, 1.861378041212447e-05, 1.1739413821487688e-05, 6.34283060207963e-06, 4.493683718465036e-06, 3.992654001194751e-06, 3.3678688851068728e-06, 2.8845770430052653e-06, 2.3507020614488283e-06, 3.419457243580837e-06, 2.9993150292284554e-06, 2.3106492790248012e-06, 1.0850850458155037e-06], "lowlevel.melbands128.mean": [0.00030985628836788237, 0.0008457973599433899, 0.0020898703951388597, 0.002743419725447893, 0.004222285933792591, 0.005359960719943047, 0.0026757230516523123, 0.0008463856647722423, 0.0006518842419609427, 0.000436759291915223, 0.00027027996839024127, 0.00019433334819041193, 0.00023316394072026014, 0.00024209130788221955, 7.280696445377544e-05, 3.915324487024918e-05, 2.8639717129408382e-05, 4.584557609632611e-05, 0.00010410598042653874, 5.620113370241597e-05, 4.2255462176399305e-05, 1.9937524484703317e-05, 0.0001287799677811563, 0.00016731864889152348, 4.445248487172648e-05, 3.6593159165931866e-05, 3.1335974199464545e-05, 6.0712718550348654e-05, 1.8992832337971777e-05, 1.4781930985918734e-05, 0.00010462022328283638, 0.00010808550723595545, 2.258933091070503e-05, 2.9505774364224635e-05, 1.681696630839724e-05, 1.7579821360413916e-05, 2.3546297597931698e-05, 5.2191706345183775e-05, 2.149426109099295e-05, 1.0280567948939279e-05, 1.2198878721392248e-05, 1.0673468750610482e-05, 2.8541238862089813e-05, 4.173711931798607e-05, 2.039063474512659e-05, 2.1895859390497208e-05, 2.505178599676583e-05, 4.995424023945816e-05, 4.199930117465556e-05, 3.3210271794814616e-05, 2.9283854019013233e-05, 5.943332871538587e-05, 6.787932215956971e-05, 5.121767389937304e-05, 5.444272392196581e-05, 5.4360403737518936e-05, 5.890446118428372e-05, 5.4687192459823564e-05, 5.4905784054426476e-05, 5.122794391354546e-05, 3.786207162193023e-05, 6.733596819685772e-05, 0.00014212954556569457, 8.507333404850215e-05, 4.793629705091007e-05, 4.021616405225359e-05, 3.165295493090525e-05, 3.3248390536755323e-05, 4.3922900658799335e-05, 3.968489181715995e-05, 4.33739842264913e-05, 4.0181905205827206e-05, 3.3844618883449584e-05, 3.26759327435866e-05, 1.9426712242420763e-05, 1.8144044588552788e-05, 1.3797513020108454e-05, 8.75376099429559e-06, 5.364899607229745e-06, 3.8367043089237995e-06, 3.4438180591678247e-06, 2.735087946348358e-06, 2.0714066977234324e-06, 1.7830927845352562e-06, 1.2493314898165409e-06, 1.1932054349017562e-06, 1.313700522587169e-06, 1.686780592535797e-06, 1.302458144891716e-06, 1.162992248282535e-06, 1.1993588486802764e-06, 1.130928581005719e-06, 1.0182302503380924e-06, 1.4960601220082026e-06, 2.2417455056711333e-06, 2.221912609456922e-06, 1.4847893226033193e-06, 9.625017582948203e-07, 1.668256004450086e-06, 1.5926636933727423e-06, 7.756763125144062e-07, 5.859289444742899e-07, 4.156664772381191e-07, 4.389451930819632e-07, 2.323113221791573e-07, 2.2701360080645827e-07, 2.4846355017871247e-07, 1.6131673419295112e-07, 1.0063588007369617e-07, 7.60409974986942e-08, 8.621704239430983e-08, 8.200876067121499e-08, 1.2722387054964202e-07, 1.3457179193210322e-07, 1.155062108182392e-07, 8.770165038640698e-08, 2.402752485863857e-08, 2.1077259382273894e-10, 6.979132983336855e-12, 5.608740468593387e-12, 5.40645523142147e-12, 5.25975010073898e-12, 5.0071388008054996e-12, 4.8528329792130176e-12, 4.692896245217515e-12, 4.585568036397092e-12, 4.512239974024945e-12, 4.475244827495395e-12], "lowlevel.melbands128.stdev": [0.0006340205436572433, 0.002593256765976548, 0.004399031866341829, 0.0037155430763959885, 0.0030218008905649185, 0.002635554177686572, 0.001532657421194017, 0.0007244403241202235, 0.0019154982874169946, 0.0015975628048181534, 0.000695698952767998, 0.00041530077578499913, 0.00039630444371141493, 0.0004115791234653443, 0.00013387876970227808, 9.9533426691778e-05, 9.312172187492251e-05, 0.00012365193106234074, 0.0002288953837705776, 0.00010304534225724638, 0.00012044184404658154, 4.692259608418681e-05, 0.0002519908593967557, 0.00032618833938613534, 0.00012237396731507033, 0.00012751496979035437, 9.104640776058659e-05, 0.00024443131405860186, 5.308679101290181e-05, 4.000465924036689e-05, 0.000314211705699563, 0.00025933535653166473, 4.520660513662733e-05, 8.23819063953124e-05, 3.1057548767421395e-05, 3.744460627785884e-05, 3.732974437298253e-05, 0.00013302518345881253, 4.4798671297030523e-05, 1.7039681551977992e-05, 3.619952258304693e-05, 1.4393741366802715e-05, 6.122713966760784e-05, 9.16381468414329e-05, 3.389923949725926e-05, 2.863156441890169e-05, 3.4227032301714644e-05, 0.00014841530355624855, 9.886849875329062e-05, 3.623964585131034e-05, 3.1488660169998184e-05, 0.0001045369790517725, 8.5576088167727e-05, 4.994916162104346e-05, 5.4625008488073945e-05, 4.82414397993125e-05, 4.891847129329108e-05, 4.6532280975952744e-05, 4.8979029088513926e-05, 4.5001226681051776e-05, 3.943716365029104e-05, 5.868009975529276e-05, 0.00012003809388261288, 7.254583761096e-05, 3.798515899688937e-05, 3.184049637638964e-05, 2.4838087483658455e-05, 2.372290146013256e-05, 2.9615554012707435e-05, 2.8500109692686237e-05, 3.249383735237643e-05, 2.9448590794345364e-05, 2.7726302505470812e-05, 2.489086182322353e-05, 1.635370426811278e-05, 1.5808238458703272e-05, 1.2713365322269965e-05, 9.127437806455418e-06, 6.421190846594982e-06, 5.550188234337838e-06, 5.356385827326449e-06, 4.563480615615845e-06, 3.9404303606715985e-06, 5.209715254750336e-06, 3.902974185621133e-06, 3.0878945835866034e-06, 3.5556092825572705e-06, 4.682408416556427e-06, 2.842308504114044e-06, 2.5061565338546643e-06, 2.630236849654466e-06, 2.7477647108753445e-06, 2.4070761810435215e-06, 3.6496771826932672e-06, 4.644372438633582e-06, 4.1983244045695756e-06, 3.0290634640550707e-06, 1.8199581290900824e-06, 2.775030452539795e-06, 2.8550089155032765e-06, 1.338069864686986e-06, 1.010364599096647e-06, 7.286399750228156e-07, 7.868020475143567e-07, 4.29259699785689e-07, 4.152912254085095e-07, 4.37293579125253e-07, 3.016097309682664e-07, 2.2995136816916784e-07, 1.9666882167257427e-07, 2.1516534332022275e-07, 1.6787213041880023e-07, 2.4895851424844295e-07, 2.5855413809949823e-07, 2.2322583959066833e-07, 1.858075933114378e-07, 5.3117375387046195e-08, 1.119182857500789e-09, 4.4181023423073285e-11, 1.485010378554641e-11, 1.4643402809766393e-11, 1.3543424194628617e-11, 1.0487816344550982e-11, 8.912683091555351e-12, 7.511605920607067e-12, 7.189847675559413e-12, 6.947793902700727e-12, 6.81841258801108e-12], "lowlevel.mfcc.mean": [-610.3627319335938, 93.66686248779297, -22.395185470581055, 65.9583740234375, 18.31744384765625, -2.889564037322998, 21.856891632080078, 4.220849514007568, 11.642478942871094, 4.892339706420898, -6.054605007171631, 5.594398498535156, -6.498770713806152], "lowlevel.spectral_contrast_coeffs.mean": [-0.6701228618621826, -0.7769321203231812, -0.7970611453056335, -0.7819108963012695, -0.782645046710968, -0.6980111002922058], "lowlevel.spectral_contrast_coeffs.stdev": [0.05760222300887108, 0.060956500470638275, 0.06242583692073822, 0.0404636487364769, 0.02257913537323475, 0.0414007194340229], "lowlevel.spectral_contrast_valleys.mean": [-6.54045295715332, -7.133225440979004, -7.493020057678223, -7.233503341674805, -6.215881824493408, -10.391738891601562], "lowlevel.spectral_contrast_valleys.stdev": [0.45999348163604736, 0.4163421094417572, 0.3905341327190399, 0.37442028522491455, 0.2875630259513855, 0.8733378648757935], "rhythm.beats_loudness_band_ratio.mean": [0.6716472506523132, 0.144415482878685, 0.03106958419084549, 0.03404228389263153, 0.1098950132727623, 0.10259711742401123], "rhythm.beats_loudness_band_ratio.stdev": [0.12789390981197357, 0.1619812399148941, 0.030142949894070625, 0.026210967451334, 0.06350842863321304, 0.04859841987490654], "tonal.hpcp.mean": [0.02481023594737053, 0.034423504024744034, 0.23916877806186676, 0.4935011565685272, 0.31357139348983765, 0.06310372054576874, 0.056212712079286575, 0.06091802939772606, 0.24997109174728394, 0.3448087275028229, 0.15964597463607788, 0.052358631044626236, 0.03305794298648834, 0.025181792676448822, 0.027038108557462692, 0.03407447040081024, 0.06900274753570557, 0.2119421511888504, 0.24954938888549805, 0.1099485456943512, 0.039054740220308304, 0.03307774290442467, 0.04163224995136261, 0.08385634422302246, 0.1056504175066948, 0.06984131783246994, 0.040017373859882355, 0.03302036225795746, 0.043956413865089417, 0.08375166356563568, 0.11861249059438705, 0.09695180505514145, 0.05942947044968605, 0.040630798786878586, 0.03610766679048538, 0.03509838879108429], "tonal.hpcp.stdev": [0.08712618052959442, 0.12555542588233948, 0.2719388008117676, 0.4529092013835907, 0.3231281638145447, 0.17594200372695923, 0.1699228733778, 0.1748279482126236, 0.32723453640937805, 0.435650110244751, 0.2295970320701599, 0.13334980607032776, 0.0733855664730072, 0.06893700361251831, 0.07118897140026093, 0.07774992287158966, 0.13103999197483063, 0.26406875252723694, 0.28156939148902893, 0.1542668491601944, 0.09190990030765533, 0.07388019561767578, 0.0891958698630333, 0.14927151799201965, 0.1821829080581665, 0.12468171119689941, 0.10620568692684174, 0.10436328500509262, 0.1030699610710144, 0.13649243116378784, 0.1897500604391098, 0.1917731612920761, 0.1369822919368744, 0.10300619155168533, 0.09447415918111801, 0.10573330521583557], "rhythm.beats_position": [0.5804988741874695, 1.160997748374939, 1.7647165060043335, 2.3684353828430176, 2.972154140472412, 3.5758728981018066, 4.1679816246032715, 4.7600908279418945, 5.363809585571289, 5.955918312072754, 6.548027038574219, 7.128525733947754, 7.732244968414307, 8.335963249206543, 8.928071975708008, 9.520181655883789, 10.100680351257324, 10.68117904663086, 11.261677742004395, 11.84217643737793, 12.422675132751465, 13.003174781799316, 13.583673477172852, 14.164172172546387, 14.744670867919922, 15.348389625549316, 15.928888320922852, 16.520998001098633, 17.11310577392578, 17.716825485229492, 18.30893325805664, 18.901042938232422, 19.48154067993164, 20.073650360107422, 20.665760040283203, 21.246257781982422, 21.838367462158203, 22.43047523498535, 23.010974884033203, 23.591472625732422, 24.183582305908203, 24.775691986083984, 25.367799758911133, 25.959909439086914], "rhythm.bpm_histogram": [0.0, 0.0, 0.0, 0.0, 0.0, 0.0, 0.0, 0.0, 0.0, 0.0, 0.0, 0.0, 0.0, 0.0, 0.0, 0.0, 0.0, 0.0, 0.0, 0.0, 0.0, 0.0, 0.0, 0.0, 0.0, 0.0, 0.0, 0.0, 0.0, 0.0, 0.0, 0.0, 0.0, 0.0, 0.0, 0.0, 0.0, 0.0, 0.0, 0.0, 0.0, 0.0, 0.0, 0.0, 0.0, 0.0, 0.0, 0.0, 0.0, 0.0, 0.0, 0.0, 0.0, 0.0, 0.0, 0.0, 0.0, 0.0, 0.0, 0.0, 0.0, 0.0, 0.0, 0.0, 0.0, 0.0, 0.0, 0.0, 0.0, 0.0, 0.0, 0.0, 0.0, 0.0, 0.0, 0.0, 0.0, 0.0, 0.0, 0.0, 0.0, 0.0, 0.0, 0.0, 0.0, 0.0, 0.0, 0.0, 0.0, 0.0, 0.0, 0.0, 0.0, 0.0, 0.0, 0.0, 0.0, 0.0, 0.0, 0.20930232107639313, 0.0, 0.41860464215278625, 0.0, 0.3720930218696594, 0.0, 0.0, 0.0, 0.0, 0.0, 0.0, 0.0, 0.0, 0.0, 0.0, 0.0, 0.0, 0.0, 0.0, 0.0, 0.0, 0.0, 0.0, 0.0, 0.0, 0.0, 0.0, 0.0, 0.0, 0.0, 0.0, 0.0, 0.0, 0.0, 0.0, 0.0, 0.0, 0.0, 0.0, 0.0, 0.0, 0.0, 0.0, 0.0, 0.0, 0.0, 0.0, 0.0, 0.0, 0.0, 0.0, 0.0, 0.0, 0.0, 0.0, 0.0, 0.0, 0.0, 0.0, 0.0, 0.0, 0.0, 0.0, 0.0, 0.0, 0.0, 0.0, 0.0, 0.0, 0.0, 0.0, 0.0, 0.0, 0.0, 0.0, 0.0, 0.0, 0.0, 0.0, 0.0, 0.0, 0.0, 0.0, 0.0, 0.0, 0.0, 0.0, 0.0, 0.0, 0.0, 0.0, 0.0, 0.0, 0.0, 0.0, 0.0, 0.0, 0.0, 0.0, 0.0, 0.0, 0.0, 0.0, 0.0, 0.0, 0.0, 0.0, 0.0, 0.0, 0.0, 0.0, 0.0, 0.0, 0.0, 0.0, 0.0, 0.0, 0.0, 0.0, 0.0, 0.0, 0.0, 0.0, 0.0, 0.0, 0.0, 0.0, 0.0, 0.0, 0.0, 0.0, 0.0, 0.0, 0.0, 0.0, 0.0, 0.0, 0.0, 0.0, 0.0, 0.0, 0.0, 0.0, 0.0, 0.0, 0.0, 0.0, 0.0, 0.0, 0.0, 0.0], "tonal.chords_histogram": [47.007041931152344, 0.0, 0.0, 0.0, 0.0, 0.0, 8.27464771270752, 0.0, 0.0, 0.0, 0.0, 0.0, 0.0, 0.0, 0.0, 0.0, 0.0, 0.0, 0.0, 0.0, 0.0, 0.0, 0.0, 44.71831130981445], "tonal.thpcp": [1.0, 0.6354015469551086, 0.12786944210529327, 0.11390593647956848, 0.12344049662351608, 0.5065258741378784, 0.6986989378929138, 0.32349666953086853, 0.10609626770019531, 0.0669865533709526, 0.05102681741118431, 0.054788339883089066, 0.06904638558626175, 0.13982287049293518, 0.4294663667678833, 0.5056713223457336, 0.2227928787469864, 0.07913809269666672, 0.06702667474746704, 0.0843609943985939, 0.16992127895355225, 0.21408341825008392, 0.1415220946073532, 0.08108871430158615, 0.06691040843725204, 0.08907053619623184, 0.16970916092395782, 0.2403489649295807, 0.19645710289478302, 0.12042417377233505, 0.08233171701431274, 0.07316632568836212, 0.07112118601799011, 0.050273917615413666, 0.06975364685058594, 0.48463672399520874], "lowlevel.gfcc.cov": [[1046.3228759765625, -612.8018798828125, 344.3774719238281, -152.0956573486328, -59.47245788574219, 205.13229370117188, -169.91989135742188, 43.47051239013672, -127.1408462524414, 96.58702850341797, -133.29928588867188, 174.27029418945312, -132.9342803955078], [-612.8018798828125, 833.004638671875, -498.79248046875, 37.59417724609375, 52.60772705078125, -226.2921142578125, 210.8900604248047, -99.62889862060547, 116.42549896240234, -99.81726837158203, 126.84381866455078, -175.4698486328125, 171.50074768066406], [344.3774719238281, -498.79248046875, 480.2497863769531, 15.612967491149902, -0.8371148109436035, 106.24639129638672, -154.54737854003906, 93.2046890258789, -58.299163818359375, 88.99272918701172, -84.21833801269531, 124.40892791748047, -98.74864196777344], [-152.0956573486328, 37.59417724609375, 15.612967491149902, 221.77001953125, -47.251243591308594, -25.56052017211914, -16.948619842529297, -23.06861114501953, 75.16201782226562, -34.434085845947266, 63.26799011230469, -43.23258972167969, 12.541946411132812], [-59.47245788574219, 52.60772705078125, -0.8371148109436035, -47.251243591308594, 188.07684326171875, -6.749776363372803, 78.14341735839844, 61.60371398925781, -3.4331719875335693, 64.87553405761719, -8.318354606628418, 18.679725646972656, 5.4512810707092285], [205.13229370117188, -226.2921142578125, 106.24639129638672, -25.56052017211914, -6.749776363372803, 197.63417053222656, -2.1675868034362793, 25.137317657470703, -29.012746810913086, 10.43857479095459, -2.5145280361175537, 42.07052230834961, -34.15346908569336], [-169.91989135742188, 210.8900604248047, -154.54737854003906, -16.948619842529297, 78.14341735839844, -2.1675868034362793, 190.7465057373047, 40.24100875854492, 41.57162857055664, -3.1299355030059814, 32.00637435913086, -34.10277557373047, 35.76323699951172], [43.47051239013672, -99.62889862060547, 93.2046890258789, -23.06861114501953, 61.60371398925781, 25.137317657470703, 40.24100875854492, 136.16018676757812, 23.1949405670166, 56.35518264770508, -21.627716064453125, 21.011178970336914, -23.958242416381836], [-127.1408462524414, 116.42549896240234, -58.299163818359375, 75.16201782226562, -3.4331719875335693, -29.012746810913086, 41.57162857055664, 23.1949405670166, 116.8609619140625, 2.188241720199585, 39.592185974121094, -41.61394500732422, 18.05465316772461], [96.58702850341797, -99.81726837158203, 88.99272918701172, -34.434085845947266, 64.87553405761719, 10.43857479095459, -3.1299355030059814, 56.35518264770508, 2.188241720199585, 99.01342010498047, -11.686626434326172, 46.29062271118164, -35.35808563232422], [-133.29928588867188, 126.84381866455078, -84.21833801269531, 63.26799011230469, -8.318354606628418, -2.5145280361175537, 32.00637435913086, -21.627716064453125, 39.592185974121094, -11.686626434326172, 99.82130432128906, -27.24764633178711, 29.773395538330078], [174.27029418945312, -175.4698486328125, 124.40892791748047, -43.23258972167969, 18.679725646972656, 42.07052230834961, -34.10277557373047, 21.011178970336914, -41.61394500732422, 46.29062271118164, -27.24764633178711, 98.6056900024414, -29.80401611328125], [-132.9342803955078, 171.50074768066406, -98.74864196777344, 12.541946411132812, 5.4512810707092285, -34.15346908569336, 35.76323699951172, -23.958242416381836, 18.05465316772461, -35.35808563232422, 29.773395538330078, -29.80401611328125, 73.9937973022461]], "lowlevel.gfcc.icov": [[0.002297232858836651, 3.838996417471208e-05, 0.00038817644235678017, 0.00040825788164511323, 0.0011322489008307457, -0.001756528508849442, 0.001033210544846952, -0.00011530580377439037, 0.00031444255728274584, -0.0015325543936342, 0.001740148989483714, -0.001804771600291133, 0.0008198860450647771], [3.838996417471208e-05, 0.013185239396989346, 0.0007513254531659186, 0.004711358807981014, -0.002979367971420288, 0.009509379044175148, -0.007891415618360043, 0.007506202906370163, -0.0051780566573143005, 0.0021633473224937916, -0.007083994802087545, 0.008215338923037052, -0.010977272875607014], [0.00038817644235678017, 0.0007513254531659186, 0.008764127269387245, -0.0042148372158408165, -5.338584742275998e-05, -0.0024352173786610365, 0.005090016406029463, -0.005046139936894178, 0.002154599642381072, -0.0026725376956164837, 0.004128859378397465, -0.0048418729566037655, 0.0007380488095805049], [0.00040825788164511323, 0.004711358807981014, -0.0042148372158408165, 0.011983019299805164, -0.001322930445894599, 0.005004909820854664, -0.0031677186489105225, 0.005369734484702349, -0.007782725151628256, 0.005443007685244083, -0.008617641404271126, 0.005260074511170387, -0.0020789506379514933], [0.0011322489008307457, -0.002979367971420288, -5.338584742275998e-05, -0.001322930445894599, 0.01145815011113882, -0.0024989976081997156, -0.0018788933521136642, -0.0031053749844431877, 0.004287015181034803, -0.009002083912491798, 0.003813681425526738, -0.0020314096473157406, -0.000702810357324779], [-0.001756528508849442, 0.009509379044175148, -0.0024352173786610365, 0.005004909820854664, -0.0024989976081997156, 0.015560831874608994, -0.008867740631103516, 0.005639035254716873, -0.003672997234389186, 0.005728091113269329, -0.009892386384308338, 0.006156747695058584, -0.005722369067370892], [0.001033210544846952, -0.007891415618360043, 0.005090016406029463, -0.0031677186489105225, -0.0018788933521136642, -0.008867740631103516, 0.01790079101920128, -0.010292376391589642, 0.0018117057625204325, 9.685795521363616e-05, 0.004805492237210274, -0.007202974520623684, 0.006306700874119997], [-0.00011530580377439037, 0.007506202906370163, -0.005046139936894178, 0.005369734484702349, -0.0031053749844431877, 0.005639035254716873, -0.010292376391589642, 0.02017965167760849, -0.007906300015747547, -0.0020812975708395243, -0.0031321116257458925, 0.007680980022996664, -0.005620509851723909], [0.00031444255728274584, -0.0051780566573143005, 0.002154599642381072, -0.007782725151628256, 0.004287015181034803, -0.003672997234389186, 0.0018117057625204325, -0.007906300015747547, 0.019266555085778236, -0.007497431710362434, 0.00263886246830225, 0.00015977228758856654, 0.0020330676343292], [-0.0015325543936342, 0.0021633473224937916, -0.0026725376956164837, 0.005443007685244083, -0.009002083912491798, 0.005728091113269329, 9.685795521363616e-05, -0.0020812975708395243, -0.007497431710362434, 0.028524277731776237, -0.008768603205680847, -0.0046758283860981464, 0.007434391882270575], [0.001740148989483714, -0.007083994802087545, 0.004128859378397465, -0.008617641404271126, 0.003813681425526738, -0.009892386384308338, 0.004805492237210274, -0.0031321116257458925, 0.00263886246830225, -0.008768603205680847, 0.02389039285480976, -0.006644332315772772, 0.0012092611286789179], [-0.001804771600291133, 0.008215338923037052, -0.0048418729566037655, 0.005260074511170387, -0.0020314096473157406, 0.006156747695058584, -0.007202974520623684, 0.007680980022996664, 0.00015977228758856654, -0.0046758283860981464, -0.006644332315772772, 0.02766091749072075, -0.009135392494499683], [0.0008198860450647771, -0.010977272875607014, 0.0007380488095805049, -0.0020789506379514933, -0.000702810357324779, -0.005722369067370892, 0.006306700874119997, -0.005620509851723909, 0.0020330676343292, 0.007434391882270575, 0.0012092611286789179, -0.009135392494499683, 0.0332004614174366]], "lowlevel.mfcc.cov": [[841.9605102539062, -357.003662109375, 210.03277587890625, -210.08627319335938, 17.50006103515625, 90.0636978149414, -62.99091339111328, 25.609172821044922, -74.92406463623047, -44.9375114440918, 33.50226974487305, -88.81810760498047, -6.163993835449219], [-357.003662109375, 617.2984619140625, -413.6947326660156, 114.11446380615234, -108.12317657470703, -67.79012298583984, 75.19269561767578, -55.09896469116211, 80.3902587890625, 31.02061653137207, -40.8568000793457, 23.797245025634766, -6.409244060516357], [210.03277587890625, -413.6947326660156, 430.4908752441406, -57.237667083740234, 93.53946685791016, 24.844356536865234, -83.72097778320312, 26.537715911865234, -62.38153839111328, -29.490049362182617, 22.732608795166016, -21.426040649414062, 2.7083425521850586], [-210.08627319335938, 114.11446380615234, -57.237667083740234, 218.41749572753906, -1.6927186250686646, -51.72211837768555, -26.570913314819336, -24.157011032104492, 23.782590866088867, 19.104537963867188, 0.058270372450351715, 60.44300842285156, 19.91324806213379], [17.50006103515625, -108.12317657470703, 93.53946685791016, -1.6927186250686646, 120.005126953125, 2.23579740524292, 0.9544295072555542, -7.338080406188965, -0.14870253205299377, 2.5552868843078613, 15.17902946472168, 10.261356353759766, 7.683189392089844], [90.0636978149414, -67.79012298583984, 24.844356536865234, -51.72211837768555, 2.23579740524292, 107.60749053955078, 12.498067855834961, 26.833993911743164, -26.371803283691406, -2.7067291736602783, 12.111727714538574, -25.0579833984375, 0.912932276725769], [-62.99091339111328, 75.19269561767578, -83.72097778320312, -26.570913314819336, 0.9544295072555542, 12.498067855834961, 136.07199096679688, 21.160999298095703, 37.17207717895508, 4.3462910652160645, 10.612887382507324, 19.12861442565918, -2.298405647277832], [25.609172821044922, -55.09896469116211, 26.537715911865234, -24.157011032104492, -7.338080406188965, 26.833993911743164, 21.160999298095703, 80.0435791015625, 21.26487159729004, 25.35370635986328, 11.796870231628418, 1.212809443473816, 7.4445271492004395], [-74.92406463623047, 80.3902587890625, -62.38153839111328, 23.782590866088867, -0.14870253205299377, -26.371803283691406, 37.17207717895508, 21.26487159729004, 93.70218658447266, 38.097511291503906, 10.510660171508789, 12.316706657409668, 6.3104329109191895], [-44.9375114440918, 31.02061653137207, -29.490049362182617, 19.104537963867188, 2.5552868843078613, -2.7067291736602783, 4.3462910652160645, 25.35370635986328, 38.097511291503906, 84.1906967163086, 24.896425247192383, 27.98801040649414, 10.833320617675781], [33.50226974487305, -40.8568000793457, 22.732608795166016, 0.058270372450351715, 15.17902946472168, 12.111727714538574, 10.612887382507324, 11.796870231628418, 10.510660171508789, 24.896425247192383, 58.851409912109375, 26.87636947631836, 18.248157501220703], [-88.81810760498047, 23.797245025634766, -21.426040649414062, 60.44300842285156, 10.261356353759766, -25.0579833984375, 19.12861442565918, 1.212809443473816, 12.316706657409668, 27.98801040649414, 26.87636947631836, 84.65814208984375, 30.245786666870117], [-6.163993835449219, -6.409244060516357, 2.7083425521850586, 19.91324806213379, 7.683189392089844, 0.912932276725769, -2.298405647277832, 7.4445271492004395, 6.3104329109191895, 10.833320617675781, 18.248157501220703, 30.245786666870117, 60.254764556884766]], "lowlevel.mfcc.icov": [[0.0021739874500781298, 0.001037398586049676, 0.0003652203013189137, 0.001334841945208609, 0.0004795422137249261, -0.00023161932767834514, 0.0007644907454960048, 0.00028644053963944316, 0.00016368886281270534, 0.00048144988249987364, -0.0016244146972894669, 0.001323931966908276, -0.0004650005139410496], [0.001037398586049676, 0.00653607165440917, 0.0044286479242146015, -0.0009524549823254347, 0.0022259617689996958, 0.0009459780412726104, -0.0011233541881665587, 0.0032260287553071976, -0.0014164111344143748, -0.0012507521314546466, 0.001223719329573214, 0.0017504089046269655, -0.0006985581712797284], [0.0003652203013189137, 0.0044286479242146015, 0.007579850498586893, -6.20158389210701e-05, -0.0020798295736312866, 0.001486375811509788, 0.002096908399835229, -0.00131790223531425, 0.0009385316516272724, 0.0011549809714779258, -0.0011664422927424312, 0.001136140781454742, 0.0001507300912635401], [0.001334841945208609, -0.0009524549823254347, -6.20158389210701e-05, 0.008462566882371902, -0.00047096353955566883, 0.00013933744048699737, 0.0038627032190561295, 0.0004863497451879084, -0.0017623465973883867, 0.0013561901869252324, 9.636623144615442e-05, -0.0053958226926624775, 6.546165877807653e-06], [0.0004795422137249261, 0.0022259617689996958, -0.0020798295736312866, -0.00047096353955566883, 0.012354481965303421, -0.0006717753130942583, -0.002518794033676386, 0.005232430063188076, -0.0023302147164940834, -0.0017741704359650612, 3.9545149775221944e-05, -0.00020155317906755954, -0.0011205330956727266], [-0.00023161932767834514, 0.0009459780412726104, 0.001486375811509788, 0.00013933744048699737, -0.0006717753130942583, 0.014914738945662975, -0.002772812731564045, -0.004592723213136196, 0.0067283096723258495, -0.0017143345903605223, -0.004081192426383495, 0.006626049522310495, -0.0022010637912899256], [0.0007644907454960048, -0.0011233541881665587, 0.002096908399835229, 0.0038627032190561295, -0.002518794033676386, -0.002772812731564045, 0.013418341055512428, -0.003793297801166773, -0.0046545155346393585, 0.005503833759576082, -0.0021169353276491165, -0.006211857311427593, 0.003188762115314603], [0.00028644053963944316, 0.0032260287553071976, -0.00131790223531425, 0.0004863497451879084, 0.005232430063188076, -0.004592723213136196, -0.003793297801166773, 0.021517664194107056, -0.005895359441637993, -0.006102698389440775, 0.00287813157774508, 5.689405224984512e-05, -0.0023154413793236017], [0.00016368886281270534, -0.0014164111344143748, 0.0009385316516272724, -0.0017623465973883867, -0.0023302147164940834, 0.0067283096723258495, -0.0046545155346393585, -0.005895359441637993, 0.02047904208302498, -0.006498372182250023, -0.0034287557937204838, 0.006457427982240915, -0.0020270589739084244], [0.00048144988249987364, -0.0012507521314546466, 0.0011549809714779258, 0.0013561901869252324, -0.0017741704359650612, -0.0017143345903605223, 0.005503833759576082, -0.006102698389440775, -0.006498372182250023, 0.020710580050945282, -0.0061351340264081955, -0.006122010760009289, 0.0025202699471265078], [-0.0016244146972894669, 0.001223719329573214, -0.0011664422927424312, 9.636623144615442e-05, 3.9545149775221944e-05, -0.004081192426383495, -0.0021169353276491165, 0.00287813157774508, -0.0034287557937204838, -0.0061351340264081955, 0.02786630392074585, -0.008375744335353374, -0.0031678229570388794], [0.001323931966908276, 0.0017504089046269655, 0.001136140781454742, -0.0053958226926624775, -0.00020155317906755954, 0.006626049522310495, -0.006211857311427593, 5.689405224984512e-05, 0.006457427982240915, -0.006122010760009289, -0.008375744335353374, 0.027177171781659126, -0.008945868350565434], [-0.0004650005139410496, -0.0006985581712797284, 0.0001507300912635401, 6.546165877807653e-06, -0.0011205330956727266, -0.0022010637912899256, 0.003188762115314603, -0.0023154413793236017, -0.0020270589739084244, 0.0025202699471265078, -0.0031678229570388794, -0.008945868350565434, 0.02225838229060173]], "metadata.audio_properties.analysis.downmix": "mix", "metadata.audio_properties.codec": "mp3", "metadata.audio_properties.md5_encoded": "aee0ef2ade3e6733a364b45f7158f6cc", "metadata.tags.file_name": "1183714841194672208.mp3", "metadata.version.essentia": "2.1-beta6-dev", "metadata.version.essentia_git_sha": "v2.1_beta5-1110-g77a6a954", "metadata.version.extractor": "music 2.0", "tonal.chords_key": "Eb", "tonal.chords_scale": "major", "tonal.key_edma.key": "Eb", "tonal.key_edma.scale": "major", "tonal.key_krumhansl.key": "Eb", "tonal.key_krumhansl.scale": "major", "tonal.key_temperley.key": "Eb", "tonal.key_temperley.scale": "major", "metadata.tags.encoding": ["Lavf58.45.100"]}, "essentia_models": [{"model_name": "genre_dortmund", "activations": {"alternative": "0.022904372", "blues": "0.0003253622", "electronic": "0.00032881132", "folkcountry": "0.000114643786", "funksoulrnb": "0.00029877148", "jazz": "3.284798e-05", "pop": "0.00010916643", "raphiphop": "4.1515992e-05", "rock": "0.9548908"}}, {"model_name": "genre_rosamerica", "activations": {"classic": "0.0004650856", "dance": "2.1755008e-05", "hip hop": "0.0003554398", "jazz": "0.0004095103", "pop": "0.0028522622", "rhythm and blues": "0.00050691137", "rock": "0.998997", "speech": "1.2360375e-05"}}, {"model_name": "genre_tzane