{"song_id": "1183718307728216147", "download": "https://cdn.discordapp.com/attachments/1135903449314238464/1183718307728216147/chirp.mp4?ex=65895a94&amp", "lyrics": "I'm reading so fast that you don't even have time to do what you forgot here I don't need you", "style": ["random"], "essentia_features": {"lowlevel.average_loudness": 0.2862808108329773, "lowlevel.barkbands_crest.mean": 12.60361385345459, "lowlevel.barkbands_crest.stdev": 5.428708553314209, "lowlevel.barkbands_flatness_db.mean": 0.3404163122177124, "lowlevel.barkbands_flatness_db.stdev": 0.061397310346364975, "lowlevel.barkbands_kurtosis.mean": 20.28438949584961, "lowlevel.barkbands_kurtosis.stdev": 89.25285339355469, "lowlevel.barkbands_skewness.mean": 1.4772975444793701, "lowlevel.barkbands_skewness.stdev": 3.455268621444702, "lowlevel.barkbands_spread.mean": 6.8094940185546875, "lowlevel.barkbands_spread.stdev": 4.899795055389404, "lowlevel.dissonance.mean": 0.4047451615333557, "lowlevel.dissonance.stdev": 0.05999636650085449, "lowlevel.dynamic_complexity": 2.8536486625671387, "lowlevel.erbbands_crest.mean": 11.728450775146484, "lowlevel.erbbands_crest.stdev": 3.6873412132263184, "lowlevel.erbbands_flatness_db.mean": 0.35086801648139954, "lowlevel.erbbands_flatness_db.stdev": 0.09790366888046265, "lowlevel.erbbands_kurtosis.mean": 1.2779382467269897, "lowlevel.erbbands_kurtosis.stdev": 4.5840044021606445, "lowlevel.erbbands_skewness.mean": -0.28584742546081543, "lowlevel.erbbands_skewness.stdev": 0.9843064546585083, "lowlevel.erbbands_spread.mean": 18.475366592407227, "lowlevel.erbbands_spread.stdev": 24.462970733642578, "lowlevel.hfc.mean": 18.461942672729492, "lowlevel.hfc.stdev": 17.973766326904297, "lowlevel.loudness_ebu128.integrated": -16.042449951171875, "lowlevel.loudness_ebu128.loudness_range": 8.081161499023438, "lowlevel.loudness_ebu128.momentary.mean": -17.570213317871094, "lowlevel.loudness_ebu128.momentary.stdev": 3.5394415855407715, "lowlevel.loudness_ebu128.short_term.mean": -17.66189956665039, "lowlevel.loudness_ebu128.short_term.stdev": 2.5519073009490967, "lowlevel.melbands_crest.mean": 14.414000511169434, "lowlevel.melbands_crest.stdev": 7.063983917236328, "lowlevel.melbands_flatness_db.mean": 0.4279542565345764, "lowlevel.melbands_flatness_db.stdev": 0.07358647882938385, "lowlevel.melbands_kurtosis.mean": 32.67950439453125, "lowlevel.melbands_kurtosis.stdev": 120.90169525146484, "lowlevel.melbands_skewness.mean": 2.0758097171783447, "lowlevel.melbands_skewness.stdev": 3.936244010925293, "lowlevel.melbands_spread.mean": 10.822957038879395, "lowlevel.melbands_spread.stdev": 6.699667930603027, "lowlevel.pitch_salience.mean": 0.5043488144874573, "lowlevel.pitch_salience.stdev": 0.17041386663913727, "lowlevel.silence_rate_20dB.mean": 0.993127167224884, "lowlevel.silence_rate_20dB.stdev": 0.08261711150407791, "lowlevel.silence_rate_30dB.mean": 0.7731958627700806, "lowlevel.silence_rate_30dB.stdev": 0.41876253485679626, "lowlevel.silence_rate_60dB.mean": 0.013745704665780067, "lowlevel.silence_rate_60dB.stdev": 0.11643311381340027, "lowlevel.spectral_centroid.mean": 678.5740966796875, "lowlevel.spectral_centroid.stdev": 293.4749755859375, "lowlevel.spectral_complexity.mean": 13.201603889465332, "lowlevel.spectral_complexity.stdev": 5.605443000793457, "lowlevel.spectral_decrease.mean": -1.5626337557250736e-08, "lowlevel.spectral_decrease.stdev": 2.0794830746240223e-08, "lowlevel.spectral_energy.mean": 0.06065193936228752, "lowlevel.spectral_energy.stdev": 0.07919447869062424, "lowlevel.spectral_energyband_high.mean": 0.0002929967304226011, "lowlevel.spectral_energyband_high.stdev": 0.0015848333714529872, "lowlevel.spectral_energyband_low.mean": 0.04090101271867752, "lowlevel.spectral_energyband_low.stdev": 0.07919912785291672, "lowlevel.spectral_energyband_middle_high.mean": 0.007879265584051609, "lowlevel.spectral_energyband_middle_high.stdev": 0.009816385805606842, "lowlevel.spectral_energyband_middle_low.mean": 0.012094302102923393, "lowlevel.spectral_energyband_middle_low.stdev": 0.013606126420199871, "lowlevel.spectral_entropy.mean": 6.251319885253906, "lowlevel.spectral_entropy.stdev": 0.5896804332733154, "lowlevel.spectral_flux.mean": 0.07513319700956345, "lowlevel.spectral_flux.stdev": 0.06454009562730789, "lowlevel.spectral_kurtosis.mean": 76.22052001953125, "lowlevel.spectral_kurtosis.stdev": 55.842411041259766, "lowlevel.spectral_rms.mean": 0.006427102722227573, "lowlevel.spectral_rms.stdev": 0.004226698540151119, "lowlevel.spectral_rolloff.mean": 803.9315795898438, "lowlevel.spectral_rolloff.stdev": 487.2076110839844, "lowlevel.spectral_skewness.mean": 5.525216579437256, "lowlevel.spectral_skewness.stdev": 2.8539445400238037, "lowlevel.spectral_spread.mean": 1577967.125, "lowlevel.spectral_spread.stdev": 1945887.25, "lowlevel.spectral_strongpeak.mean": 1.696179747581482, "lowlevel.spectral_strongpeak.stdev": 1.3378297090530396, "lowlevel.zerocrossingrate.mean": 0.030383063480257988, "lowlevel.zerocrossingrate.stdev": 0.01686185784637928, "metadata.audio_properties.analysis.equal_loudness": 0.0, "metadata.audio_properties.analysis.length": 20.245328903198242, "metadata.audio_properties.analysis.sample_rate": 44100.0, "metadata.audio_properties.analysis.start_time": 0.0, "metadata.audio_properties.bit_rate": 118286.0, "metadata.audio_properties.length": 20.245332717895508, "metadata.audio_properties.lossless": 0.0, "metadata.audio_properties.number_channels": 1.0, "metadata.audio_properties.replay_gain": -9.257761001586914, "metadata.audio_properties.sample_rate": 48000.0, "rhythm.beats_count": 48.0, "rhythm.beats_loudness.mean": 0.074520044028759, "rhythm.beats_loudness.stdev": 0.07720741629600525, "rhythm.bpm": 144.8307342529297, "rhythm.bpm_histogram_first_peak_bpm": 144.0, "rhythm.bpm_histogram_first_peak_weight": 0.3111111521720886, "rhythm.bpm_histogram_second_peak_bpm": 152.0, "rhythm.bpm_histogram_second_peak_spread": 0.0, "rhythm.bpm_histogram_second_peak_weight": 0.042553190141916275, "rhythm.danceability": 0.8771047592163086, "rhythm.onset_rate": 2.8628671169281006, "tonal.chords_changes_rate": 0.045766592025756836, "tonal.chords_number_rate": 0.016018306836485863, "tonal.chords_strength.mean": 0.541175127029419, "tonal.chords_strength.stdev": 0.08283144235610962, "tonal.hpcp_crest.mean": 14.351157188415527, "tonal.hpcp_crest.stdev": 6.720495700836182, "tonal.hpcp_entropy.mean": 1.8647934198379517, "tonal.hpcp_entropy.stdev": 0.6917147636413574, "tonal.key_edma.strength": 0.5872131586074829, "tonal.key_krumhansl.strength": 0.5725787878036499, "tonal.key_temperley.strength": 0.5544334650039673, "tonal.tuning_diatonic_strength": 0.38166892528533936, "tonal.tuning_equal_tempered_deviation": 0.1757744699716568, "tonal.tuning_frequency": 444.3418884277344, "tonal.tuning_nontempered_energy_ratio": 0.9266453385353088, "lowlevel.barkbands.mean": [0.0014098461251705885, 0.031851593405008316, 0.007279277313500643, 0.0006424820749089122, 0.003672979772090912, 0.0031847800128161907, 0.0010553261963650584, 0.0007406483637169003, 0.0023734294809401035, 0.001621879287995398, 0.0035895442124456167, 0.0015596406301483512, 0.0006160566699691117, 0.0004374061245471239, 9.897739073494449e-05, 7.616683433298022e-05, 5.5663993407506496e-05, 4.7336798161268234e-05, 3.1882929761195555e-05, 3.8265065086307004e-05, 3.78700096916873e-05, 6.370821938617155e-05, 0.00013614585623145103, 1.8416420061839744e-05, 8.39029780763667e-06, 4.2018496060336474e-06, 6.750217096396227e-08], "lowlevel.barkbands.stdev": [0.0038716935086995363, 0.0661405473947525, 0.01786968484520912, 0.0027326911222189665, 0.007891525514423847, 0.006532266736030579, 0.0031391356606036425, 0.0018615329172462225, 0.002832872560247779, 0.0036013207864016294, 0.005856156814843416, 0.003043422708287835, 0.0011705042561516166, 0.0008705448708496988, 0.00022953178267925978, 0.00023042337852530181, 0.00024168979143723845, 0.0002804693940561265, 0.00014115920930635184, 0.0001661602727835998, 0.00018700268992688507, 0.00040726634324528277, 0.0008667769725434482, 0.00011466125579318032, 5.0310900405747816e-05, 2.717238567129243e-05, 4.795061272488965e-07], "lowlevel.erbbands.mean": [0.9868971705436707, 6.786248207092285, 9.816246032714844, 4.868124008178711, 3.778083086013794, 18.638830184936523, 15.33983039855957, 29.18604850769043, 18.099607467651367, 17.54034423828125, 18.36562156677246, 47.42249298095703, 67.02764129638672, 106.7662124633789, 95.95185089111328, 58.121604919433594, 27.49492645263672, 23.388957977294922, 12.0870943069458, 4.316914081573486, 4.377476215362549, 3.3820457458496094, 2.59267258644104, 1.983021855354309, 1.5133492946624756, 1.8334087133407593, 1.6163229942321777, 1.457313895225525, 2.0957939624786377, 4.231978893280029, 3.27949595451355, 0.701293408870697, 0.20950643718242645, 0.12360665202140808, 0.04490726813673973, 0.02113630436360836, 0.007494510151445866, 0.0009222786175087094, 4.778316360898316e-05, 6.835349631728604e-05], "lowlevel.erbbands.stdev": [2.394702196121216, 14.254193305969238, 22.704971313476562, 12.263745307922363, 8.91026496887207, 41.206947326660156, 67.21092224121094, 38.831398010253906, 35.05483627319336, 49.943111419677734, 36.4151611328125, 60.43269729614258, 105.24092864990234, 166.5861053466797, 145.76980590820312, 113.26966094970703, 50.077171325683594, 43.835365295410156, 24.01994514465332, 9.87739086151123, 13.354175567626953, 15.031920433044434, 13.727766036987305, 9.738335609436035, 6.433307647705078, 8.041741371154785, 6.958404064178467, 7.77315092086792, 15.047685623168945, 25.89396095275879, 20.79873275756836, 4.145693302154541, 1.3236404657363892, 0.7616152763366699, 0.2776835262775421, 0.12685322761535645, 0.05176316946744919, 0.007044857367873192, 0.00014996879326645285, 8.778522169450298e-05], "lowlevel.gfcc.mean": [-138.1811981201172, 208.28268432617188, -129.6932373046875, -45.05841064453125, -35.61334228515625, -2.8509225845336914, -13.910808563232422, -10.868118286132812, -25.977907180786133, -9.945375442504883, -2.770683526992798, -9.724340438842773, 4.126823902130127], "lowlevel.melbands.mean": [0.009000455029308796, 0.0062528736889362335, 0.0008051999029703438, 0.0007776625570841134, 0.0006172120338305831, 0.000629792979452759, 0.0002898362872656435, 0.00017879402730613947, 0.0001401989284204319, 0.00035277497954666615, 0.00034226442221552134, 0.00041697968845255673, 0.0004051588475704193, 0.00018064602045342326, 0.0001104683760786429, 4.7821322368690744e-05, 4.407832966535352e-05, 2.382964885327965e-05, 6.758857580280164e-06, 4.938412075716769e-06, 4.93953075419995e-06, 3.52797678715433e-06, 2.809111947499332e-06, 1.987479663512204e-06, 1.582276240696956e-06, 1.174773274215113e-06, 1.008025833471038e-06, 1.3144389185981709e-06, 9.873334647636511e-07, 1.0357946393924067e-06, 7.408741566905519e-07, 1.042389044414449e-06, 1.4917342241460574e-06, 2.9714951779169496e-06, 2.40701388065645e-06, 7.180775014603569e-07, 3.01706052141526e-07, 1.3907380491673393e-07, 1.1482180184430035e-07, 1.0168699304813344e-07], "lowlevel.melbands.stdev": [0.019331205636262894, 0.013095936737954617, 0.001957959495484829, 0.0016789684304967523, 0.0019832688849419355, 0.0009112167172133923, 0.0005900519900023937, 0.0005102477734908462, 0.00030045598396100104, 0.0004384114290587604, 0.000553094781935215, 0.0006517108995467424, 0.000606770277954638, 0.00034995866008102894, 0.0002226228971267119, 0.00010044948430731893, 8.785808313405141e-05, 5.019951640861109e-05, 1.471509131079074e-05, 1.45854892252828e-05, 1.5289208022295497e-05, 1.553427500766702e-05, 1.6918007531785406e-05, 1.1957355127378833e-05, 7.801873834978323e-06, 5.272961061564274e-06, 4.284825990907848e-06, 6.431333076761803e-06, 4.20467767980881e-06, 5.5202081057359464e-06, 4.090861239092192e-06, 8.60296222526813e-06, 8.851204256643541e-06, 1.8935124899144284e-05, 1.5914480172796175e-05, 4.398683813633397e-06, 1.892842533379735e-06, 9.088701062864857e-07, 7.148435088311089e-07, 6.401462542271474e-07], "lowlevel.melbands128.mean": [0.0013292523799464107, 0.007352613378316164, 0.013194660656154156, 0.010524271056056023, 0.006127743050456047, 0.003112289123237133, 0.0009459166321903467, 0.0002520929556339979, 0.00023698780569247901, 0.0007483450463041663, 0.001332364627160132, 0.0006687146378681064, 0.00047615543007850647, 0.00044579076347872615, 0.0006454256363213062, 0.000871960713993758, 0.00030786485876888037, 0.00015681976219639182, 0.0002855811908375472, 0.00019801077723968774, 0.00011655080743366852, 0.00013961737568024546, 0.00017686389037407935, 9.658910857979208e-05, 0.00013508345000445843, 0.0006541656912304461, 0.0004493097367230803, 0.00021930199000053108, 0.0003526441869325936, 0.0002024034329224378, 0.00040405045729130507, 0.000948489410802722, 0.0002025600551860407, 0.00030094123212620616, 0.00020001019584015012, 0.00011939724208787084, 0.00019025828805752099, 0.00011390932195354253, 7.263424049597234e-05, 2.8111273422837257e-05, 6.630524148931727e-05, 3.702697722474113e-05, 3.5063596442341805e-05, 6.0927795857423916e-05, 3.412684964132495e-05, 1.6217427400988527e-05, 9.680696166469716e-06, 5.5755531320755836e-06, 7.408043984469259e-06, 3.771325509660528e-06, 3.836747055174783e-06, 7.197396371338982e-06, 5.739760126743931e-06, 3.4984113881364465e-06, 3.640668865045882e-06, 3.959091372962575e-06, 3.1132851745496737e-06, 2.8700030725303805e-06, 2.8678643957391614e-06, 2.3745915314066224e-06, 1.4017413150213542e-06, 2.5395390821358887e-06, 1.4872280189592857e-06, 1.427404527021281e-06, 1.3895306665290263e-06, 1.1831754136437667e-06, 1.0877208751480794e-06, 8.768307111495233e-07, 1.0718279099819483e-06, 1.029541408570367e-06, 1.2624739156308351e-06, 1.6331175629602512e-06, 1.1013709126928006e-06, 8.461327638542571e-07, 8.383077556572971e-07, 1.1184184813828324e-06, 1.1823728982562898e-06, 6.924207127667614e-07, 7.442966420967423e-07, 6.245334702725813e-07, 8.994000495476939e-07, 1.4358113276102813e-06, 1.0051762728835456e-06, 1.5904242900433019e-06, 1.663308466959279e-06, 2.0831141682720045e-06, 3.4820066048268927e-06, 4.793712832906749e-06, 1.950013484020019e-06, 1.2137762723796186e-06, 1.0691087481973227e-06, 4.6380833396142407e-07, 3.903707579411275e-07, 3.257410128298943e-07, 2.3229760870435712e-07, 1.4821115712493338e-07, 1.1722002568603784e-07, 1.2129386561809952e-07, 1.2670020055338682e-07, 9.791320110252855e-08, 1.2003081906186708e-07, 1.0448352583125597e-07, 7.980445104749379e-08, 5.5921248076629126e-08, 3.6329513619648424e-08, 4.3193548293629647e-08, 4.616914850430476e-08, 3.62222465355444e-08, 4.312653700822011e-08, 2.8132470575314983e-08, 2.7699002203007694e-08, 2.6589757951001047e-08, 2.8714735478274633e-08, 1.7571876398392305e-08, 1.1934020882620189e-08, 1.2560586348797642e-08, 3.639492485163487e-09, 5.0351275232563e-11, 3.841469503607087e-11, 2.782865778094834e-11, 1.740732384625243e-11, 1.3886091929093958e-11, 1.075156630392371e-11, 1.0559704152757199e-11, 1.03544785592935e-11, 1.0130776426087174e-11, 9.989956778477804e-12, 9.928504199341326e-12], "lowlevel.melbands128.stdev": [0.0037048354279249907, 0.020996803417801857, 0.028529470786452293, 0.023251120001077652, 0.014444233849644661, 0.007594890892505646, 0.002589884214103222, 0.0010881215566769242, 0.0007752740639261901, 0.0018993696430698037, 0.0030818067025393248, 0.002077124547213316, 0.0031230123713612556, 0.002190752187743783, 0.0009588277898728848, 0.0012561393668875098, 0.0005637240828946233, 0.0007715532556176186, 0.001018321025185287, 0.0006653088494203985, 0.0005527925677597523, 0.0003206137625966221, 0.0004755587433464825, 0.0003853600937873125, 0.000230462261242792, 0.001005440833978355, 0.000726467405911535, 0.0007142961258068681, 0.000969304412137717, 0.0005549864727072418, 0.0007472694851458073, 0.001787767861969769, 0.0004017833271063864, 0.0007427232339978218, 0.0004808492085430771, 0.0002605023328214884, 0.0005502196727320552, 0.0002521418209653348, 0.00019070181588176638, 8.439681550953537e-05, 0.00017803808441385627, 8.908985910238698e-05, 9.191065328195691e-05, 0.00017413293244317174, 7.906879909569398e-05, 4.59973634860944e-05, 2.8765283786924556e-05, 1.287663235416403e-05, 1.7844293324742466e-05, 1.4470464520854875e-05, 1.3029394722252619e-05, 2.5523815565975383e-05, 2.128987580363173e-05, 1.1900507161044516e-05, 1.588867962709628e-05, 2.130579377990216e-05, 1.8282873497810215e-05, 1.8404412912786938e-05, 1.944430186995305e-05, 1.2216817594890017e-05, 6.8363838181539904e-06, 2.4897821276681498e-05, 7.702776201767847e-06, 6.36905997453141e-06, 7.4598951869120356e-06, 5.174160833121277e-06, 5.611126198346028e-06, 3.8685589061060455e-06, 5.15819283464225e-06, 4.286610419512726e-06, 6.7896976361225825e-06, 1.0660326552169863e-05, 5.423878974397667e-06, 3.87010550184641e-06, 4.405622803460574e-06, 6.838113222329412e-06, 6.9067450567672495e-06, 3.945885055145482e-06, 4.481474206841085e-06, 3.890692823915742e-06, 7.265526164701441e-06, 1.4777885553485248e-05, 6.6090060499846e-06, 1.006137335934909e-05, 1.0156053576793056e-05, 1.428459017915884e-05, 2.4993487386382185e-05, 3.439651118242182e-05, 1.4618368368246593e-05, 7.448405995091889e-06, 7.256952812895179e-06, 2.84332213595917e-06, 2.4239434424089268e-06, 2.202717041654978e-06, 1.6207811768254032e-06, 1.049824845722469e-06, 8.017063919396605e-07, 8.05774902801204e-07, 8.830375577417726e-07, 5.779567118224804e-07, 8.030190770114132e-07, 7.122804390746751e-07, 5.270208589536196e-07, 3.961614822856063e-07, 2.5549911697453354e-07, 2.909624754465767e-07, 3.073410255183262e-07, 2.5086328037104977e-07, 2.6369517058810743e-07, 1.8263610002122732e-07, 2.0339321338269656e-07, 2.1421281815037219e-07, 2.1442517095238145e-07, 1.3141433896635135e-07, 9.58586525712235e-08, 1.202437829306291e-07, 2.796907416779959e-08, 4.219206650724061e-10, 5.548740911187622e-10, 3.4013220018280776e-10, 1.3035759971469218e-10, 6.463925922295388e-11, 2.1739894606742638e-11, 2.136878521352692e-11, 2.1062063551569032e-11, 2.0807850234505487e-11, 2.062675377723089e-11, 2.0515139934063065e-11], "lowlevel.mfcc.mean": [-791.5474243164062, 264.1653137207031, -33.85338592529297, -17.059415817260742, -13.266782760620117, 0.5150084495544434, 13.375, -1.4108155965805054, -7.717784404754639, -3.069209575653076, -10.499871253967285, -4.765027046203613, -4.73836088180542], "lowlevel.spectral_contrast_coeffs.mean": [-0.643574595451355, -0.7240566611289978, -0.7126590609550476, -0.7578108310699463, -0.8147076368331909, -0.8069790601730347], "lowlevel.spectral_contrast_coeffs.stdev": [0.09493853896856308, 0.06993604451417923, 0.06926228106021881, 0.05455589294433594, 0.033810220658779144, 0.07160956412553787], "lowlevel.spectral_contrast_valleys.mean": [-7.488089561462402, -6.829440116882324, -6.912274360656738, -8.409627914428711, -9.767302513122559, -13.48771858215332], "lowlevel.spectral_contrast_valleys.stdev": [1.1522079706192017, 0.6213750839233398, 0.7294129729270935, 0.8741506934165955, 1.2949163913726807, 1.3173117637634277], "rhythm.beats_loudness_band_ratio.mean": [0.24651025235652924, 0.20521055161952972, 0.18621911108493805, 0.3591700494289398, 0.019905829802155495, 0.00460454449057579], "rhythm.beats_loudness_band_ratio.stdev": [0.37067848443984985, 0.17135298252105713, 0.15163686871528625, 0.2610219120979309, 0.02297571301460266, 0.013189048506319523], "tonal.hpcp.mean": [0.06490877270698547, 0.057302262634038925, 0.0800110250711441, 0.46366748213768005, 0.4774182140827179, 0.08446171134710312, 0.04618074744939804, 0.044251129031181335, 0.022043345496058464, 0.08508875966072083, 0.09305377304553986, 0.02481606788933277, 0.051430147141218185, 0.06659320741891861, 0.10889054834842682, 0.21413180232048035, 0.15446758270263672, 0.04600725322961807, 0.06195566803216934, 0.05854573845863342, 0.03688265383243561, 0.055337585508823395, 0.04020095244050026, 0.018060294911265373, 0.23796994984149933, 0.26722562313079834, 0.054685160517692566, 0.23110656440258026, 0.25974011421203613, 0.052914369851350784, 0.054305270314216614, 0.05556027218699455, 0.08291350305080414, 0.17238979041576385, 0.12147755175828934, 0.05107519030570984], "tonal.hpcp.stdev": [0.17105406522750854, 0.1596612185239792, 0.15857325494289398, 0.38785237073898315, 0.40141764283180237, 0.1317666471004486, 0.12302803993225098, 0.12797242403030396, 0.07679447531700134, 0.16383276879787445, 0.18117697536945343, 0.06674987822771072, 0.11955435574054718, 0.14429114758968353, 0.20917469263076782, 0.3247806131839752, 0.22483350336551666, 0.12015809118747711, 0.11101356148719788, 0.10429545491933823, 0.08933933079242706, 0.18840166926383972, 0.13978596031665802, 0.04893049597740173, 0.33412429690361023, 0.3687790334224701, 0.08715798705816269, 0.3600441813468933, 0.39801278710365295, 0.10066209733486176, 0.1613057553768158, 0.15350547432899475, 0.1543007344007492, 0.28530168533325195, 0.2153785079717636, 0.1453295201063156], "rhythm.beats_position": [0.3715192675590515, 0.7778684496879578, 1.1842176914215088, 1.6021767854690552, 2.0201361179351807, 2.4380950927734375, 2.8560543060302734, 3.2740135192871094, 3.6803627014160156, 4.086711883544922, 4.504671096801758, 4.922630310058594, 5.34058952331543, 5.758548736572266, 6.164897918701172, 6.571247100830078, 6.989206314086914, 7.40716552734375, 7.825124740600586, 8.231473922729492, 8.649433135986328, 9.067392349243164, 9.47374153137207, 9.891700744628906, 10.309659957885742, 10.727619171142578, 11.145578384399414, 11.56353759765625, 11.981496810913086, 12.387845993041992, 12.805805206298828, 13.212154388427734, 13.63011360168457, 14.04807186126709, 14.454421043395996, 14.860771179199219, 15.278729438781738, 15.696688652038574, 16.103038787841797, 16.520998001098633, 16.93895721435547, 17.356916427612305, 17.76326560974121, 18.158004760742188, 18.552743911743164, 18.970703125, 19.388662338256836, 19.806621551513672], "rhythm.bpm_histogram": [0.0, 0.0, 0.0, 0.0, 0.0, 0.0, 0.0, 0.0, 0.0, 0.0, 0.0, 0.0, 0.0, 0.0, 0.0, 0.0, 0.0, 0.0, 0.0, 0.0, 0.0, 0.0, 0.0, 0.0, 0.0, 0.0, 0.0, 0.0, 0.0, 0.0, 0.0, 0.0, 0.0, 0.0, 0.0, 0.0, 0.0, 0.0, 0.0, 0.0, 0.0, 0.0, 0.0, 0.0, 0.0, 0.0, 0.0, 0.0, 0.0, 0.0, 0.0, 0.0, 0.0, 0.0, 0.0, 0.0, 0.0, 0.0, 0.0, 0.0, 0.0, 0.0, 0.0, 0.0, 0.0, 0.0, 0.0, 0.0, 0.0, 0.0, 0.0, 0.0, 0.0, 0.0, 0.0, 0.0, 0.0, 0.0, 0.0, 0.0, 0.0, 0.0, 0.0, 0.0, 0.0, 0.0, 0.0, 0.0, 0.0, 0.0, 0.0, 0.0, 0.0, 0.0, 0.0, 0.0, 0.0, 0.0, 0.0, 0.0, 0.0, 0.0, 0.0, 0.0, 0.0, 0.0, 0.0, 0.0, 0.0, 0.0, 0.0, 0.0, 0.0, 0.0, 0.0, 0.0, 0.0, 0.0, 0.0, 0.0, 0.0, 0.0, 0.0, 0.0, 0.0, 0.0, 0.0, 0.0, 0.0, 0.0, 0.0, 0.0, 0.0, 0.0, 0.0, 0.0, 0.0, 0.0, 0.0, 0.0, 0.0, 0.0, 0.0, 0.0, 0.6595744490623474, 0.0, 0.0, 0.0, 0.2978723347187042, 0.0, 0.0, 0.0, 0.042553190141916275, 0.0, 0.0, 0.0, 0.0, 0.0, 0.0, 0.0, 0.0, 0.0, 0.0, 0.0, 0.0, 0.0, 0.0, 0.0, 0.0, 0.0, 0.0, 0.0, 0.0, 0.0, 0.0, 0.0, 0.0, 0.0, 0.0, 0.0, 0.0, 0.0, 0.0, 0.0, 0.0, 0.0, 0.0, 0.0, 0.0, 0.0, 0.0, 0.0, 0.0, 0.0, 0.0, 0.0, 0.0, 0.0, 0.0, 0.0, 0.0, 0.0, 0.0, 0.0, 0.0, 0.0, 0.0, 0.0, 0.0, 0.0, 0.0, 0.0, 0.0, 0.0, 0.0, 0.0, 0.0, 0.0, 0.0, 0.0, 0.0, 0.0, 0.0, 0.0, 0.0, 0.0, 0.0, 0.0, 0.0, 0.0, 0.0, 0.0, 0.0, 0.0, 0.0, 0.0, 0.0, 0.0, 0.0, 0.0, 0.0, 0.0, 0.0, 0.0, 0.0, 0.0, 0.0, 0.0, 0.0, 0.0], "tonal.chords_histogram": [0.0, 0.0, 0.0, 0.0, 0.0, 11.44164752960205, 0.0, 0.0, 0.0, 0.0, 0.9153317809104919, 0.6864988803863525, 6.178489685058594, 0.0, 13.729976654052734, 24.25629234313965, 1.372997760772705, 0.0, 0.0, 0.0, 0.0, 0.0, 5.720823764801025, 35.697940826416016], "tonal.thpcp": [1.0, 0.17691347002983093, 0.09673017263412476, 0.09268839657306671, 0.04617198184132576, 0.17822688817977905, 0.19491039216518402, 0.05197972431778908, 0.10772556811571121, 0.13948610424995422, 0.2280821055173874, 0.44852039217948914, 0.32354775071144104, 0.0963667705655098, 0.12977232038974762, 0.12262988090515137, 0.07725439220666885, 0.11591008305549622, 0.08420489728450775, 0.03782908618450165, 0.49845176935195923, 0.5597307085990906, 0.11454351246356964, 0.48407572507858276, 0.5440515279769897, 0.11083441972732544, 0.11374779790639877, 0.11637652665376663, 0.17367058992385864, 0.3610875904560089, 0.2544468343257904, 0.10698207467794418, 0.13595789670944214, 0.12002529948949814, 0.16759106516838074, 0.9711977243423462], "lowlevel.gfcc.cov": [[6909.6865234375, -2157.2978515625, 744.8121948242188, 3638.24853515625, 181.1077423095703, 593.8438720703125, 224.3946075439453, 185.84910583496094, 664.8970947265625, 140.06922912597656, -75.05439758300781, 181.27774047851562, -383.6590881347656], [-2157.2978515625, 1906.9493408203125, -778.5675659179688, -1888.7552490234375, 270.27178955078125, -526.2529296875, -50.93087387084961, -196.70126342773438, -352.5011901855469, -176.24847412109375, 38.831783294677734, -239.61839294433594, 169.29067993164062], [744.8121948242188, -778.5675659179688, 1900.01904296875, 1571.8267822265625, 35.96685791015625, 803.1636962890625, 230.6049346923828, 325.97802734375, 389.5619201660156, 199.37966918945312, 44.48063278198242, 155.34278869628906, -187.25204467773438], [3638.24853515625, -1888.7552490234375, 1571.8267822265625, 3498.33056640625, 240.909423828125, 812.2463989257812, 336.04638671875, 344.92303466796875, 726.5936889648438, 207.70089721679688, 3.4050893783569336, 233.3888702392578, -266.0920715332031], [181.1077423095703, 270.27178955078125, 35.96685791015625, 240.909423828125, 468.98309326171875, 44.24878692626953, 137.8995819091797, 50.79420852661133, 66.41768646240234, 30.75212860107422, 15.97252082824707, -85.23757934570312, -25.203975677490234], [593.8438720703125, -526.2529296875, 803.1636962890625, 812.2463989257812, 44.24878692626953, 515.0720825195312, 135.36007690429688, 181.5181121826172, 204.38633728027344, 117.36070251464844, -7.634798049926758, 52.4681282043457, -132.061279296875], [224.3946075439453, -50.93087387084961, 230.6049346923828, 336.04638671875, 137.8995819091797, 135.36007690429688, 172.91978454589844, 94.4864501953125, 108.35553741455078, 37.89664077758789, 32.05915832519531, 16.151445388793945, -26.62326431274414], [185.84910583496094, -196.70126342773438, 325.97802734375, 344.92303466796875, 50.79420852661133, 181.5181121826172, 94.4864501953125, 167.8717041015625, 147.03648376464844, 99.76006317138672, 44.713382720947266, 45.12130355834961, -45.73879623413086], [664.8970947265625, -352.5011901855469, 389.5619201660156, 726.5936889648438, 66.41768646240234, 204.38633728027344, 108.35553741455078, 147.03648376464844, 311.79083251953125, 120.13563537597656, 79.80433654785156, 80.2901611328125, -50.36642074584961], [140.06922912597656, -176.24847412109375, 199.37966918945312, 207.70089721679688, 30.75212860107422, 117.36070251464844, 37.89664077758789, 99.76006317138672, 120.13563537597656, 157.79534912109375, 53.88713073730469, 29.347246170043945, -44.16110610961914], [-75.05439758300781, 38.831783294677734, 44.48063278198242, 3.4050893783569336, 15.97252082824707, -7.634798049926758, 32.05915832519531, 44.713382720947266, 79.80433654785156, 53.88713073730469, 118.21794891357422, 60.3591423034668, 26.289400100708008], [181.27774047851562, -239.61839294433594, 155.34278869628906, 233.3888702392578, -85.23757934570312, 52.4681282043457, 16.151445388793945, 45.12130355834961, 80.2901611328125, 29.347246170043945, 60.3591423034668, 135.13067626953125, 27.276029586791992], [-383.6590881347656, 169.29067993164062, -187.25204467773438, -266.0920715332031, -25.203975677490234, -132.061279296875, -26.62326431274414, -45.73879623413086, -50.36642074584961, -44.16110610961914, 26.289400100708008, 27.276029586791992, 113.08802795410156]], "lowlevel.gfcc.icov": [[0.00048280690680257976, -6.860966823296621e-05, 0.0004429013351909816, -0.0006562037160620093, 0.00010335558908991516, -0.0001256663235835731, 7.790808740537614e-05, 0.0002886576403398067, 3.3034735679393634e-05, 3.323584678582847e-05, -6.801575364079326e-05, -0.00034911007969640195, 0.0010690799681469798], [-6.860966823296621e-05, 0.0032892345916479826, -0.0014230057131499052, 0.0021471409127116203, -0.002254336141049862, 0.002160939620807767, -0.0011120523558929563, 0.0007609045132994652, -0.0015681114746257663, 0.0024105829652398825, -0.0014754972653463483, 0.0026262099854648113, -0.00044122448889538646], [0.0004429013351909816, -0.0014230057131499052, 0.002769100246950984, -0.0018021446885541081, 0.0012613236904144287, -0.0034041483886539936, 0.0006621266365982592, -0.0007828282541595399, 0.00117415189743042, -0.0007574753253720701, -0.00042766472324728966, -0.0013889886904507875, 0.0007841725600883365], [-0.0006562037160620093, 0.0021471409127116203, -0.0018021446885541081, 0.003298878902569413, -0.002183192642405629, 0.0015425969613716006, -0.001144138048402965, 0.00099398591555655, -0.003277589101344347, 0.0018664868548512459, 0.0012392459902912378, -7.748581265332177e-05, -0.00021508762438315898], [0.00010335558908991516, -0.002254336141049862, 0.0012613236904144287, -0.002183192642405629, 0.005651589948683977, -0.0013630733592435718, -0.0021036702673882246, -0.0007375668501481414, 0.001718325773254037, -0.00223819469101727, -0.0009972600964829326, 0.0028936283197253942, -0.0010236857924610376], [-0.0001256663235835731, 0.002160939620807767, -0.0034041483886539936, 0.0015425969613716006, -0.0013630733592435718, 0.00973508134484291, -0.0025459129828959703, -0.001390312914736569, -0.0016455411678180099, 0.00046739872777834535, 0.0024180025793612003, 0.0005720996996387839, 0.0029842962976545095], [7.790808740537614e-05, -0.0011120523558929563, 0.0006621266365982592, -0.001144138048402965, -0.0021036702673882246, -0.0025459129828959703, 0.012935938313603401, -0.005229735281318426, 0.00015794584760442376, 0.0023565003648400307, -0.0019467074889689684, -0.0006175960297696292, -0.0005863515543751419], [0.0002886576403398067, 0.0007609045132994652, -0.0007828282541595399, 0.00099398591555655, -0.0007375668501481414, -0.001390312914736569, -0.005229735281318426, 0.0182028841227293, -0.004140544682741165, -0.004844932351261377, 0.0005100753041915596, -0.0023393721785396338, 0.0019355199765414], [3.3034735679393634e-05, -0.0015681114746257663, 0.00117415189743042, -0.003277589101344347, 0.001718325773254037, -0.0016455411678180099, 0.00015794584760442376, -0.004140544682741165, 0.012638027779757977, -0.00362775637768209, -0.005536538548767567, 0.0005500882980413735, -0.001118111191317439], [3.323584678582847e-05, 0.0024105829652398825, -0.0007574753253720701, 0.0018664868548512459, -0.00223819469101727, 0.00046739872777834535, 0.0023565003648400307, -0.004844932351261377, -0.00362775637768209, 0.015194389037787914, -0.005348746199160814, 0.0021953824907541275, 0.003315547714009881], [-6.801575364079326e-05, -0.0014754972653463483, -0.00042766472324728966, 0.0012392459902912378, -0.0009972600964829326, 0.0024180025793612003, -0.0019467074889689684, 0.0005100753041915596, -0.005536538548767567, -0.005348746199160814, 0.02137875184416771, -0.010694772936403751, -0.00040966508095152676], [-0.00034911007969640195, 0.0026262099854648113, -0.0013889886904507875, -7.748581265332177e-05, 0.0028936283197253942, 0.0005720996996387839, -0.0006175960297696292, -0.0023393721785396338, 0.0005500882980413735, 0.0021953824907541275, -0.010694772936403751, 0.022549983114004135, -0.009226963855326176], [0.0010690799681469798, -0.00044122448889538646, 0.0007841725600883365, -0.00021508762438315898, -0.0010236857924610376, 0.0029842962976545095, -0.0005863515543751419, 0.0019355199765414, -0.001118111191317439, 0.003315547714009881, -0.00040966508095152676, -0.009226963855326176, 0.020941535010933876]], "lowlevel.mfcc.cov": [[7252.99267578125, -3487.464111328125, 809.3056640625, 2541.75, 635.9563598632812, 1009.4007568359375, -245.56312561035156, 607.8386840820312, 200.71780395507812, 503.8312683105469, 189.918212890625, 227.48809814453125, 416.6890869140625], [-3487.464111328125, 3642.5693359375, -1694.1322021484375, -1857.160888671875, -486.42626953125, -931.4879760742188, 217.9053497314453, -621.490234375, -256.4502868652344, -416.8255310058594, -320.3408508300781, -181.85598754882812, -373.08544921875], [809.3056640625, -1694.1322021484375, 2181.096923828125, 959.1025390625, 412.22845458984375, 736.5150756835938, 10.338123321533203, 538.0109252929688, 226.5069580078125, 327.7323913574219, 396.4788818359375, 133.7666778564453, 248.12033081054688], [2541.75, -1857.160888671875, 959.1025390625, 1768.7481689453125, 565.332275390625, 716.8753051757812, -28.03541374206543, 479.2835693359375, 251.39369201660156, 346.12811279296875, 246.47079467773438, 181.05909729003906, 287.6290283203125], [635.9563598632812, -486.42626953125, 412.22845458984375, 565.332275390625, 377.364990234375, 322.9175720214844, 70.77069091796875, 170.2364044189453, 121.4910659790039, 178.83164978027344, 152.26478576660156, 76.60462951660156, 68.92396545410156], [1009.4007568359375, -931.4879760742188, 736.5150756835938, 716.8753051757812, 322.9175720214844, 504.2398986816406, 51.754940032958984, 276.6996765136719, 148.13531494140625, 201.88720703125, 195.16651916503906, 70.46822357177734, 105.37998962402344], [-245.56312561035156, 217.9053497314453, 10.338123321533203, -28.03541374206543, 70.77069091796875, 51.754940032958984, 181.08673095703125, 18.805278778076172, 35.62403869628906, 20.348968505859375, 47.211788177490234, 12.204742431640625, -48.817527770996094], [607.8386840820312, -621.490234375, 538.0109252929688, 479.2835693359375, 170.2364044189453, 276.6996765136719, 18.805278778076172, 277.9772033691406, 112.10773468017578, 120.24895477294922, 132.0635986328125, 49.2116584777832, 118.87433624267578], [200.71780395507812, -256.4502868652344, 226.5069580078125, 251.39369201660156, 121.4910659790039, 148.13531494140625, 35.62403869628906, 112.10773468017578, 123.50926971435547, 104.18867492675781, 92.87914276123047, 55.26289367675781, 53.65420150756836], [503.8312683105469, -416.8255310058594, 327.7323913574219, 346.12811279296875, 178.83164978027344, 201.88720703125, 20.348968505859375, 120.24895477294922, 104.18867492675781, 191.38978576660156, 149.55992126464844, 90.48284149169922, 75.78768920898438], [189.918212890625, -320.3408508300781, 396.4788818359375, 246.47079467773438, 152.26478576660156, 195.16651916503906, 47.211788177490234, 132.0635986328125, 92.87914276123047, 149.55992126464844, 239.40338134765625, 109.07149505615234, 76.81593322753906], [227.48809814453125, -181.85598754882812, 133.7666778564453, 181.05909729003906, 76.60462951660156, 70.46822357177734, 12.204742431640625, 49.2116584777832, 55.26289367675781, 90.48284149169922, 109.07149505615234, 136.9976806640625, 95.44503784179688], [416.6890869140625, -373.08544921875, 248.12033081054688, 287.6290283203125, 68.92396545410156, 105.37998962402344, -48.817527770996094, 118.87433624267578, 53.65420150756836, 75.78768920898438, 76.81593322753906, 95.44503784179688, 173.95762634277344]], "lowlevel.mfcc.icov": [[0.00047172553604468703, 0.000246103125391528, 0.0003670958976726979, -0.00040297076338902116, 0.0002731511485762894, -0.0005473511409945786, 0.0001598495291545987, -0.0003881128504872322, 0.0010997486533597112, -0.0009166307281702757, 0.00047387226368300617, -0.00031026091892272234, 9.51103720581159e-05], [0.000246103125391528, 0.0011206796625629067, 0.0004296395636629313, 0.00043887918582186103, -0.0006723144906572998, 0.0007860177429392934, -0.001070588012225926, 5.943131691310555e-05, 0.00022123959206510335, 3.394067971385084e-05, -9.571914233674761e-06, 0.0002078442194033414, -0.0002681190671864897], [0.0003670958976726979, 0.0004296395636629313, 0.0015622827922925353, 0.00018963876937050372, 0.00014020432718098164, -0.0015899117570370436, 0.00035809422843158245, -0.001566658727824688, 0.0012267478741705418, -0.0008241645409725606, -0.0003650951839517802, -1.6792395399534144e-05, -0.00026997874374501407], [-0.00040297076338902116, 0.00043887918582186103, 0.00018963876937050372, 0.003134362166747451, -0.0023021523375064135, -0.0009286084095947444, 0.00044468685518950224, -0.0013959661591798067, -0.001113502774387598, 0.000554051308427006, 0.0011094659566879272, -0.0011122631840407848, -0.0007706553442403674], [0.0002731511485762894, -0.0006723144906572998, 0.00014020432718098164, -0.0023021523375064135, 0.00916973501443863, -0.0036998812574893236, -0.0013167648576200008, 0.0010177257936447859, 0.000548610754776746, -0.003943955525755882, -9.625701932236552e-05, 0.00015847422764636576, 0.0005580738070420921], [-0.0005473511409945786, 0.0007860177429392934, -0.0015899117570370436, -0.0009286084095947444, -0.0036998812574893236, 0.012308215722441673, -0.002716710790991783, -0.0010574385523796082, -0.002169298008084297, 0.0003656951885204762, -0.0026069767773151398, 0.003410884877666831, 0.0005595806869678199], [0.0001598495291545987, -0.001070588012225926, 0.00035809422843158245, 0.00044468685518950224, -0.0013167648576200008, -0.002716710790991783, 0.010660537518560886, -0.003114922670647502, -0.001323031261563301, 0.0014484714483842254, -2.2735772290616296e-05, -0.004727325867861509, 0.005743476562201977], [-0.0003881128504872322, 5.943131691310555e-05, -0.001566658727824688, -0.0013959661591798067, 0.0010177257936447859, -0.0010574385523796082, -0.003114922670647502, 0.015627840533852577, -0.006141018588095903, 0.002638637088239193, -0.0037214283365756273, 0.007693736348301172, -0.007549758069217205], [0.0010997486533597112, 0.00022123959206510335, 0.0012267478741705418, -0.001113502774387598, 0.000548610754776746, -0.002169298008084297, -0.001323031261563301, -0.006141018588095903, 0.022065583616495132, -0.009045766666531563, 0.0018409275216981769, -0.00314648007042706, 0.0009021912701427937], [-0.0009166307281702757, 3.394067971385084e-05, -0.0008241645409725606, 0.000554051308427006, -0.003943955525755882, 0.0003656951885204762, 0.0014484714483842254, 0.002638637088239193, -0.009045766666531563, 0.020391950383782387, -0.00611599488183856, -0.0027978853322565556, 0.0006140510085970163], [0.00047387226368300617, -9.571914233674761e-06, -0.0003650951839517802, 0.0011094659566879272, -9.625701932236552e-05, -0.0026069767773151398, -2.2735772290616296e-05, -0.0037214283365756273, 0.0018409275216981769, -0.00611599488183856, 0.01367619913071394, -0.008408727124333382, 0.0023559723049402237], [-0.00031026091892272234, 0.0002078442194033414, -1.6792395399534144e-05, -0.0011122631840407848, 0.00015847422764636576, 0.003410884877666831, -0.004727325867861509, 0.007693736348301172, -0.00314648007042706, -0.0027978853322565556, -0.008408727124333382, 0.02433829940855503, -0.013112345710396767], [9.51103720581159e-05, -0.0002681190671864897, -0.00026997874374501407, -0.0007706553442403674, 0.0005580738070420921, 0.0005595806869678199, 0.005743476562201977, -0.007549758069217205, 0.0009021912701427937, 0.0006140510085970163, 0.0023559723049402237, -0.013112345710396767, 0.018424009904265404]], "metadata.audio_properties.analysis.downmix": "mix", "metadata.audio_properties.codec": "mp3", "metadata.audio_properties.md5_encoded": "4479bb6bf129c2bf5d9904e62cd1dc02", "metadata.tags.file_name": "1183718307728216147.mp3", "metadata.version.essentia": "2.1-beta6-dev", "metadata.version.essentia_git_sha": "v2.1_beta5-1110-g77a6a954", "metadata.version.extractor": "music 2.0", "tonal.chords_key": "Bb", "tonal.chords_scale": "major", "tonal.key_edma.key": "D", "tonal.key_edma.scale": "minor", "tonal.key_krumhansl.key": "D", "tonal.key_krumhansl.scale": "minor", "tonal.key_temperley.key": "D", "tonal.key_temperley.scale": "minor", "metadata.tags.encoding": ["Lavf58.45.100"]}, "essentia_models": [{"model_name": "genre_dortmund", "activations": {"alternative": "0.14844596", "blues": "0.017561479", "electronic": "0.3625314", "folkcountry": "0.017615134", "funksoulrnb": "0.020399012", "jazz": "0.102827996", "pop": "0.008954427", "raphiphop": "0.13979982", "rock": "0.06503792"}}, {"model_name": "genre_rosamerica", "activations": {"classic": "0.48356715", "dance": "0.023751527", "hip hop": "0.091005005", "jazz": "0.14798118", "pop": "0.029435627", "rhythm and blues": "0.007285794", "rock": "0.09711877", "speech": "0.16090713"}}, {"model_name": "genre_tzanetakis", 