{"song_id": "1183669965014970399", "download": "https://cdn.discordapp.com/attachments/1135903449314238464/1183669965014970399/chirp.mp4?ex=65892d8f&amp", "lyrics": "(Bridge)\n\uc0c8\ud574\uac00 \ubc1d\uc544\uc624\uba74\n\ub2e4\uc2dc \uc0c8\ub85c\uc6b4 \uc2dc\uc791\uc774 \ub420\uae4c\n\uadf8\ub300\uc640 \ud568\uaed8 \ud560 \uc218 \uc788\uc744\uae4c\n\ud76c\ub9dd\uc758 \ubd88\uc528\ub97c \uc9c0\ud3b4", "style": ["POP</span><span>, Acoustic</span><span>, Classic</span><span>, Symphony</span><span>,"], "essentia_features": {"lowlevel.average_loudness": 0.9604194164276123, "lowlevel.barkbands_crest.mean": 17.066308975219727, "lowlevel.barkbands_crest.stdev": 5.015736103057861, "lowlevel.barkbands_flatness_db.mean": 0.29383736848831177, "lowlevel.barkbands_flatness_db.stdev": 0.09612348675727844, "lowlevel.barkbands_kurtosis.mean": 39.352542877197266, "lowlevel.barkbands_kurtosis.stdev": 52.18356704711914, "lowlevel.barkbands_skewness.mean": 4.241849899291992, "lowlevel.barkbands_skewness.stdev": 2.6773030757904053, "lowlevel.barkbands_spread.mean": 8.829222679138184, "lowlevel.barkbands_spread.stdev": 13.180167198181152, "lowlevel.dissonance.mean": 0.42436128854751587, "lowlevel.dissonance.stdev": 0.051856573671102524, "lowlevel.dynamic_complexity": 2.9280121326446533, "lowlevel.erbbands_crest.mean": 10.962698936462402, "lowlevel.erbbands_crest.stdev": 3.587726354598999, "lowlevel.erbbands_flatness_db.mean": 0.21690288186073303, "lowlevel.erbbands_flatness_db.stdev": 0.07349195331335068, "lowlevel.erbbands_kurtosis.mean": 5.915551662445068, "lowlevel.erbbands_kurtosis.stdev": 8.021341323852539, "lowlevel.erbbands_skewness.mean": 1.6576186418533325, "lowlevel.erbbands_skewness.stdev": 1.2063523530960083, "lowlevel.erbbands_spread.mean": 35.20955276489258, "lowlevel.erbbands_spread.stdev": 27.797285079956055, "lowlevel.hfc.mean": 9.78869342803955, "lowlevel.hfc.stdev": 15.78800106048584, "lowlevel.loudness_ebu128.integrated": -14.423088073730469, "lowlevel.loudness_ebu128.loudness_range": 2.5695457458496094, "lowlevel.loudness_ebu128.momentary.mean": -15.166914939880371, "lowlevel.loudness_ebu128.momentary.stdev": 2.774073362350464, "lowlevel.loudness_ebu128.short_term.mean": -14.540021896362305, "lowlevel.loudness_ebu128.short_term.stdev": 0.8603258728981018, "lowlevel.melbands_crest.mean": 20.3551025390625, "lowlevel.melbands_crest.stdev": 5.005446910858154, "lowlevel.melbands_flatness_db.mean": 0.3695116937160492, "lowlevel.melbands_flatness_db.stdev": 0.1206478700041771, "lowlevel.melbands_kurtosis.mean": 53.849632263183594, "lowlevel.melbands_kurtosis.stdev": 62.62377166748047, "lowlevel.melbands_skewness.mean": 4.605953693389893, "lowlevel.melbands_skewness.stdev": 2.508141040802002, "lowlevel.melbands_spread.mean": 7.389931678771973, "lowlevel.melbands_spread.stdev": 13.452826499938965, "lowlevel.pitch_salience.mean": 0.4046758711338043, "lowlevel.pitch_salience.stdev": 0.12512215971946716, "lowlevel.silence_rate_20dB.mean": 0.9982300996780396, "lowlevel.silence_rate_20dB.stdev": 0.04203305393457413, "lowlevel.silence_rate_30dB.mean": 0.8522123694419861, "lowlevel.silence_rate_30dB.stdev": 0.3548898696899414, "lowlevel.silence_rate_60dB.mean": 0.009734513238072395, "lowlevel.silence_rate_60dB.stdev": 0.09818153828382492, "lowlevel.spectral_centroid.mean": 518.59130859375, "lowlevel.spectral_centroid.stdev": 475.7617492675781, "lowlevel.spectral_complexity.mean": 7.097345352172852, "lowlevel.spectral_complexity.stdev": 7.0502214431762695, "lowlevel.spectral_decrease.mean": -1.1566487323477759e-08, "lowlevel.spectral_decrease.stdev": 1.961235795988614e-08, "lowlevel.spectral_energy.mean": 0.044542502611875534, "lowlevel.spectral_energy.stdev": 0.07467365264892578, "lowlevel.spectral_energyband_high.mean": 0.000359399855369702, "lowlevel.spectral_energyband_high.stdev": 0.0010590477613732219, "lowlevel.spectral_energyband_low.mean": 0.03325211629271507, "lowlevel.spectral_energyband_low.stdev": 0.07226299494504929, "lowlevel.spectral_energyband_middle_high.mean": 0.0010966135887429118, "lowlevel.spectral_energyband_middle_high.stdev": 0.004799249116331339, "lowlevel.spectral_energyband_middle_low.mean": 0.01128337811678648, "lowlevel.spectral_energyband_middle_low.stdev": 0.015063940547406673, "lowlevel.spectral_entropy.mean": 6.53482723236084, "lowlevel.spectral_entropy.stdev": 0.9053881764411926, "lowlevel.spectral_flux.mean": 0.08395262062549591, "lowlevel.spectral_flux.stdev": 0.12072338163852692, "lowlevel.spectral_kurtosis.mean": 14.387001991271973, "lowlevel.spectral_kurtosis.stdev": 26.15949058532715, "lowlevel.spectral_rms.mean": 0.005246530752629042, "lowlevel.spectral_rms.stdev": 0.003991242032498121, "lowlevel.spectral_rolloff.mean": 670.900146484375, "lowlevel.spectral_rolloff.stdev": 1343.5660400390625, "lowlevel.spectral_skewness.mean": 2.813894033432007, "lowlevel.spectral_skewness.stdev": 1.7869092226028442, "lowlevel.spectral_spread.mean": 5137492.5, "lowlevel.spectral_spread.stdev": 2406811.25, "lowlevel.spectral_strongpeak.mean": 0.5485140085220337, "lowlevel.spectral_strongpeak.stdev": 0.34008705615997314, "lowlevel.zerocrossingrate.mean": 0.03300132974982262, "lowlevel.zerocrossingrate.stdev": 0.03580645099282265, "metadata.audio_properties.analysis.equal_loudness": 0.0, "metadata.audio_properties.analysis.length": 26.19628143310547, "metadata.audio_properties.analysis.sample_rate": 44100.0, "metadata.audio_properties.analysis.start_time": 0.0, "metadata.audio_properties.bit_rate": 118939.0, "metadata.audio_properties.length": 26.19733238220215, "metadata.audio_properties.lossless": 0.0, "metadata.audio_properties.number_channels": 1.0, "metadata.audio_properties.replay_gain": -12.334392547607422, "metadata.audio_properties.sample_rate": 48000.0, "rhythm.beats_count": 60.0, "rhythm.beats_loudness.mean": 0.09211233258247375, "rhythm.beats_loudness.stdev": 0.1042315810918808, "rhythm.bpm": 138.5964813232422, "rhythm.bpm_histogram_first_peak_bpm": 140.0, "rhythm.bpm_histogram_first_peak_weight": 0.4736841917037964, "rhythm.bpm_histogram_second_peak_bpm": 152.0, "rhythm.bpm_histogram_second_peak_spread": 0.0, "rhythm.bpm_histogram_second_peak_weight": 0.016949152573943138, "rhythm.danceability": 1.5894979238510132, "rhythm.onset_rate": 4.005290508270264, "tonal.chords_changes_rate": 0.04240282624959946, "tonal.chords_number_rate": 0.008833922445774078, "tonal.chords_strength.mean": 0.4770876467227936, "tonal.chords_strength.stdev": 0.06765981763601303, "tonal.hpcp_crest.mean": 14.110026359558105, "tonal.hpcp_crest.stdev": 6.514217376708984, "tonal.hpcp_entropy.mean": 1.9849317073822021, "tonal.hpcp_entropy.stdev": 0.780269205570221, "tonal.key_edma.strength": 0.6418355703353882, "tonal.key_krumhansl.strength": 0.634289026260376, "tonal.key_temperley.strength": 0.6264718174934387, "tonal.tuning_diatonic_strength": 0.4734402298927307, "tonal.tuning_equal_tempered_deviation": 0.08044350147247314, "tonal.tuning_frequency": 438.2245178222656, "tonal.tuning_nontempered_energy_ratio": 0.6554889678955078, "lowlevel.barkbands.mean": [0.0002898511302191764, 0.025470508262515068, 0.006064041052013636, 0.002843225607648492, 0.0062167467549443245, 0.0007715992978774011, 0.0012308162404224277, 0.00011674027336994186, 6.629703420912847e-05, 0.00016339214926119894, 0.00023972825147211552, 8.390713628614321e-05, 9.113943087868392e-05, 0.0001318507711403072, 7.76426459196955e-05, 6.20734499534592e-05, 8.73124081408605e-05, 8.92278112587519e-05, 6.052820026525296e-05, 5.3423591452883556e-05, 4.711226574727334e-05, 8.939392864704132e-05, 5.3028496040496975e-05, 5.9221954870736226e-05, 6.717693759128451e-05, 1.6199133824557066e-05, 3.4217381994494644e-07], "lowlevel.barkbands.stdev": [0.0007680340786464512, 0.057253964245319366, 0.024514274671673775, 0.011134915985167027, 0.00450235465541482, 0.0012251932639628649, 0.0008431038004346192, 0.00021600436593871564, 0.00019856977451127023, 0.0006566816009581089, 0.0017847365234047174, 0.0005676994915120304, 0.0003566080704331398, 0.0005171541124582291, 0.0003909439838025719, 0.00034999122726731, 0.0003523824270814657, 0.0003359708935022354, 0.0003003104939125478, 0.0002471239131409675, 0.00021794781787320971, 0.0003070423554163426, 0.00016310899809468538, 0.0002255837753182277, 0.00019988094572909176, 4.2488067265367135e-05, 2.077161298075225e-06], "lowlevel.erbbands.mean": [0.6496239900588989, 5.8937296867370605, 8.628925323486328, 8.208117485046387, 12.38737964630127, 25.2987117767334, 17.763208389282227, 3.2469613552093506, 16.266504287719727, 9.504202842712402, 2.4025707244873047, 1.739373803138733, 3.4127650260925293, 7.993786334991455, 8.164588928222656, 3.115662097930908, 3.991687059402466, 6.3577351570129395, 5.553852081298828, 3.5065677165985107, 3.6622843742370605, 4.969630241394043, 4.759058475494385, 3.816709041595459, 2.9655351638793945, 2.540301561355591, 1.9077446460723877, 2.0768473148345947, 3.1945741176605225, 2.639554500579834, 1.3478046655654907, 1.0009074211120605, 1.15114426612854, 0.9238439798355103, 0.37566062808036804, 0.11008844524621964, 0.022189360111951828, 0.0022897417657077312, 7.774695404805243e-05, 5.222549589234404e-05], "lowlevel.erbbands.stdev": [1.3973747491836548, 14.277532577514648, 28.751140594482422, 35.04508972167969, 22.919836044311523, 17.09561538696289, 18.329397201538086, 5.153756618499756, 11.644241333007812, 9.310952186584473, 4.600669860839844, 4.563806056976318, 10.714350700378418, 47.012027740478516, 67.42317199707031, 18.468421936035156, 15.52092456817627, 23.656984329223633, 25.205223083496094, 17.84637451171875, 21.43787384033203, 19.63546371459961, 16.64516830444336, 16.5443058013916, 14.885884284973145, 11.781932830810547, 8.939188003540039, 9.294095993041992, 11.602023124694824, 8.035964965820312, 4.150701999664307, 3.529733896255493, 4.771857738494873, 3.231522798538208, 0.9440942406654358, 0.26563018560409546, 0.06644386053085327, 0.00835568830370903, 0.00020431011216714978, 8.211563545046374e-05], "lowlevel.gfcc.mean": [-103.59371185302734, 105.35892486572266, -65.284912109375, 24.98383331298828, -71.4198989868164, -1.8355686664581299, -72.26936340332031, -1.795759677886963, -31.290939331054688, -6.9091315269470215, -13.246237754821777, 0.8210927248001099, -10.660478591918945], "lowlevel.melbands.mean": [0.006610855460166931, 0.005619366187602282, 0.0015263566747307777, 0.0014140491839498281, 0.0007315612747333944, 7.904735684860498e-05, 0.0002613382530398667, 8.349655399797484e-05, 1.578552291903179e-05, 1.0775550435937475e-05, 1.6961148503469303e-05, 3.128383832518011e-05, 3.113330603810027e-05, 1.19436926979688e-05, 5.639194569084793e-06, 1.1172079211974051e-05, 1.1781965440604836e-05, 9.6627336461097e-06, 5.574234819505364e-06, 3.891952019330347e-06, 4.387875833344879e-06, 5.115674412081717e-06, 4.99858606417547e-06, 3.916163223038893e-06, 2.9968953185743885e-06, 2.2509707378048915e-06, 1.9553392576199258e-06, 1.616294753148395e-06, 1.2322346947257756e-06, 9.969967322831508e-07, 1.268750793315121e-06, 1.766983473316941e-06, 1.825295385060599e-06, 1.3206575886215433e-06, 8.041645855882962e-07, 5.782034122603363e-07, 6.333252713375259e-07, 7.880352654865419e-07, 8.168328804458724e-07, 7.820953555892629e-07], "lowlevel.melbands.stdev": [0.014331882819533348, 0.01504465751349926, 0.005554766394197941, 0.0011814485769718885, 0.0006011973600834608, 0.00013132412277627736, 0.00017944387218449265, 8.883138798410073e-05, 3.5859793570125476e-05, 3.035476584045682e-05, 5.2702136599691585e-05, 0.00017948585445992649, 0.00024257952463813126, 9.366858284920454e-05, 2.4738712454563938e-05, 4.278041160432622e-05, 4.399452518555336e-05, 4.34430330642499e-05, 2.895222496590577e-05, 1.9190547391190194e-05, 2.796312764985487e-05, 2.194822081946768e-05, 1.8008176994044334e-05, 1.4512345842376817e-05, 1.334808530373266e-05, 1.2193161637696903e-05, 9.221231266565155e-06, 7.726524927420542e-06, 5.9482681535882875e-06, 4.741708835354075e-06, 5.712005986424629e-06, 6.776961072318954e-06, 6.0143361224618275e-06, 4.0814893509377725e-06, 2.5015885967150098e-06, 2.014849769693683e-06, 2.3817894998501288e-06, 3.249155952289584e-06, 3.650584631031961e-06, 2.5247693429264473e-06], "lowlevel.melbands128.mean": [0.00027604683418758214, 0.004194638691842556, 0.010133158415555954, 0.009734985418617725, 0.0055153220891952515, 0.0026225398760288954, 0.0015984324272722006, 0.0014101137639954686, 0.0009752316982485354, 0.001700555789284408, 0.0014989012852311134, 0.000974876806139946, 0.0006895945407450199, 0.00018650840502232313, 3.300704338471405e-05, 2.221090835519135e-05, 0.00010868741810554639, 0.0004438459873199463, 0.0002762329240795225, 5.2986964874435216e-05, 2.5566316253389232e-05, 1.8097704014508054e-05, 1.905541284941137e-05, 6.275851774262264e-06, 9.613300790078938e-06, 1.3266849236970302e-05, 1.0772063433250878e-05, 1.8570521206129342e-05, 1.8531904061092064e-05, 2.8647255021496676e-05, 3.47587229043711e-05, 3.9648533856961876e-05, 3.344806100358255e-05, 2.52417303272523e-05, 1.4411242773348931e-05, 8.739045370020904e-06, 5.83678138355026e-06, 5.102894192532403e-06, 5.150455763214268e-06, 8.921450898924377e-06, 1.3397125258052256e-05, 1.2682854503509589e-05, 1.1740305126295425e-05, 1.1376057045708876e-05, 1.2018028428428806e-05, 9.192026482196525e-06, 7.080996965669328e-06, 6.320162810879992e-06, 4.010573320556432e-06, 5.006755600334145e-06, 3.552257567207562e-06, 3.1442373256140854e-06, 4.582846486300696e-06, 4.777322374138748e-06, 4.427428393682931e-06, 5.840795438416535e-06, 4.512993655225728e-06, 5.854657047166256e-06, 4.839449502469506e-06, 4.029302999697393e-06, 3.580510110623436e-06, 4.240972430125112e-06, 3.655755563158891e-06, 2.433392410239321e-06, 2.2853246264276095e-06, 2.3227678411785746e-06, 2.247357542728423e-06, 1.8558309875515988e-06, 2.0217519249854377e-06, 1.8888413251261227e-06, 1.615061933080142e-06, 1.5238288142427336e-06, 1.2864157952208188e-06, 1.2636663768716971e-06, 1.050895662046969e-06, 9.54129632191325e-07, 9.6267342541978e-07, 1.0742016911535757e-06, 1.4185003465172485e-06, 1.2600429499798338e-06, 1.6614350215604645e-06, 2.0573129404510837e-06, 1.933339262905065e-06, 1.8189028878623503e-06, 1.7390724451615824e-06, 1.4759797295482713e-06, 1.1391790621928521e-06, 1.044211671796802e-06, 7.877355869823077e-07, 6.136721708571713e-07, 6.735185706929769e-07, 5.393634978645423e-07, 4.92689707698446e-07, 6.059268002900353e-07, 7.385585263364192e-07, 7.390283371933037e-07, 7.533167263318319e-07, 9.622924608265748e-07, 7.344100367845385e-07, 8.002364779713389e-07, 8.930542776397488e-07, 7.685489435971249e-07, 6.909693297529884e-07, 5.152688231646607e-07, 4.217526736738364e-07, 3.0427480623984593e-07, 2.549387545514037e-07, 2.258955049683209e-07, 1.8470504414835887e-07, 1.4535886805333575e-07, 1.1174702763128153e-07, 8.494168213246667e-08, 5.6505886192326216e-08, 4.381208640324985e-08, 3.26614717494067e-08, 2.181057112693452e-08, 1.1529867727233523e-08, 2.7384359224669197e-09, 1.1500278507270423e-10, 8.489252703580696e-12, 7.033917285431679e-12, 6.5216009675905795e-12, 6.356561110809622e-12, 6.236280589155818e-12, 6.032078916223815e-12, 5.754085142389842e-12, 5.59517449733038e-12, 5.548499593804879e-12], "lowlevel.melbands128.stdev": [0.0007522812811657786, 0.009789567440748215, 0.023312881588935852, 0.02570311352610588, 0.017775705084204674, 0.011225308291614056, 0.007883532904088497, 0.004721485078334808, 0.0021373743657022715, 0.0012424304150044918, 0.00116492819506675, 0.0007603213889524341, 0.0008910577744245529, 0.00030837091617286205, 0.00011133783118566498, 8.555662498110905e-05, 0.00011306704254820943, 0.0003315646608825773, 0.00026900312514044344, 9.11189999897033e-05, 5.4093125072540715e-05, 4.1042287193704396e-05, 4.670053021982312e-05, 2.713081266847439e-05, 2.886937181756366e-05, 4.001469278591685e-05, 4.904004163108766e-05, 5.760142448707484e-05, 5.818741919938475e-05, 0.00013966544065624475, 0.00024277906049974263, 0.00028602866223081946, 0.00028642170946113765, 0.0002949241315945983, 0.00011812919547082856, 5.4150379583006725e-05, 2.9817665563314222e-05, 2.649806447152514e-05, 2.6109082682523876e-05, 3.74488445231691e-05, 5.0752645620377734e-05, 5.606098420685157e-05, 5.2156217861920595e-05, 4.276980325812474e-05, 5.591674926108681e-05, 4.897647522739135e-05, 3.7136374885449186e-05, 3.676445339806378e-05, 2.3199125280370936e-05, 3.0368675652425736e-05, 1.6809777662274428e-05, 1.5013647498562932e-05, 4.2733558075269684e-05, 2.9602415452245623e-05, 2.1115029085194692e-05, 3.024740726687014e-05, 1.5821793567738496e-05, 2.378989665885456e-05, 2.0577843315550126e-05, 1.2844959201174788e-05, 1.4454380107054021e-05, 1.9211482140235603e-05, 1.9065173546550795e-05, 1.1259816346864682e-05, 1.2529177183751017e-05, 1.4473085684585385e-05, 1.2639824490179308e-05, 9.485637747275177e-06, 1.004355726763606e-05, 9.115348802879453e-06, 9.053179383045062e-06, 7.582667876704363e-06, 7.1402992034563795e-06, 6.447493433370255e-06, 5.156407041795319e-06, 4.766071015183115e-06, 5.056825557403499e-06, 5.980217792966869e-06, 6.89664966557757e-06, 5.343516932043713e-06, 6.946744179003872e-06, 8.258672096417286e-06, 7.525320143031422e-06, 6.477697297668783e-06, 5.410384801507462e-06, 5.258635155769298e-06, 3.7044067084934795e-06, 3.6043761610926595e-06, 2.507685167074669e-06, 2.0880875126749743e-06, 2.596700142021291e-06, 1.9085832718701568e-06, 1.8667109316083952e-06, 2.4051585114648333e-06, 3.074525920965243e-06, 3.4049789974233136e-06, 3.3190601698152022e-06, 4.829316821997054e-06, 3.834403287328314e-06, 3.2833752356964396e-06, 3.022825694642961e-06, 2.5622855446272297e-06, 2.1141870547580766e-06, 1.5323702200475964e-06, 1.2380398857203545e-06, 7.245502047226182e-07, 6.674127916994621e-07, 5.307103947416181e-07, 5.21149786436581e-07, 4.4996801307206624e-07, 3.58981139925163e-07, 2.6528576313467056e-07, 2.1370620117977523e-07, 1.8299023452073016e-07, 1.2418570349836955e-07, 9.71711102693007e-08, 6.628243198747441e-08, 2.230258999702528e-08, 1.8075599905742479e-09, 3.489812258616887e-11, 1.7879276184573634e-11, 1.5677799336533127e-11, 1.5376236742192795e-11, 1.4976218182249923e-11, 1.363282837313351e-11, 1.227742473658422e-11, 1.1966565759136127e-11, 1.1899831814377038e-11], "lowlevel.mfcc.mean": [-764.6612548828125, 141.30245971679688, 48.33053207397461, 20.34238624572754, 19.869220733642578, -10.763011932373047, -18.246925354003906, -8.00286865234375, -19.19899559020996, -20.418432235717773, 3.955883026123047, -17.2474365234375, -5.524168014526367], "lowlevel.spectral_contrast_coeffs.mean": [-0.5350335836410522, -0.6860034465789795, -0.817237138748169, -0.8172900676727295, -0.7958827018737793, -0.8080944418907166], "lowlevel.spectral_contrast_coeffs.stdev": [0.13260143995285034, 0.06251779198646545, 0.04491686075925827, 0.04876846820116043, 0.05132679641246796, 0.042143017053604126], "lowlevel.spectral_contrast_valleys.mean": [-7.733526229858398, -7.851502895355225, -8.649434089660645, -9.036371231079102, -9.298242568969727, -11.064207077026367], "lowlevel.spectral_contrast_valleys.stdev": [1.6201093196868896, 0.7601122260093689, 1.0994805097579956, 1.0316420793533325, 1.2111150026321411, 1.2290403842926025], "rhythm.beats_loudness_band_ratio.mean": [0.4993661642074585, 0.29765400290489197, 0.07091258466243744, 0.03417639434337616, 0.060285937041044235, 0.06884662061929703], "rhythm.beats_loudness_band_ratio.stdev": [0.4049113988876343, 0.2709936499595642, 0.06658575683832169, 0.05331432446837425, 0.0944545790553093, 0.0857883021235466], "tonal.hpcp.mean": [0.5278375744819641, 0.34049874544143677, 0.11021080613136292, 0.25885114073753357, 0.18366482853889465, 0.01886799745261669, 0.029782308265566826, 0.03460071235895157, 0.10399230569601059, 0.20173847675323486, 0.11924029141664505, 0.022042671218514442, 0.02393418177962303, 0.01688445545732975, 0.09100122004747391, 0.18397267162799835, 0.11145266890525818, 0.022902799770236015, 0.0146280936896801, 0.008372972719371319, 0.009660189971327782, 0.0096343494951725, 0.01938745751976967, 0.12205513566732407, 0.21836142241954803, 0.1194683238863945, 0.01540649775415659, 0.011772269383072853, 0.009563048370182514, 0.01822582259774208, 0.02587892673909664, 0.021237511187791824, 0.017368437722325325, 0.01162361167371273, 0.01400018110871315, 0.22262082993984222], "tonal.hpcp.stdev": [0.4493493139743805, 0.29789209365844727, 0.20619384944438934, 0.3922317922115326, 0.29376938939094543, 0.08051393181085587, 0.14237932860851288, 0.15322908759117126, 0.13545255362987518, 0.23302872478961945, 0.15453191101551056, 0.12126827239990234, 0.13128462433815002, 0.09782494604587555, 0.15158618986606598, 0.29796940088272095, 0.18665240705013275, 0.12681183218955994, 0.08194972574710846, 0.059514254331588745, 0.06331390887498856, 0.05542770028114319, 0.09516964107751846, 0.21310381591320038, 0.33080995082855225, 0.18108750879764557, 0.0711728036403656, 0.05829808488488197, 0.036590851843357086, 0.08233474940061569, 0.1300758570432663, 0.08753591030836105, 0.07120562344789505, 0.05105988308787346, 0.05753171816468239, 0.23590582609176636], "rhythm.beats_position": [0.3831292390823364, 0.7662584781646729, 1.160997748374939, 1.5789568424224854, 2.0201361179351807, 2.449705123901367, 2.8908843994140625, 3.320453405380249, 3.7500226497650146, 4.1679816246032715, 4.597550868988037, 5.038730144500732, 5.479909420013428, 5.921088218688965, 6.3506574630737305, 6.780226707458496, 7.221405982971191, 7.650974750518799, 8.080544471740723, 8.521722793579102, 8.951292037963867, 9.380861282348633, 9.810430526733398, 10.239999771118164, 10.68117904663086, 11.122358322143555, 11.55192756652832, 11.981496810913086, 12.422675132751465, 12.86385440826416, 13.281813621520996, 13.711382865905762, 14.140952110290527, 14.582131385803223, 15.011700630187988, 15.441269874572754, 15.88244915008545, 16.323627471923828, 16.753196716308594, 17.18276596069336, 17.623945236206055, 18.05351448059082, 18.483083724975586, 18.92426300048828, 19.342222213745117, 19.783401489257812, 20.212970733642578, 20.642539978027344, 21.08371925354004, 21.513288497924805, 21.942855834960938, 22.384035110473633, 22.8136043548584, 23.243173599243164, 23.68435287475586, 24.125532150268555, 24.55510139465332, 24.984670639038086, 25.42584991455078, 25.843809127807617], "rhythm.bpm_histogram": [0.0, 0.0, 0.0, 0.0, 0.0, 0.0, 0.0, 0.0, 0.0, 0.0, 0.0, 0.0, 0.0, 0.0, 0.0, 0.0, 0.0, 0.0, 0.0, 0.0, 0.0, 0.0, 0.0, 0.0, 0.0, 0.0, 0.0, 0.0, 0.0, 0.0, 0.0, 0.0, 0.0, 0.0, 0.0, 0.0, 0.0, 0.0, 0.0, 0.0, 0.0, 0.0, 0.0, 0.0, 0.0, 0.0, 0.0, 0.0, 0.0, 0.0, 0.0, 0.0, 0.0, 0.0, 0.0, 0.0, 0.0, 0.0, 0.0, 0.0, 0.0, 0.0, 0.0, 0.0, 0.0, 0.0, 0.0, 0.0, 0.0, 0.0, 0.0, 0.0, 0.0, 0.0, 0.0, 0.0, 0.0, 0.0, 0.0, 0.0, 0.0, 0.0, 0.0, 0.0, 0.0, 0.0, 0.0, 0.0, 0.0, 0.0, 0.0, 0.0, 0.0, 0.0, 0.0, 0.0, 0.0, 0.0, 0.0, 0.0, 0.0, 0.0, 0.0, 0.0, 0.0, 0.0, 0.0, 0.0, 0.0, 0.0, 0.0, 0.0, 0.0, 0.0, 0.0, 0.0, 0.0, 0.0, 0.0, 0.0, 0.0, 0.0, 0.0, 0.0, 0.0, 0.0, 0.0, 0.0, 0.0, 0.0, 0.0, 0.0, 0.0, 0.0, 0.0, 0.0, 0.37288135290145874, 0.0, 0.0, 0.0, 0.508474588394165, 0.0, 0.0, 0.0, 0.08474576473236084, 0.0, 0.0, 0.0, 0.0, 0.0, 0.0, 0.0, 0.016949152573943138, 0.0, 0.0, 0.0, 0.0, 0.016949152573943138, 0.0, 0.0, 0.0, 0.0, 0.0, 0.0, 0.0, 0.0, 0.0, 0.0, 0.0, 0.0, 0.0, 0.0, 0.0, 0.0, 0.0, 0.0, 0.0, 0.0, 0.0, 0.0, 0.0, 0.0, 0.0, 0.0, 0.0, 0.0, 0.0, 0.0, 0.0, 0.0, 0.0, 0.0, 0.0, 0.0, 0.0, 0.0, 0.0, 0.0, 0.0, 0.0, 0.0, 0.0, 0.0, 0.0, 0.0, 0.0, 0.0, 0.0, 0.0, 0.0, 0.0, 0.0, 0.0, 0.0, 0.0, 0.0, 0.0, 0.0, 0.0, 0.0, 0.0, 0.0, 0.0, 0.0, 0.0, 0.0, 0.0, 0.0, 0.0, 0.0, 0.0, 0.0, 0.0, 0.0, 0.0, 0.0, 0.0, 0.0, 0.0, 0.0, 0.0, 0.0, 0.0, 0.0, 0.0, 0.0, 0.0, 0.0, 0.0, 0.0], "tonal.chords_histogram": [20.318021774291992, 28.268550872802734, 45.05300521850586, 5.300353527069092, 0.0, 0.0, 0.0, 0.0, 0.0, 0.0, 0.0, 0.0, 0.0, 0.0, 0.0, 0.0, 0.0, 1.0600706338882446, 0.0, 0.0, 0.0, 0.0, 0.0, 0.0], "tonal.thpcp": [1.0, 0.645082414150238, 0.20879681408405304, 0.49039924144744873, 0.3479571044445038, 0.03574584051966667, 0.05642324313521385, 0.06555181741714478, 0.19701573252677917, 0.3821980357170105, 0.22590337693691254, 0.04176032915711403, 0.04534383863210678, 0.03198797628283501, 0.17240382730960846, 0.3485403060913086, 0.21114955842494965, 0.04338986426591873, 0.027713248506188393, 0.015862783417105675, 0.01830144412815571, 0.01825248822569847, 0.03672996908426285, 0.23123615980148315, 0.41369056701660156, 0.22633539140224457, 0.029187951236963272, 0.02230282500386238, 0.018117407336831093, 0.034529224038124084, 0.04902820289134979, 0.04023493453860283, 0.032904889434576035, 0.02202119119465351, 0.0265236534178257, 0.42176011204719543], "lowlevel.gfcc.cov": [[8060.29833984375, -2068.8642578125, -688.275146484375, 869.3575439453125, 289.5845947265625, 1432.601318359375, 440.3059387207031, 638.0128173828125, -173.18011474609375, 317.47412109375, -260.73883056640625, 497.73974609375, -132.40350341796875], [-2068.8642578125, 2515.924072265625, 1085.6651611328125, -254.78114318847656, 717.8401489257812, 142.132568359375, 596.5736694335938, 30.883752822875977, 460.2681884765625, 8.824539184570312, 448.6826171875, -192.539306640625, 139.59323120117188], [-688.275146484375, 1085.6651611328125, 1673.6553955078125, 499.93572998046875, 582.8368530273438, 330.9908752441406, 560.1114501953125, 345.6558532714844, 529.7113647460938, 122.81127166748047, 271.1965026855469, 15.647032737731934, 31.47280502319336], [869.3575439453125, -254.78114318847656, 499.93572998046875, 940.1783447265625, 314.0135498046875, 98.48709106445312, 183.77200317382812, 337.42822265625, 279.1148681640625, 89.47660827636719, 68.16658020019531, 55.8614616394043, 50.41511154174805], [289.5845947265625, 717.8401489257812, 582.8368530273438, 314.0135498046875, 811.6913452148438, 504.7322998046875, 430.793701171875, 320.8703308105469, 317.79791259765625, 126.30026245117188, 230.01710510253906, 82.19813537597656, 109.00772094726562], [1432.601318359375, 142.132568359375, 330.9908752441406, 98.48709106445312, 504.7322998046875, 869.8736572265625, 444.0353088378906, 229.94215393066406, 90.48188018798828, 165.87461853027344, 122.10177612304688, 161.18101501464844, -0.2369181513786316], [440.3059387207031, 596.5736694335938, 560.1114501953125, 183.77200317382812, 430.793701171875, 444.0353088378906, 568.989990234375, 157.70582580566406, 204.63133239746094, 128.13775634765625, 186.61993408203125, 50.72650146484375, 28.998355865478516], [638.0128173828125, 30.883752822875977, 345.6558532714844, 337.42822265625, 320.8703308105469, 229.94215393066406, 157.70582580566406, 387.2789001464844, 181.40220642089844, 46.540306091308594, 75.0921630859375, 110.86577606201172, 43.456336975097656], [-173.18011474609375, 460.2681884765625, 529.7113647460938, 279.1148681640625, 317.79791259765625, 90.48188018798828, 204.63133239746094, 181.40220642089844, 316.7641296386719, 63.64536666870117, 118.52203369140625, 7.202439785003662, 73.9446792602539], [317.47412109375, 8.824539184570312, 122.81127166748047, 89.47660827636719, 126.30026245117188, 165.87461853027344, 128.13775634765625, 46.540306091308594, 63.64536666870117, 126.91560363769531, 54.874446868896484, 42.72378921508789, 18.846492767333984], [-260.73883056640625, 448.6826171875, 271.1965026855469, 68.16658020019531, 230.01710510253906, 122.10177612304688, 186.61993408203125, 75.0921630859375, 118.52203369140625, 54.874446868896484, 205.66256713867188, 16.836572647094727, 49.5473518371582], [497.73974609375, -192.539306640625, 15.647032737731934, 55.8614616394043, 82.19813537597656, 161.18101501464844, 50.72650146484375, 110.86577606201172, 7.202439785003662, 42.72378921508789, 16.836572647094727, 141.94769287109375, 2.185263156890869], [-132.40350341796875, 139.59323120117188, 31.47280502319336, 50.41511154174805, 109.00772094726562, -0.2369181513786316, 28.998355865478516, 43.456336975097656, 73.9446792602539, 18.846492767333984, 49.5473518371582, 2.185263156890869, 101.49312591552734]], "lowlevel.gfcc.icov": [[0.00048160424921661615, -0.00014336609456222504, 0.0005933429929427803, -0.0006184649537317455, 0.0005562989390455186, -0.000875504978466779, -0.00031562161166220903, -0.000598098908085376, -4.2475570808164775e-05, -0.000463510601548478, 0.0008303376962430775, -0.000416534545365721, 0.00041604621219448745], [-0.00014336609456222504, 0.0031389680225402117, -0.0009776854421943426, 0.0026024356484413147, -0.0021202154457569122, 0.001243871171027422, -0.0015849602641537786, 0.00063252606196329, -0.0020736227743327618, 0.002508219564333558, -0.0034301485866308212, 0.0034948945976793766, -0.00038745655911043286], [0.0005933429929427803, -0.0009776854421943426, 0.0027173145208507776, -0.0014390337746590376, 0.0014960638945922256, -0.0014638425782322884, -0.0006896262057125568, -0.0012149284593760967, -0.002235989086329937, -0.000837514700833708, 0.001058853231370449, -0.0009455129620619118, 0.0023859553039073944], [-0.0006184649537317455, 0.0026024356484413147, -0.0014390337746590376, 0.004577718209475279, -0.002342074876651168, 0.002411813475191593, -0.0010933802695944905, -0.00039058912079781294, -0.0022858434822410345, 0.0012839967384934425, -0.0029682365711778402, 0.0034570975694805384, -0.00041154416976496577], [0.0005562989390455186, -0.0021202154457569122, 0.0014960638945922256, -0.002342074876651168, 0.006371347699314356, -0.0035548615269362926, 0.00016510103887412697, -0.0021695364266633987, -0.0011961605632677674, -0.0012669179122895002, 0.0011900499230250716, -0.0017699903110042214, -0.0010644154390320182], [-0.000875504978466779, 0.001243871171027422, -0.0014638425782322884, 0.002411813475191593, -0.0035548615269362926, 0.005647976417094469, -0.0017551247728988528, 0.0004383900377433747, 0.001449791481718421, -0.00064423109870404, -0.001384105533361435, 0.00017962351557798684, 0.0002831444435287267], [-0.00031562161166220903, -0.0015849602641537786, -0.0006896262057125568, -0.0010933802695944905, 0.00016510103887412697, -0.0017551247728988528, 0.006149222142994404, 0.0008812582236714661, 0.0006321762339212, -0.0018681844230741262, -0.0006034187972545624, -0.0009298076038248837, 0.00041040527867153287], [-0.000598098908085376, 0.00063252606196329, -0.0012149284593760967, -0.00039058912079781294, -0.0021695364266633987, 0.0004383900377433747, 0.0008812582236714661, 0.0078014470636844635, -0.001750939292833209, 0.0033868595492094755, -0.001283119199797511, -0.003169719595462084, -0.0009989954996854067], [-4.2475570808164775e-05, -0.0020736227743327618, -0.002235989086329937, -0.0022858434822410345, -0.0011961605632677674, 0.001449791481718421, 0.0006321762339212, -0.001750939292833209, 0.014065353199839592, -0.003909232560545206, 0.0028050343971699476, -0.0011319317854940891, -0.0043840003199875355], [-0.000463510601548478, 0.002508219564333558, -0.000837514700833708, 0.0012839967384934425, -0.0012669179122895002, -0.00064423109870404, -0.0018681844230741262, 0.0033868595492094755, -0.003909232560545206, 0.015697255730628967, -0.0046383412554860115, 0.00015357696975115687, -0.0017953846836462617], [0.0008303376962430775, -0.0034301485866308212, 0.001058853231370449, -0.0029682365711778402, 0.0011900499230250716, -0.001384105533361435, -0.0006034187972545624, -0.001283119199797511, 0.0028050343971699476, -0.0046383412554860115, 0.013855966739356518, -0.0047798859886825085, -0.0014561848947778344], [-0.000416534545365721, 0.0034948945976793766, -0.0009455129620619118, 0.0034570975694805384, -0.0017699903110042214, 0.00017962351557798684, -0.0009298076038248837, -0.003169719595462084, -0.0011319317854940891, 0.00015357696975115687, -0.0047798859886825085, 0.016203977167606354, -0.00046926442882977426], [0.00041604621219448745, -0.00038745655911043286, 0.0023859553039073944, -0.00041154416976496577, -0.0010644154390320182, 0.0002831444435287267, 0.00041040527867153287, -0.0009989954996854067, -0.0043840003199875355, -0.0017953846836462617, -0.0014561848947778344, -0.00046926442882977426, 0.016095884144306183]], "lowlevel.mfcc.cov": [[7944.01513671875, -2746.190673828125, -806.5117797851562, -231.7851104736328, 49.82748794555664, 668.7825927734375, 585.676513671875, 632.7046508789062, 409.0770568847656, 143.98806762695312, 123.28478240966797, -80.6368179321289, 227.8193359375], [-2746.190673828125, 2816.902587890625, 554.9319458007812, -122.18658447265625, 290.63006591796875, 307.4692687988281, 379.78778076171875, 194.9464569091797, 102.14285278320312, 217.0121307373047, 406.9015197753906, 178.05258178710938, 48.56581497192383], [-806.5117797851562, 554.9319458007812, 1143.7529296875, 456.80816650390625, 269.5127868652344, 190.558349609375, 169.0959014892578, 283.3433837890625, 227.25650024414062, 240.3899688720703, 257.19439697265625, 263.324951171875, 151.2931365966797], [-231.7851104736328, -122.18658447265625, 456.80816650390625, 898.3447875976562, 277.86431884765625, -73.5782470703125, -25.576513290405273, 117.41993713378906, 223.28810119628906, 188.7534942626953, 17.079330444335938, 254.26760864257812, 151.86712646484375], [49.82748794555664, 290.63006591796875, 269.5127868652344, 277.86431884765625, 591.8236694335938, 163.54757690429688, 207.8657989501953, 317.8648376464844, 258.9356994628906, 185.3430938720703, 203.34115600585938, 126.73509216308594, 186.06370544433594], [668.7825927734375, 307.4692687988281, 190.558349609375, -73.5782470703125, 163.54757690429688, 569.6681518554688, 389.3495178222656, 229.06932067871094, 160.994873046875, 187.90318298339844, 188.2846221923828, 112.301025390625, 106.31685638427734], [585.676513671875, 379.78778076171875, 169.0959014892578, -25.576513290405273, 207.8657989501953, 389.3495178222656, 491.1279296875, 306.5039978027344, 148.15615844726562, 157.81723022460938, 244.6772003173828, 112.6343765258789, 123.57935333251953], [632.7046508789062, 194.9464569091797, 283.3433837890625, 117.41993713378906, 317.8648376464844, 229.06932067871094, 306.5039978027344, 422.9598693847656, 224.52432250976562, 144.2359619140625, 243.91632080078125, 112.09683990478516, 157.880859375], [409.0770568847656, 102.14285278320312, 227.25650024414062, 223.28810119628906, 258.9356994628906, 160.994873046875, 148.15615844726562, 224.52432250976562, 282.3423767089844, 165.2924346923828, 120.43870544433594, 102.44957733154297, 123.3442611694336], [143.98806762695312, 217.0121307373047, 240.3899688720703, 188.7534942626953, 185.3430938720703, 187.90318298339844, 157.81723022460938, 144.2359619140625, 165.2924346923828, 205.9043731689453, 108.10811614990234, 106.64445495605469, 85.82852935791016], [123.28478240966797, 406.9015197753906, 257.19439697265625, 17.079330444335938, 203.34115600585938, 188.2846221923828, 244.6772003173828, 243.91632080078125, 120.43870544433594, 108.10811614990234, 285.1775207519531, 81.95930480957031, 94.93959045410156], [-80.6368179321289, 178.05258178710938, 263.324951171875, 254.26760864257812, 126.73509216308594, 112.301025390625, 112.6343765258789, 112.09683990478516, 102.44957733154297, 106.64445495605469, 81.95930480957031, 198.073974609375, 80.32467651367188], [227.8193359375, 48.56581497192383, 151.2931365966797, 151.86712646484375, 186.06370544433594, 106.31685638427734, 123.57935333251953, 157.880859375, 123.3442611694336, 85.82852935791016, 94.93959045410156, 80.32467651367188, 154.7116241455078]], "lowlevel.mfcc.icov": [[0.0005613140529021621, 0.000644862069748342, 0.0005313148722052574, 0.00015135241847019643, 0.0005289883119985461, -0.00036611888208426535, -0.00016442658670712262, -0.0008327432442456484, -0.0005970150232315063, -0.0005089530604891479, -0.00046665649279020727, -2.4489510906278156e-05, -4.318224819144234e-05], [0.000644862069748342, 0.0013104273239150643, 0.0004126836429350078, 0.0005522441351786256, 0.0003018351853825152, -0.0001739452563924715, -0.0004919265047647059, -0.0003588945255614817, -0.0006474035908468068, -0.0009937493596225977, -0.0012231592554599047, -0.0005315651069395244, 0.0003031376691069454], [0.0005313148722052574, 0.0004126836429350078, 0.0022853717673569918, -0.0004269530763849616, 0.0009486766648478806, -0.0006769118481315672, 0.0009067772189155221, -0.001633562846109271, -0.00027752949972637, -0.0013177854707464576, -0.0015563389752060175, -0.0009345026919618249, -6.817685789428651e-05], [0.00015135241847019643, 0.0005522441351786256, -0.0004269530763849616, 0.003613116918131709, -0.0005046672304160893, 0.001808635424822569, -5.607281127595343e-05, 0.0004880611668340862, -0.0011298018507659435, -0.002201714087277651, 0.0008304109214805067, -0.0035576899535954, -0.0011549112387001514], [0.0005289883119985461, 0.0003018351853825152, 0.0009486766648478806, -0.0005046672304160893, 0.00459281774237752, -0.0002421493991278112, 0.0004884868976660073, -0.002505635842680931, -0.0015430731000378728, -0.0014610339421778917, -0.0011517757084220648, 0.0005574797978624701, -0.002038297476246953], [-0.00036611888208426535, -0.0001739452563924715, -0.0006769118481315672, 0.001808635424822569, -0.0002421493991278112, 0.0056761023588478565, -0.0032344588544219732, 0.001570935477502644, -0.0006949728121981025, -0.002667927648872137, 0.0008121359278447926, -0.0017906483262777328, -0.000683124060742557], [-0.00016442658670712262, -0.0004919265047647059, 0.0009067772189155221, -5.607281127595343e-05, 0.0004884868976660073, -0.0032344588544219732, 0.008071653544902802, -0.0034735791850835085, 0.0019908605609089136, -0.0012894760584458709, -0.001990540884435177, -0.0010440658079460263, -0.000810898607596755], [-0.0008327432442456484, -0.0003588945255614817, -0.001633562846109271, 0.0004880611668340862, -0.002505635842680931, 0.001570935477502644, -0.0034735791850835085, 0.011150903068482876, -0.003096148371696472, 0.0027261562645435333, -0.002643669955432415, -0.0002577050472609699, -0.001501438207924366], [-0.0005970150232315063, -0.0006474035908468068, -0.00027752949972637, -0.0011298018507659435, -0.0015430731000378728, -0.0006949728121981025, 0.0019908605609089136, -0.003096148371696472, 0.01145357545465231, -0.004460280295461416, 0.001088535413146019, 0.0007292072987183928, -0.0013381035532802343], [-0.0005089530604891479, -0.0009937493596225977, -0.0013177854707464576, -0.002201714087277651, -0.0014610339421778917, -0.002667927648872137, -0.0012894760584458709, 0.0027261562645435333, -0.004460280295461416, 0.015561212785542011, 6.644696986768395e-05, 0.0003847727202810347, 0.0010324114700779319], [-0.00046665649279020727, -0.0012231592554599047, -0.0015563389752060175, 0.0008304109214805067, -0.0011517757084220648, 0.0008121359278447926, -0.001990540884435177, -0.002643669955432415, 0.001088535413146019, 6.644696986768395e-05, 0.010784702375531197, 1.430961856385693e-05, -0.0006373755750246346], [-2.4489510906278156e-05, -0.0005315651069395244, -0.0009345026919618249, -0.0035576899535954, 0.0005574797978624701, -0.0017906483262777328, -0.0010440658079460263, -0.0002577050472609699, 0.0007292072987183928, 0.0003847727202810347, 1.430961856385693e-05, 0.012563735246658325, -0.001060479087755084], [-4.318224819144234e-05, 0.0003031376691069454, -6.817685789428651e-05, -0.0011549112387001514, -0.002038297476246953, -0.000683124060742557, -0.000810898607596755, -0.001501438207924366, -0.0013381035532802343, 0.0010324114700779319, -0.0006373755750246346, -0.001060479087755084, 0.014168906956911087]], "metadata.audio_properties.analysis.downmix": "mix", "metadata.audio_properties.codec": "mp3", "metadata.audio_properties.md5_encoded": "c52d371c3aca5f8cb00d6ba754de6c3d", "metadata.tags.file_name": "1183669965014970399.mp3", "metadata.version.essentia": "2.1-beta6-dev", "metadata.version.essentia_git_sha": "v2.1_beta5-1110-g77a6a954", "metadata.version.extractor": "music 2.0", "tonal.chords_key": "F", "tonal.chords_scale": "major", "tonal.key_edma.key": "Bb", "tonal.key_edma.scale": "major", "tonal.key_krumhansl.key": "Bb", "tonal.key_krumhansl.scale": "major", "tonal.key_temperley.key": "Bb", "tonal.key_temperley.scale": "major", "metadata.tags.encoding": ["Lavf58.45.100"]}, "essentia_models": [{"model_name": "genre_dortmund", "activations": {"alternative": "0.0021422792", "b