{"song_id": "1183705748820201563", "download": "https://cdn.discordapp.com/attachments/1135911532732108921/1183705748820201563/chirp.mp4?ex=65894ee2&amp", "lyrics": "\u0c24\u0c3f\u0c32\u0c4b\u0c24\u0c4d\u0c24\u0c2e\u0c3e \u0c2a\u0c4d\u0c30\u0c3f\u0c2f \u0c35\u0c2f\u0c4d\u0c2f\u0c3e\u0c30\u0c2e\u0c3e\n\u0c2a\u0c4d\u0c30\u0c2d\u0c3e\u0c24\u0c2e\u0c3e \u0c36\u0c41\u0c2d \u0c35\u0c38\u0c02\u0c24\u0c2e\u0c3e\n\n\u0c28\u0c47 \u0c2e\u0c4b\u0c2f\u0c32\u0c47\u0c28\u0c02\u0c1f\u0c42\n\u0c39\u0c43\u0c26\u0c2f\u0c3e\u0c28\u0c4d\u0c28\u0c3f \u0c05\u0c02\u0c26\u0c3f\u0c02\u0c1a\u0c3e\n\u0c28\u0c47\u0c28\u0c41\u0c28\u0c4d\u0c28\u0c3e \u0c32\u0c46\u0c2e\u0c4d\u0c2e\u0c02\u0c1f\u0c42\n\u0c05\u0c26 \u0c28\u0c3e\u0c32\u0c4b \u0c26\u0c3e\u0c1a\u0c47\u0c38\u0c3e\n\n\u0c0f \u0c26\u0c3e\u0c30\u0c3f\u0c32\u0c4b \u0c38\u0c3e\u0c17\u0c41\u0c24\u0c41\u0c28\u0c4d\u0c28\n\u0c0e\u0c26 \u0c28\u0c40\u0c35\u0c48\u0c2a\u0c41\u0c15\u0c47 \u0c32\u0c3e\u0c17\u0c41\u0c24\u0c4b\u0c02\u0c26\u0c3f\n\n\u0c0f \u0c35\u0c47\u0c33\u0c32\u0c4b \u0c0e\u0c2a\u0c4d\u0c2a\u0c41\u0c21\u0c48\u0c28\u0c3e \u0c2e\u0c26\u0c3f\n\u0c28\u0c40 \u0c0a\u0c39\u0c32\u0c4b \u0c0a\u0c17\u0c41\u0c24\u0c4b\u0c02\u0c26\u0c3f\n\n\u0c06\u0c05 \u0c24\u0c3f\u0c32\u0c4b\u0c24\u0c4d\u0c24\u0c2e\u0c3e \u0c2a\u0c4d\u0c30\u0c3f\u0c2f \u0c35\u0c2f\u0c4d\u0c2f\u0c3e\u0c30\u0c2e\u0c3e\n\u0c06\u0c05 \u0c06\u0c06 \u0c05\u0c05\u0c05\u0c05\u0c05\u0c05 \u0c06\u0c06\u0c06\n\n\u0c2a\u0c46\u0c26\u0c35\u0c47 \u0c13 \u0c2e\u0c27\u0c41\u0c30 \u0c15\u0c35\u0c3f\u0c24 \u0c1a\u0c26\u0c3f\u0c35\u0c47\n\u0c05\u0c21\u0c41\u0c17\u0c47 \u0c28\u0c3e \u0c17\u0c21\u0c2a \u0c28\u0c4a\u0c26\u0c3f\u0c32\u0c3f \u0c15\u0c26\u0c3f\u0c32\u0c47\n\n\u0c07\u0c28\u0c4d\u0c28\u0c3e\u0c33\u0c4d\u0c32\u0c41 \u0c32\u0c47\u0c28\u0c3f \u0c08 \u0c15\u0c4a\u0c24\u0c4d\u0c24 \u0c2c\u0c3e\u0c23\u0c40\n\u0c07\u0c35\u0c4d\u0c35\u0c3e\u0c32\u0c46 \u0c2e\u0c28\u0c15\u0c46\u0c35\u0c30\u0c41 \u0c28\u0c47\u0c30\u0c4d\u0c2a\u0c30\u0c2e\u0c4d\u0c2e\u0c3e\n\n\u0c08 \u0c2e\u0c3e\u0c2f \u0c1a\u0c47\u0c38\u0c3f\u0c02\u0c26\u0c3f \u0c2a\u0c4d\u0c30\u0c47\u0c2e\u0c47\n\u0c2a\u0c4d\u0c30\u0c3f\u0c2f\u0c3e \u0c2a\u0c4d\u0c30\u0c47\u0c2e\u0c02\u0c1f\u0c47 \u0c12\u0c15\u0c1f\u0c48\u0c28 \u0c2e\u0c28\u0c2e\u0c47\n\u0c24\u0c3f\u0c32\u0c4b\u0c24\u0c4d\u0c24\u0c2e\u0c3e \u0c36\u0c41\u0c2d \u0c35\u0c38\u0c02\u0c24\u0c2e\u0c3e\n\n\u0c15\u0c32\u0c32\u0c47 \u0c28\u0c3e \u0c0e\u0c26\u0c41\u0c1f \u0c28\u0c3f\u0c32\u0c3f\u0c1a\u0c47 \u0c28\u0c3f\u0c1c\u0c2e\u0c48\n\u0c35\u0c32\u0c2a\u0c47 \u0c28\u0c3e \u0c35\u0c4a\u0c21\u0c3f\u0c15\u0c3f \u0c26\u0c4a\u0c30\u0c3f\u0c15\u0c47 \u0c35\u0c30\u0c2e\u0c48\n\n\u0c0f \u0c30\u0c3e\u0c39\u0c41\u0c35\u0c48\u0c28 \u0c06\u0c37\u0c3e\u0c22\u0c2e\u0c48\u0c28\n\u0c08 \u0c2c\u0c3e\u0c39\u0c41 \u0c2c\u0c02\u0c27\u0c3e\u0c28\u0c4d\u0c28\u0c3f \u0c35\u0c3f\u0c21\u0c26\u0c40\u0c2f\u0c41\u0c28\u0c3e\n\n\u0c28\u0c40 \u0c2e\u0c3e\u0c1f\u0c32\u0c47 \u0c35\u0c47\u0c26\u0c2e\u0c02\u0c24\u0c4d\u0c30\u0c02\n\u0c1a\u0c46\u0c32\u0c3f \u0c28\u0c41\u0c35\u0c4d\u0c35\u0c28\u0c4d\u0c28\u0c26\u0c47 \u0c28\u0c3e \u0c2a\u0c4d\u0c30\u0c2a\u0c02\u0c1a\u0c02\n\n\u0c24\u0c3f\u0c32\u0c4b\u0c24\u0c4d\u0c24\u0c2e\u0c3e \u0c2a\u0c4d\u0c30\u0c3f\u0c2f \u0c35\u0c2f\u0c4d\u0c2f\u0c3e\u0c30\u0c2e\u0c3e\n\u0c2a\u0c4d\u0c30\u0c2d\u0c3e\u0c24\u0c2e\u0c3e \u0c36\u0c41\u0c2d \u0c35\u0c38\u0c02\u0c24\u0c2e\u0c3e\n\n\u0c28\u0c47 \u0c2e\u0c4b\u0c2f\u0c32\u0c47\u0c28\u0c02\u0c1f\u0c42\n\u0c39\u0c43\u0c26\u0c2f\u0c3e\u0c28\u0c4d\u0c28\u0c3f \u0c05\u0c02\u0c26\u0c3f\u0c02\u0c1a\u0c3e\n\u0c28\u0c47\u0c28\u0c41\u0c28\u0c4d\u0c28\u0c3e \u0c32\u0c46\u0c2e\u0c4d\u0c2e\u0c02\u0c1f\u0c42\n\u0c05\u0c26\u0c3f \u0c28\u0c3e\u0c32\u0c4b \u0c26\u0c3e\u0c1a\u0c47\u0c38\u0c3e\n\n\u0c0f \u0c26\u0c3e\u0c30\u0c3f\u0c32\u0c4b \u0c38\u0c3e\u0c17\u0c41\u0c24\u0c41\u0c28\u0c4d\u0c28 \u0c0e\u0c26\n\u0c28\u0c40\u0c35\u0c48\u0c2a\u0c41\u0c15\u0c47 \u0c32\u0c3e\u0c17\u0c41\u0c24\u0c4b\u0c02\u0c26\u0c3f\n\n\u0c0f \u0c35\u0c47\u0c33\u0c32\u0c4b \u0c0e\u0c2a\u0c4d\u0c2a\u0c41\u0c21\u0c48\u0c28\u0c3e \u0c2e\u0c26\u0c3f\n\u0c28\u0c40 \u0c0a\u0c39\u0c32\u0c4b \u0c0a\u0c17\u0c41", "style": ["funk"], "essentia_features": {"lowlevel.average_loudness": 0.9358797669410706, "lowlevel.barkbands_crest.mean": 10.620165824890137, "lowlevel.barkbands_crest.stdev": 4.578029632568359, "lowlevel.barkbands_flatness_db.mean": 0.16452984511852264, "lowlevel.barkbands_flatness_db.stdev": 0.09983509033918381, "lowlevel.barkbands_kurtosis.mean": 17.153358459472656, "lowlevel.barkbands_kurtosis.stdev": 28.271530151367188, "lowlevel.barkbands_skewness.mean": 2.1638786792755127, "lowlevel.barkbands_skewness.stdev": 2.450376272201538, "lowlevel.barkbands_spread.mean": 20.898962020874023, "lowlevel.barkbands_spread.stdev": 17.5025691986084, "lowlevel.dissonance.mean": 0.4594627618789673, "lowlevel.dissonance.stdev": 0.040569793432950974, "lowlevel.dynamic_complexity": 7.1464409828186035, "lowlevel.erbbands_crest.mean": 9.125982284545898, "lowlevel.erbbands_crest.stdev": 4.834033489227295, "lowlevel.erbbands_flatness_db.mean": 0.15849150717258453, "lowlevel.erbbands_flatness_db.stdev": 0.06053999066352844, "lowlevel.erbbands_kurtosis.mean": 4.952536582946777, "lowlevel.erbbands_kurtosis.stdev": 15.308746337890625, "lowlevel.erbbands_skewness.mean": 0.8914135694503784, "lowlevel.erbbands_skewness.stdev": 1.7665168046951294, "lowlevel.erbbands_spread.mean": 42.741485595703125, "lowlevel.erbbands_spread.stdev": 23.43534278869629, "lowlevel.hfc.mean": 9.19279670715332, "lowlevel.hfc.stdev": 13.029417037963867, "lowlevel.loudness_ebu128.integrated": -17.829206466674805, "lowlevel.loudness_ebu128.loudness_range": 2.581563949584961, "lowlevel.loudness_ebu128.momentary.mean": -28.97942352294922, "lowlevel.loudness_ebu128.momentary.stdev": 52.69218444824219, "lowlevel.loudness_ebu128.short_term.mean": -17.932762145996094, "lowlevel.loudness_ebu128.short_term.stdev": 0.9035861492156982, "lowlevel.melbands_crest.mean": 14.757389068603516, "lowlevel.melbands_crest.stdev": 6.218235015869141, "lowlevel.melbands_flatness_db.mean": 0.21583051979541779, "lowlevel.melbands_flatness_db.stdev": 0.1349991410970688, "lowlevel.melbands_kurtosis.mean": 35.24368667602539, "lowlevel.melbands_kurtosis.stdev": 50.60377502441406, "lowlevel.melbands_skewness.mean": 3.4155097007751465, "lowlevel.melbands_skewness.stdev": 2.666749954223633, "lowlevel.melbands_spread.mean": 30.298416137695312, "lowlevel.melbands_spread.stdev": 37.5963134765625, "lowlevel.pitch_salience.mean": 0.6229455471038818, "lowlevel.pitch_salience.stdev": 0.11747739464044571, "lowlevel.silence_rate_20dB.mean": 1.0, "lowlevel.silence_rate_20dB.stdev": 0.0, "lowlevel.silence_rate_30dB.mean": 0.9519119262695312, "lowlevel.silence_rate_30dB.stdev": 0.21395109593868256, "lowlevel.silence_rate_60dB.mean": 0.3302433490753174, "lowlevel.silence_rate_60dB.stdev": 0.4703022837638855, "lowlevel.spectral_centroid.mean": 1722.150146484375, "lowlevel.spectral_centroid.stdev": 2291.631591796875, "lowlevel.spectral_complexity.mean": 7.729432106018066, "lowlevel.spectral_complexity.stdev": 9.573925971984863, "lowlevel.spectral_decrease.mean": -5.557563298452806e-09, "lowlevel.spectral_decrease.stdev": 1.0912128978191049e-08, "lowlevel.spectral_energy.mean": 0.02180933579802513, "lowlevel.spectral_energy.stdev": 0.04190368205308914, "lowlevel.spectral_energyband_high.mean": 0.00039884590660221875, "lowlevel.spectral_energyband_high.stdev": 0.0008287452510558069, "lowlevel.spectral_energyband_low.mean": 0.010024326853454113, "lowlevel.spectral_energyband_low.stdev": 0.029560357332229614, "lowlevel.spectral_energyband_middle_high.mean": 0.0017415543552488089, "lowlevel.spectral_energyband_middle_high.stdev": 0.0035872822627425194, "lowlevel.spectral_energyband_middle_low.mean": 0.01266771275550127, "lowlevel.spectral_energyband_middle_low.stdev": 0.020146161317825317, "lowlevel.spectral_entropy.mean": 7.51835823059082, "lowlevel.spectral_entropy.stdev": 1.0083495378494263, "lowlevel.spectral_flux.mean": 0.07557611912488937, "lowlevel.spectral_flux.stdev": 0.08784791082143784, "lowlevel.spectral_kurtosis.mean": 4.734103202819824, "lowlevel.spectral_kurtosis.stdev": 9.237024307250977, "lowlevel.spectral_rms.mean": 0.003377710236236453, "lowlevel.spectral_rms.stdev": 0.003141416935250163, "lowlevel.spectral_rolloff.mean": 2777.620849609375, "lowlevel.spectral_rolloff.stdev": 4341.517578125, "lowlevel.spectral_skewness.mean": 1.544715166091919, "lowlevel.spectral_skewness.stdev": 0.9924025535583496, "lowlevel.spectral_spread.mean": 6900696.5, "lowlevel.spectral_spread.stdev": 7630903.0, "lowlevel.spectral_strongpeak.mean": 0.5246962904930115, "lowlevel.spectral_strongpeak.stdev": 0.5855227708816528, "lowlevel.zerocrossingrate.mean": 0.0965552106499672, "lowlevel.zerocrossingrate.stdev": 0.11248163133859634, "metadata.audio_properties.analysis.equal_loudness": 0.0, "metadata.audio_properties.analysis.length": 40.04265213012695, "metadata.audio_properties.analysis.sample_rate": 44100.0, "metadata.audio_properties.analysis.start_time": 0.0, "metadata.audio_properties.bit_rate": 117504.0, "metadata.audio_properties.length": 40.042667388916016, "metadata.audio_properties.lossless": 0.0, "metadata.audio_properties.number_channels": 1.0, "metadata.audio_properties.replay_gain": -10.65043830871582, "metadata.audio_properties.sample_rate": 48000.0, "rhythm.beats_count": 79.0, "rhythm.beats_loudness.mean": 0.053883153945207596, "rhythm.beats_loudness.stdev": 0.0443260632455349, "rhythm.bpm": 119.94850158691406, "rhythm.bpm_histogram_first_peak_bpm": 120.0, "rhythm.bpm_histogram_first_peak_weight": 0.21794873476028442, "rhythm.bpm_histogram_second_peak_bpm": 0.0, "rhythm.bpm_histogram_second_peak_spread": 0.0, "rhythm.bpm_histogram_second_peak_weight": 0.0, "rhythm.danceability": 1.5651289224624634, "rhythm.onset_rate": 4.8933424949646, "tonal.chords_changes_rate": 0.061342593282461166, "tonal.chords_number_rate": 0.009259259328246117, "tonal.chords_strength.mean": 0.5208597183227539, "tonal.chords_strength.stdev": 0.09917362779378891, "tonal.hpcp_crest.mean": 10.72234058380127, "tonal.hpcp_crest.stdev": 6.271216869354248, "tonal.hpcp_entropy.mean": 2.339851140975952, "tonal.hpcp_entropy.stdev": 0.9634990096092224, "tonal.key_edma.strength": 0.7167863845825195, "tonal.key_krumhansl.strength": 0.724570631980896, "tonal.key_temperley.strength": 0.7317032814025879, "tonal.tuning_diatonic_strength": 0.6223611831665039, "tonal.tuning_equal_tempered_deviation": 0.1771358996629715, "tonal.tuning_frequency": 437.4657897949219, "tonal.tuning_nontempered_energy_ratio": 0.8233090043067932, "lowlevel.barkbands.mean": [7.012300193309784e-05, 0.004308352246880531, 0.0026558705139905214, 0.006913878954946995, 0.003643755102530122, 0.0008980787824839354, 0.000559229520149529, 0.0003164852678310126, 0.00027701957151293755, 0.00022420176537707448, 0.00022539850033354014, 0.0001428490359103307, 0.00028048831154592335, 0.0003237226919736713, 0.00011226603237446398, 8.348403207492083e-05, 9.353599307360128e-05, 0.0001478721242165193, 8.565445750718936e-05, 9.516322461422533e-05, 8.169122884282842e-05, 9.114717977354303e-05, 8.039216481847689e-05, 5.204724220675416e-05, 2.933424366347026e-05, 1.5931587768136524e-05, 1.3747464890911942e-06], "lowlevel.barkbands.stdev": [0.0002814822655636817, 0.015443038195371628, 0.012713172473013401, 0.0129014253616333, 0.006414365954697132, 0.002263823989778757, 0.0018582665361464024, 0.001010656589642167, 0.0007530224393121898, 0.0007793291588313878, 0.0008898612577468157, 0.0003848150372505188, 0.0008405278786085546, 0.0008894958300516009, 0.000334953743731603, 0.0002577525738161057, 0.0002670720568858087, 0.0003203214437235147, 0.00022206947323866189, 0.00021554625709541142, 0.0002049104805337265, 0.00020765283261425793, 0.0001970745506696403, 0.0001152533950516954, 5.681300172000192e-05, 3.4002645406872034e-05, 4.416559022502042e-06], "lowlevel.erbbands.mean": [0.0901249572634697, 1.0876083374023438, 3.119983196258545, 13.189960479736328, 16.29861068725586, 15.573220252990723, 6.95957612991333, 8.7218017578125, 7.904565811157227, 9.560288429260254, 6.581682205200195, 5.600876808166504, 7.225494861602783, 9.089736938476562, 7.5521721839904785, 6.27573823928833, 11.513408660888672, 18.71878433227539, 9.045815467834473, 4.771129608154297, 4.736979007720947, 5.617403507232666, 7.67820930480957, 6.409897327423096, 3.8048150539398193, 4.508042335510254, 3.704991102218628, 3.0026042461395264, 3.224586248397827, 3.0585691928863525, 2.0945451259613037, 1.234181523323059, 0.7969675660133362, 0.40179574489593506, 0.17342540621757507, 0.06447461992502213, 0.031181825324892998, 0.006321613676846027, 0.00017455204215366393, 2.9339242246351205e-05], "lowlevel.erbbands.stdev": [0.3388916850090027, 3.9854001998901367, 13.52528190612793, 28.943870544433594, 31.672456741333008, 25.61891746520996, 12.558881759643555, 23.075538635253906, 23.058338165283203, 36.20549774169922, 20.40045166015625, 14.52942943572998, 22.878061294555664, 31.220937728881836, 26.193830490112305, 16.52191925048828, 30.863855361938477, 50.63407516479492, 23.38431167602539, 14.191394805908203, 13.450489044189453, 15.210533142089844, 16.734357833862305, 16.554039001464844, 8.88309097290039, 10.044729232788086, 9.480156898498535, 7.239126205444336, 7.346749782562256, 7.297250270843506, 5.48598051071167, 2.8007047176361084, 1.7695790529251099, 0.7993775606155396, 0.34220650792121887, 0.12804174423217773, 0.07313258200883865, 0.016141239553689957, 0.00046663719695061445, 4.907323818770237e-05], "lowlevel.gfcc.mean": [-153.6160430908203, 67.89886474609375, -92.05130004882812, 41.09775161743164, -60.1696891784668, 13.478548049926758, -44.61944580078125, -4.713688850402832, -33.249359130859375, -4.845672607421875, -19.34588050842285, -3.2771313190460205, -17.009016036987305], "lowlevel.melbands.mean": [0.0010261808056384325, 0.0016620871610939503, 0.0024969573132693768, 0.0010025780647993088, 0.00037596054608002305, 0.000187924801139161, 0.00012390305346343666, 9.827400936046615e-05, 4.8915197112364694e-05, 3.637723784777336e-05, 3.6058376281289384e-05, 3.615323294070549e-05, 2.8657621442107484e-05, 1.641693597775884e-05, 1.9823926777462475e-05, 3.0442559364018962e-05, 3.460375592112541e-05, 1.5429386621690355e-05, 7.05783622834133e-06, 5.752826837124303e-06, 5.406950094766216e-06, 5.4444512898044195e-06, 6.806949386373162e-06, 6.9883731157460716e-06, 5.1379765864112414e-06, 2.4758778636169154e-06, 3.1187391869025305e-06, 2.920922270277515e-06, 2.305350562892272e-06, 2.0522461454675067e-06, 1.670946062404255e-06, 1.8605331888466026e-06, 1.720075943012489e-06, 1.701518272057001e-06, 1.2680499139605672e-06, 9.098040436583688e-07, 7.023030548225506e-07, 6.024918093316955e-07, 4.106295818928629e-07, 3.1345786055680946e-07], "lowlevel.melbands.stdev": [0.0036751427687704563, 0.0062163230031728745, 0.005204970017075539, 0.001727071707136929, 0.0006301471730694175, 0.0004974425537511706, 0.00034783684532158077, 0.0003453480894677341, 0.00015047188207972795, 9.682615927886218e-05, 0.00011600716970860958, 0.00012459159188438207, 0.00010881896014325321, 4.507129779085517e-05, 5.959862392046489e-05, 8.754037844482809e-05, 9.653611050453037e-05, 4.2364805267425254e-05, 2.1226505850791e-05, 1.8981392713612877e-05, 1.5453993910341524e-05, 1.5942576283123344e-05, 1.7112737623392604e-05, 1.5365149010904133e-05, 1.4301207556854934e-05, 6.344881057884777e-06, 7.27642645870219e-06, 6.797579317208147e-06, 6.056981419533258e-06, 5.575145678449189e-06, 4.053963948535966e-06, 4.367383098724531e-06, 4.0494110180588905e-06, 4.102907496417174e-06, 3.4264701298525324e-06, 2.2357251054927474e-06, 1.5791530358910677e-06, 1.3733857713305042e-06, 8.684390309099399e-07, 6.309390414571681e-07], "lowlevel.melbands128.mean": [5.8401114074513316e-05, 0.0005251884576864541, 0.0014737665187567472, 0.0019109839340671897, 0.0015794574283063412, 0.0012955035781487823, 0.002540180692449212, 0.0037201091181486845, 0.0013195284409448504, 0.0005376350600272417, 0.0010629125172272325, 0.0006355106015689671, 0.00014167241170071065, 0.00012362608686089516, 0.00018227736291009933, 0.0002619759470690042, 0.00014229318185243756, 8.554599480703473e-05, 0.00010524450044613332, 0.00013305115862749517, 7.136404747143388e-05, 7.027821993688121e-05, 3.905612902599387e-05, 4.047777838422917e-05, 3.0357678042491898e-05, 3.632935477071442e-05, 4.849638935411349e-05, 3.191102223354392e-05, 3.081744216615334e-05, 3.234474206692539e-05, 4.010679549537599e-05, 3.983098940807395e-05, 2.999896059918683e-05, 1.8507020286051556e-05, 1.8687413103180006e-05, 1.4998922779341228e-05, 1.4021547031006776e-05, 1.7994330846704543e-05, 2.6831130526261404e-05, 2.09847330552293e-05, 2.753785884124227e-05, 5.0863749493146315e-05, 3.9343965909210965e-05, 2.5566856493242085e-05, 1.7199401554535143e-05, 1.6202411643462256e-05, 9.911823326547164e-06, 6.32794899502187e-06, 6.164284968690481e-06, 6.283893526415341e-06, 5.285962288326118e-06, 5.8051023188454565e-06, 5.661486284225248e-06, 5.129104010848096e-06, 5.054466782894451e-06, 5.564707407756941e-06, 5.4981583161861636e-06, 6.543567451444687e-06, 7.645966434211005e-06, 6.630419193243142e-06, 7.378633654298028e-06, 6.574995040864451e-06, 6.90902834321605e-06, 4.483752945816377e-06, 2.600933839858044e-06, 2.3229295038618147e-06, 2.3467709979740903e-06, 2.824182047334034e-06, 3.2315303997165756e-06, 3.826021838904126e-06, 2.8207828108861577e-06, 2.556641220508027e-06, 2.49436834565131e-06, 2.1806406493851682e-06, 2.1721000393881695e-06, 2.4928922357503325e-06, 1.7514300907350844e-06, 1.3948675814390299e-06, 1.7592328731552698e-06, 1.7969565533348941e-06, 1.9387096017453587e-06, 1.8879613890021574e-06, 1.6676148106853361e-06, 1.687808094175125e-06, 1.782603249012027e-06, 1.7679075199339422e-06, 1.6915286096264026e-06, 1.5269863524736138e-06, 1.2145691243858892e-06, 1.1582487786654383e-06, 9.67150867836608e-07, 8.881270900928939e-07, 7.04968385889515e-07, 6.854230605313205e-07, 7.111460718078888e-07, 6.660420126536337e-07, 5.638705147248402e-07, 5.462019885271729e-07, 3.8073287100814923e-07, 3.695076600251923e-07, 3.715335594733915e-07, 3.000694732691045e-07, 2.5360063204971084e-07, 2.1421178075797798e-07, 2.0814501056065637e-07, 1.628752244187126e-07, 1.3732183390402497e-07, 1.1072800987221854e-07, 1.0298452934875968e-07, 1.0047014598058013e-07, 9.509371068361361e-08, 8.812011031977818e-08, 1.1203690775118957e-07, 1.0467399391700383e-07, 1.0016805873647172e-07, 6.474463276617826e-08, 4.088961347292752e-08, 1.657467230131715e-08, 2.6324231683361177e-09, 5.060122459932259e-12, 3.6171979040516833e-12, 3.504529999531769e-12, 3.2810492604090635e-12, 3.21849079505665e-12, 3.1359292333027478e-12, 3.0289507881031685e-12, 2.966386251218589e-12, 2.9448537792325924e-12], "lowlevel.melbands128.stdev": [0.0002512914943508804, 0.002253687009215355, 0.00552031584084034, 0.0072658429853618145, 0.007206978742033243, 0.0060606710612773895, 0.0059589785523712635, 0.006720148492604494, 0.0028941601049154997, 0.0011169995414093137, 0.001768690999597311, 0.001145665068179369, 0.0003560916520655155, 0.00042338689672760665, 0.0005320287309587002, 0.0008808754500932992, 0.00055785191943869, 0.00038104606210254133, 0.0004786623176187277, 0.000641282123979181, 0.00025639875093474984, 0.0003199419879820198, 0.00014638090215157717, 0.00016370884259231389, 9.870159556157887e-05, 0.0001312983367824927, 0.0001679061388131231, 0.000138521907501854, 0.00013456093438435346, 0.00012916416744701564, 0.00016743125161156058, 0.000175392153323628, 0.00013545942783821374, 7.690815982641652e-05, 5.9193196648266166e-05, 4.9466743803350255e-05, 5.305612285155803e-05, 6.447130726883188e-05, 0.00011156051914440468, 6.992671842454001e-05, 0.00010985916742356494, 0.00020232748647686094, 0.00013916459283791482, 9.60328325163573e-05, 6.276948261074722e-05, 5.6082182709360495e-05, 4.04587626690045e-05, 2.24981577048311e-05, 2.4224586013588123e-05, 2.4769278752501123e-05, 2.1770156308775768e-05, 2.4317649149452336e-05, 1.7810087229008786e-05, 1.633513966226019e-05, 1.7487800505477935e-05, 1.881507341749966e-05, 1.7791233403841034e-05, 2.0675886844401248e-05, 2.2021167751518078e-05, 1.659595363889821e-05, 1.880985109892208e-05, 1.7311265764874406e-05, 2.1889067284064367e-05, 1.409159267495852e-05, 7.521688530687243e-06, 7.288775123015512e-06, 5.995841092953924e-06, 8.146971595124342e-06, 8.377335689147003e-06, 9.233583114109933e-06, 7.608786745549878e-06, 6.927160939085297e-06, 7.4352269621158484e-06, 6.284085884544766e-06, 6.045166628609877e-06, 7.838686542527284e-06, 5.1265810725453775e-06, 3.461717369646067e-06, 4.807495315617416e-06, 4.579949745675549e-06, 4.944869942846708e-06, 4.828346391150262e-06, 4.06397475671838e-06, 4.129266017116606e-06, 4.956224984198343e-06, 4.7607632041035686e-06, 4.05421769755776e-06, 4.012192675872939e-06, 3.4556856007839087e-06, 4.085794444108615e-06, 2.4208377453760477e-06, 2.2681635982735315e-06, 1.7194777228723979e-06, 1.7147119706351077e-06, 1.5685436665080488e-06, 1.6366924455724075e-06, 1.3964368008601014e-06, 1.367795562146057e-06, 8.680453333909099e-07, 8.1634300386213e-07, 7.930279934953433e-07, 6.443975166803284e-07, 5.962077125332144e-07, 4.707472953668912e-07, 4.842441398977826e-07, 3.5250647556495096e-07, 3.1074196726876835e-07, 2.6148194365305244e-07, 2.440804678371933e-07, 2.4769701667537447e-07, 2.2315072101264377e-07, 2.0502032782587776e-07, 3.0271996820374625e-07, 3.1761828722665086e-07, 2.8724534217872133e-07, 1.697595735095092e-07, 1.2180937858374818e-07, 8.123945605120753e-08, 1.97048883876505e-08, 2.037440008373359e-11, 9.963666176837638e-12, 9.048560511981663e-12, 7.684380042005667e-12, 7.561248502319096e-12, 7.452762365578458e-12, 7.362440518354774e-12, 7.299078876032983e-12, 7.260120022528627e-12], "lowlevel.mfcc.mean": [-768.7908935546875, 94.42633819580078, 20.59912872314453, 26.026214599609375, 6.437236309051514, 12.042919158935547, -0.8892573118209839, 0.4371633529663086, -11.491989135742188, -5.09540319442749, -3.9194321632385254, -6.9824042320251465, -9.837618827819824], "lowlevel.spectral_contrast_coeffs.mean": [-0.6853994131088257, -0.7911091446876526, -0.8347367644309998, -0.8352680802345276, -0.8346905708312988, -0.7887594699859619], "lowlevel.spectral_contrast_coeffs.stdev": [0.10744145512580872, 0.10644609481096268, 0.06614271551370621, 0.06981384009122849, 0.05560045689344406, 0.05300910025835037], "lowlevel.spectral_contrast_valleys.mean": [-8.582939147949219, -8.872296333312988, -9.300005912780762, -9.46437931060791, -9.296536445617676, -11.541280746459961], "lowlevel.spectral_contrast_valleys.stdev": [4.447788715362549, 4.265275955200195, 4.17362642288208, 4.110650062561035, 4.138524055480957, 3.65400767326355], "rhythm.beats_loudness_band_ratio.mean": [0.42993855476379395, 0.11891558021306992, 0.10075653344392776, 0.16786323487758636, 0.08281486481428146, 0.09149256348609924], "rhythm.beats_loudness_band_ratio.stdev": [0.38167017698287964, 0.09164830297231674, 0.09713662415742874, 0.17369945347309113, 0.08630875498056412, 0.0879591554403305], "tonal.hpcp.mean": [0.10427909344434738, 0.09180770814418793, 0.08112195879220963, 0.07676094025373459, 0.07487372308969498, 0.11834019422531128, 0.2554032802581787, 0.23294059932231903, 0.10338494181632996, 0.08056434988975525, 0.06584928929805756, 0.06766391545534134, 0.07125470042228699, 0.06828624755144119, 0.0765412300825119, 0.08948792517185211, 0.09063515067100525, 0.08998008817434311, 0.07853341102600098, 0.09720343351364136, 0.27440145611763, 0.49362677335739136, 0.399975448846817, 0.19310714304447174, 0.12079919874668121, 0.09476766735315323, 0.11241623759269714, 0.13126163184642792, 0.1340722143650055, 0.1233215481042862, 0.11215713620185852, 0.09863825142383575, 0.0869964063167572, 0.07761272042989731, 0.0757354348897934, 0.09305919706821442], "tonal.hpcp.stdev": [0.2047179490327835, 0.19382649660110474, 0.17878936231136322, 0.1779627948999405, 0.1665532886981964, 0.19430476427078247, 0.2799919545650482, 0.2568897008895874, 0.18877936899662018, 0.17814238369464874, 0.15008248388767242, 0.15469902753829956, 0.15474621951580048, 0.15095338225364685, 0.1686089038848877, 0.1949327290058136, 0.19538210332393646, 0.20705030858516693, 0.1786973923444748, 0.1960221529006958, 0.30614492297172546, 0.41386112570762634, 0.3597238063812256, 0.28202930092811584, 0.22227835655212402, 0.1904664784669876, 0.2046634405851364, 0.2329215556383133, 0.2425176501274109, 0.230154886841774, 0.23284517228603363, 0.2115297019481659, 0.19318100810050964, 0.1759014129638672, 0.16470135748386383, 0.19343329966068268], "rhythm.beats_position": [0.4992290139198303, 1.0100680589675903, 1.5209070444107056, 2.0201361179351807, 2.519365072250366, 3.0185940265655518, 3.5178229808807373, 4.017052173614502, 4.5162811279296875, 5.015510082244873, 5.514739036560059, 6.013967990875244, 6.524806976318359, 7.024035930633545, 7.523265361785889, 8.022494316101074, 8.521722793579102, 9.020952224731445, 9.520181655883789, 10.031020164489746, 10.51863956451416, 11.029478073120117, 11.517097473144531, 12.027935981750488, 12.515555381774902, 13.014784812927246, 13.514013290405273, 14.024852752685547, 14.524081230163574, 15.023310661315918, 15.522539138793945, 16.02176856994629, 16.520998001098633, 17.020225524902344, 17.519454956054688, 18.01868438720703, 18.517913818359375, 19.01714324951172, 19.51637077331543, 20.015600204467773, 20.514829635620117, 21.01405906677246, 21.5248966217041, 22.024126052856445, 22.52335548400879, 23.022584915161133, 23.521814346313477, 24.021041870117188, 24.52027130126953, 25.019500732421875, 25.51873016357422, 26.029569625854492, 26.517187118530273, 27.016416549682617, 27.51564598083496, 28.026485443115234, 28.514102935791016, 29.02494239807129, 29.524171829223633, 30.023401260375977, 30.52263069152832, 31.02185821533203, 31.521087646484375, 32.02031707763672, 32.51954650878906, 33.018775939941406, 33.51800537109375, 34.017234802246094, 34.51646041870117, 35.015689849853516, 35.52653121948242, 36.025760650634766, 36.524986267089844, 37.02421569824219, 37.52344512939453, 38.022674560546875, 38.52190399169922, 39.02113342285156, 39.520362854003906], "rhythm.bpm_histogram": [0.0, 0.0, 0.0, 0.0, 0.0, 0.0, 0.0, 0.0, 0.0, 0.0, 0.0, 0.0, 0.0, 0.0, 0.0, 0.0, 0.0, 0.0, 0.0, 0.0, 0.0, 0.0, 0.0, 0.0, 0.0, 0.0, 0.0, 0.0, 0.0, 0.0, 0.0, 0.0, 0.0, 0.0, 0.0, 0.0, 0.0, 0.0, 0.0, 0.0, 0.0, 0.0, 0.0, 0.0, 0.0, 0.0, 0.0, 0.0, 0.0, 0.0, 0.0, 0.0, 0.0, 0.0, 0.0, 0.0, 0.0, 0.0, 0.0, 0.0, 0.0, 0.0, 0.0, 0.0, 0.0, 0.0, 0.0, 0.0, 0.0, 0.0, 0.0, 0.0, 0.0, 0.0, 0.0, 0.0, 0.0, 0.0, 0.0, 0.0, 0.0, 0.0, 0.0, 0.0, 0.0, 0.0, 0.0, 0.0, 0.0, 0.0, 0.0, 0.0, 0.0, 0.0, 0.0, 0.0, 0.0, 0.0, 0.0, 0.0, 0.0, 0.0, 0.0, 0.0, 0.0, 0.0, 0.0, 0.0, 0.0, 0.0, 0.0, 0.0, 0.0, 0.0, 0.0, 0.0, 0.0, 0.1538461595773697, 0.0, 0.0, 0.7820512652397156, 0.0, 0.0, 0.06410256773233414, 0.0, 0.0, 0.0, 0.0, 0.0, 0.0, 0.0, 0.0, 0.0, 0.0, 0.0, 0.0, 0.0, 0.0, 0.0, 0.0, 0.0, 0.0, 0.0, 0.0, 0.0, 0.0, 0.0, 0.0, 0.0, 0.0, 0.0, 0.0, 0.0, 0.0, 0.0, 0.0, 0.0, 0.0, 0.0, 0.0, 0.0, 0.0, 0.0, 0.0, 0.0, 0.0, 0.0, 0.0, 0.0, 0.0, 0.0, 0.0, 0.0, 0.0, 0.0, 0.0, 0.0, 0.0, 0.0, 0.0, 0.0, 0.0, 0.0, 0.0, 0.0, 0.0, 0.0, 0.0, 0.0, 0.0, 0.0, 0.0, 0.0, 0.0, 0.0, 0.0, 0.0, 0.0, 0.0, 0.0, 0.0, 0.0, 0.0, 0.0, 0.0, 0.0, 0.0, 0.0, 0.0, 0.0, 0.0, 0.0, 0.0, 0.0, 0.0, 0.0, 0.0, 0.0, 0.0, 0.0, 0.0, 0.0, 0.0, 0.0, 0.0, 0.0, 0.0, 0.0, 0.0, 0.0, 0.0, 0.0, 0.0, 0.0, 0.0, 0.0, 0.0, 0.0, 0.0, 0.0, 0.0, 0.0, 0.0, 0.0, 0.0, 0.0, 0.0, 0.0, 0.0, 0.0], "tonal.chords_histogram": [41.66666793823242, 0.11574073880910873, 0.46296295523643494, 0.0, 3.0092592239379883, 8.449073791503906, 6.018518447875977, 24.768518447875977, 0.0, 1.9675925970077515, 0.0, 0.0, 0.0, 0.0, 0.0, 0.0, 0.0, 0.0, 0.0, 0.0, 0.0, 0.11574073880910873, 6.712963104248047, 6.712963104248047], "tonal.thpcp": [1.0, 0.8102790713310242, 0.3912007212638855, 0.24471768736839294, 0.1919824331998825, 0.22773529589176178, 0.2659127116203308, 0.2716064453125, 0.24982750415802002, 0.2272104024887085, 0.1998235434293747, 0.1762392371892929, 0.15722955763339996, 0.15342651307582855, 0.1885213702917099, 0.2112508863210678, 0.18598607182502747, 0.16433864831924438, 0.1555040031671524, 0.1516808420419693, 0.2397361695766449, 0.5174015760421753, 0.4718962013721466, 0.2094395011663437, 0.16320903599262238, 0.13339893519878387, 0.1370750516653061, 0.1443493366241455, 0.13833577930927277, 0.15505890548229218, 0.18128661811351776, 0.1836106926202774, 0.18228363990783691, 0.15909472107887268, 0.196916863322258, 0.5558885335922241], "lowlevel.gfcc.cov": [[75322.421875, 4688.8505859375, -5288.38720703125, 2060.760986328125, -3211.9794921875, 666.3015747070312, -2335.9599609375, -121.57811737060547, -1640.76318359375, -196.1681365966797, -936.413818359375, -224.67620849609375, -1214.3482666015625], [4688.8505859375, 2726.3369140625, 658.1409301757812, 499.95703125, 143.37611389160156, -142.21701049804688, -86.92825317382812, -263.9367980957031, -29.073345184326172, -262.66278076171875, 125.54867553710938, -262.6841735839844, 38.68891906738281], [-5288.38720703125, 658.1409301757812, 2305.311767578125, 375.13653564453125, 794.4456787109375, -70.16285705566406, 349.3961486816406, -173.2359619140625, 89.83718872070312, -158.18760681152344, -30.634796142578125, -5.604524612426758, 196.929931640625], [2060.760986328125, 499.95703125, 375.13653564453125, 743.565673828125, 158.5684356689453, 81.6422348022461, -92.95825958251953, -89.11521911621094, -48.78307342529297, -98.27115631103516, -73.20708465576172, -59.2576904296875, 65.88861846923828], [-3211.9794921875, 143.37611389160156, 794.4456787109375, 158.5684356689453, 545.4235229492188, 63.35065841674805, 217.37744140625, -32.27006530761719, 85.90341186523438, -42.91667175292969, 6.202308177947998, -14.522286415100098, 99.52375030517578], [666.3015747070312, -142.21701049804688, -70.16285705566406, 81.6422348022461, 63.35065841674805, 273.77880859375, 117.05033874511719, 61.144439697265625, -60.920143127441406, 26.7504825592041, -60.53360366821289, 1.179778814315796, -11.594074249267578], [-2335.9599609375, -86.92825317382812, 349.3961486816406, -92.95825958251953, 217.37744140625, 117.05033874511719, 320.00604248046875, 78.0577163696289, 52.27887725830078, 2.0157997608184814, 15.601726531982422, 0.63062584400177, 41.05359649658203], [-121.57811737060547, -263.9367980957031, -173.2359619140625, -89.11521911621094, -32.27006530761719, 61.144439697265625, 78.0577163696289, 158.27420043945312, 53.278663635253906, 57.886600494384766, -14.265603065490723, 34.548866271972656, -21.700864791870117], [-1640.76318359375, -29.073345184326172, 89.83718872070312, -48.78307342529297, 85.90341186523438, -60.920143127441406, 52.27887725830078, 53.278663635253906, 183.56520080566406, 44.890045166015625, 64.30601501464844, -11.625556945800781, 29.27712631225586], [-196.1681365966797, -262.66278076171875, -158.18760681152344, -98.27115631103516, -42.91667175292969, 26.7504825592041, 2.0157997608184814, 57.886600494384766, 44.890045166015625, 128.37184143066406, 34.867156982421875, 30.54877281188965, -33.87714767456055], [-936.413818359375, 125.54867553710938, -30.634796142578125, -73.20708465576172, 6.202308177947998, -60.53360366821289, 15.601726531982422, -14.265603065490723, 64.30601501464844, 34.867156982421875, 144.04026794433594, -7.013993263244629, 9.882298469543457], [-224.67620849609375, -262.6841735839844, -5.604524612426758, -59.2576904296875, -14.522286415100098, 1.179778814315796, 0.63062584400177, 34.548866271972656, -11.625556945800781, 30.54877281188965, -7.013993263244629, 108.32145690917969, 28.564685821533203], [-1214.3482666015625, 38.68891906738281, 196.929931640625, 65.88861846923828, 99.52375030517578, -11.594074249267578, 41.05359649658203, -21.700864791870117, 29.27712631225586, -33.87714767456055, 9.882298469543457, 28.564685821533203, 121.15106964111328]], "lowlevel.gfcc.icov": [[5.30334327777382e-05, -0.00016560472431592643, 8.576289837947115e-05, -0.00013091758592054248, 0.00014972357894293964, -9.895880066324025e-05, 7.12341206963174e-05, -4.492893822316546e-06, 7.714235107414424e-05, -0.0001123150868806988, 0.00033389488817192614, -0.00037244189297780395, 0.0003693746402859688], [-0.00016560472431592643, 0.0012770299799740314, -0.00055565225193277, 0.00019767528283409774, -0.0002480671973899007, 0.00015709064609836787, 0.0002080188860418275, -0.0001990249438676983, 1.4128911061561666e-05, 0.0015030644135549664, -0.002337017096579075, 0.0025930972769856453, -0.0011632401729002595], [8.576289837947115e-05, -0.00055565225193277, 0.0017112632049247622, -0.000853954697959125, -0.001111316028982401, 0.0014673571567982435, -0.002092596609145403, 0.0019618135411292315, -0.00022795108088757843, -0.0007794129196554422, 0.0021670814603567123, -0.002261986956000328, 0.0010274270316585898], [-0.00013091758592054248, 0.00019767528283409774, -0.000853954697959125, 0.003075615270063281, -0.0007974436157383025, -0.0018823327263817191, 0.0027743165846914053, -0.001069398014806211, -9.146959200734273e-05, 0.0010787087958306074, -0.0007382590556517243, 0.0023805280216038227, -0.0024939922150224447], [0.00014972357894293964, -0.0002480671973899007, -0.001111316028982401, -0.0007974436157383025, 0.005716198589652777, -0.0020833348389714956, -0.0011967986356467009, 0.0015111106913536787, -0.0022389667574316263, 0.0003823027072940022, 0.0005405598203651607, -0.0008934544748626649, 0.00041569917812012136], [-9.895880066324025e-05, 0.00015709064609836787, 0.0014673571567982435, -0.0018823327263817191, -0.0020833348389714956, 0.009901469573378563, -0.005568976979702711, -0.0007295634713955224, 0.004393848590552807, -0.004573152866214514, 0.002620746148750186, 0.0012517031282186508, -0.0008375858888030052], [7.12341206963174e-05, 0.0002080188860418275, -0.002092596609145403, 0.0027743165846914053, -0.0011967986356467009, -0.005568976979702711, 0.01164930872619152, -0.007135448977351189, 0.001104310154914856, 0.0030775340273976326, -0.003914678934961557, 0.003748701885342598, -0.0022060233168303967], [-4.492893822316546e-06, -0.0001990249438676983, 0.0019618135411292315, -0.001069398014806211, 0.0015111106913536787, -0.0007295634713955224, -0.007135448977351189, 0.01778237149119377, -0.00811781082302332, -0.001724167144857347, 0.005540524143725634, -0.007614872884005308, 0.004526280798017979], [7.714235107414424e-05, 1.4128911061561666e-05, -0.00022795108088757843, -9.146959200734273e-05, -0.0022389667574316263, 0.004393848590552807, 0.001104310154914856, -0.00811781082302332, 0.014188925735652447, -0.005007394123822451, -0.003099298570305109, 0.006270795129239559, -0.004434302914887667], [-0.0001123150868806988, 0.0015030644135549664, -0.0007794129196554422, 0.0010787087958306074, 0.0003823027072940022, -0.004573152866214514, 0.0030775340273976326, -0.001724167144857347, -0.005007394123822451, 0.01758057065308094, -0.0065271263010799885, -0.002431554486975074, 0.0042028967291116714], [0.00033389488817192614, -0.002337017096579075, 0.0021670814603567123, -0.0007382590556517243, 0.0005405598203651607, 0.002620746148750186, -0.003914678934961557, 0.005540524143725634, -0.003099298570305109, -0.0065271263010799885, 0.015880832448601723, -0.00492843147367239, 0.0018881510477513075], [-0.00037244189297780395, 0.0025930972769856453, -0.002261986956000328, 0.0023805280216038227, -0.0008934544748626649, 0.0012517031282186508, 0.003748701885342598, -0.007614872884005308, 0.006270795129239559, -0.002431554486975074, -0.00492843147367239, 0.022139621898531914, -0.010972928255796432], [0.0003693746402859688, -0.0011632401729002595, 0.0010274270316585898, -0.0024939922150224447, 0.00041569917812012136, -0.0008375858888030052, -0.0022060233168303967, 0.004526280798017979, -0.004434302914887667, 0.0042028967291116714, 0.0018881510477513075, -0.010972928255796432, 0.01783095858991146]], "lowlevel.mfcc.cov": [[25572.341796875, 2980.463134765625, -76.55657958984375, 409.3922424316406, -48.28157043457031, 79.3592758178711, -112.72396087646484, 74.66913604736328, -431.2665710449219, 120.70723724365234, 239.49853515625, -42.944881439208984, -209.28883361816406], [2980.463134765625, 2456.7841796875, 820.7972412109375, 558.6866455078125, 288.017333984375, 156.01260375976562, 97.99642944335938, 29.703767776489258, -163.46728515625, -15.849726676940918, 24.469097137451172, -87.6844711303711, -129.5595245361328], [-76.55657958984375, 820.7972412109375, 1101.7760009765625, 621.5023803710938, 359.92608642578125, 258.3822021484375, 141.9711151123047, 63.873897552490234, 80.29769134521484, -73.42781829833984, -96.10103607177734, -53.26609420776367, -56.83115768432617], [409.3922424316406, 558.6866455078125, 621.5023803710938, 673.251953125, 380.3131408691406, 202.4291534423828, 42.31175231933594, 38.9215087890625, 48.40977478027344, -50.0794792175293, -83.61021423339844, -46.98628616333008, -43.47996520996094], [-48.28157043457031, 288.017333984375, 359.92608642578125, 380.3131408691406, 364.1986083984375, 182.21058654785156, 41.92981719970703, 28.332263946533203, 57.59923553466797, -19.273103713989258, -55.895912170410156, -29.58504295349121, -29.967844009399414], [79.3592758178711, 156.01260375976562, 258.3822021484375, 202.4291534423828, 182.21058654785156, 258.96990966796875, 160.66468811035156, 55.83485794067383, 74.58373260498047, 5.627986907958984, -30.23855972290039, -24.01604652404785, -49.40066909790039], [-112.72396087646484, 97.99642944335938, 141.9711151123047, 42.31175231933594, 41.92981719970703, 160.66468811035156, 240.49606323242188, 93.88200378417969, 68.84115600585938, 15.518904685974121, 0.27230048179626465, -10.690353393554688, -34.617515563964844], [74.66913604736328, 29.703767776489258, 63.873897552490234, 38.9215087890625, 28.332263946533203, 55.83485794067383, 93.88200378417969, 122.32534790039062, 88.11121368408203, 14.571822166442871, -13.835333824157715, -1.2617273330688477, 1.6741151809692383], [-431.2665710449219, -163.46728515625, 80.29769134521484, 48.40977478027344, 57.59923553466797, 74.58373260498047, 68.84115600585938, 88.11121368408203, 181.99362182617188, 31.79781723022461, -43.06894302368164, 4.614828586578369, 17.66495704650879], [120.70723724365234, -15.849726676940918, -73.42781829833984, -50.0794792175293, -19.273103713989258, 5.627986907958984, 15.518904685974121, 14.571822166442871, 31.79781723022461, 117.06012725830078, 76.80148315429688, 12.675689697265625, -9.344667434692383], [239.49853515625, 24.469097137451172, -96.10103607177734, -83.61021423339844, -55.895912170410156, -30.23855972290039, 0.27230048179626465, -13.835333824157715, -43.06894302368164, 76.80148315429688, 134.3785858154297, 39.63583755493164, -12.215754508972168], [-42.944881439208984, -87.6844711303711, -53.26609420776367, -46.98628616333008, -29.58504295349121, -24.01604652404785, -10.690353393554688, -1.2617273330688477, 4.614828586578369, 12.675689697265625, 39.63583755493164, 67.82617950439453, 35.75972366333008], [-209.28883361816406, -129.5595245361328, -56.83115768432617, -43.47996520996094, -29.967844009399414, -49.40066909790039, -34.617515563964844, 1.6741151809692383, 17.66495704650879, -9.344667434692383, -12.215754508972168, 35.75972366333008, 83.45703887939453]], "lowlevel.mfcc.icov": [[5.3530871809925884e-05, -7.650579209439456e-05, 8.130692003760487e-05, -7.712598016951233e-05, 0.00012651615543290973, -0.00016220301040448248, 0.0001545468403492123, -0.0001732168166199699, 9.709844744065776e-05, -3.33240968757309e-05, -2.4151691491169913e-07, -6.231838779058307e-05, 5.00386486237403e-05], [-7.650579209439456e-05, 0.0008622296736575663, -0.0006320670945569873, -9.555969154462218e-05, -0.0002985926403198391, 0.0004695187963079661, -0.0003268684959039092, -0.0005337517941370606, 0.0012794617796316743, -0.0006247001583687961, 8.743564831092954e-05, 0.00032835404272191226, 0.00024364344426430762], [8.130692003760487e-05, -0.0006320670945569873, 0.0026317043229937553, -0.0018394180806353688, 0.0003324923454783857, -0.0005177035927772522, -0.0006263596587814391, 0.0007708023185841739, -0.001463