{"song_id": "1183672357588566056", "download": "https://cdn.discordapp.com/attachments/1135903449314238464/1183672357588566056/chirp.mp4?ex=65892fc9&amp", "lyrics": "[verse]\nIn the age of Christofascist madness\nWhere macho minds breed nothing but sadness\nDrowning in a sea of misguided pride\nA storm of intolerance we cannot hide\n\n[chorus]\nBreak the chains, rise above the hate\nIn this world, let's radiate\nLove and acceptance, let it show\nTogether we'll conquer, let freedom grow", "style": ["modern rock"], "essentia_features": {"lowlevel.average_loudness": 0.9769415259361267, "lowlevel.barkbands_crest.mean": 8.851027488708496, "lowlevel.barkbands_crest.stdev": 3.5555505752563477, "lowlevel.barkbands_flatness_db.mean": 0.09500885754823685, "lowlevel.barkbands_flatness_db.stdev": 0.02810361236333847, "lowlevel.barkbands_kurtosis.mean": -0.18266619741916656, "lowlevel.barkbands_kurtosis.stdev": 1.9872907400131226, "lowlevel.barkbands_skewness.mean": 0.6801985502243042, "lowlevel.barkbands_skewness.stdev": 0.8375945091247559, "lowlevel.barkbands_spread.mean": 40.27145767211914, "lowlevel.barkbands_spread.stdev": 11.395981788635254, "lowlevel.dissonance.mean": 0.49211713671684265, "lowlevel.dissonance.stdev": 0.00662709167227149, "lowlevel.dynamic_complexity": 1.2994089126586914, "lowlevel.erbbands_crest.mean": 8.310356140136719, "lowlevel.erbbands_crest.stdev": 3.110701560974121, "lowlevel.erbbands_flatness_db.mean": 0.13935142755508423, "lowlevel.erbbands_flatness_db.stdev": 0.02639804594218731, "lowlevel.erbbands_kurtosis.mean": 2.3244123458862305, "lowlevel.erbbands_kurtosis.stdev": 2.5827524662017822, "lowlevel.erbbands_skewness.mean": -0.902855634689331, "lowlevel.erbbands_skewness.stdev": 0.6656255722045898, "lowlevel.erbbands_spread.mean": 28.951000213623047, "lowlevel.erbbands_spread.stdev": 12.719895362854004, "lowlevel.hfc.mean": 35.207542419433594, "lowlevel.hfc.stdev": 13.06965446472168, "lowlevel.loudness_ebu128.integrated": -14.768757820129395, "lowlevel.loudness_ebu128.loudness_range": 0.9218530654907227, "lowlevel.loudness_ebu128.momentary.mean": -14.845911979675293, "lowlevel.loudness_ebu128.momentary.stdev": 0.8355597853660583, "lowlevel.loudness_ebu128.short_term.mean": -14.826386451721191, "lowlevel.loudness_ebu128.short_term.stdev": 0.4002493917942047, "lowlevel.melbands_crest.mean": 15.57597827911377, "lowlevel.melbands_crest.stdev": 5.6714887619018555, "lowlevel.melbands_flatness_db.mean": 0.1515120565891266, "lowlevel.melbands_flatness_db.stdev": 0.04334177449345589, "lowlevel.melbands_kurtosis.mean": 5.814421653747559, "lowlevel.melbands_kurtosis.stdev": 8.971667289733887, "lowlevel.melbands_skewness.mean": 2.14215087890625, "lowlevel.melbands_skewness.stdev": 1.3645577430725098, "lowlevel.melbands_spread.mean": 44.49065399169922, "lowlevel.melbands_spread.stdev": 18.942638397216797, "lowlevel.pitch_salience.mean": 0.5810180306434631, "lowlevel.pitch_salience.stdev": 0.10938567668199539, "lowlevel.silence_rate_20dB.mean": 1.0, "lowlevel.silence_rate_20dB.stdev": 0.0, "lowlevel.silence_rate_30dB.mean": 0.9987608194351196, "lowlevel.silence_rate_30dB.stdev": 0.0351799838244915, "lowlevel.silence_rate_60dB.mean": 0.0012391573982313275, "lowlevel.silence_rate_60dB.stdev": 0.03518005087971687, "lowlevel.spectral_centroid.mean": 2223.55517578125, "lowlevel.spectral_centroid.stdev": 339.97296142578125, "lowlevel.spectral_complexity.mean": 37.502479553222656, "lowlevel.spectral_complexity.stdev": 5.822949409484863, "lowlevel.spectral_decrease.mean": -8.412793128798057e-09, "lowlevel.spectral_decrease.stdev": 5.765393051859746e-09, "lowlevel.spectral_energy.mean": 0.034945301711559296, "lowlevel.spectral_energy.stdev": 0.02232050709426403, "lowlevel.spectral_energyband_high.mean": 0.001409814809449017, "lowlevel.spectral_energyband_high.stdev": 0.0010566592682152987, "lowlevel.spectral_energyband_low.mean": 0.017303209751844406, "lowlevel.spectral_energyband_low.stdev": 0.019764063879847527, "lowlevel.spectral_energyband_middle_high.mean": 0.010812380351126194, "lowlevel.spectral_energyband_middle_high.stdev": 0.005549211986362934, "lowlevel.spectral_energyband_middle_low.mean": 0.005976757500320673, "lowlevel.spectral_energyband_middle_low.stdev": 0.010036444291472435, "lowlevel.spectral_entropy.mean": 7.933600425720215, "lowlevel.spectral_entropy.stdev": 0.15762849152088165, "lowlevel.spectral_flux.mean": 0.11162348091602325, "lowlevel.spectral_flux.stdev": 0.04823107644915581, "lowlevel.spectral_kurtosis.mean": 5.15375280380249, "lowlevel.spectral_kurtosis.stdev": 1.9227306842803955, "lowlevel.spectral_rms.mean": 0.00561976945027709, "lowlevel.spectral_rms.stdev": 0.001584668061695993, "lowlevel.spectral_rolloff.mean": 2428.15869140625, "lowlevel.spectral_rolloff.stdev": 1048.034423828125, "lowlevel.spectral_skewness.mean": 1.5233368873596191, "lowlevel.spectral_skewness.stdev": 0.27380743622779846, "lowlevel.spectral_spread.mean": 4051408.0, "lowlevel.spectral_spread.stdev": 872231.875, "lowlevel.spectral_strongpeak.mean": 0.5531888604164124, "lowlevel.spectral_strongpeak.stdev": 0.842083752155304, "lowlevel.zerocrossingrate.mean": 0.08541352301836014, "lowlevel.zerocrossingrate.stdev": 0.02586911991238594, "metadata.audio_properties.analysis.equal_loudness": 0.0, "metadata.audio_properties.analysis.length": 37.43997573852539, "metadata.audio_properties.analysis.sample_rate": 44100.0, "metadata.audio_properties.analysis.start_time": 0.0, "metadata.audio_properties.bit_rate": 117771.0, "metadata.audio_properties.length": 37.439998626708984, "metadata.audio_properties.lossless": 0.0, "metadata.audio_properties.number_channels": 1.0, "metadata.audio_properties.replay_gain": -10.916200637817383, "metadata.audio_properties.sample_rate": 48000.0, "rhythm.beats_count": 62.0, "rhythm.beats_loudness.mean": 0.037041306495666504, "rhythm.beats_loudness.stdev": 0.014904545620083809, "rhythm.bpm": 100.10075378417969, "rhythm.bpm_histogram_first_peak_bpm": 99.0, "rhythm.bpm_histogram_first_peak_weight": 0.40000003576278687, "rhythm.bpm_histogram_second_peak_bpm": 105.0, "rhythm.bpm_histogram_second_peak_spread": 0.0, "rhythm.bpm_histogram_second_peak_weight": 0.09836065769195557, "rhythm.danceability": 1.2375433444976807, "rhythm.onset_rate": 2.6966567039489746, "tonal.chords_changes_rate": 0.04826732724905014, "tonal.chords_number_rate": 0.006188118830323219, "tonal.chords_strength.mean": 0.5929955244064331, "tonal.chords_strength.stdev": 0.09687783569097519, "tonal.hpcp_crest.mean": 8.549764633178711, "tonal.hpcp_crest.stdev": 4.104912757873535, "tonal.hpcp_entropy.mean": 2.963843822479248, "tonal.hpcp_entropy.stdev": 0.7092252969741821, "tonal.key_edma.strength": 0.8327287435531616, "tonal.key_krumhansl.strength": 0.8417378067970276, "tonal.key_temperley.strength": 0.832533597946167, "tonal.tuning_diatonic_strength": 0.695073664188385, "tonal.tuning_equal_tempered_deviation": 0.2669462561607361, "tonal.tuning_frequency": 434.193115234375, "tonal.tuning_nontempered_energy_ratio": 0.9194165468215942, "lowlevel.barkbands.mean": [0.000662060861941427, 0.009348985739052296, 0.006828999612480402, 0.001176566001959145, 0.002444113837555051, 0.0007965720724314451, 0.0003833858936559409, 0.000403981888666749, 0.000606901478022337, 0.0005153514794073999, 0.0005954962689429522, 0.0011001633247360587, 0.0007711624493822455, 0.0008654377306811512, 0.001051760045811534, 0.001823020400479436, 0.0020264708437025547, 0.0010839307215064764, 0.0007900803466327488, 0.0005328106344677508, 0.0003313336055725813, 0.0002262746711494401, 0.00019302277360111475, 0.0001545054547023028, 0.00012564448115881532, 0.00010600163659546524, 1.2829253819290898e-06], "lowlevel.barkbands.stdev": [0.001198022160679102, 0.013198981992900372, 0.007992720231413841, 0.0012047175550833344, 0.008043907582759857, 0.00138174241874367, 0.0007613286725245416, 0.0007919763447716832, 0.0010116775520145893, 0.0009474772377870977, 0.001152939279563725, 0.002285604365170002, 0.0014070820761844516, 0.0011016110656782985, 0.0015073720132932067, 0.0019511175341904163, 0.0013574030017480254, 0.0006735948845744133, 0.0004084451647941023, 0.00033057713881134987, 0.00023926154244691133, 0.00025683172862045467, 0.00026076086214743555, 0.0002235925494460389, 0.00012499556760303676, 8.347940456587821e-05, 2.518390601835563e-06], "lowlevel.erbbands.mean": [0.25686928629875183, 2.1350083351135254, 7.428787708282471, 6.074357509613037, 6.470694065093994, 8.351927757263184, 6.658273696899414, 6.531210899353027, 5.25553560256958, 7.936244487762451, 9.752372741699219, 12.579852104187012, 17.050064086914062, 16.37575912475586, 32.94837951660156, 44.47417449951172, 37.11493682861328, 39.158966064453125, 56.7862663269043, 58.68930435180664, 121.75536346435547, 112.84154510498047, 62.65946960449219, 52.20332336425781, 30.10074234008789, 25.15828514099121, 17.082231521606445, 10.958357810974121, 8.654417037963867, 6.8944525718688965, 5.042999744415283, 3.399012565612793, 2.4787724018096924, 1.4296094179153442, 0.8565637469291687, 0.48060089349746704, 0.1947675347328186, 0.025674954056739807, 0.0004957824130542576, 6.201864016475156e-05], "lowlevel.erbbands.stdev": [0.45832908153533936, 3.147026300430298, 9.758471488952637, 5.437861919403076, 15.06446647644043, 32.486854553222656, 18.0343074798584, 10.71777629852295, 10.72479248046875, 14.69908332824707, 15.995383262634277, 21.61647605895996, 32.03868865966797, 25.812389373779297, 64.41033172607422, 85.97278594970703, 61.68482208251953, 51.63908004760742, 79.58190155029297, 68.95933532714844, 117.25505065917969, 71.9744873046875, 38.239601135253906, 26.535993576049805, 15.651620864868164, 14.462823867797852, 11.829058647155762, 9.358139038085938, 9.806597709655762, 8.65565013885498, 7.057681560516357, 5.079130172729492, 3.538637161254883, 1.6852924823760986, 0.779961347579956, 0.43263959884643555, 0.15560197830200195, 0.022675739601254463, 0.00040894985431805253, 3.0401341064134613e-05], "lowlevel.gfcc.mean": [56.0628776550293, 53.50416946411133, -123.21885681152344, 49.251182556152344, -29.050661087036133, 20.166118621826172, -39.218170166015625, 19.169940948486328, -28.96770477294922, 5.518190383911133, -25.440401077270508, 6.414278030395508, -18.288328170776367], "lowlevel.melbands.mean": [0.002398463198915124, 0.0034636911004781723, 0.0010900485794991255, 0.0005422686808742583, 0.0002615154080558568, 0.00014487208682112396, 8.289515972137451e-05, 8.72190430527553e-05, 8.207223436329514e-05, 8.272323611890897e-05, 8.56580154504627e-05, 6.343683344312012e-05, 9.601655619917437e-05, 0.00012353912461549044, 0.0001014422086882405, 7.234291115310043e-05, 7.25578865967691e-05, 9.299397061113268e-05, 7.417841698043048e-05, 8.79201470525004e-05, 0.00015720429655630141, 0.00012818555114790797, 7.123691466404125e-05, 4.610107498592697e-05, 4.304624962969683e-05, 2.43865251832176e-05, 1.8545355487731285e-05, 1.6250991393462755e-05, 1.1664224075502716e-05, 8.1186844909098e-06, 5.594980393652804e-06, 5.02944249092252e-06, 4.045290552312508e-06, 3.8701450648659375e-06, 3.099157993347035e-06, 2.199303708039224e-06, 2.0639442936953856e-06, 1.8225995290777064e-06, 1.4387834426088375e-06, 1.1194646276635467e-06], "lowlevel.melbands.stdev": [0.0035670630168169737, 0.004510045517235994, 0.0009378209360875189, 0.0018779910169541836, 0.0007804975030012429, 0.0002388022403465584, 0.00016052499995566905, 0.00016583243268541992, 0.00013133676839061081, 0.0001486550463596359, 0.00016252014029305428, 0.00010470463894307613, 0.0001909052225528285, 0.0002690261753741652, 0.0001980693341465667, 0.0001249894266948104, 9.914722613757476e-05, 0.0001310833467869088, 0.00010264110460411757, 0.00010287870827596635, 0.0001482715888414532, 9.102369222091511e-05, 5.026056169299409e-05, 2.9599235858768225e-05, 2.346058317925781e-05, 1.4324929907161277e-05, 1.0529572136874776e-05, 1.0640445907483809e-05, 9.320115168520715e-06, 6.665405635430943e-06, 4.971384441887494e-06, 5.647025773214409e-06, 5.461436103360029e-06, 5.084672920929734e-06, 4.517633442446822e-06, 3.2363282116421033e-06, 3.2263251341646537e-06, 2.738677949309931e-06, 1.8183852716902038e-06, 1.3671473197973683e-06], "lowlevel.melbands128.mean": [0.000472307758172974, 0.0020565406884998083, 0.0028248929884284735, 0.0037639678921550512, 0.004058929160237312, 0.0031509280670434237, 0.0012115692952647805, 0.0005509174079634249, 0.0006883774185553193, 0.0005664664204232395, 0.0004713460220955312, 0.00032567395828664303, 0.00022951803111936897, 0.00014762156934011728, 0.00013142541865818202, 0.00017512799240648746, 8.489975152770057e-05, 6.166910316096619e-05, 7.832395931473002e-05, 9.946156933438033e-05, 8.572755905333906e-05, 7.39565584808588e-05, 8.579610585002229e-05, 8.657790021970868e-05, 7.026352250250056e-05, 8.541668648831546e-05, 9.839134145295247e-05, 8.343102672370151e-05, 8.097737736534327e-05, 6.607576506212354e-05, 5.362603042158298e-05, 6.354460492730141e-05, 9.958883310901001e-05, 0.00011528091272339225, 0.00012518402945715934, 0.00012515991693362594, 0.00012487932690419257, 0.00010404198837932199, 8.293319842778146e-05, 8.379366045119241e-05, 6.486743950517848e-05, 6.648458656854928e-05, 6.022048182785511e-05, 8.792309381533414e-05, 8.685855573276058e-05, 9.956345456885174e-05, 9.369712643092498e-05, 6.604778172913939e-05, 6.664174725301564e-05, 8.506509038852528e-05, 6.873994425404817e-05, 0.0001095362167689018, 0.00017878305516205728, 0.0001525519328424707, 0.00016978320491034538, 0.0001311677769990638, 9.543899795971811e-05, 7.480483327526599e-05, 6.673465395579115e-05, 5.1633003749884665e-05, 4.189952232991345e-05, 4.454319423530251e-05, 4.8439815145684406e-05, 4.5000764657743275e-05, 2.990438042616006e-05, 2.4927297999965958e-05, 1.9901654013665393e-05, 1.7223897884832695e-05, 1.9493694708216935e-05, 1.9063079889747314e-05, 1.5220651221170556e-05, 1.5913657989585772e-05, 1.4305461263575125e-05, 1.0895395462284796e-05, 8.46737930260133e-06, 8.703109415364452e-06, 7.946794539748225e-06, 6.16593615632155e-06, 5.3790445235790685e-06, 4.692550646723248e-06, 5.258769306237809e-06, 5.266936113912379e-06, 4.397381871967809e-06, 4.0655081647855695e-06, 3.474525328783784e-06, 3.780375664064195e-06, 4.02355090045603e-06, 4.026202077511698e-06, 2.9505779366445495e-06, 2.6758070816867985e-06, 2.2150327367853606e-06, 2.2071130842959974e-06, 1.8563918047220795e-06, 2.084662583001773e-06, 2.1567366275121458e-06, 2.0342297375464113e-06, 1.6663507267367095e-06, 1.6705174630260444e-06, 1.4521413049806142e-06, 1.3747344382863957e-06, 1.1754784736695e-06, 1.1834667930088472e-06, 8.549233712074056e-07, 9.430117984265962e-07, 8.534380526725727e-07, 1.0444206282045343e-06, 1.1532173402883927e-06, 8.568987936996564e-07, 7.498880449929857e-07, 8.152347277246008e-07, 7.522344276367221e-07, 6.21351489371591e-07, 6.641086542913399e-07, 5.970415486444836e-07, 4.546278660200187e-07, 3.386799392046669e-07, 5.959018167800423e-08, 5.501118449657838e-10, 1.0587273419071508e-10, 6.841820512915042e-12, 5.175240010840687e-12, 4.987306574666395e-12, 4.872111394882417e-12, 4.764849972915819e-12, 4.5411677890294655e-12, 4.2266541828983595e-12, 4.049575778874992e-12, 4.0051113467387545e-12], "lowlevel.melbands128.stdev": [0.0010971976444125175, 0.004401468671858311, 0.004397989716380835, 0.006006869487464428, 0.006053118966519833, 0.0033480492420494556, 0.0011945441365242004, 0.0006219950737431645, 0.0015342483529821038, 0.0026168704498559237, 0.001949238940142095, 0.0010214176727458835, 0.0006132847629487514, 0.00037003273610025644, 0.00024277008196804672, 0.0003178943879902363, 0.00023794322623871267, 0.00017461074457969517, 0.00017082973499782383, 0.00021051675139460713, 0.00024015789676923305, 0.00017527412273921072, 0.00016920962661970407, 0.00016041930939536542, 0.0001530287991045043, 0.00022167454881127924, 0.00023926266294438392, 0.00021563706104643643, 0.00017810756980907172, 0.000138020099257119, 0.00010289823694620281, 0.00012964544293936342, 0.0002650384558364749, 0.0002800199144985527, 0.00039422124973498285, 0.00034575536847114563, 0.0002873632765840739, 0.0002628958609420806, 0.0001982447865884751, 0.00017805604147724807, 0.00014422988169826567, 0.00015052112576086074, 0.00011353745503583923, 0.0001388527307426557, 0.00012129238893976435, 0.00018450176867190748, 0.00018340672249905765, 0.00011491561599541456, 0.00010894881415879354, 0.00012950983364135027, 8.98845391930081e-05, 0.00016876957670319825, 0.00023477525974158198, 0.00015903916209936142, 0.00016560536460019648, 0.00011940039257751778, 8.127490582410246e-05, 6.612511060666293e-05, 6.25818211119622e-05, 4.396108124637976e-05, 3.667271448648535e-05, 3.575686059775762e-05, 3.455107071204111e-05, 3.127078161924146e-05, 2.176484849769622e-05, 2.0618101189029403e-05, 1.519388570159208e-05, 1.2397953469189815e-05, 1.5487257769564167e-05, 1.3418071830528788e-05, 1.1076182090619113e-05, 1.5709129002061673e-05, 1.6993000826914795e-05, 9.032469279190991e-06, 6.314283382380381e-06, 7.119653218978783e-06, 1.0180909157497808e-05, 6.7783744270855095e-06, 5.115005478728563e-06, 4.774476565216901e-06, 6.395459422492422e-06, 7.095882665453246e-06, 6.450934961321764e-06, 6.465121259680018e-06, 5.030456122767646e-06, 5.249633886705851e-06, 5.833474460814614e-06, 6.260511781874811e-06, 4.859025011683116e-06, 4.216609340801369e-06, 3.463318989815889e-06, 3.6365688629302895e-06, 3.0980656902102055e-06, 3.680298050312558e-06, 3.5928535453422228e-06, 3.2646598810970318e-06, 2.7464693630463444e-06, 2.901543439293164e-06, 1.8841783457901329e-06, 1.722220758892945e-06, 1.6564731595281046e-06, 1.5468571064047865e-06, 1.1871180731759523e-06, 1.097536028282775e-06, 9.04379419353063e-07, 1.0050583796328283e-06, 1.2362279449007474e-06, 9.323768495050899e-07, 8.61434045873466e-07, 8.457960802843445e-07, 7.331286724365782e-07, 5.873233703823644e-07, 6.304323392214428e-07, 5.564496063925617e-07, 4.4241471641726093e-07, 3.6603847775040776e-07, 9.203485973330316e-08, 3.771321033241293e-09, 3.823762639854067e-09, 5.469983146988433e-11, 1.851967190713566e-11, 1.8502206711179525e-11, 1.8746388122381497e-11, 1.8061049184003863e-11, 1.3810303595152007e-11, 7.95313381124485e-12, 6.420271866230953e-12, 6.352010931132135e-12], "lowlevel.mfcc.mean": [-586.1763305664062, 87.28827667236328, -22.656538009643555, 36.261966705322266, 24.215511322021484, 10.93638801574707, 6.843427658081055, 11.24291706085205, 6.0507683753967285, -0.10250299423933029, -1.1649034023284912, 3.2251412868499756, 1.0162270069122314], "lowlevel.spectral_contrast_coeffs.mean": [-0.7175438404083252, -0.8056187629699707, -0.8150057792663574, -0.7842304110527039, -0.7800978422164917, -0.7354055643081665], "lowlevel.spectral_contrast_coeffs.stdev": [0.06338611245155334, 0.05148759484291077, 0.04468809440732002, 0.041572269052267075, 0.025652224197983742, 0.03224286064505577], "lowlevel.spectral_contrast_valleys.mean": [-6.461911678314209, -6.764519691467285, -6.8471808433532715, -6.613025188446045, -6.424529552459717, -9.67855167388916], "lowlevel.spectral_contrast_valleys.stdev": [0.5813943147659302, 0.4800834059715271, 0.5233039855957031, 0.3843970000743866, 0.2809503674507141, 0.5727882981300354], "rhythm.beats_loudness_band_ratio.mean": [0.5383363962173462, 0.16150902211666107, 0.05010160058736801, 0.1032956913113594, 0.16416004300117493, 0.06095857545733452], "rhythm.beats_loudness_band_ratio.stdev": [0.15324753522872925, 0.16823531687259674, 0.03757507726550102, 0.09072355180978775, 0.08589542657136917, 0.03222054988145828], "tonal.hpcp.mean": [0.10855495929718018, 0.08610481768846512, 0.06323669105768204, 0.06596733629703522, 0.07601581513881683, 0.18179459869861603, 0.45026683807373047, 0.48885899782180786, 0.2575629949569702, 0.11517806351184845, 0.0810253694653511, 0.09384871274232864, 0.12743964791297913, 0.14650584757328033, 0.12418026477098465, 0.10577324777841568, 0.12058456987142563, 0.14769813418388367, 0.14650402963161469, 0.11786185204982758, 0.0961720198392868, 0.08240936696529388, 0.07834450155496597, 0.0867181047797203, 0.0917067676782608, 0.09787406772375107, 0.13833878934383392, 0.35883283615112305, 0.49322327971458435, 0.31388038396835327, 0.154880091547966, 0.12200349569320679, 0.10658014565706253, 0.0936025083065033, 0.09248192608356476, 0.1021871492266655], "tonal.hpcp.stdev": [0.19488300383090973, 0.17838065326213837, 0.12987758219242096, 0.1363077014684677, 0.14890716969966888, 0.2383105307817459, 0.3704448342323303, 0.36908820271492004, 0.2759353220462799, 0.17541246116161346, 0.13117389380931854, 0.15521705150604248, 0.16497063636779785, 0.1569381207227707, 0.14480750262737274, 0.1455116868019104, 0.15356628596782684, 0.17988073825836182, 0.16580675542354584, 0.1315281242132187, 0.1248711347579956, 0.11803148686885834, 0.11765036731958389, 0.12912893295288086, 0.15692515671253204, 0.1796768605709076, 0.21438880264759064, 0.3155320882797241, 0.3708384335041046, 0.30728858709335327, 0.2375667691230774, 0.20692630112171173, 0.17107301950454712, 0.1555507630109787, 0.1625492423772812, 0.17764389514923096], "rhythm.beats_position": [0.5572788715362549, 1.1261677742004395, 1.695056676864624, 2.2639455795288086, 2.832834482192993, 3.4017233848571777, 3.9706122875213623, 4.562720775604248, 5.154829978942871, 5.758548736572266, 6.36226749420166, 6.965986251831055, 7.5580949783325195, 8.150203704833984, 8.753922462463379, 9.357641220092773, 9.938140869140625, 10.54185962677002, 11.145578384399414, 11.749297142028809, 12.353015899658203, 12.956734657287598, 13.560453414916992, 14.164172172546387, 14.756280899047852, 15.359999656677246, 15.952108383178711, 16.555828094482422, 17.14793586730957, 17.74004554748535, 18.34376335144043, 18.94748306274414, 19.55120086669922, 20.15492057800293, 20.747028350830078, 21.35074806213379, 21.942855834960938, 22.54657554626465, 23.15029525756836, 23.754013061523438, 24.35773277282715, 24.961450576782227, 25.553560256958008, 26.168888092041016, 26.760997772216797, 27.364715576171875, 27.956825256347656, 28.560543060302734, 29.164262771606445, 29.791200637817383, 30.371700286865234, 30.963808059692383, 31.555917739868164, 32.14802551269531, 32.740135192871094, 33.34385299682617, 33.947574615478516, 34.551292419433594, 35.143402099609375, 35.73550796508789, 36.339229583740234, 36.94294738769531], "rhythm.bpm_histogram": [0.0, 0.0, 0.0, 0.0, 0.0, 0.0, 0.0, 0.0, 0.0, 0.0, 0.0, 0.0, 0.0, 0.0, 0.0, 0.0, 0.0, 0.0, 0.0, 0.0, 0.0, 0.0, 0.0, 0.0, 0.0, 0.0, 0.0, 0.0, 0.0, 0.0, 0.0, 0.0, 0.0, 0.0, 0.0, 0.0, 0.0, 0.0, 0.0, 0.0, 0.0, 0.0, 0.0, 0.0, 0.0, 0.0, 0.0, 0.0, 0.0, 0.0, 0.0, 0.0, 0.0, 0.0, 0.0, 0.0, 0.0, 0.0, 0.0, 0.0, 0.0, 0.0, 0.0, 0.0, 0.0, 0.0, 0.0, 0.0, 0.0, 0.0, 0.0, 0.0, 0.0, 0.0, 0.0, 0.0, 0.0, 0.0, 0.0, 0.0, 0.0, 0.0, 0.0, 0.0, 0.0, 0.0, 0.0, 0.0, 0.0, 0.0, 0.0, 0.0, 0.0, 0.0, 0.0, 0.0, 0.016393441706895828, 0.0, 0.016393441706895828, 0.5245901346206665, 0.0, 0.31147539615631104, 0.0, 0.032786883413791656, 0.0, 0.09836065769195557, 0.0, 0.0, 0.0, 0.0, 0.0, 0.0, 0.0, 0.0, 0.0, 0.0, 0.0, 0.0, 0.0, 0.0, 0.0, 0.0, 0.0, 0.0, 0.0, 0.0, 0.0, 0.0, 0.0, 0.0, 0.0, 0.0, 0.0, 0.0, 0.0, 0.0, 0.0, 0.0, 0.0, 0.0, 0.0, 0.0, 0.0, 0.0, 0.0, 0.0, 0.0, 0.0, 0.0, 0.0, 0.0, 0.0, 0.0, 0.0, 0.0, 0.0, 0.0, 0.0, 0.0, 0.0, 0.0, 0.0, 0.0, 0.0, 0.0, 0.0, 0.0, 0.0, 0.0, 0.0, 0.0, 0.0, 0.0, 0.0, 0.0, 0.0, 0.0, 0.0, 0.0, 0.0, 0.0, 0.0, 0.0, 0.0, 0.0, 0.0, 0.0, 0.0, 0.0, 0.0, 0.0, 0.0, 0.0, 0.0, 0.0, 0.0, 0.0, 0.0, 0.0, 0.0, 0.0, 0.0, 0.0, 0.0, 0.0, 0.0, 0.0, 0.0, 0.0, 0.0, 0.0, 0.0, 0.0, 0.0, 0.0, 0.0, 0.0, 0.0, 0.0, 0.0, 0.0, 0.0, 0.0, 0.0, 0.0, 0.0, 0.0, 0.0, 0.0, 0.0, 0.0, 0.0, 0.0, 0.0, 0.0, 0.0, 0.0, 0.0, 0.0, 0.0, 0.0, 0.0, 0.0, 0.0, 0.0, 0.0, 0.0, 0.0, 0.0, 0.0], "tonal.chords_histogram": [62.37623596191406, 0.0, 0.49504950642585754, 0.0, 0.0, 0.0, 0.0, 21.03960418701172, 0.0, 1.9801980257034302, 0.0, 0.37128713726997375, 0.0, 0.0, 0.0, 0.0, 1.6089109182357788, 0.0, 0.0, 0.0, 0.0, 0.0, 0.0, 12.12871265411377], "tonal.thpcp": [1.0, 0.636385977268219, 0.314016193151474, 0.24735955893993378, 0.21608904004096985, 0.18977715075016022, 0.18750518560409546, 0.20718233287334442, 0.22009293735027313, 0.17457573115825653, 0.12821108102798462, 0.1337474137544632, 0.15412048995494843, 0.3685847818851471, 0.9129067063331604, 0.9911515116691589, 0.5222036242485046, 0.23352114856243134, 0.16427725553512573, 0.19027632474899292, 0.2583812475204468, 0.2970375716686249, 0.2517729103565216, 0.2144530713558197, 0.24448272585868835, 0.299454927444458, 0.2970338761806488, 0.23896247148513794, 0.19498677551746368, 0.16708329319953918, 0.15884186327457428, 0.17581915855407715, 0.18593357503414154, 0.1984376460313797, 0.2804790437221527, 0.7275261282920837], "lowlevel.gfcc.cov": [[865.8582763671875, 44.58761215209961, 61.800392150878906, -23.570268630981445, -49.57573699951172, 77.86820220947266, 40.29590606689453, 31.439876556396484, 37.92646789550781, 0.33501240611076355, 2.9970648288726807, 2.4183168411254883, -14.611108779907227], [44.58761215209961, 362.48016357421875, -50.492549896240234, -6.046202182769775, 58.487037658691406, -16.986881256103516, 97.43197631835938, 21.22818946838379, 23.53897476196289, 16.59427261352539, 38.75394821166992, 13.54205322265625, 43.27542495727539], [61.800392150878906, -50.492549896240234, 284.8487854003906, 169.04298400878906, 61.781734466552734, 32.15826416015625, -12.459272384643555, 0.9188917875289917, 8.108348846435547, 31.670068740844727, 31.917396545410156, 48.564910888671875, 34.26046371459961], [-23.570268630981445, -6.046202182769775, 169.04298400878906, 274.3602294921875, 93.604736328125, 11.228242874145508, -39.412776947021484, -27.163185119628906, 32.313438415527344, 30.71046257019043, 29.522008895874023, 14.172284126281738, 47.2445068359375], [-49.57573699951172, 58.487037658691406, 61.781734466552734, 93.604736328125, 252.44354248046875, 41.58784103393555, 77.29963684082031, 55.79119873046875, 57.821537017822266, 70.14460754394531, 11.188131332397461, 21.92284393310547, 18.83858871459961], [77.86820220947266, -16.986881256103516, 32.15826416015625, 11.228242874145508, 41.58784103393555, 139.05357360839844, 95.79167938232422, 47.70820999145508, 11.442224502563477, -8.134220123291016, 16.551443099975586, 5.289973735809326, 3.0511929988861084], [40.29590606689453, 97.43197631835938, -12.459272384643555, -39.412776947021484, 77.29963684082031, 95.79167938232422, 225.2733612060547, 106.20904541015625, 13.495367050170898, 4.356595516204834, 20.352825164794922, 28.038766860961914, -2.9208786487579346], [31.439876556396484, 21.22818946838379, 0.9188917875289917, -27.163185119628906, 55.79119873046875, 47.70820999145508, 106.20904541015625, 113.09215545654297, 53.199527740478516, 25.803098678588867, 8.300437927246094, 9.908453941345215, -2.3086860179901123], [37.92646789550781, 23.53897476196289, 8.108348846435547, 32.313438415527344, 57.821537017822266, 11.442224502563477, 13.495367050170898, 53.199527740478516, 108.62834167480469, 61.57495880126953, 17.84033203125, -0.9743028283119202, 5.0728440284729], [0.33501240611076355, 16.59427261352539, 31.670068740844727, 30.71046257019043, 70.14460754394531, -8.134220123291016, 4.356595516204834, 25.803098678588867, 61.57495880126953, 94.43108367919922, 39.64704132080078, 17.290712356567383, 3.9490952491760254], [2.9970648288726807, 38.75394821166992, 31.917396545410156, 29.522008895874023, 11.188131332397461, 16.551443099975586, 20.352825164794922, 8.300437927246094, 17.84033203125, 39.64704132080078, 74.74827575683594, 37.117469787597656, 9.800387382507324], [2.4183168411254883, 13.54205322265625, 48.564910888671875, 14.172284126281738, 21.92284393310547, 5.289973735809326, 28.038766860961914, 9.908453941345215, -0.9743028283119202, 17.290712356567383, 37.117469787597656, 63.129798889160156, 26.909509658813477], [-14.611108779907227, 43.27542495727539, 34.26046371459961, 47.2445068359375, 18.83858871459961, 3.0511929988861084, -2.9208786487579346, -2.3086860179901123, 5.0728440284729, 3.9490952491760254, 9.800387382507324, 26.909509658813477, 64.02725982666016]], "lowlevel.gfcc.icov": [[0.0014640475856140256, -0.0008303789654746652, -0.0005534345982596278, 7.06841383362189e-05, 0.0009609108092263341, -0.0015770538011565804, 0.000526554707903415, -5.446696013677865e-05, -0.0006872036610729992, -0.0005946502205915749, 0.0015624237712472677, -0.0012240647338330746, 0.0013202318223193288], [-0.0008303789654746652, 0.006453703157603741, -3.2806896342663094e-05, 0.0018939708825200796, -0.0025504096411168575, 0.005946940276771784, -0.006159190554171801, 0.004153706133365631, -0.002645001746714115, 0.0037961259949952364, -0.007877626456320286, 0.007493771146982908, -0.007563942577689886], [-0.0005534345982596278, -3.2806896342663094e-05, 0.008077056147158146, -0.00556861562654376, 0.0008573912782594562, -0.002573024947196245, 0.0024975610431283712, -0.003423442831262946, 0.0036812128964811563, -0.003437056438997388, 0.0032800682820379734, -0.0074035101570189, 0.0020735599100589752], [7.06841383362189e-05, 0.0018939708825200796, -0.00556861562654376, 0.010336092673242092, -0.004208325408399105, 0.002867370843887329, -0.002177973510697484, 0.005878499709069729, -0.005059230141341686, 0.005302242003381252, -0.007879546843469143, 0.008989834226667881, -0.0071952734142541885], [0.0009609108092263341, -0.0025504096411168575, 0.0008573912782594562, -0.004208325408399105, 0.009387261234223843, -0.0043773832730948925, -1.1614052709774114e-05, -0.002169365994632244, 0.001260142307728529, -0.009063009172677994, 0.009628134779632092, -0.006472589913755655, 0.0036631240509450436], [-0.0015770538011565804, 0.005946940276771784, -0.002573024947196245, 0.002867370843887329, -0.0043773832730948925, 0.018732473254203796, -0.010605609975755215, 0.003701387904584408, -0.004247046075761318, 0.009656406939029694, -0.013598202727735043, 0.013243441469967365, -0.008817099034786224], [0.000526554707903415, -0.006159190554171801, 0.0024975610431283712, -0.002177973510697484, -1.1614052709774114e-05, -0.010605609975755215, 0.0191574115306139, -0.015337247401475906, 0.0076999543234705925, -0.0023622065782546997, 0.0059541864320635796, -0.011918528936803341, 0.009016898460686207], [-5.446696013677865e-05, 0.004153706133365631, -0.003423442831262946, 0.005878499709069729, -0.002169365994632244, 0.003701387904584408, -0.015337247401475906, 0.02938721515238285, -0.015238508582115173, 0.0034645842388272285, -0.0030787657015025616, 0.006077985279262066, -0.005593359470367432], [-0.0006872036610729992, -0.002645001746714115, 0.0036812128964811563, -0.005059230141341686, 0.001260142307728529, -0.004247046075761318, 0.0076999543234705925, -0.015238508582115173, 0.025008706375956535, -0.014579355716705322, 0.00423896498978138, -0.0010698558762669563, 0.0017462605610489845], [-0.0005946502205915749, 0.0037961259949952364, -0.003437056438997388, 0.005302242003381252, -0.009063009172677994, 0.009656406939029694, -0.0023622065782546997, 0.0034645842388272285, -0.014579355716705322, 0.03290295973420143, -0.02049219235777855, 0.007846072316169739, -0.0035863653756678104], [0.0015624237712472677, -0.007877626456320286, 0.0032800682820379734, -0.007879546843469143, 0.009628134779632092, -0.013598202727735043, 0.0059541864320635796, -0.0030787657015025616, 0.00423896498978138, -0.02049219235777855, 0.04139978066086769, -0.02818567119538784, 0.014152871444821358], [-0.0012240647338330746, 0.007493771146982908, -0.0074035101570189, 0.008989834226667881, -0.006472589913755655, 0.013243441469967365, -0.011918528936803341, 0.006077985279262066, -0.0010698558762669563, 0.007846072316169739, -0.02818567119538784, 0.04773664101958275, -0.02321518585085869], [0.0013202318223193288, -0.007563942577689886, 0.0020735599100589752, -0.0071952734142541885, 0.0036631240509450436, -0.008817099034786224, 0.009016898460686207, -0.005593359470367432, 0.0017462605610489845, -0.0035863653756678104, 0.014152871444821358, -0.02321518585085869, 0.03245722874999046]], "lowlevel.mfcc.cov": [[808.0753173828125, 18.203916549682617, 65.49156951904297, -91.25252532958984, -57.40375518798828, 11.64645004272461, -10.264232635498047, 40.83552932739258, 5.056027889251709, 32.41806411743164, 33.7379264831543, 0.023834815248847008, -24.093050003051758], [18.203916549682617, 355.82916259765625, -128.46783447265625, 4.1821465492248535, -53.86524963378906, -8.796504020690918, 63.0299186706543, 31.655128479003906, 51.671051025390625, 1.7676079273223877, 32.453041076660156, 43.846336364746094, 24.789583206176758], [65.49156951904297, -128.46783447265625, 285.7701416015625, 68.9266357421875, 43.636207580566406, 30.06136131286621, -6.280717849731445, -3.485711097717285, -43.074119567871094, -16.585166931152344, -25.483997344970703, -20.24970245361328, 7.523663520812988], [-91.25252532958984, 4.1821465492248535, 68.9266357421875, 249.16390991210938, 126.6265869140625, 52.67371368408203, -6.664504051208496, -34.03050994873047, 14.297139167785645, 12.372818946838379, -2.740612506866455, 5.298772811889648, 39.41812515258789], [-57.40375518798828, -53.86524963378906, 43.636207580566406, 126.6265869140625, 189.4789276123047, 62.14671325683594, -28.424049377441406, -38.105403900146484, 15.850408554077148, 42.295867919921875, 5.965398788452148, -6.065001487731934, 20.64402961730957], [11.64645004272461, -8.796504020690918, 30.06136131286621, 52.67371368408203, 62.14671325683594, 98.92935943603516, 49.84466552734375, 20.2973690032959, 14.312150001525879, 19.069976806640625, 12.54049015045166, 7.018054485321045, 5.3174920082092285], [-10.264232635498047, 63.0299186706543, -6.280717849731445, -6.664504051208496, -28.424049377441406, 49.84466552734375, 161.8069610595703, 96.03923797607422, 43.26225280761719, -3.696504592895508, 23.253725051879883, 40.74760818481445, 11.541177749633789], [40.83552932739258, 31.655128479003906, -3.485711097717285, -34.03050994873047, -38.105403900146484, 20.2973690032959, 96.03923797607422, 123.26884460449219, 59.500335693359375, 12.32308292388916, 16.529340744018555, 29.6528377532959, 10.128067970275879], [5.056027889251709, 51.671051025390625, -43.074119567871094, 14.297139167785645, 15.850408554077148, 14.312150001525879, 43.26225280761719, 59.500335693359375, 103.8792495727539, 50.62360382080078, 25.359079360961914, 15.30607795715332, 16.983753204345703], [32.41806411743164, 1.7676079273223877, -16.585166931152344, 12.372818946838379, 42.295867919921875, 19.069976806640625, -3.696504592895508, 12.32308292388916, 50.62360382080078, 86.10277557373047, 40.89617919921875, 10.008646011352539, 5.553452014923096], [33.7379264831543, 32.453041076660156, -25.483997344970703, -2.740612506866455, 5.965398788452148, 12.54049015045166, 23.253725051879883, 16.529340744018555, 25.359079360961914, 40.89617919921875, 75.83416748046875, 45.391929626464844, 20.096189498901367], [0.023834815248847008, 43.846336364746094, -20.24970245361328, 5.298772811889648, -6.065001487731934, 7.018054485321045, 40.74760818481445, 29.6528377532959, 15.30607795715332, 10.008646011352539, 45.391929626464844, 83.56717681884766, 44.98558044433594], [-24.093050003051758, 24.789583206176758, 7.523663520812988, 39.41812515258789, 20.64402961730957, 5.3174920082092285, 11.541177749633789, 10.128067970275879, 16.983753204345703, 5.553452014923096, 20.096189498901367, 44.98558044433594, 73.85746002197266]], "lowlevel.mfcc.icov": [[0.001528075896203518, -0.0003920921008102596, -0.000718690687790513, 0.0005518058314919472, 0.000497205532155931, -0.0008581143920309842, 0.0010877476306632161, -0.0007695523090660572, 7.6361968240235e-05, -0.0004053165903314948, -0.0007504206732846797, 4.2357492930023e-05, 0.0004584484559018165], [-0.0003920921008102596, 0.004265202675014734, 0.001746096066199243, -0.0011826964328065515, 0.0014117740793153644, 0.00039734377060085535, -0.0016442876076325774, 0.0013965299585834146, -0.0017100407276302576, 0.0008500293479301035, -0.00047325508785434067, -0.0005273452843539417, -0.0006846361793577671], [-0.000718690687790513, 0.001746096066199243, 0.005612056702375412, -0.001949239638634026, -0.0001308658829657361, -9.815258090384305e-05, -0.0006873210077174008, -0.0019745957106351852, 0.003299262374639511, -0.00038322494947351515, 0.0006330048781819642, 0.001707770163193345, -0.0018723240355029702], [0.0005518058314919472, -0.0011826964328065515, -0.001949239638634026, 0.007851960137486458, -0.0038231753278523684, -0.001701714121736586, -0.0001586519938427955, 0.0026518930681049824, -0.0024551779497414827, 0.001445234869606793, 0.0007483194931410253, -0.00034829176729544997, -0.002098392928019166], [0.000497205532155931, 0.0014117740793153644, -0.0001308658829657361, -0.0038231753278523684, 0.0127189252525568, -0.00652783690020442, 0.002113424241542816, 0.0031405047047883272, -0.001971603836864233, -0.004092290997505188, 0.0010749190114438534, -8.343336958205327e-05, -0.001584468176588416], [-0.0008581143920309842, 0.00039734377060085535, -9.815258090384305e-05, -0.001701714121736586, -0.00652783690020442, 0.019621718674898148, -0.008376510813832283, -0.0007566058775410056, 0.0033568639773875475, -0.002672727219760418, -0.000882066146004945, 0.0018087150529026985, 0.000896907935384661], [0.0010877476306632161, -0.0016442876076325774, -0.0006873210077174008, -0.0001586519938427955, 0.002113424241542816, -0.008376510813832283, 0.017683813348412514, -0.010320128872990608, -0.0019131865119561553, 0.0052010840736329556, -0.0026394545566290617, -0.0037224835250526667, 0.0027600035537034273], [-0.0007695523090660572, 0.0013965299585834146, -0.0019745957106351852, 0.0026518930681049824, 0.0031405047047883272, -0.0007566058775410056, -0.010320128872990608, 0.02421313151717186, -0.01207807008177042, 0.00016020760813262314, 0.0035023598466068506, -0.004357481840997934, 1.4767800848858315e-06], [7.6361968240235e-05, -0.0017100407276302576, 0.003299262374639511, -0.0024551779497414827, -0.001971603836864233, 0.0033568639773875475, -0.0019131865119561553, -0.01207807008177042, 0.025856435298919678, -0.013097335584461689, 0.0008890373283065856, 0.005550711881369352, -0.0047459728084504604], [-0.0004053165903314948, 0.0008500293479301035, -0.00038322494947351515, 0.001445234869606793, -0.004092290997505188, -0.002672727219760418, 0.0052010840736329556, 0.00016020760813262314, -0.013097335584461689, 0.02804102748632431, -0.013552967458963394, 0.001463848864659667, 0.0030511515215039253], [-0.0007504206732846797, -0.00047325508785434067, 0.0006330048781819642, 0.0007483194931410253, 0.0010749190114438534, -0.000882066146004945, -0.0026394545566290617, 0.0035023598466068506, 0.0008890373283065856, -0.013552967458963394, 0.029513521119952202, -0.014395557343959808, 0.0006977190496399999], [4.2357492930023e-05, -0.0005273452843539417, 0.001707770163193345, -0.00034829176729544997, -8.343336958205327e-05, 0.0018087150529026985, -0.0037224835250526667, -0.004357481840997934, 0.005550711881369352, 0.001463848864659667, -0.014395557343959808, 0.030442748218774796, -0.014736728742718697], [0.0004584484559018165, -0.0006846361793577671, -0.0018723240355029702, -0.002098392928019166, -0.001584468176588416, 0.000896907935384661, 0.0027600035537034273, 1.4767800848858315e-06, -0.0047459728084504604, 0.0030511515215039253, 0.0006977190496399999, -0.014736728742718697, 0.02482443116605282]], "metadata.audio_properties.analysis.downmix": "mix", "metadata.audio_properties.codec": "mp3", "metadata.audio_properties.md5_encoded": "a80fc17ef8c19d4bc4d6c92d45dee634", "metadata.tags.file_name": "1183672357588566056.mp3", "metadata.version.essentia": "2.1-beta6-dev", "metadata.version.essentia_git_sha": "v2.1_beta5-1110-g77a6a954", "metadata.version.extractor": "music 2.0", "tonal.chords_key": "B", "tonal.chords_scale": "minor", "tonal.key_edma.key": "B", "tonal.key_edma.scale": "minor", "tonal.key_krumhansl.key": "B", "tonal.key_krumhansl.scale": "minor", "tonal.key_temperley.key": "B", "tonal.key_temperley.scale": "minor", "metadata.tags.encoding": ["Lavf58.45.100"]}, "essentia_models": [{"model_name": "genre_dortmund", "activations": {"alternative": "0.003238226", "blue