{"song_id": "1183678529536262195", "download": "https://cdn.discordapp.com/attachments/1135911532732108921/1183678529536262195/chirp.mp4?ex=65893589&amp", "lyrics": "As I walk through the valley in the shadow of bugs\nI take a look at my work and realize there's much left\nCause I've been testing and reporting so long that\nEven my momma thinks that my mind is gone\nBut I ain't never crossed a fault and didn't report it\nMe be treated like a punk?\nYou know that's unheard of\nYou better watch how you're talking and what you're coding\nOr you and your homies might do overtime\nI really hate to trip but I gotta, loc\nOpen jira, I extend the sprint for another week \nFool, I'm the kind of G that clients don't want to see\nJust a part of the process, making sure their products work right", "style": ["gangster</span><span>'s paradise"], "essentia_features": {"lowlevel.average_loudness": 0.9809452295303345, "lowlevel.barkbands_crest.mean": 19.15987777709961, "lowlevel.barkbands_crest.stdev": 4.906007766723633, "lowlevel.barkbands_flatness_db.mean": 0.2930804193019867, "lowlevel.barkbands_flatness_db.stdev": 0.1145467460155487, "lowlevel.barkbands_kurtosis.mean": 97.10169219970703, "lowlevel.barkbands_kurtosis.stdev": 179.5446014404297, "lowlevel.barkbands_skewness.mean": 5.925784111022949, "lowlevel.barkbands_skewness.stdev": 5.126762866973877, "lowlevel.barkbands_spread.mean": 10.275091171264648, "lowlevel.barkbands_spread.stdev": 11.2623929977417, "lowlevel.dissonance.mean": 0.44990265369415283, "lowlevel.dissonance.stdev": 0.05001088231801987, "lowlevel.dynamic_complexity": 2.27040696144104, "lowlevel.erbbands_crest.mean": 11.792023658752441, "lowlevel.erbbands_crest.stdev": 5.009251117706299, "lowlevel.erbbands_flatness_db.mean": 0.16864538192749023, "lowlevel.erbbands_flatness_db.stdev": 0.05713542178273201, "lowlevel.erbbands_kurtosis.mean": 4.149665832519531, "lowlevel.erbbands_kurtosis.stdev": 11.051548957824707, "lowlevel.erbbands_skewness.mean": 0.5834777355194092, "lowlevel.erbbands_skewness.stdev": 1.7439213991165161, "lowlevel.erbbands_spread.mean": 46.651771545410156, "lowlevel.erbbands_spread.stdev": 35.31742477416992, "lowlevel.hfc.mean": 22.272981643676758, "lowlevel.hfc.stdev": 17.376535415649414, "lowlevel.loudness_ebu128.integrated": -14.345479011535645, "lowlevel.loudness_ebu128.loudness_range": 1.8810749053955078, "lowlevel.loudness_ebu128.momentary.mean": -14.688633918762207, "lowlevel.loudness_ebu128.momentary.stdev": 1.8211708068847656, "lowlevel.loudness_ebu128.short_term.mean": -14.433938026428223, "lowlevel.loudness_ebu128.short_term.stdev": 0.6462687849998474, "lowlevel.melbands_crest.mean": 27.731382369995117, "lowlevel.melbands_crest.stdev": 7.393682479858398, "lowlevel.melbands_flatness_db.mean": 0.39995893836021423, "lowlevel.melbands_flatness_db.stdev": 0.13028769195079803, "lowlevel.melbands_kurtosis.mean": 202.31895446777344, "lowlevel.melbands_kurtosis.stdev": 360.61553955078125, "lowlevel.melbands_skewness.mean": 8.301031112670898, "lowlevel.melbands_skewness.stdev": 6.8808674812316895, "lowlevel.melbands_spread.mean": 8.115904808044434, "lowlevel.melbands_spread.stdev": 12.333900451660156, "lowlevel.pitch_salience.mean": 0.2580275535583496, "lowlevel.pitch_salience.stdev": 0.1557723432779312, "lowlevel.silence_rate_20dB.mean": 0.9193190336227417, "lowlevel.silence_rate_20dB.stdev": 0.27234283089637756, "lowlevel.silence_rate_30dB.mean": 0.48482605814933777, "lowlevel.silence_rate_30dB.stdev": 0.49977123737335205, "lowlevel.silence_rate_60dB.mean": 0.012583271600306034, "lowlevel.silence_rate_60dB.stdev": 0.11146705597639084, "lowlevel.spectral_centroid.mean": 1075.1776123046875, "lowlevel.spectral_centroid.stdev": 825.0355834960938, "lowlevel.spectral_complexity.mean": 10.876387596130371, "lowlevel.spectral_complexity.stdev": 9.069119453430176, "lowlevel.spectral_decrease.mean": -3.414475813201534e-08, "lowlevel.spectral_decrease.stdev": 3.092086231504254e-08, "lowlevel.spectral_energy.mean": 0.130890354514122, "lowlevel.spectral_energy.stdev": 0.11727273464202881, "lowlevel.spectral_energyband_high.mean": 0.0006282654940150678, "lowlevel.spectral_energyband_high.stdev": 0.0011219172738492489, "lowlevel.spectral_energyband_low.mean": 0.11697039753198624, "lowlevel.spectral_energyband_low.stdev": 0.11840200424194336, "lowlevel.spectral_energyband_middle_high.mean": 0.004596017766743898, "lowlevel.spectral_energyband_middle_high.stdev": 0.006382870487868786, "lowlevel.spectral_energyband_middle_low.mean": 0.009223723784089088, "lowlevel.spectral_energyband_middle_low.stdev": 0.01763630099594593, "lowlevel.spectral_entropy.mean": 7.162481784820557, "lowlevel.spectral_entropy.stdev": 0.6908423900604248, "lowlevel.spectral_flux.mean": 0.1246047094464302, "lowlevel.spectral_flux.stdev": 0.1016513854265213, "lowlevel.spectral_kurtosis.mean": 6.535313606262207, "lowlevel.spectral_kurtosis.stdev": 6.4216413497924805, "lowlevel.spectral_rms.mean": 0.010434185154736042, "lowlevel.spectral_rms.stdev": 0.004338874947279692, "lowlevel.spectral_rolloff.mean": 394.5595397949219, "lowlevel.spectral_rolloff.stdev": 876.5536499023438, "lowlevel.spectral_skewness.mean": 1.7850637435913086, "lowlevel.spectral_skewness.stdev": 0.823153555393219, "lowlevel.spectral_spread.mean": 4649954.5, "lowlevel.spectral_spread.stdev": 1973905.125, "lowlevel.spectral_strongpeak.mean": 0.7183564305305481, "lowlevel.spectral_strongpeak.stdev": 0.5505083799362183, "lowlevel.zerocrossingrate.mean": 0.02351592853665352, "lowlevel.zerocrossingrate.stdev": 0.025165589526295662, "metadata.audio_properties.analysis.equal_loudness": 0.0, "metadata.audio_properties.analysis.length": 31.338661193847656, "metadata.audio_properties.analysis.sample_rate": 44100.0, "metadata.audio_properties.analysis.start_time": 0.0, "metadata.audio_properties.bit_rate": 123244.0, "metadata.audio_properties.length": 31.338666915893555, "metadata.audio_properties.lossless": 0.0, "metadata.audio_properties.number_channels": 1.0, "metadata.audio_properties.replay_gain": -9.360301971435547, "metadata.audio_properties.sample_rate": 48000.0, "rhythm.beats_count": 48.0, "rhythm.beats_loudness.mean": 0.288616806268692, "rhythm.beats_loudness.stdev": 0.18233628571033478, "rhythm.bpm": 93.9485092163086, "rhythm.bpm_histogram_first_peak_bpm": 92.0, "rhythm.bpm_histogram_first_peak_weight": 0.6382979154586792, "rhythm.bpm_histogram_second_peak_bpm": 0.0, "rhythm.bpm_histogram_second_peak_spread": 0.0, "rhythm.bpm_histogram_second_peak_weight": 0.0, "rhythm.danceability": 1.3129931688308716, "rhythm.onset_rate": 5.5487260818481445, "tonal.chords_changes_rate": 0.1124260351061821, "tonal.chords_number_rate": 0.020710058510303497, "tonal.chords_strength.mean": 0.483869343996048, "tonal.chords_strength.stdev": 0.12293224036693573, "tonal.hpcp_crest.mean": 13.367566108703613, "tonal.hpcp_crest.stdev": 4.9449143409729, "tonal.hpcp_entropy.mean": 1.9515725374221802, "tonal.hpcp_entropy.stdev": 0.7160383462905884, "tonal.key_edma.strength": 0.43645599484443665, "tonal.key_krumhansl.strength": 0.4455934464931488, "tonal.key_temperley.strength": 0.46121227741241455, "tonal.tuning_diatonic_strength": 0.4083998203277588, "tonal.tuning_equal_tempered_deviation": 0.21779221296310425, "tonal.tuning_frequency": 434.193115234375, "tonal.tuning_nontempered_energy_ratio": 0.87073814868927, "lowlevel.barkbands.mean": [0.012812514789402485, 0.0991528108716011, 0.0046138218604028225, 0.0015086947241798043, 0.002741438802331686, 0.0005721229827031493, 0.000907236069906503, 0.0027292431332170963, 0.0005350853316485882, 0.0009224399109371006, 0.0004549884470179677, 0.0009558881865814328, 0.0006287278374657035, 0.0003698710643220693, 0.00028648655279539526, 0.0002984248276334256, 0.0002488184254616499, 0.00024351495085284114, 0.00021304123220033944, 9.928194049280137e-05, 8.464395068585873e-05, 0.0001404866634402424, 0.00010502619988983497, 9.43828490562737e-05, 4.3696487409761176e-05, 0.00011447779252193868, 1.3293270058056805e-05], "lowlevel.barkbands.stdev": [0.013185580261051655, 0.10772603750228882, 0.015005686320364475, 0.005981681402772665, 0.009100337512791157, 0.0019086770480498672, 0.003460194682702422, 0.0060286205261945724, 0.0015662206569686532, 0.0024468109477311373, 0.0014350273413583636, 0.002771182684227824, 0.0018025930039584637, 0.0009321285760961473, 0.000806855910923332, 0.0007710554637014866, 0.00044849346159026027, 0.00044896354665979743, 0.00038222267176024616, 0.0001770452654454857, 0.0002404023107374087, 0.0003408670600038022, 0.0002460023679304868, 0.00020764295186381787, 0.00010882555216085166, 0.00023523673007730395, 3.9500140701420605e-05], "lowlevel.erbbands.mean": [4.586585998535156, 15.009964942932129, 8.864461898803711, 5.92991828918457, 5.29679012298584, 10.799040794372559, 8.561841011047363, 4.16359806060791, 8.836084365844727, 32.446990966796875, 52.904457092285156, 13.771500587463379, 26.02278709411621, 20.330297470092773, 30.06812286376953, 33.94713592529297, 30.442853927612305, 20.3142032623291, 16.462570190429688, 16.93514633178711, 14.498577117919922, 14.741134643554688, 14.328690528869629, 11.048029899597168, 9.673084259033203, 4.301949977874756, 3.5215280055999756, 3.2011661529541016, 5.008816719055176, 4.7006635665893555, 2.5727667808532715, 1.9453216791152954, 1.5656272172927856, 0.6020370721817017, 0.23906534910202026, 0.19508500397205353, 0.24732886254787445, 0.07701524347066879, 0.0015822750283405185, 0.00018120014283340424], "lowlevel.erbbands.stdev": [5.3668532371521, 17.88266372680664, 17.16275405883789, 22.25111198425293, 20.778791427612305, 38.189491271972656, 21.664337158203125, 17.066795349121094, 37.21723556518555, 74.43934631347656, 128.72161865234375, 35.53948211669922, 61.00215530395508, 53.53360366821289, 74.70076751708984, 95.84513854980469, 87.21984100341797, 47.52604675292969, 36.894065856933594, 46.63016891479492, 33.631385803222656, 24.945018768310547, 26.181886672973633, 17.537982940673828, 19.05202865600586, 7.5185770988464355, 8.970805168151855, 9.445331573486328, 12.959772109985352, 9.090956687927246, 6.804144859313965, 5.330433368682861, 3.138308048248291, 1.4748873710632324, 0.6300671696662903, 0.48850542306900024, 0.4994487762451172, 0.1622438132762909, 0.003341889940202236, 0.0001518746867077425], "lowlevel.gfcc.mean": [-33.95283126831055, 88.51531219482422, -72.11258697509766, 45.21328353881836, -21.571176528930664, 24.354646682739258, -8.560861587524414, 18.24291229248047, 2.144606351852417, 2.745543956756592, -4.483312129974365, 11.449026107788086, -18.980958938598633], "lowlevel.melbands.mean": [0.033419255167245865, 0.00923575833439827, 0.0009465818293392658, 0.0005866549327038229, 0.00034776341635733843, 9.544373460812494e-05, 0.0001464127271901816, 0.00043835327960550785, 0.00036872056080028415, 7.379090675385669e-05, 0.00013622707047034055, 8.897672523744404e-05, 7.978290523169562e-05, 0.00012457769480533898, 5.85170419071801e-05, 6.345484871417284e-05, 3.5224322346039116e-05, 2.7652473363559693e-05, 2.1000689230277203e-05, 2.3784070435795e-05, 1.5001394785940647e-05, 1.4084499525779393e-05, 1.718984276521951e-05, 9.6552439572406e-06, 8.899052772903815e-06, 7.5757329796033446e-06, 5.6469161791028455e-06, 2.11371934710769e-06, 2.1789776383229764e-06, 2.0769762159034144e-06, 1.6859567040228285e-06, 2.6756254101201193e-06, 3.0845710625726497e-06, 2.4665141609148122e-06, 1.4683830613648752e-06, 1.1524289220687933e-06, 1.2829486877308227e-06, 1.317266082878632e-06, 7.733638085483108e-07, 3.7743342318208306e-07], "lowlevel.melbands.stdev": [0.03668847307562828, 0.012000126764178276, 0.0033687229733914137, 0.0022884230129420757, 0.0008283806964755058, 0.0003823684819508344, 0.0006048990180715919, 0.0009285939740948379, 0.0009118149755522609, 0.00022304880258161575, 0.0003274803457316011, 0.0002494843793101609, 0.00021903941524215043, 0.00038395196315832436, 0.00019394927949178964, 0.00018061285663861781, 9.18634032132104e-05, 6.490721716545522e-05, 6.417731492547318e-05, 6.793382635805756e-05, 3.7824182072654366e-05, 2.6166839234065264e-05, 3.363061841810122e-05, 1.7176547771668993e-05, 1.5085180166352075e-05, 1.668141885602381e-05, 1.0839124115591403e-05, 4.140537839703029e-06, 5.4645061027258635e-06, 6.35852302366402e-06, 5.128230895934394e-06, 7.659025868633762e-06, 6.857039807073306e-06, 4.761834588862257e-06, 3.7118102227395866e-06, 4.163880475971382e-06, 3.324653789604781e-06, 2.7274559215584304e-06, 1.7859096033134847e-06, 1.0541547226239345e-06], "lowlevel.melbands128.mean": [0.012145607732236385, 0.04308420419692993, 0.039818231016397476, 0.02039453573524952, 0.006099161691963673, 0.00210552872158587, 0.0012580874608829618, 0.0005788042326457798, 0.00043969310354441404, 0.0006703231483697891, 0.0006422174046747386, 0.0004686809261329472, 0.00031792160007171333, 0.00011856292258016765, 7.946874393383041e-05, 8.170380897354335e-05, 0.00010935863247141242, 0.0001384835923090577, 0.00021399611432570964, 0.00031890373793430626, 0.000590573821682483, 0.0007075424073264003, 0.000316311459755525, 7.937764894450083e-05, 5.614812835119665e-05, 7.458088657585904e-05, 9.324167331214994e-05, 0.00013348528591450304, 0.00019959193014074117, 0.00010999440564773977, 4.477826223592274e-05, 4.933758464176208e-05, 7.110887963790447e-05, 0.00010050674609374255, 0.00015808691387064755, 0.00014142287545837462, 5.5758562666596845e-05, 4.912690201308578e-05, 5.1714599976548925e-05, 9.271822636947036e-05, 6.172936991788447e-05, 3.339593604323454e-05, 3.0185023206286132e-05, 4.160748721915297e-05, 3.389240737305954e-05, 2.2955666281632148e-05, 2.3850740035413764e-05, 1.7922853658092208e-05, 2.1792669940623455e-05, 2.406149906164501e-05, 2.7294063329463825e-05, 1.935010550369043e-05, 1.6505340681760572e-05, 1.28315759866382e-05, 1.1610523870331235e-05, 1.4331419151858427e-05, 1.5107249055290595e-05, 1.9049106413149275e-05, 1.9600776795414276e-05, 1.0848796591744758e-05, 9.234158824256156e-06, 7.652866770513356e-06, 9.528207556286361e-06, 9.496655366092455e-06, 7.420111160172382e-06, 7.79614219936775e-06, 7.364262728515314e-06, 7.029753305687336e-06, 5.761422016803408e-06, 3.076590701311943e-06, 1.760011969054176e-06, 1.7455342913308414e-06, 1.954530944203725e-06, 2.5333815756312106e-06, 2.0466293335630326e-06, 1.958127541001886e-06, 2.4208900413213996e-06, 1.6039051615734934e-06, 1.5778539363964228e-06, 1.515515691608016e-06, 2.5097069737967104e-06, 3.195137423972483e-06, 3.192372560079093e-06, 3.2519344586035004e-06, 2.7771129680331796e-06, 2.6783293378684903e-06, 2.494685304554878e-06, 1.7727210206430755e-06, 1.1947895472985692e-06, 1.4137244761514012e-06, 1.47706657571689e-06, 9.63624529504159e-07, 8.413545629082364e-07, 1.138756829277554e-06, 1.6269608522634371e-06, 1.88507465281873e-06, 1.2094343446733546e-06, 5.262422178020643e-07, 8.91929914814682e-07, 8.933969297686417e-07, 4.569562577216857e-07, 3.136649695534288e-07, 2.0179878390536032e-07, 2.7507974209584063e-07, 2.8402504881341883e-07, 2.8062399337613897e-07, 1.9224302150178119e-07, 1.812221910313383e-07, 1.9754378399738926e-07, 4.417719878802018e-07, 7.23935272617382e-07, 7.139912554521288e-07, 8.099451633825083e-07, 9.163192089545191e-07, 1.0269833410347928e-06, 1.1505450174809084e-06, 5.852755862179038e-07, 1.7692245890543745e-08, 2.1421874690785714e-11, 2.0303874900817753e-11, 1.9732002490280287e-11, 1.9305465212560158e-11, 1.8812880073215688e-11, 1.847137547084099e-11, 1.8048723973707048e-11, 1.7539355384732502e-11, 1.723443436574268e-11, 1.7116133163574965e-11], "lowlevel.melbands128.stdev": [0.012537113390862942, 0.051599517464637756, 0.049990326166152954, 0.02464749477803707, 0.010444696992635727, 0.007481548469513655, 0.005187551956623793, 0.002265125745907426, 0.002020997228100896, 0.003308810293674469, 0.002377736149355769, 0.0011454372433945537, 0.0009381919517181814, 0.00038402952486649156, 0.00038957878132350743, 0.00043831727816723287, 0.0006225049146451056, 0.000641851918771863, 0.0009562643244862556, 0.00099059974309057, 0.001442930195480585, 0.001961292000487447, 0.001062879804521799, 0.00033502932637929916, 0.00026920653181150556, 0.000301017367746681, 0.0003506369248498231, 0.0003719741362147033, 0.0006756789516657591, 0.0004077542689628899, 0.00019654989591799676, 0.00022831145906820893, 0.0002922559797298163, 0.00033901375718414783, 0.0005680934409610927, 0.000587977992836386, 0.00021681324869859964, 0.0002944865555036813, 0.0002610570518299937, 0.00037517573218792677, 0.00020519678946584463, 0.00015217065811157227, 0.00010388930240878835, 0.000153836706886068, 0.00011214477854082361, 7.617452502017841e-05, 9.169177064904943e-05, 8.741829515201971e-05, 0.00010635464423103258, 9.052633686223999e-05, 0.000109269873064477, 5.696135121979751e-05, 6.223521631909534e-05, 4.721822188002989e-05, 3.198082049493678e-05, 3.884216130245477e-05, 3.1202089303405955e-05, 4.5471715566236526e-05, 5.280506957205944e-05, 2.702426354517229e-05, 2.4209175535361283e-05, 1.4219140211935155e-05, 2.1451778593473136e-05, 1.8661701687960885e-05, 1.7755422959453426e-05, 2.457160189806018e-05, 2.0264160411898047e-05, 1.76870798895834e-05, 1.2079290172550827e-05, 6.5083522713393904e-06, 4.349524715507869e-06, 4.018035269837128e-06, 4.888069724984234e-06, 7.034097052383004e-06, 6.85614395479206e-06, 5.3570752243103925e-06, 9.002531442092732e-06, 5.66881271879538e-06, 5.431235422292957e-06, 4.938733582093846e-06, 8.623886060377117e-06, 9.17677243705839e-06, 8.546926437702496e-06, 7.806071153027005e-06, 6.175931503094034e-06, 5.411744950833963e-06, 5.601607426797273e-06, 3.8129517179186223e-06, 3.175784058839781e-06, 4.996494681108743e-06, 5.701262125512585e-06, 4.2598303480190225e-06, 2.8826948437199462e-06, 3.3089686439780053e-06, 4.3337163333490025e-06, 4.033560799143743e-06, 2.7691096420312533e-06, 1.2621442238014424e-06, 2.158874394808663e-06, 2.3009442884358577e-06, 1.2943952469868236e-06, 1.0816934263857547e-06, 7.467651244041917e-07, 8.33516253351263e-07, 8.084736009550397e-07, 9.20682396099437e-07, 6.965427132854529e-07, 6.035967317075119e-07, 5.923093908677401e-07, 1.422618652213714e-06, 2.029026290983893e-06, 1.6410383523179917e-06, 1.7238593272850267e-06, 1.954673052750877e-06, 2.245233645226108e-06, 2.4949877115432173e-06, 1.7278983932556002e-06, 1.1693871471152306e-07, 3.6510416218105135e-11, 3.5323022284927674e-11, 3.4490583999957636e-11, 3.376223259299316e-11, 3.310889409857687e-11, 3.2413335904202256e-11, 3.111698052005174e-11, 2.985808475464147e-11, 2.945623259198449e-11, 2.929545842023096e-11], "lowlevel.mfcc.mean": [-698.195068359375, 127.7259521484375, 19.914871215820312, 40.81458282470703, 22.82286262512207, 23.352882385253906, 8.204763412475586, 32.54090118408203, 4.2075581550598145, 16.508939743041992, 14.197803497314453, 10.19333553314209, 7.131200790405273], "lowlevel.spectral_contrast_coeffs.mean": [-0.6963133215904236, -0.745535671710968, -0.7700401544570923, -0.7926993370056152, -0.7690318822860718, -0.7130330204963684], "lowlevel.spectral_contrast_coeffs.stdev": [0.07339677214622498, 0.10935840010643005, 0.09838075935840607, 0.07476445287466049, 0.07344034314155579, 0.07195762544870377], "lowlevel.spectral_contrast_valleys.mean": [-6.7006964683532715, -7.629264831542969, -8.182201385498047, -8.318037986755371, -8.340368270874023, -11.429489135742188], "lowlevel.spectral_contrast_valleys.stdev": [0.8299458622932434, 1.0503227710723877, 1.1379836797714233, 1.0367778539657593, 1.042972445487976, 1.3879026174545288], "rhythm.beats_loudness_band_ratio.mean": [0.7908629775047302, 0.1022065058350563, 0.056300804018974304, 0.038436077535152435, 0.016546213999390602, 0.015240627340972424], "rhythm.beats_loudness_band_ratio.stdev": [0.23942673206329346, 0.13480380177497864, 0.0803731381893158, 0.057875752449035645, 0.01804635114967823, 0.015789367258548737], "tonal.hpcp.mean": [0.06905081123113632, 0.039089493453502655, 0.03640010952949524, 0.04379294440150261, 0.03598727658390999, 0.02948354184627533, 0.0310306828469038, 0.028315555304288864, 0.030022500082850456, 0.030814154073596, 0.03476429358124733, 0.03657318279147148, 0.04150398075580597, 0.06320762634277344, 0.09509553760290146, 0.14893630146980286, 0.1611649990081787, 0.18224358558654785, 0.21303611993789673, 0.1459513157606125, 0.07421815395355225, 0.05210655927658081, 0.05956979840993881, 0.07310348749160767, 0.12376657873392105, 0.12252777069807053, 0.05785403028130531, 0.04036082699894905, 0.0419841930270195, 0.04120751842856407, 0.04682187736034393, 0.047937873750925064, 0.04446090757846832, 0.056693702936172485, 0.07942374795675278, 0.0938105657696724], "tonal.hpcp.stdev": [0.2126922905445099, 0.1494852900505066, 0.14457282423973083, 0.1731288731098175, 0.14726996421813965, 0.12999685108661652, 0.13892780244350433, 0.12593011558055878, 0.13004222512245178, 0.11104458570480347, 0.126421719789505, 0.13317538797855377, 0.130859375, 0.18457302451133728, 0.232441246509552, 0.30033087730407715, 0.31699836254119873, 0.29872801899909973, 0.3730398118495941, 0.2803438603878021, 0.21798796951770782, 0.1776113361120224, 0.1975538283586502, 0.20666973292827606, 0.282887727022171, 0.29781416058540344, 0.17649506032466888, 0.15817315876483917, 0.16417746245861053, 0.1587962508201599, 0.1790003776550293, 0.17829829454421997, 0.16191066801548004, 0.19138504564762115, 0.2241528183221817, 0.25971055030822754], "rhythm.beats_position": [0.5804988741874695, 1.2306575775146484, 1.8808163404464722, 2.5077550411224365, 3.1579136848449707, 3.808072566986084, 4.458230972290039, 5.085169792175293, 5.712108612060547, 6.36226749420166, 6.989206314086914, 7.616145133972168, 8.266304016113281, 8.916461944580078, 9.543400764465332, 10.170339584350586, 10.80888843536377, 11.447437286376953, 12.097596168518066, 12.74775505065918, 13.374693870544434, 14.013242721557617, 14.6517915725708, 15.290339469909668, 15.928888320922852, 16.56743812561035, 17.20598602294922, 17.856143951416016, 18.494693756103516, 19.133241653442383, 19.783401489257812, 20.42194938659668, 21.06049919128418, 21.687437057495117, 22.314376831054688, 22.964534759521484, 23.61469268798828, 24.26485252380371, 24.915010452270508, 25.541950225830078, 26.168888092041016, 26.795827865600586, 27.422765731811523, 28.061315536499023, 28.69986343383789, 29.350021362304688, 29.976961135864258, 30.603899002075195], "rhythm.bpm_histogram": [0.0, 0.0, 0.0, 0.0, 0.0, 0.0, 0.0, 0.0, 0.0, 0.0, 0.0, 0.0, 0.0, 0.0, 0.0, 0.0, 0.0, 0.0, 0.0, 0.0, 0.0, 0.0, 0.0, 0.0, 0.0, 0.0, 0.0, 0.0, 0.0, 0.0, 0.0, 0.0, 0.0, 0.0, 0.0, 0.0, 0.0, 0.0, 0.0, 0.0, 0.0, 0.0, 0.0, 0.0, 0.0, 0.0, 0.0, 0.0, 0.0, 0.0, 0.0, 0.0, 0.0, 0.0, 0.0, 0.0, 0.0, 0.0, 0.0, 0.0, 0.0, 0.0, 0.0, 0.0, 0.0, 0.0, 0.0, 0.0, 0.0, 0.0, 0.0, 0.0, 0.0, 0.0, 0.0, 0.0, 0.0, 0.0, 0.0, 0.0, 0.0, 0.0, 0.0, 0.0, 0.0, 0.0, 0.0, 0.0, 0.0, 0.0, 0.0, 0.0, 0.3617021143436432, 0.0, 0.2978723347187042, 0.0, 0.3404255211353302, 0.0, 0.0, 0.0, 0.0, 0.0, 0.0, 0.0, 0.0, 0.0, 0.0, 0.0, 0.0, 0.0, 0.0, 0.0, 0.0, 0.0, 0.0, 0.0, 0.0, 0.0, 0.0, 0.0, 0.0, 0.0, 0.0, 0.0, 0.0, 0.0, 0.0, 0.0, 0.0, 0.0, 0.0, 0.0, 0.0, 0.0, 0.0, 0.0, 0.0, 0.0, 0.0, 0.0, 0.0, 0.0, 0.0, 0.0, 0.0, 0.0, 0.0, 0.0, 0.0, 0.0, 0.0, 0.0, 0.0, 0.0, 0.0, 0.0, 0.0, 0.0, 0.0, 0.0, 0.0, 0.0, 0.0, 0.0, 0.0, 0.0, 0.0, 0.0, 0.0, 0.0, 0.0, 0.0, 0.0, 0.0, 0.0, 0.0, 0.0, 0.0, 0.0, 0.0, 0.0, 0.0, 0.0, 0.0, 0.0, 0.0, 0.0, 0.0, 0.0, 0.0, 0.0, 0.0, 0.0, 0.0, 0.0, 0.0, 0.0, 0.0, 0.0, 0.0, 0.0, 0.0, 0.0, 0.0, 0.0, 0.0, 0.0, 0.0, 0.0, 0.0, 0.0, 0.0, 0.0, 0.0, 0.0, 0.0, 0.0, 0.0, 0.0, 0.0, 0.0, 0.0, 0.0, 0.0, 0.0, 0.0, 0.0, 0.0, 0.0, 0.0, 0.0, 0.0, 0.0, 0.0, 0.0, 0.0, 0.0, 0.0, 0.0, 0.0, 0.0, 0.0, 0.0, 0.0, 0.0, 0.0, 0.0, 0.0, 0.0, 0.0], "tonal.chords_histogram": [1.6272189617156982, 0.0, 2.662721872329712, 3.550295829772949, 1.1834319829940796, 0.14792899787425995, 5.473372936248779, 0.0, 0.44378697872161865, 4.142011642456055, 1.923076868057251, 0.0, 0.2958579957485199, 20.118343353271484, 0.0, 0.0, 1.0355029106140137, 0.0, 0.0, 3.402366876602173, 15.680473327636719, 4.733727931976318, 21.745561599731445, 11.834319114685059], "tonal.thpcp": [1.0, 0.6851012706756592, 0.34838294982910156, 0.24459025263786316, 0.27962300181388855, 0.34315067529678345, 0.5809652209281921, 0.575150191783905, 0.2715691030025482, 0.1894553303718567, 0.1970754712820053, 0.19342972338199615, 0.219783753156662, 0.22502228617668152, 0.2087012678384781, 0.2661224901676178, 0.3728182315826416, 0.4403505325317383, 0.3241272568702698, 0.1834876388311386, 0.1708635538816452, 0.20556582510471344, 0.1689257025718689, 0.13839691877365112, 0.14565925300121307, 0.13291433453559875, 0.1409268081188202, 0.14464285969734192, 0.1631849706172943, 0.17167596518993378, 0.1948213279247284, 0.2966991066932678, 0.44638222455978394, 0.6991128921508789, 0.7565149068832397, 0.8554586172103882], "lowlevel.gfcc.cov": [[7797.49169921875, -959.2988891601562, -1654.8077392578125, -813.1038818359375, -729.5846557617188, -11.060697555541992, -265.7735900878906, 375.8622131347656, -412.9294128417969, 404.4690246582031, -218.19680786132812, 155.89830017089844, -261.24102783203125], [-959.2988891601562, 2007.37353515625, -284.9803466796875, -530.2471313476562, 133.30606079101562, -225.49278259277344, 230.7945556640625, -119.34835815429688, 205.2469940185547, -329.87896728515625, 196.18724060058594, -64.18914031982422, -27.616565704345703], [-1654.8077392578125, -284.9803466796875, 1655.257568359375, 613.7662963867188, 242.9829864501953, 183.85350036621094, 41.97481918334961, -65.00344848632812, -49.30575942993164, 50.692779541015625, -77.08572387695312, -34.86805725097656, 167.75404357910156], [-813.1038818359375, -530.2471313476562, 613.7662963867188, 993.7606201171875, 293.974365234375, 11.202844619750977, -103.82677459716797, -92.72798919677734, 137.2240447998047, 1.982613444328308, -12.136306762695312, -34.084625244140625, 103.9153823852539], [-729.5846557617188, 133.30606079101562, 242.9829864501953, 293.974365234375, 540.1880493164062, 155.77590942382812, 19.324108123779297, -44.786678314208984, 96.12079620361328, -5.931697845458984, 26.817157745361328, -61.40156936645508, 77.18743133544922], [-11.060697555541992, -225.49278259277344, 183.85350036621094, 11.202844619750977, 155.77590942382812, 423.89093017578125, 196.2147979736328, 3.5604453086853027, -36.542327880859375, 65.08831787109375, -1.2772375345230103, -30.74616050720215, -9.95153522491455], [-265.7735900878906, 230.7945556640625, 41.97481918334961, -103.82677459716797, 19.324108123779297, 196.2147979736328, 426.9574890136719, 84.11817932128906, 24.683822631835938, -72.71685028076172, 82.01136016845703, 18.130102157592773, -80.68318939208984], [375.8622131347656, -119.34835815429688, -65.00344848632812, -92.72798919677734, -44.786678314208984, 3.5604453086853027, 84.11817932128906, 225.64376831054688, 18.503934860229492, 20.41193962097168, -17.22113800048828, 16.065664291381836, -26.152097702026367], [-412.9294128417969, 205.2469940185547, -49.30575942993164, 137.2240447998047, 96.12079620361328, -36.542327880859375, 24.683822631835938, 18.503934860229492, 312.619140625, -10.272590637207031, 69.1081771850586, -41.13511276245117, -17.43071937561035], [404.4690246582031, -329.87896728515625, 50.692779541015625, 1.982613444328308, -5.931697845458984, 65.08831787109375, -72.71685028076172, 20.41193962097168, -10.272590637207031, 229.40087890625, -21.317228317260742, -43.202388763427734, -11.236018180847168], [-218.19680786132812, 196.18724060058594, -77.08572387695312, -12.136306762695312, 26.817157745361328, -1.2772375345230103, 82.01136016845703, -17.22113800048828, 69.1081771850586, -21.317228317260742, 152.91122436523438, 28.58230972290039, -31.227027893066406], [155.89830017089844, -64.18914031982422, -34.86805725097656, -34.084625244140625, -61.40156936645508, -30.74616050720215, 18.130102157592773, 16.065664291381836, -41.13511276245117, -43.202388763427734, 28.58230972290039, 145.91226196289062, 12.090374946594238], [-261.24102783203125, -27.616565704345703, 167.75404357910156, 103.9153823852539, 77.18743133544922, -9.95153522491455, -80.68318939208984, -26.152097702026367, -17.43071937561035, -11.236018180847168, -31.227027893066406, 12.090374946594238, 154.66481018066406]], "lowlevel.gfcc.icov": [[0.0003131853009108454, -0.00029067680588923395, 0.0003757141821552068, -0.0003646480618044734, 0.0003662842500489205, -0.0004979141522198915, 0.0004084970278199762, -0.0006388669717125595, 0.00046582319191657007, -0.0007429211982525885, 0.0004908426781184971, -0.0006028468487784266, 0.0003495705605018884], [-0.00029067680588923395, 0.0025740251876413822, -0.0007481470820493996, 0.002494007581844926, -0.001699990825727582, 0.0026306803338229656, -0.0018400431144982576, 0.0024072660598903894, -0.0016847666120156646, 0.0029464324470609426, -0.0018070356454700232, 0.0024806594010442495, -0.0009653214947320521], [0.0003757141821552068, -0.0007481470820493996, 0.0014991022180765867, -0.0013990141451358795, 0.0006686761043965816, -0.001057705725543201, 0.00019318841805215925, -0.0009055498521775007, 0.0010841606417670846, -0.0016326841432601213, 0.0012044825125485659, -0.0009522804175503552, -0.00031788842170499265], [-0.0003646480618044734, 0.002494007581844926, -0.0013990141451358795, 0.004158155061304569, -0.002305336995050311, 0.002745706355199218, -0.001426591188646853, 0.0027961265295743942, -0.002485911827534437, 0.0030683097429573536, -0.0016447613015770912, 0.0022104564122855663, -0.0009533086558803916], [0.0003662842500489205, -0.001699990825727582, 0.0006686761043965816, -0.002305336995050311, 0.00425188522785902, -0.003235103562474251, 0.0017411221051588655, -0.0019145335536450148, 0.0007447708048857749, -0.0015536609571427107, 0.0004129346925765276, -0.000705665850546211, -0.0004971865564584732], [-0.0004979141522198915, 0.0026306803338229656, -0.001057705725543201, 0.002745706355199218, -0.003235103562474251, 0.007469074334949255, -0.004943802487105131, 0.0037171756848692894, -0.001224661828018725, 0.0010918871266767383, -0.0007842076593078673, 0.0027393591590225697, -0.0013553848257288337], [0.0004084970278199762, -0.0018400431144982576, 0.00019318841805215925, -0.001426591188646853, 0.0017411221051588655, -0.004943802487105131, 0.0071236672811210155, -0.004171442706137896, 0.0011918451637029648, 0.0004239612608216703, -0.001239455072209239, -0.001811385853216052, 0.0029906502459198236], [-0.0006388669717125595, 0.0024072660598903894, -0.0009055498521775007, 0.0027961265295743942, -0.0019145335536450148, 0.0037171756848692894, -0.004171442706137896, 0.008622041903436184, -0.002847810974344611, 0.0016842690529301763, 0.00031869305530562997, 0.0014675991842523217, -0.0013182503171265125], [0.00046582319191657007, -0.0016847666120156646, 0.0010841606417670846, -0.002485911827534437, 0.0007447708048857749, -0.001224661828018725, 0.0011918451637029648, -0.002847810974344611, 0.005982303526252508, -0.0022591573651880026, -0.0006742581608705223, -0.00027828229940496385, 0.0010657215025275946], [-0.0007429211982525885, 0.0029464324470609426, -0.0016326841432601213, 0.0030683097429573536, -0.0015536609571427107, 0.0010918871266767383, 0.0004239612608216703, 0.0016842690529301763, -0.0022591573651880026, 0.0103437639772892, -0.0036962656304240227, 0.004929556045681238, -0.0003026103659067303], [0.0004908426781184971, -0.0018070356454700232, 0.0012044825125485659, -0.0016447613015770912, 0.0004129346925765276, -0.0007842076593078673, -0.001239455072209239, 0.00031869305530562997, -0.0006742581608705223, -0.0036962656304240227, 0.011771725490689278, -0.005034652538597584, 0.0018816168885678053], [-0.0006028468487784266, 0.0024806594010442495, -0.0009522804175503552, 0.0022104564122855663, -0.000705665850546211, 0.0027393591590225697, -0.001811385853216052, 0.0014675991842523217, -0.00027828229940496385, 0.004929556045681238, -0.005034652538597584, 0.011821528896689415, -0.0028097976464778185], [0.0003495705605018884, -0.0009653214947320521, -0.00031788842170499265, -0.0009533086558803916, -0.0004971865564584732, -0.0013553848257288337, 0.0029906502459198236, -0.0013182503171265125, 0.0010657215025275946, -0.0003026103659067303, 0.0018816168885678053, -0.0028097976464778185, 0.010064780712127686]], "lowlevel.mfcc.cov": [[8667.236328125, -897.75390625, -1516.522705078125, -907.991455078125, -741.2899780273438, -564.4616088867188, -127.84745025634766, -293.6110534667969, -139.5553741455078, -68.32439422607422, 140.2611846923828, -99.74852752685547, -51.56576919555664], [-897.75390625, 2232.880859375, -448.809814453125, -327.633056640625, -257.7291564941406, -129.4895782470703, -48.099708557128906, 277.79888916015625, -199.3271484375, 29.74226188659668, 1.3654299974441528, -27.203292846679688, 33.326595306396484], [-1516.522705078125, -448.809814453125, 1304.5302734375, 380.4725341796875, 221.1542205810547, 196.50648498535156, 162.01429748535156, -108.79915618896484, 217.54934692382812, -92.92344665527344, -69.4914779663086, 70.61322021484375, -9.100303649902344], [-907.991455078125, -327.633056640625, 380.4725341796875, 746.74169921875, 328.7041931152344, 87.10771942138672, -129.6865692138672, 22.98029136657715, 27.493730545043945, 20.01980972290039, -60.26833724975586, 23.060550689697266, -15.93184757232666], [-741.2899780273438, -257.7291564941406, 221.1542205810547, 328.7041931152344, 623.236083984375, 196.35516357421875, -25.960275650024414, -122.52742004394531, 129.5608367919922, 34.47677993774414, -47.54206466674805, -5.986161708831787, 4.274048805236816], [-564.4616088867188, -129.4895782470703, 196.50648498535156, 87.10771942138672, 196.35516357421875, 402.6270446777344, 138.88404846191406, 7.684616565704346, 50.94337844848633, 43.70915222167969, 29.387920379638672, 50.36738967895508, 3.8949127197265625], [-127.84745025634766, -48.099708557128906, 162.01429748535156, -129.6865692138672, -25.960275650024414, 138.88404846191406, 400.9970397949219, 58.10808563232422, 97.40961456298828, -58.75425338745117, 51.603736877441406, 28.163558959960938, 16.69965934753418], [-293.6110534667969, 277.79888916015625, -108.79915618896484, 22.98029136657715, -122.52742004394531, 7.684616565704346, 58.10808563232422, 405.65948486328125, -43.47285079956055, 26.285945892333984, 45.905975341796875, 27.709951400756836, 21.15256118774414], [-139.5553741455078, -199.3271484375, 217.54934692382812, 27.493730545043945, 129.5608367919922, 50.94337844848633, 97.40961456298828, -43.47285079956055, 261.81939697265625, 5.891883850097656, 3.371884822845459, 2.8485965728759766, 7.94140625], [-68.32439422607422, 29.74226188659668, -92.92344665527344, 20.01980972290039, 34.47677993774414, 43.70915222167969, -58.75425338745117, 26.285945892333984, 5.891883850097656, 216.53707885742188, 81.4576416015625, 19.665504455566406, 3.324338436126709], [140.2611846923828, 1.3654299974441528, -69.4914779663086, -60.26833724975586, -47.54206466674805, 29.387920379638672, 51.603736877441406, 45.905975341796875, 3.371884822845459, 81.4576416015625, 182.99981689453125, 56.92625427246094, 16.776273727416992], [-99.74852752685547, -27.203292846679688, 70.61322021484375, 23.060550689697266, -5.986161708831787, 50.36738967895508, 28.163558959960938, 27.709951400756836, 2.8485965728759766, 19.665504455566406, 56.92625427246094, 123.1720962524414, 29.414947509765625], [-51.56576919555664, 33.326595306396484, -9.100303649902344, -15.93184757232666, 4.274048805236816, 3.8949127197265625, 16.69965934753418, 21.15256118774414, 7.94140625, 3.324338436126709, 16.776273727416992, 29.414947509765625, 109.9942398071289]], "lowlevel.mfcc.icov": [[0.0002156395057681948, 0.0001496434852015227, 0.0002569827775005251, 9.855313692241907e-05, 0.00017041231330949813, 0.00012028263881802559, 1.2909526049043052e-05, 0.00015705368423368782, -8.487633022014052e-05, 0.0001257382391486317, -0.0001084750474547036, -2.2743075533071533e-05, 7.320006261579692e-05], [0.0001496434852015227, 0.0006808948237448931, 0.00018930857186205685, 0.00036463819560594857, 4.317536513553932e-05, 0.00017449798178859055, 7.15330897946842e-05, -0.00030929403146728873, 0.0002704077633097768, -3.865438702632673e-05, 0.00011896444630110636, 4.146348874201067e-05, -7.44952485547401e-05], [0.0002569827775005251, 0.00018930857186205685, 0.0016334818210452795, -0.0006506996578536928, 0.0005032897461205721, -0.00021211974672041833, -0.0004291000368539244, 0.0006113661802373827, -0.0009704039548523724, 0.0005580527358688414, 0.00032618679688312113, -0.0007697698310948908, 0.0002488454047124833], [9.855313692241907e-05, 0.00036463819560594857, -0.0006506996578536928, 0.002703426405787468, -0.0012590816477313638, 0.00022549110872205347, 0.0010064892703667283, -0.000988253392279148, 0.0006189674022607505, -9.270182636100799e-05, 0.00026963467826135457, -0.000344232190400362, 0.0003606808022595942], [0.00017041231330949813, 4.317536513553932e-05, 0.0005032897461205721, -0.0012590816477313638, 0.0032838284969329834, -0.0013216719962656498, 0.0002472963824402541, 0.0010869917459785938, -0.00143532850779593, -5.52696074009873e-05, 0.0003050529339816421, 0.0005090466002002358, -0.0004786586214322597], [0.00012028263881802559, 0.00017449798178859055, -0.00021211974672041833, 0.00022549110872205347, -0.0013216719962656498, 0.00410659983754158, -0.0015839639818295836, -0.00016064329247456044, 0.0007887983811087906, -0.001120522734709084, 0.00018936443666461855, -0.001165524241514504, 0.0004556668864097446], [1.2909526049043052e-05, 7.15330897946842e-05, -0.0004291000368539244, 0.0010064892703667283, 0.0002472963824402541, -0.0015839639818295836, 0.0044622174464166164, -0.0008577716071158648, -0.00132549658883363, 0.0018715750193223357, -0.0014738466124981642, 0.00037910003447905183, -0.00020882883109152317], [0.00015705368423368782, -0.00030929403146728873, 0.0006113661802373827, -0.000988253392279148, 0.0010869917459785938, -0.00016064329247456044, -0.0008577716071158648, 0.003540932899340987, -0.00013246598246041685, -0.0001960902736755088, -0.00032834900775924325, -0.000315861776471138, -0.00036244516377337277], [-8.487633022014052e-05, 0.0002704077633097768, -0.0009704039548523724, 0.0006189674022607505, -0.00143532850779593, 0.0007887983811087906, -0.00132549658883363, -0.00013246598246041685, 0.005778067279607058, -0.0010219323448836803, 4.19272473664023e-05, 0.00047211063792929053, -0.00037672591861337423], [0.0001257382391486317, -3.865438702632673e-05, 0.0005580527358688414, -9.270182636100799e-05, -5.52696074009873e-05, -0.001120522734709084, 0.0018715750193223357, -0.0001960902736755088, -0.0010219323448836803, 0.006961845327168703, -0.003422016277909279, 0.0003078936133533716, 0.00020174976089037955], [-0.0001084750474547036, 0.00011896444630110636, 0.00032618679688312113, 0.00026963467826135457, 0.0003050529339816421, 0.00018936443666461855, -0.0014738466124981642, -0.00032834900775924325, 4.19272473664023e-05, -0.003422016277909279, 0.008928651921451092, -0.0035142519045621157, -7.411574188154191e-05], [-2.2743075533071533e-05, 4.146348874201067e-05, -0.0007697698310948908, -0.000344232190400362, 0.0005090466002002358, -0.001165524241514504, 0.00037910003447905183, -0.000315861776471138, 0.00047211063792929053, 0.0003078936133533716, -0.0035142519045621157, 0.011295536532998085, -0.002640174003317952], [7.320006261579692e-05, -7.44952485547401e-05, 0.0002488454047124833, 0.0003606808022595942, -0.0004786586214322597, 0.0004556668864097446, -0.00020882883109152317, -0.00036244516377337277, -0.00037672591861337423, 0.00020174976089037955, -7.411574188154191e-05, -0.002640174003317952, 0.010063420049846172]], "metadata.audio_properties.analysis.downmix": "mix", "metadata.audio_properties.codec": "mp3", "metadata.audio_properties.md5_encoded": "1ccbceba62e5b1f9dea7422d29c31b59", "metadata.tags.file_name": "1183678529536262195.mp3", "metadata.version.essentia": "2.1-beta6-dev", "metadata.version.essentia_git_sha": "v2.1_beta5-1110-g77a6a954", "metadata.version.extractor": "music 2.0", "tonal.chords_key": "Ab", "tonal.chords_scale": "major", "tonal.key_edma.key": "Eb", "tonal.key_edma.scale": "major", "tonal.key