{"song_id": "1183713374039724053", "download": "https://cdn.discordapp.com/attachments/1135903449314238464/1183713374039724053/chirp.mp4?ex=658955fc&amp", "lyrics": "n the city lights, where the stars align,\nAfzal struts, a player in his prime.\nTwenty flames, hearts in his hand,\nSizzling hot, the charismatic man.\n\nHe's got that style, that irresistible sway,\nA love magician, casting spells each day.\nIn the game of hearts, he takes the lead,\nAfzal, the player, breaking hearts with speed", "style": ["Tavern Drinking song"], "essentia_features": {"lowlevel.average_loudness": 0.9713471531867981, "lowlevel.barkbands_crest.mean": 12.7737455368042, "lowlevel.barkbands_crest.stdev": 4.15013313293457, "lowlevel.barkbands_flatness_db.mean": 0.28491654992103577, "lowlevel.barkbands_flatness_db.stdev": 0.096033975481987, "lowlevel.barkbands_kurtosis.mean": 30.571460723876953, "lowlevel.barkbands_kurtosis.stdev": 48.9932861328125, "lowlevel.barkbands_skewness.mean": 3.6255056858062744, "lowlevel.barkbands_skewness.stdev": 2.7693982124328613, "lowlevel.barkbands_spread.mean": 14.13078784942627, "lowlevel.barkbands_spread.stdev": 20.116090774536133, "lowlevel.dissonance.mean": 0.45833098888397217, "lowlevel.dissonance.stdev": 0.03192632645368576, "lowlevel.dynamic_complexity": 2.6624042987823486, "lowlevel.erbbands_crest.mean": 10.33741283416748, "lowlevel.erbbands_crest.stdev": 3.7907721996307373, "lowlevel.erbbands_flatness_db.mean": 0.1830010861158371, "lowlevel.erbbands_flatness_db.stdev": 0.06184196099638939, "lowlevel.erbbands_kurtosis.mean": 4.057732105255127, "lowlevel.erbbands_kurtosis.stdev": 9.143974304199219, "lowlevel.erbbands_skewness.mean": 0.6872826814651489, "lowlevel.erbbands_skewness.stdev": 1.8236489295959473, "lowlevel.erbbands_spread.mean": 54.27714538574219, "lowlevel.erbbands_spread.stdev": 39.588199615478516, "lowlevel.hfc.mean": 25.548810958862305, "lowlevel.hfc.stdev": 37.97157287597656, "lowlevel.loudness_ebu128.integrated": -12.702433586120605, "lowlevel.loudness_ebu128.loudness_range": 2.248514175415039, "lowlevel.loudness_ebu128.momentary.mean": -14.253800392150879, "lowlevel.loudness_ebu128.momentary.stdev": 6.149231433868408, "lowlevel.loudness_ebu128.short_term.mean": -12.742400169372559, "lowlevel.loudness_ebu128.short_term.stdev": 1.3539211750030518, "lowlevel.melbands_crest.mean": 23.02578353881836, "lowlevel.melbands_crest.stdev": 5.7596755027771, "lowlevel.melbands_flatness_db.mean": 0.37259820103645325, "lowlevel.melbands_flatness_db.stdev": 0.12113145738840103, "lowlevel.melbands_kurtosis.mean": 84.72608947753906, "lowlevel.melbands_kurtosis.stdev": 118.04645538330078, "lowlevel.melbands_skewness.mean": 6.066394805908203, "lowlevel.melbands_skewness.stdev": 4.091801166534424, "lowlevel.melbands_spread.mean": 10.429950714111328, "lowlevel.melbands_spread.stdev": 20.119361877441406, "lowlevel.pitch_salience.mean": 0.4979836642742157, "lowlevel.pitch_salience.stdev": 0.1380431354045868, "lowlevel.silence_rate_20dB.mean": 0.9938650131225586, "lowlevel.silence_rate_20dB.stdev": 0.0780855119228363, "lowlevel.silence_rate_30dB.mean": 0.8687116503715515, "lowlevel.silence_rate_30dB.stdev": 0.3377140760421753, "lowlevel.silence_rate_60dB.mean": 0.08098159730434418, "lowlevel.silence_rate_60dB.stdev": 0.2728065848350525, "lowlevel.spectral_centroid.mean": 989.4126586914062, "lowlevel.spectral_centroid.stdev": 1027.5467529296875, "lowlevel.spectral_complexity.mean": 8.952147483825684, "lowlevel.spectral_complexity.stdev": 7.265608310699463, "lowlevel.spectral_decrease.mean": -2.0969295633221918e-08, "lowlevel.spectral_decrease.stdev": 1.7108787275788018e-08, "lowlevel.spectral_energy.mean": 0.08146025985479355, "lowlevel.spectral_energy.stdev": 0.06494133919477463, "lowlevel.spectral_energyband_high.mean": 0.0020560126286000013, "lowlevel.spectral_energyband_high.stdev": 0.004607437178492546, "lowlevel.spectral_energyband_low.mean": 0.06758969277143478, "lowlevel.spectral_energyband_low.stdev": 0.0627211406826973, "lowlevel.spectral_energyband_middle_high.mean": 0.0016398855950683355, "lowlevel.spectral_energyband_middle_high.stdev": 0.0030481144785881042, "lowlevel.spectral_energyband_middle_low.mean": 0.01021181046962738, "lowlevel.spectral_energyband_middle_low.stdev": 0.015999967232346535, "lowlevel.spectral_entropy.mean": 7.12166166305542, "lowlevel.spectral_entropy.stdev": 0.8827929496765137, "lowlevel.spectral_flux.mean": 0.1008223369717598, "lowlevel.spectral_flux.stdev": 0.09632831811904907, "lowlevel.spectral_kurtosis.mean": 7.806872367858887, "lowlevel.spectral_kurtosis.stdev": 12.022393226623535, "lowlevel.spectral_rms.mean": 0.008145986124873161, "lowlevel.spectral_rms.stdev": 0.003621632931753993, "lowlevel.spectral_rolloff.mean": 873.0582885742188, "lowlevel.spectral_rolloff.stdev": 2153.51025390625, "lowlevel.spectral_skewness.mean": 1.7915763854980469, "lowlevel.spectral_skewness.stdev": 1.2945667505264282, "lowlevel.spectral_spread.mean": 5361208.5, "lowlevel.spectral_spread.stdev": 3025082.75, "lowlevel.spectral_strongpeak.mean": 0.5142474174499512, "lowlevel.spectral_strongpeak.stdev": 0.8783947229385376, "lowlevel.zerocrossingrate.mean": 0.0412193238735199, "lowlevel.zerocrossingrate.stdev": 0.06110299378633499, "metadata.audio_properties.analysis.equal_loudness": 0.0, "metadata.audio_properties.analysis.length": 18.87997817993164, "metadata.audio_properties.analysis.sample_rate": 44100.0, "metadata.audio_properties.analysis.start_time": 0.0, "metadata.audio_properties.bit_rate": 127553.0, "metadata.audio_properties.length": 18.8799991607666, "metadata.audio_properties.lossless": 0.0, "metadata.audio_properties.number_channels": 1.0, "metadata.audio_properties.replay_gain": -12.451040267944336, "metadata.audio_properties.sample_rate": 48000.0, "rhythm.beats_count": 46.0, "rhythm.beats_loudness.mean": 0.15358491241931915, "rhythm.beats_loudness.stdev": 0.11542744189500809, "rhythm.bpm": 150.35581970214844, "rhythm.bpm_histogram_first_peak_bpm": 152.0, "rhythm.bpm_histogram_first_peak_weight": 0.37837833166122437, "rhythm.bpm_histogram_second_peak_bpm": 144.0, "rhythm.bpm_histogram_second_peak_spread": 0.0, "rhythm.bpm_histogram_second_peak_weight": 0.13333334028720856, "rhythm.danceability": 1.2758638858795166, "rhythm.onset_rate": 5.290713310241699, "tonal.chords_changes_rate": 0.0833333358168602, "tonal.chords_number_rate": 0.014705882407724857, "tonal.chords_strength.mean": 0.48596176505088806, "tonal.chords_strength.stdev": 0.05367926508188248, "tonal.hpcp_crest.mean": 10.882743835449219, "tonal.hpcp_crest.stdev": 5.346064567565918, "tonal.hpcp_entropy.mean": 2.4919137954711914, "tonal.hpcp_entropy.stdev": 0.7845537662506104, "tonal.key_edma.strength": 0.6692771315574646, "tonal.key_krumhansl.strength": 0.6493178606033325, "tonal.key_temperley.strength": 0.6465508937835693, "tonal.tuning_diatonic_strength": 0.5612165331840515, "tonal.tuning_equal_tempered_deviation": 0.15533770620822906, "tonal.tuning_frequency": 434.193115234375, "tonal.tuning_nontempered_energy_ratio": 0.7999575734138489, "lowlevel.barkbands.mean": [0.01354725006967783, 0.041401833295822144, 0.012626747600734234, 0.003112452570348978, 0.004943108651787043, 0.0008515602094121277, 0.0005755510646849871, 0.00041042588418349624, 0.0002705857332330197, 0.00018888877821154892, 0.00027720830985344946, 0.00030975116533227265, 0.00018209480913355947, 0.00011291781993350014, 0.0001598126837052405, 9.272015449823812e-05, 6.311853212537244e-05, 0.00011195058323210105, 0.0001086514166672714, 0.00012440182035788894, 0.0001285950856981799, 0.00015886590699665248, 0.0005014673806726933, 0.0009555331780575216, 0.0001982464746106416, 4.582406472763978e-05, 7.398944603664859e-07], "lowlevel.barkbands.stdev": [0.007922866381704807, 0.0572507418692112, 0.016182564198970795, 0.007917381823062897, 0.0068445210345089436, 0.0020323072094470263, 0.0015594051219522953, 0.0012028513010591269, 0.0008248767117038369, 0.0006015509134158492, 0.0008846380515024066, 0.0009532301337458193, 0.0004914275486953557, 0.00032729635131545365, 0.00043508800445124507, 0.00022334505047183484, 0.00014310030383057892, 0.00019444427744019777, 0.0001941087539307773, 0.00025190069573000073, 0.0003559559991117567, 0.0003965009527746588, 0.0010818224400281906, 0.0026932230684906244, 0.0005109429475851357, 0.00010627847950672731, 3.0263040571298916e-06], "lowlevel.erbbands.mean": [2.3023359775543213, 5.10698938369751, 13.526390075683594, 11.330974578857422, 16.576663970947266, 16.938262939453125, 7.027137756347656, 8.876309394836426, 7.950602054595947, 11.285890579223633, 7.939037322998047, 5.221190929412842, 5.3690185546875, 8.478524208068848, 12.388039588928223, 12.604191780090332, 8.404581069946289, 6.419490337371826, 6.800625324249268, 8.079236030578613, 4.429135322570801, 3.974895477294922, 6.172145366668701, 5.188780307769775, 5.752340316772461, 5.871078014373779, 6.024768829345703, 4.205799579620361, 5.261912822723389, 8.936677932739258, 15.162081718444824, 20.005510330200195, 14.939144134521484, 3.865471363067627, 0.7177279591560364, 0.19296716153621674, 0.09728923439979553, 0.012447006069123745, 0.00029130326583981514, 0.00010638919775374234], "lowlevel.erbbands.stdev": [2.313065767288208, 11.620365142822266, 17.31488037109375, 24.752483367919922, 22.98650550842285, 28.629453659057617, 13.927214622497559, 21.1032657623291, 22.268449783325195, 31.99918556213379, 20.620508193969727, 14.447155952453613, 15.056147575378418, 26.294591903686523, 38.849884033203125, 39.200504302978516, 21.675485610961914, 18.108495712280273, 20.49522590637207, 18.710060119628906, 10.619016647338867, 8.544938087463379, 10.889216423034668, 8.525585174560547, 10.389963150024414, 11.954341888427734, 16.920381546020508, 10.559453964233398, 12.595938682556152, 20.897817611694336, 32.946380615234375, 52.25272750854492, 45.3531379699707, 10.442831993103027, 1.7355562448501587, 0.47956666350364685, 0.22410479187965393, 0.031073950231075287, 0.0006146542727947235, 8.071837510215119e-05], "lowlevel.gfcc.mean": [-73.31654357910156, 103.72702026367188, -60.671234130859375, 61.782142639160156, -40.36905288696289, 19.731351852416992, -37.28550338745117, 10.718002319335938, -21.65901756286621, -8.48348617553711, 0.3562702536582947, -11.259504318237305, -5.5567216873168945], "lowlevel.melbands.mean": [0.0158881526440382, 0.006355495657771826, 0.0022930121049284935, 0.0011450560996308923, 0.00038018179475329816, 0.00018756983627099544, 0.00012271746527403593, 0.00011711656406987458, 6.263859540922567e-05, 3.178647966706194e-05, 2.6225177862215787e-05, 3.2420928619103506e-05, 4.064648601342924e-05, 3.608043698477559e-05, 2.7708227207767777e-05, 1.4961505257815588e-05, 1.144384077633731e-05, 1.010824507829966e-05, 1.23784520837944e-05, 8.303151844302192e-06, 4.447322680789512e-06, 3.6266928873374127e-06, 5.772268650616752e-06, 4.841913323616609e-06, 4.108371740585426e-06, 4.077417997905286e-06, 4.1764233174035326e-06, 3.8089626741566462e-06, 3.7794418403791497e-06, 3.3523538149893284e-06, 2.1243165519990725e-06, 2.612797743495321e-06, 3.6867286326014437e-06, 5.690880698239198e-06, 7.91510410635965e-06, 1.124382561101811e-05, 1.2688486094702967e-05, 1.1897668628080282e-05, 6.224316621228354e-06, 2.228014636784792e-06], "lowlevel.melbands.stdev": [0.017602769657969475, 0.0094432532787323, 0.004061989951878786, 0.0016094723250716925, 0.0006996284355409443, 0.0004505194374360144, 0.00032666439074091613, 0.00033566111233085394, 0.00016842457989696413, 9.080681775230914e-05, 7.49091268517077e-05, 0.0001043725133058615, 0.00012951511598657817, 0.00011309547699056566, 7.912966248113662e-05, 4.273403465049341e-05, 3.375184678588994e-05, 3.156141974614002e-05, 3.2115858630277216e-05, 1.940682159329299e-05, 1.1614898539846763e-05, 8.843276191328187e-06, 1.112755671783816e-05, 8.585154319007415e-06, 7.009347427811008e-06, 7.637842827534769e-06, 7.744362847006414e-06, 8.378204256587196e-06, 1.0585497875581495e-05, 9.911845154420007e-06, 5.351270374376327e-06, 6.309385298663983e-06, 9.748106094775721e-06, 1.3425789802568033e-05, 1.7415321053704247e-05, 2.664119347173255e-05, 3.53209106833674e-05, 3.730825847014785e-05, 1.8398644897388294e-05, 5.97291864323779e-06], "lowlevel.melbands128.mean": [0.012491750530898571, 0.02392781339585781, 0.0141906151548028, 0.00652600871399045, 0.007094238884747028, 0.005596252623945475, 0.001991633325815201, 0.0018376720836386085, 0.001885104924440384, 0.0007892633439041674, 0.0010805901838466525, 0.0006486265920102596, 0.0001499316858826205, 9.604906517779455e-05, 0.00019932864233851433, 0.0002552261285018176, 0.00014980416744947433, 7.90365447755903e-05, 0.0001037260444718413, 0.00016029662219807506, 0.00010258840484311804, 5.689049794455059e-05, 6.545083306264132e-05, 6.114270217949525e-05, 2.4966020646388642e-05, 2.2353953681886196e-05, 3.753036435227841e-05, 2.343131200177595e-05, 1.9351242372067645e-05, 3.1766034226166084e-05, 3.604824814829044e-05, 3.592339999158867e-05, 4.601278487825766e-05, 3.879073483403772e-05, 3.701332025229931e-05, 3.659411959233694e-05, 3.2433199521619827e-05, 3.175497840857133e-05, 2.2229300157050602e-05, 1.4106015441939235e-05, 1.5499788787565194e-05, 1.2189274457341526e-05, 1.1475674909888767e-05, 1.1627816093096044e-05, 8.60956970427651e-06, 9.256630619347561e-06, 1.2473899914766662e-05, 1.2011061699013226e-05, 1.3469641999108717e-05, 1.1402459676901344e-05, 7.051987267914228e-06, 5.64974516237271e-06, 5.336859430826735e-06, 3.5524060422176262e-06, 3.345891400385881e-06, 3.716457513291971e-06, 3.558290472938097e-06, 4.934727712679887e-06, 7.200618711067364e-06, 6.300544555415399e-06, 4.51914047516766e-06, 3.845364972221432e-06, 4.349887603893876e-06, 4.0578383959655184e-06, 3.887973889504792e-06, 3.941163868148578e-06, 4.429032742336858e-06, 4.115898263989948e-06, 4.220437404001132e-06, 4.159820491622668e-06, 3.5401708373683505e-06, 3.897038823197363e-06, 3.797517820203211e-06, 3.7285662983777e-06, 3.675748303066939e-06, 4.120671292184852e-06, 2.8853562525910093e-06, 1.914721906359773e-06, 2.166199919884093e-06, 2.117250915034674e-06, 2.107562522724038e-06, 3.124388513242593e-06, 3.2318964713340392e-06, 3.7787435758218635e-06, 4.012817498733057e-06, 4.085327873326605e-06, 6.431820111174602e-06, 8.64343201101292e-06, 6.631458290939918e-06, 8.06292791821761e-06, 1.207264813274378e-05, 1.0973830285365693e-05, 1.2324931049079169e-05, 1.3661161574418657e-05, 1.2044904906360898e-05, 1.2480081750254612e-05, 1.2713645446638111e-05, 9.873529052129015e-06, 6.51279970043106e-06, 4.409077064337907e-06, 2.892216798500158e-06, 1.9469107428449206e-06, 1.2823123825000948e-06, 8.046240509429481e-07, 7.338463205996959e-07, 5.43917053619225e-07, 4.093076597655454e-07, 2.871009883165243e-07, 2.997533385951101e-07, 2.8836083743044583e-07, 2.7921581136070017e-07, 2.7547361014512717e-07, 4.258751289398788e-07, 2.9178991667322407e-07, 2.257093996149706e-07, 1.4843793394447857e-07, 3.045324703521146e-08, 1.6787828904796243e-09, 2.3683061067814037e-10, 9.934207623185642e-11, 5.71382836878076e-11, 2.8786242486922298e-11, 1.8767433787592047e-11, 1.8126951328856222e-11, 1.5793167121302965e-11, 1.2079996725145037e-11, 1.0108053283275353e-11, 9.777459224202811e-12], "lowlevel.melbands128.stdev": [0.007240812294185162, 0.020978739485144615, 0.026820655912160873, 0.017872607335448265, 0.010165936313569546, 0.00789058767259121, 0.005554456729441881, 0.003605308709666133, 0.002381616737693548, 0.001529842265881598, 0.001960323192179203, 0.0012276871129870415, 0.0003928789228666574, 0.0002850634919013828, 0.000506460783071816, 0.0006545467767864466, 0.0004951234441250563, 0.0002727636892814189, 0.00030139772570692003, 0.0005192205426283181, 0.00037886601057834923, 0.0002025644207606092, 0.0001968197466339916, 0.00022310928034130484, 8.035933569772169e-05, 7.733588427072391e-05, 0.0001420493354089558, 7.63615607866086e-05, 6.982971535762772e-05, 0.00013536837650462985, 0.00013482906797435135, 0.00011575833195820451, 0.00016659777611494064, 0.00015268228889908642, 0.0001226632739417255, 0.00013621157268062234, 0.00012536064605228603, 0.00010026777454186231, 7.21358010196127e-05, 4.4537555368151516e-05, 5.572559166466817e-05, 4.1068469727179036e-05, 4.094552787137218e-05, 4.1106235585175455e-05, 2.5324807211291045e-05, 3.359840775374323e-05, 4.893204823019914e-05, 3.649585778475739e-05, 3.7856330891372636e-05, 3.199625280103646e-05, 1.9567125491448678e-05, 1.747488022374455e-05, 1.8052334780804813e-05, 1.1295875992800575e-05, 9.707321623864118e-06, 1.0750578439910896e-05, 8.730367881071288e-06, 1.090925889002392e-05, 1.4987585927883629e-05, 1.265530772798229e-05, 9.640201824367978e-06, 7.548037046944955e-06, 8.275183063233271e-06, 7.90012472862145e-06, 7.5003090387326665e-06, 8.286825504910666e-06, 9.521251740807202e-06, 8.964493645180482e-06, 8.723591236048378e-06, 9.100132956518792e-06, 8.826061275613029e-06, 1.0101864063472021e-05, 1.1121833267679904e-05, 1.1241438187425956e-05, 1.3682720236829482e-05, 1.3552372365666088e-05, 7.938155249576084e-06, 5.252024493529461e-06, 5.846329713676823e-06, 5.999001132295234e-06, 5.70777956454549e-06, 8.267165867437143e-06, 8.16910142020788e-06, 1.1017475117114373e-05, 1.1953325156355277e-05, 1.0691112038330175e-05, 1.678304215602111e-05, 2.1750423911726102e-05, 1.6245528968283907e-05, 1.862817953224294e-05, 3.0207304007490166e-05, 2.8562646548380144e-05, 3.381693022674881e-05, 3.997557359980419e-05, 3.657154957181774e-05, 3.89490342058707e-05, 4.433526555658318e-05, 3.2074931368697435e-05, 2.0686205971287563e-05, 1.3607879736809991e-05, 8.031834113353398e-06, 5.7144534366671e-06, 3.6952205846318975e-06, 2.448665100018843e-06, 2.141550794476643e-06, 1.4494613651550026e-06, 1.1805421991084586e-06, 8.744086130718642e-07, 7.863052928769321e-07, 9.075450861928402e-07, 8.733560434848187e-07, 7.260924803631497e-07, 1.0565281627350487e-06, 6.898046649439493e-07, 5.723696858694893e-07, 4.584190378409403e-07, 1.0988312482140827e-07, 1.239034652655846e-08, 2.6143973652636987e-09, 9.260772704244857e-10, 5.398416713653376e-10, 2.0405536982348593e-10, 1.3732105730301924e-10, 1.3038307933310733e-10, 9.591014094034733e-11, 3.9586153799398005e-11, 1.6068204058972135e-11, 1.502810723086334e-11], "lowlevel.mfcc.mean": [-729.1149291992188, 125.51859283447266, 48.28624725341797, 43.65817642211914, 33.975669860839844, 5.91805362701416, 16.29869270324707, 9.016831398010254, -7.458164691925049, 11.961297035217285, -6.81265115737915, 2.4776463508605957, -0.8925992250442505], "lowlevel.spectral_contrast_coeffs.mean": [-0.679315447807312, -0.7860797643661499, -0.8291889429092407, -0.8135036826133728, -0.8021761178970337, -0.8103930354118347], "lowlevel.spectral_contrast_coeffs.stdev": [0.06601610034704208, 0.07604635506868362, 0.052965786308050156, 0.061475589871406555, 0.05042925104498863, 0.0403439886868], "lowlevel.spectral_contrast_valleys.mean": [-6.578185558319092, -7.584474086761475, -8.436491966247559, -8.779616355895996, -8.444989204406738, -10.760193824768066], "lowlevel.spectral_contrast_valleys.stdev": [1.5590723752975464, 1.181671142578125, 1.3690367937088013, 1.2937591075897217, 1.2708173990249634, 1.8214564323425293], "rhythm.beats_loudness_band_ratio.mean": [0.8104001879692078, 0.12891943752765656, 0.02779116854071617, 0.024089252576231956, 0.01449586171656847, 0.016051970422267914], "rhythm.beats_loudness_band_ratio.stdev": [0.276122510433197, 0.22665461897850037, 0.05682259798049927, 0.03552665561437607, 0.024792857468128204, 0.026950787752866745], "tonal.hpcp.mean": [0.23291230201721191, 0.2440907508134842, 0.07157827913761139, 0.044086214154958725, 0.053106531500816345, 0.07773027569055557, 0.10391142219305038, 0.09898670762777328, 0.06285028904676437, 0.0348140224814415, 0.02548171766102314, 0.02796020545065403, 0.028947191312909126, 0.06968450546264648, 0.3691902458667755, 0.5902528762817383, 0.31264740228652954, 0.046950869262218475, 0.026487186551094055, 0.032023657113313675, 0.03168506175279617, 0.0578155517578125, 0.0871850997209549, 0.05997360870242119, 0.0482456274330616, 0.045132797211408615, 0.0526546947658062, 0.11744777113199234, 0.09644506126642227, 0.03343198448419571, 0.02732240967452526, 0.028192922472953796, 0.029954295605421066, 0.02515873685479164, 0.027751291170716286, 0.054622940719127655], "tonal.hpcp.stdev": [0.21036024391651154, 0.21555617451667786, 0.17485687136650085, 0.1451309472322464, 0.166665717959404, 0.21168209612369537, 0.21359723806381226, 0.21898742020130157, 0.16584132611751556, 0.11837278306484222, 0.10208042711019516, 0.13642393052577972, 0.12807375192642212, 0.1873377412557602, 0.3737715184688568, 0.444156676530838, 0.34800782799720764, 0.13760562241077423, 0.11696601659059525, 0.1420113742351532, 0.12940655648708344, 0.17938381433486938, 0.2573661804199219, 0.17334328591823578, 0.17196497321128845, 0.1594598889350891, 0.0883822813630104, 0.13418865203857422, 0.13579511642456055, 0.11735884100198746, 0.11182058602571487, 0.11917806416749954, 0.13163229823112488, 0.10243742913007736, 0.12525075674057007, 0.12924639880657196], "rhythm.beats_position": [0.3250793516635895, 0.6733786463737488, 1.0681178569793701, 1.4628571271896362, 1.8575963973999023, 2.2639455795288086, 2.670294761657715, 3.0650339126586914, 3.459773063659668, 3.8661224842071533, 4.2724714279174805, 4.667210578918457, 5.061950206756592, 5.468299388885498, 5.874648571014404, 6.269387722015381, 6.664126873016357, 7.058866024017334, 7.4536051750183105, 7.859954357147217, 8.266304016113281, 8.661043167114258, 9.055782318115234, 9.47374153137207, 9.868480682373047, 10.263219833374023, 10.657958984375, 11.075918197631836, 11.470657348632812, 11.865396499633789, 12.260135650634766, 12.666484832763672, 13.072834014892578, 13.467573165893555, 13.862312316894531, 14.268661499023438, 14.675010681152344, 15.06974983215332, 15.464489936828613, 15.87083911895752, 16.27718734741211, 16.695146560668945, 17.11310577392578, 17.531064987182617, 17.949024200439453, 18.39020347595215], "rhythm.bpm_histogram": [0.0, 0.0, 0.0, 0.0, 0.0, 0.0, 0.0, 0.0, 0.0, 0.0, 0.0, 0.0, 0.0, 0.0, 0.0, 0.0, 0.0, 0.0, 0.0, 0.0, 0.0, 0.0, 0.0, 0.0, 0.0, 0.0, 0.0, 0.0, 0.0, 0.0, 0.0, 0.0, 0.0, 0.0, 0.0, 0.0, 0.0, 0.0, 0.0, 0.0, 0.0, 0.0, 0.0, 0.0, 0.0, 0.0, 0.0, 0.0, 0.0, 0.0, 0.0, 0.0, 0.0, 0.0, 0.0, 0.0, 0.0, 0.0, 0.0, 0.0, 0.0, 0.0, 0.0, 0.0, 0.0, 0.0, 0.0, 0.0, 0.0, 0.0, 0.0, 0.0, 0.0, 0.0, 0.0, 0.0, 0.0, 0.0, 0.0, 0.0, 0.0, 0.0, 0.0, 0.0, 0.0, 0.0, 0.0, 0.0, 0.0, 0.0, 0.0, 0.0, 0.0, 0.0, 0.0, 0.0, 0.0, 0.0, 0.0, 0.0, 0.0, 0.0, 0.0, 0.0, 0.0, 0.0, 0.0, 0.0, 0.0, 0.0, 0.0, 0.0, 0.0, 0.0, 0.0, 0.0, 0.0, 0.0, 0.0, 0.0, 0.0, 0.0, 0.0, 0.0, 0.0, 0.0, 0.0, 0.0, 0.0, 0.0, 0.0, 0.0, 0.0, 0.0, 0.0, 0.0, 0.02222222276031971, 0.0, 0.0, 0.0, 0.0, 0.0, 0.0, 0.0, 0.13333334028720856, 0.0, 0.0, 0.0, 0.31111112236976624, 0.0, 0.0, 0.0, 0.5111111402511597, 0.0, 0.0, 0.0, 0.0, 0.0, 0.0, 0.0, 0.0, 0.0, 0.0, 0.0, 0.0, 0.0, 0.0, 0.0, 0.0, 0.0, 0.0, 0.0, 0.02222222276031971, 0.0, 0.0, 0.0, 0.0, 0.0, 0.0, 0.0, 0.0, 0.0, 0.0, 0.0, 0.0, 0.0, 0.0, 0.0, 0.0, 0.0, 0.0, 0.0, 0.0, 0.0, 0.0, 0.0, 0.0, 0.0, 0.0, 0.0, 0.0, 0.0, 0.0, 0.0, 0.0, 0.0, 0.0, 0.0, 0.0, 0.0, 0.0, 0.0, 0.0, 0.0, 0.0, 0.0, 0.0, 0.0, 0.0, 0.0, 0.0, 0.0, 0.0, 0.0, 0.0, 0.0, 0.0, 0.0, 0.0, 0.0, 0.0, 0.0, 0.0, 0.0, 0.0, 0.0, 0.0, 0.0, 0.0, 0.0, 0.0, 0.0, 0.0, 0.0, 0.0, 0.0, 0.0, 0.0, 0.0, 0.0], "tonal.chords_histogram": [24.019607543945312, 0.0, 0.0, 0.0, 0.2450980395078659, 0.0, 0.0, 0.0, 0.0, 0.0, 0.0, 0.0, 0.0, 0.0, 0.0, 2.2058823108673096, 8.088234901428223, 21.568628311157227, 0.0, 0.0, 0.0, 0.0, 16.176469802856445, 27.69607925415039], "tonal.thpcp": [1.0, 0.5296838283538818, 0.07954365015029907, 0.04487430304288864, 0.05425413325428963, 0.05368048697710037, 0.09795048087835312, 0.14770804345607758, 0.10160663723945618, 0.081737220287323, 0.0764634907245636, 0.0892070084810257, 0.1989787369966507, 0.1633961796760559, 0.056640103459358215, 0.04628932848572731, 0.047764141112565994, 0.05074824020266533, 0.04262365773320198, 0.04701593518257141, 0.09254159033298492, 0.39459750056266785, 0.4135358929634094, 0.12126713991165161, 0.07469038665294647, 0.08997251093387604, 0.13168978691101074, 0.17604559659957886, 0.16770219802856445, 0.10648027807474136, 0.05898153781890869, 0.04317084699869156, 0.04736987501382828, 0.04904201626777649, 0.11805873364210129, 0.6254780888557434], "lowlevel.gfcc.cov": [[15660.279296875, -2221.54638671875, 1137.1124267578125, 1354.31982421875, 211.42962646484375, 1839.9058837890625, 560.7088623046875, 722.6232299804688, 421.34765625, 901.5164184570312, -378.89801025390625, 629.515380859375, -532.6499633789062], [-2221.54638671875, 4683.7421875, -712.4881591796875, -1081.8558349609375, 1088.086181640625, -968.8272705078125, 411.45654296875, -79.86668395996094, 163.00975036621094, -405.0284423828125, 649.1312255859375, -475.12603759765625, 262.36260986328125], [1137.1124267578125, -712.4881591796875, 1904.802490234375, 877.99755859375, 216.26123046875, 626.4226684570312, 205.94137573242188, 37.19346237182617, 327.83074951171875, 232.4011688232422, -255.6927032470703, 148.06576538085938, -86.24642181396484], [1354.31982421875, -1081.8558349609375, 877.99755859375, 994.1241455078125, 46.183712005615234, 247.01641845703125, -34.779239654541016, 129.00057983398438, 163.74826049804688, 150.58871459960938, -200.5320587158203, 100.67582702636719, -0.0032355005387216806], [211.42962646484375, 1088.086181640625, 216.26123046875, 46.183712005615234, 816.1201782226562, -86.03631591796875, 188.5968475341797, 94.27637481689453, 183.7779998779297, 0.05650097131729126, 83.62059783935547, -90.95926666259766, 85.45905303955078], [1839.9058837890625, -968.8272705078125, 626.4226684570312, 247.01641845703125, -86.03631591796875, 862.5565795898438, 222.67869567871094, -6.943257808685303, 61.48488998413086, 183.87460327148438, -202.48789978027344, 206.33070373535156, -165.62477111816406], [560.7088623046875, 411.45654296875, 205.94137573242188, -34.779239654541016, 188.5968475341797, 222.67869567871094, 450.6381530761719, 65.3575439453125, 40.43988037109375, -7.9025421142578125, 82.34160614013672, -19.911977767944336, -25.377382278442383], [722.6232299804688, -79.86668395996094, 37.19346237182617, 129.00057983398438, 94.27637481689453, -6.943257808685303, 65.3575439453125, 198.21604919433594, 56.30812454223633, 36.5126838684082, -7.582215309143066, -4.762744426727295, 6.218347072601318], [421.34765625, 163.00975036621094, 327.83074951171875, 163.74826049804688, 183.7779998779297, 61.48488998413086, 40.43988037109375, 56.30812454223633, 252.503173828125, 78.05101013183594, -36.6521110534668, -2.4755146503448486, 9.944385528564453], [901.5164184570312, -405.0284423828125, 232.4011688232422, 150.58871459960938, 0.05650097131729126, 183.87460327148438, -7.9025421142578125, 36.5126838684082, 78.05101013183594, 194.3603973388672, -73.10746002197266, 57.73646545410156, -59.30487060546875], [-378.89801025390625, 649.1312255859375, -255.6927032470703, -200.5320587158203, 83.62059783935547, -202.48789978027344, 82.34160614013672, -7.582215309143066, -36.6521110534668, -73.10746002197266, 226.10916137695312, -78.980712890625, 50.328956604003906], [629.515380859375, -475.12603759765625, 148.06576538085938, 100.67582702636719, -90.95926666259766, 206.33070373535156, -19.911977767944336, -4.762744426727295, -2.4755146503448486, 57.73646545410156, -78.980712890625, 190.3760223388672, -43.156517028808594], [-532.6499633789062, 262.36260986328125, -86.24642181396484, -0.0032355005387216806, 85.45905303955078, -165.62477111816406, -25.377382278442383, 6.218347072601318, 9.944385528564453, -59.30487060546875, 50.328956604003906, -43.156517028808594, 127.96231079101562]], "lowlevel.gfcc.icov": [[0.0001706240145722404, -0.00015986325161065906, 0.00019427016377449036, -0.0003387774049770087, 6.473308894783258e-05, -0.00037059476017020643, 5.522785795619711e-05, -0.0005124016315676272, 5.836932177771814e-05, -0.0004896000609733164, -6.716784264426678e-05, -0.00030328877619467676, 0.00037456839345395565], [-0.00015986325161065906, 0.0013971563894301653, -0.0003973110287915915, 0.0013273372314870358, -0.0011503247078508139, 0.0011464194394648075, -0.0006773649947717786, 0.0012133484706282616, -0.0012050130171701312, 0.0014946419978514314, -0.0012056475970894098, 0.0007713829982094467, -0.00021832140919286758], [0.00019427016377449036, -0.0003973110287915915, 0.0017364205559715629, -0.0016484654042869806, 6.979415047680959e-05, -0.0008621630840934813, -0.0004892159486189485, 0.00034355331445112824, -0.0007680249400436878, -0.0008780621574260294, 0.0006043178727850318, -0.0005079914699308574, 0.0007610613247379661], [-0.0003387774049770087, 0.0013273372314870358, -0.0016484654042869806, 0.003827784676104784, -0.0008422262035310268, 0.0013602250255644321, 1.5771762264193967e-05, 4.910630013910122e-05, -0.0007788617513142526, 0.0014579594135284424, -0.0002854933263733983, 0.000841291737742722, -0.0017865606350824237], [6.473308894783258e-05, -0.0011503247078508139, 6.979415047680959e-05, -0.0008422262035310268, 0.0028619966469705105, -0.0006166409002617002, -8.388899732381105e-05, -0.0012312112376093864, -1.3618810044135898e-05, -0.0012230523861944675, 0.0008743744110688567, -0.00018236105097457767, -0.0009624884696677327], [-0.00037059476017020643, 0.0011464194394648075, -0.0008621630840934813, 0.0013602250255644321, -0.0006166409002617002, 0.004974524490535259, -0.0028915749862790108, 0.0026684971526265144, -0.0006599375628866255, 0.00018579587049316615, 0.0015174347208812833, -0.0011306003434583545, 0.0008324045338667929], [5.522785795619711e-05, -0.0006773649947717786, -0.0004892159486189485, 1.5771762264193967e-05, -8.388899732381105e-05, -0.0028915749862790108, 0.005296619143337011, -0.0027020303532481194, 0.0008244567434303463, 0.0009928712388500571, -0.0024111364036798477, 0.0008853491744957864, 0.0004270815697964281], [-0.0005124016315676272, 0.0012133484706282616, 0.00034355331445112824, 4.910630013910122e-05, -0.0012312112376093864, 0.0026684971526265144, -0.0027020303532481194, 0.009360237047076225, -0.0018916917033493519, 0.0006029492942616343, 0.000529854092746973, 0.0007710926001891494, -0.0006255407934077084], [5.836932177771814e-05, -0.0012050130171701312, -0.0007680249400436878, -0.0007788617513142526, -1.3618810044135898e-05, -0.0006599375628866255, 0.0008244567434303463, -0.0018916917033493519, 0.007840950973331928, -0.003142520785331726, 0.0015437197871506214, 1.0963439308397938e-05, -0.0010629257885739207], [-0.0004896000609733164, 0.0014946419978514314, -0.0008780621574260294, 0.0014579594135284424, -0.0012230523861944675, 0.00018579587049316615, 0.0009928712388500571, 0.0006029492942616343, -0.003142520785331726, 0.011183961294591427, -0.0015091741224750876, 0.0009606998646631837, 0.0018757181242108345], [-6.716784264426678e-05, -0.0012056475970894098, 0.0006043178727850318, -0.0002854933263733983, 0.0008743744110688567, 0.0015174347208812833, -0.0024111364036798477, 0.000529854092746973, 0.0015437197871506214, -0.0015091741224750876, 0.010134458541870117, -0.00020664013572968543, -0.0013992374297231436], [-0.00030328877619467676, 0.0007713829982094467, -0.0005079914699308574, 0.000841291737742722, -0.00018236105097457767, -0.0011306003434583545, 0.0008853491744957864, 0.0007710926001891494, 1.0963439308397938e-05, 0.0009606998646631837, -0.00020664013572968543, 0.008801067247986794, -0.0008959519327618182], [0.00037456839345395565, -0.00021832140919286758, 0.0007610613247379661, -0.0017865606350824237, -0.0009624884696677327, 0.0008324045338667929, 0.0004270815697964281, -0.0006255407934077084, -0.0010629257885739207, 0.0018757181242108345, -0.0013992374297231436, -0.0008959519327618182, 0.01336987316608429]], "lowlevel.mfcc.cov": [[13467.8720703125, -2317.72314453125, 790.5858154296875, -4.098872661590576, 258.003662109375, 1100.708251953125, 357.0769348144531, 697.8473510742188, 524.526123046875, 644.7835693359375, 403.9107666015625, 356.5897521972656, 415.36474609375], [-2317.72314453125, 5152.6337890625, -1513.534912109375, 15.856855392456055, 226.83468627929688, -635.5286865234375, 371.3432922363281, -24.946231842041016, -317.25726318359375, 115.46853637695312, 108.17573547363281, -23.368310928344727, 126.94051361083984], [790.5858154296875, -1513.534912109375, 1778.3668212890625, 315.3807067871094, 122.25052642822266, 732.5963745117188, -103.492919921875, 192.1430206298828, 339.6394348144531, 87.99195098876953, 147.5232696533203, 58.95995330810547, -7.942161560058594], [-4.098872661590576, 15.856855392456055, 315.3807067871094, 819.6575317382812, 383.19964599609375, -84.13050079345703, -26.102352142333984, 21.911865234375, 166.46817016601562, 147.7510528564453, -25.40911102294922, 15.165437698364258, 62.00412368774414], [258.003662109375, 226.83468627929688, 122.25052642822266, 383.19964599609375, 543.49462890625, 84.4589614868164, -46.71070861816406, 20.846614837646484, 157.15065002441406, 138.02000427246094, 9.35551643371582, 3.0997719764709473, 63.63313293457031], [1100.708251953125, -635.5286865234375, 732.5963745117188, -84.13050079345703, 84.4589614868164, 800.2888793945312, 56.39347457885742, 207.3498992919922, 236.08982849121094, 30.022573471069336, 219.89227294921875, 25.253551483154297, -2.4924981594085693], [357.0769348144531, 371.3432922363281, -103.492919921875, -26.102352142333984, -46.71070861816406, 56.39347457885742, 389.16351318359375, 115.38414001464844, 2.154478073120117, 50.41475296020508, 62.310577392578125, 42.54399108886719, -1.681764006614685], [697.8473510742188, -24.946231842041016, 192.1430206298828, 21.911865234375, 20.846614837646484, 207.3498992919922, 115.38414001464844, 256.3154602050781, 117.66942596435547, 23.113460540771484, 85.2992172241211, 23.746652603149414, 35.449588775634766], [524.526123046875, -317.25726318359375, 339.6394348144531, 166.46817016601562, 157.15065002441406, 236.08982849121094, 2.154478073120117, 117.66942596435547, 272.4365234375, 112.66826629638672, 76.19878387451172, 1.1532492637634277, 17.17403221130371], [644.7835693359375, 115.46853637695312, 87.99195098876953, 147.7510528564453, 138.02000427246094, 30.022573471069336, 50.41475296020508, 23.113460540771484, 112.66826629638672, 218.67550659179688, 67.51311492919922, 22.496932983398438, 33.889827728271484], [403.9107666015625, 108.17573547363281, 147.5232696533203, -25.40911102294922, 9.35551643371582, 219.89227294921875, 62.310577392578125, 85.2992172241211, 76.19878387451172, 67.51311492919922, 193.58465576171875, 26.17582893371582, -1.8724405765533447], [356.5897521972656, -23.368310928344727, 58.95995330810547, 15.165437698364258, 3.0997719764709473, 25.253551483154297, 42.54399108886719, 23.746652603149414, 1.1532492637634277, 22.496932983398438, 26.17582893371582, 87.8006591796875, 33.13857650756836], [415.36474609375, 126.94051361083984, -7.942161560058594, 62.00412368774414, 63.63313293457031, -2.4924981594085693, -1.681764006614685, 35.449588775634766, 17.17403221130371, 33.889827728271484, -1.8724405765533447, 33.13857650756836, 101.29512786865234]], "lowlevel.mfcc.icov": [[0.00016082797083072364, 0.00012361809785943478, 0.0001360607275273651, 3.331680272822268e-05, -1.8461378203937784e-06, -0.00019894026627298445, -2.2879783045937074e-06, -0.00033643850474618375, 0.00022870473912917078, -0.0005739435437135398, 1.0079908861371223e-05, -0.00024738506181165576, -0.00047579064266756177], [0.00012361809785943478, 0.00046498069423250854, 0.00028182039386592805, 4.164429265074432e-05, -0.00033145639463327825, 0.00011810541764134541, -0.00029589669429697096, -0.000349984533386305, 0.0006051951204426587, -0.00044221116695553064, -0.0007245161104947329, 0.0002724305959418416, -0.0008214800618588924], [0.0001360607275273651, 0.00028182039386592805, 0.0016403204062953591, -0.0008571664220653474, 0.0005644712946377695, -0.0016052471473813057, 0.0006340399268083274, -0.0005971516366116703, 0.00012084017362212762, -0.0009916580747812986, 0.0005048737511970103, -0.0011303829960525036, 0.00025803467724472284], [3.331680272822268e-05, 4.164429265074432e-05, -0.0008571664220653474, 0.0027155540883541107, -0.0017131451750174165, 0.00163439626339823, -0.00052253482863307, -8.051736585912295e-06, -0.000887884758412838, 3.80494020646438e-05, -0.00038717163261026144, 0.00022928060207050294, -0.0007520501385442913], [-1.8461378203937784e-06, -0.00033145639463327825, 0.0005644712946377695, -0.0017131451750174165, 0.0040338351391255856, -0.0016562632517889142, 0.0009074776316992939, 0.0004179718380328268, -0.0009905872866511345, -0.0013590843882411718, 0.001652026316151023, -0.00035511658643372357, -0.0004207943275105208], [-0.00019894026627298445, 0.00011810541764134541, -0.0016052471473813057, 0.00163439626339823, -0.0016562632517889142, 0.004958182107657194, -0.0010624610586091876, 4.5583357859868556e-05, -0.0018620259361341596, 0.0027503480669111013, -0.003865898121148348, 0.0014196070842444897, -0.0004700327408500016], [-2.2879783045937074e-06, -0.00029589669429697096, 0.0006340399268083274, -0.00052253482863307, 0.0009074776316992939, -0.0010624610586091876, 0.004228453617542982, -0.0022246260195970535, 0.0008238359587267041, -0.00175274268258363, 0.0010171039029955864, -0.002279001520946622, 0.0022133837919682264], [-0.00033643850474618375, -0.000349984533386305, -0.0005971516366116703, -8.051736585912295e-06, 0.0004179718380328268, 4.5583357859868556e-05, -0.0022246260195970535, 0.008294852450489998, -0.003698981599882245, 0.0034289241302758455, -0.00155413500033319, 0.0009818094549700618, -0.0022949790582060814], [0.00022870473912917078, 0.0006051951204426587, 0.00012084017362212762, -0.000887884758412838, -0.0009905872866511345, -0.0018620259361341596, 0.0008238359587267041, -0.003698981599882245, 0.01003651786595583, -0.004702518228441477, -9.503899491392076e-06, 0.0015068763168528676, 0.000119897595141083], [-0.0005739435437135398, -0.00044221116695553064, -0.0009916580747812986, 3.80494020646438e-05, -0.0013590843882411718, 0.0027503480669111013, -0.00175274268258363, 0.0034289241302758455, -0.004702518228441477, 0.011060516349971294, -0.003909409046173096, 0.0007125505362637341, -0.0007096013287082314], [1.0079908861371223e-05, -0.0007245161104947329, 0.0005048737511970103, -0.00038717163261026144, 0.001652026316151023, -0.003865898121148348, 0.0010171039029955864, -0.00155413500033319, -9.503899491392076e-06, -0.003909409046173096, 0.01160825788974762, -0.0031653945334255695, 0.0031307439785450697], [-0.00024738506181165576, 0.0002724305959418416, -0.0011303829960525036, 0.00022928060207050294, -0.00035511658643372357, 0.0014196070842444897, -0.002279001520946622, 0.0009818094549700618, 0.0015068763168528676, 0.0007125505362637341, -0.0031653945334255695, 0.016494600102305412, -0.005627964157611132], [-0.00047579064266756177, -0.0008214800618588924, 0.00025803467724472284, -0.0007520501385442913, -0.0004207943275105208, -0.0004700327408500016, 0.0022133837919682264, -0.0022949790582060814, 0.000119897595141083, -0.0007096013287082314, 0.0031307439785450697, -0.005627964157611132, 0.016541987657546997]], "metadata.audio_properties.analysis.downmix": "mix", "metadata.audio_properties.codec": "mp3", "metadata.audio_properties.md5_encoded": "43ec9933714ab2b56f2adcc39119dd75", "metadata.tags.file_name": "1183713374039724053.mp3", "metadata.version.essentia": "2.1-beta6-dev", "metadata.version.essentia_git_sha": "v2.1_beta5-1110-g77a6a954", "metadata.version.extractor": "music 2.0", "tonal.chords_key": "B", "tonal.chords_scale": "minor", "tonal.key_edma.key": "G", "tonal.key_edma.scale": "minor", "tonal.key_krumhansl.key": "G", "tonal.key_krumhansl.scale": "minor", "tonal.key_temperley.key": "D", "tonal.key_temperley.scale": "major", "metadata.tags.encoding": ["Lavf58.45.100"]}, "essentia_models": [{"model_name": "genre_dortmund", "activations": {"alternative": "0.020122012", "blues": "0.00070166937", "electronic": "0.11345441", "folkcountry": "0.0016048182", "funksoulrnb": "0.009071871", "jazz": "0.0029502905", "pop": "0.0123577