{"song_id": "1183719452735451146", "download": "https://cdn.discordapp.com/attachments/1135903449314238464/1183719452735451146/chirp.mp4?ex=65895ba5&amp", "lyrics": "I'm driving my lowride while your baby is sleeping in the back and I'm smoking and not smoking and you're sleeping in your house forgetting about everything", "style": ["rap"], "essentia_features": {"lowlevel.average_loudness": 0.9730399250984192, "lowlevel.barkbands_crest.mean": 13.02794361114502, "lowlevel.barkbands_crest.stdev": 5.109173774719238, "lowlevel.barkbands_flatness_db.mean": 0.17180581390857697, "lowlevel.barkbands_flatness_db.stdev": 0.057761941105127335, "lowlevel.barkbands_kurtosis.mean": 10.005146026611328, "lowlevel.barkbands_kurtosis.stdev": 22.702495574951172, "lowlevel.barkbands_skewness.mean": 2.2008628845214844, "lowlevel.barkbands_skewness.stdev": 1.972762942314148, "lowlevel.barkbands_spread.mean": 23.21930503845215, "lowlevel.barkbands_spread.stdev": 19.733627319335938, "lowlevel.dissonance.mean": 0.4592227041721344, "lowlevel.dissonance.stdev": 0.03366890177130699, "lowlevel.dynamic_complexity": 2.11729097366333, "lowlevel.erbbands_crest.mean": 9.472147941589355, "lowlevel.erbbands_crest.stdev": 4.051921367645264, "lowlevel.erbbands_flatness_db.mean": 0.15777580440044403, "lowlevel.erbbands_flatness_db.stdev": 0.043737877160310745, "lowlevel.erbbands_kurtosis.mean": 0.857725203037262, "lowlevel.erbbands_kurtosis.stdev": 3.150925874710083, "lowlevel.erbbands_skewness.mean": -0.026155991479754448, "lowlevel.erbbands_skewness.stdev": 1.0403683185577393, "lowlevel.erbbands_spread.mean": 48.202205657958984, "lowlevel.erbbands_spread.stdev": 28.698881149291992, "lowlevel.hfc.mean": 21.75102424621582, "lowlevel.hfc.stdev": 15.2982177734375, "lowlevel.loudness_ebu128.integrated": -13.144890785217285, "lowlevel.loudness_ebu128.loudness_range": 1.034841537475586, "lowlevel.loudness_ebu128.momentary.mean": -13.319857597351074, "lowlevel.loudness_ebu128.momentary.stdev": 1.3067632913589478, "lowlevel.loudness_ebu128.short_term.mean": -13.212615966796875, "lowlevel.loudness_ebu128.short_term.stdev": 0.3391353487968445, "lowlevel.melbands_crest.mean": 17.39249610900879, "lowlevel.melbands_crest.stdev": 6.096489429473877, "lowlevel.melbands_flatness_db.mean": 0.24242103099822998, "lowlevel.melbands_flatness_db.stdev": 0.07921967655420303, "lowlevel.melbands_kurtosis.mean": 35.51170349121094, "lowlevel.melbands_kurtosis.stdev": 64.01927947998047, "lowlevel.melbands_skewness.mean": 4.064075469970703, "lowlevel.melbands_skewness.stdev": 3.154161214828491, "lowlevel.melbands_spread.mean": 20.962711334228516, "lowlevel.melbands_spread.stdev": 21.09619903564453, "lowlevel.pitch_salience.mean": 0.4810931384563446, "lowlevel.pitch_salience.stdev": 0.1577933430671692, "lowlevel.silence_rate_20dB.mean": 1.0, "lowlevel.silence_rate_20dB.stdev": 0.0, "lowlevel.silence_rate_30dB.mean": 0.9134615659713745, "lowlevel.silence_rate_30dB.stdev": 0.28115737438201904, "lowlevel.silence_rate_60dB.mean": 0.0416666679084301, "lowlevel.silence_rate_60dB.stdev": 0.19982631504535675, "lowlevel.spectral_centroid.mean": 1340.388671875, "lowlevel.spectral_centroid.stdev": 760.5715942382812, "lowlevel.spectral_complexity.mean": 14.759614944458008, "lowlevel.spectral_complexity.stdev": 9.727203369140625, "lowlevel.spectral_decrease.mean": -1.0851472609374468e-08, "lowlevel.spectral_decrease.stdev": 1.1524202037094256e-08, "lowlevel.spectral_energy.mean": 0.04292886331677437, "lowlevel.spectral_energy.stdev": 0.044040974229574203, "lowlevel.spectral_energyband_high.mean": 0.0009761829860508442, "lowlevel.spectral_energyband_high.stdev": 0.0015323905972763896, "lowlevel.spectral_energyband_low.mean": 0.025530435144901276, "lowlevel.spectral_energyband_low.stdev": 0.04103647544980049, "lowlevel.spectral_energyband_middle_high.mean": 0.004971012938767672, "lowlevel.spectral_energyband_middle_high.stdev": 0.005116292275488377, "lowlevel.spectral_energyband_middle_low.mean": 0.013038091361522675, "lowlevel.spectral_energyband_middle_low.stdev": 0.017105521634221077, "lowlevel.spectral_entropy.mean": 7.518472671508789, "lowlevel.spectral_entropy.stdev": 0.479389488697052, "lowlevel.spectral_flux.mean": 0.12317729741334915, "lowlevel.spectral_flux.stdev": 0.08445725589990616, "lowlevel.spectral_kurtosis.mean": 4.80336856842041, "lowlevel.spectral_kurtosis.stdev": 3.6423020362854004, "lowlevel.spectral_rms.mean": 0.0057743508368730545, "lowlevel.spectral_rms.stdev": 0.002922097686678171, "lowlevel.spectral_rolloff.mean": 1604.56884765625, "lowlevel.spectral_rolloff.stdev": 2261.1943359375, "lowlevel.spectral_skewness.mean": 1.5548362731933594, "lowlevel.spectral_skewness.stdev": 0.6848023533821106, "lowlevel.spectral_spread.mean": 4981357.5, "lowlevel.spectral_spread.stdev": 2234591.0, "lowlevel.spectral_strongpeak.mean": 0.8097133040428162, "lowlevel.spectral_strongpeak.stdev": 0.7890169620513916, "lowlevel.zerocrossingrate.mean": 0.06149213761091232, "lowlevel.zerocrossingrate.stdev": 0.04734165966510773, "metadata.audio_properties.analysis.equal_loudness": 0.0, "metadata.audio_properties.analysis.length": 7.210657596588135, "metadata.audio_properties.analysis.sample_rate": 44100.0, "metadata.audio_properties.analysis.start_time": 0.0, "metadata.audio_properties.bit_rate": 126225.0, "metadata.audio_properties.length": 7.210666656494141, "metadata.audio_properties.lossless": 0.0, "metadata.audio_properties.number_channels": 1.0, "metadata.audio_properties.replay_gain": -12.796344757080078, "metadata.audio_properties.sample_rate": 48000.0, "rhythm.beats_count": 9.0, "rhythm.beats_loudness.mean": 0.06060243397951126, "rhythm.beats_loudness.stdev": 0.03799813985824585, "rhythm.bpm": 78.16975402832031, "rhythm.bpm_histogram_first_peak_bpm": 78.0, "rhythm.bpm_histogram_first_peak_weight": 0.375, "rhythm.bpm_histogram_second_peak_bpm": 0.0, "rhythm.bpm_histogram_second_peak_spread": 0.0, "rhythm.bpm_histogram_second_peak_weight": 0.0, "rhythm.danceability": 0.9513888955116272, "rhythm.onset_rate": 5.530196666717529, "tonal.chords_changes_rate": 0.1082802563905716, "tonal.chords_number_rate": 0.05095541477203369, "tonal.chords_strength.mean": 0.4738258421421051, "tonal.chords_strength.stdev": 0.11735028773546219, "tonal.hpcp_crest.mean": 12.157291412353516, "tonal.hpcp_crest.stdev": 5.511781215667725, "tonal.hpcp_entropy.mean": 2.2286460399627686, "tonal.hpcp_entropy.stdev": 0.8057019114494324, "tonal.key_edma.strength": 0.6706975698471069, "tonal.key_krumhansl.strength": 0.6697216033935547, "tonal.key_temperley.strength": 0.6678997874259949, "tonal.tuning_diatonic_strength": 0.6037420034408569, "tonal.tuning_equal_tempered_deviation": 0.15086063742637634, "tonal.tuning_frequency": 437.4657897949219, "tonal.tuning_nontempered_energy_ratio": 0.8217530846595764, "lowlevel.barkbands.mean": [0.0002609383955132216, 0.016598038375377655, 0.007143731229007244, 0.0034774625673890114, 0.005347475875169039, 0.0005776715115644038, 0.002123078564181924, 0.00020690601377282292, 0.0012116845464333892, 0.0009842918952926993, 0.0004028703842777759, 0.0002826576237566769, 0.000548672629520297, 0.00048571356455795467, 0.000518064305651933, 0.0006436693365685642, 0.0005361621151678264, 0.00021961460879538208, 0.000280104111880064, 0.000190671969903633, 0.00018897336849477142, 0.00020662140741478652, 0.00017738345195539296, 0.00011488752352306619, 8.612351666670293e-05, 0.00011238064325880259, 3.018107236130163e-06], "lowlevel.barkbands.stdev": [0.0006320620886981487, 0.02998095564544201, 0.019018081948161125, 0.00870276615023613, 0.010312596336007118, 0.0010945919202640653, 0.003774171695113182, 0.00046137222670949996, 0.0029771127738058567, 0.0024718588683754206, 0.0010206641163676977, 0.0006303383852355182, 0.0013334403047338128, 0.001269361935555935, 0.0009714507614262402, 0.0010413303971290588, 0.0007427525706589222, 0.00034888647496700287, 0.0004090373986400664, 0.0003112236154265702, 0.00040814984822645783, 0.00037943830830045044, 0.0003269040898885578, 0.0002484529686626047, 0.00021729616855736822, 0.00027644727379083633, 8.925562724471092e-06], "lowlevel.erbbands.mean": [0.34365659952163696, 4.135409832000732, 9.298674583435059, 9.6191987991333, 19.62166404724121, 15.793608665466309, 3.360677480697632, 6.601161003112793, 30.752466201782227, 13.905293464660645, 10.39893913269043, 29.69559669494629, 19.332630157470703, 33.386043548583984, 14.32706069946289, 12.877487182617188, 24.637907028198242, 22.299833297729492, 25.47757911682129, 30.25383758544922, 37.11896896362305, 31.850557327270508, 12.691351890563965, 13.798476219177246, 13.536262512207031, 8.870444297790527, 8.099407196044922, 6.948237419128418, 7.184885025024414, 6.91314697265625, 4.72668981552124, 2.803929090499878, 1.7142059803009033, 0.9004722237586975, 0.6475260257720947, 0.4711790680885315, 0.21854782104492188, 0.028859125450253487, 0.0006177205941639841, 6.989519897615537e-05], "lowlevel.erbbands.stdev": [0.6756986379623413, 7.6552605628967285, 20.42989158630371, 25.224634170532227, 42.492156982421875, 23.859291076660156, 5.095121383666992, 11.317070007324219, 52.25225830078125, 31.38003158569336, 22.665206909179688, 79.8975830078125, 37.93703842163086, 82.8846664428711, 29.546146392822266, 27.06320571899414, 62.47340774536133, 46.11854934692383, 49.97414779663086, 50.93476867675781, 57.016727447509766, 45.80081558227539, 17.540861129760742, 22.877580642700195, 20.242982864379883, 14.189384460449219, 16.698246002197266, 14.503853797912598, 13.344109535217285, 11.877891540527344, 9.320381164550781, 5.853723049163818, 3.9603235721588135, 2.3984522819519043, 1.6495956182479858, 1.1823978424072266, 0.5379487872123718, 0.07174420356750488, 0.0014581208815798163, 6.70665831421502e-05], "lowlevel.gfcc.mean": [-8.85445785522461, 73.43840789794922, -100.39214324951172, 39.39673614501953, -46.540523529052734, 12.808038711547852, -45.387855529785156, 6.714466571807861, -21.7939453125, -1.6665328741073608, -22.607576370239258, 3.2329750061035156, -18.691360473632812], "lowlevel.melbands.mean": [0.003925340250134468, 0.005076444707810879, 0.0019980184733867645, 0.001417897641658783, 0.00017413093883078545, 0.00015770280151627958, 0.000460936629679054, 0.00011397893104003742, 0.00010934477904811502, 0.00018195594020653516, 9.863512241281569e-05, 0.0001456496975151822, 5.021868128096685e-05, 3.1158622732618824e-05, 4.746553167933598e-05, 5.2108785894233733e-05, 4.0519124013371766e-05, 4.14371388615109e-05, 4.201434785500169e-05, 3.8720452721463516e-05, 4.471158899832517e-05, 3.6338537029223517e-05, 1.5372264897450805e-05, 9.549804417474661e-06, 1.1247439033468254e-05, 1.058722864399897e-05, 8.192032510123681e-06, 5.278592198010301e-06, 4.928396720060846e-06, 4.895851361652603e-06, 3.7132901979930466e-06, 4.0114528019330464e-06, 4.077089215570595e-06, 3.7640315895259846e-06, 2.8932045097462833e-06, 1.9575870737753576e-06, 1.6468320609419607e-06, 1.278905187973578e-06, 8.681780059305311e-07, 7.124769467736769e-07], "lowlevel.melbands.stdev": [0.007237627636641264, 0.009349432773888111, 0.004333981778472662, 0.0025770242791622877, 0.00024034574744291604, 0.00026238663122057915, 0.0007989750010892749, 0.0002762499498203397, 0.0002645210479386151, 0.0005028749583289027, 0.00021258981723804027, 0.00036715978058055043, 0.00011209358490305021, 6.476968701463193e-05, 0.0001283189922105521, 0.00013632650370709598, 9.678711649030447e-05, 0.00010004569048760459, 8.33457161206752e-05, 6.776402005925775e-05, 7.364364864770323e-05, 5.332110231393017e-05, 2.3735659851809032e-05, 1.480869650549721e-05, 1.9674878785735928e-05, 1.6275767848128453e-05, 1.3271823263494298e-05, 8.76321064424701e-06, 9.919815056491643e-06, 1.2254827197466511e-05, 7.442044534400338e-06, 7.803249900462106e-06, 7.515082415920915e-06, 6.454641606978839e-06, 5.757594408350997e-06, 4.08292453357717e-06, 3.5063139876001514e-06, 2.9650880151166348e-06, 2.2811786948295776e-06, 2.0241386664565653e-06], "lowlevel.melbands128.mean": [0.00021213263971731067, 0.0020333928987383842, 0.005551607348024845, 0.007425976917147636, 0.005704012233763933, 0.003062539268285036, 0.0017761968774721026, 0.001832496840506792, 0.002061340259388089, 0.0018258234485983849, 0.0007248838664963841, 0.00016841129399836063, 6.278479850152507e-05, 9.670800500316545e-05, 0.00010415440192446113, 0.0001584270503371954, 0.00045924505684524775, 0.0006245881086215377, 0.0003485563211143017, 0.0001009653351502493, 2.490657971065957e-05, 2.6195208192802966e-05, 0.00010456709424033761, 0.00021244662639219314, 0.0002319574705325067, 0.00017839843349065632, 4.986077328794636e-05, 5.610366497421637e-05, 0.00016107072588056326, 0.00021303076937329024, 0.00012056106788804755, 6.333572673611343e-05, 4.383427949505858e-05, 4.258455373928882e-05, 3.541096884873696e-05, 2.5265468138968572e-05, 2.7587308068177663e-05, 4.706738400273025e-05, 6.0111407947260886e-05, 6.075133569538593e-05, 4.944512329529971e-05, 4.0309834730578586e-05, 3.5315566492499784e-05, 4.179347160970792e-05, 5.502712883753702e-05, 3.722119072335772e-05, 3.088680750806816e-05, 4.481232099351473e-05, 4.9458398279966787e-05, 3.224734609830193e-05, 4.335798803367652e-05, 3.2550611649639904e-05, 5.18570450367406e-05, 4.7224002628354356e-05, 3.410545104998164e-05, 4.411062036524527e-05, 2.9967679438414052e-05, 1.5876237739576027e-05, 1.208685807796428e-05, 8.412118404521607e-06, 9.16126009542495e-06, 9.696197594166733e-06, 1.2767920452461112e-05, 1.042610892909579e-05, 1.1636092494882178e-05, 9.884664905257523e-06, 1.1396251466067042e-05, 8.921055268729106e-06, 7.725617251708172e-06, 6.647515419899719e-06, 4.764610821439419e-06, 5.080487426312175e-06, 4.759196599479765e-06, 4.960083515470615e-06, 5.029927251598565e-06, 5.100690486870008e-06, 5.163027708476875e-06, 3.4288468668819405e-06, 3.578955784178106e-06, 3.7741067444585497e-06, 3.927327270503156e-06, 4.310411441110773e-06, 3.819889116130071e-06, 4.198539954813896e-06, 4.138341409998247e-06, 3.787877631111769e-06, 3.7785280255775433e-06, 3.4145878089475445e-06, 2.7770827273343457e-06, 2.6898567284661112e-06, 2.14718943425396e-06, 1.7415734419046203e-06, 1.5583466392854461e-06, 1.8528642158344155e-06, 1.5058316193972132e-06, 1.3907930451750872e-06, 1.242784264832153e-06, 1.139725100074429e-06, 8.225713372667087e-07, 7.816416314199159e-07, 7.400331014650874e-07, 7.462168696292792e-07, 6.092233206800302e-07, 6.373771270773432e-07, 6.85985185100435e-07, 8.196122962544905e-07, 9.063418815458135e-07, 6.172250550662284e-07, 7.837205657779123e-07, 9.98468408397457e-07, 9.079354867935763e-07, 7.122786769286904e-07, 7.618750714755151e-07, 6.393297553586308e-07, 4.46758434691219e-07, 3.477803431906068e-07, 1.1182448389490673e-07, 2.3566684603792964e-08, 1.4232246492440481e-09, 2.974263196842131e-11, 1.6138784753039204e-11, 7.352808466254412e-12, 5.47493517535913e-12, 5.3627918078502645e-12, 5.249498752357695e-12, 5.129418157584498e-12, 5.054847165841814e-12, 5.020408134354115e-12], "lowlevel.melbands128.stdev": [0.0005246258224360645, 0.004621446598321199, 0.011732290498912334, 0.014273302629590034, 0.011768721044063568, 0.008722000755369663, 0.005599879659712315, 0.00409814203158021, 0.005414263810962439, 0.0034134341403841972, 0.0010327586205676198, 0.00029842680669389665, 0.00014769146218895912, 0.00017198899877257645, 0.00025226775323972106, 0.00039380937232635915, 0.000795433297753334, 0.001315071596764028, 0.000954297895077616, 0.00029757898300886154, 7.217216625576839e-05, 6.02773143327795e-05, 0.0003065009950660169, 0.0006168127874843776, 0.000775428197812289, 0.0007025754312053323, 0.00017123650468420237, 0.0001870867272373289, 0.00048437819350510836, 0.0006923916516825557, 0.000429240200901404, 0.0002222121402155608, 0.0001282381417695433, 0.00013081140059512109, 0.00011886173888342455, 6.255016342038289e-05, 8.728294051252306e-05, 0.00020066046272404492, 0.00019815827545244247, 0.00023601279826834798, 0.00015783743583597243, 0.00010178892262047157, 0.0001170687100966461, 0.0001779649464879185, 0.00024325503909494728, 8.390607399633154e-05, 0.00011028607696061954, 0.0001187535235658288, 0.0001353804109385237, 6.891416705911979e-05, 0.00011361034557921812, 5.645753481076099e-05, 0.0001241662830580026, 9.632620640331879e-05, 5.411561141954735e-05, 8.503961726091802e-05, 6.618123006774113e-05, 2.9029033612459898e-05, 2.4720551664358936e-05, 1.4485518477158621e-05, 1.682614856690634e-05, 1.9847697330988012e-05, 2.7180740289622918e-05, 1.6581023373873904e-05, 2.836457315424923e-05, 1.5521263776463456e-05, 2.1153664420126006e-05, 1.6623105693724938e-05, 1.4695925528940279e-05, 1.2703309948847163e-05, 8.64753110363381e-06, 9.686114026408177e-06, 9.302661965193693e-06, 1.0639195352268871e-05, 1.3130742445355281e-05, 1.4194492905517109e-05, 1.7242791727767326e-05, 7.040434866212308e-06, 7.540892056567827e-06, 8.217524737119675e-06, 8.505650839651935e-06, 9.079712071979884e-06, 7.4936365308531094e-06, 8.768998668529093e-06, 7.998464752745349e-06, 6.66296227791463e-06, 7.180679858720396e-06, 6.370244136633119e-06, 5.564220373344142e-06, 6.5039462242566515e-06, 4.73803856948507e-06, 3.6884086966892937e-06, 3.7983054426149465e-06, 4.222250936436467e-06, 3.0458807032118784e-06, 3.3855185392894782e-06, 3.2254888537863735e-06, 3.1178506105788983e-06, 2.220692294940818e-06, 2.372129529248923e-06, 2.2968447410676163e-06, 2.4580704121035524e-06, 1.930675807670923e-06, 1.6948239363046014e-06, 2.0962236249033595e-06, 2.3051397874951363e-06, 2.4924372610257706e-06, 1.6960860875769868e-06, 2.3718794182059355e-06, 2.823459681167151e-06, 2.4797218429739587e-06, 1.6947533367783763e-06, 2.0369482172100106e-06, 1.736402623464528e-06, 1.16132241601008e-06, 9.882712674880167e-07, 2.867623720703705e-07, 1.4107637014149077e-07, 1.3115479369218974e-08, 2.8622190728633257e-10, 1.321440040724653e-10, 3.0529058447914537e-11, 9.501932227151677e-12, 9.316089566446806e-12, 9.16070344580966e-12, 9.038120078741496e-12, 8.950958897691041e-12, 8.897732377277645e-12], "lowlevel.mfcc.mean": [-659.5315551757812, 108.89939880371094, 6.100522994995117, 30.551347732543945, 17.390527725219727, 10.72465991973877, -8.207220077514648, 10.155085563659668, -5.846574306488037, 5.041308879852295, -8.490524291992188, -2.5847506523132324, 1.2917560338974], "lowlevel.spectral_contrast_coeffs.mean": [-0.6315692663192749, -0.7216478586196899, -0.7802615761756897, -0.7686840295791626, -0.780615508556366, -0.738196074962616], "lowlevel.spectral_contrast_coeffs.stdev": [0.08929943293333054, 0.09403689950704575, 0.08032354712486267, 0.07380782067775726, 0.05436035990715027, 0.06769414991140366], "lowlevel.spectral_contrast_valleys.mean": [-7.174545764923096, -7.294376373291016, -7.869553089141846, -7.741167068481445, -7.709451675415039, -10.558870315551758], "lowlevel.spectral_contrast_valleys.stdev": [1.213287115097046, 0.8517078161239624, 0.8757790327072144, 0.8063461184501648, 0.8942351937294006, 1.0015465021133423], "rhythm.beats_loudness_band_ratio.mean": [0.6524827480316162, 0.057119984179735184, 0.059456367045640945, 0.07032027840614319, 0.07649680227041245, 0.10067145526409149], "rhythm.beats_loudness_band_ratio.stdev": [0.34085625410079956, 0.060523394495248795, 0.11382037401199341, 0.10360385477542877, 0.12632247805595398, 0.2274707853794098], "tonal.hpcp.mean": [0.30681371688842773, 0.1770370602607727, 0.07171886414289474, 0.06999032944440842, 0.062283698469400406, 0.06776779145002365, 0.09716208279132843, 0.07252711802721024, 0.04474322497844696, 0.05684050917625427, 0.04048682749271393, 0.022420624271035194, 0.029568878933787346, 0.03928673639893532, 0.03568624332547188, 0.025761324912309647, 0.030186880379915237, 0.045490674674510956, 0.06525646895170212, 0.07567159831523895, 0.1260513812303543, 0.2749580442905426, 0.22576279938220978, 0.05785581097006798, 0.037451453506946564, 0.04470372945070267, 0.059978436678647995, 0.06458383053541183, 0.08003869652748108, 0.1302882581949234, 0.13889306783676147, 0.1000843420624733, 0.13575835525989532, 0.16335810720920563, 0.136240616440773, 0.23545590043067932], "tonal.hpcp.stdev": [0.40438929200172424, 0.2662217617034912, 0.18129600584506989, 0.1772218644618988, 0.17326432466506958, 0.16719341278076172, 0.21392013132572174, 0.15605439245700836, 0.14047087728977203, 0.15768134593963623, 0.1355714201927185, 0.049098335206508636, 0.0709829181432724, 0.10366493463516235, 0.1013399064540863, 0.06799127906560898, 0.08034775406122208, 0.13789327442646027, 0.1581173837184906, 0.19168029725551605, 0.2119245082139969, 0.39355188608169556, 0.3455476760864258, 0.1256360411643982, 0.10815002024173737, 0.13572318851947784, 0.17048469185829163, 0.17826931178569794, 0.20565156638622284, 0.2770525813102722, 0.2955743074417114, 0.22499927878379822, 0.253981351852417, 0.28090429306030273, 0.2202916443347931, 0.3102647066116333], "rhythm.beats_position": [0.7778684496879578, 1.5673469305038452, 2.345215320587158, 3.111473798751831, 3.877732276916504, 4.632380962371826, 5.39863920211792, 6.153287887573242, 6.919546127319336], "rhythm.bpm_histogram": [0.0, 0.0, 0.0, 0.0, 0.0, 0.0, 0.0, 0.0, 0.0, 0.0, 0.0, 0.0, 0.0, 0.0, 0.0, 0.0, 0.0, 0.0, 0.0, 0.0, 0.0, 0.0, 0.0, 0.0, 0.0, 0.0, 0.0, 0.0, 0.0, 0.0, 0.0, 0.0, 0.0, 0.0, 0.0, 0.0, 0.0, 0.0, 0.0, 0.0, 0.0, 0.0, 0.0, 0.0, 0.0, 0.0, 0.0, 0.0, 0.0, 0.0, 0.0, 0.0, 0.0, 0.0, 0.0, 0.0, 0.0, 0.0, 0.0, 0.0, 0.0, 0.0, 0.0, 0.0, 0.0, 0.0, 0.0, 0.0, 0.0, 0.0, 0.0, 0.0, 0.0, 0.0, 0.0, 0.0, 0.125, 0.125, 0.5, 0.0, 0.25, 0.0, 0.0, 0.0, 0.0, 0.0, 0.0, 0.0, 0.0, 0.0, 0.0, 0.0, 0.0, 0.0, 0.0, 0.0, 0.0, 0.0, 0.0, 0.0, 0.0, 0.0, 0.0, 0.0, 0.0, 0.0, 0.0, 0.0, 0.0, 0.0, 0.0, 0.0, 0.0, 0.0, 0.0, 0.0, 0.0, 0.0, 0.0, 0.0, 0.0, 0.0, 0.0, 0.0, 0.0, 0.0, 0.0, 0.0, 0.0, 0.0, 0.0, 0.0, 0.0, 0.0, 0.0, 0.0, 0.0, 0.0, 0.0, 0.0, 0.0, 0.0, 0.0, 0.0, 0.0, 0.0, 0.0, 0.0, 0.0, 0.0, 0.0, 0.0, 0.0, 0.0, 0.0, 0.0, 0.0, 0.0, 0.0, 0.0, 0.0, 0.0, 0.0, 0.0, 0.0, 0.0, 0.0, 0.0, 0.0, 0.0, 0.0, 0.0, 0.0, 0.0, 0.0, 0.0, 0.0, 0.0, 0.0, 0.0, 0.0, 0.0, 0.0, 0.0, 0.0, 0.0, 0.0, 0.0, 0.0, 0.0, 0.0, 0.0, 0.0, 0.0, 0.0, 0.0, 0.0, 0.0, 0.0, 0.0, 0.0, 0.0, 0.0, 0.0, 0.0, 0.0, 0.0, 0.0, 0.0, 0.0, 0.0, 0.0, 0.0, 0.0, 0.0, 0.0, 0.0, 0.0, 0.0, 0.0, 0.0, 0.0, 0.0, 0.0, 0.0, 0.0, 0.0, 0.0, 0.0, 0.0, 0.0, 0.0, 0.0, 0.0, 0.0, 0.0, 0.0, 0.0, 0.0, 0.0, 0.0, 0.0, 0.0, 0.0, 0.0, 0.0, 0.0, 0.0, 0.0, 0.0], "tonal.chords_histogram": [31.84713363647461, 0.0, 17.197452545166016, 21.019107818603516, 0.0, 0.0, 0.0, 0.0, 0.0, 0.0, 3.8216559886932373, 5.732483863830566, 0.0, 4.458598613739014, 0.0, 0.0, 0.0, 11.464967727661133, 4.458598613739014, 0.0, 0.0, 0.0, 0.0, 0.0], "tonal.thpcp": [1.0, 0.5770180821418762, 0.2337537705898285, 0.22811995446681976, 0.20300167798995972, 0.22087602317333221, 0.31668102741241455, 0.23638811707496643, 0.145831897854805, 0.18526065349578857, 0.1319589912891388, 0.07307568937540054, 0.0963740423321724, 0.12804752588272095, 0.1163124144077301, 0.08396405726671219, 0.09838829934597015, 0.14826805889606476, 0.21269084513187408, 0.24663694202899933, 0.41084012389183044, 0.8961725831031799, 0.7358301877975464, 0.1885698288679123, 0.12206577509641647, 0.14570316672325134, 0.1954881250858307, 0.21049851179122925, 0.26087066531181335, 0.4246493875980377, 0.4526951014995575, 0.3262055516242981, 0.44247812032699585, 0.5324341654777527, 0.4440499544143677, 0.7674229741096497], "lowlevel.gfcc.cov": [[5827.021484375, 426.00787353515625, -133.68789672851562, 425.62249755859375, 85.72957611083984, 126.18870544433594, 237.43692016601562, 114.80633544921875, 157.34315490722656, 1.6199947595596313, -95.47044372558594, -144.730712890625, -96.29271697998047], [426.00787353515625, 2006.61962890625, -138.41357421875, 129.59332275390625, 366.30450439453125, 102.93742370605469, 276.4541320800781, 20.869651794433594, 237.26097106933594, -179.94912719726562, 137.46424865722656, -195.35948181152344, -1.8813121318817139], [-133.68789672851562, -138.41357421875, 1334.285888671875, 479.0754089355469, 240.3758087158203, 384.67999267578125, 169.73899841308594, 79.99053955078125, -0.4686218500137329, 218.26966857910156, 97.07667541503906, 132.45045471191406, 44.66654968261719], [425.62249755859375, 129.59332275390625, 479.0754089355469, 1234.4234619140625, 203.21742248535156, 72.47272491455078, 134.81906127929688, -80.83399963378906, 261.975341796875, 105.76312255859375, 96.98674011230469, -19.562105178833008, 133.012451171875], [85.72957611083984, 366.30450439453125, 240.3758087158203, 203.21742248535156, 489.2785339355469, 200.05038452148438, 105.21588897705078, 137.3153839111328, 158.20091247558594, 72.32421875, 78.82686614990234, -3.197153329849243, 14.000670433044434], [126.18870544433594, 102.93742370605469, 384.67999267578125, 72.47272491455078, 200.05038452148438, 521.9169311523438, 380.0010070800781, 60.50199890136719, -41.395835876464844, 84.09962463378906, 29.223636627197266, 37.75077819824219, 63.413909912109375], [237.43692016601562, 276.4541320800781, 169.73899841308594, 134.81906127929688, 105.21588897705078, 380.0010070800781, 541.8648071289062, 56.069610595703125, -11.407855987548828, 20.478967666625977, 9.355400085449219, 10.74460506439209, 74.8943099975586], [114.80633544921875, 20.869651794433594, 79.99053955078125, -80.83399963378906, 137.3153839111328, 60.50199890136719, 56.069610595703125, 297.9600830078125, 144.0149688720703, 58.16072082519531, 15.710179328918457, 22.426471710205078, -28.477384567260742], [157.34315490722656, 237.26097106933594, -0.4686218500137329, 261.975341796875, 158.20091247558594, -41.395835876464844, -11.407855987548828, 144.0149688720703, 349.94140625, 76.85443878173828, 57.50543975830078, -25.661029815673828, 1.3357993364334106], [1.6199947595596313, -179.94912719726562, 218.26966857910156, 105.76312255859375, 72.32421875, 84.09962463378906, 20.478967666625977, 58.16072082519531, 76.85443878173828, 189.13856506347656, 57.655250549316406, 47.53801727294922, 25.034086227416992], [-95.47044372558594, 137.46424865722656, 97.07667541503906, 96.98674011230469, 78.82686614990234, 29.223636627197266, 9.355400085449219, 15.710179328918457, 57.50543975830078, 57.655250549316406, 128.18463134765625, 47.083221435546875, 9.870332717895508], [-144.730712890625, -195.35948181152344, 132.45045471191406, -19.562105178833008, -3.197153329849243, 37.75077819824219, 10.74460506439209, 22.426471710205078, -25.661029815673828, 47.53801727294922, 47.083221435546875, 131.9011688232422, 20.346492767333984], [-96.29271697998047, -1.8813121318817139, 44.66654968261719, 133.012451171875, 14.000670433044434, 63.413909912109375, 74.8943099975586, -28.477384567260742, 1.3357993364334106, 25.034086227416992, 9.870332717895508, 20.346492767333984, 102.32334899902344]], "lowlevel.gfcc.icov": [[0.00021257474145386368, -0.00011690723476931453, 0.00013950973516330123, -0.00023384754604194313, 9.236507321475074e-05, -0.000149869141750969, 2.496441447874531e-05, -0.00017237430438399315, 0.00015191873535513878, -0.00028485170332714915, 0.00042376897181384265, -0.00013993035827297717, 0.0005096319946460426], [-0.00011690723476931453, 0.0015446891775354743, -0.00046822833246551454, 0.0007978829671628773, -0.0008770109270699322, 0.0006112799746915698, -0.0011255663121119142, 0.0008274029241874814, -0.0013550336007028818, 0.002427951665595174, -0.002967625856399536, 0.002565337112173438, -0.0009192944853566587], [0.00013950973516330123, -0.00046822833246551454, 0.0018170756520703435, -0.0012345830909907818, 0.00016665937437210232, -0.0014391470467671752, 0.000881120387930423, -0.0009003764134831727, 0.0013989873696118593, -0.0017694664420560002, 0.0011407170677557588, -0.0017901601968333125, 0.0015685088001191616], [-0.00023384754604194313, 0.0007978829671628773, -0.0012345830909907818, 0.002482085954397917, -0.0008083516731858253, 0.001296022324822843, -0.001237118849530816, 0.0019791782833635807, -0.0024757846258580685, 0.0015305604320019484, -0.002034366363659501, 0.0020123235881328583, -0.0026753111742436886], [9.236507321475074e-05, -0.0008770109270699322, 0.00016665937437210232, -0.0008083516731858253, 0.004125305451452732, -0.0022346386685967445, 0.0014414876932278275, -0.0016611909959465265, -0.00012579902249854058, -0.0007435665465891361, 7.78633329900913e-05, -0.0004600862448569387, 0.0006194147281348705], [-0.000149869141750969, 0.0006112799746915698, -0.0014391470467671752, 0.001296022324822843, -0.0022346386685967445, 0.006927073933184147, -0.004367075860500336, 0.0008751132409088314, 0.00038841660716570914, -0.00047674885718151927, -0.0009975505527108908, 0.0014312246348708868, -0.0018103508045896888], [2.496441447874531e-05, -0.0011255663121119142, 0.000881120387930423, -0.001237118849530816, 0.0014414876932278275, -0.004367075860500336, 0.005522706545889378, -0.0017604607855901122, 0.0011127317557111382, -0.0005765373934991658, 0.0018515877891331911, -0.0017325801309198141, -0.0005042473785579205], [-0.00017237430438399315, 0.0008274029241874814, -0.0009003764134831727, 0.0019791782833635807, -0.0016611909959465265, 0.0008751132409088314, -0.0017604607855901122, 0.007035653572529554, -0.004223550204187632, 0.000739223207347095, -0.00013712233339902014, -0.00023178158153314143, 0.0005384298274293542], [0.00015191873535513878, -0.0013550336007028818, 0.0013989873696118593, -0.0024757846258580685, -0.00012579902249854058, 0.00038841660716570914, 0.0011127317557111382, -0.004223550204187632, 0.00810292549431324, -0.004137031268328428, 0.0011661454336717725, -0.0006698769866488874, 0.0014393713790923357], [-0.00028485170332714915, 0.002427951665595174, -0.0017694664420560002, 0.0015305604320019484, -0.0007435665465891361, -0.00047674885718151927, -0.0005765373934991658, 0.000739223207347095, -0.004137031268328428, 0.012560026720166206, -0.006720868870615959, 0.0029137053061276674, -0.0033656503073871136], [0.00042376897181384265, -0.002967625856399536, 0.0011407170677557588, -0.002034366363659501, 7.78633329900913e-05, -0.0009975505527108908, 0.0018515877891331911, -0.00013712233339902014, 0.0011661454336717725, -0.006720868870615959, 0.017732953652739525, -0.00943843089044094, 0.003500266931951046], [-0.00013993035827297717, 0.002565337112173438, -0.0017901601968333125, 0.0020123235881328583, -0.0004600862448569387, 0.0014312246348708868, -0.0017325801309198141, -0.00023178158153314143, -0.0006698769866488874, 0.0029137053061276674, -0.00943843089044094, 0.01596732810139656, -0.004508021287620068], [0.0005096319946460426, -0.0009192944853566587, 0.0015685088001191616, -0.0026753111742436886, 0.0006194147281348705, -0.0018103508045896888, -0.0005042473785579205, 0.0005384298274293542, 0.0014393713790923357, -0.0033656503073871136, 0.003500266931951046, -0.004508021287620068, 0.015948154032230377]], "lowlevel.mfcc.cov": [[5721.34130859375, 79.15222930908203, -300.9922790527344, 436.9546203613281, -176.76597595214844, 146.2376708984375, -64.69976043701172, 145.89727783203125, 123.53126525878906, 196.61502075195312, 138.28030395507812, -29.18924331665039, -106.59120178222656], [79.15222930908203, 1736.8231201171875, -293.99578857421875, -214.38128662109375, 118.3828353881836, -17.2165470123291, 131.2472686767578, 234.765625, -11.679363250732422, 165.2902374267578, 54.781211853027344, 77.29107666015625, 2.2398264408111572], [-300.9922790527344, -293.99578857421875, 1107.93896484375, 319.9267578125, 142.36715698242188, 353.6865234375, 264.910888671875, -8.674860954284668, 159.16754150390625, -120.56439971923828, 150.492919921875, 109.7904052734375, 73.35005187988281], [436.9546203613281, -214.38128662109375, 319.9267578125, 884.5618896484375, 248.07424926757812, 204.43267822265625, -117.07373809814453, 9.698211669921875, 80.56975555419922, 84.34553527832031, 48.87466049194336, 88.13368225097656, 59.80545425415039], [-176.76597595214844, 118.3828353881836, 142.36715698242188, 248.07424926757812, 534.8883666992188, 17.934749603271484, -70.57996368408203, 23.14449119567871, 14.950969696044922, 151.88380432128906, 44.752296447753906, 86.04645538330078, 115.87956237792969], [146.2376708984375, -17.2165470123291, 353.6865234375, 204.43267822265625, 17.934749603271484, 543.4441528320312, 308.0992736816406, 59.54373550415039, 165.5529022216797, -29.66368293762207, 102.86723327636719, 69.92646789550781, -20.309429168701172], [-64.69976043701172, 131.2472686767578, 264.910888671875, -117.07373809814453, -70.57996368408203, 308.0992736816406, 505.1465148925781, 114.44322967529297, 153.65054321289062, -86.01861572265625, 113.4652328491211, 18.391902923583984, -12.759716033935547], [145.89727783203125, 234.765625, -8.674860954284668, 9.698211669921875, 23.14449119567871, 59.54373550415039, 114.44322967529297, 258.16949462890625, 99.35360717773438, 88.99756622314453, 62.89552307128906, 49.4165153503418, 23.3113956451416], [123.53126525878906, -11.679363250732422, 159.16754150390625, 80.56975555419922, 14.950969696044922, 165.5529022216797, 153.65054321289062, 99.35360717773438, 247.51406860351562, 80.80965423583984, 93.57722473144531, 32.27621078491211, 10.642257690429688], [196.61502075195312, 165.2902374267578, -120.56439971923828, 84.34553527832031, 151.88380432128906, -29.66368293762207, -86.01861572265625, 88.99756622314453, 80.80965423583984, 283.6771240234375, 58.79340362548828, 46.49687957763672, 22.13184928894043], [138.28030395507812, 54.781211853027344, 150.492919921875, 48.87466049194336, 44.752296447753906, 102.86723327636719, 113.4652328491211, 62.89552307128906, 93.57722473144531, 58.79340362548828, 165.6801300048828, 65.92726135253906, 33.150787353515625], [-29.18924331665039, 77.29107666015625, 109.7904052734375, 88.13368225097656, 86.04645538330078, 69.92646789550781, 18.391902923583984, 49.4165153503418, 32.27621078491211, 46.49687957763672, 65.92726135253906, 124.20842742919922, 64.48551177978516], [-106.59120178222656, 2.2398264408111572, 73.35005187988281, 59.80545425415039, 115.87956237792969, -20.309429168701172, -12.759716033935547, 23.3113956451416, 10.642257690429688, 22.13184928894043, 33.150787353515625, 64.48551177978516, 131.8095245361328]], "lowlevel.mfcc.icov": [[0.00021195709996391088, -8.766802238824312e-06, 9.536403376841918e-05, -0.00015469850040972233, 0.00012873794184997678, -6.961069448152557e-05, 6.893440877320245e-05, -8.443879778496921e-05, 1.9566512492019683e-05, -6.477784336311743e-05, -0.00030227439128793776, 0.00019382796017453074, 7.687103061471134e-05], [-8.766802238824312e-06, 0.0008072956698015332, 0.00020361924543976784, 0.0001590250467415899, -0.0002592285454738885, 6.09443559369538e-05, -0.0003895113477483392, -0.0005426037823781371, 0.00043968413956463337, -0.00029095812351442873, 2.9905371775384992e-05, -0.0006018701242282987, 0.0003895609697792679], [9.536403376841918e-05, 0.00020361924543976784, 0.001780752558261156, -0.0004380607861094177, -0.00047048661508597434, -0.0002573299570940435, -0.00041671740473248065, 0.0003341955889482051, -0.0006498796283267438, 0.001200630678795278, -0.0009532739059068263, -0.0007494462188333273, 1.3269402188598178e-05], [-0.00015469850040972233, 0.0001590250467415899, -0.0004380607861094177, 0.0020583344157785177, -0.0006586936651729047, -0.00106929917819798, 0.0013555543264374137, -0.0003434423415455967, -0.00030575122218579054, 6.978448072914034e-05, 0.00015477616398129612, -0.00016066026000771672, -0.00015901666483841836], [0.00012873794184997678, -0.0002592285454738885, -0.00047048661508597434, -0.0006586936651729047, 0.0033842716366052628, -0.00013808143557980657, -0.000130505723063834, 0.0004363552725408226, 0.0008725757361389697, -0.0021207095123827457, 0.00031663544359616935, 0.0002692101988941431, -0.002342855790629983], [-6.961069448152557e-05, 6.09443559369538e-05, -0.0002573299570940435, -0.00106929917819798, -0.00013808143557980657, 0.004556638654321432, -0.0026874698232859373, 0.0007045352249406278, -0.0011235019192099571, 0.000204339055926539, 0.0005377838388085365, -0.0026452490128576756, 0.002225056756287813], [6.893440877320245e-05, -0.0003895113477483392, -0.00041671740473248065, 0.0013555543264374137, -0.000130505723063834, -0.0026874698232859373, 0.005964969750493765, -0.001768441521562636, -0.0015450293431058526, 0.0023754588328301907, -0.0023735652212053537, 0.00208183447830379, -0.00042560070869512856], [-8.443879778496921e-05, -0.0005426037823781371, 0.0003341955889482051, -0.0003434423415455967, 0.0004363552725408226, 0.0007045352249406278, -0.001768441521562636, 0.006356404162943363, -0.0014920125249773264, -0.001409892807714641, 0.000430750340456143, -0.0017165886238217354, -0.0005709659890271723], [1.9566512492019683e-05, 0.00043968413956463337, -0.0006498796283267438, -0.00030575122218579054, 0.0008725757361389697, -0.0011235019192099571, -0.0015450293431058526, -0.0014920125249773264, 0.008240101858973503, -0.003308001207187772, -0.001353737898170948, 0.001653312356211245, -0.0008954424411058426], [-6.477784336311743e-05, -0.00029095812351442873, 0.001200630678795278, 6.978448072914034e-05, -0.0021207095123827457, 0.000204339055926539, 0.0023754588328301907, -0.001409892807714641, -0.003308001207187772, 0.00805594027042389, -0.0025024046190083027, -0.0010963527020066977, 0.0017081322148442268], [-0.00030227439128793776, 2.9905371775384992e-05, -0.0009532739059068263, 0.00015477616398129612, 0.00031663544359616935, 0.0005377838388085365, -0.0023735652212053537, 0.000430750340456143, -0.001353737898170948, -0.0025024046190083027, 0.011609071865677834, -0.004266286268830299, -0.000589213625062257], [0.00019382796017453074, -0.0006018701242282987, -0.0007494462188333273, -0.00016066026000771672, 0.0002692101988941431, -0.0026452490128576756, 0.00208183447830379, -0.0017165886238217354, 0.001653312356211245, -0.0010963527020066977, -0.004266286268830299, 0.01651197299361229, -0.006436818279325962], [7.687103061471134e-05, 0.0003895609697792679, 1.3269402188598178e-05, -0.00015901666483841836, -0.002342855790629983, 0.002225056756287813, -0.00042560070869512856, -0.0005709659890271723, -0.0008954424411058426, 0.0017081322148442268, -0.000589213625062257, -0.006436818279325962, 0.01325212325900793]], "metadata.audio_properties.analysis.downmix": "mix", "metadata.audio_properties.codec": "mp3", "metadata.audio_properties.md5_encoded": "502ae6eeb6d1d60f5c1b51cf1071c22d", "metadata.tags.file_name": "1183719452735451146.mp3", "metadata.version.essentia": "2.1-beta6-dev", "metadata.version.essentia_git_sha": "v2.1_beta5-1110-g77a6a954", "metadata.version.extractor": "music 2.0", "tonal.chords_key": "A", "tonal.chords_scale": "major", "tonal.key_edma.key": "A", "tonal.key_edma.scale": "major", "tonal.key_krumhansl.key": "A", "tonal.key_krumhansl.scale": "major", "tonal.key_temperley.key": "A", "tonal.key_temperley.scale": "major", "metadata.tags.encoding": ["Lavf58.45.100"]}, "essentia_models": [{"model_name": "genre_dortmund", "activations": {"alternative": "8.295057e-05", "blues": "1.4608182e-05", "electronic": "9.4945404e-05", "folkcountry": "1.4540029e-05", "funksoulrnb": "0.0002667147", "jazz": "2.7849335e-05", "pop": "0.00021627705", "raphiphop": "0.9997849", "rock": "0.000408502"}}, {"model_name": "genre_rosamerica", "activations": {"classic": "7.422316e-05", "dance": "5.454172e-07", "hip hop": "0.998868", "jazz": "5.1546745e-06", "pop": "0.0005295378", "rhythm and blues": "0.0035371347", "rock": "0.0002518395", "speech": "0.00038506673"}}, {"model_name": "genre_tzanetakis", "activations": {"blues": "0.00016007149", "classic": "3.5044854e-06", "country": "2.2675747e-05", "disco": "9.372157e-05", "hip hop": "0.9697121", "jazz": "5.552564e-07", "metal": "4.4761773e-06", "pop": "6.376981e-05", "reggae": "0.013947335", "rock": "0.00012904104"}}, {"model_name": "genre_electronic", "activations": {"ambient": "0.055250987", "dnb": "0.5266549", "house": "0.4595288", "techno": "0.45168132", "trance": "0.015962873"}}, {"model_name": "mood_acoustic", "activations": {"acoustic": "8.302299e-07", "not acoustic": "0.99061865"}}, {"model_name": "mood_electronic", "activations": {"electronic": "0.16957337", "not electronic": "0.40081167"}}, {"model_name": "mood_aggressive", "activations": {"ag