{"song_id": "1183683302167687179", "download": "https://cdn.discordapp.com/attachments/1135903449314238464/1183683302167687179/chirp.mp4?ex=658939fb&amp", "lyrics": "istedi\u011fin neyse s\u00f6yle bana\noynayal\u0131m i\u015fte hafta sonunda\nhafta sonunda R\u0131fk\u0131 oyunda\nnefes al\u0131yorsak her \u015fey yolunda\n\nher hafta videolar kendi g\u00fcn\u00fcnde\ncumartesi bekleriz saat onbirde\n\narad\u0131\u011f\u0131n oyunsa ders aras\u0131nda \nseni bekliyoruz R\u0131fk\u0131 oyunda\narad\u0131\u011f\u0131n oyunsa hafta sonunda \nseni bekliyoruz R\u0131fk\u0131 oyunda\nR\u0131fk\u0131 oyunda \nhafta sonunda \nR\u0131fk\u0131 oyunda \nher \u015fey yolunda", "style": ["rap hip hop kids"], "essentia_features": {"lowlevel.average_loudness": 0.9842306971549988, "lowlevel.barkbands_crest.mean": 15.610340118408203, "lowlevel.barkbands_crest.stdev": 5.330820083618164, "lowlevel.barkbands_flatness_db.mean": 0.22943155467510223, "lowlevel.barkbands_flatness_db.stdev": 0.08340819180011749, "lowlevel.barkbands_kurtosis.mean": 26.01437759399414, "lowlevel.barkbands_kurtosis.stdev": 47.47664260864258, "lowlevel.barkbands_skewness.mean": 3.6970505714416504, "lowlevel.barkbands_skewness.stdev": 2.4478461742401123, "lowlevel.barkbands_spread.mean": 14.821696281433105, "lowlevel.barkbands_spread.stdev": 17.899980545043945, "lowlevel.dissonance.mean": 0.4558231830596924, "lowlevel.dissonance.stdev": 0.03600262105464935, "lowlevel.dynamic_complexity": 3.507833480834961, "lowlevel.erbbands_crest.mean": 9.76263427734375, "lowlevel.erbbands_crest.stdev": 4.908822536468506, "lowlevel.erbbands_flatness_db.mean": 0.14230234920978546, "lowlevel.erbbands_flatness_db.stdev": 0.04970679432153702, "lowlevel.erbbands_kurtosis.mean": 1.9228523969650269, "lowlevel.erbbands_kurtosis.stdev": 3.798891544342041, "lowlevel.erbbands_skewness.mean": 0.6579694747924805, "lowlevel.erbbands_skewness.stdev": 1.0155243873596191, "lowlevel.erbbands_spread.mean": 40.61399459838867, "lowlevel.erbbands_spread.stdev": 25.058486938476562, "lowlevel.hfc.mean": 16.573833465576172, "lowlevel.hfc.stdev": 30.223590850830078, "lowlevel.loudness_ebu128.integrated": -15.394684791564941, "lowlevel.loudness_ebu128.loudness_range": 0.7450447082519531, "lowlevel.loudness_ebu128.momentary.mean": -15.660131454467773, "lowlevel.loudness_ebu128.momentary.stdev": 1.5883232355117798, "lowlevel.loudness_ebu128.short_term.mean": -15.382426261901855, "lowlevel.loudness_ebu128.short_term.stdev": 0.25332361459732056, "lowlevel.melbands_crest.mean": 27.320932388305664, "lowlevel.melbands_crest.stdev": 6.896272659301758, "lowlevel.melbands_flatness_db.mean": 0.32686975598335266, "lowlevel.melbands_flatness_db.stdev": 0.0995033010840416, "lowlevel.melbands_kurtosis.mean": 60.051055908203125, "lowlevel.melbands_kurtosis.stdev": 91.67634582519531, "lowlevel.melbands_skewness.mean": 5.302483558654785, "lowlevel.melbands_skewness.stdev": 3.6970932483673096, "lowlevel.melbands_spread.mean": 10.507206916809082, "lowlevel.melbands_spread.stdev": 16.595365524291992, "lowlevel.pitch_salience.mean": 0.3526553213596344, "lowlevel.pitch_salience.stdev": 0.15298263728618622, "lowlevel.silence_rate_20dB.mean": 0.9988412261009216, "lowlevel.silence_rate_20dB.stdev": 0.03402061015367508, "lowlevel.silence_rate_30dB.mean": 0.8348783254623413, "lowlevel.silence_rate_30dB.stdev": 0.37129196524620056, "lowlevel.silence_rate_60dB.mean": 0.009269988164305687, "lowlevel.silence_rate_60dB.stdev": 0.09583302587270737, "lowlevel.spectral_centroid.mean": 986.8226928710938, "lowlevel.spectral_centroid.stdev": 764.3959350585938, "lowlevel.spectral_complexity.mean": 11.044032096862793, "lowlevel.spectral_complexity.stdev": 9.590777397155762, "lowlevel.spectral_decrease.mean": -1.4575151752183046e-08, "lowlevel.spectral_decrease.stdev": 1.8172059412790986e-08, "lowlevel.spectral_energy.mean": 0.056513261049985886, "lowlevel.spectral_energy.stdev": 0.06938417255878448, "lowlevel.spectral_energyband_high.mean": 0.0009126148652285337, "lowlevel.spectral_energyband_high.stdev": 0.0029967399314045906, "lowlevel.spectral_energyband_low.mean": 0.045819565653800964, "lowlevel.spectral_energyband_low.stdev": 0.0637897253036499, "lowlevel.spectral_energyband_middle_high.mean": 0.001976981293410063, "lowlevel.spectral_energyband_middle_high.stdev": 0.0033271799329668283, "lowlevel.spectral_energyband_middle_low.mean": 0.008641806431114674, "lowlevel.spectral_energyband_middle_low.stdev": 0.016677532345056534, "lowlevel.spectral_entropy.mean": 7.4655280113220215, "lowlevel.spectral_entropy.stdev": 0.6363714337348938, "lowlevel.spectral_flux.mean": 0.10458865761756897, "lowlevel.spectral_flux.stdev": 0.10863778740167618, "lowlevel.spectral_kurtosis.mean": 6.849613189697266, "lowlevel.spectral_kurtosis.stdev": 7.757176399230957, "lowlevel.spectral_rms.mean": 0.006516508758068085, "lowlevel.spectral_rms.stdev": 0.0035595085937529802, "lowlevel.spectral_rolloff.mean": 635.0699462890625, "lowlevel.spectral_rolloff.stdev": 1535.0782470703125, "lowlevel.spectral_skewness.mean": 2.030017375946045, "lowlevel.spectral_skewness.stdev": 0.7690483331680298, "lowlevel.spectral_spread.mean": 5506953.5, "lowlevel.spectral_spread.stdev": 2960907.5, "lowlevel.spectral_strongpeak.mean": 0.36757850646972656, "lowlevel.spectral_strongpeak.stdev": 0.36711785197257996, "lowlevel.zerocrossingrate.mean": 0.03369027376174927, "lowlevel.zerocrossingrate.stdev": 0.03575076907873154, "metadata.audio_properties.analysis.equal_loudness": 0.0, "metadata.audio_properties.analysis.length": 40.04265213012695, "metadata.audio_properties.analysis.sample_rate": 44100.0, "metadata.audio_properties.analysis.start_time": 0.0, "metadata.audio_properties.bit_rate": 124168.0, "metadata.audio_properties.length": 40.042667388916016, "metadata.audio_properties.lossless": 0.0, "metadata.audio_properties.number_channels": 1.0, "metadata.audio_properties.replay_gain": -11.216533660888672, "metadata.audio_properties.sample_rate": 48000.0, "rhythm.beats_count": 93.0, "rhythm.beats_loudness.mean": 0.11990702897310257, "rhythm.beats_loudness.stdev": 0.08899274468421936, "rhythm.bpm": 139.9500732421875, "rhythm.bpm_histogram_first_peak_bpm": 140.0, "rhythm.bpm_histogram_first_peak_weight": 0.28260868787765503, "rhythm.bpm_histogram_second_peak_bpm": 0.0, "rhythm.bpm_histogram_second_peak_spread": 0.0, "rhythm.bpm_histogram_second_peak_weight": 0.0, "rhythm.danceability": 2.5453197956085205, "rhythm.onset_rate": 5.417629241943359, "tonal.chords_changes_rate": 0.0972222238779068, "tonal.chords_number_rate": 0.011574073694646358, "tonal.chords_strength.mean": 0.5477229952812195, "tonal.chords_strength.stdev": 0.10711166262626648, "tonal.hpcp_crest.mean": 12.584948539733887, "tonal.hpcp_crest.stdev": 4.964466094970703, "tonal.hpcp_entropy.mean": 2.1310079097747803, "tonal.hpcp_entropy.stdev": 0.7531901001930237, "tonal.key_edma.strength": 0.6823099255561829, "tonal.key_krumhansl.strength": 0.6620932817459106, "tonal.key_temperley.strength": 0.6319030523300171, "tonal.tuning_diatonic_strength": 0.683345377445221, "tonal.tuning_equal_tempered_deviation": 0.20327629148960114, "tonal.tuning_frequency": 434.193115234375, "tonal.tuning_nontempered_energy_ratio": 0.8862903714179993, "lowlevel.barkbands.mean": [0.00470925634726882, 0.03611285984516144, 0.004183497745543718, 0.0019515958847478032, 0.0025771334767341614, 0.0009635278838686645, 0.0017115087248384953, 0.0009897819254547358, 0.0003971435653511435, 0.00018708952120505273, 0.00033666103263385594, 0.00036444180295802653, 0.00020169847994111478, 0.00016921991482377052, 0.0001376645523123443, 0.0001354782871203497, 0.00013244336878415197, 0.00011814993195002899, 0.00015714697656221688, 0.00013808085350319743, 0.00012787060404662043, 0.00013623990525957197, 0.00015015463577583432, 0.00010280268907081336, 0.00012769830937031657, 0.0001922863448271528, 1.8710633185037295e-06], "lowlevel.barkbands.stdev": [0.003621165407821536, 0.05589648708701134, 0.014986738562583923, 0.008188647218048573, 0.00618699099868536, 0.0021565945353358984, 0.003583152312785387, 0.0022034747526049614, 0.0011351853609085083, 0.0003264698607381433, 0.0005204075132496655, 0.0006995127769187093, 0.0003260121447965503, 0.000294719182420522, 0.00028963389922864735, 0.00034556110040284693, 0.00036829456803388894, 0.000468880170956254, 0.0007577547221444547, 0.0006687002023681998, 0.0005943832802586257, 0.0006560863694176078, 0.0005774787859991193, 0.00039313436718657613, 0.00032070622546598315, 0.00041331734973937273, 6.430327630368993e-06], "lowlevel.erbbands.mean": [1.6787419319152832, 5.551002502441406, 5.259622573852539, 6.3323750495910645, 6.956915378570557, 10.1402006149292, 5.073858261108398, 9.764249801635742, 19.462432861328125, 32.90160369873047, 14.263151168823242, 9.177770614624023, 4.946061611175537, 8.799415588378906, 16.43621253967285, 14.437518119812012, 10.045994758605957, 8.803964614868164, 7.367581367492676, 7.258455276489258, 7.698535919189453, 7.411647796630859, 6.812561511993408, 6.794672012329102, 8.155476570129395, 6.342206954956055, 5.944128513336182, 4.516640663146973, 4.827857971191406, 5.117376804351807, 3.9606215953826904, 2.1502785682678223, 1.7917697429656982, 1.3026267290115356, 0.9849210381507874, 0.7107840180397034, 0.42162513732910156, 0.03946603834629059, 0.0007646249141544104, 9.314413910033181e-05], "lowlevel.erbbands.stdev": [2.1791718006134033, 11.188767433166504, 17.389362335205078, 23.67510986328125, 24.500730514526367, 21.503873825073242, 11.562987327575684, 21.579816818237305, 44.07339859008789, 65.30704498291016, 29.649839401245117, 25.717391967773438, 11.333368301391602, 14.081303596496582, 24.711015701293945, 27.532758712768555, 15.710062980651855, 14.20727252960205, 14.671587944030762, 15.829557418823242, 20.690162658691406, 20.224557876586914, 25.576187133789062, 30.58269691467285, 39.33291244506836, 30.831562042236328, 28.61484718322754, 21.27969741821289, 23.503084182739258, 22.026681900024414, 15.318459510803223, 9.01585865020752, 6.298239231109619, 3.829256057739258, 2.286576747894287, 1.634871006011963, 0.9142383337020874, 0.08288336545228958, 0.0015551740070804954, 0.00010574545740382746], "lowlevel.gfcc.mean": [-40.59074020385742, 96.2501449584961, -78.8952407836914, 27.046937942504883, -31.311275482177734, 32.74083709716797, -26.708938598632812, 18.305477142333984, -14.502832412719727, 14.395800590515137, -4.129084587097168, 12.207924842834473, -11.04019832611084], "lowlevel.melbands.mean": [0.012273634783923626, 0.004027413669973612, 0.0010962857631966472, 0.0006290025194175541, 0.00023589504417032003, 0.00020969018805772066, 0.0003209665301255882, 0.00034265712019987404, 0.00010280057176714763, 5.1926377636846155e-05, 2.27692216867581e-05, 3.2932512112893164e-05, 4.983372491551563e-05, 4.746124250232242e-05, 2.820233021338936e-05, 1.7692413166514598e-05, 1.6607718862360343e-05, 1.1876781172759365e-05, 1.0204124919255264e-05, 9.504740773991216e-06, 8.854571206029505e-06, 7.620054930157494e-06, 6.964438398426864e-06, 5.458407031255774e-06, 5.370171948015923e-06, 6.319729891401948e-06, 5.171006705495529e-06, 4.034382072859444e-06, 3.932437266485067e-06, 2.9090492716932204e-06, 2.5158599328278797e-06, 2.6559830530459294e-06, 2.7236151254328433e-06, 2.9960729079903103e-06, 2.4608248168078717e-06, 1.6144201708812034e-06, 1.2174157291156007e-06, 1.2834786957682809e-06, 1.2132195479352959e-06, 1.041173732119205e-06], "lowlevel.melbands.stdev": [0.017075110226869583, 0.009710351005196571, 0.004089015536010265, 0.0015810555778443813, 0.0005089152837172151, 0.0004617716185748577, 0.0007093136664479971, 0.0006854970706626773, 0.00022998517670203, 0.00014660639862995595, 5.40471519343555e-05, 5.549115303438157e-05, 7.510817522415891e-05, 9.183803194900975e-05, 4.3753039790317416e-05, 2.930221671704203e-05, 2.794705142150633e-05, 2.450487772875931e-05, 2.192758984165266e-05, 2.2899605028214864e-05, 2.510711783543229e-05, 2.096778916893527e-05, 2.1989731976646e-05, 2.3219863578560762e-05, 2.4742146706557833e-05, 3.1546176614938304e-05, 2.436937029415276e-05, 2.0696323190350085e-05, 1.9804439943982288e-05, 1.3104992831358686e-05, 1.2421217434166465e-05, 1.3536472579289693e-05, 1.2550000064948108e-05, 1.2675187463173643e-05, 9.425317330169491e-06, 6.737049716321053e-06, 5.137215794093208e-06, 4.5977149056852795e-06, 4.172439730609767e-06, 2.9925697617727565e-06], "lowlevel.melbands128.mean": [0.004383985418826342, 0.015602441504597664, 0.01507356483489275, 0.007159699220210314, 0.0029353012796491385, 0.0019951388239860535, 0.0013281918363645673, 0.0008813828462734818, 0.0006141412304714322, 0.0007070081192068756, 0.0006045633344911039, 0.0003158212930429727, 0.00011617460404522717, 0.00014975997328292578, 0.00021576578728854656, 0.0002574237296357751, 0.00021716656920034438, 0.0003728614829014987, 0.00038296871935017407, 0.00043111349805258214, 0.00030469062039628625, 0.00011076572991441935, 7.297124830074608e-05, 9.92018249235116e-05, 6.53668466839008e-05, 2.986121762660332e-05, 2.757257425400894e-05, 2.2823352992418222e-05, 1.4978837498347275e-05, 3.232355447835289e-05, 3.917610229109414e-05, 3.4811826481018215e-05, 4.832071135751903e-05, 6.744935672031716e-05, 4.761945456266403e-05, 4.79752998217009e-05, 3.432106677792035e-05, 2.529134690121282e-05, 2.6944106139126234e-05, 2.2367177734849975e-05, 1.4334025763673708e-05, 1.2690490621025674e-05, 1.7084237697417848e-05, 2.032510019489564e-05, 1.1814463505288586e-05, 9.932885404850822e-06, 1.1870552953041624e-05, 1.0610945537337102e-05, 9.025329745782074e-06, 1.016001078824047e-05, 9.03813725017244e-06, 9.833041985984892e-06, 9.037050404003821e-06, 8.678102858539205e-06, 7.769001967972144e-06, 7.377032943622908e-06, 7.519231985497754e-06, 7.704134986852296e-06, 6.527508048748132e-06, 6.117464181443211e-06, 5.657709152728785e-06, 4.5840770326321945e-06, 4.911910764349159e-06, 5.471416898217285e-06, 6.361789019138087e-06, 6.768711955373874e-06, 5.856149527971866e-06, 6.138535809441237e-06, 5.111928203405114e-06, 3.7026552490715403e-06, 3.811589067481691e-06, 4.4979465201322455e-06, 3.869082775054267e-06, 4.13037105317926e-06, 3.6032040497957496e-06, 2.9561829251179006e-06, 2.612011485325638e-06, 2.4754203877819236e-06, 2.6200948468613205e-06, 2.3414775114360964e-06, 2.5195317903126124e-06, 2.8197198389534606e-06, 2.938578290923033e-06, 2.5963438474718714e-06, 2.7353164568921784e-06, 2.693996975722257e-06, 3.3520020679134177e-06, 3.078600002481835e-06, 2.2732456272933632e-06, 2.2549997993337456e-06, 1.7549074300404754e-06, 1.5646927522539045e-06, 1.0973301414196612e-06, 1.1348644193276414e-06, 1.279049342883809e-06, 1.482811626374314e-06, 1.204240788865718e-06, 1.092806996894069e-06, 1.3350402241485426e-06, 1.2310661077208351e-06, 1.0574267435004003e-06, 1.062816295416269e-06, 8.905281561055745e-07, 1.0719180636442616e-06, 1.0694232059904607e-06, 1.259806822417886e-06, 1.1612062280619284e-06, 1.0616711278998991e-06, 1.216399141412694e-06, 1.1862252904393245e-06, 1.539673462502833e-06, 1.8417978253637557e-06, 1.6093273416117881e-06, 1.0047042451333255e-06, 7.572223239549203e-07, 3.731183255695214e-07, 8.412774121779876e-08, 4.323690572238803e-10, 3.8279403952179436e-11, 4.968215422396227e-11, 4.502155245833528e-11, 1.3589519266832273e-11, 7.787733999342628e-12, 7.624401110462031e-12, 7.433532955847255e-12, 7.1958836458940745e-12, 7.0531683792063316e-12, 7.000566359244287e-12], "lowlevel.melbands128.stdev": [0.003289570566266775, 0.018501993268728256, 0.026422422379255295, 0.016808003187179565, 0.010221901349723339, 0.006946053821593523, 0.0050318422727286816, 0.0037913736887276173, 0.0024159755557775497, 0.0016772830858826637, 0.0012753874761983752, 0.0007798851002007723, 0.00033312037703581154, 0.0004302739107515663, 0.0005317552131600678, 0.0007121248636394739, 0.000526445044670254, 0.0011571355862542987, 0.0009675445035099983, 0.0010581768583506346, 0.0007563820108771324, 0.0003495915443636477, 0.00021879728592466563, 0.0003545584622770548, 0.00022517253819387406, 0.00011074486246798187, 9.494909318163991e-05, 6.40365615254268e-05, 2.8271346309338696e-05, 6.571999983862042e-05, 8.485522266710177e-05, 6.819458212703466e-05, 9.171134297503158e-05, 0.00012407070607878268, 9.740813402459025e-05, 0.00014567941252607852, 7.500940409954637e-05, 4.723882011603564e-05, 5.5810261983424425e-05, 4.3996340536978096e-05, 3.003409983648453e-05, 2.6062563847517595e-05, 3.3052823710022494e-05, 3.8793717976659536e-05, 3.057404683204368e-05, 2.668782508408185e-05, 2.7233105356572196e-05, 2.734877671173308e-05, 2.1220410417299718e-05, 2.635859709698707e-05, 2.667061926331371e-05, 2.9587148674181662e-05, 2.623930777190253e-05, 2.8900814868393354e-05, 2.4578561351518147e-05, 2.182442585763056e-05, 2.296798993484117e-05, 2.273656355100684e-05, 2.6938754672301002e-05, 2.852859142876696e-05, 2.665910142241046e-05, 2.0172530639683828e-05, 2.1794727217638865e-05, 2.9353015634114854e-05, 3.543846105458215e-05, 3.687245771288872e-05, 3.1503604986937717e-05, 3.253905742894858e-05, 2.398651668045204e-05, 1.9099632481811568e-05, 2.1865313101443462e-05, 2.5884222850436345e-05, 2.182776552217547e-05, 2.2845830244477838e-05, 1.7653166651143692e-05, 1.3991217201692052e-05, 1.2193443581054453e-05, 1.2699489161605015e-05, 1.3568814210884739e-05, 1.3459476576827e-05, 1.3897992175770923e-05, 1.4635482330049854e-05, 1.535458977741655e-05, 1.1860145605169237e-05, 1.3641227269545197e-05, 1.2048272765241563e-05, 1.5516410712734796e-05, 1.165101184597006e-05, 9.387614227307495e-06, 9.919758667820133e-06, 6.820663202233845e-06, 7.722305781499017e-06, 5.581860477832379e-06, 5.597865310846828e-06, 5.226428584137466e-06, 5.4616780289507005e-06, 4.692695711128181e-06, 4.094014911970589e-06, 5.0711837502603885e-06, 4.270959834684618e-06, 3.4944055187224876e-06, 3.0950632208259776e-06, 2.763608108580229e-06, 2.710217131607351e-06, 2.9253317279653857e-06, 2.9897123567934614e-06, 3.030741709153517e-06, 3.0027222237549722e-06, 3.1568019949190784e-06, 2.92045797323226e-06, 3.704459231812507e-06, 4.316721515351674e-06, 3.961775291827507e-06, 2.1928626665612683e-06, 1.6598479533058708e-06, 9.173171520160395e-07, 2.6396060093247797e-07, 3.242733637165429e-09, 7.360392295652218e-10, 1.5487744420283889e-09, 1.4999685937766571e-09, 2.306451557521072e-10, 1.4666988110145773e-11, 1.4431093472988543e-11, 1.4023162839271741e-11, 1.3578875870945417e-11, 1.3391859669809048e-11, 1.3313966248928999e-11], "lowlevel.mfcc.mean": [-700.2639770507812, 139.25404357910156, 17.752960205078125, 17.820911407470703, 23.11684799194336, 19.66649055480957, 12.055706024169922, 13.650731086730957, 2.0979628562927246, 6.9879231452941895, 7.678644180297852, 10.245408058166504, 15.805075645446777], "lowlevel.spectral_contrast_coeffs.mean": [-0.7410149574279785, -0.7454261183738708, -0.8086618781089783, -0.8328311443328857, -0.8220016956329346, -0.7880163192749023], "lowlevel.spectral_contrast_coeffs.stdev": [0.06777745485305786, 0.09428613632917404, 0.04277581349015236, 0.03148612007498741, 0.028983326628804207, 0.03992052748799324], "lowlevel.spectral_contrast_valleys.mean": [-6.781113624572754, -7.2713775634765625, -7.555799961090088, -7.865434169769287, -8.318107604980469, -10.876951217651367], "lowlevel.spectral_contrast_valleys.stdev": [0.8634728193283081, 0.9208520650863647, 0.7667965888977051, 0.7560677528381348, 0.969390869140625, 1.2099103927612305], "rhythm.beats_loudness_band_ratio.mean": [0.7308871150016785, 0.052878547459840775, 0.06557972729206085, 0.045476969331502914, 0.041208453476428986, 0.07399171590805054], "rhythm.beats_loudness_band_ratio.stdev": [0.23862046003341675, 0.0725722461938858, 0.09447139501571655, 0.03722614794969559, 0.04540807381272316, 0.10875247418880463], "tonal.hpcp.mean": [0.13175974786281586, 0.12603680789470673, 0.08694659173488617, 0.059468481689691544, 0.041396137326955795, 0.03538142889738083, 0.05270078405737877, 0.0864267647266388, 0.1035931184887886, 0.09422353655099869, 0.07138749957084656, 0.0487760528922081, 0.05774923786520958, 0.08864828944206238, 0.13538356125354767, 0.1634376347064972, 0.10457681864500046, 0.03707670792937279, 0.02248516120016575, 0.025866270065307617, 0.03204092010855675, 0.03905527666211128, 0.04212632402777672, 0.08110994100570679, 0.2682926654815674, 0.2612147331237793, 0.08114390075206757, 0.04288124293088913, 0.03933386504650116, 0.05553000420331955, 0.06607192754745483, 0.05581341311335564, 0.04303567484021187, 0.04403126239776611, 0.057902153581380844, 0.09294804185628891], "tonal.hpcp.stdev": [0.2711074650287628, 0.24795712530612946, 0.20089514553546906, 0.16979940235614777, 0.14353518187999725, 0.11859864741563797, 0.14643394947052002, 0.21111227571964264, 0.22894257307052612, 0.1948373019695282, 0.16829955577850342, 0.1552528291940689, 0.18221937119960785, 0.24064581096172333, 0.2881730794906616, 0.3310326337814331, 0.25643491744995117, 0.14148883521556854, 0.08794788271188736, 0.11646482348442078, 0.12221415340900421, 0.13149505853652954, 0.14057831466197968, 0.18676050007343292, 0.4046286642551422, 0.39081478118896484, 0.2127348780632019, 0.1606590449810028, 0.13723279535770416, 0.1736655831336975, 0.19775763154029846, 0.18135130405426025, 0.1599612981081009, 0.1659592092037201, 0.18646971881389618, 0.230290949344635], "rhythm.beats_position": [0.4411791265010834, 0.8823582530021667, 1.3119274377822876, 1.7414965629577637, 2.18267560005188, 2.600634813308716, 3.0302040576934814, 3.459773063659668, 3.8893423080444336, 4.318911552429199, 4.748480796813965, 5.178049564361572, 5.596008777618408, 6.0371880531311035, 6.466757297515869, 6.896326541900635, 7.314285755157471, 7.743854522705078, 8.173423767089844, 8.60299301147461, 9.032562255859375, 9.46213150024414, 9.891700744628906, 10.309659957885742, 10.750839233398438, 11.168798446655273, 11.598366737365723, 12.027935981750488, 12.457505226135254, 12.88707447052002, 13.316643714904785, 13.74621295928955, 14.175782203674316, 14.605351448059082, 15.034920692443848, 15.464489936828613, 15.88244915008545, 16.323627471923828, 16.753196716308594, 17.18276596069336, 17.600725173950195, 18.03029441833496, 18.459863662719727, 18.889432907104492, 19.319002151489258, 19.748571395874023, 20.17814064025879, 20.596099853515625, 21.03727912902832, 21.455238342285156, 21.884807586669922, 22.314376831054688, 22.743946075439453, 23.173513412475586, 23.60308265686035, 24.032651901245117, 24.462221145629883, 24.89179039001465, 25.321359634399414, 25.75092887878418, 26.168888092041016, 26.61006736755371, 27.028026580810547, 27.457595825195312, 27.887165069580078, 28.316734313964844, 28.74630355834961, 29.164262771606445, 29.60544204711914, 30.035011291503906, 30.464580535888672, 30.882539749145508, 31.312108993530273, 31.74167823791504, 32.17124557495117, 32.60081481933594, 33.0303840637207, 33.45995330810547, 33.889522552490234, 34.319091796875, 34.748661041259766, 35.17823028564453, 35.6077995300293, 36.03736877441406, 36.45532989501953, 36.896507263183594, 37.3144645690918, 37.74403381347656, 38.17360305786133, 38.603172302246094, 39.03274154663086, 39.45070266723633, 39.89188003540039], "rhythm.bpm_histogram": [0.0, 0.0, 0.0, 0.0, 0.0, 0.0, 0.0, 0.0, 0.0, 0.0, 0.0, 0.0, 0.0, 0.0, 0.0, 0.0, 0.0, 0.0, 0.0, 0.0, 0.0, 0.0, 0.0, 0.0, 0.0, 0.0, 0.0, 0.0, 0.0, 0.0, 0.0, 0.0, 0.0, 0.0, 0.0, 0.0, 0.0, 0.0, 0.0, 0.0, 0.0, 0.0, 0.0, 0.0, 0.0, 0.0, 0.0, 0.0, 0.0, 0.0, 0.0, 0.0, 0.0, 0.0, 0.0, 0.0, 0.0, 0.0, 0.0, 0.0, 0.0, 0.0, 0.0, 0.0, 0.0, 0.0, 0.0, 0.0, 0.0, 0.0, 0.0, 0.0, 0.0, 0.0, 0.0, 0.0, 0.0, 0.0, 0.0, 0.0, 0.0, 0.0, 0.0, 0.0, 0.0, 0.0, 0.0, 0.0, 0.0, 0.0, 0.0, 0.0, 0.0, 0.0, 0.0, 0.0, 0.0, 0.0, 0.0, 0.0, 0.0, 0.0, 0.0, 0.0, 0.0, 0.0, 0.0, 0.0, 0.0, 0.0, 0.0, 0.0, 0.0, 0.0, 0.0, 0.0, 0.0, 0.0, 0.0, 0.0, 0.0, 0.0, 0.0, 0.0, 0.0, 0.0, 0.0, 0.0, 0.0, 0.0, 0.0, 0.0, 0.0, 0.0, 0.0, 0.0, 0.10869564861059189, 0.0, 0.0, 0.0, 0.717391312122345, 0.0, 0.0, 0.0, 0.17391304671764374, 0.0, 0.0, 0.0, 0.0, 0.0, 0.0, 0.0, 0.0, 0.0, 0.0, 0.0, 0.0, 0.0, 0.0, 0.0, 0.0, 0.0, 0.0, 0.0, 0.0, 0.0, 0.0, 0.0, 0.0, 0.0, 0.0, 0.0, 0.0, 0.0, 0.0, 0.0, 0.0, 0.0, 0.0, 0.0, 0.0, 0.0, 0.0, 0.0, 0.0, 0.0, 0.0, 0.0, 0.0, 0.0, 0.0, 0.0, 0.0, 0.0, 0.0, 0.0, 0.0, 0.0, 0.0, 0.0, 0.0, 0.0, 0.0, 0.0, 0.0, 0.0, 0.0, 0.0, 0.0, 0.0, 0.0, 0.0, 0.0, 0.0, 0.0, 0.0, 0.0, 0.0, 0.0, 0.0, 0.0, 0.0, 0.0, 0.0, 0.0, 0.0, 0.0, 0.0, 0.0, 0.0, 0.0, 0.0, 0.0, 0.0, 0.0, 0.0, 0.0, 0.0, 0.0, 0.0, 0.0, 0.0, 0.0, 0.0, 0.0, 0.0, 0.0, 0.0, 0.0, 0.0], "tonal.chords_histogram": [0.0, 4.398148059844971, 55.439815521240234, 10.416666984558105, 1.9675925970077515, 0.0, 0.5787037014961243, 0.0, 0.0, 1.0416666269302368, 11.80555534362793, 1.2731481790542603, 0.11574073880910873, 0.0, 0.11574073880910873, 0.0, 0.0, 0.5787037014961243, 0.0, 8.796296119689941, 1.6203703880310059, 0.11574073880910873, 0.0, 1.7361111640930176], "tonal.thpcp": [1.0, 0.9736186265945435, 0.3024454712867737, 0.15983009338378906, 0.14660805463790894, 0.20697548985481262, 0.2462681084871292, 0.20803183317184448, 0.1604057103395462, 0.1641165316104889, 0.2158171385526657, 0.34644272923469543, 0.4911045432090759, 0.4697735905647278, 0.3240736722946167, 0.22165526449680328, 0.1542946994304657, 0.13187624514102936, 0.19643020629882812, 0.32213613390922546, 0.3861198425292969, 0.35119685530662537, 0.26608070731163025, 0.1818016618490219, 0.21524716913700104, 0.33041638135910034, 0.5046114921569824, 0.6091766953468323, 0.38978636264801025, 0.1381950080394745, 0.08380833268165588, 0.09641064703464508, 0.11942525207996368, 0.14556968212127686, 0.1570163071155548, 0.30231890082359314], "lowlevel.gfcc.cov": [[6575.5107421875, -1709.5211181640625, 29.81157875061035, -128.14666748046875, -755.2186889648438, -174.54469299316406, -381.488525390625, 297.18292236328125, -253.49493408203125, 408.4690246582031, -287.5398254394531, 340.27154541015625, -373.9529724121094], [-1709.5211181640625, 2455.037353515625, -161.27664184570312, -54.83607864379883, 127.99040985107422, -481.15911865234375, 47.08148956298828, -291.8288269042969, 221.6511993408203, -356.6546325683594, 261.032958984375, -309.5641784667969, 201.02145385742188], [29.81157875061035, -161.27664184570312, 1037.1976318359375, -196.67857360839844, 153.66989135742188, -79.90188598632812, -184.59658813476562, -23.98880958557129, -225.45497131347656, 60.09114074707031, -178.14950561523438, 84.37572479248047, -128.5360107421875], [-128.14666748046875, -54.83607864379883, -196.67857360839844, 463.2354736328125, 14.419893264770508, 57.23802185058594, 18.16204833984375, -128.68417358398438, 23.660280227661133, -108.27894592285156, 56.008522033691406, -42.98841857910156, 137.83822631835938], [-755.2186889648438, 127.99040985107422, 153.66989135742188, 14.419893264770508, 390.1917724609375, 132.6915283203125, 131.75814819335938, -3.2504546642303467, -18.79425048828125, -40.44614028930664, -37.417911529541016, -31.6307315826416, 22.779205322265625], [-174.54469299316406, -481.15911865234375, -79.90188598632812, 57.23802185058594, 132.6915283203125, 379.2501220703125, 184.63536071777344, 90.52015686035156, -5.555127143859863, -0.7732201814651489, -69.28833770751953, -15.761258125305176, -15.210883140563965], [-381.488525390625, 47.08148956298828, -184.59658813476562, 18.16204833984375, 131.75814819335938, 184.63536071777344, 308.0454406738281, 103.08125305175781, 83.3941650390625, -30.65673065185547, 11.967406272888184, -60.7094841003418, 11.175151824951172], [297.18292236328125, -291.8288269042969, -23.98880958557129, -128.68417358398438, -3.2504546642303467, 90.52015686035156, 103.08125305175781, 184.82798767089844, 29.8500919342041, 87.71096801757812, -46.6157112121582, 23.908967971801758, -79.04522705078125], [-253.49493408203125, 221.6511993408203, -225.45497131347656, 23.660280227661133, -18.79425048828125, -5.555127143859863, 83.3941650390625, 29.8500919342041, 169.15635681152344, 5.821022987365723, 91.92390441894531, -47.3083381652832, 34.151214599609375], [408.4690246582031, -356.6546325683594, 60.09114074707031, -108.27894592285156, -40.44614028930664, -0.7732201814651489, -30.65673065185547, 87.71096801757812, 5.821022987365723, 178.78741455078125, -3.9400126934051514, 88.38782501220703, -77.80326843261719], [-287.5398254394531, 261.032958984375, -178.14950561523438, 56.008522033691406, -37.417911529541016, -69.28833770751953, 11.967406272888184, -46.6157112121582, 91.92390441894531, -3.9400126934051514, 153.50418090820312, 1.3312753438949585, 68.65809631347656], [340.27154541015625, -309.5641784667969, 84.37572479248047, -42.98841857910156, -31.6307315826416, -15.761258125305176, -60.7094841003418, 23.908967971801758, -47.3083381652832, 88.38782501220703, 1.3312753438949585, 134.53817749023438, -12.606430053710938], [-373.9529724121094, 201.02145385742188, -128.5360107421875, 137.83822631835938, 22.779205322265625, -15.210883140563965, 11.175151824951172, -79.04522705078125, 34.151214599609375, -77.80326843261719, 68.65809631347656, -12.606430053710938, 138.22103881835938]], "lowlevel.gfcc.icov": [[0.00035346695221960545, -0.00018998263112735003, 0.0002114973176503554, -0.000533267913851887, 0.0005453161429613829, 5.8792171330424026e-05, 0.00017328748072031885, -0.0005630567320622504, 0.00037692399928346276, -0.00040410758811049163, 0.0008493510540574789, -0.0008636788697913289, 0.0007203913992270827], [-0.00018998263112735003, 0.003502417588606477, -0.00042319323983974755, 0.0030465328600257635, -0.0017323268111795187, 0.004010236356407404, -0.0018018841510638595, 0.003313123481348157, -0.002377517521381378, 0.004234806168824434, -0.003349829697981477, 0.004740956239402294, -0.0012046671472489834], [0.0002114973176503554, -0.00042319323983974755, 0.002150554209947586, -0.00022875484137330204, -0.0007079975330270827, 0.00025304057635366917, 0.0008856836357153952, -4.9995098379440606e-05, 0.0015004327287897468, -0.0007520811632275581, 0.0019503039075061679, -0.0015102166216820478, 0.001559417461976409], [-0.000533267913851887, 0.0030465328600257635, -0.00022875484137330204, 0.006860295310616493, -0.0015822965651750565, 0.0020742628257721663, -0.0018881306750699878, 0.005827164743095636, -0.0024479986168444157, 0.0036075450479984283, -0.0030174837447702885, 0.005068322643637657, -0.004356761928647757], [0.0005453161429613829, -0.0017323268111795187, -0.0007079975330270827, -0.0015822965651750565, 0.005770695395767689, -0.002580148633569479, -0.0014789869310334325, -0.0004275052051525563, 0.0014911317266523838, -0.0030633918941020966, 0.0031475466676056385, -0.0024887591134756804, -0.0003288363222964108], [5.8792171330424026e-05, 0.004010236356407404, 0.00025304057635366917, 0.0020742628257721663, -0.002580148633569479, 0.009932552464306355, -0.004449468106031418, 0.002583230845630169, -0.0016910156700760126, 0.00407827366143465, -0.0008245699573308229, 0.004347883630543947, -0.0006315666832961142], [0.00017328748072031885, -0.0018018841510638595, 0.0008856836357153952, -0.0018881306750699878, -0.0014789869310334325, -0.004449468106031418, 0.010170011781156063, -0.007933791726827621, 0.0002330915885977447, 0.0006372013012878597, -0.0009853652445599437, -0.0008552484214305878, 0.0009031565859913826], [-0.0005630567320622504, 0.003313123481348157, -4.9995098379440606e-05, 0.005827164743095636, -0.0004275052051525563, 0.002583230845630169, -0.007933791726827621, 0.02115267887711525, -0.0073120128363370895, -0.00035640731221064925, 0.003093890380114317, 0.0015393722569569945, 0.0011031822068616748], [0.00037692399928346276, -0.002377517521381378, 0.0015004327287897468, -0.0024479986168444157, 0.0014911317266523838, -0.0016910156700760126, 0.0002330915885977447, -0.0073120128363370895, 0.018069658428430557, -0.007306220941245556, -0.005520544946193695, 0.0044548967853188515, -0.0017469128360971808], [-0.00040410758811049163, 0.004234806168824434, -0.0007520811632275581, 0.0036075450479984283, -0.0030633918941020966, 0.00407827366143465, 0.0006372013012878597, -0.00035640731221064925, -0.007306220941245556, 0.021627767011523247, -0.00707236910238862, -0.003617691807448864, 0.006311542354524136], [0.0008493510540574789, -0.003349829697981477, 0.0019503039075061679, -0.0030174837447702885, 0.0031475466676056385, -0.0008245699573308229, -0.0009853652445599437, 0.003093890380114317, -0.005520544946193695, -0.00707236910238862, 0.022435780614614487, -0.010046606883406639, -0.0014457149663940072], [-0.0008636788697913289, 0.004740956239402294, -0.0015102166216820478, 0.005068322643637657, -0.0024887591134756804, 0.004347883630543947, -0.0008552484214305878, 0.0015393722569569945, 0.0044548967853188515, -0.003617691807448864, -0.010046606883406639, 0.02549341507256031, -0.00967375747859478], [0.0007203913992270827, -0.0012046671472489834, 0.001559417461976409, -0.004356761928647757, -0.0003288363222964108, -0.0006315666832961142, 0.0009031565859913826, 0.0011031822068616748, -0.0017469128360971808, 0.006311542354524136, -0.0014457149663940072, -0.00967375747859478, 0.021093349903821945]], "lowlevel.mfcc.cov": [[6685.55322265625, -1626.9757080078125, -61.15047073364258, -142.39910888671875, -515.7471313476562, -395.8890686035156, -333.5406494140625, -174.54945373535156, -109.1732177734375, -49.80009078979492, 54.5789909362793, 45.95401382446289, 57.101829528808594], [-1626.9757080078125, 2107.430908203125, 27.820207595825195, 159.45669555664062, 58.396095275878906, -207.56861877441406, -112.13656616210938, -71.8559799194336, -122.26004791259766, -8.364134788513184, -67.9366226196289, 11.230783462524414, -20.076492309570312], [-61.15047073364258, 27.820207595825195, 545.9359741210938, 43.24932861328125, 94.69252014160156, -52.89148712158203, -51.43451690673828, -99.95036315917969, -78.41844177246094, -101.22737121582031, -57.91263961791992, -69.40486145019531, -34.83145523071289], [-142.39910888671875, 159.45669555664062, 43.24932861328125, 318.62908935546875, 66.03404235839844, 16.830795288085938, -46.28608322143555, -57.146793365478516, -59.98481750488281, -53.942745208740234, -108.31012725830078, -24.582700729370117, -3.76064395904541], [-515.7471313476562, 58.396095275878906, 94.69252014160156, 66.03404235839844, 228.3834228515625, 99.73770904541016, 45.385047912597656, -12.155765533447266, 2.168184518814087, -36.85190200805664, -47.5600471496582, -46.976348876953125, -25.27457618713379], [-395.8890686035156, -207.56861877441406, -52.89148712158203, 16.830795288085938, 99.73770904541016, 246.10614013671875, 144.2914276123047, 92.64409637451172, 82.1568603515625, 18.291015625, -5.052566051483154, -19.871068954467773, -31.291303634643555], [-333.5406494140625, -112.13656616210938, -51.43451690673828, -46.28608322143555, 45.385047912597656, 144.2914276123047, 213.23304748535156, 128.25643920898438, 111.00547790527344, 40.364009857177734, 35.51642608642578, -15.268479347229004, -21.729829788208008], [-174.54945373535156, -71.8559799194336, -99.95036315917969, -57.146793365478516, -12.155765533447266, 92.64409637451172, 128.25643920898438, 163.65792846679688, 110.1072998046875, 63.07674026489258, 39.13498306274414, 3.2002620697021484, -16.17343521118164], [-109.1732177734375, -122.26004791259766, -78.41844177246094, -59.98481750488281, 2.168184518814087, 82.1568603515625, 111.00547790527344, 110.1072998046875, 152.2773895263672, 73.44249725341797, 50.914573669433594, 0.2902648150920868, -17.61417007446289], [-49.80009078979492, -8.364134788513184, -101.22737121582031, -53.942745208740234, -36.85190200805664, 18.291015625, 40.364009857177734, 63.07674026489258, 73.44249725341797, 113.3401870727539, 70.45046997070312, 33.51466751098633, 2.614694118499756], [54.5789909362793, -67.9366226196289, -57.91263961791992, -108.31012725830078, -47.5600471496582, -5.052566051483154, 35.51642608642578, 39.13498306274414, 50.914573669433594, 70.45046997070312, 131.61524963378906, 51.138729095458984, 23.429588317871094], [45.95401382446289, 11.230783462524414, -69.40486145019531, -24.582700729370117, -46.976348876953125, -19.871068954467773, -15.268479347229004, 3.2002620697021484, 0.2902648150920868, 33.51466751098633, 51.138729095458984, 87.15238952636719, 45.42848205566406], [57.101829528808594, -20.076492309570312, -34.83145523071289, -3.76064395904541, -25.27457618713379, -31.291303634643555, -21.729829788208008, -16.17343521118164, -17.61417007446289, 2.614694118499756, 23.429588317871094, 45.42848205566406, 87.37476348876953]], "lowlevel.mfcc.icov": [[0.0002758315240498632, 0.00025912633282132447, 6.429242057492957e-05, -6.857870903331786e-05, 0.0003781566920224577, 0.0004251010250300169, 0.00018529317458160222, 6.16975812590681e-05, -3.8758658774895594e-05, 0.00015300241648219526, -4.5281991333467886e-05, 5.0379625463392586e-05, 0.00019464247452560812], [0.00025912633282132447, 0.0008681671461090446, 0.00015145957877393812, -0.0003360196715220809, -0.00021195109002292156, 0.001352651626802981, -7.475398888345808e-05, -0.00030612462433055043, 0.0005417920183390379, -0.00031634297920390964, 0.0002062667190330103, -0.0003917038848157972, 0.0006909429212100804], [6.429242057492957e-05, 0.00015145957877393812, 0.0026510427705943584, -2.6592237190925516e-05, -0.0009193645091727376, 0.001039751572534442, -0.0002942946448456496, 0.0008389635477215052, 0.00016979801876004785, 0.0015821416163817048, -0.0007582547841593623, 0.0010993770556524396, 0.0008556065731681883], [-6.857870903331786e-05, -0.0003360196715220809, -2.6592237190925516e-05, 0.0048726885579526424, -0.0004938359488733113, -0.0011779415654018521, 0.0003006767074111849, 0.0009671631851233542, 0.00027625254006125033, -0.0008120785350911319, 0.004006985109299421, -0.0007286767940968275, -0.0007597935036756098], [0.0003781566920224577, -0.00021195109002292156, -0.0009193645091727376, -0.0004938359488733113, 0.008092471398413181, -0.003354409709572792, -0.0004694541567005217, 0.002626539673656225, -0.0009750491008162498, 0.0007949982536956668, 0.00025242636911571026, 0.0022554949391633272, -0.0006353206117637455], [0.0004251010250300169, 0.001352651626802981, 0.001039751572534442, -0.0011779415654018521, -0.003354409709572792, 0.010983051732182503, -0.004297463223338127, -0.0017583247972652316, -0.0002188617072533816, 0.0002650051028467715, 0.001177566358819604, -0.002084926003590226, 0.0026817501056939363], [0.00018529317458160222, -7.475398888345808e-05, -0.0002942946448456496, 0.0003006767074111849, -0.0004694541567005217, -0.004297463223338127, 0.013527303002774715, -0.00630611227825284, -0.0032317605800926685, 0.0024068010970950127, -0.002916807308793068, 0.0024026078172028065, -0.0009111370891332626], [6.16975812590681e-05, -0.00030612462433055043, 0.0008389635477215052, 0.0009671631851233542, 0.002626539673656225, -0.0017583247972652316, -0.00630611227825284, 0.01761523075401783, -0.0060273450799286366, -0.002466025296598673, 0.001987100811675191, -0.0002773434098344296, 0.0005579014541581273], [-3.8758658774895594e-05, 0.0005417920183390379, 0.00016979801876004785, 0.00027625254006125033, -0.0009750491008162498, -0.0002188617072533816, -0.0032317605800926685, -0.0060273450799286366, 0.017891988158226013, -0.006871319375932217, -0.001328908372670412, 0.0020600678399205208, 0.0010473469737917185], [0.00015300241648219526, -0.00031634297920390964, 0.0015821416163817048, -0.0008120785350911319, 0.0007949982536956668, 0.0002650051028467715, 0.0024068010970950127, -0.002466025296598673, -0.006871319375932217, 0.020462190732359886, -0.007489712908864021, -0.002645569620653987, 0.0022763735614717007], [-4.5281991333467886e-05, 0.0002062667190330103, -0.0007582547841593623, 0.004006985109299421, 0.00025242636911571026, 0.001177566358819604, -0.002916807308793068, 0.001987100811675191, -0.001328908372670412, -0.007489712908864021, 0.01846614107489586, -0.006922788918018341, -0.0013117974158376455], [5.0379625463392586e-05, -0.0003917038848157972, 0.0010993770556524396, -0.0007286767940968275, 0.0022554949391633272, -0.002084926003590226, 0.0024026078172028065, -0.0002773434098344296, 0.0020600678399205208, -0.002645569620653987, -0.006922788918018341, 0.023050015792250633, -0.008897584863007069]