{"song_id": "1183673534699028510", "download": "https://cdn.discordapp.com/attachments/1135911532732108921/1183673534699028510/chirp.mp4?ex=658930e2&amp", "lyrics": "[Chorus]\n\u5728\u9713\u8679\u4e0b\u7684\u7f57\u51ef\uff0c\u591c\u8272\u4e2d\u821e\u6b65\u8f7b\u6447\uff0c\n\u6bcf\u4e2a\u591c\u665a\u90fd\u662f\u4ed6\u7684\u821e\u53f0\uff0c\u59b9\u5b50\u56f4\u7ed5\u5728\u4ed6\u8eab\u8fb9\u3002\n\u7f57\u51ef\uff0c\u7f57\u51ef\uff0c\u591c\u573a\u7684\u738b\u8005\uff0c\u65e0\u4eba\u80fd\u6321\uff0c\n\u6bcf\u4e2a\u591c\u665a\uff0c\u90fd\u662f\u4ed6\u7684\u72c2\u6b22\u6d3e\u5bf9\uff0c\u76f4\u5230\u9ece\u660e\u5230\u6765\u3002\n\n[Verse]\n\u591c\u5e55\u964d\u4e34\uff0c\u7f57\u51ef\u7684\u6545\u4e8b\u5f00\u59cb\uff0c\n\u6bcf\u4e2a\u89d2\u843d\uff0c\u90fd\u7559\u4e0b\u4ed6\u7684\u8db3\u8ff9\u3002\n\u97f3\u4e50\u8d77\uff0c\u706f\u5149\u95ea\uff0c\u4ed6\u662f\u8fd9\u591c\u665a\u7684\u4e3b\u5bb0\uff0c\n\u6bcf\u4e2a\u773c\u795e\uff0c\u90fd\u5728\u5bfb\u627e\uff0c\u7f57\u51ef\u7684\u8eab\u5f71\u3002", "style": ["random"], "essentia_features": {"lowlevel.average_loudness": 0.7944109439849854, "lowlevel.barkbands_crest.mean": 10.794168472290039, "lowlevel.barkbands_crest.stdev": 4.292023181915283, "lowlevel.barkbands_flatness_db.mean": 0.19751030206680298, "lowlevel.barkbands_flatness_db.stdev": 0.0739024430513382, "lowlevel.barkbands_kurtosis.mean": 3.001404047012329, "lowlevel.barkbands_kurtosis.stdev": 5.266831874847412, "lowlevel.barkbands_skewness.mean": 0.6398810744285583, "lowlevel.barkbands_skewness.stdev": 1.5621672868728638, "lowlevel.barkbands_spread.mean": 16.70564842224121, "lowlevel.barkbands_spread.stdev": 10.703245162963867, "lowlevel.dissonance.mean": 0.4486914575099945, "lowlevel.dissonance.stdev": 0.04102032631635666, "lowlevel.dynamic_complexity": 16.278644561767578, "lowlevel.erbbands_crest.mean": 10.378767967224121, "lowlevel.erbbands_crest.stdev": 5.355015754699707, "lowlevel.erbbands_flatness_db.mean": 0.23546554148197174, "lowlevel.erbbands_flatness_db.stdev": 0.07787784934043884, "lowlevel.erbbands_kurtosis.mean": 1.06450617313385, "lowlevel.erbbands_kurtosis.stdev": 2.4749772548675537, "lowlevel.erbbands_skewness.mean": 0.2614697515964508, "lowlevel.erbbands_skewness.stdev": 0.8597949743270874, "lowlevel.erbbands_spread.mean": 26.68754005432129, "lowlevel.erbbands_spread.stdev": 14.130846977233887, "lowlevel.hfc.mean": 17.712446212768555, "lowlevel.hfc.stdev": 20.758874893188477, "lowlevel.loudness_ebu128.integrated": -27.069114685058594, "lowlevel.loudness_ebu128.loudness_range": 3.137432098388672, "lowlevel.loudness_ebu128.momentary.mean": -76.06035614013672, "lowlevel.loudness_ebu128.momentary.stdev": 103.24083709716797, "lowlevel.loudness_ebu128.short_term.mean": -60.783775329589844, "lowlevel.loudness_ebu128.short_term.stdev": 87.33464813232422, "lowlevel.melbands_crest.mean": 12.415085792541504, "lowlevel.melbands_crest.stdev": 6.726165294647217, "lowlevel.melbands_flatness_db.mean": 0.18403151631355286, "lowlevel.melbands_flatness_db.stdev": 0.10223311930894852, "lowlevel.melbands_kurtosis.mean": 5.546331882476807, "lowlevel.melbands_kurtosis.stdev": 11.848010063171387, "lowlevel.melbands_skewness.mean": 1.4525234699249268, "lowlevel.melbands_skewness.stdev": 1.450235366821289, "lowlevel.melbands_spread.mean": 41.71495819091797, "lowlevel.melbands_spread.stdev": 45.63950729370117, "lowlevel.pitch_salience.mean": 0.5778487920761108, "lowlevel.pitch_salience.stdev": 0.15152135491371155, "lowlevel.silence_rate_20dB.mean": 1.0, "lowlevel.silence_rate_20dB.stdev": 0.0, "lowlevel.silence_rate_30dB.mean": 0.9942062497138977, "lowlevel.silence_rate_30dB.stdev": 0.07589563727378845, "lowlevel.silence_rate_60dB.mean": 0.2508690655231476, "lowlevel.silence_rate_60dB.stdev": 0.43351203203201294, "lowlevel.spectral_centroid.mean": 3054.2431640625, "lowlevel.spectral_centroid.stdev": 3811.752197265625, "lowlevel.spectral_complexity.mean": 10.865585327148438, "lowlevel.spectral_complexity.stdev": 8.409934043884277, "lowlevel.spectral_decrease.mean": -5.283337767281182e-09, "lowlevel.spectral_decrease.stdev": 5.387119639266302e-09, "lowlevel.spectral_energy.mean": 0.02154712937772274, "lowlevel.spectral_energy.stdev": 0.021479684859514236, "lowlevel.spectral_energyband_high.mean": 0.0005126515752635896, "lowlevel.spectral_energyband_high.stdev": 0.001951694954186678, "lowlevel.spectral_energyband_low.mean": 0.002687544096261263, "lowlevel.spectral_energyband_low.stdev": 0.01129535585641861, "lowlevel.spectral_energyband_middle_high.mean": 0.007107473444193602, "lowlevel.spectral_energyband_middle_high.stdev": 0.008164701983332634, "lowlevel.spectral_energyband_middle_low.mean": 0.011523010209202766, "lowlevel.spectral_energyband_middle_low.stdev": 0.012867679819464684, "lowlevel.spectral_entropy.mean": 7.700056552886963, "lowlevel.spectral_entropy.stdev": 1.0731933116912842, "lowlevel.spectral_flux.mean": 0.051268912851810455, "lowlevel.spectral_flux.stdev": 0.05055858567357063, "lowlevel.spectral_kurtosis.mean": 3.6868221759796143, "lowlevel.spectral_kurtosis.stdev": 5.906642436981201, "lowlevel.spectral_rms.mean": 0.00382231455296278, "lowlevel.spectral_rms.stdev": 0.0025320996064692736, "lowlevel.spectral_rolloff.mean": 4728.6669921875, "lowlevel.spectral_rolloff.stdev": 6714.078125, "lowlevel.spectral_skewness.mean": 1.1664577722549438, "lowlevel.spectral_skewness.stdev": 0.7857031226158142, "lowlevel.spectral_spread.mean": 10154119.0, "lowlevel.spectral_spread.stdev": 14413877.0, "lowlevel.spectral_strongpeak.mean": 1.5789310932159424, "lowlevel.spectral_strongpeak.stdev": 1.5152417421340942, "lowlevel.zerocrossingrate.mean": 0.13664916157722473, "lowlevel.zerocrossingrate.stdev": 0.17449237406253815, "metadata.audio_properties.analysis.equal_loudness": 0.0, "metadata.audio_properties.analysis.length": 40.04265213012695, "metadata.audio_properties.analysis.sample_rate": 44100.0, "metadata.audio_properties.analysis.start_time": 0.0, "metadata.audio_properties.bit_rate": 95190.0, "metadata.audio_properties.length": 40.042667388916016, "metadata.audio_properties.lossless": 0.0, "metadata.audio_properties.number_channels": 1.0, "metadata.audio_properties.replay_gain": 0.1503772735595703, "metadata.audio_properties.sample_rate": 48000.0, "rhythm.beats_count": 62.0, "rhythm.beats_loudness.mean": 0.02897583693265915, "rhythm.beats_loudness.stdev": 0.026559345424175262, "rhythm.bpm": 94.06275177001953, "rhythm.bpm_histogram_first_peak_bpm": 94.0, "rhythm.bpm_histogram_first_peak_weight": 0.3103448152542114, "rhythm.bpm_histogram_second_peak_bpm": 103.0, "rhythm.bpm_histogram_second_peak_spread": 0.3333333134651184, "rhythm.bpm_histogram_second_peak_weight": 0.032786883413791656, "rhythm.danceability": 0.9558398127555847, "rhythm.onset_rate": 2.296875, "tonal.chords_changes_rate": 0.0381944440305233, "tonal.chords_number_rate": 0.011574073694646358, "tonal.chords_strength.mean": 0.4286022186279297, "tonal.chords_strength.stdev": 0.18431031703948975, "tonal.hpcp_crest.mean": 15.655007362365723, "tonal.hpcp_crest.stdev": 10.697324752807617, "tonal.hpcp_entropy.mean": 1.1334434747695923, "tonal.hpcp_entropy.stdev": 0.8862780928611755, "tonal.key_edma.strength": 0.8403584957122803, "tonal.key_krumhansl.strength": 0.8339545130729675, "tonal.key_temperley.strength": 0.8234475255012512, "tonal.tuning_diatonic_strength": 0.6582427024841309, "tonal.tuning_equal_tempered_deviation": 0.04801872372627258, "tonal.tuning_frequency": 440.2542419433594, "tonal.tuning_nontempered_energy_ratio": 0.6362517476081848, "lowlevel.barkbands.mean": [0.0001623525022296235, 0.002178650349378586, 0.0002761697396636009, 0.0002063295105472207, 0.0022026365622878075, 0.003852458205074072, 0.002983396640047431, 0.001198584446683526, 0.0007189031457528472, 0.0008028182783164084, 0.0025727404281497, 0.0010418035089969635, 0.000647478096652776, 0.0006120189209468663, 0.000520791916642338, 0.00033606350189074874, 0.00023254322877619416, 0.0001754058466758579, 0.0002369865687796846, 0.00014770319103263319, 0.00019253806385677308, 0.00010841330367838964, 5.872153997188434e-05, 5.477297236211598e-05, 2.5151104637188837e-05, 1.7143352124548983e-06, 1.4546377435920022e-09], "lowlevel.barkbands.stdev": [0.0007268788176588714, 0.00948426779359579, 0.002367307199165225, 0.0017554365331307054, 0.004463433753699064, 0.0065572746098041534, 0.005510659888386726, 0.003083024872466922, 0.002534327795729041, 0.0017407186096534133, 0.004370073787868023, 0.00273884111084044, 0.001483166590332985, 0.0013314653187990189, 0.0016067834803834558, 0.0011131629580631852, 0.0004905718378722668, 0.00038844384835101664, 0.0008545999298803508, 0.00043111402192153037, 0.0007456396706402302, 0.0006075227283872664, 0.00030390991014428437, 0.0004223280702717602, 0.0002532578073441982, 2.379087709414307e-05, 1.0683907980535423e-08], "lowlevel.erbbands.mean": [0.08833008259534836, 0.3766803741455078, 0.4195343852043152, 0.5111413598060608, 3.286550998687744, 10.114944458007812, 15.193460464477539, 34.105369567871094, 40.186859130859375, 37.63665008544922, 27.58245849609375, 17.380104064941406, 23.656749725341797, 67.01576232910156, 71.71978759765625, 52.12897491455078, 35.49006652832031, 35.998233795166016, 21.81671142578125, 26.87606430053711, 17.156702041625977, 12.94063663482666, 9.577494621276855, 13.575961112976074, 9.250265121459961, 6.937873840332031, 7.359259605407715, 7.102503299713135, 4.497724533081055, 2.3421833515167236, 1.5080000162124634, 1.1153740882873535, 0.9262283444404602, 0.44007667899131775, 0.09121546894311905, 0.016311105340719223, 0.001588091952726245, 5.593373498413712e-05, 1.5745001292089e-05, 2.6416219043312594e-05], "lowlevel.erbbands.stdev": [0.37495699524879456, 1.9640188217163086, 3.19441819190979, 4.297379970550537, 8.56324577331543, 23.944887161254883, 33.01490020751953, 60.172874450683594, 69.18126678466797, 73.96346282958984, 66.3834457397461, 60.5975456237793, 64.61162567138672, 139.41973876953125, 138.39414978027344, 130.97865295410156, 69.50056457519531, 71.25934600830078, 54.05087661743164, 84.83454895019531, 62.559715270996094, 28.067567825317383, 17.8248348236084, 44.698829650878906, 30.73221206665039, 19.792999267578125, 23.53847312927246, 31.95867156982422, 27.16090202331543, 13.060084342956543, 7.109708786010742, 6.014551639556885, 8.928044319152832, 4.614375114440918, 0.8137855529785156, 0.18838587403297424, 0.027807405218482018, 0.0006759507232345641, 3.804701555054635e-05, 2.689671964617446e-05], "lowlevel.gfcc.mean": [-284.96258544921875, 73.0576171875, -162.9447021484375, 4.394659042358398, -83.04763793945312, -10.84614086151123, -41.75489807128906, -18.763427734375, -20.876935958862305, -10.966115951538086, 2.871321439743042, -4.619204998016357, 9.233053207397461], "lowlevel.melbands.mean": [0.0006773476488888264, 0.00030266994144767523, 0.00015179238107521087, 0.0004932832671329379, 0.0004979131044819951, 0.0007758121355436742, 0.0006454526446759701, 0.00037268392043188214, 0.00021583089255727828, 0.00010048542026197538, 0.0001084658142644912, 0.00024296953051816672, 0.0002605861518532038, 0.00013682604185305536, 9.819198749028146e-05, 7.58064998080954e-05, 6.845050666015595e-05, 3.1698586099082604e-05, 4.213164356769994e-05, 2.9857343179173768e-05, 1.755794437485747e-05, 1.355412769044051e-05, 1.0628214113239665e-05, 7.307897249120288e-06, 1.1712629202520475e-05, 7.834665666450746e-06, 5.507758032763377e-06, 4.2910314732580446e-06, 4.245081527187722e-06, 4.945658020005794e-06, 3.848082997137681e-06, 2.7332639547239523e-06, 1.666286379986559e-06, 1.2067522447978263e-06, 8.910539577300369e-07, 6.975982387302793e-07, 7.007629960753547e-07, 7.514755111515115e-07, 4.235307642375119e-07, 3.602701212912507e-07], "lowlevel.melbands.stdev": [0.0028427669312804937, 0.0018572325352579355, 0.0008172846864908934, 0.0011015530908480287, 0.0009395512170158327, 0.0013051358982920647, 0.001087463228031993, 0.0007384151685982943, 0.0005563679151237011, 0.000396434566937387, 0.0003226040571462363, 0.0005208179936744273, 0.00045545827015303075, 0.00028471689438447356, 0.00024220580235123634, 0.00018947635544463992, 0.0001596944930497557, 8.473053458146751e-05, 0.00012936178245581686, 8.204664482036605e-05, 7.475417805835605e-05, 3.321275289636105e-05, 1.7676438801572658e-05, 1.748091926856432e-05, 3.991702033090405e-05, 3.30861694237683e-05, 1.5300980521715246e-05, 1.30961252580164e-05, 1.3756228327110875e-05, 2.0881892851321027e-05, 1.833243186410982e-05, 1.7899397789733484e-05, 9.14965130505152e-06, 7.692961844441015e-06, 4.366997472970979e-06, 3.243972059863154e-06, 4.410408109833952e-06, 7.456928869942203e-06, 4.600335614668438e-06, 3.8108853459561942e-06], "lowlevel.melbands128.mean": [0.00015781175170559436, 0.0007901621866039932, 0.0008506026933901012, 0.0005590476794168353, 0.00026952888583764434, 0.0001159773237304762, 7.740738510619849e-05, 0.00011949684994760901, 0.00030606010113842785, 0.0005573336384259164, 0.000676848110742867, 0.00026048862491734326, 0.0005005364073440433, 0.0006774325738660991, 0.0008031033794395626, 0.0008337923209182918, 0.0007264970918186009, 0.0004599813255481422, 0.0008599939756095409, 0.00032476350315846503, 0.00021983584156259894, 0.00018161209300160408, 0.00028906314400956035, 0.00015651153807993978, 8.176974370144308e-05, 0.00010217544331680983, 5.750179843744263e-05, 0.00016902702918741852, 8.554730447940528e-05, 5.7605204347055405e-05, 0.00045520105049945414, 0.0003324696735944599, 0.00017017418576870114, 0.00034725345904007554, 3.948601442971267e-05, 0.00011366100807208568, 0.00020394190505612642, 9.607111132936552e-05, 2.4861566998879425e-05, 9.724255505716428e-05, 0.00010167498112423345, 1.522972343082074e-05, 8.005677227629349e-05, 9.946230420609936e-05, 2.4371316612814553e-05, 2.565594513725955e-05, 2.387541826465167e-05, 5.5475233239121735e-05, 4.3109728721901774e-05, 2.853158366633579e-05, 3.386240859981626e-05, 2.4085391487460583e-05, 1.6793530448921956e-05, 1.714450445433613e-05, 1.355064978270093e-05, 1.222668379341485e-05, 1.4734036994923372e-05, 1.1064397767768241e-05, 9.893947208183818e-06, 8.914231329981703e-06, 4.60819546788116e-06, 6.491287422250025e-06, 1.550308479636442e-05, 1.1848002031911165e-05, 9.097313522943296e-06, 9.065314770850819e-06, 5.794411663373467e-06, 5.0514254326117225e-06, 6.153287813503994e-06, 5.393446372181643e-06, 3.437312443566043e-06, 4.586543127516052e-06, 3.899322564393515e-06, 3.8359958125511184e-06, 4.905020432488527e-06, 5.520751074072905e-06, 4.7979046939872205e-06, 4.043467924930155e-06, 4.240698217472527e-06, 2.8870811092929216e-06, 2.9850828013877617e-06, 2.7580183541431325e-06, 1.8438807956044911e-06, 1.8705341062741354e-06, 1.1305407952022506e-06, 1.0426804237795295e-06, 1.4305752529253368e-06, 1.1072818324464606e-06, 8.059335527832445e-07, 7.505561825382756e-07, 8.292011557387013e-07, 6.479315857177426e-07, 5.581345590144338e-07, 6.00057262545306e-07, 8.978752248367527e-07, 8.531486628271523e-07, 7.576555276500585e-07, 5.40291466677445e-07, 3.769163186007063e-07, 3.9471899526688503e-07, 4.045968182708748e-07, 4.0462100514560007e-07, 2.57669057646126e-07, 9.48178850990189e-08, 7.372207022626753e-08, 6.01971450464589e-08, 3.805769566156414e-08, 3.4876585175425134e-08, 2.730100767678323e-08, 1.4916768265038627e-08, 1.0512794190731256e-08, 5.948684655976422e-09, 2.419442646228731e-09, 4.5912854074181553e-10, 1.8633672382861732e-10, 2.925188216651442e-11, 1.7849855274421067e-11, 7.950705198378483e-12, 6.075640424790807e-12, 5.6893227108612e-12, 5.389358230523111e-12, 4.761946045817034e-12, 4.319425025989254e-12, 4.216648297888925e-12, 3.798474989408218e-12, 3.0636858067839556e-12, 2.671766453909985e-12, 2.6058244104176786e-12], "lowlevel.melbands128.stdev": [0.0007097146008163691, 0.0034838784486055374, 0.003896739799529314, 0.0033738024067133665, 0.0021157111041247845, 0.0010237513342872262, 0.0008846548735164106, 0.0008758560288697481, 0.000996419694274664, 0.0013243102002888918, 0.0018073752289637923, 0.0005905022844672203, 0.0012719157384708524, 0.0016876982990652323, 0.001955058192834258, 0.0018225453095510602, 0.0018313693581148982, 0.0009433462400920689, 0.0021089655347168446, 0.0007137387292459607, 0.0008704117499291897, 0.0005388613790273666, 0.0008341811480931938, 0.000686032697558403, 0.00041789180249907076, 0.0006396046373993158, 0.00027364547713659704, 0.0005927171441726387, 0.00022841068857815117, 0.00013341203157324344, 0.0011059317039325833, 0.0008382151718251407, 0.00044094034819863737, 0.000903692445717752, 0.00011762174835894257, 0.0004512254672590643, 0.0006278390064835548, 0.0003993383143097162, 0.00010414265125291422, 0.0002669790992513299, 0.00028558337362483144, 7.612752233399078e-05, 0.00022875316790305078, 0.00024055043468251824, 7.653525972273201e-05, 0.00016001079347915947, 9.305690764449537e-05, 0.00019151279411744326, 0.00021038534760009497, 0.00014894836931489408, 9.298045915784314e-05, 9.76559822447598e-05, 0.0001362998882541433, 7.422744965879247e-05, 4.564762639347464e-05, 4.8512705689063296e-05, 3.581874989322387e-05, 2.436001341266092e-05, 1.9090619389317e-05, 2.213421612395905e-05, 1.6474741642014123e-05, 2.0246139683877118e-05, 5.5337270168820396e-05, 5.010091990698129e-05, 4.316031845519319e-05, 4.925253597320989e-05, 2.2361926312441938e-05, 1.2477585187298246e-05, 2.07857956411317e-05, 1.9167257050867192e-05, 1.1154861567774788e-05, 1.8855182133847848e-05, 1.4154251402942464e-05, 1.4123210348770954e-05, 1.5243530469888356e-05, 2.1842402929905802e-05, 2.932534880528692e-05, 1.8995067875948735e-05, 2.220815804321319e-05, 1.5031402654130943e-05, 2.0799732737941667e-05, 2.0293697161832824e-05, 1.1271716175542679e-05, 1.0940246284008026e-05, 5.844797669851687e-06, 5.71539749216754e-06, 1.302545570069924e-05, 6.251968898141058e-06, 3.777102847379865e-06, 3.7463471471710363e-06, 4.318936134950491e-06, 3.174164021402248e-06, 2.652850980666699e-06, 2.991444034705637e-06, 8.34789352666121e-06, 9.75062448560493e-06, 6.58534690956003e-06, 6.367009518726263e-06, 4.38832785221166e-06, 4.813135547010461e-06, 4.728826297650812e-06, 4.412607268022839e-06, 2.945861297121155e-06, 8.561456752431695e-07, 7.19556624062534e-07, 5.8342305919723e-07, 4.758392719850235e-07, 4.2338589878454513e-07, 3.0181197985257313e-07, 2.46956403771037e-07, 2.6545467335381545e-07, 1.3801124509882357e-07, 4.3974381469524815e-08, 7.219188802309873e-09, 3.60878438243617e-09, 5.510321643420468e-10, 3.5188424396537243e-10, 7.747389535461835e-11, 4.3616162764825717e-11, 4.494743119365374e-11, 3.8068815461089756e-11, 1.4179292288918344e-11, 6.234871126331587e-12, 6.141630173178703e-12, 5.992734086746054e-12, 5.817867021473688e-12, 5.721420299337199e-12, 5.684958580276511e-12], "lowlevel.mfcc.mean": [-786.80419921875, 84.1192626953125, -40.35940170288086, -3.232344388961792, -28.623048782348633, -11.828039169311523, -19.289386749267578, -17.146543502807617, -19.902528762817383, -16.593862533569336, -17.012449264526367, -4.311290740966797, -3.151348829269409], "lowlevel.spectral_contrast_coeffs.mean": [-0.5891705751419067, -0.6925728917121887, -0.7298307418823242, -0.8000363111495972, -0.8244379758834839, -0.7506211996078491], "lowlevel.spectral_contrast_coeffs.stdev": [0.2043125033378601, 0.15946835279464722, 0.13486380875110626, 0.10036088526248932, 0.07583487778902054, 0.10794969648122787], "lowlevel.spectral_contrast_valleys.mean": [-12.717780113220215, -11.024080276489258, -11.228093147277832, -11.307442665100098, -11.232560157775879, -14.143986701965332], "lowlevel.spectral_contrast_valleys.stdev": [6.947465419769287, 7.6879401206970215, 7.596927642822266, 7.570051670074463, 7.601381778717041, 6.246747970581055], "rhythm.beats_loudness_band_ratio.mean": [0.04968372359871864, 0.2356322556734085, 0.23590819537639618, 0.23187197744846344, 0.07965541630983353, 0.05436917766928673], "rhythm.beats_loudness_band_ratio.stdev": [0.1458376795053482, 0.24024838209152222, 0.24823151528835297, 0.21634885668754578, 0.08313217014074326, 0.09034936875104904], "tonal.hpcp.mean": [0.024810142815113068, 0.0298985093832016, 0.20336684584617615, 0.3568039536476135, 0.1878882795572281, 0.03654846176505089, 0.03228183835744858, 0.025304293259978294, 0.11995931714773178, 0.16834601759910583, 0.07245227694511414, 0.018693938851356506, 0.016625965014100075, 0.01783963106572628, 0.07818727940320969, 0.13344232738018036, 0.09439360350370407, 0.10639534145593643, 0.16345161199569702, 0.10088591277599335, 0.029442045837640762, 0.024589307606220245, 0.025433897972106934, 0.13151611387729645, 0.1910168081521988, 0.09465043991804123, 0.03419172018766403, 0.02928130328655243, 0.02930406481027603, 0.12713007628917694, 0.19991429150104523, 0.11977606266736984, 0.06903137266635895, 0.06653211265802383, 0.04381833225488663, 0.027936244383454323], "tonal.hpcp.stdev": [0.08934113383293152, 0.10891073197126389, 0.25555044412612915, 0.4239562153816223, 0.23751862347126007, 0.1273239552974701, 0.12300311774015427, 0.09655216336250305, 0.23937256634235382, 0.3176467716693878, 0.14680859446525574, 0.06788565963506699, 0.07010113447904587, 0.07079964876174927, 0.15412811934947968, 0.25128257274627686, 0.19510440528392792, 0.19468960165977478, 0.315157026052475, 0.19566549360752106, 0.1039186343550682, 0.08603329956531525, 0.08566009998321533, 0.2231169193983078, 0.30537497997283936, 0.17087751626968384, 0.12575778365135193, 0.11953817307949066, 0.11569227278232574, 0.22636830806732178, 0.3318498134613037, 0.19721275568008423, 0.15323348343372345, 0.17957353591918945, 0.12864656746387482, 0.09598565846681595], "rhythm.beats_position": [0.5804988741874695, 1.160997748374939, 1.7531065940856934, 2.3336052894592285, 2.972154140472412, 3.599092960357666, 4.22603178024292, 4.876190185546875, 5.514739036560059, 6.164897918701172, 6.815056800842285, 7.46521520614624, 8.103763580322266, 8.74231243133545, 9.380861282348633, 10.007800102233887, 10.64634895324707, 11.284897804260254, 11.923446655273438, 12.561995506286621, 13.200544357299805, 13.839092254638672, 14.477641105651855, 15.116189956665039, 15.754738807678223, 16.393287658691406, 17.031835556030273, 17.670385360717773, 18.30893325805664, 18.94748306274414, 19.586030960083008, 20.224580764770508, 20.851518630981445, 21.490068435668945, 22.117006301879883, 22.75555419921875, 23.39410400390625, 24.032651901245117, 24.671201705932617, 25.309749603271484, 25.948299407958984, 26.58684730529785, 27.22539710998535, 27.86394500732422, 28.49088478088379, 29.117822647094727, 29.767980575561523, 30.406530380249023, 31.04507827758789, 31.68362808227539, 32.32217788696289, 32.94911575317383, 33.599273681640625, 34.22621154785156, 34.86476135253906, 35.50331115722656, 36.15346908569336, 36.79201889038086, 37.430564880371094, 38.045894622802734, 38.684444427490234, 39.33460235595703], "rhythm.bpm_histogram": [0.0, 0.0, 0.0, 0.0, 0.0, 0.0, 0.0, 0.0, 0.0, 0.0, 0.0, 0.0, 0.0, 0.0, 0.0, 0.0, 0.0, 0.0, 0.0, 0.0, 0.0, 0.0, 0.0, 0.0, 0.0, 0.0, 0.0, 0.0, 0.0, 0.0, 0.0, 0.0, 0.0, 0.0, 0.0, 0.0, 0.0, 0.0, 0.0, 0.0, 0.0, 0.0, 0.0, 0.0, 0.0, 0.0, 0.0, 0.0, 0.0, 0.0, 0.0, 0.0, 0.0, 0.0, 0.0, 0.0, 0.0, 0.0, 0.0, 0.0, 0.0, 0.0, 0.0, 0.0, 0.0, 0.0, 0.0, 0.0, 0.0, 0.0, 0.0, 0.0, 0.0, 0.0, 0.0, 0.0, 0.0, 0.0, 0.0, 0.0, 0.0, 0.0, 0.0, 0.0, 0.0, 0.0, 0.0, 0.0, 0.0, 0.0, 0.0, 0.0, 0.13114753365516663, 0.0, 0.6557376980781555, 0.0, 0.14754098653793335, 0.0, 0.016393441706895828, 0.0, 0.0, 0.016393441706895828, 0.0, 0.032786883413791656, 0.0, 0.0, 0.0, 0.0, 0.0, 0.0, 0.0, 0.0, 0.0, 0.0, 0.0, 0.0, 0.0, 0.0, 0.0, 0.0, 0.0, 0.0, 0.0, 0.0, 0.0, 0.0, 0.0, 0.0, 0.0, 0.0, 0.0, 0.0, 0.0, 0.0, 0.0, 0.0, 0.0, 0.0, 0.0, 0.0, 0.0, 0.0, 0.0, 0.0, 0.0, 0.0, 0.0, 0.0, 0.0, 0.0, 0.0, 0.0, 0.0, 0.0, 0.0, 0.0, 0.0, 0.0, 0.0, 0.0, 0.0, 0.0, 0.0, 0.0, 0.0, 0.0, 0.0, 0.0, 0.0, 0.0, 0.0, 0.0, 0.0, 0.0, 0.0, 0.0, 0.0, 0.0, 0.0, 0.0, 0.0, 0.0, 0.0, 0.0, 0.0, 0.0, 0.0, 0.0, 0.0, 0.0, 0.0, 0.0, 0.0, 0.0, 0.0, 0.0, 0.0, 0.0, 0.0, 0.0, 0.0, 0.0, 0.0, 0.0, 0.0, 0.0, 0.0, 0.0, 0.0, 0.0, 0.0, 0.0, 0.0, 0.0, 0.0, 0.0, 0.0, 0.0, 0.0, 0.0, 0.0, 0.0, 0.0, 0.0, 0.0, 0.0, 0.0, 0.0, 0.0, 0.0, 0.0, 0.0, 0.0, 0.0, 0.0, 0.0, 0.0, 0.0, 0.0, 0.0, 0.0, 0.0, 0.0, 0.0, 0.0, 0.0, 0.0, 0.0, 0.0, 0.0], "tonal.chords_histogram": [30.20833396911621, 21.759260177612305, 7.523148059844971, 0.0, 0.11574073880910873, 13.657407760620117, 0.0, 2.6620371341705322, 0.11574073880910873, 0.0, 0.0, 2.5462963581085205, 0.11574073880910873, 0.0, 0.0, 0.0, 0.0, 5.55555534362793, 0.0, 0.0, 0.0, 9.490740776062012, 4.976851940155029, 1.2731481790542603], "tonal.thpcp": [1.0, 0.5265868902206421, 0.10243289172649384, 0.09047500044107437, 0.07091931998729706, 0.3362051248550415, 0.4718165695667267, 0.20305906236171722, 0.05239274725317955, 0.046596918255090714, 0.049998413771390915, 0.21913231909275055, 0.3739933967590332, 0.26455312967300415, 0.2981899082660675, 0.45809921622276306, 0.28274887800216675, 0.08251602947711945, 0.068915456533432, 0.07128255814313889, 0.3685948848724365, 0.5353550910949707, 0.26527294516563416, 0.09582775086164474, 0.08206552267074585, 0.08212931454181671, 0.35630232095718384, 0.5602917075157166, 0.33569151163101196, 0.19347143173217773, 0.18646685779094696, 0.12280786782503128, 0.07829578220844269, 0.06953438371419907, 0.08379533886909485, 0.569968044757843], "lowlevel.gfcc.cov": [[219630.828125, 16625.552734375, -35666.1953125, 1008.94775390625, -18286.57421875, -2352.265380859375, -9199.48828125, -4107.22265625, -4543.7783203125, -2455.722900390625, 685.4534301757812, -1119.379150390625, 2141.447998046875], [16625.552734375, 2456.099365234375, -2122.231689453125, 70.71219635009766, -1051.69873046875, -104.89044189453125, -514.69091796875, -361.3890686035156, -257.6608581542969, -251.70619201660156, 134.27398681640625, -214.77606201171875, 185.87594604492188], [-35666.1953125, -2122.231689453125, 7186.6025390625, 294.33978271484375, 3258.182373046875, 602.3101806640625, 1663.4180908203125, 1031.504150390625, 837.3629150390625, 497.3905029296875, -102.6836929321289, 130.4148406982422, -309.8700256347656], [1008.94775390625, 70.71219635009766, 294.33978271484375, 450.2039794921875, 40.87688446044922, 72.36853790283203, -11.52416706085205, 154.3242645263672, -5.429269790649414, 28.053081512451172, -30.951602935791016, 20.069400787353516, 16.695180892944336], [-18286.57421875, -1051.69873046875, 3258.182373046875, 40.87688446044922, 1895.6392822265625, 363.762451171875, 867.7841796875, 430.3222351074219, 452.4881896972656, 243.23391723632812, -16.403926849365234, 79.46952819824219, -122.1407241821289], [-2352.265380859375, -104.89044189453125, 602.3101806640625, 72.36853790283203, 363.762451171875, 244.31471252441406, 207.41537475585938, 133.4010009765625, 99.78013610839844, 95.57612609863281, 18.882055282592773, 12.131186485290527, 9.755497932434082], [-9199.48828125, -514.69091796875, 1663.4180908203125, -11.52416706085205, 867.7841796875, 207.41537475585938, 590.7322387695312, 267.22344970703125, 284.2884826660156, 161.68011474609375, 22.651052474975586, 21.427642822265625, -80.44374084472656], [-4107.22265625, -361.3890686035156, 1031.504150390625, 154.3242645263672, 430.3222351074219, 133.4010009765625, 267.22344970703125, 404.2601318359375, 200.17214965820312, 159.01144409179688, -2.154743194580078, 12.551682472229004, -7.303311347961426], [-4543.7783203125, -257.6608581542969, 837.3629150390625, -5.429269790649414, 452.4881896972656, 99.78013610839844, 284.2884826660156, 200.17214965820312, 258.3811950683594, 138.4943389892578, 40.11125564575195, 20.0583553314209, -32.27934265136719], [-2455.722900390625, -251.70619201660156, 497.3905029296875, 28.053081512451172, 243.23391723632812, 95.57612609863281, 161.68011474609375, 159.01144409179688, 138.4943389892578, 163.9069061279297, 42.47342300415039, 37.66297149658203, -1.2840404510498047], [685.4534301757812, 134.27398681640625, -102.6836929321289, -30.951602935791016, -16.403926849365234, 18.882055282592773, 22.651052474975586, -2.154743194580078, 40.11125564575195, 42.47342300415039, 126.6039047241211, 35.53786849975586, 61.21794509887695], [-1119.379150390625, -214.77606201171875, 130.4148406982422, 20.069400787353516, 79.46952819824219, 12.131186485290527, 21.427642822265625, 12.551682472229004, 20.0583553314209, 37.66297149658203, 35.53786849975586, 101.97771453857422, 27.77016258239746], [2141.447998046875, 185.87594604492188, -309.8700256347656, 16.695180892944336, -122.1407241821289, 9.755497932434082, -80.44374084472656, -7.303311347961426, -32.27934265136719, -1.2840404510498047, 61.21794509887695, 27.77016258239746, 143.83596801757812]], "lowlevel.gfcc.icov": [[0.000265779672190547, -0.0007943387026898563, 0.0006743805715814233, -0.0005462579429149628, 0.000960317614953965, -0.0009058209252543747, 0.0007056578760966659, -0.0007442316855303943, 0.00030570957460440695, -0.00029539011302404106, 2.7195010261493735e-05, -0.00014140848361421376, -9.874271199805662e-05], [-0.0007943387026898563, 0.0035392011050134897, -0.002040805760771036, 0.0009578870958648622, -0.002562733832746744, 0.0021666930988430977, -0.0017541227862238884, 0.002988356165587902, -0.0016894524451345205, 0.0021175260189920664, -0.0019960307981818914, 0.0032929356675595045, -0.0005540793645195663], [0.0006743805715814233, -0.002040805760771036, 0.002679435769096017, -0.001697608269751072, 0.001210297690704465, -0.001727549941278994, 0.0008725610678084195, -0.002705360297113657, 0.0013328291242942214, -0.0009688282734714448, 0.00044111849274486303, -0.0007168331067077816, 0.00030311793670989573], [-0.0005462579429149628, 0.0009578870958648622, -0.001697608269751072, 0.004783335141837597, -0.0017341893399134278, 0.0008173675742000341, -0.00048153288662433624, -0.0006858952110633254, 0.0004507596604526043, 0.0006719481316395104, 0.0013470595004037023, -0.0023433472961187363, 0.0008365616085939109], [0.000960317614953965, -0.002562733832746744, 0.001210297690704465, -0.0017341893399134278, 0.007060915697365999, -0.005009475164115429, 0.0015433343360200524, -0.0014869911829009652, -0.0009301349055022001, 0.0002779120986815542, 0.0005124802119098604, -0.0008511258638463914, -0.0013136459747329354], [-0.0009058209252543747, 0.0021666930988430977, -0.001727549941278994, 0.0008173675742000341, -0.005009475164115429, 0.011428630910813808, -0.004989619366824627, 0.00226170034147799, 0.0013012480922043324, -0.0032037871424108744, 0.0009500909363850951, 0.00089204718824476, -0.0011484867427498102], [0.0007056578760966659, -0.0017541227862238884, 0.0008725610678084195, -0.00048153288662433624, 0.0015433343360200524, -0.004989619366824627, 0.010594871826469898, -0.002392313675954938, -0.002337824087589979, 0.00019580514344852418, -0.0028467578813433647, 0.001444369787350297, 0.0015593402786180377], [-0.0007442316855303943, 0.002988356165587902, -0.002705360297113657, -0.0006858952110633254, -0.0014869911829009652, 0.00226170034147799, -0.002392313675954938, 0.010070300661027431, -0.004464766476303339, -0.002203610260039568, 0.0010526875266805291, 0.004019494168460369, -0.003018646501004696], [0.00030570957460440695, -0.0016894524451345205, 0.0013328291242942214, 0.0004507596604526043, -0.0009301349055022001, 0.0013012480922043324, -0.002337824087589979, -0.004464766476303339, 0.014484628103673458, -0.006417812313884497, -0.0019232877530157566, -0.0007935052854008973, 0.002203636337071657], [-0.00029539011302404106, 0.0021175260189920664, -0.0009688282734714448, 0.0006719481316395104, 0.0002779120986815542, -0.0032037871424108744, 0.00019580514344852418, -0.002203610260039568, -0.006417812313884497, 0.01818346045911312, -0.005053489003330469, -0.0012631964636966586, 0.0010638631647452712], [2.7195010261493735e-05, -0.0019960307981818914, 0.00044111849274486303, 0.0013470595004037023, 0.0005124802119098604, 0.0009500909363850951, -0.0028467578813433647, 0.0010526875266805291, -0.0019232877530157566, -0.005053489003330469, 0.01770130917429924, -0.007400353439152241, -0.0047812266275286674], [-0.00014140848361421376, 0.0032929356675595045, -0.0007168331067077816, -0.0023433472961187363, -0.0008511258638463914, 0.00089204718824476, 0.001444369787350297, 0.004019494168460369, -0.0007935052854008973, -0.0012631964636966586, -0.007400353439152241, 0.020678242668509483, -0.004225744400173426], [-9.874271199805662e-05, -0.0005540793645195663, 0.00030311793670989573, 0.0008365616085939109, -0.0013136459747329354, -0.0011484867427498102, 0.0015593402786180377, -0.003018646501004696, 0.002203636337071657, 0.0010638631647452712, -0.0047812266275286674, -0.004225744400173426, 0.012730438262224197]], "lowlevel.mfcc.cov": [[55197.65625, 9291.302734375, -4336.15869140625, -408.1913146972656, -3129.988037109375, -1313.1236572265625, -2105.32177734375, -1903.9815673828125, -2166.115478515625, -1815.448974609375, -1911.4522705078125, -523.636962890625, -399.6823425292969], [9291.302734375, 2833.905029296875, -454.38531494140625, -28.486190795898438, -339.67803955078125, -101.61567687988281, -175.0313720703125, -290.55145263671875, -311.4281921386719, -243.80909729003906, -289.0979919433594, -69.48140716552734, -110.79659271240234], [-4336.15869140625, -454.38531494140625, 1246.3114013671875, 315.71539306640625, 491.39410400390625, 132.23658752441406, 382.844482421875, 285.4940185546875, 377.2681884765625, 314.8356628417969, 257.92315673828125, 76.67819213867188, 53.20145034790039], [-408.1913146972656, -28.486190795898438, 315.71539306640625, 315.0106506347656, 175.02391052246094, 19.729454040527344, 92.13036346435547, 95.23938751220703, 114.98560333251953, 73.20115661621094, 58.00185775756836, 32.37932586669922, 27.770355224609375], [-3129.988037109375, -339.67803955078125, 491.39410400390625, 175.02391052246094, 517.2919921875, 145.16957092285156, 266.2763671875, 183.87046813964844, 261.0317687988281, 193.35731506347656, 161.74111938476562, 42.539222717285156, 27.092548370361328], [-1313.1236572265625, -101.61567687988281, 132.23658752441406, 19.729454040527344, 145.16957092285156, 251.66009521484375, 133.4203643798828, 85.61418151855469, 52.875919342041016, 71.839111328125, 62.5085563659668, 9.504095077514648, 24.338823318481445], [-2105.32177734375, -175.0313720703125, 382.844482421875, 92.13036346435547, 266.2763671875, 133.4203643798828, 304.7227783203125, 146.46131896972656, 195.37828063964844, 174.17764282226562, 126.20172882080078, 39.69202423095703, 0.60860276222229], [-1903.9815673828125, -290.55145263671875, 285.4940185546875, 95.23938751220703, 183.87046813964844, 85.61418151855469, 146.46131896972656, 183.24314880371094, 155.7198944091797, 132.7588653564453, 115.0751724243164, 47.420310974121094, 33.26486587524414], [-2166.115478515625, -311.4281921386719, 377.2681884765625, 114.98560333251953, 261.0317687988281, 52.875919342041016, 195.37828063964844, 155.7198944091797, 304.3390197753906, 220.0454864501953, 173.0855255126953, 81.17007446289062, 40.30695724487305], [-1815.448974609375, -243.80909729003906, 314.8356628417969, 73.20115661621094, 193.35731506347656, 71.839111328125, 174.17764282226562, 132.7588653564453, 220.0454864501953, 241.04942321777344, 167.85989379882812, 78.8920669555664, 51.29862594604492], [-1911.4522705078125, -289.0979919433594, 257.92315673828125, 58.00185775756836, 161.74111938476562, 62.5085563659668, 126.20172882080078, 115.0751724243164, 173.0855255126953, 167.85989379882812, 187.80621337890625, 101.39657592773438, 64.38655853271484], [-523.636962890625, -69.48140716552734, 76.67819213867188, 32.37932586669922, 42.539222717285156, 9.504095077514648, 39.69202423095703, 47.420310974121094, 81.17007446289062, 78.8920669555664, 101.39657592773438, 135.76268005371094, 86.48597717285156], [-399.6823425292969, -110.79659271240234, 53.20145034790039, 27.770355224609375, 27.092548370361328, 24.338823318481445, 0.60860276222229, 33.26486587524414, 40.30695724487305, 51.29862594604492, 64.38655853271484, 86.48597717285156, 131.16722106933594]], "lowlevel.mfcc.icov": [[8.698402962181717e-05, -0.000209980207728222, 0.00011834027100121602, -0.00021476857364177704, 0.00021887723414693028, 8.890940807759762e-05, 8.274029823951423e-05, 0.0001362460752716288, -6.274190673138946e-05, -0.00011710458056768402, 0.00029919578810222447, 1.2684611647273414e-05, -0.00010164301784243435], [-0.000209980207728222, 0.001005866564810276, -0.00029572483617812395, 0.00025035132421180606, -0.00042958874837495387, -0.00036384924896992743, -0.00038192476495169103, 0.00034851141390390694, 0.00037311622872948647, -7.969453145051375e-05, 0.00019804756448138505, -0.0008069757604971528, 0.0006977730081416667], [0.00011834027100121602, -0.00029572483617812395, 0.002108784392476082, -0.0012866901233792305, -6.407830369425938e-05, 0.0006230254075489938, -0.001078086206689477, -0.0004489952407311648, -0.0002492257917765528, -0.00037157972110435367, -0.0007835006108507514, 0.0012473065871745348, -0.000671521935146302], [-0.00021476857364177704, 0.00025035132421180606, -0.0012866901233792305, 0.005500675644725561, -0.0016010163817554712, 0.00034317848621867597, 0.0004364117921795696, -0.001967353280633688, -0.0004878933250438422, 0.0009974046843126416, 0.0004889380070380867, -0.000673208967782557, -0.000358014483936131], [0.00021887723414693028, -0.00042958874837495387, -6.407830369425938e-05, -0.0016010163817554712, 0.005688956938683987, -0.0009249472059309483, -0.001692219520919025, 0.0001677476684562862, -0.002826596610248089, 0.0011416468769311905, -0.0004183173587080091, 0.0016124008689075708, -0.0008047866867855191], [8.890940807759762e-05, -0.00036384924896992743, 0.0006230254075489938, 0.00034317848621867597, -0.0009249472059309483, 0.006675933487713337, -0.0028012001421302557, -0.0019244218710809946, 0.0025534010492265224, -0.0003468837821856141, -0.0014591774670407176, 0.0023056527134031057, -0.0023614047095179558], [8.274029823951423e-05, -0.00038192476495169103, -0.001078086206689477, 0.0004364117921795696, -0.001692219520919025, -0.0028012001421302557, 0.010430910624563694, -0.0015043633757159114, -0.001242755795828998, -0.0032445352990180254, 0.0019501465139910579, -0.002379466313868761, 0.0037392580416053534], [0.0001362460752716288, 0.00034851141390390694, -0.0004489952407311648, -0.001967353280633688, 0.0001677476684562862, -0.0019244218710809946, -0.0015043633757159114, 0.014435147866606712, -0.0021768638398498297, -0.0009851534850895405, -0.0010821165051311255, -0.00022808257199358195, -0.0002874532074201852], [-6.274190673138946e-05, 0.00037311622872948647, -0.0002492257917765528, -0.0004878933250438422, -0.002826596610248089, 0.0025534010492265224, -0.001242755795828998, -0.0021768638398498297, 0.014539637602865696, -0.007723692804574966, -0.0019138350617140532, -0.0018101127352565527, 0.0016819336451590061], [-0.00011710458056768402, -7.969453145051375e-05, -0.00037157972110435367, 0.0009974046843126416, 0.0011416468769311905, -0.0003468837821856141, -0.0032445352990180254, -0.0009851534850895405, -0.007723692804574966, 0.018676232546567917, -0.00945770088583231, 0.002931579016149044, -0.0026122694835066795], [0.00029919578810222447, 0.00019804756448138505, -0.0007835006108507514, 0.0004889380070380867, -0.0004183173587080091, -0.0014591774670407176, 0.0019501465139910579, -0.0010821165051311255, -0.0019138350617140532, -0.00945770088583231, 0.026066886261105537, -0.012080324813723564, 0.0013724364107474685], [1.2684611647273414e-05, -0.0008069757604971528, 0.0012473065871745348, -0.000673208967782557, 0.0016124008689075708, 0.0023056527134031057, -0.002379466313868761, -0.00022808257199358195, -0.0018101127352565527, 0.002931579016149044, -0.012080324813723564, 0.021808145567774773, -0.010738074779510498], [-0.00010164301784243435, 0.0006977730081416667, -0.000671521935146302, -0.000358014483936131, -0.0008047866867855191, -0.0023614047095179558, 0.0037392580416053534, -0.0002874532074201852, 0.0016819336451590061, -0.0026122694835066795, 0.0013724364107474685, -0.010738074779510498, 0.015822982415556908]], "metadata.audio_properties.analysis.downmix": "mix", "metadata.audio_properties.codec": "mp3", "metadata.audio_properties.md5_enc