{"song_id": "1183694229638221844", "download": "https://cdn.discordapp.com/attachments/1135903449314238464/1183694229638221844/chirp.mp4?ex=65894428&amp", "lyrics": "[Verse]\nThe government's playing their manipulative game\nTheir promises and lies always sound the same\nIt's time for rebellion, our voices to be heard\nWe won't let them control us with their every word\n\n[Chorus]\nRise up, fight back, let the defiance ignite\nStand up for our freedom, let's take back the night\nWe won't be silenced, we won't back down\nContestatory about governments, revolution's our sound", "style": ["punk rock rap pop fusion"], "essentia_features": {"lowlevel.average_loudness": 0.9821757078170776, "lowlevel.barkbands_crest.mean": 13.039007186889648, "lowlevel.barkbands_crest.stdev": 5.392161846160889, "lowlevel.barkbands_flatness_db.mean": 0.13949476182460785, "lowlevel.barkbands_flatness_db.stdev": 0.04980679973959923, "lowlevel.barkbands_kurtosis.mean": 7.81620454788208, "lowlevel.barkbands_kurtosis.stdev": 16.959081649780273, "lowlevel.barkbands_skewness.mean": 2.1277406215667725, "lowlevel.barkbands_skewness.stdev": 1.8695604801177979, "lowlevel.barkbands_spread.mean": 28.7443904876709, "lowlevel.barkbands_spread.stdev": 18.1164493560791, "lowlevel.dissonance.mean": 0.4728483259677887, "lowlevel.dissonance.stdev": 0.021907871589064598, "lowlevel.dynamic_complexity": 1.7500454187393188, "lowlevel.erbbands_crest.mean": 8.41904067993164, "lowlevel.erbbands_crest.stdev": 4.307950496673584, "lowlevel.erbbands_flatness_db.mean": 0.12595796585083008, "lowlevel.erbbands_flatness_db.stdev": 0.03714727982878685, "lowlevel.erbbands_kurtosis.mean": 0.08314157277345657, "lowlevel.erbbands_kurtosis.stdev": 1.529744267463684, "lowlevel.erbbands_skewness.mean": -0.1063661202788353, "lowlevel.erbbands_skewness.stdev": 0.7701865434646606, "lowlevel.erbbands_spread.mean": 55.19947814941406, "lowlevel.erbbands_spread.stdev": 26.422719955444336, "lowlevel.hfc.mean": 22.734848022460938, "lowlevel.hfc.stdev": 14.498221397399902, "lowlevel.loudness_ebu128.integrated": -13.074335098266602, "lowlevel.loudness_ebu128.loudness_range": 1.1504507064819336, "lowlevel.loudness_ebu128.momentary.mean": -13.143235206604004, "lowlevel.loudness_ebu128.momentary.stdev": 0.7819465398788452, "lowlevel.loudness_ebu128.short_term.mean": -13.085843086242676, "lowlevel.loudness_ebu128.short_term.stdev": 0.3589446544647217, "lowlevel.melbands_crest.mean": 18.647022247314453, "lowlevel.melbands_crest.stdev": 6.070032596588135, "lowlevel.melbands_flatness_db.mean": 0.19983230531215668, "lowlevel.melbands_flatness_db.stdev": 0.06462753564119339, "lowlevel.melbands_kurtosis.mean": 35.57292938232422, "lowlevel.melbands_kurtosis.stdev": 56.43376922607422, "lowlevel.melbands_skewness.mean": 4.3407883644104, "lowlevel.melbands_skewness.stdev": 3.171447515487671, "lowlevel.melbands_spread.mean": 23.345592498779297, "lowlevel.melbands_spread.stdev": 17.499126434326172, "lowlevel.pitch_salience.mean": 0.45756441354751587, "lowlevel.pitch_salience.stdev": 0.13673238456249237, "lowlevel.silence_rate_20dB.mean": 1.0, "lowlevel.silence_rate_20dB.stdev": 0.0, "lowlevel.silence_rate_30dB.mean": 0.9912060499191284, "lowlevel.silence_rate_30dB.stdev": 0.09336275607347488, "lowlevel.silence_rate_60dB.mean": 0.001884422148577869, "lowlevel.silence_rate_60dB.stdev": 0.04336930066347122, "lowlevel.spectral_centroid.mean": 1636.6583251953125, "lowlevel.spectral_centroid.stdev": 609.6246948242188, "lowlevel.spectral_complexity.mean": 17.427135467529297, "lowlevel.spectral_complexity.stdev": 7.633791923522949, "lowlevel.spectral_decrease.mean": -9.136027045997253e-09, "lowlevel.spectral_decrease.stdev": 7.604018747997543e-09, "lowlevel.spectral_energy.mean": 0.03654360771179199, "lowlevel.spectral_energy.stdev": 0.029070289805531502, "lowlevel.spectral_energyband_high.mean": 0.001306722522713244, "lowlevel.spectral_energyband_high.stdev": 0.0014479022938758135, "lowlevel.spectral_energyband_low.mean": 0.019667761400341988, "lowlevel.spectral_energyband_low.stdev": 0.026705367490649223, "lowlevel.spectral_energyband_middle_high.mean": 0.004661907907575369, "lowlevel.spectral_energyband_middle_high.stdev": 0.004398578777909279, "lowlevel.spectral_energyband_middle_low.mean": 0.01161770336329937, "lowlevel.spectral_energyband_middle_low.stdev": 0.018356822431087494, "lowlevel.spectral_entropy.mean": 7.879588603973389, "lowlevel.spectral_entropy.stdev": 0.3165028691291809, "lowlevel.spectral_flux.mean": 0.11314384639263153, "lowlevel.spectral_flux.stdev": 0.06792904436588287, "lowlevel.spectral_kurtosis.mean": 2.709294080734253, "lowlevel.spectral_kurtosis.stdev": 1.4716062545776367, "lowlevel.spectral_rms.mean": 0.005565714091062546, "lowlevel.spectral_rms.stdev": 0.002162201562896371, "lowlevel.spectral_rolloff.mean": 1531.26708984375, "lowlevel.spectral_rolloff.stdev": 1782.2935791015625, "lowlevel.spectral_skewness.mean": 1.240712285041809, "lowlevel.spectral_skewness.stdev": 0.290617972612381, "lowlevel.spectral_spread.mean": 5619914.5, "lowlevel.spectral_spread.stdev": 1641368.875, "lowlevel.spectral_strongpeak.mean": 0.8858343362808228, "lowlevel.spectral_strongpeak.stdev": 0.9720877408981323, "lowlevel.zerocrossingrate.mean": 0.06670958548784256, "lowlevel.zerocrossingrate.stdev": 0.03589269891381264, "metadata.audio_properties.analysis.equal_loudness": 0.0, "metadata.audio_properties.analysis.length": 36.927982330322266, "metadata.audio_properties.analysis.sample_rate": 44100.0, "metadata.audio_properties.analysis.start_time": 0.0, "metadata.audio_properties.bit_rate": 116899.0, "metadata.audio_properties.length": 36.928001403808594, "metadata.audio_properties.lossless": 0.0, "metadata.audio_properties.number_channels": 1.0, "metadata.audio_properties.replay_gain": -13.468446731567383, "metadata.audio_properties.sample_rate": 48000.0, "rhythm.beats_count": 62.0, "rhythm.beats_loudness.mean": 0.04310328885912895, "rhythm.beats_loudness.stdev": 0.01283908262848854, "rhythm.bpm": 102.92008972167969, "rhythm.bpm_histogram_first_peak_bpm": 103.0, "rhythm.bpm_histogram_first_peak_weight": 0.23636358976364136, "rhythm.bpm_histogram_second_peak_bpm": 96.0, "rhythm.bpm_histogram_second_peak_spread": 0.3333333134651184, "rhythm.bpm_histogram_second_peak_weight": 0.06557376682758331, "rhythm.danceability": 1.9207770824432373, "rhythm.onset_rate": 4.3851399421691895, "tonal.chords_changes_rate": 0.06900878250598907, "tonal.chords_number_rate": 0.00878293626010418, "tonal.chords_strength.mean": 0.5382466912269592, "tonal.chords_strength.stdev": 0.08698245137929916, "tonal.hpcp_crest.mean": 12.865943908691406, "tonal.hpcp_crest.stdev": 6.056164264678955, "tonal.hpcp_entropy.mean": 2.1493380069732666, "tonal.hpcp_entropy.stdev": 0.8106382489204407, "tonal.key_edma.strength": 0.7161825299263, "tonal.key_krumhansl.strength": 0.7182714939117432, "tonal.key_temperley.strength": 0.7030316591262817, "tonal.tuning_diatonic_strength": 0.599119246006012, "tonal.tuning_equal_tempered_deviation": 0.07861842215061188, "tonal.tuning_frequency": 441.0177917480469, "tonal.tuning_nontempered_energy_ratio": 0.7594702839851379, "lowlevel.barkbands.mean": [0.0004968027933500707, 0.01381846982985735, 0.0047965808771550655, 0.0016009816899895668, 0.0063941082917153835, 0.0005757900653406978, 0.0005199778825044632, 0.0015844604931771755, 0.0006530841928906739, 0.0009484472102485597, 0.0005432593752630055, 0.0003360188566148281, 0.0004679709381889552, 0.0004015516606159508, 0.00036009951145388186, 0.0003857266274280846, 0.0005818705540150404, 0.0003397385880816728, 0.00024656925234012306, 0.00038749881787225604, 0.00020373826555442065, 0.00023060900275595486, 0.00018983673362527043, 0.0002044756693067029, 0.0001854740403359756, 9.002814476843923e-05, 4.3326843979230034e-07], "lowlevel.barkbands.stdev": [0.0008928946335799992, 0.02307094633579254, 0.0074983444064855576, 0.0033455684315413237, 0.015090612694621086, 0.0014239479787647724, 0.001574353314936161, 0.0034845222253352404, 0.0016312887892127037, 0.0021507858764380217, 0.0013698851689696312, 0.0009459972498007119, 0.0009114763233810663, 0.0009385606972500682, 0.0007306652260012925, 0.0007006953237578273, 0.0007422985509037971, 0.00044861272908747196, 0.0002306773531017825, 0.0004435417940840125, 0.00018827777239494026, 0.0002704635844565928, 0.0002586143964435905, 0.00040203784010373056, 0.00040241359965875745, 0.00017560625565238297, 1.627198571441113e-06], "lowlevel.erbbands.mean": [0.4100019335746765, 3.0207550525665283, 6.024694919586182, 5.351918697357178, 21.64712905883789, 15.109150886535645, 6.528961181640625, 3.6403517723083496, 5.2954630851745605, 13.347138404846191, 40.27956771850586, 18.274051666259766, 20.282350540161133, 32.786067962646484, 20.407363891601562, 15.312247276306152, 16.73601722717285, 28.707916259765625, 19.50501251220703, 17.80461311340332, 22.752948760986328, 29.50030517578125, 21.62708854675293, 13.883279800415039, 13.607318878173828, 18.404491424560547, 10.436132431030273, 7.603311538696289, 8.526947021484375, 6.997408390045166, 5.063143253326416, 4.2550787925720215, 3.3663854598999023, 2.1948251724243164, 1.2603076696395874, 0.5832524299621582, 0.12688162922859192, 0.008469024673104286, 0.00021489540813490748, 5.5235461331903934e-05], "lowlevel.erbbands.stdev": [0.8326497673988342, 4.867221355438232, 8.89865493774414, 8.348424911499023, 55.08108139038086, 32.37333297729492, 14.281228065490723, 7.079449653625488, 13.79425048828125, 31.701696395874023, 94.388671875, 38.99228286743164, 50.4213752746582, 76.6091079711914, 54.57838821411133, 39.84916305541992, 28.86246109008789, 61.173091888427734, 38.60443115234375, 31.97968292236328, 29.46520233154297, 34.56645584106445, 26.487226486206055, 13.207764625549316, 14.125465393066406, 21.641254425048828, 9.957446098327637, 7.372112274169922, 9.971039772033691, 9.296982765197754, 7.152254104614258, 7.955793857574463, 6.8482985496521, 4.737040042877197, 2.807307720184326, 1.193453311920166, 0.24366888403892517, 0.016839908435940742, 0.00036829974851571023, 4.118848664802499e-05], "lowlevel.gfcc.mean": [24.336816787719727, 62.91264343261719, -105.36181640625, 52.45083999633789, -51.36792755126953, 27.097949981689453, -37.7470588684082, 20.12555694580078, -29.661972045898438, 1.6237229108810425, -25.044845581054688, -0.5233839750289917, -14.00875186920166], "lowlevel.melbands.mean": [0.003767510177567601, 0.003341669449582696, 0.0014049281599000096, 0.0015509194927290082, 0.00023906810383778065, 8.67662820382975e-05, 9.088608203455806e-05, 0.00016772445815149695, 0.0003110544348601252, 0.000101927034847904, 9.934691479429603e-05, 0.0001339689624728635, 6.538414891110733e-05, 4.785552664543502e-05, 2.633330768730957e-05, 5.352093285182491e-05, 5.1204133342253044e-05, 2.840243723767344e-05, 2.4973573090392165e-05, 2.8285174266784452e-05, 2.673417839105241e-05, 3.15194993163459e-05, 2.631324423418846e-05, 1.5312358300434425e-05, 1.0642876077326946e-05, 8.879241249815095e-06, 1.1875702512043063e-05, 1.2537999282358214e-05, 7.0890068855078425e-06, 4.8036886255431455e-06, 4.200834609946469e-06, 4.968670509697404e-06, 4.264298695488833e-06, 3.780116003326839e-06, 2.9564337182819145e-06, 2.5378399186593015e-06, 2.675388714123983e-06, 2.4656951609358657e-06, 1.960849431270617e-06, 1.8209026393378736e-06], "lowlevel.melbands.stdev": [0.006829307414591312, 0.004602313507348299, 0.002411740832030773, 0.0037753619253635406, 0.0004426337836775929, 0.00018512210226617754, 0.0002562551817391068, 0.00036578995059244335, 0.0007425015792250633, 0.00022769365750718862, 0.00025344346067868173, 0.00032769792596809566, 0.00016326317563652992, 0.00012433837400749326, 6.1338025261648e-05, 0.00010756734991446137, 0.00012087122013326734, 5.825976768392138e-05, 4.9815844249678776e-05, 6.40341459074989e-05, 3.4287062590010464e-05, 3.830926652881317e-05, 3.613295848481357e-05, 2.1885491150896996e-05, 1.0433368515805341e-05, 9.349528227176052e-06, 1.5262310625985265e-05, 1.6454401702503674e-05, 7.97662687546108e-06, 4.741624707094161e-06, 4.323008397477679e-06, 5.802231044071959e-06, 5.583493930316763e-06, 5.27308202435961e-06, 4.182393695373321e-06, 4.194082066533156e-06, 5.269135272101266e-06, 5.00609621667536e-06, 4.137211817578645e-06, 4.055116278323112e-06], "lowlevel.melbands128.mean": [0.00040100436308421195, 0.003058931091800332, 0.005363451782613993, 0.004845116287469864, 0.003588770516216755, 0.002057196106761694, 0.0008934767101891339, 0.0008865001727826893, 0.0026385923847556114, 0.0021207318641245365, 0.0004933601012453437, 0.00023261478054337204, 0.00024171129916794598, 0.0001376436121063307, 6.97315190336667e-05, 6.858530105091631e-05, 6.29646674497053e-05, 8.084122237050906e-05, 0.00015235958562698215, 0.0001320695737376809, 0.00014353437290992588, 0.0003421716683078557, 0.00046369171468541026, 0.00010573893814580515, 8.23346126708202e-05, 0.00012039206922054291, 6.61580270389095e-05, 0.00012430791684892029, 6.50888032396324e-05, 0.00018719086074270308, 0.000145086130942218, 6.58629069221206e-05, 4.67992686026264e-05, 9.2407783085946e-05, 3.295983697171323e-05, 4.890154013992287e-05, 4.47336133220233e-05, 1.7083399143302813e-05, 2.2367337805917487e-05, 2.7505348043632694e-05, 5.862883699592203e-05, 0.00010005568037740886, 4.607602386386134e-05, 3.785104854614474e-05, 1.657536267885007e-05, 2.787467929010745e-05, 4.1987506847362965e-05, 2.729253719735425e-05, 1.5306432032957673e-05, 1.951256490428932e-05, 3.9294605812756345e-05, 2.6091482141055167e-05, 1.7520720575703308e-05, 3.211702642147429e-05, 3.6619439924834296e-05, 2.8041875339113176e-05, 2.9122955311322585e-05, 3.531874972395599e-05, 2.21002828766359e-05, 1.636122578929644e-05, 1.7901169485412538e-05, 1.1004902262357064e-05, 1.0918790394498501e-05, 1.162746048066765e-05, 8.394144060730468e-06, 8.890739081834909e-06, 8.789106686890591e-06, 9.124179996433668e-06, 1.455422261642525e-05, 1.3152570318197832e-05, 1.2017664630548097e-05, 1.3966904589324258e-05, 7.86085092840949e-06, 6.239902631932637e-06, 5.095566393720219e-06, 5.07060485688271e-06, 4.614488716470078e-06, 4.105320385860978e-06, 4.009637450508308e-06, 4.2976485019607935e-06, 5.186818725633202e-06, 5.212429186940426e-06, 4.689876277552685e-06, 4.097926648682915e-06, 3.9746514630678575e-06, 3.974589617428137e-06, 3.6300632473285077e-06, 3.535624500727863e-06, 2.8091449166822713e-06, 2.688886524992995e-06, 2.668083197931992e-06, 2.4620781005069148e-06, 2.3549389425170375e-06, 2.7550502181838965e-06, 2.8642721190408338e-06, 2.5450685825489927e-06, 2.35755896937917e-06, 2.38749976233521e-06, 1.8658980707186856e-06, 1.7800799696487957e-06, 1.994324520637747e-06, 1.8018660057350644e-06, 1.6954589909801143e-06, 1.5388635574709042e-06, 1.3769317774858791e-06, 1.3197909538575914e-06, 1.3147713389116689e-06, 1.1662448287097504e-06, 9.742299198478577e-07, 9.55316863837652e-07, 7.193855822151818e-07, 4.6777859097346663e-07, 3.51000153386849e-07, 2.3736706111776584e-07, 1.2059325626978534e-07, 6.749513659087825e-08, 1.7285980646875032e-08, 1.939203242429244e-09, 3.9412733493504604e-11, 1.3461757750188319e-11, 1.0790787534353807e-11, 5.6961627255269764e-12, 5.428353513220463e-12, 5.322194508022848e-12, 5.219375279197358e-12, 5.107976541740555e-12, 5.03928322681535e-12, 5.0064002422856024e-12], "lowlevel.melbands128.stdev": [0.0008569331839680672, 0.006859009154140949, 0.010616861283779144, 0.0078105018474161625, 0.0054620797745883465, 0.0032968739978969097, 0.0017044383566826582, 0.0021136838477104902, 0.006960422266274691, 0.00540154566988349, 0.001008591614663601, 0.0004612100019585341, 0.0006243361276574433, 0.0005043268320150673, 0.00013859570026397705, 0.0001998751686187461, 0.00020964432042092085, 0.00029740677564404905, 0.0006044767214916646, 0.00041094733751378953, 0.0005168666248209774, 0.0008904545684345067, 0.0012073512189090252, 0.0004978299257345498, 0.00022244598949328065, 0.0003409262280911207, 0.00023015747137833387, 0.0004738069255836308, 0.00017348390247207135, 0.0005969475605525076, 0.0004010730772279203, 0.00023001963563729078, 0.00014253854169510305, 0.0003683586837723851, 0.00015953535330481827, 0.00015640184574294835, 0.0001597701048012823, 6.110028334660456e-05, 8.019117376534268e-05, 6.678716454189271e-05, 0.00015187743701972067, 0.0002858045627363026, 0.00017017775098793209, 0.0001325739431194961, 4.496116525842808e-05, 8.217262075049803e-05, 0.00012187207175884396, 8.288409298984334e-05, 3.8927704736124724e-05, 5.563954255194403e-05, 0.0001206474335049279, 6.155020673759282e-05, 3.168131297570653e-05, 5.87299327889923e-05, 6.128365930635482e-05, 4.894068479188718e-05, 5.4419146181317046e-05, 7.06640348653309e-05, 4.039151463075541e-05, 2.739899355219677e-05, 3.6937395634595305e-05, 2.372313610976562e-05, 1.48616836668225e-05, 1.4162410479912069e-05, 1.0345464943384286e-05, 1.2249915016582236e-05, 1.1532190910656936e-05, 1.5573994460282847e-05, 2.3578850232297555e-05, 2.0153891455265693e-05, 1.7213653336511925e-05, 2.7816118745249696e-05, 9.981933544622734e-06, 8.88727208803175e-06, 5.238042831479106e-06, 5.627829068544088e-06, 5.713810423912946e-06, 4.858720785705373e-06, 4.803841420653043e-06, 5.1067268032056745e-06, 6.274543011386413e-06, 7.298261607502354e-06, 7.10185076968628e-06, 5.685632459062617e-06, 6.478354862338165e-06, 5.744686859543435e-06, 5.49119522474939e-06, 5.782234438811429e-06, 4.218309641146334e-06, 4.203856406093109e-06, 4.598377472575521e-06, 4.1664666241558734e-06, 5.423930815595668e-06, 5.901248187001329e-06, 5.732258159696357e-06, 5.103663625050103e-06, 5.18609431310324e-06, 5.8158166211796924e-06, 3.982883754360955e-06, 4.016941147710895e-06, 4.665289907279657e-06, 4.20718106397544e-06, 4.24888185079908e-06, 3.910473878931953e-06, 3.425795284783817e-06, 3.0801968478044728e-06, 2.8407810077624163e-06, 2.5286599338869564e-06, 2.150461796190939e-06, 2.1324910903786076e-06, 1.5530142718489515e-06, 9.79794776867493e-07, 7.360711151704891e-07, 5.031017167311802e-07, 2.792120028516365e-07, 2.0709575210275943e-07, 5.5886751226807974e-08, 1.0237253711409267e-08, 5.745552922320485e-10, 1.8213652808185543e-10, 1.7968372623133888e-10, 8.177293044087097e-12, 7.300737271676017e-12, 7.1574391379003455e-12, 7.039695649330158e-12, 6.945486720477678e-12, 6.877792606274635e-12, 6.836239040131087e-12], "lowlevel.mfcc.mean": [-619.4314575195312, 88.53972625732422, 9.43074893951416, 31.56986427307129, 14.903966903686523, 10.25407600402832, 8.101278305053711, 11.9613618850708, 7.4379801750183105, 2.7254207134246826, -2.0854058265686035, 1.1169965267181396, -1.8915503025054932], "lowlevel.spectral_contrast_coeffs.mean": [-0.6759471297264099, -0.7613651156425476, -0.7713714838027954, -0.7924434542655945, -0.7973129153251648, -0.7662634253501892], "lowlevel.spectral_contrast_coeffs.stdev": [0.08095957338809967, 0.08881624788045883, 0.07851517200469971, 0.053857579827308655, 0.03790135681629181, 0.02983905002474785], "lowlevel.spectral_contrast_valleys.mean": [-6.696510314941406, -7.12160062789917, -7.500185489654541, -7.518060684204102, -7.071774482727051, -9.557450294494629], "lowlevel.spectral_contrast_valleys.stdev": [0.6012639403343201, 0.5568162202835083, 0.5159710049629211, 0.45766353607177734, 0.45655184984207153, 0.631058931350708], "rhythm.beats_loudness_band_ratio.mean": [0.5531217455863953, 0.5159919857978821, 0.06477514654397964, 0.05599049851298332, 0.056585557758808136, 0.07138174027204514], "rhythm.beats_loudness_band_ratio.stdev": [0.13622833788394928, 0.1902991086244583, 0.09047576040029526, 0.0665917843580246, 0.05189094692468643, 0.032018452882766724], "tonal.hpcp.mean": [0.0962669849395752, 0.07815740257501602, 0.1337321400642395, 0.21569354832172394, 0.14048725366592407, 0.04840903356671333, 0.04084473475813866, 0.03652706369757652, 0.05943632125854492, 0.07785475254058838, 0.0513824038207531, 0.03270287066698074, 0.03171579912304878, 0.03331203758716583, 0.11176633834838867, 0.19676394760608673, 0.1454734057188034, 0.09662739932537079, 0.08830657601356506, 0.050077248364686966, 0.03274659067392349, 0.028260454535484314, 0.027400171384215355, 0.06639444082975388, 0.09146811813116074, 0.06411392241716385, 0.06444000452756882, 0.06756780296564102, 0.07505342364311218, 0.2088630199432373, 0.2689658999443054, 0.2522451877593994, 0.22126467525959015, 0.12041978538036346, 0.07181753218173981, 0.07857858389616013], "tonal.hpcp.stdev": [0.2291320115327835, 0.19157817959785461, 0.22750885784626007, 0.3382256031036377, 0.23820507526397705, 0.14574222266674042, 0.1441357582807541, 0.11789456009864807, 0.15127032995224, 0.1934048980474472, 0.14016298949718475, 0.12334074079990387, 0.11811349540948868, 0.10902184247970581, 0.20647788047790527, 0.3233931362628937, 0.25477680563926697, 0.23478813469409943, 0.23563577234745026, 0.15671862661838531, 0.1077735498547554, 0.08615878969430923, 0.07852516323328018, 0.15384897589683533, 0.19734779000282288, 0.14723895490169525, 0.14441445469856262, 0.16580502688884735, 0.18325920403003693, 0.3205345869064331, 0.36534297466278076, 0.3325861990451813, 0.356114000082016, 0.2424442172050476, 0.21283629536628723, 0.185092493891716], "rhythm.beats_position": [0.6037188172340393, 1.2306575775146484, 1.8575963973999023, 2.4845352172851562, 3.111473798751831, 3.7268025875091553, 4.342131614685059, 4.945850372314453, 5.537959098815918, 6.130067825317383, 6.710566997528076, 7.291065692901611, 7.8715643882751465, 8.45206356048584, 9.032562255859375, 9.61306095123291, 10.193559646606445, 10.77405834197998, 11.354557991027832, 11.935056686401367, 12.515555381774902, 13.107664108276367, 13.699772834777832, 14.280271530151367, 14.860771179199219, 15.441269874572754, 16.02176856994629, 16.60226821899414, 17.18276596069336, 17.76326560974121, 18.34376335144043, 18.93587303161621, 19.52798080444336, 20.10848045349121, 20.688980102539062, 21.26947784423828, 21.849977493286133, 22.43047523498535, 23.010974884033203, 23.591472625732422, 24.171972274780273, 24.752471923828125, 25.344579696655273, 25.936689376831055, 26.517187118530273, 27.086076736450195, 27.678184509277344, 28.258684158325195, 28.839183807373047, 29.419681549072266, 30.000181198120117, 30.580678939819336, 31.161178588867188, 31.74167823791504, 32.33378601074219, 32.914283752441406, 33.50639343261719, 34.086891174316406, 34.66739273071289, 35.24789047241211, 35.82838821411133, 36.40888977050781], "rhythm.bpm_histogram": [0.0, 0.0, 0.0, 0.0, 0.0, 0.0, 0.0, 0.0, 0.0, 0.0, 0.0, 0.0, 0.0, 0.0, 0.0, 0.0, 0.0, 0.0, 0.0, 0.0, 0.0, 0.0, 0.0, 0.0, 0.0, 0.0, 0.0, 0.0, 0.0, 0.0, 0.0, 0.0, 0.0, 0.0, 0.0, 0.0, 0.0, 0.0, 0.0, 0.0, 0.0, 0.0, 0.0, 0.0, 0.0, 0.0, 0.0, 0.0, 0.0, 0.0, 0.0, 0.0, 0.0, 0.0, 0.0, 0.0, 0.0, 0.0, 0.0, 0.0, 0.0, 0.0, 0.0, 0.0, 0.0, 0.0, 0.0, 0.0, 0.0, 0.0, 0.0, 0.0, 0.0, 0.0, 0.0, 0.0, 0.0, 0.0, 0.0, 0.0, 0.0, 0.0, 0.0, 0.0, 0.0, 0.0, 0.0, 0.0, 0.0, 0.0, 0.0, 0.0, 0.0, 0.0, 0.0, 0.0, 0.06557376682758331, 0.0, 0.032786883413791656, 0.016393441706895828, 0.0, 0.1803278625011444, 0.0, 0.688524603843689, 0.0, 0.016393441706895828, 0.0, 0.0, 0.0, 0.0, 0.0, 0.0, 0.0, 0.0, 0.0, 0.0, 0.0, 0.0, 0.0, 0.0, 0.0, 0.0, 0.0, 0.0, 0.0, 0.0, 0.0, 0.0, 0.0, 0.0, 0.0, 0.0, 0.0, 0.0, 0.0, 0.0, 0.0, 0.0, 0.0, 0.0, 0.0, 0.0, 0.0, 0.0, 0.0, 0.0, 0.0, 0.0, 0.0, 0.0, 0.0, 0.0, 0.0, 0.0, 0.0, 0.0, 0.0, 0.0, 0.0, 0.0, 0.0, 0.0, 0.0, 0.0, 0.0, 0.0, 0.0, 0.0, 0.0, 0.0, 0.0, 0.0, 0.0, 0.0, 0.0, 0.0, 0.0, 0.0, 0.0, 0.0, 0.0, 0.0, 0.0, 0.0, 0.0, 0.0, 0.0, 0.0, 0.0, 0.0, 0.0, 0.0, 0.0, 0.0, 0.0, 0.0, 0.0, 0.0, 0.0, 0.0, 0.0, 0.0, 0.0, 0.0, 0.0, 0.0, 0.0, 0.0, 0.0, 0.0, 0.0, 0.0, 0.0, 0.0, 0.0, 0.0, 0.0, 0.0, 0.0, 0.0, 0.0, 0.0, 0.0, 0.0, 0.0, 0.0, 0.0, 0.0, 0.0, 0.0, 0.0, 0.0, 0.0, 0.0, 0.0, 0.0, 0.0, 0.0, 0.0, 0.0, 0.0, 0.0, 0.0, 0.0, 0.0, 0.0, 0.0, 0.0, 0.0, 0.0], "tonal.chords_histogram": [53.82685089111328, 14.930991172790527, 1.8820576667785645, 0.0, 0.0, 4.767879486083984, 0.25094103813171387, 12.045169830322266, 0.0, 0.0, 0.3764115571975708, 0.0, 0.0, 0.0, 0.0, 0.0, 0.0, 0.0, 0.0, 0.0, 0.8782935738563538, 0.0, 4.767879486083984, 6.273525714874268], "tonal.thpcp": [1.0, 0.937833309173584, 0.8226495385169983, 0.4477139413356781, 0.2670135200023651, 0.29215073585510254, 0.3579151928424835, 0.2905848026275635, 0.49720853567123413, 0.8019363880157471, 0.5223236680030823, 0.1799820512533188, 0.15185841917991638, 0.13580556213855743, 0.22098088264465332, 0.28945955634117126, 0.1910368651151657, 0.12158742547035217, 0.11791754513978958, 0.12385226786136627, 0.4155409336090088, 0.7315572500228882, 0.5408619046211243, 0.35925519466400146, 0.32831886410713196, 0.1861843764781952, 0.12174997478723526, 0.10507076978683472, 0.1018722876906395, 0.24685077369213104, 0.34007328748703003, 0.23837193846702576, 0.2395842969417572, 0.25121328234672546, 0.27904438972473145, 0.7765408754348755], "lowlevel.gfcc.cov": [[1775.2430419921875, -153.1519317626953, -58.73653030395508, -128.36386108398438, -159.01739501953125, -22.849830627441406, -59.619327545166016, -68.19763946533203, -97.14871978759766, -42.83705139160156, -141.708984375, -47.2377815246582, -80.69864654541016], [-153.1519317626953, 644.943603515625, -266.7596740722656, -62.65034103393555, 83.64247131347656, -40.179264068603516, 156.27525329589844, 51.43434143066406, 103.41551208496094, 11.278908729553223, 128.9288330078125, -69.67138671875, 67.68995666503906], [-58.73653030395508, -266.7596740722656, 628.2230224609375, 262.4510803222656, 59.913272857666016, 73.75205993652344, -65.10594177246094, -39.33361053466797, 14.943140029907227, 24.629947662353516, -11.569392204284668, 131.8060302734375, 4.841273784637451], [-128.36386108398438, -62.65034103393555, 262.4510803222656, 374.6475524902344, 135.4542694091797, 15.584884643554688, -28.820682525634766, -5.643519878387451, 50.94380569458008, -4.514378547668457, 26.647531509399414, 72.3094711303711, 73.01741027832031], [-159.01739501953125, 83.64247131347656, 59.913272857666016, 135.4542694091797, 260.0577392578125, 115.50578308105469, 102.20265197753906, 72.54779052734375, 70.33358001708984, 39.83372116088867, 70.65850067138672, 45.74697494506836, 78.92948913574219], [-22.849830627441406, -40.179264068603516, 73.75205993652344, 15.584884643554688, 115.50578308105469, 223.416015625, 121.59852600097656, 49.85181427001953, 31.401418685913086, 39.19886016845703, 51.35777282714844, 32.056697845458984, 27.748760223388672], [-59.619327545166016, 156.27525329589844, -65.10594177246094, -28.820682525634766, 102.20265197753906, 121.59852600097656, 225.62440490722656, 118.41046142578125, 63.7879638671875, 29.847200393676758, 83.1004409790039, 7.946646213531494, 36.30194854736328], [-68.19763946533203, 51.43434143066406, -39.33361053466797, -5.643519878387451, 72.54779052734375, 49.85181427001953, 118.41046142578125, 187.12582397460938, 108.3706283569336, 45.75785827636719, 57.59788513183594, 13.573012351989746, 32.69961929321289], [-97.14871978759766, 103.41551208496094, 14.943140029907227, 50.94380569458008, 70.33358001708984, 31.401418685913086, 63.7879638671875, 108.3706283569336, 165.18421936035156, 76.11369323730469, 61.0815315246582, -1.102474570274353, 32.73707962036133], [-42.83705139160156, 11.278908729553223, 24.629947662353516, -4.514378547668457, 39.83372116088867, 39.19886016845703, 29.847200393676758, 45.75785827636719, 76.11369323730469, 97.97322845458984, 54.65140151977539, 6.10409688949585, 4.759748935699463], [-141.708984375, 128.9288330078125, -11.569392204284668, 26.647531509399414, 70.65850067138672, 51.35777282714844, 83.1004409790039, 57.59788513183594, 61.0815315246582, 54.65140151977539, 121.74222564697266, 34.46543884277344, 45.62137222290039], [-47.2377815246582, -69.67138671875, 131.8060302734375, 72.3094711303711, 45.74697494506836, 32.056697845458984, 7.946646213531494, 13.573012351989746, -1.102474570274353, 6.10409688949585, 34.46543884277344, 114.591796875, 49.3203239440918], [-80.69864654541016, 67.68995666503906, 4.841273784637451, 73.01741027832031, 78.92948913574219, 27.748760223388672, 36.30194854736328, 32.69961929321289, 32.73707962036133, 4.759748935699463, 45.62137222290039, 49.3203239440918, 95.79410552978516]], "lowlevel.gfcc.icov": [[0.0006596364546567202, -0.00013636884978041053, 0.00012361942208372056, -0.00011657654249574989, 0.000393502734368667, -0.0002838660730049014, -0.00011540838022483513, -8.150386565830559e-05, 0.00030205168877728283, -0.0005313240690156817, 0.001081174472346902, -0.00028491413104347885, 0.00011918208474526182], [-0.00013636884978041053, 0.005518684629350901, -5.848112778039649e-05, 0.002199058188125491, -0.0021070148795843124, 0.003989752382040024, -0.00364852137863636, 0.004274006001651287, -0.004740059841424227, 0.0049439300782978535, -0.006438132841140032, 0.004365206696093082, -0.0029907776042819023], [0.00012361942208372056, -5.848112778039649e-05, 0.00404126662760973, -0.002726533217355609, 0.000681647623423487, -0.001699463464319706, 0.000417501840274781, 0.0006851585349068046, -0.0007383732008747756, -0.0015709861181676388, 0.0020713682752102613, -0.004822536371648312, 0.003384858136996627], [-0.00011657654249574989, 0.002199058188125491, -0.002726533217355609, 0.00742265535518527, -0.003854872193187475, 0.002839277731254697, 1.7633487914281432e-06, 0.0026957851368933916, -0.004423097707331181, 0.005721226800233126, -0.004254187922924757, 0.002785966033115983, -0.003920267801731825], [0.000393502734368667, -0.0021070148795843124, 0.000681647623423487, -0.003854872193187475, 0.009358203038573265, -0.004266391973942518, -0.0003411052457522601, -0.0023797580506652594, 0.0023938717786222696, -0.00433025136590004, 0.0033253596629947424, -0.0014959446853026748, -0.002225439064204693], [-0.0002838660730049014, 0.003989752382040024, -0.001699463464319706, 0.002839277731254697, -0.004266391973942518, 0.011599055491387844, -0.007087606471031904, 0.004060411360114813, -0.0021945133339613676, 0.0013466699747368693, -0.004277069121599197, 0.0032736186403781176, -0.0026468869764357805], [-0.00011540838022483513, -0.00364852137863636, 0.000417501840274781, 1.7633487914281432e-06, -0.0003411052457522601, -0.007087606471031904, 0.014449079521000385, -0.007786338217556477, 0.002769331680610776, 0.0012458068085834384, -0.0017254370031878352, -0.0012827145401388407, 0.0024487124755978584], [-8.150386565830559e-05, 0.004274006001651287, 0.0006851585349068046, 0.0026957851368933916, -0.0023797580506652594, 0.004060411360114813, -0.007786338217556477, 0.0159144327044487, -0.011300096288323402, 0.004475144669413567, -0.0034198572393506765, -0.00010514348105061799, -0.0015531211392953992], [0.00030205168877728283, -0.004740059841424227, -0.0007383732008747756, -0.004423097707331181, 0.0023938717786222696, -0.0021945133339613676, 0.002769331680610776, -0.011300096288323402, 0.021527960896492004, -0.01458629872649908, 0.0050559258088469505, 0.0017863436369225383, -0.0014761319616809487], [-0.0005313240690156817, 0.0049439300782978535, -0.0015709861181676388, 0.005721226800233126, -0.00433025136590004, 0.0013466699747368693, 0.0012458068085834384, 0.004475144669413567, -0.01458629872649908, 0.028506191447377205, -0.01558954268693924, 0.003918045666068792, 0.0019310981733724475], [0.001081174472346902, -0.006438132841140032, 0.0020713682752102613, -0.004254187922924757, 0.0033253596629947424, -0.004277069121599197, -0.0017254370031878352, -0.0034198572393506765, 0.0050559258088469505, -0.01558954268693924, 0.027370505034923553, -0.010205539874732494, 0.00018449728668201715], [-0.00028491413104347885, 0.004365206696093082, -0.004822536371648312, 0.002785966033115983, -0.0014959446853026748, 0.0032736186403781176, -0.0012827145401388407, -0.00010514348105061799, 0.0017863436369225383, 0.003918045666068792, -0.010205539874732494, 0.022945106029510498, -0.012156374752521515], [0.00011918208474526182, -0.0029907776042819023, 0.003384858136996627, -0.003920267801731825, -0.002225439064204693, -0.0026468869764357805, 0.0024487124755978584, -0.0015531211392953992, -0.0014761319616809487, 0.0019310981733724475, 0.00018449728668201715, -0.012156374752521515, 0.024251913651823997]], "lowlevel.mfcc.cov": [[1543.8360595703125, -76.86792755126953, -113.87049102783203, -136.78909301757812, -147.1187744140625, -38.868778228759766, -70.56808471679688, -63.96519088745117, -42.52043151855469, -1.2744590044021606, -46.81106185913086, -92.5855484008789, -99.88648223876953], [-76.86792755126953, 535.14404296875, -250.6324462890625, -61.47245407104492, -79.9771499633789, -48.18320846557617, 67.86334991455078, 9.035719871520996, 24.250343322753906, 73.57048797607422, 53.61067581176758, 66.6087646484375, 10.874391555786133], [-113.87049102783203, -250.6324462890625, 501.3738098144531, 131.44700622558594, 98.73941040039062, 91.92525482177734, -58.195465087890625, 7.586071491241455, -16.220972061157227, -87.85885620117188, 1.9847968816757202, -0.08973217010498047, 37.027828216552734], [-136.78909301757812, -61.47245407104492, 131.44700622558594, 306.3777770996094, 135.41712951660156, 21.446903228759766, -31.053071975708008, 23.46758460998535, 20.795894622802734, -36.38861083984375, -30.243316650390625, 12.326019287109375, 47.66366958618164], [-147.1187744140625, -79.9771499633789, 98.73941040039062, 135.41712951660156, 210.5688018798828, 88.05101776123047, 11.723797798156738, 28.18031883239746, 41.692752838134766, 0.2696686387062073, -5.710362434387207, 12.268548011779785, 48.864601135253906], [-38.868778228759766, -48.18320846557617, 91.92525482177734, 21.446903228759766, 88.05101776123047, 185.39573669433594, 72.07035064697266, 25.197147369384766, 9.418097496032715, -8.826644897460938, 10.053436279296875, -1.7249951362609863, 12.338889122009277], [-70.56808471679688, 67.86334991455078, -58.195465087890625, -31.053071975708008, 11.723797798156738, 72.07035064697266, 175.30776977539062, 86.52474975585938, 28.76241111755371, 31.194597244262695, 32.434268951416016, 24.44259262084961, 21.306081771850586], [-63.96519088745117, 9.035719871520996, 7.586071491241455, 23.46758460998535, 28.18031883239746, 25.197147369384766, 86.52474975585938, 132.02536010742188, 64.33855438232422, 22.535242080688477, 21.35837173461914, 23.014495849609375, 41.76302719116211], [-42.52043151855469, 24.250343322753906, -16.220972061157227, 20.795894622802734, 41.692752838134766, 9.418097496032715, 28.76241111755371, 64.33855438232422, 105.21200561523438, 67.20036315917969, 31.603801727294922, 30.162555694580078, 33.30115509033203], [-1.2744590044021606, 73.57048797607422, -87.85885620117188, -36.38861083984375, 0.2696686387062073, -8.826644897460938, 31.194597244262695, 22.535242080688477, 67.20036315917969, 131.75340270996094, 66.56061553955078, 42.86414337158203, 5.17158842086792], [-46.81106185913086, 53.61067581176758, 1.9847968816757202, -30.243316650390625, -5.710362434387207, 10.053436279296875, 32.434268951416016, 21.35837173461914, 31.603801727294922, 66.56061553955078, 101.09506225585938, 61.55950927734375, 14.96003532409668], [-92.5855484008789, 66.6087646484375, -0.08973217010498047, 12.326019287109375, 12.268548011779785, -1.7249951362609863, 24.44259262084961, 23.014495849609375, 30.162555694580078, 42.86414337158203, 61.55950927734375, 101.94391632080078, 52.1673583984375], [-99.88648223876953, 10.874391555786133, 37.027828216552734, 47.66366958618164, 48.864601135253906, 12.338889122009277, 21.306081771850586, 41.76302719116211, 33.30115509033203, 5.17158842086792, 14.96003532409668, 52.1673583984375, 98.54838562011719]], "lowlevel.mfcc.icov": [[0.0007723833550699055, 0.00018330506281927228, 0.0001890353742055595, 7.563389954157174e-05, 0.0005376791232265532, -0.0003200088976882398, 0.0003912633110303432, -6.818272231612355e-05, -1.550729211885482e-05, -0.00024227501126006246, 0.00016196932119783014, 0.0003366597229614854, 0.00018795556388795376], [0.00018330506281927228, 0.0029392053838819265, 0.001372272614389658, -0.0004353818076197058, 0.0010440193582326174, -7.354799163294956e-05, -0.0007193268393166363, 0.000728165206965059, -0.0004538045614026487, 0.000180993287358433, -0.000671722344122827, -0.0012555132852867246, -0.0001946576521731913], [0.0001890353742055595, 0.001372272614389658, 0.004103642422705889, -0.0009504605550318956, 0.0002693127316888422, -0.0020225264597684145, 0.002146718092262745, -0.0008980336133390665, -4.112804526812397e-05, 0.0027840984985232353, -0.0030329523142427206, 4.767936479765922e-05, -0.0007028789259493351], [7.563389954157174e-05, -0.0004353818076197058, -0.0009504605550318956, 0.00558668514713645, -0.0034849410876631737, 0.001091254991479218, 0.000919693207833916, -0.0011291056871414185, -4.554943734547123e-05, 0.0006653648451901972, 0.0019721174612641335, -0.001325138844549656, 3.3364198316121474e-05], [0.0005376791232265532, 0.0010440193582326174, 0.0002693127316888422, -0.0034849410876631737, 0.010498205199837685, -0.004493501037359238, 0.0005808225250802934, 0.0011941730044782162, -0.0027884659357368946, -0.0011574964737519622, 0.0008877405780367553, 0.000657299009617418, -0.0027400883845984936], [-0.0003200088976882398, -7.354799163294956e-05, -0.0020225264597684145, 0.001091254991479218, -0.004493501037359238, 0.010385620407760143, -0.005938686430454254, 0.0024947046767920256, -0.000691376393660903, 0.0011260018218308687, -0.0009677953203208745, 0.0011029861634597182, 0.0008079321123659611], [0.0003912633110303432, -0.0007193268393166363, 0.002146718092262745, 0.000919693207833916, 0.0005808225250802934, -0.005938686430454254, 0.014134055003523827, -0.009900031611323357, 0.00445289071649313, -0.001507335458882153, -0.0010417451849207282, -0.0005949264159426093, -0.00013274488446768373], [-6.818272231612355e-05, 0.000728165206965059, -0.0008980336133390665, -0.0011291056871414185, 0.0011941730044782162, 0.0024947046767920256, -0.009900031611323357, 0.019438164308667183, -0.011640310287475586, 0.004122517071664333, -0.0015288586728274822, 0.001785985310561955, -0.003263800172135234], [-1.550729211885482e-05, -0.0004538045614026487, -4.112804526812397e-05, -4.554943734547123e-05, -0.0027884659357368946, -0.000691376393660903, 0.00445289071649313, -0.011640310287475586, 0.024862615391612053, -0.012489117681980133, 0.0017869450384750962, 0.00037091647391207516, -0.002702417317777872], [-0.00024227501126006246, 0.000180993287358433, 0.0027840984985232353, 0.0006653648451901972, -0.0011574964737519622, 0.0011260018218308687, -0.001507335458882153, 0.004122517071664333, -0.012489117681980133, 0.02110622450709343, -0.010324479080736637, -0.0011319277109578252, 0.002657538978382945], [0.00016196932119783014, -0.000671722344122827, -0.0030329523142427206, 0.0019721174612641335, 0.0008877405780367553, -0.0009677953203208745, -0.0010417451849207282, -0.0015288586728274822, 0.0017869450384750962, -0.010324479080736637, 0.024976953864097595, -0.012319137342274189, 0.0036457572132349014], [0.0003366597229614854, -0.0012555132852867246, 4.767936479765922e-05, -0.001325138844549656, 0.000657299009617418, 0.0011029861634597182, -0.0005949264159426093, 0.001785985310561955, 0.00037091647391207516, -0.0011319277109578252, -0.012319137342274189, 0.02420918643474579, -0.011000660248100758], [0.00018795556388795376, -0.0001946576521731913, -0.0007028789259493351, 3.3364198316121474e-05, -0.0027400883845984936, 0.0008079321123659611, -0.00013274488446768373, -0.003263800172135234, -0.002702417317777872, 0.002657538978382945, 0.0036457572132349014, -0.011000660248100758, 0.019320156425237656]], "metadata.audio_properties.analysis.downmix": "mix", "metadata.audio_properties.codec": "mp3", "metadata.audio_properties.md5_encoded": "dcbe05c3de03aa031bb37f8144a5e6e0", "metadata.tags.file_name": "1183694229638221844.mp3", "metadata.version.essentia": "2.1-beta6-dev", "metadata.version.essentia_git_sha": "v2.1_beta5-1110-g77a6a954", "metadata.version.extractor": "music 2.0", "tonal.chords_key": "G", "tonal.chords_scale": "minor", "tonal.key_edma.key": "G", "tonal.key_edma.scale": "minor", "tonal.key_krumhansl.key": "G", "tonal.key_krumhansl.scale": "minor", "tonal.key_temperley.key": "G", "tonal.key_temperley.scale": 