{"song_id": "1183709993606840341", "download": "https://cdn.discordapp.com/attachments/1128313332273782784/1183709993606840341/chirp.mp4?ex=658952d6&amp", "lyrics": "\u0421 \u0414\u043d\u0451\u043c \u0420\u043e\u0436\u0434\u0435\u043d\u0438\u044f \u0442\u0435\u0431\u044f \u041d\u0430\u0434\u044f!\n\u041f\u0443\u0441\u0442\u044c \u0440\u0430\u0434\u043e\u0441\u0442\u044c \u0432\u0441\u0435\u0433\u0434\u0430 \u043f\u043e\u0431\u0435\u0436\u0434\u0430\u0435\u0442 \u0433\u0440\u0443\u0441\u0442\u044c,\n\u041f\u043b\u044b\u0432\u0438 \u043f\u043e \u0436\u0438\u0437\u043d\u0438 \u043d\u0430\u0437\u0430\u0434 \u043d\u0435 \u0433\u043b\u044f\u0434\u044f, \n\u0418 \u043f\u0430\u0440\u0443\u0441 \u0442\u0432\u043e\u0439 \u0440\u0430\u0437\u0432\u0438\u0432\u0430\u0435\u0442\u0441\u044f \u043f\u0443\u0441\u0442\u044c!  (\u041f\u0443\u0443\u0443\u0441\u0442\u044c)\n\u041f\u0443\u0441\u0442\u044c \u0431\u0443\u0434\u0443\u0442 \u0441\u0447\u0430\u0441\u0442\u044c\u044f \u0448\u0438\u0440\u043e\u043a\u0438\u0435 \u0440\u0435\u043a\u0438, \n\u0418 \u0432\u043e\u043b\u043d\u044b \u043b\u044e\u0431\u0432\u0438 \u0443 \u043c\u043e\u0440\u0441\u043a\u0438\u0445 \u0431\u0435\u0440\u0435\u0433\u043e\u0432,\n\u0412\u043f\u0435\u0440\u0451\u0434 \u043f\u043e\u043d\u0435\u0441\u0451\u0442 \u0432\u043e\u0434\u043e\u043f\u0430\u0434 \u0442\u0435\u0431\u044f \u043d\u0435\u043a\u0438\u0439\n\u0421\u043a\u0432\u043e\u0437\u044c \u0434\u0436\u0443\u043d\u0433\u043b\u0438 \u0441\u0430\u043c\u044b\u0445 \u043f\u0440\u0435\u043a\u0440\u0430\u0441\u043d\u044b\u0445 \u0446\u0432\u0435\u0442\u043e\u0432! \n\u0421 \u0414\u043d\u0451\u043c \u0420\u043e\u0436\u0434\u0435\u043d\u0438\u044f, \u0442\u0435\u0431\u044f\u044f\u044f\u044f, \u041d\u0430\u0434\u044f\u044f\u044f!\n\u0421 \u0414\u043d\u0451\u043c \u0440\u043e\u0436\u0434\u0435\u043d\u0438\u044f, \u0442\u0435\u0431\u044f, \u0423\u0420\u0410\u0410\u0410!!!", "style": ["\u6708\u5149\u60c5\u6b4c"], "essentia_features": {"lowlevel.average_loudness": 0.7285895347595215, "lowlevel.barkbands_crest.mean": 14.89471435546875, "lowlevel.barkbands_crest.stdev": 5.496187210083008, "lowlevel.barkbands_flatness_db.mean": 0.20586059987545013, "lowlevel.barkbands_flatness_db.stdev": 0.07348216325044632, "lowlevel.barkbands_kurtosis.mean": 26.208288192749023, "lowlevel.barkbands_kurtosis.stdev": 53.83216094970703, "lowlevel.barkbands_skewness.mean": 3.5258753299713135, "lowlevel.barkbands_skewness.stdev": 2.919464111328125, "lowlevel.barkbands_spread.mean": 18.97088050842285, "lowlevel.barkbands_spread.stdev": 18.950077056884766, "lowlevel.dissonance.mean": 0.44543591141700745, "lowlevel.dissonance.stdev": 0.04898069426417351, "lowlevel.dynamic_complexity": 2.6548285484313965, "lowlevel.erbbands_crest.mean": 10.519817352294922, "lowlevel.erbbands_crest.stdev": 4.858381271362305, "lowlevel.erbbands_flatness_db.mean": 0.14885999262332916, "lowlevel.erbbands_flatness_db.stdev": 0.051322679966688156, "lowlevel.erbbands_kurtosis.mean": 2.5967280864715576, "lowlevel.erbbands_kurtosis.stdev": 5.623989105224609, "lowlevel.erbbands_skewness.mean": 0.6862747669219971, "lowlevel.erbbands_skewness.stdev": 1.389565110206604, "lowlevel.erbbands_spread.mean": 52.8298454284668, "lowlevel.erbbands_spread.stdev": 30.727828979492188, "lowlevel.hfc.mean": 28.671527862548828, "lowlevel.hfc.stdev": 25.27114486694336, "lowlevel.loudness_ebu128.integrated": -16.19912338256836, "lowlevel.loudness_ebu128.loudness_range": 6.2166748046875, "lowlevel.loudness_ebu128.momentary.mean": -17.095775604248047, "lowlevel.loudness_ebu128.momentary.stdev": 2.9308626651763916, "lowlevel.loudness_ebu128.short_term.mean": -16.87384033203125, "lowlevel.loudness_ebu128.short_term.stdev": 2.215061902999878, "lowlevel.melbands_crest.mean": 19.859304428100586, "lowlevel.melbands_crest.stdev": 6.9071245193481445, "lowlevel.melbands_flatness_db.mean": 0.28351548314094543, "lowlevel.melbands_flatness_db.stdev": 0.09355375915765762, "lowlevel.melbands_kurtosis.mean": 66.95791625976562, "lowlevel.melbands_kurtosis.stdev": 94.17018127441406, "lowlevel.melbands_skewness.mean": 5.429326057434082, "lowlevel.melbands_skewness.stdev": 3.8336541652679443, "lowlevel.melbands_spread.mean": 17.37369155883789, "lowlevel.melbands_spread.stdev": 30.632564544677734, "lowlevel.pitch_salience.mean": 0.43699055910110474, "lowlevel.pitch_salience.stdev": 0.16415998339653015, "lowlevel.silence_rate_20dB.mean": 0.9646581411361694, "lowlevel.silence_rate_20dB.stdev": 0.18464204668998718, "lowlevel.silence_rate_30dB.mean": 0.7769408822059631, "lowlevel.silence_rate_30dB.stdev": 0.4162990152835846, "lowlevel.silence_rate_60dB.mean": 0.05851680040359497, "lowlevel.silence_rate_60dB.stdev": 0.2347206473350525, "lowlevel.spectral_centroid.mean": 1118.0181884765625, "lowlevel.spectral_centroid.stdev": 980.306396484375, "lowlevel.spectral_complexity.mean": 12.984936714172363, "lowlevel.spectral_complexity.stdev": 9.958889961242676, "lowlevel.spectral_decrease.mean": -1.8722690953154597e-08, "lowlevel.spectral_decrease.stdev": 2.2776593056050842e-08, "lowlevel.spectral_energy.mean": 0.07326430082321167, "lowlevel.spectral_energy.stdev": 0.08686144649982452, "lowlevel.spectral_energyband_high.mean": 0.0016852597473189235, "lowlevel.spectral_energyband_high.stdev": 0.00247694319114089, "lowlevel.spectral_energyband_low.mean": 0.04932616278529167, "lowlevel.spectral_energyband_low.stdev": 0.08531714975833893, "lowlevel.spectral_energyband_middle_high.mean": 0.0034465137869119644, "lowlevel.spectral_energyband_middle_high.stdev": 0.004385854117572308, "lowlevel.spectral_energyband_middle_low.mean": 0.019742729142308235, "lowlevel.spectral_energyband_middle_low.stdev": 0.01757854036986828, "lowlevel.spectral_entropy.mean": 7.4448981285095215, "lowlevel.spectral_entropy.stdev": 0.6835952997207642, "lowlevel.spectral_flux.mean": 0.10095564275979996, "lowlevel.spectral_flux.stdev": 0.07589112967252731, "lowlevel.spectral_kurtosis.mean": 3.9069576263427734, "lowlevel.spectral_kurtosis.stdev": 5.5011186599731445, "lowlevel.spectral_rms.mean": 0.007329712156206369, "lowlevel.spectral_rms.stdev": 0.004213395528495312, "lowlevel.spectral_rolloff.mean": 1446.890380859375, "lowlevel.spectral_rolloff.stdev": 2825.3818359375, "lowlevel.spectral_skewness.mean": 1.669463872909546, "lowlevel.spectral_skewness.stdev": 0.710544764995575, "lowlevel.spectral_spread.mean": 7215313.0, "lowlevel.spectral_spread.stdev": 2167109.0, "lowlevel.spectral_strongpeak.mean": 0.8206029534339905, "lowlevel.spectral_strongpeak.stdev": 0.6832250356674194, "lowlevel.zerocrossingrate.mean": 0.06674996763467789, "lowlevel.zerocrossingrate.stdev": 0.06969241797924042, "metadata.audio_properties.analysis.equal_loudness": 0.0, "metadata.audio_properties.analysis.length": 40.04265213012695, "metadata.audio_properties.analysis.sample_rate": 44100.0, "metadata.audio_properties.analysis.start_time": 0.0, "metadata.audio_properties.bit_rate": 122754.0, "metadata.audio_properties.length": 40.042667388916016, "metadata.audio_properties.lossless": 0.0, "metadata.audio_properties.number_channels": 1.0, "metadata.audio_properties.replay_gain": -8.51093864440918, "metadata.audio_properties.sample_rate": 48000.0, "rhythm.beats_count": 81.0, "rhythm.beats_loudness.mean": 0.11008796095848083, "rhythm.beats_loudness.stdev": 0.11042123287916183, "rhythm.bpm": 128.18846130371094, "rhythm.bpm_histogram_first_peak_bpm": 129.0, "rhythm.bpm_histogram_first_peak_weight": 0.3207547664642334, "rhythm.bpm_histogram_second_peak_bpm": 110.0, "rhythm.bpm_histogram_second_peak_spread": 0.4375, "rhythm.bpm_histogram_second_peak_weight": 0.11249999701976776, "rhythm.danceability": 1.1701196432113647, "rhythm.onset_rate": 4.54381799697876, "tonal.chords_changes_rate": 0.0902777761220932, "tonal.chords_number_rate": 0.015046296641230583, "tonal.chords_strength.mean": 0.5181518197059631, "tonal.chords_strength.stdev": 0.11088208109140396, "tonal.hpcp_crest.mean": 13.156302452087402, "tonal.hpcp_crest.stdev": 6.408913612365723, "tonal.hpcp_entropy.mean": 2.116898775100708, "tonal.hpcp_entropy.stdev": 0.8201075196266174, "tonal.key_edma.strength": 0.7296509146690369, "tonal.key_krumhansl.strength": 0.7371023893356323, "tonal.key_temperley.strength": 0.7488061785697937, "tonal.tuning_diatonic_strength": 0.7163394689559937, "tonal.tuning_equal_tempered_deviation": 0.2532414495944977, "tonal.tuning_frequency": 434.193115234375, "tonal.tuning_nontempered_energy_ratio": 0.9209884405136108, "lowlevel.barkbands.mean": [0.004197695292532444, 0.03981554135680199, 0.004427510779350996, 0.0028621871024370193, 0.011082706041634083, 0.000999630894511938, 0.0032130645122379065, 0.0004475564928725362, 0.00105717359110713, 0.0007032591965980828, 0.0004943250678479671, 0.00030940931173972785, 0.00021185939840506762, 0.00036496942630037665, 0.000451931991847232, 0.00026182399597018957, 0.00027896350366063416, 0.00020025428966619074, 0.000136601272970438, 0.00015989285020623356, 0.00017389273853041232, 0.00027679873164743185, 0.00015378462558146566, 0.00028456354630179703, 0.0004840206238441169, 0.00020712875993922353, 7.825628017599229e-06], "lowlevel.barkbands.stdev": [0.00877922773361206, 0.07805971056222916, 0.013130737468600273, 0.006185454316437244, 0.01227608323097229, 0.002535348292440176, 0.005650924984365702, 0.0014223138568922877, 0.0023057078942656517, 0.0017516822554171085, 0.0016804971965029836, 0.0007015856099314988, 0.0004347562207840383, 0.0007372707477770746, 0.0008371570147573948, 0.00043809227645397186, 0.00045709265395998955, 0.0002874773053918034, 0.0003578035975806415, 0.00029130151960998774, 0.0003293140325695276, 0.0005958970868960023, 0.000375165807781741, 0.0005084876902401447, 0.0006892369128763676, 0.0003524403437040746, 2.6048184736282565e-05], "lowlevel.erbbands.mean": [1.6426106691360474, 6.887259483337402, 6.229916572570801, 7.981020927429199, 30.202760696411133, 37.402706146240234, 7.058039665222168, 11.902181625366211, 46.679046630859375, 23.625518798828125, 15.807509422302246, 23.651790618896484, 15.504944801330566, 24.818408966064453, 20.142786026000977, 11.00633430480957, 9.648260116577148, 15.230777740478516, 24.73859214782715, 19.296598434448242, 14.388825416564941, 16.428688049316406, 11.228034973144531, 9.008893013000488, 5.987684726715088, 7.5487470626831055, 7.537667751312256, 7.41423225402832, 10.739934921264648, 6.495241641998291, 4.134037017822266, 3.9514098167419434, 6.190439701080322, 5.811954498291016, 3.1035425662994385, 1.116833209991455, 0.34358131885528564, 0.048093196004629135, 0.0012120703468099236, 0.00012418930418789387], "lowlevel.erbbands.stdev": [3.6530349254608154, 12.73836898803711, 14.341150283813477, 17.684228897094727, 35.633018493652344, 48.622249603271484, 14.837359428405762, 27.608142852783203, 85.8117446899414, 57.94832992553711, 37.767669677734375, 55.51740264892578, 34.315452575683594, 65.37932586669922, 53.337276458740234, 21.328569412231445, 18.20667266845703, 29.276647567749023, 44.71807861328125, 34.970603942871094, 22.394874572753906, 26.56839370727539, 16.08321762084961, 15.358307838439941, 19.4925479888916, 13.810957908630371, 12.92715835571289, 15.350179672241211, 23.18473243713379, 15.350337982177734, 10.121681213378906, 8.947672843933105, 9.964263916015625, 8.535526275634766, 4.67153787612915, 1.9522172212600708, 0.6082248687744141, 0.08887337893247604, 0.0026959055103361607, 0.00012419954873621464], "lowlevel.gfcc.mean": [-4.125260829925537, 56.42264938354492, -71.59153747558594, 28.74886703491211, -51.585384368896484, 14.930647850036621, -53.82572555541992, 12.420893669128418, -36.63679504394531, 8.020727157592773, -27.51073455810547, -0.4881632924079895, -7.996241569519043], "lowlevel.melbands.mean": [0.012809490785002708, 0.005028418730944395, 0.001953733852133155, 0.0028408376965671778, 0.00041441110079176724, 0.0002791268634609878, 0.0006910800002515316, 0.0002021170948864892, 0.00015323996194638312, 0.00013691156345885247, 7.757302955724299e-05, 0.000104856415418908, 7.040303171379492e-05, 3.960797766922042e-05, 2.2799635189585388e-05, 2.092007707688026e-05, 2.9144048312446102e-05, 4.02091427531559e-05, 3.2720206945668906e-05, 1.9613909898907878e-05, 1.6144860637723468e-05, 1.7748916434356943e-05, 1.2897534361400176e-05, 8.402344974456355e-06, 7.299807748495368e-06, 4.385846295917872e-06, 4.244886895321542e-06, 5.206358764553443e-06, 5.028569376008818e-06, 3.977700544055551e-06, 4.409703251440078e-06, 6.571221092599444e-06, 4.6321129048010334e-06, 3.233767301935586e-06, 2.4078303795249667e-06, 2.0568506897689076e-06, 2.53993221122073e-06, 4.1652929212432355e-06, 4.844324394071009e-06, 4.9718355512595735e-06], "lowlevel.melbands.stdev": [0.026211392134428024, 0.008458482101559639, 0.003139734733849764, 0.003145563183352351, 0.0007947253761813045, 0.0006166253006085753, 0.0012157304445281625, 0.000538948574103415, 0.00036558485589921474, 0.0003187057445757091, 0.0001818850141717121, 0.0002767312398646027, 0.00021793358610011637, 9.201371722156182e-05, 5.06432588736061e-05, 4.031607022625394e-05, 5.9601094108074903e-05, 7.770998490741476e-05, 6.422426667995751e-05, 3.503554398776032e-05, 2.7254782253294252e-05, 3.092728729825467e-05, 2.158234201488085e-05, 1.2229309504618868e-05, 1.3107997801853344e-05, 1.5011196410341654e-05, 1.141660050052451e-05, 9.607465472072363e-06, 8.94933327799663e-06, 8.466369763482362e-06, 9.653645975049585e-06, 1.4405066394829191e-05, 1.0831569852598477e-05, 8.01394708105363e-06, 6.167509582155617e-06, 5.1980559874209575e-06, 5.826746473758249e-06, 7.055681180645479e-06, 7.495224508602405e-06, 7.3566061473684385e-06], "lowlevel.melbands128.mean": [0.0038445214740931988, 0.014441585168242455, 0.01678580418229103, 0.009596814401447773, 0.003770829178392887, 0.002097106073051691, 0.001420779386535287, 0.0015423771692439914, 0.0031222153920680285, 0.004112313501536846, 0.001867337734438479, 0.00047816921141929924, 0.00012786536535713822, 0.00010817994188982993, 0.00019036279991269112, 0.00032426544930785894, 0.0007685026503168046, 0.0008734095026738942, 0.0004708188062068075, 0.00022636426729150116, 7.414171705022454e-05, 7.167783769546077e-05, 0.00015184660151135176, 0.0002567983465269208, 0.00018714553152676672, 7.223823922686279e-05, 6.233258318388835e-05, 5.348731792764738e-05, 0.00011714694846887141, 0.0001336355198873207, 8.730756962904707e-05, 7.382593321381137e-05, 7.857423042878509e-05, 5.9049605624750257e-05, 5.5554592108819634e-05, 2.9507677027140744e-05, 2.0531027985271066e-05, 2.5454008209635504e-05, 2.2312555302050896e-05, 1.825590879889205e-05, 1.972875361389015e-05, 2.5999255740316585e-05, 2.701003359106835e-05, 2.8597212804015726e-05, 4.3040377931902185e-05, 4.082323721377179e-05, 4.080784128746018e-05, 3.605839447118342e-05, 2.764594682957977e-05, 2.4396895241807215e-05, 1.8090287994709797e-05, 1.537509888294153e-05, 1.6658654203638434e-05, 1.620617331354879e-05, 1.5440733477589674e-05, 2.166965714422986e-05, 1.5308909496525303e-05, 1.4128147995506879e-05, 1.2696174962911755e-05, 8.647512913739774e-06, 8.01286478235852e-06, 7.856256161176134e-06, 9.142942872131243e-06, 6.883653441036586e-06, 5.005032562621636e-06, 4.098925273865461e-06, 4.2807341742445715e-06, 3.7610791423503542e-06, 4.037601229356369e-06, 5.265721483738162e-06, 4.953853022016119e-06, 5.225383119977778e-06, 5.9721878642449155e-06, 5.0568328333611134e-06, 3.861936875182437e-06, 4.15121348851244e-06, 4.0174127207137644e-06, 3.457371349213645e-06, 4.311116299504647e-06, 5.182240329304477e-06, 7.013171853031963e-06, 7.384363925666548e-06, 5.498988684848882e-06, 4.27042732553673e-06, 4.017152605229057e-06, 3.292682549727033e-06, 3.0475157473119907e-06, 2.852648322004825e-06, 2.3657280507904943e-06, 2.0818158645852236e-06, 2.1289099549903767e-06, 2.0673940070992103e-06, 1.9124906884826487e-06, 2.1881567136006197e-06, 3.0670667001686525e-06, 3.911153271474177e-06, 4.3083305172331166e-06, 4.7961425480025355e-06, 4.5347392187977675e-06, 5.130490080773598e-06, 5.216338195168646e-06, 4.7046687541296706e-06, 5.017121566197602e-06, 4.809100573766045e-06, 3.530888079694705e-06, 2.5090441795327934e-06, 2.3333886929322034e-06, 2.218765985162463e-06, 1.9701808469108073e-06, 1.6374598317270284e-06, 1.2317148048168747e-06, 1.080604533854057e-06, 1.1217179007871891e-06, 1.0458056749484967e-06, 7.721354791101476e-07, 4.631442607205827e-07, 2.3900699375190015e-07, 9.567644099206518e-08, 1.1431500190894894e-08, 3.3423949719058044e-10, 2.540404171746946e-11, 1.1777611004515354e-11, 1.1469609116632196e-11, 1.1252353215862598e-11, 1.1017646864286412e-11, 1.0749400501663953e-11, 1.0587814479323665e-11, 1.0517498330586683e-11], "lowlevel.melbands128.stdev": [0.007983735762536526, 0.03324774652719498, 0.03665512427687645, 0.016772093251347542, 0.008619031868875027, 0.006322240456938744, 0.0038692750968039036, 0.003150268690660596, 0.004227524623274803, 0.005238824058324099, 0.0032125660218298435, 0.0013081403449177742, 0.00048120354767888784, 0.00036618098965846, 0.0006521352333948016, 0.0009681537048891187, 0.0018079249421134591, 0.001788122346624732, 0.0012227651895955205, 0.0009062637691386044, 0.00034401772427372634, 0.00031856101122684777, 0.0005093240179121494, 0.0006951472023501992, 0.0005994425737299025, 0.00025972671573981643, 0.0002611796371638775, 0.00019106772379018366, 0.0003679674700833857, 0.0004473440640140325, 0.0003337132220622152, 0.0003863839665427804, 0.0003153874131385237, 0.00019858696032315493, 0.000189405502169393, 7.724863826297224e-05, 6.464370380854234e-05, 7.321878365473822e-05, 6.983203638810664e-05, 4.346822606748901e-05, 5.1194376283092424e-05, 6.283033872023225e-05, 7.948905840748921e-05, 7.555338379461318e-05, 0.00012256634363438934, 0.00010888325778068975, 9.579112520441413e-05, 9.575233707437292e-05, 7.390746031887829e-05, 5.441247412818484e-05, 4.084061583853327e-05, 3.7809546483913437e-05, 3.408123302506283e-05, 3.647661651484668e-05, 3.253854447393678e-05, 4.818224988412112e-05, 3.112514241365716e-05, 3.056877903873101e-05, 2.4111111997626722e-05, 1.6365209376090206e-05, 1.3477041648002341e-05, 1.339600385108497e-05, 1.7741309420671314e-05, 1.4700700376124587e-05, 1.3653446330863517e-05, 1.5899560821708292e-05, 1.912185143737588e-05, 1.5945659470162354e-05, 1.057478857546812e-05, 1.1233028089918662e-05, 1.0413572454126552e-05, 1.1961266864091158e-05, 1.1518755854922347e-05, 1.071735914592864e-05, 7.382767762464937e-06, 9.311072972195689e-06, 1.0268403457303066e-05, 8.855018677422777e-06, 1.03782012956799e-05, 1.2408511793182697e-05, 1.7515169020043686e-05, 1.7501557522336952e-05, 1.3781924280920066e-05, 1.0544124961597845e-05, 1.1210026968910825e-05, 8.652385986351874e-06, 8.086870366241783e-06, 8.523863471054938e-06, 6.344680059555685e-06, 5.521191724255914e-06, 5.932075509917922e-06, 5.662918283633189e-06, 5.478331331687514e-06, 6.1428304434230085e-06, 7.12264727553702e-06, 7.3303112912981305e-06, 7.478206953237532e-06, 8.79441085999133e-06, 7.355717571044806e-06, 8.791386790107936e-06, 8.577295375289395e-06, 7.669445039937273e-06, 7.393622126983246e-06, 7.496763373637805e-06, 6.4920582190097775e-06, 4.7467369768128265e-06, 4.493851974984864e-06, 3.9880451367935166e-06, 3.775673576456029e-06, 3.7786903703818098e-06, 2.7318280899635283e-06, 2.2044034722057404e-06, 2.1583985017059604e-06, 2.034768613157212e-06, 1.369245296700683e-06, 9.559503268974368e-07, 6.483005563495681e-07, 5.381177743402077e-07, 8.913501403640112e-08, 1.327231924364014e-08, 5.282968507103192e-10, 2.5778865153647246e-11, 2.5188380894936024e-11, 2.4737944331887363e-11, 2.436344702372306e-11, 2.4060380424129058e-11, 2.384230139707011e-11, 2.3709131879989798e-11], "lowlevel.mfcc.mean": [-668.1273193359375, 102.45954895019531, 29.120738983154297, 19.944456100463867, 21.67426872253418, -0.06833900511264801, 5.016322135925293, -11.383336067199707, 9.795938491821289, -13.503349304199219, -1.4749692678451538, -4.958108425140381, -8.402573585510254], "lowlevel.spectral_contrast_coeffs.mean": [-0.5875480771064758, -0.7014560699462891, -0.7823812365531921, -0.7947676181793213, -0.7989928126335144, -0.7550352215766907], "lowlevel.spectral_contrast_coeffs.stdev": [0.13000543415546417, 0.12007763236761093, 0.08083172142505646, 0.05537161976099014, 0.04416694864630699, 0.0500546358525753], "lowlevel.spectral_contrast_valleys.mean": [-7.317691326141357, -7.457540988922119, -8.004490852355957, -8.013486862182617, -7.953201770782471, -10.110373497009277], "lowlevel.spectral_contrast_valleys.stdev": [1.5409717559814453, 0.8957511782646179, 1.0226061344146729, 1.0587382316589355, 1.0918155908584595, 1.196629524230957], "rhythm.beats_loudness_band_ratio.mean": [0.5940898656845093, 0.25793564319610596, 0.13105151057243347, 0.03945799171924591, 0.03165435418486595, 0.04193931445479393], "rhythm.beats_loudness_band_ratio.stdev": [0.31968456506729126, 0.26256343722343445, 0.16588546335697174, 0.07278984040021896, 0.04407748579978943, 0.12405439466238022], "tonal.hpcp.mean": [0.22581759095191956, 0.21145297586917877, 0.11802802234888077, 0.06903567910194397, 0.047937601804733276, 0.05744955688714981, 0.11044100672006607, 0.11304974555969238, 0.04903607815504074, 0.026161709800362587, 0.025431379675865173, 0.04281407222151756, 0.0857592299580574, 0.08310089260339737, 0.04561746492981911, 0.06286749243736267, 0.11073433607816696, 0.07937070727348328, 0.03137136995792389, 0.03728722035884857, 0.04396053031086922, 0.10591822117567062, 0.17805598676204681, 0.1105436161160469, 0.0301339253783226, 0.03327156603336334, 0.04704289138317108, 0.07405567914247513, 0.07454724609851837, 0.051479700952768326, 0.043665338307619095, 0.05128803849220276, 0.09144307672977448, 0.17456752061843872, 0.20529057085514069, 0.18059921264648438], "tonal.hpcp.stdev": [0.34949737787246704, 0.3463951051235199, 0.2567661702632904, 0.17918384075164795, 0.15004569292068481, 0.16845765709877014, 0.2480306476354599, 0.26442182064056396, 0.1319861263036728, 0.10089137405157089, 0.09892525523900986, 0.1372961699962616, 0.24280278384685516, 0.22244557738304138, 0.14859488606452942, 0.15967069566249847, 0.28809410333633423, 0.20182499289512634, 0.10702549666166306, 0.11867302656173706, 0.14096751809120178, 0.2179979830980301, 0.33428847789764404, 0.23697665333747864, 0.1070699468255043, 0.12931348383426666, 0.15336546301841736, 0.20458804070949554, 0.2026427686214447, 0.15333499014377594, 0.1488458514213562, 0.15513651072978973, 0.21997524797916412, 0.3017144501209259, 0.3224409818649292, 0.2953336834907532], "rhythm.beats_position": [0.5340589284896851, 1.0797278881072998, 1.6253968477249146, 2.1594557762145996, 2.693514585494995, 3.21596360206604, 3.7500226497650146, 4.28408145904541, 4.8297505378723145, 5.375419616699219, 5.921088218688965, 6.42031717300415, 6.919546127319336, 7.4536051750183105, 7.9760541915893555, 8.498503684997559, 9.055782318115234, 9.60145092010498, 10.147119522094727, 10.68117904663086, 11.226847648620605, 11.772517204284668, 12.271745681762695, 12.75936508178711, 13.246983528137207, 13.734602928161621, 14.210612297058105, 14.686620712280273, 15.162630081176758, 15.627029418945312, 16.091428756713867, 16.555828094482422, 17.020225524902344, 17.4846248626709, 17.949024200439453, 18.413423538208008, 18.889432907104492, 19.365442276000977, 19.82984161376953, 20.305849075317383, 20.781858444213867, 21.246257781982422, 21.710657119750977, 22.17505645751953, 22.639455795288086, 23.10385513305664, 23.568254470825195, 24.032651901245117, 24.5086612701416, 24.984670639038086, 25.46068000793457, 25.925079345703125, 26.40108871459961, 26.86548614501953, 27.329885482788086, 27.79428482055664, 28.270294189453125, 28.74630355834961, 29.210702896118164, 29.698322296142578, 30.1627197265625, 30.627119064331055, 31.09151840209961, 31.555917739868164, 32.02031707763672, 32.48471450805664, 32.960723876953125, 33.43673324584961, 33.9011344909668, 34.36553192138672, 34.829933166503906, 35.305938720703125, 35.78194808959961, 36.2463493347168, 36.71074676513672, 37.175148010253906, 37.63954544067383, 38.12716293334961, 38.5915641784668, 39.05596160888672, 39.520362854003906], "rhythm.bpm_histogram": [0.0, 0.0, 0.0, 0.0, 0.0, 0.0, 0.0, 0.0, 0.0, 0.0, 0.0, 0.0, 0.0, 0.0, 0.0, 0.0, 0.0, 0.0, 0.0, 0.0, 0.0, 0.0, 0.0, 0.0, 0.0, 0.0, 0.0, 0.0, 0.0, 0.0, 0.0, 0.0, 0.0, 0.0, 0.0, 0.0, 0.0, 0.0, 0.0, 0.0, 0.0, 0.0, 0.0, 0.0, 0.0, 0.0, 0.0, 0.0, 0.0, 0.0, 0.0, 0.0, 0.0, 0.0, 0.0, 0.0, 0.0, 0.0, 0.0, 0.0, 0.0, 0.0, 0.0, 0.0, 0.0, 0.0, 0.0, 0.0, 0.0, 0.0, 0.0, 0.0, 0.0, 0.0, 0.0, 0.0, 0.0, 0.0, 0.0, 0.0, 0.0, 0.0, 0.0, 0.0, 0.0, 0.0, 0.0, 0.0, 0.0, 0.0, 0.0, 0.0, 0.0, 0.0, 0.0, 0.0, 0.0, 0.0, 0.0, 0.0, 0.0, 0.0, 0.0, 0.0, 0.0, 0.0, 0.0, 0.0, 0.012500000186264515, 0.0, 0.11249999701976776, 0.0, 0.07500000298023224, 0.0, 0.0, 0.03750000149011612, 0.0, 0.0, 0.0, 0.0, 0.03750000149011612, 0.0, 0.0, 0.0625, 0.0, 0.0, 0.21250000596046448, 0.0, 0.0, 0.44999998807907104, 0.0, 0.0, 0.0, 0.0, 0.0, 0.0, 0.0, 0.0, 0.0, 0.0, 0.0, 0.0, 0.0, 0.0, 0.0, 0.0, 0.0, 0.0, 0.0, 0.0, 0.0, 0.0, 0.0, 0.0, 0.0, 0.0, 0.0, 0.0, 0.0, 0.0, 0.0, 0.0, 0.0, 0.0, 0.0, 0.0, 0.0, 0.0, 0.0, 0.0, 0.0, 0.0, 0.0, 0.0, 0.0, 0.0, 0.0, 0.0, 0.0, 0.0, 0.0, 0.0, 0.0, 0.0, 0.0, 0.0, 0.0, 0.0, 0.0, 0.0, 0.0, 0.0, 0.0, 0.0, 0.0, 0.0, 0.0, 0.0, 0.0, 0.0, 0.0, 0.0, 0.0, 0.0, 0.0, 0.0, 0.0, 0.0, 0.0, 0.0, 0.0, 0.0, 0.0, 0.0, 0.0, 0.0, 0.0, 0.0, 0.0, 0.0, 0.0, 0.0, 0.0, 0.0, 0.0, 0.0, 0.0, 0.0, 0.0, 0.0, 0.0, 0.0, 0.0, 0.0, 0.0, 0.0, 0.0, 0.0, 0.0, 0.0, 0.0, 0.0, 0.0, 0.0, 0.0, 0.0, 0.0, 0.0, 0.0, 0.0], "tonal.chords_histogram": [12.268518447875977, 9.837963104248047, 18.75, 17.592592239379883, 2.430555582046509, 0.0, 3.125, 0.0, 4.745370388031006, 0.9259259104728699, 1.3888888359069824, 0.0, 0.0, 1.5046296119689941, 0.0, 7.870370388031006, 0.0, 0.8101851940155029, 0.0, 0.0, 0.0, 1.2731481790542603, 14.467592239379883, 3.0092592239379883], "tonal.thpcp": [1.0, 0.9363884329795837, 0.5226697325706482, 0.30571436882019043, 0.2122846245765686, 0.2544069290161133, 0.4890717566013336, 0.5006241798400879, 0.2171490639448166, 0.11585328727960587, 0.11261912435293198, 0.18959581851959229, 0.3797721266746521, 0.3680000901222229, 0.20201022922992706, 0.27839943766593933, 0.4903707206249237, 0.35148149728775024, 0.1389234960079193, 0.16512097418308258, 0.19467274844646454, 0.4690432548522949, 0.7884947657585144, 0.4895261526107788, 0.1334436535835266, 0.14733824133872986, 0.20832252502441406, 0.32794469594955444, 0.3301215171813965, 0.22797028720378876, 0.19336552917957306, 0.2271215319633484, 0.40494221448898315, 0.773046612739563, 0.9090991020202637, 0.7997570633888245], "lowlevel.gfcc.cov": [[8397.30859375, 129.56910705566406, 75.456298828125, 633.71533203125, 559.7341918945312, 661.8114013671875, 554.7747802734375, 775.5443725585938, 356.53509521484375, 387.27337646484375, 129.2779541015625, 270.49755859375, 183.9279022216797], [129.56910705566406, 2154.751953125, 63.290157318115234, -319.21044921875, 333.8984069824219, -52.216678619384766, 220.0693359375, 95.6110610961914, 133.49635314941406, 0.03965770825743675, 205.76292419433594, -121.34042358398438, 119.353759765625], [75.456298828125, 63.290157318115234, 1261.0794677734375, 673.4686889648438, 162.6250762939453, 169.877685546875, 150.67283630371094, 104.36103057861328, 158.7611541748047, 140.6335906982422, 154.97312927246094, 179.9263153076172, -45.0232048034668], [633.71533203125, -319.21044921875, 673.4686889648438, 1305.9261474609375, 568.2195434570312, 358.1017761230469, 387.68377685546875, 244.75804138183594, 319.375244140625, 224.8817138671875, 243.65963745117188, 254.487548828125, 10.885595321655273], [559.7341918945312, 333.8984069824219, 162.6250762939453, 568.2195434570312, 829.10888671875, 467.2549743652344, 437.1864013671875, 271.6004333496094, 227.8549346923828, 176.29432678222656, 162.576904296875, 102.95661163330078, 106.62456512451172], [661.8114013671875, -52.216678619384766, 169.877685546875, 358.1017761230469, 467.2549743652344, 860.1287841796875, 552.2340698242188, 72.61116790771484, 185.6599578857422, 128.23458862304688, 114.9171142578125, 112.13212585449219, 28.265525817871094], [554.7747802734375, 220.0693359375, 150.67283630371094, 387.68377685546875, 437.1864013671875, 552.2340698242188, 590.4400634765625, 158.84959411621094, 206.28286743164062, 144.6128387451172, 171.28558349609375, 115.37237548828125, 45.66553497314453], [775.5443725585938, 95.6110610961914, 104.36103057861328, 244.75804138183594, 271.6004333496094, 72.61116790771484, 158.84959411621094, 353.1485900878906, 147.99241638183594, 126.91951751708984, 90.29859924316406, 65.42882537841797, 90.08929443359375], [356.53509521484375, 133.49635314941406, 158.7611541748047, 319.375244140625, 227.8549346923828, 185.6599578857422, 206.28286743164062, 147.99241638183594, 258.5654296875, 127.00276184082031, 119.80461120605469, 82.1966552734375, 33.57936096191406], [387.27337646484375, 0.03965770825743675, 140.6335906982422, 224.8817138671875, 176.29432678222656, 128.23458862304688, 144.6128387451172, 126.91951751708984, 127.00276184082031, 181.4871063232422, 105.47752380371094, 72.4587173461914, 18.02465057373047], [129.2779541015625, 205.76292419433594, 154.97312927246094, 243.65963745117188, 162.576904296875, 114.9171142578125, 171.28558349609375, 90.29859924316406, 119.80461120605469, 105.47752380371094, 222.8527374267578, 90.78569793701172, 15.21231746673584], [270.49755859375, -121.34042358398438, 179.9263153076172, 254.487548828125, 102.95661163330078, 112.13212585449219, 115.37237548828125, 65.42882537841797, 82.1966552734375, 72.4587173461914, 90.78569793701172, 151.29534912109375, 14.48281478881836], [183.9279022216797, 119.353759765625, -45.0232048034668, 10.885595321655273, 106.62456512451172, 28.265525817871094, 45.66553497314453, 90.08929443359375, 33.57936096191406, 18.02465057373047, 15.21231746673584, 14.48281478881836, 104.68917846679688]], "lowlevel.gfcc.icov": [[0.00018877933325711638, -0.0001597060909261927, 0.0001452311553293839, -0.00017451589519623667, 0.0002619823790155351, -0.0003191597352270037, 0.00017032756295520812, -0.0005363058298826218, 0.00020107203454244882, -0.0003048219659831375, 0.00037101650377735496, -0.00038226565811783075, 0.00012453713861759752], [-0.0001597060909261927, 0.0014043417759239674, -0.0007273320225067437, 0.0012410265626385808, -0.0012849743943661451, 0.0013293515658006072, -0.0011661380995064974, 0.0010537810157984495, -0.001255675102584064, 0.0012224385282024741, -0.0019274434307590127, 0.0018606696976348758, -0.0009956937283277512], [0.0001452311553293839, -0.0007273320225067437, 0.0016013478161767125, -0.001224251464009285, 0.0009480110020376742, -0.000936188967898488, 0.0008632140816189349, -0.0008662855834700167, 0.0007281350553967059, -0.0008869843441061676, 0.0008639546576887369, -0.0015126339858397841, 0.001049091457389295], [-0.00017451589519623667, 0.0012410265626385808, -0.001224251464009285, 0.0031429545488208532, -0.0022394584957510233, 0.0015117727452889085, -0.0011361975921317935, 0.0009745853021740913, -0.0021108202636241913, 0.0012582341441884637, -0.0017284161876887083, -0.0001219646364916116, 0.0002965011808555573], [0.0002619823790155351, -0.0012849743943661451, 0.0009480110020376742, -0.0022394584957510233, 0.004491816274821758, -0.002272707177326083, 0.0004949553986079991, -0.002204989083111286, 0.001443319721147418, -0.0017628256464377046, 0.0015267045237123966, -0.00041993477498181164, -0.0009575822623446584], [-0.0003191597352270037, 0.0013293515658006072, -0.000936188967898488, 0.0015117727452889085, -0.002272707177326083, 0.004973585717380047, -0.004246649332344532, 0.0027368315495550632, -0.001645231619477272, 0.000912674586288631, -0.0007388289668597281, 0.0010912882862612605, -0.0007185674039646983], [0.00017032756295520812, -0.0011661380995064974, 0.0008632140816189349, -0.0011361975921317935, 0.0004949553986079991, -0.004246649332344532, 0.0070742289535701275, -0.0018926531774923205, 0.0002750669955275953, -0.0008098031976260245, -0.0003312523476779461, -0.0017841417575255036, 0.0010511584114283323], [-0.0005363058298826218, 0.0010537810157984495, -0.0008662855834700167, 0.0009745853021740913, -0.002204989083111286, 0.0027368315495550632, -0.0018926531774923205, 0.007669846527278423, -0.002319328486919403, -0.0009177038446068764, -0.0012959976447746158, 0.0016670520417392254, -0.0041412366554141045], [0.00020107203454244882, -0.001255675102584064, 0.0007281350553967059, -0.0021108202636241913, 0.001443319721147418, -0.001645231619477272, 0.0002750669955275953, -0.002319328486919403, 0.009287122637033463, -0.003525565378367901, 0.0005946134333498776, -0.0013840137980878353, 0.00019422527111601084], [-0.0003048219659831375, 0.0012224385282024741, -0.0008869843441061676, 0.0012582341441884637, -0.0017628256464377046, 0.000912674586288631, -0.0008098031976260245, -0.0009177038446068764, -0.003525565378367901, 0.012187395244836807, -0.003994059283286333, 0.0003923639887943864, 0.0008801184012554586], [0.00037101650377735496, -0.0019274434307590127, 0.0008639546576887369, -0.0017284161876887083, 0.0015267045237123966, -0.0007388289668597281, -0.0003312523476779461, -0.0012959976447746158, 0.0005946134333498776, -0.003994059283286333, 0.010940945707261562, -0.00513796228915453, 0.0016190926544368267], [-0.00038226565811783075, 0.0018606696976348758, -0.0015126339858397841, -0.0001219646364916116, -0.00041993477498181164, 0.0010912882862612605, -0.0017841417575255036, 0.0016670520417392254, -0.0013840137980878353, 0.0003923639887943864, -0.00513796228915453, 0.014892610721290112, -0.0035481159575283527], [0.00012453713861759752, -0.0009956937283277512, 0.001049091457389295, 0.0002965011808555573, -0.0009575822623446584, -0.0007185674039646983, 0.0010511584114283323, -0.0041412366554141045, 0.00019422527111601084, 0.0008801184012554586, 0.0016190926544368267, -0.0035481159575283527, 0.015205033123493195]], "lowlevel.mfcc.cov": [[7840.86767578125, -170.75881958007812, -285.44305419921875, 328.96612548828125, 310.6271057128906, 377.6573486328125, 494.8220520019531, 564.0888671875, 610.0225830078125, 417.0719909667969, 385.49169921875, 320.822509765625, 364.5905456542969], [-170.75881958007812, 2203.47314453125, -259.6071472167969, -309.67034912109375, 9.92896556854248, -293.8326721191406, 160.11520385742188, -180.1709747314453, 141.37745666503906, -100.99573516845703, 27.829320907592773, 144.9484405517578, -189.78277587890625], [-285.44305419921875, -259.6071472167969, 1186.6591796875, 410.5257568359375, 108.8001708984375, 256.9203186035156, -5.21500825881958, 163.61241149902344, -64.3764419555664, -12.366046905517578, 92.3325424194336, 242.6417999267578, 145.38194274902344], [328.96612548828125, -309.67034912109375, 410.5257568359375, 1011.5963134765625, 421.47674560546875, 160.53756713867188, 143.31373596191406, 226.20045471191406, 136.3769073486328, 79.87835693359375, 197.091552734375, 298.7922668457031, 277.5818176269531], [310.6271057128906, 9.92896556854248, 108.8001708984375, 421.47674560546875, 474.4401550292969, 217.96595764160156, 192.2134552001953, 194.94786071777344, 173.47171020507812, 137.0599822998047, 113.05364990234375, 152.79315185546875, 174.9928741455078], [377.6573486328125, -293.8326721191406, 256.9203186035156, 160.53756713867188, 217.96595764160156, 935.4482421875, 347.6130065917969, 476.03192138671875, 84.58011627197266, 353.4627685546875, 193.21446228027344, 80.12979888916016, 258.9860534667969], [494.8220520019531, 160.11520385742188, -5.21500825881958, 143.31373596191406, 192.2134552001953, 347.6130065917969, 443.5193786621094, 265.9845886230469, 179.2008514404297, 186.95750427246094, 152.46888732910156, 127.39204406738281, 130.89328002929688], [564.0888671875, -180.1709747314453, 163.61241149902344, 226.20045471191406, 194.94786071777344, 476.03192138671875, 265.9845886230469, 436.1751403808594, 137.4933624267578, 238.2102508544922, 146.39173889160156, 128.39932250976562, 216.86831665039062], [610.0225830078125, 141.37745666503906, -64.3764419555664, 136.3769073486328, 173.47171020507812, 84.58011627197266, 179.2008514404297, 137.4933624267578, 316.6029357910156, 107.76142120361328, 107.07201385498047, 86.56571197509766, 72.7465591430664], [417.0719909667969, -100.99573516845703, -12.366046905517578, 79.87835693359375, 137.0599822998047, 353.4627685546875, 186.95750427246094, 238.2102508544922, 107.76142120361328, 296.06207275390625, 124.2081069946289, 57.38329315185547, 133.4082794189453], [385.49169921875, 27.829320907592773, 92.3325424194336, 197.091552734375, 113.05364990234375, 193.21446228027344, 152.46888732910156, 146.39173889160156, 107.07201385498047, 124.2081069946289, 225.51365661621094, 142.88861083984375, 124.48397827148438], [320.822509765625, 144.9484405517578, 242.6417999267578, 298.7922668457031, 152.79315185546875, 80.12979888916016, 127.39204406738281, 128.39932250976562, 86.56571197509766, 57.38329315185547, 142.88861083984375, 311.042236328125, 140.7715301513672], [364.5905456542969, -189.78277587890625, 145.38194274902344, 277.5818176269531, 174.9928741455078, 258.9860534667969, 130.89328002929688, 216.86831665039062, 72.7465591430664, 133.4082794189453, 124.48397827148438, 140.7715301513672, 265.9119873046875]], "lowlevel.mfcc.icov": [[0.00016688674804754555, 3.840127828880213e-05, 6.0309575928840786e-05, 3.701130117406137e-05, 5.245815555099398e-05, 7.003553764661774e-05, -8.144213097693864e-06, -0.00014348783588502556, -0.00023150873312260956, -3.9664861105848104e-05, -9.732171020004898e-05, -0.00010576669592410326, -6.993307761149481e-05], [3.840127828880213e-05, 0.0007138157961890101, 9.647927072364837e-05, 0.0004175361536908895, -0.0002949945046566427, 0.0001029615305014886, -0.0004010575357824564, 0.0002345540124224499, -0.0002112394431605935, 0.000237576401559636, -0.00019295928359497339, -0.0007931669824756682, 0.000516994739882648], [6.0309575928840786e-05, 9.647927072364837e-05, 0.0014067258452996612, -0.00033789302688091993, 0.00013156664499547333, -0.0006998584140092134, 0.0005347959231585264, -0.0003372191858943552, 0.00019974612223450094, 0.0007931237341836095, 4.686529791797511e-05, -0.0012266379781067371, 0.0003514890559017658], [3.701130117406137e-05, 0.0004175361536908895, -0.00033789302688091993, 0.002596029546111822, -0.0017878703074529767, 0.0005858138902112842, 1.1545707820914686e-05, -0.0003338293463457376, 5.7985966122942045e-05, 0.0007271548383869231, -0.001047023804858327, -0.0009012725786305964, -0.0008187772473320365], [5.245815555099398e-05, -0.0002949945046566427, 0.00013156664499547333, -0.0017878703074529767, 0.00474382983520627, -0.0005366442492231727, -0.0004480141797102988, 0.00041540502570569515, -0.001463450607843697, -0.0008775619207881391, 0.001326822442933917, -9.988586680265144e-05, -0.000933124334551394], [7.003553764661774e-05, 0.0001029615305014886, -0.0006998584140092134, 0.0005858138902112842, -0.0005366442492231727, 0.00382635579444468, -0.0011866926215589046, -0.002334668766707182, 0.001152574666775763, -0.001834171824157238, -0.0010688519105315208, 0.0014643975300714374, -0.0008067301823757589], [-8.144213097693864e-06, -0.0004010575357824564, 0.0005347959231585264, 1.1545707820914686e-05, -0.0004480141797102988, -0.0011866926215589046, 0.005183105356991291, -0.0015373376663774252, -0.0010855557629838586, 7.836969598429278e-05, -0.000780343369115144, -0.0008392849122174084, 0.0006408367189578712], [-0.00014348783588502556, 0.0002345540124224499, -0.0003372191858943552, -0.0003338293463457376, 0.00041540502570569515, -0.002334668766707182, -0.0015373376663774252, 0.008434928022325039, -0.0012586788507178426, -0.0018159991595894098, 0.0012719728983938694, -0.0007503977976739407, -0.0021677862387150526], [-0.00023150873312260956, -0.0002112394431605935, 0.00019974612223450094, 5.7985966122942045e-05, -0.001463450607843697, 0.001152574666775763, -0.0010855557629838586, -0.0012586788507178426, 0.005813483148813248, -0.0006129214889369905, -0.0013950089924037457, 0.00039459066465497017, 0.0005595844122581184], [-3.9664861105848104e-05, 0.000237576401559636, 