{"song_id": "1183700598261035078", "download": "https://cdn.discordapp.com/attachments/1135903449314238464/1183700598261035078/chirp.mp4?ex=65894a16&amp", "lyrics": "(Verse 1)\nI am Ismail Haniyeh, living in luxury,\nIn my Qatar villa, that's the life for me.\nWhile Gaza's kids hungry, and their futures fade,\nI'm dining on caviar, in my golden parade.\n\n(Chorus)\nHaniyeh, Haniyeh, let me make it clear,\nI live without guilt, have no reason to fear.\nAs Gaza's young ones starve and cry,\nI'm in opulence, under the desert sky.\n\n(Verse 2)\nI count my riches, while they count their tears,\nIn their darkest hours, I feed on their fears.\nI say I'm a leader, a guiding star,\nBut in reality, I've strayed very far.\n\n[Verse]\nIn the streets of hip hop, we ignite the fire\nRhymes and beats, fueling our desire\nWe bring the rhythm, with the Middle Eastern groove\nUnleashing magic, making heads move\n\n[Chorus]\nHip hop meets the East, a symphony of sound\nWe break barriers, watch our spirits unbound\nMiddle Eastern vibes, merging with rap's grace\nTogether we rise, breaking boundaries we embrace", "style": ["random"], "essentia_features": {"lowlevel.average_loudness": 0.9396405816078186, "lowlevel.barkbands_crest.mean": 12.815762519836426, "lowlevel.barkbands_crest.stdev": 5.724226951599121, "lowlevel.barkbands_flatness_db.mean": 0.21647383272647858, "lowlevel.barkbands_flatness_db.stdev": 0.07225716859102249, "lowlevel.barkbands_kurtosis.mean": 19.5883846282959, "lowlevel.barkbands_kurtosis.stdev": 59.7093505859375, "lowlevel.barkbands_skewness.mean": 2.452401876449585, "lowlevel.barkbands_skewness.stdev": 3.1569769382476807, "lowlevel.barkbands_spread.mean": 16.171506881713867, "lowlevel.barkbands_spread.stdev": 14.034467697143555, "lowlevel.dissonance.mean": 0.452953577041626, "lowlevel.dissonance.stdev": 0.04095275700092316, "lowlevel.dynamic_complexity": 3.8016231060028076, "lowlevel.erbbands_crest.mean": 10.871272087097168, "lowlevel.erbbands_crest.stdev": 4.944920063018799, "lowlevel.erbbands_flatness_db.mean": 0.20603424310684204, "lowlevel.erbbands_flatness_db.stdev": 0.06394855678081512, "lowlevel.erbbands_kurtosis.mean": 1.0418404340744019, "lowlevel.erbbands_kurtosis.stdev": 3.223314046859741, "lowlevel.erbbands_skewness.mean": 0.41754621267318726, "lowlevel.erbbands_skewness.stdev": 0.9727733135223389, "lowlevel.erbbands_spread.mean": 36.784454345703125, "lowlevel.erbbands_spread.stdev": 22.450864791870117, "lowlevel.hfc.mean": 17.720535278320312, "lowlevel.hfc.stdev": 17.68099594116211, "lowlevel.loudness_ebu128.integrated": -14.232335090637207, "lowlevel.loudness_ebu128.loudness_range": 1.6334209442138672, "lowlevel.loudness_ebu128.momentary.mean": -14.861757278442383, "lowlevel.loudness_ebu128.momentary.stdev": 2.6374127864837646, "lowlevel.loudness_ebu128.short_term.mean": -14.329846382141113, "lowlevel.loudness_ebu128.short_term.stdev": 0.5872363448143005, "lowlevel.melbands_crest.mean": 19.263948440551758, "lowlevel.melbands_crest.stdev": 9.503795623779297, "lowlevel.melbands_flatness_db.mean": 0.243743434548378, "lowlevel.melbands_flatness_db.stdev": 0.10470948368310928, "lowlevel.melbands_kurtosis.mean": 44.56507873535156, "lowlevel.melbands_kurtosis.stdev": 107.6251449584961, "lowlevel.melbands_skewness.mean": 3.807743787765503, "lowlevel.melbands_skewness.stdev": 4.188121318817139, "lowlevel.melbands_spread.mean": 23.56714630126953, "lowlevel.melbands_spread.stdev": 31.73476791381836, "lowlevel.pitch_salience.mean": 0.48161858320236206, "lowlevel.pitch_salience.stdev": 0.20460841059684753, "lowlevel.silence_rate_20dB.mean": 1.0, "lowlevel.silence_rate_20dB.stdev": 0.0, "lowlevel.silence_rate_30dB.mean": 0.935614824295044, "lowlevel.silence_rate_30dB.stdev": 0.245436429977417, "lowlevel.silence_rate_60dB.mean": 0.17749419808387756, "lowlevel.silence_rate_60dB.stdev": 0.38208863139152527, "lowlevel.spectral_centroid.mean": 1407.3843994140625, "lowlevel.spectral_centroid.stdev": 998.4998779296875, "lowlevel.spectral_complexity.mean": 10.59396743774414, "lowlevel.spectral_complexity.stdev": 7.809273719787598, "lowlevel.spectral_decrease.mean": -8.472059498387807e-09, "lowlevel.spectral_decrease.stdev": 9.573668968698712e-09, "lowlevel.spectral_energy.mean": 0.03358278423547745, "lowlevel.spectral_energy.stdev": 0.036613449454307556, "lowlevel.spectral_energyband_high.mean": 0.0006783260032534599, "lowlevel.spectral_energyband_high.stdev": 0.0014846653211861849, "lowlevel.spectral_energyband_low.mean": 0.01641482301056385, "lowlevel.spectral_energyband_low.stdev": 0.03342238813638687, "lowlevel.spectral_energyband_middle_high.mean": 0.004360641818493605, "lowlevel.spectral_energyband_middle_high.stdev": 0.006991048343479633, "lowlevel.spectral_energyband_middle_low.mean": 0.012318076565861702, "lowlevel.spectral_energyband_middle_low.stdev": 0.016759010031819344, "lowlevel.spectral_entropy.mean": 7.475469589233398, "lowlevel.spectral_entropy.stdev": 0.6098085641860962, "lowlevel.spectral_flux.mean": 0.10173359513282776, "lowlevel.spectral_flux.stdev": 0.07590135186910629, "lowlevel.spectral_kurtosis.mean": 5.9055867195129395, "lowlevel.spectral_kurtosis.stdev": 4.768887042999268, "lowlevel.spectral_rms.mean": 0.004864737391471863, "lowlevel.spectral_rms.stdev": 0.003016293980181217, "lowlevel.spectral_rolloff.mean": 1911.36865234375, "lowlevel.spectral_rolloff.stdev": 2593.558837890625, "lowlevel.spectral_skewness.mean": 1.7641375064849854, "lowlevel.spectral_skewness.stdev": 0.6941583752632141, "lowlevel.spectral_spread.mean": 4733216.0, "lowlevel.spectral_spread.stdev": 2140073.0, "lowlevel.spectral_strongpeak.mean": 1.0444093942642212, "lowlevel.spectral_strongpeak.stdev": 1.1680271625518799, "lowlevel.zerocrossingrate.mean": 0.06790338456630707, "lowlevel.zerocrossingrate.stdev": 0.07212719321250916, "metadata.audio_properties.analysis.equal_loudness": 0.0, "metadata.audio_properties.analysis.length": 39.999977111816406, "metadata.audio_properties.analysis.sample_rate": 44100.0, "metadata.audio_properties.analysis.start_time": 0.0, "metadata.audio_properties.bit_rate": 118878.0, "metadata.audio_properties.length": 40.0, "metadata.audio_properties.lossless": 0.0, "metadata.audio_properties.number_channels": 1.0, "metadata.audio_properties.replay_gain": -13.206354141235352, "metadata.audio_properties.sample_rate": 48000.0, "rhythm.beats_count": 64.0, "rhythm.beats_loudness.mean": 0.04133685678243637, "rhythm.beats_loudness.stdev": 0.0315169133245945, "rhythm.bpm": 97.34789276123047, "rhythm.bpm_histogram_first_peak_bpm": 98.0, "rhythm.bpm_histogram_first_peak_weight": 0.2539682388305664, "rhythm.bpm_histogram_second_peak_bpm": 0.0, "rhythm.bpm_histogram_second_peak_spread": 0.0, "rhythm.bpm_histogram_second_peak_weight": 0.0, "rhythm.danceability": 1.4361768960952759, "rhythm.onset_rate": 5.222442150115967, "tonal.chords_changes_rate": 0.09154113382101059, "tonal.chords_number_rate": 0.016222478821873665, "tonal.chords_strength.mean": 0.4549090266227722, "tonal.chords_strength.stdev": 0.08799248933792114, "tonal.hpcp_crest.mean": 13.78707218170166, "tonal.hpcp_crest.stdev": 6.484470844268799, "tonal.hpcp_entropy.mean": 2.009824275970459, "tonal.hpcp_entropy.stdev": 0.793969988822937, "tonal.key_edma.strength": 0.5648815035820007, "tonal.key_krumhansl.strength": 0.5650424361228943, "tonal.key_temperley.strength": 0.5718258023262024, "tonal.tuning_diatonic_strength": 0.5478874444961548, "tonal.tuning_equal_tempered_deviation": 0.17269845306873322, "tonal.tuning_frequency": 434.193115234375, "tonal.tuning_nontempered_energy_ratio": 0.9210464358329773, "lowlevel.barkbands.mean": [0.0033716007601469755, 0.011708049103617668, 0.0013519523199647665, 0.0007844835054129362, 0.0038809545803815126, 0.0010723163140937686, 0.003237539203837514, 0.001231346046552062, 0.0016002111369743943, 0.0009866012260317802, 0.0008200476295314729, 0.0007514292374253273, 0.0004617409431375563, 0.00037625557160936296, 0.0003077771980315447, 0.00032825805828906596, 0.0002477736270520836, 0.00015096543938852847, 0.00017639975703787059, 8.619843720225617e-05, 4.606180664268322e-05, 0.00012701372907031327, 0.00019860123575199395, 0.0001264595630345866, 0.0001185265791718848, 3.4174718166468665e-05, 3.122841363278894e-08], "lowlevel.barkbands.stdev": [0.006620969623327255, 0.02799610234797001, 0.008396443910896778, 0.004326310940086842, 0.007420720998197794, 0.0038019842468202114, 0.00883233267813921, 0.0042520263232290745, 0.004356082063168287, 0.003597966395318508, 0.0029334244318306446, 0.0025119390338659286, 0.0013926945393905044, 0.0010389004601165652, 0.0007716820691712201, 0.0008047177689149976, 0.0003741937689483166, 0.00028486375231295824, 0.00033863980206660926, 0.00017529107572045177, 0.0001405440125381574, 0.000287588540231809, 0.0004956342745572329, 0.00035497857606969774, 0.00030040284036658704, 8.175678522093222e-05, 3.669566694952664e-07], "lowlevel.erbbands.mean": [0.5902419090270996, 1.6425292491912842, 1.7596566677093506, 2.1793453693389893, 6.268768310546875, 16.32154083251953, 9.074422836303711, 10.318696022033691, 33.44527816772461, 52.86258316040039, 22.846332550048828, 31.579198837280273, 46.38364028930664, 29.36493682861328, 28.325660705566406, 30.74524688720703, 22.87858772277832, 18.827096939086914, 18.152029037475586, 16.527151107788086, 17.920101165771484, 14.51672077178955, 9.431506156921387, 6.844686985015869, 9.474157333374023, 3.897613525390625, 1.9378249645233154, 2.0610814094543457, 4.162219047546387, 6.268352508544922, 5.24239444732666, 2.66645884513855, 2.2144455909729004, 1.5761371850967407, 0.7057390213012695, 0.2573871910572052, 0.040085162967443466, 0.002024996094405651, 7.272393122548237e-05, 4.37901217082981e-05], "lowlevel.erbbands.stdev": [1.2198818922042847, 5.3675537109375, 9.226625442504883, 12.668379783630371, 15.487184524536133, 34.610015869140625, 34.8194580078125, 32.98118591308594, 95.78923797607422, 154.5783233642578, 69.39862060546875, 86.46580505371094, 149.09335327148438, 106.40789031982422, 87.07269287109375, 100.25759887695312, 64.24787902832031, 50.18905258178711, 41.7961540222168, 41.43311309814453, 38.45445251464844, 20.947111129760742, 16.286989212036133, 12.939448356628418, 18.982749938964844, 7.509304523468018, 5.736344814300537, 5.882025718688965, 9.678872108459473, 14.392287254333496, 13.347355842590332, 7.419272422790527, 6.395776271820068, 4.1396589279174805, 1.7789907455444336, 0.6128822565078735, 0.10345244407653809, 0.006397380027920008, 0.00014740716142114252, 4.1512990719638765e-05], "lowlevel.gfcc.mean": [-64.33311462402344, 63.40288162231445, -145.48350524902344, 4.441861629486084, -77.1376953125, 7.800021171569824, -53.974082946777344, 8.752735137939453, -26.487022399902344, -2.954838514328003, -15.700552940368652, -0.12289722263813019, -12.125055313110352], "lowlevel.melbands.mean": [0.004312220029532909, 0.0012514141853898764, 0.00047948549035936594, 0.0008162747253663838, 0.00043699535308405757, 0.00024270844005513936, 0.000566040922421962, 0.000519361870829016, 0.00016404523921664804, 0.0002240223839180544, 0.00022845809871796519, 0.00011148093472002074, 0.00010627123265294358, 7.926783291622996e-05, 6.885662151034921e-05, 4.3968346290057525e-05, 3.405097231734544e-05, 3.0915860406821594e-05, 2.2665230062557384e-05, 2.2065263692638837e-05, 2.0152256183791906e-05, 1.5121314390853513e-05, 1.2159101061115507e-05, 5.71236569157918e-06, 5.2510026762320194e-06, 7.336376256716903e-06, 5.380077254812932e-06, 1.9463316220935667e-06, 1.2014918411296094e-06, 1.0382678965470404e-06, 1.2106758049412747e-06, 2.1509088128368603e-06, 2.922059593402082e-06, 3.899683633790119e-06, 3.3990309020737186e-06, 1.935037744260626e-06, 1.525951461189834e-06, 1.5317542647608207e-06, 1.3928005273555755e-06, 1.349615217804967e-06], "lowlevel.melbands.stdev": [0.009094860404729843, 0.004788482561707497, 0.0021543572656810284, 0.0014967318857088685, 0.001324921497143805, 0.0008187085622921586, 0.001535253133624792, 0.0015103727346286178, 0.0005381282535381615, 0.0006263142568059266, 0.0007432241691276431, 0.0004256073443684727, 0.00036293547600507736, 0.000252603436820209, 0.0002592715318314731, 0.0001340344751952216, 9.730556485010311e-05, 8.006120333448052e-05, 6.113528797868639e-05, 6.077533544157632e-05, 4.345923662185669e-05, 2.3389207854052074e-05, 2.1003284928156063e-05, 1.1338822332618292e-05, 1.0685919733077753e-05, 1.5340112440753728e-05, 1.1273154086666182e-05, 4.4946914385946e-06, 3.728842102646013e-06, 3.307851784484228e-06, 3.4835525184462313e-06, 5.203686214372283e-06, 6.808524631196633e-06, 9.484648217039648e-06, 8.901191904442385e-06, 5.268714630801696e-06, 4.488811100600287e-06, 4.526461907516932e-06, 3.917486992577324e-06, 3.5831851619150257e-06], "lowlevel.melbands128.mean": [0.0029941329266875982, 0.005815854296088219, 0.0045158518478274345, 0.0021596436854451895, 0.001015873858705163, 0.000611706345807761, 0.0004025955277029425, 0.00041049192077480257, 0.0006152092246338725, 0.0008086246089078486, 0.0010544322431087494, 0.0007167895091697574, 0.00026682583848014474, 8.944141154643148e-05, 0.00012772780610248446, 0.00039239643956534564, 0.0004965518601238728, 0.0005070818588137627, 0.0007840071921236813, 0.000703527475707233, 0.00031547562684863806, 0.00018477327830623835, 0.0001489150308771059, 0.00013289325579535216, 0.00015701893426012248, 0.00027090421644970775, 0.0003650624421425164, 0.000234950304729864, 0.00011081688717240468, 8.143163722706959e-05, 0.0001213309878949076, 0.00014852658205199987, 0.00011799966159742326, 6.23734449618496e-05, 7.18472947482951e-05, 8.719205652596429e-05, 8.741783676669002e-05, 7.836462464183569e-05, 4.8133271775441244e-05, 4.763298784382641e-05, 4.3840114813065156e-05, 3.8972350012045354e-05, 2.839203989424277e-05, 3.4384454920655116e-05, 4.041193096782081e-05, 2.880600186472293e-05, 2.246250005555339e-05, 2.3205398974823765e-05, 2.253754428238608e-05, 2.144092104572337e-05, 2.1017942344769835e-05, 2.354410753468983e-05, 2.4694896637811325e-05, 1.6350179066648707e-05, 1.468276241212152e-05, 1.6807272913865745e-05, 1.3312467672221828e-05, 1.3885013686376624e-05, 1.2424792657839134e-05, 7.528213700425113e-06, 4.867022653343156e-06, 4.590855951391859e-06, 5.0063295020663645e-06, 5.4416354942077305e-06, 5.505895387614146e-06, 7.94049265095964e-06, 7.808214832039084e-06, 7.614477908646222e-06, 4.581896973832045e-06, 2.9238697152322857e-06, 1.761716930559487e-06, 1.629058715479914e-06, 1.2799172282029758e-06, 1.1277057865299867e-06, 1.0776423096103827e-06, 1.068850565388857e-06, 9.855217513177195e-07, 1.0320583214706858e-06, 1.220384092448512e-06, 1.296653408644488e-06, 2.0812303773709573e-06, 2.45841033574834e-06, 2.5338699742860626e-06, 2.9879765861551277e-06, 3.247285576435388e-06, 3.2341213227482513e-06, 4.1950361264753155e-06, 5.155914095666958e-06, 2.8911028948641615e-06, 2.7721218884835253e-06, 2.422037823635037e-06, 1.5133156239244272e-06, 1.4385187796506216e-06, 1.6788368384368368e-06, 1.442765778847388e-06, 1.3367218798521208e-06, 1.6070583797045401e-06, 1.7758156900526956e-06, 1.3374287846090738e-06, 1.19645460472384e-06, 1.4104726915320498e-06, 1.4647764601249946e-06, 1.1900342542503495e-06, 9.365986102238821e-07, 7.177167162808473e-07, 6.374087320182298e-07, 6.307783451120486e-07, 5.49563367258088e-07, 4.716442276730959e-07, 3.384141109563643e-07, 2.2233321317344235e-07, 1.3735237303080794e-07, 1.0884019729928696e-07, 5.7560036736958864e-08, 3.111395230348535e-08, 8.93661500356302e-09, 1.2500611656918181e-09, 2.9143437663137206e-11, 1.789676219721148e-11, 1.659685062993521e-11, 1.836677511468654e-11, 6.724172000455164e-12, 4.716703590201821e-12, 4.630885518802641e-12, 4.540388030827014e-12, 4.442183600128491e-12, 4.381121767454976e-12, 4.3535106075687224e-12], "lowlevel.melbands128.stdev": [0.005767724011093378, 0.011523648165166378, 0.012730288319289684, 0.008107506670057774, 0.005318758077919483, 0.0039159259758889675, 0.0027626310475170612, 0.001995312748476863, 0.0017428519204258919, 0.001610301434993744, 0.0024850221816450357, 0.0022770771756768227, 0.001476553617976606, 0.0006206962279975414, 0.00043525814544409513, 0.0016319588758051395, 0.002020901767536998, 0.0019066669046878815, 0.0027835036162286997, 0.0023986638989299536, 0.0013574041659012437, 0.000863579276483506, 0.0006950362003408372, 0.000576334074139595, 0.000663332233671099, 0.001028635073453188, 0.0013394646812230349, 0.001075028209015727, 0.000560353510081768, 0.0004852075653616339, 0.0006706165731884539, 0.0006881694425828755, 0.000535756116732955, 0.0002775970206130296, 0.0003191899158991873, 0.0004021985805593431, 0.0003658652422018349, 0.0004551961610559374, 0.0002147872728528455, 0.0001869924017228186, 0.0001852342684287578, 0.00018923931929748505, 0.00011304932559141889, 0.00013393601693678647, 0.0001612653722986579, 9.913258691085503e-05, 7.72431303630583e-05, 8.767106919549406e-05, 9.577334276400506e-05, 7.719389395788312e-05, 8.585959585616365e-05, 8.525969315087423e-05, 6.77812859066762e-05, 4.531983722699806e-05, 3.046517122129444e-05, 3.216498953406699e-05, 2.725893136812374e-05, 3.032528911717236e-05, 2.867646617232822e-05, 1.7663649487076327e-05, 1.1716942026396282e-05, 1.2786368642991874e-05, 1.2607012649823446e-05, 1.232497834280366e-05, 1.3134176697349176e-05, 1.9824774426524527e-05, 1.928889651026111e-05, 2.0499397578532808e-05, 1.161460477305809e-05, 6.21364961261861e-06, 5.026683538744692e-06, 4.749926119984593e-06, 4.262808488419978e-06, 3.918747552233981e-06, 3.661496293716482e-06, 3.543194225130719e-06, 3.4783297451213002e-06, 3.4496661101002246e-06, 4.107374479644932e-06, 3.543422508300864e-06, 5.563499598792987e-06, 6.163156740512932e-06, 6.803333235438913e-06, 7.587210802739719e-06, 8.133374649332836e-06, 8.057229024416301e-06, 1.1464674571470823e-05, 1.5558402083115652e-05, 8.109048394544516e-06, 7.940217074065004e-06, 7.049966370686889e-06, 4.319613253755961e-06, 4.586114300764166e-06, 5.572065219894284e-06, 4.3334680412954185e-06, 4.004413767688675e-06, 5.337074526323704e-06, 5.9018625506723765e-06, 3.967899829149246e-06, 3.4564068300824147e-06, 3.943859610444633e-06, 4.037126927869394e-06, 3.4862223401432857e-06, 2.6071234060509596e-06, 2.1835503503098153e-06, 1.5876728411967633e-06, 1.497645257586555e-06, 1.3267170970721054e-06, 1.2286279797990574e-06, 8.954269787864177e-07, 6.330431574497197e-07, 4.1252943105973827e-07, 3.511207751216716e-07, 2.0431687630662054e-07, 1.4508910339827708e-07, 5.622878518352081e-08, 1.2120380254998508e-08, 5.503772437798204e-10, 3.194373376924631e-10, 4.2997180815795844e-10, 3.790087688138044e-10, 5.6671545928255185e-11, 8.491520854525536e-12, 8.346428582994836e-12, 8.224159200875825e-12, 8.124840210343987e-12, 8.053714813105461e-12, 8.009969423850016e-12], "lowlevel.mfcc.mean": [-701.8764038085938, 101.82218170166016, -21.428455352783203, -8.331003189086914, -7.268252849578857, -11.68112850189209, -14.821341514587402, 0.06013482064008713, -11.136832237243652, -7.42017126083374, 1.334123134613037, -12.355244636535645, 4.078953266143799], "lowlevel.spectral_contrast_coeffs.mean": [-0.5943437218666077, -0.7183266282081604, -0.7728579044342041, -0.7960878610610962, -0.7747343182563782, -0.7755710482597351], "lowlevel.spectral_contrast_coeffs.stdev": [0.1487060934305191, 0.10789868980646133, 0.08099530637264252, 0.0627492368221283, 0.0582054927945137, 0.04104631766676903], "lowlevel.spectral_contrast_valleys.mean": [-8.995070457458496, -7.393367290496826, -7.584565162658691, -7.847538471221924, -8.200315475463867, -10.68429183959961], "lowlevel.spectral_contrast_valleys.stdev": [1.6541965007781982, 0.8125495314598083, 0.7184685468673706, 0.6440120935440063, 0.7338468432426453, 1.317847728729248], "rhythm.beats_loudness_band_ratio.mean": [0.22887028753757477, 0.19800549745559692, 0.23895451426506042, 0.20458033680915833, 0.09421584010124207, 0.10293702781200409], "rhythm.beats_loudness_band_ratio.stdev": [0.3317391276359558, 0.26974135637283325, 0.22824318706989288, 0.21524649858474731, 0.08448313176631927, 0.14147597551345825], "tonal.hpcp.mean": [0.09840032458305359, 0.09829279035329819, 0.10336008667945862, 0.11626894772052765, 0.12550905346870422, 0.1264539361000061, 0.22567321360111237, 0.24533165991306305, 0.1381334811449051, 0.15662170946598053, 0.1629679799079895, 0.11795942485332489, 0.10966236889362335, 0.10124514251947403, 0.08643011003732681, 0.07682033628225327, 0.07386310398578644, 0.07673997431993484, 0.09321826696395874, 0.08567636460065842, 0.06566010415554047, 0.08881077915430069, 0.09427912533283234, 0.07938839495182037, 0.08265863358974457, 0.08301734924316406, 0.0880851000547409, 0.15217836201190948, 0.17785859107971191, 0.13896143436431885, 0.13479462265968323, 0.12204746156930923, 0.11964564025402069, 0.12968769669532776, 0.10398668795824051, 0.08868508785963058], "tonal.hpcp.stdev": [0.20606686174869537, 0.22488316893577576, 0.2319393903017044, 0.23502422869205475, 0.24500489234924316, 0.24790148437023163, 0.31243154406547546, 0.35229429602622986, 0.22836416959762573, 0.29496631026268005, 0.2969823479652405, 0.2402714192867279, 0.22358888387680054, 0.19979484379291534, 0.18973875045776367, 0.1683192104101181, 0.17175786197185516, 0.16254116594791412, 0.19765597581863403, 0.1857094168663025, 0.15289422869682312, 0.19922788441181183, 0.20620733499526978, 0.1706320196390152, 0.17925307154655457, 0.17837366461753845, 0.1908472627401352, 0.2549762725830078, 0.28819504380226135, 0.24147790670394897, 0.2568148672580719, 0.22984223067760468, 0.23430563509464264, 0.23832738399505615, 0.20025546848773956, 0.1804451048374176], "rhythm.beats_position": [0.5921088457107544, 1.195827603340149, 1.799546480178833, 2.4032652378082275, 3.0185940265655518, 3.633922815322876, 4.249251842498779, 4.876190185546875, 5.491518974304199, 6.106847763061523, 6.722176551818848, 7.337505340576172, 7.964444160461426, 8.57977294921875, 9.195101737976074, 9.810430526733398, 10.425759315490723, 11.041088104248047, 11.656416893005371, 12.260135650634766, 12.86385440826416, 13.490793228149414, 14.117732048034668, 14.744670867919922, 15.359999656677246, 15.97532844543457, 16.60226821899414, 17.21759605407715, 17.832923889160156, 18.459863662719727, 19.075191497802734, 19.690521240234375, 20.294239044189453, 20.897958755493164, 21.513288497924805, 22.140226364135742, 22.75555419921875, 23.35927391052246, 23.9862117767334, 24.61315155029297, 25.228479385375977, 25.843809127807617, 26.447526931762695, 27.074466705322266, 27.689794540405273, 28.316734313964844, 28.93206214904785, 29.559001922607422, 30.17432975769043, 30.78965950012207, 31.404987335205078, 32.02031707763672, 32.63564682006836, 33.250972747802734, 33.866302490234375, 34.481632232666016, 35.096961975097656, 35.71228790283203, 36.316009521484375, 36.94294738769531, 37.56988525390625, 38.18521499633789, 38.80054473876953, 39.42748260498047], "rhythm.bpm_histogram": [0.0, 0.0, 0.0, 0.0, 0.0, 0.0, 0.0, 0.0, 0.0, 0.0, 0.0, 0.0, 0.0, 0.0, 0.0, 0.0, 0.0, 0.0, 0.0, 0.0, 0.0, 0.0, 0.0, 0.0, 0.0, 0.0, 0.0, 0.0, 0.0, 0.0, 0.0, 0.0, 0.0, 0.0, 0.0, 0.0, 0.0, 0.0, 0.0, 0.0, 0.0, 0.0, 0.0, 0.0, 0.0, 0.0, 0.0, 0.0, 0.0, 0.0, 0.0, 0.0, 0.0, 0.0, 0.0, 0.0, 0.0, 0.0, 0.0, 0.0, 0.0, 0.0, 0.0, 0.0, 0.0, 0.0, 0.0, 0.0, 0.0, 0.0, 0.0, 0.0, 0.0, 0.0, 0.0, 0.0, 0.0, 0.0, 0.0, 0.0, 0.0, 0.0, 0.0, 0.0, 0.0, 0.0, 0.0, 0.0, 0.0, 0.0, 0.0, 0.0, 0.0, 0.0, 0.0, 0.0, 0.2539682686328888, 0.0, 0.5873016119003296, 0.1587301641702652, 0.0, 0.0, 0.0, 0.0, 0.0, 0.0, 0.0, 0.0, 0.0, 0.0, 0.0, 0.0, 0.0, 0.0, 0.0, 0.0, 0.0, 0.0, 0.0, 0.0, 0.0, 0.0, 0.0, 0.0, 0.0, 0.0, 0.0, 0.0, 0.0, 0.0, 0.0, 0.0, 0.0, 0.0, 0.0, 0.0, 0.0, 0.0, 0.0, 0.0, 0.0, 0.0, 0.0, 0.0, 0.0, 0.0, 0.0, 0.0, 0.0, 0.0, 0.0, 0.0, 0.0, 0.0, 0.0, 0.0, 0.0, 0.0, 0.0, 0.0, 0.0, 0.0, 0.0, 0.0, 0.0, 0.0, 0.0, 0.0, 0.0, 0.0, 0.0, 0.0, 0.0, 0.0, 0.0, 0.0, 0.0, 0.0, 0.0, 0.0, 0.0, 0.0, 0.0, 0.0, 0.0, 0.0, 0.0, 0.0, 0.0, 0.0, 0.0, 0.0, 0.0, 0.0, 0.0, 0.0, 0.0, 0.0, 0.0, 0.0, 0.0, 0.0, 0.0, 0.0, 0.0, 0.0, 0.0, 0.0, 0.0, 0.0, 0.0, 0.0, 0.0, 0.0, 0.0, 0.0, 0.0, 0.0, 0.0, 0.0, 0.0, 0.0, 0.0, 0.0, 0.0, 0.0, 0.0, 0.0, 0.0, 0.0, 0.0, 0.0, 0.0, 0.0, 0.0, 0.0, 0.0, 0.0, 0.0, 0.0, 0.0, 0.0, 0.0, 0.0, 0.0, 0.0, 0.0, 0.0, 0.0, 0.0], "tonal.chords_histogram": [22.01622200012207, 0.0, 1.042873740196228, 3.476245641708374, 0.0, 7.184240818023682, 0.9269988536834717, 21.436847686767578, 0.0, 1.8539977073669434, 3.1286211013793945, 0.0, 6.7207417488098145, 0.0, 0.6952491402626038, 0.0, 0.3476245701313019, 0.0, 2.5492467880249023, 4.287369728088379, 2.5492467880249023, 4.634994029998779, 8.458864212036133, 8.690613746643066], "tonal.thpcp": [1.0, 0.5630479454994202, 0.6384080648422241, 0.6642761826515198, 0.48081615567207336, 0.44699639081954956, 0.412686824798584, 0.3522990345954895, 0.3131285011768341, 0.30107447504997253, 0.31280094385147095, 0.3799683451652527, 0.3492266833782196, 0.26763811707496643, 0.3620029389858246, 0.3842925429344177, 0.32359620928764343, 0.33692607283592224, 0.33838823437690735, 0.35904496908187866, 0.6202964782714844, 0.7249720096588135, 0.5664227604866028, 0.5494383573532104, 0.49747946858406067, 0.487689346075058, 0.5286219120025635, 0.42386168241500854, 0.3614906072616577, 0.4010910093784332, 0.4006527066230774, 0.4213075637817383, 0.47392556071281433, 0.5115892887115479, 0.5154407620429993, 0.9198698997497559], "lowlevel.gfcc.cov": [[6187.92626953125, -178.58999633789062, 1369.601318359375, 734.9443359375, 171.57347106933594, 429.3540954589844, -176.75926208496094, 284.3268127441406, 125.62418365478516, 92.37743377685547, -178.3549346923828, 203.41238403320312, -55.921730041503906], [-178.58999633789062, 3202.346435546875, 503.52618408203125, 255.06272888183594, 925.301025390625, -180.0181884765625, 491.80035400390625, -9.211898803710938, 359.8042297363281, -191.89137268066406, 141.5523681640625, -146.033935546875, 226.78250122070312], [1369.601318359375, 503.52618408203125, 1923.761474609375, 1199.330078125, 788.107421875, 734.4998779296875, 407.0042724609375, 279.8619689941406, 316.1981506347656, 169.56890869140625, 105.7731704711914, 116.68936920166016, 44.68385314941406], [734.9443359375, 255.06272888183594, 1199.330078125, 1252.253662109375, 663.7114868164062, 467.376708984375, 323.96136474609375, 194.6070556640625, 308.7030944824219, 163.05482482910156, 141.666259765625, 77.7900161743164, 82.63712310791016], [171.57347106933594, 925.301025390625, 788.107421875, 663.7114868164062, 966.2742919921875, 467.4779052734375, 590.705078125, 295.7869567871094, 366.8866882324219, 164.31541442871094, 168.46463012695312, 46.76803207397461, 140.45103454589844], [429.3540954589844, -180.0181884765625, 734.4998779296875, 467.376708984375, 467.4779052734375, 943.957763671875, 634.4873657226562, 352.9481506347656, 300.7112121582031, 183.54454040527344, 173.28443908691406, 113.78887939453125, 38.05943298339844], [-176.75926208496094, 491.80035400390625, 407.0042724609375, 323.96136474609375, 590.705078125, 634.4873657226562, 831.711669921875, 364.0656433105469, 345.7671203613281, 119.85871124267578, 225.0191192626953, 81.38672637939453, 117.45174407958984], [284.3268127441406, -9.211898803710938, 279.8619689941406, 194.6070556640625, 295.7869567871094, 352.9481506347656, 364.0656433105469, 347.0907897949219, 229.80381774902344, 144.15603637695312, 103.04436492919922, 87.56089782714844, 50.8568229675293], [125.62418365478516, 359.8042297363281, 316.1981506347656, 308.7030944824219, 366.8866882324219, 300.7112121582031, 345.7671203613281, 229.80381774902344, 421.8357238769531, 174.8977508544922, 159.3001251220703, 47.90790557861328, 91.17971801757812], [92.37743377685547, -191.89137268066406, 169.56890869140625, 163.05482482910156, 164.31541442871094, 183.54454040527344, 119.85871124267578, 144.15603637695312, 174.8977508544922, 264.2106628417969, 95.51054382324219, 49.92892074584961, 5.501152992248535], [-178.3549346923828, 141.5523681640625, 105.7731704711914, 141.666259765625, 168.46463012695312, 173.28443908691406, 225.0191192626953, 103.04436492919922, 159.3001251220703, 95.51054382324219, 189.73733520507812, 57.021270751953125, 54.05206298828125], [203.41238403320312, -146.033935546875, 116.68936920166016, 77.7900161743164, 46.76803207397461, 113.78887939453125, 81.38672637939453, 87.56089782714844, 47.90790557861328, 49.92892074584961, 57.021270751953125, 137.64218139648438, 43.923946380615234], [-55.921730041503906, 226.78250122070312, 44.68385314941406, 82.63712310791016, 140.45103454589844, 38.05943298339844, 117.45174407958984, 50.8568229675293, 91.17971801757812, 5.501152992248535, 54.05206298828125, 43.923946380615234, 123.20394897460938]], "lowlevel.gfcc.icov": [[0.00025393193936906755, -0.0001207037566928193, -8.076194353634492e-05, -0.00010173758346354589, 0.00015580171020701528, -0.00020990373741369694, 0.0003425122704356909, -0.0003785831795539707, -3.5496683267410845e-05, -1.5523304682574235e-05, 0.00042655496508814394, -0.00042265086085535586, 0.0001424576184945181], [-0.0001207037566928193, 0.001346070202998817, -0.0007635148358531296, 0.0009469783399254084, -0.0013860531616955996, 0.0014922856353223324, -0.0009619738557375968, 0.0011035935021936893, -0.001185032888315618, 0.001495308242738247, -0.0009792079217731953, 0.0012646755203604698, -0.0005211919196881354], [-8.076194353634492e-05, -0.0007635148358531296, 0.002339231316000223, -0.001759545411914587, -3.2204810850089416e-05, -0.0017480190144851804, 0.0011006625136360526, -0.0005334961460903287, 0.0006308330921456218, -0.00042793728061951697, 0.0008848875877447426, -0.0013101684162393212, 0.0010793086839839816], [-0.00010173758346354589, 0.0009469783399254084, -0.001759545411914587, 0.003038015216588974, -0.0015984147321432829, 0.0010313463862985373, -0.0003006031911354512, 0.001154887257143855, -0.0011939703254029155, 0.00089052360272035, -0.0014061598340049386, 0.000982525642029941, -0.0007649236358702183], [0.00015580171020701528, -0.0013860531616955996, -3.2204810850089416e-05, -0.0015984147321432829, 0.004883275367319584, -0.0007612574845552444, -0.001082666334696114, -0.0014043666888028383, 0.001020920230075717, -0.0025421276222914457, 0.0015896199038252234, 8.31624201964587e-05, -0.001383155700750649], [-0.00020990373741369694, 0.0014922856353223324, -0.0017480190144851804, 0.0010313463862985373, -0.0007612574845552444, 0.005168606527149677, -0.0037727681919932365, 0.0009017637930810452, -0.0012743821134790778, 0.0007474752492271364, -0.0008810482104308903, 0.000776573724579066, 0.000615068944171071], [0.0003425122704356909, -0.0009619738557375968, 0.0011006625136360526, -0.0003006031911354512, -0.001082666334696114, -0.0037727681919932365, 0.006917683407664299, -0.0035810715053230524, 0.00031323483563028276, 0.0013333443785086274, -0.0019569662399590015, -0.0002968882618006319, -0.000315137644065544], [-0.0003785831795539707, 0.0011035935021936893, -0.0005334961460903287, 0.001154887257143855, -0.0014043666888028383, 0.0009017637930810452, -0.0035810715053230524, 0.009309914894402027, -0.0027378436643630266, -0.0008762732613831758, 0.0010552925523370504, -0.0018252950394526124, 0.00036199874011799693], [-3.5496683267410845e-05, -0.001185032888315618, 0.0006308330921456218, -0.0011939703254029155, 0.001020920230075717, -0.0012743821134790778, 0.00031323483563028276, -0.0027378436643630266, 0.007378334179520607, -0.0034798509441316128, -0.001378156361170113, 0.0012077060528099537, -0.0023324524518102407], [-1.5523304682574235e-05, 0.001495308242738247, -0.00042793728061951697, 0.00089052360272035, -0.0025421276222914457, 0.0007474752492271364, 0.0013333443785086274, -0.0008762732613831758, -0.0034798509441316128, 0.00897536613047123, -0.0033361557871103287, 0.00013658443640451878, 0.0021456643007695675], [0.00042655496508814394, -0.0009792079217731953, 0.0008848875877447426, -0.0014061598340049386, 0.0015896199038252234, -0.0008810482104308903, -0.0019569662399590015, 0.0010552925523370504, -0.001378156361170113, -0.0033361557871103287, 0.012276134453713894, -0.004289247095584869, -0.0001794316340237856], [-0.00042265086085535586, 0.0012646755203604698, -0.0013101684162393212, 0.000982525642029941, 8.31624201964587e-05, 0.000776573724579066, -0.0002968882618006319, -0.0018252950394526124, 0.0012077060528099537, 0.00013658443640451878, -0.004289247095584869, 0.013637515716254711, -0.005881867837160826], [0.0001424576184945181, -0.0005211919196881354, 0.0010793086839839816, -0.0007649236358702183, -0.001383155700750649, 0.000615068944171071, -0.000315137644065544, 0.00036199874011799693, -0.0023324524518102407, 0.0021456643007695675, -0.0001794316340237856, -0.005881867837160826, 0.01460609957575798]], "lowlevel.mfcc.cov": [[5421.4052734375, -595.1570434570312, 902.0165405273438, 181.93724060058594, 411.64520263671875, 127.03800964355469, -112.541259765625, 210.1768035888672, 99.78924560546875, 70.01933288574219, 51.55036163330078, -46.08377456665039, 31.772939682006836], [-595.1570434570312, 2851.214111328125, -212.2741241455078, 454.8838806152344, 255.4949951171875, 92.82756805419922, 168.56776428222656, 195.8292236328125, 285.6457824707031, 8.601237297058105, 136.76089477539062, -21.68303871154785, 99.26778411865234], [902.0165405273438, -212.2741241455078, 1444.3763427734375, 570.24853515625, 608.12109375, 582.5585327148438, 301.87738037109375, 366.6339111328125, 190.18685913085938, 287.3273620605469, 99.92656707763672, 219.38330078125, 58.94173812866211], [181.93724060058594, 454.8838806152344, 570.24853515625, 968.6345825195312, 564.871337890625, 332.3386535644531, 164.91146850585938, 174.86181640625, 191.34779357910156, 185.39613342285156, 89.03085327148438, 81.629150390625, 131.75604248046875], [411.64520263671875, 255.4949951171875, 608.12109375, 564.871337890625, 630.7853393554688, 400.1520690917969, 213.5192108154297, 223.67604064941406, 231.71592712402344, 245.4218292236328, 133.16676330566406, 145.89306640625, 104.02781677246094], [127.03800964355469, 92.82756805419922, 582.5585327148438, 332.3386535644531, 400.1520690917969, 642.864501953125, 429.2352600097656, 372.27423095703125, 293.9333190917969, 332.70867919921875, 214.39450073242188, 262.9708251953125, 75.79830169677734], [-112.541259765625, 168.56776428222656, 301.87738037109375, 164.91146850585938, 213.5192108154297, 429.2352600097656, 558.12548828125, 394.5675048828125, 284.48828125, 244.60848999023438, 202.49679565429688, 224.27294921875, 68.26531982421875], [210.1768035888672, 195.8292236328125, 366.6339111328125, 174.86181640625, 223.67604064941406, 372.27423095703125, 394.5675048828125, 509.2687072753906, 311.3369140625, 239.8388671875, 183.70489501953125, 202.08006286621094, 108.57575988769531], [99.78924560546875, 285.6457824707031, 190.18685913085938, 191.34779357910156, 231.71592712402344, 293.9333190917969, 284.48828125, 311.3369140625, 372.5638122558594, 248.29701232910156, 192.14791870117188, 170.56915283203125, 119.73945617675781], [70.01933288574219, 8.601237297058105, 287.3273620605469, 185.39613342285156, 245.4218292236328, 332.70867919921875, 244.60848999023438, 239.8388671875, 248.29701232910156, 372.255126953125, 220.28968811035156, 210.67250061035156, 88.96851348876953], [51.55036163330078, 136.76089477539062, 99.92656707763672, 89.03085327148438, 133.16676330566406, 214.39450073242188, 202.49679565429688, 183.70489501953125, 192.14791870117188, 220.28968811035156, 257.3731689453125, 160.35682678222656, 99.56268310546875], [-46.08377456665039, -21.68303871154785, 219.38330078125, 81.629150390625, 145.89306640625, 262.9708251953125, 224.27294921875, 202.08006286621094, 170.56915283203125, 210.67250061035156, 160.35682678222656, 268.26202392578125, 90.8681411743164], [31.772939682006836, 99.26778411865234, 58.94173812866211, 131.75604248046875, 104.02781677246094, 75.79830169677734, 68.26531982421875, 108.57575988769531, 119.73945617675781, 88.96851348876953, 99.56268310546875, 90.8681411743164, 178.14794921875]], "lowlevel.mfcc.icov": [[0.0002461109252180904, 6.378153193509206e-05, -0.00016738309932406992, 9.32525290409103e-05, -0.00019721394346561283, 9.793897334020585e-05, 0.00023550292826257646, -0.0002054632786894217, -0.00012815782974939793, 0.00016237571253441274, -0.00027367263101041317, 0.00022229531896300614, 6.005776231177151e-05], [6.378153193509206e-05, 0.0005016686045564711, 0.00018501031445339322, -0.0002345527318539098, -0.00022763205925002694, 4.886593887931667e-05, 7.325777551159263e-05, -0.000212698636460118, -0.00044112661271356046, 0.0005338005721569061, -0.0004256068787071854, 0.00019289432384539396, 0.00020442191453184932], [-0.00016738309932406992, 0.00018501031445339322, 0.0018478697165846825, -0.0003610198327805847, -0.0009532383410260081, -0.0009385133162140846, 0.00025637017097324133, -0.0009110927348956466, 0.0009038173593580723, -0.0001519057113910094, 0.000701586832292378, -0.0004880803753621876, 0.0003206116671208292], [9.32525290409103e-05, -0.0002345527318539098, -0.0003610198327805847, 0.002544472459703684, -0.0018945552874356508, -0.00015329380403272808, -0.00015103991609066725, 0.000288317707600072, 0.00015909997455310076, -0.0002569207863416523, 0.0004277100379113108, 0.000879860483109951, -0.0012611171696335077], [-0.00019721394346561283, -0.00022763205925002694, -0.0009532383410260081, -0.0018945552874356508, 0.00566781684756279, -0.001445734640583396, 0.00025128014385700226, 0.0009355679503642023, -0.001152075594291091, -0.0008402353269048035, 0.0003016191185452044, 0.00010956271580653265, -0.0005129177588969469], [9.793897334020585e-05, 4.886593887931667e-05, -0.0009385133162140846, -0.00015329380403272808, -0.001445734640583396, 0.006624393165111542, -0.0022710261400789022, -0.0004667922912631184, -0.0003185246023349464, -0.0013740983558818698, -0.00047455175081267953, -0.0015746757853776217, 0.0015283523825928569], [0.00023550292826257646, 7.325777551159263e-05, 0.00025637017097324133, -0.00015103991609066725, 0.00025128014385700226, -0.0022710261400789022, 0.00599400419741869, -0.0028048178646713495, -0.0008375959005206823, 0.0011439098743721843, -0.0014125396264716983, -0.0009328721207566559, 0.0014331521233543754], [-0.0002054632786894217, -0.000212698636460118, -0.0009110927348956466, 0.000288317707600072, 0.0009355679503642023, -0.0004667922912631184, -0.0028048178646713495, 0.006755764130502939, -0.0028993221931159496, -9.959794988390058e-05, 0.0005751776043325663, -0.00013871148985344917, -0.0013992009917274117], [-0.00012815782974939793, -0.00044112661271356046, 0.0009038173593580723, 0.00015909997455310076, -0.001152075594291091, -0.0003185246023349464, -0.0008375959005206823, -0.0028993221931159496, 0.009107616730034351, -0.0028474319260567427, -0.0003604883386287838, 0.0002796285261865705, -0.0018924401374533772], [0.00016237571253441274, 0.0005338005721569061, -0.0001519057113910094, -0.0002569207863416523, -0.0008402353269048035, -0.0013740983558818698, 0.0011439098743721843, -9.959794988390058e-05, -0.0028474319260567427, 0.009519809857010841, -0.004648343659937382, -0.002195212757214904, 0.0014886835124343634], [-0.00027367263101041317, -0.0004256068787071854, 0.000701586832292378, 0.0004277100379113108, 0.0003016191185452044, -0.00047455175081267953, -0.0014125396264716983, 0.0005751776043325663, -0.0003604883386287838, -0.004648343659937382, 0.01092500239610672, -0.0014168501365929842, -0.002865293761715293], [0.00022229531896300614, 0.00019289432384539396, -0.0004880803753621876, 0.000879860483109951, 0.00010956271580653265, -0.0015746757853776217, -0.0009328721207566559, -0.00013871148985344917, 0.0002796285261865705, -0.002195212757214904, -0.0014168501365929842, 0.00962141901254654, -0.002795760054141283], [6.005776231177151e-05, 0.00020442191453184932, 0.0003206116671208292, -0.0012611171696335077, -0.0005129177588969469, 0.0015283523825928569, 0.0014331521233543754, -0.0013992009917274117, -0.0018924401374533772, 0.0014886835124343634, -0.002865293761715293, -0.002795760054141283, 0.009824044071137905]], "metadata.audio_properties.analysis.downmix": "mix", "metadata.audio_properties.codec": "mp3", "metad