{"song_id": "1183670079783718962", "download": "https://cdn.discordapp.com/attachments/1135903449314238464/1183670079783718962/chirp.mp4?ex=65892daa&amp", "lyrics": "\u660e\u6708\u51e0\u65f6\u6709\uff1f\n\u628a\u9152\u95ee\u9752\u5929\u3002\n\u4e0d\u77e5\u5929\u4e0a\u5bab\u9619\uff0c\n\u4eca\u5915\u662f\u4f55\u5e74\u3002", "style": ["Swing"], "essentia_features": {"lowlevel.average_loudness": 0.9782188534736633, "lowlevel.barkbands_crest.mean": 13.880555152893066, "lowlevel.barkbands_crest.stdev": 4.619045734405518, "lowlevel.barkbands_flatness_db.mean": 0.256059855222702, "lowlevel.barkbands_flatness_db.stdev": 0.07268742471933365, "lowlevel.barkbands_kurtosis.mean": 21.525917053222656, "lowlevel.barkbands_kurtosis.stdev": 30.63652801513672, "lowlevel.barkbands_skewness.mean": 2.9107890129089355, "lowlevel.barkbands_skewness.stdev": 2.139521598815918, "lowlevel.barkbands_spread.mean": 10.540242195129395, "lowlevel.barkbands_spread.stdev": 14.933184623718262, "lowlevel.dissonance.mean": 0.41345587372779846, "lowlevel.dissonance.stdev": 0.05529249086976051, "lowlevel.dynamic_complexity": 3.2131710052490234, "lowlevel.erbbands_crest.mean": 12.024534225463867, "lowlevel.erbbands_crest.stdev": 5.452624320983887, "lowlevel.erbbands_flatness_db.mean": 0.19978637993335724, "lowlevel.erbbands_flatness_db.stdev": 0.05041440576314926, "lowlevel.erbbands_kurtosis.mean": 4.171436786651611, "lowlevel.erbbands_kurtosis.stdev": 6.952907562255859, "lowlevel.erbbands_skewness.mean": 1.0854172706604004, "lowlevel.erbbands_skewness.stdev": 1.4096522331237793, "lowlevel.erbbands_spread.mean": 31.968687057495117, "lowlevel.erbbands_spread.stdev": 23.447067260742188, "lowlevel.hfc.mean": 13.684089660644531, "lowlevel.hfc.stdev": 13.438068389892578, "lowlevel.loudness_ebu128.integrated": -18.296398162841797, "lowlevel.loudness_ebu128.loudness_range": 2.0057296752929688, "lowlevel.loudness_ebu128.momentary.mean": -18.66437339782715, "lowlevel.loudness_ebu128.momentary.stdev": 1.966658592224121, "lowlevel.loudness_ebu128.short_term.mean": -18.57532501220703, "lowlevel.loudness_ebu128.short_term.stdev": 0.7354949116706848, "lowlevel.melbands_crest.mean": 17.396093368530273, "lowlevel.melbands_crest.stdev": 5.182690143585205, "lowlevel.melbands_flatness_db.mean": 0.333288311958313, "lowlevel.melbands_flatness_db.stdev": 0.100184865295887, "lowlevel.melbands_kurtosis.mean": 36.54661560058594, "lowlevel.melbands_kurtosis.stdev": 43.399879455566406, "lowlevel.melbands_skewness.mean": 3.746199607849121, "lowlevel.melbands_skewness.stdev": 2.3294241428375244, "lowlevel.melbands_spread.mean": 13.271478652954102, "lowlevel.melbands_spread.stdev": 29.151935577392578, "lowlevel.pitch_salience.mean": 0.4785667657852173, "lowlevel.pitch_salience.stdev": 0.12329329550266266, "lowlevel.silence_rate_20dB.mean": 1.0, "lowlevel.silence_rate_20dB.stdev": 0.0, "lowlevel.silence_rate_30dB.mean": 0.8780487775802612, "lowlevel.silence_rate_30dB.stdev": 0.3272295594215393, "lowlevel.silence_rate_60dB.mean": 0.0731707289814949, "lowlevel.silence_rate_60dB.stdev": 0.2604164779186249, "lowlevel.spectral_centroid.mean": 707.1556396484375, "lowlevel.spectral_centroid.stdev": 869.9435424804688, "lowlevel.spectral_complexity.mean": 9.04878044128418, "lowlevel.spectral_complexity.stdev": 5.674820423126221, "lowlevel.spectral_decrease.mean": -1.1892899109966493e-08, "lowlevel.spectral_decrease.stdev": 1.4163192396665636e-08, "lowlevel.spectral_energy.mean": 0.04612773656845093, "lowlevel.spectral_energy.stdev": 0.054057054221630096, "lowlevel.spectral_energyband_high.mean": 0.0005219770246185362, "lowlevel.spectral_energyband_high.stdev": 0.001450412324629724, "lowlevel.spectral_energyband_low.mean": 0.028100019320845604, "lowlevel.spectral_energyband_low.stdev": 0.04777052626013756, "lowlevel.spectral_energyband_middle_high.mean": 0.0018889165949076414, "lowlevel.spectral_energyband_middle_high.stdev": 0.0026161756832152605, "lowlevel.spectral_energyband_middle_low.mean": 0.017532795667648315, "lowlevel.spectral_energyband_middle_low.stdev": 0.017073437571525574, "lowlevel.spectral_entropy.mean": 6.709475517272949, "lowlevel.spectral_entropy.stdev": 0.7397000789642334, "lowlevel.spectral_flux.mean": 0.09538117051124573, "lowlevel.spectral_flux.stdev": 0.09312205761671066, "lowlevel.spectral_kurtosis.mean": 11.809184074401855, "lowlevel.spectral_kurtosis.stdev": 13.116929054260254, "lowlevel.spectral_rms.mean": 0.005835394375026226, "lowlevel.spectral_rms.stdev": 0.0033092068042606115, "lowlevel.spectral_rolloff.mean": 759.3810424804688, "lowlevel.spectral_rolloff.stdev": 1416.6376953125, "lowlevel.spectral_skewness.mean": 2.5240330696105957, "lowlevel.spectral_skewness.stdev": 1.2690074443817139, "lowlevel.spectral_spread.mean": 4101061.0, "lowlevel.spectral_spread.stdev": 1675978.125, "lowlevel.spectral_strongpeak.mean": 0.8463612794876099, "lowlevel.spectral_strongpeak.stdev": 0.7616121172904968, "lowlevel.zerocrossingrate.mean": 0.03415719047188759, "lowlevel.zerocrossingrate.stdev": 0.040564972907304764, "metadata.audio_properties.analysis.equal_loudness": 0.0, "metadata.audio_properties.analysis.length": 8.5322904586792, "metadata.audio_properties.analysis.sample_rate": 44100.0, "metadata.audio_properties.analysis.start_time": 0.0, "metadata.audio_properties.bit_rate": 114465.0, "metadata.audio_properties.length": 8.533333778381348, "metadata.audio_properties.lossless": 0.0, "metadata.audio_properties.number_channels": 1.0, "metadata.audio_properties.replay_gain": -7.697595596313477, "metadata.audio_properties.sample_rate": 48000.0, "rhythm.beats_count": 16.0, "rhythm.beats_loudness.mean": 0.1240721195936203, "rhythm.beats_loudness.stdev": 0.03245634585618973, "rhythm.bpm": 115.06198120117188, "rhythm.bpm_histogram_first_peak_bpm": 115.0, "rhythm.bpm_histogram_first_peak_weight": 0.38461536169052124, "rhythm.bpm_histogram_second_peak_bpm": 120.0, "rhythm.bpm_histogram_second_peak_spread": 0.5, "rhythm.bpm_histogram_second_peak_weight": 0.06666667014360428, "rhythm.danceability": 1.3444904088974, "rhythm.onset_rate": 3.978961706161499, "tonal.chords_changes_rate": 0.05945945903658867, "tonal.chords_number_rate": 0.027027027681469917, "tonal.chords_strength.mean": 0.5391579270362854, "tonal.chords_strength.stdev": 0.09381883591413498, "tonal.hpcp_crest.mean": 14.319219589233398, "tonal.hpcp_crest.stdev": 6.864292144775391, "tonal.hpcp_entropy.mean": 1.915532112121582, "tonal.hpcp_entropy.stdev": 0.7630316615104675, "tonal.key_edma.strength": 0.747808575630188, "tonal.key_krumhansl.strength": 0.7481030225753784, "tonal.key_temperley.strength": 0.7341014742851257, "tonal.tuning_diatonic_strength": 0.643447756767273, "tonal.tuning_equal_tempered_deviation": 0.12280965596437454, "tonal.tuning_frequency": 439.4919738769531, "tonal.tuning_nontempered_energy_ratio": 0.7266278266906738, "lowlevel.barkbands.mean": [0.0005440704990178347, 0.01486208662390709, 0.010820494964718819, 0.0030571874231100082, 0.007925557903945446, 0.0030568134970963, 0.001937087276019156, 0.0002647623186931014, 0.001148564275354147, 0.0004820011672563851, 0.00040458072908222675, 0.0002749320410657674, 0.000126862054457888, 0.00015446350153069943, 0.00011582011211430654, 4.5307424443308264e-05, 8.067284943535924e-05, 0.0001035171517287381, 0.00014111987547948956, 0.00011006171553162858, 0.00013697148824576288, 0.00015095884737093002, 0.0001008893086691387, 4.726697807200253e-05, 2.6403738957014866e-05, 9.297948963649105e-06, 1.2749548972124103e-08], "lowlevel.barkbands.stdev": [0.0016743317246437073, 0.03268285468220711, 0.01723952777683735, 0.005783168599009514, 0.011129114776849747, 0.006722383201122284, 0.005263332277536392, 0.0006702518439851701, 0.0029302870389074087, 0.001401478541083634, 0.0009256903431378305, 0.0005322698852978647, 0.0003221991937607527, 0.0003635013126768172, 0.00028417265275493264, 9.361833508592099e-05, 0.00024729472352191806, 0.0002864596026483923, 0.00048368365969508886, 0.0004151608154643327, 0.00046035536797717214, 0.0004495534813031554, 0.000290087191388011, 0.0001050180071615614, 5.4102631111163646e-05, 2.2509737391374074e-05, 9.241431087048113e-08], "lowlevel.erbbands.mean": [0.43426772952079773, 3.3628954887390137, 11.192215919494629, 12.678905487060547, 15.285500526428223, 37.02436828613281, 25.35643768310547, 19.18826675415039, 21.39604377746582, 20.95401954650879, 11.651290893554688, 28.145021438598633, 14.410091400146484, 23.647319793701172, 10.636086463928223, 9.999152183532715, 6.740640640258789, 7.694912433624268, 7.554352283477783, 3.6474053859710693, 2.887218952178955, 5.079421043395996, 5.766041278839111, 6.7299957275390625, 6.772583961486816, 5.147243499755859, 5.4018874168396, 5.270954608917236, 5.502748966217041, 4.263370990753174, 2.660832405090332, 1.2371597290039062, 0.6809871196746826, 0.34941962361335754, 0.16177089512348175, 0.062207430601119995, 0.013012406416237354, 0.000791129597928375, 4.12120898545254e-05, 5.2996099839219823e-05], "lowlevel.erbbands.stdev": [1.0637266635894775, 7.432033538818359, 19.80757713317871, 17.872295379638672, 24.720123291015625, 56.33850860595703, 56.713619232177734, 33.66590881347656, 57.798091888427734, 58.41386795043945, 29.90936279296875, 81.4266357421875, 34.1954460144043, 63.666038513183594, 20.246681213378906, 18.983060836791992, 16.02623748779297, 17.84326934814453, 19.553699493408203, 7.589390277862549, 6.098877429962158, 17.15542984008789, 16.60744285583496, 20.939193725585938, 24.55614471435547, 18.636947631835938, 19.196592330932617, 16.729875564575195, 16.366403579711914, 12.771195411682129, 7.553666114807129, 2.8152434825897217, 1.5243477821350098, 0.7224181294441223, 0.3680477738380432, 0.15197661519050598, 0.03269222006201744, 0.001999993808567524, 5.449662421597168e-05, 5.900235191802494e-05], "lowlevel.gfcc.mean": [-73.79505920410156, 130.27711486816406, -77.37630462646484, 39.818424224853516, -56.793296813964844, 22.52077865600586, -40.38735580444336, -0.26328158378601074, -21.112112045288086, -8.788941383361816, -11.946893692016602, -1.4896492958068848, -8.495963096618652], "lowlevel.melbands.mean": [0.00398970115929842, 0.005279500503093004, 0.002204287564381957, 0.0019720401614904404, 0.0009777243249118328, 0.000460933952126652, 0.0003667265409603715, 0.00018479883146937937, 0.00011023063416359946, 0.00017801905050873756, 6.292935722740367e-05, 9.258685167878866e-05, 4.198103488306515e-05, 2.94302953989245e-05, 1.9610952222137712e-05, 1.3764106370217633e-05, 1.4339270819618832e-05, 1.274418809771305e-05, 8.02225258667022e-06, 2.9548787097155582e-06, 3.2764442039479036e-06, 5.3611247494700365e-06, 5.102873274154263e-06, 4.551773599814624e-06, 5.604492343991296e-06, 5.066308858658886e-06, 4.509308837441495e-06, 3.0989772312750574e-06, 3.1363956622953992e-06, 3.503992957121227e-06, 2.8711265258607455e-06, 3.1432316518476e-06, 2.90487332677003e-06, 2.181546051360783e-06, 1.6922485883696936e-06, 9.847341289059841e-07, 6.544811981257226e-07, 4.636357004983438e-07, 4.0605860363029933e-07, 2.6256753926645615e-07], "lowlevel.melbands.stdev": [0.008967805653810501, 0.009533090516924858, 0.002938677091151476, 0.002797013381496072, 0.001603824319317937, 0.0008474737405776978, 0.000973876565694809, 0.000517097651027143, 0.0003223232051823288, 0.0005126874311827123, 0.000161917443620041, 0.0002606599300634116, 8.567125769332051e-05, 5.4416257626144215e-05, 5.595197217189707e-05, 3.4377990232314914e-05, 3.6497167457127944e-05, 3.590259439079091e-05, 1.89880229299888e-05, 6.234409738681279e-06, 7.501565505663166e-06, 1.9700846678460948e-05, 1.341459483228391e-05, 1.3273582226247527e-05, 1.798398807295598e-05, 1.812987648008857e-05, 1.8638069377630018e-05, 1.1379273928469047e-05, 1.1914964488823898e-05, 1.166203037428204e-05, 9.188272088067606e-06, 9.381528798257932e-06, 8.915810212783981e-06, 6.67925996822305e-06, 4.950662969349651e-06, 2.4999110337375896e-06, 1.5161785995587707e-06, 1.0516455404285807e-06, 9.034221193360281e-07, 5.491718866323936e-07], "lowlevel.melbands128.mean": [0.0005245947395451367, 0.003301489632576704, 0.005411822814494371, 0.0054152291268110275, 0.00574604794383049, 0.005180219188332558, 0.0026719786692410707, 0.001318037393502891, 0.001208714791573584, 0.00242815469391644, 0.002456630812957883, 0.0006903011817485094, 0.0008473719353787601, 0.0009443063172511756, 0.0004081267397850752, 0.00023872792371548712, 0.00019600574159994721, 0.000415996735682711, 0.0005975027452223003, 0.0001757781719788909, 2.5054134312085807e-05, 3.119107714155689e-05, 0.00013629610475618392, 0.00016494386363774538, 0.0002150380314560607, 0.0001810416579246521, 7.81650232966058e-05, 5.977625187369995e-05, 3.382724753464572e-05, 7.45518846088089e-05, 0.00014584044401999563, 7.059028575895354e-05, 2.620241320983041e-05, 2.3372147552436218e-05, 3.3863343560369685e-05, 3.072860636166297e-05, 2.3501357645727694e-05, 2.654079617059324e-05, 7.499807452404639e-06, 1.6425654393970035e-05, 1.5049332432681695e-05, 1.046969282469945e-05, 1.6135985788423568e-05, 1.545392478874419e-05, 1.1911474757653195e-05, 1.5472789527848363e-05, 7.774467121635098e-06, 1.310010065935785e-05, 4.352558335085632e-06, 2.485334562152275e-06, 3.2813077268656343e-06, 2.946114136648248e-06, 2.871653578040423e-06, 3.919340542779537e-06, 3.1498079806624446e-06, 7.337151146202814e-06, 5.245536613074364e-06, 3.2466020911670057e-06, 6.072817996027879e-06, 6.850523732282454e-06, 3.1733366085973103e-06, 3.8041946481826017e-06, 5.998725100653246e-06, 6.2014405557420105e-06, 5.086292730993591e-06, 4.807794539374299e-06, 5.683805738954106e-06, 4.078183792444179e-06, 5.138139385962859e-06, 3.546931338860304e-06, 2.930226401076652e-06, 2.9845850804122165e-06, 2.542866923249676e-06, 3.383654302524519e-06, 3.5215837215218926e-06, 3.640806426119525e-06, 3.526722593960585e-06, 2.9364339297899278e-06, 2.7300393412588164e-06, 2.8118304271629313e-06, 3.1952645258570556e-06, 3.3457952213211684e-06, 2.8768731681338977e-06, 3.234589030398638e-06, 2.5203746645274805e-06, 2.1614052911900217e-06, 2.0901914012938505e-06, 2.11658198168152e-06, 1.7527062254885095e-06, 1.365263983643672e-06, 1.1003985491697676e-06, 8.51198365126038e-07, 8.038117584874271e-07, 7.049873715914146e-07, 5.381210144150828e-07, 4.4113582475802104e-07, 4.235706683175522e-07, 5.316465490068367e-07, 4.6162594458110107e-07, 3.01896761811804e-07, 2.855826721770427e-07, 2.576383906216506e-07, 2.4071647430901066e-07, 2.108941004053122e-07, 1.751275675587749e-07, 1.5247212559188483e-07, 1.5485058213471348e-07, 1.2899444357117318e-07, 9.745861007104395e-08, 9.285994906349515e-08, 7.292744896858494e-08, 5.372261924208033e-08, 2.948713451189633e-08, 2.6703707689534895e-08, 1.5814098475175342e-08, 3.499110556859364e-09, 5.053006346678046e-10, 1.4122897296076076e-10, 9.223746766373608e-12, 8.970482343051422e-12, 8.747096796879461e-12, 8.581464532031458e-12, 8.40667552931551e-12, 8.259672459876022e-12, 8.067178869364255e-12, 7.830189621693684e-12, 7.689383851872122e-12, 7.637495670620442e-12], "lowlevel.melbands128.stdev": [0.0016193664632737637, 0.0091368667781353, 0.012435492128133774, 0.01300555095076561, 0.011653591878712177, 0.007662726566195488, 0.003988920245319605, 0.0025772824883461, 0.0027673733420670033, 0.004006215371191502, 0.004208488389849663, 0.00147923338226974, 0.0024247218389064074, 0.0026410820428282022, 0.0008989012567326427, 0.0005596489063464105, 0.0007428987883031368, 0.0014614192768931389, 0.001820388133637607, 0.0005634335102513433, 7.904544327175245e-05, 8.396919292863458e-05, 0.0004625042201951146, 0.0006254177424125373, 0.0007902866345830262, 0.0006545866490341723, 0.0002746820682659745, 0.00022027625527698547, 0.00016255276568699628, 0.000352256465703249, 0.00043333283974789083, 0.00018392298079561442, 0.00010189150634687394, 7.349736551987007e-05, 8.402140520047396e-05, 6.903307803440839e-05, 6.198902701726183e-05, 0.00010618583473842591, 3.194449527654797e-05, 6.396880780812353e-05, 4.6689845476066694e-05, 3.283705882495269e-05, 6.129622488515452e-05, 4.975412230123766e-05, 3.160171763738617e-05, 7.080830255290493e-05, 2.890841460612137e-05, 3.51707058143802e-05, 1.2527732906164601e-05, 6.210762421687832e-06, 9.59153567237081e-06, 6.78540754961432e-06, 9.44910425459966e-06, 1.0956467122014146e-05, 8.131942195177544e-06, 3.5903864045394585e-05, 1.9866751244990155e-05, 6.410190053429687e-06, 1.807214539439883e-05, 2.9619515771628357e-05, 1.0681565981940366e-05, 1.3070449313090649e-05, 2.183744072681293e-05, 2.2878555682837032e-05, 1.7221600501216017e-05, 1.977825195353944e-05, 2.435016904200893e-05, 1.560797136335168e-05, 2.8019701858283952e-05, 1.4468289919022936e-05, 1.080752736015711e-05, 1.2815218724426813e-05, 9.84708640316967e-06, 1.549782246001996e-05, 1.2742206308757886e-05, 1.2929242984682787e-05, 1.2041601621604059e-05, 9.838077858148608e-06, 9.495838639850263e-06, 9.854177733359393e-06, 9.707499884825666e-06, 1.0398672202427406e-05, 9.812937605602201e-06, 1.0213570931227878e-05, 8.513537068211008e-06, 6.803783890063642e-06, 7.111525519576389e-06, 6.623174158448819e-06, 5.043076271249447e-06, 4.58972772321431e-06, 3.2417131023976253e-06, 2.0589927771652583e-06, 2.0721927285194397e-06, 1.8491165292289224e-06, 1.2727509783871938e-06, 1.0176229352509836e-06, 1.0523712035137578e-06, 1.4767044831387466e-06, 1.0798557923408225e-06, 6.629499580412812e-07, 6.639511411776766e-07, 5.62778154744592e-07, 5.573170938077965e-07, 5.537125389309949e-07, 5.104220690554939e-07, 4.190467848275148e-07, 3.906986876245355e-07, 3.2422329354631074e-07, 2.428915024665912e-07, 2.7271903491055127e-07, 1.982617590101654e-07, 1.3819774835610588e-07, 1.0012733042685795e-07, 8.446298949138509e-08, 4.5634159562268906e-08, 1.2337873833700996e-08, 2.975458102127959e-09, 1.7798595930429428e-09, 1.6000159530626945e-11, 1.5582948126313667e-11, 1.5217858223559588e-11, 1.4907242107398133e-11, 1.460040595369083e-11, 1.4360231753718367e-11, 1.41448510890263e-11, 1.3979106934514096e-11, 1.3860597565529265e-11, 1.3786489311273797e-11], "lowlevel.mfcc.mean": [-726.2012939453125, 153.82118225097656, 39.2153205871582, 24.81944465637207, 14.326147079467773, 16.079221725463867, -1.899948000907898, 9.867817878723145, -5.444087028503418, -6.880482196807861, 0.35424086451530457, -5.5894293785095215, -2.2777938842773438], "lowlevel.spectral_contrast_coeffs.mean": [-0.6417504549026489, -0.710259735584259, -0.7657715678215027, -0.8072595596313477, -0.8077551126480103, -0.782762885093689], "lowlevel.spectral_contrast_coeffs.stdev": [0.08347742259502411, 0.08409726619720459, 0.08325491100549698, 0.05279240384697914, 0.04873842000961304, 0.05058089271187782], "lowlevel.spectral_contrast_valleys.mean": [-6.684675693511963, -7.545759677886963, -8.213553428649902, -8.708274841308594, -8.899993896484375, -11.063426971435547], "lowlevel.spectral_contrast_valleys.stdev": [0.9852538108825684, 0.9300826787948608, 0.9784151911735535, 0.9533292651176453, 1.2447327375411987, 1.267813801765442], "rhythm.beats_loudness_band_ratio.mean": [0.8397638201713562, 0.11745496094226837, 0.0473383367061615, 0.007125812117010355, 0.004498528782278299, 0.005343946162611246], "rhythm.beats_loudness_band_ratio.stdev": [0.11706135421991348, 0.11110647022724152, 0.07943632453680038, 0.005780791398137808, 0.005986528005450964, 0.016069559380412102], "tonal.hpcp.mean": [0.05591324344277382, 0.10236212611198425, 0.2715296447277069, 0.564189076423645, 0.41907933354377747, 0.07103703916072845, 0.06108317896723747, 0.05756106972694397, 0.04073172062635422, 0.03426529839634895, 0.02234758622944355, 0.01849854364991188, 0.018110118806362152, 0.017353031784296036, 0.02675197459757328, 0.039551883935928345, 0.0729404017329216, 0.1922471970319748, 0.22583657503128052, 0.1155012995004654, 0.042291589081287384, 0.0289487112313509, 0.0400753989815712, 0.06742789596319199, 0.09094066917896271, 0.06228617951273918, 0.037687625735998154, 0.04530952498316765, 0.03789033740758896, 0.05042293295264244, 0.06893603503704071, 0.07098459452390671, 0.08934711664915085, 0.08068478107452393, 0.0624329075217247, 0.0652943029999733], "tonal.hpcp.stdev": [0.1775226593017578, 0.2348078340291977, 0.3135523796081543, 0.4190441966056824, 0.3653509318828583, 0.14746466279029846, 0.2160201519727707, 0.19215528666973114, 0.1537705510854721, 0.1492859125137329, 0.09914058446884155, 0.09735061228275299, 0.09534187614917755, 0.08898968994617462, 0.10261424630880356, 0.12959307432174683, 0.16553883254528046, 0.3168170154094696, 0.35583531856536865, 0.23008322715759277, 0.14253759384155273, 0.12462393194437027, 0.1408507078886032, 0.1702243983745575, 0.1876911073923111, 0.15359260141849518, 0.10202355682849884, 0.14870211482048035, 0.10552992671728134, 0.14355111122131348, 0.18855027854442596, 0.18089176714420319, 0.23108546435832977, 0.21409709751605988, 0.18833374977111816, 0.1998988837003708], "rhythm.beats_position": [0.4643990993499756, 0.952018141746521, 1.4512470960617065, 1.9736961126327515, 2.4845352172851562, 3.0185940265655518, 3.529433012008667, 4.051881790161133, 4.574330806732178, 5.108389854431152, 5.619228839874268, 6.1416778564453125, 6.664126873016357, 7.186575889587402, 7.709024906158447, 8.231473922729492], "rhythm.bpm_histogram": [0.0, 0.0, 0.0, 0.0, 0.0, 0.0, 0.0, 0.0, 0.0, 0.0, 0.0, 0.0, 0.0, 0.0, 0.0, 0.0, 0.0, 0.0, 0.0, 0.0, 0.0, 0.0, 0.0, 0.0, 0.0, 0.0, 0.0, 0.0, 0.0, 0.0, 0.0, 0.0, 0.0, 0.0, 0.0, 0.0, 0.0, 0.0, 0.0, 0.0, 0.0, 0.0, 0.0, 0.0, 0.0, 0.0, 0.0, 0.0, 0.0, 0.0, 0.0, 0.0, 0.0, 0.0, 0.0, 0.0, 0.0, 0.0, 0.0, 0.0, 0.0, 0.0, 0.0, 0.0, 0.0, 0.0, 0.0, 0.0, 0.0, 0.0, 0.0, 0.0, 0.0, 0.0, 0.0, 0.0, 0.0, 0.0, 0.0, 0.0, 0.0, 0.0, 0.0, 0.0, 0.0, 0.0, 0.0, 0.0, 0.0, 0.0, 0.0, 0.0, 0.0, 0.0, 0.0, 0.0, 0.0, 0.0, 0.0, 0.0, 0.0, 0.0, 0.0, 0.0, 0.0, 0.0, 0.0, 0.0, 0.0, 0.0, 0.0, 0.0, 0.13333334028720856, 0.0, 0.0, 0.5333333611488342, 0.0, 0.20000000298023224, 0.0, 0.0, 0.06666667014360428, 0.0, 0.0, 0.06666667014360428, 0.0, 0.0, 0.0, 0.0, 0.0, 0.0, 0.0, 0.0, 0.0, 0.0, 0.0, 0.0, 0.0, 0.0, 0.0, 0.0, 0.0, 0.0, 0.0, 0.0, 0.0, 0.0, 0.0, 0.0, 0.0, 0.0, 0.0, 0.0, 0.0, 0.0, 0.0, 0.0, 0.0, 0.0, 0.0, 0.0, 0.0, 0.0, 0.0, 0.0, 0.0, 0.0, 0.0, 0.0, 0.0, 0.0, 0.0, 0.0, 0.0, 0.0, 0.0, 0.0, 0.0, 0.0, 0.0, 0.0, 0.0, 0.0, 0.0, 0.0, 0.0, 0.0, 0.0, 0.0, 0.0, 0.0, 0.0, 0.0, 0.0, 0.0, 0.0, 0.0, 0.0, 0.0, 0.0, 0.0, 0.0, 0.0, 0.0, 0.0, 0.0, 0.0, 0.0, 0.0, 0.0, 0.0, 0.0, 0.0, 0.0, 0.0, 0.0, 0.0, 0.0, 0.0, 0.0, 0.0, 0.0, 0.0, 0.0, 0.0, 0.0, 0.0, 0.0, 0.0, 0.0, 0.0, 0.0, 0.0, 0.0, 0.0, 0.0, 0.0, 0.0, 0.0, 0.0, 0.0, 0.0, 0.0, 0.0, 0.0, 0.0, 0.0, 0.0, 0.0, 0.0, 0.0], "tonal.chords_histogram": [20.0, 0.0, 0.0, 0.0, 0.0, 0.0, 0.0, 41.621620178222656, 4.864864826202393, 31.351350784301758, 0.0, 0.0, 0.0, 0.0, 0.0, 0.0, 0.0, 0.0, 0.0, 0.0, 0.0, 0.0, 2.1621620655059814, 0.0], "tonal.thpcp": [1.0, 0.7427994608879089, 0.1259099841117859, 0.10826721042394638, 0.10202442854642868, 0.0721951574087143, 0.06073371320962906, 0.03961009904742241, 0.03278784453868866, 0.03209937736392021, 0.030757475644350052, 0.04741668328642845, 0.0701039507985115, 0.129283607006073, 0.340749591588974, 0.4002852737903595, 0.20472091436386108, 0.07495995610952377, 0.05131030082702637, 0.07103186100721359, 0.11951293796300888, 0.1611882895231247, 0.11039947718381882, 0.06679964065551758, 0.08030911535024643, 0.06715893745422363, 0.08937240391969681, 0.12218604981899261, 0.12581703066825867, 0.15836378931999207, 0.1430101841688156, 0.11065954715013504, 0.11573123931884766, 0.09910373389720917, 0.18143230676651, 0.48127418756484985], "lowlevel.gfcc.cov": [[9395.833984375, -1231.7496337890625, -486.3231201171875, 445.0382995605469, -714.923583984375, 122.9168930053711, -33.14362716674805, 161.56300354003906, 33.67661666870117, -47.51109313964844, -301.7356262207031, 350.7978820800781, -162.9959259033203], [-1231.7496337890625, 3143.288818359375, 247.00234985351562, -1339.77685546875, 628.8790893554688, 86.07823944091797, 133.6601104736328, -431.58453369140625, 327.6249694824219, -265.4920959472656, 284.7148742675781, -217.9075469970703, 287.39605712890625], [-486.3231201171875, 247.00234985351562, 654.1830444335938, 106.77482604980469, 61.33123016357422, 46.66056442260742, 55.67765426635742, -44.313629150390625, 33.08945083618164, 12.463946342468262, 20.6561336517334, -17.243135452270508, 55.625816345214844], [445.0382995605469, -1339.77685546875, 106.77482604980469, 1254.5615234375, -30.365711212158203, -128.8031005859375, -5.612566947937012, 117.63191223144531, -109.3373031616211, 115.54033660888672, -29.50400161743164, 31.409399032592773, 2.771101474761963], [-714.923583984375, 628.8790893554688, 61.33123016357422, -30.365711212158203, 494.1346740722656, 87.25236511230469, 95.48905944824219, -67.6874008178711, 110.15248107910156, 15.92593765258789, 110.01863098144531, -94.40316009521484, 110.09744262695312], [122.9168930053711, 86.07823944091797, 46.66056442260742, -128.8031005859375, 87.25236511230469, 249.30148315429688, 92.24219512939453, 3.497750759124756, 35.67796325683594, 36.01032638549805, 3.108577013015747, 6.104593753814697, 4.240227222442627], [-33.14362716674805, 133.6601104736328, 55.67765426635742, -5.612566947937012, 95.48905944824219, 92.24219512939453, 244.1938018798828, 35.907588958740234, 30.441774368286133, 9.111124992370605, 53.900428771972656, 10.019837379455566, 6.963952541351318], [161.56300354003906, -431.58453369140625, -44.313629150390625, 117.63191223144531, -67.6874008178711, 3.497750759124756, 35.907588958740234, 190.13400268554688, 5.114790916442871, 62.26018524169922, -44.31007766723633, 27.31763458251953, -67.08409881591797], [33.67661666870117, 327.6249694824219, 33.08945083618164, -109.3373031616211, 110.15248107910156, 35.67796325683594, 30.441774368286133, 5.114790916442871, 153.65452575683594, 8.818634986877441, 19.966615676879883, -26.9417724609375, 47.928070068359375], [-47.51109313964844, -265.4920959472656, 12.463946342468262, 115.54033660888672, 15.92593765258789, 36.01032638549805, 9.111124992370605, 62.26018524169922, 8.818634986877441, 168.6847686767578, 11.118247985839844, -7.596670627593994, -28.6655216217041], [-301.7356262207031, 284.7148742675781, 20.6561336517334, -29.50400161743164, 110.01863098144531, 3.108577013015747, 53.900428771972656, -44.31007766723633, 19.966615676879883, 11.118247985839844, 126.82188415527344, -7.9508442878723145, 49.46159744262695], [350.7978820800781, -217.9075469970703, -17.243135452270508, 31.409399032592773, -94.40316009521484, 6.104593753814697, 10.019837379455566, 27.31763458251953, -26.9417724609375, -7.596670627593994, -7.9508442878723145, 116.13629150390625, -13.315345764160156], [-162.9959259033203, 287.39605712890625, 55.625816345214844, 2.771101474761963, 110.09744262695312, 4.240227222442627, 6.963952541351318, -67.08409881591797, 47.928070068359375, -28.6655216217041, 49.46159744262695, -13.315345764160156, 110.70458221435547]], "lowlevel.gfcc.icov": [[0.00017843383830040693, -0.0003100678732153028, 0.00025388068752363324, -0.0004181921831332147, 0.0003969825920648873, -0.0003510414680931717, 4.637086749426089e-05, -4.6358378313016146e-05, -0.00019848247757181525, -0.00011701839684974402, 0.0004972817841917276, -0.0006073286640457809, 0.0002986059116665274], [-0.0003100678732153028, 0.004989373032003641, -0.0018144086934626102, 0.004604301881045103, -0.0028717194218188524, 0.00264173885807395, -0.0014938934473320842, 0.0039492640644311905, -0.0033529899083077908, 0.003339519025757909, -0.004669513087719679, 0.004350909497588873, -0.002444943878799677], [0.00025388068752363324, -0.0018144086934626102, 0.002505779266357422, -0.002023613080382347, 0.0014530326006934047, -0.0014054637867957354, 4.799141242983751e-05, -0.0006939013837836683, 0.0005462597473524511, -0.0013496887404471636, 0.0021085499320179224, -0.0016162439715117216, 0.00033850077306851745], [-0.0004181921831332147, 0.004604301881045103, -0.002023613080382347, 0.00557188643142581, -0.0031375172547996044, 0.003446021815761924, -0.0015832179924473166, 0.0026282912585884333, -0.0014142334694042802, 0.0020026518031954765, -0.0037223731633275747, 0.004001517314463854, -0.0037356147076934576], [0.0003969825920648873, -0.0028717194218188524, 0.0014530326006934047, -0.0031375172547996044, 0.006096219643950462, -0.002975328592583537, 0.00010447483509778976, -0.0017085454892367125, -4.00533972424455e-05, -0.0018285391852259636, 0.0009147207019850612, -0.00014019286027178168, -0.0004843244096264243], [-0.0003510414680931717, 0.00264173885807395, -0.0014054637867957354, 0.003446021815761924, -0.002975328592583537, 0.007669986225664616, -0.0030033120419830084, 0.002560410415753722, -0.0011234175181016326, -0.0005123920273035765, -0.0001841937191784382, 0.0012020152062177658, -0.0017687665531411767], [4.637086749426089e-05, -0.0014938934473320842, 4.799141242983751e-05, -0.0015832179924473166, 0.00010447483509778976, -0.0030033120419830084, 0.006823118310421705, -0.003352121915668249, 0.0006933282711543143, 0.0006207977421581745, -0.0020916254725307226, -0.0017666778294369578, 0.0020952539052814245], [-4.6358378313016146e-05, 0.0039492640644311905, -0.0006939013837836683, 0.0026282912585884333, -0.0017085454892367125, 0.002560410415753722, -0.003352121915668249, 0.013191284611821175, -0.006180508527904749, 0.000360697420546785, -0.0010011311387643218, 0.0012802236014977098, 0.003138074418529868], [-0.00019848247757181525, -0.0033529899083077908, 0.0005462597473524511, -0.0014142334694042802, -4.00533972424455e-05, -0.0011234175181016326, 0.0006933282711543143, -0.006180508527904749, 0.013807713985443115, -0.003703536931425333, 0.004047799855470657, -0.0010749524226412177, -0.004407375585287809], [-0.00011701839684974402, 0.003339519025757909, -0.0013496887404471636, 0.0020026518031954765, -0.0018285391852259636, -0.0005123920273035765, 0.0006207977421581745, 0.000360697420546785, -0.003703536931425333, 0.011055654846131802, -0.006392892450094223, 0.0038886787369847298, 0.0015939282020553946], [0.0004972817841917276, -0.004669513087719679, 0.0021085499320179224, -0.0037223731633275747, 0.0009147207019850612, -0.0001841937191784382, -0.0020916254725307226, -0.0010011311387643218, 0.004047799855470657, -0.006392892450094223, 0.01834346354007721, -0.006208822131156921, -0.001839762320742011], [-0.0006073286640457809, 0.004350909497588873, -0.0016162439715117216, 0.004001517314463854, -0.00014019286027178168, 0.0012020152062177658, -0.0017666778294369578, 0.0012802236014977098, -0.0010749524226412177, 0.0038886787369847298, -0.006208822131156921, 0.01604517735540867, -0.004320954903960228], [0.0002986059116665274, -0.002444943878799677, 0.00033850077306851745, -0.0037356147076934576, -0.0004843244096264243, -0.0017687665531411767, 0.0020952539052814245, 0.003138074418529868, -0.004407375585287809, 0.0015939282020553946, -0.001839762320742011, -0.004320954903960228, 0.020685667172074318]], "lowlevel.mfcc.cov": [[9509.0166015625, -1937.415771484375, -111.30987548828125, 172.1077423095703, -501.055419921875, -19.534997940063477, -315.3260192871094, 331.69989013671875, 40.57706832885742, -108.59847259521484, 55.304054260253906, -69.51853942871094, -98.58338165283203], [-1937.415771484375, 4002.651123046875, -217.6209716796875, -1159.602783203125, 291.0536193847656, 220.27088928222656, -25.84417152404785, -33.45564651489258, -3.3218934535980225, -38.285118103027344, 14.79931640625, -44.30927658081055, 44.58292770385742], [-111.30987548828125, -217.6209716796875, 602.2860717773438, 159.8369598388672, -31.893451690673828, 27.28213119506836, -0.10821904242038727, 7.592489719390869, 21.934179306030273, -10.278608322143555, -55.4422721862793, 4.654321670532227, 43.781578063964844], [172.1077423095703, -1159.602783203125, 159.8369598388672, 905.0411987304688, 88.89973449707031, 2.7264556884765625, 87.09318542480469, -46.1236457824707, 34.363948822021484, 11.866074562072754, -62.4189338684082, 70.04491424560547, 58.35800552368164], [-501.055419921875, 291.0536193847656, -31.893451690673828, 88.89973449707031, 304.6577453613281, 104.9065933227539, 18.40888023376465, -55.038047790527344, 45.042362213134766, 41.15520095825195, -15.792222023010254, 19.279970169067383, -6.358726978302002], [-19.534997940063477, 220.27088928222656, 27.28213119506836, 2.7264556884765625, 104.9065933227539, 251.1659698486328, 94.17485809326172, 4.386662483215332, 38.067630767822266, 28.55856704711914, 9.135483741760254, 17.140304565429688, 26.59968376159668], [-315.3260192871094, -25.84417152404785, -0.10821904242038727, 87.09318542480469, 18.40888023376465, 94.17485809326172, 198.4609832763672, 26.1124267578125, 0.7950416803359985, 55.142181396484375, 29.63292694091797, 17.118650436401367, 27.133075714111328], [331.69989013671875, -33.45564651489258, 7.592489719390869, -46.1236457824707, -55.038047790527344, 4.386662483215332, 26.1124267578125, 172.7807159423828, 30.482135772705078, -21.209543228149414, 32.60454177856445, -18.904695510864258, -9.710565567016602], [40.57706832885742, -3.3218934535980225, 21.934179306030273, 34.363948822021484, 45.042362213134766, 38.067630767822266, 0.7950416803359985, 30.482135772705078, 118.27774810791016, 69.00767517089844, 6.717169284820557, 19.4984130859375, 15.828969955444336], [-108.59847259521484, -38.285118103027344, -10.278608322143555, 11.866074562072754, 41.15520095825195, 28.55856704711914, 55.142181396484375, -21.209543228149414, 69.00767517089844, 164.01840209960938, 45.39030075073242, 22.6333065032959, 21.501113891601562], [55.304054260253906, 14.79931640625, -55.4422721862793, -62.4189338684082, -15.792222023010254, 9.135483741760254, 29.63292694091797, 32.60454177856445, 6.717169284820557, 45.39030075073242, 97.57380676269531, 3.931164264678955, -13.264366149902344], [-69.51853942871094, -44.30927658081055, 4.654321670532227, 70.04491424560547, 19.279970169067383, 17.140304565429688, 17.118650436401367, -18.904695510864258, 19.4984130859375, 22.6333065032959, 3.931164264678955, 120.72591400146484, 49.86493682861328], [-98.58338165283203, 44.58292770385742, 43.781578063964844, 58.35800552368164, -6.358726978302002, 26.59968376159668, 27.133075714111328, -9.710565567016602, 15.828969955444336, 21.501113891601562, -13.264366149902344, 49.86493682861328, 100.107177734375]], "lowlevel.mfcc.icov": [[0.00016116947517730296, 6.121383921708912e-05, 9.406983735971153e-05, -6.896420381963253e-05, 0.0002746421378105879, -0.00036410221946425736, 0.0005160322180017829, -0.0003433934471104294, 0.00012873498781118542, -0.00016469648107886314, 2.4585295250290073e-05, 5.966835942672333e-06, 8.683600026415661e-05], [6.121383921708912e-05, 0.0006383796571753919, 3.8976824725978076e-05, 0.0009448916534893215, -0.0007871330599300563, -0.00012207881081849337, -0.0001789337838999927, 0.0001337393041467294, -0.0002531165082473308, 0.0006276284693740308, -2.5649318558862433e-05, 0.00023006151604931802, -0.0009607621468603611], [9.406983735971153e-05, 3.8976824725978076e-05, 0.0019868749659508467, -0.00037564270314760506, 0.0006262445240281522, -0.0006905003101564944, 0.0006322562112472951, -0.00046631626901216805, -3.601293792598881e-05, -0.0003331360057927668, 0.001037996611557901, 0.00028398080030456185, -0.0004947123816236854], [-6.896420381963253e-05, 0.0009448916534893215, -0.00037564270314760506, 0.003026274498552084, -0.0019963860977441072, 0.0009266246343031526, -0.0019940417259931564, 0.0010109653230756521, -0.0013212049379944801, 0.0017532103229314089, 0.0005096066161058843, -0.00018062318849842995, -0.0018332655308768153], [0.0002746421378105879, -0.0007871330599300563, 0.0006262445240281522, -0.0019963860977441072, 0.006588093005120754, -0.0028134058229625225, 0.001873936504125595, 0.00042386617860756814, -0.000636031967587769, -0.0019021914340555668, 0.001061113434843719, -0.0007618231466040015, 0.0032393594738096], [-0.00036410221946425736, -0.00012207881081849337, -0.0006905003101564944, 0.0009266246343031526, -0.0028134058229625225, 0.007428398821502924, -0.004827657248824835, 0.0015594472642987967, -0.0029717127326875925, 0.002552313730120659, -0.0009850508067756891, 0.00023653505195397884, -0.001561789307743311], [0.0005160322180017829, -0.0001789337838999927, 0.0006322562112472951, -0.0019940417259931564, 0.001873936504125595, -0.004827657248824835, 0.010951589792966843, -0.0041677397675812244, 0.0054277097806334496, -0.005569597240537405, -0.0001379860914312303, -0.0002645148488227278, -4.552621248876676e-05], [-0.0003433934471104294, 0.0001337393041467294, -0.00046631626901216805, 0.0010109653230756521, 0.00042386617860756814, 0.0015594472642987967, -0.0041677397675812244, 0.010328894481062889, -0.006780871655791998, 0.005915230140089989, -0.004130374640226364, 0.0015533976256847382, -0.0005583664169535041], [0.00012873498781118542, -0.0002531165082473308, -3.601293792598881e-05, -0.0013212049379944801, -0.000636031967587769, -0.0029717127326875925, 0.0054277097806334496, -0.006780871655791998, 0.017640497535467148, -0.010098686441779137, 0.003499238286167383, -0.0017847802955657244, 0.00037815800169482827], [-0.00016469648107886314, 0.0006276284693740308, -0.0003331360057927668, 0.0017532103229314089, -0.0019021914340555668, 0.002552313730120659, -0.005569597240537405, 0.005915230140089989, -0.010098686441779137, 0.014998190104961395, -0.006647183559834957, 0.0010991024319082499, -0.0030864474829286337], [2.4585295250290073e-05, -2.5649318558862433e-05, 0.001037996611557901, 0.0005096066161058843, 0.001061113434843719, -0.0009850508067756891, -0.0001379860914312303, -0.004130374640226364, 0.003499238286167383, -0.006647183559834957, 0.01624283567070961, -0.0022362726740539074, 0.003390991361811757], [5.966835942672333e-06, 0.00023006151604931802, 0.00028398080030456185, -0.00018062318849842995, -0.0007618231466040015, 0.00023653505195397884, -0.0002645148488227278, 0.0015533976256847382, -0.0017847802955657244, 0.0010991024319082499, -0.0022362726740539074, 0.011449610814452171, -0.005957744084298611], [8.683600026415661e-05, -0.0009607621468603611, -0.0004947123816236854, -0.0018332655308768153, 0.0032393594738096, -0.001561789307743311, -4.552621248876676e-05, -0.0005583664169535041, 0.00037815800169482827, -0.0030864474829286337, 0.003390991361811757, -0.005957744084298611, 0.01638675481081009]], "metadata.audio_properties.analysis.downmix": "mix", "metadata.audio_properties.codec": "mp3", "metadata.audio_properties.md5_encoded": "2d21563a3e910cb18c923bae056c9a0a", "metadata.tags.file_name": "1183670079783718962.mp3", "metadata.version.essentia": "2.1-beta6-dev", "metadata.version.essentia_git_sha": "v2.1_beta5-1110-g77a6a954", "metadata.version.extractor": "music 2.0", "tonal.chords_key": "Eb", "tonal.chords_scale": "major", "tonal.key_edma.key": "Eb", "tonal.key_edma.scale": "minor", "tonal.key_krumhansl.key": "Eb", "tonal.key_krumhansl.scale": "minor", "tonal.key_temperley.key": "Eb", "tonal.key_temperley.scale": "minor", "metadata.tags.encoding": ["Lavf58.45.100"]}, "essentia_models": [{"model_name": "genre_dortmund", "activations": {"alternative": "0.059476785", "blues": "0.16044022", "electronic": "0.00342212", "folkcountry": "0.33423966", "funksoulrnb": "0.13790666", "jazz": "0.16673309", "pop": "0.15100802", "raphiphop": "0.017621467", "rock": "0.1719164"}}, {"model_name": "genre_rosamerica", "activations": {"classic": "0.021616131", "dance": "0.0027551744", "hip hop": "0.025121443", "jazz": "0.017002141", "pop": "0.45683205", "rhythm and blues": "0.46766186", "rock": "0.08521555", "speech": "0.048455767"}}, {"model_name": "genre_tzanetakis", "activations": {"blues": "0.16132863", "classic": "0.00091216323", "country": "0.01943809", "disco": "0.021448102", "hip hop": "0.0008953457", "jazz": "0.0006946761", "metal": "0.0009875243", "pop": "0.0670723", "reggae": "0.25773278", "rock": "0.494942"}}, {"model_name": "genre_electronic", "activations": {"ambient": "0.13210559", "dnb": "0.29765967", "house": "0.4307509", "techno": "0.5804418", "trance": "0.004219968"}}, {"model_name": "mood_acoustic", "activations": {"acoustic": "0.79083884", "not acoustic": "0.28765494"}}, {"model_name": "mood_el