{"song_id": "1183677808648658995", "download": "https://cdn.discordapp.com/attachments/1135911532732108921/1183677808648658995/chirp.mp4?ex=658934dd&amp", "lyrics": "\u0421\u0442\u0440\u0430\u0431\u0430\u0441\u043a\u043e\u043f \u043c\u0435\u0440\u0446\u0430\u0435\u0442\n\u0412 \u043e\u043f\u0443\u0441\u0442\u0435\u0432\u0448\u0435\u043c \u0437\u0430\u043b\u0435. \n\u041c\u044b \u0441 \u0442\u043e\u0431\u043e\u0439 \u043e\u0434\u043d\u0438, \n\u0412\u0441\u0435 \u0432 \u0441\u0442\u0440\u0430\u0445\u0435 \u0443\u0431\u0435\u0436\u0430\u043b\u0438. \n\u0417\u0430\u043a\u0440\u0443\u0436\u0438\u043b\u0430\u0441\u044c \u0432 \u0442\u0430\u043d\u0446\u0435\n\u0423 \u0442\u0435\u0431\u044f \u043d\u0435\u0442 \u0448\u0430\u043d\u0441\u043e\u0432, \n\u0415\u0441\u043b\u0438 \u0442\u044b \u0440\u0435\u0448\u0438\u043b\u0430\n\u0421 \u0434\u044c\u044f\u0432\u043e\u043b\u043e\u043c \u0442\u044f\u0433\u0430\u0442\u044c\u0441\u044f... \n[Chorus]\n\u0422\u0435\u0447\u0435\u0442 \u0441\u043b\u044e\u043d\u0430 \u0438\u0437 \u043f\u0440\u0438\u043e\u0442\u043a\u0440\u044b\u0442\u043e\u0439 \u043f\u0430\u0441\u0442\u0438, \n\u041d\u043e  \u044f \u043d\u0435 \u0441\u0442\u0430\u043d\u0443 \u0440\u0432\u0430\u0442\u044c \u0442\u0435\u0431\u044f \u043d\u0430 \u0447\u0430\u0441\u0442\u0438.\n\u042f \u043f\u0440\u043e\u0441\u0442\u043e \u0437\u0430\u0447\u0430\u0440\u043e\u0432\u0430\u043d \u043c\u0443\u0437\u044b\u043a\u043e\u0439\n\u0418 \u0442\u0432\u0430!\u0438\u043c! \u0442\u0435\u043b\u043e\u043c... \n\u043c\u043e\u044f \u0441\u043b\u0435\u043f\u0430\u044f \u0434\u0438\u0441\u043a\u043e... \u043a\u0430! \u0440\u0430! \u043b\u0435\u0432\u0430!\n\u041c\u043e\u044f... \u0441\u043b\u0435\u043f\u0430\u044f \u0434\u0438\u0441\u043a\u043e \u043a\u043e\u0440\u043e\u043b\u0435\u0432\u0430!", "style": ["hardcore"], "essentia_features": {"lowlevel.average_loudness": 0.9787468314170837, "lowlevel.barkbands_crest.mean": 13.30947494506836, "lowlevel.barkbands_crest.stdev": 4.411108493804932, "lowlevel.barkbands_flatness_db.mean": 0.157590851187706, "lowlevel.barkbands_flatness_db.stdev": 0.05582413077354431, "lowlevel.barkbands_kurtosis.mean": 10.339386940002441, "lowlevel.barkbands_kurtosis.stdev": 13.748266220092773, "lowlevel.barkbands_skewness.mean": 2.54900860786438, "lowlevel.barkbands_skewness.stdev": 1.530852198600769, "lowlevel.barkbands_spread.mean": 17.98826789855957, "lowlevel.barkbands_spread.stdev": 13.002862930297852, "lowlevel.dissonance.mean": 0.461131751537323, "lowlevel.dissonance.stdev": 0.036637380719184875, "lowlevel.dynamic_complexity": 1.983648657798767, "lowlevel.erbbands_crest.mean": 10.317642211914062, "lowlevel.erbbands_crest.stdev": 6.257481575012207, "lowlevel.erbbands_flatness_db.mean": 0.13461178541183472, "lowlevel.erbbands_flatness_db.stdev": 0.05649017170071602, "lowlevel.erbbands_kurtosis.mean": 0.6565443277359009, "lowlevel.erbbands_kurtosis.stdev": 3.005464553833008, "lowlevel.erbbands_skewness.mean": 0.44203418493270874, "lowlevel.erbbands_skewness.stdev": 0.9154424667358398, "lowlevel.erbbands_spread.mean": 49.12424850463867, "lowlevel.erbbands_spread.stdev": 25.888315200805664, "lowlevel.hfc.mean": 22.45570182800293, "lowlevel.hfc.stdev": 11.373373031616211, "lowlevel.loudness_ebu128.integrated": -11.550712585449219, "lowlevel.loudness_ebu128.loudness_range": 1.2307262420654297, "lowlevel.loudness_ebu128.momentary.mean": -11.813241004943848, "lowlevel.loudness_ebu128.momentary.stdev": 1.6602195501327515, "lowlevel.loudness_ebu128.short_term.mean": -11.546699523925781, "lowlevel.loudness_ebu128.short_term.stdev": 0.4695603549480438, "lowlevel.melbands_crest.mean": 17.781789779663086, "lowlevel.melbands_crest.stdev": 4.999514579772949, "lowlevel.melbands_flatness_db.mean": 0.24570980668067932, "lowlevel.melbands_flatness_db.stdev": 0.06121688336133957, "lowlevel.melbands_kurtosis.mean": 33.56401062011719, "lowlevel.melbands_kurtosis.stdev": 39.33766174316406, "lowlevel.melbands_skewness.mean": 4.1992669105529785, "lowlevel.melbands_skewness.stdev": 2.6102747917175293, "lowlevel.melbands_spread.mean": 14.033868789672852, "lowlevel.melbands_spread.stdev": 14.354798316955566, "lowlevel.pitch_salience.mean": 0.46035894751548767, "lowlevel.pitch_salience.stdev": 0.1075846329331398, "lowlevel.silence_rate_20dB.mean": 1.0, "lowlevel.silence_rate_20dB.stdev": 0.0, "lowlevel.silence_rate_30dB.mean": 0.9930475354194641, "lowlevel.silence_rate_30dB.stdev": 0.08309101313352585, "lowlevel.silence_rate_60dB.mean": 0.009849363006651402, "lowlevel.silence_rate_60dB.stdev": 0.09875508397817612, "lowlevel.spectral_centroid.mean": 1141.1732177734375, "lowlevel.spectral_centroid.stdev": 510.6378479003906, "lowlevel.spectral_complexity.mean": 18.425260543823242, "lowlevel.spectral_complexity.stdev": 7.782295227050781, "lowlevel.spectral_decrease.mean": -1.3318370406523172e-08, "lowlevel.spectral_decrease.stdev": 6.513330319535271e-09, "lowlevel.spectral_energy.mean": 0.05230345204472542, "lowlevel.spectral_energy.stdev": 0.025106173008680344, "lowlevel.spectral_energyband_high.mean": 0.0007290098583325744, "lowlevel.spectral_energyband_high.stdev": 0.0006612553843297064, "lowlevel.spectral_energyband_low.mean": 0.031064629554748535, "lowlevel.spectral_energyband_low.stdev": 0.02315228432416916, "lowlevel.spectral_energyband_middle_high.mean": 0.004421879071742296, "lowlevel.spectral_energyband_middle_high.stdev": 0.0042347656562924385, "lowlevel.spectral_energyband_middle_low.mean": 0.017461467534303665, "lowlevel.spectral_energyband_middle_low.stdev": 0.015727529302239418, "lowlevel.spectral_entropy.mean": 7.628446102142334, "lowlevel.spectral_entropy.stdev": 0.49716949462890625, "lowlevel.spectral_flux.mean": 0.11672051250934601, "lowlevel.spectral_flux.stdev": 0.053348030894994736, "lowlevel.spectral_kurtosis.mean": 4.528869152069092, "lowlevel.spectral_kurtosis.stdev": 3.7592270374298096, "lowlevel.spectral_rms.mean": 0.006883935537189245, "lowlevel.spectral_rms.stdev": 0.0019076337339356542, "lowlevel.spectral_rolloff.mean": 726.1758422851562, "lowlevel.spectral_rolloff.stdev": 1137.8485107421875, "lowlevel.spectral_skewness.mean": 1.5820980072021484, "lowlevel.spectral_skewness.stdev": 0.4838647246360779, "lowlevel.spectral_spread.mean": 5154341.0, "lowlevel.spectral_spread.stdev": 1693538.875, "lowlevel.spectral_strongpeak.mean": 0.9686961770057678, "lowlevel.spectral_strongpeak.stdev": 1.1693766117095947, "lowlevel.zerocrossingrate.mean": 0.04521637037396431, "lowlevel.zerocrossingrate.stdev": 0.029740117490291595, "metadata.audio_properties.analysis.equal_loudness": 0.0, "metadata.audio_properties.analysis.length": 40.04265213012695, "metadata.audio_properties.analysis.sample_rate": 44100.0, "metadata.audio_properties.analysis.start_time": 0.0, "metadata.audio_properties.bit_rate": 119473.0, "metadata.audio_properties.length": 40.042667388916016, "metadata.audio_properties.lossless": 0.0, "metadata.audio_properties.number_channels": 1.0, "metadata.audio_properties.replay_gain": -13.713472366333008, "metadata.audio_properties.sample_rate": 48000.0, "rhythm.beats_count": 66.0, "rhythm.beats_loudness.mean": 0.053447362035512924, "rhythm.beats_loudness.stdev": 0.018032697960734367, "rhythm.bpm": 99.701904296875, "rhythm.bpm_histogram_first_peak_bpm": 99.0, "rhythm.bpm_histogram_first_peak_weight": 0.20967739820480347, "rhythm.bpm_histogram_second_peak_bpm": 89.0, "rhythm.bpm_histogram_second_peak_spread": 0.0, "rhythm.bpm_histogram_second_peak_weight": 0.03076923079788685, "rhythm.danceability": 1.26152765750885, "rhythm.onset_rate": 2.8211617469787598, "tonal.chords_changes_rate": 0.0798611119389534, "tonal.chords_number_rate": 0.016203703358769417, "tonal.chords_strength.mean": 0.5350483059883118, "tonal.chords_strength.stdev": 0.10262204706668854, "tonal.hpcp_crest.mean": 12.652948379516602, "tonal.hpcp_crest.stdev": 6.453633785247803, "tonal.hpcp_entropy.mean": 2.211408853530884, "tonal.hpcp_entropy.stdev": 0.8411917686462402, "tonal.key_edma.strength": 0.7945355772972107, "tonal.key_krumhansl.strength": 0.8067233562469482, "tonal.key_temperley.strength": 0.8255745768547058, "tonal.tuning_diatonic_strength": 0.502109169960022, "tonal.tuning_equal_tempered_deviation": 0.3114306330680847, "tonal.tuning_frequency": 434.193115234375, "tonal.tuning_nontempered_energy_ratio": 0.9276727437973022, "lowlevel.barkbands.mean": [0.0012752637267112732, 0.020063873380422592, 0.008451374247670174, 0.0028669696766883135, 0.003306545317173004, 0.001170753501355648, 0.004852049984037876, 0.0034304538276046515, 0.0016148181166499853, 0.00071095977909863, 0.00027277832850813866, 0.0006286275456659496, 0.0007797091966494918, 0.00046106509398669004, 0.00026773189892992377, 0.0003196985926479101, 0.0004395603609737009, 0.00028763030422851443, 0.00029452412854880095, 0.00016176127246581018, 0.00013637403026223183, 0.00011522308341227472, 0.00010722508159233257, 0.00010898459731834009, 0.00011263375199632719, 6.379608385032043e-05, 3.0985402190708555e-06], "lowlevel.barkbands.stdev": [0.0016337628476321697, 0.018055008724331856, 0.009289178065955639, 0.004228642210364342, 0.005383071955293417, 0.003076906083151698, 0.011614850722253323, 0.008395792916417122, 0.004392573144286871, 0.0018560627941042185, 0.0008328591356985271, 0.0014665134949609637, 0.001779784681275487, 0.0010489769047126174, 0.0005150234792381525, 0.0003574386064428836, 0.00045357883209362626, 0.0002969778433907777, 0.00032755581196397543, 0.00017278912127949297, 0.00014969181211199611, 0.00014123415166977793, 0.00011154877574881539, 0.00013678653340321034, 0.00014492277114186436, 7.312875823117793e-05, 7.579632438137196e-06], "lowlevel.erbbands.mean": [0.4964764416217804, 4.693829536437988, 10.396793365478516, 10.172608375549316, 9.521843910217285, 11.293036460876465, 11.088726997375488, 10.914189338684082, 59.88508605957031, 68.26396942138672, 71.02400970458984, 39.0232048034668, 27.36265754699707, 16.31983184814453, 16.0801944732666, 24.82276725769043, 36.39765167236328, 25.131620407104492, 21.093278884887695, 11.028166770935059, 22.035764694213867, 25.951066970825195, 15.253410339355469, 18.953407287597656, 10.567512512207031, 7.702697277069092, 6.247467994689941, 4.911766529083252, 4.235270977020264, 3.4942893981933594, 2.9646177291870117, 2.3399124145507812, 1.7955901622772217, 1.333035945892334, 0.7540048360824585, 0.3406107425689697, 0.10546671599149704, 0.015263788402080536, 0.00040035881102085114, 7.184780406532809e-05], "lowlevel.erbbands.stdev": [0.6192806363105774, 4.1216840744018555, 10.068929672241211, 11.860879898071289, 14.073585510253906, 20.15743637084961, 27.789901733398438, 26.504701614379883, 153.15065002441406, 136.52264404296875, 171.9800567626953, 113.4257583618164, 70.34632110595703, 39.760494232177734, 35.872745513916016, 54.68056869506836, 79.79641723632812, 48.55377960205078, 45.53323745727539, 14.273805618286133, 23.26632308959961, 27.0199031829834, 15.182353973388672, 22.210824966430664, 9.804681777954102, 8.232431411743164, 6.863316059112549, 5.584744453430176, 5.323838233947754, 4.132692813873291, 3.1151556968688965, 2.7118752002716064, 2.453228712081909, 1.8913449048995972, 0.9122517704963684, 0.3933427929878235, 0.12842100858688354, 0.022441605105996132, 0.0007134703337214887, 3.1949777621775866e-05], "lowlevel.gfcc.mean": [27.236909866333008, 88.15343475341797, -93.43389129638672, 42.45333480834961, -42.60942077636719, 18.830577850341797, -35.725074768066406, 22.655221939086914, -19.571741104125977, 9.38144302368164, -14.079751014709473, 1.2923552989959717, -18.543598175048828], "lowlevel.melbands.mean": [0.005085897631943226, 0.0057275318540632725, 0.001751511706970632, 0.0007377585279755294, 0.00042085815221071243, 0.00024238995683845133, 0.0009610793204046786, 0.0007697468972764909, 0.0005260731559246778, 0.0002217340370407328, 0.00013368648069445044, 6.920332816662267e-05, 4.5613705879077315e-05, 6.872796075185761e-05, 6.87481660861522e-05, 7.988091965671629e-05, 4.181928306934424e-05, 3.657045817817561e-05, 1.654266452533193e-05, 1.4381458640855271e-05, 2.8430458769435063e-05, 2.8778842533938587e-05, 1.6449903341708705e-05, 1.2637294275918975e-05, 1.6228195818257518e-05, 8.995469215733465e-06, 5.861807039764244e-06, 4.869717486144509e-06, 4.090182756044669e-06, 3.2678501611371757e-06, 2.716863491514232e-06, 2.487452775312704e-06, 2.026342826866312e-06, 1.9240821984567447e-06, 1.7309587292402284e-06, 1.5469260006284458e-06, 1.405126909048704e-06, 1.3076009963697288e-06, 1.1185877610841999e-06, 1.1222413149880595e-06], "lowlevel.melbands.stdev": [0.005058742593973875, 0.004696396645158529, 0.0018787059234455228, 0.0012143824715167284, 0.0009308092994615436, 0.0006194048910401762, 0.0024379396345466375, 0.0015263097593560815, 0.0012446203036233783, 0.0006582638598047197, 0.00035584025317803025, 0.0001779741287464276, 0.00012429697380866855, 0.00017722482152748853, 0.00016039845650084317, 0.00020405785471666604, 9.410382335772738e-05, 9.032779780682176e-05, 2.9397286198218353e-05, 1.5332168914028443e-05, 3.239153738832101e-05, 3.1359792046714574e-05, 1.850962871685624e-05, 1.2623819202417508e-05, 2.040098661382217e-05, 9.832655450736638e-06, 5.569799213844817e-06, 5.81186031922698e-06, 4.839896973862778e-06, 3.7653207982657477e-06, 3.2405282581748907e-06, 3.189067228959175e-06, 2.6660634375730297e-06, 2.267210675199749e-06, 1.8531758314566105e-06, 1.7451254734623944e-06, 1.7428741330149933e-06, 1.8402208752377192e-06, 1.6205483461817494e-06, 1.625994627829641e-06], "lowlevel.melbands128.mean": [0.0008825379773043096, 0.003503106301650405, 0.00676950067281723, 0.008285576477646828, 0.006168952211737633, 0.0038469014689326286, 0.0020984176080673933, 0.0012985770590603352, 0.0008879618835635483, 0.0007452213321812451, 0.000613126321695745, 0.0005337654729373753, 0.0003886728372890502, 0.0002549113123677671, 0.00018528934742789716, 0.00021426482999231666, 0.0005424478440545499, 0.001456362777389586, 0.0010140629019588232, 0.0006411559879779816, 0.0007150311721488833, 0.0008517858805134892, 0.00044003146467730403, 0.000302652595564723, 0.00028700270922854543, 0.00014302892668638378, 0.00018317016656510532, 0.00011571497452678159, 0.00012437388068065047, 8.784516103332862e-05, 4.6021148591535166e-05, 3.5606437450041994e-05, 4.684465238824487e-05, 4.05041100748349e-05, 8.570418140152469e-05, 6.988359382376075e-05, 5.4336302127921954e-05, 7.179242675192654e-05, 6.916909478604794e-05, 9.511777170700952e-05, 8.981618157122284e-05, 4.257015825714916e-05, 4.7814864956308156e-05, 3.115776416962035e-05, 4.391452966956422e-05, 3.978351742262021e-05, 2.83960052911425e-05, 1.4040954738447908e-05, 1.3301380931807216e-05, 1.3151780876796693e-05, 1.1753083526855335e-05, 1.6922935174079612e-05, 3.219556310796179e-05, 3.1220279197441414e-05, 2.5703080609673634e-05, 3.391418431419879e-05, 2.715903610805981e-05, 1.530087502032984e-05, 1.5481686205021106e-05, 1.165479261544533e-05, 1.0233125976810697e-05, 1.4368368283612654e-05, 1.9295486708870158e-05, 1.649020123295486e-05, 1.231503119925037e-05, 8.713039278518409e-06, 7.266246939252596e-06, 5.8929267652274575e-06, 5.507928108272608e-06, 5.915410383749986e-06, 4.6404238673858345e-06, 4.562204594549257e-06, 4.544693183561321e-06, 4.113268914807122e-06, 3.335753262945218e-06, 3.623677230280009e-06, 3.017814833583543e-06, 2.6948698632622836e-06, 2.7182170470041456e-06, 2.6753934889711672e-06, 2.6558050194580574e-06, 2.407754664091044e-06, 2.138884610758396e-06, 2.0020447664137464e-06, 1.8789672822094872e-06, 1.944315727087087e-06, 1.928600795508828e-06, 1.9151950709783705e-06, 1.6990315998555161e-06, 1.634206000744598e-06, 1.6055757896538125e-06, 1.5867923366386094e-06, 1.3431833849608665e-06, 1.3418954267763183e-06, 1.489631586082396e-06, 1.4357038935486344e-06, 1.2529534387795138e-06, 1.1528032928254106e-06, 1.0595379080768907e-06, 1.107234311348293e-06, 1.257599478776683e-06, 1.0717440090957098e-06, 1.0687143685572664e-06, 9.65423055276915e-07, 8.669832141094957e-07, 7.208951160464494e-07, 7.097779644027469e-07, 6.990617293922696e-07, 5.903706323806546e-07, 5.003951173421228e-07, 4.4389440745362663e-07, 3.7780367279083293e-07, 3.4154984973611136e-07, 2.5999514718932915e-07, 2.0153858315552498e-07, 1.558676672175352e-07, 1.0425656427059948e-07, 2.7452628614810237e-08, 2.6111546258533735e-09, 1.9653908708838763e-11, 1.510432751095081e-11, 1.0473884780315412e-11, 7.006583247620712e-12, 6.822038593756741e-12, 6.5233153080657136e-12, 6.121691695226694e-12, 5.903798283579675e-12, 5.847339105968796e-12], "lowlevel.melbands128.stdev": [0.001393334474414587, 0.005537447519600391, 0.007428441196680069, 0.007552776951342821, 0.005956780165433884, 0.004323786590248346, 0.002742394572123885, 0.0019311615033075213, 0.001548697822727263, 0.0017773028230294585, 0.0012365856673568487, 0.0013799113221466541, 0.0012046833289787173, 0.0008719500619918108, 0.0005810101283714175, 0.0009539748425595462, 0.0016651323530822992, 0.004243667237460613, 0.002972058719024062, 0.001889763050712645, 0.002228270284831524, 0.002574350219219923, 0.0015256023034453392, 0.0010339370928704739, 0.0012673706514760852, 0.0005546763422898948, 0.0007091930601745844, 0.00045518972910940647, 0.0004220942792017013, 0.00029543068376369774, 0.0001978237269213423, 0.0001347068464383483, 0.0002070185000775382, 0.00010155051859328523, 0.00030440246337093413, 0.00023940748360473663, 0.00020560565462801605, 0.00024729559663683176, 0.0002171570813516155, 0.0002893799392040819, 0.00032921970705501735, 0.00011249151430092752, 0.00017348799156025052, 9.002591832540929e-05, 0.0001668283948674798, 0.00011362348595866933, 8.120334678096697e-05, 3.324566932860762e-05, 2.7314978069625795e-05, 2.1493464373634197e-05, 1.5588188034598716e-05, 2.1669209672836587e-05, 4.810237805941142e-05, 4.7480436478508636e-05, 3.550891051418148e-05, 4.8142686864594e-05, 4.174666901235469e-05, 2.1400961486506276e-05, 2.600530206109397e-05, 1.5928279026411474e-05, 1.238511595147429e-05, 1.7785756426746957e-05, 3.075775384786539e-05, 2.442750337650068e-05, 1.775065902620554e-05, 1.2184735169284977e-05, 8.641582098789513e-06, 6.561787358805304e-06, 6.321911314444151e-06, 6.827618108218303e-06, 6.99434849593672e-06, 7.741101399005856e-06, 6.10490087638027e-06, 5.595684797299327e-06, 4.0580662243883125e-06, 4.624281700671418e-06, 3.880674285028363e-06, 3.716757191796205e-06, 3.6761744013347197e-06, 3.5271650631329976e-06, 3.7721060834883247e-06, 3.52662004843296e-06, 3.374257858013152e-06, 2.929850325017469e-06, 2.5255399123125244e-06, 2.7907922230951954e-06, 2.366634817008162e-06, 2.2445967715611914e-06, 2.0097540982533246e-06, 2.1167304566915845e-06, 1.965937144632335e-06, 1.993177420445136e-06, 1.7502705986771616e-06, 1.7394437463735812e-06, 2.252045760542387e-06, 2.138383024430368e-06, 1.8844193618861027e-06, 2.074569010801497e-06, 1.539140953354945e-06, 1.7424662246412481e-06, 2.044714619842125e-06, 1.6677988696756074e-06, 1.5324940250138752e-06, 1.3964593108539702e-06, 1.1700662980729248e-06, 8.954837653618597e-07, 8.934090374168591e-07, 9.385670978190319e-07, 7.72279861394054e-07, 6.480917136286735e-07, 5.746809392803698e-07, 5.302876502355502e-07, 4.863554750045296e-07, 3.9885222236080153e-07, 2.9421431690934696e-07, 2.661649602941907e-07, 2.0038351067341864e-07, 1.4626031941133988e-07, 2.992455705452812e-08, 4.907292350253556e-10, 3.325778541451996e-10, 1.477658412296634e-10, 1.8210951843733447e-11, 1.7093474205531756e-11, 1.3766575553131322e-11, 9.698413079572976e-12, 8.805795502497826e-12, 8.740751178404338e-12], "lowlevel.mfcc.mean": [-624.3890991210938, 119.76873016357422, 12.035531044006348, 32.933006286621094, 18.865673065185547, 5.184024333953857, 5.772895812988281, 9.337268829345703, 3.0223779678344727, 5.763759136199951, 8.411580085754395, 9.388688087463379, 3.013115406036377], "lowlevel.spectral_contrast_coeffs.mean": [-0.7172868251800537, -0.7141709327697754, -0.7908506393432617, -0.7997706532478333, -0.7991997003555298, -0.7749115228652954], "lowlevel.spectral_contrast_coeffs.stdev": [0.06466349959373474, 0.11191236972808838, 0.0722886472940445, 0.047225575894117355, 0.03559725359082222, 0.034345921128988266], "lowlevel.spectral_contrast_valleys.mean": [-6.181070327758789, -6.725603103637695, -7.376442909240723, -7.408587455749512, -7.259267807006836, -9.952644348144531], "lowlevel.spectral_contrast_valleys.stdev": [0.6316421627998352, 0.5774556994438171, 0.5925120115280151, 0.5598092079162598, 0.6611355543136597, 1.0092929601669312], "rhythm.beats_loudness_band_ratio.mean": [0.5414895415306091, 0.12227707356214523, 0.2374042570590973, 0.08344626426696777, 0.03516814485192299, 0.023608818650245667], "rhythm.beats_loudness_band_ratio.stdev": [0.2767315208911896, 0.13976038992404938, 0.25471699237823486, 0.08998220413923264, 0.028674930334091187, 0.015264703892171383], "tonal.hpcp.mean": [0.13385115563869476, 0.14514197409152985, 0.10377398133277893, 0.07238148152828217, 0.06633466482162476, 0.0813731998205185, 0.12966781854629517, 0.1752493530511856, 0.1374966949224472, 0.08385128527879715, 0.07502926886081696, 0.08346079289913177, 0.10764173418283463, 0.12107186764478683, 0.10448053479194641, 0.0810542181134224, 0.08425746858119965, 0.10551639646291733, 0.1334218978881836, 0.12589813768863678, 0.10114472359418869, 0.14413811266422272, 0.1808014214038849, 0.1468190848827362, 0.10490827262401581, 0.0888674333691597, 0.09609164297580719, 0.1337714046239853, 0.15707682073116302, 0.12674552202224731, 0.08077766001224518, 0.05618312954902649, 0.06492086499929428, 0.09037531912326813, 0.10274825245141983, 0.10252631455659866], "tonal.hpcp.stdev": [0.2675316333770752, 0.2890765368938446, 0.23969997465610504, 0.1885269433259964, 0.15962590277194977, 0.1807422935962677, 0.23718957602977753, 0.2899254858493805, 0.253765344619751, 0.1972283571958542, 0.1958879977464676, 0.2086305171251297, 0.22935324907302856, 0.24077948927879333, 0.22707214951515198, 0.19556404650211334, 0.21406391263008118, 0.2335323542356491, 0.27027249336242676, 0.25607696175575256, 0.2074720710515976, 0.2653195559978485, 0.30518287420272827, 0.27241596579551697, 0.2193049192428589, 0.2044934332370758, 0.21542689204216003, 0.25525227189064026, 0.2784237861633301, 0.24475285410881042, 0.1897285133600235, 0.15084581077098846, 0.17827221751213074, 0.20809604227542877, 0.22071325778961182, 0.2070585936307907], "rhythm.beats_position": [0.6617686748504639, 1.3351473808288574, 2.008526086807251, 2.6470746994018555, 3.250793695449829, 3.8545124530792236, 4.458230972290039, 5.061950206756592, 5.654058933258057, 6.2461676597595215, 6.849886417388916, 7.4536051750183105, 8.057324409484863, 8.672653198242188, 9.276371955871582, 9.868480682373047, 10.472199440002441, 11.075918197631836, 11.67963695526123, 12.283355712890625, 12.87546443939209, 13.467573165893555, 14.07129192352295, 14.675010681152344, 15.278729438781738, 15.88244915008545, 16.497777938842773, 17.089885711669922, 17.693605422973633, 18.29732322692871, 18.901042938232422, 19.5047607421875, 20.10848045349121, 20.700590133666992, 21.29269790649414, 21.89641761779785, 22.50013542175293, 23.10385513305664, 23.70757293701172, 24.31129264831543, 24.915010452270508, 25.51873016357422, 26.122447967529297, 26.726167678833008, 27.329885482788086, 27.921995162963867, 28.514102935791016, 29.117822647094727, 29.721542358398438, 30.325260162353516, 30.928979873657227, 31.532697677612305, 32.136417388916016, 32.740135192871094, 33.34385299682617, 33.93596267700195, 34.53968048095703, 35.15501022338867, 35.75872802734375, 36.35083770751953, 36.95455551147461, 37.54666519165039, 38.15038299560547, 38.75410461425781, 39.35782241821289, 39.96154022216797], "rhythm.bpm_histogram": [0.0, 0.0, 0.0, 0.0, 0.0, 0.0, 0.0, 0.0, 0.0, 0.0, 0.0, 0.0, 0.0, 0.0, 0.0, 0.0, 0.0, 0.0, 0.0, 0.0, 0.0, 0.0, 0.0, 0.0, 0.0, 0.0, 0.0, 0.0, 0.0, 0.0, 0.0, 0.0, 0.0, 0.0, 0.0, 0.0, 0.0, 0.0, 0.0, 0.0, 0.0, 0.0, 0.0, 0.0, 0.0, 0.0, 0.0, 0.0, 0.0, 0.0, 0.0, 0.0, 0.0, 0.0, 0.0, 0.0, 0.0, 0.0, 0.0, 0.0, 0.0, 0.0, 0.0, 0.0, 0.0, 0.0, 0.0, 0.0, 0.0, 0.0, 0.0, 0.0, 0.0, 0.0, 0.0, 0.0, 0.0, 0.0, 0.0, 0.0, 0.0, 0.0, 0.0, 0.0, 0.0, 0.0, 0.0, 0.0, 0.0, 0.03076923079788685, 0.0, 0.0, 0.0, 0.0, 0.015384615398943424, 0.0, 0.0, 0.0, 0.04615384712815285, 0.7076923251152039, 0.0, 0.20000000298023224, 0.0, 0.0, 0.0, 0.0, 0.0, 0.0, 0.0, 0.0, 0.0, 0.0, 0.0, 0.0, 0.0, 0.0, 0.0, 0.0, 0.0, 0.0, 0.0, 0.0, 0.0, 0.0, 0.0, 0.0, 0.0, 0.0, 0.0, 0.0, 0.0, 0.0, 0.0, 0.0, 0.0, 0.0, 0.0, 0.0, 0.0, 0.0, 0.0, 0.0, 0.0, 0.0, 0.0, 0.0, 0.0, 0.0, 0.0, 0.0, 0.0, 0.0, 0.0, 0.0, 0.0, 0.0, 0.0, 0.0, 0.0, 0.0, 0.0, 0.0, 0.0, 0.0, 0.0, 0.0, 0.0, 0.0, 0.0, 0.0, 0.0, 0.0, 0.0, 0.0, 0.0, 0.0, 0.0, 0.0, 0.0, 0.0, 0.0, 0.0, 0.0, 0.0, 0.0, 0.0, 0.0, 0.0, 0.0, 0.0, 0.0, 0.0, 0.0, 0.0, 0.0, 0.0, 0.0, 0.0, 0.0, 0.0, 0.0, 0.0, 0.0, 0.0, 0.0, 0.0, 0.0, 0.0, 0.0, 0.0, 0.0, 0.0, 0.0, 0.0, 0.0, 0.0, 0.0, 0.0, 0.0, 0.0, 0.0, 0.0, 0.0, 0.0, 0.0, 0.0, 0.0, 0.0, 0.0, 0.0, 0.0, 0.0, 0.0, 0.0, 0.0, 0.0, 0.0, 0.0, 0.0, 0.0, 0.0, 0.0, 0.0, 0.0, 0.0, 0.0, 0.0, 0.0, 0.0, 0.0], "tonal.chords_histogram": [1.1574074029922485, 0.0, 17.824073791503906, 0.11574073880910873, 2.1990740299224854, 0.0, 11.226851463317871, 1.2731481790542603, 4.282407283782959, 1.0416666269302368, 5.787036895751953, 0.0, 0.0, 0.0, 0.0, 0.0, 0.9259259104728699, 2.5462963581085205, 0.0, 4.398148059844971, 4.282407283782959, 11.80555534362793, 19.44444465637207, 11.689814567565918], "tonal.thpcp": [1.0, 0.8120460510253906, 0.5802403092384338, 0.4915195405483246, 0.5314761400222778, 0.7398802638053894, 0.8687809109687805, 0.7010205984115601, 0.4467755854129791, 0.3107449412345886, 0.359072744846344, 0.4998595714569092, 0.5682933926582336, 0.5670658946037292, 0.7403213977813721, 0.8027700781822205, 0.5739666223526001, 0.400336891412735, 0.36689239740371704, 0.45006945729255676, 0.7171836495399475, 0.9692919254302979, 0.7604845762252808, 0.4637755751609802, 0.4149816334247589, 0.46161580085754395, 0.5953589081764221, 0.6696400046348572, 0.5778745412826538, 0.4483051896095276, 0.46602216362953186, 0.5836037993431091, 0.7379471659660339, 0.6963337659835815, 0.5594244003295898, 0.7972177863121033], "lowlevel.gfcc.cov": [[3325.326904296875, -840.8264770507812, 53.22366714477539, -21.682357788085938, -228.40525817871094, 349.433837890625, 30.19964599609375, 168.83204650878906, -107.31587982177734, 128.5362091064453, -250.8490753173828, 87.29923248291016, -231.48291015625], [-840.8264770507812, 1182.4686279296875, -352.7612609863281, -158.45933532714844, 147.42529296875, -314.0372009277344, 78.80029296875, -104.04557800292969, 124.98184204101562, -119.93790435791016, 140.7438507080078, -173.72454833984375, 109.37512969970703], [53.22366714477539, -352.7612609863281, 447.9947204589844, 191.70657348632812, 29.218873977661133, 118.10039520263672, -61.83289337158203, 10.373290061950684, -66.06925964355469, 19.404125213623047, -48.56592559814453, 81.3697738647461, 10.771181106567383], [-21.682357788085938, -158.45933532714844, 191.70657348632812, 466.6964416503906, 172.1503143310547, 52.124755859375, -35.888877868652344, -72.1922378540039, -39.99020767211914, -26.34634780883789, -57.56510543823242, 5.091186046600342, 71.00048065185547], [-228.40525817871094, 147.42529296875, 29.218873977661133, 172.1503143310547, 236.9728240966797, 9.049286842346191, 21.187742233276367, -47.30779266357422, 0.26877695322036743, -19.568134307861328, -17.913806915283203, -41.74632263183594, 48.7700080871582], [349.433837890625, -314.0372009277344, 118.10039520263672, 52.124755859375, 9.049286842346191, 254.10340881347656, 90.52951049804688, 64.95061492919922, -54.614967346191406, 10.167810440063477, -65.25091552734375, 31.07106590270996, -30.370275497436523], [30.19964599609375, 78.80029296875, -61.83289337158203, -35.888877868652344, 21.187742233276367, 90.52951049804688, 235.6144256591797, 78.34233093261719, 2.5262744426727295, -31.810956954956055, -23.70754623413086, -17.78602409362793, -7.9770050048828125], [168.83204650878906, -104.04557800292969, 10.373290061950684, -72.1922378540039, -47.30779266357422, 64.95061492919922, 78.34233093261719, 126.82815551757812, 25.475727081298828, 27.089292526245117, -12.42059326171875, 12.710564613342285, -26.53982925415039], [-107.31587982177734, 124.98184204101562, -66.06925964355469, -39.99020767211914, 0.26877695322036743, -54.614967346191406, 2.5262744426727295, 25.475727081298828, 108.8567123413086, 49.01081085205078, 40.34836196899414, -35.779685974121094, -3.2872300148010254], [128.5362091064453, -119.93790435791016, 19.404125213623047, -26.34634780883789, -19.568134307861328, 10.167810440063477, -31.810956954956055, 27.089292526245117, 49.01081085205078, 113.02140045166016, 24.095443725585938, 8.8955659866333, -39.09478759765625], [-250.8490753173828, 140.7438507080078, -48.56592559814453, -57.56510543823242, -17.913806915283203, -65.25091552734375, -23.70754623413086, -12.42059326171875, 40.34836196899414, 24.095443725585938, 110.25434112548828, 11.653705596923828, 10.941449165344238], [87.29923248291016, -173.72454833984375, 81.3697738647461, 5.091186046600342, -41.74632263183594, 31.07106590270996, -17.78602409362793, 12.710564613342285, -35.779685974121094, 8.8955659866333, 11.653705596923828, 105.02476501464844, 15.765891075134277], [-231.48291015625, 109.37512969970703, 10.771181106567383, 71.00048065185547, 48.7700080871582, -30.370275497436523, -7.9770050048828125, -26.53982925415039, -3.2872300148010254, -39.09478759765625, 10.941449165344238, 15.765891075134277, 98.94107055664062]], "lowlevel.gfcc.icov": [[0.0006307318108156323, -0.0005886967992410064, 0.0005155341932550073, -0.0005941520794294775, 0.0007353451801463962, -0.0008443300612270832, 0.0006223914097063243, -0.0006765692960470915, 0.0005600673030130565, -0.0011011379538103938, 0.0018176136072725058, -0.0012560407631099224, 0.0013264020672068], [-0.0005886967992410064, 0.005643096752464771, -0.0006315880455076694, 0.0030998277943581343, -0.003389475168660283, 0.004246479365974665, -0.003412539605051279, 0.0031970941927284002, -0.0030413856729865074, 0.005259418394416571, -0.005874752067029476, 0.006457709241658449, -0.004616779740899801], [0.0005155341932550073, -0.0006315880455076694, 0.0044125826098024845, -0.0019793924875557423, 0.0004106394189875573, -0.001921263406984508, 0.0021886585745960474, -0.0020877940114587545, 0.0015611224807798862, -0.0014704714994877577, 0.002003063214942813, -0.003221824998036027, 0.001431377837434411], [-0.0005941520794294775, 0.0030998277943581343, -0.0019793924875557423, 0.006113007664680481, -0.004101678729057312, 0.0019016467267647386, -0.0018799459794536233, 0.003910995088517666, -0.002458050847053528, 0.002974121365696192, -0.002168126869946718, 0.0037378789857029915, -0.004747361410409212], [0.0007353451801463962, -0.003389475168660283, 0.0004106394189875573, -0.004101678729057312, 0.009713222272694111, -0.0032241439912468195, 0.0005743689835071564, -2.3878476440586383e-06, 0.0021184009965509176, -0.004923154599964619, 0.00417679687961936, -0.0008137531112879515, 0.000427040591603145], [-0.0008443300612270832, 0.004246479365974665, -0.001921263406984508, 0.0019016467267647386, -0.0032241439912468195, 0.011385130695998669, -0.0055142599157989025, 0.00016806487110443413, 0.0014946706360206008, 0.0018025735625997186, -0.003307497827336192, 0.0046554990112781525, -0.0027548845391720533], [0.0006223914097063243, -0.003412539605051279, 0.0021886585745960474, -0.0018799459794536233, 0.0005743689835071564, -0.0055142599157989025, 0.010169418528676033, -0.00689011812210083, 0.0011294474825263023, 0.00032044408726505935, 0.0035585425794124603, -0.003948887810111046, 0.003735177917405963], [-0.0006765692960470915, 0.0031970941927284002, -0.0020877940114587545, 0.003910995088517666, -2.3878476440586383e-06, 0.00016806487110443413, -0.00689011812210083, 0.018393272534012794, -0.008234539069235325, 0.0017148274928331375, -0.001027145772241056, 0.001445665373466909, -0.0029781428165733814], [0.0005600673030130565, -0.0030413856729865074, 0.0015611224807798862, -0.002458050847053528, 0.0021184009965509176, 0.0014946706360206008, 0.0011294474825263023, -0.008234539069235325, 0.023586396127939224, -0.013029711320996284, -0.0010117520578205585, 0.004462504293769598, -0.0014007743448019028], [-0.0011011379538103938, 0.005259418394416571, -0.0014704714994877577, 0.002974121365696192, -0.004923154599964619, 0.0018025735625997186, 0.00032044408726505935, 0.0017148274928331375, -0.013029711320996284, 0.023507585749030113, -0.008632608689367771, 0.0021078765857964754, 0.002575855702161789], [0.0018176136072725058, -0.005874752067029476, 0.002003063214942813, -0.002168126869946718, 0.00417679687961936, -0.003307497827336192, 0.0035585425794124603, -0.001027145772241056, -0.0010117520578205585, -0.008632608689367771, 0.02287772111594677, -0.012211151421070099, 0.004993109032511711], [-0.0012560407631099224, 0.006457709241658449, -0.003221824998036027, 0.0037378789857029915, -0.0008137531112879515, 0.0046554990112781525, -0.003948887810111046, 0.001445665373466909, 0.004462504293769598, 0.0021078765857964754, -0.012211151421070099, 0.025553587824106216, -0.012249728664755821], [0.0013264020672068, -0.004616779740899801, 0.001431377837434411, -0.004747361410409212, 0.000427040591603145, -0.0027548845391720533, 0.003735177917405963, -0.0029781428165733814, -0.0014007743448019028, 0.002575855702161789, 0.004993109032511711, -0.012249728664755821, 0.02238205261528492]], "lowlevel.mfcc.cov": [[3320.094970703125, -738.316162109375, 78.5321273803711, -217.26382446289062, -166.62977600097656, 113.97898864746094, 48.562713623046875, 102.50799560546875, 112.4205551147461, 30.902130126953125, 98.98902130126953, 21.579143524169922, -45.252254486083984], [-738.316162109375, 1085.6766357421875, -377.6636962890625, 11.889408111572266, -73.34760284423828, -166.16627502441406, -57.85552978515625, -58.23768997192383, -44.705692291259766, 22.545909881591797, 7.698200225830078, 29.288623809814453, 9.663806915283203], [78.5321273803711, -377.6636962890625, 392.5655517578125, 7.87795877456665, 70.23414611816406, 58.55294418334961, 27.21344566345215, 27.935054779052734, 5.877721309661865, -35.8294563293457, -43.19761276245117, -13.481842994689941, 14.018714904785156], [-217.26382446289062, 11.889408111572266, 7.87795877456665, 362.3487548828125, 157.54031372070312, 85.52345275878906, -7.441869735717773, -37.74439239501953, 12.390101432800293, -2.662656545639038, -72.65531158447266, -65.64977264404297, -15.36894702911377], [-166.62977600097656, -73.34760284423828, 70.23414611816406, 157.54031372070312, 235.4620361328125, 80.11358642578125, -20.216026306152344, -60.618873596191406, -13.573956489562988, 4.226400375366211, -45.13716506958008, -53.92680740356445, -15.422539710998535], [113.97898864746094, -166.16627502441406, 58.55294418334961, 85.52345275878906, 80.11358642578125, 168.44873046875, 74.35749816894531, 22.881729125976562, 40.23323059082031, 4.958828926086426, -22.5081787109375, -19.41611099243164, -30.760318756103516], [48.562713623046875, -57.85552978515625, 27.21344566345215, -7.441869735717773, -20.216026306152344, 74.35749816894531, 157.09774780273438, 94.70386505126953, 60.98561096191406, 2.899550437927246, -11.686749458312988, 12.916657447814941, -18.680940628051758], [102.50799560546875, -58.23768997192383, 27.935054779052734, -37.74439239501953, -60.618873596191406, 22.881729125976562, 94.70386505126953, 132.0570526123047, 61.34000015258789, -7.4105000495910645, -11.369970321655273, 9.353775978088379, -9.396607398986816], [112.4205551147461, -44.705692291259766, 5.877721309661865, 12.390101432800293, -13.573956489562988, 40.23323059082031, 60.98561096191406, 61.34000015258789, 115.631103515625, 43.53113555908203, -1.2110037803649902, 4.7162699699401855, -16.953418731689453], [30.902130126953125, 22.545909881591797, -35.8294563293457, -2.662656545639038, 4.226400375366211, 4.958828926086426, 2.899550437927246, -7.4105000495910645, 43.53113555908203, 95.99190521240234, 43.79088592529297, 19.3576717376709, -11.638934135437012], [98.98902130126953, 7.698200225830078, -43.19761276245117, -72.65531158447266, -45.13716506958008, -22.5081787109375, -11.686749458312988, -11.369970321655273, -1.2110037803649902, 43.79088592529297, 103.39898681640625, 55.32842254638672, 11.296070098876953], [21.579143524169922, 29.288623809814453, -13.481842994689941, -65.64977264404297, -53.92680740356445, -19.41611099243164, 12.916657447814941, 9.353775978088379, 4.7162699699401855, 19.3576717376709, 55.32842254638672, 97.656982421875, 35.253936767578125], [-45.252254486083984, 9.663806915283203, 14.018714904785156, -15.36894702911377, -15.422539710998535, -30.760318756103516, -18.680940628051758, -9.396607398986816, -16.953418731689453, -11.638934135437012, 11.296070098876953, 35.253936767578125, 78.40876007080078]], "lowlevel.mfcc.icov": [[0.00042020215187221766, 0.0003102702903561294, 0.0001685469615040347, 0.00015817054372746497, 0.00031941451015882194, -0.0003162028733640909, 0.00029719778103753924, -5.8200883358949795e-05, -0.0003229616559110582, 0.0001138264560722746, -0.00028011147514916956, 0.00012504748883657157, 0.00013894859876018018], [0.0003102702903561294, 0.0019445897778496146, 0.0016233859350904822, -0.0002015043282881379, 9.435035462956876e-05, 0.0014185968320816755, -0.00044704056927002966, 0.0004379707097541541, 0.00010496420873096213, -0.00026235339464619756, 0.0009651891305111349, -0.0008389984723180532, 0.0003526475338730961], [0.0001685469615040347, 0.0016233859350904822, 0.004536518361419439, 0.0005161301232874393, -0.001308069215156138, 0.0003436930710449815, -3.8154470530571416e-05, -0.0006711551104672253, 2.3228032659972087e-05, 0.0005461708060465753, 0.001776736113242805, -0.0009792433120310307, -0.0007542911916971207], [0.00015817054372746497, -0.0002015043282881379, 0.0005161301232874393, 0.004796790424734354, -0.0020129152107983828, -0.0018955011619254947, 0.0007624311838299036, 0.0004087981360498816, -0.0010538886999711394, -0.00020004648831672966, 0.001905912533402443, 0.0010456093586981297, -0.0009471102384850383], [0.00031941451015882194, 9.435035462956876e-05, -0.001308069215156138, -0.0020129152107983828, 0.009069867432117462, -0.003391306148841977, 0.00035910276346839964, 0.0033640412148088217, 0.0009288618457503617, -0.0020403184462338686, 0.0011036728974431753, 0.002167678903788328, -0.00028135813772678375], [-0.0003162028733640909, 0.0014185968320816755, 0.0003436930710449815, -0.0018955011619254947, -0.003391306148841977, 0.013308676891028881, -0.006541398819535971, 0.002178945578634739, -0.0016504507511854172, 0.001114335609599948, -0.000243924034293741, -0.0011811853619292378, 0.0028411312960088253], [0.00029719778103753924, -0.00044704056927002966, -3.8154470530571416e-05, 0.0007624311838299036, 0.00035910276346839964, -0.006541398819535971, 0.01588667742908001, -0.00928603857755661, -0.00133810518309474, -3.498393562040292e-05, 0.0011207449715584517, -0.0027924049645662308, 0.0013589785667136312], [-5.8200883358949795e-05, 0.0004379707097541541, -0.0006711551104672253, 0.0004087981360498816, 0.0033640412148088217, 0.002178945578634739, -0.00928603857755661, 0.01940128579735756, -0.006930815987288952, 0.003809050191193819, 0.0010014015715569258, 0.0005932730855420232, 0.0003975567815359682], [-0.0003229616559110582, 0.00010496420873096213, 2.3228032659972087e-05, -0.0010538886999711394, 0.0009288618457503617, -0.0016504507511854172, -0.00133810518309474, -0.006930815987288952, 0.018018806353211403, -0.010000007227063179, 0.0034039507154375315, -0.000500313937664032, 0.00012192040594527498], [0.0001138264560722746, -0.00026235339464619756, 0.0005461708060465753, -0.00020004648831672966, -0.0020403184462338686, 0.001114335609599948, -3.498393562040292e-05, 0.003809050191193819, -0.010000007227063179, 0.0199821125715971, -0.008654369972646236, -0.0008912900811992586, 0.002896643243730068], [-0.00028011147514916956, 0.0009651891305111349, 0.001776736113242805, 0.001905912533402443, 0.0011036728974431753,