{"song_id": "1183698260649594970", "download": "https://cdn.discordapp.com/attachments/1135903449314238464/1183698260649594970/chirp.mp4?ex=658947e9&amp", "lyrics": "[verse]\n\u6211\u662f\u6253\u5de5\u4eba\uff0c\u594b\u6597\u4e0d\u606f\n\u6bcf\u5929\u8f9b\u82e6\uff0c\u6000\u63e3\u68a6\u60f3\u4e0d\u6b62\n\u9a84\u50b2\u81ea\u8c6a\uff0c\u4e3a\u751f\u6d3b\u52aa\u529b\u594b\u6597\n\u52c7\u6562\u575a\u6301\uff0c\u65e0\u60e7\u8fce\u63a5\u6311\u6218\n\n[chorus]\n\u6253\u5de5\u4eba\u7684\u5fc3\uff0c\u71c3\u70e7\u7740\u6fc0\u60c5\n\u5fae\u7b11\u9762\u5bf9\u56f0\u96be\uff0c\u6c38\u4e0d\u653e\u5f03\u8ffd\u9010\n\u8df3\u52a8\u7684\u8282\u594f\uff0c\u91ca\u653e\u5185\u5fc3\u559c\u60a6\n\u6253\u5de5\u4eba\u4e4b\u6b4c\uff0c\u5171\u540c\u594f\u54cd\u4eba\u751f\u4e50\u66f2", "style": ["random"], "essentia_features": {"lowlevel.average_loudness": 0.9608857035636902, "lowlevel.barkbands_crest.mean": 14.469989776611328, "lowlevel.barkbands_crest.stdev": 4.90418815612793, "lowlevel.barkbands_flatness_db.mean": 0.26977860927581787, "lowlevel.barkbands_flatness_db.stdev": 0.09211289137601852, "lowlevel.barkbands_kurtosis.mean": 28.841814041137695, "lowlevel.barkbands_kurtosis.stdev": 49.359466552734375, "lowlevel.barkbands_skewness.mean": 2.9679744243621826, "lowlevel.barkbands_skewness.stdev": 2.749410390853882, "lowlevel.barkbands_spread.mean": 12.339539527893066, "lowlevel.barkbands_spread.stdev": 18.81037712097168, "lowlevel.dissonance.mean": 0.40138858556747437, "lowlevel.dissonance.stdev": 0.06715483963489532, "lowlevel.dynamic_complexity": 2.3656351566314697, "lowlevel.erbbands_crest.mean": 14.192486763000488, "lowlevel.erbbands_crest.stdev": 5.396453380584717, "lowlevel.erbbands_flatness_db.mean": 0.24412962794303894, "lowlevel.erbbands_flatness_db.stdev": 0.07841730117797852, "lowlevel.erbbands_kurtosis.mean": 11.561068534851074, "lowlevel.erbbands_kurtosis.stdev": 18.46953773498535, "lowlevel.erbbands_skewness.mean": 1.959149718284607, "lowlevel.erbbands_skewness.stdev": 1.949836015701294, "lowlevel.erbbands_spread.mean": 26.41718292236328, "lowlevel.erbbands_spread.stdev": 25.48927116394043, "lowlevel.hfc.mean": 15.236629486083984, "lowlevel.hfc.stdev": 13.277290344238281, "lowlevel.loudness_ebu128.integrated": -14.499481201171875, "lowlevel.loudness_ebu128.loudness_range": 1.6971712112426758, "lowlevel.loudness_ebu128.momentary.mean": -14.986820220947266, "lowlevel.loudness_ebu128.momentary.stdev": 2.31258487701416, "lowlevel.loudness_ebu128.short_term.mean": -14.595149993896484, "lowlevel.loudness_ebu128.short_term.stdev": 0.8030266761779785, "lowlevel.melbands_crest.mean": 16.725069046020508, "lowlevel.melbands_crest.stdev": 5.289277076721191, "lowlevel.melbands_flatness_db.mean": 0.3527674674987793, "lowlevel.melbands_flatness_db.stdev": 0.11785855144262314, "lowlevel.melbands_kurtosis.mean": 32.611183166503906, "lowlevel.melbands_kurtosis.stdev": 45.28911209106445, "lowlevel.melbands_skewness.mean": 2.9435441493988037, "lowlevel.melbands_skewness.stdev": 2.328134536743164, "lowlevel.melbands_spread.mean": 13.337793350219727, "lowlevel.melbands_spread.stdev": 26.336910247802734, "lowlevel.pitch_salience.mean": 0.5209060311317444, "lowlevel.pitch_salience.stdev": 0.1262962967157364, "lowlevel.silence_rate_20dB.mean": 1.0, "lowlevel.silence_rate_20dB.stdev": 0.0, "lowlevel.silence_rate_30dB.mean": 0.9941961765289307, "lowlevel.silence_rate_30dB.stdev": 0.0759616270661354, "lowlevel.silence_rate_60dB.mean": 0.02089378982782364, "lowlevel.silence_rate_60dB.stdev": 0.1430290788412094, "lowlevel.spectral_centroid.mean": 730.1832275390625, "lowlevel.spectral_centroid.stdev": 802.9675903320312, "lowlevel.spectral_complexity.mean": 9.161927223205566, "lowlevel.spectral_complexity.stdev": 5.791692733764648, "lowlevel.spectral_decrease.mean": -7.787791744817696e-09, "lowlevel.spectral_decrease.stdev": 5.521004098341109e-09, "lowlevel.spectral_energy.mean": 0.030774937942624092, "lowlevel.spectral_energy.stdev": 0.021228766068816185, "lowlevel.spectral_energyband_high.mean": 0.0006250620353966951, "lowlevel.spectral_energyband_high.stdev": 0.001511686365120113, "lowlevel.spectral_energyband_low.mean": 0.004502876661717892, "lowlevel.spectral_energyband_low.stdev": 0.01207064464688301, "lowlevel.spectral_energyband_middle_high.mean": 0.0016133763128891587, "lowlevel.spectral_energyband_middle_high.stdev": 0.003658503293991089, "lowlevel.spectral_energyband_middle_low.mean": 0.02441859431564808, "lowlevel.spectral_energyband_middle_low.stdev": 0.016920652240514755, "lowlevel.spectral_entropy.mean": 6.396646499633789, "lowlevel.spectral_entropy.stdev": 0.9350855946540833, "lowlevel.spectral_flux.mean": 0.05860120803117752, "lowlevel.spectral_flux.stdev": 0.0416896715760231, "lowlevel.spectral_kurtosis.mean": 23.975000381469727, "lowlevel.spectral_kurtosis.stdev": 52.60786819458008, "lowlevel.spectral_rms.mean": 0.005149815697222948, "lowlevel.spectral_rms.stdev": 0.0018718262435868382, "lowlevel.spectral_rolloff.mean": 1094.47900390625, "lowlevel.spectral_rolloff.stdev": 1995.5301513671875, "lowlevel.spectral_skewness.mean": 3.1833620071411133, "lowlevel.spectral_skewness.stdev": 2.70194935798645, "lowlevel.spectral_spread.mean": 4870455.0, "lowlevel.spectral_spread.stdev": 2343707.25, "lowlevel.spectral_strongpeak.mean": 1.2398860454559326, "lowlevel.spectral_strongpeak.stdev": 0.9024972319602966, "lowlevel.zerocrossingrate.mean": 0.04372001811861992, "lowlevel.zerocrossingrate.stdev": 0.049767542630434036, "metadata.audio_properties.analysis.equal_loudness": 0.0, "metadata.audio_properties.analysis.length": 39.978660583496094, "metadata.audio_properties.analysis.sample_rate": 44100.0, "metadata.audio_properties.analysis.start_time": 0.0, "metadata.audio_properties.bit_rate": 117960.0, "metadata.audio_properties.length": 39.978668212890625, "metadata.audio_properties.lossless": 0.0, "metadata.audio_properties.number_channels": 1.0, "metadata.audio_properties.replay_gain": -12.555398941040039, "metadata.audio_properties.sample_rate": 48000.0, "rhythm.beats_count": 72.0, "rhythm.beats_loudness.mean": 0.039137523621320724, "rhythm.beats_loudness.stdev": 0.02536061778664589, "rhythm.bpm": 109.90164184570312, "rhythm.bpm_histogram_first_peak_bpm": 110.0, "rhythm.bpm_histogram_first_peak_weight": 0.24242424964904785, "rhythm.bpm_histogram_second_peak_bpm": 103.0, "rhythm.bpm_histogram_second_peak_spread": 0.19999992847442627, "rhythm.bpm_histogram_second_peak_weight": 0.056338027119636536, "rhythm.danceability": 1.2152559757232666, "rhythm.onset_rate": 3.3753061294555664, "tonal.chords_changes_rate": 0.04988399147987366, "tonal.chords_number_rate": 0.009280742146074772, "tonal.chords_strength.mean": 0.548527181148529, "tonal.chords_strength.stdev": 0.08494590222835541, "tonal.hpcp_crest.mean": 16.616474151611328, "tonal.hpcp_crest.stdev": 7.911965370178223, "tonal.hpcp_entropy.mean": 1.6539677381515503, "tonal.hpcp_entropy.stdev": 0.7706537842750549, "tonal.key_edma.strength": 0.6349092721939087, "tonal.key_krumhansl.strength": 0.6543377637863159, "tonal.key_temperley.strength": 0.6701787114143372, "tonal.tuning_diatonic_strength": 0.5149058103561401, "tonal.tuning_equal_tempered_deviation": 0.18787680566310883, "tonal.tuning_frequency": 434.193115234375, "tonal.tuning_nontempered_energy_ratio": 0.9558591842651367, "lowlevel.barkbands.mean": [0.0005906406440772116, 0.0030753829050809145, 0.0004886766546405852, 0.0009064278565347195, 0.012569095008075237, 0.005720561370253563, 0.0030494744423776865, 0.0015018555568531156, 0.0005780152278020978, 0.0002723935176618397, 0.00042882171692326665, 0.0002474026696290821, 8.231689571402967e-05, 0.0001197525198222138, 0.00014025163545738906, 4.98804947710596e-05, 4.2712843423942104e-05, 5.2355437219375744e-05, 0.00014803824888076633, 0.000195116619579494, 0.00013792392564937472, 4.8171434173127636e-05, 3.9411414036294445e-05, 0.0001238267868757248, 0.0001445483649149537, 2.1819319954374805e-05, 1.0199718047942952e-07], "lowlevel.barkbands.stdev": [0.001054357853718102, 0.009522861801087856, 0.0022441865876317024, 0.002395116724073887, 0.011490361765027046, 0.009043668396770954, 0.005175217520445585, 0.004489643964916468, 0.001409775111824274, 0.0008484951104037464, 0.002107571344822645, 0.0011315526207908988, 0.00028043100610375404, 0.0004832132544834167, 0.0003799240803346038, 0.0002287846291437745, 0.00017705277423374355, 0.0002005391288548708, 0.0003618847986217588, 0.0006579504697583616, 0.0004288701748009771, 0.00018076130072586238, 0.00013708477490581572, 0.00038122906698845327, 0.00029583575087599456, 5.7566416217014194e-05, 6.86622684042959e-07], "lowlevel.erbbands.mean": [0.16858674585819244, 0.3734353184700012, 0.48956379294395447, 2.129312515258789, 14.109620094299316, 55.75333786010742, 48.18621826171875, 46.09215545654297, 35.104393005371094, 55.77314376831055, 28.91935157775879, 12.514729499816895, 11.830961227416992, 12.25497055053711, 14.552796363830566, 11.282543182373047, 4.853713512420654, 5.091980457305908, 8.2183256149292, 5.77667760848999, 2.180898666381836, 2.419292449951172, 2.679863452911377, 7.490927696228027, 6.252253532409668, 9.53384017944336, 7.5171942710876465, 3.8867413997650146, 1.9127050638198853, 0.9805994629859924, 1.2569490671157837, 2.035001516342163, 2.3681132793426514, 1.9493485689163208, 0.8360433578491211, 0.170596182346344, 0.027486220002174377, 0.0020526747684925795, 6.886593473609537e-05, 3.9685422962065786e-05], "lowlevel.erbbands.stdev": [0.41865938901901245, 1.709875226020813, 2.535947799682617, 5.3191375732421875, 23.654071807861328, 57.417510986328125, 60.87071228027344, 78.29834747314453, 67.06195068359375, 105.9089584350586, 109.24604034423828, 30.579395294189453, 28.0587100982666, 41.30097961425781, 66.1247787475586, 52.909950256347656, 15.586174964904785, 13.481529235839844, 24.03307342529297, 26.066965103149414, 8.889618873596191, 9.663750648498535, 9.90782642364502, 19.486557006835938, 18.49907875061035, 33.27910614013672, 21.7559871673584, 13.330857276916504, 7.089051723480225, 3.712918519973755, 4.405614376068115, 6.695724010467529, 7.290164947509766, 4.269262313842773, 1.7091974020004272, 0.42294254899024963, 0.08215095847845078, 0.006919195409864187, 0.00015450695354957134, 2.4748356736381538e-05], "lowlevel.gfcc.mean": [-76.31986236572266, 119.49163055419922, -63.81428527832031, 13.556670188903809, -71.5732421875, -6.442486763000488, -57.20086669921875, 10.2090425491333, -46.82246017456055, 16.316871643066406, 3.4080076217651367, -10.842223167419434, 10.833586692810059], "lowlevel.melbands.mean": [0.0011321090860292315, 0.00031968948314897716, 0.0006202621152624488, 0.0025075662415474653, 0.002040047198534012, 0.0010359002044424415, 0.0005627244827337563, 0.0005377596244215965, 0.00020093415514566004, 7.449140684911981e-05, 5.745521411881782e-05, 4.627226007869467e-05, 6.202691292855889e-05, 2.298168146808166e-05, 2.4000142730074003e-05, 7.361583357123891e-06, 9.38320044951979e-06, 1.4296430890681222e-05, 8.058534149313346e-06, 5.447369858302409e-06, 2.129937001882354e-06, 2.3331465399678564e-06, 2.580782165750861e-06, 2.541894900787156e-06, 6.714414212183328e-06, 4.6977320380392484e-06, 5.097564098832663e-06, 6.558656878041802e-06, 5.092177161714062e-06, 3.3786050153139513e-06, 1.9366109427210176e-06, 1.1802939070548746e-06, 6.77103741963947e-07, 4.6485229177051224e-07, 6.165319632600585e-07, 9.861008720690734e-07, 1.3484240071193199e-06, 1.6448717587991268e-06, 1.594464379195415e-06, 1.7048488416548935e-06], "lowlevel.melbands.stdev": [0.0030691614374518394, 0.001540196593850851, 0.0012336421059444547, 0.0026001795195043087, 0.0020469941664487123, 0.0016980186337605119, 0.0010237728711217642, 0.001035942230373621, 0.0008390421862713993, 0.00017556674720253795, 0.00013965096150059253, 0.00016296913963742554, 0.0003065548662561923, 0.000104718521470204, 0.00010914950689766556, 2.069273432425689e-05, 2.8477819796535186e-05, 4.836170046473853e-05, 2.6811925636138767e-05, 2.744915764196776e-05, 1.0368860785092693e-05, 9.751056495588273e-06, 1.0753938113339245e-05, 1.0279225534759462e-05, 1.7799369743443094e-05, 1.3726576071348973e-05, 1.9415463611949235e-05, 2.2855438146507367e-05, 1.449893261451507e-05, 1.1158711458847392e-05, 7.503552296839189e-06, 4.481904852582375e-06, 2.6852737846638774e-06, 1.8024637711278046e-06, 2.277731709909858e-06, 3.5363459574000444e-06, 4.388225988805061e-06, 5.2900340961059555e-06, 4.378901849122485e-06, 3.5883278997062007e-06], "lowlevel.melbands128.mean": [0.0005596231785602868, 0.0016958336345851421, 0.001181244500912726, 0.00043406832264736295, 0.00019845669157803059, 0.0002675323048606515, 0.0003585158265195787, 0.0004960037767887115, 0.0012417483376339078, 0.002510452875867486, 0.0035787152592092752, 0.002828590339049697, 0.0012798100942745805, 0.0016226028092205524, 0.0011008541332557797, 0.0007799527375027537, 0.0005077309324406087, 0.0005003536934964359, 0.0005563425365835428, 0.0009003069717437029, 0.0002774688764475286, 0.00021854232181794941, 0.0002657220175024122, 7.961242226883769e-05, 6.618081533815712e-05, 5.545056046685204e-05, 0.00012643987429328263, 4.2492196371313184e-05, 1.5458370398846455e-05, 5.1953385991510004e-05, 3.5386365198064595e-05, 7.613217167090625e-05, 0.00010117818601429462, 1.7393123926012777e-05, 1.1669995728880167e-05, 2.5760658900253475e-05, 4.185428406344727e-05, 2.7844780561281368e-05, 1.1598839591897558e-05, 5.922338459640741e-06, 4.601830823958153e-06, 1.2382471140881535e-05, 7.923525117803365e-06, 7.1424537964048795e-06, 1.5491226804442704e-05, 1.8471002476871945e-05, 1.0490663044038229e-05, 5.440268978418317e-06, 6.963046416785801e-06, 1.2391944437695201e-05, 3.138027977911406e-06, 1.9947538021369837e-06, 2.1283517526171636e-06, 2.2581116354558617e-06, 1.8368393739365274e-06, 2.3507743662776193e-06, 2.4145531369867967e-06, 3.5757575460593216e-06, 2.271560333610978e-06, 1.5589779422953143e-06, 2.175522922698292e-06, 3.0361211429408286e-06, 6.297731033555465e-06, 8.51267122925492e-06, 6.141402536741225e-06, 4.810205609828699e-06, 3.560142431524582e-06, 3.4335662348894402e-06, 5.442029305413598e-06, 7.61591809350648e-06, 6.465897968155332e-06, 6.365857188939117e-06, 5.748533567384584e-06, 4.866381459578406e-06, 4.2455835682631005e-06, 4.095647454960272e-06, 2.7229580155108124e-06, 1.781377704901388e-06, 2.137568344551255e-06, 1.6736179304643883e-06, 1.3560064644480008e-06, 9.464552022109274e-07, 7.595121473968902e-07, 6.799532457080204e-07, 5.873601480743673e-07, 4.63603754496944e-07, 4.128966679672885e-07, 4.731733156404516e-07, 5.611129836324835e-07, 7.512415436394804e-07, 9.375026479574444e-07, 9.927538258125423e-07, 1.192458967125276e-06, 1.3640403722092742e-06, 1.4402622809939203e-06, 1.4371171346283518e-06, 1.7983809357247083e-06, 1.8314357248527813e-06, 1.483435653426568e-06, 1.4570103985533933e-06, 1.811972765608516e-06, 1.7013563820000854e-06, 1.7230307776117115e-06, 1.4395709513337351e-06, 9.23806112496095e-07, 4.940895905747311e-07, 4.616949524915981e-07, 3.88997989375639e-07, 2.8678113039859454e-07, 1.46733995620707e-07, 1.0110916548455862e-07, 9.378324250519654e-08, 8.632947157138915e-08, 5.916290746199593e-08, 3.260090863932419e-08, 1.4479423882107767e-08, 4.225011007719104e-09, 5.691099813631695e-10, 3.087483393948709e-11, 9.21855473901001e-12, 8.864555790799589e-12, 4.61466065013183e-12, 3.974428425257415e-12, 3.901084316693115e-12, 3.8214878310405265e-12, 3.722993267840646e-12, 3.664762503879926e-12, 3.640354510892063e-12], "lowlevel.melbands128.stdev": [0.00099594471976161, 0.003889654763042927, 0.004100066144019365, 0.0024748891592025757, 0.0014061833498999476, 0.0011077708331868052, 0.0010967433918267488, 0.0013285179156810045, 0.0029325634241104126, 0.003911182750016451, 0.004278397653251886, 0.0033589876256883144, 0.0026647222694009542, 0.003319626906886697, 0.0023237091954797506, 0.0018580245086923242, 0.0008659220766276121, 0.0017672001849859953, 0.0010518721537664533, 0.001968684606254101, 0.0009084528428502381, 0.0010198107920587063, 0.001391087775118649, 0.00035081288660876453, 0.00029092119075357914, 0.00015161704504862428, 0.0003799767291639, 0.00013816123828291893, 6.2174403865356e-05, 0.00024309319269377738, 0.00019727894687093794, 0.0004157691146247089, 0.0005491642514243722, 0.00012800312833860517, 4.291101868147962e-05, 0.00017620049766264856, 0.000255934166489169, 0.00017095223302021623, 5.613496614387259e-05, 2.419829434074927e-05, 1.6659907487337478e-05, 4.651498966268264e-05, 2.496424895070959e-05, 3.816320895566605e-05, 0.0001164390632766299, 5.729997792514041e-05, 4.051146606798284e-05, 3.0112263630144298e-05, 2.764394048426766e-05, 8.767417602939531e-05, 1.7000813386403024e-05, 9.93177127384115e-06, 1.202189832838485e-05, 1.2516845345089678e-05, 9.672066880739294e-06, 1.1579543752304744e-05, 1.0598416338325478e-05, 1.8101933164871298e-05, 1.0754085451480933e-05, 7.446321887982776e-06, 1.190205330203753e-05, 1.3768959433946293e-05, 2.1335656128940172e-05, 2.3071988834999502e-05, 2.42679725488415e-05, 1.672669532126747e-05, 1.2389878065732773e-05, 1.21162629511673e-05, 2.4913808374549262e-05, 3.289368032710627e-05, 2.8652117180172354e-05, 2.0539508113870397e-05, 1.7870173905976117e-05, 1.4756934433535207e-05, 1.4498004929919261e-05, 1.4964392903493717e-05, 9.922694516717456e-06, 6.580329227290349e-06, 9.76627507043304e-06, 6.933390977792442e-06, 5.6147214309021365e-06, 3.822212875093101e-06, 3.085699290750199e-06, 2.9399714094324736e-06, 2.491167833795771e-06, 1.9433623492659535e-06, 1.8129028376279166e-06, 2.068975845759269e-06, 2.277685553053743e-06, 2.9349753276619595e-06, 3.558894150046399e-06, 3.8640610000584275e-06, 4.559981334750773e-06, 5.011209395888727e-06, 4.5948308979859576e-06, 4.497091595112579e-06, 6.4490009208384436e-06, 6.854244020360056e-06, 4.483240445551928e-06, 3.868031399179017e-06, 4.066906967636896e-06, 3.711640147230355e-06, 4.09417953051161e-06, 2.7665103061735863e-06, 2.154247113139718e-06, 1.334625949311885e-06, 1.2397135833452921e-06, 9.57997031036939e-07, 8.065051133598899e-07, 4.942801297147525e-07, 4.0606778384244535e-07, 3.6821890603278007e-07, 2.672924495072948e-07, 2.106228293996537e-07, 1.1660772258892393e-07, 7.220727127332793e-08, 2.7566789739807973e-08, 7.481622432692348e-09, 6.885613190732442e-10, 1.9456844468912493e-10, 1.8507217980356927e-10, 2.208990455832005e-11, 6.660830307453347e-12, 6.545592626944208e-12, 6.449743083364323e-12, 6.371886525358139e-12, 6.315072163115554e-12, 6.28035080538214e-12], "lowlevel.mfcc.mean": [-743.5907592773438, 164.00015258789062, 45.664642333984375, 21.151506423950195, 9.514585494995117, -25.55175018310547, 20.50572967529297, -39.16725158691406, -9.218981742858887, -5.455508708953857, -11.354763984680176, 0.8497337698936462, -7.135982513427734], "lowlevel.spectral_contrast_coeffs.mean": [-0.5707640051841736, -0.6159254908561707, -0.7596873641014099, -0.800284743309021, -0.7990158796310425, -0.7612597346305847], "lowlevel.spectral_contrast_coeffs.stdev": [0.10195770859718323, 0.07347996532917023, 0.07823286950588226, 0.0545816533267498, 0.059055060148239136, 0.06329075247049332], "lowlevel.spectral_contrast_valleys.mean": [-7.119462013244629, -7.466474533081055, -8.493207931518555, -9.071329116821289, -8.861666679382324, -11.622812271118164], "lowlevel.spectral_contrast_valleys.stdev": [0.7158559560775757, 0.7261855006217957, 0.8527150750160217, 1.0297819375991821, 1.35832679271698, 1.5107810497283936], "rhythm.beats_loudness_band_ratio.mean": [0.2058892846107483, 0.5384289622306824, 0.19230559468269348, 0.05462554097175598, 0.023600220680236816, 0.03907347097992897], "rhythm.beats_loudness_band_ratio.stdev": [0.20851150155067444, 0.23041470348834991, 0.17260493338108063, 0.10677927732467651, 0.03302370011806488, 0.10894913226366043], "tonal.hpcp.mean": [0.1735735386610031, 0.1736552119255066, 0.04750411957502365, 0.013690712861716747, 0.01647333614528179, 0.03455859422683716, 0.2186852991580963, 0.27705445885658264, 0.13147766888141632, 0.20647571980953217, 0.17818570137023926, 0.02810066193342209, 0.013403120450675488, 0.013028868474066257, 0.02750403806567192, 0.1403062492609024, 0.15229128301143646, 0.041669413447380066, 0.015794362872838974, 0.02069316990673542, 0.05235862359404564, 0.2417793869972229, 0.2762960195541382, 0.08686187863349915, 0.020952977240085602, 0.01582382619380951, 0.022384144365787506, 0.09983029961585999, 0.10313453525304794, 0.037178292870521545, 0.14269867539405823, 0.14859695732593536, 0.03749171271920204, 0.021016795188188553, 0.01992078498005867, 0.049809183925390244], "tonal.hpcp.stdev": [0.3201417326927185, 0.3229970335960388, 0.15026220679283142, 0.07635649293661118, 0.09912912547588348, 0.13322974741458893, 0.3311876058578491, 0.3944629430770874, 0.2309635579586029, 0.34533724188804626, 0.3162415623664856, 0.10437994450330734, 0.08948158472776413, 0.07635504752397537, 0.10958930104970932, 0.2950217127799988, 0.3127542734146118, 0.1278788149356842, 0.08591193705797195, 0.08845081180334091, 0.14124302566051483, 0.3024072051048279, 0.3414808511734009, 0.16426882147789001, 0.1008530929684639, 0.10131754726171494, 0.11357518285512924, 0.2241264432668686, 0.2206939160823822, 0.11730905622243881, 0.25513067841529846, 0.2726643681526184, 0.12743650376796722, 0.10072553157806396, 0.09420830011367798, 0.13883742690086365], "rhythm.beats_position": [0.54566890001297, 1.1145577430725098, 1.695056676864624, 2.2755556106567383, 2.8560543060302734, 3.4365532398223877, 3.9706122875213623, 4.527891159057617, 5.085169792175293, 5.642448902130127, 6.188117980957031, 6.733786582946777, 7.279455661773682, 7.825124740600586, 8.370793342590332, 8.916461944580078, 9.46213150024414, 10.007800102233887, 10.55346965789795, 11.099138259887695, 11.644806861877441, 12.190476417541504, 12.73614501953125, 13.281813621520996, 13.827483177185059, 14.361541748046875, 14.907210350036621, 15.464489936828613, 16.01015853881836, 16.555828094482422, 17.10149574279785, 17.647165298461914, 18.192834854125977, 18.738502502441406, 19.27256202697754, 19.8182315826416, 20.36389923095703, 20.909568786621094, 21.455238342285156, 22.012516021728516, 22.558185577392578, 23.10385513305664, 23.63791275024414, 24.183582305908203, 24.729251861572266, 25.263309478759766, 25.7973690032959, 26.35464859008789, 26.90031623840332, 27.445985794067383, 27.980045318603516, 28.537322998046875, 29.082992553710938, 29.628662109375, 30.17432975769043, 30.719999313354492, 31.265668869018555, 31.811336517333984, 32.35700607299805, 32.90267562866211, 33.44834518432617, 33.994014739990234, 34.53968048095703, 35.085350036621094, 35.631019592285156, 36.17668914794922, 36.71074676513672, 37.25641632080078, 37.802085876464844, 38.3593635559082, 38.905033111572266, 39.45070266723633], "rhythm.bpm_histogram": [0.0, 0.0, 0.0, 0.0, 0.0, 0.0, 0.0, 0.0, 0.0, 0.0, 0.0, 0.0, 0.0, 0.0, 0.0, 0.0, 0.0, 0.0, 0.0, 0.0, 0.0, 0.0, 0.0, 0.0, 0.0, 0.0, 0.0, 0.0, 0.0, 0.0, 0.0, 0.0, 0.0, 0.0, 0.0, 0.0, 0.0, 0.0, 0.0, 0.0, 0.0, 0.0, 0.0, 0.0, 0.0, 0.0, 0.0, 0.0, 0.0, 0.0, 0.0, 0.0, 0.0, 0.0, 0.0, 0.0, 0.0, 0.0, 0.0, 0.0, 0.0, 0.0, 0.0, 0.0, 0.0, 0.0, 0.0, 0.0, 0.0, 0.0, 0.0, 0.0, 0.0, 0.0, 0.0, 0.0, 0.0, 0.0, 0.0, 0.0, 0.0, 0.0, 0.0, 0.0, 0.0, 0.0, 0.0, 0.0, 0.0, 0.0, 0.0, 0.0, 0.0, 0.0, 0.0, 0.0, 0.0, 0.0, 0.0, 0.0, 0.0, 0.0, 0.0, 0.056338027119636536, 0.0, 0.014084506779909134, 0.0, 0.0, 0.11267605423927307, 0.0, 0.7042253613471985, 0.0, 0.11267605423927307, 0.0, 0.0, 0.0, 0.0, 0.0, 0.0, 0.0, 0.0, 0.0, 0.0, 0.0, 0.0, 0.0, 0.0, 0.0, 0.0, 0.0, 0.0, 0.0, 0.0, 0.0, 0.0, 0.0, 0.0, 0.0, 0.0, 0.0, 0.0, 0.0, 0.0, 0.0, 0.0, 0.0, 0.0, 0.0, 0.0, 0.0, 0.0, 0.0, 0.0, 0.0, 0.0, 0.0, 0.0, 0.0, 0.0, 0.0, 0.0, 0.0, 0.0, 0.0, 0.0, 0.0, 0.0, 0.0, 0.0, 0.0, 0.0, 0.0, 0.0, 0.0, 0.0, 0.0, 0.0, 0.0, 0.0, 0.0, 0.0, 0.0, 0.0, 0.0, 0.0, 0.0, 0.0, 0.0, 0.0, 0.0, 0.0, 0.0, 0.0, 0.0, 0.0, 0.0, 0.0, 0.0, 0.0, 0.0, 0.0, 0.0, 0.0, 0.0, 0.0, 0.0, 0.0, 0.0, 0.0, 0.0, 0.0, 0.0, 0.0, 0.0, 0.0, 0.0, 0.0, 0.0, 0.0, 0.0, 0.0, 0.0, 0.0, 0.0, 0.0, 0.0, 0.0, 0.0, 0.0, 0.0, 0.0, 0.0, 0.0, 0.0, 0.0, 0.0, 0.0, 0.0, 0.0, 0.0, 0.0, 0.0, 0.0, 0.0, 0.0, 0.0, 0.0, 0.0, 0.0, 0.0], "tonal.chords_histogram": [13.109048843383789, 10.32482624053955, 19.025522232055664, 10.672853469848633, 0.0, 0.11600928008556366, 0.0, 9.976798057556152, 0.0, 1.276102066040039, 0.0, 0.0, 0.0, 0.0, 0.0, 0.0, 0.0, 0.0, 0.0, 0.0, 0.0, 0.0, 14.617169380187988, 20.881669998168945], "tonal.thpcp": [1.0, 0.4745553135871887, 0.7452532052993774, 0.6431432366371155, 0.10142648965120316, 0.048377204686403275, 0.0470263808965683, 0.09927304089069366, 0.5064212083816528, 0.5496799349784851, 0.1504015326499939, 0.05700815096497536, 0.07468990236520767, 0.18898314237594604, 0.8726782202720642, 0.9972624778747559, 0.313519150018692, 0.0756276473402977, 0.05711449682712555, 0.08079329878091812, 0.3603273630142212, 0.3722536563873291, 0.13419127464294434, 0.5150564312934875, 0.5363456606864929, 0.13532254099845886, 0.0758579894900322, 0.07190205156803131, 0.17978119850158691, 0.6264960765838623, 0.6267908811569214, 0.1714613139629364, 0.04941524192690849, 0.059458836913108826, 0.1247357428073883, 0.7893224358558655], "lowlevel.gfcc.cov": [[8221.9638671875, -3625.271728515625, -1640.48486328125, 1093.5330810546875, -526.4959106445312, 246.20281982421875, -579.9234619140625, 1014.2025756835938, -572.3818359375, 334.0553894042969, -373.374755859375, 47.779937744140625, 135.99307250976562], [-3625.271728515625, 3759.5029296875, 555.0167846679688, -1528.0692138671875, 685.0909423828125, -68.31342315673828, 589.0294189453125, -476.0784912109375, 280.8298034667969, -302.2955627441406, 349.1845703125, -270.6903381347656, 30.178499221801758], [-1640.48486328125, 555.0167846679688, 1044.681396484375, -217.29786682128906, -61.50178146362305, -46.53010940551758, 19.844820022583008, -182.8950958251953, -4.369116306304932, -27.70273208618164, 85.93456268310547, -10.970727920532227, -71.69994354248047], [1093.5330810546875, -1528.0692138671875, -217.29786682128906, 1265.466796875, -220.48533630371094, -66.55157470703125, -152.82896423339844, 9.605862617492676, 31.151084899902344, 61.4370231628418, -127.00904846191406, 232.5226287841797, -28.90072250366211], [-526.4959106445312, 685.0909423828125, -61.50178146362305, -220.48533630371094, 358.9973449707031, 2.7094593048095703, 93.12223052978516, -63.55203628540039, 79.81987762451172, -39.226341247558594, 63.733280181884766, 6.079308986663818, 45.06632995605469], [246.20281982421875, -68.31342315673828, -46.53010940551758, -66.55157470703125, 2.7094593048095703, 337.91156005859375, 127.135498046875, -16.00063705444336, 25.264179229736328, 59.76801681518555, 39.48259735107422, 35.502906799316406, -1.3482052087783813], [-579.9234619140625, 589.0294189453125, 19.844820022583008, -152.82896423339844, 93.12223052978516, 127.135498046875, 372.4559326171875, -121.65187072753906, 99.99238586425781, -35.058258056640625, 120.12895965576172, 68.07782745361328, -14.959898948669434], [1014.2025756835938, -476.0784912109375, -182.8950958251953, 9.605862617492676, -63.55203628540039, -16.00063705444336, -121.65187072753906, 323.8470764160156, -73.03758239746094, 62.03654098510742, -34.153446197509766, -31.22488784790039, 48.85163116455078], [-572.3818359375, 280.8298034667969, -4.369116306304932, 31.151084899902344, 79.81987762451172, 25.264179229736328, 99.99238586425781, -73.03758239746094, 266.5872497558594, 11.024292945861816, 43.348426818847656, 57.2613410949707, -4.144255638122559], [334.0553894042969, -302.2955627441406, -27.70273208618164, 61.4370231628418, -39.226341247558594, 59.76801681518555, -35.058258056640625, 62.03654098510742, 11.024292945861816, 176.1587371826172, 7.6334333419799805, 18.06419563293457, 43.79795455932617], [-373.374755859375, 349.1845703125, 85.93456268310547, -127.00904846191406, 63.733280181884766, 39.48259735107422, 120.12895965576172, -34.153446197509766, 43.348426818847656, 7.6334333419799805, 168.1525421142578, 34.83115005493164, 19.331663131713867], [47.779937744140625, -270.6903381347656, -10.970727920532227, 232.5226287841797, 6.079308986663818, 35.502906799316406, 68.07782745361328, -31.22488784790039, 57.2613410949707, 18.06419563293457, 34.83115005493164, 220.4519805908203, -0.8216687440872192], [135.99307250976562, 30.178499221801758, -71.69994354248047, -28.90072250366211, 45.06632995605469, -1.3482052087783813, -14.959898948669434, 48.85163116455078, -4.144255638122559, 43.79795455932617, 19.331663131713867, -0.8216687440872192, 132.40110778808594]], "lowlevel.gfcc.icov": [[0.00047626980813220143, -6.0209880757611245e-05, 0.0005284802173264325, -0.00028888179804198444, 0.00025243996060453355, -0.00048249596147798, 0.00022020909818820655, -0.0009484576876275241, 0.0007778868894092739, -0.00029358884785324335, 0.00019929814152419567, -0.0001867832033894956, 0.0001228678593179211], [-6.0209880757611245e-05, 0.0033056000247597694, -0.0008528251782990992, 0.002265914576128125, -0.0028516105376183987, 0.0017931798938661814, -0.0027368010487407446, 0.0024052788503468037, -0.0020405256655067205, 0.0024660758208483458, -0.0018340483075007796, 0.0032275067642331123, -0.001458478276617825], [0.0005284802173264325, -0.0008528251782990992, 0.0020920431707054377, -0.0004855435690842569, 0.0014906235737726092, -0.0006653828313574195, 0.0013179448433220387, -0.00071849295636639, 0.0014013323234394193, -0.0010974867036566138, -0.00015865731984376907, -0.0012334487400949001, 0.001000783173367381], [-0.00028888179804198444, 0.002265914576128125, -0.0004855435690842569, 0.00317554222419858, -0.0012320944806560874, 0.0017850303556770086, -0.0013896377058699727, 0.0025543440133333206, -0.00204297062009573, 0.00152879417873919, -0.0006854367675259709, 0.0005190157680772245, -0.0009178296895697713], [0.00025243996060453355, -0.0028516105376183987, 0.0014906235737726092, -0.0012320944806560874, 0.0066764019429683685, -0.0014590384671464562, 0.0024929915089160204, -0.0016198434168472886, 0.001110466429963708, -0.0013785213232040405, 0.0010039805201813579, -0.0034655609633773565, -0.00015636092575732619], [-0.00048249596147798, 0.0017931798938661814, -0.0006653828313574195, 0.0017850303556770086, -0.0014590384671464562, 0.0053296214900910854, -0.0030764960683882236, 0.0023158383555710316, -0.0015690586296841502, -0.00021182899945415556, -0.00097702129278332, 0.0014284385833889246, -0.0003625346580520272], [0.00022020909818820655, -0.0027368010487407446, 0.0013179448433220387, -0.0013896377058699727, 0.0024929915089160204, -0.0030764960683882236, 0.00751739926636219, -0.0010748319327831268, 0.0010421844199299812, -0.0009754295460879803, -0.0009559514583088458, -0.003957485314458609, 0.0016443900531157851], [-0.0009484576876275241, 0.0024052788503468037, -0.00071849295636639, 0.0025543440133333206, -0.0016198434168472886, 0.0023158383555710316, -0.0010748319327831268, 0.008093099109828472, -0.002255851635709405, 0.0012193704023957253, -0.0020481485407799482, 0.002380772726610303, -0.0020983193535357714], [0.0007778868894092739, -0.0020405256655067205, 0.0014013323234394193, -0.00204297062009573, 0.001110466429963708, -0.0015690586296841502, 0.0010421844199299812, -0.002255851635709405, 0.007174890488386154, -0.0028662527911365032, 0.0011071948101744056, -0.0026668657083064318, 0.0015296944184228778], [-0.00029358884785324335, 0.0024660758208483458, -0.0010974867036566138, 0.00152879417873919, -0.0013785213232040405, -0.00021182899945415556, -0.0009754295460879803, 0.0012193704023957253, -0.0028662527911365032, 0.009846220724284649, -0.002301354194059968, 0.002258474240079522, -0.0036110139917582273], [0.00019929814152419567, -0.0018340483075007796, -0.00015865731984376907, -0.0006854367675259709, 0.0010039805201813579, -0.00097702129278332, -0.0009559514583088458, -0.0020481485407799482, 0.0011071948101744056, -0.002301354194059968, 0.010411369614303112, -0.0031911113765090704, -0.000470209022751078], [-0.0001867832033894956, 0.0032275067642331123, -0.0012334487400949001, 0.0005190157680772245, -0.0034655609633773565, 0.0014284385833889246, -0.003957485314458609, 0.002380772726610303, -0.0026668657083064318, 0.002258474240079522, -0.0031911113765090704, 0.010361798107624054, -0.00153024320024997], [0.0001228678593179211, -0.001458478276617825, 0.001000783173367381, -0.0009178296895697713, -0.00015636092575732619, -0.0003625346580520272, 0.0016443900531157851, -0.0020983193535357714, 0.0015296944184228778, -0.0036110139917582273, -0.000470209022751078, -0.00153024320024997, 0.010411746799945831]], "lowlevel.mfcc.cov": [[8532.5732421875, -4004.176513671875, -1418.7674560546875, 362.8490905761719, 162.99136352539062, -703.5746459960938, 299.6026611328125, -157.33250427246094, 421.57061767578125, 306.4639587402344, -249.33761596679688, -80.52044677734375, -412.17010498046875], [-4004.176513671875, 4540.17578125, 5.571159839630127, -1009.24609375, 12.292475700378418, 26.810226440429688, 369.6845703125, -33.11050796508789, -59.58002471923828, -66.12761688232422, 148.2086639404297, 92.75609588623047, -10.980751991271973], [-1418.7674560546875, 5.571159839630127, 998.5106201171875, 71.14817810058594, -115.40367126464844, 173.86647033691406, -98.93960571289062, 17.714509963989258, -138.34718322753906, -103.97882843017578, 26.85227394104004, 65.30233001708984, 137.9581756591797], [362.8490905761719, -1009.24609375, 71.14817810058594, 735.8787231445312, 19.983375549316406, 73.06549072265625, -253.03573608398438, 85.76831817626953, -38.76681900024414, -106.04899597167969, -11.291523933410645, -43.79740524291992, 99.0851821899414], [162.99136352539062, 12.292475700378418, -115.40367126464844, 19.983375549316406, 284.02911376953125, -148.49063110351562, -0.213128924369812, -88.18135070800781, 48.81724166870117, 12.779813766479492, -35.91838073730469, -14.436921119689941, -50.616947174072266], [-703.5746459960938, 26.810226440429688, 173.86647033691406, 73.06549072265625, -148.49063110351562, 660.810302734375, -161.2300262451172, 247.9727020263672, -127.0385971069336, 27.248952865600586, 81.8874282836914, -54.92599105834961, 210.97032165527344], [299.6026611328125, 369.6845703125, -98.93960571289062, -253.03573608398438, -0.213128924369812, -161.2300262451172, 375.8171691894531, -91.99002075195312, 43.718658447265625, 26.2192440032959, -30.73668670654297, 43.41441345214844, -107.11878204345703], [-157.33250427246094, -33.11050796508789, 17.714509963989258, 85.76831817626953, -88.18135070800781, 247.9727020263672, -91.99002075195312, 342.4382629394531, -76.98302459716797, -28.98878288269043, 57.57038879394531, 13.254995346069336, 111.12227630615234], [421.57061767578125, -59.58002471923828, -138.34718322753906, -38.76681900024414, 48.81724166870117, -127.0385971069336, 43.718658447265625, -76.98302459716797, 176.33956909179688, 34.187950134277344, -11.591170310974121, -11.538655281066895, -56.77756881713867], [306.4639587402344, -66.12761688232422, -103.97882843017578, -106.04899597167969, 12.779813766479492, 27.248952865600586, 26.2192440032959, -28.98878288269043, 34.187950134277344, 222.7434539794922, -1.7413808107376099, -21.052867889404297, -25.86692237854004], [-249.33761596679688, 148.2086639404297, 26.85227394104004, -11.291523933410645, -35.91838073730469, 81.8874282836914, -30.73668670654297, 57.57038879394531, -11.591170310974121, -1.7413808107376099, 149.19625854492188, 23.068513870239258, 49.62104034423828], [-80.52044677734375, 92.75609588623047, 65.30233001708984, -43.79740524291992, -14.436921119689941, -54.92599105834961, 43.41441345214844, 13.254995346069336, -11.538655281066895, -21.052867889404297, 23.068513870239258, 128.26446533203125, -2.524566650390625], [-412.17010498046875, -10.980751991271973, 137.9581756591797, 99.0851821899414, -50.616947174072266, 210.97032165527344, -107.11878204345703, 111.12227630615234, -56.77756881713867, -25.86692237854004, 49.62104034423828, -2.524566650390625, 237.46047973632812]], "lowlevel.mfcc.icov": [[0.0004907374968752265, 0.0005032009212300181, 0.0005373522290028632, 0.0001753593678586185, 2.8422571631381288e-05, 0.00020726656657643616, -0.000509215984493494, -0.0001879272167570889, -0.00030873343348503113, -0.00013119264622218907, 5.557917756959796e-05, -4.372442708699964e-05, 6.966252840356901e-05], [0.0005032009212300181, 0.0008866681600920856, 0.0005756855825893581, 0.0007298818090930581, -0.00014763340004719794, 0.0001525788102298975, -0.0006422556471079588, -0.00016379079897888005, -0.00013587235298473388, 0.00024238364130724221, -0.0002639124868437648, -1.2215586139063817e-05, -5.575466275331564e-05], [0.0005373522290028632, 0.0005756855825893581, 0.00195879815146327, 0.0002569281787145883, 0.00037976924795657396, -5.204146873438731e-05, -0.0002918267564382404, 0.0004474131856113672, 0.00037980423076078296, 0.00035837653558701277, 0.0001866537641035393, -0.000864327244926244, -0.0004180623800493777], [0.0001753593678586185, 0.0007298818090930581, 0.0002569281787145883, 0.002846045419573784, -0.00038141279947012663, 0.0001941498921951279, 0.0008198600262403488, -0.00027497619157657027, 0.00017672473040875047, 0.0012645730748772621, -3.8050620787544176e-05, 0.00043364654993638396, -0.0005614141118712723], [2.8422571631381288e-05, -0.00014763340004719794, 0.00037976924795657396, -0.00038141279947012663, 0.004438170697540045, 0.0007999271037988365, 0.000524176110047847, 0.0005908912280574441, -0.000325927569065243, -0.0003562966303434223, 0.0005621808231808245, 0.00021461989672388881, -5.5622902436880395e-05], [0.00020726656657643616, 0.0001525788102298975, -5.204146873438731e-05, 0.0001941498921951279, 0.0007999271037988365, 0.0034316403325647116, 0.0001849521795520559, -0.0015334268100559711, 0.0008753248839639127, -0.0010095867328345776, -0.000548032927326858, 0.0017494873609393835, -0.0015288161812350154], [-0.000509215984493494, -0.0006422556471079588, -0.0002918267564382404, 0.0008198600262403488, 0.000524176110047847, 0.0001849521795520559, 0.004706887062638998, 0.0005550938658416271, 0.0001612561900401488, 0.00019005185458809137, 0.0006374451913870871, -0.0009953611297532916, 0.0006402817089110613], [-0.0001879272167570889, -0.00016379079897888005, 0.0004474131856113672, -0.00027497619157657027, 0.0005908912280574441, -0.0015334268100559711, 0.0005550938658416271, 0.004895036108791828, 0.0009620779892429709, 0.0006632618024013937, -0.0005471614422276616, -0.0013236431404948235, -0.0006283764378167689], [-0.00030873343348503113, -0.00013587235298473388, 0.00037980423076078296, 0.00017672473040875047, -0.000325927569065243, 0.0008753248839639127, 0.0001612561900401488, 0.0009620779892429709, 0.007872205227613449, -0.000488024961668998, -0.000822489382699132, 0.0007305429317057133, -5.2439321734709665e-05], [-0.00013119264622218907, 0.00024238364130724221, 0.00035837653558701277, 0.0012645730748772621, -0.0003562966303434223, -0.0010095867328345776, 0.00019005185458809137, 0.0006632618024013937, -0.000488024961668998, 0.005852012895047665, -0.0002774782769847661, 0.0003573903813958168, 0.0002265441871713847], [5.557917756959796e-05, -0.0002639124868437648, 0.0001866537641035393, -3.8050620787544176e-05, 0.0005621808231808245, -0.000548032927326858, 0.0006374451913870871, -0.0005471614422276616, -0.000822489382699132, -0.0002774782769847661, 0.008295964449644089, -0.0018409676849842072, -0.0008379911887459457], [-4.372442708699964e-05, -1.2215586139063817e-05, -0.000864327244926244, 0.00043364654993638396, 0.00021461989672388881, 0.0017494873609393835, -0.0009953611297532916, -0.0013236431404948235, 0.0007305429317057133, 0.0003573903813958168, -0.0018409676849842072, 0.01006076205521822, -0.00038815848529338837], [6.966252840356901e-05, -5.575466275331564e-05, -0.0004180623800493777, -0.0005614141118712723, -5.5622902436880395e-05, -0.0015288161812350154, 0.0006402817089110613, -0.0006283764378167689, -5.2439321734709665e-05, 0.0002265441871713847, -0.0008379911887459457, -0.00038815848529338837, 0.006919132079929113]], "metadata.audio_properties.analysis.downmix": "mix", "metadata.audio_properties.codec": "mp3", "metadata.au