{"song_id": "1183674670927577148", "download": "https://cdn.discordapp.com/attachments/1135903449314238464/1183674670927577148/chirp.mp4?ex=658931f1&amp", "lyrics": "[verse]\nIn the age of Christofascist madness\nWhere macho minds breed nothing but sadness\nDrowning in a sea of misguided pride\nA storm of intolerance we cannot hide\n\n[chorus]\nBreak the chains, rise above the hate\nIn this world, let's radiate\nLove and acceptance, let it show\nTogether we'll conquer, let freedom grow", "style": ["in the style of queen"], "essentia_features": {"lowlevel.average_loudness": 0.8376388549804688, "lowlevel.barkbands_crest.mean": 14.673277854919434, "lowlevel.barkbands_crest.stdev": 5.2147746086120605, "lowlevel.barkbands_flatness_db.mean": 0.2922620177268982, "lowlevel.barkbands_flatness_db.stdev": 0.09423302859067917, "lowlevel.barkbands_kurtosis.mean": 22.12751007080078, "lowlevel.barkbands_kurtosis.stdev": 31.247568130493164, "lowlevel.barkbands_skewness.mean": 2.92414927482605, "lowlevel.barkbands_skewness.stdev": 2.380714178085327, "lowlevel.barkbands_spread.mean": 7.342191219329834, "lowlevel.barkbands_spread.stdev": 11.916033744812012, "lowlevel.dissonance.mean": 0.3893462121486664, "lowlevel.dissonance.stdev": 0.06236252933740616, "lowlevel.dynamic_complexity": 2.894663095474243, "lowlevel.erbbands_crest.mean": 13.009711265563965, "lowlevel.erbbands_crest.stdev": 5.363763809204102, "lowlevel.erbbands_flatness_db.mean": 0.2524016797542572, "lowlevel.erbbands_flatness_db.stdev": 0.08414408564567566, "lowlevel.erbbands_kurtosis.mean": 5.361699104309082, "lowlevel.erbbands_kurtosis.stdev": 8.515496253967285, "lowlevel.erbbands_skewness.mean": 1.3216577768325806, "lowlevel.erbbands_skewness.stdev": 1.3323957920074463, "lowlevel.erbbands_spread.mean": 22.98374366760254, "lowlevel.erbbands_spread.stdev": 20.063383102416992, "lowlevel.hfc.mean": 13.757978439331055, "lowlevel.hfc.stdev": 12.119856834411621, "lowlevel.loudness_ebu128.integrated": -11.40789794921875, "lowlevel.loudness_ebu128.loudness_range": 4.855644226074219, "lowlevel.loudness_ebu128.momentary.mean": -12.558334350585938, "lowlevel.loudness_ebu128.momentary.stdev": 4.7820844650268555, "lowlevel.loudness_ebu128.short_term.mean": -11.904007911682129, "lowlevel.loudness_ebu128.short_term.stdev": 2.319312572479248, "lowlevel.melbands_crest.mean": 17.43706512451172, "lowlevel.melbands_crest.stdev": 5.268118858337402, "lowlevel.melbands_flatness_db.mean": 0.38287588953971863, "lowlevel.melbands_flatness_db.stdev": 0.11759600788354874, "lowlevel.melbands_kurtosis.mean": 32.052696228027344, "lowlevel.melbands_kurtosis.stdev": 48.68178176879883, "lowlevel.melbands_skewness.mean": 3.264068365097046, "lowlevel.melbands_skewness.stdev": 2.5575132369995117, "lowlevel.melbands_spread.mean": 8.260605812072754, "lowlevel.melbands_spread.stdev": 15.520402908325195, "lowlevel.pitch_salience.mean": 0.4654838740825653, "lowlevel.pitch_salience.stdev": 0.1404905468225479, "lowlevel.silence_rate_20dB.mean": 1.0, "lowlevel.silence_rate_20dB.stdev": 0.0, "lowlevel.silence_rate_30dB.mean": 0.9619725942611694, "lowlevel.silence_rate_30dB.stdev": 0.19126930832862854, "lowlevel.silence_rate_60dB.mean": 0.03038722090423107, "lowlevel.silence_rate_60dB.stdev": 0.17165566980838776, "lowlevel.spectral_centroid.mean": 499.3890380859375, "lowlevel.spectral_centroid.stdev": 480.1957092285156, "lowlevel.spectral_complexity.mean": 8.841465950012207, "lowlevel.spectral_complexity.stdev": 4.878515720367432, "lowlevel.spectral_decrease.mean": -1.0236661296403327e-08, "lowlevel.spectral_decrease.stdev": 8.358586711665339e-09, "lowlevel.spectral_energy.mean": 0.039883434772491455, "lowlevel.spectral_energy.stdev": 0.03197115659713745, "lowlevel.spectral_energyband_high.mean": 0.0002538860135246068, "lowlevel.spectral_energyband_high.stdev": 0.0007601457764394581, "lowlevel.spectral_energyband_low.mean": 0.015423831529915333, "lowlevel.spectral_energyband_low.stdev": 0.030263293534517288, "lowlevel.spectral_energyband_middle_high.mean": 0.0027700099162757397, "lowlevel.spectral_energyband_middle_high.stdev": 0.0055564697831869125, "lowlevel.spectral_energyband_middle_low.mean": 0.022421525791287422, "lowlevel.spectral_energyband_middle_low.stdev": 0.017765570431947708, "lowlevel.spectral_entropy.mean": 6.203409671783447, "lowlevel.spectral_entropy.stdev": 0.8152849078178406, "lowlevel.spectral_flux.mean": 0.0630389153957367, "lowlevel.spectral_flux.stdev": 0.060925282537937164, "lowlevel.spectral_kurtosis.mean": 37.5313720703125, "lowlevel.spectral_kurtosis.stdev": 65.73260498046875, "lowlevel.spectral_rms.mean": 0.00573821272701025, "lowlevel.spectral_rms.stdev": 0.0024461201392114162, "lowlevel.spectral_rolloff.mean": 654.576904296875, "lowlevel.spectral_rolloff.stdev": 1243.8656005859375, "lowlevel.spectral_skewness.mean": 3.9960052967071533, "lowlevel.spectral_skewness.stdev": 2.845830202102661, "lowlevel.spectral_spread.mean": 3866512.25, "lowlevel.spectral_spread.stdev": 2245344.0, "lowlevel.spectral_strongpeak.mean": 1.1441246271133423, "lowlevel.spectral_strongpeak.stdev": 1.0353280305862427, "lowlevel.zerocrossingrate.mean": 0.028278937563300133, "lowlevel.zerocrossingrate.stdev": 0.03725144639611244, "metadata.audio_properties.analysis.equal_loudness": 0.0, "metadata.audio_properties.analysis.length": 133.69598388671875, "metadata.audio_properties.analysis.sample_rate": 44100.0, "metadata.audio_properties.analysis.start_time": 0.0, "metadata.audio_properties.bit_rate": 123440.0, "metadata.audio_properties.length": 133.6959991455078, "metadata.audio_properties.lossless": 0.0, "metadata.audio_properties.number_channels": 1.0, "metadata.audio_properties.replay_gain": -14.796253204345703, "metadata.audio_properties.sample_rate": 48000.0, "rhythm.beats_count": 304.0, "rhythm.beats_loudness.mean": 0.05035312846302986, "rhythm.beats_loudness.stdev": 0.04024447873234749, "rhythm.bpm": 138.22592163085938, "rhythm.bpm_histogram_first_peak_bpm": 140.0, "rhythm.bpm_histogram_first_peak_weight": 0.4599999785423279, "rhythm.bpm_histogram_second_peak_bpm": 133.0, "rhythm.bpm_histogram_second_peak_spread": 0.32692307233810425, "rhythm.bpm_histogram_second_peak_weight": 0.11551155149936676, "rhythm.danceability": 1.0840879678726196, "rhythm.onset_rate": 3.387875556945801, "tonal.chords_changes_rate": 0.05138888955116272, "tonal.chords_number_rate": 0.0027777778450399637, "tonal.chords_strength.mean": 0.48392364382743835, "tonal.chords_strength.stdev": 0.09819454699754715, "tonal.hpcp_crest.mean": 17.12015724182129, "tonal.hpcp_crest.stdev": 7.482872486114502, "tonal.hpcp_entropy.mean": 1.5198187828063965, "tonal.hpcp_entropy.stdev": 0.6634634733200073, "tonal.key_edma.strength": 0.8201110363006592, "tonal.key_krumhansl.strength": 0.8196115493774414, "tonal.key_temperley.strength": 0.8180909156799316, "tonal.tuning_diatonic_strength": 0.6277617812156677, "tonal.tuning_equal_tempered_deviation": 0.016853012144565582, "tonal.tuning_frequency": 439.2381896972656, "tonal.tuning_nontempered_energy_ratio": 0.616568922996521, "lowlevel.barkbands.mean": [7.420051406370476e-05, 0.010657496750354767, 0.0038372217677533627, 0.002828786848112941, 0.01127494964748621, 0.0030562770552933216, 0.0018189186230301857, 0.0021494021639227867, 0.0010208731982856989, 0.0008956016390584409, 0.0006313281483016908, 0.00027731782756745815, 0.0003099284367635846, 0.0002996872353833169, 0.0001867652463261038, 0.00011254577111685649, 9.642490476835519e-05, 4.2776551708811894e-05, 4.4782918848795816e-05, 2.713797402975615e-05, 2.4035794922383502e-05, 4.746723789139651e-05, 4.663474464905448e-05, 4.066035398864187e-05, 6.82521567796357e-05, 1.3422051779343747e-05, 5.268424843052344e-07], "lowlevel.barkbands.stdev": [0.0002636779681779444, 0.024865606799721718, 0.009308735840022564, 0.005696780048310757, 0.013346703723073006, 0.004353525582700968, 0.003261313773691654, 0.005668919533491135, 0.002783567178994417, 0.0025943072978407145, 0.0024275192990899086, 0.0010783695615828037, 0.0012790539767593145, 0.001255916664376855, 0.0007534675532951951, 0.000420270866015926, 0.0002639945305418223, 0.00016123453679028898, 0.0003410661011002958, 0.00012689102732110769, 0.00010748955537565053, 0.0001523198006907478, 0.0001414711441611871, 0.00016539989155717194, 0.00022603907564189285, 4.0704970160732046e-05, 2.4306393697770545e-06], "lowlevel.erbbands.mean": [0.20153069496154785, 2.7149832248687744, 5.332718372344971, 6.384842395782471, 27.4107723236084, 38.117713928222656, 28.007566452026367, 27.815025329589844, 21.25150489807129, 36.54131317138672, 44.625247955322266, 29.731515884399414, 19.273242950439453, 31.785911560058594, 24.340063095092773, 12.583069801330566, 13.945863723754883, 17.456777572631836, 11.798776626586914, 7.166849613189697, 5.836734294891357, 4.981640338897705, 2.8853394985198975, 2.03460431098938, 2.0973050594329834, 1.302898645401001, 1.035959243774414, 0.9621378183364868, 1.4612598419189453, 2.1015543937683105, 1.113338828086853, 0.6464834809303284, 0.8636411428451538, 0.9505276679992676, 0.3605969250202179, 0.09633588045835495, 0.016754932701587677, 0.001945248688571155, 0.00010369141091359779, 4.768992948811501e-05], "lowlevel.erbbands.stdev": [0.5617712140083313, 6.246814727783203, 11.486580848693848, 13.198186874389648, 41.437095642089844, 55.04417037963867, 53.451168060302734, 34.756961822509766, 32.210147857666016, 78.24066162109375, 122.65644836425781, 69.34397888183594, 56.50434494018555, 104.85677337646484, 92.27525329589844, 46.02421569824219, 54.12016296386719, 69.21417999267578, 42.77088165283203, 24.515846252441406, 17.615928649902344, 14.135126113891602, 9.128312110900879, 12.725341796875, 15.285977363586426, 6.116139888763428, 4.730995178222656, 4.160788059234619, 5.033043384552002, 6.353754997253418, 3.4996516704559326, 2.7370080947875977, 3.522981643676758, 3.35487961769104, 1.1056350469589233, 0.28756028413772583, 0.050914835184812546, 0.0066827572882175446, 0.00040833468665368855, 3.762614869629033e-05], "lowlevel.gfcc.mean": [-92.31343078613281, 140.82150268554688, -75.02674102783203, -1.4600242376327515, -62.939083099365234, 1.7032418251037598, -57.927330017089844, -3.9334075450897217, -23.845792770385742, -10.758448600769043, -20.647146224975586, -1.8036555051803589, -6.201185703277588], "lowlevel.melbands.mean": [0.0024691603612154722, 0.0030803654808551073, 0.001746989437378943, 0.002527144504711032, 0.0011275560827925801, 0.0005753324367105961, 0.00035451489384286106, 0.0004157118673902005, 0.00034740069531835616, 0.00016013318963814527, 9.09429945750162e-05, 0.00012857187539339066, 8.021177200134844e-05, 4.35901056334842e-05, 2.6291510948794894e-05, 3.061892493860796e-05, 3.356994056957774e-05, 1.8852955690817907e-05, 1.2269415492482949e-05, 8.925727343012113e-06, 6.3395641518582124e-06, 5.44084514331189e-06, 3.7778982004965656e-06, 1.7596148609300144e-06, 1.5925566003716085e-06, 1.7898464648169465e-06, 1.1295165904812166e-06, 7.99419694885728e-07, 6.48268724035006e-07, 5.530109774554148e-07, 5.621220111606817e-07, 7.494681995012797e-07, 1.0821557907547685e-06, 1.204672912535898e-06, 7.03550085745519e-07, 3.932391621219722e-07, 3.8313342543006e-07, 5.308497179612459e-07, 7.804014785506297e-07, 8.219311666834983e-07], "lowlevel.melbands.stdev": [0.006067550275474787, 0.006277403328567743, 0.002690582536160946, 0.0032541065011173487, 0.0018258086638525128, 0.0007212802884168923, 0.0005735285812988877, 0.0009558650199323893, 0.0009585082298144698, 0.0004051898722536862, 0.0002829688892234117, 0.0004384058411233127, 0.0002969033666886389, 0.00015678654017392546, 0.00011158355482621118, 0.0001242697035195306, 0.0001440713240299374, 7.048610859783366e-05, 5.034590867580846e-05, 3.639502392616123e-05, 1.918093767017126e-05, 1.6588342987233773e-05, 1.099006476579234e-05, 7.263542102009524e-06, 1.0634404134179931e-05, 1.5229896234814078e-05, 6.219814622454578e-06, 3.797858425969025e-06, 3.0166306714818347e-06, 2.5235196972062113e-06, 2.5080137220356846e-06, 2.890663608923205e-06, 3.461694859652198e-06, 3.645030346888234e-06, 2.1557366380875465e-06, 1.6512871070517576e-06, 1.6902447441680124e-06, 2.228809307780466e-06, 3.1743272757012164e-06, 2.7866674372489797e-06], "lowlevel.melbands128.mean": [6.241475057322532e-05, 0.0010307409102097154, 0.0036560974549502134, 0.004897313192486763, 0.0033874898217618465, 0.0016166005516424775, 0.0009504667832516134, 0.001731058699078858, 0.0030046424362808466, 0.0029335273429751396, 0.002064927713945508, 0.0014070605393499136, 0.0009463097085244954, 0.0005933506763540208, 0.0008669383241795003, 0.00036030603223480284, 0.0001772973919287324, 0.00038927679997868836, 0.0005688676610589027, 0.0003393137303646654, 0.0004089227586518973, 0.00038205485907383263, 0.00040162252844311297, 0.00020181393483653665, 0.0002500723931007087, 9.702170791570097e-05, 6.129340181360021e-05, 0.00011591638758545741, 5.731880446546711e-05, 0.0001848534302553162, 0.00013137204223312438, 7.355633715633303e-05, 7.032215216895565e-05, 0.00010932551958831027, 3.464072506176308e-05, 3.615803871070966e-05, 3.193007432855666e-05, 1.4718172678840347e-05, 3.455484693404287e-05, 3.2106316211866215e-05, 3.006571569130756e-05, 2.6694133339333348e-05, 3.458903665887192e-05, 4.3692285544238985e-05, 1.3268198927107733e-05, 1.6113663150463253e-05, 2.2004212951287627e-05, 1.3008589121454861e-05, 7.669907972740475e-06, 7.92486116552027e-06, 1.0825455319718458e-05, 8.132465154631063e-06, 5.239363872533431e-06, 6.415963525796542e-06, 6.749089607183123e-06, 4.7394710236403625e-06, 5.043484179623192e-06, 4.649302809411893e-06, 3.1728043268230977e-06, 2.4643986762384884e-06, 1.5839447087273584e-06, 1.3189844594307942e-06, 1.3822979099131771e-06, 1.7357195929434965e-06, 1.8482821815268835e-06, 1.946825250342954e-06, 1.7277619690503343e-06, 1.1665765669022221e-06, 1.0652420314727351e-06, 9.531629530101782e-07, 7.712863521192048e-07, 7.703912956458225e-07, 6.258235316636274e-07, 6.324892183329212e-07, 6.736457862643874e-07, 5.573313615059305e-07, 5.146425792190712e-07, 4.7055777940840926e-07, 5.820698447678296e-07, 6.037337243469665e-07, 7.535611530329334e-07, 7.66113316785777e-07, 8.597626788287016e-07, 1.0739530580394785e-06, 1.343460098723881e-06, 1.2912544207210885e-06, 1.1563689668037114e-06, 9.890228511721944e-07, 7.1167892201629e-07, 4.826119379686133e-07, 4.094483472272259e-07, 3.763713323223783e-07, 3.441317062424787e-07, 3.71213587868624e-07, 4.195854330646398e-07, 4.2197322613901633e-07, 5.481294351739052e-07, 6.922226702954504e-07, 7.240638524308451e-07, 8.48462605063105e-07, 9.632215096644359e-07, 8.075745085989183e-07, 6.977121529416763e-07, 5.180561970519193e-07, 3.6488941645984596e-07, 2.8693096965071163e-07, 2.454419529840379e-07, 2.4338942239410244e-07, 1.4861457486858853e-07, 9.500762843117627e-08, 7.980813876429238e-08, 6.504764371584315e-08, 4.4553800648827746e-08, 3.036899087760503e-08, 2.219027273042684e-08, 1.6737075725359318e-08, 1.164079677096197e-08, 7.128662549149567e-09, 2.5996833574737366e-09, 1.1714845760124604e-09, 8.185102595703597e-10, 1.942149774336599e-10, 7.943274510369136e-12, 7.1070948605422846e-12, 6.337651323878868e-12, 5.285561918699777e-12, 4.653368836093907e-12, 4.5428895020793725e-12], "lowlevel.melbands128.stdev": [0.00025032914709299803, 0.003670810954645276, 0.009886292740702629, 0.011487050913274288, 0.007453747559338808, 0.004140111617743969, 0.0028315407689660788, 0.003318577306345105, 0.005497014615684748, 0.004932239186018705, 0.0037743146531283855, 0.0029496573843061924, 0.0024801050312817097, 0.0011697544250637293, 0.0012457451084628701, 0.0005334442248567939, 0.00045153679093346, 0.0007994755287654698, 0.0012805578298866749, 0.000953924551140517, 0.0016289319610223174, 0.001220438745804131, 0.0014815363101661205, 0.0007917621987871826, 0.0006678157951682806, 0.000495909305755049, 0.0003145304508507252, 0.0004873678844887763, 0.0002259711764054373, 0.0007445680676028132, 0.0005979064153507352, 0.00040111428825184703, 0.000363465107511729, 0.0005852789035998285, 0.00017729814862832427, 0.00018971040844917297, 0.0001902147923829034, 8.403319225180894e-05, 0.00025064244982786477, 0.00014643730537500232, 0.0001759377628332004, 0.00021439383272081614, 0.00018838845426216722, 0.0002472714113537222, 7.869501860113814e-05, 9.209539712173864e-05, 0.00012589928519446403, 8.119603444356471e-05, 4.0697817894397303e-05, 4.7157369408523664e-05, 6.099079837440513e-05, 3.725937131093815e-05, 2.646578650455922e-05, 2.362300620006863e-05, 2.284382571815513e-05, 2.1680491045117378e-05, 1.870333835540805e-05, 1.4914210623828694e-05, 1.1853215255541727e-05, 8.923409041017294e-06, 7.572235972475028e-06, 8.22655601950828e-06, 8.847333447192796e-06, 1.2984358363610227e-05, 1.7349984773318283e-05, 1.964679358934518e-05, 1.5042007362353615e-05, 7.419460871460615e-06, 5.859685643372359e-06, 5.0961248234671075e-06, 4.206572612019954e-06, 3.8518046494573355e-06, 3.0162771054165205e-06, 3.177570079060388e-06, 3.600112904678099e-06, 2.6104016797035e-06, 2.571257482486544e-06, 2.2893607365404023e-06, 2.8253698474145494e-06, 2.770642822724767e-06, 3.3262945180467796e-06, 3.1393378776556347e-06, 2.953301645902684e-06, 3.939230282412609e-06, 4.3892741814488545e-06, 4.466105565370526e-06, 3.7973331927787513e-06, 3.020888016180834e-06, 2.256881089124363e-06, 1.822170474952145e-06, 1.7906264702105545e-06, 1.698302639852045e-06, 1.7221788084498257e-06, 1.7989566458709305e-06, 1.8608396885611e-06, 1.784681103345065e-06, 2.518200290069217e-06, 3.254016974096885e-06, 3.0356691240740474e-06, 3.7015022371633677e-06, 3.609632130974205e-06, 2.7015678369934903e-06, 2.4847618078638334e-06, 1.7881491203297628e-06, 1.1432252904342022e-06, 8.566477163185482e-07, 8.367264285880083e-07, 8.00858003913163e-07, 4.604332559665636e-07, 3.390334768482717e-07, 2.8688890552075463e-07, 2.1071099354230682e-07, 1.414192780657686e-07, 1.1237333552571727e-07, 8.349019253728329e-08, 6.377788963618514e-08, 4.822222976486046e-08, 3.079554389273653e-08, 1.852776598809669e-08, 1.4884174781570891e-08, 1.0920135018466226e-08, 3.028424844231381e-09, 5.791209872763048e-11, 4.431477407251805e-11, 3.123475436628276e-11, 1.4906157905225648e-11, 8.104726091640035e-12, 7.88645624499873e-12], "lowlevel.mfcc.mean": [-752.0926513671875, 179.9269561767578, 36.429378509521484, 1.676611304283142, 11.701961517333984, -4.953500270843506, -18.97086524963379, -5.490260601043701, -4.31015157699585, -16.835952758789062, -4.853456974029541, -14.48087215423584, -0.5402299761772156], "lowlevel.spectral_contrast_coeffs.mean": [-0.558135449886322, -0.6498124003410339, -0.7321649789810181, -0.785006582736969, -0.7813233137130737, -0.8002492785453796], "lowlevel.spectral_contrast_coeffs.stdev": [0.12723690271377563, 0.08015591651201248, 0.08566315472126007, 0.06113216280937195, 0.0559593066573143, 0.053985945880413055], "lowlevel.spectral_contrast_valleys.mean": [-7.341622829437256, -7.319044589996338, -8.442187309265137, -8.920625686645508, -9.75990104675293, -11.702668190002441], "lowlevel.spectral_contrast_valleys.stdev": [1.3577536344528198, 1.0351462364196777, 1.0822361707687378, 1.2101930379867554, 1.6185705661773682, 1.7930939197540283], "rhythm.beats_loudness_band_ratio.mean": [0.4473714232444763, 0.3912770748138428, 0.13812343776226044, 0.06165118142962456, 0.022003531455993652, 0.016737619414925575], "rhythm.beats_loudness_band_ratio.stdev": [0.3363567590713501, 0.2887257933616638, 0.16389483213424683, 0.1253652274608612, 0.04195002466440201, 0.0568300262093544], "tonal.hpcp.mean": [0.1718323528766632, 0.11443738639354706, 0.11792085319757462, 0.22046802937984467, 0.13937681913375854, 0.019155627116560936, 0.015200803056359291, 0.019690804183483124, 0.10451225936412811, 0.18750637769699097, 0.11173466593027115, 0.023632459342479706, 0.013761589303612709, 0.01687643863260746, 0.08388303965330124, 0.19594493508338928, 0.1350904107093811, 0.021532101556658745, 0.01645592413842678, 0.012177392840385437, 0.031269483268260956, 0.07053100317716599, 0.05719069764018059, 0.1912367343902588, 0.32841479778289795, 0.15840725600719452, 0.01504127960652113, 0.013574914075434208, 0.019100883975625038, 0.13070553541183472, 0.2155950963497162, 0.11272633820772171, 0.024087943136692047, 0.016962258145213127, 0.025679439306259155, 0.10058248043060303], "tonal.hpcp.stdev": [0.3100615441799164, 0.22834134101867676, 0.20591667294502258, 0.34983229637145996, 0.23473286628723145, 0.0967397391796112, 0.08609485626220703, 0.10049852728843689, 0.2140607237815857, 0.3251211643218994, 0.22447209060192108, 0.11496277153491974, 0.08654195815324783, 0.0984329953789711, 0.171950101852417, 0.32224294543266296, 0.24880290031433105, 0.10153980553150177, 0.10420797765254974, 0.07451018691062927, 0.09377346932888031, 0.19371740520000458, 0.14708925783634186, 0.25241050124168396, 0.39926478266716003, 0.21372030675411224, 0.08419214934110641, 0.08192098885774612, 0.09666939079761505, 0.23883050680160522, 0.35341912508010864, 0.2093774676322937, 0.1111343502998352, 0.09876623004674911, 0.12057412415742874, 0.21926237642765045], "rhythm.beats_position": [0.4760090708732605, 0.9287981986999512, 1.369977355003357, 1.8111563920974731, 2.252335548400879, 2.693514585494995, 3.1230838298797607, 3.5526530742645264, 3.982222080230713, 4.423401355743408, 4.852970600128174, 5.282539367675781, 5.723718643188477, 6.153287887573242, 6.582857131958008, 7.012426376342773, 7.441995143890381, 7.883174419403076, 8.324353218078613, 8.765532493591309, 9.195101737976074, 9.62467098236084, 10.054240226745605, 10.4954195022583, 10.924988746643066, 11.354557991027832, 11.784127235412598, 12.213695526123047, 12.631654739379883, 13.061223983764648, 13.490793228149414, 13.93197250366211, 14.373151779174805, 14.8143310546875, 15.255510330200195, 15.685078620910645, 16.114648818969727, 16.555828094482422, 16.973787307739258, 17.414966583251953, 17.856143951416016, 18.28571319580078, 18.715282440185547, 19.156461715698242, 19.586030960083008, 20.015600204467773, 20.45677947998047, 20.886348724365234, 21.31591796875, 21.745487213134766, 22.17505645751953, 22.616235733032227, 23.034194946289062, 23.475374221801758, 23.916553497314453, 24.34612274169922, 24.775691986083984, 25.20526123046875, 25.634828567504883, 26.076007843017578, 26.517187118530273, 26.95836639404297, 27.387935638427734, 27.8175048828125, 28.258684158325195, 28.68825340270996, 29.117822647094727, 29.547391891479492, 29.976961135864258, 30.418140411376953, 30.84770965576172, 31.277278900146484, 31.71845817565918, 32.14802551269531, 32.57759475708008, 33.018775939941406, 33.44834518432617, 33.87791442871094, 34.319091796875, 34.748661041259766, 35.17823028564453, 35.6077995300293, 36.03736877441406, 36.47854995727539, 36.90811538696289, 37.337684631347656, 37.778865814208984, 38.20843505859375, 38.638004302978516, 39.07918167114258, 39.520362854003906, 39.93832015991211, 40.37950134277344, 40.8206787109375, 41.250247955322266, 41.67981719970703, 42.12099838256836, 42.550567626953125, 42.98013687133789, 43.42131423950195, 43.85088348388672, 44.280452728271484, 44.71002197265625, 45.139591217041016, 45.58076858520508, 46.010337829589844, 46.43990707397461, 46.88108825683594, 47.3106575012207, 47.74022674560547, 48.18140411376953, 48.6109733581543, 49.052154541015625, 49.48172378540039, 49.911293029785156, 50.34086227416992, 50.77043151855469, 51.21160888671875, 51.641178131103516, 52.07074737548828, 52.50031661987305, 52.94149398803711, 53.38267517089844, 53.8122444152832, 54.24181365966797, 54.68299102783203, 55.12417221069336, 55.553741455078125, 55.98331069946289, 56.412879943847656, 56.84244918823242, 57.283626556396484, 57.71319580078125, 58.142765045166016, 58.583946228027344, 59.01351547241211, 59.443084716796875, 59.872650146484375, 60.30221939086914, 60.74340057373047, 61.172969818115234, 61.6025390625, 62.04371643066406, 62.47328567504883, 62.914466857910156, 63.34403610229492, 63.785213470458984, 64.21478271484375, 64.64435577392578, 65.08553314208984, 65.50349426269531, 65.93305969238281, 66.36263275146484, 66.79219818115234, 67.22177124023438, 67.66294860839844, 68.09251403808594, 68.53369140625, 68.98648071289062, 69.41605377197266, 69.84561920166016, 70.28680419921875, 70.71636962890625, 71.14594268798828, 71.58712005615234, 72.03990936279297, 72.48108673095703, 72.93387603759766, 73.39827728271484, 73.85106658935547, 74.3038558959961, 74.74503326416016, 75.17459869384766, 75.60417175292969, 76.03373718261719, 76.47492218017578, 76.9277114868164, 77.38050079345703, 77.84489440917969, 78.29768371582031, 78.72725677490234, 79.15682220458984, 79.5979995727539, 80.01596069335938, 80.48036193847656, 80.94476318359375, 81.39755249023438, 81.86194610595703, 82.32634735107422, 82.7907485961914, 83.24353790283203, 83.70793151855469, 84.14911651611328, 84.59029388427734, 85.0314712524414, 85.47264862060547, 85.91383361816406, 86.34339904785156, 86.7729721069336, 87.2025375366211, 87.63211059570312, 88.07328796386719, 88.51446533203125, 88.96725463867188, 89.4200439453125, 89.86122131347656, 90.31401062011719, 90.76679992675781, 91.231201171875, 91.67237854003906, 92.13677978515625, 92.58956909179688, 93.05397033691406, 93.52997589111328, 93.9827651977539, 94.4471664428711, 94.89995574951172, 95.35274505615234, 95.817138671875, 96.28153991699219, 96.73432922363281, 97.18711853027344, 97.63990783691406, 98.09269714355469, 98.53387451171875, 98.96344757080078, 99.40462493896484, 99.8458023071289, 100.28697967529297, 100.72816467285156, 101.15773010253906, 101.5873031616211, 102.02848052978516, 102.45804595947266, 102.88761901855469, 103.32879638671875, 103.75836181640625, 104.19954681396484, 104.62911224365234, 105.05868530273438, 105.48825073242188, 105.9178237915039, 106.37061309814453, 106.8117904663086, 107.25296783447266, 107.69414520263672, 108.13533020019531, 108.58811950683594, 109.0525131225586, 109.50530242919922, 109.95809173583984, 110.3992691040039, 110.85205841064453, 111.30484771728516, 111.75763702392578, 112.19882202148438, 112.63999938964844, 113.06956481933594, 113.49913787841797, 113.92870330810547, 114.3582763671875, 114.79945373535156, 115.24063110351562, 115.68180847167969, 116.09976959228516, 116.54094696044922, 116.98213195800781, 117.42330932617188, 117.85287475585938, 118.29405975341797, 118.73523712158203, 119.16480255126953, 119.582763671875, 120.01233673095703, 120.44190216064453, 120.87147521972656, 121.31265258789062, 121.75382995605469, 122.18339538574219, 122.61296844482422, 123.05414581298828, 123.49532318115234, 123.93650817871094, 124.377685546875, 124.84208679199219, 125.29487609863281, 125.74766540527344, 126.20045471191406, 126.65324401855469, 127.11763763427734, 127.57042694091797, 128.01161193847656, 128.45278930664062, 128.88235473632812, 129.31192016601562, 129.7530975341797, 130.18267822265625, 130.61224365234375, 131.0534210205078, 131.49459838867188, 131.92416381835938, 132.35374450683594, 132.794921875, 133.23609924316406], "rhythm.bpm_histogram": [0.0, 0.0, 0.0, 0.0, 0.0, 0.0, 0.0, 0.0, 0.0, 0.0, 0.0, 0.0, 0.0, 0.0, 0.0, 0.0, 0.0, 0.0, 0.0, 0.0, 0.0, 0.0, 0.0, 0.0, 0.0, 0.0, 0.0, 0.0, 0.0, 0.0, 0.0, 0.0, 0.0, 0.0, 0.0, 0.0, 0.0, 0.0, 0.0, 0.0, 0.0, 0.0, 0.0, 0.0, 0.0, 0.0, 0.0, 0.0, 0.0, 0.0, 0.0, 0.0, 0.0, 0.0, 0.0, 0.0, 0.0, 0.0, 0.0, 0.0, 0.0, 0.0, 0.0, 0.0, 0.0, 0.0, 0.0, 0.0, 0.0, 0.0, 0.0, 0.0, 0.0, 0.0, 0.0, 0.0, 0.0, 0.0, 0.0, 0.0, 0.0, 0.0, 0.0, 0.0, 0.0, 0.0, 0.0, 0.0, 0.0, 0.0, 0.0, 0.0, 0.0, 0.0, 0.0, 0.0, 0.0, 0.0, 0.0, 0.0, 0.0, 0.0, 0.0, 0.0, 0.0, 0.0, 0.0, 0.0, 0.0, 0.0, 0.0, 0.0, 0.0, 0.0, 0.0, 0.0, 0.0, 0.0, 0.0, 0.0, 0.0, 0.0, 0.0, 0.0, 0.0, 0.0, 0.0033003301359713078, 0.0, 0.0, 0.056105609983205795, 0.0, 0.0, 0.0, 0.11551155149936676, 0.0, 0.0, 0.3531353175640106, 0.0, 0.0, 0.0, 0.4455445408821106, 0.0, 0.0, 0.0, 0.026402641087770462, 0.0, 0.0, 0.0, 0.0, 0.0, 0.0, 0.0, 0.0, 0.0, 0.0, 0.0, 0.0, 0.0, 0.0, 0.0, 0.0, 0.0, 0.0, 0.0, 0.0, 0.0, 0.0, 0.0, 0.0, 0.0, 0.0, 0.0, 0.0, 0.0, 0.0, 0.0, 0.0, 0.0, 0.0, 0.0, 0.0, 0.0, 0.0, 0.0, 0.0, 0.0, 0.0, 0.0, 0.0, 0.0, 0.0, 0.0, 0.0, 0.0, 0.0, 0.0, 0.0, 0.0, 0.0, 0.0, 0.0, 0.0, 0.0, 0.0, 0.0, 0.0, 0.0, 0.0, 0.0, 0.0, 0.0, 0.0, 0.0, 0.0, 0.0, 0.0, 0.0, 0.0, 0.0, 0.0, 0.0, 0.0, 0.0, 0.0, 0.0, 0.0, 0.0, 0.0, 0.0, 0.0, 0.0, 0.0, 0.0, 0.0, 0.0, 0.0, 0.0, 0.0, 0.0, 0.0, 0.0, 0.0, 0.0, 0.0, 0.0, 0.0, 0.0, 0.0, 0.0, 0.0], "tonal.chords_histogram": [16.35416603088379, 9.82638931274414, 38.95833206176758, 4.027777671813965, 6.31944465637207, 0.1388888955116272, 2.0486111640930176, 0.0, 0.5902777910232544, 0.0, 0.5555555820465088, 0.0, 0.0, 0.0, 0.0, 0.0, 0.0, 0.0, 0.0, 0.9027777910232544, 0.0694444477558136, 3.472222328186035, 0.0, 16.73611068725586], "tonal.thpcp": [1.0, 0.48233896493911743, 0.04579963907599449, 0.04133465886116028, 0.058160848915576935, 0.3979891836643219, 0.6564719080924988, 0.3432437777519226, 0.0733460932970047, 0.051648885011672974, 0.0781920924782753, 0.30626657605171204, 0.5232174396514893, 0.3484538197517395, 0.35906070470809937, 0.6713096499443054, 0.4243926405906677, 0.05832754075527191, 0.04628537967801094, 0.0599571168422699, 0.3182324767112732, 0.5709437727928162, 0.3402242064476013, 0.07195918262004852, 0.04190307483077049, 0.051387570798397064, 0.25541797280311584, 0.596638560295105, 0.4113408029079437, 0.06556373834609985, 0.05010713264346123, 0.037079304456710815, 0.095213383436203, 0.21476195752620697, 0.17414166033267975, 0.582302451133728], "lowlevel.gfcc.cov": [[13038.1796875, -4538.73828125, -752.2347412109375, 1148.282958984375, -1779.96875, 1408.0389404296875, -1012.07861328125, 399.1827087402344, -572.1552734375, 405.6305236816406, -754.9902954101562, 79.30554962158203, -641.0167846679688], [-4538.73828125, 4597.63134765625, 813.5704956054688, -917.1349487304688, 1340.7078857421875, -703.1951904296875, 1129.3172607421875, 162.6640167236328, 707.3779296875, -403.93572998046875, 448.6934814453125, -234.3528594970703, 347.85675048828125], [-752.2347412109375, 813.5704956054688, 1208.293701171875, 447.81561279296875, 327.36962890625, 207.2418212890625, 485.3652648925781, 243.22451782226562, 277.89617919921875, 40.297386169433594, 143.24525451660156, -79.07534790039062, 31.94385528564453], [1148.282958984375, -917.1349487304688, 447.81561279296875, 1283.79931640625, 22.373741149902344, 160.66033935546875, -38.49380111694336, 157.57376098632812, 101.57341766357422, 194.0080108642578, 19.4000186920166, -37.76810073852539, -8.487781524658203], [-1779.96875, 1340.7078857421875, 327.36962890625, 22.373741149902344, 760.9396362304688, -199.38584899902344, 343.58074951171875, 71.41832733154297, 276.34442138671875, -71.2930679321289, 183.82861328125, -59.9029655456543, 138.8397674560547], [1408.0389404296875, -703.1951904296875, 207.2418212890625, 160.66033935546875, -199.38584899902344, 560.0513916015625, 24.919065475463867, 87.5667953491211, -87.41630554199219, 124.15843963623047, -65.83856964111328, 19.281143188476562, -145.67579650878906], [-1012.07861328125, 1129.3172607421875, 485.3652648925781, -38.49380111694336, 343.58074951171875, 24.919065475463867, 754.8330078125, 277.5267028808594, 241.06906127929688, -29.644495010375977, 182.9425811767578, -61.277099609375, 47.63062286376953], [399.1827087402344, 162.6640167236328, 243.22451782226562, 157.57376098632812, 71.41832733154297, 87.5667953491211, 277.5267028808594, 349.9424133300781, 207.9179229736328, -1.378849744796753, 1.9768669605255127, -26.707483291625977, -5.285485744476318], [-572.1552734375, 707.3779296875, 277.89617919921875, 101.57341766357422, 276.34442138671875, -87.41630554199219, 241.06906127929688, 207.9179229736328, 420.3163757324219, 11.730748176574707, 76.70539855957031, -68.98695373535156, 90.18965148925781], [405.6305236816406, -403.93572998046875, 40.297386169433594, 194.0080108642578, -71.2930679321289, 124.15843963623047, -29.644495010375977, -1.378849744796753, 11.730748176574707, 201.46083068847656, 32.803226470947266, -8.788712501525879, -21.76936149597168], [-754.9902954101562, 448.6934814453125, 143.24525451660156, 19.4000186920166, 183.82861328125, -65.83856964111328, 182.9425811767578, 1.9768669605255127, 76.70539855957031, 32.803226470947266, 203.73495483398438, 5.177325248718262, 59.532955169677734], [79.30554962158203, -234.3528594970703, -79.07534790039062, -37.76810073852539, -59.9029655456543, 19.281143188476562, -61.277099609375, -26.707483291625977, -68.98695373535156, -8.788712501525879, 5.177325248718262, 127.36421203613281, 9.172142028808594], [-641.0167846679688, 347.85675048828125, 31.94385528564453, -8.487781524658203, 138.8397674560547, -145.67579650878906, 47.63062286376953, -5.285485744476318, 90.18965148925781, -21.76936149597168, 59.532955169677734, 9.172142028808594, 157.2561798095703]], "lowlevel.gfcc.icov": [[0.0002668847737368196, -0.00040757394162938, 0.00040319058462046087, -0.00047777159488759935, 0.0005524741718545556, -0.0006491613457910717, 0.0004591600736603141, -0.0007089505670592189, 0.00032723028562031686, -0.0003867045452352613, 0.00040776163223199546, -0.0002610869996715337, 0.0002493952342774719], [-0.00040757394162938, 0.0031214547343552113, -0.001680286368355155, 0.00242318632081151, -0.002547044074162841, 0.0021427390165627003, -0.0022217114455997944, 0.0023088010493665934, -0.002105590421706438, 0.003016302129253745, -0.001971422228962183, 0.0027781992685049772, -0.0009003762388601899], [0.00040319058462046087, -0.001680286368355155, 0.0027388816233724356, -0.0020196165423840284, 0.001389839919283986, -0.002386542037129402, 0.0005788423004560173, -0.001231063506565988, 0.0005581466830335557, -0.0009111904655583203, 0.0007867484819144011, -0.0010241090785712004, 0.0003560767218004912], [-0.00047777159488759935, 0.00242318632081151, -0.0020196165423840284, 0.003262084908783436, -0.0023316850420087576, 0.002134757349267602, -0.0011049974709749222, 0.0010938509367406368, -0.0012587734963744879, 0.001141763525083661, -0.0017231309320777655, 0.0022804157342761755, -0.000914445670787245], [0.0005524741718545556, -0.002547044074162841, 0.001389839919283986, -0.0023316850420087576, 0.0049295988865196705, -0.0019508893601596355, 0.0013552061282098293, -0.0014222967438399792, 0.0005573726957663894, -0.0012937800493091345, 0.0005929662147536874, -0.0017200924921780825, 0.0002373026218265295], [-0.0006491613457910717, 0.0021427390165627003, -0.002386542037129402, 0.002134757349267602, -0.0019508893601596355, 0.00582180917263031, -0.002034110017120838, 0.0014223000034689903, -0.0006042877794243395, -0.00027438096003606915, -0.00034777141991071403, 0.000586029898840934, 0.0013995155459269881], [0.0004591600736603141, -0.0022217114455997944, 0.0005788423004560173, -0.0011049974709749222, 0.0013552061282098293, -0.002034110017120838, 0.005488285794854164, -0.0048662349581718445, 0.0021976169664412737, -0.0018160495674237609, -0.0011840208899229765, -0.0007126100827008486, 0.0006802727584727108], [-0.0007089505670592189, 0.0023088010493665934, -0.001231063506565988, 0.0010938509367406368, -0.0014222967438399792, 0.0014223000034689903, -0.0048662349581718445, 0.009956272318959236, -0.005320433992892504, 0.003471965668722987, 0.0004944181418977678, 0.00044876770698465407, 1.2589724065037444e-05], [0.00032723028562031686, -0.002105590421706438, 0.0005581466830335557, -0.0012587734963744879, 0.0005573726957663894, -0.0006042877794243395, 0.0021976169664412737, -0.005320433992892504, 0.007331504952162504, -0.0036728139966726303, 0.0011496222577989101, -4.990895467926748e-05, -0.0012316430220380425], [-0.0003867045452352613, 0.003016302129253745, -0.0009111904655583203, 0.001141763525083661, -0.0012937800493091345, -0.00027438096003606915, -0.0018160495674237609, 0.003471965668722987, -0.0036728139966726303, 0.011447344906628132, -0.005123003851622343, 0.003935159184038639, -0.001045899698510766], [0.00040776163223199546, -0.001971422228962183, 0.0007867484819144011, -0.0017231309320777655, 0.0005929662147536874, -0.00034777141991071403, -0.0011840208899229765, 0.0004944181418977678, 0.0011496222577989101, -0.005123003851622343, 0.011313132010400295, -0.004221410024911165, -0.00010541031952016056], [-0.0002610869996715337, 0.0027781992685049772, -0.0010241090785712004, 0.0022804157342761755, -0.0017200924921780825, 0.000586029898840934, -0.0007126100827008486, 0.00044876770698465407, -4.990895467926748e-05, 0.003935159184038639, -0.004221410024911165, 0.012663137167692184, -0.003153282217681408], [0.0002493952342774719, -0.0009003762388601899, 0.0003560767218004912, -0.000914445670787245, 0.0002373026218265295, 0.0013995155459269881, 0.0006802727584727108, 1.2589724065037444e-05, -0.0012316430220380425, -0.001045899698510766, -0.00010541031952016056, -0.003153282217681408, 0.010912361554801464]], "lowlevel.mfcc.cov": [[10766.86328125, -4304.88232421875, -318.51727294921875, -527.4599609375, -297.6875305175781, 101.61944580078125, -221.1146240234375, -173.5579833984375, -139.7679901123047, -90.67639923095703, 311.8076477050781, -440.218994140625, 40.11556625366211], [-4304.88232421875, 4164.6962890625, 188.5248565673828, -13.33130168914795, 111.26322174072266, -119.2060317993164, 255.98268127441406, 507.24945068359375, 388.981689453125, 346.07366943359375, 35.866844177246094, 366.20220947265625, -2.4431686401367188], [-318.51727294921875, 188.5248565673828, 1043.277587890625, 396.5442810058594, 94.60322570800781, 168.15744018554688, 262.3555603027344, 259.8743591308594, 229.18812561035156, 338.9028015136719, 27.615327835083008, 301.66387939453125, 67.00943756103516], [-527.4599609375, -13.33130168914795, 396.5442810058594, 980.1732177734375, 297.5937805175781, 52.16971969604492, 128.018310546875, 98.96317291259766, 194.98532104492188, 288.97283935546875, -82.80403137207031, 301.68341064453125, 76.61865997314453], [-297.6875305175781, 111.26322174072266, 94.60322570800781, 297.5937805175781, 439.3833923339844, 86.95319366455078, -52.12199783325195, 0.6590497493743896, 82.917724609375, 72.29205322265625, -14.852901458740234, 86.40525817871094, 33.853004455566406], [101.61944580078125, -119.2060317993164, 168.15744018554688, 52.16971969604492, 86.95319366455078, 291.4858093261719, 152.6308135986328, -4.340566635131836, -15.363415718078613, 52.36795425415039, 68.37413787841797, 40.34785079956055, 4.442686080932617], [-221.1146240234375, 255.98268127441406, 262.3555603027344, 128.018310546875, -52.12199783325195, 152.6308135986328, 400.88897705078125, 171.3891143798828, 39.24925994873047, 145.47695922851562, 66.96924591064453, 135.95516967773438, 7.96586275100708], [-173.5579833984375, 507.24945068359375, 259.8743591308594, 98.96317291259766, 0.6590497493743896, -4.340566635131836, 171.3891143798828, 409.22637939453125, 200.60462951660156, 204.88255310058594, 64.46915435791016, 168.54409790039062, 24.946334838867188], [-139.7679901123047, 388.981689453125, 229.18812561035156, 194.98532104492188, 82.917724609375, -15.363415718078613, 39.24925994873047, 200.60462951660156, 323.3843078613281, 239.5320587158203, 19.33772850036621, 158.7528839111328, 42.731868743896484], [-90.67639923095703, 346.07366943359375, 338.9028015136719, 288.97283935546875, 72.29205322265625, 52.36795425415039, 145.47695922851562, 204.88255310058594, 239.5320587158203, 494.4095458984375, 74.09984588623047, 271.6961975097656, 15.859175682067871], [311.8076477050781, 35.866844177246094, 27.615327835083008, -82.80403137207031, -14.852901458740234, 68.37413787841797, 66.96924591064453, 64.46915435791016, 19.33772850036621, 74.09984588623047, 151.75299072265625, 21.323871612548828, -7.526039123535156], [-440.218994140625, 366.20220947265625, 301.66387939453125, 301.68341064453125, 86.40525817871094, 40.34785079956055, 135.95516967773438, 168.54409790039062, 158.7528839111328, 271.6961975097656, 21.323871612548828, 324.9656677246094, 57.32303237915039], [40.11556625366211, -2.4431686401367188, 67.00943756103516, 76.61865997314453, 33.853004455566406, 4.442686080932617, 7.96586275100708, 24.946334838867188, 42.731868743896484, 15.859175682067871, -7.526039123535156, 57.3230323