{"song_id": "1183705748019093514", "download": "https://cdn.discordapp.com/attachments/1135911532732108921/1183705748019093514/chirp.mp4?ex=65894ee2&amp", "lyrics": "\u0c24\u0c3f\u0c32\u0c4b\u0c24\u0c4d\u0c24\u0c2e\u0c3e \u0c2a\u0c4d\u0c30\u0c3f\u0c2f \u0c35\u0c2f\u0c4d\u0c2f\u0c3e\u0c30\u0c2e\u0c3e\n\u0c2a\u0c4d\u0c30\u0c2d\u0c3e\u0c24\u0c2e\u0c3e \u0c36\u0c41\u0c2d \u0c35\u0c38\u0c02\u0c24\u0c2e\u0c3e\n\n\u0c28\u0c47 \u0c2e\u0c4b\u0c2f\u0c32\u0c47\u0c28\u0c02\u0c1f\u0c42\n\u0c39\u0c43\u0c26\u0c2f\u0c3e\u0c28\u0c4d\u0c28\u0c3f \u0c05\u0c02\u0c26\u0c3f\u0c02\u0c1a\u0c3e\n\u0c28\u0c47\u0c28\u0c41\u0c28\u0c4d\u0c28\u0c3e \u0c32\u0c46\u0c2e\u0c4d\u0c2e\u0c02\u0c1f\u0c42\n\u0c05\u0c26 \u0c28\u0c3e\u0c32\u0c4b \u0c26\u0c3e\u0c1a\u0c47\u0c38\u0c3e\n\n\u0c0f \u0c26\u0c3e\u0c30\u0c3f\u0c32\u0c4b \u0c38\u0c3e\u0c17\u0c41\u0c24\u0c41\u0c28\u0c4d\u0c28\n\u0c0e\u0c26 \u0c28\u0c40\u0c35\u0c48\u0c2a\u0c41\u0c15\u0c47 \u0c32\u0c3e\u0c17\u0c41\u0c24\u0c4b\u0c02\u0c26\u0c3f\n\n\u0c0f \u0c35\u0c47\u0c33\u0c32\u0c4b \u0c0e\u0c2a\u0c4d\u0c2a\u0c41\u0c21\u0c48\u0c28\u0c3e \u0c2e\u0c26\u0c3f\n\u0c28\u0c40 \u0c0a\u0c39\u0c32\u0c4b \u0c0a\u0c17\u0c41\u0c24\u0c4b\u0c02\u0c26\u0c3f\n\n\u0c06\u0c05 \u0c24\u0c3f\u0c32\u0c4b\u0c24\u0c4d\u0c24\u0c2e\u0c3e \u0c2a\u0c4d\u0c30\u0c3f\u0c2f \u0c35\u0c2f\u0c4d\u0c2f\u0c3e\u0c30\u0c2e\u0c3e\n\u0c06\u0c05 \u0c06\u0c06 \u0c05\u0c05\u0c05\u0c05\u0c05\u0c05 \u0c06\u0c06\u0c06\n\n\u0c2a\u0c46\u0c26\u0c35\u0c47 \u0c13 \u0c2e\u0c27\u0c41\u0c30 \u0c15\u0c35\u0c3f\u0c24 \u0c1a\u0c26\u0c3f\u0c35\u0c47\n\u0c05\u0c21\u0c41\u0c17\u0c47 \u0c28\u0c3e \u0c17\u0c21\u0c2a \u0c28\u0c4a\u0c26\u0c3f\u0c32\u0c3f \u0c15\u0c26\u0c3f\u0c32\u0c47\n\n\u0c07\u0c28\u0c4d\u0c28\u0c3e\u0c33\u0c4d\u0c32\u0c41 \u0c32\u0c47\u0c28\u0c3f \u0c08 \u0c15\u0c4a\u0c24\u0c4d\u0c24 \u0c2c\u0c3e\u0c23\u0c40\n\u0c07\u0c35\u0c4d\u0c35\u0c3e\u0c32\u0c46 \u0c2e\u0c28\u0c15\u0c46\u0c35\u0c30\u0c41 \u0c28\u0c47\u0c30\u0c4d\u0c2a\u0c30\u0c2e\u0c4d\u0c2e\u0c3e\n\n\u0c08 \u0c2e\u0c3e\u0c2f \u0c1a\u0c47\u0c38\u0c3f\u0c02\u0c26\u0c3f \u0c2a\u0c4d\u0c30\u0c47\u0c2e\u0c47\n\u0c2a\u0c4d\u0c30\u0c3f\u0c2f\u0c3e \u0c2a\u0c4d\u0c30\u0c47\u0c2e\u0c02\u0c1f\u0c47 \u0c12\u0c15\u0c1f\u0c48\u0c28 \u0c2e\u0c28\u0c2e\u0c47\n\u0c24\u0c3f\u0c32\u0c4b\u0c24\u0c4d\u0c24\u0c2e\u0c3e \u0c36\u0c41\u0c2d \u0c35\u0c38\u0c02\u0c24\u0c2e\u0c3e\n\n\u0c15\u0c32\u0c32\u0c47 \u0c28\u0c3e \u0c0e\u0c26\u0c41\u0c1f \u0c28\u0c3f\u0c32\u0c3f\u0c1a\u0c47 \u0c28\u0c3f\u0c1c\u0c2e\u0c48\n\u0c35\u0c32\u0c2a\u0c47 \u0c28\u0c3e \u0c35\u0c4a\u0c21\u0c3f\u0c15\u0c3f \u0c26\u0c4a\u0c30\u0c3f\u0c15\u0c47 \u0c35\u0c30\u0c2e\u0c48\n\n\u0c0f \u0c30\u0c3e\u0c39\u0c41\u0c35\u0c48\u0c28 \u0c06\u0c37\u0c3e\u0c22\u0c2e\u0c48\u0c28\n\u0c08 \u0c2c\u0c3e\u0c39\u0c41 \u0c2c\u0c02\u0c27\u0c3e\u0c28\u0c4d\u0c28\u0c3f \u0c35\u0c3f\u0c21\u0c26\u0c40\u0c2f\u0c41\u0c28\u0c3e\n\n\u0c28\u0c40 \u0c2e\u0c3e\u0c1f\u0c32\u0c47 \u0c35\u0c47\u0c26\u0c2e\u0c02\u0c24\u0c4d\u0c30\u0c02\n\u0c1a\u0c46\u0c32\u0c3f \u0c28\u0c41\u0c35\u0c4d\u0c35\u0c28\u0c4d\u0c28\u0c26\u0c47 \u0c28\u0c3e \u0c2a\u0c4d\u0c30\u0c2a\u0c02\u0c1a\u0c02\n\n\u0c24\u0c3f\u0c32\u0c4b\u0c24\u0c4d\u0c24\u0c2e\u0c3e \u0c2a\u0c4d\u0c30\u0c3f\u0c2f \u0c35\u0c2f\u0c4d\u0c2f\u0c3e\u0c30\u0c2e\u0c3e\n\u0c2a\u0c4d\u0c30\u0c2d\u0c3e\u0c24\u0c2e\u0c3e \u0c36\u0c41\u0c2d \u0c35\u0c38\u0c02\u0c24\u0c2e\u0c3e\n\n\u0c28\u0c47 \u0c2e\u0c4b\u0c2f\u0c32\u0c47\u0c28\u0c02\u0c1f\u0c42\n\u0c39\u0c43\u0c26\u0c2f\u0c3e\u0c28\u0c4d\u0c28\u0c3f \u0c05\u0c02\u0c26\u0c3f\u0c02\u0c1a\u0c3e\n\u0c28\u0c47\u0c28\u0c41\u0c28\u0c4d\u0c28\u0c3e \u0c32\u0c46\u0c2e\u0c4d\u0c2e\u0c02\u0c1f\u0c42\n\u0c05\u0c26\u0c3f \u0c28\u0c3e\u0c32\u0c4b \u0c26\u0c3e\u0c1a\u0c47\u0c38\u0c3e\n\n\u0c0f \u0c26\u0c3e\u0c30\u0c3f\u0c32\u0c4b \u0c38\u0c3e\u0c17\u0c41\u0c24\u0c41\u0c28\u0c4d\u0c28 \u0c0e\u0c26\n\u0c28\u0c40\u0c35\u0c48\u0c2a\u0c41\u0c15\u0c47 \u0c32\u0c3e\u0c17\u0c41\u0c24\u0c4b\u0c02\u0c26\u0c3f\n\n\u0c0f \u0c35\u0c47\u0c33\u0c32\u0c4b \u0c0e\u0c2a\u0c4d\u0c2a\u0c41\u0c21\u0c48\u0c28\u0c3e \u0c2e\u0c26\u0c3f\n\u0c28\u0c40 \u0c0a\u0c39\u0c32\u0c4b \u0c0a\u0c17\u0c41", "style": ["funk"], "essentia_features": {"lowlevel.average_loudness": 0.09165671467781067, "lowlevel.barkbands_crest.mean": 14.729763984680176, "lowlevel.barkbands_crest.stdev": 5.833249092102051, "lowlevel.barkbands_flatness_db.mean": 0.2101915329694748, "lowlevel.barkbands_flatness_db.stdev": 0.08090004324913025, "lowlevel.barkbands_kurtosis.mean": 22.80207061767578, "lowlevel.barkbands_kurtosis.stdev": 79.6686019897461, "lowlevel.barkbands_skewness.mean": 1.7274892330169678, "lowlevel.barkbands_skewness.stdev": 3.966240167617798, "lowlevel.barkbands_spread.mean": 24.65279769897461, "lowlevel.barkbands_spread.stdev": 23.178913116455078, "lowlevel.dissonance.mean": 0.42806968092918396, "lowlevel.dissonance.stdev": 0.060610417276620865, "lowlevel.dynamic_complexity": 10.441805839538574, "lowlevel.erbbands_crest.mean": 13.869328498840332, "lowlevel.erbbands_crest.stdev": 6.493912696838379, "lowlevel.erbbands_flatness_db.mean": 0.21100236475467682, "lowlevel.erbbands_flatness_db.stdev": 0.0797807052731514, "lowlevel.erbbands_kurtosis.mean": 7.317048072814941, "lowlevel.erbbands_kurtosis.stdev": 19.20411491394043, "lowlevel.erbbands_skewness.mean": 1.4186396598815918, "lowlevel.erbbands_skewness.stdev": 1.8711796998977661, "lowlevel.erbbands_spread.mean": 34.126922607421875, "lowlevel.erbbands_spread.stdev": 25.3280086517334, "lowlevel.hfc.mean": 11.709771156311035, "lowlevel.hfc.stdev": 20.855649948120117, "lowlevel.loudness_ebu128.integrated": -19.548690795898438, "lowlevel.loudness_ebu128.loudness_range": 14.934467315673828, "lowlevel.loudness_ebu128.momentary.mean": -27.40477752685547, "lowlevel.loudness_ebu128.momentary.stdev": 10.022844314575195, "lowlevel.loudness_ebu128.short_term.mean": -24.513652801513672, "lowlevel.loudness_ebu128.short_term.stdev": 5.53233003616333, "lowlevel.melbands_crest.mean": 17.142908096313477, "lowlevel.melbands_crest.stdev": 6.805824279785156, "lowlevel.melbands_flatness_db.mean": 0.24447783827781677, "lowlevel.melbands_flatness_db.stdev": 0.11252240836620331, "lowlevel.melbands_kurtosis.mean": 26.915834426879883, "lowlevel.melbands_kurtosis.stdev": 55.633235931396484, "lowlevel.melbands_skewness.mean": 2.8637378215789795, "lowlevel.melbands_skewness.stdev": 2.723816394805908, "lowlevel.melbands_spread.mean": 30.64275550842285, "lowlevel.melbands_spread.stdev": 52.38423156738281, "lowlevel.pitch_salience.mean": 0.4858175218105316, "lowlevel.pitch_salience.stdev": 0.1682359278202057, "lowlevel.silence_rate_20dB.mean": 1.0, "lowlevel.silence_rate_20dB.stdev": 0.0, "lowlevel.silence_rate_30dB.mean": 0.9988412261009216, "lowlevel.silence_rate_30dB.stdev": 0.03402059152722359, "lowlevel.silence_rate_60dB.mean": 0.5602549314498901, "lowlevel.silence_rate_60dB.stdev": 0.49635443091392517, "lowlevel.spectral_centroid.mean": 1392.504150390625, "lowlevel.spectral_centroid.stdev": 1271.0704345703125, "lowlevel.spectral_complexity.mean": 4.617612838745117, "lowlevel.spectral_complexity.stdev": 4.951181888580322, "lowlevel.spectral_decrease.mean": -2.412041677501975e-09, "lowlevel.spectral_decrease.stdev": 4.613962101274183e-09, "lowlevel.spectral_energy.mean": 0.010165712796151638, "lowlevel.spectral_energy.stdev": 0.018810512498021126, "lowlevel.spectral_energyband_high.mean": 0.0004910461721010506, "lowlevel.spectral_energyband_high.stdev": 0.0012263369280844927, "lowlevel.spectral_energyband_low.mean": 6.129602843429893e-05, "lowlevel.spectral_energyband_low.stdev": 0.0005614875117316842, "lowlevel.spectral_energyband_middle_high.mean": 0.0021794061176478863, "lowlevel.spectral_energyband_middle_high.stdev": 0.005727788433432579, "lowlevel.spectral_energyband_middle_low.mean": 0.00751699972897768, "lowlevel.spectral_energyband_middle_low.stdev": 0.015598291531205177, "lowlevel.spectral_entropy.mean": 7.214913368225098, "lowlevel.spectral_entropy.stdev": 0.9327777624130249, "lowlevel.spectral_flux.mean": 0.0351535901427269, "lowlevel.spectral_flux.stdev": 0.04177592322230339, "lowlevel.spectral_kurtosis.mean": 7.270364284515381, "lowlevel.spectral_kurtosis.stdev": 6.650659561157227, "lowlevel.spectral_rms.mean": 0.0021791846957057714, "lowlevel.spectral_rms.stdev": 0.0022735241800546646, "lowlevel.spectral_rolloff.mean": 5119.46142578125, "lowlevel.spectral_rolloff.stdev": 6254.92041015625, "lowlevel.spectral_skewness.mean": 2.1165149211883545, "lowlevel.spectral_skewness.stdev": 0.8287950158119202, "lowlevel.spectral_spread.mean": 7155849.5, "lowlevel.spectral_spread.stdev": 3680885.5, "lowlevel.spectral_strongpeak.mean": 1.1335792541503906, "lowlevel.spectral_strongpeak.stdev": 1.3141776323318481, "lowlevel.zerocrossingrate.mean": 0.18825703859329224, "lowlevel.zerocrossingrate.stdev": 0.2039080113172531, "metadata.audio_properties.analysis.equal_loudness": 0.0, "metadata.audio_properties.analysis.length": 40.04265213012695, "metadata.audio_properties.analysis.sample_rate": 44100.0, "metadata.audio_properties.analysis.start_time": 0.0, "metadata.audio_properties.bit_rate": 122127.0, "metadata.audio_properties.length": 40.042667388916016, "metadata.audio_properties.lossless": 0.0, "metadata.audio_properties.number_channels": 1.0, "metadata.audio_properties.replay_gain": -10.184957504272461, "metadata.audio_properties.sample_rate": 48000.0, "rhythm.beats_count": 92.0, "rhythm.beats_loudness.mean": 0.012571696192026138, "rhythm.beats_loudness.stdev": 0.020614048466086388, "rhythm.bpm": 117.5497817993164, "rhythm.bpm_histogram_first_peak_bpm": 117.0, "rhythm.bpm_histogram_first_peak_weight": 0.16129028797149658, "rhythm.bpm_histogram_second_peak_bpm": 152.0, "rhythm.bpm_histogram_second_peak_spread": 0.1499999761581421, "rhythm.bpm_histogram_second_peak_weight": 0.18681319057941437, "rhythm.danceability": 0.907372772693634, "rhythm.onset_rate": 2.7712297439575195, "tonal.chords_changes_rate": 0.07060185074806213, "tonal.chords_number_rate": 0.012731481343507767, "tonal.chords_strength.mean": 0.5111745595932007, "tonal.chords_strength.stdev": 0.08834070712327957, "tonal.hpcp_crest.mean": 18.047773361206055, "tonal.hpcp_crest.stdev": 9.878045082092285, "tonal.hpcp_entropy.mean": 1.6136919260025024, "tonal.hpcp_entropy.stdev": 1.0823572874069214, "tonal.key_edma.strength": 0.7368007898330688, "tonal.key_krumhansl.strength": 0.7199690341949463, "tonal.key_temperley.strength": 0.690046489238739, "tonal.tuning_diatonic_strength": 0.47115465998649597, "tonal.tuning_equal_tempered_deviation": 0.12020393460988998, "tonal.tuning_frequency": 440.76312255859375, "tonal.tuning_nontempered_energy_ratio": 0.7330881357192993, "lowlevel.barkbands.mean": [1.7153279259218834e-06, 1.301616066484712e-05, 2.0513132767518982e-05, 9.617798787076026e-05, 0.003021189710125327, 0.0011015404015779495, 0.0006511185201816261, 0.0013377483701333404, 0.001222562394104898, 0.0005493845092132688, 0.0003684069379232824, 0.00021348596783354878, 0.00030683414661325514, 0.00019569433061406016, 9.17939905775711e-05, 5.678797606378794e-05, 5.108236655360088e-05, 0.00026760229957289994, 9.645418322179466e-05, 2.5131717848125845e-05, 3.331415427965112e-05, 4.833396815229207e-05, 3.5528166336007416e-05, 1.8059714420815e-05, 7.20496173016727e-05, 0.00025267351884394884, 1.750928640831262e-05], "lowlevel.barkbands.stdev": [7.190800715761725e-06, 6.975382711971179e-05, 0.00023067624715622514, 0.0007305741892196238, 0.010097304359078407, 0.0054183960892260075, 0.0019314276287332177, 0.004494331311434507, 0.004639960825443268, 0.0028299507685005665, 0.0022419490851461887, 0.0006098143057897687, 0.0012176266172900796, 0.0011156259570270777, 0.00044758827425539494, 0.00029340884066186845, 0.00035100587410852313, 0.0014532649656757712, 0.00040563655784353614, 0.00011705969518516213, 0.00014359067426994443, 0.0002642543404363096, 0.00014150871720630676, 0.00010019784531323239, 0.000267326453467831, 0.0005753492587246001, 3.974292121711187e-05], "lowlevel.erbbands.mean": [0.0002941930142696947, 0.0035618285182863474, 0.021892104297876358, 0.255574107170105, 4.685029029846191, 9.590163230895996, 12.808277130126953, 9.000672340393066, 10.307209014892578, 13.817418098449707, 34.71451187133789, 26.850444793701172, 13.462703704833984, 14.67680549621582, 14.738547325134277, 8.976746559143066, 14.67409896850586, 11.147334098815918, 7.16058874130249, 3.680825710296631, 2.9869649410247803, 4.076974868774414, 12.063736915588379, 10.326574325561523, 2.674886703491211, 1.2910901308059692, 1.4681447744369507, 1.127545952796936, 1.5066453218460083, 1.964982271194458, 0.782819390296936, 0.33495032787323, 0.3514142334461212, 0.4141260087490082, 0.7415412068367004, 1.0360902547836304, 0.44751495122909546, 0.08780226111412048, 0.002114573260769248, 6.690324516966939e-05], "lowlevel.erbbands.stdev": [0.001573623507283628, 0.019056815654039383, 0.18635278940200806, 1.5585975646972656, 23.485815048217773, 32.362083435058594, 48.71601486206055, 57.161888122558594, 27.859764099121094, 47.99310302734375, 98.97592163085938, 104.75181579589844, 70.30709838867188, 69.5395278930664, 76.60160827636719, 24.845073699951172, 56.5411262512207, 62.312591552734375, 30.15799331665039, 17.647830963134766, 17.615449905395508, 28.690231323242188, 73.3660888671875, 45.983306884765625, 10.133343696594238, 6.056217670440674, 4.490590572357178, 6.718886852264404, 9.333161354064941, 8.516768455505371, 3.1597843170166016, 1.6273539066314697, 1.8979383707046509, 2.148266315460205, 2.6396708488464355, 2.469853401184082, 1.053314208984375, 0.18549631536006927, 0.004308678209781647, 0.00012227933621034026], "lowlevel.gfcc.mean": [-197.6143035888672, 10.128772735595703, -106.57949829101562, -38.553199768066406, -68.23310089111328, -22.949413299560547, -41.95170974731445, -3.3488681316375732, -34.20784378051758, 16.12175941467285, -22.0031795501709, 10.750468254089355, -21.56769561767578], "lowlevel.melbands.mean": [3.1666756967752008e-06, 9.264121217711363e-06, 0.0001471950818086043, 0.0005747620016336441, 0.00045929820043966174, 0.0002003771223826334, 0.0001457794278394431, 0.00019416303257457912, 0.0003065908676944673, 0.00014354292943608016, 6.67656640871428e-05, 6.382178980857134e-05, 5.4874552006367594e-05, 2.1068850401206873e-05, 3.5967957956017926e-05, 2.6365418307250366e-05, 2.0044604752911255e-05, 1.2429575690475758e-05, 4.8706374400353525e-06, 4.570009423332522e-06, 2.936990540547413e-06, 3.5934565403294982e-06, 7.498723334720125e-06, 1.3065026905678678e-05, 8.155780960805714e-06, 2.717075858527096e-06, 9.349647598355659e-07, 7.906122050371778e-07, 8.976412004813028e-07, 8.628376804153959e-07, 5.800422968604835e-07, 7.636130590071843e-07, 1.1209033345949138e-06, 1.0757510153780458e-06, 4.931428634336044e-07, 2.331199482341617e-07, 1.872817563253193e-07, 2.3658193981646036e-07, 2.803373320148239e-07, 3.4404808957333444e-07], "lowlevel.melbands.stdev": [1.666769094299525e-05, 8.146360778482631e-05, 0.0007268018671311438, 0.002289716387167573, 0.0016668624011799693, 0.0011387444101274014, 0.00040126938256435096, 0.0006894827820360661, 0.0008743642829358578, 0.00057679892051965, 0.00037182768573984504, 0.0003135138831567019, 0.0003299370582681149, 7.003106293268502e-05, 0.00012719286314677447, 0.00010305429896106943, 0.0001223886210937053, 5.398565190262161e-05, 2.103205224557314e-05, 2.3204063836601563e-05, 1.936064290930517e-05, 2.884763125621248e-05, 5.256036820355803e-05, 7.779086445225403e-05, 3.631115032476373e-05, 1.1544156222953461e-05, 4.47407956016832e-06, 3.984207069152035e-06, 2.6278537461621454e-06, 3.5694611142389476e-06, 4.1504208638798445e-06, 4.952052222506609e-06, 5.919579962210264e-06, 4.513065505307168e-06, 2.055440745607484e-06, 9.050685889633314e-07, 1.1522120075824205e-06, 1.4748684407095425e-06, 1.4340408824864426e-06, 1.9640228856587783e-06], "lowlevel.melbands128.mean": [7.931938625915791e-07, 1.809713239708799e-06, 4.0921477193478495e-06, 5.883162884856574e-06, 7.301197911147028e-06, 1.1302709026494995e-05, 2.3240359951159917e-05, 6.029548239894211e-05, 0.0004840806359425187, 0.000785385665949434, 0.0004332948592491448, 0.0005944734439253807, 0.00048461853293702006, 0.0002636908320710063, 0.00021466187899932265, 0.0001411307166563347, 0.00016699833213351667, 0.00017609690257813781, 7.640092371730134e-05, 9.423589654034004e-05, 0.0003100589965470135, 0.00035315193235874176, 0.00023885532573331147, 0.0003790978225879371, 0.00020623438467737287, 3.441467561060563e-05, 2.7120051527163014e-05, 6.058873259462416e-05, 0.00011970537161687389, 7.859500328777358e-05, 3.203454616595991e-05, 5.054673601989634e-05, 7.977808854775503e-05, 3.740820466191508e-05, 2.575929647719022e-05, 1.297407470701728e-05, 1.5156244444369804e-05, 4.3838888814207166e-05, 4.590485696098767e-05, 3.0489180062431842e-05, 1.825632898544427e-05, 2.513057552278042e-05, 2.3044078261591494e-05, 1.489172427682206e-05, 1.5976445865817368e-05, 1.2301463357289322e-05, 9.807941751205362e-06, 2.0964068880857667e-06, 3.8642051549686585e-06, 6.78965034239809e-06, 3.900005594914546e-06, 2.984223783641937e-06, 5.166182745597325e-06, 1.5428618098667357e-06, 1.4250377944335924e-06, 5.917544513067696e-06, 2.8427962206478696e-06, 2.6259135665895883e-06, 1.3221191693446599e-05, 1.0024200491898227e-05, 1.2496482668211684e-05, 1.6631163816782646e-05, 9.3318039944279e-06, 5.6083085837599356e-06, 6.255233984120423e-06, 1.7337324607069604e-06, 1.6828847719807527e-06, 9.26509187593183e-07, 7.238455737024196e-07, 9.364032962366764e-07, 8.290293180834851e-07, 6.529168103952543e-07, 8.474242463307746e-07, 9.629329724702984e-07, 9.035943548951764e-07, 1.037954802995955e-06, 7.952665441735007e-07, 4.819293621949328e-07, 5.936204843237647e-07, 5.903394821871188e-07, 7.371811534540029e-07, 7.961008350321208e-07, 9.175652735393669e-07, 1.1421122962929076e-06, 1.346341605312773e-06, 1.136041532845411e-06, 1.1194499620614806e-06, 7.12449946149718e-07, 4.2434251668055367e-07, 3.5668304576574883e-07, 2.56244419460927e-07, 1.925147756765e-07, 1.9491022840156802e-07, 1.6051406248607236e-07, 1.9905881742943166e-07, 2.523370028484351e-07, 2.402696850367647e-07, 2.171165078834747e-07, 2.795583498027554e-07, 2.899045625781582e-07, 3.697892907439382e-07, 3.365742315963871e-07, 3.4463121778571804e-07, 4.220470657401165e-07, 9.239553833140235e-07, 1.1139976550111896e-06, 1.110589550989971e-06, 9.182984399558336e-07, 2.046589088422479e-06, 2.66344227384252e-06, 2.4109701826091623e-06, 1.4391611102837487e-06, 1.2050990108036785e-06, 1.2008356407022802e-06, 1.1336577472320641e-06, 1.0549605349297053e-06, 6.378071475410252e-07, 1.8716475835844903e-07, 1.1680124423207872e-08, 2.7042879654354257e-12, 1.6402840457424572e-12, 1.5491885118484872e-12, 1.488709221002249e-12, 1.4347479367765592e-12, 1.3573023998139644e-12, 1.2503350134765445e-12, 1.1910354430141878e-12, 1.1746182368779778e-12], "lowlevel.melbands128.stdev": [4.325554527895292e-06, 1.0972286872856785e-05, 2.446232974762097e-05, 3.410028148209676e-05, 5.4159849241841584e-05, 0.00013783248141407967, 0.0002761094074230641, 0.00041657817200757563, 0.0026131675112992525, 0.00392530020326376, 0.0017463567201048136, 0.0025907328817993402, 0.0020994555670768023, 0.0013668794417753816, 0.0018288656137883663, 0.0012257510097697377, 0.0005531372153200209, 0.0005542752332985401, 0.0003589863481465727, 0.0005955200176686049, 0.001230282592587173, 0.0014660164015367627, 0.0009651828440837562, 0.0015654201852157712, 0.0010802714386954904, 0.0003101348702330142, 0.0002840955858118832, 0.00048599790898151696, 0.000708108302205801, 0.0005808735149912536, 0.0002344782988075167, 0.0003683643590193242, 0.0006049718940630555, 0.00023620571300853044, 0.00010580068192211911, 6.79962249705568e-05, 6.947412475710735e-05, 0.00018058180285152048, 0.00024525978369638324, 0.00017953514179680496, 9.649191633798182e-05, 0.00016348391363862902, 0.00022619006631430238, 0.00011710675607901067, 0.0001018438269966282, 7.57428933866322e-05, 7.327642379095778e-05, 1.3242643944977317e-05, 2.3285841962206177e-05, 4.772393003804609e-05, 2.679534736671485e-05, 1.6404559573857114e-05, 4.370235183159821e-05, 1.2683508430200163e-05, 8.337214239872992e-06, 5.885243808734231e-05, 2.3918792066979222e-05, 2.1601554180961102e-05, 0.00010782472236314788, 9.097471775021404e-05, 0.00012250947474967688, 0.00010196967923548073, 5.732186036766507e-05, 2.7763628168031573e-05, 3.8220656279008836e-05, 8.149305358529091e-06, 8.29400414659176e-06, 4.678152890846832e-06, 4.573658316076035e-06, 4.895732217846671e-06, 5.3906155699223746e-06, 3.310005695311702e-06, 2.835411351043149e-06, 3.089204483330832e-06, 2.7731377940654056e-06, 3.980108431278495e-06, 4.970922873326344e-06, 3.3423161767132115e-06, 5.0108437790186144e-06, 4.647552486858331e-06, 4.3136178646818735e-06, 5.7828528952086344e-06, 7.047708550089737e-06, 6.01317788095912e-06, 6.175095222715754e-06, 4.9009695430868305e-06, 4.747060302179307e-06, 3.599156343625509e-06, 1.8057189663522877e-06, 1.9363415049156174e-06, 8.825255122246745e-07, 8.486513252137229e-07, 1.0570358881523134e-06, 1.0895332707150374e-06, 1.9908709418814396e-06, 1.8108703443431295e-06, 1.7827838973971666e-06, 1.4628553799411748e-06, 1.5204026340143173e-06, 1.505522163824935e-06, 2.2079755126469536e-06, 2.1419341464934405e-06, 2.2795893528382294e-06, 1.984495611395687e-06, 4.605323283612961e-06, 3.7301940665201982e-06, 3.2239856864180183e-06, 2.6542472824075958e-06, 5.401098405855009e-06, 6.878654858155642e-06, 6.527627192554064e-06, 3.6838137020822614e-06, 3.831646154139889e-06, 2.9244729375932366e-06, 2.70596387963451e-06, 2.511823367967736e-06, 1.4507452306133928e-06, 5.584697078120371e-07, 7.059571771605988e-08, 8.180036509264355e-12, 4.405398788820403e-12, 4.229757169516013e-12, 4.099005423280344e-12, 3.995510085980092e-12, 3.916942291348757e-12, 3.854415918380649e-12, 3.810313176089153e-12, 3.7835637400895905e-12], "lowlevel.mfcc.mean": [-869.5791625976562, 96.6623764038086, -17.72088623046875, -5.326662063598633, -26.946096420288086, -13.461187362670898, -16.17820167541504, -16.958921432495117, -17.259658813476562, -5.3415961265563965, -1.769199013710022, -3.5975325107574463, -2.7804808616638184], "lowlevel.spectral_contrast_coeffs.mean": [-0.635633647441864, -0.7159165740013123, -0.7728633880615234, -0.8061093688011169, -0.8162006735801697, -0.7423518896102905], "lowlevel.spectral_contrast_coeffs.stdev": [0.16153490543365479, 0.12833186984062195, 0.10210533440113068, 0.07781307399272919, 0.06995091587305069, 0.10870503634214401], "lowlevel.spectral_contrast_valleys.mean": [-10.619097709655762, -8.79166316986084, -9.549275398254395, -9.697629928588867, -9.642681121826172, -12.757489204406738], "lowlevel.spectral_contrast_valleys.stdev": [1.7171549797058105, 2.0125396251678467, 1.6957389116287231, 1.4462144374847412, 1.4978479146957397, 1.4143397808074951], "rhythm.beats_loudness_band_ratio.mean": [0.05214924365282059, 0.2811877429485321, 0.37302571535110474, 0.12183193862438202, 0.040479205548763275, 0.17341448366641998], "rhythm.beats_loudness_band_ratio.stdev": [0.10703948885202408, 0.31321680545806885, 0.3176816403865814, 0.18092475831508636, 0.05839913710951805, 0.30951622128486633], "tonal.hpcp.mean": [0.2131827473640442, 0.12148704379796982, 0.06891581416130066, 0.0798499658703804, 0.0847063884139061, 0.10586997866630554, 0.14614184200763702, 0.12478231638669968, 0.10197097808122635, 0.11948270350694656, 0.11346592009067535, 0.16961677372455597, 0.2191089540719986, 0.13746888935565948, 0.08523448556661606, 0.08841638267040253, 0.08122153580188751, 0.12758594751358032, 0.1679607629776001, 0.13105176389217377, 0.1783495843410492, 0.2530200183391571, 0.16667388379573822, 0.10831260681152344, 0.11384602636098862, 0.09028955549001694, 0.08467245101928711, 0.09220892935991287, 0.08862562477588654, 0.0914919525384903, 0.11650191992521286, 0.12002407759428024, 0.1588333696126938, 0.18853633105754852, 0.15589138865470886, 0.19580818712711334], "tonal.hpcp.stdev": [0.32946574687957764, 0.18427115678787231, 0.1597311645746231, 0.1863391399383545, 0.19081328809261322, 0.19546346366405487, 0.2590051293373108, 0.23157624900341034, 0.21066078543663025, 0.24327342212200165, 0.2283066362142563, 0.2517854571342468, 0.3330088257789612, 0.2174612581729889, 0.18436607718467712, 0.19400522112846375, 0.17370563745498657, 0.2082560658454895, 0.2934170961380005, 0.21863669157028198, 0.257188618183136, 0.353188693523407, 0.23874501883983612, 0.23584605753421783, 0.24916481971740723, 0.1929635852575302, 0.17961110174655914, 0.1888163536787033, 0.19396288692951202, 0.1830681711435318, 0.22911648452281952, 0.22956618666648865, 0.2648201286792755, 0.3014760911464691, 0.25930795073509216, 0.2799726724624634], "rhythm.beats_position": [0.39473921060562134, 0.7894784212112427, 1.195827603340149, 1.6021767854690552, 1.9969160556793213, 2.4148752689361572, 2.832834482192993, 3.2275736331939697, 3.6223127841949463, 4.017052173614502, 4.4117913246154785, 4.794920444488525, 5.178049564361572, 5.549569129943848, 5.944308280944824, 6.339047431945801, 6.722176551818848, 7.105306148529053, 7.4884352684021, 7.883174419403076, 8.277914047241211, 8.661043167114258, 9.055782318115234, 9.450521469116211, 9.845260620117188, 10.239999771118164, 10.63473892211914, 11.029478073120117, 11.435827255249023, 11.888616561889648, 12.329795837402344, 12.770975112915039, 13.212154388427734, 13.560453414916992, 13.90875244140625, 14.245442390441895, 14.593741416931152, 14.94204044342041, 15.290339469909668, 15.638639450073242, 15.9869384765625, 16.323627471923828, 16.648706436157227, 16.997007369995117, 17.345306396484375, 17.693605422973633, 18.05351448059082, 18.425033569335938, 18.796552658081055, 19.156461715698242, 19.53959083557129, 19.911109924316406, 20.305849075317383, 20.677370071411133, 21.1069393157959, 21.54811668395996, 21.977685928344727, 22.407255172729492, 22.836824417114258, 23.266393661499023, 23.69596290588379, 24.206802368164062, 24.717641830444336, 25.240089416503906, 25.75092887878418, 26.261768341064453, 26.772607803344727, 27.283445358276367, 27.79428482055664, 28.305124282836914, 28.815963745117188, 29.326801300048828, 29.8376407623291, 30.348480224609375, 30.85931968688965, 31.358549118041992, 31.869386672973633, 32.380226135253906, 32.89106369018555, 33.41351318359375, 33.924354553222656, 34.4351921081543, 34.94602966308594, 35.456871032714844, 35.967708587646484, 36.47854995727539, 36.97777557373047, 37.47700500488281, 37.98784637451172, 38.49868392944336, 39.009521484375, 39.520362854003906], "rhythm.bpm_histogram": [0.0, 0.0, 0.0, 0.0, 0.0, 0.0, 0.0, 0.0, 0.0, 0.0, 0.0, 0.0, 0.0, 0.0, 0.0, 0.0, 0.0, 0.0, 0.0, 0.0, 0.0, 0.0, 0.0, 0.0, 0.0, 0.0, 0.0, 0.0, 0.0, 0.0, 0.0, 0.0, 0.0, 0.0, 0.0, 0.0, 0.0, 0.0, 0.0, 0.0, 0.0, 0.0, 0.0, 0.0, 0.0, 0.0, 0.0, 0.0, 0.0, 0.0, 0.0, 0.0, 0.0, 0.0, 0.0, 0.0, 0.0, 0.0, 0.0, 0.0, 0.0, 0.0, 0.0, 0.0, 0.0, 0.0, 0.0, 0.0, 0.0, 0.0, 0.0, 0.0, 0.0, 0.0, 0.0, 0.0, 0.0, 0.0, 0.0, 0.0, 0.0, 0.0, 0.0, 0.0, 0.0, 0.0, 0.0, 0.0, 0.0, 0.0, 0.0, 0.0, 0.0, 0.0, 0.0, 0.0, 0.0, 0.0, 0.0, 0.0, 0.0, 0.0, 0.0, 0.0, 0.0, 0.0, 0.0, 0.0, 0.0, 0.0, 0.0, 0.0, 0.0, 0.0, 0.0, 0.021978022530674934, 0.0, 0.2857142984867096, 0.0, 0.0, 0.032967034727334976, 0.0, 0.0, 0.0, 0.0, 0.0, 0.0, 0.0, 0.0, 0.0, 0.0, 0.0, 0.0, 0.010989011265337467, 0.0, 0.0, 0.04395604506134987, 0.0, 0.0, 0.0, 0.06593406945466995, 0.0, 0.0, 0.0, 0.021978022530674934, 0.0, 0.0, 0.0, 0.032967034727334976, 0.0, 0.0, 0.0, 0.18681319057941437, 0.0, 0.0, 0.0, 0.0, 0.07692307978868484, 0.0, 0.0, 0.0, 0.05494505539536476, 0.0, 0.0, 0.0, 0.0, 0.0, 0.021978022530674934, 0.0, 0.0, 0.0, 0.0, 0.10989011079072952, 0.0, 0.0, 0.0, 0.0, 0.0, 0.021978022530674934, 0.0, 0.0, 0.0, 0.0, 0.0, 0.0, 0.010989011265337467, 0.0, 0.0, 0.0, 0.0, 0.0, 0.0, 0.0, 0.0, 0.0, 0.0, 0.0, 0.0, 0.0, 0.0, 0.0, 0.0, 0.0, 0.0, 0.0, 0.0, 0.0, 0.0, 0.0, 0.0, 0.0, 0.0, 0.0, 0.0, 0.0, 0.0, 0.0, 0.0, 0.0, 0.0, 0.0, 0.0, 0.0, 0.0, 0.0, 0.0, 0.0, 0.0, 0.0, 0.0, 0.0, 0.0, 0.0, 0.0, 0.0, 0.0, 0.0, 0.0, 0.0, 0.0, 0.0, 0.0, 0.0, 0.0, 0.0, 0.0, 0.0, 0.0, 0.0, 0.0], "tonal.chords_histogram": [16.550926208496094, 23.26388931274414, 7.986111164093018, 2.8935184478759766, 0.23148147761821747, 0.46296295523643494, 0.0, 0.3472222089767456, 0.9259259104728699, 0.0, 3.5879628658294678, 4.513888835906982, 1.3888888359069824, 0.0, 0.0, 0.0, 0.0, 11.574073791503906, 2.430555582046509, 18.518518447875977, 0.0, 0.0, 0.0, 5.3240742683410645], "tonal.thpcp": [1.0, 0.6587379574775696, 0.42807918787002563, 0.4499486982822418, 0.35684746503829956, 0.3346472382545471, 0.3644333481788635, 0.35027119517326355, 0.3615996539592743, 0.46044546365737915, 0.4743659496307373, 0.6277502179145813, 0.7451439499855042, 0.6161227226257324, 0.7738841772079468, 0.842552900314331, 0.48014795780181885, 0.2723729610443115, 0.3155875504016876, 0.33478137850761414, 0.4184252917766571, 0.5775900483131409, 0.49317172169685364, 0.40301546454429626, 0.4722262918949127, 0.4484464228153229, 0.6703689694404602, 0.8659747838973999, 0.5433123111724854, 0.336868554353714, 0.3494442105293274, 0.3210083246231079, 0.5042523741722107, 0.6638240218162537, 0.517950177192688, 0.7048832774162292], "lowlevel.gfcc.cov": [[26059.439453125, 3996.096435546875, -2562.842041015625, -1141.6805419921875, -2575.34326171875, -1263.0662841796875, -221.6689910888672, -47.59974670410156, -1308.3294677734375, -212.04246520996094, -1081.1090087890625, 391.91571044921875, -1291.6480712890625], [3996.096435546875, 6269.21240234375, -793.17529296875, -122.0839614868164, -707.083740234375, -1220.5047607421875, -809.67236328125, -418.8405456542969, -349.7529296875, -545.1907958984375, -220.8559112548828, -549.005859375, -66.93008422851562], [-2562.842041015625, -793.17529296875, 1986.7275390625, 395.0559997558594, 228.80088806152344, 198.2815704345703, -164.49307250976562, -74.5213394165039, 31.59804344177246, -201.84716796875, -144.1919708251953, 132.06675720214844, -237.5531005859375], [-1141.6805419921875, -122.0839614868164, 395.0559997558594, 1018.8800659179688, 439.603271484375, 155.77804565429688, -142.7908477783203, 9.49632740020752, -33.005348205566406, -290.6850891113281, -30.23801040649414, -106.13736724853516, 114.01856231689453], [-2575.34326171875, -707.083740234375, 228.80088806152344, 439.603271484375, 669.6123046875, 299.5486755371094, 70.76099395751953, 63.15343475341797, 114.93392944335938, -67.83280181884766, 116.19803619384766, -64.87422180175781, 160.50155639648438], [-1263.0662841796875, -1220.5047607421875, 198.2815704345703, 155.77804565429688, 299.5486755371094, 684.677734375, 209.5533905029297, 113.9757080078125, 60.814361572265625, 24.927337646484375, 59.18120574951172, 13.938417434692383, 10.243941307067871], [-221.6689910888672, -809.67236328125, -164.49307250976562, -142.7908477783203, 70.76099395751953, 209.5533905029297, 518.611328125, 112.02072143554688, 82.99626922607422, 168.2093505859375, 7.254549026489258, 88.55394744873047, -87.72157287597656], [-47.59974670410156, -418.8405456542969, -74.5213394165039, 9.49632740020752, 63.15343475341797, 113.9757080078125, 112.02072143554688, 215.64756774902344, 84.43672180175781, 66.64334106445312, 21.1508846282959, 40.26703643798828, -29.114673614501953], [-1308.3294677734375, -349.7529296875, 31.59804344177246, -33.005348205566406, 114.93392944335938, 60.814361572265625, 82.99626922607422, 84.43672180175781, 236.67233276367188, 115.02366638183594, 84.42935943603516, 6.083059787750244, 47.35829162597656], [-212.04246520996094, -545.1907958984375, -201.84716796875, -290.6850891113281, -67.83280181884766, 24.927337646484375, 168.2093505859375, 66.64334106445312, 115.02366638183594, 293.74285888671875, 98.619384765625, 106.24591827392578, -9.211759567260742], [-1081.1090087890625, -220.8559112548828, -144.1919708251953, -30.23801040649414, 116.19803619384766, 59.18120574951172, 7.254549026489258, 21.1508846282959, 84.42935943603516, 98.619384765625, 245.9560089111328, 14.4609375, 156.6035614013672], [391.91571044921875, -549.005859375, 132.06675720214844, -106.13736724853516, -64.87422180175781, 13.938417434692383, 88.55394744873047, 40.26703643798828, 6.083059787750244, 106.24591827392578, 14.4609375, 236.20547485351562, -60.98802185058594], [-1291.6480712890625, -66.93008422851562, -237.5531005859375, 114.01856231689453, 160.50155639648438, 10.243941307067871, -87.72157287597656, -29.114673614501953, 47.35829162597656, -9.211759567260742, 156.6035614013672, -60.98802185058594, 329.07684326171875]], "lowlevel.gfcc.icov": [[0.000161020114319399, 1.6913007812036085e-06, 0.0003213333257008344, -7.555391493951902e-05, 0.00029615129460580647, 1.2752312841257663e-06, 0.00016601297829765826, -0.00010986413690261543, 0.00040451373206451535, 0.00020256720017641783, 0.00020305189536884427, -0.000409640691941604, 0.0005554579547606409], [1.6913007812036085e-06, 0.0005113197839818895, 0.00023047479044180363, 7.950845611048862e-05, 0.00020349879923742265, 0.00059648317983374, 0.0002699606120586395, 0.0003183115622960031, -0.00015077802527230233, 0.0009044788312166929, -0.00040482403710484505, 0.0007365219644270837, 0.0006079334998503327], [0.0003213333257008344, 0.00023047479044180363, 0.0017319584731012583, -0.00027172284899279475, 0.00030984493787400424, -8.475267532048747e-05, 0.0010244481964036822, 0.0007617468945682049, -0.00023215771943796426, 0.0015055419644340873, 0.000394895818317309, -0.0015771916368976235, 0.002439861884340644], [-7.555391493951902e-05, 7.950845611048862e-05, -0.00027172284899279475, 0.0020727666560560465, -0.001200543250888586, 9.241329098585993e-05, 0.00016122125089168549, -0.0004384766798466444, -2.855909542631707e-06, 0.0015223381342366338, 0.00017800103523768485, 0.00021982374892104417, -0.0006087985238991678], [0.00029615129460580647, 0.00020349879923742265, 0.00030984493787400424, -0.001200543250888586, 0.0040862224996089935, -0.0004712280351668596, -0.00043140616617165506, -0.00032283650944009423, -0.00021270188153721392, 0.0012122783809900284, -0.0008184998878277838, 0.00020104348368477076, 0.00021287791605573148], [1.2752312841257663e-06, 0.00059648317983374, -8.475267532048747e-05, 9.241329098585993e-05, -0.0004712280351668596, 0.0029652491211891174, -0.0005578391719609499, -0.0005587499472312629, 0.0005151267978362739, 0.0008899144013412297, -0.0009072763496078551, 0.0012674902100116014, 0.000589956296607852], [0.00016601297829765826, 0.0002699606120586395, 0.0010244481964036822, 0.00016122125089168549, -0.00043140616617165506, -0.0005578391719609499, 0.0037786285392940044, -2.6054653062601574e-05, -0.00018897904374171048, -0.0005374112515710294, 0.0008410364971496165, -0.0009178596083074808, 0.0020647256169468164], [-0.00010986413690261543, 0.0003183115622960031, 0.0007617468945682049, -0.0004384766798466444, -0.00032283650944009423, -0.0005587499472312629, -2.6054653062601574e-05, 0.0073343301191926, -0.003067480633035302, 0.0005382212693803012, -0.0002959818812087178, -0.0007249960326589644, 0.0016151352319866419], [0.00040451373206451535, -0.00015077802527230233, -0.00023215771943796426, -2.855909542631707e-06, -0.00021270188153721392, 0.0005151267978362739, -0.00018897904374171048, -0.003067480633035302, 0.008981887251138687, -0.003241006750613451, -4.810788232134655e-05, 0.0008282581111416221, -5.0520291551947594e-05], [0.00020256720017641783, 0.0009044788312166929, 0.0015055419644340873, 0.0015223381342366338, 0.0012122783809900284, 0.0008899144013412297, -0.0005374112515710294, 0.0005382212693803012, -0.003241006750613451, 0.01129918359220028, -0.003026119899004698, -0.002130394335836172, 0.002651778981089592], [0.00020305189536884427, -0.00040482403710484505, 0.000394895818317309, 0.00017800103523768485, -0.0008184998878277838, -0.0009072763496078551, 0.0008410364971496165, -0.0002959818812087178, -4.810788232134655e-05, -0.003026119899004698, 0.00868707150220871, -0.001793832634575665, -0.002980799414217472], [-0.000409640691941604, 0.0007365219644270837, -0.0015771916368976235, 0.00021982374892104417, 0.00020104348368477076, 0.0012674902100116014, -0.0009178596083074808, -0.0007249960326589644, 0.0008282581111416221, -0.002130394335836172, -0.001793832634575665, 0.00889519415795803, -0.0007957154884934425], [0.0005554579547606409, 0.0006079334998503327, 0.002439861884340644, -0.0006087985238991678, 0.00021287791605573148, 0.000589956296607852, 0.0020647256169468164, 0.0016151352319866419, -5.0520291551947594e-05, 0.002651778981089592, -0.002980799414217472, -0.0007957154884934425, 0.009238528087735176]], "lowlevel.mfcc.cov": [[26048.953125, 3826.1376953125, -1998.899169921875, 109.16084289550781, -3054.358154296875, -918.479248046875, -1084.93017578125, 190.76622009277344, -1137.220703125, -941.6239624023438, 241.9333038330078, -560.7725830078125, -928.0221557617188], [3826.1376953125, 4482.63134765625, -207.75424194335938, 283.30938720703125, -654.419189453125, -719.9405517578125, -667.0945434570312, -442.1325378417969, -459.5406799316406, -412.72955322265625, -56.01935577392578, -389.09661865234375, -465.0015869140625], [-1998.899169921875, -207.75424194335938, 1422.915771484375, 143.48309326171875, 435.4754638671875, 175.84014892578125, -91.96803283691406, 201.79164123535156, -68.99168395996094, -126.29359436035156, -6.606196880340576, -95.693359375, -90.04666137695312], [109.16084289550781, 283.30938720703125, 143.48309326171875, 704.9766235351562, 141.2450714111328, -34.62210464477539, -88.2142562866211, 80.76358795166016, -14.341482162475586, -121.62748718261719, -64.08904266357422, -105.83804321289062, -50.4352912902832], [-3054.358154296875, -654.419189453125, 435.4754638671875, 141.2450714111328, 1190.870849609375, 62.28364562988281, 281.1158142089844, -34.86378479003906, 208.8763885498047, -63.251407623291016, -78.80122375488281, -94.5552749633789, 0.4442155361175537], [-918.479248046875, -719.9405517578125, 175.84014892578125, -34.62210464477539, 62.28364562988281, 432.6876525878906, 178.23265075683594, 221.0435028076172, 59.129756927490234, 139.63726806640625, 16.932435989379883, 62.32021713256836, 66.13574981689453], [-1084.93017578125, -667.0945434570312, -91.96803283691406, -88.2142562866211, 281.1158142089844, 178.23265075683594, 393.31591796875, 80.2459487915039, 132.2724609375, 86.661865234375, 0.2624489665031433, 39.96177673339844, 95.41450500488281], [190.76622009277344, -442.1325378417969, 201.79164123535156, 80.76358795166016, -34.86378479003906, 221.0435028076172, 80.2459487915039, 387.76312255859375, 36.873531341552734, 65.76258850097656, 111.4056396484375, -1.8109534978866577, 35.62002182006836], [-1137.220703125, -459.5406799316406, -68.99168395996094, -14.341482162475586, 208.8763885498047, 59.129756927490234, 132.2724609375, 36.873531341552734, 246.56349182128906, 97.53140258789062, 6.7794294357299805, 67.41532135009766, 79.76256561279297], [-941.6239624023438, -412.72955322265625, -126.29359436035156, -121.62748718261719, -63.251407623291016, 139.63726806640625, 86.661865234375, 65.76258850097656, 97.53140258789062, 265.1736145019531, 51.04835510253906, 124.00283813476562, 115.6863784790039], [241.9333038330078, -56.01935577392578, -6.606196880340576, -64.08904266357422, -78.80122375488281, 16.932435989379883, 0.2624489665031433, 111.4056396484375, 6.7794294357299805, 51.04835510253906, 292.0234375, 0.08303190767765045, 75.54460144042969], [-560.7725830078125, -389.09661865234375, -95.693359375, -105.83804321289062, -94.5552749633789, 62.32021713256836, 39.96177673339844, -1.8109534978866577, 67.41532135009766, 124.00283813476562, 0.08303190767765045, 230.45211791992188, 117.80882263183594], [-928.0221557617188, -465.0015869140625, -90.04666137695312, -50.4352912902832, 0.4442155361175537, 66.13574981689453, 95.41450500488281, 35.62002182006836, 79.76256561279297, 115.6863784790039, 75.54460144042969, 117.80882263183594, 257.46685791015625]], "lowlevel.mfcc.icov": [[0.0001153501943917945, 2.108496664732229e-05, 0.00020535166549962014, 3.2457992347190157e-05, 0.0001825228100642562, 8.873233309714124e-05, 6.721377576468512e-05, -0.0002862055553123355, 0.000203359653824009, 0.00040026