{"song_id": "1183678797388714036", "download": "https://cdn.discordapp.com/attachments/1135903449314238464/1183678797388714036/chirp.mp4?ex=658935c8&amp", "lyrics": "hey good morning mamasita \nhey hey hey \nAnasteisha guapita oooh \nyou smile you bloom\nyou be the sun \nand shine through eyes \nor through the skyes\nwho knows, it might be you \nthat sunny bunny \nhopping on my hand", "style": ["random"], "essentia_features": {"lowlevel.average_loudness": 0.22799699008464813, "lowlevel.barkbands_crest.mean": 11.382283210754395, "lowlevel.barkbands_crest.stdev": 3.5509018898010254, "lowlevel.barkbands_flatness_db.mean": 0.3366329073905945, "lowlevel.barkbands_flatness_db.stdev": 0.043434929102659225, "lowlevel.barkbands_kurtosis.mean": 5.067567825317383, "lowlevel.barkbands_kurtosis.stdev": 15.635106086730957, "lowlevel.barkbands_skewness.mean": 1.6343555450439453, "lowlevel.barkbands_skewness.stdev": 1.3206156492233276, "lowlevel.barkbands_spread.mean": 7.476856708526611, "lowlevel.barkbands_spread.stdev": 3.398923635482788, "lowlevel.dissonance.mean": 0.3611967861652374, "lowlevel.dissonance.stdev": 0.05769961699843407, "lowlevel.dynamic_complexity": 5.126663684844971, "lowlevel.erbbands_crest.mean": 10.80229377746582, "lowlevel.erbbands_crest.stdev": 3.8451013565063477, "lowlevel.erbbands_flatness_db.mean": 0.33381780982017517, "lowlevel.erbbands_flatness_db.stdev": 0.046801261603832245, "lowlevel.erbbands_kurtosis.mean": 0.15866461396217346, "lowlevel.erbbands_kurtosis.stdev": 2.9605250358581543, "lowlevel.erbbands_skewness.mean": 0.3039463460445404, "lowlevel.erbbands_skewness.stdev": 0.5313547253608704, "lowlevel.erbbands_spread.mean": 20.946186065673828, "lowlevel.erbbands_spread.stdev": 9.083824157714844, "lowlevel.hfc.mean": 9.544816970825195, "lowlevel.hfc.stdev": 7.707686901092529, "lowlevel.loudness_ebu128.integrated": -19.454397201538086, "lowlevel.loudness_ebu128.loudness_range": 12.116466522216797, "lowlevel.loudness_ebu128.momentary.mean": -23.495174407958984, "lowlevel.loudness_ebu128.momentary.stdev": 7.287237167358398, "lowlevel.loudness_ebu128.short_term.mean": -21.759498596191406, "lowlevel.loudness_ebu128.short_term.stdev": 4.3656086921691895, "lowlevel.melbands_crest.mean": 16.15997886657715, "lowlevel.melbands_crest.stdev": 5.3659138679504395, "lowlevel.melbands_flatness_db.mean": 0.44070935249328613, "lowlevel.melbands_flatness_db.stdev": 0.058323413133621216, "lowlevel.melbands_kurtosis.mean": 10.626548767089844, "lowlevel.melbands_kurtosis.stdev": 30.55536651611328, "lowlevel.melbands_skewness.mean": 2.2834219932556152, "lowlevel.melbands_skewness.stdev": 1.556383490562439, "lowlevel.melbands_spread.mean": 9.944148063659668, "lowlevel.melbands_spread.stdev": 5.247090816497803, "lowlevel.pitch_salience.mean": 0.46786239743232727, "lowlevel.pitch_salience.stdev": 0.08914908021688461, "lowlevel.silence_rate_20dB.mean": 1.0, "lowlevel.silence_rate_20dB.stdev": 0.0, "lowlevel.silence_rate_30dB.mean": 0.9159907102584839, "lowlevel.silence_rate_30dB.stdev": 0.2774030268192291, "lowlevel.silence_rate_60dB.mean": 0.17265354096889496, "lowlevel.silence_rate_60dB.stdev": 0.3779504597187042, "lowlevel.spectral_centroid.mean": 524.3700561523438, "lowlevel.spectral_centroid.stdev": 195.75267028808594, "lowlevel.spectral_complexity.mean": 9.218423843383789, "lowlevel.spectral_complexity.stdev": 3.056506633758545, "lowlevel.spectral_decrease.mean": -8.441097598677061e-09, "lowlevel.spectral_decrease.stdev": 9.354946151063359e-09, "lowlevel.spectral_energy.mean": 0.03272433578968048, "lowlevel.spectral_energy.stdev": 0.035975564271211624, "lowlevel.spectral_energyband_high.mean": 2.958211666737043e-07, "lowlevel.spectral_energyband_high.stdev": 3.6488631849351805e-07, "lowlevel.spectral_energyband_low.mean": 0.014242683537304401, "lowlevel.spectral_energyband_low.stdev": 0.023358987644314766, "lowlevel.spectral_energyband_middle_high.mean": 0.002443199511617422, "lowlevel.spectral_energyband_middle_high.stdev": 0.001808990491554141, "lowlevel.spectral_energyband_middle_low.mean": 0.01770261488854885, "lowlevel.spectral_energyband_middle_low.stdev": 0.015481483191251755, "lowlevel.spectral_entropy.mean": 5.605005741119385, "lowlevel.spectral_entropy.stdev": 0.4083177447319031, "lowlevel.spectral_flux.mean": 0.024971691891551018, "lowlevel.spectral_flux.stdev": 0.018521670252084732, "lowlevel.spectral_kurtosis.mean": 67.24452209472656, "lowlevel.spectral_kurtosis.stdev": 30.28559112548828, "lowlevel.spectral_rms.mean": 0.004785393830388784, "lowlevel.spectral_rms.stdev": 0.003004355588927865, "lowlevel.spectral_rolloff.mean": 660.5046997070312, "lowlevel.spectral_rolloff.stdev": 475.98162841796875, "lowlevel.spectral_skewness.mean": 5.6322126388549805, "lowlevel.spectral_skewness.stdev": 1.613764762878418, "lowlevel.spectral_spread.mean": 1347527.875, "lowlevel.spectral_spread.stdev": 1384838.0, "lowlevel.spectral_strongpeak.mean": 0.7887426614761353, "lowlevel.spectral_strongpeak.stdev": 0.4722383916378021, "lowlevel.zerocrossingrate.mean": 0.025155536830425262, "lowlevel.zerocrossingrate.stdev": 0.01041939202696085, "metadata.audio_properties.analysis.equal_loudness": 0.0, "metadata.audio_properties.analysis.length": 40.04265213012695, "metadata.audio_properties.analysis.sample_rate": 44100.0, "metadata.audio_properties.analysis.start_time": 0.0, "metadata.audio_properties.bit_rate": 111674.0, "metadata.audio_properties.length": 40.042667388916016, "metadata.audio_properties.lossless": 0.0, "metadata.audio_properties.number_channels": 1.0, "metadata.audio_properties.replay_gain": -6.873989105224609, "metadata.audio_properties.sample_rate": 48000.0, "rhythm.beats_count": 96.0, "rhythm.beats_loudness.mean": 0.03654768690466881, "rhythm.beats_loudness.stdev": 0.03865894302725792, "rhythm.bpm": 149.06263732910156, "rhythm.bpm_histogram_first_peak_bpm": 148.0, "rhythm.bpm_histogram_first_peak_weight": 0.5609756112098694, "rhythm.bpm_histogram_second_peak_bpm": 178.0, "rhythm.bpm_histogram_second_peak_spread": 0.0, "rhythm.bpm_histogram_second_peak_weight": 0.10526315867900848, "rhythm.danceability": 0.6348930597305298, "rhythm.onset_rate": 0.24966032803058624, "tonal.chords_changes_rate": 0.026620371267199516, "tonal.chords_number_rate": 0.012731481343507767, "tonal.chords_strength.mean": 0.47293731570243835, "tonal.chords_strength.stdev": 0.09466084092855453, "tonal.hpcp_crest.mean": 14.61789321899414, "tonal.hpcp_crest.stdev": 6.437849521636963, "tonal.hpcp_entropy.mean": 1.7786539793014526, "tonal.hpcp_entropy.stdev": 0.5726571083068848, "tonal.key_edma.strength": 0.5898615717887878, "tonal.key_krumhansl.strength": 0.5944681167602539, "tonal.key_temperley.strength": 0.6029617190361023, "tonal.tuning_diatonic_strength": 0.45910388231277466, "tonal.tuning_equal_tempered_deviation": 0.11713138967752457, "tonal.tuning_frequency": 443.0604248046875, "tonal.tuning_nontempered_energy_ratio": 0.7830031514167786, "lowlevel.barkbands.mean": [1.8046168406726792e-05, 0.0031974304001778364, 0.009782599285244942, 0.002229289850220084, 0.009359482675790787, 0.0024463138543069363, 0.0006258823559619486, 0.001678319415077567, 0.00040217803325504065, 0.0012316376669332385, 0.00039544107858091593, 0.0005783811793662608, 0.00012199108459753916, 0.00012877697008661926, 0.0002431928733130917, 0.0002547420735936612, 2.6680969313019887e-05, 1.635939611333015e-06, 1.1127949619549327e-06, 1.068521783054166e-06, 5.178441497832864e-08, 3.9209886892876966e-08, 2.555363742828831e-08, 2.6703473210432094e-08, 3.222638511601872e-08, 2.1732272870167435e-08, 1.7457482126559398e-09], "lowlevel.barkbands.stdev": [5.914962457609363e-05, 0.007162683643400669, 0.016605595126748085, 0.0036465555895119905, 0.010641904547810555, 0.0043641855008900166, 0.0009378354297950864, 0.0019147653365507722, 0.0005936898523941636, 0.0016653824131935835, 0.0005448187584988773, 0.0007112692110240459, 0.00013883587962482125, 0.00017907605797518045, 0.0006084971828386188, 0.00036248378455638885, 5.405122647061944e-05, 3.5251734971097903e-06, 1.3242459999673883e-06, 2.064517957478529e-06, 1.2539301508240897e-07, 5.5638633256194225e-08, 1.4522918867498902e-08, 1.4319363472736768e-08, 1.512710490203517e-08, 6.253166162650814e-08, 3.93488086558591e-09], "lowlevel.erbbands.mean": [0.022268803790211678, 1.139453649520874, 10.793234825134277, 8.748761177062988, 28.511375427246094, 25.80120277404785, 12.2872314453125, 24.835403442382812, 9.167793273925781, 29.982086181640625, 19.44994354248047, 12.107598304748535, 46.37616729736328, 14.806968688964844, 12.885697364807129, 22.502464294433594, 11.048737525939941, 6.072244167327881, 8.241165161132812, 13.898101806640625, 9.833134651184082, 1.8108608722686768, 0.17565807700157166, 0.09458703547716141, 0.06753136217594147, 0.023431841284036636, 0.00366914551705122, 0.002249945653602481, 0.00162094971165061, 0.000980284996330738, 0.0007506671245209873, 0.000605335517320782, 0.00044192178756929934, 0.00037300496478565037, 0.0002560784050729126, 0.00014072065823711455, 4.2761752411024645e-05, 5.2633108680311125e-06, 1.5322222679969855e-05, 3.61631355190184e-05], "lowlevel.erbbands.stdev": [0.060370102524757385, 2.4431889057159424, 19.8090877532959, 9.610715866088867, 35.04792785644531, 28.274097442626953, 17.902666091918945, 45.773963928222656, 14.217547416687012, 33.05630874633789, 24.219974517822266, 16.044435501098633, 65.41129302978516, 19.636791229248047, 16.84368133544922, 27.88458251953125, 11.798003196716309, 8.199617385864258, 13.522293090820312, 19.798959732055664, 15.775243759155273, 3.523338794708252, 0.35521820187568665, 0.10875997692346573, 0.10431277751922607, 0.03802914172410965, 0.006256959401071072, 0.005236413329839706, 0.0024180379696190357, 0.0006717826472595334, 0.00041029605199582875, 0.0003650267899502069, 0.0002056228113360703, 0.00016194285126402974, 0.00014869934238959104, 8.463071571895853e-05, 0.00015783790149725974, 3.718108928296715e-05, 1.6340298316208646e-05, 3.936950452043675e-05], "lowlevel.gfcc.mean": [-167.3458709716797, 213.6821746826172, -121.4278793334961, -44.9784049987793, -23.299997329711914, -1.8128033876419067, -45.03345489501953, -9.09249210357666, -15.991637229919434, -20.947847366333008, -20.719324111938477, -18.609329223632812, -3.926724433898926], "lowlevel.melbands.mean": [0.0004772327374666929, 0.0039658616296947, 0.0020564435981214046, 0.00231834314763546, 0.0004587724688462913, 0.0005088873440399766, 0.0001270893553737551, 0.00036612036637961864, 0.00012493901886045933, 8.069403702393174e-05, 0.00022939901100471616, 5.443840200314298e-05, 3.997324165538885e-05, 3.895160261890851e-05, 7.279105921043083e-05, 9.675371984485537e-06, 1.1583933883230202e-05, 9.460774890612811e-06, 2.5975674361689016e-05, 2.1317046048352495e-05, 7.715224455751013e-06, 1.9386695839784807e-06, 2.0917043741519592e-07, 6.773836958018364e-08, 7.660952405785793e-08, 3.5999590863866615e-08, 6.220970050208052e-08, 4.850436496894872e-09, 2.5493527289199847e-09, 1.37024680491038e-09, 1.0381421278182756e-09, 1.0442017250866797e-09, 5.704765548841806e-10, 4.87624163270084e-10, 4.0741027218516024e-10, 4.2051453985614273e-10, 3.471494480766779e-10, 2.995056425092457e-10, 2.7768823351870253e-10, 3.063249653934008e-10], "lowlevel.melbands.stdev": [0.001084838411770761, 0.00724434107542038, 0.0022061748895794153, 0.002749349921941757, 0.0005895200301893055, 0.0009161208290606737, 0.00020048991427756846, 0.00041634999797679484, 0.00016439601313322783, 0.00010960612416965887, 0.00032316765282303095, 7.640309922862798e-05, 5.049862011219375e-05, 5.292597779771313e-05, 9.889742796076462e-05, 1.8252303561894223e-05, 1.7648282664595172e-05, 1.2857952242484316e-05, 6.585698429262266e-05, 3.1096889870241284e-05, 1.6907701137824915e-05, 4.496565452427603e-06, 5.40754570010904e-07, 1.408706538086335e-07, 9.343588658339286e-08, 5.402750602456763e-08, 1.2641802982216177e-07, 8.324596123543415e-09, 4.852050317083467e-09, 3.0680404883298706e-09, 2.907143636932119e-09, 1.861248599688281e-09, 4.691653732180612e-10, 3.163002637585066e-10, 2.2850911440830401e-10, 2.8151556086264407e-10, 3.028184369924247e-10, 1.646135450172892e-10, 1.3559198208668022e-10, 1.54078499958743e-10], "lowlevel.melbands128.mean": [1.3435465916700196e-05, 8.257273293565959e-05, 0.00014285088400356472, 0.00216817669570446, 0.005917950067669153, 0.00394300976768136, 0.001601736294105649, 0.0010368647053837776, 0.0032894534524530172, 0.0033828814048320055, 0.0010235498193651438, 0.0002965809835586697, 0.0003421143046580255, 0.000509228091686964, 0.0008251088438555598, 0.00028862233739346266, 0.00011923899728571996, 0.0001006695456453599, 0.00013132636377122253, 0.00036280095810070634, 0.0005488537135533988, 0.0001725549518596381, 9.328612213721499e-05, 2.6023048121714965e-05, 5.4069358156993985e-05, 8.904779679141939e-05, 0.00015842799621168524, 0.0003958278975915164, 0.00012795758084394038, 2.053825301118195e-05, 6.619618216063827e-05, 4.01977013098076e-05, 1.8813376300386153e-05, 6.981122714933008e-05, 1.6618907466181554e-05, 2.8493805075413547e-05, 5.6902350479504094e-05, 0.00015206476382445544, 8.796342626737896e-06, 7.623133569722995e-06, 1.4109868061495945e-05, 4.806665856449399e-06, 1.1281543265795335e-05, 1.3569045222538989e-05, 1.500802409282187e-05, 2.543365553719923e-06, 4.0166432881960645e-06, 6.015730832586996e-05, 1.0943717825284693e-05, 5.914429834774637e-07, 4.1414645238546655e-05, 1.969006370927673e-05, 1.0075488717120606e-05, 1.6298614582410664e-06, 1.4535236232404714e-06, 3.2512136840523453e-06, 9.48987747051433e-07, 3.959476657655614e-08, 9.76018199594364e-08, 1.3346807747893763e-07, 2.419552913579537e-08, 3.20513464657779e-08, 1.504946141039909e-07, 4.031414135852174e-08, 7.03148259617592e-08, 1.859322473762859e-08, 1.2775399405029475e-08, 1.0625791446727817e-07, 7.1655470890164e-08, 2.424996647931721e-09, 2.361847606380252e-09, 1.0448442999688723e-08, 2.8098345872251684e-09, 1.2601544252532904e-09, 8.881700930274405e-10, 1.169055741101488e-09, 1.6524638324355578e-09, 1.922666692522057e-09, 6.958238984999809e-10, 4.886985260910137e-10, 1.3008003563186321e-09, 1.1276618527844562e-09, 5.760011356770178e-10, 4.0719025373725515e-10, 8.43129566163725e-10, 3.949930382773914e-10, 4.4885653527337865e-10, 4.4048395486662173e-10, 3.715570628948228e-10, 3.3288571898992814e-10, 6.235697513901073e-10, 3.281000748867058e-10, 3.62647301077601e-10, 2.819923183849937e-10, 4.585007373769656e-10, 2.7180979689234164e-10, 2.7993304896334337e-10, 2.792500675141696e-10, 2.9286612024392866e-10, 2.3026869300224462e-10, 3.4709909946251116e-10, 3.269150228302209e-10, 2.579372271327429e-10, 2.642753793580255e-10, 3.1763064400891494e-10, 2.527721087997037e-10, 2.1193365118410412e-10, 1.9377727200620143e-10, 2.863622949877964e-10, 1.6483017728496918e-10, 2.1279275563834688e-10, 1.7993233292212807e-10, 5.8065389302308645e-11, 5.4547522748693567e-11, 4.5524185116052607e-11, 3.655127589485829e-11, 2.5048716573161656e-11, 1.360750054302251e-11, 6.037543728854011e-12, 4.8717596796976625e-12, 4.7500675268152825e-12, 4.6622579928656815e-12, 4.58212807974423e-12, 4.497512171713902e-12, 4.349436609485391e-12, 4.123840591924166e-12, 4.000089755956671e-12, 3.966088308465787e-12], "lowlevel.melbands128.stdev": [5.380803850130178e-05, 0.00040658502257429063, 0.000504013616591692, 0.004866663832217455, 0.011779907159507275, 0.0060297404415905476, 0.002007321221753955, 0.0017915229545906186, 0.0042541357688605785, 0.004623356740921736, 0.0013633270282298326, 0.0005933174397796392, 0.0006175301969051361, 0.001019726158119738, 0.0016176997451111674, 0.0005523799336515367, 0.000301515799947083, 0.00020291809050831944, 0.00024561519967392087, 0.00044370305840857327, 0.0007303672027774155, 0.000341202161507681, 0.00020382815273478627, 4.2644154746085405e-05, 0.00011148433986818418, 0.00018456684483680874, 0.0002558705164119601, 0.0006534704007208347, 0.00016210664762184024, 3.268056389060803e-05, 0.00016065537056419998, 9.758829401107505e-05, 3.300652315374464e-05, 0.00012373446952551603, 5.387170676840469e-05, 8.753618021728471e-05, 8.634207188151777e-05, 0.0002292629360454157, 1.2934899132233113e-05, 1.6320595022989437e-05, 3.0297595003503375e-05, 3.0116345442365855e-05, 2.13631665246794e-05, 2.474098073435016e-05, 3.317962909932248e-05, 4.698125394497765e-06, 9.073664841707796e-06, 0.000153569140820764, 2.824184593919199e-05, 8.681242888997076e-07, 6.437694537453353e-05, 3.019580071850214e-05, 4.4890359276905656e-05, 3.780777433348703e-06, 3.7530282952502603e-06, 9.576112461218145e-06, 2.955288891826058e-06, 1.1369743191380621e-07, 3.1761462082613434e-07, 4.259258332695026e-07, 1.2233041957188107e-07, 8.732374112696561e-08, 2.2890044704126922e-07, 5.33081703224525e-08, 1.585341067311674e-07, 5.536903557867845e-08, 3.483346588950553e-08, 2.1969944441480038e-07, 1.5261740315963834e-07, 4.1990131371960615e-09, 4.211850423985197e-09, 2.2223614948302384e-08, 6.420573406273888e-09, 3.6829146399242063e-09, 2.775525587139782e-09, 3.0122806471410968e-09, 3.69667563226983e-09, 4.810343678940399e-09, 2.851914260304511e-09, 2.477151150870327e-09, 2.9122715350382578e-09, 1.5025320987405166e-09, 5.600070962508141e-10, 5.347819409529109e-10, 1.0165022157337944e-09, 2.903659257480484e-10, 3.7502834171476707e-10, 3.7314357159701217e-10, 2.750553951269552e-10, 2.443807933794062e-10, 7.361496412450208e-10, 2.191232056913961e-10, 2.5983074025681674e-10, 3.5845854062799276e-10, 6.800441876286811e-10, 2.0460828864532488e-10, 2.1105250880282256e-10, 1.8705439974731064e-10, 1.9681839491525466e-10, 1.646709019142989e-10, 2.3144294813981503e-10, 2.2313419167918624e-10, 1.8222726105854292e-10, 1.8654154609887286e-10, 2.1710697128973777e-10, 4.2624972995675137e-10, 2.19939261247859e-10, 1.9384768790153828e-10, 2.700080992124043e-10, 1.5034246070300128e-10, 1.8780456356726205e-10, 2.5798346792171856e-10, 6.845473632388632e-10, 9.571441417222104e-10, 6.942960095734918e-10, 5.237271172298108e-10, 1.0913004527823844e-10, 6.678937264359419e-11, 1.4279505529402048e-11, 9.240000257981773e-12, 9.020248090130245e-12, 8.833654294160276e-12, 8.653265604063876e-12, 8.505585125107018e-12, 8.387706328105704e-12, 8.286658685630055e-12, 8.215002463007881e-12, 8.17094482352676e-12], "lowlevel.mfcc.mean": [-839.0858764648438, 271.5950622558594, -21.2016544342041, -20.00393295288086, 13.112666130065918, -3.701909303665161, -8.80450439453125, 0.20794157683849335, -0.5389378070831299, -4.703822135925293, -13.313138008117676, -11.075728416442871, -1.0034044981002808], "lowlevel.spectral_contrast_coeffs.mean": [-0.5765783190727234, -0.6448480486869812, -0.6188541054725647, -0.6749878525733948, -0.740511953830719, -0.841109037399292], "lowlevel.spectral_contrast_coeffs.stdev": [0.09432949125766754, 0.061817239969968796, 0.06131299212574959, 0.05350269377231598, 0.05406736209988594, 0.032837387174367905], "lowlevel.spectral_contrast_valleys.mean": [-7.800050735473633, -7.741065502166748, -8.700188636779785, -9.598424911499023, -11.276524543762207, -13.790244102478027], "lowlevel.spectral_contrast_valleys.stdev": [1.6600391864776611, 1.0751045942306519, 0.9225025773048401, 0.8203134536743164, 0.6271050572395325, 0.4401116967201233], "rhythm.beats_loudness_band_ratio.mean": [0.4293602406978607, 0.32895562052726746, 0.22930210828781128, 0.10931228846311569, 0.03267141431570053, 0.0002615551638882607], "rhythm.beats_loudness_band_ratio.stdev": [0.25805920362472534, 0.19239142537117004, 0.21096882224082947, 0.1041509136557579, 0.04018314182758331, 0.000863664667122066], "tonal.hpcp.mean": [0.001968282274901867, 0.0023792728316038847, 0.23354186117649078, 0.33941227197647095, 0.10868586599826813, 0.001162462867796421, 0.00043800711864605546, 0.0015453255036845803, 0.21460361778736115, 0.25050482153892517, 0.04245074465870857, 0.09990955144166946, 0.14008092880249023, 0.04650558903813362, 0.04488840326666832, 0.0506773479282856, 0.015707025304436684, 0.15230818092823029, 0.1754637360572815, 0.03293509781360626, 0.0012357031228020787, 0.00040633699973113835, 0.0012704359833151102, 0.1554895043373108, 0.19258171319961548, 0.039082981646060944, 0.004228449892252684, 0.004808142315596342, 0.028071122244000435, 0.2925387918949127, 0.29457610845565796, 0.048206113278865814, 0.28827881813049316, 0.3596484363079071, 0.09575182944536209, 0.006302138324826956], "tonal.hpcp.stdev": [0.012922768481075764, 0.013832435943186283, 0.295245885848999, 0.4220122992992401, 0.1555984616279602, 0.012425643391907215, 0.002482787938788533, 0.007484250236302614, 0.3171738088130951, 0.3655763566493988, 0.07411926239728928, 0.2287358045578003, 0.3118991553783417, 0.11225283890962601, 0.133356973528862, 0.15503448247909546, 0.049264419823884964, 0.2521684169769287, 0.28697559237480164, 0.07253795862197876, 0.02590027265250683, 0.002240157686173916, 0.006267279852181673, 0.20625804364681244, 0.25397789478302, 0.061958324164152145, 0.034831371158361435, 0.02719234488904476, 0.0631803572177887, 0.37353017926216125, 0.35500800609588623, 0.13700571656227112, 0.31439298391342163, 0.39733266830444336, 0.1583937555551529, 0.052104756236076355], "rhythm.beats_position": [0.5572788715362549, 1.1261677742004395, 1.6834466457366943, 2.240725517272949, 2.809614419937134, 3.3436734676361084, 3.877732276916504, 4.423401355743408, 4.922630310058594, 5.421859264373779, 5.909478187561035, 6.339047431945801, 6.757006645202637, 7.186575889587402, 7.569705009460449, 7.952834129333496, 8.335963249206543, 8.73070240020752, 9.160271644592285, 9.58984088897705, 10.007800102233887, 10.472199440002441, 10.936598777770996, 11.400997161865234, 11.865396499633789, 12.318185806274414, 12.782585144042969, 13.235373497009277, 13.699772834777832, 14.164172172546387, 14.628571510314941, 15.034920692443848, 15.452879905700684, 15.85922908782959, 16.26557731628418, 16.695146560668945, 17.11310577392578, 17.531064987182617, 17.937414169311523, 18.34376335144043, 18.738502502441406, 19.144851684570312, 19.55120086669922, 19.957550048828125, 20.36389923095703, 20.770248413085938, 21.176597595214844, 21.58294677734375, 21.989295959472656, 22.349205017089844, 22.720726013183594, 23.08063507080078, 23.4521541595459, 23.846893310546875, 24.25324249267578, 24.659591674804688, 25.054330825805664, 25.43745994567871, 25.832199096679688, 26.226938247680664, 26.61006736755371, 27.016416549682617, 27.411155700683594, 27.80589485168457, 28.212244033813477, 28.606983184814453, 29.00172233581543, 29.396461486816406, 29.791200637817383, 30.18593978881836, 30.580678939819336, 30.975418090820312, 31.37015724182129, 31.7648983001709, 32.159637451171875, 32.56598663330078, 32.90267562866211, 33.250972747802734, 33.58766555786133, 33.924354553222656, 34.24943161010742, 34.58612060546875, 34.92280960083008, 35.259498596191406, 35.59619140625, 35.944488525390625, 36.269569396972656, 36.61786651611328, 36.96616744995117, 37.3144645690918, 37.65115737915039, 37.98784637451172, 38.32453536987305, 38.67283248901367, 39.02113342285156, 39.36943054199219], "rhythm.bpm_histogram": [0.0, 0.0, 0.0, 0.0, 0.0, 0.0, 0.0, 0.0, 0.0, 0.0, 0.0, 0.0, 0.0, 0.0, 0.0, 0.0, 0.0, 0.0, 0.0, 0.0, 0.0, 0.0, 0.0, 0.0, 0.0, 0.0, 0.0, 0.0, 0.0, 0.0, 0.0, 0.0, 0.0, 0.0, 0.0, 0.0, 0.0, 0.0, 0.0, 0.0, 0.0, 0.0, 0.0, 0.0, 0.0, 0.0, 0.0, 0.0, 0.0, 0.0, 0.0, 0.0, 0.0, 0.0, 0.0, 0.0, 0.0, 0.0, 0.0, 0.0, 0.0, 0.0, 0.0, 0.0, 0.0, 0.0, 0.0, 0.0, 0.0, 0.0, 0.0, 0.0, 0.0, 0.0, 0.0, 0.0, 0.0, 0.0, 0.0, 0.0, 0.0, 0.0, 0.0, 0.0, 0.0, 0.0, 0.0, 0.0, 0.0, 0.0, 0.0, 0.0, 0.0, 0.0, 0.0, 0.0, 0.0, 0.0, 0.0, 0.0, 0.0, 0.0, 0.0, 0.0, 0.0, 0.021052632480859756, 0.0, 0.0, 0.021052632480859756, 0.0, 0.010526316240429878, 0.0, 0.021052632480859756, 0.0, 0.0, 0.0, 0.0, 0.0, 0.0, 0.0, 0.021052632480859756, 0.0, 0.0, 0.010526316240429878, 0.0, 0.0, 0.0, 0.0, 0.0, 0.08421052992343903, 0.0, 0.0, 0.0, 0.021052632480859756, 0.0, 0.0, 0.0, 0.0, 0.0, 0.0, 0.05263157933950424, 0.0, 0.0, 0.0, 0.05263157933950424, 0.0, 0.0, 0.0, 0.1894736886024475, 0.0, 0.0, 0.0, 0.1894736886024475, 0.0, 0.0, 0.0, 0.0, 0.05263157933950424, 0.0, 0.0, 0.0, 0.021052632480859756, 0.0, 0.0, 0.0, 0.0, 0.0, 0.021052632480859756, 0.0, 0.0, 0.0, 0.0, 0.08421052992343903, 0.0, 0.0, 0.0, 0.0, 0.0, 0.10526315867900848, 0.0, 0.0, 0.0, 0.0, 0.0, 0.0, 0.021052632480859756, 0.0, 0.0, 0.0, 0.0, 0.0, 0.0, 0.0, 0.0, 0.0, 0.0, 0.0, 0.0, 0.0, 0.0, 0.0, 0.0, 0.0, 0.0, 0.0, 0.0, 0.0, 0.0, 0.0, 0.0, 0.0, 0.0, 0.0, 0.0, 0.0, 0.0, 0.0, 0.0, 0.0, 0.0, 0.0, 0.0, 0.0, 0.0, 0.0, 0.0, 0.0, 0.0, 0.0, 0.0, 0.0, 0.0, 0.0, 0.0, 0.0, 0.0, 0.0, 0.0, 0.0, 0.0, 0.0, 0.0, 0.0, 0.0, 0.0, 0.0, 0.0, 0.0, 0.0, 0.0], "tonal.chords_histogram": [18.865739822387695, 5.3240742683410645, 20.370370864868164, 3.125, 12.5, 0.0, 3.935185194015503, 0.0, 6.365740776062012, 0.0, 0.0, 0.0, 0.0, 0.0, 0.0, 0.0, 0.0, 0.0, 0.0, 0.0, 4.0509257316589355, 5.439815044403076, 8.796296119689941, 11.226851463317871], "tonal.thpcp": [1.0, 0.2662372887134552, 0.01752305217087269, 0.005472795106470585, 0.00661555165424943, 0.6493615508079529, 0.9437335133552551, 0.3022002875804901, 0.0032322199549525976, 0.0012178757460787892, 0.004296767059713602, 0.5967038869857788, 0.6965269446372986, 0.1180340051651001, 0.2777978181838989, 0.38949406147003174, 0.12930847704410553, 0.12481189519166946, 0.14090801775455475, 0.04367327690124512, 0.42349183559417725, 0.48787569999694824, 0.09157581627368927, 0.0034358641132712364, 0.0011298172175884247, 0.003532438538968563, 0.4323374927043915, 0.5354721546173096, 0.1086699590086937, 0.01175717543810606, 0.013369007036089897, 0.07805155962705612, 0.8134021162986755, 0.8190668225288391, 0.13403676450252533, 0.8015572428703308], "lowlevel.gfcc.cov": [[5730.6767578125, 3262.395263671875, 341.0957946777344, 512.6245727539062, 1342.0665283203125, -475.61358642578125, -205.49266052246094, -715.02490234375, -5.449929237365723, -612.091064453125, 137.49681091308594, -359.2370300292969, 139.3042449951172], [3262.395263671875, 2077.469970703125, 433.4335632324219, 332.6117858886719, 849.6793212890625, -196.9894561767578, -89.5743408203125, -429.63153076171875, -28.346620559692383, -428.1755676269531, 44.388763427734375, -230.2472686767578, 76.50372314453125], [341.0957946777344, 433.4335632324219, 1150.6846923828125, 577.714111328125, 331.2701721191406, 266.6770324707031, 249.58724975585938, -20.51155662536621, -107.79267120361328, -103.36314392089844, -1.2849738597869873, 108.15093231201172, 7.094911575317383], [512.6245727539062, 332.6117858886719, 577.714111328125, 591.8724365234375, 226.05294799804688, -54.53834533691406, 61.15630340576172, -119.28955078125, -166.05213928222656, -54.85956954956055, 76.06442260742188, 30.535329818725586, 30.618722915649414], [1342.0665283203125, 849.6793212890625, 331.2701721191406, 226.05294799804688, 501.2586364746094, 25.459596633911133, 22.1929931640625, -142.8350372314453, 40.73785400390625, -159.17001342773438, 31.764726638793945, -47.7479362487793, 44.77121353149414], [-475.61358642578125, -196.9894561767578, 266.6770324707031, -54.53834533691406, 25.459596633911133, 334.34930419921875, 173.26904296875, 138.34556579589844, 85.68358612060547, 3.701353073120117, -79.54768371582031, 87.78571319580078, -16.923830032348633], [-205.49266052246094, -89.5743408203125, 249.58724975585938, 61.15630340576172, 22.1929931640625, 173.26904296875, 206.961181640625, 108.56829833984375, 28.69167709350586, 18.67954444885254, 2.5212502479553223, 73.09896850585938, -1.8591907024383545], [-715.02490234375, -429.63153076171875, -20.51155662536621, -119.28955078125, -142.8350372314453, 138.34556579589844, 108.56829833984375, 253.7664794921875, 137.10931396484375, 101.29925537109375, -24.95211410522461, 92.21183013916016, -19.287708282470703], [-5.449929237365723, -28.346620559692383, -107.79267120361328, -166.05213928222656, 40.73785400390625, 85.68358612060547, 28.69167709350586, 137.10931396484375, 240.67483520507812, 69.82485961914062, -8.581682205200195, 32.25823211669922, 9.007678031921387], [-612.091064453125, -428.1755676269531, -103.36314392089844, -54.85956954956055, -159.17001342773438, 3.701353073120117, 18.67954444885254, 101.29925537109375, 69.82485961914062, 198.66061401367188, 59.27397537231445, 57.33449172973633, 1.1289957761764526], [137.49681091308594, 44.388763427734375, -1.2849738597869873, 76.06442260742188, 31.764726638793945, -79.54768371582031, 2.5212502479553223, -24.95211410522461, -8.581682205200195, 59.27397537231445, 124.02165985107422, 19.57032585144043, 15.713805198669434], [-359.2370300292969, -230.2472686767578, 108.15093231201172, 30.535329818725586, -47.7479362487793, 87.78571319580078, 73.09896850585938, 92.21183013916016, 32.25823211669922, 57.33449172973633, 19.57032585144043, 114.43524169921875, 4.576900959014893], [139.3042449951172, 76.50372314453125, 7.094911575317383, 30.618722915649414, 44.77121353149414, -16.923830032348633, -1.8591907024383545, -19.287708282470703, 9.007678031921387, 1.1289957761764526, 15.713805198669434, 4.576900959014893, 59.24231719970703]], "lowlevel.gfcc.icov": [[0.003079415997490287, -0.005094690248370171, 0.0022631848696619272, -0.0014778990298509598, -0.0009861094877123833, 0.0011064708232879639, -0.0016817385330796242, 0.0012525995261967182, -0.0004330916272010654, -0.0014849115395918489, 0.0015914449468255043, -0.002975666429847479, 0.0011491576442494988], [-0.005094690248370171, 0.014681274071335793, -0.006914411671459675, 0.005118086002767086, -0.0036231991834938526, 0.004237441346049309, 0.0003202082880306989, 0.0021405501756817102, -0.0042913686484098434, 0.009986760094761848, -0.004874339327216148, 0.00918656587600708, -0.0030953073874115944], [0.0022631848696619272, -0.006914411671459675, 0.007307723630219698, -0.006008681375533342, 0.0009588180691935122, -0.005217555444687605, -0.0011422457173466682, -0.0009423456504009664, 0.0028026229701936245, -0.004679942969232798, 0.00290247262455523, -0.005263753701001406, 0.002579759806394577], [-0.0014778990298509598, 0.005118086002767086, -0.006008681375533342, 0.009526599198579788, -0.0050007039681077, 0.006981000769883394, -0.0008753644651733339, -8.465562132187188e-05, 0.0026222551241517067, 0.0009410134516656399, -0.0005048883031122386, 0.0009352235356345773, -0.0019748250488191843], [-0.0009861094877123833, -0.0036231991834938526, 0.0009588180691935122, -0.0050007039681077, 0.014776645228266716, -0.00855109840631485, 0.0027660185005515814, 0.0014071791665628552, -0.00495469244197011, 0.002205070573836565, -0.004930323455482721, 0.0010685782181099057, -0.0016611067112535238], [0.0011064708232879639, 0.004237441346049309, -0.005217555444687605, 0.006981000769883394, -0.00855109840631485, 0.019756147637963295, -0.009617924690246582, 0.00465039536356926, -0.004417541436851025, 0.0032709049992263317, 0.007366764359176159, -0.002958437893539667, 0.001145107438787818], [-0.0016817385330796242, 0.0003202082880306989, -0.0011422457173466682, -0.0008753644651733339, 0.0027660185005515814, -0.009617924690246582, 0.01590232364833355, -0.008409718982875347, 0.004459574818611145, -0.0004143687547184527, -0.006142758298665285, 0.0019151269225403666, -0.0021354304626584053], [0.0012525995261967182, 0.0021405501756817102, -0.0009423456504009664, -8.465562132187188e-05, 0.0014071791665628552, 0.00465039536356926, -0.008409718982875347, 0.019600694999098778, -0.013291042298078537, 0.00496514281257987, 0.0015306859277188778, -0.003357465611770749, 0.0026091772597283125], [-0.0004330916272010654, -0.0042913686484098434, 0.0028026229701936245, 0.0026222551241517067, -0.00495469244197011, -0.004417541436851025, 0.004459574818611145, -0.013291042298078537, 0.02080145664513111, -0.01347521971911192, 0.004712529480457306, -0.004050826653838158, -0.000678650860209018], [-0.0014849115395918489, 0.009986760094761848, -0.004679942969232798, 0.0009410134516656399, 0.002205070573836565, 0.0032709049992263317, -0.0004143687547184527, 0.00496514281257987, -0.01347521971911192, 0.02571677602827549, -0.01397666335105896, 0.007734465412795544, -0.0037908258382230997], [0.0015914449468255043, -0.004874339327216148, 0.00290247262455523, -0.0005048883031122386, -0.004930323455482721, 0.007366764359176159, -0.006142758298665285, 0.0015306859277188778, 0.004712529480457306, -0.01397666335105896, 0.023159315809607506, -0.010837984271347523, 0.0028460007160902023], [-0.002975666429847479, 0.00918656587600708, -0.005263753701001406, 0.0009352235356345773, 0.0010685782181099057, -0.002958437893539667, 0.0019151269225403666, -0.003357465611770749, -0.004050826653838158, 0.007734465412795544, -0.010837984271347523, 0.02616707608103752, -0.006083179730921984], [0.0011491576442494988, -0.0030953073874115944, 0.002579759806394577, -0.0019748250488191843, -0.0016611067112535238, 0.001145107438787818, -0.0021354304626584053, 0.0026091772597283125, -0.000678650860209018, -0.0037908258382230997, 0.0028460007160902023, -0.006083179730921984, 0.021142002195119858]], "lowlevel.mfcc.cov": [[5189.83154296875, 2816.735595703125, -327.83514404296875, 903.8865966796875, 854.4951171875, 221.92503356933594, -38.7634391784668, -176.22560119628906, -353.64178466796875, -282.0015869140625, -234.9985809326172, -159.4918975830078, -90.5866470336914], [2816.735595703125, 1902.5059814453125, 64.88245391845703, 428.9886474609375, 593.9652709960938, 248.4455108642578, 42.283668518066406, 30.70636558532715, -86.29183197021484, -140.16342163085938, -158.7353973388672, -85.99574279785156, -12.844754219055176], [-327.83514404296875, 64.88245391845703, 822.88427734375, 362.9190368652344, 170.7255401611328, 272.109619140625, 270.8432312011719, 234.20703125, 86.4940414428711, -17.39978790283203, -13.585306167602539, -2.737837314605713, 35.368133544921875], [903.8865966796875, 428.9886474609375, 362.9190368652344, 711.3484497070312, 296.12261962890625, 127.26022338867188, 176.1282196044922, -22.28998374938965, -202.15545654296875, -80.91849517822266, -59.4892692565918, -139.19358825683594, -42.56793975830078], [854.4951171875, 593.9652709960938, 170.7255401611328, 296.12261962890625, 369.3744201660156, 172.4847869873047, 53.374664306640625, 55.01901626586914, -7.646049976348877, -42.24075698852539, -66.47991943359375, -37.074405670166016, 35.46126174926758], [221.92503356933594, 248.4455108642578, 272.109619140625, 127.26022338867188, 172.4847869873047, 244.7894744873047, 118.77169036865234, 114.1594009399414, 73.77153778076172, -15.561132431030273, -14.390132904052734, 20.27980613708496, 34.90336227416992], [-38.7634391784668, 42.283668518066406, 270.8432312011719, 176.1282196044922, 53.374664306640625, 118.77169036865234, 195.64419555664062, 110.32505798339844, -8.630648612976074, -9.107921600341797, 14.773183822631836, -33.57162094116211, -11.826781272888184], [-176.22560119628906, 30.70636558532715, 234.20703125, -22.28998374938965, 55.01901626586914, 114.1594009399414, 110.32505798339844, 274.3864440917969, 197.78622436523438, -5.61216926574707, 13.061210632324219, 97.2568588256836, 43.658180236816406], [-353.64178466796875, -86.29183197021484, 86.4940414428711, -202.15545654296875, -7.646049976348877, 73.77153778076172, -8.630648612976074, 197.78622436523438, 313.5093688964844, 65.41615295410156, 13.979743003845215, 189.48944091796875, 123.14531707763672], [-282.0015869140625, -140.16342163085938, -17.39978790283203, -80.91849517822266, -42.24075698852539, -15.561132431030273, -9.107921600341797, -5.61216926574707, 65.41615295410156, 124.7752914428711, 46.179786682128906, 33.327083587646484, 69.30796813964844], [-234.9985809326172, -158.7353973388672, -13.585306167602539, -59.4892692565918, -66.47991943359375, -14.390132904052734, 14.773183822631836, 13.061210632324219, 13.979743003845215, 46.179786682128906, 134.68418884277344, 81.11074829101562, -27.46466636657715], [-159.4918975830078, -85.99574279785156, -2.737837314605713, -139.19358825683594, -37.074405670166016, 20.27980613708496, -33.57162094116211, 97.2568588256836, 189.48944091796875, 33.327083587646484, 81.11074829101562, 296.0789794921875, 124.52526092529297], [-90.5866470336914, -12.844754219055176, 35.368133544921875, -42.56793975830078, 35.46126174926758, 34.90336227416992, -11.826781272888184, 43.658180236816406, 123.14531707763672, 69.30796813964844, -27.46466636657715, 124.52526092529297, 270.6303405761719]], "lowlevel.mfcc.icov": [[0.0035223118029534817, -0.004763234406709671, 0.003605394624173641, -0.004504674579948187, 0.0022518986370414495, -0.0020078690722584724, 0.001664683222770691, -0.0006119122263044119, 9.14351585379336e-06, 0.0010973424650728703, -0.00020167902403045446, -0.0008287013042718172, -1.5797486412338912e-05], [-0.004763234406709671, 0.0076859635300934315, -0.00443920586258173, 0.006247541401535273, -0.00507901469245553, 0.0024231066927313805, -0.0025752135552465916, 0.0006916266866028309, 0.0005321466596797109, -0.0014038033550605178, 0.0012284084223210812, 0.0005284686340019107, 0.0004610195755958557], [0.003605394624173641, -0.00443920586258173, 0.007238226942718029, -0.00636537279933691, 0.0030030093621462584, -0.004526416305452585, 0.00039820862002670765, -0.0021636048331856728, -0.0004890165873803198, 0.0007386280340142548, 0.00035941565874964, -0.0006981159094721079, -3.275606786701246e-06], [-0.004504674579948187, 0.006247541401535273, -0.00636537279933691, 0.010938992723822594, -0.007331206928938627, 0.005287548061460257, -0.006164482329040766, 0.002830235753208399, 0.0022332859225571156, -0.0009298861841671169, 0.0013993029715493321, -0.00031421592575497925, 0.0004024206136818975], [0.0022518986370414495, -0.00507901469245553, 0.0030030093621462584, -0.007331206928938627, 0.013432311825454235, -0.00772102503105998, 0.007685691583901644, -0.004482120741158724, 0.0008193152607418597, -0.0007471648277714849, -0.0004525897675193846, 0.001194693730212748, -0.0015153542626649141], [-0.0020078690722584724, 0.0024231066927313805, -0.004526416305452585, 0.005287548061460257, -0.00772102503105998, 0.014739316888153553, -0.009320829063653946, 0.005692293401807547, -0.005422673188149929, 0.0030956834089010954, -0.0015500738518312573, 0.0007920890348032117, -0.00019577285274863243], [0.001664683222770691, -0.0025752135552465916, 0.00039820862002670765, -0.006164482329040766, 0.007685691583901644, -0.009320829063653946, 0.02202298492193222, -0.012348685413599014, 0.008309152908623219, -0.004097782541066408, -0.0017889273585751653, 0.001474839635193348, -0.0010287774493917823], [-0.0006119122263044119, 0.0006916266866028309, -0.0021636048331856728, 0.002830235753208399, -0.004482120741158724, 0.005692293401807547, -0.012348685413599014, 0.019147049635648727, -0.01502870675176382, 0.009115057997405529, -0.004450750071555376, 0.0024826517328619957, -0.00030919990967959166], [9.14351585379336e-06, 0.0005321466596797109, -0.0004890165873803198, 0.0022332859225571156, 0.0008193152607418597, -0.005422673188149929, 0.008309152908623219, -0.01502870675176382, 0.02296857349574566, -0.012734860181808472, 0.00984655786305666, -0.00918843224644661, 0.0018601649207994342], [0.0010973424650728703, -0.0014038033550605178, 0.0007386280340142548, -0.0009298861841671169, -0.0007471648277714849, 0.0030956834089010954, -0.004097782541066408, 0.009115057997405529, -0.012734860181808472, 0.021610282361507416, -0.012796576134860516, 0.007991410791873932, -0.006608319003134966], [-0.00020167902403045446, 0.0012284084223210812, 0.00035941565874964, 0.0013993029715493321, -0.0004525897675193846, -0.0015500738518312573, -0.0017889273585751653, -0.004450750071555376, 0.00984655786305666, -0.012796576134860516, 0.021219192072749138, -0.011535389348864555, 0.007320841774344444], [-0.0008287013042718172, 0.0005284686340019107, -0.0006981159094721079, -0.00031421592575497925, 0.001194693730212748, 0.0007920890348032117, 0.001474839635193348, 0.0024826517328619957, -0.00918843224644661, 0.007991410791873932, -0.011535389348864555, 0.012959971092641354, -0.005804738961160183], [-1.5797486412338912e-05, 0.0004610195755958557, -3.275606786701246e-06, 0.0004024206136818975, -0.0015153542626649141, -0.00019577285274863243, -0.0010287774493917823, -0.00