{"song_id": "1183699086067638335", "download": "https://cdn.discordapp.com/attachments/1135911532732108921/1183699086067638335/chirp.mp4?ex=658948ae&amp", "lyrics": "was f\u00fcr skinny das eine normale brakka nvou\nwas f\u00fcr skinny mit eingebauter leggins ohne jeans\ndas nicht skinny das ist herr rollhausers hose", "style": ["travis scott"], "essentia_features": {"lowlevel.average_loudness": 0.804144024848938, "lowlevel.barkbands_crest.mean": 14.145903587341309, "lowlevel.barkbands_crest.stdev": 4.805365085601807, "lowlevel.barkbands_flatness_db.mean": 0.26731833815574646, "lowlevel.barkbands_flatness_db.stdev": 0.07942324876785278, "lowlevel.barkbands_kurtosis.mean": 11.366217613220215, "lowlevel.barkbands_kurtosis.stdev": 22.736858367919922, "lowlevel.barkbands_skewness.mean": -0.5811048150062561, "lowlevel.barkbands_skewness.stdev": 2.4012720584869385, "lowlevel.barkbands_spread.mean": 12.363531112670898, "lowlevel.barkbands_spread.stdev": 8.926902770996094, "lowlevel.dissonance.mean": 0.4664894640445709, "lowlevel.dissonance.stdev": 0.04271823540329933, "lowlevel.dynamic_complexity": 8.695755958557129, "lowlevel.erbbands_crest.mean": 17.108877182006836, "lowlevel.erbbands_crest.stdev": 5.738465785980225, "lowlevel.erbbands_flatness_db.mean": 0.3360317647457123, "lowlevel.erbbands_flatness_db.stdev": 0.08056236803531647, "lowlevel.erbbands_kurtosis.mean": 11.327658653259277, "lowlevel.erbbands_kurtosis.stdev": 18.46754264831543, "lowlevel.erbbands_skewness.mean": -0.8569063544273376, "lowlevel.erbbands_skewness.stdev": 1.9027981758117676, "lowlevel.erbbands_spread.mean": 17.440776824951172, "lowlevel.erbbands_spread.stdev": 12.974260330200195, "lowlevel.hfc.mean": 8.08382511138916, "lowlevel.hfc.stdev": 17.518342971801758, "lowlevel.loudness_ebu128.integrated": -27.570995330810547, "lowlevel.loudness_ebu128.loudness_range": 5.788566589355469, "lowlevel.loudness_ebu128.momentary.mean": -31.397605895996094, "lowlevel.loudness_ebu128.momentary.stdev": 6.805718898773193, "lowlevel.loudness_ebu128.short_term.mean": -28.498558044433594, "lowlevel.loudness_ebu128.short_term.stdev": 2.223825693130493, "lowlevel.melbands_crest.mean": 20.176145553588867, "lowlevel.melbands_crest.stdev": 8.26063060760498, "lowlevel.melbands_flatness_db.mean": 0.25359079241752625, "lowlevel.melbands_flatness_db.stdev": 0.0723816454410553, "lowlevel.melbands_kurtosis.mean": 12.28682804107666, "lowlevel.melbands_kurtosis.stdev": 26.947782516479492, "lowlevel.melbands_skewness.mean": 0.13645470142364502, "lowlevel.melbands_skewness.stdev": 2.7634963989257812, "lowlevel.melbands_spread.mean": 26.886484146118164, "lowlevel.melbands_spread.stdev": 19.662368774414062, "lowlevel.pitch_salience.mean": 0.5078153610229492, "lowlevel.pitch_salience.stdev": 0.1355363130569458, "lowlevel.silence_rate_20dB.mean": 1.0, "lowlevel.silence_rate_20dB.stdev": 0.0, "lowlevel.silence_rate_30dB.mean": 0.9930475354194641, "lowlevel.silence_rate_30dB.stdev": 0.0830918550491333, "lowlevel.silence_rate_60dB.mean": 0.6575897932052612, "lowlevel.silence_rate_60dB.stdev": 0.47451865673065186, "lowlevel.spectral_centroid.mean": 2032.372802734375, "lowlevel.spectral_centroid.stdev": 718.4503173828125, "lowlevel.spectral_complexity.mean": 4.233487606048584, "lowlevel.spectral_complexity.stdev": 4.482283592224121, "lowlevel.spectral_decrease.mean": -1.6895224108637308e-09, "lowlevel.spectral_decrease.stdev": 4.543541543000629e-09, "lowlevel.spectral_energy.mean": 0.0071098823100328445, "lowlevel.spectral_energy.stdev": 0.018482141196727753, "lowlevel.spectral_energyband_high.mean": 5.552843867917545e-05, "lowlevel.spectral_energyband_high.stdev": 0.00023509129823651165, "lowlevel.spectral_energyband_low.mean": 9.73767896539357e-07, "lowlevel.spectral_energyband_low.stdev": 5.212777978158556e-06, "lowlevel.spectral_energyband_middle_high.mean": 0.0024553355760872364, "lowlevel.spectral_energyband_middle_high.stdev": 0.005740753840655088, "lowlevel.spectral_energyband_middle_low.mean": 0.004648628178983927, "lowlevel.spectral_energyband_middle_low.stdev": 0.015371918678283691, "lowlevel.spectral_entropy.mean": 6.526386260986328, "lowlevel.spectral_entropy.stdev": 0.6138860583305359, "lowlevel.spectral_flux.mean": 0.038064662367105484, "lowlevel.spectral_flux.stdev": 0.046663977205753326, "lowlevel.spectral_kurtosis.mean": 10.301859855651855, "lowlevel.spectral_kurtosis.stdev": 6.0142059326171875, "lowlevel.spectral_rms.mean": 0.0017589214257895947, "lowlevel.spectral_rms.stdev": 0.00196027010679245, "lowlevel.spectral_rolloff.mean": 2315.390625, "lowlevel.spectral_rolloff.stdev": 1001.4996948242188, "lowlevel.spectral_skewness.mean": 2.1435585021972656, "lowlevel.spectral_skewness.stdev": 0.6192331910133362, "lowlevel.spectral_spread.mean": 2853702.25, "lowlevel.spectral_spread.stdev": 921378.0625, "lowlevel.spectral_strongpeak.mean": 1.4823299646377563, "lowlevel.spectral_strongpeak.stdev": 1.7813465595245361, "lowlevel.zerocrossingrate.mean": 0.09145767986774445, "lowlevel.zerocrossingrate.stdev": 0.036545392125844955, "metadata.audio_properties.analysis.equal_loudness": 0.0, "metadata.audio_properties.analysis.length": 40.04265213012695, "metadata.audio_properties.analysis.sample_rate": 44100.0, "metadata.audio_properties.analysis.start_time": 0.0, "metadata.audio_properties.bit_rate": 106285.0, "metadata.audio_properties.length": 40.042667388916016, "metadata.audio_properties.lossless": 0.0, "metadata.audio_properties.number_channels": 1.0, "metadata.audio_properties.replay_gain": -3.8832454681396484, "metadata.audio_properties.sample_rate": 48000.0, "rhythm.beats_count": 72.0, "rhythm.beats_loudness.mean": 0.014866592362523079, "rhythm.beats_loudness.stdev": 0.02674008347094059, "rhythm.bpm": 128.87290954589844, "rhythm.bpm_histogram_first_peak_bpm": 129.0, "rhythm.bpm_histogram_first_peak_weight": 0.5769230723381042, "rhythm.bpm_histogram_second_peak_bpm": 101.0, "rhythm.bpm_histogram_second_peak_spread": 0.4444444179534912, "rhythm.bpm_histogram_second_peak_weight": 0.07042253762483597, "rhythm.danceability": 1.3580843210220337, "rhythm.onset_rate": 3.3953804969787598, "tonal.chords_changes_rate": 0.07870370149612427, "tonal.chords_number_rate": 0.0069444444961845875, "tonal.chords_strength.mean": 0.5256850719451904, "tonal.chords_strength.stdev": 0.05264224484562874, "tonal.hpcp_crest.mean": 13.700657844543457, "tonal.hpcp_crest.stdev": 5.9150896072387695, "tonal.hpcp_entropy.mean": 1.8670010566711426, "tonal.hpcp_entropy.stdev": 0.650890052318573, "tonal.key_edma.strength": 0.6171276569366455, "tonal.key_krumhansl.strength": 0.6099340915679932, "tonal.key_temperley.strength": 0.5940849781036377, "tonal.tuning_diatonic_strength": 0.6049173474311829, "tonal.tuning_equal_tempered_deviation": 0.3464686870574951, "tonal.tuning_frequency": 433.6918029785156, "tonal.tuning_nontempered_energy_ratio": 0.9676188230514526, "lowlevel.barkbands.mean": [2.480294654105819e-07, 1.4426741756778938e-07, 2.8471765745052835e-07, 2.3473830879083835e-06, 0.0002030360628850758, 0.001112242229282856, 0.0007436781306751072, 0.001106411567889154, 0.001371484831906855, 0.00032166566234081984, 0.00023173927911557257, 0.00012796583177987486, 2.5932517019100487e-05, 4.220640767016448e-05, 1.0288325938745402e-05, 6.431478595914086e-06, 0.0010074361925944686, 0.0007351613603532314, 3.662448989416589e-06, 3.308170335003524e-06, 2.6019441065727733e-05, 6.188091902004089e-06, 1.5398079995065928e-05, 5.37461801286554e-06, 1.2041294894515886e-06, 1.9159571706950373e-08, 3.663930270292326e-10], "lowlevel.barkbands.stdev": [6.296430115071416e-07, 4.4770121121473494e-07, 2.2397766770154703e-06, 1.7408190615242347e-05, 0.0010077609913423657, 0.006039346102625132, 0.00490640988573432, 0.006227956619113684, 0.006142539903521538, 0.001536799594759941, 0.0010074577294290066, 0.0005299428012222052, 0.00018069238285534084, 0.00015757704386487603, 4.018675099359825e-05, 2.348404268559534e-05, 0.003058571368455887, 0.0019241860136389732, 2.046109875664115e-05, 1.911327308334876e-05, 9.711828897707164e-05, 3.670675869216211e-05, 8.978966070571914e-05, 3.5031596780754626e-05, 5.791741386929061e-06, 7.765306975215935e-08, 6.150269182825241e-10], "lowlevel.erbbands.mean": [6.667965863016434e-06, 3.941757677239366e-05, 0.0003644655516836792, 0.007290389388799667, 0.20444896817207336, 0.8093793988227844, 4.249047756195068, 9.849099159240723, 11.66776180267334, 17.058313369750977, 22.933340072631836, 35.259700775146484, 13.861044883728027, 10.789673805236816, 7.925314426422119, 4.774505615234375, 1.4961811304092407, 2.0658767223358154, 1.1034003496170044, 0.4127999246120453, 1.5941869020462036, 53.8478889465332, 54.894554138183594, 1.8345508575439453, 0.28403958678245544, 0.1712309867143631, 0.7272114753723145, 0.884514331817627, 0.21952147781848907, 0.37726590037345886, 0.4445320963859558, 0.1841438263654709, 0.06145816296339035, 0.024484137073159218, 0.002287191106006503, 0.000227049327804707, 2.842919093382079e-05, 3.312351054773899e-06, 4.4801390686188824e-06, 8.857722605171148e-06], "lowlevel.erbbands.stdev": [1.8191565686720423e-05, 0.00013321920414455235, 0.0019389728549867868, 0.03988690674304962, 1.1525102853775024, 3.8387956619262695, 37.184532165527344, 49.37250900268555, 90.3697509765625, 96.19943237304688, 119.24031829833984, 165.45352172851562, 59.92716979980469, 46.32150650024414, 35.746673583984375, 19.3447208404541, 8.082788467407227, 7.831352710723877, 3.8399345874786377, 1.3218404054641724, 4.683187484741211, 148.2422637939453, 132.69244384765625, 4.295151233673096, 1.2322871685028076, 0.909235954284668, 2.705962657928467, 3.53605055809021, 1.3666367530822754, 2.478447675704956, 2.4466686248779297, 1.0321253538131714, 0.46635523438453674, 0.1219925731420517, 0.010831782594323158, 0.0010920711793005466, 7.888124673627317e-05, 6.799363291065674e-06, 1.0208926141785923e-05, 2.1875503080082126e-05], "lowlevel.gfcc.mean": [-252.5274658203125, 50.007347106933594, -194.05389404296875, 4.408342361450195, -96.25823211669922, -19.011150360107422, -47.24140930175781, 20.807540893554688, -1.0559742450714111, -31.399311065673828, -4.32185697555542, 8.510047912597656, -3.4478628635406494], "lowlevel.melbands.mean": [5.428331562029598e-08, 1.185815250437372e-07, 5.0040302994602825e-06, 3.651891165645793e-05, 0.00012267893180251122, 0.00022827937209513038, 0.00016563391545787454, 0.00020550053159240633, 0.0001937632041517645, 0.0002131944493157789, 6.201600626809523e-05, 4.2872921767411754e-05, 2.922424209828023e-05, 1.5445346434717067e-05, 7.85492557042744e-06, 2.1498121896001976e-06, 4.174268269707682e-06, 2.0895172383461613e-06, 6.420434033316269e-07, 3.939690884635638e-07, 6.13216116107651e-07, 3.0050385248614475e-05, 0.0001263489539269358, 5.6389017117908224e-06, 1.6367751243251405e-07, 1.3470690873873536e-07, 1.5388125973458955e-07, 8.289946862305442e-08, 2.0127735922415013e-07, 1.027297685141093e-06, 3.0071211654103536e-07, 1.0682586548682593e-07, 1.2683190675488731e-07, 2.404097187991283e-07, 2.6707581923801627e-07, 2.0682675483385538e-07, 7.330648799097617e-08, 4.73718806404122e-08, 2.8421688114121935e-08, 1.7376775574007297e-08], "lowlevel.melbands.stdev": [1.470232291467255e-07, 7.515981792494131e-07, 3.159679181408137e-05, 0.00016600199160166085, 0.0009916825219988823, 0.0011769230477511883, 0.0011950581101700664, 0.0011741715716198087, 0.0009334243950434029, 0.0010289914207533002, 0.00028238591039553285, 0.000189482350833714, 0.00012591044651344419, 6.819910049671307e-05, 4.542487658909522e-05, 1.2363424502837006e-05, 1.5958696167217568e-05, 7.520597591792466e-06, 2.4092107651085826e-06, 1.4155301641949336e-06, 2.4478249542880803e-06, 9.752630285220221e-05, 0.00031173366005532444, 1.603722012077924e-05, 7.060763209665311e-07, 8.798492103778699e-07, 8.818598189463955e-07, 5.199274824008171e-07, 8.992623179437942e-07, 3.7528677694353973e-06, 1.5183295545284636e-06, 7.603460971949971e-07, 7.257634706547833e-07, 1.7661534457147354e-06, 1.4175172964314697e-06, 1.2111968317185529e-06, 4.5322946107262396e-07, 4.397735722250218e-07, 1.3595170855751348e-07, 8.886190983048436e-08], "lowlevel.melbands128.mean": [8.102234261286867e-08, 5.262786473281267e-08, 4.788090990359706e-08, 4.814009102460659e-08, 7.50289359530143e-08, 1.6534553992642032e-07, 3.9382581462632515e-07, 1.5840893183849403e-06, 1.5310377420973964e-05, 4.8431484174216166e-05, 3.8986359868431464e-05, 4.6244997065514326e-05, 0.00013193057384341955, 0.00023954619246069342, 0.00021776817447971553, 0.0002265469083795324, 0.0002471075567882508, 0.00013287112233228981, 9.113266423810273e-05, 0.00019729089399334043, 0.00027795261121354997, 0.00019474103464744985, 0.00015633206930942833, 0.00020978653628844768, 0.0002958929690066725, 0.00019779459398705512, 7.467005343642086e-05, 5.284227154334076e-05, 4.227394674671814e-05, 4.001218258053996e-05, 4.802119656233117e-05, 3.847645712085068e-05, 2.677659176697489e-05, 2.522140675864648e-05, 1.727699054754339e-05, 1.1391302905394696e-05, 1.4341714631882496e-05, 9.264265827368945e-06, 3.0387275273824343e-06, 1.469351445848588e-06, 2.033778173426981e-06, 2.859055712178815e-06, 4.0559593799116556e-06, 5.821831109642517e-06, 2.748984798017773e-06, 1.426754806743702e-06, 1.0868764093174832e-06, 5.807912657473935e-07, 5.374921556722256e-07, 3.911866315320367e-07, 3.624334397045459e-07, 4.028371449749102e-07, 4.474807724363927e-07, 6.596783919121663e-07, 1.0846956683963072e-06, 4.880665983364452e-06, 5.814162068418227e-05, 0.00021345369168557227, 0.0001255507522728294, 7.655219633306842e-06, 5.931162831984693e-07, 2.9958400205032376e-07, 1.7626669546189078e-07, 1.3459987258102046e-07, 1.08269262000249e-07, 1.2723519660085003e-07, 1.432239287169068e-07, 1.9277860019428772e-07, 1.535938594088293e-07, 1.168299448295329e-07, 7.326330120349667e-08, 6.85102889974587e-08, 8.192846223664674e-08, 1.617107301399301e-07, 3.3932397514035983e-07, 1.3469200439431006e-06, 1.257996473214007e-06, 4.3422500084489e-07, 2.0470756112445088e-07, 1.019164912463566e-07, 1.1813207123623215e-07, 1.0713988984889511e-07, 8.346334112729892e-08, 9.973076942060288e-08, 1.791834876030407e-07, 2.639017111505382e-07, 2.1912518377575907e-07, 2.888658912070241e-07, 2.403414498530765e-07, 3.099407877016347e-07, 2.3163197226949706e-07, 1.8194333506471594e-07, 1.5477178294531768e-07, 4.494188132753152e-08, 3.923029012753432e-08, 7.207891883354023e-08, 4.204698811349772e-08, 2.8677240138108573e-08, 2.8347338698608837e-08, 3.023103190002985e-08, 2.2979358860197863e-08, 1.8601346241098327e-08, 4.644397311182047e-09, 2.2688433354289828e-09, 1.0667304817246759e-09, 5.313430806452857e-10, 5.026939420282872e-10, 3.8171354965754745e-10, 2.9573934967608295e-10, 1.30086968974652e-10, 1.573868119164601e-10, 1.0861971044828778e-10, 1.772837258939841e-11, 1.1967636950882543e-11, 1.1871255714557272e-11, 5.505837539360181e-12, 2.8557054724404063e-12, 1.6763769192240652e-12, 1.5916537835988787e-12, 1.5584109523680834e-12, 1.5108779028230601e-12, 1.5013916759148982e-12, 1.5061564192023202e-12, 1.4572003543059098e-12, 1.2547200691631621e-12, 9.10696756721563e-13, 7.271942379857843e-13, 6.981860293901743e-13], "lowlevel.melbands128.stdev": [2.2446597824909986e-07, 1.6889184450974426e-07, 1.4019906302564777e-07, 1.8654553457508882e-07, 5.588528324551589e-07, 1.2955605370734702e-06, 2.6687155241233995e-06, 1.2797855561075266e-05, 0.00011389276187401265, 0.0002443803532514721, 0.00020970054902136326, 0.0003751700569409877, 0.0015929207438603044, 0.0017614267999306321, 0.001168509479612112, 0.0016132869059219956, 0.002516146283596754, 0.0009897717973217368, 0.0004813332052435726, 0.0014136595418676734, 0.0018057096749544144, 0.0014201350277289748, 0.0011309429537504911, 0.0010043694637715816, 0.0015580245526507497, 0.0011987067991867661, 0.00038510034210048616, 0.00030914292437955737, 0.0002592410601209849, 0.0002188033249694854, 0.00024196998856496066, 0.00018726549751590937, 0.00012980913743376732, 0.00015714007895439863, 9.511133248452097e-05, 5.85200687055476e-05, 6.139505421742797e-05, 7.925932004582137e-05, 2.886847323679831e-05, 1.2485690604080446e-05, 1.420724129275186e-05, 1.7564301742822863e-05, 1.610458639333956e-05, 2.5800842195167206e-05, 1.1714597349055111e-05, 5.609319941868307e-06, 5.476167643791996e-06, 2.3917084490676643e-06, 2.183215201512212e-06, 1.4426462939809426e-06, 1.4478058574241004e-06, 1.760671125339286e-06, 1.8776134993458982e-06, 2.795457248794264e-06, 5.365417109715054e-06, 2.3639768187422305e-05, 0.00022393760445993394, 0.0005866031278856099, 0.00032074967748485506, 2.627351750561502e-05, 2.7508533548825653e-06, 1.2553898613987258e-06, 7.40537188903545e-07, 6.558050245075719e-07, 7.155870775932271e-07, 1.113581333811453e-06, 9.160007721220609e-07, 1.2683343584285467e-06, 9.499004249846621e-07, 8.484195177516085e-07, 5.179554705136979e-07, 4.0788393107504817e-07, 5.076148568150529e-07, 7.909492865110224e-07, 1.677194291005435e-06, 5.0443959480617195e-06, 4.8948454605124425e-06, 1.9637009245343506e-06, 1.5534642443526536e-06, 7.03576233718195e-07, 8.972544947027927e-07, 8.095431667243247e-07, 6.849630835858989e-07, 5.69750056911289e-07, 1.067733592208242e-06, 2.1003495476179523e-06, 1.8894768345489865e-06, 1.944448513313546e-06, 1.0908403282883228e-06, 2.036277464867453e-06, 1.6241449429799104e-06, 1.0004761179516208e-06, 7.887007882345642e-07, 3.119574216725596e-07, 3.214686898900254e-07, 9.326933536613069e-07, 3.157668686526449e-07, 1.638275932691613e-07, 1.342209401400396e-07, 1.4707589457430004e-07, 1.1722494974719666e-07, 1.0406507300331214e-07, 2.8338053681409292e-08, 1.3555928823905106e-08, 6.7147567506253836e-09, 3.4073148746927018e-09, 4.359506533546664e-09, 2.126855358497437e-09, 2.604207294254479e-09, 6.3896682389597e-10, 8.273743357101182e-10, 4.3178685626976687e-10, 1.5269756292735082e-10, 5.362078142612248e-11, 3.840830778423232e-11, 1.640239333244864e-11, 8.524606368021104e-12, 2.8746397623402586e-12, 2.6428442767567617e-12, 2.5718418280445965e-12, 2.5117817981784585e-12, 2.4591888855146626e-12, 2.4062299461974357e-12, 2.36793700966742e-12, 2.327592762627062e-12, 2.2963785820812044e-12, 2.2737716657422746e-12, 2.261079778270725e-12], "lowlevel.mfcc.mean": [-879.0189208984375, 81.02155303955078, -37.871238708496094, -15.487518310546875, -27.96672821044922, -37.682491302490234, -36.67395782470703, 20.15062141418457, -0.27428680658340454, -26.610441207885742, 0.14338287711143494, 27.277769088745117, -25.064382553100586], "lowlevel.spectral_contrast_coeffs.mean": [-0.6992394924163818, -0.7686536312103271, -0.8230360150337219, -0.8535200357437134, -0.6681761145591736, -0.7665787935256958], "lowlevel.spectral_contrast_coeffs.stdev": [0.15354470908641815, 0.10732794553041458, 0.060627374798059464, 0.03909974545240402, 0.0816345065832138, 0.044476963579654694], "lowlevel.spectral_contrast_valleys.mean": [-11.114336967468262, -8.467535972595215, -8.90594482421875, -9.864702224731445, -9.960939407348633, -12.290507316589355], "lowlevel.spectral_contrast_valleys.stdev": [0.805576741695404, 1.4494930505752563, 1.3424482345581055, 1.1326594352722168, 1.0008809566497803, 0.85558021068573], "rhythm.beats_loudness_band_ratio.mean": [0.020001018419861794, 0.18434743583202362, 0.29426825046539307, 0.07722168415784836, 0.444762647151947, 0.015142485499382019], "rhythm.beats_loudness_band_ratio.stdev": [0.09781770408153534, 0.2457008808851242, 0.27208051085472107, 0.10172044485807419, 0.362720251083374, 0.02970309741795063], "tonal.hpcp.mean": [0.08072400838136673, 0.08740639686584473, 0.056867457926273346, 0.04181713983416557, 0.03545370697975159, 0.035097476094961166, 0.03517680615186691, 0.03540945053100586, 0.0368073470890522, 0.047125499695539474, 0.0646582692861557, 0.071866974234581, 0.05589042603969574, 0.03749333322048187, 0.04370727762579918, 0.049012456089258194, 0.052415017038583755, 0.06366166472434998, 0.0678892508149147, 0.0679311752319336, 0.11777917295694351, 0.3119758069515228, 0.6561744809150696, 0.6621087193489075, 0.3037000596523285, 0.11507297307252884, 0.07277334481477737, 0.04814084246754646, 0.0408918634057045, 0.04579992592334747, 0.06283829361200333, 0.0677027553319931, 0.05621077120304108, 0.04721665382385254, 0.038610801100730896, 0.04372881352901459], "tonal.hpcp.stdev": [0.21303841471672058, 0.21046176552772522, 0.13896749913692474, 0.13121536374092102, 0.10888072103261948, 0.09272871166467667, 0.0994751825928688, 0.10660786181688309, 0.10586787015199661, 0.14339445531368256, 0.1700206696987152, 0.18068334460258484, 0.1556481271982193, 0.11728282272815704, 0.12759271264076233, 0.14713577926158905, 0.1416163593530655, 0.15686455368995667, 0.1699160784482956, 0.15404804050922394, 0.164580836892128, 0.282401978969574, 0.33550727367401123, 0.36760446429252625, 0.2512732148170471, 0.19304630160331726, 0.14867818355560303, 0.13229747116565704, 0.11597834527492523, 0.11847212165594101, 0.16523991525173187, 0.17483745515346527, 0.14574553072452545, 0.1513773500919342, 0.1262589991092682, 0.12962305545806885], "rhythm.beats_position": [0.4411791265010834, 0.8939682245254517, 1.3467572927474976, 1.799546480178833, 2.2755556106567383, 2.7515645027160645, 3.2043535709381104, 3.668752670288086, 4.133152008056641, 4.551111221313477, 5.003900051116943, 5.445079326629639, 5.8978681564331055, 6.339047431945801, 6.8034467697143555, 7.267845630645752, 7.732244968414307, 8.196643829345703, 8.672653198242188, 9.148661613464355, 9.63628101348877, 10.123900413513184, 10.611518859863281, 11.075918197631836, 11.54031753540039, 12.004715919494629, 12.469115257263184, 12.945124626159668, 13.421133995056152, 13.90875244140625, 14.396371841430664, 14.860771179199219, 15.336779594421387, 15.812788963317871, 16.28879737854004, 16.788026809692383, 17.287256240844727, 17.798095703125, 18.30893325805664, 18.819772720336914, 19.353832244873047, 19.899499893188477, 20.44516944885254, 21.00244903564453, 21.57133674621582, 22.291156768798828, 22.987754821777344, 23.68435287475586, 24.35773277282715, 25.019500732421875, 25.70448875427246, 26.40108871459961, 27.097686767578125, 27.80589485168457, 28.560543060302734, 29.3151912689209, 30.058231353759766, 30.82448959350586, 31.567527770996094, 32.31056594848633, 33.041996002197266, 33.7850341796875, 34.4351921081543, 35.085350036621094, 35.677459716796875, 36.269569396972656, 36.86167907714844, 37.442176818847656, 38.03428649902344, 38.638004302978516, 39.253334045410156, 39.84543991088867], "rhythm.bpm_histogram": [0.0, 0.0, 0.0, 0.0, 0.0, 0.0, 0.0, 0.0, 0.0, 0.0, 0.0, 0.0, 0.0, 0.0, 0.0, 0.0, 0.0, 0.0, 0.0, 0.0, 0.0, 0.0, 0.0, 0.0, 0.0, 0.0, 0.0, 0.0, 0.0, 0.0, 0.0, 0.0, 0.0, 0.0, 0.0, 0.0, 0.0, 0.0, 0.0, 0.0, 0.0, 0.0, 0.0, 0.0, 0.0, 0.0, 0.0, 0.0, 0.0, 0.0, 0.0, 0.0, 0.0, 0.0, 0.0, 0.0, 0.0, 0.0, 0.0, 0.0, 0.0, 0.0, 0.0, 0.0, 0.0, 0.0, 0.0, 0.0, 0.0, 0.0, 0.0, 0.0, 0.0, 0.0, 0.0, 0.0, 0.0, 0.0, 0.014084506779909134, 0.0, 0.028169013559818268, 0.056338027119636536, 0.014084506779909134, 0.014084506779909134, 0.0, 0.014084506779909134, 0.056338027119636536, 0.0, 0.014084506779909134, 0.014084506779909134, 0.0, 0.014084506779909134, 0.028169013559818268, 0.0, 0.0, 0.0, 0.0, 0.0, 0.014084506779909134, 0.014084506779909134, 0.0, 0.07042253762483597, 0.0, 0.014084506779909134, 0.0, 0.014084506779909134, 0.0, 0.0, 0.014084506779909134, 0.0, 0.028169013559818268, 0.0, 0.014084506779909134, 0.0, 0.0, 0.0, 0.0, 0.0422535203397274, 0.0, 0.0, 0.028169013559818268, 0.0, 0.0, 0.07042253762483597, 0.0, 0.0, 0.1267605572938919, 0.0, 0.0, 0.15492957830429077, 0.0, 0.0, 0.0, 0.0845070406794548, 0.0, 0.0, 0.028169013559818268, 0.0, 0.0, 0.0, 0.0, 0.0, 0.0, 0.0, 0.014084506779909134, 0.0, 0.0, 0.0, 0.0, 0.0, 0.0, 0.0, 0.0, 0.0, 0.0, 0.0, 0.0, 0.0, 0.0, 0.0, 0.0, 0.0, 0.0, 0.0, 0.0, 0.0, 0.0, 0.0, 0.0, 0.0, 0.0, 0.0, 0.0, 0.0, 0.0, 0.0, 0.0, 0.0, 0.0, 0.0, 0.0, 0.0, 0.0, 0.0, 0.0, 0.0, 0.0, 0.0, 0.0, 0.0, 0.0, 0.0, 0.0, 0.0, 0.0, 0.0, 0.0, 0.0, 0.0, 0.0, 0.0, 0.0, 0.0, 0.0, 0.0, 0.0, 0.0, 0.0, 0.0, 0.0, 0.0, 0.0, 0.0, 0.0, 0.0, 0.0, 0.0, 0.0, 0.0, 0.0, 0.0, 0.0, 0.0, 0.0, 0.0, 0.0, 0.0, 0.0, 0.0, 0.0, 0.0, 0.0, 0.0, 0.0, 0.0, 0.0, 0.0, 0.0, 0.0, 0.0, 0.0, 0.0, 0.0, 0.0, 0.0, 0.0, 0.0, 0.0, 0.0, 0.0], "tonal.chords_histogram": [35.76388931274414, 5.208333492279053, 33.449073791503906, 0.0, 0.0, 0.0, 0.0, 16.782407760620117, 2.6620371341705322, 6.134259223937988, 0.0, 0.0, 0.0, 0.0, 0.0, 0.0, 0.0, 0.0, 0.0, 0.0, 0.0, 0.0, 0.0, 0.0], "tonal.thpcp": [1.0, 0.45868608355522156, 0.17379769682884216, 0.1099114716053009, 0.0727083683013916, 0.06176004186272621, 0.06917281448841095, 0.09490630775690079, 0.10225322842597961, 0.08489658683538437, 0.07131253927946091, 0.05831489711999893, 0.06604476273059845, 0.12191956490278244, 0.13201215863227844, 0.08588840067386627, 0.06315751373767853, 0.05354665592312813, 0.053008630871772766, 0.0531284436583519, 0.053479813039302826, 0.05559109151363373, 0.07117486745119095, 0.09765506535768509, 0.1085425615310669, 0.08441276103258133, 0.05662715435028076, 0.06601223349571228, 0.07402478903532028, 0.07916375994682312, 0.09614986926317215, 0.10253489762544632, 0.10259822010993958, 0.17788495123386383, 0.47118517756462097, 0.9910373687744141], "lowlevel.gfcc.cov": [[11454.1728515625, 2031.731201171875, -1733.1806640625, -1478.328125, -1854.809326171875, -1100.8271484375, -589.0311889648438, -1479.1766357421875, 123.68811798095703, -764.654296875, 543.5525512695312, -463.8028564453125, 505.9256591796875], [2031.731201171875, 2381.060302734375, 393.2709655761719, -892.9307861328125, -505.7538757324219, -262.4881591796875, -299.5912170410156, -864.394287109375, -349.6245422363281, -27.87043571472168, 52.4312744140625, -208.07131958007812, 119.18063354492188], [-1733.1806640625, 393.2709655761719, 964.1253662109375, 208.31077575683594, 249.82005310058594, 166.807861328125, -52.7721061706543, -46.77268600463867, -269.3181457519531, 219.63070678710938, -192.20571899414062, 51.16231155395508, -96.23404693603516], [-1478.328125, -892.9307861328125, 208.31077575683594, 782.019775390625, 400.3821716308594, 131.81747436523438, 44.39336395263672, 326.67352294921875, 10.551244735717773, 7.881146430969238, -131.44955444335938, 76.2027359008789, -65.6661605834961], [-1854.809326171875, -505.7538757324219, 249.82005310058594, 400.3821716308594, 522.468505859375, 242.81219482421875, 148.72254943847656, 325.6742858886719, -6.224245548248291, 87.82333374023438, -119.15238952636719, 85.33670043945312, -101.63743591308594], [-1100.8271484375, -262.4881591796875, 166.807861328125, 131.81747436523438, 242.81219482421875, 334.78271484375, 130.49464416503906, 153.24476623535156, -55.02336502075195, 119.81168365478516, -87.3580093383789, 32.7374153137207, -69.8134765625], [-589.0311889648438, -299.5912170410156, -52.7721061706543, 44.39336395263672, 148.72254943847656, 130.49464416503906, 242.68301391601562, 261.7213134765625, 116.72809600830078, 35.13410186767578, -7.291631698608398, 15.422200202941895, -50.830257415771484], [-1479.1766357421875, -864.394287109375, -46.77268600463867, 326.67352294921875, 325.6742858886719, 153.24476623535156, 261.7213134765625, 594.2222900390625, 235.63455200195312, 67.27165985107422, -34.33576583862305, 103.60285949707031, -112.85555267333984], [123.68811798095703, -349.6245422363281, -269.3181457519531, 10.551244735717773, -6.224245548248291, -55.02336502075195, 116.72809600830078, 235.63455200195312, 285.5909729003906, 0.381974458694458, 96.98200225830078, 10.02925968170166, -13.131675720214844], [-764.654296875, -27.87043571472168, 219.63070678710938, 7.881146430969238, 87.82333374023438, 119.81168365478516, 35.13410186767578, 67.27165985107422, 0.381974458694458, 229.1076202392578, -7.755333423614502, 35.61019515991211, -47.36882400512695], [543.5525512695312, 52.4312744140625, -192.20571899414062, -131.44955444335938, -119.15238952636719, -87.3580093383789, -7.291631698608398, -34.33576583862305, 96.98200225830078, -7.755333423614502, 145.09165954589844, 23.75811767578125, 51.482181549072266], [-463.8028564453125, -208.07131958007812, 51.16231155395508, 76.2027359008789, 85.33670043945312, 32.7374153137207, 15.422200202941895, 103.60285949707031, 10.02925968170166, 35.61019515991211, 23.75811767578125, 121.51576232910156, 11.153083801269531], [505.9256591796875, 119.18063354492188, -96.23404693603516, -65.6661605834961, -101.63743591308594, -69.8134765625, -50.830257415771484, -112.85555267333984, -13.131675720214844, -47.36882400512695, 51.482181549072266, 11.153083801269531, 108.31999206542969]], "lowlevel.gfcc.icov": [[0.0003676092892419547, -0.000150652791489847, 0.00043563725193962455, -0.00019681475532706827, 0.0006808009347878397, 6.973391282372177e-05, -0.00019132375018671155, 0.0007080287323333323, -0.0004386554064694792, 0.0003629742714110762, 0.00012666835391428322, -9.554342250339687e-05, 0.00010332337842555717], [-0.000150652791489847, 0.0026741877663880587, -0.0024481944274157286, 0.0028438756708055735, -0.0013367017963901162, 0.0008115997188724577, 0.0004694090748671442, 0.0005626374622806907, 0.0009529487579129636, 0.000996580347418785, -0.002205048920586705, 0.0036199595779180527, -0.0013877332676202059], [0.00043563725193962455, -0.0024481944274157286, 0.005384545307606459, -0.003092838218435645, 0.0012393222423270345, 0.0006417423719540238, -0.0014392622979357839, 0.0013701606076210737, 0.00033020233968272805, -0.00337152648717165, 0.004695671144872904, -0.005095753353089094, 0.00275494740344584], [-0.00019681475532706827, 0.0028438756708055735, -0.003092838218435645, 0.006078626029193401, -0.003264886559918523, 0.0005820906953886151, 0.003141816472634673, -0.0018034337554126978, 0.0009342115372419357, 0.0019942177459597588, -0.001700537046417594, 0.004836210049688816, -0.003069816157221794], [0.0006808009347878397, -0.0013367017963901162, 0.0012393222423270345, -0.003264886559918523, 0.007708895485848188, -0.001969887875020504, -0.0019583951216191053, 7.47094236430712e-05, -0.0005315338494256139, 0.00043804620509035885, 0.0018775119679048657, -0.0035100935492664576, 0.0021314602345228195], [6.973391282372177e-05, 0.0008115997188724577, 0.0006417423719540238, 0.0005820906953886151, -0.001969887875020504, 0.00802621804177761, -0.004051673226058483, 0.0010622143745422363, 0.0033496180549263954, -0.0033308258280158043, 0.0014679718296974897, 0.00022037130838725716, 0.00046347506577149034], [-0.00019132375018671155, 0.0004694090748671442, -0.0014392622979357839, 0.003141816472634673, -0.0019583951216191053, -0.004051673226058483, 0.013381128199398518, -0.007340339943766594, -0.0003235883777961135, 0.001966725802049041, -0.0032027880661189556, 0.006097142584621906, -0.0030990280210971832], [0.0007080287323333323, 0.0005626374622806907, 0.0013701606076210737, -0.0018034337554126978, 7.47094236430712e-05, 0.0010622143745422363, -0.007340339943766594, 0.01488182321190834, -0.009000767022371292, 0.00018768577137961984, 0.006630346644669771, -0.009014274924993515, 0.005780916661024094], [-0.0004386554064694792, 0.0009529487579129636, 0.00033020233968272805, 0.0009342115372419357, -0.0005315338494256139, 0.0033496180549263954, -0.0003235883777961135, -0.009000767022371292, 0.01637486182153225, -0.0023654517717659473, -0.009927189908921719, 0.0078061046078801155, -0.0011442126706242561], [0.0003629742714110762, 0.000996580347418785, -0.00337152648717165, 0.0019942177459597588, 0.00043804620509035885, -0.0033308258280158043, 0.001966725802049041, 0.00018768577137961984, -0.0023654517717659473, 0.009844799526035786, -0.004270910285413265, 0.0015222561778500676, 0.0006960302125662565], [0.00012666835391428322, -0.002205048920586705, 0.004695671144872904, -0.001700537046417594, 0.0018775119679048657, 0.0014679718296974897, -0.0032027880661189556, 0.006630346644669771, -0.009927189908921719, -0.004270910285413265, 0.024470960721373558, -0.01385972835123539, -0.00018644487136043608], [-9.554342250339687e-05, 0.0036199595779180527, -0.005095753353089094, 0.004836210049688816, -0.0035100935492664576, 0.00022037130838725716, 0.006097142584621906, -0.009014274924993515, 0.0078061046078801155, 0.0015222561778500676, -0.01385972835123539, 0.024955537170171738, -0.009184380061924458], [0.00010332337842555717, -0.0013877332676202059, 0.00275494740344584, -0.003069816157221794, 0.0021314602345228195, 0.00046347506577149034, -0.0030990280210971832, 0.005780916661024094, -0.0011442126706242561, 0.0006960302125662565, -0.00018644487136043608, -0.009184380061924458, 0.0189300999045372]], "lowlevel.mfcc.cov": [[12585.076171875, 1559.664794921875, -761.2777099609375, -1325.8043212890625, -1465.0296630859375, -632.694580078125, -1193.1495361328125, -929.3857421875, -942.5897216796875, -514.9517211914062, -756.3592529296875, -288.599853515625, -314.22906494140625], [1559.664794921875, 2370.759765625, 319.3760070800781, -510.3951721191406, -371.9727478027344, 68.18095397949219, -185.3826446533203, -646.9794921875, -454.47955322265625, -120.64865112304688, -323.6855773925781, -429.8781433105469, -71.80810546875], [-761.2777099609375, 319.3760070800781, 473.8157653808594, 161.14471435546875, 81.32015991210938, 95.96355438232422, 39.6747932434082, -128.27200317382812, -74.14547729492188, -41.023197174072266, -53.629371643066406, -125.3411865234375, -9.141905784606934], [-1325.8043212890625, -510.3951721191406, 161.14471435546875, 553.9715576171875, 311.48370361328125, 48.45061492919922, 128.0666961669922, 130.6977081298828, 89.76756286621094, 47.059146881103516, 51.12581253051758, -6.830695152282715, 10.452082633972168], [-1465.0296630859375, -371.9727478027344, 81.32015991210938, 311.48370361328125, 345.7711181640625, 123.61521911621094, 152.8313446044922, 144.51695251464844, 108.25885009765625, 52.4825325012207, 65.57333374023438, -0.638018012046814, 11.453649520874023], [-632.694580078125, 68.18095397949219, 95.96355438232422, 48.45061492919922, 123.61521911621094, 215.74920654296875, 137.6358642578125, -39.24673080444336, -14.048521995544434, 47.81782150268555, -19.990697860717773, -115.56672668457031, 8.40527629852295], [-1193.1495361328125, -185.3826446533203, 39.6747932434082, 128.0666961669922, 152.8313446044922, 137.6358642578125, 260.11553955078125, 136.4005126953125, 111.79664611816406, 95.09986114501953, 72.81465148925781, -15.127575874328613, 44.79133224487305], [-929.3857421875, -646.9794921875, -128.27200317382812, 130.6977081298828, 144.51695251464844, -39.24673080444336, 136.4005126953125, 387.4686279296875, 261.7735595703125, 61.22343444824219, 163.09869384765625, 206.3906707763672, 26.585588455200195], [-942.5897216796875, -454.47955322265625, -74.14547729492188, 89.76756286621094, 108.25885009765625, -14.048521995544434, 111.79664611816406, 261.7735595703125, 263.61895751953125, 99.51249694824219, 158.27789306640625, 170.10072326660156, 41.86796188354492], [-514.9517211914062, -120.64865112304688, -41.023197174072266, 47.059146881103516, 52.4825325012207, 47.81782150268555, 95.09986114501953, 61.22343444824219, 99.51249694824219, 195.9519805908203, 116.52613830566406, 15.278585433959961, 78.31925964355469], [-756.3592529296875, -323.6855773925781, -53.629371643066406, 51.12581253051758, 65.57333374023438, -19.990697860717773, 72.81465148925781, 163.09869384765625, 158.27789306640625, 116.52613830566406, 206.48512268066406, 160.16421508789062, 72.41584014892578], [-288.599853515625, -429.8781433105469, -125.3411865234375, -6.830695152282715, -0.638018012046814, -115.56672668457031, -15.127575874328613, 206.3906707763672, 170.10072326660156, 15.278585433959961, 160.16421508789062, 299.90380859375, 52.04035949707031], [-314.22906494140625, -71.80810546875, -9.141905784606934, 10.452082633972168, 11.453649520874023, 8.40527629852295, 44.79133224487305, 26.585588455200195, 41.86796188354492, 78.31925964355469, 72.41584014892578, 52.04035949707031, 130.0024871826172]], "lowlevel.mfcc.icov": [[0.00032491746242158115, 6.283086986513808e-05, 0.0003664351534098387, -4.3555850425036624e-05, 0.0009480587905272841, -0.00018000445561483502, 0.0008531497442163527, -0.0003462970198597759, 0.0006520742317661643, -0.0003067938960157335, 0.0006246937555260956, 5.332418004400097e-05, 0.00015981707838363945], [6.283086986513808e-05, 0.001166164525784552, -0.0006917998543940485, 0.001176535151898861, -4.2717660107882693e-05, 0.0008101462153717875, -0.0004003571521025151, 0.001057773595675826, 0.0002538749831728637, -0.00037920978502370417, 0.0004497073532547802, 0.0006400426500476897, 0.0001657561952015385], [0.0003664351534098387, -0.0006917998543940485, 0.004324832931160927, -0.0022312684450298548, 0.0017091825138777494, -0.0017670919187366962, 0.0009354816866107285, 0.0009175677550956607, -0.0006567153031937778, 0.002284111687913537, -0.001045652781613171, 0.000747073907405138, -0.000440325791714713], [-4.3555850425036624e-05, 0.001176535151898861, -0.0022312684450298548, 0.0061612376011908054, -0.005359087139368057, 0.004429732449352741, -0.0018234032904729247, 0.0008816960616968572, 0.0008458558586426079, -0.0018232311122119427, 0.0014333005528897047, 0.0006455974071286619, 0.0002951615024358034], [0.0009480587905272841, -4.2717660107882693e-05, 0.0017091825138777494, -0.005359087139368057, 0.013315994292497635, -0.007337711285799742, 0.004043478984385729, -0.0036524981260299683, 0.0007993219187483191, 0.0012208139523863792, -0.0005818384233862162, 0.0010930802673101425, 0.0003676814667414874], [-0.00018000445561483502, 0.0008101462153717875, -0.0017670919187366962, 0.004429732449352741, -0.007337711285799742, 0.015468346886336803, -0.008181138895452023, 0.004746033810079098, -0.00015289259317796677, -0.0020377933979034424, 0.0016493414295837283, 0.001811884343624115, 0.0006594026344828308], [0.0008531497442163527, -0.0004003571521025151, 0.0009354816866107285, -0.0018234032904729247, 0.004043478984385729, -0.008181138895452023, 0.014343787916004658, -0.006695880088955164, 0.0005852234899066389, -0.0009811643976718187, -7.377278961939737e-05, 0.002899708691984415, -0.00206367508508265], [-0.0003462970198597759, 0.001057773595675826, 0.0009175677550956607, 0.0008816960616968572, -0.0036524981260299683, 0.004746033810079098, -0.006695880088955164, 0.014531983062624931, -0.008860710076987743, 0.0030278495978564024, -0.0012388188624754548, -0.0016534068854525685, 0.0014724840875715017], [0.0006520742317661643, 0.0002538749831728637, -0.0006567153031937778, 0.0008458558586426079, 0.0007993219187483191, -0.00015289259317796677, 0.0005852234899066389, -0.008860710076987743, 0.018825626000761986, -0.007042518816888332, 0.0011124109150841832, -0.004545907489955425, 0.0025319464039057493], [-0.0003067938960157335, -0.00037920978502370417, 0.002284111687913537, -0.0018232311122119427, 0.0012208139523863792, -0.0020377933979034424, -0.0009811643976718187, 0.0030278495978564024, -0.007042518816888332, 0.01594148389995098, -0.010319188237190247, 0.006752508692443371, -0.005191438365727663], [0.0006246937555260956, 0.0004497073532547802, -0.001045652781613171, 0.0014333005528897047, -0.0005818384233862162, 0.0016493414295837283, -7.377278961939737e-05, -0.0012388188624754548, 0.0011124109150841832, -0.010319188237190247, 0.020230529829859734, -0.008551081642508507, -0.00019463647913653404], [5.332418004400097e-05, 0.0006400426500476897, 0.000747073907405138, 0.0006455974071286619, 0.0010930802673101425, 0.001811884343624115, 0.002899708691984415, -0.0016534068854525685, -0.004545907489955425, 0.006752508692443371, -0.008551081642508507, 0.014087589457631111, -0.003871380817145109], [0.00015981707838363945, 0.0001657561952015385, -0.000440325791714713, 0.0002951615024358034, 0.0003676814667414874, 0.0006594026344828308, -0.00206367508508265, 0.0014724840875715017, 0.0025319464039057493, -0.005191438365727663, -0.00019463647913653404, -0.003871380817145109, 0.012420457787811756]], "metadata.audio_properties.analysis.downmix": "mix", "metadata.audio_properties.codec": "mp3", "metadata.audio_properties.md5_encoded": "14efa740124bad4baacac5d37602f0d4", "metadata.tags.file_name": "1183699086067638335.mp3", "metadata.version.essentia"