{"song_id": "1183694230393192510", "download": "https://cdn.discordapp.com/attachments/1135903449314238464/1183694230393192510/chirp.mp4?ex=65894428&amp", "lyrics": "[Verse]\nThe government's playing their manipulative game\nTheir promises and lies always sound the same\nIt's time for rebellion, our voices to be heard\nWe won't let them control us with their every word\n\n[Chorus]\nRise up, fight back, let the defiance ignite\nStand up for our freedom, let's take back the night\nWe won't be silenced, we won't back down\nContestatory about governments, revolution's our sound", "style": ["punk rock rap pop fusion"], "essentia_features": {"lowlevel.average_loudness": 0.975058376789093, "lowlevel.barkbands_crest.mean": 9.297632217407227, "lowlevel.barkbands_crest.stdev": 3.257641315460205, "lowlevel.barkbands_flatness_db.mean": 0.1008710116147995, "lowlevel.barkbands_flatness_db.stdev": 0.030271295458078384, "lowlevel.barkbands_kurtosis.mean": 2.4010698795318604, "lowlevel.barkbands_kurtosis.stdev": 6.014118194580078, "lowlevel.barkbands_skewness.mean": 1.489990234375, "lowlevel.barkbands_skewness.stdev": 1.0549767017364502, "lowlevel.barkbands_spread.mean": 36.32503890991211, "lowlevel.barkbands_spread.stdev": 15.43830680847168, "lowlevel.dissonance.mean": 0.47766682505607605, "lowlevel.dissonance.stdev": 0.0213459562510252, "lowlevel.dynamic_complexity": 1.5109834671020508, "lowlevel.erbbands_crest.mean": 8.193334579467773, "lowlevel.erbbands_crest.stdev": 3.6603097915649414, "lowlevel.erbbands_flatness_db.mean": 0.11520179361104965, "lowlevel.erbbands_flatness_db.stdev": 0.033475033938884735, "lowlevel.erbbands_kurtosis.mean": -0.004035242833197117, "lowlevel.erbbands_kurtosis.stdev": 1.6117563247680664, "lowlevel.erbbands_skewness.mean": -0.41894349455833435, "lowlevel.erbbands_skewness.stdev": 0.7218670845031738, "lowlevel.erbbands_spread.mean": 52.52255630493164, "lowlevel.erbbands_spread.stdev": 22.53133201599121, "lowlevel.hfc.mean": 30.679296493530273, "lowlevel.hfc.stdev": 14.505459785461426, "lowlevel.loudness_ebu128.integrated": -13.604375839233398, "lowlevel.loudness_ebu128.loudness_range": 0.9699735641479492, "lowlevel.loudness_ebu128.momentary.mean": -13.673868179321289, "lowlevel.loudness_ebu128.momentary.stdev": 0.7907553315162659, "lowlevel.loudness_ebu128.short_term.mean": -13.575992584228516, "lowlevel.loudness_ebu128.short_term.stdev": 0.3071099817752838, "lowlevel.melbands_crest.mean": 14.214775085449219, "lowlevel.melbands_crest.stdev": 3.998962879180908, "lowlevel.melbands_flatness_db.mean": 0.18197622895240784, "lowlevel.melbands_flatness_db.stdev": 0.03966982290148735, "lowlevel.melbands_kurtosis.mean": 17.688920974731445, "lowlevel.melbands_kurtosis.stdev": 23.376087188720703, "lowlevel.melbands_skewness.mean": 3.386155843734741, "lowlevel.melbands_skewness.stdev": 1.9576821327209473, "lowlevel.melbands_spread.mean": 29.42181968688965, "lowlevel.melbands_spread.stdev": 17.121782302856445, "lowlevel.pitch_salience.mean": 0.515028178691864, "lowlevel.pitch_salience.stdev": 0.09414409101009369, "lowlevel.silence_rate_20dB.mean": 1.0, "lowlevel.silence_rate_20dB.stdev": 0.0, "lowlevel.silence_rate_30dB.mean": 0.9993202090263367, "lowlevel.silence_rate_30dB.stdev": 0.02606436051428318, "lowlevel.silence_rate_60dB.mean": 0.0013596193166449666, "lowlevel.silence_rate_60dB.stdev": 0.036847926676273346, "lowlevel.spectral_centroid.mean": 1961.9368896484375, "lowlevel.spectral_centroid.stdev": 538.38330078125, "lowlevel.spectral_complexity.mean": 21.881032943725586, "lowlevel.spectral_complexity.stdev": 7.825085639953613, "lowlevel.spectral_decrease.mean": -8.263615569603644e-09, "lowlevel.spectral_decrease.stdev": 4.369068662413156e-09, "lowlevel.spectral_energy.mean": 0.03397143632173538, "lowlevel.spectral_energy.stdev": 0.01689460314810276, "lowlevel.spectral_energyband_high.mean": 0.001399447675794363, "lowlevel.spectral_energyband_high.stdev": 0.001105558592826128, "lowlevel.spectral_energyband_low.mean": 0.01614394225180149, "lowlevel.spectral_energyband_low.stdev": 0.014586449600756168, "lowlevel.spectral_energyband_middle_high.mean": 0.006326667033135891, "lowlevel.spectral_energyband_middle_high.stdev": 0.004917224403470755, "lowlevel.spectral_energyband_middle_low.mean": 0.011851144954562187, "lowlevel.spectral_energyband_middle_low.stdev": 0.00893367175012827, "lowlevel.spectral_entropy.mean": 7.806215763092041, "lowlevel.spectral_entropy.stdev": 0.2904570400714874, "lowlevel.spectral_flux.mean": 0.09747409075498581, "lowlevel.spectral_flux.stdev": 0.04417068883776665, "lowlevel.spectral_kurtosis.mean": 3.5608386993408203, "lowlevel.spectral_kurtosis.stdev": 1.6611040830612183, "lowlevel.spectral_rms.mean": 0.005608011968433857, "lowlevel.spectral_rms.stdev": 0.0013011825503781438, "lowlevel.spectral_rolloff.mean": 1953.254638671875, "lowlevel.spectral_rolloff.stdev": 1602.7137451171875, "lowlevel.spectral_skewness.mean": 1.2624199390411377, "lowlevel.spectral_skewness.stdev": 0.25266602635383606, "lowlevel.spectral_spread.mean": 5141713.0, "lowlevel.spectral_spread.stdev": 1438509.75, "lowlevel.spectral_strongpeak.mean": 0.7779015898704529, "lowlevel.spectral_strongpeak.stdev": 1.054118037223816, "lowlevel.zerocrossingrate.mean": 0.08258260041475296, "lowlevel.zerocrossingrate.stdev": 0.0309116393327713, "metadata.audio_properties.analysis.equal_loudness": 0.0, "metadata.audio_properties.analysis.length": 34.111995697021484, "metadata.audio_properties.analysis.sample_rate": 44100.0, "metadata.audio_properties.analysis.start_time": 0.0, "metadata.audio_properties.bit_rate": 123008.0, "metadata.audio_properties.length": 34.11199951171875, "metadata.audio_properties.lossless": 0.0, "metadata.audio_properties.number_channels": 1.0, "metadata.audio_properties.replay_gain": -12.534887313842773, "metadata.audio_properties.sample_rate": 48000.0, "rhythm.beats_count": 70.0, "rhythm.beats_loudness.mean": 0.035086315125226974, "rhythm.beats_loudness.stdev": 0.00916250329464674, "rhythm.bpm": 123.86982727050781, "rhythm.bpm_histogram_first_peak_bpm": 123.0, "rhythm.bpm_histogram_first_peak_weight": 0.27419352531433105, "rhythm.bpm_histogram_second_peak_bpm": 129.0, "rhythm.bpm_histogram_second_peak_spread": 0.0, "rhythm.bpm_histogram_second_peak_weight": 0.07246376574039459, "rhythm.danceability": 1.380569338798523, "rhythm.onset_rate": 3.193359136581421, "tonal.chords_changes_rate": 0.08423913270235062, "tonal.chords_number_rate": 0.019021738320589066, "tonal.chords_strength.mean": 0.5461795926094055, "tonal.chords_strength.stdev": 0.0955856665968895, "tonal.hpcp_crest.mean": 11.946444511413574, "tonal.hpcp_crest.stdev": 5.613935947418213, "tonal.hpcp_entropy.mean": 2.2734932899475098, "tonal.hpcp_entropy.stdev": 0.7461932301521301, "tonal.key_edma.strength": 0.677406370639801, "tonal.key_krumhansl.strength": 0.6854358315467834, "tonal.key_temperley.strength": 0.6984481811523438, "tonal.tuning_diatonic_strength": 0.6788772940635681, "tonal.tuning_equal_tempered_deviation": 0.13835357129573822, "tonal.tuning_frequency": 442.2933654785156, "tonal.tuning_nontempered_energy_ratio": 0.8601874113082886, "lowlevel.barkbands.mean": [0.0003394768573343754, 0.008479568175971508, 0.005617809481918812, 0.003442967776209116, 0.0027632778510451317, 0.0005157293053343892, 0.0013272720389068127, 0.0027515189722180367, 0.0009401552961207926, 0.00041940328083001077, 0.00022499334590975195, 0.0004137857467867434, 0.0007852342096157372, 0.0003920549061149359, 0.00048204726772382855, 0.0004730483051389456, 0.0007024651858955622, 0.000768210447859019, 0.001470523769967258, 0.00040714035276323557, 0.00030301115475595, 0.00022196563077159226, 0.00020014996698591858, 0.00020975178631488234, 0.00012153673742432147, 0.00017821320216171443, 2.0181423678877763e-05], "lowlevel.barkbands.stdev": [0.0003273385518696159, 0.010216686874628067, 0.005832037888467312, 0.0030054389499127865, 0.004399752244353294, 0.0010378744918853045, 0.0024986364878714085, 0.005207492038607597, 0.002194261411204934, 0.0011565519962459803, 0.0005036834045313299, 0.0010994486510753632, 0.0017610499635338783, 0.0008576209074817598, 0.000997174996882677, 0.0008028718293644488, 0.0008490095497108996, 0.0011753407306969166, 0.001485828892327845, 0.00040849950164556503, 0.0001990208838833496, 0.00017137355462182313, 0.0002481275296304375, 0.0003544437640812248, 0.0001878726325230673, 0.00023276674619410187, 2.45390892814612e-05], "lowlevel.erbbands.mean": [0.2447213977575302, 1.9448221921920776, 6.04005241394043, 9.564677238464355, 11.05766487121582, 8.716334342956543, 5.290301322937012, 3.9859845638275146, 8.886515617370605, 42.3211669921875, 56.04207229614258, 20.90546226501465, 17.477869033813477, 12.64519214630127, 10.359020233154297, 18.57309341430664, 36.59650802612305, 24.865835189819336, 25.294981002807617, 22.732254028320312, 29.559337615966797, 42.73616409301758, 43.829307556152344, 49.069557189941406, 71.8131103515625, 19.775178909301758, 13.678397178649902, 10.104852676391602, 8.352118492126465, 6.5740814208984375, 5.493619918823242, 5.147749900817871, 2.9740071296691895, 1.4376860857009888, 0.8020238876342773, 0.5078555941581726, 0.3907613158226013, 0.09006419032812119, 0.002245181007310748, 9.535757271805778e-05], "lowlevel.erbbands.stdev": [0.2269946038722992, 2.588113307952881, 6.629399299621582, 7.316978454589844, 13.879707336425781, 14.239913940429688, 8.958941459655762, 8.200791358947754, 22.676454544067383, 64.76140594482422, 116.09687805175781, 45.752681732177734, 38.658897399902344, 32.61164855957031, 19.518260955810547, 47.01987075805664, 81.49756622314453, 49.608238220214844, 51.82350158691406, 44.972354888916016, 43.530311584472656, 47.956336975097656, 62.98296356201172, 57.41650390625, 72.52847290039062, 16.453676223754883, 9.207139015197754, 6.873229503631592, 6.230226993560791, 5.980681896209717, 7.4217529296875, 8.772775650024414, 4.977208614349365, 2.4301047325134277, 1.201772928237915, 0.7627964615821838, 0.5142651796340942, 0.1005244180560112, 0.0026172499638050795, 6.299206870608032e-05], "lowlevel.gfcc.mean": [52.67433547973633, 54.0767822265625, -91.86882019042969, 50.21620559692383, -40.43623733520508, 10.477215766906738, -28.60408592224121, 21.053314208984375, -23.717517852783203, 6.2376885414123535, -22.384050369262695, -0.3620700538158417, -27.887279510498047], "lowlevel.melbands.mean": [0.0022903571370989084, 0.002905420958995819, 0.0017204193864017725, 0.0007180643151514232, 0.00021246874530334026, 8.873778278939426e-05, 0.00017008550639729947, 0.0005206209607422352, 0.0003982648777309805, 0.00012486946070566773, 8.647031063446775e-05, 5.1991675718454644e-05, 3.306604776298627e-05, 4.103950413991697e-05, 5.6618831877131015e-05, 8.944784349296242e-05, 3.7718396924901754e-05, 3.9993708924157545e-05, 3.077372457482852e-05, 2.869988020393066e-05, 3.5695502447197214e-05, 4.179787720204331e-05, 5.080265327706002e-05, 3.0032057111384347e-05, 3.838359043584205e-05, 6.345086876535788e-05, 3.0437055102083832e-05, 9.228103408531751e-06, 8.19946035335306e-06, 8.223249096772633e-06, 4.9944378588406835e-06, 4.88068553750054e-06, 4.021228050987702e-06, 3.505265112835332e-06, 3.007506848007324e-06, 3.3069270557462005e-06, 3.15255260829872e-06, 2.3177603907242883e-06, 1.4164024833007716e-06, 1.110421749217494e-06], "lowlevel.melbands.stdev": [0.0024495625402778387, 0.0031771662179380655, 0.0012407356407493353, 0.0011045291321352124, 0.0003141289053019136, 0.0001822231279220432, 0.0003772495547309518, 0.0007931319414637983, 0.0008702305494807661, 0.00029103137785568833, 0.0001980189117603004, 0.00014852656750008464, 7.069611456245184e-05, 0.00010183779522776604, 0.0001598066301085055, 0.00019701830751728266, 9.111550753004849e-05, 8.581592555856332e-05, 6.454551476053894e-05, 5.571157453232445e-05, 5.781350046163425e-05, 4.966375126969069e-05, 7.797423313604668e-05, 4.50312472821679e-05, 5.000252713216469e-05, 7.086774712661281e-05, 3.463466782704927e-05, 7.74145246396074e-06, 6.239892627490917e-06, 5.886294729862129e-06, 3.6985873066441854e-06, 3.7852412333450047e-06, 3.5922823826695094e-06, 3.5044524793192977e-06, 3.919075879821321e-06, 5.492440322996117e-06, 5.728885298594832e-06, 4.071052899234928e-06, 2.3283239443117054e-06, 1.980523165912018e-06], "lowlevel.melbands128.mean": [0.0002116006362484768, 0.0017646064516156912, 0.0033292355947196484, 0.0030252765864133835, 0.003127818927168846, 0.0026122434064745903, 0.001965649425983429, 0.0016558838542550802, 0.0010425649816170335, 0.0007602156838402152, 0.0004416999581735581, 0.00024520710576325655, 0.00017564973677508533, 0.00012897312990389764, 8.940283441916108e-05, 6.590218254132196e-05, 6.923332693986595e-05, 0.0001395266008330509, 0.00032300487509928644, 0.0005287453532218933, 0.0005594192771241069, 0.0007242114515975118, 0.00035387586103752255, 0.00013014435535296798, 0.00010035464219981804, 0.00012756841897498816, 0.00015761279792059213, 5.630771556752734e-05, 5.685862197424285e-05, 7.055631431285292e-05, 4.1962615796364844e-05, 3.296636714367196e-05, 3.867048508254811e-05, 2.466127807565499e-05, 3.42333696607966e-05, 4.561152672977187e-05, 5.3085575927980244e-05, 5.316728856996633e-05, 5.2038481953786686e-05, 0.0001066692711901851, 9.841873543336987e-05, 6.063644104870036e-05, 4.018072650069371e-05, 2.3519429305451922e-05, 3.0303395760711282e-05, 5.0814702262869105e-05, 4.3861786252819e-05, 2.2291425921139307e-05, 3.0329591027111746e-05, 3.459664003457874e-05, 2.5549856218276545e-05, 2.3446355044143274e-05, 4.0303795685758814e-05, 3.8689759094268084e-05, 3.273999027442187e-05, 4.9443638999946415e-05, 3.74735718651209e-05, 5.304168735165149e-05, 6.421237048925832e-05, 2.9494001864804886e-05, 3.0801249522482976e-05, 2.535834937589243e-05, 2.6771651391754858e-05, 4.2967061745002866e-05, 5.359182978281751e-05, 7.239184196805581e-05, 6.707650027237833e-05, 4.3476993596414104e-05, 2.1305657355696894e-05, 1.2743246770696715e-05, 8.216038622776978e-06, 7.671482308069244e-06, 8.497096132487059e-06, 8.11514019005699e-06, 7.92121409176616e-06, 9.869028872344643e-06, 7.739321517874487e-06, 5.132934802531963e-06, 4.7854123295110185e-06, 4.338256076152902e-06, 5.494331617228454e-06, 4.754261681227945e-06, 4.392172741063405e-06, 4.019438165414613e-06, 3.5381333418627037e-06, 3.838660632027313e-06, 3.3594428714422975e-06, 3.1941924589773407e-06, 2.731118911469821e-06, 3.0983123906480614e-06, 3.400930154384696e-06, 3.445021775405621e-06, 3.009999318237533e-06, 3.305898871985846e-06, 3.15311194754031e-06, 2.7213004614168312e-06, 2.1776982066512574e-06, 1.6593667169217952e-06, 1.3159614127289387e-06, 1.3970733334645047e-06, 1.2644062508115894e-06, 1.0757789823401254e-06, 8.919056426748284e-07, 9.201685315929353e-07, 9.548635944156558e-07, 8.454749149677809e-07, 8.895738687897392e-07, 5.763507715528249e-07, 6.562800081155729e-07, 1.1454443438196904e-06, 1.2844363936892478e-06, 1.1281657634754083e-06, 1.43420368203806e-06, 1.368459948025702e-06, 1.1227429013160872e-06, 1.0733489261838258e-06, 6.556961125170346e-07, 2.3545850069695007e-07, 1.4066736220286202e-08, 8.020114954099267e-12, 5.499480211501595e-12, 5.293361235447769e-12, 5.125482503698375e-12, 4.9851568185987905e-12, 4.811966797246825e-12, 4.615032748317427e-12, 4.505319294717536e-12, 4.4679394732571875e-12], "lowlevel.melbands128.stdev": [0.0002673568669706583, 0.0015943838516250253, 0.003755217185243964, 0.0047533512115478516, 0.003937684930860996, 0.002604155568405986, 0.0017004064284265041, 0.001546858693473041, 0.0015746597200632095, 0.0016034593572840095, 0.0007702999282628298, 0.00039619201561436057, 0.00037792412331327796, 0.0003239228390157223, 0.00023942456755321473, 0.00017768570978660136, 0.0002248535747639835, 0.0006032231030985713, 0.0006530405953526497, 0.0010326765477657318, 0.0012132057454437017, 0.001705250353552401, 0.0012354637729004025, 0.0005751134594902396, 0.0004016828315798193, 0.000401053432142362, 0.0004874923615716398, 0.0001769928348949179, 0.00024461004068143666, 0.0002988938067574054, 0.00013575382763519883, 9.549398237140849e-05, 0.00011437544890213758, 6.888994539622217e-05, 0.0001145279748016037, 0.000146679682075046, 0.00021466411999426782, 0.00023158479598350823, 0.00025389669463038445, 0.0003179637133143842, 0.0002614716358948499, 0.0002074847579933703, 0.00015139156312216073, 7.940478826640174e-05, 9.430743375560269e-05, 0.00014532798377331346, 0.00015229496057145298, 7.642015407327563e-05, 0.00010444428335176781, 9.993031562771648e-05, 7.98797482275404e-05, 4.5566772314487025e-05, 8.091846393654123e-05, 0.00010045201634056866, 5.241174585535191e-05, 7.980560621945187e-05, 6.206579564604908e-05, 0.00010716303950175643, 0.0001348147343378514, 6.343127461150289e-05, 6.108413799665868e-05, 4.812241604668088e-05, 4.428960528457537e-05, 7.438118336722255e-05, 9.238210623152554e-05, 0.00012070312368450686, 9.260796650778502e-05, 5.893928027944639e-05, 4.247505421517417e-05, 1.5181140042841434e-05, 9.054156180354767e-06, 6.969426976866089e-06, 8.405602784478106e-06, 7.44585167922196e-06, 6.896291779412422e-06, 8.27004259917885e-06, 6.655316155956825e-06, 4.849866400036262e-06, 4.238997917127563e-06, 3.965844371123239e-06, 5.427251380751841e-06, 4.019337666250067e-06, 4.646961315302178e-06, 4.163218818575842e-06, 4.052942131238524e-06, 4.1104799493041355e-06, 4.138099939154927e-06, 3.8059324651840143e-06, 3.853497673844686e-06, 5.2113136916887015e-06, 5.9237718232907355e-06, 6.339646915876074e-06, 5.1669790082087275e-06, 6.73513977744733e-06, 6.236358331079828e-06, 5.25540963280946e-06, 4.0690770219953265e-06, 2.861895609385101e-06, 2.306753003722406e-06, 2.5351350814162288e-06, 2.3023421817924827e-06, 2.1471630589076085e-06, 1.8179746348323533e-06, 1.7198711930177524e-06, 1.6621363556623692e-06, 1.2027511502310517e-06, 1.5832467852305854e-06, 1.055979168995691e-06, 1.381190827487444e-06, 1.8206914091933868e-06, 2.1671244212484453e-06, 1.6088445136119844e-06, 2.092982413159916e-06, 1.941272103067604e-06, 1.466601815991453e-06, 1.391035311826272e-06, 7.136676458685542e-07, 4.929466967951157e-07, 6.144570363630919e-08, 1.3574766311030828e-11, 9.99032540721645e-12, 9.120552403596438e-12, 8.520611299855929e-12, 8.005757515250345e-12, 7.218072927556163e-12, 6.626854880814603e-12, 6.500263435155196e-12, 6.463528497147042e-12], "lowlevel.mfcc.mean": [-601.6026611328125, 89.23064422607422, 9.257397651672363, 45.11811065673828, 12.903852462768555, 4.880801677703857, 6.982970237731934, 11.90090274810791, 1.3501349687576294, 10.041077613830566, 5.515045642852783, 3.9298653602600098, -0.102086640894413], "lowlevel.spectral_contrast_coeffs.mean": [-0.7121074199676514, -0.7280656099319458, -0.7779356837272644, -0.777497410774231, -0.7615562081336975, -0.7375769019126892], "lowlevel.spectral_contrast_coeffs.stdev": [0.05548672378063202, 0.08976691216230392, 0.07089109718799591, 0.06258103996515274, 0.056907039135694504, 0.03419560194015503], "lowlevel.spectral_contrast_valleys.mean": [-6.245699882507324, -6.915421485900879, -7.512360572814941, -7.490969181060791, -6.866064071655273, -9.641641616821289], "lowlevel.spectral_contrast_valleys.stdev": [0.4658787250518799, 0.5532423853874207, 0.47640460729599, 0.43535569310188293, 0.39985743165016174, 0.5604101419448853], "rhythm.beats_loudness_band_ratio.mean": [0.44195982813835144, 0.11133506894111633, 0.1942591667175293, 0.06350687891244888, 0.10774319618940353, 0.12042086571455002], "rhythm.beats_loudness_band_ratio.stdev": [0.14351710677146912, 0.08806104958057404, 0.12729109823703766, 0.07426376640796661, 0.07312356680631638, 0.05272425711154938], "tonal.hpcp.mean": [0.2904956638813019, 0.14254188537597656, 0.12066695094108582, 0.12644463777542114, 0.10958851873874664, 0.163774773478508, 0.20496287941932678, 0.13677653670310974, 0.07757765054702759, 0.05708957836031914, 0.04454324394464493, 0.09621559083461761, 0.13383471965789795, 0.10113636404275894, 0.1338232010602951, 0.20204474031925201, 0.1495358943939209, 0.07003915309906006, 0.05505000427365303, 0.05376681685447693, 0.1219446063041687, 0.15851548314094543, 0.10891728848218918, 0.10871701687574387, 0.09481800347566605, 0.05353754386305809, 0.06699883192777634, 0.08142396807670593, 0.07792679965496063, 0.12089161574840546, 0.13768209517002106, 0.0972929298877716, 0.08655403554439545, 0.10324658453464508, 0.17020827531814575, 0.3116734027862549], "tonal.hpcp.stdev": [0.35555776953697205, 0.2212172895669937, 0.25171369314193726, 0.2760327458381653, 0.22091799974441528, 0.25547805428504944, 0.31279411911964417, 0.24598857760429382, 0.18933314085006714, 0.16722378134727478, 0.14240147173404694, 0.20733274519443512, 0.28015902638435364, 0.1977088451385498, 0.23950035870075226, 0.3377583622932434, 0.2596147358417511, 0.15937680006027222, 0.13747307658195496, 0.12769432365894318, 0.1998586356639862, 0.24589300155639648, 0.1783222109079361, 0.18503139913082123, 0.18043376505374908, 0.1254229098558426, 0.13496965169906616, 0.16490142047405243, 0.16006408631801605, 0.25176510214805603, 0.28998255729675293, 0.20360121130943298, 0.186331108212471, 0.2043260633945465, 0.25192421674728394, 0.3670182526111603], "rhythm.beats_position": [0.4411791265010834, 0.8823582530021667, 1.3235373497009277, 1.7879364490509033, 2.2755556106567383, 2.763174533843994, 3.2391836643218994, 3.7268025875091553, 4.2028117179870605, 4.690430641174316, 5.178049564361572, 5.654058933258057, 6.1416778564453125, 6.629296779632568, 7.105306148529053, 7.581315040588379, 8.057324409484863, 8.533332824707031, 9.009342193603516, 9.49696159362793, 9.984580039978027, 10.472199440002441, 10.959818840026855, 11.447437286376953, 11.935056686401367, 12.422675132751465, 12.910294532775879, 13.397913932800293, 13.873922348022461, 14.361541748046875, 14.83755111694336, 15.325169563293457, 15.812788963317871, 16.30040740966797, 16.788026809692383, 17.275646209716797, 17.76326560974121, 18.250883102416992, 18.738502502441406, 19.22612190246582, 19.713741302490234, 20.20136070251465, 20.677370071411133, 21.153377532958984, 21.6409969329834, 22.128616333007812, 22.593015670776367, 23.08063507080078, 23.568254470825195, 24.055871963500977, 24.54349136352539, 25.007890701293945, 25.4722900390625, 25.959909439086914, 26.447526931762695, 26.93514633178711, 27.422765731811523, 27.910385131835938, 28.386394500732422, 28.862403869628906, 29.350021362304688, 29.8376407623291, 30.325260162353516, 30.81287956237793, 31.288888931274414, 31.7648983001709, 32.25251770019531, 32.740135192871094, 33.20453643798828, 33.6805419921875], "rhythm.bpm_histogram": [0.0, 0.0, 0.0, 0.0, 0.0, 0.0, 0.0, 0.0, 0.0, 0.0, 0.0, 0.0, 0.0, 0.0, 0.0, 0.0, 0.0, 0.0, 0.0, 0.0, 0.0, 0.0, 0.0, 0.0, 0.0, 0.0, 0.0, 0.0, 0.0, 0.0, 0.0, 0.0, 0.0, 0.0, 0.0, 0.0, 0.0, 0.0, 0.0, 0.0, 0.0, 0.0, 0.0, 0.0, 0.0, 0.0, 0.0, 0.0, 0.0, 0.0, 0.0, 0.0, 0.0, 0.0, 0.0, 0.0, 0.0, 0.0, 0.0, 0.0, 0.0, 0.0, 0.0, 0.0, 0.0, 0.0, 0.0, 0.0, 0.0, 0.0, 0.0, 0.0, 0.0, 0.0, 0.0, 0.0, 0.0, 0.0, 0.0, 0.0, 0.0, 0.0, 0.0, 0.0, 0.0, 0.0, 0.0, 0.0, 0.0, 0.0, 0.0, 0.0, 0.0, 0.0, 0.0, 0.0, 0.0, 0.0, 0.0, 0.0, 0.0, 0.0, 0.0, 0.0, 0.0, 0.0, 0.0, 0.0, 0.0, 0.0, 0.0, 0.0, 0.0, 0.0, 0.0, 0.0, 0.0, 0.0, 0.0, 0.0, 0.0, 0.0, 0.0, 0.6521739363670349, 0.0, 0.0, 0.24637681245803833, 0.0, 0.0, 0.07246376574039459, 0.0, 0.0, 0.0, 0.0, 0.0, 0.0, 0.028985507786273956, 0.0, 0.0, 0.0, 0.0, 0.0, 0.0, 0.0, 0.0, 0.0, 0.0, 0.0, 0.0, 0.0, 0.0, 0.0, 0.0, 0.0, 0.0, 0.0, 0.0, 0.0, 0.0, 0.0, 0.0, 0.0, 0.0, 0.0, 0.0, 0.0, 0.0, 0.0, 0.0, 0.0, 0.0, 0.0, 0.0, 0.0, 0.0, 0.0, 0.0, 0.0, 0.0, 0.0, 0.0, 0.0, 0.0, 0.0, 0.0, 0.0, 0.0, 0.0, 0.0, 0.0, 0.0, 0.0, 0.0, 0.0, 0.0, 0.0, 0.0, 0.0, 0.0, 0.0, 0.0, 0.0, 0.0, 0.0, 0.0, 0.0, 0.0, 0.0, 0.0, 0.0, 0.0, 0.0, 0.0, 0.0, 0.0, 0.0, 0.0, 0.0, 0.0, 0.0, 0.0, 0.0, 0.0, 0.0, 0.0, 0.0, 0.0, 0.0, 0.0, 0.0, 0.0, 0.0, 0.0, 0.0, 0.0, 0.0, 0.0, 0.0, 0.0, 0.0, 0.0, 0.0, 0.0, 0.0, 0.0, 0.0, 0.0, 0.0, 0.0, 0.0], "tonal.chords_histogram": [2.9891304969787598, 3.125, 15.35326099395752, 13.45108699798584, 6.793478488922119, 6.25, 8.69565200805664, 0.0, 0.135869562625885, 0.0, 8.288043022155762, 0.54347825050354, 6.25, 0.0, 0.0, 8.967391014099121, 6.38586950302124, 4.07608699798584, 0.0, 0.0, 0.27173912525177, 0.0, 3.9402174949645996, 4.4836955070495605], "tonal.thpcp": [1.0, 0.9320514798164368, 0.4573437571525574, 0.3871583342552185, 0.40569594502449036, 0.351613312959671, 0.525469183921814, 0.6576206684112549, 0.4388457238674164, 0.24890686571598053, 0.18317115306854248, 0.14291641116142273, 0.30870646238327026, 0.42940694093704224, 0.32449468970298767, 0.4293699860572815, 0.6482579112052917, 0.47978395223617554, 0.22471970319747925, 0.17662721872329712, 0.17251011729240417, 0.3912576735019684, 0.508594810962677, 0.3494596779346466, 0.3488171100616455, 0.30422231554985046, 0.1717745065689087, 0.2149648666381836, 0.2612477242946625, 0.2500271201133728, 0.3878791630268097, 0.4417511820793152, 0.3121630847454071, 0.2777074873447418, 0.33126530051231384, 0.546110987663269], "lowlevel.gfcc.cov": [[1536.340087890625, 41.98635482788086, -127.73883056640625, -141.82315063476562, -4.373568058013916, -24.4868221282959, -24.213945388793945, 73.73825073242188, -0.11849456280469894, -0.450484961271286, -4.889613151550293, -37.95319366455078, -87.65731811523438], [41.98635482788086, 477.1553649902344, -218.8115234375, -56.18272399902344, -28.618831634521484, -73.82205200195312, 65.65006256103516, -38.81665802001953, 11.380166053771973, 13.19728946685791, 48.84127426147461, -50.18997573852539, -30.30815887451172], [-127.73883056640625, -218.8115234375, 423.0614013671875, 117.06320190429688, -30.385658264160156, 73.7186279296875, -44.763912200927734, -35.821903228759766, -22.646841049194336, 10.384462356567383, -29.43427085876465, 60.48280334472656, 66.62310028076172], [-141.82315063476562, -56.18272399902344, 117.06320190429688, 207.17550659179688, 43.888641357421875, -1.9223982095718384, -38.495994567871094, -23.105518341064453, 23.24587631225586, -7.7976179122924805, -19.436508178710938, 20.4100399017334, 72.36164855957031], [-4.373568058013916, -28.618831634521484, -30.385658264160156, 43.888641357421875, 170.2887725830078, 14.358213424682617, -6.928857326507568, 42.64235305786133, 9.014399528503418, -27.782129287719727, -19.899456024169922, 2.2744157314300537, 5.374705791473389], [-24.4868221282959, -73.82205200195312, 73.7186279296875, -1.9223982095718384, 14.358213424682617, 114.43511962890625, 43.01582717895508, -4.675193786621094, -22.68608856201172, 4.0535664558410645, 12.113176345825195, 6.885958194732666, -13.114964485168457], [-24.213945388793945, 65.65006256103516, -44.763912200927734, -38.495994567871094, -6.928857326507568, 43.01582717895508, 143.4493408203125, 24.719579696655273, -30.261394500732422, -8.868837356567383, 17.91143226623535, -2.951277732849121, -36.385189056396484], [73.73825073242188, -38.81665802001953, -35.821903228759766, -23.105518341064453, 42.64235305786133, -4.675193786621094, 24.719579696655273, 120.55817413330078, 29.767545700073242, -27.87099838256836, -9.274130821228027, 3.732417583465576, -6.859394073486328], [-0.11849456280469894, 11.380166053771973, -22.646841049194336, 23.24587631225586, 9.014399528503418, -22.68608856201172, -30.261394500732422, 29.767545700073242, 95.99662017822266, 36.234188079833984, 1.4291393756866455, -23.38855743408203, -2.1244325637817383], [-0.450484961271286, 13.19728946685791, 10.384462356567383, -7.7976179122924805, -27.782129287719727, 4.0535664558410645, -8.868837356567383, -27.87099838256836, 36.234188079833984, 97.55802154541016, 34.994869232177734, -18.48008155822754, -27.605436325073242], [-4.889613151550293, 48.84127426147461, -29.43427085876465, -19.436508178710938, -19.899456024169922, 12.113176345825195, 17.91143226623535, -9.274130821228027, 1.4291393756866455, 34.994869232177734, 75.38727569580078, 4.497692108154297, -29.79637336730957], [-37.95319366455078, -50.18997573852539, 60.48280334472656, 20.4100399017334, 2.2744157314300537, 6.885958194732666, -2.951277732849121, 3.732417583465576, -23.38855743408203, -18.48008155822754, 4.497692108154297, 68.89728546142578, 46.05665969848633], [-87.65731811523438, -30.30815887451172, 66.62310028076172, 72.36164855957031, 5.374705791473389, -13.114964485168457, -36.385189056396484, -6.859394073486328, -2.1244325637817383, -27.605436325073242, -29.79637336730957, 46.05665969848633, 109.25284576416016]], "lowlevel.gfcc.icov": [[0.0007626846781931818, -0.00020521818078123033, 0.00012552760017570108, 0.00016811606474220753, 0.00017661081801634282, -0.00022721069399267435, 0.0007049035048112273, -0.0007698807748965919, 0.0004611164331436157, -0.0002557369589339942, 0.0004851416451856494, -0.00019707033061422408, 0.0006772976485081017], [-0.00020521818078123033, 0.004355482757091522, 0.000744759279768914, 0.00099733448587358, -0.0007024438236840069, 0.00336302537471056, -0.0035172977950423956, 0.003218169091269374, -0.001557664480060339, 0.0014495663344860077, -0.003691882360726595, 0.003376117441803217, -0.002696325769647956], [0.00012552760017570108, 0.000744759279768914, 0.005166830960661173, -0.002760123461484909, 0.002211262471973896, -0.0034698150120675564, 0.0017121648415923119, -0.0005521008861251175, 0.001396192703396082, -0.002138902898877859, 0.0029915617778897285, -0.0035573134664446115, 0.0007971223094500601], [0.00016811606474220753, 0.00099733448587358, -0.002760123461484909, 0.009691983461380005, -0.003751541255041957, 0.0025812292005866766, -0.002151841064915061, 0.004006847273558378, -0.004217245616018772, 0.0023598442785441875, -0.0032507742289453745, 0.0034272181801497936, -0.006112358998507261], [0.00017661081801634282, -0.0007024438236840069, 0.002211262471973896, -0.003751541255041957, 0.00885202456265688, -0.00386575679294765, 0.0028684213757514954, -0.004119338002055883, 0.0013822230976074934, -7.705137977609411e-05, 0.003428619122132659, -0.0025033054407685995, 0.002878069644793868], [-0.00022721069399267435, 0.00336302537471056, -0.0034698150120675564, 0.0025812292005866766, -0.00386575679294765, 0.016578705981373787, -0.0075339325703680515, 0.003971267491579056, -0.000545083312317729, 0.0014103195862844586, -0.006056739948689938, 0.004567469470202923, -0.0021540410816669464], [0.0007049035048112273, -0.0035172977950423956, 0.0017121648415923119, -0.002151841064915061, 0.0028684213757514954, -0.0075339325703680515, 0.014208233915269375, -0.006913539953529835, 0.005827686283737421, -0.001981958979740739, 0.0033062754664570093, -0.003711668075993657, 0.005302198696881533], [-0.0007698807748965919, 0.003218169091269374, -0.0005521008861251175, 0.004006847273558378, -0.004119338002055883, 0.003971267491579056, -0.006913539953529835, 0.01757945492863655, -0.010838616639375687, 0.007565791253000498, -0.0030138823203742504, -0.0008632843964733183, -0.0013186185387894511], [0.0004611164331436157, -0.001557664480060339, 0.001396192703396082, -0.004217245616018772, 0.0013822230976074934, -0.000545083312317729, 0.005827686283737421, -0.010838616639375687, 0.022092701867222786, -0.010676843114197254, 0.0021604846697300673, 0.00500706909224391, -0.0007831646944396198], [-0.0002557369589339942, 0.0014495663344860077, -0.002138902898877859, 0.0023598442785441875, -7.705137977609411e-05, 0.0014103195862844586, -0.001981958979740739, 0.007565791253000498, -0.010676843114197254, 0.020519761368632317, -0.009128138422966003, 0.003233345691114664, 0.00105095689650625], [0.0004851416451856494, -0.003691882360726595, 0.0029915617778897285, -0.0032507742289453745, 0.003428619122132659, -0.006056739948689938, 0.0033062754664570093, -0.0030138823203742504, 0.0021604846697300673, -0.009128138422966003, 0.025749443098902702, -0.013465989381074905, 0.010144932195544243], [-0.00019707033061422408, 0.003376117441803217, -0.0035573134664446115, 0.0034272181801497936, -0.0025033054407685995, 0.004567469470202923, -0.003711668075993657, -0.0008632843964733183, 0.00500706909224391, 0.003233345691114664, -0.013465989381074905, 0.03305130824446678, -0.016632433980703354], [0.0006772976485081017, -0.002696325769647956, 0.0007971223094500601, -0.006112358998507261, 0.002878069644793868, -0.0021540410816669464, 0.005302198696881533, -0.0013186185387894511, -0.0007831646944396198, 0.00105095689650625, 0.010144932195544243, -0.016632433980703354, 0.023822404444217682]], "lowlevel.mfcc.cov": [[1233.4586181640625, 113.12616729736328, -206.78189086914062, -80.58415985107422, -31.283498764038086, -100.22673034667969, -28.76205825805664, 16.512008666992188, -58.4066162109375, 47.97196578979492, 80.46112823486328, -22.065250396728516, -44.716453552246094], [113.12616729736328, 386.27142333984375, -177.02645874023438, -21.240188598632812, -100.36296844482422, -25.42906379699707, 16.23594856262207, -12.170340538024902, -51.88570785522461, 7.817561626434326, 63.81147384643555, 7.138825416564941, -13.539599418640137], [-206.78189086914062, -177.02645874023438, 408.3518371582031, 18.434505462646484, 1.7118405103683472, 74.48909759521484, -3.939202308654785, -49.497257232666016, 26.38249397277832, -50.58051681518555, -78.42652893066406, 27.376802444458008, 51.55605697631836], [-80.58415985107422, -21.240188598632812, 18.434505462646484, 164.860595703125, 53.89990997314453, 8.253170013427734, -31.30797004699707, -6.17963171005249, 37.56300354003906, -4.517065048217773, -49.123268127441406, -17.956336975097656, 20.97528076171875], [-31.283498764038086, -100.36296844482422, 1.7118405103683472, 53.89990997314453, 196.41641235351562, -8.712373733520508, -41.968727111816406, 19.18410873413086, 37.1961669921875, 22.421016693115234, -43.97015380859375, -33.08476257324219, -8.984413146972656], [-100.22673034667969, -25.42906379699707, 74.48909759521484, 8.253170013427734, -8.712373733520508, 128.6704559326172, 36.382286071777344, -33.848289489746094, -9.24840259552002, -13.479084014892578, -2.0487518310546875, 18.57958984375, 6.452943801879883], [-28.76205825805664, 16.23594856262207, -3.939202308654785, -31.30797004699707, -41.968727111816406, 36.382286071777344, 129.78240966796875, 58.75052261352539, -18.74827766418457, -21.961702346801758, 26.928367614746094, 12.990001678466797, -16.24993133544922], [16.512008666992188, -12.170340538024902, -49.497257232666016, -6.17963171005249, 19.18410873413086, -33.848289489746094, 58.75052261352539, 129.83724975585938, 26.46634864807129, -4.293575763702393, 1.2787357568740845, -16.207046508789062, -26.550186157226562], [-58.4066162109375, -51.88570785522461, 26.38249397277832, 37.56300354003906, 37.1961669921875, -9.24840259552002, -18.74827766418457, 26.46634864807129, 96.79960632324219, 10.570953369140625, -39.67792510986328, -25.584199905395508, 3.873150587081909], [47.97196578979492, 7.817561626434326, -50.58051681518555, -4.517065048217773, 22.421016693115234, -13.479084014892578, -21.961702346801758, -4.293575763702393, 10.570953369140625, 82.97338104248047, 38.362579345703125, 3.301541566848755, -11.515703201293945], [80.46112823486328, 63.81147384643555, -78.42652893066406, -49.123268127441406, -43.97015380859375, -2.0487518310546875, 26.928367614746094, 1.2787357568740845, -39.67792510986328, 38.362579345703125, 123.42974853515625, 43.242332458496094, -15.84647274017334], [-22.065250396728516, 7.138825416564941, 27.376802444458008, -17.956336975097656, -33.08476257324219, 18.57958984375, 12.990001678466797, -16.207046508789062, -25.584199905395508, 3.301541566848755, 43.242332458496094, 95.22688293457031, 42.40554428100586], [-44.716453552246094, -13.539599418640137, 51.55605697631836, 20.97528076171875, -8.984413146972656, 6.452943801879883, -16.24993133544922, -26.550186157226562, 3.873150587081909, -11.515703201293945, -15.84647274017334, 42.40554428100586, 85.79348754882812]], "lowlevel.mfcc.icov": [[0.00097641785396263, -6.80719949741615e-06, 0.00024595294962637126, 0.00028214402846060693, 9.865294123301283e-05, 0.0004394036659505218, 0.00031569262500852346, -0.0001234913943335414, 0.0005136121762916446, -0.00022579208598472178, -0.00028215348720550537, 0.0003661782538983971, 3.3212534162885277e-06], [-6.80719949741615e-06, 0.00404100026935339, 0.0016753260279074311, -0.0005818750360049307, 0.001868651364929974, 0.00025574275059625506, -0.00017397374904248863, 0.0007039954653009772, 0.0008953778888098896, 0.00021010158525314182, -0.0004740860895253718, 0.00036111482768319547, -0.00014722355990670621], [0.00024595294962637126, 0.0016753260279074311, 0.004425152204930782, 0.0004091816663276404, 0.0007036169990897179, -0.0012464033206924796, -0.00023760546173434705, 0.0014044627314433455, -0.0007964904652908444, 0.0011840699007734656, 0.0020319405011832714, -0.0014493879862129688, -0.0005230113747529685], [0.00028214402846060693, -0.0005818750360049307, 0.0004091816663276404, 0.00808613933622837, -0.0015998429153114557, -0.00115159060806036, 0.0010703910375013947, -6.59792494843714e-05, -0.0017632326344028115, 0.0002776433830149472, 0.0016197488876059651, 0.0006971294642426074, -0.0019947378896176815], [9.865294123301283e-05, 0.001868651364929974, 0.0007036169990897179, -0.0015998429153114557, 0.00795825570821762, -0.000963280035648495, 0.0025692093186080456, -0.0022557664196938276, 0.000674865732435137, -0.002538168802857399, 0.0018937001004815102, 0.0007268855115398765, 0.0006283713737502694], [0.0004394036659505218, 0.00025574275059625506, -0.0012464033206924796, -0.00115159060806036, -0.000963280035648495, 0.012442344799637794, -0.006500858813524246, 0.006058695260435343, -0.00063986552413553, 0.00011624821490840986, 0.00011222762987017632, -0.0016416264697909355, 0.001783491694368422], [0.00031569262500852346, -0.00017397374904248863, -0.00023760546173434705, 0.0010703910375013947, 0.0025692093186080456, -0.006500858813524246, 0.016711490228772163, -0.010059012100100517, 0.0027948799543082714, 0.00276886741630733, -0.0024734395556151867, 3.7136400351300836e-05, 0.000598811951931566], [-0.0001234913943335414, 0.0007039954653009772, 0.0014044627314433455, -6.59792494843714e-05, -0.0022557664196938276, 0.006058695260435343, -0.010059012100100517, 0.016365712508559227, -0.005465059541165829, 0.0015519959852099419, 0.0005133494851179421, -0.0013552005402743816, 0.002906030509620905], [0.0005136121762916446, 0.0008953778888098896, -0.0007964904652908444, -0.0017632326344028115, 0.000674865732435137, -0.00063986552413553, 0.0027948799543082714, -0.005465059541165829, 0.01640492118895054, -0.0047052050940692425, 0.003057194873690605, 0.003097169566899538, -0.0020626874174922705], [-0.00022579208598472178, 0.00021010158525314182, 0.0011840699007734656, 0.0002776433830149472, -0.002538168802857399, 0.00011624821490840986, 0.00276886741630733, 0.0015519959852099419, -0.0047052050940692425, 0.018755054101347923, -0.007620488293468952, -0.00045825785491615534, 0.0014150310307741165], [-0.00028215348720550537, -0.0004740860895253718, 0.0020319405011832714, 0.0016197488876059651, 0.0018937001004815102, 0.00011222762987017632, -0.0024734395556151867, 0.0005133494851179421, 0.003057194873690605, -0.007620488293468952, 0.018672367557883263, -0.008703645318746567, 0.004631286486983299], [0.0003661782538983971, 0.00036111482768319547, -0.0014493879862129688, 0.0006971294642426074, 0.0007268855115398765, -0.0016416264697909355, 3.7136400351300836e-05, -0.0013552005402743816, 0.003097169566899538, -0.00045825785491615534, -0.008703645318746567, 0.021442048251628876, -0.011671566404402256], [3.3212534162885277e-06, -0.00014722355990670621, -0.0005230113747529685, -0.0019947378896176815, 0.0006283713737502694, 0.001783491694368422, 0.000598811951931566, 0.002906030509620905, -0.0020626874174922705, 0.0014150310307741165, 0.004631286486983299, -0.011671566404402256, 0.02028820291161537]], "metadata.audio_properties.analysis.downmix": "mix", "metadata.audio_properties.codec": "mp3", "metadata.audio_properties.md5_encoded": "450c203f51d6b7354c4b9ddd0a0defea", "metadata.tags.file_name": "1183694230393192510.mp3", "metadata.version.essentia": "2.1-beta6-dev", "metadata.version.essentia_git_sha": "v2.1_beta5-1110-g77a6a954", "metadata.version.extractor": "music