{"song_id": "1183694540578762773", "download": "https://cdn.discordapp.com/attachments/1135911532732108921/1183694540578762773/chirp.mp4?ex=65894472&amp", "lyrics": "-", "style": ["random"], "essentia_features": {"lowlevel.average_loudness": 0.8881344795227051, "lowlevel.barkbands_crest.mean": 11.464957237243652, "lowlevel.barkbands_crest.stdev": 6.229954242706299, "lowlevel.barkbands_flatness_db.mean": 0.1461338847875595, "lowlevel.barkbands_flatness_db.stdev": 0.07190204411745071, "lowlevel.barkbands_kurtosis.mean": 13.018674850463867, "lowlevel.barkbands_kurtosis.stdev": 50.96668243408203, "lowlevel.barkbands_skewness.mean": 1.4902541637420654, "lowlevel.barkbands_skewness.stdev": 2.926076889038086, "lowlevel.barkbands_spread.mean": 23.99751091003418, "lowlevel.barkbands_spread.stdev": 16.31471824645996, "lowlevel.dissonance.mean": 0.4667940139770508, "lowlevel.dissonance.stdev": 0.03550335392355919, "lowlevel.dynamic_complexity": 2.2774240970611572, "lowlevel.erbbands_crest.mean": 9.316389083862305, "lowlevel.erbbands_crest.stdev": 4.302917003631592, "lowlevel.erbbands_flatness_db.mean": 0.16842520236968994, "lowlevel.erbbands_flatness_db.stdev": 0.043180204927921295, "lowlevel.erbbands_kurtosis.mean": 1.0658683776855469, "lowlevel.erbbands_kurtosis.stdev": 2.322564125061035, "lowlevel.erbbands_skewness.mean": 0.18565690517425537, "lowlevel.erbbands_skewness.stdev": 0.9614487290382385, "lowlevel.erbbands_spread.mean": 37.45012283325195, "lowlevel.erbbands_spread.stdev": 20.330568313598633, "lowlevel.hfc.mean": 40.14134979248047, "lowlevel.hfc.stdev": 45.82675552368164, "lowlevel.loudness_ebu128.integrated": -12.187871932983398, "lowlevel.loudness_ebu128.loudness_range": 1.2422237396240234, "lowlevel.loudness_ebu128.momentary.mean": -12.492118835449219, "lowlevel.loudness_ebu128.momentary.stdev": 1.6262824535369873, "lowlevel.loudness_ebu128.short_term.mean": -12.209786415100098, "lowlevel.loudness_ebu128.short_term.stdev": 0.46046772599220276, "lowlevel.melbands_crest.mean": 16.19367790222168, "lowlevel.melbands_crest.stdev": 8.965232849121094, "lowlevel.melbands_flatness_db.mean": 0.17403919994831085, "lowlevel.melbands_flatness_db.stdev": 0.10773426294326782, "lowlevel.melbands_kurtosis.mean": 28.30921745300293, "lowlevel.melbands_kurtosis.stdev": 76.9324722290039, "lowlevel.melbands_skewness.mean": 2.8442230224609375, "lowlevel.melbands_skewness.stdev": 3.5125715732574463, "lowlevel.melbands_spread.mean": 39.675682067871094, "lowlevel.melbands_spread.stdev": 40.270118713378906, "lowlevel.pitch_salience.mean": 0.5461758375167847, "lowlevel.pitch_salience.stdev": 0.19721221923828125, "lowlevel.silence_rate_20dB.mean": 1.0, "lowlevel.silence_rate_20dB.stdev": 0.0, "lowlevel.silence_rate_30dB.mean": 0.8835457563400269, "lowlevel.silence_rate_30dB.stdev": 0.3207721412181854, "lowlevel.silence_rate_60dB.mean": 0.0677867904305458, "lowlevel.silence_rate_60dB.stdev": 0.25137826800346375, "lowlevel.spectral_centroid.mean": 1864.8673095703125, "lowlevel.spectral_centroid.stdev": 1103.2513427734375, "lowlevel.spectral_complexity.mean": 18.219003677368164, "lowlevel.spectral_complexity.stdev": 11.02731704711914, "lowlevel.spectral_decrease.mean": -9.824815627723638e-09, "lowlevel.spectral_decrease.stdev": 1.4642391299446444e-08, "lowlevel.spectral_energy.mean": 0.040722060948610306, "lowlevel.spectral_energy.stdev": 0.05529293790459633, "lowlevel.spectral_energyband_high.mean": 0.0031584417447447777, "lowlevel.spectral_energyband_high.stdev": 0.005311004817485809, "lowlevel.spectral_energyband_low.mean": 0.023288894444704056, "lowlevel.spectral_energyband_low.stdev": 0.05555640161037445, "lowlevel.spectral_energyband_middle_high.mean": 0.005659883376210928, "lowlevel.spectral_energyband_middle_high.stdev": 0.00627385638654232, "lowlevel.spectral_energyband_middle_low.mean": 0.009231522679328918, "lowlevel.spectral_energyband_middle_low.stdev": 0.012792536057531834, "lowlevel.spectral_entropy.mean": 7.877607345581055, "lowlevel.spectral_entropy.stdev": 0.479250431060791, "lowlevel.spectral_flux.mean": 0.1149284690618515, "lowlevel.spectral_flux.stdev": 0.07120570540428162, "lowlevel.spectral_kurtosis.mean": 3.740154504776001, "lowlevel.spectral_kurtosis.stdev": 2.9974188804626465, "lowlevel.spectral_rms.mean": 0.005275784991681576, "lowlevel.spectral_rms.stdev": 0.003448897274211049, "lowlevel.spectral_rolloff.mean": 3396.6005859375, "lowlevel.spectral_rolloff.stdev": 3721.729248046875, "lowlevel.spectral_skewness.mean": 1.5204652547836304, "lowlevel.spectral_skewness.stdev": 0.4861847162246704, "lowlevel.spectral_spread.mean": 5763772.0, "lowlevel.spectral_spread.stdev": 2071439.0, "lowlevel.spectral_strongpeak.mean": 1.2832688093185425, "lowlevel.spectral_strongpeak.stdev": 1.3236831426620483, "lowlevel.zerocrossingrate.mean": 0.11564118415117264, "lowlevel.zerocrossingrate.stdev": 0.09811036288738251, "metadata.audio_properties.analysis.equal_loudness": 0.0, "metadata.audio_properties.analysis.length": 40.04265213012695, "metadata.audio_properties.analysis.sample_rate": 44100.0, "metadata.audio_properties.analysis.start_time": 0.0, "metadata.audio_properties.bit_rate": 123416.0, "metadata.audio_properties.length": 40.042667388916016, "metadata.audio_properties.lossless": 0.0, "metadata.audio_properties.number_channels": 1.0, "metadata.audio_properties.replay_gain": -13.950883865356445, "metadata.audio_properties.sample_rate": 48000.0, "rhythm.beats_count": 58.0, "rhythm.beats_loudness.mean": 0.05763968825340271, "rhythm.beats_loudness.stdev": 0.044557224959135056, "rhythm.bpm": 88.93982696533203, "rhythm.bpm_histogram_first_peak_bpm": 89.0, "rhythm.bpm_histogram_first_peak_weight": 0.17307692766189575, "rhythm.bpm_histogram_second_peak_bpm": 82.0, "rhythm.bpm_histogram_second_peak_spread": 0.0, "rhythm.bpm_histogram_second_peak_weight": 0.08771929889917374, "rhythm.danceability": 1.4420695304870605, "rhythm.onset_rate": 5.69225549697876, "tonal.chords_changes_rate": 0.15625, "tonal.chords_number_rate": 0.010416666977107525, "tonal.chords_strength.mean": 0.4450618326663971, "tonal.chords_strength.stdev": 0.06875928491353989, "tonal.hpcp_crest.mean": 12.455583572387695, "tonal.hpcp_crest.stdev": 6.569394111633301, "tonal.hpcp_entropy.mean": 2.3231136798858643, "tonal.hpcp_entropy.stdev": 0.8862574696540833, "tonal.key_edma.strength": 0.44301217794418335, "tonal.key_krumhansl.strength": 0.44263532757759094, "tonal.key_temperley.strength": 0.44367045164108276, "tonal.tuning_diatonic_strength": 0.4566603899002075, "tonal.tuning_equal_tempered_deviation": 0.23311518132686615, "tonal.tuning_frequency": 434.193115234375, "tonal.tuning_nontempered_energy_ratio": 0.9025572538375854, "lowlevel.barkbands.mean": [0.0013997643254697323, 0.019655058160424232, 0.001654706196859479, 0.001053143641911447, 0.0011522042332217097, 0.002397965406998992, 0.0021843083668500185, 0.001657682005316019, 0.0007136262720450759, 0.00026857422199100256, 0.0009425150346942246, 0.001090061734430492, 0.0006646246765740216, 0.00048611933016218245, 0.0004918847698718309, 0.00039583651232533157, 0.0006131394184194505, 0.0003145231166854501, 0.00031884771306067705, 0.00025013566482812166, 0.0004465366364456713, 0.0004298107232898474, 0.0007501762011088431, 0.0004546597192529589, 0.0005556363030336797, 0.0003760355757549405, 4.435408754943637e-06], "lowlevel.barkbands.stdev": [0.003816587384790182, 0.05043362081050873, 0.010069727897644043, 0.00454595685005188, 0.0038471196312457323, 0.004901014268398285, 0.0049889604561030865, 0.003941639326512814, 0.0022292323410511017, 0.0006730272434651852, 0.0024886885657906532, 0.0027029234915971756, 0.001295248745009303, 0.0008769736159592867, 0.0008463467238470912, 0.0006293909973464906, 0.0006825125892646611, 0.000548329611774534, 0.0006216321489773691, 0.0005476822843775153, 0.0009617595933377743, 0.0008996135438792408, 0.0013238722458481789, 0.0008841691305860877, 0.0010254716034978628, 0.0007541942759416997, 1.3958111594547518e-05], "lowlevel.erbbands.mean": [0.8586713671684265, 3.2133688926696777, 2.4148995876312256, 3.0642573833465576, 2.344076633453369, 3.659641981124878, 19.919132232666016, 14.42621898651123, 21.535032272338867, 34.241783142089844, 41.958290100097656, 16.32640266418457, 9.545825004577637, 15.558292388916016, 51.97111129760742, 39.52083969116211, 30.34697723388672, 26.209800720214844, 29.756153106689453, 19.28465461730957, 27.151187896728516, 34.11735153198242, 19.018985748291016, 16.147680282592773, 14.746904373168945, 11.661264419555664, 17.233781814575195, 16.724437713623047, 15.414495468139648, 20.05399513244629, 20.348386764526367, 10.656820297241211, 7.56585693359375, 6.0081706047058105, 4.05260705947876, 2.258918285369873, 0.5467561483383179, 0.04713834077119827, 0.0010733549715951085, 0.00010235579975415021], "lowlevel.erbbands.stdev": [2.2842934131622314, 8.83352279663086, 11.690152168273926, 13.995101928710938, 11.66653060913086, 13.035713195800781, 38.16168212890625, 35.07375717163086, 48.24766159057617, 80.69816589355469, 102.47301483154297, 44.88715744018555, 31.169179916381836, 36.96603012084961, 133.46986389160156, 83.48555755615234, 55.9481201171875, 45.27172088623047, 48.663658142089844, 33.58202362060547, 35.57634735107422, 38.1235466003418, 30.66995620727539, 29.60126304626465, 30.73968505859375, 25.30841636657715, 38.5434455871582, 35.23225402832031, 32.284244537353516, 37.386512756347656, 36.167320251464844, 20.837770462036133, 14.842570304870605, 11.40733528137207, 7.763809680938721, 4.5280985832214355, 1.0945583581924438, 0.10658198595046997, 0.002264748327434063, 0.00011740437184926122], "lowlevel.gfcc.mean": [-1.4246560335159302, 27.55153465270996, -127.29344940185547, 16.996746063232422, -64.98926544189453, 16.890308380126953, -57.610294342041016, 2.626183032989502, -29.546483993530273, 4.972025394439697, -18.60389518737793, 11.343628883361816, -20.14967155456543], "lowlevel.melbands.mean": [0.006398409139364958, 0.0021366942673921585, 0.0004957179771736264, 0.0001778123405529186, 0.0005796998739242554, 0.0003523837076500058, 0.00037412784877233207, 0.00035613373620435596, 0.00032437389018014073, 8.837541827233508e-05, 4.528682984528132e-05, 5.347272599465214e-05, 0.0001495821343269199, 0.00014525624283123761, 7.085964170983061e-05, 6.602788926102221e-05, 4.5592991227749735e-05, 4.8597805289318785e-05, 3.282286706962623e-05, 2.255967956443783e-05, 3.3912365324795246e-05, 3.9336959162028506e-05, 2.1218584151938558e-05, 1.3942055375082418e-05, 1.2882037481176667e-05, 1.2118344784539659e-05, 8.410680493398104e-06, 7.4512722676445264e-06, 9.901534212986007e-06, 1.1812056072812993e-05, 9.009719178720843e-06, 8.731653906579595e-06, 8.19083106762264e-06, 1.2954536032339092e-05, 1.2768957276421133e-05, 8.677617188368458e-06, 5.647762009175494e-06, 5.268714630801696e-06, 4.994406481273472e-06, 5.100868293084204e-06], "lowlevel.melbands.stdev": [0.01651790179312229, 0.006603922229260206, 0.002287726616486907, 0.0007910245331004262, 0.0011019294615834951, 0.0007921928190626204, 0.0008360941428691149, 0.0007820965838618577, 0.0008161069126799703, 0.0002809321158565581, 0.00015634889132343233, 0.00013632141053676605, 0.0003858012205455452, 0.00035978981759399176, 0.00014712809934280813, 0.00012591874110512435, 8.492644701618701e-05, 8.241705654654652e-05, 5.920570038142614e-05, 4.238246401655488e-05, 4.4048931158613414e-05, 4.4375563447829336e-05, 3.3418098610127345e-05, 2.5286712116212584e-05, 2.435452552163042e-05, 2.5056886443053372e-05, 1.8525568520999514e-05, 1.6857855371199548e-05, 2.255777690152172e-05, 2.6553387215244584e-05, 1.9368921130080707e-05, 1.872577195172198e-05, 1.7370397472404875e-05, 2.412845969956834e-05, 2.2696234736940823e-05, 1.675221574259922e-05, 1.1644232472463045e-05, 1.079181947716279e-05, 9.67699998000171e-06, 9.89822183328215e-06], "lowlevel.melbands128.mean": [0.0013125903205946088, 0.007648829370737076, 0.008531979285180569, 0.004187678452581167, 0.0014444133266806602, 0.0007631155312992632, 0.0006677770288661122, 0.00044567708391696215, 0.00019891883130185306, 0.00011840838851640001, 0.00015876592078711838, 0.0003574527218006551, 0.0007955122273415327, 0.0007736188126727939, 0.00030916903051547706, 0.00013785458577331156, 0.00018401845591142774, 0.0004369171801954508, 0.0006048702052794397, 0.00037930693360976875, 0.0001927738485392183, 0.00036408528103493154, 0.0004423155914992094, 0.00016511503781657666, 6.576762825716287e-05, 7.552440365543589e-05, 6.928730726940557e-05, 3.547243250068277e-05, 3.011650733242277e-05, 4.284301394363865e-05, 6.145502266008407e-05, 7.647952588740736e-05, 0.00013608169683720917, 0.00023340752522926778, 0.00017438147915527225, 0.00012385824811644852, 8.472704939777032e-05, 6.848032353445888e-05, 5.9457452152855694e-05, 6.791956548113376e-05, 7.321207522181794e-05, 5.5474956752732396e-05, 4.104424442630261e-05, 4.2767718696268275e-05, 4.637842357624322e-05, 5.149671051185578e-05, 5.152903395355679e-05, 3.312271292088553e-05, 2.5960487619158812e-05, 2.0949795725755394e-05, 2.004636189667508e-05, 2.547215626691468e-05, 3.2665418984834105e-05, 3.6655830626841635e-05, 4.057573096361011e-05, 4.748249557451345e-05, 2.989519271068275e-05, 2.2335612811730243e-05, 1.9231618352932855e-05, 1.6525824321433902e-05, 1.2793545465683565e-05, 1.2740058082272299e-05, 1.3106678125041071e-05, 1.2972914191777818e-05, 1.241290920006577e-05, 1.309583240072243e-05, 1.1482819900265895e-05, 9.022171070682816e-06, 7.805687346262857e-06, 7.396486125799129e-06, 6.493304681498557e-06, 7.993437066033948e-06, 9.132978448178619e-06, 9.6356479843962e-06, 1.1220071428397205e-05, 1.401867120875977e-05, 1.093129139917437e-05, 9.15859800443286e-06, 8.922843335312791e-06, 8.348308256245218e-06, 9.302189937443472e-06, 8.67174912855262e-06, 8.114107913570479e-06, 7.635384463355877e-06, 8.405257176491432e-06, 1.1175863619428128e-05, 1.4743523024662863e-05, 1.649545993132051e-05, 1.1846488632727414e-05, 1.1275342330918647e-05, 1.0323173228243832e-05, 7.68688551033847e-06, 6.291304543992737e-06, 5.8550203902996145e-06, 4.8974411583913025e-06, 5.2809459702984896e-06, 5.420866727945395e-06, 5.142952431924641e-06, 4.93257448397344e-06, 4.894605808658525e-06, 5.195570338401012e-06, 5.099756435811287e-06, 5.135584160598228e-06, 4.725852704723366e-06, 4.569137672660872e-06, 4.258671651768964e-06, 4.52219774160767e-06, 4.3765212467405945e-06, 4.241621809342178e-06, 3.620595180109376e-06, 3.1419806418853113e-06, 1.6850244719535112e-06, 1.6596621890130336e-06, 1.206927549901593e-06, 7.014389780124475e-07, 4.1874378098327725e-07, 1.6592284168837068e-07, 2.429685075355792e-08, 1.9594303957148895e-09, 1.1846378045188288e-10, 8.275279073099995e-11, 6.575837790956385e-11, 5.7497295119501857e-11, 5.3309905101439625e-11, 3.871183235082398e-11, 1.7704695348674804e-11, 7.1257977816985285e-12, 5.550278552729493e-12], "lowlevel.melbands128.stdev": [0.003644930897280574, 0.020972875878214836, 0.023314177989959717, 0.01245970744639635, 0.007089999038726091, 0.00455316249281168, 0.0031034881249070168, 0.0019617576617747545, 0.0011029370361939073, 0.0007131635211408138, 0.0007291410584002733, 0.0009995927102863789, 0.0016198145458474755, 0.0017492747865617275, 0.0010263629956170917, 0.0005806022672913969, 0.0006342374254018068, 0.00118142063729465, 0.0016594644403085113, 0.0011779802152886987, 0.0006677019409835339, 0.0010656238300725818, 0.0012897240230813622, 0.0006308118463493884, 0.00028819276485592127, 0.0004266916075721383, 0.0003851361689157784, 0.0001214932490256615, 0.00010478416515979916, 0.00012062099267495796, 0.00020101813424844295, 0.0002617741993162781, 0.0004405358631629497, 0.000709173153154552, 0.0006380671402439475, 0.0003718994266819209, 0.00022090667334850878, 0.0001855290902312845, 0.00017895955534186214, 0.00016241025878116488, 0.00016478757606819272, 0.00014513565110974014, 9.750115714268759e-05, 9.136345761362463e-05, 0.00010600162204355001, 0.00010516103793634102, 0.00011696289584506303, 7.450342673109844e-05, 6.153529102448374e-05, 5.2536841394612566e-05, 4.9277732614427805e-05, 4.669528061640449e-05, 5.5579796025995165e-05, 5.252237679087557e-05, 5.4311269195750356e-05, 6.291867612162605e-05, 4.688406261266209e-05, 4.4349384552333504e-05, 3.7032750697107986e-05, 3.461799133219756e-05, 2.4286822736030445e-05, 3.088206358370371e-05, 2.9138724130461924e-05, 2.5237333829863928e-05, 2.7840453185490333e-05, 2.8693157219095156e-05, 2.8782154913642444e-05, 2.2268704924499616e-05, 1.8702985471463762e-05, 1.7601252693566494e-05, 1.6707672330085188e-05, 1.96645542018814e-05, 2.2976866603130475e-05, 2.3548276658402756e-05, 2.6903922844212502e-05, 3.6520308640319854e-05, 2.5654537239461206e-05, 2.124036655004602e-05, 2.0826631953241304e-05, 1.950607111211866e-05, 2.158371171390172e-05, 1.9471764971967787e-05, 1.9262351997895166e-05, 1.794944364519324e-05, 1.8498794815968722e-05, 2.4874299924704246e-05, 2.821959787979722e-05, 3.2028474379330873e-05, 2.226103242719546e-05, 2.191973544540815e-05, 2.1959427613182925e-05, 1.6150692317751236e-05, 1.3592177310783882e-05, 1.3844121895090211e-05, 1.0683027539926115e-05, 1.1723444913513958e-05, 1.2043611604894977e-05, 1.1175773579452652e-05, 1.0043814654636662e-05, 1.036262619891204e-05, 1.1052833542635199e-05, 1.056554992828751e-05, 1.051837534760125e-05, 9.953892003977671e-06, 9.708984180178959e-06, 9.142911949311383e-06, 9.724171832203865e-06, 9.60487341217231e-06, 9.131512342719361e-06, 7.735654435236938e-06, 7.194453701231396e-06, 3.466999714873964e-06, 3.490016979412758e-06, 2.8001784357911674e-06, 1.7716542970447335e-06, 1.2251125554030295e-06, 5.003216756449547e-07, 1.1107847086577749e-07, 1.991182507765643e-08, 1.4861032404667185e-09, 1.003180871705922e-09, 9.582342697100898e-10, 9.010402424181052e-10, 8.537950346720891e-10, 6.025951959642839e-10, 2.257052877929766e-10, 3.257557418256951e-11, 1.1351819657889894e-11], "lowlevel.mfcc.mean": [-643.7861328125, 72.1574478149414, -10.316141128540039, 1.266174077987671, 6.317567825317383, 5.890820026397705, -13.208464622497559, -0.17553439736366272, -12.75412368774414, -10.01901626586914, -4.168682098388672, 3.618551015853882, 4.05955171585083], "lowlevel.spectral_contrast_coeffs.mean": [-0.6285922527313232, -0.7445837259292603, -0.7852046489715576, -0.8070169687271118, -0.7899829745292664, -0.7560158967971802], "lowlevel.spectral_contrast_coeffs.stdev": [0.10737273842096329, 0.1043037548661232, 0.06401560455560684, 0.042460013180971146, 0.03746815025806427, 0.0449514277279377], "lowlevel.spectral_contrast_valleys.mean": [-8.13232707977295, -7.238528728485107, -7.394686698913574, -7.254942893981934, -7.418548583984375, -9.726387023925781], "lowlevel.spectral_contrast_valleys.stdev": [1.1345621347427368, 0.8489606380462646, 0.7412081360816956, 0.632631242275238, 0.8587382435798645, 1.2190144062042236], "rhythm.beats_loudness_band_ratio.mean": [0.23212741315364838, 0.09486020356416702, 0.155380979180336, 0.09307778626680374, 0.10434656590223312, 0.33336713910102844], "rhythm.beats_loudness_band_ratio.stdev": [0.36232906579971313, 0.11535167694091797, 0.19409321248531342, 0.09992218762636185, 0.09219174832105637, 0.24614261090755463], "tonal.hpcp.mean": [0.15679419040679932, 0.14632044732570648, 0.12307200580835342, 0.11839256435632706, 0.1163126602768898, 0.11069139093160629, 0.10150335729122162, 0.08917136490345001, 0.0923352912068367, 0.13568942248821259, 0.18370205163955688, 0.17119581997394562, 0.1433832347393036, 0.15337145328521729, 0.1811356395483017, 0.22617881000041962, 0.2816786468029022, 0.31847092509269714, 0.30837923288345337, 0.24501454830169678, 0.1799526810646057, 0.14055860042572021, 0.11821595579385757, 0.1114966943860054, 0.13436691462993622, 0.14946390688419342, 0.14434032142162323, 0.14030097424983978, 0.11198268830776215, 0.08041486144065857, 0.09381458163261414, 0.12008704990148544, 0.12262875586748123, 0.12089231610298157, 0.12102800607681274, 0.1369154304265976], "tonal.hpcp.stdev": [0.24099862575531006, 0.23202693462371826, 0.2107788622379303, 0.20382528007030487, 0.1963145136833191, 0.2062644064426422, 0.19082710146903992, 0.17591293156147003, 0.17689087986946106, 0.21535910665988922, 0.27419987320899963, 0.26365551352500916, 0.20964184403419495, 0.22883304953575134, 0.2602756917476654, 0.29062941670417786, 0.32422807812690735, 0.3419303297996521, 0.337372750043869, 0.30541297793388367, 0.25570759177207947, 0.2274351716041565, 0.19173464179039001, 0.17952364683151245, 0.21015560626983643, 0.23367568850517273, 0.2211582511663437, 0.23490013182163239, 0.19029337167739868, 0.13878817856311798, 0.16944973170757294, 0.20773138105869293, 0.20744332671165466, 0.21314463019371033, 0.2068529576063156, 0.22371222078800201], "rhythm.beats_position": [0.7198185920715332, 1.4512470960617065, 2.18267560005188, 2.9141042232513428, 3.6455328464508057, 4.36535120010376, 5.061950206756592, 5.746938705444336, 6.408707141876221, 7.082086086273193, 7.755464553833008, 8.41723346710205, 9.102222442626953, 9.77560043334961, 10.448979377746582, 11.122358322143555, 11.795736312866211, 12.480725288391113, 13.142494201660156, 13.815873146057129, 14.489251136779785, 15.162630081176758, 15.83600902557373, 16.532608032226562, 17.20598602294922, 17.879364013671875, 18.552743911743164, 19.22612190246582, 19.899499893188477, 20.572879791259766, 21.246257781982422, 21.91963768005371, 22.593015670776367, 23.243173599243164, 23.916553497314453, 24.60154151916504, 25.286529541015625, 25.959909439086914, 26.63328742980957, 27.318275451660156, 27.980045318603516, 28.653423309326172, 29.326801300048828, 29.988571166992188, 30.673559188842773, 31.346939086914062, 32.02031707763672, 32.70530700683594, 33.378684997558594, 34.06367111206055, 34.725440979003906, 35.410430908203125, 36.08380889892578, 36.75718688964844, 37.430564880371094, 38.103946685791016, 38.77732467651367, 39.45070266723633], "rhythm.bpm_histogram": [0.0, 0.0, 0.0, 0.0, 0.0, 0.0, 0.0, 0.0, 0.0, 0.0, 0.0, 0.0, 0.0, 0.0, 0.0, 0.0, 0.0, 0.0, 0.0, 0.0, 0.0, 0.0, 0.0, 0.0, 0.0, 0.0, 0.0, 0.0, 0.0, 0.0, 0.0, 0.0, 0.0, 0.0, 0.0, 0.0, 0.0, 0.0, 0.0, 0.0, 0.0, 0.0, 0.0, 0.0, 0.0, 0.0, 0.0, 0.0, 0.0, 0.0, 0.0, 0.0, 0.0, 0.0, 0.0, 0.0, 0.0, 0.0, 0.0, 0.0, 0.0, 0.0, 0.0, 0.0, 0.0, 0.0, 0.0, 0.0, 0.0, 0.0, 0.0, 0.0, 0.0, 0.0, 0.0, 0.0, 0.0, 0.0, 0.0, 0.0, 0.0, 0.0, 0.07017543911933899, 0.017543859779834747, 0.0, 0.0, 0.035087719559669495, 0.0, 0.17543859779834747, 0.5789473652839661, 0.0, 0.10526315867900848, 0.017543859779834747, 0.0, 0.0, 0.0, 0.0, 0.0, 0.0, 0.0, 0.0, 0.0, 0.0, 0.0, 0.0, 0.0, 0.0, 0.0, 0.0, 0.0, 0.0, 0.0, 0.0, 0.0, 0.0, 0.0, 0.0, 0.0, 0.0, 0.0, 0.0, 0.0, 0.0, 0.0, 0.0, 0.0, 0.0, 0.0, 0.0, 0.0, 0.0, 0.0, 0.0, 0.0, 0.0, 0.0, 0.0, 0.0, 0.0, 0.0, 0.0, 0.0, 0.0, 0.0, 0.0, 0.0, 0.0, 0.0, 0.0, 0.0, 0.0, 0.0, 0.0, 0.0, 0.0, 0.0, 0.0, 0.0, 0.0, 0.0, 0.0, 0.0, 0.0, 0.0, 0.0, 0.0, 0.0, 0.0, 0.0, 0.0, 0.0, 0.0, 0.0, 0.0, 0.0, 0.0, 0.0, 0.0, 0.0, 0.0, 0.0, 0.0, 0.0, 0.0, 0.0, 0.0, 0.0, 0.0, 0.0, 0.0, 0.0, 0.0, 0.0, 0.0, 0.0, 0.0, 0.0, 0.0, 0.0, 0.0, 0.0, 0.0, 0.0, 0.0, 0.0, 0.0, 0.0, 0.0, 0.0, 0.0, 0.0, 0.0, 0.0, 0.0, 0.0, 0.0, 0.0, 0.0, 0.0, 0.0, 0.0, 0.0, 0.0, 0.0, 0.0, 0.0, 0.0, 0.0, 0.0, 0.0, 0.0, 0.0, 0.0, 0.0, 0.0, 0.0, 0.0, 0.0, 0.0, 0.0, 0.0, 0.0, 0.0, 0.0, 0.0, 0.0, 0.0, 0.0, 0.0, 0.0], "tonal.chords_histogram": [0.8101851940155029, 1.8518518209457397, 6.481481552124023, 0.0, 0.0, 1.8518518209457397, 0.0, 17.592592239379883, 9.953703880310059, 0.6944444179534912, 5.3240742683410645, 9.143518447875977, 35.06944274902344, 0.0, 0.0, 0.0, 0.0, 10.648148536682129, 0.0, 0.5787037014961243, 0.0, 0.0, 0.0, 0.0], "tonal.thpcp": [1.0, 0.9683120250701904, 0.7693466544151306, 0.5650521516799927, 0.44135457277297974, 0.3711985945701599, 0.3501000702381134, 0.42191267013549805, 0.4693172872066498, 0.4532291889190674, 0.44054561853408813, 0.35162609815597534, 0.252502977848053, 0.2945781648159027, 0.37707382440567017, 0.3850547969341278, 0.3796023726463318, 0.3800284266471863, 0.42991501092910767, 0.49233439564704895, 0.4594467878341675, 0.38644659519195557, 0.37175312638282776, 0.3652222156524658, 0.3475714325904846, 0.3187209665775299, 0.27999845147132874, 0.2899332046508789, 0.4260653257369995, 0.5768252015113831, 0.5375555753707886, 0.4502239525318146, 0.4815869927406311, 0.5687666535377502, 0.7102023959159851, 0.8844720721244812], "lowlevel.gfcc.cov": [[4256.072265625, -1018.9935302734375, 315.6172180175781, 170.3489990234375, -587.5189819335938, 82.71576690673828, 73.76152038574219, 183.2086181640625, 31.257736206054688, 297.3132019042969, 31.55182456970215, 85.08171081542969, 47.503517150878906], [-1018.9935302734375, 3306.304931640625, 203.7705078125, -60.018218994140625, 451.5953674316406, -64.33680725097656, 357.370361328125, 34.00090408325195, 508.7227783203125, -64.56128692626953, 270.0438537597656, 38.48572540283203, 157.16650390625], [315.6172180175781, 203.7705078125, 1081.61865234375, 540.7730102539062, 398.63934326171875, 268.08734130859375, 230.38787841796875, 148.5649871826172, 108.02127838134766, 121.77716827392578, 101.65105438232422, 81.36308288574219, 115.04698181152344], [170.3489990234375, -60.018218994140625, 540.7730102539062, 909.5895385742188, 573.4664306640625, 300.069580078125, 278.5137023925781, 150.73703002929688, 87.06454467773438, 95.88076782226562, 118.27620697021484, 28.277692794799805, 162.2279052734375], [-587.5189819335938, 451.5953674316406, 398.63934326171875, 573.4664306640625, 910.8331298828125, 308.2893981933594, 338.5821838378906, 152.96881103515625, 141.19760131835938, 52.11662673950195, 121.5772933959961, 9.818953514099121, 123.42041778564453], [82.71576690673828, -64.33680725097656, 268.08734130859375, 300.069580078125, 308.2893981933594, 369.1426696777344, 348.20263671875, 203.5537567138672, 97.96776580810547, 69.35289764404297, 73.31947326660156, 5.343908309936523, 33.91319274902344], [73.76152038574219, 357.370361328125, 230.38787841796875, 278.5137023925781, 338.5821838378906, 348.20263671875, 658.324462890625, 312.7915954589844, 197.7052001953125, 58.64655685424805, 119.48833465576172, 0.9464775919914246, 52.3861198425293], [183.2086181640625, 34.00090408325195, 148.5649871826172, 150.73703002929688, 152.96881103515625, 203.5537567138672, 312.7915954589844, 267.078125, 149.08270263671875, 81.81956481933594, 59.8218879699707, -0.08955372124910355, 26.974571228027344], [31.257736206054688, 508.7227783203125, 108.02127838134766, 87.06454467773438, 141.19760131835938, 97.96776580810547, 197.7052001953125, 149.08270263671875, 330.0323181152344, 101.05572509765625, 95.89730834960938, 18.576763153076172, 34.80592346191406], [297.3132019042969, -64.56128692626953, 121.77716827392578, 95.88076782226562, 52.11662673950195, 69.35289764404297, 58.64655685424805, 81.81956481933594, 101.05572509765625, 163.90663146972656, 81.33611297607422, 37.380306243896484, 32.28250503540039], [31.55182456970215, 270.0438537597656, 101.65105438232422, 118.27620697021484, 121.5772933959961, 73.31947326660156, 119.48833465576172, 59.8218879699707, 95.89730834960938, 81.33611297607422, 159.65086364746094, 66.40374755859375, 62.34742736816406], [85.08171081542969, 38.48572540283203, 81.36308288574219, 28.277692794799805, 9.818953514099121, 5.343908309936523, 0.9464775919914246, -0.08955372124910355, 18.576763153076172, 37.380306243896484, 66.40374755859375, 130.85836791992188, 69.30592346191406], [47.503517150878906, 157.16650390625, 115.04698181152344, 162.2279052734375, 123.42041778564453, 33.91319274902344, 52.3861198425293, 26.974571228027344, 34.80592346191406, 32.28250503540039, 62.34742736816406, 69.30592346191406, 158.28318786621094]], "lowlevel.gfcc.icov": [[0.00037381681613624096, 3.919186565326527e-05, -8.64146786625497e-05, -0.00019470580446068197, 0.00046293114428408444, 1.7566482711117715e-05, -0.0001499979553045705, -7.323127647396177e-05, 5.94042066950351e-05, -0.0006504961056634784, 0.00020624243188649416, -5.135257015354e-05, -0.0001304883771808818], [3.919186565326527e-05, 0.0008560774731449783, -0.00036276114406064153, 0.0005534382653422654, -0.0003606361278798431, 0.0008425417472608387, -0.0005665185744874179, 0.0007519107311964035, -0.0013960544019937515, 0.001370165846310556, -0.0015055896947160363, 0.0007818404119461775, -0.0007270711357705295], [-8.64146786625497e-05, -0.00036276114406064153, 0.0016420347383245826, -0.0008499712566845119, -5.422622416517697e-05, -0.0008030351018533111, 0.0003104713396169245, -0.000302761560305953, 0.0004751960514113307, -0.0009233632008545101, 0.001016977010294795, -0.0011876176577061415, 0.000430224317824468], [-0.00019470580446068197, 0.0005534382653422654, -0.0008499712566845119, 0.0031081130728125572, -0.0014093884965404868, -0.0003220087965019047, -0.00017569841293152422, 0.0006454385002143681, -0.0005515770753845572, 0.0008351649739779532, -0.0015064416220411658, 0.0016743919113650918, -0.0021315780468285084], [0.00046293114428408444, -0.0003606361278798431, -5.422622416517697e-05, -0.0014093884965404868, 0.0030040896963328123, -0.0013622064143419266, -0.00015403860015794635, 0.00013306418259162456, 0.00022697013628203422, -0.0007805577479302883, 0.0003403831215109676, 0.00022778974380344152, -0.00044369878014549613], [1.7566482711117715e-05, 0.0008425417472608387, -0.0008030351018533111, -0.0003220087965019047, -0.0013622064143419266, 0.008706849068403244, -0.002982174511998892, -0.0015995627036318183, -0.0002807842392940074, 0.00024618860334157944, -0.001198353129439056, 0.0001544354745419696, 0.00094404979608953], [-0.0001499979553045705, -0.0005665185744874179, 0.0003104713396169245, -0.00017569841293152422, -0.00015403860015794635, -0.002982174511998892, 0.0056245881132781506, -0.004575557541102171, 0.000255748862400651, 0.0019550183787941933, -0.0014162042643874884, 0.00018394955259282142, 0.00026156241074204445], [-7.323127647396177e-05, 0.0007519107311964035, -0.000302761560305953, 0.0006454385002143681, 0.00013306418259162456, -0.0015995627036318183, -0.004575557541102171, 0.01237445417791605, -0.003185480833053589, -0.002121889963746071, 0.0008392409072257578, 0.001282908720895648, -0.0012807006714865565], [5.94042066950351e-05, -0.0013960544019937515, 0.0004751960514113307, -0.0005515770753845572, 0.00022697013628203422, -0.0002807842392940074, 0.000255748862400651, -0.003185480833053589, 0.007361897733062506, -0.00424068933352828, 0.0010380770545452833, -0.0007558319484815001, 0.001097816159017384], [-0.0006504961056634784, 0.001370165846310556, -0.0009233632008545101, 0.0008351649739779532, -0.0007805577479302883, 0.00024618860334157944, 0.0019550183787941933, -0.002121889963746071, -0.00424068933352828, 0.014785031788051128, -0.007562349084764719, 0.0009894336108118296, -0.0006170500419102609], [0.00020624243188649416, -0.0015055896947160363, 0.001016977010294795, -0.0015064416220411658, 0.0003403831215109676, -0.001198353129439056, -0.0014162042643874884, 0.0008392409072257578, 0.0010380770545452833, -0.007562349084764719, 0.01597188040614128, -0.006214057095348835, 0.0002986065810546279], [-5.135257015354e-05, 0.0007818404119461775, -0.0011876176577061415, 0.0016743919113650918, 0.00022778974380344152, 0.0001544354745419696, 0.00018394955259282142, 0.001282908720895648, -0.0007558319484815001, 0.0009894336108118296, -0.006214057095348835, 0.013817048631608486, -0.005741869565099478], [-0.0001304883771808818, -0.0007270711357705295, 0.000430224317824468, -0.0021315780468285084, -0.00044369878014549613, 0.00094404979608953, 0.00026156241074204445, -0.0012807006714865565, 0.001097816159017384, -0.0006170500419102609, 0.0002986065810546279, -0.005741869565099478, 0.011507241055369377]], "lowlevel.mfcc.cov": [[4347.29638671875, -1196.4658203125, 361.3169250488281, -116.01322174072266, -489.28961181640625, -166.26055908203125, -80.0696029663086, -154.9097900390625, 21.013761520385742, 68.14228057861328, 100.37770080566406, 24.378664016723633, -9.627021789550781], [-1196.4658203125, 2870.762939453125, -22.562387466430664, 79.0572280883789, 77.20156860351562, 42.35426712036133, -131.38584899902344, 198.42271423339844, 79.2484130859375, 62.18043899536133, 124.39845275878906, 171.4788055419922, 163.71145629882812], [361.3169250488281, -22.562387466430664, 779.7354125976562, 231.59884643554688, 102.46420288085938, 117.0065689086914, 97.88345336914062, 60.589378356933594, 91.59664916992188, 40.32388687133789, 56.43085861206055, 26.722869873046875, 97.38534545898438], [-116.01322174072266, 79.0572280883789, 231.59884643554688, 647.0321044921875, 405.3979797363281, 288.5591735839844, 273.3001403808594, 137.2809295654297, 156.3730010986328, 103.914794921875, 54.108245849609375, 34.27140808105469, 42.77143096923828], [-489.28961181640625, 77.20156860351562, 102.46420288085938, 405.3979797363281, 588.2379150390625, 262.07586669921875, 169.58265686035156, 51.83646774291992, 83.08150482177734, 77.4432144165039, 9.669538497924805, 7.8239827156066895, 13.702923774719238], [-166.26055908203125, 42.35426712036133, 117.0065689086914, 288.5591735839844, 262.07586669921875, 311.0809020996094, 248.011474609375, 162.48712158203125, 127.0661392211914, 121.59773254394531, 77.32551574707031, 57.71272659301758, 47.07196044921875], [-80.0696029663086, -131.38584899902344, 97.88345336914062, 273.3001403808594, 169.58265686035156, 248.011474609375, 502.3279724121094, 248.11219787597656, 181.3921356201172, 155.2565155029297, 89.1582260131836, 52.05179977416992, 47.41079330444336], [-154.9097900390625, 198.42271423339844, 60.589378356933594, 137.2809295654297, 51.83646774291992, 162.48712158203125, 248.11219787597656, 322.6501770019531, 182.62432861328125, 168.54457092285156, 114.9732894897461, 76.79827880859375, 56.604434967041016], [21.013761520385742, 79.2484130859375, 91.59664916992188, 156.3730010986328, 83.08150482177734, 127.0661392211914, 181.3921356201172, 182.62432861328125, 245.34552001953125, 166.45472717285156, 103.36898803710938, 54.92509460449219, 43.31346130371094], [68.14228057861328, 62.18043899536133, 40.32388687133789, 103.914794921875, 77.4432144165039, 121.59773254394531, 155.2565155029297, 168.54457092285156, 166.45472717285156, 258.1634826660156, 151.25927734375, 84.1001968383789, 25.36223030090332], [100.37770080566406, 124.39845275878906, 56.43085861206055, 54.108245849609375, 9.669538497924805, 77.32551574707031, 89.1582260131836, 114.9732894897461, 103.36898803710938, 151.25927734375, 196.6757049560547, 104.31568145751953, 53.28590393066406], [24.378664016723633, 171.4788055419922, 26.722869873046875, 34.27140808105469, 7.8239827156066895, 57.71272659301758, 52.05179977416992, 76.79827880859375, 54.92509460449219, 84.1001968383789, 104.31568145751953, 138.95712280273438, 70.56302642822266], [-9.627021789550781, 163.71145629882812, 97.38534545898438, 42.77143096923828, 13.702923774719238, 47.07196044921875, 47.41079330444336, 56.604434967041016, 43.31346130371094, 25.36223030090332, 53.28590393066406, 70.56302642822266, 138.56529235839844]], "lowlevel.mfcc.icov": [[0.0003417711122892797, 0.0001343352923868224, -0.00015500605513807386, -0.0001795618882169947, 0.00041800460894592106, 5.184250767342746e-06, 5.380006768973544e-05, 0.0003122089256066829, -8.997370605356991e-05, -0.0002288381801918149, -0.00011267458467045799, -0.00011851822637254372, 1.4046136129763909e-05], [0.0001343352923868224, 0.0005049894098192453, 2.0350196791696362e-05, -0.00016715502715669572, 1.22305573313497e-05, 0.00012511176464613527, 0.00046773976646363735, -0.00044590572360903025, -3.216465120203793e-05, 9.909022628562525e-05, -0.00011512665514601395, -0.00037739178515039384, -0.0003432289813645184], [-0.00015500605513807386, 2.0350196791696362e-05, 0.0016910292906686664, -0.000510245212353766, 9.758373380464036e-06, -0.00023304641945287585, 0.000166095735039562, -9.769027201400604e-06, -0.00027045828755944967, 0.00027190742548555136, -0.00034520530607551336, 0.0006567174568772316, -0.0012073295656591654], [-0.0001795618882169947, -0.00016715502715669572, -0.000510245212353766, 0.003865285776555538, -0.0019051480339840055, -0.0012384004658088088, -0.0007831821567378938, 9.635352762416005e-05, -0.0010110283037647605, 0.0008087957394309342, -2.2468939278041944e-05, -1.8824011931428686e-05, 0.0003744390560314059], [0.00041800460894592106, 1.22305573313497e-05, 9.758373380464036e-06, -0.0019051480339840055, 0.004458130337297916, -0.0026478595100343227, 0.0002840330998878926, 0.0017014320474117994, 4.388370143715292e-05, -0.0013464996591210365, 0.0008173609967343509, 0.000369316985597834, -7.443034064635867e-06], [5.184250767342746e-06, 0.00012511176464613527, -0.00023304641945287585, -0.0012384004658088088, -0.0026478595100343227, 0.009586017578840256, -0.0019162414828315377, -0.001960217487066984, 0.00041748277726583183, -0.000310295115923509, -0.0005261697224341333, -0.0012206282699480653, -0.0003893814282491803], [5.380006768973544e-05, 0.00046773976646363735, 0.000166095735039562, -0.0007831821567378938, 0.0002840330998878926, -0.0019162414828315377, 0.00475652189925313, -0.0023701589088886976, -0.0005340456846170127, -0.000141391166835092, 0.00018000320415012538, 0.0002901512780226767, -0.00048440651153214276], [0.0003122089256066829, -0.00044590572360903025, -9.769027201400604e-06, 9.635352762416005e-05, 0.0017014320474117994, -0.001960217487066984, -0.0023701589088886976, 0.008771320804953575, -0.002826468087732792, -0.0019148292485624552, -7.887415995355695e-05, -0.00025161783560179174, -0.00035640879650600255], [-8.997370605356991e-05, -3.216465120203793e-05, -0.00027045828755944967, -0.0010110283037647605, 4.388370143715292e-05, 0.00041748277726583183, -0.0005340456846170127, -0.002826468087732792, 0.009932270273566246, -0.004113504663109779, -0.00028812780510634184, 0.0013287016190588474, -0.0011924989521503448], [-0.0002288381801918149, 9.909022628562525e-05, 0.00027190742548555136, 0.0008087957394309342, -0.0013464996591210365, -0.000310295115923509, -0.000141391166835092, -0.0019148292485624552, -0.004113504663109779, 0.011527740396559238, -0.005425742361694574, -0.0016028770478442311, 0.0025740242563188076], [-0.00011267458467045799, -0.00011512665514601395, -0.00034520530607551336, -2.2468939278041944e-05, 0.0008173609967343509, -0.0005261697224341333, 0.00018000320415012538, -7.887415995355695e-05, -0.00028812780510634184, -0.005425742361694574, 0.012913066893815994, -0.005622819997370243, -0.0005729614058509469], [-0.00011851822637254372, -0.00037739178515039384, 0.0006567174568772316, -1.8824011931428686e-05, 0.000369316985597834, -0.0012206282699480653, 0.0002901512780226767, -0.00025161783560179174, 0.0013287016190588474, -0.0016028770478442311, -0.005622819997370243, 0.015542296692728996, -0.005510880146175623], [1.4046136129763909e-05, -0.0003432289813645184, -0.0012073295656591654, 0.0003744390560314059, -7.443034064635867e-06, -0.0003893814282491803, -0.00048440651153214276, -0.00035640879650600255, -0.0011924989521503448, 0.0025740242563188076, -0.0005729614058509469, -0.005510880146175623, 0.011728920973837376]], "metadata.audio_properties.analysis.downmix": "mix", "metadata.audio_properties.codec": "mp3", "metadata.audio_properties.md5_encoded": "3d3d733b1a25daec1068e9088c4a38f8", "metadata.tags.file_name": "1183694540578762773.mp3", "metadata.version.essentia": "2.1-beta6-dev", "metadata.version.essentia_git_sha": "v2.1_beta5-1110-g77a6a954", "metadata.version.extractor": "music 2.0", "tonal.chords_key": "D", "tonal.chords_scale": "minor", "tonal.key_edma.key": "Ab", "tonal.key_edma.scale": "minor", "tonal.key_krumhansl.key": "Ab", "tonal.key_krumhansl.scale": "minor", "tonal.key_temperley.key": "Ab", "tonal.key_temperley.scale": "minor", "metadata.tags.encoding": ["Lavf58.45.100"]}, "essentia_models": [{"model_name": "genre_dortmund", "activations": {"alternative": "0.0001488135", "blues": "9.860799e-06", "electronic": "0.00029857835", "folkcountry": "7.3496403e-06", "funksoulrnb": "0.00037658866", "jazz": "1.2067148e-05", "pop": "0.0001343955", "raphiphop": "0.99945855", "rock": "0.0006855792"}}, {"model_name": "genre_rosamerica", "activations": {"cla