{"song_id": "1183718710301704222", "download": "https://cdn.discordapp.com/attachments/1135903449314238464/1183718710301704222/chirp.mp4?ex=65895af4&amp", "lyrics": "[verse]\nAvocado on my plate, the perfect green delight\nCreamy texture, flavorful, it's love at first bite\nSpread it on toast or slice it for a salad mix\nWith avocado, life's a rockin' tasty fix\n\n[chorus]\nOh, avocado, you're a rockstar on my plate\nYou're the go-to ingredient, no one can debate\nGuacamole's superpower, it's a flavor explosion\nAvocado, rockin' our taste buds with devotion", "style": ["anime opening"], "essentia_features": {"lowlevel.average_loudness": 0.9839603304862976, "lowlevel.barkbands_crest.mean": 11.56416130065918, "lowlevel.barkbands_crest.stdev": 4.013139247894287, "lowlevel.barkbands_flatness_db.mean": 0.1638968288898468, "lowlevel.barkbands_flatness_db.stdev": 0.04421411082148552, "lowlevel.barkbands_kurtosis.mean": 6.806727409362793, "lowlevel.barkbands_kurtosis.stdev": 9.895806312561035, "lowlevel.barkbands_skewness.mean": 2.090989828109741, "lowlevel.barkbands_skewness.stdev": 1.4326716661453247, "lowlevel.barkbands_spread.mean": 17.547941207885742, "lowlevel.barkbands_spread.stdev": 8.8334379196167, "lowlevel.dissonance.mean": 0.4609694480895996, "lowlevel.dissonance.stdev": 0.0337785929441452, "lowlevel.dynamic_complexity": 1.7061301469802856, "lowlevel.erbbands_crest.mean": 9.522652626037598, "lowlevel.erbbands_crest.stdev": 5.122520446777344, "lowlevel.erbbands_flatness_db.mean": 0.15198266506195068, "lowlevel.erbbands_flatness_db.stdev": 0.04946020618081093, "lowlevel.erbbands_kurtosis.mean": 0.5063396096229553, "lowlevel.erbbands_kurtosis.stdev": 2.576448440551758, "lowlevel.erbbands_skewness.mean": 0.22402231395244598, "lowlevel.erbbands_skewness.stdev": 0.5422143936157227, "lowlevel.erbbands_spread.mean": 44.2988166809082, "lowlevel.erbbands_spread.stdev": 21.94721221923828, "lowlevel.hfc.mean": 16.579570770263672, "lowlevel.hfc.stdev": 8.994227409362793, "lowlevel.loudness_ebu128.integrated": -15.124404907226562, "lowlevel.loudness_ebu128.loudness_range": 0.756434440612793, "lowlevel.loudness_ebu128.momentary.mean": -15.179949760437012, "lowlevel.loudness_ebu128.momentary.stdev": 0.6982316374778748, "lowlevel.loudness_ebu128.short_term.mean": -15.12195110321045, "lowlevel.loudness_ebu128.short_term.stdev": 0.2499483823776245, "lowlevel.melbands_crest.mean": 16.714155197143555, "lowlevel.melbands_crest.stdev": 5.1619768142700195, "lowlevel.melbands_flatness_db.mean": 0.2304777354001999, "lowlevel.melbands_flatness_db.stdev": 0.0529056116938591, "lowlevel.melbands_kurtosis.mean": 22.82611846923828, "lowlevel.melbands_kurtosis.stdev": 27.972919464111328, "lowlevel.melbands_skewness.mean": 3.5474140644073486, "lowlevel.melbands_skewness.stdev": 2.2022745609283447, "lowlevel.melbands_spread.mean": 15.857156753540039, "lowlevel.melbands_spread.stdev": 9.261487007141113, "lowlevel.pitch_salience.mean": 0.4837360978126526, "lowlevel.pitch_salience.stdev": 0.10557810217142105, "lowlevel.silence_rate_20dB.mean": 1.0, "lowlevel.silence_rate_20dB.stdev": 0.0, "lowlevel.silence_rate_30dB.mean": 0.9733250737190247, "lowlevel.silence_rate_30dB.stdev": 0.16113203763961792, "lowlevel.silence_rate_60dB.mean": 0.001240694778971374, "lowlevel.silence_rate_60dB.stdev": 0.0352017879486084, "lowlevel.spectral_centroid.mean": 1034.0408935546875, "lowlevel.spectral_centroid.stdev": 407.11328125, "lowlevel.spectral_complexity.mean": 16.851116180419922, "lowlevel.spectral_complexity.stdev": 6.097652435302734, "lowlevel.spectral_decrease.mean": -9.994575833616182e-09, "lowlevel.spectral_decrease.stdev": 8.51653769728955e-09, "lowlevel.spectral_energy.mean": 0.03922567516565323, "lowlevel.spectral_energy.stdev": 0.03265027329325676, "lowlevel.spectral_energyband_high.mean": 0.0005152946105226874, "lowlevel.spectral_energyband_high.stdev": 0.0004547030839603394, "lowlevel.spectral_energyband_low.mean": 0.020180685445666313, "lowlevel.spectral_energyband_low.stdev": 0.026616064831614494, "lowlevel.spectral_energyband_middle_high.mean": 0.004887539893388748, "lowlevel.spectral_energyband_middle_high.stdev": 0.005210372153669596, "lowlevel.spectral_energyband_middle_low.mean": 0.01754770427942276, "lowlevel.spectral_energyband_middle_low.stdev": 0.020949020981788635, "lowlevel.spectral_entropy.mean": 7.576328277587891, "lowlevel.spectral_entropy.stdev": 0.3724972605705261, "lowlevel.spectral_flux.mean": 0.11270249634981155, "lowlevel.spectral_flux.stdev": 0.07108166068792343, "lowlevel.spectral_kurtosis.mean": 3.8090314865112305, "lowlevel.spectral_kurtosis.stdev": 2.6805734634399414, "lowlevel.spectral_rms.mean": 0.005803197156637907, "lowlevel.spectral_rms.stdev": 0.002142828656360507, "lowlevel.spectral_rolloff.mean": 779.30908203125, "lowlevel.spectral_rolloff.stdev": 618.9830322265625, "lowlevel.spectral_skewness.mean": 1.4415979385375977, "lowlevel.spectral_skewness.stdev": 0.4057627320289612, "lowlevel.spectral_spread.mean": 4523603.5, "lowlevel.spectral_spread.stdev": 1247950.25, "lowlevel.spectral_strongpeak.mean": 0.8949539661407471, "lowlevel.spectral_strongpeak.stdev": 0.9913043975830078, "lowlevel.zerocrossingrate.mean": 0.04301903024315834, "lowlevel.zerocrossingrate.stdev": 0.01816452294588089, "metadata.audio_properties.analysis.equal_loudness": 0.0, "metadata.audio_properties.analysis.length": 37.39732360839844, "metadata.audio_properties.analysis.sample_rate": 44100.0, "metadata.audio_properties.analysis.start_time": 0.0, "metadata.audio_properties.bit_rate": 114636.0, "metadata.audio_properties.length": 37.397335052490234, "metadata.audio_properties.lossless": 0.0, "metadata.audio_properties.number_channels": 1.0, "metadata.audio_properties.replay_gain": -11.161359786987305, "metadata.audio_properties.sample_rate": 48000.0, "rhythm.beats_count": 65.0, "rhythm.beats_loudness.mean": 0.05481765791773796, "rhythm.beats_loudness.stdev": 0.016637274995446205, "rhythm.bpm": 106.85286712646484, "rhythm.bpm_histogram_first_peak_bpm": 108.0, "rhythm.bpm_histogram_first_peak_weight": 0.6000000238418579, "rhythm.bpm_histogram_second_peak_bpm": 103.0, "rhythm.bpm_histogram_second_peak_spread": 0.5, "rhythm.bpm_histogram_second_peak_weight": 0.171875, "rhythm.danceability": 2.1827640533447266, "rhythm.onset_rate": 4.302631855010986, "tonal.chords_changes_rate": 0.10161090642213821, "tonal.chords_number_rate": 0.013630731031298637, "tonal.chords_strength.mean": 0.549676239490509, "tonal.chords_strength.stdev": 0.08930768817663193, "tonal.hpcp_crest.mean": 13.188164710998535, "tonal.hpcp_crest.stdev": 5.732736587524414, "tonal.hpcp_entropy.mean": 2.013348340988159, "tonal.hpcp_entropy.stdev": 0.7204335331916809, "tonal.key_edma.strength": 0.7743173241615295, "tonal.key_krumhansl.strength": 0.7808186411857605, "tonal.key_temperley.strength": 0.7853204011917114, "tonal.tuning_diatonic_strength": 0.67645263671875, "tonal.tuning_equal_tempered_deviation": 0.17472313344478607, "tonal.tuning_frequency": 436.960693359375, "tonal.tuning_nontempered_energy_ratio": 0.8327745199203491, "lowlevel.barkbands.mean": [0.00034156296169385314, 0.010409447364509106, 0.005641826428472996, 0.009364151395857334, 0.0031670485623180866, 0.000605581037234515, 0.0009395222878083587, 0.0011631024535745382, 0.0020775224547833204, 0.0009918081341311336, 0.0011487407609820366, 0.0005960177513770759, 0.0007063546217978001, 0.0004252399376127869, 0.0002677738375496119, 0.0003297384537290782, 0.00019558089843485504, 9.215499449055642e-05, 0.00015044760948512703, 0.00018697866471484303, 0.00014704444038216025, 9.569719259161502e-05, 8.963680011220276e-05, 4.1766095819184557e-05, 3.498575460980646e-05, 1.5895464457571507e-05, 2.872706339474007e-08], "lowlevel.barkbands.stdev": [0.0007586247520521283, 0.020249469205737114, 0.007994522340595722, 0.01546085998415947, 0.005759121384471655, 0.00106620613951236, 0.0020434276666492224, 0.002438081195577979, 0.003643641946837306, 0.0023161692079156637, 0.0033160478342324495, 0.0013387546641752124, 0.0013349497457966208, 0.0009024775354191661, 0.0004197576199658215, 0.0004270023782737553, 0.00030440313275903463, 0.0001008219551295042, 0.00014887501311022788, 0.00016244081780314445, 0.00015592090494465083, 0.00010534402099438012, 0.00010021455091191456, 5.120401328895241e-05, 5.038213566876948e-05, 2.3709626475465484e-05, 1.251130754553742e-07], "lowlevel.erbbands.mean": [0.27722686529159546, 2.4086544513702393, 6.293295383453369, 18.906373977661133, 25.466482162475586, 6.498505592346191, 4.3534064292907715, 5.305506706237793, 10.215791702270508, 22.096948623657227, 29.58164405822754, 51.77055358886719, 25.35938262939453, 43.09030532836914, 38.84931182861328, 28.154085159301758, 33.88615036010742, 21.578561782836914, 17.760726928710938, 13.80941390991211, 19.314956665039062, 10.605118751525879, 5.6192731857299805, 6.112425804138184, 8.600409507751465, 8.77257251739502, 7.297788619995117, 4.562811851501465, 3.5414512157440186, 3.390834331512451, 2.2111127376556396, 0.9949542284011841, 0.6840243935585022, 0.43421050906181335, 0.22198691964149475, 0.0988597571849823, 0.023815566673874855, 0.00156858516857028, 5.393830360844731e-05, 4.6741555706830695e-05], "lowlevel.erbbands.stdev": [0.6255012154579163, 4.552097320556641, 9.172347068786621, 25.199087142944336, 44.19490051269531, 11.352150917053223, 8.119037628173828, 9.704578399658203, 25.246248245239258, 45.815242767333984, 54.64976119995117, 91.76451873779297, 53.8054313659668, 109.83170318603516, 99.776123046875, 61.312400817871094, 62.873104095458984, 36.543704986572266, 28.80650520324707, 21.744556427001953, 23.122283935546875, 13.374499320983887, 6.623232364654541, 5.818948268890381, 8.47303581237793, 7.680693626403809, 7.3241472244262695, 4.934239387512207, 3.932993173599243, 3.8667051792144775, 2.4528772830963135, 1.153584599494934, 0.889885663986206, 0.6531760096549988, 0.3156931400299072, 0.14938417077064514, 0.03640880808234215, 0.0028642581310123205, 5.8910918596666306e-05, 3.584866499295458e-05], "lowlevel.gfcc.mean": [7.830079555511475, 103.89328002929688, -114.60951232910156, 42.71859359741211, -51.92897033691406, 29.902292251586914, -26.557992935180664, 10.472844123840332, -26.859678268432617, -0.8244892358779907, -25.25985336303711, -11.975049018859863, -15.677227973937988], "lowlevel.melbands.mean": [0.0027149824891239405, 0.00334622198715806, 0.00370358326472342, 0.0010323245078325272, 0.00015882491425145417, 0.00011996733519481495, 0.00016321173461619765, 0.0002445111458655447, 0.0002844446280505508, 0.00029986375011503696, 0.0001166195361292921, 0.00017013387696351856, 0.00015257472114171833, 6.784684956073761e-05, 8.382385567529127e-05, 5.826557753607631e-05, 3.954749263357371e-05, 3.0940977012505755e-05, 1.8957804059027694e-05, 1.9132303350488655e-05, 2.3418073396896943e-05, 1.1510162948979996e-05, 6.679426405753475e-06, 4.036503014503978e-06, 4.913099928671727e-06, 5.881071501789847e-06, 6.7989540184498765e-06, 5.5433747547795065e-06, 4.656669716496253e-06, 3.8029520510463044e-06, 2.231395228591282e-06, 2.0535178464342607e-06, 1.7440229385101702e-06, 1.98940142581705e-06, 1.411293851560913e-06, 7.800365438015433e-07, 5.466146149046835e-07, 4.947154934598075e-07, 4.1074665091400675e-07, 3.5163745337740693e-07], "lowlevel.melbands.stdev": [0.005591006018221378, 0.004814412444829941, 0.00521013792604208, 0.0017778261099010706, 0.0002753202570602298, 0.00021573365665972233, 0.0003822105354629457, 0.0005064488505013287, 0.0005038541276007891, 0.0005396968335844576, 0.00027545064222067595, 0.000441555748693645, 0.00044016173342242837, 0.000149737621541135, 0.00015240858192555606, 0.00011878562509082258, 7.84392177592963e-05, 6.0486243455670774e-05, 3.135269071208313e-05, 3.067961006308906e-05, 3.111175828962587e-05, 1.5498346328968182e-05, 1.0457354619575199e-05, 4.396835720399395e-06, 5.058830538473558e-06, 6.257728273340035e-06, 6.728683274559444e-06, 5.121127287566196e-06, 4.753508164867526e-06, 4.470389285415877e-06, 2.464675390001503e-06, 2.286690005348646e-06, 2.112953097821446e-06, 2.3866000447014812e-06, 1.6400591675846954e-06, 8.928194006330159e-07, 6.804454528719361e-07, 6.577409408237145e-07, 5.784002610198513e-07, 5.587455689237686e-07], "lowlevel.melbands128.mean": [0.0002924747532233596, 0.0019549604039639235, 0.0038374275900423527, 0.004003752954304218, 0.003208471927791834, 0.00278104143217206, 0.00354385725222528, 0.005170641932636499, 0.002405822044238448, 0.0005765613750554621, 0.00023973744828253984, 0.0001656749373069033, 0.0001323958858847618, 0.0001538496871944517, 0.00012760022946167737, 8.32951336633414e-05, 0.00013528636191040277, 0.00017819539061747491, 0.00018930027727037668, 0.0002837675274349749, 0.0002565765753388405, 0.00016997370403259993, 0.00024090510851237923, 0.00044723611790686846, 0.0004579779342748225, 0.00017899496015161276, 0.00010641186236171052, 0.00011443826224422082, 0.00011147074110340327, 0.0001635240187169984, 0.00018752145115286112, 0.00018708030984271318, 0.0001935637410497293, 9.182687063002959e-05, 5.5273027101065964e-05, 6.793726061005145e-05, 7.671109779039398e-05, 7.121686212485656e-05, 0.00010897106403717771, 7.698911213083193e-05, 4.34022476838436e-05, 3.442386514507234e-05, 3.522682163747959e-05, 4.677237302530557e-05, 4.140928649576381e-05, 2.4895296519389376e-05, 2.3942853658809327e-05, 1.7879654478747398e-05, 1.7774551452021115e-05, 1.7814032617025077e-05, 1.6950674762483686e-05, 2.2603213437832892e-05, 2.792967097775545e-05, 2.2753716621082276e-05, 1.5891992006800137e-05, 9.43802842812147e-06, 8.957367754192092e-06, 8.179593351087533e-06, 5.5357327255478594e-06, 4.3687191464414354e-06, 3.821200607490027e-06, 3.716150786203798e-06, 4.641486611944856e-06, 5.30063971382333e-06, 5.343950761016458e-06, 5.805442015116569e-06, 6.135046078270534e-06, 6.568699518538779e-06, 7.361875759670511e-06, 6.9123761932132766e-06, 5.019923264626414e-06, 5.396537744672969e-06, 4.698327302321559e-06, 4.514430202107178e-06, 4.575840193865588e-06, 4.357462330517592e-06, 3.274045639045653e-06, 2.4916000711527886e-06, 2.091328951792093e-06, 1.8598906308398e-06, 2.2703006834490225e-06, 2.1145190203242237e-06, 1.6628725916234544e-06, 1.7252666566491826e-06, 1.6929244566199486e-06, 2.070931031994405e-06, 2.0542224774544593e-06, 1.9366082142369123e-06, 1.3578846846939996e-06, 1.1080762760684593e-06, 9.011702104544383e-07, 7.11658515228919e-07, 5.126046289660735e-07, 5.440426207314886e-07, 5.668056815011369e-07, 5.145807904227695e-07, 4.784373004440567e-07, 4.6742638915020507e-07, 3.920567337445391e-07, 4.096641816886404e-07, 3.7645054362656083e-07, 3.57334556611022e-07, 2.953299542696186e-07, 2.7760913212659943e-07, 2.1566928865013324e-07, 2.508439536086371e-07, 2.303751784893393e-07, 2.036359205703775e-07, 1.6040829109442711e-07, 1.4926631308753713e-07, 1.276045082931887e-07, 8.328616019070978e-08, 7.467954077355898e-08, 5.0242558558011297e-08, 2.5583274165796865e-08, 1.122717829815656e-08, 1.5104220096873178e-09, 1.277002288635476e-11, 4.761696245636493e-12, 4.542192576922899e-12, 4.345256359589156e-12, 4.26039368714437e-12, 4.167458045323258e-12, 4.091708308978648e-12, 4.001023037186746e-12, 3.884957893579566e-12, 3.8174433232562865e-12, 3.791554310100809e-12], "lowlevel.melbands128.stdev": [0.000710357679054141, 0.004858663305640221, 0.008498378098011017, 0.007526820059865713, 0.005539269186556339, 0.0037374296225607395, 0.004696230869740248, 0.008989485912024975, 0.004474284593015909, 0.0013121843803673983, 0.00047254597302526236, 0.0003651867446023971, 0.00033772317692637444, 0.00030767000862397254, 0.00028459911118261516, 0.00026081057148985565, 0.00045629218220710754, 0.0005438288790173829, 0.0005191772361285985, 0.0007229665061458945, 0.0006914089317433536, 0.0004980634548701346, 0.0007063424563966691, 0.000992896850220859, 0.0009757588268257678, 0.0006104912026785314, 0.0003934930427931249, 0.00039471915806643665, 0.0003690442827064544, 0.0005353763117454946, 0.0007230340270325541, 0.0006892085657455027, 0.0007545797270722687, 0.00032709044171497226, 0.00014635297702625394, 0.00023193465312942863, 0.0002661102043930441, 0.00019442549091763794, 0.0002889287134166807, 0.00019184514530934393, 0.00015414788504131138, 8.752380381338298e-05, 8.597897249273956e-05, 0.0001604836288606748, 0.0001390833203913644, 5.786913970950991e-05, 5.16286090714857e-05, 4.2946696339640766e-05, 4.657687895814888e-05, 4.8643240006640553e-05, 4.637891470338218e-05, 3.6959449062123895e-05, 4.3143012590007856e-05, 5.1264589274069294e-05, 3.05584107991308e-05, 1.3892016795580275e-05, 1.7653974282438867e-05, 1.9751201762119308e-05, 9.973843589250464e-06, 5.864179456693819e-06, 5.320416221366031e-06, 5.264881565381074e-06, 5.3971361921867356e-06, 7.184988135122694e-06, 6.308345291472506e-06, 8.039189197006635e-06, 7.936463589430787e-06, 8.708063433005009e-06, 8.604270078649279e-06, 8.013633305381518e-06, 5.434489594335901e-06, 6.521092018374475e-06, 5.247607987257652e-06, 5.77305763727054e-06, 5.757384769822238e-06, 6.0066299738537055e-06, 4.5881665755587164e-06, 3.1887116165307816e-06, 2.646293978614267e-06, 2.1783273496112088e-06, 2.6298891953047132e-06, 3.188728214809089e-06, 2.119402779499069e-06, 2.3162224351835903e-06, 2.3016871182335308e-06, 2.829254526659497e-06, 2.723415491345804e-06, 2.6673344564187573e-06, 1.7170779074149323e-06, 1.4502826388707035e-06, 1.131949147747946e-06, 9.230280397787283e-07, 7.381564728348167e-07, 7.561787924714736e-07, 7.550237910436408e-07, 7.307261284950073e-07, 7.238845682877582e-07, 6.891285124766e-07, 5.98694498421537e-07, 6.555911227223987e-07, 6.700311701024475e-07, 6.024382059877098e-07, 5.239477900431666e-07, 4.354187979060953e-07, 3.2817882811286836e-07, 4.1678526940813754e-07, 3.390185554508207e-07, 3.3302512747468427e-07, 2.8068436108696915e-07, 2.470729612014111e-07, 2.1541774231081945e-07, 1.385467385262018e-07, 1.3768284645720996e-07, 9.767373398972268e-08, 5.071587594329685e-08, 3.7025483123898084e-08, 6.288717546709677e-09, 1.2752082723110902e-10, 9.873393769233019e-12, 7.678452491888255e-12, 6.7623719124387804e-12, 6.614587783754233e-12, 6.483058447720458e-12, 6.37107120532443e-12, 6.280042891965154e-12, 6.204827450451145e-12, 6.150958648670768e-12, 6.117649789527668e-12], "lowlevel.mfcc.mean": [-633.1778564453125, 126.27296447753906, 3.0606861114501953, 24.675344467163086, 4.294905662536621, 19.59709930419922, 11.179383277893066, 9.363152503967285, 7.469664573669434, 8.556341171264648, -1.7742094993591309, -0.727072536945343, 0.10102375596761703], "lowlevel.spectral_contrast_coeffs.mean": [-0.6580438017845154, -0.7458862662315369, -0.7711995840072632, -0.792638897895813, -0.8146046996116638, -0.7477811574935913], "lowlevel.spectral_contrast_coeffs.stdev": [0.07180193066596985, 0.08776065707206726, 0.07886181771755219, 0.05012724548578262, 0.02952515333890915, 0.037920232862234116], "lowlevel.spectral_contrast_valleys.mean": [-6.522277355194092, -6.789515495300293, -7.168876647949219, -7.362875938415527, -7.397595405578613, -10.333292961120605], "lowlevel.spectral_contrast_valleys.stdev": [0.5347052216529846, 0.5512521266937256, 0.498642235994339, 0.4402504861354828, 0.4932255744934082, 0.73643559217453], "rhythm.beats_loudness_band_ratio.mean": [0.755979061126709, 0.06422021985054016, 0.09366001188755035, 0.06971727311611176, 0.02645394764840603, 0.0225360244512558], "rhythm.beats_loudness_band_ratio.stdev": [0.154090017080307, 0.04653606936335564, 0.0951356291770935, 0.10016494989395142, 0.017748937010765076, 0.012381006963551044], "tonal.hpcp.mean": [0.13896481692790985, 0.11937601864337921, 0.07411264628171921, 0.06264425069093704, 0.053440723568201065, 0.053832001984119415, 0.06588657945394516, 0.06792771071195602, 0.12065746635198593, 0.22647856175899506, 0.1677900105714798, 0.05303134396672249, 0.044557373970746994, 0.0416184701025486, 0.04400758072733879, 0.0870051234960556, 0.10175969451665878, 0.07207540422677994, 0.057698216289281845, 0.057952266186475754, 0.11203686147928238, 0.22408579289913177, 0.2535367012023926, 0.26660051941871643, 0.3227252662181854, 0.21184797585010529, 0.06630677729845047, 0.03692327439785004, 0.03212105855345726, 0.04334216192364693, 0.06166716665029526, 0.055647656321525574, 0.048668961971998215, 0.057039711624383926, 0.06962865591049194, 0.09813813120126724], "tonal.hpcp.stdev": [0.2724553048610687, 0.24215131998062134, 0.18870437145233154, 0.1813458651304245, 0.16033689677715302, 0.15773707628250122, 0.17196360230445862, 0.16449296474456787, 0.2168208509683609, 0.35876479744911194, 0.2804107964038849, 0.13664080202579498, 0.13172504305839539, 0.12214238941669464, 0.11092431843280792, 0.21324080228805542, 0.23653142154216766, 0.17681032419204712, 0.159992977976799, 0.15339769423007965, 0.21015921235084534, 0.32135966420173645, 0.33021992444992065, 0.32033565640449524, 0.4028305411338806, 0.3046203851699829, 0.1671125292778015, 0.12418325245380402, 0.11124637722969055, 0.1263701170682907, 0.17025430500507355, 0.1389106959104538, 0.14407634735107422, 0.15654827654361725, 0.17960496246814728, 0.2087785303592682], "rhythm.beats_position": [0.5688889026641846, 1.160997748374939, 1.7763265371322632, 2.3800454139709473, 2.9953742027282715, 3.5526530742645264, 4.109931945800781, 4.667210578918457, 5.224489688873291, 5.770158767700195, 6.315827369689941, 6.861496448516846, 7.40716552734375, 7.964444160461426, 8.510112762451172, 9.055782318115234, 9.61306095123291, 10.170339584350586, 10.704399108886719, 11.261677742004395, 11.81895637512207, 12.364625930786133, 12.910294532775879, 13.455963134765625, 14.001632690429688, 14.558911323547363, 15.09296989440918, 15.650249481201172, 16.20752716064453, 16.776416778564453, 17.345306396484375, 17.914194107055664, 18.483083724975586, 19.051973342895508, 19.632471084594727, 20.224580764770508, 20.828298568725586, 21.408798217773438, 21.989295959472656, 22.581405639648438, 23.173513412475586, 23.754013061523438, 24.33451271057129, 24.915010452270508, 25.51873016357422, 26.099227905273438, 26.70294761657715, 27.283445358276367, 27.87555503845215, 28.46766471862793, 29.04816246032715, 29.61705207824707, 30.18593978881836, 30.74321937561035, 31.323719024658203, 31.904216766357422, 32.5079345703125, 33.07682418823242, 33.645713806152344, 34.2029914855957, 34.771881103515625, 35.34077072143555, 35.898048400878906, 36.45532989501953, 37.02421569824219], "rhythm.bpm_histogram": [0.0, 0.0, 0.0, 0.0, 0.0, 0.0, 0.0, 0.0, 0.0, 0.0, 0.0, 0.0, 0.0, 0.0, 0.0, 0.0, 0.0, 0.0, 0.0, 0.0, 0.0, 0.0, 0.0, 0.0, 0.0, 0.0, 0.0, 0.0, 0.0, 0.0, 0.0, 0.0, 0.0, 0.0, 0.0, 0.0, 0.0, 0.0, 0.0, 0.0, 0.0, 0.0, 0.0, 0.0, 0.0, 0.0, 0.0, 0.0, 0.0, 0.0, 0.0, 0.0, 0.0, 0.0, 0.0, 0.0, 0.0, 0.0, 0.0, 0.0, 0.0, 0.0, 0.0, 0.0, 0.0, 0.0, 0.0, 0.0, 0.0, 0.0, 0.0, 0.0, 0.0, 0.0, 0.0, 0.0, 0.0, 0.0, 0.0, 0.0, 0.0, 0.0, 0.0, 0.0, 0.0, 0.0, 0.0, 0.0, 0.0, 0.0, 0.0, 0.0, 0.0, 0.0, 0.0, 0.0, 0.0, 0.0, 0.03125, 0.078125, 0.0, 0.09375, 0.0, 0.171875, 0.0, 0.1875, 0.0, 0.0, 0.25, 0.0, 0.15625, 0.0, 0.03125, 0.0, 0.0, 0.0, 0.0, 0.0, 0.0, 0.0, 0.0, 0.0, 0.0, 0.0, 0.0, 0.0, 0.0, 0.0, 0.0, 0.0, 0.0, 0.0, 0.0, 0.0, 0.0, 0.0, 0.0, 0.0, 0.0, 0.0, 0.0, 0.0, 0.0, 0.0, 0.0, 0.0, 0.0, 0.0, 0.0, 0.0, 0.0, 0.0, 0.0, 0.0, 0.0, 0.0, 0.0, 0.0, 0.0, 0.0, 0.0, 0.0, 0.0, 0.0, 0.0, 0.0, 0.0, 0.0, 0.0, 0.0, 0.0, 0.0, 0.0, 0.0, 0.0, 0.0, 0.0, 0.0, 0.0, 0.0, 0.0, 0.0, 0.0, 0.0, 0.0, 0.0, 0.0, 0.0, 0.0, 0.0, 0.0, 0.0, 0.0, 0.0, 0.0, 0.0, 0.0, 0.0, 0.0, 0.0, 0.0, 0.0, 0.0, 0.0, 0.0, 0.0, 0.0, 0.0, 0.0, 0.0, 0.0, 0.0, 0.0, 0.0, 0.0, 0.0, 0.0, 0.0, 0.0, 0.0, 0.0, 0.0, 0.0, 0.0, 0.0, 0.0, 0.0, 0.0, 0.0, 0.0, 0.0, 0.0, 0.0, 0.0, 0.0, 0.0, 0.0, 0.0, 0.0, 0.0, 0.0, 0.0, 0.0, 0.0, 0.0, 0.0, 0.0, 0.0, 0.0, 0.0], "tonal.chords_histogram": [41.387855529785156, 3.8413877487182617, 2.3543989658355713, 0.0, 0.0, 0.0, 0.0, 5.576208114624023, 4.832713603973389, 3.4696407318115234, 0.0, 0.0, 0.0, 0.0, 0.74349445104599, 0.0, 3.8413877487182617, 1.7348203659057617, 0.0, 0.0, 0.0, 5.824039459228516, 7.311028480529785, 19.083023071289062], "tonal.thpcp": [1.0, 0.6564344167709351, 0.2054588943719864, 0.11441085487604141, 0.0995306596159935, 0.13430048525333405, 0.19108255207538605, 0.17243042588233948, 0.15080617368221283, 0.17674386501312256, 0.21575210988521576, 0.3040918707847595, 0.43059787154197693, 0.36989980936050415, 0.2296462506055832, 0.19411015510559082, 0.1655919998884201, 0.16680441796779633, 0.20415686070919037, 0.21048153936862946, 0.37387052178382874, 0.7017689347267151, 0.5199159383773804, 0.16432349383831024, 0.13806596398353577, 0.12895944714546204, 0.13636235892772675, 0.26959502696990967, 0.3153136968612671, 0.22333362698554993, 0.1787843108177185, 0.17957152426242828, 0.34715864062309265, 0.6943546533584595, 0.7856115698814392, 0.8260912299156189], "lowlevel.gfcc.cov": [[1603.8365478515625, -463.1725769042969, 136.7482452392578, 81.14791870117188, -181.5858612060547, -26.629032135009766, -100.74369812011719, -1.6831575632095337, -68.83858489990234, 72.82261657714844, -158.58612060546875, 72.33180236816406, -117.06294250488281], [-463.1725769042969, 853.8529663085938, -225.3240966796875, -156.61578369140625, 167.6915740966797, -64.721435546875, 180.58558654785156, -2.325451374053955, 127.41151428222656, -105.94585418701172, 198.556640625, -116.86361694335938, 132.46669006347656], [136.7482452392578, -225.3240966796875, 338.6520690917969, 141.55271911621094, 4.883969306945801, 23.981416702270508, -76.46692657470703, 8.653765678405762, -22.915857315063477, 65.27355194091797, -30.868885040283203, 71.00151824951172, -36.75825119018555], [81.14791870117188, -156.61578369140625, 141.55271911621094, 273.19073486328125, 47.555728912353516, -6.742633819580078, -57.14094161987305, -11.59311580657959, 30.712156295776367, 46.41005325317383, -3.475844144821167, 35.111087799072266, 11.39208698272705], [-181.5858612060547, 167.6915740966797, 4.883969306945801, 47.555728912353516, 213.83023071289062, 64.36901092529297, 82.02767181396484, 7.057453632354736, 37.73662185668945, 2.024060010910034, 54.12751770019531, 2.042200803756714, 66.17581939697266], [-26.629032135009766, -64.721435546875, 23.981416702270508, -6.742633819580078, 64.36901092529297, 180.7813720703125, 104.76899719238281, 5.217942714691162, -18.863452911376953, -2.4724044799804688, 2.0199472904205322, 17.979887008666992, 7.070804595947266], [-100.74369812011719, 180.58558654785156, -76.46692657470703, -57.14094161987305, 82.02767181396484, 104.76899719238281, 246.19557189941406, 32.639381408691406, 19.10169219970703, -39.218597412109375, 39.92103958129883, -8.137323379516602, 27.566869735717773], [-1.6831575632095337, -2.325451374053955, 8.653765678405762, -11.59311580657959, 7.057453632354736, 5.217942714691162, 32.639381408691406, 115.84921264648438, 59.35820770263672, 23.91063690185547, 5.418319225311279, -3.4657578468322754, 8.868651390075684], [-68.83858489990234, 127.41151428222656, -22.915857315063477, 30.712156295776367, 37.73662185668945, -18.863452911376953, 19.10169219970703, 59.35820770263672, 130.1652069091797, 37.35212707519531, 37.58289337158203, -30.95682716369629, 28.5457763671875], [72.82261657714844, -105.94585418701172, 65.27355194091797, 46.41005325317383, 2.024060010910034, -2.4724044799804688, -39.218597412109375, 23.91063690185547, 37.35212707519531, 111.2394027709961, 13.572188377380371, 27.166316986083984, -18.685558319091797], [-158.58612060546875, 198.556640625, -30.868885040283203, -3.475844144821167, 54.12751770019531, 2.0199472904205322, 39.92103958129883, 5.418319225311279, 37.58289337158203, 13.572188377380371, 134.19203186035156, 11.105413436889648, 43.644954681396484], [72.33180236816406, -116.86361694335938, 71.00151824951172, 35.111087799072266, 2.042200803756714, 17.979887008666992, -8.137323379516602, -3.4657578468322754, -30.95682716369629, 27.166316986083984, 11.105413436889648, 98.7095947265625, 10.884228706359863], [-117.06294250488281, 132.46669006347656, -36.75825119018555, 11.39208698272705, 66.17581939697266, 7.070804595947266, 27.566869735717773, 8.868651390075684, 28.5457763671875, -18.685558319091797, 43.644954681396484, 10.884228706359863, 86.34295654296875]], "lowlevel.gfcc.icov": [[0.000843280169647187, -0.00032134278444573283, 0.00014104583533480763, -0.0004569147131405771, 0.0006012853118591011, -0.00017403640958946198, 2.2422482288675383e-05, -0.00024981715250760317, 0.00033415950019843876, -0.0006375184166245162, 0.0010899058543145657, -0.0008373247692361474, 0.000634734402410686], [-0.00032134278444573283, 0.01190711185336113, -0.0029674165416508913, 0.007139221299439669, -0.005045097786933184, 0.008717178367078304, -0.006147864740341902, 0.006987808737903833, -0.008522404357790947, 0.0077010635286569595, -0.011875762604176998, 0.009523028507828712, -0.007224054075777531], [0.00014104583533480763, -0.0029674165416508913, 0.006175774149596691, -0.003985647577792406, 0.00035166024463251233, -0.003236978780478239, 0.003060848219320178, -0.0033527580089867115, 0.0030256484169512987, -0.002528807846829295, 0.0033177698496729136, -0.005169488489627838, 0.004688558168709278], [-0.0004569147131405771, 0.007139221299439669, -0.003985647577792406, 0.010158618912100792, -0.004357125144451857, 0.005523459054529667, -0.00294213998131454, 0.006234248634427786, -0.007803290616720915, 0.004382009617984295, -0.006399549078196287, 0.004747502040117979, -0.005258870776742697], [0.0006012853118591011, -0.005045097786933184, 0.00035166024463251233, -0.004357125144451857, 0.010790418833494186, -0.005425268784165382, 0.0004722051089629531, -0.0019235435174778104, 0.003476049518212676, -0.004954831209033728, 0.004380984231829643, -0.002125334460288286, -0.002667137421667576], [-0.00017403640958946198, 0.008717178367078304, -0.003236978780478239, 0.005523459054529667, -0.005425268784165382, 0.015281994827091694, -0.008583854883909225, 0.005243130028247833, -0.004052393604069948, 0.004013598430901766, -0.007447974290698767, 0.0066830613650381565, -0.005477235186845064], [2.2422482288675383e-05, -0.006147864740341902, 0.003060848219320178, -0.00294213998131454, 0.0004722051089629531, -0.008583854883909225, 0.011217792518436909, -0.00568078039214015, 0.0028343915473669767, -0.0003818310797214508, 0.004379643127322197, -0.00633821077644825, 0.0060621146112680435], [-0.00024981715250760317, 0.006987808737903833, -0.0033527580089867115, 0.006234248634427786, -0.0019235435174778104, 0.005243130028247833, -0.00568078039214015, 0.017408551648259163, -0.012020883150398731, 0.003241793718189001, -0.005080890841782093, 0.0043991985730826855, -0.005549212917685509], [0.00033415950019843876, -0.008522404357790947, 0.0030256484169512987, -0.007803290616720915, 0.003476049518212676, -0.004052393604069948, 0.0028343915473669767, -0.012020883150398731, 0.024148130789399147, -0.012597737833857536, 0.006278342567384243, 0.0010960951913148165, -0.00017845520051196218], [-0.0006375184166245162, 0.0077010635286569595, -0.002528807846829295, 0.004382009617984295, -0.004954831209033728, 0.004013598430901766, -0.0003818310797214508, 0.003241793718189001, -0.012597737833857536, 0.021687455475330353, -0.010350048542022705, 0.00021415430819615722, 0.00298690446652472], [0.0010899058543145657, -0.011875762604176998, 0.0033177698496729136, -0.006399549078196287, 0.004380984231829643, -0.007447974290698767, 0.004379643127322197, -0.005080890841782093, 0.006278342567384243, -0.010350048542022705, 0.023189106956124306, -0.011727269738912582, 0.0037710529286414385], [-0.0008373247692361474, 0.009523028507828712, -0.005169488489627838, 0.004747502040117979, -0.002125334460288286, 0.0066830613650381565, -0.00633821077644825, 0.0043991985730826855, 0.0010960951913148165, 0.00021415430819615722, -0.011727269738912582, 0.025603676214814186, -0.013534811325371265], [0.000634734402410686, -0.007224054075777531, 0.004688558168709278, -0.005258870776742697, -0.002667137421667576, -0.005477235186845064, 0.0060621146112680435, -0.005549212917685509, -0.00017845520051196218, 0.00298690446652472, 0.0037710529286414385, -0.013534811325371265, 0.027847861871123314]], "lowlevel.mfcc.cov": [[1600.29443359375, -419.2139892578125, 121.81878662109375, 46.61936950683594, -108.60882568359375, -14.464576721191406, -127.64620208740234, -51.441558837890625, -7.134886741638184, -29.033437728881836, -22.533626556396484, -23.397478103637695, -43.47225570678711], [-419.2139892578125, 773.063232421875, -247.8095245361328, -71.05964660644531, -9.94631290435791, -64.44591522216797, 98.64338684082031, 47.12820053100586, 11.171313285827637, 30.52518653869629, 32.135746002197266, 24.298484802246094, 38.38054656982422], [121.81878662109375, -247.8095245361328, 291.70855712890625, 65.49736022949219, 35.241676330566406, 10.406508445739746, -51.90924835205078, -27.29537010192871, -22.499435424804688, -29.28199005126953, 0.6487873196601868, 17.485944747924805, 3.3476014137268066], [46.61936950683594, -71.05964660644531, 65.49736022949219, 219.13291931152344, 74.9747543334961, 9.839566230773926, -48.379486083984375, -26.776538848876953, 5.0579729080200195, 7.609958171844482, -10.840886116027832, 25.401363372802734, 19.66045379638672], [-108.60882568359375, -9.94631290435791, 35.241676330566406, 74.9747543334961, 179.86351013183594, 18.376829147338867, -20.69635009765625, -30.228687286376953, 9.232343673706055, 14.355972290039062, -3.426983118057251, 11.9847993850708, 14.364862442016602], [-14.464576721191406, -64.44591522216797, 10.406508445739746, 9.839566230773926, 18.376829147338867, 182.2416534423828, 81.2480239868164, 32.43389129638672, 4.014894008636475, -0.7341316342353821, 6.3864545822143555, -7.934594631195068, -15.051637649536133], [-127.64620208740234, 98.64338684082031, -51.90924835205078, -48.379486083984375, -20.69635009765625, 81.2480239868164, 165.6242218017578, 83.14372253417969, 6.2327728271484375, -0.6304947137832642, 9.559406280517578, -2.891249656677246, 6.16938591003418], [-51.441558837890625, 47.12820053100586, -27.29537010192871, -26.776538848876953, -30.228687286376953, 32.43389129638672, 83.14372253417969, 114.49842834472656, 40.59097671508789, 6.73026704788208, 2.3303844928741455, 0.06309740245342255, 5.950891017913818], [-7.134886741638184, 11.171313285827637, -22.499435424804688, 5.0579729080200195, 9.232343673706055, 4.014894008636475, 6.2327728271484375, 40.59097671508789, 95.97636413574219, 51.937461853027344, 5.728862285614014, 1.5270358324050903, 3.9902937412261963], [-29.033437728881836, 30.52518653869629, -29.28199005126953, 7.609958171844482, 14.355972290039062, -0.7341316342353821, -0.6304947137832642, 6.73026704788208, 51.937461853027344, 103.78404235839844, 36.98918151855469, 12.552488327026367, 6.305044174194336], [-22.533626556396484, 32.135746002197266, 0.6487873196601868, -10.840886116027832, -3.426983118057251, 6.3864545822143555, 9.559406280517578, 2.3303844928741455, 5.728862285614014, 36.98918151855469, 72.1498794555664, 33.054569244384766, 5.395976543426514], [-23.397478103637695, 24.298484802246094, 17.485944747924805, 25.401363372802734, 11.9847993850708, -7.934594631195068, -2.891249656677246, 0.06309740245342255, 1.5270358324050903, 12.552488327026367, 33.054569244384766, 77.31148529052734, 43.82838821411133], [-43.47225570678711, 38.38054656982422, 3.3476014137268066, 19.66045379638672, 14.364862442016602, -15.051637649536133, 6.16938591003418, 5.950891017913818, 3.9902937412261963, 6.305044174194336, 5.395976543426514, 43.82838821411133, 87.0037612915039]], "lowlevel.mfcc.icov": [[0.0008084444561973214, 0.00036412387271411717, 1.9160215742886066e-05, -0.00018902462034020573, 0.0006391467759385705, -4.829778481507674e-05, 0.0004135831259191036, 0.00010444554209243506, -0.00017529002798255533, 0.00013654414215125144, -4.041231295559555e-05, 2.9456465199473314e-05, 0.00012075411359546706], [0.00036412387271411717, 0.0023358233738690615, 0.0016638925299048424, -5.593921014224179e-05, -0.00021591734548565, 0.0013172891922295094, -0.0012430953793227673, 3.419785207370296e-05, 0.00013306208711583167, 0.00021837865642737597, -0.0008576211403124034, -0.0003314293280709535, -0.00035229127388447523], [1.9160215742886066e-05, 0.0016638925299048424, 0.005421321373432875, -0.0007780651794746518, -0.0007934028981253505, 0.00020470227173063904, 0.0006543138879351318, -0.0005899624666199088, 0.0006552557460963726, 0.001572727574966848, -0.0014917035587131977, -0.0008142138831317425, -0.00023818580666556954], [-0.00018902462034020573, -5.593921014224179e-05, -0.0007780651794746518, 0.0063639432191848755, -0.0020629046484827995, -0.0010712997755035758, 0.0017593493685126305, -0.0003214672324247658, 0.00021759474475402385, -0.001043112832121551, 0.0023017767816781998, -0.002303869230672717, -0.0003419751883484423], [0.0006391467759385705, -0.00021591734548565, -0.0007934028981253505, -0.0020629046484827995, 0.007717987056821585, -0.0011786671821027994, -2.260122300867806e-06, 0.0026742038317024708, -0.0015436159446835518, -0.0005715444567613304, 0.0008819773211143911, -8.758681360632181e-05, -0.000648018904030323], [-4.829778481507674e-05, 0.0013172891922295094, 0.00020470227173063904, -0.0010712997755035758, -0.0011786671821027994, 0.008809051476418972, -0.005905430298298597, 0.0008113023359328508, -0.0005073914071545005, 0.00045349320862442255, -0.0013021798804402351, 0.0003153290890622884, 0.0016231200424954295], [0.0004135831259191036, -0.0012430953793227673, 0.0006543138879351318, 0.0017593493685126305, -2.260122300867806e-06, -0.005905430298298597, 0.015482688322663307, -0.009550841525197029, 0.003896055743098259, -0.0005201956955716014, -0.0006817181711085141, 0.0010756588308140635, -0.0017741636838763952], [0.00010444554209243506, 3.419785207370296e-05, -0.0005899624666199088, -0.0003214672324247658, 0.0026742038317024708, 0.0008113023359328508, -0.009550841525197029, 0.019161952659487724, -0.009496677666902542, 0.0029762019403278828, 0.00024731209850870073, -0.0007093788590282202, -0.00024024266167543828], [-0.00017529002798255533, 0.00013306208711583167, 0.0006552557460963726, 0.00021759474475402385, -0.0015436159446835518, -0.0005073914071545005, 0.003896055743098259, -0.009496677666902542, 0.019754039123654366, -0.010142657905817032, 0.0033879438415169716, -0.00018337243818677962, 3.0993240216048434e-05], [0.00013654414215125144, 0.00021837865642737597, 0.001572727574966848, -0.001043112832121551, -0.0005715444567613304, 0.00045349320862442255, -0.0005201956955716014, 0.0029762019403278828, -0.010142657905817032, 0.0184172336012125, -0.009867551736533642, 0.002185018500313163, -0.0012049851939082146], [-4.041231295559555e-05, -0.0008576211403124034, -0.0014917035587131977, 0.0023017767816781998, 0.0008819773211143911, -0.0013021798804402351, -0.0006817181711085141, 0.00024731209850870073, 0.0033879438415169716, -0.009867551736533642, 0.024873219430446625, -0.012244920246303082, 0.004741400945931673], [2.9456465199473314e-05, -0.0003314293280709535, -0.0008142138831317425, -0.002303869230672717, -8.758681360632181e-05, 0.0003153290890622884, 0.0010756588308140635, -0.0007093788590282202, -0.00018337243818677962, 0.002185018500313163, -0.012244920246303082, 0.025456709787249565, -0.011460271663963795], [0.00012075411359546706, -0.00035229127388447523, -0.00023818580666556954, -0.0003419751883484423, -0.000648018904030323, 0.0016231200424954295, -0.0017741636838763952, -0.00024024266167543828, 3.0993240216048434e-05, -0.0012049851939082146, 0.004741400945931673, -0.011460271663963795, 0.01789095439016819]], "metadata.audio_properties.analysis.downmix": "mix", "metadata.audio_properties.codec": "mp3", "metadata.audio_properties.md5_encoded": "3ece6d96b62549a94a0b7204b3187d05", "metadata.tags.file_name": "1183718710301704222.mp3", "metadata.version.essentia": "2.1-beta6-dev", "metadata.version.essentia_git_sha": "v2.1_beta5-1110-g77a6a954", "metadata.version.extractor": "music 2.0", "tonal.chords_key": "A", "tonal.chords_scale": "minor", "tonal.key_edma.key": "F", "tonal.key_edma.scale": "major", "tonal.key_krumhansl.key": "F", "tonal.key_krumhansl.scale": "major", "