{"song_id": "1183708469702950962", "download": "https://cdn.discordapp.com/attachments/1128313332273782784/1183708469702950962/chirp.mp4?ex=6589516b&amp", "lyrics": "[Verse]\nIn the moonlight, our love would fly\nTwo hearts entwined, beneath the sky\nWith every moment, our souls would dance\nUnited forever, in a timeless romance\n\n[Chorus]\n\u4e00\u6bb5\u6b4c\u980c\u5152\u5973\u60c5\u9577\u7684\u6d6a\u6f2b\u60c5\u6b4c\n\u6c38\u4e0d\u505c\u6b62\u70ba\u4f60\u6211\u4ea4\u7e54\n\u611b\u7684\u6a02\u7ae0\uff0c\u7834\u66c9\u5230\u5929\u660e\n\u4f60\u6211\u76f8\u5b88\uff0c\u76f4\u5230\u6c38\u9060\u76f8\u4fe1", "style": ["rock</span><span>-n</span><span>-roll"], "essentia_features": {"lowlevel.average_loudness": 0.9750356674194336, "lowlevel.barkbands_crest.mean": 14.832554817199707, "lowlevel.barkbands_crest.stdev": 6.2030930519104, "lowlevel.barkbands_flatness_db.mean": 0.24037516117095947, "lowlevel.barkbands_flatness_db.stdev": 0.10134585201740265, "lowlevel.barkbands_kurtosis.mean": 77.38948822021484, "lowlevel.barkbands_kurtosis.stdev": 206.5767059326172, "lowlevel.barkbands_skewness.mean": 4.753355979919434, "lowlevel.barkbands_skewness.stdev": 5.189838409423828, "lowlevel.barkbands_spread.mean": 13.985069274902344, "lowlevel.barkbands_spread.stdev": 17.113752365112305, "lowlevel.dissonance.mean": 0.45151424407958984, "lowlevel.dissonance.stdev": 0.034404002130031586, "lowlevel.dynamic_complexity": 2.220588445663452, "lowlevel.erbbands_crest.mean": 11.798709869384766, "lowlevel.erbbands_crest.stdev": 5.043173313140869, "lowlevel.erbbands_flatness_db.mean": 0.15706835687160492, "lowlevel.erbbands_flatness_db.stdev": 0.04226645827293396, "lowlevel.erbbands_kurtosis.mean": 1.741163969039917, "lowlevel.erbbands_kurtosis.stdev": 4.423257350921631, "lowlevel.erbbands_skewness.mean": 0.7928855419158936, "lowlevel.erbbands_skewness.stdev": 1.09050714969635, "lowlevel.erbbands_spread.mean": 46.78990936279297, "lowlevel.erbbands_spread.stdev": 27.84049415588379, "lowlevel.hfc.mean": 22.08156967163086, "lowlevel.hfc.stdev": 18.546802520751953, "lowlevel.loudness_ebu128.integrated": -13.645112991333008, "lowlevel.loudness_ebu128.loudness_range": 1.2717170715332031, "lowlevel.loudness_ebu128.momentary.mean": -13.933303833007812, "lowlevel.loudness_ebu128.momentary.stdev": 1.7778818607330322, "lowlevel.loudness_ebu128.short_term.mean": -13.56170654296875, "lowlevel.loudness_ebu128.short_term.stdev": 0.709891140460968, "lowlevel.melbands_crest.mean": 20.285825729370117, "lowlevel.melbands_crest.stdev": 8.345616340637207, "lowlevel.melbands_flatness_db.mean": 0.3185639977455139, "lowlevel.melbands_flatness_db.stdev": 0.12208535522222519, "lowlevel.melbands_kurtosis.mean": 84.95914459228516, "lowlevel.melbands_kurtosis.stdev": 147.5927276611328, "lowlevel.melbands_skewness.mean": 5.577237606048584, "lowlevel.melbands_skewness.stdev": 4.10964822769165, "lowlevel.melbands_spread.mean": 10.167125701904297, "lowlevel.melbands_spread.stdev": 13.482038497924805, "lowlevel.pitch_salience.mean": 0.39221471548080444, "lowlevel.pitch_salience.stdev": 0.1814035326242447, "lowlevel.silence_rate_20dB.mean": 0.9095607399940491, "lowlevel.silence_rate_20dB.stdev": 0.28680941462516785, "lowlevel.silence_rate_30dB.mean": 0.7719638347625732, "lowlevel.silence_rate_30dB.stdev": 0.4195673167705536, "lowlevel.silence_rate_60dB.mean": 0.009043927304446697, "lowlevel.silence_rate_60dB.stdev": 0.09466969966888428, "lowlevel.spectral_centroid.mean": 804.2933349609375, "lowlevel.spectral_centroid.stdev": 654.0103149414062, "lowlevel.spectral_complexity.mean": 12.052325248718262, "lowlevel.spectral_complexity.stdev": 6.387094497680664, "lowlevel.spectral_decrease.mean": -2.5281110538344365e-08, "lowlevel.spectral_decrease.stdev": 3.3445132885390194e-08, "lowlevel.spectral_energy.mean": 0.09741954505443573, "lowlevel.spectral_energy.stdev": 0.12652216851711273, "lowlevel.spectral_energyband_high.mean": 0.0010296799009665847, "lowlevel.spectral_energyband_high.stdev": 0.0021950174123048782, "lowlevel.spectral_energyband_low.mean": 0.07791885733604431, "lowlevel.spectral_energyband_low.stdev": 0.13230323791503906, "lowlevel.spectral_energyband_middle_high.mean": 0.003131150035187602, "lowlevel.spectral_energyband_middle_high.stdev": 0.0045270356349647045, "lowlevel.spectral_energyband_middle_low.mean": 0.01651986502110958, "lowlevel.spectral_energyband_middle_low.stdev": 0.013882494531571865, "lowlevel.spectral_entropy.mean": 7.24504280090332, "lowlevel.spectral_entropy.stdev": 0.5651599168777466, "lowlevel.spectral_flux.mean": 0.12185080349445343, "lowlevel.spectral_flux.stdev": 0.13292433321475983, "lowlevel.spectral_kurtosis.mean": 5.245424270629883, "lowlevel.spectral_kurtosis.stdev": 3.8848488330841064, "lowlevel.spectral_rms.mean": 0.008441492915153503, "lowlevel.spectral_rms.stdev": 0.004876970313489437, "lowlevel.spectral_rolloff.mean": 775.73974609375, "lowlevel.spectral_rolloff.stdev": 1435.82666015625, "lowlevel.spectral_skewness.mean": 1.8181976079940796, "lowlevel.spectral_skewness.stdev": 0.6350206732749939, "lowlevel.spectral_spread.mean": 5319083.5, "lowlevel.spectral_spread.stdev": 1685198.875, "lowlevel.spectral_strongpeak.mean": 0.924679696559906, "lowlevel.spectral_strongpeak.stdev": 0.6937432885169983, "lowlevel.zerocrossingrate.mean": 0.037547189742326736, "lowlevel.zerocrossingrate.stdev": 0.036557637155056, "metadata.audio_properties.analysis.equal_loudness": 0.0, "metadata.audio_properties.analysis.length": 35.90399169921875, "metadata.audio_properties.analysis.sample_rate": 44100.0, "metadata.audio_properties.analysis.start_time": 0.0, "metadata.audio_properties.bit_rate": 114747.0, "metadata.audio_properties.length": 35.90399932861328, "metadata.audio_properties.lossless": 0.0, "metadata.audio_properties.number_channels": 1.0, "metadata.audio_properties.replay_gain": -10.257728576660156, "metadata.audio_properties.sample_rate": 48000.0, "rhythm.beats_count": 74.0, "rhythm.beats_loudness.mean": 0.3436599373817444, "rhythm.beats_loudness.stdev": 0.1322094053030014, "rhythm.bpm": 124.39219665527344, "rhythm.bpm_histogram_first_peak_bpm": 123.0, "rhythm.bpm_histogram_first_peak_weight": 0.4482758641242981, "rhythm.bpm_histogram_second_peak_bpm": 129.0, "rhythm.bpm_histogram_second_peak_spread": 0.0, "rhythm.bpm_histogram_second_peak_weight": 0.1780821979045868, "rhythm.danceability": 2.365351438522339, "rhythm.onset_rate": 4.593379020690918, "tonal.chords_changes_rate": 0.029677418991923332, "tonal.chords_number_rate": 0.006451612804085016, "tonal.chords_strength.mean": 0.5443831086158752, "tonal.chords_strength.stdev": 0.09555850923061371, "tonal.hpcp_crest.mean": 14.11952018737793, "tonal.hpcp_crest.stdev": 6.315745830535889, "tonal.hpcp_entropy.mean": 1.8839213848114014, "tonal.hpcp_entropy.stdev": 0.6799049377441406, "tonal.key_edma.strength": 0.6765173077583313, "tonal.key_krumhansl.strength": 0.6619303226470947, "tonal.key_temperley.strength": 0.6393471956253052, "tonal.tuning_diatonic_strength": 0.632068395614624, "tonal.tuning_equal_tempered_deviation": 0.23076389729976654, "tonal.tuning_frequency": 434.193115234375, "tonal.tuning_nontempered_energy_ratio": 0.9674410820007324, "lowlevel.barkbands.mean": [0.003147862385958433, 0.06384402513504028, 0.009813481941819191, 0.0020772258285433054, 0.009650259278714657, 0.0018401015549898148, 0.0005412616301327944, 0.0010466242674738169, 0.001252583577297628, 0.0006574997096322477, 0.0010630787583068013, 0.0003193807788193226, 0.00021365184511523694, 0.00023201842850539833, 0.00014783060760237277, 8.886944851838052e-05, 8.699113823240623e-05, 8.193352550733835e-05, 0.00020593072986230254, 0.00020229004439897835, 0.00018652010476216674, 0.00012296177737880498, 0.00016992799646686763, 0.00019170511222910136, 0.00017711965483613312, 5.8491092204349115e-05, 7.776046828666949e-08], "lowlevel.barkbands.stdev": [0.006228471640497446, 0.1222899779677391, 0.023950593546032906, 0.004528539255261421, 0.00988429319113493, 0.0029326551593840122, 0.0015880954451858997, 0.0025487339589744806, 0.0031811280641704798, 0.0016751618823036551, 0.0029506853315979242, 0.0007275267271324992, 0.0004961818340234458, 0.0005833095056004822, 0.0003489195660222322, 0.0001605977158760652, 0.00017834217578638345, 0.00013314338866621256, 0.00038775076973252, 0.0008287858800031245, 0.0004226425662636757, 0.00029274006374180317, 0.0004333915712777525, 0.0004669424088206142, 0.00035772082628682256, 0.0001365819334750995, 1.0023413778981194e-06], "lowlevel.erbbands.mean": [2.4625790119171143, 11.638245582580566, 13.580235481262207, 8.938182830810547, 12.292695045471191, 50.77379608154297, 25.79018211364746, 8.912606239318848, 4.897736072540283, 10.656575202941895, 34.68730163574219, 28.56435203552246, 12.794700622558594, 48.63431167602539, 21.991554260253906, 13.8567533493042, 10.002302169799805, 13.16772174835205, 9.499968528747559, 5.25096321105957, 5.347621440887451, 4.736109733581543, 3.717405319213867, 10.752335548400879, 8.27237606048584, 9.822477340698242, 8.747072219848633, 6.3875346183776855, 4.776998519897461, 4.467709064483643, 4.604146957397461, 3.5328633785247803, 3.505462646484375, 2.3079073429107666, 1.1105639934539795, 0.40331149101257324, 0.07521939277648926, 0.005078122019767761, 0.00016103569942060858, 0.00011637544230325148], "lowlevel.erbbands.stdev": [4.892343521118164, 24.27962303161621, 30.27850341796875, 20.791702270507812, 13.24320125579834, 55.270931243896484, 33.8245849609375, 18.566865921020508, 11.524564743041992, 23.90938377380371, 77.84864044189453, 75.78720092773438, 32.249759674072266, 118.69976043701172, 51.586021423339844, 29.32529067993164, 19.765975952148438, 30.6868896484375, 21.226591110229492, 9.989653587341309, 9.236129760742188, 9.709267616271973, 5.7496562004089355, 18.382497787475586, 18.60301971435547, 41.97926712036133, 21.362003326416016, 15.479072570800781, 11.328495979309082, 11.516602516174316, 11.738274574279785, 8.7457857131958, 8.596953392028809, 4.854597568511963, 2.2324907779693604, 0.8587434887886047, 0.20296867191791534, 0.016294971108436584, 0.00032146813464351, 0.00013402743206825107], "lowlevel.gfcc.mean": [-10.152243614196777, 105.1372299194336, -81.42080688476562, 41.699153900146484, -50.368202209472656, 28.14134407043457, -32.365116119384766, 14.227984428405762, -36.65542221069336, 1.4138282537460327, -12.718027114868164, -6.093078136444092, 1.2963416576385498], "lowlevel.melbands.mean": [0.01945698820054531, 0.009493717923760414, 0.0015647211112082005, 0.0023273660335689783, 0.0011350427521392703, 0.00022031496337149292, 9.07123030629009e-05, 0.00011910975445061922, 0.000306990958051756, 0.00016596885689068586, 5.613051325781271e-05, 0.00018959831504616886, 9.336931543657556e-05, 4.0060418541543186e-05, 2.788531855912879e-05, 2.324693741684314e-05, 2.479249451425858e-05, 1.5460980648640543e-05, 1.0106996342074126e-05, 5.804175088996999e-06, 6.267105618462665e-06, 5.322504875948653e-06, 3.0563985546905315e-06, 3.964664301747689e-06, 9.469573342357762e-06, 6.95168819220271e-06, 5.249178229860263e-06, 6.903026587679051e-06, 5.744442660216009e-06, 4.485512818064308e-06, 3.4965287341037765e-06, 2.8783690595446387e-06, 1.9662211343529634e-06, 2.8535098408610793e-06, 2.715227083172067e-06, 2.272417532367399e-06, 2.17407796299085e-06, 2.659678330019233e-06, 1.9157712358719436e-06, 2.027335540333297e-06], "lowlevel.melbands.stdev": [0.037777625024318695, 0.01858089305460453, 0.00320474267937243, 0.002460290677845478, 0.0011742045171558857, 0.00040830063517205417, 0.0002447864389978349, 0.00025119364727288485, 0.0006850161589682102, 0.0004889415577054024, 0.00015925010666251183, 0.0004571494064293802, 0.00022436925792135298, 0.00010216802911600098, 5.7342116633662954e-05, 6.071113602956757e-05, 6.323371053440496e-05, 3.7021192838437855e-05, 2.376833617745433e-05, 1.135184083977947e-05, 1.1110259038105141e-05, 1.1356881259416696e-05, 6.159119493531762e-06, 6.589143595192581e-06, 1.67775997397257e-05, 1.5935132978484035e-05, 1.5377610907307826e-05, 3.3208070817636326e-05, 1.6089490600279532e-05, 1.0848573765542824e-05, 8.797526788839605e-06, 6.938187198102241e-06, 4.865299615630647e-06, 7.808364898664877e-06, 7.070601441228064e-06, 5.830523150507361e-06, 5.5123696256487165e-06, 6.705673058604589e-06, 4.593223366100574e-06, 4.181242729828227e-06], "lowlevel.melbands128.mean": [0.00306813046336174, 0.021026572212576866, 0.02635878510773182, 0.01687869429588318, 0.008430094458162785, 0.0042508672922849655, 0.0017516392981633544, 0.0009492217795923352, 0.0006906233029440045, 0.0027180835604667664, 0.0036807716824114323, 0.0009671608568169177, 0.0009442346054129303, 0.0005200312007218599, 0.0001897710026241839, 6.10463903285563e-05, 1.9714874724741094e-05, 8.793345477897674e-05, 0.0002105068415403366, 8.640348096378148e-05, 7.433417340507731e-05, 0.00018962645845022053, 0.0004457867471501231, 0.00030124789918772876, 0.000145822370541282, 0.0001710881624603644, 2.6021607482107356e-05, 5.079369293525815e-05, 4.633948265109211e-05, 0.0001464344677515328, 0.0002977468247991055, 0.00019125008839182556, 3.268886575824581e-05, 7.825491775292903e-05, 2.7804555429611355e-05, 3.8630376366199926e-05, 3.647311314125545e-05, 3.602555807447061e-05, 1.3499228771252092e-05, 1.7663673133938573e-05, 2.9312299375305884e-05, 2.4905270038289018e-05, 2.3419001081492752e-05, 2.8779119020327926e-05, 1.5420026102219708e-05, 1.347210582025582e-05, 1.5069893379404675e-05, 1.2205072380311321e-05, 6.935659712326014e-06, 4.177580194664188e-06, 6.162174486235017e-06, 6.967951776459813e-06, 5.9223821153864264e-06, 6.248490535654128e-06, 6.419740202545654e-06, 5.279952347336803e-06, 4.660524155042367e-06, 3.010006594195147e-06, 2.695303464861354e-06, 2.6064046778628835e-06, 2.6563222945696907e-06, 5.069014150649309e-06, 1.0788489817059599e-05, 1.0573611689324025e-05, 8.327901014126837e-06, 7.805722816556226e-06, 5.341112682799576e-06, 4.118558081245283e-06, 5.61569777346449e-06, 6.193813533172943e-06, 6.615521215280751e-06, 8.175054063030984e-06, 5.854886694578454e-06, 5.505444732989417e-06, 5.03497767567751e-06, 5.069327926321421e-06, 3.931751052732579e-06, 3.3491185149614466e-06, 3.6728854411194334e-06, 3.3996475394815207e-06, 2.979879127451568e-06, 2.8446131636883365e-06, 2.1788084723084467e-06, 1.7935386722456315e-06, 1.867085870799201e-06, 2.3106720163923455e-06, 3.475082849035971e-06, 3.2292546165990643e-06, 2.435729584249202e-06, 2.5436299893044634e-06, 2.802120434353128e-06, 2.0018323994008824e-06, 1.7713917941364343e-06, 2.0144673271715874e-06, 2.4969274363684235e-06, 2.834483893821016e-06, 2.6882578367803944e-06, 2.4904863948904676e-06, 1.8316108025828726e-06, 1.6708351040506386e-06, 1.852474042607355e-06, 2.4113462586683454e-06, 1.7557167666382156e-06, 1.5702969449193915e-06, 1.0572897508609458e-06, 1.1266604360571364e-06, 8.593005986767821e-07, 9.063748507287528e-07, 7.758331435070431e-07, 5.030217948842619e-07, 2.699818821838562e-07, 2.6201757918897783e-07, 2.3759245948440366e-07, 1.6387390644467814e-07, 1.1398642385529456e-07, 2.1713264075629013e-08, 2.875310434191647e-09, 2.2398543089718892e-11, 1.4716779878076736e-11, 1.4302839294877412e-11, 1.3964776383879052e-11, 1.3703420342903172e-11, 1.3371026508224304e-11, 1.3140440992265301e-11, 1.2911396778114703e-11, 1.2663047693761698e-11, 1.2504866933604752e-11, 1.2425434813001512e-11], "lowlevel.melbands128.stdev": [0.006123810540884733, 0.042934101074934006, 0.05670579522848129, 0.036946121603250504, 0.019590357318520546, 0.010425285436213017, 0.004571708384901285, 0.001918107271194458, 0.0010525580728426576, 0.0030601792968809605, 0.004137763753533363, 0.0012070287484675646, 0.0015893200179561973, 0.0009183516958728433, 0.0006287464057095349, 0.00019681658886838704, 5.077408059150912e-05, 0.00024741943343542516, 0.000674818642437458, 0.00023243145551532507, 0.00028411432867869735, 0.0006256923661567271, 0.0010830707615241408, 0.000917785509955138, 0.0005617379792965949, 0.0007725083269178867, 9.953871631296352e-05, 0.00026651384541764855, 0.00017510709585621953, 0.000477947382023558, 0.0008581880247220397, 0.0006433771923184395, 9.027129271999002e-05, 0.00033117146813310683, 0.00012455981050152332, 0.00013629227760247886, 9.841448627412319e-05, 0.00010669166658772156, 3.846967592835426e-05, 5.251024049357511e-05, 9.770987526280805e-05, 0.00010404454951640218, 6.928882066858932e-05, 0.00010524280514800921, 5.792088995804079e-05, 4.965809785062447e-05, 5.012684050598182e-05, 4.029982665088028e-05, 2.1322161046555266e-05, 7.75604166847188e-06, 1.6243091522483155e-05, 1.7689442756818607e-05, 1.3330482033779845e-05, 1.2803821846318897e-05, 1.4916693544364534e-05, 1.500834241596749e-05, 1.4767429092898965e-05, 7.829515197954606e-06, 5.242262432147982e-06, 4.69397264168947e-06, 5.077414243714884e-06, 9.958034752344247e-06, 2.6697567591327243e-05, 2.2121877918834798e-05, 2.1537782231462188e-05, 2.0443039829842746e-05, 1.4020244634593837e-05, 1.1389603969291784e-05, 1.7812180885812268e-05, 2.585365655249916e-05, 4.061058280058205e-05, 4.413337228470482e-05, 2.413093352515716e-05, 1.3808058611175511e-05, 1.2770696230290923e-05, 1.2999578757444397e-05, 1.0683726031857077e-05, 9.924287951434962e-06, 1.0064429261547048e-05, 8.714067917026114e-06, 8.063288078119513e-06, 7.288508641067892e-06, 5.9663161664502695e-06, 4.627742328011664e-06, 5.116058673593216e-06, 6.642396783718141e-06, 1.0265783203067258e-05, 1.025192796078045e-05, 6.530577138619265e-06, 7.4439144555071834e-06, 8.018812877708115e-06, 5.172681539988844e-06, 4.85296368424315e-06, 5.845961368322605e-06, 6.498936727439286e-06, 7.799038939992897e-06, 7.3216760938521475e-06, 6.731567282258766e-06, 5.050212621426908e-06, 4.067409463459626e-06, 4.247383003530558e-06, 5.097052962810267e-06, 3.8118580505397404e-06, 3.4673262234719004e-06, 2.545677034504479e-06, 2.2795247787144035e-06, 1.8773088186208042e-06, 1.976914745682734e-06, 1.7334375570499105e-06, 1.3450285223370884e-06, 7.711942089372315e-07, 8.490378036185575e-07, 6.981671276662382e-07, 5.875521082998603e-07, 4.505281765432301e-07, 1.0877507605755454e-07, 3.072559806582831e-08, 9.239545240014024e-11, 2.7372357852550877e-11, 2.668551143947262e-11, 2.6092242949582456e-11, 2.5583592536126964e-11, 2.5034070302853983e-11, 2.4631175571387942e-11, 2.4285389671474533e-11, 2.398596252173313e-11, 2.376282157157128e-11, 2.362228641861197e-11], "lowlevel.mfcc.mean": [-663.935302734375, 133.67724609375, 29.802501678466797, 27.358867645263672, 14.554108619689941, 11.790770530700684, 22.8743839263916, 3.060048818588257, 3.6090683937072754, 1.4592584371566772, -4.027988910675049, -4.923941612243652, -4.018066883087158], "lowlevel.spectral_contrast_coeffs.mean": [-0.6404915452003479, -0.7460411787033081, -0.7612683176994324, -0.8185564875602722, -0.8075900077819824, -0.7892153263092041], "lowlevel.spectral_contrast_coeffs.stdev": [0.08099716901779175, 0.0830354243516922, 0.07604250311851501, 0.043701887130737305, 0.04172580689191818, 0.032435107976198196], "lowlevel.spectral_contrast_valleys.mean": [-6.331052780151367, -7.227390289306641, -7.607481956481934, -7.939786434173584, -7.891544342041016, -10.293235778808594], "lowlevel.spectral_contrast_valleys.stdev": [0.6258894205093384, 0.6042373776435852, 0.5726677179336548, 0.5756942629814148, 0.7212886214256287, 1.0713012218475342], "rhythm.beats_loudness_band_ratio.mean": [0.8839290738105774, 0.07969147711992264, 0.011182675138115883, 0.010635021142661572, 0.0022761758882552385, 0.0150885209441185], "rhythm.beats_loudness_band_ratio.stdev": [0.2881271243095398, 0.2153121680021286, 0.030842266976833344, 0.03794437274336815, 0.005920630879700184, 0.08191724866628647], "tonal.hpcp.mean": [0.04338496923446655, 0.04073365032672882, 0.042389120906591415, 0.3152903616428375, 0.42556440830230713, 0.1520310789346695, 0.025727950036525726, 0.023326177150011063, 0.03093057870864868, 0.1096574068069458, 0.10726774483919144, 0.023687370121479034, 0.016876008361577988, 0.019625883549451828, 0.026208845898509026, 0.09408406168222427, 0.1115463376045227, 0.06922842562198639, 0.14375509321689606, 0.13906516134738922, 0.03548295423388481, 0.007881756871938705, 0.005598575808107853, 0.02207357808947563, 0.17651548981666565, 0.19432902336120605, 0.04784809798002243, 0.05416479334235191, 0.1160782054066658, 0.12714727222919464, 0.1890777051448822, 0.16912981867790222, 0.050629470497369766, 0.04047587141394615, 0.03709321469068527, 0.030043723061680794], "tonal.hpcp.stdev": [0.15543293952941895, 0.14312775433063507, 0.13492052257061005, 0.2951056957244873, 0.37735724449157715, 0.1888492852449417, 0.13704493641853333, 0.12993620336055756, 0.12084489315748215, 0.28301265835762024, 0.2680056095123291, 0.09509357064962387, 0.10176290571689606, 0.11300528049468994, 0.11346516758203506, 0.2008075714111328, 0.23004192113876343, 0.154357448220253, 0.2879772186279297, 0.27758923172950745, 0.10361279547214508, 0.054495133459568024, 0.03439110517501831, 0.0900360494852066, 0.3075292408466339, 0.3383850157260895, 0.11926910281181335, 0.1781410276889801, 0.29127204418182373, 0.2812234163284302, 0.3357235789299011, 0.3293938934803009, 0.14803968369960785, 0.16915397346019745, 0.15342915058135986, 0.12716138362884521], "rhythm.beats_position": [0.4992290139198303, 1.0216779708862305, 1.5325169563293457, 2.0201361179351807, 2.5077550411224365, 2.9953742027282715, 3.4713830947875977, 3.947392225265503, 4.435011386871338, 4.911020278930664, 5.38702917098999, 5.874648571014404, 6.339047431945801, 6.826666355133057, 7.314285755157471, 7.778684616088867, 8.266304016113281, 8.753922462463379, 9.218321800231934, 9.705941200256348, 10.181949615478516, 10.657958984375, 11.133968353271484, 11.621586799621582, 12.097596168518066, 12.58521556854248, 13.061223983764648, 13.537233352661133, 14.024852752685547, 14.512471199035645, 14.9768705368042, 15.464489936828613, 15.952108383178711, 16.428117752075195, 16.90412712097168, 17.391746520996094, 17.856143951416016, 18.34376335144043, 18.819772720336914, 19.2957820892334, 19.783401489257812, 20.271020889282227, 20.73541831970215, 21.223037719726562, 21.710657119750977, 22.18666648864746, 22.662675857543945, 23.15029525756836, 23.61469268798828, 24.102312088012695, 24.58993148803711, 25.065940856933594, 25.541950225830078, 26.029569625854492, 26.505577087402344, 26.981586456298828, 27.469205856323242, 27.945215225219727, 28.42122459411621, 28.908842086791992, 29.373241424560547, 29.86086082458496, 30.348480224609375, 30.81287956237793, 31.300498962402344, 31.788116455078125, 32.26412582397461, 32.740135192871094, 33.21614456176758, 33.69215393066406, 34.156551361083984, 34.62095260620117, 35.085350036621094, 35.54975128173828], "rhythm.bpm_histogram": [0.0, 0.0, 0.0, 0.0, 0.0, 0.0, 0.0, 0.0, 0.0, 0.0, 0.0, 0.0, 0.0, 0.0, 0.0, 0.0, 0.0, 0.0, 0.0, 0.0, 0.0, 0.0, 0.0, 0.0, 0.0, 0.0, 0.0, 0.0, 0.0, 0.0, 0.0, 0.0, 0.0, 0.0, 0.0, 0.0, 0.0, 0.0, 0.0, 0.0, 0.0, 0.0, 0.0, 0.0, 0.0, 0.0, 0.0, 0.0, 0.0, 0.0, 0.0, 0.0, 0.0, 0.0, 0.0, 0.0, 0.0, 0.0, 0.0, 0.0, 0.0, 0.0, 0.0, 0.0, 0.0, 0.0, 0.0, 0.0, 0.0, 0.0, 0.0, 0.0, 0.0, 0.0, 0.0, 0.0, 0.0, 0.0, 0.0, 0.0, 0.0, 0.0, 0.0, 0.0, 0.0, 0.0, 0.0, 0.0, 0.0, 0.0, 0.0, 0.0, 0.0, 0.0, 0.0, 0.0, 0.0, 0.0, 0.0, 0.0, 0.0, 0.0, 0.0, 0.0, 0.0, 0.0, 0.0, 0.0, 0.0, 0.0, 0.0, 0.0, 0.0, 0.0, 0.0, 0.013698630034923553, 0.0, 0.013698630034923553, 0.0, 0.0, 0.0, 0.0, 0.0, 0.4383561611175537, 0.0, 0.0, 0.3561643958091736, 0.0, 0.0, 0.1780821979045868, 0.0, 0.0, 0.0, 0.0, 0.0, 0.0, 0.0, 0.0, 0.0, 0.0, 0.0, 0.0, 0.0, 0.0, 0.0, 0.0, 0.0, 0.0, 0.0, 0.0, 0.0, 0.0, 0.0, 0.0, 0.0, 0.0, 0.0, 0.0, 0.0, 0.0, 0.0, 0.0, 0.0, 0.0, 0.0, 0.0, 0.0, 0.0, 0.0, 0.0, 0.0, 0.0, 0.0, 0.0, 0.0, 0.0, 0.0, 0.0, 0.0, 0.0, 0.0, 0.0, 0.0, 0.0, 0.0, 0.0, 0.0, 0.0, 0.0, 0.0, 0.0, 0.0, 0.0, 0.0, 0.0, 0.0, 0.0, 0.0, 0.0, 0.0, 0.0, 0.0, 0.0, 0.0, 0.0, 0.0, 0.0, 0.0, 0.0, 0.0, 0.0, 0.0, 0.0, 0.0, 0.0, 0.0, 0.0, 0.0, 0.0, 0.0, 0.0, 0.0, 0.0, 0.0, 0.0, 0.0, 0.0, 0.0, 0.0, 0.0, 0.0, 0.0, 0.0, 0.0, 0.0, 0.0, 0.0, 0.0, 0.0, 0.0, 0.0, 0.0, 0.0, 0.0, 0.0, 0.0, 0.0, 0.0, 0.0, 0.0], "tonal.chords_histogram": [23.74193572998047, 17.80645179748535, 40.3870964050293, 0.0, 0.0, 0.0, 0.0, 0.0, 0.0, 0.0, 0.0, 0.0, 0.0, 0.0, 0.0, 0.0, 0.0, 4.645161151885986, 0.0, 0.0, 0.0, 0.0, 0.0, 13.419354438781738], "tonal.thpcp": [1.0, 0.3572457432746887, 0.06045606732368469, 0.05481233075261116, 0.07268130779266357, 0.2576752305030823, 0.2520599663257599, 0.055661071091890335, 0.039655592292547226, 0.046117305755615234, 0.061586085706949234, 0.22108066082000732, 0.26211386919021606, 0.16267438232898712, 0.33779868483543396, 0.3267781734466553, 0.08337857574224472, 0.018520714715123177, 0.013155648484826088, 0.051868949085474014, 0.4147797226905823, 0.4566383361816406, 0.11243444681167603, 0.12727753818035126, 0.2727629542350769, 0.29877328872680664, 0.4442986845970154, 0.39742472767829895, 0.11897017061710358, 0.09511103481054306, 0.08716239780187607, 0.07059735804796219, 0.1019468903541565, 0.09571676701307297, 0.09960682690143585, 0.740875780582428], "lowlevel.gfcc.cov": [[3838.97607421875, -1290.4482421875, -204.73202514648438, 84.94813537597656, -777.9880981445312, 52.09941482543945, -453.3623046875, 96.54546356201172, -512.7200927734375, -5.012513160705566, -458.0592956542969, -23.76874542236328, -391.7709655761719], [-1290.4482421875, 1486.9073486328125, -113.62588500976562, -365.83984375, 459.1278381347656, -58.943267822265625, 277.7851257324219, 0.023921994492411613, 231.3188018798828, -62.30391311645508, 261.5318603515625, -103.57341003417969, 212.45968627929688], [-204.73202514648438, -113.62588500976562, 503.4113464355469, 190.79461669921875, 172.9527587890625, 112.9061279296875, 124.67312622070312, 33.967037200927734, 175.05062866210938, 72.84521484375, 64.01219177246094, 76.10798645019531, 1.5820121765136719], [84.94813537597656, -365.83984375, 190.79461669921875, 417.4258117675781, 105.16991424560547, 71.8836898803711, 27.221721649169922, 16.916574478149414, 71.9893798828125, -0.7758873701095581, -10.300771713256836, 34.77397155761719, -6.763809680938721], [-777.9880981445312, 459.1278381347656, 172.9527587890625, 105.16991424560547, 571.646728515625, 139.7986297607422, 311.0263366699219, 114.6709976196289, 290.48187255859375, 52.9705924987793, 203.8466339111328, 3.2014174461364746, 142.2627410888672], [52.09941482543945, -58.943267822265625, 112.9061279296875, 71.8836898803711, 139.7986297607422, 262.807861328125, 212.91490173339844, 57.9168815612793, 126.6865234375, 75.36063385009766, 58.473289489746094, 13.638017654418945, 17.310955047607422], [-453.3623046875, 277.7851257324219, 124.67312622070312, 27.221721649169922, 311.0263366699219, 212.91490173339844, 408.8848876953125, 116.27667236328125, 237.52183532714844, 81.5289535522461, 177.32391357421875, -4.375922679901123, 125.3110122680664], [96.54546356201172, 0.023921994492411613, 33.967037200927734, 16.916574478149414, 114.6709976196289, 57.9168815612793, 116.27667236328125, 184.94093322753906, 71.76094055175781, 49.41863250732422, 51.600006103515625, -6.23604679107666, 40.00863265991211], [-512.7200927734375, 231.3188018798828, 175.05062866210938, 71.9893798828125, 290.48187255859375, 126.6865234375, 237.52183532714844, 71.76094055175781, 290.8093566894531, 71.31339263916016, 137.68142700195312, 22.311355590820312, 91.12092590332031], [-5.012513160705566, -62.30391311645508, 72.84521484375, -0.7758873701095581, 52.9705924987793, 75.36063385009766, 81.5289535522461, 49.41863250732422, 71.31339263916016, 128.3292694091797, 50.74840545654297, 19.10665512084961, 18.996315002441406], [-458.0592956542969, 261.5318603515625, 64.01219177246094, -10.300771713256836, 203.8466339111328, 58.473289489746094, 177.32391357421875, 51.600006103515625, 137.68142700195312, 50.74840545654297, 188.00762939453125, 11.868454933166504, 98.55692291259766], [-23.76874542236328, -103.57341003417969, 76.10798645019531, 34.77397155761719, 3.2014174461364746, 13.638017654418945, -4.375922679901123, -6.23604679107666, 22.311355590820312, 19.10665512084961, 11.868454933166504, 97.51606750488281, 9.214143753051758], [-391.7709655761719, 212.45968627929688, 1.5820121765136719, -6.763809680938721, 142.2627410888672, 17.310955047607422, 125.3110122680664, 40.00863265991211, 91.12092590332031, 18.996315002441406, 98.55692291259766, 9.214143753051758, 146.69288635253906]], "lowlevel.gfcc.icov": [[0.0006598240579478443, -6.167684477986768e-05, 0.00011693919805111364, -0.0002945955784525722, 0.0005551985232159495, -0.0007941222283989191, 0.00028894870774820447, -0.0011041180696338415, 0.0006232570740394294, -0.000251792895141989, 0.000547615229152143, -8.450798486592248e-05, 0.0007290993817150593], [-6.167684477986768e-05, 0.0031458749435842037, -3.5387714888202026e-05, 0.0030844691209495068, -0.002269487828016281, 0.0014169650385156274, -0.000580444757360965, 0.0016714526573196054, -0.0014080082764849067, 0.0025735460221767426, -0.001452375901862979, 0.0023128436878323555, -0.0011328156106173992], [0.00011693919805111364, -3.5387714888202026e-05, 0.0035061975941061974, -0.0011884454870596528, -0.0001279382995562628, 6.56285192235373e-05, -0.0003579659678507596, 2.6605861421558075e-05, -0.0013471620623022318, -0.0009809492621570826, -4.4759915908798575e-05, -0.0020058401860296726, 0.0018057216657325625], [-0.0002945955784525722, 0.0030844691209495068, -0.0011884454870596528, 0.006401567254215479, -0.003068300196900964, 0.0005985753959976137, 0.00022107927361503243, 0.0017422105884179473, -0.0018225385574623942, 0.0035321912728250027, -0.0006367338355630636, 0.0019528043922036886, -0.001725309295579791], [0.0005551985232159495, -0.002269487828016281, -0.0001279382995562628, -0.003068300196900964, 0.006797255482524633, -0.001714766607619822, -1.6623458577669226e-05, -0.002908815164119005, -0.0012725878041237593, -0.000653086812235415, -0.0007175592472776771, -0.0007876899326220155, 0.00045419446541927755], [-0.0007941222283989191, 0.0014169650385156274, 6.56285192235373e-05, 0.0005985753959976137, -0.001714766607619822, 0.010604743845760822, -0.006612778641283512, 0.0025808275677263737, -0.0013679289259016514, -0.0014244741760194302, 0.0006313487538136542, -0.00016954060993157327, 0.0018310068408027291], [0.00028894870774820447, -0.000580444757360965, -0.0003579659678507596, 0.00022107927361503243, -1.6623458577669226e-05, -0.006612778641283512, 0.010736732743680477, -0.002575652441009879, -0.0020634187385439873, 0.0004257088294252753, -0.002832210622727871, 0.001917320885695517, -0.0030373556073755026], [-0.0011041180696338415, 0.0016714526573196054, 2.6605861421558075e-05, 0.0017422105884179473, -0.002908815164119005, 0.0025808275677263737, -0.002575652441009879, 0.009802530519664288, -0.0012179074110463262, -0.0006507277139462531, -0.0008715004078112543, 0.0018048728816211224, -0.0019334562821313739], [0.0006232570740394294, -0.0014080082764849067, -0.0013471620623022318, -0.0018225385574623942, -0.0012725878041237593, -0.0013679289259016514, -0.0020634187385439873, -0.0012179074110463262, 0.011386181227862835, -0.0030622135382145643, 0.0003470640804152936, -0.001657168846577406, 0.000319416169077158], [-0.000251792895141989, 0.0025735460221767426, -0.0009809492621570826, 0.0035321912728250027, -0.000653086812235415, -0.0014244741760194302, 0.0004257088294252753, -0.0006507277139462531, -0.0030622135382145643, 0.013903925195336342, -0.0037603776436299086, 0.0009085320052690804, -0.0010400712490081787], [0.000547615229152143, -0.001452375901862979, -4.4759915908798575e-05, -0.0006367338355630636, -0.0007175592472776771, 0.0006313487538136542, -0.002832210622727871, -0.0008715004078112543, 0.0003470640804152936, -0.0037603776436299086, 0.014294118620455265, -0.0022525908425450325, -0.002375149866566062], [-8.450798486592248e-05, 0.0023128436878323555, -0.0020058401860296726, 0.0019528043922036886, -0.0007876899326220155, -0.00016954060993157327, 0.001917320885695517, 0.0018048728816211224, -0.001657168846577406, 0.0009085320052690804, -0.0022525908425450325, 0.014598064124584198, -0.003301772056147456], [0.0007290993817150593, -0.0011328156106173992, 0.0018057216657325625, -0.001725309295579791, 0.00045419446541927755, 0.0018310068408027291, -0.0030373556073755026, -0.0019334562821313739, 0.000319416169077158, -0.0010400712490081787, -0.002375149866566062, -0.003301772056147456, 0.014510665088891983]], "lowlevel.mfcc.cov": [[4177.4423828125, -1468.572021484375, 155.52761840820312, -231.46798706054688, -351.52008056640625, -282.53143310546875, -163.41860961914062, -168.73260498046875, -193.83973693847656, -147.28921508789062, -164.2180633544922, -228.49974060058594, -246.04229736328125], [-1468.572021484375, 1656.077880859375, -370.99810791015625, -106.75838470458984, 126.27906799316406, -4.77807092666626, 155.70260620117188, 58.00520324707031, 89.49847412109375, 79.00871276855469, 108.16445922851562, 92.31504821777344, 73.73104858398438], [155.52761840820312, -370.99810791015625, 403.4429626464844, 62.207881927490234, 1.0825376510620117, 96.84879302978516, -48.54497146606445, 32.93048858642578, 4.140155792236328, -0.14757874608039856, 15.36976432800293, 40.66823959350586, 22.587480545043945], [-231.46798706054688, -106.75838470458984, 62.207881927490234, 269.18548583984375, 147.21180725097656, 40.531455993652344, 8.514657020568848, 60.03367233276367, 58.55094528198242, 3.6488280296325684, 18.976383209228516, 46.687076568603516, 46.30198669433594], [-351.52008056640625, 126.27906799316406, 1.0825376510620117, 147.21180725097656, 245.31910705566406, 72.82283020019531, 40.64839553833008, 88.37544250488281, 81.00969696044922, 46.501243591308594, 60.557369232177734, 79.23685455322266, 54.73802947998047], [-282.53143310546875, -4.77807092666626, 96.84879302978516, 40.531455993652344, 72.82283020019531, 296.2636413574219, 70.02880096435547, 110.91754150390625, 80.62854766845703, 109.6603012084961, 84.80330657958984, 57.06278610229492, 65.44644165039062], [-163.41860961914062, 155.70260620117188, -48.54497146606445, 8.514657020568848, 40.64839553833008, 70.02880096435547, 221.99388122558594, 79.4303207397461, 83.57763671875, 112.68753051757812, 72.55794525146484, 54.72660446166992, 45.543582916259766], [-168.73260498046875, 58.00520324707031, 32.93048858642578, 60.03367233276367, 88.37544250488281, 110.91754150390625, 79.4303207397461, 175.8914031982422, 92.61321258544922, 74.33271026611328, 69.45982360839844, 66.4917984008789, 46.11945343017578], [-193.83973693847656, 89.49847412109375, 4.140155792236328, 58.55094528198242, 81.00969696044922, 80.62854766845703, 83.57763671875, 92.61321258544922, 162.61009216308594, 106.47212982177734, 70.6874008178711, 56.22977066040039, 52.24857711791992], [-147.28921508789062, 79.00871276855469, -0.14757874608039856, 3.6488280296325684, 46.501243591308594, 109.6603012084961, 112.68753051757812, 74.33271026611328, 106.47212982177734, 189.75291442871094, 95.00069427490234, 47.37418746948242, 55.97544479370117], [-164.2180633544922, 108.16445922851562, 15.36976432800293, 18.976383209228516, 60.557369232177734, 84.80330657958984, 72.55794525146484, 69.45982360839844, 70.6874008178711, 95.00069427490234, 133.20480346679688, 65.96757507324219, 40.28084945678711], [-228.49974060058594, 92.31504821777344, 40.66823959350586, 46.687076568603516, 79.23685455322266, 57.06278610229492, 54.72660446166992, 66.4917984008789, 56.22977066040039, 47.37418746948242, 65.96757507324219, 119.18922424316406, 56.17024230957031], [-246.04229736328125, 73.73104858398438, 22.587480545043945, 46.30198669433594, 54.73802947998047, 65.44644165039062, 45.543582916259766, 46.11945343017578, 52.24857711791992, 55.97544479370117, 40.28084945678711, 56.17024230957031, 95.84771728515625]], "lowlevel.mfcc.icov": [[0.0004671351925935596, 0.0004477225593291223, 2.8216009013704024e-05, 0.00044884163071401417, 2.0130879420321435e-05, 0.00038772932020947337, -0.00012001852883258834, -0.00016749279166106135, -4.079796053702012e-05, -1.4393331184692215e-06, -0.00018249524873681366, 0.00021347198344301432, 0.00046730568283237517], [0.0004477225593291223, 0.0014061813708394766, 0.0008629887015558779, 0.001185145927593112, -0.0005546848406083882, 0.00043903678306378424, -0.00033246524981223047, -0.00010202400153502822, -0.0002750561397988349, 0.0004599285311996937, -0.0006691317539662123, -0.00021061176084913313, -0.00019825281924568117], [2.8216009013704024e-05, 0.0008629887015558779, 0.003969538025557995, -0.00037595300818793476, 0.0007506234687753022, -0.001150121446698904, 0.001074759871698916, -0.00022803203319199383, 9.833971853367984e-05, 0.0003115559520665556, -0.0003517409204505384, -0.001955562038347125, -0.00033129635266959667], [0.00044884163071401417, 0.001185145927593112, -0.00037595300818793476, 0.007376925088465214, -0.004092907998710871, 0.0008026486029848456, -0.0003929423983208835, -0.000485556956846267, -0.0016010751714929938, 0.001853364403359592, 7.146500865928829e-05, 0.0007519197533838451, -0.0017050881870090961], [2.0130879420321435e-05, -0.0005546848406083882, 0.0007506234687753022, -0.004092907998710871, 0.008548589423298836, -0.0006533368723466992, 0.0009799767285585403, -0.0012119939783588052, -0.0007315809489227831, -0.00019087661348748952, -0.0006316708750091493, -0.002711351728066802, 0.0003249540750402957], [0.00038772932020947337, 0.00043903678306378424, -0.001150121446698904, 0.0008026486029848456, -0.0006533368723466992, 0.006058176979422569, -0.0001340796734439209, -0.002333125565201044, 0.00038592988857999444, -0.0016889203106984496, -0.001328608370386064, 0.001290058484300971, -0.0014579916605725884], [-0.00012001852883258834, -0.00033246524981223047, 0.001074759871698916, -0.0003929423983208835, 0.0009799767285585403, -0.0001340796734439209, 0.0076464442536234856, -0.001545507344417274, -0.0004753630782943219, -0.0031484412029385567, -0.0002533844963181764, -0.0016680107219144702, -0.000291740259854123], [-0.00016749279166106135, -0.00010202400153502822, -0.00022803203319199383, -0.000485556956846267, -0.0012119939783588052, -0.002333125565201044, -0.001545507344417274, 0.010847287252545357, -0.003239545039832592, 0.0008137247059494257, -0.0008558148401789367, -0.001969855511561036, 0.0005418189102783799], [-4.079796053702012e-05, -0.0002750561397988349, 9.833971853367984e-05, -0.0016010751714929938, -0.0007315809489227831, 0.00038592988857999444, -0.0004753630782943219, -0.003239545039832592, 0.013056585565209389, -0.0051616160199046135, -0.00032857945188879967, -0.0004419474280439317, -0.0009098524460569024], [-1.4393331184692215e-06, 0.0004599285311996937, 0.0003115559520665556, 0.001853364403359592, -0.00019087661348748952, -0.0016889203106984496, -0.0031484412029385567, 0.0008137247059494257, -0.0051616160199046135, 0.013520151376724243, -0.005263595376163721, 0.0021726142149418592, -0.00310279312543571], [-0.00018249524873681366, -0.0006691317539662123, -0.0003517409204505384, 7.146500865928829e-05, -0.0006316708750091493, -0.001328608370386064, -0.0002533844963181764, -0.0008558148401789367, -0.00032857945188879967, -0.005263595376163721, 0.015603914856910706, -0.005270002409815788, 0.001678572385571897], [0.00021347198344301432, -0.00021061176084913313, -0.001955562038347125, 0.0007519197533838451, -0.002711351728066802, 0.001290058484300971, -0.0016680107219144702, -0.001969855511561036, -0.0004419474280439317, 0.0021726142149418592, -0.005270002409815788, 0.017368676140904427, -0.005776211619377136], [0.00046730568283237517, -0.00019825281924568117, -0.00033129635266959667, -0.0017050881870090961, 0.0003249540750402957, -0.0014579916605725884, -0.000291740259854123, 0.0005418189102783799, -0.0009098524460569024, -0.00310279312543571, 0.001678572385571897, -0.005776211619377136, 0.018362604081630707]], "metadata.audio_properties.analysis.downmix": "mix", "metadata.audio_properties.codec": "mp3", "metadata.audio_properties.md5_encoded": "1daeb2db9fee7b15b11ec89e1f07733e", "metadata.tags.file_name": "1183708469702950962.mp3", "metadata.version.essentia": "2.1-beta6-dev", "metadata.version.essentia_git_sha": "v2