{"song_id": "1183710860191997952", "download": "https://cdn.discordapp.com/attachments/1128313332273782784/1183710860191997952/chirp.mp4?ex=658953a5&amp", "lyrics": "\u306d\u3048 \u805e\u3053\u3048\u307e\u3059\u304b\uff1f\u3000\n\u98a8\u306e\u4fbf\u308a\u306f\u5c4a\u304d\u307e\u3057\u305f\u304b\uff1f\n\u4eca\u65e5\u306f\u3042\u307e\u308a\u98a8\u306f\u3000\n\u5439\u3044\u3066\u3044\u306a\u3044\u3051\u308c\u3069\u3002\u3002\u3002\n\n\u751f\u304d\u3066\u308b\u9593\u306b\u3057\u304b\u3000\n\u611f\u8b1d\u306f\u8fd4\u305b\u306a\u3044\u304b\u3089\n\u4eca\u3053\u305d\u3042\u306e\u9803\u306e\u3053\u3068\n\u300c\u3054\u3081\u3093\u306a\u3055\u3044\u300d\u3063\u3066\u8a00\u3046\u308f\n\n\u53ef\u6190\u82b1\u306b\u5fc3\u52b1\u307e\u3055\u308c\u3000\n\u305f\u3060\u512a\u3057\u304f\u62b1\u304d\u3057\u3081\u305f\u3044\n\u3042\u306a\u305f\u306e\u305d\u306e\u4e0d\u5b89\u3092\u3000\n\u7b11\u9854\u306b\u3057\u305f\u3044\u304b\u3089\u3002\u3002\u3002\n\n\u3053\u306e\u6b4c\u3092\u98a8\u306b\u4e57\u305b\u3066\u3000\u3000\n\u3053\u306e\u611b\u3092\u5c4a\u3051\u305f\u304f\u3066\n\u3042\u306a\u305f\u3078\u306e\u52df\u308b\u601d\u3044\u306f\u3000\n\u65e5\u306b\u65e5\u306b\u5897\u3059\u3070\u304b\u308a", "style": ["industrial</span><span>, bpm 104</span><span>, male voice"], "essentia_features": {"lowlevel.average_loudness": 0.7446790933609009, "lowlevel.barkbands_crest.mean": 11.058756828308105, "lowlevel.barkbands_crest.stdev": 3.0475962162017822, "lowlevel.barkbands_flatness_db.mean": 0.3059108555316925, "lowlevel.barkbands_flatness_db.stdev": 0.05249704048037529, "lowlevel.barkbands_kurtosis.mean": 2.865572214126587, "lowlevel.barkbands_kurtosis.stdev": 2.369014024734497, "lowlevel.barkbands_skewness.mean": 1.3266109228134155, "lowlevel.barkbands_skewness.stdev": 0.6987060904502869, "lowlevel.barkbands_spread.mean": 7.132287979125977, "lowlevel.barkbands_spread.stdev": 4.045490264892578, "lowlevel.dissonance.mean": 0.4012521803379059, "lowlevel.dissonance.stdev": 0.04135487601161003, "lowlevel.dynamic_complexity": 2.9146437644958496, "lowlevel.erbbands_crest.mean": 12.672938346862793, "lowlevel.erbbands_crest.stdev": 3.8028297424316406, "lowlevel.erbbands_flatness_db.mean": 0.34618741273880005, "lowlevel.erbbands_flatness_db.stdev": 0.05274571105837822, "lowlevel.erbbands_kurtosis.mean": 0.8298575282096863, "lowlevel.erbbands_kurtosis.stdev": 1.2842535972595215, "lowlevel.erbbands_skewness.mean": 0.7698037028312683, "lowlevel.erbbands_skewness.stdev": 0.4855484664440155, "lowlevel.erbbands_spread.mean": 15.08895206451416, "lowlevel.erbbands_spread.stdev": 6.531795978546143, "lowlevel.hfc.mean": 14.074968338012695, "lowlevel.hfc.stdev": 16.886810302734375, "lowlevel.loudness_ebu128.integrated": -18.50153350830078, "lowlevel.loudness_ebu128.loudness_range": 5.857627868652344, "lowlevel.loudness_ebu128.momentary.mean": -19.504018783569336, "lowlevel.loudness_ebu128.momentary.stdev": 3.079667806625366, "lowlevel.loudness_ebu128.short_term.mean": -19.240354537963867, "lowlevel.loudness_ebu128.short_term.stdev": 1.9486885070800781, "lowlevel.melbands_crest.mean": 13.32931137084961, "lowlevel.melbands_crest.stdev": 3.911534309387207, "lowlevel.melbands_flatness_db.mean": 0.36416345834732056, "lowlevel.melbands_flatness_db.stdev": 0.06185927987098694, "lowlevel.melbands_kurtosis.mean": 4.568357467651367, "lowlevel.melbands_kurtosis.stdev": 4.609121799468994, "lowlevel.melbands_skewness.mean": 1.5049296617507935, "lowlevel.melbands_skewness.stdev": 0.8147983551025391, "lowlevel.melbands_spread.mean": 10.929657936096191, "lowlevel.melbands_spread.stdev": 10.2361478805542, "lowlevel.pitch_salience.mean": 0.5300217270851135, "lowlevel.pitch_salience.stdev": 0.08505946397781372, "lowlevel.silence_rate_20dB.mean": 1.0, "lowlevel.silence_rate_20dB.stdev": 0.0, "lowlevel.silence_rate_30dB.mean": 0.9982618689537048, "lowlevel.silence_rate_30dB.stdev": 0.0416545569896698, "lowlevel.silence_rate_60dB.mean": 0.05272305756807327, "lowlevel.silence_rate_60dB.stdev": 0.2234770655632019, "lowlevel.spectral_centroid.mean": 732.192138671875, "lowlevel.spectral_centroid.stdev": 481.91241455078125, "lowlevel.spectral_complexity.mean": 11.012166976928711, "lowlevel.spectral_complexity.stdev": 3.4919726848602295, "lowlevel.spectral_decrease.mean": -4.924199270561758e-09, "lowlevel.spectral_decrease.stdev": 4.141831322357348e-09, "lowlevel.spectral_energy.mean": 0.019861703738570213, "lowlevel.spectral_energy.stdev": 0.017075007781386375, "lowlevel.spectral_energyband_high.mean": 2.5631537937442772e-05, "lowlevel.spectral_energyband_high.stdev": 0.00010624296555761248, "lowlevel.spectral_energyband_low.mean": 0.00016339945432264358, "lowlevel.spectral_energyband_low.stdev": 0.00037752496427856386, "lowlevel.spectral_energyband_middle_high.mean": 0.005142321810126305, "lowlevel.spectral_energyband_middle_high.stdev": 0.010612964630126953, "lowlevel.spectral_energyband_middle_low.mean": 0.014954973943531513, "lowlevel.spectral_energyband_middle_low.stdev": 0.010218050330877304, "lowlevel.spectral_entropy.mean": 6.1144490242004395, "lowlevel.spectral_entropy.stdev": 0.39877578616142273, "lowlevel.spectral_flux.mean": 0.032486557960510254, "lowlevel.spectral_flux.stdev": 0.03054487518966198, "lowlevel.spectral_kurtosis.mean": 34.88968276977539, "lowlevel.spectral_kurtosis.stdev": 20.32782554626465, "lowlevel.spectral_rms.mean": 0.004037573933601379, "lowlevel.spectral_rms.stdev": 0.001753642107360065, "lowlevel.spectral_rolloff.mean": 954.7924194335938, "lowlevel.spectral_rolloff.stdev": 1199.062744140625, "lowlevel.spectral_skewness.mean": 3.7298331260681152, "lowlevel.spectral_skewness.stdev": 1.281042456626892, "lowlevel.spectral_spread.mean": 1681281.375, "lowlevel.spectral_spread.stdev": 1952146.5, "lowlevel.spectral_strongpeak.mean": 1.7130430936813354, "lowlevel.spectral_strongpeak.stdev": 1.685293436050415, "lowlevel.zerocrossingrate.mean": 0.03721121698617935, "lowlevel.zerocrossingrate.stdev": 0.042339105159044266, "metadata.audio_properties.analysis.equal_loudness": 0.0, "metadata.audio_properties.analysis.length": 40.04265213012695, "metadata.audio_properties.analysis.sample_rate": 44100.0, "metadata.audio_properties.analysis.start_time": 0.0, "metadata.audio_properties.bit_rate": 97859.0, "metadata.audio_properties.length": 40.042667388916016, "metadata.audio_properties.lossless": 0.0, "metadata.audio_properties.number_channels": 1.0, "metadata.audio_properties.replay_gain": -9.691276550292969, "metadata.audio_properties.sample_rate": 48000.0, "rhythm.beats_count": 66.0, "rhythm.beats_loudness.mean": 0.03574281930923462, "rhythm.beats_loudness.stdev": 0.01745009608566761, "rhythm.bpm": 101.24837493896484, "rhythm.bpm_histogram_first_peak_bpm": 101.0, "rhythm.bpm_histogram_first_peak_weight": 0.3442623019218445, "rhythm.bpm_histogram_second_peak_bpm": 92.0, "rhythm.bpm_histogram_second_peak_spread": 0.25, "rhythm.bpm_histogram_second_peak_weight": 0.04615384712815285, "rhythm.danceability": 1.209886074066162, "rhythm.onset_rate": 2.69633150100708, "tonal.chords_changes_rate": 0.030092593282461166, "tonal.chords_number_rate": 0.0069444444961845875, "tonal.chords_strength.mean": 0.4820467531681061, "tonal.chords_strength.stdev": 0.06336046755313873, "tonal.hpcp_crest.mean": 21.85015106201172, "tonal.hpcp_crest.stdev": 7.771460056304932, "tonal.hpcp_entropy.mean": 1.0404726266860962, "tonal.hpcp_entropy.stdev": 0.5178887844085693, "tonal.key_edma.strength": 0.7833110094070435, "tonal.key_krumhansl.strength": 0.7777038812637329, "tonal.key_temperley.strength": 0.7645801901817322, "tonal.tuning_diatonic_strength": 0.5788952708244324, "tonal.tuning_equal_tempered_deviation": 0.0006675130571238697, "tonal.tuning_frequency": 441.0177917480469, "tonal.tuning_nontempered_energy_ratio": 0.5831122398376465, "lowlevel.barkbands.mean": [2.427165100016282e-06, 2.750989187916275e-05, 6.609947013203055e-05, 0.00010146625572815537, 0.002000124892219901, 0.004687564913183451, 0.002279092324897647, 0.0013573989272117615, 0.003827093169093132, 0.0012529540108516812, 0.00158063811250031, 0.0001884015800897032, 0.0007606219151057303, 0.00036146389902569354, 0.0005041363765485585, 0.00046107443631626666, 0.00017196605040226132, 0.0001696439430816099, 2.9703491236432455e-05, 1.5035989235911984e-05, 1.0091272997669876e-05, 1.63113168127893e-06, 1.37501365315984e-06, 1.4878074807711528e-06, 1.6690494248905452e-06, 1.0555401104284101e-06, 6.211828385005447e-09], "lowlevel.barkbands.stdev": [3.787779633057653e-06, 8.990227797767147e-05, 0.0001589818566571921, 0.0003142087662126869, 0.0018318311776965857, 0.005062024109065533, 0.0036595070268958807, 0.0020904336124658585, 0.005067890975624323, 0.0037776296958327293, 0.0047678579576313496, 0.000404946506023407, 0.0016680053668096662, 0.003413059748709202, 0.002262909896671772, 0.00095134146977216, 0.0006590618286281824, 0.0009610114502720535, 0.00011205756163690239, 5.2584076911443844e-05, 4.569100201479159e-05, 1.6352727470803075e-05, 1.1661788448691368e-05, 1.6514119124622084e-05, 1.4582502444682177e-05, 6.527145615109475e-06, 4.1671732731174416e-08], "lowlevel.erbbands.mean": [0.0005476739024743438, 0.007888463325798512, 0.060092825442552567, 0.27655184268951416, 1.198453664779663, 9.94271183013916, 18.81470489501953, 50.44776153564453, 22.647523880004883, 42.90507125854492, 30.845264434814453, 102.4970474243164, 52.85437774658203, 51.35584259033203, 48.35653305053711, 11.003352165222168, 32.724308013916016, 28.78291130065918, 26.839637756347656, 18.78661346435547, 21.257131576538086, 8.066900253295898, 11.862140655517578, 2.6316914558410645, 1.13011634349823, 0.671666145324707, 0.5983002781867981, 0.22998873889446259, 0.0741167813539505, 0.044886793941259384, 0.035803068429231644, 0.028556806966662407, 0.026158099994063377, 0.018430722877383232, 0.012965330854058266, 0.005789685063064098, 0.0018702781526371837, 0.00013972264423500746, 1.3102581760904286e-05, 2.317122016393114e-05], "lowlevel.erbbands.stdev": [0.0014845150290057063, 0.024335388094186783, 0.13621331751346588, 0.7976021766662598, 1.3437933921813965, 9.663329124450684, 19.623767852783203, 60.4381103515625, 33.99782180786133, 52.11859130859375, 44.78840637207031, 137.71029663085938, 76.58411407470703, 182.20187377929688, 163.02676391601562, 22.053192138671875, 70.82474517822266, 179.55697631835938, 126.81575775146484, 44.300106048583984, 44.8581428527832, 22.71495246887207, 65.17621612548828, 10.446598052978516, 3.8969998359680176, 2.4443600177764893, 2.633395195007324, 0.926267147064209, 0.6856964826583862, 0.4261211156845093, 0.3143048584461212, 0.2790399491786957, 0.314057856798172, 0.18464264273643494, 0.10962612926959991, 0.03806530311703682, 0.012004946358501911, 0.0008330831187777221, 2.0089235476916656e-05, 2.0465373381739482e-05], "lowlevel.gfcc.mean": [-148.1719970703125, 192.72589111328125, -180.42849731445312, -40.606021881103516, -46.20363235473633, -52.008628845214844, -33.34912109375, -16.91688346862793, -10.616703033447266, -6.32368278503418, -17.238332748413086, -4.292958736419678, 6.399840831756592], "lowlevel.melbands.mean": [6.306645445874892e-06, 2.668010893103201e-05, 5.260999023448676e-05, 0.0003817623946815729, 0.0006466077757067978, 0.0009977264562621713, 0.0004095603071618825, 0.0004411241097841412, 0.0002450765750836581, 0.0006856797263026237, 0.0002377976052230224, 0.00019067691755481064, 0.00016055665037129074, 5.738867912441492e-05, 2.082738865283318e-05, 9.888243221212178e-05, 4.668005931307562e-05, 3.743238266906701e-05, 3.219446443836205e-05, 3.7898324080742896e-05, 1.989070005947724e-05, 9.128940291702747e-06, 9.881748155748937e-06, 6.761907116015209e-06, 1.7808423535825568e-06, 8.286006050184369e-07, 5.712875008612173e-07, 4.3271214167361904e-07, 4.028325690796919e-07, 2.992268548496213e-07, 7.700214155192953e-08, 3.6203360309627897e-08, 3.457871855516714e-08, 2.34469226256806e-08, 1.9698793707334517e-08, 2.0388611687849334e-08, 1.7395704432487946e-08, 1.8925160105709438e-08, 1.520553816192205e-08, 1.6064166885598752e-08], "lowlevel.melbands.stdev": [1.95578522834694e-05, 5.776862599304877e-05, 0.00011615683615673333, 0.0003883089229930192, 0.0005765711539424956, 0.001168362214230001, 0.0006318074883893132, 0.00054122821893543, 0.0004084862011950463, 0.0009468295611441135, 0.0003743874840438366, 0.0007377868168987334, 0.0004888460389338434, 0.00019091388094238937, 6.69210494379513e-05, 0.00021894920791964978, 0.00040831684600561857, 0.00018623007053975016, 0.00014101286069490016, 8.11149220680818e-05, 5.681106631527655e-05, 2.7608512027654797e-05, 5.443999543786049e-05, 3.3589720260351896e-05, 7.918969458842184e-06, 3.294316456958768e-06, 1.7395684608345618e-06, 2.078947318295832e-06, 1.6690534039298655e-06, 1.4837910384812858e-06, 3.455273827057681e-07, 3.3640486662989133e-07, 3.9670837281846616e-07, 2.0818396251343074e-07, 1.7155210230157536e-07, 1.9498189374189678e-07, 1.817401766857074e-07, 2.2672956845326553e-07, 1.787457222235389e-07, 1.5891416182967077e-07], "lowlevel.melbands128.mean": [1.370333166050841e-06, 3.353256943228189e-06, 7.599762284371536e-06, 1.3327184205991216e-05, 2.2426387658924796e-05, 3.612730870372616e-05, 6.107382796471938e-05, 4.050886127515696e-05, 3.6411453038454056e-05, 0.00037492861156351864, 0.0006727203144691885, 0.0004613082273863256, 0.0005458044470287859, 0.0008532287320122123, 0.00178161496296525, 0.0005660820170305669, 4.683752922574058e-05, 0.0004126669664401561, 0.0008901786059141159, 0.0003981968038715422, 0.00034251739270985126, 0.00013537447375711054, 0.0002930212358478457, 0.00024558010045439005, 0.0006271598394960165, 0.0011398023925721645, 0.00014318218745756894, 0.0002864195848815143, 6.190592102939263e-05, 0.00016215576033573598, 0.00029086763970553875, 0.00016865436919033527, 7.04217964084819e-05, 0.0002973233931697905, 3.006362749147229e-05, 1.553655783936847e-05, 1.7528902390040457e-05, 1.8331576939090155e-05, 2.0975596271455288e-05, 7.645693403901532e-05, 0.00017913601186592132, 1.0761194971564692e-05, 4.8579728172626346e-05, 7.354059926001355e-05, 2.3315676571655786e-06, 4.370038368506357e-05, 6.0247646615607664e-05, 4.208428072161041e-05, 1.4366009963850956e-05, 1.4832994565949775e-06, 5.839304139954038e-05, 6.284964183578268e-05, 5.635565685224719e-06, 1.5013880329206586e-05, 1.4872407518851105e-05, 8.957568752521183e-06, 1.9674523628054885e-06, 5.6025774028967135e-06, 1.189229624287691e-05, 2.2758456907467917e-05, 1.04403363820893e-06, 1.2776458788721357e-06, 3.4183558454969898e-06, 1.3835714298693347e-06, 3.7845777001166425e-07, 8.420026915700873e-07, 1.1539898423507111e-06, 5.009400751987414e-07, 6.151643106022675e-07, 3.8757767129027343e-07, 1.7404157404143916e-07, 7.700770083829411e-07, 4.4463331505539827e-07, 2.5865213615361426e-07, 3.9721717826068925e-07, 3.8166629678926256e-07, 2.669051752945961e-07, 8.104834847699749e-08, 6.879904645984425e-08, 2.824396538869678e-08, 2.844931046297461e-08, 3.9582729982612364e-08, 5.348311660213767e-08, 3.6721477414403125e-08, 1.715216768616301e-08, 1.8940534474154447e-08, 3.1062956651339846e-08, 1.9487861990796773e-08, 1.9941218454277987e-08, 1.531029347745516e-08, 2.77252283353846e-08, 2.0111151854962372e-08, 1.2679266525594812e-08, 1.0847980291828208e-08, 3.0605058043420286e-08, 1.594406917604374e-08, 1.4374760937130304e-08, 2.477186988869562e-08, 1.421592887851375e-08, 1.0373876868641219e-08, 1.6095887289679922e-08, 1.9569244003037056e-08, 1.4011663829194276e-08, 9.022770086630771e-09, 1.698171558928152e-08, 1.957287132370311e-08, 9.69336078071592e-09, 9.62287050043642e-09, 1.0360062141501203e-08, 9.856667482210923e-09, 6.898273507971453e-09, 8.621245939366418e-09, 6.530410878724524e-09, 3.425805195078624e-09, 2.1873696187668656e-09, 1.2222937106898257e-09, 2.6708607547831775e-10, 2.0864931310482504e-11, 3.6547661598496095e-12, 3.5606918889069528e-12, 3.4746554591902346e-12, 3.399073557341925e-12, 3.3435079791616085e-12, 3.2817331751394674e-12, 3.187942531485133e-12, 3.0625519481519703e-12, 2.9887331758765567e-12, 2.9660009257664877e-12], "lowlevel.melbands128.stdev": [2.6966499717673287e-06, 8.337851795658935e-06, 2.798748937493656e-05, 4.6650977310491726e-05, 6.0369195125531405e-05, 9.057549323188141e-05, 0.0001992750185308978, 0.00011861485836561769, 5.48654243175406e-05, 0.0004503292148001492, 0.0007153264014050364, 0.0005815250333398581, 0.0008610565564595163, 0.0009894060203805566, 0.0022565489634871483, 0.0007134397164918482, 0.000160726165631786, 0.0008753483998589218, 0.001436976483091712, 0.0005366836558096111, 0.0007192170014604926, 0.00032466990523971617, 0.0006207312108017504, 0.000614432618021965, 0.0009103804477490485, 0.001736100995913148, 0.00029098408413119614, 0.000662450329400599, 0.00016041932394728065, 0.0011474167695268989, 0.001146035734564066, 0.0007645803270861506, 0.0002869145246222615, 0.0011878364020958543, 0.00011494251521071419, 4.4608044845517725e-05, 4.9016194680007175e-05, 6.761033000657335e-05, 0.00017975093214772642, 0.00018390401965007186, 0.0004071027797181159, 2.063260217255447e-05, 0.0004705232859123498, 0.0007298010168597102, 5.448069714475423e-06, 0.00023577762476634234, 0.0004164603305980563, 0.00026197932311333716, 6.026168557582423e-05, 4.598217401508009e-06, 0.0001320892188232392, 0.00013826703070662916, 2.195683009631466e-05, 0.00013575465709436685, 5.851390596944839e-05, 2.850452801794745e-05, 6.883777132316027e-06, 4.481617725105025e-05, 9.790001786313951e-05, 0.00012078382133040577, 2.6439097382535692e-06, 8.826235898595769e-06, 1.562760371598415e-05, 8.26097766548628e-06, 2.8378051410982152e-06, 4.152877863816684e-06, 5.053097993368283e-06, 4.341772637417307e-06, 1.6691989230821491e-06, 1.1004887028320809e-06, 7.607632710460166e-07, 6.291412319114897e-06, 1.4264812762121437e-06, 1.5849828969294322e-06, 2.633933490869822e-06, 2.516610038583167e-06, 1.3633986100103357e-06, 2.4072983251244295e-07, 3.8720472161912767e-07, 2.29335569201794e-07, 2.209933143149101e-07, 4.1195096400770126e-07, 6.44566341634345e-07, 4.330455283252377e-07, 1.7564033782946353e-07, 1.8148784874938428e-07, 2.856321259514516e-07, 1.534787799073456e-07, 1.8315701311166777e-07, 1.5694152466494415e-07, 2.925629303263122e-07, 1.88642090392932e-07, 1.2513346803189052e-07, 1.226613761673434e-07, 3.453843362422049e-07, 1.8336339735469664e-07, 1.7421115217075567e-07, 3.685750016302336e-07, 1.569074470353371e-07, 1.1463283300372495e-07, 1.8489284059342026e-07, 1.9526042649431474e-07, 1.4309671314549632e-07, 8.311953081374668e-08, 1.4332977116282564e-07, 1.9417848307057284e-07, 7.669509471952551e-08, 7.398143964110204e-08, 7.163759363493227e-08, 4.8763066473611616e-08, 4.356453686682471e-08, 6.073472746948028e-08, 4.6707999246109466e-08, 2.6009995934828112e-08, 1.4101642520358837e-08, 9.218458885129621e-09, 2.1729376076251583e-09, 1.2774904745160853e-10, 5.89769509271032e-12, 5.74525973670581e-12, 5.610105695968981e-12, 5.485659669568488e-12, 5.379315482639813e-12, 5.289968550009627e-12, 5.210565919705479e-12, 5.149563067630147e-12, 5.1046783987318545e-12, 5.077269334130552e-12], "lowlevel.mfcc.mean": [-779.1813354492188, 233.86569213867188, -68.39505767822266, 0.7656590342521667, -17.302034378051758, -27.88514518737793, -27.25287437438965, -21.82476806640625, 0.510055661201477, -10.0635347366333, -13.804734230041504, -7.064720630645752, -9.662609100341797], "lowlevel.spectral_contrast_coeffs.mean": [-0.5563955903053284, -0.6137505769729614, -0.6285045146942139, -0.6921297311782837, -0.7309930920600891, -0.7406794428825378], "lowlevel.spectral_contrast_coeffs.stdev": [0.07909511774778366, 0.0723005160689354, 0.06287305057048798, 0.05415535345673561, 0.041191618889570236, 0.06882036477327347], "lowlevel.spectral_contrast_valleys.mean": [-8.575929641723633, -7.1740851402282715, -8.351678848266602, -8.812743186950684, -9.906237602233887, -14.018816947937012], "lowlevel.spectral_contrast_valleys.stdev": [1.2266348600387573, 1.2806451320648193, 1.1882565021514893, 1.1720856428146362, 1.2769923210144043, 1.3636606931686401], "rhythm.beats_loudness_band_ratio.mean": [0.011609465815126896, 0.27613383531570435, 0.5089413523674011, 0.15378360450267792, 0.07407587766647339, 0.0016491158166900277], "rhythm.beats_loudness_band_ratio.stdev": [0.012435929849743843, 0.1727229356765747, 0.17054906487464905, 0.09387654811143875, 0.0549846775829792, 0.0016259632539004087], "tonal.hpcp.mean": [0.048005033284425735, 0.023063717409968376, 0.20259758830070496, 0.3675922155380249, 0.16820961236953735, 0.0024248941335827112, 0.0014675614656880498, 0.002509830519556999, 0.13266624510288239, 0.2532106339931488, 0.12275567650794983, 0.0022009972017258406, 0.002067038556560874, 0.0015350820031017065, 0.06860760599374771, 0.12472333759069443, 0.060062237083911896, 0.07061142474412918, 0.1325211375951767, 0.06590202450752258, 0.003967853728681803, 0.004963728599250317, 0.004191911779344082, 0.394593745470047, 0.7446539402008057, 0.3551069498062134, 0.004853046033531427, 0.0029231030493974686, 0.0018688869895413518, 0.0540769137442112, 0.1136549562215805, 0.0615600161254406, 0.0022639280650764704, 0.0014319689944386482, 0.0010324446484446526, 0.027015445753932], "tonal.hpcp.stdev": [0.16640111804008484, 0.08237552642822266, 0.20345285534858704, 0.3543291389942169, 0.15900973975658417, 0.013613344170153141, 0.010463306680321693, 0.01610410399734974, 0.1917603313922882, 0.33940044045448303, 0.16033323109149933, 0.0059486995451152325, 0.006116557400673628, 0.008777011185884476, 0.15233515202999115, 0.279148131608963, 0.1393720656633377, 0.13862191140651703, 0.269685298204422, 0.13874106109142303, 0.029741326346993446, 0.02480131760239601, 0.020876364782452583, 0.1934652179479599, 0.3371015787124634, 0.1735043227672577, 0.025372961536049843, 0.017019037157297134, 0.016675850376486778, 0.09855366498231888, 0.19865037500858307, 0.10341916233301163, 0.010765112936496735, 0.0028862052131444216, 0.004339760169386864, 0.09000745415687561], "rhythm.beats_position": [0.638548731803894, 1.2887074947357178, 1.938866138458252, 2.589024782180786, 3.2275736331939697, 3.8312923908233643, 4.435011386871338, 5.038730144500732, 5.630838871002197, 6.222947597503662, 6.8034467697143555, 7.40716552734375, 7.999274253845215, 8.59138298034668, 9.195101737976074, 9.77560043334961, 10.367709159851074, 10.959818840026855, 11.55192756652832, 12.144036293029785, 12.74775505065918, 13.351473808288574, 13.943582534790039, 14.535691261291504, 15.127799987792969, 15.719908714294434, 16.3120174407959, 16.90412712097168, 17.496234893798828, 18.08834457397461, 18.680452346801758, 19.27256202697754, 19.86467170715332, 20.45677947998047, 21.06049919128418, 21.6409969329834, 22.24471664428711, 22.836824417114258, 23.42893409729004, 24.009431838989258, 24.61315155029297, 25.20526123046875, 25.7973690032959, 26.38947868347168, 26.981586456298828, 27.57369613647461, 28.165803909301758, 28.74630355834961, 29.338411331176758, 29.93052101135254, 30.53424072265625, 31.11473846435547, 31.69523811340332, 32.29895782470703, 32.89106369018555, 33.48317337036133, 34.07528305053711, 34.66739273071289, 35.259498596191406, 35.85160827636719, 36.44371795654297, 37.03582763671875, 37.61632537841797, 38.19682312011719, 38.78893280029297, 39.38104248046875], "rhythm.bpm_histogram": [0.0, 0.0, 0.0, 0.0, 0.0, 0.0, 0.0, 0.0, 0.0, 0.0, 0.0, 0.0, 0.0, 0.0, 0.0, 0.0, 0.0, 0.0, 0.0, 0.0, 0.0, 0.0, 0.0, 0.0, 0.0, 0.0, 0.0, 0.0, 0.0, 0.0, 0.0, 0.0, 0.0, 0.0, 0.0, 0.0, 0.0, 0.0, 0.0, 0.0, 0.0, 0.0, 0.0, 0.0, 0.0, 0.0, 0.0, 0.0, 0.0, 0.0, 0.0, 0.0, 0.0, 0.0, 0.0, 0.0, 0.0, 0.0, 0.0, 0.0, 0.0, 0.0, 0.0, 0.0, 0.0, 0.0, 0.0, 0.0, 0.0, 0.0, 0.0, 0.0, 0.0, 0.0, 0.0, 0.0, 0.0, 0.0, 0.0, 0.0, 0.0, 0.0, 0.0, 0.0, 0.0, 0.0, 0.0, 0.0, 0.0, 0.0, 0.0, 0.0, 0.04615384712815285, 0.0, 0.015384615398943424, 0.0, 0.0, 0.0, 0.0, 0.1846153885126114, 0.0, 0.6153846383094788, 0.0, 0.13846154510974884, 0.0, 0.0, 0.0, 0.0, 0.0, 0.0, 0.0, 0.0, 0.0, 0.0, 0.0, 0.0, 0.0, 0.0, 0.0, 0.0, 0.0, 0.0, 0.0, 0.0, 0.0, 0.0, 0.0, 0.0, 0.0, 0.0, 0.0, 0.0, 0.0, 0.0, 0.0, 0.0, 0.0, 0.0, 0.0, 0.0, 0.0, 0.0, 0.0, 0.0, 0.0, 0.0, 0.0, 0.0, 0.0, 0.0, 0.0, 0.0, 0.0, 0.0, 0.0, 0.0, 0.0, 0.0, 0.0, 0.0, 0.0, 0.0, 0.0, 0.0, 0.0, 0.0, 0.0, 0.0, 0.0, 0.0, 0.0, 0.0, 0.0, 0.0, 0.0, 0.0, 0.0, 0.0, 0.0, 0.0, 0.0, 0.0, 0.0, 0.0, 0.0, 0.0, 0.0, 0.0, 0.0, 0.0, 0.0, 0.0, 0.0, 0.0, 0.0, 0.0, 0.0, 0.0, 0.0, 0.0, 0.0, 0.0, 0.0, 0.0, 0.0, 0.0, 0.0, 0.0, 0.0, 0.0, 0.0, 0.0, 0.0, 0.0, 0.0, 0.0, 0.0, 0.0, 0.0, 0.0, 0.0, 0.0, 0.0, 0.0, 0.0, 0.0, 0.0, 0.0, 0.0, 0.0, 0.0, 0.0, 0.0, 0.0, 0.0, 0.0, 0.0, 0.0, 0.0, 0.0, 0.0, 0.0, 0.0, 0.0, 0.0, 0.0, 0.0, 0.0, 0.0, 0.0], "tonal.chords_histogram": [11.226851463317871, 0.0, 3.2407407760620117, 0.0, 0.0, 1.5046296119689941, 0.0, 71.52777862548828, 1.9675925970077515, 10.532407760620117, 0.0, 0.0, 0.0, 0.0, 0.0, 0.0, 0.0, 0.0, 0.0, 0.0, 0.0, 0.0, 0.0, 0.0], "tonal.thpcp": [1.0, 0.4768751263618469, 0.006517183035612106, 0.003925451543182135, 0.0025097390171140432, 0.07262019068002701, 0.1526278853416443, 0.08266929537057877, 0.003040241776034236, 0.0019229992758482695, 0.0013864757493138313, 0.03627919405698776, 0.06446623057126999, 0.030972396954894066, 0.27206945419311523, 0.4936416745185852, 0.2258896380662918, 0.003256404073908925, 0.001970796613022685, 0.003370465710759163, 0.1781582534313202, 0.340038001537323, 0.16484929621219635, 0.002955731702968478, 0.0027758379001170397, 0.0020614704117178917, 0.0921335443854332, 0.16749167442321777, 0.08065792173147202, 0.09482448548078537, 0.17796339094638824, 0.08850020170211792, 0.00532845314592123, 0.006665819324553013, 0.005629342049360275, 0.5299021601676941], "lowlevel.gfcc.cov": [[11634.0263671875, -1037.185546875, -338.8341979980469, 180.73974609375, -808.9024047851562, 547.3665771484375, -833.4486694335938, 238.50961303710938, -734.2723388671875, 36.32271957397461, -315.07373046875, 149.165771484375, -192.72317504882812], [-1037.185546875, 2025.7816162109375, -566.1510620117188, -220.92819213867188, 508.731689453125, -590.6676635742188, 641.93115234375, -358.46380615234375, 532.9144287109375, -89.65726470947266, 96.10663604736328, -157.3297119140625, 146.33297729492188], [-338.8341979980469, -566.1510620117188, 509.29803466796875, 77.17215728759766, -98.49193572998047, 250.7645263671875, -250.6616973876953, 144.61830139160156, -185.69863891601562, 8.349456787109375, -42.57786178588867, 52.87563705444336, -40.83940505981445], [180.73974609375, -220.92819213867188, 77.17215728759766, 276.7796325683594, -33.01626968383789, 86.82786560058594, 35.70137405395508, 34.440494537353516, -3.444795608520508, -4.695247173309326, -20.2716007232666, 19.396066665649414, -40.75126647949219], [-808.9024047851562, 508.731689453125, -98.49193572998047, -33.01626968383789, 263.2449951171875, -129.35800170898438, 211.18161010742188, -78.30316925048828, 154.24473571777344, -6.933924198150635, 31.970821380615234, -44.65178298950195, 32.31072998046875], [547.3665771484375, -590.6676635742188, 250.7645263671875, 86.82786560058594, -129.35800170898438, 369.7451477050781, -174.117919921875, 92.24948120117188, -153.66407775878906, 13.163749694824219, -43.42570495605469, 26.65595054626465, -99.86151885986328], [-833.4486694335938, 641.93115234375, -250.6616973876953, 35.70137405395508, 211.18161010742188, -174.117919921875, 434.08709716796875, -141.4647979736328, 255.21603393554688, -13.732623100280762, 44.3380241394043, -58.96200180053711, 1.3751869201660156], [238.50961303710938, -358.46380615234375, 144.61830139160156, 34.440494537353516, -78.30316925048828, 92.24948120117188, -141.4647979736328, 157.58465576171875, -103.95974731445312, 6.238768100738525, -13.647137641906738, 41.64723205566406, -11.614039421081543], [-734.2723388671875, 532.9144287109375, -185.69863891601562, -3.444795608520508, 154.24473571777344, -153.66407775878906, 255.21603393554688, -103.95974731445312, 279.0038757324219, -4.7650322914123535, 39.52030944824219, -47.586063385009766, 32.021644592285156], [36.32271957397461, -89.65726470947266, 8.349456787109375, -4.695247173309326, -6.933924198150635, 13.163749694824219, -13.732623100280762, 6.238768100738525, -4.7650322914123535, 69.45912170410156, 10.677043914794922, 8.597306251525879, -2.165330410003662], [-315.07373046875, 96.10663604736328, -42.57786178588867, -20.2716007232666, 31.970821380615234, -43.42570495605469, 44.3380241394043, -13.647137641906738, 39.52030944824219, 10.677043914794922, 64.36463165283203, 3.357781171798706, 14.133560180664062], [149.165771484375, -157.3297119140625, 52.87563705444336, 19.396066665649414, -44.65178298950195, 26.65595054626465, -58.96200180053711, 41.64723205566406, -47.586063385009766, 8.597306251525879, 3.357781171798706, 67.24710845947266, 6.962062358856201], [-192.72317504882812, 146.33297729492188, -40.83940505981445, -40.75126647949219, 32.31072998046875, -99.86151885986328, 1.3751869201660156, -11.614039421081543, 32.021644592285156, -2.165330410003662, 14.133560180664062, 6.962062358856201, 98.16934967041016]], "lowlevel.gfcc.icov": [[0.00038670061621814966, -0.0010946106631308794, 0.001333938678726554, -0.0008178998250514269, 0.0010075299069285393, -0.0011068235617130995, 0.0009891247609630227, -0.0008838432841002941, 0.001154574565589428, -0.001273403293453157, 0.0014791247667744756, -0.0008523036958649755, 0.0004730811051558703], [-0.0010946106631308794, 0.006277006585150957, -0.00376650202088058, 0.0036972942762076855, -0.005085712764412165, 0.00496615469455719, -0.0037756592500954866, 0.004758315160870552, -0.005012582987546921, 0.006584765389561653, -0.004318030085414648, 0.0034436709247529507, -0.002038440899923444], [0.001333938678726554, -0.00376650202088058, 0.008720018900930882, -0.0035548987798392773, 0.0019106351537629962, -0.0056880381889641285, 0.005013884976506233, -0.004398575983941555, 0.004411955364048481, -0.0042402357794344425, 0.005528721492737532, -0.0037063925992697477, 0.0013137675123289227], [-0.0008178998250514269, 0.0036972942762076855, -0.0035548987798392773, 0.00719319237396121, -0.0019946261309087276, 0.002378874458372593, -0.004579606465995312, 0.0018415090162307024, -0.003649161895737052, 0.004299176391214132, -0.0018166487570852041, 0.0007992001483216882, -0.000761425297241658], [0.0010075299069285393, -0.005085712764412165, 0.0019106351537629962, -0.0019946261309087276, 0.012001262977719307, -0.003416555467993021, -0.00020173001394141465, -0.0038389128167182207, 0.00316064921207726, -0.005484165158122778, 0.003209738526493311, -0.0007684099837206304, 8.931633055908605e-05], [-0.0011068235617130995, 0.00496615469455719, -0.0056880381889641285, 0.002378874458372593, -0.003416555467993021, 0.010644664987921715, -0.002570581855252385, 0.003742769593372941, -0.0038467661943286657, 0.0046136872842907906, -0.003667730139568448, 0.0033480441197752953, 0.0031242903787642717], [0.0009891247609630227, -0.0037756592500954866, 0.005013884976506233, -0.004579606465995312, -0.00020173001394141465, -0.002570581855252385, 0.011195855215191841, -0.0009641515789553523, -0.00024789973394945264, -0.003474130295217037, 0.0026290316600352526, -0.002704957500100136, 0.004752825945615768], [-0.0008838432841002941, 0.004758315160870552, -0.004398575983941555, 0.0018415090162307024, -0.0038389128167182207, 0.003742769593372941, -0.0009641515789553523, 0.014601576142013073, -0.003029776504263282, 0.005107990466058254, -0.004242585506290197, -0.0003464872424956411, -0.001345297903753817], [0.001154574565589428, -0.005012582987546921, 0.004411955364048481, -0.003649161895737052, 0.00316064921207726, -0.0038467661943286657, -0.00024789973394945264, -0.003029776504263282, 0.013616630807518959, -0.005972228478640318, 0.0029967608861625195, -0.001155163045041263, -0.0001720707950880751], [-0.001273403293453157, 0.006584765389561653, -0.0042402357794344425, 0.004299176391214132, -0.005484165158122778, 0.0046136872842907906, -0.003474130295217037, 0.005107990466058254, -0.005972228478640318, 0.022292325273156166, -0.007971161045134068, 0.002143111312761903, -0.0017080081161111593], [0.0014791247667744756, -0.004318030085414648, 0.005528721492737532, -0.0018166487570852041, 0.003209738526493311, -0.003667730139568448, 0.0026290316600352526, -0.004242585506290197, 0.0029967608861625195, -0.007971161045134068, 0.025091856718063354, -0.0069351354613900185, 0.0012860626447945833], [-0.0008523036958649755, 0.0034436709247529507, -0.0037063925992697477, 0.0007992001483216882, -0.0007684099837206304, 0.0033480441197752953, -0.002704957500100136, -0.0003464872424956411, -0.001155163045041263, 0.002143111312761903, -0.0069351354613900185, 0.02323683351278305, -0.004586388356983662], [0.0004730811051558703, -0.002038440899923444, 0.0013137675123289227, -0.000761425297241658, 8.931633055908605e-05, 0.0031242903787642717, 0.004752825945615768, -0.001345297903753817, -0.0001720707950880751, -0.0017080081161111593, 0.0012860626447945833, -0.004586388356983662, 0.01746578887104988]], "lowlevel.mfcc.cov": [[6264.85986328125, -464.2882995605469, -156.58355712890625, 280.29400634765625, -280.4718322753906, 124.14344787597656, -57.68599319458008, 70.30027770996094, -166.76318359375, -211.8574981689453, -254.4954833984375, -61.57602310180664, 115.70458984375], [-464.2882995605469, 1546.7518310546875, -456.37725830078125, 81.39177703857422, -43.825748443603516, 26.433834075927734, -22.241647720336914, -97.24612426757812, 168.3638458251953, 71.321533203125, 99.09065246582031, 46.69133758544922, -67.94563293457031], [-156.58355712890625, -456.37725830078125, 409.9961853027344, -117.83897399902344, 121.12447357177734, -22.12787628173828, 1.948665976524353, 47.58085632324219, -63.70148468017578, -28.894317626953125, -61.28120803833008, -36.45439910888672, 15.941946029663086], [280.29400634765625, 81.39177703857422, -117.83897399902344, 277.52178955078125, -70.33723449707031, 53.198036193847656, 23.660531997680664, 21.193811416625977, 80.47008514404297, -26.05187225341797, 60.74513626098633, 28.476533889770508, 0.9888339042663574], [-280.4718322753906, -43.825748443603516, 121.12447357177734, -70.33723449707031, 185.61216735839844, -57.613006591796875, 13.554095268249512, -13.281691551208496, -18.514406204223633, -8.192758560180664, -42.517147064208984, -10.362536430358887, -14.227494239807129], [124.14344787597656, 26.433834075927734, -22.12787628173828, 53.198036193847656, -57.613006591796875, 217.71005249023438, 26.362709045410156, 44.82080078125, 37.71920394897461, 36.786407470703125, 46.905635833740234, 35.04248046875, 17.26351547241211], [-57.68599319458008, -22.241647720336914, 1.948665976524353, 23.660531997680664, 13.554095268249512, 26.362709045410156, 108.21681213378906, 18.41090202331543, -11.575239181518555, 5.707742691040039, 0.3016875088214874, 11.532699584960938, 6.62450647354126], [70.30027770996094, -97.24612426757812, 47.58085632324219, 21.193811416625977, -13.281691551208496, 44.82080078125, 18.41090202331543, 115.52702331542969, 12.648604393005371, -0.14239728450775146, 10.725163459777832, 15.321002960205078, 30.685285568237305], [-166.76318359375, 168.3638458251953, -63.70148468017578, 80.47008514404297, -18.514406204223633, 37.71920394897461, -11.575239181518555, 12.648604393005371, 114.15687561035156, 12.216065406799316, 42.838287353515625, 23.081104278564453, -6.830743789672852], [-211.8574981689453, 71.321533203125, -28.894317626953125, -26.05187225341797, -8.192758560180664, 36.786407470703125, 5.707742691040039, -0.14239728450775146, 12.216065406799316, 111.8585433959961, 11.80104923248291, 3.500194549560547, -0.032458558678627014], [-254.4954833984375, 99.09065246582031, -61.28120803833008, 60.74513626098633, -42.517147064208984, 46.905635833740234, 0.3016875088214874, 10.725163459777832, 42.838287353515625, 11.80104923248291, 155.03106689453125, 42.708831787109375, -17.262908935546875], [-61.57602310180664, 46.69133758544922, -36.45439910888672, 28.476533889770508, -10.362536430358887, 35.04248046875, 11.532699584960938, 15.321002960205078, 23.081104278564453, 3.500194549560547, 42.708831787109375, 69.29292297363281, 5.231812000274658], [115.70458984375, -67.94563293457031, 15.941946029663086, 0.9888339042663574, -14.227494239807129, 17.26351547241211, 6.62450647354126, 30.685285568237305, -6.830743789672852, -0.032458558678627014, -17.262908935546875, 5.231812000274658, 82.98516845703125]], "lowlevel.mfcc.icov": [[0.00025609557633288205, 2.9730801543337293e-05, 0.00017335472512058914, -0.00036117443232797086, 0.00022132803860586137, -0.000284105830360204, 0.0003272021422162652, -0.0001561226963531226, 0.0005983278388157487, 0.0003944230265915394, 0.0005508944159373641, 5.069500548415817e-05, -7.225939771160483e-05], [2.9730801543337293e-05, 0.0012144972570240498, 0.0013592058094218373, 0.0004386623913887888, -0.0005339239141903818, -0.0001312317472184077, 2.748427277765586e-06, 0.00040489519597031176, -0.0013383327750489116, -0.00010573437612038106, -0.00012107664224458858, 0.0001403716451022774, 0.00032818468753248453], [0.00017335472512058914, 0.0013592058094218373, 0.005704476963728666, 0.0012222176883369684, -0.002969329943880439, -0.0010408057132735848, 0.000690499204210937, -0.0018727375427260995, 0.00013293609663378447, 0.0012149957474321127, 0.00016999483341351151, 0.0019055617740377784, 3.2183957955567166e-05], [-0.00036117443232797086, 0.0004386623913887888, 0.0012222176883369684, 0.006658770609647036, 0.0006713541224598885, -3.959559035138227e-05, -0.0023080736864358187, -5.653355037793517e-05, -0.004929720889776945, 0.001784509397111833, -0.0016600319650024176, 0.00037435287958942354, 0.00010308307537343353], [0.00022132803860586137, -0.0005339239141903818, -0.002969329943880439, 0.0006713541224598885, 0.0088886059820652, 0.0016936407191678882, -0.001760787214152515, 0.0009745860588736832, -0.0007475106394849718, 0.00026692263782024384, 0.0019436683505773544, -0.0017861416563391685, 0.001223960891366005], [-0.000284105830360204, -0.0001312317472184077, -0.0010408057132735848, -3.959559035138227e-05, 0.0016936407191678882, 0.006841851398348808, -0.0016802134923636913, -0.0010359816951677203, -0.0017576363170519471, -0.002400247845798731, -0.001146410359069705, -0.0019507964607328176, -0.00038776654400862753], [0.0003272021422162652, 2.748427277765586e-06, 0.000690499204210937, -0.0023080736864358187, -0.001760787214152515, -0.0016802134923636913, 0.011431457474827766, -0.0017629965441301465, 0.003994668833911419, -0.00041581285768188536, 0.0011125243036076427, -0.00131122674793005, -0.00012934832193423063], [-0.0001561226963531226, 0.00040489519597031176, -0.0018727375427260995, -5.653355037793517e-05, 0.0009745860588736832, -0.0010359816951677203, -0.0017629965441301465, 0.012084701098501682, -0.002437351970002055, -0.00014149559137877077, -0.0007374145206995308, -0.0015604449436068535, -0.0032912681344896555], [0.0005983278388157487, -0.0013383327750489116, 0.00013293609663378447, -0.004929720889776945, -0.0007475106394849718, -0.0017576363170519471, 0.003994668833911419, -0.002437351970002055, 0.016597624868154526, -0.000600755971390754, 0.00022732220531906933, -0.0014903476694598794, 0.00043024879414588213], [0.0003944230265915394, -0.00010573437612038106, 0.0012149957474321127, 0.001784509397111833, 0.00026692263782024384, -0.002400247845798731, -0.00041581285768188536, -0.00014149559137877077, -0.000600755971390754, 0.011316018179059029, 0.000248568452661857, 0.001181925181299448, -0.0003284066915512085], [0.0005508944159373641, -0.00012107664224458858, 0.00016999483341351151, -0.0016600319650024176, 0.0019436683505773544, -0.001146410359069705, 0.0011125243036076427, -0.0007374145206995308, 0.00022732220531906933, 0.000248568452661857, 0.010516098700463772, -0.004557701759040356, 0.0023692259564995766], [5.069500548415817e-05, 0.0001403716451022774, 0.0019055617740377784, 0.00037435287958942354, -0.0017861416563391685, -0.0019507964607328176, -0.00131122674793005, -0.0015604449436068535, -0.0014903476694598794, 0.001181925181299448, -0.004557701759040356, 0.019900357350707054, -0.001869951724074781], [-7.225939771160483e-05, 0.000328184687532484