{"song_id": "1183663885245493299", "download": "https://cdn.discordapp.com/attachments/1135903449314238464/1183663885245493299/chirp.mp4?ex=658927e5&amp", "lyrics": "(Chorus) I love you, when I see you Every glance, a promise so true In your eyes, a universe unfolds A love story that never grows old", "style": ["pop</span><span>, emotional</span><span>,"], "essentia_features": {"lowlevel.average_loudness": 0.9779554605484009, "lowlevel.barkbands_crest.mean": 12.726506233215332, "lowlevel.barkbands_crest.stdev": 4.195486545562744, "lowlevel.barkbands_flatness_db.mean": 0.1713366061449051, "lowlevel.barkbands_flatness_db.stdev": 0.04730525240302086, "lowlevel.barkbands_kurtosis.mean": 7.137863636016846, "lowlevel.barkbands_kurtosis.stdev": 10.871672630310059, "lowlevel.barkbands_skewness.mean": 1.8348616361618042, "lowlevel.barkbands_skewness.stdev": 1.276624321937561, "lowlevel.barkbands_spread.mean": 16.912086486816406, "lowlevel.barkbands_spread.stdev": 16.727190017700195, "lowlevel.dissonance.mean": 0.4235410988330841, "lowlevel.dissonance.stdev": 0.038801297545433044, "lowlevel.dynamic_complexity": 2.7043240070343018, "lowlevel.erbbands_crest.mean": 12.75328540802002, "lowlevel.erbbands_crest.stdev": 4.885386943817139, "lowlevel.erbbands_flatness_db.mean": 0.17948001623153687, "lowlevel.erbbands_flatness_db.stdev": 0.040197886526584625, "lowlevel.erbbands_kurtosis.mean": 2.0157206058502197, "lowlevel.erbbands_kurtosis.stdev": 3.3617119789123535, "lowlevel.erbbands_skewness.mean": 0.796033501625061, "lowlevel.erbbands_skewness.stdev": 0.920913815498352, "lowlevel.erbbands_spread.mean": 31.54747200012207, "lowlevel.erbbands_spread.stdev": 22.100669860839844, "lowlevel.hfc.mean": 20.578020095825195, "lowlevel.hfc.stdev": 17.38524627685547, "lowlevel.loudness_ebu128.integrated": -18.78253936767578, "lowlevel.loudness_ebu128.loudness_range": 1.260946273803711, "lowlevel.loudness_ebu128.momentary.mean": -19.09442138671875, "lowlevel.loudness_ebu128.momentary.stdev": 1.733637809753418, "lowlevel.loudness_ebu128.short_term.mean": -18.84366226196289, "lowlevel.loudness_ebu128.short_term.stdev": 0.4291461110115051, "lowlevel.melbands_crest.mean": 16.992462158203125, "lowlevel.melbands_crest.stdev": 5.3554229736328125, "lowlevel.melbands_flatness_db.mean": 0.24760499596595764, "lowlevel.melbands_flatness_db.stdev": 0.06314942985773087, "lowlevel.melbands_kurtosis.mean": 13.97951602935791, "lowlevel.melbands_kurtosis.stdev": 18.12467384338379, "lowlevel.melbands_skewness.mean": 2.4781742095947266, "lowlevel.melbands_skewness.stdev": 1.6513921022415161, "lowlevel.melbands_spread.mean": 17.545961380004883, "lowlevel.melbands_spread.stdev": 20.8660888671875, "lowlevel.pitch_salience.mean": 0.4685654640197754, "lowlevel.pitch_salience.stdev": 0.1267165243625641, "lowlevel.silence_rate_20dB.mean": 1.0, "lowlevel.silence_rate_20dB.stdev": 0.0, "lowlevel.silence_rate_30dB.mean": 0.908023476600647, "lowlevel.silence_rate_30dB.stdev": 0.28899312019348145, "lowlevel.silence_rate_60dB.mean": 0.03913894295692444, "lowlevel.silence_rate_60dB.stdev": 0.1939251869916916, "lowlevel.spectral_centroid.mean": 943.0224609375, "lowlevel.spectral_centroid.stdev": 566.6209716796875, "lowlevel.spectral_complexity.mean": 12.483366012573242, "lowlevel.spectral_complexity.stdev": 4.971466541290283, "lowlevel.spectral_decrease.mean": -1.0447021914217203e-08, "lowlevel.spectral_decrease.stdev": 1.2592636267072521e-08, "lowlevel.spectral_energy.mean": 0.041295986622571945, "lowlevel.spectral_energy.stdev": 0.04838777706027031, "lowlevel.spectral_energyband_high.mean": 0.0005409711156971753, "lowlevel.spectral_energyband_high.stdev": 0.0011376161128282547, "lowlevel.spectral_energyband_low.mean": 0.021619688719511032, "lowlevel.spectral_energyband_low.stdev": 0.04237912967801094, "lowlevel.spectral_energyband_middle_high.mean": 0.0044434694573283195, "lowlevel.spectral_energyband_middle_high.stdev": 0.005879288073629141, "lowlevel.spectral_energyband_middle_low.mean": 0.01559071522206068, "lowlevel.spectral_energyband_middle_low.stdev": 0.014045805670320988, "lowlevel.spectral_entropy.mean": 7.097403049468994, "lowlevel.spectral_entropy.stdev": 0.4877189099788666, "lowlevel.spectral_flux.mean": 0.08362098038196564, "lowlevel.spectral_flux.stdev": 0.07450693100690842, "lowlevel.spectral_kurtosis.mean": 6.029031276702881, "lowlevel.spectral_kurtosis.stdev": 2.9505152702331543, "lowlevel.spectral_rms.mean": 0.005590436980128288, "lowlevel.spectral_rms.stdev": 0.003005963983014226, "lowlevel.spectral_rolloff.mean": 1326.67333984375, "lowlevel.spectral_rolloff.stdev": 2017.9669189453125, "lowlevel.spectral_skewness.mean": 1.988063097000122, "lowlevel.spectral_skewness.stdev": 0.5470860004425049, "lowlevel.spectral_spread.mean": 5159244.5, "lowlevel.spectral_spread.stdev": 2432800.75, "lowlevel.spectral_strongpeak.mean": 1.3308957815170288, "lowlevel.spectral_strongpeak.stdev": 1.3185780048370361, "lowlevel.zerocrossingrate.mean": 0.05274775251746178, "lowlevel.zerocrossingrate.stdev": 0.046297527849674225, "metadata.audio_properties.analysis.equal_loudness": 0.0, "metadata.audio_properties.analysis.length": 11.839977264404297, "metadata.audio_properties.analysis.sample_rate": 44100.0, "metadata.audio_properties.analysis.start_time": 0.0, "metadata.audio_properties.bit_rate": 121503.0, "metadata.audio_properties.length": 11.84000015258789, "metadata.audio_properties.lossless": 0.0, "metadata.audio_properties.number_channels": 1.0, "metadata.audio_properties.replay_gain": -7.156965255737305, "metadata.audio_properties.sample_rate": 48000.0, "rhythm.beats_count": 18.0, "rhythm.beats_loudness.mean": 0.10217491537332535, "rhythm.beats_loudness.stdev": 0.05926850810647011, "rhythm.bpm": 94.10102081298828, "rhythm.bpm_histogram_first_peak_bpm": 94.0, "rhythm.bpm_histogram_first_peak_weight": 0.5625, "rhythm.bpm_histogram_second_peak_bpm": 89.0, "rhythm.bpm_histogram_second_peak_spread": 0.0, "rhythm.bpm_histogram_second_peak_weight": 0.05882352963089943, "rhythm.danceability": 1.7009861469268799, "rhythm.onset_rate": 5.146035194396973, "tonal.chords_changes_rate": 0.04296875, "tonal.chords_number_rate": 0.015625, "tonal.chords_strength.mean": 0.5550838112831116, "tonal.chords_strength.stdev": 0.05846656486392021, "tonal.hpcp_crest.mean": 20.755775451660156, "tonal.hpcp_crest.stdev": 9.355457305908203, "tonal.hpcp_entropy.mean": 1.2554060220718384, "tonal.hpcp_entropy.stdev": 0.7471237778663635, "tonal.key_edma.strength": 0.7327842712402344, "tonal.key_krumhansl.strength": 0.725780725479126, "tonal.key_temperley.strength": 0.7089383602142334, "tonal.tuning_diatonic_strength": 0.5819684863090515, "tonal.tuning_equal_tempered_deviation": 0.1113099530339241, "tonal.tuning_frequency": 436.7083740234375, "tonal.tuning_nontempered_energy_ratio": 0.7769604325294495, "lowlevel.barkbands.mean": [4.316127160564065e-05, 0.012437130324542522, 0.008436837233603, 0.0009722696267999709, 0.0011632648529484868, 0.005207391455769539, 0.001253817812539637, 0.0019327347399666905, 0.0046937428414821625, 0.0008077948587015271, 0.0007450577104464173, 0.0002498337998986244, 0.0007002695347182453, 0.00031546453828923404, 0.0010048850672319531, 0.0003156674501951784, 0.00016698599210940301, 0.0001488690177211538, 0.0001372849801555276, 5.9391542890807614e-05, 0.00010515473695704713, 2.4173319616238587e-05, 5.485997462528758e-05, 0.0001259944256162271, 0.00014808858395554125, 4.094567339052446e-05, 4.943351996189449e-06], "lowlevel.barkbands.stdev": [0.00017577788094058633, 0.02979489602148533, 0.017947809770703316, 0.002465562429279089, 0.0017593930242583156, 0.005555118899792433, 0.002547995653003454, 0.004033139441162348, 0.009701156057417393, 0.002440399955958128, 0.0013269738992676139, 0.0006227496778592467, 0.0013427872909232974, 0.000816612271592021, 0.0025269598700106144, 0.0009527204092592001, 0.00045228900853544474, 0.0003218657511752099, 0.00022920238552615047, 9.791530465008691e-05, 0.0001321085583185777, 6.50981892249547e-05, 0.00022395748237613589, 0.0003628726408351213, 0.0004865866503678262, 9.201512148138136e-05, 1.1494774298625998e-05], "lowlevel.erbbands.mean": [0.12255790829658508, 3.5416641235351562, 10.844000816345215, 5.944033622741699, 1.806792140007019, 4.4341230392456055, 15.242250442504883, 59.922691345214844, 23.149599075317383, 27.548887252807617, 40.149173736572266, 131.30787658691406, 48.591041564941406, 18.689050674438477, 36.417572021484375, 11.649554252624512, 30.39212989807129, 24.24960708618164, 62.02080154418945, 19.45806884765625, 12.7656831741333, 10.40428352355957, 9.147233009338379, 9.593934059143066, 3.393794298171997, 2.8644962310791016, 6.048920154571533, 1.8474267721176147, 0.8722766041755676, 1.4897528886795044, 1.3986058235168457, 1.1465855836868286, 3.150378465652466, 2.621180772781372, 0.4139937460422516, 0.07599315047264099, 0.0974913090467453, 0.027237532660365105, 0.0005918297683820128, 6.282412505242974e-05], "lowlevel.erbbands.stdev": [0.3284720480442047, 8.287787437438965, 22.30653953552246, 12.643278121948242, 2.716546058654785, 6.500924110412598, 19.705224990844727, 67.43718719482422, 45.4698371887207, 46.89554214477539, 96.02444458007812, 255.3219451904297, 96.64716339111328, 52.357421875, 66.33013916015625, 24.005184173583984, 56.845699310302734, 42.39948272705078, 156.13284301757812, 49.41389083862305, 31.279823303222656, 27.5690975189209, 21.731826782226562, 15.58643627166748, 5.907416343688965, 4.451633930206299, 8.481459617614746, 2.0524141788482666, 2.012235641479492, 5.784191608428955, 5.768793106079102, 3.5926578044891357, 9.321223258972168, 8.924418449401855, 1.294657826423645, 0.26934266090393066, 0.2271398901939392, 0.05557801201939583, 0.0011841992381960154, 6.353051139740273e-05], "lowlevel.gfcc.mean": [-8.989956855773926, 91.61280822753906, -97.75452423095703, 3.0197904109954834, -60.29534912109375, 9.701592445373535, -37.788063049316406, 10.586381912231445, -24.84303092956543, 12.57457160949707, -11.14316177368164, -8.366328239440918, -6.875820159912109], "lowlevel.melbands.mean": [0.002291223732754588, 0.005382885690778494, 0.0009337597293779254, 0.00017999969713855535, 0.000511606689542532, 0.0011921884724870324, 0.00032683301833458245, 0.0003301287069916725, 0.000294001423753798, 0.0008800538489595056, 0.0002148014900740236, 7.071893196552992e-05, 0.00010013442079070956, 5.819403304485604e-05, 2.133330599463079e-05, 8.815796172711998e-05, 3.4514727303758264e-05, 9.777124068932608e-05, 3.9199923776322976e-05, 3.0150129532557912e-05, 9.902786587190349e-06, 1.2933597645314876e-05, 7.201972039183602e-06, 6.359015969792381e-06, 8.455792340100743e-06, 2.863586360035697e-06, 1.5126723837965983e-06, 1.8594664652482606e-06, 3.9725650822219905e-06, 2.562731424404774e-06, 5.76289039599942e-07, 4.403138120778749e-07, 5.247143803899235e-07, 1.015645011648303e-06, 8.249776897173433e-07, 6.662294254056178e-07, 6.920781174812873e-07, 2.075005113510997e-06, 2.9917393931100378e-06, 1.8820406921804533e-06], "lowlevel.melbands.stdev": [0.005560734309256077, 0.010916025377810001, 0.001874021254479885, 0.00022703682770952582, 0.0006217688205651939, 0.0013168612495064735, 0.0006314947386272252, 0.000604294880758971, 0.0007767070201225579, 0.0017902457620948553, 0.0004728937637992203, 0.00024383100389968604, 0.00018081771850120276, 0.00010640652908477932, 3.736680810106918e-05, 0.00017963869322557002, 8.274529682239518e-05, 0.0002449078019708395, 9.085298370337114e-05, 9.386296005686745e-05, 2.2510559574584477e-05, 3.813351213466376e-05, 1.739824438118376e-05, 1.2590458027261775e-05, 1.464570959797129e-05, 6.298783773672767e-06, 2.454721425237949e-06, 3.4059889912896324e-06, 5.7835218285617884e-06, 3.2546543025091523e-06, 7.469797651538101e-07, 1.0602611837384757e-06, 1.5713060292910086e-06, 4.250551228324184e-06, 3.617408538048039e-06, 2.4563914848840795e-06, 2.2009742224327056e-06, 6.770238996978151e-06, 8.66597292770166e-06, 6.917372047610115e-06], "lowlevel.melbands128.mean": [3.1282659620046616e-05, 0.0002904291613958776, 0.0025461972691118717, 0.007317202631384134, 0.00678182253614068, 0.0035403913352638483, 0.0012034762185066938, 0.00035416180617175996, 0.00012123416672693565, 0.00010277156252413988, 0.00024614305584691465, 0.000394503673305735, 0.00036804613773711026, 0.0007793304393999279, 0.002042604610323906, 0.0008748729596845806, 0.0003036415728274733, 0.00030324881663545966, 0.00024615161237306893, 0.00027039824635721743, 0.00042447674786671996, 0.0003253268077969551, 0.00032654806273058057, 0.00013753442908637226, 0.0008595595136284828, 0.0015091914683580399, 0.00014022286632098258, 0.0001632408966543153, 9.518700244370848e-05, 9.840822167461738e-05, 5.7473534980090335e-05, 2.5965373424696736e-05, 6.242545350687578e-05, 0.00024287315318360925, 4.4711781811201945e-05, 2.339878847124055e-05, 2.270426193717867e-05, 9.57601787376916e-06, 2.2597378119826317e-05, 8.487394370604306e-05, 0.00013893375580664724, 2.3753691493766382e-05, 2.819058863678947e-05, 5.039714233134873e-05, 1.83464253495913e-05, 0.00015724064724054188, 0.00013482286885846406, 1.6944708477240056e-05, 1.1468658158264589e-05, 1.3300168575369753e-05, 4.851764242630452e-05, 3.0820854590274394e-05, 4.374675427243346e-06, 3.1841450436331797e-06, 1.163192337116925e-05, 2.3123506252886727e-05, 2.922470002886257e-06, 3.082715693381033e-06, 1.0182699043070897e-05, 1.3915761883254163e-05, 1.5992119415386696e-06, 2.7654357381834416e-06, 1.6092286386992782e-05, 7.217910933832172e-06, 2.0418758595042164e-06, 3.9319552342931274e-06, 2.422478019070695e-06, 8.919190577216796e-07, 1.848551505645446e-06, 1.686615178186912e-06, 9.235517381966929e-07, 2.9769739740004297e-06, 2.3239178972289665e-06, 4.806971446669195e-06, 5.3251887948135845e-06, 1.9020116042156587e-06, 2.498945377737982e-06, 5.586638280874467e-07, 3.8974690141913015e-07, 2.583694822533289e-07, 4.543518059563212e-07, 4.778779043590475e-07, 5.025435143579671e-07, 5.095312758385262e-07, 5.496649464475922e-07, 8.028085289879527e-07, 1.43349711834162e-06, 9.582299753674306e-07, 7.340286174439825e-07, 7.423298598041583e-07, 7.974686013767496e-07, 6.739886657669558e-07, 3.9305618315665924e-07, 2.4609306592537905e-07, 9.62090211942268e-07, 2.445204017931246e-06, 1.974117367353756e-06, 1.9837023046420654e-06, 3.3309822811133927e-06, 3.3306307614111574e-06, 2.9436930617521284e-06, 1.4658518239230034e-06, 9.241649649993633e-07, 5.619669991574483e-07, 3.502485697026714e-07, 2.1442497200041544e-07, 1.3408654808699794e-07, 1.222956740321024e-07, 1.2777206848113565e-07, 6.572297905904634e-08, 7.070016039278926e-08, 1.6129837376865908e-07, 4.337628922712611e-07, 4.828768851439236e-07, 3.727362809513579e-07, 3.5440280043985695e-07, 1.9395842798530794e-07, 2.4670681497696023e-08, 5.723381213407208e-10, 5.882729633283068e-12, 5.624673470039365e-12, 5.503366425768652e-12, 5.381056711328824e-12, 5.273764498020528e-12, 5.103443275616959e-12, 4.882565272229522e-12, 4.751176015116432e-12, 4.711669856355405e-12], "lowlevel.melbands128.stdev": [0.00014842726523056626, 0.0013908831169828773, 0.006743238307535648, 0.017677752301096916, 0.014515571296215057, 0.007605215534567833, 0.0028846722561866045, 0.0007511298754252493, 0.00021622116037178785, 0.0001677726540947333, 0.00039008259773254395, 0.0007626544684171677, 0.000807402771897614, 0.0009567923261784017, 0.002406550105661154, 0.001267172279767692, 0.0010801636381074786, 0.0007965515251271427, 0.00043165122042410076, 0.0005830062436871231, 0.0010086746187880635, 0.001076153595931828, 0.0011873324401676655, 0.000707886996679008, 0.0016040884656831622, 0.003558780997991562, 0.0005294217262417078, 0.0005591202643699944, 0.0004579595697578043, 0.00041782608604989946, 0.00017824025417212397, 9.480012522544712e-05, 0.00013713419320993125, 0.0004830703546758741, 0.00013475377636495978, 8.679537131683901e-05, 0.00010029520490206778, 2.4897424736991525e-05, 5.442982728709467e-05, 0.00018345241551287472, 0.0003131251141894609, 9.623642108635977e-05, 7.62722993385978e-05, 0.00016826324281282723, 8.585640898672864e-05, 0.0004502388765104115, 0.0003790738119278103, 6.580887566087767e-05, 6.130130350356922e-05, 0.00011174352403031662, 0.00017658913566265255, 9.859746205620468e-05, 1.7397878764313646e-05, 8.70670464792056e-06, 3.662898961920291e-05, 7.756280683679506e-05, 7.4224017225787975e-06, 9.151330232270993e-06, 2.7860005502589047e-05, 4.137659561820328e-05, 4.3179875319765415e-06, 5.791394414700335e-06, 3.0098533898126334e-05, 1.584840902069118e-05, 4.7939997784851585e-06, 1.089048782887403e-05, 5.528052042791387e-06, 1.4470414271272602e-06, 3.6854280551779084e-06, 3.893303983204532e-06, 1.842039864641265e-06, 8.00753969087964e-06, 4.7927537707437295e-06, 7.444267794198822e-06, 9.825080269365571e-06, 2.755568630163907e-06, 4.275340870663058e-06, 8.330762284458615e-07, 7.423162173836317e-07, 6.60578962197178e-07, 1.1211350283701904e-06, 1.4038510016689543e-06, 1.37314248149778e-06, 1.5100605423867819e-06, 2.162581722586765e-06, 3.4101710753020598e-06, 6.430511348298751e-06, 4.419906417751918e-06, 3.6162025480734883e-06, 3.28022815665463e-06, 3.2341999940399546e-06, 2.6109198643098352e-06, 1.2834663039029692e-06, 1.072113491318305e-06, 3.650415237643756e-06, 9.064167898031883e-06, 7.362471478700172e-06, 5.267460892355302e-06, 8.882859219738748e-06, 1.0736608601291664e-05, 1.3439128451864235e-05, 5.198789949645288e-06, 3.400580226298189e-06, 2.1681080397684127e-06, 1.1837679494419717e-06, 8.227363537116616e-07, 6.265642582548026e-07, 5.103939315631578e-07, 6.193526473907696e-07, 3.1630068519916676e-07, 3.7462049817804655e-07, 5.132514502292906e-07, 1.177653984996141e-06, 1.0655008964022272e-06, 8.02678982836369e-07, 7.667745762773848e-07, 4.2745810446831456e-07, 9.543396117805969e-08, 9.517822086024808e-09, 9.406061866890081e-12, 9.099988991512209e-12, 8.873702120326676e-12, 8.681837367074952e-12, 8.519940829232464e-12, 8.375547651262583e-12, 8.276051718936195e-12, 8.202169846094343e-12, 8.15505562384855e-12], "lowlevel.mfcc.mean": [-665.8827514648438, 136.9581756591797, 15.210472106933594, 1.21742582321167, 4.538179397583008, -7.814888954162598, 8.234871864318848, -16.8525447845459, 5.340938568115234, 1.7555607557296753, 3.5767104625701904, -0.30250605940818787, -8.113348960876465], "lowlevel.spectral_contrast_coeffs.mean": [-0.6628605723381042, -0.6410623788833618, -0.6929039359092712, -0.7432267069816589, -0.7841131687164307, -0.7560471296310425], "lowlevel.spectral_contrast_coeffs.stdev": [0.06740516424179077, 0.07726933807134628, 0.06816910952329636, 0.05847940221428871, 0.04744076728820801, 0.03935014829039574], "lowlevel.spectral_contrast_valleys.mean": [-7.157956123352051, -6.969130516052246, -7.888131618499756, -8.11898422241211, -8.251341819763184, -10.870434761047363], "lowlevel.spectral_contrast_valleys.stdev": [0.8489744067192078, 0.6967229843139648, 0.6840115189552307, 0.6529697179794312, 0.6457916498184204, 0.8167752623558044], "rhythm.beats_loudness_band_ratio.mean": [0.6129232048988342, 0.15729647874832153, 0.13151545822620392, 0.048910174518823624, 0.046396151185035706, 0.006540664471685886], "rhythm.beats_loudness_band_ratio.stdev": [0.2410999983549118, 0.22792305052280426, 0.11509472131729126, 0.053929537534713745, 0.049185074865818024, 0.0045182411558926105], "tonal.hpcp.mean": [0.07715366780757904, 0.05432042106986046, 0.05469314008951187, 0.20739611983299255, 0.19221776723861694, 0.04072863981127739, 0.015284544788300991, 0.007366592530161142, 0.050188370048999786, 0.18237683176994324, 0.17018795013427734, 0.04722754657268524, 0.027295993641018867, 0.03363993391394615, 0.04750305041670799, 0.08504820615053177, 0.08322005718946457, 0.04628569260239601, 0.038054902106523514, 0.024364197626709938, 0.013395424000918865, 0.015032540075480938, 0.022834964096546173, 0.1997281163930893, 0.6522783637046814, 0.5288715958595276, 0.06959885358810425, 0.016202593222260475, 0.014050813391804695, 0.021326545625925064, 0.05872631072998047, 0.06900032609701157, 0.03478776663541794, 0.020671939477324486, 0.034312598407268524, 0.056197017431259155], "tonal.hpcp.stdev": [0.16211341321468353, 0.11724532395601273, 0.14848168194293976, 0.33601680397987366, 0.3234376013278961, 0.10142838209867477, 0.08157190680503845, 0.03008575737476349, 0.131588414311409, 0.30689218640327454, 0.27310481667518616, 0.137578085064888, 0.09870034456253052, 0.1401451826095581, 0.15798398852348328, 0.2206333577632904, 0.21178588271141052, 0.1288706660270691, 0.12678071856498718, 0.10143684595823288, 0.07743635028600693, 0.06989286839962006, 0.1036502793431282, 0.21726615726947784, 0.37540122866630554, 0.323231965303421, 0.1455107480287552, 0.08344122022390366, 0.07938797771930695, 0.08864948898553848, 0.15981267392635345, 0.18719744682312012, 0.1265975683927536, 0.0933484211564064, 0.14404967427253723, 0.16370807588100433], "rhythm.beats_position": [0.6617686748504639, 1.3351473808288574, 1.9969160556793213, 2.6470746994018555, 3.2740135192871094, 3.912562370300293, 4.551111221313477, 5.178049564361572, 5.804988384246826, 6.43192720413208, 7.058866024017334, 7.697414875030518, 8.335963249206543, 8.962902069091797, 9.58984088897705, 10.228389739990234, 10.866938591003418, 11.505487442016602], "rhythm.bpm_histogram": [0.0, 0.0, 0.0, 0.0, 0.0, 0.0, 0.0, 0.0, 0.0, 0.0, 0.0, 0.0, 0.0, 0.0, 0.0, 0.0, 0.0, 0.0, 0.0, 0.0, 0.0, 0.0, 0.0, 0.0, 0.0, 0.0, 0.0, 0.0, 0.0, 0.0, 0.0, 0.0, 0.0, 0.0, 0.0, 0.0, 0.0, 0.0, 0.0, 0.0, 0.0, 0.0, 0.0, 0.0, 0.0, 0.0, 0.0, 0.0, 0.0, 0.0, 0.0, 0.0, 0.0, 0.0, 0.0, 0.0, 0.0, 0.0, 0.0, 0.0, 0.0, 0.0, 0.0, 0.0, 0.0, 0.0, 0.0, 0.0, 0.0, 0.0, 0.0, 0.0, 0.0, 0.0, 0.0, 0.0, 0.0, 0.0, 0.0, 0.0, 0.0, 0.0, 0.0, 0.0, 0.0, 0.0, 0.0, 0.0, 0.0, 0.05882352963089943, 0.0, 0.05882352963089943, 0.05882352963089943, 0.0, 0.4117647111415863, 0.0, 0.4117647111415863, 0.0, 0.0, 0.0, 0.0, 0.0, 0.0, 0.0, 0.0, 0.0, 0.0, 0.0, 0.0, 0.0, 0.0, 0.0, 0.0, 0.0, 0.0, 0.0, 0.0, 0.0, 0.0, 0.0, 0.0, 0.0, 0.0, 0.0, 0.0, 0.0, 0.0, 0.0, 0.0, 0.0, 0.0, 0.0, 0.0, 0.0, 0.0, 0.0, 0.0, 0.0, 0.0, 0.0, 0.0, 0.0, 0.0, 0.0, 0.0, 0.0, 0.0, 0.0, 0.0, 0.0, 0.0, 0.0, 0.0, 0.0, 0.0, 0.0, 0.0, 0.0, 0.0, 0.0, 0.0, 0.0, 0.0, 0.0, 0.0, 0.0, 0.0, 0.0, 0.0, 0.0, 0.0, 0.0, 0.0, 0.0, 0.0, 0.0, 0.0, 0.0, 0.0, 0.0, 0.0, 0.0, 0.0, 0.0, 0.0, 0.0, 0.0, 0.0, 0.0, 0.0, 0.0, 0.0, 0.0, 0.0, 0.0, 0.0, 0.0, 0.0, 0.0, 0.0, 0.0, 0.0, 0.0, 0.0, 0.0, 0.0, 0.0, 0.0, 0.0, 0.0, 0.0, 0.0, 0.0, 0.0, 0.0, 0.0, 0.0, 0.0, 0.0, 0.0, 0.0, 0.0, 0.0, 0.0, 0.0, 0.0, 0.0, 0.0, 0.0, 0.0, 0.0, 0.0, 0.0, 0.0, 0.0, 0.0, 0.0, 0.0, 0.0, 0.0, 0.0, 0.0, 0.0, 0.0, 0.0, 0.0, 0.0, 0.0, 0.0, 0.0], "tonal.chords_histogram": [6.25, 0.0, 14.453125, 0.0, 0.0, 0.0, 0.0, 50.390625, 0.390625, 28.515625, 0.0, 0.0, 0.0, 0.0, 0.0, 0.0, 0.0, 0.0, 0.0, 0.0, 0.0, 0.0, 0.0, 0.0], "tonal.thpcp": [1.0, 0.8108065724372864, 0.10670115053653717, 0.02483999729156494, 0.021541129797697067, 0.0326954685151577, 0.09003259241580963, 0.10578355938196182, 0.053332701325416565, 0.03169189766049385, 0.052604224532842636, 0.08615496009588242, 0.11828334629535675, 0.08327797800302505, 0.08384938538074493, 0.31795644760131836, 0.2946867048740387, 0.06244058161973953, 0.023432549089193344, 0.011293632909655571, 0.07694317400455475, 0.27959969639778137, 0.26091307401657104, 0.07240397483110428, 0.04184715449810028, 0.05157297104597092, 0.07282634824514389, 0.1303863674402237, 0.12758365273475647, 0.07096002995967865, 0.058341506868600845, 0.03735245391726494, 0.020536361262202263, 0.023046202957630157, 0.03500800579786301, 0.3062007427215576], "lowlevel.gfcc.cov": [[3203.449951171875, 356.5537109375, -21.810047149658203, 217.47691345214844, 449.7264709472656, 138.53707885742188, 256.2352600097656, 366.37847900390625, 225.5497283935547, -9.561471939086914, -23.6224365234375, -136.87318420410156, 39.865623474121094], [356.5537109375, 1103.9813232421875, -121.96195220947266, 62.12946701049805, 291.30987548828125, -60.99134063720703, 280.1036376953125, 5.191898345947266, 6.482820987701416, 12.76461410522461, 128.51795959472656, -153.2709197998047, 4.239986896514893], [-21.810047149658203, -121.96195220947266, 965.0049438476562, 329.3990478515625, -20.514741897583008, 308.677490234375, 72.04182434082031, -18.305374145507812, 86.97051239013672, 24.169355392456055, -37.03074645996094, 74.21022033691406, -125.11363220214844], [217.47691345214844, 62.12946701049805, 329.3990478515625, 371.044677734375, 195.33921813964844, 69.42494201660156, 48.17017364501953, 88.42630004882812, 93.22396850585938, -3.6245126724243164, -27.55715560913086, 40.64575958251953, -2.490370988845825], [449.7264709472656, 291.30987548828125, -20.514741897583008, 195.33921813964844, 376.97503662109375, 46.67168426513672, 105.62466430664062, 130.097412109375, 95.33330535888672, 13.206425666809082, 2.8166825771331787, -3.9920430183410645, 81.12821197509766], [138.53707885742188, -60.99134063720703, 308.677490234375, 69.42494201660156, 46.67168426513672, 337.4308776855469, 140.7562713623047, 32.5201530456543, 55.45977783203125, 38.75996780395508, -6.057906627655029, -35.964786529541016, -44.286922454833984], [256.2352600097656, 280.1036376953125, 72.04182434082031, 48.17017364501953, 105.62466430664062, 140.7562713623047, 242.36399841308594, 64.91207885742188, 9.802759170532227, 24.98671531677246, 59.48371505737305, -65.31193542480469, -22.114517211914062], [366.37847900390625, 5.191898345947266, -18.305374145507812, 88.42630004882812, 130.097412109375, 32.5201530456543, 64.91207885742188, 179.87513732910156, 79.6172866821289, 9.497076034545898, 12.901864051818848, 2.8279573917388916, 49.42753219604492], [225.5497283935547, 6.482820987701416, 86.97051239013672, 93.22396850585938, 95.33330535888672, 55.45977783203125, 9.802759170532227, 79.6172866821289, 163.63333129882812, 40.73441696166992, -0.23152336478233337, 28.315765380859375, 43.089134216308594], [-9.561471939086914, 12.76461410522461, 24.169355392456055, -3.6245126724243164, 13.206425666809082, 38.75996780395508, 24.98671531677246, 9.497076034545898, 40.73441696166992, 91.25077819824219, 43.464046478271484, 15.471234321594238, 19.176599502563477], [-23.6224365234375, 128.51795959472656, -37.03074645996094, -27.55715560913086, 2.8166825771331787, -6.057906627655029, 59.48371505737305, 12.901864051818848, -0.23152336478233337, 43.464046478271484, 139.10667419433594, 18.201427459716797, 12.25631332397461], [-136.87318420410156, -153.2709197998047, 74.21022033691406, 40.64575958251953, -3.9920430183410645, -35.964786529541016, -65.31193542480469, 2.8279573917388916, 28.315765380859375, 15.471234321594238, 18.201427459716797, 144.00770568847656, 38.775028228759766], [39.865623474121094, 4.239986896514893, -125.11363220214844, -2.490370988845825, 81.12821197509766, -44.286922454833984, -22.114517211914062, 49.42753219604492, 43.089134216308594, 19.176599502563477, 12.25631332397461, 38.775028228759766, 128.4224853515625]], "lowlevel.gfcc.icov": [[0.00048167258501052856, 5.035869617131539e-05, -8.261262701125816e-05, 0.0002406704006716609, -0.0004366874345578253, 0.00018721130618359894, -0.00021844488219358027, -0.0006668604910373688, -0.0004347807844169438, 0.00020509233581833541, 8.785112004261464e-05, 0.00040141402860172093, 0.00031814229441806674], [5.035869617131539e-05, 0.0037787549663335085, -0.0010590534657239914, 0.0009753367048688233, -0.003507629269734025, 0.003948461264371872, -0.004388717003166676, 0.0035073664039373398, -0.0017911429749801755, 0.0008497051894664764, -0.0025304837618023157, 0.003779229475185275, -0.00010687727626645938], [-8.261262701125816e-05, -0.0010590534657239914, 0.003938163630664349, -0.0037804769817739725, 0.0028458614833652973, -0.0037877715658396482, 0.0008359827334061265, 0.0004108805151190609, -0.000220401183469221, -0.0003310068277642131, 0.0010144778061658144, -0.0031681598629802465, 0.0016889042453840375], [0.0002406704006716609, 0.0009753367048688233, -0.0037804769817739725, 0.00868809875100851, -0.005400322377681732, 0.0033919562119990587, -0.000964527775067836, -0.001378805609419942, -0.0013688510516658425, 0.0011378229828551412, 6.676622433587909e-05, 0.0008223748300224543, 0.0013590555172413588], [-0.0004366874345578253, -0.003507629269734025, 0.0028458614833652973, -0.005400322377681732, 0.010383055545389652, -0.004617750179022551, 0.0017181942239403725, -0.002984521212056279, 0.0008195898844860494, -0.0007194149075075984, 0.002974598202854395, -0.0037406061310321093, -0.0031100218184292316], [0.00018721130618359894, 0.003948461264371872, -0.0037877715658396482, 0.0033919562119990587, -0.004617750179022551, 0.011097128503024578, -0.007694624830037355, 0.002919163089245558, -0.0031149722635746002, -0.000774312880821526, -0.0008164573227986693, 0.005232008174061775, 0.00014159380225464702], [-0.00021844488219358027, -0.004388717003166676, 0.0008359827334061265, -0.000964527775067836, 0.0017181942239403725, -0.007694624830037355, 0.015089931897819042, -0.006334030069410801, 0.004492322914302349, -0.0014581216964870691, -0.0017399669159203768, -0.0008361932123079896, 0.001434831297956407], [-0.0006668604910373688, 0.0035073664039373398, 0.0004108805151190609, -0.001378805609419942, -0.002984521212056279, 0.002919163089245558, -0.006334030069410801, 0.014309117570519447, -0.004848301410675049, 0.002295042620971799, -0.002783668227493763, 0.00248528178781271, -0.0024418896064162254], [-0.0004347807844169438, -0.0017911429749801755, -0.000220401183469221, -0.0013688510516658425, 0.0008195898844860494, -0.0031149722635746002, 0.004492322914302349, -0.004848301410675049, 0.01243525929749012, -0.004868274554610252, 0.001610308070667088, -0.002033516066148877, -0.0019846258219331503], [0.00020509233581833541, 0.0008497051894664764, -0.0003310068277642131, 0.0011378229828551412, -0.0007194149075075984, -0.000774312880821526, -0.0014581216964870691, 0.002295042620971799, -0.004868274554610252, 0.016603628173470497, -0.005306336097419262, 0.000353889336111024, -0.0017854125471785665], [8.785112004261464e-05, -0.0025304837618023157, 0.0010144778061658144, 6.676622433587909e-05, 0.002974598202854395, -0.0008164573227986693, -0.0017399669159203768, -0.002783668227493763, 0.001610308070667088, -0.005306336097419262, 0.013082527555525303, -0.005493285600095987, 0.0003190783318132162], [0.00040141402860172093, 0.003779229475185275, -0.0031681598629802465, 0.0008223748300224543, -0.0037406061310321093, 0.005232008174061775, -0.0008361932123079896, 0.00248528178781271, -0.002033516066148877, 0.000353889336111024, -0.005493285600095987, 0.015605708584189415, -0.0038113410118967295], [0.00031814229441806674, -0.00010687727626645938, 0.0016889042453840375, 0.0013590555172413588, -0.0031100218184292316, 0.00014159380225464702, 0.001434831297956407, -0.0024418896064162254, -0.0019846258219331503, -0.0017854125471785665, 0.0003190783318132162, -0.0038113410118967295, 0.014616569504141808]], "lowlevel.mfcc.cov": [[3237.214599609375, 325.959716796875, -378.0771789550781, 158.71583557128906, 242.6903839111328, -94.1210708618164, 218.6099090576172, 181.8994140625, 319.5993347167969, 296.4080505371094, 58.9330940246582, -24.270872116088867, 137.94334411621094], [325.959716796875, 910.107666015625, -252.09181213378906, 152.24676513671875, -17.20245933532715, 25.047576904296875, 225.17901611328125, -35.10273361206055, 32.42454147338867, 63.428707122802734, 55.430931091308594, 72.93761444091797, -20.646276473999023], [-378.0771789550781, -252.09181213378906, 937.1663818359375, 22.703617095947266, 40.0307731628418, 297.98992919921875, -15.650751113891602, 139.8191680908203, -42.42998504638672, 8.92977523803711, 132.65013122558594, 76.99677276611328, -34.5100212097168], [158.71583557128906, 152.24676513671875, 22.703617095947266, 373.76092529296875, 177.07345581054688, -2.473707437515259, 20.075265884399414, 77.8581314086914, 96.44039916992188, -51.82204055786133, 1.1340776681900024, 101.12005615234375, 39.949283599853516], [242.6903839111328, -17.20245933532715, 40.0307731628418, 177.07345581054688, 297.4039306640625, 43.20648193359375, -17.618234634399414, 92.27467346191406, 155.53309631347656, 17.62938117980957, -12.825739860534668, 53.12009811401367, 48.930789947509766], [-94.1210708618164, 25.047576904296875, 297.98992919921875, -2.473707437515259, 43.20648193359375, 284.3457946777344, 67.64869689941406, 77.5208969116211, 18.930295944213867, 74.42704772949219, 67.90125274658203, 0.018841134384274483, -5.803584575653076], [218.6099090576172, 225.17901611328125, -15.650751113891602, 20.075265884399414, -17.618234634399414, 67.64869689941406, 281.98095703125, 54.892330169677734, 22.070871353149414, 96.67001342773438, 45.14363098144531, 18.04305076599121, 16.41379165649414], [181.8994140625, -35.10273361206055, 139.8191680908203, 77.8581314086914, 92.27467346191406, 77.5208969116211, 54.892330169677734, 162.73329162597656, 73.78722381591797, 41.465755462646484, 26.179365158081055, 25.048368453979492, 38.056522369384766], [319.5993347167969, 32.42454147338867, -42.42998504638672, 96.44039916992188, 155.53309631347656, 18.930295944213867, 22.070871353149414, 73.78722381591797, 201.37806701660156, 63.712459564208984, -11.033637046813965, 10.00761890411377, 53.6672248840332], [296.4080505371094, 63.428707122802734, 8.92977523803711, -51.82204055786133, 17.62938117980957, 74.42704772949219, 96.67001342773438, 41.465755462646484, 63.712459564208984, 194.88577270507812, 45.79060745239258, -36.862449645996094, 19.467185974121094], [58.9330940246582, 55.430931091308594, 132.65013122558594, 1.1340776681900024, -12.825739860534668, 67.90125274658203, 45.14363098144531, 26.179365158081055, -11.033637046813965, 45.79060745239258, 131.44757080078125, 40.06338119506836, -8.312536239624023], [-24.270872116088867, 72.93761444091797, 76.99677276611328, 101.12005615234375, 53.12009811401367, 0.018841134384274483, 18.04305076599121, 25.048368453979492, 10.00761890411377, -36.862449645996094, 40.06338119506836, 140.8306427001953, 16.831758499145508], [137.94334411621094, -20.646276473999023, -34.5100212097168, 39.949283599853516, 48.930789947509766, -5.803584575653076, 16.41379165649414, 38.056522369384766, 53.6672248840332, 19.467185974121094, -8.312536239624023, 16.831758499145508, 103.1783676147461]], "lowlevel.mfcc.icov": [[0.0004765709745697677, -0.00011003986583091319, 0.00010385524365119636, -3.160657797707245e-05, -0.0002066634624497965, 0.000445778074208647, -7.66980301705189e-05, -0.0004000460321549326, -0.0002609121729619801, -0.0004894722951576114, -0.00036373312468640506, 0.0002788493293337524, -0.00017608738562557846], [-0.00011003986583091319, 0.0021106863860040903, 0.0008351972210220993, -0.0011339302873238921, 0.0007050735875964165, -0.0010138647630810738, -0.0011990823550149798, 0.0011040270328521729, -0.00032237436971627176, -0.00029495611670427024, -0.00040286107105202973, -0.0011288862442597747, 0.0010550362057983875], [0.00010385524365119636, 0.0008351972210220993, 0.002602985594421625, -0.0003258809738326818, 0.00032086632563732564, -0.0022972854785621166, 0.0004135821363888681, -0.0013366378843784332, 0.000542157213203609, 3.104597999481484e-05, -0.001167847658507526, -0.0013587359571829438, 0.0010106154950335622], [-3.160657797707245e-05, -0.0011339302873238921, -0.0003258809738326818, 0.0055142673663794994, -0.0024145585484802723, 0.0007085647666826844, -0.00011578355770325288, -0.0014512855559587479, -0.0006097324076108634, 0.0021999559830874205, 5.775179306510836e-05, -0.0013456485467031598, -0.0005638151778839529], [-0.0002066634624497965, 0.0007050735875964165, 0.00032086632563732564, -0.0024145585484802723, 0.008292988874018192, -0.0017190076177939773, 0.001297146431170404, -0.0009367900784127414, -0.00437007425352931, -0.00048747993423603475, 0.0014451273018494248, -0.0022479284089058638, 0.00041741158929653466], [0.000445778074208647, -0.0010138647630810738, -0.0022972854785621166, 0.0007085647666826844, -0.0017190076177939773, 0.007623402401804924, -0.0008769468404352665, -0.0012375008082017303, 0.00012095811689505354, -0.0013809585943818092, -0.001262338482774794, 0.002352626295760274, -0.0002894637582357973], [-7.66980301705189e-05, -0.0011990823550149798, 0.0004135821363888681, -0.00011578355770325288, 0.001297146431170404, -0.0008769468404352665, 0.006130016874521971, -0.002327700611203909, 0.0006169819971546531, -0.002268570940941572, 0.00019086350221186876, -0.0010345648042857647, -0.0004440832417458296], [-0.0004000460321549326, 0.0011040270328521729, -0.0013366378843784332, -0.0014512855559587479, -0.0009367900784127414, -0.0012375008082017303, -0.002327700611203909, 0.011905320920050144, -0.0019305291352793574, -1.089184752345318e-05, -0.00024734766338951886, 8.659908780828118e-05, -0.0018034802051261067], [-0.0002609121729619801, -0.00032237436971627176, 0.000542157213203609, -0.0006097324076108634, -0.00437007425352931, 0.00012095811689505354, 0.0006169819971546531, -0.0019305291352793574, 0.011299376375973225, -0.002873448422178626, 0.0010522627271711826, 0.0005541841965168715, -0.001945856143720448], [-0.0004894722951576114, -0.00029495611670427024, 3.104597999481484e-05, 0.0021999559830874205, -0.00048747993423603475, -0.0013809585943818092, -0.002268570940941572, -1.089184752345318e-05, -0.002873448422178626, 0.010582072660326958, -0.0031409901566803455, 0.00293087400496006, -0.000960777688305825], [-0.00036373312468640506, -0.00040286107105202973, -0.001167847658507526, 5.775179306510836e-05, 0.0014451273018494248, -0.001262338482774794, 0.00019086350221186876, -0.00024734766338951886, 0.0010522627271711826, -0.0031409901566803455, 0.01247170940041542, -0.004353653639554977, 0.0010575461201369762], [0.0002788493293337524, -0.0011288862442597747, -0.0013587359571829438, -0.0013456485467031598, -0.0022479284089058638, 0.002352626295760274, -0.0010345648042857647, 8.659908780828118e-05, 0.0005541841965168715, 0.00293087400496006, -0.004353653639554977, 0.012667516246438026, -0.0024595935828983784], [-0.00017608738562557846, 0.0010550362057983875, 0.0010106154950335622, -0.0005638151778839529, 0.00041741158929653466, -0.0002894637582357973, -0.0004440832417458296, -0.0018034802051261067, -0.001945856143720448, -0.000960777688305825, 0.0010575461201369762, -0.0024595935828983784, 0.01289625559002161]], "metadata.audio_properties.analysis.downmix": "mix", "metadata.audio_properties.codec": "mp3", "metadata.audio_properties.md5_encoded": "dfa309cdfa093552ed932c8184c9995c", "metadata.tags.file_name": "1183663885245493299.mp3", "metadata.version.essentia": "2.1-beta6-dev", "metadata.version.essentia_git_sha": "v2.1_beta5-1110-g77a6a954", "metadata.version.extractor": "music 2.0", "tonal.chords_key": "Bb", "tonal.chords_scale": "major", "tonal.key_edma.key": "Bb", "tonal.key_edma.scale": "minor", "tonal.key_krumhansl.key": "Bb", "tonal.key_krumhansl.scale": "minor", "tonal.key_temperley.key": "Bb", "tonal.key_temperley.scale": "minor", "metadata.tags.encoding": ["Lavf58.45.100"]}, "essentia_models": [{"model_name": "genre_dortmund", "activations": {"alternative": "0.0129889995", "blues": "0.018421171", "electronic": "0.0012828261", "folkcountry": "0.752085", "funksoulrnb": "0.007548803", "jazz": "0.072062485", "pop": "0.26668403", "raphiphop": "0.007111142", "rock": "0.005434206"}}, {"model_name": "genre_rosamerica", "activations": {"classic": "0.0016725195", "dance": "0.0012229319", "hip hop": "5.3536e-05", "jazz": "0.055186447", "pop": "0.3704079", "rhythm and blues": "0.12332193", "rock": "0.00035915626", "speech": "0.007229287"}}, {"model_name": "genre_tzanetakis", "activations": {"blues": "0.01213909", "classic": "4.203923e-06", "country": "0.9442077", "disco": "0.0050436878", "hip hop": "6.165716e-06", "jazz": "0.005147862", "metal": "6.7524175e-05", "pop": "0.0062942766", "reggae": "0.00089617743", "rock": "0.0031077322"}}, {"model_name": "genre_electronic", "activations": {"ambient": "0.33354774", "dnb": "0.23082201", "house": "0.19068271", "techno": "0.2569101", "trance": "0.0077482103"}}, {"model_name": "mood_acoustic", "activations": {"acoustic": "0.7886679", "not acoustic": "0.2591454