{"song_id": "1183718710943436890", "download": "https://cdn.discordapp.com/attachments/1135903449314238464/1183718710943436890/chirp.mp4?ex=65895af5&amp", "lyrics": "[verse]\nAvocado on my plate, the perfect green delight\nCreamy texture, flavorful, it's love at first bite\nSpread it on toast or slice it for a salad mix\nWith avocado, life's a rockin' tasty fix\n\n[chorus]\nOh, avocado, you're a rockstar on my plate\nYou're the go-to ingredient, no one can debate\nGuacamole's superpower, it's a flavor explosion\nAvocado, rockin' our taste buds with devotion", "style": ["anime opening"], "essentia_features": {"lowlevel.average_loudness": 0.9841946363449097, "lowlevel.barkbands_crest.mean": 10.864611625671387, "lowlevel.barkbands_crest.stdev": 3.4587507247924805, "lowlevel.barkbands_flatness_db.mean": 0.12765276432037354, "lowlevel.barkbands_flatness_db.stdev": 0.03486873209476471, "lowlevel.barkbands_kurtosis.mean": 4.058638095855713, "lowlevel.barkbands_kurtosis.stdev": 6.604488372802734, "lowlevel.barkbands_skewness.mean": 1.8118000030517578, "lowlevel.barkbands_skewness.stdev": 1.0900323390960693, "lowlevel.barkbands_spread.mean": 24.649885177612305, "lowlevel.barkbands_spread.stdev": 10.403508186340332, "lowlevel.dissonance.mean": 0.4709740877151489, "lowlevel.dissonance.stdev": 0.021179109811782837, "lowlevel.dynamic_complexity": 1.091522216796875, "lowlevel.erbbands_crest.mean": 8.616628646850586, "lowlevel.erbbands_crest.stdev": 4.795854568481445, "lowlevel.erbbands_flatness_db.mean": 0.12987001240253448, "lowlevel.erbbands_flatness_db.stdev": 0.031871870160102844, "lowlevel.erbbands_kurtosis.mean": 0.08273595571517944, "lowlevel.erbbands_kurtosis.stdev": 1.3761593103408813, "lowlevel.erbbands_skewness.mean": -0.024452371522784233, "lowlevel.erbbands_skewness.stdev": 0.55544114112854, "lowlevel.erbbands_spread.mean": 46.175628662109375, "lowlevel.erbbands_spread.stdev": 19.763229370117188, "lowlevel.hfc.mean": 30.478376388549805, "lowlevel.hfc.stdev": 12.637014389038086, "lowlevel.loudness_ebu128.integrated": -11.203232765197754, "lowlevel.loudness_ebu128.loudness_range": 0.8512191772460938, "lowlevel.loudness_ebu128.momentary.mean": -11.237553596496582, "lowlevel.loudness_ebu128.momentary.stdev": 0.548293948173523, "lowlevel.loudness_ebu128.short_term.mean": -11.196226119995117, "lowlevel.loudness_ebu128.short_term.stdev": 0.28857094049453735, "lowlevel.melbands_crest.mean": 18.52718162536621, "lowlevel.melbands_crest.stdev": 5.15431022644043, "lowlevel.melbands_flatness_db.mean": 0.19719699025154114, "lowlevel.melbands_flatness_db.stdev": 0.046155400574207306, "lowlevel.melbands_kurtosis.mean": 18.25899314880371, "lowlevel.melbands_kurtosis.stdev": 22.33952522277832, "lowlevel.melbands_skewness.mean": 3.399671792984009, "lowlevel.melbands_skewness.stdev": 1.929949402809143, "lowlevel.melbands_spread.mean": 20.858156204223633, "lowlevel.melbands_spread.stdev": 10.703089714050293, "lowlevel.pitch_salience.mean": 0.4817471206188202, "lowlevel.pitch_salience.stdev": 0.10550703853368759, "lowlevel.silence_rate_20dB.mean": 1.0, "lowlevel.silence_rate_20dB.stdev": 0.0, "lowlevel.silence_rate_30dB.mean": 0.9788608551025391, "lowlevel.silence_rate_30dB.stdev": 0.1438474804162979, "lowlevel.silence_rate_60dB.mean": 0.0011743981158360839, "lowlevel.silence_rate_60dB.stdev": 0.03424924239516258, "lowlevel.spectral_centroid.mean": 1420.1060791015625, "lowlevel.spectral_centroid.stdev": 395.5724182128906, "lowlevel.spectral_complexity.mean": 28.738697052001953, "lowlevel.spectral_complexity.stdev": 7.731044292449951, "lowlevel.spectral_decrease.mean": -1.3120660113941085e-08, "lowlevel.spectral_decrease.stdev": 7.518242917115003e-09, "lowlevel.spectral_energy.mean": 0.052284955978393555, "lowlevel.spectral_energy.stdev": 0.02877955324947834, "lowlevel.spectral_energyband_high.mean": 0.0012272074818611145, "lowlevel.spectral_energyband_high.stdev": 0.0010466063395142555, "lowlevel.spectral_energyband_low.mean": 0.029478974640369415, "lowlevel.spectral_energyband_low.stdev": 0.02823701687157154, "lowlevel.spectral_energyband_middle_high.mean": 0.008613632060587406, "lowlevel.spectral_energyband_middle_high.stdev": 0.006310179363936186, "lowlevel.spectral_energyband_middle_low.mean": 0.014244097284972668, "lowlevel.spectral_energyband_middle_low.stdev": 0.012987812981009483, "lowlevel.spectral_entropy.mean": 7.805878162384033, "lowlevel.spectral_entropy.stdev": 0.2442460060119629, "lowlevel.spectral_flux.mean": 0.12021372467279434, "lowlevel.spectral_flux.stdev": 0.06401646137237549, "lowlevel.spectral_kurtosis.mean": 3.591524124145508, "lowlevel.spectral_kurtosis.stdev": 1.6662253141403198, "lowlevel.spectral_rms.mean": 0.006934505421668291, "lowlevel.spectral_rms.stdev": 0.0017095033545047045, "lowlevel.spectral_rolloff.mean": 1098.2193603515625, "lowlevel.spectral_rolloff.stdev": 857.2222290039062, "lowlevel.spectral_skewness.mean": 1.387973666191101, "lowlevel.spectral_skewness.stdev": 0.291361927986145, "lowlevel.spectral_spread.mean": 4833868.0, "lowlevel.spectral_spread.stdev": 1104943.75, "lowlevel.spectral_strongpeak.mean": 0.9416370391845703, "lowlevel.spectral_strongpeak.stdev": 1.0624643564224243, "lowlevel.zerocrossingrate.mean": 0.05423247814178467, "lowlevel.zerocrossingrate.stdev": 0.020549796521663666, "metadata.audio_properties.analysis.equal_loudness": 0.0, "metadata.audio_properties.analysis.length": 39.508277893066406, "metadata.audio_properties.analysis.sample_rate": 44100.0, "metadata.audio_properties.analysis.start_time": 0.0, "metadata.audio_properties.bit_rate": 118233.0, "metadata.audio_properties.length": 39.509334564208984, "metadata.audio_properties.lossless": 0.0, "metadata.audio_properties.number_channels": 1.0, "metadata.audio_properties.replay_gain": -13.51022720336914, "metadata.audio_properties.sample_rate": 48000.0, "rhythm.beats_count": 64.0, "rhythm.beats_loudness.mean": 0.04599662497639656, "rhythm.beats_loudness.stdev": 0.010679224506020546, "rhythm.bpm": 98.02147674560547, "rhythm.bpm_histogram_first_peak_bpm": 98.0, "rhythm.bpm_histogram_first_peak_weight": 0.0952380895614624, "rhythm.bpm_histogram_second_peak_bpm": 0.0, "rhythm.bpm_histogram_second_peak_spread": 0.0, "rhythm.bpm_histogram_second_peak_weight": 0.0, "rhythm.danceability": 1.5533908605575562, "rhythm.onset_rate": 3.6183879375457764, "tonal.chords_changes_rate": 0.05399060994386673, "tonal.chords_number_rate": 0.01056338008493185, "tonal.chords_strength.mean": 0.579683780670166, "tonal.chords_strength.stdev": 0.08838588744401932, "tonal.hpcp_crest.mean": 13.263002395629883, "tonal.hpcp_crest.stdev": 5.619239330291748, "tonal.hpcp_entropy.mean": 2.031477689743042, "tonal.hpcp_entropy.stdev": 0.7519402503967285, "tonal.key_edma.strength": 0.5870941281318665, "tonal.key_krumhansl.strength": 0.5709116458892822, "tonal.key_temperley.strength": 0.5458911657333374, "tonal.tuning_diatonic_strength": 0.6023440957069397, "tonal.tuning_equal_tempered_deviation": 0.045905906707048416, "tonal.tuning_frequency": 439.2381896972656, "tonal.tuning_nontempered_energy_ratio": 0.7441020011901855, "lowlevel.barkbands.mean": [0.0006823532748967409, 0.011390944011509418, 0.01630125194787979, 0.0030054806265980005, 0.004888440482318401, 0.001397739048115909, 0.0010254966327920556, 0.002339337021112442, 0.001239535165950656, 0.0017597721889615059, 0.0009010747307911515, 0.0011799853527918458, 0.0009816080564633012, 0.0005585350445471704, 0.0008037429652176797, 0.00075179134728387, 0.000712976383510977, 0.00036538211861625314, 0.0005737505853176117, 0.00034393303212709725, 0.00029665924375876784, 0.00024966298951767385, 0.0001659131667111069, 0.0001621248957235366, 0.0001294013491133228, 7.754277612548321e-05, 5.072117801319109e-07], "lowlevel.barkbands.stdev": [0.00042533554369583726, 0.01750623993575573, 0.01354209240525961, 0.003663084004074335, 0.008928489871323109, 0.001909859711304307, 0.0022606931161135435, 0.004029233008623123, 0.0023616161197423935, 0.0036067399196326733, 0.0016970273572951555, 0.002446527127176523, 0.0021110279485583305, 0.001041483599692583, 0.0013383150799199939, 0.001140523818321526, 0.0005954751395620406, 0.0002464816498104483, 0.0003598224138841033, 0.0002488097525201738, 0.0002526394964661449, 0.0002544475719332695, 0.00020533952920231968, 0.000264112139120698, 0.00016755261458456516, 8.877382788341492e-05, 1.4829550991635188e-06], "lowlevel.erbbands.mean": [0.1599855273962021, 3.340999126434326, 18.245037078857422, 13.003480911254883, 16.117517471313477, 14.852469444274902, 12.53516960144043, 9.723492622375488, 10.812031745910645, 22.756223678588867, 61.513790130615234, 31.08320426940918, 36.31396484375, 59.43240737915039, 34.16331481933594, 52.9405403137207, 41.696285247802734, 39.999969482421875, 42.59986877441406, 34.91642761230469, 44.21115493774414, 38.43515396118164, 21.053287506103516, 25.985301971435547, 27.253755569458008, 15.869860649108887, 12.071898460388184, 11.4856595993042, 9.857501029968262, 5.973361968994141, 4.47580623626709, 3.451253652572632, 2.636432409286499, 1.584390640258789, 0.8499561548233032, 0.4331612288951874, 0.12049556523561478, 0.01247523631900549, 0.0002715396403800696, 7.274112431332469e-05], "lowlevel.erbbands.stdev": [0.32585832476615906, 4.65172815322876, 15.743496894836426, 11.64554500579834, 27.956146240234375, 28.29059600830078, 17.93366050720215, 13.790937423706055, 20.16291046142578, 41.738494873046875, 106.72679901123047, 52.920597076416016, 92.46147155761719, 118.14830780029297, 47.02227783203125, 109.5146484375, 81.99945831298828, 73.87555694580078, 72.58193969726562, 46.64278793334961, 55.8999137878418, 32.83576202392578, 13.137245178222656, 16.569677352905273, 18.217872619628906, 11.2933988571167, 9.637667655944824, 10.40389347076416, 9.924443244934082, 6.660055637359619, 5.8108673095703125, 5.269618988037109, 4.58725643157959, 2.4047813415527344, 0.9768431186676025, 0.4786491394042969, 0.15432801842689514, 0.019158558920025826, 0.00034692868939600885, 3.395096427993849e-05], "lowlevel.gfcc.mean": [56.713558197021484, 81.47261047363281, -112.82350158691406, 44.290042877197266, -47.57297134399414, 23.744699478149414, -35.60152053833008, 17.170164108276367, -31.26649284362793, 1.6947038173675537, -25.915117263793945, -3.0135767459869385, -17.048049926757812], "lowlevel.melbands.mean": [0.002274326281622052, 0.007482137065380812, 0.0024428851902484894, 0.0011727280216291547, 0.00044204466394148767, 0.00022494980657938868, 0.0001830077380873263, 0.0002804274554364383, 0.0004853735736105591, 0.00017491677135694772, 0.0001838678726926446, 0.0002502803399693221, 0.00010625059076119214, 0.00012909002543892711, 0.00010336442937841639, 0.00010814879351528361, 6.593620491912588e-05, 6.419370038202032e-05, 5.274815339362249e-05, 4.958281715516932e-05, 5.189621151657775e-05, 4.441785131348297e-05, 2.3201431758934632e-05, 1.6007228623493575e-05, 2.13441853702534e-05, 2.2147572963149287e-05, 1.5833695215405896e-05, 9.231050171365496e-06, 7.23589528206503e-06, 7.420477686537197e-06, 6.327196842903504e-06, 5.9823455558216665e-06, 4.048063146910863e-06, 3.114867467957083e-06, 2.656691322044935e-06, 2.2041301690478576e-06, 2.11609199141094e-06, 1.987315044971183e-06, 1.4793715763516957e-06, 1.289213173549797e-06], "lowlevel.melbands.stdev": [0.0038921840023249388, 0.00693948520347476, 0.001975345890969038, 0.002188748447224498, 0.0006169330445118248, 0.0003114845312666148, 0.0003707490104716271, 0.000477033929200843, 0.0008448651060461998, 0.0003432905941735953, 0.0004712951777037233, 0.0005058189854025841, 0.00016468469402752817, 0.00026798874023370445, 0.00021364858548622578, 0.0002491353079676628, 0.00013500779459718615, 0.00011014413030352443, 8.226150384871289e-05, 8.425155829172581e-05, 5.752905417466536e-05, 4.388294109958224e-05, 1.595536377863027e-05, 1.1571414688660298e-05, 1.4692182958242483e-05, 1.578148476255592e-05, 1.1209849617443979e-05, 7.495351383113302e-06, 6.052320259186672e-06, 6.775037036277354e-06, 5.9718072407122236e-06, 5.99067334405845e-06, 4.7952335080481134e-06, 3.608698989410186e-06, 3.5771122384176124e-06, 3.1580859740643064e-06, 3.449092218943406e-06, 3.728518549905857e-06, 2.272070332764997e-06, 2.025221874646377e-06], "lowlevel.melbands128.mean": [0.00021121304598636925, 0.0007999964873306453, 0.0024673393927514553, 0.006275846157222986, 0.010198008269071579, 0.006843301467597485, 0.002470830688253045, 0.001460634870454669, 0.0017350082052871585, 0.0013432184932753444, 0.000747678626794368, 0.0003777452220674604, 0.00047789563541300595, 0.00034278404200449586, 0.00022752511722501367, 0.00015410245396196842, 0.00012905824405606836, 0.00016674863582011312, 0.00029445727705024183, 0.00021730766457039863, 0.00023894026526249945, 0.0005377542693167925, 0.0006717026699334383, 0.00024578350712545216, 0.00014505100261885673, 0.0001840869663283229, 0.00010283351730322465, 0.00017680018208920956, 0.00023554486688226461, 0.0003250828303862363, 0.0002580601430963725, 0.00011040115350624546, 8.07045289548114e-05, 0.00012987354421056807, 6.574385042767972e-05, 0.000164690864039585, 0.00017234029655810446, 0.00010903195652645081, 4.496413021115586e-05, 8.249044913100079e-05, 0.00014215252303984016, 0.00011912968329852447, 5.861801764694974e-05, 4.333905962994322e-05, 4.4318887375993654e-05, 7.262641156557947e-05, 8.881124085746706e-05, 4.8579906433587894e-05, 4.023247311124578e-05, 4.095568510820158e-05, 5.286906161927618e-05, 5.712534402846359e-05, 4.774714761879295e-05, 5.455052450997755e-05, 5.1402050303295255e-05, 4.985254417988472e-05, 3.077783912885934e-05, 2.548113843658939e-05, 2.1333251424948685e-05, 1.655394589761272e-05, 1.4398710845853202e-05, 1.5308305592043325e-05, 2.191516978200525e-05, 2.3059976228978485e-05, 2.10549114854075e-05, 2.417807081656065e-05, 2.1694750103051774e-05, 1.6757121557020582e-05, 1.6821995814098045e-05, 1.1118607289972715e-05, 8.807833182800096e-06, 8.443335900665261e-06, 7.073405868140981e-06, 7.059104518702952e-06, 7.329127583943773e-06, 7.547237601102097e-06, 7.621195436513517e-06, 6.806074907217408e-06, 5.999755558150355e-06, 5.868026619282318e-06, 6.480750471382635e-06, 5.982727543596411e-06, 5.009033884562086e-06, 3.97778194383136e-06, 3.031933829333866e-06, 3.1279944323614473e-06, 3.0067017178225797e-06, 3.390113761270186e-06, 2.47653429141792e-06, 2.358024858040153e-06, 2.3386160137306433e-06, 2.202128598582931e-06, 1.912166226247791e-06, 2.0092008981009712e-06, 2.3637403501197696e-06, 2.197067033193889e-06, 1.9063637637373176e-06, 1.6534006590518402e-06, 1.4939110997147509e-06, 1.3734962749367696e-06, 1.3861267689208034e-06, 1.3404456922216923e-06, 1.0889094710364589e-06, 9.888505019262084e-07, 8.302561695927579e-07, 9.861763601293205e-07, 9.273753107663651e-07, 9.186290412799281e-07, 7.662600864932756e-07, 6.36376682905393e-07, 5.128381417307537e-07, 4.241413762429147e-07, 3.753665396288852e-07, 3.060636117879767e-07, 2.3244281521783705e-07, 1.3923519759373448e-07, 2.3771397295035968e-08, 3.873560916467511e-10, 8.209632626487995e-12, 7.933483731070723e-12, 7.714031670380539e-12, 7.543947237731441e-12, 7.368127809270764e-12, 7.231353536807372e-12, 7.101423615818447e-12, 6.972341540928406e-12, 6.889031879675489e-12, 6.846929707232663e-12], "lowlevel.melbands128.stdev": [0.0002443016564939171, 0.0019225485157221556, 0.0057365004904568195, 0.008974950760602951, 0.009509044699370861, 0.005788733251392841, 0.002670913701876998, 0.0017794282175600529, 0.003487836103886366, 0.0030153715051710606, 0.0015938762808218598, 0.0007017739699222147, 0.0007631459156982601, 0.000632310810033232, 0.0003874610411003232, 0.0002824470866471529, 0.00026448481366969645, 0.0004252999206073582, 0.0008242061594501138, 0.0005522203864529729, 0.0006569889956153929, 0.0011671388056129217, 0.0013509395066648722, 0.000691017194185406, 0.0003862620797008276, 0.0005364974495023489, 0.00046222470700740814, 0.0007594322669319808, 0.0006602517096325755, 0.0008696186705492437, 0.0006948885857127607, 0.00032789228134788573, 0.00018291245214641094, 0.00024805896100588143, 0.00020974788640160114, 0.0005147344199940562, 0.00042652050615288317, 0.0003662279632408172, 0.0001495149190304801, 0.0002887859009206295, 0.00039658465539105237, 0.00036500641726888716, 0.00020996220700908452, 9.816430974751711e-05, 9.885045437840745e-05, 0.0001614815992070362, 0.00023042576503939927, 0.00011846853885799646, 8.197355055017397e-05, 9.410427446709946e-05, 0.00011015633936040103, 0.00016499664343427867, 8.589056233176962e-05, 6.29024434601888e-05, 5.5571854318259284e-05, 8.220939344028011e-05, 3.0453862564172596e-05, 2.480360126355663e-05, 1.8715032638283446e-05, 1.5373130736406893e-05, 1.4743376596015878e-05, 1.4153820302453823e-05, 2.1447771359817125e-05, 2.0705438146251254e-05, 1.8777600416797213e-05, 2.2378626454155892e-05, 2.1216608729446307e-05, 1.5751866158097982e-05, 1.4944461327104364e-05, 9.59252611210104e-06, 1.00469633252942e-05, 8.040951797738671e-06, 7.408812052744906e-06, 7.1568410930922255e-06, 6.927248705324018e-06, 8.062499546213076e-06, 8.022569090826437e-06, 8.122621693473775e-06, 6.411135927919531e-06, 6.419544661184773e-06, 6.848378689028323e-06, 7.420750080200378e-06, 6.295552793744719e-06, 5.5780169532226864e-06, 3.915855813829694e-06, 4.026835995318834e-06, 3.7387374050013022e-06, 5.283462542138295e-06, 3.5193140774936182e-06, 3.4596369005157612e-06, 3.6373946841194993e-06, 3.387790002307156e-06, 3.231516302548698e-06, 3.611101192291244e-06, 4.106214873900171e-06, 4.538775556284236e-06, 4.017221726826392e-06, 3.081559043494053e-06, 2.3382365270663286e-06, 2.206943008786766e-06, 2.6251682356814854e-06, 2.2009028270986164e-06, 1.6669665683366475e-06, 1.399531697643397e-06, 1.0971165238515823e-06, 1.1710808394127525e-06, 1.1006463864760008e-06, 1.0876935903070262e-06, 9.840900929702912e-07, 8.218981406571402e-07, 7.336860221585084e-07, 6.003443218105531e-07, 5.447820967674488e-07, 5.006809828955738e-07, 4.094892744888057e-07, 2.63876870576496e-07, 5.713961570563697e-08, 3.7234235694683093e-09, 1.0725266161304425e-11, 1.0400273524335812e-11, 1.0123462831912455e-11, 9.884816055960588e-12, 9.677735175739333e-12, 9.501635589437285e-12, 9.355783509024107e-12, 9.241236248458407e-12, 9.157239203028134e-12, 9.105551382337929e-12], "lowlevel.mfcc.mean": [-586.5494995117188, 109.20182800292969, -0.9215256571769714, 29.580936431884766, 12.264179229736328, 10.381593704223633, 9.081635475158691, 9.583749771118164, 6.167801856994629, 1.766200304031372, -1.0128425359725952, -1.2515122890472412, -0.7458757162094116], "lowlevel.spectral_contrast_coeffs.mean": [-0.6671278476715088, -0.7461003661155701, -0.7603819370269775, -0.7876384854316711, -0.7942845821380615, -0.7428695559501648], "lowlevel.spectral_contrast_coeffs.stdev": [0.05826706066727638, 0.07493780553340912, 0.07170482724905014, 0.04512367397546768, 0.024471018463373184, 0.03310847654938698], "lowlevel.spectral_contrast_valleys.mean": [-6.204065322875977, -6.594872951507568, -6.913506031036377, -6.991844654083252, -6.796693801879883, -9.66828441619873], "lowlevel.spectral_contrast_valleys.stdev": [0.4648177921772003, 0.47009211778640747, 0.3827770948410034, 0.36570852994918823, 0.3745877742767334, 0.65940260887146], "rhythm.beats_loudness_band_ratio.mean": [0.5264368653297424, 0.21135865151882172, 0.1315447986125946, 0.10581692308187485, 0.07859385758638382, 0.07134624570608139], "rhythm.beats_loudness_band_ratio.stdev": [0.1260153353214264, 0.09590703994035721, 0.10369472205638885, 0.10331632941961288, 0.054933831095695496, 0.02666296623647213], "tonal.hpcp.mean": [0.11029639095067978, 0.10445216298103333, 0.20785857737064362, 0.3585304915904999, 0.24459803104400635, 0.06590118259191513, 0.04240977019071579, 0.040022045373916626, 0.04776633903384209, 0.05254339426755905, 0.04229741543531418, 0.03585664927959442, 0.035252731293439865, 0.04104666784405708, 0.10412698984146118, 0.17424815893173218, 0.12816780805587769, 0.07121369987726212, 0.06956362724304199, 0.046337902545928955, 0.031656745821237564, 0.0379977785050869, 0.040721338242292404, 0.08560540527105331, 0.12223585695028305, 0.08173037320375443, 0.054172854870557785, 0.054922278970479965, 0.07380228489637375, 0.18829497694969177, 0.24049925804138184, 0.1532418578863144, 0.12568172812461853, 0.16580688953399658, 0.1396074891090393, 0.10296307504177094], "tonal.hpcp.stdev": [0.22736431658267975, 0.20801901817321777, 0.2937869131565094, 0.416616290807724, 0.32551145553588867, 0.15900063514709473, 0.11868862807750702, 0.12372252345085144, 0.1199636310338974, 0.11676321923732758, 0.10794779658317566, 0.11619297415018082, 0.10104917734861374, 0.10938061028718948, 0.17941299080848694, 0.27079614996910095, 0.2091006636619568, 0.13623960316181183, 0.13999508321285248, 0.11396951228380203, 0.10855070501565933, 0.13873396813869476, 0.12785649299621582, 0.17359384894371033, 0.2160932421684265, 0.153253972530365, 0.14250919222831726, 0.15326522290706635, 0.18646492063999176, 0.3171060383319855, 0.3796587586402893, 0.2734164297580719, 0.25572314858436584, 0.3230493664741516, 0.287922739982605, 0.2089148759841919], "rhythm.beats_position": [0.5804988741874695, 1.1842176914215088, 1.799546480178833, 2.4148752689361572, 3.0302040576934814, 3.6455328464508057, 4.249251842498779, 4.8645806312561035, 5.479909420013428, 6.083628177642822, 6.687346935272217, 7.314285755157471, 7.929614543914795, 8.533332824707031, 9.148661613464355, 9.76399040222168, 10.379319190979004, 10.983037948608398, 11.586756706237793, 12.190476417541504, 12.794195175170898, 13.409523963928223, 14.024852752685547, 14.6517915725708, 15.278729438781738, 15.88244915008545, 16.486167907714844, 17.10149574279785, 17.716825485229492, 18.32054328918457, 18.92426300048828, 19.55120086669922, 20.17814064025879, 20.793468475341797, 21.408798217773438, 22.012516021728516, 22.627845764160156, 23.243173599243164, 23.846893310546875, 24.462221145629883, 25.077550888061523, 25.6812686920166, 26.296598434448242, 26.91192626953125, 27.51564598083496, 28.11936378479004, 28.73469352722168, 29.350021362304688, 29.965351104736328, 30.580678939819336, 31.196008682250977, 31.811336517333984, 32.426666259765625, 33.041996002197266, 33.645713806152344, 34.24943161010742, 34.87636947631836, 35.4800910949707, 36.09541702270508, 36.71074676513672, 37.3144645690918, 37.92979431152344, 38.54512405395508, 39.148841857910156], "rhythm.bpm_histogram": [0.0, 0.0, 0.0, 0.0, 0.0, 0.0, 0.0, 0.0, 0.0, 0.0, 0.0, 0.0, 0.0, 0.0, 0.0, 0.0, 0.0, 0.0, 0.0, 0.0, 0.0, 0.0, 0.0, 0.0, 0.0, 0.0, 0.0, 0.0, 0.0, 0.0, 0.0, 0.0, 0.0, 0.0, 0.0, 0.0, 0.0, 0.0, 0.0, 0.0, 0.0, 0.0, 0.0, 0.0, 0.0, 0.0, 0.0, 0.0, 0.0, 0.0, 0.0, 0.0, 0.0, 0.0, 0.0, 0.0, 0.0, 0.0, 0.0, 0.0, 0.0, 0.0, 0.0, 0.0, 0.0, 0.0, 0.0, 0.0, 0.0, 0.0, 0.0, 0.0, 0.0, 0.0, 0.0, 0.0, 0.0, 0.0, 0.0, 0.0, 0.0, 0.0, 0.0, 0.0, 0.0, 0.0, 0.0, 0.0, 0.0, 0.0, 0.0, 0.0, 0.0, 0.0, 0.0, 0.0, 0.095238097012043, 0.0, 0.5396825671195984, 0.3650793731212616, 0.0, 0.0, 0.0, 0.0, 0.0, 0.0, 0.0, 0.0, 0.0, 0.0, 0.0, 0.0, 0.0, 0.0, 0.0, 0.0, 0.0, 0.0, 0.0, 0.0, 0.0, 0.0, 0.0, 0.0, 0.0, 0.0, 0.0, 0.0, 0.0, 0.0, 0.0, 0.0, 0.0, 0.0, 0.0, 0.0, 0.0, 0.0, 0.0, 0.0, 0.0, 0.0, 0.0, 0.0, 0.0, 0.0, 0.0, 0.0, 0.0, 0.0, 0.0, 0.0, 0.0, 0.0, 0.0, 0.0, 0.0, 0.0, 0.0, 0.0, 0.0, 0.0, 0.0, 0.0, 0.0, 0.0, 0.0, 0.0, 0.0, 0.0, 0.0, 0.0, 0.0, 0.0, 0.0, 0.0, 0.0, 0.0, 0.0, 0.0, 0.0, 0.0, 0.0, 0.0, 0.0, 0.0, 0.0, 0.0, 0.0, 0.0, 0.0, 0.0, 0.0, 0.0, 0.0, 0.0, 0.0, 0.0, 0.0, 0.0, 0.0, 0.0, 0.0, 0.0, 0.0, 0.0, 0.0, 0.0, 0.0, 0.0, 0.0, 0.0, 0.0, 0.0, 0.0, 0.0, 0.0, 0.0, 0.0, 0.0, 0.0, 0.0, 0.0, 0.0, 0.0, 0.0, 0.0, 0.0, 0.0, 0.0, 0.0, 0.0, 0.0, 0.0, 0.0, 0.0, 0.0, 0.0, 0.0, 0.0, 0.0, 0.0, 0.0, 0.0, 0.0, 0.0, 0.0, 0.0, 0.0, 0.0], "tonal.chords_histogram": [5.751173496246338, 31.455398559570312, 34.154930114746094, 2.1126761436462402, 0.0, 0.0, 1.0563380718231201, 0.0, 5.633802890777588, 0.11737088859081268, 0.0, 0.0, 0.0, 0.0, 0.0, 0.0, 0.0, 0.0, 0.0, 0.0, 1.0563380718231201, 1.525821566581726, 16.66666603088379, 0.46948355436325073], "tonal.thpcp": [1.0, 0.6822237968444824, 0.18380914628505707, 0.11828776448965073, 0.11162801086902618, 0.1332281082868576, 0.14655210077762604, 0.11797438561916351, 0.10001004487276077, 0.09832561761140823, 0.11448585242033005, 0.29042714834213257, 0.4860065281391144, 0.35748091340065, 0.19862662255764008, 0.19402429461479187, 0.12924396991729736, 0.0882958248257637, 0.10598199814558029, 0.11357845366001129, 0.23876743018627167, 0.34093573689460754, 0.22795933485031128, 0.15109692513942719, 0.15318718552589417, 0.2058466076850891, 0.5251854062080383, 0.6707916259765625, 0.42741653323173523, 0.35054683685302734, 0.462462455034256, 0.3893880546092987, 0.2871808111667633, 0.3076346218585968, 0.2913341224193573, 0.5797514915466309], "lowlevel.gfcc.cov": [[907.6246948242188, -269.40704345703125, 46.184730529785156, -17.573081970214844, -176.37904357910156, 48.13663101196289, -71.70880126953125, -59.42902755737305, -23.744470596313477, 23.806411743164062, -40.70363998413086, 25.197010040283203, -49.98937225341797], [-269.40704345703125, 448.0317687988281, -156.62059020996094, -20.55147933959961, 86.17951202392578, -78.22909545898438, 105.3995590209961, 2.499436378479004, 40.89377975463867, -25.912731170654297, 39.896358489990234, -56.42230224609375, 46.457576751708984], [46.184730529785156, -156.62059020996094, 382.49371337890625, 18.068851470947266, 48.034278869628906, -36.87241744995117, -59.509395599365234, 27.103639602661133, 2.5932297706604004, 48.20979309082031, -14.187103271484375, 71.42967987060547, -35.71310806274414], [-17.573081970214844, -20.55147933959961, 18.068851470947266, 291.3681945800781, 22.029756546020508, 36.0382194519043, -23.852081298828125, -6.180885314941406, 46.52524185180664, -10.18238639831543, 44.50983810424805, 1.9840549230575562, 59.76412582397461], [-176.37904357910156, 86.17951202392578, 48.034278869628906, 22.029756546020508, 195.90907287597656, 15.759658813476562, 66.79513549804688, 43.44219207763672, 20.62533950805664, 23.5511417388916, 19.349838256835938, 18.950101852416992, 14.596074104309082], [48.13663101196289, -78.22909545898438, -36.87241744995117, 36.0382194519043, 15.759658813476562, 171.43338012695312, 71.40805053710938, 7.441784858703613, -18.212343215942383, -9.87530517578125, 33.1851921081543, 5.867026329040527, 7.420902252197266], [-71.70880126953125, 105.3995590209961, -59.509395599365234, -23.852081298828125, 66.79513549804688, 71.40805053710938, 168.94039916992188, 51.2094841003418, -0.7025192975997925, -9.647464752197266, 33.32948684692383, 3.9322257041931152, -1.7379541397094727], [-59.42902755737305, 2.499436378479004, 27.103639602661133, -6.180885314941406, 43.44219207763672, 7.441784858703613, 51.2094841003418, 98.99232482910156, 53.40019989013672, 18.31627655029297, 4.07227087020874, 1.3227065801620483, -6.533456325531006], [-23.744470596313477, 40.89377975463867, 2.5932297706604004, 46.52524185180664, 20.62533950805664, -18.212343215942383, -0.7025192975997925, 53.40019989013672, 108.99697875976562, 42.79547882080078, 3.9309418201446533, -26.240812301635742, 5.690743446350098], [23.806411743164062, -25.912731170654297, 48.20979309082031, -10.18238639831543, 23.5511417388916, -9.87530517578125, -9.647464752197266, 18.31627655029297, 42.79547882080078, 70.88395690917969, 14.283768653869629, 8.47737979888916, -16.99722671508789], [-40.70363998413086, 39.896358489990234, -14.187103271484375, 44.50983810424805, 19.349838256835938, 33.1851921081543, 33.32948684692383, 4.07227087020874, 3.9309418201446533, 14.283768653869629, 74.57308197021484, 25.635557174682617, 12.315903663635254], [25.197010040283203, -56.42230224609375, 71.42967987060547, 1.9840549230575562, 18.950101852416992, 5.867026329040527, 3.9322257041931152, 1.3227065801620483, -26.240812301635742, 8.47737979888916, 25.635557174682617, 77.14009857177734, 12.208081245422363], [-49.98937225341797, 46.457576751708984, -35.71310806274414, 59.76412582397461, 14.596074104309082, 7.420902252197266, -1.7379541397094727, -6.533456325531006, 5.690743446350098, -16.99722671508789, 12.315903663635254, 12.208081245422363, 68.7599105834961]], "lowlevel.gfcc.icov": [[0.0017342487117275596, 0.0003314617497380823, 9.947530634235591e-05, -0.0002805657568387687, 0.001481128972955048, -0.0006831250502727926, -0.0004790030652657151, 0.0012277268106117845, -0.0007112211897037923, -0.0010149157606065273, 0.0016215707873925567, -0.0015430707717314363, 0.0009877621196210384], [0.0003314617497380823, 0.011991780251264572, -0.0002457603404764086, 0.004328754264861345, -0.004276556428521872, 0.010477123782038689, -0.009742948226630688, 0.008746671490371227, -0.00755256088450551, 0.007931630127131939, -0.012132231146097183, 0.011338421143591404, -0.008643724955618382], [9.947530634235591e-05, -0.0002457603404764086, 0.005079581867903471, -0.0016580864321440458, -0.0010890951380133629, -7.629847095813602e-05, 0.002248420612886548, -0.002022072207182646, 0.0010064756497740746, -0.0021749737206846476, 0.0032339338213205338, -0.005847238935530186, 0.004259891342371702], [-0.0002805657568387687, 0.004328754264861345, -0.0016580864321440458, 0.008017906919121742, -0.002620062790811062, 0.0022910896223038435, -0.00168335041962564, 0.005020039156079292, -0.007550968788564205, 0.00766778877004981, -0.00935411173850298, 0.005870993249118328, -0.00706198625266552], [0.001481128972955048, -0.004276556428521872, -0.0010890951380133629, -0.002620062790811062, 0.010415162891149521, -0.0038755510468035936, -0.000425728561822325, -0.0036702705547213554, 0.0037067520897835493, -0.0075355819426476955, 0.0066610341891646385, -0.005006138235330582, 0.0010519300121814013], [-0.0006831250502727926, 0.010477123782038689, -7.629847095813602e-05, 0.0022910896223038435, -0.0038755510468035936, 0.017852479591965675, -0.011973605491220951, 0.006450282875448465, -0.0031485811341553926, 0.005984083283692598, -0.012979933992028236, 0.01191441435366869, -0.008450900204479694], [-0.0004790030652657151, -0.009742948226630688, 0.002248420612886548, -0.00168335041962564, -0.000425728561822325, -0.011973605491220951, 0.020795583724975586, -0.013211472891271114, 0.006917016115039587, -0.0023413593880832195, 0.005035121459513903, -0.009333457797765732, 0.009122421033680439], [0.0012277268106117845, 0.008746671490371227, -0.002022072207182646, 0.005020039156079292, -0.0036702705547213554, 0.006450282875448465, -0.013211472891271114, 0.02854553982615471, -0.020376387983560562, 0.010316531173884869, -0.006336952559649944, 0.002867208095267415, -0.003106642747297883], [-0.0007112211897037923, -0.00755256088450551, 0.0010064756497740746, -0.007550968788564205, 0.0037067520897835493, -0.0031485811341553926, 0.006917016115039587, -0.020376387983560562, 0.03358735516667366, -0.022461775690317154, 0.007898543030023575, 0.004743273835629225, -0.001125842216424644], [-0.0010149157606065273, 0.007931630127131939, -0.0021749737206846476, 0.00766778877004981, -0.0075355819426476955, 0.005984083283692598, -0.0023413593880832195, 0.010316531173884869, -0.022461775690317154, 0.03735822066664696, -0.01729614846408367, 0.0030306046828627586, 0.0016374824335798621], [0.0016215707873925567, -0.012132231146097183, 0.0032339338213205338, -0.00935411173850298, 0.0066610341891646385, -0.012979933992028236, 0.005035121459513903, -0.006336952559649944, 0.007898543030023575, -0.01729614846408367, 0.038026437163352966, -0.02274426631629467, 0.010995865799486637], [-0.0015430707717314363, 0.011338421143591404, -0.005847238935530186, 0.005870993249118328, -0.005006138235330582, 0.01191441435366869, -0.009333457797765732, 0.002867208095267415, 0.004743273835629225, 0.0030306046828627586, -0.02274426631629467, 0.03973628953099251, -0.019733784720301628], [0.0009877621196210384, -0.008643724955618382, 0.004259891342371702, -0.00706198625266552, 0.0010519300121814013, -0.008450900204479694, 0.009122421033680439, -0.003106642747297883, -0.001125842216424644, 0.0016374824335798621, 0.010995865799486637, -0.019733784720301628, 0.03210846334695816]], "lowlevel.mfcc.cov": [[1009.2060546875, -312.4741516113281, 76.1513671875, -89.85147857666016, -110.69807434082031, 56.98388671875, -79.2835922241211, -29.25579071044922, -59.706504821777344, -13.638323783874512, 0.19376102089881897, -28.00487518310547, -51.51933288574219], [-312.4741516113281, 466.7730712890625, -167.94418334960938, 18.204225540161133, -34.370174407958984, -57.95033264160156, 41.8148307800293, -4.711466312408447, 34.83965301513672, 14.812286376953125, 22.36740493774414, 12.677399635314941, 4.912685871124268], [76.1513671875, -167.94418334960938, 274.7012023925781, 28.770376205444336, 47.171058654785156, -6.013780117034912, -47.882476806640625, -15.564184188842773, -24.31076431274414, -20.413066864013672, -4.8590474128723145, 4.51104211807251, 20.021007537841797], [-89.85147857666016, 18.204225540161133, 28.770376205444336, 195.77928161621094, 73.03511810302734, -3.4254796504974365, -24.188400268554688, -0.22906318306922913, 23.053848266601562, 4.898157119750977, -8.052165031433105, 14.803971290588379, 37.03226089477539], [-110.69807434082031, -34.370174407958984, 47.171058654785156, 73.03511810302734, 136.4830322265625, 15.735447883605957, -13.048664093017578, -7.226333141326904, 18.927532196044922, 19.483402252197266, -4.097530364990234, 3.659379243850708, 26.771018981933594], [56.98388671875, -57.95033264160156, -6.013780117034912, -3.4254796504974365, 15.735447883605957, 114.08402252197266, 62.825828552246094, 22.586273193359375, -11.648350715637207, -3.3926990032196045, 5.191673755645752, 3.990128993988037, -12.088353157043457], [-79.2835922241211, 41.8148307800293, -47.882476806640625, -24.188400268554688, -13.048664093017578, 62.825828552246094, 151.85113525390625, 76.75568389892578, -1.7690855264663696, -18.176040649414062, 14.289116859436035, 22.81764793395996, 1.1400736570358276], [-29.25579071044922, -4.711466312408447, -15.564184188842773, -0.22906318306922913, -7.226333141326904, 22.586273193359375, 76.75568389892578, 95.08413696289062, 27.912405014038086, 1.5051765441894531, 8.345466613769531, 19.892385482788086, 11.51104736328125], [-59.706504821777344, 34.83965301513672, -24.31076431274414, 23.053848266601562, 18.927532196044922, -11.648350715637207, -1.7690855264663696, 27.912405014038086, 78.30821228027344, 45.200767517089844, 12.363768577575684, 3.64888596534729, 10.457627296447754], [-13.638323783874512, 14.812286376953125, -20.413066864013672, 4.898157119750977, 19.483402252197266, -3.3926990032196045, -18.176040649414062, 1.5051765441894531, 45.200767517089844, 86.00161743164062, 36.5585823059082, 7.947569370269775, -0.07602885365486145], [0.19376102089881897, 22.36740493774414, -4.8590474128723145, -8.052165031433105, -4.097530364990234, 5.191673755645752, 14.289116859436035, 8.345466613769531, 12.363768577575684, 36.5585823059082, 67.41680145263672, 33.58665084838867, 7.732447147369385], [-28.00487518310547, 12.677399635314941, 4.51104211807251, 14.803971290588379, 3.659379243850708, 3.990128993988037, 22.81764793395996, 19.892385482788086, 3.64888596534729, 7.947569370269775, 33.58665084838867, 72.89334106445312, 36.84295654296875], [-51.51933288574219, 4.912685871124268, 20.021007537841797, 37.03226089477539, 26.771018981933594, -12.088353157043457, 1.1400736570358276, 11.51104736328125, 10.457627296447754, -0.07602885365486145, 7.732447147369385, 36.84295654296875, 65.41463470458984]], "lowlevel.mfcc.icov": [[0.00171268405392766, 0.0009652828448452055, 5.1255203288747e-05, 8.131818321999162e-05, 0.0017212542006745934, -0.0012920330045744777, 0.001576002105139196, -0.00042361736996099353, 0.0005241742474026978, -2.345729990338441e-05, -0.0006188155384734273, 0.00025561999063938856, 0.00016390264499932528], [0.0009652828448452055, 0.004250273108482361, 0.0018767250003293157, -0.0009246930130757391, 0.0014386865077540278, 0.0021661436185240746, -0.002177868504077196, 0.0026673588436096907, -0.001415690523572266, 0.0005027269944548607, -0.0013934560120105743, 5.961121860309504e-05, 0.00012826512102037668], [5.1255203288747e-05, 0.0018767250003293157, 0.0055629597045481205, -0.0003077703295275569, -0.0015871780924499035, 0.0009482717723585665, 0.001366866403259337, -0.0005349380080588162, 0.0010227151215076447, 0.001971597783267498, -0.00189383199904114, 0.00014416303019970655, -0.0007523955428041518], [8.131818321999162e-05, -0.0009246930130757391, -0.0003077703295275569, 0.007384384982287884, -0.0032409792765975, -0.0012882105074822903, 0.0024858296383172274, -0.0012934524565935135, -0.0012317710788920522, 0.0012291512684896588, 0.0009776621591299772, -0.0009653799352236092, -0.0020536212250590324], [0.0017212542006745934, 0.0014386865077540278, -0.0015871780924499035, -0.0032409792765975, 0.013346999883651733, -0.0033991604577749968, -0.00012652949953917414, 0.002683022292330861, -0.0013245702721178532, -0.0035124069545418024, 0.0015214034356176853, 0.0017300095641985536, -0.003938773646950722], [-0.0012920330045744777, 0.0021661436185240746, 0.0009482717723585665, -0.0012882105074822903, -0.0033991604577749968, 0.016269877552986145, -0.009876095689833164, 0.00318286195397377, 0.0010217117378488183, -0.0015102471224963665, 0.00012391095515340567, -0.0009394310764037073, 0.0036179048474878073], [0.001576002105139196, -0.002177868504077196, 0.001366866403259337, 0.0024858296383172274, -0.00012652949953917414, -0.009876095689833164, 0.021925203502178192, -0.015635736286640167, 0.0043092346750199795, 0.004819624591618776, -0.0038935786578804255, -0.0008072704076766968, 0.000406819541240111], [-0.00042361736996099353, 0.0026673588436096907, -0.0005349380080588162, -0.0012934524565935135, 0.002683022292330861, 0.00318286195397377, -0.015635736286640167, 0.026456302031874657, -0.011635616421699524, 0.0005898557137697935, 0.0022407877258956432, -0.0027905150782316923, -0.0013632210902869701], [0.0005241742474026978, -0.001415690523572266, 0.0010227151215076447, -0.0012317710788920522, -0.0013245702721178532, 0.0010217117378488183, 0.0043092346750199795, -0.011635616421699524, 0.02655130624771118, -0.012828139588236809, 0.0015932078240439296, 0.003120320150628686, -0.0025985706597566605], [-2.345729990338441e-05, 0.0005027269944548607, 0.001971597783267498, 0.0012291512684896588, -0.0035124069545418024, -0.0015102471224963665, 0.004819624591618776, 0.0005898557137697935, -0.012828139588236809, 0.026126528158783913, -0.013564562425017357, 0.000694981194101274, 0.002908221213147044], [-0.0006188155384734273, -0.0013934560120105743, -0.00189383199904114, 0.0009776621591299772, 0.0015214034356176853, 0.00012391095515340567, -0.0038935786578804255, 0.0022407877258956432, 0.0015932078240439296, -0.013564562425017357, 0.028996264562010765, -0.0125766322016716, 0.0021026688627898693], [0.00025561999063938856, 5.961121860309504e-05, 0.00014416303019970655, -0.0009653799352236092, 0.0017300095641985536, -0.0009394310764037073, -0.0008072704076766968, -0.0027905150782316923, 0.003120320150628686, 0.000694981194101274, -0.0125766322016716, 0.027781043201684952, -0.01433553360402584], [0.00016390264499932528, 0.00012826512102037668, -0.0007523955428041518, -0.0020536212250590324, -0.003938773646950722, 0.0036179048474878073, 0.000406819541240111, -0.0013632210902869701, -0.0025985706597566605, 0.002908221213147044, 0.0021026688627898693, -0.01433553360402584, 0.02755708247423172]], "metadata.audio_properties.analysis.downmix": "mix", "metadata.audio_properties.codec": "mp3", "metadata.audio_properties.md5_encoded": "eb5b91eccd63222f7f838748ac8b919b", "metadata.tags.file_name": "1183718710943436890.mp3", "metadata.version.essentia": "2.1-beta6-dev", "metadata.version.essentia_git_sha": "v2.1_beta5-1110-g77a6a954", "metadata.version.extractor": "music 2.0", "tonal.chords_key": "Bb", "tonal.chords_scale": "major", "tonal.key_edma.key": "Eb", "tonal.key_edma.scale": "major", "tonal.key_krumhansl.key": "Eb", "tonal.key_krumhansl.scale": "major", "tonal.key_temperley.key": "Eb", "tonal.key_temperley.scale": "major", "metadata.tags.encoding": ["Lavf5