{"song_id": "1183714145053462528", "download": "https://cdn.discordapp.com/attachments/1135911532732108921/1183714145053462528/chirp.mp4?ex=658956b4&amp", "lyrics": "[Verse]\nDanya Dybka, visionary mind\nCreator of Aquarium, a world so fine\nWith passion and innovation, a force to be reckoned\nBringing people together, connection unbroken\n\n[Chorus]\nAquarium, where friendships intertwine\nIn this virtual sea, we'll forever shine\nDanya Dybka, leading the way, we're blessed\nWith the social network, that stands above the rest", "style": ["romantic"], "essentia_features": {"lowlevel.average_loudness": 0.9762699604034424, "lowlevel.barkbands_crest.mean": 12.555739402770996, "lowlevel.barkbands_crest.stdev": 4.135528564453125, "lowlevel.barkbands_flatness_db.mean": 0.1739220917224884, "lowlevel.barkbands_flatness_db.stdev": 0.05033334717154503, "lowlevel.barkbands_kurtosis.mean": 7.033020496368408, "lowlevel.barkbands_kurtosis.stdev": 12.459345817565918, "lowlevel.barkbands_skewness.mean": 2.2024569511413574, "lowlevel.barkbands_skewness.stdev": 1.6266427040100098, "lowlevel.barkbands_spread.mean": 27.94049835205078, "lowlevel.barkbands_spread.stdev": 15.322042465209961, "lowlevel.dissonance.mean": 0.47669073939323425, "lowlevel.dissonance.stdev": 0.02014806494116783, "lowlevel.dynamic_complexity": 1.7379978895187378, "lowlevel.erbbands_crest.mean": 8.994948387145996, "lowlevel.erbbands_crest.stdev": 3.06583833694458, "lowlevel.erbbands_flatness_db.mean": 0.14591452479362488, "lowlevel.erbbands_flatness_db.stdev": 0.028187600895762444, "lowlevel.erbbands_kurtosis.mean": -0.33129963278770447, "lowlevel.erbbands_kurtosis.stdev": 1.2790755033493042, "lowlevel.erbbands_skewness.mean": -0.34172964096069336, "lowlevel.erbbands_skewness.stdev": 0.6538510918617249, "lowlevel.erbbands_spread.mean": 62.13808059692383, "lowlevel.erbbands_spread.stdev": 25.687885284423828, "lowlevel.hfc.mean": 25.5596866607666, "lowlevel.hfc.stdev": 18.54823875427246, "lowlevel.loudness_ebu128.integrated": -14.69066333770752, "lowlevel.loudness_ebu128.loudness_range": 0.8040781021118164, "lowlevel.loudness_ebu128.momentary.mean": -14.805557250976562, "lowlevel.loudness_ebu128.momentary.stdev": 1.0307313203811646, "lowlevel.loudness_ebu128.short_term.mean": -14.761406898498535, "lowlevel.loudness_ebu128.short_term.stdev": 0.26752132177352905, "lowlevel.melbands_crest.mean": 16.58788299560547, "lowlevel.melbands_crest.stdev": 4.70684814453125, "lowlevel.melbands_flatness_db.mean": 0.23325008153915405, "lowlevel.melbands_flatness_db.stdev": 0.07173381745815277, "lowlevel.melbands_kurtosis.mean": 35.0487060546875, "lowlevel.melbands_kurtosis.stdev": 46.88612747192383, "lowlevel.melbands_skewness.mean": 4.567783832550049, "lowlevel.melbands_skewness.stdev": 2.746277332305908, "lowlevel.melbands_spread.mean": 22.886098861694336, "lowlevel.melbands_spread.stdev": 18.254690170288086, "lowlevel.pitch_salience.mean": 0.4807848632335663, "lowlevel.pitch_salience.stdev": 0.11863452941179276, "lowlevel.silence_rate_20dB.mean": 1.0, "lowlevel.silence_rate_20dB.stdev": 0.0, "lowlevel.silence_rate_30dB.mean": 0.9495267868041992, "lowlevel.silence_rate_30dB.stdev": 0.21892021596431732, "lowlevel.silence_rate_60dB.mean": 0.004731861408799887, "lowlevel.silence_rate_60dB.stdev": 0.06862573325634003, "lowlevel.spectral_centroid.mean": 1779.45361328125, "lowlevel.spectral_centroid.stdev": 695.3463745117188, "lowlevel.spectral_complexity.mean": 19.311513900756836, "lowlevel.spectral_complexity.stdev": 9.456513404846191, "lowlevel.spectral_decrease.mean": -1.0152903406890346e-08, "lowlevel.spectral_decrease.stdev": 8.594823519558759e-09, "lowlevel.spectral_energy.mean": 0.04063780978322029, "lowlevel.spectral_energy.stdev": 0.033247802406549454, "lowlevel.spectral_energyband_high.mean": 0.0022781768348068, "lowlevel.spectral_energyband_high.stdev": 0.0022380026057362556, "lowlevel.spectral_energyband_low.mean": 0.025159263983368874, "lowlevel.spectral_energyband_low.stdev": 0.02988298051059246, "lowlevel.spectral_energyband_middle_high.mean": 0.0042227935045957565, "lowlevel.spectral_energyband_middle_high.stdev": 0.0039931610226631165, "lowlevel.spectral_energyband_middle_low.mean": 0.010065819136798382, "lowlevel.spectral_energyband_middle_low.stdev": 0.011875678785145283, "lowlevel.spectral_entropy.mean": 7.547310829162598, "lowlevel.spectral_entropy.stdev": 0.2886282205581665, "lowlevel.spectral_flux.mean": 0.08816942572593689, "lowlevel.spectral_flux.stdev": 0.06299249082803726, "lowlevel.spectral_kurtosis.mean": 2.888036012649536, "lowlevel.spectral_kurtosis.stdev": 1.5230088233947754, "lowlevel.spectral_rms.mean": 0.005873538088053465, "lowlevel.spectral_rms.stdev": 0.0022689674515277147, "lowlevel.spectral_rolloff.mean": 1644.7451171875, "lowlevel.spectral_rolloff.stdev": 1777.441650390625, "lowlevel.spectral_skewness.mean": 1.1995536088943481, "lowlevel.spectral_skewness.stdev": 0.2957305908203125, "lowlevel.spectral_spread.mean": 5252361.5, "lowlevel.spectral_spread.stdev": 1333248.0, "lowlevel.spectral_strongpeak.mean": 0.709492027759552, "lowlevel.spectral_strongpeak.stdev": 0.726803183555603, "lowlevel.zerocrossingrate.mean": 0.0652494728565216, "lowlevel.zerocrossingrate.stdev": 0.03747807815670967, "metadata.audio_properties.analysis.equal_loudness": 0.0, "metadata.audio_properties.analysis.length": 29.418663024902344, "metadata.audio_properties.analysis.sample_rate": 44100.0, "metadata.audio_properties.analysis.start_time": 0.0, "metadata.audio_properties.bit_rate": 114465.0, "metadata.audio_properties.length": 29.41866683959961, "metadata.audio_properties.lossless": 0.0, "metadata.audio_properties.number_channels": 1.0, "metadata.audio_properties.replay_gain": -11.194372177124023, "metadata.audio_properties.sample_rate": 48000.0, "rhythm.beats_count": 63.0, "rhythm.beats_loudness.mean": 0.07468966394662857, "rhythm.beats_loudness.stdev": 0.03100178949534893, "rhythm.bpm": 129.4685516357422, "rhythm.bpm_histogram_first_peak_bpm": 129.0, "rhythm.bpm_histogram_first_peak_weight": 0.3703703284263611, "rhythm.bpm_histogram_second_peak_bpm": 136.0, "rhythm.bpm_histogram_second_peak_spread": 0.19999998807907104, "rhythm.bpm_histogram_second_peak_weight": 0.06451612710952759, "rhythm.danceability": 1.8126051425933838, "rhythm.onset_rate": 3.3977441787719727, "tonal.chords_changes_rate": 0.028346456587314606, "tonal.chords_number_rate": 0.004724409431219101, "tonal.chords_strength.mean": 0.5467411279678345, "tonal.chords_strength.stdev": 0.07537803053855896, "tonal.hpcp_crest.mean": 14.583024978637695, "tonal.hpcp_crest.stdev": 6.939133167266846, "tonal.hpcp_entropy.mean": 1.9381309747695923, "tonal.hpcp_entropy.stdev": 0.7397878170013428, "tonal.key_edma.strength": 0.7865519523620605, "tonal.key_krumhansl.strength": 0.7755200862884521, "tonal.key_temperley.strength": 0.7573811411857605, "tonal.tuning_diatonic_strength": 0.5769259929656982, "tonal.tuning_equal_tempered_deviation": 0.04405730590224266, "tonal.tuning_frequency": 440.0, "tonal.tuning_nontempered_energy_ratio": 0.6676596999168396, "lowlevel.barkbands.mean": [0.000114706541353371, 0.015045542269945145, 0.008964228443801403, 0.0023609912022948265, 0.004615085199475288, 0.0010445360094308853, 0.0004372546973172575, 0.0006956281722523272, 0.0007991764578036964, 0.00023936670913826674, 0.0004223003634251654, 0.0004216560337226838, 0.0007155160419642925, 0.0006999395554885268, 0.0005332079017534852, 0.0003111608966719359, 0.00024179861065931618, 0.0004211875202599913, 0.0002455782378092408, 6.708017463097349e-05, 0.0017632517265155911, 6.976514850975946e-05, 0.0001271944638574496, 7.70882106735371e-05, 0.0001393105776514858, 6.522180774481967e-05, 5.2344777401458487e-08], "lowlevel.barkbands.stdev": [0.0001847847452154383, 0.022926535457372665, 0.010336107574403286, 0.0031493552960455418, 0.007911535911262035, 0.0013069607084617019, 0.0010744649916887283, 0.0014025761047378182, 0.0016838827868923545, 0.0005986917531117797, 0.0008770383428782225, 0.0010578453075140715, 0.0015788571909070015, 0.0013585432898253202, 0.0011620050063356757, 0.000525789859239012, 0.0003980959299951792, 0.0005381315713748336, 0.0003627444966696203, 0.00011564035230549052, 0.0017003898974508047, 0.0001270660723093897, 0.00022669797181151807, 0.00015559718303848058, 0.00021063446183688939, 9.408919140696526e-05, 4.101287061075709e-07], "lowlevel.erbbands.mean": [0.2838022708892822, 3.8963987827301025, 9.746716499328613, 9.996678352355957, 13.168039321899414, 17.281557083129883, 9.220621109008789, 8.06594181060791, 4.821075916290283, 10.057879447937012, 17.84539794921875, 16.46661949157715, 13.214714050292969, 11.64149284362793, 14.761675834655762, 18.644502639770508, 30.42055892944336, 36.241519927978516, 33.23994827270508, 22.182119369506836, 16.4475040435791, 15.610579490661621, 23.245899200439453, 18.017677307128906, 7.064544200897217, 4.550528049468994, 58.86383056640625, 49.731502532958984, 4.294600486755371, 2.9641263484954834, 3.5487606525421143, 1.936272382736206, 1.30562424659729, 1.4747681617736816, 0.982620358467102, 0.45510333776474, 0.0841350331902504, 0.005044075660407543, 0.00013840198516845703, 5.629444058286026e-05], "lowlevel.erbbands.stdev": [0.471051961183548, 5.904440879821777, 10.914514541625977, 10.548162460327148, 32.39487075805664, 19.33417320251465, 10.238692283630371, 11.25908374786377, 9.56793212890625, 18.4090633392334, 34.57569122314453, 34.72919464111328, 30.66520881652832, 24.99763298034668, 27.334318161010742, 44.5211067199707, 63.88494110107422, 64.15592956542969, 60.794246673583984, 43.452308654785156, 25.077531814575195, 23.971515655517578, 30.917369842529297, 26.712936401367188, 9.552572250366211, 6.241907119750977, 60.82168960571289, 48.450313568115234, 5.730048656463623, 5.375368118286133, 6.482119083404541, 3.5595386028289795, 2.90116286277771, 2.4923315048217773, 1.4569655656814575, 0.6325211524963379, 0.13222768902778625, 0.00948968157172203, 0.00019893776334356517, 4.317762068239972e-05], "lowlevel.gfcc.mean": [11.591657638549805, 77.9058837890625, -104.06814575195312, 53.607303619384766, -50.86636734008789, 20.651735305786133, -38.12196731567383, 3.1623547077178955, -37.626468658447266, 12.471036911010742, -31.423873901367188, -3.0726075172424316, -5.729617118835449], "lowlevel.melbands.mean": [0.0035011775325983763, 0.005179291591048241, 0.0018826585728675127, 0.001050351420417428, 0.0004401878686621785, 0.00018125252972822636, 8.217381400754675e-05, 0.00012199908815091476, 0.00014333466242533177, 0.00010715280222939327, 6.394645606633276e-05, 4.2890405893558636e-05, 5.6070937716867775e-05, 4.153840563958511e-05, 6.118331657489762e-05, 6.997815944487229e-05, 6.79608856444247e-05, 5.697249071090482e-05, 3.6118730349699035e-05, 2.3658682039240375e-05, 1.7370992281939834e-05, 1.41738146339776e-05, 2.2177695427672006e-05, 1.7929234672919847e-05, 1.4935470062482636e-05, 6.790780389565043e-06, 2.5642877972131828e-06, 1.9058456928178202e-06, 1.8640335838426836e-05, 6.871259392937645e-05, 1.4706253750773612e-05, 1.5537866602244321e-06, 1.1478376791274059e-06, 1.8846183138521155e-06, 2.143133770005079e-06, 1.7816228137235157e-06, 9.46022055359208e-07, 8.860133107191359e-07, 9.79821720648033e-07, 1.3485208683050587e-06], "lowlevel.melbands.stdev": [0.005456582643091679, 0.006079044658690691, 0.002122866455465555, 0.0019372726092115045, 0.0004066788242198527, 0.00024134399427566677, 0.00016910253907553852, 0.00020441657397896051, 0.000276340200798586, 0.00024205990484915674, 0.000154125111293979, 9.384156146552414e-05, 0.00010569663572823629, 0.00010897677566390485, 0.00015819311374798417, 0.00014849737635813653, 0.00013102844241075218, 0.00010830366227310151, 8.774137677391991e-05, 4.25498656113632e-05, 2.68642161245225e-05, 2.5272467610193416e-05, 3.392267899471335e-05, 2.2861546312924474e-05, 2.455116373312194e-05, 9.861985745374113e-06, 4.2266219679731876e-06, 3.4698025501711527e-06, 2.146274346159771e-05, 6.657268386334181e-05, 1.67390226124553e-05, 2.7901571684196824e-06, 2.3169145606516395e-06, 3.6629119222197914e-06, 3.96990253648255e-06, 3.3891753901116317e-06, 1.8581009726403863e-06, 2.1463151824718807e-06, 1.8973136093336507e-06, 2.291004648213857e-06], "lowlevel.melbands128.mean": [6.741563993273303e-05, 0.0013900470221415162, 0.00530856242403388, 0.006872436031699181, 0.005310923792421818, 0.004450178239494562, 0.001957023050636053, 0.0012373931240290403, 0.0015018971171230078, 0.0008013570914044976, 0.0011280557373538613, 0.0006297171348705888, 0.00021602996275760233, 0.0002794206375256181, 0.00017869280418381095, 0.00015511957462877035, 6.266155105549842e-05, 5.186690395930782e-05, 0.00012762138794641942, 0.00010070700955111533, 0.00012040570436511189, 0.00019137455092277378, 0.00013599827070720494, 0.0001226257300004363, 8.097130921669304e-05, 0.0001259200944332406, 0.00011007350258296356, 5.428980148280971e-05, 2.786356708384119e-05, 2.156604932679329e-05, 4.8920388508122414e-05, 8.317000902025029e-05, 6.199949712026864e-05, 2.9804699806845747e-05, 4.360525053925812e-05, 4.0051549149211496e-05, 4.722447556559928e-05, 6.572338315891102e-05, 6.819118425482884e-05, 6.166216189740226e-05, 8.052229532040656e-05, 6.667418347205967e-05, 5.486327427206561e-05, 8.647113281767815e-05, 5.950884587946348e-05, 5.578570926445536e-05, 4.6658908104291186e-05, 3.47411805705633e-05, 3.3881267881952226e-05, 2.8548729460453615e-05, 1.817767224565614e-05, 2.3634329409105703e-05, 2.2659853129880503e-05, 1.178730235551484e-05, 1.2066034287272487e-05, 1.4884631127642933e-05, 1.5426154277520254e-05, 1.8263906895299442e-05, 2.7145635613123886e-05, 2.499187394278124e-05, 1.4998393453424796e-05, 1.5068766515469179e-05, 1.743298525980208e-05, 1.573523331899196e-05, 9.068817234947346e-06, 7.542851108155446e-06, 4.664014340960421e-06, 2.7161474918102613e-06, 2.2336087113217218e-06, 2.084926791212638e-06, 1.6502200423929025e-06, 1.7795622397898114e-06, 2.737208660619217e-06, 7.697603905398864e-06, 4.623764107236639e-05, 0.00010861292685149238, 5.8152185374638066e-05, 2.6893911126535386e-05, 8.357877959497273e-06, 2.29327883971564e-06, 1.5760706446599215e-06, 1.3095904023430194e-06, 1.1571620461836574e-06, 1.0947924238280393e-06, 1.106620061364083e-06, 1.5965996453815023e-06, 2.009980562434066e-06, 2.7526421035872772e-06, 1.981132527362206e-06, 1.9602541669883067e-06, 2.005271880989312e-06, 1.8573971374280518e-06, 1.2257847856744775e-06, 7.188497761489998e-07, 9.085258056984458e-07, 1.008902586363547e-06, 8.494772600897704e-07, 7.83527525527461e-07, 8.698820010977215e-07, 1.1637905572570162e-06, 1.2159897551100585e-06, 1.5841624190215953e-06, 1.1594437410167302e-06, 1.320395540460595e-06, 1.0344775773774018e-06, 9.954682127499836e-07, 1.105111550714355e-06, 9.989976206270512e-07, 8.406040024055983e-07, 6.367188234435162e-07, 3.877101164562191e-07, 2.618556607103528e-07, 2.7417570436227834e-07, 1.6336166197561397e-07, 9.31149202187953e-08, 2.4799097886329946e-08, 2.773727691973704e-09, 1.552230566304047e-11, 5.624066316822773e-12, 5.453264576016359e-12, 5.3131305778608695e-12, 5.202268303639013e-12, 5.0763234761552756e-12, 4.983185739049212e-12, 4.875086879324586e-12, 4.746967142282843e-12, 4.6703413705828645e-12, 4.638713024807117e-12], "lowlevel.melbands128.stdev": [0.00014864235708955675, 0.002681565470993519, 0.009049315005540848, 0.01092598121613264, 0.006791900377720594, 0.005370995961129665, 0.002311729360371828, 0.002022733213379979, 0.004210787359625101, 0.002347090980038047, 0.0011083397548645735, 0.0005932782660238445, 0.0003730553144123405, 0.00044000515481457114, 0.00030914126546122134, 0.00033443214488215744, 0.0001830350374802947, 0.00016678441897965968, 0.00039847646257840097, 0.00023129679902922362, 0.0002568165073171258, 0.00046686051064170897, 0.00036177021684125066, 0.00036423103301785886, 0.0002258245222037658, 0.00043305952567607164, 0.00033155991695821285, 0.00019006487855222076, 9.301310637965798e-05, 4.851116318604909e-05, 0.00016031185805331916, 0.00021447202016133815, 0.0001286057522520423, 9.775490616448224e-05, 0.00013861240586265922, 0.00015610887203365564, 0.00016289789346046746, 0.00020174874225631356, 0.00029181395075283945, 0.0001795564021449536, 0.00023821854847483337, 0.000172036889125593, 0.00013702140131499618, 0.00023038686776999384, 0.00015635640011169016, 0.00014477924560196698, 0.00013566862617153674, 0.00012253178283572197, 0.00010501035285415128, 6.515094719361514e-05, 4.1592837078496814e-05, 5.449196032714099e-05, 4.040238127345219e-05, 2.1143292542546988e-05, 2.4977949578897096e-05, 3.625166937126778e-05, 3.2230342185357586e-05, 3.638830457930453e-05, 5.1912444178014994e-05, 4.305529364501126e-05, 2.5295947125414386e-05, 2.322719228686765e-05, 3.4231547033414245e-05, 3.092075348831713e-05, 1.6202684491872787e-05, 1.2851195606344845e-05, 8.971208444563672e-06, 5.378281457524281e-06, 4.2638193917809986e-06, 4.337908194429474e-06, 3.4699105526669882e-06, 3.5949303764937213e-06, 5.358676389732864e-06, 1.3608695553557482e-05, 5.642587348120287e-05, 0.00011643354810075834, 6.728792504873127e-05, 3.4099401091225445e-05, 1.2907215023005847e-05, 4.166467078903224e-06, 3.1906613457977073e-06, 2.725946387727163e-06, 2.6913121473626234e-06, 2.5234326130885165e-06, 2.4874400423868792e-06, 3.312468152216752e-06, 4.547910975816194e-06, 6.1613072830368765e-06, 3.7320667161111487e-06, 4.850616733165225e-06, 4.237229859427316e-06, 3.54202256858116e-06, 2.3380532638839213e-06, 1.8138119912691764e-06, 2.12371242014342e-06, 2.4325149752257857e-06, 2.340990022275946e-06, 2.1535504401981598e-06, 1.9041912082684576e-06, 2.2070896648074267e-06, 2.264641580040916e-06, 2.9048208034510026e-06, 2.1258986180328066e-06, 2.48660421675595e-06, 1.8049854588753078e-06, 1.436363163520582e-06, 1.5611676644766703e-06, 1.510472998234036e-06, 1.2906925803690683e-06, 1.0316923635400599e-06, 7.401320090139052e-07, 4.789079071088054e-07, 4.771115413859661e-07, 3.3859137715808174e-07, 2.395174192315608e-07, 8.923643690650351e-08, 1.659658721564483e-08, 1.434713181591718e-10, 7.925231651495501e-12, 7.71543245958739e-12, 7.529956692897688e-12, 7.3669048292202e-12, 7.22156232382809e-12, 7.097097215469361e-12, 6.992717169196361e-12, 6.9094122784330025e-12, 6.849482352827563e-12, 6.81239353123031e-12], "lowlevel.mfcc.mean": [-637.8513793945312, 108.91133880615234, 8.021568298339844, 35.95321273803711, 11.290197372436523, 19.615785598754883, 7.330478668212891, -7.225461006164551, 10.955866813659668, -8.616094589233398, -2.9774367809295654, 7.250144004821777, -21.686992645263672], "lowlevel.spectral_contrast_coeffs.mean": [-0.6532971858978271, -0.7657452821731567, -0.78020179271698, -0.7945206761360168, -0.7511280179023743, -0.6833399534225464], "lowlevel.spectral_contrast_coeffs.stdev": [0.08203351497650146, 0.0713990330696106, 0.06128999590873718, 0.054597608745098114, 0.03586817532777786, 0.04228257015347481], "lowlevel.spectral_contrast_valleys.mean": [-6.55428409576416, -7.157078742980957, -7.629899024963379, -7.432594299316406, -7.657116413116455, -10.249750137329102], "lowlevel.spectral_contrast_valleys.stdev": [0.8915512561798096, 0.7124878168106079, 0.6796559691429138, 0.6037226319313049, 0.7009074091911316, 0.8090519905090332], "rhythm.beats_loudness_band_ratio.mean": [0.6498780250549316, 0.1488979607820511, 0.05505618080496788, 0.05728842318058014, 0.057655543088912964, 0.10256464779376984], "rhythm.beats_loudness_band_ratio.stdev": [0.20048514008522034, 0.12578153610229492, 0.04588981717824936, 0.049769267439842224, 0.052413370460271835, 0.07692466676235199], "tonal.hpcp.mean": [0.012220220640301704, 0.01226909551769495, 0.024601947516202927, 0.03828969970345497, 0.045294709503650665, 0.3295471668243408, 0.6249925494194031, 0.34953686594963074, 0.049456533044576645, 0.031925901770591736, 0.03096754476428032, 0.040424324572086334, 0.04554523527622223, 0.03311116248369217, 0.0224814023822546, 0.029598059132695198, 0.035731926560401917, 0.04925019294023514, 0.07480628788471222, 0.08286447823047638, 0.13345947861671448, 0.19672992825508118, 0.12539148330688477, 0.04121704027056694, 0.041129808872938156, 0.04954180121421814, 0.1427285373210907, 0.23633792996406555, 0.14529728889465332, 0.06222408637404442, 0.07006558030843735, 0.055926740169525146, 0.0342041552066803, 0.017666053026914597, 0.012459768913686275, 0.01437383983284235], "tonal.hpcp.stdev": [0.02840353175997734, 0.040739916265010834, 0.08350741118192673, 0.11391302198171616, 0.11747534573078156, 0.2497367113828659, 0.4247410297393799, 0.26814356446266174, 0.14678765833377838, 0.12192921340465546, 0.12588851153850555, 0.12258000671863556, 0.11184298992156982, 0.09843273460865021, 0.08871951699256897, 0.11906178295612335, 0.1348193883895874, 0.11798257380723953, 0.14654773473739624, 0.1772158294916153, 0.24703583121299744, 0.353204607963562, 0.24507705867290497, 0.13356398046016693, 0.12416565418243408, 0.14489281177520752, 0.21413633227348328, 0.34659287333488464, 0.23328855633735657, 0.16636082530021667, 0.180456280708313, 0.15574325621128082, 0.10717511922121048, 0.05300574004650116, 0.028530802577733994, 0.03031231090426445], "rhythm.beats_position": [0.4411791265010834, 0.9055781960487366, 1.3931972980499268, 1.8808163404464722, 2.345215320587158, 2.809614419937134, 3.285623550415039, 3.7616326808929443, 4.249251842498779, 4.713650703430176, 5.178049564361572, 5.642448902130127, 6.118457794189453, 6.5944671630859375, 7.070476055145264, 7.523265361785889, 7.987664222717285, 8.45206356048584, 8.916461944580078, 9.380861282348633, 9.845260620117188, 10.309659957885742, 10.77405834197998, 11.238457679748535, 11.71446704864502, 12.190476417541504, 12.654874801635742, 13.119274139404297, 13.583673477172852, 14.04807186126709, 14.512471199035645, 14.9768705368042, 15.441269874572754, 15.905668258666992, 16.381677627563477, 16.84607696533203, 17.310476303100586, 17.76326560974121, 18.227664947509766, 18.692062377929688, 19.156461715698242, 19.620861053466797, 20.08526039123535, 20.549659729003906, 21.00244903564453, 21.455238342285156, 21.90802764892578, 22.360815048217773, 22.825214385986328, 23.289613723754883, 23.742403030395508, 24.206802368164062, 24.659591674804688, 25.123991012573242, 25.576780319213867, 26.029569625854492, 26.470746994018555, 26.92353630065918, 27.376325607299805, 27.8175048828125, 28.258684158325195, 28.69986343383789, 29.129432678222656], "rhythm.bpm_histogram": [0.0, 0.0, 0.0, 0.0, 0.0, 0.0, 0.0, 0.0, 0.0, 0.0, 0.0, 0.0, 0.0, 0.0, 0.0, 0.0, 0.0, 0.0, 0.0, 0.0, 0.0, 0.0, 0.0, 0.0, 0.0, 0.0, 0.0, 0.0, 0.0, 0.0, 0.0, 0.0, 0.0, 0.0, 0.0, 0.0, 0.0, 0.0, 0.0, 0.0, 0.0, 0.0, 0.0, 0.0, 0.0, 0.0, 0.0, 0.0, 0.0, 0.0, 0.0, 0.0, 0.0, 0.0, 0.0, 0.0, 0.0, 0.0, 0.0, 0.0, 0.0, 0.0, 0.0, 0.0, 0.0, 0.0, 0.0, 0.0, 0.0, 0.0, 0.0, 0.0, 0.0, 0.0, 0.0, 0.0, 0.0, 0.0, 0.0, 0.0, 0.0, 0.0, 0.0, 0.0, 0.0, 0.0, 0.0, 0.0, 0.0, 0.0, 0.0, 0.0, 0.0, 0.0, 0.0, 0.0, 0.0, 0.0, 0.0, 0.0, 0.0, 0.0, 0.0, 0.0, 0.0, 0.0, 0.0, 0.0, 0.0, 0.0, 0.0, 0.0, 0.0, 0.0, 0.0, 0.0, 0.0, 0.0, 0.0, 0.0, 0.0, 0.0, 0.0, 0.04838709533214569, 0.0, 0.0, 0.12903225421905518, 0.0, 0.0, 0.5483871102333069, 0.0, 0.0, 0.0, 0.19354838132858276, 0.0, 0.0, 0.06451612710952759, 0.0, 0.0, 0.0, 0.016129031777381897, 0.0, 0.0, 0.0, 0.0, 0.0, 0.0, 0.0, 0.0, 0.0, 0.0, 0.0, 0.0, 0.0, 0.0, 0.0, 0.0, 0.0, 0.0, 0.0, 0.0, 0.0, 0.0, 0.0, 0.0, 0.0, 0.0, 0.0, 0.0, 0.0, 0.0, 0.0, 0.0, 0.0, 0.0, 0.0, 0.0, 0.0, 0.0, 0.0, 0.0, 0.0, 0.0, 0.0, 0.0, 0.0, 0.0, 0.0, 0.0, 0.0, 0.0, 0.0, 0.0, 0.0, 0.0, 0.0, 0.0, 0.0, 0.0, 0.0, 0.0, 0.0, 0.0, 0.0, 0.0, 0.0, 0.0, 0.0, 0.0, 0.0, 0.0, 0.0, 0.0, 0.0, 0.0, 0.0, 0.0, 0.0, 0.0, 0.0, 0.0, 0.0, 0.0, 0.0, 0.0, 0.0, 0.0, 0.0, 0.0, 0.0, 0.0, 0.0, 0.0, 0.0, 0.0, 0.0, 0.0, 0.0, 0.0, 0.0, 0.0, 0.0, 0.0, 0.0, 0.0, 0.0, 0.0, 0.0, 0.0, 0.0], "tonal.chords_histogram": [39.8425178527832, 0.0, 0.6299212574958801, 0.0, 0.0, 0.0, 0.0, 5.6692914962768555, 0.0, 53.85826873779297, 0.0, 0.0, 0.0, 0.0, 0.0, 0.0, 0.0, 0.0, 0.0, 0.0, 0.0, 0.0, 0.0, 0.0], "tonal.thpcp": [1.0, 0.559265673160553, 0.07913139462471008, 0.051082052290439606, 0.049548663198947906, 0.06467968970537186, 0.07287324219942093, 0.05297849327325821, 0.035970672965049744, 0.047357458621263504, 0.057171765714883804, 0.0788012444972992, 0.11969149112701416, 0.13258475065231323, 0.21353770792484283, 0.3147716522216797, 0.20062877237796783, 0.06594805419445038, 0.06580847501754761, 0.07926782965660095, 0.2283683866262436, 0.3781451880931854, 0.23247843980789185, 0.0995597243309021, 0.11210626363754272, 0.0894838497042656, 0.05472730100154877, 0.028266021981835365, 0.019935868680477142, 0.022998418658971786, 0.01955258660018444, 0.019630786031484604, 0.03936358541250229, 0.06126425042748451, 0.07247240096330643, 0.5272817611694336], "lowlevel.gfcc.cov": [[3372.90771484375, -182.65313720703125, -24.000911712646484, -59.07972717285156, 42.51389694213867, 99.26030731201172, 34.256309509277344, 317.3046875, 133.49497985839844, 136.6114959716797, -14.083736419677734, 18.012496948242188, -258.8153991699219], [-182.65313720703125, 914.6115112304688, -55.363468170166016, 16.304109573364258, 292.676513671875, 16.511356353759766, 211.10247802734375, 113.39602661132812, 212.527099609375, 49.57081604003906, 138.7340545654297, -44.41557312011719, 47.47199249267578], [-24.000911712646484, -55.363468170166016, 738.600830078125, 398.5285339355469, 280.2448425292969, 328.3779296875, 203.36512756347656, 80.85382843017578, 54.661224365234375, 54.82344055175781, 15.071182250976562, 47.592918395996094, 40.74226379394531], [-59.07972717285156, 16.304109573364258, 398.5285339355469, 534.2555541992188, 397.01263427734375, 184.3699493408203, 103.1422348022461, 98.60255432128906, 142.0782012939453, 50.742088317871094, 47.901004791259766, 1.0425705909729004, 25.32597541809082], [42.51389694213867, 292.676513671875, 280.2448425292969, 397.01263427734375, 568.0728149414062, 193.93667602539062, 168.71051025390625, 177.80099487304688, 236.4728240966797, 100.61296081542969, 79.63174438476562, -12.929705619812012, -4.893581390380859], [99.26030731201172, 16.511356353759766, 328.3779296875, 184.3699493408203, 193.93667602539062, 300.96044921875, 191.78773498535156, 86.13206481933594, 60.031707763671875, 42.369224548339844, 47.79138946533203, 1.512532353401184, -16.404205322265625], [34.256309509277344, 211.10247802734375, 203.36512756347656, 103.1422348022461, 168.71051025390625, 191.78773498535156, 283.36553955078125, 131.0206756591797, 68.51750946044922, 22.60445213317871, 59.958736419677734, 11.091453552246094, -19.70493507385254], [317.3046875, 113.39602661132812, 80.85382843017578, 98.60255432128906, 177.80099487304688, 86.13206481933594, 131.0206756591797, 203.38040161132812, 144.77255249023438, 51.33074951171875, 53.79925537109375, 0.14157754182815552, -36.60948944091797], [133.49497985839844, 212.527099609375, 54.661224365234375, 142.0782012939453, 236.4728240966797, 60.031707763671875, 68.51750946044922, 144.77255249023438, 210.90225219726562, 90.15152740478516, 62.12940216064453, -21.85443687438965, -6.3796067237854], [136.6114959716797, 49.57081604003906, 54.82344055175781, 50.742088317871094, 100.61296081542969, 42.369224548339844, 22.60445213317871, 51.33074951171875, 90.15152740478516, 101.62077331542969, 41.0076904296875, -6.9016947746276855, -14.161291122436523], [-14.083736419677734, 138.7340545654297, 15.071182250976562, 47.901004791259766, 79.63174438476562, 47.79138946533203, 59.958736419677734, 53.79925537109375, 62.12940216064453, 41.0076904296875, 108.48892211914062, 14.806450843811035, -12.970540046691895], [18.012496948242188, -44.41557312011719, 47.592918395996094, 1.0425705909729004, -12.929705619812012, 1.512532353401184, 11.091453552246094, 0.14157754182815552, -21.85443687438965, -6.9016947746276855, 14.806450843811035, 76.37126922607422, 22.697185516357422], [-258.8153991699219, 47.47199249267578, 40.74226379394531, 25.32597541809082, -4.893581390380859, -16.404205322265625, -19.70493507385254, -36.60948944091797, -6.3796067237854, -14.161291122436523, -12.970540046691895, 22.697185516357422, 92.53105163574219]], "lowlevel.gfcc.icov": [[0.0006370808696374297, -0.0008060033433139324, 0.00036084919702261686, -0.0006734700873494148, 0.0007849171524867415, -0.0011809152783825994, 0.0014233594993129373, -0.0019887066446244717, 0.0010765418410301208, -0.0014746994711458683, 0.0019300720887258649, -0.0017070802859961987, 0.0021071673836559057], [-0.0008060033433139324, 0.006082837004214525, -0.0015741136157885194, 0.004613748751580715, -0.004381818696856499, 0.005760872736573219, -0.007105369120836258, 0.006612193305045366, -0.006739575881510973, 0.0057862382382154465, -0.008435336872935295, 0.0069785090163350105, -0.006525656674057245], [0.00036084919702261686, -0.0015741136157885194, 0.005468977615237236, -0.004236126784235239, 0.0018351320177316666, -0.005399922840297222, 0.001088375924155116, -0.002619724487885833, 0.0037480518221855164, -0.0047256057150661945, 0.005190953612327576, -0.0045297760516405106, 0.00027727699489332736], [-0.0006734700873494148, 0.004613748751580715, -0.004236126784235239, 0.00987225491553545, -0.006931804586201906, 0.004937739111483097, -0.0035869672428816557, 0.005382928065955639, -0.00609471695497632, 0.007402185816317797, -0.008393681608140469, 0.006721744779497385, -0.005325697362422943], [0.0007849171524867415, -0.004381818696856499, 0.0018351320177316666, -0.006931804586201906, 0.009711486287415028, -0.005199685227125883, 0.0036765860859304667, -0.004528219811618328, 0.0002326246176380664, -0.005147556308656931, 0.007231973111629486, -0.006101538427174091, 0.005854534916579723], [-0.0011809152783825994, 0.005760872736573219, -0.005399922840297222, 0.004937739111483097, -0.005199685227125883, 0.016155017539858818, -0.011058138683438301, 0.007954290136694908, -0.006040133535861969, 0.005698076914995909, -0.010743235237896442, 0.009760811924934387, -0.005295838229358196], [0.0014233594993129373, -0.007105369120836258, 0.001088375924155116, -0.0035869672428816557, 0.0036765860859304667, -0.011058138683438301, 0.017944710329174995, -0.01373300515115261, 0.01024987269192934, -0.005065537989139557, 0.007865505293011665, -0.008203424513339996, 0.0077973478473722935], [-0.0019887066446244717, 0.006612193305045366, -0.002619724487885833, 0.005382928065955639, -0.004528219811618328, 0.007954290136694908, -0.01373300515115261, 0.025895940139889717, -0.02036021091043949, 0.011228833347558975, -0.009772193618118763, 0.0048809838481247425, -0.0030352312605828047], [0.0010765418410301208, -0.006739575881510973, 0.0037480518221855164, -0.00609471695497632, 0.0002326246176380664, -0.006040133535861969, 0.01024987269192934, -0.02036021091043949, 0.031410183757543564, -0.017501920461654663, 0.0067666093818843365, -0.0017477371729910374, 0.0004197324742563069], [-0.0014746994711458683, 0.0057862382382154465, -0.0047256057150661945, 0.007402185816317797, -0.005147556308656931, 0.005698076914995909, -0.005065537989139557, 0.011228833347558975, -0.017501920461654663, 0.02691027894616127, -0.013303242623806, 0.007390410173684359, -0.0037026440259069204], [0.0019300720887258649, -0.008435336872935295, 0.005190953612327576, -0.008393681608140469, 0.007231973111629486, -0.010743235237896442, 0.007865505293011665, -0.009772193618118763, 0.0067666093818843365, -0.013303242623806, 0.02806832268834114, -0.01657780632376671, 0.012455926276743412], [-0.0017070802859961987, 0.0069785090163350105, -0.0045297760516405106, 0.006721744779497385, -0.006101538427174091, 0.009760811924934387, -0.008203424513339996, 0.0048809838481247425, -0.0017477371729910374, 0.007390410173684359, -0.01657780632376671, 0.028020955622196198, -0.014794963411986828], [0.0021071673836559057, -0.006525656674057245, 0.00027727699489332736, -0.005325697362422943, 0.005854534916579723, -0.005295838229358196, 0.0077973478473722935, -0.0030352312605828047, 0.0004197324742563069, -0.0037026440259069204, 0.012455926276743412, -0.014794963411986828, 0.026052294299006462]], "lowlevel.mfcc.cov": [[3115.286376953125, -252.40252685546875, -201.95436096191406, -115.17151641845703, -79.67277526855469, -162.43685913085938, -94.0077896118164, 104.66449737548828, -34.75513458251953, 222.92886352539062, 254.1581268310547, -4.204704284667969, 47.8724479675293], [-252.40252685546875, 842.9411010742188, -205.86541748046875, 11.24712085723877, 40.13063430786133, -20.101388931274414, 55.11865997314453, 54.61143493652344, 107.90534973144531, 40.54235076904297, 133.828857421875, 142.634521484375, 39.35454177856445], [-201.95436096191406, -205.86541748046875, 545.5711059570312, 78.00330352783203, 83.0784683227539, 221.19125366210938, 173.88673400878906, 94.6439437866211, 84.07632446289062, -0.36137276887893677, -41.00251388549805, 47.727359771728516, 45.17626953125], [-115.17151641845703, 11.24712085723877, 78.00330352783203, 392.7691345214844, 306.6242980957031, 126.12725830078125, 63.548057556152344, 100.12604522705078, 102.93375396728516, 107.78180694580078, 75.5588150024414, 5.998379707336426, 60.91448211669922], [-79.67277526855469, 40.13063430786133, 83.0784683227539, 306.6242980957031, 443.1752624511719, 179.97264099121094, 62.52851104736328, 91.93780517578125, 131.31158447265625, 155.95199584960938, 112.07118225097656, 37.589073181152344, 62.38197326660156], [-162.43685913085938, -20.101388931274414, 221.19125366210938, 126.12725830078125, 179.97264099121094, 258.9896545410156, 156.67840576171875, 83.55488586425781, 80.04341888427734, 51.35672378540039, 47.74401092529297, 55.07178497314453, 20.71402931213379], [-94.0077896118164, 55.11865997314453, 173.88673400878906, 63.548057556152344, 62.52851104736328, 156.67840576171875, 238.3718719482422, 145.09963989257812, 69.4734878540039, 36.31405258178711, 80.99630737304688, 83.05069732666016, 18.584684371948242], [104.66449737548828, 54.61143493652344, 94.6439437866211, 100.12604522705078, 91.93780517578125, 83.55488586425781, 145.09963989257812, 197.87464904785156, 91.77967071533203, 61.84220886230469, 92.46031188964844, 59.65494918823242, 47.56281280517578], [-34.75513458251953, 107.90534973144531, 84.07632446289062, 102.93375396728516, 131.31158447265625, 80.04341888427734, 69.4734878540039, 91.77967071533203, 154.91891479492188, 81.56682586669922, 62.636722564697266, 39.948001861572266, 21.1477108001709], [222.92886352539062, 40.54235076904297, -0.36137276887893677, 107.78180694580078, 155.95199584960938, 51.35672378540039, 36.31405258178711, 61.84220886230469, 81.56682586669922, 179.87657165527344, 128.83201599121094, 31.26113510131836, 25.184783935546875], [254.1581268310547, 133.828857421875, -41.00251388549805, 75.5588150024414, 112.07118225097656, 47.74401092529297, 80.99630737304688, 92.46031188964844, 62.636722564697266, 128.83201599121094, 202.06935119628906, 85.66394805908203, 38.374176025390625], [-4.204704284667969, 142.634521484375, 47.727359771728516, 5.998379707336426, 37.589073181152344, 55.07178497314453, 83.05069732666016, 59.65494918823242, 39.948001861572266, 31.26113510131836, 85.66394805908203, 128.11769104003906, 42.12723922729492], [47.8724479675293, 39.35454177856445, 45.17626953125, 60.91448211669922, 62.38197326660156, 20.71402931213379, 18.584684371948242, 47.56281280517578, 21.1477108001709, 25.184783935546875, 38.374176025390625, 42.12723922729492, 116.70654296875]], "lowlevel.mfcc.icov": [[0.0004985823179595172, 0.00023857808264438063, 2.6729636374511756e-05, 0.0002551006036810577, 0.00023906667775008827, 1.8525486666476354e-05, 0.0005795495817437768, -0.0006184546509757638, 0.00020069553283974528, -0.0005095457308925688, -0.0007430571131408215, 0.0001685384486336261, -0.00014270110114011914], [0.00023857808264438063, 0.0023494830820709467, 0.0014945663278922439, 3.636984183685854e-05, 0.00024744641268625855, 0.00021629928960464895, -0.0005908369203098118, 0.0006161308847367764, -0.0023535294458270073, 0.000630176451522857, -0.00044106601853854954, -0.0021639433689415455, -0.0005986994365230203], [2.6729636374511756e-05, 0.0014945663278922439, 0.004864618647843599, -7.13687259121798e-05, 0.0008462709374725819, -0.002592480042949319, -0.00202698796056211, 0.00045362295350059867, -0.002583869267255068, -0.0004370177339296788, 0.003022947581484914, -0.001976359635591507, -0.001933113089762628], [0.0002551006036810577, 3.636984183685854e-05, -7.13687259121798e-05, 0.006388289388269186, -0.0039364430122077465, 0.0002562683657743037, -0.00034168732236139476, -0.0014352301368489861, -0.00020219471480231732, 2.451121690683067e-05, -0.000597663049120456, 0.0025533547159284353, -0.0014194800751283765], [0.00023906667775008827, 0.00024744641268625855, 0.0008462709374725819, -0.0039364430122077465, 0.0081900954246521, -0.004593508783727884, 0.0028972916770726442, -0.00025305160670541227, -0.0016135324258357286, -0.0029755679424852133, -0.0004160008393228054, -0.0007389434613287449, -0.0010371875250712037], [1.8525486666476354e-05, 0.00021629928960464895, -0.002592480042949319, 0.0002562683657743037, -0.004593508783727884, 0.012307154014706612, -0.006602817215025425, 0.0027092332020401955, -0.0004323330649640411, 0.000875864177942276, -0.00014177514822222292, -0.0005725788068957627, 0.00115014030598104], [0.0005795495817437768, -0.0005908369203098118, -0.00202698796056211, -0.00034168732236139476, 0.0028972916770726442, -0.006602817215025425, 0.01628956012427807, -0.009083678014576435, 0.002381768776103854, 0.00023394019808620214, -0.0035224093589931726, -0.002388595836237073, 0.0031940629705786705], [-0.0006184546509757638, 0.0006161308847367764, 0.00045362295350059867, -0.0014352301368489861, -0.00025305160670541227, 0.0027092332020401955, -0.009083678014576435, 0.014852390624582767, -0.005769285839051008, 0.001836545066908002, -0.0016760599100962281, 0.0006533503765240312, -0.0033682514913380146], [0.00020069553283974528, -0.0023535294458270073, -0.002583869267255068, -0.00020219471480231732, -0.0016135324258357286, -0.0004323330649640411, 0.002381768776103854, -0.005769285839051008, 0.01524836290627718, -0.004866627976298332, 0.0014107925817370415, 5.798927304567769e-05, 0.0025305028539150953], [-0.0005095457308925688, 0.000630176451522857, -0.0004370177339296788, 2.451121690683067e-05, -0.0029755679424852133, 0.000875864177942276, 0.00023394019808620214, 0.001836545066908002, -0.004866627976298332, 0.015999088063836098, -0.00922387558966875, 0.0026078769005835056, 0.0003230600559618324], [-0.0007430571131408215, -0.00044106601853854954, 0.003022947581484914, -0.000597663049120456, -0.0004160008393228054, -0.00014177514822222292, -0.0035224093589931726, -0.0016760599100962281, 0.0014107925817370415, -0.00922387558966875, 0.018203580752015114, -0.007608219049870968, -0.000417529750848189], [0.0001685384486336261, -0.0021639433689415455, -0.001976359635591507, 0.0025533547159284353, -0.0007389434613287449, -0.0005725788068957627, -0.002388595836237073, 0.0006533503765240312, 5.798927304567769e-05, 0.0026078769005835056, -0.007608219049870968, 0.018280843272805214, -0.0039668153040111065], [-0.00014270110114011914, -0.0005986994365230203, -0.001933113089762628, -0.0014194800751283765, -0.0010371875250712037, 0.00115014030598104, 0.0031940629705786705, -0.0033682514913380146, 0.0025305028539150953, 0.0003230600559618324, -0.000417529750848189, -0.0039668153040111065, 0.012573366984724998]], "metadata.audio_properties.analysis.downmix": "mix", "metadata.audio_properties.codec": "mp3", "metadata.audio_properties.md5_encoded": "266480990f3a3198be6322dac6ec86a1", "metadata.tags.file_name": "1183714145053462528.mp3", "metadata.version.essentia": "2.1-beta6-dev", "metadata.version.essentia_git_sha": "v2.1_beta5-1110-g77a6a954", "metadata.version.extractor": "music 2.0", "tonal.chords_key": "B", "tonal.chords_scale": "major", "tonal.key_edma.key": "E", "tonal.key_edma.scale": "minor", "tonal.key_krumhansl.key": "E", "tonal.key_krumhansl.scale": "minor", "tonal.key_temperley.key": "E", "tonal.key_temperley.scale": "minor", "metadata.tags.encoding": ["Lavf58.45.100"]}, "essentia_models": [{"model_name": "genre_dortmund", "activation