{"song_id": "1183689056987648040", "download": "https://cdn.discordapp.com/attachments/1135903449314238464/1183689056987648040/chirp.mp4?ex=65893f57&amp", "lyrics": "\u044f \u043f\u043e\u043a\u0430\u043a\u0430\u043b\u0430 \u043f\u043e\u043d\u043e\u0441\u043e\u043c\n\u043b\u044f\u043b\u044f\u043b\u044f \u0442\u0440\u0443 \u043b\u044f\u043b\u044f\n\u043e\u043d \u043f\u043e\u043b\u0435\u0437 \u043f\u0440\u044f\u043c\u043e \u0438\u0437 \u043d\u043e\u0441\u0430\n\u0442\u0443\u043c \u0430\u0443\u0440\u0443\u043c \u0442\u044b\u0449 \u043f\u0430\u043a \u0430\u0433\u0443\u043b\u044c \n1000-7", "style": ["random"], "essentia_features": {"lowlevel.average_loudness": 0.9618340134620667, "lowlevel.barkbands_crest.mean": 16.536094665527344, "lowlevel.barkbands_crest.stdev": 4.901571273803711, "lowlevel.barkbands_flatness_db.mean": 0.4129098355770111, "lowlevel.barkbands_flatness_db.stdev": 0.1143009141087532, "lowlevel.barkbands_kurtosis.mean": 24.656530380249023, "lowlevel.barkbands_kurtosis.stdev": 58.59181213378906, "lowlevel.barkbands_skewness.mean": 2.0817668437957764, "lowlevel.barkbands_skewness.stdev": 2.435706377029419, "lowlevel.barkbands_spread.mean": 8.1870698928833, "lowlevel.barkbands_spread.stdev": 14.263665199279785, "lowlevel.dissonance.mean": 0.3385685980319977, "lowlevel.dissonance.stdev": 0.10455580055713654, "lowlevel.dynamic_complexity": 3.3710362911224365, "lowlevel.erbbands_crest.mean": 17.41983413696289, "lowlevel.erbbands_crest.stdev": 6.993973255157471, "lowlevel.erbbands_flatness_db.mean": 0.41496363282203674, "lowlevel.erbbands_flatness_db.stdev": 0.10877100378274918, "lowlevel.erbbands_kurtosis.mean": 12.561812400817871, "lowlevel.erbbands_kurtosis.stdev": 24.361324310302734, "lowlevel.erbbands_skewness.mean": 1.186453104019165, "lowlevel.erbbands_skewness.stdev": 2.1357553005218506, "lowlevel.erbbands_spread.mean": 16.834884643554688, "lowlevel.erbbands_spread.stdev": 24.137527465820312, "lowlevel.hfc.mean": 16.50400733947754, "lowlevel.hfc.stdev": 19.875764846801758, "lowlevel.loudness_ebu128.integrated": -14.572042465209961, "lowlevel.loudness_ebu128.loudness_range": 2.20253849029541, "lowlevel.loudness_ebu128.momentary.mean": -15.432599067687988, "lowlevel.loudness_ebu128.momentary.stdev": 3.0470454692840576, "lowlevel.loudness_ebu128.short_term.mean": -14.66866683959961, "lowlevel.loudness_ebu128.short_term.stdev": 0.7221853137016296, "lowlevel.melbands_crest.mean": 19.290416717529297, "lowlevel.melbands_crest.stdev": 5.159297466278076, "lowlevel.melbands_flatness_db.mean": 0.46814993023872375, "lowlevel.melbands_flatness_db.stdev": 0.14119762182235718, "lowlevel.melbands_kurtosis.mean": 21.318458557128906, "lowlevel.melbands_kurtosis.stdev": 42.43021774291992, "lowlevel.melbands_skewness.mean": 2.176408290863037, "lowlevel.melbands_skewness.stdev": 2.3694558143615723, "lowlevel.melbands_spread.mean": 11.782981872558594, "lowlevel.melbands_spread.stdev": 25.177398681640625, "lowlevel.pitch_salience.mean": 0.44004085659980774, "lowlevel.pitch_salience.stdev": 0.12935321033000946, "lowlevel.silence_rate_20dB.mean": 1.0, "lowlevel.silence_rate_20dB.stdev": 0.0, "lowlevel.silence_rate_30dB.mean": 1.0, "lowlevel.silence_rate_30dB.stdev": 0.0, "lowlevel.silence_rate_60dB.mean": 0.0600193627178669, "lowlevel.silence_rate_60dB.stdev": 0.23752185702323914, "lowlevel.spectral_centroid.mean": 858.1843872070312, "lowlevel.spectral_centroid.stdev": 980.51806640625, "lowlevel.spectral_complexity.mean": 7.002903938293457, "lowlevel.spectral_complexity.stdev": 5.2240214347839355, "lowlevel.spectral_decrease.mean": -5.810463221678219e-09, "lowlevel.spectral_decrease.stdev": 3.95025256949566e-09, "lowlevel.spectral_energy.mean": 0.023427003994584084, "lowlevel.spectral_energy.stdev": 0.015744028612971306, "lowlevel.spectral_energyband_high.mean": 0.0012074989499524236, "lowlevel.spectral_energyband_high.stdev": 0.0036066353786736727, "lowlevel.spectral_energyband_low.mean": 2.9765009458060376e-05, "lowlevel.spectral_energyband_low.stdev": 0.00011397063644835725, "lowlevel.spectral_energyband_middle_high.mean": 0.0006167717510834336, "lowlevel.spectral_energyband_middle_high.stdev": 0.0009210064308717847, "lowlevel.spectral_energyband_middle_low.mean": 0.02173340693116188, "lowlevel.spectral_energyband_middle_low.stdev": 0.015623393468558788, "lowlevel.spectral_entropy.mean": 5.544281005859375, "lowlevel.spectral_entropy.stdev": 1.1397109031677246, "lowlevel.spectral_flux.mean": 0.041425369679927826, "lowlevel.spectral_flux.stdev": 0.03545602411031723, "lowlevel.spectral_kurtosis.mean": 80.2583999633789, "lowlevel.spectral_kurtosis.stdev": 90.47159576416016, "lowlevel.spectral_rms.mean": 0.004446099977940321, "lowlevel.spectral_rms.stdev": 0.001757207908667624, "lowlevel.spectral_rolloff.mean": 1093.00439453125, "lowlevel.spectral_rolloff.stdev": 1508.2454833984375, "lowlevel.spectral_skewness.mean": 5.685461521148682, "lowlevel.spectral_skewness.stdev": 4.576047897338867, "lowlevel.spectral_spread.mean": 2329707.75, "lowlevel.spectral_spread.stdev": 2036530.75, "lowlevel.spectral_strongpeak.mean": 1.8890036344528198, "lowlevel.spectral_strongpeak.stdev": 1.3585169315338135, "lowlevel.zerocrossingrate.mean": 0.038353003561496735, "lowlevel.zerocrossingrate.stdev": 0.04239273816347122, "metadata.audio_properties.analysis.equal_loudness": 0.0, "metadata.audio_properties.analysis.length": 23.957324981689453, "metadata.audio_properties.analysis.sample_rate": 44100.0, "metadata.audio_properties.analysis.start_time": 0.0, "metadata.audio_properties.bit_rate": 115408.0, "metadata.audio_properties.length": 23.957332611083984, "metadata.audio_properties.lossless": 0.0, "metadata.audio_properties.number_channels": 1.0, "metadata.audio_properties.replay_gain": -13.033477783203125, "metadata.audio_properties.sample_rate": 48000.0, "rhythm.beats_count": 59.0, "rhythm.beats_loudness.mean": 0.02816254459321499, "rhythm.beats_loudness.stdev": 0.017236026003956795, "rhythm.bpm": 149.7881622314453, "rhythm.bpm_histogram_first_peak_bpm": 148.0, "rhythm.bpm_histogram_first_peak_weight": 0.4909090995788574, "rhythm.bpm_histogram_second_peak_bpm": 157.0, "rhythm.bpm_histogram_second_peak_spread": 0.0, "rhythm.bpm_histogram_second_peak_weight": 0.03448275849223137, "rhythm.danceability": 0.9650094509124756, "rhythm.onset_rate": 4.254501819610596, "tonal.chords_changes_rate": 0.03868471831083298, "tonal.chords_number_rate": 0.009671179577708244, "tonal.chords_strength.mean": 0.47668248414993286, "tonal.chords_strength.stdev": 0.07916169613599777, "tonal.hpcp_crest.mean": 19.834314346313477, "tonal.hpcp_crest.stdev": 8.224820137023926, "tonal.hpcp_entropy.mean": 1.2021993398666382, "tonal.hpcp_entropy.stdev": 0.6367610096931458, "tonal.key_edma.strength": 0.6618428826332092, "tonal.key_krumhansl.strength": 0.6594721674919128, "tonal.key_temperley.strength": 0.6659691333770752, "tonal.tuning_diatonic_strength": 0.514951229095459, "tonal.tuning_equal_tempered_deviation": 0.008543916046619415, "tonal.tuning_frequency": 440.0, "tonal.tuning_nontempered_energy_ratio": 0.5872493982315063, "lowlevel.barkbands.mean": [6.332941779874091e-07, 1.3464674566421309e-06, 2.0105508156120777e-05, 7.769849617034197e-05, 0.00497974269092083, 0.0052358172833919525, 0.0013483235379680991, 0.008477162569761276, 0.0012867746409028769, 0.000427658436819911, 5.0903752708109096e-05, 7.372835534624755e-05, 2.087291250063572e-05, 1.0979687431245111e-05, 4.849332071898971e-06, 5.325031906977529e-06, 6.499278697447153e-06, 1.2217346011311747e-05, 6.98395524523221e-05, 0.0004671943897847086, 0.0005836985656060278, 0.00022848532535135746, 2.1626126908813603e-05, 5.0846574595198035e-06, 7.67626170272706e-06, 2.668003844519262e-06, 1.0683642415187933e-07], "lowlevel.barkbands.stdev": [1.4502647900371812e-06, 4.656626060750568e-06, 8.727885142434388e-05, 0.00016760919243097305, 0.008121252059936523, 0.004866421688348055, 0.00201697857119143, 0.013952478766441345, 0.0025696340017020702, 0.0008338390616700053, 0.00015014069504104555, 0.00030913870432414114, 9.645996033214033e-05, 5.119613706483506e-05, 2.4900380594772287e-05, 1.3528080671676435e-05, 2.382361162744928e-05, 4.573590922518633e-05, 0.00023321712797041982, 0.0015154246939346194, 0.0018690283177420497, 0.0007120030932128429, 6.783290154999122e-05, 1.827854066505097e-05, 2.9141008781152777e-05, 1.0725260835897643e-05, 5.684287316398695e-07], "lowlevel.erbbands.mean": [4.353543044999242e-05, 0.0007087646517902613, 0.016274230554699898, 0.15667515993118286, 2.2045326232910156, 18.53449249267578, 52.513614654541016, 30.20193862915039, 21.547212600708008, 69.64724731445312, 183.08346557617188, 48.85923767089844, 21.47246551513672, 3.7430107593536377, 2.415151834487915, 3.179638624191284, 1.0981578826904297, 0.7143799662590027, 0.3842925727367401, 0.2041999101638794, 0.3457740247249603, 0.37049856781959534, 0.5293713212013245, 1.9711675643920898, 6.3469014167785645, 21.351774215698242, 27.263904571533203, 19.362903594970703, 10.028154373168945, 2.2698402404785156, 0.5158780813217163, 0.1324874460697174, 0.09006384015083313, 0.09452451020479202, 0.04893762245774269, 0.015620177611708641, 0.004232451785355806, 0.0005814904579892755, 2.7240907002124004e-05, 2.836305611708667e-05], "lowlevel.erbbands.stdev": [7.955449837027118e-05, 0.001869182800874114, 0.05781165882945061, 0.2925480902194977, 3.948951005935669, 36.07746887207031, 52.2484130859375, 26.702640533447266, 27.360965728759766, 135.31475830078125, 320.2958068847656, 75.5048828125, 33.72927474975586, 6.131486892700195, 7.546771049499512, 13.132034301757812, 4.914514541625977, 3.0337111949920654, 2.1771512031555176, 0.5718595385551453, 0.8604363799095154, 1.328538179397583, 1.975365161895752, 6.328859329223633, 21.365087509155273, 68.89653015136719, 89.3489990234375, 61.18950653076172, 31.452627182006836, 6.6492486000061035, 1.6492772102355957, 0.47876450419425964, 0.3326438069343567, 0.37186652421951294, 0.1859346181154251, 0.06583645939826965, 0.01809385046362877, 0.002236307365819812, 6.0445374401751906e-05, 1.90024366020225e-05], "lowlevel.gfcc.mean": [-199.87814331054688, 146.17416381835938, -114.09476470947266, -34.8826904296875, -113.91632843017578, -62.30604934692383, -36.30524444580078, -17.469131469726562, -25.59956169128418, -13.79629135131836, -7.720214366912842, -6.648717403411865, 6.587660312652588], "lowlevel.melbands.mean": [3.2587408327344747e-07, 5.696356765838573e-06, 7.607640145579353e-05, 0.0006036928971298039, 0.0017414992908015847, 0.0007584565901197493, 0.0003114191349595785, 0.0009375510853715241, 0.0013304961612448096, 0.00023599764972459525, 9.657353803049773e-05, 1.3434430911729578e-05, 7.130226549634244e-06, 9.178803338727448e-06, 4.43732369603822e-06, 2.097194965244853e-06, 1.1710513945217826e-06, 6.551477440552844e-07, 2.9424609238049015e-07, 2.7736413699130935e-07, 4.3186372522541205e-07, 3.7503883731915266e-07, 3.77649485017173e-07, 5.915179031035223e-07, 1.541999608889455e-06, 3.0282851639640285e-06, 7.0325359047274105e-06, 1.6473579307785258e-05, 1.8939788787974976e-05, 1.3918230251874775e-05, 1.0409223250462674e-05, 6.434577699110378e-06, 2.6146001346205594e-06, 7.011387310740247e-07, 3.0871626677253516e-07, 1.2364134249764902e-07, 5.901161514998421e-08, 5.717865647625331e-08, 7.253255063233155e-08, 8.24035382152033e-08], "lowlevel.melbands.stdev": [8.910605515666248e-07, 2.2631686078966595e-05, 0.00015995866851881146, 0.001080740476027131, 0.001834204071201384, 0.0006478813593275845, 0.00041580613469704986, 0.0017384272068738937, 0.0023472956381738186, 0.0004930987488478422, 0.0001627187302801758, 2.7429501642473042e-05, 2.2161653760122135e-05, 3.8368001696653664e-05, 2.075425800285302e-05, 9.350325854029506e-06, 5.2175059863657225e-06, 3.894226665579481e-06, 1.166646825367934e-06, 7.051292527648911e-07, 1.1031125950466958e-06, 1.1762621170419152e-06, 2.252523700008169e-06, 2.02406158678059e-06, 5.219181730353739e-06, 1.050293485604925e-05, 2.491975283192005e-05, 5.495439836522564e-05, 6.501031020889059e-05, 4.583311965689063e-05, 3.321814438095316e-05, 2.077280259982217e-05, 8.258852176368237e-06, 2.0994734768464696e-06, 1.0404523891338613e-06, 4.630346097656002e-07, 2.214501506614397e-07, 2.1862952337414754e-07, 2.921400152899878e-07, 3.298809758689458e-07], "lowlevel.melbands128.mean": [2.3733221610200417e-07, 2.086013068947068e-07, 2.8406421392901393e-07, 6.877111786707246e-07, 3.964029929193202e-06, 1.2005884855170734e-05, 9.845676686381921e-06, 5.663891715812497e-05, 0.00024714929168112576, 0.00019245843577664346, 0.001010984880849719, 0.0020622704178094864, 0.0021093229297548532, 0.0012938755098730326, 0.0005076756933704019, 0.0006742759142071009, 0.0004912418080493808, 0.00010692269279388711, 0.0002717330935411155, 0.0007875751471146941, 0.00110681913793087, 0.0017189064528793097, 0.0019228656310588121, 0.00016254099318757653, 0.00020675381529144943, 0.00031564023811370134, 6.47634660708718e-05, 0.0001361271133646369, 4.012691351817921e-05, 1.152474396803882e-05, 7.6034220910514705e-06, 6.127945198386442e-06, 7.334278052439913e-06, 8.11672452982748e-06, 6.085055247240234e-06, 1.282702123717172e-05, 9.129110367211979e-06, 3.5198688692616997e-06, 1.7560074638822698e-06, 2.0384654817462433e-06, 2.4315504560945556e-06, 1.7989124216910568e-06, 1.2422390227584401e-06, 8.006822440620454e-07, 7.235616976686288e-07, 7.11255836449709e-07, 4.900240355709684e-07, 2.4005481691347086e-07, 2.4734140424698126e-07, 2.4536757337045856e-07, 2.5194913177983835e-07, 3.0806572226538265e-07, 5.119669026498741e-07, 4.30409102136764e-07, 3.9233367488122894e-07, 3.919161315479869e-07, 3.15546316187465e-07, 4.2282232470824965e-07, 3.569554962723487e-07, 3.6111785561843135e-07, 4.53994744020747e-07, 7.482854584850429e-07, 1.523073137832398e-06, 1.626943344490428e-06, 1.8680536868487252e-06, 2.6839497877517715e-06, 4.0542936403653584e-06, 4.656639248423744e-06, 8.51013192004757e-06, 8.578453162044752e-06, 1.4819826901657507e-05, 2.1462690710905008e-05, 2.3027811039355583e-05, 1.8676384570426308e-05, 1.3677893548447173e-05, 1.436290858691791e-05, 1.5582689229631796e-05, 8.863897164701484e-06, 1.1948797691729851e-05, 8.619782420282718e-06, 6.733958798577078e-06, 6.531942744913977e-06, 3.1613440114597324e-06, 2.855059847206576e-06, 1.2029310028083273e-06, 7.785253615111287e-07, 5.650606453855289e-07, 4.0631704223415e-07, 3.192854478584195e-07, 2.2019446532794973e-07, 1.5282468268651428e-07, 9.433212966314386e-08, 7.458977790975041e-08, 5.1464589034821984e-08, 5.69899576419175e-08, 5.350544896032261e-08, 5.505378553039009e-08, 6.45744933081005e-08, 6.873673186191809e-08, 7.478162444840564e-08, 9.437433590164801e-08, 7.62159899636572e-08, 8.487541691692968e-08, 6.49910418815125e-08, 5.607155628695182e-08, 4.534484077112211e-08, 3.546220384009757e-08, 3.6262516545093604e-08, 2.601441728700138e-08, 1.7640212846004033e-08, 1.4585925356414009e-08, 1.4303804363180461e-08, 1.4830636274609788e-08, 1.100992363944897e-08, 8.09613798224973e-09, 5.6970330675198966e-09, 3.6417631132934503e-09, 7.052730066625656e-10, 1.3672167564759974e-10, 1.034100843150254e-11, 8.513943890176012e-12, 4.602373170070617e-12, 3.3588307916249116e-12, 3.2948314215852648e-12, 3.2242661231890457e-12, 3.1443766861094513e-12, 3.094464571737343e-12, 3.074002857816893e-12], "lowlevel.melbands128.stdev": [6.154044740469544e-07, 5.829925839861971e-07, 7.951722977850295e-07, 2.9390234885795508e-06, 1.4529809050145559e-05, 5.374166357796639e-05, 3.799299884121865e-05, 0.0001272447407245636, 0.0005574949318543077, 0.00029717048164457083, 0.002341753337532282, 0.003689091419801116, 0.0022631208412349224, 0.001978314947336912, 0.000769526872318238, 0.0010337381390854716, 0.0008597112027928233, 0.00023297670122701675, 0.0007267047767527401, 0.0018119161250069737, 0.002749888924881816, 0.0032311559189110994, 0.0036291496362537146, 0.00029292114777490497, 0.0005222836043685675, 0.0008796745678409934, 0.00013354202383197844, 0.0003045906196348369, 0.00010338878200855106, 3.072779145441018e-05, 2.263418173242826e-05, 2.018743907683529e-05, 2.6268684450769797e-05, 3.120392284472473e-05, 3.2076968636829406e-05, 6.524211494252086e-05, 3.850908251479268e-05, 2.7740288714994676e-05, 9.576021511747967e-06, 1.0076761100208387e-05, 1.3108369785186369e-05, 8.809439350443427e-06, 5.947292265773285e-06, 4.851661742577562e-06, 4.224184522172436e-06, 4.763312517752638e-06, 3.87656882594456e-06, 8.971991860562412e-07, 8.310488510687719e-07, 8.375436095775513e-07, 7.062170652716304e-07, 8.31911336263147e-07, 1.525467951069004e-06, 1.1776050996559206e-06, 1.3837599226462771e-06, 1.2367564750093152e-06, 1.3013714124099351e-06, 3.0929249987821095e-06, 2.293825673405081e-06, 1.7206342590725399e-06, 1.452292053727433e-06, 3.184635488651111e-06, 6.829065114288824e-06, 5.876654995518038e-06, 6.6637421696214005e-06, 9.323745871370193e-06, 1.6098985724966042e-05, 1.859686199168209e-05, 3.524226485751569e-05, 3.0095257898210548e-05, 5.5237112974282354e-05, 8.140741556417197e-05, 8.511668420396745e-05, 7.275977986864746e-05, 4.8238271119771525e-05, 4.743988756672479e-05, 5.860087549081072e-05, 2.915750337706413e-05, 4.067090048920363e-05, 3.0809118470642716e-05, 2.2885555154061876e-05, 2.3943990527186543e-05, 1.0768676474981476e-05, 9.47144962992752e-06, 3.631594154285267e-06, 2.732093207669095e-06, 1.7623725625526276e-06, 1.4154921927911346e-06, 1.1481489536890876e-06, 8.416436116931436e-07, 5.437734102997638e-07, 4.1962809405049484e-07, 3.3164937462970556e-07, 1.928586073063343e-07, 2.4133962028827227e-07, 2.3021445372251037e-07, 2.3672512838857074e-07, 2.4928297648330044e-07, 3.1831891078581975e-07, 3.304898825717828e-07, 3.9106123495002976e-07, 3.253833540384221e-07, 3.634164045251964e-07, 2.511969512397627e-07, 2.2856696091366757e-07, 1.9874791234997247e-07, 1.512801190983737e-07, 1.5653868956633232e-07, 1.1786500664356936e-07, 9.863329353265726e-08, 7.03876921193114e-08, 7.269758839356655e-08, 7.490751841032761e-08, 5.1204416706696065e-08, 3.324297992435277e-08, 2.4814982069187863e-08, 1.6244321443537046e-08, 8.896209102715602e-09, 1.8505484922215487e-09, 1.1685491463353515e-10, 8.579364302319092e-11, 1.889472606153575e-11, 4.9002672579401274e-12, 4.8138008336418014e-12, 4.741477176162245e-12, 4.68585283422418e-12, 4.6447650413339314e-12, 4.619266774641417e-12], "lowlevel.mfcc.mean": [-851.5836791992188, 186.34178161621094, 12.116801261901855, 3.6718688011169434, -60.3658332824707, -47.518795013427734, -32.06606674194336, -28.60560417175293, -19.64318084716797, -22.427146911621094, -15.760515213012695, -11.924873352050781, -8.462145805358887], "lowlevel.spectral_contrast_coeffs.mean": [-0.4297197759151459, -0.5976706743240356, -0.7349424362182617, -0.8505808115005493, -0.78492271900177, -0.7604488730430603], "lowlevel.spectral_contrast_coeffs.stdev": [0.09971176832914352, 0.09051261842250824, 0.08965335041284561, 0.0333266444504261, 0.08585704118013382, 0.13905072212219238], "lowlevel.spectral_contrast_valleys.mean": [-9.751775741577148, -7.402305603027344, -8.696441650390625, -9.912164688110352, -9.991743087768555, -13.076947212219238], "lowlevel.spectral_contrast_valleys.stdev": [1.055451512336731, 1.07872474193573, 0.949437141418457, 1.0310472249984741, 1.6822491884231567, 1.5735399723052979], "rhythm.beats_loudness_band_ratio.mean": [0.016102487221360207, 0.5138722658157349, 0.38443803787231445, 0.020117023959755898, 0.002349905902519822, 0.1289941817522049], "rhythm.beats_loudness_band_ratio.stdev": [0.03377539664506912, 0.291609525680542, 0.28376924991607666, 0.040804069489240646, 0.0038611218333244324, 0.21105307340621948], "tonal.hpcp.mean": [0.004632206633687019, 0.0021028334740549326, 0.010493995621800423, 0.03870628774166107, 0.03007221221923828, 0.006632909644395113, 0.010505406185984612, 0.014547598548233509, 0.19195227324962616, 0.3139333724975586, 0.13226865231990814, 0.0015364453429356217, 0.0011501723201945424, 0.0023826234973967075, 0.24698783457279205, 0.4701105058193207, 0.22996079921722412, 0.06801579147577286, 0.15174798667430878, 0.09014219045639038, 0.004012707620859146, 0.004893267527222633, 0.003080991329625249, 0.09651641547679901, 0.18330729007720947, 0.08848845213651657, 0.002088399138301611, 0.0023405004758387804, 0.004628355614840984, 0.16101452708244324, 0.27729225158691406, 0.12418502569198608, 0.010725360363721848, 0.00852715503424406, 0.004291311372071505, 0.005122284404933453], "tonal.hpcp.stdev": [0.03181712329387665, 0.014108922332525253, 0.03757656365633011, 0.1314510703086853, 0.10745672136545181, 0.03802621737122536, 0.0664680227637291, 0.07878723740577698, 0.2669752240180969, 0.41768693923950195, 0.1834966391324997, 0.009069847874343395, 0.004099105019122362, 0.020525332540273666, 0.2432926744222641, 0.43792712688446045, 0.2149117887020111, 0.13947919011116028, 0.3184831738471985, 0.20058338344097137, 0.01936405897140503, 0.04138066992163658, 0.03996700420975685, 0.19401802122592926, 0.3624044358730316, 0.17624600231647491, 0.013572548516094685, 0.016181394457817078, 0.025109585374593735, 0.23329168558120728, 0.3685970902442932, 0.17590555548667908, 0.03497825190424919, 0.021616123616695404, 0.018736615777015686, 0.029745513573288918], "rhythm.beats_position": [0.40634921193122864, 0.8359183669090271, 1.2422676086425781, 1.6486167907714844, 2.043355941772461, 2.449705123901367, 2.8444442749023438, 3.250793695449829, 3.6571428775787354, 4.051881790161133, 4.435011386871338, 4.841360569000244, 5.24770975112915, 5.642448902130127, 6.048798084259033, 6.4551472663879395, 6.849886417388916, 7.244625568389893, 7.650974750518799, 8.057324409484863, 8.45206356048584, 8.846802711486816, 9.241541862487793, 9.6478910446167, 10.054240226745605, 10.448979377746582, 10.832108497619629, 11.226847648620605, 11.633196830749512, 12.039546012878418, 12.445895195007324, 12.8406343460083, 13.235373497009277, 13.63011360168457, 14.036462783813477, 14.442811965942383, 14.83755111694336, 15.232290267944336, 15.638639450073242, 16.04498863220215, 16.439727783203125, 16.8344669342041, 17.240816116333008, 17.647165298461914, 18.04190444946289, 18.436643600463867, 18.831382751464844, 19.23773193359375, 19.644081115722656, 20.038820266723633, 20.44516944885254, 20.851518630981445, 21.246257781982422, 21.6409969329834, 22.035736083984375, 22.44208526611328, 22.836824417114258, 23.243173599243164, 23.63791275024414], "rhythm.bpm_histogram": [0.0, 0.0, 0.0, 0.0, 0.0, 0.0, 0.0, 0.0, 0.0, 0.0, 0.0, 0.0, 0.0, 0.0, 0.0, 0.0, 0.0, 0.0, 0.0, 0.0, 0.0, 0.0, 0.0, 0.0, 0.0, 0.0, 0.0, 0.0, 0.0, 0.0, 0.0, 0.0, 0.0, 0.0, 0.0, 0.0, 0.0, 0.0, 0.0, 0.0, 0.0, 0.0, 0.0, 0.0, 0.0, 0.0, 0.0, 0.0, 0.0, 0.0, 0.0, 0.0, 0.0, 0.0, 0.0, 0.0, 0.0, 0.0, 0.0, 0.0, 0.0, 0.0, 0.0, 0.0, 0.0, 0.0, 0.0, 0.0, 0.0, 0.0, 0.0, 0.0, 0.0, 0.0, 0.0, 0.0, 0.0, 0.0, 0.0, 0.0, 0.0, 0.0, 0.0, 0.0, 0.0, 0.0, 0.0, 0.0, 0.0, 0.0, 0.0, 0.0, 0.0, 0.0, 0.0, 0.0, 0.0, 0.0, 0.0, 0.0, 0.0, 0.0, 0.0, 0.0, 0.0, 0.0, 0.0, 0.0, 0.0, 0.0, 0.0, 0.0, 0.0, 0.0, 0.0, 0.0, 0.0, 0.0, 0.0, 0.0, 0.0, 0.0, 0.0, 0.0, 0.0, 0.0, 0.0, 0.0, 0.0, 0.0, 0.0, 0.0, 0.0, 0.0, 0.0, 0.0, 0.0, 0.0, 0.0, 0.0, 0.017241379246115685, 0.0, 0.0, 0.0, 0.0, 0.0, 0.0, 0.0, 0.48275861144065857, 0.0, 0.0, 0.0, 0.4655172526836395, 0.0, 0.0, 0.0, 0.0, 0.03448275849223137, 0.0, 0.0, 0.0, 0.0, 0.0, 0.0, 0.0, 0.0, 0.0, 0.0, 0.0, 0.0, 0.0, 0.0, 0.0, 0.0, 0.0, 0.0, 0.0, 0.0, 0.0, 0.0, 0.0, 0.0, 0.0, 0.0, 0.0, 0.0, 0.0, 0.0, 0.0, 0.0, 0.0, 0.0, 0.0, 0.0, 0.0, 0.0, 0.0, 0.0, 0.0, 0.0, 0.0, 0.0, 0.0, 0.0, 0.0, 0.0, 0.0, 0.0, 0.0, 0.0, 0.0, 0.0, 0.0, 0.0, 0.0, 0.0, 0.0, 0.0, 0.0, 0.0, 0.0, 0.0, 0.0, 0.0, 0.0, 0.0, 0.0, 0.0, 0.0, 0.0, 0.0, 0.0, 0.0, 0.0, 0.0, 0.0, 0.0, 0.0, 0.0, 0.0, 0.0, 0.0, 0.0, 0.0, 0.0, 0.0, 0.0, 0.0, 0.0, 0.0], "tonal.chords_histogram": [63.249515533447266, 0.0, 4.6421661376953125, 28.04642105102539, 0.7736943960189819, 0.0, 0.0, 0.0, 0.0, 1.93423593044281, 0.0, 0.0, 0.0, 0.0, 0.0, 0.0, 0.0, 0.0, 0.0, 0.0, 0.0, 0.0, 1.353965163230896, 0.0], "tonal.thpcp": [1.0, 0.48916327953338623, 0.1446804255247116, 0.3227921724319458, 0.1917468160390854, 0.008535669185221195, 0.01040876004844904, 0.006553759798407555, 0.2053057998418808, 0.3899238407611847, 0.188229039311409, 0.004442357923835516, 0.004978617653250694, 0.0098452502861619, 0.3425035774707794, 0.589844822883606, 0.2641613483428955, 0.02281455136835575, 0.018138619139790535, 0.00912830326706171, 0.01089591532945633, 0.009853442199528217, 0.004473062232136726, 0.0223224014043808, 0.08233444392681122, 0.06396839022636414, 0.01410925667732954, 0.022346673533320427, 0.030945060774683952, 0.4083130955696106, 0.6677863597869873, 0.2813565135002136, 0.0032682642340660095, 0.002446600003167987, 0.0050682201981544495, 0.5253825187683105], "lowlevel.gfcc.cov": [[10931.5166015625, -4487.7607421875, -524.6969604492188, 3282.803466796875, -1466.8922119140625, 834.041015625, 222.74317932128906, 364.3144836425781, -730.0911254882812, 889.5166625976562, -743.3631591796875, -65.41621398925781, -426.0665588378906], [-4487.7607421875, 4322.08447265625, 856.5078735351562, -2879.63623046875, 1474.6402587890625, -445.68646240234375, -307.2077941894531, 12.840356826782227, 363.3638916015625, -893.1414794921875, 3.0546014308929443, -207.8997039794922, 49.819854736328125], [-524.6969604492188, 856.5078735351562, 833.5328369140625, -795.7757568359375, 457.09161376953125, 176.5244140625, -324.78411865234375, 154.1184539794922, -110.68547821044922, -123.5656509399414, -169.26034545898438, -69.2566146850586, -96.73693084716797], [3282.803466796875, -2879.63623046875, -795.7757568359375, 2978.17529296875, -1421.0380859375, 72.62085723876953, 639.615234375, -453.54522705078125, -351.0201721191406, 346.17718505859375, 23.265613555908203, 100.82567596435547, 147.74668884277344], [-1466.8922119140625, 1474.6402587890625, 457.09161376953125, -1421.0380859375, 993.8028564453125, 86.55177307128906, -447.5932922363281, 214.9504852294922, 38.606689453125, -159.54075622558594, -29.649045944213867, -39.46918487548828, -129.55970764160156], [834.041015625, -445.68646240234375, 176.5244140625, 72.62085723876953, 86.55177307128906, 492.6405029296875, -214.5272216796875, 4.465423583984375, -234.25125122070312, 222.8706512451172, -88.74275207519531, -3.3119583129882812, -65.83263397216797], [222.74317932128906, -307.2077941894531, -324.78411865234375, 639.615234375, -447.5932922363281, -214.5272216796875, 512.5680541992188, -171.52630615234375, 100.24307250976562, -52.419227600097656, 9.152519226074219, -26.928325653076172, 52.501338958740234], [364.3144836425781, 12.840356826782227, 154.1184539794922, -453.54522705078125, 214.9504852294922, 4.465423583984375, -171.52630615234375, 479.89581298828125, 168.7759246826172, 35.15095138549805, -127.40113067626953, -70.40453338623047, -171.7314453125], [-730.0911254882812, 363.3638916015625, -110.68547821044922, -351.0201721191406, 38.606689453125, -234.25125122070312, 100.24307250976562, 168.7759246826172, 364.0802001953125, -91.00325775146484, 18.979930877685547, -76.17366027832031, -58.098106384277344], [889.5166625976562, -893.1414794921875, -123.5656509399414, 346.17718505859375, -159.54075622558594, 222.8706512451172, -52.419227600097656, 35.15095138549805, -91.00325775146484, 398.0618896484375, 27.5181827545166, 28.520627975463867, -96.99560546875], [-743.3631591796875, 3.0546014308929443, -169.26034545898438, 23.265613555908203, -29.649045944213867, -88.74275207519531, 9.152519226074219, -127.40113067626953, 18.979930877685547, 27.5181827545166, 241.82077026367188, 84.4145736694336, 65.30799865722656], [-65.41621398925781, -207.8997039794922, -69.2566146850586, 100.82567596435547, -39.46918487548828, -3.3119583129882812, -26.928325653076172, -70.40453338623047, -76.17366027832031, 28.520627975463867, 84.4145736694336, 197.74273681640625, 119.9415512084961], [-426.0665588378906, 49.819854736328125, -96.73693084716797, 147.74668884277344, -129.55970764160156, -65.83263397216797, 52.501338958740234, -171.7314453125, -58.098106384277344, -96.99560546875, 65.30799865722656, 119.9415512084961, 272.418212890625]], "lowlevel.gfcc.icov": [[0.00047098335926420987, -0.0005348006961867213, 0.000707261438947171, -0.0005178232677280903, 0.0009390602353960276, -0.0003258017241023481, 0.0004985698615200818, -0.0009790199110284448, 0.0010359871666878462, -0.0003999320324510336, 0.0014069938333705068, -0.0008181535522453487, 0.0011225047055631876], [-0.0005348006961867213, 0.005222327075898647, -0.002195676788687706, 0.003444889560341835, -0.004392220173031092, 0.0022713809739798307, -0.002297082683071494, 0.004709223750978708, -0.0016095192404463887, 0.004156225360929966, -0.0018958536675199866, 0.004769642371684313, -0.0030770727898925543], [0.000707261438947171, -0.002195676788687706, 0.004365920089185238, -0.0006910533993504941, 0.0031430311501026154, -0.001362802111543715, 0.0020668660290539265, -0.002593797631561756, 0.003425847040489316, -0.0005122555885463953, 0.0034730059560388327, -0.002323252148926258, 0.0033034018706530333], [-0.0005178232677280903, 0.003444889560341835, -0.0006910533993504941, 0.00423028040677309, -0.0009148733224719763, 0.0014448546571657062, -0.001989091979339719, 0.0033607841469347477, 0.0006247928249649704, 0.0029284078627824783, -0.0013315384276211262, 0.0030658342875540257, -0.0014182605082169175], [0.0009390602353960276, -0.004392220173031092, 0.0031430311501026154, -0.0009148733224719763, 0.00928107462823391, -0.002530622063204646, 0.003800916252657771, -0.0043161483481526375, 0.004007243551313877, -0.0016178133664652705, 0.003053730120882392, -0.005141137167811394, 0.006043348927050829], [-0.0003258017241023481, 0.0022713809739798307, -0.001362802111543715, 0.0014448546571657062, -0.002530622063204646, 0.006434691604226828, 0.00032310947426594794, 0.002974552335217595, 0.000992820248939097, -0.0011836597695946693, 0.0009782124543562531, 0.00299353851005435, -0.0017903940752148628], [0.0004985698615200818, -0.002297082683071494, 0.0020668660290539265, -0.001989091979339719, 0.003800916252657771, 0.00032310947426594794, 0.0071089016273617744, 3.767528323805891e-05, -0.0006044387118890882, -0.0010640391847118735, 0.0036592367105185986, -0.0023499533999711275, 0.003201709594577551], [-0.0009790199110284448, 0.004709223750978708, -0.002593797631561756, 0.0033607841469347477, -0.0043161483481526375, 0.002974552335217595, 3.767528323805891e-05, 0.01031271368265152, -0.0055188885889947414, 0.002822364680469036, 0.00020788823894690722, 0.0032319428864866495, -0.0016211813781410456], [0.0010359871666878462, -0.0016095192404463887, 0.003425847040489316, 0.0006247928249649704, 0.004007243551313877, 0.000992820248939097, -0.0006044387118890882, -0.0055188885889947414, 0.011263741180300713, -0.0006872772355563939, 0.0018309826264157891, -5.5257078201975673e-05, 0.0033183309715241194], [-0.0003999320324510336, 0.004156225360929966, -0.0005122555885463953, 0.0029284078627824783, -0.0016178133664652705, -0.0011836597695946693, -0.0010640391847118735, 0.002822364680469036, -0.0006872772355563939, 0.009763011708855629, -0.0030879543628543615, 0.0021960402373224497, 0.0008760793134570122], [0.0014069938333705068, -0.0018958536675199866, 0.0034730059560388327, -0.0013315384276211262, 0.003053730120882392, 0.0009782124543562531, 0.0036592367105185986, 0.00020788823894690722, 0.0018309826264157891, -0.0030879543628543615, 0.01264882367104292, -0.005213309545069933, 0.004171266686171293], [-0.0008181535522453487, 0.004769642371684313, -0.002323252148926258, 0.0030658342875540257, -0.005141137167811394, 0.00299353851005435, -0.0023499533999711275, 0.0032319428864866495, -5.5257078201975673e-05, 0.0021960402373224497, -0.005213309545069933, 0.014038016088306904, -0.008031792007386684], [0.0011225047055631876, -0.0030770727898925543, 0.0033034018706530333, -0.0014182605082169175, 0.006043348927050829, -0.0017903940752148628, 0.003201709594577551, -0.0016211813781410456, 0.0033183309715241194, 0.0008760793134570122, 0.004171266686171293, -0.008031792007386684, 0.012289797887206078]], "lowlevel.mfcc.cov": [[11761.0078125, -6388.818359375, 409.088623046875, 2676.513916015625, -1576.8458251953125, 1198.694091796875, 546.281982421875, -322.7312316894531, 481.24176025390625, 264.690673828125, 211.0914306640625, 32.29337692260742, 229.73292541503906], [-6388.818359375, 6643.4716796875, -342.84185791015625, -2650.445556640625, 1890.6656494140625, -1152.3565673828125, -424.38525390625, 406.8974609375, 0.4300200641155243, -186.45172119140625, 88.23014831542969, -102.27662658691406, -348.302734375], [409.088623046875, -342.84185791015625, 554.630615234375, 162.05186462402344, -107.6468505859375, 120.82006072998047, 70.00782012939453, -17.78827476501465, 18.004045486450195, -6.455256462097168, -119.18595123291016, -82.30718994140625, -20.57754898071289], [2676.513916015625, -2650.445556640625, 162.05186462402344, 1643.7237548828125, -1142.2747802734375, 465.0345764160156, 116.57540130615234, -65.9823989868164, -5.548043727874756, 52.42020797729492, -117.65017700195312, -6.359882831573486, 19.3392333984375], [-1576.8458251953125, 1890.6656494140625, -107.6468505859375, -1142.2747802734375, 1221.4786376953125, -351.1775207519531, -35.04838562011719, 54.72101974487305, -11.712451934814453, -59.87105178833008, 130.50299072265625, 11.807807922363281, -11.358284950256348], [1198.694091796875, -1152.3565673828125, 120.82006072998047, 465.0345764160156, -351.1775207519531, 582.9668579101562, 259.84228515625, -197.82008361816406, -75.66889953613281, -59.70698928833008, -167.52835083007812, -3.979700803756714, 148.95230102539062], [546.281982421875, -424.38525390625, 70.00782012939453, 116.57540130615234, -35.04838562011719, 259.84228515625, 247.38743591308594, -130.7906036376953, -45.12567901611328, -63.86259841918945, -81.77245330810547, -17.62789535522461, 94.96823120117188], [-322.7312316894531, 406.8974609375, -17.78827476501465, -65.9823989868164, 54.72101974487305, -197.82008361816406, -130.7906036376953, 239.2901153564453, 62.706016540527344, 38.947322845458984, 33.42010498046875, -11.877963066101074, -118.23133087158203], [481.24176025390625, 0.4300200641155243, 18.004045486450195, -5.548043727874756, -11.712451934814453, -75.66889953613281, -45.12567901611328, 62.706016540527344, 230.61917114257812, 108.09906768798828, 101.9083251953125, -1.5471686124801636, -48.67353820800781], [264.690673828125, -186.45172119140625, -6.455256462097168, 52.42020797729492, -59.87105178833008, -59.70698928833008, -63.86259841918945, 38.947322845458984, 108.09906768798828, 183.09869384765625, 150.18458557128906, 68.51875305175781, -12.804561614990234], [211.0914306640625, 88.23014831542969, -119.18595123291016, -117.65017700195312, 130.50299072265625, -167.52835083007812, -81.77245330810547, 33.42010498046875, 101.9083251953125, 150.18458557128906, 331.9992980957031, 149.9676513671875, 8.836929321289062], [32.29337692260742, -102.27662658691406, -82.30718994140625, -6.359882831573486, 11.807807922363281, -3.979700803756714, -17.62789535522461, -11.877963066101074, -1.5471686124801636, 68.51875305175781, 149.9676513671875, 180.37229919433594, 74.6702651977539], [229.73292541503906, -348.302734375, -20.57754898071289, 19.3392333984375, -11.358284950256348, 148.95230102539062, 94.96823120117188, -118.23133087158203, -48.67353820800781, -12.804561614990234, 8.836929321289062, 74.6702651977539, 184.6693572998047]], "lowlevel.mfcc.icov": [[0.0002769508573692292, 0.00021080105216242373, -1.95154789253138e-05, -0.00018778264347929507, -0.00015630018606316298, -0.0002687729138415307, -0.0001239178964169696, -7.561529491795227e-05, -0.0006151699926704168, 0.0003888954524882138, -0.0005281458725221455, 0.0003025764017365873, 6.078931619413197e-05], [0.00021080105216242373, 0.00081589724868536, 8.044081914704293e-05, 0.0007458292529918253, -0.00018042368174064904, 0.0001348135992884636, -2.917988422268536e-05, -0.00031981803476810455, -0.0004749126674141735, 0.0008171707158908248, -7.884565275162458e-05, -0.00013820269668940455, 0.0008890244644135237], [-1.95154789253138e-05, 8.044081914704293e-05, 0.002177984220907092, -1.3378120456764009e-05, -0.00014164811000227928, -8.238733425969258e-05, -0.00042519066482782364, -1.4382332665263675e-05, -0.00019755888206418604, -0.0007699897978454828, 0.0009008459746837616, 0.0003918262664228678, 0.00038027812843210995], [-0.00018778264347929507, 0.0007458292529918253, -1.3378120456764009e-05, 0.003320513293147087, 0.0017365945968776941, -0.00010141254460904747, -0.00026280831662006676, -0.0007721431320533156, 0.0007307416526600718, 0.0004458124458324164, 0.00016335050167981535, -0.0005728994146920741, 0.0015678361523896456], [-0.00015630018606316298, -0.00018042368174064904, -0.00014164811000227928, 0.0017365945968776941, 0.002786477794870734, 0.000581320549827069, -0.0011316905729472637, -0.000425544596510008, 0.0007043619407340884, 0.0005584686296060681, -0.0008822944364510477, 0.0002022338449023664, -0.00014664461195934564], [-0.0002687729138415307, 0.0001348135992884636, -8.238733425969258e-05, -0.00010141254460904747, 0.000581320549827069, 0.006171614397317171, -0.0037115926388651133, 0.0014104326255619526, 0.0003805634332820773, -0.0009514493867754936, 0.003122279653325677, -0.0019628540612757206, -0.0008618045249022543], [-0.0001239178964169696, -2.917988422268536e-05, -0.00042519066482782364, -0.00026280831662006676, -0.0011316905729472637, -0.0037115926388651133, 0.010037540458142757, 0.0016113887540996075, -0.00045506123569794, 0.001904553733766079, -0.0005193940014578402, 0.0012458085548132658, -0.0015936284326016903], [-7.561529491795227e-05, -0.00031981803476810455, -1.4382332665263675e-05, -0.0007721431320533156, -0.000425544596510008, 0.0014104326255619526, 0.0016113887540996075, 0.008192573674023151, -0.0011417483910918236, -0.0006651204894296825, 0.001777989906258881, -0.002006617607548833, 0.003202021587640047], [-0.0006151699926704168, -0.0004749126674141735, -0.00019755888206418604, 0.0007307416526600718, 0.0007043619407340884, 0.0003805634332820773, -0.00045506123569794, -0.0011417483910918236, 0.008586536161601543, -0.0044265612959861755, -0.0009693843894638121, 0.0021148924715816975, 0.0001578948722453788], [0.0003888954524882138, 0.0008171707158908248, -0.0007699897978454828, 0.0004458124458324164, 0.0005584686296060681, -0.0009514493867754936, 0.001904553733766079, -0.0006651204894296825, -0.0044265612959861755, 0.01342916488647461, -0.0049216714687645435, -0.0012460917932912707, 0.0008252846891991794], [-0.0005281458725221455, -7.884565275162458e-05, 0.0009008459746837616, 0.00016335050167981535, -0.0008822944364510477, 0.003122279653325677, -0.0005193940014578402, 0.001777989906258881, -0.0009693843894638121, -0.0049216714687645435, 0.011124325916171074, -0.007233241107314825, 0.0012199986958876252], [0.0003025764017365873, -0.00013820269668940455, 0.0003918262664228678, -0.0005728994146920741, 0.0002022338449023664, -0.0019628540612757206, 0.0012458085548132658, -0.002006617607548833, 0.0021148924715816975, -0.0012460917932912707, -0.007233241107314825, 0.01444579940289259, -0.005887078121304512], [6.078931619413197e-05, 0.0008890244644135237, 0.00038027812843210995, 0.0015678361523896456, -0.00014664461195934564, -0.0008618045249022543, -0.0015936284326016903, 0.003202021587640047, 0.0001578948722453788, 0.0008252846891991794, 0.0012199986958876252, -0.005887078121304512, 0.01287098042666912]], "metadata.audio_properties.analysis.downmix": "mix", "metadata.audio_properties.codec": "mp3", "metadata.audio_properties.md5_encoded": "25e790e395a07e33c457c6ca8561e4f2", "metadata.tags.file_name": "1183689056987648040.mp3", "metadata.version.essentia": "2.1-beta6-dev", "metadata.version.essentia_git_sha": "v2.1_beta5-1110-g77a6a954", "metadata.version.extractor": "music 2.0", "tonal.chords_key": "C", "tonal.chords_scale": "minor", "tonal.key_edma.key": "C", "tonal.key_edma.scale": "minor", "tonal.key_krumhansl.key": "C", "tonal.key_krumhansl.scale": "minor", "tonal.key_temperley.key": "C", "tonal.key_temperley.scale": "minor", "meta