{"song_id": "1183695794801492008", "download": "https://cdn.discordapp.com/attachments/1135911532732108921/1183695794801492008/chirp.mp4?ex=6589459d&amp", "lyrics": "[Verse]\nIn the heart of the wild, where legends are born\nRode a lonesome cowboy, with a hat well-worn\nHis six-shooter gleaming, on a trusty horse he'd mount\nHe'd ride into the sunset, with no fear to count\n\n[Chorus]\nYippee-yi-yay, yippee-yi-yo\nRiding through the prairies where the wild winds blow\nYippee-yi-yay, yippee-yi-hey\nTogether they'd conquer, with no time to delay", "style": ["random"], "essentia_features": {"lowlevel.average_loudness": 0.902802586555481, "lowlevel.barkbands_crest.mean": 12.637275695800781, "lowlevel.barkbands_crest.stdev": 4.143683910369873, "lowlevel.barkbands_flatness_db.mean": 0.27147552371025085, "lowlevel.barkbands_flatness_db.stdev": 0.07580061256885529, "lowlevel.barkbands_kurtosis.mean": 10.428814888000488, "lowlevel.barkbands_kurtosis.stdev": 17.018535614013672, "lowlevel.barkbands_skewness.mean": 2.15963077545166, "lowlevel.barkbands_skewness.stdev": 1.8844032287597656, "lowlevel.barkbands_spread.mean": 19.93002700805664, "lowlevel.barkbands_spread.stdev": 17.20972442626953, "lowlevel.dissonance.mean": 0.4616679847240448, "lowlevel.dissonance.stdev": 0.032231155782938004, "lowlevel.dynamic_complexity": 5.5754594802856445, "lowlevel.erbbands_crest.mean": 12.173860549926758, "lowlevel.erbbands_crest.stdev": 5.430944442749023, "lowlevel.erbbands_flatness_db.mean": 0.24532769620418549, "lowlevel.erbbands_flatness_db.stdev": 0.057351596653461456, "lowlevel.erbbands_kurtosis.mean": 2.562645196914673, "lowlevel.erbbands_kurtosis.stdev": 7.325511455535889, "lowlevel.erbbands_skewness.mean": -0.41098758578300476, "lowlevel.erbbands_skewness.stdev": 1.6362411975860596, "lowlevel.erbbands_spread.mean": 34.263404846191406, "lowlevel.erbbands_spread.stdev": 23.336353302001953, "lowlevel.hfc.mean": 13.894563674926758, "lowlevel.hfc.stdev": 16.77796173095703, "lowlevel.loudness_ebu128.integrated": -17.450275421142578, "lowlevel.loudness_ebu128.loudness_range": 4.801372528076172, "lowlevel.loudness_ebu128.momentary.mean": -20.287004470825195, "lowlevel.loudness_ebu128.momentary.stdev": 10.5035982131958, "lowlevel.loudness_ebu128.short_term.mean": -17.903810501098633, "lowlevel.loudness_ebu128.short_term.stdev": 1.6588943004608154, "lowlevel.melbands_crest.mean": 18.745670318603516, "lowlevel.melbands_crest.stdev": 5.4934892654418945, "lowlevel.melbands_flatness_db.mean": 0.34987926483154297, "lowlevel.melbands_flatness_db.stdev": 0.09907342493534088, "lowlevel.melbands_kurtosis.mean": 28.78455924987793, "lowlevel.melbands_kurtosis.stdev": 38.0375862121582, "lowlevel.melbands_skewness.mean": 3.6789162158966064, "lowlevel.melbands_skewness.stdev": 2.521963119506836, "lowlevel.melbands_spread.mean": 21.04905891418457, "lowlevel.melbands_spread.stdev": 22.002748489379883, "lowlevel.pitch_salience.mean": 0.44383206963539124, "lowlevel.pitch_salience.stdev": 0.13522686064243317, "lowlevel.silence_rate_20dB.mean": 1.0, "lowlevel.silence_rate_20dB.stdev": 0.0, "lowlevel.silence_rate_30dB.mean": 1.0, "lowlevel.silence_rate_30dB.stdev": 0.0, "lowlevel.silence_rate_60dB.mean": 0.08493150770664215, "lowlevel.silence_rate_60dB.stdev": 0.278774619102478, "lowlevel.spectral_centroid.mean": 1157.0526123046875, "lowlevel.spectral_centroid.stdev": 829.6727294921875, "lowlevel.spectral_complexity.mean": 11.228082656860352, "lowlevel.spectral_complexity.stdev": 7.324529647827148, "lowlevel.spectral_decrease.mean": -5.746169318143757e-09, "lowlevel.spectral_decrease.stdev": 3.778647617025399e-09, "lowlevel.spectral_energy.mean": 0.0229476485401392, "lowlevel.spectral_energy.stdev": 0.015483076684176922, "lowlevel.spectral_energyband_high.mean": 4.49537874374073e-05, "lowlevel.spectral_energyband_high.stdev": 0.00014267110964283347, "lowlevel.spectral_energyband_low.mean": 0.012670247815549374, "lowlevel.spectral_energyband_low.stdev": 0.008945285342633724, "lowlevel.spectral_energyband_middle_high.mean": 0.00532950647175312, "lowlevel.spectral_energyband_middle_high.stdev": 0.0072728474624454975, "lowlevel.spectral_energyband_middle_low.mean": 0.00551922433078289, "lowlevel.spectral_energyband_middle_low.stdev": 0.0051923394203186035, "lowlevel.spectral_entropy.mean": 6.694614410400391, "lowlevel.spectral_entropy.stdev": 0.5759541988372803, "lowlevel.spectral_flux.mean": 0.050351087003946304, "lowlevel.spectral_flux.stdev": 0.0354074165225029, "lowlevel.spectral_kurtosis.mean": 16.415891647338867, "lowlevel.spectral_kurtosis.stdev": 11.51373291015625, "lowlevel.spectral_rms.mean": 0.004366779699921608, "lowlevel.spectral_rms.stdev": 0.0018218629993498325, "lowlevel.spectral_rolloff.mean": 1130.327392578125, "lowlevel.spectral_rolloff.stdev": 1277.1424560546875, "lowlevel.spectral_skewness.mean": 2.584686517715454, "lowlevel.spectral_skewness.stdev": 0.9734900593757629, "lowlevel.spectral_spread.mean": 2629357.0, "lowlevel.spectral_spread.stdev": 1797686.0, "lowlevel.spectral_strongpeak.mean": 0.5643710494041443, "lowlevel.spectral_strongpeak.stdev": 0.7260217070579529, "lowlevel.zerocrossingrate.mean": 0.037535786628723145, "lowlevel.zerocrossingrate.stdev": 0.04368104785680771, "metadata.audio_properties.analysis.equal_loudness": 0.0, "metadata.audio_properties.analysis.length": 33.87628173828125, "metadata.audio_properties.analysis.sample_rate": 44100.0, "metadata.audio_properties.analysis.start_time": 0.0, "metadata.audio_properties.bit_rate": 109701.0, "metadata.audio_properties.length": 33.87733459472656, "metadata.audio_properties.lossless": 0.0, "metadata.audio_properties.number_channels": 1.0, "metadata.audio_properties.replay_gain": -10.342428207397461, "metadata.audio_properties.sample_rate": 48000.0, "rhythm.beats_count": 79.0, "rhythm.beats_loudness.mean": 0.026837855577468872, "rhythm.beats_loudness.stdev": 0.016102062538266182, "rhythm.bpm": 139.7345733642578, "rhythm.bpm_histogram_first_peak_bpm": 140.0, "rhythm.bpm_histogram_first_peak_weight": 0.585365891456604, "rhythm.bpm_histogram_second_peak_bpm": 129.0, "rhythm.bpm_histogram_second_peak_spread": 0.4166666865348816, "rhythm.bpm_histogram_second_peak_weight": 0.08974359184503555, "rhythm.danceability": 0.9938418865203857, "rhythm.onset_rate": 3.157318115234375, "tonal.chords_changes_rate": 0.09712722152471542, "tonal.chords_number_rate": 0.01504787988960743, "tonal.chords_strength.mean": 0.4361397325992584, "tonal.chords_strength.stdev": 0.0820789784193039, "tonal.hpcp_crest.mean": 13.06971549987793, "tonal.hpcp_crest.stdev": 5.591330051422119, "tonal.hpcp_entropy.mean": 2.049327850341797, "tonal.hpcp_entropy.stdev": 0.688729465007782, "tonal.key_edma.strength": 0.6540143489837646, "tonal.key_krumhansl.strength": 0.6628686785697937, "tonal.key_temperley.strength": 0.6730563044548035, "tonal.tuning_diatonic_strength": 0.5898604393005371, "tonal.tuning_equal_tempered_deviation": 0.16049383580684662, "tonal.tuning_frequency": 445.8845520019531, "tonal.tuning_nontempered_energy_ratio": 0.7904962301254272, "lowlevel.barkbands.mean": [8.695536052982789e-06, 0.008871428668498993, 0.0032608581241220236, 0.0012558628804981709, 0.00171187415253371, 0.0003990804834757, 0.0004774624831043184, 0.00047602661652490497, 0.0010088381823152304, 0.0006546014919877052, 0.00033685838570818305, 0.0004387667868286371, 0.0003000501892529428, 0.00030633501592092216, 0.00023001970839686692, 0.0006873447564430535, 0.0019959271885454655, 0.0004671154893003404, 1.2539190720417537e-05, 7.761072993162088e-06, 9.568700079398695e-06, 1.2197147043480072e-06, 1.2656397302635014e-05, 1.0370344170951284e-05, 5.515917564480333e-06, 8.717573791727773e-07, 1.891091061523298e-09], "lowlevel.barkbands.stdev": [1.8286094928043894e-05, 0.007497190497815609, 0.0032424968667328358, 0.0017581733409315348, 0.0019133588066324592, 0.00066786800744012, 0.0011300878832116723, 0.001374233397655189, 0.002528320299461484, 0.0020010420121252537, 0.0010100043145939708, 0.001469873241148889, 0.0010421634651720524, 0.0009283149265684187, 0.000683880818542093, 0.0020007705315947533, 0.004124998115003109, 0.0009191670687869191, 5.393729588831775e-05, 2.931805829575751e-05, 2.493671308911871e-05, 6.234523880266352e-06, 7.082349475240335e-05, 3.6774392356164753e-05, 1.7664424376562238e-05, 4.5774922909913585e-06, 3.898797018564437e-08], "lowlevel.erbbands.mean": [0.07359007745981216, 2.5016331672668457, 5.291563987731934, 3.32413911819458, 3.7041454315185547, 8.03125, 4.987216472625732, 3.4328773021698, 4.707915782928467, 9.1787109375, 15.3499755859375, 20.169618606567383, 21.994365692138672, 18.96887969970703, 13.670735359191895, 16.660194396972656, 14.031684875488281, 14.341390609741211, 13.229856491088867, 15.902203559875488, 53.70969009399414, 117.68571472167969, 39.83977508544922, 2.912200450897217, 0.5295528769493103, 0.3779211640357971, 0.5483188033103943, 0.17527873814105988, 0.04569763317704201, 0.11630561202764511, 0.42843562364578247, 0.26549026370048523, 0.16230309009552002, 0.08871347457170486, 0.023168442770838737, 0.006017500534653664, 0.0013390242820605636, 8.485779835609719e-05, 1.3995687368151266e-05, 2.6762170818983577e-05], "lowlevel.erbbands.stdev": [0.06888649612665176, 2.0739448070526123, 4.231080055236816, 3.554051399230957, 3.943403720855713, 11.120408058166504, 6.985233306884766, 5.424149990081787, 10.823286056518555, 21.69968605041504, 45.95793151855469, 51.97450637817383, 56.235313415527344, 62.621517181396484, 42.41421127319336, 52.74527359008789, 46.684547424316406, 39.08164978027344, 39.25410842895508, 44.027915954589844, 139.10044860839844, 238.93531799316406, 68.69820404052734, 5.294948577880859, 2.8056116104125977, 1.306963324546814, 1.3776044845581055, 0.5572695136070251, 0.22484709322452545, 0.5588399767875671, 2.5403215885162354, 1.0241957902908325, 0.590630054473877, 0.2669728100299835, 0.08978641778230667, 0.027804706245660782, 0.00820996519178152, 0.0006294821505434811, 1.4899041161697824e-05, 1.8596740119392052e-05], "lowlevel.gfcc.mean": [-132.23634338378906, 155.9283447265625, -110.02308654785156, 32.76773452758789, -20.520715713500977, 16.51932716369629, -48.95112991333008, 23.301469802856445, -8.442262649536133, -31.08989715576172, 0.36609041690826416, -10.530317306518555, 2.1305482387542725], "lowlevel.melbands.mean": [0.0015891490038484335, 0.0030760669615119696, 0.0006229629507288337, 0.00036499573616310954, 0.0002488421741873026, 7.495981844840571e-05, 8.046712900977582e-05, 9.685883560450748e-05, 0.00014608580386266112, 0.0001247140025952831, 0.00010965050023514777, 7.889535481808707e-05, 4.534004983725026e-05, 4.803554111276753e-05, 3.9797065255697817e-05, 2.7870279154740274e-05, 2.682558260858059e-05, 2.2955424356041476e-05, 1.6646235962980427e-05, 2.6771773264044896e-05, 6.876165571156889e-05, 0.00013260080595500767, 7.557187200291082e-05, 1.0511751497688238e-05, 1.046679926730576e-06, 3.5458714364722255e-07, 2.4725306957407156e-07, 2.4358871542062843e-07, 3.3705782698234543e-07, 2.785962465168268e-07, 4.754896210101833e-08, 2.273747767844725e-08, 2.3461398157564872e-08, 7.824483105878244e-08, 2.561810958923161e-07, 2.2651165920706262e-07, 1.4104512047197204e-07, 1.1574768876698727e-07, 9.453421512262139e-08, 6.846253342018827e-08], "lowlevel.melbands.stdev": [0.0013900466728955507, 0.002281495835632086, 0.0006105508655309677, 0.0003726623544935137, 0.0003074979758821428, 0.00011712711420841515, 0.00018274439207743853, 0.0002243002236355096, 0.0004559922672342509, 0.0003121921618003398, 0.0002874001220334321, 0.00026633209199644625, 0.00012766299187205732, 0.00017917471996042877, 0.0001442436478100717, 9.739985398482531e-05, 7.72770363255404e-05, 7.427822129102424e-05, 5.018583397031762e-05, 8.078042446868494e-05, 0.0001878517505247146, 0.0002931807830464095, 0.0001403564092470333, 2.2308418920147233e-05, 2.822583610395668e-06, 2.015832251345273e-06, 1.7268264400627231e-06, 8.500245485265623e-07, 8.776523827691562e-07, 7.738274803159584e-07, 2.0262636724055483e-07, 1.291232791800212e-07, 1.132726907826509e-07, 3.884823627231526e-07, 1.6605320070084417e-06, 1.0246621968690306e-06, 5.464353876050154e-07, 4.417414345425641e-07, 2.987194420711603e-07, 2.1066372823952406e-07], "lowlevel.melbands128.mean": [4.483676548261428e-06, 5.255887663224712e-05, 0.0017776547465473413, 0.005345535464584827, 0.0037451148964464664, 0.001253073918633163, 0.0005809718859381974, 0.000682537502143532, 0.0003230624133720994, 0.00016772236267570406, 0.0005760510684922338, 0.00042702147038653493, 0.0001254300441360101, 8.830049773678184e-05, 7.468324474757537e-05, 7.079626811901107e-05, 5.7390425354242325e-05, 7.449540134985e-05, 0.00011638671276159585, 0.00011502862616907805, 7.321914017666131e-05, 8.799594070296735e-05, 0.0001559109950903803, 0.0002136555704055354, 0.00012844728189520538, 7.876162271713838e-05, 0.0001372292754240334, 0.00010241157724522054, 0.00011001025995938107, 7.809123053448275e-05, 7.67673845984973e-05, 5.9312198573024943e-05, 3.9627557271160185e-05, 3.2592764910077676e-05, 5.9708156186388806e-05, 4.733325113193132e-05, 3.79788143618498e-05, 4.9476602725917473e-05, 3.2535201171413064e-05, 2.6609615815686993e-05, 2.7036287065129727e-05, 2.9157801691326313e-05, 2.1748055587522686e-05, 2.9207481929915957e-05, 3.376544191269204e-05, 1.723989043966867e-05, 1.834843715187162e-05, 1.265313221665565e-05, 1.7884563931147568e-05, 2.2338692360790446e-05, 1.9206687284167856e-05, 3.8836249586893246e-05, 6.938044680282474e-05, 6.870227662147954e-05, 9.628223051549867e-05, 0.00017929772729985416, 0.00011707616795320064, 0.00010007189848693088, 6.446523184422404e-05, 2.0370132915559225e-05, 6.098918220232008e-06, 2.6687082481657853e-06, 1.1901531706826063e-06, 7.032775783955003e-07, 4.804797413271444e-07, 3.104462678038544e-07, 3.0201783829397755e-07, 3.059026596474723e-07, 2.176814035692587e-07, 1.9779804460995365e-07, 2.326084143078333e-07, 2.6962629817717243e-07, 2.8132433271821355e-07, 3.406533153338387e-07, 4.1725400024006376e-07, 3.975031006575591e-07, 1.573560552969866e-07, 5.68280711377156e-08, 4.0280148994042975e-08, 2.7907386623837738e-08, 2.613469440859717e-08, 1.869827848111072e-08, 1.8692745129555988e-08, 2.1021230978135463e-08, 2.8149283792799906e-08, 4.286628296767958e-08, 6.939117014326257e-08, 1.9827500352675997e-07, 2.7754970233218046e-07, 3.120540270629135e-07, 2.425015281914966e-07, 2.2388229581338237e-07, 1.4703095985169057e-07, 1.4922399316219526e-07, 1.2373828894851613e-07, 1.1926768195280602e-07, 1.115379362204294e-07, 1.2028840501443483e-07, 8.470745882505071e-08, 9.207708728808939e-08, 8.459360145707251e-08, 6.817755604515696e-08, 4.395882413632535e-08, 3.536314352459158e-08, 1.9297360154268972e-08, 1.583483744127534e-08, 1.6867284458044196e-08, 1.3824293709774338e-08, 9.483894558570682e-09, 5.839646988192726e-09, 5.372338574005653e-09, 4.753667681711704e-09, 4.728818225885334e-09, 3.0721525323684773e-09, 1.3282381861046133e-09, 3.9458181166907025e-10, 4.5703354295545395e-11, 3.878989577460468e-12, 3.326102197484526e-12, 3.084662516736336e-12, 3.0037998997867188e-12, 2.8487886962608178e-12, 2.786515376079768e-12, 2.735792929003944e-12, 2.655899805636963e-12, 2.5472870340825793e-12, 2.4850551304245183e-12, 2.4658012177242172e-12], "lowlevel.melbands128.stdev": [1.0404124623164535e-05, 7.22295735613443e-05, 0.001784564577974379, 0.0044335778802633286, 0.003015649039298296, 0.0014725839719176292, 0.0007798218284733593, 0.0009669815772213042, 0.0004255069652572274, 0.0002007704315474257, 0.0008659276645630598, 0.0005633766995742917, 0.00029044441180303693, 0.00019604977569542825, 0.00014368502888828516, 0.00015163197531364858, 0.00015456309483852237, 0.00025037475279532373, 0.000356490898411721, 0.00034976741881109774, 0.0002517946413718164, 0.00034130862331949174, 0.0006881880690343678, 0.0007884182850830257, 0.0004450540873222053, 0.000350315123796463, 0.0003882138407789171, 0.0003519910096656531, 0.0004069883725605905, 0.00039593459223397076, 0.00032589759211987257, 0.00022334832465276122, 0.00013032834976911545, 0.00019437869195826352, 0.00027929068892262876, 0.00021847512107342482, 0.00015267039998434484, 0.00021547025244217366, 0.00015002164582256228, 0.00013027101522311568, 0.00011494581849547103, 0.00011350488784955814, 8.103593427222222e-05, 0.00011152368097100407, 0.0001438225881429389, 6.845424650236964e-05, 7.482412183890119e-05, 4.807267396245152e-05, 6.613635923713446e-05, 9.420326387044042e-05, 7.301648292923346e-05, 0.00014214403927326202, 0.00024016734096221626, 0.0002594420511741191, 0.0002874142664950341, 0.0004763450415339321, 0.0002733863948378712, 0.0002363040839554742, 0.00013675112859345973, 5.1545201131375507e-05, 1.725569563859608e-05, 7.750915756332688e-06, 3.6934773106622742e-06, 2.0958204913767986e-06, 2.8950487376278033e-06, 1.277577098335314e-06, 2.6071018055517925e-06, 2.9950699627079302e-06, 1.5002502777861082e-06, 8.18532328139554e-07, 1.0141358188775484e-06, 1.0018927696364699e-06, 1.024238940772193e-06, 8.890216349755065e-07, 1.0397008054496837e-06, 1.1605654890445294e-06, 5.926789867771731e-07, 2.259051399278178e-07, 2.0869001104983909e-07, 1.5402744679704483e-07, 1.6905393351862585e-07, 1.1458136128794649e-07, 1.0323113031063258e-07, 1.1818224265880417e-07, 1.342345967714209e-07, 2.004342292138972e-07, 2.962439964449004e-07, 1.290506475015718e-06, 2.003885583690135e-06, 2.106831061610137e-06, 1.0520001296754344e-06, 1.0729154382715933e-06, 4.987646775589383e-07, 7.120124223547464e-07, 5.083546170681075e-07, 4.664625237182918e-07, 4.328361455918639e-07, 5.268884706310928e-07, 2.6121554697056126e-07, 2.8125728590566723e-07, 2.517932387036126e-07, 2.1981600184517447e-07, 1.657164432344871e-07, 1.6779752343154541e-07, 8.163932108118388e-08, 7.64416583365346e-08, 8.302946952198909e-08, 6.457909051960087e-08, 4.7552745741086255e-08, 3.7249183293397437e-08, 3.4396293813188095e-08, 3.3445637370732584e-08, 3.2315845999164594e-08, 2.4261941788950026e-08, 1.3124988207380284e-08, 5.085562193585247e-09, 1.0796677996083304e-09, 2.036216334433405e-11, 8.835413303764916e-12, 5.728408632860171e-12, 5.547906752056964e-12, 4.1633697357712496e-12, 4.076827851001719e-12, 4.005305635768064e-12, 3.948009454080026e-12, 3.900131086143066e-12, 3.86608757160789e-12, 3.844945629244423e-12], "lowlevel.mfcc.mean": [-777.33837890625, 184.4364776611328, -1.0292774438858032, 15.688386917114258, 54.769622802734375, -12.720184326171875, 3.639446496963501, 24.638885498046875, 6.146690368652344, -1.9594694375991821, -12.823112487792969, 21.789649963378906, -12.532754898071289], "lowlevel.spectral_contrast_coeffs.mean": [-0.6794827580451965, -0.7733206748962402, -0.7899449467658997, -0.7890560030937195, -0.673925518989563, -0.8102748990058899], "lowlevel.spectral_contrast_coeffs.stdev": [0.0716363787651062, 0.07848404347896576, 0.07738272100687027, 0.08063597977161407, 0.09891377389431, 0.03937212750315666], "lowlevel.spectral_contrast_valleys.mean": [-7.227711200714111, -7.756877422332764, -8.235671043395996, -8.586612701416016, -9.52006721496582, -12.460705757141113], "lowlevel.spectral_contrast_valleys.stdev": [1.6138375997543335, 1.646911859512329, 1.595982313156128, 1.471975326538086, 1.3969284296035767, 1.3183695077896118], "rhythm.beats_loudness_band_ratio.mean": [0.5711915493011475, 0.07545696198940277, 0.10411272197961807, 0.10404468327760696, 0.15009252727031708, 0.01371755637228489], "rhythm.beats_loudness_band_ratio.stdev": [0.23589374125003815, 0.0653110221028328, 0.12769292294979095, 0.1404557079076767, 0.14640985429286957, 0.052904143929481506], "tonal.hpcp.mean": [0.020497232675552368, 0.024286141619086266, 0.025715291500091553, 0.023194855079054832, 0.052892498672008514, 0.1799342930316925, 0.17409589886665344, 0.042997054755687714, 0.012478474527597427, 0.01793331652879715, 0.028299571946263313, 0.04359584301710129, 0.05100627988576889, 0.03719311207532883, 0.024985576048493385, 0.036935094743967056, 0.06635576486587524, 0.07164417207241058, 0.059167101979255676, 0.11133065819740295, 0.3902539610862732, 0.5461645126342773, 0.26789796352386475, 0.04848429560661316, 0.03497692197561264, 0.04360736533999443, 0.17271247506141663, 0.28349488973617554, 0.16767778992652893, 0.04558204114437103, 0.03889217600226402, 0.05080442130565643, 0.04692281037569046, 0.029125476256012917, 0.0185711532831192, 0.017091045156121254], "tonal.hpcp.stdev": [0.08567487448453903, 0.0920928567647934, 0.09458685666322708, 0.0849311351776123, 0.13840879499912262, 0.28290557861328125, 0.27133670449256897, 0.0960322692990303, 0.048849619925022125, 0.06411587446928024, 0.08765880763530731, 0.09401105344295502, 0.11160793155431747, 0.09051577746868134, 0.06831036508083344, 0.09281007200479507, 0.1506558656692505, 0.15043233335018158, 0.13624204695224762, 0.1787160336971283, 0.34833604097366333, 0.43497732281684875, 0.2793053984642029, 0.13795578479766846, 0.1227758526802063, 0.1289120316505432, 0.27294692397117615, 0.41261613368988037, 0.28283989429473877, 0.15122680366039276, 0.14260762929916382, 0.17379601299762726, 0.14214344322681427, 0.10071370750665665, 0.06723885238170624, 0.08231920003890991], "rhythm.beats_position": [0.3599092960357666, 0.7314285635948181, 1.1029478311538696, 1.4628571271896362, 1.834376335144043, 2.2058956623077393, 2.589024782180786, 2.972154140472412, 3.355283498764038, 3.738412618637085, 4.109931945800781, 4.481451034545898, 4.841360569000244, 5.201269626617432, 5.561179161071777, 5.921088218688965, 6.339047431945801, 6.768616676330566, 7.198185920715332, 7.627755165100098, 8.057324409484863, 8.498503684997559, 8.939682006835938, 9.357641220092773, 9.787210464477539, 10.216779708862305, 10.63473892211914, 11.064308166503906, 11.493877410888672, 11.935056686401367, 12.376235961914062, 12.817414283752441, 13.258593559265137, 13.699772834777832, 14.129342079162598, 14.570521354675293, 15.023310661315918, 15.464489936828613, 15.928888320922852, 16.393287658691406, 16.85768699645996, 17.322086334228516, 17.77487564086914, 18.239274978637695, 18.692062377929688, 19.121631622314453, 19.632471084594727, 20.15492057800293, 20.665760040283203, 21.130157470703125, 21.58294677734375, 22.047346115112305, 22.47691535949707, 22.906484603881836, 23.34766387939453, 23.800453186035156, 24.230022430419922, 24.659591674804688, 25.100770950317383, 25.51873016357422, 25.948299407958984, 26.37786865234375, 26.772607803344727, 27.178956985473633, 27.57369613647461, 27.968435287475586, 28.374784469604492, 28.76952362060547, 29.175872802734375, 29.59383201599121, 30.023401260375977, 30.464580535888672, 30.882539749145508, 31.300498962402344, 31.71845817565918, 32.136417388916016, 32.55437469482422, 32.97233581542969, 33.39029312133789], "rhythm.bpm_histogram": [0.0, 0.0, 0.0, 0.0, 0.0, 0.0, 0.0, 0.0, 0.0, 0.0, 0.0, 0.0, 0.0, 0.0, 0.0, 0.0, 0.0, 0.0, 0.0, 0.0, 0.0, 0.0, 0.0, 0.0, 0.0, 0.0, 0.0, 0.0, 0.0, 0.0, 0.0, 0.0, 0.0, 0.0, 0.0, 0.0, 0.0, 0.0, 0.0, 0.0, 0.0, 0.0, 0.0, 0.0, 0.0, 0.0, 0.0, 0.0, 0.0, 0.0, 0.0, 0.0, 0.0, 0.0, 0.0, 0.0, 0.0, 0.0, 0.0, 0.0, 0.0, 0.0, 0.0, 0.0, 0.0, 0.0, 0.0, 0.0, 0.0, 0.0, 0.0, 0.0, 0.0, 0.0, 0.0, 0.0, 0.0, 0.0, 0.0, 0.0, 0.0, 0.0, 0.0, 0.0, 0.0, 0.0, 0.0, 0.0, 0.0, 0.0, 0.0, 0.0, 0.0, 0.0, 0.0, 0.0, 0.0, 0.0, 0.0, 0.0, 0.0, 0.0, 0.0, 0.0, 0.0, 0.0, 0.0, 0.0, 0.0, 0.0, 0.0, 0.0, 0.0, 0.0, 0.0, 0.012820512987673283, 0.0, 0.025641025975346565, 0.0, 0.0, 0.0, 0.0, 0.0, 0.0, 0.0, 0.0, 0.0, 0.0, 0.0, 0.08974359184503555, 0.0, 0.0, 0.0, 0.06410256773233414, 0.0, 0.0, 0.1538461595773697, 0.0, 0.0, 0.0, 0.21794871985912323, 0.0, 0.0, 0.0, 0.1538461595773697, 0.0, 0.0, 0.0, 0.03846153989434242, 0.0, 0.0, 0.0, 0.05128205195069313, 0.0, 0.0, 0.0, 0.0, 0.05128205195069313, 0.0, 0.0, 0.0, 0.07692307978868484, 0.0, 0.0, 0.0, 0.0, 0.0, 0.06410256773233414, 0.0, 0.0, 0.0, 0.0, 0.0, 0.0, 0.0, 0.0, 0.0, 0.0, 0.0, 0.0, 0.0, 0.0, 0.0, 0.0, 0.0, 0.0, 0.0, 0.0, 0.0, 0.0, 0.0, 0.0, 0.0, 0.0, 0.0, 0.0, 0.0, 0.0, 0.0, 0.0, 0.0, 0.0, 0.0, 0.0, 0.0, 0.0, 0.0, 0.0, 0.0, 0.0, 0.0, 0.0, 0.0, 0.0, 0.0, 0.0, 0.0, 0.0, 0.0, 0.0, 0.0, 0.0, 0.0, 0.0, 0.0, 0.0, 0.0, 0.0, 0.0, 0.0, 0.0, 0.0, 0.0, 0.0, 0.0, 0.0, 0.0, 0.0, 0.0, 0.0, 0.0, 0.0, 0.0, 0.0, 0.0, 0.0, 0.0, 0.0, 0.0, 0.0], "tonal.chords_histogram": [9.712721824645996, 0.0, 16.142271041870117, 19.288644790649414, 3.2831737995147705, 0.0, 0.0, 0.0, 0.0, 1.0943912267684937, 7.660738945007324, 0.0, 0.0, 0.0, 0.0, 0.0, 4.787961483001709, 12.58549976348877, 0.0, 0.0, 0.0, 4.2407660484313965, 3.830369472503662, 17.37346076965332], "tonal.thpcp": [1.0, 0.4905078113079071, 0.08877232670783997, 0.06404100358486176, 0.07984291017055511, 0.3162279427051544, 0.5190650224685669, 0.30700966715812683, 0.08345844596624374, 0.07120963931083679, 0.09302036464214325, 0.08591333031654358, 0.0533272959291935, 0.03400285542011261, 0.03129285201430321, 0.037529412657022476, 0.044466715306043625, 0.04708341881632805, 0.04246862232685089, 0.09684352576732635, 0.32945072650909424, 0.3187609016895294, 0.07872546464204788, 0.022847464308142662, 0.032835010439157486, 0.051815107464790344, 0.07982181757688522, 0.09338995814323425, 0.06809873133897781, 0.04574734345078468, 0.06762631982564926, 0.1214940994977951, 0.1311769038438797, 0.10833201557397842, 0.20384088158607483, 0.7145355343818665], "lowlevel.gfcc.cov": [[20347.03515625, 3092.546142578125, -1367.0819091796875, -565.2305297851562, -407.34027099609375, -75.08910369873047, -859.25341796875, 545.7910766601562, 226.60342407226562, -786.1925048828125, -128.92623901367188, -409.56884765625, 212.343017578125], [3092.546142578125, 2701.072021484375, 117.37611389160156, -743.5253295898438, 446.314208984375, -186.4085693359375, -1.2734475135803223, -137.10107421875, 181.74485778808594, -512.5162963867188, 314.42926025390625, -132.89907836914062, 141.42230224609375], [-1367.0819091796875, 117.37611389160156, 925.81005859375, 165.2337646484375, 149.40615844726562, 31.853675842285156, -42.77275085449219, -182.75531005859375, -143.88534545898438, 37.69208908081055, 65.72492218017578, 98.36744689941406, 8.585140228271484], [-565.2305297851562, -743.5253295898438, 165.2337646484375, 682.4473266601562, 70.97152709960938, -72.59523010253906, -53.22189712524414, 3.6527864933013916, 28.673561096191406, 140.2676544189453, -115.05403137207031, 75.32317352294922, 75.6984634399414], [-407.34027099609375, 446.314208984375, 149.40615844726562, 70.97152709960938, 574.8027954101562, -36.22339630126953, -93.90279388427734, -55.586936950683594, 205.2884521484375, -19.511615753173828, 24.806100845336914, 14.644739151000977, 117.05677032470703], [-75.08910369873047, -186.4085693359375, 31.853675842285156, -72.59523010253906, -36.22339630126953, 289.3472900390625, 38.88059997558594, -39.14702224731445, -60.671104431152344, 57.88164520263672, 4.459410190582275, -14.138937950134277, -28.763370513916016], [-859.25341796875, -1.2734475135803223, -42.77275085449219, -53.22189712524414, -93.90279388427734, 38.88059997558594, 447.51519775390625, 18.796607971191406, -48.72019577026367, -6.539606094360352, 32.773319244384766, 34.553218841552734, -12.299756050109863], [545.7910766601562, -137.10107421875, -182.75531005859375, 3.6527864933013916, -55.586936950683594, -39.14702224731445, 18.796607971191406, 301.4798889160156, 128.12152099609375, -34.57981491088867, -15.345174789428711, 14.57290267944336, 64.15755462646484], [226.60342407226562, 181.74485778808594, -143.88534545898438, 28.673561096191406, 205.2884521484375, -60.671104431152344, -48.72019577026367, 128.12152099609375, 312.2900390625, -6.680221080780029, -9.685189247131348, -28.251590728759766, 108.5578842163086], [-786.1925048828125, -512.5162963867188, 37.69208908081055, 140.2676544189453, -19.511615753173828, 57.88164520263672, -6.539606094360352, -34.57981491088867, -6.680221080780029, 284.16729736328125, -35.45686721801758, 32.206974029541016, -37.49979019165039], [-128.92623901367188, 314.42926025390625, 65.72492218017578, -115.05403137207031, 24.806100845336914, 4.459410190582275, 32.773319244384766, -15.345174789428711, -9.685189247131348, -35.45686721801758, 183.24288940429688, 33.270572662353516, -12.697232246398926], [-409.56884765625, -132.89907836914062, 98.36744689941406, 75.32317352294922, 14.644739151000977, -14.138937950134277, 34.553218841552734, 14.57290267944336, -28.251590728759766, 32.206974029541016, 33.270572662353516, 131.7937469482422, 15.004560470581055], [212.343017578125, 141.42230224609375, 8.585140228271484, 75.6984634399414, 117.05677032470703, -28.763370513916016, -12.299756050109863, 64.15755462646484, 108.5578842163086, -37.49979019165039, -12.697232246398926, 15.004560470581055, 151.11024475097656]], "lowlevel.gfcc.icov": [[0.00025956015451811254, -0.0011168853379786015, 0.0005259728641249239, -0.000984426587820053, 0.0006549831014126539, -0.0008934974321164191, 0.0007069904240779579, -0.0009906485211104155, 0.00045914025395177305, -0.0004654247313737869, 0.0010911589488387108, -0.0005305944941937923, 0.0006435259128920734], [-0.0011168853379786015, 0.006742209196090698, -0.002651123097166419, 0.0059914663434028625, -0.003585679456591606, 0.005124691408127546, -0.0032487863209098577, 0.005586054176092148, -0.0024888513144105673, 0.0038471140433102846, -0.006632308941334486, 0.003796478733420372, -0.004665877670049667], [0.0005259728641249239, -0.002651123097166419, 0.0027566496282815933, -0.002703037578612566, 0.0009615528979338706, -0.0022125181276351213, 0.0016535212052986026, -0.0017337653553113341, 0.002001830143854022, -0.0013180278474465013, 0.0020238258875906467, -0.0020396613981574774, 0.0012515904381871223], [-0.000984426587820053, 0.0059914663434028625, -0.002703037578612566, 0.007655500900000334, -0.0031844479963183403, 0.005214073229581118, -0.002754327142611146, 0.004993160255253315, -0.0021226159296929836, 0.002350530121475458, -0.004442739766091108, 0.002402715617790818, -0.005293993279337883], [0.0006549831014126539, -0.003585679456591606, 0.0009615528979338706, -0.0031844479963183403, 0.005351425148546696, -0.0029178091790527105, 0.002205940894782543, -0.0012150839902460575, -0.0015049463836476207, -0.0014864410040900111, 0.003341809380799532, -0.002773691201582551, 0.0012391071068122983], [-0.0008934974321164191, 0.005124691408127546, -0.0022125181276351213, 0.005214073229581118, -0.0029178091790527105, 0.008032399229705334, -0.0028882636688649654, 0.004218046087771654, -0.0009316180949099362, 0.0015102094039320946, -0.004989235196262598, 0.003685856005176902, -0.004004782531410456], [0.0007069904240779579, -0.0032487863209098577, 0.0016535212052986026, -0.002754327142611146, 0.002205940894782543, -0.0028882636688649654, 0.0044118482619524, -0.0028598878998309374, 0.0014901801478117704, -0.0013810893287882209, 0.0028574892785400152, -0.0023937076330184937, 0.0017121137352660298], [-0.0009906485211104155, 0.005586054176092148, -0.0017337653553113341, 0.004993160255253315, -0.0012150839902460575, 0.004218046087771654, -0.0028598878998309374, 0.010418549180030823, -0.005116424988955259, 0.00381102436222136, -0.005150098819285631, 0.0010285429889336228, -0.005064214579761028], [0.00045914025395177305, -0.0024888513144105673, 0.002001830143854022, -0.0021226159296929836, -0.0015049463836476207, -0.0009316180949099362, 0.0014901801478117704, -0.005116424988955259, 0.009146085940301418, -0.002831927267834544, 0.0016886134399101138, 0.0012574308784678578, -0.0013405601494014263], [-0.0004654247313737869, 0.0038471140433102846, -0.0013180278474465013, 0.002350530121475458, -0.0014864410040900111, 0.0015102094039320946, -0.0013810893287882209, 0.00381102436222136, -0.002831927267834544, 0.007562096230685711, -0.0031278159003704786, 0.0007632516208104789, -0.0007681299466639757], [0.0010911589488387108, -0.006632308941334486, 0.0020238258875906467, -0.004442739766091108, 0.003341809380799532, -0.004989235196262598, 0.0028574892785400152, -0.005150098819285631, 0.0016886134399101138, -0.0031278159003704786, 0.013831199146807194, -0.006342464126646519, 0.005467827897518873], [-0.0005305944941937923, 0.003796478733420372, -0.0020396613981574774, 0.002402715617790818, -0.002773691201582551, 0.003685856005176902, -0.0023937076330184937, 0.0010285429889336228, 0.0012574308784678578, 0.0007632516208104789, -0.006342464126646519, 0.013300983235239983, -0.004244140349328518], [0.0006435259128920734, -0.004665877670049667, 0.0012515904381871223, -0.005293993279337883, 0.0012391071068122983, -0.004004782531410456, 0.0017121137352660298, -0.005064214579761028, -0.0013405601494014263, -0.0007681299466639757, 0.005467827897518873, -0.004244140349328518, 0.014881676062941551]], "lowlevel.mfcc.cov": [[15724.0654296875, 2020.6259765625, -1057.465576171875, -288.21112060546875, 362.1139831542969, -879.3056030273438, -213.54541015625, 356.71368408203125, 277.74688720703125, 176.05337524414062, -357.8503112792969, 541.1036376953125, -448.3555603027344], [2020.6259765625, 3117.498291015625, -162.77362060546875, -351.77410888671875, 439.973388671875, -139.9398193359375, 54.459171295166016, 243.0953826904297, -64.94103240966797, -179.31149291992188, -28.53760528564453, 223.62875366210938, -118.01383972167969], [-1057.465576171875, -162.77362060546875, 692.9276733398438, 127.53382110595703, -34.7318115234375, 119.11125946044922, 131.75558471679688, -34.96255111694336, -151.3372344970703, -94.66854095458984, -23.418472290039062, -75.0230484008789, 48.05999755859375], [-288.21112060546875, -351.77410888671875, 127.53382110595703, 669.816162109375, 113.74838256835938, 83.92001342773438, -84.56266021728516, -36.059932708740234, 84.35916900634766, -50.32506561279297, -40.381072998046875, -51.82054901123047, 62.662391662597656], [362.1139831542969, 439.973388671875, -34.7318115234375, 113.74838256835938, 741.646240234375, 27.671438217163086, -206.5175018310547, -44.28141784667969, 124.69075775146484, 18.5030574798584, -117.16789245605469, 115.5394287109375, 27.451969146728516], [-879.3056030273438, -139.9398193359375, 119.11125946044922, 83.92001342773438, 27.671438217163086, 451.6432189941406, 53.7999382019043, -107.0882797241211, -68.75997161865234, 4.281834125518799, 44.147254943847656, -115.66160583496094, 18.938758850097656], [-213.54541015625, 54.459171295166016, 131.75558471679688, -84.56266021728516, -206.5175018310547, 53.7999382019043, 288.768310546875, 63.75817108154297, -115.13383483886719, -24.954187393188477, 27.241775512695312, -30.257177352905273, -17.952655792236328], [356.71368408203125, 243.0953826904297, -34.96255111694336, -36.059932708740234, -44.28141784667969, -107.0882797241211, 63.75817108154297, 243.43698120117188, 69.55992126464844, -37.39737319946289, -15.504240989685059, 46.63151168823242, -17.324325561523438], [277.74688720703125, -64.94103240966797, -151.3372344970703, 84.35916900634766, 124.69075775146484, -68.75997161865234, -115.13383483886719, 69.55992126464844, 317.92303466796875, 74.63269805908203, -52.98898696899414, 65.79801940917969, 5.5528764724731445], [176.05337524414062, -179.31149291992188, -94.66854095458984, -50.32506561279297, 18.5030574798584, 4.281834125518799, -24.954187393188477, -37.39737319946289, 74.63269805908203, 225.6266326904297, 7.8496928215026855, -42.965675354003906, -14.82705307006836], [-357.8503112792969, -28.53760528564453, -23.418472290039062, -40.381072998046875, -117.16789245605469, 44.147254943847656, 27.241775512695312, -15.504240989685059, -52.98898696899414, 7.8496928215026855, 150.73377990722656, -18.990684509277344, 5.594015121459961], [541.1036376953125, 223.62875366210938, -75.0230484008789, -51.82054901123047, 115.5394287109375, -115.66160583496094, -30.257177352905273, 46.63151168823242, 65.79801940917969, -42.965675354003906, -18.990684509277344, 239.89500427246094, 24.359453201293945], [-448.3555603027344, -118.01383972167969, 48.05999755859375, 62.662391662597656, 27.451969146728516, 18.938758850097656, -17.952655792236328, -17.324325561523438, 5.5528764724731445, -14.82705307006836, 5.594015121459961, 24.359453201293945, 166.06759643554688]], "lowlevel.mfcc.icov": [[9.853830124484375e-05, -4.9388072511646897e-05, 0.00010259277769364417, -6.342268898151815e-05, 4.839997200178914e-05, 7.867334352340549e-05, 4.736737537314184e-05, -4.824196730623953e-05, 0.00010863319039344788, -0.0001619286194909364, 0.0002396117488387972, -0.0001890048588393256, 0.00020985912124160677], [-4.9388072511646897e-05, 0.0005280655459500849, 7.059753261273727e-05, 0.00025354931131005287, -0.0005016389768570662, -4.4327880459604785e-06, -0.00021047561313025653, -0.0004277658590581268, 0.00017351748829241842, 0.000453720276709646, -0.0003048585494980216, -1.7642983948462643e-05, 0.0001894363813335076], [0.00010259277769364417, 7.059753261273727e-05, 0.0021567135117948055, -0.000371747650206089, -0.00022763083688914776, -3.68062719644513e-05, -0.0009211484575644135, 6.161417695693672e-05, 0.0007612870540469885, 0.0004729637294076383, 0.0007795338751748204, 0.00022372005332726985, -0.0002503575524315238], [-6.342268898151815e-05, 0.00025354931131005287, -0.000371747650206089, 0.002092780778184533, -0.0003768768801819533, -0.00022872723639011383, 0.0002472215855959803, 7.342888420680538e-05, -0.0008730636327527463, 0.0010464823571965098, -0.0001026966783683747, 0.0008044776623137295, -0.0005422834656201303], [4.839997200178914e-05, -0.0005016389768570662, -0.00022763083688914776, -0.0003768768801819533, 0.0027149589732289314, -0.0007353078108280897, 0.001738972496241331, 0.0002816243504639715, -3.063210897380486e-05, -0.0008911966579034925, 0.0018016210524365306, -0.0012885264586657286, -0.00011552672367542982], [7.867334352340549e-05, -4.4327880459604785e-06, -3.68062719644513e-05, -0.00022872723639011383, -0.0007353078108280897, 0.0033372549805790186, -0.0012893346138298512, 0.0013261117273941636, -0.0003046787460334599, 0.00033620226895436645, -0.001008221646770835, 0.001380832982249558, -8.224600605899468e-05], [4.736737537314184e-05, -0.00021047561313025653, -0.0009211484575644135, 0.0002472215855959803, 0.001738972496241331, -0.0012893346138298512, 0.0065625817514956, -0.002386653795838356, 0.001986062852665782, -0.0011823865352198482, 0.0009065764024853706, -0.0010403902269899845, 0.00042174593545496464], [-4.824196730623953e-05, -0.0004277658590581268, 6.161417695693672e-05, 7.342888420680538e-05, 0.0002816243504639715, 0.0013261117273941636, -0.002386653795838356, 0.006788748316466808, -0.0026823985390365124, 0.0015236170729622245, -0.00017253281839657575, 0.0004266728647053242, -5.840502126375213e-05], [0.00010863319039344788, 0.00017351748829241842, 0.0007612870540469885, -0.0008730636327527463, -3.063210897380486e-05, -0.0003046787460334599, 0.001986062852665782, -0.0026823985390365124, 0.006135367788374424, -0.0024380499962717295, 0.0016608679434284568, -0.0017335282173007727, 0.0002759051858447492], [-0.0001619286194909364, 0.000453720276709646, 0.0004729637294076383, 0.0010464823571965098, -0.0008911966579034925, 0.00033620226895436645, -0.0011823865352198482, 0.0015236170729622245, -0.0024380499962717295, 0.00681415805593133, -0.0012888155179098248, 0.002260001841932535, -0.00010457322787260637], [0.0002396117488387972, -0.0003048585494980216, 0.0007795338751748204, -0.0001026966783683747, 0.0018016210524365306, -0.001008221646770835, 0.0009065764024853706, -0.00017253281839657575, 0.0016608679434284568, -0.0012888155179098248, 0.009262111969292164, -0.001176551915705204, -0.00016942947695497423], [-0.0001890048588393256, -1.7642983948462643e-05, 0.00022372005332726985, 0.0008044776623137295, -0.0012885264586657286, 0.001380832982249558, -0.0010403902269899845, 0.0004266728647053242, -0.0017335282173007727, 0.002260001841932535, -0.001176551915705204, 0.006878067273646593, -0.001613076077774167], [0.00020985912124160677, 0.0001894363813335076, -0.0002503575524315238, -0.0005422834656201303, -0.00011552672367542982, -8.224600605899468e-05, 0.00042174593545496464, -5.840502126375213e-05, 0.0002759051858447492, -0.00010457322787260637, -0.00016942947695497423, -0.001613076077774167, 0.007291658315807581]], "metadata