{"song_id": "1183657061855273070", "download": "https://cdn.discordapp.com/attachments/1135903449314238464/1183657061855273070/chirp.mp4?ex=6589218a&amp", "lyrics": "-", "style": ["pop</span><span>, house music"], "essentia_features": {"lowlevel.average_loudness": 0.9422915577888489, "lowlevel.barkbands_crest.mean": 13.765475273132324, "lowlevel.barkbands_crest.stdev": 6.99076509475708, "lowlevel.barkbands_flatness_db.mean": 0.2043263465166092, "lowlevel.barkbands_flatness_db.stdev": 0.1217028871178627, "lowlevel.barkbands_kurtosis.mean": 34.43380355834961, "lowlevel.barkbands_kurtosis.stdev": 69.48733520507812, "lowlevel.barkbands_skewness.mean": 3.6891567707061768, "lowlevel.barkbands_skewness.stdev": 3.4158380031585693, "lowlevel.barkbands_spread.mean": 22.234310150146484, "lowlevel.barkbands_spread.stdev": 24.125696182250977, "lowlevel.dissonance.mean": 0.4455522894859314, "lowlevel.dissonance.stdev": 0.0420839786529541, "lowlevel.dynamic_complexity": 3.195523977279663, "lowlevel.erbbands_crest.mean": 8.131332397460938, "lowlevel.erbbands_crest.stdev": 3.1595680713653564, "lowlevel.erbbands_flatness_db.mean": 0.14653021097183228, "lowlevel.erbbands_flatness_db.stdev": 0.07098022848367691, "lowlevel.erbbands_kurtosis.mean": 0.9888247847557068, "lowlevel.erbbands_kurtosis.stdev": 2.4911742210388184, "lowlevel.erbbands_skewness.mean": 0.8444783687591553, "lowlevel.erbbands_skewness.stdev": 0.8085793256759644, "lowlevel.erbbands_spread.mean": 52.18458557128906, "lowlevel.erbbands_spread.stdev": 30.53859519958496, "lowlevel.hfc.mean": 19.863893508911133, "lowlevel.hfc.stdev": 23.395984649658203, "lowlevel.loudness_ebu128.integrated": -15.428967475891113, "lowlevel.loudness_ebu128.loudness_range": 4.992806434631348, "lowlevel.loudness_ebu128.momentary.mean": -16.144847869873047, "lowlevel.loudness_ebu128.momentary.stdev": 2.7962794303894043, "lowlevel.loudness_ebu128.short_term.mean": -15.767280578613281, "lowlevel.loudness_ebu128.short_term.stdev": 2.1399853229522705, "lowlevel.melbands_crest.mean": 18.70193862915039, "lowlevel.melbands_crest.stdev": 7.902792930603027, "lowlevel.melbands_flatness_db.mean": 0.28249070048332214, "lowlevel.melbands_flatness_db.stdev": 0.1532662808895111, "lowlevel.melbands_kurtosis.mean": 53.17985534667969, "lowlevel.melbands_kurtosis.stdev": 73.14537048339844, "lowlevel.melbands_skewness.mean": 4.7637248039245605, "lowlevel.melbands_skewness.stdev": 3.0652008056640625, "lowlevel.melbands_spread.mean": 16.375049591064453, "lowlevel.melbands_spread.stdev": 19.714759826660156, "lowlevel.pitch_salience.mean": 0.4635320007801056, "lowlevel.pitch_salience.stdev": 0.19385375082492828, "lowlevel.silence_rate_20dB.mean": 0.9899224638938904, "lowlevel.silence_rate_20dB.stdev": 0.0998784676194191, "lowlevel.silence_rate_30dB.mean": 0.800000011920929, "lowlevel.silence_rate_30dB.stdev": 0.39999625086784363, "lowlevel.silence_rate_60dB.mean": 0.061240311712026596, "lowlevel.silence_rate_60dB.stdev": 0.23977060616016388, "lowlevel.spectral_centroid.mean": 897.6690673828125, "lowlevel.spectral_centroid.stdev": 710.7877807617188, "lowlevel.spectral_complexity.mean": 12.430233001708984, "lowlevel.spectral_complexity.stdev": 12.115646362304688, "lowlevel.spectral_decrease.mean": -1.4854985685985866e-08, "lowlevel.spectral_decrease.stdev": 2.3469233667583467e-08, "lowlevel.spectral_energy.mean": 0.057867858558893204, "lowlevel.spectral_energy.stdev": 0.0890621542930603, "lowlevel.spectral_energyband_high.mean": 0.0011477293446660042, "lowlevel.spectral_energyband_high.stdev": 0.0016657838132232428, "lowlevel.spectral_energyband_low.mean": 0.04652981832623482, "lowlevel.spectral_energyband_low.stdev": 0.08789323270320892, "lowlevel.spectral_energyband_middle_high.mean": 0.0025999792851507664, "lowlevel.spectral_energyband_middle_high.stdev": 0.00561038963496685, "lowlevel.spectral_energyband_middle_low.mean": 0.008631253615021706, "lowlevel.spectral_energyband_middle_low.stdev": 0.013513855636119843, "lowlevel.spectral_entropy.mean": 7.370141983032227, "lowlevel.spectral_entropy.stdev": 0.8722252249717712, "lowlevel.spectral_flux.mean": 0.09336251020431519, "lowlevel.spectral_flux.stdev": 0.1048232689499855, "lowlevel.spectral_kurtosis.mean": 13.49691390991211, "lowlevel.spectral_kurtosis.stdev": 37.778045654296875, "lowlevel.spectral_rms.mean": 0.005844641476869583, "lowlevel.spectral_rms.stdev": 0.004721923265606165, "lowlevel.spectral_rolloff.mean": 2152.0400390625, "lowlevel.spectral_rolloff.stdev": 3329.80712890625, "lowlevel.spectral_skewness.mean": 2.226938247680664, "lowlevel.spectral_skewness.stdev": 1.982883095741272, "lowlevel.spectral_spread.mean": 6449305.5, "lowlevel.spectral_spread.stdev": 3092819.25, "lowlevel.spectral_strongpeak.mean": 0.6119778752326965, "lowlevel.spectral_strongpeak.stdev": 0.41893914341926575, "lowlevel.zerocrossingrate.mean": 0.07449052482843399, "lowlevel.zerocrossingrate.stdev": 0.06407038122415543, "metadata.audio_properties.analysis.equal_loudness": 0.0, "metadata.audio_properties.analysis.length": 29.909318923950195, "metadata.audio_properties.analysis.sample_rate": 44100.0, "metadata.audio_properties.analysis.start_time": 0.0, "metadata.audio_properties.bit_rate": 127692.0, "metadata.audio_properties.length": 29.909334182739258, "metadata.audio_properties.lossless": 0.0, "metadata.audio_properties.number_channels": 1.0, "metadata.audio_properties.replay_gain": -10.55534553527832, "metadata.audio_properties.sample_rate": 48000.0, "rhythm.beats_count": 61.0, "rhythm.beats_loudness.mean": 0.1794539988040924, "rhythm.beats_loudness.stdev": 0.12218082696199417, "rhythm.bpm": 123.99462890625, "rhythm.bpm_histogram_first_peak_bpm": 123.0, "rhythm.bpm_histogram_first_peak_weight": 0.31578946113586426, "rhythm.bpm_histogram_second_peak_bpm": 108.0, "rhythm.bpm_histogram_second_peak_spread": 0.5, "rhythm.bpm_histogram_second_peak_weight": 0.01666666753590107, "rhythm.danceability": 1.7480489015579224, "rhythm.onset_rate": 6.08074951171875, "tonal.chords_changes_rate": 0.02476780116558075, "tonal.chords_number_rate": 0.0030959751456975937, "tonal.chords_strength.mean": 0.6360092759132385, "tonal.chords_strength.stdev": 0.029913781210780144, "tonal.hpcp_crest.mean": 13.015620231628418, "tonal.hpcp_crest.stdev": 5.287197113037109, "tonal.hpcp_entropy.mean": 2.0671610832214355, "tonal.hpcp_entropy.stdev": 0.647374153137207, "tonal.key_edma.strength": 0.6110235452651978, "tonal.key_krumhansl.strength": 0.6206933259963989, "tonal.key_temperley.strength": 0.6219621300697327, "tonal.tuning_diatonic_strength": 0.5529472827911377, "tonal.tuning_equal_tempered_deviation": 0.3907814919948578, "tonal.tuning_frequency": 454.202880859375, "tonal.tuning_nontempered_energy_ratio": 0.9934933185577393, "lowlevel.barkbands.mean": [0.001016358844935894, 0.04055408388376236, 0.003948793280869722, 0.002822097623720765, 0.0035908864811062813, 0.0013673719950020313, 0.00025458625168539584, 0.00033330891164951026, 0.0002115963725373149, 0.00035054358886554837, 0.0005217431462369859, 0.0003150154952891171, 0.0003075884305872023, 0.0002632195537444204, 0.00014158721023704857, 0.00018535004346631467, 0.00018844207806978375, 0.00014498351083602756, 0.0001324643671978265, 0.00014354591257870197, 0.00012043760943925008, 0.00013559163198806345, 0.0001353399275103584, 0.00021174219727981836, 0.00015815005463082343, 0.00030021340353414416, 1.2744903870043345e-05], "lowlevel.barkbands.stdev": [0.0022921301424503326, 0.08068965375423431, 0.019330251961946487, 0.00938485749065876, 0.0044881743378937244, 0.0012030077632516623, 0.00039132602978497744, 0.00035255850525572896, 0.0004154130001552403, 0.0007023440557532012, 0.0014753781724721193, 0.0009302012040279806, 0.0007246242021210492, 0.000488654593937099, 0.000341207894962281, 0.0004663112631533295, 0.0005359813221730292, 0.00041032381705008447, 0.00033128444920293987, 0.00033144024200737476, 0.00024154726997949183, 0.00021461109281517565, 0.000219609952182509, 0.00031533956644125283, 0.0002565140894148499, 0.0004687309847213328, 2.8472160920500755e-05], "lowlevel.erbbands.mean": [1.4581023454666138, 7.84557580947876, 6.340794563293457, 6.644834995269775, 15.453238487243652, 8.563581466674805, 3.925495147705078, 15.398749351501465, 7.9817891120910645, 4.020551681518555, 6.970245361328125, 4.550543785095215, 8.379617691040039, 17.553848266601562, 18.8909912109375, 12.238967895507812, 13.014830589294434, 16.02991485595703, 8.044339179992676, 8.541173934936523, 10.505887031555176, 10.911541938781738, 8.19008731842041, 7.309457302093506, 6.641249656677246, 6.65812873840332, 5.632521629333496, 4.167442798614502, 4.683294773101807, 4.592607021331787, 3.721784830093384, 4.508014678955078, 3.191240072250366, 1.6070518493652344, 1.202072262763977, 1.0494403839111328, 0.6145066618919373, 0.09640555083751678, 0.00189721561037004, 0.0001240926212631166], "lowlevel.erbbands.stdev": [3.021305799484253, 16.53313446044922, 22.954914093017578, 27.14698028564453, 25.630285263061523, 11.618257522583008, 4.809892177581787, 13.737692832946777, 7.733595848083496, 3.9962666034698486, 7.040593147277832, 9.354822158813477, 15.430976867675781, 37.690303802490234, 56.44522476196289, 36.0113525390625, 31.46617889404297, 29.57686996459961, 19.229101181030273, 20.821552276611328, 26.688735961914062, 30.471593856811523, 22.482593536376953, 19.211132049560547, 16.07779884338379, 15.581698417663574, 12.154541969299316, 7.9284892082214355, 7.5123796463012695, 7.238353252410889, 6.070571422576904, 6.778066635131836, 4.900014400482178, 2.768889904022217, 1.9796254634857178, 1.7517365217208862, 0.9577153921127319, 0.1522970199584961, 0.003000647993758321, 0.00012664099631365389], "lowlevel.gfcc.mean": [-38.115604400634766, 71.90129852294922, -75.91636657714844, 5.321739673614502, -63.14044952392578, 11.136697769165039, -44.109779357910156, -4.772120475769043, -31.238672256469727, 1.4822357892990112, -22.022607803344727, 3.8523082733154297, -14.174379348754883], "lowlevel.melbands.mean": [0.012141011655330658, 0.0054823714308440685, 0.0014826366677880287, 0.0009055801783688366, 0.00015169027028605342, 0.00031067567761056125, 0.00012137901649111882, 5.572018199018203e-05, 5.032224362366833e-05, 2.8756276151398197e-05, 4.2343337554484606e-05, 6.896535342093557e-05, 6.720135570503771e-05, 4.0955463191494346e-05, 2.589114046713803e-05, 3.395079693291336e-05, 2.7867810786119662e-05, 1.2703928405244369e-05, 1.0935476893791929e-05, 1.1973007531196345e-05, 1.2185082596261054e-05, 1.1665074453048874e-05, 8.783977136772592e-06, 6.479519925051136e-06, 5.884226084162947e-06, 4.737599738291465e-06, 4.9860868784890044e-06, 4.238208475726424e-06, 3.7097202039149124e-06, 2.967269892906188e-06, 2.180686124120257e-06, 2.507425051589962e-06, 2.878721033994225e-06, 2.4693715658941073e-06, 2.0315951587690506e-06, 2.252139665870345e-06, 3.14438079840329e-06, 2.50633138421108e-06, 1.744774863254861e-06, 1.172487145595369e-06], "lowlevel.melbands.stdev": [0.02437756396830082, 0.013116724789142609, 0.0045970347709953785, 0.0012526769423857331, 0.00018623277719598264, 0.0002763483498711139, 0.00011763068323489279, 5.4219464800553396e-05, 5.09029850945808e-05, 6.034899706719443e-05, 7.816935249138623e-05, 0.00014463848492596298, 0.0001996072824113071, 0.00012272762251086533, 7.271040522027761e-05, 7.31345935491845e-05, 5.241196049610153e-05, 3.191467112628743e-05, 2.6068195438710973e-05, 3.09914285026025e-05, 3.2113497582031414e-05, 3.380557973287068e-05, 2.564585884101689e-05, 1.8801254555000924e-05, 1.5674773749196902e-05, 1.1959319635934662e-05, 1.2013762898277491e-05, 1.0100826330017298e-05, 8.570211321057286e-06, 5.928242899244651e-06, 4.2663268686737865e-06, 4.23222491008346e-06, 4.50622837888659e-06, 4.0936056393547915e-06, 3.5268240026198328e-06, 3.6009118957736064e-06, 4.764766345033422e-06, 3.955103238695301e-06, 2.8333156478765886e-06, 2.2678173081658315e-06], "lowlevel.melbands128.mean": [0.000993632711470127, 0.011477997526526451, 0.01828124187886715, 0.011041441932320595, 0.00410310085862875, 0.001726368791423738, 0.0011224336922168732, 0.0016294507076963782, 0.0017603320302441716, 0.0009182089124806225, 0.0003612152358982712, 0.00017569649207871407, 0.00012697899364866316, 4.485954195843078e-05, 0.0003326278238091618, 0.000553848862182349, 0.00011739600449800491, 8.24011949589476e-05, 5.2207957196515054e-05, 1.4299160284281243e-05, 7.921767246443778e-05, 0.00011619740689639002, 1.893367516458966e-05, 2.688265340111684e-05, 2.938259785878472e-05, 2.5298731998191215e-05, 4.00018943764735e-05, 3.270681918365881e-05, 6.200688221724704e-05, 5.187947681406513e-05, 8.653901022626087e-05, 7.410528633045033e-05, 6.852691149106249e-05, 5.8777324738912284e-05, 5.018927186029032e-05, 3.4889493690570816e-05, 2.7029247576138005e-05, 2.4374226995860226e-05, 2.7107344067189842e-05, 2.4648450562381186e-05, 3.0892202630639076e-05, 5.6887387472670525e-05, 2.718763607845176e-05, 1.579315539856907e-05, 1.5243087545968592e-05, 1.1453226761659607e-05, 1.0766382729343604e-05, 1.0872480743273627e-05, 1.0755397852335591e-05, 1.2034665815008339e-05, 1.1670420462905895e-05, 1.2190289453428704e-05, 1.3864653737982735e-05, 1.0545694749453105e-05, 1.1973745131399482e-05, 1.2746714673994575e-05, 1.0728287634265143e-05, 9.371810847369488e-06, 8.331186108989641e-06, 6.974677489779424e-06, 6.0309780565148685e-06, 6.4796017795742955e-06, 6.352583568514092e-06, 5.7695788200362585e-06, 4.98876761412248e-06, 4.688957233156543e-06, 4.607139999279752e-06, 4.560971319733653e-06, 5.643428721668897e-06, 4.685924977820832e-06, 4.1158032217936125e-06, 4.1343637349200435e-06, 3.964835741498973e-06, 3.90131572203245e-06, 2.9828531751263654e-06, 3.0478665848931996e-06, 3.2014470434660325e-06, 2.0075826796528418e-06, 2.142913217539899e-06, 2.05937590180838e-06, 2.4536582259315765e-06, 2.5732588255777955e-06, 2.944912239399855e-06, 3.0764508665015455e-06, 2.7478715765028028e-06, 2.2781448478781385e-06, 2.5131394068012014e-06, 2.546190671637305e-06, 1.6310256114593358e-06, 1.9381400306883734e-06, 2.481068122506258e-06, 2.2148649350128835e-06, 2.1253574686852517e-06, 3.1304216463468038e-06, 3.90441937270225e-06, 3.354614818817936e-06, 2.0135373688390246e-06, 1.4306211824077764e-06, 2.0599686649802607e-06, 1.8499180214348598e-06, 1.0523634728087927e-06, 1.1606022098931135e-06, 1.0324447430321015e-06, 1.422274863216444e-06, 1.0779392596305115e-06, 1.6257181414403021e-06, 1.5626192180207e-06, 1.4406012951440061e-06, 1.6037153045544983e-06, 2.1613245735352393e-06, 2.523845751056797e-06, 2.7695950848283246e-06, 1.8866162463382352e-06, 1.5157575035118498e-06, 1.34648496441514e-06, 1.3372258536037407e-06, 5.304994488142256e-07, 5.770989464082277e-09, 1.4053223862386943e-10, 1.2559492335029177e-10, 8.930477191082531e-11, 2.8933539591990964e-11, 9.67833539006202e-12, 9.426208077978337e-12, 9.229486098993878e-12, 9.025434045961678e-12, 8.898093199760648e-12, 8.83830075099068e-12], "lowlevel.melbands128.stdev": [0.0022630670573562384, 0.02497546747326851, 0.038419950753450394, 0.025393938645720482, 0.014288386330008507, 0.008662771433591843, 0.00584031967446208, 0.00435582036152482, 0.0026791950222104788, 0.0013431805418804288, 0.000546927796676755, 0.0002672237460501492, 0.0001882317737909034, 6.544809002662078e-05, 0.0003054112894460559, 0.0004969931324012578, 0.00010936332546407357, 0.00014837940398138016, 8.859531953930855e-05, 2.843683432729449e-05, 8.643408364150673e-05, 0.00012793751375284046, 2.870476782845799e-05, 6.088686131988652e-05, 8.068227907642722e-05, 5.8097972214454785e-05, 7.955947512527928e-05, 8.240745955845341e-05, 0.00011794824968092144, 0.0001264977763639763, 0.0001848058745963499, 0.00023186257749330252, 0.0002399844233877957, 0.00020286838116589934, 0.0001565981365274638, 0.00011956907110288739, 0.000100587923952844, 7.567183638457209e-05, 7.301435834961012e-05, 7.619043753948063e-05, 8.383687236346304e-05, 9.785962902242318e-05, 5.754301309934817e-05, 4.655326483771205e-05, 3.896526322932914e-05, 3.3281161449849606e-05, 3.0663377401651815e-05, 2.8663140255957842e-05, 2.832890095305629e-05, 3.3440941479057074e-05, 3.4360615245532244e-05, 3.674079925986007e-05, 3.6711218854179606e-05, 3.179896521032788e-05, 3.9357462810585275e-05, 4.1215749661205336e-05, 3.29664399032481e-05, 3.26815752487164e-05, 2.676194708328694e-05, 2.0547278836602345e-05, 1.861306191131007e-05, 2.5505041776341386e-05, 1.9028160750167444e-05, 1.650219019211363e-05, 1.4094138350628782e-05, 1.2541814612632152e-05, 1.3184568160795607e-05, 1.1392690794309601e-05, 1.4876076420478057e-05, 1.2423105545167346e-05, 1.1117160283902194e-05, 1.0561981071077753e-05, 1.0318645763618406e-05, 1.0132003808394074e-05, 6.878010026412085e-06, 6.5430017457401846e-06, 6.8320496211526915e-06, 4.396174063003855e-06, 4.597303814080078e-06, 4.349261416791705e-06, 4.970012923877221e-06, 4.433687536220532e-06, 4.974832791049266e-06, 5.078714366391068e-06, 4.929164788336493e-06, 4.017684204882244e-06, 4.73551472168765e-06, 5.196544407226611e-06, 3.2963584999379236e-06, 3.6774217733182013e-06, 4.3185646063648164e-06, 3.906932306563249e-06, 3.8381426747946534e-06, 5.278785465634428e-06, 6.208805189089617e-06, 5.572466307057766e-06, 3.802499804805848e-06, 2.808392309816554e-06, 3.523555960782687e-06, 3.357195737407892e-06, 2.4693517843843438e-06, 2.6124357646040153e-06, 2.3734246497042477e-06, 2.8154436222393997e-06, 2.079835439872113e-06, 2.91505102723022e-06, 2.9241948595881695e-06, 3.0244757454056526e-06, 3.1213339752866887e-06, 3.845006631308934e-06, 4.357977104518795e-06, 4.823798008146696e-06, 3.244391336920671e-06, 2.4331318400072632e-06, 2.1390021629486e-06, 2.2904562229086878e-06, 1.110142761717725e-06, 1.948938077589446e-08, 3.6006817527578505e-09, 3.845714857675375e-09, 2.6135653641290446e-09, 6.258585871776745e-10, 2.039047403146199e-11, 1.998303085504194e-11, 1.9693297340084293e-11, 1.9454698269028015e-11, 1.9286244476446335e-11, 1.9182225252656337e-11], "lowlevel.mfcc.mean": [-699.3939819335938, 123.53716278076172, 29.690521240234375, 3.2410550117492676, -1.1031858921051025, 7.087876796722412, -6.0323028564453125, -4.629587173461914, -8.977860450744629, -3.671236515045166, -11.135872840881348, -3.8267993927001953, -6.4153971672058105], "lowlevel.spectral_contrast_coeffs.mean": [-0.5740671753883362, -0.7228894233703613, -0.778682291507721, -0.8236318826675415, -0.8338951468467712, -0.7752143144607544], "lowlevel.spectral_contrast_coeffs.stdev": [0.10500175505876541, 0.06382565945386887, 0.05310290679335594, 0.03761392831802368, 0.02910630591213703, 0.049178898334503174], "lowlevel.spectral_contrast_valleys.mean": [-7.933627128601074, -7.193020820617676, -7.782340049743652, -8.14066219329834, -8.422242164611816, -10.628449440002441], "lowlevel.spectral_contrast_valleys.stdev": [1.3862159252166748, 0.5756459832191467, 0.902248740196228, 1.0519435405731201, 1.3564982414245605, 1.5851596593856812], "rhythm.beats_loudness_band_ratio.mean": [0.7025571465492249, 0.08339615911245346, 0.03479873016476631, 0.09583937376737595, 0.046715252101421356, 0.0662330612540245], "rhythm.beats_loudness_band_ratio.stdev": [0.38821759819984436, 0.13027843832969666, 0.0554756261408329, 0.1457175463438034, 0.08625508844852448, 0.09520091116428375], "tonal.hpcp.mean": [0.09941093623638153, 0.07605033367872238, 0.053778816014528275, 0.03498537465929985, 0.032940782606601715, 0.036759696900844574, 0.049806222319602966, 0.04762452095746994, 0.03561735898256302, 0.04291045665740967, 0.13507802784442902, 0.12980367243289948, 0.03706058859825134, 0.040224839001894, 0.07191351056098938, 0.08095238357782364, 0.0509539395570755, 0.031169144436717033, 0.031914688646793365, 0.034643422812223434, 0.034461863338947296, 0.03191863372921944, 0.03340602293610573, 0.034205615520477295, 0.17979350686073303, 0.5986882448196411, 0.46929243206977844, 0.056357044726610184, 0.033901672810316086, 0.023940837010741234, 0.02812577411532402, 0.058021992444992065, 0.16963450610637665, 0.21335238218307495, 0.21653686463832855, 0.19201874732971191], "tonal.hpcp.stdev": [0.1801251769065857, 0.1621800810098648, 0.13235324621200562, 0.126240536570549, 0.11053482443094254, 0.130711168050766, 0.16051703691482544, 0.1544998735189438, 0.13060370087623596, 0.11909811198711395, 0.168003112077713, 0.1691868156194687, 0.10728487372398376, 0.14697279036045074, 0.21095643937587738, 0.22966663539409637, 0.1597171276807785, 0.1086154505610466, 0.09096938371658325, 0.08858384937047958, 0.10988981276750565, 0.11257995665073395, 0.12022948265075684, 0.12037236243486404, 0.1780724674463272, 0.4326339364051819, 0.3492558002471924, 0.15107892453670502, 0.12159251421689987, 0.09100548923015594, 0.0912109836935997, 0.11912506818771362, 0.30441218614578247, 0.3501736521720886, 0.2939763367176056, 0.283698171377182], "rhythm.beats_position": [0.54566890001297, 1.09133780002594, 1.6486167907714844, 2.1594557762145996, 2.6470746994018555, 3.1346938610076904, 3.6223127841949463, 4.109931945800781, 4.585940837860107, 5.073559761047363, 5.549569129943848, 6.0371880531311035, 6.524806976318359, 7.012426376342773, 7.4884352684021, 7.9760541915893555, 8.45206356048584, 8.939682006835938, 9.427301406860352, 9.914920806884766, 10.390929222106934, 10.866938591003418, 11.354557991027832, 11.84217643737793, 12.329795837402344, 12.817414283752441, 13.293423652648926, 13.76943302154541, 14.257051467895508, 14.744670867919922, 15.232290267944336, 15.719908714294434, 16.1959171295166, 16.683536529541016, 17.1595458984375, 17.647165298461914, 18.134784698486328, 18.622404098510742, 19.098411560058594, 19.574420928955078, 20.062040328979492, 20.549659729003906, 21.03727912902832, 21.5248966217041, 22.000905990600586, 22.488525390625, 22.964534759521484, 23.4521541595459, 23.939773559570312, 24.427391052246094, 24.903400421142578, 25.391019821166992, 25.867029190063477, 26.35464859008789, 26.842267990112305, 27.329885482788086, 27.80589485168457, 28.293514251708984, 28.76952362060547, 29.257143020629883, 29.744760513305664], "rhythm.bpm_histogram": [0.0, 0.0, 0.0, 0.0, 0.0, 0.0, 0.0, 0.0, 0.0, 0.0, 0.0, 0.0, 0.0, 0.0, 0.0, 0.0, 0.0, 0.0, 0.0, 0.0, 0.0, 0.0, 0.0, 0.0, 0.0, 0.0, 0.0, 0.0, 0.0, 0.0, 0.0, 0.0, 0.0, 0.0, 0.0, 0.0, 0.0, 0.0, 0.0, 0.0, 0.0, 0.0, 0.0, 0.0, 0.0, 0.0, 0.0, 0.0, 0.0, 0.0, 0.0, 0.0, 0.0, 0.0, 0.0, 0.0, 0.0, 0.0, 0.0, 0.0, 0.0, 0.0, 0.0, 0.0, 0.0, 0.0, 0.0, 0.0, 0.0, 0.0, 0.0, 0.0, 0.0, 0.0, 0.0, 0.0, 0.0, 0.0, 0.0, 0.0, 0.0, 0.0, 0.0, 0.0, 0.0, 0.0, 0.0, 0.0, 0.0, 0.0, 0.0, 0.0, 0.0, 0.0, 0.0, 0.0, 0.0, 0.0, 0.0, 0.0, 0.0, 0.0, 0.0, 0.0, 0.0, 0.0, 0.0, 0.0, 0.01666666753590107, 0.0, 0.01666666753590107, 0.0, 0.0, 0.0, 0.0, 0.0, 0.0, 0.01666666753590107, 0.0, 0.0, 0.0, 0.0, 0.0, 0.6499999761581421, 0.0, 0.0, 0.30000001192092896, 0.0, 0.0, 0.0, 0.0, 0.0, 0.0, 0.0, 0.0, 0.0, 0.0, 0.0, 0.0, 0.0, 0.0, 0.0, 0.0, 0.0, 0.0, 0.0, 0.0, 0.0, 0.0, 0.0, 0.0, 0.0, 0.0, 0.0, 0.0, 0.0, 0.0, 0.0, 0.0, 0.0, 0.0, 0.0, 0.0, 0.0, 0.0, 0.0, 0.0, 0.0, 0.0, 0.0, 0.0, 0.0, 0.0, 0.0, 0.0, 0.0, 0.0, 0.0, 0.0, 0.0, 0.0, 0.0, 0.0, 0.0, 0.0, 0.0, 0.0, 0.0, 0.0, 0.0, 0.0, 0.0, 0.0, 0.0, 0.0, 0.0, 0.0, 0.0, 0.0, 0.0, 0.0, 0.0, 0.0, 0.0, 0.0, 0.0, 0.0, 0.0, 0.0, 0.0, 0.0, 0.0, 0.0, 0.0, 0.0, 0.0, 0.0, 0.0, 0.0, 0.0, 0.0, 0.0, 0.0, 0.0, 0.0, 0.0, 0.0, 0.0, 0.0, 0.0, 0.0, 0.0, 0.0, 0.0, 0.0, 0.0, 0.0, 0.0, 0.0, 0.0, 0.0, 0.0, 0.0, 0.0, 0.0, 0.0, 0.0, 0.0, 0.0, 0.0], "tonal.chords_histogram": [72.4458236694336, 0.0, 0.0, 0.0, 0.0, 0.0, 0.0, 27.554180145263672, 0.0, 0.0, 0.0, 0.0, 0.0, 0.0, 0.0, 0.0, 0.0, 0.0, 0.0, 0.0, 0.0, 0.0, 0.0, 0.0], "tonal.thpcp": [1.0, 0.7838677763938904, 0.09413421154022217, 0.056626588106155396, 0.039988819509744644, 0.04697899892926216, 0.09691520035266876, 0.283343642950058, 0.35636642575263977, 0.36168551445007324, 0.320732444524765, 0.16604791581630707, 0.12702827155590057, 0.08982774615287781, 0.058436714112758636, 0.05502159520983696, 0.0614003986120224, 0.08319225162267685, 0.07954811304807663, 0.0594923309981823, 0.07167412340641022, 0.22562332451343536, 0.21681345999240875, 0.061902984976768494, 0.06718829274177551, 0.12011846154928207, 0.13521625101566315, 0.08510930091142654, 0.052062395960092545, 0.05330769345164299, 0.05786554887890816, 0.05756228417158127, 0.05331428349018097, 0.055798694491386414, 0.057134270668029785, 0.3003123998641968], "lowlevel.gfcc.cov": [[8405.087890625, -4128.3154296875, -321.17742919921875, 1048.2098388671875, 26.962533950805664, 743.8912963867188, -80.49948120117188, 619.7078247070312, -556.742431640625, 414.5270690917969, -438.8020324707031, 429.9817810058594, -455.2088928222656], [-4128.3154296875, 4923.2939453125, 792.4298095703125, 16.483537673950195, 1341.7501220703125, -108.35348510742188, 734.6715698242188, -105.76111602783203, 903.4389038085938, -124.7500991821289, 730.46923828125, -219.15394592285156, 642.316162109375], [-321.17742919921875, 792.4298095703125, 1498.9344482421875, 389.0647888183594, 292.69232177734375, 297.4815979003906, 261.7537841796875, 136.72515869140625, 217.04441833496094, 155.5408935546875, 129.76939392089844, 52.106544494628906, 105.40933990478516], [1048.2098388671875, 16.483537673950195, 389.0647888183594, 845.0260620117188, 466.6546630859375, 365.6680908203125, 352.0226135253906, 255.88491821289062, 194.17909240722656, 168.1677703857422, 156.75840759277344, 120.90166473388672, 131.58555603027344], [26.962533950805664, 1341.7501220703125, 292.69232177734375, 466.6546630859375, 1042.487548828125, 285.41741943359375, 558.5540161132812, 261.53814697265625, 443.9560241699219, 166.64105224609375, 367.3651428222656, 69.52454376220703, 263.28973388671875], [743.8912963867188, -108.35348510742188, 297.4815979003906, 365.6680908203125, 285.41741943359375, 310.7605285644531, 227.48880004882812, 204.49876403808594, 123.84550476074219, 150.69525146484375, 86.53876495361328, 99.40602111816406, 42.361148834228516], [-80.49948120117188, 734.6715698242188, 261.7537841796875, 352.0226135253906, 558.5540161132812, 227.48880004882812, 459.382568359375, 207.9757843017578, 291.8033142089844, 109.89496612548828, 252.0875244140625, 86.37657165527344, 183.73779296875], [619.7078247070312, -105.76111602783203, 136.72515869140625, 255.88491821289062, 261.53814697265625, 204.49876403808594, 207.9757843017578, 228.0094757080078, 109.07005310058594, 135.29074096679688, 74.23866271972656, 105.19822692871094, 36.22277069091797], [-556.742431640625, 903.4389038085938, 217.04441833496094, 194.17909240722656, 443.9560241699219, 123.84550476074219, 291.8033142089844, 109.07005310058594, 359.515625, 108.02083587646484, 251.1910858154297, 23.103118896484375, 177.299560546875], [414.5270690917969, -124.7500991821289, 155.5408935546875, 168.1677703857422, 166.64105224609375, 150.69525146484375, 109.89496612548828, 135.29074096679688, 108.02083587646484, 176.6236572265625, 80.04444122314453, 86.26876068115234, 24.752761840820312], [-438.8020324707031, 730.46923828125, 129.76939392089844, 156.75840759277344, 367.3651428222656, 86.53876495361328, 252.0875244140625, 74.23866271972656, 251.1910858154297, 80.04444122314453, 263.4776611328125, 50.79436492919922, 176.55191040039062], [429.9817810058594, -219.15394592285156, 52.106544494628906, 120.90166473388672, 69.52454376220703, 99.40602111816406, 86.37657165527344, 105.19822692871094, 23.103118896484375, 86.26876068115234, 50.79436492919922, 138.76406860351562, 35.75780487060547], [-455.2088928222656, 642.316162109375, 105.40933990478516, 131.58555603027344, 263.28973388671875, 42.361148834228516, 183.73779296875, 36.22277069091797, 177.299560546875, 24.752761840820312, 176.55191040039062, 35.75780487060547, 180.32919311523438]], "lowlevel.gfcc.icov": [[0.00043167214607819915, 0.00025390557129867375, 8.651708776596934e-05, -0.0003229204739909619, -0.000640341080725193, -0.0004356610879767686, 0.0005018202355131507, -0.00023380292986985296, 0.0004638062964659184, 8.23355294414796e-05, 8.278628229163587e-05, -0.0004746663908008486, 0.0004890365526080132], [0.00025390557129867375, 0.0019046178786084056, -0.00085466168820858, 0.0005950380582362413, -0.0019747628830373287, 0.0012090886011719704, -0.00012783243437297642, 0.0007637642556801438, -0.0018630704144015908, 0.0023315902799367905, -0.0005653587286360562, 0.0011437502689659595, -0.0016632471233606339], [8.651708776596934e-05, -0.00085466168820858, 0.001411340432241559, -0.0005162828019820154, 0.0008946161833591759, -0.0018628177931532264, -0.00011228101357119158, 0.0003349188482388854, 0.0008685273351147771, -0.0017760919872671366, 0.0009291684255003929, -0.0005250665126368403, 0.0005771783762611449], [-0.0003229204739909619, 0.0005950380582362413, -0.0005162828019820154, 0.0033801249228417873, -0.0004573879123199731, -0.001791172195225954, -0.0009201618377119303, 0.00022452259145211428, -0.0005936549277976155, 0.0007160196546465158, 0.0003590738633647561, 0.0014705362264066935, -0.003276025876402855], [-0.000640341080725193, -0.0019747628830373287, 0.0008946161833591759, -0.0004573879123199731, 0.0059761786833405495, -0.0009763370035216212, -0.0026439623907208443, -0.0019379581790417433, 0.0006343066925182939, -0.002749249106273055, -0.0007997874636203051, 0.001637411885894835, 2.7433745344751514e-05], [-0.0004356610879767686, 0.0012090886011719704, -0.0018628177931532264, -0.001791172195225954, -0.0009763370035216212, 0.015219843946397305, -0.0033026549499481916, -0.003204782959073782, -0.002057052217423916, -0.001504102605395019, -3.116546577075496e-05, 0.0006266524433158338, 0.0009837268153205514], [0.0005018202355131507, -0.00012783243437297642, -0.00011228101357119158, -0.0009201618377119303, -0.0026439623907208443, -0.0033026549499481916, 0.013793841935694218, -0.007460359018296003, -0.0010777264833450317, 0.005973908118903637, -0.004965752828866243, -0.001872765482403338, 1.1996851753792726e-05], [-0.00023380292986985296, 0.0007637642556801438, 0.0003349188482388854, 0.00022452259145211428, -0.0019379581790417433, -0.003204782959073782, -0.007460359018296003, 0.02185230143368244, -0.00310690188780427, -0.005272630136460066, 0.006491539068520069, -0.006078991573303938, 0.0017522912239655852], [0.0004638062964659184, -0.0018630704144015908, 0.0008685273351147771, -0.0005936549277976155, 0.0006343066925182939, -0.002057052217423916, -0.0010777264833450317, -0.00310690188780427, 0.01652538776397705, -0.008041596971452236, -0.0055915676057338715, 0.004697962664067745, -0.0015893845120444894], [8.23355294414796e-05, 0.0023315902799367905, -0.0017760919872671366, 0.0007160196546465158, -0.002749249106273055, -0.001504102605395019, 0.005973908118903637, -0.005272630136460066, -0.008041596971452236, 0.021750258281826973, -0.006453777197748423, -0.004625739995390177, 0.003915103152394295], [8.278628229163587e-05, -0.0005653587286360562, 0.0009291684255003929, 0.0003590738633647561, -0.0007997874636203051, -3.116546577075496e-05, -0.004965752828866243, 0.006491539068520069, -0.0055915676057338715, -0.006453777197748423, 0.022968553006649017, -0.004393341485410929, -0.008884481154382229], [-0.0004746663908008486, 0.0011437502689659595, -0.0005250665126368403, 0.0014705362264066935, 0.001637411885894835, 0.0006266524433158338, -0.001872765482403338, -0.006078991573303938, 0.004697962664067745, -0.004625739995390177, -0.004393341485410929, 0.0199474785476923, -0.00908511783927679], [0.0004890365526080132, -0.0016632471233606339, 0.0005771783762611449, -0.003276025876402855, 2.7433745344751514e-05, 0.0009837268153205514, 1.1996851753792726e-05, 0.0017522912239655852, -0.0015893845120444894, 0.003915103152394295, -0.008884481154382229, -0.00908511783927679, 0.025647170841693878]], "lowlevel.mfcc.cov": [[8248.0927734375, -4213.22265625, -780.53076171875, 249.3538818359375, 109.71449279785156, 204.33111572265625, 408.493408203125, 271.459716796875, 122.2191390991211, -16.532155990600586, 83.83899688720703, 99.3505630493164, 13.000907897949219], [-4213.22265625, 4269.26904296875, 312.7550354003906, 486.1854553222656, 621.1615600585938, 326.2584533691406, 175.894775390625, 209.99966430664062, 268.1676330566406, 299.8546447753906, 211.77589416503906, 208.4311981201172, 220.5307159423828], [-780.53076171875, 312.7550354003906, 1216.756103515625, 177.0538787841797, 119.73310089111328, 141.70819091796875, 65.40918731689453, 31.045305252075195, 75.53064727783203, 60.62208938598633, 68.41770935058594, 9.261458396911621, 23.863595962524414], [249.3538818359375, 486.1854553222656, 177.0538787841797, 642.9970092773438, 398.2844543457031, 357.431396484375, 328.6978759765625, 273.73046875, 244.6730499267578, 210.53636169433594, 171.6682891845703, 181.67816162109375, 163.30177307128906], [109.71449279785156, 621.1615600585938, 119.73310089111328, 398.2844543457031, 448.87646484375, 292.38348388671875, 259.96185302734375, 198.69654846191406, 217.48739624023438, 189.40882873535156, 191.15347290039062, 165.9874725341797, 152.66232299804688], [204.33111572265625, 326.2584533691406, 141.70819091796875, 357.431396484375, 292.38348388671875, 306.0750732421875, 241.11026000976562, 199.1044464111328, 183.07720947265625, 169.87167358398438, 152.60263061523438, 155.9326934814453, 128.349853515625], [408.493408203125, 175.894775390625, 65.40918731689453, 328.6978759765625, 259.96185302734375, 241.11026000976562, 319.5995788574219, 231.02931213378906, 189.85353088378906, 131.5909423828125, 146.99778747558594, 141.54820251464844, 136.86781311035156], [271.459716796875, 209.99966430664062, 31.045305252075195, 273.73046875, 198.69654846191406, 199.1044464111328, 231.02931213378906, 246.59837341308594, 173.88360595703125, 122.64395904541016, 116.34090423583984, 130.85455322265625, 120.4780502319336], [122.2191390991211, 268.1676330566406, 75.53064727783203, 244.6730499267578, 217.48739624023438, 183.07720947265625, 189.85353088378906, 173.88360595703125, 198.037353515625, 135.93728637695312, 131.47508239746094, 121.59656524658203, 107.60063171386719], [-16.532155990600586, 299.8546447753906, 60.62208938598633, 210.53636169433594, 189.40882873535156, 169.87167358398438, 131.5909423828125, 122.64395904541016, 135.93728637695312, 174.71258544921875, 132.67929077148438, 118.88368225097656, 81.24906158447266], [83.83899688720703, 211.77589416503906, 68.41770935058594, 171.6682891845703, 191.15347290039062, 152.60263061523438, 146.99778747558594, 116.34090423583984, 131.47508239746094, 132.67929077148438, 171.38345336914062, 128.3775177001953, 98.37277221679688], [99.3505630493164, 208.4311981201172, 9.261458396911621, 181.67816162109375, 165.9874725341797, 155.9326934814453, 141.54820251464844, 130.85455322265625, 121.59656524658203, 118.88368225097656, 128.3775177001953, 158.98782348632812, 110.21929168701172], [13.000907897949219, 220.5307159423828, 23.863595962524414, 163.30177307128906, 152.66232299804688, 128.349853515625, 136.86781311035156, 120.4780502319336, 107.60063171386719, 81.24906158447266, 98.37277221679688, 110.21929168701172, 136.13043212890625]], "lowlevel.mfcc.icov": [[0.00047845154767856, 0.0005776671459898353, 0.00025250203907489777, -1.9585433619795367e-05, -0.0008963737636804581, -0.0001297606504522264, -0.00015049337525852025, -0.0004597945080604404, 7.532118615927175e-05, 0.00027238400070928037, 7.537302008131519e-05, -0.00017636243137530982, 0.0005497486563399434], [0.0005776671459898353, 0.0010319770080968738, 0.00023950585455168039, -1.5076070667419117e-05, -0.001747381640598178, 9.950066305464134e-05, 0.0002441879769321531, -0.0007226538145914674, 0.00013286928879097104, -0.00012886777403764427, 0.0004900632193312049, -0.0002172971871914342, 0.000302647880744189], [0.00025250203907489777, 0.00023950585455168039, 0.0011117972899228334, -0.00025099245249293745, -7.244014705065638e-05, -0.0011110344203189015, 0.00018184265354648232, 0.00019716567476280034, -0.00042873964412137866, 0.0006167464307509363, -0.0008576217805966735, 0.0009540258324705064, 0.0002836213097907603], [-1.9585433619795367e-05, -1.5076070667419117e-05, -0.00025099245249293745, 0.005726741626858711, -0.0020564862061291933, -0.0029379529878497124, -0.001641416922211647, -0.0010961532825604081, -0.0001281065196963027, -0.0018708471907302737, 0.003069931408390403, -3.5642198781715706e-05, -7.452434510923922e-05], [-0.0008963737636804581, -0.001747381640598178, -7.244014705065638e-05, -0.0020564862061291933, 0.01145427580922842, -0.003923353273421526, -0.0011177781270816922, 0.003869763109833002, -0.0031984494999051094, 0.0003019155701622367, -0.0044467272236943245, 0.0024056595284491777, -0.002437625778838992], [-0.0001297606504522264, 9.950066305464134e-05, -0.0011110344203189015, -0.0029379529878497124, -0.003923353273421526, 0.018434980884194374, -0.003808744251728058, -0.001539561664685607, 0.0014652155805379152, -0.005761831998825073, 0.002511845901608467, -0.004996932577341795, 0.0002921884006354958], [-0.00015049337525852025, 0.0002441879769321531, 0.00018184265354648232, -0.001641416922211647, -0.0011177781270816922, -0.003808744251728058, 0.015413044020533562, -0.007654891815036535, -0.0019762166775763035, 0.00457367766648531, -0.004718896001577377, 0.0024528990034013987, -0.002064983593299985], [-0.0004597945080604404, -0.0007226538145914674, 0.00019716567476280034, -0.0010961532825604081, 0.003869763109833002, -0.001539561664685607, -0.007654891815036535, 0.019129568710923195, -0.008058927021920681, -0.0010332464007660747, 0.0036478720139712095, -0.003043507458642125, -0.002812065416947007], [7.532118615927175e-05, 0.00013286928879097104, -0.00042873964412137866, -0.0001281065196963027, -0.0031984494999051094, 0.0014652155805379152, -0.0019762166775763035, -0.008058927021920681, 0.022673405706882477, -0.005940708797425032, -0.003020996693521738, 0.0008721513440832496, -0.0015679282369092107], [0.00027238400070928037, -0.00012886777403764427, 0.0006167464307509363, -0.0018708471907302737, 0.0003019155701622367, -0.005761831998825073, 0.00457367766648531, -0.0010332464007660747, -0.005940708797425032, 0.02321176789700985, -0.010184377431869507, -0.003904087468981743, 0.005091199651360512], [7.537302008131519e-05, 0.0004900632193312049, -0.0008576217805966735, 0.003069931408390403, -0.0044467272236943245, 0.002511845901608467, -0.004718896001577377, 0.0036478720139712095, -0.003020996693521738, -0.010184377431869507, 0.02584531344473362, -0.010250448249280453, -0.0021099592559039593], [-0.00017636243137530982, -0.0002172971871914342, 0.0009540258324705064, -3.5642198781715706e-05, 0.0024056595284491777, -0.004996932577341795, 0.0024528990034013987, -0.003043507458642125, 0.0008721513440832496, -0.003904087468981743, -0.010250448249280453, 0.027157695963978767, -0.010455084033310413], [0.0005497486563399434, 0.000302647880744189, 0.0002836213097907603, -7.452434510923922e-05, -0.002437625778838992, 0.0002921884006354958, -0.002064983593299985, -0.002812065416947007, -0.0015679282369092107, 0.005091199651360512, -0.0021099592559039593, -0.010455084033310413, 0.022056302055716515]], "metadata.audio_properties.analysis.downmix": "mix", "metadata.audio_properties.codec": "mp3", "metadata.audio_properties.md5_encoded": "dbf0cef621c6fc5e4046b38e026dc94d", "metadata.tags.file_name": "1183657061855273070.mp3", "metadata.version.essentia": "2.1-beta6-dev", "metadata.version.essentia_git_sha": "v2.1_beta5-1110-g77a6a954", "metadata.version.extractor": "music 2.0", "tonal.chords_key": "F", "tonal.chords_scale": "minor", "tonal.key_edma.key": "F", "tonal.key_edma.scale": "minor", "tonal.key_krumhansl.key": "F", "tonal.key_krumhansl.scale": "minor", "tonal.key_temperley.key": "F", "tonal.key_temperley.scale": "minor", "metadata.tags.encoding": ["Lavf58.45.100"]}, "essentia_models": [{"model_name": "genre_dortmund", "activations": {"alternative": "0.035156175", "blues": "0.0028300306", "electronic": "0.558325", "folkcountry": "0.006110111", "funksoulrnb": "0.023017751", "jazz": "0.054599714", "pop": "0.13547818", "raphiphop": "0.08940281", "rock": "0.0026074965"}}, {"model_name": "genre_rosamerica", "activations": {"classic": "0.002810786", "dance": "0.36139095", "hip hop": "0.04570832", "jazz": "0.046488255