{"song_id": "1183687169479548979", "download": "https://cdn.discordapp.com/attachments/1135903449314238464/1183687169479548979/chirp.mp4?ex=65893d95&amp", "lyrics": "[Verse]\nImagine a world, where love is the key\nA place of harmony, where all can be free\nNo walls dividing, just unity within\nDreams of peace and compassion, let the healing begin\n\n[Chorus]\nImagine, imagine, let your heart take flight\nImagine, imagine, a world filled with light", "style": ["English rock"], "essentia_features": {"lowlevel.average_loudness": 0.9794079065322876, "lowlevel.barkbands_crest.mean": 12.99928092956543, "lowlevel.barkbands_crest.stdev": 3.650333881378174, "lowlevel.barkbands_flatness_db.mean": 0.14485113322734833, "lowlevel.barkbands_flatness_db.stdev": 0.0449962317943573, "lowlevel.barkbands_kurtosis.mean": 7.362683296203613, "lowlevel.barkbands_kurtosis.stdev": 10.335774421691895, "lowlevel.barkbands_skewness.mean": 2.282107353210449, "lowlevel.barkbands_skewness.stdev": 1.5676517486572266, "lowlevel.barkbands_spread.mean": 23.467863082885742, "lowlevel.barkbands_spread.stdev": 13.980928421020508, "lowlevel.dissonance.mean": 0.4771559238433838, "lowlevel.dissonance.stdev": 0.027265815064311028, "lowlevel.dynamic_complexity": 1.4442882537841797, "lowlevel.erbbands_crest.mean": 9.543584823608398, "lowlevel.erbbands_crest.stdev": 6.264563083648682, "lowlevel.erbbands_flatness_db.mean": 0.13716007769107819, "lowlevel.erbbands_flatness_db.stdev": 0.036066774278879166, "lowlevel.erbbands_kurtosis.mean": 0.6382286548614502, "lowlevel.erbbands_kurtosis.stdev": 2.86847186088562, "lowlevel.erbbands_skewness.mean": -0.12567594647407532, "lowlevel.erbbands_skewness.stdev": 0.8310865759849548, "lowlevel.erbbands_spread.mean": 54.51925277709961, "lowlevel.erbbands_spread.stdev": 24.903606414794922, "lowlevel.hfc.mean": 28.22110939025879, "lowlevel.hfc.stdev": 16.90004539489746, "lowlevel.loudness_ebu128.integrated": -12.0029878616333, "lowlevel.loudness_ebu128.loudness_range": 1.1519012451171875, "lowlevel.loudness_ebu128.momentary.mean": -12.087055206298828, "lowlevel.loudness_ebu128.momentary.stdev": 0.8813532590866089, "lowlevel.loudness_ebu128.short_term.mean": -12.059815406799316, "lowlevel.loudness_ebu128.short_term.stdev": 0.43424278497695923, "lowlevel.melbands_crest.mean": 19.40928840637207, "lowlevel.melbands_crest.stdev": 4.8358683586120605, "lowlevel.melbands_flatness_db.mean": 0.21769651770591736, "lowlevel.melbands_flatness_db.stdev": 0.05921806022524834, "lowlevel.melbands_kurtosis.mean": 33.02341842651367, "lowlevel.melbands_kurtosis.stdev": 38.88459014892578, "lowlevel.melbands_skewness.mean": 4.522346496582031, "lowlevel.melbands_skewness.stdev": 2.655850410461426, "lowlevel.melbands_spread.mean": 21.121536254882812, "lowlevel.melbands_spread.stdev": 24.727270126342773, "lowlevel.pitch_salience.mean": 0.4386504590511322, "lowlevel.pitch_salience.stdev": 0.12506698071956635, "lowlevel.silence_rate_20dB.mean": 1.0, "lowlevel.silence_rate_20dB.stdev": 0.0, "lowlevel.silence_rate_30dB.mean": 0.9487632513046265, "lowlevel.silence_rate_30dB.stdev": 0.22047927975654602, "lowlevel.silence_rate_60dB.mean": 0.006183745805174112, "lowlevel.silence_rate_60dB.stdev": 0.07839298993349075, "lowlevel.spectral_centroid.mean": 1478.1019287109375, "lowlevel.spectral_centroid.stdev": 654.7341918945312, "lowlevel.spectral_complexity.mean": 22.877208709716797, "lowlevel.spectral_complexity.stdev": 8.946934700012207, "lowlevel.spectral_decrease.mean": -1.3819996702579829e-08, "lowlevel.spectral_decrease.stdev": 8.543336704747162e-09, "lowlevel.spectral_energy.mean": 0.05471956729888916, "lowlevel.spectral_energy.stdev": 0.03263639658689499, "lowlevel.spectral_energyband_high.mean": 0.0016089717391878366, "lowlevel.spectral_energyband_high.stdev": 0.002056600758805871, "lowlevel.spectral_energyband_low.mean": 0.036868877708911896, "lowlevel.spectral_energyband_low.stdev": 0.031759873032569885, "lowlevel.spectral_energyband_middle_high.mean": 0.007596207316964865, "lowlevel.spectral_energyband_middle_high.stdev": 0.008484972640872002, "lowlevel.spectral_energyband_middle_low.mean": 0.011007283814251423, "lowlevel.spectral_energyband_middle_low.stdev": 0.01647421158850193, "lowlevel.spectral_entropy.mean": 7.845402240753174, "lowlevel.spectral_entropy.stdev": 0.2421729862689972, "lowlevel.spectral_flux.mean": 0.12487782537937164, "lowlevel.spectral_flux.stdev": 0.06573141366243362, "lowlevel.spectral_kurtosis.mean": 2.1570117473602295, "lowlevel.spectral_kurtosis.stdev": 1.0850083827972412, "lowlevel.spectral_rms.mean": 0.007003488019108772, "lowlevel.spectral_rms.stdev": 0.0020823462400585413, "lowlevel.spectral_rolloff.mean": 1149.8958740234375, "lowlevel.spectral_rolloff.stdev": 1593.0435791015625, "lowlevel.spectral_skewness.mean": 1.0722205638885498, "lowlevel.spectral_skewness.stdev": 0.28332990407943726, "lowlevel.spectral_spread.mean": 4985809.0, "lowlevel.spectral_spread.stdev": 961385.5, "lowlevel.spectral_strongpeak.mean": 0.9713442921638489, "lowlevel.spectral_strongpeak.stdev": 1.289147973060608, "lowlevel.zerocrossingrate.mean": 0.056657448410987854, "lowlevel.zerocrossingrate.stdev": 0.03920283913612366, "metadata.audio_properties.analysis.equal_loudness": 0.0, "metadata.audio_properties.analysis.length": 26.23997688293457, "metadata.audio_properties.analysis.sample_rate": 44100.0, "metadata.audio_properties.analysis.start_time": 0.0, "metadata.audio_properties.bit_rate": 124771.0, "metadata.audio_properties.length": 26.239999771118164, "metadata.audio_properties.lossless": 0.0, "metadata.audio_properties.number_channels": 1.0, "metadata.audio_properties.replay_gain": -12.762781143188477, "metadata.audio_properties.sample_rate": 48000.0, "rhythm.beats_count": 69.0, "rhythm.beats_loudness.mean": 0.05018029361963272, "rhythm.beats_loudness.stdev": 0.020426765084266663, "rhythm.bpm": 161.49899291992188, "rhythm.bpm_histogram_first_peak_bpm": 161.0, "rhythm.bpm_histogram_first_peak_weight": 0.4307692050933838, "rhythm.bpm_histogram_second_peak_bpm": 148.0, "rhythm.bpm_histogram_second_peak_spread": 0.0, "rhythm.bpm_histogram_second_peak_weight": 0.04411764815449715, "rhythm.danceability": 1.5058846473693848, "rhythm.onset_rate": 3.9601292610168457, "tonal.chords_changes_rate": 0.07760141044855118, "tonal.chords_number_rate": 0.014109347015619278, "tonal.chords_strength.mean": 0.5847980976104736, "tonal.chords_strength.stdev": 0.08126363158226013, "tonal.hpcp_crest.mean": 11.894709587097168, "tonal.hpcp_crest.stdev": 6.152771472930908, "tonal.hpcp_entropy.mean": 2.3361713886260986, "tonal.hpcp_entropy.stdev": 0.8751526474952698, "tonal.key_edma.strength": 0.6244013905525208, "tonal.key_krumhansl.strength": 0.6403133273124695, "tonal.key_temperley.strength": 0.646163821220398, "tonal.tuning_diatonic_strength": 0.7466131448745728, "tonal.tuning_equal_tempered_deviation": 0.16610203683376312, "tonal.tuning_frequency": 436.20416259765625, "tonal.tuning_nontempered_energy_ratio": 0.8318384885787964, "lowlevel.barkbands.mean": [0.0007035920862108469, 0.014878163114190102, 0.01914285123348236, 0.0035872117150574923, 0.004862500354647636, 0.00045482534915208817, 0.0006012263474985957, 0.0006423724698834121, 0.0004292307421565056, 0.00229671155102551, 0.0018324030097573996, 0.00041869585402309895, 0.00038633536314591765, 0.0003628382401075214, 0.0004319053259678185, 0.0007022795034572482, 0.00048706267261877656, 0.0003384732990525663, 0.0003165656526107341, 0.00043705434654839337, 0.0002963247534353286, 0.00042962239240296185, 0.000341391860274598, 0.00023059098748490214, 8.354581223102286e-05, 2.3569391487399116e-05, 2.2486467514681863e-06], "lowlevel.barkbands.stdev": [0.0008988841436803341, 0.019003072753548622, 0.01786874048411846, 0.00394042581319809, 0.013074043206870556, 0.0010795077541843057, 0.0013242849381640553, 0.001479540835134685, 0.0008325129747390747, 0.00635030772536993, 0.005494151264429092, 0.0008311073761433363, 0.0006822922150604427, 0.0006720213568769395, 0.0006869925418868661, 0.0011315254960209131, 0.0006259712972678244, 0.00035282771568745375, 0.0002775280736386776, 0.0003533255367074162, 0.0003154093283228576, 0.0007742833695374429, 0.0007435521110892296, 0.0004020612977910787, 0.00010870739060919732, 3.019477844645735e-05, 3.868389740091516e-06], "lowlevel.erbbands.mean": [0.2616598904132843, 4.031497955322266, 19.275646209716797, 19.41913604736328, 17.023862838745117, 12.99402141571045, 7.061031818389893, 3.2853667736053467, 5.7485833168029785, 15.7883882522583, 9.9041748046875, 10.231744766235352, 36.73761749267578, 87.62956237792969, 65.54564666748047, 16.817604064941406, 18.24460220336914, 18.332426071166992, 23.057384490966797, 24.859621047973633, 37.95698928833008, 27.896469116210938, 19.21938705444336, 16.971277236938477, 17.63764762878418, 20.655153274536133, 13.336539268493652, 11.800885200500488, 15.623224258422852, 14.323509216308594, 8.51917839050293, 5.780734539031982, 3.18245267868042, 1.3744945526123047, 0.34184351563453674, 0.12859481573104858, 0.036257319152355194, 0.008579020388424397, 0.0002527323958929628, 7.09602318238467e-05], "lowlevel.erbbands.stdev": [0.4001903533935547, 5.136354923248291, 19.730993270874023, 16.640178680419922, 42.69047164916992, 36.67049026489258, 19.618579864501953, 6.822850704193115, 13.236615180969238, 33.71808624267578, 24.030717849731445, 19.59918785095215, 86.00945281982422, 235.4737091064453, 166.92510986328125, 22.576187133789062, 30.860795974731445, 34.388023376464844, 34.4366455078125, 35.345951080322266, 61.174888610839844, 35.34797286987305, 20.28813934326172, 14.144481658935547, 14.79272174835205, 16.975465774536133, 13.828245162963867, 13.715510368347168, 28.578327178955078, 31.200830459594727, 17.856048583984375, 11.697068214416504, 4.81247615814209, 1.9081770181655884, 0.409758597612381, 0.1673193722963333, 0.049449171870946884, 0.012444536201655865, 0.00034568834234960377, 3.7145618989598006e-05], "lowlevel.gfcc.mean": [34.853328704833984, 70.70650482177734, -111.60993957519531, 60.31444549560547, -47.0819091796875, 34.31071853637695, -24.744312286376953, 12.37193489074707, -23.061185836791992, -7.156641006469727, -22.85845184326172, -6.050442218780518, -14.07363510131836], "lowlevel.melbands.mean": [0.0032029517460614443, 0.008456575684249401, 0.003310546977445483, 0.0011245951754972339, 0.00029632949735969305, 7.465732051059604e-05, 9.649037383496761e-05, 0.00017494411440566182, 7.025960803730413e-05, 6.60430159769021e-05, 0.00018919985450338572, 0.0003624949313234538, 0.0002618679136503488, 6.112208211561665e-05, 3.73059265257325e-05, 3.521663529681973e-05, 3.472046591923572e-05, 3.590234700823203e-05, 3.103639028267935e-05, 4.420867844601162e-05, 4.310383155825548e-05, 2.9348320822464302e-05, 2.1543644834309816e-05, 1.4856677807983942e-05, 1.3641617442772258e-05, 1.1313141840219032e-05, 1.5501533198403195e-05, 1.3105925972922705e-05, 8.684540262038354e-06, 6.809500519011635e-06, 6.710677098453743e-06, 8.97378231456969e-06, 8.396798875764944e-06, 7.864117833378259e-06, 5.069737198937219e-06, 3.815627678704914e-06, 3.417756261114846e-06, 2.4212008611357305e-06, 1.6421358850493561e-06, 9.750815479492303e-07], "lowlevel.melbands.stdev": [0.004060974810272455, 0.008393250405788422, 0.0028126249089837074, 0.003175505204126239, 0.0007970481528900564, 0.00015885615721344948, 0.00021808533347211778, 0.00036805239506065845, 0.00016859111201483756, 0.00012833737127948552, 0.00045886149746365845, 0.0010261666029691696, 0.0007661226554773748, 0.0001286005281144753, 6.013827442075126e-05, 5.808071728097275e-05, 7.168015144998208e-05, 5.483547647600062e-05, 4.932089723297395e-05, 7.638232636963949e-05, 7.500486390199512e-05, 4.0272923797601834e-05, 2.5198258299496956e-05, 1.6054726074798964e-05, 1.1936434930248652e-05, 1.0497606126591563e-05, 1.2564173630380537e-05, 1.1669239938782994e-05, 9.92840068647638e-06, 7.531759365519974e-06, 8.12052076071268e-06, 1.6149690054589882e-05, 1.7939406461664476e-05, 1.8143642591894604e-05, 1.0622236914059613e-05, 9.054953807208221e-06, 6.494241915788734e-06, 3.799222440648009e-06, 2.3890070224297233e-06, 1.3941357792646158e-06], "lowlevel.melbands128.mean": [0.00043891670065931976, 0.0016423151828348637, 0.0035629142075777054, 0.007609226740896702, 0.00984111987054348, 0.009308126755058765, 0.004126702435314655, 0.0014379008207470179, 0.00191710633225739, 0.0012502808822318912, 0.0005793892778456211, 0.0004270458302926272, 0.00023473652254324406, 0.00011132749932585284, 6.560172187164426e-05, 5.643735858029686e-05, 6.852226215414703e-05, 9.587002568878233e-05, 0.00013271083298604935, 0.00021342752734199166, 0.00018595080473460257, 9.599350596545264e-05, 4.9642083467915654e-05, 4.619234096026048e-05, 6.25353932264261e-05, 5.59427026018966e-05, 0.00011715172877302393, 0.00019589917792472988, 0.00019052953575737774, 0.000525563198607415, 0.0002837731153704226, 0.00032291654497385025, 0.0003559075703378767, 0.00015290561714209616, 7.362197356997058e-05, 3.753563214559108e-05, 3.067799480049871e-05, 2.9069839001749642e-05, 5.096116365166381e-05, 4.409923712955788e-05, 2.8325912353466265e-05, 2.756061076070182e-05, 3.171788921463303e-05, 4.4508946302812546e-05, 3.01001582556637e-05, 3.065274722757749e-05, 4.823226117878221e-05, 3.3733238524291664e-05, 2.0798879631911404e-05, 2.8330718123470433e-05, 5.282447818899527e-05, 5.3422892960952595e-05, 4.776801142725162e-05, 3.8734051486244425e-05, 3.1009974918561056e-05, 2.882083754229825e-05, 2.830378434737213e-05, 2.3431910449289717e-05, 1.9984176105936058e-05, 1.540216544526629e-05, 1.4016758541401941e-05, 1.5025803804746829e-05, 1.4492944501398597e-05, 1.3567314454121515e-05, 1.1581407306948677e-05, 1.0474882401467767e-05, 1.1272687515884172e-05, 1.3678285540663637e-05, 1.7297228623647243e-05, 1.7552529243403114e-05, 1.3312197552295402e-05, 1.071175756806042e-05, 9.825380402617157e-06, 8.697704288351815e-06, 6.794666205678368e-06, 7.115246717148693e-06, 6.544563348143129e-06, 6.443370239139767e-06, 6.6430266087991185e-06, 6.5467033891764e-06, 9.715224223327823e-06, 9.753985068527982e-06, 8.258288289653137e-06, 8.500729563820641e-06, 7.988242032297421e-06, 8.756135684961919e-06, 7.724548595433589e-06, 6.292667421803344e-06, 4.783675194630632e-06, 4.474777597351931e-06, 3.790010623561102e-06, 3.6107187497691484e-06, 3.848738288070308e-06, 3.4346712709520943e-06, 3.212159981558216e-06, 2.9421141789498506e-06, 2.165626938221976e-06, 1.7698092733553494e-06, 1.7510972156742355e-06, 1.5639724324501003e-06, 1.2353393685771152e-06, 9.306156698585255e-07, 5.861799081685604e-07, 3.918199524832744e-07, 2.7242268174632045e-07, 3.0538376449840143e-07, 3.5059701986028813e-07, 2.848530868959642e-07, 1.8389182798728143e-07, 1.8337679819069308e-07, 1.4405475212697638e-07, 1.1966639590355044e-07, 9.589210492322309e-08, 1.0764666313889393e-07, 8.98224996603858e-08, 9.758962704609075e-08, 7.875578944549488e-08, 2.1949324136016912e-08, 3.142181792537002e-10, 1.543708216811268e-11, 1.3655543709689688e-11, 1.3055303366149573e-11, 1.2537635860065954e-11, 1.1630810030360816e-11, 9.847254955897e-12, 7.382867754646139e-12, 6.141797140313265e-12, 5.943382504897121e-12], "lowlevel.melbands128.stdev": [0.0007524167886003852, 0.003401736496016383, 0.005125854164361954, 0.010739251039922237, 0.011804001405835152, 0.008162741549313068, 0.003940280992537737, 0.002077310113236308, 0.005318169482052326, 0.0042190696112811565, 0.0017662335885688663, 0.0012473197421059012, 0.0007722733425907791, 0.0003011798544321209, 0.0001542581303510815, 0.00014505254512187093, 0.0001756909623509273, 0.00031361670698970556, 0.0003707521827891469, 0.0005483602872118354, 0.0004836590960621834, 0.0003287163272034377, 0.00018110897508449852, 0.00012618390610441566, 0.00019183297990821302, 0.00013655201473738998, 0.0003287271538283676, 0.0006507060024887323, 0.0008050359319895506, 0.0019390963716432452, 0.0010071892756968737, 0.0012851548381149769, 0.001257167081348598, 0.0004900259082205594, 0.00022418149455916137, 6.895667320350185e-05, 5.527130633709021e-05, 4.53350403404329e-05, 0.00013949506683275104, 8.978063124231994e-05, 5.3081585065228865e-05, 0.00011505815200507641, 9.61865225690417e-05, 0.00011464213457657024, 7.005977386143059e-05, 5.9316324040992185e-05, 0.00010418739839224145, 7.507978443754837e-05, 4.055011231685057e-05, 5.7677905715536326e-05, 0.0001259390846826136, 0.000115275448479224, 0.00012041386071359739, 7.707574695814401e-05, 5.410586891230196e-05, 4.7218210966093466e-05, 4.391332913655788e-05, 3.1893836421659216e-05, 3.133963400614448e-05, 2.014538949879352e-05, 2.1518762878258713e-05, 1.7825090253609233e-05, 1.5065336810948793e-05, 1.448409147997154e-05, 1.361534305033274e-05, 1.1283508683845866e-05, 1.4033309525984805e-05, 1.5178908142843284e-05, 1.7106751329265535e-05, 1.6364972907467745e-05, 1.5726027413620614e-05, 1.1907806765520945e-05, 1.3770696568826679e-05, 1.1532127246027812e-05, 8.834357686282601e-06, 8.723519385966938e-06, 8.701469596417155e-06, 9.603643775335513e-06, 8.966584573499858e-06, 8.858381988829933e-06, 1.7637095879763365e-05, 2.1754689441877417e-05, 1.815688665374182e-05, 2.003573354159016e-05, 1.71022184076719e-05, 2.5029561584233306e-05, 1.8876009562518448e-05, 1.4671867575088982e-05, 1.0311471669410821e-05, 1.0268598998663947e-05, 1.0602989277685992e-05, 8.895652172213886e-06, 9.251880328520201e-06, 7.205813744803891e-06, 5.268390850687865e-06, 5.129479177412577e-06, 3.823691713478183e-06, 2.75375168712344e-06, 2.9270813683979213e-06, 2.396151330685825e-06, 1.9907804471586132e-06, 1.4967545212130062e-06, 8.105359370347287e-07, 5.667278628607164e-07, 3.934858625598281e-07, 4.5418829586196807e-07, 4.631192211945745e-07, 4.1148982177219295e-07, 3.151278065161023e-07, 2.8546455155264994e-07, 2.2647466835223895e-07, 1.8793386402649048e-07, 1.6636104760436865e-07, 1.8205368235157948e-07, 1.9669526807319926e-07, 1.4559576300143817e-07, 1.2873877608399198e-07, 5.931167024186834e-08, 4.6132906383888894e-09, 1.6044927886316174e-10, 1.4738332776431662e-10, 1.3931840403547113e-10, 1.3186816916199717e-10, 1.1751200013065954e-10, 8.138718171624149e-11, 3.087948993729661e-11, 9.42076538307246e-12, 8.670747279893032e-12], "lowlevel.mfcc.mean": [-603.1995849609375, 87.8228759765625, 6.975236415863037, 33.02713394165039, 13.11508560180664, 21.739377975463867, 12.53745174407959, 18.544588088989258, 9.909961700439453, 6.170337200164795, -3.522392511367798, -1.3638243675231934, 0.08359461277723312], "lowlevel.spectral_contrast_coeffs.mean": [-0.6343958973884583, -0.7960457801818848, -0.7713576555252075, -0.798911452293396, -0.807308554649353, -0.7280802726745605], "lowlevel.spectral_contrast_coeffs.stdev": [0.07579942792654037, 0.07056261599063873, 0.08797980099916458, 0.04710999131202698, 0.026842841878533363, 0.03428025543689728], "lowlevel.spectral_contrast_valleys.mean": [-6.588150501251221, -7.022770881652832, -7.101750373840332, -7.173739910125732, -6.868984222412109, -9.65273666381836], "lowlevel.spectral_contrast_valleys.stdev": [0.7038511037826538, 0.6395191550254822, 0.5567953586578369, 0.4934358596801758, 0.5049052238464355, 0.6344358325004578], "rhythm.beats_loudness_band_ratio.mean": [0.6927788853645325, 0.14330653846263885, 0.05338606610894203, 0.09521570056676865, 0.06902436167001724, 0.04852497950196266], "rhythm.beats_loudness_band_ratio.stdev": [0.16555114090442657, 0.15198853611946106, 0.055493421852588654, 0.11639909446239471, 0.0691453292965889, 0.029386434704065323], "tonal.hpcp.mean": [0.1602807492017746, 0.15090127289295197, 0.08263199776411057, 0.06145907938480377, 0.06156231090426445, 0.13136710226535797, 0.25185927748680115, 0.22368884086608887, 0.18394623696804047, 0.2481766641139984, 0.15855440497398376, 0.04247916862368584, 0.0376417301595211, 0.03468144312500954, 0.030155954882502556, 0.03199689835309982, 0.027054212987422943, 0.01892748288810253, 0.015608654357492924, 0.023007303476333618, 0.04237879067659378, 0.11070023477077484, 0.17051462829113007, 0.13535700738430023, 0.10722211003303528, 0.10717833787202835, 0.08618831634521484, 0.0702553540468216, 0.07777313888072968, 0.12938034534454346, 0.18646517395973206, 0.14616963267326355, 0.08338464051485062, 0.0757388174533844, 0.07142829895019531, 0.09318564832210541], "tonal.hpcp.stdev": [0.305597722530365, 0.29360687732696533, 0.1952924132347107, 0.1735481470823288, 0.1747811883687973, 0.24991433322429657, 0.36155781149864197, 0.3211340010166168, 0.2607438564300537, 0.36316850781440735, 0.2506260573863983, 0.0958404541015625, 0.10286489129066467, 0.10721186548471451, 0.09410414844751358, 0.11058682203292847, 0.07848646491765976, 0.043553151190280914, 0.031236542388796806, 0.06956244260072708, 0.117528036236763, 0.2033124417066574, 0.2976663410663605, 0.2513037323951721, 0.22999101877212524, 0.23937788605690002, 0.21891732513904572, 0.19431069493293762, 0.19975237548351288, 0.26088306307792664, 0.311883807182312, 0.26676130294799805, 0.20151276886463165, 0.19834847748279572, 0.18783386051654816, 0.21175269782543182], "rhythm.beats_position": [0.3831292390823364, 0.7894784212112427, 1.195827603340149, 1.6021767854690552, 1.9853061437606812, 2.3684353828430176, 2.7515645027160645, 3.1346938610076904, 3.5062131881713867, 3.877732276916504, 4.249251842498779, 4.632380962371826, 5.015510082244873, 5.38702917098999, 5.758548736572266, 6.130067825317383, 6.51319694519043, 6.896326541900635, 7.267845630645752, 7.639364719390869, 8.010884284973145, 8.394013404846191, 8.777142524719238, 9.148661613464355, 9.520181655883789, 9.891700744628906, 10.274829864501953, 10.657958984375, 11.029478073120117, 11.400997161865234, 11.784127235412598, 12.167256355285645, 12.538775444030762, 12.910294532775879, 13.281813621520996, 13.664942741394043, 14.04807186126709, 14.419591903686523, 14.80272102355957, 15.185850143432617, 15.557369232177734, 15.928888320922852, 16.30040740966797, 16.671926498413086, 17.043445587158203, 17.414966583251953, 17.798095703125, 18.181224822998047, 18.552743911743164, 18.93587303161621, 19.319002151489258, 19.690521240234375, 20.062040328979492, 20.43355941772461, 20.816688537597656, 21.199817657470703, 21.57133674621582, 21.942855834960938, 22.325986862182617, 22.709115982055664, 23.08063507080078, 23.4521541595459, 23.823673248291016, 24.195192337036133, 24.56671142578125, 24.949840545654297, 25.321359634399414, 25.70448875427246, 26.076007843017578], "rhythm.bpm_histogram": [0.0, 0.0, 0.0, 0.0, 0.0, 0.0, 0.0, 0.0, 0.0, 0.0, 0.0, 0.0, 0.0, 0.0, 0.0, 0.0, 0.0, 0.0, 0.0, 0.0, 0.0, 0.0, 0.0, 0.0, 0.0, 0.0, 0.0, 0.0, 0.0, 0.0, 0.0, 0.0, 0.0, 0.0, 0.0, 0.0, 0.0, 0.0, 0.0, 0.0, 0.0, 0.0, 0.0, 0.0, 0.0, 0.0, 0.0, 0.0, 0.0, 0.0, 0.0, 0.0, 0.0, 0.0, 0.0, 0.0, 0.0, 0.0, 0.0, 0.0, 0.0, 0.0, 0.0, 0.0, 0.0, 0.0, 0.0, 0.0, 0.0, 0.0, 0.0, 0.0, 0.0, 0.0, 0.0, 0.0, 0.0, 0.0, 0.0, 0.0, 0.0, 0.0, 0.0, 0.0, 0.0, 0.0, 0.0, 0.0, 0.0, 0.0, 0.0, 0.0, 0.0, 0.0, 0.0, 0.0, 0.0, 0.0, 0.0, 0.0, 0.0, 0.0, 0.0, 0.0, 0.0, 0.0, 0.0, 0.0, 0.0, 0.0, 0.0, 0.0, 0.0, 0.0, 0.0, 0.0, 0.0, 0.0, 0.0, 0.0, 0.0, 0.0, 0.0, 0.0, 0.0, 0.0, 0.0, 0.0, 0.0, 0.0, 0.0, 0.0, 0.0, 0.0, 0.0, 0.0, 0.0, 0.0, 0.0, 0.0, 0.0, 0.0, 0.0, 0.0, 0.0, 0.0, 0.0, 0.0, 0.04411764815449715, 0.0, 0.0, 0.0, 0.0, 0.0, 0.0, 0.0, 0.0, 0.4117647111415863, 0.0, 0.0, 0.0, 0.5441176295280457, 0.0, 0.0, 0.0, 0.0, 0.0, 0.0, 0.0, 0.0, 0.0, 0.0, 0.0, 0.0, 0.0, 0.0, 0.0, 0.0, 0.0, 0.0, 0.0, 0.0, 0.0, 0.0, 0.0, 0.0, 0.0, 0.0, 0.0, 0.0, 0.0, 0.0, 0.0, 0.0, 0.0, 0.0, 0.0, 0.0, 0.0, 0.0, 0.0, 0.0, 0.0, 0.0, 0.0, 0.0, 0.0, 0.0, 0.0, 0.0, 0.0, 0.0, 0.0, 0.0, 0.0, 0.0, 0.0, 0.0, 0.0, 0.0, 0.0, 0.0, 0.0, 0.0, 0.0, 0.0, 0.0, 0.0, 0.0, 0.0, 0.0, 0.0, 0.0, 0.0, 0.0, 0.0, 0.0, 0.0, 0.0, 0.0, 0.0, 0.0, 0.0, 0.0, 0.0, 0.0, 0.0, 0.0, 0.0, 0.0], "tonal.chords_histogram": [24.338624954223633, 15.167548179626465, 7.054673671722412, 0.0, 0.0, 0.0, 0.17636683583259583, 0.0, 7.407407283782959, 0.0, 0.0, 0.0, 0.0, 0.0, 0.0, 2.292768955230713, 0.0, 5.114638328552246, 0.0, 0.0, 0.0, 0.5291005373001099, 32.451499938964844, 5.467371940612793], "tonal.thpcp": [1.0, 0.8881500959396362, 0.7303532361984253, 0.9853782653808594, 0.6295356750488281, 0.16866230964660645, 0.14945539832115173, 0.13770167529582977, 0.11973334848880768, 0.127042755484581, 0.10741797089576721, 0.07515102624893188, 0.06197371333837509, 0.09134983271360397, 0.1682637631893158, 0.4395321011543274, 0.6770234107971191, 0.5374311208724976, 0.42572230100631714, 0.4255484938621521, 0.34220823645591736, 0.2789468467235565, 0.3087960183620453, 0.5137009024620056, 0.740354597568512, 0.5803623199462891, 0.33107632398605347, 0.3007187843322754, 0.2836039960384369, 0.3699909448623657, 0.6363900899887085, 0.5991491675376892, 0.3280879557132721, 0.24402150511741638, 0.24443137645721436, 0.5215892791748047], "lowlevel.gfcc.cov": [[2297.5146484375, 69.23161315917969, 80.42411041259766, 19.474205017089844, -2.8390896320343018, -55.413246154785156, -164.98428344726562, -87.32604217529297, -188.75064086914062, -61.05474853515625, -119.11463928222656, 27.508928298950195, -104.4484634399414], [69.23161315917969, 755.3905029296875, -13.75213623046875, 80.2786636352539, 155.80581665039062, -35.78519821166992, 146.86599731445312, 18.21504020690918, 80.10116577148438, -4.252476215362549, 97.9277572631836, -60.47919464111328, 63.85096740722656], [80.42411041259766, -13.75213623046875, 230.96484375, 135.2145538330078, 41.64950180053711, -11.17965316772461, -36.54320526123047, -24.186674118041992, -18.118194580078125, 3.564990282058716, 0.56447434425354, 13.108683586120605, -24.204296112060547], [19.474205017089844, 80.2786636352539, 135.2145538330078, 368.8258361816406, 107.67564392089844, -8.733479499816895, 1.4756355285644531, -15.564698219299316, 80.49332427978516, -6.406937599182129, 51.47355270385742, -15.26660442352295, -1.5853323936462402], [-2.8390896320343018, 155.80581665039062, 41.64950180053711, 107.67564392089844, 302.52716064453125, 115.23665618896484, 141.4768829345703, 68.32078552246094, 40.39662170410156, 10.078414916992188, 2.7879128456115723, -4.162308692932129, 40.43353271484375], [-55.413246154785156, -35.78519821166992, -11.17965316772461, -8.733479499816895, 115.23665618896484, 264.07928466796875, 187.0379180908203, 47.21990966796875, -26.49428939819336, -29.170942306518555, -3.195598840713501, -10.429051399230957, 31.211666107177734], [-164.98428344726562, 146.86599731445312, -36.54320526123047, 1.4756355285644531, 141.4768829345703, 187.0379180908203, 283.37811279296875, 92.25257110595703, 37.076236724853516, -3.65547513961792, 40.39792251586914, -14.3333101272583, 44.840721130371094], [-87.32604217529297, 18.21504020690918, -24.186674118041992, -15.564698219299316, 68.32078552246094, 47.21990966796875, 92.25257110595703, 125.48147583007812, 76.82374572753906, 36.859561920166016, 10.208770751953125, 2.7514376640319824, 17.972776412963867], [-188.75064086914062, 80.10116577148438, -18.118194580078125, 80.49332427978516, 40.39662170410156, -26.49428939819336, 37.076236724853516, 76.82374572753906, 192.83901977539062, 73.61198425292969, 56.4627571105957, -16.70663833618164, 3.971938371658325], [-61.05474853515625, -4.252476215362549, 3.564990282058716, -6.406937599182129, 10.078414916992188, -29.170942306518555, -3.65547513961792, 36.859561920166016, 73.61198425292969, 106.39661407470703, 44.072166442871094, -1.1630165576934814, -21.604093551635742], [-119.11463928222656, 97.9277572631836, 0.56447434425354, 51.47355270385742, 2.7879128456115723, -3.195598840713501, 40.39792251586914, 10.208770751953125, 56.4627571105957, 44.072166442871094, 100.92062377929688, 13.363306999206543, 11.853992462158203], [27.508928298950195, -60.47919464111328, 13.108683586120605, -15.26660442352295, -4.162308692932129, -10.429051399230957, -14.3333101272583, 2.7514376640319824, -16.70663833618164, -1.1630165576934814, 13.363306999206543, 80.13385772705078, 36.10887908935547], [-104.4484634399414, 63.85096740722656, -24.204296112060547, -1.5853323936462402, 40.43353271484375, 31.211666107177734, 44.840721130371094, 17.972776412963867, 3.971938371658325, -21.604093551635742, 11.853992462158203, 36.10887908935547, 101.33694458007812]], "lowlevel.gfcc.icov": [[0.0006488540093414485, -0.0006461768061853945, 0.00028230799944140017, -0.000487119541503489, 0.00022453472774941474, -0.0005786092369817197, 0.0005628079525195062, -0.0002955330419354141, 0.0006817053654231131, -0.0005281721241772175, 0.0013141570379957557, -0.0014509562170132995, 0.0012516968417912722], [-0.0006461768061853945, 0.0038859425112605095, -0.0009355067741125822, 0.0016460114857181907, -0.0024263414088636637, 0.003735276637598872, -0.002391902497038245, 0.0012202855432406068, -0.000995806185528636, 0.002989034401252866, -0.005463897250592709, 0.005790922325104475, -0.003400607267394662], [0.00028230799944140017, -0.0009355067741125822, 0.007057428825646639, -0.0036015002988278866, 0.0001459957129554823, -0.0010597946820780635, 0.0009663251112215221, -0.0004122464160900563, 0.002542082918807864, -0.0027809550520032644, 0.002623325912281871, -0.0037840502336621284, 0.0027724087703973055], [-0.000487119541503489, 0.0016460114857181907, -0.0036015002988278866, 0.006896425969898701, -0.0033301960211247206, 0.0014875699998810887, 0.0002623306936584413, 0.0022533496376127005, -0.0043717240914702415, 0.0056923069059848785, -0.006296132691204548, 0.004098702687770128, -0.0012757525546476245], [0.00022453472774941474, -0.0024263414088636637, 0.0001459957129554823, -0.0033301960211247206, 0.007753958459943533, -0.0031356806866824627, -0.0010723688174039125, -0.0018558178562670946, 0.0010857038432732224, -0.004687042441219091, 0.006547668017446995, -0.003583001671358943, -0.00011238553270231932], [-0.0005786092369817197, 0.003735276637598872, -0.0010597946820780635, 0.0014875699998810887, -0.0031356806866824627, 0.01186454202979803, -0.007739765103906393, 0.0010785659542307258, 0.001034510787576437, 0.0031586429104208946, -0.003950425889343023, 0.005860958248376846, -0.003342872951179743], [0.0005628079525195062, -0.002391902497038245, 0.0009663251112215221, 0.0002623306936584413, -0.0010723688174039125, -0.007739765103906393, 0.012954551726579666, -0.005997833795845509, 0.0007762779132463038, 0.0018050341168418527, -0.0032628511544317007, -0.000542784109711647, 0.0013947691768407822], [-0.0002955330419354141, 0.0012202855432406068, -0.0004122464160900563, 0.0022533496376127005, -0.0018558178562670946, 0.0010785659542307258, -0.005997833795845509, 0.018093548715114594, -0.0075035663321614265, -0.002612658077850938, 0.0037050973623991013, -0.0017380688805133104, -0.0013604294508695602], [0.0006817053654231131, -0.000995806185528636, 0.002542082918807864, -0.0043717240914702415, 0.0010857038432732224, 0.001034510787576437, 0.0007762779132463038, -0.0075035663321614265, 0.013908244669437408, -0.006597496103495359, -0.0006140702171251178, 0.0013799096923321486, -0.000267178489593789], [-0.0005281721241772175, 0.002989034401252866, -0.0027809550520032644, 0.0056923069059848785, -0.004687042441219091, 0.0031586429104208946, 0.0018050341168418527, -0.002612658077850938, -0.006597496103495359, 0.022812722250819206, -0.013835331425070763, 0.004624833352863789, 0.0026515296194702387], [0.0013141570379957557, -0.005463897250592709, 0.002623325912281871, -0.006296132691204548, 0.006547668017446995, -0.003950425889343023, -0.0032628511544317007, 0.0037050973623991013, -0.0006140702171251178, -0.013835331425070763, 0.02838529832661152, -0.013653789646923542, 0.0033354670740664005], [-0.0014509562170132995, 0.005790922325104475, -0.0037840502336621284, 0.004098702687770128, -0.003583001671358943, 0.005860958248376846, -0.000542784109711647, -0.0017380688805133104, 0.0013799096923321486, 0.004624833352863789, -0.013653789646923542, 0.027872920036315918, -0.013213860802352428], [0.0012516968417912722, -0.003400607267394662, 0.0027724087703973055, -0.0012757525546476245, -0.00011238553270231932, -0.003342872951179743, 0.0013947691768407822, -0.0013604294508695602, -0.000267178489593789, 0.0026515296194702387, 0.0033354670740664005, -0.013213860802352428, 0.019535666331648827]], "lowlevel.mfcc.cov": [[1548.60693359375, 20.87738037109375, 40.131072998046875, 46.148353576660156, 40.84829330444336, -1.8187315464019775, -50.97244644165039, -33.418819427490234, -79.42408752441406, -120.42945861816406, -56.417415618896484, -52.479366302490234, -28.845224380493164], [20.87738037109375, 624.1556396484375, -106.2536392211914, 64.29450988769531, 3.8388421535491943, -0.31801486015319824, 87.82276153564453, 6.497210502624512, 61.66004180908203, 24.396581649780273, 23.007787704467773, 45.1341438293457, 34.367740631103516], [40.131072998046875, -106.2536392211914, 229.979736328125, 77.42401885986328, 7.176640510559082, 3.8515703678131104, -46.515140533447266, -21.386383056640625, -72.3342056274414, -31.25235939025879, -6.417779445648193, 18.940248489379883, -15.092101097106934], [46.148353576660156, 64.29450988769531, 77.42401885986328, 321.811767578125, 118.76239013671875, 16.26436424255371, -43.52028274536133, 3.1537575721740723, 0.4400478005409241, -0.3169213533401489, 9.962019920349121, 76.49169921875, 46.76808547973633], [40.84829330444336, 3.8388421535491943, 7.176640510559082, 118.76239013671875, 173.2674102783203, 51.94841766357422, 9.747060775756836, 18.346582412719727, 43.74750900268555, 5.354991912841797, -7.670670509338379, 13.81141185760498, 24.86139678955078], [-1.8187315464019775, -0.31801486015319824, 3.8515703678131104, 16.26436424255371, 51.94841766357422, 166.72291564941406, 130.98138427734375, 69.01415252685547, 41.918113708496094, 29.637161254882812, 3.403378486633301, -12.618610382080078, 0.3745597004890442], [-50.97244644165039, 87.82276153564453, -46.515140533447266, -43.52028274536133, 9.747060775756836, 130.98138427734375, 241.05746459960938, 105.51785278320312, 70.42277526855469, 28.424283981323242, -0.798145592212677, -30.828279495239258, 4.401915073394775], [-33.418819427490234, 6.497210502624512, -21.386383056640625, 3.1537575721740723, 18.346582412719727, 69.01415252685547, 105.51785278320312, 132.0025177001953, 78.99629211425781, 27.969358444213867, -5.025616645812988, -3.51916241645813, 24.518646240234375], [-79.42408752441406, 61.66004180908203, -72.3342056274414, 0.4400478005409241, 43.74750900268555, 41.918113708496094, 70.42277526855469, 78.99629211425781, 137.24375915527344, 62.16432571411133, 10.942477226257324, -1.151789903640747, 29.80992317199707], [-120.42945861816406, 24.396581649780273, -31.25235939025879, -0.3169213533401489, 5.354991912841797, 29.637161254882812, 28.424283981323242, 27.969358444213867, 62.16432571411133, 114.91453552246094, 63.5439338684082, 36.455467224121094, 19.66375160217285], [-56.417415618896484, 23.007787704467773, -6.417779445648193, 9.962019920349121, -7.670670509338379, 3.403378486633301, -0.798145592212677, -5.025616645812988, 10.942477226257324, 63.5439338684082, 99.11779022216797, 65.02447509765625, 26.146968841552734], [-52.479366302490234, 45.1341438293457, 18.940248489379883, 76.49169921875, 13.81141185760498, -12.618610382080078, -30.828279495239258, -3.51916241645813, -1.151789903640747, 36.455467224121094, 65.02447509765625, 116.39781951904297, 59.028873443603516], [-28.845224380493164, 34.367740631103516, -15.092101097106934, 46.76808547973633, 24.86139678955078, 0.3745597004890442, 4.401915073394775, 24.518646240234375, 29.80992317199707, 19.66375160217285, 26.146968841552734, 59.028873443603516, 82.08135986328125]], "lowlevel.mfcc.icov": [[0.000736745132599026, -0.00014278310118243098, 2.4926754122134298e-05, -4.235449887346476e-05, -0.00021393544739112258, -0.0002570882497821003, 0.00034935231087729335, -0.0002636876015458256, 0.0003372381324879825, 0.0007497034384869039, -0.00040264910785481334, 0.0005271798581816256, -7.952578744152561e-05], [-0.00014278310118243098, 0.00230123708024621, 0.000921295490115881, -0.0009440138237550855, 0.0006884110625833273, 0.000831637647934258, -0.0019102049991488457, 0.001663791947066784, -0.001384032890200615, 0.0003333181084599346, 0.00046519178431481123, -0.0015543272020295262, 0.0004791076062247157], [2.4926754122134298e-05, 0.000921295490115881, 0.006612836383283138, -0.001674563274718821, 0.0003116679145023227, -0.0009422679431736469, 0.0004579294181894511, -0.001141694257967174, 0.0031328736804425716, 0.00026937873917631805, 0.0004528487042989582, -0.0016079365741461515, 0.001829181332141161], [-4.235449887346476e-05, -0.0009440138237550855, -0.001674563274718821, 0.006046949420124292, -0.003687117714434862, -0.0004740928707178682, 0.0014159943675622344, -0.0011361456708982587, 0.0007827921072021127, -0.00016238904208876193, 0.001320198061875999, -0.0030840712133795023, -0.0004385724023450166], [-0.00021393544739112258, 0.0006884110625833273, 0.0003116679145023227, -0.003687117714434862, 0.01054306048899889, -0.003782833693549037, 0.0008104796870611608, 0.002882006810978055, -0.005103400442749262, 0.0017215352272614837, 0.000851583550684154, 0.0002363388193771243, -0.0012859542621299624], [-0.0002570882497821003, 0.000831637647934258, -0.0009422679431736469, -0.0004740928707178682, -0.003782833693549037, 0.013940555043518543, -0.00744204455986619, -0.0018098711734637618, 0.001877678674645722, -0.0032144743017852306, 7.286141044460237e-05, 9.522781328996643e-05, 0.0016766658518463373], [0.00034935231087729335, -0.0019102049991488457, 0.0004579294181894511, 0.0014159943675622344, 0.0008104796870611608, -0.00744204455986619, 0.012037178501486778, -0.005923071876168251, 0.00033445635926909745, 0.0014027842553332448, -0.0021908804774284363, 0.0033073429949581623, -0.0010258933762088418], [-0.0002636876015458256, 0.001663791947066784, -0.001141694257967174, -0.0011361456708982587, 0.002882006810978055, -0.0018098711734637618, -0.005923071876168251, 0.018739119172096252, -0.0097230589017272, 0.0008286974625661969, 0.0034569392446428537, -0.0023548142053186893, -0.002571570686995983], [0.0003372381324879825, -0.001384032890200615, 0.0031328736804425716, 0.0007827921072021127, -0.005103400442749262, 0.001877678674645722, 0.00033445635926909745, -0.0097230589017272, 0.021433988586068153, -0.009688494727015495, 0.0014888611622154713, 0.004770757630467415, -0.004116780590265989], [0.0007497034384869039, 0.0003333181084599346, 0.00026937873917631805, -0.00016238904208876193, 0.0017215352272614837, -0.0032144743017852306, 0.0014027842553332448, 0.0008286974625661969, -0.009688494727015495, 0.02142610400915146, -0.011707748286426067, -0.001475590281188488, 0.0026127868331968784], [-0.00040264910785481334, 0.00046519178431481123, 0.0004528487042989582, 0.001320198061875999, 0.000851583550684154, 7.286141044460237e-05, -0.0021908804774284363, 0.0034569392446428537, 0.0014888611622154713, -0.011707748286426067, 0.025447865948081017, -0.013126173987984657, 0.0014187032356858253], [0.0005271798581816256, -0.0015543272020295262, -0.0016079365741461515, -0.0030840712133795023, 0.0002363388193771243, 9.522781328996643e-05, 0.0033073429949581623, -0.0023548142053186893, 0.004770757630467415, -0.001475590281188488, -0.013126173987984657, 0.027597561478614807, -0.01429292093962431], [-7.952578744152561e-05, 0.0004791076062247157, 0.001829181332141161, -0.0004385724023450166, -0.0012859542621299624, 0.0016766658518463373, -0.0010258933762088418, -0.002571570686995983, -0.004116780590265989, 0.0026127868331968784, 0.0014187032356858253, -0.01429292093962431, 0.02444174326956272]], "metadata.audio_properties.analysis.downmix": "mix", "metadata.audio_properties.codec": "mp3", "metadata.audio_properties.md5_encoded": "797a725541c9b2479bf5c18b6436390b", "metadata.tags.file_name": "1183687169479548979.mp3", "metadata.version.essentia": "2.1-beta6-dev", "metadata.version.essentia_git_sha": "v2.1_beta5-1110-g77a6a954", "metadata.version.extractor": "music 2.0", "tonal.chords_key": "F", "tonal.chords_scale": "major", "tonal.key_edma.key": "E", "tonal.key_edma.scale": "minor", "tonal.key_krumhansl.key": "E", "tonal.key_krumhansl.scale": "minor", "tonal.key_temperley.key": "C", "ton