{"song_id": "1183704791768113172", "download": "https://cdn.discordapp.com/attachments/1135911532732108921/1183704791768113172/chirp.mp4?ex=65894dfe&amp", "lyrics": "[verse]\nIn Calatayud, where Enzo resides\nA young warrior with dreams so wide\nSeven years old, yet wise beyond his years\nA future legend, it's crystal clear\n\n[chorus]\nEnzo, oh Enzo, you're growing so strong\nA warrior's heart, where courage belongs\nOn this special day, we celebrate your might\nBlasting through life, like Iron Maiden's might", "style": ["Iron Maiden"], "essentia_features": {"lowlevel.average_loudness": 0.8680890202522278, "lowlevel.barkbands_crest.mean": 10.946368217468262, "lowlevel.barkbands_crest.stdev": 3.873791217803955, "lowlevel.barkbands_flatness_db.mean": 0.13657724857330322, "lowlevel.barkbands_flatness_db.stdev": 0.03959905356168747, "lowlevel.barkbands_kurtosis.mean": 4.511962413787842, "lowlevel.barkbands_kurtosis.stdev": 6.284188747406006, "lowlevel.barkbands_skewness.mean": 1.8077704906463623, "lowlevel.barkbands_skewness.stdev": 0.992422878742218, "lowlevel.barkbands_spread.mean": 19.646753311157227, "lowlevel.barkbands_spread.stdev": 14.003872871398926, "lowlevel.dissonance.mean": 0.449399471282959, "lowlevel.dissonance.stdev": 0.026076896116137505, "lowlevel.dynamic_complexity": 2.199944496154785, "lowlevel.erbbands_crest.mean": 10.222214698791504, "lowlevel.erbbands_crest.stdev": 4.339334011077881, "lowlevel.erbbands_flatness_db.mean": 0.16536636650562286, "lowlevel.erbbands_flatness_db.stdev": 0.03004344366490841, "lowlevel.erbbands_kurtosis.mean": 0.15574002265930176, "lowlevel.erbbands_kurtosis.stdev": 1.615100383758545, "lowlevel.erbbands_skewness.mean": 0.6016272902488708, "lowlevel.erbbands_skewness.stdev": 0.6302570700645447, "lowlevel.erbbands_spread.mean": 40.860660552978516, "lowlevel.erbbands_spread.stdev": 16.681957244873047, "lowlevel.hfc.mean": 19.976360321044922, "lowlevel.hfc.stdev": 15.858524322509766, "lowlevel.loudness_ebu128.integrated": -15.958341598510742, "lowlevel.loudness_ebu128.loudness_range": 3.9742259979248047, "lowlevel.loudness_ebu128.momentary.mean": -16.423809051513672, "lowlevel.loudness_ebu128.momentary.stdev": 2.111990451812744, "lowlevel.loudness_ebu128.short_term.mean": -16.25433921813965, "lowlevel.loudness_ebu128.short_term.stdev": 1.3735638856887817, "lowlevel.melbands_crest.mean": 14.861977577209473, "lowlevel.melbands_crest.stdev": 4.3080830574035645, "lowlevel.melbands_flatness_db.mean": 0.18168766796588898, "lowlevel.melbands_flatness_db.stdev": 0.04723747447133064, "lowlevel.melbands_kurtosis.mean": 11.84578800201416, "lowlevel.melbands_kurtosis.stdev": 10.786616325378418, "lowlevel.melbands_skewness.mean": 2.6751675605773926, "lowlevel.melbands_skewness.stdev": 1.0361167192459106, "lowlevel.melbands_spread.mean": 21.404739379882812, "lowlevel.melbands_spread.stdev": 18.864307403564453, "lowlevel.pitch_salience.mean": 0.557299017906189, "lowlevel.pitch_salience.stdev": 0.09410207718610764, "lowlevel.silence_rate_20dB.mean": 1.0, "lowlevel.silence_rate_20dB.stdev": 0.0, "lowlevel.silence_rate_30dB.mean": 1.0, "lowlevel.silence_rate_30dB.stdev": 0.0, "lowlevel.silence_rate_60dB.mean": 0.01711491495370865, "lowlevel.silence_rate_60dB.stdev": 0.12970267236232758, "lowlevel.spectral_centroid.mean": 1042.999267578125, "lowlevel.spectral_centroid.stdev": 470.2269287109375, "lowlevel.spectral_complexity.mean": 15.90036678314209, "lowlevel.spectral_complexity.stdev": 6.782124996185303, "lowlevel.spectral_decrease.mean": -5.976459771517284e-09, "lowlevel.spectral_decrease.stdev": 3.8686329695281074e-09, "lowlevel.spectral_energy.mean": 0.024368468672037125, "lowlevel.spectral_energy.stdev": 0.015415500849485397, "lowlevel.spectral_energyband_high.mean": 0.0008725881925784051, "lowlevel.spectral_energyband_high.stdev": 0.001506528235040605, "lowlevel.spectral_energyband_low.mean": 0.0013309086207300425, "lowlevel.spectral_energyband_low.stdev": 0.0018220740603283048, "lowlevel.spectral_energyband_middle_high.mean": 0.004347227048128843, "lowlevel.spectral_energyband_middle_high.stdev": 0.004119734279811382, "lowlevel.spectral_energyband_middle_low.mean": 0.01834271103143692, "lowlevel.spectral_energyband_middle_low.stdev": 0.012640099041163921, "lowlevel.spectral_entropy.mean": 7.532645225524902, "lowlevel.spectral_entropy.stdev": 0.37140604853630066, "lowlevel.spectral_flux.mean": 0.06479541957378387, "lowlevel.spectral_flux.stdev": 0.03299734741449356, "lowlevel.spectral_kurtosis.mean": 3.3279662132263184, "lowlevel.spectral_kurtosis.stdev": 2.4049503803253174, "lowlevel.spectral_rms.mean": 0.004639811348170042, "lowlevel.spectral_rms.stdev": 0.0014987559989094734, "lowlevel.spectral_rolloff.mean": 1590.9873046875, "lowlevel.spectral_rolloff.stdev": 1794.023681640625, "lowlevel.spectral_skewness.mean": 1.4500974416732788, "lowlevel.spectral_skewness.stdev": 0.3676634132862091, "lowlevel.spectral_spread.mean": 4959516.5, "lowlevel.spectral_spread.stdev": 1457285.5, "lowlevel.spectral_strongpeak.mean": 1.2339091300964355, "lowlevel.spectral_strongpeak.stdev": 0.7839486002922058, "lowlevel.zerocrossingrate.mean": 0.063350610435009, "lowlevel.zerocrossingrate.stdev": 0.042311131954193115, "metadata.audio_properties.analysis.equal_loudness": 0.0, "metadata.audio_properties.analysis.length": 37.951995849609375, "metadata.audio_properties.analysis.sample_rate": 44100.0, "metadata.audio_properties.analysis.start_time": 0.0, "metadata.audio_properties.bit_rate": 118802.0, "metadata.audio_properties.length": 37.95199966430664, "metadata.audio_properties.lossless": 0.0, "metadata.audio_properties.number_channels": 1.0, "metadata.audio_properties.replay_gain": -11.329069137573242, "metadata.audio_properties.sample_rate": 48000.0, "rhythm.beats_count": 87.0, "rhythm.beats_loudness.mean": 0.031129615381360054, "rhythm.beats_loudness.stdev": 0.015170934610068798, "rhythm.bpm": 138.39974975585938, "rhythm.bpm_histogram_first_peak_bpm": 140.0, "rhythm.bpm_histogram_first_peak_weight": 0.41860467195510864, "rhythm.bpm_histogram_second_peak_bpm": 0.0, "rhythm.bpm_histogram_second_peak_spread": 0.0, "rhythm.bpm_histogram_second_peak_weight": 0.0, "rhythm.danceability": 1.2013689279556274, "rhythm.onset_rate": 3.5296013355255127, "tonal.chords_changes_rate": 0.025641025975346565, "tonal.chords_number_rate": 0.006105006206780672, "tonal.chords_strength.mean": 0.5254955291748047, "tonal.chords_strength.stdev": 0.056435223668813705, "tonal.hpcp_crest.mean": 22.15729522705078, "tonal.hpcp_crest.stdev": 8.92516040802002, "tonal.hpcp_entropy.mean": 1.1324462890625, "tonal.hpcp_entropy.stdev": 0.693879246711731, "tonal.key_edma.strength": 0.6097264885902405, "tonal.key_krumhansl.strength": 0.5932682156562805, "tonal.key_temperley.strength": 0.5635549426078796, "tonal.tuning_diatonic_strength": 0.4862832725048065, "tonal.tuning_equal_tempered_deviation": 0.009002285078167915, "tonal.tuning_frequency": 440.2542419433594, "tonal.tuning_nontempered_energy_ratio": 0.6119165420532227, "lowlevel.barkbands.mean": [1.622800118639134e-05, 0.0005025301943533123, 0.00032349961111322045, 0.0022148543503135443, 0.00394485704600811, 0.0076362211257219315, 0.0018797637894749641, 0.001156937680207193, 0.001443772460334003, 0.0002696365409065038, 0.0006889674696139991, 0.00033186114160344005, 0.0010350353550165892, 0.00040659160003997386, 0.0005252401460893452, 0.0004087490669917315, 0.00024313153699040413, 0.00023067701840773225, 0.00017505585856270045, 0.00012512205285020173, 0.00011595386604312807, 0.00017624515749048442, 0.00017161968571599573, 0.00023848672572057694, 8.003810216905549e-05, 2.648770168889314e-05, 9.224731343238091e-07], "lowlevel.barkbands.stdev": [4.00533972424455e-05, 0.0011224948102608323, 0.0005521589191630483, 0.0025628909934312105, 0.006885817274451256, 0.006889299489557743, 0.004118882119655609, 0.0022503796499222517, 0.0018547802465036511, 0.0005622004973702133, 0.0009748156880959868, 0.0007723140879534185, 0.0020310357213020325, 0.0008440742967650294, 0.0008955635130405426, 0.00045021064579486847, 0.0003147891256958246, 0.0002939396072179079, 0.00019660888938233256, 0.00015173530846368521, 0.0001311597734456882, 0.00029074831400066614, 0.0003585739468690008, 0.0006156018935143948, 0.00022661274124402553, 7.996377826202661e-05, 4.258421995473327e-06], "lowlevel.erbbands.mean": [0.0114216860383749, 0.1258663535118103, 0.3412821292877197, 3.4340009689331055, 15.795226097106934, 10.306997299194336, 13.191794395446777, 94.6268539428711, 38.008148193359375, 25.977632522583008, 17.490516662597656, 38.500858306884766, 12.793002128601074, 9.437858581542969, 32.47835922241211, 15.79465103149414, 43.65543746948242, 30.4395751953125, 31.976001739501953, 21.51958656311035, 17.728008270263672, 15.004853248596191, 14.348572731018066, 10.521496772766113, 6.815332889556885, 5.916617393493652, 5.169234275817871, 4.32365608215332, 6.638700008392334, 5.512694835662842, 4.800574779510498, 5.774667739868164, 3.160912036895752, 1.229604721069336, 0.38393524289131165, 0.16403590142726898, 0.035563357174396515, 0.005165182985365391, 0.00013788331125397235, 3.4992055589100346e-05], "lowlevel.erbbands.stdev": [0.026988552883267403, 0.2738000154495239, 0.47552889585494995, 3.72540283203125, 21.06707000732422, 21.092069625854492, 11.890535354614258, 85.27473449707031, 69.16753387451172, 45.93058395385742, 37.15065383911133, 45.07584762573242, 16.630420684814453, 15.767885208129883, 48.2238883972168, 33.16397476196289, 80.0078125, 51.9305419921875, 51.73588943481445, 28.97342872619629, 18.635780334472656, 18.641559600830078, 18.546188354492188, 11.146571159362793, 8.63001537322998, 7.255266189575195, 5.714205265045166, 5.263906478881836, 10.779108047485352, 10.492526054382324, 10.107906341552734, 14.717455863952637, 8.491840362548828, 3.5979645252227783, 1.0739518404006958, 0.4899977147579193, 0.10970501601696014, 0.01606105826795101, 0.00042283785296604037, 2.490173574187793e-05], "lowlevel.gfcc.mean": [6.087108135223389, 79.90959167480469, -130.50050354003906, 21.21413230895996, -80.25466918945312, 3.918519973754883, -62.706180572509766, -8.686549186706543, -29.07595443725586, -5.176739692687988, -16.927602767944336, -2.764444589614868, -14.361239433288574], "lowlevel.melbands.mean": [0.0001279354328289628, 0.00018902735610026866, 0.0010358626022934914, 0.00104075379204005, 0.00046161090722307563, 0.0018783078994601965, 0.0004963320097886026, 0.00027926682378165424, 0.00013419383321888745, 0.0002509813930373639, 5.572412192123011e-05, 3.435764301684685e-05, 9.050311200553551e-05, 5.3763538744533435e-05, 3.958648812840693e-05, 0.00013119510549586266, 4.4403710489859805e-05, 5.220159073360264e-05, 3.013348759850487e-05, 3.530066896928474e-05, 1.650003468967043e-05, 1.685186907707248e-05, 1.3188126104068942e-05, 9.837685865932144e-06, 8.652051292301621e-06, 5.2486834647424985e-06, 4.455961970961653e-06, 3.760326535484637e-06, 3.2262651075143367e-06, 2.7730729925679043e-06, 2.3588295334775466e-06, 3.7634554246324115e-06, 3.551757572495262e-06, 3.0072351364651695e-06, 2.717043116717832e-06, 2.9621298835991183e-06, 3.8048028727644123e-06, 2.5978686153393937e-06, 1.3233845947979717e-06, 9.161541925095662e-07], "lowlevel.melbands.stdev": [0.0002923716383520514, 0.0002851575845852494, 0.0010698632104322314, 0.0017694979906082153, 0.00040565323433838785, 0.0016570980660617352, 0.0009195842430926859, 0.0005351119325496256, 0.00033574248664081097, 0.00029297443688847125, 8.096540841506794e-05, 6.733424379490316e-05, 0.00013086744002066553, 8.296890882775187e-05, 0.00010079201456392184, 0.00025072426069527864, 8.991445793071762e-05, 9.02007523109205e-05, 5.7437435316387564e-05, 4.1444265661993995e-05, 1.876811438705772e-05, 2.3051599782775156e-05, 1.898288246593438e-05, 1.1315209121676162e-05, 9.552308256388642e-06, 7.178470241342438e-06, 5.807229626952903e-06, 4.760646788781742e-06, 3.6517908483801875e-06, 3.245799916840042e-06, 3.0437886380241252e-06, 6.010465767758433e-06, 6.584310995094711e-06, 6.2043040998105425e-06, 5.639346454699989e-06, 7.346414349740371e-06, 9.990942999138497e-06, 7.255160198837984e-06, 3.609602345022722e-06, 2.860770564439008e-06], "lowlevel.melbands128.mean": [6.667041816399433e-06, 6.039918298483826e-05, 0.00020970843615941703, 0.00020190651412121952, 0.00012505568156484514, 0.00018710462609305978, 0.00042582667083479464, 0.001459602965041995, 0.0017534807557240129, 0.001267450163140893, 0.0003999557229690254, 0.0001342873729299754, 8.16966567072086e-05, 0.0010675403755158186, 0.0033318297937512398, 0.001278479816392064, 0.0007166814175434411, 0.0003802308929152787, 0.00019846984650939703, 0.0002850898017641157, 0.00037752659409306943, 8.101026469375938e-05, 0.00013372422836255282, 0.000123565987451002, 0.00025796506088227034, 0.0003817612014245242, 2.6053226974909194e-05, 3.4728454920696095e-05, 4.918453487334773e-05, 4.040336352773011e-05, 2.97243423119653e-05, 2.2601876480621286e-05, 6.164342630654573e-05, 0.0002185467747040093, 2.98262220894685e-05, 1.8471067960490473e-05, 4.3760948756244034e-05, 4.92772669531405e-05, 1.4760571502847597e-05, 0.00011492364865262061, 0.0002163675962947309, 4.55366971436888e-05, 3.0047913242015056e-05, 5.200865780352615e-05, 4.320009975344874e-05, 6.704397674184293e-05, 4.604824061971158e-05, 2.7353989935363643e-05, 2.862639848899562e-05, 1.2226202670717612e-05, 5.707191303372383e-05, 3.4360287827439606e-05, 9.035039511218201e-06, 1.4100472071731929e-05, 1.4812594599789008e-05, 2.4199405743274838e-05, 9.721275091578718e-06, 9.518453225609846e-06, 1.5910223737591878e-05, 1.9052524294238538e-05, 6.054547611711314e-06, 4.799498128704727e-06, 1.3457230124913622e-05, 7.289540462807054e-06, 6.353733169817133e-06, 5.104935553390533e-06, 4.894086032436462e-06, 3.946531251131091e-06, 5.0048756747855805e-06, 4.248674940754427e-06, 3.5076486710750032e-06, 4.063399501319509e-06, 2.7905418846785324e-06, 3.137433395750122e-06, 3.6660355817730306e-06, 2.3934912860568147e-06, 3.127378704448347e-06, 1.8486828139430145e-06, 2.4005946670513367e-06, 2.2477015590993688e-06, 4.019829702883726e-06, 3.846802428597584e-06, 4.373983756522648e-06, 3.8142086395964725e-06, 2.659007350303e-06, 2.5975514290621504e-06, 3.5418240713624982e-06, 3.0068256364756962e-06, 2.7677292564476375e-06, 2.2914005057828035e-06, 2.640612592585967e-06, 2.9764291866740678e-06, 3.7363120100053493e-06, 3.6911351344315335e-06, 4.400515535962768e-06, 3.245173047616845e-06, 2.198994252466946e-06, 1.465388095311937e-06, 1.3123873259246466e-06, 1.2906784832011908e-06, 1.0799675465023029e-06, 8.994487643576576e-07, 6.889138717269816e-07, 3.427456931603956e-07, 3.5717235391530266e-07, 4.348398192632885e-07, 3.2384528481088637e-07, 3.283665535036562e-07, 3.0667939654449583e-07, 2.551244904225314e-07, 1.6000802816051873e-07, 1.1381963815892959e-07, 1.0050102616787626e-07, 8.226932379784557e-08, 5.69914320180942e-08, 6.218226644705283e-08, 3.560451844464296e-08, 6.086024573193072e-09, 1.5335325023735358e-11, 3.184528812524845e-12, 3.0950558956022167e-12, 3.020123864536095e-12, 2.956650983071407e-12, 2.896197821497526e-12, 2.8152191949154526e-12, 2.7088205810377186e-12, 2.650118622812836e-12, 2.629256838290739e-12], "lowlevel.melbands128.stdev": [1.7004893379635178e-05, 0.0001501052174717188, 0.0005066173616796732, 0.00045149086508899927, 0.00023807716206647456, 0.0003384138981346041, 0.0005945239099673927, 0.0016900618793442845, 0.0024675060994923115, 0.002888896968215704, 0.0010214148787781596, 0.0002491219202056527, 0.0002023711276706308, 0.0010663989232853055, 0.003192882053554058, 0.0011646761558949947, 0.001786277280189097, 0.0010064340895041823, 0.0008050295291468501, 0.0005971624050289392, 0.0008337968029081821, 0.00023569590121041983, 0.0005242315237410367, 0.00046993387513794005, 0.00030775018967688084, 0.000458777038147673, 5.919556861044839e-05, 9.58107557380572e-05, 0.00014328618999570608, 0.0001106792624341324, 8.32228033686988e-05, 6.398012192221358e-05, 9.752248297445476e-05, 0.0003465442277956754, 5.5529373639728874e-05, 8.779821655480191e-05, 0.00013409201346803457, 0.0001663064322201535, 0.00010425728396512568, 0.00023433980823028833, 0.0004278167907614261, 0.00023974223586264998, 7.790960080455989e-05, 0.00011551973148016259, 0.00016181218961719424, 0.00013048743130639195, 9.404997399542481e-05, 9.818350372370332e-05, 6.879895954625681e-05, 2.5701256163301878e-05, 7.080154318828136e-05, 4.556138446787372e-05, 1.5312236428144388e-05, 2.308061630174052e-05, 2.35535317187896e-05, 4.034087396576069e-05, 1.4962033674237318e-05, 1.9502307623042725e-05, 2.7834204956889153e-05, 2.921763552876655e-05, 9.022966878546868e-06, 6.449241027439712e-06, 1.8592309061205015e-05, 9.221600521414075e-06, 9.044444595929235e-06, 8.819368304102682e-06, 7.688616278755944e-06, 5.83485734750866e-06, 7.460831511707511e-06, 6.552614195243223e-06, 5.645084002026124e-06, 6.274313818721566e-06, 3.7341842471505515e-06, 3.847259904432576e-06, 4.838890617975267e-06, 3.157683067911421e-06, 4.365680069895461e-06, 2.958807044706191e-06, 3.4101915389328497e-06, 3.3608787362027215e-06, 6.9644215727748815e-06, 6.786417998227989e-06, 8.93258402356878e-06, 7.516921868955251e-06, 5.600753866019659e-06, 5.522505489352625e-06, 8.373120181204285e-06, 6.666222361673135e-06, 5.826062988489866e-06, 5.719783985114191e-06, 7.059718882374e-06, 7.642678610864095e-06, 1.0172731890634168e-05, 1.0859916983463336e-05, 1.2305133168410975e-05, 9.668189704825636e-06, 6.817885605414631e-06, 4.214170530758565e-06, 3.639037686298252e-06, 4.099195393791888e-06, 3.5987495721201412e-06, 3.089442543569021e-06, 2.307492195541272e-06, 1.1336342140566558e-06, 1.101122506952379e-06, 1.3799340194964316e-06, 9.055050327333447e-07, 1.0024815537690301e-06, 1.011539097817149e-06, 9.150505206889648e-07, 7.157424306569737e-07, 4.301805631712341e-07, 3.2160181717699743e-07, 2.445755740154709e-07, 1.5875730241532438e-07, 2.168498980381628e-07, 1.4380132995484018e-07, 6.306741084927125e-08, 3.716293384137259e-10, 4.806745713265004e-12, 4.686696343514374e-12, 4.594445050104534e-12, 4.487378350848115e-12, 4.3996538183488365e-12, 4.322196680422996e-12, 4.2532843566589484e-12, 4.213881413944742e-12, 4.189538473087229e-12], "lowlevel.mfcc.mean": [-629.87841796875, 106.92852020263672, 0.1398753821849823, 7.978639602661133, -0.3682243824005127, -1.9029202461242676, -19.901275634765625, -10.515400886535645, -18.154680252075195, -9.767034530639648, -11.773219108581543, -7.031858444213867, -10.463128089904785], "lowlevel.spectral_contrast_coeffs.mean": [-0.5933471918106079, -0.6184115409851074, -0.7363789081573486, -0.7586140036582947, -0.8009074926376343, -0.7532728910446167], "lowlevel.spectral_contrast_coeffs.stdev": [0.09091027081012726, 0.069046750664711, 0.04852898791432381, 0.042076606303453445, 0.027331827208399773, 0.02999553084373474], "lowlevel.spectral_contrast_valleys.mean": [-7.5651373863220215, -7.01476526260376, -7.602493762969971, -7.578015327453613, -7.526026248931885, -10.059623718261719], "lowlevel.spectral_contrast_valleys.stdev": [0.7774900197982788, 0.5670832395553589, 0.532059907913208, 0.5269484519958496, 0.5732631683349609, 0.78296959400177], "rhythm.beats_loudness_band_ratio.mean": [0.18442441523075104, 0.4308551549911499, 0.18530026078224182, 0.12315505743026733, 0.09634531289339066, 0.052988216280937195], "rhythm.beats_loudness_band_ratio.stdev": [0.1295260190963745, 0.1488383561372757, 0.1285017877817154, 0.08619429171085358, 0.0673108845949173, 0.06803786754608154], "tonal.hpcp.mean": [0.037867315113544464, 0.0197940431535244, 0.04609394818544388, 0.07013098895549774, 0.041434381157159805, 0.013722097501158714, 0.008688136003911495, 0.013416795991361141, 0.11915872246026993, 0.21438871324062347, 0.11292201280593872, 0.014043431729078293, 0.015451079234480858, 0.013037511147558689, 0.012902865186333656, 0.019386952742934227, 0.02074264921247959, 0.044169653207063675, 0.06285294890403748, 0.03287626430392265, 0.012547756545245647, 0.017270466312766075, 0.03444653004407883, 0.46962594985961914, 0.8286165595054626, 0.413889616727829, 0.047590821981430054, 0.025064069777727127, 0.013182162307202816, 0.0454639308154583, 0.09298646450042725, 0.09572768211364746, 0.14610961079597473, 0.18090024590492249, 0.09781713783740997, 0.04850298911333084], "tonal.hpcp.stdev": [0.08310279995203018, 0.07536591589450836, 0.15198233723640442, 0.20854702591896057, 0.12475480139255524, 0.05784587562084198, 0.041052285581827164, 0.04295627027750015, 0.1397542655467987, 0.21383655071258545, 0.12814170122146606, 0.043988633900880814, 0.06507068127393723, 0.04927416518330574, 0.043144144117832184, 0.07759051769971848, 0.0672185942530632, 0.1087523028254509, 0.1763751208782196, 0.10675948113203049, 0.05081528052687645, 0.0767974704504013, 0.10639282315969467, 0.25149258971214294, 0.29460984468460083, 0.23589278757572174, 0.1375715732574463, 0.10388454049825668, 0.06378534436225891, 0.11252108961343765, 0.18945194780826569, 0.19313372671604156, 0.26525557041168213, 0.3135932683944702, 0.21171529591083527, 0.11819536238908768], "rhythm.beats_position": [0.41795918345451355, 0.8591383099555969, 1.300317406654358, 1.729886531829834, 2.1594557762145996, 2.600634813308716, 3.041814088821411, 3.4829931259155273, 3.9241721630096436, 4.353741645812988, 4.783310413360596, 5.212879657745361, 5.642448902130127, 6.072018146514893, 6.51319694519043, 6.954376220703125, 7.383945465087891, 7.813514709472656, 8.243083953857422, 8.672653198242188, 9.102222442626953, 9.543400764465332, 9.972970008850098, 10.414149284362793, 10.843718528747559, 11.273287773132324, 11.71446704864502, 12.144036293029785, 12.57360553741455, 13.003174781799316, 13.444353103637695, 13.88553237915039, 14.315101623535156, 14.744670867919922, 15.174240112304688, 15.603809356689453, 16.04498863220215, 16.474557876586914, 16.90412712097168, 17.333696365356445, 17.76326560974121, 18.192834854125977, 18.622404098510742, 19.063581466674805, 19.5047607421875, 19.934329986572266, 20.37550926208496, 20.805078506469727, 21.246257781982422, 21.675827026367188, 22.105396270751953, 22.53496551513672, 22.964534759521484, 23.40571403503418, 23.835283279418945, 24.26485252380371, 24.706031799316406, 25.1472110748291, 25.588390350341797, 26.017959594726562, 26.459136962890625, 26.88870620727539, 27.318275451660156, 27.747844696044922, 28.177413940429688, 28.606983184814453, 29.03655242919922, 29.466121673583984, 29.90730094909668, 30.336870193481445, 30.76643943786621, 31.196008682250977, 31.637187957763672, 32.078365325927734, 32.5079345703125, 32.92589569091797, 33.36707305908203, 33.80825424194336, 34.24943161010742, 34.67900085449219, 35.10857009887695, 35.54975128173828, 35.990928649902344, 36.40888977050781, 36.826847076416016, 37.268028259277344, 37.709205627441406], "rhythm.bpm_histogram": [0.0, 0.0, 0.0, 0.0, 0.0, 0.0, 0.0, 0.0, 0.0, 0.0, 0.0, 0.0, 0.0, 0.0, 0.0, 0.0, 0.0, 0.0, 0.0, 0.0, 0.0, 0.0, 0.0, 0.0, 0.0, 0.0, 0.0, 0.0, 0.0, 0.0, 0.0, 0.0, 0.0, 0.0, 0.0, 0.0, 0.0, 0.0, 0.0, 0.0, 0.0, 0.0, 0.0, 0.0, 0.0, 0.0, 0.0, 0.0, 0.0, 0.0, 0.0, 0.0, 0.0, 0.0, 0.0, 0.0, 0.0, 0.0, 0.0, 0.0, 0.0, 0.0, 0.0, 0.0, 0.0, 0.0, 0.0, 0.0, 0.0, 0.0, 0.0, 0.0, 0.0, 0.0, 0.0, 0.0, 0.0, 0.0, 0.0, 0.0, 0.0, 0.0, 0.0, 0.0, 0.0, 0.0, 0.0, 0.0, 0.0, 0.0, 0.0, 0.0, 0.0, 0.0, 0.0, 0.0, 0.0, 0.0, 0.0, 0.0, 0.0, 0.0, 0.0, 0.0, 0.0, 0.0, 0.0, 0.0, 0.0, 0.0, 0.0, 0.0, 0.0, 0.0, 0.0, 0.0, 0.0, 0.0, 0.0, 0.0, 0.0, 0.0, 0.0, 0.0, 0.0, 0.0, 0.0, 0.0, 0.0, 0.0, 0.0, 0.0, 0.0, 0.0, 0.0, 0.0, 0.38372093439102173, 0.0, 0.0, 0.0, 0.5813953280448914, 0.0, 0.0, 0.0, 0.03488372266292572, 0.0, 0.0, 0.0, 0.0, 0.0, 0.0, 0.0, 0.0, 0.0, 0.0, 0.0, 0.0, 0.0, 0.0, 0.0, 0.0, 0.0, 0.0, 0.0, 0.0, 0.0, 0.0, 0.0, 0.0, 0.0, 0.0, 0.0, 0.0, 0.0, 0.0, 0.0, 0.0, 0.0, 0.0, 0.0, 0.0, 0.0, 0.0, 0.0, 0.0, 0.0, 0.0, 0.0, 0.0, 0.0, 0.0, 0.0, 0.0, 0.0, 0.0, 0.0, 0.0, 0.0, 0.0, 0.0, 0.0, 0.0, 0.0, 0.0, 0.0, 0.0, 0.0, 0.0, 0.0, 0.0, 0.0, 0.0, 0.0, 0.0, 0.0, 0.0, 0.0, 0.0, 0.0, 0.0, 0.0, 0.0, 0.0, 0.0, 0.0, 0.0, 0.0, 0.0, 0.0, 0.0, 0.0, 0.0, 0.0, 0.0, 0.0, 0.0, 0.0, 0.0, 0.0, 0.0, 0.0, 0.0, 0.0, 0.0, 0.0, 0.0, 0.0, 0.0, 0.0, 0.0], "tonal.chords_histogram": [2.1978023052215576, 3.0525031089782715, 76.19047546386719, 0.0, 0.12210012227296829, 0.0, 0.0, 2.442002534866333, 0.0, 15.995116233825684, 0.0, 0.0, 0.0, 0.0, 0.0, 0.0, 0.0, 0.0, 0.0, 0.0, 0.0, 0.0, 0.0, 0.0], "tonal.thpcp": [1.0, 0.499494731426239, 0.057434070855379105, 0.030248092487454414, 0.01590863987803459, 0.05486727133393288, 0.1122189313173294, 0.11552711576223373, 0.1763295829296112, 0.218315988779068, 0.11804873496294022, 0.0585349015891552, 0.04569944366812706, 0.023888060823082924, 0.055627595633268356, 0.08463624119758606, 0.05000428855419159, 0.016560250893235207, 0.010485109873116016, 0.01619180291891098, 0.1438044160604477, 0.2587309181690216, 0.13627776503562927, 0.016948046162724495, 0.018646838143467903, 0.015734070912003517, 0.015571575611829758, 0.023396771401166916, 0.02503286860883236, 0.05330529808998108, 0.0758528783917427, 0.03967608883976936, 0.015143019147217274, 0.020842531695961952, 0.041571132838726044, 0.5667590498924255], "lowlevel.gfcc.cov": [[2378.994873046875, -490.6590576171875, 73.65913391113281, 95.72481536865234, -27.541324615478516, 192.38821411132812, 22.33016586303711, 147.184814453125, 57.28771209716797, 232.87562561035156, 39.9444580078125, 65.70748138427734, -82.06267547607422], [-490.6590576171875, 881.8450317382812, -127.24893951416016, 1.0662126541137695, 188.38040161132812, -100.6583251953125, 139.94329833984375, -23.130399703979492, 108.5541763305664, -29.25275421142578, 100.54241943359375, -34.910552978515625, 77.36319732666016], [73.65913391113281, -127.24893951416016, 332.1300048828125, 110.30683898925781, 11.741469383239746, 98.57300567626953, -6.029956817626953, 38.698753356933594, 1.2667262554168701, 4.96368932723999, -3.7367591857910156, 32.45391845703125, -0.24185799062252045], [95.72481536865234, 1.0662126541137695, 110.30683898925781, 186.53475952148438, 79.41654968261719, 68.52156066894531, 26.81719398498535, 44.79694366455078, 34.07703399658203, 19.908432006835938, 9.930458068847656, 26.759511947631836, 33.02163314819336], [-27.541324615478516, 188.38040161132812, 11.741469383239746, 79.41654968261719, 167.27769470214844, 49.586830139160156, 75.95748901367188, 42.43651580810547, 48.786964416503906, 39.621620178222656, 28.679523468017578, 22.866008758544922, 35.602256774902344], [192.38821411132812, -100.6583251953125, 98.57300567626953, 68.52156066894531, 49.586830139160156, 161.12445068359375, 67.52662658691406, 74.7002944946289, 13.79427719116211, 48.17414474487305, 14.2617769241333, 37.75737380981445, 4.004310131072998], [22.33016586303711, 139.94329833984375, -6.029956817626953, 26.81719398498535, 75.95748901367188, 67.52662658691406, 162.59739685058594, 80.31555938720703, 27.253459930419922, 34.869110107421875, 31.94951820373535, 35.28945541381836, 16.9039306640625], [147.184814453125, -23.130399703979492, 38.698753356933594, 44.79694366455078, 42.43651580810547, 74.7002944946289, 80.31555938720703, 122.5961685180664, 48.21706771850586, 49.72036361694336, 8.856815338134766, 29.046979904174805, 13.517051696777344], [57.28771209716797, 108.5541763305664, 1.2667262554168701, 34.07703399658203, 48.786964416503906, 13.79427719116211, 27.253459930419922, 48.21706771850586, 110.88805389404297, 51.719810485839844, 24.86522102355957, -8.961133003234863, 11.30345630645752], [232.87562561035156, -29.25275421142578, 4.96368932723999, 19.908432006835938, 39.621620178222656, 48.17414474487305, 34.869110107421875, 49.72036361694336, 51.719810485839844, 112.81182861328125, 41.51002502441406, 23.436664581298828, -3.507662534713745], [39.9444580078125, 100.54241943359375, -3.7367591857910156, 9.930458068847656, 28.679523468017578, 14.2617769241333, 31.94951820373535, 8.856815338134766, 24.86522102355957, 41.51002502441406, 81.19385528564453, 34.484256744384766, 13.806772232055664], [65.70748138427734, -34.910552978515625, 32.45391845703125, 26.759511947631836, 22.866008758544922, 37.75737380981445, 35.28945541381836, 29.046979904174805, -8.961133003234863, 23.436664581298828, 34.484256744384766, 81.06370544433594, 32.10161590576172], [-82.06267547607422, 77.36319732666016, -0.24185799062252045, 33.02163314819336, 35.602256774902344, 4.004310131072998, 16.9039306640625, 13.517051696777344, 11.30345630645752, -3.507662534713745, 13.806772232055664, 32.10161590576172, 73.80247497558594]], "lowlevel.gfcc.icov": [[0.0006410692585632205, 6.945695349713787e-05, 0.00022173502657096833, -0.0004346591013018042, 0.00041168605093844235, -0.00036434753565117717, 0.0002729849948082119, -0.000335338874720037, 7.560324593214318e-05, -0.0011348651023581624, 0.00010243625729344785, -0.00037835226976312697, 0.0007351733511313796], [6.945695349713787e-05, 0.00566480727866292, -0.0005060441326349974, 0.001491878996603191, -0.005146905779838562, 0.004060167353600264, -0.005565165542066097, 0.002595705445855856, -0.0037064405623823404, 0.00480024516582489, -0.007479109801352024, 0.006082663778215647, -0.003919001203030348], [0.00022173502657096833, -0.0005060441326349974, 0.004883512854576111, -0.0026576989330351353, 0.0013082362711429596, -0.003063997719436884, 0.0021359033416956663, -0.000836965162307024, -2.7381804102333263e-05, 0.0004976800992153585, 0.0007952069863677025, -0.0023586938623338938, 0.002086421474814415], [-0.0004346591013018042, 0.001491878996603191, -0.0026576989330351353, 0.010242563672363758, -0.0053298394195735455, -0.0003618009213823825, -0.0002066259185085073, -1.7767947610991541e-06, -0.0023743812926113605, 0.002983465325087309, -0.0018076340202242136, 0.0016118580242618918, -0.003857822623103857], [0.00041168605093844235, -0.005146905779838562, 0.0013082362711429596, -0.0053298394195735455, 0.01603315956890583, -0.004977320786565542, 0.0007923335651867092, 0.00013210040924604982, 0.0009210487478412688, -0.0070382882840931416, 0.0071225413121283054, -0.00521272886544466, 0.0010313369566574693], [-0.00036434753565117717, 0.004060167353600264, -0.003063997719436884, -0.0003618009213823825, -0.004977320786565542, 0.01581396721303463, -0.006599547807127237, -0.0020210270304232836, 0.000267312687356025, 0.0007984417607076466, -0.004862939473241568, 0.003579790238291025, -0.0017349099507555366], [0.0002729849948082119, -0.005565165542066097, 0.0021359033416956663, -0.0002066259185085073, 0.0007923335651867092, -0.006599547807127237, 0.018590673804283142, -0.010510320775210857, 0.005109117366373539, -0.0025961974170058966, 0.0034884209744632244, -0.007211242336779833, 0.0054575796239078045], [-0.000335338874720037, 0.002595705445855856, -0.000836965162307024, -1.7767947610991541e-06, 0.00013210040924604982, -0.0020210270304232836, -0.010510320775210857, 0.021908923983573914, -0.009208401665091515, -0.001046593184582889, 0.003546609077602625, -0.0015732420142740011, -0.0032737543806433678], [7.560324593214318e-05, -0.0037064405623823404, -2.7381804102333263e-05, -0.0023743812926113605, 0.0009210487478412688, 0.000267312687356025, 0.005109117366373539, -0.009208401665091515, 0.020330186933279037, -0.008954256772994995, -0.00020118843531236053, 0.004979187622666359, -0.0005783276865258813], [-0.0011348651023581624, 0.00480024516582489, 0.0004976800992153585, 0.002983465325087309, -0.0070382882840931416, 0.0007984417607076466, -0.0025961974170058966, -0.001046593184582889, -0.008954256772994995, 0.023564768955111504, -0.012605973519384861, 0.0023467515129595995, 0.000340208294801414], [0.00010243625729344785, -0.007479109801352024, 0.0007952069863677025, -0.0018076340202242136, 0.0071225413121283054, -0.004862939473241568, 0.0034884209744632244, 0.003546609077602625, -0.00020118843531236053, -0.012605973519384861, 0.03134623542428017, -0.017354700714349747, 0.005260854493826628], [-0.00037835226976312697, 0.006082663778215647, -0.0023586938623338938, 0.0016118580242618918, -0.00521272886544466, 0.003579790238291025, -0.007211242336779833, -0.0015732420142740011, 0.004979187622666359, 0.0023467515129595995, -0.017354700714349747, 0.03225642815232277, -0.01470041275024414], [0.0007351733511313796, -0.003919001203030348, 0.002086421474814415, -0.003857822623103857, 0.0010313369566574693, -0.0017349099507555366, 0.0054575796239078045, -0.0032737543806433678, -0.0005783276865258813, 0.000340208294801414, 0.005260854493826628, -0.01470041275024414, 0.024669107049703598]], "lowlevel.mfcc.cov": [[2390.1044921875, -436.7699890136719, 31.45730209350586, -42.49237823486328, 15.364416122436523, 62.8586540222168, 48.24336624145508, -0.34635409712791443, 33.900875091552734, 126.09193420410156, 152.474853515625, 147.9616241455078, 47.23624801635742], [-436.7699890136719, 753.142578125, -191.96435546875, 95.99903106689453, -10.442621231079102, 4.829514503479004, 25.78020668029785, 15.56393814086914, 34.90900802612305, 10.881896018981934, 6.286650657653809, 57.89727783203125, 38.273399353027344], [31.45730209350586, -191.96435546875, 316.12005615234375, 6.710256099700928, 60.55162048339844, 27.71453285217285, 9.343233108520508, 38.91898727416992, -6.259945869445801, 14.673087120056152, -7.496086597442627, -15.838667869567871, 2.21528959274292], [-42.49237823486328, 95.99903106689453, 6.710256099700928, 148.5341033935547, 56.65055847167969, 32.15065383911133, 17.46306800842285, 26.678874969482422, 34.280487060546875, 20.428619384765625, -2.9116127490997314, 9.55356502532959, 29.85431480407715], [15.364416122436523, -10.442621231079102, 60.55162048339844, 56.65055847167969, 128.04550170898438, 48.53933334350586, -1.7164688110351562, 11.581430435180664, 25.69693946838379, 39.19561004638672, -2.7910678386688232, 0.7948393821716309, 15.961888313293457], [62.8586540222168, 4.829514503479004, 27.71453285217285, 32.15065383911133, 48.53933334350586, 92.65359497070312, 49.41697311401367, 26.680206298828125, 23.12079429626465, 23.650039672851562, 22.759864807128906, 21.7036190032959, 23.786209106445312], [48.24336624145508, 25.78020668029785, 9.343233108520508, 17.46306800842285, -1.7164688110351562, 49.41697311401367, 127.24808502197266, 63.546607971191406, 36.33681869506836, -0.41350388526916504, 32.74502182006836, 30.04098129272461, 36.275421142578125], [-0.34635409712791443, 15.56393814086914, 38.91898727416992, 26.678874969482422, 11.581430435180664, 26.680206298828125, 63.546607971191406, 102.67141723632812, 49.90630340576172, 11.799371719360352, 9.726366996765137, 18.94808006286621, 30.44672203063965], [33.900875091552734, 34.90900802612305, -6.259945869445801, 34.280487060546875, 25.69693946838379, 23.12079429626465, 36.33681869506836, 49.90630340576172, 101.54979705810547, 54.34184265136719, 24.274497985839844, 18.10112190246582, 22.67755126953125], [126.09193420410156, 10.881896018981934, 14.673087120056152, 20.428619384765625, 39.19561004638672, 23.650039672851562, -0.41350388526916504, 11.799371719360352, 54.34184265136719, 110.11206817626953, 44.03987503051758, 27.246055603027344, 8.16978931427002], [152.474853515625, 6.286650657653809, -7.496086597442627, -2.9116127490997314, -2.7910678386688232, 22.759864807128906, 32.74502182006836, 9.726366996765137, 24.274497985839844, 44.03987503051758, 100.26399230957031, 52.66297149658203, 9.774152755737305], [147.9616241455078, 57.89727783203125, -15.838667869567871, 9.55356502532959, 0.7948393821716309, 21.7036190032959, 30.04098129272461, 18.94808006286621, 18.10112190246582, 27.246055603027344, 52.66297149658203, 90.31976318359375, 40.10224533081055], [47.23624801635742, 38.273399353027344, 2.21528959274292, 29.85431480407715, 15.961888313293457, 23.786209106445312, 36.275421142578125, 30.44672203063965, 22.67755126953125, 8.16978931427002, 9.774152755737305, 40.10224533081055, 85.35137939453125]], "lowlevel.mfcc.icov": [[0.0006093390402384102, 0.0004946069093421102, 0.0001930632279254496, -6.507860234705731e-05, 6.810484774177894e-05, -0.00010330603981856257, -0.00014138442929834127, 0.0001792264956748113, 0.00013906823005527258, -0.0005368798156268895, -0.00015990571409929544, -0.0010022917995229363, -2.5381350496900268e-05], [0.0004946069093421102, 0.002257696120068431, 0.0012582086492329836, -0.0012682288652285933, 0.00021680010831914842, 0.00011356846516719088, -0.0003130811091978103, -7.12518667569384e-05, 0.00017162671429105103, -0.0006244070827960968, 0.0005368469282984734, -0.0020225411280989647, 0.00011407874262658879], [0.0001930632279254496, 0.0012582086492329836, 0.004729256499558687, -9.669559221947566e-05, -0.0019250521436333656, -0.00012599326146300882, 8.305886694870424e-06, -0.0027083775494247675, 0.0022176445927470922, -0.0011249231174588203, 8.188578067347407e-05, 0.00016314323875121772, 3.017824565176852e-05], [-6.507860234705731e-05, -0.0012682288652285933, -9.669559221947566e-05, 0.009824049659073353, -0.003569916356354952, -0.0008911253535188735, 0.000304557615891099, -0.0008396193734370172, -0.0015418302500620484, 0.00044714653631672263, 0.0003982924681622535, 0.0009565809741616249, -0.0018712051678448915], [6.810484774177894e-05, 0.00021680010831914842, -0.0019250521436333656, -0.003569916356354952, 0.014199821278452873, -0.006746095605194569, 0.0028815201949328184, 0.0009726096177473664, -0.0012449767673388124, -0.003132896265015006, 0.0019670911133289337, 0.0006522744661197066, -0.0010844813659787178], [-0.00010330603981856257, 0.00011356846516719088, -0.00012599326146300882, -0.0008911253535188735, -0.006746095605194569, 0.01918710581958294, -0.007381695322692394, 0.0005569399218074977, 0.001308589125983417, -0.0014026889111846685, -0.0012150787515565753, -0.0009797124657779932, -0.00043966094381175935], [-0.00014138442929834127, -0.0003130811091978103, 8.305886694870424e-06, 0.000304557615891099, 0.0028815201949328184, -0.007381695322692394, 0.016762228682637215, -0.0071376897394657135, -0.0023652934469282627, 0.004406224936246872, -0.00439498433843255, 0.000977023970335722, -0.0026968715246766806], [0.0001792264956748113, -7.12518667569384e-05, -0.0027083775494247675, -0.0008396193734370172, 0.0009726096177473664, 0.0005569399218074977, -0.0071376897394657135, 0.019362863153219223, -0.007868453860282898, 0.001276811701245606, 0.0024610026739537716, -0.0021718416828662157, -0.0012068991782143712], [0.00013906823005527258, 0.00017162671429105103, 0.0022176445927470922, -0.0015418302500620484, -0.0012449767673388124, 0.001308589125983417, -0.0023652934469282627, -0.007868453860282898, 0.020206574350595474, -0.009312200360000134, -0.0006760091055184603, 0.00211751158349216, -0.0013868578244000673], [-0.0005368798156268895, -0.0006244070827960968, -0.0011249231174588203, 0.00044714653631672263, -0.003132896265015006, -0.0014026889111846685, 0.004406224936246872, 0.001276811701245606, -0.009312200360000134, 0.018240783363580704, -0.0058964695781469345, -0.0009536032448522747, 0.0009500668966211379], [-0.00015990571409929544, 0.0005368469282984734, 8.188578067347407e-05, 0.0003982924681622535, 0.0019670911133289337, -0.0012150787515565753, -0.00439498433843255, 0.0024610026739537716, -0.0006760091055184603, -0.0058964695781469345, 0.019344840198755264, -0.009979871101677418, 0.003884849837049842], [-0.0010022917995229363, -0.0020225411280989647, 0.00016314323875121772, 0.0009565809741616249, 0.0006522744661197066, -0.0009797124657779932, 0.000977023970335722, -0.0021718416828662157, 0.00211751158349216, -0.0009536032448522747, -0.009979871101677418, 0.023954059928655624, -0.00894989538937807], [-2.5381350496900268e-05, 0.00011407874262658879, 3.017824565176852e-05, -0.0018712051678448915, -0.0010844813659787178, -0.00043966094381175935, -0.0026968715246766806, -0.0012068991782143712, -0.0013868578244000673, 0.0009500668966211379, 0.003884849837049842, -0.00894989538937807, 0.018272725865244865]], "metadata.audio_properties.analysis.downmix": "mix", "metadata.audio_properties.codec": "mp3", "metadata.audio_properties.md5_encoded": "a5896514201d77359940ac143c2fd860", "metadata.tags.file_name": "1183704791768113172.mp3", "metadata.version.essentia": "2.1-beta6-dev", "metadata.v