{"song_id": "1183676779337097237", "download": "https://cdn.discordapp.com/attachments/1135903449314238464/1183676779337097237/chirp.mp4?ex=658933e7&amp", "lyrics": "\u660e\u6708\u51e0\u65f6\u6709\uff0c\u628a\u9152\u95ee\u9752\u5929\u3002\u4e0d\u77e5\u5929\u4e0a\u5bab\u9619\uff0c\u4eca\u5915\u662f\u4f55\u5e74\u3002\u6211\u6b32\u4e58\u98ce\u5f52\u53bb\uff0c\u53c8\u6050\u743c\u697c\u7389\u5b87\uff0c\u9ad8\u5904\u4e0d\u80dc\u5bd2\u3002\u8d77\u821e\u5f04\u6e05\u5f71\uff0c\u4f55\u4f3c\u5728\u4eba\u95f4\u3002", "style": ["\u4e2d\u56fd\u98ce"], "essentia_features": {"lowlevel.average_loudness": 0.8914467096328735, "lowlevel.barkbands_crest.mean": 15.90151309967041, "lowlevel.barkbands_crest.stdev": 2.957566022872925, "lowlevel.barkbands_flatness_db.mean": 0.3349509537220001, "lowlevel.barkbands_flatness_db.stdev": 0.05894573777914047, "lowlevel.barkbands_kurtosis.mean": 58.0411262512207, "lowlevel.barkbands_kurtosis.stdev": 42.48002243041992, "lowlevel.barkbands_skewness.mean": 5.322705268859863, "lowlevel.barkbands_skewness.stdev": 1.9962913990020752, "lowlevel.barkbands_spread.mean": 2.455864667892456, "lowlevel.barkbands_spread.stdev": 3.166123151779175, "lowlevel.dissonance.mean": 0.3835309147834778, "lowlevel.dissonance.stdev": 0.03599204123020172, "lowlevel.dynamic_complexity": 1.6877810955047607, "lowlevel.erbbands_crest.mean": 17.379087448120117, "lowlevel.erbbands_crest.stdev": 5.054305076599121, "lowlevel.erbbands_flatness_db.mean": 0.25656524300575256, "lowlevel.erbbands_flatness_db.stdev": 0.039444368332624435, "lowlevel.erbbands_kurtosis.mean": 10.210912704467773, "lowlevel.erbbands_kurtosis.stdev": 8.68445110321045, "lowlevel.erbbands_skewness.mean": 2.644890308380127, "lowlevel.erbbands_skewness.stdev": 1.0934251546859741, "lowlevel.erbbands_spread.mean": 18.335134506225586, "lowlevel.erbbands_spread.stdev": 11.832883834838867, "lowlevel.hfc.mean": 8.008644104003906, "lowlevel.hfc.stdev": 3.710588216781616, "lowlevel.loudness_ebu128.integrated": -13.305564880371094, "lowlevel.loudness_ebu128.loudness_range": 5.016149520874023, "lowlevel.loudness_ebu128.momentary.mean": -13.727912902832031, "lowlevel.loudness_ebu128.momentary.stdev": 1.9514014720916748, "lowlevel.loudness_ebu128.short_term.mean": -13.56337833404541, "lowlevel.loudness_ebu128.short_term.stdev": 1.5071090459823608, "lowlevel.melbands_crest.mean": 22.584665298461914, "lowlevel.melbands_crest.stdev": 4.445496082305908, "lowlevel.melbands_flatness_db.mean": 0.40738245844841003, "lowlevel.melbands_flatness_db.stdev": 0.06547041237354279, "lowlevel.melbands_kurtosis.mean": 63.956180572509766, "lowlevel.melbands_kurtosis.stdev": 51.56642532348633, "lowlevel.melbands_skewness.mean": 4.974216461181641, "lowlevel.melbands_skewness.stdev": 2.1444966793060303, "lowlevel.melbands_spread.mean": 2.5491063594818115, "lowlevel.melbands_spread.stdev": 2.8929800987243652, "lowlevel.pitch_salience.mean": 0.4232538938522339, "lowlevel.pitch_salience.stdev": 0.13982288539409637, "lowlevel.silence_rate_20dB.mean": 1.0, "lowlevel.silence_rate_20dB.stdev": 0.0, "lowlevel.silence_rate_30dB.mean": 0.9927095770835876, "lowlevel.silence_rate_30dB.stdev": 0.08507320284843445, "lowlevel.silence_rate_60dB.mean": 0.001215066877193749, "lowlevel.silence_rate_60dB.stdev": 0.03483623266220093, "lowlevel.spectral_centroid.mean": 296.2181091308594, "lowlevel.spectral_centroid.stdev": 129.13145446777344, "lowlevel.spectral_complexity.mean": 5.81287956237793, "lowlevel.spectral_complexity.stdev": 1.9743709564208984, "lowlevel.spectral_decrease.mean": -9.303533055060598e-09, "lowlevel.spectral_decrease.stdev": 5.344814812957566e-09, "lowlevel.spectral_energy.mean": 0.03584009408950806, "lowlevel.spectral_energy.stdev": 0.02049432136118412, "lowlevel.spectral_energyband_high.mean": 2.639356898725964e-05, "lowlevel.spectral_energyband_high.stdev": 2.1657142497133464e-05, "lowlevel.spectral_energyband_low.mean": 0.0049033621326088905, "lowlevel.spectral_energyband_low.stdev": 0.0033681143540889025, "lowlevel.spectral_energyband_middle_high.mean": 0.0004002538917120546, "lowlevel.spectral_energyband_middle_high.stdev": 0.000361855432856828, "lowlevel.spectral_energyband_middle_low.mean": 0.0347357913851738, "lowlevel.spectral_energyband_middle_low.stdev": 0.02066360041499138, "lowlevel.spectral_entropy.mean": 5.725985050201416, "lowlevel.spectral_entropy.stdev": 0.5560993552207947, "lowlevel.spectral_flux.mean": 0.02250342071056366, "lowlevel.spectral_flux.stdev": 0.012062576599419117, "lowlevel.spectral_kurtosis.mean": 11.710824012756348, "lowlevel.spectral_kurtosis.stdev": 5.610940456390381, "lowlevel.spectral_rms.mean": 0.0056878868490457535, "lowlevel.spectral_rms.stdev": 0.0016167432768270373, "lowlevel.spectral_rolloff.mean": 290.46630859375, "lowlevel.spectral_rolloff.stdev": 221.5816650390625, "lowlevel.spectral_skewness.mean": 2.7145817279815674, "lowlevel.spectral_skewness.stdev": 0.6098065972328186, "lowlevel.spectral_spread.mean": 3089661.25, "lowlevel.spectral_spread.stdev": 690184.5625, "lowlevel.spectral_strongpeak.mean": 1.2017282247543335, "lowlevel.spectral_strongpeak.stdev": 0.47925183176994324, "lowlevel.zerocrossingrate.mean": 0.01380833238363266, "lowlevel.zerocrossingrate.stdev": 0.008063800632953644, "metadata.audio_properties.analysis.equal_loudness": 0.0, "metadata.audio_properties.analysis.length": 38.1866455078125, "metadata.audio_properties.analysis.sample_rate": 44100.0, "metadata.audio_properties.analysis.start_time": 0.0, "metadata.audio_properties.bit_rate": 107510.0, "metadata.audio_properties.length": 38.186668395996094, "metadata.audio_properties.lossless": 0.0, "metadata.audio_properties.number_channels": 1.0, "metadata.audio_properties.replay_gain": -13.248239517211914, "metadata.audio_properties.sample_rate": 48000.0, "rhythm.beats_count": 86.0, "rhythm.beats_loudness.mean": 0.04186796769499779, "rhythm.beats_loudness.stdev": 0.020641613751649857, "rhythm.bpm": 124.92884063720703, "rhythm.bpm_histogram_first_peak_bpm": 126.0, "rhythm.bpm_histogram_first_peak_weight": 0.4583333134651184, "rhythm.bpm_histogram_second_peak_bpm": 172.0, "rhythm.bpm_histogram_second_peak_spread": 0.0, "rhythm.bpm_histogram_second_peak_weight": 0.15294118225574493, "rhythm.danceability": 0.9088813662528992, "rhythm.onset_rate": 0.15703338384628296, "tonal.chords_changes_rate": 0.027912620455026627, "tonal.chords_number_rate": 0.004854368977248669, "tonal.chords_strength.mean": 0.4476677179336548, "tonal.chords_strength.stdev": 0.09186571836471558, "tonal.hpcp_crest.mean": 22.59021759033203, "tonal.hpcp_crest.stdev": 7.8700690269470215, "tonal.hpcp_entropy.mean": 1.0412598848342896, "tonal.hpcp_entropy.stdev": 0.5730237364768982, "tonal.key_edma.strength": 0.615199089050293, "tonal.key_krumhansl.strength": 0.6023197770118713, "tonal.key_temperley.strength": 0.5740811228752136, "tonal.tuning_diatonic_strength": 0.45753374695777893, "tonal.tuning_equal_tempered_deviation": 0.06018265336751938, "tonal.tuning_frequency": 438.7310485839844, "tonal.tuning_nontempered_energy_ratio": 0.653210461139679, "lowlevel.barkbands.mean": [3.5608213693194557e-06, 0.0003904548066202551, 0.0002885450085159391, 0.02113463543355465, 0.008425680920481682, 0.005020270124077797, 1.0698817277443595e-05, 2.9056600396870635e-05, 0.00010540325456531718, 5.9596539358608425e-05, 7.882291538408026e-05, 9.783039422472939e-05, 3.1007188226794824e-05, 8.825285476632416e-06, 3.7766819787066197e-06, 7.900238415459171e-05, 1.1909192835446447e-05, 1.1876341886818409e-05, 2.0625197066692635e-05, 9.563630555931013e-06, 6.450752152886707e-06, 3.6742897009389708e-06, 4.830013040191261e-06, 2.135346676368499e-06, 1.25334781841957e-06, 6.342491474242706e-07, 8.694727160474258e-10], "lowlevel.barkbands.stdev": [5.8294826885685325e-06, 0.0006878924905322492, 0.0005304086371324956, 0.015827341005206108, 0.00618499331176281, 0.005177211482077837, 1.1767618161684368e-05, 4.5902175770606846e-05, 0.00013426761142909527, 5.142442387295887e-05, 0.0001776454591890797, 7.898876356193796e-05, 6.278654473135248e-05, 1.5472514860448427e-05, 6.35526021142141e-06, 0.0001703899761196226, 2.2827600332675502e-05, 1.8819418983184732e-05, 3.1827003112994134e-05, 7.968548743519932e-06, 6.5759459175751545e-06, 4.673462626669789e-06, 6.917682640050771e-06, 4.82127643408603e-06, 1.2044663435517577e-06, 8.130942887873971e-07, 8.176887611455186e-09], "lowlevel.erbbands.mean": [0.0034908533561974764, 0.12040825188159943, 0.8013995289802551, 27.483856201171875, 72.2061538696289, 14.002065658569336, 15.045461654663086, 63.330055236816406, 5.927826881408691, 0.7843608856201172, 0.40274107456207275, 2.9787440299987793, 1.6813091039657593, 1.653564691543579, 4.042640209197998, 4.133922100067139, 2.22831654548645, 0.7754249572753906, 0.3470305800437927, 2.09525990486145, 2.67566180229187, 0.7645833492279053, 0.5316141247749329, 1.628794550895691, 0.36489930748939514, 0.4359796941280365, 0.32929664850234985, 0.22477973997592926, 0.1241736188530922, 0.12348119169473648, 0.17299595475196838, 0.08219235390424728, 0.016327789053320885, 0.011833605356514454, 0.009889376349747181, 0.005621482152491808, 0.0004998507210984826, 1.7331578419543803e-05, 1.6928870536503382e-05, 3.9354486943921074e-05], "lowlevel.erbbands.stdev": [0.005049136932939291, 0.1921849101781845, 0.5913936495780945, 20.47833251953125, 53.660438537597656, 16.566911697387695, 14.691140174865723, 65.23435974121094, 5.992297172546387, 0.8872015476226807, 0.454697847366333, 3.785118341445923, 1.436187982559204, 1.4098389148712158, 8.936015129089355, 3.1735098361968994, 2.7971231937408447, 1.1063395738601685, 0.475751131772995, 4.823078155517578, 5.058252334594727, 1.3717998266220093, 0.6682383418083191, 2.6949622631073, 0.40548282861709595, 0.35981592535972595, 0.2515009641647339, 0.25131818652153015, 0.16000336408615112, 0.1884847730398178, 0.2577464282512665, 0.15072649717330933, 0.03689034655690193, 0.01277876365929842, 0.010025069117546082, 0.006134170573204756, 0.0010579738300293684, 7.393360283458605e-05, 9.124095413426403e-06, 2.230145582871046e-05], "lowlevel.gfcc.mean": [-104.72023010253906, 143.31141662597656, -85.36598205566406, 37.82331085205078, -56.50400924682617, -5.789434432983398, -49.476070404052734, -23.64511489868164, -49.2839241027832, -25.260791778564453, -13.568845748901367, -5.498678207397461, -3.236130475997925], "lowlevel.melbands.mean": [6.743228732375428e-05, 0.0004297543491702527, 0.007322602439671755, 0.002658519893884659, 0.0006185225211083889, 0.0012106903595849872, 6.063873297534883e-05, 6.859313089080388e-06, 2.5699976049509132e-06, 2.0113191567361355e-05, 8.158342097885907e-06, 6.694979219901143e-06, 1.1218984582228586e-05, 8.541016541130375e-06, 1.0848713827726897e-05, 3.857689080177806e-06, 1.0393818001830368e-06, 5.421160835794581e-07, 2.4412960897279845e-07, 7.010576155153103e-06, 1.9658323253679555e-06, 9.051415759131487e-07, 2.943887977835402e-07, 6.717858695992618e-07, 1.4878887668601237e-06, 2.773716687443084e-07, 1.573641839058837e-07, 3.5546418075682595e-07, 2.3323880782299966e-07, 1.772136641875477e-07, 1.0857441878897589e-07, 7.33026439547757e-08, 6.627869453268431e-08, 5.678671399778068e-08, 1.0725909049824622e-07, 7.708516136517574e-08, 4.192095204302859e-08, 1.2369667956591002e-08, 6.164714072554034e-09, 1.1386999787532659e-08], "lowlevel.melbands.stdev": [0.00011798963532783091, 0.0003224916581530124, 0.00544443354010582, 0.001880817231722176, 0.0007125161355361342, 0.0012533832341432571, 6.122740160208195e-05, 1.079194771591574e-05, 3.106563553956221e-06, 2.5841851311270148e-05, 6.98318081049365e-06, 6.224512162589235e-06, 2.551821307861246e-05, 1.0065670721814968e-05, 9.192941433866508e-06, 8.438981240033172e-06, 1.8289761101186741e-06, 7.351862905125017e-07, 3.7460995372384787e-07, 1.6311394574586302e-05, 3.049144197575515e-06, 1.907690830194042e-06, 4.725532392058085e-07, 8.419919481639226e-07, 2.552859086790704e-06, 3.5810967347060796e-07, 2.00568663899503e-07, 3.326659339109028e-07, 1.762202543886815e-07, 2.1395636906618165e-07, 1.4035293816050398e-07, 1.155054221158025e-07, 9.222931396379863e-08, 8.811079510451236e-08, 1.8066535290017782e-07, 1.1529421328759781e-07, 1.0514752801782379e-07, 3.714614038585751e-08, 7.521516742770018e-09, 1.2530178672420789e-08], "lowlevel.melbands128.mean": [1.7486983097114717e-06, 3.2112570806930307e-06, 6.502684118459001e-05, 0.0002423368423478678, 0.00017339727492071688, 0.00015539488231297582, 0.0031557197216898203, 0.014235083013772964, 0.007418545428663492, 0.0004498055495787412, 0.000535277824383229, 0.0008720247424207628, 0.00021093193208798766, 0.0007003137725405395, 0.002359194215387106, 0.000750826031435281, 1.454061293770792e-05, 1.8406757362754433e-06, 1.4721858860866632e-06, 7.541484137618681e-06, 1.0616981853672769e-05, 1.7178051621158374e-06, 1.2755862144331331e-06, 1.8655919120647013e-06, 2.0813236915273592e-05, 3.3668067771941423e-05, 3.7607960621244274e-06, 5.5504920055682305e-06, 9.14971769816475e-06, 1.2649682503251825e-05, 3.003672645718325e-06, 1.1387594440748217e-06, 1.0163756087422371e-05, 2.5220348106813617e-05, 3.150129259665846e-06, 7.912227601991617e-07, 1.861072269093711e-05, 1.7652466340223327e-05, 9.346523484055069e-07, 3.497907300697989e-06, 6.522119747387478e-06, 5.262493232294219e-07, 8.878226935848943e-07, 1.4589771808459773e-06, 5.281524408928817e-07, 5.221690457801742e-07, 3.297462285445363e-07, 1.42424951832254e-07, 2.372550227391912e-07, 5.821806325911894e-07, 1.3504088201443665e-05, 7.139462923078099e-06, 5.232316198089393e-07, 1.0100869758389308e-06, 8.353889029422135e-07, 1.440647906747472e-06, 2.537981060868333e-07, 2.581911360266531e-07, 2.991204723912233e-07, 4.228725742905226e-07, 3.6458297358876735e-07, 5.562380920309806e-07, 3.147516054013977e-06, 1.0180684739680146e-06, 3.3520421993671334e-07, 3.254934597407555e-07, 1.9565136710752995e-07, 1.3036037671554368e-07, 2.0208287310197193e-07, 1.3299735712735128e-07, 1.4146964133487927e-07, 8.315756758747739e-07, 2.3331463694375998e-07, 9.754803187433936e-08, 2.0099012942864647e-07, 1.264262721178966e-07, 2.756894730282511e-07, 8.478166790837349e-08, 1.2188088760467508e-07, 5.835248018115635e-08, 8.157029895983214e-08, 7.506547916591444e-08, 4.3862218745971404e-08, 4.259192465383421e-08, 1.2806813742827217e-07, 5.861230434334175e-08, 2.167245938267115e-08, 6.240829009129811e-08, 1.4037905771147052e-07, 1.1149648315722516e-07, 9.948406187731962e-08, 6.201760527346778e-08, 5.481345155544659e-08, 3.1796844268683344e-08, 5.4043773900502856e-08, 1.2942300564589004e-08, 3.5743563664425437e-09, 4.883490944962432e-09, 5.11745090747695e-09, 7.807972934870122e-09, 7.819346059534382e-09, 1.3541385790460936e-08, 1.4525783242902435e-08, 8.009594765212569e-09, 1.112496139654695e-08, 1.4022845995498301e-08, 8.903573878171755e-09, 6.594920609614974e-09, 1.891256751207493e-08, 6.504371263815756e-09, 1.8444525906602394e-09, 2.180713387645028e-09, 5.212461573478322e-10, 1.1605654631763329e-10, 8.909740306650704e-11, 7.171624405444277e-11, 2.2982520400671724e-11, 2.328377508159507e-12, 1.6191516443581078e-12, 1.569710832670379e-12, 1.5337569539072837e-12, 1.4994664581172157e-12, 1.4723886172796075e-12, 1.448670827394749e-12, 1.4161308844323761e-12, 1.3490343824668072e-12, 1.3167574669514792e-12, 1.3066652794491151e-12], "lowlevel.melbands128.stdev": [2.787895255096373e-06, 5.633969976770459e-06, 0.0001163194901891984, 0.0004283594898879528, 0.0002816468186210841, 0.0003109497483819723, 0.0023985703010112047, 0.01065108459442854, 0.005529723595827818, 0.00032001969520933926, 0.001005750265903771, 0.001649090787395835, 0.0003914202388841659, 0.0007216218509711325, 0.0024519895669072866, 0.0007782130851410329, 1.4260023817769252e-05, 2.649564748935518e-06, 1.8797164784700726e-06, 1.2092728866264224e-05, 1.772609175532125e-05, 2.6956402052746853e-06, 2.6776390313898446e-06, 2.6418836114316946e-06, 2.6631676519173197e-05, 4.644050568458624e-05, 5.054570465290453e-06, 7.592200745420996e-06, 1.1007479770341888e-05, 1.3471431884681806e-05, 3.189081098753377e-06, 2.0886207039438887e-06, 2.5622663088142872e-05, 5.8785892179002985e-05, 8.125658496282995e-06, 1.2407417671056464e-06, 1.620807233848609e-05, 1.6308091289829463e-05, 2.0922034309478477e-06, 7.552696388302138e-06, 1.5269426512531936e-05, 9.269913903153792e-07, 2.27025839194539e-06, 2.9591649308713386e-06, 8.17241016193293e-07, 1.0784527830765e-06, 6.66289395212516e-07, 2.840138222381938e-07, 4.354322697963653e-07, 1.6761478036642075e-06, 3.317387745482847e-05, 1.5306401110137813e-05, 7.217764732558862e-07, 1.715199914542609e-06, 1.6941552303251228e-06, 3.7516633710765745e-06, 4.4140543309367786e-07, 4.84891643282026e-07, 6.841746653662995e-07, 1.0070406233353424e-06, 5.591540457317024e-07, 9.3740356987837e-07, 6.20116861682618e-06, 1.7258126945307595e-06, 4.698935356373113e-07, 5.734149794989207e-07, 3.0476664392153907e-07, 3.2182862241825205e-07, 2.821282976128714e-07, 1.5429041866354964e-07, 1.31588549834305e-07, 9.74130557551689e-07, 2.2712600866725552e-07, 1.0190758814587753e-07, 2.3328217935159046e-07, 2.6797422947311134e-07, 4.478181097056222e-07, 1.171503001273777e-07, 2.3832633644360612e-07, 9.688549340580721e-08, 1.6977749339730508e-07, 1.2399885918057407e-07, 5.65457902723665e-08, 5.004861591828558e-08, 2.5879356257973996e-07, 1.1288293677580441e-07, 3.676584015011031e-08, 1.0069267375456548e-07, 3.1893054597276205e-07, 1.8396495704564586e-07, 1.6622136911337293e-07, 1.4321051367005566e-07, 1.090990906504885e-07, 6.795696094741288e-08, 2.1216462187112484e-07, 3.9733102141781274e-08, 9.990452021213514e-09, 8.020943020881077e-09, 8.726846800755084e-09, 9.644709919598426e-09, 1.096671375933056e-08, 1.7853308165172166e-08, 1.5546969933666333e-08, 1.0044943543618956e-08, 1.3643804308571816e-08, 1.652953862674167e-08, 9.642839415846538e-09, 8.12924749737931e-09, 2.4193164804842127e-08, 6.7925522984069175e-09, 2.949835264942635e-09, 7.400806190105413e-09, 3.886170940603506e-09, 9.643820186866492e-10, 9.97736004926253e-10, 1.062825050190952e-09, 3.1766106411978967e-10, 1.2158926643301982e-11, 1.9948632589555926e-12, 1.9415196447075678e-12, 1.895852832362044e-12, 1.8541953996503713e-12, 1.8168970017731767e-12, 1.7859045405715923e-12, 1.7610808644707987e-12, 1.7392852566175399e-12, 1.7243347591802682e-12, 1.7150522538603163e-12], "lowlevel.mfcc.mean": [-762.5553588867188, 170.33058166503906, 27.669546127319336, 43.892303466796875, 5.2344536781311035, 9.365732192993164, 2.600318670272827, -1.0724403858184814, -24.652156829833984, -26.104673385620117, -32.18914794921875, -10.092926979064941, -8.744560241699219], "lowlevel.spectral_contrast_coeffs.mean": [-0.49770787358283997, -0.5902696847915649, -0.7431319952011108, -0.7830551862716675, -0.8011126518249512, -0.7536228895187378], "lowlevel.spectral_contrast_coeffs.stdev": [0.09346329420804977, 0.07178706675767899, 0.040985722094774246, 0.0336354523897171, 0.028126820921897888, 0.041997555643320084], "lowlevel.spectral_contrast_valleys.mean": [-7.447967529296875, -8.355807304382324, -8.565999984741211, -9.344167709350586, -9.1569242477417, -12.303868293762207], "lowlevel.spectral_contrast_valleys.stdev": [0.782741129398346, 0.5257187485694885, 0.4859923720359802, 0.5184974074363708, 0.35118451714515686, 0.4878886938095093], "rhythm.beats_loudness_band_ratio.mean": [0.756079912185669, 0.2903805077075958, 0.0037670063320547342, 0.007326685357838869, 0.003467775648459792, 0.0012000880669802427], "rhythm.beats_loudness_band_ratio.stdev": [0.18013408780097961, 0.15820671617984772, 0.003181135281920433, 0.006307498551905155, 0.005920800380408764, 0.0015735276974737644], "tonal.hpcp.mean": [0.0013900548219680786, 0.0004964388790540397, 0.00022152058954816312, 0.00013966481492388994, 0.0001126796705648303, 0.00016606217832304537, 0.00015383069694507867, 0.0006064415792934597, 0.04572155699133873, 0.09329833090305328, 0.048487912863492966, 0.0004137387441005558, 0.00010801247844938189, 0.00020120538829360157, 0.0002978949632961303, 0.0008143206359818578, 0.0021173390559852123, 0.004878644831478596, 0.003682872513309121, 0.0003434328828006983, 0.00021456388640217483, 0.00029155361698940396, 0.01104759331792593, 0.5522115230560303, 0.9889710545539856, 0.45124441385269165, 0.003765888512134552, 0.0002526564639993012, 0.00017047564324457198, 0.0007074137683957815, 0.0014387036208063364, 0.0009931687964126468, 0.0006464406033046544, 0.0007518783095292747, 0.00044519390212371945, 0.0011826233239844441], "tonal.hpcp.stdev": [0.0015879421262070537, 0.000887797970790416, 0.0005564683233387768, 0.0002471611078362912, 0.00019089371198788285, 0.0003651698352769017, 0.0003446465125307441, 0.00985456258058548, 0.08730969578027725, 0.17263509333133698, 0.08958370238542557, 0.0015213994774967432, 0.0003169007832184434, 0.00036728353006765246, 0.0005663534393534064, 0.016650034114718437, 0.03481220081448555, 0.0192390289157629, 0.005983917973935604, 0.0015512127429246902, 0.001505006686784327, 0.0020603083539754152, 0.06471484899520874, 0.16185295581817627, 0.0701460912823677, 0.15854524075984955, 0.032019663602113724, 0.0016957640182226896, 0.0004750820517074317, 0.003494074335321784, 0.0039260657504200935, 0.0016944525996223092, 0.000947860477026552, 0.0011026900028809905, 0.0006186916143633425, 0.0012642956571653485], "rhythm.beats_position": [0.5224489569664001, 1.0448979139328003, 1.5557368993759155, 2.0665760040283203, 2.589024782180786, 3.088253974914551, 3.564262866973877, 4.040272235870361, 4.597550868988037, 5.166440010070801, 5.735328674316406, 6.304217338562012, 6.861496448516846, 7.430385589599609, 7.987664222717285, 8.56816291809082, 9.102222442626953, 9.6478910446167, 10.193559646606445, 10.66956901550293, 11.145578384399414, 11.621586799621582, 12.109206199645996, 12.58521556854248, 13.061223983764648, 13.502403259277344, 13.943582534790039, 14.396371841430664, 14.883990287780762, 15.371609687805176, 15.85922908782959, 16.346847534179688, 16.8344669342041, 17.310476303100586, 17.78648567199707, 18.250883102416992, 18.738502502441406, 19.21451187133789, 19.690521240234375, 20.16653060913086, 20.642539978027344, 21.130157470703125, 21.61777687072754, 22.105396270751953, 22.52335548400879, 22.941314697265625, 23.35927391052246, 23.765623092651367, 24.171972274780273, 24.57832145690918, 24.984670639038086, 25.391019821166992, 25.7973690032959, 26.192108154296875, 26.59845733642578, 27.004806518554688, 27.411155700683594, 27.8175048828125, 28.223854064941406, 28.560543060302734, 28.885623931884766, 29.210702896118164, 29.535781860351562, 29.86086082458496, 30.19754981994629, 30.52263069152832, 30.85931968688965, 31.196008682250977, 31.544307708740234, 31.880996704101562, 32.22929763793945, 32.57759475708008, 32.937503814697266, 33.29741287231445, 33.6689338684082, 34.04045104980469, 34.38875198364258, 34.73705291748047, 35.085350036621094, 35.433650970458984, 35.78194808959961, 36.1302490234375, 36.47854995727539, 36.826847076416016, 37.175148010253906, 37.52344512939453], "rhythm.bpm_histogram": [0.0, 0.0, 0.0, 0.0, 0.0, 0.0, 0.0, 0.0, 0.0, 0.0, 0.0, 0.0, 0.0, 0.0, 0.0, 0.0, 0.0, 0.0, 0.0, 0.0, 0.0, 0.0, 0.0, 0.0, 0.0, 0.0, 0.0, 0.0, 0.0, 0.0, 0.0, 0.0, 0.0, 0.0, 0.0, 0.0, 0.0, 0.0, 0.0, 0.0, 0.0, 0.0, 0.0, 0.0, 0.0, 0.0, 0.0, 0.0, 0.0, 0.0, 0.0, 0.0, 0.0, 0.0, 0.0, 0.0, 0.0, 0.0, 0.0, 0.0, 0.0, 0.0, 0.0, 0.0, 0.0, 0.0, 0.0, 0.0, 0.0, 0.0, 0.0, 0.0, 0.0, 0.0, 0.0, 0.0, 0.0, 0.0, 0.0, 0.0, 0.0, 0.0, 0.0, 0.0, 0.0, 0.0, 0.0, 0.0, 0.0, 0.0, 0.0, 0.0, 0.0, 0.0, 0.0, 0.0, 0.0, 0.0, 0.0, 0.0, 0.0, 0.0, 0.0, 0.0117647061124444, 0.0, 0.0470588244497776, 0.0, 0.0, 0.03529411926865578, 0.0, 0.0235294122248888, 0.0, 0.0117647061124444, 0.0, 0.0, 0.0235294122248888, 0.0, 0.0235294122248888, 0.0, 0.0, 0.0117647061124444, 0.0, 0.0, 0.11764705926179886, 0.0, 0.0, 0.15294118225574493, 0.0, 0.0, 0.0117647061124444, 0.0, 0.0, 0.0, 0.0117647061124444, 0.0, 0.0, 0.0235294122248888, 0.0, 0.0, 0.0, 0.0, 0.0, 0.0, 0.0, 0.03529411926865578, 0.0, 0.0, 0.0, 0.12941177189350128, 0.0, 0.0, 0.0, 0.0117647061124444, 0.0, 0.0, 0.0, 0.0, 0.0, 0.0, 0.0, 0.0, 0.0235294122248888, 0.0, 0.0, 0.0, 0.0, 0.0, 0.0235294122248888, 0.0, 0.0, 0.0, 0.0, 0.15294118225574493, 0.0, 0.0, 0.0, 0.0, 0.0, 0.05882352963089943, 0.0, 0.0, 0.0, 0.0, 0.0, 0.0, 0.05882352963089943, 0.0, 0.0, 0.0, 0.0, 0.0, 0.0, 0.0, 0.0, 0.0, 0.0, 0.0, 0.0, 0.0, 0.0, 0.0, 0.0, 0.0, 0.0, 0.0, 0.0, 0.0, 0.0, 0.0, 0.0, 0.0, 0.0, 0.0, 0.0, 0.0, 0.0, 0.0, 0.0, 0.0, 0.0, 0.0, 0.0, 0.0, 0.0, 0.0, 0.0, 0.0, 0.0, 0.0, 0.0, 0.0, 0.0, 0.0, 0.0, 0.0, 0.0, 0.0, 0.0, 0.0, 0.0, 0.0, 0.0, 0.0, 0.0, 0.0, 0.0, 0.0, 0.0, 0.0, 0.0], "tonal.chords_histogram": [0.0, 0.0, 23.179611206054688, 0.0, 0.0, 0.0, 0.0, 8.373785972595215, 31.310680389404297, 37.135921478271484, 0.0, 0.0, 0.0, 0.0, 0.0, 0.0, 0.0, 0.0, 0.0, 0.0, 0.0, 0.0, 0.0, 0.0], "tonal.thpcp": [1.0, 0.45627665519714355, 0.0038078855723142624, 0.0002554740640334785, 0.00017237677820958197, 0.0007153028273023665, 0.0014547479804605246, 0.0010042445501312613, 0.0006536496803164482, 0.0007602632394991815, 0.00045015866635367274, 0.0011958118993788958, 0.0014055566862225533, 0.0005019751260988414, 0.00022399098088499159, 0.00014122235006652772, 0.00011393626482458785, 0.00016791409871075302, 0.0001555462076794356, 0.0006132045527920127, 0.04623144119977951, 0.0943387895822525, 0.04902864620089531, 0.00041835271986201406, 0.00010921702778432518, 0.0002034492208622396, 0.0003012170782312751, 0.0008234019041992724, 0.0021409515757113695, 0.00493305129930377, 0.00372394360601902, 0.0003472628304734826, 0.00021695668692700565, 0.0002948050096165389, 0.011170795187354088, 0.5583697557449341], "lowlevel.gfcc.cov": [[730.646484375, -9.91472339630127, -262.49066162109375, 108.84120178222656, -79.40373229980469, 109.17056274414062, -40.41985321044922, -22.581857681274414, 233.24302673339844, -41.24064254760742, -52.79969787597656, 16.82770538330078, 51.927066802978516], [-9.91472339630127, 296.6055908203125, 24.84330177307129, -30.474416732788086, 45.26225280761719, -47.57136535644531, 56.85118103027344, -30.546302795410156, 74.31745147705078, -48.318058013916016, 27.788246154785156, -63.17470169067383, 73.50121307373047], [-262.49066162109375, 24.84330177307129, 334.86029052734375, -59.84735107421875, 26.672019958496094, -59.84590530395508, 35.36965560913086, 6.103250980377197, -166.29588317871094, 11.635890007019043, -6.96021842956543, -18.1413516998291, -23.84763526916504], [108.84120178222656, -30.474416732788086, -59.84735107421875, 118.54629516601562, 48.2468147277832, 46.64019775390625, 0.331076055765152, -7.65265417098999, 59.56389236450195, -32.767791748046875, -17.540910720825195, 2.9907350540161133, 18.535263061523438], [-79.40373229980469, 45.26225280761719, 26.672019958496094, 48.2468147277832, 166.9058380126953, 1.8387235403060913, 25.61767578125, 3.094679117202759, -32.645843505859375, -38.61626052856445, -22.188020706176758, -14.741982460021973, -0.03104493021965027], [109.17056274414062, -47.57136535644531, -59.84590530395508, 46.64019775390625, 1.8387235403060913, 120.6665267944336, 16.490707397460938, 13.53126335144043, 61.590187072753906, 6.225002288818359, -30.034814834594727, 17.927953720092773, 29.176647186279297], [-40.41985321044922, 56.85118103027344, 35.36965560913086, 0.331076055765152, 25.61767578125, 16.490707397460938, 63.537841796875, 19.888614654541016, -12.129022598266602, -2.0933260917663574, -2.050675868988037, -3.6332616806030273, 13.89282512664795], [-22.581857681274414, -30.546302795410156, 6.103250980377197, -7.65265417098999, 3.094679117202759, 13.53126335144043, 19.888614654541016, 88.54928588867188, -3.4519495964050293, 38.1494255065918, 3.5440051555633545, 30.065650939941406, -16.558008193969727], [233.24302673339844, 74.31745147705078, -166.29588317871094, 59.56389236450195, -32.645843505859375, 61.590187072753906, -12.129022598266602, -3.4519495964050293, 217.9000244140625, -10.141030311584473, -12.025702476501465, -11.524299621582031, 56.91197204589844], [-41.24064254760742, -48.318058013916016, 11.635890007019043, -32.767791748046875, -38.61626052856445, 6.225002288818359, -2.0933260917663574, 38.1494255065918, -10.141030311584473, 106.54927825927734, 33.509803771972656, 45.497013092041016, -19.639862060546875], [-52.79969787597656, 27.788246154785156, -6.96021842956543, -17.540910720825195, -22.188020706176758, -30.034814834594727, -2.050675868988037, 3.5440051555633545, -12.025702476501465, 33.509803771972656, 75.41510772705078, 26.14029884338379, -11.708029747009277], [16.82770538330078, -63.17470169067383, -18.1413516998291, 2.9907350540161133, -14.741982460021973, 17.927953720092773, -3.6332616806030273, 30.065650939941406, -11.524299621582031, 45.497013092041016, 26.14029884338379, 78.4509506225586, -13.350166320800781], [51.927066802978516, 73.50121307373047, -23.84763526916504, 18.535263061523438, -0.03104493021965027, 29.176647186279297, 13.89282512664795, -16.558008193969727, 56.91197204589844, -19.639862060546875, -11.708029747009277, -13.350166320800781, 75.54180145263672]], "lowlevel.gfcc.icov": [[0.003519283374771476, -0.0049451314844191074, 0.0020296610891819, -0.004613225348293781, 0.004121148958802223, -0.0026125863660126925, 0.004214234184473753, -0.0003120055189356208, 0.001558625022880733, -0.0002890671603381634, 0.00576678616926074, -0.0033547396305948496, 0.003383920295163989], [-0.0049451314844191074, 0.039885014295578, -0.008975062519311905, 0.027164967730641365, -0.02055376023054123, 0.018726836889982224, -0.032589141279459, 0.007269544992595911, -0.02687343768775463, 0.01034572347998619, -0.029763903468847275, 0.01354313362389803, -0.023845331743359566], [0.0020296610891819, -0.008975062519311905, 0.008082653395831585, -0.006630824878811836, 0.005424163304269314, -0.002608577022328973, 0.004927464295178652, -0.0015638616168871522, 0.009873905219137669, -0.003906903322786093, 0.009238414466381073, -0.0017899507656693459, 0.00393768772482872], [-0.004613225348293781, 0.027164967730641365, -0.006630824878811836, 0.034077223390340805, -0.0193789079785347, 0.008525172248482704, -0.020756276324391365, 0.00592061085626483, -0.021489467471837997, 0.011030426248908043, -0.021969370543956757, 0.006406644359230995, -0.015115493908524513], [0.004121148958802223, -0.02055376023054123, 0.005424163304269314, -0.0193789079785347, 0.02030724100768566, -0.008562264032661915, 0.013848751783370972, -0.004571022931486368, 0.015407951548695564, -0.0034492320846766233, 0.017909569665789604, -0.006860319059342146, 0.01245796401053667], [-0.0026125863660126925, 0.018726836889982224, -0.002608577022328973, 0.008525172248482704, -0.008562264032661915, 0.024496542289853096, -0.02065192349255085, 0.0037465873174369335, -0.013689029961824417, 0.0012685232795774937, -0.006123041734099388, 0.002000850858166814, -0.014138436876237392], [0.004214234184473753, -0.032589141279459, 0.004927464295178652, -0.020756276324391365, 0.013848751783370972, -0.02065192349255085, 0.050099510699510574, -0.012757521122694016, 0.02328580617904663, -0.0064226374961435795, 0.019819848239421844, -0.007775589358061552, 0.01391714345663786], [-0.0003120055189356208, 0.007269544992595911, -0.0015638616168871522, 0.00592061085626483, -0.004571022931486368, 0.0037465873174369335, -0.012757521122694016, 0.018795683979988098, -0.007618766278028488, -0.0024014825467020273, -0.001690532430075109, -0.0032554336357861757, 0.0004901904612779617], [0.001558625022880733, -0.02687343768775463, 0.009873905219137669, -0.021489467471837997, 0.015407951548695564, -0.013689029961824417, 0.02328580617904663, -0.007618766278028488, 0.03079403191804886, -0.00943574495613575, 0.018760882318019867, -0.0034989144187420607, 0.00944344513118267], [-0.0002890671603381634, 0.01034572347998619, -0.003906903322786093, 0.011030426248908043, -0.0034492320846766233, 0.0012685232795774937, -0.0064226374961435795, -0.0024014825467020273, -0.00943574495613575, 0.020974507555365562, -0.012659025378525257, -0.0031919837929308414, -0.0036082149017602205], [0.00576678616926074, -0.029763903468847275, 0.009238414466381073, -0.021969370543956757, 0.017909569665789604, -0.006123041734099388, 0.019819848239421844, -0.001690532430075109, 0.018760882318019867, -0.012659025378525257, 0.04502485319972038, -0.017729301005601883, 0.018079211935400963], [-0.0033547396305948496, 0.01354313362389803, -0.0017899507656693459, 0.006406644359230995, -0.006860319059342146, 0.002000850858166814, -0.007775589358061552, -0.0032554336357861757, -0.0034989144187420607, -0.0031919837929308414, -0.017729301005601883, 0.028575435280799866, -0.008959118276834488], [0.003383920295163989, -0.023845331743359566, 0.00393768772482872, -0.015115493908524513, 0.01245796401053667, -0.014138436876237392, 0.01391714345663786, 0.0004901904612779617, 0.00944344513118267, -0.0036082149017602205, 0.018079211935400963, -0.008959118276834488, 0.03524461016058922]], "lowlevel.mfcc.cov": [[1145.05126953125, -218.01734924316406, -148.92938232421875, -112.3715591430664, 31.736404418945312, 150.4775848388672, -264.6921691894531, 115.79764556884766, 107.9414291381836, 155.23458862304688, 28.114723205566406, -7.338022232055664, 42.31743621826172], [-218.01734924316406, 328.161865234375, 54.95200729370117, 34.554866790771484, -15.299322128295898, -51.54385757446289, 63.730262756347656, -32.49209213256836, 24.438186645507812, -4.594625949859619, -1.741389274597168, -16.56597137451172, 2.7097225189208984], [-148.92938232421875, 54.95200729370117, 205.14645385742188, -1.2461017370224, -40.254337310791016, -11.347932815551758, 36.87275695800781, -24.288375854492188, -0.31508055329322815, -7.371919631958008, -23.584684371948242, -12.763157844543457, -11.562849044799805], [-112.3715591430664, 34.554866790771484, -1.2461017370224, 106.42515563964844, 33.086578369140625, -18.49045181274414, 42.32773971557617, 4.667266368865967, -10.902710914611816, -28.72541618347168, 4.820003986358643, 0.8117873072624207, -1.4442483186721802], [31.736404418945312, -15.299322128295898, -40.254337310791016, 33.086578369140625, 103.83614349365234, 23.334495544433594, 4.469274044036865, 23.33900260925293, 38.61912155151367, 2.8884036540985107, 10.886693954467773, -17.998044967651367, -6.3498125076293945], [150.4775848388672, -51.54385757446289, -11.347932815551758, -18.49045181274414, 23.334495544433594, 121.21358489990234, -28.50928497314453, 29.901077270507812, 39.624267578125, 40.756649017333984, -13.390628814697266, -5.807572841644287, 20.26099395751953], [-264.6921691894531, 63.730262756347656, 36.87275695800781, 42.32773971557617, 4.469274044036865, -28.50928497314453, 148.6055450439453, -10.236231803894043, -3.030897617340088, -55.67308044433594, -15.304512023925781, 10.936467170715332, -7.744357109069824], [115.79764556884766, -32.49209213256836, -24.288375854492188, 4.667266368865967, 23.33900260925293, 29.901077270507812, -10.236231803894043, 86.23368072509766, 38.73789596557617, 25.994749069213867, 6.8351311683654785, 6.083163261413574, 21.81052017211914], [107.9414291381836, 24.438186645507812, -0.31508055329322815, -10.902710914611816, 38.61912155151367, 39.624267578125, -3.030897617340088, 38.73789596557617, 127.9666519165039, 49.992305755615234, 4.691580295562744, -8.840824127197266, -0.9092193841934204], [155.23458862304688, -4.594625949859619, -7.371919631958008, -28.72541618347168, 2.8884036540985107, 40.756649017333984, -55.67308044433594, 25.994749069213867, 49.992305755615234, 103.79938507080078, 19.708791732788086, 11.097153663635254, 16.15528678894043], [28.114723205566406, -1.741389274597168, -23.584684371948242, 4.820003986358643, 10.886693954467773, -13.390628814697266, -15.304512023925781, 6.8351311683654785, 4.691580295562744, 19.708791732788086, 65.80537414550781, 19.2412052154541, -1.133480191230774], [-7.338022232055664, -16.56597137451172, -12.763157844543457, 0.8117873072624207, -17.998044967651367, -5.807572841644287, 10.936467170715332, 6.083163261413574, -8.840824127197266, 11.097153663635254, 19.2412052154541, 94.49718475341797, 24.15065574645996], [42.31743621826172, 2.7097225189208984, -11.562849044799805, -1.4442483186721802, -6.3498125076293945, 20.26099395751953, -7.744357109069824, 21.81052017211914, -0.9092193841934204, 16.15528678894043, -1.133480191230774, 24.15065574645996, 84.24425506591797]], "lowlevel.mfcc.icov": [[0.0022101637441664934, 0.0005197287537157536, 0.000776591943576932, 0.0006247250130400062, 0.000329400907503441, -0.0009051363449543715, 0.0029506145510822535, -0.001409237738698721, -0.0011451008031144738, -0.0002130664506694302, 2.095028139592614e-05, 6.297150684986264e-05, -0.00012028765922877938], [0.0005197287537157536, 0.004450093489140272, -0.00020543293794617057, -0.0012858682312071323, 0.0011513106292113662, 0.0016403412446379662, -0.0009613146539777517, 0.0016603501280769706, -0.0021179202012717724, -0.001429096213541925, -0.00022693989740218967, 0.0015192657010629773, -0.001467797439545393], [0.000776591943576932, -0.00020543293794617057, 0.006369123701006174, -0.0002607838250696659, 0.0027960974257439375, -0.000483823474496603, -0.00048173018149100244, 0.0005065151490271091, -0.0010666843736544251, -0.0009945235215127468, 0.0013233856298029423, 0.0010217352537438273, 0.0005420270608738065], [0.0006247250130400062, -0.0012858682312071323, -0.0002607838250696659, 0.013634852133691311, -0.005296100862324238, 0.000589840579777956, -0.0014226046623662114, -0.0024497814010828733, 0.0023223611060529947, 0.0017012297175824642, -0.0009437028784304857, -0.0007131118909455836, -0.00022151930897962302], [0.000329400907503441, 0.0011513106292113662, 0.0027960974257439375, -0.005296100862324238, 0.01595434918999672, -0.0025172014720737934, -0.00020299979951232672, -0.000806590891443193, -0.004928119480609894, 0.0013664047000929713, -0.0028672129847109318, 0.0033762564416974783, 0.0007668996695429087], [-0.0009051363449543715, 0.0016403412446379662, -0.000483823474496603, 0.000589840579777956, -0.0025172014720737934, 0.013038944453001022, -0.0010131621966138482, -0.00030538515420630574, -0.001349876169115305, -0.0037791330832988024, 0.004054903518408537, 0.0007200762047432363, -0.0024358248338103294], [0.0029506145510822535, -0.0009613146539777517, -0.00048173018149100244, -0.0014226046623662114, -0.00020299979951232672, -0.0010131621966138482, 0.015135294757783413, -0.0023860917426645756, -0.003553405636921525, 0.005899279844015837, 0.0016626546857878566, -0.00317198783159256, 0.000457789923530072], [-0.001409237738698721, 0.0016603501280769706, 0.0005065151490271091, -0.0024497814010828733, -0.000806590891443193, -0.00030538515420630574, -0.0023860917426645756, 0.01761103980243206, -0.003806192195042968, -0.0014498964883387089, -0.0007274051895365119, 0.0002041197003563866, -0.003915464039891958], [-0.0011451008031144738, -0.0021179202012717724, -0.0010666843736544251, 0.0023223611060529947, -0.004928119480609894, -0.001349876169115305, -0.003553405636921525, -0.003806192195042968, 0.014565730467438698, -0.005617298651486635, 0.0005778434569947422, 0.0003281925746705383, 0.0022967937402427197], [-0.0002130664506694302, -0.001429096213541925, -0.0009945235215127468, 0.0017012297175824642, 0.0013664047000929713, -0.0037791330832988024, 0.005899279844015837, -0.0014498964883387089, -0.005617298651486635, 0.019277099519968033, -0.0045445808209478855, -0.002557700499892235, -0.0011100411647930741], [2.095028139592614e-05, -0.00022693989740218967, 0.0013233856298029423, -0.0009437028784304857, -0.0028672129847109318, 0.004054903518408537, 0.0016626546857878566, -0.0007274051895365119, 0.0005778434569947422, -0.0045445808209478855, 0.02006879448890686, -0.004219016060233116, 0.0016693145735189319], [6.297150684986264e-05, 0.0015192657010629773, 0.0010217352537438273, -0.0007131118909455836, 0.0033762564416974783, 0.0007200762047432363, -0.00317198783159256, 0.0002041197003563866, 0.0003281925746705383, -0.002557700499892235, -0.004219016060233116, 0.0142138060182333, -0.0038530968595296144], [-0.00012028765922877938, -0.001467797439545393, 0.000542027060