{"song_id": "1183684933487710218", "download": "https://cdn.discordapp.com/attachments/1135903449314238464/1183684933487710218/chirp.mp4?ex=65893b7f&amp", "lyrics": "[Verse]\nImagine a world, vibrant and free\nWhere love and peace reign eternally\nIn a place where dreams come alive\nAnd hope is the fire that will never die\n\n[Chorus]\nOh, imagine, let your heart take flight\nTogether we'll paint a canvas of light\nIn this realm of possibilities untold\nImagine a future where love is bold", "style": ["english rock"], "essentia_features": {"lowlevel.average_loudness": 0.952451765537262, "lowlevel.barkbands_crest.mean": 15.064813613891602, "lowlevel.barkbands_crest.stdev": 5.0738844871521, "lowlevel.barkbands_flatness_db.mean": 0.21960851550102234, "lowlevel.barkbands_flatness_db.stdev": 0.11761493980884552, "lowlevel.barkbands_kurtosis.mean": 35.403404235839844, "lowlevel.barkbands_kurtosis.stdev": 83.80513763427734, "lowlevel.barkbands_skewness.mean": 3.6757748126983643, "lowlevel.barkbands_skewness.stdev": 3.018754482269287, "lowlevel.barkbands_spread.mean": 16.223949432373047, "lowlevel.barkbands_spread.stdev": 14.9869966506958, "lowlevel.dissonance.mean": 0.44570720195770264, "lowlevel.dissonance.stdev": 0.060541294515132904, "lowlevel.dynamic_complexity": 1.3623682260513306, "lowlevel.erbbands_crest.mean": 9.818769454956055, "lowlevel.erbbands_crest.stdev": 4.962186813354492, "lowlevel.erbbands_flatness_db.mean": 0.17946042120456696, "lowlevel.erbbands_flatness_db.stdev": 0.07961729913949966, "lowlevel.erbbands_kurtosis.mean": 6.669069766998291, "lowlevel.erbbands_kurtosis.stdev": 24.168399810791016, "lowlevel.erbbands_skewness.mean": 0.781532883644104, "lowlevel.erbbands_skewness.stdev": 1.9161533117294312, "lowlevel.erbbands_spread.mean": 48.52446746826172, "lowlevel.erbbands_spread.stdev": 27.15009117126465, "lowlevel.hfc.mean": 24.556072235107422, "lowlevel.hfc.stdev": 19.374629974365234, "lowlevel.loudness_ebu128.integrated": -12.710403442382812, "lowlevel.loudness_ebu128.loudness_range": 3.280271530151367, "lowlevel.loudness_ebu128.momentary.mean": -12.991413116455078, "lowlevel.loudness_ebu128.momentary.stdev": 1.6613255739212036, "lowlevel.loudness_ebu128.short_term.mean": -12.958998680114746, "lowlevel.loudness_ebu128.short_term.stdev": 1.3908231258392334, "lowlevel.melbands_crest.mean": 21.863388061523438, "lowlevel.melbands_crest.stdev": 5.979258060455322, "lowlevel.melbands_flatness_db.mean": 0.29840636253356934, "lowlevel.melbands_flatness_db.stdev": 0.12969325482845306, "lowlevel.melbands_kurtosis.mean": 62.6430778503418, "lowlevel.melbands_kurtosis.stdev": 100.7900619506836, "lowlevel.melbands_skewness.mean": 5.3790459632873535, "lowlevel.melbands_skewness.stdev": 3.416701316833496, "lowlevel.melbands_spread.mean": 11.700936317443848, "lowlevel.melbands_spread.stdev": 11.057672500610352, "lowlevel.pitch_salience.mean": 0.39664795994758606, "lowlevel.pitch_salience.stdev": 0.15490977466106415, "lowlevel.silence_rate_20dB.mean": 1.0, "lowlevel.silence_rate_20dB.stdev": 0.0, "lowlevel.silence_rate_30dB.mean": 0.9426910281181335, "lowlevel.silence_rate_30dB.stdev": 0.23243215680122375, "lowlevel.silence_rate_60dB.mean": 0.004983388818800449, "lowlevel.silence_rate_60dB.stdev": 0.0704168751835823, "lowlevel.spectral_centroid.mean": 975.6981811523438, "lowlevel.spectral_centroid.stdev": 650.6472778320312, "lowlevel.spectral_complexity.mean": 20.320598602294922, "lowlevel.spectral_complexity.stdev": 12.905793190002441, "lowlevel.spectral_decrease.mean": -1.4319604169088507e-08, "lowlevel.spectral_decrease.stdev": 7.577039440320732e-09, "lowlevel.spectral_energy.mean": 0.05627284198999405, "lowlevel.spectral_energy.stdev": 0.029347289353609085, "lowlevel.spectral_energyband_high.mean": 0.001255104667507112, "lowlevel.spectral_energyband_high.stdev": 0.002097994089126587, "lowlevel.spectral_energyband_low.mean": 0.035471029579639435, "lowlevel.spectral_energyband_low.stdev": 0.028001923114061356, "lowlevel.spectral_energyband_middle_high.mean": 0.00492361793294549, "lowlevel.spectral_energyband_middle_high.stdev": 0.005660067778080702, "lowlevel.spectral_energyband_middle_low.mean": 0.019765904173254967, "lowlevel.spectral_energyband_middle_low.stdev": 0.01704021729528904, "lowlevel.spectral_entropy.mean": 7.1016387939453125, "lowlevel.spectral_entropy.stdev": 1.152519702911377, "lowlevel.spectral_flux.mean": 0.09297403693199158, "lowlevel.spectral_flux.stdev": 0.06551956385374069, "lowlevel.spectral_kurtosis.mean": 8.921907424926758, "lowlevel.spectral_kurtosis.stdev": 23.48992919921875, "lowlevel.spectral_rms.mean": 0.00718061625957489, "lowlevel.spectral_rms.stdev": 0.001827326719649136, "lowlevel.spectral_rolloff.mean": 750.9258422851562, "lowlevel.spectral_rolloff.stdev": 1127.1409912109375, "lowlevel.spectral_skewness.mean": 1.8083652257919312, "lowlevel.spectral_skewness.stdev": 1.8039277791976929, "lowlevel.spectral_spread.mean": 4492978.5, "lowlevel.spectral_spread.stdev": 1624383.125, "lowlevel.spectral_strongpeak.mean": 0.8835269808769226, "lowlevel.spectral_strongpeak.stdev": 0.443031370639801, "lowlevel.zerocrossingrate.mean": 0.034681353718042374, "lowlevel.zerocrossingrate.stdev": 0.024256527423858643, "metadata.audio_properties.analysis.equal_loudness": 0.0, "metadata.audio_properties.analysis.length": 27.925329208374023, "metadata.audio_properties.analysis.sample_rate": 44100.0, "metadata.audio_properties.analysis.start_time": 0.0, "metadata.audio_properties.bit_rate": 120405.0, "metadata.audio_properties.length": 27.92533302307129, "metadata.audio_properties.lossless": 0.0, "metadata.audio_properties.number_channels": 1.0, "metadata.audio_properties.replay_gain": -11.912752151489258, "metadata.audio_properties.sample_rate": 48000.0, "rhythm.beats_count": 71.0, "rhythm.beats_loudness.mean": 0.06174702197313309, "rhythm.beats_loudness.stdev": 0.03061898611485958, "rhythm.bpm": 161.82456970214844, "rhythm.bpm_histogram_first_peak_bpm": 161.0, "rhythm.bpm_histogram_first_peak_weight": 0.42307692766189575, "rhythm.bpm_histogram_second_peak_bpm": 133.0, "rhythm.bpm_histogram_second_peak_spread": 0.5, "rhythm.bpm_histogram_second_peak_weight": 0.0714285746216774, "rhythm.danceability": 0.9513230919837952, "rhythm.onset_rate": 3.3995087146759033, "tonal.chords_changes_rate": 0.04809286817908287, "tonal.chords_number_rate": 0.014925372786819935, "tonal.chords_strength.mean": 0.508420467376709, "tonal.chords_strength.stdev": 0.0686715692281723, "tonal.hpcp_crest.mean": 15.039032936096191, "tonal.hpcp_crest.stdev": 7.142937660217285, "tonal.hpcp_entropy.mean": 1.8403096199035645, "tonal.hpcp_entropy.stdev": 0.7805605530738831, "tonal.key_edma.strength": 0.6896520256996155, "tonal.key_krumhansl.strength": 0.7015790939331055, "tonal.key_temperley.strength": 0.6797398924827576, "tonal.tuning_diatonic_strength": 0.5825267434120178, "tonal.tuning_equal_tempered_deviation": 0.04533225670456886, "tonal.tuning_frequency": 438.98455810546875, "tonal.tuning_nontempered_energy_ratio": 0.6784660220146179, "lowlevel.barkbands.mean": [0.00044646780588664114, 0.009385484270751476, 0.0206290390342474, 0.010783310979604721, 0.004738437943160534, 0.001310119521804154, 0.0005758121842518449, 0.000988801708444953, 0.0011203931644558907, 0.000779500522185117, 0.0008370652794837952, 0.0004631238407455385, 0.0005928610335104167, 0.00034196884371340275, 0.0004212481144350022, 0.0004910244606435299, 0.00035289934021420777, 0.0002825645206030458, 0.0002742141077760607, 0.00036773033207282424, 0.00021488226775545627, 0.0003143387730233371, 0.00027784149278886616, 0.0002053945790976286, 6.326207221718505e-05, 1.4589783859264571e-05, 5.20895810041111e-07], "lowlevel.barkbands.stdev": [0.0006778356619179249, 0.016077831387519836, 0.01767081581056118, 0.012398441322147846, 0.010275430046021938, 0.0023469128645956516, 0.0013331216759979725, 0.002422143006697297, 0.0024537325371056795, 0.0022975364699959755, 0.0025125641841441393, 0.0013188645243644714, 0.0014502605190500617, 0.0006201647920534015, 0.0008618648862466216, 0.0009941300377249718, 0.0005371177685447037, 0.0003636538458522409, 0.0002926877059508115, 0.0004219881957396865, 0.00026933258050121367, 0.0006377290701493621, 0.0006282668909989297, 0.0005612077075056732, 0.000142387390951626, 3.2823609217302874e-05, 1.2455055866666953e-06], "lowlevel.erbbands.mean": [0.18285632133483887, 2.731822967529297, 20.569387435913086, 30.48482894897461, 29.386940002441406, 12.2018461227417, 9.281954765319824, 10.012120246887207, 7.57628870010376, 14.350245475769043, 22.092924118041992, 28.224641799926758, 22.468202590942383, 29.902956008911133, 30.279144287109375, 20.569929122924805, 27.179357528686523, 18.693260192871094, 24.06160545349121, 21.289335250854492, 25.58780288696289, 19.60323715209961, 16.003742218017578, 15.067935943603516, 14.797632217407227, 17.460084915161133, 9.997698783874512, 8.48298168182373, 11.229226112365723, 10.705330848693848, 7.176220893859863, 5.3411736488342285, 2.706306219100952, 1.0333168506622314, 0.27163606882095337, 0.0964030995965004, 0.020325304940342903, 0.0028366718906909227, 0.00010048874537460506, 6.828927143942565e-05], "lowlevel.erbbands.stdev": [0.3218679130077362, 4.352113246917725, 19.115291595458984, 19.727291107177734, 38.436058044433594, 28.253469467163086, 19.226795196533203, 17.790189743041992, 17.848817825317383, 34.336421966552734, 56.9891357421875, 60.02775955200195, 64.4770736694336, 88.20890045166016, 72.23118591308594, 53.190372467041016, 68.85050964355469, 29.616113662719727, 50.10590744018555, 39.891422271728516, 48.47429656982422, 28.662464141845703, 20.939958572387695, 16.859912872314453, 15.33607006072998, 20.481969833374023, 12.108681678771973, 11.405686378479004, 21.274816513061523, 25.404823303222656, 16.28678321838379, 15.294514656066895, 6.990258693695068, 2.3974130153656006, 0.5982587933540344, 0.22167037427425385, 0.047414880245923996, 0.005895435810089111, 0.0001513115130364895, 3.521222242852673e-05], "lowlevel.gfcc.mean": [-11.120309829711914, 107.6408920288086, -98.18809509277344, 58.15531539916992, -48.973533630371094, 21.847414016723633, -37.28501510620117, 0.06944318860769272, -20.536436080932617, -15.248185157775879, -19.466312408447266, -13.27443790435791, -18.372238159179688], "lowlevel.melbands.mean": [0.002066002693027258, 0.008109771646559238, 0.0054837726056575775, 0.0014358465559780598, 0.0003226577246095985, 0.00022958395129535347, 0.00011385061225155368, 0.00016848157974891365, 0.00018748923321254551, 0.00016930232231970876, 0.00010842586198123172, 0.00011840341176139191, 0.00010911592107731849, 6.280247180256993e-05, 5.051509288023226e-05, 5.627222344628535e-05, 3.2031748560257256e-05, 3.8679914723616093e-05, 2.7295660402160138e-05, 3.404502785997465e-05, 2.8979960916331038e-05, 2.0587214748957194e-05, 1.712096855044365e-05, 1.267814604943851e-05, 1.2245590369275305e-05, 9.516293175693136e-06, 1.3163972653273959e-05, 1.1104659279226325e-05, 6.472070253948914e-06, 5.058329861640232e-06, 4.7786393224669155e-06, 6.426576874218881e-06, 6.14022519584978e-06, 5.919435352552682e-06, 4.2366914385638665e-06, 3.467267106316285e-06, 3.230647735108505e-06, 2.0962077087460784e-06, 1.2472597745727398e-06, 7.286416803253815e-07], "lowlevel.melbands.stdev": [0.003404442686587572, 0.007684166543185711, 0.00356264878064394, 0.0025432398542761803, 0.0006344573339447379, 0.0004036901518702507, 0.00025772940716706216, 0.000403033074690029, 0.0004760608426295221, 0.0003702993562910706, 0.0003252086753491312, 0.0003613078151829541, 0.00029469819855876267, 0.0001734651596052572, 0.00012686674017459154, 0.00012755180068779737, 5.334862362360582e-05, 8.382596570299938e-05, 5.1903898565797135e-05, 7.558793004136533e-05, 6.413873779820278e-05, 3.253078830312006e-05, 2.4842844140948728e-05, 1.69197483046446e-05, 1.430022621207172e-05, 1.0585593372525182e-05, 1.4538018149323761e-05, 1.3941237739345524e-05, 8.321008863276802e-06, 6.5248336795775685e-06, 6.81735673424555e-06, 1.1754151273635216e-05, 1.440963114873739e-05, 1.4202179954736494e-05, 9.318415322923101e-06, 1.0058763109555002e-05, 9.45646570471581e-06, 5.527939265448367e-06, 3.1913984912534943e-06, 1.6820218888824456e-06], "lowlevel.melbands128.mean": [0.0002545210300013423, 0.001205568783916533, 0.0023016363848000765, 0.00465110968798399, 0.010088360868394375, 0.009587741456925869, 0.006083455868065357, 0.005501299165189266, 0.002649703761562705, 0.001307175145484507, 0.0004860865301452577, 0.000239332061028108, 0.00028248262242414057, 0.00041251134825870395, 0.00026075163623318076, 0.00011198522406630218, 0.0001097794302040711, 0.0001184463471872732, 0.00010847944213310257, 0.00016852171393111348, 0.00019903802603948861, 0.00016400123422499746, 0.00019647156295832247, 0.00018160817853640765, 0.00022186042042449117, 0.00014293164713308215, 0.00010546376142883673, 0.0001175804718513973, 8.432625327259302e-05, 0.00012879450514446944, 0.00011561902647372335, 0.0001315807894570753, 0.0001154584824689664, 9.782669803826138e-05, 6.073745316825807e-05, 5.904693534830585e-05, 5.3938601922709495e-05, 2.5325816750410013e-05, 7.666053716093302e-05, 6.637291517108679e-05, 5.1552622608141974e-05, 4.063195956405252e-05, 2.5775809262995608e-05, 3.023684439540375e-05, 3.7900288589298725e-05, 3.791214112425223e-05, 4.781806273967959e-05, 2.2942102077649906e-05, 2.0484416381805204e-05, 2.7080186555394903e-05, 4.2669824324548244e-05, 3.360658956808038e-05, 2.6633430024958216e-05, 3.164265945088118e-05, 2.268632670165971e-05, 1.924222851812374e-05, 1.756225356075447e-05, 2.0112740457989275e-05, 1.6329531717929058e-05, 1.3342008060135413e-05, 1.1813458513643127e-05, 1.2539204362838063e-05, 1.3388101251621265e-05, 1.2659430467465427e-05, 9.50997491599992e-06, 9.110628525377251e-06, 9.222585504176095e-06, 1.0979642866004724e-05, 1.5276949852705002e-05, 1.534531475044787e-05, 1.0816642316058278e-05, 9.53986727836309e-06, 7.190537417045562e-06, 6.19002094026655e-06, 5.091892944619758e-06, 5.376476565288613e-06, 4.923811502521858e-06, 4.4824541873822454e-06, 4.643278316507349e-06, 4.728437943413155e-06, 7.030467259028228e-06, 6.958812718949048e-06, 5.910253094043583e-06, 6.0428696997405495e-06, 6.321812634269008e-06, 6.208684226294281e-06, 5.782130301668076e-06, 5.2213067647244316e-06, 4.063879714522045e-06, 3.650626695161918e-06, 3.5946459320257418e-06, 3.3384058042429388e-06, 3.4118422718165675e-06, 3.288566858827835e-06, 3.2193436254601693e-06, 2.5432354959775694e-06, 1.789504040061729e-06, 1.5117079783522058e-06, 1.306850322180253e-06, 1.0958366374325124e-06, 9.248518608728773e-07, 6.859056611574488e-07, 4.88075386329001e-07, 3.158652077672741e-07, 2.3141265614867734e-07, 2.238569010160063e-07, 2.884145828829787e-07, 2.1489734081114875e-07, 1.493925765316817e-07, 1.2057225262651627e-07, 9.267822065339715e-08, 7.096473808587689e-08, 5.2298048558441224e-08, 5.232026367707476e-08, 3.1541592449002565e-08, 3.11431200827883e-08, 1.9551773533521555e-08, 3.9360763537388266e-09, 8.960335945440434e-12, 8.255902038400986e-12, 8.010582648598774e-12, 7.796746755162065e-12, 7.569951609998071e-12, 7.332729909381719e-12, 6.866444045294795e-12, 6.224579445629486e-12, 5.889593934077508e-12, 5.816741185937779e-12], "lowlevel.melbands128.stdev": [0.0005463840789161623, 0.0026371751446276903, 0.004188333638012409, 0.00901088584214449, 0.011243240907788277, 0.007837940938770771, 0.004307326395064592, 0.006885450333356857, 0.004375784192234278, 0.0035507981665432453, 0.0013198641827329993, 0.0006391657516360283, 0.0007980357622727752, 0.0008700971375219524, 0.0005459279636852443, 0.0003123325004708022, 0.0004545498813968152, 0.00024868460604920983, 0.00033468406763859093, 0.0004898143233731389, 0.0006122179329395294, 0.0005228338995948434, 0.0007552821189165115, 0.0005689864628948271, 0.000580385560169816, 0.00047623011050745845, 0.00042881895205937326, 0.0005342019721865654, 0.00027850340120494366, 0.0005958467372693121, 0.00048433730262331665, 0.0005709099350497127, 0.0003987276868429035, 0.0003265923005528748, 0.00023893282923381776, 0.00019980163779109716, 0.00022045942023396492, 6.235554610611871e-05, 0.0002982657460961491, 0.0002313856384716928, 0.0001303305325563997, 0.00013343864702619612, 5.690180478268303e-05, 5.4816420743009076e-05, 0.0001264648453798145, 0.00011423256364651024, 0.00014868873404338956, 5.611976303043775e-05, 5.879881791770458e-05, 8.176105620805174e-05, 0.00012835150118917227, 8.231154788518324e-05, 5.847946886206046e-05, 0.0001196181692648679, 4.7566951252520084e-05, 3.6130139051238075e-05, 3.019684118044097e-05, 3.703570109792054e-05, 2.9375058147707023e-05, 2.2511636416311376e-05, 2.2093265215517022e-05, 1.7840538930613548e-05, 1.828783206292428e-05, 1.8638935216586106e-05, 1.1750357771234121e-05, 1.3026234228163958e-05, 1.1286811968602706e-05, 1.4272921362135094e-05, 1.9804998373729177e-05, 2.076803139061667e-05, 1.7801623471314088e-05, 1.3838087397743948e-05, 1.0840217328222934e-05, 9.260997103410773e-06, 6.970527465455234e-06, 7.55121482143295e-06, 7.508881481044227e-06, 6.817052053520456e-06, 7.114161235222127e-06, 8.199672265618574e-06, 1.2942867215315346e-05, 1.4989429473644122e-05, 1.3235414371592924e-05, 1.4497530173684936e-05, 1.8748120055533946e-05, 1.698035885056015e-05, 1.4150200513540767e-05, 1.2036823136440944e-05, 9.10419475985691e-06, 9.240924555342644e-06, 1.0587648830551188e-05, 1.1556571735127363e-05, 1.1151526450703386e-05, 1.0184669008594938e-05, 9.555140422889963e-06, 7.163844202295877e-06, 4.888112016487867e-06, 4.547923253994668e-06, 3.6088417800783645e-06, 2.933875748567516e-06, 2.2709864424541593e-06, 1.66975473803177e-06, 1.2618907021533232e-06, 7.80352365836734e-07, 5.91136597449804e-07, 5.101919668959454e-07, 7.286433287845284e-07, 5.445140800475201e-07, 4.1274256545875687e-07, 2.687478399820975e-07, 2.198742805603615e-07, 2.0726680816096632e-07, 1.4817955218404677e-07, 1.4177902585288393e-07, 7.630509202272151e-08, 7.490260856002351e-08, 4.384297369597334e-08, 1.7947112240790375e-08, 5.503299552178653e-11, 5.175641165644507e-11, 4.9403148238980066e-11, 4.673431086565927e-11, 4.4071093996400634e-11, 3.98907087917344e-11, 2.8308629745898983e-11, 1.264210871404492e-11, 7.907612932511743e-12, 7.763054088449906e-12], "lowlevel.mfcc.mean": [-655.1544189453125, 123.65987396240234, 18.902984619140625, 36.734832763671875, 18.6489200592041, 18.041757583618164, -1.1861629486083984, 14.327242851257324, -4.897576332092285, 3.376575469970703, -2.505815029144287, -7.968763828277588, -5.02454137802124], "lowlevel.spectral_contrast_coeffs.mean": [-0.5803980231285095, -0.7423827648162842, -0.7806574702262878, -0.789752185344696, -0.7819122672080994, -0.7371052503585815], "lowlevel.spectral_contrast_coeffs.stdev": [0.10436635464429855, 0.0729462206363678, 0.07125701755285263, 0.051310524344444275, 0.05805153399705887, 0.06563345342874527], "lowlevel.spectral_contrast_valleys.mean": [-6.700037479400635, -7.182435512542725, -7.79047966003418, -7.787903308868408, -7.870804786682129, -10.480829238891602], "lowlevel.spectral_contrast_valleys.stdev": [1.0411731004714966, 0.9565614461898804, 1.2506775856018066, 1.2251629829406738, 1.6239107847213745, 1.326053500175476], "rhythm.beats_loudness_band_ratio.mean": [0.7617645859718323, 0.126219242811203, 0.06207979843020439, 0.05121484771370888, 0.03433666005730629, 0.027488280087709427], "rhythm.beats_loudness_band_ratio.stdev": [0.15864886343479156, 0.14533255994319916, 0.0821695476770401, 0.07566647976636887, 0.03598809987306595, 0.028414539992809296], "tonal.hpcp.mean": [0.38276106119155884, 0.18566712737083435, 0.054269496351480484, 0.10770133137702942, 0.08838529139757156, 0.03650384396314621, 0.04244694113731384, 0.03969252482056618, 0.10384286940097809, 0.17085053026676178, 0.09371134638786316, 0.019407546147704124, 0.02118956297636032, 0.01932983472943306, 0.018395280465483665, 0.026135826483368874, 0.024950694292783737, 0.016736799851059914, 0.013210264965891838, 0.023595014587044716, 0.20889019966125488, 0.2852727770805359, 0.117691271007061, 0.06154220551252365, 0.07638189196586609, 0.06308923661708832, 0.04600644111633301, 0.04000738263130188, 0.03335357829928398, 0.0633268654346466, 0.08517575263977051, 0.05400119721889496, 0.037799250334501266, 0.037601809948682785, 0.04200386628508568, 0.24000313878059387], "tonal.hpcp.stdev": [0.4547129273414612, 0.2434149980545044, 0.15511000156402588, 0.2815801799297333, 0.24425725638866425, 0.12300505489110947, 0.14158040285110474, 0.13738594949245453, 0.21371802687644958, 0.34796684980392456, 0.19928699731826782, 0.07011473923921585, 0.07683859765529633, 0.07050105929374695, 0.058193501085042953, 0.07671869546175003, 0.07859396189451218, 0.06708095222711563, 0.06412537395954132, 0.09043464809656143, 0.3261650502681732, 0.388123482465744, 0.18266360461711884, 0.16282744705677032, 0.20230333507061005, 0.17279940843582153, 0.1699712574481964, 0.15307943522930145, 0.12595590949058533, 0.18726299703121185, 0.22300755977630615, 0.15730051696300507, 0.1369979977607727, 0.14225582778453827, 0.14873597025871277, 0.30847352743148804], "rhythm.beats_position": [0.3599092960357666, 0.7314285635948181, 1.1145577430725098, 1.4976871013641357, 1.8924262523651123, 2.2755556106567383, 2.670294761657715, 3.0650339126586914, 3.4829931259155273, 3.8893423080444336, 4.29569149017334, 4.748480796813965, 5.201269626617432, 5.654058933258057, 6.118457794189453, 6.582857131958008, 7.047255992889404, 7.4884352684021, 7.941224575042725, 8.382403373718262, 8.835192680358887, 9.206711769104004, 9.578230857849121, 9.938140869140625, 10.298049926757812, 10.68117904663086, 11.064308166503906, 11.447437286376953, 11.81895637512207, 12.190476417541504, 12.561995506286621, 12.933514595031738, 13.305033683776855, 13.676552772521973, 14.04807186126709, 14.419591903686523, 14.80272102355957, 15.185850143432617, 15.568979263305664, 15.952108383178711, 16.323627471923828, 16.695146560668945, 17.066665649414062, 17.43818473815918, 17.80970573425293, 18.192834854125977, 18.575963973999023, 18.95909309387207, 19.342222213745117, 19.713741302490234, 20.08526039123535, 20.45677947998047, 20.839908599853516, 21.211427688598633, 21.59455680847168, 21.966075897216797, 22.349205017089844, 22.732336044311523, 23.10385513305664, 23.475374221801758, 23.846893310546875, 24.230022430419922, 24.61315155029297, 24.984670639038086, 25.356189727783203, 25.72770881652832, 26.110837936401367, 26.493967056274414, 26.86548614501953, 27.23700714111328, 27.6085262298584], "rhythm.bpm_histogram": [0.0, 0.0, 0.0, 0.0, 0.0, 0.0, 0.0, 0.0, 0.0, 0.0, 0.0, 0.0, 0.0, 0.0, 0.0, 0.0, 0.0, 0.0, 0.0, 0.0, 0.0, 0.0, 0.0, 0.0, 0.0, 0.0, 0.0, 0.0, 0.0, 0.0, 0.0, 0.0, 0.0, 0.0, 0.0, 0.0, 0.0, 0.0, 0.0, 0.0, 0.0, 0.0, 0.0, 0.0, 0.0, 0.0, 0.0, 0.0, 0.0, 0.0, 0.0, 0.0, 0.0, 0.0, 0.0, 0.0, 0.0, 0.0, 0.0, 0.0, 0.0, 0.0, 0.0, 0.0, 0.0, 0.0, 0.0, 0.0, 0.0, 0.0, 0.0, 0.0, 0.0, 0.0, 0.0, 0.0, 0.0, 0.0, 0.0, 0.0, 0.0, 0.0, 0.0, 0.0, 0.0, 0.0, 0.0, 0.0, 0.0, 0.0, 0.0, 0.0, 0.0, 0.0, 0.0, 0.0, 0.0, 0.0, 0.0, 0.0, 0.0, 0.0, 0.0, 0.0, 0.0, 0.0, 0.0, 0.0, 0.0, 0.0, 0.0, 0.0, 0.0, 0.0, 0.0, 0.0, 0.0, 0.0, 0.0, 0.0, 0.0, 0.0, 0.0, 0.0, 0.0, 0.0, 0.0, 0.0, 0.0, 0.04285714402794838, 0.0, 0.0, 0.0, 0.0714285746216774, 0.0, 0.0, 0.02857142873108387, 0.0, 0.0, 0.0, 0.0, 0.0, 0.0, 0.0, 0.014285714365541935, 0.0, 0.0, 0.0, 0.02857142873108387, 0.0, 0.0, 0.0, 0.04285714402794838, 0.0, 0.0, 0.0, 0.0, 0.3142857253551483, 0.0, 0.0, 0.0, 0.4285714328289032, 0.0, 0.0, 0.0, 0.0, 0.0, 0.02857142873108387, 0.0, 0.0, 0.0, 0.0, 0.0, 0.0, 0.0, 0.0, 0.0, 0.0, 0.0, 0.0, 0.0, 0.0, 0.0, 0.0, 0.0, 0.0, 0.0, 0.0, 0.0, 0.0, 0.0, 0.0, 0.0, 0.0, 0.0, 0.0, 0.0, 0.0, 0.0, 0.0, 0.0, 0.0, 0.0, 0.0, 0.0, 0.0, 0.0, 0.0, 0.0, 0.0, 0.0, 0.0, 0.0, 0.0, 0.0, 0.0, 0.0, 0.0, 0.0, 0.0, 0.0, 0.0, 0.0, 0.0, 0.0, 0.0, 0.0, 0.0, 0.0, 0.0, 0.0, 0.0, 0.0, 0.0, 0.0, 0.0, 0.0, 0.0, 0.0, 0.0, 0.0, 0.0, 0.0, 0.0, 0.0, 0.0, 0.0, 0.0, 0.0, 0.0], "tonal.chords_histogram": [37.31343460083008, 0.16583748161792755, 0.0, 0.0, 0.0, 0.0, 1.6583747863769531, 11.44278621673584, 5.472636699676514, 5.638474464416504, 0.0, 0.0, 0.0, 0.0, 2.4875621795654297, 0.0, 0.3316749632358551, 0.0, 0.0, 0.0, 0.0, 7.628523826599121, 6.4676618576049805, 21.393033981323242], "tonal.thpcp": [1.0, 0.48507317900657654, 0.14178426563739777, 0.2813800573348999, 0.23091505467891693, 0.09536979347467422, 0.11089670658111572, 0.10370052605867386, 0.27129945158958435, 0.4463633894920349, 0.24482987821102142, 0.05070407688617706, 0.05535976588726044, 0.05050104856491089, 0.048059433698654175, 0.068282350897789, 0.06518608331680298, 0.043726496398448944, 0.03451308608055115, 0.06164424121379852, 0.5457456707954407, 0.7453024983406067, 0.30747973918914795, 0.16078491508960724, 0.19955502450466156, 0.16482669115066528, 0.12019624561071396, 0.10452312231063843, 0.08713942021131516, 0.16544751822948456, 0.2225298285484314, 0.14108331501483917, 0.0987541675567627, 0.09823833405971527, 0.10973913222551346, 0.6270312070846558], "lowlevel.gfcc.cov": [[9521.9248046875, -2151.116455078125, -2483.872802734375, 548.8887939453125, -408.7445068359375, 1084.3892822265625, 1008.1083984375, 1106.8162841796875, 98.08602905273438, 1131.4752197265625, 73.40381622314453, 401.5967102050781, 98.2506103515625], [-2151.116455078125, 1726.4166259765625, 85.609375, -392.0179748535156, 273.4663391113281, -439.2089538574219, 104.32112121582031, -354.6247253417969, 162.69540405273438, -310.4147033691406, 174.2667694091797, -192.41310119628906, 74.98050689697266], [-2483.872802734375, 85.609375, 1430.6580810546875, -29.100597381591797, -9.008868217468262, -237.76304626464844, -616.5265502929688, -317.5290222167969, -136.66867065429688, -247.6006317138672, -85.71668243408203, -22.975950241088867, -73.73126983642578], [548.8887939453125, -392.0179748535156, -29.100597381591797, 491.0577697753906, 100.7652359008789, -24.594181060791016, 17.131441116333008, 59.941993713378906, 45.25537872314453, 148.8709259033203, -9.243884086608887, 90.09069061279297, 106.0723876953125], [-408.7445068359375, 273.4663391113281, -9.008868217468262, 100.7652359008789, 348.6568603515625, -93.14981842041016, 113.93184661865234, -42.65526580810547, 25.18046760559082, 22.153844833374023, 14.461732864379883, -10.609879493713379, 104.60230255126953], [1084.3892822265625, -439.2089538574219, -237.76304626464844, -24.594181060791016, -93.14981842041016, 351.3453674316406, 168.71994018554688, 163.17445373535156, -37.296077728271484, 132.37484741210938, 9.030352592468262, 38.86862564086914, -21.234966278076172], [1008.1083984375, 104.32112121582031, -616.5265502929688, 17.131441116333008, 113.93184661865234, 168.71994018554688, 647.5540771484375, 119.97215270996094, 12.241521835327148, 175.9198455810547, 71.76887512207031, 2.70358943939209, 109.73857116699219], [1106.8162841796875, -354.6247253417969, -317.5290222167969, 59.941993713378906, -42.65526580810547, 163.17445373535156, 119.97215270996094, 254.6437530517578, 38.27146911621094, 125.76762390136719, -10.728545188903809, 53.877254486083984, 0.21979954838752747], [98.08602905273438, 162.69540405273438, -136.66867065429688, 45.25537872314453, 25.18046760559082, -37.296077728271484, 12.241521835327148, 38.27146911621094, 148.08860778808594, 10.487393379211426, 39.701393127441406, -10.138187408447266, 15.375524520874023], [1131.4752197265625, -310.4147033691406, -247.6006317138672, 148.8709259033203, 22.153844833374023, 132.37484741210938, 175.9198455810547, 125.76762390136719, 10.487393379211426, 288.7666320800781, 31.287935256958008, 58.02784729003906, 53.91524887084961], [73.40381622314453, 174.2667694091797, -85.71668243408203, -9.243884086608887, 14.461732864379883, 9.030352592468262, 71.76887512207031, -10.728545188903809, 39.701393127441406, 31.287935256958008, 102.53267669677734, 10.192431449890137, 15.348966598510742], [401.5967102050781, -192.41310119628906, -22.975950241088867, 90.09069061279297, -10.609879493713379, 38.86862564086914, 2.70358943939209, 53.877254486083984, -10.138187408447266, 58.02784729003906, 10.192431449890137, 115.89457702636719, 20.98035430908203], [98.2506103515625, 74.98050689697266, -73.73126983642578, 106.0723876953125, 104.60230255126953, -21.234966278076172, 109.73857116699219, 0.21979954838752747, 15.375524520874023, 53.91524887084961, 15.348966598510742, 20.98035430908203, 128.14517211914062]], "lowlevel.gfcc.icov": [[0.0006445824983529747, -0.00043441643356345594, 0.0008085821755230427, -0.0006224935641512275, 0.0007359606097452343, -0.0008895440259948373, 0.0003835772513411939, -0.000915496435482055, 0.0006623243098147213, -0.0014390095602720976, 0.0007385684875771403, -0.0008588811033405364, 0.0002435444330330938], [-0.00043441643356345594, 0.00809324812144041, -0.0009214839083142579, 0.007043471559882164, -0.0033848187886178493, 0.0068547469563782215, -0.0029706661589443684, 0.004635948222130537, -0.007358096539974213, 0.004351183772087097, -0.00925392471253872, 0.0034373512025922537, -0.004730225540697575], [0.0008085821755230427, -0.0009214839083142579, 0.002751597436144948, -0.0012770236935466528, 0.0007157006184570491, -0.0016204551793634892, 0.0020256261341273785, 1.8146745787817053e-05, 0.002277291612699628, -0.0017541747074574232, 0.0015172298299148679, -0.001383385038934648, 0.00048161024460569024], [-0.0006224935641512275, 0.007043471559882164, -0.0012770236935466528, 0.009805076755583286, -0.003536595730111003, 0.006633507553488016, -0.0023072147741913795, 0.00422956608235836, -0.007796356454491615, 0.0025490138214081526, -0.00671024015173316, 0.0012469495413824916, -0.0060777305625379086], [0.0007359606097452343, -0.0033848187886178493, 0.0007157006184570491, -0.003536595730111003, 0.006289010867476463, -0.0022668398451060057, 0.0004956297343596816, -0.0024443238507956266, 0.002978007309138775, -0.0029505391139537096, 0.004181788302958012, -0.0013446847442537546, -0.0005706477095372975], [-0.0008895440259948373, 0.0068547469563782215, -0.0016204551793634892, 0.006633507553488016, -0.0022668398451060057, 0.01198574062436819, -0.0037708499003201723, 0.001421201042830944, -0.004407104570418596, 0.003417510539293289, -0.008933164179325104, 0.0034335185773670673, -0.00309002329595387], [0.0003835772513411939, -0.0029706661589443684, 0.0020256261341273785, -0.0023072147741913795, 0.0004956297343596816, -0.0037708499003201723, 0.005144588649272919, -0.0018428962212055922, 0.004276241175830364, -0.0026023834943771362, 0.001983504043892026, -0.000426481623435393, -0.0004984332481399179], [-0.000915496435482055, 0.004635948222130537, 1.8146745787817053e-05, 0.00422956608235836, -0.0024443238507956266, 0.001421201042830944, -0.0018428962212055922, 0.013143322430551052, -0.007942628115415573, 0.002146804938092828, -0.001251658541150391, -0.0005852745962329209, -0.0014193544629961252], [0.0006623243098147213, -0.007358096539974213, 0.002277291612699628, -0.007796356454491615, 0.002978007309138775, -0.004407104570418596, 0.004276241175830364, -0.007942628115415573, 0.018018977716565132, -0.0035081880632787943, 0.0029335585422813892, -0.0002613884280435741, 0.0037571636494249105], [-0.0014390095602720976, 0.004351183772087097, -0.0017541747074574232, 0.0025490138214081526, -0.0029505391139537096, 0.003417510539293289, -0.0026023834943771362, 0.002146804938092828, -0.0035081880632787943, 0.011228255927562714, -0.007302591577172279, 0.002830144250765443, -0.003254107665270567], [0.0007385684875771403, -0.00925392471253872, 0.0015172298299148679, -0.00671024015173316, 0.004181788302958012, -0.008933164179325104, 0.001983504043892026, -0.001251658541150391, 0.0029335585422813892, -0.007302591577172279, 0.025317613035440445, -0.007828968577086926, 0.0056552826426923275], [-0.0008588811033405364, 0.0034373512025922537, -0.001383385038934648, 0.0012469495413824916, -0.0013446847442537546, 0.0034335185773670673, -0.000426481623435393, -0.0005852745962329209, -0.0002613884280435741, 0.002830144250765443, -0.007828968577086926, 0.015017041936516762, -0.0038283278699964285], [0.0002435444330330938, -0.004730225540697575, 0.00048161024460569024, -0.0060777305625379086, -0.0005706477095372975, -0.00309002329595387, -0.0004984332481399179, -0.0014193544629961252, 0.0037571636494249105, -0.003254107665270567, 0.0056552826426923275, -0.0038283278699964285, 0.016943391412496567]], "lowlevel.mfcc.cov": [[12105.25390625, -2923.150390625, -2121.514404296875, -230.90370178222656, -1138.383056640625, 348.05914306640625, 1010.2875366210938, 207.07461547851562, 1020.3856811523438, 858.230712890625, 420.0180358886719, 985.2335815429688, 591.8106079101562], [-2923.150390625, 2033.621337890625, -26.204214096069336, -20.439579010009766, 64.09689331054688, -91.93095397949219, -191.5218505859375, -8.248348236083984, -282.5533142089844, -122.10469818115234, 2.3604886531829834, -234.54771423339844, -121.46869659423828], [-2121.514404296875, -26.204214096069336, 1111.8096923828125, -68.88260650634766, 360.8227233886719, -118.12035369873047, -337.9959411621094, -94.7721176147461, -307.8410339355469, -231.7167510986328, -109.24524688720703, -188.6276092529297, -117.89253234863281], [-230.90370178222656, -20.439579010009766, -68.88260650634766, 586.265869140625, 106.20659637451172, 76.48294830322266, 5.864600658416748, -110.50370025634766, 140.35047912597656, -66.5887680053711, -48.10221481323242, 53.8361930847168, 97.60808563232422], [-1138.383056640625, 64.09689331054688, 360.8227233886719, 106.20659637451172, 444.924560546875, -86.23365020751953, -244.83065795898438, -42.37826919555664, -111.0876693725586, -107.36869812011719, -64.40496826171875, -94.12782287597656, -4.337231636047363], [348.05914306640625, -91.93095397949219, -118.12035369873047, 76.48294830322266, -86.23365020751953, 197.0829620361328, 184.2071075439453, -42.44416809082031, 103.43270874023438, 34.14508819580078, 11.668563842773438, 74.16314697265625, 21.40300178527832], [1010.2875366210938, -191.5218505859375, -337.9959411621094, 5.864600658416748, -244.83065795898438, 184.2071075439453, 423.0247802734375, 1.7710579633712769, 214.84109497070312, 101.44406127929688, 21.198108673095703, 147.15696716308594, 40.49695587158203], [207.07461547851562, -8.248348236083984, -94.7721176147461, -110.50370025634766, -42.37826919555664, -42.44416809082031, 1.7710579633712769, 190.4181671142578, -5.454715728759766, 20.211700439453125, 24.77783966064453, 3.1242849826812744, 5.330188274383545], [1020.3856811523438, -282.5533142089844, -307.8410339355469, 140.35047912597656, -111.0876693725586, 103.43270874023438, 214.84109497070312, -5.454715728759766, 288.3848876953125, 102.4180908203125, 6.151206970214844, 129.83619689941406, 80.88651275634766], [858.230712890625, -122.10469818115234, -231.7167510986328, -66.5887680053711, -107.36869812011719, 34.14508819580078, 101.44406127929688, 20.211700439453125, 102.4180908203125, 183.1051483154297, 66.56401824951172, 72.51390838623047, 33.34531021118164], [420.0180358886719, 2.3604886531829834, -109.24524688720703, -48.10221481323242, -64.40496826171875, 11.668563842773438, 21.198108673095703, 24.77783966064453, 6.151206970214844, 66.56401824951172, 116.43818664550781, 51.10289764404297, 15.979608535766602], [985.2335815429688, -234.54771423339844, -188.6276092529297, 53.8361930847168, -94.12782287597656, 74.16314697265625, 147.15696716308594, 3.1242849826812744, 129.83619689941406, 72.51390838623047, 51.10289764404297, 205.80296325683594, 105.48636627197266], [591.8106079101562, -121.46869659423828, -117.89253234863281, 97.60808563232422, -4.337231636047363, 21.40300178527832, 40.49695587158203, 5.330188274383545, 80.88651275634766, 33.34531021118164, 15.979608535766602, 105.48636627197266, 153.45436096191406]], "lowlevel.mfcc.icov": [[0.00044809276005253196, 0.0005330757703632116, 0.0005531298811547458, 0.0003242772654630244, 0.0004248041077516973, 0.00010740404832176864, 0.00020148615294601768, 0.00021606676455121487, -0.00012062057066941634, -0.0003298756782896817, -0.00032723447657190263, -0.0005101857823319733, -0.0006310715107247233], [0.0005330757703632116, 0.0013305492466315627, 0.001031067338772118, 0.0002293282450409606, 0.0004636885423678905, 0.00014121446292847395, 0.0001167017180705443, 0.00039374278276227415, 0.0006903035100549459, -0.00013214652426540852, -0.0006385039887391031, 5.769272684119642e-05, -0.0007157670333981514], [0.0005531298811547458, 0.001031067338772118, 0.0028196044731885195, 0.0008273061830550432, -0.0003851033980026841, -0.00018908701895270497, 0.000712031323928386, 0.0011255410499870777, 0.0011313626309856772, 0.0008687436929903924, 0.0001859433250501752, -0.000694822461809963, -0.00021545428899116814], [0.0003242772654630244, 0.0002293282450409606, 0.0008273061830550432, 0.003584842663258314, -0.00031647036666981876, -0.0010653017088770866, 0.001304528908804059, 0.0016243701102212071, -0.00252733682282269, 0.0020474661141633987, -0.00021357712103053927, -0.000315315235638991, -0.0018485113978385925], [0.0004248041077516973, 0.0004636885423678905, -0.0003851033980026841, -0.00031647036666981876, 0.004649300128221512, -2.9543349228333682e-05, 0.002065246691927314, 0.0001810712565202266, -0.0004699761338997632, -0.0003711454919539392, 0.0006051980890333652, -9.820835839491338e-05, -0.0014487376902252436], [0.00010740404832176864, 0.00014121446292847395, -0.00018908701895270497, -0.0010653017088770866, -2.9543349228333682e-05, 0.010048110969364643, -0.00449503306299448, 0.0016216672956943512, -1.2992279152967967e-05, 4.6106360969133675e-05, -0.0013796116691082716, -0.0006307907751761377, 0.0005316424649208784], [0.00020148615294601768, 0.0001167017180705443, 0.000712031323928386, 0.001304528908804059, 0.002065246691927314, -0.00449503306299448, 0.007913032546639442, -2.9790360713377595e-05, -0.0031496083829551935, 0.00017336565360892564, 0.0017009032890200615, -0.0025264909490942955, 0.0008127809269353747], [0.00021606676455121487, 0.00039374278276227415, 0.0011255410499870777, 0.0016243701102212071, 0.0001810712565202266, 0.0016216672956943512, -2.9790360713377595e-05, 0.006985898595303297, -0.0004722696030512452, 0.0011239792220294476, -0.0011599865974858403, 0.00022812462702859193, -0.0011773010483011603], [-0.00012062057066941634, 0.0006903035100549459, 0.0011313626309856772, -0.00252733682282269, -0.0004699761338997632, -1.2992279152967967e-05, -0.0031496083829551935, -0.0004722696030512452, 0.010965017601847649, -0.003629191778600216, 0.0028793225064873695, -0.0011537069221958518, -0.0001733841054374352], [-0.0003298756782896817, -0.00013214652426540852, 0.0008687436929903924, 0.0020474661141633987, -0.0003711454919539392, 4.6106360969133675e-05, 0.00017336565360892564, 0.0011239792220294476, -0.003629191778600216, 0.011700986884534359, -0.00442245090380311, 0.000760504393838346, -0.00026093199267052114], [-0.00032723447657190263, -0.0006385039887391031, 0.0001859433250501752, -0.00021357712103053927, 0.0006051980890333652, -0.0013796116691082716, 0.0017009032890200615, -0.0011599865974858403, 0.0028793225064873695, -0.00442245090380311, 0.014159290120005608, -0.003892724635079503, 0.001480988459661603], [-0.0005101857823319733, 5.769272684119642e-05, -0.000694822461809963, -0.000315315235638991, -9.820835839491338e-05, -0.0006307907751761377, -0.0025264909490942955, 0.00022812462702859193, -0.0011537069221958518, 0.000760504393838346, -0.003892724635079503, 0.013197564519941807, -0.005799904465675354], [-0.0006310715107247233, -0.0007157670333981514, -0.00021545428899116814, -0.0018485113978385925, -0.0014487376902252436, 0.0005316424649208784, 0.0008127809269353747, -0.0011773010483011603, -0.0001733841054374352, -0.00026093199267052114, 0.001480988459661603, -0.005799904465675354, 0.013086165301501751]], "metadata.audio_properties.analysis.downmix": "mix", "metadata.audio_properties.codec": "mp3", "metadata.audio_properties.md5_encoded": "e7c0535b5c58b396d17cf13d003245de", "metadata.tags.file_name": "1183684933487710218.mp3", "metadata.version.essentia": "2.1-beta6-dev", "metadata.version.essentia_git_sha": "v2.1_beta5-1110-g77a6a954", 