{"song_id": "1183667017048404069", "download": "https://cdn.discordapp.com/attachments/1135903449314238464/1183667017048404069/chirp.mp4?ex=65892ad0&amp", "lyrics": "(Chorus)\n\uaca8\uc6b8\ube44\uc758 \ub178\ub798\uac00 \ub4e4\ub824\uc640\n\ub0b4 \ub9c8\uc74c\uc744 \uc801\uc2dc\ub124\n\uc774\ubcc4\uc758 \uc544\ud514\ub3c4 \uc124\ub818\ub3c4\n\ubaa8\ub450 \ub2e4 \ud568\uaed8 \ub370\ub824\uac00", "style": ["POP</span><span>, Acoustic</span><span>, Classic</span><span>, Symphony</span><span>,"], "essentia_features": {"lowlevel.average_loudness": 0.973668098449707, "lowlevel.barkbands_crest.mean": 13.027359008789062, "lowlevel.barkbands_crest.stdev": 4.739308834075928, "lowlevel.barkbands_flatness_db.mean": 0.2667016386985779, "lowlevel.barkbands_flatness_db.stdev": 0.07731660455465317, "lowlevel.barkbands_kurtosis.mean": 22.267309188842773, "lowlevel.barkbands_kurtosis.stdev": 28.437856674194336, "lowlevel.barkbands_skewness.mean": 3.1217358112335205, "lowlevel.barkbands_skewness.stdev": 1.9344817399978638, "lowlevel.barkbands_spread.mean": 7.334580421447754, "lowlevel.barkbands_spread.stdev": 10.599051475524902, "lowlevel.dissonance.mean": 0.41035351157188416, "lowlevel.dissonance.stdev": 0.055112265050411224, "lowlevel.dynamic_complexity": 1.9082704782485962, "lowlevel.erbbands_crest.mean": 10.33085823059082, "lowlevel.erbbands_crest.stdev": 3.444002151489258, "lowlevel.erbbands_flatness_db.mean": 0.19130054116249084, "lowlevel.erbbands_flatness_db.stdev": 0.05139511451125145, "lowlevel.erbbands_kurtosis.mean": 4.704838752746582, "lowlevel.erbbands_kurtosis.stdev": 4.9502763748168945, "lowlevel.erbbands_skewness.mean": 1.5673410892486572, "lowlevel.erbbands_skewness.stdev": 0.9161131978034973, "lowlevel.erbbands_spread.mean": 30.564197540283203, "lowlevel.erbbands_spread.stdev": 22.863882064819336, "lowlevel.hfc.mean": 14.00643539428711, "lowlevel.hfc.stdev": 11.164112091064453, "lowlevel.loudness_ebu128.integrated": -11.3358736038208, "lowlevel.loudness_ebu128.loudness_range": 1.3345603942871094, "lowlevel.loudness_ebu128.momentary.mean": -11.634920120239258, "lowlevel.loudness_ebu128.momentary.stdev": 1.6827365159988403, "lowlevel.loudness_ebu128.short_term.mean": -11.443989753723145, "lowlevel.loudness_ebu128.short_term.stdev": 0.4464186131954193, "lowlevel.melbands_crest.mean": 16.914457321166992, "lowlevel.melbands_crest.stdev": 4.372681140899658, "lowlevel.melbands_flatness_db.mean": 0.3610587418079376, "lowlevel.melbands_flatness_db.stdev": 0.09612629562616348, "lowlevel.melbands_kurtosis.mean": 39.20679473876953, "lowlevel.melbands_kurtosis.stdev": 58.34199523925781, "lowlevel.melbands_skewness.mean": 3.7406160831451416, "lowlevel.melbands_skewness.stdev": 2.2781572341918945, "lowlevel.melbands_spread.mean": 6.38259220123291, "lowlevel.melbands_spread.stdev": 11.49067211151123, "lowlevel.pitch_salience.mean": 0.5121936798095703, "lowlevel.pitch_salience.stdev": 0.12337987869977951, "lowlevel.silence_rate_20dB.mean": 1.0, "lowlevel.silence_rate_20dB.stdev": 0.0, "lowlevel.silence_rate_30dB.mean": 0.8333333134651184, "lowlevel.silence_rate_30dB.stdev": 0.3726787567138672, "lowlevel.silence_rate_60dB.mean": 0.006493506487458944, "lowlevel.silence_rate_60dB.stdev": 0.08032020181417465, "lowlevel.spectral_centroid.mean": 457.9927062988281, "lowlevel.spectral_centroid.stdev": 498.2293701171875, "lowlevel.spectral_complexity.mean": 10.255411148071289, "lowlevel.spectral_complexity.stdev": 6.556093215942383, "lowlevel.spectral_decrease.mean": -1.5403939457314664e-08, "lowlevel.spectral_decrease.stdev": 1.315760833620061e-08, "lowlevel.spectral_energy.mean": 0.05940843001008034, "lowlevel.spectral_energy.stdev": 0.05008284002542496, "lowlevel.spectral_energyband_high.mean": 0.00036195555003359914, "lowlevel.spectral_energyband_high.stdev": 0.000833747151773423, "lowlevel.spectral_energyband_low.mean": 0.03409406915307045, "lowlevel.spectral_energyband_low.stdev": 0.04826715216040611, "lowlevel.spectral_energyband_middle_high.mean": 0.001225337735377252, "lowlevel.spectral_energyband_middle_high.stdev": 0.0026411646977066994, "lowlevel.spectral_energyband_middle_low.mean": 0.025298837572336197, "lowlevel.spectral_energyband_middle_low.stdev": 0.017783604562282562, "lowlevel.spectral_entropy.mean": 6.495150089263916, "lowlevel.spectral_entropy.stdev": 0.7362237572669983, "lowlevel.spectral_flux.mean": 0.09050794690847397, "lowlevel.spectral_flux.stdev": 0.08981911092996597, "lowlevel.spectral_kurtosis.mean": 13.248573303222656, "lowlevel.spectral_kurtosis.stdev": 14.269986152648926, "lowlevel.spectral_rms.mean": 0.007070436608046293, "lowlevel.spectral_rms.stdev": 0.002822829643264413, "lowlevel.spectral_rolloff.mean": 486.9673156738281, "lowlevel.spectral_rolloff.stdev": 1037.27392578125, "lowlevel.spectral_skewness.mean": 2.9199512004852295, "lowlevel.spectral_skewness.stdev": 1.3287769556045532, "lowlevel.spectral_spread.mean": 4593141.0, "lowlevel.spectral_spread.stdev": 2013579.625, "lowlevel.spectral_strongpeak.mean": 0.7383400797843933, "lowlevel.spectral_strongpeak.stdev": 0.45330411195755005, "lowlevel.zerocrossingrate.mean": 0.0256231389939785, "lowlevel.zerocrossingrate.stdev": 0.034383174031972885, "metadata.audio_properties.analysis.equal_loudness": 0.0, "metadata.audio_properties.analysis.length": 10.687981605529785, "metadata.audio_properties.analysis.sample_rate": 44100.0, "metadata.audio_properties.analysis.start_time": 0.0, "metadata.audio_properties.bit_rate": 118658.0, "metadata.audio_properties.length": 10.687999725341797, "metadata.audio_properties.lossless": 0.0, "metadata.audio_properties.number_channels": 1.0, "metadata.audio_properties.replay_gain": -13.63294792175293, "metadata.audio_properties.sample_rate": 48000.0, "rhythm.beats_count": 24.0, "rhythm.beats_loudness.mean": 0.08464058488607407, "rhythm.beats_loudness.stdev": 0.05772566422820091, "rhythm.bpm": 138.17115783691406, "rhythm.bpm_histogram_first_peak_bpm": 140.0, "rhythm.bpm_histogram_first_peak_weight": 0.40909093618392944, "rhythm.bpm_histogram_second_peak_bpm": 126.0, "rhythm.bpm_histogram_second_peak_spread": 0.0, "rhythm.bpm_histogram_second_peak_weight": 0.043478261679410934, "rhythm.danceability": 1.5075572729110718, "rhythm.onset_rate": 3.8302009105682373, "tonal.chords_changes_rate": 0.047413792461156845, "tonal.chords_number_rate": 0.021551724523305893, "tonal.chords_strength.mean": 0.469873309135437, "tonal.chords_strength.stdev": 0.09449644386768341, "tonal.hpcp_crest.mean": 14.285768508911133, "tonal.hpcp_crest.stdev": 5.433684349060059, "tonal.hpcp_entropy.mean": 1.7566688060760498, "tonal.hpcp_entropy.stdev": 0.5711000561714172, "tonal.key_edma.strength": 0.7325759530067444, "tonal.key_krumhansl.strength": 0.7397154569625854, "tonal.key_temperley.strength": 0.7496832013130188, "tonal.tuning_diatonic_strength": 0.63157057762146, "tonal.tuning_equal_tempered_deviation": 0.045251522213220596, "tonal.tuning_frequency": 440.0, "tonal.tuning_nontempered_energy_ratio": 0.6096416711807251, "lowlevel.barkbands.mean": [0.00023664976470172405, 0.02315744385123253, 0.009176662191748619, 0.005203195847570896, 0.01451804954558611, 0.0024108788929879665, 0.001616250490769744, 0.000893729564268142, 0.0005524426815100014, 0.0002905958390329033, 0.00017405256221536547, 0.00011931225890293717, 8.312682621181011e-05, 0.00016319572750944644, 9.580574260326102e-05, 8.43642555992119e-05, 8.93291799002327e-05, 6.406183820217848e-05, 8.175527182174847e-05, 6.623336958000436e-05, 4.439296753844246e-05, 6.191461579874158e-05, 7.489709241781384e-05, 6.410443165805191e-05, 6.617177132284269e-05, 1.9522274669725448e-05, 3.575745495254523e-07], "lowlevel.barkbands.stdev": [0.0005647374200634658, 0.040334638208150864, 0.01719679869711399, 0.008133191615343094, 0.012670331634581089, 0.0027663777582347393, 0.0018277254421263933, 0.001187725574709475, 0.0014319646870717406, 0.0006103501655161381, 0.0005464917630888522, 0.0005498629179783165, 0.00022818325669504702, 0.00044463921221904457, 0.0003009178035426885, 0.0002715075097512454, 0.00020978522661607713, 0.00021459950949065387, 0.0003859161806758493, 0.00025818657013587654, 0.00015099011943675578, 0.00015205144882202148, 0.00017514752107672393, 0.00015102456382010132, 0.00014656480925623327, 4.3651467422023416e-05, 1.644735334593861e-06], "lowlevel.erbbands.mean": [0.5036283731460571, 5.732735633850098, 12.156465530395508, 12.24931526184082, 41.99223327636719, 47.97573471069336, 21.40069007873535, 21.820085525512695, 23.62835121154785, 24.289030075073242, 14.080281257629395, 15.672557830810547, 7.4187116622924805, 8.827712059020996, 7.329285621643066, 4.740023612976074, 4.150675296783447, 8.79241943359375, 5.608835697174072, 4.289892673492432, 5.222191333770752, 4.733236789703369, 3.7999701499938965, 3.8828139305114746, 3.8202736377716064, 3.1236164569854736, 2.1345601081848145, 1.6598566770553589, 2.022474527359009, 2.7635624408721924, 1.8808985948562622, 1.040326714515686, 1.27322256565094, 0.9139870405197144, 0.37939244508743286, 0.12607455253601074, 0.028133487328886986, 0.0031429054215550423, 9.974536078516394e-05, 6.917963037267327e-05], "lowlevel.erbbands.stdev": [0.9868858456611633, 9.976302146911621, 19.431570053100586, 22.765186309814453, 38.45153045654297, 47.15964889526367, 16.851774215698242, 27.900638580322266, 27.107608795166016, 26.564451217651367, 18.402416229248047, 38.52873992919922, 13.47435474395752, 21.77985954284668, 22.797618865966797, 20.243446350097656, 10.327853202819824, 23.59857749938965, 16.9825439453125, 11.09306812286377, 16.046842575073242, 11.309496879577637, 10.901748657226562, 16.47941017150879, 16.71185302734375, 12.12515640258789, 7.6792168617248535, 5.403984546661377, 5.234757900238037, 6.575716018676758, 4.335325717926025, 2.3326191902160645, 3.264443874359131, 2.2107064723968506, 0.8259007930755615, 0.27538493275642395, 0.06434504687786102, 0.009247956797480583, 0.00021104561164975166, 5.587885243585333e-05], "lowlevel.gfcc.mean": [-46.054561614990234, 131.93441772460938, -50.430259704589844, 30.21925926208496, -61.21040344238281, 16.160871505737305, -54.36445999145508, 5.572693824768066, -19.463703155517578, -4.957810878753662, -18.85791778564453, -3.2578094005584717, -8.759049415588379], "lowlevel.melbands.mean": [0.0056372438557446, 0.006681131664663553, 0.0031024652998894453, 0.0035948040895164013, 0.0009274917538277805, 0.0004611022595781833, 0.0003687623830046505, 0.00025839978479780257, 0.00011026048014173284, 8.816914487397298e-05, 3.399809429538436e-05, 3.602310243877582e-05, 2.401130404905416e-05, 1.7229762306669727e-05, 7.145623385440558e-06, 9.673859494796488e-06, 1.7925098291016184e-05, 8.9116647359333e-06, 6.2853318922861945e-06, 5.719882665289333e-06, 6.263832347030984e-06, 4.9367490646545775e-06, 4.202997388347285e-06, 2.8883348477393156e-06, 3.171935532009229e-06, 3.0836440600978676e-06, 2.500882828826434e-06, 1.9532144506229088e-06, 1.4419797480513807e-06, 9.664148592491983e-07, 9.693947049527196e-07, 1.0871584663618705e-06, 1.3174532114135218e-06, 1.657208485994488e-06, 1.1914697779502603e-06, 7.214709967229282e-07, 5.895685717405286e-07, 8.333039431818179e-07, 9.570007932779845e-07, 7.252798468471156e-07], "lowlevel.melbands.stdev": [0.010198301635682583, 0.00994289480149746, 0.003861913690343499, 0.0033185952343046665, 0.000663360464386642, 0.0005788502749055624, 0.00041463179513812065, 0.0002980820136144757, 0.0001702470617601648, 0.000211514241527766, 6.613280856981874e-05, 9.158880129689351e-05, 7.637619273737073e-05, 7.6224074291531e-05, 1.9623994376161136e-05, 2.8735184969264083e-05, 4.885411908617243e-05, 2.777802546916064e-05, 1.9742099539143965e-05, 1.619065551494714e-05, 1.9785693439189345e-05, 1.2036170119245071e-05, 9.939591109286994e-06, 1.0648248462530319e-05, 1.4228264262783341e-05, 1.5210069250315428e-05, 1.004016121441964e-05, 7.66339053370757e-06, 5.509418315341463e-06, 3.333846507302951e-06, 3.206549990864005e-06, 3.081264594584354e-06, 3.0480202894977992e-06, 4.104060735699022e-06, 2.7854325708176475e-06, 1.722686306493415e-06, 1.338099650638469e-06, 2.082280843751505e-06, 2.575680809968617e-06, 1.723521904750669e-06], "lowlevel.melbands128.mean": [0.0001948843419086188, 0.0029172191862016916, 0.008457974530756474, 0.009889992885291576, 0.007511868607252836, 0.003801408689469099, 0.0018578674644231796, 0.003200795967131853, 0.004385186359286308, 0.004601168446242809, 0.002471668878570199, 0.001059825299307704, 0.0007028580876067281, 0.00037611849256791174, 0.0005880261305719614, 0.00043501457548700273, 0.00028485001530498266, 0.00043834865209646523, 0.0003792762290686369, 0.00023112418421078473, 0.00026344694197177887, 0.00010411914990982041, 8.328720286954194e-05, 0.00010609727905830368, 0.00014863336400594562, 5.3961080993758515e-05, 2.280897206219379e-05, 4.3468848161865026e-05, 2.1872705474379472e-05, 5.3533349273493513e-05, 2.9884356990805827e-05, 2.5569621357135475e-05, 2.317175858479459e-05, 2.7049993150285445e-05, 1.7113670764956623e-05, 1.7898822989081964e-05, 1.0354587175243068e-05, 4.468014140002197e-06, 6.4581495280435774e-06, 1.0231266969640274e-05, 1.1225611160625704e-05, 6.608895091630984e-06, 2.104304076055996e-05, 2.5238763555535115e-05, 6.006268904457102e-06, 7.173893209255766e-06, 1.0327998097636737e-05, 4.886679107585223e-06, 6.201323230925482e-06, 4.890925538347801e-06, 5.728751602873672e-06, 6.3514635257888585e-06, 5.8604596233635675e-06, 6.990100700932089e-06, 5.610725111182546e-06, 3.9912015381560195e-06, 5.144351689523319e-06, 4.869378244620748e-06, 3.6708777315652696e-06, 3.322959855722729e-06, 2.7435485208116006e-06, 2.7655009944282938e-06, 2.5647273105278146e-06, 3.446982873356319e-06, 3.907938662450761e-06, 3.0533180961356265e-06, 2.7021169444196858e-06, 2.419831389488536e-06, 2.506760210962966e-06, 2.6173684091190808e-06, 1.7787864408091991e-06, 1.791093040992564e-06, 1.650047920520592e-06, 1.3888293324271217e-06, 1.2008656540274387e-06, 1.0030083785750321e-06, 8.387555681110825e-07, 8.529900696885306e-07, 1.046675834004418e-06, 9.770723181645735e-07, 1.1064695399909397e-06, 1.137733079303871e-06, 1.0614644452289212e-06, 1.311657342739636e-06, 1.5507777106904541e-06, 1.5839386833249591e-06, 1.8227812006443855e-06, 1.5714861092419596e-06, 1.1663886425594683e-06, 9.02532292457181e-07, 8.103270374704152e-07, 6.730887207595515e-07, 5.762132104791817e-07, 5.149303206053446e-07, 6.637595220126968e-07, 6.690385134788812e-07, 8.377650146940141e-07, 1.1170163816132117e-06, 1.021254092847812e-06, 8.329202501045074e-07, 8.465504492960463e-07, 6.846639735158533e-07, 6.344932330648589e-07, 4.6643108930766175e-07, 4.1309402831757325e-07, 3.730334583451622e-07, 3.0583166221731517e-07, 2.554878903993085e-07, 2.197987356566955e-07, 1.595241485574661e-07, 1.2675464233780076e-07, 9.596026728786455e-08, 8.259799244569876e-08, 6.729118950943302e-08, 4.68477594495198e-08, 3.3071671623474685e-08, 1.4020157479421869e-08, 1.998693655025363e-09, 2.396861320530519e-10, 2.4680453861170015e-11, 2.0196061836785795e-11, 1.1871163774213045e-11, 8.624527307599106e-12, 8.475244811512184e-12, 8.312408920907455e-12, 8.107488638775528e-12, 7.986320806063762e-12, 7.936040713474313e-12], "lowlevel.melbands128.stdev": [0.0004908394766971469, 0.006716232746839523, 0.01698935404419899, 0.0178278386592865, 0.01188182458281517, 0.007847635075449944, 0.005065442528575659, 0.004243819508701563, 0.004829210229218006, 0.0059847645461559296, 0.0026404669042676687, 0.0009794787038117647, 0.0007505499524995685, 0.0005070492625236511, 0.000912537332624197, 0.0007257983670569956, 0.0005093221552670002, 0.0006693071336485445, 0.00046493677655234933, 0.0003333383647259325, 0.00045363398385234177, 0.0001757390273269266, 0.00018822465790435672, 0.0003950958198402077, 0.00045032970956526697, 0.00010455788287799805, 5.233518822933547e-05, 0.00010537018533796072, 7.014204311417416e-05, 0.00015772960614413023, 8.672571857459843e-05, 8.742128557059914e-05, 9.195924212690443e-05, 8.566645556129515e-05, 8.411609451286495e-05, 0.00010439551260787994, 4.197537782602012e-05, 1.430441170668928e-05, 1.9407410945859738e-05, 2.763731208688114e-05, 4.317363345762715e-05, 4.1838164179353043e-05, 6.291376485023648e-05, 7.220809493446723e-05, 3.0665167287224904e-05, 2.5811617888393812e-05, 4.242593058734201e-05, 2.1025394744356163e-05, 1.835608054534532e-05, 1.3849034075974487e-05, 2.081196362269111e-05, 2.1354095224523917e-05, 2.507893441361375e-05, 2.1923060558037832e-05, 1.571616121509578e-05, 1.0987781024596188e-05, 1.75113291334128e-05, 1.1675897439999972e-05, 1.1091222404502332e-05, 9.621980098017957e-06, 1.2455568139557727e-05, 1.3365423001232557e-05, 9.548272828396875e-06, 1.766946843417827e-05, 2.65130238403799e-05, 1.593294473423157e-05, 1.3803190995531622e-05, 1.017333852360025e-05, 1.0638588719302788e-05, 1.1516750419104937e-05, 6.816528184572235e-06, 7.255529908434255e-06, 7.615027698193444e-06, 5.612570930679794e-06, 4.624112534656888e-06, 3.697326746987528e-06, 2.915596951424959e-06, 3.1050901725393487e-06, 3.5272548757347977e-06, 3.4894824239017908e-06, 3.5131597542203963e-06, 3.669950956464163e-06, 2.7411988412495703e-06, 3.1045549349073553e-06, 4.103291303181322e-06, 4.063852884428343e-06, 5.107707693241537e-06, 4.105845164303901e-06, 2.746175823631347e-06, 2.376618112975848e-06, 2.06805816560518e-06, 1.6905822803892079e-06, 1.5710919569755788e-06, 1.251901380783238e-06, 1.5318826172006084e-06, 1.656489757806412e-06, 2.2820649974164553e-06, 3.514291847750428e-06, 2.996078819705872e-06, 2.033799091805122e-06, 2.087812390527688e-06, 1.7549817812323454e-06, 1.5260336567735067e-06, 1.0800578138514538e-06, 1.0268123560308595e-06, 9.244917578143941e-07, 7.364059797509981e-07, 5.386098109738668e-07, 5.387921078181535e-07, 4.197068506073265e-07, 3.282995635345287e-07, 2.2673827970720595e-07, 1.9919690430469927e-07, 2.001569612275489e-07, 1.3667374787473818e-07, 1.3226734552063135e-07, 6.327146451212684e-08, 1.3673964183169574e-08, 2.371925988953194e-09, 1.7973780797042593e-10, 1.2160532303351346e-10, 4.5360319667064886e-11, 1.484149261821166e-11, 1.457394101234133e-11, 1.423583907006476e-11, 1.3915556207333424e-11, 1.3758409342368161e-11, 1.3681563694467602e-11], "lowlevel.mfcc.mean": [-708.9692993164062, 164.33811950683594, 61.80283737182617, 21.180152893066406, 22.73335075378418, 4.097037315368652, -10.626160621643066, 2.047328233718872, 0.9435635805130005, -5.202674388885498, -1.159440517425537, -4.615326881408691, 1.9695838689804077], "lowlevel.spectral_contrast_coeffs.mean": [-0.6340523362159729, -0.7041272521018982, -0.773212730884552, -0.8021594882011414, -0.8137997984886169, -0.8107261061668396], "lowlevel.spectral_contrast_coeffs.stdev": [0.0774596706032753, 0.061722539365291595, 0.05764332786202431, 0.0489393025636673, 0.03871684893965721, 0.037743788212537766], "lowlevel.spectral_contrast_valleys.mean": [-6.135702133178711, -6.877554416656494, -8.239163398742676, -8.666808128356934, -8.989320755004883, -10.720100402832031], "lowlevel.spectral_contrast_valleys.stdev": [0.9034386277198792, 0.9055010676383972, 0.921308159828186, 0.9320403337478638, 1.181604027748108, 1.1910592317581177], "rhythm.beats_loudness_band_ratio.mean": [0.6744160056114197, 0.2537797689437866, 0.06143263354897499, 0.024086566641926765, 0.024671899154782295, 0.02277989126741886], "rhythm.beats_loudness_band_ratio.stdev": [0.24682940542697906, 0.19469556212425232, 0.06100473552942276, 0.039332132786512375, 0.04550889879465103, 0.037022825330495834], "tonal.hpcp.mean": [0.2623480558395386, 0.13644380867481232, 0.13799187541007996, 0.2654145359992981, 0.17046865820884705, 0.03437367454171181, 0.03273224085569382, 0.02022070810198784, 0.07144706696271896, 0.12315394729375839, 0.06595338881015778, 0.020340854302048683, 0.02477446384727955, 0.023564117029309273, 0.07650016993284225, 0.14400692284107208, 0.08266152441501617, 0.006131400354206562, 0.011423252522945404, 0.02301049791276455, 0.0244719460606575, 0.035162050276994705, 0.04516981542110443, 0.22274672985076904, 0.32980865240097046, 0.15434768795967102, 0.03396126255393028, 0.01566699519753456, 0.027519600465893745, 0.23447009921073914, 0.31332772970199585, 0.10613473504781723, 0.0144206453114748, 0.014876422472298145, 0.032792314887046814, 0.17770761251449585], "tonal.hpcp.stdev": [0.3899024426937103, 0.23700232803821564, 0.208664208650589, 0.35269924998283386, 0.24813924729824066, 0.14132100343704224, 0.1513536125421524, 0.11755211651325226, 0.12746722996234894, 0.20451219379901886, 0.12688149511814117, 0.10483089834451675, 0.14016519486904144, 0.12904348969459534, 0.13172724843025208, 0.25112634897232056, 0.18307334184646606, 0.02920125238597393, 0.08819212019443512, 0.13445572555065155, 0.11389237642288208, 0.13736456632614136, 0.15296226739883423, 0.3101491332054138, 0.4161462187767029, 0.24571844935417175, 0.1494416743516922, 0.08179374039173126, 0.09517760574817657, 0.32116761803627014, 0.4124913513660431, 0.17934584617614746, 0.0774780735373497, 0.07866952568292618, 0.12128747254610062, 0.2871158719062805], "rhythm.beats_position": [0.4527890980243683, 0.9287981986999512, 1.369977355003357, 1.8111563920974731, 2.252335548400879, 2.6819047927856445, 3.111473798751831, 3.5526530742645264, 3.982222080230713, 4.4117913246154785, 4.852970600128174, 5.282539367675781, 5.712108612060547, 6.153287887573242, 6.582857131958008, 7.012426376342773, 7.4536051750183105, 7.883174419403076, 8.312743186950684, 8.753922462463379, 9.183491706848145, 9.61306095123291, 10.054240226745605, 10.483809471130371], "rhythm.bpm_histogram": [0.0, 0.0, 0.0, 0.0, 0.0, 0.0, 0.0, 0.0, 0.0, 0.0, 0.0, 0.0, 0.0, 0.0, 0.0, 0.0, 0.0, 0.0, 0.0, 0.0, 0.0, 0.0, 0.0, 0.0, 0.0, 0.0, 0.0, 0.0, 0.0, 0.0, 0.0, 0.0, 0.0, 0.0, 0.0, 0.0, 0.0, 0.0, 0.0, 0.0, 0.0, 0.0, 0.0, 0.0, 0.0, 0.0, 0.0, 0.0, 0.0, 0.0, 0.0, 0.0, 0.0, 0.0, 0.0, 0.0, 0.0, 0.0, 0.0, 0.0, 0.0, 0.0, 0.0, 0.0, 0.0, 0.0, 0.0, 0.0, 0.0, 0.0, 0.0, 0.0, 0.0, 0.0, 0.0, 0.0, 0.0, 0.0, 0.0, 0.0, 0.0, 0.0, 0.0, 0.0, 0.0, 0.0, 0.0, 0.0, 0.0, 0.0, 0.0, 0.0, 0.0, 0.0, 0.0, 0.0, 0.0, 0.0, 0.0, 0.0, 0.0, 0.0, 0.0, 0.0, 0.0, 0.0, 0.0, 0.0, 0.0, 0.0, 0.0, 0.0, 0.0, 0.0, 0.0, 0.0, 0.0, 0.0, 0.0, 0.0, 0.0, 0.0, 0.0, 0.0, 0.0, 0.0, 0.043478261679410934, 0.0, 0.0, 0.0, 0.0, 0.0, 0.0, 0.0, 0.0, 0.0, 0.3913043439388275, 0.0, 0.0, 0.0, 0.5652173757553101, 0.0, 0.0, 0.0, 0.0, 0.0, 0.0, 0.0, 0.0, 0.0, 0.0, 0.0, 0.0, 0.0, 0.0, 0.0, 0.0, 0.0, 0.0, 0.0, 0.0, 0.0, 0.0, 0.0, 0.0, 0.0, 0.0, 0.0, 0.0, 0.0, 0.0, 0.0, 0.0, 0.0, 0.0, 0.0, 0.0, 0.0, 0.0, 0.0, 0.0, 0.0, 0.0, 0.0, 0.0, 0.0, 0.0, 0.0, 0.0, 0.0, 0.0, 0.0, 0.0, 0.0, 0.0, 0.0, 0.0, 0.0, 0.0, 0.0, 0.0, 0.0, 0.0, 0.0, 0.0, 0.0, 0.0, 0.0, 0.0, 0.0, 0.0, 0.0, 0.0, 0.0, 0.0, 0.0, 0.0, 0.0, 0.0, 0.0, 0.0, 0.0, 0.0, 0.0, 0.0, 0.0, 0.0, 0.0, 0.0, 0.0, 0.0, 0.0, 0.0, 0.0, 0.0, 0.0, 0.0, 0.0, 0.0, 0.0, 0.0, 0.0, 0.0, 0.0, 0.0, 0.0, 0.0, 0.0, 0.0, 0.0], "tonal.chords_histogram": [12.5, 7.758620738983154, 53.44827651977539, 0.0, 3.0172414779663086, 0.0, 0.0, 0.0, 0.0, 0.0, 0.0, 0.0, 0.0, 0.0, 0.0, 0.0, 0.0, 0.0, 0.0, 0.0, 0.0, 0.0, 0.0, 23.275861740112305], "tonal.thpcp": [1.0, 0.4679916203022003, 0.10297262668609619, 0.047503288835287094, 0.0834411084651947, 0.7109276652336121, 0.9500288367271423, 0.32180699706077576, 0.04372427985072136, 0.04510622099041939, 0.09942830353975296, 0.5388203263282776, 0.7954553365707397, 0.413705974817276, 0.4183998107910156, 0.8047531247138977, 0.5168713927268982, 0.10422307997941971, 0.09924615919589996, 0.06131042167544365, 0.21663187444210052, 0.37341028451919556, 0.19997470080852509, 0.06167471408843994, 0.07511769235134125, 0.07144784182310104, 0.2319531887769699, 0.4366377890110016, 0.2506347894668579, 0.018590779975056648, 0.0346359983086586, 0.0697692334651947, 0.07420043647289276, 0.10661348700523376, 0.13695764541625977, 0.6753817200660706], "lowlevel.gfcc.cov": [[7762.68017578125, -1517.4058837890625, -683.1920166015625, 503.23358154296875, -640.3517456054688, 315.12237548828125, -330.8359680175781, 227.3031005859375, -281.7403564453125, 243.90574645996094, -332.0082702636719, 43.13288879394531, -337.84027099609375], [-1517.4058837890625, 1670.05859375, 344.36029052734375, -537.8294067382812, 326.09735107421875, -35.081111907958984, 93.89972686767578, -151.88095092773438, 222.65660095214844, -191.55484008789062, 188.15902709960938, -33.46306610107422, 193.84141540527344], [-683.1920166015625, 344.36029052734375, 695.0752563476562, -122.82628631591797, 127.35657501220703, 116.71024322509766, 103.49752807617188, -5.506382465362549, 112.88172912597656, 47.176753997802734, 96.72405242919922, 93.99295806884766, 60.55388259887695], [503.23358154296875, -537.8294067382812, -122.82628631591797, 615.8056030273438, 37.13896179199219, -163.39743041992188, -33.72166061401367, 132.31739807128906, 31.459672927856445, 42.248329162597656, -11.070075988769531, -10.155655860900879, 47.25498962402344], [-640.3517456054688, 326.09735107421875, 127.35657501220703, 37.13896179199219, 298.786376953125, -33.79119110107422, 46.892269134521484, -1.5582448244094849, 119.25870513916016, 18.071367263793945, 91.36913299560547, 11.846972465515137, 102.86941528320312], [315.12237548828125, -35.081111907958984, 116.71024322509766, -163.39743041992188, -33.79119110107422, 233.30970764160156, 66.70987701416016, -45.59880065917969, -11.126660346984863, 84.66966247558594, 31.6332950592041, 38.48410415649414, -52.90735626220703], [-330.8359680175781, 93.89972686767578, 103.49752807617188, -33.72166061401367, 46.892269134521484, 66.70987701416016, 178.45384216308594, -0.9243026971817017, -1.4078460931777954, 16.96270179748535, 82.78717803955078, 47.341800689697266, 15.082184791564941], [227.3031005859375, -151.88095092773438, -5.506382465362549, 132.31739807128906, -1.5582448244094849, -45.59880065917969, -0.9243026971817017, 125.5877685546875, 21.34271812438965, -0.20715944468975067, -3.1166062355041504, 36.814186096191406, 25.690195083618164], [-281.7403564453125, 222.65660095214844, 112.88172912597656, 31.459672927856445, 119.25870513916016, -11.126660346984863, -1.4078460931777954, 21.34271812438965, 172.76931762695312, -2.107518196105957, 23.630781173706055, 8.908278465270996, 71.06568145751953], [243.90574645996094, -191.55484008789062, 47.176753997802734, 42.248329162597656, 18.071367263793945, 84.66966247558594, 16.96270179748535, -0.20715944468975067, -2.107518196105957, 185.7252197265625, 45.64711380004883, 4.111762523651123, -19.583030700683594], [-332.0082702636719, 188.15902709960938, 96.72405242919922, -11.070075988769531, 91.36913299560547, 31.6332950592041, 82.78717803955078, -3.1166062355041504, 23.630781173706055, 45.64711380004883, 141.40121459960938, 20.091777801513672, 43.58042526245117], [43.13288879394531, -33.46306610107422, 93.99295806884766, -10.155655860900879, 11.846972465515137, 38.48410415649414, 47.341800689697266, 36.814186096191406, 8.908278465270996, 4.111762523651123, 20.091777801513672, 118.87062072753906, 26.819854736328125], [-337.84027099609375, 193.84141540527344, 60.55388259887695, 47.25498962402344, 102.86941528320312, -52.90735626220703, 15.082184791564941, 25.690195083618164, 71.06568145751953, -19.583030700683594, 43.58042526245117, 26.819854736328125, 118.97334289550781]], "lowlevel.gfcc.icov": [[0.00040856777923181653, -0.0008635073318146169, 0.00042768102139234543, -0.0012327143922448158, 0.0005151002551428974, -0.00166192720644176, 0.0008898407104425132, -0.0011315240990370512, 0.000930972455535084, -0.0007992711034603417, 0.0011645006015896797, -0.0007824143394827843, 0.0008482812554575503], [-0.0008635073318146169, 0.005735490936785936, -0.0015141988405957818, 0.006132524460554123, -0.0021354318596422672, 0.005398567300289869, -0.002166188322007656, 0.004362274892628193, -0.005038287024945021, 0.0049672918394207954, -0.0065272292122244835, 0.003963179886341095, -0.004557456821203232], [0.00042768102139234543, -0.0015141988405957818, 0.0026513361372053623, -0.0015291417948901653, 0.0004734742979053408, -0.002518322551622987, 0.000604309025220573, -0.0013664852594956756, 0.0002905152505263686, -0.001555725233629346, 0.0013671685010194778, -0.002333139767870307, 0.0012241528602316976], [-0.0012327143922448158, 0.006132524460554123, -0.0015291417948901653, 0.009730438701808453, -0.0025734775699675083, 0.008709434419870377, -0.0034406501799821854, 0.0029443835373967886, -0.005898915231227875, 0.0036553048994392157, -0.006730125285685062, 0.004725523758679628, -0.005154783837497234], [0.0005151002551428974, -0.0021354318596422672, 0.0004734742979053408, -0.0025734775699675083, 0.00766199454665184, -0.0011176931438967586, 0.0003569736145436764, -0.0002722614153753966, -0.001201770966872573, -0.0028016851283609867, 0.00019308176706545055, -0.0014929099706932902, -0.0008627870120108128], [-0.00166192720644176, 0.005398567300289869, -0.002518322551622987, 0.008709434419870377, -0.0011176931438967586, 0.01782429777085781, -0.006308508105576038, 0.00755824102088809, -0.007429362740367651, 0.00046984333312138915, -0.0069087110459804535, 0.0012760524405166507, -0.0008739849436096847], [0.0008898407104425132, -0.002166188322007656, 0.000604309025220573, -0.0034406501799821854, 0.0003569736145436764, -0.006308508105576038, 0.011499100364744663, -0.00285819498822093, 0.003686040872707963, -4.35551701229997e-05, -0.0021851565688848495, -0.0038907539565116167, 0.0026291529648005962], [-0.0011315240990370512, 0.004362274892628193, -0.0013664852594956756, 0.0029443835373967886, -0.0002722614153753966, 0.00755824102088809, -0.00285819498822093, 0.016981810331344604, -0.006042645312845707, 0.0033878625836223364, -0.005402305629104376, -0.0014101447304710746, -0.004038678482174873], [0.000930972455535084, -0.005038287024945021, 0.0002905152505263686, -0.005898915231227875, -0.001201770966872573, -0.007429362740367651, 0.003686040872707963, -0.006042645312845707, 0.014930048026144505, -0.003610104089602828, 0.007355521898716688, -0.0017556650564074516, -0.00019054848235100508], [-0.0007992711034603417, 0.0049672918394207954, -0.001555725233629346, 0.0036553048994392157, -0.0028016851283609867, 0.00046984333312138915, -4.35551701229997e-05, 0.0033878625836223364, -0.003610104089602828, 0.012915586121380329, -0.008693484589457512, 0.004205528646707535, -0.0025987012777477503], [0.0011645006015896797, -0.0065272292122244835, 0.0013671685010194778, -0.006730125285685062, 0.00019308176706545055, -0.0069087110459804535, -0.0021851565688848495, -0.005402305629104376, 0.007355521898716688, -0.008693484589457512, 0.021270152181386948, -0.003282253397628665, 0.0012470349902287126], [-0.0007824143394827843, 0.003963179886341095, -0.002333139767870307, 0.004725523758679628, -0.0014929099706932902, 0.0012760524405166507, -0.0038907539565116167, -0.0014101447304710746, -0.0017556650564074516, 0.004205528646707535, -0.003282253397628665, 0.01598697528243065, -0.007372995372861624], [0.0008482812554575503, -0.004557456821203232, 0.0012241528602316976, -0.005154783837497234, -0.0008627870120108128, -0.0008739849436096847, 0.0026291529648005962, -0.004038678482174873, -0.00019054848235100508, -0.0025987012777477503, 0.0012470349902287126, -0.007372995372861624, 0.021451294422149658]], "lowlevel.mfcc.cov": [[6002.72021484375, -2168.365234375, -294.0772705078125, 77.38803100585938, -264.2818298339844, -67.15284729003906, -28.735780715942383, -75.2414321899414, -58.328853607177734, 167.58395385742188, 86.12589263916016, -166.45489501953125, -128.51535034179688], [-2168.365234375, 2115.310546875, 222.19229125976562, -416.2869873046875, 181.6433868408203, 104.97869110107422, -1.1257586479187012, 69.42472076416016, 33.35909652709961, -115.6923828125, 13.289112091064453, 69.86924743652344, 74.19107055664062], [-294.0772705078125, 222.19229125976562, 497.1977233886719, -90.1249008178711, 23.160167694091797, 89.27590942382812, 28.38981819152832, 58.12241744995117, 10.447441101074219, 8.898454666137695, 28.365848541259766, 65.05677795410156, 52.577659606933594], [77.38803100585938, -416.2869873046875, -90.1249008178711, 570.7554931640625, 129.10154724121094, -133.99365234375, -15.149564743041992, -4.174526214599609, 91.25650024414062, 16.22702980041504, -66.77999877929688, 53.02543640136719, 69.62517547607422], [-264.2818298339844, 181.6433868408203, 23.160167694091797, 129.10154724121094, 232.36009216308594, -6.002974510192871, -56.333831787109375, -15.691166877746582, 73.87864685058594, 17.650468826293945, -11.844710350036621, 50.130531311035156, 44.67323684692383], [-67.15284729003906, 104.97869110107422, 89.27590942382812, -133.99365234375, -6.002974510192871, 219.37295532226562, 59.750030517578125, -21.089107513427734, -29.593334197998047, 43.68014907836914, 71.64537048339844, 29.90281867980957, -23.753299713134766], [-28.735780715942383, -1.1257586479187012, 28.38981819152832, -15.149564743041992, -56.333831787109375, 59.750030517578125, 196.7372283935547, -4.699137210845947, -54.790931701660156, 4.683384418487549, 48.43655014038086, 31.7218074798584, 6.515023231506348], [-75.2414321899414, 69.42472076416016, 58.12241744995117, -4.174526214599609, -15.691166877746582, -21.089107513427734, -4.699137210845947, 161.86720275878906, 24.371593475341797, -43.88143539428711, -31.118112564086914, 12.830768585205078, 48.465797424316406], [-58.328853607177734, 33.35909652709961, 10.447441101074219, 91.25650024414062, 73.87864685058594, -29.593334197998047, -54.790931701660156, 24.371593475341797, 117.43880462646484, -14.788666725158691, -30.07756996154785, 15.743219375610352, 61.47089385986328], [167.58395385742188, -115.6923828125, 8.898454666137695, 16.22702980041504, 17.650468826293945, 43.68014907836914, 4.683384418487549, -43.88143539428711, -14.788666725158691, 127.88941955566406, 56.34413146972656, -2.9059066772460938, -58.30758285522461], [86.12589263916016, 13.289112091064453, 28.365848541259766, -66.77999877929688, -11.844710350036621, 71.64537048339844, 48.43655014038086, -31.118112564086914, -30.07756996154785, 56.34413146972656, 123.3570785522461, 7.777906894683838, -30.265380859375], [-166.45489501953125, 69.86924743652344, 65.05677795410156, 53.02543640136719, 50.130531311035156, 29.90281867980957, 31.7218074798584, 12.830768585205078, 15.743219375610352, -2.9059066772460938, 7.777906894683838, 90.91096496582031, 46.98496627807617], [-128.51535034179688, 74.19107055664062, 52.577659606933594, 69.62517547607422, 44.67323684692383, -23.753299713134766, 6.515023231506348, 48.465797424316406, 61.47089385986328, -58.30758285522461, -30.265380859375, 46.98496627807617, 148.92784118652344]], "lowlevel.mfcc.icov": [[0.0002956115931738168, 0.0003409537021070719, 6.37078846921213e-05, 0.00024176333681680262, -5.9164765843888745e-05, 7.830683171050623e-05, 8.258172783826012e-06, -6.0036269132979214e-05, -0.00010902489884756505, -0.00011848276335513219, -0.00020673908875323832, 0.00019204306590836495, -0.00010485110396984965], [0.0003409537021070719, 0.0011916033690795302, -3.623263546614908e-05, 0.001136727980338037, -0.0011834845645353198, 0.0002067147142952308, -0.00027323811082169414, -0.0002422159304842353, -0.0003092818660661578, 0.0005894081550650299, -0.0002664596540853381, -0.00012090086966054514, 3.1290451261156704e-06], [6.37078846921213e-05, -3.623263546614908e-05, 0.0026280477177351713, 0.0004849121323786676, 4.91509199491702e-05, -0.0005680728936567903, 0.00010292708611814305, -0.0008323669317178428, -2.426709579594899e-05, -0.0008581819129176438, -2.58587551797973e-05, -0.0013761897571384907, -0.0008175159455277026], [0.00024176333681680262, 0.001136727980338037, 0.0004849121323786676, 0.004209999460726976, -0.002093059476464987, 0.002057235687971115, -0.0013271041680127382, 2.341329491173383e-05, -0.0016913748113438487, -0.001135043567046523, 0.001138269086368382, -0.0019324071472510695, -0.000395950919482857], [-5.9164765843888745e-05, -0.0011834845645353198, 4.91509199491702e-05, -0.002093059476464987, 0.008640652522444725, -0.0006229517748579383, 0.0024003225844353437, 0.001491663744673133, -0.00238140975125134, -0.0018978472799062729, -3.0024448278709315e-05, -0.0029470406007021666, -0.0006184451631270349], [7.830683171050623e-05, 0.0002067147142952308, -0.0005680728936567903, 0.002057235687971115, -0.0006229517748579383, 0.007631783839315176, -0.0015724668046459556, 0.0004565170092973858, -0.0007450325647369027, -0.0014858307549729943, -0.0017499696696177125, -0.002637404017150402, 0.0007299224380403757], [8.258172783826012e-06, -0.00027323811082169414, 0.00010292708611814305, -0.0013271041680127382, 0.0024003225844353437, -0.0015724668046459556, 0.008130109868943691, 0.00013999344082549214, 0.0036225018557161093, 0.0004776671121362597, -0.0023449088912457228, -0.0022621680982410908, -0.001715739374049008], [-6.0036269132979214e-05, -0.0002422159304842353, -0.0008323669317178428, 2.341329491173383e-05, 0.001491663744673133, 0.0004565170092973858, 0.00013999344082549214, 0.00785529799759388, -0.0011311855632811785, 0.001049746759235859, 0.0010488464031368494, -0.0006690779700875282, -0.0012832192005589604], [-0.00010902489884756505, -0.0003092818660661578, -2.426709579594899e-05, -0.0016913748113438487, -0.00238140975125134, -0.0007450325647369027, 0.0036225018557161093, -0.0011311855632811785, 0.01581168733537197, -0.0007062543882057071, 0.0004132928152102977, 0.00156761659309268, -0.005548998713493347], [-0.00011848276335513219, 0.0005894081550650299, -0.0008581819129176438, -0.001135043567046523, -0.0018978472799062729, -0.0014858307549729943, 0.0004776671121362597, 0.001049746759235859, -0.0007062543882057071, 0.01438878569751978, -0.005103317555040121, 0.00012989436800125986, 0.005254399497061968], [-0.00020673908875323832, -0.0002664596540853381, -2.58587551797973e-05, 0.001138269086368382, -3.0024448278709315e-05, -0.0017499696696177125, -0.0023449088912457228, 0.0010488464031368494, 0.0004132928152102977, -0.005103317555040121, 0.013526380993425846, -0.0008265008218586445, -0.00023654766846448183], [0.00019204306590836495, -0.00012090086966054514, -0.0013761897571384907, -0.0019324071472510695, -0.0029470406007021666, -0.002637404017150402, -0.0022621680982410908, -0.0006690779700875282, 0.00156761659309268, 0.00012989436800125986, -0.0008265008218586445, 0.018989209085702896, -0.004359743092209101], [-0.00010485110396984965, 3.1290451261156704e-06, -0.0008175159455277026, -0.000395950919482857, -0.0006184451631270349, 0.0007299224380403757, -0.001715739374049008, -0.0012832192005589604, -0.005548998713493347, 0.005254399497061968, -0.00023654766846448183, -0.004359743092209101, 0.013565877452492714]], "metadata.audio_properties.analysis.downmix": "mix", "metadata.audio_properties.codec": "mp3", "metadata.audio_properties.md5_encoded": "ceb7c59a90e3be5f9f0d9fe299d1136f", "metadata.tags.file_name": "1183667017048404069.mp3", "metadata.version.essentia": "2.1-beta6-dev", "metadata.version.essentia_git_sha": "v2.1_beta5-1110-g77a6a954", "metadata.version.extractor": "music 2.0", "tonal.chords_key": "F", "tonal.chords_scale": "major", "tonal.key_edma.key": "Bb", "tonal.key_edma.scale": "major", "tonal.key_krumhansl.key": "Bb", "tonal.key_krumhansl.scale": "major", "tonal.key_temperley.key": "Bb", "tonal.key_temperley.scale": "major", "metadata.tags.encoding": ["Lavf58.45.100"]}, "essentia_models": [{"model_name": "genre_dortmund", "activations": {"alternative": "0.01638306", "blues": "0.00086825434", "electronic": "0.005072619", "folkcountry": "0.0053895083", "funksoulrnb": "0.024198197", "jazz": "0.0045295837", "pop": "0.077715926", "raphiphop": "0.9040842", "rock": "0.032927897"}}, {"model_name": "genre_rosamerica", "activations": {"classic": "0.00019050756", "dance": "0.0001211646", "hip hop": "0.076354355", "jazz": "0.0011074978", "pop": "0.16560398", "rhythm and blues": "0.74899524", "rock": "0.00091519154", "speech": "0.005262057"}}, {"model_name": "genre_tzanetakis", "activations": {"blues": "0.0114450855", "classic": "0.0002665163", "country": "0.0028834194", "disco": "0.0009925229", "hip hop": "0.069205515", "jazz": "0.0005716015", "metal": "0.00125467