{"song_id": "1183699635374665728", "download": "https://cdn.discordapp.com/attachments/1128313332273782784/1183699635374665728/chirp.mp4?ex=65894931&amp", "lyrics": "Verse 1:\n\u0e43\u0e19\u0e04\u0e48\u0e33\u0e04\u0e37\u0e19\u0e17\u0e35\u0e48\u0e40\u0e07\u0e35\u0e22\u0e1a\u0e07\u0e31\u0e19 \u0e09\u0e31\u0e19\u0e1e\u0e1a\u0e40\u0e18\u0e2d\u0e43\u0e19\u0e1d\u0e31\u0e19\n\u0e14\u0e27\u0e07\u0e14\u0e32\u0e27\u0e17\u0e35\u0e48\u0e25\u0e2d\u0e22\u0e25\u0e30\u0e25\u0e48\u0e2d\u0e07 \u0e40\u0e1b\u0e47\u0e19\u0e1e\u0e22\u0e32\u0e19\u0e41\u0e2b\u0e48\u0e07\u0e23\u0e31\u0e01\n\u0e41\u0e15\u0e48\u0e25\u0e30\u0e2b\u0e22\u0e14\u0e1d\u0e19 \u0e17\u0e35\u0e48\u0e2b\u0e25\u0e48\u0e19\u0e25\u0e07\u0e21\u0e32\n\u0e40\u0e2b\u0e21\u0e37\u0e2d\u0e19\u0e40\u0e2a\u0e35\u0e22\u0e07\u0e2b\u0e31\u0e27\u0e43\u0e08 \u0e17\u0e35\u0e48\u0e40\u0e23\u0e35\u0e22\u0e01\u0e23\u0e49\u0e2d\u0e07\u0e2b\u0e32\n\nChorus:\n\u0e40\u0e18\u0e2d\u0e04\u0e37\u0e2d\u0e04\u0e27\u0e32\u0e21\u0e1d\u0e31\u0e19 \u0e17\u0e35\u0e48\u0e09\u0e31\u0e19\u0e44\u0e21\u0e48\u0e2d\u0e22\u0e32\u0e01\u0e15\u0e37\u0e48\u0e19\n\u0e43\u0e19\u0e42\u0e25\u0e01\u0e17\u0e35\u0e48\u0e44\u0e23\u0e49\u0e40\u0e2a\u0e35\u0e22\u0e07 \u0e41\u0e15\u0e48\u0e40\u0e15\u0e47\u0e21\u0e44\u0e1b\u0e14\u0e49\u0e27\u0e22\u0e40\u0e18\u0e2d\n\u0e41\u0e2a\u0e07\u0e08\u0e31\u0e19\u0e17\u0e23\u0e4c\u0e17\u0e35\u0e48\u0e2d\u0e48\u0e2d\u0e19\u0e2b\u0e27\u0e32\u0e19 \u0e0b\u0e38\u0e01\u0e0b\u0e48\u0e2d\u0e19\u0e04\u0e27\u0e32\u0e21\u0e25\u0e31\u0e1a\n\u0e40\u0e23\u0e32\u0e40\u0e15\u0e49\u0e19\u0e23\u0e33\u0e43\u0e15\u0e49\u0e14\u0e32\u0e27 \u0e1d\u0e31\u0e19\u0e43\u0e19\u0e1d\u0e31\u0e19\n\nVerse 2:\n\u0e2b\u0e31\u0e27\u0e43\u0e08\u0e17\u0e35\u0e48\u0e40\u0e15\u0e49\u0e19\u0e23\u0e31\u0e27 \u0e40\u0e21\u0e37\u0e48\u0e2d\u0e40\u0e18\u0e2d\u0e40\u0e02\u0e49\u0e32\u0e21\u0e32\u0e43\u0e01\u0e25\u0e49\n\u0e40\u0e2a\u0e35\u0e22\u0e07\u0e40\u0e1e\u0e25\u0e07\u0e02\u0e2d\u0e07\u0e25\u0e21 \u0e0b\u0e38\u0e1a\u0e0b\u0e34\u0e1a\u0e27\u0e48\u0e32\u0e23\u0e31\u0e01\n\u0e17\u0e38\u0e01\u0e22\u0e48\u0e32\u0e07\u0e01\u0e49\u0e32\u0e27\u0e17\u0e35\u0e48\u0e40\u0e23\u0e32\u0e40\u0e14\u0e34\u0e19 \u0e1a\u0e19\u0e17\u0e32\u0e07\u0e19\u0e35\u0e49\n\u0e40\u0e1b\u0e47\u0e19\u0e04\u0e33\u0e15\u0e2d\u0e1a\u0e02\u0e2d\u0e07\u0e1d\u0e31\u0e19 \u0e17\u0e35\u0e48\u0e44\u0e21\u0e48\u0e40\u0e04\u0e22\u0e08\u0e32\u0e07\u0e2b\u0e32\u0e22\n\nChorus:\n\u0e40\u0e18\u0e2d\u0e04\u0e37\u0e2d\u0e04\u0e27\u0e32\u0e21\u0e1d\u0e31\u0e19 \u0e17\u0e35\u0e48\u0e09\u0e31\u0e19\u0e44\u0e21\u0e48\u0e2d\u0e22\u0e32\u0e01\u0e15\u0e37\u0e48\u0e19\n\u0e43\u0e19\u0e42\u0e25\u0e01\u0e17\u0e35\u0e48\u0e44\u0e23\u0e49\u0e40\u0e2a\u0e35\u0e22\u0e07 \u0e41\u0e15\u0e48\u0e40\u0e15\u0e47\u0e21\u0e44\u0e1b\u0e14\u0e49\u0e27\u0e22\u0e40\u0e18\u0e2d\n\u0e41\u0e2a\u0e07\u0e08\u0e31\u0e19\u0e17\u0e23\u0e4c\u0e17\u0e35\u0e48\u0e2d\u0e48\u0e2d\u0e19\u0e2b\u0e27\u0e32\u0e19 \u0e0b\u0e38\u0e01\u0e0b\u0e48\u0e2d\u0e19\u0e04\u0e27\u0e32\u0e21\u0e25\u0e31\u0e1a\n\u0e40\u0e23\u0e32\u0e40\u0e15\u0e49\u0e19\u0e23\u0e33\u0e43\u0e15\u0e49\u0e14\u0e32\u0e27 \u0e1d\u0e31\u0e19\u0e43\u0e19\u0e1d\u0e31\u0e19\n\nBridge:\n\u0e1d\u0e31\u0e19\u0e17\u0e35\u0e48\u0e44\u0e21\u0e48\u0e21\u0e35\u0e27\u0e31\u0e19\u0e08\u0e1a\u0e2a\u0e34\u0e49\u0e19\n\u0e40\u0e1e\u0e23\u0e32\u0e30\u0e43\u0e19\u0e17\u0e38\u0e01\u0e46 \u0e04\u0e37\u0e19 \u0e09\u0e31\u0e19\u0e21\u0e35\u0e40\u0e18\u0e2d\n\u0e41\u0e21\u0e49\u0e15\u0e37\u0e48\u0e19\u0e02\u0e36\u0e49\u0e19\u0e21\u0e32 \u0e01\u0e47\u0e22\u0e31\u0e07\u0e04\u0e07\u0e23\u0e39\u0e49\u0e2a\u0e36\u0e01\n\u0e27\u0e48\u0e32\u0e23\u0e31\u0e01\u0e19\u0e35\u0e49 \u0e44\u0e21\u0e48\u0e40\u0e04\u0e22\u0e2b\u0e48\u0e32\u0e07\u0e44\u0e01\u0e25\n\nChorus:\n\u0e40\u0e18\u0e2d\u0e04\u0e37\u0e2d\u0e04\u0e27\u0e32\u0e21\u0e1d\u0e31\u0e19 \u0e17\u0e35\u0e48\u0e09\u0e31\u0e19\u0e44\u0e21\u0e48\u0e2d\u0e22\u0e32\u0e01\u0e15\u0e37\u0e48\u0e19\n\u0e43\u0e19\u0e42\u0e25\u0e01\u0e17\u0e35\u0e48\u0e44\u0e23\u0e49\u0e40\u0e2a\u0e35\u0e22\u0e07 \u0e41\u0e15\u0e48\u0e40\u0e15\u0e47\u0e21\u0e44\u0e1b\u0e14\u0e49\u0e27\u0e22\u0e40\u0e18\u0e2d\n\u0e41\u0e2a\u0e07\u0e08\u0e31\u0e19\u0e17\u0e23\u0e4c", "style": ["pop"], "essentia_features": {"lowlevel.average_loudness": 0.7944498658180237, "lowlevel.barkbands_crest.mean": 14.854358673095703, "lowlevel.barkbands_crest.stdev": 4.8756422996521, "lowlevel.barkbands_flatness_db.mean": 0.3015455901622772, "lowlevel.barkbands_flatness_db.stdev": 0.09088103473186493, "lowlevel.barkbands_kurtosis.mean": 26.832082748413086, "lowlevel.barkbands_kurtosis.stdev": 55.30488204956055, "lowlevel.barkbands_skewness.mean": 3.100450038909912, "lowlevel.barkbands_skewness.stdev": 2.471769332885742, "lowlevel.barkbands_spread.mean": 6.253479480743408, "lowlevel.barkbands_spread.stdev": 10.1184720993042, "lowlevel.dissonance.mean": 0.37248751521110535, "lowlevel.dissonance.stdev": 0.06660696119070053, "lowlevel.dynamic_complexity": 5.975590705871582, "lowlevel.erbbands_crest.mean": 16.375362396240234, "lowlevel.erbbands_crest.stdev": 6.506784915924072, "lowlevel.erbbands_flatness_db.mean": 0.2701590061187744, "lowlevel.erbbands_flatness_db.stdev": 0.0721336156129837, "lowlevel.erbbands_kurtosis.mean": 8.55828857421875, "lowlevel.erbbands_kurtosis.stdev": 15.477583885192871, "lowlevel.erbbands_skewness.mean": 1.8311158418655396, "lowlevel.erbbands_skewness.stdev": 1.6506905555725098, "lowlevel.erbbands_spread.mean": 19.78558921813965, "lowlevel.erbbands_spread.stdev": 17.202674865722656, "lowlevel.hfc.mean": 7.941250801086426, "lowlevel.hfc.stdev": 10.31411075592041, "lowlevel.loudness_ebu128.integrated": -17.12717628479004, "lowlevel.loudness_ebu128.loudness_range": 9.733513832092285, "lowlevel.loudness_ebu128.momentary.mean": -19.842578887939453, "lowlevel.loudness_ebu128.momentary.stdev": 5.289671897888184, "lowlevel.loudness_ebu128.short_term.mean": -18.657852172851562, "lowlevel.loudness_ebu128.short_term.stdev": 3.3598101139068604, "lowlevel.melbands_crest.mean": 19.575332641601562, "lowlevel.melbands_crest.stdev": 5.435269355773926, "lowlevel.melbands_flatness_db.mean": 0.3726791441440582, "lowlevel.melbands_flatness_db.stdev": 0.11017138510942459, "lowlevel.melbands_kurtosis.mean": 32.12659454345703, "lowlevel.melbands_kurtosis.stdev": 40.65486526489258, "lowlevel.melbands_skewness.mean": 3.2996389865875244, "lowlevel.melbands_skewness.stdev": 2.231198310852051, "lowlevel.melbands_spread.mean": 7.259425640106201, "lowlevel.melbands_spread.stdev": 15.012578010559082, "lowlevel.pitch_salience.mean": 0.43835026025772095, "lowlevel.pitch_salience.stdev": 0.13410426676273346, "lowlevel.silence_rate_20dB.mean": 1.0, "lowlevel.silence_rate_20dB.stdev": 0.0, "lowlevel.silence_rate_30dB.mean": 0.9994206428527832, "lowlevel.silence_rate_30dB.stdev": 0.024063237011432648, "lowlevel.silence_rate_60dB.mean": 0.24913093447685242, "lowlevel.silence_rate_60dB.stdev": 0.432513952255249, "lowlevel.spectral_centroid.mean": 517.309326171875, "lowlevel.spectral_centroid.stdev": 556.443603515625, "lowlevel.spectral_complexity.mean": 5.849362850189209, "lowlevel.spectral_complexity.stdev": 3.0557539463043213, "lowlevel.spectral_decrease.mean": -4.870385872379757e-09, "lowlevel.spectral_decrease.stdev": 5.02039210203975e-09, "lowlevel.spectral_energy.mean": 0.01910226233303547, "lowlevel.spectral_energy.stdev": 0.019778631627559662, "lowlevel.spectral_energyband_high.mean": 6.092591502238065e-05, "lowlevel.spectral_energyband_high.stdev": 0.0002482128038536757, "lowlevel.spectral_energyband_low.mean": 0.0015897778794169426, "lowlevel.spectral_energyband_low.stdev": 0.0023823720403015614, "lowlevel.spectral_energyband_middle_high.mean": 0.0017631214577704668, "lowlevel.spectral_energyband_middle_high.stdev": 0.0049848719500005245, "lowlevel.spectral_energyband_middle_low.mean": 0.016217537224292755, "lowlevel.spectral_energyband_middle_low.stdev": 0.01848207786679268, "lowlevel.spectral_entropy.mean": 5.994199275970459, "lowlevel.spectral_entropy.stdev": 0.837144136428833, "lowlevel.spectral_flux.mean": 0.03671491518616676, "lowlevel.spectral_flux.stdev": 0.036175671964883804, "lowlevel.spectral_kurtosis.mean": 24.693359375, "lowlevel.spectral_kurtosis.stdev": 48.170074462890625, "lowlevel.spectral_rms.mean": 0.0036722724325954914, "lowlevel.spectral_rms.stdev": 0.0022695285733789206, "lowlevel.spectral_rolloff.mean": 660.7675170898438, "lowlevel.spectral_rolloff.stdev": 1326.9725341796875, "lowlevel.spectral_skewness.mean": 3.321356773376465, "lowlevel.spectral_skewness.stdev": 2.25382924079895, "lowlevel.spectral_spread.mean": 3278364.0, "lowlevel.spectral_spread.stdev": 1913384.375, "lowlevel.spectral_strongpeak.mean": 1.1702911853790283, "lowlevel.spectral_strongpeak.stdev": 1.2973878383636475, "lowlevel.zerocrossingrate.mean": 0.026310041546821594, "lowlevel.zerocrossingrate.stdev": 0.04070133715867996, "metadata.audio_properties.analysis.equal_loudness": 0.0, "metadata.audio_properties.analysis.length": 40.04265213012695, "metadata.audio_properties.analysis.sample_rate": 44100.0, "metadata.audio_properties.analysis.start_time": 0.0, "metadata.audio_properties.bit_rate": 113236.0, "metadata.audio_properties.length": 40.042667388916016, "metadata.audio_properties.lossless": 0.0, "metadata.audio_properties.number_channels": 1.0, "metadata.audio_properties.replay_gain": -11.414649963378906, "metadata.audio_properties.sample_rate": 48000.0, "rhythm.beats_count": 60.0, "rhythm.beats_loudness.mean": 0.025717513635754585, "rhythm.beats_loudness.stdev": 0.022532444447278976, "rhythm.bpm": 91.01496887207031, "rhythm.bpm_histogram_first_peak_bpm": 92.0, "rhythm.bpm_histogram_first_peak_weight": 0.32758623361587524, "rhythm.bpm_histogram_second_peak_bpm": 98.0, "rhythm.bpm_histogram_second_peak_spread": 0.0, "rhythm.bpm_histogram_second_peak_weight": 0.016949152573943138, "rhythm.danceability": 1.0715090036392212, "rhythm.onset_rate": 3.1956522464752197, "tonal.chords_changes_rate": 0.0486111119389534, "tonal.chords_number_rate": 0.009259259328246117, "tonal.chords_strength.mean": 0.4869517982006073, "tonal.chords_strength.stdev": 0.07513377070426941, "tonal.hpcp_crest.mean": 21.92230987548828, "tonal.hpcp_crest.stdev": 8.874029159545898, "tonal.hpcp_entropy.mean": 1.093766689300537, "tonal.hpcp_entropy.stdev": 0.6546767354011536, "tonal.key_edma.strength": 0.7597534656524658, "tonal.key_krumhansl.strength": 0.7688571214675903, "tonal.key_temperley.strength": 0.7785247564315796, "tonal.tuning_diatonic_strength": 0.6398637294769287, "tonal.tuning_equal_tempered_deviation": 0.01272485964000225, "tonal.tuning_frequency": 439.74591064453125, "tonal.tuning_nontempered_energy_ratio": 0.5971131920814514, "lowlevel.barkbands.mean": [1.7518186723464169e-06, 0.0004843368660658598, 0.0010652198689058423, 0.00032703502802178264, 0.00619065947830677, 0.00576788978651166, 0.001622239244170487, 0.0004885461530648172, 0.0006958189769648015, 0.0017713387496769428, 0.00011507292947499081, 0.00019370956579223275, 3.659693174995482e-05, 6.919735460542142e-05, 0.00012271676678210497, 2.3303573470911942e-05, 3.430953802308068e-05, 1.0973109056067187e-05, 1.4492881746264175e-05, 1.555194285174366e-05, 2.3673148461966775e-05, 7.384670880128397e-06, 6.731470421073027e-06, 7.170101071096724e-06, 4.779874871019274e-06, 1.6571826790823252e-06, 1.304010623925933e-07], "lowlevel.barkbands.stdev": [5.644099019264104e-06, 0.0008159914868883789, 0.0017460662638768554, 0.0008878022199496627, 0.009485160000622272, 0.010636163875460625, 0.005582122132182121, 0.0014793032314628363, 0.003976530861109495, 0.006308684125542641, 0.0005012970650568604, 0.0005942699499428272, 0.00013198849046602845, 0.00020774173026438802, 0.00041051601874642074, 8.540170529158786e-05, 0.0001495587348472327, 3.537922020768747e-05, 3.133701829938218e-05, 6.607396790059283e-05, 0.00010786206985358149, 6.462966121034697e-05, 2.216867869719863e-05, 2.3733009584248066e-05, 1.3173963452572934e-05, 5.770943062088918e-06, 1.0092920774695813e-06], "lowlevel.erbbands.mean": [0.0023934473283588886, 0.16514410078525543, 1.25028657913208, 0.9259942770004272, 8.020607948303223, 20.413297653198242, 51.322723388671875, 38.358154296875, 27.911479949951172, 19.252090454101562, 10.806086540222168, 15.644415855407715, 57.50154495239258, 27.75025177001953, 5.670706748962402, 9.331689834594727, 2.1673576831817627, 3.876410722732544, 6.1193647384643555, 3.7539169788360596, 1.2981154918670654, 1.5561107397079468, 0.8719189763069153, 0.7199033498764038, 0.7058939933776855, 0.7259450554847717, 1.2050563097000122, 0.587113082408905, 0.2837391793727875, 0.1944994479417801, 0.19526948034763336, 0.12918516993522644, 0.13281838595867157, 0.07389217615127563, 0.023104505613446236, 0.0073778023943305016, 0.0032035803887993097, 0.0005981105496175587, 2.5439549062866718e-05, 2.188806865888182e-05], "lowlevel.erbbands.stdev": [0.003890530439093709, 0.2648637890815735, 1.9671916961669922, 1.4190808534622192, 16.312732696533203, 41.255271911621094, 95.81804656982422, 92.56953430175781, 75.71585845947266, 99.07818603515625, 37.902828216552734, 74.44273376464844, 233.3963623046875, 123.43409729003906, 15.946372032165527, 28.971494674682617, 6.326087951660156, 10.455768585205078, 23.293323516845703, 13.03560733795166, 4.205594062805176, 6.9145402908325195, 3.4579310417175293, 1.7555361986160278, 1.7393242120742798, 3.0103280544281006, 5.409524917602539, 3.3832244873046875, 2.493016242980957, 1.018981695175171, 0.621816098690033, 0.396908164024353, 0.47333577275276184, 0.21409569680690765, 0.06311830878257751, 0.02143813855946064, 0.012789851054549217, 0.002998032607138157, 0.00010949536954285577, 2.2384918338502757e-05], "lowlevel.gfcc.mean": [-162.90174865722656, 143.6332550048828, -98.6057357788086, 11.93892765045166, -64.31414794921875, -9.36089038848877, -45.68280792236328, -16.43183708190918, -32.752227783203125, -8.950520515441895, -10.515897750854492, -11.651233673095703, 4.836287021636963], "lowlevel.melbands.mean": [6.966629734961316e-05, 0.0004710507346317172, 0.0003601746284402907, 0.000992623157799244, 0.001643656869418919, 0.0009059447329491377, 0.00041104096453636885, 0.00017748467507772148, 8.168704516720027e-05, 0.00011071709741372615, 0.0002847334835678339, 0.00011190104123670608, 1.669632547418587e-05, 2.3104432330001146e-05, 1.1631134839262813e-05, 3.5998305065731984e-06, 7.572882623207988e-06, 9.111791769100819e-06, 6.86146358930273e-06, 3.1842803309700685e-06, 1.2703383163170656e-06, 1.6624188674541074e-06, 1.4139104678179137e-06, 5.428574354482407e-07, 5.699106964129896e-07, 5.385853114603378e-07, 4.2883320361397637e-07, 4.795159043169406e-07, 7.706713063271309e-07, 6.493490900538745e-07, 2.4590190150775015e-07, 1.6812714420666452e-07, 1.1455614412625437e-07, 1.0445366172007198e-07, 1.2055390641307895e-07, 9.089423258501483e-08, 7.498178433706926e-08, 9.583941817936648e-08, 8.456128597345014e-08, 5.5122775677318714e-08], "lowlevel.melbands.stdev": [0.00011777656618505716, 0.0007254123338498175, 0.0006485978956334293, 0.0019406795036047697, 0.002773245330899954, 0.001982867019250989, 0.0011222147149965167, 0.0008926282171159983, 0.00033579699811525643, 0.0005401723901741207, 0.0011569788912311196, 0.0005354111199267209, 6.144122016848996e-05, 6.821515853516757e-05, 3.4051616239594296e-05, 1.2035587133141235e-05, 2.204528391303029e-05, 3.627519981819205e-05, 2.2307349354377948e-05, 1.1532865755725652e-05, 4.9243649300478864e-06, 7.754429134365637e-06, 8.380578947253525e-06, 1.978700993277016e-06, 1.4599800124415196e-06, 1.3010703696636483e-06, 1.2108322380299796e-06, 2.3051070456858724e-06, 3.822134203801397e-06, 2.647518613230204e-06, 1.9111807887384202e-06, 1.6023625448724488e-06, 8.780222060522647e-07, 4.601903924594808e-07, 4.0670775547368976e-07, 2.615683740714303e-07, 2.56379195207046e-07, 3.53371007122405e-07, 2.918327481893357e-07, 1.4744283305390127e-07], "lowlevel.melbands128.mean": [9.554283906254568e-07, 1.616598638065625e-06, 2.1300462321960367e-05, 0.0003359763359185308, 0.0007237683166749775, 0.000406471110181883, 8.849933510646224e-05, 0.00023534492356702685, 0.0009270002483390272, 0.0009235789184458554, 0.0010442318161949515, 0.0016311368672177196, 0.0021437250543385744, 0.0012487499043345451, 0.0008138593402691185, 0.0008237540605477989, 0.0005490600015036762, 0.0003106730873696506, 0.00024502596352249384, 0.0002696289448067546, 8.56486803968437e-05, 7.232580537674949e-05, 0.00010159161320189014, 5.500432598637417e-05, 8.3073420682922e-05, 8.218208677135408e-05, 0.000289129966404289, 0.000455519650131464, 8.982860163087025e-05, 0.00018232036381959915, 9.68932727118954e-05, 1.7186752302222885e-05, 1.666291973378975e-05, 1.1951658962061629e-05, 9.526122084935196e-06, 3.424457827350125e-05, 3.666098928079009e-05, 2.1942946659692097e-06, 5.0003413889498916e-06, 3.104149072896689e-06, 2.370326910750009e-06, 5.905566013097996e-06, 8.139702913467772e-06, 9.50885714701144e-06, 2.8479091724875616e-06, 1.0696995559555944e-05, 1.533954855403863e-05, 4.5397341636999045e-06, 4.900326985080028e-06, 6.001208930683788e-06, 2.484791821188992e-06, 9.292344316236267e-07, 1.1522272416186752e-06, 1.3521915889214142e-06, 1.8337829033043818e-06, 1.7234145843758597e-06, 8.224847078963649e-07, 3.176565769535955e-06, 6.811274602114281e-07, 2.726641810113506e-07, 6.700055337205413e-07, 5.442217911877378e-07, 6.445077929129184e-07, 6.390452540472324e-07, 3.5503774142853217e-07, 5.457153520183056e-07, 7.059090307848237e-07, 3.3309856917185243e-07, 3.885357955368818e-07, 5.276510819385294e-07, 3.6066185771232995e-07, 4.740838051020546e-07, 7.823633723091916e-07, 8.14467284726561e-07, 7.198827915999573e-07, 9.87627572612837e-07, 4.059802449773997e-07, 2.6872928060583945e-07, 2.3047620345550968e-07, 2.313240798912375e-07, 1.5045186785300757e-07, 1.8029875548108976e-07, 1.1576052827422245e-07, 1.1155349000091519e-07, 1.0222500890222364e-07, 1.0211839907015019e-07, 1.0079394741069336e-07, 1.1768728569450104e-07, 1.418245147988273e-07, 1.019099045151961e-07, 9.732374195436932e-08, 9.841550507871943e-08, 6.314920852901196e-08, 6.41389732436437e-08, 8.709674403917234e-08, 9.575737180966826e-08, 9.793277655489874e-08, 9.450482707507035e-08, 9.341369633375507e-08, 7.364105414353617e-08, 6.904211602432042e-08, 5.0045009913901595e-08, 4.191103286643738e-08, 3.354081101747397e-08, 2.3123893910792503e-08, 1.595307708157634e-08, 1.8786016298122377e-08, 1.5648076612251316e-08, 1.142333605486101e-08, 8.4510540787619e-09, 8.796980921488284e-09, 1.188893694603621e-08, 1.1148799217153282e-08, 9.631242470220513e-09, 8.785942640088251e-09, 6.328473745043084e-09, 3.616235977332849e-09, 1.8370163168413e-09, 3.059118236503622e-10, 3.0280404919591497e-12, 2.8997698339749967e-12, 2.836536561190428e-12, 2.785577974881437e-12, 2.7357376346931472e-12, 2.663910758649024e-12, 2.5713693327378273e-12, 2.5175488863743434e-12, 2.499388066304342e-12], "lowlevel.melbands128.stdev": [3.635080929598189e-06, 9.209664312948007e-06, 4.310606891522184e-05, 0.0005651254905387759, 0.0011325019877403975, 0.0006863017333671451, 0.00014782571815885603, 0.0006558590685017407, 0.0019681095145642757, 0.002746558515354991, 0.0028364595491439104, 0.002979752840474248, 0.004742203280329704, 0.0030606137588620186, 0.0028913551941514015, 0.0026327548548579216, 0.0018218883778899908, 0.0014784528175368905, 0.001289287582039833, 0.0018100125016644597, 0.0003558774187695235, 0.00022334668028634042, 0.0005713368882425129, 0.00035730688250623643, 0.0007285605533979833, 0.0006422427832148969, 0.0015278318896889687, 0.002128011779859662, 0.00042308575939387083, 0.0009698664653114974, 0.000594151730183512, 0.00010568000288913026, 8.415598858846352e-05, 6.214339373400435e-05, 6.619541090913117e-05, 0.00011273904237896204, 0.00012964931374881417, 7.346556230913848e-06, 2.6846324544749223e-05, 1.6224224964389578e-05, 1.3138935173628852e-05, 2.8081907657906413e-05, 2.9594997613457963e-05, 3.415557512198575e-05, 2.330758979951497e-05, 5.862195757799782e-05, 7.118017674656585e-05, 3.3549004001542926e-05, 2.437307011859957e-05, 3.119622851954773e-05, 1.0818745067808777e-05, 3.978042059316067e-06, 1.0546949852141552e-05, 6.688552730338415e-06, 7.529049526056042e-06, 1.454983157600509e-05, 6.115087671787478e-06, 2.3213862732518464e-05, 2.7218152354180347e-06, 1.2379672398310504e-06, 3.2223067591985455e-06, 2.7542853331397055e-06, 2.0564966689562425e-06, 2.184592631238047e-06, 1.014886606753862e-06, 1.5562769704047241e-06, 2.370970605625189e-06, 1.6794695056887576e-06, 1.3706686559089576e-06, 1.8671703401196282e-06, 1.8948732076751185e-06, 3.3906219414348016e-06, 4.409099801705452e-06, 4.411056124808965e-06, 3.230471747883712e-06, 3.967745669797296e-06, 2.0564623355312506e-06, 1.5860925941524329e-06, 1.9072684835919063e-06, 2.8811107313231332e-06, 1.2160647884229547e-06, 1.9714686914085178e-06, 1.0931012184300926e-06, 9.698677558844793e-07, 5.764737807112397e-07, 6.185670144986943e-07, 3.942886621643993e-07, 4.7424779836546804e-07, 5.346664693206549e-07, 3.3091845352828386e-07, 3.220541486825823e-07, 2.844799666945619e-07, 2.1701123387174448e-07, 2.8825991194025846e-07, 3.4778216218001035e-07, 2.9285405389600783e-07, 4.495740597576514e-07, 3.974405444751028e-07, 3.320161283681955e-07, 2.9024562309132307e-07, 1.9278721197224513e-07, 1.2891760547972808e-07, 1.1805961008803934e-07, 1.2240042224220815e-07, 7.317455441580023e-08, 5.394906921196707e-08, 6.048610856623782e-08, 4.65779983471748e-08, 3.659191349925095e-08, 3.4314133756652154e-08, 3.757779509783177e-08, 7.414809743977457e-08, 4.474290449252294e-08, 4.514522800036502e-08, 4.348552096189451e-08, 3.733416775730802e-08, 1.9718338961638437e-08, 2.3618014211024274e-08, 5.8948601555641744e-09, 5.77427385420326e-12, 5.5788854438909574e-12, 5.4559867908310355e-12, 5.347772138314388e-12, 5.255179104379781e-12, 5.17953778825242e-12, 5.1186680762038694e-12, 5.074002849825288e-12, 5.046696567589937e-12], "lowlevel.mfcc.mean": [-812.866943359375, 170.10638427734375, 21.59677505493164, 18.726547241210938, 2.343637228012085, -3.0567541122436523, -2.902921199798584, -19.188081741333008, -10.54594898223877, -8.596354484558105, -19.900041580200195, -9.512618064880371, -8.703180313110352], "lowlevel.spectral_contrast_coeffs.mean": [-0.5758558511734009, -0.659993588924408, -0.7023679614067078, -0.7733215093612671, -0.801718533039093, -0.7914397120475769], "lowlevel.spectral_contrast_coeffs.stdev": [0.10883796960115433, 0.09942957013845444, 0.09625981748104095, 0.06243107467889786, 0.04891965910792351, 0.04967629164457321], "lowlevel.spectral_contrast_valleys.mean": [-7.977916240692139, -8.474958419799805, -9.369669914245605, -9.85297679901123, -9.869067192077637, -12.621295928955078], "lowlevel.spectral_contrast_valleys.stdev": [1.164025068283081, 1.2652443647384644, 1.289021611213684, 1.3012218475341797, 1.3970837593078613, 1.704199194908142], "rhythm.beats_loudness_band_ratio.mean": [0.3152526915073395, 0.5481055378913879, 0.16998203098773956, 0.06765051931142807, 0.015750547870993614, 0.008281712420284748], "rhythm.beats_loudness_band_ratio.stdev": [0.26597341895103455, 0.2444448471069336, 0.2111203372478485, 0.12005984038114548, 0.02375536598265171, 0.020313289016485214], "tonal.hpcp.mean": [0.20407922565937042, 0.09377044439315796, 0.013671964406967163, 0.01138577051460743, 0.018169065937399864, 0.04384387284517288, 0.07018835842609406, 0.05087241530418396, 0.05547386780381203, 0.09191097319126129, 0.06189320981502533, 0.01914125308394432, 0.017232507467269897, 0.020509453490376472, 0.16542164981365204, 0.3036929666996002, 0.16694778203964233, 0.019627770408988, 0.005695192143321037, 0.00984535925090313, 0.05372318997979164, 0.09494896233081818, 0.060087934136390686, 0.023299992084503174, 0.0208981242030859, 0.015409101732075214, 0.025373471900820732, 0.038518842309713364, 0.038780778646469116, 0.26435592770576477, 0.446181982755661, 0.21342456340789795, 0.016737516969442368, 0.011395318433642387, 0.01830444484949112, 0.13290709257125854], "tonal.hpcp.stdev": [0.3497193455696106, 0.1846383661031723, 0.08383176475763321, 0.07832895219326019, 0.11887646466493607, 0.14393620193004608, 0.2006675750017166, 0.15259121358394623, 0.1703261137008667, 0.2395632416009903, 0.18817052245140076, 0.1097695380449295, 0.11035480350255966, 0.1013585701584816, 0.2512228786945343, 0.3760974109172821, 0.25235220789909363, 0.10173562169075012, 0.04937082156538963, 0.07453019171953201, 0.16597068309783936, 0.245978444814682, 0.1882823407649994, 0.11694535613059998, 0.12369382381439209, 0.09938419610261917, 0.11664377897977829, 0.16056333482265472, 0.14999127388000488, 0.2758059501647949, 0.4275575578212738, 0.23692730069160461, 0.09548299759626389, 0.07904557883739471, 0.10687599331140518, 0.24956299364566803], "rhythm.beats_position": [0.6037188172340393, 1.2190475463867188, 1.8459863662719727, 2.4729251861572266, 3.111473798751831, 3.7616326808929443, 4.4117913246154785, 5.073559761047363, 5.735328674316406, 6.3854875564575195, 7.024035930633545, 7.685804843902588, 8.335963249206543, 8.986122131347656, 9.63628101348877, 10.286439895629883, 10.948208808898926, 11.609976768493652, 12.260135650634766, 12.921904563903809, 13.583673477172852, 14.233832359313965, 14.883990287780762, 15.545759201049805, 16.20752716064453, 16.85768699645996, 17.496234893798828, 18.158004760742188, 18.808162689208984, 19.458322525024414, 20.10848045349121, 20.781858444213867, 21.432018280029297, 22.082176208496094, 22.720726013183594, 23.37088394165039, 24.032651901245117, 24.706031799316406, 25.367799758911133, 26.029569625854492, 26.69133758544922, 27.341495513916016, 27.991655349731445, 28.653423309326172, 29.3035831451416, 29.94213104248047, 30.603899002075195, 31.288888931274414, 31.973876953125, 32.65886688232422, 33.332244873046875, 33.994014739990234, 34.66739273071289, 35.352378845214844, 36.03736877441406, 36.72235870361328, 37.407344818115234, 38.069114685058594, 38.73088455200195, 39.40426254272461], "rhythm.bpm_histogram": [0.0, 0.0, 0.0, 0.0, 0.0, 0.0, 0.0, 0.0, 0.0, 0.0, 0.0, 0.0, 0.0, 0.0, 0.0, 0.0, 0.0, 0.0, 0.0, 0.0, 0.0, 0.0, 0.0, 0.0, 0.0, 0.0, 0.0, 0.0, 0.0, 0.0, 0.0, 0.0, 0.0, 0.0, 0.0, 0.0, 0.0, 0.0, 0.0, 0.0, 0.0, 0.0, 0.0, 0.0, 0.0, 0.0, 0.0, 0.0, 0.0, 0.0, 0.0, 0.0, 0.0, 0.0, 0.0, 0.0, 0.0, 0.0, 0.0, 0.0, 0.0, 0.0, 0.0, 0.0, 0.0, 0.0, 0.0, 0.0, 0.0, 0.0, 0.0, 0.0, 0.0, 0.0, 0.0, 0.0, 0.0, 0.0, 0.0, 0.0, 0.0, 0.0, 0.0, 0.0, 0.0, 0.0, 0.0, 0.0, 0.11864406615495682, 0.08474576473236084, 0.0, 0.32203391194343567, 0.33898305892944336, 0.0, 0.08474576473236084, 0.0, 0.033898305147886276, 0.0, 0.016949152573943138, 0.0, 0.0, 0.0, 0.0, 0.0, 0.0, 0.0, 0.0, 0.0, 0.0, 0.0, 0.0, 0.0, 0.0, 0.0, 0.0, 0.0, 0.0, 0.0, 0.0, 0.0, 0.0, 0.0, 0.0, 0.0, 0.0, 0.0, 0.0, 0.0, 0.0, 0.0, 0.0, 0.0, 0.0, 0.0, 0.0, 0.0, 0.0, 0.0, 0.0, 0.0, 0.0, 0.0, 0.0, 0.0, 0.0, 0.0, 0.0, 0.0, 0.0, 0.0, 0.0, 0.0, 0.0, 0.0, 0.0, 0.0, 0.0, 0.0, 0.0, 0.0, 0.0, 0.0, 0.0, 0.0, 0.0, 0.0, 0.0, 0.0, 0.0, 0.0, 0.0, 0.0, 0.0, 0.0, 0.0, 0.0, 0.0, 0.0, 0.0, 0.0, 0.0, 0.0, 0.0, 0.0, 0.0, 0.0, 0.0, 0.0, 0.0, 0.0, 0.0, 0.0, 0.0, 0.0, 0.0, 0.0, 0.0, 0.0, 0.0, 0.0, 0.0, 0.0, 0.0, 0.0, 0.0, 0.0, 0.0, 0.0, 0.0, 0.0, 0.0, 0.0, 0.0, 0.0, 0.0, 0.0, 0.0, 0.0, 0.0, 0.0, 0.0, 0.0, 0.0, 0.0, 0.0, 0.0, 0.0, 0.0, 0.0, 0.0, 0.0, 0.0, 0.0, 0.0, 0.0, 0.0, 0.0, 0.0, 0.0, 0.0, 0.0, 0.0, 0.0, 0.0, 0.0, 0.0, 0.0, 0.0, 0.0, 0.0], "tonal.chords_histogram": [46.99074172973633, 3.5879628658294678, 9.606481552124023, 0.0, 0.0, 0.0, 0.0, 0.0, 0.0, 0.0, 0.0, 0.0, 0.0, 0.0, 0.0, 0.0, 0.0, 8.101851463317871, 0.0, 11.11111068725586, 0.0, 11.11111068725586, 7.291666507720947, 2.1990740299224854], "tonal.thpcp": [1.0, 0.4783352315425873, 0.03751275688409805, 0.025539619848132133, 0.04102461785078049, 0.29787641763687134, 0.45739009976387024, 0.21016187965869904, 0.030642125755548477, 0.025518221780657768, 0.04072120040655136, 0.09826455265283585, 0.15730881690979004, 0.11401718854904175, 0.12433014065027237, 0.2059943675994873, 0.1387174129486084, 0.04290010407567024, 0.03862214833498001, 0.04596656560897827, 0.370749294757843, 0.6806482076644897, 0.3741697072982788, 0.04399050399661064, 0.012764280661940575, 0.022065792232751846, 0.12040645629167557, 0.2128032147884369, 0.13467136025428772, 0.05222082510590553, 0.04683766886591911, 0.03453546389937401, 0.05686798691749573, 0.08632989227771759, 0.0869169533252716, 0.5924845337867737], "lowlevel.gfcc.cov": [[14718.494140625, -3140.638916015625, -1137.1748046875, -691.3348388671875, -2044.8275146484375, 256.6231994628906, -1035.980712890625, 616.3062744140625, -492.466796875, 449.0601806640625, -222.0992431640625, 294.3912048339844, 217.96630859375], [-3140.638916015625, 3033.94580078125, 377.876220703125, -44.2566032409668, 1119.6810302734375, -183.55303955078125, 629.5332641601562, -489.0469970703125, 304.7926025390625, -329.4109802246094, 265.4164733886719, -283.3527526855469, 4.314121246337891], [-1137.1748046875, 377.876220703125, 1467.53125, 384.9564208984375, 457.7503662109375, 105.5063705444336, -36.07316970825195, 53.39789581298828, 10.961928367614746, -28.087844848632812, 14.725037574768066, 36.71284866333008, -206.80552673339844], [-691.3348388671875, -44.2566032409668, 384.9564208984375, 890.636474609375, 363.4359130859375, 143.25503540039062, 45.16415786743164, 1.9139795303344727, 27.36966896057129, -38.3516845703125, -11.857711791992188, 55.43427658081055, -127.11429595947266], [-2044.8275146484375, 1119.6810302734375, 457.7503662109375, 363.4359130859375, 921.8255615234375, 81.82876586914062, 267.4479675292969, -186.31878662109375, 120.94017028808594, -86.34553527832031, 88.124755859375, -76.34362030029297, -123.35670471191406], [256.6231994628906, -183.55303955078125, 105.5063705444336, 143.25503540039062, 81.82876586914062, 477.0909729003906, 94.76034545898438, 31.057754516601562, -12.231667518615723, 127.99738311767578, 27.16320037841797, -25.634326934814453, -29.27663230895996], [-1035.980712890625, 629.5332641601562, -36.07316970825195, 45.16415786743164, 267.4479675292969, 94.76034545898438, 392.10528564453125, -56.971492767333984, 95.03181457519531, -52.19570541381836, 43.76801300048828, -45.7375373840332, 1.2556068897247314], [616.3062744140625, -489.0469970703125, 53.39789581298828, 1.9139795303344727, -186.31878662109375, 31.057754516601562, -56.971492767333984, 286.08154296875, -7.653127670288086, 40.252750396728516, -45.55977249145508, 89.6998519897461, -13.171544075012207], [-492.466796875, 304.7926025390625, 10.961928367614746, 27.36966896057129, 120.94017028808594, -12.231667518615723, 95.03181457519531, -7.653127670288086, 176.66555786132812, 5.396211624145508, 58.82009506225586, -7.042464733123779, -5.1562957763671875], [449.0601806640625, -329.4109802246094, -28.087844848632812, -38.3516845703125, -86.34553527832031, 127.99738311767578, -52.19570541381836, 40.252750396728516, 5.396211624145508, 233.5877685546875, 48.59468460083008, 19.477432250976562, 1.7639150619506836], [-222.0992431640625, 265.4164733886719, 14.725037574768066, -11.857711791992188, 88.124755859375, 27.16320037841797, 43.76801300048828, -45.55977249145508, 58.82009506225586, 48.59468460083008, 177.0013885498047, -2.360969305038452, 10.841736793518066], [294.3912048339844, -283.3527526855469, 36.71284866333008, 55.43427658081055, -76.34362030029297, -25.634326934814453, -45.7375373840332, 89.6998519897461, -7.042464733123779, 19.477432250976562, -2.360969305038452, 149.1125030517578, -20.07681655883789], [217.96630859375, 4.314121246337891, -206.80552673339844, -127.11429595947266, -123.35670471191406, -29.27663230895996, 1.2556068897247314, -13.171544075012207, -5.1562957763671875, 1.7639150619506836, 10.841736793518066, -20.07681655883789, 160.26914978027344]], "lowlevel.gfcc.icov": [[0.0001301326701650396, -0.00016208011948037893, 0.00011055570212192833, -3.073931293329224e-05, 0.0002527902543079108, -0.00021758633374702185, 0.0003578896285034716, -0.0001980359957087785, 0.0002046144800260663, -0.00015801985864527524, 0.0001323281176155433, -0.0002202196337748319, 5.3185533033683896e-05], [-0.00016208011948037893, 0.002516121370717883, -0.0007175164064392447, 0.0008430447778664529, -0.0018418669933453202, 0.0012108739465475082, -0.002304350258782506, 0.0016352380625903606, -0.0015212633879855275, 0.002083811443299055, -0.002127261832356453, 0.0020511033944785595, -0.0008195678237825632], [0.00011055570212192833, -0.0007175164064392447, 0.0012799500254914165, -0.0003238220524508506, 1.4197076779964846e-05, -0.000585209287237376, 0.0012538069859147072, -0.0009771778713911772, 0.0006158838514238596, -0.0004072027513757348, 0.0004453110450413078, -0.0006751636974513531, 0.0009872164810076356], [-3.073931293329224e-05, 0.0008430447778664529, -0.0003238220524508506, 0.0019358925055712461, -0.0012152555864304304, -0.00021986415958963335, -0.0003991833655163646, 0.0005641327006742358, -0.0006847839686088264, 0.0011224830523133278, -0.0003577648603823036, -0.00026110297767445445, 0.0001677504478720948], [0.0002527902543079108, -0.0018418669933453202, 1.4197076779964846e-05, -0.0012152555864304304, 0.004074139520525932, -0.0009870168287307024, 0.0006925255293026567, -7.437942258547992e-05, 0.0005576364346779883, -0.0012121731415390968, 0.0009688854916021228, -0.0009689145954325795, 0.0015485764015465975], [-0.00021758633374702185, 0.0012108739465475082, -0.000585209287237376, -0.00021986415958963335, -0.0009870168287307024, 0.00403045816347003, -0.0026229589711874723, 0.0003033810935448855, 0.00026553028146736324, -0.0011388806160539389, -0.00118470867164433, 0.0022645166609436274, -0.0002592553792055696], [0.0003578896285034716, -0.002304350258782506, 0.0012538069859147072, -0.0003991833655163646, 0.0006925255293026567, -0.0026229589711874723, 0.006756658665835857, -0.0018512436654418707, -6.782251148251817e-05, -0.0005393893225118518, 0.001805960782803595, -0.0020123585127294064, 0.00035486987326294184], [-0.0001980359957087785, 0.0016352380625903606, -0.0009771778713911772, 0.0005641327006742358, -7.437942258547992e-05, 0.0003033810935448855, -0.0018512436654418707, 0.006627338007092476, -0.0021325864363461733, 0.0010741888545453548, -1.414117377862567e-05, -0.0012891170335933566, -0.0002718020405154675], [0.0002046144800260663, -0.0015212633879855275, 0.0006158838514238596, -0.0006847839686088264, 0.0005576364346779883, 0.00026553028146736324, -6.782251148251817e-05, -0.0021325864363461733, 0.008819002658128738, -0.0021357170771807432, -0.0008003903203643858, -0.0008385629043914378, 0.0005735756712965667], [-0.00015801985864527524, 0.002083811443299055, -0.0004072027513757348, 0.0011224830523133278, -0.0012121731415390968, -0.0011388806160539389, -0.0005393893225118518, 0.0010741888545453548, -0.0021357170771807432, 0.008230013772845268, -0.0035423373337835073, 0.0010526056867092848, -0.00031267781741917133], [0.0001323281176155433, -0.002127261832356453, 0.0004453110450413078, -0.0003577648603823036, 0.0009688854916021228, -0.00118470867164433, 0.001805960782803595, -1.414117377862567e-05, -0.0008003903203643858, -0.0035423373337835073, 0.0094123100861907, -0.002892347751185298, -0.0003036344132851809], [-0.0002202196337748319, 0.0020511033944785595, -0.0006751636974513531, -0.00026110297767445445, -0.0009689145954325795, 0.0022645166609436274, -0.0020123585127294064, -0.0012891170335933566, -0.0008385629043914378, 0.0010526056867092848, -0.002892347751185298, 0.011171032674610615, 0.0003002005978487432], [5.3185533033683896e-05, -0.0008195678237825632, 0.0009872164810076356, 0.0001677504478720948, 0.0015485764015465975, -0.0002592553792055696, 0.00035486987326294184, -0.0002718020405154675, 0.0005735756712965667, -0.00031267781741917133, -0.0003036344132851809, 0.0003002005978487432, 0.008795628324151039]], "lowlevel.mfcc.cov": [[12486.97265625, -2048.302978515625, -998.0285034179688, -980.6293334960938, -1033.5831298828125, -873.273193359375, -378.146728515625, -526.1152954101562, -74.24378204345703, -39.75034713745117, -504.5140686035156, 8.347125053405762, -222.96902465820312], [-2048.302978515625, 2337.279052734375, 126.50077056884766, 144.12396240234375, 340.8222351074219, 289.48919677734375, 212.79554748535156, 86.74284362792969, -36.25148391723633, 41.400611877441406, 117.35936737060547, -18.880807876586914, 45.02669906616211], [-998.0285034179688, 126.50077056884766, 935.2222900390625, 241.3052520751953, 311.81341552734375, 147.2598419189453, 82.27915954589844, 174.78370666503906, -7.035796165466309, 3.4096484184265137, 134.8948516845703, 81.10687255859375, -24.062124252319336], [-980.6293334960938, 144.12396240234375, 241.3052520751953, 736.53515625, 367.8146057128906, 204.599853515625, 48.35314178466797, 202.90457153320312, -11.741835594177246, -86.6181411743164, 133.82757568359375, 73.64523315429688, 45.04789733886719], [-1033.5831298828125, 340.8222351074219, 311.81341552734375, 367.8146057128906, 577.8681030273438, 268.5054931640625, 115.84537506103516, 124.33364868164062, -38.848690032958984, 23.774452209472656, 146.0936737060547, 55.79673767089844, 1.1555461883544922], [-873.273193359375, 289.48919677734375, 147.2598419189453, 204.599853515625, 268.5054931640625, 550.533935546875, 211.2002716064453, 70.15412139892578, 15.268908500671387, 105.97773742675781, 156.33262634277344, -19.231433868408203, 57.47626495361328], [-378.146728515625, 212.79554748535156, 82.27915954589844, 48.35314178466797, 115.84537506103516, 211.2002716064453, 268.4354248046875, 73.06425476074219, 36.65168762207031, 81.35680389404297, 52.391685485839844, 4.262174606323242, 3.486168146133423], [-526.1152954101562, 86.74284362792969, 174.78370666503906, 202.90457153320312, 124.33364868164062, 70.15412139892578, 73.06425476074219, 303.4089050292969, 60.006404876708984, -24.27519989013672, 76.0216293334961, 53.77439498901367, 52.03428268432617], [-74.24378204345703, -36.25148391723633, -7.035796165466309, -11.741835594177246, -38.848690032958984, 15.268908500671387, 36.65168762207031, 60.006404876708984, 172.6486358642578, 49.204795837402344, -20.3790225982666, -5.678530693054199, 16.3295841217041], [-39.75034713745117, 41.400611877441406, 3.4096484184265137, -86.6181411743164, 23.774452209472656, 105.97773742675781, 81.35680389404297, -24.27519989013672, 49.204795837402344, 189.49154663085938, 49.16258239746094, -17.715160369873047, 4.747777462005615], [-504.5140686035156, 117.35936737060547, 134.8948516845703, 133.82757568359375, 146.0936737060547, 156.33262634277344, 52.391685485839844, 76.0216293334961, -20.3790225982666, 49.16258239746094, 209.49925231933594, 58.78348159790039, 33.36503982543945], [8.347125053405762, -18.880807876586914, 81.10687255859375, 73.64523315429688, 55.79673767089844, -19.231433868408203, 4.262174606323242, 53.77439498901367, -5.678530693054199, -17.715160369873047, 58.78348159790039, 155.1574249267578, 56.0629768371582], [-222.96902465820312, 45.02669906616211, -24.062124252319336, 45.04789733886719, 1.1555461883544922, 57.47626495361328, 3.486168146133423, 52.03428268432617, 16.3295841217041, 4.747777462005615, 33.36503982543945, 56.0629768371582, 139.03927612304688]], "lowlevel.mfcc.icov": [[0.00012119310849811882, 7.281940634129569e-05, 7.839960017008707e-05, 4.618891762220301e-05, 8.709362737135962e-05, -1.246978431623802e-08, 2.1538964574574493e-05, 1.029675331665203e-05, 0.00010133376781595871, -8.681657345732674e-05, 0.00016539367788936943, -0.00024194327124860138, 0.00021318855579011142], [7.281940634129569e-05, 0.0005521267303265631, 6.761195982107893e-05, 0.00012203229562146589, -0.0002565415925346315, 2.714768379519228e-05, -0.000337641075020656, 2.0124354705330916e-05, 0.0001481568324379623, 0.00010829067468876019, -4.988308501197025e-05, 0.00016776811389718205, -0.0001747928763506934], [7.839960017008707e-05, 6.761195982107893e-05, 0.0015274713514372706, 7.118740177247673e-05, -0.00046053723781369627, -0.00015872978838160634, 0.00010263191506965086, -0.0006282625836320221, 0.00010061725333798677, -5.332172440830618e-05, -0.0001554821792524308, -0.0007661996642127633, 0.0009833602234721184], [4.618891762220301e-05, 0.00012203229562146589, 7.118740177247673e-