{"song_id": "1183703073307246602", "download": "https://cdn.discordapp.com/attachments/1135903449314238464/1183703073307246602/chirp.mp4?ex=65894c64&amp", "lyrics": "Haniyeh, Haniyeh, the hypocrite's role,\nI'm playing the villain, taking a toll.\nWhile Gaza's children suffer, it's true,\nI'm sipping champagne, living like a shrewd.\n\n(Outro)\nRemember me, Ismail Haniyeh, the name,\nIn this rap, I'm exposed to my shame.\nI may bask in wealth, but it's all a lie,\nWhile Gaza's youth suffer, I can't deny.\n\nAnd I don't care lol", "style": ["hip hop</span><span>, middle eastern</span><span>, rap"], "essentia_features": {"lowlevel.average_loudness": 0.9449527263641357, "lowlevel.barkbands_crest.mean": 13.646297454833984, "lowlevel.barkbands_crest.stdev": 6.05091667175293, "lowlevel.barkbands_flatness_db.mean": 0.22260014712810516, "lowlevel.barkbands_flatness_db.stdev": 0.11369355767965317, "lowlevel.barkbands_kurtosis.mean": 53.706729888916016, "lowlevel.barkbands_kurtosis.stdev": 199.2661590576172, "lowlevel.barkbands_skewness.mean": 3.408026695251465, "lowlevel.barkbands_skewness.stdev": 4.384829044342041, "lowlevel.barkbands_spread.mean": 18.981884002685547, "lowlevel.barkbands_spread.stdev": 18.843584060668945, "lowlevel.dissonance.mean": 0.4677608609199524, "lowlevel.dissonance.stdev": 0.025890154764056206, "lowlevel.dynamic_complexity": 6.493377685546875, "lowlevel.erbbands_crest.mean": 11.022448539733887, "lowlevel.erbbands_crest.stdev": 5.172624588012695, "lowlevel.erbbands_flatness_db.mean": 0.19533614814281464, "lowlevel.erbbands_flatness_db.stdev": 0.05144086852669716, "lowlevel.erbbands_kurtosis.mean": 4.570355415344238, "lowlevel.erbbands_kurtosis.stdev": 21.005895614624023, "lowlevel.erbbands_skewness.mean": 0.5001776814460754, "lowlevel.erbbands_skewness.stdev": 1.9709538221359253, "lowlevel.erbbands_spread.mean": 42.76683807373047, "lowlevel.erbbands_spread.stdev": 24.414981842041016, "lowlevel.hfc.mean": 10.469025611877441, "lowlevel.hfc.stdev": 14.082823753356934, "lowlevel.loudness_ebu128.integrated": -15.8612060546875, "lowlevel.loudness_ebu128.loudness_range": 4.383785247802734, "lowlevel.loudness_ebu128.momentary.mean": -19.069194793701172, "lowlevel.loudness_ebu128.momentary.stdev": 6.939023017883301, "lowlevel.loudness_ebu128.short_term.mean": -16.837047576904297, "lowlevel.loudness_ebu128.short_term.stdev": 2.818701982498169, "lowlevel.melbands_crest.mean": 19.498851776123047, "lowlevel.melbands_crest.stdev": 7.281599998474121, "lowlevel.melbands_flatness_db.mean": 0.3092408776283264, "lowlevel.melbands_flatness_db.stdev": 0.13574890792369843, "lowlevel.melbands_kurtosis.mean": 61.964805603027344, "lowlevel.melbands_kurtosis.stdev": 123.74193572998047, "lowlevel.melbands_skewness.mean": 4.541684150695801, "lowlevel.melbands_skewness.stdev": 3.7258100509643555, "lowlevel.melbands_spread.mean": 21.54106330871582, "lowlevel.melbands_spread.stdev": 32.984527587890625, "lowlevel.pitch_salience.mean": 0.4355889856815338, "lowlevel.pitch_salience.stdev": 0.18035703897476196, "lowlevel.silence_rate_20dB.mean": 1.0, "lowlevel.silence_rate_20dB.stdev": 0.0, "lowlevel.silence_rate_30dB.mean": 0.9002535939216614, "lowlevel.silence_rate_30dB.stdev": 0.29966068267822266, "lowlevel.silence_rate_60dB.mean": 0.26120033860206604, "lowlevel.silence_rate_60dB.stdev": 0.43928760290145874, "lowlevel.spectral_centroid.mean": 1228.37744140625, "lowlevel.spectral_centroid.stdev": 943.5833740234375, "lowlevel.spectral_complexity.mean": 8.677092552185059, "lowlevel.spectral_complexity.stdev": 9.77603816986084, "lowlevel.spectral_decrease.mean": -7.895166298510503e-09, "lowlevel.spectral_decrease.stdev": 1.5003829290094473e-08, "lowlevel.spectral_energy.mean": 0.03074772097170353, "lowlevel.spectral_energy.stdev": 0.05730944499373436, "lowlevel.spectral_energyband_high.mean": 0.00045380659867078066, "lowlevel.spectral_energyband_high.stdev": 0.0012229102430865169, "lowlevel.spectral_energyband_low.mean": 0.023348938673734665, "lowlevel.spectral_energyband_low.stdev": 0.05515168979763985, "lowlevel.spectral_energyband_middle_high.mean": 0.001968895550817251, "lowlevel.spectral_energyband_middle_high.stdev": 0.0033470646012574434, "lowlevel.spectral_energyband_middle_low.mean": 0.00644537340849638, "lowlevel.spectral_energyband_middle_low.stdev": 0.014272909611463547, "lowlevel.spectral_entropy.mean": 7.069470405578613, "lowlevel.spectral_entropy.stdev": 0.7335980534553528, "lowlevel.spectral_flux.mean": 0.0826871395111084, "lowlevel.spectral_flux.stdev": 0.09919165819883347, "lowlevel.spectral_kurtosis.mean": 8.244668006896973, "lowlevel.spectral_kurtosis.stdev": 10.22730827331543, "lowlevel.spectral_rms.mean": 0.003959966357797384, "lowlevel.spectral_rms.stdev": 0.003783704712986946, "lowlevel.spectral_rolloff.mean": 1321.677490234375, "lowlevel.spectral_rolloff.stdev": 1837.3880615234375, "lowlevel.spectral_skewness.mean": 1.8009254932403564, "lowlevel.spectral_skewness.stdev": 1.014061450958252, "lowlevel.spectral_spread.mean": 3913331.5, "lowlevel.spectral_spread.stdev": 1812508.75, "lowlevel.spectral_strongpeak.mean": 0.5452067852020264, "lowlevel.spectral_strongpeak.stdev": 0.6800095438957214, "lowlevel.zerocrossingrate.mean": 0.04976630210876465, "lowlevel.zerocrossingrate.stdev": 0.047917064279317856, "metadata.audio_properties.analysis.equal_loudness": 0.0, "metadata.audio_properties.analysis.length": 27.434648513793945, "metadata.audio_properties.analysis.sample_rate": 44100.0, "metadata.audio_properties.analysis.start_time": 0.0, "metadata.audio_properties.bit_rate": 117045.0, "metadata.audio_properties.length": 27.434667587280273, "metadata.audio_properties.lossless": 0.0, "metadata.audio_properties.number_channels": 1.0, "metadata.audio_properties.replay_gain": -11.409053802490234, "metadata.audio_properties.sample_rate": 48000.0, "rhythm.beats_count": 44.0, "rhythm.beats_loudness.mean": 0.05875633656978607, "rhythm.beats_loudness.stdev": 0.06498908996582031, "rhythm.bpm": 97.170166015625, "rhythm.bpm_histogram_first_peak_bpm": 98.0, "rhythm.bpm_histogram_first_peak_weight": 0.39024388790130615, "rhythm.bpm_histogram_second_peak_bpm": 103.0, "rhythm.bpm_histogram_second_peak_spread": 0.0, "rhythm.bpm_histogram_second_peak_weight": 0.023255813866853714, "rhythm.danceability": 1.5997878313064575, "rhythm.onset_rate": 4.370375156402588, "tonal.chords_changes_rate": 0.06081081181764603, "tonal.chords_number_rate": 0.018581081181764603, "tonal.chords_strength.mean": 0.505621612071991, "tonal.chords_strength.stdev": 0.07692570239305496, "tonal.hpcp_crest.mean": 11.98642349243164, "tonal.hpcp_crest.stdev": 5.319275379180908, "tonal.hpcp_entropy.mean": 2.308271646499634, "tonal.hpcp_entropy.stdev": 0.7364020943641663, "tonal.key_edma.strength": 0.7344789505004883, "tonal.key_krumhansl.strength": 0.7441174983978271, "tonal.key_temperley.strength": 0.7504386901855469, "tonal.tuning_diatonic_strength": 0.6189917922019958, "tonal.tuning_equal_tempered_deviation": 0.15562137961387634, "tonal.tuning_frequency": 440.2542419433594, "tonal.tuning_nontempered_energy_ratio": 0.7937071919441223, "lowlevel.barkbands.mean": [0.0002860522363334894, 0.01385515183210373, 0.007761139422655106, 0.002423839643597603, 0.002449859632179141, 0.0003268494037911296, 0.0004805328499060124, 0.0002943572762887925, 0.0004290649085305631, 0.00031467381631955504, 0.0002506445744074881, 0.00025454198475927114, 0.00017284543719142675, 9.164436778519303e-05, 0.00011700331378960982, 0.00012614871957339346, 0.00012083208275726065, 0.00018323794938623905, 0.00018411055498290807, 0.00019796466222032905, 3.141723573207855e-05, 8.598127897130325e-05, 0.00022822714527137578, 6.552368722623214e-05, 7.0061287260614336e-06, 8.750032975513022e-06, 3.381559281478985e-07], "lowlevel.barkbands.stdev": [0.0006632771110162139, 0.03586278855800629, 0.030368996784090996, 0.007589554879814386, 0.008471730165183544, 0.0011459302622824907, 0.0013808374060317874, 0.000992999179288745, 0.0012602726928889751, 0.0010492722503840923, 0.0008621061570011079, 0.0009034420363605022, 0.000462675146991387, 0.000252206576988101, 0.00029796521994285285, 0.0003007201594300568, 0.00029795890441164374, 0.0003576175367925316, 0.00034922047052532434, 0.000381330493837595, 0.00012285776028875262, 0.00029442660161294043, 0.0007773011457175016, 0.00017198355635628104, 1.5377847375930287e-05, 2.2934740627533756e-05, 1.4224551705410704e-06], "lowlevel.erbbands.mean": [0.3521122634410858, 3.2771005630493164, 8.692218780517578, 9.27165699005127, 10.472783088684082, 5.869447231292725, 2.238412857055664, 3.0307579040527344, 5.4370317459106445, 8.310572624206543, 6.532404899597168, 10.063010215759277, 7.1667327880859375, 13.540546417236328, 9.424948692321777, 10.039734840393066, 8.517685890197754, 5.413595676422119, 5.692262172698975, 6.735673427581787, 7.079932689666748, 7.192938327789307, 8.98931884765625, 9.145140647888184, 13.107605934143066, 7.646181583404541, 1.586437463760376, 1.3811721801757812, 2.626725912094116, 5.595093727111816, 6.343327045440674, 2.731691837310791, 0.4697021543979645, 0.08412595093250275, 0.05333837866783142, 0.04259152337908745, 0.015946974977850914, 0.0018518295837566257, 6.0728190874215215e-05, 3.663507231976837e-05], "lowlevel.erbbands.stdev": [0.8471425771713257, 9.208629608154297, 31.686227798461914, 31.745447158813477, 34.31222915649414, 17.49172592163086, 6.492038726806641, 11.338638305664062, 16.324438095092773, 25.952011108398438, 19.741973876953125, 29.6981143951416, 20.129201889038086, 49.409332275390625, 27.641237258911133, 35.212432861328125, 23.004858016967773, 13.240263938903809, 14.4049711227417, 16.246700286865234, 17.254976272583008, 16.640201568603516, 17.344343185424805, 17.21290397644043, 22.499391555786133, 16.005245208740234, 5.908020496368408, 4.818117141723633, 8.954900741577148, 18.458232879638672, 21.807218551635742, 7.735296726226807, 1.1764155626296997, 0.20684920251369476, 0.11570416390895844, 0.1066904067993164, 0.04410207271575928, 0.005435427185148001, 0.00017282004409935325, 6.276065687416121e-05], "lowlevel.gfcc.mean": [-131.60202026367188, 107.25514221191406, -103.55692291259766, 38.47768020629883, -41.223270416259766, 12.99409008026123, -35.723087310791016, 13.221972465515137, -27.630373001098633, -20.89175033569336, -8.13595199584961, -11.140686988830566, -25.472911834716797], "lowlevel.melbands.mean": [0.003538308199495077, 0.004432700574398041, 0.0016493930015712976, 0.0006196677568368614, 9.277382196160033e-05, 6.710241723340005e-05, 8.881096437107772e-05, 8.643050387036055e-05, 5.450912067317404e-05, 6.294163904385641e-05, 3.475229095784016e-05, 5.519979458767921e-05, 3.2459294743603095e-05, 2.710533772187773e-05, 2.2988297132542357e-05, 1.7404181562596932e-05, 8.870698366081342e-06, 9.021959158417303e-06, 8.75903515407117e-06, 8.616640116088092e-06, 8.259308742708527e-06, 7.568850833195029e-06, 6.8878357524226885e-06, 8.990948117570952e-06, 7.143181846913649e-06, 6.794337423343677e-06, 1.251318917638855e-05, 3.113697857770603e-06, 9.305920229962794e-07, 7.034254281279573e-07, 8.233001267399231e-07, 1.2980169685761211e-06, 2.0381053218443412e-06, 3.6954018014512258e-06, 3.967936208937317e-06, 2.6831489776668604e-06, 1.3180989526517806e-06, 3.6648933132710226e-07, 7.469009233318502e-08, 5.9058155699176496e-08], "lowlevel.melbands.stdev": [0.008714526891708374, 0.013367758132517338, 0.0049026100896298885, 0.0021018318366259336, 0.00024179996398743242, 0.0002421088720439002, 0.00025824125623330474, 0.00027132101240567863, 0.0001677853724686429, 0.00019330269424244761, 0.00010459553595865145, 0.00020196613331791013, 9.979340393329039e-05, 8.837909263093024e-05, 9.134314313996583e-05, 4.838181848754175e-05, 2.3339247491094284e-05, 2.3854843675508164e-05, 2.2921885829418898e-05, 2.0855897673754953e-05, 2.1239675334072672e-05, 1.8833623471437022e-05, 1.494770185672678e-05, 1.7475944332545623e-05, 1.4063247363083065e-05, 1.345966120425146e-05, 2.189786573580932e-05, 8.497987437294796e-06, 3.993000973423477e-06, 2.87742841464933e-06, 2.9128304959158413e-06, 4.5189299271442e-06, 7.453061243722914e-06, 1.2730264643323608e-05, 1.4177203411236405e-05, 8.526093552063685e-06, 3.5899174690712243e-06, 9.800048701436026e-07, 2.3320835396134498e-07, 1.4936185266378743e-07], "lowlevel.melbands128.mean": [0.0002753568987827748, 0.002401214325800538, 0.005047737620770931, 0.005490229465067387, 0.0047850715927779675, 0.00361703522503376, 0.0019268550677224994, 0.0010700896382331848, 0.0011641967575997114, 0.000696449656970799, 0.00022458526655100286, 0.0001071826191036962, 6.159425538498908e-05, 6.2880790210329e-05, 6.757584924343973e-05, 6.890516669955105e-05, 7.223330612760037e-05, 9.275522461393848e-05, 0.00010860087058972567, 0.00010389622912043706, 6.892531382618472e-05, 5.075169974588789e-05, 4.722864832729101e-05, 6.472142558777705e-05, 7.177554653026164e-05, 6.66443447698839e-05, 3.632333391578868e-05, 2.3405875253956765e-05, 3.770358671317808e-05, 5.95996571064461e-05, 6.569539982592687e-05, 3.8917234633117914e-05, 2.9773678761557676e-05, 2.7721271180780604e-05, 2.668050365173258e-05, 2.6222820451948792e-05, 2.785933975246735e-05, 2.804538053169381e-05, 1.3738035704591312e-05, 2.034356293734163e-05, 1.9702216377481818e-05, 1.1869910849782173e-05, 7.312351954169571e-06, 8.385584806092083e-06, 8.583040653320495e-06, 9.76448518485995e-06, 8.712388080311939e-06, 7.596898285555653e-06, 9.292534741689451e-06, 1.0389155249868054e-05, 7.899213414930273e-06, 7.436518444592366e-06, 9.249972208635882e-06, 7.703832125116605e-06, 8.026024261198472e-06, 8.536188943253364e-06, 6.2692101892025676e-06, 5.810139555251226e-06, 7.374023425654741e-06, 8.242272087954916e-06, 8.94606546353316e-06, 1.0003959687310271e-05, 8.809113751340192e-06, 6.0392449086066335e-06, 4.568686563288793e-06, 5.275448984320974e-06, 8.412582246819511e-06, 1.3909396329836454e-05, 1.5954994523781352e-05, 7.332708264584653e-06, 2.0761458472406957e-06, 1.5251744116540067e-06, 9.983774589272798e-07, 8.51382139899215e-07, 7.716538448221399e-07, 7.178953751463268e-07, 6.795263516323757e-07, 6.363010811583081e-07, 8.185973570107308e-07, 9.901182238536421e-07, 1.2547124015327427e-06, 1.378348883918079e-06, 1.5570334426229238e-06, 2.0379725356178824e-06, 2.4097560071822954e-06, 3.1208394375425996e-06, 4.147182607994182e-06, 4.963167157256976e-06, 3.5404700611252338e-06, 3.904637651430676e-06, 3.229970616303035e-06, 2.3660431907046586e-06, 1.653429762882297e-06, 1.430806719326938e-06, 1.0842758229046012e-06, 5.12412498210324e-07, 2.1289451979100704e-07, 1.0097600267044982e-07, 7.380281630275931e-08, 5.710451489449042e-08, 6.825056431125631e-08, 5.5142827193321864e-08, 5.58381643145367e-08, 4.937381348213421e-08, 5.588209006646139e-08, 6.564116006302356e-08, 7.318041639337025e-08, 5.4213725064755636e-08, 7.358136855373232e-08, 9.491418495599646e-08, 8.364656167714202e-08, 5.979175199399833e-08, 5.315622786383756e-08, 3.123905045754327e-08, 2.2750015205019736e-08, 1.862482612580152e-08, 1.1636581476182073e-08, 3.1089291141483955e-09, 1.3810676213754647e-10, 5.526283857609782e-12, 5.02380385555834e-12, 4.773996302442907e-12, 4.643306138890635e-12, 4.562468892271854e-12, 4.466473631919987e-12, 4.3522394889417004e-12, 4.283323695730701e-12, 4.255830930721682e-12], "lowlevel.melbands128.stdev": [0.0006531805847771466, 0.006143760401755571, 0.01398479100316763, 0.017174331471323967, 0.017676888033747673, 0.014002755284309387, 0.007305691950023174, 0.0029504981357604265, 0.00433646934106946, 0.002737488364800811, 0.0006511429673992097, 0.0003236118354834616, 0.00025151524459943175, 0.0002733476285357028, 0.00033070685458369553, 0.000318861857522279, 0.00028130284044891596, 0.0003223098465241492, 0.00037275708746165037, 0.0003948212834075093, 0.000285510701360181, 0.00022104487288743258, 0.0002042409178102389, 0.0002615448029246181, 0.0002444348647259176, 0.0003109073149971664, 0.00016177126963157207, 9.779914398677647e-05, 0.00017069610476028174, 0.000244499824475497, 0.0003320759569760412, 0.00016908522229641676, 0.00011996952525805682, 0.00011505851580295712, 0.00010056483733933419, 0.000122405297588557, 0.00013276925892569125, 0.00016599359514657408, 4.450511551112868e-05, 7.583064871141687e-05, 6.219298666110262e-05, 3.978018867201172e-05, 2.3539587346022017e-05, 2.9418592021102086e-05, 2.7260175556875765e-05, 2.8103506338084117e-05, 2.5966864996007644e-05, 2.5680903490865603e-05, 2.823263821483124e-05, 2.867034709197469e-05, 2.246611620648764e-05, 2.1262496375129558e-05, 2.676493750186637e-05, 2.48031756200362e-05, 2.5353538148920052e-05, 2.354453317821026e-05, 1.7333897631033324e-05, 1.4616388398280833e-05, 1.8941240341519006e-05, 1.9846955183311366e-05, 1.874256668088492e-05, 2.7861886337632313e-05, 1.8488894056645222e-05, 1.3619743185699917e-05, 1.2594527106557507e-05, 1.4745597582077608e-05, 1.7021091480273753e-05, 2.7493802917888388e-05, 3.1589883292326704e-05, 1.9830518795060925e-05, 8.153235285135452e-06, 7.092000942066079e-06, 4.344196440797532e-06, 4.090059064765228e-06, 3.6072683542442974e-06, 3.000649712703307e-06, 3.1192905680654803e-06, 2.5456604362261714e-06, 3.0624139526480576e-06, 3.942701823689276e-06, 4.6542900236090645e-06, 5.381258233683184e-06, 5.74505338590825e-06, 8.685940883879084e-06, 8.843947398418095e-06, 1.1030905625375453e-05, 1.596751098986715e-05, 1.955474726855755e-05, 1.2735403288388625e-05, 1.5435844034072943e-05, 1.1041124707844574e-05, 7.710388672421686e-06, 4.951590199198108e-06, 4.138274562137667e-06, 3.0730045637028525e-06, 1.6169134369192761e-06, 6.383619961525255e-07, 3.3266800869569124e-07, 3.066855356337328e-07, 1.8207141749826405e-07, 1.918926813004873e-07, 1.529274271661052e-07, 1.4586608187983074e-07, 1.3321852065928397e-07, 1.5620226179180463e-07, 1.56219059022078e-07, 1.6913500644477608e-07, 1.337720476612958e-07, 2.033421111491407e-07, 2.9639025456162926e-07, 2.4313300173162133e-07, 1.604429513690775e-07, 1.8205713558927528e-07, 1.0528091820560803e-07, 7.61381286906726e-08, 5.83957593391915e-08, 3.4321804065484685e-08, 4.4288572809136895e-08, 2.072381821704994e-09, 2.0127418828841392e-11, 1.3333532195014541e-11, 1.1824731298293312e-11, 1.1553047581103204e-11, 1.1362269632109179e-11, 1.1201858017562127e-11, 1.1069727599843926e-11, 1.0975885998687485e-11, 1.0917917611652506e-11], "lowlevel.mfcc.mean": [-782.3695068359375, 139.7330780029297, 5.197213172912598, 26.16458511352539, 23.87787437438965, -1.4643394947052002, 5.774348735809326, 31.19415283203125, -26.53619384765625, 20.10862922668457, -9.774648666381836, -8.11933422088623, 1.3142694234848022], "lowlevel.spectral_contrast_coeffs.mean": [-0.6480438113212585, -0.7974172234535217, -0.8166452646255493, -0.824553370475769, -0.7304432988166809, -0.7484725117683411], "lowlevel.spectral_contrast_coeffs.stdev": [0.08133094012737274, 0.08329755812883377, 0.06483133137226105, 0.05532531440258026, 0.09420979768037796, 0.07641785591840744], "lowlevel.spectral_contrast_valleys.mean": [-7.860132217407227, -7.945595741271973, -8.362714767456055, -8.78087043762207, -9.281325340270996, -12.413847923278809], "lowlevel.spectral_contrast_valleys.stdev": [1.2902929782867432, 1.1817727088928223, 1.246330976486206, 1.270399570465088, 1.4080190658569336, 1.6924259662628174], "rhythm.beats_loudness_band_ratio.mean": [0.5659163594245911, 0.22111095488071442, 0.10343436896800995, 0.0977010726928711, 0.07745731621980667, 0.08196417987346649], "rhythm.beats_loudness_band_ratio.stdev": [0.2862139344215393, 0.2262202650308609, 0.15057924389839172, 0.13823628425598145, 0.0702257752418518, 0.12308484315872192], "tonal.hpcp.mean": [0.06728596240282059, 0.07231537997722626, 0.06496884673833847, 0.05478600412607193, 0.05026203766465187, 0.12605299055576324, 0.2543768286705017, 0.1932026445865631, 0.07178525626659393, 0.05564321205019951, 0.05382790043950081, 0.09744846820831299, 0.16379742324352264, 0.11863547563552856, 0.046198178082704544, 0.042601328343153, 0.04291636869311333, 0.047437768429517746, 0.045597922056913376, 0.0407150536775589, 0.22203460335731506, 0.3435041606426239, 0.18021506071090698, 0.06657393276691437, 0.053162239491939545, 0.05105061084032059, 0.11384598910808563, 0.16556446254253387, 0.10667078197002411, 0.055353738367557526, 0.07469584792852402, 0.11612484604120255, 0.13447187840938568, 0.10107593238353729, 0.07321444153785706, 0.0712418183684349], "tonal.hpcp.stdev": [0.17453788220882416, 0.1918335109949112, 0.166251540184021, 0.14926321804523468, 0.14648553729057312, 0.20483991503715515, 0.3620266616344452, 0.28896498680114746, 0.18167920410633087, 0.16863878071308136, 0.15611021220684052, 0.20109014213085175, 0.32231876254081726, 0.23372019827365875, 0.13941986858844757, 0.13705331087112427, 0.1433234065771103, 0.14574843645095825, 0.13114196062088013, 0.11982356756925583, 0.2840934693813324, 0.41324543952941895, 0.2389596551656723, 0.1482190042734146, 0.14723354578018188, 0.12397691607475281, 0.2122148871421814, 0.29728829860687256, 0.20885513722896576, 0.13793765008449554, 0.20196940004825592, 0.2531464397907257, 0.2795362174510956, 0.21638500690460205, 0.18715588748455048, 0.188079833984375], "rhythm.beats_position": [0.54566890001297, 1.1029478311538696, 1.6834466457366943, 2.2755556106567383, 2.902494192123413, 3.5062131881713867, 4.133152008056641, 4.7600908279418945, 5.38702917098999, 5.990748405456543, 6.606077194213867, 7.221405982971191, 7.836734771728516, 8.45206356048584, 9.067392349243164, 9.682721138000488, 10.309659957885742, 10.913378715515137, 11.528707504272461, 12.144036293029785, 12.770975112915039, 13.397913932800293, 14.013242721557617, 14.628571510314941, 15.255510330200195, 15.85922908782959, 16.474557876586914, 17.089885711669922, 17.716825485229492, 18.32054328918457, 18.94748306274414, 19.574420928955078, 20.18975067138672, 20.805078506469727, 21.420408248901367, 22.035736083984375, 22.651065826416016, 23.266393661499023, 23.893333435058594, 24.52027130126953, 25.135601043701172, 25.75092887878418, 26.37786865234375, 27.004806518554688], "rhythm.bpm_histogram": [0.0, 0.0, 0.0, 0.0, 0.0, 0.0, 0.0, 0.0, 0.0, 0.0, 0.0, 0.0, 0.0, 0.0, 0.0, 0.0, 0.0, 0.0, 0.0, 0.0, 0.0, 0.0, 0.0, 0.0, 0.0, 0.0, 0.0, 0.0, 0.0, 0.0, 0.0, 0.0, 0.0, 0.0, 0.0, 0.0, 0.0, 0.0, 0.0, 0.0, 0.0, 0.0, 0.0, 0.0, 0.0, 0.0, 0.0, 0.0, 0.0, 0.0, 0.0, 0.0, 0.0, 0.0, 0.0, 0.0, 0.0, 0.0, 0.0, 0.0, 0.0, 0.0, 0.0, 0.0, 0.0, 0.0, 0.0, 0.0, 0.0, 0.0, 0.0, 0.0, 0.0, 0.0, 0.0, 0.0, 0.0, 0.0, 0.0, 0.0, 0.0, 0.0, 0.0, 0.0, 0.0, 0.0, 0.0, 0.0, 0.0, 0.0, 0.0, 0.0, 0.0, 0.0, 0.0, 0.0, 0.3488371968269348, 0.0, 0.4651162922382355, 0.11627907305955887, 0.0, 0.023255813866853714, 0.0, 0.023255813866853714, 0.0, 0.0, 0.0, 0.0, 0.023255813866853714, 0.0, 0.0, 0.0, 0.0, 0.0, 0.0, 0.0, 0.0, 0.0, 0.0, 0.0, 0.0, 0.0, 0.0, 0.0, 0.0, 0.0, 0.0, 0.0, 0.0, 0.0, 0.0, 0.0, 0.0, 0.0, 0.0, 0.0, 0.0, 0.0, 0.0, 0.0, 0.0, 0.0, 0.0, 0.0, 0.0, 0.0, 0.0, 0.0, 0.0, 0.0, 0.0, 0.0, 0.0, 0.0, 0.0, 0.0, 0.0, 0.0, 0.0, 0.0, 0.0, 0.0, 0.0, 0.0, 0.0, 0.0, 0.0, 0.0, 0.0, 0.0, 0.0, 0.0, 0.0, 0.0, 0.0, 0.0, 0.0, 0.0, 0.0, 0.0, 0.0, 0.0, 0.0, 0.0, 0.0, 0.0, 0.0, 0.0, 0.0, 0.0, 0.0, 0.0, 0.0, 0.0, 0.0, 0.0, 0.0, 0.0, 0.0, 0.0, 0.0, 0.0, 0.0, 0.0, 0.0, 0.0, 0.0, 0.0, 0.0, 0.0, 0.0, 0.0, 0.0, 0.0, 0.0, 0.0, 0.0, 0.0, 0.0, 0.0, 0.0, 0.0, 0.0, 0.0, 0.0, 0.0, 0.0, 0.0, 0.0, 0.0, 0.0, 0.0, 0.0, 0.0, 0.0, 0.0, 0.0, 0.0, 0.0, 0.0, 0.0, 0.0, 0.0, 0.0, 0.0, 0.0, 0.0, 0.0, 0.0, 0.0], "tonal.chords_histogram": [22.29729652404785, 2.195945978164673, 4.222972869873047, 0.0, 5.236486434936523, 0.0, 1.5202702283859253, 0.1689189225435257, 0.0, 0.0, 0.0, 0.0, 0.0, 0.0, 0.0, 7.770270347595215, 10.472972869873047, 19.256755828857422, 0.0, 0.0, 0.0, 16.385135650634766, 4.054054260253906, 6.418919086456299], "tonal.thpcp": [1.0, 0.5246372222900391, 0.19380822777748108, 0.15476447343826294, 0.14861714839935303, 0.33142536878585815, 0.48198676109313965, 0.31053709983825684, 0.16114430129528046, 0.2174525260925293, 0.33805951476097107, 0.39147087931632996, 0.2942495048046112, 0.21313989162445068, 0.2073972523212433, 0.19588106870651245, 0.2105225771665573, 0.18913555145263672, 0.15949152410030365, 0.14632147550582886, 0.3669620454311371, 0.7405349016189575, 0.5624462962150574, 0.2089792937040329, 0.16198700666427612, 0.15670232474803925, 0.28368934988975525, 0.47684261202812195, 0.3453683853149414, 0.13449087738990784, 0.12401983141899109, 0.12493696808815002, 0.1380995512008667, 0.13274343311786652, 0.11852855980396271, 0.646381139755249], "lowlevel.gfcc.cov": [[20014.24609375, -3627.8955078125, -530.396728515625, 1054.0279541015625, -1002.0814208984375, 777.285400390625, -142.03810119628906, 901.8536376953125, 373.2374267578125, 374.06781005859375, 103.36335754394531, 970.1885375976562, -1059.966796875], [-3627.8955078125, 2659.806396484375, -144.68603515625, -688.5501708984375, 777.2470092773438, -457.0683288574219, 353.4510192871094, -31.639951705932617, 48.551082611083984, -172.33351135253906, 263.8240661621094, -329.1808166503906, 355.65386962890625], [-530.396728515625, -144.68603515625, 1505.371826171875, 570.2506713867188, 246.70973205566406, 430.2099609375, 209.38475036621094, -13.699994087219238, 332.6330871582031, 102.3076171875, 100.70173645019531, 151.68484497070312, 92.9715576171875], [1054.0279541015625, -688.5501708984375, 570.2506713867188, 810.1580810546875, -24.859935760498047, 282.6539306640625, 39.49024200439453, -56.4583854675293, 186.7356414794922, 89.80453491210938, -37.82158660888672, 137.49127197265625, 23.759916305541992], [-1002.0814208984375, 777.2470092773438, 246.70973205566406, -24.859935760498047, 668.8807373046875, 2.344104766845703, 261.775146484375, 98.045166015625, 172.50279235839844, 13.773693084716797, 139.91717529296875, -41.489322662353516, 178.3916778564453], [777.285400390625, -457.0683288574219, 430.2099609375, 282.6539306640625, 2.344104766845703, 541.4906005859375, 231.25885009765625, -11.76020336151123, 87.4290771484375, 61.202476501464844, 39.9926643371582, 100.71410369873047, -8.373239517211914], [-142.03810119628906, 353.4510192871094, 209.38475036621094, 39.49024200439453, 261.775146484375, 231.25885009765625, 585.36279296875, 70.3953628540039, 82.6279296875, 25.425973892211914, 152.8444366455078, 14.246026039123535, 66.656005859375], [901.8536376953125, -31.639951705932617, -13.699994087219238, -56.4583854675293, 98.045166015625, -11.76020336151123, 70.3953628540039, 339.8478698730469, 133.49807739257812, 17.198808670043945, 138.1682586669922, 45.651123046875, -64.7748031616211], [373.2374267578125, 48.551082611083984, 332.6330871582031, 186.7356414794922, 172.50279235839844, 87.4290771484375, 82.6279296875, 133.49807739257812, 343.77679443359375, 110.14315795898438, 81.80767059326172, 73.04051208496094, 70.33172607421875], [374.06781005859375, -172.33351135253906, 102.3076171875, 89.80453491210938, 13.773693084716797, 61.202476501464844, 25.425973892211914, 17.198808670043945, 110.14315795898438, 172.56100463867188, 23.433006286621094, 83.71910095214844, 17.783954620361328], [103.36335754394531, 263.8240661621094, 100.70173645019531, -37.82158660888672, 139.91717529296875, 39.9926643371582, 152.8444366455078, 138.1682586669922, 81.80767059326172, 23.433006286621094, 241.5675506591797, 40.45026397705078, 15.675406455993652], [970.1885375976562, -329.1808166503906, 151.68484497070312, 137.49127197265625, -41.489322662353516, 100.71410369873047, 14.246026039123535, 45.651123046875, 73.04051208496094, 83.71910095214844, 40.45026397705078, 205.57989501953125, -21.613658905029297], [-1059.966796875, 355.65386962890625, 92.9715576171875, 23.759916305541992, 178.3916778564453, -8.373239517211914, 66.656005859375, -64.7748031616211, 70.33172607421875, 17.783954620361328, 15.675406455993652, -21.613658905029297, 225.94190979003906]], "lowlevel.gfcc.icov": [[0.00012547017831820995, -4.657604586100206e-05, 0.0001890293206088245, -0.00019107412663288414, 4.260460627847351e-05, -0.00018365928553976119, 3.605226811487228e-05, -0.00022038725728634745, -0.0001245576422661543, -1.6849240637384355e-05, 8.510683983331546e-05, -0.00044840681948699057, 0.00048128372873179615], [-4.657604586100206e-05, 0.0020363167859613895, -0.00025095223099924624, 0.0013489335542544723, -0.0011539189144968987, 0.001556433504447341, -0.000866972201038152, 0.0017920632380992174, -0.0011092834174633026, 0.0014426412526518106, -0.0018868624465540051, 0.0014797974145039916, -0.0012199489865452051], [0.0001890293206088245, -0.00025095223099924624, 0.0016001083422452211, -0.0008778691408224404, -0.00022084599186200649, -0.0010368764633312821, 0.0002480503753758967, 0.00014469283632934093, -0.0010187497828155756, 0.0002733448927756399, -0.00011608580825850368, -0.0010927215917035937, 0.0010190902976319194], [-0.00019107412663288414, 0.0013489335542544723, -0.0008778691408224404, 0.0032328369561582804, -0.0005775364697910845, 0.0006901536835357547, -0.0005334427114576101, 0.0018689616117626429, -0.0014440624509006739, 0.0010624958667904139, -0.0006903686444275081, 0.0007905092788860202, -0.0013343244791030884], [4.260460627847351e-05, -0.0011539189144968987, -0.00022084599186200649, -0.0005775364697910845, 0.0034818481653928757, -0.00039787235436961055, -0.0004044865781906992, -0.0016639140667393804, 3.2576692319707945e-05, -0.0006435242830775678, 0.0006458701682277024, -0.0001835727016441524, -0.0009755223290994763], [-0.00018365928553976119, 0.001556433504447341, -0.0010368764633312821, 0.0006901536835357547, -0.00039787235436961055, 0.0046926941722631454, -0.002064932370558381, 0.001784042688086629, -0.0005319012561812997, 0.0008312631980516016, -0.0013464660150930285, 0.0010344319744035602, -0.0010562906973063946], [3.605226811487228e-05, -0.000866972201038152, 0.0002480503753758967, -0.0005334427114576101, -0.0004044865781906992, -0.002064932370558381, 0.003293873043730855, -0.0008727775420993567, 0.0007467623217962682, -0.0007379181915894151, -0.00041034913738258183, -0.0003384088340681046, 0.00033046436146833], [-0.00022038725728634745, 0.0017920632380992174, 0.00014469283632934093, 0.0018689616117626429, -0.0016639140667393804, 0.001784042688086629, -0.0008727775420993567, 0.00791179295629263, -0.0039352052845060825, 0.002535901963710785, -0.004083562176674604, 0.0009410217171534896, 0.0011933734640479088], [-0.0001245576422661543, -0.0011092834174633026, -0.0010187497828155756, -0.0014440624509006739, 3.2576692319707945e-05, -0.0005319012561812997, 0.0007467623217962682, -0.0039352052845060825, 0.007808362133800983, -0.003986050374805927, 0.0011663908371701837, 4.2838906665565446e-05, -0.0018547666259109974], [-1.6849240637384355e-05, 0.0014426412526518106, 0.0002733448927756399, 0.0010624958667904139, -0.0006435242830775678, 0.0008312631980516016, -0.0007379181915894151, 0.002535901963710785, -0.003986050374805927, 0.009958160109817982, -0.0015002924483269453, -0.001991446828469634, -0.0007199377869255841], [8.510683983331546e-05, -0.0018868624465540051, -0.00011608580825850368, -0.0006903686444275081, 0.0006458701682277024, -0.0013464660150930285, -0.00041034913738258183, -0.004083562176674604, 0.0011663908371701837, -0.0015002924483269453, 0.00867968425154686, -0.002578951185569167, 0.000786365766543895], [-0.00044840681948699057, 0.0014797974145039916, -0.0010927215917035937, 0.0007905092788860202, -0.0001835727016441524, 0.0010344319744035602, -0.0003384088340681046, 0.0009410217171534896, 4.2838906665565446e-05, -0.001991446828469634, -0.002578951185569167, 0.009966096840798855, -0.0022378708235919476], [0.00048128372873179615, -0.0012199489865452051, 0.0010190902976319194, -0.0013343244791030884, -0.0009755223290994763, -0.0010562906973063946, 0.00033046436146833, 0.0011933734640479088, -0.0018547666259109974, -0.0007199377869255841, 0.000786365766543895, -0.0022378708235919476, 0.00966616626828909]], "lowlevel.mfcc.cov": [[18335.775390625, -2595.99267578125, -857.347900390625, 135.56521606445312, -452.8167419433594, -64.65546417236328, -667.7230834960938, 1179.78125, -1018.9993896484375, 980.6887817382812, 65.65316009521484, 82.1446762084961, 553.7625122070312], [-2595.99267578125, 2610.25927734375, -567.9917602539062, -211.1879425048828, 323.5662536621094, -469.2358703613281, 333.7909240722656, 80.51124572753906, 21.662263870239258, 96.05511474609375, 67.4865493774414, 51.020748138427734, 69.17183685302734], [-857.347900390625, -567.9917602539062, 1305.95849609375, 290.3250732421875, 105.55367279052734, 551.6897583007812, 19.74656867980957, 36.414798736572266, 218.82261657714844, -82.37271118164062, 111.79579162597656, 85.0560073852539, 65.16448211669922], [135.56521606445312, -211.1879425048828, 290.3250732421875, 529.079833984375, 136.3472137451172, 209.0511016845703, -63.25050354003906, 42.115116119384766, 132.5636444091797, 12.006670951843262, 55.42572784423828, 45.96674346923828, 99.22126007080078], [-452.8167419433594, 323.5662536621094, 105.55367279052734, 136.3472137451172, 513.160888671875, -50.557098388671875, -40.801124572753906, 93.12077331542969, 48.768184661865234, 137.651611328125, 9.256020545959473, 29.507713317871094, 93.04733276367188], [-64.65546417236328, -469.2358703613281, 551.6897583007812, 209.0511016845703, -50.557098388671875, 707.4254150390625, 146.73390197753906, -36.79757308959961, 283.3388671875, -147.00404357910156, 127.89381408691406, 42.73596954345703, -17.511810302734375], [-667.7230834960938, 333.7909240722656, 19.74656867980957, -63.25050354003906, -40.801124572753906, 146.73390197753906, 446.751953125, 105.9471435546875, 66.50292205810547, 13.467273712158203, 65.96570587158203, 47.25273132324219, -20.363256454467773], [1179.78125, 80.51124572753906, 36.414798736572266, 42.115116119384766, 93.12077331542969, -36.79757308959961, 105.9471435546875, 491.9268798828125, -161.0915985107422, 306.868896484375, 46.47087478637695, 61.84711456298828, 161.41983032226562], [-1018.9993896484375, 21.662263870239258, 218.82261657714844, 132.5636444091797, 48.768184661865234, 283.3388671875, 66.50292205810547, -161.0915985107422, 423.604248046875, -137.02027893066406, 71.73628234863281, 31.918590545654297, -33.46324920654297], [980.6887817382812, 96.05511474609375, -82.37271118164062, 12.006670951843262, 137.651611328125, -147.00404357910156, 13.467273712158203, 306.868896484375, -137.02027893066406, 408.4063415527344, 34.74496841430664, 70.88258361816406, 121.70999908447266], [65.65316009521484, 67.4865493774414, 111.79579162597656, 55.42572784423828, 9.256020545959473, 127.89381408691406, 65.96570587158203, 46.47087478637695, 71.73628234863281, 34.74496841430664, 168.15501403808594, 57.014244079589844, 47.038055419921875], [82.1446762084961, 51.020748138427734, 85.0560073852539, 45.96674346923828, 29.507713317871094, 42.73596954345703, 47.25273132324219, 61.84711456298828, 31.918590545654297, 70.88258361816406, 57.014244079589844, 131.14990234375, 58.51131057739258], [553.7625122070312, 69.17183685302734, 65.16448211669922, 99.22126007080078, 93.04733276367188, -17.511810302734375, -20.363256454467773, 161.41983032226562, -33.46324920654297, 121.70999908447266, 47.038055419921875, 58.51131057739258, 194.8183135986328]], "lowlevel.mfcc.icov": [[0.00012032782251480967, 0.00011080622061854228, 0.00018161014304496348, 1.2902079106424935e-05, 8.07336691650562e-05, -0.00017670246597845107, 0.00019017935846932232, -0.0001983505644602701, 0.0001582596160005778, -0.00010165011917706579, -8.592112135374919e-05, -3.465210829745047e-05, -0.00019706373859662563], [0.00011080622061854228, 0.0008225354831665754, 0.0003472604730632156, 0.00015907520719338208, -0.0004509033460635692, 0.00051462696865201, -0.0005123213632032275, -0.00019949970010202378, -0.00012921563757117838, 0.0002688667445909232, -0.0006064340122975409, -0.00011137044202769175, -0.00044111389433965087], [0.00018161014304496348, 0.0003472604730632156, 0.0016138141509145498, -8.398279896937311e-05, -0.0003133114078082144, -0.0010981956729665399, 0.0004291431396268308, -0.0005591101362369955, 0.00024149550881702453, 0.00027406058507040143, -0.00023448951833415776, -0.000627395638730377, -0.0004621917614713311], [1.2902079106424935e-05, 0.00015907520719338208, -8.398279896937311e-05, 0.002833032049238682, -0.0005625648191198707, -0.0005908178281970322, 0.0005433138576336205, -0.00020483644038904458, -0.0005510482005774975, 0.00014990266936365515, -1.9512612198013812e-05, -0.00019574252655729651, -0.0011906421277672052], [8.07336691650562e-05, -0.0004509033460635692, -0.0003133114078082144, -0.0005625648191198707, 0.0030357125215232372, -1.930042344611138e-05, 0.0006306153954938054, -5.454058191389777e-05, -0.0005015966598875821, -0.00126418168656528, 0.0006543556810356677, 0.0004374945710878819, -0.0006043550092726946], [-0.00017670246597845107, 0.00051462696865201, -0.0010981956729665399, -0.0005908178281970322, -1.930042344611138e-05, 0.004335794132202864, -0.0015589339891448617, -0.0003536685253493488, -0.0017702765762805939, 0.0012613356811925769, -0.0016009433893486857, 0.0002689081593416631, 0.0007305312319658697], [0.00019017935846932232, -0.0005123213632032275, 0.0004291431396268308, 0.0005433138576336205, 0.0006306153954938054, -0.0015589339891448617, 0.004173574037849903, -0.0018488983623683453, -6.923404725966975e-05, 7.497848855564371e-05, -0.00023547706950921565, -0.0010489794658496976, 0.0010610991157591343], [-0.0001983505644602701, -0.00019949970010202378, -0.0005591101362369955, -0.00020483644038904458, -5.454058191389777e-05, -0.0003536685253493488, -0.0018488983623683453, 0.006079239770770073, 0.0013758536661043763, -0.003197874641045928, 0.00036898793769069016, 0.0008799995412118733, -0.002429306274279952], [0.0001582596160005778, -0.00012921563757117838, 0.00024149550881702453, -0.0005510482005774975, -0.0005015966598875821, -0.0017702765762805939, -6.923404725966975e-05, 0.0013758536661043763, 0.0047557237558066845, 2.6037894713226706e-05, -0.0007212593336589634, -0.000776363885961473, -6.29519927315414e-05], [-0.00010165011917706579, 0.0002688667445909232, 0.00027406058507040143, 0.00014990266936365515, -0.00126418168656528, 0.0012613356811925769, 7.497848855564371e-05, -0.003197874641045928, 2.6037894713226706e-05, 0.006314033176749945, -0.001056042267009616, -0.0020200617145746946, 0.00032165684388019145], [-8.592112135374919e-05, -0.0006064340122975409, -0.00023448951833415776, -1.9512612198013812e-05, 0.0006543556810356677, -0.0016009433893486857, -0.00023547706950921565, 0.00036898793769069016, -0.0007212593336589634, -0.001056042267009616, 0.009094096720218658, -0.0018777040531858802, -0.0013347846688702703], [-3.465210829745047e-05, -0.00011137044202769175, -0.000627395638730377, -0.00019574252655729651, 0.0004374945710878819, 0.0002689081593416631, -0.0010489794658496976, 0.0008799995412118733, -0.000776363885961473, -0.0020200617145746946, -0.0018777040531858802, 0.011074353009462357, -0.0023200050927698612], [-0.00019706373859662563, -0.00044111389433965087, -0.0004621917614713311, -0.0011906421277672052, -0.0006043550092726946, 0.0007305312319658697, 0.0010610991157591343, -0.002429306274279952, -6.29519927315414e-05, 0.00032165684388019145, -0.0013347846688702703, -0.0023200050927698612, 0.009896110743284225]], "metadata.audio_properties.analysis.downmix": "mix", "metadata.audio_properties.codec": "mp3", "metadata.audio_properties.md5_encoded": "2c1b05da35b6386c7435c1b685181f3c", "metadata.tags.file_name": "1183703073307246602.mp3", "metadata.version.essentia": "2.1-beta6-dev", "metadata.version.essentia_git_sha": "v2.1_beta5-1110-g77a6a954", "metadata.version.extractor": "music 2.0", "tonal.chords_key": "E", "tonal.chords_scale": "major", "tonal.key_edma.key": "E", "tonal.key_edma.scale": "major", "tonal.key_krumhansl.key": "E", "tonal.key_krumhansl.scale": "major", "tonal.key_temperley.key": "E", "tonal.key_temperley.scale": "major", "metadata.tags.encoding": ["Lavf58.45.100"]}, "essentia_models": [{"model_name": "genre_dortmund", "activations": {"alternative": "0.011552309", "blues": "0.006872057", "electronic": "0.059413128", "folkcountry": "0.0040246416", "fu