{"song_id": "1183716573383507988", "download": "https://cdn.discordapp.com/attachments/1135903449314238464/1183716573383507988/chirp.mp4?ex=658958f7&amp", "lyrics": "[verse]\nIn the moonlit night, they come alive\nMischievous shadows, always to survive\nWith dexterous paws and curious eyes\nRaccoons roam as clever allies\n\n[chorus]\nRaccoons victorious, ruling the dark\nThey conquer the night, leave their mark\nWith cunning hearts and nimble feet\nRaccoons reign, their triumph complete", "style": ["rap"], "essentia_features": {"lowlevel.average_loudness": 0.9833536744117737, "lowlevel.barkbands_crest.mean": 12.082466125488281, "lowlevel.barkbands_crest.stdev": 4.442101955413818, "lowlevel.barkbands_flatness_db.mean": 0.11540722846984863, "lowlevel.barkbands_flatness_db.stdev": 0.03559814766049385, "lowlevel.barkbands_kurtosis.mean": 3.576059579849243, "lowlevel.barkbands_kurtosis.stdev": 5.890213966369629, "lowlevel.barkbands_skewness.mean": 1.778609275817871, "lowlevel.barkbands_skewness.stdev": 1.094435691833496, "lowlevel.barkbands_spread.mean": 29.160110473632812, "lowlevel.barkbands_spread.stdev": 13.511312484741211, "lowlevel.dissonance.mean": 0.48400744795799255, "lowlevel.dissonance.stdev": 0.014332816936075687, "lowlevel.dynamic_complexity": 0.9869062900543213, "lowlevel.erbbands_crest.mean": 8.027444839477539, "lowlevel.erbbands_crest.stdev": 4.326003551483154, "lowlevel.erbbands_flatness_db.mean": 0.12117627263069153, "lowlevel.erbbands_flatness_db.stdev": 0.030611205846071243, "lowlevel.erbbands_kurtosis.mean": 0.4927222728729248, "lowlevel.erbbands_kurtosis.stdev": 1.3725377321243286, "lowlevel.erbbands_skewness.mean": -0.21592555940151215, "lowlevel.erbbands_skewness.stdev": 0.5927556157112122, "lowlevel.erbbands_spread.mean": 44.73314666748047, "lowlevel.erbbands_spread.stdev": 18.555906295776367, "lowlevel.hfc.mean": 35.721370697021484, "lowlevel.hfc.stdev": 20.679443359375, "lowlevel.loudness_ebu128.integrated": -12.062737464904785, "lowlevel.loudness_ebu128.loudness_range": 1.1266708374023438, "lowlevel.loudness_ebu128.momentary.mean": -12.104304313659668, "lowlevel.loudness_ebu128.momentary.stdev": 0.6163051724433899, "lowlevel.loudness_ebu128.short_term.mean": -12.099977493286133, "lowlevel.loudness_ebu128.short_term.stdev": 0.3681589365005493, "lowlevel.melbands_crest.mean": 19.04889678955078, "lowlevel.melbands_crest.stdev": 4.467837333679199, "lowlevel.melbands_flatness_db.mean": 0.19130800664424896, "lowlevel.melbands_flatness_db.stdev": 0.048559799790382385, "lowlevel.melbands_kurtosis.mean": 19.415498733520508, "lowlevel.melbands_kurtosis.stdev": 24.368183135986328, "lowlevel.melbands_skewness.mean": 3.607975482940674, "lowlevel.melbands_skewness.stdev": 1.992153286933899, "lowlevel.melbands_spread.mean": 23.619029998779297, "lowlevel.melbands_spread.stdev": 15.635918617248535, "lowlevel.pitch_salience.mean": 0.4769335985183716, "lowlevel.pitch_salience.stdev": 0.1151731088757515, "lowlevel.silence_rate_20dB.mean": 1.0, "lowlevel.silence_rate_20dB.stdev": 0.0, "lowlevel.silence_rate_30dB.mean": 0.9213863015174866, "lowlevel.silence_rate_30dB.stdev": 0.2691344916820526, "lowlevel.silence_rate_60dB.mean": 0.0016906170640140772, "lowlevel.silence_rate_60dB.stdev": 0.04108237847685814, "lowlevel.spectral_centroid.mean": 1726.7686767578125, "lowlevel.spectral_centroid.stdev": 535.1027221679688, "lowlevel.spectral_complexity.mean": 30.677936553955078, "lowlevel.spectral_complexity.stdev": 8.403915405273438, "lowlevel.spectral_decrease.mean": -1.4137156334470546e-08, "lowlevel.spectral_decrease.stdev": 9.037870007944093e-09, "lowlevel.spectral_energy.mean": 0.056596919894218445, "lowlevel.spectral_energy.stdev": 0.03473254665732384, "lowlevel.spectral_energyband_high.mean": 0.002232030965387821, "lowlevel.spectral_energyband_high.stdev": 0.002462875796481967, "lowlevel.spectral_energyband_low.mean": 0.03808097168803215, "lowlevel.spectral_energyband_low.stdev": 0.03408493846654892, "lowlevel.spectral_energyband_middle_high.mean": 0.008949603885412216, "lowlevel.spectral_energyband_middle_high.stdev": 0.0060576084069907665, "lowlevel.spectral_energyband_middle_low.mean": 0.008882121182978153, "lowlevel.spectral_energyband_middle_low.stdev": 0.010260725393891335, "lowlevel.spectral_entropy.mean": 7.984179496765137, "lowlevel.spectral_entropy.stdev": 0.2017601579427719, "lowlevel.spectral_flux.mean": 0.13715018332004547, "lowlevel.spectral_flux.stdev": 0.06969090551137924, "lowlevel.spectral_kurtosis.mean": 2.9385249614715576, "lowlevel.spectral_kurtosis.stdev": 1.2361105680465698, "lowlevel.spectral_rms.mean": 0.007134619634598494, "lowlevel.spectral_rms.stdev": 0.0020769357215613127, "lowlevel.spectral_rolloff.mean": 1424.7763671875, "lowlevel.spectral_rolloff.stdev": 1437.23974609375, "lowlevel.spectral_skewness.mean": 1.2930396795272827, "lowlevel.spectral_skewness.stdev": 0.28122013807296753, "lowlevel.spectral_spread.mean": 5223044.5, "lowlevel.spectral_spread.stdev": 1134133.625, "lowlevel.spectral_strongpeak.mean": 0.7162034511566162, "lowlevel.spectral_strongpeak.stdev": 0.9630679488182068, "lowlevel.zerocrossingrate.mean": 0.06345509737730026, "lowlevel.zerocrossingrate.stdev": 0.03121560998260975, "metadata.audio_properties.analysis.equal_loudness": 0.0, "metadata.audio_properties.analysis.length": 27.434648513793945, "metadata.audio_properties.analysis.sample_rate": 44100.0, "metadata.audio_properties.analysis.start_time": 0.0, "metadata.audio_properties.bit_rate": 119895.0, "metadata.audio_properties.length": 27.434667587280273, "metadata.audio_properties.lossless": 0.0, "metadata.audio_properties.number_channels": 1.0, "metadata.audio_properties.replay_gain": -12.612489700317383, "metadata.audio_properties.sample_rate": 48000.0, "rhythm.beats_count": 66.0, "rhythm.beats_loudness.mean": 0.058726247400045395, "rhythm.beats_loudness.stdev": 0.021015435457229614, "rhythm.bpm": 145.2473907470703, "rhythm.bpm_histogram_first_peak_bpm": 144.0, "rhythm.bpm_histogram_first_peak_weight": 0.4126983880996704, "rhythm.bpm_histogram_second_peak_bpm": 136.0, "rhythm.bpm_histogram_second_peak_spread": 0.0, "rhythm.bpm_histogram_second_peak_weight": 0.015384615398943424, "rhythm.danceability": 1.197322130203247, "rhythm.onset_rate": 5.790747165679932, "tonal.chords_changes_rate": 0.1435810774564743, "tonal.chords_number_rate": 0.01689189113676548, "tonal.chords_strength.mean": 0.4452430009841919, "tonal.chords_strength.stdev": 0.07635650038719177, "tonal.hpcp_crest.mean": 11.100029945373535, "tonal.hpcp_crest.stdev": 5.35015869140625, "tonal.hpcp_entropy.mean": 2.440537452697754, "tonal.hpcp_entropy.stdev": 0.7938991189002991, "tonal.key_edma.strength": 0.6429922580718994, "tonal.key_krumhansl.strength": 0.6442881226539612, "tonal.key_temperley.strength": 0.6579568982124329, "tonal.tuning_diatonic_strength": 0.4985514283180237, "tonal.tuning_equal_tempered_deviation": 0.17474699020385742, "tonal.tuning_frequency": 439.4919738769531, "tonal.tuning_nontempered_energy_ratio": 0.8631929159164429, "lowlevel.barkbands.mean": [0.0013420662144199014, 0.022584933787584305, 0.012720521539449692, 0.003236497286707163, 0.0021694025490432978, 0.0007667940808460116, 0.0009298311197198927, 0.0007166201248764992, 0.0008573667146265507, 0.0009053543326444924, 0.002028255257755518, 0.0012040238361805677, 0.0007689492194913328, 0.0007446763338521123, 0.0006576559972018003, 0.0007323125028051436, 0.0008364291861653328, 0.00043898512376472354, 0.0005214540287852287, 0.0004988763248547912, 0.0006326667498797178, 0.0004073511518072337, 0.0002699121832847595, 0.00026696259737946093, 0.00024286119150929153, 0.00011286843800917268, 3.2867383197299205e-06], "lowlevel.barkbands.stdev": [0.0010843253694474697, 0.03246978297829628, 0.009073005989193916, 0.003664194606244564, 0.007235269527882338, 0.001453929697163403, 0.0016185176791623235, 0.0011407316196709871, 0.0014189431676641107, 0.0018343084957450628, 0.0036906548775732517, 0.002093029208481312, 0.001866849954240024, 0.0011544516310095787, 0.0012941851746290922, 0.0007912896107882261, 0.000953948765527457, 0.0004880812775809318, 0.0005463188863359392, 0.000550935510545969, 0.000862601213157177, 0.0005866923020221293, 0.00032276540878228843, 0.00039042369462549686, 0.00040206252015195787, 0.00017057171498890966, 6.43713383396971e-06], "lowlevel.erbbands.mean": [0.5393816232681274, 5.462255001068115, 14.360662460327148, 13.982276916503906, 9.237289428710938, 5.9519829750061035, 5.132729530334473, 6.650340557098389, 9.886292457580566, 18.601734161376953, 14.905592918395996, 20.065614700317383, 23.1699161529541, 42.337974548339844, 88.24907684326172, 47.02372741699219, 37.08561706542969, 38.82145309448242, 38.479061126708984, 32.291446685791016, 45.673213958740234, 45.657588958740234, 24.209186553955078, 29.588037490844727, 22.00323486328125, 23.604154586791992, 28.852163314819336, 20.780986785888672, 15.491485595703125, 10.53438949584961, 7.17042875289917, 5.393559455871582, 4.630658149719238, 3.1113991737365723, 1.4727760553359985, 0.6188735961914062, 0.1855553537607193, 0.021820856258273125, 0.0005282619968056679, 8.717332821106538e-05], "lowlevel.erbbands.stdev": [0.9374192953109741, 7.328528881072998, 10.078673362731934, 10.66943073272705, 26.11908721923828, 18.009078979492188, 8.872756958007812, 14.340777397155762, 19.43557357788086, 28.2021541595459, 24.93388557434082, 34.32074737548828, 36.34474182128906, 74.76206970214844, 142.6107635498047, 81.03401184082031, 88.37565612792969, 62.98922348022461, 70.43519592285156, 51.45436096191406, 41.516841888427734, 52.66581726074219, 24.988468170166016, 34.77667999267578, 20.403270721435547, 26.12910270690918, 37.271202087402344, 29.912988662719727, 22.292892456054688, 14.180624008178711, 8.687968254089355, 7.236576080322266, 7.244239807128906, 5.395063877105713, 2.346827507019043, 0.96083664894104, 0.29032114148139954, 0.030001139268279076, 0.0007146433927118778, 5.058679744252004e-05], "lowlevel.gfcc.mean": [62.317684173583984, 62.69173812866211, -110.0286636352539, 46.842323303222656, -43.889530181884766, 33.402671813964844, -29.175235748291016, 19.681970596313477, -27.280813217163086, 7.772590637207031, -22.33275604248047, 1.6629705429077148, -15.70443058013916], "lowlevel.melbands.mean": [0.005669706501066685, 0.00737201701849699, 0.002282005036249757, 0.000538964755833149, 0.0001834802096709609, 0.00014780726633034647, 0.00016328693891409785, 0.00019587694259826094, 0.00012000124115729704, 0.00012671695731114596, 0.00011466610158095136, 0.00015778880333527923, 0.0003066400531679392, 0.00016199497622437775, 8.768054249230772e-05, 7.822277257218957e-05, 7.068677950883284e-05, 6.25906468485482e-05, 4.371934483060613e-05, 4.390642425278202e-05, 5.696434891433455e-05, 5.2928837249055505e-05, 2.5628240109654143e-05, 2.072007191600278e-05, 2.4749146177782677e-05, 1.7702921468298882e-05, 1.4006122000864707e-05, 1.5761366739752702e-05, 1.870166670414619e-05, 1.587107362865936e-05, 1.0639726497174706e-05, 9.09534082893515e-06, 7.079941951815272e-06, 5.415326540969545e-06, 4.23089659307152e-06, 3.465388999757124e-06, 3.2912387268879684e-06, 3.3621713555476163e-06, 2.94634355668677e-06, 2.5023359739861917e-06], "lowlevel.melbands.stdev": [0.00888387393206358, 0.005700137000530958, 0.0018526838393881917, 0.0018045795150101185, 0.00032033523893915117, 0.00030178597080521286, 0.000305638590361923, 0.00028935124282725155, 0.00021255502360872924, 0.00022394048573914915, 0.0001870526757556945, 0.0003083838091697544, 0.0005398717476055026, 0.000261440611211583, 0.00017845974070951343, 0.00016454099386464804, 0.00011803731467807665, 0.00010834712884388864, 7.524176180595532e-05, 6.652117008343339e-05, 5.158413841854781e-05, 6.649590068263933e-05, 3.3672506106086075e-05, 2.5820252631092444e-05, 3.1816343835089356e-05, 1.7921676771948114e-05, 1.389073167956667e-05, 1.8823217033059336e-05, 2.4877906980691478e-05, 2.413840775261633e-05, 1.5495463230763562e-05, 1.3142765055818018e-05, 1.1336223906255327e-05, 7.016617928456981e-06, 5.2750224313058425e-06, 4.576491392072057e-06, 4.7293056013586465e-06, 5.37473124495591e-06, 4.816306500288192e-06, 4.5976471483299974e-06], "lowlevel.melbands128.mean": [0.0006027442286722362, 0.0035274324472993612, 0.008057369850575924, 0.009325820952653885, 0.00799559522420168, 0.0059278919361531734, 0.002998950192704797, 0.001297689974308014, 0.0009005812462419271, 0.0005736664170399308, 0.00025940066552720964, 0.0001882949727587402, 0.0001728512579575181, 0.00016021264309529215, 0.00015308705042116344, 0.00014104630099609494, 0.0001267658080905676, 0.00016403944755438715, 0.0002015574718825519, 0.0002498743124306202, 0.0001680388959357515, 0.0001142007386079058, 0.00011696133151417598, 0.00011499287938931957, 0.00013803588808514178, 0.00012996055011171848, 0.00010742703307187185, 0.00010705038585001603, 0.00012096592399757355, 0.00015122674813028425, 0.0001268129126401618, 0.00024878489784896374, 0.00039458603714592755, 0.00030137202702462673, 0.0001729381619952619, 0.0001328950747847557, 0.00011905409337487072, 6.852003571111709e-05, 8.522925054421648e-05, 8.597775740781799e-05, 6.348753959173337e-05, 9.262916137231514e-05, 6.394233787432313e-05, 6.991026748437434e-05, 6.169448897708207e-05, 5.514860094990581e-05, 7.856066076783463e-05, 3.1615476473234594e-05, 3.25945220538415e-05, 5.419663284556009e-05, 3.712121178978123e-05, 4.593506673700176e-05, 5.455437349155545e-05, 6.189130363054574e-05, 6.256023334572092e-05, 5.899684765608981e-05, 3.826609827228822e-05, 2.9140852348064072e-05, 2.137778210453689e-05, 1.6949874407146126e-05, 1.9430694010225125e-05, 2.4224633307312615e-05, 2.6277259166818112e-05, 2.563591806392651e-05, 2.0897077774861827e-05, 1.8318027287023142e-05, 1.5477859051316045e-05, 1.2711575436696876e-05, 1.3334898540051654e-05, 1.642506140342448e-05, 1.516395786893554e-05, 1.4613822713727131e-05, 1.9895920559065416e-05, 2.0058743757545017e-05, 1.638966568862088e-05, 1.8098278815159574e-05, 1.454581979487557e-05, 1.190109924209537e-05, 9.966791367332917e-06, 9.439848327019718e-06, 9.824691005633213e-06, 8.766741302679293e-06, 7.91751062934054e-06, 7.358838047366589e-06, 5.802872237836709e-06, 5.655768745782552e-06, 5.24913548360928e-06, 5.013390364183579e-06, 4.131140940444311e-06, 3.6834298953181133e-06, 3.7911090657871682e-06, 3.4593949749250896e-06, 2.8613603717531078e-06, 3.136158511551912e-06, 3.6658298085967544e-06, 3.6398853353603045e-06, 3.1749266327096848e-06, 3.1401627893501427e-06, 2.883038860090892e-06, 2.9026057291048346e-06, 2.9245318273751764e-06, 2.3041848180582747e-06, 2.210940920122084e-06, 2.096028538289829e-06, 1.5340890513471095e-06, 1.325283392361598e-06, 1.3526571365218842e-06, 1.3088206287648063e-06, 9.96616449810972e-07, 9.092515824704606e-07, 8.360262313544808e-07, 6.811274602114281e-07, 5.78718129418121e-07, 4.5909794721410435e-07, 3.296555917131627e-07, 2.0710558601422235e-07, 1.179354356395379e-07, 2.328884995961289e-08, 1.072162136850352e-09, 1.1598391518041762e-11, 1.0913657130795507e-11, 1.0412398374071152e-11, 9.918180859935788e-12, 9.373552281588537e-12, 8.473466719949307e-12, 7.395580675639835e-12, 6.86946029573865e-12, 6.767324981643563e-12], "lowlevel.melbands128.stdev": [0.0008222804754041135, 0.006620090454816818, 0.014462209306657314, 0.012154802680015564, 0.0065193185582757, 0.00428745336830616, 0.0025714263319969177, 0.0017553529469296336, 0.003209552261978388, 0.0023853019811213017, 0.0007442300557158887, 0.0003996796440333128, 0.0003501203318592161, 0.0003314065688755363, 0.0004195967921987176, 0.00035672541707754135, 0.00028933328576385975, 0.00046279653906822205, 0.00042898653191514313, 0.00044768324005417526, 0.0003309193707536906, 0.00023360433988273144, 0.00030775138293392956, 0.00023719332239124924, 0.000292616750812158, 0.00030901783611625433, 0.00022907899983692914, 0.00023382659128401428, 0.0002522559661883861, 0.000488296034745872, 0.00033310780418105423, 0.0006836146931163967, 0.0008796565816737711, 0.0006820070557296276, 0.00035252002999186516, 0.00029992585768923163, 0.0003514305572025478, 0.00012707151472568512, 0.0003507309011183679, 0.00031198837677948177, 0.00015962663746904582, 0.0002973788941744715, 0.00014180706057231873, 0.0001553028414491564, 0.0001342488540103659, 0.0001091449084924534, 0.0002678809396456927, 6.519190355902538e-05, 6.568985554622486e-05, 0.00015696792979724705, 6.485895573860034e-05, 9.288470027968287e-05, 8.035075734369457e-05, 6.104130443418398e-05, 8.830205479171127e-05, 0.00011580041609704494, 5.895900176255964e-05, 7.410777470795438e-05, 2.6212921511614695e-05, 2.265634248033166e-05, 3.310944885015488e-05, 3.762638152693398e-05, 4.7353110858239233e-05, 3.9275917515624315e-05, 3.613657099776901e-05, 2.2067812096793205e-05, 1.7632530216360465e-05, 1.566184982948471e-05, 1.535652882012073e-05, 2.2077903850004077e-05, 2.2186452042660676e-05, 2.120429780916311e-05, 3.058863148908131e-05, 3.0264329325291328e-05, 2.3771684936946258e-05, 3.128328899038024e-05, 2.4963812393252738e-05, 2.1008041585446335e-05, 1.5987123333616182e-05, 1.4400477994058747e-05, 1.570447057019919e-05, 1.4586115867132321e-05, 1.3497272448148578e-05, 1.4572604413842782e-05, 9.39529672905337e-06, 8.080198313109577e-06, 7.498630111513194e-06, 7.300217021111166e-06, 5.641278676193906e-06, 4.840725978283444e-06, 5.829378096677829e-06, 5.130537829245441e-06, 4.305503352952655e-06, 5.069149665359873e-06, 5.8803097999771126e-06, 6.051779564586468e-06, 5.5809123296057805e-06, 5.489844170369906e-06, 4.995506060367916e-06, 5.203417458687909e-06, 5.387929377320688e-06, 4.5614347072842065e-06, 4.64404320155154e-06, 4.535092557489406e-06, 2.4834737359924475e-06, 1.987830728467088e-06, 2.0953484636265785e-06, 1.9678161606861977e-06, 1.6668453781676362e-06, 1.8333823845750885e-06, 1.989051497730543e-06, 1.1651940212686895e-06, 1.0216259624939994e-06, 7.774139021421433e-07, 4.863210278926999e-07, 3.369575836131844e-07, 2.0978892223411094e-07, 8.674027185406885e-08, 1.393023030260565e-08, 6.718683248641e-11, 5.976361766579785e-11, 5.232767344431899e-11, 4.551119203721754e-11, 3.7272067376914464e-11, 2.4522453512254572e-11, 1.2392790786630581e-11, 9.93337877230882e-12, 9.853724607100656e-12], "lowlevel.mfcc.mean": [-581.704345703125, 91.70360565185547, 1.2846906185150146, 26.220129013061523, 13.329492568969727, 16.978660583496094, 13.861989974975586, 11.269171714782715, 11.239908218383789, 3.032026767730713, 0.6532258987426758, 6.485260963439941, 3.762207508087158], "lowlevel.spectral_contrast_coeffs.mean": [-0.682918906211853, -0.7905490398406982, -0.7758427858352661, -0.7991796731948853, -0.8075701594352722, -0.7490689754486084], "lowlevel.spectral_contrast_coeffs.stdev": [0.062156908214092255, 0.06334586441516876, 0.06802887469530106, 0.043297503143548965, 0.024726491421461105, 0.033376701176166534], "lowlevel.spectral_contrast_valleys.mean": [-6.375382423400879, -6.539963245391846, -6.764531135559082, -6.870554447174072, -6.647068023681641, -9.292564392089844], "lowlevel.spectral_contrast_valleys.stdev": [0.6088881492614746, 0.4868619740009308, 0.552513062953949, 0.35070881247520447, 0.3716384172439575, 0.5406869649887085], "rhythm.beats_loudness_band_ratio.mean": [0.7419522404670715, 0.05755472183227539, 0.05017112195491791, 0.08428875356912613, 0.055080439895391464, 0.039767276495695114], "rhythm.beats_loudness_band_ratio.stdev": [0.1718507558107376, 0.0820351094007492, 0.06721436977386475, 0.10882103443145752, 0.05299489200115204, 0.034154027700424194], "tonal.hpcp.mean": [0.22437289357185364, 0.14228586852550507, 0.06742429733276367, 0.056608181446790695, 0.07137512415647507, 0.15690308809280396, 0.28353169560432434, 0.26226606965065, 0.14847390353679657, 0.09897758066654205, 0.07946518063545227, 0.08187324553728104, 0.08704433590173721, 0.07019606977701187, 0.0815504714846611, 0.13502036035060883, 0.12385085970163345, 0.0651317685842514, 0.05501289665699005, 0.06471637636423111, 0.09238207340240479, 0.16682200133800507, 0.16184484958648682, 0.09081215411424637, 0.07265198230743408, 0.08342095464468002, 0.09693146497011185, 0.10183116048574448, 0.08724148571491241, 0.06773948669433594, 0.06133024021983147, 0.054386332631111145, 0.06469032913446426, 0.07600157707929611, 0.08072977513074875, 0.16491170227527618], "tonal.hpcp.stdev": [0.35613033175468445, 0.2614074647426605, 0.17687591910362244, 0.16460058093070984, 0.18093985319137573, 0.25999829173088074, 0.3589383661746979, 0.33795151114463806, 0.2589377760887146, 0.2075706124305725, 0.1757144331932068, 0.1803889125585556, 0.19659513235092163, 0.15378287434577942, 0.16926178336143494, 0.24752607941627502, 0.23296938836574554, 0.14340759813785553, 0.13936589658260345, 0.17459441721439362, 0.19319579005241394, 0.2808142304420471, 0.28218215703964233, 0.19228599965572357, 0.17850056290626526, 0.2102820724248886, 0.22155867516994476, 0.22037866711616516, 0.19857941567897797, 0.16831034421920776, 0.16338463127613068, 0.1272847205400467, 0.14984062314033508, 0.1780097931623459, 0.18407230079174042, 0.28450366854667664], "rhythm.beats_position": [0.4411791265010834, 0.8823582530021667, 1.300317406654358, 1.7182766199111938, 2.1362357139587402, 2.554194927215576, 2.9605441093444824, 3.3668932914733887, 3.7848525047302246, 4.2028117179870605, 4.609160900115967, 5.015510082244873, 5.433469295501709, 5.851428508758545, 6.269387722015381, 6.687346935272217, 7.082086086273193, 7.500045299530029, 7.918004512786865, 8.335963249206543, 8.74231243133545, 9.148661613464355, 9.566620826721191, 9.972970008850098, 10.379319190979004, 10.79727840423584, 11.215237617492676, 11.621586799621582, 12.027935981750488, 12.445895195007324, 12.85224437713623, 13.270203590393066, 13.676552772521973, 14.094511985778809, 14.512471199035645, 14.91882038116455, 15.325169563293457, 15.743128776550293, 16.161088943481445, 16.57904815673828, 16.985397338867188, 17.391746520996094, 17.80970573425293, 18.227664947509766, 18.6456241607666, 19.051973342895508, 19.458322525024414, 19.86467170715332, 20.271020889282227, 20.688980102539062, 21.1069393157959, 21.5248966217041, 21.93124771118164, 22.337596893310547, 22.75555419921875, 23.173513412475586, 23.579862594604492, 23.9862117767334, 24.404170989990234, 24.82213020324707, 25.240089416503906, 25.646438598632812, 26.05278778076172, 26.470746994018555, 26.88870620727539, 27.306665420532227], "rhythm.bpm_histogram": [0.0, 0.0, 0.0, 0.0, 0.0, 0.0, 0.0, 0.0, 0.0, 0.0, 0.0, 0.0, 0.0, 0.0, 0.0, 0.0, 0.0, 0.0, 0.0, 0.0, 0.0, 0.0, 0.0, 0.0, 0.0, 0.0, 0.0, 0.0, 0.0, 0.0, 0.0, 0.0, 0.0, 0.0, 0.0, 0.0, 0.0, 0.0, 0.0, 0.0, 0.0, 0.0, 0.0, 0.0, 0.0, 0.0, 0.0, 0.0, 0.0, 0.0, 0.0, 0.0, 0.0, 0.0, 0.0, 0.0, 0.0, 0.0, 0.0, 0.0, 0.0, 0.0, 0.0, 0.0, 0.0, 0.0, 0.0, 0.0, 0.0, 0.0, 0.0, 0.0, 0.0, 0.0, 0.0, 0.0, 0.0, 0.0, 0.0, 0.0, 0.0, 0.0, 0.0, 0.0, 0.0, 0.0, 0.0, 0.0, 0.0, 0.0, 0.0, 0.0, 0.0, 0.0, 0.0, 0.0, 0.0, 0.0, 0.0, 0.0, 0.0, 0.0, 0.0, 0.0, 0.0, 0.0, 0.0, 0.0, 0.0, 0.0, 0.0, 0.0, 0.0, 0.0, 0.0, 0.0, 0.0, 0.0, 0.0, 0.0, 0.0, 0.0, 0.0, 0.0, 0.0, 0.0, 0.0, 0.0, 0.0, 0.0, 0.0, 0.0, 0.0, 0.0, 0.0, 0.0, 0.015384615398943424, 0.0, 0.0, 0.0, 0.0, 0.0, 0.0, 0.0, 0.5692307949066162, 0.0, 0.0, 0.0, 0.4000000059604645, 0.0, 0.0, 0.0, 0.015384615398943424, 0.0, 0.0, 0.0, 0.0, 0.0, 0.0, 0.0, 0.0, 0.0, 0.0, 0.0, 0.0, 0.0, 0.0, 0.0, 0.0, 0.0, 0.0, 0.0, 0.0, 0.0, 0.0, 0.0, 0.0, 0.0, 0.0, 0.0, 0.0, 0.0, 0.0, 0.0, 0.0, 0.0, 0.0, 0.0, 0.0, 0.0, 0.0, 0.0, 0.0, 0.0, 0.0, 0.0, 0.0, 0.0, 0.0, 0.0, 0.0, 0.0, 0.0, 0.0, 0.0, 0.0, 0.0, 0.0, 0.0, 0.0, 0.0, 0.0, 0.0, 0.0, 0.0, 0.0, 0.0, 0.0, 0.0, 0.0, 0.0, 0.0, 0.0, 0.0, 0.0, 0.0, 0.0, 0.0, 0.0, 0.0, 0.0, 0.0, 0.0, 0.0, 0.0, 0.0, 0.0, 0.0, 0.0, 0.0, 0.0, 0.0, 0.0, 0.0, 0.0, 0.0, 0.0, 0.0, 0.0, 0.0], "tonal.chords_histogram": [7.770270347595215, 0.5067567825317383, 2.3648648262023926, 12.162161827087402, 16.554054260253906, 3.547297239303589, 0.0, 0.0, 14.695945739746094, 36.31756591796875, 0.3378378450870514, 0.0, 0.0, 0.0, 0.1689189225435257, 1.3513513803482056, 0.0, 0.0, 0.0, 0.0, 0.1689189225435257, 0.0, 2.195945978164673, 1.8581081628799438], "tonal.thpcp": [1.0, 0.9249973297119141, 0.5236589312553406, 0.34908825159072876, 0.2802691161632538, 0.28876224160194397, 0.30700036883354187, 0.247577503323555, 0.2876238226890564, 0.47620904445648193, 0.4368148744106293, 0.2297160029411316, 0.19402731955051422, 0.22825093567371368, 0.3258262574672699, 0.5883716344833374, 0.5708174705505371, 0.3202892541885376, 0.2562393546104431, 0.2942209243774414, 0.3418717086315155, 0.3591526448726654, 0.3076957166194916, 0.23891328275203705, 0.21630823612213135, 0.1918174773454666, 0.2281590700149536, 0.26805320382118225, 0.2847292721271515, 0.5816341042518616, 0.7913503050804138, 0.5018340945243835, 0.23780162632465363, 0.19965380430221558, 0.25173595547676086, 0.5533881783485413], "lowlevel.gfcc.cov": [[1079.13330078125, -88.36910247802734, 177.0022430419922, 150.4747314453125, -2.5038349628448486, 60.9050407409668, 25.75831413269043, -4.001830101013184, 0.12085332721471786, 19.75168228149414, -25.026212692260742, 19.31819725036621, -25.646276473999023], [-88.36910247802734, 608.0890502929688, -28.47494888305664, 15.776991844177246, 131.21702575683594, 4.201938629150391, 101.85400390625, 30.145357131958008, 42.02980422973633, -52.702091217041016, 15.073192596435547, -18.577428817749023, 38.309513092041016], [177.0022430419922, -28.47494888305664, 312.06854248046875, 120.54896545410156, 65.78361511230469, 40.83357620239258, 4.127498626708984, 17.670480728149414, 18.847246170043945, 26.27761459350586, -21.472131729125977, 11.240022659301758, -16.77322006225586], [150.4747314453125, 15.776991844177246, 120.54896545410156, 333.9072570800781, 88.10787200927734, 7.89319372177124, -4.442115306854248, -0.5798040628433228, 67.30278015136719, 15.244873046875, 13.609136581420898, -11.473949432373047, 32.25312042236328], [-2.5038349628448486, 131.21702575683594, 65.78361511230469, 88.10787200927734, 203.22244262695312, 88.97525787353516, 92.38580322265625, 50.543766021728516, 38.36210632324219, 13.152204513549805, 11.9049072265625, 1.1762162446975708, 19.4736385345459], [60.9050407409668, 4.201938629150391, 40.83357620239258, 7.89319372177124, 88.97525787353516, 155.00875854492188, 119.06098175048828, 43.26831817626953, 3.941110372543335, 0.1056574359536171, 11.115153312683105, 13.374466896057129, 10.863420486450195], [25.75831413269043, 101.85400390625, 4.127498626708984, -4.442115306854248, 92.38580322265625, 119.06098175048828, 198.18348693847656, 78.93501281738281, 23.76121711730957, -13.110762596130371, 11.534883499145508, 25.163299560546875, 17.716663360595703], [-4.001830101013184, 30.145357131958008, 17.670480728149414, -0.5798040628433228, 50.543766021728516, 43.26831817626953, 78.93501281738281, 110.29578399658203, 49.77082824707031, 5.005970478057861, 0.7126011252403259, 8.766456604003906, 11.431195259094238], [0.12085332721471786, 42.02980422973633, 18.847246170043945, 67.30278015136719, 38.36210632324219, 3.941110372543335, 23.76121711730957, 49.77082824707031, 107.99907684326172, 54.34282302856445, 21.84904670715332, -8.268682479858398, 12.717466354370117], [19.75168228149414, -52.702091217041016, 26.27761459350586, 15.244873046875, 13.152204513549805, 0.1056574359536171, -13.110762596130371, 5.005970478057861, 54.34282302856445, 96.47796630859375, 43.42866134643555, 2.6733906269073486, -3.8295915126800537], [-25.026212692260742, 15.073192596435547, -21.472131729125977, 13.609136581420898, 11.9049072265625, 11.115153312683105, 11.534883499145508, 0.7126011252403259, 21.84904670715332, 43.42866134643555, 78.43168640136719, 30.85738182067871, 21.052852630615234], [19.31819725036621, -18.577428817749023, 11.240022659301758, -11.473949432373047, 1.1762162446975708, 13.374466896057129, 25.163299560546875, 8.766456604003906, -8.268682479858398, 2.6733906269073486, 30.85738182067871, 64.02239990234375, 28.734479904174805], [-25.646276473999023, 38.309513092041016, -16.77322006225586, 32.25312042236328, 19.4736385345459, 10.863420486450195, 17.716663360595703, 11.431195259094238, 12.717466354370117, -3.8295915126800537, 21.052852630615234, 28.734479904174805, 65.24334716796875]], "lowlevel.gfcc.icov": [[0.0012121035251766443, -0.00025567662669345737, -0.00015687436098232865, -0.00094418233493343, 0.0008695783326402307, -0.0009065446793101728, 8.651954885863233e-06, -0.0001402371417498216, 0.0006105186766944826, -0.0011526899179443717, 0.0012826385209336877, -0.0013061003992334008, 0.0009413186344318092], [-0.00025567662669345737, 0.0034657646901905537, -0.000955709139816463, 0.0018515712581574917, -0.0029108277522027493, 0.003394914558157325, -0.0025896404404193163, 0.0021632537245750427, -0.0030885955784469843, 0.005169657990336418, -0.003965505864471197, 0.003940956201404333, -0.0022194182965904474], [-0.00015687436098232865, -0.000955709139816463, 0.0057609230279922485, -0.0027541350573301315, -0.00019235926447436213, -0.0026454238686710596, 0.0022898747120052576, -0.0017566856695339084, 0.0017594607779756188, -0.004322699271142483, 0.005428767763078213, -0.0057028415612876415, 0.003689137054607272], [-0.00094418233493343, 0.0018515712581574917, -0.0027541350573301315, 0.007010313216596842, -0.0036542429588735104, 0.002783871488645673, -0.0008620698354206979, 0.0037515778094530106, -0.006275922525674105, 0.006545677315443754, -0.005119550973176956, 0.005271711852401495, -0.0044902414083480835], [0.0008695783326402307, -0.0029108277522027493, -0.00019235926447436213, -0.0036542429588735104, 0.01136437151581049, -0.005900713615119457, 1.5452480511157773e-05, -0.003160695545375347, 0.0030650452245026827, -0.005632470827549696, 0.0032377964816987514, -0.0014905889984220266, 0.000631756498478353], [-0.0009065446793101728, 0.003394914558157325, -0.0026454238686710596, 0.002783871488645673, -0.005900713615119457, 0.01835446245968342, -0.010606365278363228, 0.001953902654349804, 0.0008158322307281196, 0.003515577409416437, -0.006189602892845869, 0.007280226331204176, -0.004324955400079489], [8.651954885863233e-06, -0.0025896404404193163, 0.0022898747120052576, -0.0008620698354206979, 1.5452480511157773e-05, -0.010606365278363228, 0.01572529971599579, -0.006315587088465691, -0.0005892678746022284, 0.00011216128041269258, 0.0025336092803627253, -0.0073668817058205605, 0.003685057396069169], [-0.0001402371417498216, 0.0021632537245750427, -0.0017566856695339084, 0.0037515778094530106, -0.003160695545375347, 0.001953902654349804, -0.006315587088465691, 0.019475435838103294, -0.012519792653620243, 0.006902852561324835, -0.0006117308512330055, 0.00031706999288871884, -0.0018074538093060255], [0.0006105186766944826, -0.0030885955784469843, 0.0017594607779756188, -0.006275922525674105, 0.0030650452245026827, 0.0008158322307281196, -0.0005892678746022284, -0.012519792653620243, 0.027980193495750427, -0.0189961064606905, 0.004292485769838095, 0.0025066807866096497, -0.00214682356454432], [-0.0011526899179443717, 0.005169657990336418, -0.004322699271142483, 0.006545677315443754, -0.005632470827549696, 0.003515577409416437, 0.00011216128041269258, 0.006902852561324835, -0.0189961064606905, 0.033407095819711685, -0.01976185105741024, 0.007495179772377014, 0.0007595607894472778], [0.0012826385209336877, -0.003965505864471197, 0.005428767763078213, -0.005119550973176956, 0.0032377964816987514, -0.006189602892845869, 0.0025336092803627253, -0.0006117308512330055, 0.004292485769838095, -0.01976185105741024, 0.03279368206858635, -0.01828337274491787, 0.001716321101412177], [-0.0013061003992334008, 0.003940956201404333, -0.0057028415612876415, 0.005271711852401495, -0.0014905889984220266, 0.007280226331204176, -0.0073668817058205605, 0.00031706999288871884, 0.0025066807866096497, 0.007495179772377014, -0.01828337274491787, 0.03642738237977028, -0.015914352610707283], [0.0009413186344318092, -0.0022194182965904474, 0.003689137054607272, -0.0044902414083480835, 0.000631756498478353, -0.004324955400079489, 0.003685057396069169, -0.0018074538093060255, -0.00214682356454432, 0.0007595607894472778, 0.001716321101412177, -0.015914352610707283, 0.026934439316391945]], "lowlevel.mfcc.cov": [[1062.8790283203125, -145.1599578857422, 130.88600158691406, 102.4703369140625, 2.4006597995758057, 69.86406707763672, -5.070175647735596, 23.650371551513672, 1.7799949645996094, 8.537643432617188, 20.00737762451172, -13.049381256103516, -13.627630233764648], [-145.1599578857422, 566.549560546875, -90.5705795288086, -26.409130096435547, 2.291001796722412, 1.2593046426773071, 67.94681549072266, 79.29216003417969, 50.608619689941406, 3.750298261642456, -3.031625270843506, 24.004762649536133, 5.303153038024902], [130.88600158691406, -90.5705795288086, 223.85731506347656, 72.28567504882812, 40.98578643798828, 31.83426284790039, -21.12070083618164, -9.358373641967773, -6.80224084854126, 5.620336532592773, 16.98426628112793, -3.0272703170776367, -14.747564315795898], [102.4703369140625, -26.409130096435547, 72.28567504882812, 240.20623779296875, 97.38917541503906, 39.55998992919922, -30.1815185546875, -8.507293701171875, 18.116092681884766, 22.016401290893555, 14.85495662689209, 6.492522716522217, 5.270113945007324], [2.4006597995758057, 2.291001796722412, 40.98578643798828, 97.38917541503906, 142.47991943359375, 43.85186767578125, 3.788599729537964, -9.297527313232422, 19.46877670288086, 29.972719192504883, 13.809876441955566, 13.467071533203125, 1.2495297193527222], [69.86406707763672, 1.2593046426773071, 31.83426284790039, 39.55998992919922, 43.85186767578125, 122.67909240722656, 65.69583892822266, 33.88677978515625, 20.144750595092773, 23.00543785095215, 19.589448928833008, 8.553600311279297, -4.199209213256836], [-5.070175647735596, 67.94681549072266, -21.12070083618164, -30.1815185546875, 3.788599729537964, 65.69583892822266, 146.2837371826172, 96.29915618896484, 42.819087982177734, 0.20688103139400482, 6.934448719024658, 18.965578079223633, 6.894331932067871], [23.650371551513672, 79.29216003417969, -9.358373641967773, -8.507293701171875, -9.297527313232422, 33.88677978515625, 96.29915618896484, 144.8524169921875, 73.53402709960938, 3.286466360092163, 3.6198949813842773, 12.304152488708496, 3.361004114151001], [1.7799949645996094, 50.608619689941406, -6.80224084854126, 18.116092681884766, 19.46877670288086, 20.144750595092773, 42.819087982177734, 73.53402709960938, 98.37452697753906, 44.31947708129883, 18.734962463378906, 13.120620727539062, 2.813206672668457], [8.537643432617188, 3.750298261642456, 5.620336532592773, 22.016401290893555, 29.972719192504883, 23.00543785095215, 0.20688103139400482, 3.286466360092163, 44.31947708129883, 83.08618927001953, 44.04270935058594, 13.644378662109375, -2.292112112045288], [20.00737762451172, -3.031625270843506, 16.98426628112793, 14.85495662689209, 13.809876441955566, 19.589448928833008, 6.934448719024658, 3.6198949813842773, 18.734962463378906, 44.04270935058594, 73.58463287353516, 37.654136657714844, 3.3719875812530518], [-13.049381256103516, 24.004762649536133, -3.0272703170776367, 6.492522716522217, 13.467071533203125, 8.553600311279297, 18.965578079223633, 12.304152488708496, 13.120620727539062, 13.644378662109375, 37.654136657714844, 72.2367935180664, 34.757225036621094], [-13.627630233764648, 5.303153038024902, -14.747564315795898, 5.270113945007324, 1.2495297193527222, -4.199209213256836, 6.894331932067871, 3.361004114151001, 2.813206672668457, -2.292112112045288, 3.3719875812530518, 34.757225036621094, 63.252262115478516]], "lowlevel.mfcc.icov": [[0.0011175574036315084, 0.00020430913718882948, -0.00040674619958736, -0.00042049167677760124, 0.0005103633156977594, -0.0006254888139665127, 0.0003097558510489762, -0.00048044140567071736, 0.000188572405022569, -5.02165539728594e-06, -0.0002048682508757338, 0.000212717306567356, -1.0529586688790005e-05], [0.00020430913718882948, 0.00213831290602684, 0.0007015404989942908, -6.90576052875258e-05, -0.00024365486751776189, 0.0002472025225870311, -0.00030122476164251566, -0.0008700438775122166, -0.00023038040671963245, -3.904391633113846e-05, 0.00042575167026370764, -0.0008500584517605603, 0.0005875921924598515], [-0.00040674619958736, 0.0007015404989942908, 0.00588792422786355, -0.000850491167511791, -0.0010456006275489926, -0.0011315465671941638, 0.0013754694955423474, -0.0010055083548650146, 0.0005555407260544598, 0.0010915191378444433, -0.001506218803115189, 4.948101923218928e-05, 0.0012142016785219312], [-0.00042049167677760124, -6.90576052875258e-05, -0.000850491167511791, 0.007006114814430475, -0.004199177958071232, -0.001769479364156723, 0.003248855471611023, -0.0009328695014119148, -0.0012869784841313958, 0.001246129279024899, -0.0008176135015673935, 0.0006994334398768842, -0.0014442658284679055], [0.0005103633156977594, -0.00024365486751776189, -0.0010456006275489926, -0.004199177958071232, 0.01195724681019783, -0.0024258496705442667, -0.0014924416318535805, 0.003151438431814313, -0.0017551184864714742, -0.0026316773146390915, 0.0026954030618071556, -0.0027353467885404825, 0.0011765062808990479], [-0.0006254888139665127, 0.0002472025225870311, -0.0011315465671941638, -0.001769479364156723, -0.0024258496705442667, 0.01508423313498497, -0.008593812584877014, 0.0005147887859493494, 0.002561011351644993, -0.0036793446633964777, -0.0010208779713138938, 0.0010797850554808974, 0.0009006517357192934], [0.0003097558510489762, -0.00030122476164251566, 0.0013754694955423474, 0.003248855471611023, -0.0014924416318535805, -0.008593812584877014, 0.018602924421429634, -0.010080303065478802, 0.0003043021715711802, 0.0026396901812404394, -0.00037872412940487266, -0.0019649227615445852, -0.0007090462604537606], [-0.00048044140567071736, -0.0008700438775122166, -0.0010055083548650146, -0.0009328695014119148, 0.003151438431814313, 0.0005147887859493494, -0.010080303065478802, 0.021336644887924194, -0.014491085894405842, 0.006256955675780773, -0.00035495584597811103, -8.802939555607736e-05, 0.000688151631038636], [0.000188572405022569, -0.00023038040671963245, 0.0005555407260544598, -0.0012869784841313958, -0.0017551184864714742, 0.002561011351644993, 0.0003043021715711802, -0.014491085894405842, 0.027560243383049965, -0.01540436502546072, 0.003109827870503068, -0.0009692372987046838, -0.00017894417396746576], [-5.02165539728594e-06, -3.904391633113846e-05, 0.0010915191378444433, 0.001246129279024899, -0.0026316773146390915, -0.0036793446633964777, 0.0026396901812404394, 0.006256955675780773, -0.01540436502546072, 0.028924239799380302, -0.015431099571287632, 0.004865567199885845, -0.0007773441611789167], [-0.0002048682508757338, 0.00042575167026370764, -0.001506218803115189, -0.0008176135015673935, 0.0026954030618071556, -0.0010208779713138938, -0.00037872412940487266, -0.00035495584597811103, 0.003109827870503068, -0.015431099571287632, 0.03111155517399311, -0.01756337285041809, 0.006871269084513187], [0.000212717306567356, -0.0008500584517605603, 4.948101923218928e-05, 0.0006994334398768842, -0.0027353467885404825, 0.0010797850554808974, -0.0019649227615445852, -8.802939555607736e-05, -0.0009692372987046838, 0.004865567199885845, -0.01756337285041809, 0.03082205541431904, -0.01536611095070839], [-1.0529586688790005e-05, 0.0005875921924598515, 0.0012142016785219312, -0.0014442658284679055, 0.0011765062808990479, 0.0009006517357192934, -0.0007090462604537606, 0.000688151631038636, -0.00017894417396746576, -0.0007773441611789167, 0.006871269084513187, -0.01536611095070839, 0.02429606392979622]], "metadata.audio_properties.analysis.downmix": "mix", "metadata.audio_properties.codec": "mp3", "metadata.audio_properties.md5_encoded": "ec31c1103ee1f973a1c32d8c7362f932", "metadata.tags.file_name": "1183716573383507988.mp3", "metadata.version.essentia": "2.1-beta6-dev", "metadata.version.essentia_git_sha": "v2.1_beta5-1110-g77a6a954", "metadata.version.extractor": "music 2.0", "tonal.chords_key": "E", "tonal.chords_scale": "major", "tonal.key_edma.key": "A", "tonal.key_edma.scale": "minor", "tonal.key_krumhansl.key": "A", "tonal.key_krumhansl.scale": "minor", "tonal.key_temperley.key": "A", "tonal.key