{"song_id": "1183667860313219172", "download": "https://cdn.discordapp.com/attachments/1135903449314238464/1183667860313219172/chirp.mp4?ex=65892b99&amp", "lyrics": "(Instrumental)\n(Verse 2)\n\ucd94\uc5b5 \uc18d\uc758 \uadf8\ub300\uc640 \ud568\uaed8\n\uac77\ub358 \uae38\uc744 \ub5a0\uc62c\ub9ac\ub124\n\ud568\uaed8 \ud588\ub358 \uc2dc\uac04\ub4e4\uc740\n\ub0b4 \uac00\uc2b4\uc5d0 \uc601\uc6d0\ud788 \ub0a8\uc544", "style": ["POP</span><span>, Acoustic</span><span>, Classic</span><span>, Symphony</span><span>,"], "essentia_features": {"lowlevel.average_loudness": 0.9667539596557617, "lowlevel.barkbands_crest.mean": 13.756865501403809, "lowlevel.barkbands_crest.stdev": 4.7940778732299805, "lowlevel.barkbands_flatness_db.mean": 0.32092392444610596, "lowlevel.barkbands_flatness_db.stdev": 0.08229448646306992, "lowlevel.barkbands_kurtosis.mean": 12.755900382995605, "lowlevel.barkbands_kurtosis.stdev": 21.317380905151367, "lowlevel.barkbands_skewness.mean": 2.234233856201172, "lowlevel.barkbands_skewness.stdev": 1.6232593059539795, "lowlevel.barkbands_spread.mean": 5.792733192443848, "lowlevel.barkbands_spread.stdev": 6.572493076324463, "lowlevel.dissonance.mean": 0.3690517842769623, "lowlevel.dissonance.stdev": 0.06832247972488403, "lowlevel.dynamic_complexity": 1.1662254333496094, "lowlevel.erbbands_crest.mean": 12.246953010559082, "lowlevel.erbbands_crest.stdev": 3.9318947792053223, "lowlevel.erbbands_flatness_db.mean": 0.2608427107334137, "lowlevel.erbbands_flatness_db.stdev": 0.08374663442373276, "lowlevel.erbbands_kurtosis.mean": 4.3052873611450195, "lowlevel.erbbands_kurtosis.stdev": 4.377283096313477, "lowlevel.erbbands_skewness.mean": 1.2867118120193481, "lowlevel.erbbands_skewness.stdev": 0.8476486206054688, "lowlevel.erbbands_spread.mean": 19.544832229614258, "lowlevel.erbbands_spread.stdev": 16.4091739654541, "lowlevel.hfc.mean": 15.658089637756348, "lowlevel.hfc.stdev": 9.56375789642334, "lowlevel.loudness_ebu128.integrated": -10.33682632446289, "lowlevel.loudness_ebu128.loudness_range": 0.975377082824707, "lowlevel.loudness_ebu128.momentary.mean": -10.454564094543457, "lowlevel.loudness_ebu128.momentary.stdev": 1.0202747583389282, "lowlevel.loudness_ebu128.short_term.mean": -10.315728187561035, "lowlevel.loudness_ebu128.short_term.stdev": 0.33940449357032776, "lowlevel.melbands_crest.mean": 16.2150821685791, "lowlevel.melbands_crest.stdev": 4.808917045593262, "lowlevel.melbands_flatness_db.mean": 0.4209914803504944, "lowlevel.melbands_flatness_db.stdev": 0.09951876103878021, "lowlevel.melbands_kurtosis.mean": 18.790096282958984, "lowlevel.melbands_kurtosis.stdev": 34.723716735839844, "lowlevel.melbands_skewness.mean": 2.5223495960235596, "lowlevel.melbands_skewness.stdev": 1.7211683988571167, "lowlevel.melbands_spread.mean": 5.658310890197754, "lowlevel.melbands_spread.stdev": 5.0055999755859375, "lowlevel.pitch_salience.mean": 0.4688403904438019, "lowlevel.pitch_salience.stdev": 0.12724968791007996, "lowlevel.silence_rate_20dB.mean": 1.0, "lowlevel.silence_rate_20dB.stdev": 0.0, "lowlevel.silence_rate_30dB.mean": 0.862548291683197, "lowlevel.silence_rate_30dB.stdev": 0.34432142972946167, "lowlevel.silence_rate_60dB.mean": 0.00154440151527524, "lowlevel.silence_rate_60dB.stdev": 0.039268504828214645, "lowlevel.spectral_centroid.mean": 425.5013427734375, "lowlevel.spectral_centroid.stdev": 282.9477844238281, "lowlevel.spectral_complexity.mean": 9.810811042785645, "lowlevel.spectral_complexity.stdev": 5.619922637939453, "lowlevel.spectral_decrease.mean": -1.7440550337255445e-08, "lowlevel.spectral_decrease.stdev": 1.0349693546629624e-08, "lowlevel.spectral_energy.mean": 0.06724482029676437, "lowlevel.spectral_energy.stdev": 0.03937302157282829, "lowlevel.spectral_energyband_high.mean": 0.0002490397891961038, "lowlevel.spectral_energyband_high.stdev": 0.0007794526754878461, "lowlevel.spectral_energyband_low.mean": 0.04060253128409386, "lowlevel.spectral_energyband_low.stdev": 0.04090432450175285, "lowlevel.spectral_energyband_middle_high.mean": 0.0013335164403542876, "lowlevel.spectral_energyband_middle_high.stdev": 0.0022226592991501093, "lowlevel.spectral_energyband_middle_low.mean": 0.026748495176434517, "lowlevel.spectral_energyband_middle_low.stdev": 0.014743845909833908, "lowlevel.spectral_entropy.mean": 6.06704568862915, "lowlevel.spectral_entropy.stdev": 0.7440657019615173, "lowlevel.spectral_flux.mean": 0.07905464619398117, "lowlevel.spectral_flux.stdev": 0.08644023537635803, "lowlevel.spectral_kurtosis.mean": 38.674598693847656, "lowlevel.spectral_kurtosis.stdev": 39.18887710571289, "lowlevel.spectral_rms.mean": 0.007805527653545141, "lowlevel.spectral_rms.stdev": 0.0021629533730447292, "lowlevel.spectral_rolloff.mean": 427.1885070800781, "lowlevel.spectral_rolloff.stdev": 450.7408447265625, "lowlevel.spectral_skewness.mean": 4.220442771911621, "lowlevel.spectral_skewness.stdev": 2.200374126434326, "lowlevel.spectral_spread.mean": 2984812.0, "lowlevel.spectral_spread.stdev": 2305999.5, "lowlevel.spectral_strongpeak.mean": 0.9186210632324219, "lowlevel.spectral_strongpeak.stdev": 0.5608295798301697, "lowlevel.zerocrossingrate.mean": 0.018100718036293983, "lowlevel.zerocrossingrate.stdev": 0.014671758748590946, "metadata.audio_properties.analysis.equal_loudness": 0.0, "metadata.audio_properties.analysis.length": 30.03628158569336, "metadata.audio_properties.analysis.sample_rate": 44100.0, "metadata.audio_properties.analysis.start_time": 0.0, "metadata.audio_properties.bit_rate": 123275.0, "metadata.audio_properties.length": 30.03733253479004, "metadata.audio_properties.lossless": 0.0, "metadata.audio_properties.number_channels": 1.0, "metadata.audio_properties.replay_gain": -14.194129943847656, "metadata.audio_properties.sample_rate": 48000.0, "rhythm.beats_count": 69.0, "rhythm.beats_loudness.mean": 0.1008029580116272, "rhythm.beats_loudness.stdev": 0.057406291365623474, "rhythm.bpm": 138.4935760498047, "rhythm.bpm_histogram_first_peak_bpm": 140.0, "rhythm.bpm_histogram_first_peak_weight": 0.384615421295166, "rhythm.bpm_histogram_second_peak_bpm": 152.0, "rhythm.bpm_histogram_second_peak_spread": 0.3333333730697632, "rhythm.bpm_histogram_second_peak_weight": 0.029411764815449715, "rhythm.danceability": 1.269535779953003, "rhythm.onset_rate": 4.225131988525391, "tonal.chords_changes_rate": 0.057098764926195145, "tonal.chords_number_rate": 0.012345679104328156, "tonal.chords_strength.mean": 0.46289631724357605, "tonal.chords_strength.stdev": 0.0951070487499237, "tonal.hpcp_crest.mean": 18.14224624633789, "tonal.hpcp_crest.stdev": 6.994934558868408, "tonal.hpcp_entropy.mean": 1.3200223445892334, "tonal.hpcp_entropy.stdev": 0.5724049806594849, "tonal.key_edma.strength": 0.752123236656189, "tonal.key_krumhansl.strength": 0.7583044767379761, "tonal.key_temperley.strength": 0.7614988684654236, "tonal.tuning_diatonic_strength": 0.5667736530303955, "tonal.tuning_equal_tempered_deviation": 0.04187653586268425, "tonal.tuning_frequency": 441.0177917480469, "tonal.tuning_nontempered_energy_ratio": 0.6088060140609741, "lowlevel.barkbands.mean": [0.00020234985277056694, 0.027591902762651443, 0.01138388179242611, 0.00266657629981637, 0.01035287231206894, 0.00735118892043829, 0.0031168158166110516, 0.0015838848194107413, 0.001128840260207653, 0.0008474037749692798, 0.0002384568506386131, 8.630799857201055e-05, 4.304948743083514e-05, 5.187919668969698e-05, 6.573941936949268e-05, 7.09818268660456e-05, 0.00011613466631388292, 4.0853479731595144e-05, 3.7299192626960576e-05, 4.006378003396094e-05, 3.9967813791008666e-05, 4.972302485839464e-05, 5.145157047081739e-05, 3.696892599691637e-05, 3.434835161897354e-05, 1.5650794011889957e-05, 3.367397596321098e-07], "lowlevel.barkbands.stdev": [0.00044319534208625555, 0.03557935729622841, 0.01612675189971924, 0.008208167739212513, 0.007822254672646523, 0.005603888537734747, 0.004160111304372549, 0.0025870457757264376, 0.002184760756790638, 0.001575770671479404, 0.0007236033561639488, 0.00033112781238742173, 0.00015319944941438735, 0.0001593166816746816, 0.0002545683819334954, 0.00019415053247939795, 0.00022923715005163103, 0.00019444007193669677, 0.00015462032752111554, 0.00019004374917130917, 0.0001621594710741192, 0.00024714283063076437, 0.00016650889301672578, 0.00010555395419942215, 9.526629582978785e-05, 4.369545786175877e-05, 1.5400754591610166e-06], "lowlevel.erbbands.mean": [0.5476061105728149, 7.0123748779296875, 14.808756828308105, 10.557045936584473, 16.44057846069336, 44.28805160522461, 35.66144561767578, 73.60993957519531, 61.100730895996094, 32.500213623046875, 29.88594627380371, 34.40744400024414, 30.95296859741211, 17.264829635620117, 7.22949743270874, 3.7047767639160156, 2.097679853439331, 2.7105894088745117, 3.1349985599517822, 3.450502872467041, 4.286059379577637, 5.141052722930908, 3.4144387245178223, 1.8391103744506836, 2.06546950340271, 1.9202497005462646, 1.7407582998275757, 1.5094447135925293, 1.8132871389389038, 1.6900166273117065, 1.3736424446105957, 0.8339247107505798, 0.6060976982116699, 0.4407106041908264, 0.2081439048051834, 0.08748156577348709, 0.025673825293779373, 0.0026187049224972725, 9.060613228939474e-05, 7.669052865821868e-05], "lowlevel.erbbands.stdev": [0.8897717595100403, 8.718798637390137, 17.117902755737305, 24.182584762573242, 19.597578048706055, 37.86983108520508, 30.358827590942383, 61.74749755859375, 79.17841339111328, 35.487369537353516, 57.23288345336914, 60.709964752197266, 54.017093658447266, 37.20724105834961, 27.500789642333984, 11.111555099487305, 6.826462268829346, 8.021345138549805, 12.304402351379395, 11.041106224060059, 10.281157493591309, 11.22565746307373, 10.73574161529541, 8.11868953704834, 8.670877456665039, 9.096500396728516, 7.772705078125, 6.454442024230957, 9.766462326049805, 5.76783561706543, 4.38170051574707, 2.588216781616211, 1.6537060737609863, 1.2753751277923584, 0.5647715330123901, 0.24700860679149628, 0.0733409970998764, 0.008410589769482613, 0.00019744751625694335, 4.4639542466029525e-05], "lowlevel.gfcc.mean": [-71.52557373046875, 181.60458374023438, -65.25304412841797, 12.928507804870605, -47.712100982666016, -7.6030707359313965, -41.97260665893555, 10.193647384643555, -5.980386734008789, -14.228485107421875, -12.470758438110352, 0.41547706723213196, 3.3376712799072266], "lowlevel.melbands.mean": [0.006536990404129028, 0.008213692344725132, 0.001961528556421399, 0.0022618642542511225, 0.0014442511601373553, 0.0015674992464482784, 0.000886664493009448, 0.00034223205875605345, 0.0002045150613412261, 0.00022318115225061774, 0.00014671900134999305, 6.720973033225164e-05, 2.4917877453844994e-05, 1.3205580216890667e-05, 5.720482477045152e-06, 4.301899025449529e-06, 5.213232725509442e-06, 4.739834821521072e-06, 4.657290901377564e-06, 5.394577783590648e-06, 5.00345959153492e-06, 5.096997028886108e-06, 5.658541340380907e-06, 1.802497536118608e-06, 1.3999622296978487e-06, 1.4314483678390388e-06, 1.4569983477485948e-06, 1.2401009144014097e-06, 1.06219999906898e-06, 9.94226184047875e-07, 8.381609859497985e-07, 1.0430591146359802e-06, 9.422101356904022e-07, 9.791963293537265e-07, 8.559098887417349e-07, 5.93452114117099e-07, 4.786185741068039e-07, 4.122926497984736e-07, 4.1838737274702e-07, 3.590729136249138e-07], "lowlevel.melbands.stdev": [0.009035074152052402, 0.008447668515145779, 0.003829442197456956, 0.001824412727728486, 0.001169324736110866, 0.0012780906399711967, 0.001144320354796946, 0.00041093991603702307, 0.00041597781819291413, 0.0004205942095723003, 0.0002670911781024188, 0.00015763398550916463, 8.242316107498482e-05, 5.1452225307002664e-05, 2.0020206648041494e-05, 1.475699264119612e-05, 1.5387275198008865e-05, 1.878304101410322e-05, 1.831644112826325e-05, 1.4436101082537789e-05, 1.2066944691468962e-05, 1.0865753210964613e-05, 1.4391224794962909e-05, 9.741284884512424e-06, 6.216246674739523e-06, 6.057365681044757e-06, 6.672050403722096e-06, 6.140306140878238e-06, 5.005527327739401e-06, 3.970281341025839e-06, 3.8675493669870775e-06, 6.122350896475837e-06, 4.189271749055479e-06, 3.345494405948557e-06, 2.763714974207687e-06, 1.8418000991005101e-06, 1.565755951560277e-06, 1.134234025812475e-06, 1.2109381941627362e-06, 1.057268832482805e-06], "lowlevel.melbands128.mean": [0.00016359098663087934, 0.002845251467078924, 0.009937808848917484, 0.012288859114050865, 0.009149609133601189, 0.0048516239039599895, 0.002039293758571148, 0.0012581920018419623, 0.0013316799886524677, 0.0026475293561816216, 0.002766805235296488, 0.0016989067662507296, 0.0011234425473958254, 0.0008587039774283767, 0.0020074283238500357, 0.0017550099873915315, 0.0011615126859396696, 0.0007572210743092, 0.0005334822926670313, 0.00026360020274296403, 0.00031951701384969056, 0.0002798277710098773, 0.00025171731249429286, 2.358245365030598e-05, 0.00020562062854878604, 0.0003718556254170835, 9.116175351664424e-05, 0.00022153553436510265, 4.528765566647053e-05, 8.89994262252003e-05, 7.230001938296482e-05, 3.4918841265607625e-05, 1.2331484867900144e-05, 3.222190935048275e-05, 1.070972575689666e-05, 1.0678863873181399e-05, 1.0347002898924984e-05, 3.900850060745142e-06, 4.701439138443675e-06, 4.020988853881136e-06, 5.010442237107782e-06, 2.8890267458336893e-06, 5.30499528395012e-06, 7.121315320546273e-06, 3.3795945455494802e-06, 4.587838702718727e-06, 5.8415944295120426e-06, 5.002210400562035e-06, 3.92547235605889e-06, 3.7376617001427803e-06, 6.691059297736501e-06, 6.025051789038116e-06, 3.801651473622769e-06, 4.872596491622971e-06, 6.817548182880273e-06, 3.221281531295972e-06, 3.839844339381671e-06, 1.1854164768010378e-05, 2.8044084956491133e-06, 2.1379728423198685e-06, 1.698885057521693e-06, 1.6644570450807805e-06, 1.5172992107181926e-06, 1.3524633004635689e-06, 1.1345839538989821e-06, 1.3195215160521911e-06, 1.806622549338499e-06, 1.4181474625729606e-06, 1.4886254575685598e-06, 1.313294546889665e-06, 1.3196005284044077e-06, 1.1120771432615584e-06, 1.0204371392319445e-06, 1.0624650030877092e-06, 1.1255953040745226e-06, 1.0548458249104442e-06, 9.563946150592528e-07, 7.519735731875699e-07, 7.808760642546986e-07, 9.465131256547465e-07, 1.05930791960418e-06, 1.0960382041957928e-06, 1.0099564633492264e-06, 9.781384733287268e-07, 8.262181268037239e-07, 8.773087643021427e-07, 1.0823187039932236e-06, 1.0389376257080585e-06, 8.956528176895517e-07, 6.826277285654214e-07, 6.395011382664961e-07, 5.88622981467779e-07, 4.74116319537643e-07, 4.78886818200408e-07, 5.023741209697619e-07, 3.8742101082789304e-07, 3.879704308928922e-07, 4.447070125479513e-07, 4.103805508748337e-07, 4.2058059079863597e-07, 3.989842980445246e-07, 3.342232730574324e-07, 3.4024637329821417e-07, 2.5270128389820457e-07, 2.339974258802613e-07, 1.970729783806746e-07, 1.8093901132942847e-07, 1.8040921645479102e-07, 1.4404021442260273e-07, 1.3576608637322352e-07, 1.0939328376480262e-07, 9.277162149601281e-08, 8.791528927076797e-08, 5.894816368368083e-08, 3.859048902654649e-08, 2.507453444877683e-08, 1.1484276640771895e-08, 1.956873107999968e-09, 3.1695066016190765e-10, 2.8451203198942565e-11, 2.4422915079203023e-11, 1.9015219954177098e-11, 1.6620073373108113e-11, 1.3612606701574048e-11, 1.1640947754354425e-11, 1.0003114656043088e-11, 8.61602282575813e-12, 8.322945631300538e-12], "lowlevel.melbands128.stdev": [0.0004114773473702371, 0.006115836091339588, 0.015120849944651127, 0.01592395268380642, 0.0103357108309865, 0.007631910964846611, 0.005494993645697832, 0.003523751627653837, 0.0019741992000490427, 0.002410248853266239, 0.0027100134175270796, 0.002069541485980153, 0.0013446271186694503, 0.0007904356461949646, 0.0023021120578050613, 0.0021688472479581833, 0.0020114572253078222, 0.00161251041572541, 0.000793654820881784, 0.0004314738034736365, 0.0006707598804496229, 0.0006382351857610047, 0.0006238280329853296, 3.371130515006371e-05, 0.00040054740384221077, 0.0007992981118150055, 0.0001838636671891436, 0.0005408247816376388, 8.000756497494876e-05, 0.00029295176500454545, 0.0001899569615488872, 0.0001293225068366155, 5.5116561270551756e-05, 0.00018347094010096043, 7.13019326212816e-05, 3.4868116927100345e-05, 3.463609391474165e-05, 2.0971556295990013e-05, 2.1496181943803094e-05, 1.4020126400282606e-05, 1.918953057611361e-05, 1.4721126717631705e-05, 1.8521504898671992e-05, 1.835392504290212e-05, 1.483750656916527e-05, 2.0919442249578424e-05, 3.130456025246531e-05, 2.315618075954262e-05, 1.73654862010153e-05, 1.4942004781914875e-05, 1.9243243514210917e-05, 1.4765755622647703e-05, 1.3930085515312385e-05, 1.3393658264249098e-05, 1.4875933629809879e-05, 1.1359131349308882e-05, 1.1444843948993366e-05, 3.278049189248122e-05, 1.117228384828195e-05, 9.01742805581307e-06, 1.2108214832551312e-05, 9.829530426941346e-06, 7.422429007419851e-06, 6.077323178033112e-06, 5.636816240439657e-06, 6.058658527763328e-06, 8.166811312548816e-06, 6.338288130791625e-06, 8.133071787597146e-06, 7.473595360352192e-06, 7.321810244320659e-06, 5.696988864656305e-06, 5.9070775932923425e-06, 5.245714419288561e-06, 6.393902367562987e-06, 4.370305759948678e-06, 4.263256414560601e-06, 3.4617137316672597e-06, 3.4798740671249107e-06, 5.302142653818009e-06, 6.98419125910732e-06, 6.460812528530369e-06, 6.332092652883148e-06, 4.429298314789776e-06, 3.0047087875573197e-06, 3.404762310310616e-06, 4.073858235642547e-06, 3.2353095775761176e-06, 3.3211249501619022e-06, 2.4720704914216185e-06, 2.126129174939706e-06, 1.8645807813300053e-06, 1.5494022136408603e-06, 1.831340682656446e-06, 1.6794748489701306e-06, 1.1849328984681051e-06, 1.1397122534617665e-06, 1.2538255305116763e-06, 1.32123307139409e-06, 1.3410847259365255e-06, 1.3327926353667863e-06, 1.0222773880741443e-06, 1.000296379061183e-06, 7.644797506145551e-07, 7.105524559847254e-07, 5.779226057711639e-07, 5.450011144603195e-07, 5.519095793715678e-07, 4.5286887484508043e-07, 4.534198012606794e-07, 3.263170924583392e-07, 2.951779265458754e-07, 2.7565505433813087e-07, 1.9501851511449786e-07, 1.5918973872430797e-07, 9.260656241849574e-08, 4.931647978878573e-08, 1.8551764568996987e-08, 5.704203331902136e-09, 2.1326639065843978e-10, 1.5440769496333218e-10, 1.582108749564881e-10, 1.3477849392096175e-10, 6.965306109663061e-11, 4.50966208820347e-11, 2.7402313057534045e-11, 1.201484831764299e-11, 1.1169721397807919e-11], "lowlevel.mfcc.mean": [-737.5311889648438, 218.79286193847656, 38.08366775512695, 27.646869659423828, 19.1252498626709, -10.312891006469727, -17.02204704284668, 9.177228927612305, 6.841818809509277, -3.5058107376098633, -8.676968574523926, -1.8110889196395874, 3.0235626697540283], "lowlevel.spectral_contrast_coeffs.mean": [-0.6442838311195374, -0.618934690952301, -0.7007918357849121, -0.8012397289276123, -0.7727810144424438, -0.815174400806427], "lowlevel.spectral_contrast_coeffs.stdev": [0.07693187147378922, 0.07691190391778946, 0.07161400467157364, 0.039394497871398926, 0.052084293216466904, 0.04193240404129028], "lowlevel.spectral_contrast_valleys.mean": [-6.081594467163086, -6.865262985229492, -8.260152816772461, -8.868762969970703, -9.45748233795166, -11.886704444885254], "lowlevel.spectral_contrast_valleys.stdev": [0.6032161116600037, 0.5547199845314026, 0.6729744672775269, 0.6991690993309021, 1.1532689332962036, 1.6749764680862427], "rhythm.beats_loudness_band_ratio.mean": [0.6424351334571838, 0.2508591413497925, 0.09725216776132584, 0.016856791451573372, 0.01596713997423649, 0.01601387932896614], "rhythm.beats_loudness_band_ratio.stdev": [0.2743092477321625, 0.21849581599235535, 0.09131243079900742, 0.019355693832039833, 0.02752845361828804, 0.025957679376006126], "tonal.hpcp.mean": [0.20517057180404663, 0.09288664907217026, 0.19151325523853302, 0.3141210675239563, 0.1579422503709793, 0.017224758863449097, 0.013804486021399498, 0.019532877951860428, 0.09033682942390442, 0.1230635941028595, 0.050543006509542465, 0.015393076464533806, 0.019037920981645584, 0.019829440861940384, 0.15698878467082977, 0.2831892669200897, 0.15131472051143646, 0.028458913788199425, 0.023632677271962166, 0.012534195557236671, 0.007354495581239462, 0.011322801001369953, 0.019373130053281784, 0.20106567442417145, 0.2802412211894989, 0.09639624506235123, 0.009974541142582893, 0.008793155662715435, 0.014085531234741211, 0.19383281469345093, 0.26034265756607056, 0.07854272425174713, 0.006281399633735418, 0.010630679316818714, 0.023216882720589638, 0.1543366014957428], "tonal.hpcp.stdev": [0.3396282196044922, 0.19601598381996155, 0.2563675343990326, 0.39460211992263794, 0.2198685109615326, 0.10790807008743286, 0.09395767748355865, 0.11349699646234512, 0.17056407034397125, 0.21009396016597748, 0.11130464822053909, 0.1026095524430275, 0.11908277869224548, 0.11756476014852524, 0.21971487998962402, 0.3970142900943756, 0.24603767693042755, 0.14122039079666138, 0.13006162643432617, 0.09376784414052963, 0.05175064131617546, 0.07225922495126724, 0.09869856387376785, 0.2630027234554291, 0.329332560300827, 0.1356029212474823, 0.07871349900960922, 0.07143063843250275, 0.07424458861351013, 0.3014436364173889, 0.3911351263523102, 0.1256933957338333, 0.05970171093940735, 0.07526297867298126, 0.10978049039840698, 0.27667203545570374], "rhythm.beats_position": [0.3831292390823364, 0.7778684496879578, 1.172607660293579, 1.5789568424224854, 2.008526086807251, 2.4380950927734375, 2.879274368286133, 3.3088433742523193, 3.738412618637085, 4.179591655731201, 4.609160900115967, 5.038730144500732, 5.479909420013428, 5.909478187561035, 6.339047431945801, 6.780226707458496, 7.209795951843262, 7.639364719390869, 8.068934440612793, 8.498503684997559, 8.939682006835938, 9.369251251220703, 9.798820495605469, 10.239999771118164, 10.68117904663086, 11.110748291015625, 11.54031753540039, 11.981496810913086, 12.411065101623535, 12.8406343460083, 13.281813621520996, 13.699772834777832, 14.140952110290527, 14.582131385803223, 15.011700630187988, 15.441269874572754, 15.88244915008545, 16.3120174407959, 16.741586685180664, 17.18276596069336, 17.612335205078125, 18.04190444946289, 18.471473693847656, 18.901042938232422, 19.342222213745117, 19.771791458129883, 20.20136070251465, 20.642539978027344, 21.07210922241211, 21.501678466796875, 21.942855834960938, 22.372425079345703, 22.80199432373047, 23.231563568115234, 23.67274284362793, 24.102312088012695, 24.54349136352539, 24.973060607910156, 25.402629852294922, 25.843809127807617, 26.273378372192383, 26.70294761657715, 27.144126892089844, 27.56208610534668, 28.003265380859375, 28.44444465637207, 28.874013900756836, 29.3035831451416, 29.744760513305664], "rhythm.bpm_histogram": [0.0, 0.0, 0.0, 0.0, 0.0, 0.0, 0.0, 0.0, 0.0, 0.0, 0.0, 0.0, 0.0, 0.0, 0.0, 0.0, 0.0, 0.0, 0.0, 0.0, 0.0, 0.0, 0.0, 0.0, 0.0, 0.0, 0.0, 0.0, 0.0, 0.0, 0.0, 0.0, 0.0, 0.0, 0.0, 0.0, 0.0, 0.0, 0.0, 0.0, 0.0, 0.0, 0.0, 0.0, 0.0, 0.0, 0.0, 0.0, 0.0, 0.0, 0.0, 0.0, 0.0, 0.0, 0.0, 0.0, 0.0, 0.0, 0.0, 0.0, 0.0, 0.0, 0.0, 0.0, 0.0, 0.0, 0.0, 0.0, 0.0, 0.0, 0.0, 0.0, 0.0, 0.0, 0.0, 0.0, 0.0, 0.0, 0.0, 0.0, 0.0, 0.0, 0.0, 0.0, 0.0, 0.0, 0.0, 0.0, 0.0, 0.0, 0.0, 0.0, 0.0, 0.0, 0.0, 0.0, 0.0, 0.0, 0.0, 0.0, 0.0, 0.0, 0.0, 0.0, 0.0, 0.0, 0.0, 0.0, 0.0, 0.0, 0.0, 0.0, 0.0, 0.0, 0.0, 0.0, 0.0, 0.0, 0.0, 0.0, 0.0, 0.0, 0.0, 0.0, 0.0, 0.0, 0.0, 0.0, 0.0, 0.0, 0.0, 0.0, 0.0, 0.0, 0.0, 0.0, 0.3382352888584137, 0.0, 0.0, 0.0, 0.5882353186607361, 0.0, 0.0, 0.0, 0.029411764815449715, 0.0, 0.0, 0.0, 0.014705882407724857, 0.0, 0.0, 0.0, 0.029411764815449715, 0.0, 0.0, 0.0, 0.0, 0.0, 0.0, 0.0, 0.0, 0.0, 0.0, 0.0, 0.0, 0.0, 0.0, 0.0, 0.0, 0.0, 0.0, 0.0, 0.0, 0.0, 0.0, 0.0, 0.0, 0.0, 0.0, 0.0, 0.0, 0.0, 0.0, 0.0, 0.0, 0.0, 0.0, 0.0, 0.0, 0.0, 0.0, 0.0, 0.0, 0.0, 0.0, 0.0, 0.0, 0.0, 0.0, 0.0, 0.0, 0.0, 0.0, 0.0, 0.0, 0.0, 0.0, 0.0, 0.0, 0.0, 0.0, 0.0, 0.0, 0.0, 0.0, 0.0, 0.0, 0.0, 0.0, 0.0, 0.0, 0.0, 0.0, 0.0, 0.0, 0.0, 0.0, 0.0, 0.0, 0.0, 0.0, 0.0, 0.0, 0.0, 0.0, 0.0, 0.0, 0.0, 0.0, 0.0, 0.0, 0.0, 0.0, 0.0, 0.0, 0.0, 0.0, 0.0, 0.0, 0.0], "tonal.chords_histogram": [28.0864200592041, 15.123456954956055, 21.45061683654785, 0.0, 5.4012346267700195, 0.9259259104728699, 2.4691357612609863, 0.0, 0.9259259104728699, 0.0, 0.0, 0.0, 0.0, 0.0, 0.0, 0.0, 0.0, 3.0864198207855225, 0.0, 0.0, 0.0, 1.3888888359069824, 0.0, 21.14197540283203], "tonal.thpcp": [1.0, 0.5028069615364075, 0.05483477935194969, 0.04394638538360596, 0.06218264251947403, 0.2875860333442688, 0.39177122712135315, 0.1609029471874237, 0.04900364205241203, 0.060606952756643295, 0.06312674283981323, 0.4997715950012207, 0.90152907371521, 0.481708288192749, 0.09059855341911316, 0.0752342939376831, 0.03990243375301361, 0.023412933573126793, 0.03604597598314285, 0.0616740882396698, 0.640089750289917, 0.892143964767456, 0.3068760931491852, 0.03175381198525429, 0.027992887422442436, 0.04484109207987785, 0.6170640587806702, 0.8287971615791321, 0.250039666891098, 0.019996747374534607, 0.03384261950850487, 0.07391061633825302, 0.4913283884525299, 0.653157651424408, 0.29570335149765015, 0.6096797585487366], "lowlevel.gfcc.cov": [[5288.7138671875, -3750.69970703125, 302.8296813964844, 1145.83544921875, -1251.15234375, 1236.3123779296875, -260.4064636230469, 220.3325958251953, -519.1673583984375, 686.2763061523438, -358.878173828125, 287.6266784667969, -479.47149658203125], [-3750.69970703125, 3765.361328125, -507.1749572753906, -1122.1497802734375, 1342.93896484375, -1174.4818115234375, 392.13494873046875, -142.0772247314453, 451.3624572753906, -658.1689453125, 422.1593933105469, -217.9447021484375, 487.70526123046875], [302.8296813964844, -507.1749572753906, 786.8024291992188, 170.7464141845703, -215.60821533203125, 403.6483154296875, -56.265281677246094, 93.99578857421875, 81.53630828857422, 111.93457794189453, -110.97333526611328, 97.1755599975586, -54.892303466796875], [1145.83544921875, -1122.1497802734375, 170.7464141845703, 675.727294921875, -336.4200439453125, 346.7004089355469, 18.803476333618164, 81.16812896728516, -52.34047317504883, 252.6543731689453, -32.74250030517578, 28.259563446044922, -100.23704528808594], [-1251.15234375, 1342.93896484375, -215.60821533203125, -336.4200439453125, 689.783447265625, -423.0915832519531, 193.30067443847656, -12.088178634643555, 181.45819091796875, -195.9868927001953, 195.7884979248047, -31.281763076782227, 175.10763549804688], [1236.3123779296875, -1174.4818115234375, 403.6483154296875, 346.7004089355469, -423.0915832519531, 627.42626953125, -62.01095962524414, 94.61607360839844, -74.92660522460938, 217.85336303710938, -131.5584259033203, 103.68962860107422, -130.98023986816406], [-260.4064636230469, 392.13494873046875, -56.265281677246094, 18.803476333618164, 193.30067443847656, -62.01095962524414, 250.0129852294922, 44.87515640258789, 62.304508209228516, -19.094881057739258, 113.03448486328125, -25.584735870361328, 69.78551483154297], [220.3325958251953, -142.0772247314453, 93.99578857421875, 81.16812896728516, -12.088178634643555, 94.61607360839844, 44.87515640258789, 120.66654968261719, 46.237548828125, 54.401329040527344, 15.580344200134277, 43.09964370727539, 5.389526844024658], [-519.1673583984375, 451.3624572753906, 81.53630828857422, -52.34047317504883, 181.45819091796875, -74.92660522460938, 62.304508209228516, 46.237548828125, 187.6929473876953, -32.875526428222656, 70.32361602783203, -7.000732898712158, 92.58922576904297], [686.2763061523438, -658.1689453125, 111.93457794189453, 252.6543731689453, -195.9868927001953, 217.85336303710938, -19.094881057739258, 54.401329040527344, -32.875526428222656, 205.3573760986328, -15.593052864074707, 47.756473541259766, -71.7525634765625], [-358.878173828125, 422.1593933105469, -110.97333526611328, -32.74250030517578, 195.7884979248047, -131.5584259033203, 113.03448486328125, 15.580344200134277, 70.32361602783203, -15.593052864074707, 170.3374786376953, 9.138891220092773, 69.08587646484375], [287.6266784667969, -217.9447021484375, 97.1755599975586, 28.259563446044922, -31.281763076782227, 103.68962860107422, -25.584735870361328, 43.09964370727539, -7.000732898712158, 47.756473541259766, 9.138891220092773, 126.2514877319336, -10.174958229064941], [-479.47149658203125, 487.70526123046875, -54.892303466796875, -100.23704528808594, 175.10763549804688, -130.98023986816406, 69.78551483154297, 5.389526844024658, 92.58922576904297, -71.7525634765625, 69.08587646484375, -10.174958229064941, 128.1625518798828]], "lowlevel.gfcc.icov": [[0.0008922755368985236, -0.00018572842236608267, 0.000609214068390429, -0.0007057061302475631, 0.0001770601375028491, -0.0008112548384815454, 0.00015181759954430163, -0.0010581378592178226, 0.0013342213351279497, -0.0009841673308983445, 0.0009811408817768097, -0.001145874965004623, 0.0005099513800814748], [-0.00018572842236608267, 0.012048477306962013, -0.0028273938223719597, 0.008531460538506508, -0.004931691102683544, 0.0052999285981059074, -0.005618295166641474, 0.005308955442160368, -0.008716820739209652, 0.011394943110644817, -0.010344362817704678, 0.008339808322489262, -0.007176503539085388], [0.000609214068390429, -0.0028273938223719597, 0.003724933136254549, -0.0023435528855770826, 0.0014626673655584455, -0.0031222249381244183, 0.0010251726489514112, -0.0015138564631342888, -0.00019514531595632434, -0.0027545460034161806, 0.004462890326976776, -0.004010865464806557, 0.0029917266219854355], [-0.0007057061302475631, 0.008531460538506508, -0.0023435528855770826, 0.009675045497715473, -0.002634097123518586, 0.0037501349579542875, -0.004972902592271566, 0.0040804543532431126, -0.0071347057819366455, 0.005734305828809738, -0.008288378827273846, 0.007460465654730797, -0.005149648990482092], [0.0001770601375028491, -0.004931691102683544, 0.0014626673655584455, -0.002634097123518586, 0.007109906990081072, -0.000552315847016871, -0.00018098177679348737, -0.0017006724374368787, 0.0007743372116237879, -0.0033721085637807846, 0.002995983697474003, -0.005318045616149902, 0.0034024957567453384], [-0.0008112548384815454, 0.0052999285981059074, -0.0031222249381244183, 0.0037501349579542875, -0.000552315847016871, 0.008415894582867622, -0.004154813010245562, 0.002261960646137595, -0.00457196356728673, 0.003933698404580355, -0.003269754583016038, 0.0021802831906825304, -0.0026437449268996716], [0.00015181759954430163, -0.005618295166641474, 0.0010251726489514112, -0.004972902592271566, -0.00018098177679348737, -0.004154813010245562, 0.011317641474306583, -0.00604277616366744, 0.007063196040689945, -0.0047262064181268215, 0.0003708123113028705, 0.00020892545580863953, 0.0006580475019291043], [-0.0010581378592178226, 0.005308955442160368, -0.0015138564631342888, 0.0040804543532431126, -0.0017006724374368787, 0.002261960646137595, -0.00604277616366744, 0.01782218925654888, -0.010278597474098206, 0.004166485741734505, -0.0038349912501871586, 0.0001611983752809465, -0.0026036740746349096], [0.0013342213351279497, -0.008716820739209652, -0.00019514531595632434, -0.0071347057819366455, 0.0007743372116237879, -0.00457196356728673, 0.007063196040689945, -0.010278597474098206, 0.022774111479520798, -0.010605310089886189, 0.00539996987208724, -0.00274389935657382, -0.0021646800450980663], [-0.0009841673308983445, 0.011394943110644817, -0.0027545460034161806, 0.005734305828809738, -0.0033721085637807846, 0.003933698404580355, -0.0047262064181268215, 0.004166485741734505, -0.010605310089886189, 0.024649951606988907, -0.013759026303887367, 0.007123467046767473, -0.0032686074264347553], [0.0009811408817768097, -0.010344362817704678, 0.004462890326976776, -0.008288378827273846, 0.002995983697474003, -0.003269754583016038, 0.0003708123113028705, -0.0038349912501871586, 0.00539996987208724, -0.013759026303887367, 0.02401028946042061, -0.012656111270189285, 0.005436313338577747], [-0.001145874965004623, 0.008339808322489262, -0.004010865464806557, 0.007460465654730797, -0.005318045616149902, 0.0021802831906825304, 0.00020892545580863953, 0.0001611983752809465, -0.00274389935657382, 0.007123467046767473, -0.012656111270189285, 0.020640814676880836, -0.008100784383714199], [0.0005099513800814748, -0.007176503539085388, 0.0029917266219854355, -0.005149648990482092, 0.0034024957567453384, -0.0026437449268996716, 0.0006580475019291043, -0.0026036740746349096, -0.0021646800450980663, -0.0032686074264347553, 0.005436313338577747, -0.008100784383714199, 0.02283420041203499]], "lowlevel.mfcc.cov": [[5949.55859375, -4479.962890625, 1042.2772216796875, -170.31080627441406, -501.6564025878906, 627.8781127929688, 255.0051727294922, -109.37228393554688, -146.5460205078125, 158.4609832763672, 257.4378662109375, 15.932339668273926, -61.55392074584961], [-4479.962890625, 4696.619140625, -1494.0660400390625, 150.08938598632812, 457.1416015625, -669.4176025390625, -108.02922058105469, 160.83486938476562, 100.52442169189453, -180.07022094726562, -268.4389343261719, -41.713558197021484, 76.10272216796875], [1042.2772216796875, -1494.0660400390625, 1198.2197265625, -201.16940307617188, -62.45740509033203, 329.24676513671875, -48.362117767333984, 57.188194274902344, 74.5538330078125, 100.71739196777344, 106.09109497070312, 55.63322448730469, -7.10664701461792], [-170.31080627441406, 150.08938598632812, -201.16940307617188, 370.6651306152344, 17.613759994506836, -42.179080963134766, 67.00389862060547, -21.07691764831543, 13.835857391357422, 48.77605438232422, 41.346229553222656, 40.76120376586914, 20.648950576782227], [-501.6564025878906, 457.1416015625, -62.45740509033203, 17.613759994506836, 201.47488403320312, -31.532426834106445, -49.221004486083984, 50.46710968017578, 42.707271575927734, -6.890635013580322, -18.152639389038086, 19.362878799438477, 27.949907302856445], [627.8781127929688, -669.4176025390625, 329.24676513671875, -42.179080963134766, -31.532426834106445, 231.9502716064453, 60.685829162597656, 19.7445068359375, 16.9133358001709, 43.87285232543945, 58.7343635559082, 37.402183532714844, 4.274755001068115], [255.0051727294922, -108.02922058105469, -48.362117767333984, 67.00389862060547, -49.221004486083984, 60.685829162597656, 174.6171112060547, 36.94933319091797, -9.063288688659668, 32.29609680175781, 49.68693542480469, 38.624874114990234, 15.656876564025879], [-109.37228393554688, 160.83486938476562, 57.188194274902344, -21.07691764831543, 50.46710968017578, 19.7445068359375, 36.94933319091797, 123.5035629272461, 53.35677719116211, 3.541914939880371, 3.6918880939483643, 37.91101837158203, 24.736928939819336], [-146.5460205078125, 100.52442169189453, 74.5538330078125, 13.835857391357422, 42.707271575927734, 16.9133358001709, -9.063288688659668, 53.35677719116211, 117.36245727539062, 39.16242218017578, 2.0841774940490723, 23.254018783569336, 1.3660866022109985], [158.4609832763672, -180.07022094726562, 100.71739196777344, 48.77605438232422, -6.890635013580322, 43.87285232543945, 32.29609680175781, 3.541914939880371, 39.16242218017578, 114.62319946289062, 63.33399200439453, 0.18296495079994202, -10.40975570678711], [257.4378662109375, -268.4389343261719, 106.09109497070312, 41.346229553222656, -18.152639389038086, 58.7343635559082, 49.68693542480469, 3.6918880939483643, 2.0841774940490723, 63.33399200439453, 115.8570785522461, 44.05592727661133, -0.3107597529888153], [15.932339668273926, -41.713558197021484, 55.63322448730469, 40.76120376586914, 19.362878799438477, 37.402183532714844, 38.624874114990234, 37.91101837158203, 23.254018783569336, 0.18296495079994202, 44.05592727661133, 133.6761932373047, 53.177459716796875], [-61.55392074584961, 76.10272216796875, -7.10664701461792, 20.648950576782227, 27.949907302856445, 4.274755001068115, 15.656876564025879, 24.736928939819336, 1.3660866022109985, -10.40975570678711, -0.3107597529888153, 53.177459716796875, 89.94419860839844]], "lowlevel.mfcc.icov": [[0.000779605470597744, 0.0008895075879991055, 0.0005161360022611916, 0.00029997152159921825, 9.299686644226313e-05, -6.252183084143326e-05, -0.0003731646866071969, -0.0006395340897142887, 7.80304180807434e-05, -0.00012012978550046682, -5.81902168050874e-05, 0.0002566437469795346, -0.00019928385154344141], [0.0008895075879991055, 0.0017080912366509438, 0.0011273515410721302, 0.0004982196260243654, -0.0008453630725853145, 0.0010908738477155566, -0.0005816608900204301, -0.0013669113395735621, -0.00043738578096963465, -6.535317515954375e-05, 0.0003110141842626035, 0.00028972674044780433, -0.00034490320831537247], [0.0005161360022611916, 0.0011273515410721302, 0.0028556929901242256, 0.0008636062266305089, 0.0003987905220128596, -0.0019058798206970096, 0.002085234969854355, -0.002278868807479739, -0.00044636684469878674, -0.0011883710976690054, -0.0004882418143097311, -0.0002785077376756817, -0.00031063472852110863], [0.00029997152159921825, 0.0004982196260243654, 0.0008636062266305089, 0.004099990241229534, -0.0008228684891946614, 0.001019726856611669, -0.0017252188408747315, 0.0015320717357099056, -0.0010009327670559287, -0.0016093850135803223, -0.00042255307198502123, -0.0010574868647381663, -0.0005503922002390027], [9.299686644226313e-05, -0.0008453630725853145, 0.0003987905220128596, -0.0008228684891946614, 0.008934173732995987, -0.002669921377673745, 0.00445336801931262, -0.003273256355896592, -2.627175308589358e-05, -0.0007338601280935109, -0.000799378496594727, -0.0002419545198790729, -0.001469274633564055], [-6.252183084143326e-05, 0.0010908738477155566, -0.0019058798206970096, 0.001019726856611669, -0.002669921377673745, 0.011543920263648033, -0.005219350103288889, 0.0012714790645986795, -0.0016549781430512667, 0.0004861862398684025, -7.014902075752616e-05, -0.0005026508588343859, -0.00013224821304902434], [-0.0003731646866071969, -0.0005816608900204301, 0.002085234969854355, -0.0017252188408747315, 0.00445336801931262, -0.005219350103288889, 0.013190459460020065, -0.006546326447278261, 0.003320862539112568, -0.0028856750577688217, -0.0018568033119663596, -0.001428890391252935, -0.0003799463447649032], [-0.0006395340897142887, -0.0013669113395735621, -0.002278868807479739, 0.0015320717357099056, -0.003273256355896592, 0.0012714790645986795, -0.006546326447278261, 0.016937796026468277, -0.006301158107817173, 0.0028533730655908585, -0.0001801389444153756, -0.0009618343901820481, -0.0013809700030833483], [7.80304180807434e-05, -0.00043738578096963465, -0.00044636684469878674, -0.0010009327670559287, -2.627175308589358e-05, -0.0016549781430512667, 0.003320862539112568, -0.006301158107817173, 0.016047287732362747, -0.007885492406785488, 0.004700716119259596, -0.0038921069353818893, 0.003020721487700939], [-0.00012012978550046682, -6.535317515954375e-05, -0.0011883710976690054, -0.0016093850135803223, -0.0007338601280935109, 0.0004861862398684025, -0.0028856750577688217, 0.0028533730655908585, -0.007885492406785488, 0.019172117114067078, -0.010096758604049683, 0.006096498109400272, -0.001129464595578611], [-5.81902168050874e-05, 0.0003110141842626035, -0.0004882418143097311, -0.00042255307198502123, -0.000799378496594727, -7.014902075752616e-05, -0.0018568033119663596, -0.0001801389444153756, 0.004700716119259596, -0.010096758604049683, 0.019018640741705894, -0.007318072021007538, 0.0035323593765497208], [0.0002566437469795346, 0.00028972674044780433, -0.0002785077376756817, -0.0010574868647381663, -0.0002419545198790729, -0.0005026508588343859, -0.001428890391252935, -0.0009618343901820481, -0.0038921069353818893, 0.006096498109400272, -0.007318072021007538, 0.014804977923631668, -0.007250095251947641], [-0.00019928385154344141, -0.00034490320831537247, -0.00031063472852110863, -0.0005503922002390027, -0.001469274633564055, -0.00013224821304902434, -0.0003799463447649032, -0.0013809700030833483, 0.003020721487700939, -0.001129464595578611, 0.0035323593765497208, -0.007250095251947641, 0.016406120732426643]], "metadata.audio_properties.analysis.downmix": "mix", "metadata.audio_properties.codec": "mp3", "metadata.audio_properties.md5_encoded": "c1f1f0d8d1b1411abdddf2af8ad2a785", "metadata.tags.file_name": "1183667860313219172.mp3", "metadata.version.essentia": "2.1-beta6-dev", "metadata.version.essentia_git_sha": "v2.1_beta5-1110-g77a6a954", "metadata.version.extractor": "music 2.0", "tonal.chords_key": "Bb", "tonal.chords_scale": "major", "tonal.key_edma.key": "Bb", "tonal.key_edma.scale": "major", "tonal.key_krumhansl.key": "Bb", "tonal.key_