{"song_id": "1183649244075262014", "download": "https://cdn.discordapp.com/attachments/1135903449314238464/1183649244075262014/chirp.mp4?ex=65891a42&amp", "lyrics": "(Chorus)\nLife in motion, words in flow,\n\u65e5\u5e38\u751f\u6d3b\uff0c\u6d41\u7545\u7684\u8bdd\u8bed\uff0c\n\"I'm\" plus verb, let's learn and grow.\n\u201c\u6211\u6b63\u5728\u201d\u52a0\u4e0a\u52a8\u8bcd\uff0c\u5b66\u4e60\u4e2d\u6210\u957f\u3002", "style": ["drill"], "essentia_features": {"lowlevel.average_loudness": 0.3352982699871063, "lowlevel.barkbands_crest.mean": 11.208788871765137, "lowlevel.barkbands_crest.stdev": 5.378077983856201, "lowlevel.barkbands_flatness_db.mean": 0.17337191104888916, "lowlevel.barkbands_flatness_db.stdev": 0.10723406821489334, "lowlevel.barkbands_kurtosis.mean": 13.440220832824707, "lowlevel.barkbands_kurtosis.stdev": 36.00615692138672, "lowlevel.barkbands_skewness.mean": 1.3453925848007202, "lowlevel.barkbands_skewness.stdev": 2.6854233741760254, "lowlevel.barkbands_spread.mean": 34.08185577392578, "lowlevel.barkbands_spread.stdev": 35.048587799072266, "lowlevel.dissonance.mean": 0.45929259061813354, "lowlevel.dissonance.stdev": 0.05640576407313347, "lowlevel.dynamic_complexity": 20.550621032714844, "lowlevel.erbbands_crest.mean": 10.465520858764648, "lowlevel.erbbands_crest.stdev": 5.743033409118652, "lowlevel.erbbands_flatness_db.mean": 0.18400122225284576, "lowlevel.erbbands_flatness_db.stdev": 0.06159522011876106, "lowlevel.erbbands_kurtosis.mean": 2.6266026496887207, "lowlevel.erbbands_kurtosis.stdev": 5.976467132568359, "lowlevel.erbbands_skewness.mean": 0.27691707015037537, "lowlevel.erbbands_skewness.stdev": 1.2389907836914062, "lowlevel.erbbands_spread.mean": 30.378616333007812, "lowlevel.erbbands_spread.stdev": 19.416576385498047, "lowlevel.hfc.mean": 11.298198699951172, "lowlevel.hfc.stdev": 24.6973876953125, "lowlevel.loudness_ebu128.integrated": -32.54420852661133, "lowlevel.loudness_ebu128.loudness_range": 14.141027450561523, "lowlevel.loudness_ebu128.momentary.mean": -49.10041046142578, "lowlevel.loudness_ebu128.momentary.stdev": 22.700231552124023, "lowlevel.loudness_ebu128.short_term.mean": -40.706233978271484, "lowlevel.loudness_ebu128.short_term.stdev": 13.232730865478516, "lowlevel.melbands_crest.mean": 13.642070770263672, "lowlevel.melbands_crest.stdev": 5.428447723388672, "lowlevel.melbands_flatness_db.mean": 0.21154330670833588, "lowlevel.melbands_flatness_db.stdev": 0.1650434136390686, "lowlevel.melbands_kurtosis.mean": 19.810911178588867, "lowlevel.melbands_kurtosis.stdev": 49.27433395385742, "lowlevel.melbands_skewness.mean": 2.0670132637023926, "lowlevel.melbands_skewness.stdev": 2.7488911151885986, "lowlevel.melbands_spread.mean": 57.47239303588867, "lowlevel.melbands_spread.stdev": 65.21891021728516, "lowlevel.pitch_salience.mean": 0.5067148208618164, "lowlevel.pitch_salience.stdev": 0.2035432904958725, "lowlevel.silence_rate_20dB.mean": 0.9983457326889038, "lowlevel.silence_rate_20dB.stdev": 0.0406390018761158, "lowlevel.silence_rate_30dB.mean": 0.96939617395401, "lowlevel.silence_rate_30dB.stdev": 0.17224235832691193, "lowlevel.silence_rate_60dB.mean": 0.5053763389587402, "lowlevel.silence_rate_60dB.stdev": 0.4999719262123108, "lowlevel.spectral_centroid.mean": 1928.0047607421875, "lowlevel.spectral_centroid.stdev": 1500.6837158203125, "lowlevel.spectral_complexity.mean": 5.565756797790527, "lowlevel.spectral_complexity.stdev": 7.223200798034668, "lowlevel.spectral_decrease.mean": -4.882825255236867e-09, "lowlevel.spectral_decrease.stdev": 9.633684072696269e-09, "lowlevel.spectral_energy.mean": 0.01945369318127632, "lowlevel.spectral_energy.stdev": 0.0379689559340477, "lowlevel.spectral_energyband_high.mean": 0.0005365318502299488, "lowlevel.spectral_energyband_high.stdev": 0.0022312442306429148, "lowlevel.spectral_energyband_low.mean": 0.011319090612232685, "lowlevel.spectral_energyband_low.stdev": 0.021027598530054092, "lowlevel.spectral_energyband_middle_high.mean": 0.002607509959489107, "lowlevel.spectral_energyband_middle_high.stdev": 0.008816324174404144, "lowlevel.spectral_energyband_middle_low.mean": 0.007749665528535843, "lowlevel.spectral_energyband_middle_low.stdev": 0.020282991230487823, "lowlevel.spectral_entropy.mean": 7.509868144989014, "lowlevel.spectral_entropy.stdev": 1.0384464263916016, "lowlevel.spectral_flux.mean": 0.048628728836774826, "lowlevel.spectral_flux.stdev": 0.0631571039557457, "lowlevel.spectral_kurtosis.mean": 7.335909366607666, "lowlevel.spectral_kurtosis.stdev": 8.232606887817383, "lowlevel.spectral_rms.mean": 0.002793962135910988, "lowlevel.spectral_rms.stdev": 0.003342606360092759, "lowlevel.spectral_rolloff.mean": 4340.1318359375, "lowlevel.spectral_rolloff.stdev": 4532.7421875, "lowlevel.spectral_skewness.mean": 2.0373198986053467, "lowlevel.spectral_skewness.stdev": 1.0653449296951294, "lowlevel.spectral_spread.mean": 5574342.0, "lowlevel.spectral_spread.stdev": 2181432.5, "lowlevel.spectral_strongpeak.mean": 0.5573300719261169, "lowlevel.spectral_strongpeak.stdev": 0.9452940821647644, "lowlevel.zerocrossingrate.mean": 0.1591796875, "lowlevel.zerocrossingrate.stdev": 0.15610548853874207, "metadata.audio_properties.analysis.equal_loudness": 0.0, "metadata.audio_properties.analysis.length": 28.03199577331543, "metadata.audio_properties.analysis.sample_rate": 44100.0, "metadata.audio_properties.analysis.start_time": 0.0, "metadata.audio_properties.bit_rate": 112287.0, "metadata.audio_properties.length": 28.031999588012695, "metadata.audio_properties.lossless": 0.0, "metadata.audio_properties.number_channels": 1.0, "metadata.audio_properties.replay_gain": 5.497861862182617, "metadata.audio_properties.sample_rate": 48000.0, "rhythm.beats_count": 51.0, "rhythm.beats_loudness.mean": 0.03950275108218193, "rhythm.beats_loudness.stdev": 0.04774472489953041, "rhythm.bpm": 108.81824493408203, "rhythm.bpm_histogram_first_peak_bpm": 110.0, "rhythm.bpm_histogram_first_peak_weight": 0.52173912525177, "rhythm.bpm_histogram_second_peak_bpm": 105.0, "rhythm.bpm_histogram_second_peak_spread": 0.4166666269302368, "rhythm.bpm_histogram_second_peak_weight": 0.14000000059604645, "rhythm.danceability": 0.9737265110015869, "rhythm.onset_rate": 2.887730836868286, "tonal.chords_changes_rate": 0.07438016682863235, "tonal.chords_number_rate": 0.011570247821509838, "tonal.chords_strength.mean": 0.5021321177482605, "tonal.chords_strength.stdev": 0.10230343043804169, "tonal.hpcp_crest.mean": 14.75612735748291, "tonal.hpcp_crest.stdev": 8.93256664276123, "tonal.hpcp_entropy.mean": 1.9536316394805908, "tonal.hpcp_entropy.stdev": 1.002587080001831, "tonal.key_edma.strength": 0.6829199194908142, "tonal.key_krumhansl.strength": 0.6726242899894714, "tonal.key_temperley.strength": 0.6451054811477661, "tonal.tuning_diatonic_strength": 0.6424849033355713, "tonal.tuning_equal_tempered_deviation": 0.1528095006942749, "tonal.tuning_frequency": 436.4561767578125, "tonal.tuning_nontempered_energy_ratio": 0.8020018339157104, "lowlevel.barkbands.mean": [5.952823357802117e-06, 5.276916635921225e-05, 0.008602830581367016, 0.0027917250990867615, 0.00020598663832060993, 0.000748485152143985, 0.001020298688672483, 0.0015172312268987298, 0.001242669764906168, 0.0005907539161853492, 0.00038408482214435935, 0.0002553442900534719, 0.0002975285751745105, 0.0005982762668281794, 0.0004061802173964679, 4.120946323382668e-05, 4.801625618711114e-05, 4.219662878313102e-05, 1.3406125617621001e-05, 0.00015361128316726536, 7.605815335409716e-05, 0.0002134011738235131, 2.705847509787418e-05, 2.668076012923848e-05, 5.763930676039308e-05, 3.431108416407369e-05, 1.669142690730041e-08], "lowlevel.barkbands.stdev": [0.00011509525938890874, 0.0004537818022072315, 0.016247902065515518, 0.0052408515475690365, 0.000954814488068223, 0.0025815891567617655, 0.003652335610240698, 0.007771505042910576, 0.007163866423070431, 0.0034954429138451815, 0.0023636757396161556, 0.0018191501731052995, 0.0015331307658925653, 0.002633670112118125, 0.0020056506618857384, 0.00013917199976276606, 0.00011415229528211057, 0.0001594623172422871, 7.434470899170265e-05, 0.0006905554910190403, 0.0004707726475317031, 0.0009695194312371314, 0.00013891997514292598, 0.0001387380762025714, 0.00020236466662026942, 0.00011793065641541034, 2.811192700846732e-07], "lowlevel.erbbands.mean": [0.002346593653783202, 0.12423933297395706, 5.676676273345947, 15.061388969421387, 1.7268770933151245, 0.8971168398857117, 1.2305504083633423, 7.263692855834961, 15.796199798583984, 25.275928497314453, 30.3136043548584, 29.334861755371094, 18.533117294311523, 17.830472946166992, 15.474660873413086, 11.494027137756348, 12.04822826385498, 28.005786895751953, 31.578418731689453, 9.518285751342773, 2.127687454223633, 2.821694850921631, 2.592911720275879, 1.1691745519638062, 1.4213083982467651, 8.2517728805542, 3.830876111984253, 4.512916088104248, 9.455147743225098, 1.7811752557754517, 0.7726490497589111, 0.4642353653907776, 0.5419811010360718, 0.5179572701454163, 0.49424654245376587, 0.2691723704338074, 0.033151775598526, 0.0011608559871092439, 4.850959885516204e-05, 2.606844100228045e-05], "lowlevel.erbbands.stdev": [0.01104473602026701, 0.25957754254341125, 10.7039155960083, 27.799171447753906, 3.266359806060791, 3.8353686332702637, 6.140560626983643, 25.54156494140625, 56.024452209472656, 103.71148681640625, 168.50514221191406, 175.17552185058594, 95.31388854980469, 108.66265106201172, 111.05799865722656, 89.19277954101562, 58.68244171142578, 130.82839965820312, 156.26980590820312, 33.375953674316406, 5.730472087860107, 6.497923374176025, 8.349268913269043, 6.631768226623535, 6.141510963439941, 36.966304779052734, 22.652812957763672, 24.27977752685547, 42.47788619995117, 7.229672908782959, 4.228488445281982, 2.577723979949951, 2.813687562942505, 1.9585726261138916, 1.7517437934875488, 0.9163392782211304, 0.12378263473510742, 0.004494507797062397, 0.0001468342379666865, 4.649375841836445e-05], "lowlevel.gfcc.mean": [-275.48388671875, 37.027217864990234, -105.46804809570312, 11.219802856445312, -52.790863037109375, 16.88950538635254, -36.211769104003906, 10.757338523864746, -26.477521896362305, 15.721494674682617, -33.866668701171875, -4.119105815887451, -16.028057098388672], "lowlevel.melbands.mean": [9.60288798523834e-06, 0.0022318351548165083, 0.0020698949228972197, 3.972270860685967e-05, 4.396972872200422e-05, 0.00017589279741514474, 0.00023382027575280517, 0.00029656276456080377, 0.00025712180649861693, 0.00016826103092171252, 8.715630247024819e-05, 7.081319927237928e-05, 4.9374200898455456e-05, 3.5831686545861885e-05, 2.18132136069471e-05, 3.3572134270798415e-05, 5.39981119800359e-05, 5.516907913261093e-05, 2.2650645405519754e-05, 4.952782092004782e-06, 1.88915930721123e-06, 2.7640917323878966e-06, 2.9215702852525283e-06, 1.929041900439188e-06, 8.246091169894498e-07, 4.194843654659053e-07, 2.5489057406957727e-06, 6.298005246208049e-06, 2.544415792726795e-06, 1.5950143961163121e-06, 3.0587905257561943e-06, 6.5757012635003775e-06, 2.2458609691966558e-06, 5.417633701654267e-07, 4.5229231204757525e-07, 3.5431753531156573e-07, 2.451474756526295e-07, 3.599861599923315e-07, 3.462625102201855e-07, 4.868587097917043e-07], "lowlevel.melbands.stdev": [0.0001115220584324561, 0.0041898880153894424, 0.003810224821791053, 0.0001385445793857798, 0.00022725251619704068, 0.0006080060848034918, 0.000819621083792299, 0.0012964250054210424, 0.0014267867663875222, 0.0009907042840495706, 0.00046527408994734287, 0.0004535389307420701, 0.0003244204563088715, 0.00026925650308839977, 0.00013992887397762388, 0.0001531687448732555, 0.0002683608909137547, 0.0002786116092465818, 9.827382018556818e-05, 1.800966310838703e-05, 5.231891918811016e-06, 6.636160378548084e-06, 7.965373697516043e-06, 9.09008758753771e-06, 5.177967523195548e-06, 2.131482233380666e-06, 1.1324336810503155e-05, 2.9209200874902308e-05, 1.5617586541338824e-05, 1.112481186282821e-05, 1.6783173123258166e-05, 3.076074062846601e-05, 9.221646905643865e-06, 2.544712742746924e-06, 2.6394525320938556e-06, 1.9796596006926848e-06, 1.3664285916092922e-06, 1.922026285683387e-06, 1.6303425809383043e-06, 1.811662855288887e-06], "lowlevel.melbands128.mean": [2.9829764116584556e-06, 3.832499714917503e-06, 5.702997441403568e-06, 3.243873652536422e-05, 0.0013256330275908113, 0.005299550946801901, 0.0037310903426259756, 0.0006647939444519579, 3.120182009297423e-05, 1.848374267865438e-05, 5.0595117500051856e-05, 7.006050873314962e-05, 3.792200732277706e-05, 1.8165439541917294e-05, 7.657663809368387e-05, 0.0003508749359752983, 0.00033836791408248246, 0.00017542763089295477, 0.00014591508079320192, 0.00031494817812927067, 0.00037339338450692594, 0.0002335794852115214, 0.00022912397980690002, 0.0002981185680255294, 0.0002266550000058487, 8.745289233047515e-05, 0.00010269755875924602, 0.00010033536091214046, 5.7702436606632546e-05, 7.826314686099067e-05, 8.397236524615437e-05, 3.895264308084734e-05, 4.4126249122200534e-05, 6.837863475084305e-05, 2.4644243239890784e-05, 3.7901678297203034e-05, 3.087236837018281e-05, 1.612717278476339e-05, 2.1825937437824905e-05, 1.8318183720111847e-05, 4.0139500924851745e-05, 4.869248368777335e-05, 5.779929779237136e-05, 5.330676503945142e-05, 5.233643969404511e-05, 6.593946454813704e-05, 4.650417758966796e-05, 2.1251336875138804e-05, 1.495469859946752e-05, 7.89885780250188e-06, 3.1853053314989666e-06, 2.345724851693376e-06, 1.8758496480586473e-06, 1.5647939335394767e-06, 2.1098267097841017e-06, 2.7908472475246526e-06, 3.464479505055351e-06, 3.3290980354649946e-06, 2.6685672764870105e-06, 2.2452873054135125e-06, 2.231392272733501e-06, 1.350073375760985e-06, 1.068903202394722e-06, 6.474992915173061e-07, 4.5643403723261144e-07, 3.832155641703139e-07, 3.4546590654827014e-07, 7.236680517053173e-07, 2.1706241568608675e-06, 6.390081125573488e-06, 7.720184839854483e-06, 5.942491043242626e-06, 3.1486499665334122e-06, 1.8362462697041337e-06, 1.8921325590781635e-06, 1.7043765865309979e-06, 1.3579312962974655e-06, 1.4408825563805294e-06, 2.67729546976625e-06, 5.056196641817223e-06, 7.547718723799335e-06, 7.790214112901594e-06, 3.7063734907860635e-06, 1.646611394789943e-06, 8.753576139497454e-07, 4.673492242091015e-07, 4.7344218501166324e-07, 5.361200692277635e-07, 4.672787383697141e-07, 3.802862806878693e-07, 3.89071090012294e-07, 3.7859828694308817e-07, 2.3174510488388478e-07, 2.690066764898802e-07, 2.191809187479521e-07, 2.3152652772751026e-07, 4.080887947566225e-07, 5.314507234288612e-07, 3.2907107083701703e-07, 2.571651975813438e-07, 3.393143117591535e-07, 6.075699161556258e-07, 5.408088554759161e-07, 5.769118160969811e-07, 5.841712891196948e-07, 5.941405447629222e-07, 4.7070938080651104e-07, 5.074205091659678e-07, 5.442360588858719e-07, 5.112472649670963e-07, 2.1663851157427416e-07, 9.132705258707574e-08, 6.24891356437729e-08, 3.356143096766573e-08, 9.290976876741297e-09, 2.53149168294442e-09, 3.28227944823567e-10, 1.0698151392540822e-10, 3.861043776365314e-11, 4.378766446655469e-11, 5.219034579506676e-11, 5.388246446247358e-11, 4.660676705681155e-11, 2.972753640473336e-11, 1.2566771408206723e-11, 5.924407665836018e-12, 1.4692387931281026e-11, 3.0349549262620457e-11], "lowlevel.melbands128.stdev": [6.106679211370647e-05, 8.017542131710798e-05, 0.00010893860599026084, 0.00021800312970299274, 0.002563931979238987, 0.010009858757257462, 0.0069007258862257, 0.0012692573945969343, 0.00010310002835467458, 7.429407560266554e-05, 0.00023490241437684745, 0.00038896570913493633, 0.0002501721610315144, 8.884244016371667e-05, 0.0003401073336135596, 0.001240411540493369, 0.0012012756196781993, 0.0009719443041831255, 0.0006601985660381615, 0.0013412543339654803, 0.0021298921201378107, 0.001625599223189056, 0.001957833534106612, 0.002171999542042613, 0.00171234633307904, 0.0005018392694182694, 0.0005099985864944756, 0.0005826425622217357, 0.0005254443967714906, 0.0006884285830892622, 0.0005199707229621708, 0.00019022035121452063, 0.0003547837841324508, 0.0006110583199188113, 9.827352914726362e-05, 0.00042480722186155617, 0.0002482529089320451, 0.00013014694559387863, 0.00018088266369886696, 0.00010421228216728196, 0.0002043912827502936, 0.00022592370805796236, 0.0004086954868398607, 0.00029913679463788867, 0.00024395762011408806, 0.0003818632394541055, 0.0003376730310264975, 8.441864338237792e-05, 6.056336860638112e-05, 3.59885161742568e-05, 1.3472605132847093e-05, 8.251188774011098e-06, 5.979381967335939e-06, 4.4080470615881495e-06, 7.2311559051740915e-06, 7.0365131250582635e-06, 8.978752703114878e-06, 9.807023161556572e-06, 9.524892448098399e-06, 8.406057531828992e-06, 1.2877202607342042e-05, 8.340061867784243e-06, 8.167359737853985e-06, 3.6265162179915933e-06, 2.6807667836692417e-06, 2.485188360878965e-06, 1.743306711432524e-06, 3.4242737001477508e-06, 1.0809442755999044e-05, 2.914289325417485e-05, 3.751502663362771e-05, 3.2597548852209e-05, 2.055311415460892e-05, 1.3166360076866113e-05, 1.3392432265391108e-05, 1.468416303396225e-05, 9.41956113820197e-06, 9.181383575196378e-06, 1.5985180652933195e-05, 3.221415317966603e-05, 3.979857865488157e-05, 3.454406396485865e-05, 1.6292811778839678e-05, 7.556267064501299e-06, 4.158357114647515e-06, 2.3870065888331737e-06, 2.4908531486289576e-06, 3.080356009377283e-06, 3.1895046959107276e-06, 2.4558728455303935e-06, 2.255190338473767e-06, 1.9962562873843126e-06, 1.840805339270446e-06, 1.8746019350146526e-06, 1.0876361784539768e-06, 1.2458910987334093e-06, 2.3901814074633876e-06, 3.341136107337661e-06, 1.5872062704147538e-06, 1.1817327276730794e-06, 1.3117796697770245e-06, 2.4536423097742954e-06, 2.0069767288077855e-06, 2.379237002969603e-06, 2.2738947791367536e-06, 2.3193149445432937e-06, 1.546804583085759e-06, 1.66190079653461e-06, 1.8293529819857213e-06, 2.263271881020046e-06, 8.181518751371186e-07, 3.626034015269397e-07, 3.265728594215034e-07, 1.6191607699056476e-07, 5.5277467936321045e-08, 2.2314042169568893e-08, 4.179125490111346e-09, 2.486403749557553e-09, 6.644469974226297e-10, 8.67460270281839e-10, 1.329113041848018e-09, 1.5345013038015054e-09, 1.2835337237504518e-09, 7.212934693967554e-10, 1.9565248032815674e-10, 6.961036608243987e-11, 4.21058771182814e-10, 9.663591038489017e-10], "lowlevel.mfcc.mean": [-924.3271484375, 96.93863677978516, -4.688629627227783, 5.3569440841674805, -2.5049901008605957, 7.463202476501465, -3.158337116241455, -8.40272045135498, 15.017070770263672, -5.903445720672607, 10.34809684753418, -8.261578559875488, 2.465095043182373], "lowlevel.spectral_contrast_coeffs.mean": [-0.7008901834487915, -0.8165141344070435, -0.8490802049636841, -0.823872447013855, -0.8181373476982117, -0.7662424445152283], "lowlevel.spectral_contrast_coeffs.stdev": [0.15957410633563995, 0.09775649756193161, 0.06776648014783859, 0.08661169558763504, 0.07877428084611893, 0.09946071356534958], "lowlevel.spectral_contrast_valleys.mean": [-10.421889305114746, -9.349210739135742, -9.742083549499512, -9.973456382751465, -10.336589813232422, -12.78117561340332], "lowlevel.spectral_contrast_valleys.stdev": [2.839899778366089, 2.891545057296753, 2.611024856567383, 2.2333061695098877, 1.8579407930374146, 1.522699236869812], "rhythm.beats_loudness_band_ratio.mean": [0.4689185917377472, 0.06004933640360832, 0.13624265789985657, 0.10314596444368362, 0.09473507851362228, 0.16952018439769745], "rhythm.beats_loudness_band_ratio.stdev": [0.30700013041496277, 0.12223083525896072, 0.13657143712043762, 0.1340019851922989, 0.1643921583890915, 0.25243887305259705], "tonal.hpcp.mean": [0.14930756390094757, 0.12454283982515335, 0.09504613280296326, 0.0862850472331047, 0.10252677649259567, 0.11008422076702118, 0.11189756542444229, 0.12951134145259857, 0.2943541705608368, 0.4683326780796051, 0.34060654044151306, 0.14137902855873108, 0.09541978687047958, 0.08833306282758713, 0.07111421972513199, 0.06870368123054504, 0.06923148781061172, 0.06359083205461502, 0.061301346868276596, 0.05575764551758766, 0.061278652399778366, 0.0906563401222229, 0.09093044698238373, 0.12902815639972687, 0.15487371385097504, 0.10405322909355164, 0.09153225272893906, 0.0992899015545845, 0.1014503613114357, 0.15172642469406128, 0.22349059581756592, 0.17850711941719055, 0.11315655708312988, 0.11568240076303482, 0.13458971679210663, 0.15664373338222504], "tonal.hpcp.stdev": [0.25636735558509827, 0.22435206174850464, 0.17539213597774506, 0.16675284504890442, 0.2137068510055542, 0.22304676473140717, 0.2237892746925354, 0.22982019186019897, 0.3317418396472931, 0.4132924973964691, 0.35639768838882446, 0.24852849543094635, 0.2072710394859314, 0.20143336057662964, 0.15641362965106964, 0.1540900617837906, 0.16036191582679749, 0.14687995612621307, 0.1420900672674179, 0.12859001755714417, 0.13107991218566895, 0.1798817217350006, 0.1830439269542694, 0.23455336689949036, 0.2987535893917084, 0.1825098693370819, 0.1806032508611679, 0.19605925679206848, 0.1987496018409729, 0.23235733807086945, 0.3248618543148041, 0.2578344941139221, 0.19292591512203217, 0.20615972578525543, 0.23606492578983307, 0.2671290338039398], "rhythm.beats_position": [0.5572788715362549, 1.1261677742004395, 1.695056676864624, 2.2639455795288086, 2.832834482192993, 3.390113353729248, 3.9357821941375732, 4.481451034545898, 5.038730144500732, 5.596008777618408, 6.153287887573242, 6.710566997528076, 7.267845630645752, 7.859954357147217, 8.45206356048584, 9.032562255859375, 9.61306095123291, 10.193559646606445, 10.76244831085205, 11.319727897644043, 11.877006530761719, 12.411065101623535, 12.945124626159668, 13.490793228149414, 14.036462783813477, 14.582131385803223, 15.151020050048828, 15.719908714294434, 16.26557731628418, 16.788026809692383, 17.322086334228516, 17.856143951416016, 18.401813507080078, 18.94748306274414, 19.49315071105957, 20.038820266723633, 20.584489822387695, 21.09532928466797, 21.60616683959961, 22.117006301879883, 22.593015670776367, 23.06902503967285, 23.545034408569336, 24.032651901245117, 24.53188133239746, 25.031110763549805, 25.53034019470215, 26.017959594726562, 26.505577087402344, 26.981586456298828, 27.445985794067383], "rhythm.bpm_histogram": [0.0, 0.0, 0.0, 0.0, 0.0, 0.0, 0.0, 0.0, 0.0, 0.0, 0.0, 0.0, 0.0, 0.0, 0.0, 0.0, 0.0, 0.0, 0.0, 0.0, 0.0, 0.0, 0.0, 0.0, 0.0, 0.0, 0.0, 0.0, 0.0, 0.0, 0.0, 0.0, 0.0, 0.0, 0.0, 0.0, 0.0, 0.0, 0.0, 0.0, 0.0, 0.0, 0.0, 0.0, 0.0, 0.0, 0.0, 0.0, 0.0, 0.0, 0.0, 0.0, 0.0, 0.0, 0.0, 0.0, 0.0, 0.0, 0.0, 0.0, 0.0, 0.0, 0.0, 0.0, 0.0, 0.0, 0.0, 0.0, 0.0, 0.0, 0.0, 0.0, 0.0, 0.0, 0.0, 0.0, 0.0, 0.0, 0.0, 0.0, 0.0, 0.0, 0.0, 0.0, 0.0, 0.0, 0.0, 0.0, 0.0, 0.0, 0.0, 0.0, 0.0, 0.0, 0.0, 0.0, 0.0, 0.0, 0.0, 0.0, 0.0, 0.03999999910593033, 0.0, 0.05999999865889549, 0.0, 0.14000000059604645, 0.0, 0.0, 0.1599999964237213, 0.0, 0.2199999988079071, 0.0, 0.07999999821186066, 0.0, 0.0, 0.019999999552965164, 0.0, 0.05999999865889549, 0.0, 0.0, 0.05999999865889549, 0.0, 0.0, 0.05999999865889549, 0.0, 0.0, 0.07999999821186066, 0.0, 0.0, 0.019999999552965164, 0.0, 0.0, 0.0, 0.0, 0.0, 0.0, 0.0, 0.0, 0.0, 0.0, 0.0, 0.0, 0.0, 0.0, 0.0, 0.0, 0.0, 0.0, 0.0, 0.0, 0.0, 0.0, 0.0, 0.0, 0.0, 0.0, 0.0, 0.0, 0.0, 0.0, 0.0, 0.0, 0.0, 0.0, 0.0, 0.0, 0.0, 0.0, 0.0, 0.0, 0.0, 0.0, 0.0, 0.0, 0.0, 0.0, 0.0, 0.0, 0.0, 0.0, 0.0, 0.0, 0.0, 0.0, 0.0, 0.0, 0.0, 0.0, 0.0, 0.0, 0.0, 0.0, 0.0, 0.0, 0.0, 0.0, 0.0, 0.0, 0.0, 0.0, 0.0, 0.0, 0.0, 0.0, 0.0, 0.0, 0.0, 0.0, 0.0, 0.0, 0.0, 0.0, 0.0, 0.0, 0.0, 0.0, 0.0, 0.0, 0.0, 0.0, 0.0, 0.0, 0.0, 0.0, 0.0, 0.0, 0.0, 0.0, 0.0, 0.0, 0.0, 0.0, 0.0, 0.0, 0.0, 0.0, 0.0, 0.0, 0.0, 0.0, 0.0, 0.0, 0.0, 0.0, 0.0, 0.0, 0.0, 0.0, 0.0, 0.0], "tonal.chords_histogram": [5.2892560958862305, 0.0, 1.6528925895690918, 0.0, 0.0, 3.140495777130127, 8.099173545837402, 23.966941833496094, 26.44628143310547, 29.25619888305664, 0.6611570119857788, 0.0, 0.6611570119857788, 0.0, 0.0, 0.0, 0.0, 0.0, 0.0, 0.0, 0.0, 0.8264462947845459, 0.0, 0.0], "tonal.thpcp": [1.0, 0.7272747755050659, 0.30187734961509705, 0.2037436068058014, 0.18861179053783417, 0.1518455147743225, 0.146698459982872, 0.1478254497051239, 0.13578133285045624, 0.13089273869991302, 0.11905563622713089, 0.13084428012371063, 0.1935725212097168, 0.19415780901908875, 0.27550533413887024, 0.3306916654109955, 0.22217802703380585, 0.1954428106546402, 0.21200720965862274, 0.2166202962398529, 0.3239714801311493, 0.4772047996520996, 0.38115453720092773, 0.24161575734615326, 0.2470090240240097, 0.287380576133728, 0.33447107672691345, 0.31880661845207214, 0.26592814922332764, 0.2029457688331604, 0.18423879146575928, 0.21891869604587555, 0.235055610537529, 0.23892751336097717, 0.27653706073760986, 0.6285151243209839], "lowlevel.gfcc.cov": [[63173.63671875, 16080.3662109375, 23.164806365966797, -303.3040466308594, 150.06668090820312, -386.5016174316406, -438.7940673828125, -36.408016204833984, -1413.7161865234375, 593.661865234375, -3537.248291015625, -1849.59521484375, -1327.2686767578125], [16080.3662109375, 8056.70849609375, 1339.4002685546875, -521.9845581054688, 413.318603515625, -489.5997619628906, -39.08133316040039, -82.16281127929688, -281.3248291015625, -163.15737915039062, -929.9608764648438, -628.2235717773438, -406.8995666503906], [23.164806365966797, 1339.4002685546875, 1194.729248046875, 262.74169921875, 180.68218994140625, -229.1046905517578, 56.659507751464844, -12.928023338317871, 79.92762756347656, -190.2261962890625, 50.09783935546875, -46.83000946044922, -54.55052947998047], [-303.3040466308594, -521.9845581054688, 262.74169921875, 708.0099487304688, 28.462867736816406, -94.1466064453125, -111.72531127929688, -23.58885383605957, 179.11154174804688, -71.77236938476562, 54.068626403808594, 11.460494995117188, 20.512596130371094], [150.06668090820312, 413.318603515625, 180.68218994140625, 28.462867736816406, 323.2024230957031, 43.17995834350586, 52.16330337524414, 7.172101974487305, -3.422053575515747, -70.43378448486328, -105.12629699707031, -34.11412811279297, -36.70708465576172], [-386.5016174316406, -489.5997619628906, -229.1046905517578, -94.1466064453125, 43.17995834350586, 279.8140869140625, 84.830078125, 1.493812084197998, -109.87449645996094, 10.748862266540527, -45.55061721801758, -4.379897594451904, -27.920047760009766], [-438.7940673828125, -39.08133316040039, 56.659507751464844, -111.72531127929688, 52.16330337524414, 84.830078125, 196.8132781982422, 28.173559188842773, -83.65359497070312, -35.55460739135742, 28.263072967529297, -0.2643907964229584, -28.785369873046875], [-36.408016204833984, -82.16281127929688, -12.928023338317871, -23.58885383605957, 7.172101974487305, 1.493812084197998, 28.173559188842773, 84.66943359375, -3.3213610649108887, -18.960683822631836, -16.825618743896484, 7.626076698303223, 10.239721298217773], [-1413.7161865234375, -281.3248291015625, 79.92762756347656, 179.11154174804688, -3.422053575515747, -109.87449645996094, -83.65359497070312, -3.3213610649108887, 239.8255157470703, -27.41986656188965, 89.71607208251953, 15.64972972869873, 57.686439514160156], [593.661865234375, -163.15737915039062, -190.2261962890625, -71.77236938476562, -70.43378448486328, 10.748862266540527, -35.55460739135742, -18.960683822631836, -27.41986656188965, 159.00411987304688, -21.66663932800293, 3.8415980339050293, -13.162995338439941], [-3537.248291015625, -929.9608764648438, 50.09783935546875, 54.068626403808594, -105.12629699707031, -45.55061721801758, 28.263072967529297, -16.825618743896484, 89.71607208251953, -21.66663932800293, 369.228515625, 125.8584213256836, 85.70127868652344], [-1849.59521484375, -628.2235717773438, -46.83000946044922, 11.460494995117188, -34.11412811279297, -4.379897594451904, -0.2643907964229584, 7.626076698303223, 15.64972972869873, 3.8415980339050293, 125.8584213256836, 144.55526733398438, 61.3115234375], [-1327.2686767578125, -406.8995666503906, -54.55052947998047, 20.512596130371094, -36.70708465576172, -27.920047760009766, -28.785369873046875, 10.239721298217773, 57.686439514160156, -13.162995338439941, 85.70127868652344, 61.3115234375, 97.37538146972656]], "lowlevel.gfcc.icov": [[0.00011953857028856874, -0.00024577914155088365, 0.00024048959312494844, -0.00042597984429448843, 0.00026201363652944565, 2.489539656380657e-05, -6.704309635097161e-05, -0.0003073342377319932, 0.0003891887317877263, -0.0004085305845364928, 0.0003956970467697829, 0.00019641753169707954, 0.00018748438742477447], [-0.00024577914155088365, 0.001124220434576273, -0.0009880512952804565, 0.0015813442878425121, -0.0006991687114350498, 0.001210682326927781, 0.00048771657748147845, 0.0013996460475027561, -0.00024630469852127135, 0.0014635211555287242, 0.00016380420129280537, 0.0008528064354322851, 0.00020422323723323643], [0.00024048959312494844, -0.0009880512952804565, 0.0025505097582936287, -0.0018179117469117045, -3.221945735276677e-05, 0.000701423326972872, -0.0011162275914102793, -0.000759446993470192, 0.000593807315453887, 6.996334559516981e-05, -0.0004125113773625344, -0.00039878665120340884, 0.0011716954177245498], [-0.00042597984429448843, 0.0015813442878425121, -0.0018179117469117045, 0.004375041928142309, -0.0010494388407096267, 0.0009033933747559786, 0.0017375691095367074, 0.002162063494324684, -0.0020312140695750713, 0.002791076898574829, -0.0003121621557511389, 0.0002795630425680429, 0.0006906299386173487], [0.00026201363652944565, -0.0006991687114350498, -3.221945735276677e-05, -0.0010494388407096267, 0.005279827862977982, -0.0013896976597607136, -0.0014027889119461179, -0.0002675333817023784, -0.0006131800473667681, 0.00021721185476053506, 0.002654555719345808, -0.0009508885559625924, 0.0007131110760383308], [2.489539656380657e-05, 0.001210682326927781, 0.000701423326972872, 0.0009033933747559786, -0.0013896976597607136, 0.008986328728497028, -0.0016113255405798554, 0.0025626742281019688, 0.003046852769330144, 0.0020290366373956203, 0.0020790137350559235, 0.002514956519007683, 0.001963951624929905], [-6.704309635097161e-05, 0.00048771657748147845, -0.0011162275914102793, 0.0017375691095367074, -0.0014027889119461179, -0.0016113255405798554, 0.009862915612757206, -0.0028165816329419613, 0.0023323334753513336, 0.001797303557395935, -0.002517950488254428, 0.0013450845144689083, 0.002584215719252825], [-0.0003073342377319932, 0.0013996460475027561, -0.000759446993470192, 0.002162063494324684, -0.0002675333817023784, 0.0025626742281019688, -0.0028165816329419613, 0.016034472733736038, -0.0012281149392947555, 0.003660830669105053, 0.0027206416707485914, -0.0006418275879696012, -0.0018740954110398889], [0.0003891887317877263, -0.00024630469852127135, 0.000593807315453887, -0.0020312140695750713, -0.0006131800473667681, 0.003046852769330144, 0.0023323334753513336, -0.0012281149392947555, 0.009839937090873718, -0.0005901925615034997, -9.354043868370354e-05, 0.004129691980779171, -0.001929781399667263], [-0.0004085305845364928, 0.0014635211555287242, 6.996334559516981e-05, 0.002791076898574829, 0.00021721185476053506, 0.0020290366373956203, 0.001797303557395935, 0.003660830669105053, -0.0005901925615034997, 0.011644350364804268, 5.034770583733916e-05, -0.0007803349290043116, 0.0031790791545063257], [0.0003956970467697829, 0.00016380420129280537, -0.0004125113773625344, -0.0003121621557511389, 0.002654555719345808, 0.0020790137350559235, -0.002517950488254428, 0.0027206416707485914, -9.354043868370354e-05, 5.034770583733916e-05, 0.00894460454583168, -0.0013740489957854152, -0.00046585858217440546], [0.00019641753169707954, 0.0008528064354322851, -0.00039878665120340884, 0.0002795630425680429, -0.0009508885559625924, 0.002514956519007683, 0.0013450845144689083, -0.0006418275879696012, 0.004129691980779171, -0.0007803349290043116, -0.0013740489957854152, 0.015465054661035538, -0.004293754696846008], [0.00018748438742477447, 0.00020422323723323643, 0.0011716954177245498, 0.0006906299386173487, 0.0007131110760383308, 0.001963951624929905, 0.002584215719252825, -0.0018740954110398889, -0.001929781399667263, 0.0031790791545063257, -0.00046585858217440546, -0.004293754696846008, 0.0206687543541193]], "lowlevel.mfcc.cov": [[52349.6875, 11672.8759765625, -1179.367431640625, 864.427490234375, -740.7498779296875, 639.6021728515625, -303.6323547363281, -1315.540771484375, 1948.12646484375, -1098.3201904296875, 1133.0078125, -1638.532958984375, 21.110546112060547], [11672.8759765625, 7160.62646484375, 350.2733459472656, 241.66455078125, -68.11376953125, -36.68207931518555, -2.439967632293701, -289.6643981933594, 612.5411987304688, -708.0891723632812, 506.8946228027344, -470.6846923828125, 55.27348327636719], [-1179.367431640625, 350.2733459472656, 893.1287231445312, 397.2124328613281, 151.7412109375, -108.30755615234375, -85.28199768066406, 82.7099609375, -114.58137512207031, -2.2935128211975098, -96.86112213134766, 142.74620056152344, 61.000614166259766], [864.427490234375, 241.66455078125, 397.2124328613281, 570.9619750976562, 202.470947265625, -37.72426986694336, -177.0711212158203, 0.9103023409843445, 45.546539306640625, -29.389690399169922, -35.487483978271484, 27.541414260864258, 72.56224822998047], [-740.7498779296875, -68.11376953125, 151.7412109375, 202.470947265625, 278.2713623046875, 21.850440979003906, -112.32403564453125, 58.20940017700195, 29.29140281677246, 25.63752555847168, -51.84579849243164, 13.925050735473633, -6.9622883796691895], [639.6021728515625, -36.68207931518555, -108.30755615234375, -37.72426986694336, 21.850440979003906, 190.8601837158203, 54.1992301940918, 5.860489845275879, 24.09482192993164, 15.095064163208008, 39.702392578125, -60.23969650268555, -58.86466598510742], [-303.6323547363281, -2.439967632293701, -85.28199768066406, -177.0711212158203, -112.32403564453125, 54.1992301940918, 301.22503662109375, 71.3466567993164, -36.304378509521484, -67.42530822753906, 50.29239273071289, -11.182710647583008, -32.352420806884766], [-1315.540771484375, -289.6643981933594, 82.7099609375, 0.9103023409843445, 58.20940017700195, 5.860489845275879, 71.3466567993164, 195.63465881347656, -37.63691329956055, 25.82307243347168, -53.73028564453125, 37.03799057006836, -14.74942398071289], [1948.12646484375, 612.5411987304688, -114.58137512207031, 45.546539306640625, 29.29140281677246, 24.09482192993164, -36.304378509521484, -37.63691329956055, 244.80677795410156, -84.61822509765625, 68.50611877441406, -127.55300903320312, -1.6046124696731567], [-1098.3201904296875, -708.0891723632812, -2.2935128211975098, -29.389690399169922, 25.63752555847168, 15.095064163208008, -67.42530822753906, 25.82307243347168, -84.61822509765625, 223.28135681152344, -72.31189727783203, 52.427005767822266, -38.40244674682617], [1133.0078125, 506.8946228027344, -96.86112213134766, -35.487483978271484, -51.84579849243164, 39.702392578125, 50.29239273071289, -53.73028564453125, 68.50611877441406, -72.31189727783203, 146.7122039794922, -69.86103057861328, -7.0330915451049805], [-1638.532958984375, -470.6846923828125, 142.74620056152344, 27.541414260864258, 13.925050735473633, -60.23969650268555, -11.182710647583008, 37.03799057006836, -127.55300903320312, 52.427005767822266, -69.86103057861328, 171.7911376953125, 27.418367385864258], [21.110546112060547, 55.27348327636719, 61.000614166259766, 72.56224822998047, -6.9622883796691895, -58.86466598510742, -32.352420806884766, -14.74942398071289, -1.6046124696731567, -38.40244674682617, -7.0330915451049805, 27.418367385864258, 102.85275268554688]], "lowlevel.mfcc.icov": [[5.7971457863459364e-05, -7.842135528335348e-05, 9.20366874197498e-05, -0.00021468497288879007, 0.0002702808124013245, -0.00019775450346060097, 2.3831057660572696e-06, 0.00015189005353022367, -0.00017106567975133657, -7.441493653459474e-05, 0.00013817516446579248, 0.00012393220094963908, 7.245607207551075e-07], [-7.842135528335348e-05, 0.0004422816855367273, -0.0005190225201658905, 0.000452260923339054, -0.000320335355354473, 0.00041393982246518135, 0.00020122640125919133, -5.607434286503121e-05, -0.00011270293180132285, 0.0007788390503264964, -0.0008767683757469058, 0.00031165836844593287, 0.00018364965217188], [9.20366874197498e-05, -0.0005190225201658905, 0.002747418824583292, -0.0020241974852979183, 0.00022633354819845408, 0.00025991842267103493, -0.0003798123507294804, -0.00044125219574198127, 0.001032514963299036, -0.00048791957669891417, 0.0012012614170089364, -0.0009904829785227776, 0.00022008693485986441], [-0.00021468497288879007, 0.000452260923339054, -0.0020241974852979183, 0.004895390942692757, -0.002672967966645956, 0.00013739880523644388, 0.0012884880416095257, -0.00021594131249003112, -0.00027038773987442255, 0.0009679613285697997, -0.0011284572537988424, -0.000175367429619655, -0.001853334717452526], [0.0002702808124013245, -0.000320335355354473, 0.00022633354819845408, -0.002672967966645956, 0.008113001473248005, -0.002586929127573967, 0.002433927496895194, -0.0017530566547065973, -0.0017534103244543076, 0.0003173074801452458, 0.0016239830292761326, -9.380606934428215e-05, 0.0016782151069492102], [-0.00019775450346060097, 0.00041393982246518135, 0.00025991842267103493, 0.00013739880523644388, -0.002586929127573967, 0.008879647590219975, -0.0018209136324003339, -0.00010324527102056891, 0.0012147463858127594, -0.0007047646213322878, -0.002268882468342781, 0.001958216540515423, 0.0029650016222149134], [2.3831057660572696e-06, 0.00020122640125919133, -0.0003798123507294804, 0.0012884880416095257, 0.002433927496895194, -0.0018209136324003339, 0.007425250019878149, -0.0035671244841068983, 0.0012026557233184576, 0.0033515410032123327, -0.002028858056291938, -6.310916796792299e-05, 0.0013025300577282906], [0.00015189005353022367, -5.607434286503121e-05, -0.00044125219574198127, -0.00021594131249003112, -0.0017530566547065973, -0.00010324527102056891, -0.0035671244841068983, 0.008666269481182098, -0.0011959457769989967, -0.0009440946741960943, 0.002659113612025976, 0.00016346602933481336, 0.00012307507859077305], [-0.00017106567975133657, -0.00011270293180132285, 0.001032514963299036, -0.00027038773987442255, -0.0017534103244543076, 0.0012147463858127594, 0.0012026557233184576, -0.0011959457769989967, 0.009389258921146393, 0.0016343316528946161, -0.0010546805569902062, 0.00418893713504076, 2.5287034077337012e-05], [-7.441493653459474e-05, 0.0007788390503264964, -0.00048791957669891417, 0.0009679613285697997, 0.0003173074801452458, -0.0007047646213322878, 0.0033515410032123327, -0.0009440946741960943, 0.0016343316528946161, 0.00919579528272152, 0.0004856288724113256, -9.194892481900752e-05, 0.0032568585593253374], [0.00013817516446579248, -0.0008767683757469058, 0.0012012614170089364, -0.0011284572537988424, 0.0016239830292761326, -0.002268882468342781, -0.002028858056291938, 0.002659113612025976, -0.0010546805569902062, 0.0004856288724113256, 0.013348856009542942, 0.000979350064881146, -0.00010237073001917452], [0.00012393220094963908, 0.00031165836844593287, -0.0009904829785227776, -0.000175367429619655, -9.380606934428215e-05, 0.001958216540515423, -6.310916796792299e-05, 0.00016346602933481336, 0.00418893713504076, -9.194892481900752e-05, 0.000979350064881146, 0.01318373903632164, -0.0017803105292841792], [7.245607207551075e-07, 0.00018364965217188, 0.00022008693485986441, -0.001853334717452526, 0.0016782151069492102, 0.0029650016222149134, 0.0013025300577282906, 0.00012307507859077305, 2.5287034077337012e-05, 0.0032568585593253374, -0.00010237073001917452, -0.0017803105292841792, 0.014722687192261219]], "metadata.audio_properties.analysis.downmix": "mix", "metadata.audio_properties.codec": "mp3", "metadata.audio_properties.md5_encoded": "92c0f9e24b42706d921fd8fe3f6782c2", "metadata.tags.file_name": "1183649244075262014.mp3", "metadata.version.essentia": "2.1-beta6-dev", "metadata.version.essentia_git_sha": "v2.1_beta5-1110-g77a6a954", "metadata.version.extractor": "music 2.0", "tonal.chords_key": "C", "tonal.chords_scale": "major", "tonal.key_edma.key": "F", "tonal.key_edma.scale": "minor", "tonal.key_krumhansl.key": "F", "tonal.key_krumhansl.scale": "minor", "tonal.key_temperley.key": "F", "tonal.key_temperley.scale": "minor", "metadata.tags.encoding": ["Lavf58.45.100"]}, "essentia_models": [{"model_name": "genre_dortmund", "activations": {"alternative": "0.16511506", "blues": "0.0377