{"song_id": "1183673064823717938", "download": "https://cdn.discordapp.com/attachments/1135903449314238464/1183673064823717938/chirp.mp4?ex=65893072&amp", "lyrics": "[verse]\nIn the age of Christofascist madness\nWhere macho minds breed nothing but sadness\nDrowning in a sea of misguided pride\nA storm of intolerance we cannot hide\n\n[chorus]\nBreak the chains, rise above the hate\nIn this world, let's radiate\nLove and acceptance, let it show\nTogether we'll conquer, let freedom grow", "style": ["in the style of prince"], "essentia_features": {"lowlevel.average_loudness": 0.9849966764450073, "lowlevel.barkbands_crest.mean": 14.464656829833984, "lowlevel.barkbands_crest.stdev": 3.810570478439331, "lowlevel.barkbands_flatness_db.mean": 0.16761675477027893, "lowlevel.barkbands_flatness_db.stdev": 0.03675943985581398, "lowlevel.barkbands_kurtosis.mean": 13.349897384643555, "lowlevel.barkbands_kurtosis.stdev": 13.101923942565918, "lowlevel.barkbands_skewness.mean": 3.2901275157928467, "lowlevel.barkbands_skewness.stdev": 1.398715615272522, "lowlevel.barkbands_spread.mean": 17.87269401550293, "lowlevel.barkbands_spread.stdev": 8.533876419067383, "lowlevel.dissonance.mean": 0.4783325493335724, "lowlevel.dissonance.stdev": 0.017896005883812904, "lowlevel.dynamic_complexity": 0.9111274480819702, "lowlevel.erbbands_crest.mean": 7.393247127532959, "lowlevel.erbbands_crest.stdev": 4.32907247543335, "lowlevel.erbbands_flatness_db.mean": 0.10432909429073334, "lowlevel.erbbands_flatness_db.stdev": 0.02248651348054409, "lowlevel.erbbands_kurtosis.mean": -0.5739011168479919, "lowlevel.erbbands_kurtosis.stdev": 0.956449568271637, "lowlevel.erbbands_skewness.mean": 0.08099054545164108, "lowlevel.erbbands_skewness.stdev": 0.5851784348487854, "lowlevel.erbbands_spread.mean": 68.66315460205078, "lowlevel.erbbands_spread.stdev": 21.694639205932617, "lowlevel.hfc.mean": 31.051721572875977, "lowlevel.hfc.stdev": 12.63374137878418, "lowlevel.loudness_ebu128.integrated": -11.864834785461426, "lowlevel.loudness_ebu128.loudness_range": 0.7658395767211914, "lowlevel.loudness_ebu128.momentary.mean": -11.88937759399414, "lowlevel.loudness_ebu128.momentary.stdev": 0.4620494842529297, "lowlevel.loudness_ebu128.short_term.mean": -11.871191024780273, "lowlevel.loudness_ebu128.short_term.stdev": 0.23669447004795074, "lowlevel.melbands_crest.mean": 22.114343643188477, "lowlevel.melbands_crest.stdev": 4.539575576782227, "lowlevel.melbands_flatness_db.mean": 0.24421954154968262, "lowlevel.melbands_flatness_db.stdev": 0.04660294950008392, "lowlevel.melbands_kurtosis.mean": 55.646121978759766, "lowlevel.melbands_kurtosis.stdev": 50.27511978149414, "lowlevel.melbands_skewness.mean": 6.059686660766602, "lowlevel.melbands_skewness.stdev": 2.656238317489624, "lowlevel.melbands_spread.mean": 10.64738655090332, "lowlevel.melbands_spread.stdev": 7.368391990661621, "lowlevel.pitch_salience.mean": 0.42228302359580994, "lowlevel.pitch_salience.stdev": 0.10306678712368011, "lowlevel.silence_rate_20dB.mean": 1.0, "lowlevel.silence_rate_20dB.stdev": 0.0, "lowlevel.silence_rate_30dB.mean": 0.836936354637146, "lowlevel.silence_rate_30dB.stdev": 0.3694271743297577, "lowlevel.silence_rate_60dB.mean": 0.0012353304773569107, "lowlevel.silence_rate_60dB.stdev": 0.035125888884067535, "lowlevel.spectral_centroid.mean": 1282.7991943359375, "lowlevel.spectral_centroid.stdev": 454.671142578125, "lowlevel.spectral_complexity.mean": 27.297714233398438, "lowlevel.spectral_complexity.stdev": 9.901496887207031, "lowlevel.spectral_decrease.mean": -2.0042252302232555e-08, "lowlevel.spectral_decrease.stdev": 9.151894353465195e-09, "lowlevel.spectral_energy.mean": 0.07846054434776306, "lowlevel.spectral_energy.stdev": 0.03486248850822449, "lowlevel.spectral_energyband_high.mean": 0.0018881696742027998, "lowlevel.spectral_energyband_high.stdev": 0.0011614594841375947, "lowlevel.spectral_energyband_low.mean": 0.05949833616614342, "lowlevel.spectral_energyband_low.stdev": 0.03639732673764229, "lowlevel.spectral_energyband_middle_high.mean": 0.004355509765446186, "lowlevel.spectral_energyband_middle_high.stdev": 0.0031331880018115044, "lowlevel.spectral_energyband_middle_low.mean": 0.01592075079679489, "lowlevel.spectral_energyband_middle_low.stdev": 0.012959380634129047, "lowlevel.spectral_entropy.mean": 7.8407745361328125, "lowlevel.spectral_entropy.stdev": 0.2268378883600235, "lowlevel.spectral_flux.mean": 0.11632785201072693, "lowlevel.spectral_flux.stdev": 0.07315454632043839, "lowlevel.spectral_kurtosis.mean": 2.7898647785186768, "lowlevel.spectral_kurtosis.stdev": 0.9041423201560974, "lowlevel.spectral_rms.mean": 0.008574671112000942, "lowlevel.spectral_rms.stdev": 0.0017384077655151486, "lowlevel.spectral_rolloff.mean": 440.5062255859375, "lowlevel.spectral_rolloff.stdev": 518.464599609375, "lowlevel.spectral_skewness.mean": 1.2329875230789185, "lowlevel.spectral_skewness.stdev": 0.20673319697380066, "lowlevel.spectral_spread.mean": 5621906.5, "lowlevel.spectral_spread.stdev": 937984.375, "lowlevel.spectral_strongpeak.mean": 0.8339983820915222, "lowlevel.spectral_strongpeak.stdev": 0.48459312319755554, "lowlevel.zerocrossingrate.mean": 0.04504341632127762, "lowlevel.zerocrossingrate.stdev": 0.018038593232631683, "metadata.audio_properties.analysis.equal_loudness": 0.0, "metadata.audio_properties.analysis.length": 37.5679817199707, "metadata.audio_properties.analysis.sample_rate": 44100.0, "metadata.audio_properties.analysis.start_time": 0.0, "metadata.audio_properties.bit_rate": 113858.0, "metadata.audio_properties.length": 37.56800079345703, "metadata.audio_properties.lossless": 0.0, "metadata.audio_properties.number_channels": 1.0, "metadata.audio_properties.replay_gain": -11.84865951538086, "metadata.audio_properties.sample_rate": 48000.0, "rhythm.beats_count": 57.0, "rhythm.beats_loudness.mean": 0.08868048340082169, "rhythm.beats_loudness.stdev": 0.02242456004023552, "rhythm.bpm": 92.84595489501953, "rhythm.bpm_histogram_first_peak_bpm": 92.0, "rhythm.bpm_histogram_first_peak_weight": 0.423076868057251, "rhythm.bpm_histogram_second_peak_bpm": 86.0, "rhythm.bpm_histogram_second_peak_spread": 0.0, "rhythm.bpm_histogram_second_peak_weight": 0.0714285746216774, "rhythm.danceability": 1.39346182346344, "rhythm.onset_rate": 3.2462782859802246, "tonal.chords_changes_rate": 0.03950617462396622, "tonal.chords_number_rate": 0.009876543655991554, "tonal.chords_strength.mean": 0.5506406426429749, "tonal.chords_strength.stdev": 0.0611458346247673, "tonal.hpcp_crest.mean": 11.772168159484863, "tonal.hpcp_crest.stdev": 5.862464904785156, "tonal.hpcp_entropy.mean": 2.3247482776641846, "tonal.hpcp_entropy.stdev": 0.7996682524681091, "tonal.key_edma.strength": 0.686029851436615, "tonal.key_krumhansl.strength": 0.669129490852356, "tonal.key_temperley.strength": 0.6658058762550354, "tonal.tuning_diatonic_strength": 0.4979633688926697, "tonal.tuning_equal_tempered_deviation": 0.19645653665065765, "tonal.tuning_frequency": 434.193115234375, "tonal.tuning_nontempered_energy_ratio": 0.8865336179733276, "lowlevel.barkbands.mean": [0.0020860773511230946, 0.02379598096013069, 0.030784226953983307, 0.006464951205998659, 0.003705195616930723, 0.0006678152712993324, 0.0009091614629141986, 0.0009194050217047334, 0.0025455511640757322, 0.0012187453685328364, 0.00039306230610236526, 0.00034948092070408165, 0.0003543225466273725, 0.00027646523085422814, 0.0002661127073224634, 0.0005082931602373719, 0.000502721406519413, 0.00025745591847226024, 0.0003375446831341833, 0.00047024537343531847, 0.0006060239393264055, 0.00037911758408881724, 0.00015928098582662642, 0.0001608566817594692, 0.00015405217709485441, 0.00018849079788196832, 2.548009803149398e-08], "lowlevel.barkbands.stdev": [0.0030672941356897354, 0.035473600029945374, 0.014680958352982998, 0.007162154186517, 0.008618908934295177, 0.0012314834166318178, 0.0021749776788055897, 0.0021981350146234035, 0.005119751673191786, 0.0025078430771827698, 0.000501244212500751, 0.00038605069858022034, 0.000732420536223799, 0.000422141223680228, 0.0003939308226108551, 0.0005738284671679139, 0.0003605096135288477, 0.00018195630400441587, 0.0002108321205014363, 0.0002996523107867688, 0.000386407773476094, 0.00029198057018220425, 0.00018179102335125208, 0.00020841206423938274, 0.00015670871653128415, 0.00014898544759489596, 2.301145514138625e-07], "lowlevel.erbbands.mean": [0.7328460812568665, 5.576585292816162, 32.241329193115234, 26.738927841186523, 17.576095581054688, 12.353560447692871, 5.562236309051514, 6.223767280578613, 10.35808277130127, 19.63646697998047, 20.683788299560547, 64.5553207397461, 52.72075271606445, 19.771947860717773, 18.564109802246094, 14.090174674987793, 16.918371200561523, 14.89098834991455, 14.903952598571777, 15.22728157043457, 32.87839126586914, 26.9222412109375, 14.698644638061523, 18.15387535095215, 17.173404693603516, 21.41897964477539, 25.558244705200195, 21.184511184692383, 15.136731147766113, 7.152543544769287, 4.336210250854492, 2.8242361545562744, 3.0401697158813477, 1.4879965782165527, 1.1642134189605713, 0.842618465423584, 0.3788270056247711, 0.028875574469566345, 0.0005705551011487842, 0.0001155944264610298], "lowlevel.erbbands.stdev": [1.4238135814666748, 6.905910015106201, 15.802056312561035, 14.384319305419922, 24.002246856689453, 30.59971809387207, 12.221061706542969, 11.269794464111328, 26.753257751464844, 40.316341400146484, 43.25190353393555, 136.9658660888672, 99.95020294189453, 38.57133102416992, 19.434036254882812, 14.371927261352539, 33.74226760864258, 24.434934616088867, 20.60284996032715, 24.242839813232422, 33.63788986206055, 18.406150817871094, 9.774141311645508, 11.172164916992188, 10.629688262939453, 13.991568565368652, 16.768747329711914, 13.819090843200684, 11.642428398132324, 6.978489875793457, 5.035460472106934, 3.777348756790161, 3.8715121746063232, 1.7563353776931763, 1.1370420455932617, 0.7430541515350342, 0.2906515300273895, 0.023206401616334915, 0.00041505962144583464, 4.47640850325115e-05], "lowlevel.gfcc.mean": [61.96206283569336, 65.81993865966797, -87.25435638427734, 51.96077346801758, -41.4876594543457, 24.510005950927734, -21.148000717163086, 21.296581268310547, -31.189559936523438, 6.698014259338379, -38.1038818359375, -0.5820777416229248, -19.486589431762695], "lowlevel.melbands.mean": [0.006395653821527958, 0.012885408475995064, 0.00461707403883338, 0.0010662799468263984, 0.0002463071432430297, 0.00013559297076426446, 0.0001659792906139046, 0.00022435360006056726, 0.00018676690524443984, 0.0004129636799916625, 0.00025206495774909854, 7.7971832070034e-05, 5.950681952526793e-05, 4.4832293497165665e-05, 3.292956898803823e-05, 3.456838021520525e-05, 2.7238635084358975e-05, 2.3924194465507753e-05, 1.8456752513884567e-05, 2.534906889195554e-05, 4.203330900054425e-05, 3.0182465707184747e-05, 1.7129112166003324e-05, 1.1349001397320535e-05, 1.5309204172808677e-05, 1.1357746188878082e-05, 1.4926323274266906e-05, 1.3741540897171944e-05, 1.560791497468017e-05, 1.5910134607111104e-05, 1.0848048077605199e-05, 9.183127986034378e-06, 5.9542680901358835e-06, 3.2023408493842e-06, 2.605884219519794e-06, 1.7340840940960334e-06, 1.8763846583169652e-06, 2.2982690097705927e-06, 1.7776420691006933e-06, 1.0599223969620652e-06], "lowlevel.melbands.stdev": [0.010965804569423199, 0.006153695750981569, 0.00250263512134552, 0.0021624600049108267, 0.0005604177713394165, 0.00024397825472988188, 0.00042415273492224514, 0.0004601524560712278, 0.0003954776911996305, 0.000873400887940079, 0.0004954183241352439, 0.00017413526074960828, 6.880794535391033e-05, 4.862181231146678e-05, 5.0394886784488335e-05, 7.580493547720835e-05, 4.5897097152192146e-05, 3.287946310592815e-05, 2.5403027393622324e-05, 3.4406712074996904e-05, 4.433752110344358e-05, 2.253013735753484e-05, 1.2627674550458323e-05, 8.24160724732792e-06, 9.877475349640008e-06, 7.796544196025934e-06, 9.980514732887968e-06, 9.951559150067624e-06, 1.1163221643073484e-05, 1.1067970262956806e-05, 7.58179430704331e-06, 7.4195700108248275e-06, 5.295319169817958e-06, 3.6147350783721777e-06, 3.052078909604461e-06, 2.264797103634919e-06, 2.723440502450103e-06, 3.095730789937079e-06, 2.0129643871769076e-06, 1.4085704833632917e-06], "lowlevel.melbands128.mean": [0.0016167034627869725, 0.006168060470372438, 0.007284657564014196, 0.0089258449152112, 0.016894597560167313, 0.013468078337609768, 0.005254706833511591, 0.0031926303636282682, 0.0014048725133761764, 0.001178840291686356, 0.0006006448529660702, 0.00030556332785636187, 0.00013957305054645985, 0.0001703126181382686, 0.00015748733130749315, 9.933488763635978e-05, 0.00012137888552388176, 0.00019870646065101027, 0.00018498548888601363, 0.0002297347818966955, 0.00025831727543845773, 0.00017858369392342865, 8.937156235333532e-05, 0.00027740997029468417, 0.0005284273065626621, 0.000429530133260414, 0.00027059094281867146, 0.00031844855402596295, 0.0001357200089842081, 9.378805407322943e-05, 5.406924901762977e-05, 4.544031253317371e-05, 6.764829595340416e-05, 6.492939428426325e-05, 4.922241350868717e-05, 4.0231116145150736e-05, 3.522813494782895e-05, 2.2665497453999706e-05, 3.945308708352968e-05, 4.599089515977539e-05, 2.997571209562011e-05, 2.5474973881500773e-05, 2.517423672543373e-05, 3.297990042483434e-05, 2.1005169401178136e-05, 2.2171983800944872e-05, 2.870910793717485e-05, 1.4518151147058234e-05, 1.54690642375499e-05, 2.1198775357333943e-05, 2.1420481061795726e-05, 3.608038241509348e-05, 4.368499503470957e-05, 4.328717841417529e-05, 4.172386252321303e-05, 2.6988196623278782e-05, 2.3714997951174155e-05, 2.0894511180813424e-05, 1.4042559087101836e-05, 1.0683629625418689e-05, 1.0067791663459502e-05, 1.201169470732566e-05, 1.6958460037130862e-05, 1.6919448171393014e-05, 1.1691575309669133e-05, 1.1438013643783052e-05, 1.012282427836908e-05, 1.2160372534708586e-05, 1.8830145563697442e-05, 1.5588333553751e-05, 1.1557856851140969e-05, 1.3975241017760709e-05, 1.4691585420223419e-05, 1.6537804185645655e-05, 1.595554749656003e-05, 1.5707551938248798e-05, 1.7999209376284853e-05, 1.1495254511828534e-05, 9.658529961598106e-06, 9.76586488832254e-06, 9.792646778805647e-06, 9.105478056881111e-06, 7.58353826313396e-06, 6.139432571217185e-06, 3.934094820579048e-06, 3.6015244404552504e-06, 2.7031583158532158e-06, 2.754729848675197e-06, 2.712178911679075e-06, 2.5350061605422525e-06, 2.06458776119689e-06, 1.6585493085585767e-06, 8.602722800787888e-07, 1.4558900147676468e-06, 2.964897248602938e-06, 2.4921000658650883e-06, 2.065546141238883e-06, 2.1389598714449676e-06, 1.8115475768354372e-06, 1.8414635860608541e-06, 8.546049343749473e-07, 1.1646662869679858e-06, 7.985860861481342e-07, 1.1199383607163327e-06, 1.010447931548697e-06, 1.991406634260784e-06, 1.5025851780592347e-06, 1.0836964747795719e-06, 1.342245923297014e-06, 1.788549297998543e-06, 1.7420949234292493e-06, 1.3536680398829048e-06, 1.1445528116382775e-06, 1.2101355650884216e-06, 8.058372600316943e-07, 6.903409399683369e-08, 1.3187164693562181e-09, 9.093137701143839e-12, 8.233047056604992e-12, 7.918631896031147e-12, 7.678759537943503e-12, 7.508412294687794e-12, 7.304924894147025e-12, 7.161906484531855e-12, 7.0189093252792656e-12, 6.865850769866011e-12, 6.771282319573135e-12, 6.726792733946496e-12], "lowlevel.melbands128.stdev": [0.0028643524274230003, 0.012793336994946003, 0.015770593658089638, 0.011030673049390316, 0.009134304709732533, 0.005986493546515703, 0.003160836873576045, 0.003981031011790037, 0.0024038914125412703, 0.0034225203562527895, 0.0016813601832836866, 0.0009035074035637081, 0.00040404999163001776, 0.0003799019323196262, 0.0003441635926719755, 0.00023047895228955895, 0.00031390515505336225, 0.0007090018480084836, 0.0005331668653525412, 0.0006208248087204993, 0.0006785917212255299, 0.0006094033597037196, 0.00036713609006255865, 0.0008478648960590363, 0.001281192060559988, 0.0013032149290665984, 0.0007404127391055226, 0.0008300532936118543, 0.00031963884248398244, 0.0003565132210496813, 0.00012267808779142797, 0.00010624808783177286, 9.776837396202609e-05, 9.009709901874885e-05, 8.131677168421447e-05, 5.2649513236247e-05, 4.8566507757641375e-05, 3.4458433219697326e-05, 9.375934314448386e-05, 0.00012623763177543879, 9.263594256481156e-05, 9.326727740699425e-05, 4.6014796680537984e-05, 7.161558460211381e-05, 3.6418696254258975e-05, 3.545243089320138e-05, 7.393178384518251e-05, 1.554827395011671e-05, 2.273191057611257e-05, 7.844856736483052e-05, 2.8417132853064686e-05, 4.983726830687374e-05, 6.801727431593463e-05, 5.0226979510625824e-05, 4.364160486147739e-05, 2.6472134777577594e-05, 2.147452141798567e-05, 1.945278563653119e-05, 1.3815453712595627e-05, 9.979851711250376e-06, 1.0404126442153938e-05, 1.0678952094167471e-05, 1.3554207725974265e-05, 1.3670994121639524e-05, 1.025000983645441e-05, 9.922829121933319e-06, 9.16737462830497e-06, 1.0665948138921522e-05, 1.5418750990647823e-05, 1.3434730135486461e-05, 1.1446953067206778e-05, 1.2889146091765724e-05, 1.3191312973503955e-05, 1.5224646631395444e-05, 1.3139376278559212e-05, 1.2718139259959571e-05, 1.6434189092251472e-05, 9.520394996798132e-06, 8.550728125555906e-06, 8.474551577819511e-06, 9.844544365478214e-06, 8.458478077955078e-06, 7.504774202971021e-06, 6.535093234560918e-06, 4.433533376868581e-06, 4.554600309347734e-06, 3.599904630391393e-06, 3.539620593073778e-06, 3.305720838397974e-06, 3.5333466712472728e-06, 2.9209816148068057e-06, 2.2981464553595288e-06, 1.5152672858675942e-06, 2.5487915991107e-06, 4.679563971876632e-06, 3.5591992855188437e-06, 2.981622401421191e-06, 3.298514684502152e-06, 2.0205600321787642e-06, 2.222345074187615e-06, 1.2157893252151553e-06, 1.7366478459734935e-06, 1.4822290950178285e-06, 1.8552902929513948e-06, 1.0976996236422565e-06, 1.8232905176773784e-06, 1.5413567098221392e-06, 1.292808974540094e-06, 1.539855588816863e-06, 1.642137135604571e-06, 1.606016667210497e-06, 1.3177195796743035e-06, 9.361865522805601e-07, 1.0917715371761005e-06, 7.299790354409197e-07, 1.0763219648879385e-07, 1.0456784771406546e-08, 1.3396606740601058e-11, 1.2310667242554363e-11, 1.1917277928374936e-11, 1.1587360411458025e-11, 1.13059223441625e-11, 1.105413850732706e-11, 1.0847817435988283e-11, 1.0677432896177841e-11, 1.0542536461877194e-11, 1.04444057569264e-11, 1.0384222995374337e-11], "lowlevel.mfcc.mean": [-591.7034912109375, 100.11519622802734, 14.0991849899292, 42.47539520263672, 7.55614709854126, 17.805782318115234, 14.783823013305664, 13.256824493408203, 20.562936782836914, 3.269874095916748, 0.0818135142326355, 1.6501984596252441, -3.76473069190979], "lowlevel.spectral_contrast_coeffs.mean": [-0.6131412982940674, -0.772515058517456, -0.7859410047531128, -0.8125990629196167, -0.8150140643119812, -0.698488712310791], "lowlevel.spectral_contrast_coeffs.stdev": [0.06871742755174637, 0.07938054203987122, 0.06249229982495308, 0.033093467354774475, 0.018903221935033798, 0.04044452682137489], "lowlevel.spectral_contrast_valleys.mean": [-6.317241191864014, -6.676733016967773, -6.942007064819336, -7.170669078826904, -6.723129749298096, -9.77857780456543], "lowlevel.spectral_contrast_valleys.stdev": [0.495367169380188, 0.5121935606002808, 0.4328464865684509, 0.39856234192848206, 0.35878127813339233, 0.6144115924835205], "rhythm.beats_loudness_band_ratio.mean": [0.7261194586753845, 0.192928746342659, 0.0751006081700325, 0.034372251480817795, 0.026505060493946075, 0.04434455558657646], "rhythm.beats_loudness_band_ratio.stdev": [0.1702730506658554, 0.20901361107826233, 0.07719143480062485, 0.03098844178020954, 0.015689875930547714, 0.024414075538516045], "tonal.hpcp.mean": [0.5416085124015808, 0.4995322525501251, 0.08404219895601273, 0.04336166009306908, 0.043511830270290375, 0.03657272830605507, 0.09207697957754135, 0.10765600204467773, 0.04794853553175926, 0.08184981346130371, 0.10069378465414047, 0.04539280757308006, 0.03072565421462059, 0.03501482307910919, 0.026371270418167114, 0.015002389438450336, 0.011001862585544586, 0.012646179646253586, 0.01654668152332306, 0.02018541656434536, 0.040576137602329254, 0.16770680248737335, 0.23909243941307068, 0.136601984500885, 0.12482647597789764, 0.12140697985887527, 0.049840278923511505, 0.035679303109645844, 0.028880976140499115, 0.024069705978035927, 0.028437234461307526, 0.03478408232331276, 0.03562457859516144, 0.039885569363832474, 0.0617612861096859, 0.14621782302856445], "tonal.hpcp.stdev": [0.4440883994102478, 0.4279376268386841, 0.17975644767284393, 0.15608727931976318, 0.17418436706066132, 0.13061772286891937, 0.23745854198932648, 0.25997787714004517, 0.13020049035549164, 0.204489603638649, 0.2397730052471161, 0.1241350993514061, 0.11007103323936462, 0.1332564502954483, 0.10396858304738998, 0.0664392039179802, 0.026866525411605835, 0.038460541516542435, 0.06681561470031738, 0.06972245872020721, 0.09595046937465668, 0.22251805663108826, 0.3007093071937561, 0.21349824965000153, 0.2713035047054291, 0.28320616483688354, 0.15132011473178864, 0.14357207715511322, 0.12521062791347504, 0.10120416432619095, 0.10000184923410416, 0.09741701185703278, 0.1233854666352272, 0.14535300433635712, 0.19966188073158264, 0.24178248643875122], "rhythm.beats_position": [0.6617686748504639, 1.3467572927474976, 2.043355941772461, 2.739954710006714, 3.4365532398223877, 4.133152008056641, 4.806530475616455, 5.456689357757568, 6.106847763061523, 6.757006645202637, 7.39555549621582, 8.034104347229004, 8.684263229370117, 9.334421157836914, 9.972970008850098, 10.611518859863281, 11.261677742004395, 11.911836624145508, 12.538775444030762, 13.188934326171875, 13.839092254638672, 14.489251136779785, 15.116189956665039, 15.766348838806152, 16.416507720947266, 17.066665649414062, 17.705215454101562, 18.34376335144043, 18.99392318725586, 19.644081115722656, 20.294239044189453, 20.944398880004883, 21.58294677734375, 22.22149658203125, 22.871654510498047, 23.521814346313477, 24.160362243652344, 24.798912048339844, 25.44906997680664, 26.099227905273438, 26.749387741088867, 27.387935638427734, 28.026485443115234, 28.6650333404541, 29.3035831451416, 29.9537410736084, 30.603899002075195, 31.254058837890625, 31.892606735229492, 32.53115463256836, 33.18131637573242, 33.83147430419922, 34.481632232666016, 35.13179016113281, 35.77033996582031, 36.40888977050781, 37.05904769897461], "rhythm.bpm_histogram": [0.0, 0.0, 0.0, 0.0, 0.0, 0.0, 0.0, 0.0, 0.0, 0.0, 0.0, 0.0, 0.0, 0.0, 0.0, 0.0, 0.0, 0.0, 0.0, 0.0, 0.0, 0.0, 0.0, 0.0, 0.0, 0.0, 0.0, 0.0, 0.0, 0.0, 0.0, 0.0, 0.0, 0.0, 0.0, 0.0, 0.0, 0.0, 0.0, 0.0, 0.0, 0.0, 0.0, 0.0, 0.0, 0.0, 0.0, 0.0, 0.0, 0.0, 0.0, 0.0, 0.0, 0.0, 0.0, 0.0, 0.0, 0.0, 0.0, 0.0, 0.0, 0.0, 0.0, 0.0, 0.0, 0.0, 0.0, 0.0, 0.0, 0.0, 0.0, 0.0, 0.0, 0.0, 0.0, 0.0, 0.0, 0.0, 0.0, 0.0, 0.0, 0.0, 0.0, 0.0, 0.0, 0.0, 0.0714285746216774, 0.0, 0.01785714365541935, 0.01785714365541935, 0.0, 0.0, 0.5357142686843872, 0.0, 0.3214285671710968, 0.0, 0.0357142873108387, 0.0, 0.0, 0.0, 0.0, 0.0, 0.0, 0.0, 0.0, 0.0, 0.0, 0.0, 0.0, 0.0, 0.0, 0.0, 0.0, 0.0, 0.0, 0.0, 0.0, 0.0, 0.0, 0.0, 0.0, 0.0, 0.0, 0.0, 0.0, 0.0, 0.0, 0.0, 0.0, 0.0, 0.0, 0.0, 0.0, 0.0, 0.0, 0.0, 0.0, 0.0, 0.0, 0.0, 0.0, 0.0, 0.0, 0.0, 0.0, 0.0, 0.0, 0.0, 0.0, 0.0, 0.0, 0.0, 0.0, 0.0, 0.0, 0.0, 0.0, 0.0, 0.0, 0.0, 0.0, 0.0, 0.0, 0.0, 0.0, 0.0, 0.0, 0.0, 0.0, 0.0, 0.0, 0.0, 0.0, 0.0, 0.0, 0.0, 0.0, 0.0, 0.0, 0.0, 0.0, 0.0, 0.0, 0.0, 0.0, 0.0, 0.0, 0.0, 0.0, 0.0, 0.0, 0.0, 0.0, 0.0, 0.0, 0.0, 0.0, 0.0, 0.0, 0.0, 0.0, 0.0, 0.0, 0.0, 0.0, 0.0, 0.0, 0.0, 0.0, 0.0, 0.0, 0.0, 0.0, 0.0, 0.0, 0.0, 0.0, 0.0, 0.0, 0.0, 0.0, 0.0, 0.0, 0.0, 0.0, 0.0, 0.0, 0.0, 0.0, 0.0, 0.0, 0.0, 0.0, 0.0, 0.0, 0.0, 0.0, 0.0, 0.0, 0.0, 0.0, 0.0, 0.0, 0.0, 0.0, 0.0, 0.0, 0.0, 0.0, 0.0], "tonal.chords_histogram": [14.814814567565918, 7.777777671813965, 10.493826866149902, 0.0, 0.0, 0.0, 5.679012298583984, 44.814815521240234, 0.0, 0.4938271641731262, 0.0, 0.0, 0.0, 0.0, 2.839506149291992, 0.12345679104328156, 1.3580247163772583, 0.0, 0.0, 0.0, 0.0, 0.0, 0.0, 11.604938507080078], "tonal.thpcp": [1.0, 0.9223124384880066, 0.1551714837551117, 0.08006089180707932, 0.08033815771341324, 0.06752613186836243, 0.17000652849674225, 0.19877088069915771, 0.08852987736463547, 0.15112356841564178, 0.18591618537902832, 0.08381110429763794, 0.056730374693870544, 0.06464969366788864, 0.04869065061211586, 0.02769969217479229, 0.020313311368227005, 0.023349300026893616, 0.03055099956691265, 0.037269387394189835, 0.07491783797740936, 0.30964580178260803, 0.44144880771636963, 0.25221535563468933, 0.2304736226797104, 0.22416003048419952, 0.09202270209789276, 0.0658765584230423, 0.05332444980740547, 0.04444115236401558, 0.05250514671206474, 0.06422366201877594, 0.06577551364898682, 0.0736428052186966, 0.11403308063745499, 0.2699695825576782], "lowlevel.gfcc.cov": [[923.7835083007812, -38.184696197509766, -163.14181518554688, -67.18785095214844, -136.30072021484375, 29.894142150878906, -1.320595622062683, 55.0763053894043, 82.23987579345703, 49.471473693847656, 14.150064468383789, 3.594911813735962, 4.023316383361816], [-38.184696197509766, 239.9467010498047, -75.57933044433594, -60.545928955078125, -6.112268447875977, -77.51294708251953, 36.3137321472168, -8.293444633483887, 14.166984558105469, 8.75864315032959, -12.576513290405273, -23.301654815673828, 7.95401668548584], [-163.14181518554688, -75.57933044433594, 296.6978759765625, 99.27059936523438, 62.784725189208984, 14.567427635192871, -68.3442153930664, -44.75652313232422, -58.027435302734375, -29.575284957885742, 18.789947509765625, 28.382221221923828, -3.1792502403259277], [-67.18785095214844, -60.545928955078125, 99.27059936523438, 165.8944549560547, 72.0606918334961, 21.94420623779297, -17.32988166809082, -22.01471710205078, -6.707285404205322, -8.70944881439209, 44.38655090332031, 44.46182632446289, 28.066823959350586], [-136.30072021484375, -6.112268447875977, 62.784725189208984, 72.0606918334961, 182.34010314941406, 37.35912322998047, 67.92031860351562, 12.172256469726562, -18.852962493896484, 12.667685508728027, 2.632711172103882, 40.25358200073242, 25.59848403930664], [29.894142150878906, -77.51294708251953, 14.567427635192871, 21.94420623779297, 37.35912322998047, 117.56861114501953, 67.78287506103516, 38.385780334472656, 7.488516807556152, -8.373899459838867, 10.860684394836426, 3.6373238563537598, 13.035663604736328], [-1.320595622062683, 36.3137321472168, -68.3442153930664, -17.32988166809082, 67.92031860351562, 67.78287506103516, 172.722412109375, 85.97496032714844, 38.008243560791016, 16.25186538696289, -19.399410247802734, -6.110509872436523, 10.450296401977539], [55.0763053894043, -8.293444633483887, -44.75652313232422, -22.01471710205078, 12.172256469726562, 38.385780334472656, 85.97496032714844, 103.83175659179688, 66.94087219238281, 28.46000099182129, -4.465244293212891, -12.392021179199219, 3.024604558944702], [82.23987579345703, 14.166984558105469, -58.027435302734375, -6.707285404205322, -18.852962493896484, 7.488516807556152, 38.008243560791016, 66.94087219238281, 96.82136535644531, 53.37049865722656, 17.480199813842773, -3.3133225440979004, 5.044197082519531], [49.471473693847656, 8.75864315032959, -29.575284957885742, -8.70944881439209, 12.667685508728027, -8.373899459838867, 16.25186538696289, 28.46000099182129, 53.37049865722656, 77.24339294433594, 33.29762268066406, 17.609695434570312, 2.8968071937561035], [14.150064468383789, -12.576513290405273, 18.789947509765625, 44.38655090332031, 2.632711172103882, 10.860684394836426, -19.399410247802734, -4.465244293212891, 17.480199813842773, 33.29762268066406, 73.59931945800781, 43.60192108154297, 16.78846549987793], [3.594911813735962, -23.301654815673828, 28.382221221923828, 44.46182632446289, 40.25358200073242, 3.6373238563537598, -6.110509872436523, -12.392021179199219, -3.3133225440979004, 17.609695434570312, 43.60192108154297, 71.477294921875, 34.563819885253906], [4.023316383361816, 7.95401668548584, -3.1792502403259277, 28.066823959350586, 25.59848403930664, 13.035663604736328, 10.450296401977539, 3.024604558944702, 5.044197082519531, 2.8968071937561035, 16.78846549987793, 34.563819885253906, 53.348548889160156]], "lowlevel.gfcc.icov": [[0.0015940858284011483, -0.0008605523617006838, 0.0008649088558740914, -0.0009916960261762142, 0.0019318985287100077, -0.0023835727479308844, 0.0015600216574966908, -0.0015512257814407349, 0.0008021603571251035, -0.0021727324929088354, 0.0027235473971813917, -0.002757561393082142, 0.0009907897328957915], [-0.0008605523617006838, 0.016089865937829018, -0.0021178617607802153, 0.010160352103412151, -0.006819355767220259, 0.019324511289596558, -0.014707817696034908, 0.014432615600526333, -0.011437304317951202, 0.01253281906247139, -0.018996866419911385, 0.017875315621495247, -0.01239466667175293], [0.0008649088558740914, -0.0021178617607802153, 0.006581083871424198, -0.004345060791820288, 6.467313505709171e-05, -0.004783738870173693, 0.006164048798382282, -0.005046067759394646, 0.00494164926931262, -0.0025600448716431856, 0.004131192807108164, -0.004629353992640972, 0.004516179673373699], [-0.0009916960261762142, 0.010160352103412151, -0.004345060791820288, 0.02067195624113083, -0.01142880693078041, 0.012896432541310787, -0.00906982272863388, 0.014550627209246159, -0.016865022480487823, 0.018629522994160652, -0.02209625393152237, 0.012685833498835564, -0.00997255276888609], [0.0019318985287100077, -0.006819355767220259, 6.467313505709171e-05, -0.01142880693078041, 0.018518799915909767, -0.01051429845392704, 0.0013897098833695054, -0.008848251774907112, 0.014128493145108223, -0.017407864332199097, 0.018440721556544304, -0.01491664070636034, 0.004270721226930618], [-0.0023835727479308844, 0.019324511289596558, -0.004783738870173693, 0.012896432541310787, -0.01051429845392704, 0.038838986307382584, -0.024129072204232216, 0.01525481604039669, -0.013354577124118805, 0.022031038999557495, -0.0323910266160965, 0.027059657499194145, -0.017626721411943436], [0.0015600216574966908, -0.014707817696034908, 0.006164048798382282, -0.00906982272863388, 0.0013897098833695054, -0.024129072204232216, 0.03104083053767681, -0.024316126480698586, 0.012410204857587814, -0.012854855507612228, 0.02243451587855816, -0.018695732578635216, 0.012318724766373634], [-0.0015512257814407349, 0.014432615600526333, -0.005046067759394646, 0.014550627209246159, -0.008848251774907112, 0.01525481604039669, -0.024316126480698586, 0.04652616009116173, -0.03313063830137253, 0.0172381903976202, -0.018997211009263992, 0.019419431686401367, -0.011753835715353489], [0.0008021603571251035, -0.011437304317951202, 0.00494164926931262, -0.016865022480487823, 0.014128493145108223, -0.013354577124118805, 0.012410204857587814, -0.03313063830137253, 0.04942823946475983, -0.03301436826586723, 0.017355097457766533, -0.00959506444633007, 0.0046172793954610825], [-0.0021727324929088354, 0.01253281906247139, -0.0025600448716431856, 0.018629522994160652, -0.017407864332199097, 0.022031038999557495, -0.012854855507612228, 0.0172381903976202, -0.03301436826586723, 0.05063525214791298, -0.035272687673568726, 0.014002557843923569, -0.0047478023916482925], [0.0027235473971813917, -0.018996866419911385, 0.004131192807108164, -0.02209625393152237, 0.018440721556544304, -0.0323910266160965, 0.02243451587855816, -0.018997211009263992, 0.017355097457766533, -0.035272687673568726, 0.06388545036315918, -0.04249309375882149, 0.0179473627358675], [-0.002757561393082142, 0.017875315621495247, -0.004629353992640972, 0.012685833498835564, -0.01491664070636034, 0.027059657499194145, -0.018695732578635216, 0.019419431686401367, -0.00959506444633007, 0.014002557843923569, -0.04249309375882149, 0.06004251167178154, -0.0316818431019783], [0.0009907897328957915, -0.01239466667175293, 0.004516179673373699, -0.00997255276888609, 0.004270721226930618, -0.017626721411943436, 0.012318724766373634, -0.011753835715353489, 0.0046172793954610825, -0.0047478023916482925, 0.0179473627358675, -0.0316818431019783, 0.04124433547258377]], "lowlevel.mfcc.cov": [[1107.8121337890625, -84.50787353515625, -105.624755859375, -142.169189453125, -134.4276885986328, -56.28666687011719, -92.49165344238281, 2.8766090869903564, 18.099048614501953, 80.69107055664062, 50.06102752685547, 30.07610511779785, 9.24123477935791], [-84.50787353515625, 278.91314697265625, -104.63351440429688, 10.48852252960205, -68.41990661621094, -31.346372604370117, -5.8603034019470215, -33.27176284790039, 34.22736358642578, -4.136005401611328, 15.377857208251953, -5.809858798980713, -15.552094459533691], [-105.624755859375, -104.63351440429688, 252.52073669433594, 18.5853271484375, 83.09307098388672, 2.120462656021118, -17.471864700317383, -14.919597625732422, -76.4476547241211, -33.70284652709961, -35.0129280090332, -17.170446395874023, 3.5541982650756836], [-142.169189453125, 10.48852252960205, 18.5853271484375, 151.32217407226562, 68.30133056640625, 30.586585998535156, 12.479988098144531, -2.4155538082122803, -12.406353950500488, -36.67411422729492, -14.84022045135498, 3.0063633918762207, 34.131778717041016], [-134.4276885986328, -68.41990661621094, 83.09307098388672, 68.30133056640625, 130.1557159423828, 38.58460998535156, 18.34689712524414, -4.373810768127441, -35.53676986694336, -33.912837982177734, -26.757587432861328, -8.562962532043457, 19.323577880859375], [-56.28666687011719, -31.346372604370117, 2.120462656021118, 30.586585998535156, 38.58460998535156, 80.8900375366211, 54.98387145996094, 27.8436336517334, -0.8569928407669067, -10.027560234069824, -6.506175518035889, -4.985809326171875, 0.36873215436935425], [-92.49165344238281, -5.8603034019470215, -17.471864700317383, 12.479988098144531, 18.34689712524414, 54.98387145996094, 107.40818786621094, 58.75263595581055, 30.159603118896484, 3.4138383865356445, 3.130737543106079, -8.549530982971191, -9.585321426391602], [2.8766090869903564, -33.27176284790039, -14.919597625732422, -2.4155538082122803, -4.373810768127441, 27.8436336517334, 58.75263595581055, 88.43685150146484, 45.7761116027832, 30.04277229309082, 8.390292167663574, -2.301708221435547, -7.449560165405273], [18.099048614501953, 34.22736358642578, -76.4476547241211, -12.406353950500488, -35.53676986694336, -0.8569928407669067, 30.159603118896484, 45.7761116027832, 104.3008804321289, 55.855743408203125, 32.878456115722656, 4.638436317443848, -10.157995223999023], [80.69107055664062, -4.136005401611328, -33.70284652709961, -36.67411422729492, -33.912837982177734, -10.027560234069824, 3.4138383865356445, 30.04277229309082, 55.855743408203125, 89.92183685302734, 47.889957427978516, 13.750575065612793, -12.928107261657715], [50.06102752685547, 15.377857208251953, -35.0129280090332, -14.84022045135498, -26.757587432861328, -6.506175518035889, 3.130737543106079, 8.390292167663574, 32.878456115722656, 47.889957427978516, 68.22518920898438, 26.738670349121094, 5.623737335205078], [30.07610511779785, -5.809858798980713, -17.170446395874023, 3.0063633918762207, -8.562962532043457, -4.985809326171875, -8.549530982971191, -2.301708221435547, 4.638436317443848, 13.750575065612793, 26.738670349121094, 62.21842956542969, 36.83829116821289], [9.24123477935791, -15.552094459533691, 3.5541982650756836, 34.131778717041016, 19.323577880859375, 0.36873215436935425, -9.585321426391602, -7.449560165405273, -10.157995223999023, -12.928107261657715, 5.623737335205078, 36.83829116821289, 73.12086486816406]], "lowlevel.mfcc.icov": [[0.0013655668590217829, 0.000708007428329438, 0.0006578328902833164, 0.0006968107190914452, 0.0009668383281677961, -0.00032323633786290884, 0.0013695555971935391, -0.00052971753757447, 0.0005753263831138611, -0.0005766013637185097, -0.0003296684008091688, 0.0005050301551818848, -0.0007586450665257871], [0.000708007428329438, 0.006263761781156063, 0.0016329883364960551, -0.0018008309416472912, 0.003376974957063794, 0.0018381100380793214, -0.001555187744088471, 0.003748366143554449, -0.0015552804106846452, 0.0012707437854260206, -0.001020232797600329, 0.0011134310625493526, 0.0008064380963332951], [0.0006578328902833164, 0.0016329883364960551, 0.007189438212662935, 0.000539157073944807, -0.00308820977807045, 0.002056071301922202, 0.0009586079977452755, -0.0015607120003551245, 0.004588495008647442, -0.00116253225132823, 0.000148573235492222, 0.0013544904068112373, 0.00017353612929582596], [0.0006968107190914452, -0.0018008309416472912, 0.000539157073944807, 0.011507667601108551, -0.00528893806040287, -0.0028190447483211756, 0.0027208845131099224, -0.002134635578840971, -0.001194165670312941, 0.0030611485708504915, -0.0010813238332048059, 0.0008423312101513147, -0.004283658694475889], [0.0009668383281677961, 0.003376974957063794, -0.00308820977807045, -0.00528893806040287, 0.01757138967514038, -0.004075223114341497, -0.002118872944265604, 0.003999084699898958, 0.00020793774456251413, -0.0009172601858153939, 0.0018113960977643728, 0.0021759329829365015, -0.0026472273748368025], [-0.00032323633786290884, 0.0018381100380793214, 0.002056071301922202, -0.0028190447483211756, -0.004075223114341497, 0.023804020136594772, -0.011388481594622135, -0.0007098944042809308, 0.003146246774122119, 0.00018560238822828978, -4.1847957618301734e-05, -0.000521789479535073, 0.0017754308646544814], [0.0013695555971935391, -0.001555187744088471, 0.0009586079977452755, 0.0027208845131099224, -0.002118872944265604, -0.011388481594622135, 0.02441791258752346, -0.013234127312898636, -0.0021539602894335985, 0.0050222924910485744, -0.0040195356123149395, 0.0012101945467293262, 0.0009376561501994729], [-0.00052971753757447, 0.003748366143554449, -0.0015607120003551245, -0.002134635578840971, 0.003999084699898958, -0.0007098944042809308, -0.013234127312898636, 0.027093486860394478, -0.007722949609160423, -0.005837452597916126, 0.004892020020633936, 8.304418588522822e-05, -0.0006143940263427794], [0.0005753263831138611, -0.0015552804106846452, 0.004588495008647442, -0.001194165670312941, 0.00020793774456251413, 0.003146246774122119, -0.0021539602894335985, -0.007722949609160423, 0.023113220930099487, -0.01049101259559393, -0.0011053411290049553, 0.0021844615694135427, -0.0008685873472131789], [-0.0005766013637185097, 0.0012707437854260206, -0.00116253225132823, 0.0030611485708504915, -0.0009172601858153939, 0.00018560238822828978, 0.0050222924910485744, -0.005837452597916126, -0.01049101259559393, 0.029460689052939415, -0.014856518246233463, -0.0021684393286705017, 0.005262312479317188], [-0.0003296684008091688, -0.001020232797600329, 0.000148573235492222, -0.0010813238332048059, 0.0018113960977643728, -4.1847957618301734e-05, -0.0040195356123149395, 0.004892020020633936, -0.0011053411290049553, -0.014856518246233463, 0.029797419905662537, -0.008971579372882843, -0.0007369036902673542], [0.0005050301551818848, 0.0011134310625493526, 0.0013544904068112373, 0.0008423312101513147, 0.0021759329829365015, -0.000521789479535073, 0.0012101945467293262, 8.304418588522822e-05, 0.0021844615694135427, -0.0021684393286705017, -0.008971579372882843, 0.02980210818350315, -0.015095553360879421], [-0.0007586450665257871, 0.0008064380963332951, 0.00017353612929582596, -0.004283658694475889, -0.0026472273748368025, 0.0017754308646544814, 0.0009376561501994729, -0.0006143940263427794, -0.0008685873472131789, 0.005262312479317188, -0.0007369036902673542, -0.015095553360879421, 0.025157004594802856]], "metadata.audio_properties.analysis.downmix": "mix", "metadata.audio_properties.codec": "mp3", "metadata.audio_properties.md5_encoded": "a3e53258ab18bf86bf25e5378ff7bd33", "metadata.tags.file_name": "1183673064823717938.mp3", "metadata.version.essentia": "2.1-beta6-dev", "metadata.version.essentia_git_sha": "v2.1_beta5-1110-g77a6a954", "metadata.version.extractor": "music 2.0", "tonal.chords_key": "A", "tonal.chords_scale": "major", "tonal.key_edma.key": "D", "tonal.key_edma.scale": "minor", "tonal.key_krumhansl.key": "D", "tonal.key_krumhansl.scale": "minor", "tonal.key_temperley.key": "A", "tonal.key_temperley.scale": "minor", "metadata.tags.encoding": ["Lavf58.45.100"]}, "essentia_models": [{"model_name": "genre_dortmund", "activations": {"alternative": "0.0057243207", "blues": "0.0001737429", "electronic": "6.820175e-05", "folkcoun