{"song_id": "1183673362380247153", "download": "https://cdn.discordapp.com/attachments/1135911532732108921/1183673362380247153/chirp.mp4?ex=658930b9&amp", "lyrics": "love song", "style": ["random"], "essentia_features": {"lowlevel.average_loudness": 0.780587375164032, "lowlevel.barkbands_crest.mean": 10.878044128417969, "lowlevel.barkbands_crest.stdev": 3.681439161300659, "lowlevel.barkbands_flatness_db.mean": 0.18772275745868683, "lowlevel.barkbands_flatness_db.stdev": 0.045397814363241196, "lowlevel.barkbands_kurtosis.mean": -0.19143901765346527, "lowlevel.barkbands_kurtosis.stdev": 1.6534479856491089, "lowlevel.barkbands_skewness.mean": 0.35162976384162903, "lowlevel.barkbands_skewness.stdev": 0.7965050935745239, "lowlevel.barkbands_spread.mean": 17.10764503479004, "lowlevel.barkbands_spread.stdev": 5.113894462585449, "lowlevel.dissonance.mean": 0.4391808807849884, "lowlevel.dissonance.stdev": 0.029922036454081535, "lowlevel.dynamic_complexity": 2.549636125564575, "lowlevel.erbbands_crest.mean": 15.215054512023926, "lowlevel.erbbands_crest.stdev": 5.8625898361206055, "lowlevel.erbbands_flatness_db.mean": 0.2597507834434509, "lowlevel.erbbands_flatness_db.stdev": 0.04165053367614746, "lowlevel.erbbands_kurtosis.mean": -0.009915811941027641, "lowlevel.erbbands_kurtosis.stdev": 1.976383924484253, "lowlevel.erbbands_skewness.mean": -0.27719569206237793, "lowlevel.erbbands_skewness.stdev": 0.7371159195899963, "lowlevel.erbbands_spread.mean": 22.656965255737305, "lowlevel.erbbands_spread.stdev": 7.376222610473633, "lowlevel.hfc.mean": 20.574560165405273, "lowlevel.hfc.stdev": 14.883289337158203, "lowlevel.loudness_ebu128.integrated": -23.14183235168457, "lowlevel.loudness_ebu128.loudness_range": 5.050312042236328, "lowlevel.loudness_ebu128.momentary.mean": -23.931352615356445, "lowlevel.loudness_ebu128.momentary.stdev": 2.738903760910034, "lowlevel.loudness_ebu128.short_term.mean": -23.4951171875, "lowlevel.loudness_ebu128.short_term.stdev": 2.1603126525878906, "lowlevel.melbands_crest.mean": 13.689545631408691, "lowlevel.melbands_crest.stdev": 4.983587265014648, "lowlevel.melbands_flatness_db.mean": 0.19360965490341187, "lowlevel.melbands_flatness_db.stdev": 0.04254969581961632, "lowlevel.melbands_kurtosis.mean": 1.461881160736084, "lowlevel.melbands_kurtosis.stdev": 3.7499263286590576, "lowlevel.melbands_skewness.mean": 1.0698505640029907, "lowlevel.melbands_skewness.stdev": 0.89842289686203, "lowlevel.melbands_spread.mean": 30.556011199951172, "lowlevel.melbands_spread.stdev": 11.825648307800293, "lowlevel.pitch_salience.mean": 0.4531165361404419, "lowlevel.pitch_salience.stdev": 0.08843518793582916, "lowlevel.silence_rate_20dB.mean": 1.0, "lowlevel.silence_rate_20dB.stdev": 0.0, "lowlevel.silence_rate_30dB.mean": 1.0, "lowlevel.silence_rate_30dB.stdev": 0.0, "lowlevel.silence_rate_60dB.mean": 0.06431054323911667, "lowlevel.silence_rate_60dB.stdev": 0.2453044354915619, "lowlevel.spectral_centroid.mean": 1885.99609375, "lowlevel.spectral_centroid.stdev": 481.4436340332031, "lowlevel.spectral_complexity.mean": 11.113557815551758, "lowlevel.spectral_complexity.stdev": 3.3275887966156006, "lowlevel.spectral_decrease.mean": -3.751804644736012e-09, "lowlevel.spectral_decrease.stdev": 3.1346469864246274e-09, "lowlevel.spectral_energy.mean": 0.016026340425014496, "lowlevel.spectral_energy.stdev": 0.01295308955013752, "lowlevel.spectral_energyband_high.mean": 0.00023071042960509658, "lowlevel.spectral_energyband_high.stdev": 0.00018718765932135284, "lowlevel.spectral_energyband_low.mean": 5.193355173105374e-05, "lowlevel.spectral_energyband_low.stdev": 0.00011199212895007804, "lowlevel.spectral_energyband_middle_high.mean": 0.008434874936938286, "lowlevel.spectral_energyband_middle_high.stdev": 0.007497470360249281, "lowlevel.spectral_energyband_middle_low.mean": 0.007330488413572311, "lowlevel.spectral_energyband_middle_low.stdev": 0.009357122704386711, "lowlevel.spectral_entropy.mean": 6.687405109405518, "lowlevel.spectral_entropy.stdev": 0.32476806640625, "lowlevel.spectral_flux.mean": 0.04384254291653633, "lowlevel.spectral_flux.stdev": 0.02028065174818039, "lowlevel.spectral_kurtosis.mean": 6.934266567230225, "lowlevel.spectral_kurtosis.stdev": 2.8979671001434326, "lowlevel.spectral_rms.mean": 0.0036823635455220938, "lowlevel.spectral_rms.stdev": 0.001440704334527254, "lowlevel.spectral_rolloff.mean": 2350.9443359375, "lowlevel.spectral_rolloff.stdev": 648.3538208007812, "lowlevel.spectral_skewness.mean": 1.713235855102539, "lowlevel.spectral_skewness.stdev": 0.3185650408267975, "lowlevel.spectral_spread.mean": 3185545.75, "lowlevel.spectral_spread.stdev": 560511.5625, "lowlevel.spectral_strongpeak.mean": 3.145371437072754, "lowlevel.spectral_strongpeak.stdev": 2.534583806991577, "lowlevel.zerocrossingrate.mean": 0.0791654959321022, "lowlevel.zerocrossingrate.stdev": 0.019852444529533386, "metadata.audio_properties.analysis.equal_loudness": 0.0, "metadata.audio_properties.analysis.length": 40.04265213012695, "metadata.audio_properties.analysis.sample_rate": 44100.0, "metadata.audio_properties.analysis.start_time": 0.0, "metadata.audio_properties.bit_rate": 112728.0, "metadata.audio_properties.length": 40.042667388916016, "metadata.audio_properties.lossless": 0.0, "metadata.audio_properties.number_channels": 1.0, "metadata.audio_properties.replay_gain": -4.937723159790039, "metadata.audio_properties.sample_rate": 48000.0, "rhythm.beats_count": 86.0, "rhythm.beats_loudness.mean": 0.01830221526324749, "rhythm.beats_loudness.stdev": 0.012839091010391712, "rhythm.bpm": 126.33229064941406, "rhythm.bpm_histogram_first_peak_bpm": 126.0, "rhythm.bpm_histogram_first_peak_weight": 0.5526316165924072, "rhythm.bpm_histogram_second_peak_bpm": 136.0, "rhythm.bpm_histogram_second_peak_spread": 0.5641025304794312, "rhythm.bpm_histogram_second_peak_weight": 0.20000000298023224, "rhythm.danceability": 0.9132766723632812, "rhythm.onset_rate": 1.99728262424469, "tonal.chords_changes_rate": 0.03125, "tonal.chords_number_rate": 0.009259259328246117, "tonal.chords_strength.mean": 0.5309966206550598, "tonal.chords_strength.stdev": 0.0744943767786026, "tonal.hpcp_crest.mean": 18.7252254486084, "tonal.hpcp_crest.stdev": 7.355678558349609, "tonal.hpcp_entropy.mean": 1.3361386060714722, "tonal.hpcp_entropy.stdev": 0.567115306854248, "tonal.key_edma.strength": 0.7370716333389282, "tonal.key_krumhansl.strength": 0.7531554698944092, "tonal.key_temperley.strength": 0.7584766745567322, "tonal.tuning_diatonic_strength": 0.5330507755279541, "tonal.tuning_equal_tempered_deviation": 0.032781682908535004, "tonal.tuning_frequency": 444.85552978515625, "tonal.tuning_nontempered_energy_ratio": 0.6082288026809692, "lowlevel.barkbands.mean": [1.3485908311849926e-05, 2.240549110865686e-05, 9.477131243329495e-06, 0.00010661555279511958, 0.0010464296210557222, 0.001950782723724842, 0.0014092876808717847, 0.0010323373135179281, 0.0016363898757845163, 0.0015115003334358335, 0.0008306460222229362, 0.0006573505233973265, 0.00011074546637246385, 0.0004662267747335136, 0.0002879110397771001, 0.0029986915178596973, 0.0010157909709960222, 0.0002609856310300529, 0.0002249836252303794, 0.00023149463231675327, 0.00010817353177117184, 4.2148574721068144e-05, 2.9415235985652544e-05, 1.1727639503078535e-05, 8.430468369624577e-06, 2.790292455756571e-06, 1.3365091433570342e-07], "lowlevel.barkbands.stdev": [2.9468696084222756e-05, 4.0501548937754706e-05, 2.176389898522757e-05, 0.00041312453686259687, 0.003964011557400227, 0.0046232822351157665, 0.002894235774874687, 0.002798543544486165, 0.0022086487151682377, 0.00358339655213058, 0.002235196763649583, 0.0016291034407913685, 0.0002391896996414289, 0.0007399888709187508, 0.0007336357957683504, 0.003881884040310979, 0.0027129873633384705, 0.0004843057249672711, 0.00044104529661126435, 0.0003040799347218126, 0.00010564574768068269, 5.8357458328828216e-05, 2.9090273528709076e-05, 1.4318030480353627e-05, 8.578622328059282e-06, 3.8020891679479973e-06, 4.224296787924686e-07], "lowlevel.erbbands.mean": [0.000928661145735532, 0.004192607942968607, 0.011568189598619938, 0.14707843959331512, 1.0229578018188477, 3.4541561603546143, 8.513343811035156, 19.745834350585938, 14.532852172851562, 31.87089729309082, 21.41969108581543, 21.003807067871094, 55.09246063232422, 51.99033737182617, 33.09711456298828, 24.05554962158203, 8.022924423217773, 20.556705474853516, 15.946161270141602, 25.442325592041016, 199.88812255859375, 80.2586898803711, 20.494022369384766, 10.539176940917969, 18.17081642150879, 7.02442741394043, 5.34317684173584, 2.558865547180176, 1.6108533143997192, 1.1673375368118286, 0.6548374891281128, 0.33972638845443726, 0.16967925429344177, 0.10529478639364243, 0.04849043861031532, 0.016327839344739914, 0.004640944302082062, 0.0005931176710873842, 2.5683086278149858e-05, 2.0849029169767164e-05], "lowlevel.erbbands.stdev": [0.0015696038026362658, 0.008213000372052193, 0.02283855713903904, 0.5545840263366699, 3.2330944538116455, 12.100831031799316, 35.77173614501953, 49.99489212036133, 31.574234008789062, 71.30807495117188, 60.44602966308594, 26.817642211914062, 72.8111801147461, 101.03204345703125, 77.88499450683594, 56.11839294433594, 12.465548515319824, 25.490196228027344, 36.8066291809082, 75.95909881591797, 258.52825927734375, 183.37106323242188, 33.50081253051758, 15.49213695526123, 24.016374588012695, 7.25750732421875, 6.075266361236572, 2.6572585105895996, 1.7369016408920288, 1.096285343170166, 0.6506285667419434, 0.40817025303840637, 0.21007637679576874, 0.11443974822759628, 0.05231774225831032, 0.020734339952468872, 0.006603413261473179, 0.0012840392300859094, 3.834655217360705e-05, 1.5853669538046233e-05], "lowlevel.gfcc.mean": [-54.164581298828125, 56.84641647338867, -190.94833374023438, 7.359881401062012, -75.27568054199219, -4.148981094360352, -40.24277877807617, 19.576330184936523, -13.101517677307129, -0.5739321112632751, -17.75313949584961, 6.210973262786865, 3.5141468048095703], "lowlevel.melbands.mean": [7.919862582639325e-06, 5.685944870492676e-06, 5.440911263576709e-05, 0.00014055569772608578, 0.00028247866430319846, 0.0004072714364156127, 0.00025955133605748415, 0.00032825031667016447, 0.00014414616452995688, 0.00017977722745854408, 0.0002836697967723012, 0.0002195661945734173, 0.00012040067667840049, 9.282743849325925e-05, 2.1926201952737756e-05, 2.45330866164295e-05, 3.5633354855235666e-05, 2.4386590666836128e-05, 2.3651273295399733e-05, 4.087758861714974e-05, 0.000282714725472033, 6.704147381242365e-05, 3.685750925797038e-05, 1.2555973626149353e-05, 7.219061899377266e-06, 1.1812015145551413e-05, 1.4506166735372972e-05, 2.023109573201509e-06, 3.718738298630342e-06, 1.3872835324946209e-06, 1.7398457430317649e-06, 8.84127359768172e-07, 8.317039714711427e-07, 6.81032759075606e-07, 4.52971136155611e-07, 2.0706856673768925e-07, 2.136822274678707e-07, 1.1280385336931431e-07, 1.0100032454829488e-07, 8.012271734969545e-08], "lowlevel.melbands.stdev": [1.3110510735714342e-05, 1.1025406820408534e-05, 0.0001943851966643706, 0.0004005778464488685, 0.0011929902248084545, 0.0010132716270163655, 0.0005127589101903141, 0.0007098368951119483, 0.0004069894494023174, 0.00024045538157224655, 0.00039814409683458507, 0.0004640656115952879, 0.0003375128435436636, 0.0002402666286798194, 5.301021155901253e-05, 3.141862907796167e-05, 4.50663392257411e-05, 7.36587680876255e-05, 6.241830124054104e-05, 8.77090496942401e-05, 0.00037998767220415175, 0.00020640860020648688, 9.089817467611283e-05, 2.2916365196579136e-05, 1.3268817383504938e-05, 2.081542697851546e-05, 2.0575502276187763e-05, 3.6395010738488054e-06, 4.55220788353472e-06, 1.912309244289645e-06, 2.188691496485262e-06, 1.1199816754015046e-06, 1.3001114211874665e-06, 7.062005238367419e-07, 4.5243095314617676e-07, 3.017135270511062e-07, 3.134986457098421e-07, 1.5851357204610395e-07, 1.1696275947770118e-07, 9.256400801405107e-08], "lowlevel.melbands128.mean": [6.95706467013224e-06, 8.37890911498107e-06, 8.964027074398473e-06, 5.945037173660239e-06, 4.507308858592296e-06, 4.874071237281896e-06, 1.098029770219e-05, 7.65547010814771e-05, 0.00011629809159785509, 7.474129961337894e-05, 0.0001923818635987118, 0.00034280167892575264, 0.00032522602123208344, 0.00017060367099475116, 0.0004283745656721294, 0.0006508623482659459, 0.00015674774476792663, 0.0001776935823727399, 0.0003322497650515288, 0.0004962399252690375, 0.0001837616873672232, 0.0002583827590569854, 0.00013269127521198243, 5.667172445100732e-05, 4.456825990928337e-05, 0.0001766756467986852, 0.0006092236144468188, 0.00011355166498105973, 0.0002595465921331197, 0.0002870718599297106, 0.00017986191960517317, 0.0001275595132028684, 0.00017808597476687282, 3.8428770494647324e-05, 0.00010727917833719403, 0.00012763607082888484, 3.415329774725251e-05, 1.805033207347151e-05, 1.392153626511572e-05, 9.577683158568107e-06, 6.949083399376832e-06, 7.778908911859617e-05, 4.8196630814345554e-05, 1.8251931805934873e-06, 3.0467481337836944e-05, 2.342407424293924e-05, 2.8227279472048394e-05, 1.8215721865999512e-05, 1.5610965419909917e-05, 4.6784647565800697e-05, 5.702923772332724e-06, 1.5917574273771606e-05, 0.0005445424467325211, 0.0002297019527759403, 1.7397507690475322e-05, 9.037907875608653e-05, 8.52561934152618e-05, 5.248600064078346e-05, 1.6914174921112135e-05, 3.440373575358535e-06, 1.5084480764926411e-05, 2.0666011550929397e-05, 1.602857423677051e-06, 2.2633264507021522e-06, 1.7071939510060474e-05, 8.303187314595561e-06, 1.3092690096527804e-05, 1.8337103028898127e-05, 1.7116122762672603e-05, 2.351235480091418e-06, 2.3646955469303066e-06, 2.1014884623582475e-06, 5.908374873797584e-07, 7.103675216058036e-06, 3.0825456178718014e-06, 1.0678143098630244e-06, 6.073570375519921e-07, 7.478827797058329e-07, 2.7201372176932637e-06, 1.9293270270281937e-06, 6.129866960691288e-07, 4.518975060818775e-07, 1.0502153600100428e-06, 1.1569539992706268e-06, 3.7938781360935536e-07, 2.963845986414526e-07, 1.0635767466737889e-06, 9.766856692294823e-07, 2.502856091268768e-07, 1.887182747850602e-07, 3.2642083169776015e-07, 1.349906426639791e-07, 1.522321326774545e-07, 3.3773372365430987e-07, 1.4807349657530722e-07, 6.151314124736018e-08, 1.7400323315541755e-07, 8.770731341201099e-08, 5.4583153996645706e-08, 1.6260881352536671e-07, 9.205993478644814e-08, 5.7314618828741004e-08, 6.952567588314196e-08, 4.4303320123617596e-08, 8.170079723868184e-08, 2.7072948327599988e-08, 5.9499978277699483e-08, 2.730002890416472e-08, 1.9542859774901444e-08, 2.30803056666673e-08, 3.081374089219935e-08, 1.4878010823338172e-08, 1.2102915114553525e-08, 1.2000963778291407e-08, 6.420601383894109e-09, 4.96559993123924e-09, 4.616937498980178e-09, 1.4950315430084515e-09, 5.503871230300161e-12, 2.8652232496317875e-12, 2.783635084588343e-12, 2.739673071738835e-12, 2.708862648082011e-12, 2.646686038734747e-12, 2.4692338018023063e-12, 2.1780622010830752e-12, 2.0199248090130295e-12, 1.9885939683134124e-12], "lowlevel.melbands128.stdev": [1.2928332580486313e-05, 1.3342116290004924e-05, 2.0358789697638713e-05, 1.1099927178293001e-05, 8.463412996206898e-06, 1.1998672562185675e-05, 6.790320185245946e-05, 0.00029192367219366133, 0.00043245856068097055, 0.0002454532077535987, 0.0006670692237094045, 0.001676707761362195, 0.001616926398128271, 0.0006989051471464336, 0.0012435548705980182, 0.0017547491006553173, 0.0003853016532957554, 0.0007497626356780529, 0.0006703451508656144, 0.0013820362510159612, 0.0004841045883949846, 0.0010696251410990953, 0.0003771637275349349, 0.00020442715322133154, 0.00016485077503602952, 0.00028039910830557346, 0.0009120868635363877, 0.00016200389654841274, 0.0009765126742422581, 0.0007546640117652714, 0.00046216731425374746, 0.00031245240825228393, 0.0006815455853939056, 0.00016145869449246675, 0.0003097320150118321, 0.0003752174961846322, 0.00015875225653871894, 7.207717135315761e-05, 4.408496533869766e-05, 3.549631219357252e-05, 2.844045047822874e-05, 0.00010873769497266039, 6.89196604071185e-05, 7.3605756369943265e-06, 0.00013345282059162855, 8.519065886503085e-05, 9.978655725717545e-05, 4.6229110012063757e-05, 5.446730210678652e-05, 0.0002822662063408643, 2.4693403247511014e-05, 3.1016217690194026e-05, 0.0007378663867712021, 0.00034323357976973057, 8.06320967967622e-05, 0.00031975211459212005, 0.000359725410817191, 0.00016114203026518226, 6.402033613994718e-05, 2.0771116396645084e-05, 3.0329769288073294e-05, 4.1817973396973684e-05, 5.786090696346946e-06, 6.344935627566883e-06, 5.8041594456881285e-05, 1.754695040290244e-05, 4.205791628919542e-05, 2.9694288969039917e-05, 2.7692634830600582e-05, 6.027370545780286e-06, 5.5727618928358424e-06, 6.124166702647926e-06, 1.452611854801944e-06, 1.045820135914255e-05, 4.21502954850439e-06, 3.586214461392956e-06, 1.2902288517580018e-06, 2.2068684302212205e-06, 3.88143735108315e-06, 4.510317467065761e-06, 1.194319224850915e-06, 1.09182644791872e-06, 2.0372210656205425e-06, 2.140962806151947e-06, 8.765136385591177e-07, 5.443434361041e-07, 1.414092480445106e-06, 1.1489000826259144e-06, 5.698346967619727e-07, 4.6352749905054225e-07, 6.299090387074102e-07, 2.3262035142579407e-07, 2.357324291324403e-07, 6.153836125122325e-07, 2.3868665266491007e-07, 1.3220621042364655e-07, 3.003447091032285e-07, 1.880778341956102e-07, 1.0799303851172226e-07, 2.1924307702647639e-07, 1.4180122320794908e-07, 8.638797766025164e-08, 1.241159139908632e-07, 6.448149036941686e-08, 1.142200645176672e-07, 3.7258605090073615e-08, 8.821731967145752e-08, 4.390878771687312e-08, 3.4747298371939905e-08, 4.121011443203315e-08, 5.1875893802844075e-08, 2.3934987325446855e-08, 2.417153588396559e-08, 2.5792767033294695e-08, 1.6867517160790158e-08, 1.3999694736810397e-08, 1.3651211716592115e-08, 7.261721890472472e-09, 9.351429353099405e-11, 3.792664966806303e-12, 3.6970951473869196e-12, 3.614039189442364e-12, 3.5356964751820374e-12, 3.4741786270747754e-12, 3.426254722646571e-12, 3.378993916267059e-12, 3.3484833829311444e-12, 3.3297611629762303e-12], "lowlevel.mfcc.mean": [-687.5629272460938, 91.1845932006836, -51.01816940307617, 1.0834243297576904, -22.522062301635742, -17.910655975341797, -20.16036033630371, 3.1859896183013916, 5.496700763702393, 1.2517335414886475, -6.340742588043213, -3.9212794303894043, 7.176602840423584], "lowlevel.spectral_contrast_coeffs.mean": [-0.7102172374725342, -0.6527692079544067, -0.6018146872520447, -0.6257848739624023, -0.6807178258895874, -0.6846867799758911], "lowlevel.spectral_contrast_coeffs.stdev": [0.12684547901153564, 0.091468445956707, 0.06792579591274261, 0.060340266674757004, 0.05211236700415611, 0.03615261986851692], "lowlevel.spectral_contrast_valleys.mean": [-9.001635551452637, -7.894476890563965, -8.42940902709961, -8.647249221801758, -8.618085861206055, -11.944384574890137], "lowlevel.spectral_contrast_valleys.stdev": [0.6599694490432739, 0.7255730032920837, 0.6388806700706482, 0.5603395700454712, 0.497814804315567, 0.5978293418884277], "rhythm.beats_loudness_band_ratio.mean": [0.02300458773970604, 0.13131758570671082, 0.2827952802181244, 0.22527962923049927, 0.29734188318252563, 0.052840109914541245], "rhythm.beats_loudness_band_ratio.stdev": [0.058502230793237686, 0.17101046442985535, 0.18129679560661316, 0.16295170783996582, 0.15649835765361786, 0.046346504241228104], "tonal.hpcp.mean": [0.16502703726291656, 0.06805349141359329, 0.049839068204164505, 0.0813022255897522, 0.0349179245531559, 0.16644974052906036, 0.2433052361011505, 0.0798124149441719, 0.008678823709487915, 0.011852129362523556, 0.007591254077851772, 0.2095324695110321, 0.502136766910553, 0.3013354539871216, 0.0493200309574604, 0.0652480497956276, 0.02388054132461548, 0.06806369125843048, 0.10707152634859085, 0.04360681399703026, 0.05090058222413063, 0.0870157778263092, 0.040191084146499634, 0.014938859269022942, 0.0213026013225317, 0.013120007701218128, 0.27495887875556946, 0.4808741807937622, 0.21266399323940277, 0.0039008273743093014, 0.002700533950701356, 0.003043000353500247, 0.06403609365224838, 0.10586608201265335, 0.04753123223781586, 0.10203766822814941], "tonal.hpcp.stdev": [0.3194981813430786, 0.16140225529670715, 0.12252237647771835, 0.20678351819515228, 0.09050638228654861, 0.25541672110557556, 0.3704477548599243, 0.14193253219127655, 0.05100475996732712, 0.0722915530204773, 0.03617892786860466, 0.1982375681400299, 0.3934854567050934, 0.2691442370414734, 0.13332746922969818, 0.19316120445728302, 0.06779002398252487, 0.16206666827201843, 0.2566305100917816, 0.12194070965051651, 0.1340528279542923, 0.22328943014144897, 0.10724649578332901, 0.06954576075077057, 0.11974696815013885, 0.0682331845164299, 0.2450294941663742, 0.3954230546951294, 0.19561345875263214, 0.013059691525995731, 0.010349954478442669, 0.01019536703824997, 0.168636754155159, 0.2577243745326996, 0.13548541069030762, 0.20096930861473083], "rhythm.beats_position": [0.4643990993499756, 0.9404081702232361, 1.404807209968567, 1.8808163404464722, 2.356825351715088, 2.832834482192993, 3.2740135192871094, 3.7151927947998047, 4.156371593475342, 4.609160900115967, 5.061950206756592, 5.514739036560059, 5.967528343200684, 6.408707141876221, 6.849886417388916, 7.291065692901611, 7.732244968414307, 8.173423767089844, 8.614603042602539, 9.090612411499023, 9.566620826721191, 10.054240226745605, 10.54185962677002, 11.041088104248047, 11.54031753540039, 12.027935981750488, 12.527165412902832, 13.02639389038086, 13.514013290405273, 14.001632690429688, 14.500861167907715, 14.988480567932129, 15.476099014282227, 15.952108383178711, 16.428117752075195, 16.90412712097168, 17.380136489868164, 17.879364013671875, 18.36698341369629, 18.854602813720703, 19.319002151489258, 19.760181427001953, 20.212970733642578, 20.665760040283203, 21.118547439575195, 21.58294677734375, 22.035736083984375, 22.50013542175293, 22.964534759521484, 23.41732406616211, 23.870113372802734, 24.32290267944336, 24.775691986083984, 25.216869354248047, 25.69287872314453, 26.168888092041016, 26.63328742980957, 27.097686767578125, 27.56208610534668, 28.038095474243164, 28.47927474975586, 28.920452117919922, 29.361631393432617, 29.791200637817383, 30.232379913330078, 30.673559188842773, 31.11473846435547, 31.544307708740234, 31.973876953125, 32.403446197509766, 32.83301544189453, 33.2625846862793, 33.69215393066406, 34.12172317504883, 34.551292419433594, 34.9692497253418, 35.3755989074707, 35.82838821411133, 36.292789459228516, 36.75718688964844, 37.221588134765625, 37.68598556518555, 38.16199493408203, 38.638004302978516, 39.114013671875, 39.590023040771484], "rhythm.bpm_histogram": [0.0, 0.0, 0.0, 0.0, 0.0, 0.0, 0.0, 0.0, 0.0, 0.0, 0.0, 0.0, 0.0, 0.0, 0.0, 0.0, 0.0, 0.0, 0.0, 0.0, 0.0, 0.0, 0.0, 0.0, 0.0, 0.0, 0.0, 0.0, 0.0, 0.0, 0.0, 0.0, 0.0, 0.0, 0.0, 0.0, 0.0, 0.0, 0.0, 0.0, 0.0, 0.0, 0.0, 0.0, 0.0, 0.0, 0.0, 0.0, 0.0, 0.0, 0.0, 0.0, 0.0, 0.0, 0.0, 0.0, 0.0, 0.0, 0.0, 0.0, 0.0, 0.0, 0.0, 0.0, 0.0, 0.0, 0.0, 0.0, 0.0, 0.0, 0.0, 0.0, 0.0, 0.0, 0.0, 0.0, 0.0, 0.0, 0.0, 0.0, 0.0, 0.0, 0.0, 0.0, 0.0, 0.0, 0.0, 0.0, 0.0, 0.0, 0.0, 0.0, 0.0, 0.0, 0.0, 0.0, 0.0, 0.0, 0.0, 0.0, 0.0, 0.0, 0.0, 0.0, 0.0, 0.0, 0.0, 0.0, 0.0, 0.0, 0.0, 0.0, 0.0, 0.0, 0.0, 0.0, 0.0, 0.0, 0.0, 0.0, 0.07058823853731155, 0.0, 0.0, 0.10588235408067703, 0.0, 0.0, 0.20000000298023224, 0.0, 0.0, 0.1411764770746231, 0.0, 0.0, 0.0, 0.15294118225574493, 0.0, 0.0, 0.20000000298023224, 0.0, 0.0, 0.0, 0.10588235408067703, 0.0, 0.0, 0.0, 0.0117647061124444, 0.0, 0.0, 0.0, 0.0117647061124444, 0.0, 0.0, 0.0, 0.0, 0.0, 0.0, 0.0, 0.0, 0.0, 0.0, 0.0, 0.0, 0.0, 0.0, 0.0, 0.0, 0.0, 0.0, 0.0, 0.0, 0.0, 0.0, 0.0, 0.0, 0.0, 0.0, 0.0, 0.0, 0.0, 0.0, 0.0, 0.0, 0.0, 0.0, 0.0, 0.0, 0.0, 0.0, 0.0, 0.0, 0.0, 0.0, 0.0, 0.0, 0.0, 0.0, 0.0, 0.0, 0.0, 0.0, 0.0, 0.0, 0.0, 0.0, 0.0, 0.0, 0.0, 0.0, 0.0, 0.0, 0.0, 0.0, 0.0, 0.0, 0.0, 0.0, 0.0, 0.0, 0.0, 0.0, 0.0, 0.0, 0.0, 0.0, 0.0, 0.0, 0.0, 0.0, 0.0, 0.0, 0.0, 0.0, 0.0, 0.0, 0.0, 0.0, 0.0, 0.0, 0.0, 0.0, 0.0, 0.0, 0.0, 0.0, 0.0, 0.0, 0.0, 0.0, 0.0, 0.0, 0.0], "tonal.chords_histogram": [20.949073791503906, 6.597222328186035, 1.7361111640930176, 4.513888835906982, 4.745370388031006, 9.259259223937988, 0.0, 31.134260177612305, 0.0, 0.0, 0.0, 0.0, 0.0, 0.0, 0.0, 0.0, 0.0, 0.0, 0.0, 0.0, 0.11574073880910873, 0.0, 20.370370864868164, 0.5787037014961243], "tonal.thpcp": [1.0, 0.6001063585281372, 0.09822031110525131, 0.12994079291820526, 0.04755784198641777, 0.13554811477661133, 0.21323180198669434, 0.08684250712394714, 0.10136796534061432, 0.17329099774360657, 0.0800401121377945, 0.029750578105449677, 0.042423903942108154, 0.026128355413675308, 0.5475776791572571, 0.9576557874679565, 0.4235180616378784, 0.007768455892801285, 0.005378084257245064, 0.006060102488845587, 0.12752719223499298, 0.2108311653137207, 0.09465794265270233, 0.20320692658424377, 0.3286495804786682, 0.1355278044939041, 0.09925397485494614, 0.16191251575946808, 0.0695386752486229, 0.3314828872680664, 0.48453977704048157, 0.15894557535648346, 0.017283784225583076, 0.023603389039635658, 0.015117901377379894, 0.4172816574573517], "lowlevel.gfcc.cov": [[2010.16748046875, 460.3409423828125, 352.7244873046875, -85.1767807006836, -101.23458099365234, -153.8607635498047, -229.6207733154297, -295.71435546875, -163.14907836914062, -77.4342041015625, -79.88260650634766, 23.95806121826172, 0.30043986439704895], [460.3409423828125, 867.6190795898438, 236.31321716308594, -56.97010803222656, -165.60964965820312, -199.89089965820312, -285.3464050292969, -323.5277099609375, -83.32572174072266, -40.90523147583008, 62.20429229736328, -21.728952407836914, 89.00206756591797], [352.7244873046875, 236.31321716308594, 441.4150695800781, 96.96590423583984, -30.48953628540039, -53.1786003112793, -181.72312927246094, -191.96151733398438, -158.3070068359375, -49.121864318847656, -76.42701721191406, 9.415237426757812, -24.487133026123047], [-85.1767807006836, -56.97010803222656, 96.96590423583984, 169.85789489746094, 76.61231231689453, 42.29633712768555, 7.972965717315674, 11.024250030517578, -48.94919204711914, -33.85002899169922, -38.06147003173828, -9.639481544494629, -10.059877395629883], [-101.23458099365234, -165.60964965820312, -30.48953628540039, 76.61231231689453, 179.47840881347656, 118.8890151977539, 96.46648406982422, 79.83757781982422, 7.919637680053711, -46.117862701416016, -60.72045135498047, 19.558256149291992, 3.137699604034424], [-153.8607635498047, -199.89089965820312, -53.1786003112793, 42.29633712768555, 118.8890151977539, 196.89842224121094, 165.15431213378906, 124.36603546142578, 22.969703674316406, -29.80320167541504, -55.422115325927734, -9.962580680847168, -26.497241973876953], [-229.6207733154297, -285.3464050292969, -181.72312927246094, 7.972965717315674, 96.46648406982422, 165.15431213378906, 293.49310302734375, 247.43699645996094, 84.84241485595703, -14.169011116027832, -26.13773536682129, -12.510106086730957, -26.3692684173584], [-295.71435546875, -323.5277099609375, -191.96151733398438, 11.024250030517578, 79.83757781982422, 124.36603546142578, 247.43699645996094, 319.606201171875, 155.8338165283203, 24.654987335205078, -11.674089431762695, -36.13141632080078, -60.0537223815918], [-163.14907836914062, -83.32572174072266, -158.3070068359375, -48.94919204711914, 7.919637680053711, 22.969703674316406, 84.84241485595703, 155.8338165283203, 204.24761962890625, 84.86637878417969, 47.56851577758789, -4.770752906799316, -19.96246910095215], [-77.4342041015625, -40.90523147583008, -49.121864318847656, -33.85002899169922, -46.117862701416016, -29.80320167541504, -14.169011116027832, 24.654987335205078, 84.86637878417969, 166.90798950195312, 95.93924713134766, -10.18115234375, -46.34012985229492], [-79.88260650634766, 62.20429229736328, -76.42701721191406, -38.06147003173828, -60.72045135498047, -55.422115325927734, -26.13773536682129, -11.674089431762695, 47.56851577758789, 95.93924713134766, 151.7324676513672, 39.02159118652344, -3.5402886867523193], [23.95806121826172, -21.728952407836914, 9.415237426757812, -9.639481544494629, 19.558256149291992, -9.962580680847168, -12.510106086730957, -36.13141632080078, -4.770752906799316, -10.18115234375, 39.02159118652344, 145.98814392089844, 85.724365234375], [0.30043986439704895, 89.00206756591797, -24.487133026123047, -10.059877395629883, 3.137699604034424, -26.497241973876953, -26.3692684173584, -60.0537223815918, -19.96246910095215, -46.34012985229492, -3.5402886867523193, 85.724365234375, 190.46316528320312]], "lowlevel.gfcc.icov": [[0.0007133211474865675, -0.000281988934148103, -0.00033630261896178126, 0.0005892470362596214, -0.0001815988653106615, 0.0004721895675174892, -0.0003467229544185102, 0.00027316430350765586, 0.0001521178928669542, -0.00014091609045863152, 0.0006949839880689979, -0.00044004563824273646, 0.0004179749812465161], [-0.000281988934148103, 0.0044110678136348724, -0.0033605857752263546, 0.001434486242942512, -0.0004525327531155199, 0.0009396748500876129, -0.0013563536340370774, 0.00457338010892272, -0.0044246856123209, 0.0048651196993887424, -0.006261930335313082, 0.005804538726806641, -0.003033685963600874], [-0.00033630261896178126, -0.0033605857752263546, 0.009114555083215237, -0.005103904288262129, 0.003419778309762478, -0.002259120810776949, 0.004087958950549364, -0.002970067085698247, 0.0051344214007258415, -0.005111090838909149, 0.009267600253224373, -0.00779754389077425, 0.004708435852080584], [0.0005892470362596214, 0.001434486242942512, -0.005103904288262129, 0.011994892731308937, -0.006240158807486296, 0.001020278548821807, 0.0003818153345491737, -0.001488190027885139, 0.0012326659634709358, 0.002149231731891632, -0.005049309227615595, 0.0047957198694348335, -0.002465748693794012], [-0.0001815988653106615, -0.0004525327531155199, 0.003419778309762478, -0.006240158807486296, 0.014428348280489445, -0.006497702095657587, 0.0016253073699772358, -0.0005790049908682704, -0.0003812212380580604, -0.00035994205973111093, 0.00572092505171895, -0.005638600327074528, 0.001739282626658678], [0.0004721895675174892, 0.0009396748500876129, -0.002259120810776949, 0.001020278548821807, -0.006497702095657587, 0.01540741790086031, -0.009325362741947174, 0.0038640163838863373, -0.0014454592019319534, 0.00031738984398543835, 0.0004929913557134569, 0.0018408669857308269, 0.0006077197031117976], [-0.0003467229544185102, -0.0013563536340370774, 0.004087958950549364, 0.0003818153345491737, 0.0016253073699772358, -0.009325362741947174, 0.019040491431951523, -0.01402808353304863, 0.006174099165946245, -0.000934480456635356, 0.001492175622843206, -0.003355848602950573, 2.6892406822298653e-05], [0.00027316430350765586, 0.00457338010892272, -0.002970067085698247, -0.001488190027885139, -0.0005790049908682704, 0.0038640163838863373, -0.01402808353304863, 0.022627152502536774, -0.013730923645198345, 0.005880269221961498, -0.004166355822235346, 0.006455357186496258, 0.00015001848805695772], [0.0001521178928669542, -0.0044246856123209, 0.0051344214007258415, 0.0012326659634709358, -0.0003812212380580604, -0.0014454592019319534, 0.006174099165946245, -0.013730923645198345, 0.018228422850370407, -0.00997996237128973, 0.006476862821727991, -0.006705787498503923, 0.0017441060626879334], [-0.00014091609045863152, 0.0048651196993887424, -0.005111090838909149, 0.002149231731891632, -0.00035994205973111093, 0.00031738984398543835, -0.000934480456635356, 0.005880269221961498, -0.00997996237128973, 0.01867854967713356, -0.014765597879886627, 0.008571143262088299, -0.0016756888944655657], [0.0006949839880689979, -0.006261930335313082, 0.009267600253224373, -0.005049309227615595, 0.00572092505171895, 0.0004929913557134569, 0.001492175622843206, -0.004166355822235346, 0.006476862821727991, -0.014765597879886627, 0.026941033080220222, -0.016054071485996246, 0.0075299120508134365], [-0.00044004563824273646, 0.005804538726806641, -0.00779754389077425, 0.0047957198694348335, -0.005638600327074528, 0.0018408669857308269, -0.003355848602950573, 0.006455357186496258, -0.006705787498503923, 0.008571143262088299, -0.016054071485996246, 0.021387256681919098, -0.01008306723088026], [0.0004179749812465161, -0.003033685963600874, 0.004708435852080584, -0.002465748693794012, 0.001739282626658678, 0.0006077197031117976, 2.6892406822298653e-05, 0.00015001848805695772, 0.0017441060626879334, -0.0016756888944655657, 0.0075299120508134365, -0.01008306723088026, 0.011702636256814003]], "lowlevel.mfcc.cov": [[1913.5650634765625, 499.7720947265625, 197.22775268554688, -9.029964447021484, -1.7782313823699951, -16.425106048583984, -139.4910430908203, -258.0584716796875, -141.5474853515625, -213.81625366210938, -193.1682586669922, -0.27905967831611633, 0.24943670630455017], [499.7720947265625, 734.6630249023438, 234.3607635498047, 11.611763954162598, -7.786594390869141, -33.465179443359375, -159.4759063720703, -238.64614868164062, -180.39503479003906, -186.89810180664062, -201.4177703857422, -37.21314239501953, 93.27787780761719], [197.22775268554688, 234.3607635498047, 394.935546875, 88.62527465820312, 52.79690933227539, 24.44695281982422, -39.12957000732422, -115.0631332397461, -115.92172241210938, -110.93953704833984, -131.8990478515625, -60.587913513183594, 8.967391014099121], [-9.029964447021484, 11.611763954162598, 88.62527465820312, 129.00169372558594, 53.46199417114258, 4.897815704345703, 0.41962310671806335, -10.004571914672852, -25.544189453125, -30.45793342590332, -21.580087661743164, -18.69353675842285, -2.3298494815826416], [-1.7782313823699951, -7.786594390869141, 52.79690933227539, 53.46199417114258, 134.0789794921875, 62.300071716308594, -2.5169460773468018, 3.9719886779785156, -13.829442977905273, -37.14433288574219, -23.776779174804688, -27.89277458190918, -49.5460205078125], [-16.425106048583984, -33.465179443359375, 24.44695281982422, 4.897815704345703, 62.300071716308594, 139.3042449951172, 61.72140884399414, 25.456491470336914, 21.305906295776367, -35.2167854309082, -54.32552719116211, -32.57310104370117, -33.76776123046875], [-139.4910430908203, -159.4759063720703, -39.12957000732422, 0.41962310671806335, -2.5169460773468018, 61.72140884399414, 175.0217742919922, 128.29624938964844, 76.9993667602539, 48.889339447021484, 20.330387115478516, -29.237306594848633, -57.04401779174805], [-258.0584716796875, -238.64614868164062, -115.0631332397461, -10.004571914672852, 3.9719886779785156, 25.456491470336914, 128.29624938964844, 292.7116394042969, 172.3751220703125, 80.37351989746094, 67.11225128173828, -17.579755783081055, -91.84707641601562], [-141.5474853515625, -180.39503479003906, -115.92172241210938, -25.544189453125, -13.829442977905273, 21.305906295776367, 76.9993667602539, 172.3751220703125, 229.18922424316406, 105.46530151367188, 36.469398498535156, -4.063443660736084, -68.14303588867188], [-213.81625366210938, -186.89810180664062, -110.93953704833984, -30.45793342590332, -37.14433288574219, -35.2167854309082, 48.889339447021484, 80.37351989746094, 105.46530151367188, 225.79800415039062, 164.6116485595703, 34.262779235839844, -52.07881164550781], [-193.1682586669922, -201.4177703857422, -131.8990478515625, -21.580087661743164, -23.776779174804688, -54.32552719116211, 20.330387115478516, 67.11225128173828, 36.469398498535156, 164.6116485595703, 274.14556884765625, 116.44798278808594, -18.1136531829834], [-0.27905967831611633, -37.21314239501953, -60.587913513183594, -18.69353675842285, -27.89277458190918, -32.57310104370117, -29.237306594848633, -17.579755783081055, -4.063443660736084, 34.262779235839844, 116.44798278808594, 201.12025451660156, 100.50189208984375], [0.24943670630455017, 93.27787780761719, 8.967391014099121, -2.3298494815826416, -49.5460205078125, -33.76776123046875, -57.04401779174805, -91.84707641601562, -68.14303588867188, -52.07881164550781, -18.1136531829834, 100.50189208984375, 270.93865966796875]], "lowlevel.mfcc.icov": [[0.0007236566161736846, -0.0003058305010199547, -7.249348709592596e-05, 0.0001601797412149608, 8.667413203511387e-05, 0.00017695124552119523, -0.00010541672236286104, 0.0005458932719193399, -0.0003284906269982457, 0.0005448762094601989, 8.88585636857897e-05, -0.0003791717463172972, 0.0004778723232448101], [-0.0003058305010199547, 0.002769560320302844, -0.0008157594129443169, 0.0005091408384032547, 0.0003850316279567778, 0.00038285943446680903, 0.0011511911870911717, 0.00042893580393865705, 0.0005670665414072573, 0.000261013803537935, 0.0011340852361172438, 2.187956852139905e-05, -0.00015543150948360562], [-7.249348709592596e-05, -0.0008157594129443169, 0.004361746832728386, -0.002414027461782098, -0.00028284391737543046, -0.00040629581781104207, -0.00035544190905056894, 0.00028565310640260577, 0.0013156709028407931, -0.0005173514946363866, 0.001258754637092352, 2.1260546418488957e-05, 0.0003431563964113593], [0.0001601797412149608, 0.0005091408384032547, -0.002414027461782098, 0.011636854149401188, -0.0052981069311499596, 0.0033137109130620956, -0.001745272777043283, 0.0003181428764946759, -0.0003749859461095184, 0.0009937912691384554, -0.000329560978570953, 0.0004991869791410863, -0.000921419938094914], [8.667413203511387e-05, 0.0003850316279567778, -0.00028284391737543046, -0.0052981069311499596, 0.014439599588513374, -0.007509527262300253, 0.004268656950443983, -0.001214297371916473, 0.001025158679112792, 0.0011963995639234781, -0.001213595038279891, 0.00012271592277102172, 0.0023840125650167465], [0.00017695124552119523, 0.00038285943446680903, -0.00040629581781104207, 0.0033137109130620956, -0.007509527262300253, 0.014476461336016655, -0.006475307513028383, 0.0021813870407640934, -0.0018789806636050344, 0.0018435592064633965, 0.0021111126989126205, -0.0007798689766786993, 2.9318736778805032e-05], [-0.00010541672236286104, 0.0011511911870911717, -0.00035544190905056894, -0.001745272777043283, 0.004268656950443983, -0.006475307513028383, 0.012386065907776356, -0.004606703296303749, 0.0016075539169833064, -0.002007751725614071, 0.0004177057708147913, 0.0008400693768635392, 0.00035492819733917713], [0.0005458932719193399, 0.00042893580393865705, 0.00028565310640260577, 0.0003181428764946759, -0.001214297371916473, 0.0021813870407640934, -0.004606703296303749, 0.009748217649757862, -0.0060997917316854, 0.003360987873747945, -0.002326778369024396, 0.0007632526103407145, 0.0009028384229168296], [-0.0003284906269982457, 0.0005670665414072573, 0.0013156709028407931, -0.0003749859461095184, 0.001025158679112792, -0.0018789806636050344, 0.0016075539169833064, -0.0060997917316854, 0.011751269921660423, -0.0060891867615282536, 0.004845184739679098, -0.0019294912926852703, 0.0008069847826845944], [0.0005448762094601989, 0.000261013803537935, -0.0005173514946363866, 0.0009937912691384554, 0.0011963995639234781, 0.0018435592064633965, -0.002007751725614071, 0.003360987873747945, -0.0060891867615282536, 0.013082072138786316, -0.007730360608547926, 0.0022012332919985056, 0.0007502741063944995], [8.88585636857897e-05, 0.0011340852361172438, 0.001258754637092352, -0.000329560978570953, -0.001213595038279891, 0.0021111126989126205, 0.0004177057708147913, -0.002326778369024396, 0.004845184739679098, -0.007730360608547926, 0.012771190144121647, -0.006304947193711996, 0.00183061882853508], [-0.0003791717463172972, 2.187956852139905e-05, 2.1260546418488957e-05, 0.0004991869791410863, 0.00012271592277102172, -0.0007798689766786993, 0.0008400693768635392, 0.0007632526103407145, -0.0019294912926852703, 0.0022012332919985056, -0.006304947193711996, 0.01032086182385683, -0.003954845014959574], [0.0004778723232448101, -0.00015543150948360562, 0.0003431563964113593, -0.000921419938094914, 0.0023840125650167465, 2.9318736778805032e-05, 0.00035492819733917713, 0.0009028384229168296, 0.0008069847826845944, 0.0007502741063944995, 0.00183061882853508, -0.003954845014959574, 0.006481634918600321]], "metadata.audio_properties.analysis.downmix": "mix", "metadata.audio_properties.codec": "mp3", "metadata.audio_properties.md5_encoded": "fb7f6aa3a7baf7a244a43eae9008f124", "metadata.tags.file_name": "1183673362380247153.mp3", "metadata.version.essentia": "2.1-beta6-dev", "metadata.version.essentia_git_sha": "v2.1_beta5-1110-g77a6a954", "metadata.version.extractor": "music 2.0"