{"song_id": "1183691713815007303", "download": "https://cdn.discordapp.com/attachments/1135903449314238464/1183691713815007303/chirp.mp4?ex=658941d0&amp", "lyrics": "\u5c71\u4e0d\u5728\u9ad8\u6709\u4ed9\u5219\u540d\u3002\u6c34\u4e0d\u5728\u6df1\u6709\u9f99\u5219\u7075\u3002\u65af\u662f\u964b\u5ba4\u60df\u543e\u5fb7\u99a8\u3002\u82d4\u75d5\u4e0a\u9636\u7eff\u8349\u8272\u5165\u5e18\u9752", "style": ["random"], "essentia_features": {"lowlevel.average_loudness": 0.9853307008743286, "lowlevel.barkbands_crest.mean": 10.836885452270508, "lowlevel.barkbands_crest.stdev": 5.196457862854004, "lowlevel.barkbands_flatness_db.mean": 0.15749365091323853, "lowlevel.barkbands_flatness_db.stdev": 0.04500989615917206, "lowlevel.barkbands_kurtosis.mean": 11.782308578491211, "lowlevel.barkbands_kurtosis.stdev": 10.720090866088867, "lowlevel.barkbands_skewness.mean": 2.6820526123046875, "lowlevel.barkbands_skewness.stdev": 1.148138165473938, "lowlevel.barkbands_spread.mean": 14.823745727539062, "lowlevel.barkbands_spread.stdev": 10.512090682983398, "lowlevel.dissonance.mean": 0.4533069431781769, "lowlevel.dissonance.stdev": 0.03197868913412094, "lowlevel.dynamic_complexity": 1.28922700881958, "lowlevel.erbbands_crest.mean": 9.1716947555542, "lowlevel.erbbands_crest.stdev": 3.3398923873901367, "lowlevel.erbbands_flatness_db.mean": 0.12136316299438477, "lowlevel.erbbands_flatness_db.stdev": 0.021921681240200996, "lowlevel.erbbands_kurtosis.mean": 0.9786734580993652, "lowlevel.erbbands_kurtosis.stdev": 2.23148250579834, "lowlevel.erbbands_skewness.mean": 1.013943076133728, "lowlevel.erbbands_skewness.stdev": 0.6948246359825134, "lowlevel.erbbands_spread.mean": 50.9887809753418, "lowlevel.erbbands_spread.stdev": 22.9501953125, "lowlevel.hfc.mean": 23.013933181762695, "lowlevel.hfc.stdev": 11.353751182556152, "lowlevel.loudness_ebu128.integrated": -16.482824325561523, "lowlevel.loudness_ebu128.loudness_range": 0.9497823715209961, "lowlevel.loudness_ebu128.momentary.mean": -16.584590911865234, "lowlevel.loudness_ebu128.momentary.stdev": 0.9503932595252991, "lowlevel.loudness_ebu128.short_term.mean": -16.48004722595215, "lowlevel.loudness_ebu128.short_term.stdev": 0.28600090742111206, "lowlevel.melbands_crest.mean": 16.406410217285156, "lowlevel.melbands_crest.stdev": 6.491146564483643, "lowlevel.melbands_flatness_db.mean": 0.25223276019096375, "lowlevel.melbands_flatness_db.stdev": 0.05503716319799423, "lowlevel.melbands_kurtosis.mean": 27.538591384887695, "lowlevel.melbands_kurtosis.stdev": 21.35218620300293, "lowlevel.melbands_skewness.mean": 3.7203712463378906, "lowlevel.melbands_skewness.stdev": 1.556366205215454, "lowlevel.melbands_spread.mean": 10.627263069152832, "lowlevel.melbands_spread.stdev": 8.305681228637695, "lowlevel.pitch_salience.mean": 0.5120058059692383, "lowlevel.pitch_salience.stdev": 0.12147510796785355, "lowlevel.silence_rate_20dB.mean": 0.9970545172691345, "lowlevel.silence_rate_20dB.stdev": 0.05419265106320381, "lowlevel.silence_rate_30dB.mean": 0.8100147247314453, "lowlevel.silence_rate_30dB.stdev": 0.39228925108909607, "lowlevel.silence_rate_60dB.mean": 0.002945508109405637, "lowlevel.silence_rate_60dB.stdev": 0.054192788898944855, "lowlevel.spectral_centroid.mean": 871.2053833007812, "lowlevel.spectral_centroid.stdev": 451.34716796875, "lowlevel.spectral_complexity.mean": 16.51251792907715, "lowlevel.spectral_complexity.stdev": 5.965494632720947, "lowlevel.spectral_decrease.mean": -1.9355779201646328e-08, "lowlevel.spectral_decrease.stdev": 1.507613056617174e-08, "lowlevel.spectral_energy.mean": 0.07514059543609619, "lowlevel.spectral_energy.stdev": 0.0572713203728199, "lowlevel.spectral_energyband_high.mean": 0.0010820543393492699, "lowlevel.spectral_energyband_high.stdev": 0.0013282314175739884, "lowlevel.spectral_energyband_low.mean": 0.0458110049366951, "lowlevel.spectral_energyband_low.stdev": 0.055222347378730774, "lowlevel.spectral_energyband_middle_high.mean": 0.0025304616428911686, "lowlevel.spectral_energyband_middle_high.stdev": 0.0022626440040767193, "lowlevel.spectral_energyband_middle_low.mean": 0.027610141783952713, "lowlevel.spectral_energyband_middle_low.stdev": 0.014953909441828728, "lowlevel.spectral_entropy.mean": 7.503091335296631, "lowlevel.spectral_entropy.stdev": 0.3009466826915741, "lowlevel.spectral_flux.mean": 0.10288410633802414, "lowlevel.spectral_flux.stdev": 0.05656600371003151, "lowlevel.spectral_kurtosis.mean": 3.414179801940918, "lowlevel.spectral_kurtosis.stdev": 1.6642004251480103, "lowlevel.spectral_rms.mean": 0.008115487173199654, "lowlevel.spectral_rms.stdev": 0.002728888299316168, "lowlevel.spectral_rolloff.mean": 529.260986328125, "lowlevel.spectral_rolloff.stdev": 739.065673828125, "lowlevel.spectral_skewness.mean": 1.5434870719909668, "lowlevel.spectral_skewness.stdev": 0.4179683029651642, "lowlevel.spectral_spread.mean": 5845356.0, "lowlevel.spectral_spread.stdev": 1197274.0, "lowlevel.spectral_strongpeak.mean": 0.6962342858314514, "lowlevel.spectral_strongpeak.stdev": 0.7128269672393799, "lowlevel.zerocrossingrate.mean": 0.04276380315423012, "lowlevel.zerocrossingrate.stdev": 0.02391004003584385, "metadata.audio_properties.analysis.equal_loudness": 0.0, "metadata.audio_properties.analysis.length": 15.72265338897705, "metadata.audio_properties.analysis.sample_rate": 44100.0, "metadata.audio_properties.analysis.start_time": 0.0, "metadata.audio_properties.bit_rate": 117747.0, "metadata.audio_properties.length": 15.72266674041748, "metadata.audio_properties.lossless": 0.0, "metadata.audio_properties.number_channels": 1.0, "metadata.audio_properties.replay_gain": -8.183189392089844, "metadata.audio_properties.sample_rate": 48000.0, "rhythm.beats_count": 23.0, "rhythm.beats_loudness.mean": 0.07237344980239868, "rhythm.beats_loudness.stdev": 0.023561203852295876, "rhythm.bpm": 88.4235610961914, "rhythm.bpm_histogram_first_peak_bpm": 88.0, "rhythm.bpm_histogram_first_peak_weight": 0.13636362552642822, "rhythm.bpm_histogram_second_peak_bpm": 0.0, "rhythm.bpm_histogram_second_peak_spread": 0.0, "rhythm.bpm_histogram_second_peak_weight": 0.0, "rhythm.danceability": 2.2447001934051514, "rhythm.onset_rate": 3.3665480613708496, "tonal.chords_changes_rate": 0.061764705926179886, "tonal.chords_number_rate": 0.014705882407724857, "tonal.chords_strength.mean": 0.5403504371643066, "tonal.chords_strength.stdev": 0.08849841356277466, "tonal.hpcp_crest.mean": 16.1699161529541, "tonal.hpcp_crest.stdev": 6.655871868133545, "tonal.hpcp_entropy.mean": 1.6452629566192627, "tonal.hpcp_entropy.stdev": 0.6148644089698792, "tonal.key_edma.strength": 0.5581905841827393, "tonal.key_krumhansl.strength": 0.5759497880935669, "tonal.key_temperley.strength": 0.5990608930587769, "tonal.tuning_diatonic_strength": 0.5019600987434387, "tonal.tuning_equal_tempered_deviation": 0.2429712861776352, "tonal.tuning_frequency": 434.193115234375, "tonal.tuning_nontempered_energy_ratio": 0.987991988658905, "lowlevel.barkbands.mean": [0.006245065480470657, 0.03401898220181465, 0.0037904889322817326, 0.005570170935243368, 0.008942919783294201, 0.00703236972913146, 0.0016441711923107505, 0.0023265944328159094, 0.0018066437914967537, 0.00047191482735797763, 0.0007231156341731548, 0.0002245949290227145, 9.556945587974042e-05, 0.00017603042942937464, 0.00019046642410103232, 0.0001517605414846912, 0.00016588927246630192, 7.364644261542708e-05, 0.00029442907543852925, 0.0002275412844028324, 0.00028908983222208917, 0.00015659966447856277, 0.00020543872960843146, 0.00011671995162032545, 0.0001247412437805906, 7.301162258954719e-05, 2.6596935640554875e-06], "lowlevel.barkbands.stdev": [0.0038286324124783278, 0.05350645259022713, 0.006023802794516087, 0.006567062344402075, 0.007793998811393976, 0.006919440813362598, 0.002305873902514577, 0.002724597929045558, 0.0024684923700988293, 0.0007312294910661876, 0.0015425182646140456, 0.00027276607579551637, 0.00011788777192123234, 0.00030359323136508465, 0.0003684725088533014, 0.00017541264242026955, 0.00019365396292414516, 6.447845225920901e-05, 0.0003740092506632209, 0.0003135495644528419, 0.0005192285752855241, 0.00027886166935786605, 0.0003254031762480736, 0.00013368304644245654, 0.00013981091615278274, 9.07099456526339e-05, 5.996014351694612e-06], "lowlevel.erbbands.mean": [1.5762144327163696, 5.37213659286499, 4.653826713562012, 12.158113479614258, 18.105846405029297, 35.03514862060547, 78.70158386230469, 29.412181854248047, 16.486282348632812, 45.222801208496094, 54.87193298339844, 30.21843719482422, 16.095335006713867, 26.866247177124023, 14.620768547058105, 8.038768768310547, 5.382650375366211, 8.649407386779785, 8.062821388244629, 9.106452941894531, 8.735703468322754, 10.259942054748535, 4.644258499145508, 8.572738647460938, 15.998241424560547, 10.6007719039917, 13.737149238586426, 7.939965724945068, 5.461719036102295, 6.697570323944092, 5.231799125671387, 2.683018922805786, 1.9342422485351562, 1.4068857431411743, 0.8813227415084839, 0.3697372376918793, 0.1283634603023529, 0.017047325149178505, 0.00041822835919447243, 9.796140511753038e-05], "lowlevel.erbbands.stdev": [2.2901294231414795, 9.28143310546875, 6.17330265045166, 12.743124961853027, 26.813364028930664, 34.55463790893555, 63.20088195800781, 26.833248138427734, 18.86385726928711, 52.876625061035156, 59.24642562866211, 39.8585205078125, 25.991731643676758, 57.337825775146484, 23.188953399658203, 8.915929794311523, 5.748343467712402, 15.124773979187012, 12.46011734008789, 13.029935836791992, 8.937470436096191, 12.206271171569824, 4.0330352783203125, 9.985363960266113, 17.67316246032715, 14.764466285705566, 23.097198486328125, 14.233817100524902, 9.378836631774902, 11.806989669799805, 7.9947428703308105, 3.3998055458068848, 2.1485190391540527, 1.5732271671295166, 1.0386114120483398, 0.48615562915802, 0.16014963388442993, 0.02655031532049179, 0.0006181439384818077, 6.578563625225797e-05], "lowlevel.gfcc.mean": [42.83349609375, 92.53617095947266, -71.52195739746094, 41.02540969848633, -63.696014404296875, 11.391104698181152, -36.69540023803711, 17.49587631225586, -26.04225730895996, 10.798357963562012, -17.014379501342773, 5.291900634765625, -5.949314594268799], "lowlevel.melbands.mean": [0.011900906451046467, 0.0037636326160281897, 0.002315186196938157, 0.0017133093206211925, 0.002544631250202656, 0.0008205223712138832, 0.00027991837123408914, 0.0005066982703283429, 0.0005045373691245914, 0.00016262107237707824, 7.316232222365215e-05, 9.977929585147649e-05, 6.405883323168382e-05, 2.4380955437663943e-05, 2.0393201339174993e-05, 8.114311640383676e-06, 1.7872136595542543e-05, 1.1317517419229262e-05, 1.7284626665059477e-05, 1.0145207852474414e-05, 9.146432603301946e-06, 1.1511646334838588e-05, 5.528805104404455e-06, 3.1874333217274398e-06, 6.644018867518753e-06, 1.4099325198912993e-05, 8.786239050095901e-06, 6.434735951188486e-06, 8.166257430275436e-06, 8.068029273999855e-06, 3.524240810293122e-06, 2.8578190267580794e-06, 3.3407627597625833e-06, 4.0989962144522e-06, 3.3259188967349473e-06, 2.0832173959206557e-06, 1.467396486987127e-06, 1.384957386107999e-06, 1.220868853124557e-06, 1.1702973097271752e-06], "lowlevel.melbands.stdev": [0.01735159568488598, 0.004818265791982412, 0.002552883932366967, 0.001958908513188362, 0.0017415496986359358, 0.0007825556676834822, 0.0003705357084982097, 0.0006197441252879798, 0.0005983742885291576, 0.00021320806990843266, 0.0001293700624955818, 0.00021204655058681965, 0.00011582537990761921, 3.300031676189974e-05, 2.6992347557097673e-05, 1.1168922355864197e-05, 3.38755089615006e-05, 1.6951582438196056e-05, 3.497690340736881e-05, 1.256716041098116e-05, 9.799729014048353e-06, 1.432275621482404e-05, 5.97824873693753e-06, 2.8062056571798166e-06, 8.025217539398e-06, 2.0101670088479295e-05, 1.1792503755714279e-05, 9.647814295021817e-06, 1.3288962691149209e-05, 1.5666983017581515e-05, 6.5358644860680215e-06, 4.743575573229464e-06, 6.936779755051248e-06, 7.380871920759091e-06, 5.341142696124734e-06, 2.964173972941353e-06, 1.8528947975937626e-06, 1.6003034488676349e-06, 1.4227813380784937e-06, 1.3517250181394047e-06], "lowlevel.melbands128.mean": [0.005406946875154972, 0.014371633529663086, 0.015123117715120316, 0.006558782886713743, 0.0023655006662011147, 0.0018696961924433708, 0.002394079929217696, 0.00289520644582808, 0.0016259055119007826, 0.001201837556436658, 0.002085404470562935, 0.0022791593801230192, 0.0030888300389051437, 0.0026045606937259436, 0.0003933489497285336, 0.00013393518747761846, 0.00015140387404244393, 0.00026027316926047206, 0.0005551306530833244, 0.00046987656969577074, 0.0006227085250429809, 0.0001876078749774024, 0.000630487164016813, 0.0006844750023446977, 8.559667912777513e-05, 3.491300230962224e-05, 5.310770939104259e-05, 0.000120191129099112, 4.173217894276604e-05, 2.960156780318357e-05, 0.00017988304898608476, 0.00013540468353312463, 2.1139689124538563e-05, 4.855497172684409e-05, 3.009944521181751e-05, 1.377094849885907e-05, 1.7106347513617948e-05, 3.257473508710973e-05, 1.2346921721473336e-05, 7.346149686782155e-06, 8.525801604264416e-06, 5.734436854254454e-06, 2.050705188594293e-05, 2.437400326016359e-05, 1.0476588613528293e-05, 8.259405149146914e-06, 9.569639587425627e-06, 2.956843309220858e-05, 1.2363452697172761e-05, 6.916638540133135e-06, 9.595823030394968e-06, 1.4488132364931516e-05, 1.0632598787196912e-05, 6.265532192628598e-06, 7.031452696537599e-06, 1.6309466445818543e-05, 1.1198628271813504e-05, 5.067888650955865e-06, 4.466059181140736e-06, 3.904204731952632e-06, 2.5516767436783994e-06, 2.8451220259739785e-06, 4.710837856691796e-06, 6.255344487726688e-06, 1.1528823051776271e-05, 2.0027071514050476e-05, 1.0845568795048166e-05, 9.47228090808494e-06, 8.99741644388996e-06, 6.969209607632365e-06, 6.049883722880622e-06, 6.147358362795785e-06, 6.752275112376083e-06, 8.537897883797996e-06, 9.647243132349104e-06, 1.0511909749766346e-05, 6.240801667445339e-06, 3.654275587905431e-06, 3.315129106340464e-06, 3.2865309549379162e-06, 2.584754156487179e-06, 2.9244042707432527e-06, 2.8982462936255615e-06, 3.936177108698757e-06, 2.9687848837056663e-06, 3.555207968020113e-06, 4.795646418642718e-06, 4.448957952263299e-06, 3.361825974934618e-06, 2.426749006190221e-06, 2.358054643991636e-06, 2.0705654151242925e-06, 1.464211550228356e-06, 1.3510501730706892e-06, 1.5841175127206952e-06, 1.4291721299741766e-06, 1.3222021379988291e-06, 1.3344149465410737e-06, 1.1917952633666573e-06, 1.1409254057070939e-06, 1.2987277386855567e-06, 1.120862407333334e-06, 1.141379470936954e-06, 1.035240757119027e-06, 1.1253906677666237e-06, 9.196728001370502e-07, 7.503754204662982e-07, 7.387365030808724e-07, 6.192914270286565e-07, 5.451186098071048e-07, 4.950519496560446e-07, 4.2567626223899424e-07, 4.4355331851875235e-07, 3.589537413972721e-07, 2.804841017223225e-07, 1.5606430281422945e-07, 9.571802905838922e-08, 2.099956120105162e-08, 5.709741013326664e-10, 2.0577560488899138e-11, 2.352694428164881e-11, 1.3482362795635972e-11, 1.1362896734645744e-11, 1.1170640801250187e-11, 1.0945352263425079e-11, 1.0681647406862727e-11, 1.0522454435557549e-11, 1.0455555692068241e-11], "lowlevel.melbands128.stdev": [0.003281117184087634, 0.019276373088359833, 0.026958104223012924, 0.010892028920352459, 0.0033213309943675995, 0.0029313084669411182, 0.0027165361680090427, 0.003921366296708584, 0.002860419452190399, 0.0020401235669851303, 0.002568281488493085, 0.0019941478967666626, 0.0027571935206651688, 0.002835142193362117, 0.00042285394738428295, 0.00018844132137019187, 0.0002387658169027418, 0.0003914095286745578, 0.0009570887195877731, 0.0006268132128752768, 0.0010203050915151834, 0.00030400927062146366, 0.0008931268821470439, 0.0010080066276714206, 0.00020037557987961918, 9.238654456567019e-05, 8.75378682394512e-05, 0.00024984616902656853, 9.953272092388943e-05, 5.766581671196036e-05, 0.00044447617256082594, 0.00033142263418994844, 5.067023812443949e-05, 0.00011323478975100443, 5.502806743606925e-05, 2.5808634745771997e-05, 2.4770901291049086e-05, 5.479434912558645e-05, 1.9598930521169677e-05, 9.907830644806381e-06, 1.5964475096552633e-05, 1.387431075272616e-05, 4.552314567263238e-05, 5.494433571584523e-05, 2.0424822650966235e-05, 1.566501123306807e-05, 2.1704934624722227e-05, 7.717232074355707e-05, 2.0559104086714797e-05, 1.0229975487163756e-05, 1.6255471564363688e-05, 2.2666565200779587e-05, 1.3742078408540692e-05, 1.0234198271064088e-05, 9.518089427729137e-06, 2.4688170014997013e-05, 1.7893966287374496e-05, 8.739740223973058e-06, 4.907543825538596e-06, 4.388099569041515e-06, 2.6391164738015505e-06, 3.528436991473427e-06, 5.8768573580891825e-06, 7.436881332978373e-06, 2.1609886971418746e-05, 3.68899927707389e-05, 1.2764376151608303e-05, 1.3850026334694121e-05, 1.5192400496744085e-05, 1.346471890428802e-05, 1.0231635314994492e-05, 1.0382741493231151e-05, 1.0315290637663566e-05, 1.5415154848597012e-05, 2.1553145415964536e-05, 2.2741465727449395e-05, 1.210508435178781e-05, 7.1287558967014775e-06, 7.44175304134842e-06, 6.197585662448546e-06, 4.34266667070915e-06, 5.2793038776144385e-06, 5.654030246660113e-06, 1.0476246643520426e-05, 5.751058779424056e-06, 6.461334123741835e-06, 9.634572961658705e-06, 8.145339052134659e-06, 5.738622803619364e-06, 3.942447619920131e-06, 3.7061431612528395e-06, 3.212866431567818e-06, 2.0296179172873963e-06, 1.9367673758097226e-06, 2.158343477276503e-06, 1.831606141422526e-06, 1.6791440202723606e-06, 1.7070674402930308e-06, 1.5779544355609687e-06, 1.549146304569149e-06, 1.5275049918272998e-06, 1.4523142226607888e-06, 1.5251728200382786e-06, 1.2796330111086718e-06, 1.5307333569580805e-06, 1.3071021385258064e-06, 1.0011106041929452e-06, 1.0685261031539994e-06, 1.0110561561305076e-06, 8.77056663739495e-07, 7.20224306860473e-07, 5.794939852421521e-07, 5.64051106266561e-07, 5.604981083706662e-07, 5.169806058802351e-07, 2.722891565554164e-07, 2.101247531527406e-07, 6.859892920374477e-08, 5.38052224996477e-09, 2.156756301330276e-10, 2.961732803452577e-10, 5.123133514639555e-11, 1.7934596516222534e-11, 1.763473742033561e-11, 1.7387905351662347e-11, 1.7183072673065958e-11, 1.7039382058103847e-11, 1.6949859918402588e-11], "lowlevel.mfcc.mean": [-613.0834350585938, 125.0903091430664, 40.924835205078125, 34.68346405029297, 3.441680908203125, 1.2837775945663452, 2.710061550140381, 1.1112629175186157, 3.1008450984954834, 5.9390668869018555, -3.885486602783203, -1.0076614618301392, 5.319433689117432], "lowlevel.spectral_contrast_coeffs.mean": [-0.6790685653686523, -0.7248739004135132, -0.7676485776901245, -0.8154557347297668, -0.803155243396759, -0.774967610836029], "lowlevel.spectral_contrast_coeffs.stdev": [0.0693754330277443, 0.061427146196365356, 0.051880087703466415, 0.03418918326497078, 0.03480741009116173, 0.03447660058736801], "lowlevel.spectral_contrast_valleys.mean": [-5.740621566772461, -6.393423080444336, -7.419679641723633, -7.734474182128906, -7.365784645080566, -9.683425903320312], "lowlevel.spectral_contrast_valleys.stdev": [0.5880381464958191, 0.543229341506958, 0.5678619146347046, 0.5155298113822937, 0.522925078868866, 0.5948174595832825], "rhythm.beats_loudness_band_ratio.mean": [0.4973725378513336, 0.29112425446510315, 0.13452287018299103, 0.046479128301143646, 0.016363367438316345, 0.03175440430641174], "rhythm.beats_loudness_band_ratio.stdev": [0.19038400053977966, 0.15179239213466644, 0.09489511698484421, 0.04597773030400276, 0.010106355883181095, 0.018893156200647354], "tonal.hpcp.mean": [0.06276672333478928, 0.06577154248952866, 0.090680792927742, 0.22931866347789764, 0.27411437034606934, 0.1371554136276245, 0.05591270700097084, 0.03804958984255791, 0.08525089174509048, 0.3437218964099884, 0.4060640335083008, 0.17175209522247314, 0.09606102108955383, 0.07294324785470963, 0.030564991757273674, 0.05672147870063782, 0.07087981700897217, 0.07460668683052063, 0.3179849088191986, 0.3560260832309723, 0.09555987268686295, 0.016758063808083534, 0.019003229215741158, 0.03559107333421707, 0.15813441574573517, 0.1588066965341568, 0.03748829662799835, 0.01912880316376686, 0.012133903801441193, 0.01792423613369465, 0.09489374607801437, 0.11156842857599258, 0.05295267701148987, 0.04425068944692612, 0.055826932191848755, 0.0661783441901207], "tonal.hpcp.stdev": [0.1968103051185608, 0.2061188817024231, 0.24075157940387726, 0.30362486839294434, 0.3651370704174042, 0.24199163913726807, 0.1764829307794571, 0.13292670249938965, 0.16689348220825195, 0.3662933111190796, 0.40093883872032166, 0.2193807065486908, 0.24486732482910156, 0.20352166891098022, 0.1002618744969368, 0.13626918196678162, 0.15901567041873932, 0.13703247904777527, 0.3286573588848114, 0.3661256432533264, 0.12857258319854736, 0.07491599768400192, 0.10506896674633026, 0.13131557404994965, 0.28772562742233276, 0.29858043789863586, 0.11590004712343216, 0.11771676689386368, 0.08028405904769897, 0.06458864361047745, 0.15415224432945251, 0.18342748284339905, 0.1538815051317215, 0.14680522680282593, 0.16464361548423767, 0.2020956575870514], "rhythm.beats_position": [0.6269387602806091, 1.2887074947357178, 1.9504761695861816, 2.635464906692505, 3.320453405380249, 3.9938321113586426, 4.678820610046387, 5.363809585571289, 6.0371880531311035, 6.722176551818848, 7.40716552734375, 8.092154502868652, 8.777142524719238, 9.450521469116211, 10.147119522094727, 10.8204984664917, 11.493877410888672, 12.167256355285645, 12.8406343460083, 13.514013290405273, 14.187392234802246, 14.872380256652832, 15.557369232177734], "rhythm.bpm_histogram": [0.0, 0.0, 0.0, 0.0, 0.0, 0.0, 0.0, 0.0, 0.0, 0.0, 0.0, 0.0, 0.0, 0.0, 0.0, 0.0, 0.0, 0.0, 0.0, 0.0, 0.0, 0.0, 0.0, 0.0, 0.0, 0.0, 0.0, 0.0, 0.0, 0.0, 0.0, 0.0, 0.0, 0.0, 0.0, 0.0, 0.0, 0.0, 0.0, 0.0, 0.0, 0.0, 0.0, 0.0, 0.0, 0.0, 0.0, 0.0, 0.0, 0.0, 0.0, 0.0, 0.0, 0.0, 0.0, 0.0, 0.0, 0.0, 0.0, 0.0, 0.0, 0.0, 0.0, 0.0, 0.0, 0.0, 0.0, 0.0, 0.0, 0.0, 0.0, 0.0, 0.0, 0.0, 0.0, 0.0, 0.0, 0.0, 0.0, 0.0, 0.0, 0.0, 0.0, 0.0, 0.0, 0.0, 0.04545454680919647, 0.0, 0.4545454680919647, 0.40909090638160706, 0.0, 0.09090909361839294, 0.0, 0.0, 0.0, 0.0, 0.0, 0.0, 0.0, 0.0, 0.0, 0.0, 0.0, 0.0, 0.0, 0.0, 0.0, 0.0, 0.0, 0.0, 0.0, 0.0, 0.0, 0.0, 0.0, 0.0, 0.0, 0.0, 0.0, 0.0, 0.0, 0.0, 0.0, 0.0, 0.0, 0.0, 0.0, 0.0, 0.0, 0.0, 0.0, 0.0, 0.0, 0.0, 0.0, 0.0, 0.0, 0.0, 0.0, 0.0, 0.0, 0.0, 0.0, 0.0, 0.0, 0.0, 0.0, 0.0, 0.0, 0.0, 0.0, 0.0, 0.0, 0.0, 0.0, 0.0, 0.0, 0.0, 0.0, 0.0, 0.0, 0.0, 0.0, 0.0, 0.0, 0.0, 0.0, 0.0, 0.0, 0.0, 0.0, 0.0, 0.0, 0.0, 0.0, 0.0, 0.0, 0.0, 0.0, 0.0, 0.0, 0.0, 0.0, 0.0, 0.0, 0.0, 0.0, 0.0, 0.0, 0.0, 0.0, 0.0, 0.0, 0.0, 0.0, 0.0, 0.0, 0.0, 0.0, 0.0, 0.0, 0.0, 0.0, 0.0, 0.0, 0.0, 0.0, 0.0, 0.0, 0.0, 0.0, 0.0, 0.0, 0.0, 0.0, 0.0, 0.0, 0.0, 0.0, 0.0, 0.0, 0.0, 0.0, 0.0, 0.0, 0.0, 0.0, 0.0, 0.0, 0.0, 0.0, 0.0, 0.0, 0.0, 0.0, 0.0, 0.0, 0.0, 0.0, 0.0, 0.0, 0.0, 0.0, 0.0, 0.0, 0.0, 0.0, 0.0, 0.0, 0.0], "tonal.chords_histogram": [4.117647171020508, 0.0, 20.58823585510254, 0.0, 3.8235294818878174, 0.0, 0.0, 0.0, 0.0, 0.0, 0.0, 0.0, 0.0, 0.0, 0.0, 0.0, 0.0, 0.0, 0.0, 0.0, 0.0, 0.8823529481887817, 40.0, 30.58823585510254], "tonal.thpcp": [1.0, 0.4229680001735687, 0.2365661859512329, 0.17963483929634094, 0.0752713605761528, 0.13968604803085327, 0.1745533049106598, 0.1837313324213028, 0.7830905318260193, 0.8767732381820679, 0.23533202707767487, 0.041269510984420776, 0.04679860174655914, 0.0876489207148552, 0.38943222165107727, 0.3910878300666809, 0.09232114255428314, 0.04710784927010536, 0.02988174930214882, 0.04414140433073044, 0.23369158804416656, 0.2747557461261749, 0.1304047405719757, 0.10897465795278549, 0.13748307526111603, 0.16297514736652374, 0.154573455452919, 0.16197332739830017, 0.223316490650177, 0.5647352337837219, 0.6750521063804626, 0.33776795864105225, 0.1376943141222, 0.09370342642068863, 0.2099444568157196, 0.8464721441268921], "lowlevel.gfcc.cov": [[2579.58740234375, -36.04537582397461, 24.76784896850586, 40.02460861206055, -99.39525604248047, 53.06020736694336, 19.795297622680664, -4.922157287597656, -56.333213806152344, 8.480154991149902, -69.85661315917969, -13.88902759552002, -6.778802871704102], [-36.04537582397461, 454.14520263671875, -1.632470965385437, -150.2201385498047, 127.65559387207031, -3.256958484649658, 39.735477447509766, 54.34800338745117, 56.29973220825195, 16.27212142944336, 62.468162536621094, -27.404823303222656, 48.06629943847656], [24.76784896850586, -1.632470965385437, 201.02574157714844, 39.65940856933594, 15.306234359741211, 32.77927780151367, 0.07875657826662064, 13.479840278625488, 24.55236053466797, 8.683000564575195, 9.587075233459473, 25.852916717529297, -4.0232720375061035], [40.02460861206055, -150.2201385498047, 39.65940856933594, 251.3031463623047, -4.120938777923584, -27.43343162536621, 11.704928398132324, -25.118350982666016, -19.572805404663086, -22.261444091796875, -1.3184610605239868, 16.869831085205078, 2.527649402618408], [-99.39525604248047, 127.65559387207031, 15.306234359741211, -4.120938777923584, 171.2042999267578, -0.2636171281337738, 23.995803833007812, 39.077720642089844, 14.04461669921875, 1.8860114812850952, 23.703693389892578, -6.009312152862549, 29.861988067626953], [53.06020736694336, -3.256958484649658, 32.77927780151367, -27.43343162536621, -0.2636171281337738, 127.41175842285156, 9.278632164001465, -47.30656814575195, -5.997736930847168, 10.50125503540039, -15.17226791381836, -10.936473846435547, 17.569223403930664], [19.795297622680664, 39.735477447509766, 0.07875657826662064, 11.704928398132324, 23.995803833007812, 9.278632164001465, 80.40045928955078, 42.03266143798828, 12.577534675598145, 3.648653507232666, 15.302342414855957, 1.4620249271392822, 17.9761905670166], [-4.922157287597656, 54.34800338745117, 13.479840278625488, -25.118350982666016, 39.077720642089844, -47.30656814575195, 42.03266143798828, 139.24041748046875, 56.48023986816406, 9.405133247375488, 27.610092163085938, 12.045780181884766, 6.089346885681152], [-56.333213806152344, 56.29973220825195, 24.55236053466797, -19.572805404663086, 14.04461669921875, -5.997736930847168, 12.577534675598145, 56.48023986816406, 83.88746643066406, 39.55763626098633, 26.930583953857422, 3.6864266395568848, 4.61973237991333], [8.480154991149902, 16.27212142944336, 8.683000564575195, -22.261444091796875, 1.8860114812850952, 10.50125503540039, 3.648653507232666, 9.405133247375488, 39.55763626098633, 61.1075553894043, 25.843265533447266, -2.6583359241485596, -3.1376612186431885], [-69.85661315917969, 62.468162536621094, 9.587075233459473, -1.3184610605239868, 23.703693389892578, -15.17226791381836, 15.302342414855957, 27.610092163085938, 26.930583953857422, 25.843265533447266, 68.95209503173828, 23.479875564575195, 3.3822028636932373], [-13.88902759552002, -27.404823303222656, 25.852916717529297, 16.869831085205078, -6.009312152862549, -10.936473846435547, 1.4620249271392822, 12.045780181884766, 3.6864266395568848, -2.6583359241485596, 23.479875564575195, 49.37593460083008, 8.799571990966797], [-6.778802871704102, 48.06629943847656, -4.0232720375061035, 2.527649402618408, 29.861988067626953, 17.569223403930664, 17.9761905670166, 6.089346885681152, 4.61973237991333, -3.1376612186431885, 3.3822028636932373, 8.799571990966797, 60.5867805480957]], "lowlevel.gfcc.icov": [[0.00046450490481220186, -0.00046469009248539805, 4.920458741253242e-05, -0.00044516153866425157, 0.0004621612897608429, -0.0003978711902163923, 9.111844701692462e-05, -0.0007033827714622021, 0.0010401279432699084, -0.0010894923470914364, 0.001069633406586945, -0.0005549963098019361, 0.00025888075469993055], [-0.00046469009248539805, 0.007149481680244207, -0.0018068777862936258, 0.005039950832724571, -0.0030851534102112055, 0.0030984384939074516, -0.0024121864698827267, 0.003883004654198885, -0.00528753362596035, 0.006662060506641865, -0.008919420652091503, 0.008396751247346401, -0.005080144386738539], [4.920458741253242e-05, -0.0018068777862936258, 0.007272515445947647, -0.0027640783227980137, -0.00038864294765517116, -0.004065961576998234, 0.0018055324908345938, -0.002118172124028206, -0.000829077500384301, -0.0015808033058419824, 0.00328730302862823, -0.006608334369957447, 0.0038426669780164957], [-0.00044516153866425157, 0.005039950832724571, -0.0027640783227980137, 0.008630527183413506, -0.002262556692585349, 0.0047809770330786705, -0.004098236095160246, 0.005617666523903608, -0.004293922334909439, 0.006287360098212957, -0.0061660888604819775, 0.004998589400202036, -0.00394049659371376], [0.0004621612897608429, -0.0030851534102112055, -0.00038864294765517116, -0.002262556692585349, 0.009224966168403625, -0.0014840924413874745, 0.0011821778025478125, -0.004073170945048332, 0.0039066411554813385, -0.0021504738833755255, 0.000178139831405133, 0.0010213953210040927, -0.0020574601367115974], [-0.0003978711902163923, 0.0030984384939074516, -0.004065961576998234, 0.0047809770330786705, -0.0014840924413874745, 0.014687737450003624, -0.005888774525374174, 0.00870813149958849, -0.003611051244661212, 0.000957800424657762, -0.0014528174651786685, 0.005305752623826265, -0.005992416758090258], [9.111844701692462e-05, -0.0024121864698827267, 0.0018055324908345938, -0.004098236095160246, 0.0011821778025478125, -0.005888774525374174, 0.019618423655629158, -0.009732944890856743, 0.004867012146860361, -0.002604196546599269, -0.0010858625173568726, 0.00013831736578140408, -0.001968292985111475], [-0.0007033827714622021, 0.003883004654198885, -0.002118172124028206, 0.005617666523903608, -0.004073170945048332, 0.00870813149958849, -0.009732944890856743, 0.020035674795508385, -0.014609375037252903, 0.008966912515461445, -0.004649870563298464, 0.002057099249213934, -0.0016387158539146185], [0.0010401279432699084, -0.00528753362596035, -0.000829077500384301, -0.004293922334909439, 0.0039066411554813385, -0.003611051244661212, 0.004867012146860361, -0.014609375037252903, 0.03185057267546654, -0.02058829553425312, 0.004982082638889551, -0.0035588499158620834, 0.0003251725574955344], [-0.0010894923470914364, 0.006662060506641865, -0.0015808033058419824, 0.006287360098212957, -0.0021504738833755255, 0.000957800424657762, -0.002604196546599269, 0.008966912515461445, -0.02058829553425312, 0.03790658339858055, -0.019382935017347336, 0.013136012479662895, -0.0024137545842677355], [0.001069633406586945, -0.008919420652091503, 0.00328730302862823, -0.0061660888604819775, 0.000178139831405133, -0.0014528174651786685, -0.0010858625173568726, -0.004649870563298464, 0.004982082638889551, -0.019382935017347336, 0.03803379088640213, -0.024475354701280594, 0.008842309936881065], [-0.0005549963098019361, 0.008396751247346401, -0.006608334369957447, 0.004998589400202036, 0.0010213953210040927, 0.005305752623826265, 0.00013831736578140408, 0.002057099249213934, -0.0035588499158620834, 0.013136012479662895, -0.024475354701280594, 0.042318619787693024, -0.013489151373505592], [0.00025888075469993055, -0.005080144386738539, 0.0038426669780164957, -0.00394049659371376, -0.0020574601367115974, -0.005992416758090258, -0.001968292985111475, -0.0016387158539146185, 0.0003251725574955344, -0.0024137545842677355, 0.008842309936881065, -0.013489151373505592, 0.025800323113799095]], "lowlevel.mfcc.cov": [[1752.6337890625, -171.2379608154297, 52.419254302978516, 38.786197662353516, -83.12997436523438, 34.787044525146484, 6.826834201812744, -24.035722732543945, -2.209644317626953, 31.929574966430664, -79.03628540039062, -26.993778228759766, 15.353873252868652], [-171.2379608154297, 587.5487670898438, -96.37947845458984, -110.02684020996094, 77.87785339355469, -67.22370147705078, 44.255558013916016, 5.282412052154541, 42.375770568847656, 53.834617614746094, 55.149261474609375, 2.695362091064453, 11.064779281616211], [52.419254302978516, -96.37947845458984, 206.65855407714844, 11.718801498413086, -13.958906173706055, 43.5706787109375, -28.078750610351562, 13.900562286376953, -10.438425064086914, -17.9995059967041, 11.598967552185059, 13.454976081848145, -4.52340030670166], [38.786197662353516, -110.02684020996094, 11.718801498413086, 219.5958251953125, 26.694583892822266, -29.282222747802734, 15.668925285339355, 24.242225646972656, 0.11874136328697205, -28.53859519958496, 7.783069133758545, 37.279048919677734, 2.052804708480835], [-83.12997436523438, 77.87785339355469, -13.958906173706055, 26.694583892822266, 113.33349609375, 8.738816261291504, 16.4813232421875, 5.098949909210205, 10.791487693786621, 1.174959659576416, 10.771272659301758, -2.2423300743103027, 3.5512638092041016], [34.787044525146484, -67.22370147705078, 43.5706787109375, -29.282222747802734, 8.738816261291504, 158.58360290527344, 16.28860855102539, -33.39780807495117, -12.919885635375977, -8.362377166748047, -36.71052169799805, -33.30927658081055, 3.4842047691345215], [6.826834201812744, 44.255558013916016, -28.078750610351562, 15.668925285339355, 16.4813232421875, 16.28860855102539, 79.11241912841797, 21.649581909179688, 10.679443359375, 2.508788824081421, -10.319103240966797, -9.114582061767578, -4.426334857940674], [-24.035722732543945, 5.282412052154541, 13.900562286376953, 24.242225646972656, 5.098949909210205, -33.39780807495117, 21.649581909179688, 64.98795318603516, 22.010658264160156, -7.100642681121826, 9.50634479522705, 11.85244369506836, -4.069221496582031], [-2.209644317626953, 42.375770568847656, -10.438425064086914, 0.11874136328697205, 10.791487693786621, -12.919885635375977, 10.679443359375, 22.010658264160156, 71.34738159179688, 35.14533233642578, -0.5468195080757141, -11.9139986038208, 6.366005897521973], [31.929574966430664, 53.834617614746094, -17.9995059967041, -28.53859519958496, 1.174959659576416, -8.362377166748047, 2.508788824081421, -7.100642681121826, 35.14533233642578, 76.83960723876953, 15.353080749511719, -10.68360710144043, 9.614683151245117], [-79.03628540039062, 55.149261474609375, 11.598967552185059, 7.783069133758545, 10.771272659301758, -36.71052169799805, -10.319103240966797, 9.50634479522705, -0.5468195080757141, 15.353080749511719, 78.63463592529297, 41.04390335083008, 3.9253361225128174], [-26.993778228759766, 2.695362091064453, 13.454976081848145, 37.279048919677734, -2.2423300743103027, -33.30927658081055, -9.114582061767578, 11.85244369506836, -11.9139986038208, -10.68360710144043, 41.04390335083008, 75.52503204345703, 15.26114273071289], [15.353873252868652, 11.064779281616211, -4.52340030670166, 2.052804708480835, 3.5512638092041016, 3.4842047691345215, -4.426334857940674, -4.069221496582031, 6.366005897521973, 9.614683151245117, 3.9253361225128174, 15.26114273071289, 52.13181686401367]], "lowlevel.mfcc.icov": [[0.0006583296344615519, 6.101223698351532e-05, -0.0002645010536070913, -0.000211842154385522, 0.0003876293485518545, 0.00012246797268744558, -0.00023157155374065042, 0.00021974596893414855, 0.00021696028125006706, -0.0006651599542237818, 0.0008025240967981517, -6.704805855406448e-05, -0.00020316732116043568], [6.101223698351532e-05, 0.003069845959544182, 0.00041445199167355895, 0.0021087550558149815, -0.0020708683878183365, 0.001704846159555018, -0.0024009107146412134, 0.0014269502134993672, -0.0012657843763008714, 6.395443779183552e-05, -0.0016483637737110257, -0.00023009994765743613, -0.0004477017791941762], [-0.0002645010536070913, 0.00041445199167355895, 0.006942985113710165, -0.0002156179689336568, 0.00047386245569214225, -0.0036107683554291725, 0.0037507337983697653, -0.004241356626152992, 0.00031766737811267376, 0.0005191105301491916, -0.002129458589479327, -0.000622298801317811, 0.0010052809957414865], [-0.000211842154385522, 0.0021087550558149815, -0.0002156179689336568, 0.007268628571182489, -0.003008785890415311, 0.0022702894639223814, -0.0029940910171717405, 0.0009813555516302586, -0.001912671490572393, 0.0022241987753659487, -0.00021163401834201068, -0.0031660436652600765, -4.837885353481397e-05], [0.0003876293485518545, -0.0020708683878183365, 0.00047386245569214225, -0.003008785890415311, 0.011796153150498867, -0.0024359130766242743, 0.00017478186055086553, -0.0007500564097426832, -0.0007036951719783247, 0.0008582366863265634, -0.0018525720806792378, 0.0022020447067916393, -0.000776996195781976], [0.00012246797268744558, 0.001704846159555018, -0.0036107683554291725, 0.0022702894639223814, -0.0024359130766242743, 0.011826721020042896, -0.006322881672531366, 0.007737741805613041, -0.0006083736661821604, 0.0014624566538259387, 0.0020284263882786036, 0.0021525465417653322, -0.002336289035156369], [-0.00023157155374065042, -0.0024009107146412134, 0.0037507337983697653, -0.0029940910171717405, 0.00017478186055086553, -0.006322881672531366, 0.020469773560762405, -0.01102492306381464, 0.0023113915231078863, -0.0025720014236867428, 0.0023905469570308924, 0.0004913451848551631, 0.0021775304339826107], [0.00021974596893414855, 0.0014269502134993672, -0.004241356626152992, 0.0009813555516302586, -0.0007500564097426832, 0.007737741805613041, -0.01102492306381464, 0.028924284502863884, -0.011255948804318905, 0.007323946338146925, -0.0019781021401286125, -0.002015696605667472, 0.0008441087557002902], [0.00021696028125006706, -0.0012657843763008714, 0.00031766737811267376, -0.001912671490572393, -0.0007036951719783247, -0.0006083736661821604, 0.0023113915231078863, -0.011255948804318905, 0.024825239554047585, -0.012319459579885006, 0.0036226713564246893, 0.0034410746302455664, -0.0023256505373865366], [-0.0006651599542237818, 6.395443779183552e-05, 0.0005191105301491916, 0.0022241987753659487, 0.0008582366863265634, 0.0014624566538259387, -0.0025720014236867428, 0.007323946338146925, -0.012319459579885006, 0.023423723876476288, -0.0084554273635149, 0.004376636818051338, -0.0031233455520123243], [0.0008025240967981517, -0.0016483637737110257, -0.002129458589479327, -0.00021163401834201068, -0.0018525720806792378, 0.0020284263882786036, 0.0023905469570308924, -0.0019781021401286125, 0.0036226713564246893, -0.0084554273635149, 0.02477211505174637, -0.012396232225000858, 0.002856961917132139], [-6.704805855406448e-05, -0.00023009994765743613, -0.000622298801317811, -0.0031660436652600765, 0.0022020447067916393, 0.0021525465417653322, 0.0004913451848551631, -0.002015696605667472, 0.0034410746302455664, 0.004376636818051338, -0.012396232225000858, 0.025829417631030083, -0.008125565946102142], [-0.00020316732116043568, -0.0004477017791941762, 0.0010052809957414865, -4.837885353481397e-05, -0.000776996195781976, -0.002336289035156369, 0.0021775304339826107, 0.0008441087557002902, -0.0023256505373865366, -0.0031233455520123243, 0.002856961917132139, -0.008125565946102142, 0.022909589111804962]], "metadata.audio_properties.analysis.downmix": "mix", "metadata.audio_properties.codec": "mp3", "metadata.audio_properties.md5_encoded": "afc1a9bb66273bf96b3ddb29b53f76f2", "metadata.tags.file_name": "1183691713815007303.mp3", "metadata.version.essentia": "2.1-beta6-dev", "metadata.version.essentia_git_sha": "v2.1_beta5-1110-g77a6a954", "metadata.version.extractor": "music 2.0", "tonal.chords_key": "Ab", "tonal.chords_scale": "major", "tonal.key_edma.key": "Eb", "tonal.key_edma.scale": "major", "tonal.key_krumhansl.key": "Eb", "tonal.key_krumhansl.scale": "major", "tonal.key_temperley.key": "Eb", "tonal.key_temperley.scale": "major", "metadata.tags.encoding": ["Lavf58.45.100"]}, "essentia_models": [{"model_name": "genre_dortmund", "activations": {"alternative": "0.10893617", "blues": "0.0011589729", "electronic": "0.13945058", "folkcountry": "0.006021286", "funksoulrnb": "0.006334543", "jazz": "0.07734068", "pop": "0.31959954", "raphiphop": "0.0021144946", "rock": "0.030601928"}}, {"model_name": "genre_rosamerica", "activations": {"classic": "0.006042176", "dance": "0.0058677383", "hip hop": "0.0026802942", "jazz": "0.037172593", "pop": "0.75069624", "rhythm and blues": "0.02363621", "rock": "0.06081308", "speech": "0.0010851009"}}, {"model_name": "genre_tzanetakis", "activations": {"blues": "0.0040742196", "classic": "0.0061176955", "country": "0.0024438729", "disco": "0.013701931", "hip hop": "0.0018192821", "jazz": "0.03416434", "metal": "0.04884183", "pop": "0.5444339", "reggae": "0.0007595762", "rock": "0.60458744"}}, {"model_name": "genre_electronic", "activations": {"ambient": "0.5327051", "dnb": "0.362187",