{"song_id": "1183707739931815967", "download": "https://cdn.discordapp.com/attachments/1135903449314238464/1183707739931815967/chirp.mp4?ex=658950bd&amp", "lyrics": "[Verse]\nLost in thoughts, my mind's entwined\nConflicting notions, I can't define\nBeliefs clashing, a constant fight\nCognitive dissonance, blurring the light\n\n[Chorus]\nIn this paradox that I hold so tight\nCognitive dissonance, my soul takes flight", "style": ["hip hop</span><span>, middle eastern</span><span>, rap"], "essentia_features": {"lowlevel.average_loudness": 0.9806434512138367, "lowlevel.barkbands_crest.mean": 15.316311836242676, "lowlevel.barkbands_crest.stdev": 6.534427642822266, "lowlevel.barkbands_flatness_db.mean": 0.2594640254974365, "lowlevel.barkbands_flatness_db.stdev": 0.11970215290784836, "lowlevel.barkbands_kurtosis.mean": 123.57194519042969, "lowlevel.barkbands_kurtosis.stdev": 179.42153930664062, "lowlevel.barkbands_skewness.mean": 6.837286949157715, "lowlevel.barkbands_skewness.stdev": 6.05231237411499, "lowlevel.barkbands_spread.mean": 15.136685371398926, "lowlevel.barkbands_spread.stdev": 22.57581329345703, "lowlevel.dissonance.mean": 0.46995702385902405, "lowlevel.dissonance.stdev": 0.02489873394370079, "lowlevel.dynamic_complexity": 3.3263649940490723, "lowlevel.erbbands_crest.mean": 9.24242877960205, "lowlevel.erbbands_crest.stdev": 4.547726154327393, "lowlevel.erbbands_flatness_db.mean": 0.12435990571975708, "lowlevel.erbbands_flatness_db.stdev": 0.036441609263420105, "lowlevel.erbbands_kurtosis.mean": 0.5865341424942017, "lowlevel.erbbands_kurtosis.stdev": 2.5662896633148193, "lowlevel.erbbands_skewness.mean": 0.2133447229862213, "lowlevel.erbbands_skewness.stdev": 1.1264714002609253, "lowlevel.erbbands_spread.mean": 65.7219467163086, "lowlevel.erbbands_spread.stdev": 30.119873046875, "lowlevel.hfc.mean": 25.835851669311523, "lowlevel.hfc.stdev": 35.3304557800293, "lowlevel.loudness_ebu128.integrated": -13.410622596740723, "lowlevel.loudness_ebu128.loudness_range": 1.0313100814819336, "lowlevel.loudness_ebu128.momentary.mean": -14.01487922668457, "lowlevel.loudness_ebu128.momentary.stdev": 2.4934585094451904, "lowlevel.loudness_ebu128.short_term.mean": -13.447334289550781, "lowlevel.loudness_ebu128.short_term.stdev": 0.38093301653862, "lowlevel.melbands_crest.mean": 27.678356170654297, "lowlevel.melbands_crest.stdev": 10.962226867675781, "lowlevel.melbands_flatness_db.mean": 0.32783448696136475, "lowlevel.melbands_flatness_db.stdev": 0.1610850989818573, "lowlevel.melbands_kurtosis.mean": 339.490966796875, "lowlevel.melbands_kurtosis.stdev": 460.74249267578125, "lowlevel.melbands_skewness.mean": 11.459190368652344, "lowlevel.melbands_skewness.stdev": 9.109506607055664, "lowlevel.melbands_spread.mean": 24.430700302124023, "lowlevel.melbands_spread.stdev": 45.98487854003906, "lowlevel.pitch_salience.mean": 0.2948066294193268, "lowlevel.pitch_salience.stdev": 0.251168817281723, "lowlevel.silence_rate_20dB.mean": 0.882472813129425, "lowlevel.silence_rate_20dB.stdev": 0.3220447897911072, "lowlevel.silence_rate_30dB.mean": 0.38858696818351746, "lowlevel.silence_rate_30dB.stdev": 0.48743095993995667, "lowlevel.silence_rate_60dB.mean": 0.08152174204587936, "lowlevel.silence_rate_60dB.stdev": 0.2736339569091797, "lowlevel.spectral_centroid.mean": 1505.826904296875, "lowlevel.spectral_centroid.stdev": 1241.4830322265625, "lowlevel.spectral_complexity.mean": 9.72486400604248, "lowlevel.spectral_complexity.stdev": 9.94713020324707, "lowlevel.spectral_decrease.mean": -4.283121057824246e-08, "lowlevel.spectral_decrease.stdev": 3.7950307785195037e-08, "lowlevel.spectral_energy.mean": 0.16399812698364258, "lowlevel.spectral_energy.stdev": 0.14303474128246307, "lowlevel.spectral_energyband_high.mean": 0.0018540981691330671, "lowlevel.spectral_energyband_high.stdev": 0.004330774769186974, "lowlevel.spectral_energyband_low.mean": 0.15177299082279205, "lowlevel.spectral_energyband_low.stdev": 0.1424451768398285, "lowlevel.spectral_energyband_middle_high.mean": 0.001418938161805272, "lowlevel.spectral_energyband_middle_high.stdev": 0.002543335547670722, "lowlevel.spectral_energyband_middle_low.mean": 0.007517183665186167, "lowlevel.spectral_energyband_middle_low.stdev": 0.019024724140763283, "lowlevel.spectral_entropy.mean": 7.819506645202637, "lowlevel.spectral_entropy.stdev": 0.47762107849121094, "lowlevel.spectral_flux.mean": 0.1512516736984253, "lowlevel.spectral_flux.stdev": 0.1299481838941574, "lowlevel.spectral_kurtosis.mean": 2.4985313415527344, "lowlevel.spectral_kurtosis.stdev": 1.9055200815200806, "lowlevel.spectral_rms.mean": 0.010847329162061214, "lowlevel.spectral_rms.stdev": 0.006506413221359253, "lowlevel.spectral_rolloff.mean": 1901.3675537109375, "lowlevel.spectral_rolloff.stdev": 3443.66455078125, "lowlevel.spectral_skewness.mean": 1.2232972383499146, "lowlevel.spectral_skewness.stdev": 0.40529903769493103, "lowlevel.spectral_spread.mean": 6159075.0, "lowlevel.spectral_spread.stdev": 1585724.125, "lowlevel.spectral_strongpeak.mean": 0.7937064170837402, "lowlevel.spectral_strongpeak.stdev": 0.6413382291793823, "lowlevel.zerocrossingrate.mean": 0.06738447397947311, "lowlevel.zerocrossingrate.stdev": 0.10307107865810394, "metadata.audio_properties.analysis.equal_loudness": 0.0, "metadata.audio_properties.analysis.length": 34.15464782714844, "metadata.audio_properties.analysis.sample_rate": 44100.0, "metadata.audio_properties.analysis.start_time": 0.0, "metadata.audio_properties.bit_rate": 123756.0, "metadata.audio_properties.length": 34.154666900634766, "metadata.audio_properties.lossless": 0.0, "metadata.audio_properties.number_channels": 1.0, "metadata.audio_properties.replay_gain": -10.478906631469727, "metadata.audio_properties.sample_rate": 48000.0, "rhythm.beats_count": 54.0, "rhythm.beats_loudness.mean": 0.11737353354692459, "rhythm.beats_loudness.stdev": 0.090909942984581, "rhythm.bpm": 96.9603271484375, "rhythm.bpm_histogram_first_peak_bpm": 98.0, "rhythm.bpm_histogram_first_peak_weight": 0.36734694242477417, "rhythm.bpm_histogram_second_peak_bpm": 88.0, "rhythm.bpm_histogram_second_peak_spread": 0.25, "rhythm.bpm_histogram_second_peak_weight": 0.056603774428367615, "rhythm.danceability": 1.5754601955413818, "rhythm.onset_rate": 5.589999198913574, "tonal.chords_changes_rate": 0.04613297060132027, "tonal.chords_number_rate": 0.00949796475470066, "tonal.chords_strength.mean": 0.5440245866775513, "tonal.chords_strength.stdev": 0.0900336429476738, "tonal.hpcp_crest.mean": 14.386466979980469, "tonal.hpcp_crest.stdev": 7.124251365661621, "tonal.hpcp_entropy.mean": 1.9702095985412598, "tonal.hpcp_entropy.stdev": 0.8815433382987976, "tonal.key_edma.strength": 0.653509259223938, "tonal.key_krumhansl.strength": 0.6504315733909607, "tonal.key_temperley.strength": 0.6384645700454712, "tonal.tuning_diatonic_strength": 0.5691665410995483, "tonal.tuning_equal_tempered_deviation": 0.22821219265460968, "tonal.tuning_frequency": 434.193115234375, "tonal.tuning_nontempered_energy_ratio": 0.95196932554245, "lowlevel.barkbands.mean": [0.03546423092484474, 0.11256355792284012, 0.005210333038121462, 0.002875345526263118, 0.0023252360988408327, 0.0011198525317013264, 0.00031798548297956586, 0.00025282552815042436, 0.0005708066746592522, 0.00020227111235726625, 0.00018204592925030738, 0.00013129481521900743, 0.0001066105323843658, 0.00011016916687367484, 0.00010773325629997998, 0.00010716123506426811, 0.0001185525834443979, 0.00013832120748702437, 0.00014588989142794162, 0.00018929036741610616, 0.00025311484932899475, 0.0003705632407218218, 0.0004201615520287305, 0.00040851198718883097, 0.00017642886086832732, 0.00012354963109828532, 6.355395271384623e-06], "lowlevel.barkbands.stdev": [0.04144279658794403, 0.12400167435407639, 0.018674073740839958, 0.010934959165751934, 0.0057307337410748005, 0.0028682993724942207, 0.001090219127945602, 0.0006205469835549593, 0.0009947102516889572, 0.000558523170184344, 0.0004062800435349345, 0.00030945168691687286, 0.0002121612342307344, 0.00020163538283668458, 0.00021778598602395505, 0.00025117796030826867, 0.00027596933068707585, 0.0003131947887595743, 0.0003587733372114599, 0.00043926891521550715, 0.0006507442449219525, 0.0010147179709747434, 0.0010574787156656384, 0.0009790703188627958, 0.0004021854547318071, 0.0002535372623242438, 1.3999276234244462e-05], "lowlevel.erbbands.mean": [6.415226936340332, 12.855164527893066, 7.19723653793335, 9.005902290344238, 7.730053901672363, 9.424184799194336, 6.281882286071777, 10.432093620300293, 5.130126953125, 5.778904914855957, 5.174107551574707, 14.480669975280762, 7.669789791107178, 8.697056770324707, 5.4701433181762695, 5.308769226074219, 5.012843608856201, 5.627215385437012, 5.663008213043213, 5.744786739349365, 5.989420413970947, 6.941769599914551, 7.181347846984863, 7.7654128074646, 7.878115653991699, 8.883013725280762, 9.451705932617188, 10.45668888092041, 14.173918724060059, 11.829586029052734, 12.018293380737305, 11.011787414550781, 5.054239749908447, 2.2546160221099854, 1.0936387777328491, 0.6302267909049988, 0.20183812081813812, 0.0341736376285553, 0.0008613665704615414, 0.00020618991402443498], "lowlevel.erbbands.stdev": [6.947812080383301, 17.808664321899414, 19.0052547454834, 32.84585189819336, 24.94890022277832, 20.686716079711914, 17.4390811920166, 26.4179744720459, 17.331356048583984, 15.058418273925781, 12.90366268157959, 25.652435302734375, 17.673660278320312, 22.299942016601562, 11.255379676818848, 12.034975051879883, 9.766940116882324, 9.773883819580078, 11.389041900634766, 11.838533401489258, 13.616106033325195, 16.766742706298828, 16.00773811340332, 17.813217163085938, 19.398170471191406, 20.497413635253906, 24.751785278320312, 26.548906326293945, 39.64841079711914, 31.390483856201172, 30.604251861572266, 26.2669620513916, 12.71782398223877, 5.357151985168457, 2.3944222927093506, 1.3039569854736328, 0.4105239510536194, 0.07579603046178818, 0.0016091488068923354, 0.00014728063251823187], "lowlevel.gfcc.mean": [-27.93817710876465, 50.053382873535156, -78.91321563720703, 45.36801528930664, -48.7285041809082, 23.770191192626953, -24.127887725830078, 15.680559158325195, -16.583696365356445, 5.565804958343506, -12.5668363571167, 7.14344596862793, -4.831478595733643], "lowlevel.melbands.mean": [0.04407821595668793, 0.0072259013541042805, 0.001485649379901588, 0.0005969601916149259, 0.00025452376576140523, 0.0002216933062300086, 7.528228888986632e-05, 6.242968811420724e-05, 4.165436257608235e-05, 9.66916122706607e-05, 3.566150917322375e-05, 3.4645610867301e-05, 1.971635538211558e-05, 1.5068995708134025e-05, 1.1691520739987027e-05, 1.1345104212523438e-05, 1.0405289685877506e-05, 9.192756806442048e-06, 7.986694072315004e-06, 7.638270290044602e-06, 6.816178483859403e-06, 7.275547432072926e-06, 6.344324447127292e-06, 6.624771231145132e-06, 6.2572103161073755e-06, 5.44630347576458e-06, 6.276809926930582e-06, 5.693475486623356e-06, 5.636152309307363e-06, 6.101490725995973e-06, 5.990833869873313e-06, 8.162543963408098e-06, 7.0684759521100204e-06, 6.56743304716656e-06, 6.566113825101638e-06, 7.575244126201142e-06, 6.411849881260423e-06, 3.891178494086489e-06, 2.322993850611965e-06, 1.744870814945898e-06], "lowlevel.melbands.stdev": [0.045778192579746246, 0.010895159095525742, 0.005227349698543549, 0.0014642684254795313, 0.0006330179749056697, 0.0005658311420120299, 0.0002548772899899632, 0.00015926279593259096, 0.00011019850353477523, 0.00017217376444023103, 8.685405919095501e-05, 9.01923849596642e-05, 4.237351822666824e-05, 3.525563079165295e-05, 2.686388324946165e-05, 2.1026617105235346e-05, 1.8592529158922844e-05, 1.9058135876548477e-05, 1.683696791587863e-05, 1.790021087799687e-05, 1.5960598830133677e-05, 1.8228276530862786e-05, 1.4302640011010226e-05, 1.5254774552886374e-05, 1.478695139667252e-05, 1.3718781701754779e-05, 1.4769984773010947e-05, 1.3507173207472079e-05, 1.523861283203587e-05, 1.6141417290782556e-05, 1.543831967865117e-05, 2.3157701434683986e-05, 1.9681432604556903e-05, 1.730499388941098e-05, 1.714866448310204e-05, 1.9224160496378317e-05, 1.5203622751869261e-05, 1.0013340215664357e-05, 5.926734502281761e-06, 4.1522516767145135e-06], "lowlevel.melbands128.mean": [0.0322367399930954, 0.06565707921981812, 0.043167926371097565, 0.01455539558082819, 0.003933438565582037, 0.0025302853900939226, 0.0019362954190000892, 0.0012500633019953966, 0.0006664073443971574, 0.000586299691349268, 0.000604073575232178, 0.00022033332788851112, 0.00017502158880233765, 0.00024619934265501797, 0.00030335880001075566, 0.0001641076523810625, 7.896084571257234e-05, 6.290476449066773e-05, 6.498675793409348e-05, 6.477769784396514e-05, 6.912784738233313e-05, 3.0279019483714364e-05, 4.25105172325857e-05, 4.2731331632239744e-05, 9.191457502311096e-05, 0.0001487061963416636, 3.3550055377418175e-05, 2.6853324015974067e-05, 2.5395820557605475e-05, 3.4269025491084903e-05, 4.248005279805511e-05, 3.004491918545682e-05, 1.3102842785883695e-05, 1.7554459191160277e-05, 1.508331570221344e-05, 1.4253336303227115e-05, 1.4553211258316878e-05, 1.2986294677830301e-05, 8.481956683681346e-06, 1.0756089068308938e-05, 1.3788214346277528e-05, 8.907804840418976e-06, 9.517528269498143e-06, 1.235290983458981e-05, 9.739859706314746e-06, 9.025944564200472e-06, 7.698313311266247e-06, 8.48058880364988e-06, 8.05304716777755e-06, 6.790801762690535e-06, 8.557733053748962e-06, 7.366560566879343e-06, 6.153744379844284e-06, 7.32958778826287e-06, 6.369420589180663e-06, 7.930387255328242e-06, 7.405878932331689e-06, 5.838794550072635e-06, 6.316672624961939e-06, 6.683290848741308e-06, 5.81291169510223e-06, 7.75645185058238e-06, 6.64120625515352e-06, 5.8095679378311615e-06, 5.410884114098735e-06, 5.57228349862271e-06, 5.230194346950157e-06, 5.6854232752812095e-06, 6.966889941395493e-06, 6.6219349719176535e-06, 5.409887762652943e-06, 5.473408691614168e-06, 5.328284260031069e-06, 5.796119694423396e-06, 5.580334800470155e-06, 6.559356279467465e-06, 6.360829956975067e-06, 5.072428848507116e-06, 6.41542374069104e-06, 5.756202881457284e-06, 8.172254638338927e-06, 9.407051038579084e-06, 7.989991900103632e-06, 7.146114057832165e-06, 5.80442701902939e-06, 6.178123840072658e-06, 7.116808319551637e-06, 6.727135314577026e-06, 5.857881660631392e-06, 7.066154012136394e-06, 7.55877135816263e-06, 7.785527486703359e-06, 7.626684237038717e-06, 6.627114089496899e-06, 5.60021589990356e-06, 4.80364496979746e-06, 3.4285883430129616e-06, 2.662840415723622e-06, 2.424341118967277e-06, 2.1542819013120607e-06, 1.7819726281231851e-06, 1.8400909311822033e-06, 1.4887754105075146e-06, 1.0485658776815399e-06, 1.0786834536702372e-06, 1.2417156085575698e-06, 1.387696784149739e-06, 1.197399569718982e-06, 1.1187620430064271e-06, 1.022988044496742e-06, 8.447033792435832e-07, 6.817057283114991e-07, 5.976345960334584e-07, 5.788980388388154e-07, 4.2669884692259075e-07, 4.022445807549957e-07, 2.3878843080638035e-07, 4.799643704700429e-08, 9.572854731132452e-10, 2.712403565641175e-11, 2.6257022597842017e-11, 2.5641261683362337e-11, 2.493462034069971e-11, 2.441613751458238e-11, 2.3846993824072626e-11, 2.3275426724866932e-11, 2.295111496686264e-11, 2.2809240607379877e-11], "lowlevel.melbands128.stdev": [0.03725118190050125, 0.07136917114257812, 0.05525641515851021, 0.021526804193854332, 0.010331540368497372, 0.009241183288395405, 0.007478881627321243, 0.004648794420063496, 0.0023409149143844843, 0.0014165474567562342, 0.0012969570234417915, 0.0007138819782994688, 0.0005916540394537151, 0.0006761241238564253, 0.0007518452475778759, 0.000502454990055412, 0.0003144789079669863, 0.00024077481066342443, 0.00021103574545122683, 0.00017966344603337348, 0.00017797980399336666, 9.855516691459343e-05, 0.0001411583652952686, 0.0001272056979360059, 0.00017745500372257084, 0.000280439795460552, 0.0001134948106482625, 9.990921535063535e-05, 7.278953125933185e-05, 0.00010415389988338575, 0.0001280825090361759, 7.79413603595458e-05, 3.957704393542372e-05, 3.865518010570668e-05, 4.827913289773278e-05, 3.649039354058914e-05, 4.126855492359027e-05, 3.2220486900769174e-05, 2.4500304789398797e-05, 2.3884509573690593e-05, 2.5659630409791134e-05, 2.082282298943028e-05, 1.9737477487069555e-05, 2.4246952307294123e-05, 2.3424980099662207e-05, 2.3577289539389312e-05, 1.7982642020797357e-05, 2.3326645532506518e-05, 1.805484680517111e-05, 1.6339563444489613e-05, 2.322001091670245e-05, 1.967114985745866e-05, 1.6489249901496805e-05, 1.9242217604187317e-05, 1.5969761079759337e-05, 2.473476888553705e-05, 2.0148116163909435e-05, 1.4508798813039903e-05, 1.621648516447749e-05, 1.6359868823201396e-05, 1.529748988104984e-05, 1.8878905393648893e-05, 1.719925603538286e-05, 1.5582974810968153e-05, 1.3519987078325357e-05, 1.4190263755153865e-05, 1.7847931303549558e-05, 1.5634755982318893e-05, 1.701725341263227e-05, 1.5296573110390455e-05, 1.431013697583694e-05, 1.4173706404108088e-05, 1.5392570276162587e-05, 1.706816146906931e-05, 1.6957055777311325e-05, 1.942475682881195e-05, 1.68248461704934e-05, 1.4850488696538378e-05, 1.7163594748126343e-05, 1.6590272934990935e-05, 2.35044390137773e-05, 3.057950016227551e-05, 2.563662565080449e-05, 2.0063022020622157e-05, 1.7178104826598428e-05, 1.951444210135378e-05, 1.812276605051011e-05, 1.750774754327722e-05, 1.7349288100376725e-05, 1.988792973861564e-05, 2.092899194394704e-05, 2.1911566363996826e-05, 1.8442889995640144e-05, 1.6523765225429088e-05, 1.403568239766173e-05, 1.2617244465218391e-05, 9.81998073257273e-06, 8.127546607283875e-06, 6.547997145389672e-06, 5.8100968090002425e-06, 4.581216671795119e-06, 4.449215794011252e-06, 3.930788807338104e-06, 2.6896818781096954e-06, 2.6944030651065987e-06, 2.7737626169255236e-06, 3.296698878330062e-06, 2.8391682462824974e-06, 2.3837042135710362e-06, 2.229938445452717e-06, 1.9801232156169135e-06, 1.4720453691552393e-06, 1.3204222568674595e-06, 1.2804339348804206e-06, 1.1215465747227427e-06, 1.1271515631960938e-06, 5.449630293696828e-07, 1.286090451912969e-07, 1.2822676254131693e-08, 4.09340616958076e-11, 3.906129239505951e-11, 3.755089988954907e-11, 3.624055222584133e-11, 3.512993368426365e-11, 3.401449261142275e-11, 3.328599548768629e-11, 3.297037295957317e-11, 3.279552324153556e-11], "lowlevel.mfcc.mean": [-681.8619384765625, 86.33618927001953, 27.696331024169922, 31.73114776611328, 10.340802192687988, 15.33175277709961, 8.279709815979004, 14.599385261535645, 5.506438732147217, 9.501331329345703, 0.9856362342834473, 1.8557072877883911, -3.413268804550171], "lowlevel.spectral_contrast_coeffs.mean": [-0.6738748550415039, -0.7767742872238159, -0.7967666387557983, -0.8382127285003662, -0.8203004598617554, -0.757663369178772], "lowlevel.spectral_contrast_coeffs.stdev": [0.10108370333909988, 0.07489155232906342, 0.06317100673913956, 0.03156210109591484, 0.02917233668267727, 0.036547549068927765], "lowlevel.spectral_contrast_valleys.mean": [-7.407197952270508, -7.636890411376953, -8.058067321777344, -8.122298240661621, -7.788343906402588, -10.116920471191406], "lowlevel.spectral_contrast_valleys.stdev": [1.7630771398544312, 1.0564275979995728, 0.9990572333335876, 0.9069342613220215, 0.8747137784957886, 1.1496607065200806], "rhythm.beats_loudness_band_ratio.mean": [0.6272425055503845, 0.0479239858686924, 0.023076586425304413, 0.022311272099614143, 0.030774343758821487, 0.25678664445877075], "rhythm.beats_loudness_band_ratio.stdev": [0.37707599997520447, 0.05619938299059868, 0.026006706058979034, 0.022999925538897514, 0.03263263404369354, 0.27689844369888306], "tonal.hpcp.mean": [0.0683567076921463, 0.04969844967126846, 0.038250263780355453, 0.10226942598819733, 0.12681536376476288, 0.07055433839559555, 0.06795608252286911, 0.07504638284444809, 0.05536837875843048, 0.07396956533193588, 0.09977193921804428, 0.16439135372638702, 0.2508032023906708, 0.20194943249225616, 0.09558498859405518, 0.05090717226266861, 0.042985495179891586, 0.04422646760940552, 0.07596853375434875, 0.09064722061157227, 0.053985845297575, 0.03293401747941971, 0.03282109275460243, 0.04467181861400604, 0.14419451355934143, 0.1681888997554779, 0.07772158086299896, 0.068578340113163, 0.06543673574924469, 0.03767620027065277, 0.038183197379112244, 0.04199500009417534, 0.038915328681468964, 0.0466419979929924, 0.06122880429029465, 0.07000205665826797], "tonal.hpcp.stdev": [0.19011491537094116, 0.15960808098316193, 0.13502198457717896, 0.23452161252498627, 0.27727097272872925, 0.17308861017227173, 0.20532441139221191, 0.22838567197322845, 0.18205499649047852, 0.1999090015888214, 0.23717841506004333, 0.28958937525749207, 0.39195382595062256, 0.33230143785476685, 0.24206653237342834, 0.16688795387744904, 0.1554878056049347, 0.15861929953098297, 0.20638874173164368, 0.24861817061901093, 0.16705605387687683, 0.13592563569545746, 0.13837461173534393, 0.1532813012599945, 0.2835470139980316, 0.32629603147506714, 0.17273825407028198, 0.20417839288711548, 0.2017354965209961, 0.12294252961874008, 0.12313729524612427, 0.13892334699630737, 0.12902173399925232, 0.15385295450687408, 0.17872367799282074, 0.19878147542476654], "rhythm.beats_position": [0.650158703327179, 1.3235373497009277, 2.008526086807251, 2.693514585494995, 3.3436734676361084, 3.9590022563934326, 4.574330806732178, 5.201269626617432, 5.8282084465026855, 6.44353723526001, 7.058866024017334, 7.674194812774658, 8.28952407836914, 8.904852867126465, 9.520181655883789, 10.147119522094727, 10.77405834197998, 11.377777099609375, 12.004715919494629, 12.620044708251953, 13.235373497009277, 13.850702285766602, 14.477641105651855, 15.09296989440918, 15.719908714294434, 16.335237503051758, 16.9505672454834, 17.565895080566406, 18.181224822998047, 18.796552658081055, 19.423492431640625, 20.038820266723633, 20.665760040283203, 21.28108787536621, 21.89641761779785, 22.52335548400879, 23.15029525756836, 23.765623092651367, 24.380952835083008, 24.984670639038086, 25.611610412597656, 26.226938247680664, 26.842267990112305, 27.469205856323242, 28.09614372253418, 28.71147346496582, 29.326801300048828, 29.93052101135254, 30.557458877563477, 31.172788619995117, 31.788116455078125, 32.41505432128906, 33.041996002197266, 33.6689338684082], "rhythm.bpm_histogram": [0.0, 0.0, 0.0, 0.0, 0.0, 0.0, 0.0, 0.0, 0.0, 0.0, 0.0, 0.0, 0.0, 0.0, 0.0, 0.0, 0.0, 0.0, 0.0, 0.0, 0.0, 0.0, 0.0, 0.0, 0.0, 0.0, 0.0, 0.0, 0.0, 0.0, 0.0, 0.0, 0.0, 0.0, 0.0, 0.0, 0.0, 0.0, 0.0, 0.0, 0.0, 0.0, 0.0, 0.0, 0.0, 0.0, 0.0, 0.0, 0.0, 0.0, 0.0, 0.0, 0.0, 0.0, 0.0, 0.0, 0.0, 0.0, 0.0, 0.0, 0.0, 0.0, 0.0, 0.0, 0.0, 0.0, 0.0, 0.0, 0.0, 0.0, 0.0, 0.0, 0.0, 0.0, 0.0, 0.0, 0.0, 0.0, 0.0, 0.0, 0.0, 0.0, 0.0, 0.0, 0.0, 0.0, 0.0, 0.0, 0.03773584961891174, 0.01886792480945587, 0.0, 0.0, 0.01886792480945587, 0.0, 0.0, 0.0, 0.3396226465702057, 0.0, 0.5283018946647644, 0.056603774428367615, 0.0, 0.0, 0.0, 0.0, 0.0, 0.0, 0.0, 0.0, 0.0, 0.0, 0.0, 0.0, 0.0, 0.0, 0.0, 0.0, 0.0, 0.0, 0.0, 0.0, 0.0, 0.0, 0.0, 0.0, 0.0, 0.0, 0.0, 0.0, 0.0, 0.0, 0.0, 0.0, 0.0, 0.0, 0.0, 0.0, 0.0, 0.0, 0.0, 0.0, 0.0, 0.0, 0.0, 0.0, 0.0, 0.0, 0.0, 0.0, 0.0, 0.0, 0.0, 0.0, 0.0, 0.0, 0.0, 0.0, 0.0, 0.0, 0.0, 0.0, 0.0, 0.0, 0.0, 0.0, 0.0, 0.0, 0.0, 0.0, 0.0, 0.0, 0.0, 0.0, 0.0, 0.0, 0.0, 0.0, 0.0, 0.0, 0.0, 0.0, 0.0, 0.0, 0.0, 0.0, 0.0, 0.0, 0.0, 0.0, 0.0, 0.0, 0.0, 0.0, 0.0, 0.0, 0.0, 0.0, 0.0, 0.0, 0.0, 0.0, 0.0, 0.0, 0.0, 0.0, 0.0, 0.0, 0.0, 0.0, 0.0, 0.0, 0.0, 0.0, 0.0, 0.0, 0.0, 0.0, 0.0, 0.0, 0.0, 0.0, 0.0, 0.0, 0.0, 0.0, 0.0, 0.0, 0.0, 0.0, 0.0, 0.0, 0.0, 0.0, 0.0, 0.0, 0.0, 0.0, 0.0, 0.0, 0.0, 0.0, 0.0, 0.0, 0.0, 0.0, 0.0, 0.0, 0.0, 0.0, 0.0, 0.0], "tonal.chords_histogram": [0.0, 51.831748962402344, 3.7991859912872314, 24.559022903442383, 3.934871196746826, 3.3921303749084473, 3.2564449310302734, 0.0, 0.0, 0.0, 9.090909004211426, 0.0, 0.0, 0.0, 0.0, 0.0, 0.0, 0.0, 0.0, 0.0, 0.0, 0.0, 0.0, 0.13568520545959473], "tonal.thpcp": [1.0, 0.8052107691764832, 0.38111549615859985, 0.20297656953334808, 0.1713913381099701, 0.17633932828903198, 0.3029009699821472, 0.3614276945590973, 0.21525181829929352, 0.13131418824195862, 0.13086393475532532, 0.17811502516269684, 0.5749309062957764, 0.6706010699272156, 0.3098907172679901, 0.2734348773956299, 0.26090869307518005, 0.15022216737270355, 0.15224365890026093, 0.16744203865528107, 0.15516281127929688, 0.1859705001115799, 0.24413086473941803, 0.27911150455474854, 0.27255117893218994, 0.1981571614742279, 0.15251106023788452, 0.4077676236629486, 0.5056369304656982, 0.28131353855133057, 0.27095380425453186, 0.2992241680622101, 0.22076423466205597, 0.29493069648742676, 0.3978096842765808, 0.6554595232009888], "lowlevel.gfcc.cov": [[7821.76416015625, 654.2929077148438, 469.5575256347656, 660.3770141601562, 127.06402587890625, 439.6327209472656, 187.93161010742188, 220.36239624023438, 159.6934051513672, 141.22837829589844, 37.01140594482422, 50.6248779296875, -9.127854347229004], [654.2929077148438, 3529.268798828125, 830.1766357421875, 665.56787109375, 1448.4549560546875, 290.57830810546875, 830.385986328125, 299.777099609375, 578.6948852539062, 72.7994155883789, 429.11004638671875, -171.0180206298828, 315.282958984375], [469.5575256347656, 830.1766357421875, 1117.921630859375, 727.2138671875, 687.0527954101562, 310.21185302734375, 391.4566345214844, 177.63897705078125, 242.54299926757812, 79.04048156738281, 124.73385620117188, -2.0981225967407227, 111.20834350585938], [660.3770141601562, 665.56787109375, 727.2138671875, 735.6087646484375, 673.9988403320312, 315.0590515136719, 374.5433044433594, 177.18797302246094, 245.95912170410156, 103.12667083740234, 146.961669921875, 8.27578067779541, 118.49296569824219], [127.06402587890625, 1448.4549560546875, 687.0527954101562, 673.9988403320312, 1119.6939697265625, 406.0567932128906, 623.907470703125, 254.69049072265625, 413.3802185058594, 152.92970275878906, 307.0013427734375, -24.841617584228516, 218.62452697753906], [439.6327209472656, 290.57830810546875, 310.21185302734375, 315.0590515136719, 406.0567932128906, 350.76416015625, 313.6142883300781, 152.84034729003906, 181.74462890625, 100.640380859375, 120.0545883178711, 14.972923278808594, 80.02180480957031], [187.93161010742188, 830.385986328125, 391.4566345214844, 374.5433044433594, 623.907470703125, 313.6142883300781, 549.3523559570312, 244.6437225341797, 310.2185974121094, 121.03538513183594, 214.87472534179688, -8.939061164855957, 163.693115234375], [220.36239624023438, 299.777099609375, 177.63897705078125, 177.18797302246094, 254.69049072265625, 152.84034729003906, 244.6437225341797, 208.01116943359375, 177.6089630126953, 97.52873992919922, 100.88030242919922, 25.883380889892578, 81.57974243164062], [159.6934051513672, 578.6948852539062, 242.54299926757812, 245.95912170410156, 413.3802185058594, 181.74462890625, 310.2185974121094, 177.6089630126953, 291.4870300292969, 132.89051818847656, 176.270751953125, 15.570538520812988, 117.72126770019531], [141.22837829589844, 72.7994155883789, 79.04048156738281, 103.12667083740234, 152.92970275878906, 100.640380859375, 121.03538513183594, 97.52873992919922, 132.89051818847656, 159.7377471923828, 113.17024993896484, 49.02618408203125, 52.07109451293945], [37.01140594482422, 429.11004638671875, 124.73385620117188, 146.961669921875, 307.0013427734375, 120.0545883178711, 214.87472534179688, 100.88030242919922, 176.270751953125, 113.17024993896484, 185.16598510742188, 37.51417922973633, 100.4473648071289], [50.6248779296875, -171.0180206298828, -2.0981225967407227, 8.27578067779541, -24.841617584228516, 14.972923278808594, -8.939061164855957, 25.883380889892578, 15.570538520812988, 49.02618408203125, 37.51417922973633, 91.3077392578125, 34.27915954589844], [-9.127854347229004, 315.282958984375, 111.20834350585938, 118.49296569824219, 218.62452697753906, 80.02180480957031, 163.693115234375, 81.57974243164062, 117.72126770019531, 52.07109451293945, 100.4473648071289, 34.27915954589844, 124.54655456542969]], "lowlevel.gfcc.icov": [[0.00020252000831533223, -0.0002375310577917844, 0.00015389325562864542, -0.00048453168710693717, 0.0005394042818807065, -0.0004975763731636107, 9.726829011924565e-05, -7.66514494898729e-05, 4.64520271634683e-05, -0.00020035241323057562, 0.0001659801200730726, -0.0003028633364010602, 0.00022427171643357724], [-0.0002375310577917844, 0.0013609823072329164, -0.0005578080308623612, 0.0010582406539469957, -0.0017871551681309938, 0.0015057636192068458, 1.1704717508109752e-05, -0.00033974988036789, -0.0005957745597697794, 0.0014274469576776028, -0.001701654982753098, 0.002304883673787117, -0.0008902469999156892], [0.00015389325562864542, -0.0005578080308623612, 0.0028542284853756428, -0.002917917212471366, 0.0005199658335186541, -0.00046400976134464145, -0.0004932015435770154, 0.00024472165387123823, -5.92219912505243e-05, -0.00031304373987950385, 0.0016572795575484633, -0.0014982465654611588, 0.0007868158863857388], [-0.00048453168710693717, 0.0010582406539469957, -0.002917917212471366, 0.007274809759110212, -0.004082962870597839, 0.0003124189970549196, 0.0004956871271133423, -0.00025813255342654884, -0.0005622635944746435, 0.00031767450855113566, 0.0006511469837278128, 0.0004397334414534271, -0.0007937808404676616], [0.0005394042818807065, -0.0017871551681309938, 0.0005199658335186541, -0.004082962870597839, 0.007827878929674625, -0.0031750022899359465, -0.001261539408005774, 0.001095323241315782, -0.000426982413046062, -0.0005269864341244102, -0.002228689147159457, 0.0003977818414568901, -0.00046449177898466587], [-0.0004975763731636107, 0.0015057636192068458, -0.00046400976134464145, 0.0003124189970549196, -0.0031750022899359465, 0.00959397479891777, -0.004174104426056147, -0.00016110196884255856, 9.345909347757697e-05, -0.0006511006504297256, 0.0003015817783307284, 1.399302709614858e-05, 0.0012063642498105764], [9.726829011924565e-05, 1.1704717508109752e-05, -0.0004932015435770154, 0.0004956871271133423, -0.001261539408005774, -0.004174104426056147, 0.011597351171076298, -0.00603861641138792, -0.0015138742746785283, 0.00285160425119102, -0.00478402990847826, 0.0052126734517514706, -0.0037821889854967594], [-7.66514494898729e-05, -0.00033974988036789, 0.00024472165387123823, -0.00025813255342654884, 0.001095323241315782, -0.00016110196884255856, -0.00603861641138792, 0.015195880085229874, -0.005226791370660067, -0.004051119089126587, 0.006331305019557476, -0.004615246318280697, -0.0001564468548167497], [4.64520271634683e-05, -0.0005957745597697794, -5.92219912505243e-05, -0.0005622635944746435, -0.000426982413046062, 9.345909347757697e-05, -0.0015138742746785283, -0.005226791370660067, 0.016345106065273285, -0.005061461124569178, -0.004838593769818544, 0.002776431618258357, -0.001992889679968357], [-0.00020035241323057562, 0.0014274469576776028, -0.00031304373987950385, 0.00031767450855113566, -0.0005269864341244102, -0.0006511006504297256, 0.00285160425119102, -0.004051119089126587, -0.005061461124569178, 0.01828460581600666, -0.010661836713552475, -0.0014627162599936128, 0.0027390907052904367], [0.0001659801200730726, -0.001701654982753098, 0.0016572795575484633, 0.0006511469837278128, -0.002228689147159457, 0.0003015817783307284, -0.00478402990847826, 0.006331305019557476, -0.004838593769818544, -0.010661836713552475, 0.027841981500387192, -0.010150779969990253, -0.0025503470096737146], [-0.0003028633364010602, 0.002304883673787117, -0.0014982465654611588, 0.0004397334414534271, 0.0003977818414568901, 1.399302709614858e-05, 0.0052126734517514706, -0.004615246318280697, 0.002776431618258357, -0.0014627162599936128, -0.010150779969990253, 0.02565939910709858, -0.010361097753047943], [0.00022427171643357724, -0.0008902469999156892, 0.0007868158863857388, -0.0007937808404676616, -0.00046449177898466587, 0.0012063642498105764, -0.0037821889854967594, -0.0001564468548167497, -0.001992889679968357, 0.0027390907052904367, -0.0025503470096737146, -0.010361097753047943, 0.021112605929374695]], "lowlevel.mfcc.cov": [[7029.890625, 45.67474365234375, 380.9345397949219, 154.66470336914062, 101.49317932128906, 201.09634399414062, 100.4086685180664, 119.83645629882812, 175.34930419921875, 100.26405334472656, 55.172142028808594, 196.2833251953125, 174.27593994140625], [45.67474365234375, 2834.831298828125, 115.70994567871094, 788.6364135742188, 686.4244384765625, 417.2971496582031, 540.2744140625, 346.3346252441406, 433.1573791503906, 343.2096252441406, 278.6597900390625, 284.60064697265625, 192.70213317871094], [380.9345397949219, 115.70994567871094, 650.3319702148438, 371.0213317871094, 250.60833740234375, 204.58111572265625, 143.90853881835938, 134.99050903320312, 143.86109924316406, 70.77180480957031, 56.76646041870117, 68.76683044433594, 62.567848205566406], [154.66470336914062, 788.6364135742188, 371.0213317871094, 694.900146484375, 488.3413391113281, 339.5184326171875, 323.8591613769531, 227.8527374267578, 277.83905029296875, 179.86317443847656, 163.41671752929688, 182.2865447998047, 142.98294067382812], [101.49317932128906, 686.4244384765625, 250.60833740234375, 488.3413391113281, 514.6038818359375, 345.7763977050781, 296.472412109375, 199.5117950439453, 238.5883331298828, 160.59341430664062, 159.05308532714844, 167.22288513183594, 140.14309692382812], [201.09634399414062, 417.2971496582031, 204.58111572265625, 339.5184326171875, 345.7763977050781, 370.2429504394531, 291.8500671386719, 183.26214599609375, 214.23736572265625, 154.6970977783203, 139.49839782714844, 156.3812713623047, 129.6183624267578], [100.4086685180664, 540.2744140625, 143.90853881835938, 323.8591613769531, 296.472412109375, 291.8500671386719, 359.0467834472656, 212.7428436279297, 239.68667602539062, 173.04527282714844, 145.602294921875, 151.58473205566406, 121.89189910888672], [119.83645629882812, 346.3346252441406, 134.99050903320312, 227.8527374267578, 199.5117950439453, 183.26214599609375, 212.7428436279297, 210.8458251953125, 187.73959350585938, 128.67556762695312, 95.39208984375, 101.33584594726562, 85.03473663330078], [175.34930419921875, 433.1573791503906, 143.86109924316406, 277.83905029296875, 238.5883331298828, 214.23736572265625, 239.68667602539062, 187.73959350585938, 265.43890380859375, 176.9898223876953, 140.91773986816406, 142.0654296875, 117.4841079711914], [100.26405334472656, 343.2096252441406, 70.77180480957031, 179.86317443847656, 160.59341430664062, 154.6970977783203, 173.04527282714844, 128.67556762695312, 176.9898223876953, 175.5774383544922, 126.8914566040039, 114.52169799804688, 86.85466766357422], [55.172142028808594, 278.6597900390625, 56.76646041870117, 163.41671752929688, 159.05308532714844, 139.49839782714844, 145.602294921875, 95.39208984375, 140.91773986816406, 126.8914566040039, 155.17059326171875, 125.3489990234375, 95.35025024414062], [196.2833251953125, 284.60064697265625, 68.76683044433594, 182.2865447998047, 167.22288513183594, 156.3812713623047, 151.58473205566406, 101.33584594726562, 142.0654296875, 114.52169799804688, 125.3489990234375, 169.60324096679688, 123.3073501586914], [174.27593994140625, 192.70213317871094, 62.567848205566406, 142.98294067382812, 140.14309692382812, 129.6183624267578, 121.89189910888672, 85.03473663330078, 117.4841079711914, 86.85466766357422, 95.35025024414062, 123.3073501586914, 141.65463256835938]], "lowlevel.mfcc.icov": [[0.00015785110008437186, -1.0736918738984969e-05, -0.00010373796976637095, 5.544690793612972e-05, 8.313052967423573e-05, -0.00010349951480748132, 0.00010587902215775102, 5.609537311102031e-06, -0.00010515503527130932, -1.7138525436166674e-05, 0.00023538222012575716, -0.0002704817452467978, -9.7026233561337e-05], [-1.0736918738984969e-05, 0.0006970732356421649, 0.00035987296723760664, -0.00047771725803613663, -0.0006899979780428112, 0.0007141356472857296, -0.0005990301142446697, 2.8162447051727213e-05, 2.4945204131654464e-05, -0.0006264075054787099, 0.00022172725584823638, -0.0002878885134123266, 0.00038065039552748203], [-0.00010373796976637095, 0.00035987296723760664, 0.002713860245421529, -0.0017446620622649789, 8.468351734336466e-05, -0.0008347787661477923, 0.0008026586729101837, -0.0008053270285017788, -0.0004591953766066581, 0.0003668041608761996, 0.00010933868179563433, 0.000674898037686944, 0.00016808082000352442], [5.544690793612972e-05, -0.00047771725803613663, -0.0017446620622649789, 0.006019218359142542, -0.0037491382099688053, 0.0007994598709046841, -0.0008119521662592888, 0.00019530027930159122, -0.0013842517510056496, 0.00042481865966692567, 0.0006670607253909111, -0.0014948423486202955, 0.0005754366284236312], [8.313052967423573e-05, -0.0006899979780428112, 8.468351734336466e-05, -0.0037491382099688053, 0.00980511773377657, -0.005622916854918003, 0.0011932873167097569, -0.0006257828790694475, -0.00026702010654844344, 0.002137809991836548, -0.002463648095726967, 0.0014208543580025434, -0.0012910611694678664], [-0.00010349951480748132, 0.0007141356472857296, -0.0008347787661477923, 0.0007994598709046841, -0.005622916854918003, 0.012791061773896217, -0.006425730884075165, 0.00042240493348799646, 0.0007963936077430844, -0.0018489285139366984, 0.0012123530032113194, -0.0023485347628593445, -0.0004465576494112611], [0.00010587902215775102, -0.0005990301142446697, 0.0008026586729101837, -0.0008119521662592888, 0.0011932873167097569, -0.006425730884075165, 0.013409718871116638, -0.005051632411777973, -0.0026305727660655975, -4.149897722527385e-05, -0.0011321846395730972, 0.00014426835696212947, 0.0001861315395217389], [5.609537311102031e-06, 2.8162447051727213e-05, -0.0008053270285017788, 0.00019530027930159122, -0.0006257828790694475, 0.00042240493348799646, -0.005051632411777973, 0.01616216078400612, -0.006629753392189741, -0.0017749910475686193, 0.00260788481682539, 0.00027884519658982754, -0.0004205658915452659], [-0.00010515503527130932, 2.4945204131654464e-05, -0.0004591953766066581, -0.0013842517510056496, -0.00026702010654844344, 0.0007963936077430844, -0.0026305727660655975, -0.006629753392189741, 0.020710201933979988, -0.010025841183960438, -0.0010195723734796047, -0.00039137440035119653, -0.002527837175875902], [-1.7138525436166674e-05, -0.0006264075054787099, 0.0003668041608761996, 0.00042481865966692567, 0.002137809991836548, -0.0018489285139366984, -4.149897722527385e-05, -0.0017749910475686193, -0.010025841183960438, 0.024469157680869102, -0.01036379486322403, -0.00057818996720016, 0.0017518452368676662], [0.00023538222012575716, 0.00022172725584823638, 0.00010933868179563433, 0.0006670607253909111, -0.002463648095726967, 0.0012123530032113194, -0.0011321846395730972, 0.00260788481682539, -0.0010195723734796047, -0.01036379486322403, 0.024115609005093575, -0.00987700093537569, -0.0010109080467373133], [-0.0002704817452467978, -0.0002878885134123266, 0.000674898037686944, -0.0014948423486202955, 0.0014208543580025434, -0.0023485347628593445, 0.00014426835696212947, 0.00027884519658982754, -0.00039137440035119653, -0.00057818996720016, -0.00987700093537569, 0.025738820433616638, -0.012690679170191288], [-9.7026233561337e-05, 0.00038065039552748203, 0.00016808082000352442, 0.0005754366284236312, -0.0012910611694678664, -0.0004465576494112611, 0.0001861315395217389, -0.0004205658915452659, -0.002527837175875902, 0.0017518452368676662, -0.0010109080467373133, -0.012690679170191288, 0.020533902570605278]], "metadata.audio_properties.analysis.downmix": "mix", "metadata.audio_properties.codec": "mp3", "metadata.audio_properties.md5_encoded": "6394e7a20388e3f6c5e16d2ebced46b0", "metadata.tags.file_name": "1183707739931815967.mp3", "metadata.version.essentia": "2.1-beta6-dev", "metadata.version.essentia_git_sha": "v2.1_beta5-1110-g77a6a954", "metadata.version.extractor": "music 2.0", "tonal.chords_key": "Bb", "tonal.chords_scale": "minor", "tonal.key_edma.key": "F#", "tonal.key_edma.scale": "major", "tonal.key_krumhansl.key": "Bb", "tonal.key_krumhansl.scale": "minor", "tonal.key_temperley.key": "F#", "tonal.key_temperley.scale": "major", "metadata.tags.encoding": ["Lavf58.45.100"]}, "essentia_models": [{"model_name": "genre_dortmund", "activations": {"alternative": "0.0064789015", "blues": "0.00026958986", "electronic": "0.27941027", "folkcountry": "0.00082467985", "funksoulrnb": "0.010540138", "jazz": "0.0071543674", "pop": "0.048941847"