{"song_id": "1183708176307208282", "download": "https://cdn.discordapp.com/attachments/1128313332273782784/1183708176307208282/chirp.mp4?ex=65895125&amp", "lyrics": "-", "style": ["random"], "essentia_features": {"lowlevel.average_loudness": 0.9424282908439636, "lowlevel.barkbands_crest.mean": 12.526713371276855, "lowlevel.barkbands_crest.stdev": 5.426947116851807, "lowlevel.barkbands_flatness_db.mean": 0.2069752812385559, "lowlevel.barkbands_flatness_db.stdev": 0.06904954463243484, "lowlevel.barkbands_kurtosis.mean": 16.128955841064453, "lowlevel.barkbands_kurtosis.stdev": 44.46175003051758, "lowlevel.barkbands_skewness.mean": 2.1911206245422363, "lowlevel.barkbands_skewness.stdev": 3.0327248573303223, "lowlevel.barkbands_spread.mean": 20.12788200378418, "lowlevel.barkbands_spread.stdev": 16.43491554260254, "lowlevel.dissonance.mean": 0.4663272202014923, "lowlevel.dissonance.stdev": 0.032491207122802734, "lowlevel.dynamic_complexity": 3.3084123134613037, "lowlevel.erbbands_crest.mean": 9.89627742767334, "lowlevel.erbbands_crest.stdev": 4.5113139152526855, "lowlevel.erbbands_flatness_db.mean": 0.18969200551509857, "lowlevel.erbbands_flatness_db.stdev": 0.056301429867744446, "lowlevel.erbbands_kurtosis.mean": 0.964026927947998, "lowlevel.erbbands_kurtosis.stdev": 3.0206568241119385, "lowlevel.erbbands_skewness.mean": 0.06291653960943222, "lowlevel.erbbands_skewness.stdev": 1.1022710800170898, "lowlevel.erbbands_spread.mean": 40.19308853149414, "lowlevel.erbbands_spread.stdev": 23.766380310058594, "lowlevel.hfc.mean": 24.809307098388672, "lowlevel.hfc.stdev": 24.555803298950195, "lowlevel.loudness_ebu128.integrated": -14.256124496459961, "lowlevel.loudness_ebu128.loudness_range": 1.8606290817260742, "lowlevel.loudness_ebu128.momentary.mean": -14.701662063598633, "lowlevel.loudness_ebu128.momentary.stdev": 2.1759092807769775, "lowlevel.loudness_ebu128.short_term.mean": -14.303842544555664, "lowlevel.loudness_ebu128.short_term.stdev": 0.7773634195327759, "lowlevel.melbands_crest.mean": 20.37347412109375, "lowlevel.melbands_crest.stdev": 10.560315132141113, "lowlevel.melbands_flatness_db.mean": 0.22426573932170868, "lowlevel.melbands_flatness_db.stdev": 0.10308711230754852, "lowlevel.melbands_kurtosis.mean": 51.0540771484375, "lowlevel.melbands_kurtosis.stdev": 126.54247283935547, "lowlevel.melbands_skewness.mean": 4.098745822906494, "lowlevel.melbands_skewness.stdev": 4.843441963195801, "lowlevel.melbands_spread.mean": 28.875070571899414, "lowlevel.melbands_spread.stdev": 34.468955993652344, "lowlevel.pitch_salience.mean": 0.46516409516334534, "lowlevel.pitch_salience.stdev": 0.22287322580814362, "lowlevel.silence_rate_20dB.mean": 1.0, "lowlevel.silence_rate_20dB.stdev": 0.0, "lowlevel.silence_rate_30dB.mean": 0.9132652878761292, "lowlevel.silence_rate_30dB.stdev": 0.28144535422325134, "lowlevel.silence_rate_60dB.mean": 0.16411565244197845, "lowlevel.silence_rate_60dB.stdev": 0.3703792989253998, "lowlevel.spectral_centroid.mean": 1829.9957275390625, "lowlevel.spectral_centroid.stdev": 1153.2093505859375, "lowlevel.spectral_complexity.mean": 12.364795684814453, "lowlevel.spectral_complexity.stdev": 9.518448829650879, "lowlevel.spectral_decrease.mean": -1.045638775565294e-08, "lowlevel.spectral_decrease.stdev": 1.1609317951410958e-08, "lowlevel.spectral_energy.mean": 0.041715096682310104, "lowlevel.spectral_energy.stdev": 0.04421408101916313, "lowlevel.spectral_energyband_high.mean": 0.0014216837007552385, "lowlevel.spectral_energyband_high.stdev": 0.0026288756635040045, "lowlevel.spectral_energyband_low.mean": 0.0241410993039608, "lowlevel.spectral_energyband_low.stdev": 0.040926091372966766, "lowlevel.spectral_energyband_middle_high.mean": 0.004651005379855633, "lowlevel.spectral_energyband_middle_high.stdev": 0.0067373523488640785, "lowlevel.spectral_energyband_middle_low.mean": 0.01146676205098629, "lowlevel.spectral_energyband_middle_low.stdev": 0.01823912188410759, "lowlevel.spectral_entropy.mean": 7.729477405548096, "lowlevel.spectral_entropy.stdev": 0.5424428582191467, "lowlevel.spectral_flux.mean": 0.11117120087146759, "lowlevel.spectral_flux.stdev": 0.0833272784948349, "lowlevel.spectral_kurtosis.mean": 4.191900730133057, "lowlevel.spectral_kurtosis.stdev": 3.3206517696380615, "lowlevel.spectral_rms.mean": 0.00544300302863121, "lowlevel.spectral_rms.stdev": 0.0033273636363446712, "lowlevel.spectral_rolloff.mean": 2309.145263671875, "lowlevel.spectral_rolloff.stdev": 2957.35498046875, "lowlevel.spectral_skewness.mean": 1.5092785358428955, "lowlevel.spectral_skewness.stdev": 0.5772050619125366, "lowlevel.spectral_spread.mean": 5334168.0, "lowlevel.spectral_spread.stdev": 2354574.75, "lowlevel.spectral_strongpeak.mean": 1.018156886100769, "lowlevel.spectral_strongpeak.stdev": 1.2335731983184814, "lowlevel.zerocrossingrate.mean": 0.08404499292373657, "lowlevel.zerocrossingrate.stdev": 0.08393044769763947, "metadata.audio_properties.analysis.equal_loudness": 0.0, "metadata.audio_properties.analysis.length": 27.26399040222168, "metadata.audio_properties.analysis.sample_rate": 44100.0, "metadata.audio_properties.analysis.start_time": 0.0, "metadata.audio_properties.bit_rate": 121034.0, "metadata.audio_properties.length": 27.263999938964844, "metadata.audio_properties.lossless": 0.0, "metadata.audio_properties.number_channels": 1.0, "metadata.audio_properties.replay_gain": -12.615549087524414, "metadata.audio_properties.sample_rate": 48000.0, "rhythm.beats_count": 43.0, "rhythm.beats_loudness.mean": 0.04639832302927971, "rhythm.beats_loudness.stdev": 0.04665433242917061, "rhythm.bpm": 97.1314468383789, "rhythm.bpm_histogram_first_peak_bpm": 98.0, "rhythm.bpm_histogram_first_peak_weight": 0.3513513207435608, "rhythm.bpm_histogram_second_peak_bpm": 88.0, "rhythm.bpm_histogram_second_peak_spread": 0.6000000238418579, "rhythm.bpm_histogram_second_peak_weight": 0.0476190485060215, "rhythm.danceability": 1.5691293478012085, "rhythm.onset_rate": 4.801445960998535, "tonal.chords_changes_rate": 0.12733446061611176, "tonal.chords_number_rate": 0.015280135907232761, "tonal.chords_strength.mean": 0.44164514541625977, "tonal.chords_strength.stdev": 0.08884794265031815, "tonal.hpcp_crest.mean": 13.927041053771973, "tonal.hpcp_crest.stdev": 6.602166175842285, "tonal.hpcp_entropy.mean": 2.0259604454040527, "tonal.hpcp_entropy.stdev": 0.827198326587677, "tonal.key_edma.strength": 0.43264374136924744, "tonal.key_krumhansl.strength": 0.4294905364513397, "tonal.key_temperley.strength": 0.4402048587799072, "tonal.tuning_diatonic_strength": 0.47868332266807556, "tonal.tuning_equal_tempered_deviation": 0.2528437674045563, "tonal.tuning_frequency": 434.193115234375, "tonal.tuning_nontempered_energy_ratio": 0.9288269281387329, "lowlevel.barkbands.mean": [0.005871857050806284, 0.016821064054965973, 0.0016127091366797686, 0.000978146679699421, 0.004747958388179541, 0.0004169509338680655, 0.002764923730865121, 0.0009460436995141208, 0.0013516874751076102, 0.0008609943906776607, 0.0006520280730910599, 0.0004749110958073288, 0.0003840530989691615, 0.000389212480513379, 0.00036427273880690336, 0.0005721879424527287, 0.0004522108065430075, 0.00019423985213506967, 0.00030886949389241636, 0.00018509197980165482, 7.649387407582253e-05, 0.0002857367799151689, 0.0003570541739463806, 0.00029399211052805185, 0.00028288591420277953, 6.941991159692407e-05, 7.02653721873503e-08], "lowlevel.barkbands.stdev": [0.009697232395410538, 0.034141913056373596, 0.010040735825896263, 0.006600829306989908, 0.009804931469261646, 0.0016732972580939531, 0.006552314851433039, 0.0034324158914387226, 0.0042545306496322155, 0.003719339845702052, 0.002467201557010412, 0.0014551462372764945, 0.0011038362281396985, 0.00092064228374511, 0.0008797302725724876, 0.0013989502331241965, 0.0007156895590014756, 0.0002936577657237649, 0.0006039957515895367, 0.0003303273406345397, 0.0002228472294518724, 0.0006640838691964746, 0.0007074906607158482, 0.0007213960052467883, 0.0006743624107912183, 0.00014615492545999587, 8.691023367646267e-07], "lowlevel.erbbands.mean": [0.8758922815322876, 2.2592215538024902, 2.1639504432678223, 2.8181562423706055, 5.330286979675293, 23.17049217224121, 10.332825660705566, 4.08510684967041, 21.4451904296875, 51.9843635559082, 16.233257293701172, 28.486547470092773, 32.515586853027344, 27.51377296447754, 22.59840965270996, 19.743701934814453, 17.807863235473633, 17.127077102661133, 21.5482234954834, 20.574304580688477, 34.20882797241211, 26.50444984436035, 12.85835075378418, 10.045215606689453, 17.931930541992188, 8.376760482788086, 3.3761544227600098, 3.6531753540039062, 9.401555061340332, 12.99144172668457, 9.121452331542969, 5.536030292510986, 5.462711811065674, 3.891535997390747, 1.60365891456604, 0.5419657826423645, 0.07711846381425858, 0.003958584740757942, 0.00013800806482322514, 5.9816771681653336e-05], "lowlevel.erbbands.stdev": [1.4849838018417358, 6.734119415283203, 11.185708045959473, 18.0601749420166, 20.499895095825195, 47.579124450683594, 27.85314178466797, 13.655445098876953, 51.16333770751953, 131.24917602539062, 54.6995849609375, 95.69931030273438, 112.83515930175781, 98.57451629638672, 64.4975814819336, 57.52825927734375, 47.601322174072266, 39.970890045166016, 47.754634857177734, 44.0770378112793, 84.6861572265625, 38.5492057800293, 18.22879409790039, 17.193960189819336, 35.63460922241211, 14.764564514160156, 8.906405448913574, 9.948860168457031, 23.44143295288086, 26.17254638671875, 18.844383239746094, 12.470259666442871, 14.667826652526855, 9.584756851196289, 3.7418298721313477, 1.178325891494751, 0.16261710226535797, 0.01085731666535139, 0.0002995175600517541, 5.419744775281288e-05], "lowlevel.gfcc.mean": [-41.65125274658203, 38.71316146850586, -143.50057983398438, 12.863397598266602, -76.15866088867188, 12.630011558532715, -53.04670333862305, 15.86658763885498, -23.363914489746094, 1.7490018606185913, -13.791723251342773, 4.9950714111328125, -10.243744850158691], "lowlevel.melbands.mean": [0.006397839169949293, 0.001641539391130209, 0.0005231123068369925, 0.000984765705652535, 0.000578343344386667, 8.633237303001806e-05, 0.0004077393969055265, 0.0005025951541028917, 0.00012021660222671926, 0.000192256600712426, 0.00016233678616117686, 0.00011200433800695464, 8.367219561478123e-05, 5.344506280380301e-05, 4.896669270237908e-05, 3.452145756455138e-05, 3.1728282920084894e-05, 3.669875513878651e-05, 2.7274503736407496e-05, 3.07232367049437e-05, 4.114853436476551e-05, 2.8371703592711128e-05, 1.796357537386939e-05, 7.246653240144951e-06, 7.610010015923763e-06, 1.323739797953749e-05, 1.1197489584446885e-05, 4.260076821083203e-06, 2.0878048871963983e-06, 1.792843818293477e-06, 2.1128219032107154e-06, 4.831574187846854e-06, 6.666175522695994e-06, 7.690767233725637e-06, 5.729403710574843e-06, 3.5687694435182493e-06, 3.3278472528763814e-06, 3.872663455695147e-06, 3.4258023333677556e-06, 3.313647539471276e-06], "lowlevel.melbands.stdev": [0.011110065504908562, 0.005946408491581678, 0.003122449852526188, 0.0020193394739180803, 0.0014074159553274512, 0.00031643168767914176, 0.0009687795536592603, 0.0012959259329363704, 0.0005073093343526125, 0.0006247320561669767, 0.0005842566606588662, 0.0004259997222106904, 0.0002797469205688685, 0.00016283827426377684, 0.00016440650506410748, 8.996062388177961e-05, 7.979221118148416e-05, 8.900100510800257e-05, 7.297167758224532e-05, 7.265727617777884e-05, 0.00010950912837870419, 4.476078538573347e-05, 2.6895388145931065e-05, 1.160535521194106e-05, 1.3992644198879134e-05, 2.7040852728532627e-05, 2.17309298022883e-05, 8.441436875727959e-06, 5.650219009112334e-06, 5.6832964219211135e-06, 5.833510840602685e-06, 1.333005911874352e-05, 1.485921620769659e-05, 1.5461413568118587e-05, 1.2060231711075176e-05, 7.934062523418106e-06, 7.98762539488962e-06, 1.0741697224148083e-05, 8.95324774319306e-06, 8.15145904198289e-06], "lowlevel.melbands128.mean": [0.005163121037185192, 0.008781914599239826, 0.006363277789205313, 0.0029616758693009615, 0.0012620368506759405, 0.0007459521293640137, 0.0005745852831751108, 0.00045721669448539615, 0.00040272375917993486, 0.0008603071910329163, 0.0016214014030992985, 0.0010450556874275208, 0.0002449211897328496, 7.38577073207125e-05, 6.1030157667119056e-05, 9.443484304938465e-05, 0.00017040944658219814, 0.00039628197555430233, 0.0007998781511560082, 0.0007187168230302632, 0.0002779040078166872, 8.33808517199941e-05, 0.00010266571189276874, 0.00014434831973630935, 0.000177115696715191, 0.00021726221893914044, 0.0002217191649833694, 0.00013720533752348274, 0.0001431764248991385, 0.00010861799819394946, 0.00010027272946899757, 0.00011848675057990476, 8.429682202404365e-05, 6.0966289311181754e-05, 5.293988579069264e-05, 5.2757739467779174e-05, 5.0413800636306405e-05, 5.469832831295207e-05, 4.4386360968928784e-05, 3.524896965245716e-05, 3.3269003324676305e-05, 3.214918979210779e-05, 2.6237175916321576e-05, 3.172368087689392e-05, 4.719106436823495e-05, 3.7769117625430226e-05, 2.480296461726539e-05, 2.9750548492302187e-05, 2.63349138549529e-05, 2.451397267577704e-05, 2.6490521122468635e-05, 4.222674760967493e-05, 5.134517414262518e-05, 3.538594319252297e-05, 2.854679769370705e-05, 3.120135806966573e-05, 2.5249033569707535e-05, 2.113177652063314e-05, 1.6367450371035375e-05, 9.229971510649193e-06, 6.379144906532019e-06, 5.7332545111421496e-06, 6.446164206863614e-06, 7.601874585816404e-06, 1.0341421329940204e-05, 1.3388389561441727e-05, 1.4767102584301028e-05, 1.5470444850507192e-05, 9.627495273889508e-06, 7.098560672602616e-06, 3.7388867895060685e-06, 3.460438620095374e-06, 2.405472741884296e-06, 1.798360585780756e-06, 1.6398603293055203e-06, 1.9770775452343514e-06, 1.7329485899608699e-06, 1.6404146663262509e-06, 2.0267318632249953e-06, 2.4238652258645743e-06, 4.584726866596611e-06, 5.650875209539663e-06, 6.178308922244469e-06, 6.649978786299471e-06, 7.266756256285589e-06, 7.2416814873577096e-06, 8.098621947283391e-06, 8.17154341348214e-06, 5.014674115955131e-06, 4.733728019346017e-06, 4.1850389607134275e-06, 3.0496153158310335e-06, 2.806783413689118e-06, 3.5567722989071626e-06, 3.4296770081709838e-06, 3.3831702239695005e-06, 4.2652213778637815e-06, 4.19413026975235e-06, 3.1792380923434393e-06, 3.1129086437431397e-06, 3.6172680211166153e-06, 3.5602386105892947e-06, 2.7108310405310476e-06, 2.2187882677826565e-06, 1.5312626828745124e-06, 1.4760740896235802e-06, 1.3631170077132992e-06, 1.163243837254413e-06, 9.899459882944939e-07, 6.874919904475973e-07, 4.136322218073474e-07, 2.535934982006438e-07, 2.067662023819139e-07, 1.0487707413631142e-07, 5.918843726249179e-08, 2.0274397272146416e-08, 2.1658554949510744e-09, 2.6762561611270996e-10, 1.7905160687448074e-10, 1.535911814398716e-10, 1.6797141455526798e-10, 5.037842018551508e-11, 6.973031527190976e-12, 6.7823342428385835e-12, 6.58107335987923e-12, 6.357340869012074e-12, 6.222021595864158e-12, 6.164366326416593e-12], "lowlevel.melbands128.stdev": [0.00839829072356224, 0.014296921901404858, 0.015561421401798725, 0.010333305224776268, 0.006555735599249601, 0.0047319806180894375, 0.003914472181349993, 0.003043774049729109, 0.002033667406067252, 0.0018571721157059073, 0.0034231781028211117, 0.0028629086446017027, 0.0008458521915599704, 0.0003777765668928623, 0.00028005862259306014, 0.00041166451410390437, 0.0005540499114431441, 0.0012084338814020157, 0.002313893288373947, 0.0020065626595169306, 0.0012021601432934403, 0.0004085497057531029, 0.000670197419822216, 0.000895690347533673, 0.0008413338800892234, 0.0008534236694686115, 0.0008883283589966595, 0.0007622400880791247, 0.0008647658978588879, 0.0006310590542852879, 0.0004573300539050251, 0.0006797779933549464, 0.0003001836303155869, 0.0002420665550744161, 0.00021212933643255383, 0.00020486915309447795, 0.00018874234228860587, 0.00025269240722991526, 0.00018769285816233605, 0.00012981212057638913, 0.00011451676982687786, 0.0001106463823816739, 0.00010257474787067622, 9.950250387191772e-05, 0.0001514075993327424, 0.0001250262139365077, 7.498505874536932e-05, 0.00011236414866289124, 8.87209753273055e-05, 7.552222814410925e-05, 8.797379268798977e-05, 0.000147646147524938, 0.00016861506446730345, 0.00011539203114807606, 7.750272197881714e-05, 5.412279278971255e-05, 4.584585258271545e-05, 4.1683477320475504e-05, 2.9928689400549047e-05, 1.804550993256271e-05, 1.1713330422935542e-05, 1.0689695955079515e-05, 1.2532220353023149e-05, 1.5304416592698544e-05, 2.7300942747388035e-05, 3.206454130122438e-05, 3.5407945688348264e-05, 3.9603164623258635e-05, 1.9366394553799182e-05, 1.4575432942365296e-05, 8.370420800929423e-06, 9.08809215616202e-06, 7.1796193878981285e-06, 5.320942818798358e-06, 4.945446107740281e-06, 6.573469363502227e-06, 6.700917310809018e-06, 5.323071945895208e-06, 5.924183824390639e-06, 7.004768576734932e-06, 1.5809167962288484e-05, 1.5211320715025067e-05, 1.682236324995756e-05, 1.5466079275938682e-05, 1.8269993233843707e-05, 1.5246585462591611e-05, 1.7166521502076648e-05, 1.841554512793664e-05, 1.1326027561153751e-05, 1.1597053344303276e-05, 1.0276860848534852e-05, 7.184113655966939e-06, 6.712402409903007e-06, 9.683711141406093e-06, 8.643226465210319e-06, 9.172096724796575e-06, 1.3878071513317991e-05, 1.2800041986338329e-05, 8.77006914379308e-06, 8.742516911297571e-06, 9.483717803959735e-06, 8.908379641070496e-06, 7.164217549870955e-06, 5.800026883662213e-06, 3.974974333686987e-06, 3.6164638004265726e-06, 3.1082054192665964e-06, 2.6417224034958053e-06, 2.400571702310117e-06, 1.718887574497785e-06, 9.493181778452708e-07, 5.973060410724429e-07, 5.45217744729598e-07, 2.950450266325788e-07, 2.3661763748350495e-07, 1.2074448818566452e-07, 1.537240912341531e-08, 6.900841675872016e-09, 5.741769282252562e-09, 4.91972018679121e-09, 5.434731331632747e-09, 1.4683596560871592e-09, 1.4694264902082033e-11, 1.3781704943927053e-11, 1.2740612384543049e-11, 1.197024684235215e-11, 1.1542962766175613e-11, 1.1280638749500138e-11], "lowlevel.mfcc.mean": [-678.5043334960938, 77.10826873779297, -18.718820571899414, -5.244004726409912, -3.218890428543091, -11.116463661193848, -12.881441116333008, 3.9638094902038574, -8.520106315612793, -2.392256498336792, 2.41208553314209, -10.600725173950195, 9.076325416564941], "lowlevel.spectral_contrast_coeffs.mean": [-0.6173176169395447, -0.730540931224823, -0.7846047282218933, -0.7921904921531677, -0.7710069417953491, -0.7745395302772522], "lowlevel.spectral_contrast_coeffs.stdev": [0.15223941206932068, 0.10117170214653015, 0.06922530382871628, 0.06497455388307571, 0.05722416192293167, 0.040865443646907806], "lowlevel.spectral_contrast_valleys.mean": [-8.925848007202148, -7.44241189956665, -7.518273830413818, -7.686229705810547, -7.811505317687988, -10.121879577636719], "lowlevel.spectral_contrast_valleys.stdev": [1.7405755519866943, 0.8050526976585388, 0.6700623035430908, 0.5882596373558044, 0.6914790272712708, 1.177525281906128], "rhythm.beats_loudness_band_ratio.mean": [0.21119259297847748, 0.18757987022399902, 0.2032996118068695, 0.17731137573719025, 0.1153554618358612, 0.12106610089540482], "rhythm.beats_loudness_band_ratio.stdev": [0.3437689244747162, 0.22430641949176788, 0.2280750870704651, 0.18762411177158356, 0.1001458391547203, 0.10270266979932785], "tonal.hpcp.mean": [0.09327444434165955, 0.0933164730668068, 0.09945473819971085, 0.13228686153888702, 0.15267807245254517, 0.14845234155654907, 0.24508558213710785, 0.28412291407585144, 0.19727833569049835, 0.22707518935203552, 0.22757399082183838, 0.133062943816185, 0.0898713693022728, 0.07482190430164337, 0.07304882258176804, 0.07345438748598099, 0.06390601396560669, 0.06624099612236023, 0.07737591117620468, 0.09313037991523743, 0.08611421287059784, 0.06616845726966858, 0.0638253465294838, 0.07054305076599121, 0.08040833473205566, 0.07470373809337616, 0.06428797543048859, 0.12420272082090378, 0.14784835278987885, 0.0857684463262558, 0.06448870152235031, 0.07309015840291977, 0.07911539077758789, 0.10189837217330933, 0.11075027287006378, 0.09404684603214264], "tonal.hpcp.stdev": [0.1986609846353531, 0.20404213666915894, 0.22233699262142181, 0.25687000155448914, 0.27527856826782227, 0.259030818939209, 0.3145945072174072, 0.3607975244522095, 0.26951733231544495, 0.34393906593322754, 0.34721270203590393, 0.2533371150493622, 0.20027899742126465, 0.1572185754776001, 0.16321901977062225, 0.18445611000061035, 0.14857563376426697, 0.15236015617847443, 0.15406964719295502, 0.197501540184021, 0.19075237214565277, 0.14668262004852295, 0.15661151707172394, 0.1599876880645752, 0.17456389963626862, 0.16259199380874634, 0.14871907234191895, 0.22595396637916565, 0.26940053701400757, 0.16329413652420044, 0.1568811982870102, 0.1711927354335785, 0.17737418413162231, 0.20291069149971008, 0.21512345969676971, 0.1890719085931778], "rhythm.beats_position": [0.6733786463737488, 1.300317406654358, 1.9272562265396118, 2.554194927215576, 3.1579136848449707, 3.7848525047302246, 4.400181293487549, 5.015510082244873, 5.642448902130127, 6.2461676597595215, 6.873106479644775, 7.4884352684021, 8.103763580322266, 8.71909236907959, 9.334421157836914, 9.949749946594238, 10.565078735351562, 11.180407524108887, 11.795736312866211, 12.411065101623535, 13.02639389038086, 13.653332710266113, 14.280271530151367, 14.883990287780762, 15.510929107666016, 16.114648818969727, 16.741586685180664, 17.356916427612305, 17.972244262695312, 18.587574005126953, 19.20290184020996, 19.82984161376953, 20.44516944885254, 21.04888916015625, 21.664216995239258, 22.26793670654297, 22.894874572753906, 23.533424377441406, 24.218412399291992, 24.915010452270508, 25.600000381469727, 26.261768341064453, 26.91192626953125], "rhythm.bpm_histogram": [0.0, 0.0, 0.0, 0.0, 0.0, 0.0, 0.0, 0.0, 0.0, 0.0, 0.0, 0.0, 0.0, 0.0, 0.0, 0.0, 0.0, 0.0, 0.0, 0.0, 0.0, 0.0, 0.0, 0.0, 0.0, 0.0, 0.0, 0.0, 0.0, 0.0, 0.0, 0.0, 0.0, 0.0, 0.0, 0.0, 0.0, 0.0, 0.0, 0.0, 0.0, 0.0, 0.0, 0.0, 0.0, 0.0, 0.0, 0.0, 0.0, 0.0, 0.0, 0.0, 0.0, 0.0, 0.0, 0.0, 0.0, 0.0, 0.0, 0.0, 0.0, 0.0, 0.0, 0.0, 0.0, 0.0, 0.0, 0.0, 0.0, 0.0, 0.0, 0.0, 0.0, 0.0, 0.0, 0.0, 0.0, 0.0, 0.0, 0.0, 0.0, 0.0, 0.0, 0.0, 0.0, 0.0, 0.02380952425301075, 0.0, 0.0476190485060215, 0.0, 0.0, 0.02380952425301075, 0.02380952425301075, 0.0, 0.02380952425301075, 0.0, 0.2857142984867096, 0.0, 0.4285714328289032, 0.1428571492433548, 0.0, 0.0, 0.0, 0.0, 0.0, 0.0, 0.0, 0.0, 0.0, 0.0, 0.0, 0.0, 0.0, 0.0, 0.0, 0.0, 0.0, 0.0, 0.0, 0.0, 0.0, 0.0, 0.0, 0.0, 0.0, 0.0, 0.0, 0.0, 0.0, 0.0, 0.0, 0.0, 0.0, 0.0, 0.0, 0.0, 0.0, 0.0, 0.0, 0.0, 0.0, 0.0, 0.0, 0.0, 0.0, 0.0, 0.0, 0.0, 0.0, 0.0, 0.0, 0.0, 0.0, 0.0, 0.0, 0.0, 0.0, 0.0, 0.0, 0.0, 0.0, 0.0, 0.0, 0.0, 0.0, 0.0, 0.0, 0.0, 0.0, 0.0, 0.0, 0.0, 0.0, 0.0, 0.0, 0.0, 0.0, 0.0, 0.0, 0.0, 0.0, 0.0, 0.0, 0.0, 0.0, 0.0, 0.0, 0.0, 0.0, 0.0, 0.0, 0.0, 0.0, 0.0, 0.0, 0.0, 0.0, 0.0, 0.0, 0.0, 0.0, 0.0, 0.0, 0.0, 0.0, 0.0, 0.0, 0.0, 0.0, 0.0, 0.0, 0.0, 0.0, 0.0, 0.0, 0.0, 0.0, 0.0, 0.0, 0.0, 0.0, 0.0, 0.0, 0.0, 0.0, 0.0, 0.0, 0.0, 0.0, 0.0, 0.0, 0.0, 0.0, 0.0, 0.0, 0.0, 0.0, 0.0, 0.0, 0.0, 0.0, 0.0, 0.0, 0.0, 0.0, 0.0, 0.0, 0.0, 0.0, 0.0], "tonal.chords_histogram": [0.0, 0.0, 22.750425338745117, 0.0, 0.16977928578853607, 0.0, 0.0, 12.73344612121582, 25.46689224243164, 13.752121925354004, 0.33955857157707214, 1.018675684928894, 0.0, 0.0, 11.884550094604492, 7.640068054199219, 1.018675684928894, 0.0, 0.0, 0.0, 0.0, 0.0, 0.0, 3.225806474685669], "tonal.thpcp": [1.0, 0.6943415403366089, 0.7992146015167236, 0.800970196723938, 0.4683288037776947, 0.3163115978240967, 0.2633434236049652, 0.2571028769016266, 0.25853031873703003, 0.22492383420467377, 0.23314204812049866, 0.2723325192928314, 0.32778200507164, 0.30308789014816284, 0.23288673162460327, 0.2246399074792862, 0.24828356504440308, 0.2830054461956024, 0.2629275321960449, 0.22626818716526031, 0.43714433908462524, 0.5203675627708435, 0.3018709123134613, 0.22697466611862183, 0.2572483718395233, 0.27845481038093567, 0.3586418628692627, 0.38979706168174744, 0.33100759983062744, 0.32828906178474426, 0.3284369707107544, 0.3500412404537201, 0.4655973017215729, 0.5373662710189819, 0.5224933624267578, 0.8626040816307068], "lowlevel.gfcc.cov": [[5456.55224609375, 499.6602783203125, 1481.5985107421875, 1056.067626953125, 354.08197021484375, 272.0699768066406, -124.1117172241211, -58.59445571899414, 45.25524139404297, 5.51923131942749, -79.46990966796875, 207.04916381835938, 117.02108001708984], [499.6602783203125, 3356.16064453125, 568.9440307617188, 487.3797912597656, 910.736572265625, -127.5435791015625, 435.93829345703125, 14.220016479492188, 359.02423095703125, -126.61152648925781, 204.66651916503906, -51.51569747924805, 241.29757690429688], [1481.5985107421875, 568.9440307617188, 2022.92236328125, 1343.97119140625, 909.6965942382812, 802.9014892578125, 467.9889221191406, 307.93756103515625, 373.8081970214844, 226.6199493408203, 228.20428466796875, 182.036376953125, 203.37924194335938], [1056.067626953125, 487.3797912597656, 1343.97119140625, 1473.2744140625, 817.5137939453125, 552.6349487304688, 345.8771667480469, 215.35372924804688, 364.058837890625, 136.7972869873047, 217.96621704101562, 166.72821044921875, 250.12754821777344], [354.08197021484375, 910.736572265625, 909.6965942382812, 817.5137939453125, 967.388427734375, 511.7402648925781, 565.5208740234375, 333.8685607910156, 392.810546875, 217.2850799560547, 245.77781677246094, 115.17208862304688, 201.2042236328125], [272.0699768066406, -127.5435791015625, 802.9014892578125, 552.6349487304688, 511.7402648925781, 832.3844604492188, 593.7529296875, 372.5104675292969, 347.71832275390625, 278.43963623046875, 261.8862609863281, 117.74980163574219, 78.64336395263672], [-124.1117172241211, 435.93829345703125, 467.9889221191406, 345.8771667480469, 565.5208740234375, 593.7529296875, 775.7633666992188, 414.65313720703125, 371.93475341796875, 234.11956787109375, 288.38726806640625, 85.9768295288086, 79.25240325927734], [-58.59445571899414, 14.220016479492188, 307.93756103515625, 215.35372924804688, 333.8685607910156, 372.5104675292969, 414.65313720703125, 388.1360778808594, 304.02288818359375, 215.35000610351562, 177.5615234375, 82.20494842529297, 56.91075897216797], [45.25524139404297, 359.02423095703125, 373.8081970214844, 364.058837890625, 392.810546875, 347.71832275390625, 371.93475341796875, 304.02288818359375, 464.5111083984375, 226.85101318359375, 225.5539093017578, 69.61337280273438, 105.3252182006836], [5.51923131942749, -126.61152648925781, 226.6199493408203, 136.7972869873047, 217.2850799560547, 278.43963623046875, 234.11956787109375, 215.35000610351562, 226.85101318359375, 281.4270935058594, 164.08953857421875, 67.43985748291016, 23.2550106048584], [-79.46990966796875, 204.66651916503906, 228.20428466796875, 217.96621704101562, 245.77781677246094, 261.8862609863281, 288.38726806640625, 177.5615234375, 225.5539093017578, 164.08953857421875, 247.5826873779297, 74.75831604003906, 68.59050750732422], [207.04916381835938, -51.51569747924805, 182.036376953125, 166.72821044921875, 115.17208862304688, 117.74980163574219, 85.9768295288086, 82.20494842529297, 69.61337280273438, 67.43985748291016, 74.75831604003906, 128.32948303222656, 63.270904541015625], [117.02108001708984, 241.29757690429688, 203.37924194335938, 250.12754821777344, 201.2042236328125, 78.64336395263672, 79.25240325927734, 56.91075897216797, 105.3252182006836, 23.2550106048584, 68.59050750732422, 63.270904541015625, 138.23153686523438]], "lowlevel.gfcc.icov": [[0.0002880525717046112, -0.00015017183613963425, -0.00015298440121114254, -0.00017112112254835665, 0.0002590376534499228, -0.0001377589942421764, 0.00012779224198311567, 4.460820036911173e-06, 4.96256398037076e-05, -0.0002367392589803785, 0.00046788877807557583, -0.0005556115647777915, 0.00020340035553090274], [-0.00015017183613963425, 0.0012012465158477426, -0.0004944880492985249, 0.0007697419496253133, -0.0014855319168418646, 0.0015457809204235673, -0.001025709556415677, 0.00136268581263721, -0.0013108308194205165, 0.0015718488721176982, -0.0012274003820493817, 0.0009635743335820735, -0.00042283645598217845], [-0.00015298440121114254, -0.0004944880492985249, 0.0021030690986663103, -0.0012878485722467303, -0.00017565781308803707, -0.0018195842858403921, 0.001024385797791183, -0.0007337303832173347, 0.0008026672876439989, -0.0005888629821129143, 0.0006056679994799197, -0.00043562735663726926, 0.000620790000539273], [-0.00017112112254835665, 0.0007697419496253133, -0.0012878485722467303, 0.003074511419981718, -0.0020474442280828953, 0.00043641257798299193, 0.00017217607819475234, 0.0013501057401299477, -0.0016490649431943893, 0.002067885361611843, -0.0013580438680946827, 8.861527749104425e-05, -0.0012480238219723105], [0.0002590376534499228, -0.0014855319168418646, -0.00017565781308803707, -0.0020474442280828953, 0.006054122466593981, -0.000812146405223757, -0.001399756409227848, -0.001648614532314241, 0.0016186978900805116, -0.0035055160988122225, 0.0024722397793084383, -0.00011770505079766735, -0.002348169917240739], [-0.0001377589942421764, 0.0015457809204235673, -0.0018195842858403921, 0.00043641257798299193, -0.000812146405223757, 0.006671230774372816, -0.004118015989661217, 0.0013206742005422711, -0.001385717187076807, 0.00018521927995607257, -0.0015525147318840027, 0.0010150611633434892, -0.00015985232312232256], [0.00012779224198311567, -0.001025709556415677, 0.001024385797791183, 0.00017217607819475234, -0.001399756409227848, -0.004118015989661217, 0.007563367020338774, -0.004496469162404537, 0.0010182507103309035, 0.0014177779667079449, -0.0023771305568516254, -0.00039782942621968687, 0.0021060151048004627], [4.460820036911173e-06, 0.00136268581263721, -0.0007337303832173347, 0.0013501057401299477, -0.001648614532314241, 0.0013206742005422711, -0.004496469162404537, 0.011451379396021366, -0.00488892151042819, -0.0008404477266594768, 0.0012156848097220063, -0.0017620408907532692, -0.00016450564726255834], [4.96256398037076e-05, -0.0013108308194205165, 0.0008026672876439989, -0.0016490649431943893, 0.0016186978900805116, -0.001385717187076807, 0.0010182507103309035, -0.00488892151042819, 0.008555354550480843, -0.0038973435293883085, -0.0011625784682109952, 0.0018450554925948381, -0.002220278838649392], [-0.0002367392589803785, 0.0015718488721176982, -0.0005888629821129143, 0.002067885361611843, -0.0035055160988122225, 0.00018521927995607257, 0.0014177779667079449, -0.0008404477266594768, -0.0038973435293883085, 0.011957913637161255, -0.005407991353422403, -0.0008400765946134925, 0.00313727674074471], [0.00046788877807557583, -0.0012274003820493817, 0.0006056679994799197, -0.0013580438680946827, 0.0024722397793084383, -0.0015525147318840027, -0.0023771305568516254, 0.0012156848097220063, -0.0011625784682109952, -0.005407991353422403, 0.013125904835760593, -0.0037328582257032394, -0.0015490100486204028], [-0.0005556115647777915, 0.0009635743335820735, -0.00043562735663726926, 8.861527749104425e-05, -0.00011770505079766735, 0.0010150611633434892, -0.00039782942621968687, -0.0017620408907532692, 0.0018450554925948381, -0.0008400765946134925, -0.0037328582257032394, 0.014934210106730461, -0.006431612651795149], [0.00020340035553090274, -0.00042283645598217845, 0.000620790000539273, -0.0012480238219723105, -0.002348169917240739, -0.00015985232312232256, 0.0021060151048004627, -0.00016450564726255834, -0.002220278838649392, 0.00313727674074471, -0.0015490100486204028, -0.006431612651795149, 0.016390617936849594]], "lowlevel.mfcc.cov": [[4806.81787109375, -37.22011184692383, 976.3366088867188, 600.5796508789062, 460.6578674316406, 312.3304443359375, -97.00666809082031, 82.18963623046875, -20.39645767211914, -104.1468505859375, -114.79978942871094, -72.63007354736328, -15.477540016174316], [-37.22011184692383, 2805.808837890625, -121.8507308959961, 521.4561157226562, 268.04644775390625, 115.4448013305664, 164.81370544433594, 188.780029296875, 187.2564697265625, 49.50338363647461, 156.168701171875, -4.0732622146606445, 143.4910125732422], [976.3366088867188, -121.8507308959961, 1487.169677734375, 711.8595581054688, 726.351318359375, 649.3098754882812, 367.0177001953125, 361.24810791015625, 271.195556640625, 260.22900390625, 107.11335754394531, 285.6648254394531, 102.36229705810547], [600.5796508789062, 521.4561157226562, 711.8595581054688, 1039.5028076171875, 692.2827758789062, 452.6350402832031, 236.59654235839844, 289.8864440917969, 253.09152221679688, 149.5628662109375, 28.169010162353516, 137.6427459716797, 174.59400939941406], [460.6578674316406, 268.04644775390625, 726.351318359375, 692.2827758789062, 740.0413208007812, 474.3140869140625, 257.3524169921875, 272.4089660644531, 276.9840393066406, 237.07696533203125, 90.27054595947266, 199.0829620361328, 168.01724243164062], [312.3304443359375, 115.4448013305664, 649.3098754882812, 452.6350402832031, 474.3140869140625, 604.0015869140625, 422.5304870605469, 332.02008056640625, 277.0413818359375, 295.5399475097656, 209.00367736816406, 254.8511962890625, 117.02062225341797], [-97.00666809082031, 164.81370544433594, 367.0177001953125, 236.59654235839844, 257.3524169921875, 422.5304870605469, 560.635986328125, 347.4107971191406, 271.7640380859375, 285.1754455566406, 272.4502868652344, 244.07992553710938, 98.21478271484375], [82.18963623046875, 188.780029296875, 361.24810791015625, 289.8864440917969, 272.4089660644531, 332.02008056640625, 347.4107971191406, 414.412353515625, 277.89886474609375, 261.2063903808594, 206.4552001953125, 210.7090606689453, 138.23007202148438], [-20.39645767211914, 187.2564697265625, 271.195556640625, 253.09152221679688, 276.9840393066406, 277.0413818359375, 271.7640380859375, 277.89886474609375, 340.9591064453125, 272.16351318359375, 195.8838348388672, 197.517333984375, 147.4716796875], [-104.1468505859375, 49.50338363647461, 260.22900390625, 149.5628662109375, 237.07696533203125, 295.5399475097656, 285.1754455566406, 261.2063903808594, 272.16351318359375, 385.3184509277344, 266.9839172363281, 251.87542724609375, 144.4637908935547], [-114.79978942871094, 156.168701171875, 107.11335754394531, 28.169010162353516, 90.27054595947266, 209.00367736816406, 272.4502868652344, 206.4552001953125, 195.8838348388672, 266.9839172363281, 329.5420837402344, 207.1397247314453, 122.59725952148438], [-72.63007354736328, -4.0732622146606445, 285.6648254394531, 137.6427459716797, 199.0829620361328, 254.8511962890625, 244.07992553710938, 210.7090606689453, 197.517333984375, 251.87542724609375, 207.1397247314453, 295.7655944824219, 148.15771484375], [-15.477540016174316, 143.4910125732422, 102.36229705810547, 174.59400939941406, 168.01724243164062, 117.02062225341797, 98.21478271484375, 138.23007202148438, 147.4716796875, 144.4637908935547, 122.59725952148438, 148.15771484375, 203.90919494628906]], "lowlevel.mfcc.icov": [[0.00027504056924954057, 9.994251740863547e-06, -0.00019946166139561683, -5.82512111577671e-05, 1.2025440810248256e-05, -0.00016197172226384282, 0.0002636596909724176, -0.00010668201139196754, 6.114072311902419e-05, 0.00018049079517368227, -0.00022092658036854118, 0.0002529640623833984, -3.0842293199384585e-05], [9.994251740863547e-06, 0.00048270897241309285, 0.00020916790526825935, -0.0003297556540928781, -0.0001547995925648138, 9.950298408512026e-05, -2.7374760975362733e-05, -0.00011267843365203589, -0.0001462225482100621, 0.00036878656828776, -0.000570300908293575, 0.0002700956247281283, -1.0446060514368583e-05], [-0.00019946166139561683, 0.00020916790526825935, 0.0020246536005288363, -0.00026384397642686963, -0.001127498922869563, -0.0008876840001903474, 0.00018034236563835293, -0.0005622209864668548, 0.00024338091316167265, 0.00038976874202489853, 0.00021329818991944194, -0.001331844599917531, 0.0011672384571284056], [-5.82512111577671e-05, -0.0003297556540928781, -0.00026384397642686963, 0.0033219512552022934, -0.002210714854300022, -0.0006062419270165265, -0.00011466466094134375, -0.0006796795059926808, -0.00012863548181485385, 0.0007199407555162907, 0.0009744740673340857, 0.000740896153729409, -0.0013400445459410548], [1.2025440810248256e-05, -0.0001547995925648138, -0.001127498922869563, -0.002210714854300022, 0.006424224004149437, -0.002096008975058794, 0.00046076608123257756, 0.001132489531300962, -0.0013136757770553231, -0.0015956164570525289, 0.0015568234957754612, 0.00038360481266863644, -0.0016456854064017534], [-0.00016197172226384282, 9.950298408512026e-05, -0.0008876840001903474, -0.0006062419270165265, -0.002096008975058794, 0.00790505949407816, -0.0030937588308006525, -0.0003409736673347652, 0.00038232095539569855, -0.0012131986441090703, -0.0005453425692394376, -0.001095765270292759, 0.0015012006042525172], [0.0002636596909724176, -2.7374760975362733e-05, 0.00018034236563835293, -0.00011466466094134375, 0.00046076608123257756, -0.0030937588308006525, 0.006588766351342201, -0.0025419623125344515, -0.0008565762545913458, 0.0012078743893653154, -0.002548705553635955, -0.001012985361739993, 0.002024524612352252], [-0.00010668201139196754, -0.00011267843365203589, -0.0005622209864668548, -0.0006796795059926808, 0.001132489531300962, -0.0003409736673347652, -0.0025419623125344515, 0.007989175617694855, -0.002932426519691944, -0.000981851713731885, 0.00027131641400046647, 7.083282980602235e-05, -0.001391759840771556], [6.114072311902419e-05, -0.0001462225482100621, 0.00024338091316167265, -0.00012863548181485385, -0.0013136757770553231, 0.00038232095539569855, -0.0008565762545913458, -0.002932426519691944, 0.01032591424882412, -0.003969703335314989, 0.00011588485358515754, 0.0004349006630945951, -0.0016821702010929585], [0.00018049079517368227, 0.00036878656828776, 0.00038976874202489853, 0.0007199407555162907, -0.0015956164570525289, -0.0012131986441090703, 0.0012078743893653154, -0.000981851713731885, -0.003969703335314989, 0.01166815310716629, -0.004947580862790346, -0.0030930661596357822, 0.0008633562829345465], [-0.00022092658036854118, -0.000570300908293575, 0.00021329818991944194, 0.0009744740673340857, 0.0015568234957754612, -0.0005453425692394376, -0.002548705553635955, 0.00027131641400046647, 0.00011588485358515754, -0.004947580862790346, 0.010759541764855385, -0.0016044226940721273, -0.002364895772188902], [0.0002529640623833984, 0.0002700956247281283, -0.001331844599917531, 0.000740896153729409, 0.00038360481266863644, -0.001095765270292759, -0.001012985361739993, 7.083282980602235e-05, 0.0004349006630945951, -0.0030930661596357822, -0.0016044226940721273, 0.011941696517169476, -0.005219228100031614], [-3.0842293199384585e-05, -1.0446060514368583e-05, 0.0011672384571284056, -0.0013400445459410548, -0.0016456854064017534, 0.0015012006042525172, 0.002024524612352252, -0.001391759840771556, -0.0016821702010929585, 0.0008633562829345465, -0.002364895772188902, -0.005219228100031614, 0.01175242941826582]], "metadata.audio_properties.analysis.downmix": "mix", "metadata.audio_properties.codec": "mp3", "metadata.audio_properties.md5_encoded": "bad82121370de8f3d7054dacdeb33c1f", "metadata.tags.file_name": "1183708176307208282.mp3", "metadata.version.essentia": "2.1-beta6-dev", "metadata.version.essentia_git_sha": "v2.1_beta5-1110-g77a6a954", "metadata.version.extractor": "music 2.0", "tonal.chords_key": "Ab", "tonal.chords_scale": "minor", "tonal.key_edma.key": "E", "tonal.key_edma.scale": "minor", "tonal.key_krumhansl.key": "E", "tonal.key_krumhansl.scale": "minor", "tonal.key_temperley.key": "E", "tonal.key_temperley.scale": "minor", "metadata.tags.encoding": ["Lavf58.45.100"]}, "essentia_models": [{"model_name": "genre_dortmund", "activations": {"alternative": "0.00224115", "blues": "0.000105830695", "electronic": "0.0016978257", "folkcountry": "0.0003507241", "funksoulrnb": "0.0028600532", "jazz": "0.0001302816", "pop": "0.0030572522", "raphiphop": "0.9814133", "rock": "0.012565606"}}, {"model_name": "genre_rosamerica", "activations": {"classic": "7.842666e-05", "dance": "0.00014597402", "hip hop": "0.89448327", "jazz": "2.31442e-05", "pop": "0.0013391357", "rhythm and blues": "0.0076481644", "rock": "0.0039915135", "speech": "0.016121788"}}, {"model_name": "genre_tzanetakis", "activations": {"blues": "0.00083298254", "classic": "8.600284e-05", "country"