{"song_id": "1183703137220038746", "download": "https://cdn.discordapp.com/attachments/1128313332273782784/1183703137220038746/chirp.mp4?ex=65894c74&amp", "lyrics": "(Verse 1)\nOCD, it's like a demon in my brain,\nCompulsive thoughts, driving me insane,\nIn the depths of New Orleans, where darkness resides,\nI battle with my mind, where the shadows hide.\n\n(Chorus)\nOCD, it's a constant fight,\nIn this dark rap game, I'll shine my light,\nThrough the pain and the struggle, I'll rise above,\nI won't let this disorder define my love.\n\n(Verse 2)\nCounting numbers, checking locks, it's a daily routine,\nObsessions and rituals, like a twisted dream,\nBut I won't let it break me, I won't let it win,\nI'll channel this pain, let the darkness within.\n\n(Chorus)\nOCD, it's a constant fight,\nIn this dark rap game, I'll shine my light,\nThrough the pain and the struggle, I'll rise above,\nI won't let this disorder define my love.", "style": ["song for kids"], "essentia_features": {"lowlevel.average_loudness": 0.965928316116333, "lowlevel.barkbands_crest.mean": 16.71237564086914, "lowlevel.barkbands_crest.stdev": 5.799762725830078, "lowlevel.barkbands_flatness_db.mean": 0.24435102939605713, "lowlevel.barkbands_flatness_db.stdev": 0.12579753994941711, "lowlevel.barkbands_kurtosis.mean": 40.292415618896484, "lowlevel.barkbands_kurtosis.stdev": 79.52272033691406, "lowlevel.barkbands_skewness.mean": 3.791363000869751, "lowlevel.barkbands_skewness.stdev": 3.636887311935425, "lowlevel.barkbands_spread.mean": 18.13727378845215, "lowlevel.barkbands_spread.stdev": 16.052772521972656, "lowlevel.dissonance.mean": 0.46335703134536743, "lowlevel.dissonance.stdev": 0.036668144166469574, "lowlevel.dynamic_complexity": 2.489396333694458, "lowlevel.erbbands_crest.mean": 11.42129898071289, "lowlevel.erbbands_crest.stdev": 5.658285140991211, "lowlevel.erbbands_flatness_db.mean": 0.1777127981185913, "lowlevel.erbbands_flatness_db.stdev": 0.07440605014562607, "lowlevel.erbbands_kurtosis.mean": 3.221121311187744, "lowlevel.erbbands_kurtosis.stdev": 9.923192977905273, "lowlevel.erbbands_skewness.mean": 0.47505298256874084, "lowlevel.erbbands_skewness.stdev": 1.700797200202942, "lowlevel.erbbands_spread.mean": 52.57160186767578, "lowlevel.erbbands_spread.stdev": 38.344444274902344, "lowlevel.hfc.mean": 22.530353546142578, "lowlevel.hfc.stdev": 20.187185287475586, "lowlevel.loudness_ebu128.integrated": -11.4761962890625, "lowlevel.loudness_ebu128.loudness_range": 1.345168113708496, "lowlevel.loudness_ebu128.momentary.mean": -11.808782577514648, "lowlevel.loudness_ebu128.momentary.stdev": 1.8806580305099487, "lowlevel.loudness_ebu128.short_term.mean": -11.428202629089355, "lowlevel.loudness_ebu128.short_term.stdev": 0.5864464640617371, "lowlevel.melbands_crest.mean": 22.284948348999023, "lowlevel.melbands_crest.stdev": 6.662330627441406, "lowlevel.melbands_flatness_db.mean": 0.3207781910896301, "lowlevel.melbands_flatness_db.stdev": 0.15384377539157867, "lowlevel.melbands_kurtosis.mean": 86.47644805908203, "lowlevel.melbands_kurtosis.stdev": 123.5076904296875, "lowlevel.melbands_skewness.mean": 5.8970746994018555, "lowlevel.melbands_skewness.stdev": 4.604433536529541, "lowlevel.melbands_spread.mean": 16.216350555419922, "lowlevel.melbands_spread.stdev": 21.4941463470459, "lowlevel.pitch_salience.mean": 0.34617021679878235, "lowlevel.pitch_salience.stdev": 0.1795320361852646, "lowlevel.silence_rate_20dB.mean": 1.0, "lowlevel.silence_rate_20dB.stdev": 0.0, "lowlevel.silence_rate_30dB.mean": 0.9101969599723816, "lowlevel.silence_rate_30dB.stdev": 0.2859008312225342, "lowlevel.silence_rate_60dB.mean": 0.0341830812394619, "lowlevel.silence_rate_60dB.stdev": 0.18169879913330078, "lowlevel.spectral_centroid.mean": 1328.9117431640625, "lowlevel.spectral_centroid.stdev": 940.2060546875, "lowlevel.spectral_complexity.mean": 15.046929359436035, "lowlevel.spectral_complexity.stdev": 13.5126314163208, "lowlevel.spectral_decrease.mean": -1.3167533730040759e-08, "lowlevel.spectral_decrease.stdev": 9.366758035866951e-09, "lowlevel.spectral_energy.mean": 0.051740873605012894, "lowlevel.spectral_energy.stdev": 0.035783302038908005, "lowlevel.spectral_energyband_high.mean": 0.0011277422308921814, "lowlevel.spectral_energyband_high.stdev": 0.0016385660273954272, "lowlevel.spectral_energyband_low.mean": 0.03968927636742592, "lowlevel.spectral_energyband_low.stdev": 0.034708406776189804, "lowlevel.spectral_energyband_middle_high.mean": 0.005400421563535929, "lowlevel.spectral_energyband_middle_high.stdev": 0.008218894712626934, "lowlevel.spectral_energyband_middle_low.mean": 0.006320006214082241, "lowlevel.spectral_energyband_middle_low.stdev": 0.008236244320869446, "lowlevel.spectral_entropy.mean": 7.241252422332764, "lowlevel.spectral_entropy.stdev": 0.9906011819839478, "lowlevel.spectral_flux.mean": 0.09045693278312683, "lowlevel.spectral_flux.stdev": 0.06287688761949539, "lowlevel.spectral_kurtosis.mean": 11.467666625976562, "lowlevel.spectral_kurtosis.stdev": 32.91246032714844, "lowlevel.spectral_rms.mean": 0.00665264530107379, "lowlevel.spectral_rms.stdev": 0.002494228770956397, "lowlevel.spectral_rolloff.mean": 1034.455810546875, "lowlevel.spectral_rolloff.stdev": 1679.685302734375, "lowlevel.spectral_skewness.mean": 1.8363661766052246, "lowlevel.spectral_skewness.stdev": 1.8515033721923828, "lowlevel.spectral_spread.mean": 4734975.5, "lowlevel.spectral_spread.stdev": 2226245.25, "lowlevel.spectral_strongpeak.mean": 0.818325936794281, "lowlevel.spectral_strongpeak.stdev": 0.6917464137077332, "lowlevel.zerocrossingrate.mean": 0.04273366183042526, "lowlevel.zerocrossingrate.stdev": 0.045700591057538986, "metadata.audio_properties.analysis.equal_loudness": 0.0, "metadata.audio_properties.analysis.length": 40.04265213012695, "metadata.audio_properties.analysis.sample_rate": 44100.0, "metadata.audio_properties.analysis.start_time": 0.0, "metadata.audio_properties.bit_rate": 120038.0, "metadata.audio_properties.length": 40.042667388916016, "metadata.audio_properties.lossless": 0.0, "metadata.audio_properties.number_channels": 1.0, "metadata.audio_properties.replay_gain": -13.988445281982422, "metadata.audio_properties.sample_rate": 48000.0, "rhythm.beats_count": 59.0, "rhythm.beats_loudness.mean": 0.06425327807664871, "rhythm.beats_loudness.stdev": 0.03062915988266468, "rhythm.bpm": 89.27951049804688, "rhythm.bpm_histogram_first_peak_bpm": 89.0, "rhythm.bpm_histogram_first_peak_weight": 0.17543864250183105, "rhythm.bpm_histogram_second_peak_bpm": 94.0, "rhythm.bpm_histogram_second_peak_spread": 0.0, "rhythm.bpm_histogram_second_peak_weight": 0.017241379246115685, "rhythm.danceability": 1.1915323734283447, "rhythm.onset_rate": 4.6686482429504395, "tonal.chords_changes_rate": 0.0763888880610466, "tonal.chords_number_rate": 0.0069444444961845875, "tonal.chords_strength.mean": 0.49767300486564636, "tonal.chords_strength.stdev": 0.0744723230600357, "tonal.hpcp_crest.mean": 12.267833709716797, "tonal.hpcp_crest.stdev": 5.849084854125977, "tonal.hpcp_entropy.mean": 2.290599822998047, "tonal.hpcp_entropy.stdev": 0.8381441235542297, "tonal.key_edma.strength": 0.7472243309020996, "tonal.key_krumhansl.strength": 0.7487438917160034, "tonal.key_temperley.strength": 0.7395896911621094, "tonal.tuning_diatonic_strength": 0.585272490978241, "tonal.tuning_equal_tempered_deviation": 0.1384381502866745, "tonal.tuning_frequency": 437.9714660644531, "tonal.tuning_nontempered_energy_ratio": 0.7617831230163574, "lowlevel.barkbands.mean": [0.0008412869065068662, 0.022813819348812103, 0.015328456647694111, 0.0010126857087016106, 0.0012203926453366876, 0.0012617777101695538, 0.0011975234374403954, 0.0006935808341950178, 0.0007830645772628486, 0.0009979684837162495, 0.000928542111068964, 0.000505710719153285, 0.0006189213017933071, 0.0003424457390792668, 0.0002632523828651756, 0.00024089717771857977, 0.0003838848788291216, 0.0005352779990062118, 0.00034883280750364065, 0.0006306396680884063, 0.00015609237016178668, 0.000162540003657341, 0.00018914496467914432, 0.00015010008064564317, 8.821391384117305e-05, 4.514531610766426e-05, 7.173879907895753e-07], "lowlevel.barkbands.stdev": [0.002362328115850687, 0.032818254083395004, 0.015574207529425621, 0.001955394633114338, 0.002473934553563595, 0.0027006003074347973, 0.003369653830304742, 0.0022098671179264784, 0.002561233937740326, 0.0031361018773168325, 0.00316815497353673, 0.0017607474001124501, 0.0018758977530524135, 0.0008899077074602246, 0.0006547645898535848, 0.0005947062745690346, 0.0007583163678646088, 0.0008480013348162174, 0.0005215966957621276, 0.0009148530662059784, 0.0003838454431388527, 0.00031345649040304124, 0.00032468480640091, 0.0002607354836072773, 0.00014106862363405526, 8.940456609707326e-05, 3.092141923843883e-06], "lowlevel.erbbands.mean": [0.5452519655227661, 5.660274982452393, 17.88720703125, 9.12185001373291, 1.816711664199829, 3.533374309539795, 15.069849967956543, 6.986819744110107, 14.084488868713379, 16.381175994873047, 17.252235412597656, 16.10841941833496, 20.60550880432129, 45.267356872558594, 30.4401798248291, 22.423913955688477, 28.440799713134766, 20.122100830078125, 15.895831108093262, 12.319427490234375, 14.215511322021484, 23.472572326660156, 30.1355037689209, 19.978822708129883, 20.545185089111328, 31.24393081665039, 11.062653541564941, 5.318860054016113, 5.6400675773620605, 6.703192710876465, 4.869687557220459, 3.1148881912231445, 2.532114267349243, 1.2133268117904663, 0.514475405216217, 0.2191629260778427, 0.08059412240982056, 0.010127090848982334, 0.00022635736968368292, 6.779390969313681e-05], "lowlevel.erbbands.stdev": [1.0745428800582886, 7.291364669799805, 15.50865364074707, 9.083385467529297, 3.5140206813812256, 7.513142108917236, 32.67559051513672, 16.353219985961914, 38.598976135253906, 48.358306884765625, 58.18787384033203, 50.84346008300781, 58.86827087402344, 142.8955535888672, 91.10289764404297, 72.32193756103516, 86.38436126708984, 51.33348083496094, 36.888954162597656, 28.88022232055664, 33.415225982666016, 43.97395706176758, 47.23080825805664, 31.32421112060547, 29.882720947265625, 46.640869140625, 19.43680763244629, 13.227688789367676, 11.361324310302734, 11.728736877441406, 8.511610984802246, 5.62656307220459, 4.309077262878418, 1.8818209171295166, 0.9213323593139648, 0.41633859276771545, 0.16404780745506287, 0.024861302226781845, 0.00048382760724052787, 4.411025292938575e-05], "lowlevel.gfcc.mean": [-38.53916931152344, 86.74010467529297, -86.5839614868164, 53.08775329589844, -39.456302642822266, 23.22202491760254, -23.19547462463379, 20.470409393310547, -26.405494689941406, 0.3366580903530121, -8.268388748168945, -4.534536361694336, -13.145609855651855], "lowlevel.melbands.mean": [0.005769907496869564, 0.008340584114193916, 0.0014408151619136333, 0.00015415069356095046, 0.0004557780339382589, 0.0001733274693833664, 0.0002285082300659269, 0.00016765433247201145, 0.00014240147720556706, 0.00010295522952219471, 0.00010287594341207296, 0.0001831131667131558, 0.00011748150427592918, 5.4644184274366125e-05, 6.739319360349327e-05, 5.68075520277489e-05, 3.469107468845323e-05, 2.6017856725957245e-05, 1.8709446521825157e-05, 1.5687350241933018e-05, 1.6307662008330226e-05, 2.2305292077362537e-05, 2.9963264751131646e-05, 2.349583519389853e-05, 1.530713780084625e-05, 1.2851840438088402e-05, 1.8840102711692452e-05, 2.1542806280194782e-05, 7.954632565088104e-06, 3.6596097743313294e-06, 2.762544681900181e-06, 2.9931798053439707e-06, 3.4975009839399718e-06, 3.908803591912147e-06, 2.952827117042034e-06, 2.0989948552596616e-06, 1.8718388901106664e-06, 1.8970119981531752e-06, 1.3813424857289647e-06, 9.029071748045681e-07], "lowlevel.melbands.stdev": [0.009287414140999317, 0.006161773111671209, 0.0014233925612643361, 0.0003176780592184514, 0.0009662544471211731, 0.00039387011202052236, 0.0006335321813821793, 0.0004909573472104967, 0.0005197146092541516, 0.00033507912303321064, 0.000300989777315408, 0.000585896079428494, 0.00038846899406053126, 0.00015702414384577423, 0.0002330893330508843, 0.00017212997772730887, 9.174303704639897e-05, 6.337698869174346e-05, 4.69519873149693e-05, 4.0552822611061856e-05, 4.186150908935815e-05, 4.650298797059804e-05, 4.956351040164009e-05, 3.859235584968701e-05, 2.5248416932299733e-05, 1.9934670490329154e-05, 2.9455382900778204e-05, 3.336634108563885e-05, 1.3906355889048427e-05, 1.0031481906480622e-05, 7.162387646530988e-06, 6.30779322818853e-06, 6.652866886724951e-06, 6.818081601522863e-06, 5.205024081078591e-06, 3.896749603882199e-06, 3.4919528388854815e-06, 3.3329608868370997e-06, 2.262662519569858e-06, 1.4228842246666318e-06], "lowlevel.melbands128.mean": [0.0007295961258932948, 0.0035043389070779085, 0.008301526308059692, 0.00937904417514801, 0.01030510850250721, 0.00639984430745244, 0.0018116770079359412, 0.00032654122333042324, 0.00010340302833355963, 0.00013342399324756116, 0.00013887947716284543, 0.00041925316327251494, 0.0006755705107934773, 0.00033432713826186955, 0.00012878733105026186, 8.919066021917388e-05, 0.00015266500122379512, 0.000294177676551044, 0.0002800227084662765, 0.0001701291330391541, 0.00011817557242466137, 0.00012036406405968592, 0.00017779465997591615, 0.00012410047929733992, 8.239835005952045e-05, 0.00010340099106542766, 0.00012108067312510684, 7.590896711917594e-05, 9.927977953338996e-05, 0.0002109086053678766, 0.00020468114234972745, 0.0001536783529445529, 0.000128369007143192, 8.032677578739822e-05, 4.961001832270995e-05, 4.615139914676547e-05, 6.156344170449302e-05, 6.833868246758357e-05, 7.49070750316605e-05, 6.238213245524094e-05, 5.267433152766898e-05, 4.9698610382620245e-05, 3.2147458114195615e-05, 2.914436481660232e-05, 2.948950532299932e-05, 2.3693461116636172e-05, 2.5625296984799206e-05, 1.8904498574556783e-05, 1.617232737771701e-05, 1.4812117115070578e-05, 1.567883009556681e-05, 1.6302499716402963e-05, 1.7306692825513892e-05, 1.4729657777934335e-05, 1.6919682821026072e-05, 2.386903179285582e-05, 2.5651135729276575e-05, 2.823790600814391e-05, 3.35665354214143e-05, 3.012526394741144e-05, 2.1839183318661526e-05, 2.0430985387065448e-05, 1.6997792045003735e-05, 1.3857463272870518e-05, 1.1961938071181066e-05, 1.2437640179996379e-05, 1.3432592822937295e-05, 1.4774381270399317e-05, 2.0091580154257827e-05, 2.4665225282660685e-05, 2.4406739612459205e-05, 1.990262171602808e-05, 1.1150699720019475e-05, 5.468961262522498e-06, 4.26262477049022e-06, 3.97886424252647e-06, 3.245323796363664e-06, 2.8571589609782677e-06, 2.821603175107157e-06, 2.4448413569189142e-06, 2.8223446406627772e-06, 3.2259854378935415e-06, 3.4101919936802005e-06, 3.523682607919909e-06, 3.5123923680657754e-06, 3.960013145842822e-06, 4.193389031570405e-06, 3.5628352179628564e-06, 2.796281478367746e-06, 2.6171496756433044e-06, 2.408352202110109e-06, 1.9317189980938565e-06, 1.5995810827007517e-06, 1.8540131350164302e-06, 2.0442844288481865e-06, 1.977267629627022e-06, 1.8801687247105292e-06, 1.7781884480427834e-06, 1.41944883580436e-06, 1.1730156757039367e-06, 1.0590428018986131e-06, 8.513275702171086e-07, 7.420396741508739e-07, 6.134226850917912e-07, 5.390228920987283e-07, 5.271578515930742e-07, 5.0936841944349e-07, 4.2546136569399096e-07, 3.6308401263340784e-07, 3.045035441573418e-07, 3.099715399912384e-07, 2.8873017754449393e-07, 2.597319621600036e-07, 2.3183724806585815e-07, 1.9409137053116865e-07, 1.1528365462254442e-07, 2.8694859821598584e-08, 1.8546207902758738e-09, 4.2421025026051495e-10, 1.2648813940696613e-10, 9.255034238986326e-11, 2.0296932537466894e-11, 9.80086845014938e-12, 9.365024380980635e-12, 8.499886558488434e-12, 7.196973485917857e-12, 6.53250977616926e-12, 6.4021565826521964e-12], "lowlevel.melbands128.stdev": [0.0021607575472444296, 0.009164593182504177, 0.014628080651164055, 0.012213489040732384, 0.008359664119780064, 0.006568665616214275, 0.0019613930489867926, 0.0006945128552615643, 0.00032432423904538155, 0.0003239659417886287, 0.0003909593215212226, 0.0009888045024126768, 0.0015574609860777855, 0.0008330987766385078, 0.000411853106925264, 0.0003604534431360662, 0.0005333553999662399, 0.0009202320943586528, 0.0009892048547044396, 0.0006547875818796456, 0.000550080556422472, 0.00043265227577649057, 0.000828934193123132, 0.0005980932619422674, 0.000365312269423157, 0.00047213517245836556, 0.0005639729788526893, 0.0002769725688267499, 0.0003780878323595971, 0.0008149862987920642, 0.0008570437785238028, 0.0006876949919387698, 0.0005907393642701209, 0.00028144873795099556, 0.00018319404625799507, 0.00016450499242637306, 0.00029466627165675163, 0.0003385340969543904, 0.0002970401546917856, 0.0002668989181984216, 0.0001909279526444152, 0.00019120366778224707, 0.00011604550672927871, 8.927023009164259e-05, 9.015946125146002e-05, 7.441644265782088e-05, 7.924836972961202e-05, 5.7145811297232285e-05, 5.2240015065763146e-05, 4.7869929403532296e-05, 4.9251415475737303e-05, 4.9315371143165976e-05, 5.75745252717752e-05, 4.0501498006051406e-05, 4.8999732825905085e-05, 5.856731877429411e-05, 5.806096305605024e-05, 6.005412069498561e-05, 6.553950515808538e-05, 5.7856697821989655e-05, 3.9860598917584866e-05, 4.5711738493992016e-05, 3.133597783744335e-05, 2.5155837647616863e-05, 2.2107184122432955e-05, 2.1727360945078544e-05, 2.3194461391540244e-05, 2.7399781174608506e-05, 3.660135553218424e-05, 4.216351590002887e-05, 4.5359887735685334e-05, 3.51448506989982e-05, 2.012575714616105e-05, 1.3009875146963168e-05, 1.1337019714119378e-05, 1.2814577530662064e-05, 9.468612006457988e-06, 8.043597517826129e-06, 8.440608326054644e-06, 6.1853552324464545e-06, 6.415865755116101e-06, 7.176079634518828e-06, 7.287427251867484e-06, 7.4383588071214035e-06, 6.740982371411519e-06, 7.680982889723964e-06, 7.730834113317542e-06, 6.342453161778394e-06, 5.412341579358326e-06, 5.286538907967042e-06, 4.770468876813538e-06, 3.895346708304714e-06, 3.2961670513032004e-06, 3.838229531538673e-06, 4.008121322840452e-06, 3.667475311885937e-06, 3.583872739909566e-06, 3.3062729016819503e-06, 2.528906406951137e-06, 2.060224915112485e-06, 1.793377919057093e-06, 1.443888436369889e-06, 1.3891078651795397e-06, 1.270710981771117e-06, 1.2111746627851971e-06, 1.0413334621262038e-06, 9.459778311793343e-07, 8.975306400316185e-07, 7.773028869451082e-07, 6.994247883085336e-07, 6.611658704969159e-07, 6.077156058381661e-07, 6.016940119479841e-07, 5.71779310121201e-07, 5.094939865557535e-07, 3.3381539310539665e-07, 1.1164367208493786e-07, 1.9906400083868903e-08, 6.82545087116182e-09, 3.337548459825257e-09, 2.861144210442035e-09, 3.6531319635990656e-10, 9.132493372643324e-11, 7.666656198779265e-11, 5.039273165419189e-11, 1.9968178152640625e-11, 1.095717874072255e-11, 1.0597388418187581e-11], "lowlevel.mfcc.mean": [-689.2265625, 114.2763671875, 21.18332290649414, 38.56728744506836, 18.0279541015625, 8.658317565917969, 22.413454055786133, 15.851499557495117, 0.11774471402168274, 10.677663803100586, 1.8511879444122314, 1.605079174041748, 5.351259708404541], "lowlevel.spectral_contrast_coeffs.mean": [-0.6270900964736938, -0.7794705629348755, -0.7993225455284119, -0.8094037771224976, -0.7861191034317017, -0.790632426738739], "lowlevel.spectral_contrast_coeffs.stdev": [0.08372483402490616, 0.08623962849378586, 0.07322243601083755, 0.06038946658372879, 0.05484038218855858, 0.042074546217918396], "lowlevel.spectral_contrast_valleys.mean": [-7.144471645355225, -7.5079121589660645, -7.832861423492432, -8.226304054260254, -7.822826385498047, -10.549487113952637], "lowlevel.spectral_contrast_valleys.stdev": [1.0084543228149414, 0.9579481482505798, 1.0275275707244873, 1.1485393047332764, 1.4576876163482666, 1.6842864751815796], "rhythm.beats_loudness_band_ratio.mean": [0.6005889773368835, 0.10408848524093628, 0.05277189984917641, 0.09497612714767456, 0.0668942853808403, 0.0887516587972641], "rhythm.beats_loudness_band_ratio.stdev": [0.25985249876976013, 0.13672763109207153, 0.055881060659885406, 0.14382219314575195, 0.05586966499686241, 0.07897241413593292], "tonal.hpcp.mean": [0.4483284652233124, 0.23500671982765198, 0.051917172968387604, 0.041875746101140976, 0.044466689229011536, 0.0498344711959362, 0.04421817883849144, 0.030371583998203278, 0.03277115151286125, 0.04397333413362503, 0.03529568389058113, 0.026691067963838577, 0.030214183032512665, 0.03846876323223114, 0.10432005673646927, 0.319735586643219, 0.27293860912323, 0.05798858031630516, 0.04305512458086014, 0.04023142531514168, 0.03946410119533539, 0.040490224957466125, 0.03730611130595207, 0.03604215756058693, 0.03742391616106033, 0.03568660840392113, 0.03558347001671791, 0.03586040064692497, 0.037415556609630585, 0.061172012239694595, 0.08578634262084961, 0.06558459997177124, 0.05030759051442146, 0.06770292669534683, 0.06977692246437073, 0.27387285232543945], "tonal.hpcp.stdev": [0.46591126918792725, 0.26769664883613586, 0.1583818793296814, 0.13883961737155914, 0.15095490217208862, 0.1721641570329666, 0.15467844903469086, 0.10817375034093857, 0.10510902106761932, 0.15769582986831665, 0.12178713083267212, 0.10733123868703842, 0.10811331868171692, 0.11290678381919861, 0.17945532500743866, 0.43018677830696106, 0.3766140341758728, 0.15092219412326813, 0.12848502397537231, 0.13104400038719177, 0.12514682114124298, 0.1279914230108261, 0.1169591173529625, 0.1063515841960907, 0.11834332346916199, 0.10801022499799728, 0.11335913091897964, 0.11298621445894241, 0.12231043726205826, 0.16563110053539276, 0.24504204094409943, 0.18447066843509674, 0.1541624814271927, 0.19436274468898773, 0.19096532464027405, 0.29974818229675293], "rhythm.beats_position": [0.6269387602806091, 1.277097463607788, 1.9272562265396118, 2.565804958343506, 3.21596360206604, 3.877732276916504, 4.551111221313477, 5.224489688873291, 5.8978681564331055, 6.571247100830078, 7.244625568389893, 7.918004512786865, 8.59138298034668, 9.264761924743652, 9.949749946594238, 10.63473892211914, 11.308117866516113, 11.981496810913086, 12.654874801635742, 13.328253746032715, 14.001632690429688, 14.675010681152344, 15.348389625549316, 16.02176856994629, 16.695146560668945, 17.368526458740234, 18.04190444946289, 18.715282440185547, 19.388662338256836, 20.062040328979492, 20.73541831970215, 21.408798217773438, 22.070566177368164, 22.75555419921875, 23.42893409729004, 24.102312088012695, 24.798912048339844, 25.4722900390625, 26.145668029785156, 26.819047927856445, 27.4924259185791, 28.154193878173828, 28.815963745117188, 29.489341735839844, 30.1627197265625, 30.83609962463379, 31.509477615356445, 32.206077575683594, 32.87945556640625, 33.54122543334961, 34.214603424072266, 34.89958953857422, 35.57297134399414, 36.2463493347168, 36.91972732543945, 37.59310531616211, 38.266483306884766, 38.93986511230469, 39.613243103027344], "rhythm.bpm_histogram": [0.0, 0.0, 0.0, 0.0, 0.0, 0.0, 0.0, 0.0, 0.0, 0.0, 0.0, 0.0, 0.0, 0.0, 0.0, 0.0, 0.0, 0.0, 0.0, 0.0, 0.0, 0.0, 0.0, 0.0, 0.0, 0.0, 0.0, 0.0, 0.0, 0.0, 0.0, 0.0, 0.0, 0.0, 0.0, 0.0, 0.0, 0.0, 0.0, 0.0, 0.0, 0.0, 0.0, 0.0, 0.0, 0.0, 0.0, 0.0, 0.0, 0.0, 0.0, 0.0, 0.0, 0.0, 0.0, 0.0, 0.0, 0.0, 0.0, 0.0, 0.0, 0.0, 0.0, 0.0, 0.0, 0.0, 0.0, 0.0, 0.0, 0.0, 0.0, 0.0, 0.0, 0.0, 0.0, 0.0, 0.0, 0.0, 0.0, 0.0, 0.0, 0.0, 0.0, 0.0, 0.0, 0.0, 0.03448275849223137, 0.0, 0.06896551698446274, 0.7413793206214905, 0.0, 0.08620689809322357, 0.0517241396009922, 0.0, 0.017241379246115685, 0.0, 0.0, 0.0, 0.0, 0.0, 0.0, 0.0, 0.0, 0.0, 0.0, 0.0, 0.0, 0.0, 0.0, 0.0, 0.0, 0.0, 0.0, 0.0, 0.0, 0.0, 0.0, 0.0, 0.0, 0.0, 0.0, 0.0, 0.0, 0.0, 0.0, 0.0, 0.0, 0.0, 0.0, 0.0, 0.0, 0.0, 0.0, 0.0, 0.0, 0.0, 0.0, 0.0, 0.0, 0.0, 0.0, 0.0, 0.0, 0.0, 0.0, 0.0, 0.0, 0.0, 0.0, 0.0, 0.0, 0.0, 0.0, 0.0, 0.0, 0.0, 0.0, 0.0, 0.0, 0.0, 0.0, 0.0, 0.0, 0.0, 0.0, 0.0, 0.0, 0.0, 0.0, 0.0, 0.0, 0.0, 0.0, 0.0, 0.0, 0.0, 0.0, 0.0, 0.0, 0.0, 0.0, 0.0, 0.0, 0.0, 0.0, 0.0, 0.0, 0.0, 0.0, 0.0, 0.0, 0.0, 0.0, 0.0, 0.0, 0.0, 0.0, 0.0, 0.0, 0.0, 0.0, 0.0, 0.0, 0.0, 0.0, 0.0, 0.0, 0.0, 0.0, 0.0, 0.0, 0.0, 0.0, 0.0, 0.0, 0.0, 0.0, 0.0, 0.0, 0.0, 0.0, 0.0, 0.0, 0.0, 0.0, 0.0, 0.0, 0.0, 0.0, 0.0, 0.0, 0.0, 0.0, 0.0, 0.0, 0.0, 0.0, 0.0, 0.0, 0.0, 0.0, 0.0, 0.0, 0.0, 0.0, 0.0, 0.0, 0.0, 0.0, 0.0], "tonal.chords_histogram": [45.949073791503906, 7.638888835906982, 9.027777671813965, 0.0, 0.0, 8.449073791503906, 0.0, 23.842592239379883, 0.8101851940155029, 0.8101851940155029, 0.0, 0.0, 0.0, 0.0, 0.0, 0.0, 0.0, 0.0, 0.0, 0.0, 0.0, 0.0, 3.472222328186035, 0.0], "tonal.thpcp": [1.0, 0.5241842269897461, 0.11580163985490799, 0.09340416640043259, 0.09918328374624252, 0.1111561581492424, 0.09862897545099258, 0.06774404644966125, 0.07309629768133163, 0.09808284789323807, 0.07872729003429413, 0.05953462794423103, 0.06739296019077301, 0.08580486476421356, 0.23268666863441467, 0.7131726145744324, 0.6087915897369385, 0.12934395670890808, 0.09603478014469147, 0.08973649889230728, 0.08802497386932373, 0.09031374752521515, 0.08321156352758408, 0.08039230108261108, 0.08347432315349579, 0.07959924638271332, 0.0793691948056221, 0.07998689264059067, 0.08345568180084229, 0.13644462823867798, 0.19134707748889923, 0.14628693461418152, 0.11221145838499069, 0.1510118842124939, 0.1556379497051239, 0.6108754277229309], "lowlevel.gfcc.cov": [[12192.0302734375, -3643.3017578125, -1904.7327880859375, 925.4762573242188, -1478.258056640625, 48.90170669555664, -995.0737915039062, 912.9927368164062, -299.0745544433594, 779.3003540039062, -193.1919403076172, 805.6192626953125, -227.2926483154297], [-3643.3017578125, 3266.07568359375, 624.8909912109375, -619.6757202148438, 1001.2286987304688, -254.8242645263672, 612.8889770507812, -269.8385925292969, 163.24827575683594, -362.4622802734375, 273.9266357421875, -474.83782958984375, 205.98751831054688], [-1904.7327880859375, 624.8909912109375, 1572.5230712890625, 405.7410888671875, 380.1211853027344, 191.8291015625, 189.83123779296875, -230.97422790527344, 175.0419921875, -94.66929626464844, 2.5900211334228516, -61.50304412841797, -6.831273555755615], [925.4762573242188, -619.6757202148438, 405.7410888671875, 880.4390869140625, 39.54869079589844, 31.112979888916016, -153.4962921142578, 106.4342041015625, 82.82721710205078, 60.56100082397461, -6.216139793395996, 95.16758728027344, 24.7726993560791], [-1478.258056640625, 1001.2286987304688, 380.1211853027344, 39.54869079589844, 754.0744018554688, 131.661865234375, 302.52850341796875, -85.62349700927734, 89.91958618164062, -171.3462371826172, 42.79885482788086, -174.3015594482422, 77.1910629272461], [48.90170669555664, -254.8242645263672, 191.8291015625, 31.112979888916016, 131.661865234375, 624.5948486328125, 284.2610168457031, -58.25996398925781, -9.678442001342773, -15.917864799499512, -80.41272735595703, 17.96889305114746, -58.01874542236328], [-995.0737915039062, 612.8889770507812, 189.83123779296875, -153.4962921142578, 302.52850341796875, 284.2610168457031, 488.98431396484375, -31.79574966430664, 22.719411849975586, -130.64085388183594, 36.07217788696289, -102.34020233154297, 6.6658616065979], [912.9927368164062, -269.8385925292969, -230.97422790527344, 106.4342041015625, -85.62349700927734, -58.25996398925781, -31.79574966430664, 340.5626525878906, 47.847652435302734, 65.02250671386719, 18.25617027282715, 52.00303268432617, -6.361896991729736], [-299.0745544433594, 163.24827575683594, 175.0419921875, 82.82721710205078, 89.91958618164062, -9.678442001342773, 22.719411849975586, 47.847652435302734, 234.6719970703125, 50.78605651855469, 11.50549602508545, -18.4298095703125, 35.07133102416992], [779.3003540039062, -362.4622802734375, -94.66929626464844, 60.56100082397461, -171.3462371826172, -15.917864799499512, -130.64085388183594, 65.02250671386719, 50.78605651855469, 215.759765625, 32.53572082519531, 76.4051513671875, -7.59231424331665], [-193.1919403076172, 273.9266357421875, 2.5900211334228516, -6.216139793395996, 42.79885482788086, -80.41272735595703, 36.07217788696289, 18.25617027282715, 11.50549602508545, 32.53572082519531, 170.06861877441406, 24.245439529418945, 49.49288558959961], [805.6192626953125, -474.83782958984375, -61.50304412841797, 95.16758728027344, -174.3015594482422, 17.96889305114746, -102.34020233154297, 52.00303268432617, -18.4298095703125, 76.4051513671875, 24.245439529418945, 223.2077178955078, 16.68572998046875], [-227.2926483154297, 205.98751831054688, -6.831273555755615, 24.7726993560791, 77.1910629272461, -58.01874542236328, 6.6658616065979, -6.361896991729736, 35.07133102416992, -7.59231424331665, 49.49288558959961, 16.68572998046875, 128.63723754882812]], "lowlevel.gfcc.icov": [[0.0003463825851213187, -0.0005083816358819604, 0.0005009689484722912, -0.000724542245734483, 0.00036927973269484937, -0.0004064922977704555, 0.00030492449877783656, -0.0004805944627150893, 0.0005535815143957734, -0.0009525448549538851, 0.000975448579993099, -0.0010989669244736433, 0.0007078409544192255], [-0.0005083816358819604, 0.0029087846633046865, -0.001450430485419929, 0.0025167486164718866, -0.0018731321906670928, 0.0018850899068638682, -0.0014120715204626322, 0.0009418937843292952, -0.0013923346996307373, 0.0023699761368334293, -0.003737209364771843, 0.0037392680533230305, -0.0025514981243759394], [0.0005009689484722912, -0.001450430485419929, 0.002136259339749813, -0.0021924786269664764, 0.0007480180938728154, -0.0009634249145165086, 0.00035811157431453466, 0.0002736146852839738, 6.742991536157206e-05, -0.0013775583356618881, 0.0019872854463756084, -0.0025201444514095783, 0.002317609963938594], [-0.000724542245734483, 0.0025167486164718866, -0.0021924786269664764, 0.004341490566730499, -0.0019574689213186502, 0.0012001956347376108, -8.275353320641443e-05, 0.00010926426330115646, -0.0014742619823664427, 0.0027016315143555403, -0.0036431062035262585, 0.0033998882863670588, -0.003015113528817892], [0.00036927973269484937, -0.0018731321906670928, 0.0007480180938728154, -0.0019574689213186502, 0.003972948994487524, -0.0017094782087951899, 0.0003295133647043258, -0.0005651884130202234, 0.00024832520284689963, -0.000186648903763853, 0.0015944353071972728, -0.0008644480840303004, 0.0002885057183448225], [-0.0004064922977704555, 0.0018850899068638682, -0.0009634249145165086, 0.0012001956347376108, -0.0017094782087951899, 0.004872424062341452, -0.003974854480475187, 0.0015422871802002192, -0.00040777900721877813, -0.00023975811200216413, 8.472234912915155e-05, 0.00087245914619416, -0.0005622388562187552], [0.00030492449877783656, -0.0014120715204626322, 0.00035811157431453466, -8.275353320641443e-05, 0.0003295133647043258, -0.003974854480475187, 0.00665701599791646, -0.0018214946612715721, 0.00011235321289859712, 0.001566311577335, -0.0010916308965533972, -0.0003954062703996897, 0.0009424586896784604], [-0.0004805944627150893, 0.0009418937843292952, 0.0002736146852839738, 0.00010926426330115646, -0.0005651884130202234, 0.0015422871802002192, -0.0018214946612715721, 0.005171805154532194, -0.002175356261432171, 0.0008621999877505004, -0.0015418522525578737, 0.0008431452442891896, 0.00014881190145388246], [0.0005535815143957734, -0.0013923346996307373, 6.742991536157206e-05, -0.0014742619823664427, 0.00024832520284689963, -0.00040777900721877813, 0.00011235321289859712, -0.002175356261432171, 0.007513935212045908, -0.004740308970212936, 0.003526079235598445, -0.0016360493609681726, -0.000423950026743114], [-0.0009525448549538851, 0.0023699761368334293, -0.0013775583356618881, 0.0027016315143555403, -0.000186648903763853, -0.00023975811200216413, 0.001566311577335, 0.0008621999877505004, -0.004740308970212936, 0.012036497704684734, -0.007265234831720591, 0.0037508856039494276, -0.0017946792067959905], [0.000975448579993099, -0.003737209364771843, 0.0019872854463756084, -0.0036431062035262585, 0.0015944353071972728, 8.472234912915155e-05, -0.0010916308965533972, -0.0015418522525578737, 0.003526079235598445, -0.007265234831720591, 0.014622251503169537, -0.007195055950433016, 0.001494093332439661], [-0.0010989669244736433, 0.0037392680533230305, -0.0025201444514095783, 0.0033998882863670588, -0.0008644480840303004, 0.00087245914619416, -0.0003954062703996897, 0.0008431452442891896, -0.0016360493609681726, 0.0037508856039494276, -0.007195055950433016, 0.0129443584010005, -0.0059869843535125256], [0.0007078409544192255, -0.0025514981243759394, 0.002317609963938594, -0.003015113528817892, 0.0002885057183448225, -0.0005622388562187552, 0.0009424586896784604, 0.00014881190145388246, -0.000423950026743114, -0.0017946792067959905, 0.001494093332439661, -0.0059869843535125256, 0.013557158410549164]], "lowlevel.mfcc.cov": [[12836.5439453125, -3998.76806640625, -1292.303955078125, 66.2197265625, -553.812744140625, -899.7734985351562, -627.249267578125, -210.26614379882812, -205.14341735839844, -83.12943267822266, -4.186324596405029, 134.5416717529297, 321.2943420410156], [-3998.76806640625, 3371.013671875, -72.03643035888672, -57.978450775146484, 218.81993103027344, 91.31505584716797, 435.8992004394531, 61.319496154785156, 58.01729202270508, 97.41146850585938, 56.09302520751953, -40.329959869384766, -49.161861419677734], [-1292.303955078125, -72.03643035888672, 1233.1468505859375, 286.5188903808594, 170.49127197265625, 384.9671630859375, -30.823230743408203, 57.347496032714844, 49.48383331298828, -11.803790092468262, 15.256794929504395, 64.93680572509766, -29.990949630737305], [66.2197265625, -57.978450775146484, 286.5188903808594, 732.5775146484375, 334.5898132324219, -106.02706146240234, -81.00460815429688, 11.671031951904297, -2.4238879680633545, 44.137245178222656, -53.605438232421875, 58.225494384765625, 72.90618896484375], [-553.812744140625, 218.81993103027344, 170.49127197265625, 334.5898132324219, 444.8041687011719, 115.09423828125, 9.29732894897461, 46.92975997924805, 59.059165954589844, 66.86897277832031, -32.46860885620117, 8.448946952819824, 24.303260803222656], [-899.7734985351562, 91.31505584716797, 384.9671630859375, -106.02706146240234, 115.09423828125, 705.1325073242188, 221.8828125, 131.67059326171875, 129.02919006347656, -5.755615234375, 54.985191345214844, -35.27937698364258, -90.74076843261719], [-627.249267578125, 435.8992004394531, -30.823230743408203, -81.00460815429688, 9.29732894897461, 221.8828125, 412.8641052246094, 188.6123504638672, 37.216773986816406, 20.10694694519043, 56.686790466308594, -23.41325569152832, -35.834716796875], [-210.26614379882812, 61.319496154785156, 57.347496032714844, 11.671031951904297, 46.92975997924805, 131.67059326171875, 188.6123504638672, 279.7029113769531, 108.00405883789062, 16.367712020874023, 47.35932159423828, 2.2814114093780518, -16.70453643798828], [-205.14341735839844, 58.01729202270508, 49.48383331298828, -2.4238879680633545, 59.059165954589844, 129.02919006347656, 37.216773986816406, 108.00405883789062, 205.8687286376953, 86.6417236328125, 38.94858169555664, -1.1272871494293213, -6.522378444671631], [-83.12943267822266, 97.41146850585938, -11.803790092468262, 44.137245178222656, 66.86897277832031, -5.755615234375, 20.10694694519043, 16.367712020874023, 86.6417236328125, 167.73458862304688, 57.02534103393555, 8.49002456665039, 21.852928161621094], [-4.186324596405029, 56.09302520751953, 15.256794929504395, -53.605438232421875, -32.46860885620117, 54.985191345214844, 56.686790466308594, 47.35932159423828, 38.94858169555664, 57.02534103393555, 134.84197998046875, 43.812191009521484, 5.620506286621094], [134.5416717529297, -40.329959869384766, 64.93680572509766, 58.225494384765625, 8.448946952819824, -35.27937698364258, -23.41325569152832, 2.2814114093780518, -1.1272871494293213, 8.49002456665039, 43.812191009521484, 114.50492095947266, 55.3388557434082], [321.2943420410156, -49.161861419677734, -29.990949630737305, 72.90618896484375, 24.303260803222656, -90.74076843261719, -35.834716796875, -16.70453643798828, -6.522378444671631, 21.852928161621094, 5.620506286621094, 55.3388557434082, 125.44441986083984]], "lowlevel.mfcc.icov": [[0.0001723219029372558, 0.00019111757865175605, 0.0001917357003549114, -0.00011035476927645504, 0.00012047020572936162, 1.781289029167965e-05, 3.339796239743009e-05, -3.835946529306966e-07, 2.2711816200171597e-05, 3.4114247682737187e-05, -0.00013829636736772954, -1.2719679034489673e-05, -0.0002504034200683236], [0.00019111757865175605, 0.0006198898772709072, 0.00013245076115708798, 4.8982969019562006e-05, -0.00028140234644524753, 0.0003339845279697329, -0.0006802182178944349, 0.0004727989435195923, -0.00027801087708212435, 0.00015859969425946474, -0.0003256431664340198, 3.849799031740986e-05, -0.00012308830628171563], [0.0001917357003549114, 0.00013245076115708798, 0.0015739590162411332, -0.0008436865173280239, 0.0005115958047099411, -0.0011439311783760786, 0.0008282574126496911, -0.0004537886707112193, 0.0004930707509629428, -0.00020040440722368658, 7.825800275895745e-05, -0.0009351159678772092, 0.00014661189925391227], [-0.00011035476927645504, 4.8982969019562006e-05, -0.0008436865173280239, 0.0030183664057403803, -0.002302074572071433, 0.0011396813206374645, -0.000343176769092679, -0.0001240367128048092, 0.00011461576650617644, -0.00015409092884510756, 0.0006728998851031065, -0.0005866136634722352, -0.00023681268794462085], [0.00012047020572936162, -0.00028140234644524753, 0.0005115958047099411, -0.002302074572071433, 0.005012080073356628, -0.0017559669213369489, 0.001118235639296472, -0.0010574564803391695, 0.000560671673156321, -0.0020247315987944603, 0.0017728307284414768, -0.0002499214024282992, -0.0006084995693527162], [1.781289029167965e-05, 0.0003339845279697329, -0.0011439311783760786, 0.0011396813206374645, -0.0017559669213369489, 0.003677214030176401, -0.0022876046132296324, 0.001336790039204061, -0.0024023493751883507, 0.0019823110196739435, -0.0014592864317819476, 0.0009003308950923383, 0.0008720418554730713], [3.339796239743009e-05, -0.0006802182178944349, 0.0008282574126496911, -0.000343176769092679, 0.001118235639296472, -0.0022876046132296324, 0.00618840241804719, -0.004362899344414473, 0.0030745395924896, -0.0018430622294545174, -7.71218583395239e-06, 0.0003014039830304682, -0.00029091889155097306], [-3.835946529306966e-07, 0.0004727989435195923, -0.0004537886707112193, -0.0001240367128048092, -0.0010574564803391695, 0.001336790039204061, -0.004362899344414473, 0.008152185007929802, -0.004966764710843563, 0.003107792930677533, -0.0019956312607973814, 0.00024043700250331312, 0.0003446791379246861], [2.2711816200171597e-05, -0.00027801087708212435, 0.0004930707509629428, 0.00011461576650617644, 0.000560671673156321, -0.0024023493751883507, 0.0030745395924896, -0.004966764710843563, 0.010435430333018303, -0.00580050190910697, 0.0012558801099658012, -0.00043724128045141697, -5.566720574279316e-05], [3.4114247682737187e-05, 0.00015859969425946474, -0.00020040440722368658, -0.00015409092884510756, -0.0020247315987944603, 0.0019823110196739435, -0.0018430622294545174, 0.003107792930677533, -0.00580050190910697, 0.011721455492079258, -0.00575269665569067, 0.0025114822201430798, -0.0014637387357652187], [-0.00013829636736772954, -0.0003256431664340198, 7.825800275895745e-05, 0.0006728998851031065, 0.0017728307284414768, -0.0014592864317819476, -7.71218583395239e-06, -0.0019956312607973814, 0.0012558801099658012, -0.00575269665569067, 0.013603504747152328, -0.006345089990645647, 0.0014442596584558487], [-1.2719679034489673e-05, 3.849799031740986e-05, -0.0009351159678772092, -0.0005866136634722352, -0.0002499214024282992, 0.0009003308950923383, 0.0003014039830304682, 0.00024043700250331312, -0.00043724128045141697, 0.0025114822201430798, -0.006345089990645647, 0.014985157176852226, -0.005803718231618404], [-0.0002504034200683236, -0.00012308830628171563, 0.00014661189925391227, -0.00023681268794462085, -0.0006084995693527162, 0.0008720418554730713, -0.00029091889155097306, 0.0003446791379246861, -5.566720574279316e-05, -0.0014637387357652187, 0.0014442596584558487, -0.005803718231618404, 0.012196578085422516]], "metadata.audio_properties.analysis.downmix": "mix", "metadata.audio_properties.codec": "mp3", "metadata.audio_properties.md5_encoded": "16500e1089abf867e74c19f415f1b6d6", "metadata.tags.file_name": "1183703137220038746.mp3", "metadata.version.essentia": "2.1-beta6-dev", "metadata.version.essentia_git_sha": "v2.1_beta5-1110-