{"song_id": "1183695597077790780", "download": "https://cdn.discordapp.com/attachments/1135911532732108921/1183695597077790780/chirp.mp4?ex=6589456e&amp", "lyrics": "[verse]\nIn a world of mystery, oh what a tease\nNobody believes the moon is made of cheese\nThey say it's just a rock, floating high above\nBut my heart believes in the cheesy moon love\n\n[chorus]\nOh, cheesy moon, shining bright\nIgniting dreams in the darkest night\nWon't you show them your delicious delight\nSpread the truth of your cheesy might", "style": ["Instrumental EDM"], "essentia_features": {"lowlevel.average_loudness": 0.9778085947036743, "lowlevel.barkbands_crest.mean": 15.231340408325195, "lowlevel.barkbands_crest.stdev": 5.061427593231201, "lowlevel.barkbands_flatness_db.mean": 0.18754620850086212, "lowlevel.barkbands_flatness_db.stdev": 0.06454116851091385, "lowlevel.barkbands_kurtosis.mean": 18.762916564941406, "lowlevel.barkbands_kurtosis.stdev": 61.17052459716797, "lowlevel.barkbands_skewness.mean": 3.153029441833496, "lowlevel.barkbands_skewness.stdev": 2.637293577194214, "lowlevel.barkbands_spread.mean": 19.12385368347168, "lowlevel.barkbands_spread.stdev": 11.323308944702148, "lowlevel.dissonance.mean": 0.4602222144603729, "lowlevel.dissonance.stdev": 0.02928602509200573, "lowlevel.dynamic_complexity": 1.7540910243988037, "lowlevel.erbbands_crest.mean": 10.391907691955566, "lowlevel.erbbands_crest.stdev": 4.780803203582764, "lowlevel.erbbands_flatness_db.mean": 0.13529597222805023, "lowlevel.erbbands_flatness_db.stdev": 0.03888282924890518, "lowlevel.erbbands_kurtosis.mean": 1.1621367931365967, "lowlevel.erbbands_kurtosis.stdev": 2.637570381164551, "lowlevel.erbbands_skewness.mean": 0.04115893691778183, "lowlevel.erbbands_skewness.stdev": 0.9189628958702087, "lowlevel.erbbands_spread.mean": 43.66017150878906, "lowlevel.erbbands_spread.stdev": 25.398189544677734, "lowlevel.hfc.mean": 33.84666442871094, "lowlevel.hfc.stdev": 19.445974349975586, "lowlevel.loudness_ebu128.integrated": -13.26943588256836, "lowlevel.loudness_ebu128.loudness_range": 1.5418329238891602, "lowlevel.loudness_ebu128.momentary.mean": -13.36638355255127, "lowlevel.loudness_ebu128.momentary.stdev": 0.9564340114593506, "lowlevel.loudness_ebu128.short_term.mean": -13.260741233825684, "lowlevel.loudness_ebu128.short_term.stdev": 0.5457598567008972, "lowlevel.melbands_crest.mean": 28.744165420532227, "lowlevel.melbands_crest.stdev": 6.9124674797058105, "lowlevel.melbands_flatness_db.mean": 0.26391416788101196, "lowlevel.melbands_flatness_db.stdev": 0.072189562022686, "lowlevel.melbands_kurtosis.mean": 60.98695373535156, "lowlevel.melbands_kurtosis.stdev": 144.46401977539062, "lowlevel.melbands_skewness.mean": 5.307284832000732, "lowlevel.melbands_skewness.stdev": 4.300959587097168, "lowlevel.melbands_spread.mean": 15.023962020874023, "lowlevel.melbands_spread.stdev": 11.311423301696777, "lowlevel.pitch_salience.mean": 0.3099517822265625, "lowlevel.pitch_salience.stdev": 0.14403311908245087, "lowlevel.silence_rate_20dB.mean": 1.0, "lowlevel.silence_rate_20dB.stdev": 0.0, "lowlevel.silence_rate_30dB.mean": 0.5598779320716858, "lowlevel.silence_rate_30dB.stdev": 0.49640172719955444, "lowlevel.silence_rate_60dB.mean": 0.0015255530597642064, "lowlevel.silence_rate_60dB.stdev": 0.03902848809957504, "lowlevel.spectral_centroid.mean": 1531.4078369140625, "lowlevel.spectral_centroid.stdev": 634.01171875, "lowlevel.spectral_complexity.mean": 18.83829116821289, "lowlevel.spectral_complexity.stdev": 8.997834205627441, "lowlevel.spectral_decrease.mean": -2.5728901675847737e-08, "lowlevel.spectral_decrease.stdev": 1.2093500423304704e-08, "lowlevel.spectral_energy.mean": 0.1001768708229065, "lowlevel.spectral_energy.stdev": 0.04618687927722931, "lowlevel.spectral_energyband_high.mean": 0.001442747307009995, "lowlevel.spectral_energyband_high.stdev": 0.0015664724633097649, "lowlevel.spectral_energyband_low.mean": 0.07843858748674393, "lowlevel.spectral_energyband_low.stdev": 0.04650194197893143, "lowlevel.spectral_energyband_middle_high.mean": 0.00892092939466238, "lowlevel.spectral_energyband_middle_high.stdev": 0.00757472263649106, "lowlevel.spectral_energyband_middle_low.mean": 0.010717561468482018, "lowlevel.spectral_energyband_middle_low.stdev": 0.009852242656052113, "lowlevel.spectral_entropy.mean": 7.78118896484375, "lowlevel.spectral_entropy.stdev": 0.3771762251853943, "lowlevel.spectral_flux.mean": 0.13061992824077606, "lowlevel.spectral_flux.stdev": 0.0854877382516861, "lowlevel.spectral_kurtosis.mean": 3.0980467796325684, "lowlevel.spectral_kurtosis.stdev": 1.8518801927566528, "lowlevel.spectral_rms.mean": 0.009595644660294056, "lowlevel.spectral_rms.stdev": 0.002378488890826702, "lowlevel.spectral_rolloff.mean": 630.329833984375, "lowlevel.spectral_rolloff.stdev": 813.2277221679688, "lowlevel.spectral_skewness.mean": 1.4361793994903564, "lowlevel.spectral_skewness.stdev": 0.35537800192832947, "lowlevel.spectral_spread.mean": 5801878.0, "lowlevel.spectral_spread.stdev": 1732699.625, "lowlevel.spectral_strongpeak.mean": 0.6315673589706421, "lowlevel.spectral_strongpeak.stdev": 0.7361300587654114, "lowlevel.zerocrossingrate.mean": 0.036242686212062836, "lowlevel.zerocrossingrate.stdev": 0.022736117243766785, "metadata.audio_properties.analysis.equal_loudness": 0.0, "metadata.audio_properties.analysis.length": 30.39997673034668, "metadata.audio_properties.analysis.sample_rate": 44100.0, "metadata.audio_properties.analysis.start_time": 0.0, "metadata.audio_properties.bit_rate": 120618.0, "metadata.audio_properties.length": 30.399999618530273, "metadata.audio_properties.lossless": 0.0, "metadata.audio_properties.number_channels": 1.0, "metadata.audio_properties.replay_gain": -11.038585662841797, "metadata.audio_properties.sample_rate": 48000.0, "rhythm.beats_count": 64.0, "rhythm.beats_loudness.mean": 0.15874066948890686, "rhythm.beats_loudness.stdev": 0.04573487862944603, "rhythm.bpm": 128.06272888183594, "rhythm.bpm_histogram_first_peak_bpm": 129.0, "rhythm.bpm_histogram_first_peak_weight": 0.3606557250022888, "rhythm.bpm_histogram_second_peak_bpm": 123.0, "rhythm.bpm_histogram_second_peak_spread": 0.0, "rhythm.bpm_histogram_second_peak_weight": 0.0317460335791111, "rhythm.danceability": 1.4160174131393433, "rhythm.onset_rate": 4.766892433166504, "tonal.chords_changes_rate": 0.03506097570061684, "tonal.chords_number_rate": 0.010670731775462627, "tonal.chords_strength.mean": 0.6026929616928101, "tonal.chords_strength.stdev": 0.0785667821764946, "tonal.hpcp_crest.mean": 13.95351505279541, "tonal.hpcp_crest.stdev": 5.947396278381348, "tonal.hpcp_entropy.mean": 1.8507909774780273, "tonal.hpcp_entropy.stdev": 0.6328257918357849, "tonal.key_edma.strength": 0.6648761630058289, "tonal.key_krumhansl.strength": 0.6523520946502686, "tonal.key_temperley.strength": 0.6613380908966064, "tonal.tuning_diatonic_strength": 0.6970690488815308, "tonal.tuning_equal_tempered_deviation": 0.19263097643852234, "tonal.tuning_frequency": 434.193115234375, "tonal.tuning_nontempered_energy_ratio": 0.8931178450584412, "lowlevel.barkbands.mean": [0.015734460204839706, 0.05949840694665909, 0.00395161984488368, 0.0007604130078107119, 0.0020159080158919096, 0.0022407155483961105, 0.0016623549163341522, 0.0028433981351554394, 0.0010109266731888056, 0.001850560074672103, 0.00039778536302037537, 0.0014190796064212918, 0.0009158628527075052, 0.0006278741639107466, 0.0009841077262535691, 0.00086867535719648, 0.0010952525772154331, 0.000525959359947592, 0.00017567849135957658, 0.0003235073818359524, 0.00021340047533158213, 0.0002348215930396691, 0.00026587420143187046, 0.0003051898384001106, 0.00017107583698816597, 7.982909301063046e-05, 4.117950538784498e-06], "lowlevel.barkbands.stdev": [0.012577674351632595, 0.04280010983347893, 0.014076555147767067, 0.002515520201995969, 0.0029455767944455147, 0.0032070332672446966, 0.003275100141763687, 0.00486874720081687, 0.002045247470960021, 0.0035115783102810383, 0.0009327097795903683, 0.003112880513072014, 0.0018274352187290788, 0.0011740943882614374, 0.002015856560319662, 0.0019111501751467586, 0.002141397912055254, 0.0007802268955856562, 0.0002560063439887017, 0.0004994578775949776, 0.00029606986208818853, 0.0003238208591938019, 0.0003611203865148127, 0.00047053597518242896, 0.00020136739476583898, 9.487340867053717e-05, 8.42564713821048e-06], "lowlevel.erbbands.mean": [3.2357988357543945, 7.282471656799316, 5.822663307189941, 3.4807488918304443, 2.8857383728027344, 6.93148946762085, 16.927204132080078, 18.08863639831543, 23.445083618164062, 29.931093215942383, 64.35865783691406, 23.614885330200195, 33.76448440551758, 60.08671951293945, 34.100486755371094, 48.72055435180664, 35.18779373168945, 44.784324645996094, 52.88343048095703, 38.887901306152344, 54.299007415771484, 59.84257125854492, 37.01850509643555, 11.042201042175293, 10.688243865966797, 15.610140800476074, 10.624417304992676, 7.7470383644104, 8.467058181762695, 7.496826171875, 7.7550764083862305, 6.784411907196045, 4.7026472091674805, 2.264148712158203, 1.0608782768249512, 0.4251871109008789, 0.13406755030155182, 0.019266491755843163, 0.0005373464082367718, 0.00012980142491869628], "lowlevel.erbbands.stdev": [1.9681366682052612, 9.656682014465332, 17.772666931152344, 10.937950134277344, 5.477847099304199, 12.159390449523926, 23.445852279663086, 31.06715965270996, 48.62684631347656, 51.41310119628906, 111.61213684082031, 44.177528381347656, 59.456443786621094, 119.96349334716797, 69.83802032470703, 92.68936157226562, 70.46266174316406, 83.66141510009766, 114.24664306640625, 68.31522369384766, 118.7552490234375, 112.41416931152344, 49.91790008544922, 14.638739585876465, 16.41136360168457, 24.527408599853516, 14.304612159729004, 10.759178161621094, 11.575178146362305, 11.376527786254883, 10.596441268920898, 9.9093656539917, 7.7267842292785645, 2.82596492767334, 1.260645866394043, 0.5006529092788696, 0.1726425588130951, 0.02932611294090748, 0.0008229711675085127, 5.6728487834334373e-05], "lowlevel.gfcc.mean": [44.34437942504883, 67.99671173095703, -100.7364730834961, 36.794090270996094, -48.176292419433594, 34.76498031616211, -29.691299438476562, 27.378883361816406, -8.060395240783691, 15.44173526763916, -5.017465114593506, 14.404858589172363, -0.5169954299926758], "lowlevel.melbands.mean": [0.022330982610583305, 0.004750319290906191, 0.0005746087408624589, 0.0003388795012142509, 0.0005456797662191093, 0.0003993393329437822, 0.000361345533747226, 0.0003951872931793332, 0.0004682425351347774, 0.00013644066348206252, 0.00017734231369104236, 0.00026310139219276607, 8.440179954050109e-05, 0.00017656770069152117, 6.349069008138031e-05, 0.00010504117381060496, 7.259265839820728e-05, 8.021631219889969e-05, 5.648909791489132e-05, 5.619485455099493e-05, 6.199145718710497e-05, 6.369887705659494e-05, 5.2409486670512706e-05, 1.9451070329523645e-05, 7.3810469984891824e-06, 6.597101219085744e-06, 9.74584781943122e-06, 1.0491632565390319e-05, 7.477705366909504e-06, 4.520321908785263e-06, 4.545199317362858e-06, 4.965861990058329e-06, 4.3006084524677135e-06, 4.094961695955135e-06, 4.440179964149138e-06, 4.360477305453969e-06, 4.133852598897647e-06, 3.650264943644288e-06, 2.3002330635790713e-06, 1.7675845356279751e-06], "lowlevel.melbands.stdev": [0.013436604291200638, 0.009322783909738064, 0.0016746862092986703, 0.0005573931848630309, 0.0007393781561404467, 0.0006488464423455298, 0.0007350891246460378, 0.0006621385109610856, 0.0008210365194827318, 0.0002892656484618783, 0.00031321379356086254, 0.0005347582045942545, 0.00016598428192082793, 0.0004102939856238663, 0.00011293144052615389, 0.00021720245422329754, 0.00013975147157907486, 0.00017712634871713817, 0.00010618946544127539, 0.0001160840765805915, 0.00014972306962590665, 0.00013962197408545762, 8.114392403513193e-05, 2.6305167921236716e-05, 1.1375966096238699e-05, 1.0252240826957859e-05, 1.7626713088247925e-05, 1.6479072655783966e-05, 1.0338940228393767e-05, 6.9914817686367314e-06, 6.426761501643341e-06, 6.845204097771784e-06, 6.443523488997016e-06, 6.319060048554093e-06, 6.344663233903702e-06, 6.382338142429944e-06, 6.4172872953349724e-06, 6.436948297050549e-06, 3.316843958600657e-06, 2.1885880414629355e-06], "lowlevel.melbands128.mean": [0.014471105299890041, 0.03284582868218422, 0.022134268656373024, 0.009118743240833282, 0.0035907619167119265, 0.0016682629939168692, 0.0007047480903565884, 0.0003008903004229069, 0.0002430031163385138, 0.00035143320565111935, 0.00035589950857684016, 0.0005221042083576322, 0.0006587539683096111, 0.0004954031319357455, 0.0004168874875176698, 0.0003626880934461951, 0.00025564630050212145, 0.0004895447054877877, 0.000289579969830811, 0.0002493303327355534, 0.00045348922139965, 0.0008148107444867492, 0.00047608785098418593, 0.00013420301547739655, 0.00011580976570257917, 0.00012890748621430248, 0.00019632442854344845, 0.00010580974776530638, 0.00019622685795184225, 0.00046957898302935064, 0.00019076259923167527, 6.407000182662159e-05, 6.823884177720174e-05, 5.838543802383356e-05, 0.00027024606242775917, 0.00017835578182712197, 0.00011210831144126132, 3.7230980524327606e-05, 5.018079173169099e-05, 7.153044134611264e-05, 9.396576206199825e-05, 0.00020771021081600338, 4.789101876667701e-05, 2.6995703592547216e-05, 4.923977394355461e-05, 9.82809069682844e-05, 0.00012128253729315475, 3.379031113581732e-05, 4.629906470654532e-05, 4.955278927809559e-05, 5.697979577234946e-05, 5.2361465350259095e-05, 8.503594290232286e-05, 5.01275499118492e-05, 5.575985414907336e-05, 7.838664896553382e-05, 4.6388649934669957e-05, 7.124302646843717e-05, 5.365744436858222e-05, 2.424131344014313e-05, 2.0479303202591836e-05, 1.1036099749617279e-05, 7.109305443009362e-06, 7.258845471369568e-06, 6.05557170274551e-06, 5.925893674429972e-06, 7.558860488643404e-06, 7.219751751108561e-06, 1.1127859579573851e-05, 1.238997356267646e-05, 1.0038188520411495e-05, 1.0440430742164608e-05, 8.172900379577186e-06, 7.927040314825717e-06, 4.7758553591847885e-06, 5.058769602328539e-06, 4.012086719740182e-06, 3.791833705690806e-06, 4.678243385569658e-06, 5.176890226721298e-06, 5.345402769307839e-06, 4.6756181291129906e-06, 4.555151463137008e-06, 4.298980002204189e-06, 4.0223912947112694e-06, 4.0972622628032696e-06, 4.10955362895038e-06, 4.151706434640801e-06, 4.544554485619301e-06, 4.554457063932205e-06, 4.453714609553572e-06, 4.468342012842186e-06, 3.9681631278654095e-06, 4.025870566692902e-06, 4.4453609007177874e-06, 3.841195393761154e-06, 3.7643881114490796e-06, 2.832965037669055e-06, 2.3123534447222482e-06, 1.9531692032614956e-06, 2.0258194126654416e-06, 1.6518142729182728e-06, 1.638837488826539e-06, 1.3962521734356415e-06, 1.2382755585349514e-06, 9.404049023942207e-07, 8.703206617610704e-07, 8.519696734765603e-07, 7.184053174569272e-07, 6.162098316053743e-07, 5.945393013462308e-07, 4.86181761516491e-07, 4.0940298617897497e-07, 3.531248751187377e-07, 2.5111845047831594e-07, 1.8479383356861945e-07, 1.3479755978096364e-07, 3.983585727951322e-08, 3.5108758122959216e-09, 4.5929975101000053e-11, 6.365151461462659e-11, 2.921319783300014e-11, 1.6954073561725735e-11, 1.618559106186801e-11, 1.521135474524815e-11, 1.3791827055409378e-11, 1.2954181997926195e-11, 1.2764103142492988e-11], "lowlevel.melbands128.stdev": [0.011415823362767696, 0.020534301176667213, 0.019801538437604904, 0.016534706577658653, 0.011493255384266376, 0.005890987813472748, 0.0024194109719246626, 0.000957261654548347, 0.0005290008848533034, 0.0007181565160863101, 0.000806498050224036, 0.0009588917018845677, 0.0010753286769613624, 0.0008542081923224032, 0.0008379672071896493, 0.0008890278404578567, 0.0005601673037745059, 0.0013016595039516687, 0.0005905950674787164, 0.000714506022632122, 0.0010529804276302457, 0.0014865564880892634, 0.0011656360002234578, 0.00037701736437156796, 0.0003538175951689482, 0.0004134073096793145, 0.0005088120233267546, 0.0003391782520338893, 0.0005014261114411056, 0.0010947402333840728, 0.000462456519016996, 0.00018684248789213598, 0.00018510360678192228, 0.0001962830574484542, 0.0009144877549260855, 0.00040281363180838525, 0.00029639434069395065, 0.00010757588461274281, 0.00012054903345415369, 0.00028600540827028453, 0.00023355925804935396, 0.0005337081383913755, 0.00010613372432999313, 8.335163147421554e-05, 0.00016231214976869524, 0.0002656610740814358, 0.00034532626159489155, 0.00010247430327581242, 0.00016019621398299932, 0.00011339956108713523, 0.00018694275058805943, 0.00017277515144087374, 0.0002893375640269369, 0.00017312030831817538, 0.00019632579642347991, 0.0002521004935260862, 0.00010041925997938961, 0.00016058744222391397, 0.00011434431507950649, 4.54665714642033e-05, 3.70008492609486e-05, 1.829114080464933e-05, 1.4671624740003608e-05, 1.1786236427724361e-05, 1.215312659041956e-05, 1.057204462995287e-05, 1.3179634152038489e-05, 1.5554411220364273e-05, 2.306310852873139e-05, 2.7770824090112e-05, 1.682389665802475e-05, 2.0661875169025734e-05, 1.330863688053796e-05, 1.223588151333388e-05, 9.33959563553799e-06, 8.396739758609328e-06, 6.793376996938605e-06, 6.961629424040439e-06, 7.3655101004987955e-06, 7.673048457945697e-06, 7.4708859756356105e-06, 8.117269317153841e-06, 7.284291314135771e-06, 6.764510089851683e-06, 8.172021807695273e-06, 7.642489435966127e-06, 6.616820883209584e-06, 6.690785539831268e-06, 7.603495760122314e-06, 6.883747573738219e-06, 7.053762146824738e-06, 7.454431397491135e-06, 6.500924428110011e-06, 6.4985147218976635e-06, 7.968136742420029e-06, 6.690889676974621e-06, 7.966594239405822e-06, 5.175822025194066e-06, 3.5559432944864966e-06, 2.8890913199575152e-06, 2.7819592105515767e-06, 2.258063659610343e-06, 2.1774787910544546e-06, 2.0315567326179007e-06, 1.6832229903229745e-06, 1.2603759387275204e-06, 1.1618114967859583e-06, 1.1197655567229958e-06, 1.019932597046136e-06, 8.351284463969932e-07, 8.666970643389504e-07, 6.659332143499341e-07, 5.826038886880269e-07, 6.534626777465746e-07, 4.223885241572134e-07, 3.134541657345835e-07, 2.54429579626958e-07, 1.404962688411615e-07, 2.5268338532669077e-08, 7.734419216198773e-10, 1.5113550411172127e-09, 3.8605107999245547e-10, 6.486513409731387e-11, 5.5513916380478534e-11, 4.2332796990063315e-11, 2.3367106860572306e-11, 1.706126732947677e-11, 1.6761279864052625e-11], "lowlevel.mfcc.mean": [-603.337646484375, 101.24491119384766, 13.444058418273926, 15.811201095581055, 15.677053451538086, 12.104287147521973, 5.260731220245361, 14.763010025024414, 11.029962539672852, 9.962160110473633, 6.080471992492676, 14.673290252685547, 7.296714782714844], "lowlevel.spectral_contrast_coeffs.mean": [-0.7224509716033936, -0.7167297601699829, -0.7331407070159912, -0.7639308571815491, -0.7830025553703308, -0.7757315039634705], "lowlevel.spectral_contrast_coeffs.stdev": [0.07710165530443192, 0.07891181856393814, 0.07571766525506973, 0.06207163631916046, 0.049511924386024475, 0.03133273869752884], "lowlevel.spectral_contrast_valleys.mean": [-6.5604166984558105, -6.853652000427246, -7.320060729980469, -7.429563045501709, -7.293514251708984, -9.444765090942383], "lowlevel.spectral_contrast_valleys.stdev": [0.686286449432373, 0.7753456830978394, 0.7009027004241943, 0.6165771484375, 0.5937654972076416, 0.6734879612922668], "rhythm.beats_loudness_band_ratio.mean": [0.8634366989135742, 0.018774131312966347, 0.033629611134529114, 0.041182853281497955, 0.034497134387493134, 0.011668961495161057], "rhythm.beats_loudness_band_ratio.stdev": [0.17564061284065247, 0.04667707532644272, 0.059435922652482986, 0.0734674483537674, 0.048881761729717255, 0.019602561369538307], "tonal.hpcp.mean": [0.13556726276874542, 0.12552201747894287, 0.045428719371557236, 0.022991199046373367, 0.019514966756105423, 0.02112174965441227, 0.03313111513853073, 0.03416084498167038, 0.02610844187438488, 0.025886375457048416, 0.022349730134010315, 0.03587128221988678, 0.07806532084941864, 0.11500710994005203, 0.24471797049045563, 0.3620036244392395, 0.2665061354637146, 0.12481017410755157, 0.061149660497903824, 0.04129258170723915, 0.04114576801657677, 0.057589538395404816, 0.06040698289871216, 0.04585424065589905, 0.04464977607131004, 0.04333990067243576, 0.04915535822510719, 0.07235009968280792, 0.06368561834096909, 0.0477776825428009, 0.06425582617521286, 0.06553852558135986, 0.044785622507333755, 0.03771321475505829, 0.04179603233933449, 0.06358998268842697], "tonal.hpcp.stdev": [0.26816290616989136, 0.2455962598323822, 0.13974390923976898, 0.11470406502485275, 0.10316617786884308, 0.10383889824151993, 0.1259656399488449, 0.12738916277885437, 0.11059574782848358, 0.12204662710428238, 0.10188668221235275, 0.13005110621452332, 0.19864928722381592, 0.23140917718410492, 0.3572007715702057, 0.4269644618034363, 0.3553580641746521, 0.27589187026023865, 0.18970364332199097, 0.16445504128932953, 0.16472475230693817, 0.17253150045871735, 0.16664840281009674, 0.15814287960529327, 0.166477233171463, 0.16137617826461792, 0.1736663281917572, 0.19302061200141907, 0.1682279258966446, 0.16847820580005646, 0.21129241585731506, 0.215327188372612, 0.17216038703918457, 0.14518111944198608, 0.15402400493621826, 0.18727609515190125], "rhythm.beats_position": [0.4992290139198303, 0.9868480563163757, 1.4628571271896362, 1.938866138458252, 2.4032652378082275, 2.867664337158203, 3.3436734676361084, 3.808072566986084, 4.2724714279174805, 4.736870765686035, 5.201269626617432, 5.677278995513916, 6.153287887573242, 6.617686748504639, 7.082086086273193, 7.54648494720459, 8.010884284973145, 8.486893653869629, 8.962902069091797, 9.427301406860352, 9.891700744628906, 10.356099128723145, 10.832108497619629, 11.308117866516113, 11.772517204284668, 12.236915588378906, 12.701314926147461, 13.165714263916016, 13.641722679138184, 14.117732048034668, 14.582131385803223, 15.046530723571777, 15.510929107666016, 15.9869384765625, 16.462947845458984, 16.92734718322754, 17.391746520996094, 17.856143951416016, 18.32054328918457, 18.808162689208984, 19.27256202697754, 19.736961364746094, 20.20136070251465, 20.665760040283203, 21.141767501831055, 21.61777687072754, 22.082176208496094, 22.54657554626465, 23.010974884033203, 23.486984252929688, 23.962993621826172, 24.427391052246094, 24.89179039001465, 25.356189727783203, 25.832199096679688, 26.308208465576172, 26.772607803344727, 27.23700714111328, 27.701404571533203, 28.165803909301758, 28.641813278198242, 29.117822647094727, 29.58222198486328, 30.058231353759766], "rhythm.bpm_histogram": [0.0, 0.0, 0.0, 0.0, 0.0, 0.0, 0.0, 0.0, 0.0, 0.0, 0.0, 0.0, 0.0, 0.0, 0.0, 0.0, 0.0, 0.0, 0.0, 0.0, 0.0, 0.0, 0.0, 0.0, 0.0, 0.0, 0.0, 0.0, 0.0, 0.0, 0.0, 0.0, 0.0, 0.0, 0.0, 0.0, 0.0, 0.0, 0.0, 0.0, 0.0, 0.0, 0.0, 0.0, 0.0, 0.0, 0.0, 0.0, 0.0, 0.0, 0.0, 0.0, 0.0, 0.0, 0.0, 0.0, 0.0, 0.0, 0.0, 0.0, 0.0, 0.0, 0.0, 0.0, 0.0, 0.0, 0.0, 0.0, 0.0, 0.0, 0.0, 0.0, 0.0, 0.0, 0.0, 0.0, 0.0, 0.0, 0.0, 0.0, 0.0, 0.0, 0.0, 0.0, 0.0, 0.0, 0.0, 0.0, 0.0, 0.0, 0.0, 0.0, 0.0, 0.0, 0.0, 0.0, 0.0, 0.0, 0.0, 0.0, 0.0, 0.0, 0.0, 0.0, 0.0, 0.0, 0.0, 0.0, 0.0, 0.0, 0.0, 0.0, 0.0, 0.0, 0.0, 0.0, 0.0, 0.0, 0.0, 0.0, 0.0, 0.0, 0.0, 0.0317460335791111, 0.0, 0.0, 0.3492063581943512, 0.0, 0.0, 0.6190476417541504, 0.0, 0.0, 0.0, 0.0, 0.0, 0.0, 0.0, 0.0, 0.0, 0.0, 0.0, 0.0, 0.0, 0.0, 0.0, 0.0, 0.0, 0.0, 0.0, 0.0, 0.0, 0.0, 0.0, 0.0, 0.0, 0.0, 0.0, 0.0, 0.0, 0.0, 0.0, 0.0, 0.0, 0.0, 0.0, 0.0, 0.0, 0.0, 0.0, 0.0, 0.0, 0.0, 0.0, 0.0, 0.0, 0.0, 0.0, 0.0, 0.0, 0.0, 0.0, 0.0, 0.0, 0.0, 0.0, 0.0, 0.0, 0.0, 0.0, 0.0, 0.0, 0.0, 0.0, 0.0, 0.0, 0.0, 0.0, 0.0, 0.0, 0.0, 0.0, 0.0, 0.0, 0.0, 0.0, 0.0, 0.0, 0.0, 0.0, 0.0, 0.0, 0.0, 0.0, 0.0, 0.0, 0.0, 0.0, 0.0, 0.0, 0.0, 0.0, 0.0, 0.0, 0.0, 0.0, 0.0, 0.0, 0.0, 0.0, 0.0, 0.0, 0.0, 0.0, 0.0, 0.0, 0.0, 0.0, 0.0, 0.0, 0.0, 0.0, 0.0, 0.0, 0.0, 0.0, 0.0, 0.0, 0.0, 0.0, 0.0], "tonal.chords_histogram": [50.30487823486328, 6.707316875457764, 14.634146690368652, 5.487804889678955, 0.0, 0.0, 0.0, 0.0, 0.0, 0.0, 0.0, 0.0, 0.0, 0.0, 0.0, 0.0, 0.0, 5.945121765136719, 0.0, 0.0, 0.0, 0.0, 10.670731544494629, 6.25], "tonal.thpcp": [1.0, 0.7361974120140076, 0.3447760343551636, 0.16892002522945404, 0.11406676471233368, 0.11366120725870132, 0.15908552706241608, 0.1668684482574463, 0.12666790187358856, 0.12334068864583969, 0.11972228437662125, 0.13578692078590393, 0.19986015558242798, 0.1759253591299057, 0.13198122382164001, 0.17750050127506256, 0.1810438334941864, 0.12371595203876495, 0.10417910665273666, 0.11545749753713608, 0.17566117644309998, 0.37449145317077637, 0.3467424213886261, 0.12549243867397308, 0.063510961830616, 0.05390820652246475, 0.058346789330244064, 0.0915215015411377, 0.09436602890491486, 0.07212204486131668, 0.07150860875844955, 0.06173896789550781, 0.09909094870090485, 0.215647891163826, 0.3176960051059723, 0.6760097146034241], "lowlevel.gfcc.cov": [[2834.820068359375, 53.34202194213867, -299.7813415527344, -206.20343017578125, -245.54183959960938, -213.9873809814453, -138.89878845214844, -28.241172790527344, -35.420101165771484, 128.26507568359375, -141.97430419921875, 64.37577056884766, -131.6882781982422], [53.34202194213867, 789.3193359375, -129.4789276123047, -126.07825469970703, 67.93244171142578, -90.98126983642578, 44.39264678955078, -31.01533317565918, 46.136104583740234, -58.587005615234375, 33.35296630859375, -58.63360595703125, 40.509727478027344], [-299.7813415527344, -129.4789276123047, 570.8953857421875, 197.8521270751953, -39.78010940551758, 56.843238830566406, -52.226097106933594, -10.453792572021484, -31.031110763549805, -4.873990058898926, 5.234939098358154, 19.366178512573242, -18.450332641601562], [-206.20343017578125, -126.07825469970703, 197.8521270751953, 410.1738586425781, 145.39797973632812, -20.269515991210938, -50.26430130004883, 73.03472900390625, 58.91381072998047, -12.655461311340332, -10.350519180297852, -2.441502094268799, 61.59846115112305], [-245.54183959960938, 67.93244171142578, -39.78010940551758, 145.39797973632812, 313.64312744140625, 127.85700988769531, 96.67376708984375, 80.82608795166016, 79.54866790771484, -17.053993225097656, -0.45298102498054504, -42.30783462524414, 16.92531394958496], [-213.9873809814453, -90.98126983642578, 56.843238830566406, -20.269515991210938, 127.85700988769531, 308.065673828125, 179.6005096435547, 47.67015838623047, 8.135688781738281, 10.801868438720703, 46.76662826538086, -37.3672981262207, -36.24943161010742], [-138.89878845214844, 44.39264678955078, -52.226097106933594, -50.26430130004883, 96.67376708984375, 179.6005096435547, 258.244384765625, 67.52554321289062, 13.451188087463379, 1.4977047443389893, 40.92466354370117, -26.81840705871582, -36.443946838378906], [-28.241172790527344, -31.01533317565918, -10.453792572021484, 73.03472900390625, 80.82608795166016, 47.67015838623047, 67.52554321289062, 150.6842498779297, 108.79560852050781, 31.686668395996094, 11.376060485839844, 4.013367176055908, 30.15886878967285], [-35.420101165771484, 46.136104583740234, -31.031110763549805, 58.91381072998047, 79.54866790771484, 8.135688781738281, 13.451188087463379, 108.79560852050781, 171.0738525390625, 65.0979232788086, 19.018558502197266, 0.6062645316123962, 48.407772064208984], [128.26507568359375, -58.587005615234375, -4.873990058898926, -12.655461311340332, -17.053993225097656, 10.801868438720703, 1.4977047443389893, 31.686668395996094, 65.0979232788086, 127.72228240966797, 50.662105560302734, 25.012908935546875, 2.25553560256958], [-141.97430419921875, 33.35296630859375, 5.234939098358154, -10.350519180297852, -0.45298102498054504, 46.76662826538086, 40.92466354370117, 11.376060485839844, 19.018558502197266, 50.662105560302734, 121.96855926513672, 46.264129638671875, 33.70790100097656], [64.37577056884766, -58.63360595703125, 19.366178512573242, -2.441502094268799, -42.30783462524414, -37.3672981262207, -26.81840705871582, 4.013367176055908, 0.6062645316123962, 25.012908935546875, 46.264129638671875, 111.84916687011719, 56.24104309082031], [-131.6882781982422, 40.509727478027344, -18.450332641601562, 61.59846115112305, 16.92531394958496, -36.24943161010742, -36.443946838378906, 30.15886878967285, 48.407772064208984, 2.25553560256958, 33.70790100097656, 56.24104309082031, 147.55116271972656]], "lowlevel.gfcc.icov": [[0.0007013449212536216, -0.0006946177454665303, 0.0007277451222762465, -0.0006588537362404168, 0.0008493756176903844, -0.0008297550957649946, 0.0005752957658842206, -0.000643376144580543, 0.000763046438805759, -0.0015810230979695916, 0.001994549762457609, -0.0017524814466014504, 0.0011411812156438828], [-0.0006946177454665303, 0.0034560987260192633, -0.0015544896014034748, 0.00274566188454628, -0.0026463931426405907, 0.003874142887070775, -0.002011619508266449, 0.002070368966087699, -0.002585603855550289, 0.0036160468589514494, -0.0046433391980826855, 0.00465829623863101, -0.002495919819921255], [0.0007277451222762465, -0.0015544896014034748, 0.00404438516125083, -0.0036495139356702566, 0.0032142228446900845, -0.0038171918131411076, 0.00184023252222687, -0.00048698417958803475, 0.0009437132393941283, -0.0017380843637511134, 0.0029500718228518963, -0.0039007654413580894, 0.002883008448407054], [-0.0006588537362404168, 0.00274566188454628, -0.0036495139356702566, 0.007766196504235268, -0.005595651920884848, 0.005094296298921108, -0.0004858502361457795, -0.0011996283428743482, -0.0004997223149985075, 0.0026946933940052986, -0.004373717121779919, 0.005315003916621208, -0.003925711382180452], [0.0008493756176903844, -0.0026463931426405907, 0.0032142228446900845, -0.005595651920884848, 0.009484599344432354, -0.00620512617751956, 0.0006704498664475977, -0.00047821292537264526, -0.0013592642499133945, -0.0010485401144251227, 0.00471995584666729, -0.0039648693054914474, 0.0027684711385518312], [-0.0008297550957649946, 0.003874142887070775, -0.0038171918131411076, 0.005094296298921108, -0.00620512617751956, 0.012241631746292114, -0.005857148207724094, 0.001087413402274251, -0.0009426165488548577, 0.0028387366328388453, -0.007291149813681841, 0.007645746693015099, -0.0033406985457986593], [0.0005752957658842206, -0.002011619508266449, 0.00184023252222687, -0.0004858502361457795, 0.0006704498664475977, -0.005857148207724094, 0.01020092610269785, -0.006013536360114813, 0.003559626406058669, -0.0010598803637549281, 0.00033557144342921674, -0.0023952277842909098, 0.003416196210309863], [-0.000643376144580543, 0.002070368966087699, -0.00048698417958803475, -0.0011996283428743482, -0.00047821292537264526, 0.001087413402274251, -0.006013536360114813, 0.018681645393371582, -0.012372325174510479, 0.003298794385045767, -0.0005200168816372752, -0.00010971088340738788, -0.0015152173582464457], [0.000763046438805759, -0.002585603855550289, 0.0009437132393941283, -0.0004997223149985075, -0.0013592642499133945, -0.0009426165488548577, 0.003559626406058669, -0.012372325174510479, 0.019465995952486992, -0.010404491797089577, 0.003584409598261118, 0.0002991884248331189, -0.0021102391183376312], [-0.0015810230979695916, 0.0036160468589514494, -0.0017380843637511134, 0.0026946933940052986, -0.0010485401144251227, 0.0028387366328388453, -0.0010598803637549281, 0.003298794385045767, -0.010404491797089577, 0.01921606808900833, -0.011425280012190342, 0.0035772090777754784, 0.0005018111551180482], [0.001994549762457609, -0.0046433391980826855, 0.0029500718228518963, -0.004373717121779919, 0.00471995584666729, -0.007291149813681841, 0.00033557144342921674, -0.0005200168816372752, 0.003584409598261118, -0.011425280012190342, 0.022441750392317772, -0.012330517172813416, 0.0016780818114057183], [-0.0017524814466014504, 0.00465829623863101, -0.0039007654413580894, 0.005315003916621208, -0.0039648693054914474, 0.007645746693015099, -0.0023952277842909098, -0.00010971088340738788, 0.0002991884248331189, 0.0035772090777754784, -0.012330517172813416, 0.022922931239008904, -0.009858963079750538], [0.0011411812156438828, -0.002495919819921255, 0.002883008448407054, -0.003925711382180452, 0.0027684711385518312, -0.0033406985457986593, 0.003416196210309863, -0.0015152173582464457, -0.0021102391183376312, 0.0005018111551180482, 0.0016780818114057183, -0.009858963079750538, 0.014554779045283794]], "lowlevel.mfcc.cov": [[2465.4912109375, 34.24964904785156, -335.2501525878906, -65.38538360595703, -235.7456817626953, -169.71920776367188, -250.1165008544922, -161.36085510253906, -53.178367614746094, -29.06493377685547, 0.9119639992713928, -41.6254768371582, 53.81657791137695], [34.24964904785156, 743.4302368164062, -160.0472869873047, -92.14225006103516, -67.95573425292969, -34.4780387878418, -11.901535987854004, -15.403373718261719, -13.785048484802246, -20.78335189819336, 32.40315628051758, -6.287842750549316, -30.496257781982422], [-335.2501525878906, -160.0472869873047, 558.0552978515625, 87.89014434814453, 39.45909881591797, 1.4827349185943604, -2.0709736347198486, -22.391450881958008, -56.145973205566406, -31.559410095214844, -40.382144927978516, -14.042963981628418, 21.93109703063965], [-65.38538360595703, -92.14225006103516, 87.89014434814453, 358.9138488769531, 153.72622680664062, -50.77372360229492, -72.15536499023438, -2.1926605701446533, 65.25846099853516, -20.66343116760254, -61.06142807006836, 39.65135192871094, 32.824825286865234], [-235.7456817626953, -67.95573425292969, 39.45909881591797, 153.72622680664062, 275.2362976074219, 48.42159652709961, -7.472696304321289, 34.939510345458984, 90.9833755493164, 33.52968978881836, -18.197303771972656, 50.88187026977539, 6.126134395599365], [-169.71920776367188, -34.4780387878418, 1.4827349185943604, -50.77372360229492, 48.42159652709961, 172.65223693847656, 137.82716369628906, 54.136192321777344, 6.573028087615967, 47.210330963134766, 52.8843994140625, 1.1515990495681763, -12.74210262298584], [-250.1165008544922, -11.901535987854004, -2.0709736347198486, -72.15536499023438, -7.472696304321289, 137.82716369628906, 241.19659423828125, 109.83710479736328, -2.836005449295044, 40.44983673095703, 62.531681060791016, 7.9714741706848145, -11.201549530029297], [-161.36085510253906, -15.403373718261719, -22.391450881958008, -2.1926605701446533, 34.939510345458984, 54.136192321777344, 109.83710479736328, 152.79486083984375, 75.68632507324219, 28.271717071533203, 26.816295623779297, 32.77178192138672, 20.081180572509766], [-53.178367614746094, -13.785048484802246, -56.145973205566406, 65.25846099853516, 90.9833755493164, 6.573028087615967, -2.836005449295044, 75.68632507324219, 160.4016876220703, 72.64637756347656, 8.105770111083984, 34.223358154296875, 32.35055923461914], [-29.06493377685547, -20.78335189819336, -31.559410095214844, -20.66343116760254, 33.52968978881836, 47.210330963134766, 40.44983673095703, 28.271717071533203, 72.64637756347656, 144.37088012695312, 73.6502456665039, 7.214072227478027, 9.803486824035645], [0.9119639992713928, 32.40315628051758, -40.382144927978516, -61.06142807006836, -18.197303771972656, 52.8843994140625, 62.531681060791016, 26.816295623779297, 8.105770111083984, 73.6502456665039, 129.3439178466797, 39.48627471923828, 12.639219284057617], [-41.6254768371582, -6.287842750549316, -14.042963981628418, 39.65135192871094, 50.88187026977539, 1.1515990495681763, 7.9714741706848145, 32.77178192138672, 34.223358154296875, 7.214072227478027, 39.48627471923828, 112.51377868652344, 53.8179931640625], [53.81657791137695, -30.496257781982422, 21.93109703063965, 32.824825286865234, 6.126134395599365, -12.74210262298584, -11.201549530029297, 20.081180572509766, 32.35055923461914, 9.803486824035645, 12.639219284057617, 53.8179931640625, 108.83441162109375]], "lowlevel.mfcc.icov": [[0.0005778363556601107, 9.152091661235318e-05, 0.00038477720227092505, -7.975177140906453e-05, 0.0004109923029318452, -3.0463377697742544e-05, 0.0005636836867779493, 0.00017542543355375528, 9.730702004162595e-05, 1.615403380128555e-05, -0.00024307321291416883, 0.0002942194987554103, -0.00046226009726524353], [9.152091661235318e-05, 0.0015606810338795185, 0.00039852419286035, 0.0002779680071398616, 6.022037996444851e-05, 0.0005213092663325369, -8.585718751419336e-05, 0.0003177179314661771, -0.00042208496597595513, 0.0007745065377093852, -0.0008695311844348907, 0.0002075380616588518, 0.0002721544587984681], [0.00038477720227092505, 0.00039852419286035, 0.0024658406618982553, -0.0005367712583392859, -0.00022998242639005184, 5.945594602962956e-05, 0.00023544335272163153, -0.00014718818420078605, 0.0016399536980316043, -0.0002936942037194967, 0.0002056144003290683, 0.0008312668069265783, -0.0012382447021082044], [-7.975177140906453e-05, 0.0002779680071398616, -0.0005367712583392859, 0.004737928044050932, -0.002485245931893587, 0.0017065994907170534, -0.0004534180334303528, 0.0007937807240523398, -0.0014304020442068577, 0.0009848165791481733, 0.0007300786091946065, -0.0004485270183067769, -0.0005834392504766583], [0.0004109923029318452, 6.022037996444851e-05, -0.00022998242639005184, -0.002485245931893587, 0.008108077570796013, -0.004535248503088951, 0.002298075007274747, 3.518138328217901e-05, -0.0024399382527917624, -0.0014010370941832662, 0.0025507030077278614, -0.003993422258645296, 0.0023821790236979723], [-3.0463377697742544e-05, 0.0005213092663325369, 5.945594602962956e-05, 0.0017065994907170534, -0.004535248503088951, 0.014280247502028942, -0.00786704383790493, 0.0016714570811018348, 8.948043978307396e-05, 4.569841257762164e-05, -0.003140257205814123, 0.002749554580077529, -0.0005821430240757763], [0.0005636836867779493, -8.585718751419336e-05, 0.00023544335272163153, -0.0004534180334303528, 0.002298075007274747, -0.00786704383790493, 0.013920392841100693, -0.009147902950644493, 0.0051115648820996284, -0.0024691212456673384, -0.00022463667846750468, -0.0006357983802445233, 0.0009002326405607164], [0.00017542543355375528, 0.0003177179314661771, -0.00014718818420078605, 0.0007937807240523398, 3.518138328217901e-05, 0.0016714570811018348, -0.009147902950644493, 0.017656205222010612, -0.010656083934009075, 0.0049150981940329075, -0.001441783970221877, -0.0008895435021258891, -0.0008810030994936824], [9.730702004162595e-05, -0.00042208496597595513, 0.0016399536980316043, -0.0014304020442068577, -0.0024399382527917624, 8.948043978307396e-05, 0.0051115648820996284, -0.010656083934009075, 0.019051341339945793, -0.010432012379169464, 0.004609584342688322, -0.0011717446614056826, -0.002104502869769931], [1.615403380128555e-05, 0.0007745065377093852, -0.0002936942037194967, 0.0009848165791481733, -0.0014010370941832662, 4.569841257762164e-05, -0.0024691212456673384, 0.0049150981940329075, -0.010432012379169464, 0.017741942778229713, -0.010850196704268456, 0.005360634997487068, -0.0009936288697645068], [-0.00024307321291416883, -0.0008695311844348907, 0.0002056144003290683, 0.0007300786091946065, 0.0025507030077278614, -0.003140257205814123, -0.00022463667846750468, -0.001441783970221877, 0.004609584342688322, -0.010850196704268456, 0.01892230100929737, -0.008973763324320316, 0.0011937478557229042], [0.0002942194987554103, 0.0002075380616588518, 0.0008312668069265783, -0.0004485270183067769, -0.003993422258645296, 0.002749554580077529, -0.0006357983802445233, -0.0008895435021258891, -0.0011717446614056826, 0.005360634997487068, -0.008973763324320316, 0.01811250112950802, -0.007523130625486374], [-0.00046226009726524353, 0.0002721544587984681, -0.0012382447021082044, -0.0005834392504766583, 0.0023821790236979723, -0.0005821430240757763, 0.0009002326405607164, -0.0008810030994936824, -0.002104502869769931, -0.0009936288697645068, 0.0011937478557229042, -0.007523130625486374, 0.014268127270042896]], "metadata.audio_properties.analysis.downmix": "mix", "metadata.audio_properties.codec": "mp3", "metadata.audio_properties.md5_encoded": "cee8bb2308c41293f6ce36da588bb75c", "metadata.tags.file_name": "1183695597077790780.mp3", "metadata.version.essentia": "2.1-beta6-dev", "metadata.version.essentia_git_sha": "v2.1_beta5-1110-g77a6a954", "metadata.version.extractor": "music 2.0", "tonal.chords_key": "D", "tonal.chords_scale": "major", "tonal.key_edma.key": "G", "tonal.key_edma.scale": "minor", "tonal.key_krumhansl.key": "D", "tonal.key_krumhansl.scale": "major", "tonal.key_temperley.key": "D", "tonal.key_temperley.scale": "major", "metadata.tags.encodin