{"song_id": "1183705158014734417", "download": "https://cdn.discordapp.com/attachments/1135903449314238464/1183705158014734417/chirp.mp4?ex=65894e55&amp", "lyrics": "(Verse 1)\n\u4f60\u6d3b\u5728\u8fd9\u4e2a\u65f6\u4ee3\uff0c\u522b\u95ee\u516b\u4e5d\u4e0d\u79bb\u5341\uff0c\n\u6bcf\u5929\u6296\u97f3\u55e8\uff0c\u65e0\u89c6\u98ce\u6708\u3002\n\u4e0d\u7ba1\u706b\u4e0d\u706b\uff0c\u53d1\u4e86\u518d\u770b\u7ed3\u679c\uff0c\n\u8fd9\u5e74\u4ee3\u4e0d\u662f80\u540e\uff0c90\u540e\uff0c\n\u66f4\u4e0d\u662f00\u540e\uff0c\n\u4ed6\u5988\u7684\uff0c\u662f\u8138\u76ae\u539a\u5144\u5f1f\u4eec\u3002\n\n(Chorus)\n\u4e0d\u95ee\u4e09\u4e03\u4e8c\u5341\u4e00\uff0c\n\u5929\u5929\u6296\u97f3\u4efb\u4f60\u63a8\u3002\n80\u540e90\u540e\u7edf\u7edf\u62c9\u5012\uff0c\n\u8fd9\u5e74\u5934\u9760\u7684\u662f\u8138\u76ae\u539a\u3002", "style": ["Pop Rock"], "essentia_features": {"lowlevel.average_loudness": 0.9693938493728638, "lowlevel.barkbands_crest.mean": 11.930378913879395, "lowlevel.barkbands_crest.stdev": 3.5875415802001953, "lowlevel.barkbands_flatness_db.mean": 0.22052258253097534, "lowlevel.barkbands_flatness_db.stdev": 0.052446551620960236, "lowlevel.barkbands_kurtosis.mean": 15.007116317749023, "lowlevel.barkbands_kurtosis.stdev": 13.695484161376953, "lowlevel.barkbands_skewness.mean": 2.9735307693481445, "lowlevel.barkbands_skewness.stdev": 1.3245444297790527, "lowlevel.barkbands_spread.mean": 11.323083877563477, "lowlevel.barkbands_spread.stdev": 11.123708724975586, "lowlevel.dissonance.mean": 0.4500338137149811, "lowlevel.dissonance.stdev": 0.030871039256453514, "lowlevel.dynamic_complexity": 2.4055750370025635, "lowlevel.erbbands_crest.mean": 9.128774642944336, "lowlevel.erbbands_crest.stdev": 4.089169025421143, "lowlevel.erbbands_flatness_db.mean": 0.16884447634220123, "lowlevel.erbbands_flatness_db.stdev": 0.03651571273803711, "lowlevel.erbbands_kurtosis.mean": 0.7307734489440918, "lowlevel.erbbands_kurtosis.stdev": 2.0602822303771973, "lowlevel.erbbands_skewness.mean": 0.8077127933502197, "lowlevel.erbbands_skewness.stdev": 0.7741088271141052, "lowlevel.erbbands_spread.mean": 44.62107849121094, "lowlevel.erbbands_spread.stdev": 20.66718101501465, "lowlevel.hfc.mean": 12.17704963684082, "lowlevel.hfc.stdev": 9.743132591247559, "lowlevel.loudness_ebu128.integrated": -27.306852340698242, "lowlevel.loudness_ebu128.loudness_range": 1.3688774108886719, "lowlevel.loudness_ebu128.momentary.mean": -27.611953735351562, "lowlevel.loudness_ebu128.momentary.stdev": 1.7626283168792725, "lowlevel.loudness_ebu128.short_term.mean": -27.29242515563965, "lowlevel.loudness_ebu128.short_term.stdev": 0.41300883889198303, "lowlevel.melbands_crest.mean": 15.534180641174316, "lowlevel.melbands_crest.stdev": 3.9753315448760986, "lowlevel.melbands_flatness_db.mean": 0.28080815076828003, "lowlevel.melbands_flatness_db.stdev": 0.06787056475877762, "lowlevel.melbands_kurtosis.mean": 35.40327453613281, "lowlevel.melbands_kurtosis.stdev": 31.33278465270996, "lowlevel.melbands_skewness.mean": 4.26455020904541, "lowlevel.melbands_skewness.stdev": 1.8595188856124878, "lowlevel.melbands_spread.mean": 9.013895034790039, "lowlevel.melbands_spread.stdev": 9.634916305541992, "lowlevel.pitch_salience.mean": 0.530906617641449, "lowlevel.pitch_salience.stdev": 0.10951761901378632, "lowlevel.silence_rate_20dB.mean": 1.0, "lowlevel.silence_rate_20dB.stdev": 0.0, "lowlevel.silence_rate_30dB.mean": 0.985401451587677, "lowlevel.silence_rate_30dB.stdev": 0.11993921548128128, "lowlevel.silence_rate_60dB.mean": 0.013138686306774616, "lowlevel.silence_rate_60dB.stdev": 0.11386856436729431, "lowlevel.spectral_centroid.mean": 697.9321899414062, "lowlevel.spectral_centroid.stdev": 499.5069580078125, "lowlevel.spectral_complexity.mean": 11.8759126663208, "lowlevel.spectral_complexity.stdev": 6.786900043487549, "lowlevel.spectral_decrease.mean": -9.61641521968204e-09, "lowlevel.spectral_decrease.stdev": 6.545905151256193e-09, "lowlevel.spectral_energy.mean": 0.0373990498483181, "lowlevel.spectral_energy.stdev": 0.025330865755677223, "lowlevel.spectral_energyband_high.mean": 0.00033670340781100094, "lowlevel.spectral_energyband_high.stdev": 0.0005676979781128466, "lowlevel.spectral_energyband_low.mean": 0.01806885004043579, "lowlevel.spectral_energyband_low.stdev": 0.015267913229763508, "lowlevel.spectral_energyband_middle_high.mean": 0.0017322421772405505, "lowlevel.spectral_energyband_middle_high.stdev": 0.0021939773578196764, "lowlevel.spectral_energyband_middle_low.mean": 0.020927611738443375, "lowlevel.spectral_energyband_middle_low.stdev": 0.01894383504986763, "lowlevel.spectral_entropy.mean": 7.171492099761963, "lowlevel.spectral_entropy.stdev": 0.4956677556037903, "lowlevel.spectral_flux.mean": 0.07418209314346313, "lowlevel.spectral_flux.stdev": 0.05617249384522438, "lowlevel.spectral_kurtosis.mean": 5.343382358551025, "lowlevel.spectral_kurtosis.stdev": 4.157140731811523, "lowlevel.spectral_rms.mean": 0.005705160088837147, "lowlevel.spectral_rms.stdev": 0.0019844514317810535, "lowlevel.spectral_rolloff.mean": 543.9889526367188, "lowlevel.spectral_rolloff.stdev": 840.0068969726562, "lowlevel.spectral_skewness.mean": 1.733775019645691, "lowlevel.spectral_skewness.stdev": 0.5714477896690369, "lowlevel.spectral_spread.mean": 4313181.5, "lowlevel.spectral_spread.stdev": 1309811.375, "lowlevel.spectral_strongpeak.mean": 0.696189284324646, "lowlevel.spectral_strongpeak.stdev": 0.5690626502037048, "lowlevel.zerocrossingrate.mean": 0.031229328364133835, "lowlevel.zerocrossingrate.stdev": 0.025500386953353882, "metadata.audio_properties.analysis.equal_loudness": 0.0, "metadata.audio_properties.analysis.length": 15.870952606201172, "metadata.audio_properties.analysis.sample_rate": 44100.0, "metadata.audio_properties.analysis.start_time": 0.0, "metadata.audio_properties.bit_rate": 101213.0, "metadata.audio_properties.length": 15.871999740600586, "metadata.audio_properties.lossless": 0.0, "metadata.audio_properties.number_channels": 1.0, "metadata.audio_properties.replay_gain": 0.8302669525146484, "metadata.audio_properties.sample_rate": 48000.0, "rhythm.beats_count": 45.0, "rhythm.beats_loudness.mean": 0.04911983385682106, "rhythm.beats_loudness.stdev": 0.02143382839858532, "rhythm.bpm": 172.26560974121094, "rhythm.bpm_histogram_first_peak_bpm": 172.0, "rhythm.bpm_histogram_first_peak_weight": 0.0, "rhythm.bpm_histogram_second_peak_bpm": 167.0, "rhythm.bpm_histogram_second_peak_spread": 0.0, "rhythm.bpm_histogram_second_peak_weight": 0.09090909361839294, "rhythm.danceability": 1.3733710050582886, "rhythm.onset_rate": 4.40416145324707, "tonal.chords_changes_rate": 0.06122449040412903, "tonal.chords_number_rate": 0.017492711544036865, "tonal.chords_strength.mean": 0.5302866697311401, "tonal.chords_strength.stdev": 0.07693377137184143, "tonal.hpcp_crest.mean": 16.59190559387207, "tonal.hpcp_crest.stdev": 7.734273910522461, "tonal.hpcp_entropy.mean": 1.6567245721817017, "tonal.hpcp_entropy.stdev": 0.7527449727058411, "tonal.key_edma.strength": 0.7819468379020691, "tonal.key_krumhansl.strength": 0.7868567705154419, "tonal.key_temperley.strength": 0.7891453504562378, "tonal.tuning_diatonic_strength": 0.6353521943092346, "tonal.tuning_equal_tempered_deviation": 0.12217537313699722, "tonal.tuning_frequency": 438.7310485839844, "tonal.tuning_nontempered_energy_ratio": 0.719147801399231, "lowlevel.barkbands.mean": [9.274293552152812e-05, 0.006763729732483625, 0.0075629595667123795, 0.008108085952699184, 0.006898173596709967, 0.0030856155790388584, 0.0008695558644831181, 0.0008138010161928833, 0.0011096507078036666, 0.00027620175387710333, 0.00022972992155700922, 0.00019899275503121316, 0.00015217397594824433, 0.00020965066505596042, 0.00013668151223100722, 0.00011641826858976856, 0.00010236084926873446, 0.00011769576667575166, 0.00016781649901531637, 8.708511450095102e-05, 9.157416207017377e-05, 6.743317499058321e-05, 6.006072726449929e-05, 3.30087095790077e-05, 4.7702058509457856e-05, 1.7456224554734945e-07, 2.1714088305202495e-09], "lowlevel.barkbands.stdev": [0.00020222926104906946, 0.006720671430230141, 0.008806361816823483, 0.011154312640428543, 0.009617137722671032, 0.005723753944039345, 0.0023331954143941402, 0.003030145075172186, 0.0017228631768375635, 0.000656836957205087, 0.0006800998235121369, 0.000496662687510252, 0.0004380068276077509, 0.0004141755634918809, 0.00024128389486577362, 0.00018924105097539723, 0.00016143028915394098, 0.00022090568381827325, 0.00034976869937963784, 0.00020226924971211702, 0.00017397514602635056, 0.00012107969814678654, 0.00011042578989872709, 6.0122354625491425e-05, 0.00010802376345964149, 1.3115735555402352e-06, 5.694185567506338e-09], "lowlevel.erbbands.mean": [0.14877448976039886, 1.7550387382507324, 6.802104949951172, 19.883441925048828, 29.843278884887695, 19.79551124572754, 16.379663467407227, 29.06986427307129, 14.567448616027832, 14.333045959472656, 20.041696548461914, 22.398666381835938, 15.390592575073242, 8.432799339294434, 9.428303718566895, 8.022117614746094, 7.170522212982178, 10.212198257446289, 8.937199592590332, 6.396909713745117, 6.537962436676025, 6.182555675506592, 6.222526550292969, 6.716669082641602, 8.808330535888672, 4.188835620880127, 3.430830955505371, 3.342548131942749, 2.429352283477783, 2.252824544906616, 1.6418166160583496, 0.8093596696853638, 0.5488299131393433, 0.5773181915283203, 0.30668535828590393, 0.01824699342250824, 0.0005240322207100689, 3.8483147363876924e-05, 2.2419866581913084e-05, 4.270094359526411e-05], "lowlevel.erbbands.stdev": [0.13222767412662506, 1.7866374254226685, 7.805747032165527, 21.068416595458984, 39.57335662841797, 30.62885284423828, 29.898235321044922, 61.936492919921875, 33.72096633911133, 35.48616409301758, 71.4196548461914, 35.830230712890625, 27.29973030090332, 17.725439071655273, 24.98244857788086, 21.298120498657227, 15.55362606048584, 23.132492065429688, 13.893250465393066, 11.297517776489258, 9.8121337890625, 9.39677906036377, 9.963159561157227, 12.274765014648438, 19.95197296142578, 9.506515502929688, 6.995553970336914, 6.3987345695495605, 4.393909454345703, 4.140466690063477, 3.067450761795044, 1.4735097885131836, 1.0138123035430908, 1.3136398792266846, 0.7308129072189331, 0.04712411016225815, 0.001423630747012794, 9.335483628092334e-05, 1.6660891560604796e-05, 2.8438704248401336e-05], "lowlevel.gfcc.mean": [-33.97616195678711, 138.39927673339844, -105.5469970703125, 60.62528991699219, -60.11478805541992, 18.328689575195312, -38.32275390625, 4.058558940887451, -18.287433624267578, -12.459738731384277, -8.228367805480957, -19.366024017333984, 2.286592721939087], "lowlevel.melbands.mean": [0.0016827788203954697, 0.0032774268183857203, 0.003849778324365616, 0.0017858435166999698, 0.0006210768478922546, 0.0006261855596676469, 0.00020498322555795312, 0.00016220237012021244, 0.000167711143149063, 0.0001418336178176105, 7.621602708240971e-05, 3.4810949728125706e-05, 3.383377043064684e-05, 2.0715893697342835e-05, 1.9720691852853633e-05, 1.7224163457285613e-05, 1.8640326743479818e-05, 1.562262696097605e-05, 9.034538379637524e-06, 8.160128345480189e-06, 7.223991815408226e-06, 6.41637825538055e-06, 5.766117737948662e-06, 5.35142589797033e-06, 5.173386853130069e-06, 7.289053883141605e-06, 4.509330210566986e-06, 2.365150294281193e-06, 1.925282276715734e-06, 2.280771695950534e-06, 1.8911205188487656e-06, 1.3296737506607315e-06, 1.3697292615688639e-06, 1.1948460496569169e-06, 1.0710722335716127e-06, 5.957742246209818e-07, 4.4588219338947965e-07, 3.7139011510589626e-07, 3.967679731431417e-07, 5.197859422878537e-07], "lowlevel.melbands.stdev": [0.0015406579477712512, 0.003225043648853898, 0.004012580495327711, 0.002419161144644022, 0.0009876855183392763, 0.001243509235791862, 0.0004965501138940454, 0.00042079310514964163, 0.0005152916419319808, 0.00022178787912707776, 0.0001410162221873179, 7.855721196392551e-05, 0.00010178697993978858, 4.912855729344301e-05, 5.3309810027712956e-05, 5.297502502799034e-05, 4.162793993600644e-05, 2.5718563847476617e-05, 1.7294114513788372e-05, 1.5154428183450364e-05, 1.09649081423413e-05, 1.0691521310945973e-05, 8.73695535119623e-06, 1.1047008229070343e-05, 1.0019870387623087e-05, 1.712080484139733e-05, 1.0803879376908299e-05, 5.792837328044698e-06, 4.322620952734724e-06, 4.370033366285497e-06, 3.902809567080112e-06, 2.555036644480424e-06, 2.4944051801867317e-06, 2.2622473352384986e-06, 2.070171149171074e-06, 1.1284425909252604e-06, 8.285680905828485e-07, 7.321070825128118e-07, 7.352264219662175e-07, 1.3050921552348882e-06], "lowlevel.melbands128.mean": [8.043662819545716e-05, 0.0007955292821861804, 0.0026710189413279295, 0.002815023297443986, 0.0028098784387111664, 0.004157051909714937, 0.003933488857001066, 0.004280839115381241, 0.0030200721230357885, 0.0017088943859562278, 0.000939618912525475, 0.0006436451221816242, 0.00040473329136148095, 0.00075738993473351, 0.0008059566025622189, 0.0004721917794086039, 0.0002738592738751322, 0.0001517288910690695, 0.00010535061301197857, 0.00018163921777158976, 0.0001607002632226795, 0.00020452534954529256, 0.0001360642781946808, 0.0001825521612772718, 0.00015618503675796092, 0.00010751532681751996, 0.00016165505803655833, 3.271950481575914e-05, 6.164467777125537e-05, 4.0852301026461646e-05, 1.991661702049896e-05, 3.102185291936621e-05, 4.75394626846537e-05, 2.372088420088403e-05, 1.999824416998308e-05, 2.0021649106638506e-05, 2.0134773876634426e-05, 2.6832962248590775e-05, 1.3571624549513217e-05, 1.0842555639101192e-05, 1.663817783992272e-05, 2.925453554780688e-05, 1.5826461094547994e-05, 1.5032695046102162e-05, 2.074751137115527e-05, 1.6297946785925888e-05, 9.51748006627895e-06, 9.269878319173586e-06, 7.550996087957174e-06, 9.708021934784483e-06, 6.3877996581140906e-06, 9.647777915233746e-06, 8.553522093279753e-06, 5.3931353249936365e-06, 5.766612048319075e-06, 7.716611435171217e-06, 5.688595138053643e-06, 5.202363354328554e-06, 6.501846200990258e-06, 5.6427784329571296e-06, 4.61559784525889e-06, 6.108351499278797e-06, 4.851048288401216e-06, 5.32772583028418e-06, 4.49798471890972e-06, 8.585742762079462e-06, 8.647088179714046e-06, 4.360023012850434e-06, 4.706924300990067e-06, 2.7382482130633434e-06, 2.350224349356722e-06, 2.0839031549257925e-06, 1.7263440668102703e-06, 1.942392600540188e-06, 1.932992518050014e-06, 3.0113560569589026e-06, 1.97281133296201e-06, 1.529917199150077e-06, 2.5002680104080355e-06, 1.3619114724860992e-06, 1.4765134892513743e-06, 1.3030281706960523e-06, 9.967296819013427e-07, 1.6694895066393656e-06, 1.3007327197556151e-06, 1.2192751910333754e-06, 1.0576152362773428e-06, 1.3267933809402166e-06, 1.1958493359998101e-06, 7.991417305674986e-07, 6.863591011097014e-07, 4.960806450071686e-07, 5.142898658050399e-07, 4.940487201565702e-07, 3.4693889006121026e-07, 3.8799029766778403e-07, 3.8490367160193273e-07, 3.5615488513940363e-07, 3.043616061404464e-07, 4.820641379410517e-07, 5.40777421065286e-07, 5.551942763304396e-07, 4.180461985470174e-07, 5.207353979130858e-07, 4.5027903183836315e-07, 2.474222924320202e-07, 7.087242437364694e-08, 9.978477599759117e-09, 7.702266047182604e-10, 3.014129779099761e-10, 1.6751709741580356e-10, 1.245690495199625e-10, 8.128613060431888e-11, 5.964955612780543e-11, 4.796522207195508e-11, 4.042417789396069e-11, 2.0915819423650284e-11, 1.0040269830813298e-11, 9.108998277884695e-12, 8.370091945930636e-12, 8.12468321786941e-12, 7.891890266287227e-12, 7.797745955884228e-12, 7.614149762080746e-12, 6.933297252292858e-12, 5.881095957449567e-12, 5.3096871517610555e-12, 5.207635538073685e-12], "lowlevel.melbands128.stdev": [0.00016368390060961246, 0.0008185136248357594, 0.002467895159497857, 0.0033859126269817352, 0.003741341643035412, 0.004640177357941866, 0.004422642290592194, 0.006372257135808468, 0.004564355127513409, 0.0035094679333269596, 0.0019152677850797772, 0.0013546223053708673, 0.0012763353297486901, 0.0014386792900040746, 0.002109047956764698, 0.0012050025397911668, 0.0007198384264484048, 0.0006247312412597239, 0.0005528585752472281, 0.000559695647098124, 0.0005202523316256702, 0.0010966876288875937, 0.0005670948885381222, 0.00046518267481587827, 0.00033764963154681027, 0.00027512022643350065, 0.0003643193922471255, 6.978690362302586e-05, 0.00019539208733476698, 0.00012544251512736082, 6.852559454273432e-05, 0.00010509946150705218, 0.00018215153249911964, 7.617734809173271e-05, 4.818743764190003e-05, 7.210201147245243e-05, 8.099507249426097e-05, 9.563138883095235e-05, 2.842338290065527e-05, 2.627411413413938e-05, 8.913270721677691e-05, 0.00010807695070980117, 4.175640060566366e-05, 4.308543066144921e-05, 5.022105688112788e-05, 3.018559073098004e-05, 2.0916908397339284e-05, 2.2736372557119466e-05, 1.6705409507267177e-05, 2.1846102754352614e-05, 1.9670400433824398e-05, 1.7944452338269912e-05, 1.5290428564185277e-05, 9.801667147257831e-06, 1.2585087461047806e-05, 1.5352426999015734e-05, 9.341260920336936e-06, 9.73561418504687e-06, 1.3251938071334735e-05, 9.751004654390272e-06, 1.350012553302804e-05, 1.7992684661294334e-05, 1.1198178981430829e-05, 1.2725898159260396e-05, 1.1071054359490518e-05, 2.2308311599772424e-05, 2.3008773496258073e-05, 1.2696093108388595e-05, 1.3794738151773345e-05, 7.232955340441549e-06, 6.624146408285014e-06, 6.211199433892034e-06, 4.195950168650597e-06, 5.1135361900378484e-06, 4.375100161269074e-06, 5.931303348916117e-06, 4.421922312758397e-06, 3.7390627767308615e-06, 5.719931778003229e-06, 2.8301344627834624e-06, 3.3038834317267174e-06, 2.576575980128837e-06, 1.942885091921198e-06, 3.3004355373122962e-06, 2.733505880314624e-06, 2.734153213168611e-06, 2.040610070253024e-06, 2.943469780802843e-06, 2.449069370413781e-06, 1.6770085267125978e-06, 1.4086881492403336e-06, 9.992105560741038e-07, 1.1078114994234056e-06, 9.504071272203873e-07, 6.949534281375236e-07, 8.008064469322562e-07, 8.405987159676442e-07, 7.299569801944017e-07, 5.329823693500657e-07, 1.0691503575799288e-06, 1.2543858929348062e-06, 1.7085062609112356e-06, 1.189127033285331e-06, 1.2456804370231112e-06, 1.1731815448001726e-06, 6.873315214761533e-07, 2.075200313811365e-07, 4.9711925242945654e-08, 9.979232551415862e-09, 4.1718859478123704e-09, 2.4451063396213613e-09, 1.6868627605859388e-09, 1.0238918601856994e-09, 7.185384509611481e-10, 5.355992871436399e-10, 5.208628528485804e-10, 1.7993012635386663e-10, 2.3851339306379948e-11, 1.5350378954059885e-11, 1.0045535583924625e-11, 9.60266761940165e-12, 9.027029991559576e-12, 8.767521431085612e-12, 8.608070853344252e-12, 8.449581312408583e-12, 8.349914509819811e-12, 8.274999609148015e-12, 8.230772834127986e-12], "lowlevel.mfcc.mean": [-670.2318115234375, 143.94473266601562, 22.127220153808594, 38.86768341064453, 12.894906044006348, 9.784421920776367, 1.9332977533340454, 5.032303333282471, 0.9935086369514465, 2.413111686706543, -0.06448780000209808, -8.367777824401855, -5.684348106384277], "lowlevel.spectral_contrast_coeffs.mean": [-0.6616626977920532, -0.723544180393219, -0.7617617249488831, -0.8086339235305786, -0.8063348531723022, -0.7745867371559143], "lowlevel.spectral_contrast_coeffs.stdev": [0.07600435614585876, 0.07232563942670822, 0.058631207793951035, 0.03940237686038017, 0.03781278431415558, 0.029882533475756645], "lowlevel.spectral_contrast_valleys.mean": [-6.209718704223633, -7.053981781005859, -7.850627899169922, -7.98354959487915, -7.940478801727295, -10.598980903625488], "lowlevel.spectral_contrast_valleys.stdev": [0.5778382420539856, 0.6505809426307678, 0.6121784448623657, 0.5550544261932373, 0.6616203784942627, 1.0214672088623047], "rhythm.beats_loudness_band_ratio.mean": [0.642470121383667, 0.23560889065265656, 0.09333410114049911, 0.036510370671749115, 0.027074234560132027, 0.022483499720692635], "rhythm.beats_loudness_band_ratio.stdev": [0.18243449926376343, 0.15356190502643585, 0.07607049494981766, 0.03404170647263527, 0.024811185896396637, 0.02146957628428936], "tonal.hpcp.mean": [0.01747996360063553, 0.012588255107402802, 0.023378191515803337, 0.03153543174266815, 0.04828045517206192, 0.20511771738529205, 0.4168627858161926, 0.2919332981109619, 0.06888947635889053, 0.030468888580799103, 0.03516481816768646, 0.12947948276996613, 0.2010178565979004, 0.11701705306768417, 0.03263884782791138, 0.027665669098496437, 0.02839246392250061, 0.026521028950810432, 0.03884054720401764, 0.04596780985593796, 0.13802208006381989, 0.2857913374900818, 0.22199216485023499, 0.10388007760047913, 0.07151230424642563, 0.04904963821172714, 0.09351526945829391, 0.14508749544620514, 0.09124090522527695, 0.01824621483683586, 0.015945732593536377, 0.025205159559845924, 0.06955713033676147, 0.11130691319704056, 0.0852290466427803, 0.041098225861787796], "tonal.hpcp.stdev": [0.07973578572273254, 0.06606099754571915, 0.11329696327447891, 0.13899913430213928, 0.15338246524333954, 0.2606913149356842, 0.4021175801753998, 0.32493218779563904, 0.1659078598022461, 0.13111917674541473, 0.11142970621585846, 0.26546645164489746, 0.36557602882385254, 0.23435193300247192, 0.1055895984172821, 0.11801624298095703, 0.13523317873477936, 0.10155675560235977, 0.10987275093793869, 0.1423320472240448, 0.2192419022321701, 0.40095430612564087, 0.3076027035713196, 0.24912531673908234, 0.21279890835285187, 0.14412173628807068, 0.20539678633213043, 0.24166451394557953, 0.1750875860452652, 0.08409044146537781, 0.08850990235805511, 0.10708940029144287, 0.18140868842601776, 0.23413139581680298, 0.19291847944259644, 0.13607065379619598], "rhythm.beats_position": [0.29024943709373474, 0.6037188172340393, 0.9287981986999512, 1.265487551689148, 1.6021767854690552, 1.9504761695861816, 2.2987754344940186, 2.6470746994018555, 2.9953742027282715, 3.3436734676361084, 3.703582763671875, 4.0634918212890625, 4.4117913246154785, 4.7600908279418945, 5.108389854431152, 5.445079326629639, 5.804988384246826, 6.153287887573242, 6.501587390899658, 6.849886417388916, 7.198185920715332, 7.54648494720459, 7.894784450531006, 8.243083953857422, 8.59138298034668, 8.939682006835938, 9.276371955871582, 9.62467098236084, 9.984580039978027, 10.332880020141602, 10.68117904663086, 11.029478073120117, 11.377777099609375, 11.72607707977295, 12.074376106262207, 12.422675132751465, 12.770975112915039, 13.119274139404297, 13.467573165893555, 13.815873146057129, 14.164172172546387, 14.512471199035645, 14.860771179199219, 15.209070205688477, 15.557369232177734], "rhythm.bpm_histogram": [0.0, 0.0, 0.0, 0.0, 0.0, 0.0, 0.0, 0.0, 0.0, 0.0, 0.0, 0.0, 0.0, 0.0, 0.0, 0.0, 0.0, 0.0, 0.0, 0.0, 0.0, 0.0, 0.0, 0.0, 0.0, 0.0, 0.0, 0.0, 0.0, 0.0, 0.0, 0.0, 0.0, 0.0, 0.0, 0.0, 0.0, 0.0, 0.0, 0.0, 0.0, 0.0, 0.0, 0.0, 0.0, 0.0, 0.0, 0.0, 0.0, 0.0, 0.0, 0.0, 0.0, 0.0, 0.0, 0.0, 0.0, 0.0, 0.0, 0.0, 0.0, 0.0, 0.0, 0.0, 0.0, 0.0, 0.0, 0.0, 0.0, 0.0, 0.0, 0.0, 0.0, 0.0, 0.0, 0.0, 0.0, 0.0, 0.0, 0.0, 0.0, 0.0, 0.0, 0.0, 0.0, 0.0, 0.0, 0.0, 0.0, 0.0, 0.0, 0.0, 0.0, 0.0, 0.0, 0.0, 0.0, 0.0, 0.0, 0.0, 0.0, 0.0, 0.0, 0.0, 0.0, 0.0, 0.0, 0.0, 0.0, 0.0, 0.0, 0.0, 0.0, 0.0, 0.0, 0.0, 0.0, 0.0, 0.0, 0.0, 0.0, 0.0, 0.0, 0.0, 0.0, 0.0, 0.0, 0.0, 0.0, 0.0, 0.0, 0.0, 0.0, 0.0, 0.0, 0.0, 0.0, 0.0, 0.0, 0.0, 0.0, 0.0, 0.0, 0.0, 0.0, 0.0, 0.0, 0.0, 0.0, 0.0, 0.0, 0.0, 0.0, 0.0, 0.0, 0.0, 0.0, 0.0, 0.0, 0.0, 0.0, 0.0, 0.0, 0.0, 0.0, 0.0, 0.0, 0.09090909361839294, 0.0, 0.0, 0.0, 0.0, 0.7727272510528564, 0.0, 0.0, 0.0, 0.0, 0.0, 0.09090909361839294, 0.0, 0.0, 0.0, 0.0, 0.0, 0.0, 0.022727273404598236, 0.0, 0.0, 0.0, 0.0, 0.0, 0.022727273404598236, 0.0, 0.0, 0.0, 0.0, 0.0, 0.0, 0.0, 0.0, 0.0, 0.0, 0.0, 0.0, 0.0, 0.0, 0.0, 0.0, 0.0, 0.0, 0.0, 0.0, 0.0, 0.0, 0.0, 0.0, 0.0, 0.0, 0.0, 0.0, 0.0, 0.0, 0.0, 0.0, 0.0, 0.0, 0.0, 0.0, 0.0, 0.0, 0.0, 0.0, 0.0, 0.0, 0.0, 0.0, 0.0, 0.0, 0.0, 0.0, 0.0, 0.0, 0.0, 0.0, 0.0, 0.0, 0.0, 0.0, 0.0, 0.0], "tonal.chords_histogram": [29.154518127441406, 0.8746355772018433, 35.2769660949707, 0.0, 0.0, 0.0, 0.0, 0.0, 0.0, 0.0, 0.0, 0.0, 0.0, 0.0, 0.0, 0.0, 0.0, 0.0, 0.0, 9.037900924682617, 0.0, 1.7492711544036865, 2.915452003479004, 20.991252899169922], "tonal.thpcp": [1.0, 0.7003102898597717, 0.16525696218013763, 0.07309093326330185, 0.08435586094856262, 0.3106045722961426, 0.48221588134765625, 0.28070878982543945, 0.07829637825489044, 0.06636636704206467, 0.06810985505580902, 0.06362052261829376, 0.09317345917224884, 0.11027084290981293, 0.33109715580940247, 0.6855764985084534, 0.5325305461883545, 0.2491948902606964, 0.1715487837791443, 0.11766374856233597, 0.2243310511112213, 0.3480461537837982, 0.21887515485286713, 0.04377031326293945, 0.03825175389647484, 0.06046392396092415, 0.16685856878757477, 0.2670109272003174, 0.2044534832239151, 0.09858933836221695, 0.04193217679858208, 0.030197598040103912, 0.05608126148581505, 0.07564942538738251, 0.1158185750246048, 0.4920509159564972], "lowlevel.gfcc.cov": [[3048.12158203125, -847.1841430664062, -60.47504425048828, 147.12193298339844, -499.8912658691406, 159.93560791015625, -314.7971496582031, 182.34518432617188, -214.07496643066406, 170.55178833007812, -89.84628295898438, 83.44341278076172, -99.27759552001953], [-847.1841430664062, 1376.0164794921875, -58.78038787841797, -330.0755310058594, 330.2618408203125, -220.71205139160156, 344.31231689453125, -191.14373779296875, 273.25152587890625, -185.84054565429688, 174.0872039794922, -154.18276977539062, 49.797115325927734], [-60.47504425048828, -58.78038787841797, 297.99334716796875, 95.84430694580078, 0.172886922955513, 27.118064880371094, -19.150728225708008, 20.919612884521484, -8.032899856567383, 30.127958297729492, -33.26182174682617, -0.5247377753257751, 5.152793884277344], [147.12193298339844, -330.0755310058594, 95.84430694580078, 277.7029113769531, 7.787838459014893, 24.667404174804688, -73.31757354736328, 21.806840896606445, -45.93571090698242, 20.174585342407227, -52.79741287231445, 15.992804527282715, 18.15550994873047], [-499.8912658691406, 330.2618408203125, 0.172886922955513, 7.787838459014893, 257.0791320800781, -39.19181823730469, 88.85606384277344, -64.31909942626953, 64.96380615234375, -61.72279739379883, 19.90654945373535, -49.547760009765625, 23.357065200805664], [159.93560791015625, -220.71205139160156, 27.118064880371094, 24.667404174804688, -39.19181823730469, 158.31210327148438, 10.749895095825195, 72.03614044189453, -44.821739196777344, 52.87813949584961, -32.712528228759766, 6.573267936706543, -17.09088134765625], [-314.7971496582031, 344.31231689453125, -19.150728225708008, -73.31757354736328, 88.85606384277344, 10.749895095825195, 239.79025268554688, 0.8719109296798706, 73.08633422851562, -44.32454299926758, 34.91889572143555, -60.936119079589844, -6.089229106903076], [182.34518432617188, -191.14373779296875, 20.919612884521484, 21.806840896606445, -64.31909942626953, 72.03614044189453, 0.8719109296798706, 120.25090026855469, -18.438617706298828, 40.48574447631836, -26.265504837036133, 25.00578498840332, -18.82039451599121], [-214.07496643066406, 273.25152587890625, -8.032899856567383, -45.93571090698242, 64.96380615234375, -44.821739196777344, 73.08633422851562, -18.438617706298828, 119.41506958007812, -23.333765029907227, 37.97321701049805, -27.13119888305664, 6.185461044311523], [170.55178833007812, -185.84054565429688, 30.127958297729492, 20.174585342407227, -61.72279739379883, 52.87813949584961, -44.32454299926758, 40.48574447631836, -23.333765029907227, 106.9247055053711, -2.7833073139190674, 19.848087310791016, -14.025303840637207], [-89.84628295898438, 174.0872039794922, -33.26182174682617, -52.79741287231445, 19.90654945373535, -32.712528228759766, 34.91889572143555, -26.265504837036133, 37.97321701049805, -2.7833073139190674, 76.5523681640625, 1.3203240633010864, 10.324850082397461], [83.44341278076172, -154.18276977539062, -0.5247377753257751, 15.992804527282715, -49.547760009765625, 6.573267936706543, -60.936119079589844, 25.00578498840332, -27.13119888305664, 19.848087310791016, 1.3203240633010864, 83.63550567626953, 20.15372085571289], [-99.27759552001953, 49.797115325927734, 5.152793884277344, 18.15550994873047, 23.357065200805664, -17.09088134765625, -6.089229106903076, -18.82039451599121, 6.185461044311523, -14.025303840637207, 10.324850082397461, 20.15372085571289, 62.912845611572266]], "lowlevel.gfcc.icov": [[0.0008308290271088481, -0.001998846186324954, 0.000979217584244907, -0.0020890699233859777, 0.002156986156478524, -0.0013463401701301336, 0.0016188242007046938, -0.0009539197781123221, 0.0016146852867677808, -0.0009251033770851791, 0.0012337220832705498, -0.000986405648291111, 0.001869164640083909], [-0.001998846186324954, 0.015900250524282455, -0.005681506358087063, 0.014057488180696964, -0.010191000998020172, 0.008975796401500702, -0.009225218556821346, 0.005164741538465023, -0.011371700093150139, 0.007347223348915577, -0.011564749293029308, 0.011058281175792217, -0.011345588602125645], [0.000979217584244907, -0.005681506358087063, 0.006137839052826166, -0.006333313416689634, 0.0039972723461687565, -0.003381375689059496, 0.0033285431563854218, -0.0019933951552957296, 0.0035088788717985153, -0.0038148355670273304, 0.005359247326850891, -0.003486745757982135, 0.003732469165697694], [-0.0020890699233859777, 0.014057488180696964, -0.006333313416689634, 0.017750108614563942, -0.010616274550557137, 0.008293629623949528, -0.007233229000121355, 0.0037360177375376225, -0.009074985049664974, 0.005946178454905748, -0.007867266424000263, 0.00991808995604515, -0.012083340436220169], [0.002156986156478524, -0.010191000998020172, 0.0039972723461687565, -0.010616274550557137, 0.014166048727929592, -0.006848853547126055, 0.005273138638585806, -0.0011661991011351347, 0.005365617107599974, -0.0029476238414645195, 0.007147769443690777, -0.005000003147870302, 0.006492143962532282], [-0.0013463401701301336, 0.008975796401500702, -0.003381375689059496, 0.008293629623949528, -0.006848853547126055, 0.01680028811097145, -0.007843386381864548, -0.0018255880568176508, -0.002408419968560338, -0.0004901924403384328, -0.003830203553661704, 0.006811541970819235, -0.006970100570470095], [0.0016188242007046938, -0.009225218556821346, 0.0033285431563854218, -0.007233229000121355, 0.005273138638585806, -0.007843386381864548, 0.013737528584897518, -0.005827111192047596, 0.004341365769505501, -0.001177688129246235, 0.0033081811852753162, -0.0016485087107867002, 0.006465090438723564], [-0.0009539197781123221, 0.005164741538465023, -0.0019933951552957296, 0.0037360177375376225, -0.0011661991011351347, -0.0018255880568176508, -0.005827111192047596, 0.01750190742313862, -0.006567757111042738, 0.0005160177242942154, 0.00040803285082802176, -0.0024367747828364372, -0.0004250717465765774], [0.0016146852867677808, -0.011371700093150139, 0.0035088788717985153, -0.009074985049664974, 0.005365617107599974, -0.002408419968560338, 0.004341365769505501, -0.006567757111042738, 0.02243819646537304, -0.006095892749726772, 0.00413656048476696, -0.00539083918556571, 0.007172618992626667], [-0.0009251033770851791, 0.007347223348915577, -0.0038148355670273304, 0.005946178454905748, -0.0029476238414645195, -0.0004901924403384328, -0.001177688129246235, 0.0005160177242942154, -0.006095892749726772, 0.018486367538571358, -0.010075475089251995, 0.00508786179125309, -0.002933100564405322], [0.0012337220832705498, -0.011564749293029308, 0.005359247326850891, -0.007867266424000263, 0.007147769443690777, -0.003830203553661704, 0.0033081811852753162, 0.00040803285082802176, 0.00413656048476696, -0.010075475089251995, 0.029820628464221954, -0.012397602200508118, 0.006104771513491869], [-0.000986405648291111, 0.011058281175792217, -0.003486745757982135, 0.00991808995604515, -0.005000003147870302, 0.006811541970819235, -0.0016485087107867002, -0.0024367747828364372, -0.00539083918556571, 0.00508786179125309, -0.012397602200508118, 0.028405355289578438, -0.01546846516430378], [0.001869164640083909, -0.011345588602125645, 0.003732469165697694, -0.012083340436220169, 0.006492143962532282, -0.006970100570470095, 0.006465090438723564, -0.0004250717465765774, 0.007172618992626667, -0.002933100564405322, 0.006104771513491869, -0.01546846516430378, 0.029795311391353607]], "lowlevel.mfcc.cov": [[3287.7939453125, -988.935302734375, 177.5135955810547, -151.37815856933594, -144.0646209716797, -134.33631896972656, -79.29949951171875, -94.15779113769531, -96.47950744628906, -78.6492919921875, 45.659175872802734, -26.0893497467041, 43.440948486328125], [-988.935302734375, 1467.0947265625, -246.61439514160156, -32.05083465576172, -52.411582946777344, 24.742019653320312, 25.857362747192383, 69.99964141845703, 14.979842185974121, 71.4571304321289, 52.6780891418457, 64.16377258300781, -16.205766677856445], [177.5135955810547, -246.61439514160156, 299.69842529296875, 33.192386627197266, -3.706862449645996, -3.630017042160034, -6.592275142669678, -20.454814910888672, 26.437034606933594, -5.983531951904297, -13.082942008972168, 24.644128799438477, 35.699180603027344], [-151.37815856933594, -32.05083465576172, 33.192386627197266, 213.2274932861328, 82.3275146484375, 25.01412582397461, -12.953413009643555, -1.9049686193466187, 14.718456268310547, 0.9667320251464844, -25.277204513549805, -34.284812927246094, -5.3441925048828125], [-144.0646209716797, -52.411582946777344, -3.706862449645996, 82.3275146484375, 168.20289611816406, 31.29758071899414, -27.250391006469727, -14.761061668395996, -1.0375405550003052, -20.890031814575195, -16.587223052978516, -27.294227600097656, -13.089152336120605], [-134.33631896972656, 24.742019653320312, -3.630017042160034, 25.01412582397461, 31.29758071899414, 91.54678344726562, 44.3341178894043, -2.2798163890838623, 24.215045928955078, 20.648815155029297, 0.7035602927207947, 2.0132763385772705, -9.180119514465332], [-79.29949951171875, 25.857362747192383, -6.592275142669678, -12.953413009643555, -27.250391006469727, 44.3341178894043, 117.54032135009766, 29.330659866333008, 31.617088317871094, 29.312408447265625, 9.403106689453125, 16.22797203063965, -0.5707173347473145], [-94.15779113769531, 69.99964141845703, -20.454814910888672, -1.9049686193466187, -14.761061668395996, -2.2798163890838623, 29.330659866333008, 99.06852722167969, 31.98944854736328, 4.065423965454102, 10.55843448638916, 8.522823333740234, -3.659342050552368], [-96.47950744628906, 14.979842185974121, 26.437034606933594, 14.718456268310547, -1.0375405550003052, 24.215045928955078, 31.617088317871094, 31.98944854736328, 88.61534118652344, 27.359655380249023, -3.329002618789673, 20.501277923583984, 12.48982048034668], [-78.6492919921875, 71.4571304321289, -5.983531951904297, 0.9667320251464844, -20.890031814575195, 20.648815155029297, 29.312408447265625, 4.065423965454102, 27.359655380249023, 82.42636108398438, 33.46320724487305, 12.89212703704834, 1.8274303674697876], [45.659175872802734, 52.6780891418457, -13.082942008972168, -25.277204513549805, -16.587223052978516, 0.7035602927207947, 9.403106689453125, 10.55843448638916, -3.329002618789673, 33.46320724487305, 71.7190170288086, 21.7484188079834, -6.030467510223389], [-26.0893497467041, 64.16377258300781, 24.644128799438477, -34.284812927246094, -27.294227600097656, 2.0132763385772705, 16.22797203063965, 8.522823333740234, 20.501277923583984, 12.89212703704834, 21.7484188079834, 68.67133331298828, 32.300132751464844], [43.440948486328125, -16.205766677856445, 35.699180603027344, -5.3441925048828125, -13.089152336120605, -9.180119514465332, -0.5707173347473145, -3.659342050552368, 12.48982048034668, 1.8274303674697876, -6.030467510223389, 32.300132751464844, 62.787567138671875]], "lowlevel.mfcc.icov": [[0.00047296308912336826, 0.00029300557798705995, -4.837701635551639e-05, 0.00016666867304593325, 0.00043080729665234685, 0.00022514161537401378, 9.113466512644663e-05, 0.00027535585104487836, 4.6306129661388695e-05, 0.0004453620931599289, -0.0008021554094739258, 0.0004640324623323977, -0.00040824004099704325], [0.00029300557798705995, 0.0011166166514158249, 0.0007721878937445581, -0.0001229537883773446, 0.0004916845937259495, -0.00012607725511770695, 0.0004476784379221499, -0.000364473758963868, 0.0003095711872447282, -0.000461957766674459, -0.0001846202212618664, -0.001198400859721005, 0.00025349901989102364], [-4.837701635551639e-05, 0.0007721878937445581, 0.0046151792630553246, -0.0011043648701161146, 0.000580308202188462, 7.460496271960437e-05, 0.0003948213125113398, 0.0008330231066793203, -0.0012406676542013884, 0.00023350855917669833, 0.0003337615926284343, -0.0022959767375141382, -0.0008480699034407735], [0.00016666867304593325, -0.0001229537883773446, -0.0011043648701161146, 0.006814860738813877, -0.0026557832024991512, -0.000769851787481457, 0.0005669574602507055, -0.0006369409966282547, -0.000622140767518431, -0.0012650195276364684, 0.0009694237378425896, 0.003581971861422062, -0.0012262678937986493], [0.00043080729665234685, 0.0004916845937259495, 0.000580308202188462, -0.0026557832024991512, 0.00945484172552824, -0.0037889473605901003, 0.002699726028367877, 0.0008381913066841662, -0.000839006737805903, 0.0031305190641433, -0.0017016855999827385, 0.0015579794999212027, -0.00012585103104356676], [0.00022514161537401378, -0.00012607725511770695, 7.460496271960437e-05, -0.000769851787481457, -0.0037889473605901003, 0.01770916022360325, -0.0069094630889594555, 0.003335046349093318, -0.0027412406634539366, -0.0019038813188672066, 0.000498675974085927, -0.0014117452083155513, 0.0030095342081040144], [9.113466512644663e-05, 0.0004476784379221499, 0.0003948213125113398, 0.0005669574602507055, 0.002699726028367877, -0.0069094630889594555, 0.013624144718050957, -0.0035209276247769594, -0.0007818067097105086, -0.0024116167332977057, 0.0009153123828582466, -0.0015746159479022026, 0.00047113728942349553], [0.00027535585104487836, -0.000364473758963868, 0.0008330231066793203, -0.0006369409966282547, 0.0008381913066841662, 0.003335046349093318, -0.0035209276247769594, 0.014255858026444912, -0.0063537065871059895, 0.004080879967659712, -0.003915358800441027, 0.0010951630538329482, 0.0008544406155124307], [4.6306129661388695e-05, 0.0003095711872447282, -0.0012406676542013884, -0.000622140767518431, -0.000839006737805903, -0.0027412406634539366, -0.0007818067097105086, -0.0063537065871059895, 0.01875791698694229, -0.007014061324298382, 0.005895182490348816, -0.0053499611094594, -0.00046159292105585337], [0.0004453620931599289, -0.000461957766674459, 0.00023350855917669833, -0.0012650195276364684, 0.0031305190641433, -0.0019038813188672066, -0.0024116167332977057, 0.004080879967659712, -0.007014061324298382, 0.021388571709394455, -0.011711100116372108, 0.004272369667887688, -0.0026275618001818657], [-0.0008021554094739258, -0.0001846202212618664, 0.0003337615926284343, 0.0009694237378425896, -0.0017016855999827385, 0.000498675974085927, 0.0009153123828582466, -0.003915358800441027, 0.005895182490348816, -0.011711100116372108, 0.024675974622368813, -0.01087209302932024, 0.007029551547020674], [0.0004640324623323977, -0.001198400859721005, -0.0022959767375141382, 0.003581971861422062, 0.0015579794999212027, -0.0014117452083155513, -0.0015746159479022026, 0.0010951630538329482, -0.0053499611094594, 0.004272369667887688, -0.01087209302932024, 0.03049316070973873, -0.014643258415162563], [-0.00040824004099704325, 0.00025349901989102364, -0.0008480699034407735, -0.0012262678937986493, -0.00012585103104356676, 0.0030095342081040144, 0.00047113728942349553, 0.0008544406155124307, -0.00046159292105585337, -0.0026275618001818657, 0.007029551547020674, -0.014643258415162563, 0.02549673803150654]], "metadata.audio_properties.analysis.downmix": "mix", "metadata.audio_properties.codec": "mp3", "metadata.audio_properties.md5_encoded": "b0caf328cd06fb83b257b886b178acbd", "metadata.tags.file_name": "1183705158014734417.mp3", "metadata.version.essentia": "2.1-beta6-dev", "metadata.version.essentia_git_sha": "v2.1_beta5-1110-g77a6a954", "metadata.version.extractor": "music 2.0", "tonal.chords_key": "B", "tonal.chords_scale": "major", "tonal.key_edma.key": "E", "tonal.key_edma.scale": "major", "tonal.key_krumhansl.key": "E", "tonal.key_krumhansl.scale": "major", "tonal.key_temperley.key": "E", "tonal.key_temperley.scale": "major", "metadata.tags.encoding": ["Lavf58.45.100"]}, "essentia_