{"song_id": "1183709522926260244", "download": "https://cdn.discordapp.com/attachments/1128313332273782784/1183709522926260244/chirp.mp4?ex=65895266&amp", "lyrics": "[verse]\nIn Mother Russia, a YouTube Poop dance\nWhere gopniks gather, it's their wild chance\nMemes and glitches, oh, it's quite absurd\nRussian YouTube Poop, that's what we've heard\n\n[chorus]\nOh, it's crazy, that Russian YouTube Poop\nSpins you 'round in a crazy loop\nFrom Cheburashka to Putin's might\nRussian YouTube Poop is outta sight", "style": ["country"], "essentia_features": {"lowlevel.average_loudness": 0.961739182472229, "lowlevel.barkbands_crest.mean": 15.43051815032959, "lowlevel.barkbands_crest.stdev": 6.245104789733887, "lowlevel.barkbands_flatness_db.mean": 0.2351580411195755, "lowlevel.barkbands_flatness_db.stdev": 0.07646369189023972, "lowlevel.barkbands_kurtosis.mean": 9.918325424194336, "lowlevel.barkbands_kurtosis.stdev": 21.661231994628906, "lowlevel.barkbands_skewness.mean": 2.157158374786377, "lowlevel.barkbands_skewness.stdev": 2.2174487113952637, "lowlevel.barkbands_spread.mean": 18.380615234375, "lowlevel.barkbands_spread.stdev": 15.805628776550293, "lowlevel.dissonance.mean": 0.45683053135871887, "lowlevel.dissonance.stdev": 0.04187547788023949, "lowlevel.dynamic_complexity": 3.334672212600708, "lowlevel.erbbands_crest.mean": 12.779374122619629, "lowlevel.erbbands_crest.stdev": 5.531085968017578, "lowlevel.erbbands_flatness_db.mean": 0.20746752619743347, "lowlevel.erbbands_flatness_db.stdev": 0.05265219509601593, "lowlevel.erbbands_kurtosis.mean": 2.9177258014678955, "lowlevel.erbbands_kurtosis.stdev": 4.5442986488342285, "lowlevel.erbbands_skewness.mean": -0.27778613567352295, "lowlevel.erbbands_skewness.stdev": 1.1042953729629517, "lowlevel.erbbands_spread.mean": 28.01830291748047, "lowlevel.erbbands_spread.stdev": 19.246273040771484, "lowlevel.hfc.mean": 26.119346618652344, "lowlevel.hfc.stdev": 25.903146743774414, "lowlevel.loudness_ebu128.integrated": -22.891603469848633, "lowlevel.loudness_ebu128.loudness_range": 1.8806285858154297, "lowlevel.loudness_ebu128.momentary.mean": -24.387399673461914, "lowlevel.loudness_ebu128.momentary.stdev": 5.040210247039795, "lowlevel.loudness_ebu128.short_term.mean": -22.90394401550293, "lowlevel.loudness_ebu128.short_term.stdev": 0.8228496313095093, "lowlevel.melbands_crest.mean": 21.284591674804688, "lowlevel.melbands_crest.stdev": 5.766190052032471, "lowlevel.melbands_flatness_db.mean": 0.30176809430122375, "lowlevel.melbands_flatness_db.stdev": 0.09868896007537842, "lowlevel.melbands_kurtosis.mean": 25.55996322631836, "lowlevel.melbands_kurtosis.stdev": 41.09845733642578, "lowlevel.melbands_skewness.mean": 3.599228620529175, "lowlevel.melbands_skewness.stdev": 2.851408004760742, "lowlevel.melbands_spread.mean": 20.453012466430664, "lowlevel.melbands_spread.stdev": 27.767534255981445, "lowlevel.pitch_salience.mean": 0.34537166357040405, "lowlevel.pitch_salience.stdev": 0.15938420593738556, "lowlevel.silence_rate_20dB.mean": 0.9977628588676453, "lowlevel.silence_rate_20dB.stdev": 0.04724545776844025, "lowlevel.silence_rate_30dB.mean": 0.7546607255935669, "lowlevel.silence_rate_30dB.stdev": 0.43028977513313293, "lowlevel.silence_rate_60dB.mean": 0.058165546506643295, "lowlevel.silence_rate_60dB.stdev": 0.23405702412128448, "lowlevel.spectral_centroid.mean": 1231.5570068359375, "lowlevel.spectral_centroid.stdev": 863.416259765625, "lowlevel.spectral_complexity.mean": 15.00745677947998, "lowlevel.spectral_complexity.stdev": 9.231462478637695, "lowlevel.spectral_decrease.mean": -1.7044543554334268e-08, "lowlevel.spectral_decrease.stdev": 1.4442024465211034e-08, "lowlevel.spectral_energy.mean": 0.06669913977384567, "lowlevel.spectral_energy.stdev": 0.05517105758190155, "lowlevel.spectral_energyband_high.mean": 0.0012249088613316417, "lowlevel.spectral_energyband_high.stdev": 0.0032254098914563656, "lowlevel.spectral_energyband_low.mean": 0.0516371913254261, "lowlevel.spectral_energyband_low.stdev": 0.05328359454870224, "lowlevel.spectral_energyband_middle_high.mean": 0.008835787884891033, "lowlevel.spectral_energyband_middle_high.stdev": 0.010491711087524891, "lowlevel.spectral_energyband_middle_low.mean": 0.005677130538970232, "lowlevel.spectral_energyband_middle_low.stdev": 0.009367967955768108, "lowlevel.spectral_entropy.mean": 7.3583807945251465, "lowlevel.spectral_entropy.stdev": 0.5347697734832764, "lowlevel.spectral_flux.mean": 0.08515170961618423, "lowlevel.spectral_flux.stdev": 0.06761036068201065, "lowlevel.spectral_kurtosis.mean": 7.277155876159668, "lowlevel.spectral_kurtosis.stdev": 6.374776363372803, "lowlevel.spectral_rms.mean": 0.007291868329048157, "lowlevel.spectral_rms.stdev": 0.0034497829619795084, "lowlevel.spectral_rolloff.mean": 1052.750732421875, "lowlevel.spectral_rolloff.stdev": 1438.9112548828125, "lowlevel.spectral_skewness.mean": 1.9047101736068726, "lowlevel.spectral_skewness.stdev": 0.8186312317848206, "lowlevel.spectral_spread.mean": 3975520.5, "lowlevel.spectral_spread.stdev": 1451730.25, "lowlevel.spectral_strongpeak.mean": 0.952204167842865, "lowlevel.spectral_strongpeak.stdev": 1.1287091970443726, "lowlevel.zerocrossingrate.mean": 0.03894634544849396, "lowlevel.zerocrossingrate.stdev": 0.04073982685804367, "metadata.audio_properties.analysis.equal_loudness": 0.0, "metadata.audio_properties.analysis.length": 31.10399055480957, "metadata.audio_properties.analysis.sample_rate": 44100.0, "metadata.audio_properties.analysis.start_time": 0.0, "metadata.audio_properties.bit_rate": 113073.0, "metadata.audio_properties.length": 31.104000091552734, "metadata.audio_properties.lossless": 0.0, "metadata.audio_properties.number_channels": 1.0, "metadata.audio_properties.replay_gain": -1.4443912506103516, "metadata.audio_properties.sample_rate": 48000.0, "rhythm.beats_count": 66.0, "rhythm.beats_loudness.mean": 0.09443996846675873, "rhythm.beats_loudness.stdev": 0.07077447324991226, "rhythm.bpm": 129.12832641601562, "rhythm.bpm_histogram_first_peak_bpm": 129.0, "rhythm.bpm_histogram_first_peak_weight": 0.5263158082962036, "rhythm.bpm_histogram_second_peak_bpm": 136.0, "rhythm.bpm_histogram_second_peak_spread": 0.0, "rhythm.bpm_histogram_second_peak_weight": 0.0615384615957737, "rhythm.danceability": 1.1999485492706299, "rhythm.onset_rate": 3.373347759246826, "tonal.chords_changes_rate": 0.08345752954483032, "tonal.chords_number_rate": 0.019374068826436996, "tonal.chords_strength.mean": 0.49700936675071716, "tonal.chords_strength.stdev": 0.07068436592817307, "tonal.hpcp_crest.mean": 13.792373657226562, "tonal.hpcp_crest.stdev": 5.188615322113037, "tonal.hpcp_entropy.mean": 1.8405709266662598, "tonal.hpcp_entropy.stdev": 0.6490092277526855, "tonal.key_edma.strength": 0.743596076965332, "tonal.key_krumhansl.strength": 0.7511465549468994, "tonal.key_temperley.strength": 0.7622842788696289, "tonal.tuning_diatonic_strength": 0.7179675102233887, "tonal.tuning_equal_tempered_deviation": 0.2516045570373535, "tonal.tuning_frequency": 439.2381896972656, "tonal.tuning_nontempered_energy_ratio": 0.8263822197914124, "lowlevel.barkbands.mean": [0.00024147005751729012, 0.040343884378671646, 0.01072218269109726, 0.0008711648406460881, 0.0007046082173474133, 0.0004448500112630427, 0.0010639163665473461, 0.0005629212246276438, 0.0014139205450192094, 0.0018113590776920319, 0.002474142936989665, 0.0019110689172521234, 0.0008588894852437079, 0.0006421122816391289, 0.00036673760041594505, 0.00036932146758772433, 0.00020421437511686236, 0.00022147854906506836, 0.000155519213876687, 0.000187141980859451, 0.00016487315588165075, 0.00041829858673736453, 0.0003788588219322264, 7.003126665949821e-05, 7.511238072765991e-05, 2.1066349290776998e-05, 4.6086345406592955e-08], "lowlevel.barkbands.stdev": [0.0009165751980617642, 0.046113140881061554, 0.017854711040854454, 0.004328321665525436, 0.002118645468726754, 0.0011355798924341798, 0.0031854852568358183, 0.001807954628020525, 0.004140677861869335, 0.004616377875208855, 0.005819409154355526, 0.003227765439078212, 0.0015253641176968813, 0.0014850281877443194, 0.0008246927754953504, 0.0008964479784481227, 0.0004856596642639488, 0.0004269625060260296, 0.00036319714854471385, 0.0005627876962535083, 0.0005231700488366187, 0.0013224860886111856, 0.0011933877831324935, 0.0002088678302243352, 0.00022944518423173577, 5.2686213166452944e-05, 2.4742814730416285e-07], "lowlevel.erbbands.mean": [0.7537530064582825, 10.293411254882812, 17.747228622436523, 4.149355888366699, 3.4178686141967773, 1.9178458452224731, 1.5321485996246338, 4.421021461486816, 14.174323081970215, 12.100273132324219, 17.300121307373047, 31.743314743041992, 52.83272933959961, 67.39167022705078, 105.03816223144531, 73.71268463134766, 44.14459228515625, 35.44920349121094, 25.61161231994629, 16.960433959960938, 19.90855598449707, 12.753913879394531, 11.954708099365234, 9.7279634475708, 7.654816627502441, 9.244186401367188, 6.6242265701293945, 7.361651420593262, 13.913559913635254, 18.615785598754883, 7.922452449798584, 1.9750783443450928, 1.1600228548049927, 0.9388591647148132, 0.4619709551334381, 0.16162222623825073, 0.022123074159026146, 0.0013134133769199252, 6.97775831213221e-05, 7.911514694569632e-05], "lowlevel.erbbands.stdev": [1.2979212999343872, 10.870332717895508, 23.94777488708496, 9.299283981323242, 13.09834098815918, 6.403400421142578, 3.7206947803497314, 11.38914680480957, 42.02069854736328, 40.13487243652344, 50.04542922973633, 92.04872131347656, 154.48529052734375, 195.3548126220703, 199.21530151367188, 115.06805419921875, 70.25662231445312, 67.2234878540039, 52.296871185302734, 34.26996612548828, 48.93697738647461, 30.083810806274414, 22.944700241088867, 20.85715675354004, 18.78148651123047, 28.886470794677734, 19.021326065063477, 23.429935455322266, 44.626399993896484, 56.9775276184082, 25.284992218017578, 6.38638973236084, 3.5840837955474854, 3.0654819011688232, 1.3431545495986938, 0.40869569778442383, 0.06266038119792938, 0.004356513265520334, 0.000102240577689372, 6.182896322570741e-05], "lowlevel.gfcc.mean": [-33.6110954284668, 101.39679718017578, -120.89019012451172, 32.28827667236328, -37.005428314208984, 55.267234802246094, -4.277993202209473, 19.137359619140625, -15.657581329345703, 3.059079885482788, -8.755512237548828, 3.7657415866851807, -11.335451126098633], "lowlevel.melbands.mean": [0.009358451701700687, 0.010636936873197556, 0.0007919694762676954, 0.0001869893749244511, 5.423763286671601e-05, 0.00010669701441656798, 0.00021970317175146192, 0.00012102995242457837, 0.00015515994164161384, 0.00020619707356672734, 0.0002627092180773616, 0.00025408697547391057, 0.00035928035504184663, 0.00023404741659760475, 0.00012613266881089658, 8.905454888008535e-05, 6.398164259735495e-05, 4.426763189258054e-05, 2.5550822101649828e-05, 2.3158065232564695e-05, 2.2344858734868467e-05, 1.3188820958021097e-05, 1.0686950190574862e-05, 1.0284490599588025e-05, 7.712277692917269e-06, 5.383060852182098e-06, 5.944709755567601e-06, 6.135724561318057e-06, 3.950017344322987e-06, 4.0255190469906665e-06, 4.230925696901977e-06, 7.387314781226451e-06, 9.381695235788357e-06, 1.1003484360117e-05, 5.220816547080176e-06, 1.8382974076303071e-06, 9.194332051265519e-07, 7.9318084544866e-07, 7.437491831296938e-07, 8.208426720557327e-07], "lowlevel.melbands.stdev": [0.012536976486444473, 0.011113673448562622, 0.0018054305110126734, 0.0005955966771580279, 0.00013889322872273624, 0.0002907874877564609, 0.0006290221936069429, 0.00039175961865112185, 0.00046909143566153944, 0.0006089796661399305, 0.000780173228122294, 0.0007671909988857806, 0.0007511827279813588, 0.00042416300857439637, 0.00019451270054560155, 0.00016614665219094604, 0.0001371078978991136, 9.864853927865624e-05, 5.691443948308006e-05, 5.3247866162564605e-05, 5.9422214690130204e-05, 3.470572846708819e-05, 2.1916501282248646e-05, 2.0838231648667715e-05, 1.7741684132488444e-05, 1.3596817552752327e-05, 1.6946140021900646e-05, 1.991956560232211e-05, 1.119423995987745e-05, 1.3284981832839549e-05, 1.3757063243247103e-05, 2.4097529603750445e-05, 3.172425931552425e-05, 3.4458062145859e-05, 1.7357097021886148e-05, 6.582879905181471e-06, 2.9826048830727814e-06, 2.4697174012544565e-06, 2.423011892460636e-06, 2.804094947350677e-06], "lowlevel.melbands128.mean": [0.00020833905728068203, 0.0037143942900002003, 0.01409437507390976, 0.018519513309001923, 0.012521759606897831, 0.003580985590815544, 0.0005404170951806009, 0.00047765616909600794, 0.000341907114489004, 0.00017156628018710762, 8.918160165194422e-05, 5.004134800401516e-05, 4.764776167576201e-05, 5.1963303121738136e-05, 6.899346772115678e-05, 0.0001426625531166792, 0.00023734885326121002, 0.0002339454076718539, 0.00021539309818763286, 0.00011946642189286649, 7.653397915419191e-05, 0.00010205432045040652, 0.0001813204726204276, 0.00018673126760404557, 0.00019591039745137095, 0.00021433463552966714, 0.00022148007701616734, 0.00030832987977191806, 0.00026004118262790143, 0.00021137998555786908, 0.00028533360455185175, 0.00026832259027287364, 0.00045288450201041996, 0.00033991484087891877, 0.0002340586797799915, 0.00021191102860029787, 0.00021649891277775168, 0.00012233400775585324, 6.28207199042663e-05, 0.00011027668369933963, 0.00010097715858137235, 5.464554124046117e-05, 6.168353138491511e-05, 7.405337964883074e-05, 5.447867442853749e-05, 3.481914245639928e-05, 3.803315121331252e-05, 2.5323297450086102e-05, 2.0389108613017015e-05, 2.0542134734569117e-05, 2.0584497178788297e-05, 3.030335938092321e-05, 2.822012174874544e-05, 1.627406345505733e-05, 1.344105476164259e-05, 1.4948441275919322e-05, 1.1407971214794088e-05, 9.380426490679383e-06, 1.06432116808719e-05, 1.2327677723078523e-05, 9.733750630402938e-06, 9.950229468813632e-06, 8.643464752822183e-06, 7.492469194403384e-06, 5.109327503305394e-06, 5.627846348943422e-06, 5.2071322897973005e-06, 4.994827577320393e-06, 5.987501936033368e-06, 7.568314231320983e-06, 6.903048870299244e-06, 4.799584985448746e-06, 4.473463377507869e-06, 3.5817922707792604e-06, 3.6987903513363563e-06, 4.453425390238408e-06, 3.962287792091956e-06, 3.4070314995915396e-06, 4.385343800095143e-06, 4.592302502715029e-06, 6.843981282145251e-06, 9.252191375708207e-06, 7.454245405824622e-06, 9.485855116508901e-06, 1.0316014595446177e-05, 1.2138679267081898e-05, 1.1199593245692085e-05, 9.208597475662827e-06, 4.16313059758977e-06, 3.3071789857785916e-06, 2.3707057152932975e-06, 1.3335345556697575e-06, 1.0177054718951695e-06, 1.0042188023362542e-06, 7.608625196553476e-07, 7.323610589082818e-07, 8.519944572071836e-07, 8.352478175766009e-07, 6.153522917884402e-07, 7.818746325938264e-07, 8.688811021784204e-07, 7.985283900779905e-07, 8.127018986670009e-07, 6.911951118127035e-07, 4.343745558799128e-07, 4.213650299789151e-07, 3.952977749577258e-07, 3.8916911648811947e-07, 2.567085459759255e-07, 2.237153751138976e-07, 1.3151736766303657e-07, 6.984793543551859e-08, 5.0262411122048434e-08, 3.055258801509808e-08, 2.0310659820665933e-08, 9.136457812530807e-09, 1.867052290549509e-09, 1.460904314187772e-10, 1.1966207538738338e-11, 1.1385849728318131e-11, 1.1159677348882013e-11, 1.0887718678020963e-11, 1.066902555885152e-11, 1.044548822437541e-11, 9.975567247244577e-12, 9.270797671212527e-12, 8.879700794106604e-12, 8.786335374544318e-12], "lowlevel.melbands128.stdev": [0.0007490089046768844, 0.00873858667910099, 0.021887440234422684, 0.018647562712430954, 0.0157051682472229, 0.0061041126027703285, 0.0016837811563163996, 0.002439431380480528, 0.0013750167563557625, 0.0005931757623329759, 0.0004194962093606591, 0.00019248551689088345, 0.0001547169085824862, 0.00015528296353295445, 0.00022049949620850384, 0.0005218192236497998, 0.0009370277402922511, 0.0008281317423097789, 0.0009399097179993987, 0.0005227221408858895, 0.00036348565481603146, 0.0004947754787281156, 0.000641060178168118, 0.0008331417920999229, 0.0008174718241207302, 0.0008711586706340313, 0.001164811197668314, 0.001186518114991486, 0.0008940081461332738, 0.00072004139656201, 0.001365264062769711, 0.0010995737975463271, 0.0012345124268904328, 0.0007788341026753187, 0.0005968768964521587, 0.0006394414231181145, 0.00044792101834900677, 0.0002493740466888994, 0.00014023964467924088, 0.0002730102860368788, 0.0002446842845529318, 0.00012787601735908538, 0.00019578567298594862, 0.00023685646010562778, 0.00019019280443899333, 8.575990068493411e-05, 0.00011600789002841339, 7.31043255655095e-05, 5.331180727807805e-05, 5.996586332912557e-05, 6.302383553702384e-05, 9.629921987652779e-05, 8.890356548363343e-05, 6.065604975447059e-05, 3.697898500831798e-05, 5.2066978241782635e-05, 3.126750380033627e-05, 2.1830850528203882e-05, 2.4615430447738618e-05, 2.9625613024109043e-05, 2.4204422516049817e-05, 2.4292779926327057e-05, 2.2001298930263147e-05, 2.1204763470450416e-05, 1.2764079656335525e-05, 1.6796499039628543e-05, 1.4289328646555077e-05, 1.4051618563826196e-05, 1.8574406567495316e-05, 2.769752791209612e-05, 2.756362118816469e-05, 1.4880339222145267e-05, 1.4213801478035748e-05, 1.1078327588620596e-05, 1.2080643500667065e-05, 1.576907561684493e-05, 1.3884251529816538e-05, 1.2849616723542567e-05, 1.61463140102569e-05, 1.5121012438612524e-05, 2.2528753106598742e-05, 3.4191103623015806e-05, 2.7376187063055113e-05, 3.5560489777708426e-05, 3.66537606169004e-05, 4.0236172935692593e-05, 3.9934253436513245e-05, 3.278928852523677e-05, 1.4847022612229921e-05, 1.2002200492133852e-05, 9.780841537576634e-06, 4.762386197398882e-06, 4.088730293005938e-06, 3.7158324630581774e-06, 2.2480112420453224e-06, 2.3462621356884483e-06, 2.9320856356207514e-06, 3.254464900237508e-06, 2.168834498661454e-06, 2.6079860617755912e-06, 2.9712950890825596e-06, 2.8984982236579526e-06, 3.1504316666541854e-06, 2.49767458626593e-06, 1.2796477903975756e-06, 1.155428208221565e-06, 1.0612897085593431e-06, 1.1809876241386519e-06, 6.552681384164316e-07, 6.156580525384925e-07, 4.153204145040945e-07, 2.5443475237807434e-07, 1.8791729416989256e-07, 1.2778559721482452e-07, 9.296199721120502e-08, 4.3604419630582925e-08, 9.28844912095883e-09, 1.0369685110589444e-09, 2.034651613858074e-11, 1.6525605536776844e-11, 1.6546817735441088e-11, 1.5656854285284183e-11, 1.5325433630475338e-11, 1.5060163185975917e-11, 1.484022973952115e-11, 1.466218639556427e-11, 1.453214631963462e-11, 1.445357201979025e-11], "lowlevel.mfcc.mean": [-676.4027709960938, 129.95733642578125, -8.175342559814453, 7.247187614440918, 4.759578704833984, 35.16522979736328, 25.028221130371094, 30.856430053710938, 11.905275344848633, 6.970403671264648, 13.5431489944458, 4.8626604080200195, 13.65070629119873], "lowlevel.spectral_contrast_coeffs.mean": [-0.6411482095718384, -0.7608791589736938, -0.727081835269928, -0.7893072962760925, -0.8058182001113892, -0.7435091733932495], "lowlevel.spectral_contrast_coeffs.stdev": [0.08663526177406311, 0.09326034784317017, 0.07480886578559875, 0.051069226115942, 0.041617777198553085, 0.05526060611009598], "lowlevel.spectral_contrast_valleys.mean": [-7.532342910766602, -7.493279933929443, -7.075113773345947, -7.656108856201172, -8.026333808898926, -10.8367919921875], "lowlevel.spectral_contrast_valleys.stdev": [0.9316484928131104, 0.8321981430053711, 0.7778074145317078, 0.8514823913574219, 0.9882398843765259, 1.186313509941101], "rhythm.beats_loudness_band_ratio.mean": [0.657971978187561, 0.019279181957244873, 0.07278068363666534, 0.16894693672657013, 0.04806174710392952, 0.05207863822579384], "rhythm.beats_loudness_band_ratio.stdev": [0.2648167014122009, 0.031535569578409195, 0.08760737627744675, 0.17397141456604004, 0.05239703133702278, 0.12981180846691132], "tonal.hpcp.mean": [0.033286046236753464, 0.03405505046248436, 0.04246669262647629, 0.041147101670503616, 0.03541763871908188, 0.03573194146156311, 0.03484191745519638, 0.06075546517968178, 0.15022991597652435, 0.23038770258426666, 0.14203131198883057, 0.032276470214128494, 0.025627590715885162, 0.02858317457139492, 0.041009556502103806, 0.17413775622844696, 0.199057936668396, 0.0884653627872467, 0.06123553216457367, 0.0381322018802166, 0.02250140905380249, 0.057853925973176956, 0.07958944886922836, 0.09157875925302505, 0.14802023768424988, 0.10846215486526489, 0.03629221394658089, 0.031452517956495285, 0.04391687363386154, 0.13301852345466614, 0.3234568238258362, 0.2547081708908081, 0.061840590089559555, 0.03687736392021179, 0.03227749466896057, 0.03547530993819237], "tonal.hpcp.stdev": [0.11903419345617294, 0.10118334740400314, 0.13907185196876526, 0.13735845685005188, 0.11344204843044281, 0.11443882435560226, 0.11466562002897263, 0.15131868422031403, 0.22841501235961914, 0.3910784125328064, 0.2457251101732254, 0.0977722704410553, 0.08036094903945923, 0.09835176914930344, 0.1088688001036644, 0.3446512520313263, 0.3475840985774994, 0.20040953159332275, 0.1632315218448639, 0.12465056777000427, 0.0745842456817627, 0.19242756068706512, 0.23068645596504211, 0.1840338408946991, 0.31789880990982056, 0.22575907409191132, 0.10585029423236847, 0.11770075559616089, 0.1484464854001999, 0.2187231034040451, 0.43424391746520996, 0.34503212571144104, 0.15711501240730286, 0.10783243924379349, 0.10356714576482773, 0.11479169875383377], "rhythm.beats_position": [0.4876190423965454, 0.9868480563163757, 1.486077070236206, 1.9736961126327515, 2.449705123901367, 2.902494192123413, 3.3668932914733887, 3.8312923908233643, 4.29569149017334, 4.7600908279418945, 5.224489688873291, 5.700498580932617, 6.153287887573242, 6.5944671630859375, 7.035645961761475, 7.500045299530029, 7.964444160461426, 8.42884349822998, 8.870022773742676, 9.3228120803833, 9.77560043334961, 10.228389739990234, 10.704399108886719, 11.180407524108887, 11.656416893005371, 12.120816230773926, 12.57360553741455, 13.038003921508789, 13.502403259277344, 13.978412628173828, 14.454421043395996, 14.91882038116455, 15.394829750061035, 15.85922908782959, 16.323627471923828, 16.776416778564453, 17.229206085205078, 17.693605422973633, 18.158004760742188, 18.622404098510742, 19.063581466674805, 19.52798080444336, 19.980770111083984, 20.43355941772461, 20.886348724365234, 21.35074806213379, 21.803537368774414, 22.26793670654297, 22.732336044311523, 23.185123443603516, 23.63791275024414, 24.113922119140625, 24.58993148803711, 25.054330825805664, 25.51873016357422, 25.983129501342773, 26.447526931762695, 26.91192626953125, 27.376325607299805, 27.85233497619629, 28.328344345092773, 28.815963745117188, 29.291973114013672, 29.767980575561523, 30.243989944458008, 30.719999313354492], "rhythm.bpm_histogram": [0.0, 0.0, 0.0, 0.0, 0.0, 0.0, 0.0, 0.0, 0.0, 0.0, 0.0, 0.0, 0.0, 0.0, 0.0, 0.0, 0.0, 0.0, 0.0, 0.0, 0.0, 0.0, 0.0, 0.0, 0.0, 0.0, 0.0, 0.0, 0.0, 0.0, 0.0, 0.0, 0.0, 0.0, 0.0, 0.0, 0.0, 0.0, 0.0, 0.0, 0.0, 0.0, 0.0, 0.0, 0.0, 0.0, 0.0, 0.0, 0.0, 0.0, 0.0, 0.0, 0.0, 0.0, 0.0, 0.0, 0.0, 0.0, 0.0, 0.0, 0.0, 0.0, 0.0, 0.0, 0.0, 0.0, 0.0, 0.0, 0.0, 0.0, 0.0, 0.0, 0.0, 0.0, 0.0, 0.0, 0.0, 0.0, 0.0, 0.0, 0.0, 0.0, 0.0, 0.0, 0.0, 0.0, 0.0, 0.0, 0.0, 0.0, 0.0, 0.0, 0.0, 0.0, 0.0, 0.0, 0.0, 0.0, 0.0, 0.0, 0.0, 0.0, 0.0, 0.0, 0.0, 0.0, 0.0, 0.0, 0.0, 0.0, 0.0, 0.0, 0.0, 0.0, 0.0, 0.0, 0.0, 0.0, 0.0, 0.0, 0.03076923079788685, 0.0, 0.0, 0.03076923079788685, 0.0, 0.0, 0.2461538463830948, 0.0, 0.0, 0.4153846204280853, 0.0, 0.0, 0.0, 0.2153846174478531, 0.0, 0.0, 0.0615384615957737, 0.0, 0.0, 0.0, 0.0, 0.0, 0.0, 0.0, 0.0, 0.0, 0.0, 0.0, 0.0, 0.0, 0.0, 0.0, 0.0, 0.0, 0.0, 0.0, 0.0, 0.0, 0.0, 0.0, 0.0, 0.0, 0.0, 0.0, 0.0, 0.0, 0.0, 0.0, 0.0, 0.0, 0.0, 0.0, 0.0, 0.0, 0.0, 0.0, 0.0, 0.0, 0.0, 0.0, 0.0, 0.0, 0.0, 0.0, 0.0, 0.0, 0.0, 0.0, 0.0, 0.0, 0.0, 0.0, 0.0, 0.0, 0.0, 0.0, 0.0, 0.0, 0.0, 0.0, 0.0, 0.0, 0.0, 0.0, 0.0, 0.0, 0.0, 0.0, 0.0, 0.0, 0.0, 0.0, 0.0, 0.0, 0.0, 0.0, 0.0, 0.0, 0.0, 0.0, 0.0, 0.0, 0.0, 0.0, 0.0, 0.0, 0.0, 0.0, 0.0, 0.0, 0.0, 0.0, 0.0, 0.0, 0.0, 0.0, 0.0, 0.0, 0.0, 0.0, 0.0, 0.0, 0.0, 0.0, 0.0, 0.0, 0.0, 0.0, 0.0, 0.0], "tonal.chords_histogram": [38.00297927856445, 5.514157772064209, 0.0, 9.687034606933594, 2.682563304901123, 13.412817001342773, 0.14903129637241364, 2.384500741958618, 1.0432190895080566, 10.432190895080566, 4.470938682556152, 0.0, 0.0, 0.0, 2.53353214263916, 2.980625867843628, 0.0, 0.0, 0.0, 0.0, 0.0, 0.0, 2.831594705581665, 3.8748137950897217], "tonal.thpcp": [1.0, 0.7874564528465271, 0.19118653237819672, 0.11401016265153885, 0.09978918731212616, 0.1096755638718605, 0.10290723294019699, 0.105284683406353, 0.13129013776779175, 0.12721049785614014, 0.10949727147817612, 0.11046896874904633, 0.107717365026474, 0.18783175945281982, 0.46445122361183167, 0.712267279624939, 0.4391043782234192, 0.09978602081537247, 0.07923033088445663, 0.08836781978607178, 0.1267852634191513, 0.5383647680282593, 0.6154080629348755, 0.2734997570514679, 0.18931594491004944, 0.11788962036371231, 0.06956541538238525, 0.1788613498210907, 0.24605895578861237, 0.2831251323223114, 0.4576197564601898, 0.33532190322875977, 0.11220110952854156, 0.097238689661026, 0.13577352464199066, 0.41124042868614197], "lowlevel.gfcc.cov": [[6987.82373046875, -1020.9420776367188, 61.83502197265625, 889.3787231445312, -409.8569641113281, 17.423673629760742, -204.2628936767578, 38.7479133605957, -131.75486755371094, 67.3637466430664, -168.3089599609375, 135.3588104248047, -126.79833221435547], [-1020.9420776367188, 2009.085693359375, 76.65277099609375, -698.3729248046875, 351.3085021972656, -365.393798828125, 81.42569732666016, -191.37899780273438, 151.1563720703125, -153.39398193359375, 202.62205505371094, -79.15238189697266, 139.72251892089844], [61.83502197265625, 76.65277099609375, 857.596435546875, 199.76373291015625, -53.729522705078125, 16.4638614654541, 29.62371826171875, -97.95782470703125, -111.33240509033203, 13.051774978637695, 118.5445556640625, 107.73404693603516, -14.191099166870117], [889.3787231445312, -698.3729248046875, 199.76373291015625, 703.5901489257812, -88.3952407836914, 110.03331756591797, -5.86750602722168, -25.653644561767578, -93.13542175292969, -18.86654281616211, 23.652984619140625, 75.6611099243164, -4.278655529022217], [-409.8569641113281, 351.3085021972656, -53.729522705078125, -88.3952407836914, 553.0484008789062, 163.47889709472656, 199.5923309326172, -18.753108978271484, -4.834884166717529, 14.649154663085938, 99.12651824951172, -26.797367095947266, 75.0996322631836], [17.423673629760742, -365.393798828125, 16.4638614654541, 110.03331756591797, 163.47889709472656, 428.98712158203125, 251.658447265625, 39.871604919433594, -27.07010269165039, 70.5459976196289, 68.12100982666016, -3.7700042724609375, 20.66282081604004], [-204.2628936767578, 81.42569732666016, 29.62371826171875, -5.86750602722168, 199.5923309326172, 251.658447265625, 376.05487060546875, 62.01805114746094, -6.6928534507751465, -13.868586540222168, 91.28736114501953, -9.190385818481445, 57.94965744018555], [38.7479133605957, -191.37899780273438, -97.95782470703125, -25.653644561767578, -18.753108978271484, 39.871604919433594, 62.01805114746094, 198.950439453125, 82.94326782226562, 37.88407897949219, -41.89665985107422, -9.69392204284668, -7.136185169219971], [-131.75486755371094, 151.1563720703125, -111.33240509033203, -93.13542175292969, -4.834884166717529, -27.07010269165039, -6.6928534507751465, 82.94326782226562, 211.4494171142578, 57.39394760131836, 36.28296661376953, -11.154996871948242, 20.251445770263672], [67.3637466430664, -153.39398193359375, 13.051774978637695, -18.86654281616211, 14.649154663085938, 70.5459976196289, -13.868586540222168, 37.88407897949219, 57.39394760131836, 165.38485717773438, 35.760772705078125, 16.278942108154297, -17.801847457885742], [-168.3089599609375, 202.62205505371094, 118.5445556640625, 23.652984619140625, 99.12651824951172, 68.12100982666016, 91.28736114501953, -41.89665985107422, 36.28296661376953, 35.760772705078125, 192.98350524902344, 58.10022735595703, 42.05200958251953], [135.3588104248047, -79.15238189697266, 107.73404693603516, 75.6611099243164, -26.797367095947266, -3.7700042724609375, -9.190385818481445, -9.69392204284668, -11.154996871948242, 16.278942108154297, 58.10022735595703, 123.60586547851562, 26.417268753051758], [-126.79833221435547, 139.72251892089844, -14.191099166870117, -4.278655529022217, 75.0996322631836, 20.66282081604004, 57.94965744018555, -7.136185169219971, 20.251445770263672, -17.801847457885742, 42.05200958251953, 26.417268753051758, 108.04776000976562]], "lowlevel.gfcc.icov": [[0.00021552297403104603, -0.0003787959285546094, 0.00017252149700652808, -0.0005608245846815407, 0.00021817049128003418, -0.0003403989539947361, 0.00012519110168796033, -0.0002787715056911111, 0.00029124546563252807, -0.00044592522317543626, 0.0005392477032728493, -0.0005060360417701304, 0.000356907956302166], [-0.0003787959285546094, 0.005099792964756489, -0.001602976000867784, 0.004338596016168594, -0.0022549855057150126, 0.005181475076824427, -0.0023565716110169888, 0.004183333367109299, -0.0037028302904218435, 0.003884923877194524, -0.00452220905572176, 0.004139164462685585, -0.002879300620406866], [0.00017252149700652808, -0.001602976000867784, 0.002159434836357832, -0.0017049966845661402, 0.0009782938286662102, -0.00123093300499022, 0.00023428483109455556, -0.000880344829056412, 0.001957561122253537, -0.0017014093464240432, 0.0006097395089454949, -0.002137683564797044, 0.0015012091025710106], [-0.0005608245846815407, 0.004338596016168594, -0.0017049966845661402, 0.005865124519914389, -0.001670965226367116, 0.003325155470520258, -0.0012191806454211473, 0.003182436805218458, -0.002641998464241624, 0.004225463140755892, -0.0043685948476195335, 0.0030260442290455103, -0.002718937350437045], [0.00021817049128003418, -0.0022549855057150126, 0.0009782938286662102, -0.001670965226367116, 0.00374156073667109, -0.0025988081470131874, 0.0002108876797137782, -0.0014949195319786668, 0.002272436860948801, -0.002235822146758437, 0.0009826337918639183, -0.0008332222932949662, -5.4075211664894596e-05], [-0.0003403989539947361, 0.005181475076824427, -0.00123093300499022, 0.003325155470520258, -0.0025988081470131874, 0.010699084959924221, -0.00615717563778162, 0.00463606882840395, -0.0027424460276961327, 0.0006670465227216482, -0.004360909573733807, 0.004662856459617615, -0.0025800378061830997], [0.00012519110168796033, -0.0023565716110169888, 0.00023428483109455556, -0.0012191806454211473, 0.0002108876797137782, -0.00615717563778162, 0.008581861853599548, -0.005499052815139294, 0.0028426290955394506, 0.0014394329627975821, -0.0011983088916167617, -0.00029919424559921026, -0.0005143123562447727], [-0.0002787715056911111, 0.004183333367109299, -0.000880344829056412, 0.003182436805218458, -0.0014949195319786668, 0.00463606882840395, -0.005499052815139294, 0.012711248360574245, -0.007202448323369026, 0.001292252680286765, 0.0009768455056473613, 0.0011164866155013442, -0.0008754169102758169], [0.00029124546563252807, -0.0037028302904218435, 0.001957561122253537, -0.002641998464241624, 0.002272436860948801, -0.0027424460276961327, 0.0028426290955394506, -0.007202448323369026, 0.01152567658573389, -0.004937777295708656, -0.000866384303662926, -0.0005680718459188938, -0.00027042668079957366], [-0.00044592522317543626, 0.003884923877194524, -0.0017014093464240432, 0.004225463140755892, -0.002235822146758437, 0.0006670465227216482, 0.0014394329627975821, 0.001292252680286765, -0.004937777295708656, 0.012853717431426048, -0.0054666707292199135, 0.002091235714033246, -0.00020388420671224594], [0.0005392477032728493, -0.00452220905572176, 0.0006097395089454949, -0.0043685948476195335, 0.0009826337918639183, -0.004360909573733807, -0.0011983088916167617, 0.0009768455056473613, -0.000866384303662926, -0.0054666707292199135, 0.015554269775748253, -0.008486080914735794, 0.002528850454837084], [-0.0005060360417701304, 0.004139164462685585, -0.002137683564797044, 0.0030260442290455103, -0.0008332222932949662, 0.004662856459617615, -0.00029919424559921026, 0.0011164866155013442, -0.0005680718459188938, 0.002091235714033246, -0.008486080914735794, 0.016370050609111786, -0.006434360519051552], [0.000356907956302166, -0.002879300620406866, 0.0015012091025710106, -0.002718937350437045, -5.4075211664894596e-05, -0.0025800378061830997, -0.0005143123562447727, -0.0008754169102758169, -0.00027042668079957366, -0.00020388420671224594, 0.002528850454837084, -0.006434360519051552, 0.014841953292489052]], "lowlevel.mfcc.cov": [[7387.396484375, -1585.8721923828125, 204.58665466308594, 555.6944580078125, -108.93592834472656, 58.87296676635742, -211.19517517089844, 13.685628890991211, -1.6609034538269043, -78.1279525756836, -28.249784469604492, -80.44942474365234, 155.9176483154297], [-1585.8721923828125, 2508.059814453125, -325.6929626464844, -279.97186279296875, 68.36732482910156, -186.5857696533203, -43.215911865234375, -91.3681411743164, -33.10649490356445, -76.3613510131836, -1.1327608823776245, 48.075870513916016, -20.535839080810547], [204.58665466308594, -325.6929626464844, 923.1451416015625, 242.25643920898438, -68.4737548828125, 27.844457626342773, 3.809213876724243, -6.970144748687744, -128.67855834960938, -163.03085327148438, -46.684268951416016, 94.56703186035156, 75.03321838378906], [555.6944580078125, -279.97186279296875, 242.25643920898438, 425.2233581542969, 61.922271728515625, 7.183052062988281, -7.062139987945557, 12.490209579467773, -65.2279281616211, -127.44659423828125, -57.66880416870117, -7.876616954803467, 33.8950309753418], [-108.93592834472656, 68.36732482910156, -68.4737548828125, 61.922271728515625, 241.10385131835938, 84.88339233398438, 48.77168273925781, -29.730878829956055, -4.829689025878906, 2.8722753524780273, -26.277244567871094, 57.479042053222656, 32.401973724365234], [58.87296676635742, -186.5857696533203, 27.844457626342773, 7.183052062988281, 84.88339233398438, 341.4658203125, 262.33575439453125, 49.486427307128906, -1.137407660484314, 26.70830726623535, 12.358072280883789, 41.72481155395508, 60.48683547973633], [-211.19517517089844, -43.215911865234375, 3.809213876724243, -7.062139987945557, 48.77168273925781, 262.33575439453125, 429.25726318359375, 130.9141845703125, 38.31538772583008, 43.59661865234375, -3.880728244781494, 53.75210952758789, 39.650634765625], [13.685628890991211, -91.3681411743164, -6.970144748687744, 12.490209579467773, -29.730878829956055, 49.486427307128906, 130.9141845703125, 182.73599243164062, 63.842594146728516, 18.97694206237793, 13.17166519165039, 14.99448299407959, 33.5704345703125], [-1.6609034538269043, -33.10649490356445, -128.67855834960938, -65.2279281616211, -4.829689025878906, -1.137407660484314, 38.31538772583008, 63.842594146728516, 155.18484497070312, 99.59803009033203, 25.320730209350586, -0.03993675485253334, -9.181405067443848], [-78.1279525756836, -76.3613510131836, -163.03085327148438, -127.44659423828125, 2.8722753524780273, 26.70830726623535, 43.59661865234375, 18.97694206237793, 99.59803009033203, 193.4514617919922, 65.97940826416016, 8.791678428649902, -11.170541763305664], [-28.249784469604492, -1.1327608823776245, -46.684268951416016, -57.66880416870117, -26.277244567871094, 12.358072280883789, -3.880728244781494, 13.17166519165039, 25.320730209350586, 65.97940826416016, 133.19757080078125, 34.65731430053711, 26.22957992553711], [-80.44942474365234, 48.075870513916016, 94.56703186035156, -7.876616954803467, 57.479042053222656, 41.72481155395508, 53.75210952758789, 14.99448299407959, -0.03993675485253334, 8.791678428649902, 34.65731430053711, 179.2618408203125, 88.9061050415039], [155.9176483154297, -20.535839080810547, 75.03321838378906, 33.8950309753418, 32.401973724365234, 60.48683547973633, 39.650634765625, 33.5704345703125, -9.181405067443848, -11.170541763305664, 26.22957992553711, 88.9061050415039, 162.01502990722656]], "lowlevel.mfcc.icov": [[0.00018328771693632007, 8.573828381486237e-05, 7.642988202860579e-05, -0.00024039161507971585, 0.0001965212868526578, -0.0001339775772066787, 0.00015855120727792382, 7.551591261290014e-05, -0.00011101570999016985, 7.010751687630545e-06, 6.691148155368865e-05, 1.9283708752482198e-05, -0.0002215831627836451], [8.573828381486237e-05, 0.0005988652701489627, 0.00020162417786195874, 0.00038191970088519156, -0.00023891952878329903, 0.000568288320209831, -0.0003598142648115754, 0.0003407761687412858, -6.34474417893216e-05, 0.0007529485737904906, -0.00018281456141266972, -9.087967919185758e-05, -0.00019903108477592468], [7.642988202860579e-05, 0.00020162417786195874, 0.0018690817523747683, -0.0008827627752907574, 0.0013106237165629864, -0.00031473752460442483, 5.9762322052847594e-05, 0.00031372447847388685, 0.0006032911478541791, 0.0006534657441079617, 0.0005285197403281927, -0.0015029879286885262, -0.00013473078433889896], [-0.00024039161507971585, 0.00038191970088519156, -0.0008827627752907574, 0.004464379511773586, -0.0022839298471808434, 0.0010712940711528063, -0.0005604822654277086, -0.000685477745719254, 0.00014224935148376971, 0.002292055869475007, -0.00034735072404146194, 0.001318256021477282, -0.00041045626858249307], [0.0001965212868526578, -0.00023891952878329903, 0.0013106237165629864, -0.0022839298471808434, 0.007208915427327156, -0.0024003847502171993, 0.0007037667091935873, 0.0017384100938215852, -0.00034399854484945536, -0.0010457788594067097, 0.002427204977720976, -0.0030485985334962606, -0.00023822007642593235], [-0.0001339775772066787, 0.000568288320209831, -0.00031473752460442483, 0.0010712940711528063, -0.0024003847502171993, 0.007602456491440535, -0.004914211109280586, 0.001268024556338787, 0.0007871733396314085, 0.0005392756429500878, -0.0015802904963493347, 0.0015423455042764544, -0.0018044381868094206], [0.00015855120727792382, -0.0003598142648115754, 5.9762322052847594e-05, -0.0005604822654277086, 0.0007037667091935873, -0.004914211109280586, 0.006609476171433926, -0.003618197748437524, 0.0003248955763410777, -0.0015097198775038123, 0.0018014239612966776, -0.0015008848858997226, 0.0011637526331469417], [7.551591261290014e-05, 0.0003407761687412858, 0.00031372447847388685, -0.000685477745719254, 0.0017384100938215852, 0.001268024556338787, -0.003618197748437524, 0.009989173151552677, -0.004399202764034271, 0.00203058123588562, -0.0008525812881998718, 0.0002800863585434854, -0.002161725889891386], [-0.00011101570999016985, -6.34474417893216e-05, 0.0006032911478541791, 0.00014224935148376971, -0.00034399854484945536, 0.0007871733396314085, 0.0003248955763410777, -0.004399202764034271, 0.012355480343103409, -0.005879181437194347, 0.001081508002243936, -0.000441376498201862, 0.000758522015530616], [7.010751687630545e-06, 0.0007529485737904906, 0.0006534657441079617, 0.002292055869475007, -0.0010457788594067097, 0.0005392756429500878, -0.0015097198775038123, 0.00203058123588562, -0.005879181437194347, 0.012110319919884205, -0.004253231920301914, 7.14291090844199e-05, 0.00041427116957493126], [6.691148155368865e-05, -0.00018281456141266972, 0.0005285197403281927, -0.00034735072404146194, 0.002427204977720976, -0.0015802904963493347, 0.0018014239612966776, -0.0008525812881998718, 0.001081508002243936, -0.004253231920301914, 0.011079452000558376, -0.0024935132823884487, -0.0010766747873276472], [1.9283708752482198e-05, -9.087967919185758e-05, -0.0015029879286885262, 0.001318256021477282, -0.0030485985334962606, 0.0015423455042764544, -0.0015008848858997226, 0.0002800863585434854, -0.000441376498201862, 7.14291090844199e-05, -0.0024935132823884487, 0.01021086797118187, -0.004486269783228636], [-0.0002215831627836451, -0.00019903108477592468, -0.00013473078433889896, -0.00041045626858249307, -0.00023822007642593235, -0.0018044381868094206, 0.0011637526331469417, -0.002161725889891386, 0.000758522015530616, 0.00041427116957493126, -0.0010766747873276472, -0.004486269783228636, 0.010100684128701687]], "metadata.audio_properties.analysis.downmix": "mix", "metadata.audio_properties.codec": "mp3", "metadata.audio_properties.md5_encoded": "e8a24c0c89abb63b4a426ccb7927b287", "metadata.tags.file_name": "1183709522926260244.mp3", "metadata.version.essentia": "2.1-beta6-dev", "metadata.version.essentia_git_sha": "v2.1_beta5-1110-g77a6a954", "metadata.version.extractor": "music 2.0", "tonal.chords_key": "C", "tonal.chords_scale"