{"song_id": "1183688967296667758", "download": "https://cdn.discordapp.com/attachments/1135903449314238464/1183688967296667758/chirp.mp4?ex=65893f41&amp", "lyrics": "\u05e8\u05e7\u05d3\u05d9 \u05db\u05e2\u05e9\u05df \u05d1\u05e6\u05d1\u05e2\u05d9\u05dd\n\u05d0\u05dc \u05de\u05d5\u05dc \u05d4\u05e8\u05d5\u05d7\n\u05e1\u05e4\u05e8\u05d9 \u05d0\u05d9\u05da \u05d6\u05d4 \u05dc\u05e9\u05db\u05d5\u05d7\n\u05e9\u05e4\u05e2\u05dd \u05d4\u05d9\u05d9\u05ea \u05d0\u05d3\u05dd", "style": ["ethnic"], "essentia_features": {"lowlevel.average_loudness": 0.9252245426177979, "lowlevel.barkbands_crest.mean": 15.053410530090332, "lowlevel.barkbands_crest.stdev": 6.003649711608887, "lowlevel.barkbands_flatness_db.mean": 0.24950465559959412, "lowlevel.barkbands_flatness_db.stdev": 0.08038602024316788, "lowlevel.barkbands_kurtosis.mean": 8.114386558532715, "lowlevel.barkbands_kurtosis.stdev": 23.25444221496582, "lowlevel.barkbands_skewness.mean": 1.750264286994934, "lowlevel.barkbands_skewness.stdev": 2.105412244796753, "lowlevel.barkbands_spread.mean": 17.032957077026367, "lowlevel.barkbands_spread.stdev": 12.348854064941406, "lowlevel.dissonance.mean": 0.45903322100639343, "lowlevel.dissonance.stdev": 0.0336008220911026, "lowlevel.dynamic_complexity": 3.574537992477417, "lowlevel.erbbands_crest.mean": 13.552916526794434, "lowlevel.erbbands_crest.stdev": 6.158217430114746, "lowlevel.erbbands_flatness_db.mean": 0.2681155502796173, "lowlevel.erbbands_flatness_db.stdev": 0.06898018717765808, "lowlevel.erbbands_kurtosis.mean": 2.5975406169891357, "lowlevel.erbbands_kurtosis.stdev": 5.887060642242432, "lowlevel.erbbands_skewness.mean": 0.6003178954124451, "lowlevel.erbbands_skewness.stdev": 1.282935619354248, "lowlevel.erbbands_spread.mean": 25.29958724975586, "lowlevel.erbbands_spread.stdev": 16.77100944519043, "lowlevel.hfc.mean": 17.83799171447754, "lowlevel.hfc.stdev": 16.904348373413086, "lowlevel.loudness_ebu128.integrated": -20.385501861572266, "lowlevel.loudness_ebu128.loudness_range": 4.302814483642578, "lowlevel.loudness_ebu128.momentary.mean": -21.29210090637207, "lowlevel.loudness_ebu128.momentary.stdev": 2.9998106956481934, "lowlevel.loudness_ebu128.short_term.mean": -20.645904541015625, "lowlevel.loudness_ebu128.short_term.stdev": 1.6067448854446411, "lowlevel.melbands_crest.mean": 18.12837791442871, "lowlevel.melbands_crest.stdev": 6.112670421600342, "lowlevel.melbands_flatness_db.mean": 0.2902255952358246, "lowlevel.melbands_flatness_db.stdev": 0.10618960857391357, "lowlevel.melbands_kurtosis.mean": 17.322885513305664, "lowlevel.melbands_kurtosis.stdev": 34.22306442260742, "lowlevel.melbands_skewness.mean": 2.7008445262908936, "lowlevel.melbands_skewness.stdev": 2.4574365615844727, "lowlevel.melbands_spread.mean": 21.284074783325195, "lowlevel.melbands_spread.stdev": 18.919952392578125, "lowlevel.pitch_salience.mean": 0.4198714792728424, "lowlevel.pitch_salience.stdev": 0.14747244119644165, "lowlevel.silence_rate_20dB.mean": 1.0, "lowlevel.silence_rate_20dB.stdev": 0.0, "lowlevel.silence_rate_30dB.mean": 0.9893048405647278, "lowlevel.silence_rate_30dB.stdev": 0.1028631404042244, "lowlevel.silence_rate_60dB.mean": 0.0780748650431633, "lowlevel.silence_rate_60dB.stdev": 0.26828962564468384, "lowlevel.spectral_centroid.mean": 1594.8646240234375, "lowlevel.spectral_centroid.stdev": 736.3994140625, "lowlevel.spectral_complexity.mean": 12.418181419372559, "lowlevel.spectral_complexity.stdev": 8.541653633117676, "lowlevel.spectral_decrease.mean": -6.040911770810453e-09, "lowlevel.spectral_decrease.stdev": 5.960719917652568e-09, "lowlevel.spectral_energy.mean": 0.024417728185653687, "lowlevel.spectral_energy.stdev": 0.023376230150461197, "lowlevel.spectral_energyband_high.mean": 0.00023136625532060862, "lowlevel.spectral_energyband_high.stdev": 0.000634456577245146, "lowlevel.spectral_energyband_low.mean": 0.01134367287158966, "lowlevel.spectral_energyband_low.stdev": 0.019656306132674217, "lowlevel.spectral_energyband_middle_high.mean": 0.005167531315237284, "lowlevel.spectral_energyband_middle_high.stdev": 0.005737990606576204, "lowlevel.spectral_energyband_middle_low.mean": 0.0077135758474469185, "lowlevel.spectral_energyband_middle_low.stdev": 0.0076320478692650795, "lowlevel.spectral_entropy.mean": 6.947935581207275, "lowlevel.spectral_entropy.stdev": 0.5479874610900879, "lowlevel.spectral_flux.mean": 0.04853832721710205, "lowlevel.spectral_flux.stdev": 0.04007274657487869, "lowlevel.spectral_kurtosis.mean": 10.791060447692871, "lowlevel.spectral_kurtosis.stdev": 11.35530948638916, "lowlevel.spectral_rms.mean": 0.004408211447298527, "lowlevel.spectral_rms.stdev": 0.0020951973274350166, "lowlevel.spectral_rolloff.mean": 1523.7652587890625, "lowlevel.spectral_rolloff.stdev": 1333.8760986328125, "lowlevel.spectral_skewness.mean": 1.9210078716278076, "lowlevel.spectral_skewness.stdev": 1.0057766437530518, "lowlevel.spectral_spread.mean": 3063036.75, "lowlevel.spectral_spread.stdev": 1662894.875, "lowlevel.spectral_strongpeak.mean": 1.3532661199569702, "lowlevel.spectral_strongpeak.stdev": 1.2017619609832764, "lowlevel.zerocrossingrate.mean": 0.04912474751472473, "lowlevel.zerocrossingrate.stdev": 0.030457155779004097, "metadata.audio_properties.analysis.equal_loudness": 0.0, "metadata.audio_properties.analysis.length": 21.67360496520996, "metadata.audio_properties.analysis.sample_rate": 44100.0, "metadata.audio_properties.analysis.start_time": 0.0, "metadata.audio_properties.bit_rate": 112301.0, "metadata.audio_properties.length": 21.674667358398438, "metadata.audio_properties.lossless": 0.0, "metadata.audio_properties.number_channels": 1.0, "metadata.audio_properties.replay_gain": -7.509784698486328, "metadata.audio_properties.sample_rate": 48000.0, "rhythm.beats_count": 49.0, "rhythm.beats_loudness.mean": 0.04085675999522209, "rhythm.beats_loudness.stdev": 0.03407459706068039, "rhythm.bpm": 139.87014770507812, "rhythm.bpm_histogram_first_peak_bpm": 140.0, "rhythm.bpm_histogram_first_peak_weight": 0.30434781312942505, "rhythm.bpm_histogram_second_peak_bpm": 123.0, "rhythm.bpm_histogram_second_peak_spread": 0.0, "rhythm.bpm_histogram_second_peak_weight": 0.02083333395421505, "rhythm.danceability": 1.1341123580932617, "rhythm.onset_rate": 3.319894313812256, "tonal.chords_changes_rate": 0.05982905998826027, "tonal.chords_number_rate": 0.02350427396595478, "tonal.chords_strength.mean": 0.40651798248291016, "tonal.chords_strength.stdev": 0.1151653379201889, "tonal.hpcp_crest.mean": 14.414719581604004, "tonal.hpcp_crest.stdev": 4.2439680099487305, "tonal.hpcp_entropy.mean": 1.649832010269165, "tonal.hpcp_entropy.stdev": 0.5026740431785583, "tonal.key_edma.strength": 0.4738817512989044, "tonal.key_krumhansl.strength": 0.47707509994506836, "tonal.key_temperley.strength": 0.48248744010925293, "tonal.tuning_diatonic_strength": 0.3902249038219452, "tonal.tuning_equal_tempered_deviation": 0.04710553586483002, "tonal.tuning_frequency": 441.0177917480469, "tonal.tuning_nontempered_energy_ratio": 0.6685011982917786, "lowlevel.barkbands.mean": [2.7145264539285563e-05, 0.011066127568483353, 0.00023921929823700339, 2.6512481781537645e-05, 0.00010805622150655836, 2.561338806117419e-05, 0.0006356918020173907, 0.0024640816263854504, 0.004277150612324476, 0.000986249535344541, 0.0003491317620500922, 0.0008344227680936456, 0.00028960706549696624, 0.00018651667051017284, 0.00026932740001939237, 0.00040800395072437823, 0.00037886493373662233, 0.0006118984892964363, 0.0005315777962096035, 0.0005241306498646736, 2.3726617655484006e-05, 2.283845424244646e-05, 3.871243097819388e-05, 5.841895108460449e-05, 1.988265648833476e-05, 1.4730519978911616e-05, 1.0208576384229673e-07], "lowlevel.barkbands.stdev": [0.00011866455315612257, 0.019152432680130005, 0.0010509358253329992, 9.413321095053107e-05, 0.00017412821762263775, 5.153915481059812e-05, 0.0011461892863735557, 0.0025234525091946125, 0.006451383698731661, 0.0020342590287327766, 0.0008114880183711648, 0.0018473296659067273, 0.0005942799034528434, 0.00038195346132852137, 0.0009123422205448151, 0.0011069945758208632, 0.0007088174461387098, 0.0008584426832385361, 0.0009110890096053481, 0.0007482895161956549, 0.00012359880201984197, 6.345716974465176e-05, 0.00012741923274006695, 0.0003151213168166578, 8.00395937403664e-05, 6.08292939432431e-05, 1.0637487548592617e-06], "lowlevel.erbbands.mean": [0.24064922332763672, 2.7273504734039307, 1.3380504846572876, 0.1739451289176941, 0.10735489428043365, 0.5791193842887878, 0.27122586965560913, 0.2515718936920166, 2.139174222946167, 20.236961364746094, 72.37754821777344, 79.65949249267578, 77.01853942871094, 27.45167350769043, 12.413106918334961, 32.781978607177734, 20.218917846679688, 13.428823471069336, 9.82888412475586, 17.710878372192383, 24.269023895263672, 26.263490676879883, 31.062061309814453, 24.224241256713867, 38.4780158996582, 18.581111907958984, 2.110647678375244, 0.6960976123809814, 0.7594939470291138, 1.1081615686416626, 1.042273998260498, 1.3721413612365723, 0.8071309328079224, 0.2715942859649658, 0.11597701162099838, 0.07789242267608643, 0.026009369641542435, 0.001954680774360895, 5.402575698099099e-05, 3.104151619481854e-05], "lowlevel.erbbands.stdev": [0.4075995087623596, 4.741617679595947, 2.7037248611450195, 0.594997763633728, 0.248819038271904, 0.9557380080223083, 0.390312522649765, 0.4387025833129883, 3.6519010066986084, 32.783836364746094, 75.87822723388672, 100.40782928466797, 137.28457641601562, 49.094573974609375, 27.523700714111328, 70.12454223632812, 38.89613342285156, 26.73384666442871, 28.53758430480957, 60.398902893066406, 56.56501770019531, 44.57372283935547, 41.80535888671875, 40.92302322387695, 54.451446533203125, 28.420602798461914, 7.524824142456055, 3.394073724746704, 2.2285141944885254, 2.9203407764434814, 3.697038412094116, 7.442070007324219, 3.959928035736084, 1.161608099937439, 0.4423694610595703, 0.28637588024139404, 0.12183787673711777, 0.011248091235756874, 0.00021882315922994167, 2.8116863177274354e-05], "lowlevel.gfcc.mean": [-90.13997650146484, 90.9554443359375, -160.91490173339844, 8.302094459533691, -52.902862548828125, 8.209476470947266, -15.097469329833984, 54.00639724731445, -0.8505367636680603, -2.212437629699707, -3.7507357597351074, -16.794113159179688, -12.282153129577637], "lowlevel.melbands.mean": [0.0028706041630357504, 0.001710210694000125, 2.1824102077516727e-05, 2.2456042643170804e-05, 1.4811896107858047e-05, 5.2051977945666295e-06, 5.54253019799944e-05, 0.0002380103396717459, 0.0005986773176118731, 0.0005451171309687197, 0.00038463654345832765, 0.00011411761079216376, 5.072813291917555e-05, 3.349612234160304e-05, 0.00012001543655060232, 2.7655480153043754e-05, 2.12929899134906e-05, 1.429763506166637e-05, 1.7859301806311123e-05, 2.593321551103145e-05, 2.674820279935375e-05, 2.6190997232333757e-05, 2.999167554662563e-05, 2.7391650291974656e-05, 1.7461316019762307e-05, 2.3935635908856057e-05, 3.1274466891773045e-05, 7.410764283122262e-06, 1.1044231769119506e-06, 5.875619422113232e-07, 3.137716362289211e-07, 3.60921774245071e-07, 5.685155883838888e-07, 6.555011395903421e-07, 5.794072990283894e-07, 6.251477771002101e-07, 9.91746446743491e-07, 6.553600542247295e-07, 3.0066723866184475e-07, 1.9832630471228185e-07], "lowlevel.melbands.stdev": [0.00490964250639081, 0.0030576647259294987, 9.087569924304262e-05, 3.722211840795353e-05, 2.2245310901780613e-05, 1.0567445315246005e-05, 9.64453283813782e-05, 0.00031865652999840677, 0.0006507316720671952, 0.0007791660609655082, 0.0006898613646626472, 0.00023241873714141548, 0.0001232001231983304, 6.755948561476544e-05, 0.00026847361004911363, 5.9560137742664665e-05, 4.3457828724058345e-05, 4.304612593841739e-05, 7.12034961907193e-05, 8.435002382611856e-05, 6.056611528038047e-05, 5.3256160754244775e-05, 4.561206151265651e-05, 4.470790008781478e-05, 3.246219057473354e-05, 4.1136794607155025e-05, 4.282630470697768e-05, 1.5551780961686745e-05, 4.7496728257101495e-06, 3.1685910926171346e-06, 1.6675192000548122e-06, 1.3026727856413345e-06, 1.376403361064149e-06, 1.9827928099402925e-06, 2.1273986021697056e-06, 2.516790118534118e-06, 6.136876436357852e-06, 3.3860665098472964e-06, 1.2451978363969829e-06, 9.161574894278601e-07], "lowlevel.melbands128.mean": [1.95634438568959e-05, 0.0010247882455587387, 0.005245277192443609, 0.004285462666302919, 0.001180660561658442, 8.519041148247197e-05, 2.3295136998058297e-05, 1.0079755156766623e-05, 6.814789230702445e-06, 1.645902193558868e-05, 4.284489114070311e-05, 2.4583183403592557e-05, 5.597841663984582e-06, 5.189955572859617e-06, 4.09345602747635e-06, 5.550875357585028e-06, 8.015791536308825e-06, 1.347396846540505e-05, 0.0001502699451521039, 0.0003118538879789412, 7.938373164506629e-05, 0.0005875169299542904, 0.0007989606820046902, 0.0004087025881744921, 0.0004607456212397665, 0.0005030474276281893, 0.001018631737679243, 0.0001390640391036868, 0.00017221251619048417, 0.00016249720647465438, 6.650001159869134e-05, 6.218001362867653e-05, 8.515057561453432e-05, 9.64432274486171e-06, 4.293778147257399e-06, 9.869123459793627e-06, 0.00011323659418849275, 0.00023376320314127952, 2.798378591251094e-05, 1.3477003449224867e-05, 1.89510865311604e-05, 6.646943074883893e-05, 1.780207639967557e-05, 4.071721832588082e-06, 6.542154551425483e-06, 2.342383777431678e-05, 1.3977840353618376e-05, 8.97869722393807e-06, 2.2130854631541297e-05, 3.459506115177646e-05, 1.826294101192616e-05, 2.3010756194707938e-05, 4.815256761503406e-05, 1.3032823517278302e-05, 1.5620758858858608e-05, 4.4610183977056295e-05, 1.2738926670863293e-05, 2.8859643862233497e-05, 4.547869320958853e-05, 1.1950326552323531e-05, 3.925307828467339e-05, 2.3940245228004642e-05, 1.4476530850515701e-05, 2.117175972671248e-05, 8.95392440725118e-06, 3.2103027479024604e-05, 1.3213978490966838e-05, 5.3321567975217476e-05, 2.755976493062917e-05, 1.8711651136982255e-05, 6.809429578424897e-06, 2.9785398965032073e-06, 1.1387827498765546e-06, 8.2720430327754e-07, 8.755354770073609e-07, 6.477728788922832e-07, 4.569749592064909e-07, 3.2335421451534785e-07, 3.114929256753385e-07, 2.76204076499198e-07, 2.8572040378094243e-07, 3.80483442086188e-07, 5.70736688132456e-07, 5.768706614617258e-07, 5.777372393822588e-07, 6.280050115492486e-07, 6.78239416629367e-07, 7.433270639012335e-07, 4.960729143022036e-07, 5.113230940878566e-07, 6.791116788917861e-07, 6.209751859387325e-07, 5.988522957522946e-07, 1.1314214134472422e-06, 1.1952680551985395e-06, 7.384255695797037e-07, 5.959449254078208e-07, 4.361176024758606e-07, 2.443169080379448e-07, 2.828070648774883e-07, 2.3161722140230268e-07, 2.1388379423115111e-07, 1.077937739069057e-07, 1.1470881133845978e-07, 1.1449431980281588e-07, 1.4410601067993412e-07, 1.3952841015907325e-07, 1.12353738757065e-07, 1.3021920608480286e-07, 1.6552881731968228e-07, 1.3680428878615203e-07, 1.14461755629236e-07, 8.256127870254204e-08, 3.935182846248608e-08, 3.237074963635678e-08, 1.887764433661232e-08, 4.365253936100544e-09, 2.4712610430244197e-11, 7.703172301420924e-12, 7.32700358718752e-12, 4.9348906037971485e-12, 3.402751604791865e-12, 3.332011099324572e-12, 3.264925439380728e-12, 3.134385979930432e-12, 2.951946413004558e-12, 2.8487991046016736e-12, 2.8219171790966335e-12], "lowlevel.melbands128.stdev": [7.983733667060733e-05, 0.0017439095536246896, 0.008891168050467968, 0.007606694009155035, 0.002293043304234743, 0.0003990446566604078, 0.00010816074791364372, 3.4183547541033477e-05, 2.2455416910815984e-05, 3.4561671782284975e-05, 7.267314504133537e-05, 4.1038525523617864e-05, 1.0139084224647377e-05, 1.1186035408172756e-05, 8.128971785481554e-06, 1.7309530448983423e-05, 2.1201962226768956e-05, 6.026148548698984e-05, 0.0002762972144410014, 0.0006313655758276582, 0.00014147110050544143, 0.0006291300524026155, 0.0009089660597965121, 0.0006957720615901053, 0.0007552857859991491, 0.0010477661853656173, 0.0022116878535598516, 0.00029635796090587974, 0.0005754129961133003, 0.00039305826066993177, 0.00016745092580094934, 0.00013408021186478436, 0.00024010012566577643, 2.763214251899626e-05, 1.4646973795606755e-05, 2.4994989871629514e-05, 0.0002611872914712876, 0.0005656366120092571, 8.453269401798025e-05, 6.004358874633908e-05, 6.432789086829871e-05, 0.00016045928350649774, 4.002814239356667e-05, 1.237473770743236e-05, 2.3746957594994456e-05, 8.120590791804716e-05, 5.1979604904772714e-05, 5.0987124268431216e-05, 0.00011180836008861661, 0.00010328101780032739, 8.603691821917892e-05, 0.0001067201083060354, 0.00011826873378595337, 3.101834226981737e-05, 4.78634174214676e-05, 0.0001083919923985377, 2.4799750462989323e-05, 5.4433934565167874e-05, 8.241138129960746e-05, 2.4377062800340354e-05, 7.704601011937484e-05, 4.741514931083657e-05, 3.388934783288278e-05, 5.137779953656718e-05, 1.948812678165268e-05, 7.293348608072847e-05, 2.325780769751873e-05, 8.631538366898894e-05, 4.261893263901584e-05, 3.750931136892177e-05, 1.7919974197866395e-05, 1.212563529406907e-05, 4.8328752200177405e-06, 4.04523007091484e-06, 6.315398422884755e-06, 3.001747927555698e-06, 2.5482515866315225e-06, 1.8188902686233632e-06, 1.6687617971911095e-06, 1.7647603272052947e-06, 1.297686253565189e-06, 1.4091280036154785e-06, 1.4161248600430554e-06, 1.4980026890043519e-06, 1.595034859747102e-06, 1.708722152216069e-06, 2.4751725504756905e-06, 3.357252126079402e-06, 1.7658397837294615e-06, 2.3314867121371208e-06, 2.607835540402448e-06, 2.769298362181871e-06, 2.6110940325452248e-06, 7.79492074798327e-06, 8.0402996900375e-06, 4.318618266552221e-06, 2.6636716938810423e-06, 2.0757420315931085e-06, 1.0944063433271367e-06, 1.3650250139107811e-06, 1.1173185612278758e-06, 1.0758683401945746e-06, 5.349725711312203e-07, 4.982167070011201e-07, 4.815689180759364e-07, 5.65040181754739e-07, 5.147041406416974e-07, 5.121484605297155e-07, 4.7263310420930793e-07, 6.376906753757794e-07, 5.75466572172445e-07, 6.277288662204228e-07, 4.6254575636339723e-07, 2.2186038961535814e-07, 1.9090435898760916e-07, 1.4820450644492666e-07, 4.174214396357456e-08, 3.26473736933508e-10, 1.1923798060031743e-10, 1.1110558306715035e-10, 4.239683257245552e-11, 5.526512407427742e-12, 5.41284942215392e-12, 5.31712304394083e-12, 5.235593208974265e-12, 5.1732680639293704e-12, 5.127503022867019e-12, 5.099651170098474e-12], "lowlevel.mfcc.mean": [-728.1370239257812, 129.27296447753906, -44.99199676513672, 4.203586578369141, -2.1635594367980957, -33.64341354370117, 6.638906002044678, 29.44295883178711, 9.708208084106445, 36.75075149536133, 12.5022554397583, 9.442954063415527, 7.531195640563965], "lowlevel.spectral_contrast_coeffs.mean": [-0.7146130204200745, -0.6170022487640381, -0.69746994972229, -0.760144829750061, -0.7099612355232239, -0.7732793688774109], "lowlevel.spectral_contrast_coeffs.stdev": [0.08226244896650314, 0.08520842343568802, 0.10148574411869049, 0.0592227466404438, 0.08404617011547089, 0.05020207539200783], "lowlevel.spectral_contrast_valleys.mean": [-8.65817928314209, -7.765361309051514, -8.067744255065918, -8.323779106140137, -8.370513916015625, -11.878520965576172], "lowlevel.spectral_contrast_valleys.stdev": [1.2272106409072876, 0.7868651747703552, 0.8017924427986145, 0.7710797190666199, 0.9682508707046509, 1.3255966901779175], "rhythm.beats_loudness_band_ratio.mean": [0.40124040842056274, 0.005789396818727255, 0.3144260048866272, 0.10834187269210815, 0.11551468074321747, 0.05738188698887825], "rhythm.beats_loudness_band_ratio.stdev": [0.38028624653816223, 0.006785867735743523, 0.26357296109199524, 0.11647103726863861, 0.12410033494234085, 0.07676950842142105], "tonal.hpcp.mean": [0.11070892214775085, 0.06273683905601501, 0.012330211699008942, 0.015428894199430943, 0.016410695388913155, 0.0828474909067154, 0.14917229115962982, 0.08661314100027084, 0.02057717554271221, 0.032102372497320175, 0.15140344202518463, 0.40237709879875183, 0.3707553744316101, 0.11960016191005707, 0.21329981088638306, 0.39129599928855896, 0.21593055129051208, 0.08152563869953156, 0.09428205341100693, 0.034918878227472305, 0.13116347789764404, 0.21319691836833954, 0.1107926294207573, 0.036556415259838104, 0.020764963701367378, 0.02450402081012726, 0.12815871834754944, 0.21504603326320648, 0.11440464109182358, 0.0177574772387743, 0.01521872729063034, 0.01541220210492611, 0.040241092443466187, 0.06743268668651581, 0.04625938460230827, 0.0625215470790863], "tonal.hpcp.stdev": [0.24638614058494568, 0.15084955096244812, 0.06193678081035614, 0.08054126054048538, 0.06883041560649872, 0.14230582118034363, 0.2351255714893341, 0.15938310325145721, 0.07972990721464157, 0.1194879561662674, 0.25171563029289246, 0.4158305823802948, 0.3896429240703583, 0.2282484620809555, 0.21485231816768646, 0.38631999492645264, 0.21113264560699463, 0.1386621743440628, 0.1675577461719513, 0.08926689624786377, 0.20089375972747803, 0.31191813945770264, 0.1660650372505188, 0.09321328997612, 0.07463423907756805, 0.0748913511633873, 0.23508286476135254, 0.34430503845214844, 0.20675255358219147, 0.04097304493188858, 0.035184625536203384, 0.029385492205619812, 0.0860723927617073, 0.1720474362373352, 0.09242942184209824, 0.10828103870153427], "rhythm.beats_position": [0.4760090708732605, 0.9636281132698059, 1.4164172410964966, 1.8459863662719727, 2.2755556106567383, 2.7167346477508545, 3.14630389213562, 3.5758728981018066, 4.005442142486572, 4.435011386871338, 4.852970600128174, 5.282539367675781, 5.712108612060547, 6.153287887573242, 6.571247100830078, 7.000816345214844, 7.430385589599609, 7.859954357147217, 8.28952407836914, 8.71909236907959, 9.148661613464355, 9.566620826721191, 9.996190071105957, 10.425759315490723, 10.855328559875488, 11.284897804260254, 11.70285701751709, 12.132426261901855, 12.561995506286621, 13.003174781799316, 13.432743072509766, 13.862312316894531, 14.291881561279297, 14.721450805664062, 15.139410018920898, 15.568979263305664, 15.99854850769043, 16.439727783203125, 16.85768699645996, 17.287256240844727, 17.716825485229492, 18.146394729614258, 18.575963973999023, 18.99392318725586, 19.423492431640625, 19.85306167602539, 20.294239044189453, 20.71219825744629, 21.153377532958984], "rhythm.bpm_histogram": [0.0, 0.0, 0.0, 0.0, 0.0, 0.0, 0.0, 0.0, 0.0, 0.0, 0.0, 0.0, 0.0, 0.0, 0.0, 0.0, 0.0, 0.0, 0.0, 0.0, 0.0, 0.0, 0.0, 0.0, 0.0, 0.0, 0.0, 0.0, 0.0, 0.0, 0.0, 0.0, 0.0, 0.0, 0.0, 0.0, 0.0, 0.0, 0.0, 0.0, 0.0, 0.0, 0.0, 0.0, 0.0, 0.0, 0.0, 0.0, 0.0, 0.0, 0.0, 0.0, 0.0, 0.0, 0.0, 0.0, 0.0, 0.0, 0.0, 0.0, 0.0, 0.0, 0.0, 0.0, 0.0, 0.0, 0.0, 0.0, 0.0, 0.0, 0.0, 0.0, 0.0, 0.0, 0.0, 0.0, 0.0, 0.0, 0.0, 0.0, 0.0, 0.0, 0.0, 0.0, 0.0, 0.0, 0.0, 0.0, 0.0, 0.0, 0.0, 0.0, 0.0, 0.0, 0.0, 0.0, 0.0, 0.0, 0.0, 0.0, 0.0, 0.0, 0.0, 0.0, 0.0, 0.0, 0.0, 0.0, 0.0, 0.0, 0.0, 0.0, 0.0, 0.0, 0.0, 0.0, 0.0, 0.0, 0.0, 0.0, 0.0, 0.0, 0.0, 0.02083333395421505, 0.0, 0.0, 0.0, 0.0, 0.0, 0.0, 0.0, 0.0, 0.0, 0.02083333395421505, 0.0, 0.0, 0.125, 0.0, 0.0, 0.0, 0.6666666865348816, 0.0, 0.0, 0.0, 0.1666666716337204, 0.0, 0.0, 0.0, 0.0, 0.0, 0.0, 0.0, 0.0, 0.0, 0.0, 0.0, 0.0, 0.0, 0.0, 0.0, 0.0, 0.0, 0.0, 0.0, 0.0, 0.0, 0.0, 0.0, 0.0, 0.0, 0.0, 0.0, 0.0, 0.0, 0.0, 0.0, 0.0, 0.0, 0.0, 0.0, 0.0, 0.0, 0.0, 0.0, 0.0, 0.0, 0.0, 0.0, 0.0, 0.0, 0.0, 0.0, 0.0, 0.0, 0.0, 0.0, 0.0, 0.0, 0.0, 0.0, 0.0, 0.0, 0.0, 0.0, 0.0, 0.0, 0.0, 0.0, 0.0, 0.0, 0.0, 0.0, 0.0, 0.0, 0.0, 0.0, 0.0, 0.0, 0.0, 0.0, 0.0, 0.0, 0.0, 0.0, 0.0, 0.0, 0.0, 0.0, 0.0, 0.0, 0.0, 0.0, 0.0, 0.0, 0.0, 0.0, 0.0, 0.0, 0.0, 0.0, 0.0, 0.0, 0.0, 0.0, 0.0, 0.0, 0.0, 0.0, 0.0, 0.0], "tonal.chords_histogram": [5.982905864715576, 2.3504273891448975, 3.632478713989258, 10.470085144042969, 0.0, 0.0, 0.0, 0.0, 4.059829235076904, 0.0, 0.0, 0.0, 0.4273504316806793, 4.273504257202148, 0.0, 0.0, 2.3504273891448975, 6.1965813636779785, 4.914529800415039, 0.0, 0.0, 0.0, 8.333333015441895, 47.008548736572266], "tonal.thpcp": [1.0, 0.9214127063751221, 0.29723402857780457, 0.5300992727279663, 0.972460925579071, 0.5366373062133789, 0.20261003077030182, 0.23431266844272614, 0.08678147196769714, 0.3259715139865875, 0.5298435688018799, 0.2753452658653259, 0.09085113555192947, 0.05160573124885559, 0.060898151248693466, 0.3185040056705475, 0.5344390273094177, 0.28432196378707886, 0.044131431728601456, 0.03782205283641815, 0.03830287978053093, 0.10000840574502945, 0.16758579015731812, 0.11496525257825851, 0.1553804874420166, 0.2751372456550598, 0.1559155285358429, 0.03064342401921749, 0.0383443646132946, 0.04078436642885208, 0.20589514076709747, 0.3707275986671448, 0.21525365114212036, 0.05113903433084488, 0.07978180795907974, 0.3762724995613098], "lowlevel.gfcc.cov": [[8252.0205078125, -1599.7425537109375, -54.57826232910156, 1208.5819091796875, -433.137939453125, 658.0634765625, -66.49398803710938, -273.74566650390625, -843.9080200195312, 218.91917419433594, 111.99635314941406, 517.3964233398438, -575.0370483398438], [-1599.7425537109375, 2613.381591796875, 720.0664672851562, 469.62823486328125, 1087.09765625, 367.07086181640625, 1018.7125244140625, 193.7757568359375, 698.9451904296875, 70.8897933959961, 280.7124328613281, -266.121826171875, 363.230224609375], [-54.57826232910156, 720.0664672851562, 1713.8563232421875, 871.2608032226562, 594.8745727539062, 589.615234375, 592.2821655273438, 133.58018493652344, 513.2847290039062, 424.2153625488281, -30.63507080078125, 101.33060455322266, -18.980886459350586], [1208.5819091796875, 469.62823486328125, 871.2608032226562, 1323.7415771484375, 682.5639038085938, 397.778564453125, 438.1490173339844, 9.857831001281738, 206.61190795898438, 343.2424621582031, 39.78436279296875, 117.27912902832031, 22.450664520263672], [-433.137939453125, 1087.09765625, 594.8745727539062, 682.5639038085938, 920.1300659179688, 279.79522705078125, 532.3450317382812, 189.28173828125, 391.9500427246094, 183.3312530517578, 65.65523529052734, -56.28517532348633, 199.646240234375], [658.0634765625, 367.07086181640625, 589.615234375, 397.778564453125, 279.79522705078125, 604.4684448242188, 496.71026611328125, 59.80164337158203, 131.99612426757812, 148.201171875, 112.23158264160156, 29.151058197021484, -19.73958396911621], [-66.49398803710938, 1018.7125244140625, 592.2821655273438, 438.1490173339844, 532.3450317382812, 496.71026611328125, 776.584228515625, 102.5730209350586, 316.812744140625, 134.51919555664062, 138.31866455078125, -71.81221771240234, 96.00007629394531], [-273.74566650390625, 193.7757568359375, 133.58018493652344, 9.857831001281738, 189.28173828125, 59.80164337158203, 102.5730209350586, 214.49301147460938, 137.62339782714844, 21.165565490722656, 24.394643783569336, -40.21208190917969, 57.84128952026367], [-843.9080200195312, 698.9451904296875, 513.2847290039062, 206.61190795898438, 391.9500427246094, 131.99612426757812, 316.812744140625, 137.62339782714844, 475.0444641113281, 149.7537078857422, -27.39082145690918, -76.05934143066406, 144.81320190429688], [218.91917419433594, 70.8897933959961, 424.2153625488281, 343.2424621582031, 183.3312530517578, 148.201171875, 134.51919555664062, 21.165565490722656, 149.7537078857422, 229.32843017578125, -24.68549156188965, 56.09544372558594, -21.740644454956055], [111.99635314941406, 280.7124328613281, -30.63507080078125, 39.78436279296875, 65.65523529052734, 112.23158264160156, 138.31866455078125, 24.394643783569336, -27.39082145690918, -24.68549156188965, 258.633544921875, -74.93500518798828, -35.68846130371094], [517.3964233398438, -266.121826171875, 101.33060455322266, 117.27912902832031, -56.28517532348633, 29.151058197021484, -71.81221771240234, -40.21208190917969, -76.05934143066406, 56.09544372558594, -74.93500518798828, 175.5656280517578, -43.18159866333008], [-575.0370483398438, 363.230224609375, -18.980886459350586, 22.450664520263672, 199.646240234375, -19.73958396911621, 96.00007629394531, 57.84128952026367, 144.81320190429688, -21.740644454956055, -35.68846130371094, -43.18159866333008, 194.60694885253906]], "lowlevel.gfcc.icov": [[0.00033831928158178926, -0.00010702588770072907, 0.0003932793333660811, -0.0005836955388076603, 0.00036991669912822545, -0.0005504333530552685, 9.858825069386512e-05, -0.00033640055335126817, 0.00020663317991420627, -4.4584237912204117e-05, 0.0002118659467669204, -0.00045673054410144687, 0.0006999347824603319], [-0.00010702588770072907, 0.002479044022038579, -0.0007861254271119833, 0.0007851678528822958, -0.0018333516782149673, 0.0015887008048593998, -0.0021749178413301706, 0.0017936903750523925, -0.001481464714743197, 0.0017042754916474223, -0.002273768885061145, 0.000114891525299754, -0.0016275367233902216], [0.0003932793333660811, -0.0007861254271119833, 0.0027111454401165247, -0.0013770427322015166, 0.000845703121740371, -0.002100378507748246, 0.0007252508075907826, -0.00107136694714427, -0.0014207051135599613, -0.001065534190274775, 0.0013847467489540577, -0.0013113826280459762, 0.0028337971307337284], [-0.0005836955388076603, 0.0007851678528822958, -0.0013770427322015166, 0.0035873891320079565, -0.0028498738538473845, 0.0012027599150314927, -0.0006524534546770155, 0.0021961298771202564, 0.0005254660500213504, -0.0015149203827604651, -0.0012557989684864879, 0.00017023985856212676, -0.0017763954820111394], [0.00036991669912822545, -0.0018333516782149673, 0.000845703121740371, -0.0028498738538473845, 0.005962359718978405, -0.0007999036461114883, 0.0001208242101711221, -0.003632686799392104, 0.0006831937353126705, -0.0014288577949628234, 0.0013051076093688607, -5.2435032557696104e-05, -0.0006918599247001112], [-0.0005504333530552685, 0.0015887008048593998, -0.002100378507748246, 0.0012027599150314927, -0.0007999036461114883, 0.0070863584987819195, -0.004849335178732872, 0.0005795939941890538, 0.0005971401114948094, 0.0001659362023929134, -0.0025372363161295652, -0.00024374799977522343, -0.002121217083185911], [9.858825069386512e-05, -0.0021749178413301706, 0.0007252508075907826, -0.0006524534546770155, 0.0001208242101711221, -0.004849335178732872, 0.0070287263952195644, -0.0004083305539097637, -0.0004718778654932976, -0.0004817100125364959, 0.0011625587940216064, 0.000801970309112221, 0.001223479164764285], [-0.00033640055335126817, 0.0017936903750523925, -0.00107136694714427, 0.0021961298771202564, -0.003632686799392104, 0.0005795939941890538, -0.0004083305539097637, 0.008657692931592464, -0.002516477834433317, 0.0015650627901777625, -0.002412686124444008, 0.00040530040860176086, -0.0015911220107227564], [0.00020663317991420627, -0.001481464714743197, -0.0014207051135599613, 0.0005254660500213504, 0.0006831937353126705, 0.0005971401114948094, -0.0004718778654932976, -0.002516477834433317, 0.00947104673832655, -0.0052772508934140205, 0.0022670163307338953, 0.0029728191439062357, -0.0030449479818344116], [-4.4584237912204117e-05, 0.0017042754916474223, -0.001065534190274775, -0.0015149203827604651, -0.0014288577949628234, 0.0001659362023929134, -0.0004817100125364959, 0.0015650627901777625, -0.0052772508934140205, 0.013455825857818127, -0.0008659271406941116, -0.0022527065593749285, 0.0027847904711961746], [0.0002118659467669204, -0.002273768885061145, 0.0013847467489540577, -0.0012557989684864879, 0.0013051076093688607, -0.0025372363161295652, 0.0011625587940216064, -0.002412686124444008, 0.0022670163307338953, -0.0008659271406941116, 0.008438131771981716, 0.0025839689187705517, 0.004034373443573713], [-0.00045673054410144687, 0.000114891525299754, -0.0013113826280459762, 0.00017023985856212676, -5.2435032557696104e-05, -0.00024374799977522343, 0.000801970309112221, 0.00040530040860176086, 0.0029728191439062357, -0.0022527065593749285, 0.0025839689187705517, 0.01098350528627634, -0.0017513926140964031], [0.0006999347824603319, -0.0016275367233902216, 0.0028337971307337284, -0.0017763954820111394, -0.0006918599247001112, -0.002121217083185911, 0.001223479164764285, -0.0015911220107227564, -0.0030449479818344116, 0.0027847904711961746, 0.004034373443573713, -0.0017513926140964031, 0.014018031768500805]], "lowlevel.mfcc.cov": [[8836.853515625, -2072.119384765625, 193.82362365722656, 241.93199157714844, -314.4938049316406, 508.67352294921875, 350.18682861328125, 218.5355682373047, -1299.3502197265625, -95.87942504882812, 70.40292358398438, -472.74041748046875, 108.79568481445312], [-2072.119384765625, 2059.701171875, 17.7264347076416, 349.1738586425781, 271.2588806152344, 284.22503662109375, 358.4112243652344, 240.05123901367188, 660.5260009765625, 272.6495666503906, 234.37342834472656, 269.0660095214844, 27.89390754699707], [193.82362365722656, 17.7264347076416, 1288.31005859375, 439.0218505859375, 135.15817260742188, 700.1400146484375, 189.9280548095703, 129.7783660888672, 291.0941467285156, 105.9188003540039, 379.4723205566406, 184.21087646484375, 224.9605712890625], [241.93199157714844, 349.1738586425781, 439.0218505859375, 1083.1890869140625, 424.821044921875, 629.2250366210938, 169.1006622314453, 89.90377044677734, 415.2356872558594, 91.95410919189453, 216.39419555664062, 121.24649047851562, 323.20465087890625], [-314.4938049316406, 271.2588806152344, 135.15817260742188, 424.821044921875, 469.73638916015625, 160.0284423828125, 109.58989715576172, 50.02960205078125, 268.4120788574219, 89.42138671875, 57.68356704711914, 123.05070495605469, 167.35194396972656], [508.67352294921875, 284.22503662109375, 700.1400146484375, 629.2250366210938, 160.0284423828125, 897.1873779296875, 341.9609069824219, 162.7734375, 387.56866455078125, 103.83403778076172, 371.9328308105469, 118.30925750732422, 182.4976348876953], [350.18682861328125, 358.4112243652344, 189.9280548095703, 169.1006622314453, 109.58989715576172, 341.9609069824219, 558.0244140625, 205.4649200439453, 68.33101654052734, 148.7413787841797, 227.7825927734375, 87.65461730957031, -9.759514808654785], [218.5355682373047, 240.05123901367188, 129.7783660888672, 89.90377044677734, 50.02960205078125, 162.7734375, 205.4649200439453, 213.97947692871094, 77.86255645751953, 80.77249908447266, 107.60791015625, 31.42646026611328, 3.822197198867798], [-1299.3502197265625, 660.5260009765625, 291.0941467285156, 415.2356872558594, 268.4120788574219, 387.56866455078125, 68.33101654052734, 77.86255645751953, 864.4382934570312, 125.03800201416016, 156.2796630859375, 221.0641326904297, 87.74522399902344], [-95.87942504882812, 272.6495666503906, 105.9188003540039, 91.95410919189453, 89.42138671875, 103.83403778076172, 148.7413787841797, 80.77249908447266, 125.03800201416016, 184.2064208984375, 111.88109588623047, 90.88494873046875, 0.8868142366409302], [70.40292358398438, 234.37342834472656, 379.4723205566406, 216.39419555664062, 57.68356704711914, 371.9328308105469, 227.7825927734375, 107.60791015625, 156.2796630859375, 111.88109588623047, 301.48040771484375, 111.35697937011719, 78.14511108398438], [-472.74041748046875, 269.0660095214844, 184.21087646484375, 121.24649047851562, 123.05070495605469, 118.30925750732422, 87.65461730957031, 31.42646026611328, 221.0641326904297, 90.88494873046875, 111.35697937011719, 192.9855194091797, 64.48131561279297], [108.79568481445312, 27.89390754699707, 224.9605712890625, 323.20465087890625, 167.35194396972656, 182.4976348876953, -9.759514808654785, 3.822197198867798, 87.74522399902344, 0.8868142366409302, 78.14511108398438, 64.48131561279297, 222.72019958496094]], "lowlevel.mfcc.icov": [[0.00028246245346963406, 0.00028024351922795177, 0.00013672045315615833, -9.532964759273455e-05, 0.00011989052291028202, -0.0004036087775602937, -5.26480253029149e-05, -0.0004468738625291735, 0.00039042322896420956, -0.00036648602690547705, 0.00020999849948566407, 0.00016997366037685424, -0.00020208673959132284], [0.00028024351922795177, 0.001162414439022541, 0.00044826423982158303, -0.0002228717930847779, 0.0002350605500396341, -0.00021184583602007478, -0.00027010985650122166, -0.0009722105460241437, -0.00015476494445465505, -0.0007771310629323125, -6.472296081483364e-05, -0.00030160709866322577, -0.0002359189820708707], [0.00013672045315615833, 0.00044826423982158303, 0.0019230571342632174, 0.00030875811353325844, -9.775766557140741e-06, -0.0014693487901240587, 0.0006176630849950016, -0.0007980551454238594, 0.0002848421281669289, -0.0003748030576389283, -0.0008349681156687438, -0.0009639307972975075, -0.0007999830995686352], [-9.532964759273455e-05, -0.0002228717930847779, 0.00030875811353325844, 0.0032533679623156786, -0.001454596291296184, -0.0018192529678344727, 0.0001870830456027761, 0.000372905342373997, -0.00040458940202370286, -0.0005968300392851233, 0.0004738491552416235, 0.0009975868742913008, -0.0026663905009627342], [0.00011989052291028202, 0.0002350605500396341, -9.775766557140741e-06, -0.001454596291296184, 0.005183690693229437, 0.001097867963835597, -0.0015769460005685687, -0.00015566681395284832, -0.0009007329354062676, -0.0014502573758363724, 0.0017500041285529733, -0.00067846046295017, -0.0028852715622633696], [-0.0004036087775602937, -0.00021184583602007478, -0.0014693487901240587, -0.0018192529678344727, 0.001097867963835597, 0.006143843289464712, -0.0019509452395141125, 0.0008128569461405277, -0.00218308437615633, 0.0016930897254496813, -0.0033232304267585278, 0.001797818811610341, -0.00011195865226909518], [-5.26480253029149e-05, -0.00027010985650122166, 0.0006176630849950016, 0.0001870830456027761, -0.0015769460005685687, -0.0019509452395141125, 0.005040778312832117, -0.0024583584163337946, 0.0015228729462251067, -0.00046722471597604454, -0.0016144352266564965, -0.001625365694053471, 0.0026496993377804756], [-0.0004468738625291735, -0.0009722105460241437, -0.0007980551454238594, 0.000372905342373997, -0.00015566681395284832, 0.0008128569461405277, -0.0024583584163337946, 0.009014458395540714, -0.0010480826022103429, -0.0007845526561141014, -0.0006021067383699119, 0.0020091282203793526, -0.00016090762801468372], [0.00039042322896420956, -0.00015476494445465505, 0.0002848421281669289, -0.00040458940202370286, -0.0009007329354062676, -0.00218308437615633, 0.0015228729462251067, -0.0010480826022103429, 0.003531706752255559, -0.0003502033941913396, 0.0007777096470817924, -0.0023499366361647844, 0.0016959222266450524], [-0.00036648602690547705, -0.0007771310629323125, -0.0003748030576389283, -0.0005968300392851233, -0.0014502573758363724, 0.0016930897254496813, -0.00046722471597604454, -0.0007845526561141014, -0.0003502033941913396, 0.010988285765051842, -0.0032919112127274275, -0.002826192881911993, 0.003283888567239046], [0.00020999849948566407, -6.472296081483364e-05, -0.0008349681156687438, 0.0004738491552416235, 0.0017500041285529733, -0.0033232304267585278, -0.0016144352266564965, -0.0006021067383699119, 0.0007777096470817924, -0.0032919112127274275, 0.01150348037481308, -0.0023755612783133984, -0.0022327520418912172], [0.00016997366037685424, -0.00030160709866322577, -0.0009639307972975075, 0.0009975868742913008, -0.00067846046295017, 0.001797818811610341, -0.001625365694053471, 0.0020091282203793526, -0.0023499366361647844, -0.002826192881911993, -0.0023755612783133984, 0.012605570256710052, -0.003467305563390255], [-0.00020208673959132284, -0.0002359189820708707, -0.0007999830995686352, -0.0026663905009627342, -0.0028852715622633696, -0.00011195865226909518, 0.0026496993377804756, -0.00016090762801468372, 0.0016959222266450524, 0.003283888567239046, -0.0022327520418912172, -0.003467305563390255, 0.012780241668224335]], "metadata.audio_properties.analysis.downmix": "mix", "metadata.audio_properties.codec": "mp3", "metadata.audio_properties.md5_encoded": "419de01e2bf5dd38a5dd44ce60971cad", "metadata.tags.file_name": "1183688967296667758.mp3", "metadata.version.essentia": "2.1-beta6-dev", "metadata.version.essentia_git_sha": "v2.1_beta5-1110-g77a6a954", "metadata.version.extractor": "music 2.0", "tonal.chords_key": "B", "tonal.chords_scale": "minor", "tonal.key_edma.key": "D", "tonal.key_edma.scale": "major", "tonal.key_krumhansl.key": "D", "tonal.key_krumhansl.scale": "major", "tonal.key_temperley.key": "D", "tonal.key_temperley.scale": "major", "metadata.tags.encoding": ["Lavf58.45.100"]}, "essentia_models": [{"model_name": "genre_dortmund", "activations": {"alternative": "0.23822701", "blues": "0.01375295", "electronic": "0.35001808", "folkcountry": "0.080029555", "funksoulrnb": "0.03288549", "jazz": "0.081717715", "pop": "0.12309115