{"song_id": "1183683812039868426", "download": "https://cdn.discordapp.com/attachments/1135903449314238464/1183683812039868426/chirp.mp4?ex=65893a74&amp", "lyrics": "It's a new day again\nCold and blizzard\nHide it in me, mute shadow.\nI'm alone again\nMaybe I'm not the one\nEvil thoughts, who can help me?", "style": ["rock"], "essentia_features": {"lowlevel.average_loudness": 0.9750294089317322, "lowlevel.barkbands_crest.mean": 10.827224731445312, "lowlevel.barkbands_crest.stdev": 3.6797854900360107, "lowlevel.barkbands_flatness_db.mean": 0.1247541755437851, "lowlevel.barkbands_flatness_db.stdev": 0.05611838027834892, "lowlevel.barkbands_kurtosis.mean": 6.9767303466796875, "lowlevel.barkbands_kurtosis.stdev": 22.888519287109375, "lowlevel.barkbands_skewness.mean": 1.8013428449630737, "lowlevel.barkbands_skewness.stdev": 1.4849345684051514, "lowlevel.barkbands_spread.mean": 26.251962661743164, "lowlevel.barkbands_spread.stdev": 12.684891700744629, "lowlevel.dissonance.mean": 0.4751589298248291, "lowlevel.dissonance.stdev": 0.018141532316803932, "lowlevel.dynamic_complexity": 1.1811857223510742, "lowlevel.erbbands_crest.mean": 9.284454345703125, "lowlevel.erbbands_crest.stdev": 5.084478378295898, "lowlevel.erbbands_flatness_db.mean": 0.13230666518211365, "lowlevel.erbbands_flatness_db.stdev": 0.03263414278626442, "lowlevel.erbbands_kurtosis.mean": 0.4571850895881653, "lowlevel.erbbands_kurtosis.stdev": 2.4747495651245117, "lowlevel.erbbands_skewness.mean": 0.13019102811813354, "lowlevel.erbbands_skewness.stdev": 0.8352429270744324, "lowlevel.erbbands_spread.mean": 44.6092529296875, "lowlevel.erbbands_spread.stdev": 18.492977142333984, "lowlevel.hfc.mean": 33.84961700439453, "lowlevel.hfc.stdev": 15.984225273132324, "lowlevel.loudness_ebu128.integrated": -12.131582260131836, "lowlevel.loudness_ebu128.loudness_range": 1.0653791427612305, "lowlevel.loudness_ebu128.momentary.mean": -12.201056480407715, "lowlevel.loudness_ebu128.momentary.stdev": 0.7940385341644287, "lowlevel.loudness_ebu128.short_term.mean": -12.130614280700684, "lowlevel.loudness_ebu128.short_term.stdev": 0.36787188053131104, "lowlevel.melbands_crest.mean": 18.16782569885254, "lowlevel.melbands_crest.stdev": 5.083071231842041, "lowlevel.melbands_flatness_db.mean": 0.1916085183620453, "lowlevel.melbands_flatness_db.stdev": 0.06650297343730927, "lowlevel.melbands_kurtosis.mean": 21.638036727905273, "lowlevel.melbands_kurtosis.stdev": 38.89067840576172, "lowlevel.melbands_skewness.mean": 3.2849209308624268, "lowlevel.melbands_skewness.stdev": 2.055424928665161, "lowlevel.melbands_spread.mean": 23.678356170654297, "lowlevel.melbands_spread.stdev": 14.282424926757812, "lowlevel.pitch_salience.mean": 0.46984440088272095, "lowlevel.pitch_salience.stdev": 0.11812030524015427, "lowlevel.silence_rate_20dB.mean": 1.0, "lowlevel.silence_rate_20dB.stdev": 0.0, "lowlevel.silence_rate_30dB.mean": 0.9897476434707642, "lowlevel.silence_rate_30dB.stdev": 0.10073325783014297, "lowlevel.silence_rate_60dB.mean": 0.0015772870974615216, "lowlevel.silence_rate_60dB.stdev": 0.03968393802642822, "lowlevel.spectral_centroid.mean": 1487.686767578125, "lowlevel.spectral_centroid.stdev": 535.4426879882812, "lowlevel.spectral_complexity.mean": 30.71766471862793, "lowlevel.spectral_complexity.stdev": 9.902636528015137, "lowlevel.spectral_decrease.mean": -1.272648297856449e-08, "lowlevel.spectral_decrease.stdev": 5.736856767413201e-09, "lowlevel.spectral_energy.mean": 0.05110304430127144, "lowlevel.spectral_energy.stdev": 0.02182631567120552, "lowlevel.spectral_energyband_high.mean": 0.001616462948732078, "lowlevel.spectral_energyband_high.stdev": 0.0015942407771945, "lowlevel.spectral_energyband_low.mean": 0.0278058722615242, "lowlevel.spectral_energyband_low.stdev": 0.022302182391285896, "lowlevel.spectral_energyband_middle_high.mean": 0.008232071064412594, "lowlevel.spectral_energyband_middle_high.stdev": 0.006004155147820711, "lowlevel.spectral_energyband_middle_low.mean": 0.015185385011136532, "lowlevel.spectral_energyband_middle_low.stdev": 0.011777848936617374, "lowlevel.spectral_entropy.mean": 7.823153495788574, "lowlevel.spectral_entropy.stdev": 0.3806785047054291, "lowlevel.spectral_flux.mean": 0.10486607253551483, "lowlevel.spectral_flux.stdev": 0.05039788782596588, "lowlevel.spectral_kurtosis.mean": 3.0671911239624023, "lowlevel.spectral_kurtosis.stdev": 1.4106965065002441, "lowlevel.spectral_rms.mean": 0.006917493883520365, "lowlevel.spectral_rms.stdev": 0.0014159008860588074, "lowlevel.spectral_rolloff.mean": 1280.072021484375, "lowlevel.spectral_rolloff.stdev": 1106.91748046875, "lowlevel.spectral_skewness.mean": 1.2730011940002441, "lowlevel.spectral_skewness.stdev": 0.25458818674087524, "lowlevel.spectral_spread.mean": 4790720.5, "lowlevel.spectral_spread.stdev": 922976.875, "lowlevel.spectral_strongpeak.mean": 1.0842732191085815, "lowlevel.spectral_strongpeak.stdev": 1.2826979160308838, "lowlevel.zerocrossingrate.mean": 0.05885753035545349, "lowlevel.zerocrossingrate.stdev": 0.02611694484949112, "metadata.audio_properties.analysis.equal_loudness": 0.0, "metadata.audio_properties.analysis.length": 29.418663024902344, "metadata.audio_properties.analysis.sample_rate": 44100.0, "metadata.audio_properties.analysis.start_time": 0.0, "metadata.audio_properties.bit_rate": 116447.0, "metadata.audio_properties.length": 29.41866683959961, "metadata.audio_properties.lossless": 0.0, "metadata.audio_properties.number_channels": 1.0, "metadata.audio_properties.replay_gain": -12.484125137329102, "metadata.audio_properties.sample_rate": 48000.0, "rhythm.beats_count": 51.0, "rhythm.beats_loudness.mean": 0.051255080848932266, "rhythm.beats_loudness.stdev": 0.016923995688557625, "rhythm.bpm": 105.36258697509766, "rhythm.bpm_histogram_first_peak_bpm": 105.0, "rhythm.bpm_histogram_first_peak_weight": 0.40816324949264526, "rhythm.bpm_histogram_second_peak_bpm": 98.0, "rhythm.bpm_histogram_second_peak_spread": 0.0, "rhythm.bpm_histogram_second_peak_weight": 0.019999999552965164, "rhythm.danceability": 1.255907654762268, "rhythm.onset_rate": 2.7521727085113525, "tonal.chords_changes_rate": 0.06141732260584831, "tonal.chords_number_rate": 0.018897637724876404, "tonal.chords_strength.mean": 0.5381327867507935, "tonal.chords_strength.stdev": 0.09703324735164642, "tonal.hpcp_crest.mean": 12.5049409866333, "tonal.hpcp_crest.stdev": 4.998203754425049, "tonal.hpcp_entropy.mean": 2.1479034423828125, "tonal.hpcp_entropy.stdev": 0.7908983826637268, "tonal.key_edma.strength": 0.4740261733531952, "tonal.key_krumhansl.strength": 0.49062323570251465, "tonal.key_temperley.strength": 0.519835889339447, "tonal.tuning_diatonic_strength": 0.591610312461853, "tonal.tuning_equal_tempered_deviation": 0.13056540489196777, "tonal.tuning_frequency": 440.5086364746094, "tonal.tuning_nontempered_energy_ratio": 0.8181814551353455, "lowlevel.barkbands.mean": [0.0005199700826779008, 0.009139521047472954, 0.016515551134943962, 0.002592133590951562, 0.003972649108618498, 0.0022265666630119085, 0.0015292201424017549, 0.0017155371606349945, 0.0029258609283715487, 0.0005583346355706453, 0.0009540559840388596, 0.0011984579032287002, 0.0010680945124477148, 0.0008916424121707678, 0.0010277624242007732, 0.0007327207713387907, 0.0007625037105754018, 0.00037938778405077755, 0.000561024178750813, 0.0004103940154891461, 0.00043879891745746136, 0.00035215113894082606, 0.00026440407964400947, 0.0001594287168700248, 0.00012261899246368557, 8.325398084707558e-05, 9.535580716146796e-07], "lowlevel.barkbands.stdev": [0.000610167277045548, 0.012516727671027184, 0.013607914559543133, 0.003991063684225082, 0.007320149336010218, 0.0046545350924134254, 0.0032758433371782303, 0.004195085726678371, 0.005232979077845812, 0.0013072852743789554, 0.0022266225423663855, 0.0024250978603959084, 0.0020064222626388073, 0.0017994401277974248, 0.0017939950339496136, 0.0007764407200738788, 0.0008193834801204503, 0.0002753440057858825, 0.0004438457835931331, 0.0002841621171683073, 0.00030426777084358037, 0.00048728633555583656, 0.0004027204413432628, 0.0002513668732717633, 0.00023928334121592343, 0.00020579638658091426, 2.2258491298998706e-06], "lowlevel.erbbands.mean": [0.15739402174949646, 2.6243860721588135, 17.24103355407715, 14.260805130004883, 10.67585277557373, 12.771138191223145, 16.211708068847656, 16.843421936035156, 21.463775634765625, 25.719602584838867, 43.143917083740234, 65.88441467285156, 37.17018508911133, 20.798751831054688, 48.394466400146484, 48.25704574584961, 46.526973724365234, 53.66804122924805, 47.31466293334961, 45.509395599365234, 47.759559631347656, 41.17795944213867, 21.83047103881836, 26.0511531829834, 26.937314987182617, 19.190738677978516, 18.184350967407227, 16.04362678527832, 13.616315841674805, 10.097189903259277, 6.787387371063232, 3.897667646408081, 2.394625186920166, 1.4386764764785767, 0.812663197517395, 0.41496309638023376, 0.1454220861196518, 0.016644416376948357, 0.00034951537963934243, 7.431291305692866e-05], "lowlevel.erbbands.stdev": [0.3698694705963135, 2.974280834197998, 13.351061820983887, 16.770145416259766, 19.459327697753906, 27.360857009887695, 39.03199005126953, 36.24451446533203, 51.51973342895508, 51.66532516479492, 106.98359680175781, 124.79285430908203, 63.26087951660156, 43.47700881958008, 110.60940551757812, 95.04208374023438, 80.19308471679688, 102.31451416015625, 60.624427795410156, 85.31234741210938, 51.98471450805664, 34.54651641845703, 15.171628952026367, 23.43058204650879, 20.07076644897461, 13.225110054016113, 12.912856101989746, 11.9124174118042, 18.197343826293945, 17.36122703552246, 9.950313568115234, 5.409451484680176, 4.10161018371582, 2.5205254554748535, 1.8360170125961304, 1.007340669631958, 0.368464857339859, 0.040259771049022675, 0.0007496357429772615, 4.0411647205473855e-05], "lowlevel.gfcc.mean": [58.01367950439453, 75.09638977050781, -114.12705993652344, 47.625282287597656, -48.33088302612305, 25.554304122924805, -32.78706741333008, 11.242130279541016, -25.7259578704834, 5.270273208618164, -25.48458480834961, -2.4670257568359375, -19.576759338378906], "lowlevel.melbands.mean": [0.0018904948374256492, 0.006878221873193979, 0.002373921684920788, 0.0008721076301299036, 0.0005499886465258896, 0.00040361154242418706, 0.00031992237200029194, 0.0002843171532731503, 0.0003538023738656193, 0.00044591983896680176, 0.00018008532060775906, 7.481257489416748e-05, 0.00013915517774876207, 0.00013986458361614496, 0.00011177996930200607, 0.0001118091240641661, 9.673593012848869e-05, 7.083007949404418e-05, 7.554906187579036e-05, 4.8577639972791076e-05, 5.844436964252964e-05, 4.745493788504973e-05, 2.4631101041450165e-05, 1.621238152438309e-05, 2.154627327399794e-05, 2.1233947336440906e-05, 1.648848228796851e-05, 1.1760533197957557e-05, 1.105667615775019e-05, 1.1206743693037424e-05, 8.425526175415143e-06, 8.095767043414526e-06, 6.048538125469349e-06, 5.5694813454465475e-06, 4.149795131525025e-06, 2.8564256808749633e-06, 2.2232086394069484e-06, 1.7430272691854043e-06, 1.4113002180238254e-06, 1.1451188584032934e-06], "lowlevel.melbands.stdev": [0.0033176790457218885, 0.005270628724247217, 0.0024106521159410477, 0.0017033671028912067, 0.001199148828163743, 0.0008285832591354847, 0.0007157741347327828, 0.0005915741785429418, 0.0008680411265231669, 0.0008923286222852767, 0.00031902320915833116, 0.0001786340435501188, 0.0003136049199383706, 0.000264190137386322, 0.0002997273113578558, 0.00022631260799244046, 0.0002107321488438174, 9.073674300452694e-05, 0.00014991499483585358, 6.8200497480575e-05, 7.003075006650761e-05, 4.5920976845081896e-05, 2.0885243429802358e-05, 1.1641397577477619e-05, 2.247397424071096e-05, 1.6320947906933725e-05, 1.2871832041128073e-05, 8.781845281191636e-06, 8.331391654792242e-06, 8.182646524801385e-06, 6.650517661910271e-06, 1.0239624316454865e-05, 1.074000283551868e-05, 9.616291208658367e-06, 6.2337280724023e-06, 3.878821644320851e-06, 3.2632526654197136e-06, 3.1109207156987395e-06, 2.36767527894699e-06, 2.115617007802939e-06], "lowlevel.melbands128.mean": [0.00023528108431492, 0.0010567056015133858, 0.0018217945471405983, 0.004847645293921232, 0.00907277874648571, 0.0073693240992724895, 0.003017420880496502, 0.000937964185141027, 0.0010789786465466022, 0.0010443237842991948, 0.0006315837381407619, 0.0005169665673747659, 0.0005964376032352448, 0.0005084677250124514, 0.0003371747734490782, 0.0003706033749040216, 0.0004394965071696788, 0.0002453020424582064, 0.0002757475303951651, 0.0002873940975405276, 0.000289853080175817, 0.00027716581826098263, 0.0004735794791486114, 0.00027466632309369743, 0.000289180752588436, 0.0007514820317737758, 0.000276600883807987, 0.00010751769150374457, 6.975176802370697e-05, 6.326020957203582e-05, 8.062438428169116e-05, 8.97402860573493e-05, 0.00010456377640366554, 0.0002431087486911565, 0.00012598671310115606, 0.00012115981371607631, 0.00012735127529595047, 0.0001385898212902248, 7.475569873349741e-05, 8.233202242990956e-05, 0.00014977440878283232, 0.00010735272371675819, 0.00010136973287444562, 9.177205356536433e-05, 5.7219102018279955e-05, 6.97393697919324e-05, 7.991168968146667e-05, 8.749865810386837e-05, 6.889482756378129e-05, 5.5116011935751885e-05, 3.568960164557211e-05, 5.4691568948328495e-05, 6.080353705328889e-05, 5.462015906232409e-05, 6.473703979281709e-05, 4.953151801601052e-05, 3.202948209946044e-05, 2.7436155505711213e-05, 2.2618460207013413e-05, 1.714681275188923e-05, 1.4003698197484482e-05, 1.6008456441340968e-05, 2.2614070985582657e-05, 2.3042925022309646e-05, 2.001281245611608e-05, 2.3104246793081984e-05, 2.0570962078636512e-05, 1.795559364836663e-05, 1.6357718777726404e-05, 1.3622280675917864e-05, 1.0998150173691101e-05, 1.1351018656569067e-05, 1.0532355190662201e-05, 1.143166173278587e-05, 1.1047225598304067e-05, 1.1286428161838558e-05, 1.1951168744417373e-05, 9.453696293348912e-06, 7.713108061579987e-06, 7.0955197770672385e-06, 8.938828614191152e-06, 8.364362656720914e-06, 6.862214831926394e-06, 5.798403890366899e-06, 5.192126081965398e-06, 5.815064923808677e-06, 5.626763595500961e-06, 5.290230092214188e-06, 3.898898285115138e-06, 3.6546978208207292e-06, 3.1169893190963194e-06, 2.6635275389708113e-06, 2.3095130927686114e-06, 2.182805928896414e-06, 2.243811650259886e-06, 1.967430989679997e-06, 1.5788377822900657e-06, 1.4814736459811684e-06, 1.483239657318336e-06, 1.3867849020243739e-06, 1.1284359970886726e-06, 1.2138474403400323e-06, 9.85686483545578e-07, 9.453734151065873e-07, 8.193791245503235e-07, 9.228592148247117e-07, 9.80037384579191e-07, 7.982886813806545e-07, 6.491636668215506e-07, 6.505853775706782e-07, 6.460781492023671e-07, 5.30246097696363e-07, 4.6045619228607393e-07, 3.8061614304751856e-07, 2.9714405513914244e-07, 1.9755627533868392e-07, 4.319330670909949e-08, 1.2568260876477666e-09, 7.53996344526886e-12, 7.266054077859074e-12, 7.0643898716915565e-12, 6.9067199875982865e-12, 6.7487586699610524e-12, 6.604860321862693e-12, 6.412367165031796e-12, 6.171640889313101e-12, 6.029576577609719e-12, 5.9816526731815145e-12], "lowlevel.melbands128.stdev": [0.0004770696978084743, 0.002910514594987035, 0.004924322944134474, 0.0053855967707931995, 0.007278153207153082, 0.006803438998758793, 0.004114549141377211, 0.0016393016558140516, 0.0024392446503043175, 0.00239922059699893, 0.0017122238641604781, 0.0013320973375812173, 0.00174675602465868, 0.0014539823168888688, 0.000988790299743414, 0.0010371218668296933, 0.0013572691241279244, 0.0007609542808495462, 0.0007945493562147021, 0.0007395748398266733, 0.000916327117010951, 0.0010120733641088009, 0.0014125286834314466, 0.0007700399728491902, 0.0006691240705549717, 0.0019288305193185806, 0.0006797141977585852, 0.00029685118352063, 0.00027956446865573525, 0.00020815014431718737, 0.0002471534244250506, 0.0002987993066199124, 0.00031517044408246875, 0.0007405966753140092, 0.00038448325358331203, 0.00037443757173605263, 0.00035317803849466145, 0.0005896568764001131, 0.00023184712335933, 0.00019667470769491047, 0.00042615950223989785, 0.0002931955095846206, 0.00033978046849370003, 0.00025549629935994744, 9.018675336847082e-05, 0.00013381386816035956, 0.00016221321129705757, 0.0002504846779629588, 0.00020771630806848407, 0.00016172042523976415, 4.780331801157445e-05, 8.230021194322035e-05, 0.00010522529191803187, 9.1738642368e-05, 0.00012106563372071832, 5.046580554335378e-05, 3.446600021561608e-05, 3.3106087357737124e-05, 2.4320957891177386e-05, 1.5389499822049402e-05, 1.3284622582432348e-05, 1.5065273146319669e-05, 2.6729241653811187e-05, 3.817864126176573e-05, 1.8095324776368216e-05, 2.107366526615806e-05, 2.388047141721472e-05, 1.8018485206994228e-05, 1.6045574739109725e-05, 1.294015601160936e-05, 9.821547791943885e-06, 1.065896594809601e-05, 8.832473213260528e-06, 1.0707062756409869e-05, 1.0378735169069842e-05, 9.53560902416939e-06, 1.0844636562978849e-05, 8.980480743048247e-06, 6.93126094120089e-06, 7.128510333131999e-06, 1.0914641279669013e-05, 1.4107796232565306e-05, 1.1330002053000499e-05, 1.194237938761944e-05, 9.352059350931086e-06, 1.2426038665580563e-05, 1.0199055395787582e-05, 7.867584827181417e-06, 6.005033810652094e-06, 6.55331041343743e-06, 4.618325419869507e-06, 3.6318642742116936e-06, 3.698226919368608e-06, 3.314395371489809e-06, 3.994883172708796e-06, 3.6360841022542445e-06, 3.1085353384696646e-06, 3.0017154131201096e-06, 2.728996832956909e-06, 2.3196544134407304e-06, 2.0516956737992587e-06, 2.3572990812681383e-06, 2.3166335267887916e-06, 2.070342588922358e-06, 2.455808498780243e-06, 2.1127691525180126e-06, 2.254906576126814e-06, 1.8847542833100306e-06, 1.868020717665786e-06, 1.6890277265702025e-06, 1.9563706246117363e-06, 1.4671695680590346e-06, 1.2536413578345673e-06, 9.059535273081565e-07, 8.65797574078897e-07, 5.096867425891105e-07, 9.444443094253074e-08, 9.349749419129694e-09, 1.3510445366626822e-11, 1.3181225208547254e-11, 1.3058574187263527e-11, 1.288077110250807e-11, 1.2774718782804229e-11, 1.2238527032082391e-11, 1.0586176033000605e-11, 8.779532656433275e-12, 8.404639831316452e-12, 8.35581343699987e-12], "lowlevel.mfcc.mean": [-583.7239990234375, 100.9681396484375, -0.7891888618469238, 30.48261260986328, 9.709747314453125, 18.9078311920166, 5.600837707519531, 8.114974021911621, 5.323364734649658, 4.848744869232178, 1.258471131324768, 1.091309666633606, -0.818162202835083], "lowlevel.spectral_contrast_coeffs.mean": [-0.6553294658660889, -0.746300458908081, -0.7722862362861633, -0.7930294871330261, -0.8050352931022644, -0.7233228087425232], "lowlevel.spectral_contrast_coeffs.stdev": [0.06760446727275848, 0.08601470291614532, 0.0734819695353508, 0.04423094540834427, 0.02569841407239437, 0.02977515012025833], "lowlevel.spectral_contrast_valleys.mean": [-6.396427631378174, -6.642055034637451, -6.9115986824035645, -6.870203495025635, -6.731597900390625, -9.628412246704102], "lowlevel.spectral_contrast_valleys.stdev": [0.580237627029419, 0.576492428779602, 0.5733869671821594, 0.5314802527427673, 0.5326982736587524, 0.6720067858695984], "rhythm.beats_loudness_band_ratio.mean": [0.5068675875663757, 0.1358891874551773, 0.14902417361736298, 0.08422504365444183, 0.08911561965942383, 0.0744837298989296], "rhythm.beats_loudness_band_ratio.stdev": [0.20973631739616394, 0.11850611865520477, 0.11860634386539459, 0.07116717100143433, 0.05510615184903145, 0.03246127441525459], "tonal.hpcp.mean": [0.1162453144788742, 0.09009548276662827, 0.09268206357955933, 0.14312829077243805, 0.1237858459353447, 0.07353759557008743, 0.06421281397342682, 0.057863954454660416, 0.13517792522907257, 0.2124655395746231, 0.14088468253612518, 0.05256684124469757, 0.03331989049911499, 0.03231794759631157, 0.05779124051332474, 0.09257644414901733, 0.08860040456056595, 0.08162985742092133, 0.08046075701713562, 0.05915175378322601, 0.043633248656988144, 0.033069461584091187, 0.028876585885882378, 0.048078086227178574, 0.10768111795186996, 0.11248961836099625, 0.07389983534812927, 0.056879136711359024, 0.055675312876701355, 0.1940544843673706, 0.29658612608909607, 0.19931316375732422, 0.1501159518957138, 0.2627061903476715, 0.2674594521522522, 0.15516436100006104], "tonal.hpcp.stdev": [0.2598738968372345, 0.2152155190706253, 0.20219658315181732, 0.2840321362018585, 0.2610316276550293, 0.1695026457309723, 0.16452771425247192, 0.16144588589668274, 0.2309141308069229, 0.34341666102409363, 0.22745218873023987, 0.14070579409599304, 0.08501755446195602, 0.08514168858528137, 0.1404443085193634, 0.1855952888727188, 0.15905176103115082, 0.16365012526512146, 0.17881523072719574, 0.14123821258544922, 0.1283484250307083, 0.0951797142624855, 0.08236099034547806, 0.11893318593502045, 0.22287508845329285, 0.23519942164421082, 0.16458331048488617, 0.15755555033683777, 0.15726009011268616, 0.2769433259963989, 0.37891241908073425, 0.2720290422439575, 0.2403591275215149, 0.35886716842651367, 0.37433525919914246, 0.2629680037498474], "rhythm.beats_position": [0.6153287887573242, 1.2306575775146484, 1.8227664232254028, 2.4032652378082275, 2.9953742027282715, 3.5526530742645264, 4.109931945800781, 4.678820610046387, 5.24770975112915, 5.8282084465026855, 6.408707141876221, 6.977596282958984, 7.5580949783325195, 8.150203704833984, 8.73070240020752, 9.287981986999512, 9.856870651245117, 10.425759315490723, 10.983037948608398, 11.55192756652832, 12.120816230773926, 12.678094863891602, 13.235373497009277, 13.8042631149292, 14.373151779174805, 14.94204044342041, 15.510929107666016, 16.091428756713867, 16.660316467285156, 17.229206085205078, 17.798095703125, 18.36698341369629, 18.93587303161621, 19.5047607421875, 20.073650360107422, 20.642539978027344, 21.199817657470703, 21.780317306518555, 22.349205017089844, 22.918094635009766, 23.486984252929688, 24.055871963500977, 24.6247615814209, 25.19365119934082, 25.75092887878418, 26.3198184967041, 26.88870620727539, 27.445985794067383, 28.003265380859375, 28.572153091430664, 29.141042709350586], "rhythm.bpm_histogram": [0.0, 0.0, 0.0, 0.0, 0.0, 0.0, 0.0, 0.0, 0.0, 0.0, 0.0, 0.0, 0.0, 0.0, 0.0, 0.0, 0.0, 0.0, 0.0, 0.0, 0.0, 0.0, 0.0, 0.0, 0.0, 0.0, 0.0, 0.0, 0.0, 0.0, 0.0, 0.0, 0.0, 0.0, 0.0, 0.0, 0.0, 0.0, 0.0, 0.0, 0.0, 0.0, 0.0, 0.0, 0.0, 0.0, 0.0, 0.0, 0.0, 0.0, 0.0, 0.0, 0.0, 0.0, 0.0, 0.0, 0.0, 0.0, 0.0, 0.0, 0.0, 0.0, 0.0, 0.0, 0.0, 0.0, 0.0, 0.0, 0.0, 0.0, 0.0, 0.0, 0.0, 0.0, 0.0, 0.0, 0.0, 0.0, 0.0, 0.0, 0.0, 0.0, 0.0, 0.0, 0.0, 0.0, 0.0, 0.0, 0.0, 0.0, 0.0, 0.0, 0.0, 0.0, 0.0, 0.0, 0.0, 0.0, 0.019999999552965164, 0.0, 0.0, 0.05999999865889549, 0.0, 0.14000000059604645, 0.0, 0.5799999833106995, 0.0, 0.0, 0.20000000298023224, 0.0, 0.0, 0.0, 0.0, 0.0, 0.0, 0.0, 0.0, 0.0, 0.0, 0.0, 0.0, 0.0, 0.0, 0.0, 0.0, 0.0, 0.0, 0.0, 0.0, 0.0, 0.0, 0.0, 0.0, 0.0, 0.0, 0.0, 0.0, 0.0, 0.0, 0.0, 0.0, 0.0, 0.0, 0.0, 0.0, 0.0, 0.0, 0.0, 0.0, 0.0, 0.0, 0.0, 0.0, 0.0, 0.0, 0.0, 0.0, 0.0, 0.0, 0.0, 0.0, 0.0, 0.0, 0.0, 0.0, 0.0, 0.0, 0.0, 0.0, 0.0, 0.0, 0.0, 0.0, 0.0, 0.0, 0.0, 0.0, 0.0, 0.0, 0.0, 0.0, 0.0, 0.0, 0.0, 0.0, 0.0, 0.0, 0.0, 0.0, 0.0, 0.0, 0.0, 0.0, 0.0, 0.0, 0.0, 0.0, 0.0, 0.0, 0.0, 0.0, 0.0, 0.0, 0.0, 0.0, 0.0, 0.0, 0.0, 0.0, 0.0, 0.0, 0.0, 0.0, 0.0, 0.0, 0.0, 0.0, 0.0, 0.0, 0.0, 0.0, 0.0, 0.0, 0.0, 0.0, 0.0, 0.0, 0.0, 0.0, 0.0, 0.0, 0.0, 0.0, 0.0, 0.0, 0.0, 0.0, 0.0, 0.0, 0.0, 0.0, 0.0, 0.0, 0.0, 0.0, 0.0, 0.0, 0.0, 0.0, 0.0], "tonal.chords_histogram": [19.370079040527344, 4.2519683837890625, 20.78740119934082, 1.8897638320922852, 5.8267717361450195, 0.0, 0.0, 5.6692914962768555, 0.0, 3.464566946029663, 1.2598425149917603, 8.346456527709961, 0.0, 0.0, 0.0, 0.0, 0.4724409580230713, 0.0, 0.0, 0.0, 0.0, 3.7795276641845703, 18.89763832092285, 5.984251976013184], "tonal.thpcp": [1.0, 0.6720245480537415, 0.506146252155304, 0.8857669830322266, 0.9017935395240784, 0.5231679677963257, 0.39194455742836, 0.3037751019001007, 0.31249627470970154, 0.48258593678474426, 0.41736897826194763, 0.2479468435049057, 0.2165064662694931, 0.19510000944137573, 0.45577967166900635, 0.7163704633712769, 0.4750211536884308, 0.17723971605300903, 0.11234473437070847, 0.10896648466587067, 0.19485484063625336, 0.31214016675949097, 0.2987341582775116, 0.2752315402030945, 0.2712896764278412, 0.1994420737028122, 0.14711830019950867, 0.11150036752223969, 0.09736324101686478, 0.16210497915744781, 0.3630686402320862, 0.3792814612388611, 0.24916821718215942, 0.1917794942855835, 0.18772055208683014, 0.6542938947677612], "lowlevel.gfcc.cov": [[2423.919921875, -420.48101806640625, -247.78248596191406, -222.4517822265625, -228.1326904296875, 8.425300598144531, -124.08953094482422, 95.17738342285156, -84.68653106689453, 145.78607177734375, -58.8970947265625, 172.9951171875, -64.17681121826172], [-420.48101806640625, 552.5723876953125, 17.476879119873047, 60.59356689453125, 81.6667709350586, -66.26746368408203, 68.34649658203125, -60.992679595947266, 45.01539611816406, -73.78775787353516, 58.66132354736328, -76.84708404541016, 62.40707778930664], [-247.78248596191406, 17.476879119873047, 327.0778503417969, 95.49613952636719, 31.052621841430664, -10.951958656311035, -25.859617233276367, -41.25183868408203, -22.299753189086914, -19.414609909057617, 5.996053218841553, -8.72559928894043, -0.8661378026008606], [-222.4517822265625, 60.59356689453125, 95.49613952636719, 189.0618896484375, 86.46065521240234, -0.7517699599266052, -25.794757843017578, -40.23619842529297, 23.84752082824707, -12.975546836853027, 35.950660705566406, -9.52592658996582, 26.972379684448242], [-228.1326904296875, 81.6667709350586, 31.052621841430664, 86.46065521240234, 176.3396759033203, 51.356815338134766, 55.681949615478516, -8.208271026611328, 16.310646057128906, -31.671958923339844, 4.9289350509643555, -14.398187637329102, 17.253660202026367], [8.425300598144531, -66.26746368408203, -10.951958656311035, -0.7517699599266052, 51.356815338134766, 137.72483825683594, 97.56044006347656, 37.469268798828125, -21.145421981811523, -25.293359756469727, -12.274120330810547, -2.8466522693634033, -10.487427711486816], [-124.08953094482422, 68.34649658203125, -25.859617233276367, -25.794757843017578, 55.681949615478516, 97.56044006347656, 181.00729370117188, 65.54570007324219, 4.995701789855957, -50.130619049072266, -22.22500228881836, -30.83574104309082, -3.99688458442688], [95.17738342285156, -60.992679595947266, -41.25183868408203, -40.23619842529297, -8.208271026611328, 37.469268798828125, 65.54570007324219, 112.77474212646484, 47.22531509399414, 15.16504955291748, -32.2252197265625, -10.761178016662598, -12.94273853302002], [-84.68653106689453, 45.01539611816406, -22.299753189086914, 23.84752082824707, 16.310646057128906, -21.145421981811523, 4.995701789855957, 47.22531509399414, 108.7811279296875, 40.022647857666016, 8.139135360717773, -31.379770278930664, 3.266402244567871], [145.78607177734375, -73.78775787353516, -19.414609909057617, -12.975546836853027, -31.671958923339844, -25.293359756469727, -50.130619049072266, 15.16504955291748, 40.022647857666016, 93.7211685180664, 29.79330825805664, 21.958433151245117, -14.977802276611328], [-58.8970947265625, 58.66132354736328, 5.996053218841553, 35.950660705566406, 4.9289350509643555, -12.274120330810547, -22.22500228881836, -32.2252197265625, 8.139135360717773, 29.79330825805664, 86.30827331542969, 35.84253692626953, 16.805822372436523], [172.9951171875, -76.84708404541016, -8.72559928894043, -9.52592658996582, -14.398187637329102, -2.8466522693634033, -30.83574104309082, -10.761178016662598, -31.379770278930664, 21.958433151245117, 35.84253692626953, 96.08000183105469, 24.91316795349121], [-64.17681121826172, 62.40707778930664, -0.8661378026008606, 26.972379684448242, 17.253660202026367, -10.487427711486816, -3.99688458442688, -12.94273853302002, 3.266402244567871, -14.977802276611328, 16.805822372436523, 24.91316795349121, 60.222320556640625]], "lowlevel.gfcc.icov": [[0.0008081882260739803, -0.0006656157784163952, 0.0004883877700194716, -0.0002838025102391839, 0.0006851584184914827, -0.0009234279277734458, 0.0009069376392289996, -0.000814576807897538, 0.0008166160550899804, -0.0013887801906093955, 0.0019044256769120693, -0.0021263223607093096, 0.0011716557200998068], [-0.0006656157784163952, 0.0068650757893919945, -0.0004572735051624477, 0.0019435674184933305, -0.002455031033605337, 0.006508320104330778, -0.005044009070843458, 0.003050547558814287, -0.0018040210707113147, 0.004909499082714319, -0.00886780209839344, 0.008623023517429829, -0.006316580809652805], [0.0004883877700194716, -0.0004572735051624477, 0.004152374342083931, -0.0025810543447732925, 0.0005765219102613628, 3.697859210660681e-05, 0.000400584249291569, -0.0003594343434087932, 0.0018587657250463963, -0.0009146933443844318, 0.0016795091796666384, -0.0011992600047960877, 0.0016997677739709616], [-0.0002838025102391839, 0.0019435674184933305, -0.0025810543447732925, 0.011610055342316628, -0.005011667497456074, -0.0002726332750171423, 0.0026287802029401064, 0.0017257712315768003, -0.003965373616665602, 0.004521379247307777, -0.006869207601994276, 0.004600451793521643, -0.0042664422653615475], [0.0006851584184914827, -0.002455031033605337, 0.0005765219102613628, -0.005011667497456074, 0.01123686321079731, -0.005256706848740578, -0.0012640050845220685, 0.0025500620249658823, -0.002608634065836668, -0.001410076511092484, 0.006038172636181116, -0.005607648752629757, 0.0022821063175797462], [-0.0009234279277734458, 0.006508320104330778, 3.697859210660681e-05, -0.0002726332750171423, -0.005256706848740578, 0.021372847259044647, -0.011924510821700096, -0.0008433953626081347, 0.004589790012687445, 0.0027019158005714417, -0.008929139003157616, 0.007946372032165527, -0.0037229806184768677], [0.0009069376392289996, -0.005044009070843458, 0.000400584249291569, 0.0026287802029401064, -0.0012640050845220685, -0.011924510821700096, 0.02016722969710827, -0.01090402901172638, 0.001441720873117447, 0.004268012475222349, 0.0011170335346832871, -0.0026371306739747524, 0.0040649534203112125], [-0.000814576807897538, 0.003050547558814287, -0.0003594343434087932, 0.0017257712315768003, 0.0025500620249658823, -0.0008433953626081347, -0.01090402901172638, 0.026331352069973946, -0.014954527840018272, -0.0006685254047624767, 0.006502311676740646, -0.0031449096277356148, -0.0006182100041769445], [0.0008166160550899804, -0.0018040210707113147, 0.0018587657250463963, -0.003965373616665602, -0.002608634065836668, 0.004589790012687445, 0.001441720873117447, -0.014954527840018272, 0.027627207338809967, -0.01358829066157341, -0.0019863995257765055, 0.009650838561356068, -0.00534525653347373], [-0.0013887801906093955, 0.004909499082714319, -0.0009146933443844318, 0.004521379247307777, -0.001410076511092484, 0.0027019158005714417, 0.004268012475222349, -0.0006685254047624767, -0.01358829066157341, 0.031070729717612267, -0.01557889673858881, 0.000980402808636427, 0.004814810119569302], [0.0019044256769120693, -0.00886780209839344, 0.0016795091796666384, -0.006869207601994276, 0.006038172636181116, -0.008929139003157616, 0.0011170335346832871, 0.006502311676740646, -0.0019863995257765055, -0.01557889673858881, 0.035868581384420395, -0.021801410242915154, 0.007748907431960106], [-0.0021263223607093096, 0.008623023517429829, -0.0011992600047960877, 0.004600451793521643, -0.005607648752629757, 0.007946372032165527, -0.0026371306739747524, -0.0031449096277356148, 0.009650838561356068, 0.000980402808636427, -0.021801410242915154, 0.03598111495375633, -0.02022055722773075], [0.0011716557200998068, -0.006316580809652805, 0.0016997677739709616, -0.0042664422653615475, 0.0022821063175797462, -0.0037229806184768677, 0.0040649534203112125, -0.0006182100041769445, -0.00534525653347373, 0.004814810119569302, 0.007748907431960106, -0.02022055722773075, 0.032859474420547485]], "lowlevel.mfcc.cov": [[2277.052001953125, -389.1542663574219, -204.23727416992188, -251.64393615722656, -161.4235382080078, -130.63775634765625, -112.82907104492188, -73.52379608154297, -56.06228256225586, -28.174091339111328, -11.094001770019531, -12.707379341125488, 9.84459400177002], [-389.1542663574219, 414.88812255859375, -2.9498839378356934, 81.00438690185547, 2.0866782665252686, 11.645549774169922, 29.195602416992188, 9.613727569580078, 9.819472312927246, -2.513246536254883, 5.879234313964844, -2.2661359310150146, -14.265039443969727], [-204.23727416992188, -2.9498839378356934, 261.9072265625, 61.83253860473633, 31.681093215942383, 7.066372394561768, -4.500202655792236, -30.84218406677246, -36.789310455322266, -19.900815963745117, -10.230461120605469, -5.391211032867432, 10.406745910644531], [-251.64393615722656, 81.00438690185547, 61.83253860473633, 167.71766662597656, 91.52509307861328, 28.53410530090332, -21.28874397277832, -22.085962295532227, -9.38579273223877, -8.363947868347168, -9.402108192443848, 2.083050489425659, 20.097026824951172], [-161.4235382080078, 2.0866782665252686, 31.681093215942383, 91.52509307861328, 133.4385223388672, 45.1456184387207, -13.001788139343262, -14.81375503540039, -5.535711765289307, -2.7065272331237793, -7.717583656311035, 1.283761978149414, 19.950458526611328], [-130.63775634765625, 11.645549774169922, 7.066372394561768, 28.53410530090332, 45.1456184387207, 96.52555847167969, 65.32921600341797, 32.179805755615234, 0.862860381603241, -8.942659378051758, 1.954993724822998, 2.1221680641174316, -8.906391143798828], [-112.82907104492188, 29.195602416992188, -4.500202655792236, -21.28874397277832, -13.001788139343262, 65.32921600341797, 137.20225524902344, 88.221435546875, 23.61958122253418, -5.725125312805176, 5.649502754211426, 1.0101126432418823, -27.58484649658203], [-73.52379608154297, 9.613727569580078, -30.84218406677246, -22.085962295532227, -14.81375503540039, 32.179805755615234, 88.221435546875, 122.00958251953125, 62.209136962890625, 19.13699722290039, 0.5685003995895386, -3.3409340381622314, -17.431398391723633], [-56.06228256225586, 9.819472312927246, -36.789310455322266, -9.38579273223877, -5.535711765289307, 0.862860381603241, 23.61958122253418, 62.209136962890625, 102.38639068603516, 61.20425796508789, 16.171520233154297, -3.044156551361084, -14.218144416809082], [-28.174091339111328, -2.513246536254883, -19.900815963745117, -8.363947868347168, -2.7065272331237793, -8.942659378051758, -5.725125312805176, 19.13699722290039, 61.20425796508789, 89.19501495361328, 38.342979431152344, 5.68324613571167, -9.506592750549316], [-11.094001770019531, 5.879234313964844, -10.230461120605469, -9.402108192443848, -7.717583656311035, 1.954993724822998, 5.649502754211426, 0.5685003995895386, 16.171520233154297, 38.342979431152344, 60.17747497558594, 25.839683532714844, 3.102602958679199], [-12.707379341125488, -2.2661359310150146, -5.391211032867432, 2.083050489425659, 1.283761978149414, 2.1221680641174316, 1.0101126432418823, -3.3409340381622314, -3.044156551361084, 5.68324613571167, 25.839683532714844, 55.79750442504883, 30.617172241210938], [9.84459400177002, -14.265039443969727, 10.406745910644531, 20.097026824951172, 19.950458526611328, -8.906391143798828, -27.58484649658203, -17.431398391723633, -14.218144416809082, -9.506592750549316, 3.102602958679199, 30.617172241210938, 69.28471374511719]], "lowlevel.mfcc.icov": [[0.0006959993042983115, 0.0005308070103637874, 0.0004779257287736982, 0.0004380365426186472, 0.00039949719212017953, 0.0002882669505197555, 0.00026124215219169855, 0.0001790932728908956, 0.00025511093554086983, 0.0002341766667086631, -0.00010978434875141829, 0.0003326369042042643, -0.0001749542134348303], [0.0005308070103637874, 0.0034302384592592716, 0.0008293998544104397, -0.0022722205612808466, 0.0015195024898275733, 0.0008669009548611939, -0.0012169008841738105, 0.0007975252228789032, -0.00026944035198539495, 0.0006322667468339205, -0.0007247361354529858, 0.00045373389730229974, 0.00041880604112520814], [0.0004779257287736982, 0.0008293998544104397, 0.004914818797260523, -0.0017974107759073377, 0.00041282863821834326, 0.0010562068782746792, -0.0016418484738096595, 0.0012990158284083009, 0.0015675689792260528, -0.00042946351459249854, 8.876259380485862e-05, 0.0012159846955910325, -0.0007025221711955965], [0.0004380365426186472, -0.0022722205612808466, -0.0017974107759073377, 0.01292574591934681, -0.006914640311151743, -0.001490509370341897, 0.002807572251185775, -5.634108674712479e-05, -0.00072271260432899, 0.0007630720501765609, 0.000876645150128752, -0.00047228572657331824, -0.0009804642759263515], [0.00039949719212017953, 0.0015195024898275733, 0.00041282863821834326, -0.006914640311151743, 0.016216551885008812, -0.008071317337453365, 0.003051585517823696, 0.0009431418729946017, -0.0005051200278103352, -0.0014511727495118976, 0.0015445445897057652, 0.0014818861382082105, -0.003081871662288904], [0.0002882669505197555, 0.0008669009548611939, 0.0010562068782746792, -0.001490509370341897, -0.008071317337453365, 0.023171020671725273, -0.012699492275714874, 0.0014327738899737597, 0.001669877441599965, 0.0009627058752812445, -0.001737584127113223, -0.00024496117839589715, 0.0016790959052741528], [0.00026124215219169855, -0.0012169008841738105, -0.0016418484738096595, 0.002807572251185775, 0.003051585517823696, -0.012699492275714874, 0.02554241754114628, -0.0155955720692873, 0.0023595497477799654, 0.004458615556359291, -0.003660857677459717, -0.002822358161211014, 0.0053861928172409534], [0.0001790932728908956, 0.0007975252228789032, 0.0012990158284083009, -5.634108674712479e-05, 0.0009431418729946017, 0.0014327738899737597, -0.0155955720692873, 0.02563714049756527, -0.012944736517965794, 0.0006953387055546045, 0.004301532171666622, 0.0008205941994674504, -0.003002800978720188], [0.00025511093554086983, -0.00026944035198539495, 0.0015675689792260528, -0.00072271260432899, -0.0005051200278103352, 0.001669877441599965, 0.0023595497477799654, -0.012944736517965794, 0.02719557099044323, -0.016374433413147926, 0.002746536862105131, 0.000807874312158674, 0.0007793669938109815], [0.0002341766667086631, 0.0006322667468339205, -0.00042946351459249854, 0.0007630720501765609, -0.0014511727495118976, 0.0009627058752812445, 0.004458615556359291, 0.0006953387055546045, -0.016374433413147926, 0.02988114021718502, -0.01620369404554367, 0.0018419257830828428, 0.003083182033151388], [-0.00010978434875141829, -0.0007247361354529858, 8.876259380485862e-05, 0.000876645150128752, 0.0015445445897057652, -0.001737584127113223, -0.003660857677459717, 0.004301532171666622, 0.002746536862105131, -0.01620369404554367, 0.03292037546634674, -0.014068236574530602, 0.0016382797621190548], [0.0003326369042042643, 0.00045373389730229974, 0.0012159846955910325, -0.00047228572657331824, 0.0014818861382082105, -0.00024496117839589715, -0.002822358161211014, 0.0008205941994674504, 0.000807874312158674, 0.0018419257830828428, -0.014068236574530602, 0.03270842507481575, -0.014780398458242416], [-0.0001749542134348303, 0.00041880604112520814, -0.0007025221711955965, -0.0009804642759263515, -0.003081871662288904, 0.0016790959052741528, 0.0053861928172409534, -0.003002800978720188, 0.0007793669938109815, 0.003083182033151388, 0.0016382797621190548, -0.014780398458242416, 0.02446756884455681]], "metadata.audio_properties.analysis.downmix": "mix", "metadata.audio_properties.codec": "mp3", "metadata.audio_properties.md5_encoded": "b9885902d6c3cf84f2841c2747ff848b", "metadata.tags.file_name": "1183683812039868426.mp3", "metadata.version.essentia": "2.1-beta6-dev", "metadata.version.essentia_git_sha": "v2.1_beta5-1110-g77a6a954", "metadata.version.extractor": "music 2.0", "tonal.chords_key": "G", "tonal.chords_scale": "minor", "tonal.key_edma.key": "Ab", "tonal.key_edma.scale": "major", "tonal.key_krumhansl.key": "C", "tonal.key_krumhansl.scale": "minor", "tonal.key_temperley.key": "C", "tonal.key_temperley.scale": "minor", "metadata.tags.encoding": ["Lavf58.45.100"]}, "essentia_models": [{"model_name": "genre_dortmund", "activations": {"alternative": "0.0071760616", "blues": "0.0003713255", "electronic": "1.9427891e-05", "folkcountry": "5.903437e-05", "funksoulrnb": "0.00042127757", "jazz": "3.540756e-05", "pop": "0.0002085815", "raphiphop": "1.1274185e-05", "rock": "0.98727363"}}, {"model_name": "genre_rosamerica", "activations": {"classic": 