{"song_id": "1183650299412496444", "download": "https://cdn.discordapp.com/attachments/1135903449314238464/1183650299412496444/chirp.mp4?ex=65891b3e&amp", "lyrics": "\u725b\u5976\u7684\u5473\u9053\uff0c\u5982\u4e1d\u6ed1\u751c\u871c\u821e\u8e48\uff0c\n\u5507\u9f7f\u95f4\u821e\u52a8\uff0c\u9877\u523b\u95f4\u5fc3\u6249\u655e\u5f00\u3002\n\u7ec6\u817b\u6ecb\u5473\uff0c\u5982\u8bd7\u7bc7\u7f16\u7ec7\uff0c\n\u9c9c\u5976\u53e3\u611f\uff0c\u662f\u7231\u610f\u7684\u65cb\u5f8b\u3002", "style": ["Chinese pop"], "essentia_features": {"lowlevel.average_loudness": 0.9766466021537781, "lowlevel.barkbands_crest.mean": 13.0235595703125, "lowlevel.barkbands_crest.stdev": 4.843693733215332, "lowlevel.barkbands_flatness_db.mean": 0.19196122884750366, "lowlevel.barkbands_flatness_db.stdev": 0.05779596418142319, "lowlevel.barkbands_kurtosis.mean": 9.208187103271484, "lowlevel.barkbands_kurtosis.stdev": 14.290218353271484, "lowlevel.barkbands_skewness.mean": 2.1159887313842773, "lowlevel.barkbands_skewness.stdev": 1.68000066280365, "lowlevel.barkbands_spread.mean": 20.028371810913086, "lowlevel.barkbands_spread.stdev": 17.4628849029541, "lowlevel.dissonance.mean": 0.4457857608795166, "lowlevel.dissonance.stdev": 0.03934844210743904, "lowlevel.dynamic_complexity": 1.9403592348098755, "lowlevel.erbbands_crest.mean": 13.642967224121094, "lowlevel.erbbands_crest.stdev": 6.791829586029053, "lowlevel.erbbands_flatness_db.mean": 0.1887841522693634, "lowlevel.erbbands_flatness_db.stdev": 0.0596124492585659, "lowlevel.erbbands_kurtosis.mean": 3.9127399921417236, "lowlevel.erbbands_kurtosis.stdev": 7.3940510749816895, "lowlevel.erbbands_skewness.mean": 1.2033400535583496, "lowlevel.erbbands_skewness.stdev": 1.1117579936981201, "lowlevel.erbbands_spread.mean": 35.39296340942383, "lowlevel.erbbands_spread.stdev": 22.338991165161133, "lowlevel.hfc.mean": 28.90573501586914, "lowlevel.hfc.stdev": 23.713476181030273, "lowlevel.loudness_ebu128.integrated": -14.410837173461914, "lowlevel.loudness_ebu128.loudness_range": 0.5904684066772461, "lowlevel.loudness_ebu128.momentary.mean": -14.578324317932129, "lowlevel.loudness_ebu128.momentary.stdev": 1.2767325639724731, "lowlevel.loudness_ebu128.short_term.mean": -14.460245132446289, "lowlevel.loudness_ebu128.short_term.stdev": 0.19074499607086182, "lowlevel.melbands_crest.mean": 19.817996978759766, "lowlevel.melbands_crest.stdev": 8.036330223083496, "lowlevel.melbands_flatness_db.mean": 0.22804507613182068, "lowlevel.melbands_flatness_db.stdev": 0.07938127219676971, "lowlevel.melbands_kurtosis.mean": 23.205564498901367, "lowlevel.melbands_kurtosis.stdev": 35.26631546020508, "lowlevel.melbands_skewness.mean": 3.105196237564087, "lowlevel.melbands_skewness.stdev": 2.3284895420074463, "lowlevel.melbands_spread.mean": 22.45198631286621, "lowlevel.melbands_spread.stdev": 26.148611068725586, "lowlevel.pitch_salience.mean": 0.48226839303970337, "lowlevel.pitch_salience.stdev": 0.16123324632644653, "lowlevel.silence_rate_20dB.mean": 1.0, "lowlevel.silence_rate_20dB.stdev": 0.0, "lowlevel.silence_rate_30dB.mean": 0.9045307636260986, "lowlevel.silence_rate_30dB.stdev": 0.29386138916015625, "lowlevel.silence_rate_60dB.mean": 0.025889968499541283, "lowlevel.silence_rate_60dB.stdev": 0.1588074266910553, "lowlevel.spectral_centroid.mean": 1377.0457763671875, "lowlevel.spectral_centroid.stdev": 837.3483276367188, "lowlevel.spectral_complexity.mean": 13.656957626342773, "lowlevel.spectral_complexity.stdev": 9.070317268371582, "lowlevel.spectral_decrease.mean": -1.1064623883783042e-08, "lowlevel.spectral_decrease.stdev": 1.0948861373094587e-08, "lowlevel.spectral_energy.mean": 0.044382303953170776, "lowlevel.spectral_energy.stdev": 0.04158193618059158, "lowlevel.spectral_energyband_high.mean": 0.0016835727728903294, "lowlevel.spectral_energyband_high.stdev": 0.0026114266365766525, "lowlevel.spectral_energyband_low.mean": 0.024295764043927193, "lowlevel.spectral_energyband_low.stdev": 0.038674164563417435, "lowlevel.spectral_energyband_middle_high.mean": 0.006845830008387566, "lowlevel.spectral_energyband_middle_high.stdev": 0.00905813928693533, "lowlevel.spectral_energyband_middle_low.mean": 0.013791460543870926, "lowlevel.spectral_energyband_middle_low.stdev": 0.01686667650938034, "lowlevel.spectral_entropy.mean": 7.603192329406738, "lowlevel.spectral_entropy.stdev": 0.45308613777160645, "lowlevel.spectral_flux.mean": 0.11138846725225449, "lowlevel.spectral_flux.stdev": 0.07903604209423065, "lowlevel.spectral_kurtosis.mean": 2.520095109939575, "lowlevel.spectral_kurtosis.stdev": 1.760406494140625, "lowlevel.spectral_rms.mean": 0.005949166603386402, "lowlevel.spectral_rms.stdev": 0.00281198020093143, "lowlevel.spectral_rolloff.mean": 1695.8973388671875, "lowlevel.spectral_rolloff.stdev": 2295.608154296875, "lowlevel.spectral_skewness.mean": 1.4337352514266968, "lowlevel.spectral_skewness.stdev": 0.43331512808799744, "lowlevel.spectral_spread.mean": 6620809.0, "lowlevel.spectral_spread.stdev": 1731516.875, "lowlevel.spectral_strongpeak.mean": 1.6099940538406372, "lowlevel.spectral_strongpeak.stdev": 1.6694189310073853, "lowlevel.zerocrossingrate.mean": 0.07398329675197601, "lowlevel.zerocrossingrate.stdev": 0.05591413378715515, "metadata.audio_properties.analysis.equal_loudness": 0.0, "metadata.audio_properties.analysis.length": 14.314648628234863, "metadata.audio_properties.analysis.sample_rate": 44100.0, "metadata.audio_properties.analysis.start_time": 0.0, "metadata.audio_properties.bit_rate": 116829.0, "metadata.audio_properties.length": 14.314666748046875, "metadata.audio_properties.lossless": 0.0, "metadata.audio_properties.number_channels": 1.0, "metadata.audio_properties.replay_gain": -11.695890426635742, "metadata.audio_properties.sample_rate": 48000.0, "rhythm.beats_count": 36.0, "rhythm.beats_loudness.mean": 0.05749356746673584, "rhythm.beats_loudness.stdev": 0.041621580719947815, "rhythm.bpm": 152.15614318847656, "rhythm.bpm_histogram_first_peak_bpm": 152.0, "rhythm.bpm_histogram_first_peak_weight": 0.03448277711868286, "rhythm.bpm_histogram_second_peak_bpm": 161.0, "rhythm.bpm_histogram_second_peak_spread": 0.40000003576278687, "rhythm.bpm_histogram_second_peak_weight": 0.08571428805589676, "rhythm.danceability": 1.9472577571868896, "rhythm.onset_rate": 4.327580451965332, "tonal.chords_changes_rate": 0.08709677308797836, "tonal.chords_number_rate": 0.019354838877916336, "tonal.chords_strength.mean": 0.44068124890327454, "tonal.chords_strength.stdev": 0.054607972502708435, "tonal.hpcp_crest.mean": 17.260902404785156, "tonal.hpcp_crest.stdev": 7.633023262023926, "tonal.hpcp_entropy.mean": 1.4752079248428345, "tonal.hpcp_entropy.stdev": 0.655777096748352, "tonal.key_edma.strength": 0.6014829277992249, "tonal.key_krumhansl.strength": 0.5973761677742004, "tonal.key_temperley.strength": 0.59331214427948, "tonal.tuning_diatonic_strength": 0.5338209867477417, "tonal.tuning_equal_tempered_deviation": 0.2650817930698395, "tonal.tuning_frequency": 434.193115234375, "tonal.tuning_nontempered_energy_ratio": 0.9550833702087402, "lowlevel.barkbands.mean": [0.003149146679788828, 0.014669721946120262, 0.00472467252984643, 0.002785534830763936, 0.0012399773113429546, 0.0026742923073470592, 0.0004020795167889446, 0.0008418564684689045, 0.004637562669813633, 0.0020407915581017733, 0.0028606089763343334, 0.000909112102817744, 0.0003058847796637565, 0.00028402998577803373, 0.0004354612610768527, 0.00023408983543049544, 0.00012706844427157193, 0.00012092156248399988, 0.00018734294280875474, 0.0001498792989877984, 0.0004114810435567051, 0.00024438570835627615, 0.00012843735748901963, 0.00035094577469863, 0.00041600040276534855, 5.089105980005115e-05, 1.2935667825786368e-07], "lowlevel.barkbands.stdev": [0.006366990506649017, 0.02514851838350296, 0.017120515927672386, 0.01072679553180933, 0.0030722327064722776, 0.0038749082013964653, 0.0011894877534359694, 0.0020079687237739563, 0.007612636778503656, 0.00537332845851779, 0.006089010741561651, 0.002130806678906083, 0.0006263241521082819, 0.0007392524858005345, 0.0007452431600540876, 0.00047825477668084204, 0.00034949774271808565, 0.00035774303250946105, 0.0003225584514439106, 0.0003437254636082798, 0.0005863342084921896, 0.0004834517021663487, 0.00030338982469402254, 0.0007708434131927788, 0.0007233134238049388, 9.842664439929649e-05, 6.873791562611586e-07], "lowlevel.erbbands.mean": [0.7190278172492981, 2.129016876220703, 4.2431559562683105, 9.870219230651855, 5.132187366485596, 3.752207040786743, 13.272168159484863, 23.060483932495117, 8.931136131286621, 9.052486419677734, 30.806331634521484, 114.03484344482422, 87.84992980957031, 83.95558166503906, 94.17252349853516, 36.262603759765625, 16.099777221679688, 17.0074462890625, 19.375244140625, 19.197647094726562, 10.466545104980469, 7.472970485687256, 6.425105571746826, 8.856200218200684, 8.65714168548584, 7.269725799560547, 12.772903442382812, 16.51349449157715, 10.48883056640625, 4.724032402038574, 3.669084072113037, 4.608374118804932, 7.603890895843506, 6.257290363311768, 1.880536675453186, 0.3864345848560333, 0.06321555376052856, 0.0042803226970136166, 0.00014060951070860028, 6.352815398713574e-05], "lowlevel.erbbands.stdev": [1.289605975151062, 4.256180286407471, 13.37224292755127, 37.04426193237305, 18.747156143188477, 8.496063232421875, 22.12394905090332, 36.931400299072266, 23.81850242614746, 31.341707229614258, 56.974761962890625, 194.97064208984375, 215.25070190429688, 243.13687133789062, 187.00833129882812, 74.44219970703125, 26.820615768432617, 41.02642059326172, 36.356597900390625, 32.5140495300293, 20.70299530029297, 20.374134063720703, 19.111431121826172, 17.781448364257812, 15.5203857421875, 16.445209503173828, 18.11380386352539, 24.95012664794922, 20.023948669433594, 10.537400245666504, 8.648659706115723, 12.78476333618164, 15.889104843139648, 11.060484886169434, 3.1482200622558594, 0.7097954750061035, 0.13466571271419525, 0.00992878619581461, 0.00023155214148573577, 4.9101054173661396e-05], "lowlevel.gfcc.mean": [-5.286185264587402, 51.40223693847656, -123.48653411865234, 6.405953884124756, -87.0230484008789, 26.95172882080078, -35.5974006652832, 19.430635452270508, -32.14440155029297, 14.63879680633545, -17.014076232910156, 1.718137264251709, 13.304553031921387], "lowlevel.melbands.mean": [0.005174598656594753, 0.002437847899273038, 0.0015062688617035747, 0.0002634076226968318, 0.0004076253098901361, 0.000505949545186013, 0.00011931409244425595, 9.990065154852346e-05, 0.0002928208268713206, 0.0007701547001488507, 0.000405185972340405, 0.0003029185172636062, 0.00031906968797557056, 0.00015416150563396513, 5.025546852266416e-05, 3.4845725167542696e-05, 2.9721852115471847e-05, 2.8059506803401746e-05, 3.014794310729485e-05, 2.2097054170444608e-05, 9.880132893158589e-06, 8.017515028768685e-06, 6.263115210458636e-06, 5.224144842941314e-06, 7.312998150155181e-06, 7.278352768480545e-06, 4.882911071035778e-06, 4.615288617060287e-06, 6.426023446692852e-06, 1.1031470421585254e-05, 8.942702152126003e-06, 6.719084922224283e-06, 3.2669693155185087e-06, 2.349187980144052e-06, 2.044547272816999e-06, 2.0917482288496103e-06, 3.0839198643661803e-06, 4.954285486746812e-06, 6.170063443278195e-06, 5.155413873580983e-06], "lowlevel.melbands.stdev": [0.008857875131070614, 0.005975591950118542, 0.005510583985596895, 0.000799525820184499, 0.0006396971293725073, 0.0007694130181334913, 0.0003193992597516626, 0.0003657843335531652, 0.0005779816419817507, 0.0013544646790251136, 0.0010676406091079116, 0.0009277310455217957, 0.0006263182731345296, 0.00033791386522352695, 8.710809197509661e-05, 7.744112372165546e-05, 7.765410555293784e-05, 5.751648859586567e-05, 5.4335687309503555e-05, 4.135126800974831e-05, 2.3351400159299374e-05, 2.2219801394385286e-05, 1.933231578732375e-05, 1.540613448014483e-05, 1.476146007917123e-05, 1.2860746210208163e-05, 1.0251193998556118e-05, 1.1590203030209523e-05, 1.0098997336172033e-05, 1.7752363419276662e-05, 1.3512115401681513e-05, 1.2694954421021976e-05, 7.725948307779618e-06, 5.500087809195975e-06, 4.6358618419617414e-06, 6.046528596925782e-06, 8.705530490260571e-06, 1.1117533176729921e-05, 1.190744478662964e-05, 8.996219548862427e-06], "lowlevel.melbands128.mean": [0.0028970963321626186, 0.007047413382679224, 0.005479504354298115, 0.0028930450789630413, 0.0017491194885224104, 0.002684196224436164, 0.0023044345434755087, 0.0010392757831141353, 0.0004523964016698301, 0.00016638038505334407, 0.0001733997924020514, 0.00026916791102848947, 0.00043467298382893205, 0.0006337316008284688, 0.0006431988440454006, 0.0003717968356795609, 0.00018872080545406789, 6.012173253111541e-05, 4.6196975745260715e-05, 0.00010399463644716889, 0.0001305195619352162, 7.345229823840782e-05, 0.0003771962656173855, 0.00041776755824685097, 0.0006692433962598443, 0.0011548004113137722, 0.0004067704139743, 0.0005066011799499393, 0.0001511029404355213, 0.0001259069103980437, 0.0005407874705269933, 0.00030811954638920724, 0.00021684044622816145, 0.0004767865175381303, 0.00013312372902873904, 9.984276402974501e-05, 7.75174776208587e-05, 6.061853127903305e-05, 1.8900202121585608e-05, 2.9315315259736963e-05, 4.5819568185834214e-05, 2.7619673346634954e-05, 3.8666592445224524e-05, 2.4432716600131243e-05, 1.578148476255592e-05, 3.4838645660784096e-05, 3.4972017601830885e-05, 3.0242443244787864e-05, 3.0308008717838675e-05, 2.12700069823768e-05, 2.640014463395346e-05, 1.631519444345031e-05, 8.665733730595093e-06, 8.361089385289233e-06, 8.156595868058503e-06, 9.319493074144702e-06, 6.3817078626016155e-06, 5.6724143178144e-06, 7.016337349341484e-06, 6.073249551263871e-06, 3.718155539900181e-06, 4.754939254780766e-06, 9.90321859717369e-06, 6.4172550082730595e-06, 6.347080670821015e-06, 8.882597285264637e-06, 6.952246167202247e-06, 4.284031547285849e-06, 4.727534815174295e-06, 5.266001608106308e-06, 4.058905233250698e-06, 4.710102530225413e-06, 4.959466878062813e-06, 6.141157427919097e-06, 9.019564458867535e-06, 1.0226102858723607e-05, 1.415127917425707e-05, 8.952168172982056e-06, 9.453229722566903e-06, 6.481417585746385e-06, 8.080956831690855e-06, 6.4625910454196855e-06, 4.123236067243852e-06, 2.918990730904625e-06, 2.615375478853821e-06, 2.3541560949524865e-06, 2.3245816009875853e-06, 2.1474929781106766e-06, 1.965443289009272e-06, 2.0098996174056083e-06, 2.1080250007798895e-06, 1.95737538888352e-06, 2.3375491764454637e-06, 2.84656698568142e-06, 3.6253445614420343e-06, 4.463445748115191e-06, 5.107157448946964e-06, 5.876378054381348e-06, 6.716249117744155e-06, 5.973935458314372e-06, 5.367891844798578e-06, 5.109522135171574e-06, 5.042586963099893e-06, 3.1063493679539533e-06, 1.5333849887610995e-06, 1.0748989325293223e-06, 9.598186352377525e-07, 9.337007327303581e-07, 5.891309342587192e-07, 4.0055374483927153e-07, 2.7059505214310775e-07, 1.872126915714034e-07, 2.1314616560630384e-07, 1.2192305121061509e-07, 6.981621680779426e-08, 2.6598391045240533e-08, 6.088890280864234e-09, 6.834199872685076e-10, 5.832301221836422e-12, 5.634589583108918e-12, 5.475835496843162e-12, 5.3568070118581446e-12, 5.229314377352967e-12, 5.142199600155495e-12, 5.018296975883851e-12, 4.893430279040434e-12, 4.814274413150743e-12, 4.779273331256828e-12], "lowlevel.melbands128.stdev": [0.005877027753740549, 0.013216507621109486, 0.010268166661262512, 0.006501792464405298, 0.005130301229655743, 0.010004684329032898, 0.008871997706592083, 0.0040344782173633575, 0.0017150711501017213, 0.0005606648046523333, 0.00044597999658435583, 0.0006009798962622881, 0.000859459163621068, 0.0011941288830712438, 0.0012232144363224506, 0.0008250806713476777, 0.0006954126292839646, 0.0002232273982372135, 0.0001510769361630082, 0.0004660638514906168, 0.0005222945474088192, 0.0002232199622085318, 0.0008743844227865338, 0.0010045566596090794, 0.0013091317377984524, 0.0024964537005871534, 0.0014260036405175924, 0.0018646795069798827, 0.0006630313582718372, 0.00044272426748648286, 0.0020002976525574923, 0.0010744784958660603, 0.0006863008020445704, 0.0011922483099624515, 0.0004407665692269802, 0.00041367998346686363, 0.00019875302677974105, 0.00013101841614115983, 5.1365197577979416e-05, 6.483737524831668e-05, 0.0001266313629457727, 0.00011028029257431626, 0.0001321858144365251, 6.106055661803111e-05, 4.8381887609139085e-05, 9.287620196118951e-05, 8.621031156508252e-05, 8.652351971250027e-05, 8.09769262559712e-05, 5.345646059140563e-05, 7.03477198840119e-05, 3.404806921025738e-05, 2.5573239327059127e-05, 2.7715761461877264e-05, 2.3781216441420838e-05, 2.9102066037012264e-05, 1.9915243683499284e-05, 1.883028198790271e-05, 2.3726339350105263e-05, 2.0507994122453965e-05, 1.3669751751876902e-05, 1.6516951291123405e-05, 2.4335427951882593e-05, 1.2325771422183607e-05, 1.3558302271121647e-05, 1.6401805623900145e-05, 1.4170486792863812e-05, 1.089220131689217e-05, 1.0470806955709122e-05, 1.3801267414237373e-05, 1.2067107491020579e-05, 1.5086397070263047e-05, 1.1700031791406218e-05, 9.942387805494945e-06, 1.4980038031353615e-05, 1.6239608157775365e-05, 2.963760562124662e-05, 1.5068694665387738e-05, 1.6126698028529063e-05, 1.1326511412335094e-05, 1.5586079825880006e-05, 1.433255420124624e-05, 1.094411618396407e-05, 7.209695922938408e-06, 6.427355401683599e-06, 5.965385753370356e-06, 6.220895102160284e-06, 5.3189523896435276e-06, 4.491801973927068e-06, 5.2568061619240325e-06, 6.277026386669604e-06, 5.728636097046547e-06, 8.338376574101858e-06, 9.540546670905314e-06, 9.458938620809931e-06, 1.1011474271072075e-05, 1.2971765499969479e-05, 1.2472583875933196e-05, 1.3415860848908778e-05, 1.2063723261235282e-05, 9.243171916750725e-06, 9.57822885538917e-06, 9.874645911622792e-06, 5.521144430531422e-06, 2.967126647490659e-06, 2.1140142507647397e-06, 1.8262788898937288e-06, 1.6553550494791125e-06, 1.2140505987190409e-06, 1.0871723361560726e-06, 7.979489282661234e-07, 4.930785166834539e-07, 5.009199526284647e-07, 2.9657712730113417e-07, 1.9374840576347196e-07, 9.426673841517186e-08, 3.202199039264997e-08, 5.569809058414421e-09, 9.164934436367567e-12, 8.904051974900629e-12, 8.664242934219857e-12, 8.472847423668384e-12, 8.27868849861968e-12, 8.150289471098304e-12, 8.007556423494933e-12, 7.902356720379533e-12, 7.827342073107868e-12, 7.780574795557271e-12], "lowlevel.mfcc.mean": [-650.3721313476562, 89.07122039794922, 6.752517223358154, -12.041077613830566, -16.55954360961914, -3.6759965419769287, 10.197737693786621, -11.74941349029541, 17.712007522583008, -8.243757247924805, -0.6878150701522827, -7.581514358520508, -1.3982793092727661], "lowlevel.spectral_contrast_coeffs.mean": [-0.6754025220870972, -0.6833959817886353, -0.6907172799110413, -0.7936071753501892, -0.8020868301391602, -0.7360489964485168], "lowlevel.spectral_contrast_coeffs.stdev": [0.12622322142124176, 0.08735401183366776, 0.09795453399419785, 0.0519542470574379, 0.03674191236495972, 0.05854294076561928], "lowlevel.spectral_contrast_valleys.mean": [-7.851476192474365, -7.12587308883667, -7.377310276031494, -7.780707836151123, -7.815598011016846, -9.867183685302734], "lowlevel.spectral_contrast_valleys.stdev": [1.6242284774780273, 0.7136773467063904, 0.6103885173797607, 0.6440636515617371, 0.7055841088294983, 0.9560744166374207], "rhythm.beats_loudness_band_ratio.mean": [0.32993340492248535, 0.05891241505742073, 0.23524172604084015, 0.2316383272409439, 0.06450068205595016, 0.08729277551174164], "rhythm.beats_loudness_band_ratio.stdev": [0.3648627996444702, 0.05248154699802399, 0.24911440908908844, 0.2282000482082367, 0.07457786798477173, 0.141763836145401], "tonal.hpcp.mean": [0.029917698353528976, 0.03354477137327194, 0.048638634383678436, 0.08951648324728012, 0.0870288833975792, 0.03881044685840607, 0.02879607304930687, 0.043862584978342056, 0.06608174741268158, 0.1973610818386078, 0.26069238781929016, 0.14938898384571075, 0.07991301268339157, 0.07901722937822342, 0.08382196724414825, 0.08847914636135101, 0.08782540261745453, 0.08272076398134232, 0.1677570939064026, 0.19731862843036652, 0.1063850149512291, 0.056363850831985474, 0.04293554648756981, 0.07285106927156448, 0.2768670916557312, 0.3754764497280121, 0.172355055809021, 0.030923938378691673, 0.03051554411649704, 0.05560041218996048, 0.09491860121488571, 0.0859794020652771, 0.057645127177238464, 0.05242069065570831, 0.03509228304028511, 0.027551107108592987], "tonal.hpcp.stdev": [0.08883623778820038, 0.10899171233177185, 0.1513114869594574, 0.21590179204940796, 0.20048673450946808, 0.10591881722211838, 0.09342257678508759, 0.14704447984695435, 0.16935212910175323, 0.2847662568092346, 0.3302558660507202, 0.24631096422672272, 0.20450948178768158, 0.21594996750354767, 0.21606256067752838, 0.21590888500213623, 0.22101359069347382, 0.18328140676021576, 0.27921009063720703, 0.3193494975566864, 0.21257948875427246, 0.16488851606845856, 0.13995741307735443, 0.16919352114200592, 0.32744842767715454, 0.40768375992774963, 0.2457147240638733, 0.09748785942792892, 0.10247041285037994, 0.1603221297264099, 0.2233128547668457, 0.19909000396728516, 0.17475056648254395, 0.16818667948246002, 0.11621595919132233, 0.08563268929719925], "rhythm.beats_position": [0.3482993245124817, 0.7082086205482483, 1.0797278881072998, 1.4512470960617065, 1.8227664232254028, 2.2058956623077393, 2.600634813308716, 2.9953742027282715, 3.390113353729248, 3.7848525047302246, 4.179591655731201, 4.574330806732178, 4.9690704345703125, 5.363809585571289, 5.758548736572266, 6.153287887573242, 6.548027038574219, 6.942766189575195, 7.337505340576172, 7.720634937286377, 8.115373611450195, 8.521722793579102, 8.916461944580078, 9.311202049255371, 9.705941200256348, 10.100680351257324, 10.4954195022583, 10.890158653259277, 11.284897804260254, 11.67963695526123, 12.074376106262207, 12.469115257263184, 12.86385440826416, 13.258593559265137, 13.653332710266113, 14.04807186126709], "rhythm.bpm_histogram": [0.0, 0.0, 0.0, 0.0, 0.0, 0.0, 0.0, 0.0, 0.0, 0.0, 0.0, 0.0, 0.0, 0.0, 0.0, 0.0, 0.0, 0.0, 0.0, 0.0, 0.0, 0.0, 0.0, 0.0, 0.0, 0.0, 0.0, 0.0, 0.0, 0.0, 0.0, 0.0, 0.0, 0.0, 0.0, 0.0, 0.0, 0.0, 0.0, 0.0, 0.0, 0.0, 0.0, 0.0, 0.0, 0.0, 0.0, 0.0, 0.0, 0.0, 0.0, 0.0, 0.0, 0.0, 0.0, 0.0, 0.0, 0.0, 0.0, 0.0, 0.0, 0.0, 0.0, 0.0, 0.0, 0.0, 0.0, 0.0, 0.0, 0.0, 0.0, 0.0, 0.0, 0.0, 0.0, 0.0, 0.0, 0.0, 0.0, 0.0, 0.0, 0.0, 0.0, 0.0, 0.0, 0.0, 0.0, 0.0, 0.0, 0.0, 0.0, 0.0, 0.0, 0.0, 0.0, 0.0, 0.0, 0.0, 0.0, 0.0, 0.0, 0.0, 0.0, 0.0, 0.0, 0.0, 0.0, 0.0, 0.0, 0.0, 0.0, 0.0, 0.0, 0.0, 0.0, 0.0, 0.0, 0.0, 0.0, 0.0, 0.0, 0.0, 0.0, 0.0, 0.0, 0.0, 0.0, 0.0, 0.0, 0.0, 0.0, 0.0, 0.0, 0.0, 0.0, 0.0, 0.0, 0.0, 0.0, 0.0, 0.0, 0.0, 0.0, 0.0, 0.0, 0.0, 0.0, 0.0, 0.02857142873108387, 0.0, 0.0, 0.0, 0.800000011920929, 0.0, 0.0, 0.0, 0.0, 0.05714285746216774, 0.0, 0.0, 0.0, 0.08571428805589676, 0.0, 0.0, 0.0, 0.0, 0.0, 0.02857142873108387, 0.0, 0.0, 0.0, 0.0, 0.0, 0.0, 0.0, 0.0, 0.0, 0.0, 0.0, 0.0, 0.0, 0.0, 0.0, 0.0, 0.0, 0.0, 0.0, 0.0, 0.0, 0.0, 0.0, 0.0, 0.0, 0.0, 0.0, 0.0, 0.0, 0.0, 0.0, 0.0, 0.0, 0.0, 0.0, 0.0, 0.0, 0.0, 0.0, 0.0, 0.0, 0.0, 0.0, 0.0, 0.0, 0.0, 0.0, 0.0, 0.0, 0.0, 0.0, 0.0, 0.0, 0.0, 0.0, 0.0, 0.0, 0.0, 0.0, 0.0, 0.0, 0.0, 0.0, 0.0, 0.0, 0.0, 0.0, 0.0, 0.0, 0.0, 0.0, 0.0, 0.0, 0.0, 0.0, 0.0, 0.0, 0.0, 0.0, 0.0, 0.0, 0.0], "tonal.chords_histogram": [16.129032135009766, 0.32258063554763794, 16.45161247253418, 0.0, 0.0, 0.0, 0.0, 0.0, 0.0, 0.0, 0.0, 0.0, 0.0, 0.0, 0.0, 0.0, 0.0, 0.9677419066429138, 0.0, 38.3870964050293, 7.7419352531433105, 17.419355392456055, 2.5806450843811035, 0.0], "tonal.thpcp": [1.0, 0.45903027057647705, 0.0823591947555542, 0.08127152919769287, 0.14807961881160736, 0.25279510021209717, 0.22898747026920319, 0.15352527797222137, 0.1396111249923706, 0.09346067905426025, 0.07337639480829239, 0.07967929542064667, 0.08933921158313751, 0.12953844666481018, 0.23840771615505219, 0.23178254067897797, 0.10336320102214813, 0.07669208943843842, 0.11681847274303436, 0.1759943813085556, 0.525628387928009, 0.6942975521087646, 0.3978651165962219, 0.21283096075057983, 0.21044524013996124, 0.22324161231517792, 0.23564499616622925, 0.2339038848876953, 0.2203087955713272, 0.4467845857143402, 0.5255153179168701, 0.2833333909511566, 0.15011288225650787, 0.11434950679540634, 0.194022998213768, 0.7373753786087036], "lowlevel.gfcc.cov": [[3111.166015625, 477.20440673828125, 773.0226440429688, 846.6638793945312, 474.4037170410156, 365.841552734375, 259.8612060546875, 199.9583740234375, 136.36660766601562, -28.103164672851562, -16.78672218322754, -76.7829818725586, -201.80853271484375], [477.20440673828125, 2198.443359375, 1221.578125, 729.3912963867188, 892.2305297851562, 443.8545837402344, 472.14495849609375, 203.5562744140625, 319.3606262207031, -25.006006240844727, 57.50504684448242, -211.4537811279297, -32.09400177001953], [773.0226440429688, 1221.578125, 1801.0599365234375, 1102.1102294921875, 616.3463745117188, 502.8403625488281, 371.3180236816406, 310.7442626953125, 358.10174560546875, 26.529420852661133, 61.12538528442383, -154.5965576171875, -171.6333770751953], [846.6638793945312, 729.3912963867188, 1102.1102294921875, 1074.5556640625, 572.2714233398438, 420.0938720703125, 331.15380859375, 274.24212646484375, 326.91937255859375, -8.691408157348633, 75.8780288696289, -95.89369201660156, -176.89959716796875], [474.4037170410156, 892.2305297851562, 616.3463745117188, 572.2714233398438, 717.2239379882812, 393.1006774902344, 348.6657409667969, 235.00843811035156, 252.2698974609375, 56.98356628417969, 90.96719360351562, -41.07302474975586, -73.84862518310547], [365.841552734375, 443.8545837402344, 502.8403625488281, 420.0938720703125, 393.1006774902344, 438.29083251953125, 318.41436767578125, 138.8207244873047, 174.48617553710938, 78.63249969482422, 78.36764526367188, -38.222755432128906, -42.504669189453125], [259.8612060546875, 472.14495849609375, 371.3180236816406, 331.15380859375, 348.6657409667969, 318.41436767578125, 413.1897888183594, 200.15599060058594, 183.8362274169922, 83.89067840576172, 57.91965866088867, -26.241079330444336, 36.788551330566406], [199.9583740234375, 203.5562744140625, 310.7442626953125, 274.24212646484375, 235.00843811035156, 138.8207244873047, 200.15599060058594, 274.0198669433594, 178.62750244140625, 71.55345916748047, 50.10322570800781, -0.2184070348739624, 16.870573043823242], [136.36660766601562, 319.3606262207031, 358.10174560546875, 326.91937255859375, 252.2698974609375, 174.48617553710938, 183.8362274169922, 178.62750244140625, 256.84014892578125, 66.04815673828125, 54.90032958984375, -7.55918025970459, -9.250347137451172], [-28.103164672851562, -25.006006240844727, 26.529420852661133, -8.691408157348633, 56.98356628417969, 78.63249969482422, 83.89067840576172, 71.55345916748047, 66.04815673828125, 160.97206115722656, 72.38032531738281, 52.16362762451172, 72.36557006835938], [-16.78672218322754, 57.50504684448242, 61.12538528442383, 75.8780288696289, 90.96719360351562, 78.36764526367188, 57.91965866088867, 50.10322570800781, 54.90032958984375, 72.38032531738281, 136.80503845214844, 65.25121307373047, 18.383588790893555], [-76.7829818725586, -211.4537811279297, -154.5965576171875, -95.89369201660156, -41.07302474975586, -38.222755432128906, -26.241079330444336, -0.2184070348739624, -7.55918025970459, 52.16362762451172, 65.25121307373047, 143.66632080078125, 53.08069610595703], [-201.80853271484375, -32.09400177001953, -171.6333770751953, -176.89959716796875, -73.84862518310547, -42.504669189453125, 36.788551330566406, 16.870573043823242, -9.250347137451172, 72.36557006835938, 18.383588790893555, 53.08069610595703, 202.7821807861328]], "lowlevel.gfcc.icov": [[0.00046034794650040567, -0.0001126532006310299, 0.00015363037528004497, -0.0005481956177391112, 9.895075345411897e-05, -0.0002495831868145615, 8.345541573362425e-05, -0.00030159822199493647, 0.0005567760090343654, -0.00029577649547718465, 0.0005601436132565141, -0.0003572800487745553, 0.00025947869289666414], [-0.0001126532006310299, 0.0026997369714081287, -0.0018706269329413772, 0.0016151381423696876, -0.00375460647046566, 0.0022998908534646034, -0.0016938521293923259, 0.0027470861095935106, -0.0014053329359740019, 0.0021119180601090193, -0.0020601542200893164, 0.0030840414110571146, -0.0021039359271526337], [0.00015363037528004497, -0.0018706269329413772, 0.002958127064630389, -0.0026871797163039446, 0.0026490616146475077, -0.0022364563774317503, 0.0016153898322954774, -0.002258443972095847, 0.0010108640417456627, -0.001931444276124239, 0.0017155833775177598, -0.0013473385479301214, 0.0013396808644756675], [-0.0005481956177391112, 0.0016151381423696876, -0.0026871797163039446, 0.00559983728453517, -0.0027398320380598307, 0.0007980819209478796, -0.0012379467952996492, 0.0010869925608858466, -0.003089832840487361, 0.0035095938947051764, -0.002695925999432802, 0.0019339121645316482, -3.082151306443848e-05], [9.895075345411897e-05, -0.00375460647046566, 0.0026490616146475077, -0.0027398320380598307, 0.008958889171481133, -0.004815336782485247, 0.0015214089071378112, -0.004678347613662481, 0.0011984759476035833, -0.002329544397071004, 0.002101436723023653, -0.004250665195286274, 0.0035309104714542627], [-0.0002495831868145615, 0.0022998908534646034, -0.0022364563774317503, 0.0007980819209478796, -0.004815336782485247, 0.010940234176814556, -0.006579238455742598, 0.005270152818411589, -0.0012359676184132695, -0.000897283258382231, -0.0033571645617485046, 0.003558980068191886, -0.0001498526835348457], [8.345541573362425e-05, -0.0016938521293923259, 0.0016153898322954774, -0.0012379467952996492, 0.0015214089071378112, -0.006579238455742598, 0.009730184450745583, -0.004805963020771742, 0.0004142151738051325, -0.0008593157399445772, 0.0021195700392127037, -0.0010945267276838422, -0.0016682085115462542], [-0.00030159822199493647, 0.0027470861095935106, -0.002258443972095847, 0.0010869925608858466, -0.004678347613662481, 0.005270152818411589, -0.004805963020771742, 0.011793811805546284, -0.004825311247259378, 0.0002853890764527023, -0.0022761845029890537, 0.002954765921458602, -0.0024260911159217358], [0.0005567760090343654, -0.0014053329359740019, 0.0010108640417456627, -0.003089832840487361, 0.0011984759476035833, -0.0012359676184132695, 0.0004142151738051325, -0.004825311247259378, 0.011136112734675407, -0.0035002510994672775, 0.0015808755997568369, -0.0019369625952094793, 0.0011163197923451662], [-0.00029577649547718465, 0.0021119180601090193, -0.001931444276124239, 0.0035095938947051764, -0.002329544397071004, -0.000897283258382231, -0.0008593157399445772, 0.0002853890764527023, -0.0035002510994672775, 0.014243900775909424, -0.0057120490819215775, 0.0010290658101439476, -0.004431854002177715], [0.0005601436132565141, -0.0020601542200893164, 0.0017155833775177598, -0.002695925999432802, 0.002101436723023653, -0.0033571645617485046, 0.0021195700392127037, -0.0022761845029890537, 0.0015808755997568369, -0.0057120490819215775, 0.015468860045075417, -0.00822425540536642, 0.002059053396806121], [-0.0003572800487745553, 0.0030840414110571146, -0.0013473385479301214, 0.0019339121645316482, -0.004250665195286274, 0.003558980068191886, -0.0010945267276838422, 0.002954765921458602, -0.0019369625952094793, 0.0010290658101439476, -0.00822425540536642, 0.015389926731586456, -0.003908534534275532], [0.00025947869289666414, -0.0021039359271526337, 0.0013396808644756675, -3.082151306443848e-05, 0.0035309104714542627, -0.0001498526835348457, -0.0016682085115462542, -0.0024260911159217358, 0.0011163197923451662, -0.004431854002177715, 0.002059053396806121, -0.003908534534275532, 0.010191535577178001]], "lowlevel.mfcc.cov": [[3040.606689453125, -79.2752456665039, 369.3337097167969, 504.3292541503906, 330.07135009765625, 302.39825439453125, 170.51663208007812, 338.7340393066406, -3.5629451274871826, 282.49627685546875, 8.682809829711914, 83.31272888183594, 70.10111999511719], [-79.2752456665039, 1764.965576171875, 526.2489624023438, 455.6715087890625, 505.9778137207031, 380.02984619140625, 340.22894287109375, 229.94345092773438, 299.7540588378906, 199.02294921875, 193.39723205566406, 63.48626708984375, 81.01203918457031], [369.3337097167969, 526.2489624023438, 1426.8250732421875, 661.7368774414062, 487.1947021484375, 377.2337951660156, 207.57347106933594, 377.58416748046875, 167.61131286621094, 389.2869567871094, 133.31590270996094, 188.58363342285156, 43.10575485229492], [504.3292541503906, 455.6715087890625, 661.7368774414062, 654.0178833007812, 441.4139404296875, 278.2604675292969, 199.64920043945312, 356.6860046386719, 169.89926147460938, 308.1234130859375, 124.87332916259766, 149.51864624023438, 98.25984954833984], [330.07135009765625, 505.9778137207031, 487.1947021484375, 441.4139404296875, 506.2879943847656, 272.5226135253906, 172.3589324951172, 298.8664855957031, 103.37616729736328, 268.53021240234375, 119.52632141113281, 154.98927307128906, 82.95591735839844], [302.39825439453125, 380.02984619140625, 377.2337951660156, 278.2604675292969, 272.5226135253906, 444.958984375, 232.43649291992188, 236.73068237304688, 107.2289047241211, 223.09413146972656, 121.83576965332031, 97.1114730834961, 107.05367279052734], [170.51663208007812, 340.22894287109375, 207.57347106933594, 199.64920043945312, 172.3589324951172, 232.43649291992188, 306.77716064453125, 144.41770935058594, 163.69053649902344, 126.2361068725586, 126.26068878173828, 48.10917663574219, 100.8978500366211], [338.7340393066406, 229.94345092773438, 377.58416748046875, 356.6860046386719, 298.8664855957031, 236.73068237304688, 144.41770935058594, 371.2043151855469, 87.51678466796875, 264.4303894042969, 79.57472229003906, 135.1813507080078, 73.96666717529297], [-3.5629451274871826, 299.7540588378906, 167.61131286621094, 169.89926147460938, 103.37616729736328, 107.2289047241211, 163.69053649902344, 87.51678466796875, 314.9713439941406, 100.81770324707031, 111.53754425048828, 6.45756721496582, 82.56698608398438], [282.49627685546875, 199.02294921875, 389.2869567871094, 308.1234130859375, 268.53021240234375, 223.09413146972656, 126.2361068725586, 264.4303894042969, 100.81770324707031, 340.9169006347656, 96.36912536621094, 114.71675872802734, 55.86916732788086], [8.682809829711914, 193.39723205566406, 133.31590270996094, 124.87332916259766, 119.52632141113281, 121.83576965332031, 126.26068878173828, 79.57472229003906, 111.53754425048828, 96.36912536621094, 165.53488159179688, 63.552913665771484, 55.62922286987305], [83.31272888183594, 63.48626708984375, 188.58363342285156, 149.51864624023438, 154.98927307128906, 97.1114730834961, 48.10917663574219, 135.1813507080078, 6.45756721496582, 114.71675872802734, 63.552913665771484, 157.12049865722656, 58.967586517333984], [70.10111999511719, 81.01203918457031, 43.10575485229492, 98.25984954833984, 82.95591735839844, 107.05367279052734, 100.8978500366211, 73.96666717529297, 82.56698608398438, 55.86916732788086, 55.62922286987305, 58.967586517333984, 161.19326782226562]], "lowlevel.mfcc.icov": [[0.0004369087691884488, 0.0001581590622663498, 9.996630979003385e-05, -0.000436184840509668, -0.00010007670789491385, -0.00019960296049248427, -0.00019463062926661223, -2.977855911012739e-05, 0.0001623490679776296, -7.598472438985482e-05, 0.00024764114641584456, 0.0002321965148439631, 6.199233757797629e-05], [0.0001581590622663498, 0.001113000325858593, 1.2746093489113264e-05, -0.000192985768080689, -0.0011958060786128044, -0.00046168407425284386, -0.00045963283628225327, 0.0002715675800573081, -0.0005386234843172133, 0.0005067558959126472, -3.8557034713448957e-05, 0.00048399236402474344, 0.0005077040405012667], [9.996630979003385e-05, 1.2746093489113264e-05, 0.001579028321430087, -0.0014293858548626304, 4.637032361642923e-06, -0.0006886365590617061, 2.331273435629555e-06, 0.0005094923544675112, -0.00025581353111192584, -0.0005053491331636906, 0.0004670766356866807, -0.0008198633440770209, 0.0010638090316206217], [-0.000436184840509668, -0.000192985768080689, -0.0014293858548626304, 0.006473979447036982, -0.002528284676373005, 0.001012244843877852, -2.2408976292354055e-05, -0.0024193201679736376, -0.0009519383893348277, -0.0001513551687821746, -0.00033223029458895326, 0.000499886751640588, -0.0010525574907660484], [-0.00010007670789491385, -0.0011958060786128044, 4.637032361642923e-06, -0.002528284676373005, 0.0074414764530956745, -0.0004773440305143595, 0.00019166708807460964, -0.00090496038319543, 0.0010085416724905372, -0.0012304136762395501, -0.00046768918400630355, -0.002297397004440427, -0.00012120036262786016], [-0.00019960296049248427, -0.00046168407425284386, -0.0006886365590617061, 0.001012244843877852, -0.0004773440305143595, 0.0058316863141953945, -0.0023603092413395643, -0.0013120011426508427, 0.001247609150595963, -0.0013329731300473213, -0.0009605219238437712, 0.0008692250121384859, -0.0018254927126690745], [-0.00019463062926661223, -0.00045963283628225327, 2.331273435629555e-06, -2.2408976292354055e-05, 0.00019166708807460964, -0.0023603092413395643, 0.008106445893645287, -0.0009660806390456855, -0.0015412551583722234, 0.0007006197120063007, -0.002822460373863578, 0.0012893504463136196, -0.0017842503730207682], [-2.977855911012739e-05, 0.0002715675800573081, 0.0005094923544675112, -0.0024193201679736376, -0.00090496038319543, -0.0013120011426508427, -0.0009660806390456855, 0.009351405315101147, -0.0003249548899475485, -0.003447573632001877, 0.002142298733815551, -0.00300589669495821, 0.0005873473128303885], [0.0001623490679776296, -0.0005386234843172133, -0.00025581353111192584, -0.0009519383893348277, 0.0010085416724905372, 0.001247609150595963, -0.0015412551583722234, -0.0003249548899475485, 0.006363376509398222, -0.0011615041876211762, -0.0026967369485646486, 0.0028971536085009575, -0.002371037844568491], [-7.598472438985482e-05, 0.0005067558959126472, -0.0005053491331636906, -0.0001513551687821746, -0.0012304136762395501, -0.0013329731300473213, 0.0007006197120063007, -0.003447573632001877, -0.0011615041876211762, 0.008408866822719574, -0.0013085993705317378, -0.0005647624493576586, 0.0010063551599159837], [0.00024764114641584456, -3.8557034713448957e-05, 0.0004670766356866807, -0.00033223029458895326, -0.00046768918400630355, -0.0009605219238437712, -0.002822460373863578, 0.002142298733815551, -0.0026967369485646486, -0.0013085993705317378, 0.012089346535503864, -0.00446323910728097, 0.0009470531367696822], [0.0002321965148439631, 0.00048399236402474344, -0.0008198633440770209, 0.000499886751640588, -0.002297397004440427, 0.0008692250121384859, 0.0012893504463136196, -0.00300589669495821, 0.0028971536085009575, -0.0005647624493576586, -0.00446323910728097, 0.014139194041490555, -0.0041727302595973015], [6.199233757797629e-05, 0.0005077040405012667, 0.0010638090316206217, -0.0010525574907660484, -0.00012120036262786016, -0.0018254927126690745, -0.0017842503730207682, 0.0005873473128303885, -0.002371037844568491, 0.0010063551599159837, 0.0009470531367696822, -0.0041727302595973015, 0.010466145351529121]], "metadata.audio_properties.analysis.downmix": "mix", "metadata.audio_properties.codec": "mp3", "metadata.audio_properties.md5_encoded": "4afd4879bba5195d5e6f179d2246d3dd", "metadata.tags.file_name": "1183650299412496444.mp3", "metadata.version.essentia": "2.1-beta6-dev", "metadata.version.essentia_git_sha": "v2.1_beta5-1110-g77a6a954", "metadata.version.extractor": "music 2.0", "tonal.chords_key": "F", "tonal.chords_scale": "minor", "tonal.key_edma.key": "Bb", "tonal.key_edma.scale": "major", "tonal.key_krumhansl.key": "Bb", "tonal.key_krumhansl.scale": "major", "tonal.key_temperley.key": "Bb", "tonal.key_temperley.scale": "major", "metadata.tags.encoding": ["Lavf58.45.100"]}, "essentia_models": [{"model_name": "genre_dortmund", "activations": {"alternative": "0.0013075739", "blues": "0.0001577782", "electronic": "0.03569355", "folkcountry": "0.00013276291", "funksoulrnb": "0.026590517", "jazz": "0.00045468786", "pop": "0.090300314", "raphiphop": "0.79688257", "rock": "0.0036132399"}}, {"model_name": "genre_rosamerica", "activations": {"classic": "0.00011227056", "dance": "0.004198565", "hip hop": "0.075331345", "jazz": "0.00016342716", "pop": "0.16087905", "rhythm and blues": "0.5438467", "rock": "0.0003609481", "speech": "0.00286