{"song_id": "1183671560725344266", "download": "https://cdn.discordapp.com/attachments/1135903449314238464/1183671560725344266/chirp.mp4?ex=65892f0b&amp", "lyrics": "(Chorus)\n\uaca8\uc6b8\ube44\uc758 \ub178\ub798\uac00 \ub4e4\ub824\uc640\n\ub0b4 \ub9c8\uc74c\uc744 \uc801\uc2dc\ub124\n\uc774\ubcc4\uc758 \uc544\ud514\ub3c4 \uc124\ub818\ub3c4\n\ubaa8\ub450 \ub2e4 \ud568\uaed8  \ub370\ub824\uac00", "style": ["POP</span><span>, Acoustic</span><span>, Classic</span><span>, Symphony</span><span>,"], "essentia_features": {"lowlevel.average_loudness": 0.9826235771179199, "lowlevel.barkbands_crest.mean": 13.916704177856445, "lowlevel.barkbands_crest.stdev": 4.511310577392578, "lowlevel.barkbands_flatness_db.mean": 0.24310831725597382, "lowlevel.barkbands_flatness_db.stdev": 0.04568351060152054, "lowlevel.barkbands_kurtosis.mean": 20.844545364379883, "lowlevel.barkbands_kurtosis.stdev": 28.032190322875977, "lowlevel.barkbands_skewness.mean": 3.2676985263824463, "lowlevel.barkbands_skewness.stdev": 2.0126254558563232, "lowlevel.barkbands_spread.mean": 8.605294227600098, "lowlevel.barkbands_spread.stdev": 7.234216690063477, "lowlevel.dissonance.mean": 0.4061771631240845, "lowlevel.dissonance.stdev": 0.047333721071481705, "lowlevel.dynamic_complexity": 1.4767849445343018, "lowlevel.erbbands_crest.mean": 13.04350757598877, "lowlevel.erbbands_crest.stdev": 5.437541484832764, "lowlevel.erbbands_flatness_db.mean": 0.23180994391441345, "lowlevel.erbbands_flatness_db.stdev": 0.03407267481088638, "lowlevel.erbbands_kurtosis.mean": 4.470571041107178, "lowlevel.erbbands_kurtosis.stdev": 5.873469829559326, "lowlevel.erbbands_skewness.mean": 1.3773789405822754, "lowlevel.erbbands_skewness.stdev": 1.1188393831253052, "lowlevel.erbbands_spread.mean": 24.398727416992188, "lowlevel.erbbands_spread.stdev": 14.601686477661133, "lowlevel.hfc.mean": 18.790651321411133, "lowlevel.hfc.stdev": 11.15278434753418, "lowlevel.loudness_ebu128.integrated": -11.392641067504883, "lowlevel.loudness_ebu128.loudness_range": 0.8942327499389648, "lowlevel.loudness_ebu128.momentary.mean": -11.57791519165039, "lowlevel.loudness_ebu128.momentary.stdev": 1.3604342937469482, "lowlevel.loudness_ebu128.short_term.mean": -11.283041000366211, "lowlevel.loudness_ebu128.short_term.stdev": 0.32500341534614563, "lowlevel.melbands_crest.mean": 17.25033187866211, "lowlevel.melbands_crest.stdev": 5.33563756942749, "lowlevel.melbands_flatness_db.mean": 0.305225670337677, "lowlevel.melbands_flatness_db.stdev": 0.058057721704244614, "lowlevel.melbands_kurtosis.mean": 26.866897583007812, "lowlevel.melbands_kurtosis.stdev": 29.918800354003906, "lowlevel.melbands_skewness.mean": 3.3514726161956787, "lowlevel.melbands_skewness.stdev": 1.8540399074554443, "lowlevel.melbands_spread.mean": 9.276498794555664, "lowlevel.melbands_spread.stdev": 7.364911079406738, "lowlevel.pitch_salience.mean": 0.5046083927154541, "lowlevel.pitch_salience.stdev": 0.10932984948158264, "lowlevel.silence_rate_20dB.mean": 1.0, "lowlevel.silence_rate_20dB.stdev": 0.0, "lowlevel.silence_rate_30dB.mean": 1.0, "lowlevel.silence_rate_30dB.stdev": 0.0, "lowlevel.silence_rate_60dB.mean": 0.004777070134878159, "lowlevel.silence_rate_60dB.stdev": 0.06895072758197784, "lowlevel.spectral_centroid.mean": 533.1251220703125, "lowlevel.spectral_centroid.stdev": 269.76690673828125, "lowlevel.spectral_complexity.mean": 10.977706909179688, "lowlevel.spectral_complexity.stdev": 3.9413869380950928, "lowlevel.spectral_decrease.mean": -9.07593733501244e-09, "lowlevel.spectral_decrease.stdev": 4.058511304805279e-09, "lowlevel.spectral_energy.mean": 0.03595906123518944, "lowlevel.spectral_energy.stdev": 0.015966355800628662, "lowlevel.spectral_energyband_high.mean": 0.00030759742367081344, "lowlevel.spectral_energyband_high.stdev": 0.00047041912330314517, "lowlevel.spectral_energyband_low.mean": 0.0010337878484278917, "lowlevel.spectral_energyband_low.stdev": 0.0033650354016572237, "lowlevel.spectral_energyband_middle_high.mean": 0.004730554297566414, "lowlevel.spectral_energyband_middle_high.stdev": 0.005643417127430439, "lowlevel.spectral_energyband_middle_low.mean": 0.030685603618621826, "lowlevel.spectral_energyband_middle_low.stdev": 0.015142888762056828, "lowlevel.spectral_entropy.mean": 6.640785217285156, "lowlevel.spectral_entropy.stdev": 0.4975448250770569, "lowlevel.spectral_flux.mean": 0.06980518251657486, "lowlevel.spectral_flux.stdev": 0.03729988634586334, "lowlevel.spectral_kurtosis.mean": 8.958011627197266, "lowlevel.spectral_kurtosis.stdev": 5.153068542480469, "lowlevel.spectral_rms.mean": 0.005737934727221727, "lowlevel.spectral_rms.stdev": 0.0014690489042550325, "lowlevel.spectral_rolloff.mean": 762.4400634765625, "lowlevel.spectral_rolloff.stdev": 756.7886962890625, "lowlevel.spectral_skewness.mean": 2.6893579959869385, "lowlevel.spectral_skewness.stdev": 0.6623370051383972, "lowlevel.spectral_spread.mean": 4958934.5, "lowlevel.spectral_spread.stdev": 1255049.5, "lowlevel.spectral_strongpeak.mean": 1.5217615365982056, "lowlevel.spectral_strongpeak.stdev": 0.9161781072616577, "lowlevel.zerocrossingrate.mean": 0.03610482066869736, "lowlevel.zerocrossingrate.stdev": 0.018630746752023697, "metadata.audio_properties.analysis.equal_loudness": 0.0, "metadata.audio_properties.analysis.length": 14.54931926727295, "metadata.audio_properties.analysis.sample_rate": 44100.0, "metadata.audio_properties.analysis.start_time": 0.0, "metadata.audio_properties.bit_rate": 114132.0, "metadata.audio_properties.length": 14.549333572387695, "metadata.audio_properties.lossless": 0.0, "metadata.audio_properties.number_channels": 1.0, "metadata.audio_properties.replay_gain": -14.599161148071289, "metadata.audio_properties.sample_rate": 48000.0, "rhythm.beats_count": 33.0, "rhythm.beats_loudness.mean": 0.040981851518154144, "rhythm.beats_loudness.stdev": 0.012347380630671978, "rhythm.bpm": 138.77633666992188, "rhythm.bpm_histogram_first_peak_bpm": 140.0, "rhythm.bpm_histogram_first_peak_weight": 0.44999998807907104, "rhythm.bpm_histogram_second_peak_bpm": 133.0, "rhythm.bpm_histogram_second_peak_spread": 0.1666666865348816, "rhythm.bpm_histogram_second_peak_weight": 0.15625, "rhythm.danceability": 1.4518592357635498, "rhythm.onset_rate": 3.0197958946228027, "tonal.chords_changes_rate": 0.04444444552063942, "tonal.chords_number_rate": 0.02222222276031971, "tonal.chords_strength.mean": 0.5481138825416565, "tonal.chords_strength.stdev": 0.08199027180671692, "tonal.hpcp_crest.mean": 17.080472946166992, "tonal.hpcp_crest.stdev": 6.840885639190674, "tonal.hpcp_entropy.mean": 1.5827292203903198, "tonal.hpcp_entropy.stdev": 0.6118593215942383, "tonal.key_edma.strength": 0.7454907894134521, "tonal.key_krumhansl.strength": 0.7468374967575073, "tonal.key_temperley.strength": 0.7447260618209839, "tonal.tuning_diatonic_strength": 0.6215359568595886, "tonal.tuning_equal_tempered_deviation": 0.04962731897830963, "tonal.tuning_frequency": 438.98455810546875, "tonal.tuning_nontempered_energy_ratio": 0.6577248573303223, "lowlevel.barkbands.mean": [5.437273102870677e-06, 1.1296778211544733e-05, 0.0003985389485023916, 0.0029395371675491333, 0.011924575082957745, 0.009036822244524956, 0.002391886431723833, 0.00269124424085021, 0.001322766300290823, 0.0010698739206418395, 0.0008435425697825849, 0.000650279107503593, 0.000805249554105103, 0.0008450450259260833, 0.00037896100548096, 0.00016109339776448905, 7.990004087332636e-05, 4.0654445911059156e-05, 4.710025677923113e-05, 1.3328962268133182e-05, 1.2157029232184868e-05, 6.306025898084044e-05, 3.975927029387094e-05, 5.097957910038531e-05, 0.00012183641229057685, 1.4082796951697674e-05, 5.9045508038479966e-08], "lowlevel.barkbands.stdev": [9.854108611762058e-06, 4.181320036877878e-05, 0.0020234067924320698, 0.005585340317338705, 0.011044514365494251, 0.0068113189190626144, 0.004102216102182865, 0.008232418447732925, 0.0026880132500082254, 0.0020618559792637825, 0.0019667840097099543, 0.0013562693493440747, 0.0015200397465378046, 0.0016540371580049396, 0.0007796928402967751, 0.0003602572251111269, 0.00017385098908562213, 8.678875747136772e-05, 0.00030427449382841587, 4.7396690206369385e-05, 4.277711559552699e-05, 0.0001344079355476424, 7.398207526421174e-05, 0.0001064814641722478, 0.00015411173808388412, 2.8697390007437207e-05, 4.153907866566442e-07], "lowlevel.erbbands.mean": [0.00058332848129794, 0.008345198817551136, 0.3229125142097473, 4.893772125244141, 36.16211700439453, 35.79902267456055, 29.099876403808594, 97.19125366210938, 42.488441467285156, 33.698299407958984, 62.42363357543945, 36.64418411254883, 28.183252334594727, 33.99925994873047, 41.73242950439453, 23.389326095581055, 39.72287368774414, 47.584381103515625, 24.58551025390625, 14.470762252807617, 7.0498857498168945, 4.468904972076416, 2.6564207077026367, 2.13763689994812, 1.892764687538147, 0.6731069087982178, 0.448525071144104, 0.598604679107666, 1.612539529800415, 2.841878652572632, 0.8391438722610474, 0.2897917330265045, 1.4582895040512085, 1.8383219242095947, 0.5648162961006165, 0.12012237310409546, 0.01474623754620552, 0.0009287967113777995, 4.7444711526622996e-05, 4.389366222312674e-05], "lowlevel.erbbands.stdev": [0.002405530074611306, 0.023385191336274147, 1.265878438949585, 8.608160018920898, 41.54521179199219, 39.34769821166992, 24.399259567260742, 81.1461181640625, 56.726806640625, 73.60802459716797, 207.93357849121094, 61.71328353881836, 82.16927337646484, 55.965450286865234, 83.44620513916016, 37.72989273071289, 74.78286743164062, 91.64154815673828, 38.979942321777344, 31.885194778442383, 13.246148109436035, 9.660188674926758, 5.009366512298584, 10.57741641998291, 12.375578880310059, 2.630026340484619, 1.6320092678070068, 1.927730679512024, 3.8440215587615967, 4.968358039855957, 1.8428179025650024, 1.1557704210281372, 2.6566336154937744, 2.1819305419921875, 0.9423176050186157, 0.25171905755996704, 0.027151837944984436, 0.0016884453361853957, 5.4663061746396124e-05, 1.8799099052557722e-05], "lowlevel.gfcc.mean": [-36.764190673828125, 97.55233001708984, -106.94038391113281, -18.91658592224121, -88.04157257080078, 4.755338668823242, -85.30241394042969, -14.882486343383789, -42.085205078125, -6.0991716384887695, -21.446653366088867, -0.31932127475738525, -9.386392593383789], "lowlevel.melbands.mean": [3.377856955921743e-06, 0.0001323477044934407, 0.0017875038320198655, 0.0029635208193212748, 0.0010706327157095075, 0.0019818313885480165, 0.0006091694813221693, 0.0003847006009891629, 0.0004934095777571201, 0.00019873498240485787, 0.00013492623111233115, 0.0001356411521555856, 0.00013197274529375136, 9.161539492197335e-05, 6.692287570331246e-05, 7.566165004391223e-05, 9.356626833323389e-05, 3.8937512726988643e-05, 2.422684701741673e-05, 1.5872572475927882e-05, 6.444620339607354e-06, 4.71904741061735e-06, 3.4101406072295504e-06, 1.6320085478582769e-06, 1.7135384950961452e-06, 1.8898722373705823e-06, 7.063705993459735e-07, 3.7650787021448195e-07, 2.6385907858639257e-07, 2.722968872603815e-07, 3.6079785559195443e-07, 6.723095680172264e-07, 1.6904601807254949e-06, 1.4685915630252566e-06, 5.405061642704823e-07, 1.6956595061401458e-07, 1.2779419478192722e-07, 7.51490404127253e-07, 1.64123503054725e-06, 1.551178343106585e-06], "lowlevel.melbands.stdev": [1.5296049241442233e-05, 0.0005348396371118724, 0.0023326158989220858, 0.002832697005942464, 0.0008248006924986839, 0.0015714995097368956, 0.0008862199611030519, 0.0009148388053290546, 0.001593350199982524, 0.0003737867227755487, 0.0004077810444869101, 0.0002350242284592241, 0.00028536858735606074, 0.0001921813382068649, 0.00013460103946272284, 0.00013264470908325166, 0.0001899412163766101, 6.382295396178961e-05, 5.5536514992127195e-05, 3.9393500628648326e-05, 1.1712319974321872e-05, 1.1625324987107888e-05, 6.427638709283201e-06, 3.5169139209756395e-06, 8.986197826743592e-06, 1.3673017747350968e-05, 3.310269448775216e-06, 1.4019154832567438e-06, 9.66235688792949e-07, 9.735646244735108e-07, 1.1976391078860615e-06, 1.8472616147846566e-06, 3.3861547308333684e-06, 2.449999328746344e-06, 1.104564717024914e-06, 8.324265081682825e-07, 6.424314165087708e-07, 1.6560345557081746e-06, 2.327806214452721e-06, 1.8690614069782896e-06], "lowlevel.melbands128.mean": [2.309113824594533e-06, 3.6594819903257303e-06, 3.173421191604575e-06, 4.041631655127276e-06, 4.798521695192903e-05, 0.0002538519911468029, 0.000545328133739531, 0.0019600538071244955, 0.004079932812601328, 0.003970692865550518, 0.0016423515044152737, 0.0005986959440633655, 0.000466899829916656, 0.001985180424526334, 0.0032681592274457216, 0.001174991950392723, 0.0004957820638082922, 0.0007147032301872969, 0.0004602460830938071, 0.00028901229961775243, 0.00036766755511052907, 0.0005187252536416054, 0.0006525529897771776, 0.0002513846557121724, 0.0002772684092633426, 0.00011812214506790042, 0.0001373405975755304, 0.00016408426745329052, 8.159031858667731e-05, 0.00018782448023557663, 0.00011812629963969812, 0.00010790927626658231, 0.00013123212556820363, 0.0001555411290610209, 0.00014335408923216164, 5.658568989019841e-05, 3.3803175028879195e-05, 4.082836312591098e-05, 0.00011319710756652057, 0.00011031026224372908, 5.130962745170109e-05, 4.626357986126095e-05, 0.00012033125676680356, 0.00011833081225631759, 2.2790840375819243e-05, 3.213937088730745e-05, 4.3730877223424613e-05, 2.2482523490907624e-05, 1.765244269336108e-05, 1.882773358374834e-05, 1.762004649208393e-05, 1.0718394150899258e-05, 6.199140898388578e-06, 5.0423655011400115e-06, 5.35865910933353e-06, 4.492388598009711e-06, 4.586194336297922e-06, 3.847594143735478e-06, 3.135148517685593e-06, 2.237130956928013e-06, 1.4575562090612948e-06, 1.12434997845412e-06, 1.648562601985759e-06, 1.5332179827964865e-06, 2.5007486783579225e-06, 2.1310818283382105e-06, 1.586721054991358e-06, 7.215258506221289e-07, 5.791487183159916e-07, 5.167195240574074e-07, 3.7084333825987414e-07, 3.1678314371674787e-07, 2.6204673986285343e-07, 2.424999365757685e-07, 2.816243522829609e-07, 2.725204240050516e-07, 2.540667765060789e-07, 3.1088694640857284e-07, 3.6075746834285383e-07, 3.949292874949606e-07, 5.970489382889355e-07, 6.547469411088969e-07, 1.176908654088038e-06, 1.7429299532523146e-06, 2.3031932414596668e-06, 1.791465138012427e-06, 1.1110515742984717e-06, 8.867766609910177e-07, 5.442397537080979e-07, 2.7905650767934276e-07, 1.8781072697038326e-07, 1.5023620392184966e-07, 1.1419855638905574e-07, 9.473245654589846e-08, 1.2907258906125207e-07, 3.0686723562212137e-07, 8.535264441889012e-07, 1.4261124761105748e-06, 1.6457889842058648e-06, 1.7054462659871206e-06, 1.95037318917457e-06, 1.5140989262363291e-06, 1.1315167967040907e-06, 8.80529512414796e-07, 5.311426889420545e-07, 4.1033572983906197e-07, 2.9602603035527864e-07, 3.0515073490278155e-07, 2.149425455399978e-07, 8.219632974260094e-08, 5.093795962807235e-08, 4.825254507068166e-08, 4.933643893423323e-08, 2.0364295139074784e-08, 1.3449722224834204e-08, 4.977954937146478e-09, 1.9259289718576156e-09, 8.622760838683519e-10, 4.6847199730581934e-11, 4.35593922043509e-12, 4.244468058273165e-12, 4.146209417466018e-12, 4.063645687307771e-12, 3.991832472211021e-12, 3.922414910234595e-12, 3.838882770695884e-12, 3.789133503490083e-12, 3.7658374682503215e-12], "lowlevel.melbands128.stdev": [7.27488759366679e-06, 2.435457099636551e-05, 1.5754672858747654e-05, 7.484453362849308e-06, 0.0002211606624769047, 0.0013027273816987872, 0.0015935574192553759, 0.0037531633861362934, 0.005686742253601551, 0.004725257866084576, 0.00247748801484704, 0.0012343216221779585, 0.0008852345636114478, 0.0018696475308388472, 0.003082399256527424, 0.0010522122029215097, 0.0006376529345288873, 0.001592002809047699, 0.0010849530808627605, 0.0009507536888122559, 0.0014748554676771164, 0.001980436034500599, 0.0027031544595956802, 0.000558629457373172, 0.0005918816896155477, 0.0004243008734192699, 0.0007985941483639181, 0.0006438539712689817, 0.00019738163973670453, 0.00039761088555678725, 0.00028362602461129427, 0.0003614200104493648, 0.00041717980639077723, 0.00046302424743771553, 0.0003895663539879024, 0.00015802397683728486, 7.408251985907555e-05, 0.00011848062422359362, 0.00030559045262634754, 0.0002695922157727182, 0.00012536895519588143, 0.00018405502487439662, 0.0002940157719422132, 0.0002976521209347993, 5.64131150895264e-05, 8.143710147123784e-05, 0.0001189120885101147, 9.556955774314702e-05, 6.248430872801691e-05, 6.375525117618963e-05, 6.22453517280519e-05, 2.9864528187317774e-05, 1.3433275853458326e-05, 1.062880710378522e-05, 1.6520945791853592e-05, 1.6336567568941973e-05, 1.1700169125106186e-05, 8.4957318904344e-06, 7.885061677370686e-06, 4.548411197902169e-06, 3.3542441997269634e-06, 3.5664877486851765e-06, 7.678100701014046e-06, 7.953657586767804e-06, 2.098110599035863e-05, 1.6706630049156956e-05, 1.182738742500078e-05, 3.602651759138098e-06, 2.3217505713546416e-06, 1.83382041996083e-06, 1.5796567822690122e-06, 1.2318836297708913e-06, 9.028481144923717e-07, 1.0563869636825984e-06, 1.2085922662663506e-06, 9.896006076814956e-07, 9.88926217360131e-07, 1.0715602911659516e-06, 1.3825313089910196e-06, 1.2172254173492547e-06, 2.0946235963492654e-06, 1.7002256527121062e-06, 3.285305865574628e-06, 3.770657031054725e-06, 4.385410193208372e-06, 3.756761771001038e-06, 1.7765975144357071e-06, 1.5254920526786009e-06, 1.2370626336632995e-06, 9.54941128838982e-07, 8.812972396299301e-07, 9.83976633506245e-07, 6.667902994195174e-07, 6.538802495015261e-07, 6.967985086703266e-07, 1.080030756384076e-06, 2.1174025732761947e-06, 2.8580529942701105e-06, 2.7533501452126075e-06, 2.427101435387158e-06, 2.2811113922216464e-06, 2.13237422030943e-06, 1.865468675532611e-06, 1.4200271607478498e-06, 1.271441647077154e-06, 9.035921380018408e-07, 5.55433018689655e-07, 6.254226718738209e-07, 5.273703322927759e-07, 2.608226736811048e-07, 2.1362565405524947e-07, 9.401562550692688e-08, 7.66033281252021e-08, 5.5720473568499074e-08, 2.7577947037116246e-08, 1.4843082318805045e-08, 1.0483219625712081e-08, 9.402967293681286e-09, 6.398581109401391e-10, 6.368257050165527e-12, 6.2114996306206205e-12, 6.072116767730229e-12, 5.949555084705516e-12, 5.843610317857184e-12, 5.75628086862956e-12, 5.686026736256844e-12, 5.635444801782574e-12, 5.6042314885984545e-12], "lowlevel.mfcc.mean": [-693.66845703125, 150.0207061767578, 11.45631217956543, -24.28946876525879, 1.3202612400054932, -12.142332077026367, -25.31168556213379, -27.31062126159668, -18.835607528686523, -38.205177307128906, 2.8071205615997314, -34.89127731323242, 3.6836986541748047], "lowlevel.spectral_contrast_coeffs.mean": [-0.44267621636390686, -0.6170389652252197, -0.7536744475364685, -0.762618362903595, -0.7955995798110962, -0.7443397045135498], "lowlevel.spectral_contrast_coeffs.stdev": [0.0843820795416832, 0.06610128283500671, 0.07828328758478165, 0.06427983939647675, 0.035223446786403656, 0.049129389226436615], "lowlevel.spectral_contrast_valleys.mean": [-8.372776985168457, -6.889863014221191, -7.576185703277588, -7.913982391357422, -8.854724884033203, -11.068184852600098], "lowlevel.spectral_contrast_valleys.stdev": [0.7058804631233215, 0.6274468898773193, 0.6591852903366089, 0.6048069000244141, 0.6482225060462952, 0.8484466075897217], "rhythm.beats_loudness_band_ratio.mean": [0.19697239995002747, 0.547815203666687, 0.19566470384597778, 0.12985648214817047, 0.0265685822814703, 0.020848510786890984], "rhythm.beats_loudness_band_ratio.stdev": [0.21572436392307281, 0.2179720252752304, 0.1694551259279251, 0.12646953761577606, 0.02754593826830387, 0.04868021607398987], "tonal.hpcp.mean": [0.2169310301542282, 0.14171694219112396, 0.06318692117929459, 0.06477988511323929, 0.0379117950797081, 0.019086332991719246, 0.03187105432152748, 0.0353364460170269, 0.07771693915128708, 0.13051185011863708, 0.09219568222761154, 0.03471284732222557, 0.024739252403378487, 0.015657266601920128, 0.03346998989582062, 0.07770413160324097, 0.06023859977722168, 0.014967916533350945, 0.010560285300016403, 0.013325575739145279, 0.08306711167097092, 0.20281998813152313, 0.14935293793678284, 0.20939694344997406, 0.3879048526287079, 0.21086189150810242, 0.023526450619101524, 0.028329037129878998, 0.041857361793518066, 0.14696890115737915, 0.23271016776561737, 0.1459711641073227, 0.050513025373220444, 0.03345020115375519, 0.053632549941539764, 0.1457885354757309], "tonal.hpcp.stdev": [0.3601723313331604, 0.2757705748081207, 0.16987399756908417, 0.203691303730011, 0.12453072518110275, 0.081012062728405, 0.1343867927789688, 0.14342647790908813, 0.1851700246334076, 0.25833359360694885, 0.1990431845188141, 0.11351973563432693, 0.0899595245718956, 0.06577613204717636, 0.09186027944087982, 0.21369192004203796, 0.18753433227539062, 0.06055822968482971, 0.060998402535915375, 0.05967731401324272, 0.13257186114788055, 0.2977501451969147, 0.22068338096141815, 0.23303504288196564, 0.41551440954208374, 0.24697250127792358, 0.1193457767367363, 0.12861430644989014, 0.14108529686927795, 0.26475289463996887, 0.3470034897327423, 0.2530878782272339, 0.17544454336166382, 0.1429450660943985, 0.16848336160182953, 0.28378215432167053], "rhythm.beats_position": [0.41795918345451355, 0.847528338432312, 1.2887074947357178, 1.7182766199111938, 2.1594557762145996, 2.589024782180786, 3.0185940265655518, 3.4365532398223877, 3.8661224842071533, 4.29569149017334, 4.667210578918457, 5.038730144500732, 5.41024923324585, 5.804988384246826, 6.211337566375732, 6.629296779632568, 7.035645961761475, 7.500045299530029, 7.952834129333496, 8.405623435974121, 8.858412742614746, 9.287981986999512, 9.729161262512207, 10.158729553222656, 10.588298797607422, 11.029478073120117, 11.482267379760742, 11.911836624145508, 12.341405868530273, 12.794195175170898, 13.235373497009277, 13.676552772521973, 14.117732048034668], "rhythm.bpm_histogram": [0.0, 0.0, 0.0, 0.0, 0.0, 0.0, 0.0, 0.0, 0.0, 0.0, 0.0, 0.0, 0.0, 0.0, 0.0, 0.0, 0.0, 0.0, 0.0, 0.0, 0.0, 0.0, 0.0, 0.0, 0.0, 0.0, 0.0, 0.0, 0.0, 0.0, 0.0, 0.0, 0.0, 0.0, 0.0, 0.0, 0.0, 0.0, 0.0, 0.0, 0.0, 0.0, 0.0, 0.0, 0.0, 0.0, 0.0, 0.0, 0.0, 0.0, 0.0, 0.0, 0.0, 0.0, 0.0, 0.0, 0.0, 0.0, 0.0, 0.0, 0.0, 0.0, 0.0, 0.0, 0.0, 0.0, 0.0, 0.0, 0.0, 0.0, 0.0, 0.0, 0.0, 0.0, 0.0, 0.0, 0.0, 0.0, 0.0, 0.0, 0.0, 0.0, 0.0, 0.0, 0.0, 0.0, 0.0, 0.0, 0.0, 0.0, 0.0, 0.0, 0.0, 0.0, 0.0, 0.0, 0.0, 0.0, 0.0, 0.0, 0.0, 0.0, 0.0, 0.0, 0.0, 0.0, 0.0, 0.0, 0.0, 0.0, 0.0, 0.0, 0.0, 0.0, 0.0, 0.0, 0.0, 0.0, 0.0, 0.0, 0.0, 0.0, 0.0, 0.0, 0.0, 0.0, 0.0, 0.0, 0.0, 0.03125, 0.0, 0.0, 0.0, 0.15625, 0.0, 0.0, 0.21875, 0.0, 0.0, 0.0, 0.34375, 0.0, 0.0, 0.0, 0.0625, 0.0, 0.0, 0.0, 0.0625, 0.0, 0.0, 0.0, 0.03125, 0.0, 0.0, 0.0, 0.0, 0.0, 0.0, 0.0, 0.0, 0.09375, 0.0, 0.0, 0.0, 0.0, 0.0, 0.0, 0.0, 0.0, 0.0, 0.0, 0.0, 0.0, 0.0, 0.0, 0.0, 0.0, 0.0, 0.0, 0.0, 0.0, 0.0, 0.0, 0.0, 0.0, 0.0, 0.0, 0.0, 0.0, 0.0, 0.0, 0.0, 0.0, 0.0, 0.0, 0.0, 0.0, 0.0, 0.0, 0.0, 0.0, 0.0, 0.0, 0.0, 0.0, 0.0, 0.0, 0.0, 0.0, 0.0, 0.0, 0.0, 0.0, 0.0, 0.0, 0.0, 0.0, 0.0, 0.0, 0.0, 0.0, 0.0, 0.0, 0.0, 0.0, 0.0, 0.0, 0.0, 0.0, 0.0, 0.0, 0.0, 0.0, 0.0, 0.0, 0.0, 0.0, 0.0, 0.0, 0.0, 0.0, 0.0, 0.0, 0.0, 0.0, 0.0, 0.0, 0.0, 0.0], "tonal.chords_histogram": [44.44444274902344, 7.61904764175415, 25.714284896850586, 0.0, 0.0, 0.0, 0.0, 0.0, 6.031745910644531, 0.0, 0.0, 0.0, 0.0, 0.0, 0.0, 0.0, 0.0, 0.0, 0.0, 0.0, 0.0, 3.492063522338867, 7.936507701873779, 4.761904716491699], "tonal.thpcp": [1.0, 0.5435917973518372, 0.0606500543653965, 0.07303088903427124, 0.10790625959634781, 0.37887874245643616, 0.5999155640602112, 0.3763066232204437, 0.13022014498710632, 0.08623300492763519, 0.13826212286949158, 0.3758358061313629, 0.5592377185821533, 0.3653394281864166, 0.16289283335208893, 0.16699941456317902, 0.09773477911949158, 0.049203645437955856, 0.0821620374917984, 0.09109565615653992, 0.20035052299499512, 0.33645325899124146, 0.23767602443695068, 0.08948804438114166, 0.06377659738063812, 0.040363676846027374, 0.08628401905298233, 0.20031750202178955, 0.15529219806194305, 0.0385865680873394, 0.02722390554845333, 0.03435268998146057, 0.21414300799369812, 0.5228601694107056, 0.38502466678619385, 0.5398152470588684], "lowlevel.gfcc.cov": [[2622.2646484375, -542.0569458007812, -496.5140686035156, -297.84161376953125, -299.26702880859375, 211.28013610839844, -33.19559860229492, 48.69256591796875, -42.39378356933594, -19.06626319885254, -283.4925537109375, -16.49486541748047, 2.8275511264801025], [-542.0569458007812, 859.3430786132812, 360.02001953125, -74.60640716552734, 209.5457763671875, 88.22022247314453, 175.11843872070312, -82.92820739746094, -69.44084167480469, -114.07538604736328, 28.9376277923584, -93.99021911621094, -84.46114349365234], [-496.5140686035156, 360.02001953125, 552.9843139648438, 219.67250061035156, 144.68434143066406, -84.2640151977539, 28.467363357543945, -4.784183025360107, -60.78131866455078, -74.16265106201172, 53.70396041870117, -31.08387565612793, -77.13406372070312], [-297.84161376953125, -74.60640716552734, 219.67250061035156, 654.806640625, 172.09201049804688, -175.5784149169922, -88.80575561523438, -29.717323303222656, 102.77325439453125, -45.696754455566406, 16.163671493530273, -36.89701461791992, 25.962778091430664], [-299.26702880859375, 209.5457763671875, 144.68434143066406, 172.09201049804688, 265.8515625, 36.20172882080078, 19.087703704833984, -49.81834030151367, -23.19971466064453, -15.496369361877441, -15.69609546661377, -34.41179275512695, -51.967689514160156], [211.28013610839844, 88.22022247314453, -84.2640151977539, -175.5784149169922, 36.20172882080078, 250.2798309326172, 130.73883056640625, -19.638595581054688, -77.69132232666016, 23.989002227783203, -39.87413024902344, -6.5511603355407715, -62.45986557006836], [-33.19559860229492, 175.11843872070312, 28.467363357543945, -88.80575561523438, 19.087703704833984, 130.73883056640625, 238.90655517578125, 9.924981117248535, -119.06134033203125, 1.2196413278579712, 17.955698013305664, 32.41587829589844, -57.88901901245117], [48.69256591796875, -82.92820739746094, -4.784183025360107, -29.717323303222656, -49.81834030151367, -19.638595581054688, 9.924981117248535, 131.74859619140625, 60.05805206298828, 8.596465110778809, -2.12624454498291, 0.2843663990497589, 9.741601943969727], [-42.39378356933594, -69.44084167480469, -60.78131866455078, 102.77325439453125, -23.19971466064453, -77.69132232666016, -119.06134033203125, 60.05805206298828, 254.01295471191406, 9.703213691711426, -39.64814376831055, -67.89029693603516, 71.96729278564453], [-19.06626319885254, -114.07538604736328, -74.16265106201172, -45.696754455566406, -15.496369361877441, 23.989002227783203, 1.2196413278579712, 8.596465110778809, 9.703213691711426, 102.13007354736328, 30.63414192199707, 25.313125610351562, -1.279204249382019], [-283.4925537109375, 28.9376277923584, 53.70396041870117, 16.163671493530273, -15.69609546661377, -39.87413024902344, 17.955698013305664, -2.12624454498291, -39.64814376831055, 30.63414192199707, 160.78591918945312, 56.46491241455078, -7.894982814788818], [-16.49486541748047, -93.99021911621094, -31.08387565612793, -36.89701461791992, -34.41179275512695, -6.5511603355407715, 32.41587829589844, 0.2843663990497589, -67.89029693603516, 25.313125610351562, 56.46491241455078, 105.91078186035156, 4.321848392486572], [2.8275511264801025, -84.46114349365234, -77.13406372070312, 25.962778091430664, -51.967689514160156, -62.45986557006836, -57.88901901245117, 9.741601943969727, 71.96729278564453, -1.279204249382019, -7.894982814788818, 4.321848392486572, 96.00528717041016]], "lowlevel.gfcc.icov": [[0.0007809199742041528, -4.5070701162330806e-05, 0.0005018261726945639, -0.00040328025352209806, 0.0011207570787519217, -0.0007791677489876747, 0.0007042547222226858, -0.0004903487279079854, 0.0006876678671687841, 0.0002563044836279005, 0.0012909641955047846, -0.00014405761612579226, 0.0006243218667805195], [-4.5070701162330806e-05, 0.007556741591542959, -0.004077543970197439, 0.005047260317951441, -0.005535467062145472, 0.001384012051858008, -0.007022528909146786, 0.0061848885379731655, -0.00469466345384717, 0.006484746001660824, -0.004342040047049522, 0.005515865050256252, -0.0019492650171741843], [0.0005018261726945639, -0.004077543970197439, 0.005943334195762873, -0.0034463442862033844, 0.0024973112158477306, 0.0004953013849444687, 0.003677874570712447, -0.004438221920281649, 0.0037689395248889923, -0.001560118398629129, 0.001864087418653071, -0.0016296716639772058, 0.0038277178537100554], [-0.00040328025352209806, 0.005047260317951441, -0.0034463442862033844, 0.006454861722886562, -0.006103545892983675, 0.003208179958164692, -0.005494642071425915, 0.0052100494503974915, -0.004806851502507925, 0.0045676459558308125, -0.003555626142770052, 0.0033368838485330343, -0.001899181166663766], [0.0011207570787519217, -0.005535467062145472, 0.0024973112158477306, -0.006103545892983675, 0.012196539901196957, -0.0040990812703967094, 0.00631478987634182, -0.003519585356116295, 0.004344590473920107, -0.0050356704741716385, 0.005651937797665596, -0.0035396183375269175, 0.004154383670538664], [-0.0007791677489876747, 0.001384012051858008, 0.0004953013849444687, 0.003208179958164692, -0.0040990812703967094, 0.010978165082633495, -0.006336236372590065, 0.0030663413926959038, -0.0016858817543834448, -0.0006140737095847726, -0.00015003274893388152, 0.0026847301051020622, 0.0026849601417779922], [0.0007042547222226858, -0.007022528909146786, 0.003677874570712447, -0.005494642071425915, 0.00631478987634182, -0.006336236372590065, 0.015225900337100029, -0.008752454072237015, 0.007641918957233429, -0.004912573378533125, 0.004170158412307501, -0.006183955818414688, 0.0024342455435544252], [-0.0004903487279079854, 0.0061848885379731655, -0.004438221920281649, 0.0052100494503974915, -0.003519585356116295, 0.0030663413926959038, -0.008752454072237015, 0.01613984815776348, -0.00885066855698824, 0.004622933454811573, -0.0034062284976243973, 0.0026461277157068253, -4.76281602459494e-05], [0.0006876678671687841, -0.00469466345384717, 0.0037689395248889923, -0.004806851502507925, 0.004344590473920107, -0.0016858817543834448, 0.007641918957233429, -0.00885066855698824, 0.013557514175772667, -0.005909801926463842, 0.003715605242177844, 0.0026137572713196278, -0.003115307539701462], [0.0002563044836279005, 0.006484746001660824, -0.001560118398629129, 0.0045676459558308125, -0.0050356704741716385, -0.0006140737095847726, -0.004912573378533125, 0.004622933454811573, -0.005909801926463842, 0.01908658631145954, -0.006362247280776501, 0.0017571464413776994, 0.0007342876051552594], [0.0012909641955047846, -0.004342040047049522, 0.001864087418653071, -0.003555626142770052, 0.005651937797665596, -0.00015003274893388152, 0.004170158412307501, -0.0034062284976243973, 0.003715605242177844, -0.006362247280776501, 0.01389655377715826, -0.007414012216031551, 0.0030296756885945797], [-0.00014405761612579226, 0.005515865050256252, -0.0016296716639772058, 0.0033368838485330343, -0.0035396183375269175, 0.0026847301051020622, -0.006183955818414688, 0.0026461277157068253, 0.0026137572713196278, 0.0017571464413776994, -0.007414012216031551, 0.021313605830073357, -0.005026576109230518], [0.0006243218667805195, -0.0019492650171741843, 0.0038277178537100554, -0.001899181166663766, 0.004154383670538664, 0.0026849601417779922, 0.0024342455435544252, -4.76281602459494e-05, -0.003115307539701462, 0.0007342876051552594, 0.0030296756885945797, -0.005026576109230518, 0.020560450851917267]], "lowlevel.mfcc.cov": [[2941.1005859375, -662.36669921875, -363.95184326171875, -438.2919006347656, -273.58831787109375, 11.845137596130371, -173.4306182861328, 22.47376251220703, 187.98452758789062, 83.59461212158203, -16.932310104370117, -158.75955200195312, -100.10497283935547], [-662.36669921875, 1089.1351318359375, 75.24879455566406, -209.1768798828125, -78.76530456542969, 138.2996368408203, 283.79052734375, 80.32169342041016, -30.203418731689453, -138.8797607421875, 174.35357666015625, -90.4542236328125, 37.886844635009766], [-363.95184326171875, 75.24879455566406, 436.5359802246094, 201.150146484375, 99.48738098144531, -94.7042236328125, -1.180681824684143, 36.95414352416992, -46.18382263183594, 30.77189826965332, -126.36258697509766, 135.88746643066406, 24.72159767150879], [-438.2919006347656, -209.1768798828125, 201.150146484375, 594.5623168945312, 233.28675842285156, -18.495471954345703, -50.918861389160156, -9.310519218444824, -33.34161376953125, -2.1963846683502197, -127.91468811035156, 56.23750686645508, -1.6274545192718506], [-273.58831787109375, -78.76530456542969, 99.48738098144531, 233.28675842285156, 331.8115539550781, -25.04115867614746, -132.42428588867188, -53.44403076171875, 17.096397399902344, 72.77584838867188, -83.8323745727539, 33.09183883666992, -11.260292053222656], [11.845137596130371, 138.2996368408203, -94.7042236328125, -18.495471954345703, -25.04115867614746, 286.1502685546875, 126.03213500976562, 48.37772750854492, -32.79401397705078, -13.245433807373047, 93.86254119873047, -81.72319030761719, -87.7015380859375], [-173.4306182861328, 283.79052734375, -1.180681824684143, -50.918861389160156, -132.42428588867188, 126.03213500976562, 317.9989929199219, 93.93180847167969, -99.25990295410156, -92.34488677978516, 121.16553497314453, -43.895896911621094, 13.909676551818848], [22.47376251220703, 80.32169342041016, 36.95414352416992, -9.310519218444824, -53.44403076171875, 48.37772750854492, 93.93180847167969, 145.71885681152344, -4.3058037757873535, 8.614968299865723, 18.409025192260742, 3.4795892238616943, -23.546064376831055], [187.98452758789062, -30.203418731689453, -46.18382263183594, -33.34161376953125, 17.096397399902344, -32.79401397705078, -99.25990295410156, -4.3058037757873535, 195.1022186279297, 64.13153839111328, -8.933958053588867, -10.062503814697266, -8.335793495178223], [83.59461212158203, -138.8797607421875, 30.77189826965332, -2.1963846683502197, 72.77584838867188, -13.245433807373047, -92.34488677978516, 8.614968299865723, 64.13153839111328, 182.14871215820312, -46.512935638427734, 71.29658508300781, -57.14414596557617], [-16.932310104370117, 174.35357666015625, -126.36258697509766, -127.91468811035156, -83.8323745727539, 93.86254119873047, 121.16553497314453, 18.409025192260742, -8.933958053588867, -46.512935638427734, 191.99024963378906, -57.58302307128906, 25.407943725585938], [-158.75955200195312, -90.4542236328125, 135.88746643066406, 56.23750686645508, 33.09183883666992, -81.72319030761719, -43.895896911621094, 3.4795892238616943, -10.062503814697266, 71.29658508300781, -57.58302307128906, 170.58560180664062, 19.850812911987305], [-100.10497283935547, 37.886844635009766, 24.72159767150879, -1.6274545192718506, -11.260292053222656, -87.7015380859375, 13.909676551818848, -23.546064376831055, -8.335793495178223, -57.14414596557617, 25.407943725585938, 19.850812911987305, 143.64593505859375]], "lowlevel.mfcc.icov": [[0.0006335555226542056, 0.000543812639079988, -9.235354809788987e-05, 0.0005313663277775049, 0.00028940793708898127, -0.00016169357695616782, 0.0001090184596250765, -0.000303533481201157, -0.0004205215082038194, 2.2569034626940265e-05, 0.00021629109687637538, 0.0007121243397705257, 3.1562172807753086e-05], [0.000543812639079988, 0.0022648253943771124, -0.0012735193595290184, 0.00149352359585464, -0.000698766962159425, -0.0005044786375947297, -0.0011079186806455255, -0.0003226195985917002, -0.001226035412400961, 0.0013377292780205607, -0.0006388091132976115, 0.0009802371496334672, 0.00014788845146540552], [-9.235354809788987e-05, -0.0012735193595290184, 0.005229945294559002, -0.0012738417135551572, -0.00035350548569113016, 0.0008659429149702191, -0.0005683326162397861, -0.0010409490205347538, 0.0008916244842112064, -0.0004885000525973737, 0.0027359547093510628, -0.002912660827860236, -0.00048160742153413594], [0.0005313663277775049, 0.00149352359585464, -0.0012738417135551572, 0.004001548048108816, -0.002329539507627487, -0.0009018267737701535, -0.0009278902434743941, -0.0005689113168045878, -0.000979772536084056, 0.002167313825339079, 0.001101093366742134, 0.00017216753622051328, 9.110824612434953e-05], [0.00028940793708898127, -0.000698766962159425, -0.00035350548569113016, -0.002329539507627487, 0.006519947201013565, -0.0006716523785144091, 0.0025386610068380833, 0.001251525362022221, 0.0008868470904417336, -0.003266033250838518, 0.00019042704661842436, 0.0015899488935247064, -0.001020431867800653], [-0.00016169357695616782, -0.0005044786375947297, 0.0008659429149702191, -0.0009018267737701535, -0.0006716523785144091, 0.007539371028542519, -0.0018180332845076919, -0.00043537525925785303, 0.0008674765122123063, -0.0006231864099390805, -0.0026967842131853104, 0.0013375316048040986, 0.004610838368535042], [0.0001090184596250765, -0.0011079186806455255, -0.0005683326162397861, -0.0009278902434743941, 0.0025386610068380833, -0.0018180332845076919, 0.009200100786983967, -0.003473490010946989, 0.0031972152646631002, 0.00047055757022462785, -0.0028975720051676035, 0.0004890282871201634, -0.001098062377423048], [-0.000303533481201157, -0.0003226195985917002, -0.0010409490205347538, -0.0005689113168045878, 0.001251525362022221, -0.00043537525925785303, -0.003473490010946989, 0.010357994586229324, -0.0012169228866696358, -0.0016866895603016019, 0.00044094418990425766, -0.0003439744468778372, 0.0011406984413042665], [-0.0004205215082038194, -0.001226035412400961, 0.0008916244842112064, -0.000979772536084056, 0.0008868470904417336, 0.0008674765122123063, 0.0031972152646631002, -0.0012169228866696358, 0.008195697329938412, -0.0034979612100869417, -0.0008253804408013821, 0.001447171438485384, -0.0010140910744667053], [2.2569034626940265e-05, 0.0013377292780205607, -0.0004885000525973737, 0.002167313825339079, -0.003266033250838518, -0.0006231864099390805, 0.00047055757022462785, -0.0016866895603016019, -0.0034979612100869417, 0.012803916819393635, -0.0006334293866530061, -0.005407057702541351, 0.004562807735055685], [0.00021629109687637538, -0.0006388091132976115, 0.0027359547093510628, 0.001101093366742134, 0.00019042704661842436, -0.0026967842131853104, -0.0028975720051676035, 0.00044094418990425766, -0.0008253804408013821, -0.0006334293866530061, 0.011802952736616135, -0.0001222556020366028, -0.0037885571364313364], [0.0007121243397705257, 0.0009802371496334672, -0.002912660827860236, 0.00017216753622051328, 0.0015899488935247064, 0.0013375316048040986, 0.0004890282871201634, -0.0003439744468778372, 0.001447171438485384, -0.005407057702541351, -0.0001222556020366028, 0.012329944409430027, -0.002170832362025976], [3.1562172807753086e-05, 0.00014788845146540552, -0.00048160742153413594, 9.110824612434953e-05, -0.001020431867800653, 0.004610838368535042, -0.001098062377423048, 0.0011406984413042665, -0.0010140910744667053, 0.004562807735055685, -0.0037885571364313364, -0.002170832362025976, 0.012783288955688477]], "metadata.audio_properties.analysis.downmix": "mix", "metadata.audio_properties.codec": "mp3", "metadata.audio_properties.md5_encoded": "e1ec9beb9aec464d303b618af0147dd3", "metadata.tags.file_name": "1183671560725344266.mp3", "metadata.version.essentia": "2.1-beta6-dev", "metadata.version.essentia_git_sha": "v2.1_beta5-1110-g77a6a954", "metadata.version.extractor": "music 2.0", "tonal.chords_key": "F", "tonal.chords_scale": "major", "tonal.key_edma.key": "F", "tonal.key_edma.scale": "major", "tonal.key_krumhansl.key": "F", "tonal.key_krumhansl.scale": "major", "tonal.key_temperley.key": "F", "tonal.key_temperley.scale": "major", "metadata.tags.encoding": ["Lavf58.45.100"]}, "essentia_models": [{"model_name": "genre_dortmund", "activations": {"alternative": "0.1576547", "blues": "0.0041031605", "electronic": "0.00067353935", "folkcountry": "0.13969266", "funksoulrnb": "0.021542039", "jazz": "0.002544618", "pop": "0.20273913", "raphiphop": "0.01506301", "rock": "0.3442616"}}, {"model_name": "genre_rosamerica", "activations": {"classic": "0.0029603785", "dance": "0.00094661664", "hip hop": "0.007140997", "jazz": "0.0009245368", "pop": "0.05391028", "rhythm and blues": "0.2496372", "rock": "0.22202437", "speech": "0.034086477"}}, {"model_name": "genre_tzanetakis", "activations": {"blu