{"song_id": "1183703112544948305", "download": "https://cdn.discordapp.com/attachments/1128313332273782784/1183703112544948305/chirp.mp4?ex=65894c6e&amp", "lyrics": "Verse 1:\n\u0e40\u0e21\u0e37\u0e48\u0e2d\u0e41\u0e2a\u0e07\u0e14\u0e32\u0e27\u0e1a\u0e19\u0e1f\u0e49\u0e32 \u0e40\u0e23\u0e34\u0e48\u0e21\u0e02\u0e36\u0e49\u0e19\u0e2a\u0e39\u0e07\n\u0e40\u0e23\u0e32\u0e40\u0e14\u0e34\u0e19\u0e40\u0e04\u0e35\u0e22\u0e07\u0e02\u0e49\u0e32\u0e07\u0e01\u0e31\u0e19 \u0e43\u0e15\u0e49\u0e41\u0e2a\u0e07\u0e08\u0e31\u0e19\u0e17\u0e23\u0e4c\n\u0e40\u0e2a\u0e35\u0e22\u0e07\u0e25\u0e21\u0e17\u0e35\u0e48\u0e1e\u0e31\u0e14\u0e1c\u0e48\u0e32\u0e19 \u0e23\u0e32\u0e27\u0e01\u0e31\u0e1a\u0e1a\u0e17\u0e40\u0e1e\u0e25\u0e07\n\u0e17\u0e35\u0e48\u0e40\u0e25\u0e48\u0e32\u0e40\u0e23\u0e37\u0e48\u0e2d\u0e07\u0e23\u0e32\u0e27 \u0e02\u0e2d\u0e07\u0e40\u0e23\u0e32\u0e17\u0e35\u0e48\u0e44\u0e21\u0e48\u0e08\u0e32\u0e07\u0e2b\u0e32\u0e22\n\nPre-Chorus:\n\u0e04\u0e33\u0e27\u0e48\u0e32\u0e23\u0e31\u0e01 \u0e17\u0e35\u0e48\u0e40\u0e18\u0e2d\u0e40\u0e2d\u0e48\u0e22\n\u0e01\u0e25\u0e31\u0e1a\u0e01\u0e49\u0e2d\u0e07\u0e43\u0e19\u0e43\u0e08 \u0e17\u0e38\u0e01\u0e04\u0e23\u0e32\u0e27\n\u0e41\u0e21\u0e49\u0e40\u0e27\u0e25\u0e32\u0e08\u0e30\u0e40\u0e1b\u0e25\u0e35\u0e48\u0e22\u0e19\u0e44\u0e1b\n\u0e23\u0e31\u0e01\u0e19\u0e35\u0e49\u0e22\u0e31\u0e07\u0e04\u0e07\u0e2d\u0e22\u0e39\u0e48\n\nChorus:\n\u0e2a\u0e31\u0e0d\u0e0d\u0e32\u0e43\u0e19\u0e1d\u0e31\u0e19 \u0e17\u0e35\u0e48\u0e40\u0e23\u0e32\u0e08\u0e30\u0e1e\u0e1a\u0e01\u0e31\u0e19\n\u0e43\u0e19\u0e42\u0e25\u0e01\u0e44\u0e23\u0e49\u0e40\u0e2a\u0e35\u0e22\u0e07 \u0e41\u0e15\u0e48\u0e40\u0e15\u0e47\u0e21\u0e44\u0e1b\u0e14\u0e49\u0e27\u0e22\u0e23\u0e31\u0e01\n\u0e2b\u0e31\u0e27\u0e43\u0e08\u0e40\u0e23\u0e32 \u0e1c\u0e39\u0e01\u0e1e\u0e31\u0e19\u0e01\u0e31\u0e19\u0e15\u0e25\u0e2d\u0e14\u0e44\u0e1b\n\u0e43\u0e19\u0e40\u0e1e\u0e25\u0e07\u0e19\u0e35\u0e49 \u0e17\u0e35\u0e48\u0e09\u0e31\u0e19\u0e23\u0e49\u0e2d\u0e07\u0e43\u0e2b\u0e49\u0e40\u0e18\u0e2d", "style": ["random"], "essentia_features": {"lowlevel.average_loudness": 0.6635153889656067, "lowlevel.barkbands_crest.mean": 13.248315811157227, "lowlevel.barkbands_crest.stdev": 3.823721408843994, "lowlevel.barkbands_flatness_db.mean": 0.38013118505477905, "lowlevel.barkbands_flatness_db.stdev": 0.14077554643154144, "lowlevel.barkbands_kurtosis.mean": 12.61662483215332, "lowlevel.barkbands_kurtosis.stdev": 23.355012893676758, "lowlevel.barkbands_skewness.mean": 1.8795491456985474, "lowlevel.barkbands_skewness.stdev": 1.9745228290557861, "lowlevel.barkbands_spread.mean": 4.70400857925415, "lowlevel.barkbands_spread.stdev": 6.6236891746521, "lowlevel.dissonance.mean": 0.3623710572719574, "lowlevel.dissonance.stdev": 0.10421553254127502, "lowlevel.dynamic_complexity": 6.760491847991943, "lowlevel.erbbands_crest.mean": 14.535446166992188, "lowlevel.erbbands_crest.stdev": 5.154541492462158, "lowlevel.erbbands_flatness_db.mean": 0.35253483057022095, "lowlevel.erbbands_flatness_db.stdev": 0.16761785745620728, "lowlevel.erbbands_kurtosis.mean": 3.098057508468628, "lowlevel.erbbands_kurtosis.stdev": 6.529288291931152, "lowlevel.erbbands_skewness.mean": 0.7517737150192261, "lowlevel.erbbands_skewness.stdev": 1.4409379959106445, "lowlevel.erbbands_spread.mean": 19.604318618774414, "lowlevel.erbbands_spread.stdev": 22.105852127075195, "lowlevel.hfc.mean": 8.810005187988281, "lowlevel.hfc.stdev": 9.355177879333496, "lowlevel.loudness_ebu128.integrated": -16.242387771606445, "lowlevel.loudness_ebu128.loudness_range": 19.925373077392578, "lowlevel.loudness_ebu128.momentary.mean": -22.48485565185547, "lowlevel.loudness_ebu128.momentary.stdev": 9.263551712036133, "lowlevel.loudness_ebu128.short_term.mean": -21.529260635375977, "lowlevel.loudness_ebu128.short_term.stdev": 8.10843563079834, "lowlevel.melbands_crest.mean": 17.091279983520508, "lowlevel.melbands_crest.stdev": 5.0337910652160645, "lowlevel.melbands_flatness_db.mean": 0.47158190608024597, "lowlevel.melbands_flatness_db.stdev": 0.1467510312795639, "lowlevel.melbands_kurtosis.mean": 21.68602752685547, "lowlevel.melbands_kurtosis.stdev": 34.84941482543945, "lowlevel.melbands_skewness.mean": 2.4855329990386963, "lowlevel.melbands_skewness.stdev": 2.468701124191284, "lowlevel.melbands_spread.mean": 5.023410320281982, "lowlevel.melbands_spread.stdev": 6.924429893493652, "lowlevel.pitch_salience.mean": 0.45058709383010864, "lowlevel.pitch_salience.stdev": 0.11340481787919998, "lowlevel.silence_rate_20dB.mean": 0.9936268925666809, "lowlevel.silence_rate_20dB.stdev": 0.07957698404788971, "lowlevel.silence_rate_30dB.mean": 0.9455388188362122, "lowlevel.silence_rate_30dB.stdev": 0.22692641615867615, "lowlevel.silence_rate_60dB.mean": 0.30996522307395935, "lowlevel.silence_rate_60dB.stdev": 0.46247291564941406, "lowlevel.spectral_centroid.mean": 522.8645629882812, "lowlevel.spectral_centroid.stdev": 391.0347900390625, "lowlevel.spectral_complexity.mean": 7.009849548339844, "lowlevel.spectral_complexity.stdev": 4.354033470153809, "lowlevel.spectral_decrease.mean": -9.542532097839285e-09, "lowlevel.spectral_decrease.stdev": 1.5480283721558408e-08, "lowlevel.spectral_energy.mean": 0.03681478649377823, "lowlevel.spectral_energy.stdev": 0.05909239128232002, "lowlevel.spectral_energyband_high.mean": 6.383517029462382e-05, "lowlevel.spectral_energyband_high.stdev": 0.00026421021902933717, "lowlevel.spectral_energyband_low.mean": 0.019580630585551262, "lowlevel.spectral_energyband_low.stdev": 0.0519157312810421, "lowlevel.spectral_energyband_middle_high.mean": 0.0015253479359671474, "lowlevel.spectral_energyband_middle_high.stdev": 0.002833155682310462, "lowlevel.spectral_energyband_middle_low.mean": 0.01961972378194332, "lowlevel.spectral_energyband_middle_low.stdev": 0.019805096089839935, "lowlevel.spectral_entropy.mean": 5.6853718757629395, "lowlevel.spectral_entropy.stdev": 0.988834798336029, "lowlevel.spectral_flux.mean": 0.053928423672914505, "lowlevel.spectral_flux.stdev": 0.08827424049377441, "lowlevel.spectral_kurtosis.mean": 108.51087188720703, "lowlevel.spectral_kurtosis.stdev": 147.51077270507812, "lowlevel.spectral_rms.mean": 0.004765311721712351, "lowlevel.spectral_rms.stdev": 0.0036343629471957684, "lowlevel.spectral_rolloff.mean": 566.5758056640625, "lowlevel.spectral_rolloff.stdev": 693.1838989257812, "lowlevel.spectral_skewness.mean": 6.735930442810059, "lowlevel.spectral_skewness.stdev": 5.826343536376953, "lowlevel.spectral_spread.mean": 2252690.75, "lowlevel.spectral_spread.stdev": 2033028.125, "lowlevel.spectral_strongpeak.mean": 0.8398354053497314, "lowlevel.spectral_strongpeak.stdev": 0.5739424228668213, "lowlevel.zerocrossingrate.mean": 0.024913376197218895, "lowlevel.zerocrossingrate.stdev": 0.023510338738560677, "metadata.audio_properties.analysis.equal_loudness": 0.0, "metadata.audio_properties.analysis.length": 40.04265213012695, "metadata.audio_properties.analysis.sample_rate": 44100.0, "metadata.audio_properties.analysis.start_time": 0.0, "metadata.audio_properties.bit_rate": 112450.0, "metadata.audio_properties.length": 40.042667388916016, "metadata.audio_properties.lossless": 0.0, "metadata.audio_properties.number_channels": 1.0, "metadata.audio_properties.replay_gain": -9.025934219360352, "metadata.audio_properties.sample_rate": 48000.0, "rhythm.beats_count": 64.0, "rhythm.beats_loudness.mean": 0.050442490726709366, "rhythm.beats_loudness.stdev": 0.07848146557807922, "rhythm.bpm": 74.97320556640625, "rhythm.bpm_histogram_first_peak_bpm": 75.0, "rhythm.bpm_histogram_first_peak_weight": 0.0, "rhythm.bpm_histogram_second_peak_bpm": 167.0, "rhythm.bpm_histogram_second_peak_spread": 0.0, "rhythm.bpm_histogram_second_peak_weight": 0.1587301641702652, "rhythm.danceability": 1.0156983137130737, "rhythm.onset_rate": 2.09714674949646, "tonal.chords_changes_rate": 0.0416666679084301, "tonal.chords_number_rate": 0.010416666977107525, "tonal.chords_strength.mean": 0.5277044177055359, "tonal.chords_strength.stdev": 0.11283666640520096, "tonal.hpcp_crest.mean": 16.84235382080078, "tonal.hpcp_crest.stdev": 7.1367034912109375, "tonal.hpcp_entropy.mean": 1.5646743774414062, "tonal.hpcp_entropy.stdev": 0.5929529666900635, "tonal.key_edma.strength": 0.6379517912864685, "tonal.key_krumhansl.strength": 0.6472206711769104, "tonal.key_temperley.strength": 0.6441851258277893, "tonal.tuning_diatonic_strength": 0.4650026261806488, "tonal.tuning_equal_tempered_deviation": 0.048153627663850784, "tonal.tuning_frequency": 441.2725830078125, "tonal.tuning_nontempered_energy_ratio": 0.6599645018577576, "lowlevel.barkbands.mean": [0.00028537222533486784, 0.0074059790931642056, 0.007931514643132687, 0.007627443410456181, 0.006837976165115833, 0.003917020745575428, 0.00022955075837671757, 0.00023966188018675894, 0.0007281244033947587, 0.00021142233163118362, 0.0005327032413333654, 0.00029175696545280516, 6.018739441060461e-05, 0.00013926849351264536, 0.0001169970419141464, 8.446488936897367e-05, 2.610484261822421e-05, 1.5056079973874148e-05, 5.6991666497197e-05, 2.3081911422195844e-05, 1.2709296242974233e-05, 9.540823157294653e-06, 1.4705974535900168e-05, 7.194629233708838e-06, 7.266319244081387e-06, 2.6950533538183663e-06, 3.335886233912788e-08], "lowlevel.barkbands.stdev": [0.0015726682031527162, 0.03834645077586174, 0.018193062394857407, 0.009870574809610844, 0.010694051161408424, 0.007590655703097582, 0.0007608559681102633, 0.0003658232744783163, 0.002057553268969059, 0.0006348073366098106, 0.0011464818380773067, 0.0012629261473193765, 0.00019167257414665073, 0.00046587694669142365, 0.0003240889054723084, 0.0002682889753486961, 0.00014555685629602522, 5.499090548255481e-05, 0.00013720884453505278, 5.596890696324408e-05, 6.673172174487263e-05, 5.335700188879855e-05, 9.439938003197312e-05, 4.459222327568568e-05, 3.911049134330824e-05, 1.5336258002207614e-05, 2.453111562772392e-07], "lowlevel.erbbands.mean": [0.1931852549314499, 1.7949210405349731, 8.003918647766113, 18.93832778930664, 20.62318992614746, 24.27410316467285, 42.92689514160156, 21.7281551361084, 4.670296669006348, 4.174030303955078, 7.181377410888672, 14.678109169006348, 9.964262962341309, 15.28824234008789, 18.407236099243164, 8.481176376342773, 3.3807246685028076, 7.002742767333984, 6.0142822265625, 4.962669849395752, 4.634638786315918, 1.7746750116348267, 0.8511891961097717, 1.8854714632034302, 2.7262001037597656, 1.1032365560531616, 0.726431667804718, 0.31180545687675476, 0.323563814163208, 0.4489039480686188, 0.38619503378868103, 0.16968542337417603, 0.12227018177509308, 0.09727568179368973, 0.039454516023397446, 0.01409810408949852, 0.004917190410196781, 0.00046658402425237, 2.67023679043632e-05, 4.0988237742567435e-05], "lowlevel.erbbands.stdev": [1.0754975080490112, 9.004118919372559, 20.588102340698242, 26.14714241027832, 25.909198760986328, 47.85110855102539, 72.3284912109375, 43.49959945678711, 14.820615768432617, 6.186032772064209, 16.58538246154785, 45.247169494628906, 27.548322677612305, 29.72182846069336, 56.273536682128906, 31.22939682006836, 9.41750717163086, 23.694374084472656, 16.72583770751953, 13.678857803344727, 15.487106323242188, 9.250893592834473, 3.092930793762207, 4.627825736999512, 6.672517776489258, 2.4610183238983154, 3.0908992290496826, 1.6614913940429688, 1.807924509048462, 2.609267473220825, 2.5620617866516113, 1.0783859491348267, 0.7332408428192139, 0.5488380193710327, 0.2123325616121292, 0.0819636657834053, 0.029767543077468872, 0.0031863620970398188, 6.60316291032359e-05, 6.419554119929671e-05], "lowlevel.gfcc.mean": [-216.56858825683594, 161.8448944091797, -93.38822937011719, -31.71964454650879, -72.79904174804688, -5.774632930755615, -17.37828254699707, -0.8842995762825012, -27.37865447998047, -14.066935539245605, -12.064292907714844, -10.844437599182129, 1.6091276407241821], "lowlevel.melbands.mean": [0.0018786663422361016, 0.0036251142155379057, 0.0033690822310745716, 0.0014596241526305676, 0.0014450571034103632, 0.0005344447563402355, 6.053346078260802e-05, 4.699826240539551e-05, 6.848580233054236e-05, 9.872348164208233e-05, 4.805454227607697e-05, 5.7784785894909874e-05, 6.20307182543911e-05, 4.2354648030595854e-05, 1.0055866368929856e-05, 6.76581657899078e-06, 1.4080833352636546e-05, 9.129407771979459e-06, 8.815466571832076e-06, 5.651417723129271e-06, 4.826633812626824e-06, 1.8901497469414608e-06, 8.247122877946822e-07, 6.544677262354526e-07, 1.5043303847050993e-06, 2.6894335860561114e-06, 1.1266204182902584e-06, 6.17099431110546e-07, 4.636517019207531e-07, 3.411757063531695e-07, 1.263550615249187e-07, 1.6129831692524021e-07, 2.1996527266310295e-07, 2.8096070536776097e-07, 2.6290172172593884e-07, 1.325901877180513e-07, 9.267307632399024e-08, 8.445774568599518e-08, 8.967225539890933e-08, 7.880723984499127e-08], "lowlevel.melbands.stdev": [0.010110910050570965, 0.010305974632501602, 0.004277847707271576, 0.002190626924857497, 0.0022381525486707687, 0.0010343472240492702, 0.00019595718185883015, 7.409619865939021e-05, 0.0001990158052649349, 0.0003057575086131692, 0.00014144103624857962, 0.00011635066766757518, 0.00014900395763106644, 0.0001804120111046359, 3.7631456507369876e-05, 2.424844933557324e-05, 5.0623028073459864e-05, 2.868063165806234e-05, 2.4872964786482044e-05, 1.6852016415214166e-05, 1.7321295672445558e-05, 1.2275801054784097e-05, 3.0503238122037146e-06, 2.2349099708662834e-06, 3.980421752203256e-06, 7.5187895163253415e-06, 2.986725576192839e-06, 1.3998370604895172e-06, 1.9474186956358608e-06, 1.937500201165676e-06, 6.787414577047457e-07, 8.940428415371571e-07, 1.312286713073263e-06, 1.7315353488811525e-06, 1.8639248082763515e-06, 8.505041364514909e-07, 6.107508738750766e-07, 5.385383019529399e-07, 5.313485758051684e-07, 4.444548835635942e-07], "lowlevel.melbands128.mean": [0.00026957353111356497, 0.0014265519566833973, 0.002414662390947342, 0.003009800799190998, 0.0038220614660531282, 0.003905861871317029, 0.0039331973530352116, 0.0037213177420198917, 0.0018497786950320005, 0.0010558364447206259, 0.0014051434118300676, 0.0014173638774082065, 0.0016467092791572213, 0.0013059297343716025, 0.00045911362394690514, 0.0001769091613823548, 6.795568333473057e-05, 4.4650263589574024e-05, 4.450634878594428e-05, 3.832698712358251e-05, 6.183192454045638e-05, 3.3543965400895104e-05, 6.846404721727595e-05, 0.0001130481978179887, 7.092511077644303e-05, 0.00013136125926394016, 7.078624912537634e-05, 2.578158091637306e-05, 4.600797547027469e-05, 2.1982445105095394e-05, 8.879565575625747e-05, 8.027905278140679e-05, 3.543765706126578e-05, 7.509291754104197e-05, 6.697657954646274e-05, 2.657168806763366e-05, 7.563406143162865e-06, 1.663243892835453e-05, 4.7492321755271405e-06, 4.942077794112265e-06, 7.908776751719415e-06, 7.361596090049716e-06, 1.8492672097636387e-05, 1.4040230780665297e-05, 9.161059097095858e-06, 9.463313290325459e-06, 7.628334060427733e-06, 1.1023187653336208e-05, 8.822226845950354e-06, 3.5602586194727337e-06, 4.78184801977477e-06, 7.915968126326334e-06, 7.868768989283126e-06, 2.002401060963166e-06, 1.3599126305052778e-06, 2.834075075952569e-06, 1.3461777825796162e-06, 6.706992508043186e-07, 7.577125415991759e-07, 8.428029332208098e-07, 3.9537178508908255e-07, 6.68636744194373e-07, 1.2896624639324727e-06, 1.4344826695378288e-06, 2.254174660265562e-06, 4.011551027360838e-06, 1.927017592606717e-06, 1.1935919701500097e-06, 1.088766111934092e-06, 7.947548397169157e-07, 6.535242960126197e-07, 4.860651756644074e-07, 4.499378576383606e-07, 4.888784133072477e-07, 4.366474968264811e-07, 4.3470768673614657e-07, 2.7021309279007255e-07, 1.0896393831671958e-07, 1.1852419135038872e-07, 1.1971295066359744e-07, 1.4443686779941345e-07, 1.7034274435445695e-07, 2.2366130281170626e-07, 2.3717676356227457e-07, 2.061632500272026e-07, 2.1306048836322589e-07, 3.096694172199932e-07, 4.100997159639519e-07, 2.7068946906183555e-07, 1.5742975278953963e-07, 1.4698878203489585e-07, 1.3600045178918663e-07, 8.845145771374519e-08, 7.652260336499239e-08, 1.120699835155392e-07, 9.284418922561599e-08, 7.28535667349206e-08, 7.964492709788829e-08, 8.433900688942231e-08, 9.992202620878743e-08, 9.625910735167054e-08, 6.892059190022337e-08, 6.85827856727883e-08, 5.529427937744913e-08, 3.962915329225325e-08, 3.5120994112958215e-08, 3.176917218183917e-08, 2.90166450866991e-08, 2.4125517583684086e-08, 1.7475615621265206e-08, 1.7237287153193392e-08, 1.6376047184962772e-08, 1.9710821419494096e-08, 1.3340163640407354e-08, 7.523616396554189e-09, 4.1812273643415665e-09, 1.3228892425942718e-09, 1.669872295995134e-10, 1.1853890265201006e-11, 5.6994491591522145e-12, 5.558400094363147e-12, 5.453686113821021e-12, 5.348046658304462e-12, 5.2536716296791575e-12, 5.125851999798758e-12, 4.959469900728264e-12, 4.862690545365256e-12, 4.828787109750765e-12], "lowlevel.melbands128.stdev": [0.0015098558505997062, 0.008235304616391659, 0.01521993987262249, 0.015611808747053146, 0.012071283534169197, 0.008330214768648148, 0.005987159907817841, 0.004887232091277838, 0.002684409264475107, 0.0023168562911450863, 0.0034366752952337265, 0.0032946974970400333, 0.0031181126832962036, 0.002931469352915883, 0.001232042326591909, 0.0007548604626208544, 0.00036294880555942655, 0.00018257787451148033, 7.783633918734267e-05, 7.848886161809787e-05, 0.00012112421245547011, 6.871463847346604e-05, 0.00021137087605893612, 0.0004974642070010304, 0.0003199068596586585, 0.0005311888526193798, 0.00036551032098941505, 8.061453991103917e-05, 0.00021128871594555676, 8.386479021282867e-05, 0.00021146352810319513, 0.00021994291455484927, 9.317471267422661e-05, 0.00036964454920962453, 0.0003490684903226793, 0.00017573832883499563, 3.444699177634902e-05, 7.742789603071287e-05, 2.0414096070453525e-05, 2.5707309760036878e-05, 3.5420689528109506e-05, 4.484632154344581e-05, 8.159092249115929e-05, 6.005964314681478e-05, 5.324885205482133e-05, 3.865776307065971e-05, 3.495272176223807e-05, 3.795399970840663e-05, 4.171548062004149e-05, 1.4246704267861787e-05, 2.15304007724626e-05, 3.195833050995134e-05, 3.849895074381493e-05, 7.07071239958168e-06, 7.71476607042132e-06, 2.504728763597086e-05, 5.8903838180413e-06, 2.7421408503869316e-06, 3.3694670946715632e-06, 4.6376239879464265e-06, 1.2290421409488772e-06, 2.7425157895777375e-06, 4.623764198186109e-06, 4.750407697429182e-06, 6.857480912003666e-06, 1.5055172298161779e-05, 5.772195436293259e-06, 3.297053808637429e-06, 3.885095793521032e-06, 2.3007507934380556e-06, 1.9034752085644868e-06, 1.2072307526977966e-06, 1.981638433790067e-06, 2.451094587740954e-06, 2.235084593849024e-06, 2.6500345029489836e-06, 1.6266226339212153e-06, 7.0406997565442e-07, 6.748191481165122e-07, 5.753981895395555e-07, 8.600015348747547e-07, 1.0603878308756975e-06, 1.4529974805554957e-06, 1.5253634728651377e-06, 1.4481909147434635e-06, 1.2560757340907003e-06, 2.008556521104765e-06, 3.4493141356506385e-06, 2.026915808528429e-06, 1.0237273500024457e-06, 9.727172027851338e-07, 9.794218840397662e-07, 6.185959477988945e-07, 5.193300012251711e-07, 7.959959589243226e-07, 6.714859068779333e-07, 4.87828344830632e-07, 5.221565970714437e-07, 5.21053834745544e-07, 6.088820896366087e-07, 6.092212174735323e-07, 3.895681004451035e-07, 3.8555887726943183e-07, 3.185153616414027e-07, 2.3096356471796753e-07, 2.205949130029694e-07, 1.7860705270322796e-07, 1.8406768731438206e-07, 1.5298796540719195e-07, 1.1650644893279605e-07, 1.0915946546674604e-07, 9.681389911975202e-08, 1.3240280338777666e-07, 1.0811812956035283e-07, 6.04027547979058e-08, 3.3444987224129363e-08, 9.208958040574089e-09, 1.6236437749839183e-09, 2.3086195455324088e-10, 1.235785692527136e-11, 1.2068073970694648e-11, 1.1819273858237889e-11, 1.1574088909505065e-11, 1.1383410707110908e-11, 1.1219945979246138e-11, 1.1085563890456118e-11, 1.0990701404534065e-11, 1.093183009392984e-11], "lowlevel.mfcc.mean": [-854.5316772460938, 185.90994262695312, 23.886932373046875, -0.25137606263160706, -30.57745933532715, -19.94938850402832, 3.42185378074646, 3.590534210205078, 3.68748140335083, 0.618486225605011, -17.62694549560547, -15.628857612609863, 3.154174327850342], "lowlevel.spectral_contrast_coeffs.mean": [-0.6251915693283081, -0.7261279821395874, -0.675743579864502, -0.822204053401947, -0.840415358543396, -0.8204787969589233], "lowlevel.spectral_contrast_coeffs.stdev": [0.12398193031549454, 0.06766139715909958, 0.0908963531255722, 0.06548368185758591, 0.061158329248428345, 0.06169043853878975], "lowlevel.spectral_contrast_valleys.mean": [-8.548269271850586, -7.829104900360107, -8.921506881713867, -10.171965599060059, -10.550254821777344, -13.25240421295166], "lowlevel.spectral_contrast_valleys.stdev": [2.9298160076141357, 1.0313520431518555, 1.4610027074813843, 2.472792625427246, 2.6281919479370117, 1.9865338802337646], "rhythm.beats_loudness_band_ratio.mean": [0.3626481294631958, 0.16418202221393585, 0.2898940443992615, 0.19886252284049988, 0.00963166169822216, 0.004031549673527479], "rhythm.beats_loudness_band_ratio.stdev": [0.3869606554508209, 0.21336860954761505, 0.32686445116996765, 0.24918276071548462, 0.022000767290592194, 0.009060242213308811], "tonal.hpcp.mean": [0.00832932535558939, 0.013455399312078953, 0.21516653895378113, 0.33134666085243225, 0.13250204920768738, 0.07505763322114944, 0.10563012212514877, 0.04723939672112465, 0.07541576772928238, 0.09743531793355942, 0.048429686576128006, 0.14251619577407837, 0.22664785385131836, 0.11030776053667068, 0.019528839737176895, 0.015753764659166336, 0.03740768879652023, 0.21260225772857666, 0.2787323594093323, 0.10941516607999802, 0.018641425296664238, 0.008723356761038303, 0.010808024555444717, 0.10758454352617264, 0.17030422389507294, 0.08372812718153, 0.13979627192020416, 0.2070443481206894, 0.08776305615901947, 0.013374032452702522, 0.01062527671456337, 0.010603184811770916, 0.10981068015098572, 0.1890101283788681, 0.09006863087415695, 0.010410699993371964], "tonal.hpcp.stdev": [0.06501980870962143, 0.058695174753665924, 0.28732478618621826, 0.39796313643455505, 0.20040637254714966, 0.20422647893428802, 0.2776367962360382, 0.1338028460741043, 0.2006153017282486, 0.22706489264965057, 0.12791228294372559, 0.23230017721652985, 0.3459353744983673, 0.20936179161071777, 0.11283212155103683, 0.10030648857355118, 0.14011336863040924, 0.315809041261673, 0.38672664761543274, 0.19746027886867523, 0.10353334993124008, 0.061395060271024704, 0.07226323336362839, 0.2207092046737671, 0.31962916254997253, 0.1708788424730301, 0.2523977756500244, 0.34992843866348267, 0.1782371550798416, 0.06201929599046707, 0.06012829393148422, 0.0578368604183197, 0.19578112661838531, 0.31548357009887695, 0.16985245048999786, 0.06370778381824493], "rhythm.beats_position": [0.3482993245124817, 0.6965986490249634, 1.0448979139328003, 1.404807209968567, 1.7647165060043335, 2.11301589012146, 2.4729251861572266, 2.8444442749023438, 3.2043535709381104, 3.564262866973877, 3.9241721630096436, 4.29569149017334, 4.6556010246276855, 5.015510082244873, 5.363809585571289, 5.700498580932617, 6.048798084259033, 6.397097587585449, 6.757006645202637, 7.116916179656982, 7.54648494720459, 7.987664222717285, 8.42884349822998, 8.870022773742676, 9.404081344604492, 9.949749946594238, 10.588298797607422, 11.238457679748535, 11.888616561889648, 12.538775444030762, 13.188934326171875, 13.839092254638672, 14.489251136779785, 15.290339469909668, 16.091428756713867, 16.90412712097168, 17.705215454101562, 18.494693756103516, 19.2957820892334, 20.08526039123535, 20.886348724365234, 21.699047088623047, 22.50013542175293, 23.301223754882812, 24.102312088012695, 24.903400421142578, 25.70448875427246, 26.505577087402344, 27.306665420532227, 28.09614372253418, 28.885623931884766, 29.68671226501465, 30.48780059814453, 31.288888931274414, 32.0899772644043, 32.90267562866211, 33.70376205444336, 34.504852294921875, 35.29433059692383, 36.10702896118164, 36.90811538696289, 37.709205627441406, 38.49868392944336, 39.299774169921875], "rhythm.bpm_histogram": [0.0, 0.0, 0.0, 0.0, 0.0, 0.0, 0.0, 0.0, 0.0, 0.0, 0.0, 0.0, 0.0, 0.0, 0.0, 0.0, 0.0, 0.0, 0.0, 0.0, 0.0, 0.0, 0.0, 0.0, 0.0, 0.0, 0.0, 0.0, 0.0, 0.0, 0.0, 0.0, 0.0, 0.0, 0.0, 0.0, 0.0, 0.0, 0.0, 0.0, 0.0, 0.0, 0.0, 0.0, 0.0, 0.0, 0.0, 0.0, 0.0, 0.0, 0.0, 0.0, 0.0, 0.0, 0.0, 0.0, 0.0, 0.0, 0.0, 0.0, 0.0, 0.0, 0.0, 0.0, 0.0, 0.0, 0.0, 0.0, 0.0, 0.0, 0.0, 0.0, 0.0, 0.0, 0.0634920671582222, 0.3333333432674408, 0.095238097012043, 0.0, 0.0, 0.0, 0.0, 0.0, 0.0, 0.0, 0.0, 0.0, 0.0, 0.0, 0.0, 0.0, 0.0, 0.0, 0.095238097012043, 0.0, 0.01587301678955555, 0.0, 0.0, 0.0, 0.0, 0.0, 0.0, 0.0, 0.0, 0.0, 0.0, 0.0, 0.0, 0.0, 0.0, 0.0, 0.01587301678955555, 0.0, 0.01587301678955555, 0.0, 0.0, 0.0, 0.0, 0.0, 0.0, 0.0, 0.0, 0.0, 0.0, 0.0, 0.0, 0.0, 0.0, 0.0, 0.0, 0.0, 0.0, 0.0, 0.0, 0.0, 0.0, 0.0, 0.0476190485060215, 0.0, 0.0, 0.0, 0.01587301678955555, 0.0, 0.0, 0.0, 0.0, 0.0, 0.0, 0.0, 0.0, 0.0, 0.0, 0.0, 0.0, 0.0, 0.0, 0.0, 0.0, 0.0, 0.0, 0.0, 0.0, 0.0317460335791111, 0.0, 0.0, 0.0, 0.0, 0.0, 0.1587301641702652, 0.0, 0.0, 0.0, 0.0, 0.095238097012043, 0.0, 0.0, 0.0, 0.0, 0.0, 0.01587301678955555, 0.0, 0.0, 0.0, 0.0, 0.0, 0.0, 0.0, 0.0, 0.0, 0.0, 0.0, 0.0, 0.0, 0.0, 0.0, 0.0, 0.0, 0.0, 0.0, 0.0, 0.0, 0.0, 0.0, 0.0, 0.0, 0.0, 0.0, 0.0, 0.0, 0.0, 0.0, 0.0, 0.0, 0.0, 0.0, 0.0, 0.0, 0.0, 0.0, 0.0, 0.0, 0.0, 0.0, 0.0, 0.0, 0.0, 0.0, 0.0, 0.0, 0.0, 0.0, 0.0, 0.0, 0.0, 0.0, 0.0, 0.0, 0.0, 0.0, 0.0, 0.0, 0.0, 0.0, 0.0, 0.0, 0.0, 0.0, 0.0, 0.0, 0.0, 0.0], "tonal.chords_histogram": [29.51388931274414, 20.13888931274414, 0.3472222089767456, 4.629629611968994, 11.689814567565918, 0.0, 1.0416666269302368, 0.0, 1.6203703880310059, 0.5787037014961243, 1.6203703880310059, 0.0, 0.0, 0.0, 0.3472222089767456, 0.0, 0.0, 0.0, 0.0, 0.0, 0.0, 15.856481552124023, 0.0, 12.615740776062012], "tonal.thpcp": [1.0, 0.3998894989490509, 0.22652298212051392, 0.31879037618637085, 0.14256790280342102, 0.22760382294654846, 0.29405856132507324, 0.14616017043590546, 0.4301120638847351, 0.6840203404426575, 0.33290740847587585, 0.058937788009643555, 0.04754466190934181, 0.11289592832326889, 0.6416308879852295, 0.8412107229232788, 0.3302135765552521, 0.05625958368182182, 0.0263269804418087, 0.032618481665849686, 0.32468879222869873, 0.513975977897644, 0.2526904344558716, 0.4219033718109131, 0.6248571872711182, 0.26486778259277344, 0.040362659841775894, 0.0320669487118721, 0.03200027719140053, 0.33140721917152405, 0.5704301595687866, 0.27182596921920776, 0.031419359147548676, 0.025137796998023987, 0.04060822352766991, 0.6493698954582214], "lowlevel.gfcc.cov": [[43315.9375, -45.96627426147461, 811.7543334960938, 16580.37890625, 7956.34375, 2035.015380859375, -3875.267578125, -1587.4775390625, -2675.103271484375, -467.03460693359375, -1716.9112548828125, -2573.823974609375, -287.02056884765625], [-45.96627426147461, 1761.2098388671875, 430.7921447753906, 50.95779037475586, 644.5477294921875, -77.7458724975586, 298.1188049316406, -255.3734893798828, 71.94573211669922, -181.47128295898438, 149.33181762695312, -266.02880859375, 117.52713775634766], [811.7543334960938, 430.7921447753906, 1075.244384765625, 910.541015625, 407.8974914550781, 114.74781036376953, -34.841163635253906, -129.99449157714844, -2.897836923599243, -62.09270477294922, -110.54712677001953, -88.61688995361328, -52.83120346069336], [16580.37890625, 50.95779037475586, 910.541015625, 7548.29052734375, 3431.2451171875, 770.064697265625, -1519.416259765625, -627.9473876953125, -930.4232177734375, -263.7178955078125, -762.2465209960938, -1082.370361328125, -151.81373596191406], [7956.34375, 644.5477294921875, 407.8974914550781, 3431.2451171875, 2071.095703125, 469.8236083984375, -594.1181640625, -373.5655822753906, -459.63909912109375, -144.01287841796875, -308.13763427734375, -641.1286010742188, -39.4591064453125], [2035.015380859375, -77.7458724975586, 114.74781036376953, 770.064697265625, 469.8236083984375, 361.3221130371094, -92.66993713378906, -57.002708435058594, -134.70706176757812, 28.366804122924805, -102.96212768554688, -150.94644165039062, -48.709312438964844], [-3875.267578125, 298.1188049316406, -34.841163635253906, -1519.416259765625, -594.1181640625, -92.66993713378906, 596.3612060546875, 158.42483520507812, 295.81927490234375, 3.9507665634155273, 179.48910522460938, 191.0253143310547, 14.844010353088379], [-1587.4775390625, -255.3734893798828, -129.99449157714844, -627.9473876953125, -373.5655822753906, -57.002708435058594, 158.42483520507812, 240.99171447753906, 154.23768615722656, 41.26548385620117, 34.639766693115234, 134.88479614257812, -8.167214393615723], [-2675.103271484375, 71.94573211669922, -2.897836923599243, -930.4232177734375, -459.63909912109375, -134.70706176757812, 295.81927490234375, 154.23768615722656, 300.1763916015625, 11.307589530944824, 100.06561279296875, 157.65626525878906, 16.650915145874023], [-467.03460693359375, -181.47128295898438, -62.09270477294922, -263.7178955078125, -144.01287841796875, 28.366804122924805, 3.9507665634155273, 41.26548385620117, 11.307589530944824, 156.0180206298828, 47.45920181274414, 45.233341217041016, 2.3077211380004883], [-1716.9112548828125, 149.33181762695312, -110.54712677001953, -762.2465209960938, -308.13763427734375, -102.96212768554688, 179.48910522460938, 34.639766693115234, 100.06561279296875, 47.45920181274414, 191.09324645996094, 116.63805389404297, 45.12781524658203], [-2573.823974609375, -266.02880859375, -88.61688995361328, -1082.370361328125, -641.1286010742188, -150.94644165039062, 191.0253143310547, 134.88479614257812, 157.65626525878906, 45.233341217041016, 116.63805389404297, 308.83746337890625, 18.63044548034668], [-287.02056884765625, 117.52713775634766, -52.83120346069336, -151.81373596191406, -39.4591064453125, -48.709312438964844, 14.844010353088379, -8.167214393615723, 16.650915145874023, 2.3077211380004883, 45.12781524658203, 18.63044548034668, 111.72315979003906]], "lowlevel.gfcc.icov": [[0.0003472407697699964, -0.0005578697309829295, 0.0005251342081464827, -0.0006768090534023941, 0.00023761644843034446, -0.0007383254705928266, 0.0006902094464749098, -0.00023456198687199503, 0.0007250584312714636, -0.00019145285477861762, 0.0004749234358314425, -0.0005368225392885506, 0.0002543266164138913], [-0.0005578697309829295, 0.005580730736255646, -0.002686091000214219, 0.0026368305552750826, -0.004123502876609564, 0.004130213987082243, -0.003402039408683777, 0.0027601192705333233, -0.0020056557841598988, 0.0029802019707858562, -0.0044697923585772514, 0.00543344859033823, -0.00285611511208117], [0.0005251342081464827, -0.002686091000214219, 0.0028704009018838406, -0.0019605052657425404, 0.0018341531977057457, -0.0023552607744932175, 0.001319343107752502, -8.882564725354314e-05, 0.0005281721823848784, -0.001586529309861362, 0.00288370274938643, -0.0033314316533505917, 0.0016520001227036119], [-0.0006768090534023941, 0.0026368305552750826, -0.0019605052657425404, 0.0029100230894982815, -0.002907539252191782, 0.0023211552761495113, -0.0007177979568950832, 0.0008729250403121114, -0.0017357280012220144, 0.0016808522632345557, -0.001521351863630116, 0.0027002228889614344, -0.0009529165108688176], [0.00023761644843034446, -0.004123502876609564, 0.0018341531977057457, -0.002907539252191782, 0.006627958733588457, -0.004180316813290119, 0.0017309526447206736, -0.0014115824596956372, 0.0014130737399682403, -0.0014086700975894928, 0.0019992664456367493, -0.0013207161100581288, 0.0012809809995815158], [-0.0007383254705928266, 0.004130213987082243, -0.0023552607744932175, 0.0023211552761495113, -0.004180316813290119, 0.009206070564687252, -0.005101521033793688, 0.001464154222048819, 7.948012353153899e-05, -0.0009683924145065248, -0.0010695462115108967, 0.003770642913877964, -0.0010677375830709934], [0.0006902094464749098, -0.003402039408683777, 0.001319343107752502, -0.0007177979568950832, 0.0017309526447206736, -0.005101521033793688, 0.009182463400065899, -0.0026013576425611973, -0.0015846951864659786, 0.0011443401454016566, -3.556626325007528e-05, -0.0022598563227802515, 0.002581201260909438], [-0.00023456198687199503, 0.0027601192705333233, -8.882564725354314e-05, 0.0008729250403121114, -0.0014115824596956372, 0.001464154222048819, -0.0026013576425611973, 0.010214044712483883, -0.004730990156531334, -0.000275526283076033, 0.0005899462848901749, 0.0006688418216072023, -0.0007688951445743442], [0.0007250584312714636, -0.0020056557841598988, 0.0005281721823848784, -0.0017357280012220144, 0.0014130737399682403, 7.948012353153899e-05, -0.0015846951864659786, -0.004730990156531334, 0.011674254201352596, -0.0010117314523085952, 0.0013879379257559776, -0.0019520013593137264, 0.00030805051210336387], [-0.00019145285477861762, 0.0029802019707858562, -0.001586529309861362, 0.0016808522632345557, -0.0014086700975894928, -0.0009683924145065248, 0.0011443401454016566, -0.000275526283076033, -0.0010117314523085952, 0.011369134299457073, -0.006350082810968161, 0.003751792013645172, -0.0013297289842739701], [0.0004749234358314425, -0.0044697923585772514, 0.00288370274938643, -0.001521351863630116, 0.0019992664456367493, -0.0010695462115108967, -3.556626325007528e-05, 0.0005899462848901749, 0.0013879379257559776, -0.006350082810968161, 0.016231250017881393, -0.006914819590747356, 2.7297255655867048e-05], [-0.0005368225392885506, 0.00543344859033823, -0.0033314316533505917, 0.0027002228889614344, -0.0013207161100581288, 0.003770642913877964, -0.0022598563227802515, 0.0006688418216072023, -0.0019520013593137264, 0.003751792013645172, -0.006914819590747356, 0.015400362201035023, -0.0030359928496181965], [0.0002543266164138913, -0.00285611511208117, 0.0016520001227036119, -0.0009529165108688176, 0.0012809809995815158, -0.0010677375830709934, 0.002581201260909438, -0.0007688951445743442, 0.00030805051210336387, -0.0013297289842739701, 2.7297255655867048e-05, -0.0030359928496181965, 0.012159441597759724]], "lowlevel.mfcc.cov": [[32371.1171875, 1137.7578125, -2030.173095703125, 8157.87060546875, 9270.9912109375, 6313.68115234375, 2429.82080078125, -1677.24609375, -1449.3359375, 463.9755554199219, -556.7156982421875, -1405.8070068359375, -1024.816650390625], [1137.7578125, 2113.862060546875, 26.760517120361328, 697.3076782226562, 804.4400634765625, 667.6112060546875, 456.0126037597656, -106.99465942382812, -64.82561492919922, 101.67181396484375, -7.78014612197876, -117.94915008544922, -87.90210723876953], [-2030.173095703125, 26.760517120361328, 817.060791015625, -294.3086853027344, -471.1697692871094, -206.17886352539062, -166.12623596191406, 184.095703125, 112.9344482421875, -60.52677917480469, 73.86676025390625, 92.91056823730469, 19.060382843017578], [8157.87060546875, 697.3076782226562, -294.3086853027344, 2804.59765625, 2815.9560546875, 1917.4930419921875, 639.3328247070312, -379.2420959472656, -356.416015625, 152.18869018554688, -94.90586853027344, -370.2685546875, -323.64837646484375], [9270.9912109375, 804.4400634765625, -471.1697692871094, 2815.9560546875, 3308.335693359375, 2213.362548828125, 830.2930908203125, -532.4296875, -402.8621520996094, 218.70513916015625, -118.0862045288086, -434.6327209472656, -362.70611572265625], [6313.68115234375, 667.6112060546875, -206.17886352539062, 1917.4930419921875, 2213.362548828125, 1744.6346435546875, 688.0560302734375, -340.0352783203125, -274.8851318359375, 164.48204040527344, -34.65812683105469, -262.48797607421875, -269.3006591796875], [2429.82080078125, 456.0126037597656, -166.12623596191406, 639.3328247070312, 830.2930908203125, 688.0560302734375, 445.43170166015625, -118.71929931640625, -101.5635986328125, 94.89978790283203, -1.1902803182601929, -100.5916748046875, -90.20303344726562], [-1677.24609375, -106.99465942382812, 184.095703125, -379.2420959472656, -532.4296875, -340.0352783203125, -118.71929931640625, 323.0704650878906, 153.9907684326172, -31.682065963745117, 59.7257194519043, 113.37664031982422, 63.635276794433594], [-1449.3359375, -64.82561492919922, 112.9344482421875, -356.416015625, -402.8621520996094, -274.8851318359375, -101.5635986328125, 153.9907684326172, 218.44313049316406, 31.66314125061035, 48.20133590698242, 71.47955322265625, 47.49711990356445], [463.9755554199219, 101.67181396484375, -60.52677917480469, 152.18869018554688, 218.70513916015625, 164.48204040527344, 94.89978790283203, -31.682065963745117, 31.66314125061035, 138.46780395507812, 37.214744567871094, -25.435380935668945, -24.325775146484375], [-556.7156982421875, -7.78014612197876, 73.86676025390625, -94.90586853027344, -118.0862045288086, -34.65812683105469, -1.1902803182601929, 59.7257194519043, 48.20133590698242, 37.214744567871094, 117.7058334350586, 68.57626342773438, 21.190502166748047], [-1405.8070068359375, -117.94915008544922, 92.91056823730469, -370.2685546875, -434.6327209472656, -262.48797607421875, -100.5916748046875, 113.37664031982422, 71.47955322265625, -25.435380935668945, 68.57626342773438, 154.81484985351562, 82.76138305664062], [-1024.816650390625, -87.90210723876953, 19.060382843017578, -323.64837646484375, -362.70611572265625, -269.3006591796875, -90.20303344726562, 63.635276794433594, 47.49711990356445, -24.325775146484375, 21.190502166748047, 82.76138305664062, 132.1086883544922]], "lowlevel.mfcc.icov": [[0.0002696308947633952, 0.0001896195171866566, 0.00021391880000010133, -0.0002574110694695264, -0.00025865479256026447, -0.00023459905060008168, -0.0002890107571147382, -1.5541561992904462e-07, 0.00022772174270357937, 0.00014927939628250897, 0.0002428674342809245, 0.00046264679986052215, -0.00021248828852549195], [0.0001896195171866566, 0.0007820893079042435, -6.735455099260435e-05, -0.00035950762685388327, -0.00010969862341880798, 4.5544406020781025e-05, -0.0011293449206277728, 0.0001626890298211947, -3.2653547350491863e-06, 4.2408835724927485e-05, 0.00029704906046390533, 0.00041912758024409413, -0.00023873911413829774], [0.00021391880000010133, -6.735455099260435e-05, 0.0020096900407224894, -0.0001929101417772472, 0.0004056010511703789, -0.0013476329622790217, 0.0010198911186307669, -0.000578053412027657, -0.0002543014707043767, 0.0009510453674010932, -0.0007097642519511282, 0.0006688551511615515, 0.00015473776147700846], [-0.0002574110694695264, -0.00035950762685388327, -0.0001929101417772472, 0.003415178507566452, -0.002118790289387107, -0.000960024946834892, 0.002096607582643628, -0.001445578527636826, 0.0006892671808600426, 0.0001109778240788728, -0.0006047716015018523, 0.000422582495957613, 0.00011712528066709638], [-0.00025865479256026447, -0.00010969862341880798, 0.0004056010511703789, -0.002118790289387107, 0.004852753132581711, -0.002494596177712083, 3.654654210549779e-05, 0.001145498943515122, -0.0006169218104332685, -0.0008354028686881065, 0.00037645193515345454, 0.0009143379866145551, -0.00018265223479829729], [-0.00023459905060008168, 4.5544406020781025e-05, -0.0013476329622790217, -0.000960024946834892, -0.002494596177712083, 0.007445795927196741, -0.004506073892116547, 0.0010624929564073682, 5.6356606364715844e-05, -0.00023512207553721964, -0.0007101911469362676, -0.0028103406075388193, 0.0026045057456940413], [-0.0002890107571147382, -0.0011293449206277728, 0.0010198911186307669, 0.002096607582643628, 3.654654210549779e-05, -0.004506073892116547, 0.009340579621493816, -0.0018702874658629298, 0.0010033489670604467, -0.001524013583548367, -0.0010163134429603815, 0.0010674603981897235, -0.0009578184690326452], [-1.5541561992904462e-07, 0.0001626890298211947, -0.000578053412027657, -0.001445578527636826, 0.001145498943515122, 0.0010624929564073682, -0.0018702874658629298, 0.0068416050635278225, -0.0037664216943085194, 0.0017265415517613292, -0.0006611377466470003, -0.002156746806576848, 0.0005165108013898134], [0.00022772174270357937, -3.2653547350491863e-06, -0.0002543014707043767, 0.0006892671808600426, -0.0006169218104332685, 5.6356606364715844e-05, 0.0010033489670604467, -0.0037664216943085194, 0.009962973184883595, -0.0046667661517858505, 0.0004275482497178018, 0.00020676392887253314, -0.00022932635329198092], [0.00014927939628250897, 4.2408835724927485e-05, 0.0009510453674010932, 0.0001109778240788728, -0.0008354028686881065, -0.00023512207553721964, -0.001524013583548367, 0.0017265415517613292, -0.0046667661517858