{"song_id": "1183658454913662996", "download": "https://cdn.discordapp.com/attachments/1135903449314238464/1183658454913662996/chirp.mp4?ex=658922d6&amp", "lyrics": "[Chorus]\nYou're the melody, in my every rhyme\nTogether we dance, in perfect time\nWith you by my side, all dreams come true\nI love you, you, when I see you", "style": ["Desi Hip hop"], "essentia_features": {"lowlevel.average_loudness": 0.9730405211448669, "lowlevel.barkbands_crest.mean": 15.10499382019043, "lowlevel.barkbands_crest.stdev": 5.201506614685059, "lowlevel.barkbands_flatness_db.mean": 0.20795270800590515, "lowlevel.barkbands_flatness_db.stdev": 0.061585165560245514, "lowlevel.barkbands_kurtosis.mean": 17.121673583984375, "lowlevel.barkbands_kurtosis.stdev": 29.11604881286621, "lowlevel.barkbands_skewness.mean": 2.7203171253204346, "lowlevel.barkbands_skewness.stdev": 2.2473719120025635, "lowlevel.barkbands_spread.mean": 12.240562438964844, "lowlevel.barkbands_spread.stdev": 10.872261047363281, "lowlevel.dissonance.mean": 0.418509304523468, "lowlevel.dissonance.stdev": 0.03990662097930908, "lowlevel.dynamic_complexity": 3.681023120880127, "lowlevel.erbbands_crest.mean": 13.941080093383789, "lowlevel.erbbands_crest.stdev": 5.397247791290283, "lowlevel.erbbands_flatness_db.mean": 0.19116008281707764, "lowlevel.erbbands_flatness_db.stdev": 0.05125732347369194, "lowlevel.erbbands_kurtosis.mean": 2.2478272914886475, "lowlevel.erbbands_kurtosis.stdev": 4.266525745391846, "lowlevel.erbbands_skewness.mean": 0.999114453792572, "lowlevel.erbbands_skewness.stdev": 0.9548437595367432, "lowlevel.erbbands_spread.mean": 32.119266510009766, "lowlevel.erbbands_spread.stdev": 21.6806583404541, "lowlevel.hfc.mean": 14.562358856201172, "lowlevel.hfc.stdev": 15.82324504852295, "lowlevel.loudness_ebu128.integrated": -17.900623321533203, "lowlevel.loudness_ebu128.loudness_range": 2.2362823486328125, "lowlevel.loudness_ebu128.momentary.mean": -18.519662857055664, "lowlevel.loudness_ebu128.momentary.stdev": 2.42156720161438, "lowlevel.loudness_ebu128.short_term.mean": -17.914785385131836, "lowlevel.loudness_ebu128.short_term.stdev": 0.8053090572357178, "lowlevel.melbands_crest.mean": 18.708988189697266, "lowlevel.melbands_crest.stdev": 5.347616195678711, "lowlevel.melbands_flatness_db.mean": 0.28931573033332825, "lowlevel.melbands_flatness_db.stdev": 0.07686435431241989, "lowlevel.melbands_kurtosis.mean": 29.475406646728516, "lowlevel.melbands_kurtosis.stdev": 46.89387512207031, "lowlevel.melbands_skewness.mean": 3.31821608543396, "lowlevel.melbands_skewness.stdev": 2.5583419799804688, "lowlevel.melbands_spread.mean": 13.540155410766602, "lowlevel.melbands_spread.stdev": 19.841388702392578, "lowlevel.pitch_salience.mean": 0.40827834606170654, "lowlevel.pitch_salience.stdev": 0.1481778919696808, "lowlevel.silence_rate_20dB.mean": 1.0, "lowlevel.silence_rate_20dB.stdev": 0.0, "lowlevel.silence_rate_30dB.mean": 0.9622437953948975, "lowlevel.silence_rate_30dB.stdev": 0.1906055063009262, "lowlevel.silence_rate_60dB.mean": 0.11003236472606659, "lowlevel.silence_rate_60dB.stdev": 0.3129311800003052, "lowlevel.spectral_centroid.mean": 811.9063110351562, "lowlevel.spectral_centroid.stdev": 476.77545166015625, "lowlevel.spectral_complexity.mean": 8.617044448852539, "lowlevel.spectral_complexity.stdev": 3.767951488494873, "lowlevel.spectral_decrease.mean": -7.739955343311067e-09, "lowlevel.spectral_decrease.stdev": 8.322770028712512e-09, "lowlevel.spectral_energy.mean": 0.03053322434425354, "lowlevel.spectral_energy.stdev": 0.03229964151978493, "lowlevel.spectral_energyband_high.mean": 0.00025266435113735497, "lowlevel.spectral_energyband_high.stdev": 0.0005028483574278653, "lowlevel.spectral_energyband_low.mean": 0.015749087557196617, "lowlevel.spectral_energyband_low.stdev": 0.027157887816429138, "lowlevel.spectral_energyband_middle_high.mean": 0.003764946013689041, "lowlevel.spectral_energyband_middle_high.stdev": 0.007499165367335081, "lowlevel.spectral_energyband_middle_low.mean": 0.011624309234321117, "lowlevel.spectral_energyband_middle_low.stdev": 0.012914134189486504, "lowlevel.spectral_entropy.mean": 6.841091156005859, "lowlevel.spectral_entropy.stdev": 0.4805278480052948, "lowlevel.spectral_flux.mean": 0.06591110676527023, "lowlevel.spectral_flux.stdev": 0.05968714505434036, "lowlevel.spectral_kurtosis.mean": 6.717400550842285, "lowlevel.spectral_kurtosis.stdev": 3.420194387435913, "lowlevel.spectral_rms.mean": 0.004808229394257069, "lowlevel.spectral_rms.stdev": 0.0025825302582234144, "lowlevel.spectral_rolloff.mean": 932.7579345703125, "lowlevel.spectral_rolloff.stdev": 1524.8856201171875, "lowlevel.spectral_skewness.mean": 2.091336488723755, "lowlevel.spectral_skewness.stdev": 0.5286803841590881, "lowlevel.spectral_spread.mean": 4932301.0, "lowlevel.spectral_spread.stdev": 2110329.25, "lowlevel.spectral_strongpeak.mean": 1.3432620763778687, "lowlevel.spectral_strongpeak.stdev": 1.5183693170547485, "lowlevel.zerocrossingrate.mean": 0.04168088734149933, "lowlevel.zerocrossingrate.stdev": 0.042293574661016464, "metadata.audio_properties.analysis.equal_loudness": 0.0, "metadata.audio_properties.analysis.length": 21.48265266418457, "metadata.audio_properties.analysis.sample_rate": 44100.0, "metadata.audio_properties.analysis.start_time": 0.0, "metadata.audio_properties.bit_rate": 121757.0, "metadata.audio_properties.length": 21.482666015625, "metadata.audio_properties.lossless": 0.0, "metadata.audio_properties.number_channels": 1.0, "metadata.audio_properties.replay_gain": -9.29525375366211, "metadata.audio_properties.sample_rate": 48000.0, "rhythm.beats_count": 33.0, "rhythm.beats_loudness.mean": 0.08285639435052872, "rhythm.beats_loudness.stdev": 0.03984791040420532, "rhythm.bpm": 94.59054565429688, "rhythm.bpm_histogram_first_peak_bpm": 94.0, "rhythm.bpm_histogram_first_peak_weight": 0.4838709831237793, "rhythm.bpm_histogram_second_peak_bpm": 88.0, "rhythm.bpm_histogram_second_peak_spread": 0.0, "rhythm.bpm_histogram_second_peak_weight": 0.03125, "rhythm.danceability": 1.5455669164657593, "rhythm.onset_rate": 5.162387847900391, "tonal.chords_changes_rate": 0.03232758492231369, "tonal.chords_number_rate": 0.008620689623057842, "tonal.chords_strength.mean": 0.5588492751121521, "tonal.chords_strength.stdev": 0.05228141322731972, "tonal.hpcp_crest.mean": 19.981525421142578, "tonal.hpcp_crest.stdev": 8.431625366210938, "tonal.hpcp_entropy.mean": 1.2519209384918213, "tonal.hpcp_entropy.stdev": 0.6689255833625793, "tonal.key_edma.strength": 0.7824263572692871, "tonal.key_krumhansl.strength": 0.7761773467063904, "tonal.key_temperley.strength": 0.7583203911781311, "tonal.tuning_diatonic_strength": 0.6544137597084045, "tonal.tuning_equal_tempered_deviation": 0.06207329407334328, "tonal.tuning_frequency": 438.98455810546875, "tonal.tuning_nontempered_energy_ratio": 0.6503293514251709, "lowlevel.barkbands.mean": [3.24661195918452e-05, 0.009442020207643509, 0.005675270687788725, 0.0008037973311729729, 0.0006381012499332428, 0.0029846986290067434, 0.0021791092585772276, 0.000584256777074188, 0.003920397255569696, 0.0008431609021499753, 0.0008410774753428996, 0.00014040758833289146, 0.0006295395432971418, 0.0001929036370711401, 0.0007797470898367465, 0.00018250253924634308, 0.00014899889356456697, 9.91685374174267e-05, 0.000150859632412903, 4.366428765933961e-05, 6.80438824929297e-05, 6.833662155258935e-06, 1.2208702173666097e-05, 6.035709157004021e-05, 5.130888530402444e-05, 1.9721130229299888e-05, 2.6190241442236584e-06], "lowlevel.barkbands.stdev": [0.00012203946971567348, 0.02029339224100113, 0.010608337819576263, 0.0022669408936053514, 0.0010706894099712372, 0.004281144589185715, 0.006361577659845352, 0.0019394825212657452, 0.009506190195679665, 0.004982151091098785, 0.002932756207883358, 0.00038822685019113123, 0.0019523785449564457, 0.0012096866266801953, 0.0017630665097385645, 0.0006217220216058195, 0.0005613358807750046, 0.000246777810389176, 0.0003270709130447358, 8.972499199444428e-05, 0.00010509719868423417, 1.3873155694454908e-05, 4.511395673034713e-05, 0.00023645868350286037, 0.00015958980657160282, 6.310670141829178e-05, 9.297570613853168e-06], "lowlevel.erbbands.mean": [0.10282915085554123, 2.660923719406128, 7.3501176834106445, 4.438632011413574, 1.308916687965393, 2.854579448699951, 8.510560035705566, 32.42202377319336, 26.764005661010742, 27.325077056884766, 15.049392700195312, 105.47815704345703, 52.75342559814453, 26.28159523010254, 26.73122787475586, 6.485063076019287, 25.272733688354492, 17.244691848754883, 46.879791259765625, 14.582145690917969, 10.60948371887207, 6.888001441955566, 5.131770610809326, 11.634472846984863, 2.2799785137176514, 1.8482513427734375, 3.904435396194458, 1.3660634756088257, 0.29519712924957275, 0.30319321155548096, 0.3426085412502289, 0.5555868148803711, 1.3973678350448608, 0.9338182210922241, 0.1441570371389389, 0.035447318106889725, 0.04701649397611618, 0.012947557494044304, 0.00029486490529961884, 4.20237411162816e-05], "lowlevel.erbbands.stdev": [0.22670620679855347, 5.607785701751709, 13.328380584716797, 8.596442222595215, 2.3496978282928467, 5.538201808929443, 11.860891342163086, 48.351463317871094, 70.86227416992188, 70.61434173583984, 44.06716537475586, 257.1611022949219, 194.8625946044922, 113.48883056640625, 71.51234436035156, 15.323768615722656, 73.24700164794922, 56.93079376220703, 114.68399810791016, 44.58259582519531, 32.43782424926758, 22.284690856933594, 12.614330291748047, 22.822383880615234, 4.443235397338867, 3.1522574424743652, 5.922913074493408, 2.567441940307617, 0.5438263416290283, 0.8280550837516785, 1.3550841808319092, 2.401533365249634, 5.293635368347168, 2.8889212608337402, 0.48586505651474, 0.14535704255104065, 0.15222026407718658, 0.03789234533905983, 0.0008295840816572309, 4.288428681320511e-05], "lowlevel.gfcc.mean": [-53.76015090942383, 96.2449722290039, -94.9830093383789, 5.944087028503418, -52.222389221191406, 8.759468078613281, -36.856773376464844, 11.57044792175293, -24.203388214111328, 14.843921661376953, -10.562894821166992, -10.367642402648926, -4.405233860015869], "lowlevel.melbands.mean": [0.0018197823083028197, 0.003779777092859149, 0.0006826649187132716, 0.00012633728329092264, 0.00027281156508252025, 0.0006614567246288061, 0.0004510422295425087, 0.0002641007013153285, 0.00010684085282264277, 0.0007252233335748315, 0.00023987771419342607, 9.634886373532936e-05, 9.253223106497899e-05, 3.316945003462024e-05, 1.277290539292153e-05, 8.021891699172556e-05, 2.0880515876342542e-05, 7.428042590618134e-05, 3.317869050079025e-05, 1.4387369446922094e-05, 1.2679320207098499e-05, 9.032896741700824e-06, 3.7153579341975274e-06, 4.520655693340814e-06, 1.081926438928349e-05, 2.1355592707550386e-06, 7.900022751528013e-07, 1.3120203448124812e-06, 2.525844365663943e-06, 1.9139304185955552e-06, 4.3028055074501026e-07, 1.4461519981523452e-07, 1.320721167985539e-07, 1.9198668610442837e-07, 1.8608190544000536e-07, 2.1992704546391906e-07, 3.764659481930721e-07, 9.242658052244224e-07, 1.2656863646043348e-06, 6.074307066228357e-07], "lowlevel.melbands.stdev": [0.0038947751745581627, 0.006810786668211222, 0.0012604426592588425, 0.00023179114214144647, 0.00033760786755010486, 0.0010043602669611573, 0.0011938492534682155, 0.000651512120384723, 0.0003429114003665745, 0.0017784242518246174, 0.0009677967173047364, 0.0004588803567457944, 0.0002812215534504503, 8.622428140370175e-05, 6.509278318844736e-05, 0.00025770923821255565, 0.00011341310164425522, 0.00019350806542206556, 7.954405737109482e-05, 5.504765431396663e-05, 4.846364390687086e-05, 3.113123602815904e-05, 1.2751582289638463e-05, 9.659155693952926e-06, 2.193809450545814e-05, 6.012186531734187e-06, 1.2972653848919435e-06, 2.581424951131339e-06, 4.261751200829167e-06, 3.7207735203992343e-06, 9.315768352280429e-07, 3.0727289868082153e-07, 3.116428786142933e-07, 6.187930239320849e-07, 7.561972097391845e-07, 9.882191989163402e-07, 1.6896909755814704e-06, 4.355566943559097e-06, 3.4964580208907137e-06, 2.082338824038743e-06], "lowlevel.melbands128.mean": [1.8600841940497048e-05, 0.00023868295829743147, 0.002278293948620558, 0.005345176439732313, 0.004603813402354717, 0.00241172150708735, 0.0009265447151847184, 0.00027975509874522686, 7.122715032892302e-05, 0.00010656257654773071, 0.00017728142847772688, 0.00015062844613566995, 0.00022353767417371273, 0.0004502105002757162, 0.0010034586302936077, 0.000583128072321415, 0.0002739129413384944, 0.0004493318556342274, 0.0007085957913659513, 0.00021266425028443336, 0.0001357912551611662, 8.394003089051694e-05, 0.00010769997606985271, 7.539580838056281e-05, 0.0006770602776668966, 0.0012480758596211672, 0.00023321151093114167, 0.00022436473227571696, 7.69889447838068e-05, 6.819493864895776e-05, 0.0001228124019689858, 0.00012062158930348232, 4.772345710080117e-05, 0.00014684980851598084, 2.7547695935936645e-05, 1.0553601896390319e-05, 8.644069566798862e-06, 9.105756362259854e-06, 1.29545915115159e-05, 5.9700814745156094e-05, 0.00014501629630103707, 2.0154142475803383e-05, 1.298612460232107e-05, 2.6183726731687784e-05, 1.5228054508042987e-05, 0.000124871134175919, 9.46563231991604e-05, 1.8381371774012223e-05, 1.5925765183055773e-05, 1.2978354789083824e-05, 1.7102123820222914e-05, 1.3784367183689028e-05, 3.844921593554318e-06, 2.1281104636727832e-05, 1.3603630577563308e-05, 9.271131602872629e-06, 2.027304162766086e-06, 1.6987456774586462e-06, 5.552286893362179e-06, 5.740193500969326e-06, 1.643368022996583e-06, 3.7477655041584512e-06, 1.5915695257717744e-05, 1.3101533113513142e-05, 3.565192628229852e-06, 1.64258028689801e-06, 1.007550054055173e-06, 5.174732677915017e-07, 1.0066178219858557e-06, 8.197242777896463e-07, 5.133883291819075e-07, 2.2088058813096723e-06, 2.3848194814490853e-06, 2.2977283151703887e-06, 3.2934497085079784e-06, 1.9867700302711455e-06, 1.6597913372606854e-06, 4.805867206414405e-07, 3.664915197987284e-07, 1.3221460903878324e-07, 1.6791143764294247e-07, 1.3782958774299914e-07, 1.1453082748857923e-07, 1.5908042882983864e-07, 1.085548433366057e-07, 1.5319911028655042e-07, 2.557203515607398e-07, 2.0001181155748782e-07, 1.728365646158636e-07, 1.7490485504367825e-07, 2.1184561660447798e-07, 2.2659654064227652e-07, 2.521098565466673e-07, 1.867939829480747e-07, 5.256413260212867e-07, 1.0557182577031199e-06, 8.670126590004656e-07, 8.715542776371876e-07, 1.5914430377961253e-06, 1.3292817584442673e-06, 8.805773745734768e-07, 4.7316640916506003e-07, 2.724459875480534e-07, 1.732508678742306e-07, 1.3435332846256642e-07, 9.47679268392676e-08, 5.087900945000001e-08, 5.959230264807047e-08, 5.25284313823704e-08, 3.2813169070777803e-08, 6.447027800504657e-08, 1.0619923074273174e-07, 1.8735582330009493e-07, 2.240742276171659e-07, 1.718051976240531e-07, 1.6091627230707672e-07, 9.984354676362273e-08, 1.5059654856486304e-08, 1.9023212172175619e-10, 4.530659267892867e-12, 4.364486636682097e-12, 4.276117654411493e-12, 4.187746503736545e-12, 4.10597510852595e-12, 3.992059720986374e-12, 3.847226790615332e-12, 3.7621702628221065e-12, 3.733885162865436e-12], "lowlevel.melbands128.stdev": [5.3627340093953535e-05, 0.0006958369631320238, 0.005245888605713844, 0.011770755052566528, 0.008845925331115723, 0.004551754333078861, 0.002010453026741743, 0.0007482090732082725, 0.0001346019998891279, 0.0002455188368912786, 0.00040961342165246606, 0.0003081157337874174, 0.0004941337974742055, 0.0007178062223829329, 0.0015294841723516583, 0.0015077348798513412, 0.0013745900942012668, 0.001496547949500382, 0.002413080306723714, 0.0005428159493021667, 0.0004807276127394289, 0.0004423551436048001, 0.0005501972627826035, 0.00022089153935667127, 0.0018246679101139307, 0.003232346149161458, 0.0012435450917109847, 0.0016879669856280088, 0.0005812504095956683, 0.0006432125228457153, 0.0006944425404071808, 0.0007440995541401207, 0.00020405877148732543, 0.00046136847231537104, 9.330662578577176e-05, 4.15932408941444e-05, 3.27085581375286e-05, 0.00010815182031365111, 8.396354678552598e-05, 0.0001654001825954765, 0.0005328698316588998, 8.787183469394222e-05, 8.212596731027588e-05, 0.0002624543267302215, 0.00011630305380094796, 0.00036580744199454784, 0.00025693350471556187, 8.8548767962493e-05, 0.00011026256834156811, 0.00010008406388806179, 7.072693551890552e-05, 6.5449028625153e-05, 1.7500931789982133e-05, 0.00011913054186152294, 6.575923907803372e-05, 4.072318188264035e-05, 1.5030144822958391e-05, 8.157104275596794e-06, 2.533218139433302e-05, 1.6957275875029154e-05, 6.607935574720614e-06, 1.791855538613163e-05, 3.508841837174259e-05, 4.0362061554333195e-05, 1.9191162209608592e-05, 4.701755642599892e-06, 2.7416308512329124e-06, 1.2015980246360414e-06, 1.9152885215589777e-06, 1.8152593384002103e-06, 1.2366995179036167e-06, 5.080341907159891e-06, 8.45644262881251e-06, 3.883660156134283e-06, 6.43105477138306e-06, 5.071714440418873e-06, 5.0037142500514165e-06, 1.1155028687426238e-06, 1.2293955933273537e-06, 3.192832878085028e-07, 3.8485023878820357e-07, 3.522381177845091e-07, 2.6046245693578385e-07, 4.847303216592991e-07, 2.8860398515462293e-07, 4.421524693043466e-07, 9.315793363384728e-07, 8.228290084844048e-07, 7.976485676408629e-07, 8.046858965826686e-07, 9.599560826245579e-07, 1.2022063629046897e-06, 1.3529017905966612e-06, 9.301559771301982e-07, 2.621539579195087e-06, 5.73503984924173e-06, 4.884624559053918e-06, 2.8822921649407363e-06, 4.233064828440547e-06, 4.319954769016476e-06, 3.238578528907965e-06, 1.728066308714915e-06, 1.146573708865617e-06, 6.075731562305009e-07, 4.922414973407285e-07, 5.154329869583307e-07, 2.544690289596474e-07, 2.89969790401301e-07, 2.8204667046338727e-07, 1.7794828011119534e-07, 4.739862049518706e-07, 5.312646749189298e-07, 6.557270921803138e-07, 6.053642209735699e-07, 5.158726139598002e-07, 4.91340415464947e-07, 3.4463039355614455e-07, 5.899404342812886e-08, 1.9273918017148617e-09, 7.435619828188855e-12, 7.2681366133919845e-12, 7.110146239136528e-12, 6.9749336514823845e-12, 6.853706404491566e-12, 6.7541397821835325e-12, 6.675491322910565e-12, 6.617581916473769e-12, 6.5822560076089776e-12], "lowlevel.mfcc.mean": [-714.85302734375, 141.6875457763672, 13.82088565826416, 7.236990451812744, 10.574670791625977, -6.6735405921936035, 11.69322395324707, -19.524003982543945, 8.604073524475098, 2.3256075382232666, 3.301849842071533, 3.2352356910705566, -10.025676727294922], "lowlevel.spectral_contrast_coeffs.mean": [-0.6661611199378967, -0.6436072587966919, -0.7042703032493591, -0.7395287752151489, -0.7779102325439453, -0.7540673613548279], "lowlevel.spectral_contrast_coeffs.stdev": [0.07138188183307648, 0.09450099617242813, 0.0939611867070198, 0.07283088564872742, 0.05648985505104065, 0.04806304723024368], "lowlevel.spectral_contrast_valleys.mean": [-7.482032299041748, -7.530063629150391, -8.447772026062012, -8.664519309997559, -8.80335521697998, -11.469247817993164], "lowlevel.spectral_contrast_valleys.stdev": [0.9221268892288208, 0.6772252321243286, 0.6761178970336914, 0.6692114472389221, 0.7805781364440918, 0.8175311088562012], "rhythm.beats_loudness_band_ratio.mean": [0.7053154110908508, 0.10175427794456482, 0.13802975416183472, 0.041359804570674896, 0.025227408856153488, 0.006232300773262978], "rhythm.beats_loudness_band_ratio.stdev": [0.2594887912273407, 0.12247335910797119, 0.17946510016918182, 0.0604579821228981, 0.02989916317164898, 0.009656855836510658], "tonal.hpcp.mean": [0.06783255189657211, 0.04931185021996498, 0.11831353604793549, 0.2718481719493866, 0.19428442418575287, 0.02485836297273636, 0.007688978686928749, 0.0071557615883648396, 0.03560532629489899, 0.10391774773597717, 0.08511269837617874, 0.019677016884088516, 0.014023327268660069, 0.023413268849253654, 0.0814802348613739, 0.15394248068332672, 0.1101519986987114, 0.045696333050727844, 0.06002023071050644, 0.04120127484202385, 0.00875941477715969, 0.011417694389820099, 0.025118473917245865, 0.2779667377471924, 0.5491909980773926, 0.32904496788978577, 0.05368473753333092, 0.02770967036485672, 0.02903570793569088, 0.03542964160442352, 0.05762532353401184, 0.04669170454144478, 0.013105751015245914, 0.007278090342879295, 0.011692004278302193, 0.04616474360227585], "tonal.hpcp.stdev": [0.16572478413581848, 0.14227715134620667, 0.22027264535427094, 0.3885764479637146, 0.3101717531681061, 0.10825832933187485, 0.04294715076684952, 0.035302650183439255, 0.09334993362426758, 0.231010302901268, 0.19263343513011932, 0.10150208324193954, 0.07550909370183945, 0.10414942353963852, 0.1858331710100174, 0.31337589025497437, 0.24050700664520264, 0.13469088077545166, 0.1773490458726883, 0.12523537874221802, 0.05467825382947922, 0.06269054859876633, 0.10552797466516495, 0.2981417179107666, 0.4260181188583374, 0.32040977478027344, 0.14818993210792542, 0.1309635043144226, 0.13714560866355896, 0.14841240644454956, 0.18622563779354095, 0.16824541985988617, 0.047992780804634094, 0.038579363375902176, 0.07380744069814682, 0.12678702175617218], "rhythm.beats_position": [0.6733786463737488, 1.3583673238754272, 2.0201361179351807, 2.6470746994018555, 3.285623550415039, 3.9241721630096436, 4.551111221313477, 5.189659595489502, 5.8282084465026855, 6.4551472663879395, 7.093696117401123, 7.732244968414307, 8.359183311462402, 8.997732162475586, 9.63628101348877, 10.263219833374023, 10.890158653259277, 11.517097473144531, 12.155646324157715, 12.794195175170898, 13.432743072509766, 14.07129192352295, 14.698230743408203, 15.325169563293457, 15.96371841430664, 16.60226821899414, 17.240816116333008, 17.867753982543945, 18.483083724975586, 19.110021591186523, 19.760181427001953, 20.38711929321289, 21.02566909790039], "rhythm.bpm_histogram": [0.0, 0.0, 0.0, 0.0, 0.0, 0.0, 0.0, 0.0, 0.0, 0.0, 0.0, 0.0, 0.0, 0.0, 0.0, 0.0, 0.0, 0.0, 0.0, 0.0, 0.0, 0.0, 0.0, 0.0, 0.0, 0.0, 0.0, 0.0, 0.0, 0.0, 0.0, 0.0, 0.0, 0.0, 0.0, 0.0, 0.0, 0.0, 0.0, 0.0, 0.0, 0.0, 0.0, 0.0, 0.0, 0.0, 0.0, 0.0, 0.0, 0.0, 0.0, 0.0, 0.0, 0.0, 0.0, 0.0, 0.0, 0.0, 0.0, 0.0, 0.0, 0.0, 0.0, 0.0, 0.0, 0.0, 0.0, 0.0, 0.0, 0.0, 0.0, 0.0, 0.0, 0.0, 0.0, 0.0, 0.0, 0.0, 0.0, 0.0, 0.0, 0.0, 0.0, 0.0, 0.0, 0.0, 0.0, 0.0, 0.03125, 0.0, 0.0, 0.03125, 0.03125, 0.0, 0.5, 0.0, 0.375, 0.0, 0.03125, 0.0, 0.0, 0.0, 0.0, 0.0, 0.0, 0.0, 0.0, 0.0, 0.0, 0.0, 0.0, 0.0, 0.0, 0.0, 0.0, 0.0, 0.0, 0.0, 0.0, 0.0, 0.0, 0.0, 0.0, 0.0, 0.0, 0.0, 0.0, 0.0, 0.0, 0.0, 0.0, 0.0, 0.0, 0.0, 0.0, 0.0, 0.0, 0.0, 0.0, 0.0, 0.0, 0.0, 0.0, 0.0, 0.0, 0.0, 0.0, 0.0, 0.0, 0.0, 0.0, 0.0, 0.0, 0.0, 0.0, 0.0, 0.0, 0.0, 0.0, 0.0, 0.0, 0.0, 0.0, 0.0, 0.0, 0.0, 0.0, 0.0, 0.0, 0.0, 0.0, 0.0, 0.0, 0.0, 0.0, 0.0, 0.0, 0.0, 0.0, 0.0, 0.0, 0.0, 0.0, 0.0, 0.0, 0.0, 0.0, 0.0, 0.0, 0.0, 0.0, 0.0, 0.0, 0.0, 0.0, 0.0, 0.0, 0.0, 0.0, 0.0, 0.0, 0.0, 0.0, 0.0, 0.0, 0.0, 0.0, 0.0, 0.0, 0.0, 0.0, 0.0, 0.0, 0.0, 0.0, 0.0, 0.0, 0.0, 0.0, 0.0, 0.0, 0.0, 0.0, 0.0, 0.0, 0.0, 0.0, 0.0, 0.0, 0.0, 0.0, 0.0, 0.0, 0.0, 0.0, 0.0, 0.0, 0.0, 0.0, 0.0, 0.0, 0.0, 0.0, 0.0, 0.0, 0.0, 0.0, 0.0, 0.0, 0.0], "tonal.chords_histogram": [73.70689392089844, 10.344827651977539, 9.267241477966309, 0.0, 0.0, 0.0, 0.0, 0.0, 0.0, 0.0, 0.0, 0.0, 0.0, 0.0, 0.0, 0.0, 0.0, 6.681034564971924, 0.0, 0.0, 0.0, 0.0, 0.0, 0.0], "tonal.thpcp": [1.0, 0.5991448760032654, 0.0977523997426033, 0.05045543611049652, 0.05286996439099312, 0.06451242417097092, 0.10492765158414841, 0.0850190669298172, 0.023863740265369415, 0.013252384960651398, 0.021289505064487457, 0.08405954390764236, 0.1235135868191719, 0.089789979159832, 0.21543240547180176, 0.494997501373291, 0.35376477241516113, 0.04526360332965851, 0.01400055456906557, 0.013029641471803188, 0.06483232229948044, 0.18921968340873718, 0.15497832000255585, 0.035829097032547, 0.02553451806306839, 0.04263228923082352, 0.1483641117811203, 0.28030773997306824, 0.20057138800621033, 0.08320663124322891, 0.10928844660520554, 0.07502175867557526, 0.015949668362736702, 0.02079002372920513, 0.04573722928762436, 0.5061385631561279], "lowlevel.gfcc.cov": [[5061.63232421875, 53.181304931640625, -476.81427001953125, 173.91946411132812, 432.4949951171875, -11.503937721252441, 82.01356506347656, 486.4927062988281, -22.476036071777344, -162.59156799316406, -61.70916748046875, -236.62942504882812, -7.277442932128906], [53.181304931640625, 1016.4307250976562, 199.36181640625, 246.7611083984375, 348.19921875, 97.23541259765625, 296.92120361328125, -37.39628982543945, 74.17572784423828, -14.032113075256348, 35.941829681396484, -119.3177719116211, 29.31134033203125], [-476.81427001953125, 199.36181640625, 1200.909912109375, 501.21990966796875, 176.09466552734375, 367.5782165527344, 121.30818939208984, -95.64366149902344, 168.65771484375, 47.83540725708008, -65.041015625, 141.07760620117188, -142.75735473632812], [173.91946411132812, 246.7611083984375, 501.21990966796875, 581.7738647460938, 299.3766784667969, 112.56172943115234, 111.11839294433594, 42.61102294921875, 162.1322021484375, 4.195700168609619, -25.081390380859375, 97.33405303955078, -2.471656322479248], [432.4949951171875, 348.19921875, 176.09466552734375, 299.3766784667969, 461.9574890136719, 188.35589599609375, 191.46617126464844, 114.32762145996094, 88.61537170410156, -10.268863677978516, 1.8685966730117798, -36.63874816894531, 59.15886688232422], [-11.503937721252441, 97.23541259765625, 367.5782165527344, 112.56172943115234, 188.35589599609375, 463.12939453125, 230.12643432617188, -3.5511691570281982, 32.03379440307617, 27.329334259033203, -22.201108932495117, -63.71491241455078, -37.54351806640625], [82.01356506347656, 296.92120361328125, 121.30818939208984, 111.11839294433594, 191.46617126464844, 230.12643432617188, 327.2701721191406, 61.40953063964844, 26.15229034423828, 25.096712112426758, 14.590105056762695, -73.95275115966797, 0.0029971161857247353], [486.4927062988281, -37.39628982543945, -95.64366149902344, 42.61102294921875, 114.32762145996094, -3.5511691570281982, 61.40953063964844, 196.14381408691406, 34.111576080322266, -24.64947509765625, -9.51153564453125, -26.485946655273438, 28.718626022338867], [-22.476036071777344, 74.17572784423828, 168.65771484375, 162.1322021484375, 88.61537170410156, 32.03379440307617, 26.15229034423828, 34.111576080322266, 158.5221710205078, 24.298887252807617, -1.027695894241333, 47.10173416137695, 12.205883026123047], [-162.59156799316406, -14.032113075256348, 47.83540725708008, 4.195700168609619, -10.268863677978516, 27.329334259033203, 25.096712112426758, -24.64947509765625, 24.298887252807617, 126.99117279052734, 41.82038116455078, 40.011436462402344, 8.994837760925293], [-61.70916748046875, 35.941829681396484, -65.041015625, -25.081390380859375, 1.8685966730117798, -22.201108932495117, 14.590105056762695, -9.51153564453125, -1.027695894241333, 41.82038116455078, 130.497802734375, 38.827735900878906, 26.83294677734375], [-236.62942504882812, -119.3177719116211, 141.07760620117188, 97.33405303955078, -36.63874816894531, -63.71491241455078, -73.95275115966797, -26.485946655273438, 47.10173416137695, 40.011436462402344, 38.827735900878906, 176.83193969726562, 14.064859390258789], [-7.277442932128906, 29.31134033203125, -142.75735473632812, -2.471656322479248, 59.15886688232422, -37.54351806640625, 0.0029971161857247353, 28.718626022338867, 12.205883026123047, 8.994837760925293, 26.83294677734375, 14.064859390258789, 124.44435119628906]], "lowlevel.gfcc.icov": [[0.00031522565404884517, -6.602833309443668e-05, 0.00020493139163590968, -0.00026055253692902625, -0.00013034441508352757, -0.00016379771113861352, 0.00035930779995396733, -0.0007491514552384615, 0.00023167025938164443, 9.626140126783866e-06, -5.427677388070151e-05, 0.0002244653442176059, 0.00041223966400139034], [-6.602833309443668e-05, 0.0031408502254635096, -0.0009865355677902699, 0.000272344215773046, -0.002203230978921056, 0.0028594941832125187, -0.003177996026352048, 0.003299731994047761, -0.0011710342951118946, 0.0008778430637903512, -0.0012081949971616268, 0.002843787893652916, -0.0007307991036213934], [0.00020493139163590968, -0.0009865355677902699, 0.0033244083169847727, -0.0018781734397634864, 0.0006725734565407038, -0.0029413513839244843, 0.0013600245583802462, -0.00024770741583779454, -0.0004337066493462771, -0.00036305823596194386, 0.0012970016105100513, -0.0027217823080718517, 0.00296743493527174], [-0.00026055253692902625, 0.000272344215773046, -0.0018781734397634864, 0.005703438073396683, -0.0030614780262112617, 0.0019452960696071386, -0.0016129612922668457, 0.0011434711050242186, -0.002161283977329731, 0.0008477538940496743, 0.0009573380229994655, -0.00205569202080369, -0.00016563653480261564], [-0.00013034441508352757, -0.002203230978921056, 0.0006725734565407038, -0.0030614780262112617, 0.007619787938892841, -0.0034574433229863644, 0.001474081538617611, -0.0038400369230657816, 0.0006670616567134857, -8.22440124466084e-05, -0.0002842298708856106, -3.1868508813204244e-05, -0.0025517817120999098], [-0.00016379771113861352, 0.0028594941832125187, -0.0029413513839244843, 0.0019452960696071386, -0.0034574433229863644, 0.008067307062447071, -0.005531234201043844, 0.0038198167458176613, -0.000932734867092222, 0.00021895395184401423, -0.0006498610018752515, 0.0038600123953074217, -0.0010430872207507491], [0.00035930779995396733, -0.003177996026352048, 0.0013600245583802462, -0.0016129612922668457, 0.001474081538617611, -0.005531234201043844, 0.00994624849408865, -0.005400795955210924, 0.0018498958088457584, -0.0022747968323528767, -0.0005280503537505865, -0.00016228486492764205, 0.001289517036639154], [-0.0007491514552384615, 0.003299731994047761, -0.00024770741583779454, 0.0011434711050242186, -0.0038400369230657816, 0.0038198167458176613, -0.005400795955210924, 0.012469192035496235, -0.0036757143680006266, 0.002067944500595331, 9.712921018945053e-05, 0.00154865812510252, -0.0009669458377175033], [0.00023167025938164443, -0.0011710342951118946, -0.0004337066493462771, -0.002161283977329731, 0.0006670616567134857, -0.000932734867092222, 0.0018498958088457584, -0.0036757143680006266, 0.010649981908500195, -0.0021501053124666214, 0.000495045620482415, -0.0013106975238770247, -0.0008491537882946432], [9.626140126783866e-06, 0.0008778430637903512, -0.00036305823596194386, 0.0008477538940496743, -8.22440124466084e-05, 0.00021895395184401423, -0.0022747968323528767, 0.002067944500595331, -0.0021501053124666214, 0.010663256049156189, -0.0026814767625182867, -0.0013384988997131586, -0.0008082578424364328], [-5.427677388070151e-05, -0.0012081949971616268, 0.0012970016105100513, 0.0009573380229994655, -0.0002842298708856106, -0.0006498610018752515, -0.0005280503537505865, 9.712921018945053e-05, 0.000495045620482415, -0.0026814767625182867, 0.01108049787580967, -0.004908274859189987, 1.5743116819066927e-05], [0.0002244653442176059, 0.002843787893652916, -0.0027217823080718517, -0.00205569202080369, -3.1868508813204244e-05, 0.0038600123953074217, -0.00016228486492764205, 0.00154865812510252, -0.0013106975238770247, -0.0013384988997131586, -0.004908274859189987, 0.01472398079931736, -0.003378037130460143], [0.00041223966400139034, -0.0007307991036213934, 0.00296743493527174, -0.00016563653480261564, -0.0025517817120999098, -0.0010430872207507491, 0.001289517036639154, -0.0009669458377175033, -0.0008491537882946432, -0.0008082578424364328, 1.5743116819066927e-05, -0.003378037130460143, 0.01327439397573471]], "lowlevel.mfcc.cov": [[4540.7724609375, -105.26242065429688, -742.8146362304688, 227.9166717529297, 304.38067626953125, -418.3059997558594, 303.5971984863281, 93.09749603271484, 305.01287841796875, 140.58242797851562, -25.798194885253906, -218.98458862304688, 90.7192611694336], [-105.26242065429688, 795.812744140625, 10.042275428771973, 158.26226806640625, 59.45484924316406, 193.2601776123047, 210.67320251464844, 33.64208984375, 82.53478240966797, 89.08179473876953, 72.95482635498047, 1.2452932596206665, -37.29172134399414], [-742.8146362304688, 10.042275428771973, 961.4922485351562, 141.53701782226562, 121.6224594116211, 451.54986572265625, -92.634033203125, 212.6927032470703, -46.94554901123047, 19.78180503845215, 70.97354125976562, 182.3072967529297, 9.922822952270508], [227.9166717529297, 158.26226806640625, 141.53701782226562, 521.7005004882812, 225.5787353515625, 85.37986755371094, -14.1743803024292, 138.8248748779297, 123.73043823242188, -53.226985931396484, 23.31250762939453, 134.0297088623047, 75.89517211914062], [304.38067626953125, 59.45484924316406, 121.6224594116211, 225.5787353515625, 354.5265197753906, 119.88841247558594, 47.48554229736328, 128.85621643066406, 123.40428161621094, 33.25730895996094, -4.792965412139893, 40.62532043457031, 50.71034240722656], [-418.3059997558594, 193.2601776123047, 451.54986572265625, 85.37986755371094, 119.88841247558594, 525.4506225585938, 128.22134399414062, 164.6774139404297, 37.87805938720703, 143.7346954345703, 82.24993133544922, 34.22187042236328, 0.9898006916046143], [303.5971984863281, 210.67320251464844, -92.634033203125, -14.1743803024292, 47.48554229736328, 128.22134399414062, 364.4870300292969, 56.68739700317383, 91.59815216064453, 132.7630157470703, 60.714900970458984, -65.70171356201172, -7.656425476074219], [93.09749603271484, 33.64208984375, 212.6927032470703, 138.8248748779297, 128.85621643066406, 164.6774139404297, 56.68739700317383, 225.38702392578125, 86.4293212890625, 54.53470993041992, 33.679054260253906, 31.6085205078125, 31.976869583129883], [305.01287841796875, 82.53478240966797, -46.94554901123047, 123.73043823242188, 123.40428161621094, 37.87805938720703, 91.59815216064453, 86.4293212890625, 216.8775634765625, 65.5710220336914, 24.162267684936523, -9.177905082702637, 33.33517074584961], [140.58242797851562, 89.08179473876953, 19.78180503845215, -53.226985931396484, 33.25730895996094, 143.7346954345703, 132.7630157470703, 54.53470993041992, 65.5710220336914, 201.49835205078125, 42.187843322753906, -75.63301849365234, -26.969934463500977], [-25.798194885253906, 72.95482635498047, 70.97354125976562, 23.31250762939453, -4.792965412139893, 82.24993133544922, 60.714900970458984, 33.679054260253906, 24.162267684936523, 42.187843322753906, 109.43197631835938, 27.11874771118164, 18.604045867919922], [-218.98458862304688, 1.2452932596206665, 182.3072967529297, 134.0297088623047, 40.62532043457031, 34.22187042236328, -65.70171356201172, 31.6085205078125, -9.177905082702637, -75.63301849365234, 27.11874771118164, 193.3714599609375, 43.78200912475586], [90.7192611694336, -37.29172134399414, 9.922822952270508, 75.89517211914062, 50.71034240722656, 0.9898006916046143, -7.656425476074219, 31.976869583129883, 33.33517074584961, -26.969934463500977, 18.604045867919922, 43.78200912475586, 124.98461151123047]], "lowlevel.mfcc.icov": [[0.00035670571378432214, 0.00011658589210128412, 9.490428055869415e-05, -0.00022758403792977333, -0.0002546959731262177, 0.00045057362876832485, -0.0002658680605236441, -0.00016004488861653954, -1.8078786524711177e-05, -0.00031023085466586053, -8.944666478782892e-05, 0.000299181992886588, -0.00012264444376341999], [0.00011658589210128412, 0.001907880650833249, 0.0002489533508196473, -0.0009074577246792614, 8.946805610321462e-05, -0.0005486010340973735, -0.0008890727185644209, 0.0006128581007942557, -0.00018738736980594695, -8.151020301738754e-05, -0.0005761224310845137, 3.0812123441137373e-05, 0.0008800444193184376], [9.490428055869415e-05, 0.0002489533508196473, 0.003140254644677043, 0.0002503818250261247, -0.0003409829514566809, -0.002342863939702511, 0.0012001044815406203, -0.0017715502763167024, 0.0008936881786212325, 0.0002686049265321344, -0.0006037786370143294, -0.0017998983385041356, 0.0008276832522824407], [-0.00022758403792977333, -0.0009074577246792614, 0.0002503818250261247, 0.004283983260393143, -0.0014251553220674396, -0.00045715979649685323, 0.000866610324010253, -0.001330597442574799, -0.0011778655461966991, 0.0016939870547503233, -0.00018236441246699542, -0.0018423607107251883, -0.00039925260352902114], [-0.0002546959731262177, 8.946805610321462e-05, -0.0003409829514566809, -0.0014251553220674396, 0.005305978935211897, -0.0007838917663320899, -0.0002181309973821044, -0.000621099432464689, -0.0014902643160894513, -0.00041080242954194546, 0.0022369951475411654, -0.00028770376229658723, -0.0008203829056583345], [0.00045057362876832485, -0.0005486010340973735, -0.002342863939702511, -0.00045715979649685323, -0.0007838917663320899, 0.0061044408939778805, -0.0014820460928604007, -0.0007716722320765257, 0.0007189727621152997, -0.0028513562865555286, -0.0006430642097257078, 0.0009095945861190557, -0.0006807275349274278], [-0.0002658680605236441, -0.0008890727185644209, 0.0012001044815406203, 0.000866610324010253, -0.0002181309973821044, -0.0014820460928604007, 0.0052337939850986, -0.0008880110108293593, -0.0005759638734161854, -0.0009020386496558785, -0.0015084403567016125, 4.668122528528329e-06, 0.00013610775931738317], [-0.00016004488861653954, 0.0006128581007942557, -0.0017715502763167024, -0.001330597442574799, -0.000621099432464689, -0.0007716722320765257, -0.0008880110108293593, 0.008990887552499771, -0.0019954489544034004, -0.0006936640711501241, -8.347854600287974e-05, 0.0007075279136188328, -0.0007018022006377578], [-1.8078786524711177e-05, -0.00018738736980594695, 0.0008936881786212325, -0.0011778655461966991, -0.0014902643160894513, 0.0007189727621152997, -0.0005759638734161854, -0.0019954489544034004, 0.008250865153968334, -0.00229284237138927, -0.0006756095681339502, 7.448175165336579e-05, -0.0009452095255255699], [-0.00031023085466586053, -8.151020301738754e-05, 0.0002686049265321344, 0.0016939870547503233, -0.00041080242954194546, -0.0028513562865555286, -0.0009020386496558785, -0.0006936640711501241, -0.00229284237138927, 0.011074192821979523, -0.0024806037545204163, 0.0027683235239237547, 0.001863042009063065], [-8.944666478782892e-05, -0.0005761224310845137, -0.0006037786370143294, -0.00018236441246699542, 0.0022369951475411654, -0.0006430642097257078, -0.0015084403567016125, -8.347854600287974e-05, -0.0006756095681339502, -0.0024806037545204163, 0.01353370863944292, -0.0026198343839496374, -0.0023737382143735886], [0.000299181992886588, 3.0812123441137373e-05, -0.0017998983385041356, -0.0018423607107251883, -0.00028770376229658723, 0.0009095945861190557, 4.668122528528329e-06, 0.0007075279136188328, 7.448175165336579e-05, 0.0027683235239237547, -0.0026198343839496374, 0.010081076063215733, -0.001581453368999064], [-0.00012264444376341999, 0.0008800444193184376, 0.0008276832522824407, -0.00039925260352902114, -0.0008203829056583345, -0.0006807275349274278, 0.00013610775931738317, -0.0007018022006377578, -0.0009452095255255699, 0.001863042009063065, -0.0023737382143735886, -0.001581453368999064, 0.010616886429488659]], "metadata.audio_properties.analysis.downmix": "mix", "metadata.audio_properties.codec": "mp3", "metadata.audio_properties.md5_encoded": "682e913225e9fcbea997a967c3767f77", "metadata.tags.file_name": "1183658454913662996.mp3", "metadata.version.essentia": "2.1-beta6-dev", "metadata.version.essentia_git_sha": "v2.1_beta5-1110-g77a6a954", "metadata.version.extractor": "music 2.0", "tonal.chords_key": "Bb", "tonal.chords_scale": "major", "tonal.key_edma.key": "Bb", "tonal.key_edma.scale": "major", "tonal.key_krumhansl.key": "Bb", "tonal.key_krumhansl.scale": "major", "tonal.key_temperley.key": "Bb", "tonal.key_temperley.scale": "major", "metadata.tags.encoding": ["Lavf58.45.100"]}, "essentia_models": [{"model_name": "genre_dortmund", "activations": {"alternative": "0.011672352", "blues": "0.01634989", "electronic": "0.0012303571", "folkcountry": "0.61515665", "funksoulrnb": "0.0045719557", "jazz": "0.102569915", "pop": "0.32787067", "raphiphop": "0.0054904334", "rock": "0.0053608087"}}, {"model_name": "genre_rosamerica", "activations": {"classic": "0.0004569659", "dance": "0.0008846326", "hip hop": "3.6492544e-05", "jazz": "0.07422299", "pop": "0.34205204", "rhythm and blues": "0.081144296", "rock": "0.00031032396", "speech": "0.008139846"}}, {"model_name": "genre_tzanetakis", "activations": {"blues": "0.034602627", "classic": "2.0882333e-06", "country": "0.8525535", "disco": "0.0041760835", "hip hop": "1.8993573e-05", "jazz": "0.005270223", "metal": "8.91