{"song_id": "1183714085309792256", "download": "https://cdn.discordapp.com/attachments/1135903449314238464/1183714085309792256/chirp.mp4?ex=658956a6&amp", "lyrics": "Yo, I'm the vegetable, the lyrical genius\nSpittin' rhymes so fresh, you won't believe this\nI don't lie, I keep it real, that's my foundation\nMy flow so artistic, it's a lyrical sensation\nI address the issues, speak truth in every line\nSippin' on liquor, gettin' high, feelin' fine\nI climb the mount of success, slowly but surely\nBringin' the heat, my rhymes are pure and pure-y\nI give my utmost, never settle for less\nRappin' with passion, I'm the best, I confess", "style": ["brazilian phonk</span><span>, bollywood"], "essentia_features": {"lowlevel.average_loudness": 0.9631732702255249, "lowlevel.barkbands_crest.mean": 15.17497444152832, "lowlevel.barkbands_crest.stdev": 5.836356163024902, "lowlevel.barkbands_flatness_db.mean": 0.22587652504444122, "lowlevel.barkbands_flatness_db.stdev": 0.06613165140151978, "lowlevel.barkbands_kurtosis.mean": 30.71702766418457, "lowlevel.barkbands_kurtosis.stdev": 58.08053207397461, "lowlevel.barkbands_skewness.mean": 3.409224271774292, "lowlevel.barkbands_skewness.stdev": 3.652026414871216, "lowlevel.barkbands_spread.mean": 18.1872501373291, "lowlevel.barkbands_spread.stdev": 21.94569969177246, "lowlevel.dissonance.mean": 0.451965868473053, "lowlevel.dissonance.stdev": 0.054332587867975235, "lowlevel.dynamic_complexity": 2.4946062564849854, "lowlevel.erbbands_crest.mean": 10.857229232788086, "lowlevel.erbbands_crest.stdev": 5.33100700378418, "lowlevel.erbbands_flatness_db.mean": 0.17051611840724945, "lowlevel.erbbands_flatness_db.stdev": 0.06412331014871597, "lowlevel.erbbands_kurtosis.mean": 3.063509941101074, "lowlevel.erbbands_kurtosis.stdev": 6.58220911026001, "lowlevel.erbbands_skewness.mean": 0.17868736386299133, "lowlevel.erbbands_skewness.stdev": 1.5373148918151855, "lowlevel.erbbands_spread.mean": 50.7795524597168, "lowlevel.erbbands_spread.stdev": 37.10205841064453, "lowlevel.hfc.mean": 21.46636962890625, "lowlevel.hfc.stdev": 22.636106491088867, "lowlevel.loudness_ebu128.integrated": -14.264493942260742, "lowlevel.loudness_ebu128.loudness_range": 0.7315540313720703, "lowlevel.loudness_ebu128.momentary.mean": -14.376461029052734, "lowlevel.loudness_ebu128.momentary.stdev": 1.015490174293518, "lowlevel.loudness_ebu128.short_term.mean": -14.21241569519043, "lowlevel.loudness_ebu128.short_term.stdev": 0.25225386023521423, "lowlevel.melbands_crest.mean": 22.115835189819336, "lowlevel.melbands_crest.stdev": 7.833346366882324, "lowlevel.melbands_flatness_db.mean": 0.29130977392196655, "lowlevel.melbands_flatness_db.stdev": 0.08752894401550293, "lowlevel.melbands_kurtosis.mean": 96.59004211425781, "lowlevel.melbands_kurtosis.stdev": 169.04550170898438, "lowlevel.melbands_skewness.mean": 5.897395133972168, "lowlevel.melbands_skewness.stdev": 5.65712308883667, "lowlevel.melbands_spread.mean": 18.420917510986328, "lowlevel.melbands_spread.stdev": 32.01737976074219, "lowlevel.pitch_salience.mean": 0.41030749678611755, "lowlevel.pitch_salience.stdev": 0.18000000715255737, "lowlevel.silence_rate_20dB.mean": 1.0, "lowlevel.silence_rate_20dB.stdev": 0.0, "lowlevel.silence_rate_30dB.mean": 0.9064386487007141, "lowlevel.silence_rate_30dB.stdev": 0.2912166714668274, "lowlevel.silence_rate_60dB.mean": 0.03118712268769741, "lowlevel.silence_rate_60dB.stdev": 0.17382343113422394, "lowlevel.spectral_centroid.mean": 1392.86328125, "lowlevel.spectral_centroid.stdev": 1117.236328125, "lowlevel.spectral_complexity.mean": 9.929577827453613, "lowlevel.spectral_complexity.stdev": 6.971852779388428, "lowlevel.spectral_decrease.mean": -1.2546419903003425e-08, "lowlevel.spectral_decrease.stdev": 1.098181812153598e-08, "lowlevel.spectral_energy.mean": 0.049300141632556915, "lowlevel.spectral_energy.stdev": 0.042019620537757874, "lowlevel.spectral_energyband_high.mean": 0.0011199039872735739, "lowlevel.spectral_energyband_high.stdev": 0.0025912371929734945, "lowlevel.spectral_energyband_low.mean": 0.031257666647434235, "lowlevel.spectral_energyband_low.stdev": 0.03959822654724121, "lowlevel.spectral_energyband_middle_high.mean": 0.0047849141992628574, "lowlevel.spectral_energyband_middle_high.stdev": 0.010564903728663921, "lowlevel.spectral_energyband_middle_low.mean": 0.012745399959385395, "lowlevel.spectral_energyband_middle_low.stdev": 0.017672253772616386, "lowlevel.spectral_entropy.mean": 7.485106945037842, "lowlevel.spectral_entropy.stdev": 0.5915927886962891, "lowlevel.spectral_flux.mean": 0.1302536129951477, "lowlevel.spectral_flux.stdev": 0.08416669070720673, "lowlevel.spectral_kurtosis.mean": 4.165832042694092, "lowlevel.spectral_kurtosis.stdev": 4.335677146911621, "lowlevel.spectral_rms.mean": 0.0062955464236438274, "lowlevel.spectral_rms.stdev": 0.002909257775172591, "lowlevel.spectral_rolloff.mean": 1212.599365234375, "lowlevel.spectral_rolloff.stdev": 2145.428466796875, "lowlevel.spectral_skewness.mean": 1.3576771020889282, "lowlevel.spectral_skewness.stdev": 0.7101330757141113, "lowlevel.spectral_spread.mean": 4829617.5, "lowlevel.spectral_spread.stdev": 1874006.75, "lowlevel.spectral_strongpeak.mean": 0.9224447011947632, "lowlevel.spectral_strongpeak.stdev": 1.1784172058105469, "lowlevel.zerocrossingrate.mean": 0.04798959940671921, "lowlevel.zerocrossingrate.stdev": 0.05374325439333916, "metadata.audio_properties.analysis.equal_loudness": 0.0, "metadata.audio_properties.analysis.length": 23.038957595825195, "metadata.audio_properties.analysis.sample_rate": 44100.0, "metadata.audio_properties.analysis.start_time": 0.0, "metadata.audio_properties.bit_rate": 118110.0, "metadata.audio_properties.length": 23.040000915527344, "metadata.audio_properties.lossless": 0.0, "metadata.audio_properties.number_channels": 1.0, "metadata.audio_properties.replay_gain": -11.785039901733398, "metadata.audio_properties.sample_rate": 48000.0, "rhythm.beats_count": 36.0, "rhythm.beats_loudness.mean": 0.059405822306871414, "rhythm.beats_loudness.stdev": 0.038018930703401566, "rhythm.bpm": 94.97021484375, "rhythm.bpm_histogram_first_peak_bpm": 96.0, "rhythm.bpm_histogram_first_peak_weight": 0.5714285373687744, "rhythm.bpm_histogram_second_peak_bpm": 0.0, "rhythm.bpm_histogram_second_peak_spread": 0.0, "rhythm.bpm_histogram_second_peak_weight": 0.0, "rhythm.danceability": 1.7137023210525513, "rhythm.onset_rate": 5.724839687347412, "tonal.chords_changes_rate": 0.15461847186088562, "tonal.chords_number_rate": 0.0200803205370903, "tonal.chords_strength.mean": 0.3720104396343231, "tonal.chords_strength.stdev": 0.07752738893032074, "tonal.hpcp_crest.mean": 11.596719741821289, "tonal.hpcp_crest.stdev": 5.2770891189575195, "tonal.hpcp_entropy.mean": 2.3273212909698486, "tonal.hpcp_entropy.stdev": 0.7610361576080322, "tonal.key_edma.strength": 0.4318193197250366, "tonal.key_krumhansl.strength": 0.4409154951572418, "tonal.key_temperley.strength": 0.45374059677124023, "tonal.tuning_diatonic_strength": 0.45987391471862793, "tonal.tuning_equal_tempered_deviation": 0.1881556212902069, "tonal.tuning_frequency": 434.193115234375, "tonal.tuning_nontempered_energy_ratio": 0.8525437712669373, "lowlevel.barkbands.mean": [0.001685479423031211, 0.024044929072260857, 0.0049992953427135944, 0.0011571712093427777, 0.003857440548017621, 0.0005449477466754615, 0.004837458021938801, 0.0006646047695539892, 0.0015232611913233995, 0.0009726472198963165, 0.0009905426995828748, 0.0009875374380499125, 0.0005586694460362196, 0.0003503200423438102, 0.0002051120827673003, 0.00017100175318773836, 0.0001696996041573584, 0.0001316251145908609, 0.00024051626678556204, 0.0001561314711580053, 0.00022513067233376205, 0.00023341638734564185, 0.0003262391546741128, 0.0001474062300985679, 8.46258772071451e-05, 3.488170841592364e-05, 7.701741822074837e-08], "lowlevel.barkbands.stdev": [0.00218857335858047, 0.030538469552993774, 0.0139036625623703, 0.003048973623663187, 0.008560506626963615, 0.0019555245526134968, 0.012605496682226658, 0.0024583202321082354, 0.005250236485153437, 0.0035366208758205175, 0.005352172069251537, 0.003963619004935026, 0.0022443050984293222, 0.0011778287589550018, 0.0006451313965953887, 0.0005282461061142385, 0.00037707178853452206, 0.0003461265587247908, 0.0005624859477393329, 0.0003514550335239619, 0.0006221032235771418, 0.0005986392498016357, 0.0009692228049971163, 0.0005110673955641687, 0.00024197215680032969, 9.528150985715911e-05, 6.160283874123706e-07], "lowlevel.erbbands.mean": [1.0118662118911743, 4.030128479003906, 6.726529598236084, 4.292378902435303, 11.026515007019043, 12.4480562210083, 3.376694917678833, 6.720945358276367, 50.385948181152344, 58.206451416015625, 17.736970901489258, 38.084564208984375, 22.915607452392578, 40.78619384765625, 41.25211715698242, 39.67723083496094, 26.748441696166992, 19.136703491210938, 14.266582489013672, 9.609211921691895, 10.43704605102539, 9.535477638244629, 7.588837623596191, 7.4148688316345215, 14.306632041931152, 7.236701488494873, 7.8718671798706055, 9.381818771362305, 8.609570503234863, 9.746018409729004, 8.213166236877441, 4.207927227020264, 2.086881637573242, 1.1265267133712769, 0.4998506009578705, 0.22609351575374603, 0.051202233880758286, 0.0037566376850008965, 0.00010622947593219578, 6.195588503032923e-05], "lowlevel.erbbands.stdev": [1.2864822149276733, 6.063902854919434, 16.358888626098633, 12.298481941223145, 25.178869247436523, 28.933807373046875, 7.488259792327881, 22.107425689697266, 140.36851501464844, 175.04075622558594, 54.35103225708008, 140.40921020507812, 80.39693450927734, 136.66323852539062, 213.44427490234375, 173.32171630859375, 109.50581359863281, 59.20198059082031, 43.605167388916016, 28.72288703918457, 31.921987533569336, 19.78945541381836, 20.422746658325195, 14.90073299407959, 35.68641662597656, 15.88207721710205, 22.27503776550293, 26.373794555664062, 22.2655029296875, 26.25737953186035, 24.462465286254883, 14.325511932373047, 7.25853157043457, 3.4768073558807373, 1.3705021142959595, 0.5928347110748291, 0.15334342420101166, 0.01286359503865242, 0.0002578407002147287, 4.898227416560985e-05], "lowlevel.gfcc.mean": [-35.99332046508789, 90.31182098388672, -94.24173736572266, 58.68699645996094, -55.13467788696289, 23.036115646362305, -23.197345733642578, 12.893553733825684, -17.664581298828125, 6.568549633026123, -9.731926918029785, 1.744654655456543, -8.822529792785645], "lowlevel.melbands.mean": [0.007477802690118551, 0.003910318482667208, 0.0009394781081937253, 0.00094604428159073, 0.00017497756925877184, 0.00015151221305131912, 0.0008620321750640869, 0.0005239671445451677, 0.0001526721753180027, 0.0002322779328096658, 0.00010916949395323172, 0.0001639334950596094, 0.00013915645831730217, 0.00012295776105020195, 6.952035619178787e-05, 5.492642958415672e-05, 3.324744102428667e-05, 2.5244289645343088e-05, 1.4862835087114945e-05, 1.1067547347920481e-05, 1.2324509043537546e-05, 1.0076170838146936e-05, 8.55920461617643e-06, 5.533433977689128e-06, 5.580997367360396e-06, 1.0210233995167073e-05, 8.596190127718728e-06, 3.972352260461776e-06, 4.322119821154047e-06, 5.991030775476247e-06, 5.177066668693442e-06, 4.9868917813000735e-06, 4.2056663005496375e-06, 6.218806902325014e-06, 4.966896540281596e-06, 3.611561396610341e-06, 2.278768306496204e-06, 1.610212393643451e-06, 1.0361629847466247e-06, 8.950001983976108e-07], "lowlevel.melbands.stdev": [0.009399519301950932, 0.007564036641269922, 0.0020917640067636967, 0.002123784739524126, 0.00042377065983600914, 0.0005138067062944174, 0.0023096308577805758, 0.001600224175490439, 0.0005429161828942597, 0.0008624186739325523, 0.0004062048683408648, 0.000563977169804275, 0.0008023975533433259, 0.0004883798537775874, 0.0002840491652023047, 0.00023382929794024676, 0.00010929089330602437, 8.528493344783783e-05, 5.311067798174918e-05, 3.073595144087449e-05, 3.9524435123894364e-05, 2.2288979380391538e-05, 2.3224876713356934e-05, 1.607897866051644e-05, 1.1831259143946227e-05, 2.361662518524099e-05, 2.1436671886476688e-05, 9.400297130923718e-06, 1.2735315976897255e-05, 1.6790345398476347e-05, 1.5231914403557312e-05, 1.3598367331724148e-05, 1.0716242286434863e-05, 1.8034641470876522e-05, 1.4965710761316586e-05, 1.2041286026942544e-05, 8.062228516791947e-06, 5.749666797782993e-06, 3.6535159324557753e-06, 2.7081382540927734e-06], "lowlevel.melbands128.mean": [0.0016232032794505358, 0.009351292625069618, 0.00886673666536808, 0.006024698261171579, 0.004158974625170231, 0.00198560138233006, 0.0007642853888683021, 0.0005718252505175769, 0.0012363549321889877, 0.0012234770692884922, 0.000646810163743794, 0.0002167768543586135, 7.926865509944037e-05, 5.4947216995060444e-05, 8.925678412197158e-05, 0.00018179057224188, 0.0004936154582537711, 0.0010840012691915035, 0.0012434368254616857, 0.0006696502678096294, 0.00014857247879263014, 6.918203143868595e-05, 0.0001388144592056051, 0.00024030344502534717, 0.00032073192414827645, 0.00020376026805024594, 0.00010037364700110629, 8.428177534369752e-05, 0.0001201099730678834, 0.00018568399536889046, 0.00016921114001888782, 0.0001441868080291897, 0.00015689533029217273, 0.00011471989273559302, 0.00011717530287569389, 0.00014721650222782046, 9.719534136820585e-05, 6.280238449107856e-05, 5.053787026554346e-05, 6.376397504936904e-05, 5.8894820540444925e-05, 4.08941377827432e-05, 2.7130728994961828e-05, 3.347064557601698e-05, 3.494926568237133e-05, 2.3134232833399437e-05, 1.4619168723584153e-05, 1.5741263268864714e-05, 1.5198182154563256e-05, 1.0843176823982503e-05, 8.870068995747715e-06, 1.3187373042455874e-05, 1.371155394735979e-05, 1.05798571894411e-05, 1.2215952665428631e-05, 1.0337114872527309e-05, 7.748077223368455e-06, 9.792071068659425e-06, 9.13515941647347e-06, 5.754498488386162e-06, 5.57362227482372e-06, 4.878025265497854e-06, 5.041094482294284e-06, 5.49508376934682e-06, 6.831129212514497e-06, 9.19413741939934e-06, 1.3853809832653496e-05, 1.1900793651875574e-05, 6.946745088498574e-06, 4.75166871183319e-06, 3.5057826153206406e-06, 3.7874397094128653e-06, 4.057763817399973e-06, 4.051583346154075e-06, 5.11463986185845e-06, 5.83144083066145e-06, 7.049371106404578e-06, 5.3602852858603e-06, 4.770339728565887e-06, 4.914887085760711e-06, 5.186922862776555e-06, 5.04511945109698e-06, 4.6328218559210654e-06, 3.6585397538146935e-06, 4.073508989677066e-06, 5.886628059670329e-06, 7.225228728202637e-06, 6.627654784097103e-06, 4.167322003922891e-06, 4.40431767856353e-06, 4.785535566043109e-06, 3.1205156574287685e-06, 2.068210505967727e-06, 2.4649420993227977e-06, 2.199612026743125e-06, 2.0254967694199877e-06, 1.4823746141701122e-06, 1.0157619954043184e-06, 9.985375299947918e-07, 1.0447217846376589e-06, 1.1371354275979684e-06, 9.343841611553216e-07, 5.153925712875207e-07, 4.815241254618741e-07, 5.325173333403654e-07, 6.443510756071191e-07, 5.126764222040947e-07, 4.17627774140783e-07, 4.3332312316124444e-07, 3.316038146294886e-07, 2.253022017839612e-07, 1.78704951281361e-07, 1.434797809451993e-07, 1.3594421943707857e-07, 7.536034729582752e-08, 2.1912526904088736e-08, 3.397803371996133e-09, 1.55989474809326e-11, 7.174100723206234e-12, 6.954847288354049e-12, 6.774607350795714e-12, 6.635542809663164e-12, 6.477213730649023e-12, 6.358281956497791e-12, 6.234480379868623e-12, 6.097025228440911e-12, 6.0129167270273065e-12, 5.974749774789734e-12], "lowlevel.melbands128.stdev": [0.002121614059433341, 0.01202993281185627, 0.012577284127473831, 0.010293303057551384, 0.009768140502274036, 0.005937898065894842, 0.002658455166965723, 0.0013783194590359926, 0.0030399353709071875, 0.00305107980966568, 0.0017319308826699853, 0.000667557236738503, 0.00021548372751567513, 0.0001574361667735502, 0.0004781026509590447, 0.000839448010083288, 0.0017807683907449245, 0.0035722064785659313, 0.003778132377192378, 0.002621730323880911, 0.0007270661881193519, 0.00030409236205741763, 0.0007467746618203819, 0.0010058184852823615, 0.0014389860443770885, 0.001007812679745257, 0.0005540406564250588, 0.0004982169484719634, 0.0005878300289623439, 0.0008544521406292915, 0.0007344886544160545, 0.0007561990641988814, 0.0013709563063457608, 0.0007281523430719972, 0.0005049681640230119, 0.0008105474407784641, 0.0006945594795979559, 0.0003611233551055193, 0.00023746112128719687, 0.00044155868818052113, 0.0002928149187937379, 0.00019009302195627242, 0.00011036307842005044, 0.0001756841957103461, 0.00015097543655429035, 9.199295163853094e-05, 5.778148624813184e-05, 7.163186091929674e-05, 6.991317786742002e-05, 4.4453507143771276e-05, 2.8320668207015842e-05, 5.1092800276819617e-05, 6.229579594219103e-05, 3.8442314689746127e-05, 3.714753984240815e-05, 2.5752768124220893e-05, 1.689841883489862e-05, 3.074998312513344e-05, 3.5179728001821786e-05, 1.868158688012045e-05, 2.3397411496262066e-05, 1.800707286747638e-05, 1.1774520316976123e-05, 1.3427888006845023e-05, 1.5749887097626925e-05, 1.9926503227907233e-05, 4.202875425107777e-05, 4.115585397812538e-05, 1.6413890989497304e-05, 1.0858111636480317e-05, 8.810027793515474e-06, 1.0499946256459225e-05, 1.2934129699715413e-05, 1.177336980617838e-05, 1.855237496783957e-05, 1.687959593255073e-05, 2.164472061849665e-05, 1.531217640149407e-05, 1.5121526303119026e-05, 1.758222970238421e-05, 1.5890473150648177e-05, 1.4113635188550688e-05, 1.3301098988449667e-05, 1.022321157506667e-05, 1.1525756235641893e-05, 1.6225485524046235e-05, 2.365030195505824e-05, 2.2496937162941322e-05, 1.2787655577994883e-05, 1.4002961506776046e-05, 1.6216163203353062e-05, 1.1687117876135744e-05, 8.823324606055394e-06, 9.088710612559225e-06, 7.740930414001923e-06, 7.467127488780534e-06, 5.762812179455068e-06, 4.393074050312862e-06, 3.9935730455908924e-06, 3.7072338727739407e-06, 3.7675326893804595e-06, 2.872850927815307e-06, 1.7940759562407038e-06, 1.6122414763231063e-06, 1.6904318727029022e-06, 1.8396584664515103e-06, 1.384238998980436e-06, 1.1060768656534492e-06, 1.236105617863359e-06, 1.0362330158386612e-06, 6.730119821440894e-07, 5.646206773235463e-07, 4.564731739264971e-07, 5.68857728922012e-07, 2.9538981038967904e-07, 1.2518395919869363e-07, 2.4881670057652627e-08, 7.532431622880864e-11, 1.0776004220891533e-11, 1.0470156859565538e-11, 1.0207073034007585e-11, 9.981401989656025e-12, 9.771456213614194e-12, 9.601552192206597e-12, 9.458943177331758e-12, 9.343077526924315e-12, 9.260188969795191e-12, 9.209401470589018e-12], "lowlevel.mfcc.mean": [-681.2366333007812, 110.21346282958984, 22.583694458007812, 41.689090728759766, 3.6447651386260986, 18.314170837402344, 7.976293087005615, 12.255697250366211, 2.879323720932007, 6.205291748046875, 4.804697513580322, 3.605059862136841, 6.446516990661621], "lowlevel.spectral_contrast_coeffs.mean": [-0.7070397734642029, -0.738683819770813, -0.7916138172149658, -0.8128616809844971, -0.803796648979187, -0.7288118600845337], "lowlevel.spectral_contrast_coeffs.stdev": [0.08273805677890778, 0.1264028400182724, 0.09025539457798004, 0.06668581068515778, 0.04551341384649277, 0.047905921936035156], "lowlevel.spectral_contrast_valleys.mean": [-6.840041637420654, -7.371772766113281, -7.909120559692383, -8.18885326385498, -7.816540718078613, -10.62535572052002], "lowlevel.spectral_contrast_valleys.stdev": [0.854461133480072, 0.8487075567245483, 0.8965447545051575, 0.8082317113876343, 0.7147138118743896, 0.9944254159927368], "rhythm.beats_loudness_band_ratio.mean": [0.7028259634971619, 0.2531762719154358, 0.0807555615901947, 0.02810676209628582, 0.026010088622570038, 0.060283489525318146], "rhythm.beats_loudness_band_ratio.stdev": [0.23057331144809723, 0.24394290149211884, 0.12277011573314667, 0.0665421411395073, 0.037054501473903656, 0.09628461301326752], "tonal.hpcp.mean": [0.12169470638036728, 0.1121131107211113, 0.11247969418764114, 0.09221874177455902, 0.07442506402730942, 0.07083643972873688, 0.06422140449285507, 0.048600297421216965, 0.027399102225899696, 0.02169187366962433, 0.022043682634830475, 0.022274794057011604, 0.01903459057211876, 0.023550665006041527, 0.0331881046295166, 0.03394703567028046, 0.03219357877969742, 0.02895144745707512, 0.025455961003899574, 0.023339005187153816, 0.02734709344804287, 0.038149505853652954, 0.04442436248064041, 0.05644368380308151, 0.061117831617593765, 0.06454123556613922, 0.08579538762569427, 0.10973985493183136, 0.15453201532363892, 0.2912443280220032, 0.44531071186065674, 0.3502618968486786, 0.1896468847990036, 0.15238800644874573, 0.10418041795492172, 0.10419891029596329], "tonal.hpcp.stdev": [0.25981605052948, 0.24204473197460175, 0.2570785880088806, 0.21828238666057587, 0.19741033017635345, 0.192598357796669, 0.18126250803470612, 0.15918739140033722, 0.10465989261865616, 0.08821694552898407, 0.0857977494597435, 0.07620206475257874, 0.059623733162879944, 0.07936135679483414, 0.1177423745393753, 0.10994067043066025, 0.10419075936079025, 0.10223925858736038, 0.09214039891958237, 0.09033463895320892, 0.09524406492710114, 0.12825781106948853, 0.1220536082983017, 0.16821715235710144, 0.1733456701040268, 0.17412887513637543, 0.22305156290531158, 0.24448327720165253, 0.2815874218940735, 0.34011542797088623, 0.42070743441581726, 0.3664620816707611, 0.310114324092865, 0.2853921055793762, 0.21804401278495789, 0.22982701659202576], "rhythm.beats_position": [0.5921088457107544, 1.2074376344680786, 1.8227664232254028, 2.4380950927734375, 3.0650339126586914, 3.703582763671875, 4.342131614685059, 4.9690704345703125, 5.596008777618408, 6.234557628631592, 6.873106479644775, 7.500045299530029, 8.126983642578125, 8.765532493591309, 9.404081344604492, 10.031020164489746, 10.68117904663086, 11.308117866516113, 11.935056686401367, 12.57360553741455, 13.212154388427734, 13.839092254638672, 14.466031074523926, 15.116189956665039, 15.754738807678223, 16.393287658691406, 17.020225524902344, 17.658775329589844, 18.28571319580078, 18.92426300048828, 19.55120086669922, 20.18975067138672, 20.805078506469727, 21.432018280029297, 22.082176208496094, 22.709115982055664], "rhythm.bpm_histogram": [0.0, 0.0, 0.0, 0.0, 0.0, 0.0, 0.0, 0.0, 0.0, 0.0, 0.0, 0.0, 0.0, 0.0, 0.0, 0.0, 0.0, 0.0, 0.0, 0.0, 0.0, 0.0, 0.0, 0.0, 0.0, 0.0, 0.0, 0.0, 0.0, 0.0, 0.0, 0.0, 0.0, 0.0, 0.0, 0.0, 0.0, 0.0, 0.0, 0.0, 0.0, 0.0, 0.0, 0.0, 0.0, 0.0, 0.0, 0.0, 0.0, 0.0, 0.0, 0.0, 0.0, 0.0, 0.0, 0.0, 0.0, 0.0, 0.0, 0.0, 0.0, 0.0, 0.0, 0.0, 0.0, 0.0, 0.0, 0.0, 0.0, 0.0, 0.0, 0.0, 0.0, 0.0, 0.0, 0.0, 0.0, 0.0, 0.0, 0.0, 0.0, 0.0, 0.0, 0.0, 0.0, 0.0, 0.0, 0.0, 0.0, 0.0, 0.0, 0.0, 0.08571428805589676, 0.0, 0.37142857909202576, 0.0, 0.4285714328289032, 0.0, 0.11428571492433548, 0.0, 0.0, 0.0, 0.0, 0.0, 0.0, 0.0, 0.0, 0.0, 0.0, 0.0, 0.0, 0.0, 0.0, 0.0, 0.0, 0.0, 0.0, 0.0, 0.0, 0.0, 0.0, 0.0, 0.0, 0.0, 0.0, 0.0, 0.0, 0.0, 0.0, 0.0, 0.0, 0.0, 0.0, 0.0, 0.0, 0.0, 0.0, 0.0, 0.0, 0.0, 0.0, 0.0, 0.0, 0.0, 0.0, 0.0, 0.0, 0.0, 0.0, 0.0, 0.0, 0.0, 0.0, 0.0, 0.0, 0.0, 0.0, 0.0, 0.0, 0.0, 0.0, 0.0, 0.0, 0.0, 0.0, 0.0, 0.0, 0.0, 0.0, 0.0, 0.0, 0.0, 0.0, 0.0, 0.0, 0.0, 0.0, 0.0, 0.0, 0.0, 0.0, 0.0, 0.0, 0.0, 0.0, 0.0, 0.0, 0.0, 0.0, 0.0, 0.0, 0.0, 0.0, 0.0, 0.0, 0.0, 0.0, 0.0, 0.0, 0.0, 0.0, 0.0, 0.0, 0.0, 0.0, 0.0, 0.0, 0.0, 0.0, 0.0, 0.0, 0.0, 0.0, 0.0, 0.0, 0.0, 0.0, 0.0, 0.0, 0.0, 0.0, 0.0, 0.0, 0.0, 0.0, 0.0, 0.0, 0.0, 0.0, 0.0, 0.0, 0.0, 0.0, 0.0, 0.0, 0.0, 0.0, 0.0, 0.0, 0.0, 0.0, 0.0, 0.0, 0.0, 0.0, 0.0, 0.0, 0.0, 0.0, 0.0], "tonal.chords_histogram": [13.05220890045166, 0.0, 0.4016064405441284, 2.8112449645996094, 0.0, 0.0, 0.0, 0.0, 0.0, 0.8032128810882568, 3.0120482444763184, 0.0, 1.4056224822998047, 2.0080320835113525, 0.0, 20.080320358276367, 11.044177055358887, 14.257028579711914, 0.0, 0.4016064405441284, 0.6024096608161926, 0.0, 17.670682907104492, 12.449799537658691], "tonal.thpcp": [1.0, 0.7865561842918396, 0.4258754253387451, 0.34220603108406067, 0.2339499443769455, 0.23399147391319275, 0.27328044176101685, 0.25176379084587097, 0.2525869905948639, 0.20708853006362915, 0.16713063418865204, 0.1590719372034073, 0.14421705901622772, 0.10913794487714767, 0.06152805685997009, 0.04871177300810814, 0.049501802772283554, 0.050020791590213776, 0.04274451360106468, 0.05288591608405113, 0.07452797144651413, 0.07623224705457687, 0.07229464501142502, 0.06501403450965881, 0.05716449394822121, 0.05241060629487038, 0.06141126528382301, 0.08566941320896149, 0.09976037591695786, 0.12675124406814575, 0.13724760711193085, 0.14493528008460999, 0.19266410171985626, 0.24643434584140778, 0.3470206558704376, 0.6540249586105347], "lowlevel.gfcc.cov": [[4272.51953125, 0.9903071522712708, -388.8128967285156, -222.07789611816406, -205.28692626953125, -65.40576934814453, -162.90960693359375, 11.964676856994629, -53.10186767578125, 8.12789535522461, -105.4614028930664, -38.79351043701172, -112.19320678710938], [0.9903071522712708, 2537.330078125, -671.0023803710938, -920.7169189453125, 8.223503112792969, -459.2568054199219, 146.7830810546875, -123.10724639892578, 209.034912109375, -209.9507293701172, 254.8133087158203, -181.83349609375, 185.2911376953125], [-388.8128967285156, -671.0023803710938, 1247.9720458984375, 714.6190185546875, 42.89501190185547, 187.41680908203125, 19.235668182373047, 56.608497619628906, -3.1362476348876953, 81.05850982666016, -58.16047668457031, 119.76603698730469, -27.634592056274414], [-222.07789611816406, -920.7169189453125, 714.6190185546875, 1218.09716796875, 232.04153442382812, 126.37728118896484, -78.34634399414062, 13.735309600830078, 25.632030487060547, 29.845239639282227, -76.9953842163086, 72.72897338867188, 15.08890151977539], [-205.28692626953125, 8.223503112792969, 42.89501190185547, 232.04153442382812, 413.35302734375, 106.52308654785156, 41.00444793701172, 49.89314651489258, 89.59904479980469, 63.032691955566406, 27.55363655090332, 11.16139030456543, 49.94955062866211], [-65.40576934814453, -459.2568054199219, 187.41680908203125, 126.37728118896484, 106.52308654785156, 416.6332702636719, 187.99703979492188, 29.239389419555664, -23.519485473632812, 56.217647552490234, -26.23641586303711, 35.89952087402344, -12.334762573242188], [-162.90960693359375, 146.7830810546875, 19.235668182373047, -78.34634399414062, 41.00444793701172, 187.99703979492188, 398.8150939941406, 109.56903839111328, 44.658809661865234, -5.20827054977417, 79.22256469726562, 37.32905578613281, 61.2398681640625], [11.964676856994629, -123.10724639892578, 56.608497619628906, 13.735309600830078, 49.89314651489258, 29.239389419555664, 109.56903839111328, 214.57470703125, 80.69973754882812, 48.611568450927734, 25.34407615661621, 36.57047653198242, 16.4948673248291], [-53.10186767578125, 209.034912109375, -3.1362476348876953, 25.632030487060547, 89.59904479980469, -23.519485473632812, 44.658809661865234, 80.69973754882812, 237.92282104492188, 74.90257263183594, 78.91748809814453, -9.624648094177246, 49.997859954833984], [8.12789535522461, -209.9507293701172, 81.05850982666016, 29.845239639282227, 63.032691955566406, 56.217647552490234, -5.20827054977417, 48.611568450927734, 74.90257263183594, 195.1805877685547, 52.931339263916016, 34.69115447998047, -28.265296936035156], [-105.4614028930664, 254.8133087158203, -58.16047668457031, -76.9953842163086, 27.55363655090332, -26.23641586303711, 79.22256469726562, 25.34407615661621, 78.91748809814453, 52.931339263916016, 167.90228271484375, 22.429773330688477, 27.806554794311523], [-38.79351043701172, -181.83349609375, 119.76603698730469, 72.72897338867188, 11.16139030456543, 35.89952087402344, 37.32905578613281, 36.57047653198242, -9.624648094177246, 34.69115447998047, 22.429773330688477, 99.78809356689453, 14.823589324951172], [-112.19320678710938, 185.2911376953125, -27.634592056274414, 15.08890151977539, 49.94955062866211, -12.334762573242188, 61.2398681640625, 16.4948673248291, 49.997859954833984, -28.265296936035156, 27.806554794311523, 14.823589324951172, 108.80113220214844]], "lowlevel.gfcc.icov": [[0.0002732692228164524, -0.00016908232646528631, 0.0001772132673067972, -0.0001536730123916641, 0.00024711040896363556, -0.00022931615239940584, 0.00019807789067272097, -0.0002649186353664845, 4.761234231409617e-05, -0.00019684784638229758, 0.0003136779123451561, -0.00026803341461345553, 0.0003086248761974275], [-0.00016908232646528631, 0.002280401298776269, -0.0007471282151527703, 0.0017583913868293166, -0.0015366707229986787, 0.0024452642537653446, -0.0015158618334680796, 0.002175220986828208, -0.0014051089528948069, 0.0021208340767771006, -0.0020874831825494766, 0.0026023155078291893, -0.0016098117921501398], [0.0001772132673067972, -0.0007471282151527703, 0.0017552581848576665, -0.0014118867693468928, 0.0010244951117783785, -0.0011334922164678574, 0.0004191869229543954, -0.0008498415118083358, 0.0002512727223802358, -0.0010058996267616749, 0.0010833734413608909, -0.0019406839273869991, 0.001001538592390716], [-0.0001536730123916641, 0.0017583913868293166, -0.0014118867693468928, 0.0029109015595167875, -0.0020161992870271206, 0.0017489123856648803, -0.0006824486772529781, 0.0018089913064613938, -0.0013498389162123203, 0.002103709615767002, -0.0012685025576502085, 0.001537603558972478, -0.001400068635120988], [0.00024711040896363556, -0.0015366707229986787, 0.0010244951117783785, -0.0020161992870271206, 0.004674894735217094, -0.002742583630606532, 0.0014857667265459895, -0.00205281306989491, 0.0004365164786577225, -0.0022752960212528706, 0.0010749802459031343, -0.001140875043347478, -0.0004815429274458438], [-0.00022931615239940584, 0.0024452642537653446, -0.0011334922164678574, 0.0017489123856648803, -0.002742583630606532, 0.007274684030562639, -0.004728197120130062, 0.00350539805367589, -0.000847739283926785, 0.0004901202046312392, -0.00016257294919341803, 0.002484377706423402, -0.000497597036883235], [0.00019807789067272097, -0.0015158618334680796, 0.0004191869229543954, -0.0006824486772529781, 0.0014857667265459895, -0.004728197120130062, 0.006695096381008625, -0.004006822593510151, 0.0010266450699418783, 0.0005199554725550115, -0.001506898901425302, -0.0017714565619826317, -0.0011023922124877572], [-0.0002649186353664845, 0.002175220986828208, -0.0008498415118083358, 0.0018089913064613938, -0.00205281306989491, 0.00350539805367589, -0.004006822593510151, 0.009261486120522022, -0.0037055406719446182, 0.0010939653730019927, -0.00011443161929491907, -4.217520836391486e-05, -0.00023132874048314989], [4.761234231409617e-05, -0.0014051089528948069, 0.0002512727223802358, -0.0013498389162123203, 0.0004365164786577225, -0.000847739283926785, 0.0010266450699418783, -0.0037055406719446182, 0.00882462877780199, -0.004261084366589785, -0.001155742327682674, 0.0023802800569683313, -0.0028106574900448322], [-0.00019684784638229758, 0.0021208340767771006, -0.0010058996267616749, 0.002103709615767002, -0.0022752960212528706, 0.0004901202046312392, 0.0005199554725550115, 0.0010939653730019927, -0.004261084366589785, 0.011170072481036186, -0.004507936537265778, -0.00069055036874488, 0.0023857178166508675], [0.0003136779123451561, -0.0020874831825494766, 0.0010833734413608909, -0.0012685025576502085, 0.0010749802459031343, -0.00016257294919341803, -0.001506898901425302, -0.00011443161929491907, -0.001155742327682674, -0.004507936537265778, 0.011998828500509262, -0.0050013246946036816, 0.001657990855164826], [-0.00026803341461345553, 0.0026023155078291893, -0.0019406839273869991, 0.001537603558972478, -0.001140875043347478, 0.002484377706423402, -0.0017714565619826317, -4.217520836391486e-05, 0.0023802800569683313, -0.00069055036874488, -0.0050013246946036816, 0.0182780921459198, -0.0060907755978405476], [0.0003086248761974275, -0.0016098117921501398, 0.001001538592390716, -0.001400068635120988, -0.0004815429274458438, -0.000497597036883235, -0.0011023922124877572, -0.00023132874048314989, -0.0028106574900448322, 0.0023857178166508675, 0.001657990855164826, -0.0060907755978405476, 0.015837127342820168]], "lowlevel.mfcc.cov": [[3795.69482421875, -41.76677703857422, -469.79840087890625, -273.594970703125, -142.29632568359375, -152.293212890625, -148.56646728515625, -74.95126342773438, -72.18830871582031, -14.92270278930664, 4.4570183753967285, -63.263404846191406, -65.4753646850586], [-41.76677703857422, 2705.852294921875, -780.1505126953125, -592.2753295898438, -372.3907775878906, -405.6781311035156, -105.94697570800781, -83.25409698486328, -61.81565475463867, -33.404266357421875, -10.970611572265625, 28.63797950744629, 58.231109619140625], [-469.79840087890625, -780.1505126953125, 1137.22216796875, 433.9444580078125, 126.87194061279297, 182.58168029785156, 43.97627639770508, 82.4195327758789, 39.69971466064453, -0.529308557510376, -23.553810119628906, 19.977006912231445, 2.450059175491333], [-273.594970703125, -592.2753295898438, 433.9444580078125, 802.0863647460938, 341.1243896484375, 97.56867980957031, -42.618778228759766, 42.59687805175781, 39.483577728271484, 14.431645393371582, -24.029027938842773, -28.875871658325195, 57.22142791748047], [-142.29632568359375, -372.3907775878906, 126.87194061279297, 341.1243896484375, 455.98822021484375, 131.19638061523438, -54.625648498535156, -30.813800811767578, 31.27973175048828, 56.96830368041992, 10.250969886779785, -14.563883781433105, 31.071306228637695], [-152.293212890625, -405.6781311035156, 182.58168029785156, 97.56867980957031, 131.19638061523438, 372.0097961425781, 135.0726318359375, 46.311668395996094, 49.353050231933594, 29.778242111206055, 21.613306045532227, 27.752126693725586, -10.241866111755371], [-148.56646728515625, -105.94697570800781, 43.97627639770508, -42.618778228759766, -54.625648498535156, 135.0726318359375, 269.47802734375, 126.45940399169922, 50.28407669067383, 9.02879524230957, 34.86988830566406, 40.54471969604492, -9.375564575195312], [-74.95126342773438, -83.25409698486328, 82.4195327758789, 42.59687805175781, -30.813800811767578, 46.311668395996094, 126.45940399169922, 208.35218811035156, 97.2560043334961, 23.661170959472656, 11.535895347595215, 18.977140426635742, 6.1829304695129395], [-72.18830871582031, -61.81565475463867, 39.69971466064453, 39.483577728271484, 31.27973175048828, 49.353050231933594, 50.28407669067383, 97.2560043334961, 171.34271240234375, 69.14231872558594, 21.8029727935791, 10.74526596069336, 5.266665935516357], [-14.92270278930664, -33.404266357421875, -0.529308557510376, 14.431645393371582, 56.96830368041992, 29.778242111206055, 9.02879524230957, 23.661170959472656, 69.14231872558594, 154.1868896484375, 77.51900482177734, 30.839134216308594, 19.039514541625977], [4.4570183753967285, -10.970611572265625, -23.553810119628906, -24.029027938842773, 10.250969886779785, 21.613306045532227, 34.86988830566406, 11.535895347595215, 21.8029727935791, 77.51900482177734, 138.44320678710938, 63.13302230834961, 19.85053825378418], [-63.263404846191406, 28.63797950744629, 19.977006912231445, -28.875871658325195, -14.563883781433105, 27.752126693725586, 40.54471969604492, 18.977140426635742, 10.74526596069336, 30.839134216308594, 63.13302230834961, 109.49478912353516, 44.105220794677734], [-65.4753646850586, 58.231109619140625, 2.450059175491333, 57.22142791748047, 31.071306228637695, -10.241866111755371, -9.375564575195312, 6.1829304695129395, 5.266665935516357, 19.039514541625977, 19.85053825378418, 44.105220794677734, 113.76435089111328]], "lowlevel.mfcc.icov": [[0.0003000102879013866, 7.313201786018908e-05, 0.0001333803083980456, 5.279702600091696e-05, 8.871455065673217e-05, 1.3386517821345478e-05, 0.00022012244153302163, -9.652321750763804e-05, 8.98443249752745e-05, -1.8414793885312974e-05, -9.071313979802653e-05, 0.00010356737766414881, 8.076589438132942e-05], [7.313201786018908e-05, 0.0005948482430540025, 0.00027584502822719514, 0.00021457485854625702, 0.00019823506590910256, 0.00037998612970113754, 9.31365939322859e-05, 4.4324002374196425e-05, -5.5064199841581285e-05, -3.1590920116286725e-05, 0.00018114242993760854, -0.00016861101903486997, -0.00034932393464259803], [0.0001333803083980456, 0.00027584502822719514, 0.0014146892353892326, -0.0006664016400463879, 0.0004401372279971838, -0.00036385050043463707, 0.0003140369663015008, -0.0003206229885108769, 0.00010898438631556928, -7.984276453498751e-05, 0.00041351080290041864, -0.0007020574994385242, 0.0003389764460735023], [5.279702600091696e-05, 0.00021457485854625702, -0.0006664016400463879, 0.002600333420559764, -0.0016098495107144117, 0.0003110049001406878, 0.00031965572270564735, -0.0007621317636221647, 8.085671652224846e-06, 0.00045021093683317304, -9.254079486709088e-05, 0.0009357673116028309, -0.0012599303154274821], [8.871455065673217e-05, 0.00019823506590910256, 0.0004401372279971838, -0.0016098495107144117, 0.0042672669515013695, -0.0014253341360017657, 0.0009888653876259923, 0.0008640448213554919, -0.00031364840106107295, -0.0011527221649885178, -6.879610009491444e-05, 0.000497021886985749, -0.00048266947851516306], [1.3386517821345478e-05, 0.00037998612970113754, -0.00036385050043463707, 0.0003110049001406878, -0.0014253341360017657, 0.004684842191636562, -0.0025815204717218876, 0.0009158109896816313, -0.0006562304915860295, -0.00015516250277869403, 0.0005033495253883302, -0.0009223895031027496, 0.0005392594030126929], [0.00022012244153302163, 9.31365939322859e-05, 0.0003140369663015008, 0.00031965572270564735, 0.0009888653876259923, -0.0025815204717218876, 0.007507195230573416, -0.004116455093026161, 0.0005292496061883867, 0.0008870194433256984, -0.0013554085744544864, -0.0009455030667595565, 0.0006815054221078753], [-9.652321750763804e-05, 4.4324002374196425e-05, -0.0003206229885108769, -0.0007621317636221647, 0.0008640448213554919, 0.0009158109896816313, -0.004116455093026161, 0.009595421142876148, -0.004555488005280495, 0.00016989634605124593, 0.000652198912575841, -0.00022210674069356173, -0.0005475120851770043], [8.98443249752745e-05, -5.5064199841581285e-05, 0.00010898438631556928, 8.085671652224846e-06, -0.00031364840106107295, -0.0006562304915860295, 0.0005292496061883867, -0.004555488005280495, 0.010040047578513622, -0.004182021599262953, 0.0009797103703022003, 0.000250026147114113, 0.0003584858786780387], [-1.8414793885312974e-05, -3.1590920116286725e-05, -7.984276453498751e-05, 0.00045021093683317304, -0.0011527221649885178, -0.00015516250277869403, 0.0008870194433256984, 0.00016989634605124593, -0.004182021599262953, 0.011759643442928791, -0.0061661177314817905, 0.0006344457506202161, -0.0007989599253050983], [-9.071313979802653e-05, 0.00018114242993760854, 0.00041351080290041864, -9.254079486709088e-05, -6.879610009491444e-05, 0.0005033495253883302, -0.0013554085744544864, 0.000652198912575841, 0.0009797103703022003, -0.0061661177314817905, 0.013666722923517227, -0.006573752500116825, 0.0009601626661606133], [0.00010356737766414881, -0.00016861101903486997, -0.0007020574994385242, 0.0009357673116028309, 0.000497021886985749, -0.0009223895031027496, -0.0009455030667595565, -0.00022210674069356173, 0.000250026147114113, 0.0006344457506202161, -0.006573752500116825, 0.0162496380507946, -0.005864802747964859], [8.076589438132942e-05, -0.00034932393464259803, 0.0003389764460735023, -0.0012599303154274821, -0.00048266947851516306, 0.0005392594030126929, 0.0006815054221078753, -0.0005475120851770043, 0.0003584858786780387, -0.0007989599253050983, 0.0009601626661606133, -0.005864802747964859, 0.012131406925618649]], "metadata.audio_properties.analysis.downmix": "mix", "metadata.audio_properties.codec": "mp3", "metadata.audio_properties.md5_encoded": "bc2140b459061f6c4872f95cf67f9d78", "metadata.tags.file_name": "1183714085309792256.mp3", "metadata.version.essentia": "2.1-beta6-dev", "metadata.version.essentia_git_sha": "v2.1_beta5-1110-g77a6a954", "metadata.version.extractor": "music 2.0", "tonal.chords_key": "C", "tonal.chords_scale": "minor", "tonal.key_edma.key": "G", "tonal.key_edma.scale": "major", "tonal.key_krumhansl.key": "G", "tonal.key_krumhansl.scale": "major", "tonal.key_temperley.key": "G", "tonal.key_temperley.scale": "major", "metadata.tags.encoding": ["Lavf58.45.100"]}, "essentia_models": [{"model_name": "genre_dortmund", "activations": {"alternative": "0.00012220822", "blues": "4.477567e-05", "electronic": "0.00010136877", "folkcountry": "2.515035e-05", "funksoulrnb": "0.00027871635", "jazz": "3.917263e-05", 