{"song_id": "1183658946335092826", "download": "https://cdn.discordapp.com/attachments/1135903449314238464/1183658946335092826/chirp.mp4?ex=6589234c&amp", "lyrics": "(\u7b2c\u4e00\u6bb5)\n\u5728\u6536\u5bb9\u6240\u7684\u89d2\u843d\uff0c\u5b64\u7368\u7684\u773c\u7738\n\u6bdb\u8338\u8338\u7684\u5922\uff0c\u7b49\u5f85\u4e00\u500b\u5bb6\u7684\u547c\u559a\n\u8f15\u8f15\u54fc\u8457\u6b4c\uff0c\u5e0c\u671b\u6709\u4e00\u5929\n\u8e0f\u4e0a\u65b0\u7684\u65c5\u7a0b\uff0c\u627e\u5230\u611b\u7684\u65b9\u5411\n\n(\u7b2c\u4e8c\u6bb5)\n\u7246\u5916\u7684\u967d\u5149\uff0c\u662f\u81ea\u7531\u7684\u7d04\u5b9a\n\u6536\u5bb9\u6240\u7684\u65e5\u5b50\uff0c\u4e0d\u518d\u7121\u5948\n\u5e0c\u671b\u7684\u7a2e\u5b50\uff0c\u5728\u5fc3\u4e2d\u6084\u7136\u767c\u82bd\n\u771f\u6b63\u7684\u5bb6\u5712\uff0c\u7b49\u5f85\u8457\u6211\u5011\u7684\u6b78\u5bb6", "style": ["random"], "essentia_features": {"lowlevel.average_loudness": 0.5100724697113037, "lowlevel.barkbands_crest.mean": 13.410297393798828, "lowlevel.barkbands_crest.stdev": 5.680300235748291, "lowlevel.barkbands_flatness_db.mean": 0.2064310610294342, "lowlevel.barkbands_flatness_db.stdev": 0.06576008349657059, "lowlevel.barkbands_kurtosis.mean": 20.375215530395508, "lowlevel.barkbands_kurtosis.stdev": 65.1231460571289, "lowlevel.barkbands_skewness.mean": 1.7313076257705688, "lowlevel.barkbands_skewness.stdev": 2.3183701038360596, "lowlevel.barkbands_spread.mean": 16.925106048583984, "lowlevel.barkbands_spread.stdev": 14.925344467163086, "lowlevel.dissonance.mean": 0.434766948223114, "lowlevel.dissonance.stdev": 0.05599191039800644, "lowlevel.dynamic_complexity": 7.871398448944092, "lowlevel.erbbands_crest.mean": 14.92396354675293, "lowlevel.erbbands_crest.stdev": 7.1422929763793945, "lowlevel.erbbands_flatness_db.mean": 0.23023396730422974, "lowlevel.erbbands_flatness_db.stdev": 0.06709183007478714, "lowlevel.erbbands_kurtosis.mean": 17.578495025634766, "lowlevel.erbbands_kurtosis.stdev": 51.86124038696289, "lowlevel.erbbands_skewness.mean": 1.473618507385254, "lowlevel.erbbands_skewness.stdev": 2.7340269088745117, "lowlevel.erbbands_spread.mean": 29.754776000976562, "lowlevel.erbbands_spread.stdev": 22.971147537231445, "lowlevel.hfc.mean": 16.521989822387695, "lowlevel.hfc.stdev": 23.02060890197754, "lowlevel.loudness_ebu128.integrated": -33.125282287597656, "lowlevel.loudness_ebu128.loudness_range": 16.106611251831055, "lowlevel.loudness_ebu128.momentary.mean": -39.02392578125, "lowlevel.loudness_ebu128.momentary.stdev": 9.035731315612793, "lowlevel.loudness_ebu128.short_term.mean": -37.00163650512695, "lowlevel.loudness_ebu128.short_term.stdev": 6.284601211547852, "lowlevel.melbands_crest.mean": 16.45073890686035, "lowlevel.melbands_crest.stdev": 6.549010753631592, "lowlevel.melbands_flatness_db.mean": 0.23974299430847168, "lowlevel.melbands_flatness_db.stdev": 0.08271961659193039, "lowlevel.melbands_kurtosis.mean": 23.876834869384766, "lowlevel.melbands_kurtosis.stdev": 37.6063117980957, "lowlevel.melbands_skewness.mean": 2.184573173522949, "lowlevel.melbands_skewness.stdev": 2.4399759769439697, "lowlevel.melbands_spread.mean": 22.698627471923828, "lowlevel.melbands_spread.stdev": 29.50355339050293, "lowlevel.pitch_salience.mean": 0.5046579241752625, "lowlevel.pitch_salience.stdev": 0.1578315645456314, "lowlevel.silence_rate_20dB.mean": 1.0, "lowlevel.silence_rate_20dB.stdev": 0.0, "lowlevel.silence_rate_30dB.mean": 0.9982618689537048, "lowlevel.silence_rate_30dB.stdev": 0.041654571890830994, "lowlevel.silence_rate_60dB.mean": 0.3586326837539673, "lowlevel.silence_rate_60dB.stdev": 0.4796048402786255, "lowlevel.spectral_centroid.mean": 1122.1763916015625, "lowlevel.spectral_centroid.stdev": 814.5119018554688, "lowlevel.spectral_complexity.mean": 7.121668815612793, "lowlevel.spectral_complexity.stdev": 5.70693826675415, "lowlevel.spectral_decrease.mean": -3.6128109393018804e-09, "lowlevel.spectral_decrease.stdev": 4.356168314956221e-09, "lowlevel.spectral_energy.mean": 0.015134172514081001, "lowlevel.spectral_energy.stdev": 0.017802968621253967, "lowlevel.spectral_energyband_high.mean": 0.0007764078909531236, "lowlevel.spectral_energyband_high.stdev": 0.002169000683352351, "lowlevel.spectral_energyband_low.mean": 0.0010710537899285555, "lowlevel.spectral_energyband_low.stdev": 0.0026806339155882597, "lowlevel.spectral_energyband_middle_high.mean": 0.004655552562326193, "lowlevel.spectral_energyband_middle_high.stdev": 0.00854718778282404, "lowlevel.spectral_energyband_middle_low.mean": 0.008894067257642746, "lowlevel.spectral_energyband_middle_low.stdev": 0.012508626095950603, "lowlevel.spectral_entropy.mean": 7.080967903137207, "lowlevel.spectral_entropy.stdev": 0.6843982934951782, "lowlevel.spectral_flux.mean": 0.04403425008058548, "lowlevel.spectral_flux.stdev": 0.036038774996995926, "lowlevel.spectral_kurtosis.mean": 5.636806488037109, "lowlevel.spectral_kurtosis.stdev": 6.2327494621276855, "lowlevel.spectral_rms.mean": 0.003091023303568363, "lowlevel.spectral_rms.stdev": 0.002282677451148629, "lowlevel.spectral_rolloff.mean": 1633.1514892578125, "lowlevel.spectral_rolloff.stdev": 1954.1937255859375, "lowlevel.spectral_skewness.mean": 1.9652200937271118, "lowlevel.spectral_skewness.stdev": 0.8265393376350403, "lowlevel.spectral_spread.mean": 5595417.0, "lowlevel.spectral_spread.stdev": 1837879.375, "lowlevel.spectral_strongpeak.mean": 1.4585306644439697, "lowlevel.spectral_strongpeak.stdev": 2.145935535430908, "lowlevel.zerocrossingrate.mean": 0.07251118123531342, "lowlevel.zerocrossingrate.stdev": 0.0533958300948143, "metadata.audio_properties.analysis.equal_loudness": 0.0, "metadata.audio_properties.analysis.length": 40.04265213012695, "metadata.audio_properties.analysis.sample_rate": 44100.0, "metadata.audio_properties.analysis.start_time": 0.0, "metadata.audio_properties.bit_rate": 113284.0, "metadata.audio_properties.length": 40.042667388916016, "metadata.audio_properties.lossless": 0.0, "metadata.audio_properties.number_channels": 1.0, "metadata.audio_properties.replay_gain": 5.315530776977539, "metadata.audio_properties.sample_rate": 48000.0, "rhythm.beats_count": 60.0, "rhythm.beats_loudness.mean": 0.016544271260499954, "rhythm.beats_loudness.stdev": 0.01678425632417202, "rhythm.bpm": 76.19629669189453, "rhythm.bpm_histogram_first_peak_bpm": 110.0, "rhythm.bpm_histogram_first_peak_weight": 0.3571428060531616, "rhythm.bpm_histogram_second_peak_bpm": 74.0, "rhythm.bpm_histogram_second_peak_spread": 0.5909091234207153, "rhythm.bpm_histogram_second_peak_weight": 0.1525423675775528, "rhythm.danceability": 0.9141696095466614, "rhythm.onset_rate": 2.4217052459716797, "tonal.chords_changes_rate": 0.08796296268701553, "tonal.chords_number_rate": 0.021990740671753883, "tonal.chords_strength.mean": 0.4926772713661194, "tonal.chords_strength.stdev": 0.10112373530864716, "tonal.hpcp_crest.mean": 16.201175689697266, "tonal.hpcp_crest.stdev": 7.944066524505615, "tonal.hpcp_entropy.mean": 1.7037450075149536, "tonal.hpcp_entropy.stdev": 0.7839457392692566, "tonal.key_edma.strength": 0.611114501953125, "tonal.key_krumhansl.strength": 0.6240434646606445, "tonal.key_temperley.strength": 0.6426685452461243, "tonal.tuning_diatonic_strength": 0.4900735318660736, "tonal.tuning_equal_tempered_deviation": 0.07355501502752304, "tonal.tuning_frequency": 440.0, "tonal.tuning_nontempered_energy_ratio": 0.7885099649429321, "lowlevel.barkbands.mean": [5.529953341465443e-06, 0.00025989324785768986, 0.0005737222963944077, 0.000705961836501956, 0.0024188447277992964, 0.00331314280629158, 0.0016927187098190188, 0.00029456071206368506, 0.0004035026649944484, 0.0009282480459660292, 0.000750154722481966, 0.0004642268468160182, 0.00040789126069284976, 0.00030770039302296937, 0.0008808556012809277, 0.0004885868984274566, 0.00010355676931794733, 0.00014905766875017434, 0.00016203001723624766, 9.684725955594331e-05, 3.262014070060104e-05, 7.63418065616861e-05, 0.00014181451115291566, 0.0003315434150863439, 0.00014237273717299104, 2.432086830594926e-06, 1.8089316711211723e-08], "lowlevel.barkbands.stdev": [1.830532892199699e-05, 0.0005996577092446387, 0.0019931828137487173, 0.00223330850712955, 0.004296980332583189, 0.006768624763935804, 0.005715357139706612, 0.0011385416146367788, 0.0009806419257074594, 0.002975759794935584, 0.003752832068130374, 0.0021046798210591078, 0.0014980591367930174, 0.0010242486605420709, 0.0035309295635670424, 0.002496209694072604, 0.00032812089193612337, 0.0006660472135990858, 0.00039917274261824787, 0.00031710564508102834, 0.0001917022018460557, 0.00042546491022221744, 0.0007328092469833791, 0.0007731459336355329, 0.00041786677320487797, 1.6199630408664234e-05, 1.0084469437288135e-07], "lowlevel.erbbands.mean": [0.0028282487764954567, 0.08100338280200958, 0.5463658571243286, 1.4750421047210693, 3.4109740257263184, 9.852679252624512, 21.060049057006836, 26.93659019470215, 22.657333374023438, 20.007061004638672, 7.742513179779053, 8.737768173217773, 11.812093734741211, 46.64799499511719, 25.249128341674805, 17.660173416137695, 19.24065589904785, 17.158733367919922, 44.401859283447266, 22.00113296508789, 29.143320083618164, 7.340106964111328, 7.925464630126953, 9.173556327819824, 6.29052734375, 5.010230541229248, 2.195767879486084, 1.047454833984375, 2.495030403137207, 3.550811529159546, 4.220924377441406, 3.731553316116333, 7.548254013061523, 2.9781317710876465, 0.2981737554073334, 0.02436952292919159, 0.0033045816235244274, 0.00033044684096239507, 2.7250065613770857e-05, 2.234917519672308e-05], "lowlevel.erbbands.stdev": [0.007043902762234211, 0.19156473875045776, 1.859708309173584, 3.9386215209960938, 7.910974979400635, 18.194738388061523, 48.190799713134766, 60.71055603027344, 57.14649963378906, 89.40885162353516, 27.520965576171875, 21.427127838134766, 39.246604919433594, 171.72450256347656, 94.48320770263672, 77.99344635009766, 69.28273010253906, 50.637962341308594, 174.70494079589844, 77.54006958007812, 148.04458618164062, 21.63585090637207, 34.112220764160156, 25.80201530456543, 15.067465782165527, 14.670287132263184, 12.522910118103027, 6.020821571350098, 14.711509704589844, 19.631139755249023, 21.264741897583008, 12.707062721252441, 16.169090270996094, 8.028131484985352, 1.0402363538742065, 0.13104340434074402, 0.019035980105400085, 0.001966689247637987, 5.8880523283733055e-05, 2.6027706553577445e-05], "lowlevel.gfcc.mean": [-127.65376281738281, 72.46172332763672, -125.14905548095703, 2.6623849868774414, -83.25323486328125, 13.448200225830078, -65.17457580566406, 5.873208045959473, -33.10407257080078, -6.336231231689453, -1.009680151939392, -13.614768981933594, 5.953821659088135], "lowlevel.melbands.mean": [4.855710358242504e-05, 0.0002300834603374824, 0.00032299134181812406, 0.00044564122799783945, 0.000697666488122195, 0.0005905010621063411, 0.00036656518932431936, 0.00017922375991474837, 6.175454473122954e-05, 5.3808045777259395e-05, 5.7768033002503216e-05, 0.00018932996317744255, 9.765615686774254e-05, 4.61367417301517e-05, 5.639286246150732e-05, 3.357722744112834e-05, 2.9227749109850265e-05, 6.344596476992592e-05, 5.6583132391097024e-05, 2.5287896278314292e-05, 3.1110925192479044e-05, 6.172139819682343e-06, 4.633095159078948e-06, 9.942529686668422e-06, 7.150613782869186e-06, 5.5259993132494856e-06, 3.539590352374944e-06, 3.254679768360802e-06, 1.531639782115235e-06, 7.340029810620763e-07, 5.274283694234327e-07, 1.263146145902283e-06, 1.7732121477820328e-06, 2.047593397946912e-06, 2.5030926735780668e-06, 2.178199110858259e-06, 2.1936409666523105e-06, 5.542670805880334e-06, 4.532407729129773e-06, 1.8515091824156116e-06], "lowlevel.melbands.stdev": [0.00010811463289428502, 0.0006741079268977046, 0.0008659800514578819, 0.0008144097519107163, 0.0014002645621076226, 0.0012840484268963337, 0.000979146920144558, 0.0008011759491637349, 0.00022032071137800813, 0.00013106832921039313, 0.00021205315715633333, 0.0006827113684266806, 0.00040797676774673164, 0.00017050752649083734, 0.00033060021814890206, 0.00011161794827785343, 9.689359285403043e-05, 0.00024783978005871177, 0.00023628406052011997, 0.00012836708629038185, 0.00015306197747122496, 1.880882882687729e-05, 1.5341001926572062e-05, 5.167205017642118e-05, 2.190836676163599e-05, 1.5195169908110984e-05, 9.826156201597769e-06, 1.0563458090473432e-05, 9.683521057013422e-06, 4.6742247832298744e-06, 3.1672536806581775e-06, 7.799390914442483e-06, 1.017051181406714e-05, 1.1961613381572533e-05, 1.3926106475992128e-05, 9.506109563517384e-06, 7.457447281922214e-06, 1.2492708265199326e-05, 1.0087719601870049e-05, 5.892045010114089e-06], "lowlevel.melbands128.mean": [2.9157565677451203e-06, 8.205181075027213e-06, 5.254355710349046e-05, 0.00015202947543002665, 0.0002464410790707916, 0.00029274579719640315, 0.00025207013823091984, 0.0004214590589981526, 0.0002839639491867274, 0.00037963787326589227, 0.0005837841308675706, 0.0006437607808038592, 0.0007321088924072683, 0.0007908657426014543, 0.0006576050072908401, 0.0005124680465087295, 0.00021048812777735293, 0.0004512077139224857, 0.0003895330592058599, 0.00024093370302580297, 4.7738561988808215e-05, 4.2356135963927954e-05, 7.173857738962397e-05, 7.303870370378718e-05, 5.437919753603637e-05, 4.697905751527287e-05, 5.1171296945540234e-05, 3.368362013134174e-05, 6.53686947771348e-05, 0.00022352009546011686, 0.0002383569662924856, 0.00011997065303148702, 0.00010845767974387854, 5.110901111038402e-05, 6.512658001156524e-05, 3.456929698586464e-05, 3.197513069608249e-05, 7.792316318955272e-05, 5.3527579439105466e-05, 3.693673716043122e-05, 2.4124867195496336e-05, 3.884057150571607e-05, 2.819092696881853e-05, 2.8562919396790676e-05, 2.1096077034599148e-05, 5.669907113770023e-05, 0.00014220461889635772, 5.980509740766138e-05, 2.4002614736673422e-05, 1.206192700919928e-05, 7.84506028139731e-06, 6.1025581089779735e-05, 5.356001202017069e-05, 8.961934327089693e-06, 4.146717401454225e-06, 5.505683475348633e-06, 9.052237146534026e-06, 5.579909611697076e-06, 2.0296847651479766e-06, 4.189141236565774e-06, 1.6720783605705947e-05, 7.20452590030618e-06, 6.156597464723745e-06, 7.302721314772498e-06, 8.43877023726236e-06, 5.4664765229972545e-06, 4.053862539876718e-06, 3.7257327676343266e-06, 2.8203605779708596e-06, 4.332629032433033e-06, 3.806068207268254e-06, 2.429291498629027e-06, 1.8703475461734342e-06, 1.4686023632748402e-06, 1.0429351959828637e-06, 7.988928132363071e-07, 5.89924923133367e-07, 4.109293456622254e-07, 4.573531100504624e-07, 6.783670301047096e-07, 9.525543305244355e-07, 1.7767576991900569e-06, 1.5485910580537166e-06, 1.6639834257148323e-06, 2.05386368179461e-06, 1.9805909232673002e-06, 1.7597537862457102e-06, 2.698435309866909e-06, 2.561312157922657e-06, 2.4799996936053503e-06, 2.295489366588299e-06, 2.2537474251294043e-06, 1.684906578702794e-06, 1.5948578493407695e-06, 2.7532962576515274e-06, 4.212729891150957e-06, 7.141082733141957e-06, 6.045636382623343e-06, 4.759442163049243e-06, 3.720535460161045e-06, 2.708616648305906e-06, 1.5237036450344021e-06, 8.098454031824076e-07, 4.57526425634569e-07, 1.1856894133188689e-07, 5.4895572532132064e-08, 5.180502427037936e-08, 5.5890062355956616e-08, 2.748647531802817e-08, 9.341770912385527e-09, 6.273093156039522e-09, 1.006181271634432e-08, 1.0979238851405171e-08, 6.0021996262094035e-09, 4.980126533382645e-09, 2.4293163036759324e-09, 5.953876280884174e-10, 1.7340658076125948e-10, 3.28425585338632e-11, 1.564610593862703e-11, 1.3272760494842384e-11, 1.0462890102924671e-11, 8.27527369545722e-12, 8.046768112945912e-12, 6.4505479950571765e-12, 3.6078169531744697e-12, 2.1210897621637415e-12, 1.901814643268107e-12], "lowlevel.melbands128.stdev": [1.3005585060454905e-05, 4.6611388825112954e-05, 0.00012236592010594904, 0.00036992697278037667, 0.0009038944263011217, 0.0009701374219730496, 0.0006707149441353977, 0.0013764904579147696, 0.0007933315355330706, 0.0010119960643351078, 0.001222390215843916, 0.0013490277342498302, 0.002209592144936323, 0.001920004258863628, 0.0016003636410459876, 0.0019645518623292446, 0.0006716303178109229, 0.0014323138166218996, 0.0018505316693335772, 0.0013912463327869773, 0.00022042312775738537, 0.00026500661624595523, 0.0003317029622849077, 0.0002702854690141976, 0.0002039449755102396, 0.00015611934941262007, 0.0002426669525448233, 0.00021543785987887532, 0.0004734475223813206, 0.0007796697318553925, 0.0012456700205802917, 0.0006448710337281227, 0.0006877895211800933, 0.00025467720115557313, 0.0003351117193233222, 0.00018066786287818104, 0.0002463075506966561, 0.0006542601040564477, 0.0002401207893854007, 0.0002198706060880795, 0.00010751999070635065, 0.00020200788276270032, 0.00012307398719713092, 0.0001603068521944806, 0.00010298501001670957, 0.0003425232134759426, 0.0007462195353582501, 0.00029580359114333987, 0.00017263965855818242, 7.446607924066484e-05, 4.002075729658827e-05, 0.0004583507252391428, 0.0002843902329914272, 4.10135617130436e-05, 2.4149541786755435e-05, 2.3584369046147913e-05, 3.798114266828634e-05, 2.7869918994838372e-05, 8.57712802826427e-06, 2.0336605302873068e-05, 0.00010955778270727023, 3.222673694835976e-05, 3.620367351686582e-05, 2.411431159998756e-05, 3.2695701520424336e-05, 2.5710894988151267e-05, 1.3716918147110846e-05, 1.6476953533128835e-05, 9.360528565593995e-06, 1.3626800864585675e-05, 1.3525249414669815e-05, 1.1514901416376233e-05, 1.441470521967858e-05, 9.166103154711891e-06, 7.771293894620612e-06, 5.2519799282890745e-06, 4.319056642998476e-06, 2.2764279492548667e-06, 2.5055601327039767e-06, 4.8343972594011575e-06, 6.390788257704116e-06, 1.2158761819591746e-05, 1.0253414075123146e-05, 1.0454807124915533e-05, 1.2198437616461888e-05, 1.274371152248932e-05, 1.0313111488358118e-05, 1.7212561942869797e-05, 1.6727241018088534e-05, 1.3431329534796532e-05, 1.0513878805795684e-05, 9.513987606624141e-06, 8.20513378130272e-06, 7.2233210630656686e-06, 8.216906280722469e-06, 1.1968687431362923e-05, 1.767668072716333e-05, 1.2729989975923672e-05, 1.0871545782720204e-05, 1.0111405572388321e-05, 8.985855856735725e-06, 5.229351245361613e-06, 3.1776155537954764e-06, 2.087622078761342e-06, 7.137581974347995e-07, 3.3477289207439753e-07, 2.5875459641611087e-07, 4.063933261022612e-07, 2.396082834366098e-07, 8.207450719055487e-08, 6.502349947368202e-08, 8.802026485454917e-08, 8.340315815758004e-08, 3.428328199106545e-08, 3.3655776832119955e-08, 3.1035032321824474e-08, 4.255217511683895e-09, 8.416470298477918e-10, 2.858788483717234e-10, 2.82258466599572e-10, 1.9826523756094616e-10, 9.19441189850545e-11, 4.95085222818048e-12, 4.8222532737784984e-12, 4.675330435299774e-12, 4.521819550740158e-12, 4.444692443955622e-12, 4.415595927093063e-12], "lowlevel.mfcc.mean": [-770.5298461914062, 104.93297576904297, 7.921804428100586, -17.282686233520508, 8.095022201538086, -20.675878524780273, -0.677644670009613, -17.635740280151367, -15.172309875488281, 1.1560207605361938, -15.002838134765625, -13.20407485961914, -5.535384178161621], "lowlevel.spectral_contrast_coeffs.mean": [-0.6220451593399048, -0.6978679895401001, -0.7401164770126343, -0.7838490009307861, -0.8036101460456848, -0.8101559281349182], "lowlevel.spectral_contrast_coeffs.stdev": [0.15099942684173584, 0.11257421225309372, 0.10389454662799835, 0.09327587485313416, 0.07154955714941025, 0.052726686000823975], "lowlevel.spectral_contrast_valleys.mean": [-8.912673950195312, -8.15282154083252, -8.607656478881836, -8.770977973937988, -9.00185775756836, -11.024864196777344], "lowlevel.spectral_contrast_valleys.stdev": [1.6638187170028687, 1.071143627166748, 1.1139415502548218, 1.185021162033081, 1.2847743034362793, 1.3159124851226807], "rhythm.beats_loudness_band_ratio.mean": [0.10358678549528122, 0.2699701189994812, 0.2750585377216339, 0.12540870904922485, 0.16291716694831848, 0.0934230163693428], "rhythm.beats_loudness_band_ratio.stdev": [0.18537330627441406, 0.2687298655509949, 0.324913889169693, 0.15364894270896912, 0.2722179889678955, 0.19015686213970184], "tonal.hpcp.mean": [0.21933749318122864, 0.21132402122020721, 0.12249508500099182, 0.11265622079372406, 0.11602414399385452, 0.12045487761497498, 0.1768304705619812, 0.15604370832443237, 0.12909255921840668, 0.15293551981449127, 0.12158084660768509, 0.07850053906440735, 0.0607386976480484, 0.049554262310266495, 0.07310505211353302, 0.10317452996969223, 0.07619062066078186, 0.05666842684149742, 0.08369038999080658, 0.08564632385969162, 0.10285639762878418, 0.1534547209739685, 0.1257767528295517, 0.13836659491062164, 0.21568797528743744, 0.16187702119350433, 0.08942160755395889, 0.11169224977493286, 0.10052274912595749, 0.08287419378757477, 0.11362294852733612, 0.09321112930774689, 0.048899512737989426, 0.05017021670937538, 0.06805106997489929, 0.1253199279308319], "tonal.hpcp.stdev": [0.32574662566185, 0.314605712890625, 0.23748652637004852, 0.24094192683696747, 0.2482910305261612, 0.2228962928056717, 0.3022770881652832, 0.27724358439445496, 0.21897517144680023, 0.2751334011554718, 0.21171355247497559, 0.19485679268836975, 0.157347172498703, 0.132128044962883, 0.17541325092315674, 0.23483961820602417, 0.17800505459308624, 0.14812974631786346, 0.2220076322555542, 0.21404853463172913, 0.2044043093919754, 0.27326303720474243, 0.22759750485420227, 0.2367529720067978, 0.34329256415367126, 0.26136675477027893, 0.18031950294971466, 0.233506977558136, 0.21855007112026215, 0.1768025904893875, 0.25452080368995667, 0.20529809594154358, 0.13444915413856506, 0.13679929077625275, 0.1746789962053299, 0.23251813650131226], "rhythm.beats_position": [0.5340589284896851, 1.09133780002594, 1.6370067596435547, 2.18267560005188, 2.728344678878784, 3.2740135192871094, 3.8312923908233643, 4.388571262359619, 4.945850372314453, 5.491518974304199, 5.944308280944824, 6.37387752532959, 6.8034467697143555, 7.233015537261963, 7.778684616088867, 8.324353218078613, 8.870022773742676, 9.392471313476562, 9.903310775756836, 10.402539253234863, 10.913378715515137, 11.424217224121094, 11.935056686401367, 12.480725288391113, 13.014784812927246, 13.664942741394043, 14.315101623535156, 15.034920692443848, 15.754738807678223, 16.474557876586914, 17.18276596069336, 17.960634231567383, 18.738502502441406, 19.52798080444336, 20.305849075317383, 21.07210922241211, 21.838367462158203, 22.604625701904297, 23.35927391052246, 24.125532150268555, 24.89179039001465, 25.611610412597656, 26.3198184967041, 27.016416549682617, 27.724624633789062, 28.43283462524414, 29.141042709350586, 29.9537410736084, 30.76643943786621, 31.579137802124023, 32.380226135253906, 33.19292449951172, 34.017234802246094, 34.829933166503906, 35.64263153076172, 36.43210983276367, 37.23319625854492, 38.01106643676758, 38.80054473876953, 39.590023040771484], "rhythm.bpm_histogram": [0.0, 0.0, 0.0, 0.0, 0.0, 0.0, 0.0, 0.0, 0.0, 0.0, 0.0, 0.0, 0.0, 0.0, 0.0, 0.0, 0.0, 0.0, 0.0, 0.0, 0.0, 0.0, 0.0, 0.0, 0.0, 0.0, 0.0, 0.0, 0.0, 0.0, 0.0, 0.0, 0.0, 0.0, 0.0, 0.0, 0.0, 0.0, 0.0, 0.0, 0.0, 0.0, 0.0, 0.0, 0.0, 0.0, 0.0, 0.0, 0.0, 0.0, 0.0, 0.0, 0.0, 0.0, 0.0, 0.0, 0.0, 0.0, 0.0, 0.0, 0.0, 0.0, 0.0, 0.0, 0.0, 0.0, 0.0, 0.0, 0.0, 0.0, 0.0, 0.0, 0.0, 0.016949152573943138, 0.10169491171836853, 0.033898305147886276, 0.06779661029577255, 0.06779661029577255, 0.08474576473236084, 0.0, 0.016949152573943138, 0.0, 0.0, 0.06779661029577255, 0.0, 0.08474576473236084, 0.016949152573943138, 0.0, 0.0, 0.0, 0.0, 0.0, 0.033898305147886276, 0.0, 0.0, 0.0, 0.0, 0.0, 0.0, 0.0, 0.0, 0.0, 0.0, 0.0, 0.0, 0.0, 0.0, 0.0, 0.06779661029577255, 0.0, 0.1525423675775528, 0.0, 0.016949152573943138, 0.0, 0.0, 0.016949152573943138, 0.0, 0.06779661029577255, 0.0, 0.0, 0.016949152573943138, 0.0, 0.0, 0.0, 0.0, 0.0, 0.0, 0.0, 0.0, 0.0, 0.0, 0.0, 0.0, 0.016949152573943138, 0.0, 0.0, 0.0, 0.0, 0.0, 0.0, 0.050847455859184265, 0.0, 0.0, 0.0, 0.0, 0.0, 0.0, 0.0, 0.0, 0.0, 0.0, 0.0, 0.0, 0.0, 0.0, 0.0, 0.0, 0.0, 0.0, 0.0, 0.0, 0.0, 0.0, 0.0, 0.0, 0.0, 0.0, 0.0, 0.0, 0.0, 0.0, 0.0, 0.0, 0.0, 0.0, 0.0, 0.0, 0.0, 0.0, 0.0, 0.0, 0.0, 0.0, 0.0, 0.0, 0.0, 0.0, 0.0, 0.0, 0.0, 0.0, 0.0, 0.0, 0.0, 0.0, 0.0, 0.0, 0.0, 0.0, 0.0, 0.0, 0.0, 0.0, 0.0, 0.0, 0.0, 0.0, 0.0, 0.0, 0.0, 0.0, 0.0, 0.0, 0.0, 0.0, 0.0, 0.0, 0.0, 0.0, 0.0, 0.0, 0.0, 0.0, 0.0, 0.0, 0.0, 0.0, 0.0, 0.0, 0.0, 0.0, 0.0, 0.0, 0.0, 0.0, 0.0, 0.0, 0.0, 0.0, 0.0, 0.0, 0.0, 0.0, 0.0, 0.0, 0.0, 0.0, 0.0, 0.0, 0.0], "tonal.chords_histogram": [8.912036895751953, 1.3888888359069824, 7.986111164093018, 4.166666507720947, 6.365740776062012, 3.3564815521240234, 2.5462963581085205, 3.935185194015503, 0.0, 4.861111164093018, 4.976851940155029, 1.9675925970077515, 1.9675925970077515, 0.0, 6.25, 0.0, 2.8935184478759766, 1.0416666269302368, 0.46296295523643494, 6.018518447875977, 0.0, 4.513888835906982, 2.777777671813965, 23.61111068725586], "tonal.thpcp": [1.0, 0.9634650945663452, 0.5584776401519775, 0.5136204361915588, 0.5289754271507263, 0.5491759777069092, 0.8062026500701904, 0.7114319801330566, 0.588556706905365, 0.6972611546516418, 0.5543094277381897, 0.35789841413497925, 0.276918888092041, 0.22592699527740479, 0.3332993984222412, 0.4703916609287262, 0.3473670482635498, 0.2583617866039276, 0.3815598785877228, 0.39047735929489136, 0.46894124150276184, 0.6996282935142517, 0.573439359664917, 0.6308387517929077, 0.9833611845970154, 0.7380271553993225, 0.40768957138061523, 0.5092255473136902, 0.45830172300338745, 0.37783870100975037, 0.5180279612541199, 0.4249666929244995, 0.22294187545776367, 0.22873525321483612, 0.31025734543800354, 0.5713565945625305], "lowlevel.gfcc.cov": [[17135.875, 731.5267333984375, -1711.00537109375, 2043.7330322265625, -418.15771484375, 333.9945983886719, -1971.74169921875, -573.8554077148438, -1177.7705078125, -1150.1529541015625, 1702.444091796875, -1148.2320556640625, 524.6101684570312], [731.5267333984375, 1956.391357421875, 697.8440551757812, -11.059672355651855, 298.8608093261719, -6.347563743591309, 70.515625, -64.99751281738281, -69.54662322998047, -85.68262481689453, 160.54808044433594, -261.47705078125, -75.22723388671875], [-1711.00537109375, 697.8440551757812, 1689.568603515625, 226.62100219726562, 188.60472106933594, 133.87869262695312, 468.9006042480469, 265.7503356933594, 307.0461120605469, 189.5882568359375, -259.4548034667969, 150.57176208496094, -259.3123779296875], [2043.7330322265625, -11.059672355651855, 226.62100219726562, 1059.9969482421875, 236.77940368652344, 178.85964965820312, -238.9788055419922, -83.78424835205078, 8.293935775756836, -96.08744812011719, 87.33968353271484, -110.7265853881836, -4.0204243659973145], [-418.15771484375, 298.8608093261719, 188.60472106933594, 236.77940368652344, 549.8186645507812, 111.61619567871094, -13.684867858886719, 22.77253532409668, 111.60110473632812, 87.86730194091797, -101.4214096069336, -20.014949798583984, -39.608116149902344], [333.9945983886719, -6.347563743591309, 133.87869262695312, 178.85964965820312, 111.61619567871094, 298.4532470703125, 112.36398315429688, -1.4744781255722046, -19.189191818237305, 29.96904945373535, -8.815943717956543, -67.78534698486328, -14.331832885742188], [-1971.74169921875, 70.515625, 468.9006042480469, -238.9788055419922, -13.684867858886719, 112.36398315429688, 593.8102416992188, 207.2793426513672, 143.05673217773438, 127.49180603027344, -208.36163330078125, 115.30970001220703, -95.47732543945312], [-573.8554077148438, -64.99751281738281, 265.7503356933594, -83.78424835205078, 22.77253532409668, -1.4744781255722046, 207.2793426513672, 330.3439025878906, 150.66546630859375, 24.405685424804688, -77.00115966796875, 86.41071319580078, -41.6605339050293], [-1177.7705078125, -69.54662322998047, 307.0461120605469, 8.293935775756836, 111.60110473632812, -19.189191818237305, 143.05673217773438, 150.66546630859375, 442.0527648925781, 262.1136779785156, -163.27003479003906, 171.23748779296875, -71.85552215576172], [-1150.1529541015625, -85.68262481689453, 189.5882568359375, -96.08744812011719, 87.86730194091797, 29.96904945373535, 127.49180603027344, 24.405685424804688, 262.1136779785156, 361.227294921875, -91.09123229980469, 134.38568115234375, -67.7702407836914], [1702.444091796875, 160.54808044433594, -259.4548034667969, 87.33968353271484, -101.4214096069336, -8.815943717956543, -208.36163330078125, -77.00115966796875, -163.27003479003906, -91.09123229980469, 340.5687255859375, -78.95429229736328, 82.69442749023438], [-1148.2320556640625, -261.47705078125, 150.57176208496094, -110.7265853881836, -20.014949798583984, -67.78534698486328, 115.30970001220703, 86.41071319580078, 171.23748779296875, 134.38568115234375, -78.95429229736328, 265.96368408203125, -11.632826805114746], [524.6101684570312, -75.22723388671875, -259.3123779296875, -4.0204243659973145, -39.608116149902344, -14.331832885742188, -95.47732543945312, -41.6605339050293, -71.85552215576172, -67.7702407836914, 82.69442749023438, -11.632826805114746, 163.52769470214844]], "lowlevel.gfcc.icov": [[0.00037753485958091915, -0.00023536651860922575, 0.00020167291222605854, -0.0005168085335753858, 0.0005945204757153988, -0.0007052654982544482, 0.0008617627318017185, -0.0005875799688510597, 1.5794315913808532e-05, 0.0001761167513905093, -0.0007650975603610277, 0.0004216786182951182, -7.987087883520871e-05], [-0.00023536651860922575, 0.0021091317757964134, -0.0015703162644058466, 0.0012865507742390037, -0.0021061422303318977, 0.0019382952013984323, -0.001608385005965829, 0.0020585202146321535, -0.0011983296135440469, 0.0010678243124857545, -0.002076897071674466, 0.0024462956935167313, -0.00034777671680785716], [0.00020167291222605854, -0.0015703162644058466, 0.0023008612915873528, -0.0014159668935462832, 0.001487739384174347, -0.001448863185942173, 0.0005737735773436725, -0.0018639652989804745, 0.0007920230273157358, -0.0007847555680200458, 0.0015242908848449588, -0.0020635216496884823, 0.0014430723385885358], [-0.0005168085335753858, 0.0012865507742390037, -0.0014159668935462832, 0.002911453368142247, -0.0020656634587794542, 0.00045937608228996396, -0.0007512642187066376, 0.0021215009037405252, -0.0015696876216679811, 0.0014768029795959592, -0.0006226098630577326, 0.0007253488292917609, 6.5544850258447696e-06], [0.0005945204757153988, -0.0021061422303318977, 0.001487739384174347, -0.0020656634587794542, 0.0049940310418605804, -0.003163384273648262, 0.002982907462865114, -0.002857720712199807, 0.0010091506410390139, -0.0014663090696558356, 0.0020357705652713776, -0.0013018489116802812, 9.182820213027298e-05], [-0.0007052654982544482, 0.0019382952013984323, -0.001448863185942173, 0.00045937608228996396, -0.003163384273648262, 0.00820502731949091, -0.004584074951708317, 0.002453818218782544, 0.00019861533655785024, -0.0010110599687322974, -0.0008433130569756031, 0.0030079595744609833, -0.0009217368788085878], [0.0008617627318017185, -0.001608385005965829, 0.0005737735773436725, -0.0007512642187066376, 0.002982907462865114, -0.004584074951708317, 0.0068045794032514095, -0.003820431651547551, 0.0011382702505216002, -0.0006679180078208447, 0.001180950552225113, -0.0011850729351863265, 0.000249104923568666], [-0.0005875799688510597, 0.0020585202146321535, -0.0018639652989804745, 0.0021215009037405252, -0.002857720712199807, 0.002453818218782544, -0.003820431651547551, 0.007705743424594402, -0.0035980779211968184, 0.0031754428055137396, -0.002001154934987426, 0.0011071314802393317, 9.472511010244489e-06], [1.5794315913808532e-05, -0.0011983296135440469, 0.0007920230273157358, -0.0015696876216679811, 0.0010091506410390139, 0.00019861533655785024, 0.0011382702505216002, -0.0035980779211968184, 0.007468472700566053, -0.005094853229820728, 0.003294081659987569, -0.002668663626536727, -6.016617044224404e-05], [0.0001761167513905093, 0.0010678243124857545, -0.0007847555680200458, 0.0014768029795959592, -0.0014663090696558356, -0.0010110599687322974, -0.0006679180078208447, 0.0031754428055137396, -0.005094853229820728, 0.007953424006700516, -0.003118542255833745, 0.00015345631982199848, 0.0013386858627200127], [-0.0007650975603610277, -0.002076897071674466, 0.0015242908848449588, -0.0006226098630577326, 0.0020357705652713776, -0.0008433130569756031, 0.001180950552225113, -0.002001154934987426, 0.003294081659987569, -0.003118542255833745, 0.009878263808786869, -0.004030798561871052, -0.0006272860337048769], [0.0004216786182951182, 0.0024462956935167313, -0.0020635216496884823, 0.0007253488292917609, -0.0013018489116802812, 0.0030079595744609833, -0.0011850729351863265, 0.0011071314802393317, -0.002668663626536727, 0.00015345631982199848, -0.004030798561871052, 0.010623682290315628, -0.0022583201061934233], [-7.987087883520871e-05, -0.00034777671680785716, 0.0014430723385885358, 6.5544850258447696e-06, 9.182820213027298e-05, -0.0009217368788085878, 0.000249104923568666, 9.472511010244489e-06, -6.016617044224404e-05, 0.0013386858627200127, -0.0006272860337048769, -0.0022583201061934233, 0.009274143725633621]], "lowlevel.mfcc.cov": [[19564.13671875, -1616.5257568359375, -509.8487243652344, 211.66079711914062, 1785.0745849609375, -844.1266479492188, 895.938720703125, -938.2269287109375, -1744.79248046875, -786.85400390625, -1131.7227783203125, -205.8984832763672, 314.08612060546875], [-1616.5257568359375, 2135.701171875, 511.8210754394531, 20.955120086669922, 19.82331657409668, 3.0767552852630615, 194.5360565185547, -6.4756011962890625, 106.20915222167969, 86.12759399414062, 173.26052856445312, 87.59269714355469, 5.099766254425049], [-509.8487243652344, 511.8210754394531, 1241.621337890625, 397.4642639160156, 20.200468063354492, 197.8048858642578, 67.85249328613281, 228.76002502441406, 221.7662811279297, 39.084224700927734, 282.1938781738281, 159.1747589111328, 53.989715576171875], [211.66079711914062, 20.955120086669922, 397.4642639160156, 593.273681640625, 328.8222961425781, 198.7332763671875, -56.25033950805664, 106.06936645507812, 147.9854278564453, 7.054903030395508, 116.13567352294922, 71.71795654296875, 100.64542388916016], [1785.0745849609375, 19.82331657409668, 20.200468063354492, 328.8222961425781, 698.839111328125, 45.88383483886719, 56.70420837402344, -77.32666778564453, -49.581085205078125, -33.578529357910156, -92.50284576416016, 17.370624542236328, 80.8393783569336], [-844.1266479492188, 3.0767552852630615, 197.8048858642578, 198.7332763671875, 45.88383483886719, 530.1150512695312, -22.953359603881836, 11.664624214172363, 184.6475830078125, 123.80607604980469, 140.48683166503906, 12.503678321838379, 75.31501770019531], [895.938720703125, 194.5360565185547, 67.85249328613281, -56.25033950805664, 56.70420837402344, -22.953359603881836, 466.08966064453125, 19.023853302001953, -98.47928619384766, -31.214645385742188, -110.88774108886719, -19.728803634643555, -57.184322357177734], [-938.2269287109375, -6.4756011962890625, 228.76002502441406, 106.06936645507812, -77.32666778564453, 11.664624214172363, 19.023853302001953, 312.4278259277344, 190.18341064453125, 35.49009704589844, 98.98485565185547, 46.7033576965332, -17.242753982543945], [-1744.79248046875, 106.20915222167969, 221.7662811279297, 147.9854278564453, -49.581085205078125, 184.6475830078125, -98.47928619384766, 190.18341064453125, 411.6802978515625, 170.9755401611328, 193.82025146484375, 53.087745666503906, 19.34722137451172], [-786.85400390625, 86.12759399414062, 39.084224700927734, 7.054903030395508, -33.578529357910156, 123.80607604980469, -31.214645385742188, 35.49009704589844, 170.9755401611328, 223.29698181152344, 116.3766860961914, 20.632421493530273, 18.03334617614746], [-1131.7227783203125, 173.26052856445312, 282.1938781738281, 116.13567352294922, -92.50284576416016, 140.48683166503906, -110.88774108886719, 98.98485565185547, 193.82025146484375, 116.3766860961914, 291.5876159667969, 114.39437866210938, 57.82395935058594], [-205.8984832763672, 87.59269714355469, 159.1747589111328, 71.71795654296875, 17.370624542236328, 12.503678321838379, -19.728803634643555, 46.7033576965332, 53.087745666503906, 20.632421493530273, 114.39437866210938, 170.0212860107422, 87.95587158203125], [314.08612060546875, 5.099766254425049, 53.989715576171875, 100.64542388916016, 80.8393783569336, 75.31501770019531, -57.184322357177734, -17.242753982543945, 19.34722137451172, 18.03334617614746, 57.82395935058594, 87.95587158203125, 189.11553955078125]], "lowlevel.mfcc.icov": [[0.00017928231682162732, 0.00017167309124488384, -0.00015893478121142834, 1.8072087186737917e-06, -0.0003483816690277308, 0.0002604806504677981, -0.00029701023595407605, 0.0002367213019169867, 0.0004529567377176136, -1.9823613911285065e-05, 1.1525460195116466e-06, 0.00029286518110893667, -0.0004620254912879318], [0.00017167309124488384, 0.0007744460017420352, -0.00041521794628351927, 0.0001794629788491875, -0.00044602560228668153, 0.00048099446576088667, -0.0006344744469970465, 0.0006459482247009873, 0.00017047597793862224, -4.6463159378618e-05, -0.0004468921688385308, 0.00037640822120010853, -0.0004682565340772271], [-0.00015893478121142834, -0.00041521794628351927, 0.0017166235484182835, -0.0009306221618317068, 0.0005865342682227492, -0.0004248371405992657, -0.00014669382653664798, -0.0006705416017211974, -0.00032221770379692316, 0.0004754273977596313, -0.000915077980607748, -0.0007672560168430209, 0.000717599003110081], [1.8072087186737917e-06, 0.0001794629788491875, -0.0009306221618317068, 0.00434265797957778, -0.0021416048984974623, -0.0008073051576502621, 0.000524749222677201, -0.0009786979062482715, -0.0005389488069340587, 0.0011986466124653816, -0.0008781728101894259, 0.0005910437903366983, -0.0008124242885969579], [-0.0003483816690277308, -0.00044602560228668153, 0.0005865342682227492, -0.0021416048984974623, 0.003457433544099331, -0.00030469943885691464, 0.00022493203869089484, 0.00041428240365348756, -0.0008794495370239019, -0.00050124223344028, 0.0015528532676398754, -0.0012547795195132494, 0.0005586906336247921], [0.0002604806504677981, 0.00048099446576088667, -0.0004248371405992657, -0.0008073051576502621, -0.00030469943885691464, 0.0035377589520066977, -0.0011478668311610818, 0.0015786531148478389, -0.0004890970885753632, -0.0006549585377797484, -0.0011313227005302906, 0.0019467383390292525, -0.001823477796278894], [-0.00029701023595407605, -0.0006344744469970465, -0.00014669382653664798, 0.000524749222677201, 0.00022493203869089484, -0.0011478668311610818, 0.0037051127292215824, -0.0016046115197241306, 0.00044981122482568026, -0.0007118750945664942, 0.0019424166530370712, -0.0014242705656215549, 0.0016983962850645185], [0.0002367213019169867, 0.0006459482247009873, -0.0006705416017211974, -0.0009786979062482715, 0.00041428240365348756, 0.0015786531148478389, -0.0016046115197241306, 0.006590269971638918, -0.0027198907919228077, 0.0009658245253376663, -0.0004244441515766084, -0.00013866309018339962, -7.97143547970336e-06], [0.0004529567377176136, 0.00017047597793862224, -0.00032221770379692316, -0.0005389488069340587, -0.0008794495370239019, -0.0004890970885753632, 0.00044981122482568026, -0.0027198907919228077, 0.007880333811044693, -0.0033954940736293793, -0.0008129117195494473, 0.0006485724006779492, -0.0004548214783426374], [-1.9823613911285065e-05, -4.6463159378618e-05, 0.0004754273977596313, 0.0011986466124653816, -0.00050124223344028, -0.0006549585377797484, -0.0007118750945664942, 0.0009658245253376663, -0.0033954940736293793, 0.008339122869074345, -0.002785912249237299, 0.0009440733701921999, -0.000426631944719702], [1.1525460195116466e-06, -0.0004468921688385308, -0.000915077980607748, -0.0008781728101894259, 0.0015528532676398754, -0.0011313227005302906, 0.0019424166530370712, -0.0004244441515766084, -0.0008129117195494473, -0.002785912249237299, 0.010326985269784927, -0.004916648380458355, 0.0005520692793652415], [0.00029286518110893667, 0.00037640822120010853, -0.0007672560168430209, 0.0005910437903366983, -0.0012547795195132494, 0.0019467383390292525, -0.0014242705656215549, -0.00013866309018339962, 0.0006485724006779492, 0.0009440733701921999, -0.004916648380458355, 0.01227627880871296, -0.00563692394644022], [-0.0004620254912879318, -0.0004682565340772271, 0.000717599003110081, -0.0008124242885969579, 0.0005586906336247921, -0.001823477796278894, 0.0016983962850645185, -7.97143547970336e-06, -0.0004548214783426374, -0.000426631