{"song_id": "1183720149640019968", "download": "https://cdn.discordapp.com/attachments/1135903449314238464/1183720149640019968/chirp.mp4?ex=65895c4c&amp", "lyrics": "[verse]\nIn the moonlit sky, my sweet little penguin\nWith feathers so soft, and dance in every step\nYou waddle and glide, bringing joy so pure\nAs you sleep tonight, my love for you will endure\n\n[chorus]\nGoodnight, dear penguin, close your eyes now\nDream of icy shores, where your heart is found\nUnder twinkling stars, your dreams take flight\nRest peacefully, my love, till the morning light", "style": ["sabaton"], "essentia_features": {"lowlevel.average_loudness": 0.9698663949966431, "lowlevel.barkbands_crest.mean": 15.53004264831543, "lowlevel.barkbands_crest.stdev": 6.823848247528076, "lowlevel.barkbands_flatness_db.mean": 0.18234258890151978, "lowlevel.barkbands_flatness_db.stdev": 0.08295923471450806, "lowlevel.barkbands_kurtosis.mean": 21.89592742919922, "lowlevel.barkbands_kurtosis.stdev": 53.379268646240234, "lowlevel.barkbands_skewness.mean": 2.916654586791992, "lowlevel.barkbands_skewness.stdev": 3.52783203125, "lowlevel.barkbands_spread.mean": 30.755456924438477, "lowlevel.barkbands_spread.stdev": 23.570201873779297, "lowlevel.dissonance.mean": 0.47744354605674744, "lowlevel.dissonance.stdev": 0.023366469889879227, "lowlevel.dynamic_complexity": 2.337000846862793, "lowlevel.erbbands_crest.mean": 9.656668663024902, "lowlevel.erbbands_crest.stdev": 3.7892379760742188, "lowlevel.erbbands_flatness_db.mean": 0.14914630353450775, "lowlevel.erbbands_flatness_db.stdev": 0.03577248007059097, "lowlevel.erbbands_kurtosis.mean": 1.5503075122833252, "lowlevel.erbbands_kurtosis.stdev": 4.548167705535889, "lowlevel.erbbands_skewness.mean": -0.4804648160934448, "lowlevel.erbbands_skewness.stdev": 1.084090232849121, "lowlevel.erbbands_spread.mean": 57.12967300415039, "lowlevel.erbbands_spread.stdev": 30.846630096435547, "lowlevel.hfc.mean": 37.74527359008789, "lowlevel.hfc.stdev": 48.93092346191406, "lowlevel.loudness_ebu128.integrated": -14.888358116149902, "lowlevel.loudness_ebu128.loudness_range": 1.512369155883789, "lowlevel.loudness_ebu128.momentary.mean": -15.255698204040527, "lowlevel.loudness_ebu128.momentary.stdev": 1.8999394178390503, "lowlevel.loudness_ebu128.short_term.mean": -14.878189086914062, "lowlevel.loudness_ebu128.short_term.stdev": 0.5091646909713745, "lowlevel.melbands_crest.mean": 18.677200317382812, "lowlevel.melbands_crest.stdev": 5.642304420471191, "lowlevel.melbands_flatness_db.mean": 0.24440425634384155, "lowlevel.melbands_flatness_db.stdev": 0.09882062673568726, "lowlevel.melbands_kurtosis.mean": 75.12396240234375, "lowlevel.melbands_kurtosis.stdev": 137.8898162841797, "lowlevel.melbands_skewness.mean": 5.694576263427734, "lowlevel.melbands_skewness.stdev": 4.699585437774658, "lowlevel.melbands_spread.mean": 30.293535232543945, "lowlevel.melbands_spread.stdev": 40.46415710449219, "lowlevel.pitch_salience.mean": 0.39252012968063354, "lowlevel.pitch_salience.stdev": 0.18701080977916718, "lowlevel.silence_rate_20dB.mean": 0.9992758631706238, "lowlevel.silence_rate_20dB.stdev": 0.026899749413132668, "lowlevel.silence_rate_30dB.mean": 0.7755249738693237, "lowlevel.silence_rate_30dB.stdev": 0.41723498702049255, "lowlevel.silence_rate_60dB.mean": 0.008689355105161667, "lowlevel.silence_rate_60dB.stdev": 0.09281019866466522, "lowlevel.spectral_centroid.mean": 1961.6234130859375, "lowlevel.spectral_centroid.stdev": 1050.2393798828125, "lowlevel.spectral_complexity.mean": 17.05141258239746, "lowlevel.spectral_complexity.stdev": 9.208556175231934, "lowlevel.spectral_decrease.mean": -1.6633515897979123e-08, "lowlevel.spectral_decrease.stdev": 1.8677495106089737e-08, "lowlevel.spectral_energy.mean": 0.06620228290557861, "lowlevel.spectral_energy.stdev": 0.0706215426325798, "lowlevel.spectral_energyband_high.mean": 0.0035573896020650864, "lowlevel.spectral_energyband_high.stdev": 0.007637214846909046, "lowlevel.spectral_energyband_low.mean": 0.05269334465265274, "lowlevel.spectral_energyband_low.stdev": 0.07123799622058868, "lowlevel.spectral_energyband_middle_high.mean": 0.0037788550835102797, "lowlevel.spectral_energyband_middle_high.stdev": 0.003859172808006406, "lowlevel.spectral_energyband_middle_low.mean": 0.00725026149302721, "lowlevel.spectral_energyband_middle_low.stdev": 0.007619257550686598, "lowlevel.spectral_entropy.mean": 7.717103958129883, "lowlevel.spectral_entropy.stdev": 0.3188438415527344, "lowlevel.spectral_flux.mean": 0.09742842614650726, "lowlevel.spectral_flux.stdev": 0.04879264533519745, "lowlevel.spectral_kurtosis.mean": 2.088468313217163, "lowlevel.spectral_kurtosis.stdev": 1.2811230421066284, "lowlevel.spectral_rms.mean": 0.007074985187500715, "lowlevel.spectral_rms.stdev": 0.0038121065590530634, "lowlevel.spectral_rolloff.mean": 1916.064453125, "lowlevel.spectral_rolloff.stdev": 2364.01416015625, "lowlevel.spectral_skewness.mean": 1.0589206218719482, "lowlevel.spectral_skewness.stdev": 0.3301297724246979, "lowlevel.spectral_spread.mean": 5305372.0, "lowlevel.spectral_spread.stdev": 1263119.5, "lowlevel.spectral_strongpeak.mean": 0.9041488170623779, "lowlevel.spectral_strongpeak.stdev": 0.9627833962440491, "lowlevel.zerocrossingrate.mean": 0.07316935062408447, "lowlevel.zerocrossingrate.stdev": 0.058198779821395874, "metadata.audio_properties.analysis.equal_loudness": 0.0, "metadata.audio_properties.analysis.length": 32.04265213012695, "metadata.audio_properties.analysis.sample_rate": 44100.0, "metadata.audio_properties.analysis.start_time": 0.0, "metadata.audio_properties.bit_rate": 132859.0, "metadata.audio_properties.length": 32.042667388916016, "metadata.audio_properties.lossless": 0.0, "metadata.audio_properties.number_channels": 1.0, "metadata.audio_properties.replay_gain": -9.603799819946289, "metadata.audio_properties.sample_rate": 48000.0, "rhythm.beats_count": 64.0, "rhythm.beats_loudness.mean": 0.07517159730195999, "rhythm.beats_loudness.stdev": 0.06384700536727905, "rhythm.bpm": 120.05065155029297, "rhythm.bpm_histogram_first_peak_bpm": 120.0, "rhythm.bpm_histogram_first_peak_weight": 0.19298243522644043, "rhythm.bpm_histogram_second_peak_bpm": 126.0, "rhythm.bpm_histogram_second_peak_spread": 0.16666662693023682, "rhythm.bpm_histogram_second_peak_weight": 0.0793650820851326, "rhythm.danceability": 1.7579973936080933, "rhythm.onset_rate": 4.461061954498291, "tonal.chords_changes_rate": 0.07814761251211166, "tonal.chords_number_rate": 0.01157742366194725, "tonal.chords_strength.mean": 0.5443893074989319, "tonal.chords_strength.stdev": 0.09979338943958282, "tonal.hpcp_crest.mean": 12.324482917785645, "tonal.hpcp_crest.stdev": 5.446310997009277, "tonal.hpcp_entropy.mean": 2.203756093978882, "tonal.hpcp_entropy.stdev": 0.700728178024292, "tonal.key_edma.strength": 0.4809649586677551, "tonal.key_krumhansl.strength": 0.48095953464508057, "tonal.key_temperley.strength": 0.47612592577934265, "tonal.tuning_diatonic_strength": 0.5813906192779541, "tonal.tuning_equal_tempered_deviation": 0.15958009660243988, "tonal.tuning_frequency": 455.2535400390625, "tonal.tuning_nontempered_energy_ratio": 0.8522127866744995, "lowlevel.barkbands.mean": [0.00016095195314846933, 0.04745648428797722, 0.0040399678982794285, 0.0016529167769476771, 0.0013427365338429809, 0.0016361898742616177, 0.001285714446566999, 0.0008979602716863155, 0.0003615068271756172, 0.00015224899107124656, 0.00018319358059670776, 0.0005040651885792613, 0.0003457993734627962, 0.00037332280771806836, 0.0002389717847108841, 0.00036584623740054667, 0.00045274035073816776, 0.0005541876889765263, 0.0005377918714657426, 0.0003878163988701999, 0.0011367439292371273, 0.00042521656723693013, 0.0008089293842203915, 0.0005470854230225086, 0.00027884458540938795, 6.651251169387251e-05, 8.65042420628015e-06], "lowlevel.barkbands.stdev": [0.00028899897006340325, 0.06865745782852173, 0.007646230049431324, 0.0028934949077665806, 0.0020534272771328688, 0.0037962773349136114, 0.003408440388739109, 0.0025125243701040745, 0.0010642461711540818, 0.00050566834397614, 0.000679244170896709, 0.0017232942627742887, 0.0009517947328276932, 0.000924126070458442, 0.0006247268756851554, 0.0006015051039867103, 0.0006251167505979538, 0.0007497398764826357, 0.0010419641621410847, 0.001084104529581964, 0.0025445192586630583, 0.001307203434407711, 0.0022480974439531565, 0.001269055181182921, 0.0004115724004805088, 0.00013561196101363748, 2.2305146558210254e-05], "lowlevel.erbbands.mean": [0.9309759736061096, 11.95082950592041, 9.624189376831055, 5.338088512420654, 4.162687301635742, 4.284385681152344, 9.81965446472168, 13.55029582977295, 19.578405380249023, 16.07239532470703, 19.382963180541992, 8.145153999328613, 6.134510517120361, 4.6533284187316895, 9.852777481079102, 21.60572052001953, 17.475814819335938, 19.703197479248047, 14.914682388305664, 12.13598918914795, 24.568056106567383, 24.981464385986328, 20.886449813842773, 47.531944274902344, 13.791544914245605, 17.333332061767578, 54.964019775390625, 27.41646957397461, 15.358642578125, 21.928207397460938, 21.75958251953125, 10.465928077697754, 10.523347854614258, 5.37785530090332, 0.578900933265686, 0.10085821151733398, 0.158503919839859, 0.0477038212120533, 0.0009898354765027761, 0.00010710528295021504], "lowlevel.erbbands.stdev": [1.469722867012024, 17.120567321777344, 14.009428024291992, 8.118391036987305, 6.930633544921875, 8.106424331665039, 24.347976684570312, 33.99485397338867, 55.66702651977539, 39.49729537963867, 55.41875076293945, 22.561019897460938, 19.930845260620117, 12.857192993164062, 29.159759521484375, 75.21159362792969, 45.213069915771484, 51.47489929199219, 33.811710357666016, 25.61667251586914, 37.45829391479492, 32.603736877441406, 24.68058967590332, 80.1060791015625, 25.998659133911133, 44.0069694519043, 119.83116149902344, 75.53390502929688, 49.084228515625, 57.44567108154297, 63.2542839050293, 31.761341094970703, 20.17401695251465, 8.009418487548828, 1.096426010131836, 0.28552088141441345, 0.3129517138004303, 0.09908324480056763, 0.0019879499450325966, 9.064774349099025e-05], "lowlevel.gfcc.mean": [8.20952033996582, 54.458351135253906, -94.06938171386719, 78.49720764160156, -43.34383773803711, 24.005807876586914, -36.04673385620117, 13.452533721923828, -9.449447631835938, 1.2115352153778076, -1.9866015911102295, -4.491104602813721, -10.857158660888672], "lowlevel.melbands.mean": [0.011683782562613487, 0.008927653543651104, 0.0008472557528875768, 0.00028501683846116066, 0.00030748554854653776, 0.00031806662445887923, 0.0002853693440556526, 0.00017781856877263635, 0.0001488141861045733, 4.507251287577674e-05, 2.9272134270286188e-05, 1.709087155177258e-05, 2.8189846489112824e-05, 5.095079177408479e-05, 5.0107832066714764e-05, 3.521782491588965e-05, 3.692901736940257e-05, 2.460248833813239e-05, 1.6849337043822743e-05, 1.8396649466012605e-05, 3.1551404390484095e-05, 2.8591246518772095e-05, 1.559534575790167e-05, 2.5707535314722918e-05, 4.257315958966501e-05, 1.138509287557099e-05, 7.197157628979767e-06, 1.1294729119981639e-05, 3.528925299178809e-05, 2.96422622341197e-05, 1.106707986764377e-05, 7.807893780409358e-06, 9.199420674121939e-06, 1.4017977264302317e-05, 1.341586721537169e-05, 9.01934618013911e-06, 5.445915121526923e-06, 7.530190032412065e-06, 7.682377145101782e-06, 3.306982762296684e-06], "lowlevel.melbands.stdev": [0.017506182193756104, 0.011910355649888515, 0.001197443576529622, 0.0004580494714900851, 0.0006805229932069778, 0.0007514634053222835, 0.0007625111611559987, 0.0004499737115111202, 0.0004475164460018277, 0.00012935575796291232, 9.87520907074213e-05, 4.8744084779173136e-05, 0.00010004416981246322, 0.00017539001419208944, 0.00016544749087188393, 9.867295011645183e-05, 9.884805331239477e-05, 5.6765136832837015e-05, 4.2434839997440577e-05, 3.26961453538388e-05, 5.080601840745658e-05, 4.0451799577567726e-05, 2.083400613628328e-05, 3.520506652421318e-05, 7.526535773649812e-05, 2.15535364986863e-05, 1.6883148418855853e-05, 3.42079256370198e-05, 8.07630131021142e-05, 6.750487227691337e-05, 3.7479148886632174e-05, 2.6331077606300823e-05, 2.8273891075514257e-05, 3.656511034932919e-05, 3.995042061433196e-05, 2.734881672949996e-05, 1.824386345106177e-05, 1.6308580597979017e-05, 1.1814225217676722e-05, 5.240136943029938e-06], "lowlevel.melbands128.mean": [9.749995660968125e-05, 0.0038004228845238686, 0.02026103064417839, 0.02005983330309391, 0.007515961769968271, 0.0016456408193334937, 0.0011023984989151359, 0.0006686599226668477, 0.0003752630727831274, 0.00027408773894421756, 0.00021082247258163989, 0.00023888326541054994, 0.00036502975854091346, 0.0003564258513506502, 0.0002834244805853814, 0.0002979513956233859, 0.0003770588955376297, 0.0002754695888143033, 0.00019403563055675477, 0.00015936596901156008, 0.00018480491416994482, 0.0001895416498882696, 0.00016459287144243717, 8.608997450210154e-05, 3.947468212572858e-05, 3.2715004635974765e-05, 3.416464460315183e-05, 3.512269540806301e-05, 2.010641219385434e-05, 1.1617155905696563e-05, 1.7469132217229344e-05, 2.3722759578959085e-05, 2.989681888720952e-05, 2.8384820325300097e-05, 3.8363021303666756e-05, 5.8407269534654915e-05, 7.182264380389825e-05, 5.274430077406578e-05, 3.266900239395909e-05, 4.074732351000421e-05, 3.1278970709536225e-05, 3.4665510611375794e-05, 4.1647748730611056e-05, 3.738612213055603e-05, 2.712631248869002e-05, 2.006559407163877e-05, 2.518635847081896e-05, 1.6821781173348427e-05, 1.3684429177374113e-05, 1.4013066902407445e-05, 1.6788924767752178e-05, 2.528077493479941e-05, 2.9213149900897406e-05, 3.573232243070379e-05, 3.4442109608789906e-05, 3.0486329706036486e-05, 2.1334173652576283e-05, 1.6213229173445143e-05, 1.41682230605511e-05, 1.258201154996641e-05, 1.5721523595857434e-05, 4.310114309191704e-05, 5.75287158426363e-05, 4.3614818423520774e-05, 1.8430266209179536e-05, 8.732383321330417e-06, 7.46232899473398e-06, 7.229259153973544e-06, 6.996502634137869e-06, 7.577609267173102e-06, 6.307887360890163e-06, 1.3906924323237035e-05, 2.8477732485043816e-05, 4.439102849573828e-05, 3.687913704197854e-05, 3.354284126544371e-05, 2.7776382921729237e-05, 1.192066974908812e-05, 1.0708209629228804e-05, 6.239064987312304e-06, 7.455976174242096e-06, 8.71290194481844e-06, 8.398991667490918e-06, 9.178734217130113e-06, 9.542502994008828e-06, 1.2032866834488232e-05, 1.6921880160225555e-05, 1.569139931234531e-05, 1.184854863822693e-05, 1.3414764907793142e-05, 1.1610154615482315e-05, 7.325987553485902e-06, 5.445818260341184e-06, 4.54243536296417e-06, 5.314628197083948e-06, 9.189841875922866e-06, 7.259224275912857e-06, 6.196621143317316e-06, 9.127844350587111e-06, 7.9882820500643e-06, 5.067471647635102e-06, 2.5129531877610134e-06, 9.688720865597134e-07, 8.689233936820528e-07, 3.618579000885802e-07, 2.0870542982720508e-07, 2.2208874383977673e-07, 1.766478447962072e-07, 1.0429825181290653e-07, 7.271921020901573e-08, 1.714228687887953e-07, 3.176811560479109e-07, 6.399261565093184e-07, 7.544073810095142e-07, 6.806335477449466e-07, 6.502607448055642e-07, 3.5027090916628367e-07, 1.2548381889132543e-08, 6.347999903510981e-11, 2.3188896983161733e-11, 1.0529955379867673e-11, 8.509088399166753e-12, 8.273578003259452e-12, 8.111604270222283e-12, 7.931024760543526e-12, 7.730246130710494e-12, 7.608744363729603e-12, 7.556262907049138e-12], "lowlevel.melbands128.stdev": [0.0001748443319229409, 0.006561584770679474, 0.031875383108854294, 0.028335699811577797, 0.011058407835662365, 0.0027730632573366165, 0.001984466565772891, 0.0011986390454694629, 0.0008268460514955223, 0.0005924440920352936, 0.0005632672691717744, 0.0005458623054437339, 0.0010576151544228196, 0.0011855901684612036, 0.0009499759180471301, 0.001035283668898046, 0.001407716772519052, 0.0008943331195041537, 0.0007003534119576216, 0.0005496213561855257, 0.0006821965216659009, 0.0006854126113466918, 0.0006968325469642878, 0.0003620327915996313, 0.00015944881306495517, 0.0001343257463304326, 0.00014616998669225723, 0.00015501747839152813, 8.552829967811704e-05, 4.3818261474370956e-05, 6.322216358967125e-05, 0.00012557889567688107, 0.0001574209309183061, 0.00010744570317910984, 0.00014478660887107253, 0.0003177559410687536, 0.0003488439542707056, 0.00023454857000615448, 0.00011791179713327438, 0.00016510933346580714, 0.00011058655218221247, 0.00014815492613706738, 0.00016150722512975335, 0.00010703720909077674, 6.558638415299356e-05, 7.47582089388743e-05, 9.182036592392251e-05, 4.484258170123212e-05, 6.327911978587508e-05, 3.558589014573954e-05, 3.6542285670293495e-05, 4.7694091335870326e-05, 6.067484719096683e-05, 7.61518967919983e-05, 5.986698670312762e-05, 5.426417919807136e-05, 3.7668447475880384e-05, 2.7291938749840483e-05, 2.2457332306657918e-05, 2.0020601368742064e-05, 2.3445987608283758e-05, 7.204715075204149e-05, 0.00010725755419116467, 9.982642950490117e-05, 4.487276964937337e-05, 1.6359170331270434e-05, 1.9957920812885277e-05, 2.1261879737721756e-05, 1.690424141997937e-05, 1.978691761905793e-05, 1.97120043594623e-05, 5.3804044000571594e-05, 8.830603474052623e-05, 0.00010226364247500896, 8.26770847197622e-05, 8.376258483622223e-05, 7.472823199350387e-05, 4.0552600694354624e-05, 4.7450230340473354e-05, 2.2195656129042618e-05, 2.724267505982425e-05, 3.19110658892896e-05, 3.1898565794108436e-05, 3.0572824471164495e-05, 2.829659206327051e-05, 3.083700721617788e-05, 4.666095628635958e-05, 5.0203285354655236e-05, 3.908357030013576e-05, 4.127793727093376e-05, 3.637001645984128e-05, 2.4490054784109816e-05, 1.8703443856793456e-05, 1.9470568076940253e-05, 1.9392733520362526e-05, 2.2863161575514823e-05, 1.647219505684916e-05, 1.2720325685222633e-05, 1.4558532711816952e-05, 1.2839028386224527e-05, 8.53897199704079e-06, 4.798146619577892e-06, 2.3962268187460722e-06, 2.125255605278653e-06, 1.0238204595225397e-06, 7.392462180177972e-07, 9.080027325580886e-07, 6.261278144847893e-07, 4.627208340934885e-07, 2.7320427875565656e-07, 6.158633709674177e-07, 8.76388128290273e-07, 1.3389833384280792e-06, 1.5109501418919535e-06, 1.3891302614865708e-06, 1.4880338312650565e-06, 8.798954240774037e-07, 6.093070226143027e-08, 1.336135424523377e-09, 5.246063028430115e-10, 6.912634353817282e-11, 1.4800941722237226e-11, 1.4465663909779547e-11, 1.4208183241049e-11, 1.3993751470098292e-11, 1.381975783809608e-11, 1.3695686945647267e-11, 1.3618996555497809e-11], "lowlevel.mfcc.mean": [-634.0070190429688, 67.93869018554688, 25.62761878967285, 46.00041198730469, 33.24063491821289, 11.478562355041504, 7.412146091461182, 8.142085075378418, 4.138671875, 4.224679946899414, 7.78391170501709, 14.214488983154297, -0.33548328280448914], "lowlevel.spectral_contrast_coeffs.mean": [-0.6773548722267151, -0.7491334080696106, -0.8108276724815369, -0.7941249012947083, -0.7543308734893799, -0.7251402139663696], "lowlevel.spectral_contrast_coeffs.stdev": [0.07867813110351562, 0.10560909658670425, 0.06886095553636551, 0.05277179926633835, 0.040787287056446075, 0.04186646267771721], "lowlevel.spectral_contrast_valleys.mean": [-6.812333583831787, -7.473866939544678, -8.129419326782227, -7.717099666595459, -7.280310153961182, -9.829026222229004], "lowlevel.spectral_contrast_valleys.stdev": [0.6543035507202148, 0.6940270066261292, 0.7649810910224915, 0.5775227546691895, 0.6135066747665405, 0.8859336972236633], "rhythm.beats_loudness_band_ratio.mean": [0.6431044936180115, 0.09297816455364227, 0.057439565658569336, 0.02146192081272602, 0.04828616604208946, 0.16411730647087097], "rhythm.beats_loudness_band_ratio.stdev": [0.2897966206073761, 0.1352280080318451, 0.11250976473093033, 0.0425376258790493, 0.049862541258335114, 0.2422652691602707], "tonal.hpcp.mean": [0.03214050456881523, 0.03567904606461525, 0.035614751279354095, 0.025106657296419144, 0.02586858533322811, 0.03677746653556824, 0.05854937434196472, 0.12579816579818726, 0.23027057945728302, 0.2810992896556854, 0.2242814600467682, 0.13263313472270966, 0.0995597317814827, 0.10376953333616257, 0.12462495267391205, 0.1696557253599167, 0.16949115693569183, 0.11497699469327927, 0.07923337817192078, 0.07711552083492279, 0.07401800900697708, 0.0894448459148407, 0.09564946591854095, 0.058654122054576874, 0.03634851798415184, 0.03262351080775261, 0.03921815752983093, 0.08741378039121628, 0.1178131029009819, 0.08707201480865479, 0.06338568776845932, 0.05562963709235191, 0.04522553086280823, 0.042405128479003906, 0.04492463916540146, 0.040362752974033356], "tonal.hpcp.stdev": [0.108232781291008, 0.12259045988321304, 0.1285618096590042, 0.09484270960092545, 0.10239717364311218, 0.13511571288108826, 0.1759745329618454, 0.26191192865371704, 0.35134655237197876, 0.3850766122341156, 0.33963873982429504, 0.26007282733917236, 0.2238549143075943, 0.2359660267829895, 0.25632354617118835, 0.3013328015804291, 0.31686174869537354, 0.24337424337863922, 0.20656947791576385, 0.20980997383594513, 0.20159311592578888, 0.22370082139968872, 0.2444804310798645, 0.17370526492595673, 0.1067420244216919, 0.10338126868009567, 0.09724550694227219, 0.19888417422771454, 0.25419968366622925, 0.19605115056037903, 0.15118823945522308, 0.14510928094387054, 0.1292516142129898, 0.13680292665958405, 0.1512087732553482, 0.14228041470050812], "rhythm.beats_position": [0.4527890980243683, 0.9287981986999512, 1.404807209968567, 1.8808163404464722, 2.345215320587158, 2.8212244510650635, 3.2972335815429688, 3.7964625358581543, 4.29569149017334, 4.806530475616455, 5.305759429931641, 5.804988384246826, 6.29260778427124, 6.791836738586426, 7.291065692901611, 7.778684616088867, 8.28952407836914, 8.788752555847168, 9.287981986999512, 9.798820495605469, 10.298049926757812, 10.79727840423584, 11.296507835388184, 11.795736312866211, 12.294965744018555, 12.794195175170898, 13.281813621520996, 13.79265308380127, 14.291881561279297, 14.79111099243164, 15.290339469909668, 15.789568901062012, 16.28879737854004, 16.788026809692383, 17.287256240844727, 17.78648567199707, 18.29732322692871, 18.796552658081055, 19.2957820892334, 19.795011520385742, 20.294239044189453, 20.793468475341797, 21.29269790649414, 21.791927337646484, 22.291156768798828, 22.79038429260254, 23.289613723754883, 23.788843154907227, 24.28807258605957, 24.787302017211914, 25.286529541015625, 25.78575897216797, 26.284988403320312, 26.795827865600586, 27.306665420532227, 27.80589485168457, 28.293514251708984, 28.792743682861328, 29.291973114013672, 29.791200637817383, 30.290430068969727, 30.78965950012207, 31.288888931274414, 31.788116455078125], "rhythm.bpm_histogram": [0.0, 0.0, 0.0, 0.0, 0.0, 0.0, 0.0, 0.0, 0.0, 0.0, 0.0, 0.0, 0.0, 0.0, 0.0, 0.0, 0.0, 0.0, 0.0, 0.0, 0.0, 0.0, 0.0, 0.0, 0.0, 0.0, 0.0, 0.0, 0.0, 0.0, 0.0, 0.0, 0.0, 0.0, 0.0, 0.0, 0.0, 0.0, 0.0, 0.0, 0.0, 0.0, 0.0, 0.0, 0.0, 0.0, 0.0, 0.0, 0.0, 0.0, 0.0, 0.0, 0.0, 0.0, 0.0, 0.0, 0.0, 0.0, 0.0, 0.0, 0.0, 0.0, 0.0, 0.0, 0.0, 0.0, 0.0, 0.0, 0.0, 0.0, 0.0, 0.0, 0.0, 0.0, 0.0, 0.0, 0.0, 0.0, 0.0, 0.0, 0.0, 0.0, 0.0, 0.0, 0.0, 0.0, 0.0, 0.0, 0.0, 0.0, 0.0, 0.0, 0.0, 0.0, 0.0, 0.0, 0.0, 0.0, 0.0, 0.0, 0.0, 0.0, 0.0, 0.0, 0.0, 0.0, 0.0, 0.0, 0.0, 0.0, 0.0, 0.0, 0.0, 0.0, 0.0, 0.0, 0.0, 0.1111111119389534, 0.0, 0.0, 0.7301587462425232, 0.0, 0.0, 0.0634920671582222, 0.0, 0.0, 0.0793650820851326, 0.0, 0.0, 0.01587301678955555, 0.0, 0.0, 0.0, 0.0, 0.0, 0.0, 0.0, 0.0, 0.0, 0.0, 0.0, 0.0, 0.0, 0.0, 0.0, 0.0, 0.0, 0.0, 0.0, 0.0, 0.0, 0.0, 0.0, 0.0, 0.0, 0.0, 0.0, 0.0, 0.0, 0.0, 0.0, 0.0, 0.0, 0.0, 0.0, 0.0, 0.0, 0.0, 0.0, 0.0, 0.0, 0.0, 0.0, 0.0, 0.0, 0.0, 0.0, 0.0, 0.0, 0.0, 0.0, 0.0, 0.0, 0.0, 0.0, 0.0, 0.0, 0.0, 0.0, 0.0, 0.0, 0.0, 0.0, 0.0, 0.0, 0.0, 0.0, 0.0, 0.0, 0.0, 0.0, 0.0, 0.0, 0.0, 0.0, 0.0, 0.0, 0.0, 0.0, 0.0, 0.0, 0.0, 0.0, 0.0, 0.0, 0.0, 0.0, 0.0, 0.0, 0.0, 0.0, 0.0, 0.0, 0.0, 0.0, 0.0, 0.0, 0.0, 0.0, 0.0, 0.0, 0.0, 0.0, 0.0, 0.0, 0.0, 0.0, 0.0, 0.0, 0.0, 0.0, 0.0, 0.0, 0.0, 0.0, 0.0, 0.0, 0.0, 0.0, 0.0], "tonal.chords_histogram": [7.235889911651611, 1.4471780061721802, 0.0, 62.66280746459961, 4.052098274230957, 8.68306827545166, 0.0, 0.0, 0.0, 0.0, 7.959478855133057, 1.3024601936340332, 0.0, 0.0, 0.0, 0.0, 0.0, 6.367583274841309, 0.0, 0.0, 0.0, 0.0, 0.0, 0.28943559527397156], "tonal.thpcp": [1.0, 0.7978727221488953, 0.4718373119831085, 0.3541799485683441, 0.369156152009964, 0.4433485269546509, 0.603543758392334, 0.6029583215713501, 0.40902626514434814, 0.28186970949172974, 0.2743355333805084, 0.26331624388694763, 0.3181966245174408, 0.3402693271636963, 0.2086597979068756, 0.12930846214294434, 0.1160568967461586, 0.13951709866523743, 0.310971200466156, 0.4191156327724457, 0.3097553849220276, 0.22549216449260712, 0.19790031015872955, 0.16088810563087463, 0.15085463225841522, 0.15981769561767578, 0.14358896017074585, 0.11433862149715424, 0.12692683935165405, 0.12669812142848969, 0.0893159732222557, 0.09202650189399719, 0.1308344304561615, 0.20828716456890106, 0.4475221633911133, 0.8191788196563721], "lowlevel.gfcc.cov": [[2648.055419921875, -457.71441650390625, 15.719505310058594, -602.5582275390625, -132.69406127929688, -152.3365478515625, -5.4023213386535645, 111.14928436279297, -73.83592987060547, 317.52081298828125, -160.93743896484375, 178.19020080566406, -283.60626220703125], [-457.71441650390625, 1988.53076171875, -256.0118103027344, -371.290283203125, 39.30780792236328, -34.036170959472656, 107.40536499023438, 51.81935501098633, 233.5388641357422, -218.56063842773438, 296.855224609375, -104.36972045898438, 221.62660217285156], [15.719505310058594, -256.0118103027344, 579.490234375, 314.3722229003906, 143.0618896484375, 88.59806060791016, 19.524261474609375, 47.599822998046875, 0.875419020652771, 17.307931900024414, -7.9236626625061035, 58.11458969116211, 38.790348052978516], [-602.5582275390625, -371.290283203125, 314.3722229003906, 795.7781982421875, 246.49916076660156, 129.13107299804688, -4.870776176452637, -80.95465087890625, 94.58027648925781, -35.38798522949219, 22.643041610717773, -70.85509490966797, 142.45779418945312], [-132.69406127929688, 39.30780792236328, 143.0618896484375, 246.49916076660156, 375.200439453125, 105.38068389892578, 49.874664306640625, 60.91398239135742, 104.32707214355469, 33.329410552978516, -8.37193489074707, -17.461782455444336, 52.00590515136719], [-152.3365478515625, -34.036170959472656, 88.59806060791016, 129.13107299804688, 105.38068389892578, 326.60394287109375, 244.87818908691406, 105.19538879394531, 73.4236831665039, -34.971065521240234, 38.354103088378906, -59.294593811035156, 21.887714385986328], [-5.4023213386535645, 107.40536499023438, 19.524261474609375, -4.870776176452637, 49.874664306640625, 244.87818908691406, 433.1957092285156, 166.997314453125, 101.04928588867188, -40.16080093383789, 52.55597686767578, -21.83707046508789, 3.091503858566284], [111.14928436279297, 51.81935501098633, 47.599822998046875, -80.95465087890625, 60.91398239135742, 105.19538879394531, 166.997314453125, 203.5811309814453, 69.96112060546875, 5.956205368041992, 1.7590007781982422, 4.330739974975586, -23.797319412231445], [-73.83592987060547, 233.5388641357422, 0.875419020652771, 94.58027648925781, 104.32707214355469, 73.4236831665039, 101.04928588867188, 69.96112060546875, 224.77508544921875, 43.66254425048828, 69.09162139892578, -64.29403686523438, 55.077632904052734], [317.52081298828125, -218.56063842773438, 17.307931900024414, -35.38798522949219, 33.329410552978516, -34.971065521240234, -40.16080093383789, 5.956205368041992, 43.66254425048828, 209.70367431640625, -0.7569808959960938, 37.644126892089844, -59.78542709350586], [-160.93743896484375, 296.855224609375, -7.9236626625061035, 22.643041610717773, -8.37193489074707, 38.354103088378906, 52.55597686767578, 1.7590007781982422, 69.09162139892578, -0.7569808959960938, 179.67080688476562, 10.737605094909668, 57.51007080078125], [178.19020080566406, -104.36972045898438, 58.11458969116211, -70.85509490966797, -17.461782455444336, -59.294593811035156, -21.83707046508789, 4.330739974975586, -64.29403686523438, 37.644126892089844, 10.737605094909668, 134.1383819580078, -3.929414987564087], [-283.60626220703125, 221.62660217285156, 38.790348052978516, 142.45779418945312, 52.00590515136719, 21.887714385986328, 3.091503858566284, -23.797319412231445, 55.077632904052734, -59.78542709350586, 57.51007080078125, -3.929414987564087, 149.79759216308594]], "lowlevel.gfcc.icov": [[0.0006784269353374839, 9.11023289518198e-06, -0.00024128482618834823, 0.000438177608884871, 8.71327574714087e-05, 5.3379062592284754e-05, -0.00014543750148732215, 0.00013634399510920048, -0.00035421110806055367, -0.0006223666132427752, 0.0005495676305145025, -0.0005740181659348309, 0.0005591455847024918], [9.11023289518198e-06, 0.0024745457340031862, -0.0005367001285776496, 0.0028907700907438993, -0.001876935246400535, 0.0016378371510654688, -0.0003887936472892761, 0.0007357114227488637, -0.001417431398294866, 0.0025590744335204363, -0.003537229262292385, 0.0028706814628094435, -0.0027409768663346767], [-0.00024128482618834823, -0.0005367001285776496, 0.0031008089426904917, -0.0022081900388002396, 0.0003525029751472175, -0.0010376704158261418, 0.0006887027411721647, -0.0016130409203469753, 0.0007763074245303869, -0.0004406668886076659, 0.000801952846813947, -0.0024075121618807316, 0.0005606982740573585], [0.000438177608884871, 0.0028907700907438993, -0.0022081900388002396, 0.006577956490218639, -0.0033055164385586977, 0.0013604601845145226, -0.0006682239472866058, 0.0031568880658596754, -0.0023372480645775795, 0.002653247443959117, -0.0035762202460318804, 0.004355413373559713, -0.004261533729732037], [8.71327574714087e-05, -0.001876935246400535, 0.0003525029751472175, -0.0033055164385586977, 0.0058408621698617935, -0.0022805475164204836, 0.0009578297031112015, -0.001879936782643199, -0.00045627268264070153, -0.0026295878924429417, 0.003994000144302845, -0.003263121470808983, 0.0014804850798100233], [5.3379062592284754e-05, 0.0016378371510654688, -0.0010376704158261418, 0.0013604601845145226, -0.0022805475164204836, 0.00846111960709095, -0.0039478447288274765, -0.0009525397326797247, 0.0012876656837761402, 0.0009945998899638653, -0.0037023532204329967, 0.005768136121332645, -0.0023654114920645952], [-0.00014543750148732215, -0.0003887936472892761, 0.0006887027411721647, -0.0006682239472866058, 0.0009578297031112015, -0.0039478447288274765, 0.00579854566603899, -0.002456913236528635, -0.0017577804392203689, 0.0012632461730390787, 0.0001937085180543363, -0.0025263482239097357, 0.0015011716168373823], [0.00013634399510920048, 0.0007357114227488637, -0.0016130409203469753, 0.0031568880658596754, -0.001879936782643199, -0.0009525397326797247, -0.002456913236528635, 0.011079584248363972, -0.004614758770912886, 0.002251800848171115, 0.0005468117306008935, -0.001508453511632979, 0.0015337959630414844], [-0.00035421110806055367, -0.001417431398294866, 0.0007763074245303869, -0.0023372480645775795, -0.00045627268264070153, 0.0012876656837761402, -0.0017577804392203689, -0.004614758770912886, 0.013325179927051067, -0.006353799719363451, -0.0016632579499855638, 0.00635805306956172, -0.0039083161391317844], [-0.0006223666132427752, 0.0025590744335204363, -0.0004406668886076659, 0.002653247443959117, -0.0026295878924429417, 0.0009945998899638653, 0.0012632461730390787, 0.002251800848171115, -0.006353799719363451, 0.011825429275631905, -0.00402672728523612, -0.0013339860597625375, 0.0022923871874809265], [0.0005495676305145025, -0.003537229262292385, 0.000801952846813947, -0.0035762202460318804, 0.003994000144302845, -0.0037023532204329967, 0.0001937085180543363, 0.0005468117306008935, -0.0016632579499855638, -0.00402672728523612, 0.013647147454321384, -0.007514588534832001, 0.002272319281473756], [-0.0005740181659348309, 0.0028706814628094435, -0.0024075121618807316, 0.004355413373559713, -0.003263121470808983, 0.005768136121332645, -0.0025263482239097357, -0.001508453511632979, 0.00635805306956172, -0.0013339860597625375, -0.007514588534832001, 0.019339544698596, -0.0082278186455369], [0.0005591455847024918, -0.0027409768663346767, 0.0005606982740573585, -0.004261533729732037, 0.0014804850798100233, -0.0023654114920645952, 0.0015011716168373823, 0.0015337959630414844, -0.0039083161391317844, 0.0022923871874809265, 0.002272319281473756, -0.0082278186455369, 0.017005138099193573]], "lowlevel.mfcc.cov": [[2376.61181640625, -65.52503967285156, -226.10777282714844, -298.15997314453125, -341.9621276855469, -133.99734497070312, -126.90912628173828, -150.36578369140625, -27.591867446899414, 2.4407401084899902, 122.83942413330078, 20.45581817626953, 127.33335876464844], [-65.52503967285156, 1865.5654296875, -242.5221710205078, -394.927001953125, -63.807586669921875, -294.2348327636719, 0.953125, 104.54798126220703, 31.564104080200195, -117.70392608642578, 27.359771728515625, 174.04856872558594, 104.7429428100586], [-226.10777282714844, -242.5221710205078, 480.4530944824219, 170.14479064941406, 94.64105987548828, 86.49748992919922, 72.60553741455078, 64.87942504882812, 18.245285034179688, -12.92509651184082, -26.179372787475586, 9.313021659851074, 15.828022956848145], [-298.15997314453125, -394.927001953125, 170.14479064941406, 490.7716064453125, 266.39111328125, 152.9547882080078, -42.853424072265625, -49.78954315185547, 17.01559066772461, 56.183773040771484, -52.425785064697266, -90.08809661865234, -24.25098419189453], [-341.9621276855469, -63.807586669921875, 94.64105987548828, 266.39111328125, 411.518310546875, 112.885498046875, -30.7773380279541, -20.581201553344727, 38.013671875, 63.06719207763672, 6.725882530212402, -57.411582946777344, -54.62204360961914], [-133.99734497070312, -294.2348327636719, 86.49748992919922, 152.9547882080078, 112.885498046875, 260.9404296875, 88.02924346923828, 41.298179626464844, 63.27865219116211, 109.40498352050781, 39.17341613769531, -11.960051536560059, -48.4857063293457], [-126.90912628173828, 0.953125, 72.60553741455078, -42.853424072265625, -30.7773380279541, 88.02924346923828, 244.5433807373047, 197.1234130859375, 72.62612915039062, 44.23957824707031, 51.763427734375, 56.32216262817383, -0.8490918278694153], [-150.36578369140625, 104.54798126220703, 64.87942504882812, -49.78954315185547, -20.581201553344727, 41.298179626464844, 197.1234130859375, 291.35150146484375, 130.8208465576172, 53.98734664916992, 37.40825271606445, 50.69206237792969, -2.6298913955688477], [-27.591867446899414, 31.564104080200195, 18.245285034179688, 17.01559066772461, 38.013671875, 63.27865219116211, 72.62612915039062, 130.8208465576172, 189.29901123046875, 114.54859924316406, 57.36159896850586, 11.859678268432617, -10.067371368408203], [2.4407401084899902, -117.70392608642578, -12.92509651184082, 56.183773040771484, 63.06719207763672, 109.40498352050781, 44.23957824707031, 53.98734664916992, 114.54859924316406, 212.5030059814453, 89.22370147705078, 18.63201332092285, -23.7558536529541], [122.83942413330078, 27.359771728515625, -26.179372787475586, -52.425785064697266, 6.725882530212402, 39.17341613769531, 51.763427734375, 37.40825271606445, 57.36159896850586, 89.22370147705078, 180.05032348632812, 57.47165298461914, -5.0401716232299805], [20.45581817626953, 174.04856872558594, 9.313021659851074, -90.08809661865234, -57.411582946777344, -11.960051536560059, 56.32216262817383, 50.69206237792969, 11.859678268432617, 18.63201332092285, 57.47165298461914, 153.7272491455078, 56.50643539428711], [127.33335876464844, 104.7429428100586, 15.828022956848145, -24.25098419189453, -54.62204360961914, -48.4857063293457, -0.8490918278694153, -2.6298913955688477, -10.067371368408203, -23.7558536529541, -5.0401716232299805, 56.50643539428711, 149.30299377441406]], "lowlevel.mfcc.icov": [[0.0005964625161141157, 9.284027328249067e-05, 8.952677308116108e-05, 0.0002405323029961437, 0.00036765928962267935, -1.9815359337371774e-05, 0.0003007565683219582, 0.00020267955551389605, -0.0001671730278758332, -2.821959128596063e-07, -0.0005454926285892725, 0.00033526483457535505, -0.0005675142747350037], [9.284027328249067e-05, 0.0009655570611357689, 0.0003986870578955859, 0.0005999378045089543, -0.0006524788332171738, 0.000714966794475913, 0.00012568224337883294, -0.000229013676289469, -0.000569057825487107, 0.0005750479176640511, 6.675942131550983e-05, -0.0008669985691085458, -0.00032771346741355956], [8.952677308116108e-05, 0.0003986870578955859, 0.002931127091869712, -0.000744821154512465, -0.0004084290412720293, -0.0001879313786048442, -0.0004979754448868334, -0.00047920929500833154, -0.000332207273459062, 0.0011603536549955606, 0.00019353171228431165, -0.0009088015649467707, -0.00049678172217682], [0.0002405323029961437, 0.0005999378045089543, -0.000744821154512465, 0.0050058807246387005, -0.002282525412738323, -0.001383952796459198, 0.0009888578206300735, 0.00010319243301637471, -0.00012828114267904311, -0.0005301376804709435, 0.0010744717437773943, 0.00113364914432168, -0.001496794167906046], [0.00036765928962267935, -0.0006524788332171738, -0.0004084290412720293, -0.002282525412738323, 0.004870519507676363, -0.0009439131245017052, 0.0009468676871620119, 6.367494643200189e-05, -6.658762868028134e-05, -0.00041447000694461167, -0.0011914867209270597, 0.000951017951592803, 0.0008279866888187826], [-1.9815359337371774e-05, 0.000714966794475913, -0.0001879313786048442, -0.001383952796459198, -0.0009439131245017052, 0.008413877338171005, -0.0042052799835801125, 0.0021208215039223433, -0.0010165770072489977, -0.002244810340926051, 0.00016912832506932318, -0.0007553565665148199, 0.0015768087469041348], [0.0003007565683219582, 0.00012568224337883294, -0.0004979754448868334, 0.0009888578206300735, 0.0009468676871620119, -0.0042052799835801125, 0.012633723206818104, -0.008252828381955624, 0.0022016370203346014, 0.0007113715400919318, -0.0018895178800448775, -0.000727142090909183, -0.0007509712013415992], [0.00020267955551389605, -0.000229013676289469, -0.00047920929500833154, 0.00010319243301637471, 6.367494643200189e-05, 0.0021208215039223433, -0.008252828381955624, 0.011613459326326847, -0.005965064745396376, 0.00027249709819443524, 0.0013668129686266184, -0.0007018604082986712, 0.0008779391646385193], [-0.0001671730278758332, -0.000569057825487107, -0.000332207273459062, -0.00012828114267904311, -6.658762868028134e-05, -0.0010165770072489977, 0.0022016370203346014, -0.005965064745396376, 0.012294820509850979, -0.005118231289088726, -0.0010904304217547178, 0.0019926046952605247, -0.0006671556038782], [-2.821959128596063e-07, 0.0005750479176640511, 0.0011603536549955606, -0.0005301376804709435, -0.00041447000694461167, -0.002244810340926051, 0.0007113715400919318, 0.00027249709819443524, -0.005118231289088726, 0.010428710840642452, -0.002828552620485425, -0.0016564736142754555, 0.00036156229907646775], [-0.0005454926285892725, 6.675942131550983e-05, 0.00019353171228431165, 0.0010744717437773943, -0.0011914867209270597, 0.00016912832506932318, -0.0018895178800448775, 0.0013668129686266184, -0.0010904304217547178, -0.002828552620485425, 0.009274049662053585, -0.0030357029754668474, 0.0011431570164859295], [0.00033526483457535505, -0.0008669985691085458, -0.0009088015649467707, 0.00113364914432168, 0.000951017951592803, -0.0007553565665148199, -0.000727142090909183, -0.0007018604082986712, 0.0019926046952605247, -0.0016564736142754555, -0.0030357029754668474, 0.011580612510442734, -0.003925659228116274], [-0.0005675142747350037, -0.00032771346741355956, -0.00049678172217682, -0.001496794167906046, 0.0008279866888187826, 0.0015768087469041348, -0.0007509712013415992, 0.0008779391646385193, -0.0006671556038782, 0.00036156229907646775, 0.0011431570164859295, -0.003925659228116274, 0.009584289975464344]], "metadata.audio_properties.analysis.downmix": "mix", "metadata.audio_properties.codec": "mp3", "metadata.audio_properties.md5_encoded": "3aa836331121cb8ff301ef11efc7479d", "metadata.tags.file_name": "1183720149640019968.mp3", "metadata.version.essentia": "2.1-beta6-dev", "metadata.version.essentia_git_sha": "v2.1_beta5-1110-g77a6a954", "metadata.version.extractor": "music 2.0", "tonal.chords_key": "B", "tonal.chords_scale": "minor", "tonal.key_edma.key": "C", "tonal.key_edma.scale": "major", "tonal.key_krumhansl.key": "C", "tonal.key_krumhansl.scale": "ma