{"song_id": "1183666462330736680", "download": "https://cdn.discordapp.com/attachments/1135903449314238464/1183666462330736680/chirp.mp4?ex=65892a4c&amp", "lyrics": "(Chorus)\n\uaca8\uc6b8\ube44\uc758 \ub178\ub798\uac00 \ub4e4\ub824\uc640\n\ub0b4 \ub9c8\uc74c\uc744 \uc801\uc2dc\ub124\n\uc774\ubcc4\uc758 \uc544\ud514\ub3c4 \uc124\ub818\ub3c4\n\ubaa8\ub450 \ub2e4 \uc53b\uaca8 \ub0b4\ub824\uac00", "style": ["POP</span><span>,  emotional</span><span>,"], "essentia_features": {"lowlevel.average_loudness": 0.9258651733398438, "lowlevel.barkbands_crest.mean": 11.705644607543945, "lowlevel.barkbands_crest.stdev": 3.3421471118927, "lowlevel.barkbands_flatness_db.mean": 0.3471258282661438, "lowlevel.barkbands_flatness_db.stdev": 0.09634754061698914, "lowlevel.barkbands_kurtosis.mean": 11.793968200683594, "lowlevel.barkbands_kurtosis.stdev": 20.605377197265625, "lowlevel.barkbands_skewness.mean": 1.8450257778167725, "lowlevel.barkbands_skewness.stdev": 1.9551007747650146, "lowlevel.barkbands_spread.mean": 5.244582653045654, "lowlevel.barkbands_spread.stdev": 6.64469051361084, "lowlevel.dissonance.mean": 0.34268704056739807, "lowlevel.dissonance.stdev": 0.0827682837843895, "lowlevel.dynamic_complexity": 3.939805269241333, "lowlevel.erbbands_crest.mean": 12.77460765838623, "lowlevel.erbbands_crest.stdev": 4.159468173980713, "lowlevel.erbbands_flatness_db.mean": 0.3149402439594269, "lowlevel.erbbands_flatness_db.stdev": 0.10826869308948517, "lowlevel.erbbands_kurtosis.mean": 3.663973331451416, "lowlevel.erbbands_kurtosis.stdev": 4.857218265533447, "lowlevel.erbbands_skewness.mean": 0.9425859451293945, "lowlevel.erbbands_skewness.stdev": 1.1289753913879395, "lowlevel.erbbands_spread.mean": 17.894094467163086, "lowlevel.erbbands_spread.stdev": 21.331140518188477, "lowlevel.hfc.mean": 11.662222862243652, "lowlevel.hfc.stdev": 11.178427696228027, "lowlevel.loudness_ebu128.integrated": -16.37055015563965, "lowlevel.loudness_ebu128.loudness_range": 5.147616386413574, "lowlevel.loudness_ebu128.momentary.mean": -17.694019317626953, "lowlevel.loudness_ebu128.momentary.stdev": 5.8612189292907715, "lowlevel.loudness_ebu128.short_term.mean": -16.610694885253906, "lowlevel.loudness_ebu128.short_term.stdev": 1.6201637983322144, "lowlevel.melbands_crest.mean": 14.772501945495605, "lowlevel.melbands_crest.stdev": 4.952304840087891, "lowlevel.melbands_flatness_db.mean": 0.44393885135650635, "lowlevel.melbands_flatness_db.stdev": 0.12423506379127502, "lowlevel.melbands_kurtosis.mean": 21.641347885131836, "lowlevel.melbands_kurtosis.stdev": 88.13457489013672, "lowlevel.melbands_skewness.mean": 2.100184679031372, "lowlevel.melbands_skewness.stdev": 2.835768938064575, "lowlevel.melbands_spread.mean": 6.491139888763428, "lowlevel.melbands_spread.stdev": 9.02588176727295, "lowlevel.pitch_salience.mean": 0.5336484909057617, "lowlevel.pitch_salience.stdev": 0.11568015068769455, "lowlevel.silence_rate_20dB.mean": 1.0, "lowlevel.silence_rate_20dB.stdev": 0.0, "lowlevel.silence_rate_30dB.mean": 0.9886914491653442, "lowlevel.silence_rate_30dB.stdev": 0.10573843866586685, "lowlevel.silence_rate_60dB.mean": 0.037964459508657455, "lowlevel.silence_rate_60dB.stdev": 0.19111204147338867, "lowlevel.spectral_centroid.mean": 434.9292297363281, "lowlevel.spectral_centroid.stdev": 414.5794677734375, "lowlevel.spectral_complexity.mean": 8.432148933410645, "lowlevel.spectral_complexity.stdev": 2.5929863452911377, "lowlevel.spectral_decrease.mean": -7.861344464288322e-09, "lowlevel.spectral_decrease.stdev": 5.4968873897109916e-09, "lowlevel.spectral_energy.mean": 0.03072831965982914, "lowlevel.spectral_energy.stdev": 0.021581439301371574, "lowlevel.spectral_energyband_high.mean": 0.00010452588321641088, "lowlevel.spectral_energyband_high.stdev": 0.00031773559749126434, "lowlevel.spectral_energyband_low.mean": 0.008964356034994125, "lowlevel.spectral_energyband_low.stdev": 0.011236377991735935, "lowlevel.spectral_energyband_middle_high.mean": 0.0016043776413425803, "lowlevel.spectral_energyband_middle_high.stdev": 0.0036812014877796173, "lowlevel.spectral_energyband_middle_low.mean": 0.023422451689839363, "lowlevel.spectral_energyband_middle_low.stdev": 0.01831568032503128, "lowlevel.spectral_entropy.mean": 5.83437967300415, "lowlevel.spectral_entropy.stdev": 0.7684428691864014, "lowlevel.spectral_flux.mean": 0.044399455189704895, "lowlevel.spectral_flux.stdev": 0.030964383855462074, "lowlevel.spectral_kurtosis.mean": 103.26498413085938, "lowlevel.spectral_kurtosis.stdev": 135.13746643066406, "lowlevel.spectral_rms.mean": 0.0051017520017921925, "lowlevel.spectral_rms.stdev": 0.0019877152517437935, "lowlevel.spectral_rolloff.mean": 576.3193969726562, "lowlevel.spectral_rolloff.stdev": 1084.0269775390625, "lowlevel.spectral_skewness.mean": 6.457562446594238, "lowlevel.spectral_skewness.stdev": 4.739081859588623, "lowlevel.spectral_spread.mean": 2831998.5, "lowlevel.spectral_spread.stdev": 2572424.25, "lowlevel.spectral_strongpeak.mean": 1.336060643196106, "lowlevel.spectral_strongpeak.stdev": 1.3804010152816772, "lowlevel.zerocrossingrate.mean": 0.025462407618761063, "lowlevel.zerocrossingrate.stdev": 0.0408971831202507, "metadata.audio_properties.analysis.equal_loudness": 0.0, "metadata.audio_properties.analysis.length": 28.714649200439453, "metadata.audio_properties.analysis.sample_rate": 44100.0, "metadata.audio_properties.analysis.start_time": 0.0, "metadata.audio_properties.bit_rate": 105523.0, "metadata.audio_properties.length": 28.71466636657715, "metadata.audio_properties.lossless": 0.0, "metadata.audio_properties.number_channels": 1.0, "metadata.audio_properties.replay_gain": -10.59958267211914, "metadata.audio_properties.sample_rate": 48000.0, "rhythm.beats_count": 62.0, "rhythm.beats_loudness.mean": 0.03806448355317116, "rhythm.beats_loudness.stdev": 0.023926423862576485, "rhythm.bpm": 133.06739807128906, "rhythm.bpm_histogram_first_peak_bpm": 133.0, "rhythm.bpm_histogram_first_peak_weight": 0.5925925970077515, "rhythm.bpm_histogram_second_peak_bpm": 126.0, "rhythm.bpm_histogram_second_peak_spread": 0.4374999403953552, "rhythm.bpm_histogram_second_peak_weight": 0.14754098653793335, "rhythm.danceability": 0.9209808707237244, "rhythm.onset_rate": 2.192471504211426, "tonal.chords_changes_rate": 0.04193548485636711, "tonal.chords_number_rate": 0.014516129158437252, "tonal.chords_strength.mean": 0.43231359124183655, "tonal.chords_strength.stdev": 0.0830136239528656, "tonal.hpcp_crest.mean": 21.25640296936035, "tonal.hpcp_crest.stdev": 9.187270164489746, "tonal.hpcp_entropy.mean": 1.1897443532943726, "tonal.hpcp_entropy.stdev": 0.69853675365448, "tonal.key_edma.strength": 0.7794792652130127, "tonal.key_krumhansl.strength": 0.7889488339424133, "tonal.key_temperley.strength": 0.788411557674408, "tonal.tuning_diatonic_strength": 0.5043490529060364, "tonal.tuning_equal_tempered_deviation": 0.02619186043739319, "tonal.tuning_frequency": 440.0, "tonal.tuning_nontempered_energy_ratio": 0.5995601415634155, "lowlevel.barkbands.mean": [4.880970664089546e-06, 0.000830523029435426, 0.004789762198925018, 0.005369535181671381, 0.0043947440572083, 0.00640750490128994, 0.0016050904523581266, 0.002571363002061844, 0.0029927135910838842, 0.0005630137166008353, 0.0001749382063280791, 0.0008108082693070173, 4.436544259078801e-05, 2.1985006242175587e-05, 8.454948329017498e-06, 5.692586455552373e-06, 1.0414355529064778e-05, 8.629512194602285e-06, 6.742406185367145e-06, 4.282121153664775e-06, 6.2684894146514125e-06, 3.3537773560965434e-05, 3.6947691114619374e-05, 1.441592576156836e-05, 7.007663953118026e-06, 4.728967269329587e-06, 2.9923899802497544e-08], "lowlevel.barkbands.stdev": [1.0501961696718354e-05, 0.0012987474910914898, 0.007707043085247278, 0.007679172325879335, 0.005248015746474266, 0.00758908549323678, 0.0029334763530641794, 0.007124922703951597, 0.0085876090452075, 0.0011566417524591088, 0.0006299223750829697, 0.0034325586166232824, 0.0001839345059124753, 6.842859875177965e-05, 2.244004099338781e-05, 1.7065243810066022e-05, 4.444219302968122e-05, 3.383313014637679e-05, 4.035376332467422e-05, 1.9407654690439813e-05, 4.393696508486755e-05, 0.00010817664588103071, 0.00010486547398613766, 5.216683348407969e-05, 2.864240377675742e-05, 2.4565166313550435e-05, 2.204862852295264e-07], "lowlevel.erbbands.mean": [0.010962404310703278, 0.2916717529296875, 3.6452584266662598, 14.936690330505371, 12.559151649475098, 15.725005149841309, 20.447664260864258, 69.15293884277344, 35.41427993774414, 37.09769058227539, 55.38139724731445, 57.464759826660156, 47.93330383300781, 15.168166160583496, 20.005956649780273, 20.60470199584961, 2.576097011566162, 1.5561516284942627, 0.5664834380149841, 0.4273819625377655, 0.3195294737815857, 0.6111382246017456, 0.5667954087257385, 0.28987833857536316, 0.3543068468570709, 0.2001599371433258, 0.12995296716690063, 0.4437294900417328, 1.098498821258545, 1.294183611869812, 0.9897278547286987, 0.5170507431030273, 0.1384638100862503, 0.08384464681148529, 0.04549112170934677, 0.02724314108490944, 0.007685871794819832, 0.0005257962620817125, 2.613769356685225e-05, 3.5005690733669326e-05], "lowlevel.erbbands.stdev": [0.013226667419075966, 0.396750271320343, 5.688648700714111, 20.05356216430664, 19.437223434448242, 21.780574798583984, 29.50997543334961, 89.36972045898438, 37.16437911987305, 78.74200439453125, 135.79127502441406, 199.81788635253906, 103.63349151611328, 24.266033172607422, 71.43616485595703, 78.99369049072266, 6.614436626434326, 5.3595967292785645, 1.2549370527267456, 1.263033390045166, 0.6909061074256897, 2.4080941677093506, 2.546294927597046, 1.2854828834533691, 2.21380877494812, 0.9259577989578247, 0.5761632919311523, 3.2878355979919434, 3.6805431842803955, 3.643923759460449, 2.8638486862182617, 1.908077359199524, 0.4641014635562897, 0.32446014881134033, 0.20338885486125946, 0.1353507786989212, 0.03935534134507179, 0.003358499612659216, 6.907626811880618e-05, 2.4425433366559446e-05], "lowlevel.gfcc.mean": [-150.54873657226562, 193.52394104003906, -58.914573669433594, -22.06548500061035, -76.4004135131836, 8.641908645629883, -34.3275260925293, -13.367059707641602, -12.890832901000977, -21.05455207824707, -12.389493942260742, -4.005495071411133, -10.878645896911621], "lowlevel.melbands.mean": [0.00016587770369369537, 0.0015605896478518844, 0.002450713887810707, 0.000869843817781657, 0.0007625585421919823, 0.001415315899066627, 0.0005464593414217234, 0.0004792490799445659, 0.00042194739216938615, 0.00038680864963680506, 0.00023987072927411646, 6.301860412349924e-05, 4.58344875369221e-05, 0.00011263690248597413, 6.525192929984769e-06, 4.660240392695414e-06, 2.509944351913873e-06, 9.451636060475721e-07, 6.154020297799434e-07, 4.604424930221285e-07, 3.392705423266307e-07, 5.711432322641485e-07, 7.577686460535915e-07, 3.099663956618315e-07, 2.1861586674276623e-07, 2.755759282990766e-07, 2.226644681968537e-07, 1.1227187002305072e-07, 6.023769572038873e-08, 1.2126621129482373e-07, 3.0265724149103335e-07, 5.663876549988345e-07, 7.75396642893611e-07, 7.033949600554479e-07, 5.897157393519592e-07, 4.7072714437490504e-07, 2.6067505132232327e-07, 1.039763262156157e-07, 5.554848669930834e-08, 7.645638078201955e-08], "lowlevel.melbands.stdev": [0.0002445054124109447, 0.002152710920199752, 0.0029860592912882566, 0.0009577583987265825, 0.0011021337704733014, 0.0017945629078894854, 0.0005762393120676279, 0.0010819307062774897, 0.0010152881732210517, 0.001188583904877305, 0.0005273984861560166, 0.00011225069465581328, 0.00014378878404386342, 0.00048219648306258023, 1.5668794731027447e-05, 2.0494369891821407e-05, 8.411788257944863e-06, 2.337540536245797e-06, 1.5677957208026783e-06, 1.5655666629754705e-06, 7.12142025349749e-07, 2.08833421311283e-06, 3.794196572926012e-06, 1.2272244021005463e-06, 1.015368070511613e-06, 1.7937841221282724e-06, 1.2818578625228838e-06, 4.874429464507557e-07, 2.6568639555080154e-07, 6.695751721963461e-07, 2.4301668872794835e-06, 2.180170667998027e-06, 2.237736907773069e-06, 2.0294789919717005e-06, 1.6552742181374924e-06, 1.6947759604590829e-06, 1.0386638678028248e-06, 3.6080299992136133e-07, 1.9852362243000243e-07, 3.3894437478920736e-07], "lowlevel.melbands128.mean": [2.884790774260182e-06, 2.6109662940143608e-05, 0.00022050380357541144, 0.00045530893839895725, 0.0010715520475059748, 0.002842946210876107, 0.0033785938285291195, 0.0023053062614053488, 0.001190670533105731, 0.0004331053060013801, 0.0009798546088859439, 0.001051957020536065, 0.000621061772108078, 0.00047923781676217914, 0.0015387784224003553, 0.0023016559425741434, 0.0005380426300689578, 0.0003341392148286104, 0.0002808025456033647, 0.00036939544952474535, 0.0005955210071988404, 0.0008321159984916449, 0.00017573244986124337, 0.00032274340628646314, 0.00039906735764816403, 0.0003356342203915119, 0.0006218150374479592, 8.200103911804035e-05, 0.00012542791955638677, 7.964703399920836e-05, 3.812934664892964e-05, 2.9368518880801275e-05, 3.400094647076912e-05, 1.6776415577623993e-05, 0.00023726018844172359, 9.04522166820243e-05, 1.1221606655453797e-05, 4.203956450510304e-06, 4.281900146452244e-06, 4.0246341086458415e-06, 4.9899717851076275e-06, 5.460819011204876e-06, 1.9155049812979996e-06, 1.660027919569984e-06, 1.3425137694866862e-06, 7.175995051511563e-07, 5.922358923271531e-07, 6.654682920270716e-07, 5.034368655287835e-07, 7.414766400870576e-07, 3.482384158814966e-07, 3.27426334933989e-07, 4.229044634485035e-07, 2.6183775503341167e-07, 3.627506259817892e-07, 5.565996730183542e-07, 7.687701781833312e-07, 8.702986633579712e-07, 7.927233696136682e-07, 5.332112777978182e-07, 2.116078121616738e-07, 1.984601283311349e-07, 2.253547251029886e-07, 1.9632065573205182e-07, 2.514765355954296e-07, 3.1400210787069227e-07, 2.6185651336163573e-07, 2.397296441358776e-07, 2.655364994552656e-07, 1.2864796872236184e-07, 1.284416271118971e-07, 7.883321728741066e-08, 5.8883465214876196e-08, 6.048512801726247e-08, 5.847191530961027e-08, 9.392336863811579e-08, 1.453778821769447e-07, 2.2053286841128283e-07, 2.932173686076567e-07, 4.004852200978348e-07, 5.415291184363014e-07, 6.030796271261352e-07, 7.398081720566552e-07, 8.491049356962321e-07, 7.420921974699013e-07, 7.288808205885289e-07, 6.837894943600986e-07, 6.580964964086888e-07, 5.927486768086965e-07, 5.185458462619863e-07, 5.603399699793954e-07, 4.6642668394270004e-07, 3.245471589252702e-07, 2.6073729486597585e-07, 2.2879748939885758e-07, 1.3779865071228414e-07, 7.376871025144283e-08, 5.3701597835242865e-08, 5.034769756662172e-08, 5.7368762185205924e-08, 6.791695739138959e-08, 9.511092002867372e-08, 6.818694942012371e-08, 5.293481919466103e-08, 4.380630613809444e-08, 4.7477342945967393e-08, 4.8906446892260647e-08, 4.225842431537785e-08, 5.602682406902204e-08, 4.544100917769356e-08, 4.025007882546561e-08, 4.369286443761666e-08, 1.7212428815582825e-08, 1.0467593902774297e-08, 8.29043322880807e-09, 4.938361719553086e-09, 1.192978382746901e-09, 2.2020395923361136e-11, 5.4780598460202334e-12, 4.99116329863436e-12, 4.939060445352528e-12, 4.411737468401622e-12, 4.312614501622569e-12, 4.235319126660864e-12, 4.135766815821507e-12, 4.013353451653989e-12, 3.941093545262175e-12, 3.914352349199124e-12], "lowlevel.melbands128.stdev": [5.884777237952221e-06, 4.474487650441006e-05, 0.000318480801070109, 0.0007609063759446144, 0.001988818868994713, 0.004464864265173674, 0.005002120975404978, 0.003449796698987484, 0.0023797580506652594, 0.000501139264088124, 0.0016015777364373207, 0.001868993858806789, 0.001263315323740244, 0.0008474854985252023, 0.00204725400544703, 0.0032867956906557083, 0.0006443369202315807, 0.0007210148614831269, 0.0006405460881069303, 0.0012404144508764148, 0.001837381743825972, 0.0025360158178955317, 0.0005459710373543203, 0.0017289225943386555, 0.002244536066427827, 0.000926193140912801, 0.0017189609352499247, 0.00015463665477000177, 0.00040461684693582356, 0.00014558412658516318, 0.00011658376024570316, 0.00011535196244949475, 0.00016522400255780667, 6.17339537711814e-05, 0.0010959213832393289, 0.0003491355455480516, 4.56990601378493e-05, 1.751519630488474e-05, 1.2783391866832972e-05, 1.1479128261271399e-05, 3.964678762713447e-05, 2.4702123482711613e-05, 8.347097718797158e-06, 5.96020163357025e-06, 3.7955655898258556e-06, 2.728392473727581e-06, 1.7124010582847404e-06, 2.080639887935831e-06, 1.7329067532045883e-06, 3.3257836093980586e-06, 1.5046899761728127e-06, 1.2812303111786605e-06, 1.073381895366765e-06, 6.030994086358987e-07, 1.1687537835314288e-06, 2.2840713427285664e-06, 3.860048309434205e-06, 5.963407147646649e-06, 3.09095798911585e-06, 3.2217860734817805e-06, 6.760199084965279e-07, 7.731445634817646e-07, 9.96553922050225e-07, 1.0147699640583596e-06, 1.5738245338070556e-06, 2.254066430396051e-06, 1.9963963495683856e-06, 1.456714016967453e-06, 1.5789790950293536e-06, 6.8120471041766e-07, 5.760056751569209e-07, 3.345499806073349e-07, 2.4245647978204943e-07, 3.108583825905953e-07, 3.243020501031424e-07, 4.789499143953435e-07, 7.286358254532388e-07, 2.5226570414815797e-06, 2.618477537907893e-06, 2.7772903195000254e-06, 2.375555141043151e-06, 2.4329528969246894e-06, 2.1008452222304186e-06, 2.64557729678927e-06, 2.5011215711856494e-06, 2.3071195300872205e-06, 2.2414592422137503e-06, 1.8938690118375234e-06, 1.6730084553273628e-06, 1.6076239717222052e-06, 2.359956852160394e-06, 1.7456744672017521e-06, 1.2359636230030446e-06, 1.1664993735394091e-06, 1.0250448667648016e-06, 4.909379640594125e-07, 2.508996601591207e-07, 1.985671644888498e-07, 2.0106561748889362e-07, 2.2863274296014424e-07, 2.185490899364595e-07, 5.119488832860952e-07, 4.3990712583763525e-07, 2.878541351947206e-07, 1.920237338026709e-07, 2.7023881443710707e-07, 2.1034955466348038e-07, 2.2479564165678312e-07, 2.6240815031997045e-07, 2.8573199983839004e-07, 2.2699319401908724e-07, 2.2768530527628172e-07, 8.408861162934045e-08, 6.135407204510557e-08, 5.6296610040362793e-08, 4.856829249888506e-08, 9.390141997300816e-09, 1.8988757788385158e-10, 2.0924085381013313e-11, 1.5419332477506487e-11, 1.7136014829333135e-11, 7.096354753821643e-12, 6.938081619639602e-12, 6.816928965758251e-12, 6.719308269509394e-12, 6.63905432365941e-12, 6.581618496731556e-12, 6.54600982794018e-12], "lowlevel.mfcc.mean": [-804.804443359375, 224.82708740234375, 62.42787170410156, -15.345390319824219, -12.542440414428711, 4.229982852935791, -18.60808753967285, 10.133376121520996, -11.561881065368652, -8.933842658996582, -5.4114885330200195, -8.272337913513184, -4.883563041687012], "lowlevel.spectral_contrast_coeffs.mean": [-0.6167769432067871, -0.6358444094657898, -0.6932235360145569, -0.8087513446807861, -0.8089523315429688, -0.8146478533744812], "lowlevel.spectral_contrast_coeffs.stdev": [0.0907226949930191, 0.09014369547367096, 0.09403356164693832, 0.04478272795677185, 0.06264709681272507, 0.08733092993497849], "lowlevel.spectral_contrast_valleys.mean": [-7.046508312225342, -7.178253650665283, -8.294879913330078, -9.707293510437012, -11.000176429748535, -12.552152633666992], "lowlevel.spectral_contrast_valleys.stdev": [1.2779306173324585, 1.4312807321548462, 1.34352707862854, 1.2379592657089233, 1.7606489658355713, 1.844934105873108], "rhythm.beats_loudness_band_ratio.mean": [0.4225800335407257, 0.3532043993473053, 0.208224818110466, 0.04471273347735405, 0.002449361141771078, 0.010324090719223022], "rhythm.beats_loudness_band_ratio.stdev": [0.2568640410900116, 0.17677420377731323, 0.1780475676059723, 0.06925835460424423, 0.005351519212126732, 0.03843352198600769], "tonal.hpcp.mean": [0.07074742764234543, 0.03713062033057213, 0.006069935858249664, 0.005603266879916191, 0.007100183051079512, 0.16508738696575165, 0.3217986822128296, 0.17862175405025482, 0.04750071093440056, 0.05497885122895241, 0.030417075380682945, 0.09235654026269913, 0.1919214129447937, 0.12276022881269455, 0.09916740655899048, 0.1855493038892746, 0.12120398133993149, 0.02297929674386978, 0.010994480922818184, 0.019212525337934494, 0.13994213938713074, 0.2478841245174408, 0.1337422877550125, 0.024505119770765305, 0.020373228937387466, 0.022997895255684853, 0.25483810901641846, 0.43238407373428345, 0.19727188348770142, 0.04829797148704529, 0.06620331108570099, 0.03198804706335068, 0.019609497860074043, 0.017214041203260422, 0.009917828254401684, 0.03926942124962807], "tonal.hpcp.stdev": [0.140196293592453, 0.07794682681560516, 0.04284697398543358, 0.04027651995420456, 0.03732588514685631, 0.21225206553936005, 0.37284889817237854, 0.22248026728630066, 0.15105508267879486, 0.18038547039031982, 0.128250390291214, 0.17559275031089783, 0.35314857959747314, 0.22241561114788055, 0.20643877983093262, 0.34078964591026306, 0.24962584674358368, 0.10559207201004028, 0.05884813889861107, 0.09415467083454132, 0.2304365038871765, 0.3593602180480957, 0.21551984548568726, 0.12587465345859528, 0.11051501333713531, 0.11680833995342255, 0.2572639584541321, 0.40486645698547363, 0.1960955560207367, 0.14891484379768372, 0.20159181952476501, 0.11048658192157745, 0.09314630925655365, 0.050829753279685974, 0.03185953572392464, 0.08088783174753189], "rhythm.beats_position": [0.5224489569664001, 0.9984580278396606, 1.486077070236206, 1.9620860815048218, 2.4148752689361572, 2.867664337158203, 3.320453405380249, 3.7616326808929443, 4.2028117179870605, 4.632380962371826, 5.073559761047363, 5.503129005432129, 5.9326982498168945, 6.36226749420166, 6.791836738586426, 7.198185920715332, 7.592925071716309, 7.999274253845215, 8.405623435974121, 8.800362586975098, 9.253151893615723, 9.705941200256348, 10.170339584350586, 10.657958984375, 11.145578384399414, 11.633196830749512, 12.155646324157715, 12.678094863891602, 13.212154388427734, 13.676552772521973, 14.140952110290527, 14.605351448059082, 15.06974983215332, 15.510929107666016, 15.940498352050781, 16.370067596435547, 16.788026809692383, 17.20598602294922, 17.612335205078125, 18.08834457397461, 18.575963973999023, 19.063581466674805, 19.53959083557129, 20.015600204467773, 20.503219604492188, 20.979228973388672, 21.455238342285156, 21.93124771118164, 22.384035110473633, 22.825214385986328, 23.278003692626953, 23.730792999267578, 24.183582305908203, 24.659591674804688, 25.123991012573242, 25.576780319213867, 26.017959594726562, 26.470746994018555, 26.91192626953125, 27.353105545043945, 27.79428482055664, 28.235464096069336], "rhythm.bpm_histogram": [0.0, 0.0, 0.0, 0.0, 0.0, 0.0, 0.0, 0.0, 0.0, 0.0, 0.0, 0.0, 0.0, 0.0, 0.0, 0.0, 0.0, 0.0, 0.0, 0.0, 0.0, 0.0, 0.0, 0.0, 0.0, 0.0, 0.0, 0.0, 0.0, 0.0, 0.0, 0.0, 0.0, 0.0, 0.0, 0.0, 0.0, 0.0, 0.0, 0.0, 0.0, 0.0, 0.0, 0.0, 0.0, 0.0, 0.0, 0.0, 0.0, 0.0, 0.0, 0.0, 0.0, 0.0, 0.0, 0.0, 0.0, 0.0, 0.0, 0.0, 0.0, 0.0, 0.0, 0.0, 0.0, 0.0, 0.0, 0.0, 0.0, 0.0, 0.0, 0.0, 0.0, 0.0, 0.0, 0.0, 0.0, 0.0, 0.0, 0.0, 0.0, 0.0, 0.0, 0.0, 0.0, 0.0, 0.0, 0.0, 0.0, 0.0, 0.0, 0.0, 0.0, 0.0, 0.0, 0.0, 0.0, 0.0, 0.0, 0.0, 0.0, 0.0, 0.0, 0.0, 0.0, 0.0, 0.0, 0.0, 0.0, 0.0, 0.0, 0.0, 0.016393441706895828, 0.0, 0.0, 0.032786883413791656, 0.0, 0.0, 0.0, 0.0, 0.0, 0.0, 0.0, 0.1147540956735611, 0.0, 0.0, 0.14754098653793335, 0.0, 0.0, 0.09836065769195557, 0.0, 0.0, 0.0, 0.1803278625011444, 0.0, 0.0, 0.16393442451953888, 0.0, 0.0, 0.0, 0.1147540956735611, 0.0, 0.0, 0.0, 0.032786883413791656, 0.0, 0.0, 0.0, 0.06557376682758331, 0.0, 0.0, 0.0, 0.032786883413791656, 0.0, 0.0, 0.0, 0.0, 0.0, 0.0, 0.0, 0.0, 0.0, 0.0, 0.0, 0.0, 0.0, 0.0, 0.0, 0.0, 0.0, 0.0, 0.0, 0.0, 0.0, 0.0, 0.0, 0.0, 0.0, 0.0, 0.0, 0.0, 0.0, 0.0, 0.0, 0.0, 0.0, 0.0, 0.0, 0.0, 0.0, 0.0, 0.0, 0.0, 0.0, 0.0, 0.0, 0.0, 0.0, 0.0, 0.0, 0.0, 0.0, 0.0, 0.0, 0.0, 0.0, 0.0, 0.0, 0.0, 0.0, 0.0, 0.0, 0.0, 0.0, 0.0, 0.0, 0.0, 0.0, 0.0, 0.0, 0.0, 0.0, 0.0, 0.0, 0.0, 0.0, 0.0, 0.0, 0.0, 0.0, 0.0, 0.0, 0.0, 0.0, 0.0, 0.0, 0.0, 0.0, 0.0, 0.0, 0.0, 0.0, 0.0, 0.0, 0.0, 0.0, 0.0, 0.0, 0.0, 0.0], "tonal.chords_histogram": [54.83871078491211, 7.903225898742676, 18.064516067504883, 4.354838848114014, 0.0, 0.0, 0.0, 4.193548202514648, 0.0, 3.8709676265716553, 0.0, 0.0, 0.0, 0.0, 0.0, 0.0, 0.0, 0.0, 0.0, 0.0, 1.1290322542190552, 3.225806474685669, 2.4193549156188965, 0.0], "tonal.thpcp": [1.0, 0.45624226331710815, 0.11170154809951782, 0.1531122773885727, 0.07398062944412231, 0.0453520342707634, 0.03981192409992218, 0.02293754369020462, 0.09082069247961044, 0.163621723651886, 0.08587416261434555, 0.014038296416401863, 0.012959003448486328, 0.016421008855104446, 0.38180726766586304, 0.7442426681518555, 0.4131090044975281, 0.10985767841339111, 0.12715281546115875, 0.07034735381603241, 0.21359838545322418, 0.44386789202690125, 0.2839147746562958, 0.2293502688407898, 0.42913076281547546, 0.2803155481815338, 0.05314556881785393, 0.025427579879760742, 0.04443393275141716, 0.32365238666534424, 0.5732961297035217, 0.3093136250972748, 0.05667442828416824, 0.04711836203932762, 0.05318858101963997, 0.5893790125846863], "lowlevel.gfcc.cov": [[19126.05078125, -3643.071533203125, -1331.10009765625, 2250.554931640625, -3150.517578125, 644.9774780273438, -957.44189453125, 352.8760070800781, -462.7481384277344, -492.93951416015625, -388.3137512207031, 557.5341186523438, -869.2310791015625], [-3643.071533203125, 5695.74853515625, 174.65318298339844, -3011.137939453125, 1711.07421875, -727.2127685546875, 663.9930419921875, -595.0347290039062, 369.8970031738281, -125.19953918457031, 330.7852783203125, -662.6598510742188, 701.1404418945312], [-1331.10009765625, 174.65318298339844, 839.0862426757812, -82.23115539550781, 310.01409912109375, 161.71812438964844, -101.46842956542969, 18.96688461303711, 11.575653076171875, 101.66445922851562, -156.15419006347656, 105.97624969482422, -104.53642272949219], [2250.554931640625, -3011.137939453125, -82.23115539550781, 1987.69970703125, -917.928955078125, 384.6569519042969, -336.89312744140625, 350.5731506347656, -174.3667755126953, 35.09986877441406, -107.60994720458984, 358.3949279785156, -319.97100830078125], [-3150.517578125, 1711.07421875, 310.01409912109375, -917.928955078125, 1187.3695068359375, -211.03378295898438, 149.9871063232422, -65.92684936523438, 90.85238647460938, 114.5401840209961, 43.937416076660156, -129.52593994140625, 204.8448944091797], [644.9774780273438, -727.2127685546875, 161.71812438964844, 384.6569519042969, -211.03378295898438, 330.8709716796875, -62.709144592285156, 44.6610221862793, -62.69669723510742, 32.933692932128906, -65.75041961669922, 152.05931091308594, -148.99774169921875], [-957.44189453125, 663.9930419921875, -101.46842956542969, -336.89312744140625, 149.9871063232422, -62.709144592285156, 306.7866516113281, -91.81427764892578, 44.72221374511719, -6.204334259033203, 136.21434020996094, -105.9635238647461, 166.77488708496094], [352.8760070800781, -595.0347290039062, 18.96688461303711, 350.5731506347656, -65.92684936523438, 44.6610221862793, -91.81427764892578, 175.86566162109375, -19.931074142456055, 27.924654006958008, -53.48133850097656, 91.17643737792969, -65.67281341552734], [-462.7481384277344, 369.8970031738281, 11.575653076171875, -174.3667755126953, 90.85238647460938, -62.69669723510742, 44.72221374511719, -19.931074142456055, 129.10231018066406, -5.95708703994751, 14.612417221069336, -61.338382720947266, 53.016849517822266], [-492.93951416015625, -125.19953918457031, 101.66445922851562, 35.09986877441406, 114.5401840209961, 32.933692932128906, -6.204334259033203, 27.924654006958008, -5.95708703994751, 119.76053619384766, -28.63970947265625, 18.936138153076172, -38.215579986572266], [-388.3137512207031, 330.7852783203125, -156.15419006347656, -107.60994720458984, 43.937416076660156, -65.75041961669922, 136.21434020996094, -53.48133850097656, 14.612417221069336, -28.63970947265625, 153.1993408203125, -56.258949279785156, 130.75509643554688], [557.5341186523438, -662.6598510742188, 105.97624969482422, 358.3949279785156, -129.52593994140625, 152.05931091308594, -105.9635238647461, 91.17643737792969, -61.338382720947266, 18.936138153076172, -56.258949279785156, 191.1893310546875, -93.14456939697266], [-869.2310791015625, 701.1404418945312, -104.53642272949219, -319.97100830078125, 204.8448944091797, -148.99774169921875, 166.77488708496094, -65.67281341552734, 53.016849517822266, -38.215579986572266, 130.75509643554688, -93.14456939697266, 244.85626220703125]], "lowlevel.gfcc.icov": [[0.0003783107968047261, -0.0011514952639117837, 0.0009902724996209145, -0.0005443248082883656, 0.0013974139001220465, -0.0007016772287897766, 0.0009003616869449615, -0.0012278250651434064, 0.0011631145607680082, -0.0004891820135526359, 0.0011520730331540108, -0.0010423257481306791, 0.00047322249156422913], [-0.0011514952639117837, 0.00561623927205801, -0.003753317054361105, 0.0033799309749156237, -0.005441688001155853, 0.002668638015165925, -0.0030959201976656914, 0.005047619808465242, -0.004792986903339624, 0.0037725064903497696, -0.005013507325202227, 0.00440302724018693, -0.0017377252224832773], [0.0009902724996209145, -0.003753317054361105, 0.00505322590470314, -0.002019009552896023, 0.0033370014280080795, -0.0030445416923612356, 0.0026479922235012054, -0.002857718849554658, 0.002830328419804573, -0.0026503021363168955, 0.005625951569527388, -0.004097951576113701, 0.0009779100073501468], [-0.0005443248082883656, 0.0033799309749156237, -0.002019009552896023, 0.004024040419608355, -0.0019298582337796688, 0.0006712843314744532, -0.0006314495112746954, 0.00031594617757946253, -0.0022271829657256603, 0.0016357438871636987, -0.004470034968107939, 0.0019493866711854935, -0.000810229976195842], [0.0013974139001220465, -0.005441688001155853, 0.0033370014280080795, -0.0019298582337796688, 0.008033574558794498, -0.0025036451406776905, 0.0038943307008594275, -0.006658401805907488, 0.005246719811111689, -0.005176130216568708, 0.004404501058161259, -0.004549705423414707, 0.0007363951881416142], [-0.0007016772287897766, 0.002668638015165925, -0.0030445416923612356, 0.0006712843314744532, -0.0025036451406776905, 0.008929451927542686, -0.004368062596768141, 0.004753565415740013, -0.0023305602371692657, 0.0013033502036705613, -0.0024881872814148664, -0.0021871260832995176, 0.0024279470089823008], [0.0009003616869449615, -0.0030959201976656914, 0.0026479922235012054, -0.0006314495112746954, 0.0038943307008594275, -0.004368062596768141, 0.010232692584395409, -0.0035283996257930994, 0.00269416649825871, -0.003550685942173004, -0.0014938056701794267, -0.0003396343090571463, -0.0019342700252309442], [-0.0012278250651434064, 0.005047619808465242, -0.002857718849554658, 0.00031594617757946253, -0.006658401805907488, 0.004753565415740013, -0.0035283996257930994, 0.017210841178894043, -0.006233561784029007, 0.0022634712513536215, -0.0009228190174326301, 0.00020981318084523082, -0.0018617580644786358], [0.0011631145607680082, -0.004792986903339624, 0.002830328419804573, -0.0022271829657256603, 0.005246719811111689, -0.0023305602371692657, 0.00269416649825871, -0.006233561784029007, 0.014396870508790016, -0.0025895964354276657, 0.005161451641470194, -0.001052428619004786, 0.00015907325723674148], [-0.0004891820135526359, 0.0037725064903497696, -0.0026503021363168955, 0.0016357438871636987, -0.005176130216568708, 0.0013033502036705613, -0.003550685942173004, 0.0022634712513536215, -0.0025895964354276657, 0.01537966076284647, -0.0024330164305865765, 0.003278610995039344, 0.0021234143059700727], [0.0011520730331540108, -0.005013507325202227, 0.005625951569527388, -0.004470034968107939, 0.004404501058161259, -0.0024881872814148664, -0.0014938056701794267, -0.0009228190174326301, 0.005161451641470194, -0.0024330164305865765, 0.023239079862833023, -0.00464898906648159, -0.005098102614283562], [-0.0010423257481306791, 0.00440302724018693, -0.004097951576113701, 0.0019493866711854935, -0.004549705423414707, -0.0021871260832995176, -0.0003396343090571463, 0.00020981318084523082, -0.001052428619004786, 0.003278610995039344, -0.00464898906648159, 0.016995873302221298, -0.0030598726589232683], [0.00047322249156422913, -0.0017377252224832773, 0.0009779100073501468, -0.000810229976195842, 0.0007363951881416142, 0.0024279470089823008, -0.0019342700252309442, -0.0018617580644786358, 0.00015907325723674148, 0.0021234143059700727, -0.005098102614283562, -0.0030598726589232683, 0.013633488677442074]], "lowlevel.mfcc.cov": [[12335.29296875, -3785.48779296875, 372.66937255859375, 847.377685546875, -581.9700317382812, -340.41259765625, -854.7128295898438, 926.2119140625, -752.1649780273438, -482.41253662109375, 101.83573913574219, -252.73304748535156, -129.96995544433594], [-3785.48779296875, 6017.83740234375, -379.28863525390625, -1314.351318359375, 86.16338348388672, 118.53666687011719, 337.3206481933594, -703.7764282226562, 426.0080261230469, 146.1807403564453, -269.50225830078125, 152.42672729492188, 26.705345153808594], [372.66937255859375, -379.28863525390625, 690.0508422851562, 71.3662109375, 43.497642517089844, 125.12650299072266, -99.94424438476562, 153.6227569580078, -70.27117919921875, -41.65378952026367, 70.86772155761719, -105.52404022216797, -7.652719497680664], [847.377685546875, -1314.351318359375, 71.3662109375, 558.3912963867188, 38.588470458984375, -93.60250091552734, -18.99465560913086, 123.37195587158203, -55.42776870727539, -11.255728721618652, 9.227517127990723, 6.627377033233643, 7.2601752281188965], [-581.9700317382812, 86.16338348388672, 43.497642517089844, 38.588470458984375, 409.0762023925781, 58.10184860229492, -22.793088912963867, 29.886987686157227, 69.93167877197266, -5.845820426940918, 63.168697357177734, -2.5522372722625732, 12.478407859802246], [-340.41259765625, 118.53666687011719, 125.12650299072266, -93.60250091552734, 58.10184860229492, 205.24632263183594, 56.898372650146484, 28.60110855102539, 1.0046806335449219, -0.5268471240997314, 51.008705139160156, -16.668039321899414, 24.77853012084961], [-854.7128295898438, 337.3206481933594, -99.94424438476562, -18.99465560913086, -22.793088912963867, 56.898372650146484, 269.4519958496094, -90.95806884765625, 87.31050109863281, 32.54106521606445, -48.45279312133789, 81.38529968261719, 58.755859375], [926.2119140625, -703.7764282226562, 153.6227569580078, 123.37195587158203, 29.886987686157227, 28.60110855102539, -90.95806884765625, 261.27484130859375, -68.21501159667969, -75.93183135986328, 57.71685028076172, -43.964088439941406, 22.006711959838867], [-752.1649780273438, 426.0080261230469, -70.27117919921875, -55.42776870727539, 69.93167877197266, 1.0046806335449219, 87.31050109863281, -68.21501159667969, 170.91281127929688, 52.00143814086914, -24.810930252075195, 57.88585662841797, 31.4191837310791], [-482.41253662109375, 146.1807403564453, -41.65378952026367, -11.255728721618652, -5.845820426940918, -0.5268471240997314, 32.54106521606445, -75.93183135986328, 52.00143814086914, 109.77815246582031, 12.652935981750488, 6.625010967254639, -7.37096643447876], [101.83573913574219, -269.50225830078125, 70.86772155761719, 9.227517127990723, 63.168697357177734, 51.008705139160156, -48.45279312133789, 57.71685028076172, -24.810930252075195, 12.652935981750488, 157.27931213378906, -19.471088409423828, -6.955776214599609], [-252.73304748535156, 152.42672729492188, -105.52404022216797, 6.627377033233643, -2.5522372722625732, -16.668039321899414, 81.38529968261719, -43.964088439941406, 57.88585662841797, 6.625010967254639, -19.471088409423828, 116.17575073242188, 35.006649017333984], [-129.96995544433594, 26.705345153808594, -7.652719497680664, 7.2601752281188965, 12.478407859802246, 24.77853012084961, 58.755859375, 22.006711959838867, 31.4191837310791, -7.37096643447876, -6.955776214599609, 35.006649017333984, 77.80870056152344]], "lowlevel.mfcc.icov": [[0.00019233871717005968, -4.176040965830907e-05, 7.912432192824781e-05, -0.00027396311634220183, 0.0003176520112901926, 2.8626427592826076e-05, 0.0004059979401063174, -0.0004290629003662616, 0.0002630610251799226, 0.0003944886848330498, -6.458716961788014e-05, -6.265452975640073e-05, 7.722893496975303e-05], [-4.176040965830907e-05, 0.0006097467849031091, -0.00017960881814360619, 0.0013292846269905567, -0.0004297114792279899, 0.00020475774363148957, -0.0002826979907695204, 0.0008686063811182976, -0.00045278677134774625, -0.00012566876830533147, 0.0006837371038272977, -0.00019705848535522819, -0.0001285042817471549], [7.912432192824781e-05, -0.00017960881814360619, 0.0022306269966065884, -0.0009540075552649796, 0.0004463390214368701, -0.0016303053125739098, 0.0008838836220093071, -0.0007668434991501272, -0.0002304050576640293, 0.0006218685302883387, -0.0003203941450919956, 0.0013799556763842702, 1.70872010585299e-06], [-0.00027396311634220183, 0.0013292846269905567, -0.0009540075552649796, 0.005877756979316473, -0.002053096191957593, 0.002652199473232031, -0.002219835063442588, 0.0003901593736372888, 0.0005384688847698271, -0.0022987420670688152, 0.0017797923646867275, -0.0012807863531634212, -0.00020540948025882244], [0.0003176520112901926, -0.0004297114792279899, 0.0004463390214368701, -0.002053096191957593, 0.0041937800124287605, -0.0015428954502567649, 0.0019045474473387003, -0.0005765201058238745, -0.002171088010072708, 0.0023836889304220676, -0.0018515344709157944, 0.0007085621473379433, 7.538988575106487e-05], [2.8626427592826076e-05, 0.00020475774363148957, -0.0016303053125739098, 0.002652199473232031, -0.0015428954502567649, 0.00938041415065527, -0.003912195563316345, -0.0011721320915967226, 0.0018568480154499412, -0.0009984970092773438, -0.0018490588990971446, 0.000996879767626524, -0.0013425189536064863], [0.0004059979401063174, -0.0002826979907695204, 0.0008838836220093071, -0.002219835063442588, 0.0019045474473387003, -0.003912195563316345, 0.008828442543745041, 0.0011965365847572684, -0.0014768207911401987, 0.0010646259179338813, 0.0010299013229086995, -0.0022587450221180916, -0.0031898946035653353], [-0.0004290629003662616, 0.0008686063811182976, -0.0007668434991501272, 0.0003901593736372888, -0.0005765201058238745, -0.0011721320915967226, 0.0011965365847572684, 0.0101833650842309, -0.001730310614220798, 0.0039270357228815556, -0.0012275084154680371, 0.0017641220474615693, -0.004277339205145836], [0.0002630610251799226, -0.00045278677134774625, -0.0002304050576640293, 0.0005384688847698271, -0.002171088010072708, 0.0018568480154499412, -0.0014768207911401987, -0.001730310614220798, 0.01249562669545412, -0.005133908241987228, 0.001430772477760911, -0.0035951726604253054, -0.0019033326534554362], [0.0003944886848330498, -0.00012566876830533147, 0.0006218685302883387, -0.0022987420670688152, 0.0023836889304220676, -0.0009984970092773438, 0.0010646259179338813, 0.0039270357228815556, -0.005133908241987228, 0.016309263184666634, -0.004068260081112385, 0.003048988524824381, 0.0008814426837489009], [-6.458716961788014e-05, 0.0006837371038272977, -0.0003203941450919956, 0.0017797923646867275, -0.0018515344709157944, -0.0018490588990971446, 0.0010299013229086995, -0.0012275084154680371, 0.001430772477760911, -0.004068260081112385, 0.010068142786622047, -0.0019330617506057024, 0.0007217134116217494], [-6.265452975640073e-05, -0.00019705848535522819, 0.0013799556763842702, -0.0012807863531634212, 0.0007085621473379433, 0.000996879767626524, -0.0022587450221180916, 0.0017641220474615693, -0.0035951726604253054, 0.003048988524824381, -0.0019330617506057024, 0.015023186802864075, -0.004197455011308193], [7.722893496975303e-05, -0.0001285042817471549, 1.70872010585299e-06, -0.00020540948025882244, 7.538988575106487e-05, -0.0013425189536064863, -0.0031898946035653353, -0.004277339205145836, -0.0019033326534554362, 0.0008814426837489009, 0.0007217134116217494, -0.004197455011308193, 0.019883519038558006]], "metadata.audio_properties.analysis.downmix": "mix", "metadata.audio_properties.codec": "mp3", "metadata.audio_properties.md5_encoded": "3e3bf4e2525c99a1d3e235174353442d", "metadata.tags.file_name": "1183666462330736680.mp3", "metadata.version.essentia": "2.1-beta6-dev", "metadata.version.essentia_git_sha": "v2.1_beta5-1110-g77a6a954", "metadata.version.extractor": "music 2.0", "tonal.chords_key": "B", "tonal.chords_scale": "minor", "tonal.key_edma.key": "B", "tonal.key_edma.scale": "minor", "tonal.key_krumhansl.key": "B", "tonal.key_krumhansl.scale": "minor", "tonal.key_temperley