{"song_id": "1183693588039745556", "download": "https://cdn.discordapp.com/attachments/1135903449314238464/1183693588039745556/chirp.mp4?ex=6589438f&amp", "lyrics": "[verse]\nDehya, a woman bold and fierce\nHer spirit dances, her heart sings\nUnyielding strength within her soul\nShe shines bright, like colors in the night\n\n[chorus]\nOh Dehya, a warrior divine\nThrough the chaos, she'll always shine", "style": ["Psychedelic trance"], "essentia_features": {"lowlevel.average_loudness": 0.9719547033309937, "lowlevel.barkbands_crest.mean": 12.271239280700684, "lowlevel.barkbands_crest.stdev": 6.528158187866211, "lowlevel.barkbands_flatness_db.mean": 0.1963464468717575, "lowlevel.barkbands_flatness_db.stdev": 0.06705852597951889, "lowlevel.barkbands_kurtosis.mean": 22.102582931518555, "lowlevel.barkbands_kurtosis.stdev": 45.972782135009766, "lowlevel.barkbands_skewness.mean": 2.7984871864318848, "lowlevel.barkbands_skewness.stdev": 3.182945728302002, "lowlevel.barkbands_spread.mean": 14.642005920410156, "lowlevel.barkbands_spread.stdev": 10.208914756774902, "lowlevel.dissonance.mean": 0.4480372667312622, "lowlevel.dissonance.stdev": 0.03170554339885712, "lowlevel.dynamic_complexity": 1.5441267490386963, "lowlevel.erbbands_crest.mean": 11.428181648254395, "lowlevel.erbbands_crest.stdev": 4.758046627044678, "lowlevel.erbbands_flatness_db.mean": 0.16502141952514648, "lowlevel.erbbands_flatness_db.stdev": 0.03876864165067673, "lowlevel.erbbands_kurtosis.mean": 2.059654712677002, "lowlevel.erbbands_kurtosis.stdev": 2.9430103302001953, "lowlevel.erbbands_skewness.mean": 0.8557324409484863, "lowlevel.erbbands_skewness.stdev": 0.6655715107917786, "lowlevel.erbbands_spread.mean": 37.8737907409668, "lowlevel.erbbands_spread.stdev": 23.53533363342285, "lowlevel.hfc.mean": 23.02178192138672, "lowlevel.hfc.stdev": 12.218677520751953, "lowlevel.loudness_ebu128.integrated": -12.387089729309082, "lowlevel.loudness_ebu128.loudness_range": 2.234607696533203, "lowlevel.loudness_ebu128.momentary.mean": -12.507377624511719, "lowlevel.loudness_ebu128.momentary.stdev": 1.0683780908584595, "lowlevel.loudness_ebu128.short_term.mean": -12.447770118713379, "lowlevel.loudness_ebu128.short_term.stdev": 0.8280792236328125, "lowlevel.melbands_crest.mean": 15.239312171936035, "lowlevel.melbands_crest.stdev": 7.449411392211914, "lowlevel.melbands_flatness_db.mean": 0.2422700673341751, "lowlevel.melbands_flatness_db.stdev": 0.08276259154081345, "lowlevel.melbands_kurtosis.mean": 51.61345291137695, "lowlevel.melbands_kurtosis.stdev": 98.69901275634766, "lowlevel.melbands_skewness.mean": 3.9024245738983154, "lowlevel.melbands_skewness.stdev": 4.127193450927734, "lowlevel.melbands_spread.mean": 15.5098237991333, "lowlevel.melbands_spread.stdev": 11.085070610046387, "lowlevel.pitch_salience.mean": 0.4283358156681061, "lowlevel.pitch_salience.stdev": 0.17803603410720825, "lowlevel.silence_rate_20dB.mean": 1.0, "lowlevel.silence_rate_20dB.stdev": 0.0, "lowlevel.silence_rate_30dB.mean": 0.8151624798774719, "lowlevel.silence_rate_30dB.stdev": 0.3881652355194092, "lowlevel.silence_rate_60dB.mean": 0.0014440433587878942, "lowlevel.silence_rate_60dB.stdev": 0.03797313570976257, "lowlevel.spectral_centroid.mean": 900.5890502929688, "lowlevel.spectral_centroid.stdev": 438.2705383300781, "lowlevel.spectral_complexity.mean": 14.758844375610352, "lowlevel.spectral_complexity.stdev": 5.564938545227051, "lowlevel.spectral_decrease.mean": -1.4824692584625154e-08, "lowlevel.spectral_decrease.stdev": 1.119530601556562e-08, "lowlevel.spectral_energy.mean": 0.05803999304771423, "lowlevel.spectral_energy.stdev": 0.04224669933319092, "lowlevel.spectral_energyband_high.mean": 0.0006530549726448953, "lowlevel.spectral_energyband_high.stdev": 0.0008953498327173293, "lowlevel.spectral_energyband_low.mean": 0.03666022792458534, "lowlevel.spectral_energyband_low.stdev": 0.047852933406829834, "lowlevel.spectral_energyband_middle_high.mean": 0.0067015294916927814, "lowlevel.spectral_energyband_middle_high.stdev": 0.007068588864058256, "lowlevel.spectral_energyband_middle_low.mean": 0.01712065376341343, "lowlevel.spectral_energyband_middle_low.stdev": 0.016389070078730583, "lowlevel.spectral_entropy.mean": 7.463922023773193, "lowlevel.spectral_entropy.stdev": 0.36210525035858154, "lowlevel.spectral_flux.mean": 0.10397569090127945, "lowlevel.spectral_flux.stdev": 0.08178316056728363, "lowlevel.spectral_kurtosis.mean": 3.49005389213562, "lowlevel.spectral_kurtosis.stdev": 2.0862088203430176, "lowlevel.spectral_rms.mean": 0.007105443626642227, "lowlevel.spectral_rms.stdev": 0.0024772987235337496, "lowlevel.spectral_rolloff.mean": 799.5277709960938, "lowlevel.spectral_rolloff.stdev": 835.000244140625, "lowlevel.spectral_skewness.mean": 1.6448529958724976, "lowlevel.spectral_skewness.stdev": 0.38699713349342346, "lowlevel.spectral_spread.mean": 5472013.5, "lowlevel.spectral_spread.stdev": 1216231.5, "lowlevel.spectral_strongpeak.mean": 1.480940818786621, "lowlevel.spectral_strongpeak.stdev": 1.424550175666809, "lowlevel.zerocrossingrate.mean": 0.04181132838129997, "lowlevel.zerocrossingrate.stdev": 0.022934475913643837, "metadata.audio_properties.analysis.equal_loudness": 0.0, "metadata.audio_properties.analysis.length": 32.12798309326172, "metadata.audio_properties.analysis.sample_rate": 44100.0, "metadata.audio_properties.analysis.start_time": 0.0, "metadata.audio_properties.bit_rate": 100227.0, "metadata.audio_properties.length": 32.12799835205078, "metadata.audio_properties.lossless": 0.0, "metadata.audio_properties.number_channels": 1.0, "metadata.audio_properties.replay_gain": -12.488861083984375, "metadata.audio_properties.sample_rate": 48000.0, "rhythm.beats_count": 71.0, "rhythm.beats_loudness.mean": 0.09556907415390015, "rhythm.beats_loudness.stdev": 0.047149259597063065, "rhythm.bpm": 135.46717834472656, "rhythm.bpm_histogram_first_peak_bpm": 136.0, "rhythm.bpm_histogram_first_peak_weight": 0.15254241228103638, "rhythm.bpm_histogram_second_peak_bpm": 129.0, "rhythm.bpm_histogram_second_peak_spread": 0.20000004768371582, "rhythm.bpm_histogram_second_peak_weight": 0.11428571492433548, "rhythm.danceability": 1.6576024293899536, "rhythm.onset_rate": 4.60370397567749, "tonal.chords_changes_rate": 0.03318903222680092, "tonal.chords_number_rate": 0.007215007208287716, "tonal.chords_strength.mean": 0.5040528774261475, "tonal.chords_strength.stdev": 0.0476265512406826, "tonal.hpcp_crest.mean": 17.816068649291992, "tonal.hpcp_crest.stdev": 7.371439456939697, "tonal.hpcp_entropy.mean": 1.4562197923660278, "tonal.hpcp_entropy.stdev": 0.6414822936058044, "tonal.key_edma.strength": 0.6519885063171387, "tonal.key_krumhansl.strength": 0.64081209897995, "tonal.key_temperley.strength": 0.6143097877502441, "tonal.tuning_diatonic_strength": 0.5116933584213257, "tonal.tuning_equal_tempered_deviation": 0.05784449353814125, "tonal.tuning_frequency": 440.76312255859375, "tonal.tuning_nontempered_energy_ratio": 0.6446954011917114, "lowlevel.barkbands.mean": [0.0001488477864768356, 0.02257702872157097, 0.011524609290063381, 0.0036847637966275215, 0.0029090733733028173, 0.0030711949802935123, 0.000351704191416502, 0.0023901883978396654, 0.003306336235255003, 0.0022773086093366146, 0.00237375870347023, 0.0006437722477130592, 0.00028258372913114727, 0.0005360398208722472, 0.00037639751099050045, 0.00032797217136248946, 0.0002746612299233675, 0.00014554656809195876, 0.0001378885208396241, 0.000122177938465029, 0.00010748449858510867, 8.625702321296558e-05, 0.00012356524530332536, 0.00013285037130117416, 0.00012720371887553483, 8.230621233451529e-07, 2.309048952042758e-09], "lowlevel.barkbands.stdev": [0.00025616877246648073, 0.03968584164977074, 0.024468420073390007, 0.009682598523795605, 0.006392660550773144, 0.003513520350679755, 0.0006295791827142239, 0.003486446337774396, 0.006086928769946098, 0.003810605499893427, 0.0041179112158715725, 0.0017250850796699524, 0.0005191922537051141, 0.0009966257493942976, 0.0006911505479365587, 0.0005761944921687245, 0.0006784636643715203, 0.0002552302030380815, 0.00019791112572420388, 0.00017586551257409155, 0.00018497796554584056, 0.00018502349848859012, 0.0002670306421350688, 0.00019506925309542567, 0.00014522527635563165, 2.3698696622886928e-06, 1.2769763912956478e-08], "lowlevel.erbbands.mean": [0.5080773234367371, 5.594621658325195, 12.153724670410156, 15.528080940246582, 10.142000198364258, 8.472447395324707, 18.496736526489258, 27.279329299926758, 6.519039630889893, 31.041379928588867, 52.53901672363281, 79.22883605957031, 79.91513061523438, 56.754337310791016, 98.72876739501953, 31.410734176635742, 15.589181900024414, 28.480558395385742, 21.476390838623047, 16.53066635131836, 20.040775299072266, 13.384339332580566, 7.710931777954102, 9.256723403930664, 5.451476573944092, 6.0192341804504395, 5.0926995277404785, 3.5730063915252686, 3.054490089416504, 3.2953388690948486, 3.679128408432007, 3.1935508251190186, 1.905110239982605, 1.505272388458252, 0.8765451312065125, 0.05846361070871353, 0.0015308638103306293, 0.00010315417603123933, 4.090176662430167e-05, 6.80465527693741e-05], "lowlevel.erbbands.stdev": [0.9012592434883118, 9.970231056213379, 24.14643669128418, 28.211519241333008, 37.050621032714844, 15.506082534790039, 25.635597229003906, 31.340864181518555, 8.003032684326172, 52.21949005126953, 90.21488952636719, 152.0255889892578, 140.8002166748047, 113.7942886352539, 172.6261444091797, 78.67488098144531, 27.171283721923828, 48.95915603637695, 37.54283142089844, 30.47439956665039, 34.65932846069336, 27.294044494628906, 14.359739303588867, 12.702527046203613, 9.197322845458984, 8.86882209777832, 8.191102027893066, 6.1803998947143555, 5.903867721557617, 8.384654998779297, 7.505467891693115, 4.845582485198975, 2.866142988204956, 1.994450330734253, 0.9170067310333252, 0.06577283143997192, 0.001662689377553761, 0.00011336469469824806, 2.273559948662296e-05, 4.502942829276435e-05], "lowlevel.gfcc.mean": [16.830917358398438, 108.67302703857422, -110.9408950805664, 40.281105041503906, -69.19029998779297, 39.881656646728516, -35.90859603881836, 23.464506149291992, -18.899810791015625, -2.8918800354003906, -7.832144737243652, -12.276727676391602, 5.9118523597717285], "lowlevel.melbands.mean": [0.005674748215824366, 0.006795528344810009, 0.0025120778009295464, 0.0005971267237327993, 0.0006127568194642663, 0.0005765146343037486, 8.307027019327506e-05, 0.000383634032914415, 0.00045449932804331183, 0.0005097532412037253, 0.00038149632746353745, 0.0002080935228150338, 0.0002857767976820469, 0.00014722337073180825, 5.168524876353331e-05, 2.7455989766167477e-05, 5.863999467692338e-05, 3.331444531795569e-05, 2.576547922217287e-05, 2.462693373672664e-05, 2.248181408504024e-05, 1.6484862499055453e-05, 6.737850071658613e-06, 6.605391718039755e-06, 7.835388714738656e-06, 3.893917892128229e-06, 3.5168980048183585e-06, 4.171274667896796e-06, 3.310491592856124e-06, 2.6305658593628323e-06, 1.9367416825843975e-06, 1.6826221553856158e-06, 1.7737376083459822e-06, 1.872615825959656e-06, 2.2840083602204686e-06, 1.806187697184214e-06, 2.02203773369547e-06, 1.361515046482964e-06, 1.1308609373372747e-06, 1.3169425301384763e-06], "lowlevel.melbands.stdev": [0.00983151700347662, 0.010835631750524044, 0.0048420666716992855, 0.0016820784658193588, 0.0008018732769414783, 0.000647212378680706, 0.00011793497833423316, 0.0006499016308225691, 0.0008712606504559517, 0.001009674509987235, 0.0006989216199144721, 0.0004503568634390831, 0.00048313583829440176, 0.0002699348842725158, 0.00015386786253657192, 5.465570211526938e-05, 0.00010854418360395357, 6.422604928957298e-05, 5.0638023822102696e-05, 4.457028990145773e-05, 4.617954255081713e-05, 3.721083703567274e-05, 1.4518937859975267e-05, 1.063664058165159e-05, 1.107621119444957e-05, 6.913634479133179e-06, 5.943494670646032e-06, 6.23671849098173e-06, 5.376979970606044e-06, 4.724975497083506e-06, 3.418294909351971e-06, 3.14779981636093e-06, 4.5370861698756926e-06, 4.982058726454852e-06, 5.096070708532352e-06, 3.0728076580999186e-06, 3.043002607228118e-06, 2.1928829028183827e-06, 1.5752576700833743e-06, 1.7915671151058632e-06], "lowlevel.melbands128.mean": [0.00011749754048651084, 0.0027627816889435053, 0.009176847524940968, 0.009160058572888374, 0.0063292463310062885, 0.005908747669309378, 0.003409427357837558, 0.0014962466666474938, 0.0010368681978434324, 0.00042112477240152657, 0.00040915017598308623, 0.0005839631194248796, 0.000628882902674377, 0.000692807778250426, 0.0008466939907521009, 0.0003526104264892638, 8.807689300738275e-05, 3.4509044780861586e-05, 5.609065556200221e-05, 0.0003906702622771263, 0.0005870460881851614, 0.00023484203848056495, 0.0005617476999759674, 0.0005151928053237498, 0.00042873062193393707, 0.0006584096699953079, 0.00027102651074528694, 0.0005830959416925907, 0.00015548313967883587, 0.00021660749916918576, 0.0002631299430504441, 0.00013169451267458498, 0.00016227917512878776, 0.0006611725548282266, 8.454137423541397e-05, 5.2971292461734265e-05, 7.707374606980011e-05, 5.9771791711682454e-05, 3.231553637306206e-05, 2.5024779461091384e-05, 3.132276106043719e-05, 1.9119477656204253e-05, 6.825973105151206e-05, 8.239282033173367e-05, 2.155265974579379e-05, 3.1271112675312907e-05, 3.4848126233555377e-05, 3.2381725759478286e-05, 1.6915415471885353e-05, 1.6470099581056274e-05, 2.687241430976428e-05, 3.357358218636364e-05, 1.934300053108018e-05, 2.036450860032346e-05, 2.3998973119887523e-05, 1.8024524251814e-05, 8.112779141811188e-06, 5.509763013833435e-06, 6.7158994170313235e-06, 8.26744690129999e-06, 4.546099262370262e-06, 5.244628937361995e-06, 1.4715918950969353e-05, 5.609599611489102e-06, 2.987919287988916e-06, 4.074212483828887e-06, 4.568459644360701e-06, 3.0402927677641856e-06, 3.3514463666506344e-06, 3.966940312238876e-06, 4.094239102414576e-06, 4.735496077046264e-06, 3.505762833810877e-06, 3.0526557566190604e-06, 2.8566346372826956e-06, 3.1861702609603526e-06, 2.3873349164205138e-06, 1.450460104024387e-06, 2.354999651288381e-06, 1.6493286238983274e-06, 1.9013913288290496e-06, 1.553203105686407e-06, 1.4324862149805995e-06, 2.187302698075655e-06, 1.595290882505651e-06, 1.6297833553835517e-06, 1.9158007944497513e-06, 2.373940333200153e-06, 2.6817551770363934e-06, 1.8408688902127324e-06, 1.8039163478533737e-06, 1.6511468174940092e-06, 2.0722607132483972e-06, 2.253731281598448e-06, 1.8916997532869573e-06, 1.4829917063252651e-06, 1.2468241266105906e-06, 1.1819529390777461e-06, 1.0177000149269588e-06, 1.1410584193072282e-06, 1.3899472151024383e-06, 1.476694933444378e-06, 9.610606639398611e-07, 1.3288891977936146e-06, 1.309352910539019e-06, 9.113160217566474e-07, 2.1772201819203474e-07, 4.103569750668612e-08, 4.898177863310593e-09, 2.194510406727801e-10, 3.5403346920759304e-11, 2.2856279369154464e-11, 3.395664652239283e-11, 3.4460500425437246e-11, 2.4972789461341627e-11, 3.2413013245635725e-11, 2.626438649899754e-11, 1.1670913367678448e-11, 8.410432940364476e-12, 8.148839242272388e-12, 7.943792325326715e-12, 7.784493535889503e-12, 7.608841508244257e-12, 7.476219296420616e-12, 7.34332386564951e-12, 7.20476803217629e-12, 7.1165170111020526e-12, 7.073898758425123e-12], "lowlevel.melbands128.stdev": [0.0002497292880434543, 0.005559972953051329, 0.01679234579205513, 0.01814233511686325, 0.013768148608505726, 0.012136821635067463, 0.006230633240193129, 0.005276354029774666, 0.004226711578667164, 0.0013451090781018138, 0.0008785731042735279, 0.0011611811351031065, 0.0010797710856422782, 0.0011049722088500857, 0.0010769611690193415, 0.0004832912527490407, 0.0001872160064522177, 9.507386857876554e-05, 0.0001795063872123137, 0.0007148698205128312, 0.001076734159141779, 0.0006027695490047336, 0.0012951730750501156, 0.0014489523600786924, 0.0011018449440598488, 0.001712533994577825, 0.0006572639103978872, 0.0013261259300634265, 0.00039716309402137995, 0.0006118594901636243, 0.000792838167399168, 0.0005020276294089854, 0.00030908643384464085, 0.0012756186770275235, 0.00020347458485048264, 0.00023732792760711163, 0.0003539292374625802, 0.00026591913774609566, 8.307268581120297e-05, 6.827373726991937e-05, 7.755026308586821e-05, 7.308796921279281e-05, 0.00013626426516566426, 0.00018222356447950006, 9.726829011924565e-05, 7.961554365465418e-05, 8.041060937102884e-05, 8.197485294658691e-05, 4.977601201971993e-05, 5.332589353201911e-05, 6.265219417400658e-05, 7.087444828357548e-05, 5.190356387174688e-05, 7.193899364210665e-05, 8.611055818619207e-05, 5.143827002029866e-05, 2.1166253645787947e-05, 1.4482043297903147e-05, 1.8265925973537378e-05, 1.9423399862716906e-05, 8.86981979419943e-06, 1.1314284165564459e-05, 2.3191732907434925e-05, 9.983230484067462e-06, 7.170075150497723e-06, 7.085836386977462e-06, 1.0104121429321822e-05, 7.57318639443838e-06, 6.19360707787564e-06, 6.8642207224911544e-06, 8.683559826749843e-06, 7.143410130083794e-06, 6.359401140798582e-06, 6.275922714849003e-06, 6.058207873138599e-06, 5.842385235155234e-06, 5.6797434808686376e-06, 3.208610223737196e-06, 4.373091542220209e-06, 3.010374484802014e-06, 4.020374944957439e-06, 3.1648191907152068e-06, 3.0409748887905153e-06, 6.264986041060183e-06, 4.908576102025108e-06, 4.638229256670456e-06, 4.863574758928735e-06, 7.496182206523372e-06, 6.2105664255796e-06, 3.565141469152877e-06, 3.331463631184306e-06, 3.1902006867312593e-06, 3.255854608141817e-06, 3.67613347407314e-06, 3.0961618904257193e-06, 2.70256532530766e-06, 2.2178473955136724e-06, 1.9844883354380727e-06, 1.4981482081566355e-06, 1.6986048194667092e-06, 2.0246457097528037e-06, 2.3246436740009813e-06, 1.3136746019881684e-06, 1.535702381261217e-06, 1.5008783975645201e-06, 1.0907558589678956e-06, 2.944880748145806e-07, 9.762403863078362e-08, 2.9978217241932725e-08, 3.729446085287691e-09, 5.967464300482561e-10, 2.98611080307154e-10, 5.80133940886185e-10, 6.167889532449067e-10, 3.4974415030752937e-10, 5.627429078280954e-10, 4.3894995971349715e-10, 1.0410768080948429e-10, 1.4642924026087023e-11, 1.4178377222284766e-11, 1.3844342339197624e-11, 1.3558953439185562e-11, 1.3275001757573346e-11, 1.3050383690371703e-11, 1.2864641643628438e-11, 1.2711785617181004e-11, 1.2601994968386432e-11, 1.2534116106133197e-11], "lowlevel.mfcc.mean": [-621.4299926757812, 123.33210754394531, 21.340869903564453, 8.922393798828125, 8.182887077331543, 6.147721767425537, 9.640307426452637, 11.151020050048828, 9.860013008117676, 9.703354835510254, -2.7269415855407715, -0.6303500533103943, -0.32809555530548096], "lowlevel.spectral_contrast_coeffs.mean": [-0.6806646585464478, -0.6946317553520203, -0.7024976015090942, -0.7885129451751709, -0.8106158971786499, -0.8102708458900452], "lowlevel.spectral_contrast_coeffs.stdev": [0.08725374937057495, 0.077154241502285, 0.08314884454011917, 0.04781995713710785, 0.03098977543413639, 0.021528739482164383], "lowlevel.spectral_contrast_valleys.mean": [-6.420229911804199, -6.790407180786133, -7.2862982749938965, -7.574985027313232, -7.584952354431152, -9.592580795288086], "lowlevel.spectral_contrast_valleys.stdev": [0.5157219171524048, 0.5795307755470276, 0.5934424996376038, 0.5178889632225037, 0.45616304874420166, 0.5264073610305786], "rhythm.beats_loudness_band_ratio.mean": [0.7178984880447388, 0.09380640089511871, 0.11480038613080978, 0.08461908996105194, 0.01876966841518879, 0.009484988637268543], "rhythm.beats_loudness_band_ratio.stdev": [0.33223143219947815, 0.10752309113740921, 0.16171033680438995, 0.1348569244146347, 0.035353995859622955, 0.017292089760303497], "tonal.hpcp.mean": [0.04483475163578987, 0.03254855051636696, 0.052492570132017136, 0.09783951193094254, 0.09487666189670563, 0.06623505800962448, 0.04377896338701248, 0.06946691870689392, 0.48654496669769287, 0.6429538726806641, 0.22291243076324463, 0.020773079246282578, 0.019325943663716316, 0.036531779915094376, 0.08523885160684586, 0.10284905880689621, 0.055259060114622116, 0.08836451917886734, 0.14206357300281525, 0.08403163403272629, 0.040674518793821335, 0.032934609800577164, 0.0213340874761343, 0.11413933336734772, 0.20121967792510986, 0.1080511212348938, 0.021519269794225693, 0.026864318177103996, 0.03081803023815155, 0.10100285708904266, 0.15111151337623596, 0.07608575373888016, 0.018152428790926933, 0.016136299818754196, 0.011777770705521107, 0.027127085253596306], "tonal.hpcp.stdev": [0.13040652871131897, 0.10170324146747589, 0.15501435101032257, 0.24833227694034576, 0.2391999214887619, 0.21311932802200317, 0.15733635425567627, 0.1758749634027481, 0.3350785970687866, 0.4172130227088928, 0.19901837408542633, 0.06769709289073944, 0.08893190324306488, 0.15709859132766724, 0.20955273509025574, 0.23216240108013153, 0.14317885041236877, 0.17744699120521545, 0.2818458080291748, 0.1836705207824707, 0.1648245006799698, 0.14036478102207184, 0.117270328104496, 0.16665682196617126, 0.2709340453147888, 0.16536462306976318, 0.1040993258357048, 0.12718278169631958, 0.13041538000106812, 0.1724148988723755, 0.22862708568572998, 0.14956572651863098, 0.08102022111415863, 0.08851167559623718, 0.07259635627269745, 0.07472056150436401], "rhythm.beats_position": [0.4760090708732605, 0.9752380847930908, 1.4396371841430664, 1.8808163404464722, 2.321995496749878, 2.763174533843994, 3.2043535709381104, 3.6455328464508057, 4.086711883544922, 4.527891159057617, 4.9690704345703125, 5.41024923324585, 5.851428508758545, 6.29260778427124, 6.733786582946777, 7.174965858459473, 7.616145133972168, 8.057324409484863, 8.498503684997559, 8.939682006835938, 9.380861282348633, 9.822040557861328, 10.263219833374023, 10.704399108886719, 11.145578384399414, 11.586756706237793, 12.027935981750488, 12.469115257263184, 12.910294532775879, 13.351473808288574, 13.79265308380127, 14.233832359313965, 14.675010681152344, 15.116189956665039, 15.557369232177734, 15.99854850769043, 16.439727783203125, 16.88090705871582, 17.322086334228516, 17.76326560974121, 18.204444885253906, 18.6456241607666, 19.086801528930664, 19.52798080444336, 19.969160079956055, 20.41033935546875, 20.851518630981445, 21.29269790649414, 21.733877182006836, 22.18666648864746, 22.651065826416016, 23.11546516418457, 23.579862594604492, 24.032651901245117, 24.485441207885742, 24.938230514526367, 25.402629852294922, 25.878639221191406, 26.35464859008789, 26.795827865600586, 27.23700714111328, 27.678184509277344, 28.11936378479004, 28.572153091430664, 29.02494239807129, 29.477731704711914, 29.93052101135254, 30.394920349121094, 30.85931968688965, 31.323719024658203, 31.776506423950195], "rhythm.bpm_histogram": [0.0, 0.0, 0.0, 0.0, 0.0, 0.0, 0.0, 0.0, 0.0, 0.0, 0.0, 0.0, 0.0, 0.0, 0.0, 0.0, 0.0, 0.0, 0.0, 0.0, 0.0, 0.0, 0.0, 0.0, 0.0, 0.0, 0.0, 0.0, 0.0, 0.0, 0.0, 0.0, 0.0, 0.0, 0.0, 0.0, 0.0, 0.0, 0.0, 0.0, 0.0, 0.0, 0.0, 0.0, 0.0, 0.0, 0.0, 0.0, 0.0, 0.0, 0.0, 0.0, 0.0, 0.0, 0.0, 0.0, 0.0, 0.0, 0.0, 0.0, 0.0, 0.0, 0.0, 0.0, 0.0, 0.0, 0.0, 0.0, 0.0, 0.0, 0.0, 0.0, 0.0, 0.0, 0.0, 0.0, 0.0, 0.0, 0.0, 0.0, 0.0, 0.0, 0.0, 0.0, 0.0, 0.0, 0.0, 0.0, 0.0, 0.0, 0.0, 0.0, 0.0, 0.0, 0.0, 0.0, 0.0, 0.0, 0.0, 0.0, 0.0, 0.0, 0.0, 0.0, 0.0, 0.0, 0.0, 0.0, 0.0, 0.0, 0.0, 0.0, 0.0, 0.0, 0.0, 0.0, 0.0, 0.0, 0.0, 0.0, 0.014285714365541935, 0.0, 0.0, 0.0, 0.0, 0.0, 0.02857142873108387, 0.0, 0.0, 0.11428571492433548, 0.0, 0.0, 0.0, 0.12857143580913544, 0.0, 0.0, 0.7142857313156128, 0.0, 0.0, 0.0, 0.0, 0.0, 0.0, 0.0, 0.0, 0.0, 0.0, 0.0, 0.0, 0.0, 0.0, 0.0, 0.0, 0.0, 0.0, 0.0, 0.0, 0.0, 0.0, 0.0, 0.0, 0.0, 0.0, 0.0, 0.0, 0.0, 0.0, 0.0, 0.0, 0.0, 0.0, 0.0, 0.0, 0.0, 0.0, 0.0, 0.0, 0.0, 0.0, 0.0, 0.0, 0.0, 0.0, 0.0, 0.0, 0.0, 0.0, 0.0, 0.0, 0.0, 0.0, 0.0, 0.0, 0.0, 0.0, 0.0, 0.0, 0.0, 0.0, 0.0, 0.0, 0.0, 0.0, 0.0, 0.0, 0.0, 0.0, 0.0, 0.0, 0.0, 0.0, 0.0, 0.0, 0.0, 0.0, 0.0, 0.0, 0.0, 0.0, 0.0, 0.0, 0.0, 0.0, 0.0, 0.0, 0.0, 0.0, 0.0, 0.0, 0.0, 0.0, 0.0, 0.0, 0.0, 0.0, 0.0, 0.0, 0.0, 0.0, 0.0, 0.0, 0.0, 0.0, 0.0, 0.0, 0.0, 0.0, 0.0, 0.0, 0.0], "tonal.chords_histogram": [11.688311576843262, 0.0, 49.350650787353516, 0.0, 0.0, 0.0, 3.174603223800659, 26.984127044677734, 0.0, 8.802309036254883, 0.0, 0.0, 0.0, 0.0, 0.0, 0.0, 0.0, 0.0, 0.0, 0.0, 0.0, 0.0, 0.0, 0.0], "tonal.thpcp": [1.0, 0.3467004895210266, 0.03230881690979004, 0.030058056116104126, 0.05681866407394409, 0.13257382810115814, 0.15996335446834564, 0.08594560623168945, 0.13743524253368378, 0.2209545373916626, 0.13069620728492737, 0.0632619559764862, 0.05122390761971474, 0.033181365579366684, 0.17752335965633392, 0.31296131014823914, 0.1680542379617691, 0.03346938267350197, 0.04178265109658241, 0.04793194681406021, 0.1570919156074524, 0.2350269854068756, 0.11833781003952026, 0.028232863172888756, 0.025097133591771126, 0.01831822097301483, 0.042191341519355774, 0.06973245739936829, 0.05062346160411835, 0.08164282143115997, 0.15217189490795135, 0.14756371080875397, 0.10301680862903595, 0.06809036433696747, 0.10804339498281479, 0.7567338347434998], "lowlevel.gfcc.cov": [[1498.9140625, 29.327899932861328, -287.8157043457031, -128.74798583984375, -255.72021484375, -74.98654174804688, -189.91763305664062, -62.24798583984375, -126.88050079345703, -25.595434188842773, -50.49359893798828, -10.216852188110352, -39.54658889770508], [29.327899932861328, 406.3183288574219, -98.51107788085938, -214.3809814453125, 1.1158593893051147, -60.310184478759766, 32.66813659667969, -1.3976707458496094, -9.34615707397461, -16.913063049316406, 47.317752838134766, -21.273536682128906, 25.966596603393555], [-287.8157043457031, -98.51107788085938, 513.1622314453125, 334.6189270019531, 147.03530883789062, 72.63908386230469, 19.146074295043945, -11.560084342956543, 61.64907455444336, -21.68450355529785, -23.7587833404541, -34.71479415893555, -16.81148338317871], [-128.74798583984375, -214.3809814453125, 334.6189270019531, 422.3067321777344, 148.37098693847656, 21.611356735229492, -44.31184005737305, -23.29222869873047, 58.167442321777344, -35.417686462402344, -29.30294418334961, -13.312734603881836, -13.093826293945312], [-255.72021484375, 1.1158593893051147, 147.03530883789062, 148.37098693847656, 251.71595764160156, 77.88436889648438, 79.21619415283203, 33.65583419799805, 73.68885803222656, 4.79279899597168, 25.134817123413086, -22.052547454833984, 27.40700912475586], [-74.98654174804688, -60.310184478759766, 72.63908386230469, 21.611356735229492, 77.88436889648438, 162.02255249023438, 117.22025299072266, 7.288699150085449, 19.789846420288086, 42.96759796142578, 31.937089920043945, -11.364752769470215, 9.97944164276123], [-189.91763305664062, 32.66813659667969, 19.146074295043945, -44.31184005737305, 79.21619415283203, 117.22025299072266, 220.2379608154297, 81.07366180419922, 61.88008117675781, 63.83943176269531, 64.0770492553711, 1.9099407196044922, 28.962703704833984], [-62.24798583984375, -1.3976707458496094, -11.560084342956543, -23.29222869873047, 33.65583419799805, 7.288699150085449, 81.07366180419922, 149.4364471435547, 105.76762390136719, 38.19731140136719, 34.954383850097656, 44.59527587890625, 34.79098129272461], [-126.88050079345703, -9.34615707397461, 61.64907455444336, 58.167442321777344, 73.68885803222656, 19.789846420288086, 61.88008117675781, 105.76762390136719, 144.4560546875, 42.23214340209961, 31.87065887451172, 26.944612503051758, 35.17036819458008], [-25.595434188842773, -16.913063049316406, -21.68450355529785, -35.417686462402344, 4.79279899597168, 42.96759796142578, 63.83943176269531, 38.19731140136719, 42.23214340209961, 95.52960968017578, 50.483402252197266, 28.558177947998047, 21.401453018188477], [-50.49359893798828, 47.317752838134766, -23.7587833404541, -29.30294418334961, 25.134817123413086, 31.937089920043945, 64.0770492553711, 34.954383850097656, 31.87065887451172, 50.483402252197266, 99.38890838623047, 55.46700668334961, 34.26576232910156], [-10.216852188110352, -21.273536682128906, -34.71479415893555, -13.312734603881836, -22.052547454833984, -11.364752769470215, 1.9099407196044922, 44.59527587890625, 26.944612503051758, 28.558177947998047, 55.46700668334961, 105.36914825439453, 43.26395034790039], [-39.54658889770508, 25.966596603393555, -16.81148338317871, -13.093826293945312, 27.40700912475586, 9.97944164276123, 28.962703704833984, 34.79098129272461, 35.17036819458008, 21.401453018188477, 34.26576232910156, 43.26395034790039, 67.80936431884766]], "lowlevel.gfcc.icov": [[0.001185507164336741, -0.0012253484455868602, 0.0011956397211179137, -0.0017639548750594258, 0.0015299543738365173, -0.00212088436819613, 0.0017308419337496161, -0.0019015258876606822, 0.0013510182034224272, -0.0008132767397910357, 0.000482197996461764, 0.00051115796668455, 3.2682979508535936e-05], [-0.0012253484455868602, 0.009513738565146923, -0.0041227336041629314, 0.009270988404750824, -0.004172556102275848, 0.008926624432206154, -0.003444286994636059, 0.006109731737524271, -0.004435887094587088, 0.005397975444793701, -0.007750908378511667, 0.004177604336291552, -0.003032163716852665], [0.0011956397211179137, -0.0041227336041629314, 0.006759329698979855, -0.0077848308719694614, 0.0025718261022120714, -0.005800746381282806, 0.001702235545963049, -0.0030423866119235754, 0.0015403549186885357, -0.0017937947995960712, 0.003275193041190505, -0.0005851597525179386, 0.0015822399873286486], [-0.0017639548750594258, 0.009270988404750824, -0.0077848308719694614, 0.01619136519730091, -0.007341452874243259, 0.009477091021835804, -0.002515034284442663, 0.009091421030461788, -0.007682672701776028, 0.006023494992405176, -0.00581776350736618, 0.0005614758701995015, -0.0007349839434027672], [0.0015299543738365173, -0.004172556102275848, 0.0025718261022120714, -0.007341452874243259, 0.010993476957082748, -0.007075375411659479, 0.001898597227409482, -0.004465514328330755, 0.0008167902124114335, 8.458313459414057e-06, -0.0003169120172969997, 0.00375430122949183, -0.002873251447454095], [-0.00212088436819613, 0.008926624432206154, -0.005800746381282806, 0.009477091021835804, -0.007075375411659479, 0.02262284606695175, -0.011623801663517952, 0.010718821547925472, -0.004051480442285538, 0.0014400704530999064, -0.005442012567073107, 0.0018756842473521829, -0.002067678840830922], [0.0017308419337496161, -0.003444286994636059, 0.001702235545963049, -0.002515034284442663, 0.001898597227409482, -0.011623801663517952, 0.016309719532728195, -0.010953146032989025, 0.0042557562701404095, -0.0035251323133707047, -0.0034169768914580345, 0.005204723682254553, -0.0008272135746665299], [-0.0019015258876606822, 0.006109731737524271, -0.0030423866119235754, 0.009091421030461788, -0.004465514328330755, 0.010718821547925472, -0.010953146032989025, 0.0271806288510561, -0.018464654684066772, 0.005046962760388851, 0.00024345294514205307, -0.007009940221905708, 0.0008463311241939664], [0.0013510182034224272, -0.004435887094587088, 0.0015403549186885357, -0.007682672701776028, 0.0008167902124114335, -0.004051480442285538, 0.0042557562701404095, -0.018464654684066772, 0.024473734200000763, -0.00844847597181797, 0.0018548616208136082, 0.0026820660568773746, -0.0033687311224639416], [-0.0008132767397910357, 0.005397975444793701, -0.0017937947995960712, 0.006023494992405176, 8.458313459414057e-06, 0.0014400704530999064, -0.0035251323133707047, 0.005046962760388851, -0.00844847597181797, 0.021764883771538734, -0.01033061183989048, 0.0015247953124344349, -0.001361994887702167], [0.000482197996461764, -0.007750908378511667, 0.003275193041190505, -0.00581776350736618, -0.0003169120172969997, -0.005442012567073107, -0.0034169768914580345, 0.00024345294514205307, 0.0018548616208136082, -0.01033061183989048, 0.029835781082510948, -0.016445951536297798, 0.002915995893999934], [0.00051115796668455, 0.004177604336291552, -0.0005851597525179386, 0.0005614758701995015, 0.00375430122949183, 0.0018756842473521829, 0.005204723682254553, -0.007009940221905708, 0.0026820660568773746, 0.0015247953124344349, -0.016445951536297798, 0.026772109791636467, -0.012401207350194454], [3.2682979508535936e-05, -0.003032163716852665, 0.0015822399873286486, -0.0007349839434027672, -0.002873251447454095, -0.002067678840830922, -0.0008272135746665299, 0.0008463311241939664, -0.0033687311224639416, -0.001361994887702167, 0.002915995893999934, -0.012401207350194454, 0.02617829106748104]], "lowlevel.mfcc.cov": [[1536.3602294921875, -79.60562896728516, -224.53652954101562, -194.49424743652344, -187.31956481933594, -169.77662658691406, -140.5974578857422, -125.04610443115234, -141.09759521484375, -94.91504669189453, -105.88876342773438, -82.73066711425781, -42.598365783691406], [-79.60562896728516, 511.28009033203125, -181.10488891601562, -173.7671661376953, -107.23848724365234, -95.58549499511719, 37.95022964477539, -16.132699966430664, -10.410426139831543, 12.477502822875977, -13.591864585876465, -8.417221069335938, 26.35093879699707], [-224.53652954101562, -181.10488891601562, 385.2134094238281, 191.9802703857422, 132.20938110351562, 106.04944610595703, -1.0044299364089966, 26.961807250976562, 17.668100357055664, -1.370037317276001, 29.24858856201172, 8.652523040771484, -32.85940170288086], [-194.49424743652344, -173.7671661376953, 191.9802703857422, 297.56903076171875, 192.80735778808594, 60.016334533691406, -24.601037979125977, 36.76423263549805, 37.16539001464844, -6.6303606033325195, 19.834394454956055, 29.654460906982422, -19.298519134521484], [-187.31956481933594, -107.23848724365234, 132.20938110351562, 192.80735778808594, 248.39602661132812, 77.054443359375, -10.268580436706543, 34.090728759765625, 39.637638092041016, 5.499837398529053, 14.557004928588867, 11.954561233520508, -17.946887969970703], [-169.77662658691406, -95.58549499511719, 106.04944610595703, 60.016334533691406, 77.054443359375, 178.25657653808594, 92.10424041748047, 6.151144981384277, 18.619035720825195, 41.19317626953125, 36.553714752197266, -13.956628799438477, -10.445582389831543], [-140.5974578857422, 37.95022964477539, -1.0044299364089966, -24.601037979125977, -10.268580436706543, 92.10424041748047, 148.0004119873047, 32.52943420410156, 19.67674446105957, 49.465816497802734, 34.494651794433594, 8.461385726928711, 11.883262634277344], [-125.04610443115234, -16.132699966430664, 26.961807250976562, 36.76423263549805, 34.090728759765625, 6.151144981384277, 32.52943420410156, 101.63227844238281, 64.20618438720703, 25.883514404296875, 28.441730499267578, 49.84462356567383, 30.69452476501465], [-141.09759521484375, -10.410426139831543, 17.668100357055664, 37.16539001464844, 39.637638092041016, 18.619035720825195, 19.67674446105957, 64.20618438720703, 111.90763092041016, 69.36807250976562, 28.294496536254883, 26.143795013427734, 28.904489517211914], [-94.91504669189453, 12.477502822875977, -1.370037317276001, -6.6303606033325195, 5.499837398529053, 41.19317626953125, 49.465816497802734, 25.883514404296875, 69.36807250976562, 117.21397399902344, 45.562774658203125, 2.3207974433898926, 17.23539161682129], [-105.88876342773438, -13.591864585876465, 29.24858856201172, 19.834394454956055, 14.557004928588867, 36.553714752197266, 34.494651794433594, 28.441730499267578, 28.294496536254883, 45.562774658203125, 77.60660552978516, 36.74351119995117, 12.261999130249023], [-82.73066711425781, -8.417221069335938, 8.652523040771484, 29.654460906982422, 11.954561233520508, -13.956628799438477, 8.461385726928711, 49.84462356567383, 26.143795013427734, 2.3207974433898926, 36.74351119995117, 98.45620727539062, 45.99074172973633], [-42.598365783691406, 26.35093879699707, -32.85940170288086, -19.298519134521484, -17.946887969970703, -10.445582389831543, 11.883262634277344, 30.69452476501465, 28.904489517211914, 17.23539161682129, 12.261999130249023, 45.99074172973633, 79.10718536376953]], "lowlevel.mfcc.icov": [[0.001023621647618711, 0.0005802457453683019, 0.0003816719981841743, 0.00038237773696891963, 0.00018994108540937304, 0.0005704271607100964, 0.00036666757659986615, 0.00016460564802400768, 0.0007970837759785354, -0.0002882528642658144, 0.00046369590563699603, 0.00024953976389952004, 0.0001638222165638581], [0.0005802457453683019, 0.003394637256860733, 0.0004268621269147843, 0.001549726934172213, -0.0008483591373078525, 0.0032026886474341154, -0.0023558710236102343, 0.0013767923228442669, -0.00013030059926677495, 2.059897997241933e-05, -0.0001842398924054578, 0.0006929394439794123, -0.0005440075765363872], [0.0003816719981841743, 0.0004268621269147843, 0.0048167030327022076, -0.002176970476284623, 0.0006719821831211448, -0.0026612214278429747, 0.001788024208508432, -0.0015014096861705184, 0.0009399940609000623, 6.803170981584117e-05, -0.00037401614827103913, -5.451854576676851e-06, 0.0013508994597941637], [0.00038237773696891963, 0.001549726934172213, -0.002176970476284623, 0.009526664391160011, -0.005493179429322481, 0.001546262064948678, -0.00010150936577701941, 0.0009227083646692336, -0.0014454929623752832, 0.000980737735517323, -0.00012883056479040533, -0.0019429792882874608, 0.0011887087021023035], [0.00018994108540937304, -0.0008483591373078525, 0.0006719821831211448, -0.005493179429322481, 0.009869998320937157, -0.004912833217531443, 0.003492409596219659, -0.002531239530071616, -0.0005643636686727405, -7.90745034464635e-05, 0.0012316536158323288, -0.0002676146978046745, 0.0015600358601659536], [0.0005704271607100964, 0.0032026886474341154, -0.0026612214278429747, 0.001546262064948678, -0.004912833217531443, 0.018269674852490425, -0.012212920002639294, 0.006283121649175882, -0.0016220840625464916, 0.0006168761756271124, -0.00422357814386487, 0.004694204777479172, -0.002409490291029215], [0.00036666757659986615, -0.0023558710236102343, 0.001788024208508432, -0.00010150936577701941, 0.003492409596219659, -0.012212920002639294, 0.018029849976301193, -0.008527271449565887, 0.005196218378841877, -0.004740932025015354, 0.0011546866735443473, -0.0017983613070100546, 0.0014809552812948823], [0.00016460564802400768, 0.0013767923228442669, -0.0015014096861705184, 0.0009227083646692336, -0.002531239530071616, 0.006283121649175882, -0.008527271449565887, 0.024358563125133514, -0.01346851047128439, 0.005351250525563955, -0.0023237913846969604, -0.005271023139357567, -0.0015037063276395202], [0.0007970837759785354, -0.00013030059926677495, 0.0009399940609000623, -0.0014454929623752832, -0.0005643636686727405, -0.0016220840625464916, 0.005196218378841877, -0.01346851047128439, 0.0262699406594038, -0.01471487432718277, 0.0038787180092185736, 0.0003535737341735512, -0.0025858012959361076], [-0.0002882528642658144, 2.059897997241933e-05, 6.803170981584117e-05, 0.000980737735517323, -7.90745034464635e-05, 0.0006168761756271124, -0.004740932025015354, 0.005351250525563955, -0.01471487432718277, 0.022056611254811287, -0.010722199454903603, 0.005707729607820511, -0.002280539134517312], [0.00046369590563699603, -0.0001842398924054578, -0.00037401614827103913, -0.00012883056479040533, 0.0012316536158323288, -0.00422357814386487, 0.0011546866735443473, -0.0023237913846969604, 0.0038787180092185736, -0.010722199454903603, 0.02539110742509365, -0.011445918120443821, 0.004211674444377422], [0.00024953976389952004, 0.0006929394439794123, -5.451854576676851e-06, -0.0019429792882874608, -0.0002676146978046745, 0.004694204777479172, -0.0017983613070100546, -0.005271023139357567, 0.0003535737341735512, 0.005707729607820511, -0.011445918120443821, 0.02376733534038067, -0.01111447624862194], [0.0001638222165638581, -0.0005440075765363872, 0.0013508994597941637, 0.0011887087021023035, 0.0015600358601659536, -0.002409490291029215, 0.0014809552812948823, -0.0015037063276395202, -0.0025858012959361076, -0.002280539134517312, 0.004211674444377422, -0.01111447624862194, 0.021408885717391968]], "metadata.audio_properties.analysis.downmix": "mix", "metadata.audio_properties.codec": "mp3", "metadata.audio_properties.md5_encoded": "568c0eb81420186a41c23d643b2d5740", "metadata.tags.file_name": "1183693588039745556.mp3", "metadata.version.essentia": "2.1-beta6-dev", "metadata.version.essentia_git_sha": "v2.1_beta5-1110-g77a6a954", "metadata.version.extractor": "music 2.0", "tonal.chords_key": "C", "tonal.chords_scale": "minor", "tonal.key_edma.key": "F", "tonal.key_edma.scale": "minor", "tonal.key_krumhansl.key": "F", "tonal.key_krumhansl.scale": "minor", "tonal.key_temperley.key": "F", "tonal.key_temperley.scal