{"song_id": "1183719286322237492", "download": "https://cdn.discordapp.com/attachments/1135903449314238464/1183719286322237492/chirp.mp4?ex=65895b7e&amp", "lyrics": "[verse]\nOh my dear Saara, you light up my way\nYour smile like sunshine, brightens my day\nWith every heartbeat, my love for you grows\nThrough life's winding paths, together we'll pose\n\n[chorus]\nOh my dear Saara, you're the one for me\nIn your arms I find solace and eternity\nForever we'll dance, in love's sweet embrace\nOh my dear Saara, together we'll chase", "style": ["memphis cult"], "essentia_features": {"lowlevel.average_loudness": 0.9857341647148132, "lowlevel.barkbands_crest.mean": 17.453472137451172, "lowlevel.barkbands_crest.stdev": 3.955759286880493, "lowlevel.barkbands_flatness_db.mean": 0.23557335138320923, "lowlevel.barkbands_flatness_db.stdev": 0.0745309516787529, "lowlevel.barkbands_kurtosis.mean": 39.815773010253906, "lowlevel.barkbands_kurtosis.stdev": 47.159061431884766, "lowlevel.barkbands_skewness.mean": 4.892014980316162, "lowlevel.barkbands_skewness.stdev": 2.553093910217285, "lowlevel.barkbands_spread.mean": 13.714081764221191, "lowlevel.barkbands_spread.stdev": 14.04232406616211, "lowlevel.dissonance.mean": 0.47125405073165894, "lowlevel.dissonance.stdev": 0.02382669784128666, "lowlevel.dynamic_complexity": 1.5296618938446045, "lowlevel.erbbands_crest.mean": 8.141050338745117, "lowlevel.erbbands_crest.stdev": 3.2642910480499268, "lowlevel.erbbands_flatness_db.mean": 0.12429475784301758, "lowlevel.erbbands_flatness_db.stdev": 0.03600040450692177, "lowlevel.erbbands_kurtosis.mean": 0.11266608536243439, "lowlevel.erbbands_kurtosis.stdev": 2.0723021030426025, "lowlevel.erbbands_skewness.mean": -0.04956172779202461, "lowlevel.erbbands_skewness.stdev": 1.0013189315795898, "lowlevel.erbbands_spread.mean": 65.64856719970703, "lowlevel.erbbands_spread.stdev": 27.20879364013672, "lowlevel.hfc.mean": 33.95587921142578, "lowlevel.hfc.stdev": 26.734975814819336, "lowlevel.loudness_ebu128.integrated": -9.455343246459961, "lowlevel.loudness_ebu128.loudness_range": 0.3499317169189453, "lowlevel.loudness_ebu128.momentary.mean": -9.534543991088867, "lowlevel.loudness_ebu128.momentary.stdev": 0.860419511795044, "lowlevel.loudness_ebu128.short_term.mean": -9.449577331542969, "lowlevel.loudness_ebu128.short_term.stdev": 0.12378334999084473, "lowlevel.melbands_crest.mean": 30.217992782592773, "lowlevel.melbands_crest.stdev": 5.692483425140381, "lowlevel.melbands_flatness_db.mean": 0.32383596897125244, "lowlevel.melbands_flatness_db.stdev": 0.08914560824632645, "lowlevel.melbands_kurtosis.mean": 125.81484985351562, "lowlevel.melbands_kurtosis.stdev": 128.3757781982422, "lowlevel.melbands_skewness.mean": 8.409335136413574, "lowlevel.melbands_skewness.stdev": 3.9470653533935547, "lowlevel.melbands_spread.mean": 9.029498100280762, "lowlevel.melbands_spread.stdev": 14.361713409423828, "lowlevel.pitch_salience.mean": 0.32767346501350403, "lowlevel.pitch_salience.stdev": 0.11225919425487518, "lowlevel.silence_rate_20dB.mean": 1.0, "lowlevel.silence_rate_20dB.stdev": 0.0, "lowlevel.silence_rate_30dB.mean": 0.10470219701528549, "lowlevel.silence_rate_30dB.stdev": 0.3061691224575043, "lowlevel.silence_rate_60dB.mean": 0.010031348094344139, "lowlevel.silence_rate_60dB.stdev": 0.09965527802705765, "lowlevel.spectral_centroid.mean": 1643.354248046875, "lowlevel.spectral_centroid.stdev": 926.0830078125, "lowlevel.spectral_complexity.mean": 17.072099685668945, "lowlevel.spectral_complexity.stdev": 10.249268531799316, "lowlevel.spectral_decrease.mean": -3.7703379973663687e-08, "lowlevel.spectral_decrease.stdev": 1.40014622118656e-08, "lowlevel.spectral_energy.mean": 0.14538100361824036, "lowlevel.spectral_energy.stdev": 0.05237887427210808, "lowlevel.spectral_energyband_high.mean": 0.0019457765156403184, "lowlevel.spectral_energyband_high.stdev": 0.00305905076675117, "lowlevel.spectral_energyband_low.mean": 0.13041706383228302, "lowlevel.spectral_energyband_low.stdev": 0.05323117598891258, "lowlevel.spectral_energyband_middle_high.mean": 0.004120683763176203, "lowlevel.spectral_energyband_middle_high.stdev": 0.004087043460458517, "lowlevel.spectral_energyband_middle_low.mean": 0.010064957663416862, "lowlevel.spectral_energyband_middle_low.stdev": 0.011610251851379871, "lowlevel.spectral_entropy.mean": 7.646801471710205, "lowlevel.spectral_entropy.stdev": 0.49033108353614807, "lowlevel.spectral_flux.mean": 0.1102590262889862, "lowlevel.spectral_flux.stdev": 0.09853615611791611, "lowlevel.spectral_kurtosis.mean": 2.9933199882507324, "lowlevel.spectral_kurtosis.stdev": 13.684337615966797, "lowlevel.spectral_rms.mean": 0.011634742841124535, "lowlevel.spectral_rms.stdev": 0.002543255453929305, "lowlevel.spectral_rolloff.mean": 450.3606872558594, "lowlevel.spectral_rolloff.stdev": 1422.8287353515625, "lowlevel.spectral_skewness.mean": 1.1914174556732178, "lowlevel.spectral_skewness.stdev": 0.7206910252571106, "lowlevel.spectral_spread.mean": 5784933.0, "lowlevel.spectral_spread.stdev": 2535848.5, "lowlevel.spectral_strongpeak.mean": 0.6967822313308716, "lowlevel.spectral_strongpeak.stdev": 0.5404958724975586, "lowlevel.zerocrossingrate.mean": 0.028117040172219276, "lowlevel.zerocrossingrate.stdev": 0.04265155643224716, "metadata.audio_properties.analysis.equal_loudness": 0.0, "metadata.audio_properties.analysis.length": 36.99199676513672, "metadata.audio_properties.analysis.sample_rate": 44100.0, "metadata.audio_properties.analysis.start_time": 0.0, "metadata.audio_properties.bit_rate": 123930.0, "metadata.audio_properties.length": 36.992000579833984, "metadata.audio_properties.lossless": 0.0, "metadata.audio_properties.number_channels": 1.0, "metadata.audio_properties.replay_gain": -14.015798568725586, "metadata.audio_properties.sample_rate": 48000.0, "rhythm.beats_count": 95.0, "rhythm.beats_loudness.mean": 0.15284118056297302, "rhythm.beats_loudness.stdev": 0.06898923218250275, "rhythm.bpm": 154.93914794921875, "rhythm.bpm_histogram_first_peak_bpm": 157.0, "rhythm.bpm_histogram_first_peak_weight": 0.0, "rhythm.bpm_histogram_second_peak_bpm": 152.0, "rhythm.bpm_histogram_second_peak_spread": 0.0, "rhythm.bpm_histogram_second_peak_weight": 0.3617021143436432, "rhythm.danceability": 1.7809854745864868, "rhythm.onset_rate": 4.998296737670898, "tonal.chords_changes_rate": 0.095238097012043, "tonal.chords_number_rate": 0.017543859779834747, "tonal.chords_strength.mean": 0.49588656425476074, "tonal.chords_strength.stdev": 0.09944742918014526, "tonal.hpcp_crest.mean": 13.735203742980957, "tonal.hpcp_crest.stdev": 6.059864521026611, "tonal.hpcp_entropy.mean": 1.9657617807388306, "tonal.hpcp_entropy.stdev": 0.7637045979499817, "tonal.key_edma.strength": 0.39752140641212463, "tonal.key_krumhansl.strength": 0.4017031788825989, "tonal.key_temperley.strength": 0.41941478848457336, "tonal.tuning_diatonic_strength": 0.3315800726413727, "tonal.tuning_equal_tempered_deviation": 0.2241213023662567, "tonal.tuning_frequency": 434.193115234375, "tonal.tuning_nontempered_energy_ratio": 0.9200745820999146, "lowlevel.barkbands.mean": [0.02197200246155262, 0.09680833667516708, 0.010548287071287632, 0.003465118119493127, 0.002147940918803215, 0.0013541876105591655, 0.0014192848466336727, 0.0007145775598473847, 0.0008552551735192537, 0.0004407611850183457, 0.00022022858320269734, 0.0002867771254386753, 0.0002713294234126806, 0.0004098211647942662, 0.0002876191574614495, 0.0002797418856061995, 0.00021783706324640661, 0.0005264763603918254, 0.0006317975930869579, 0.0007596694049425423, 0.0001647366298129782, 0.00027425718144513667, 0.0005519224796444178, 0.0004503183881752193, 0.00020479723752941936, 0.00011519205145305023, 3.05240678244445e-06], "lowlevel.barkbands.stdev": [0.013613728806376457, 0.04847443103790283, 0.017558766528964043, 0.006809001788496971, 0.0035806596279144287, 0.0020376755855977535, 0.0024161813780665398, 0.0012849177001044154, 0.0016040992923080921, 0.0012414290104061365, 0.0006191254360601306, 0.0006793534848839045, 0.0005528467008844018, 0.0008631868404336274, 0.0006076258141547441, 0.0005379798822104931, 0.00040370755596086383, 0.0006470734369941056, 0.0009097762522287667, 0.0009584653307683766, 0.00040501559851691127, 0.0005362057127058506, 0.0009929671650752425, 0.0007514829048886895, 0.0003732798504643142, 0.0002575218677520752, 1.0866901902772952e-05], "lowlevel.erbbands.mean": [5.603768348693848, 10.517553329467773, 10.765423774719238, 14.760403633117676, 7.671496391296387, 7.2813496589660645, 7.79830265045166, 13.200345039367676, 16.95705795288086, 22.858264923095703, 16.197147369384766, 17.791685104370117, 18.084009170532227, 8.485383033752441, 9.483907699584961, 11.637290954589844, 12.923246383666992, 19.305810928344727, 16.737773895263672, 14.988774299621582, 15.586682319641113, 13.9681978225708, 24.56825828552246, 32.59900665283203, 39.590675354003906, 33.6119499206543, 8.32944393157959, 6.925626277923584, 9.737639427185059, 12.53317642211914, 15.767470359802246, 11.65916919708252, 6.180843830108643, 2.819628953933716, 1.1848442554473877, 0.5968189239501953, 0.1935344636440277, 0.024538619443774223, 0.0005928748287260532, 0.00018360147078055888], "lowlevel.erbbands.stdev": [2.3395957946777344, 10.833664894104004, 19.901559829711914, 22.184843063354492, 15.851176261901855, 12.706642150878906, 12.339139938354492, 21.428665161132812, 35.70630645751953, 39.54741668701172, 27.96856689453125, 35.47679901123047, 38.39330291748047, 17.404844284057617, 22.812910079956055, 27.65812873840332, 25.13443374633789, 39.79494857788086, 32.20281219482422, 32.063392639160156, 28.65363121032715, 24.108726501464844, 30.643173217773438, 45.33290100097656, 48.45419692993164, 41.03453063964844, 16.23209571838379, 17.38157844543457, 19.48392677307129, 21.27577781677246, 29.056171417236328, 20.419921875, 10.354156494140625, 5.132859230041504, 2.3140320777893066, 1.2976045608520508, 0.44636037945747375, 0.06226739287376404, 0.0013357974821701646, 6.932673568371683e-05], "lowlevel.gfcc.mean": [21.86433982849121, 77.97535705566406, -74.08070373535156, 67.0950927734375, -44.136802673339844, 25.249242782592773, -26.21720314025879, 26.544824600219727, -11.797564506530762, 6.319058418273926, -0.11419563740491867, -1.9730825424194336, -14.10856819152832], "lowlevel.melbands.mean": [0.03679267689585686, 0.007548480294644833, 0.00229757116176188, 0.0004967102431692183, 0.0002894072968047112, 0.0002965526655316353, 0.0002579124993644655, 0.00023030991724226624, 0.00013352335372474045, 0.00011001557868439704, 9.145180956693366e-05, 3.748442031792365e-05, 3.325634679640643e-05, 2.5609111617086455e-05, 3.320081304991618e-05, 3.220349390176125e-05, 3.536157601047307e-05, 2.8358108465909027e-05, 2.203458279836923e-05, 1.8956116036861204e-05, 1.7065061911125667e-05, 1.3373320143728051e-05, 1.6697815226507373e-05, 2.693254100449849e-05, 2.604612564027775e-05, 2.41331599681871e-05, 3.690483208629303e-05, 1.7877535356092267e-05, 4.942894520354457e-06, 3.706102916112286e-06, 4.071413513884181e-06, 5.2889931794197764e-06, 5.722286005038768e-06, 7.932965672807768e-06, 9.106766810873523e-06, 9.050113476405386e-06, 6.470081643783487e-06, 4.744821580970893e-06, 2.9849268230464077e-06, 2.136330977009493e-06], "lowlevel.melbands.stdev": [0.015621612779796124, 0.009981363080441952, 0.003521306673064828, 0.0008704166393727064, 0.000451395520940423, 0.0004508536367211491, 0.0004774397239089012, 0.0003861093719024211, 0.00024407909950241446, 0.0002167207858292386, 0.0002032664488069713, 9.001760190585628e-05, 9.514773410046473e-05, 5.945074371993542e-05, 8.025485294638202e-05, 6.61403828416951e-05, 7.479594933101907e-05, 6.122396007413045e-05, 4.9499118176754564e-05, 4.149930100538768e-05, 3.264209226472303e-05, 2.546989890106488e-05, 2.7397594749345444e-05, 3.465324698481709e-05, 4.113559771212749e-05, 3.6021960113430396e-05, 4.977911157766357e-05, 2.3327391318161972e-05, 1.046453235176159e-05, 9.201476132147945e-06, 1.0928593837888911e-05, 1.1113816071883775e-05, 1.093165610654978e-05, 1.3763903552899137e-05, 1.6942856746027246e-05, 1.8067439668811858e-05, 1.0995427146553993e-05, 8.045960385061335e-06, 5.495020559465047e-06, 4.030888248962583e-06], "lowlevel.melbands128.mean": [0.020616140216588974, 0.05770786106586456, 0.03599279001355171, 0.011659394949674606, 0.0049643865786492825, 0.00546801695600152, 0.003313508117571473, 0.001321130432188511, 0.0006592316785827279, 0.0004625433939509094, 0.00039785486296750605, 0.0003290716267656535, 0.00023943382257129997, 0.00026232434902340174, 0.0002982747682835907, 0.0002964508894365281, 0.0003428086929488927, 0.00018782734696287662, 0.00022148151765577495, 0.0003351074701640755, 0.00017254687554668635, 0.0001362079055979848, 0.00011218915460631251, 0.00015625734522473067, 0.0001222683204105124, 8.061926928348839e-05, 0.000111025532532949, 7.556030323030427e-05, 0.00011564562009880319, 2.9704977350775152e-05, 1.5034814168757293e-05, 3.141796696581878e-05, 4.5871627662563697e-05, 2.2508944311994128e-05, 2.4437194952042773e-05, 2.2108348275651224e-05, 3.348542668391019e-05, 4.5576391130452976e-05, 2.2021780750947073e-05, 2.3585495000588708e-05, 2.6381125280749984e-05, 5.9821177273988724e-05, 3.0620620236732066e-05, 2.3567081370856613e-05, 4.4403448555385694e-05, 2.3546095690107904e-05, 1.8795944924931973e-05, 2.6984227588400245e-05, 1.9639572201413102e-05, 1.9024328139494173e-05, 1.7567441318533383e-05, 1.9306844478705898e-05, 2.3998871256480925e-05, 1.2542636795842554e-05, 1.0541449228185229e-05, 1.5587884263368323e-05, 1.3070840395812411e-05, 1.3793028301734012e-05, 1.993880869122222e-05, 1.8191309209214523e-05, 3.11372205032967e-05, 2.89046856778441e-05, 2.6898758733295836e-05, 2.757106994977221e-05, 2.013453013205435e-05, 2.480818329786416e-05, 2.1222076611593366e-05, 3.690711309900507e-05, 4.2798015783773735e-05, 3.71146816178225e-05, 1.675951534707565e-05, 9.757773113960866e-06, 5.28839473190601e-06, 4.4478479139797855e-06, 3.872852175845765e-06, 3.815266154560959e-06, 3.5374971503188135e-06, 3.5879820643458515e-06, 4.226631517667556e-06, 4.3595387069217395e-06, 4.888959210802568e-06, 5.937263267696835e-06, 5.8047094171342906e-06, 5.815037638967624e-06, 5.456134203996044e-06, 5.872384917893214e-06, 9.08387028175639e-06, 1.1663481018331368e-05, 7.461560471710982e-06, 8.073282515397295e-06, 1.1990117855020799e-05, 7.887226274760906e-06, 7.795086276018992e-06, 6.285573817876866e-06, 5.895635695196688e-06, 5.3936196309223305e-06, 4.703001650341321e-06, 3.476093979770667e-06, 2.952266868305742e-06, 2.759866447377135e-06, 2.5368487968080444e-06, 1.9735041405510856e-06, 1.8143937268177979e-06, 1.3522444533009548e-06, 1.3014549722356605e-06, 1.1177116903127171e-06, 1.1277568319201237e-06, 1.126351435232209e-06, 1.1669663990687695e-06, 8.901253636395268e-07, 7.799728791724192e-07, 6.754935952812957e-07, 6.591590135940351e-07, 4.891269327345071e-07, 3.608575696034677e-07, 2.811946444580826e-07, 1.1978745817486924e-07, 1.2775164037748254e-08, 6.08728956130733e-10, 1.745144306841695e-10, 1.5297002553538164e-10, 1.4648092461211348e-10, 1.3782779084703378e-10, 1.2615249123104633e-10, 9.325103883517372e-11, 4.027808989115478e-11, 1.500102472795639e-11, 1.1702426354343043e-11], "lowlevel.melbands128.stdev": [0.01252408791333437, 0.024817414581775665, 0.02358810044825077, 0.017726179212331772, 0.012123838067054749, 0.008033042773604393, 0.005021446384489536, 0.002944055013358593, 0.0015568819362670183, 0.0008542405557818711, 0.0008313606376759708, 0.0006696874042972922, 0.00047565874410793185, 0.0004939377540722489, 0.0005766770918853581, 0.0006441877339966595, 0.0008985428139567375, 0.000524053699336946, 0.000464846525574103, 0.0007238192483782768, 0.00037071594852022827, 0.0003693120088428259, 0.0003249375440645963, 0.0004051559080835432, 0.00036645945510827005, 0.00023601268185302615, 0.00034583770320750773, 0.00020197255071252584, 0.0004092911258339882, 8.729034016141668e-05, 3.053230466321111e-05, 9.235712059307843e-05, 0.0001795161224436015, 5.4200463637243956e-05, 7.008410466369241e-05, 7.714089588262141e-05, 0.00010748650674941018, 0.0001420251646777615, 6.357622623909265e-05, 8.617716957814991e-05, 6.377096724463627e-05, 0.00016667155432514846, 9.246962872566655e-05, 7.972625462571159e-05, 0.00013308966299518943, 7.399659807560965e-05, 5.04155941598583e-05, 8.568229532102123e-05, 5.2612034778576344e-05, 7.277363329194486e-05, 5.5484728363808244e-05, 4.648925823858008e-05, 5.9479803894646466e-05, 3.071516039199196e-05, 2.5229950551874936e-05, 3.7635672924807295e-05, 3.157412720611319e-05, 2.854723970813211e-05, 4.0602622902952135e-05, 2.9625880415551364e-05, 5.191389573155902e-05, 4.8461482947459444e-05, 4.41124320786912e-05, 6.728584412485361e-05, 5.570164285018109e-05, 5.49008218513336e-05, 3.128669050056487e-05, 6.430514622479677e-05, 7.098995411070064e-05, 5.537024844670668e-05, 2.7651663913275115e-05, 1.717103623377625e-05, 1.129411884903675e-05, 1.147840066550998e-05, 9.962095646187663e-06, 1.0425286745885387e-05, 9.531779141980223e-06, 1.0693795957195107e-05, 1.284131303691538e-05, 1.1769468073907774e-05, 1.1598423952818848e-05, 1.3131640116625931e-05, 1.2189342669444159e-05, 1.1817962331406306e-05, 1.1125538549094927e-05, 1.093875016522361e-05, 1.757229256327264e-05, 2.4781043975963257e-05, 1.480036553402897e-05, 1.6042606148403138e-05, 2.764968121482525e-05, 1.6064328519860283e-05, 1.6801543097244576e-05, 1.117841929954011e-05, 1.0482897778274491e-05, 9.913207577483263e-06, 8.475344657199457e-06, 6.829949597886298e-06, 6.024866706866305e-06, 5.3075536925462075e-06, 5.206838977755979e-06, 4.1096750464930665e-06, 3.6693879792437656e-06, 2.7964140372205293e-06, 3.028517767234007e-06, 2.504217263776809e-06, 2.440822981952806e-06, 2.6569125566311413e-06, 2.744118546615937e-06, 2.243080643893336e-06, 2.0214567939547123e-06, 1.6782402099124738e-06, 1.6801933497845312e-06, 1.2236749853400397e-06, 9.340686801806442e-07, 7.879708050495537e-07, 4.150228676280676e-07, 6.455179146769296e-08, 8.727613298731285e-09, 1.269047089635933e-09, 1.0618205203982711e-09, 1.0568115271780698e-09, 1.0510703418731282e-09, 9.486363916622054e-10, 6.634008897776766e-10, 2.1685389595127447e-10, 3.010870372466279e-11, 1.8274255372818793e-11], "lowlevel.mfcc.mean": [-627.2496337890625, 100.08318328857422, 36.649932861328125, 46.37778854370117, 22.556020736694336, 8.907273292541504, 12.655768394470215, 19.34097671508789, -4.487033367156982, 23.67498779296875, 8.376238822937012, 3.6610286235809326, 7.175165176391602], "lowlevel.spectral_contrast_coeffs.mean": [-0.7298866510391235, -0.7392331957817078, -0.7934362888336182, -0.797925591468811, -0.7527284026145935, -0.7727974653244019], "lowlevel.spectral_contrast_coeffs.stdev": [0.059832613915205, 0.07867753505706787, 0.06567521393299103, 0.05549035593867302, 0.06172996014356613, 0.04000132903456688], "lowlevel.spectral_contrast_valleys.mean": [-6.126543998718262, -7.0267839431762695, -7.808243751525879, -7.8995161056518555, -7.486105442047119, -9.764509201049805], "lowlevel.spectral_contrast_valleys.stdev": [1.345800757408142, 1.2751132249832153, 1.2846324443817139, 1.2714804410934448, 1.3031831979751587, 1.403481364250183], "rhythm.beats_loudness_band_ratio.mean": [0.8610031008720398, 0.03191268444061279, 0.03809800744056702, 0.020897341892123222, 0.022579776123166084, 0.034386344254016876], "rhythm.beats_loudness_band_ratio.stdev": [0.15043261647224426, 0.04607923701405525, 0.07281498610973358, 0.03201679512858391, 0.030719898641109467, 0.03717672824859619], "tonal.hpcp.mean": [0.08457668870687485, 0.0743250772356987, 0.015019886195659637, 0.02359824627637863, 0.032892752438783646, 0.02696816995739937, 0.04234355688095093, 0.04924985393881798, 0.030643567442893982, 0.036226555705070496, 0.040166839957237244, 0.028844740241765976, 0.03864990919828415, 0.037404898554086685, 0.02268051728606224, 0.019742321223020554, 0.014113807119429111, 0.0230389554053545, 0.0945996418595314, 0.17765207588672638, 0.12059269845485687, 0.09572667628526688, 0.2176634520292282, 0.1771993190050125, 0.2136710286140442, 0.23902548849582672, 0.11025400459766388, 0.09497411549091339, 0.05888582393527031, 0.028608685359358788, 0.025966482236981392, 0.0184442400932312, 0.02446822077035904, 0.03746841102838516, 0.035686757415533066, 0.034378282725811005], "tonal.hpcp.stdev": [0.25650233030319214, 0.23438771069049835, 0.08073612302541733, 0.08751334249973297, 0.09458745270967484, 0.10561399161815643, 0.12515784800052643, 0.13035957515239716, 0.11112035810947418, 0.11484456062316895, 0.1178535521030426, 0.11378439515829086, 0.15064388513565063, 0.1370159089565277, 0.1097070649266243, 0.11891505867242813, 0.091291643679142, 0.11644317209720612, 0.2385670244693756, 0.3649911880493164, 0.27512064576148987, 0.21602170169353485, 0.3895264267921448, 0.319119930267334, 0.36020323634147644, 0.4024169147014618, 0.23182912170886993, 0.2658780813217163, 0.1770598143339157, 0.1302449107170105, 0.12962029874324799, 0.09767740964889526, 0.11289070546627045, 0.1380399614572525, 0.1326620727777481, 0.1206737756729126], "rhythm.beats_position": [0.3715192675590515, 0.7662584781646729, 1.1493877172470093, 1.5441269874572754, 1.9272562265396118, 2.3103854656219482, 2.693514585494995, 3.088253974914551, 3.4713830947875977, 3.8545124530792236, 4.249251842498779, 4.632380962371826, 5.015510082244873, 5.41024923324585, 5.7933783531188965, 6.176507949829102, 6.571247100830078, 6.954376220703125, 7.337505340576172, 7.732244968414307, 8.115373611450195, 8.498503684997559, 8.893242835998535, 9.287981986999512, 9.671111106872559, 10.054240226745605, 10.448979377746582, 10.832108497619629, 11.215237617492676, 11.609976768493652, 11.9931058883667, 12.376235961914062, 12.770975112915039, 13.154104232788086, 13.537233352661133, 13.93197250366211, 14.315101623535156, 14.698230743408203, 15.09296989440918, 15.476099014282227, 15.85922908782959, 16.24235725402832, 16.625486373901367, 17.020225524902344, 17.414966583251953, 17.798095703125, 18.181224822998047, 18.575963973999023, 18.95909309387207, 19.342222213745117, 19.736961364746094, 20.12009048461914, 20.503219604492188, 20.897958755493164, 21.28108787536621, 21.664216995239258, 22.058956146240234, 22.44208526611328, 22.825214385986328, 23.219953536987305, 23.60308265686035, 23.9862117767334, 24.380952835083008, 24.764081954956055, 25.1472110748291, 25.541950225830078, 25.925079345703125, 26.308208465576172, 26.70294761657715, 27.097686767578125, 27.480815887451172, 27.86394500732422, 28.247074127197266, 28.630203247070312, 29.02494239807129, 29.419681549072266, 29.802810668945312, 30.18593978881836, 30.580678939819336, 30.963808059692383, 31.346939086914062, 31.73006820678711, 32.113197326660156, 32.5079345703125, 32.89106369018555, 33.274192810058594, 33.6689338684082, 34.06367111206055, 34.446800231933594, 34.829933166503906, 35.22467041015625, 35.6077995300293, 35.990928649902344, 36.38566970825195, 36.7804069519043], "rhythm.bpm_histogram": [0.0, 0.0, 0.0, 0.0, 0.0, 0.0, 0.0, 0.0, 0.0, 0.0, 0.0, 0.0, 0.0, 0.0, 0.0, 0.0, 0.0, 0.0, 0.0, 0.0, 0.0, 0.0, 0.0, 0.0, 0.0, 0.0, 0.0, 0.0, 0.0, 0.0, 0.0, 0.0, 0.0, 0.0, 0.0, 0.0, 0.0, 0.0, 0.0, 0.0, 0.0, 0.0, 0.0, 0.0, 0.0, 0.0, 0.0, 0.0, 0.0, 0.0, 0.0, 0.0, 0.0, 0.0, 0.0, 0.0, 0.0, 0.0, 0.0, 0.0, 0.0, 0.0, 0.0, 0.0, 0.0, 0.0, 0.0, 0.0, 0.0, 0.0, 0.0, 0.0, 0.0, 0.0, 0.0, 0.0, 0.0, 0.0, 0.0, 0.0, 0.0, 0.0, 0.0, 0.0, 0.0, 0.0, 0.0, 0.0, 0.0, 0.0, 0.0, 0.0, 0.0, 0.0, 0.0, 0.0, 0.0, 0.0, 0.0, 0.0, 0.0, 0.0, 0.0, 0.0, 0.0, 0.0, 0.0, 0.0, 0.0, 0.0, 0.0, 0.0, 0.0, 0.0, 0.0, 0.0, 0.0, 0.0, 0.0, 0.0, 0.0, 0.0, 0.0, 0.0, 0.0, 0.0, 0.0, 0.0, 0.0, 0.0, 0.0, 0.0, 0.0, 0.0, 0.0, 0.0, 0.0, 0.0, 0.0, 0.0, 0.0, 0.0, 0.0, 0.0, 0.0, 0.0, 0.0, 0.0, 0.0, 0.0, 0.0, 0.0, 0.3617021143436432, 0.0, 0.0, 0.0, 0.0, 0.6382978558540344, 0.0, 0.0, 0.0, 0.0, 0.0, 0.0, 0.0, 0.0, 0.0, 0.0, 0.0, 0.0, 0.0, 0.0, 0.0, 0.0, 0.0, 0.0, 0.0, 0.0, 0.0, 0.0, 0.0, 0.0, 0.0, 0.0, 0.0, 0.0, 0.0, 0.0, 0.0, 0.0, 0.0, 0.0, 0.0, 0.0, 0.0, 0.0, 0.0, 0.0, 0.0, 0.0, 0.0, 0.0, 0.0, 0.0, 0.0, 0.0, 0.0, 0.0, 0.0, 0.0, 0.0, 0.0, 0.0, 0.0, 0.0, 0.0, 0.0, 0.0, 0.0, 0.0, 0.0, 0.0, 0.0, 0.0, 0.0, 0.0, 0.0, 0.0, 0.0, 0.0, 0.0, 0.0, 0.0, 0.0, 0.0, 0.0, 0.0, 0.0, 0.0, 0.0, 0.0, 0.0, 0.0, 0.0, 0.0, 0.0, 0.0, 0.0, 0.0, 0.0], "tonal.chords_histogram": [0.7518796920776367, 3.1328320503234863, 1.8796992301940918, 0.0, 0.0, 0.0, 9.27318286895752, 11.15288257598877, 9.147870063781738, 12.781954765319824, 4.0100250244140625, 2.756892204284668, 3.1328320503234863, 2.756892204284668, 0.0, 23.433584213256836, 3.7593984603881836, 9.774435997009277, 1.7543859481811523, 0.5012531280517578, 0.0, 0.0, 0.0, 0.0], "tonal.thpcp": [1.0, 0.46126464009284973, 0.3973388671875, 0.24635793268680573, 0.11968884617090225, 0.10863478481769562, 0.07716432213783264, 0.10236657410860062, 0.15675488114356995, 0.14930105209350586, 0.14382684230804443, 0.353839635848999, 0.3109504282474518, 0.06283801048994064, 0.09872690588235855, 0.13761191070079803, 0.11282549798488617, 0.17715080082416534, 0.20604436099529266, 0.12820209562778473, 0.15155938267707825, 0.16804416477680206, 0.1206764206290245, 0.1616978496313095, 0.15648916363716125, 0.09488744288682938, 0.08259504288434982, 0.059047289192676544, 0.09638702124357224, 0.39577218890190125, 0.7432348728179932, 0.5045181512832642, 0.4004873037338257, 0.910628616809845, 0.741340696811676, 0.8939257264137268], "lowlevel.gfcc.cov": [[11745.7412109375, -471.73370361328125, -915.8491821289062, 222.34710693359375, -474.9753723144531, 419.7606506347656, -220.5012969970703, 452.5386657714844, -86.03837585449219, 333.47979736328125, -52.93106460571289, 206.45774841308594, -214.4510498046875], [-471.73370361328125, 1377.6654052734375, -80.59439086914062, -48.82120132446289, 159.80917358398438, -270.4977111816406, 203.19911193847656, -86.71717071533203, 75.29832458496094, -195.18421936035156, 201.7706756591797, -214.38409423828125, 70.68756103515625], [-915.8491821289062, -80.59439086914062, 1006.751953125, 246.39144897460938, 156.08163452148438, 181.9001922607422, -15.224217414855957, -88.14937591552734, 44.269859313964844, -20.295089721679688, -76.87274169921875, 136.340087890625, 59.457096099853516], [222.34710693359375, -48.82120132446289, 246.39144897460938, 411.78466796875, 125.92940521240234, -68.34430694580078, -53.96146011352539, 38.69178009033203, 74.64424133300781, -14.670838356018066, 9.697922706604004, 41.130306243896484, 77.04084777832031], [-474.9753723144531, 159.80917358398438, 156.08163452148438, 125.92940521240234, 284.5954895019531, -1.4430317878723145, 63.27946472167969, 10.606738090515137, 52.26445007324219, -13.558900833129883, 8.59847640991211, -6.294989109039307, 51.278053283691406], [419.7606506347656, -270.4977111816406, 181.9001922607422, -68.34430694580078, -1.4430317878723145, 356.3049621582031, 87.2989730834961, -27.565631866455078, -58.4587516784668, 50.125823974609375, -72.78829956054688, 37.95172882080078, -43.381229400634766], [-220.5012969970703, 203.19911193847656, -15.224217414855957, -53.96146011352539, 63.27946472167969, 87.2989730834961, 252.0995330810547, -2.696087598800659, -29.8721866607666, -23.993953704833984, 39.41252899169922, -62.368412017822266, -21.229814529418945], [452.5386657714844, -86.71717071533203, -88.14937591552734, 38.69178009033203, 10.606738090515137, -27.565631866455078, -2.696087598800659, 155.85484313964844, 36.51212692260742, 34.19739532470703, 3.132676601409912, 13.083385467529297, -17.63367462158203], [-86.03837585449219, 75.29832458496094, 44.269859313964844, 74.64424133300781, 52.26445007324219, -58.4587516784668, -29.8721866607666, 36.51212692260742, 126.65316009521484, 11.244205474853516, 11.601262092590332, -4.24434232711792, 22.36646270751953], [333.47979736328125, -195.18421936035156, -20.295089721679688, -14.670838356018066, -13.558900833129883, 50.125823974609375, -23.993953704833984, 34.19739532470703, 11.244205474853516, 113.7051773071289, -16.185178756713867, 24.796066284179688, -20.190309524536133], [-52.93106460571289, 201.7706756591797, -76.87274169921875, 9.697922706604004, 8.59847640991211, -72.78829956054688, 39.41252899169922, 3.132676601409912, 11.601262092590332, -16.185178756713867, 115.46749877929688, -16.017845153808594, 2.6966207027435303], [206.45774841308594, -214.38409423828125, 136.340087890625, 41.130306243896484, -6.294989109039307, 37.95172882080078, -62.368412017822266, 13.083385467529297, -4.24434232711792, 24.796066284179688, -16.017845153808594, 142.73675537109375, 14.342458724975586], [-214.4510498046875, 70.68756103515625, 59.457096099853516, 77.04084777832031, 51.278053283691406, -43.381229400634766, -21.229814529418945, -17.63367462158203, 22.36646270751953, -20.190309524536133, 2.6966207027435303, 14.342458724975586, 84.87421417236328]], "lowlevel.gfcc.icov": [[0.000275154976407066, -0.0007388792000710964, 0.0005938645335845649, -0.0009743825066834688, 0.0005805892287753522, -0.0009952745167538524, 0.0005108483601361513, -0.0005864165141247213, 0.00042393378680571914, -0.0008746053208597004, 0.0007358813309110701, -0.0010563620598986745, 0.0007608605083078146], [-0.0007388792000710964, 0.004480591043829918, -0.002147505059838295, 0.003866855287924409, -0.002289568306878209, 0.0037855184637010098, -0.0022990305442363024, 0.002017298946157098, -0.002298234263435006, 0.004683011677116156, -0.004924973007291555, 0.005352593492716551, -0.0034703253768384457], [0.0005938645335845649, -0.002147505059838295, 0.0033458834514021873, -0.0034103833604604006, 0.0008781444048509002, -0.003287174040451646, 0.0011008108267560601, 0.00011084210564149544, 0.00017204773030243814, -0.00169776426628232, 0.0030878884717822075, -0.004502840340137482, 0.0023420648649334908], [-0.0009743825066834688, 0.003866855287924409, -0.0034103833604604006, 0.008229253813624382, -0.003292278852313757, 0.004497442860156298, -0.0014206271152943373, 0.0006056057172827423, -0.0024565740022808313, 0.0044749886728823185, -0.004878557287156582, 0.005263801664113998, -0.0057274335995316505], [0.0005805892287753522, -0.002289568306878209, 0.0008781444048509002, -0.003292278852313757, 0.006723104510456324, -0.002329646609723568, -0.000540595967322588, -0.001767523935995996, -0.00010984246910084039, -0.002766687422990799, 0.002671963768079877, -0.002520014066249132, -0.000296213838737458], [-0.0009952745167538524, 0.0037855184637010098, -0.003287174040451646, 0.004497442860156298, -0.002329646609723568, 0.009708940982818604, -0.0049317446537315845, 0.0031279909890145063, -0.0007146790740080178, 0.0017430876614525914, -0.0008936425438150764, 0.0035832682624459267, -0.0016349955694749951], [0.0005108483601361513, -0.0022990305442363024, 0.0011008108267560601, -0.0014206271152943373, -0.000540595967322588, -0.0049317446537315845, 0.008530672639608383, -0.002680322388187051, 0.002706055762246251, -0.0008313549915328622, -0.0012021336006000638, 0.00029706911300309, 0.0021837863605469465], [-0.0005864165141247213, 0.002017298946157098, 0.00011084210564149544, 0.0006056057172827423, -0.001767523935995996, 0.0031279909890145063, -0.002680322388187051, 0.010755482129752636, -0.003802728606387973, 0.00042646320071071386, -0.000622196530457586, 0.00011883900879183784, 0.0015449014026671648], [0.00042393378680571914, -0.002298234263435006, 0.00017204773030243814, -0.0024565740022808313, -0.00010984246910084039, -0.0007146790740080178, 0.002706055762246251, -0.003802728606387973, 0.01256051380187273, -0.004316728096455336, 0.0013121683150529861, -0.0005750053678639233, 0.000401025841711089], [-0.0008746053208597004, 0.004683011677116156, -0.00169776426628232, 0.0044749886728823185, -0.002766687422990799, 0.0017430876614525914, -0.0008313549915328622, 0.00042646320071071386, -0.004316728096455336, 0.016693614423274994, -0.005104835145175457, 0.004241363611072302, -0.0019854307174682617], [0.0007358813309110701, -0.004924973007291555, 0.0030878884717822075, -0.004878557287156582, 0.002671963768079877, -0.0008936425438150764, -0.0012021336006000638, -0.000622196530457586, 0.0013121683150529861, -0.005104835145175457, 0.01770441047847271, -0.007698098197579384, 0.004903419408947229], [-0.0010563620598986745, 0.005352593492716551, -0.004502840340137482, 0.005263801664113998, -0.002520014066249132, 0.0035832682624459267, 0.00029706911300309, 0.00011883900879183784, -0.0005750053678639233, 0.004241363611072302, -0.007698098197579384, 0.0174826979637146, -0.006846862845122814], [0.0007608605083078146, -0.0034703253768384457, 0.0023420648649334908, -0.0057274335995316505, -0.000296213838737458, -0.0016349955694749951, 0.0021837863605469465, 0.0015449014026671648, 0.000401025841711089, -0.0019854307174682617, 0.004903419408947229, -0.006846862845122814, 0.020786726847290993]], "lowlevel.mfcc.cov": [[6202.884765625, -390.9018859863281, -433.4052734375, -326.7379150390625, -159.4537811279297, -61.856849670410156, 8.869365692138672, 46.765724182128906, -25.165935516357422, 147.29444885253906, 167.25115966796875, 22.204734802246094, 76.4531021118164], [-390.9018859863281, 1227.99853515625, -128.49273681640625, 134.54922485351562, -57.53696823120117, -85.83906555175781, 92.88980102539062, 40.73051452636719, -102.68110656738281, 97.43415832519531, 17.061498641967773, -30.413890838623047, -28.68128204345703], [-433.4052734375, -128.49273681640625, 761.6873168945312, 82.89156341552734, 170.1782989501953, 205.77438354492188, -7.352016448974609, 43.466182708740234, 93.19725036621094, -126.34957885742188, -43.414031982421875, 50.507877349853516, 22.770160675048828], [-326.7379150390625, 134.54922485351562, 82.89156341552734, 502.7168273925781, 192.15191650390625, -89.23676300048828, -69.72610473632812, 39.70224380493164, 24.16033363342285, 15.716264724731445, -65.28419494628906, 38.98099899291992, 92.08146667480469], [-159.4537811279297, -57.53696823120117, 170.1782989501953, 192.15191650390625, 292.3017272949219, 33.05763244628906, -74.28364562988281, 19.838315963745117, 75.24510955810547, -25.235286712646484, -41.460296630859375, 20.026247024536133, 54.59050369262695], [-61.856849670410156, -85.83906555175781, 205.77438354492188, -89.23676300048828, 33.05763244628906, 273.0079345703125, 106.27787017822266, 3.812627077102661, 77.57169342041016, -52.72004318237305, 30.558076858520508, 4.182343006134033, -61.75955581665039], [8.869365692138672, 92.88980102539062, -7.352016448974609, -69.72610473632812, -74.28364562988281, 106.27787017822266, 237.9226837158203, 41.6505012512207, 11.005602836608887, 10.07546615600586, 67.57709503173828, -12.242599487304688, -63.18504333496094], [46.765724182128906, 40.73051452636719, 43.466182708740234, 39.70224380493164, 19.838315963745117, 3.812627077102661, 41.6505012512207, 119.186767578125, 12.140822410583496, 0.24519582092761993, 6.851706027984619, 13.162049293518066, 12.718976974487305], [-25.165935516357422, -102.68110656738281, 93.19725036621094, 24.16033363342285, 75.24510955810547, 77.57169342041016, 11.005602836608887, 12.140822410583496, 149.837158203125, -7.334039688110352, 9.691427230834961, 5.723806858062744, 4.559619903564453], [147.29444885253906, 97.43415832519531, -126.34957885742188, 15.716264724731445, -25.235286712646484, -52.72004318237305, 10.07546615600586, 0.24519582092761993, -7.334039688110352, 147.05018615722656, 47.13393020629883, -26.510831832885742, -14.362293243408203], [167.25115966796875, 17.061498641967773, -43.414031982421875, -65.28419494628906, -41.460296630859375, 30.558076858520508, 67.57709503173828, 6.851706027984619, 9.691427230834961, 47.13393020629883, 122.79557037353516, 7.141108989715576, -37.46611785888672], [22.204734802246094, -30.413890838623047, 50.507877349853516, 38.98099899291992, 20.026247024536133, 4.182343006134033, -12.242599487304688, 13.162049293518066, 5.723806858062744, -26.510831832885742, 7.141108989715576, 80.99673461914062, 35.836341857910156], [76.4531021118164, -28.68128204345703, 22.770160675048828, 92.08146667480469, 54.59050369262695, -61.75955581665039, -63.18504333496094, 12.718976974487305, 4.559619903564453, -14.362293243408203, -37.46611785888672, 35.836341857910156, 141.32479858398438]], "lowlevel.mfcc.icov": [[0.00019146734848618507, 6.745176506228745e-05, 0.00010122821549884975, 0.00011989186896244064, 7.389618986053392e-06, -7.040154741844162e-05, 5.9279809647705406e-05, -0.00015882185834925622, 5.038872404838912e-05, -0.000159636270836927, -0.0001849745458457619, -4.837038432015106e-05, -0.00023176081595011055], [6.745176506228745e-05, 0.0010369986994192004, 2.5172288587782532e-05, -0.00034358614357188344, 9.035818948177621e-05, 0.00010139781079487875, -0.0004676463140640408, -0.00023196832626126707, 0.000677147414535284, -0.0005492972559295595, 4.387815351947211e-05, 0.00018312758766114712, 0.00010250602645101026], [0.00010122821549884975, 2.5172288587782532e-05, 0.0022433933336287737, -0.00020757250604219735, -0.0005087504396215081, -0.0017483781557530165, 0.0005906092119403183, -0.0007837163284420967, -8.371146395802498e-05, 0.0009241203079000115, 0.00012356319348327816, -0.0004722582525573671, -0.00025967726833187044], [0.00011989186896244064, -0.00034358614357188344, -0.00020757250604219735, 0.0036850241012871265, -0.0021940076258033514, 0.001386157120577991, -0.0006228797719813883, -0.0003517952573020011, -0.0002870804164558649, -0.0011026784777641296, 0.0013889806577935815, -0.0015535526908934116, -0.0006363567663356662], [7.389618986053392e-06, 9.035818948177621e-05, -0.0005087504396215081, -0.0021940076258033514, 0.0064881728030741215, -0.0015169038670137525, 0.002066110959276557, -0.0006848265766166151, -0.0018259617500007153, 0.0001870681589934975, -0.00013370845408644527, 0.0008753229049034417, -0.0008374001481570303], [-7.040154741844162e-05, 0.00010139781079487875, -0.0017483781557530165, 0.001386157120577991, -0.0015169038670137525, 0.00858182180672884, -0.00354571919888258, 0.0014793758746236563, -0.0025857884902507067, 0.0014178470009937882, -0.00012522087490651757, -0.0007898818585090339, 0.002449649851769209], [5.9279809647705406e-05, -0.0004676463140640408, 0.0005906092119403183, -0.0006228797719813883, 0.002066110959276557, -0.00354571919888258, 0.00799654796719551, -0.002940975595265627, 1.9736062313313596e-05, 0.0005838826182298362, -0.0028956474270671606, 0.0012565914075821638, 0.0006483966717496514], [-0.00015882185834925622, -0.00023196832626126707, -0.0007837163284420967, -0.0003517952573020011, -0.0006848265766166151, 0.0014793758746236563, -0.002940975595265627, 0.010271064937114716, -0.0006356720114126801, -8.7600143160671e-05, 0.0002058283716905862, -0.0011535997036844492, -0.0005752095603384078], [5.038872404838912e-05, 0.000677147414535284, -8.371146395802498e-05, -0.0002870804164558649, -0.0018259617500007153, -0.0025857884902507067, 1.9736062313313596e-05, -0.0006356720114126801, 0.009569724090397358, -0.0009676592308096588, -0.000976037816144526, 0.0005980491987429559, -0.0008654335397295654], [-0.000159636270836927, -0.0005492972559295595, 0.0009241203079000115, -0.0011026784777641296, 0.0001870681589934975, 0.0014178470009937882, 0.0005838826182298362, -8.7600143160671e-05, -0.0009676592308096588, 0.010932915844023228, -0.0048229629173874855, 0.003722921945154667, 0.0002803796960506588], [-0.0001849745458457619, 4.387815351947211e-05, 0.00012356319348327816, 0.0013889806577935815, -0.00013370845408644527, -0.00012522087490651757, -0.0028956474270671606, 0.0002058283716905862, -0.000976037816144526, -0.0048229629173874855, 0.013632616959512234, -0.004814353305846453, 0.0022440869361162186], [-4.837038432015106e-05, 0.00018312758766114712, -0.0004722582525573671, -0.0015535526908934116, 0.0008753229049034417, -0.0007898818585090339, 0.0012565914075821638, -0.0011535997036844492, 0.0005980491987429559, 0.003722921945154667, -0.004814353305846453, 0.01709487847983837, -0.004118100740015507], [-0.00023176081595011055, 0.00010250602645101026, -0.00025967726833187044, -0.0006363567663356662, -0.0008374001481570303, 0.002449649851769209, 0.0006483966717496514, -0.0005752095603384078, -0.0008654335397295654, 0.00