{"song_id": "1183657065101664286", "download": "https://cdn.discordapp.com/attachments/1135903449314238464/1183657065101664286/chirp.mp4?ex=6589218b&amp", "lyrics": "[verse]\nChai, the cockatiel in flight\nThrough the day and into the night\nFeathers glowing, soaring high\nIn the sky, he touches the light\n\n[chorus]\nChai, oh Chai, let your spirit rise\nDancing freely beneath the open skies\nChirping melodies, pure delight\nChai, the cockatiel shining so bright", "style": ["electronic techno"], "essentia_features": {"lowlevel.average_loudness": 0.9846691489219666, "lowlevel.barkbands_crest.mean": 13.53369426727295, "lowlevel.barkbands_crest.stdev": 4.864593982696533, "lowlevel.barkbands_flatness_db.mean": 0.2786755859851837, "lowlevel.barkbands_flatness_db.stdev": 0.12463152408599854, "lowlevel.barkbands_kurtosis.mean": 38.05770492553711, "lowlevel.barkbands_kurtosis.stdev": 58.329010009765625, "lowlevel.barkbands_skewness.mean": 4.102590084075928, "lowlevel.barkbands_skewness.stdev": 2.661527633666992, "lowlevel.barkbands_spread.mean": 13.389595985412598, "lowlevel.barkbands_spread.stdev": 18.914897918701172, "lowlevel.dissonance.mean": 0.44439342617988586, "lowlevel.dissonance.stdev": 0.03903144598007202, "lowlevel.dynamic_complexity": 1.7227661609649658, "lowlevel.erbbands_crest.mean": 11.515216827392578, "lowlevel.erbbands_crest.stdev": 5.332350730895996, "lowlevel.erbbands_flatness_db.mean": 0.16931676864624023, "lowlevel.erbbands_flatness_db.stdev": 0.07865110784769058, "lowlevel.erbbands_kurtosis.mean": 5.823359489440918, "lowlevel.erbbands_kurtosis.stdev": 10.80087947845459, "lowlevel.erbbands_skewness.mean": 1.4180830717086792, "lowlevel.erbbands_skewness.stdev": 1.713760256767273, "lowlevel.erbbands_spread.mean": 59.53696060180664, "lowlevel.erbbands_spread.stdev": 49.67360305786133, "lowlevel.hfc.mean": 25.499298095703125, "lowlevel.hfc.stdev": 24.675926208496094, "lowlevel.loudness_ebu128.integrated": -13.61688232421875, "lowlevel.loudness_ebu128.loudness_range": 0.875950813293457, "lowlevel.loudness_ebu128.momentary.mean": -13.649531364440918, "lowlevel.loudness_ebu128.momentary.stdev": 0.532267689704895, "lowlevel.loudness_ebu128.short_term.mean": -13.629376411437988, "lowlevel.loudness_ebu128.short_term.stdev": 0.2834353446960449, "lowlevel.melbands_crest.mean": 19.508262634277344, "lowlevel.melbands_crest.stdev": 5.014224529266357, "lowlevel.melbands_flatness_db.mean": 0.37432554364204407, "lowlevel.melbands_flatness_db.stdev": 0.15262039005756378, "lowlevel.melbands_kurtosis.mean": 102.94990539550781, "lowlevel.melbands_kurtosis.stdev": 111.16239929199219, "lowlevel.melbands_skewness.mean": 6.372280597686768, "lowlevel.melbands_skewness.stdev": 4.1088433265686035, "lowlevel.melbands_spread.mean": 8.618769645690918, "lowlevel.melbands_spread.stdev": 18.328472137451172, "lowlevel.pitch_salience.mean": 0.4541860818862915, "lowlevel.pitch_salience.stdev": 0.1525847464799881, "lowlevel.silence_rate_20dB.mean": 1.0, "lowlevel.silence_rate_20dB.stdev": 0.0, "lowlevel.silence_rate_30dB.mean": 0.625724196434021, "lowlevel.silence_rate_30dB.stdev": 0.48393359780311584, "lowlevel.silence_rate_60dB.mean": 0.004055619705468416, "lowlevel.silence_rate_60dB.stdev": 0.0635531097650528, "lowlevel.spectral_centroid.mean": 600.2727661132812, "lowlevel.spectral_centroid.stdev": 625.8219604492188, "lowlevel.spectral_complexity.mean": 9.350521087646484, "lowlevel.spectral_complexity.stdev": 7.935023784637451, "lowlevel.spectral_decrease.mean": -2.3151585537561914e-08, "lowlevel.spectral_decrease.stdev": 1.7830068088642292e-08, "lowlevel.spectral_energy.mean": 0.08969225734472275, "lowlevel.spectral_energy.stdev": 0.06782354414463043, "lowlevel.spectral_energyband_high.mean": 0.0013950919965282083, "lowlevel.spectral_energyband_high.stdev": 0.0025233111809939146, "lowlevel.spectral_energyband_low.mean": 0.07163678109645844, "lowlevel.spectral_energyband_low.stdev": 0.06549941748380661, "lowlevel.spectral_energyband_middle_high.mean": 0.00258651003241539, "lowlevel.spectral_energyband_middle_high.stdev": 0.005803362932056189, "lowlevel.spectral_energyband_middle_low.mean": 0.01984214037656784, "lowlevel.spectral_energyband_middle_low.stdev": 0.019821897149086, "lowlevel.spectral_entropy.mean": 6.903841495513916, "lowlevel.spectral_entropy.stdev": 1.0895284414291382, "lowlevel.spectral_flux.mean": 0.15927742421627045, "lowlevel.spectral_flux.stdev": 0.08562442660331726, "lowlevel.spectral_kurtosis.mean": 15.82712459564209, "lowlevel.spectral_kurtosis.stdev": 34.039024353027344, "lowlevel.spectral_rms.mean": 0.008533378131687641, "lowlevel.spectral_rms.stdev": 0.0038322468753904104, "lowlevel.spectral_rolloff.mean": 723.2946166992188, "lowlevel.spectral_rolloff.stdev": 1829.2122802734375, "lowlevel.spectral_skewness.mean": 2.48661732673645, "lowlevel.spectral_skewness.stdev": 2.2010245323181152, "lowlevel.spectral_spread.mean": 6321420.0, "lowlevel.spectral_spread.stdev": 3454833.25, "lowlevel.spectral_strongpeak.mean": 0.7436400651931763, "lowlevel.spectral_strongpeak.stdev": 0.5674588680267334, "lowlevel.zerocrossingrate.mean": 0.0401502400636673, "lowlevel.zerocrossingrate.stdev": 0.04525391757488251, "metadata.audio_properties.analysis.equal_loudness": 0.0, "metadata.audio_properties.analysis.length": 40.04265213012695, "metadata.audio_properties.analysis.sample_rate": 44100.0, "metadata.audio_properties.analysis.start_time": 0.0, "metadata.audio_properties.bit_rate": 121504.0, "metadata.audio_properties.length": 40.042667388916016, "metadata.audio_properties.lossless": 0.0, "metadata.audio_properties.number_channels": 1.0, "metadata.audio_properties.replay_gain": -9.82426643371582, "metadata.audio_properties.sample_rate": 48000.0, "rhythm.beats_count": 93.0, "rhythm.beats_loudness.mean": 0.10219362378120422, "rhythm.beats_loudness.stdev": 0.018105408176779747, "rhythm.bpm": 139.9833526611328, "rhythm.bpm_histogram_first_peak_bpm": 140.0, "rhythm.bpm_histogram_first_peak_weight": 0.20652174949645996, "rhythm.bpm_histogram_second_peak_bpm": 0.0, "rhythm.bpm_histogram_second_peak_spread": 0.0, "rhythm.bpm_histogram_second_peak_weight": 0.0, "rhythm.danceability": 3.2679660320281982, "rhythm.onset_rate": 5.7421875, "tonal.chords_changes_rate": 0.07870370149612427, "tonal.chords_number_rate": 0.009259259328246117, "tonal.chords_strength.mean": 0.5906736254692078, "tonal.chords_strength.stdev": 0.08707929402589798, "tonal.hpcp_crest.mean": 11.866178512573242, "tonal.hpcp_crest.stdev": 5.5590081214904785, "tonal.hpcp_entropy.mean": 2.282613754272461, "tonal.hpcp_entropy.stdev": 0.736334502696991, "tonal.key_edma.strength": 0.5149684548377991, "tonal.key_krumhansl.strength": 0.5265195369720459, "tonal.key_temperley.strength": 0.5391972661018372, "tonal.tuning_diatonic_strength": 0.7769243717193604, "tonal.tuning_equal_tempered_deviation": 0.18823157250881195, "tonal.tuning_frequency": 435.7005310058594, "tonal.tuning_nontempered_energy_ratio": 0.8628366589546204, "lowlevel.barkbands.mean": [0.0006713449256494641, 0.04530081897974014, 0.019994555041193962, 0.010165130719542503, 0.006164045538753271, 0.001221285667270422, 0.0010617179796099663, 0.0005163928726688027, 0.000521597103215754, 0.0005405431147664785, 0.000759754388127476, 0.00031375829712487757, 0.00015544911730103195, 0.0002355091564822942, 0.000229432072956115, 0.00011826838453998789, 0.00011763629299821332, 7.386027573375031e-05, 9.324535494670272e-05, 8.218388393288478e-05, 7.968206773512065e-05, 0.00018092020764015615, 0.0003470592782832682, 0.0003654503379948437, 0.0002427798171993345, 0.0001397216838086024, 1.7210747671470017e-07], "lowlevel.barkbands.stdev": [0.0011646710336208344, 0.05434458702802658, 0.021694475784897804, 0.013094117864966393, 0.008394663222134113, 0.002248279983177781, 0.0026776937302201986, 0.0014803161611780524, 0.001833120477385819, 0.0017626644112169743, 0.0028178722131997347, 0.001114706159569323, 0.0004019132175017148, 0.0006212522275745869, 0.0006479397998191416, 0.0003290110907983035, 0.0003118791209999472, 0.00016458809841424227, 0.00018562475452199578, 0.00016028857498895377, 0.00017671055684331805, 0.000374186405679211, 0.0007381659233942628, 0.0007132957689464092, 0.0005875258357264102, 0.000362038059392944, 1.0977651072607841e-06], "lowlevel.erbbands.mean": [0.8258028626441956, 11.569382667541504, 27.287813186645508, 28.529829025268555, 32.48524856567383, 13.3828706741333, 7.505398273468018, 11.103096961975098, 17.93401336669922, 9.879846572875977, 13.122305870056152, 12.096648216247559, 16.387842178344727, 17.8952579498291, 30.248788833618164, 11.985960006713867, 7.696037769317627, 11.036602020263672, 13.763016700744629, 8.369171142578125, 6.804429054260254, 6.658699989318848, 3.9916603565216064, 5.290980339050293, 4.124021053314209, 3.8115906715393066, 3.326714277267456, 3.3996517658233643, 6.249429225921631, 7.850288391113281, 10.100753784179688, 8.495107650756836, 5.783979415893555, 3.164654016494751, 1.443243145942688, 0.8012630939483643, 0.2341414839029312, 0.014715961180627346, 0.0003519428428262472, 0.00011955345689784735], "lowlevel.erbbands.stdev": [1.3657407760620117, 13.681675910949707, 28.183759689331055, 33.509490966796875, 40.498966217041016, 21.7392578125, 13.12795352935791, 22.06610679626465, 43.76937484741211, 26.178585052490234, 35.73793029785156, 44.11508560180664, 50.694923400878906, 58.2489013671875, 112.1566390991211, 35.65877151489258, 20.066024780273438, 28.610671997070312, 38.88371276855469, 19.997486114501953, 18.905689239501953, 17.487051010131836, 8.885076522827148, 12.055529594421387, 7.703674793243408, 7.488114833831787, 6.896627902984619, 7.805882930755615, 12.967682838439941, 17.952177047729492, 21.315414428710938, 16.78982925415039, 11.79722785949707, 7.262176036834717, 4.088014602661133, 2.246021270751953, 0.5723607540130615, 0.03430734574794769, 0.0007086629630066454, 8.5739629867021e-05], "lowlevel.gfcc.mean": [-38.24650192260742, 102.24790954589844, -44.31977462768555, 49.62626266479492, -42.272865295410156, 30.6394100189209, -37.65494918823242, 8.526528358459473, -22.583293914794922, -1.5536288022994995, -17.384958267211914, -6.2369065284729, -15.012325286865234], "lowlevel.melbands.mean": [0.010103350505232811, 0.014800244942307472, 0.005099519621580839, 0.0016336330445483327, 0.00027358593069948256, 0.00025557866320014, 0.00025897769955918193, 0.00010216041118837893, 0.00010961663065245375, 7.166361319832504e-05, 8.19691049400717e-05, 6.852698425063863e-05, 0.00010980202205246314, 4.4429092667996883e-05, 1.9427756342338398e-05, 1.6044134099502116e-05, 2.117234907927923e-05, 2.2637555957771838e-05, 1.5146656551223714e-05, 8.533204891136847e-06, 7.843163984944113e-06, 7.427942364301998e-06, 4.3583413571468554e-06, 3.224736019546981e-06, 4.5032256821286865e-06, 3.115904746664455e-06, 2.96936400445702e-06, 2.377206101300544e-06, 2.082957962556975e-06, 1.925733158714138e-06, 1.920666363730561e-06, 3.37059395860706e-06, 3.9295359783864114e-06, 4.509071004576981e-06, 5.337711172614945e-06, 6.251921604416566e-06, 5.08612811245257e-06, 4.446984803507803e-06, 3.0180783596733818e-06, 2.540432433306705e-06], "lowlevel.melbands.stdev": [0.013293457217514515, 0.014575490728020668, 0.005384637042880058, 0.00213917950168252, 0.0004743516619782895, 0.0005058147362433374, 0.0006233933963812888, 0.00028178657521493733, 0.0003072907857131213, 0.0002560881548561156, 0.00026060492382384837, 0.0002325026725884527, 0.0004130189190618694, 0.00015100590826477855, 5.668754602083936e-05, 4.200313924229704e-05, 5.674393833032809e-05, 6.557368760695681e-05, 4.390459798742086e-05, 2.2413325496017933e-05, 2.356703407713212e-05, 2.0199626305839047e-05, 1.1369285857654177e-05, 7.011281013546977e-06, 1.0752361049526371e-05, 6.010658125887858e-06, 5.88842931392719e-06, 4.913541033602087e-06, 4.454883764992701e-06, 4.2149149521719664e-06, 4.784569682669826e-06, 7.349041879933793e-06, 8.301948582811747e-06, 1.1234775229240768e-05, 1.1441884453233797e-05, 1.3663880054082256e-05, 1.0061683497042395e-05, 9.140230758930556e-06, 6.630054485867731e-06, 6.235233740881085e-06], "lowlevel.melbands128.mean": [0.0005082222050987184, 0.004693439695984125, 0.013308977708220482, 0.021898481994867325, 0.01724272035062313, 0.008267439901828766, 0.0058232988230884075, 0.004648621194064617, 0.003429374424740672, 0.0015310676535591483, 0.0004690068890340626, 0.0002979721175506711, 0.00026054203044623137, 0.00017201204900629818, 0.00021964142797514796, 0.0003155716403853148, 0.00035515360650606453, 0.0002540468121878803, 0.00014316639862954617, 9.142409544438124e-05, 8.522940333932638e-05, 0.00010875900625251234, 0.00011963755241595209, 0.00010438956815050915, 8.229671220760792e-05, 4.813106716028415e-05, 6.635129102505744e-05, 9.515489364275709e-05, 9.114307613344863e-05, 5.852741378475912e-05, 5.2901181334163994e-05, 9.907579806167632e-05, 0.00014251715037971735, 9.882209269562736e-05, 4.76189779874403e-05, 3.408692282391712e-05, 2.7328278520144522e-05, 1.792801595001947e-05, 1.4498918972094543e-05, 1.754009645082988e-05, 1.5439583876286633e-05, 1.5495428669964895e-05, 2.1912694137427025e-05, 2.437401781207882e-05, 2.0215815311530605e-05, 2.378709177719429e-05, 2.388001485087443e-05, 1.5956806237227283e-05, 1.1678924238367472e-05, 9.367478924104944e-06, 7.773079232720193e-06, 7.99262761574937e-06, 7.745001312287059e-06, 7.777218343107961e-06, 8.002058166312054e-06, 8.119232916214969e-06, 6.464581019827165e-06, 4.6116815610730555e-06, 3.907317022822099e-06, 3.041003992620972e-06, 2.8302736154728336e-06, 3.3216374504263513e-06, 4.939245172863593e-06, 4.984643965144642e-06, 3.8097964534244966e-06, 3.0469693683699006e-06, 2.5959459435398458e-06, 2.7712330847862177e-06, 3.3451385661464883e-06, 2.8671868221863406e-06, 2.277744897583034e-06, 2.212352001151885e-06, 2.1013006517023314e-06, 2.146739689123933e-06, 1.9460389921732713e-06, 1.8223890947410837e-06, 2.146275846826029e-06, 1.6558549305045744e-06, 1.6818362382764462e-06, 2.2483461634692503e-06, 3.1815538932278287e-06, 3.9591268432559446e-06, 3.7880436138948426e-06, 3.853452199109597e-06, 3.887689217663137e-06, 4.8892297854763456e-06, 4.381601229397347e-06, 4.529049874690827e-06, 4.377786353870761e-06, 7.089059636200545e-06, 7.2478096626582555e-06, 6.255765129026258e-06, 4.005107257398777e-06, 5.04152876601438e-06, 5.739604603149928e-06, 5.128846623847494e-06, 4.159754098509438e-06, 3.527426315486082e-06, 2.7577889341046102e-06, 3.072483195865061e-06, 2.7675337150867563e-06, 2.8059316719009075e-06, 1.6891048062461778e-06, 1.6017203279261594e-06, 1.173225882666884e-06, 1.8926996290247189e-06, 1.674246163929638e-06, 1.4978286344558e-06, 1.5174562122410862e-06, 1.1907432053703815e-06, 1.0217661383649101e-06, 1.017433305605664e-06, 7.025649892966612e-07, 5.418945647761575e-07, 3.1695529401076783e-07, 5.27954604478964e-08, 7.499734167026872e-09, 8.77304132118617e-11, 5.999060276318247e-11, 4.6383938356875376e-11, 3.043751362064029e-11, 1.6081483367180738e-11, 1.128015909845903e-11, 1.107367149366656e-11, 1.0862614627238365e-11, 1.0633331021248082e-11, 1.0492078560131457e-11, 1.0426322999412818e-11], "lowlevel.melbands128.stdev": [0.0009998687310144305, 0.010331262834370136, 0.020946891978383064, 0.02664201147854328, 0.01926833763718605, 0.009279610589146614, 0.008014773949980736, 0.006301511079072952, 0.0047929538413882256, 0.0025062093045562506, 0.0011849578004330397, 0.0006049394723959267, 0.000540520588401705, 0.0003428859927225858, 0.0004940652870573103, 0.0008666765643283725, 0.0010594811756163836, 0.0007752616074867547, 0.0005309361731633544, 0.00031868662335909903, 0.00032760639442130923, 0.00040031803655438125, 0.00038462370866909623, 0.0004896162427030504, 0.00042855378706008196, 0.00017556532111484557, 0.00029007589910179377, 0.0003441101289354265, 0.000427216844400391, 0.00027678909827955067, 0.00028265384025871754, 0.0004666357417590916, 0.0006732820183970034, 0.00046200965880416334, 0.0002600416773930192, 0.00014442358224187046, 0.00011437153443694115, 6.85926279402338e-05, 4.743923636851832e-05, 6.453507376136258e-05, 4.943500243825838e-05, 4.693701703217812e-05, 8.036612416617572e-05, 7.525520049966872e-05, 6.637481419602409e-05, 9.731201862450689e-05, 9.06687491806224e-05, 7.198342791525647e-05, 3.363285941304639e-05, 2.8147092962171882e-05, 2.4747498173383065e-05, 2.4331386157427914e-05, 2.9584907679236494e-05, 2.601358028186951e-05, 2.5397590434295125e-05, 2.5575305699021555e-05, 2.0569681510096416e-05, 1.435806007066276e-05, 1.1011219612555578e-05, 7.917557013570331e-06, 6.697458047710825e-06, 8.031284778553527e-06, 1.4772088434256148e-05, 1.3310018402989954e-05, 8.968790098151658e-06, 6.480096089944709e-06, 5.640449217025889e-06, 6.512045274575939e-06, 7.036815077299252e-06, 6.4298678807972465e-06, 5.223536845733179e-06, 5.5609780247323215e-06, 4.873818397754803e-06, 5.0693374760157894e-06, 4.665724645747105e-06, 4.213350621284917e-06, 5.428075382951647e-06, 4.257075033820001e-06, 4.942891337123001e-06, 5.94478615312255e-06, 9.154317012871616e-06, 8.916772458178457e-06, 8.36101571621839e-06, 8.809068276605103e-06, 9.361364391224924e-06, 1.293846253247466e-05, 1.2532085747807287e-05, 1.2217964467708953e-05, 9.985259566747118e-06, 1.7010206647682935e-05, 1.6717469407012686e-05, 1.4795336937822867e-05, 9.207416951539926e-06, 1.1222604371141642e-05, 1.1595921932894271e-05, 1.0535158253333066e-05, 1.0100526196765713e-05, 8.943221473600715e-06, 6.4863188526942395e-06, 7.2691059358476195e-06, 7.128228389774449e-06, 7.384824129985645e-06, 5.738743311667349e-06, 5.096271706861444e-06, 4.538077064353274e-06, 5.568494543695124e-06, 4.666940185416024e-06, 4.955122676619794e-06, 4.934856860927539e-06, 3.5429179661150556e-06, 2.7295575364405522e-06, 2.9607765554828802e-06, 1.683827576925978e-06, 1.4872131259835442e-06, 8.196241765290324e-07, 1.700809377780388e-07, 4.1245822757218775e-08, 1.6352238452199686e-09, 1.434868224237107e-09, 1.359969026282215e-09, 7.156313319711671e-10, 1.7788567840959502e-10, 1.678797205417748e-11, 1.6494758683927024e-11, 1.625219576972814e-11, 1.605793623071783e-11, 1.5915159815027557e-11, 1.5827839039417313e-11], "lowlevel.mfcc.mean": [-702.9755249023438, 133.3261260986328, 59.199031829833984, 32.836612701416016, 29.667699813842773, 20.49700164794922, 9.090782165527344, 10.271967887878418, 1.2968199253082275, 8.30673885345459, -0.6984320282936096, -1.8100677728652954, -1.0459144115447998], "lowlevel.spectral_contrast_coeffs.mean": [-0.6350498795509338, -0.7731818556785583, -0.8146126866340637, -0.8375089168548584, -0.8277708888053894, -0.8014529347419739], "lowlevel.spectral_contrast_coeffs.stdev": [0.07152547687292099, 0.08134666830301285, 0.06866884231567383, 0.04816414788365364, 0.037275902926921844, 0.03899379447102547], "lowlevel.spectral_contrast_valleys.mean": [-6.256350517272949, -7.254522800445557, -8.0899076461792, -8.363687515258789, -8.504413604736328, -10.40657901763916], "lowlevel.spectral_contrast_valleys.stdev": [0.7281894087791443, 0.9217074513435364, 1.0356258153915405, 1.0759923458099365, 1.3208743333816528, 1.7328354120254517], "rhythm.beats_loudness_band_ratio.mean": [0.8897871375083923, 0.09873896837234497, 0.01589842513203621, 0.011042428202927113, 0.006405944004654884, 0.03899756446480751], "rhythm.beats_loudness_band_ratio.stdev": [0.06320255994796753, 0.07573098689317703, 0.0247515719383955, 0.028244851157069206, 0.010650829412043095, 0.013158649206161499], "tonal.hpcp.mean": [0.06293068826198578, 0.06555449217557907, 0.06470296531915665, 0.0551796518266201, 0.04558630287647247, 0.039884429425001144, 0.03694108873605728, 0.03812182694673538, 0.05923416092991829, 0.0889054462313652, 0.08631902933120728, 0.050746895372867584, 0.03478406369686127, 0.03910151124000549, 0.0502883717417717, 0.09004688262939453, 0.16261714696884155, 0.16549012064933777, 0.0992264449596405, 0.0621943399310112, 0.05021213740110397, 0.04046991094946861, 0.05218251422047615, 0.1522187888622284, 0.25213539600372314, 0.17156995832920074, 0.06963199377059937, 0.0748840719461441, 0.0946187824010849, 0.1837875097990036, 0.2616102695465088, 0.18391263484954834, 0.09320898354053497, 0.07495258748531342, 0.07190700620412827, 0.07111629098653793], "tonal.hpcp.stdev": [0.18880896270275116, 0.19689351320266724, 0.19700470566749573, 0.182806596159935, 0.1631447672843933, 0.14385372400283813, 0.13486987352371216, 0.13635554909706116, 0.181614488363266, 0.223402202129364, 0.21978986263275146, 0.1535053253173828, 0.12409034371376038, 0.13217297196388245, 0.14859746396541595, 0.20622971653938293, 0.29308831691741943, 0.2958691120147705, 0.2312840074300766, 0.18686415255069733, 0.16674388945102692, 0.1469510793685913, 0.16241534054279327, 0.27088233828544617, 0.3800250291824341, 0.29209479689598083, 0.18254736065864563, 0.19823819398880005, 0.22324824333190918, 0.2944584786891937, 0.3785518705844879, 0.28638485074043274, 0.21598376333713531, 0.19697758555412292, 0.2007570117712021, 0.2068302482366562], "rhythm.beats_position": [0.4411791265010834, 0.8823582530021667, 1.3119274377822876, 1.7414965629577637, 2.1710658073425293, 2.600634813308716, 3.0302040576934814, 3.459773063659668, 3.877732276916504, 4.3073015213012695, 4.736870765686035, 5.166440010070801, 5.596008777618408, 6.025578022003174, 6.4551472663879395, 6.884716510772705, 7.314285755157471, 7.743854522705078, 8.173423767089844, 8.59138298034668, 9.020952224731445, 9.450521469116211, 9.891700744628906, 10.309659957885742, 10.739229202270508, 11.168798446655273, 11.598366737365723, 12.027935981750488, 12.445895195007324, 12.88707447052002, 13.316643714904785, 13.74621295928955, 14.164172172546387, 14.593741416931152, 15.023310661315918, 15.452879905700684, 15.88244915008545, 16.3120174407959, 16.741586685180664, 17.17115592956543, 17.600725173950195, 18.03029441833496, 18.459863662719727, 18.877822875976562, 19.307392120361328, 19.736961364746094, 20.16653060913086, 20.596099853515625, 21.02566909790039, 21.455238342285156, 21.873197555541992, 22.302766799926758, 22.732336044311523, 23.16190528869629, 23.591472625732422, 24.032651901245117, 24.450611114501953, 24.88018035888672, 25.309749603271484, 25.73931884765625, 26.168888092041016, 26.58684730529785, 27.016416549682617, 27.445985794067383, 27.87555503845215, 28.305124282836914, 28.73469352722168, 29.164262771606445, 29.60544204711914, 30.023401260375977, 30.452970504760742, 30.882539749145508, 31.312108993530273, 31.74167823791504, 32.159637451171875, 32.60081481933594, 33.0303840637207, 33.45995330810547, 33.87791442871094, 34.3074836730957, 34.73705291748047, 35.166622161865234, 35.59619140625, 36.025760650634766, 36.45532989501953, 36.8848991394043, 37.3144645690918, 37.74403381347656, 38.17360305786133, 38.5915641784668, 39.02113342285156, 39.45070266723633, 39.880271911621094], "rhythm.bpm_histogram": [0.0, 0.0, 0.0, 0.0, 0.0, 0.0, 0.0, 0.0, 0.0, 0.0, 0.0, 0.0, 0.0, 0.0, 0.0, 0.0, 0.0, 0.0, 0.0, 0.0, 0.0, 0.0, 0.0, 0.0, 0.0, 0.0, 0.0, 0.0, 0.0, 0.0, 0.0, 0.0, 0.0, 0.0, 0.0, 0.0, 0.0, 0.0, 0.0, 0.0, 0.0, 0.0, 0.0, 0.0, 0.0, 0.0, 0.0, 0.0, 0.0, 0.0, 0.0, 0.0, 0.0, 0.0, 0.0, 0.0, 0.0, 0.0, 0.0, 0.0, 0.0, 0.0, 0.0, 0.0, 0.0, 0.0, 0.0, 0.0, 0.0, 0.0, 0.0, 0.0, 0.0, 0.0, 0.0, 0.0, 0.0, 0.0, 0.0, 0.0, 0.0, 0.0, 0.0, 0.0, 0.0, 0.0, 0.0, 0.0, 0.0, 0.0, 0.0, 0.0, 0.0, 0.0, 0.0, 0.0, 0.0, 0.0, 0.0, 0.0, 0.0, 0.0, 0.0, 0.0, 0.0, 0.0, 0.0, 0.0, 0.0, 0.0, 0.0, 0.0, 0.0, 0.0, 0.0, 0.0, 0.0, 0.0, 0.0, 0.0, 0.0, 0.0, 0.0, 0.0, 0.0, 0.0, 0.0, 0.0, 0.0, 0.0, 0.0, 0.0, 0.0, 0.0, 0.0, 0.0, 0.06521739065647125, 0.0, 0.0, 0.0, 0.79347825050354, 0.0, 0.0, 0.0, 0.14130434393882751, 0.0, 0.0, 0.0, 0.0, 0.0, 0.0, 0.0, 0.0, 0.0, 0.0, 0.0, 0.0, 0.0, 0.0, 0.0, 0.0, 0.0, 0.0, 0.0, 0.0, 0.0, 0.0, 0.0, 0.0, 0.0, 0.0, 0.0, 0.0, 0.0, 0.0, 0.0, 0.0, 0.0, 0.0, 0.0, 0.0, 0.0, 0.0, 0.0, 0.0, 0.0, 0.0, 0.0, 0.0, 0.0, 0.0, 0.0, 0.0, 0.0, 0.0, 0.0, 0.0, 0.0, 0.0, 0.0, 0.0, 0.0, 0.0, 0.0, 0.0, 0.0, 0.0, 0.0, 0.0, 0.0, 0.0, 0.0, 0.0, 0.0, 0.0, 0.0, 0.0, 0.0, 0.0, 0.0, 0.0, 0.0, 0.0, 0.0, 0.0, 0.0, 0.0, 0.0, 0.0, 0.0, 0.0, 0.0, 0.0, 0.0, 0.0, 0.0, 0.0, 0.0, 0.0, 0.0, 0.0, 0.0, 0.0, 0.0, 0.0, 0.0, 0.0, 0.0, 0.0, 0.0], "tonal.chords_histogram": [13.773148536682129, 0.5787037014961243, 7.060184955596924, 0.0, 0.6944444179534912, 2.8935184478759766, 0.0, 3.7037036418914795, 0.5787037014961243, 37.38425827026367, 1.8518518209457397, 0.3472222089767456, 0.0, 0.0, 0.0, 0.0, 0.0, 0.0, 0.0, 0.0, 0.0, 0.0, 29.976852416992188, 1.1574074029922485], "tonal.thpcp": [1.0, 0.7030023336410522, 0.35628947615623474, 0.28650474548339844, 0.2748630940914154, 0.2718406021595001, 0.24055129289627075, 0.25058072805404663, 0.24732577800750732, 0.21092310547828674, 0.1742527335882187, 0.15245743095874786, 0.1412065625190735, 0.14571991562843323, 0.22642138600349426, 0.33983927965164185, 0.32995274662971497, 0.19397899508476257, 0.13296137750148773, 0.14946474134922028, 0.19222629070281982, 0.3442023992538452, 0.6216008067131042, 0.6325826644897461, 0.3792910873889923, 0.23773661255836487, 0.19193488359451294, 0.15469542145729065, 0.19946661591529846, 0.5818532705307007, 0.9637824892997742, 0.6558226943016052, 0.26616689562797546, 0.28624287247657776, 0.3616783916950226, 0.7025240659713745], "lowlevel.gfcc.cov": [[10973.041015625, -4084.934814453125, -1660.3431396484375, 459.4741516113281, -1735.5107421875, 596.8605346679688, -1033.310546875, 729.4622192382812, -451.54583740234375, 578.0380249023438, -430.2807922363281, 384.3931884765625, -483.5245666503906], [-4084.934814453125, 3725.066162109375, 210.1353759765625, -774.9586791992188, 1184.0057373046875, -560.4769287109375, 830.61767578125, -387.6418151855469, 436.7093200683594, -384.53057861328125, 422.9514465332031, -272.9951477050781, 444.41143798828125], [-1660.3431396484375, 210.1353759765625, 1292.307373046875, 379.97015380859375, 234.79713439941406, -49.041175842285156, 51.90425109863281, -157.3037567138672, 111.80204010009766, 0.31473180651664734, 73.45654296875, -36.47708511352539, -7.231451988220215], [459.4741516113281, -774.9586791992188, 379.97015380859375, 627.6298828125, -194.47598266601562, 17.768646240234375, -204.21739196777344, -21.67711067199707, -13.38770866394043, 54.374088287353516, -29.169214248657227, 27.257802963256836, -96.0429916381836], [-1735.5107421875, 1184.0057373046875, 234.79713439941406, -194.47598266601562, 696.2634887695312, -109.55470275878906, 360.8306884765625, -120.35818481445312, 137.08253479003906, -104.47299194335938, 152.75059509277344, -65.14929962158203, 158.88973999023438], [596.8605346679688, -560.4769287109375, -49.041175842285156, 17.768646240234375, -109.55470275878906, 367.4139709472656, -35.74898910522461, 37.66376876831055, -90.53363800048828, 63.48524475097656, -64.1811294555664, 31.642969131469727, -47.79541778564453], [-1033.310546875, 830.61767578125, 51.90425109863281, -204.21739196777344, 360.8306884765625, -35.74898910522461, 342.6207580566406, -61.63182830810547, 97.96878051757812, -84.51297760009766, 109.33566284179688, -40.33904266357422, 111.22907257080078], [729.4622192382812, -387.6418151855469, -157.3037567138672, -21.67711067199707, -120.35818481445312, 37.66376876831055, -61.63182830810547, 219.67904663085938, -44.63473892211914, 44.79486846923828, -63.082069396972656, 46.4339599609375, -42.141693115234375], [-451.54583740234375, 436.7093200683594, 111.80204010009766, -13.38770866394043, 137.08253479003906, -90.53363800048828, 97.96878051757812, -44.63473892211914, 156.7487335205078, -9.33469009399414, 76.17573547363281, -36.38845443725586, 62.42567825317383], [578.0380249023438, -384.53057861328125, 0.31473180651664734, 54.374088287353516, -104.47299194335938, 63.48524475097656, -84.51297760009766, 44.79486846923828, -9.33469009399414, 145.94801330566406, -10.073708534240723, 36.94783401489258, -45.327423095703125], [-430.2807922363281, 422.9514465332031, 73.45654296875, -29.169214248657227, 152.75059509277344, -64.1811294555664, 109.33566284179688, -63.082069396972656, 76.17573547363281, -10.073708534240723, 125.79087829589844, -12.299463272094727, 54.476402282714844], [384.3931884765625, -272.9951477050781, -36.47708511352539, 27.257802963256836, -65.14929962158203, 31.642969131469727, -40.33904266357422, 46.4339599609375, -36.38845443725586, 36.94783401489258, -12.299463272094727, 82.25699615478516, -20.64178466796875], [-483.5245666503906, 444.41143798828125, -7.231451988220215, -96.0429916381836, 158.88973999023438, -47.79541778564453, 111.22907257080078, -42.141693115234375, 62.42567825317383, -45.327423095703125, 54.476402282714844, -20.64178466796875, 102.90199279785156]], "lowlevel.gfcc.icov": [[0.00026363416691310704, -9.392436913913116e-05, 0.00031175350886769593, -0.00024854548973962665, 0.0002673566632438451, -0.00024295439652632922, 0.0002185899647884071, -0.0003621696087066084, -8.398405043408275e-05, -0.0004679210833273828, 8.086023626674432e-06, -0.0004638456739485264, 0.00027159543242305517], [-9.392436913913116e-05, 0.004270663484930992, -0.0005524934967979789, 0.0033254805020987988, -0.001603215467184782, 0.0028308555483818054, -0.0017233769176527858, 0.001832550042308867, -0.002100131008774042, 0.003766818903386593, -0.004338138271123171, 0.0049562277272343636, -0.003192611038684845], [0.00031175350886769593, -0.0005524934967979789, 0.0016721466090530157, -0.0014669749652966857, -0.00017557280079927295, -0.0006147724925540388, 0.0003267689316999167, -3.8934143958613276e-05, -0.0005424437113106251, -0.0010553980246186256, 0.0006941124447621405, -0.0010693990625441074, 0.0014979072147980332], [-0.00024854548973962665, 0.0033254805020987988, -0.0014669749652966857, 0.0055967834778130054, -0.0011639463482424617, 0.002092323498800397, 0.00022068172984290868, 0.0019065217347815633, -0.0024034278467297554, 0.0038355260621756315, -0.0040510003454983234, 0.003320402931421995, -0.0011397488415241241], [0.0002673566632438451, -0.001603215467184782, -0.00017557280079927295, -0.0011639463482424617, 0.004841470159590244, -0.0007531215669587255, -0.002233201637864113, -0.0008132780203595757, 0.0013481208588927984, -0.001901717041619122, 0.00072773004649207, -0.0014651010278612375, -0.0009977758163586259], [-0.00024295439652632922, 0.0028308555483818054, -0.0006147724925540388, 0.002092323498800397, -0.0007531215669587255, 0.005845924373716116, -0.0030590230599045753, 0.0018189528491348028, 0.0008949557668529451, 0.0005205908673815429, -0.0010829658713191748, 0.0035508661530911922, -0.002556149149313569], [0.0002185899647884071, -0.0017233769176527858, 0.0003267689316999167, 0.00022068172984290868, -0.002233201637864113, -0.0030590230599045753, 0.010392338037490845, -0.001753965043462813, -0.0014895953936502337, 0.0014865400735288858, -0.0019593266770243645, -0.002580328145995736, 0.0008528977632522583], [-0.0003621696087066084, 0.001832550042308867, -3.8934143958613276e-05, 0.0019065217347815633, -0.0008132780203595757, 0.0018189528491348028, -0.001753965043462813, 0.007907656952738762, -0.0015544855268672109, 0.00078081019455567, 0.0015232126461341977, -0.0004046718531753868, -0.00020509690511971712], [-8.398405043408275e-05, -0.002100131008774042, -0.0005424437113106251, -0.0024034278467297554, 0.0013481208588927984, 0.0008949557668529451, -0.0014895953936502337, -0.0015544855268672109, 0.014558258466422558, -0.005192703567445278, -0.001286812825128436, 0.002359358360990882, -0.004262988455593586], [-0.0004679210833273828, 0.003766818903386593, -0.0010553980246186256, 0.0038355260621756315, -0.001901717041619122, 0.0005205908673815429, 0.0014865400735288858, 0.00078081019455567, -0.005192703567445278, 0.01527959480881691, -0.006902142893522978, 0.0015321052633225918, 0.0007720933062955737], [8.086023626674432e-06, -0.004338138271123171, 0.0006941124447621405, -0.0040510003454983234, 0.00072773004649207, -0.0010829658713191748, -0.0019593266770243645, 0.0015232126461341977, -0.001286812825128436, -0.006902142893522978, 0.021245718002319336, -0.0076239933259785175, 0.0011197385611012578], [-0.0004638456739485264, 0.0049562277272343636, -0.0010693990625441074, 0.003320402931421995, -0.0014651010278612375, 0.0035508661530911922, -0.002580328145995736, -0.0004046718531753868, 0.002359358360990882, 0.0015321052633225918, -0.0076239933259785175, 0.023328837007284164, -0.006066159810870886], [0.00027159543242305517, -0.003192611038684845, 0.0014979072147980332, -0.0011397488415241241, -0.0009977758163586259, -0.002556149149313569, 0.0008528977632522583, -0.00020509690511971712, -0.004262988455593586, 0.0007720933062955737, 0.0011197385611012578, -0.006066159810870886, 0.02428794838488102]], "lowlevel.mfcc.cov": [[12627.552734375, -4696.41064453125, -690.7156982421875, -845.7567138671875, -687.5419311523438, -570.587890625, -525.34228515625, -175.1138916015625, -235.34500122070312, 113.052978515625, 5.164114475250244, -18.20085334777832, -57.90526580810547], [-4696.41064453125, 4197.97314453125, -654.6651000976562, 153.98077392578125, 136.18331909179688, 125.34456634521484, 346.73162841796875, 150.35305786132812, 184.81541442871094, -1.79145085811615, 25.72667121887207, 1.401651382446289, 102.77522277832031], [-690.7156982421875, -654.6651000976562, 1103.5142822265625, 324.9591979980469, 186.13002014160156, 134.930419921875, -99.71199035644531, -74.82087707519531, -60.628814697265625, 9.685555458068848, 20.009105682373047, 47.814117431640625, -17.864524841308594], [-845.7567138671875, 153.98077392578125, 324.9591979980469, 546.3555297851562, 165.00901794433594, 3.7846388816833496, -48.24417495727539, -21.289522171020508, -15.849931716918945, -36.1126823425293, 43.19451141357422, 53.658447265625, 0.7873595952987671], [-687.5419311523438, 136.18331909179688, 186.13002014160156, 165.00901794433594, 224.13536071777344, 85.272216796875, 37.967376708984375, 0.833078920841217, 16.036907196044922, 7.862546443939209, 9.97391414642334, 11.54030990600586, 4.711434364318848], [-570.587890625, 125.34456634521484, 134.930419921875, 3.7846388816833496, 85.272216796875, 290.01177978515625, 95.97562408447266, 5.012197494506836, -6.3676652908325195, 26.319355010986328, 0.4308274984359741, -10.054019927978516, -0.5347862839698792], [-525.34228515625, 346.73162841796875, -99.71199035644531, -48.24417495727539, 37.967376708984375, 95.97562408447266, 191.17578125, 78.20591735839844, 29.149860382080078, 17.95703125, 2.5858285427093506, -19.79121971130371, 12.484488487243652], [-175.1138916015625, 150.35305786132812, -74.82087707519531, -21.289522171020508, 0.833078920841217, 5.012197494506836, 78.20591735839844, 132.53953552246094, 36.48960876464844, 0.4847084879875183, -6.300380229949951, -15.117423057556152, 6.007721900939941], [-235.34500122070312, 184.81541442871094, -60.628814697265625, -15.849931716918945, 16.036907196044922, -6.3676652908325195, 29.149860382080078, 36.48960876464844, 98.00823211669922, 23.739044189453125, -3.8338756561279297, 2.672163963317871, 10.850902557373047], [113.052978515625, -1.79145085811615, 9.685555458068848, -36.1126823425293, 7.862546443939209, 26.319355010986328, 17.95703125, 0.4847084879875183, 23.739044189453125, 81.73558044433594, 20.34307289123535, 5.065360069274902, 10.094897270202637], [5.164114475250244, 25.72667121887207, 20.009105682373047, 43.19451141357422, 9.97391414642334, 0.4308274984359741, 2.5858285427093506, -6.300380229949951, -3.8338756561279297, 20.34307289123535, 62.6614990234375, 23.389291763305664, 4.765957355499268], [-18.20085334777832, 1.401651382446289, 47.814117431640625, 53.658447265625, 11.54030990600586, -10.054019927978516, -19.79121971130371, -15.117423057556152, 2.672163963317871, 5.065360069274902, 23.389291763305664, 71.95719909667969, 19.688827514648438], [-57.90526580810547, 102.77522277832031, -17.864524841308594, 0.7873595952987671, 4.711434364318848, -0.5347862839698792, 12.484488487243652, 6.007721900939941, 10.850902557373047, 10.094897270202637, 4.765957355499268, 19.688827514648438, 60.292236328125]], "lowlevel.mfcc.icov": [[0.00022924321820028126, 0.0002585853508207947, 0.00026798469480127096, 7.880027260398492e-05, 0.00018128275405615568, 0.00012301382957957685, 0.0002556605322752148, -6.436273542931303e-05, 0.000291205826215446, -0.00045397598296403885, -0.00012130455434089527, -3.541905971360393e-05, -0.00015709068975411355], [0.0002585853508207947, 0.0006503228796645999, 0.0005464276764541864, -0.00017079230747185647, 0.00013770119403488934, 2.1587120500043966e-05, -0.00019610044546425343, 6.0307189414743334e-05, -0.00015557957522105426, -0.00028735955129377544, -0.00023136567324399948, 1.7500886315247044e-05, -0.0005833528703078628], [0.00026798469480127096, 0.0005464276764541864, 0.0019085219828411937, -0.0006372101488523185, -0.0005417157080955803, -0.0006620343774557114, 0.0009944079210981727, -9.705093543743715e-05, 0.0007604834972880781, -0.0010493192821741104, 0.00019778142450377345, -0.0004856228770222515, -7.826529326848686e-05], [7.880027260398492e-05, -0.00017079230747185647, -0.0006372101488523185, 0.0034422441385686398, -0.0019939683843404055, 0.00054555619135499, 0.0010628969175741076, -0.0004982891259714961, 0.00041633984073996544, 0.001684205373749137, -0.002021753927692771, -0.0010906470706686378, 0.00028232665499672294], [0.00018128275405615568, 0.00013770119403488934, -0.0005417157080955803, -0.0019939683843404055, 0.007631953805685043, -0.0011495334329083562, -0.0014562075957655907, 0.0007795013370923698, -0.001421449240297079, -0.0008011659374460578, 0.0004906862741336226, 0.0003078822046518326, -0.00032718185684643686], [0.00012301382957957685, 2.1587120500043966e-05, -0.0006620343774557114, 0.00054555619135499, -0.0011495334329083562, 0.005432178266346455, -0.00292030512355268, 0.00106098095420748, 0.0012720408849418163, -0.0014460913371294737, 0.0006462993915192783, 0.00015456817345693707, 0.00042667752131819725], [0.0002556605322752148, -0.00019610044546425343, 0.0009944079210981727, 0.0010628969175741076, -0.0014562075957655907, -0.00292030512355268, 0.011216778308153152, -0.005284988321363926, 0.0007291766232810915, -0.0010818770388141274, -0.0017517838859930634, 0.0013333766255527735, -0.0010945737594738603], [-6.436273542931303e-05, 6.0307189414743334e-05, -9.705093543743715e-05, -0.0004982891259714961, 0.0007795013370923698, 0.00106098095420748, -0.005284988321363926, 0.0114846620708704, -0.003495940938591957, 0.0014286093646660447, 0.000426525657530874, 0.0013980107614770532, -0.0003886646591126919], [0.000291205826215446, -0.00015557957522105426, 0.0007604834972880781, 0.00041633984073996544, -0.001421449240297079, 0.0012720408849418163, 0.0007291766232810915, -0.003495940938591957, 0.01465490460395813, -0.005519209895282984, 0.0027427184395492077, -0.0018482598243281245, -0.00024212367134168744], [-0.00045397598296403885, -0.00028735955129377544, -0.0010493192821741104, 0.001684205373749137, -0.0008011659374460578, -0.0014460913371294737, -0.0010818770388141274, 0.0014286093646660447, -0.005519209895282984, 0.017949307337403297, -0.00670215580612421, 0.0009081519092433155, -0.0019263973226770759], [-0.00012130455434089527, -0.00023136567324399948, 0.00019778142450377345, -0.002021753927692771, 0.0004906862741336226, 0.0006462993915192783, -0.0017517838859930634, 0.000426525657530874, 0.0027427184395492077, -0.00670215580612421, 0.021978337317705154, -0.006236417219042778, 0.001578273018822074], [-3.541905971360393e-05, 1.7500886315247044e-05, -0.0004856228770222515, -0.0010906470706686378, 0.0003078822046518326, 0.00015456817345693707, 0.0013333766255527735, 0.0013980107614770532, -0.0018482598243281245, 0.0009081519092433155, -0.006236417219042778, 0.01941126398742199, -0.006296905688941479], [-0.00015709068975411355, -0.0005833528703078628, -7.826529326848686e-05, 0.00028232665499672294, -0.00032718185684643686, 0.00042667752131819725, -0.0010945737594738603, -0.0003886646591126919, -0.00024212367134168744, -0.0019263973226770759, 0.001578273018822074, -0.006296905688941479, 0.019994912669062614]], "metadata.audio_properties.analysis.downmix": "mix", "metadata.audio_properties.codec": "mp3", "metadata.audio_properties