{"song_id": "1183718017088110652", "download": "https://cdn.discordapp.com/attachments/1135903449314238464/1183718017088110652/chirp.mp4?ex=65895a4f&amp", "lyrics": "[Verse]\nIn eighteen forty-six, the raccoons arose\nWith fierce determination, their strength disclosed\nBeneath moonlit sky, they prepared to fight\nThe Great Raccoon War began, an epic sight\n\n[Chorus]\nMarching on, hearts filled with grit\nUnited we stand, against foes we'll never quit\nThrough battles we'll forge, with courage and pride\nIn the Great Raccoon War, side by side we'll stride", "style": ["sabaton</span><span>-like"], "essentia_features": {"lowlevel.average_loudness": 0.9860723614692688, "lowlevel.barkbands_crest.mean": 10.317853927612305, "lowlevel.barkbands_crest.stdev": 4.056758403778076, "lowlevel.barkbands_flatness_db.mean": 0.11779849976301193, "lowlevel.barkbands_flatness_db.stdev": 0.03585551306605339, "lowlevel.barkbands_kurtosis.mean": 2.609417676925659, "lowlevel.barkbands_kurtosis.stdev": 4.421292304992676, "lowlevel.barkbands_skewness.mean": 1.620698094367981, "lowlevel.barkbands_skewness.stdev": 0.9524471163749695, "lowlevel.barkbands_spread.mean": 34.384830474853516, "lowlevel.barkbands_spread.stdev": 14.723201751708984, "lowlevel.dissonance.mean": 0.4814201593399048, "lowlevel.dissonance.stdev": 0.02048460766673088, "lowlevel.dynamic_complexity": 0.9920258522033691, "lowlevel.erbbands_crest.mean": 7.44650936126709, "lowlevel.erbbands_crest.stdev": 4.294562816619873, "lowlevel.erbbands_flatness_db.mean": 0.12403276562690735, "lowlevel.erbbands_flatness_db.stdev": 0.02759673073887825, "lowlevel.erbbands_kurtosis.mean": -0.2228657454252243, "lowlevel.erbbands_kurtosis.stdev": 1.1285638809204102, "lowlevel.erbbands_skewness.mean": -0.2531357705593109, "lowlevel.erbbands_skewness.stdev": 0.6765878200531006, "lowlevel.erbbands_spread.mean": 57.089569091796875, "lowlevel.erbbands_spread.stdev": 19.8397274017334, "lowlevel.hfc.mean": 41.88920593261719, "lowlevel.hfc.stdev": 17.139413833618164, "lowlevel.loudness_ebu128.integrated": -10.831928253173828, "lowlevel.loudness_ebu128.loudness_range": 0.7446413040161133, "lowlevel.loudness_ebu128.momentary.mean": -10.855710983276367, "lowlevel.loudness_ebu128.momentary.stdev": 0.4562957286834717, "lowlevel.loudness_ebu128.short_term.mean": -10.844277381896973, "lowlevel.loudness_ebu128.short_term.stdev": 0.2799123227596283, "lowlevel.melbands_crest.mean": 15.325826644897461, "lowlevel.melbands_crest.stdev": 4.206900119781494, "lowlevel.melbands_flatness_db.mean": 0.17278987169265747, "lowlevel.melbands_flatness_db.stdev": 0.04542377218604088, "lowlevel.melbands_kurtosis.mean": 19.101045608520508, "lowlevel.melbands_kurtosis.stdev": 19.08019256591797, "lowlevel.melbands_skewness.mean": 3.650620937347412, "lowlevel.melbands_skewness.stdev": 1.8025680780410767, "lowlevel.melbands_spread.mean": 27.11183738708496, "lowlevel.melbands_spread.stdev": 15.390137672424316, "lowlevel.pitch_salience.mean": 0.5653377771377563, "lowlevel.pitch_salience.stdev": 0.11495007574558258, "lowlevel.silence_rate_20dB.mean": 1.0, "lowlevel.silence_rate_20dB.stdev": 0.0, "lowlevel.silence_rate_30dB.mean": 0.9963931441307068, "lowlevel.silence_rate_30dB.stdev": 0.05994920805096626, "lowlevel.silence_rate_60dB.mean": 0.0018034265376627445, "lowlevel.silence_rate_60dB.stdev": 0.04242876172065735, "lowlevel.spectral_centroid.mean": 1861.383056640625, "lowlevel.spectral_centroid.stdev": 500.6936950683594, "lowlevel.spectral_complexity.mean": 33.97745895385742, "lowlevel.spectral_complexity.stdev": 7.491053104400635, "lowlevel.spectral_decrease.mean": -1.3244143559631993e-08, "lowlevel.spectral_decrease.stdev": 6.751240011482196e-09, "lowlevel.spectral_energy.mean": 0.05378587171435356, "lowlevel.spectral_energy.stdev": 0.02582639269530773, "lowlevel.spectral_energyband_high.mean": 0.0031160726211965084, "lowlevel.spectral_energyband_high.stdev": 0.002118482952937484, "lowlevel.spectral_energyband_low.mean": 0.02811759151518345, "lowlevel.spectral_energyband_low.stdev": 0.024656830355525017, "lowlevel.spectral_energyband_middle_high.mean": 0.00791260227560997, "lowlevel.spectral_energyband_middle_high.stdev": 0.00609244080260396, "lowlevel.spectral_energyband_middle_low.mean": 0.01853189431130886, "lowlevel.spectral_energyband_middle_low.stdev": 0.013675128109753132, "lowlevel.spectral_entropy.mean": 8.00728988647461, "lowlevel.spectral_entropy.stdev": 0.1875590682029724, "lowlevel.spectral_flux.mean": 0.15185019373893738, "lowlevel.spectral_flux.stdev": 0.052456118166446686, "lowlevel.spectral_kurtosis.mean": 1.7174527645111084, "lowlevel.spectral_kurtosis.stdev": 0.8568929433822632, "lowlevel.spectral_rms.mean": 0.0070437598042190075, "lowlevel.spectral_rms.stdev": 0.0016910104313865304, "lowlevel.spectral_rolloff.mean": 1749.8978271484375, "lowlevel.spectral_rolloff.stdev": 1546.8070068359375, "lowlevel.spectral_skewness.mean": 0.9267759919166565, "lowlevel.spectral_skewness.stdev": 0.18908901512622833, "lowlevel.spectral_spread.mean": 5183953.5, "lowlevel.spectral_spread.stdev": 1058123.125, "lowlevel.spectral_strongpeak.mean": 0.8736584782600403, "lowlevel.spectral_strongpeak.stdev": 0.9851369857788086, "lowlevel.zerocrossingrate.mean": 0.0738850086927414, "lowlevel.zerocrossingrate.stdev": 0.026646045967936516, "metadata.audio_properties.analysis.equal_loudness": 0.0, "metadata.audio_properties.analysis.length": 25.70664405822754, "metadata.audio_properties.analysis.sample_rate": 44100.0, "metadata.audio_properties.analysis.start_time": 0.0, "metadata.audio_properties.bit_rate": 118531.0, "metadata.audio_properties.length": 25.706666946411133, "metadata.audio_properties.lossless": 0.0, "metadata.audio_properties.number_channels": 1.0, "metadata.audio_properties.replay_gain": -13.582881927490234, "metadata.audio_properties.sample_rate": 48000.0, "rhythm.beats_count": 73.0, "rhythm.beats_loudness.mean": 0.054594557732343674, "rhythm.beats_loudness.stdev": 0.014433128759264946, "rhythm.bpm": 172.26556396484375, "rhythm.bpm_histogram_first_peak_bpm": 172.0, "rhythm.bpm_histogram_first_peak_weight": 0.0, "rhythm.bpm_histogram_second_peak_bpm": 178.0, "rhythm.bpm_histogram_second_peak_spread": 0.0, "rhythm.bpm_histogram_second_peak_weight": 0.1944444477558136, "rhythm.danceability": 1.7022311687469482, "rhythm.onset_rate": 3.498173952102661, "tonal.chords_changes_rate": 0.08828828483819962, "tonal.chords_number_rate": 0.018018018454313278, "tonal.chords_strength.mean": 0.480804979801178, "tonal.chords_strength.stdev": 0.08496743440628052, "tonal.hpcp_crest.mean": 11.850340843200684, "tonal.hpcp_crest.stdev": 5.622622013092041, "tonal.hpcp_entropy.mean": 2.3185360431671143, "tonal.hpcp_entropy.stdev": 0.7678285241127014, "tonal.key_edma.strength": 0.4670479893684387, "tonal.key_krumhansl.strength": 0.4722585380077362, "tonal.key_temperley.strength": 0.4614292085170746, "tonal.tuning_diatonic_strength": 0.47096943855285645, "tonal.tuning_equal_tempered_deviation": 0.19724616408348083, "tonal.tuning_frequency": 435.7005310058594, "tonal.tuning_nontempered_energy_ratio": 0.8840610384941101, "lowlevel.barkbands.mean": [0.0010456304298713803, 0.01659032329916954, 0.006754872389137745, 0.007998527958989143, 0.00490604666993022, 0.00108279287815094, 0.0008503217250108719, 0.0013817758299410343, 0.001936284825205803, 0.0012004540767520666, 0.0010115953627973795, 0.0010536607587710023, 0.0007331101223826408, 0.00046999810729175806, 0.0005129965138621628, 0.0008031880715861917, 0.0007776167476549745, 0.00036602834006771445, 0.0006687215063720942, 0.0009233534219674766, 0.0006266177515499294, 0.0008759188931435347, 0.0006739885429851711, 0.0003161076456308365, 0.0001650629419600591, 6.061566818971187e-05, 2.904596101416246e-07], "lowlevel.barkbands.stdev": [0.0005560623831115663, 0.019660066813230515, 0.007826662622392178, 0.007908335886895657, 0.0067709567956626415, 0.0019884936045855284, 0.0021369648166000843, 0.005122462287545204, 0.004336403217166662, 0.002810159930959344, 0.0024022317957133055, 0.0018835548544302583, 0.0014089017640799284, 0.0009832845535129309, 0.0011152212973684072, 0.0015430391067638993, 0.0006263635586947203, 0.00022894586436450481, 0.00037538650212809443, 0.0005377628840506077, 0.0003531286492943764, 0.0006489870720542967, 0.0007872466230764985, 0.0003452892415225506, 0.00015398212417494506, 5.544321538764052e-05, 1.0645787824614672e-06], "lowlevel.erbbands.mean": [0.24045631289482117, 4.453222751617432, 9.25539493560791, 18.950109481811523, 22.097492218017578, 15.237245559692383, 9.640372276306152, 8.976932525634766, 9.563352584838867, 17.901935577392578, 34.455543518066406, 40.50285720825195, 47.32368087768555, 40.08286666870117, 42.47962188720703, 38.122039794921875, 32.17826843261719, 27.155065536499023, 27.3171329498291, 27.353986740112305, 52.43687438964844, 43.45102310180664, 20.6888427734375, 27.851871490478516, 40.13670349121094, 42.61279296875, 28.983549118041992, 23.98702049255371, 32.284812927246094, 27.77496910095215, 16.712976455688477, 8.421306610107422, 4.461498260498047, 2.2572898864746094, 0.9601378440856934, 0.3970400393009186, 0.08536943048238754, 0.0059785014018416405, 0.00017428862338420004, 7.568120054202154e-05], "lowlevel.erbbands.stdev": [0.2901019752025604, 5.2556657791137695, 10.201255798339844, 15.960760116577148, 29.616079330444336, 22.46017074584961, 18.396739959716797, 19.153518676757812, 19.209789276123047, 48.85730743408203, 117.82210540771484, 94.837158203125, 109.4281005859375, 87.25310516357422, 84.83323669433594, 63.94166946411133, 59.56490707397461, 53.719215393066406, 55.12459945678711, 44.71497344970703, 91.14066314697266, 35.984962463378906, 11.96866226196289, 17.21662139892578, 21.864971160888672, 25.983163833618164, 16.353612899780273, 14.09925365447998, 23.523366928100586, 28.269620895385742, 19.71141815185547, 9.5491943359375, 4.851110935211182, 2.2403998374938965, 0.8671947717666626, 0.36185422539711, 0.08498765528202057, 0.007941852323710918, 0.00018775934586301446, 3.082960029132664e-05], "lowlevel.gfcc.mean": [66.31636810302734, 68.79524230957031, -112.64742279052734, 65.74141693115234, -60.35722732543945, 30.385446548461914, -29.479280471801758, 13.75515079498291, -28.23133087158203, -3.2098159790039062, -25.63337516784668, -1.559570550918579, -13.530348777770996], "lowlevel.melbands.mean": [0.003569595515727997, 0.0054704234935343266, 0.003345055738463998, 0.00129832758102566, 0.000381914374884218, 0.0001977676001843065, 0.00015787470329087228, 0.000224322167923674, 0.0002673139679245651, 0.0002770245191641152, 0.00023585181043017656, 0.00015984702622517943, 0.00013790246157441288, 0.00012993693235330284, 7.233369979076087e-05, 7.44420540286228e-05, 4.598773375619203e-05, 4.305727270548232e-05, 3.796940654865466e-05, 4.209830512991175e-05, 6.459644646383822e-05, 5.015638453187421e-05, 2.3135986339184456e-05, 1.5899491700110957e-05, 2.288479845447e-05, 2.584640242275782e-05, 3.5020726500079036e-05, 2.6163801521761343e-05, 1.8733750039245933e-05, 1.5043741768749896e-05, 1.3223148016550113e-05, 1.8369990357314236e-05, 1.735431214910932e-05, 1.5120113857847173e-05, 1.0275990462105256e-05, 6.689766451017931e-06, 4.563655238598585e-06, 3.2386053590016672e-06, 2.442534423607867e-06, 1.7115255559474463e-06], "lowlevel.melbands.stdev": [0.004206259734928608, 0.005617663264274597, 0.002857706043869257, 0.0017360715428367257, 0.0006270784651860595, 0.0003922241157852113, 0.00034079767647199333, 0.0006517590372823179, 0.0008302892092615366, 0.0006758248782716691, 0.0005505810840986669, 0.0003626459510996938, 0.0003185799578204751, 0.00024420450790785253, 0.00014225725317373872, 0.00015064513718243688, 9.75372749962844e-05, 8.81003652466461e-05, 8.102498395601287e-05, 7.912391447462142e-05, 0.00011111921776318923, 4.53587927040644e-05, 1.6160547602339648e-05, 1.0072861186927184e-05, 1.549935586808715e-05, 1.5482512026210316e-05, 2.181741365347989e-05, 1.7305303117609583e-05, 1.188100031868089e-05, 8.86670113686705e-06, 8.64093453856185e-06, 1.3729735655942932e-05, 1.5025007087388076e-05, 1.7504466086393222e-05, 1.2734973097394686e-05, 8.025353963603266e-06, 5.183892881177599e-06, 3.66461949852237e-06, 2.591660631878767e-06, 1.704328383311804e-06], "lowlevel.melbands128.mean": [0.00027798584778793156, 0.0008696074364706874, 0.005053422879427671, 0.008507207036018372, 0.0056867157109081745, 0.0030806129798293114, 0.004010398872196674, 0.0037130278069525957, 0.0020956280641257763, 0.0011872297618538141, 0.0008193735266104341, 0.00040486472425982356, 0.0003266223648097366, 0.00024033337831497192, 0.00021646462846547365, 0.00016605688142590225, 0.00012210456770844758, 0.00014523211575578898, 0.00022504192020278424, 0.0001614913489902392, 0.00023465986305382103, 0.0003829023044090718, 0.00025734107475727797, 0.00018791994079947472, 0.00019466028606984764, 0.00037488440284505486, 0.00032887127599678934, 0.00019226974109187722, 0.00020024366676807404, 0.0001352783729089424, 0.00017174004460684955, 0.00015398606774397194, 0.0001181136685772799, 0.0001338048023171723, 0.00016864662757143378, 0.00012240858632139862, 8.020058885449544e-05, 7.645823643542826e-05, 5.800421422463842e-05, 6.895523983985186e-05, 8.602002344559878e-05, 7.429624383803457e-05, 3.788224421441555e-05, 3.4229833545396104e-05, 4.753440953209065e-05, 3.743980414583348e-05, 5.1459817768773064e-05, 3.709528755280189e-05, 3.5899873182643205e-05, 2.951973510789685e-05, 3.556009323801845e-05, 5.9642396081471816e-05, 7.68564932513982e-05, 5.8437468396732584e-05, 5.88371476624161e-05, 5.736172533943318e-05, 3.5939301596954465e-05, 2.3934710043249652e-05, 2.0761632185894996e-05, 1.57566464622505e-05, 1.2899004104838241e-05, 1.7695976566756144e-05, 2.249265344289597e-05, 2.4100392693071626e-05, 2.4514385586371645e-05, 2.4055145331658423e-05, 2.8038539312547073e-05, 3.0479983252007514e-05, 4.0339058614335954e-05, 3.72838658222463e-05, 2.4372759071411565e-05, 2.1578925952780992e-05, 2.1139423552085645e-05, 1.815157702367287e-05, 1.6110010619740933e-05, 1.5920062651275657e-05, 1.4312331586552318e-05, 1.2755645911965985e-05, 1.2498480828071479e-05, 1.3567675523518119e-05, 1.901511859614402e-05, 2.003659392357804e-05, 1.8279117284691893e-05, 1.870673986559268e-05, 1.4224891856429167e-05, 1.5762079783598892e-05, 1.580695970915258e-05, 1.333913860435132e-05, 9.604344086255878e-06, 8.586863259552047e-06, 7.529609320044983e-06, 6.292788839346031e-06, 5.0001012823486235e-06, 4.646817615139298e-06, 4.30253021477256e-06, 3.417916332182358e-06, 3.0360481559910113e-06, 2.870947810151847e-06, 2.547984649936552e-06, 2.158602910640184e-06, 2.038284719674266e-06, 1.6039108459153795e-06, 1.406085402777535e-06, 1.1715130767697701e-06, 9.597806638339534e-07, 9.92787022369157e-07, 9.7824909062183e-07, 8.195502800845134e-07, 6.271330903473427e-07, 6.055835228835349e-07, 4.731840306249069e-07, 3.435955022723647e-07, 2.208740284004307e-07, 1.5675443876261852e-07, 9.099297670900341e-08, 5.0780606386524596e-08, 1.185150111382427e-08, 7.570343241170008e-10, 9.131492784142381e-11, 1.226462542636142e-10, 9.16182338328575e-11, 2.4151900965274642e-11, 9.836042570710024e-12, 9.577855869524754e-12, 8.716583010937029e-12, 7.383757667789315e-12, 6.660016288462245e-12, 6.523278445191849e-12], "lowlevel.melbands128.stdev": [0.00021588442905340344, 0.0011565715540200472, 0.006359672173857689, 0.01022311020642519, 0.006896830629557371, 0.0034148336853832006, 0.003689546836540103, 0.004193879663944244, 0.003494669683277607, 0.0019792828243225813, 0.0014445921406149864, 0.0008421178790740669, 0.0008256398723460734, 0.0004889980773441494, 0.0005888448795303702, 0.00044615677325055003, 0.00026783757493831217, 0.00041395731386728585, 0.000752392050344497, 0.0006323779234662652, 0.000925338885281235, 0.0018581185722723603, 0.0008970593917183578, 0.0005298726609908044, 0.0006887384224683046, 0.0012150496477261186, 0.0011675211135298014, 0.000607136869803071, 0.0006522449548356235, 0.0004309159121476114, 0.0005321269272826612, 0.0004747292259708047, 0.000490776146762073, 0.00034026679350063205, 0.0004255352832842618, 0.00029511377215385437, 0.0001886999816633761, 0.0002171140513382852, 0.0001565696147736162, 0.00020506831060629338, 0.0002219323650933802, 0.00022395889391191304, 0.00011683817865559831, 8.381496445508674e-05, 0.00013877273886464536, 8.254887507064268e-05, 0.0001987205760087818, 9.961906471289694e-05, 9.926058555720374e-05, 5.922544005443342e-05, 8.984363375930116e-05, 0.0001432182762073353, 0.00021360065147746354, 9.657267946749926e-05, 6.708786531817168e-05, 7.465449016308412e-05, 3.652295708889142e-05, 2.2754984456696548e-05, 1.9748486010939814e-05, 1.3405161553237122e-05, 1.100191002478823e-05, 1.4753034520254005e-05, 2.5270686819567345e-05, 1.9605537090683356e-05, 1.9924913431168534e-05, 1.934903957589995e-05, 2.3893184334156103e-05, 2.3736798539175652e-05, 3.374418884050101e-05, 3.26010886055883e-05, 2.325836248928681e-05, 1.6544678146601655e-05, 1.732994496705942e-05, 1.5020375940366648e-05, 1.1568120498850476e-05, 1.1290162547084037e-05, 1.1018953046004754e-05, 9.754844541021157e-06, 1.0483899131941143e-05, 1.0882397873501759e-05, 1.747038186294958e-05, 1.7287491573370062e-05, 1.7236487110494636e-05, 1.8626504243002273e-05, 1.477400292060338e-05, 1.964745570148807e-05, 2.0996543753426522e-05, 1.782121034921147e-05, 1.3798908184980974e-05, 1.1729091056622565e-05, 9.544260137772653e-06, 8.70489384396933e-06, 6.436459443648346e-06, 5.885165592189878e-06, 5.07728918819339e-06, 4.192151664028643e-06, 4.00362114305608e-06, 3.4406757549731992e-06, 3.0010139653313672e-06, 2.4419973669864703e-06, 2.3425338895322056e-06, 1.7392897007084684e-06, 1.5286044572349056e-06, 1.3094722817186266e-06, 1.0377026455898886e-06, 1.0186170129600214e-06, 1.006202751341334e-06, 8.6423960965476e-07, 6.840227229076845e-07, 6.397178822226124e-07, 5.199659653953859e-07, 3.926473652882123e-07, 2.971099206661165e-07, 2.4038226342781854e-07, 1.6954331272245327e-07, 1.0447867992979809e-07, 3.5886596805312365e-08, 7.641060228991137e-09, 2.73497025027325e-09, 3.7864240631790835e-09, 2.7604729613273093e-09, 5.219166210324033e-10, 6.271447250405515e-11, 6.010447001214558e-11, 4.4094217860335405e-11, 1.9188850161611093e-11, 1.031769461534715e-11, 1.0033755944161005e-11], "lowlevel.mfcc.mean": [-569.3887939453125, 82.8394546508789, 12.042490005493164, 37.87465286254883, 3.5830023288726807, 18.84531021118164, 8.192986488342285, 16.640113830566406, 6.655874252319336, 3.2374308109283447, -4.218080520629883, -2.289599657058716, 2.1159443855285645], "lowlevel.spectral_contrast_coeffs.mean": [-0.6778905391693115, -0.7821125388145447, -0.7802336812019348, -0.7960501909255981, -0.7991508841514587, -0.7138991355895996], "lowlevel.spectral_contrast_coeffs.stdev": [0.060798656195402145, 0.07292486727237701, 0.06635980308055878, 0.04579198360443115, 0.02230759896337986, 0.026930540800094604], "lowlevel.spectral_contrast_valleys.mean": [-6.106283187866211, -6.587561130523682, -6.796509742736816, -7.044945240020752, -6.483739376068115, -9.190519332885742], "lowlevel.spectral_contrast_valleys.stdev": [0.4685112535953522, 0.49080890417099, 0.4789254665374756, 0.40931856632232666, 0.3534592092037201, 0.5903183221817017], "rhythm.beats_loudness_band_ratio.mean": [0.6465780735015869, 0.10646914690732956, 0.07185106724500656, 0.07734497636556625, 0.055565424263477325, 0.09044010937213898], "rhythm.beats_loudness_band_ratio.stdev": [0.16588683426380157, 0.08878331631422043, 0.089559406042099, 0.10446406900882721, 0.051865290850400925, 0.05360997095704079], "tonal.hpcp.mean": [0.045045822858810425, 0.04946712404489517, 0.06942624598741531, 0.10302060842514038, 0.10889428108930588, 0.06813306361436844, 0.04123293608427048, 0.04180708900094032, 0.045790694653987885, 0.057863425463438034, 0.0754789263010025, 0.09171716868877411, 0.13911683857440948, 0.15780393779277802, 0.1196160688996315, 0.10314223170280457, 0.15225091576576233, 0.271765798330307, 0.3539688289165497, 0.27934518456459045, 0.1739194095134735, 0.14698101580142975, 0.14646360278129578, 0.1631094068288803, 0.1745922863483429, 0.15997593104839325, 0.14973537623882294, 0.16020366549491882, 0.13711987435817719, 0.0851016640663147, 0.0558365173637867, 0.0439930222928524, 0.05068771541118622, 0.08263570815324783, 0.08902215212583542, 0.06213221326470375], "tonal.hpcp.stdev": [0.11290828883647919, 0.12334232032299042, 0.16369584202766418, 0.1876940131187439, 0.2012653648853302, 0.14611004292964935, 0.10447458177804947, 0.10780531913042068, 0.12067455798387527, 0.13899892568588257, 0.17756223678588867, 0.18520434200763702, 0.2349153459072113, 0.2595180869102478, 0.22329388558864594, 0.20502927899360657, 0.25902920961380005, 0.33467885851860046, 0.38368675112724304, 0.3373641073703766, 0.2689483165740967, 0.2823982834815979, 0.27093032002449036, 0.2903783619403839, 0.293020635843277, 0.26352185010910034, 0.2630217969417572, 0.290529727935791, 0.2610943913459778, 0.2056269645690918, 0.14190340042114258, 0.11781521886587143, 0.12055663019418716, 0.16756094992160797, 0.17204555869102478, 0.13340535759925842], "rhythm.beats_position": [0.3715192675590515, 0.7546485066413879, 1.1377778053283691, 1.5092970132827759, 1.8575963973999023, 2.2058956623077393, 2.554194927215576, 2.902494192123413, 3.250793695449829, 3.599092960357666, 3.9357821941375732, 4.28408145904541, 4.6207709312438965, 4.9690704345703125, 5.31736946105957, 5.665668964385986, 6.013967990875244, 6.36226749420166, 6.6989569664001465, 7.035645961761475, 7.383945465087891, 7.732244968414307, 8.080544471740723, 8.42884349822998, 8.765532493591309, 9.102222442626953, 9.450521469116211, 9.798820495605469, 10.147119522094727, 10.4954195022583, 10.843718528747559, 11.192017555236816, 11.54031753540039, 11.888616561889648, 12.236915588378906, 12.58521556854248, 12.933514595031738, 13.281813621520996, 13.63011360168457, 13.978412628173828, 14.315101623535156, 14.6517915725708, 15.000090599060059, 15.348389625549316, 15.696688652038574, 16.04498863220215, 16.381677627563477, 16.718366622924805, 17.066665649414062, 17.414966583251953, 17.76326560974121, 18.11156463623047, 18.436643600463867, 18.784942626953125, 19.133241653442383, 19.48154067993164, 19.82984161376953, 20.17814064025879, 20.526439666748047, 20.874738693237305, 21.223037719726562, 21.57133674621582, 21.90802764892578, 22.25632667541504, 22.593015670776367, 22.941314697265625, 23.289613723754883, 23.63791275024414, 23.9862117767334, 24.33451271057129, 24.671201705932617, 25.007890701293945, 25.356189727783203], "rhythm.bpm_histogram": [0.0, 0.0, 0.0, 0.0, 0.0, 0.0, 0.0, 0.0, 0.0, 0.0, 0.0, 0.0, 0.0, 0.0, 0.0, 0.0, 0.0, 0.0, 0.0, 0.0, 0.0, 0.0, 0.0, 0.0, 0.0, 0.0, 0.0, 0.0, 0.0, 0.0, 0.0, 0.0, 0.0, 0.0, 0.0, 0.0, 0.0, 0.0, 0.0, 0.0, 0.0, 0.0, 0.0, 0.0, 0.0, 0.0, 0.0, 0.0, 0.0, 0.0, 0.0, 0.0, 0.0, 0.0, 0.0, 0.0, 0.0, 0.0, 0.0, 0.0, 0.0, 0.0, 0.0, 0.0, 0.0, 0.0, 0.0, 0.0, 0.0, 0.0, 0.0, 0.0, 0.0, 0.0, 0.0, 0.0, 0.0, 0.0, 0.0, 0.0, 0.0, 0.0, 0.0, 0.0, 0.0, 0.0, 0.0, 0.0, 0.0, 0.0, 0.0, 0.0, 0.0, 0.0, 0.0, 0.0, 0.0, 0.0, 0.0, 0.0, 0.0, 0.0, 0.0, 0.0, 0.0, 0.0, 0.0, 0.0, 0.0, 0.0, 0.0, 0.0, 0.0, 0.0, 0.0, 0.0, 0.0, 0.0, 0.0, 0.0, 0.0, 0.0, 0.0, 0.0, 0.0, 0.0, 0.0, 0.0, 0.0, 0.0, 0.0, 0.0, 0.0, 0.0, 0.0, 0.0, 0.0, 0.0, 0.0, 0.0, 0.0, 0.0, 0.0, 0.0, 0.0, 0.0, 0.0, 0.0, 0.0, 0.0, 0.0, 0.0, 0.0, 0.0, 0.0, 0.0, 0.0, 0.02777777798473835, 0.0, 0.0, 0.0, 0.013888888992369175, 0.0, 0.0, 0.0, 0.0, 0.0, 0.0, 0.0, 0.0, 0.0, 0.0, 0.75, 0.0, 0.0, 0.0, 0.0, 0.0, 0.1944444477558136, 0.0, 0.0, 0.0, 0.0, 0.0, 0.0, 0.013888888992369175, 0.0, 0.0, 0.0, 0.0, 0.0, 0.0, 0.0, 0.0, 0.0, 0.0, 0.0, 0.0, 0.0, 0.0, 0.0, 0.0, 0.0, 0.0, 0.0, 0.0, 0.0, 0.0, 0.0, 0.0, 0.0, 0.0, 0.0, 0.0, 0.0, 0.0, 0.0, 0.0, 0.0, 0.0, 0.0, 0.0, 0.0, 0.0, 0.0, 0.0, 0.0, 0.0, 0.0, 0.0, 0.0, 0.0, 0.0, 0.0, 0.0, 0.0, 0.0, 0.0, 0.0, 0.0, 0.0, 0.0, 0.0, 0.0, 0.0, 0.0, 0.0, 0.0, 0.0, 0.0], "tonal.chords_histogram": [26.486486434936523, 0.18018017709255219, 3.6036036014556885, 19.819820404052734, 0.0, 12.6126127243042, 0.18018017709255219, 14.774774551391602, 0.0, 4.864864826202393, 0.9009009003639221, 0.0, 0.0, 0.0, 0.0, 0.0, 1.0810810327529907, 0.0, 3.4234235286712646, 0.0, 1.9819819927215576, 0.0, 0.0, 10.090089797973633], "tonal.thpcp": [1.0, 0.7891801595687866, 0.4913410246372223, 0.415237158536911, 0.41377541422843933, 0.4608016014099121, 0.4932419955730438, 0.45194920897483826, 0.42301854491233826, 0.4525925815105438, 0.38737839460372925, 0.2404213547706604, 0.1577441692352295, 0.1242850199341774, 0.14319825172424316, 0.23345476388931274, 0.25149714946746826, 0.17553018033504486, 0.12725929915905, 0.1397499442100525, 0.19613660871982574, 0.29104429483413696, 0.3076380491256714, 0.19248323142528534, 0.11648748070001602, 0.11810952425003052, 0.12936364114284515, 0.16347040235996246, 0.21323607861995697, 0.25911086797714233, 0.39302003383636475, 0.4458130896091461, 0.33792826533317566, 0.2913878858089447, 0.4301252067089081, 0.767767608165741], "lowlevel.gfcc.cov": [[1357.9072265625, -212.26153564453125, 82.00054931640625, -69.73316192626953, -64.89403533935547, 83.28287506103516, -13.146824836730957, 31.965879440307617, -42.26850509643555, 55.563777923583984, -67.49761962890625, 31.57097816467285, -67.13154602050781], [-212.26153564453125, 514.4573974609375, -163.94775390625, 13.104381561279297, 60.89098358154297, -78.96246337890625, 76.78408813476562, -31.862815856933594, 84.26651763916016, -24.464481353759766, 85.08200073242188, -68.85102844238281, 79.0381088256836], [82.00054931640625, -163.94775390625, 319.8202209472656, 119.97920227050781, -13.303425788879395, -23.570199966430664, -75.8436508178711, 10.526308059692383, -21.327978134155273, 23.589540481567383, -20.894474029541016, 53.427337646484375, -30.856857299804688], [-69.73316192626953, 13.104381561279297, 119.97920227050781, 212.6900634765625, 48.38473892211914, -28.574974060058594, -42.602317810058594, -2.2879281044006348, 37.84124755859375, -21.30205535888672, 13.694717407226562, 1.1647752523422241, 35.56498718261719], [-64.89403533935547, 60.89098358154297, -13.303425788879395, 48.38473892211914, 157.4304962158203, 53.49494934082031, 56.522972106933594, 2.457528829574585, 13.382556915283203, 2.883690118789673, 2.6856794357299805, -2.760800361633301, 25.91529655456543], [83.28287506103516, -78.96246337890625, -23.570199966430664, -28.574974060058594, 53.49494934082031, 157.0410614013672, 98.36227416992188, 26.096670150756836, -24.21234893798828, 0.1891362965106964, 0.3486154079437256, 3.247838020324707, -11.423629760742188], [-13.146824836730957, 76.78408813476562, -75.8436508178711, -42.602317810058594, 56.522972106933594, 98.36227416992188, 201.29403686523438, 66.35564422607422, 2.1338155269622803, -12.297534942626953, 17.727354049682617, -4.401434898376465, 7.119709491729736], [31.965879440307617, -31.862815856933594, 10.526308059692383, -2.2879281044006348, 2.457528829574585, 26.096670150756836, 66.35564422607422, 96.43827819824219, 47.643646240234375, 11.14450740814209, -14.146862983703613, 0.8278761506080627, -2.2342963218688965], [-42.26850509643555, 84.26651763916016, -21.327978134155273, 37.84124755859375, 13.382556915283203, -24.21234893798828, 2.1338155269622803, 47.643646240234375, 124.0907211303711, 32.59641647338867, 8.434924125671387, -33.07381057739258, 14.265947341918945], [55.563777923583984, -24.464481353759766, 23.589540481567383, -21.30205535888672, 2.883690118789673, 0.1891362965106964, -12.297534942626953, 11.14450740814209, 32.59641647338867, 73.75896453857422, 16.314414978027344, 4.974360942840576, -22.81143569946289], [-67.49761962890625, 85.08200073242188, -20.894474029541016, 13.694717407226562, 2.6856794357299805, 0.3486154079437256, 17.727354049682617, -14.146862983703613, 8.434924125671387, 16.314414978027344, 74.00167083740234, 15.029508590698242, 15.891607284545898], [31.57097816467285, -68.85102844238281, 53.427337646484375, 1.1647752523422241, -2.760800361633301, 3.247838020324707, -4.401434898376465, 0.8278761506080627, -33.07381057739258, 4.974360942840576, 15.029508590698242, 74.99028015136719, 12.943349838256836], [-67.13154602050781, 79.0381088256836, -30.856857299804688, 35.56498718261719, 25.91529655456543, -11.423629760742188, 7.119709491729736, -2.2342963218688965, 14.265947341918945, -22.81143569946289, 15.891607284545898, 12.943349838256836, 68.65392303466797]], "lowlevel.gfcc.icov": [[0.0009704430121928453, -0.0007131103193387389, 0.00023832882288843393, -0.0005956404493190348, 0.000973207235801965, -0.0013323688181117177, 0.0005017456132918596, -0.00047315689153037965, 0.0007561849779449403, -0.0016178631922230124, 0.002023599576205015, -0.001161326770670712, 0.0005849205190315843], [-0.0007131103193387389, 0.01023072935640812, -0.0019985304679721594, 0.004934630822390318, -0.004559371154755354, 0.009291759692132473, -0.0072658066637814045, 0.0070981550961732864, -0.006654702592641115, 0.006466108374297619, -0.011842799372971058, 0.010241414420306683, -0.007336587179452181], [0.00023832882288843393, -0.0019985304679721594, 0.0084527637809515, -0.007528713438659906, 0.002150982851162553, -0.001644812524318695, 0.0024567905347794294, -0.003589324187487364, 0.004432487767189741, -0.005782763473689556, 0.005941860377788544, -0.007385710719972849, 0.005950465332716703], [-0.0005956404493190348, 0.004934630822390318, -0.007528713438659906, 0.015183604322373867, -0.0069433338940143585, 0.004682942293584347, -0.00045344149111770093, 0.002798138651996851, -0.00813013780862093, 0.012194696813821793, -0.012294393964111805, 0.008675076998770237, -0.007023000158369541], [0.000973207235801965, -0.004559371154755354, 0.002150982851162553, -0.0069433338940143585, 0.013558430597186089, -0.007348344661295414, -0.001407469273544848, 0.0019127560080960393, 0.0025375864934176207, -0.00938607007265091, 0.011332450434565544, -0.005740405526012182, -0.0005551549838855863], [-0.0013323688181117177, 0.009291759692132473, -0.001644812524318695, 0.004682942293584347, -0.007348344661295414, 0.01977428048849106, -0.010848543606698513, 0.005224048625677824, -0.0032322320621460676, 0.005481319036334753, -0.011282695457339287, 0.009621220640838146, -0.00451530609279871], [0.0005017456132918596, -0.0072658066637814045, 0.0024567905347794294, -0.00045344149111770093, -0.001407469273544848, -0.010848543606698513, 0.019541090354323387, -0.017036808654665947, 0.007811188697814941, 0.0007520611397922039, 0.00038877411861903965, -0.004544795956462622, 0.00573332654312253], [-0.00047315689153037965, 0.0070981550961732864, -0.003589324187487364, 0.002798138651996851, 0.0019127560080960393, 0.005224048625677824, -0.017036808654665947, 0.03262270987033844, -0.01844521425664425, 0.003065974684432149, 0.002545275492593646, -0.000377132382709533, -0.004388024099171162], [0.0007561849779449403, -0.006654702592641115, 0.004432487767189741, -0.00813013780862093, 0.0025375864934176207, -0.0032322320621460676, 0.007811188697814941, -0.01844521425664425, 0.02721112221479416, -0.016538606956601143, 0.005743599496781826, 0.0036357727367430925, -0.0014660140732303262], [-0.0016178631922230124, 0.006466108374297619, -0.005782763473689556, 0.012194696813821793, -0.00938607007265091, 0.005481319036334753, 0.0007520611397922039, 0.003065974684432149, -0.016538606956601143, 0.03559930622577667, -0.019960395991802216, 0.0033205740619450808, 0.005793812684714794], [0.002023599576205015, -0.011842799372971058, 0.005941860377788544, -0.012294393964111805, 0.011332450434565544, -0.011282695457339287, 0.00038877411861903965, 0.002545275492593646, 0.005743599496781826, -0.019960395991802216, 0.039606545120477676, -0.019860832020640373, 0.005290500354021788], [-0.001161326770670712, 0.010241414420306683, -0.007385710719972849, 0.008675076998770237, -0.005740405526012182, 0.009621220640838146, -0.004544795956462622, -0.000377132382709533, 0.0036357727367430925, 0.0033205740619450808, -0.019860832020640373, 0.0359952338039875, -0.018353838473558426], [0.0005849205190315843, -0.007336587179452181, 0.005950465332716703, -0.007023000158369541, -0.0005551549838855863, -0.00451530609279871, 0.00573332654312253, -0.004388024099171162, -0.0014660140732303262, 0.005793812684714794, 0.005290500354021788, -0.018353838473558426, 0.03308287262916565]], "lowlevel.mfcc.cov": [[1165.270263671875, -91.93647003173828, 29.513734817504883, -105.71239471435547, -32.992645263671875, 34.0252685546875, -0.7201833128929138, -12.274770736694336, -10.190165519714355, 27.74207878112793, 13.724492073059082, -9.247794151306152, -14.228013038635254], [-91.93647003173828, 391.4617919921875, -153.80397033691406, 23.343191146850586, -39.98210144042969, -5.6960039138793945, 20.366283416748047, -24.232866287231445, 19.12151336669922, 5.9842987060546875, 20.085430145263672, 26.801536560058594, 7.142611980438232], [29.513734817504883, -153.80397033691406, 282.459716796875, 86.67938995361328, 44.00473403930664, -32.87722396850586, -56.75383758544922, -13.76941204071045, -35.085166931152344, -32.699615478515625, -1.6861608028411865, 4.308919429779053, 14.673895835876465], [-105.71239471435547, 23.343191146850586, 86.67938995361328, 204.9342498779297, 81.8192138671875, -23.731876373291016, -48.13721466064453, -10.123612403869629, 14.745041847229004, -18.552978515625, -14.677573204040527, 5.830924034118652, 23.94210433959961], [-32.992645263671875, -39.98210144042969, 44.00473403930664, 81.8192138671875, 131.30014038085938, 28.371082305908203, -39.31047821044922, -22.294090270996094, 6.6171369552612305, 4.58258581161499, -14.620402336120605, -9.759724617004395, 6.077325820922852], [34.0252685546875, -5.6960039138793945, -32.87722396850586, -23.731876373291016, 28.371082305908203, 103.42559051513672, 72.19457244873047, 21.910480499267578, 0.5625971555709839, 9.828978538513184, 7.299292087554932, -5.82817268371582, -9.474453926086426], [-0.7201833128929138, 20.366283416748047, -56.75383758544922, -48.13721466064453, -39.31047821044922, 72.19457244873047, 164.50001525878906, 75.4886703491211, 10.51809024810791, -6.0234832763671875, 8.89135456085205, 1.6082683801651, -14.6233549118042], [-12.274770736694336, -24.232866287231445, -13.76941204071045, -10.123612403869629, -22.294090270996094, 21.910480499267578, 75.4886703491211, 103.19685363769531, 47.4723014831543, 11.2444429397583, 1.2288172245025635, 0.8261224031448364, 4.7856926918029785], [-10.190165519714355, 19.12151336669922, -35.085166931152344, 14.745041847229004, 6.6171369552612305, 0.5625971555709839, 10.51809024810791, 47.4723014831543, 90.59922790527344, 50.474910736083984, 11.397000312805176, -2.126077890396118, 4.788690567016602], [27.74207878112793, 5.9842987060546875, -32.699615478515625, -18.552978515625, 4.58258581161499, 9.828978538513184, -6.0234832763671875, 11.2444429397583, 50.474910736083984, 93.05931091308594, 40.56637954711914, 4.374288082122803, -3.4699935913085938], [13.724492073059082, 20.085430145263672, -1.6861608028411865, -14.677573204040527, -14.620402336120605, 7.299292087554932, 8.89135456085205, 1.2288172245025635, 11.397000312805176, 40.56637954711914, 70.5257568359375, 30.378360748291016, -0.05037901923060417], [-9.247794151306152, 26.801536560058594, 4.308919429779053, 5.830924034118652, -9.759724617004395, -5.82817268371582, 1.6082683801651, 0.8261224031448364, -2.126077890396118, 4.374288082122803, 30.378360748291016, 58.06558609008789, 26.042163848876953], [-14.228013038635254, 7.142611980438232, 14.673895835876465, 23.94210433959961, 6.077325820922852, -9.474453926086426, -14.6233549118042, 4.7856926918029785, 4.788690567016602, -3.4699935913085938, -0.05037901923060417, 26.042163848876953, 59.312416076660156]], "lowlevel.mfcc.icov": [[0.0009505028720013797, 0.00012696266639977694, -0.0002877746010199189, 0.00044703506864607334, 0.00038849192787893116, -0.0006240303628146648, 0.0002453999186400324, 0.000304159038932994, -0.0002095859672408551, -0.0002240535250166431, 0.00013908129767514765, -5.619846433546627e-06, 6.337527793220943e-06], [0.00012696266639977694, 0.004382546991109848, 0.002643426414579153, -0.0022321990691125393, 0.0019508955301716924, -5.5986161896726117e-05, -0.0009698038338683546, 0.0029491842724382877, -0.0015230865683406591, 0.0009625419043004513, -0.0010006965603679419, -0.001161000574938953, -0.000247948250034824], [-0.0002877746010199189, 0.002643426414579153, 0.006820561829954386, -0.0030826625879853964, -0.0002847696014214307, 0.0013240331318229437, 0.0010435894364491105, -0.0012176574673503637, 0.002564613940194249, 0.001680749119259417, -0.003035671077668667, 0.00040012350655160844, -0.0005211884272284806], [0.00044703506864607334, -0.0022321990691125393, -0.0030826625879853964, 0.010091351345181465, -0.006420095916837454, 0.002646589418873191, -4.7869605623418465e-05, -0.0007166871801018715, -0.0028273104690015316, 0.0025093145668506622, 0.00010260555427521467, -0.0002347907138755545, -0.0013299321290105581], [0.00038849192787893116, 0.0019508955301716924, -0.0002847696014214307, -0.006420095916837454, 0.017292087897658348, -0.010571391321718693, 0.004842150956392288, 0.0036444736178964376, -0.0027333965990692377, -0.0015186797827482224, 0.003563990816473961, -0.0005054947105236351, 0.0003163742658216506], [-0.0006240303628146648, -5.5986161896726117e-05, 0.0013240331318229437, 0.002646589418873191, -0.010571391321718693, 0.022201985120773315, -0.01161591149866581, 0.0005706545780412853, 0.0035070255398750305, -0.002384596038609743, -0.002656178316101432, 0.0026582402642816305, -0.0014111431082710624], [0.0002453999186400324, -0.0009698038338683546, 0.0010435894364491105, -4.7869605623418465e-05, 0.004842150956392288, -0.01161591149866581, 0.018618371337652206, -0.01178924459964037, 0.002362371888011694, 0.003558033611625433, -0.0015448135090991855, -0.0013308546040207148, 0.003727149683982134], [0.000304159038932994, 0.0029491842724382877, -0.0012176574673503637, -0.0007166871801018715, 0.0036444736178964376, 0.0005706545780412853, -0.01178924459964037, 0.026195209473371506, -0.014767254702746868, 0.0018776754150167108, 0.00238229613751173, -0.0009966340148821473, -0.003252391703426838], [-0.0002095859672408551, -0.0015230865683406591, 0.002564613940194249, -0.0028273104690015316, -0.0027333965990692377, 0.0035070255398750305, 0.002362371888011694, -0.014767254702746868, 0.028009438887238503, -0.013653505593538284, 0.001139214145950973, 0.002703562378883362, -0.000992092303931713], [-0.0002240535250166431, 0.0009625419043004513, 0.001680749119259417, 0.0025093145668506622, -0.0015186797827482224, -0.002384596038609743, 0.003558033611625433, 0.0018776754150167108, -0.013653505593538284, 0.025649383664131165, -0.014330210164189339, 0.003634685417637229, -0.00010309025674359873], [0.00013908129767514765, -0.0010006965603679419, -0.003035671077668667, 0.00010260555427521467, 0.003563990816473961, -0.002656178316101432, -0.0015448135090991855, 0.00238229613751173, 0.001139214145950973, -0.014330210164189339, 0.03074656054377556, -0.01655476540327072, 0.005865350365638733], [-5.619846433546627e-06, -0.001161000574938953, 0.00040012350655160844, -0.0002347907138755545, -0.0005054947105236351, 0.0026582402642816305, -0.0013308546040207148, -0.0009966340148821473, 0.002703562378883362, 0.003634685417637229, -0.01655476540327072, 0.032768722623586655, -0.014044420793652534], [6.337527793220943e-06, -0.000247948250034824, -0.0005211884272284806, -0.0013299321290105581, 0.0003163742658216506, -0.0014111431082710624, 0.003727149683982134, -0.003252391703426838, -0.000992092303931713, -0.00010309025674359873, 0.005865350365638733, -0.014044420793652534, 0.024726053699851036]], "metadata.audio_properties.analysis.downmix": "mix", "metadata.audio_properties.codec": "mp3", "metadata.audio_properties.md5_encoded": "b7441e8634316b28344a9d72c8e0f7cd", "metadata.tags.file_name": "1183718017088110652.mp3", "metadata.version.essentia": "2.1-beta6-dev", "metadata.version.essentia_git_sha": "v2.1_beta5-1110-g77a6a954", "metadata.version.extractor": "music 2.0", "tonal.chords_key": "Eb", "tonal.chords_scale