{"song_id": "1183690668888051712", "download": "https://cdn.discordapp.com/attachments/1135903449314238464/1183690668888051712/chirp.mp4?ex=658940d7&amp", "lyrics": "\u05e8\u05e7\u05d3\u05d9 \u05db\u05e2\u05e9\u05df \u05d1\u05e6\u05d1\u05e2\u05d9\u05dd\n\u05d0\u05dc \u05de\u05d5\u05dc \u05d4\u05e8\u05d5\u05d7\n\u05e1\u05e4\u05e8\u05d9 \u05d0\u05d9\u05da \u05d6\u05d4 \u05dc\u05e9\u05db\u05d5\u05d7\n\u05e9\u05e4\u05e2\u05dd \u05d4\u05d9\u05d9\u05ea \u05d0\u05d3\u05dd\n\u05d5\u05d0\u05d9\u05da \u05d2\u05d5\u05e4\u05da \u05d1\u05d5\u05e2\u05e8 \u05d6\u05d5\u05d4\u05e8\n\u05de\u05ea\u05d5\u05da \u05ea\u05e0\u05d5\u05e2\u05d5\u05ea\u05d9\u05da\n\u05de\u05e6\u05d9\u05ea \u05d0\u05ea \u05db\u05dc \u05de\u05d9 \u05e9\u05de\u05d1\u05d9\u05d8\n\u05d0\u05dc\u05d9\u05da", "style": ["ethnic dance"], "essentia_features": {"lowlevel.average_loudness": 0.9206482172012329, "lowlevel.barkbands_crest.mean": 18.37987518310547, "lowlevel.barkbands_crest.stdev": 6.86575984954834, "lowlevel.barkbands_flatness_db.mean": 0.330702006816864, "lowlevel.barkbands_flatness_db.stdev": 0.13420505821704865, "lowlevel.barkbands_kurtosis.mean": 351.1013488769531, "lowlevel.barkbands_kurtosis.stdev": 771.013916015625, "lowlevel.barkbands_skewness.mean": 11.150378227233887, "lowlevel.barkbands_skewness.stdev": 11.7137451171875, "lowlevel.barkbands_spread.mean": 8.50402545928955, "lowlevel.barkbands_spread.stdev": 13.01379680633545, "lowlevel.dissonance.mean": 0.43675145506858826, "lowlevel.dissonance.stdev": 0.05243096128106117, "lowlevel.dynamic_complexity": 4.21585750579834, "lowlevel.erbbands_crest.mean": 14.286650657653809, "lowlevel.erbbands_crest.stdev": 6.439019680023193, "lowlevel.erbbands_flatness_db.mean": 0.16677744686603546, "lowlevel.erbbands_flatness_db.stdev": 0.05775544047355652, "lowlevel.erbbands_kurtosis.mean": 7.295652389526367, "lowlevel.erbbands_kurtosis.stdev": 12.847350120544434, "lowlevel.erbbands_skewness.mean": 1.922466516494751, "lowlevel.erbbands_skewness.stdev": 1.55399751663208, "lowlevel.erbbands_spread.mean": 56.9738883972168, "lowlevel.erbbands_spread.stdev": 37.27193832397461, "lowlevel.hfc.mean": 12.149378776550293, "lowlevel.hfc.stdev": 20.01881217956543, "lowlevel.loudness_ebu128.integrated": -16.64984893798828, "lowlevel.loudness_ebu128.loudness_range": 2.1197309494018555, "lowlevel.loudness_ebu128.momentary.mean": -17.37763214111328, "lowlevel.loudness_ebu128.momentary.stdev": 2.7483012676239014, "lowlevel.loudness_ebu128.short_term.mean": -16.681432723999023, "lowlevel.loudness_ebu128.short_term.stdev": 0.6945618391036987, "lowlevel.melbands_crest.mean": 24.57465362548828, "lowlevel.melbands_crest.stdev": 6.515463352203369, "lowlevel.melbands_flatness_db.mean": 0.4360617697238922, "lowlevel.melbands_flatness_db.stdev": 0.16095277667045593, "lowlevel.melbands_kurtosis.mean": 252.9889373779297, "lowlevel.melbands_kurtosis.stdev": 297.9391784667969, "lowlevel.melbands_skewness.mean": 8.706571578979492, "lowlevel.melbands_skewness.stdev": 5.965797424316406, "lowlevel.melbands_spread.mean": 5.905097007751465, "lowlevel.melbands_spread.stdev": 10.942822456359863, "lowlevel.pitch_salience.mean": 0.291476309299469, "lowlevel.pitch_salience.stdev": 0.20221588015556335, "lowlevel.silence_rate_20dB.mean": 0.9988412261009216, "lowlevel.silence_rate_20dB.stdev": 0.03402071073651314, "lowlevel.silence_rate_30dB.mean": 0.8256083726882935, "lowlevel.silence_rate_30dB.stdev": 0.37944385409355164, "lowlevel.silence_rate_60dB.mean": 0.09212051331996918, "lowlevel.silence_rate_60dB.stdev": 0.28919321298599243, "lowlevel.spectral_centroid.mean": 530.643310546875, "lowlevel.spectral_centroid.stdev": 506.2620849609375, "lowlevel.spectral_complexity.mean": 5.76767110824585, "lowlevel.spectral_complexity.stdev": 7.59185266494751, "lowlevel.spectral_decrease.mean": -1.5436132372315114e-08, "lowlevel.spectral_decrease.stdev": 1.6058471885571635e-08, "lowlevel.spectral_energy.mean": 0.05936145409941673, "lowlevel.spectral_energy.stdev": 0.06177148595452309, "lowlevel.spectral_energyband_high.mean": 0.0004900284111499786, "lowlevel.spectral_energyband_high.stdev": 0.001045422861352563, "lowlevel.spectral_energyband_low.mean": 0.051281124353408813, "lowlevel.spectral_energyband_low.stdev": 0.054680973291397095, "lowlevel.spectral_energyband_middle_high.mean": 0.001026636571623385, "lowlevel.spectral_energyband_middle_high.stdev": 0.002682375255972147, "lowlevel.spectral_energyband_middle_low.mean": 0.008253142237663269, "lowlevel.spectral_energyband_middle_low.stdev": 0.020217688754200935, "lowlevel.spectral_entropy.mean": 6.937160491943359, "lowlevel.spectral_entropy.stdev": 0.9228976368904114, "lowlevel.spectral_flux.mean": 0.09476064145565033, "lowlevel.spectral_flux.stdev": 0.09875080734491348, "lowlevel.spectral_kurtosis.mean": 4.0036821365356445, "lowlevel.spectral_kurtosis.stdev": 4.117157459259033, "lowlevel.spectral_rms.mean": 0.006625465117394924, "lowlevel.spectral_rms.stdev": 0.0037439141888171434, "lowlevel.spectral_rolloff.mean": 374.8464660644531, "lowlevel.spectral_rolloff.stdev": 998.666259765625, "lowlevel.spectral_skewness.mean": 1.8603209257125854, "lowlevel.spectral_skewness.stdev": 0.7429764866828918, "lowlevel.spectral_spread.mean": 7519483.5, "lowlevel.spectral_spread.stdev": 2165715.75, "lowlevel.spectral_strongpeak.mean": 0.5373582243919373, "lowlevel.spectral_strongpeak.stdev": 0.6433848738670349, "lowlevel.zerocrossingrate.mean": 0.02685546875, "lowlevel.zerocrossingrate.stdev": 0.029759392142295837, "metadata.audio_properties.analysis.equal_loudness": 0.0, "metadata.audio_properties.analysis.length": 40.04265213012695, "metadata.audio_properties.analysis.sample_rate": 44100.0, "metadata.audio_properties.analysis.start_time": 0.0, "metadata.audio_properties.bit_rate": 116426.0, "metadata.audio_properties.length": 40.042667388916016, "metadata.audio_properties.lossless": 0.0, "metadata.audio_properties.number_channels": 1.0, "metadata.audio_properties.replay_gain": -9.40855598449707, "metadata.audio_properties.sample_rate": 48000.0, "rhythm.beats_count": 77.0, "rhythm.beats_loudness.mean": 0.11813932657241821, "rhythm.beats_loudness.stdev": 0.08130302280187607, "rhythm.bpm": 117.13798522949219, "rhythm.bpm_histogram_first_peak_bpm": 117.0, "rhythm.bpm_histogram_first_peak_weight": 0.1486486792564392, "rhythm.bpm_histogram_second_peak_bpm": 101.0, "rhythm.bpm_histogram_second_peak_spread": 0.0, "rhythm.bpm_histogram_second_peak_weight": 0.01315789483487606, "rhythm.danceability": 1.3525938987731934, "rhythm.onset_rate": 4.0944294929504395, "tonal.chords_changes_rate": 0.06481481343507767, "tonal.chords_number_rate": 0.008101851679384708, "tonal.chords_strength.mean": 0.5706673860549927, "tonal.chords_strength.stdev": 0.09470684081315994, "tonal.hpcp_crest.mean": 12.763838768005371, "tonal.hpcp_crest.stdev": 4.433759689331055, "tonal.hpcp_entropy.mean": 1.9385309219360352, "tonal.hpcp_entropy.stdev": 0.6401882767677307, "tonal.key_edma.strength": 0.6058711409568787, "tonal.key_krumhansl.strength": 0.6193884611129761, "tonal.key_temperley.strength": 0.6195025444030762, "tonal.tuning_diatonic_strength": 0.3433673083782196, "tonal.tuning_equal_tempered_deviation": 0.18570338189601898, "tonal.tuning_frequency": 434.193115234375, "tonal.tuning_nontempered_energy_ratio": 0.8179374933242798, "lowlevel.barkbands.mean": [0.0017978603718802333, 0.039672963321208954, 0.008176459930837154, 0.0022895620204508305, 0.001111913938075304, 0.0008055227808654308, 0.00032716061105020344, 0.001196379424072802, 0.0023855692707002163, 0.00032718575675971806, 0.00022131534933578223, 7.93482395238243e-05, 9.537974983686581e-05, 0.00012791271728929132, 6.766949809389189e-05, 4.1104685806203634e-05, 3.8492878957185894e-05, 2.9329326935112476e-05, 3.9639504393562675e-05, 7.140827074181288e-05, 5.137110565556213e-05, 8.347959374077618e-05, 9.446882177144289e-05, 0.00014451201423071325, 4.4385284127201885e-05, 4.1110699385171756e-05, 2.4922284236339465e-09], "lowlevel.barkbands.stdev": [0.002716195536777377, 0.044461656361818314, 0.022375570610165596, 0.007990097627043724, 0.004391711670905352, 0.0026715353596955538, 0.0014028463046997786, 0.004510648548603058, 0.008990602567791939, 0.0010360698215663433, 0.0006452256930060685, 0.00026778699248097837, 0.00032696849666535854, 0.00042156956624239683, 0.00023621365835424513, 0.0001288021303480491, 0.00012681381485890597, 9.050422522705048e-05, 0.00012064195470884442, 0.0002529892371967435, 0.00014924076094757766, 0.00021546432981267571, 0.00024309204309247434, 0.00027376541402190924, 9.320663957623765e-05, 9.15783311938867e-05, 3.742489340652355e-08], "lowlevel.erbbands.mean": [1.3686211109161377, 8.03469467163086, 9.6206693649292, 10.36845588684082, 4.340747356414795, 3.398958683013916, 6.273379802703857, 5.810882568359375, 4.490935802459717, 6.545324802398682, 49.257408142089844, 43.816715240478516, 19.465087890625, 9.306150436401367, 7.363401889801025, 3.1185619831085205, 4.073227882385254, 6.735781192779541, 4.729935646057129, 2.803020715713501, 2.102294921875, 2.2440025806427, 1.635225534439087, 1.6055549383163452, 2.9677248001098633, 3.112774133682251, 2.554659605026245, 1.582964301109314, 2.3973846435546875, 3.178468704223633, 2.9217309951782227, 4.140559673309326, 1.5078880786895752, 0.3139776587486267, 0.41616520285606384, 0.34622520208358765, 0.029140159487724304, 0.0006665444234386086, 5.988697739667259e-05, 6.918793951626867e-05], "lowlevel.erbbands.stdev": [1.538683295249939, 9.656203269958496, 21.280197143554688, 31.48982048034668, 17.25032615661621, 13.922141075134277, 21.93744468688965, 20.118846893310547, 18.478897094726562, 22.591732025146484, 197.3118133544922, 160.52418518066406, 80.7061996459961, 25.74540901184082, 21.529855728149414, 10.473159790039062, 13.531102180480957, 22.013315200805664, 16.670085906982422, 8.57303237915039, 6.310919761657715, 7.195573806762695, 4.903254985809326, 4.774679660797119, 9.27325439453125, 11.08549976348877, 7.791319370269775, 4.526564598083496, 6.539927959442139, 7.993556499481201, 7.469886302947998, 7.895956039428711, 3.094205617904663, 0.8056212067604065, 0.8131082653999329, 0.7296566367149353, 0.08480125665664673, 0.0019570202566683292, 9.091442916542292e-05, 7.166311843320727e-05], "lowlevel.gfcc.mean": [-113.33268737792969, 88.45809173583984, -32.165409088134766, 38.626014709472656, -62.825843811035156, 51.8448371887207, -13.551474571228027, 37.50048828125, -5.471412658691406, 8.397087097167969, -14.003995895385742, -6.709843158721924, -9.692205429077148], "lowlevel.melbands.mean": [0.01188523881137371, 0.006718570366501808, 0.0015695181209594011, 0.0002459599345456809, 0.00020399229833856225, 0.00013519627100322396, 6.810924969613552e-05, 6.694257899653167e-05, 0.0004917840124107897, 0.00026033030007965863, 9.233328455593437e-05, 3.6227971577318385e-05, 2.8449141609598882e-05, 1.0684885637601838e-05, 7.1213858063856605e-06, 1.0534861758060288e-05, 1.2662722838285845e-05, 8.017855179787148e-06, 4.600638021656778e-06, 3.216228151359246e-06, 2.2160027128848014e-06, 2.3042687189445132e-06, 1.9202459498046665e-06, 1.277965907320322e-06, 1.2499642707552994e-06, 1.5674590940761846e-06, 2.912337322413805e-06, 1.8580240066512488e-06, 1.6080067553048139e-06, 1.336983132205205e-06, 7.33706201572204e-07, 1.0311722462574835e-06, 2.2271224224823527e-06, 1.4466700122284237e-06, 1.43739066515991e-06, 2.136744569725124e-06, 2.8219199066370493e-06, 1.2469780585888657e-06, 3.3554908895894187e-07, 2.2143150602005335e-07], "lowlevel.melbands.stdev": [0.013026464730501175, 0.009696723893284798, 0.004670634865760803, 0.001030805753543973, 0.0007081975345499814, 0.00045793698518536985, 0.00028383522294461727, 0.0002353021700400859, 0.0020072893239557743, 0.00095779710682109, 0.00039238837780430913, 0.00010293899686075747, 8.28225165605545e-05, 3.469502189545892e-05, 3.0493896701955236e-05, 3.4763492294587195e-05, 4.2261890484951437e-05, 2.9306538635864854e-05, 1.4919329260010272e-05, 1.0390046554675791e-05, 6.765584657841828e-06, 7.688170626352075e-06, 6.0034535636077635e-06, 4.037538019474596e-06, 3.800796321229427e-06, 4.9318468882120214e-06, 1.0103240128955804e-05, 7.027223091427004e-06, 5.290251010592328e-06, 3.862124685838353e-06, 2.2323035864246776e-06, 2.99989460472716e-06, 5.755787697125925e-06, 3.8144933114381274e-06, 3.931709215976298e-06, 5.030952706874814e-06, 5.3157564252614975e-06, 2.587501739981235e-06, 8.94053471256484e-07, 6.35583603525447e-07], "lowlevel.melbands128.mean": [0.0016680387780070305, 0.01037223357707262, 0.01825913041830063, 0.011237937025725842, 0.00528704933822155, 0.00403614342212677, 0.002342520048841834, 0.0007870070985518396, 0.00037071038968861103, 0.00022318423725664616, 0.00016446292283944786, 0.00018056946282740682, 0.00023133176728151739, 0.00021914122044108808, 0.0001334189873887226, 9.400281123816967e-05, 7.3795577918645e-05, 5.937006062595174e-05, 6.674128235317767e-05, 6.23440500930883e-05, 5.672063707606867e-05, 0.00010677200771169737, 0.0007489363197237253, 0.0006552254199050367, 0.0001778139267116785, 0.00018908260972239077, 0.00016892260464373976, 6.755773938493803e-05, 4.530521255219355e-05, 3.37619858328253e-05, 3.412789374124259e-05, 3.790296977967955e-05, 3.0971084925113246e-05, 2.0776513338205405e-05, 1.2714480362774339e-05, 8.118508958432358e-06, 6.089843736845069e-06, 6.65410289002466e-06, 8.042614354053512e-06, 8.242112016887404e-06, 1.037660513247829e-05, 1.5037072444101796e-05, 1.413842346664751e-05, 1.0681916137400549e-05, 9.684769793238956e-06, 7.308661224669777e-06, 6.6569614318723325e-06, 4.897603503195569e-06, 3.6550602544593858e-06, 3.2475491025252268e-06, 3.4165166198363295e-06, 2.9067459763609804e-06, 2.190272425650619e-06, 2.063455212919507e-06, 1.8597559119370999e-06, 2.4333735382242594e-06, 2.6003697257692693e-06, 2.238697788925492e-06, 1.6862899201441905e-06, 1.1808878070951323e-06, 1.2503418247433729e-06, 1.3310141184774693e-06, 1.3459839465213008e-06, 1.1886262427651673e-06, 1.147304715232167e-06, 1.341531742582447e-06, 1.7499401110399049e-06, 3.0428043373831315e-06, 3.6978035495849326e-06, 2.030159976129653e-06, 1.7599529655853985e-06, 1.8543340729593183e-06, 1.4450438357016537e-06, 1.686750351836963e-06, 1.6372673599107657e-06, 1.4415595614991616e-06, 1.204624254569353e-06, 8.730713147997449e-07, 6.234291163309535e-07, 6.412046786863357e-07, 7.277105851244414e-07, 1.2017212611681316e-06, 1.771033794284449e-06, 2.4637231490487466e-06, 2.604017481644405e-06, 1.7322258827334736e-06, 9.394564699505281e-07, 9.794167681320687e-07, 1.3589769878308289e-06, 1.853123762884934e-06, 2.0787410903722048e-06, 2.1139999262231868e-06, 2.3431582576449728e-06, 3.5249536267656367e-06, 2.6771172088047024e-06, 1.574251086822187e-06, 1.0103419754159404e-06, 6.556728635587206e-07, 2.481317267211125e-07, 2.5792061819629453e-07, 1.617161586864313e-07, 1.9712723542397725e-07, 3.160254209433333e-07, 2.6809033215613454e-07, 2.688501012926281e-07, 7.529615118073707e-07, 8.445424555247882e-07, 7.066096259222832e-07, 6.161102419355302e-07, 6.930459335308115e-07, 2.462047064000217e-07, 6.697485588347263e-08, 5.1477644369413156e-09, 1.2322494136185469e-09, 1.6034085170701928e-09, 2.4265950360202737e-10, 2.2251582521004565e-11, 2.0850637189040455e-11, 1.699442149505348e-11, 1.5274745010507296e-11, 7.450315538115593e-12, 5.9316102377082736e-12, 5.566066271084358e-12, 5.4693857949594804e-12, 5.3408124277287694e-12, 5.176207986540282e-12, 5.081162920972382e-12, 5.0462680908913704e-12], "lowlevel.melbands128.stdev": [0.002577628241851926, 0.012504437938332558, 0.021713024005293846, 0.014712722040712833, 0.011057420633733273, 0.011417590081691742, 0.007478951942175627, 0.0029511030297726393, 0.0017713989363983274, 0.0010895059676840901, 0.0007612628978677094, 0.0007667210302315652, 0.000874824938364327, 0.000805815914645791, 0.0005099166301079094, 0.0003813728108070791, 0.0003406547475606203, 0.0002706166997086257, 0.0003227202105335891, 0.0002630559611134231, 0.00021308688155841082, 0.0004083008097950369, 0.003196753328666091, 0.0028193555772304535, 0.0007903350051492453, 0.0008105962187983096, 0.0009893912356346846, 0.0002646224165800959, 0.0001613419590285048, 0.00011321846977807581, 0.00010626070434227586, 0.00012202205834910274, 9.691324521554634e-05, 7.683982403250411e-05, 4.3480569729581475e-05, 3.206772817065939e-05, 2.427515937597491e-05, 3.67177817679476e-05, 3.8627513276878744e-05, 2.849257543857675e-05, 4.0839819121174514e-05, 5.768749542767182e-05, 5.180996231501922e-05, 4.4013842853019014e-05, 3.908380676875822e-05, 3.322680640849285e-05, 2.769334241747856e-05, 1.7507627489976585e-05, 1.2898985005449504e-05, 1.1406233170419e-05, 1.3166616554372013e-05, 1.0117202691617422e-05, 7.169014679675456e-06, 7.092330179148121e-06, 7.397070021397667e-06, 8.482747944071889e-06, 1.0061933608085383e-05, 7.818283847882412e-06, 5.795206561742816e-06, 4.2388423935335595e-06, 4.2697756725829095e-06, 4.932207957608625e-06, 4.565360541164409e-06, 3.997102794528473e-06, 3.977742835559184e-06, 5.038725703343516e-06, 5.830605459777871e-06, 1.1253134289290756e-05, 1.4081484550843015e-05, 8.998879820865113e-06, 7.3957380664069206e-06, 7.376265330094611e-06, 6.261977432586718e-06, 5.946544661128428e-06, 5.337674338079523e-06, 4.521050414041383e-06, 3.718512743944302e-06, 2.9608829663629876e-06, 2.0764521195815178e-06, 2.2476835965790087e-06, 2.374295945628546e-06, 3.867283339786809e-06, 5.810540642414708e-06, 6.792216026951792e-06, 6.768831553927157e-06, 5.0903208830277435e-06, 2.91341984848259e-06, 3.049229235330131e-06, 3.98399424739182e-06, 5.690326361218467e-06, 6.0001329984515905e-06, 5.210884410189465e-06, 4.842810540139908e-06, 6.9496777541644406e-06, 5.532456725632073e-06, 3.3497626645839773e-06, 2.3523346044385107e-06, 1.9581682408897905e-06, 7.509491979362792e-07, 7.313985292967118e-07, 5.966993512629415e-07, 6.972868504817598e-07, 9.171163810606231e-07, 6.61254034639569e-07, 6.215616394911194e-07, 1.4310573988041142e-06, 1.7152777900264482e-06, 1.6993155895761447e-06, 1.380884555146622e-06, 1.5690058035033871e-06, 8.387981438318093e-07, 5.165664447304152e-07, 6.389328177647258e-08, 2.311410085553689e-08, 3.1529740596170086e-08, 3.809465187742944e-09, 4.75985362236031e-10, 4.960776234241848e-10, 3.7244901607280667e-10, 3.3061378634791083e-10, 4.6939369058307534e-11, 1.3383995300930707e-11, 1.1224717336166812e-11, 1.1035681916904405e-11, 1.0875204382865267e-11, 1.0747623277462814e-11, 1.0655106137680281e-11, 1.0597991234595483e-11], "lowlevel.mfcc.mean": [-786.775634765625, 128.26780700683594, 75.08879852294922, 16.33084487915039, 5.095640659332275, 18.060409545898438, 13.04333782196045, 30.25492286682129, 14.287639617919922, 38.137123107910156, 4.656498908996582, 10.669499397277832, -4.228991508483887], "lowlevel.spectral_contrast_coeffs.mean": [-0.6825790405273438, -0.8070555925369263, -0.7687972187995911, -0.8626293540000916, -0.8518401384353638, -0.7462142705917358], "lowlevel.spectral_contrast_coeffs.stdev": [0.07952413707971573, 0.08158206939697266, 0.05837014690041542, 0.029184019193053246, 0.02831152267754078, 0.06351399421691895], "lowlevel.spectral_contrast_valleys.mean": [-7.324303150177002, -7.570343494415283, -8.725262641906738, -9.415389060974121, -9.399832725524902, -11.68563175201416], "lowlevel.spectral_contrast_valleys.stdev": [1.0110366344451904, 1.0771840810775757, 1.3032339811325073, 1.430179238319397, 1.397054672241211, 1.5998132228851318], "rhythm.beats_loudness_band_ratio.mean": [0.8540342450141907, 0.016595812514424324, 0.10277866572141647, 0.015868255868554115, 0.004311030264943838, 0.01153884269297123], "rhythm.beats_loudness_band_ratio.stdev": [0.18184883892536163, 0.01912149414420128, 0.16834872961044312, 0.020359380170702934, 0.006268166471272707, 0.013312432914972305], "tonal.hpcp.mean": [0.03140360489487648, 0.030269818380475044, 0.04084337130188942, 0.06976688653230667, 0.07771078497171402, 0.07489723712205887, 0.09800917655229568, 0.20522330701351166, 0.2983090579509735, 0.2678687274456024, 0.19181306660175323, 0.1257183849811554, 0.08480550348758698, 0.061650555580854416, 0.04889421910047531, 0.04071342572569847, 0.036198582500219345, 0.060311440378427505, 0.09385927766561508, 0.07325523346662521, 0.03859163075685501, 0.02935001812875271, 0.025032110512256622, 0.028845127671957016, 0.040927138179540634, 0.044693805277347565, 0.054774098098278046, 0.06518169492483139, 0.05582638084888458, 0.07036875933408737, 0.13578030467033386, 0.14538165926933289, 0.08136998116970062, 0.04622983932495117, 0.04012847691774368, 0.03455091267824173], "tonal.hpcp.stdev": [0.13658609986305237, 0.13737741112709045, 0.1561218500137329, 0.2186294049024582, 0.222290500998497, 0.20857791602611542, 0.24740207195281982, 0.33871689438819885, 0.4037356376647949, 0.35485926270484924, 0.31926247477531433, 0.2657109797000885, 0.22171734273433685, 0.1934318095445633, 0.16719451546669006, 0.15798592567443848, 0.14683260023593903, 0.1653917133808136, 0.2263338714838028, 0.17974843084812164, 0.14128564298152924, 0.12177492678165436, 0.11269677430391312, 0.11619951575994492, 0.1507691591978073, 0.15647834539413452, 0.17297759652137756, 0.18818838894367218, 0.17062579095363617, 0.17874503135681152, 0.2692861557006836, 0.2852085828781128, 0.21463297307491302, 0.15933385491371155, 0.1521461009979248, 0.14413423836231232], "rhythm.beats_position": [0.5804988741874695, 1.172607660293579, 1.7066665887832642, 2.2291154861450195, 2.739954710006714, 3.2624034881591797, 3.7848525047302246, 4.29569149017334, 4.806530475616455, 5.31736946105957, 5.8282084465026855, 6.339047431945801, 6.849886417388916, 7.360725402832031, 7.8715643882751465, 8.382403373718262, 8.893242835998535, 9.404081344604492, 9.914920806884766, 10.425759315490723, 10.936598777770996, 11.447437286376953, 11.958276748657227, 12.469115257263184, 12.979954719543457, 13.490793228149414, 14.001632690429688, 14.512471199035645, 15.034920692443848, 15.545759201049805, 16.056598663330078, 16.57904815673828, 17.089885711669922, 17.600725173950195, 18.11156463623047, 18.622404098510742, 19.133241653442383, 19.644081115722656, 20.15492057800293, 20.665760040283203, 21.176597595214844, 21.687437057495117, 22.19827651977539, 22.709115982055664, 23.231563568115234, 23.754013061523438, 24.26485252380371, 24.775691986083984, 25.286529541015625, 25.7973690032959, 26.308208465576172, 26.819047927856445, 27.329885482788086, 27.84072494506836, 28.351564407348633, 28.862403869628906, 29.373241424560547, 29.88408088684082, 30.406530380249023, 30.917369842529297, 31.439817428588867, 31.95065689086914, 32.449886322021484, 32.960723876953125, 33.48317337036133, 33.994014739990234, 34.504852294921875, 35.015689849853516, 35.52653121948242, 36.03736877441406, 36.5482063293457, 37.05904769897461, 37.56988525390625, 38.080726623535156, 38.5915641784668, 39.10240173339844, 39.613243103027344], "rhythm.bpm_histogram": [0.0, 0.0, 0.0, 0.0, 0.0, 0.0, 0.0, 0.0, 0.0, 0.0, 0.0, 0.0, 0.0, 0.0, 0.0, 0.0, 0.0, 0.0, 0.0, 0.0, 0.0, 0.0, 0.0, 0.0, 0.0, 0.0, 0.0, 0.0, 0.0, 0.0, 0.0, 0.0, 0.0, 0.0, 0.0, 0.0, 0.0, 0.0, 0.0, 0.0, 0.0, 0.0, 0.0, 0.0, 0.0, 0.0, 0.0, 0.0, 0.0, 0.0, 0.0, 0.0, 0.0, 0.0, 0.0, 0.0, 0.0, 0.0, 0.0, 0.0, 0.0, 0.0, 0.0, 0.0, 0.0, 0.0, 0.0, 0.0, 0.0, 0.0, 0.0, 0.0, 0.0, 0.0, 0.0, 0.0, 0.0, 0.0, 0.0, 0.0, 0.0, 0.0, 0.0, 0.0, 0.0, 0.0, 0.0, 0.0, 0.0, 0.0, 0.0, 0.0, 0.0, 0.0, 0.0, 0.0, 0.0, 0.0, 0.0, 0.0, 0.0, 0.01315789483487606, 0.0, 0.0, 0.0, 0.0, 0.0, 0.0, 0.0, 0.0, 0.0, 0.0, 0.01315789483487606, 0.0, 0.0, 0.1315789520740509, 0.0, 0.8289473652839661, 0.0, 0.0, 0.01315789483487606, 0.0, 0.0, 0.0, 0.0, 0.0, 0.0, 0.0, 0.0, 0.0, 0.0, 0.0, 0.0, 0.0, 0.0, 0.0, 0.0, 0.0, 0.0, 0.0, 0.0, 0.0, 0.0, 0.0, 0.0, 0.0, 0.0, 0.0, 0.0, 0.0, 0.0, 0.0, 0.0, 0.0, 0.0, 0.0, 0.0, 0.0, 0.0, 0.0, 0.0, 0.0, 0.0, 0.0, 0.0, 0.0, 0.0, 0.0, 0.0, 0.0, 0.0, 0.0, 0.0, 0.0, 0.0, 0.0, 0.0, 0.0, 0.0, 0.0, 0.0, 0.0, 0.0, 0.0, 0.0, 0.0, 0.0, 0.0, 0.0, 0.0, 0.0, 0.0, 0.0, 0.0, 0.0, 0.0, 0.0, 0.0, 0.0, 0.0, 0.0, 0.0, 0.0, 0.0, 0.0, 0.0, 0.0, 0.0, 0.0, 0.0, 0.0, 0.0, 0.0, 0.0, 0.0, 0.0, 0.0, 0.0, 0.0, 0.0, 0.0, 0.0, 0.0, 0.0, 0.0, 0.0, 0.0, 0.0, 0.0, 0.0, 0.0, 0.0, 0.0, 0.0, 0.0, 0.0, 0.0, 0.0, 0.0, 0.0, 0.0, 0.0, 0.0, 0.0, 0.0, 0.0, 0.0, 0.0, 0.0, 0.0], "tonal.chords_histogram": [35.06944274902344, 2.777777671813965, 0.0, 0.0, 0.0, 0.0, 0.0, 0.0, 0.0, 0.0, 5.902777671813965, 0.0, 0.0, 0.0, 0.0, 0.0, 0.3472222089767456, 40.046295166015625, 9.953703880310059, 0.8101851940155029, 0.0, 0.0, 1.1574074029922485, 3.935185194015503], "tonal.thpcp": [1.0, 0.8979570865631104, 0.643001139163971, 0.42143669724464417, 0.28428739309310913, 0.2066667228937149, 0.1639045774936676, 0.1364806890487671, 0.12134590744972229, 0.20217770338058472, 0.3146377205848694, 0.24556824564933777, 0.12936794757843018, 0.0983879566192627, 0.08391334116458893, 0.0966954454779625, 0.1371971070766449, 0.14982382953166962, 0.18361526727676392, 0.2185039073228836, 0.1871427595615387, 0.2358921319246292, 0.4551665484905243, 0.48735249042510986, 0.2727707326412201, 0.15497297048568726, 0.1345198005437851, 0.11582253873348236, 0.10527204722166061, 0.10147133469581604, 0.13691629469394684, 0.23387451469898224, 0.26050427556037903, 0.25107261538505554, 0.3285491168498993, 0.6879553198814392], "lowlevel.gfcc.cov": [[12058.416015625, -604.0933837890625, -3167.3994140625, 153.0736846923828, -632.9893188476562, -462.70111083984375, -885.28564453125, -527.5480346679688, -564.9086303710938, 122.66988372802734, -276.38763427734375, 338.23895263671875, -78.02659606933594], [-604.0933837890625, 645.0711669921875, 449.93267822265625, -2.2190163135528564, 210.77780151367188, -41.086612701416016, 127.135009765625, -62.06346130371094, 55.98210525512695, -134.14344787597656, 14.32259464263916, -147.69285583496094, -15.564241409301758], [-3167.3994140625, 449.93267822265625, 1758.5419921875, 193.5227508544922, 405.5874938964844, 207.8990936279297, 399.1062927246094, 184.6644744873047, 232.608642578125, -125.20133209228516, 92.79190826416016, -218.67921447753906, -69.11116027832031], [153.0736846923828, -2.2190163135528564, 193.5227508544922, 217.8543243408203, 140.95729064941406, 28.168983459472656, 29.79572296142578, -25.611682891845703, -16.81163215637207, -21.257482528686523, 13.610891342163086, -13.15619945526123, -24.19353485107422], [-632.9893188476562, 210.77780151367188, 405.5874938964844, 140.95729064941406, 314.1413269042969, 90.65071868896484, 173.36822509765625, 25.30036163330078, 76.79095458984375, -52.116939544677734, 57.49781799316406, -62.80488204956055, 5.6536736488342285], [-462.70111083984375, -41.086612701416016, 207.8990936279297, 28.168983459472656, 90.65071868896484, 160.33140563964844, 135.68467712402344, 99.5427474975586, 83.29283142089844, 1.9962533712387085, 32.115333557128906, -19.259117126464844, 14.28258228302002], [-885.28564453125, 127.135009765625, 399.1062927246094, 29.79572296142578, 173.36822509765625, 135.68467712402344, 275.89569091796875, 145.56927490234375, 162.09158325195312, -17.728288650512695, 53.919166564941406, -63.43381881713867, 28.445743560791016], [-527.5480346679688, -62.06346130371094, 184.6644744873047, -25.611682891845703, 25.30036163330078, 99.5427474975586, 145.56927490234375, 175.9758758544922, 133.3278350830078, 30.445171356201172, 26.049327850341797, -21.7641544342041, 20.40717887878418], [-564.9086303710938, 55.98210525512695, 232.608642578125, -16.81163215637207, 76.79095458984375, 83.29283142089844, 162.09158325195312, 133.3278350830078, 181.0903778076172, 27.043678283691406, 56.46241760253906, -30.83402442932129, 34.2139892578125], [122.66988372802734, -134.14344787597656, -125.20133209228516, -21.257482528686523, -52.116939544677734, 1.9962533712387085, -17.728288650512695, 30.445171356201172, 27.043678283691406, 82.9765396118164, 25.716514587402344, 46.20258712768555, 21.114282608032227], [-276.38763427734375, 14.32259464263916, 92.79190826416016, 13.610891342163086, 57.49781799316406, 32.115333557128906, 53.919166564941406, 26.049327850341797, 56.46241760253906, 25.716514587402344, 101.2678451538086, 32.591068267822266, 51.17607879638672], [338.23895263671875, -147.69285583496094, -218.67921447753906, -13.15619945526123, -62.80488204956055, -19.259117126464844, -63.43381881713867, -21.7641544342041, -30.83402442932129, 46.20258712768555, 32.591068267822266, 114.2203140258789, 51.40888595581055], [-78.02659606933594, -15.564241409301758, -69.11116027832031, -24.19353485107422, 5.6536736488342285, 14.28258228302002, 28.445743560791016, 20.40717887878418, 34.2139892578125, 21.114282608032227, 51.17607879638672, 51.40888595581055, 92.61531829833984]], "lowlevel.gfcc.icov": [[0.00024681896320544183, -0.00042412514449097216, 0.0005683148046955466, -0.0009425339521840215, 0.00039890833431854844, -0.00024643485085107386, 0.0002207959769293666, -0.00021540798479691148, -0.00022229256865102798, 7.945513789309189e-05, 8.54784157127142e-05, -0.0004040351777803153, 0.0005488826427608728], [-0.00042412514449097216, 0.007484581787139177, -0.0016116007464006543, 0.004865198861807585, -0.003383237635716796, 0.004842227324843407, -0.0024698013439774513, 0.006280690897256136, -0.003233579685911536, 0.005452518351376057, -0.0013898290926590562, 0.005695980973541737, -0.0026390068233013153], [0.0005683148046955466, -0.0016116007464006543, 0.002698431722819805, -0.0030869150068610907, 0.0009731815080158412, -0.001042923773638904, 0.0001729500072542578, -0.0017487271688878536, -0.0006216856418177485, 0.0012881526490673423, -0.0014013613108545542, -0.00036646027001552284, 0.0027625730726867914], [-0.0009425339521840215, 0.004865198861807585, -0.0030869150068610907, 0.013326769694685936, -0.007448396645486355, 0.0025548094417899847, -0.0010215815855190158, 0.0038039260543882847, 0.0012765981955453753, 0.000563490204513073, -0.0003233150055166334, 0.001688119606114924, -0.0006208257400430739], [0.00039890833431854844, -0.003383237635716796, 0.0009731815080158412, -0.007448396645486355, 0.0119862025603652, -0.0038365828804671764, -0.0037798434495925903, 0.002099985722452402, -0.0006248623831197619, 0.0005014745984226465, -0.002515428466722369, -0.0003139159525744617, 0.0007868794491514564], [-0.00024643485085107386, 0.004842227324843407, -0.001042923773638904, 0.0025548094417899847, -0.0038365828804671764, 0.015912678092718124, -0.005209492519497871, -0.0017782857175916433, 2.968475382658653e-05, 0.003584254300221801, -0.0015371929621323943, 0.0019954703748226166, -0.0008189610671252012], [0.0002207959769293666, -0.0024698013439774513, 0.0001729500072542578, -0.0010215815855190158, -0.0037798434495925903, -0.005209492519497871, 0.017689961940050125, -0.008402639999985695, -0.004371458198875189, 0.0018269616411998868, 0.0003971011028625071, 0.0006282625254243612, -0.00228429539129138], [-0.00021540798479691148, 0.006280690897256136, -0.0017487271688878536, 0.0038039260543882847, 0.002099985722452402, -0.0017782857175916433, -0.008402639999985695, 0.026857754215598106, -0.012286676093935966, -0.00011058481322834268, 0.0031808053608983755, 0.0038596077356487513, -0.0019641828257590532], [-0.00022229256865102798, -0.003233579685911536, -0.0006216856418177485, 0.0012765981955453753, -0.0006248623831197619, 2.968475382658653e-05, -0.004371458198875189, -0.012286676093935966, 0.023852689191699028, -0.009847445413470268, -0.004383263178169727, 0.0032187397591769695, -0.0027089021168649197], [7.945513789309189e-05, 0.005452518351376057, 0.0012881526490673423, 0.000563490204513073, 0.0005014745984226465, 0.003584254300221801, 0.0018269616411998868, -0.00011058481322834268, -0.009847445413470268, 0.02965470589697361, -0.006947357207536697, -0.0029475856572389603, 0.0033238076139241457], [8.54784157127142e-05, -0.0013898290926590562, -0.0014013613108545542, -0.0003233150055166334, -0.002515428466722369, -0.0015371929621323943, 0.0003971011028625071, 0.0031808053608983755, -0.004383263178169727, -0.006947357207536697, 0.022586239501833916, -0.007268167100846767, -0.006966815795749426], [-0.0004040351777803153, 0.005695980973541737, -0.00036646027001552284, 0.001688119606114924, -0.0003139159525744617, 0.0019954703748226166, 0.0006282625254243612, 0.0038596077356487513, 0.0032187397591769695, -0.0029475856572389603, -0.007268167100846767, 0.027813006192445755, -0.012486991472542286], [0.0005488826427608728, -0.0026390068233013153, 0.0027625730726867914, -0.0006208257400430739, 0.0007868794491514564, -0.0008189610671252012, -0.00228429539129138, -0.0019641828257590532, -0.0027089021168649197, 0.0033238076139241457, -0.006966815795749426, -0.012486991472542286, 0.024952106177806854]], "lowlevel.mfcc.cov": [[15129.6015625, -1652.6455078125, -2714.090087890625, -383.18609619140625, -518.232666015625, -259.2081604003906, -676.0443725585938, -847.3642578125, -476.6011962890625, -963.325439453125, -336.22247314453125, -389.1065979003906, 42.65531539916992], [-1652.6455078125, 815.5367431640625, 437.61956787109375, 174.509521484375, 121.45606994628906, 91.2171859741211, 102.04779052734375, 150.32615661621094, 44.55540466308594, 143.12867736816406, 21.423120498657227, 45.197635650634766, -60.48612594604492], [-2714.090087890625, 437.61956787109375, 918.5353393554688, 215.57388305664062, 187.26092529296875, 83.79558563232422, 169.04249572753906, 211.53121948242188, 94.68616485595703, 222.9100799560547, 85.1639404296875, 97.37481689453125, -13.456897735595703], [-383.18609619140625, 174.509521484375, 215.57388305664062, 261.387939453125, 123.48400115966797, 94.54947662353516, 70.20356750488281, 59.23394012451172, 1.7855397462844849, 15.299352645874023, 15.171844482421875, 32.71485900878906, 5.320256233215332], [-518.232666015625, 121.45606994628906, 187.26092529296875, 123.48400115966797, 166.74229431152344, 72.93142700195312, 82.87593841552734, 54.360294342041016, 20.274375915527344, 26.042909622192383, 27.046531677246094, 28.675830841064453, 11.613791465759277], [-259.2081604003906, 91.2171859741211, 83.79558563232422, 94.54947662353516, 72.93142700195312, 125.32088470458984, 67.18419647216797, 69.08648681640625, 12.511548042297363, 31.546680450439453, 9.061983108520508, 28.450777053833008, 0.9231729507446289], [-676.0443725585938, 102.04779052734375, 169.04249572753906, 70.20356750488281, 82.87593841552734, 67.18419647216797, 142.5419158935547, 97.41714477539062, 66.8431396484375, 66.31696319580078, 40.221290588378906, 38.0876579284668, 5.710848808288574], [-847.3642578125, 150.32615661621094, 211.53121948242188, 59.23394012451172, 54.360294342041016, 69.08648681640625, 97.41714477539062, 191.2996063232422, 91.83866119384766, 143.80929565429688, 49.56186294555664, 58.53374481201172, -8.317970275878906], [-476.6011962890625, 44.55540466308594, 94.68616485595703, 1.7855397462844849, 20.274375915527344, 12.511548042297363, 66.8431396484375, 91.83866119384766, 150.15841674804688, 97.53121948242188, 67.18629455566406, 31.23310089111328, -3.797621965408325], [-963.325439453125, 143.12867736816406, 222.9100799560547, 15.299352645874023, 26.042909622192383, 31.546680450439453, 66.31696319580078, 143.80929565429688, 97.53121948242188, 212.14630126953125, 66.2031021118164, 66.85159301757812, -15.034908294677734], [-336.22247314453125, 21.423120498657227, 85.1639404296875, 15.171844482421875, 27.046531677246094, 9.061983108520508, 40.221290588378906, 49.56186294555664, 67.18629455566406, 66.2031021118164, 86.87007141113281, 36.86052703857422, 16.14423370361328], [-389.1065979003906, 45.197635650634766, 97.37481689453125, 32.71485900878906, 28.675830841064453, 28.450777053833008, 38.0876579284668, 58.53374481201172, 31.23310089111328, 66.85159301757812, 36.86052703857422, 80.33348846435547, 15.054898262023926], [42.65531539916992, -60.48612594604492, -13.456897735595703, 5.320256233215332, 11.613791465759277, 0.9231729507446289, 5.710848808288574, -8.317970275878906, -3.797621965408325, -15.034908294677734, 16.14423370361328, 15.054898262023926, 69.19967651367188]], "lowlevel.mfcc.icov": [[0.00017175344692077488, 0.00012057102139806375, 0.0004098548088222742, -0.00025127659318968654, 9.477198545937426e-06, -3.232574454159476e-05, 0.0002626831701491028, 1.219297814714082e-06, 2.798926470859442e-05, 0.0001983143883990124, -7.776890561217442e-05, 8.96896599442698e-05, 0.00011910263128811494], [0.00012057102139806375, 0.002039584331214428, -0.0002579778665676713, -0.0007851513219065964, -0.0002816672786138952, -0.00020112722995691001, 0.00017231525271199644, -0.0003788333560805768, 0.00028346580802462995, -0.0004430233093444258, 0.00032779082539491355, 0.00026302956393919885, 0.0014944400172680616], [0.0004098548088222742, -0.0002579778665676713, 0.0033770850859582424, -0.0016521248035132885, -0.0012727027060464025, 0.0015246219700202346, -0.0003621235373429954, -0.0005971210193820298, 0.0007843581261113286, -0.0011563989100977778, -0.00042366335401311517, 1.81523610081058e-05, 0.0003436669649090618], [-0.00025127659318968654, -0.0007851513219065964, -0.0016521248035132885, 0.007985697127878666, -0.0028870296664536, -0.0033522408921271563, 0.00033110950607806444, -0.00043032466783188283, 0.0003426755138207227, 0.001895466004498303, -0.0003960549074690789, -0.0011330865090712905, -0.00024689678684808314], [9.477198545937426e-06, -0.0002816672786138952, -0.0012727027060464025, -0.0028870296664536, 0.012771734036505222, -0.003019549883902073, -0.003941280301660299, 0.0012193787842988968, 0.0003834355156868696, 0.0012913394020870328, -0.0018373089842498302, 0.0002643367333803326, -0.0012361948611214757], [-3.232574454159476e-05, -0.00020112722995691001, 0.0015246219700202346, -0.0033522408921271563, -0.003019549883902073, 0.01592579297721386, -0.003963513299822807, -0.004392493050545454, 0.0023367844987660646, -0.00015729706501588225, 0.00151509465649724, -0.0015901902224868536, 0.0005783099913969636], [0.0002626831701491028, 0.00017231525271199644, -0.0003621235373429954, 0.00033110950607806444, -0.003941280301660299, -0.003963513299822807, 0.01648765057325363, -0.003904083278030157, -0.004152033478021622, 0.0022021434269845486, -0.0006240757065825164, -0.00047893080045469105, -0.0007224088185466826], [1.219297814714082e-06, -0.0003788333560805768, -0.0005971210193820298, -0.00043032466783188283, 0.0012193787842988968, -0.004392493050545454, -0.003904083278030157, 0.016587356105446815, -0.003777578007429838, -0.0070363497361540794, 0.002191385021433234, -0.0016531406436115503, -0.0001326163182966411], [2.798926470859442e-05, 0.00028346580802462995, 0.0007843581261113286, 0.0003426755138207227, 0.0003834355156868696, 0.0023367844987660646, -0.004152033478021622, -0.003777578007429838, 0.014728096313774586, -0.0022598253563046455, -0.007988259196281433, 0.002111415145918727, 0.0018713364843279123], [0.0001983143883990124, -0.0004430233093444258, -0.0011563989100977778, 0.001895466004498303, 0.0012913394020870328, -0.00015729706501588225, 0.0022021434269845486, -0.0070363497361540794, -0.0022598253563046455, 0.01488262414932251, -0.0038179014809429646, -0.004784320946782827, 0.0029188471380621195], [-7.776890561217442e-05, 0.00032779082539491355, -0.00042366335401311517, -0.0003960549074690789, -0.0018373089842498302, 0.00151509465649724, -0.0006240757065825164, 0.002191385021433234, -0.007988259196281433, -0.0038179014809429646, 0.022909149527549744, -0.004402870777994394, -0.0047691380605101585], [8.96896599442698e-05, 0.00026302956393919885, 1.81523610081058e-05, -0.0011330865090712905, 0.0002643367333803326, -0.0015901902224868536, -0.00047893080045469105, -0.0016531406436115503, 0.002111415145918727, -0.004784320946782827, -0.004402870777994394, 0.021079620346426964, -0.004399517085403204], [0.00011910263128811494, 0.0014944400172680616, 0.0003436669649090618, -0.00024689678684808314, -0.0012361948611214757, 0.0005783099913969636, -0.0007224088185466826, -0.0001326163182966411, 0.0018713364843279123, 0.0029188471380621195, -0.0047691380605101585, -0.004399517085403204, 0.01881968043744564]], "metadata.audio_properties.analysis.downmix": "mix", "metadata.audio_properties.codec": "mp3", "metadata.aud