{"song_id": "1183681393868410910", "download": "https://cdn.discordapp.com/attachments/1135911532732108921/1183681393868410910/chirp.mp4?ex=65893834&amp", "lyrics": "[Verse]\nIn the realm of QA, we rise\nWith eagle eyes, we scrutinize\nBugs and errors, we'll neutralize\nImproving systems, reaching the skies\n\n[Chorus]\nQuality Assurance, our guiding light\nWe ensure perfection, with all our might\nTesting and debugging, both day and night\nQA warriors, we strive for what's right", "style": ["random"], "essentia_features": {"lowlevel.average_loudness": 0.974036693572998, "lowlevel.barkbands_crest.mean": 19.635656356811523, "lowlevel.barkbands_crest.stdev": 4.617807865142822, "lowlevel.barkbands_flatness_db.mean": 0.353059321641922, "lowlevel.barkbands_flatness_db.stdev": 0.11275658756494522, "lowlevel.barkbands_kurtosis.mean": 91.27629852294922, "lowlevel.barkbands_kurtosis.stdev": 146.42953491210938, "lowlevel.barkbands_skewness.mean": 5.653058052062988, "lowlevel.barkbands_skewness.stdev": 4.434579372406006, "lowlevel.barkbands_spread.mean": 6.515771865844727, "lowlevel.barkbands_spread.stdev": 11.198105812072754, "lowlevel.dissonance.mean": 0.4236351251602173, "lowlevel.dissonance.stdev": 0.062021706253290176, "lowlevel.dynamic_complexity": 2.233222484588623, "lowlevel.erbbands_crest.mean": 12.8817138671875, "lowlevel.erbbands_crest.stdev": 5.279487609863281, "lowlevel.erbbands_flatness_db.mean": 0.19970864057540894, "lowlevel.erbbands_flatness_db.stdev": 0.05719727277755737, "lowlevel.erbbands_kurtosis.mean": 4.512598991394043, "lowlevel.erbbands_kurtosis.stdev": 8.353614807128906, "lowlevel.erbbands_skewness.mean": 0.7579345703125, "lowlevel.erbbands_skewness.stdev": 1.7251859903335571, "lowlevel.erbbands_spread.mean": 43.72674560546875, "lowlevel.erbbands_spread.stdev": 39.67795181274414, "lowlevel.hfc.mean": 28.20494842529297, "lowlevel.hfc.stdev": 40.228546142578125, "lowlevel.loudness_ebu128.integrated": -14.196305274963379, "lowlevel.loudness_ebu128.loudness_range": 1.8611526489257812, "lowlevel.loudness_ebu128.momentary.mean": -14.522037506103516, "lowlevel.loudness_ebu128.momentary.stdev": 1.8505991697311401, "lowlevel.loudness_ebu128.short_term.mean": -14.307217597961426, "lowlevel.loudness_ebu128.short_term.stdev": 0.6934425234794617, "lowlevel.melbands_crest.mean": 30.808805465698242, "lowlevel.melbands_crest.stdev": 8.08757209777832, "lowlevel.melbands_flatness_db.mean": 0.4420802593231201, "lowlevel.melbands_flatness_db.stdev": 0.14429369568824768, "lowlevel.melbands_kurtosis.mean": 244.18197631835938, "lowlevel.melbands_kurtosis.stdev": 522.9273681640625, "lowlevel.melbands_skewness.mean": 8.945745468139648, "lowlevel.melbands_skewness.stdev": 8.233779907226562, "lowlevel.melbands_spread.mean": 8.910908699035645, "lowlevel.melbands_spread.stdev": 26.899951934814453, "lowlevel.pitch_salience.mean": 0.25415295362472534, "lowlevel.pitch_salience.stdev": 0.18600018322467804, "lowlevel.silence_rate_20dB.mean": 0.9639389514923096, "lowlevel.silence_rate_20dB.stdev": 0.18644286692142487, "lowlevel.silence_rate_30dB.mean": 0.17475728690624237, "lowlevel.silence_rate_30dB.stdev": 0.37975960969924927, "lowlevel.silence_rate_60dB.mean": 0.02357836253941059, "lowlevel.silence_rate_60dB.stdev": 0.15172991156578064, "lowlevel.spectral_centroid.mean": 937.754150390625, "lowlevel.spectral_centroid.stdev": 1029.41162109375, "lowlevel.spectral_complexity.mean": 8.898751258850098, "lowlevel.spectral_complexity.stdev": 7.637742042541504, "lowlevel.spectral_decrease.mean": -5.317265205917465e-08, "lowlevel.spectral_decrease.stdev": 2.8048940947655865e-08, "lowlevel.spectral_energy.mean": 0.20324406027793884, "lowlevel.spectral_energy.stdev": 0.10599657893180847, "lowlevel.spectral_energyband_high.mean": 0.0012667899718508124, "lowlevel.spectral_energyband_high.stdev": 0.004382890183478594, "lowlevel.spectral_energyband_low.mean": 0.1850321888923645, "lowlevel.spectral_energyband_low.stdev": 0.10550282150506973, "lowlevel.spectral_energyband_middle_high.mean": 0.004037913400679827, "lowlevel.spectral_energyband_middle_high.stdev": 0.009108681231737137, "lowlevel.spectral_energyband_middle_low.mean": 0.013791188597679138, "lowlevel.spectral_energyband_middle_low.stdev": 0.027116235345602036, "lowlevel.spectral_entropy.mean": 6.961396217346191, "lowlevel.spectral_entropy.stdev": 0.8240147829055786, "lowlevel.spectral_flux.mean": 0.10468320548534393, "lowlevel.spectral_flux.stdev": 0.1028410941362381, "lowlevel.spectral_kurtosis.mean": 8.376853942871094, "lowlevel.spectral_kurtosis.stdev": 9.25195598602295, "lowlevel.spectral_rms.mean": 0.013280535116791725, "lowlevel.spectral_rms.stdev": 0.004681230057030916, "lowlevel.spectral_rolloff.mean": 574.8224487304688, "lowlevel.spectral_rolloff.stdev": 1683.491943359375, "lowlevel.spectral_skewness.mean": 2.109665632247925, "lowlevel.spectral_skewness.stdev": 1.2057713270187378, "lowlevel.spectral_spread.mean": 4847075.5, "lowlevel.spectral_spread.stdev": 2498002.75, "lowlevel.spectral_strongpeak.mean": 1.00224769115448, "lowlevel.spectral_strongpeak.stdev": 0.9141496419906616, "lowlevel.zerocrossingrate.mean": 0.02540891058743, "lowlevel.zerocrossingrate.stdev": 0.053256236016750336, "metadata.audio_properties.analysis.equal_loudness": 0.0, "metadata.audio_properties.analysis.length": 16.703990936279297, "metadata.audio_properties.analysis.sample_rate": 44100.0, "metadata.audio_properties.analysis.start_time": 0.0, "metadata.audio_properties.bit_rate": 122307.0, "metadata.audio_properties.length": 16.70400047302246, "metadata.audio_properties.lossless": 0.0, "metadata.audio_properties.number_channels": 1.0, "metadata.audio_properties.replay_gain": -8.338775634765625, "metadata.audio_properties.sample_rate": 48000.0, "rhythm.beats_count": 30.0, "rhythm.beats_loudness.mean": 0.2358846366405487, "rhythm.beats_loudness.stdev": 0.13231249153614044, "rhythm.bpm": 111.2107925415039, "rhythm.bpm_histogram_first_peak_bpm": 112.0, "rhythm.bpm_histogram_first_peak_weight": 0.517241358757019, "rhythm.bpm_histogram_second_peak_bpm": 0.0, "rhythm.bpm_histogram_second_peak_spread": 0.0, "rhythm.bpm_histogram_second_peak_weight": 0.0, "rhythm.danceability": 1.1319986581802368, "rhythm.onset_rate": 5.38330078125, "tonal.chords_changes_rate": 0.07756232470273972, "tonal.chords_number_rate": 0.01939058117568493, "tonal.chords_strength.mean": 0.5073847770690918, "tonal.chords_strength.stdev": 0.05269426852464676, "tonal.hpcp_crest.mean": 12.571697235107422, "tonal.hpcp_crest.stdev": 4.736680507659912, "tonal.hpcp_entropy.mean": 2.086259365081787, "tonal.hpcp_entropy.stdev": 0.7018598914146423, "tonal.key_edma.strength": 0.4774683713912964, "tonal.key_krumhansl.strength": 0.4911707937717438, "tonal.key_temperley.strength": 0.506658673286438, "tonal.tuning_diatonic_strength": 0.6192190051078796, "tonal.tuning_equal_tempered_deviation": 0.1946536898612976, "tonal.tuning_frequency": 434.193115234375, "tonal.tuning_nontempered_energy_ratio": 0.8322741985321045, "lowlevel.barkbands.mean": [0.02545187622308731, 0.15448954701423645, 0.004275243729352951, 0.002719168784096837, 0.002327744849026203, 0.005826893262565136, 0.0013332472881302238, 0.0009470086661167443, 0.0005320745985955, 0.0011036894284188747, 0.0005953640793450177, 0.0005350300343707204, 0.00041060775402002037, 0.00035234098322689533, 0.0002288421819685027, 0.00019556732149794698, 0.00017292576376348734, 0.0001923318486660719, 0.00022130546858534217, 0.00014925423602107912, 0.00019889947725459933, 0.00027362757828086615, 0.0003520817554090172, 0.0002449577732477337, 7.977590576047078e-05, 3.4212971513625234e-05, 5.865036882823915e-07], "lowlevel.barkbands.stdev": [0.01625438779592514, 0.09280260652303696, 0.023079045116901398, 0.01366855762898922, 0.008902329951524734, 0.009497297927737236, 0.0033770024310797453, 0.0027489804197102785, 0.0015578333986923099, 0.004549182951450348, 0.002222059527412057, 0.0018501966260373592, 0.0012353314086794853, 0.001057309447787702, 0.0006350206676870584, 0.0007086400873959064, 0.000556227401830256, 0.0010674576042219996, 0.0013577057980000973, 0.0011070086620748043, 0.001164472778327763, 0.0009601221536286175, 0.0011039741802960634, 0.0007987902499735355, 0.0002770212013274431, 0.0001345052442047745, 4.0975869524118025e-06], "lowlevel.erbbands.mean": [9.040282249450684, 16.09183120727539, 5.919878005981445, 8.1489896774292, 8.148541450500488, 6.9312872886657715, 25.27225112915039, 53.0103874206543, 20.55588150024414, 28.50472640991211, 14.833965301513672, 12.908964157104492, 21.8333797454834, 35.05181121826172, 25.569124221801758, 19.95005226135254, 19.185834884643555, 17.64866828918457, 15.007232666015625, 11.763842582702637, 10.240009307861328, 10.034793853759766, 10.363032341003418, 11.00655746459961, 9.595797538757324, 7.5080766677856445, 7.639986991882324, 8.275053024291992, 9.483359336853027, 10.817877769470215, 9.372357368469238, 5.803638935089111, 3.744661808013916, 1.225088357925415, 0.4394332766532898, 0.16505305469036102, 0.061153262853622437, 0.008247796446084976, 0.0002591638476587832, 0.00022980190988164395], "lowlevel.erbbands.stdev": [4.929748058319092, 15.645819664001465, 25.72762107849121, 39.018882751464844, 35.075599670410156, 30.700578689575195, 53.58378219604492, 96.74210357666016, 46.46992492675781, 73.83586120605469, 41.55201721191406, 36.251338958740234, 75.45885467529297, 132.10731506347656, 85.15095520019531, 64.19204711914062, 56.290035247802734, 52.29973602294922, 42.81791305541992, 36.34186935424805, 35.415924072265625, 33.30094528198242, 52.30146026611328, 66.71737670898438, 60.213111877441406, 56.107261657714844, 50.88698959350586, 42.23352813720703, 34.21384811401367, 31.831897735595703, 30.675575256347656, 18.798009872436523, 12.677194595336914, 4.071640491485596, 1.6322458982467651, 0.7055583596229553, 0.22138598561286926, 0.033896055072546005, 0.0006869095377624035, 0.00011477895895950496], "lowlevel.gfcc.mean": [-50.50032424926758, 105.0657958984375, -59.489662170410156, 47.105712890625, -43.5648193359375, 26.164947509765625, -30.311365127563477, 9.194783210754395, -0.5763066411018372, 2.3436777591705322, 6.232678413391113, 11.150973320007324, -0.2501426935195923], "lowlevel.melbands.mean": [0.05795961618423462, 0.007678738329559565, 0.0014005659613758326, 0.0004956231568939984, 0.0007637591334059834, 0.0011360628996044397, 0.0003129532851744443, 0.00030159606831148267, 0.00010368670336902142, 7.889231346780434e-05, 0.00011710554827004671, 0.0001531672605779022, 8.362963126273826e-05, 6.743342964909971e-05, 4.235711458022706e-05, 4.048689879709855e-05, 3.161465429002419e-05, 2.5892717530950904e-05, 1.6935724488575943e-05, 1.4368688425747678e-05, 1.1341219760652166e-05, 1.014654480968602e-05, 1.0453531103848945e-05, 8.415035154030193e-06, 8.91922081791563e-06, 8.473722118651494e-06, 5.079845777800074e-06, 4.927507688989863e-06, 4.557160082185874e-06, 5.002554189559305e-06, 4.743087174574612e-06, 5.392043021856807e-06, 5.294810762279667e-06, 6.556313110195333e-06, 5.858551958226599e-06, 4.029206593259005e-06, 3.4365725696261507e-06, 2.96485723083606e-06, 1.5292440593839274e-06, 8.67106450641586e-07], "lowlevel.melbands.stdev": [0.03225873410701752, 0.013656940311193466, 0.006470249034464359, 0.00210971524938941, 0.0016903538489714265, 0.0019879501778632402, 0.0006901951273903251, 0.0007725597242824733, 0.0003035719564650208, 0.0002339766506338492, 0.0004245431919116527, 0.0006028140196576715, 0.00031077279709279537, 0.0002388439461356029, 0.00014901859685778618, 0.00012729180161841214, 9.666358528193086e-05, 8.142863225657493e-05, 4.927474947180599e-05, 5.0970127631444484e-05, 4.0094804717227817e-05, 3.335781366331503e-05, 4.308512870920822e-05, 5.039636016590521e-05, 5.448241427075118e-05, 5.3450123232323676e-05, 3.344986907904968e-05, 3.893281609634869e-05, 3.194359669578262e-05, 3.142427158309147e-05, 2.2658927264274098e-05, 2.0572213543346152e-05, 1.721401531540323e-05, 1.9439590687397867e-05, 1.9933162548113614e-05, 1.3618760931422003e-05, 1.1393596651032567e-05, 1.0454562470840756e-05, 4.9823975132312626e-06, 3.160495907650329e-06], "lowlevel.melbands128.mean": [0.024737626314163208, 0.09248128533363342, 0.059501249343156815, 0.01641010493040085, 0.0028349976055324078, 0.002169267972931266, 0.0017099856631830335, 0.001261280383914709, 0.0008067042799666524, 0.0003997731546405703, 0.00032239037682302296, 0.00041057044290937483, 0.0007843842031434178, 0.0013198666274547577, 0.0014696624130010605, 0.0009453847305849195, 0.00030484379385598004, 0.0001931703882291913, 0.00028741522692143917, 0.0003840171848423779, 0.00028349796775728464, 0.0001483886007918045, 6.715192284900695e-05, 7.131642632884905e-05, 8.915488433558494e-05, 8.240823808591813e-05, 5.633055843645707e-05, 7.681666465941817e-05, 0.0002185680641559884, 0.00020830002904403955, 0.00011139030539197847, 8.459608943667263e-05, 8.473264460917562e-05, 7.823133637430146e-05, 8.324556256411597e-05, 6.578007742064074e-05, 3.829466731986031e-05, 4.123224061913788e-05, 4.3504664063220844e-05, 4.5550234062829986e-05, 3.630631908890791e-05, 3.958018351113424e-05, 3.0497862098854966e-05, 2.7492684239405207e-05, 3.404750896152109e-05, 2.46589734160807e-05, 1.773687472450547e-05, 1.8563983758213e-05, 1.444415556761669e-05, 1.7030804883688688e-05, 1.3715974091610406e-05, 1.3204358765506186e-05, 1.1843404536193702e-05, 1.03510637927684e-05, 1.0239788025501184e-05, 1.062020419340115e-05, 9.289475201512687e-06, 1.0689024747989606e-05, 1.1578540579648688e-05, 8.806551704765297e-06, 7.789166375005152e-06, 8.458218871965073e-06, 8.090092705970164e-06, 9.840711754804943e-06, 8.932701348385308e-06, 9.908329047902953e-06, 7.01048747941968e-06, 5.1761589929810725e-06, 4.2598221625667065e-06, 5.806213266623672e-06, 4.377515324449632e-06, 5.257261818769621e-06, 4.22168295699521e-06, 4.93698644277174e-06, 4.2190404201392084e-06, 4.9017789933714084e-06, 5.865892035217257e-06, 3.917564299626974e-06, 4.711477686214494e-06, 4.974406692781486e-06, 6.097723598941229e-06, 5.056041572970571e-06, 5.115288331580814e-06, 5.287030944600701e-06, 5.605467322311597e-06, 5.484436769620515e-06, 7.350909527303884e-06, 7.744849426671863e-06, 5.547939053940354e-06, 4.924073891743319e-06, 4.38434199168114e-06, 3.996394752903143e-06, 2.879863131965976e-06, 3.7633901683875592e-06, 3.39509438163077e-06, 3.203869027856854e-06, 3.0782714475208195e-06, 2.3916131794976536e-06, 1.5154995480770594e-06, 1.0968202559524798e-06, 9.659354418545263e-07, 8.968664815256489e-07, 6.625843411711685e-07, 5.416371209321369e-07, 4.940608278047876e-07, 3.951560643145058e-07, 3.517079107950849e-07, 2.97186289799356e-07, 3.0323917599162087e-07, 2.1829592355970817e-07, 2.2323315818084666e-07, 2.1353611145968898e-07, 2.0765031649716548e-07, 1.7244678929273505e-07, 1.4393862102224375e-07, 1.0437217667913501e-07, 2.4490333316862234e-08, 3.58314866666376e-09, 1.6584822404297483e-10, 2.0219012228372968e-11, 1.971819929558194e-11, 1.800270696405981e-11, 1.6609175840232027e-11, 1.6208451247834432e-11, 1.5456105145750243e-11, 1.4406089168805813e-11, 1.3854330876972298e-11, 1.371791309018322e-11], "lowlevel.melbands128.stdev": [0.01562916673719883, 0.050419148057699203, 0.03966078907251358, 0.02463221736252308, 0.015497789718210697, 0.010966124013066292, 0.008665023371577263, 0.006081005558371544, 0.0034122185315936804, 0.0019734278321266174, 0.0017894068732857704, 0.0017223183531314135, 0.002124088117852807, 0.0027244898956269026, 0.0029290567617863417, 0.00251957681030035, 0.0010012326529249549, 0.0007061303476803005, 0.0008492530323565006, 0.001247023930773139, 0.0009728260920383036, 0.0005824124091304839, 0.00030784166301600635, 0.00032022380037233233, 0.00031876788125373423, 0.0003473851829767227, 0.0002548829943407327, 0.00034282435080967844, 0.0010426952503621578, 0.0012024416355416179, 0.00046043258043937385, 0.0003825603926088661, 0.00045545370085164905, 0.0003217557386960834, 0.00037518664612434804, 0.00032034312607720494, 0.000167674821568653, 0.0002296876918990165, 0.00017919014499057084, 0.0001871789718279615, 0.0001590541796758771, 0.00017880802624858916, 0.00011938678653677925, 0.0001079239445971325, 0.00013334221148397774, 0.00010815414862008765, 5.5963359045563266e-05, 6.623170338571072e-05, 5.074687214801088e-05, 6.149274850031361e-05, 6.388334440998733e-05, 4.7251673095161095e-05, 4.673238072427921e-05, 4.135756898904219e-05, 3.8431633583968505e-05, 4.188543607597239e-05, 2.8451031539589167e-05, 4.15179347328376e-05, 5.9894155128858984e-05, 5.1460356189636514e-05, 5.432059697341174e-05, 5.9657133533619344e-05, 4.6521221520379186e-05, 6.896886770846322e-05, 5.5114924180088565e-05, 6.770219624741003e-05, 4.3737178202718496e-05, 3.431383447605185e-05, 2.956749995064456e-05, 5.058566966908984e-05, 3.795803422690369e-05, 4.6069220843492076e-05, 3.563726568245329e-05, 3.797413228312507e-05, 2.7446201784186997e-05, 3.258626747992821e-05, 4.049708877573721e-05, 2.1362353436416015e-05, 2.3475346097256988e-05, 2.188691905757878e-05, 2.8248685339349322e-05, 1.8040542272501625e-05, 1.8459266357240267e-05, 1.8468903363100253e-05, 1.9749113562284037e-05, 1.7114622096414678e-05, 2.331955147383269e-05, 2.667834451131057e-05, 2.1043084416305646e-05, 1.887727194116451e-05, 1.5197739230643492e-05, 1.532243004476186e-05, 9.1985803010175e-06, 1.2862533367297146e-05, 1.2516594324551988e-05, 1.1563247426238377e-05, 1.1579252714000177e-05, 8.395635632041376e-06, 5.041022632212844e-06, 4.060667379235383e-06, 3.3815072129073087e-06, 4.045623882120708e-06, 2.5606218514440116e-06, 2.059618964267429e-06, 2.2188389721122803e-06, 1.6518964685019455e-06, 1.4155989447317552e-06, 1.283333290302835e-06, 1.664081992203137e-06, 9.262785738428647e-07, 1.1554158163562533e-06, 8.696450777279097e-07, 7.288436449925939e-07, 6.170974984343047e-07, 5.784177687928604e-07, 5.32720889623306e-07, 1.5059494273828022e-07, 5.011781922803493e-08, 1.803892701879306e-09, 6.747177122568004e-11, 6.30629992670606e-11, 4.737465975068744e-11, 4.38224040388846e-11, 4.1547539714192894e-11, 3.5045431834301866e-11, 2.7741055980134988e-11, 2.6251658832854297e-11, 2.6093275110050662e-11], "lowlevel.mfcc.mean": [-710.453369140625, 134.33172607421875, 49.39350891113281, 31.040699005126953, 25.48619842529297, 18.6810359954834, -0.7767869234085083, 17.069446563720703, -1.1228790283203125, 2.6953887939453125, 7.396366596221924, 6.031322956085205, 11.025106430053711], "lowlevel.spectral_contrast_coeffs.mean": [-0.686082124710083, -0.697063684463501, -0.787025511264801, -0.8013033866882324, -0.786835253238678, -0.7784242033958435], "lowlevel.spectral_contrast_coeffs.stdev": [0.09118055552244186, 0.10823507606983185, 0.08640489727258682, 0.06759501993656158, 0.05665231868624687, 0.05094963684678078], "lowlevel.spectral_contrast_valleys.mean": [-6.683084011077881, -7.4998860359191895, -8.232667922973633, -8.554152488708496, -8.771369934082031, -10.659367561340332], "lowlevel.spectral_contrast_valleys.stdev": [1.0986430644989014, 0.8887290954589844, 0.9654067754745483, 1.0201445817947388, 1.0984936952590942, 1.1809900999069214], "rhythm.beats_loudness_band_ratio.mean": [0.7598657011985779, 0.08302829414606094, 0.024525197222828865, 0.04194503277540207, 0.036885105073451996, 0.05986823886632919], "rhythm.beats_loudness_band_ratio.stdev": [0.3608761131763458, 0.1607065051794052, 0.04830816388130188, 0.1154368668794632, 0.08946216851472855, 0.14562934637069702], "tonal.hpcp.mean": [0.04446226358413696, 0.027881039306521416, 0.015907078981399536, 0.011860320344567299, 0.014835935086011887, 0.021429480984807014, 0.029763683676719666, 0.03211419656872749, 0.02546895295381546, 0.022485624998807907, 0.021275945007801056, 0.016990480944514275, 0.015283320099115372, 0.016300763934850693, 0.02039349265396595, 0.021538928151130676, 0.020855145528912544, 0.020039048045873642, 0.02401270903646946, 0.03566348925232887, 0.0372936837375164, 0.05109303072094917, 0.0742168128490448, 0.21432264149188995, 0.4811362028121948, 0.34178271889686584, 0.0551808699965477, 0.04469747468829155, 0.04737633094191551, 0.050257422029972076, 0.1986854523420334, 0.2687282860279083, 0.1195031926035881, 0.04033076763153076, 0.031340282410383224, 0.03947579115629196], "tonal.hpcp.stdev": [0.17707182466983795, 0.12417197972536087, 0.08074092119932175, 0.06609927117824554, 0.07444978505373001, 0.10222071409225464, 0.12170878052711487, 0.13421498239040375, 0.10250459611415863, 0.08594006299972534, 0.08834473043680191, 0.0809585452079773, 0.07491563260555267, 0.07913969457149506, 0.09806237369775772, 0.09678938239812851, 0.1003694087266922, 0.09524211287498474, 0.10378198325634003, 0.14614906907081604, 0.15451273322105408, 0.1614588350057602, 0.22695836424827576, 0.2822093665599823, 0.4720393717288971, 0.3756803274154663, 0.16419312357902527, 0.15445147454738617, 0.17043320834636688, 0.15652722120285034, 0.33233875036239624, 0.42071405053138733, 0.23273873329162598, 0.16185219585895538, 0.12682102620601654, 0.1522683948278427], "rhythm.beats_position": [0.5572788715362549, 1.09133780002594, 1.6253968477249146, 2.1594557762145996, 2.693514585494995, 3.2275736331939697, 3.773242473602295, 4.318911552429199, 4.852970600128174, 5.38702917098999, 5.921088218688965, 6.4551472663879395, 6.989206314086914, 7.523265361785889, 8.057324409484863, 8.614603042602539, 9.137051582336426, 9.659501075744629, 10.193559646606445, 10.739229202270508, 11.284897804260254, 11.84217643737793, 12.387845993041992, 12.933514595031738, 13.467573165893555, 14.013242721557617, 14.558911323547363, 15.10457992553711, 15.661859512329102, 16.20752716064453], "rhythm.bpm_histogram": [0.0, 0.0, 0.0, 0.0, 0.0, 0.0, 0.0, 0.0, 0.0, 0.0, 0.0, 0.0, 0.0, 0.0, 0.0, 0.0, 0.0, 0.0, 0.0, 0.0, 0.0, 0.0, 0.0, 0.0, 0.0, 0.0, 0.0, 0.0, 0.0, 0.0, 0.0, 0.0, 0.0, 0.0, 0.0, 0.0, 0.0, 0.0, 0.0, 0.0, 0.0, 0.0, 0.0, 0.0, 0.0, 0.0, 0.0, 0.0, 0.0, 0.0, 0.0, 0.0, 0.0, 0.0, 0.0, 0.0, 0.0, 0.0, 0.0, 0.0, 0.0, 0.0, 0.0, 0.0, 0.0, 0.0, 0.0, 0.0, 0.0, 0.0, 0.0, 0.0, 0.0, 0.0, 0.0, 0.0, 0.0, 0.0, 0.0, 0.0, 0.0, 0.0, 0.0, 0.0, 0.0, 0.0, 0.0, 0.0, 0.0, 0.0, 0.0, 0.0, 0.0, 0.0, 0.0, 0.0, 0.0, 0.0, 0.0, 0.0, 0.0, 0.0, 0.0, 0.0, 0.0, 0.0, 0.0, 0.0, 0.1034482792019844, 0.0, 0.3448275923728943, 0.0, 0.48275861144065857, 0.0, 0.0, 0.06896551698446274, 0.0, 0.0, 0.0, 0.0, 0.0, 0.0, 0.0, 0.0, 0.0, 0.0, 0.0, 0.0, 0.0, 0.0, 0.0, 0.0, 0.0, 0.0, 0.0, 0.0, 0.0, 0.0, 0.0, 0.0, 0.0, 0.0, 0.0, 0.0, 0.0, 0.0, 0.0, 0.0, 0.0, 0.0, 0.0, 0.0, 0.0, 0.0, 0.0, 0.0, 0.0, 0.0, 0.0, 0.0, 0.0, 0.0, 0.0, 0.0, 0.0, 0.0, 0.0, 0.0, 0.0, 0.0, 0.0, 0.0, 0.0, 0.0, 0.0, 0.0, 0.0, 0.0, 0.0, 0.0, 0.0, 0.0, 0.0, 0.0, 0.0, 0.0, 0.0, 0.0, 0.0, 0.0, 0.0, 0.0, 0.0, 0.0, 0.0, 0.0, 0.0, 0.0, 0.0, 0.0, 0.0, 0.0, 0.0, 0.0, 0.0, 0.0, 0.0, 0.0, 0.0, 0.0, 0.0, 0.0, 0.0, 0.0, 0.0, 0.0, 0.0, 0.0, 0.0, 0.0, 0.0, 0.0, 0.0, 0.0, 0.0, 0.0, 0.0, 0.0, 0.0, 0.0, 0.0, 0.0, 0.0, 0.0, 0.0, 0.0, 0.0, 0.0, 0.0, 0.0, 0.0, 0.0, 0.0, 0.0, 0.0, 0.0, 0.0, 0.0, 0.0, 0.0], "tonal.chords_histogram": [41.551246643066406, 0.0, 2.493074893951416, 0.0, 0.0, 0.2770083248615265, 0.0, 1.108033299446106, 0.0, 23.26869773864746, 6.371191024780273, 0.0, 0.0, 0.0, 0.0, 0.0, 0.0, 0.0, 0.0, 0.0, 0.0, 0.0, 4.432133197784424, 20.498615264892578], "tonal.thpcp": [1.0, 0.7103658318519592, 0.11468866467475891, 0.09289983659982681, 0.09846761077642441, 0.10445570945739746, 0.4129505455493927, 0.558528482913971, 0.24837705492973328, 0.08382401615381241, 0.0651380643248558, 0.08204701542854309, 0.09241097420454025, 0.05794832855463028, 0.03306148946285248, 0.02465065009891987, 0.030835207551717758, 0.044539324939250946, 0.06186124309897423, 0.06674657762050629, 0.05293501541018486, 0.04673442617058754, 0.0442202128469944, 0.03531324490904808, 0.031765058636665344, 0.03387972712516785, 0.04238611087203026, 0.04476679861545563, 0.0433456152677536, 0.04164942726492882, 0.049908339977264404, 0.07412347942590714, 0.07751169800758362, 0.106192447245121, 0.15425322949886322, 0.4454510807991028], "lowlevel.gfcc.cov": [[5263.84912109375, -962.7997436523438, -1218.0272216796875, 170.64739990234375, -377.1964416503906, 154.1514129638672, -209.83273315429688, 346.2130126953125, -94.33501434326172, 369.6886291503906, -152.96707153320312, 121.94669342041016, -132.89410400390625], [-962.7997436523438, 3680.268798828125, 248.76771545410156, -1059.0518798828125, 646.9671630859375, -138.67535400390625, 444.8498840332031, 31.244354248046875, 541.5029296875, -259.07574462890625, 608.579833984375, 38.54117965698242, 425.4071960449219], [-1218.0272216796875, 248.76771545410156, 1956.02880859375, 878.2119140625, 355.7454528808594, 234.1097869873047, 392.7145690917969, 79.72726440429688, 260.4922180175781, 144.53274536132812, 229.68203735351562, 125.08870697021484, 222.15013122558594], [170.64739990234375, -1059.0518798828125, 878.2119140625, 1449.0614013671875, 215.33583068847656, 48.359039306640625, -29.168914794921875, 58.91636657714844, 105.7237319946289, 152.4005584716797, -42.601558685302734, 74.23478698730469, 76.36807250976562], [-377.1964416503906, 646.9671630859375, 355.7454528808594, 215.33583068847656, 937.3651733398438, 146.6482696533203, 234.08279418945312, 267.6894836425781, 376.6171875, 124.55538940429688, 230.8854217529297, 37.98642349243164, 185.87879943847656], [154.1514129638672, -138.67535400390625, 234.1097869873047, 48.359039306640625, 146.6482696533203, 482.7540283203125, 276.26654052734375, 71.53559875488281, 82.98355865478516, 137.50106811523438, 42.389076232910156, -4.931748390197754, 34.40879821777344], [-209.83273315429688, 444.8498840332031, 392.7145690917969, -29.168914794921875, 234.08279418945312, 276.26654052734375, 665.661865234375, 232.78089904785156, 144.46449279785156, 64.84986114501953, 157.9763946533203, 70.02377319335938, 87.67021179199219], [346.2130126953125, 31.244354248046875, 79.72726440429688, 58.91636657714844, 267.6894836425781, 71.53559875488281, 232.78089904785156, 406.79632568359375, 195.2089385986328, 95.24845123291016, 72.81864929199219, 58.53158187866211, 37.82596206665039], [-94.33501434326172, 541.5029296875, 260.4922180175781, 105.7237319946289, 376.6171875, 82.98355865478516, 144.46449279785156, 195.2089385986328, 426.6155090332031, 59.916996002197266, 145.95797729492188, 22.438600540161133, 161.22792053222656], [369.6886291503906, -259.07574462890625, 144.53274536132812, 152.4005584716797, 124.55538940429688, 137.50106811523438, 64.84986114501953, 95.24845123291016, 59.916996002197266, 271.2868957519531, 53.60533142089844, 10.208683967590332, -13.852880477905273], [-152.96707153320312, 608.579833984375, 229.68203735351562, -42.601558685302734, 230.8854217529297, 42.389076232910156, 157.9763946533203, 72.81864929199219, 145.95797729492188, 53.60533142089844, 302.0374450683594, 73.30464172363281, 106.20108795166016], [121.94669342041016, 38.54117965698242, 125.08870697021484, 74.23478698730469, 37.98642349243164, -4.931748390197754, 70.02377319335938, 58.53158187866211, 22.438600540161133, 10.208683967590332, 73.30464172363281, 156.9318084716797, 53.552494049072266], [-132.89410400390625, 425.4071960449219, 222.15013122558594, 76.36807250976562, 185.87879943847656, 34.40879821777344, 87.67021179199219, 37.82596206665039, 161.22792053222656, -13.852880477905273, 106.20108795166016, 53.552494049072266, 201.49440002441406]], "lowlevel.gfcc.icov": [[0.0004978482029400766, -0.0004399163299240172, 0.0005940659320913255, -0.000648032408207655, 0.000572378805372864, -0.0006391704664565623, 0.0004215541994199157, -0.0008486090810038149, 0.0003536548756528646, -0.0009170984267257154, 0.0003684231487568468, -0.0006519447197206318, 3.7849025829927996e-05], [-0.0004399163299240172, 0.001822101417928934, -0.0008179706055670977, 0.0017621831502765417, -0.0010157045908272266, 0.0015865869354456663, -0.0010887138778343797, 0.0016836033901199698, -0.0013754027895629406, 0.001666311640292406, -0.0017964547732844949, 0.0012172276619821787, -0.001240996876731515], [0.0005940659320913255, -0.0008179706055670977, 0.0017756554298102856, -0.0016288714250549674, 0.0008526981109753251, -0.0010461194906383753, 0.00010477454634383321, -0.0007846007356420159, 0.0004243349249009043, -0.0013489472912624478, 0.00029069598531350493, -0.0009906018385663629, -5.004831837140955e-05], [-0.000648032408207655, 0.0017621831502765417, -0.0016288714250549674, 0.0030472285579890013, -0.0014143267180770636, 0.001787024550139904, -0.0007427299278788269, 0.0017734093125909567, -0.0013147846329957247, 0.001382862334139645, -0.0008334023877978325, 0.0008810089202597737, -0.0011648910585790873], [0.000572378805372864, -0.0010157045908272266, 0.0008526981109753251, -0.0014143267180770636, 0.002867072122171521, -0.0012847298057749867, 0.0007402913179248571, -0.002000348176807165, -5.925446021137759e-05, -0.0015447972109541297, 4.661604907596484e-05, -0.0003543370112311095, -0.00024339888477697968], [-0.0006391704664565623, 0.0015865869354456663, -0.0010461194906383753, 0.001787024550139904, -0.0012847298057749867, 0.004944103304296732, -0.0025775183457881212, 0.0024819732643663883, -0.001443448942154646, 0.00010997465869877487, -0.0007594291237182915, 0.0017501312540844083, -0.0012011028593406081], [0.0004215541994199157, -0.0010887138778343797, 0.00010477454634383321, -0.0007427299278788269, 0.0007402913179248571, -0.0025775183457881212, 0.0038376415614038706, -0.0028696011286228895, 0.0013284326996654272, -0.00047801577602513134, 0.0002677025622688234, -0.0011256258003413677, 0.0004310036893002689], [-0.0008486090810038149, 0.0016836033901199698, -0.0007846007356420159, 0.0017734093125909567, -0.002000348176807165, 0.0024819732643663883, -0.0028696011286228895, 0.006916334852576256, -0.00330606778152287, 0.0010099359788000584, -0.0007070557912811637, -0.00016581796808168292, 0.0005818937788717449], [0.0003536548756528646, -0.0013754027895629406, 0.0004243349249009043, -0.0013147846329957247, -5.925446021137759e-05, -0.001443448942154646, 0.0013284326996654272, -0.00330606778152287, 0.006420046556740999, -0.0013392125256359577, 0.0005405590636655688, 0.0006115257856436074, -0.0021652227733284235], [-0.0009170984267257154, 0.001666311640292406, -0.0013489472912624478, 0.001382862334139645, -0.0015447972109541297, 0.00010997465869877487, -0.00047801577602513134, 0.0010099359788000584, -0.0013392125256359577, 0.007735728286206722, -0.0028908858075737953, 0.001651919912546873, 0.000952992239035666], [0.0003684231487568468, -0.0017964547732844949, 0.00029069598531350493, -0.0008334023877978325, 4.661604907596484e-05, -0.0007594291237182915, 0.0002677025622688234, -0.0007070557912811637, 0.0005405590636655688, -0.0028908858075737953, 0.007827923633158207, -0.0031965039670467377, 0.00022651396284345537], [-0.0006519447197206318, 0.0012172276619821787, -0.0009906018385663629, 0.0008810089202597737, -0.0003543370112311095, 0.0017501312540844083, -0.0011256258003413677, -0.00016581796808168292, 0.0006115257856436074, 0.001651919912546873, -0.0031965039670467377, 0.009993071667850018, -0.003039630828425288], [3.7849025829927996e-05, -0.001240996876731515, -5.004831837140955e-05, -0.0011648910585790873, -0.00024339888477697968, -0.0012011028593406081, 0.0004310036893002689, 0.0005818937788717449, -0.0021652227733284235, 0.000952992239035666, 0.00022651396284345537, -0.003039630828425288, 0.010724029503762722]], "lowlevel.mfcc.cov": [[6453.86669921875, -1503.7783203125, -1161.9361572265625, -315.0215148925781, -326.4340515136719, -262.3864440917969, -204.41749572753906, -202.484619140625, -1.3799406290054321, 57.58264923095703, 88.7403564453125, -77.69819641113281, -85.50981140136719], [-1503.7783203125, 4256.48583984375, -347.01324462890625, -676.7466430664062, 133.00274658203125, -212.41786193847656, 157.7383575439453, 342.50531005859375, 83.71896362304688, -38.217159271240234, 231.3390655517578, 148.63804626464844, 249.20095825195312], [-1161.9361572265625, -347.01324462890625, 1641.330322265625, 628.1583862304688, 83.52531433105469, 375.07501220703125, 165.34019470214844, 89.37140655517578, 118.3839111328125, 23.93805694580078, -24.099191665649414, 165.1815948486328, 112.2118148803711], [-315.0215148925781, -676.7466430664062, 628.1583862304688, 1135.244140625, 411.41522216796875, 120.8700180053711, 36.79352569580078, 85.06233215332031, 141.85586547851562, 49.17366409301758, 5.711979866027832, 115.95636749267578, 114.89568328857422], [-326.4340515136719, 133.00274658203125, 83.52531433105469, 411.41522216796875, 777.70703125, 117.00069427490234, -19.639875411987305, 46.97176742553711, 162.02293395996094, 169.94195556640625, 75.11393737792969, 122.70829772949219, 137.6697235107422], [-262.3864440917969, -212.41786193847656, 375.07501220703125, 120.8700180053711, 117.00069427490234, 472.9061584472656, 186.08448791503906, 10.08836555480957, 104.58783721923828, 77.82909393310547, 74.25965881347656, 76.18195343017578, 9.235162734985352], [-204.41749572753906, 157.7383575439453, 165.34019470214844, 36.79352569580078, -19.639875411987305, 186.08448791503906, 446.92022705078125, 164.8098907470703, 117.23716735839844, 103.52430725097656, 168.912841796875, 115.50418090820312, 70.96808624267578], [-202.484619140625, 342.50531005859375, 89.37140655517578, 85.06233215332031, 46.97176742553711, 10.08836555480957, 164.8098907470703, 358.743896484375, 192.53968811035156, 60.40897750854492, 102.63294219970703, 83.14484405517578, 97.18785095214844], [-1.3799406290054321, 83.71896362304688, 118.3839111328125, 141.85586547851562, 162.02293395996094, 104.58783721923828, 117.23716735839844, 192.53968811035156, 359.65594482421875, 169.3271484375, 141.35458374023438, 83.09699249267578, 78.55281066894531], [57.58264923095703, -38.217159271240234, 23.93805694580078, 49.17366409301758, 169.94195556640625, 77.82909393310547, 103.52430725097656, 60.40897750854492, 169.3271484375, 262.13140869140625, 144.74957275390625, 58.843624114990234, 40.70892333984375], [88.7403564453125, 231.3390655517578, -24.099191665649414, 5.711979866027832, 75.11393737792969, 74.25965881347656, 168.912841796875, 102.63294219970703, 141.35458374023438, 144.74957275390625, 263.03656005859375, 127.5079345703125, 73.18670654296875], [-77.69819641113281, 148.63804626464844, 165.1815948486328, 115.95636749267578, 122.70829772949219, 76.18195343017578, 115.50418090820312, 83.14484405517578, 83.09699249267578, 58.843624114990234, 127.5079345703125, 214.50967407226562, 113.9760971069336], [-85.50981140136719, 249.20095825195312, 112.2118148803711, 114.89568328857422, 137.6697235107422, 9.235162734985352, 70.96808624267578, 97.18785095214844, 78.55281066894531, 40.70892333984375, 73.18670654296875, 113.9760971069336, 178.50294494628906]], "lowlevel.mfcc.icov": [[0.0002233376435469836, 0.00010444339568493888, 0.00017784514056984335, 8.858207365847193e-06, 0.0001290116779273376, 1.844301186793018e-05, 9.608662367099896e-05, 8.705032814759761e-05, -0.00011256948346272111, -4.0444401747663505e-06, -0.00013892626157030463, -7.099115464370698e-05, -0.0001896239264169708], [0.00010444339568493888, 0.000420731637859717, 7.232656571432017e-06, 0.0003765008004847914, -0.00022644053387921304, 0.0002170255611417815, -2.686611878743861e-05, -0.00022791881929151714, -2.8014999770675786e-05, 0.00042256899178028107, -0.00043759826803579926, 8.337788312928751e-05, -0.00044389613321982324], [0.00017784514056984335, 7.232656571432017e-06, 0.0012725122505798936, -0.0006407664623111486, 0.0006541117909364402, -0.0008656409336254001, 0.00013559291255660355, 1.9475231965770945e-05, -0.00010966914851451293, -0.00038542711990885437, 0.0008249047095887363, -0.000774385582190007, -0.0005442068795673549], [8.858207365847193e-06, 0.0003765008004847914, -0.0006407664623111486, 0.0018491774098947644, -0.0011005132691934705, 0.00053408183157444, -0.00020140410924796015, -0.0002512693463359028, -0.0003049016813747585, 0.0008492483757436275, -0.0003192817675881088, 9.49341629166156e-05, -0.0002600145526230335], [0.0001290116779273376, -0.00022644053387921304, 0.0006541117909364402, -0.0011005132691934705, 0.002753745997324586, -0.0009726442513056099, 0.0009695045300759375, 0.00029786615050397813, -0.00015443105075974017, -0.0018448845949023962, 0.0008447470609098673, -0.0008329288102686405, -0.0012718428624793887], [1.844301186793018e-05, 0.0002170255611417815, -0.0008656409336254001, 0.00053408183157444, -0.0009726442513056099, 0.0038166805170476437, -0.0016167975263670087, 0.0009160729823634028, -0.0009490016382187605, 0.0006843172013759613, -0.0005081479321233928, -0.00020809940178878605, 0.0012057411950081587], [9.608662367099896e-05, -2.686611878743861e-05, 0.00013559291255660355, -0.00020140410924796015, 0.0009695045300759375, -0.0016167975263670087, 0.004342952277511358, -0.0015258066123351455, 0.0007689025369472802, -0.0009951532119885087, -0.0014568412443622947, -0.0004930585855618119, -0.0006313283229246736], [8.705032814759761e-05, -0.00022791881929151714, 1.9475231965770945e-05, -0.0002512693463359028, 0.00029786615050397813, 0.0009160729823634028, -0.0015258066123351455, 0.00539668183773756, -0.0028376909904181957, 0.000844219233840704, 0.00010556491179158911, -0.00011113785876659676, -0.0010154872434213758], [-0.00011256948346272111, -2.8014999770675786e-05, -0.00010966914851451293, -0.0003049016813747585, -0.00015443105075974017, -0.0009490016382187605, 0.0007689025369472802, -0.0028376909904181957, 0.0061706420965492725, -0.0026705812197178602, -0.000984164304099977, 0.0004393309645820409, -0.00032554325298406184], [-4.0444401747663505e-06, 0.00042256899178028107, -0.00038542711990885437, 0.0008492483757436275, -0.0018448845949023962, 0.0006843172013759613, -0.0009951532119885087, 0.000844219233840704, -0.0026705812197178602, 0.008347872644662857, -0.003669755533337593, 0.001287913415580988, 0.00038094614865258336], [-0.00013892626157030463, -0.00043759826803579926, 0.0008249047095887363, -0.0003192817675881088, 0.0008447470609098673, -0.0005081479321233928, -0.0014568412443622947, 0.00010556491179158911, -0.000984164304099977, -0.003669755533337593, 0.009656378999352455, -0.004177189897745848, 0.00010587320866761729], [-7.099115464370698e-05, 8.337788312928751e-05, -0.000774385582190007, 9.49341629166156e-05, -0.0008329288102686405, -0.00020809940178878605, -0.0004930585855618119, -0.00011113785876659676, 0.0004393309645820409, 0.001287913415580988, -0.004177189897745848, 0.010081027634441853, -0.004026256501674652], [-0.0001896239264169708, -0.00044389613321982324, -0.0005442068795673549, -0.0002600145526230335, -0.0012718428624793887, 0.0012057411950081587, -0.0006313283229246736, -0.0010154872434213758, -0.00032554325298406184, 0.00038094614865258336, 0.00010587320866761729, -0.004026256501674652, 0.010946680791676044]], "metadata.audio_properties.analysis.downmix": "mix", "metadata.audio_properties.codec": "mp3", "metadata.audio_properties.md5_encoded": "cead273ae56c8576b38de83be80dbc07", "metadata.tags.file_name": "1183681393868410910.mp3", "metadata.version.essentia": "2.1-beta6-dev", "metadata.version.essentia_git_sha": "v2.1_beta5-1110-g77a6a954", "metadata.version.extractor": "music 2.0", "tonal.chords_key": "F", "tonal.chords_scale": "minor", "tonal.key_edma.key": "Bb", "tonal.key_edma.scale": "major", "tonal.key_krumhansl.key": "F", "tonal.key_krumhansl.scale": "minor", "tonal.key_temperley.key": "F", "tonal.key_temperley.scale": "minor", "metadata.tags.encoding": ["Lavf58.45.100"]}, "essentia_models": [{"model_name": "genre_dortmund", "activations": {"alternative": "0.0012140372", "blues": "6.850004e-05", "electronic": "0.0015395021", "folkcountry": "4.4444874e-05", "funksoulrnb": "0.0013496206", "jazz": "0.00025493305", "pop": "0.00031435495", "raphiphop": "0.99887", "rock": "0.0011005744"}}, {"model_name": "genre_rosamerica", "activations": {"classic": "0.000307132", "dance": "4.3470422e-06", "hip hop": "0.87373984", "jazz": "2.3707687e-05", "pop": "0.00059679744", "rhythm and blues": "0.009840814", "rock": "0.00028588998", "speech": "0.024744067"}}, {"model_name": "genre_tzanetakis", "activations": {"blues": "0.00019385535", "classic": "