{"song_id": "1183713163494047865", "download": "https://cdn.discordapp.com/attachments/1135903449314238464/1183713163494047865/chirp.mp4?ex=658955ca&amp", "lyrics": "[Verse]\nIn shadows they scurry, their eyes glowing red\nRaccoons of darkness, with bloodlust, they're fed\nSharp claws like daggers, their teeth stained with gore\nPrey trembles in fear as they unleash their uproar\n\n[Chorus]\nRaccoons of rage, they've come to devour\nLeaving trails of chaos, their power will tower\nRampaging through the night, a murderous spree\nBeware their wrath, for death it will decree", "style": ["bollywood</span><span>, rap</span><span>, phonk</span><span>, drill</span><span>, indian gang rap"], "essentia_features": {"lowlevel.average_loudness": 0.9871676564216614, "lowlevel.barkbands_crest.mean": 11.811150550842285, "lowlevel.barkbands_crest.stdev": 4.479578971862793, "lowlevel.barkbands_flatness_db.mean": 0.1302950382232666, "lowlevel.barkbands_flatness_db.stdev": 0.0366063117980957, "lowlevel.barkbands_kurtosis.mean": 3.178112506866455, "lowlevel.barkbands_kurtosis.stdev": 5.639012336730957, "lowlevel.barkbands_skewness.mean": 1.6668243408203125, "lowlevel.barkbands_skewness.stdev": 1.0810558795928955, "lowlevel.barkbands_spread.mean": 27.482099533081055, "lowlevel.barkbands_spread.stdev": 11.554574012756348, "lowlevel.dissonance.mean": 0.476545125246048, "lowlevel.dissonance.stdev": 0.01687712036073208, "lowlevel.dynamic_complexity": 0.9749029874801636, "lowlevel.erbbands_crest.mean": 9.284832954406738, "lowlevel.erbbands_crest.stdev": 4.7821946144104, "lowlevel.erbbands_flatness_db.mean": 0.13756288588047028, "lowlevel.erbbands_flatness_db.stdev": 0.035459619015455246, "lowlevel.erbbands_kurtosis.mean": 0.3612205684185028, "lowlevel.erbbands_kurtosis.stdev": 1.6217154264450073, "lowlevel.erbbands_skewness.mean": -0.21897165477275848, "lowlevel.erbbands_skewness.stdev": 0.5787948966026306, "lowlevel.erbbands_spread.mean": 42.84831619262695, "lowlevel.erbbands_spread.stdev": 18.762645721435547, "lowlevel.hfc.mean": 34.39326095581055, "lowlevel.hfc.stdev": 16.0401554107666, "lowlevel.loudness_ebu128.integrated": -11.358541488647461, "lowlevel.loudness_ebu128.loudness_range": 0.7922496795654297, "lowlevel.loudness_ebu128.momentary.mean": -11.387450218200684, "lowlevel.loudness_ebu128.momentary.stdev": 0.5006442666053772, "lowlevel.loudness_ebu128.short_term.mean": -11.380881309509277, "lowlevel.loudness_ebu128.short_term.stdev": 0.24922409653663635, "lowlevel.melbands_crest.mean": 16.854351043701172, "lowlevel.melbands_crest.stdev": 4.423337459564209, "lowlevel.melbands_flatness_db.mean": 0.1997024416923523, "lowlevel.melbands_flatness_db.stdev": 0.0447549894452095, "lowlevel.melbands_kurtosis.mean": 17.12112808227539, "lowlevel.melbands_kurtosis.stdev": 21.312759399414062, "lowlevel.melbands_skewness.mean": 3.345533609390259, "lowlevel.melbands_skewness.stdev": 1.874584436416626, "lowlevel.melbands_spread.mean": 23.408313751220703, "lowlevel.melbands_spread.stdev": 12.753523826599121, "lowlevel.pitch_salience.mean": 0.4652552008628845, "lowlevel.pitch_salience.stdev": 0.10679257661104202, "lowlevel.silence_rate_20dB.mean": 1.0, "lowlevel.silence_rate_20dB.stdev": 0.0, "lowlevel.silence_rate_30dB.mean": 0.9683959484100342, "lowlevel.silence_rate_30dB.stdev": 0.1749446839094162, "lowlevel.silence_rate_60dB.mean": 0.000596302910707891, "lowlevel.silence_rate_60dB.stdev": 0.02441207505762577, "lowlevel.spectral_centroid.mean": 1679.35595703125, "lowlevel.spectral_centroid.stdev": 457.3293151855469, "lowlevel.spectral_complexity.mean": 30.73345184326172, "lowlevel.spectral_complexity.stdev": 7.7632598876953125, "lowlevel.spectral_decrease.mean": -1.4661099001500588e-08, "lowlevel.spectral_decrease.stdev": 7.432365389803408e-09, "lowlevel.spectral_energy.mean": 0.05845404043793678, "lowlevel.spectral_energy.stdev": 0.028464367613196373, "lowlevel.spectral_energyband_high.mean": 0.0016705336747691035, "lowlevel.spectral_energyband_high.stdev": 0.0017075405921787024, "lowlevel.spectral_energyband_low.mean": 0.035541191697120667, "lowlevel.spectral_energyband_low.stdev": 0.028206201270222664, "lowlevel.spectral_energyband_middle_high.mean": 0.010558038018643856, "lowlevel.spectral_energyband_middle_high.stdev": 0.008032558485865593, "lowlevel.spectral_energyband_middle_low.mean": 0.011723387986421585, "lowlevel.spectral_energyband_middle_low.stdev": 0.010727920569479465, "lowlevel.spectral_entropy.mean": 7.846634864807129, "lowlevel.spectral_entropy.stdev": 0.2216961532831192, "lowlevel.spectral_flux.mean": 0.13176865875720978, "lowlevel.spectral_flux.stdev": 0.060382623225450516, "lowlevel.spectral_kurtosis.mean": 2.990938663482666, "lowlevel.spectral_kurtosis.stdev": 1.319886326789856, "lowlevel.spectral_rms.mean": 0.007350753527134657, "lowlevel.spectral_rms.stdev": 0.0017305118963122368, "lowlevel.spectral_rolloff.mean": 1206.1517333984375, "lowlevel.spectral_rolloff.stdev": 992.678955078125, "lowlevel.spectral_skewness.mean": 1.1805649995803833, "lowlevel.spectral_skewness.stdev": 0.23411306738853455, "lowlevel.spectral_spread.mean": 4480296.0, "lowlevel.spectral_spread.stdev": 1035319.625, "lowlevel.spectral_strongpeak.mean": 0.8834106922149658, "lowlevel.spectral_strongpeak.stdev": 1.2920558452606201, "lowlevel.zerocrossingrate.mean": 0.05403296276926994, "lowlevel.zerocrossingrate.stdev": 0.019061164930462837, "metadata.audio_properties.analysis.equal_loudness": 0.0, "metadata.audio_properties.analysis.length": 38.910953521728516, "metadata.audio_properties.analysis.sample_rate": 44100.0, "metadata.audio_properties.analysis.start_time": 0.0, "metadata.audio_properties.bit_rate": 121794.0, "metadata.audio_properties.length": 38.9119987487793, "metadata.audio_properties.lossless": 0.0, "metadata.audio_properties.number_channels": 1.0, "metadata.audio_properties.replay_gain": -13.10984992980957, "metadata.audio_properties.sample_rate": 48000.0, "rhythm.beats_count": 68.0, "rhythm.beats_loudness.mean": 0.05696487054228783, "rhythm.beats_loudness.stdev": 0.01595124788582325, "rhythm.bpm": 105.81751251220703, "rhythm.bpm_histogram_first_peak_bpm": 105.0, "rhythm.bpm_histogram_first_peak_weight": 0.35384613275527954, "rhythm.bpm_histogram_second_peak_bpm": 98.0, "rhythm.bpm_histogram_second_peak_spread": 0.0, "rhythm.bpm_histogram_second_peak_weight": 0.02985074557363987, "rhythm.danceability": 1.6153699159622192, "rhythm.onset_rate": 5.67711067199707, "tonal.chords_changes_rate": 0.08343265950679779, "tonal.chords_number_rate": 0.011918950825929642, "tonal.chords_strength.mean": 0.5185191631317139, "tonal.chords_strength.stdev": 0.08574273437261581, "tonal.hpcp_crest.mean": 13.450953483581543, "tonal.hpcp_crest.stdev": 6.28948450088501, "tonal.hpcp_entropy.mean": 2.050891637802124, "tonal.hpcp_entropy.stdev": 0.8215055465698242, "tonal.key_edma.strength": 0.7570997476577759, "tonal.key_krumhansl.strength": 0.7620049118995667, "tonal.key_temperley.strength": 0.7640947103500366, "tonal.tuning_diatonic_strength": 0.6262954473495483, "tonal.tuning_equal_tempered_deviation": 0.08011726289987564, "tonal.tuning_frequency": 440.0, "tonal.tuning_nontempered_energy_ratio": 0.7477048635482788, "lowlevel.barkbands.mean": [0.0012240399373695254, 0.02516266144812107, 0.008208104409277439, 0.003114242572337389, 0.0029057508800178766, 0.0025591193698346615, 0.001338054658845067, 0.000541791960131377, 0.0010997648350894451, 0.0009427718468941748, 0.003205209504812956, 0.0004412177368067205, 0.0007819741731509566, 0.0012899356661364436, 0.0008161376463249326, 0.0009221931686624885, 0.0009229935822077096, 0.0005068652681075037, 0.0005487404996529222, 0.0005520335980691016, 0.0005074063083156943, 0.0003340392140671611, 0.00019017762679141015, 0.00018432532669976354, 0.00011295045260339975, 4.065197572344914e-05, 8.425168402936833e-07], "lowlevel.barkbands.stdev": [0.0007550566806457937, 0.026555636897683144, 0.006562048103660345, 0.0036969988141208887, 0.006391954608261585, 0.004605110269039869, 0.0023099170066416264, 0.0012423326261341572, 0.002236679894849658, 0.002533750142902136, 0.005692228674888611, 0.0009349187603220344, 0.0013676821254193783, 0.0025623803958296776, 0.00156682007946074, 0.0008469981839880347, 0.0009293715702369809, 0.0006934248376637697, 0.0004191600310150534, 0.0004583180998452008, 0.0005362828378565609, 0.00047588435700163245, 0.0002567992196418345, 0.00029702147003263235, 0.0002031787153100595, 7.344692130573094e-05, 1.998736252062372e-06], "lowlevel.erbbands.mean": [0.5139219760894775, 6.21527624130249, 11.235878944396973, 10.158782958984375, 10.683035850524902, 9.564314842224121, 15.07640266418457, 19.93831443786621, 12.890708923339844, 24.6413516998291, 12.853694915771484, 22.73479652404785, 23.657135009765625, 66.42854309082031, 104.06747436523438, 22.98485565185547, 33.73061752319336, 70.7028579711914, 46.303890228271484, 40.35102081298828, 58.62822341918945, 52.05805587768555, 27.211978912353516, 30.58957862854004, 25.650894165039062, 26.541711807250977, 24.136146545410156, 17.00391387939453, 12.65060806274414, 7.8950982093811035, 5.105453968048096, 3.8929059505462646, 3.0351877212524414, 1.5541422367095947, 0.637783408164978, 0.2458963841199875, 0.062011148780584335, 0.006530221551656723, 0.0001809730165405199, 7.579509110655636e-05], "lowlevel.erbbands.stdev": [0.7104334235191345, 6.262842178344727, 8.360468864440918, 8.344133377075195, 24.085540771484375, 17.814512252807617, 26.785951614379883, 37.67836380004883, 28.31317710876465, 45.65679931640625, 27.899341583251953, 44.7668342590332, 49.44440460205078, 112.91571807861328, 180.8823699951172, 43.333492279052734, 51.793907165527344, 146.72853088378906, 88.00291442871094, 67.7740249633789, 48.429630279541016, 55.17887878417969, 33.00364685058594, 25.682025909423828, 20.693359375, 21.353683471679688, 23.79490089416504, 20.294918060302734, 17.882274627685547, 11.449394226074219, 6.745213031768799, 5.672758102416992, 5.326971054077148, 2.958014965057373, 1.1049365997314453, 0.4583926200866699, 0.11380477994680405, 0.01166301965713501, 0.00026108339079655707, 3.475397898000665e-05], "lowlevel.gfcc.mean": [56.76063919067383, 84.79473114013672, -118.83625030517578, 56.63643264770508, -43.966068267822266, 27.737720489501953, -30.92957305908203, 15.809720993041992, -24.168392181396484, 5.804800033569336, -16.182043075561523, 0.9553914666175842, -6.017664432525635], "lowlevel.melbands.mean": [0.0059725563041865826, 0.006811221595853567, 0.0018058245768770576, 0.0007085449178703129, 0.0005058490205556154, 0.0004536454507615417, 0.00021398115495685488, 0.0002350999420741573, 0.00010950896830763668, 0.00014747418754268438, 0.00011534398072399199, 0.0002466781879775226, 0.000458553375210613, 6.036720151314512e-05, 5.700834663002752e-05, 9.60839752224274e-05, 0.0001324416953139007, 7.493689918192104e-05, 5.136043910169974e-05, 5.2412589866435155e-05, 7.396341243293136e-05, 6.124827632447705e-05, 2.6307890948373824e-05, 2.5385043045389466e-05, 2.475774454069324e-05, 1.9435208741924725e-05, 1.7431724700145423e-05, 1.7443955584894866e-05, 1.59964183694683e-05, 1.207656259794021e-05, 9.110408427659422e-06, 7.523884050897323e-06, 5.598046755039832e-06, 3.90361401514383e-06, 3.005859070981387e-06, 2.439937134113279e-06, 2.4213723008870147e-06, 2.3104596493794816e-06, 1.643134055484552e-06, 1.1828366268673562e-06], "lowlevel.melbands.stdev": [0.00699709914624691, 0.005074371583759785, 0.0016659554094076157, 0.001616969471797347, 0.0007679853588342667, 0.0008327377145178616, 0.0004292090889066458, 0.0004394166171550751, 0.00023523386335000396, 0.0002973187656607479, 0.000254062790190801, 0.00046199699863791466, 0.0008255576831288636, 0.00012361192784737796, 0.00010470065171830356, 0.00018823698337655514, 0.00028927106177434325, 0.00014344701776281, 8.450757741229609e-05, 7.306110637728125e-05, 6.790406041545793e-05, 7.271515642059967e-05, 3.3288866688963026e-05, 4.570765668177046e-05, 2.065130502160173e-05, 1.723007153486833e-05, 1.3929244232713245e-05, 1.5103041732800193e-05, 1.6842413970152847e-05, 1.3472457794705406e-05, 1.1857427125505637e-05, 1.076011722034309e-05, 8.68118877406232e-06, 5.788843736809213e-06, 4.132465619477443e-06, 3.2960942917270586e-06, 3.915586603397969e-06, 4.1536291064403486e-06, 3.1012330055091297e-06, 2.3172760847955942e-06], "lowlevel.melbands128.mean": [0.0005149017670191824, 0.0029967378359287977, 0.008459402248263359, 0.01130981557071209, 0.007158424239605665, 0.003674947889521718, 0.002025832422077656, 0.001500250305980444, 0.0010526222176849842, 0.0006692650495097041, 0.0005109004559926689, 0.0003398830012883991, 0.0004042336659040302, 0.0008747715619392693, 0.0005396721535362303, 0.00018538297445047647, 0.00014861645468045026, 0.00020331361156422645, 0.00028312476933933794, 0.00038975643110461533, 0.0001116749772336334, 7.955489854793996e-05, 9.36737924348563e-05, 0.00015704723773524165, 0.00016464419604744762, 0.0001174512435682118, 0.00018702735542319715, 8.029644232010469e-05, 6.955204298719764e-05, 0.00022522265498992056, 0.0001593339693499729, 0.0005667845834977925, 0.0007426004158332944, 0.00015910988440737128, 4.4951168092666194e-05, 4.824262214242481e-05, 5.534412412089296e-05, 4.1616938688093796e-05, 7.983958494151011e-05, 5.798518395749852e-05, 5.6808694353094324e-05, 0.00023242566385306418, 0.00011762839858420193, 0.00011534387886058539, 7.273484516190365e-05, 6.831088830949739e-05, 8.338115003425628e-05, 3.020926669705659e-05, 4.6211549488361925e-05, 7.261916471179575e-05, 3.86971041734796e-05, 5.009294181945734e-05, 7.758534047752619e-05, 8.764799713389948e-05, 6.205923273228109e-05, 7.696517423028126e-05, 3.6981939047109336e-05, 3.0596154829254374e-05, 2.2683174393023364e-05, 1.6695432350388728e-05, 2.7986056011286564e-05, 2.8528100301628e-05, 2.662481347215362e-05, 2.4776121790637262e-05, 1.9553668607841246e-05, 2.0045728888362646e-05, 1.9276480088592507e-05, 1.5779336536070332e-05, 1.6806763596832752e-05, 2.0135235899942927e-05, 1.7897787984111346e-05, 1.5012100448075216e-05, 1.738925311656203e-05, 1.726953087199945e-05, 1.3114367902744561e-05, 1.3093572306388523e-05, 1.1045202882087324e-05, 9.700629561848473e-06, 8.790081665210892e-06, 8.620787411928177e-06, 8.165142389771063e-06, 6.844325525889872e-06, 6.548870260303374e-06, 5.5878176681289915e-06, 4.737830749945715e-06, 4.16718830820173e-06, 3.4182289709860925e-06, 3.756208116101334e-06, 2.78814241028158e-06, 2.693391024877201e-06, 2.7357709768693894e-06, 2.3525392407464096e-06, 2.0189313545415644e-06, 2.3957002213137457e-06, 2.72099714493379e-06, 2.500156369933393e-06, 2.265655211886042e-06, 1.9526767118804855e-06, 1.5856336403885507e-06, 1.5562814041913953e-06, 1.423945946044114e-06, 1.104688067243842e-06, 9.314789508607646e-07, 8.4069273498244e-07, 6.815635060775094e-07, 5.876774480384483e-07, 5.688875148734951e-07, 5.528162319023977e-07, 4.0417245372736943e-07, 3.2973366614896804e-07, 2.674593133633607e-07, 2.2209640349046822e-07, 1.9344793145137373e-07, 1.5055535129704367e-07, 9.887794760743418e-08, 5.77623389119708e-08, 3.273992632557565e-08, 4.772055195445546e-09, 1.1001392158371814e-10, 1.474893124298049e-11, 1.22483542405738e-11, 1.0541280522080587e-11, 7.719229769276303e-12, 7.557894414478294e-12, 7.353737410675798e-12, 7.111422128253109e-12, 6.97019265222254e-12, 6.919398214122463e-12], "lowlevel.melbands128.stdev": [0.0005896297516301274, 0.004898228216916323, 0.01149989478290081, 0.010910961776971817, 0.005898788571357727, 0.0029482932295650244, 0.0019093570299446583, 0.0020799695048481226, 0.002884785644710064, 0.002075483789667487, 0.0009380698320455849, 0.0005633127875626087, 0.0010321662994101644, 0.0018178614554926753, 0.0011914459755644202, 0.0005835743504576385, 0.0005046874866820872, 0.0006625141832046211, 0.0005483923014253378, 0.0008208818617276847, 0.00029194605303928256, 0.00029573123902082443, 0.00031233890331350267, 0.00040565678500570357, 0.00045675915316678584, 0.00035457409103401005, 0.0006325922440737486, 0.00030468200566247106, 0.0001678029220784083, 0.0008055758662521839, 0.00046494725393131375, 0.0011526959715411067, 0.0014726481167599559, 0.0005212349351495504, 0.00011317965982016176, 0.0001520972145954147, 0.00019065012747887522, 0.00011208568321308121, 0.00022457742306869477, 0.00013270569615997374, 0.00012715136108454317, 0.000708060571923852, 0.0003098673187196255, 0.00041533965850248933, 0.00019211825565434992, 0.00017836962069850415, 0.0002716910094022751, 6.83357211528346e-05, 0.00010910233686445281, 0.00019557111954782158, 6.480052252300084e-05, 6.245768599910662e-05, 0.00010118461796082556, 0.00011484365677461028, 6.490853411378339e-05, 0.00015393599460367113, 4.3905049096792936e-05, 5.93693730479572e-05, 3.774895958486013e-05, 1.9509803678374738e-05, 7.676255336264148e-05, 5.3586583817377687e-05, 2.8254095013835467e-05, 2.4935821784310974e-05, 1.960721237992402e-05, 2.36098076129565e-05, 2.0807314285775647e-05, 1.7955750081455335e-05, 1.650022022658959e-05, 1.8603153876028955e-05, 1.954908475454431e-05, 1.6178264559130184e-05, 2.2520052880281582e-05, 2.137402589141857e-05, 1.5130299289012328e-05, 1.6282960132230073e-05, 1.4751208254892845e-05, 1.4287989870354068e-05, 1.2723451618512627e-05, 1.3410240171651822e-05, 1.2499941476562526e-05, 1.1307437489449512e-05, 1.1682600415952038e-05, 9.556073564453982e-06, 8.074978723016102e-06, 6.95315566190402e-06, 5.7274469327239785e-06, 6.309498985501705e-06, 4.163920038990909e-06, 3.8052075979067013e-06, 4.335891844675643e-06, 3.5272908007755177e-06, 3.0655196496809367e-06, 4.332341177359922e-06, 5.33513320988277e-06, 4.352374162408523e-06, 4.641783561964985e-06, 3.855255272355862e-06, 2.9261543659231393e-06, 3.388869799891836e-06, 3.093182840530062e-06, 2.278973624925129e-06, 1.843927407207957e-06, 1.5334828731283778e-06, 1.309403955929156e-06, 1.0893910484810476e-06, 1.0603131386233144e-06, 1.1215695394639624e-06, 8.454987892037025e-07, 7.129618779799785e-07, 5.801059614896076e-07, 4.274419893590675e-07, 4.28914006533887e-07, 3.167685065363912e-07, 1.9710931553618138e-07, 1.2718504649456008e-07, 7.577926908197696e-08, 1.8032675797030606e-08, 1.8118549993673128e-09, 2.608757654343208e-10, 1.705237895333056e-10, 1.0841069014722038e-10, 1.2428714307732847e-11, 1.1999822142894079e-11, 1.0918758085176616e-11, 9.741324934198214e-12, 9.408381192177462e-12, 9.340345337449651e-12], "lowlevel.mfcc.mean": [-581.8258666992188, 103.70962524414062, -2.6743123531341553, 36.80368423461914, 14.989277839660645, 16.2155818939209, 10.880698204040527, 8.041084289550781, 9.295918464660645, 3.6678779125213623, -3.1663737297058105, 3.975609302520752, 3.030585527420044], "lowlevel.spectral_contrast_coeffs.mean": [-0.6997466087341309, -0.752832293510437, -0.7501489520072937, -0.7793354392051697, -0.8029389381408691, -0.7307775020599365], "lowlevel.spectral_contrast_coeffs.stdev": [0.05588674172759056, 0.069595105946064, 0.0814383327960968, 0.04508007690310478, 0.02487228251993656, 0.035431891679763794], "lowlevel.spectral_contrast_valleys.mean": [-6.108157157897949, -6.693403720855713, -7.009804725646973, -6.900130271911621, -6.599146366119385, -9.651421546936035], "lowlevel.spectral_contrast_valleys.stdev": [0.4427981376647949, 0.41532760858535767, 0.3631684482097626, 0.3174366354942322, 0.31216663122177124, 0.5967819690704346], "rhythm.beats_loudness_band_ratio.mean": [0.6139916777610779, 0.09095846116542816, 0.07491497695446014, 0.1245233565568924, 0.07774514704942703, 0.0410362146794796], "rhythm.beats_loudness_band_ratio.stdev": [0.15149864554405212, 0.0786859393119812, 0.07415317744016647, 0.12979017198085785, 0.05075228586792946, 0.020337725058197975], "tonal.hpcp.mean": [0.11411243677139282, 0.07806817442178726, 0.054378483444452286, 0.06115563213825226, 0.07817330211400986, 0.20310798287391663, 0.33211857080459595, 0.2298070341348648, 0.08167210221290588, 0.05709756538271904, 0.054210662841796875, 0.04407062008976936, 0.04118206351995468, 0.04296865314245224, 0.07359372824430466, 0.11304761469364166, 0.10010369122028351, 0.08893192559480667, 0.09080353379249573, 0.09199444949626923, 0.1865433156490326, 0.30033448338508606, 0.2564603090286255, 0.14626745879650116, 0.10106053948402405, 0.08282403647899628, 0.10957168787717819, 0.14488807320594788, 0.10769568383693695, 0.066327303647995, 0.06892959773540497, 0.0592440590262413, 0.049652062356472015, 0.051716290414333344, 0.05522409453988075, 0.09363481402397156], "tonal.hpcp.stdev": [0.23723389208316803, 0.17417500913143158, 0.15993446111679077, 0.17714044451713562, 0.19111429154872894, 0.2572495639324188, 0.3510259985923767, 0.279296875, 0.17554935812950134, 0.1666983813047409, 0.16525281965732574, 0.1388789415359497, 0.11974449455738068, 0.11085297912359238, 0.17704811692237854, 0.2549961805343628, 0.22379253804683685, 0.20498766005039215, 0.20688396692276, 0.20495592057704926, 0.2791999280452728, 0.3685929477214813, 0.34175148606300354, 0.266683965921402, 0.2394723743200302, 0.21533241868019104, 0.22244609892368317, 0.2629164755344391, 0.22299443185329437, 0.1744622439146042, 0.185430109500885, 0.15642985701560974, 0.13466952741146088, 0.13516046106815338, 0.1418597549200058, 0.19670918583869934], "rhythm.beats_position": [0.5572788715362549, 1.1377778053283691, 1.729886531829834, 2.345215320587158, 2.9489340782165527, 3.529433012008667, 4.098321914672852, 4.667210578918457, 5.224489688873291, 5.804988384246826, 6.36226749420166, 6.919546127319336, 7.4884352684021, 8.057324409484863, 8.614603042602539, 9.183491706848145, 9.75238037109375, 10.321269989013672, 10.890158653259277, 11.447437286376953, 12.004715919494629, 12.57360553741455, 13.142494201660156, 13.699772834777832, 14.268661499023438, 14.83755111694336, 15.394829750061035, 15.952108383178711, 16.532608032226562, 17.089885711669922, 17.647165298461914, 18.216054916381836, 18.784942626953125, 19.353832244873047, 19.922719955444336, 20.479999542236328, 21.04888916015625, 21.61777687072754, 22.17505645751953, 22.743946075439453, 23.312833786010742, 23.870113372802734, 24.439001083374023, 25.007890701293945, 25.576780319213867, 26.145668029785156, 26.714557647705078, 27.283445358276367, 27.85233497619629, 28.42122459411621, 28.9901123046875, 29.559001922607422, 30.127891540527344, 30.696779251098633, 31.265668869018555, 31.834556579589844, 32.403446197509766, 32.97233581542969, 33.54122543334961, 34.110111236572266, 34.67900085449219, 35.24789047241211, 35.80516815185547, 36.362449645996094, 36.93133544921875, 37.50022506713867, 38.080726623535156, 38.638004302978516], "rhythm.bpm_histogram": [0.0, 0.0, 0.0, 0.0, 0.0, 0.0, 0.0, 0.0, 0.0, 0.0, 0.0, 0.0, 0.0, 0.0, 0.0, 0.0, 0.0, 0.0, 0.0, 0.0, 0.0, 0.0, 0.0, 0.0, 0.0, 0.0, 0.0, 0.0, 0.0, 0.0, 0.0, 0.0, 0.0, 0.0, 0.0, 0.0, 0.0, 0.0, 0.0, 0.0, 0.0, 0.0, 0.0, 0.0, 0.0, 0.0, 0.0, 0.0, 0.0, 0.0, 0.0, 0.0, 0.0, 0.0, 0.0, 0.0, 0.0, 0.0, 0.0, 0.0, 0.0, 0.0, 0.0, 0.0, 0.0, 0.0, 0.0, 0.0, 0.0, 0.0, 0.0, 0.0, 0.0, 0.0, 0.0, 0.0, 0.0, 0.0, 0.0, 0.0, 0.0, 0.0, 0.0, 0.0, 0.0, 0.0, 0.0, 0.0, 0.0, 0.0, 0.0, 0.0, 0.0, 0.0, 0.0, 0.0, 0.0, 0.0, 0.014925372786819935, 0.014925372786819935, 0.0, 0.014925372786819935, 0.0, 0.0746268630027771, 0.0, 0.6268656849861145, 0.0, 0.0, 0.2537313401699066, 0.0, 0.0, 0.0, 0.0, 0.0, 0.0, 0.0, 0.0, 0.0, 0.0, 0.0, 0.0, 0.0, 0.0, 0.0, 0.0, 0.0, 0.0, 0.0, 0.0, 0.0, 0.0, 0.0, 0.0, 0.0, 0.0, 0.0, 0.0, 0.0, 0.0, 0.0, 0.0, 0.0, 0.0, 0.0, 0.0, 0.0, 0.0, 0.0, 0.0, 0.0, 0.0, 0.0, 0.0, 0.0, 0.0, 0.0, 0.0, 0.0, 0.0, 0.0, 0.0, 0.0, 0.0, 0.0, 0.0, 0.0, 0.0, 0.0, 0.0, 0.0, 0.0, 0.0, 0.0, 0.0, 0.0, 0.0, 0.0, 0.0, 0.0, 0.0, 0.0, 0.0, 0.0, 0.0, 0.0, 0.0, 0.0, 0.0, 0.0, 0.0, 0.0, 0.0, 0.0, 0.0, 0.0, 0.0, 0.0, 0.0, 0.0, 0.0, 0.0, 0.0, 0.0, 0.0, 0.0, 0.0, 0.0, 0.0, 0.0, 0.0, 0.0, 0.0, 0.0, 0.0, 0.0, 0.0, 0.0, 0.0, 0.0, 0.0, 0.0, 0.0, 0.0, 0.0, 0.0, 0.0, 0.0, 0.0, 0.0, 0.0, 0.0, 0.0, 0.0, 0.0, 0.0, 0.0, 0.0, 0.0, 0.0, 0.0, 0.0, 0.0, 0.0, 0.0, 0.0, 0.0, 0.0, 0.0, 0.0, 0.0], "tonal.chords_histogram": [10.488677024841309, 5.005959510803223, 17.75923728942871, 3.6948747634887695, 0.0, 3.6948747634887695, 3.933253765106201, 34.92252731323242, 0.0, 17.044099807739258, 0.0, 0.0, 0.0, 0.0, 0.0, 0.0, 0.0, 0.0, 0.0, 0.0, 2.026221752166748, 0.0, 0.0, 1.4302741289138794], "tonal.thpcp": [1.0, 0.6919427514076233, 0.24591247737407684, 0.17191922664642334, 0.16322682797908783, 0.13269543647766113, 0.12399807572364807, 0.12937745451927185, 0.22158871591091156, 0.34038329124450684, 0.3014094829559326, 0.2677716016769409, 0.273406982421875, 0.2769927978515625, 0.5616768598556519, 0.9042989611625671, 0.772195041179657, 0.44040733575820923, 0.3042905330657959, 0.2493809312582016, 0.32991737127304077, 0.4362540543079376, 0.32426878809928894, 0.1997097134590149, 0.20754514634609222, 0.1783822476863861, 0.1495010107755661, 0.15571634471416473, 0.16627824306488037, 0.28193187713623047, 0.3435894548892975, 0.2350611537694931, 0.1637321412563324, 0.1841379553079605, 0.23537768423557281, 0.6115525960922241], "lowlevel.gfcc.cov": [[795.2786865234375, -284.46551513671875, 134.1192169189453, 26.23149871826172, -104.49874877929688, 39.26036071777344, -46.67783737182617, -8.241656303405762, -7.168071746826172, 21.71000099182129, -61.38386535644531, 39.940738677978516, -62.26021194458008], [-284.46551513671875, 480.29571533203125, -189.5769805908203, -73.74942779541016, 65.00383758544922, -70.63349914550781, 80.60932922363281, -30.468868255615234, 16.97153091430664, -41.877899169921875, 64.37770080566406, -49.61235046386719, 84.07781982421875], [134.1192169189453, -189.5769805908203, 373.01007080078125, 80.4737548828125, -10.583836555480957, -39.8852653503418, -87.875244140625, 55.66758728027344, 35.0008430480957, 44.93824005126953, -42.098724365234375, 60.441558837890625, -30.44743537902832], [26.23149871826172, -73.74942779541016, 80.4737548828125, 177.714111328125, 8.042020797729492, -5.575250148773193, -14.279632568359375, 10.46196174621582, 43.45307540893555, -0.7694882154464722, 9.361689567565918, 6.4378838539123535, 2.0099990367889404], [-104.49874877929688, 65.00383758544922, -10.583836555480957, 8.042020797729492, 142.42919921875, 42.54403305053711, 51.979225158691406, 6.757318019866943, 10.112946510314941, 10.081966400146484, 26.90249252319336, 6.642085552215576, 22.373268127441406], [39.26036071777344, -70.63349914550781, -39.8852653503418, -5.575250148773193, 42.54403305053711, 159.3989715576172, 79.69276428222656, -13.672971725463867, -24.12924575805664, 0.2562195360660553, 16.401107788085938, -4.459366798400879, 3.99873948097229], [-46.67783737182617, 80.60932922363281, -87.875244140625, -14.279632568359375, 51.979225158691406, 79.69276428222656, 154.4925537109375, 3.8163387775421143, -5.31905460357666, -17.941898345947266, 25.92495346069336, -5.073215961456299, 20.212491989135742], [-8.241656303405762, -30.468868255615234, 55.66758728027344, 10.46196174621582, 6.757318019866943, -13.672971725463867, 3.8163387775421143, 102.3964614868164, 54.15102767944336, 14.228056907653809, -5.19679069519043, 11.444334030151367, 4.383886337280273], [-7.168071746826172, 16.97153091430664, 35.0008430480957, 43.45307540893555, 10.112946510314941, -24.12924575805664, -5.31905460357666, 54.15102767944336, 100.25096893310547, 43.06816864013672, 15.57641315460205, 0.5009230971336365, 10.2972412109375], [21.71000099182129, -41.877899169921875, 44.93824005126953, -0.7694882154464722, 10.081966400146484, 0.2562195360660553, -17.941898345947266, 14.228056907653809, 43.06816864013672, 84.34278106689453, 27.689125061035156, 16.0377197265625, -9.377726554870605], [-61.38386535644531, 64.37770080566406, -42.098724365234375, 9.361689567565918, 26.90249252319336, 16.401107788085938, 25.92495346069336, -5.19679069519043, 15.57641315460205, 27.689125061035156, 88.93768310546875, 23.890491485595703, 25.557899475097656], [39.940738677978516, -49.61235046386719, 60.441558837890625, 6.4378838539123535, 6.642085552215576, -4.459366798400879, -5.073215961456299, 11.444334030151367, 0.5009230971336365, 16.0377197265625, 23.890491485595703, 74.6873779296875, 17.302841186523438], [-62.26021194458008, 84.07781982421875, -30.44743537902832, 2.0099990367889404, 22.373268127441406, 3.99873948097229, 20.212491989135742, 4.383886337280273, 10.2972412109375, -9.377726554870605, 25.557899475097656, 17.302841186523438, 69.6203842163086]], "lowlevel.gfcc.icov": [[0.001838457421399653, 0.0004843231581617147, -0.00017526739975437522, 8.224126213463023e-05, 0.0011682102922350168, -0.0007345108315348625, -0.00016199983656406403, 0.0008629802614450455, -0.0009271611925214529, 1.8537439245847054e-05, 0.0010025161318480968, -0.0013066167011857033, 0.0007359745213761926], [0.0004843231581617147, 0.010166584514081478, -0.0008324437076225877, 0.005652709398418665, -0.003293487709015608, 0.008943621069192886, -0.005453355144709349, 0.00529669551178813, -0.005125326570123434, 0.006205091252923012, -0.007934887893497944, 0.00952024757862091, -0.008436770178377628], [-0.00017526739975437522, -0.0008324437076225877, 0.005685047712177038, -0.002980094635859132, -0.00047954171895980835, -0.0007659029215574265, 0.002404813887551427, -0.0027669095434248447, 0.0014681140892207623, -0.0033615624997764826, 0.004558762535452843, -0.005453134421259165, 0.002106826286762953], [8.224126213463023e-05, 0.005652709398418665, -0.002980094635859132, 0.011508247815072536, -0.0022623292170464993, 0.0040384321473538876, -0.002388173481449485, 0.005662326235324144, -0.009169523604214191, 0.008810944855213165, -0.007331050932407379, 0.005937490612268448, -0.0037980496417731047], [0.0011682102922350168, -0.003293487709015608, -0.00047954171895980835, -0.0022623292170464993, 0.01087785791605711, -0.004869833588600159, -0.0005576555267907679, -0.0014800161588937044, 0.0012930844677612185, -0.0034478793386369944, 0.0023279383312910795, -0.0036138545256108046, 0.0013046871172264218], [-0.0007345108315348625, 0.008943621069192886, -0.0007659029215574265, 0.0040384321473538876, -0.004869833588600159, 0.01823565550148487, -0.00978928618133068, 0.004110883921384811, 7.891466520959511e-05, 0.0023882805835455656, -0.007823706604540348, 0.010743760503828526, -0.008296498097479343], [-0.00016199983656406403, -0.005453355144709349, 0.002404813887551427, -0.002388173481449485, -0.0005576555267907679, -0.00978928618133068, 0.014541811309754848, -0.004436129704117775, 0.0009635663591325283, 0.00029324376373551786, 0.0027272922452539206, -0.0061964900232851505, 0.0047963568940758705], [0.0008629802614450455, 0.00529669551178813, -0.0027669095434248447, 0.005662326235324144, -0.0014800161588937044, 0.004110883921384811, -0.004436129704117775, 0.01957654021680355, -0.014435158111155033, 0.007274135481566191, -0.002347334520891309, 0.0019115598406642675, -0.0032022057566791773], [-0.0009271611925214529, -0.005125326570123434, 0.0014681140892207623, -0.009169523604214191, 0.0012930844677612185, 7.891466520959511e-05, 0.0009635663591325283, -0.014435158111155033, 0.028978032991290092, -0.017167415469884872, 0.0035565493162721395, 0.0016401587054133415, -0.0018352444749325514], [1.8537439245847054e-05, 0.006205091252923012, -0.0033615624997764826, 0.008810944855213165, -0.0034478793386369944, 0.0023882805835455656, 0.00029324376373551786, 0.007274135481566191, -0.017167415469884872, 0.0287827979773283, -0.013382205739617348, 0.003237017197534442, 0.0017503838753327727], [0.0010025161318480968, -0.007934887893497944, 0.004558762535452843, -0.007331050932407379, 0.0023279383312910795, -0.007823706604540348, 0.0027272922452539206, -0.002347334520891309, 0.0035565493162721395, -0.013382205739617348, 0.02720198966562748, -0.01561115775257349, 0.0033071311190724373], [-0.0013066167011857033, 0.00952024757862091, -0.005453134421259165, 0.005937490612268448, -0.0036138545256108046, 0.010743760503828526, -0.0061964900232851505, 0.0019115598406642675, 0.0016401587054133415, 0.003237017197534442, -0.01561115775257349, 0.03235134482383728, -0.015115063637495041], [0.0007359745213761926, -0.008436770178377628, 0.002106826286762953, -0.0037980496417731047, 0.0013046871172264218, -0.008296498097479343, 0.0047963568940758705, -0.0032022057566791773, -0.0018352444749325514, 0.0017503838753327727, 0.0033071311190724373, -0.015115063637495041, 0.028157683089375496]], "lowlevel.mfcc.cov": [[783.8334350585938, -260.9410705566406, 101.68447875976562, -37.30010986328125, -58.11451721191406, 33.07719802856445, -55.36763381958008, 9.782939910888672, -22.61573600769043, 4.189888000488281, 16.556001663208008, -33.71588134765625, -25.18597412109375], [-260.9410705566406, 445.0424499511719, -168.39373779296875, -8.320975303649902, -25.18360710144043, -40.57616424560547, 36.40227508544922, -23.718271255493164, 8.402796745300293, 4.545114040374756, -27.515783309936523, -2.5751113891601562, 1.8866904973983765], [101.68447875976562, -168.39373779296875, 276.2413635253906, 51.989898681640625, 42.74088668823242, -30.29958152770996, -73.67902374267578, 3.2977309226989746, -7.134779453277588, 0.20797738432884216, 19.89069938659668, 5.249584197998047, -9.44908618927002], [-37.30010986328125, -8.320975303649902, 51.989898681640625, 142.52857971191406, 35.10984420776367, -21.674205780029297, -37.290348052978516, 5.843637943267822, 5.946210861206055, -5.671992301940918, 12.929104804992676, 15.361701965332031, 6.796383857727051], [-58.11451721191406, -25.18360710144043, 42.74088668823242, 35.10984420776367, 110.26815795898438, -2.607597827911377, -14.535802841186523, -4.57319974899292, 8.432733535766602, 8.578186988830566, 7.052736759185791, 14.607332229614258, 8.183061599731445], [33.07719802856445, -40.57616424560547, -30.29958152770996, -21.674205780029297, -2.607597827911377, 132.68885803222656, 68.06171417236328, 14.210652351379395, -5.249057769775391, 6.513542652130127, 3.5239694118499756, -10.669018745422363, 0.9060387015342712], [-55.36763381958008, 36.40227508544922, -73.67902374267578, -37.290348052978516, -14.535802841186523, 68.06171417236328, 124.95198059082031, 39.76279830932617, 4.239127159118652, -4.554184913635254, -9.719738006591797, 1.1036036014556885, 7.099601745605469], [9.782939910888672, -23.718271255493164, 3.2977309226989746, 5.843637943267822, -4.57319974899292, 14.210652351379395, 39.76279830932617, 79.04178619384766, 31.17176628112793, 1.2738622426986694, -5.160780906677246, 0.45309871435165405, 5.586301326751709], [-22.61573600769043, 8.402796745300293, -7.134779453277588, 5.946210861206055, 8.432733535766602, -5.249057769775391, 4.239127159118652, 31.17176628112793, 67.67562103271484, 35.06803894042969, 4.657620906829834, -1.3097679615020752, 9.056654930114746], [4.189888000488281, 4.545114040374756, 0.20797738432884216, -5.671992301940918, 8.578186988830566, 6.513542652130127, -4.554184913635254, 1.2738622426986694, 35.06803894042969, 62.42157745361328, 23.836917877197266, 2.2339529991149902, 1.5439776182174683], [16.556001663208008, -27.515783309936523, 19.89069938659668, 12.929104804992676, 7.052736759185791, 3.5239694118499756, -9.719738006591797, -5.160780906677246, 4.657620906829834, 23.836917877197266, 61.55440902709961, 30.591039657592773, 5.0245161056518555], [-33.71588134765625, -2.5751113891601562, 5.249584197998047, 15.361701965332031, 14.607332229614258, -10.669018745422363, 1.1036036014556885, 0.45309871435165405, -1.3097679615020752, 2.2339529991149902, 30.591039657592773, 69.9751968383789, 35.55699157714844], [-25.18597412109375, 1.8866904973983765, -9.44908618927002, 6.796383857727051, 8.183061599731445, 0.9060387015342712, 7.099601745605469, 5.586301326751709, 9.056654930114746, 1.5439776182174683, 5.0245161056518555, 35.55699157714844, 67.41443634033203]], "lowlevel.mfcc.icov": [[0.0018876359099522233, 0.0009244638495147228, -6.365599256241694e-05, 0.00048598708235658705, 0.001097703818231821, -0.0005368581041693687, 0.0012842235155403614, -0.0008575033280067146, 0.0009276728960685432, -0.0005428569857031107, -0.00035782839404419065, 0.0007259496487677097, -3.720520908245817e-05], [0.0009244638495147228, 0.003947852645069361, 0.0018717144848778844, -0.0006911832606419921, 0.0008212692919187248, 0.0017781945643946528, -0.0011244493070989847, 0.0013576196506619453, 0.0001560751406941563, -0.0014210139634087682, 0.0013027681270614266, 6.262360784603516e-06, 0.000360430043656379], [-6.365599256241694e-05, 0.0018717144848778844, 0.006096155382692814, -0.0009999327594414353, -0.0014895754866302013, 0.0008100643171928823, 0.0025408968795090914, -0.0018801656551659107, 0.0017420885851606727, -0.0006984430947341025, -0.0005279401666484773, 0.00014645677583757788, 0.0006813016370870173], [0.00048598708235658705, -0.0006911832606419921, -0.0009999327594414353, 0.009317822754383087, -0.0020636552944779396, -0.0008035119390115142, 0.0035920259542763233, -0.0025231093168258667, -0.0008656556601636112, 0.0029180021956562996, -0.002248430158942938, -0.00045202390174381435, -0.00033107775379903615], [0.001097703818231821, 0.0008212692919187248, -0.0014895754866302013, -0.0020636552944779396, 0.011555392295122147, -0.0009630570420995355, 0.00019977832562290132, 0.0017530855257064104, -0.0013719619018957019, -0.0016398148145526648, 0.0017369583947584033, -0.002233527833595872, 0.00010082960943691432], [-0.0005368581041693687, 0.0017781945643946528, 0.0008100643171928823, -0.0008035119390115142, -0.0009630570420995355, 0.013115087524056435, -0.008529065176844597, 0.0014403630048036575, 0.002718694508075714, -0.0029277196153998375, -0.0019972403533756733, 0.004104386083781719, -0.0016504271188750863], [0.0012842235155403614, -0.0011244493070989847, 0.0025408968795090914, 0.0035920259542763233, 0.00019977832562290132, -0.008529065176844597, 0.019353630021214485, -0.010011631064116955, 0.0024933703243732452, 0.001156998099759221, 0.000829025695566088, -0.0024733757600188255, 0.0002683761704247445], [-0.0008575033280067146, 0.0013576196506619453, -0.0018801656551659107, -0.0025231093168258667, 0.0017530855257064104, 0.0014403630048036575, -0.010011631064116955, 0.02374415472149849, -0.013838467188179493, 0.005263813305646181, 0.0017556415405124426, -0.001438834355212748, 0.0008537052199244499], [0.0009276728960685432, 0.0001560751406941563, 0.0017420885851606727, -0.0008656556601636112, -0.0013719619018957019, 0.002718694508075714, 0.0024933703243732452, -0.013838467188179493, 0.03206903859972954, -0.01854904741048813, 0.001869570347480476, 0.0038591560442000628, -0.0043704393319785595], [-0.0005428569857031107, -0.0014210139634087682, -0.0006984430947341025, 0.0029180021956562996, -0.0016398148145526648, -0.0029277196153998375, 0.001156998099759221, 0.005263813305646181, -0.01854904741048813, 0.03192935883998871, -0.012256890535354614, 0.0027582254260778427, 0.00034464168129488826], [-0.00035782839404419065, 0.0013027681270614266, -0.0005279401666484773, -0.002248430158942938, 0.0017369583947584033, -0.0019972403533756733, 0.000829025695566088, 0.0017556415405124426, 0.001869570347480476, -0.012256890535354614, 0.02972281724214554, -0.015736743807792664, 0.005680176429450512], [0.0007259496487677097, 6.262360784603516e-06, 0.00014645677583757788, -0.00045202390174381435, -0.002233527833595872, 0.004104386083781719, -0.0024733757600188255, -0.001438834355212748, 0.0038591560442000628, 0.0027582254260778427, -0.015736743807792664, 0.0299987830221653, -0.014298459514975548], [-3.720520908245817e-05, 0.000360430043656379, 0.0006813016370870173, -0.00033107775379903615, 0.00010082960943691432, -0.0016504271188750863, 0.0002683761704247445, 0.0008537052199244499, -0.0043704393319785595, 0.00034464168129488826, 0.005680176429450512, -0.014298459514975548, 0.02254689298570156]], "metadata.audio_properties.analysis.downmix": "mix", "metadata.audio_properties.codec": "mp3", "metadata.audio_properties.md5_encoded": "b953356c0de635d94965356682f44f3b", "metadata.tags.file_name": "1183713163494047865.mp3", "metadata.version.essentia": "2.1-beta6-dev", "metadata.version.essentia_git_sha": "v2.1_beta5-1110-g77a6a954", "metadata.version.extractor": "music 2.0", "tonal.chords_key": "E", "tonal.chords_scale": "major", "tonal.key_edma.key