{"song_id": "1183681374675292160", "download": "https://cdn.discordapp.com/attachments/1135911532732108921/1183681374675292160/chirp.mp4?ex=6589382f&amp", "lyrics": "[verse]\nIn this hazy room, thoughts start to collide\nLost in a daze, I cannot hide\nYour smile pulls me closer, like a magnetic force\nLove's gentle embrace, forever on its course\n\n[chorus]\nLosing my mind, caught in your gaze\nIn this lofi rhythm, love sets ablaze\nMelodies of affection, soft and serene\nWith you by my side, love's sweetest dream", "style": ["lofi"], "essentia_features": {"lowlevel.average_loudness": 0.9446406960487366, "lowlevel.barkbands_crest.mean": 11.379413604736328, "lowlevel.barkbands_crest.stdev": 4.046070575714111, "lowlevel.barkbands_flatness_db.mean": 0.30812424421310425, "lowlevel.barkbands_flatness_db.stdev": 0.12096754461526871, "lowlevel.barkbands_kurtosis.mean": 15.83997917175293, "lowlevel.barkbands_kurtosis.stdev": 29.2332763671875, "lowlevel.barkbands_skewness.mean": 2.2243754863739014, "lowlevel.barkbands_skewness.stdev": 1.919874906539917, "lowlevel.barkbands_spread.mean": 11.317641258239746, "lowlevel.barkbands_spread.stdev": 16.032562255859375, "lowlevel.dissonance.mean": 0.3799112141132355, "lowlevel.dissonance.stdev": 0.07360710203647614, "lowlevel.dynamic_complexity": 4.688772678375244, "lowlevel.erbbands_crest.mean": 11.714371681213379, "lowlevel.erbbands_crest.stdev": 4.163071632385254, "lowlevel.erbbands_flatness_db.mean": 0.25723567605018616, "lowlevel.erbbands_flatness_db.stdev": 0.07394073158502579, "lowlevel.erbbands_kurtosis.mean": 7.99836540222168, "lowlevel.erbbands_kurtosis.stdev": 15.172061920166016, "lowlevel.erbbands_skewness.mean": 1.3160332441329956, "lowlevel.erbbands_skewness.stdev": 1.6612308025360107, "lowlevel.erbbands_spread.mean": 25.14141082763672, "lowlevel.erbbands_spread.stdev": 27.678714752197266, "lowlevel.hfc.mean": 12.932175636291504, "lowlevel.hfc.stdev": 18.340837478637695, "lowlevel.loudness_ebu128.integrated": -19.46890640258789, "lowlevel.loudness_ebu128.loudness_range": 3.487396240234375, "lowlevel.loudness_ebu128.momentary.mean": -22.021268844604492, "lowlevel.loudness_ebu128.momentary.stdev": 5.980915069580078, "lowlevel.loudness_ebu128.short_term.mean": -20.053791046142578, "lowlevel.loudness_ebu128.short_term.stdev": 1.7895277738571167, "lowlevel.melbands_crest.mean": 17.732892990112305, "lowlevel.melbands_crest.stdev": 6.7341461181640625, "lowlevel.melbands_flatness_db.mean": 0.3954838216304779, "lowlevel.melbands_flatness_db.stdev": 0.15042786300182343, "lowlevel.melbands_kurtosis.mean": 26.02997398376465, "lowlevel.melbands_kurtosis.stdev": 53.56779479980469, "lowlevel.melbands_skewness.mean": 2.7674381732940674, "lowlevel.melbands_skewness.stdev": 2.320354700088501, "lowlevel.melbands_spread.mean": 12.950392723083496, "lowlevel.melbands_spread.stdev": 24.435876846313477, "lowlevel.pitch_salience.mean": 0.5205516219139099, "lowlevel.pitch_salience.stdev": 0.16207222640514374, "lowlevel.silence_rate_20dB.mean": 0.9631676077842712, "lowlevel.silence_rate_20dB.stdev": 0.18835103511810303, "lowlevel.silence_rate_30dB.mean": 0.9294045567512512, "lowlevel.silence_rate_30dB.stdev": 0.25614553689956665, "lowlevel.silence_rate_60dB.mean": 0.13443830609321594, "lowlevel.silence_rate_60dB.stdev": 0.3411191403865814, "lowlevel.spectral_centroid.mean": 639.18115234375, "lowlevel.spectral_centroid.stdev": 657.3886108398438, "lowlevel.spectral_complexity.mean": 8.478821754455566, "lowlevel.spectral_complexity.stdev": 4.577452659606934, "lowlevel.spectral_decrease.mean": -1.3622210914832067e-08, "lowlevel.spectral_decrease.stdev": 2.8493989390199204e-08, "lowlevel.spectral_energy.mean": 0.05258633568882942, "lowlevel.spectral_energy.stdev": 0.10851113498210907, "lowlevel.spectral_energyband_high.mean": 0.00038881273940205574, "lowlevel.spectral_energyband_high.stdev": 0.0014802246587350965, "lowlevel.spectral_energyband_low.mean": 0.03790827840566635, "lowlevel.spectral_energyband_low.stdev": 0.10355361551046371, "lowlevel.spectral_energyband_middle_high.mean": 0.0021153732668608427, "lowlevel.spectral_energyband_middle_high.stdev": 0.005279635079205036, "lowlevel.spectral_energyband_middle_low.mean": 0.012459006160497665, "lowlevel.spectral_energyband_middle_low.stdev": 0.020699400454759598, "lowlevel.spectral_entropy.mean": 6.3152852058410645, "lowlevel.spectral_entropy.stdev": 0.92630934715271, "lowlevel.spectral_flux.mean": 0.08906274288892746, "lowlevel.spectral_flux.stdev": 0.12218562513589859, "lowlevel.spectral_kurtosis.mean": 29.923423767089844, "lowlevel.spectral_kurtosis.stdev": 44.07615661621094, "lowlevel.spectral_rms.mean": 0.005707247648388147, "lowlevel.spectral_rms.stdev": 0.004327934235334396, "lowlevel.spectral_rolloff.mean": 955.4310302734375, "lowlevel.spectral_rolloff.stdev": 1787.53369140625, "lowlevel.spectral_skewness.mean": 3.8483662605285645, "lowlevel.spectral_skewness.stdev": 2.6668689250946045, "lowlevel.spectral_spread.mean": 3943309.0, "lowlevel.spectral_spread.stdev": 2494130.25, "lowlevel.spectral_strongpeak.mean": 0.5949904322624207, "lowlevel.spectral_strongpeak.stdev": 0.9282661080360413, "lowlevel.zerocrossingrate.mean": 0.03790818899869919, "lowlevel.zerocrossingrate.stdev": 0.05026901885867119, "metadata.audio_properties.analysis.equal_loudness": 0.0, "metadata.audio_properties.analysis.length": 37.80160903930664, "metadata.audio_properties.analysis.sample_rate": 44100.0, "metadata.audio_properties.analysis.start_time": 0.0, "metadata.audio_properties.bit_rate": 113978.0, "metadata.audio_properties.length": 37.80266571044922, "metadata.audio_properties.lossless": 0.0, "metadata.audio_properties.number_channels": 1.0, "metadata.audio_properties.replay_gain": -6.639518737792969, "metadata.audio_properties.sample_rate": 48000.0, "rhythm.beats_count": 49.0, "rhythm.beats_loudness.mean": 0.13884343206882477, "rhythm.beats_loudness.stdev": 0.19095264375209808, "rhythm.bpm": 78.90644836425781, "rhythm.bpm_histogram_first_peak_bpm": 78.0, "rhythm.bpm_histogram_first_peak_weight": 0.4583333134651184, "rhythm.bpm_histogram_second_peak_bpm": 0.0, "rhythm.bpm_histogram_second_peak_spread": 0.0, "rhythm.bpm_histogram_second_peak_weight": 0.0, "rhythm.danceability": 1.3452149629592896, "rhythm.onset_rate": 3.2792348861694336, "tonal.chords_changes_rate": 0.04171779006719589, "tonal.chords_number_rate": 0.009815950877964497, "tonal.chords_strength.mean": 0.544427216053009, "tonal.chords_strength.stdev": 0.12671808898448944, "tonal.hpcp_crest.mean": 14.234325408935547, "tonal.hpcp_crest.stdev": 6.035921573638916, "tonal.hpcp_entropy.mean": 1.8778053522109985, "tonal.hpcp_entropy.stdev": 0.6405565142631531, "tonal.key_edma.strength": 0.8470970988273621, "tonal.key_krumhansl.strength": 0.8457333445549011, "tonal.key_temperley.strength": 0.8405669331550598, "tonal.tuning_diatonic_strength": 0.5715062022209167, "tonal.tuning_equal_tempered_deviation": 0.18209396302700043, "tonal.tuning_frequency": 434.193115234375, "tonal.tuning_nontempered_energy_ratio": 0.9628696441650391, "lowlevel.barkbands.mean": [0.006568956654518843, 0.023357251659035683, 0.007813489064574242, 0.002297279890626669, 0.0025525225792080164, 0.0033835172653198242, 0.001350986654870212, 0.0007381510222330689, 0.001926389173604548, 0.0005655541317537427, 0.0002690028049983084, 0.00035068366560153663, 0.0004807849181815982, 0.00030053703812882304, 0.00013338042481336743, 4.5907279854873195e-05, 3.597318209358491e-05, 6.3085744841373526e-06, 1.1454707419034094e-05, 1.2907622476632241e-05, 4.237154280417599e-05, 1.6603831682004966e-05, 1.9613635231507942e-05, 0.0002816086926031858, 2.2282436475506984e-05, 2.7782775759988e-06, 3.167936668546645e-08], "lowlevel.barkbands.stdev": [0.0074015166610479355, 0.07359173893928528, 0.041336651891469955, 0.014021744951605797, 0.004722984973341227, 0.003464410314336419, 0.0015193988801911473, 0.002023944864049554, 0.005336134694516659, 0.0019738178234547377, 0.0011141285067424178, 0.001661891583353281, 0.0015944043407216668, 0.0011930741602554917, 0.000620968290604651, 0.00015259934298228472, 8.701770275365561e-05, 1.5976125723682344e-05, 5.2219736971892416e-05, 5.6840141041902825e-05, 0.00015333938063122332, 5.75583653699141e-05, 0.00010105990077136084, 0.0011538267135620117, 0.00010540483344811946, 7.990243830136023e-06, 2.7198669272365805e-07], "lowlevel.erbbands.mean": [0.7644566893577576, 4.872237205505371, 10.031499862670898, 8.460851669311523, 6.369897365570068, 7.8839616775512695, 21.060409545898438, 24.906862258911133, 22.02968978881836, 22.38422203063965, 23.43018913269043, 47.12843322753906, 23.286579132080078, 11.852080345153809, 10.982732772827148, 16.79074478149414, 20.869110107421875, 17.036256790161133, 11.1775484085083, 4.168291091918945, 2.6470797061920166, 1.9807158708572388, 0.5530450344085693, 0.3542183041572571, 0.7763699889183044, 0.5643491744995117, 0.7272164821624756, 2.2470128536224365, 0.7729017734527588, 0.14186739921569824, 0.7902497053146362, 5.613922595977783, 4.000014781951904, 0.5615970492362976, 0.07348395138978958, 0.01957179419696331, 0.0038935684133321047, 0.0004351464449428022, 3.7421930755954236e-05, 5.9845067880814895e-05], "lowlevel.erbbands.stdev": [1.5745174884796143, 18.785669326782227, 46.073970794677734, 51.086578369140625, 26.463788986206055, 14.0104398727417, 29.738767623901367, 26.847286224365234, 23.342063903808594, 31.733386993408203, 60.500003814697266, 131.50540161132812, 79.62442016601562, 36.877342224121094, 41.08350372314453, 71.8818130493164, 66.48692321777344, 60.488487243652344, 50.20968246459961, 16.69589614868164, 8.325133323669434, 4.854945659637451, 1.3415671586990356, 1.4845057725906372, 3.2840468883514404, 2.3661224842071533, 3.4186973571777344, 7.706425666809082, 2.6220061779022217, 0.5895251035690308, 3.495720386505127, 21.712100982666016, 17.98072624206543, 2.664659023284912, 0.23531746864318848, 0.05115557089447975, 0.015026845037937164, 0.0018728813156485558, 6.875798862893134e-05, 0.00011745738447643816], "lowlevel.gfcc.mean": [-130.08799743652344, 139.20358276367188, -63.95558166503906, 12.350177764892578, -75.28006744384766, 10.51559829711914, -53.26985549926758, -0.29100075364112854, -10.059968948364258, 1.711588740348816, 2.3816442489624023, -13.04569149017334, 2.3991615772247314], "lowlevel.melbands.mean": [0.007176702376455069, 0.0055829258635640144, 0.0014080461114645004, 0.00045657900045625865, 0.00066859315847978, 0.0006021861336193979, 0.00032544267014600337, 0.00021764815028291196, 0.00023828605480957776, 0.0002695392759051174, 0.00010988332360284403, 4.9591184506425634e-05, 3.80536584998481e-05, 4.036023892695084e-05, 4.652493225876242e-05, 4.258933040546253e-05, 3.0421762858168222e-05, 1.997289655264467e-05, 8.094284567050636e-06, 3.503910420477041e-06, 3.042437356270966e-06, 2.328933078388218e-06, 9.041038424584258e-07, 2.2840822566649877e-07, 2.631024074162269e-07, 5.093458526062022e-07, 6.487642849606345e-07, 2.815276047840598e-07, 3.2208782840825734e-07, 7.626283604622586e-07, 1.536470904284215e-06, 5.112108283356065e-07, 9.626972996557015e-08, 4.679601417478807e-08, 1.4660963643109426e-07, 1.4090071545069804e-06, 4.475766672840109e-06, 3.505846962070791e-06, 1.0987033647325006e-06, 2.37449384599131e-07], "lowlevel.melbands.stdev": [0.01770624704658985, 0.0225015077739954, 0.007890009321272373, 0.001245132996700704, 0.0008866618736647069, 0.0006144953658804297, 0.0003376583626959473, 0.0003139559703413397, 0.0006126583321020007, 0.0007422468042932451, 0.00039416024810634553, 0.00015909572539385408, 0.00015889029600657523, 0.0001899183844216168, 0.0001728858333081007, 0.00014152259973343462, 0.00011495196667965502, 9.301662066718563e-05, 3.756616933969781e-05, 1.2934004189446568e-05, 1.0121662853634916e-05, 5.903840246901382e-06, 2.4349401428480633e-06, 6.043478038009198e-07, 1.2336472536844667e-06, 2.4828807454468915e-06, 2.8451950129237957e-06, 1.288874614147062e-06, 1.7316631328867516e-06, 3.167695695083239e-06, 5.210226845520083e-06, 1.7746824596542865e-06, 3.9164987697404285e-07, 2.5528765945637133e-07, 8.114502065836859e-07, 6.106914497649996e-06, 1.7483060219092295e-05, 1.5739682567073032e-05, 5.820014848723076e-06, 1.0641497283359058e-06], "lowlevel.melbands128.mean": [0.005271438043564558, 0.006553287617862225, 0.00805709045380354, 0.00824252050369978, 0.006099471356719732, 0.0033698047045618296, 0.0017653292743489146, 0.000965155370067805, 0.000615845900028944, 0.0003374404914211482, 0.0003870806540362537, 0.0006418669945560396, 0.0008391734445467591, 0.000592682627029717, 0.0004496850597206503, 0.0007705838652327657, 0.0006035210099071264, 7.199405808933079e-05, 0.00018401644774712622, 0.0003658260393422097, 0.00012437402619980276, 0.00012701119703706354, 0.00017425052647013217, 0.0004474514862522483, 0.0004371811810415238, 0.00011568147601792589, 0.00012143111962359399, 0.00011657276627374813, 0.00010722206206992269, 4.271306170267053e-05, 3.223992098355666e-05, 4.7163310227915645e-05, 4.780482777277939e-05, 2.1819823814439587e-05, 3.0756942578591406e-05, 5.2171315473970026e-05, 4.799673115485348e-05, 2.971919093397446e-05, 7.002837082836777e-05, 3.945678690797649e-05, 3.5997705708723515e-05, 4.625870133168064e-05, 2.6209598217974417e-05, 2.633162512211129e-05, 2.6743118723970838e-05, 1.7634054529480636e-05, 1.47256896525505e-05, 8.418427569267806e-06, 5.129447345098015e-06, 5.065158347861143e-06, 2.4821738406899385e-06, 3.143794856441673e-06, 2.8222252694831695e-06, 3.5771790862781927e-06, 2.2911251562618418e-06, 2.8358508643577807e-06, 1.4360725799633656e-06, 1.3463634331856156e-06, 5.841538381901046e-07, 3.4388975223009766e-07, 1.876474584605603e-07, 1.4459912733855163e-07, 2.1163602070828347e-07, 2.935298084594251e-07, 3.457594743849768e-07, 5.486846248459187e-07, 5.69463793453906e-07, 5.833531986354501e-07, 8.28560132504208e-07, 5.390331239141233e-07, 2.0449297721825133e-07, 1.7916747196977667e-07, 2.2921776121620496e-07, 3.2279493211717636e-07, 4.632948673588544e-07, 5.558964630836272e-07, 8.316500270666438e-07, 1.6001423546185833e-06, 2.0270686036383267e-06, 1.035821014738758e-06, 6.255048674574937e-07, 3.059936943827779e-07, 1.1685516909665239e-07, 8.14708940310993e-08, 6.339998748217113e-08, 5.6364012124276996e-08, 3.56594469508309e-08, 3.6707024975157765e-08, 8.350694002956516e-08, 2.2221600204375136e-07, 6.872563744764193e-07, 1.5448753174496233e-06, 2.8791707791242516e-06, 4.652162715501618e-06, 5.713101018045563e-06, 4.3742061279772315e-06, 3.1792951631359756e-06, 1.970830680875224e-06, 1.2036389307468198e-06, 5.722490641346667e-07, 3.0196687816896883e-07, 1.965763090083783e-07, 1.269897893507732e-07, 9.01863757007959e-08, 6.459708856709767e-08, 3.709649831762363e-08, 4.1540907602666266e-08, 4.169011447174853e-08, 4.2894708229823664e-08, 1.7859859369195874e-08, 7.350226205460331e-09, 1.1873729555134105e-08, 1.310947883581548e-08, 1.0894374291581244e-08, 8.69087379840039e-09, 3.5079645854807495e-09, 1.167490437659069e-09, 8.881551050166081e-11, 9.67670128054765e-12, 9.212597698593505e-12, 8.919567341669765e-12, 8.399315097606941e-12, 8.140073684548277e-12, 7.994203389538601e-12, 7.786472855375592e-12, 7.515362464294295e-12, 7.356042858175371e-12, 7.302772102313337e-12], "lowlevel.melbands128.stdev": [0.005654905457049608, 0.01024450920522213, 0.027976185083389282, 0.03446533903479576, 0.02706497721374035, 0.01910274475812912, 0.011564201675355434, 0.0055461968295276165, 0.0023320394102483988, 0.0010770895751193166, 0.0007334399851970375, 0.0008796416805125773, 0.0014284233329817653, 0.000781434413511306, 0.0007496692123822868, 0.0008685389766469598, 0.0007266649627126753, 0.0001276433904422447, 0.00028956140158697963, 0.0005713895079679787, 0.0002978239208459854, 0.0005188626237213612, 0.0006905202171765268, 0.0014863783726468682, 0.0014162608422338963, 0.0005302592762745917, 0.0007466926472261548, 0.0005100579583086073, 0.0004683671286329627, 0.00018568045925348997, 0.00015660941426176578, 0.0002437132061459124, 0.000256477331276983, 9.964359924197197e-05, 0.00023170806525740772, 0.00025175558403134346, 0.0003172018041368574, 0.0001531714224256575, 0.0003032912209164351, 0.00014820261276327074, 0.0001792923139873892, 0.00018525344785302877, 0.00012783937563654035, 0.0001370881946058944, 0.00013694865629076958, 0.00010964021203108132, 8.326413080794737e-05, 4.5604625483974814e-05, 2.596999183879234e-05, 2.2768152120988816e-05, 9.97910956357373e-06, 1.317693659075303e-05, 1.154249366663862e-05, 1.4051865036890376e-05, 6.552006652782438e-06, 8.673141564941034e-06, 4.383156465337379e-06, 4.32968272434664e-06, 1.6500824813192594e-06, 1.244851887349796e-06, 5.282171855469642e-07, 4.5546866545009834e-07, 7.656267371203285e-07, 1.7477541405241936e-06, 2.3476284241041867e-06, 2.852965508282068e-06, 2.6183895442954963e-06, 4.073701802553842e-06, 3.777764959522756e-06, 2.5446072413615184e-06, 1.1762681424443144e-06, 9.977250101655954e-07, 1.3216481420386117e-06, 1.9130093278363347e-06, 2.7707242225005757e-06, 3.0820342544757295e-06, 3.5029599985136883e-06, 5.906642400077544e-06, 7.364077191596152e-06, 3.491112920528394e-06, 2.4376802230108296e-06, 1.3198588248997112e-06, 4.714533474725613e-07, 3.689220022806694e-07, 3.064813824948942e-07, 2.99525510172316e-07, 2.84681050288782e-07, 2.563971293056966e-07, 6.258904932110454e-07, 1.3729084002989111e-06, 4.245614491082961e-06, 7.866417035984341e-06, 1.1399216418794822e-05, 1.8159616956836544e-05, 2.5302681024186313e-05, 1.92982788576046e-05, 1.5827445167815313e-05, 1.085381427401444e-05, 6.805420071032131e-06, 3.96383393308497e-06, 1.4173716635923483e-06, 7.691616019656067e-07, 4.866157041760744e-07, 2.847120015303517e-07, 2.3563693218875414e-07, 1.2343821254034992e-07, 1.714382733553066e-07, 1.3795749964629067e-07, 1.040246075945106e-07, 4.960897825867505e-08, 2.352165040520049e-08, 4.592672198100445e-08, 7.239366794919988e-08, 5.348388398829229e-08, 4.35617231175911e-08, 1.6784392542490423e-08, 8.846803289941363e-09, 5.288376958567653e-10, 2.9401901052716894e-11, 2.8140618307803678e-11, 2.5725701083278985e-11, 1.8764602718879253e-11, 1.80952093586928e-11, 1.7794462084386176e-11, 1.754368525452854e-11, 1.7331646534612943e-11, 1.718195551114743e-11, 1.7089900675171243e-11], "lowlevel.mfcc.mean": [-794.7451782226562, 177.96376037597656, 55.335044860839844, 2.6122491359710693, 13.835267066955566, -8.38244342803955, -7.675173759460449, -18.91150665283203, -3.5380938053131104, -0.956495463848114, -3.502826690673828, 14.1726713180542, -14.131190299987793], "lowlevel.spectral_contrast_coeffs.mean": [-0.6699519753456116, -0.6816887259483337, -0.7836275696754456, -0.8063475489616394, -0.7918288111686707, -0.7580485343933105], "lowlevel.spectral_contrast_coeffs.stdev": [0.1154845654964447, 0.07466211169958115, 0.07452353835105896, 0.06943746656179428, 0.07636205106973648, 0.07291582226753235], "lowlevel.spectral_contrast_valleys.mean": [-7.196966648101807, -7.2683587074279785, -8.828693389892578, -9.272634506225586, -10.215493202209473, -12.09190559387207], "lowlevel.spectral_contrast_valleys.stdev": [1.649155855178833, 1.1517831087112427, 1.3630741834640503, 1.2836259603500366, 1.0440573692321777, 1.23215651512146], "rhythm.beats_loudness_band_ratio.mean": [0.5759819746017456, 0.18143589794635773, 0.1795625239610672, 0.08074401319026947, 0.02228076197206974, 0.004201843868941069], "rhythm.beats_loudness_band_ratio.stdev": [0.3696492314338684, 0.20194010436534882, 0.2003476917743683, 0.11578300595283508, 0.05060592293739319, 0.008112577721476555], "tonal.hpcp.mean": [0.0655142143368721, 0.08490011096000671, 0.06628154963254929, 0.04486020654439926, 0.03212325647473335, 0.028807783499360085, 0.15076474845409393, 0.19144153594970703, 0.12952716648578644, 0.31283038854599, 0.3151770234107971, 0.09241688996553421, 0.03082205355167389, 0.023926686495542526, 0.026985671371221542, 0.2138700932264328, 0.24405372142791748, 0.06262706965208054, 0.0287715382874012, 0.026034479960799217, 0.04897479712963104, 0.1650717854499817, 0.1840527057647705, 0.15134300291538239, 0.2033553570508957, 0.1284858137369156, 0.04758858680725098, 0.053633324801921844, 0.04454030841588974, 0.04300156980752945, 0.36494922637939453, 0.4146261215209961, 0.09756490588188171, 0.040386050939559937, 0.03208305314183235, 0.034866560250520706], "tonal.hpcp.stdev": [0.18364548683166504, 0.22497868537902832, 0.19323161244392395, 0.15201202034950256, 0.13232091069221497, 0.1205923855304718, 0.22293740510940552, 0.27048176527023315, 0.19420696794986725, 0.4050503075122833, 0.40692007541656494, 0.18533334136009216, 0.11613761633634567, 0.10272809863090515, 0.09265639632940292, 0.30168625712394714, 0.34015583992004395, 0.13763415813446045, 0.11333608627319336, 0.11288904398679733, 0.1503555178642273, 0.25144267082214355, 0.2666354477405548, 0.21692685782909393, 0.3574315905570984, 0.22217358648777008, 0.15158192813396454, 0.16500051319599152, 0.14776800572872162, 0.10907305032014847, 0.28659752011299133, 0.325657457113266, 0.14344385266304016, 0.1256011575460434, 0.10645418614149094, 0.12650008499622345], "rhythm.beats_position": [0.7662584781646729, 1.5325169563293457, 2.2987754344940186, 3.0650339126586914, 3.8312923908233643, 4.585940837860107, 5.34058952331543, 6.106847763061523, 6.873106479644775, 7.639364719390869, 8.382403373718262, 9.148661613464355, 9.914920806884766, 10.66956901550293, 11.424217224121094, 12.190476417541504, 12.956734657287598, 13.699772834777832, 14.466031074523926, 15.220680236816406, 15.97532844543457, 16.741586685180664, 17.507844924926758, 18.262493133544922, 19.01714324951172, 19.771791458129883, 20.526439666748047, 21.28108787536621, 22.047346115112305, 22.80199432373047, 23.568254470825195, 24.33451271057129, 25.100770950317383, 25.855419158935547, 26.61006736755371, 27.376325607299805, 28.13097381591797, 28.885623931884766, 29.65188217163086, 30.418140411376953, 31.172788619995117, 31.92743682861328, 32.693695068359375, 33.44834518432617, 34.2029914855957, 34.9692497253418, 35.73550796508789, 36.501766204833984, 37.268028259277344], "rhythm.bpm_histogram": [0.0, 0.0, 0.0, 0.0, 0.0, 0.0, 0.0, 0.0, 0.0, 0.0, 0.0, 0.0, 0.0, 0.0, 0.0, 0.0, 0.0, 0.0, 0.0, 0.0, 0.0, 0.0, 0.0, 0.0, 0.0, 0.0, 0.0, 0.0, 0.0, 0.0, 0.0, 0.0, 0.0, 0.0, 0.0, 0.0, 0.0, 0.0, 0.0, 0.0, 0.0, 0.0, 0.0, 0.0, 0.0, 0.0, 0.0, 0.0, 0.0, 0.0, 0.0, 0.0, 0.0, 0.0, 0.0, 0.0, 0.0, 0.0, 0.0, 0.0, 0.0, 0.0, 0.0, 0.0, 0.0, 0.0, 0.0, 0.0, 0.0, 0.0, 0.0, 0.0, 0.0, 0.0, 0.0, 0.0, 0.0, 0.0, 0.5416666865348816, 0.0, 0.4166666567325592, 0.0416666679084301, 0.0, 0.0, 0.0, 0.0, 0.0, 0.0, 0.0, 0.0, 0.0, 0.0, 0.0, 0.0, 0.0, 0.0, 0.0, 0.0, 0.0, 0.0, 0.0, 0.0, 0.0, 0.0, 0.0, 0.0, 0.0, 0.0, 0.0, 0.0, 0.0, 0.0, 0.0, 0.0, 0.0, 0.0, 0.0, 0.0, 0.0, 0.0, 0.0, 0.0, 0.0, 0.0, 0.0, 0.0, 0.0, 0.0, 0.0, 0.0, 0.0, 0.0, 0.0, 0.0, 0.0, 0.0, 0.0, 0.0, 0.0, 0.0, 0.0, 0.0, 0.0, 0.0, 0.0, 0.0, 0.0, 0.0, 0.0, 0.0, 0.0, 0.0, 0.0, 0.0, 0.0, 0.0, 0.0, 0.0, 0.0, 0.0, 0.0, 0.0, 0.0, 0.0, 0.0, 0.0, 0.0, 0.0, 0.0, 0.0, 0.0, 0.0, 0.0, 0.0, 0.0, 0.0, 0.0, 0.0, 0.0, 0.0, 0.0, 0.0, 0.0, 0.0, 0.0, 0.0, 0.0, 0.0, 0.0, 0.0, 0.0, 0.0, 0.0, 0.0, 0.0, 0.0, 0.0, 0.0, 0.0, 0.0, 0.0, 0.0, 0.0, 0.0, 0.0, 0.0, 0.0, 0.0, 0.0, 0.0, 0.0, 0.0, 0.0, 0.0, 0.0, 0.0, 0.0, 0.0, 0.0, 0.0, 0.0, 0.0, 0.0, 0.0, 0.0, 0.0, 0.0, 0.0, 0.0, 0.0, 0.0, 0.0, 0.0, 0.0, 0.0, 0.0, 0.0, 0.0, 0.0, 0.0, 0.0, 0.0, 0.0, 0.0, 0.0, 0.0, 0.0, 0.0, 0.0, 0.0], "tonal.chords_histogram": [48.957054138183594, 2.5766870975494385, 28.8343563079834, 0.0, 0.4907975494861603, 0.0, 0.0, 0.0, 0.0, 0.0, 0.0, 0.0, 0.0, 0.0, 0.0, 0.3680981695652008, 0.0, 1.2269939184188843, 0.0, 3.4355828762054443, 0.24539877474308014, 6.625766754150391, 1.9631901979446411, 5.276073455810547], "tonal.thpcp": [1.0, 0.23530815541744232, 0.09740353375673294, 0.0773782730102539, 0.08409156650304794, 0.1580079346895218, 0.20476305484771729, 0.1598585993051529, 0.10819435864686966, 0.07747523486614227, 0.06947893649339676, 0.36361613869667053, 0.46172088384628296, 0.3123950958251953, 0.7544878721237183, 0.7601475119590759, 0.22289210557937622, 0.07433698326349258, 0.05770665407180786, 0.06508435308933258, 0.5158143043518066, 0.5886115431785583, 0.15104468166828156, 0.06939152628183365, 0.06279025226831436, 0.11811797320842743, 0.39812201261520386, 0.4439004063606262, 0.3650107681751251, 0.490454763174057, 0.3098835349082947, 0.11477469652891159, 0.12935346364974976, 0.10742282122373581, 0.10371167212724686, 0.8801887035369873], "lowlevel.gfcc.cov": [[12666.244140625, -886.746826171875, -1647.2679443359375, -110.79953002929688, -295.69622802734375, 1482.7916259765625, -88.52217102050781, 865.4173583984375, -218.08717346191406, 147.727783203125, 57.08139419555664, -165.27261352539062, 287.3872985839844], [-886.746826171875, 3793.062744140625, 1537.5098876953125, -415.0157470703125, 1036.8929443359375, -148.55819702148438, 961.7069091796875, -166.11817932128906, 622.4159545898438, -113.28025817871094, 487.6658020019531, 113.16952514648438, 241.9220733642578], [-1647.2679443359375, 1537.5098876953125, 2314.6748046875, 795.8383178710938, 651.2467041015625, -169.2965850830078, 717.084716796875, -61.720306396484375, 486.0843505859375, 144.58309936523438, 382.16583251953125, 142.7628173828125, 178.7710723876953], [-110.79953002929688, -415.0157470703125, 795.8383178710938, 1197.8983154296875, 372.1882019042969, 165.1631622314453, 206.93617248535156, 113.35621643066406, 272.75128173828125, 140.2194061279297, 110.88799285888672, 28.786293029785156, 92.38970184326172], [-295.69622802734375, 1036.8929443359375, 651.2467041015625, 372.1882019042969, 1123.2625732421875, 370.9263916015625, 557.019287109375, 135.09759521484375, 427.8544921875, 32.176788330078125, 169.0345916748047, 65.62145233154297, 82.4344253540039], [1482.7916259765625, -148.55819702148438, -169.2965850830078, 165.1631622314453, 370.9263916015625, 687.9003295898438, 334.9707946777344, 235.8468475341797, 79.54515075683594, 87.49226379394531, 59.447898864746094, 5.361268520355225, 44.5157585144043], [-88.52217102050781, 961.7069091796875, 717.084716796875, 206.93617248535156, 557.019287109375, 334.9707946777344, 906.524169921875, 66.46053314208984, 236.69912719726562, 122.07011413574219, 207.7548370361328, 130.84909057617188, 85.78486633300781], [865.4173583984375, -166.11817932128906, -61.720306396484375, 113.35621643066406, 135.09759521484375, 235.8468475341797, 66.46053314208984, 258.8672180175781, 63.917301177978516, 27.69526481628418, 26.214115142822266, 16.25300407409668, 35.81801986694336], [-218.08717346191406, 622.4159545898438, 486.0843505859375, 272.75128173828125, 427.8544921875, 79.54515075683594, 236.69912719726562, 63.917301177978516, 367.1251525878906, 35.30720138549805, 118.77519989013672, 34.36677932739258, 86.43560791015625], [147.727783203125, -113.28025817871094, 144.58309936523438, 140.2194061279297, 32.176788330078125, 87.49226379394531, 122.07011413574219, 27.69526481628418, 35.30720138549805, 179.45767211914062, 53.889198303222656, 33.26384353637695, 9.272658348083496], [57.08139419555664, 487.6658020019531, 382.16583251953125, 110.88799285888672, 169.0345916748047, 59.447898864746094, 207.7548370361328, 26.214115142822266, 118.77519989013672, 53.889198303222656, 217.84153747558594, 42.7125358581543, 70.19084167480469], [-165.27261352539062, 113.16952514648438, 142.7628173828125, 28.786293029785156, 65.62145233154297, 5.361268520355225, 130.84909057617188, 16.25300407409668, 34.36677932739258, 33.26384353637695, 42.7125358581543, 134.62281799316406, 23.859758377075195], [287.3872985839844, 241.9220733642578, 178.7710723876953, 92.38970184326172, 82.4344253540039, 44.5157585144043, 85.78486633300781, 35.81801986694336, 86.43560791015625, 9.272658348083496, 70.19084167480469, 23.859758377075195, 118.17894744873047]], "lowlevel.gfcc.icov": [[0.00018318541697226465, -0.0002506307791918516, 0.00013187542208470404, -0.00019652473565656692, 0.0002660648606251925, -0.00044907728442922235, 0.0002045276341959834, -0.00045878440141677856, 0.000278374704066664, -0.00025781505974009633, 0.00014833593741059303, 7.981634553289041e-05, -0.0002916956727858633], [-0.0002506307791918516, 0.0023587499745190144, -0.000773765379562974, 0.0021579028107225895, -0.0013944752281531692, 0.001525322557426989, -0.001453355303965509, 0.0015801088884472847, -0.002008995972573757, 0.0018434213707223535, -0.0022103507071733475, 0.0008994367672130466, -0.0013054261216893792], [0.00013187542208470404, -0.000773765379562974, 0.0015962582547217607, -0.0013130229199305177, 0.0002534526865929365, 0.0005356635083444417, -0.00032449205173179507, -0.0004640469851437956, 0.00035533669870346785, -0.0008057848317548633, -0.00035107001895084977, -0.00013780432345811278, -8.76336416695267e-05], [-0.00019652473565656692, 0.0021579028107225895, -0.0013130229199305177, 0.0033911876380443573, -0.0013085749233141541, 0.0008336263126693666, -0.0008351123542524874, 0.0011268778471276164, -0.0022156285122036934, 0.0009336956427432597, -0.001478593796491623, 0.0009639878408052027, -0.0015101820463314652], [0.0002660648606251925, -0.0013944752281531692, 0.0002534526865929365, -0.0013085749233141541, 0.003308248473331332, -0.0022066461388021708, 0.00039188950904645026, -0.0010125255212187767, -0.0009885781910270452, -4.286792318453081e-05, 0.0012513510882854462, -0.0006756303482688963, 0.0015127720544114709], [-0.00044907728442922235, 0.001525322557426989, 0.0005356635083444417, 0.0008336263126693666, -0.0022066461388021708, 0.005650437902659178, -0.0026225699111819267, -0.0007948193233460188, -0.0003848515043500811, 0.00012798159150406718, -0.001734663383103907, 0.0017063790000975132, -0.00097980338614434], [0.0002045276341959834, -0.001453355303965509, -0.00032449205173179507, -0.0008351123542524874, 0.00039188950904645026, -0.0026225699111819267, 0.0037745258305221796, -0.00031215889612212777, 0.0012349218595772982, -0.0016649302560836077, 0.0009354082867503166, -0.0020607381593436003, 0.0007786378846503794], [-0.00045878440141677856, 0.0015801088884472847, -0.0004640469851437956, 0.0011268778471276164, -0.0010125255212187767, -0.0007948193233460188, -0.00031215889612212777, 0.007877377793192863, -0.0023996394593268633, 0.0015615280717611313, -0.0014755356824025512, -0.0009339869138784707, -0.0007556690834462643], [0.000278374704066664, -0.002008995972573757, 0.00035533669870346785, -0.0022156285122036934, -0.0009885781910270452, -0.0003848515043500811, 0.0012349218595772982, -0.0023996394593268633, 0.008465051651000977, -0.0021278962958604097, 0.0013201538240537047, -7.444306538673118e-05, -0.0014977555256336927], [-0.00025781505974009633, 0.0018434213707223535, -0.0008057848317548633, 0.0009336956427432597, -4.286792318453081e-05, 0.00012798159150406718, -0.0016649302560836077, 0.0015615280717611313, -0.0021278962958604097, 0.009088028222322464, -0.0029287189245224, -0.000676915340591222, 0.0007786776404827833], [0.00014833593741059303, -0.0022103507071733475, -0.00035107001895084977, -0.001478593796491623, 0.0012513510882854462, -0.001734663383103907, 0.0009354082867503166, -0.0014755356824025512, 0.0013201538240537047, -0.0029287189245224, 0.010284323245286942, -0.0012067892821505666, -0.001200550002977252], [7.981634553289041e-05, 0.0008994367672130466, -0.00013780432345811278, 0.0009639878408052027, -0.0006756303482688963, 0.0017063790000975132, -0.0020607381593436003, -0.0009339869138784707, -7.444306538673118e-05, -0.000676915340591222, -0.0012067892821505666, 0.010041996836662292, -0.002176136476919055], [-0.0002916956727858633, -0.0013054261216893792, -8.76336416695267e-05, -0.0015101820463314652, 0.0015127720544114709, -0.00097980338614434, 0.0007786378846503794, -0.0007556690834462643, -0.0014977555256336927, 0.0007786776404827833, -0.001200550002977252, -0.002176136476919055, 0.014321034774184227]], "lowlevel.mfcc.cov": [[13569.1240234375, -1434.4869384765625, -1405.496337890625, -1662.727294921875, 183.1645965576172, -368.5668029785156, 861.10498046875, -63.86532974243164, 619.7736206054688, 217.4311981201172, -56.390682220458984, 454.2821044921875, -993.150390625], [-1434.4869384765625, 4126.99853515625, 492.16058349609375, 142.25938415527344, 144.85525512695312, 326.55560302734375, 227.4702606201172, 439.0856018066406, 131.8143310546875, -55.906944274902344, 344.5010986328125, 113.9863510131836, 455.9353942871094], [-1405.496337890625, 492.16058349609375, 1612.3546142578125, 984.7598876953125, 5.99843692779541, 310.8285217285156, 81.17269897460938, 93.80944061279297, 22.97366714477539, 120.17337036132812, 78.34407806396484, 144.6912384033203, 427.2646789550781], [-1662.727294921875, 142.25938415527344, 984.7598876953125, 1244.2706298828125, 300.1739807128906, 411.7493896484375, -11.53488540649414, 187.15640258789062, 74.9113540649414, 207.8738555908203, 86.27652740478516, 86.4108657836914, 378.962646484375], [183.1645965576172, 144.85525512695312, 5.99843692779541, 300.1739807128906, 729.1080322265625, 150.82081604003906, 78.81255340576172, 161.84933471679688, 188.66259765625, 199.35824584960938, 44.079200744628906, 122.7755355834961, -12.00477123260498], [-368.5668029785156, 326.55560302734375, 310.8285217285156, 411.7493896484375, 150.82081604003906, 679.7518310546875, 301.98590087890625, 331.1917724609375, 185.08114624023438, 204.14541625976562, 258.17730712890625, 62.68655014038086, 238.337890625], [861.10498046875, 227.4702606201172, 81.17269897460938, -11.53488540649414, 78.81255340576172, 301.98590087890625, 540.2105102539062, 221.1128692626953, 207.3964080810547, 106.4759292602539, 199.20458984375, 118.65885925292969, 57.70368957519531], [-63.86532974243164, 439.0856018066406, 93.80944061279297, 187.15640258789062, 161.84933471679688, 331.1917724609375, 221.1128692626953, 440.1299133300781, 185.1733856201172, 103.31315612792969, 177.11061096191406, 62.96746826171875, 172.79901123046875], [619.7736206054688, 131.8143310546875, 22.97366714477539, 74.9113540649414, 188.66259765625, 185.08114624023438, 207.3964080810547, 185.1733856201172, 287.02978515625, 136.20787048339844, 86.07987213134766, 90.80843353271484, 38.17631530761719], [217.4311981201172, -55.906944274902344, 120.17337036132812, 207.8738555908203, 199.35824584960938, 204.14541625976562, 106.4759292602539, 103.31315612792969, 136.20787048339844, 239.90916442871094, 80.2935791015625, 66.2530517578125, 50.925960540771484], [-56.390682220458984, 344.5010986328125, 78.34407806396484, 86.27652740478516, 44.079200744628906, 258.17730712890625, 199.20458984375, 177.11061096191406, 86.07987213134766, 80.2935791015625, 253.25148010253906, 54.851043701171875, 115.21610260009766], [454.2821044921875, 113.9863510131836, 144.6912384033203, 86.4108657836914, 122.7755355834961, 62.68655014038086, 118.65885925292969, 62.96746826171875, 90.80843353271484, 66.2530517578125, 54.851043701171875, 180.8905487060547, 27.718610763549805], [-993.150390625, 455.9353942871094, 427.2646789550781, 378.962646484375, -12.00477123260498, 238.337890625, 57.70368957519531, 172.79901123046875, 38.17631530761719, 50.925960540771484, 115.21610260009766, 27.718610763549805, 352.6504211425781]], "lowlevel.mfcc.icov": [[0.00014484279381576926, 2.5737414034665562e-05, 5.441751000034856e-06, 0.00012158788740634918, 6.016928455210291e-05, 5.2726027206517756e-05, -0.00015647233522031456, -2.1123034457559697e-05, -0.0002031842159340158, -0.00013539934298023582, 7.898038893472403e-05, -0.0003067252109758556, 0.00027960515581071377], [2.5737414034665562e-05, 0.00036091700894758105, -0.00015465817705262452, 0.0002692703274078667, -0.000214842424611561, 3.980234396294691e-05, 6.883620517328382e-05, -0.00015913322567939758, -0.00010307169577572495, 0.00036917830584570765, -0.0003697507199831307, -6.790032784920186e-05, -0.0003796372620854527], [5.441751000034856e-06, -0.00015465817705262452, 0.0017342380015179515, -0.001318950904533267, 0.0006134678842499852, 8.662893378641456e-05, -0.0005046824226155877, 0.0004936871700920165, 0.0002114675589837134, -0.0001907772821141407, 0.0005394208710640669, -0.0010446932865306735, -0.0007549856672994792], [0.00012158788740634918, 0.0002692703274078667, -0.001318950904533267, 0.0029437504708766937, -0.0010780050652101636, -0.0008501489646732807, 0.0007299140561372042, -0.00014333520084619522, 6.121461046859622e-05, -0.0004730217915493995, 0.00028207205468788743, -1.3615474472317146e-06, -0.0011127834441140294], [6.016928455210291e-05, -0.000214842424611561, 0.0006134678842499852, -0.0010780050652101636, 0.0026507771108299494, 0.00025638958322815597, 6.966848741285503e-05, -0.0005473679630085826, -0.0006533885025419295, -0.0014025218551978469, 0.0004466561658773571, -0.0012213824084028602, 0.0012594988802447915], [5.2726027206517756e-05, 3.980234396294691e-05, 8.662893378641456e-05, -0.0008501489646732807, 0.00025638958322815597, 0.004343252629041672, -0.0011910846224054694, -0.001203026156872511, -0.00014983394066803157, -0.0016744417371228337, -0.0019195580389350653, 0.0010371720418334007, -0.00043296589865349233], [-0.00015647233522031456, 6.883620517328382e-05, -0.0005046824226155877, 0.0007299140561372042, 6.966848741285503e-05, -0.0011910846224054694, 0.004198355134576559, -0.00036480737617239356, -0.0014578064437955618, 0.000605729001108557, -0.0017067192820832133, -0.000874376215506345, 0.0002932549687102437], [-2.1123034457559697e-05, -0.00015913322567939758, 0.0004936871700920165, -0.00014333520084619522, -0.0005473679630085826, -0.001203026156872511, -0.00036480737617239356, 0.0052168401889503, -0.0018443155568093061, 0.0009008197812363505, -0.0008690398535691202, 0.00015223035006783903, -0.0016584605909883976], [-0.0002031842159340158, -0.00010307169577572495, 0.0002114675589837134, 6.121461046859622e-05, -0.0006533885025419295, -0.00014983394066803157, -0.0014578064437955618, -0.0018443155568093061, 0.007819920778274536, -0.002400254365056753, 0.0011639855802059174, -0.0008751896093599498, -0.0003511024988256395], [-0.00013539934298023582, 0.00036917830584570765, -0.0001907772821141407, -0.0004730217915493995, -0.0014025218551978469, -0.0016744417371228337, 0.000605729001108557, 0.0009008197812363505, -0.002400254365056753, 0.00871400535106659, -0.0012979984749108553, -0.0002659945748746395, -0.00012931760284118354], [7.898038893472403e-05, -0.0003697507199831307, 0.0005394208710640669, 0.00028207205468788743, 0.0004466561658773571, -0.0019195580389350653, -0.0017067192820832133, -0.0008690398535691202, 0.0011639855802059174, -0.0012979984749108553, 0.008774920366704464, -0.0013737404951825738, -0.0009360504918731749], [-0.0003067252109758556, -6.790032784920186e-05, -0.0010446932865306735, -1.3615474472317146e-06, -0.0012213824084028602, 0.0010371720418334007, -0.000874376215506345, 0.00015223035006783903, -0.0008751896093599498, -0.0002659945748746395, -0.0013737404951825738, 0.009170337580144405, -0.00032171912607736886], [0.00027960515581071377, -0.0003796372620854527, -0.0007549856672994792, -0.0011127834441140294, 0.0012594988802447915, -0.00043296589865349233, 0.0002932549687102437, -0.0016584605909883976, -0.0003511024988256395, -0.00012931760284118354, -0.0009360504918731749, -0.00032171912607736886, 0.007712419144809246]], "metadata.audio_properties.analysis.downmix": "mix", "metadata.audio_properties.codec": "mp3", "metadata.audio_properties.md5_encoded": "1ca5093aff27ac9a530021269c4d9892", "metadata.tags.file_name": "1183681374675292160.mp3", "metadata.version.essentia": "2.1-beta6-dev", "metadata.version.essentia_git_sha": "v2.1_beta5-1110-g77a6a954", "metadata.version.extractor": "music 2.0", "tonal.chords_key": "C", "tonal.chords_scale": "major", "tonal.key_edma.key": "C", "tonal.key_edma.scale": "major", "tonal.key_krumhansl.key": "C", "tonal.key_krumhansl.scale": "major", "tonal.key_temperley.key": "C", "tonal.key_temperley.scale": "major", "metadata.tags.encoding": ["Lavf58.45.100"]}, "essentia_models": [{"model_name": "genre_dortmund", "activations": {"alternative": "0.052487656", "blues": "0.0011071729", "electronic": "0.09190976", "folkcountry": "0.0040753298", "funksoulrnb": "