{"song_id": "1183702097028460544", "download": "https://cdn.discordapp.com/attachments/1135911532732108921/1183702097028460544/chirp.mp4?ex=65894b7c&amp", "lyrics": "[verse 1]\nIn the city streets of Southside, a story unfolds\nA crazy family with struggles, battling against the cold\nFrank Gallagher and his crew, shamelessly wild\nTheir dysfunctional lives, always leaving us beguiled\n\n[chorus]\nOh, Shameless, oh Shameless, a series so insane\nWith laughter and tears, it drives us all insane\nOh, Shameless, oh Shameless, a rollercoaster ride\nWe're hooked on the chaos, we can never hide", "style": ["random"], "essentia_features": {"lowlevel.average_loudness": 0.9553862810134888, "lowlevel.barkbands_crest.mean": 10.217547416687012, "lowlevel.barkbands_crest.stdev": 4.790328025817871, "lowlevel.barkbands_flatness_db.mean": 0.15481990575790405, "lowlevel.barkbands_flatness_db.stdev": 0.05617673322558403, "lowlevel.barkbands_kurtosis.mean": 2.639190673828125, "lowlevel.barkbands_kurtosis.stdev": 20.412199020385742, "lowlevel.barkbands_skewness.mean": 0.5038748979568481, "lowlevel.barkbands_skewness.stdev": 1.5809566974639893, "lowlevel.barkbands_spread.mean": 28.614347457885742, "lowlevel.barkbands_spread.stdev": 18.570846557617188, "lowlevel.dissonance.mean": 0.46503061056137085, "lowlevel.dissonance.stdev": 0.03575471416115761, "lowlevel.dynamic_complexity": 3.9443509578704834, "lowlevel.erbbands_crest.mean": 11.32233715057373, "lowlevel.erbbands_crest.stdev": 5.863167762756348, "lowlevel.erbbands_flatness_db.mean": 0.2049914449453354, "lowlevel.erbbands_flatness_db.stdev": 0.06346321851015091, "lowlevel.erbbands_kurtosis.mean": 2.379601240158081, "lowlevel.erbbands_kurtosis.stdev": 4.983539581298828, "lowlevel.erbbands_skewness.mean": -0.3147069811820984, "lowlevel.erbbands_skewness.stdev": 1.2853374481201172, "lowlevel.erbbands_spread.mean": 29.857379913330078, "lowlevel.erbbands_spread.stdev": 18.1644229888916, "lowlevel.hfc.mean": 20.30547523498535, "lowlevel.hfc.stdev": 20.559629440307617, "lowlevel.loudness_ebu128.integrated": -17.97945213317871, "lowlevel.loudness_ebu128.loudness_range": 2.7828750610351562, "lowlevel.loudness_ebu128.momentary.mean": -18.46706771850586, "lowlevel.loudness_ebu128.momentary.stdev": 2.194777727127075, "lowlevel.loudness_ebu128.short_term.mean": -18.077592849731445, "lowlevel.loudness_ebu128.short_term.stdev": 0.9707342386245728, "lowlevel.melbands_crest.mean": 13.826303482055664, "lowlevel.melbands_crest.stdev": 5.567782878875732, "lowlevel.melbands_flatness_db.mean": 0.17018619179725647, "lowlevel.melbands_flatness_db.stdev": 0.06931430101394653, "lowlevel.melbands_kurtosis.mean": 7.338510513305664, "lowlevel.melbands_kurtosis.stdev": 20.59829330444336, "lowlevel.melbands_skewness.mean": 1.6449276208877563, "lowlevel.melbands_skewness.stdev": 1.8367620706558228, "lowlevel.melbands_spread.mean": 46.434967041015625, "lowlevel.melbands_spread.stdev": 40.51127243041992, "lowlevel.pitch_salience.mean": 0.5511080622673035, "lowlevel.pitch_salience.stdev": 0.13640931248664856, "lowlevel.silence_rate_20dB.mean": 1.0, "lowlevel.silence_rate_20dB.stdev": 0.0, "lowlevel.silence_rate_30dB.mean": 0.9821073412895203, "lowlevel.silence_rate_30dB.stdev": 0.1325618475675583, "lowlevel.silence_rate_60dB.mean": 0.2021206170320511, "lowlevel.silence_rate_60dB.stdev": 0.40157920122146606, "lowlevel.spectral_centroid.mean": 2010.8970947265625, "lowlevel.spectral_centroid.stdev": 934.8468627929688, "lowlevel.spectral_complexity.mean": 13.461894989013672, "lowlevel.spectral_complexity.stdev": 10.91140365600586, "lowlevel.spectral_decrease.mean": -4.584511881233766e-09, "lowlevel.spectral_decrease.stdev": 7.578945471209408e-09, "lowlevel.spectral_energy.mean": 0.01914478838443756, "lowlevel.spectral_energy.stdev": 0.029741154983639717, "lowlevel.spectral_energyband_high.mean": 0.0010711828945204616, "lowlevel.spectral_energyband_high.stdev": 0.002031982410699129, "lowlevel.spectral_energyband_low.mean": 0.007531789131462574, "lowlevel.spectral_energyband_low.stdev": 0.023986531421542168, "lowlevel.spectral_energyband_middle_high.mean": 0.006069556809961796, "lowlevel.spectral_energyband_middle_high.stdev": 0.007573630660772324, "lowlevel.spectral_energyband_middle_low.mean": 0.0059023331850767136, "lowlevel.spectral_energyband_middle_low.stdev": 0.01125141978263855, "lowlevel.spectral_entropy.mean": 7.604681968688965, "lowlevel.spectral_entropy.stdev": 0.5240064859390259, "lowlevel.spectral_flux.mean": 0.08312111347913742, "lowlevel.spectral_flux.stdev": 0.07203113287687302, "lowlevel.spectral_kurtosis.mean": 4.427001953125, "lowlevel.spectral_kurtosis.stdev": 3.617716073989868, "lowlevel.spectral_rms.mean": 0.0035549693275243044, "lowlevel.spectral_rms.stdev": 0.002457645256072283, "lowlevel.spectral_rolloff.mean": 2776.255859375, "lowlevel.spectral_rolloff.stdev": 2236.05908203125, "lowlevel.spectral_skewness.mean": 1.2966413497924805, "lowlevel.spectral_skewness.stdev": 0.5458441972732544, "lowlevel.spectral_spread.mean": 4011251.0, "lowlevel.spectral_spread.stdev": 1598772.0, "lowlevel.spectral_strongpeak.mean": 1.4907101392745972, "lowlevel.spectral_strongpeak.stdev": 1.8555254936218262, "lowlevel.zerocrossingrate.mean": 0.09342092275619507, "lowlevel.zerocrossingrate.stdev": 0.06087244674563408, "metadata.audio_properties.analysis.equal_loudness": 0.0, "metadata.audio_properties.analysis.length": 35.00798034667969, "metadata.audio_properties.analysis.sample_rate": 44100.0, "metadata.audio_properties.analysis.start_time": 0.0, "metadata.audio_properties.bit_rate": 119123.0, "metadata.audio_properties.length": 35.007999420166016, "metadata.audio_properties.lossless": 0.0, "metadata.audio_properties.number_channels": 1.0, "metadata.audio_properties.replay_gain": -10.241657257080078, "metadata.audio_properties.sample_rate": 48000.0, "rhythm.beats_count": 64.0, "rhythm.beats_loudness.mean": 0.04082130640745163, "rhythm.beats_loudness.stdev": 0.02150423265993595, "rhythm.bpm": 111.5255126953125, "rhythm.bpm_histogram_first_peak_bpm": 112.0, "rhythm.bpm_histogram_first_peak_weight": 0.4126983880996704, "rhythm.bpm_histogram_second_peak_bpm": 0.0, "rhythm.bpm_histogram_second_peak_spread": 0.0, "rhythm.bpm_histogram_second_peak_weight": 0.0, "rhythm.danceability": 1.5348689556121826, "rhythm.onset_rate": 4.624963760375977, "tonal.chords_changes_rate": 0.10728476941585541, "tonal.chords_number_rate": 0.014569536782801151, "tonal.chords_strength.mean": 0.5454367399215698, "tonal.chords_strength.stdev": 0.10726773738861084, "tonal.hpcp_crest.mean": 14.024340629577637, "tonal.hpcp_crest.stdev": 6.962893962860107, "tonal.hpcp_entropy.mean": 2.00219988822937, "tonal.hpcp_entropy.stdev": 0.8286889791488647, "tonal.key_edma.strength": 0.49346739053726196, "tonal.key_krumhansl.strength": 0.495036780834198, "tonal.key_temperley.strength": 0.49702855944633484, "tonal.tuning_diatonic_strength": 0.541800320148468, "tonal.tuning_equal_tempered_deviation": 0.19313226640224457, "tonal.tuning_frequency": 445.112548828125, "tonal.tuning_nontempered_energy_ratio": 0.8985008597373962, "lowlevel.barkbands.mean": [6.0033355111954734e-05, 0.0038483445532619953, 0.0023108466994017363, 0.0017945822328329086, 0.0006097102304920554, 0.00031179969664663076, 0.00030386055004782975, 0.0013621002435684204, 0.0012777094962075353, 0.0007415107684209943, 0.0008288311655633152, 0.001075520645827055, 0.0003127910604234785, 0.000539747008588165, 0.0005255504511296749, 0.0007148234290070832, 0.0005723742651753128, 0.0004439244221430272, 0.0003032152308151126, 0.0002500810078345239, 0.0002631144889164716, 0.0002664480998646468, 0.00024603010388091207, 0.00010897210449911654, 5.229661110206507e-05, 2.034950739471242e-05, 2.1327825550088164e-07], "lowlevel.barkbands.stdev": [0.00020826801483053714, 0.01658257283270359, 0.009000271558761597, 0.008553673513233662, 0.0010650493204593658, 0.0006979861063882709, 0.001121318549849093, 0.003814664203673601, 0.004340650979429483, 0.0021019577980041504, 0.0025620460510253906, 0.004315478261560202, 0.0008739020559005439, 0.0016146160196512938, 0.0015648641856387258, 0.0014081092085689306, 0.0013710197526961565, 0.0007567976717837155, 0.0004972770693711936, 0.0005891568725928664, 0.0006232734303921461, 0.0006020489381626248, 0.0005257357261143625, 0.00029200364951975644, 0.00011841711238957942, 5.754175435868092e-05, 1.2998451666135225e-06], "lowlevel.erbbands.mean": [0.0919460877776146, 0.9304318428039551, 2.299267053604126, 5.650124549865723, 2.628094434738159, 2.1276164054870605, 3.233994483947754, 1.9977195262908936, 2.9223222732543945, 12.837118148803711, 36.51062774658203, 28.720176696777344, 19.308536529541016, 29.03788948059082, 36.69923782348633, 48.10792541503906, 17.987964630126953, 27.116905212402344, 23.88314437866211, 31.337358474731445, 41.101776123046875, 28.296228408813477, 25.546550750732422, 18.60451316833496, 14.028794288635254, 11.682445526123047, 10.737512588500977, 10.001455307006836, 9.606019973754883, 9.265494346618652, 6.282410144805908, 2.703623056411743, 1.7241573333740234, 0.7421869039535522, 0.2995814085006714, 0.12685267627239227, 0.029807841405272484, 0.0025134077295660973, 7.029002881608903e-05, 2.7654798032017425e-05], "lowlevel.erbbands.stdev": [0.3818401098251343, 4.011758804321289, 7.853767395019531, 26.323474884033203, 9.550992965698242, 3.743365526199341, 6.949835777282715, 4.219305038452148, 10.915618896484375, 33.52083206176758, 102.49311828613281, 94.769287109375, 78.16588592529297, 86.16800689697266, 105.85211944580078, 207.4489288330078, 42.85704040527344, 81.85633087158203, 71.7764663696289, 70.91214752197266, 75.64282989501953, 57.50913619995117, 44.59965133666992, 28.764062881469727, 25.931476593017578, 26.21181869506836, 24.821407318115234, 23.872177124023438, 22.60854721069336, 20.203088760375977, 13.824193000793457, 6.659772872924805, 4.940902233123779, 1.7405623197555542, 0.7103813290596008, 0.3388599455356598, 0.09336191415786743, 0.009112171828746796, 0.00020102833514101803, 3.75316412828397e-05], "lowlevel.gfcc.mean": [-55.93781661987305, 74.93489837646484, -150.82461547851562, 46.41468048095703, -62.27797317504883, 20.068103790283203, -39.59418487548828, 11.022320747375488, -15.089945793151855, -10.70527458190918, -13.46057415008545, -3.3396997451782227, -7.172793865203857], "lowlevel.melbands.mean": [0.0009768047602847219, 0.0012765738647431135, 0.0008391502196900547, 0.00014644392649643123, 0.00011166122567374259, 4.782293763128109e-05, 4.751217784360051e-05, 0.0001646023738430813, 0.00032971345353871584, 0.00015625206287950277, 9.042522287927568e-05, 0.00011184104369021952, 0.00011637462012004107, 0.00012445199536159635, 8.140329737216234e-05, 2.8547980036819354e-05, 5.4206167988013476e-05, 3.569038017303683e-05, 3.961276888730936e-05, 5.145900649949908e-05, 4.706256731878966e-05, 3.0191666155587882e-05, 2.745096389844548e-05, 2.0024899640702643e-05, 1.4617803572036792e-05, 9.948898878064938e-06, 9.906636478262953e-06, 7.075875601003645e-06, 6.4754044615256134e-06, 6.470755579357501e-06, 5.648123533319449e-06, 5.539567155210534e-06, 4.932773208565777e-06, 5.326988684828393e-06, 3.973722868977347e-06, 2.2510496364702703e-06, 1.4438077187151066e-06, 1.291240323553211e-06, 8.421432653449301e-07, 5.614984956991975e-07], "lowlevel.melbands.stdev": [0.004179786890745163, 0.004225419368594885, 0.0037501181941479445, 0.0003124616341665387, 0.00021391506015788764, 0.00010245990415569395, 0.00018057762645184994, 0.00041916980990208685, 0.0009044255712069571, 0.0005355067551136017, 0.0003869722131639719, 0.0003468055510893464, 0.00034990167478099465, 0.0004528390127234161, 0.00030007268651388586, 8.846502896631137e-05, 0.00017124471196439117, 0.00010901418136199936, 0.00011318505130475387, 0.00011114359222119674, 9.007113840198144e-05, 7.257220568135381e-05, 5.690325633622706e-05, 3.5015011235373095e-05, 2.4716147891012952e-05, 1.6933330698520876e-05, 2.4542594474041834e-05, 1.5991679902072065e-05, 1.541975507279858e-05, 1.5309396985685453e-05, 1.4125434063316789e-05, 1.3549882169172633e-05, 1.1160503163409885e-05, 1.1819536666735075e-05, 8.824542419461068e-06, 5.446473551273812e-06, 3.8627113099209964e-06, 3.827747150353389e-06, 2.262829866594984e-06, 1.3171845694159856e-06], "lowlevel.melbands128.mean": [5.4219617595663294e-05, 0.0005625382764264941, 0.0014930443139746785, 0.0015424288576468825, 0.0010777369607239962, 0.001256003975868225, 0.0013398065930232406, 0.0006538652814924717, 0.00017724739154800773, 0.0001275660324608907, 0.00010835867578862235, 0.00012191522546345368, 0.0001194512442452833, 9.55653449636884e-05, 4.26260448875837e-05, 2.311426396772731e-05, 3.130730692646466e-05, 4.9380319978808984e-05, 6.549331010319293e-05, 0.00013899222540203482, 0.00021469200146384537, 0.00024310938897542655, 0.0003801120037678629, 0.00038488037534989417, 0.00019505867385305464, 4.479847484617494e-05, 9.5144278020598e-05, 0.00011206610361114144, 6.377079262165353e-05, 0.00010676938836695626, 0.0001384076604153961, 0.00010177548392675817, 0.00011396314221201465, 0.00013854492863174528, 8.317638275912032e-05, 0.00012634156155399978, 0.00019310684001538903, 5.440366658149287e-05, 4.603644265444018e-05, 2.8259002647246234e-05, 1.992432589759119e-05, 3.2106367143569514e-05, 6.245311669772491e-05, 7.099755021044984e-05, 2.797313754854258e-05, 2.36972718994366e-05, 5.1094630180159584e-05, 3.7031739338999614e-05, 3.939650923712179e-05, 3.4975557355210185e-05, 5.523589425138198e-05, 6.786289304727688e-05, 4.377921504783444e-05, 3.578178439056501e-05, 5.7463203120278195e-05, 1.9697896277648397e-05, 1.7965328879654408e-05, 3.5230303183197975e-05, 2.7931155273108743e-05, 1.9019951650989242e-05, 2.296523962286301e-05, 1.6723439330235124e-05, 1.664919182076119e-05, 1.4789929991820827e-05, 9.764202332007699e-06, 9.390439117851201e-06, 1.0309351637260988e-05, 1.0150824891752563e-05, 1.020293802866945e-05, 9.194644917442929e-06, 6.830210622865707e-06, 6.043180746928556e-06, 6.410576588677941e-06, 6.420421868824633e-06, 6.690655936836265e-06, 7.333822850341676e-06, 5.876489922229666e-06, 5.192493063077563e-06, 6.114566986070713e-06, 5.375506134441821e-06, 5.760841759183677e-06, 5.647433226840803e-06, 4.9198506530956365e-06, 4.693516984843882e-06, 5.028060058975825e-06, 5.54297639610013e-06, 5.260237230686471e-06, 5.28539385413751e-06, 3.717353365573217e-06, 3.4247018447786104e-06, 2.734158897510497e-06, 1.9068698975388543e-06, 1.3932530009697075e-06, 1.5026039363874588e-06, 1.4072396652409225e-06, 1.2880581152785453e-06, 1.3067361805951805e-06, 1.2770336752510048e-06, 7.926844887151674e-07, 6.775474616915744e-07, 6.077866601117421e-07, 5.58003762307635e-07, 4.974816079084121e-07, 3.820315725988621e-07, 3.100001606526348e-07, 2.6604845970723545e-07, 2.7518473189047654e-07, 2.5355055299769447e-07, 2.2221699680358142e-07, 2.0054589811024925e-07, 1.3928787723216374e-07, 1.15900839148253e-07, 8.980410370895697e-08, 5.6833737716033284e-08, 3.705285323007956e-08, 2.34507684382379e-08, 8.643016968790107e-09, 8.797286232820056e-10, 1.062050447586671e-10, 2.7931788826318638e-12, 2.70367387332493e-12, 2.6450736132638264e-12, 2.5913509619363007e-12, 2.537596868745773e-12, 2.4558530122703592e-12, 2.3483391880380067e-12, 2.284595906551501e-12, 2.2653248634568746e-12], "lowlevel.melbands128.stdev": [0.0001949385623447597, 0.002249381737783551, 0.006738774944096804, 0.006889010779559612, 0.0039424290880560875, 0.005278072785586119, 0.0064781345427036285, 0.003026763442903757, 0.0006214025197550654, 0.00024897861294448376, 0.0002202583709731698, 0.0002752740983851254, 0.0003096598375122994, 0.0002481455449014902, 0.0001068360434146598, 9.648680133977905e-05, 0.00016338328714482486, 0.0002515207452233881, 0.00031025256612338126, 0.0004980432568117976, 0.0006398276891559362, 0.0009109991369768977, 0.0014357039472088218, 0.0014485428109765053, 0.0008852152386680245, 0.0003293832123745233, 0.0007947423728182912, 0.0005260391626507044, 0.0002753699664026499, 0.0003964605857618153, 0.0005730995908379555, 0.0004880276392214, 0.0004998348886147141, 0.0005607676575891674, 0.0004429148102644831, 0.0006378642865456641, 0.0011274503776803613, 0.00020967930322512984, 0.00014514755457639694, 0.0001323423784924671, 0.00012183871149318293, 0.00016346595657523721, 0.0002682160120457411, 0.0002846507995855063, 0.00010832167026819661, 0.00011469783930806443, 0.00026808041729964316, 0.00014380953507497907, 0.00017409400606993586, 0.00013576050696428865, 0.00016052642604336143, 0.0002034474309766665, 0.00010862398630706593, 8.166160114342347e-05, 0.0002157416893169284, 5.283272184897214e-05, 4.71347666461952e-05, 9.644299279898405e-05, 6.861554720671847e-05, 4.605466892826371e-05, 5.178211722522974e-05, 3.304432175355032e-05, 3.514716445351951e-05, 3.0474824598059058e-05, 2.0347188183222897e-05, 1.836387673392892e-05, 2.0146942915744148e-05, 2.538016633479856e-05, 3.4217562642879784e-05, 2.2525066015077755e-05, 1.7588101400178857e-05, 1.4387613191502169e-05, 1.683583832345903e-05, 1.696235267445445e-05, 1.76839494088199e-05, 1.7881488020066172e-05, 1.5350395187851973e-05, 1.3425277757050935e-05, 1.7810471035772935e-05, 1.3571126146416645e-05, 1.5628565961378627e-05, 1.541594428999815e-05, 1.2417996003932785e-05, 1.1184119102836121e-05, 1.2398793842294253e-05, 1.345891723758541e-05, 1.2518261428340338e-05, 1.2324730050750077e-05, 8.360751053260174e-06, 9.067482096725143e-06, 7.4293266152380966e-06, 4.502815954765538e-06, 3.448278221185319e-06, 4.534100753517123e-06, 4.081953193235677e-06, 3.842838850687258e-06, 4.132634330744622e-06, 4.493815595196793e-06, 2.172615268136724e-06, 1.6998652654365287e-06, 1.4750146419828525e-06, 1.3612551583719323e-06, 1.3774969147561933e-06, 1.0150292837352026e-06, 8.447932486888021e-07, 6.818098086114333e-07, 7.517473932239227e-07, 6.925689604031504e-07, 6.658591473751585e-07, 6.16645309037267e-07, 4.459515139387804e-07, 4.0651360677657067e-07, 3.38003815159027e-07, 2.3381647906717262e-07, 1.5722373802873335e-07, 1.0588568954972288e-07, 4.9332371077071e-08, 9.028706671188047e-09, 2.738544946367938e-09, 5.266565395595224e-12, 5.125830315755309e-12, 5.006061971207787e-12, 4.893958502338869e-12, 4.806502851978367e-12, 4.7318212716140895e-12, 4.670807143836164e-12, 4.628202335266174e-12, 4.60163461155072e-12], "lowlevel.mfcc.mean": [-682.7215576171875, 88.86609649658203, -20.169525146484375, 21.6851749420166, 5.924558162689209, 5.410810470581055, -7.425650596618652, 15.55521297454834, -1.0635844469070435, 2.087066411972046, -3.959348678588867, -2.2198879718780518, 0.9767860770225525], "lowlevel.spectral_contrast_coeffs.mean": [-0.7163870334625244, -0.7363754510879517, -0.7535085082054138, -0.7614779472351074, -0.7754671573638916, -0.7384857535362244], "lowlevel.spectral_contrast_coeffs.stdev": [0.09045741707086563, 0.10421843081712723, 0.0970911830663681, 0.07052437216043472, 0.05634858086705208, 0.05469110235571861], "lowlevel.spectral_contrast_valleys.mean": [-7.731287479400635, -7.762889385223389, -8.040319442749023, -7.933068752288818, -7.728651523590088, -10.640527725219727], "lowlevel.spectral_contrast_valleys.stdev": [1.1165508031845093, 0.7352755665779114, 0.7804997563362122, 0.7369098663330078, 0.9095293879508972, 1.1582841873168945], "rhythm.beats_loudness_band_ratio.mean": [0.48363882303237915, 0.03407209366559982, 0.09999505430459976, 0.09696447849273682, 0.17360295355319977, 0.12525050342082977], "rhythm.beats_loudness_band_ratio.stdev": [0.22535647451877594, 0.03459582105278969, 0.14533352851867676, 0.13593024015426636, 0.11936990171670914, 0.11451581120491028], "tonal.hpcp.mean": [0.21361494064331055, 0.11570427566766739, 0.08913872390985489, 0.08820280432701111, 0.0821928083896637, 0.08898063749074936, 0.0915747806429863, 0.11329939216375351, 0.20694155991077423, 0.23224347829818726, 0.17545875906944275, 0.14671844244003296, 0.12085629254579544, 0.11050812155008316, 0.1591126173734665, 0.181974858045578, 0.13377490639686584, 0.10450203716754913, 0.09877735376358032, 0.13577675819396973, 0.21241424977779388, 0.1822134405374527, 0.10036303848028183, 0.08102599531412125, 0.06673020869493484, 0.05326446518301964, 0.05570748448371887, 0.06543227285146713, 0.09920644015073776, 0.15042760968208313, 0.1453910768032074, 0.09710336476564407, 0.06669614464044571, 0.0603124164044857, 0.1244824156165123, 0.23474331200122833], "tonal.hpcp.stdev": [0.29941102862358093, 0.22150328755378723, 0.20018602907657623, 0.20270900428295135, 0.18874147534370422, 0.1878524273633957, 0.19176878035068512, 0.21979311108589172, 0.28227612376213074, 0.3044378161430359, 0.2720998525619507, 0.2509891092777252, 0.2383703887462616, 0.22210516035556793, 0.26678550243377686, 0.29893139004707336, 0.2338036447763443, 0.22628159821033478, 0.2135193943977356, 0.23884661495685577, 0.30063384771347046, 0.2710171043872833, 0.17565657198429108, 0.16381369531154633, 0.14683835208415985, 0.11627347767353058, 0.1217719167470932, 0.13925443589687347, 0.184083953499794, 0.2456260472536087, 0.23735035955905914, 0.19211673736572266, 0.14395424723625183, 0.1303705871105194, 0.20804284512996674, 0.32964396476745605], "rhythm.beats_position": [0.5804988741874695, 1.1377778053283691, 1.695056676864624, 2.2291154861450195, 2.763174533843994, 3.2972335815429688, 3.842902421951294, 4.388571262359619, 4.922630310058594, 5.468299388885498, 6.013967990875244, 6.548027038574219, 7.082086086273193, 7.616145133972168, 8.150203704833984, 8.695873260498047, 9.241541862487793, 9.77560043334961, 10.321269989013672, 10.866938591003418, 11.400997161865234, 11.935056686401367, 12.469115257263184, 13.003174781799316, 13.560453414916992, 14.117732048034668, 14.6517915725708, 15.185850143432617, 15.719908714294434, 16.25396728515625, 16.788026809692383, 17.322086334228516, 17.856143951416016, 18.39020347595215, 18.93587303161621, 19.458322525024414, 20.003990173339844, 20.549659729003906, 21.08371925354004, 21.61777687072754, 22.151836395263672, 22.685895919799805, 23.219953536987305, 23.754013061523438, 24.2996826171875, 24.84535026550293, 25.379409790039062, 25.913469314575195, 26.459136962890625, 27.004806518554688, 27.53886604309082, 28.061315536499023, 28.606983184814453, 29.141042709350586, 29.67510223388672, 30.20915985107422, 30.75482940673828, 31.300498962402344, 31.834556579589844, 32.35700607299805, 32.87945556640625, 33.41351318359375, 33.947574615478516, 34.481632232666016], "rhythm.bpm_histogram": [0.0, 0.0, 0.0, 0.0, 0.0, 0.0, 0.0, 0.0, 0.0, 0.0, 0.0, 0.0, 0.0, 0.0, 0.0, 0.0, 0.0, 0.0, 0.0, 0.0, 0.0, 0.0, 0.0, 0.0, 0.0, 0.0, 0.0, 0.0, 0.0, 0.0, 0.0, 0.0, 0.0, 0.0, 0.0, 0.0, 0.0, 0.0, 0.0, 0.0, 0.0, 0.0, 0.0, 0.0, 0.0, 0.0, 0.0, 0.0, 0.0, 0.0, 0.0, 0.0, 0.0, 0.0, 0.0, 0.0, 0.0, 0.0, 0.0, 0.0, 0.0, 0.0, 0.0, 0.0, 0.0, 0.0, 0.0, 0.0, 0.0, 0.0, 0.0, 0.0, 0.0, 0.0, 0.0, 0.0, 0.0, 0.0, 0.0, 0.0, 0.0, 0.0, 0.0, 0.0, 0.0, 0.0, 0.0, 0.0, 0.0, 0.0, 0.0, 0.0, 0.0, 0.0, 0.0, 0.0, 0.0, 0.0, 0.0, 0.0, 0.0, 0.0, 0.0, 0.0, 0.0, 0.0, 0.0, 0.0, 0.0634920671582222, 0.0, 0.2857142984867096, 0.0, 0.5873016119003296, 0.0, 0.0, 0.0634920671582222, 0.0, 0.0, 0.0, 0.0, 0.0, 0.0, 0.0, 0.0, 0.0, 0.0, 0.0, 0.0, 0.0, 0.0, 0.0, 0.0, 0.0, 0.0, 0.0, 0.0, 0.0, 0.0, 0.0, 0.0, 0.0, 0.0, 0.0, 0.0, 0.0, 0.0, 0.0, 0.0, 0.0, 0.0, 0.0, 0.0, 0.0, 0.0, 0.0, 0.0, 0.0, 0.0, 0.0, 0.0, 0.0, 0.0, 0.0, 0.0, 0.0, 0.0, 0.0, 0.0, 0.0, 0.0, 0.0, 0.0, 0.0, 0.0, 0.0, 0.0, 0.0, 0.0, 0.0, 0.0, 0.0, 0.0, 0.0, 0.0, 0.0, 0.0, 0.0, 0.0, 0.0, 0.0, 0.0, 0.0, 0.0, 0.0, 0.0, 0.0, 0.0, 0.0, 0.0, 0.0, 0.0, 0.0, 0.0, 0.0, 0.0, 0.0, 0.0, 0.0, 0.0, 0.0, 0.0, 0.0, 0.0, 0.0, 0.0, 0.0, 0.0, 0.0, 0.0, 0.0, 0.0, 0.0, 0.0, 0.0, 0.0, 0.0, 0.0, 0.0, 0.0, 0.0, 0.0, 0.0, 0.0, 0.0, 0.0, 0.0, 0.0, 0.0, 0.0, 0.0, 0.0, 0.0, 0.0, 0.0, 0.0, 0.0, 0.0, 0.0, 0.0, 0.0], "tonal.chords_histogram": [5.165563106536865, 0.0, 3.5761590003967285, 5.56291389465332, 0.6622516512870789, 3.311258316040039, 0.0, 0.0, 0.0, 30.596027374267578, 2.6490066051483154, 0.0, 2.5165562629699707, 0.0, 0.0, 0.6622516512870789, 14.43708610534668, 2.78145694732666, 0.0, 0.3973509967327118, 0.0, 0.0, 1.4569536447525024, 26.22516632080078], "tonal.thpcp": [1.0, 0.9099937081336975, 0.49289700388908386, 0.3797284960746765, 0.37574151158332825, 0.3501390814781189, 0.37905505299568176, 0.3901060223579407, 0.4826522767543793, 0.8815653324127197, 0.9893507957458496, 0.7474494576454163, 0.6250165104866028, 0.5148444771766663, 0.4707615375518799, 0.677815318107605, 0.7752078771591187, 0.5698773860931396, 0.44517576694488525, 0.42078879475593567, 0.5784052014350891, 0.9048787951469421, 0.7762241959571838, 0.4275437593460083, 0.34516850113868713, 0.2842688262462616, 0.22690513730049133, 0.23731233179569244, 0.27873966097831726, 0.4226166903972626, 0.6408174633979797, 0.619361937046051, 0.41365763545036316, 0.2841237187385559, 0.2569292187690735, 0.5302916169166565], "lowlevel.gfcc.cov": [[6236.3427734375, -838.1632080078125, 412.55523681640625, 436.5986022949219, 258.1944274902344, 422.8515319824219, 416.65570068359375, 182.19223022460938, -128.2313690185547, 246.5909881591797, -371.9082336425781, 10.638301849365234, -355.46710205078125], [-838.1632080078125, 2545.3154296875, -601.7963256835938, -275.9377746582031, 598.6605224609375, -163.7363739013672, 243.1423797607422, 35.79194259643555, 440.4181823730469, -411.6745300292969, 385.9759216308594, -224.90249633789062, 183.97732543945312], [412.55523681640625, -601.7963256835938, 1059.6153564453125, 544.7681274414062, 103.90201568603516, 220.0614013671875, -81.55530548095703, 46.366722106933594, -193.70143127441406, 221.21182250976562, -224.65087890625, 134.09165954589844, -97.5496597290039], [436.5986022949219, -275.9377746582031, 544.7681274414062, 890.3792114257812, 250.47535705566406, 69.04778289794922, -19.42815589904785, 59.523658752441406, -22.311124801635742, 133.39727783203125, -127.68232727050781, 30.91925621032715, -17.136775970458984], [258.1944274902344, 598.6605224609375, 103.90201568603516, 250.47535705566406, 593.6155395507812, 146.71823120117188, 129.09173583984375, 66.10636138916016, 109.9303207397461, -12.993597030639648, 8.95025634765625, -23.940786361694336, 32.807308197021484], [422.8515319824219, -163.7363739013672, 220.0614013671875, 69.04778289794922, 146.71823120117188, 534.6361083984375, 254.0065460205078, 12.983028411865234, -26.570436477661133, 57.17521667480469, 11.845488548278809, 20.837120056152344, -35.43791198730469], [416.65570068359375, 243.1423797607422, -81.55530548095703, -19.42815589904785, 129.09173583984375, 254.0065460205078, 455.47491455078125, 61.51798629760742, 38.935340881347656, -32.60295486450195, 59.00577163696289, -24.912050247192383, -47.633113861083984], [182.19223022460938, 35.79194259643555, 46.366722106933594, 59.523658752441406, 66.10636138916016, 12.983028411865234, 61.51798629760742, 164.8007049560547, 96.60945892333984, 21.41448974609375, -13.14293384552002, -9.161120414733887, -1.5109672546386719], [-128.2313690185547, 440.4181823730469, -193.70143127441406, -22.311124801635742, 109.9303207397461, -26.570436477661133, 38.935340881347656, 96.60945892333984, 300.09912109375, -46.066898345947266, 109.30680084228516, -87.58296203613281, 48.02897644042969], [246.5909881591797, -411.6745300292969, 221.21182250976562, 133.39727783203125, -12.993597030639648, 57.17521667480469, -32.60295486450195, 21.41448974609375, -46.066898345947266, 234.84352111816406, -83.24989318847656, 57.01881790161133, -49.854339599609375], [-371.9082336425781, 385.9759216308594, -224.65087890625, -127.68232727050781, 8.95025634765625, 11.845488548278809, 59.00577163696289, -13.14293384552002, 109.30680084228516, -83.24989318847656, 241.71856689453125, -7.977623462677002, 58.77643585205078], [10.638301849365234, -224.90249633789062, 134.09165954589844, 30.91925621032715, -23.940786361694336, 20.837120056152344, -24.912050247192383, -9.161120414733887, -87.58296203613281, 57.01881790161133, -7.977623462677002, 137.6978759765625, 21.432659149169922], [-355.46710205078125, 183.97732543945312, -97.5496597290039, -17.136775970458984, 32.807308197021484, -35.43791198730469, -47.633113861083984, -1.5109672546386719, 48.02897644042969, -49.854339599609375, 58.77643585205078, 21.432659149169922, 144.6331329345703]], "lowlevel.gfcc.icov": [[0.00022726399765815586, 3.574997026589699e-05, 0.00011746351083274931, -7.81470225774683e-05, -9.088395745493472e-05, -0.00010239983384963125, -9.933705587172881e-05, -0.00015529051597695798, -1.772203904693015e-05, 9.349699212179985e-06, 0.00027806955040432513, -0.00015578109014313668, 0.00046341828419826925], [3.574997026589699e-05, 0.0017623099265620112, -0.0007222527638077736, 0.0007935651810839772, -0.0018775493372231722, 0.0014538737013936043, -0.0011104681761935353, 0.0008552286890335381, -0.0008643674664199352, 0.0012277468340471387, -0.0015752302715554833, 0.001720613450743258, -0.0010262132855132222], [0.00011746351083274931, -0.0007222527638077736, 0.0029284863267093897, -0.0015007616020739079, 0.0006520175957120955, -0.0018829865148290992, 0.0015329536981880665, -0.00144783069845289, 0.001036560395732522, -0.0006704459665343165, 0.0016097405459731817, -0.002407266991212964, 0.0020124614238739014], [-7.81470225774683e-05, 0.0007935651810839772, -0.0015007616020739079, 0.002400490455329418, -0.0014711925759911537, 0.0012168115936219692, -0.0007797827129252255, 0.0005774325109086931, -0.0005182031309232116, -1.4952531273593195e-05, -0.000696080329362303, 0.001524417893961072, -0.0013243063585832715], [-9.088395745493472e-05, -0.0018775493372231722, 0.0006520175957120955, -0.0014711925759911537, 0.0044101024977862835, -0.0019753258675336838, 0.0007296313997358084, -0.0008477001683786511, -1.9766137484111823e-05, -0.0008607858326286077, 0.0019611509051173925, -0.0018214868614450097, 0.00036026944871991873], [-0.00010239983384963125, 0.0014538737013936043, -0.0018829865148290992, 0.0012168115936219692, -0.0019753258675336838, 0.004752025008201599, -0.003032614942640066, 0.0017248251242563128, -0.0006228524725884199, 0.00012516864808276296, -0.002072521485388279, 0.002162275370210409, -0.0018234031740576029], [-9.933705587172881e-05, -0.0011104681761935353, 0.0015329536981880665, -0.0007797827129252255, 0.0007296313997358084, -0.003032614942640066, 0.005008499603718519, -0.0025139423087239265, 0.0012693568132817745, 5.3470190323423594e-05, 0.0001711291988613084, -0.0014024073025211692, 0.0025597866624593735], [-0.00015529051597695798, 0.0008552286890335381, -0.00144783069845289, 0.0005774325109086931, -0.0008477001683786511, 0.0017248251242563128, -0.0025139423087239265, 0.010453681461513042, -0.005196938291192055, 0.00025941041531041265, 0.0011534164659678936, -0.0006633774610236287, -0.0010366891510784626], [-1.772203904693015e-05, -0.0008643674664199352, 0.001036560395732522, -0.0005182031309232116, -1.9766137484111823e-05, -0.0006228524725884199, 0.0012693568132817745, -0.005196938291192055, 0.008730321191251278, -0.001828306121751666, -0.002692177426069975, 0.003999405074864626, -0.0011186341289430857], [9.349699212179985e-06, 0.0012277468340471387, -0.0006704459665343165, -1.4952531273593195e-05, -0.0008607858326286077, 0.00012516864808276296, 5.3470190323423594e-05, 0.00025941041531041265, -0.001828306121751666, 0.007561823818832636, 0.00042851510806940496, -0.0019975171890109777, 0.0015890516806393862], [0.00027806955040432513, -0.0015752302715554833, 0.0016097405459731817, -0.000696080329362303, 0.0019611509051173925, -0.002072521485388279, 0.0001711291988613084, 0.0011534164659678936, -0.002692177426069975, 0.00042851510806940496, 0.009279181249439716, -0.004716266877949238, 0.000775834487285465], [-0.00015578109014313668, 0.001720613450743258, -0.002407266991212964, 0.001524417893961072, -0.0018214868614450097, 0.002162275370210409, -0.0014024073025211692, -0.0006633774610236287, 0.003999405074864626, -0.0019975171890109777, -0.004716266877949238, 0.015158762224018574, -0.005886698141694069], [0.00046341828419826925, -0.0010262132855132222, 0.0020124614238739014, -0.0013243063585832715, 0.00036026944871991873, -0.0018234031740576029, 0.0025597866624593735, -0.0010366891510784626, -0.0011186341289430857, 0.0015890516806393862, 0.000775834487285465, -0.005886698141694069, 0.01233875285834074]], "lowlevel.mfcc.cov": [[5596.59228515625, -787.4317016601562, 19.336965560913086, 282.60980224609375, -63.49159622192383, 415.57684326171875, 317.3499755859375, 189.0416259765625, 246.2905731201172, 150.95155334472656, 220.46485900878906, 54.73857116699219, -51.29561996459961], [-787.4317016601562, 2217.588623046875, -707.38427734375, -136.31396484375, 249.26589965820312, -167.01953125, 11.439703941345215, 254.3874053955078, -8.470958709716797, 92.79878997802734, 5.869019985198975, 50.37864685058594, 87.50872802734375], [19.336965560913086, -707.38427734375, 858.38427734375, 212.8983154296875, 67.33080291748047, 177.96128845214844, 68.3000717163086, -67.145263671875, 39.460716247558594, -41.85451889038086, -16.785480499267578, 9.037924766540527, 10.730576515197754], [282.60980224609375, -136.31396484375, 212.8983154296875, 772.9580688476562, 241.93841552734375, 58.27706527709961, -12.293792724609375, -25.537630081176758, 128.89572143554688, 6.4102935791015625, -3.4406116008758545, 10.013788223266602, 58.34040451049805], [-63.49159622192383, 249.26589965820312, 67.33080291748047, 241.93841552734375, 495.7584533691406, 93.53741455078125, -22.207901000976562, 30.463539123535156, 82.74600982666016, 74.48139190673828, -9.65373420715332, 0.22870805859565735, 24.802413940429688], [415.57684326171875, -167.01953125, 177.96128845214844, 58.27706527709961, 93.53741455078125, 446.4352722167969, 253.0867919921875, 74.99725341796875, 79.60636138916016, 56.95918655395508, 81.41087341308594, 7.270527362823486, -22.320463180541992], [317.3499755859375, 11.439703941345215, 68.3000717163086, -12.293792724609375, -22.207901000976562, 253.0867919921875, 317.2728271484375, 134.9324188232422, 36.654937744140625, 23.50249481201172, 58.830711364746094, 21.913536071777344, -15.517328262329102], [189.0416259765625, 254.3874053955078, -67.145263671875, -25.537630081176758, 30.463539123535156, 74.99725341796875, 134.9324188232422, 252.2528533935547, 53.73575973510742, 57.28981399536133, 46.3442268371582, 47.14665985107422, 19.15511131286621], [246.2905731201172, -8.470958709716797, 39.460716247558594, 128.89572143554688, 82.74600982666016, 79.60636138916016, 36.654937744140625, 53.73575973510742, 188.84906005859375, 79.4433822631836, 33.178611755371094, 9.627359390258789, 11.235507011413574], [150.95155334472656, 92.79878997802734, -41.85451889038086, 6.4102935791015625, 74.48139190673828, 56.95918655395508, 23.50249481201172, 57.28981399536133, 79.4433822631836, 166.8309783935547, 80.54838562011719, 28.3528995513916, 6.950526237487793], [220.46485900878906, 5.869019985198975, -16.785480499267578, -3.4406116008758545, -9.65373420715332, 81.41087341308594, 58.830711364746094, 46.3442268371582, 33.178611755371094, 80.54838562011719, 130.16453552246094, 57.54793167114258, 1.9772850275039673], [54.73857116699219, 50.37864685058594, 9.037924766540527, 10.013788223266602, 0.22870805859565735, 7.270527362823486, 21.913536071777344, 47.14665985107422, 9.627359390258789, 28.3528995513916, 57.54793167114258, 117.6900405883789, 51.45619583129883], [-51.29561996459961, 87.50872802734375, 10.730576515197754, 58.34040451049805, 24.802413940429688, -22.320463180541992, -15.517328262329102, 19.15511131286621, 11.235507011413574, 6.950526237487793, 1.9772850275039673, 51.45619583129883, 107.1147232055664]], "lowlevel.mfcc.icov": [[0.00023097021039575338, 0.00012311300088185817, 0.00012931786477565765, -8.719482138985768e-05, 3.0464394512819126e-05, -7.481276406906545e-05, -8.602385787526146e-05, -0.00014113867655396461, -0.00015606003580614924, 3.4112240427930374e-06, -0.0002102961007039994, 6.744574875483522e-06, 5.148978380020708e-05], [0.00012311300088185817, 0.000908584741409868, 0.0006770782056264579, 9.128671081271023e-05, -0.0006121499463915825, 0.00037822607555426657, -0.00041560776298865676, -0.0006051273667253554, 9.863838931778446e-05, -4.73808468086645e-05, -5.8608191466191784e-05, 7.482977525796741e-05, -0.0005744443042203784], [0.00012931786477565765, 0.0006770782056264579, 0.0019924037624150515, -0.0002633948461152613, -0.00039785969420336187, -0.000464065233245492, -0.0003771788324229419, 0.0001140179592766799, -0.00012613387661986053, 0.0002995192480739206, 0.0004951079026795924, -0.0005692450213246047, -0.0003688514407258481], [-8.719482138985768e-05, 9.128671081271023e-05, -0.0002633948461152613, 0.0019713237415999174, -0.0009847319452092052, 0.0003659901558421552, -0.0002036492369370535, 0.0003920143935829401, -0.001217094250023365, 0.0009492550743743777, -0.0005957024986855686, 0.00033152944524772465, -0.001041158800944686], [3.0464394512819126e-05, -0.0006121499463915825, -0.00039785969420336187, -0.0009847319452092052, 0.0035215895622968674, -0.0016096902545541525, 0.0015331682516261935, -0.00028266391018405557, 2.74503850050678e-06, -0.0017149739433079958, 0.0018027247861027718, -0.0003961699840147048, 0.00048072088975459337], [-7.481276406906545e-05, 0.00037822607555426657, -0.000464065233245492, 0.0003659901558421552, -0.0016096902545541525, 0.005940267816185951, -0.0045883809216320515, 0.0008350860443897545, -0.000874458986800164, 0.0001702614827081561, -0.0024907905608415604, 0.0013871171977370977, -0.0002408540021860972], [-8.602385787526146e-05, -0.00041560776298865676, -0.0003771788324229419, -0.0002036492369370535, 0.0015331682516261935, -0.0045883809216320515, 0.008455803617835045, -0.0032727655488997698, 0.00046875272528268397, 0.0008676205179654062, -6.551387923536822e-05, -0.0003824277373496443, 0.0010255948873236775], [-0.00014113867655396461, -0.0006051273667253554, 0.0001140179592766799, 0.0003920143935829401, -0.00028266391018405557, 0.0008350860443897545, -0.0032727655488997698, 0.007043513003736734, -0.001320155686698854, -0.0008834864129312336, 0.0003662110539153218, -0.0017172382213175297, -0.00027840680559165776], [-0.00015606003580614924, 9.863838931778446e-05, -0.00012613387661986053, -0.001217094250023365, 2.74503850050678e-06, -0.000874458986800164, 0.00046875272528268397, -0.001320155686698854, 0.008414766751229763, -0.0037748944014310837, 0.0010001546470448375, 0.0004781009047292173, -0.00024448608746752143], [3.4112240427930374e-06, -4.73808468086645e-05, 0.0002995192480739206, 0.0009492550743743777, -0.0017149739433079958, 0.0001702614827081561, 0.0008676205179654062, -0.0008834864129312336, -0.0037748944014310837, 0.012102153152227402, -0.007399625610560179, 0.0014310621190816164, -0.0007306166808120906], [-0.0002102961007039994, -5.8608191466191784e-05, 0.0004951079026795924, -0.0005957024986855686, 0.0018027247861027718, -0.0024907905608415604, -6.551387923536822e-05, 0.0003662110539153218, 0.0010001546470448375, -0.007399625610560179, 0.017539065331220627, -0.008103282190859318, 0.0031547637190669775], [6.744574875483522e-06, 7.482977525796741e-05, -0.0005692450213246047, 0.00033152944524772465, -0.0003961699840147048, 0.0013871171977370977, -0.0003824277373496443, -0.0017172382213175297, 0.0004781009047292173, 0.0014310621190816164, -0.008103282190859318, 0.015861207619309425, -0.007161872927099466], [5.148978380020708e-05, -0.0005744443042203784, -0.0003688514407258481, -0.001041158800944686, 0.00048072088975459337, -0.0002408540021860972, 0.0010255948873236775, -0.00027840680559165776, -0.00024448608746752143, -0.0007306166808120906, 0.0031547637190669775, -0.007161872927099466, 0.013925892300903797]], "metadata.audio_properties.analysis.downmix": "mix", "metadata.audio_properties.codec": "mp3", "metadata.audio_properties.md5_encoded": "774049fc3def07eed1838355069e6eed", "metadata.tags.file_name": "1183702097028460544.mp3", "metadata.version.essentia": "2.1-beta6-dev", "metadata.version.essentia_git_sha": "v2.1_beta5-1110-g77a6a954", "metadata.version.extractor": "music 2.0", "tonal.chords_key": "Ab", "tonal.chords_scale": "minor", "tonal.key