{"song_id": "1183689149191028816", "download": "https://cdn.discordapp.com/attachments/1135911532732108921/1183689149191028816/chirp.mp4?ex=65893f6d&amp", "lyrics": "\u0422\u0430\u043a \u0420\u0443\u0441\u043b\u0430\u043d \u0436\u0435 - \u0414\u0435\u0434 \u041c\u043e\u0440\u043e\u0437!\n\u041f\u0443\u0448\u043a\u0443 \u043d\u0430\u043c \u0441\u0435\u0433\u043e\u0434\u043d\u044f \u0432\u0432\u0435\u0437! \n\n\u041c\u043e\u0436\u0435\u0442 \u0441\u0442\u043e\u0438\u0442 \u043f\u043e\u043f\u0440\u043e\u0441\u0438\u0442\u044c?\n\u0427\u0442\u043e\u0431 \u0437\u0430\u0440\u043f\u043b\u0430\u0442\u0443 \u0432\u043e\u0437\u0440\u0430\u0441\u0442\u0438\u0442\u044c!\n\n\u0427\u0442\u043e\u0431\u044b \u043a\u044d\u0444\u044b \u0432\u0441\u0435\u043c \u0438\u043a\u0441 \u0434\u0432\u0430!\n\u0417\u0430\u0441\u043b\u0443\u0436\u0438\u043b\u0430 \u0440\u0435\u0431\u044f\u0442\u043d\u044f!\n\n\u041d\u0443, \u043a\u043e\u043b\u043b\u0435\u0433\u0438, \u0436\u043c\u0435\u043c \u043b\u0430\u0439\u043a\u043e\u0441 \n\u041a\u0442\u043e \u043c\u0435\u0447\u0442\u0430\u0435\u0442 \u0437\u0430 \u043f\u0440\u0438\u0440\u043e\u0441\u0442", "style": ["hardbass"], "essentia_features": {"lowlevel.average_loudness": 0.9261624217033386, "lowlevel.barkbands_crest.mean": 12.291695594787598, "lowlevel.barkbands_crest.stdev": 5.423089504241943, "lowlevel.barkbands_flatness_db.mean": 0.11232143640518188, "lowlevel.barkbands_flatness_db.stdev": 0.05460615083575249, "lowlevel.barkbands_kurtosis.mean": 7.346065998077393, "lowlevel.barkbands_kurtosis.stdev": 15.04816722869873, "lowlevel.barkbands_skewness.mean": 2.146554708480835, "lowlevel.barkbands_skewness.stdev": 1.7853533029556274, "lowlevel.barkbands_spread.mean": 39.48221969604492, "lowlevel.barkbands_spread.stdev": 26.460426330566406, "lowlevel.dissonance.mean": 0.48366260528564453, "lowlevel.dissonance.stdev": 0.014165609143674374, "lowlevel.dynamic_complexity": 1.9624654054641724, "lowlevel.erbbands_crest.mean": 6.387111186981201, "lowlevel.erbbands_crest.stdev": 3.3157830238342285, "lowlevel.erbbands_flatness_db.mean": 0.09294344484806061, "lowlevel.erbbands_flatness_db.stdev": 0.03370917588472366, "lowlevel.erbbands_kurtosis.mean": -0.18116088211536407, "lowlevel.erbbands_kurtosis.stdev": 1.5519564151763916, "lowlevel.erbbands_skewness.mean": -0.14480498433113098, "lowlevel.erbbands_skewness.stdev": 0.6852207779884338, "lowlevel.erbbands_spread.mean": 61.84370422363281, "lowlevel.erbbands_spread.stdev": 24.104717254638672, "lowlevel.hfc.mean": 52.71229934692383, "lowlevel.hfc.stdev": 48.332733154296875, "lowlevel.loudness_ebu128.integrated": -13.27425479888916, "lowlevel.loudness_ebu128.loudness_range": 1.3866586685180664, "lowlevel.loudness_ebu128.momentary.mean": -13.371723175048828, "lowlevel.loudness_ebu128.momentary.stdev": 0.9287172555923462, "lowlevel.loudness_ebu128.short_term.mean": -13.294862747192383, "lowlevel.loudness_ebu128.short_term.stdev": 0.5057825446128845, "lowlevel.melbands_crest.mean": 18.561111450195312, "lowlevel.melbands_crest.stdev": 6.0138068199157715, "lowlevel.melbands_flatness_db.mean": 0.20241346955299377, "lowlevel.melbands_flatness_db.stdev": 0.07324255257844925, "lowlevel.melbands_kurtosis.mean": 39.3665771484375, "lowlevel.melbands_kurtosis.stdev": 59.32428741455078, "lowlevel.melbands_skewness.mean": 4.728003025054932, "lowlevel.melbands_skewness.stdev": 3.106333017349243, "lowlevel.melbands_spread.mean": 24.955284118652344, "lowlevel.melbands_spread.stdev": 23.5405216217041, "lowlevel.pitch_salience.mean": 0.49454212188720703, "lowlevel.pitch_salience.stdev": 0.1413414031267166, "lowlevel.silence_rate_20dB.mean": 1.0, "lowlevel.silence_rate_20dB.stdev": 0.0, "lowlevel.silence_rate_30dB.mean": 0.9443365931510925, "lowlevel.silence_rate_30dB.stdev": 0.22926919162273407, "lowlevel.silence_rate_60dB.mean": 0.007766990456730127, "lowlevel.silence_rate_60dB.stdev": 0.0877876952290535, "lowlevel.spectral_centroid.mean": 1892.1495361328125, "lowlevel.spectral_centroid.stdev": 734.928466796875, "lowlevel.spectral_complexity.mean": 25.542394638061523, "lowlevel.spectral_complexity.stdev": 12.328134536743164, "lowlevel.spectral_decrease.mean": -1.2439121732654712e-08, "lowlevel.spectral_decrease.stdev": 8.573971754799459e-09, "lowlevel.spectral_energy.mean": 0.0517292246222496, "lowlevel.spectral_energy.stdev": 0.032567985355854034, "lowlevel.spectral_energyband_high.mean": 0.0041543724946677685, "lowlevel.spectral_energyband_high.stdev": 0.0047202822752296925, "lowlevel.spectral_energyband_low.mean": 0.03379290923476219, "lowlevel.spectral_energyband_low.stdev": 0.032216813415288925, "lowlevel.spectral_energyband_middle_high.mean": 0.004756718408316374, "lowlevel.spectral_energyband_middle_high.stdev": 0.00431049196049571, "lowlevel.spectral_energyband_middle_low.mean": 0.010356501676142216, "lowlevel.spectral_energyband_middle_low.stdev": 0.009885267354547977, "lowlevel.spectral_entropy.mean": 8.084247589111328, "lowlevel.spectral_entropy.stdev": 0.33362773060798645, "lowlevel.spectral_flux.mean": 0.11482959985733032, "lowlevel.spectral_flux.stdev": 0.04527084901928902, "lowlevel.spectral_kurtosis.mean": 2.807978630065918, "lowlevel.spectral_kurtosis.stdev": 1.6963131427764893, "lowlevel.spectral_rms.mean": 0.0067829168401658535, "lowlevel.spectral_rms.stdev": 0.0021117830183357, "lowlevel.spectral_rolloff.mean": 2561.909912109375, "lowlevel.spectral_rolloff.stdev": 3403.19580078125, "lowlevel.spectral_skewness.mean": 1.2738577127456665, "lowlevel.spectral_skewness.stdev": 0.3006739616394043, "lowlevel.spectral_spread.mean": 6597919.0, "lowlevel.spectral_spread.stdev": 2097973.0, "lowlevel.spectral_strongpeak.mean": 0.5203786492347717, "lowlevel.spectral_strongpeak.stdev": 0.5261034965515137, "lowlevel.zerocrossingrate.mean": 0.09565192461013794, "lowlevel.zerocrossingrate.stdev": 0.06150233373045921, "metadata.audio_properties.analysis.equal_loudness": 0.0, "metadata.audio_properties.analysis.length": 35.838958740234375, "metadata.audio_properties.analysis.sample_rate": 44100.0, "metadata.audio_properties.analysis.start_time": 0.0, "metadata.audio_properties.bit_rate": 129504.0, "metadata.audio_properties.length": 35.84000015258789, "metadata.audio_properties.lossless": 0.0, "metadata.audio_properties.number_channels": 1.0, "metadata.audio_properties.replay_gain": -11.815582275390625, "metadata.audio_properties.sample_rate": 48000.0, "rhythm.beats_count": 95.0, "rhythm.beats_loudness.mean": 0.06179988756775856, "rhythm.beats_loudness.stdev": 0.024604951962828636, "rhythm.bpm": 161.4989776611328, "rhythm.bpm_histogram_first_peak_bpm": 161.0, "rhythm.bpm_histogram_first_peak_weight": 0.301075279712677, "rhythm.bpm_histogram_second_peak_bpm": 152.0, "rhythm.bpm_histogram_second_peak_spread": 0.0, "rhythm.bpm_histogram_second_peak_weight": 0.010638297535479069, "rhythm.danceability": 1.6296746730804443, "rhythm.onset_rate": 5.913263320922852, "tonal.chords_changes_rate": 0.12289780378341675, "tonal.chords_number_rate": 0.016817593947052956, "tonal.chords_strength.mean": 0.45448458194732666, "tonal.chords_strength.stdev": 0.08165989816188812, "tonal.hpcp_crest.mean": 10.958404541015625, "tonal.hpcp_crest.stdev": 5.039350986480713, "tonal.hpcp_entropy.mean": 2.450941562652588, "tonal.hpcp_entropy.stdev": 0.7757816910743713, "tonal.key_edma.strength": 0.5615057349205017, "tonal.key_krumhansl.strength": 0.5616208910942078, "tonal.key_temperley.strength": 0.5490509867668152, "tonal.tuning_diatonic_strength": 0.4864724278450012, "tonal.tuning_equal_tempered_deviation": 0.228644460439682, "tonal.tuning_frequency": 434.193115234375, "tonal.tuning_nontempered_energy_ratio": 0.9123672842979431, "lowlevel.barkbands.mean": [0.0013600614620372653, 0.02513253130018711, 0.0061651673167943954, 0.0023910750169306993, 0.0015541283646598458, 0.0016762244049459696, 0.0017782623181119561, 0.001724216272123158, 0.0008965682936832309, 0.0008420136291533709, 0.0004166049475315958, 0.00032494240440428257, 0.0004759236180689186, 0.0003687011485453695, 0.0003004225145559758, 0.0005546496249735355, 0.0005986872129142284, 0.00031607135315425694, 0.0004647233581636101, 0.0005155201070010662, 0.0005953349755145609, 0.00044548354344442487, 0.0005001199897378683, 0.0005198917933739722, 0.000779006804805249, 0.0009201471111737192, 0.00011274301505181938], "lowlevel.barkbands.stdev": [0.0018452327931299806, 0.0299972090870142, 0.006444175727665424, 0.003214872209355235, 0.0024193187709897757, 0.0039354003965854645, 0.004262699745595455, 0.0040256367065012455, 0.0013817845610901713, 0.001504272106103599, 0.000866265210788697, 0.0006235738983377814, 0.0011136563261970878, 0.0006688150460831821, 0.000477676629088819, 0.0007569207227788866, 0.0006135483854450285, 0.00035893291351385415, 0.0007319712312892079, 0.0005926331505179405, 0.0007489699637517333, 0.000635244301520288, 0.0007228393806144595, 0.0007674318621866405, 0.001067643752321601, 0.001295649679377675, 0.0001965671981452033], "lowlevel.erbbands.mean": [0.8223478198051453, 5.1432204246521, 7.732719421386719, 8.530035972595215, 6.718973636627197, 4.027939319610596, 5.880479335784912, 16.688232421875, 22.12442398071289, 38.46502685546875, 30.57050895690918, 21.88871955871582, 27.3319091796875, 19.871335983276367, 16.43948745727539, 13.769811630249023, 20.79695701599121, 20.32068634033203, 18.243083953857422, 17.181814193725586, 36.20460510253906, 33.07240295410156, 17.87732696533203, 20.72345733642578, 24.432512283325195, 23.916173934936523, 26.715234756469727, 19.867483139038086, 16.027637481689453, 16.42914390563965, 13.11111068725586, 9.792566299438477, 9.635001182556152, 7.967592239379883, 5.960368633270264, 3.482917070388794, 1.8595064878463745, 0.3794329762458801, 0.012098961509764194, 0.0003322466218378395], "lowlevel.erbbands.stdev": [1.216051459312439, 6.077841758728027, 8.351489067077637, 8.973835945129395, 9.975326538085938, 7.1923112869262695, 13.819284439086914, 42.155357360839844, 55.66070556640625, 88.2828598022461, 67.32540130615234, 33.085289001464844, 48.082645416259766, 31.482891082763672, 36.20173263549805, 24.264799118041992, 48.27432632446289, 37.01153564453125, 30.48044204711914, 24.747941970825195, 44.33744430541992, 33.839447021484375, 19.43936538696289, 24.070512771606445, 41.55997085571289, 27.480655670166016, 33.32548141479492, 24.274036407470703, 22.855911254882812, 22.92072105407715, 19.57050132751465, 14.694230079650879, 14.522940635681152, 11.390153884887695, 8.267155647277832, 5.017746925354004, 2.6589841842651367, 0.5826839804649353, 0.019809426739811897, 0.0004079946083948016], "lowlevel.gfcc.mean": [61.773311614990234, 42.591461181640625, -78.83335876464844, 40.562442779541016, -39.01826095581055, 19.380538940429688, -22.42958641052246, 27.527244567871094, -22.494037628173828, 13.32015323638916, -27.214996337890625, 4.926095008850098, -15.32409954071045], "lowlevel.melbands.mean": [0.007151271216571331, 0.004937920719385147, 0.0014095170190557837, 0.0003577551688067615, 0.0001969959121197462, 0.00036733585875481367, 0.00035089405719190836, 0.00042869840399362147, 0.00022198521764948964, 0.00013300553837325424, 0.00013596293865703046, 8.180706936400384e-05, 5.5893207900226116e-05, 3.8608461181866005e-05, 3.6800898669753224e-05, 4.9817910621641204e-05, 3.5929369914811105e-05, 3.0365197744686157e-05, 2.1144067432032898e-05, 2.772734296740964e-05, 4.622981941793114e-05, 3.783188731176779e-05, 1.9695749870152213e-05, 1.3985940313432366e-05, 1.6869549654074945e-05, 1.782903927960433e-05, 1.709243042569142e-05, 1.5520319720963016e-05, 1.6743373635108583e-05, 1.547554711578414e-05, 1.0321754416509066e-05, 9.123168638325296e-06, 8.266125405498315e-06, 9.694632353784982e-06, 7.875586561567616e-06, 6.2395592976827174e-06, 5.94821312915883e-06, 6.7268651946506e-06, 6.546999884449178e-06, 6.780086096114246e-06], "lowlevel.melbands.stdev": [0.00916959811002016, 0.004942860454320908, 0.001436872174963355, 0.0005232610274106264, 0.0004511259903665632, 0.0008950586197897792, 0.0008324844529852271, 0.0009673056192696095, 0.00047279242426157, 0.0002054979559034109, 0.00024649608531035483, 0.00013383741315919906, 0.0001270263164769858, 7.77216482674703e-05, 7.3250885179732e-05, 0.0001209181355079636, 6.687927816528827e-05, 5.374949614633806e-05, 3.3331136364722624e-05, 4.179123425274156e-05, 5.605754995485768e-05, 4.0415423427475616e-05, 2.330813185835723e-05, 1.562971192470286e-05, 2.017765109485481e-05, 3.161362838000059e-05, 2.5544975869706832e-05, 1.7361051504849456e-05, 2.0437544662854634e-05, 2.1759116862085648e-05, 1.3299019883561414e-05, 1.3399519957602024e-05, 1.211004018841777e-05, 1.3694852896151133e-05, 1.2035319741698913e-05, 9.788427632884122e-06, 9.221794243785553e-06, 1.0650309377524536e-05, 9.706648597784806e-06, 9.852151379163843e-06], "lowlevel.melbands128.mean": [0.0009471391676925123, 0.006475682370364666, 0.010047202929854393, 0.008041104301810265, 0.004545480012893677, 0.002907214453443885, 0.0018399854889139533, 0.000991756096482277, 0.0007001502090133727, 0.00028089506668038666, 0.00018696827464736998, 0.00019433395937085152, 0.00018840680422727019, 0.00020381320791784674, 0.0003598988987505436, 0.0004959289799444377, 0.00037755610537715256, 0.0002757059410214424, 0.00036879608524031937, 0.0004839048779103905, 0.00044770920067094266, 0.0003141695633530617, 0.00018670408462639898, 0.00013543778914026916, 0.00013848931121174246, 0.0001342443865723908, 0.00011001029633916914, 0.0001649995829211548, 0.00013156849308870733, 8.050986798480153e-05, 7.559944060631096e-05, 5.554612653213553e-05, 5.7286852097604424e-05, 5.602645978797227e-05, 3.833724622381851e-05, 3.5290559026179835e-05, 3.422987720114179e-05, 3.527193985064514e-05, 3.641113289631903e-05, 5.078678441350348e-05, 5.858790973434225e-05, 4.082364102941938e-05, 3.352012936375104e-05, 3.56847740476951e-05, 3.2031723094405606e-05, 3.101903712376952e-05, 2.6386705940240063e-05, 2.0102927010157146e-05, 1.8938619177788496e-05, 2.1540370653383434e-05, 2.5725468731252477e-05, 3.636601468315348e-05, 4.8845722631085664e-05, 4.729483407572843e-05, 4.804258423973806e-05, 3.933385596610606e-05, 2.8346923500066623e-05, 2.1115465642651543e-05, 1.777439501893241e-05, 1.361230624752352e-05, 1.2987225090910215e-05, 1.4386927432497032e-05, 1.6882040654309094e-05, 1.7750548067851923e-05, 1.6540969227207825e-05, 1.7984955775318667e-05, 1.9024801076739095e-05, 1.6880092516657896e-05, 1.7354293959215283e-05, 1.648086981731467e-05, 1.3678462892130483e-05, 1.6185867934837006e-05, 1.749680086504668e-05, 1.6502111975569278e-05, 1.600046016392298e-05, 1.8487116903997958e-05, 1.4005850971443579e-05, 9.69323082244955e-06, 1.0666769412637223e-05, 9.785622751223855e-06, 9.21757055039052e-06, 9.156514352071099e-06, 8.264172720373608e-06, 7.806159374013077e-06, 8.383318345295265e-06, 9.591180059942417e-06, 1.0340795597585384e-05, 9.852260518528055e-06, 7.442124569934094e-06, 6.7420664890960325e-06, 6.8066642597841565e-06, 6.084428150643362e-06, 5.256627446215134e-06, 5.619969215331366e-06, 6.675527856714325e-06, 6.602611847483786e-06, 6.6243378569197375e-06, 7.134400675568031e-06, 6.374760232574772e-06, 6.3749507717147935e-06, 6.60250134387752e-06, 6.835575732111465e-06, 7.004599865467753e-06, 7.443644335580757e-06, 7.295117939065676e-06, 6.171654149511596e-06, 5.872783731319942e-06, 5.43752094017691e-06, 5.474889348988654e-06, 6.664140983048128e-06, 7.1812373789725825e-06, 5.676811269950122e-06, 6.436999228753848e-06, 6.215185749169905e-06, 4.4316461753624026e-06, 3.2333643957827007e-06, 2.8822219064750243e-06, 2.0933975974912755e-06, 2.1962249263651756e-07, 3.6629488331385573e-10, 8.333634476942464e-11, 3.189525726865483e-11, 2.5623317703726833e-11, 2.3091381237683173e-11, 1.7750426128948504e-11, 1.0705665520749363e-11, 7.2700109821077774e-12, 6.7499460881803586e-12], "lowlevel.melbands128.stdev": [0.0017083201091736555, 0.011019062250852585, 0.013468076474964619, 0.010134347714483738, 0.005769466515630484, 0.002898248378187418, 0.0021232322324067354, 0.0015227709664031863, 0.0011661795433610678, 0.0005027525476180017, 0.00040629933937452734, 0.0005932605708949268, 0.0005551796057261527, 0.0005797322955913842, 0.0010528407292440534, 0.0014916514046490192, 0.001191715127788484, 0.0009936968563124537, 0.0010635660728439689, 0.0013539665378630161, 0.0012436372926458716, 0.0009442149312235415, 0.0004676125827245414, 0.00029580367845483124, 0.0002608615905046463, 0.00026107230223715305, 0.00022043321223463863, 0.0003594918525777757, 0.000314149510813877, 0.00015322085528168827, 0.00015838295803405344, 0.00012404753942973912, 0.00018640687630977482, 0.00015427073230966926, 0.00010573150939308107, 8.811147563392296e-05, 7.23234043107368e-05, 8.241982141043991e-05, 9.014542592922226e-05, 0.00017233408289030194, 0.00016548405983485281, 0.00011032358452212065, 7.151940371841192e-05, 7.928125705802813e-05, 6.995964940870181e-05, 6.495184061350301e-05, 5.2652838348876685e-05, 4.048768096254207e-05, 3.670038495329209e-05, 3.678551365737803e-05, 4.69384431198705e-05, 6.061499152565375e-05, 7.880842167651281e-05, 6.546473741764203e-05, 6.227034464245662e-05, 5.222768959356472e-05, 3.5085609852103516e-05, 3.022511737071909e-05, 2.6922201868728735e-05, 1.815869654819835e-05, 1.6940341083682142e-05, 1.85104800038971e-05, 2.1534462575800717e-05, 2.5878676751744933e-05, 2.4094544642139226e-05, 3.542661215760745e-05, 4.399540921440348e-05, 3.216745244571939e-05, 2.8466814910643734e-05, 2.1631743948091753e-05, 1.8333998013986275e-05, 1.9346693079569377e-05, 2.1760743038612418e-05, 2.3600556232850067e-05, 2.2956208340474404e-05, 3.299206218798645e-05, 1.9611143216025084e-05, 1.2813161447411403e-05, 1.6024398064473644e-05, 1.4662491594208404e-05, 1.4881514289299957e-05, 1.4959762665966991e-05, 1.3214156751928385e-05, 1.2581000191858038e-05, 1.3250568372313865e-05, 1.441389940737281e-05, 1.6064697774709202e-05, 1.5671601431677118e-05, 1.2486373634601478e-05, 1.1636531780823134e-05, 1.159506973635871e-05, 1.0684448170650285e-05, 8.604050890426151e-06, 9.580463483871426e-06, 1.140905987995211e-05, 1.1946715858357493e-05, 1.1381441254343372e-05, 1.1991238352493383e-05, 1.0034208571596537e-05, 1.0522814591240603e-05, 1.102036731026601e-05, 1.0601327630865853e-05, 1.0889746590692084e-05, 1.120164233725518e-05, 1.0887633834499866e-05, 1.017717568174703e-05, 9.647429578762967e-06, 9.033897185872775e-06, 9.09424852579832e-06, 1.08557433122769e-05, 1.1904799066542182e-05, 8.863411494530737e-06, 9.982452866097447e-06, 9.830137059907429e-06, 7.284046660060994e-06, 5.576904641202418e-06, 4.983343387721106e-06, 4.227837507642107e-06, 7.163444024627097e-07, 4.713143653134466e-09, 1.072568034388155e-09, 4.2013809098406796e-10, 3.724565100782229e-10, 3.1739022521293236e-10, 2.0920414012248756e-10, 7.299712917463452e-11, 1.3180368255150121e-11, 9.976055571903064e-12], "lowlevel.mfcc.mean": [-597.9344482421875, 87.84563446044922, 16.361886978149414, 35.22145462036133, 10.730671882629395, 7.84544038772583, 12.088462829589844, 11.191611289978027, 18.133806228637695, 8.627713203430176, 3.147700548171997, 6.03157377243042, 3.2815511226654053], "lowlevel.spectral_contrast_coeffs.mean": [-0.7263856530189514, -0.7863129377365112, -0.7956355810165405, -0.812914252281189, -0.8123977780342102, -0.7492940425872803], "lowlevel.spectral_contrast_coeffs.stdev": [0.06441798806190491, 0.0748850628733635, 0.04757130891084671, 0.037952907383441925, 0.02551226317882538, 0.04069669172167778], "lowlevel.spectral_contrast_valleys.mean": [-6.290621757507324, -6.524662017822266, -7.086127758026123, -7.228835582733154, -6.742870807647705, -9.35586166381836], "lowlevel.spectral_contrast_valleys.stdev": [0.5108857154846191, 0.6557150483131409, 0.5759380459785461, 0.5582336783409119, 0.4496493637561798, 1.0348466634750366], "rhythm.beats_loudness_band_ratio.mean": [0.5899810194969177, 0.08531200885772705, 0.1235821545124054, 0.05183422565460205, 0.06492892652750015, 0.12143970280885696], "rhythm.beats_loudness_band_ratio.stdev": [0.2151157110929489, 0.08522075414657593, 0.12425510585308075, 0.04897172376513481, 0.05707475170493126, 0.10248935222625732], "tonal.hpcp.mean": [0.07692772150039673, 0.07985260337591171, 0.11259251087903976, 0.1799594759941101, 0.17155367136001587, 0.09377197176218033, 0.06547141820192337, 0.0751030221581459, 0.10089543461799622, 0.15277141332626343, 0.16366125643253326, 0.11803491413593292, 0.136461541056633, 0.16985993087291718, 0.11233888566493988, 0.059807706624269485, 0.05654158443212509, 0.05701892822980881, 0.07717875391244888, 0.08071129769086838, 0.06555382907390594, 0.07029039412736893, 0.07456491887569427, 0.06748392432928085, 0.07395130395889282, 0.08530855178833008, 0.11119268834590912, 0.18443261086940765, 0.2196313589811325, 0.17345617711544037, 0.13107913732528687, 0.113839291036129, 0.09466003626585007, 0.09557554870843887, 0.0962183028459549, 0.08319664001464844], "tonal.hpcp.stdev": [0.1926805078983307, 0.19539861381053925, 0.23724400997161865, 0.3191758096218109, 0.30889227986335754, 0.19514289498329163, 0.16460183262825012, 0.18031616508960724, 0.21681031584739685, 0.271861732006073, 0.29393717646598816, 0.2347704917192459, 0.2326446920633316, 0.2963525950908661, 0.2022514045238495, 0.1407570093870163, 0.1442737877368927, 0.14127929508686066, 0.1969940960407257, 0.20404890179634094, 0.1681327372789383, 0.17279891669750214, 0.18843823671340942, 0.16022346913814545, 0.15805846452713013, 0.1823231279850006, 0.21411307156085968, 0.29819798469543457, 0.3238126039505005, 0.2801966667175293, 0.2354816049337387, 0.22453255951404572, 0.1991867572069168, 0.2093193531036377, 0.22438199818134308, 0.19697339832782745], "rhythm.beats_position": [0.39473921060562134, 0.7778684496879578, 1.160997748374939, 1.5325169563293457, 1.904036283493042, 2.2755556106567383, 2.6470746994018555, 3.0185940265655518, 3.4017233848571777, 3.7848525047302246, 4.156371593475342, 4.527891159057617, 4.899410247802734, 5.27092981338501, 5.654058933258057, 6.0371880531311035, 6.408707141876221, 6.780226707458496, 7.151745796203613, 7.523265361785889, 7.894784450531006, 8.266304016113281, 8.649433135986328, 9.032562255859375, 9.404081344604492, 9.77560043334961, 10.147119522094727, 10.53024959564209, 10.913378715515137, 11.284897804260254, 11.656416893005371, 12.027935981750488, 12.399456024169922, 12.782585144042969, 13.165714263916016, 13.537233352661133, 13.90875244140625, 14.280271530151367, 14.6517915725708, 15.023310661315918, 15.394829750061035, 15.777958869934082, 16.161088943481445, 16.532608032226562, 16.90412712097168, 17.275646209716797, 17.647165298461914, 18.03029441833496, 18.413423538208008, 18.784942626953125, 19.156461715698242, 19.52798080444336, 19.899499893188477, 20.271020889282227, 20.665760040283203, 21.03727912902832, 21.408798217773438, 21.780317306518555, 22.151836395263672, 22.52335548400879, 22.906484603881836, 23.278003692626953, 23.6611328125, 24.032651901245117, 24.404170989990234, 24.775691986083984, 25.15882110595703, 25.53034019470215, 25.913469314575195, 26.284988403320312, 26.65650749206543, 27.028026580810547, 27.399545669555664, 27.77106475830078, 28.154193878173828, 28.537322998046875, 28.908842086791992, 29.280363082885742, 29.66349220275879, 30.046621322631836, 30.418140411376953, 30.78965950012207, 31.161178588867188, 31.532697677612305, 31.904216766357422, 32.27573776245117, 32.647254943847656, 33.0303840637207, 33.41351318359375, 33.7850341796875, 34.156551361083984, 34.528072357177734, 34.89958953857422, 35.282718658447266, 35.66584777832031], "rhythm.bpm_histogram": [0.0, 0.0, 0.0, 0.0, 0.0, 0.0, 0.0, 0.0, 0.0, 0.0, 0.0, 0.0, 0.0, 0.0, 0.0, 0.0, 0.0, 0.0, 0.0, 0.0, 0.0, 0.0, 0.0, 0.0, 0.0, 0.0, 0.0, 0.0, 0.0, 0.0, 0.0, 0.0, 0.0, 0.0, 0.0, 0.0, 0.0, 0.0, 0.0, 0.0, 0.0, 0.0, 0.0, 0.0, 0.0, 0.0, 0.0, 0.0, 0.0, 0.0, 0.0, 0.0, 0.0, 0.0, 0.0, 0.0, 0.0, 0.0, 0.0, 0.0, 0.0, 0.0, 0.0, 0.0, 0.0, 0.0, 0.0, 0.0, 0.0, 0.0, 0.0, 0.0, 0.0, 0.0, 0.0, 0.0, 0.0, 0.0, 0.0, 0.0, 0.0, 0.0, 0.0, 0.0, 0.0, 0.0, 0.0, 0.0, 0.0, 0.0, 0.0, 0.0, 0.0, 0.0, 0.0, 0.0, 0.0, 0.0, 0.0, 0.0, 0.0, 0.0, 0.0, 0.0, 0.0, 0.0, 0.0, 0.0, 0.0, 0.0, 0.0, 0.0, 0.0, 0.0, 0.0, 0.0, 0.0, 0.0, 0.0, 0.0, 0.0, 0.0, 0.0, 0.0, 0.0, 0.0, 0.0, 0.0, 0.0, 0.0, 0.0, 0.0, 0.0, 0.0, 0.0, 0.0, 0.0, 0.0, 0.0, 0.0, 0.0, 0.0, 0.0, 0.0, 0.0, 0.0, 0.0, 0.0, 0.0, 0.0, 0.0, 0.0, 0.010638297535479069, 0.0, 0.0, 0.0, 0.0, 0.2978723347187042, 0.0, 0.0, 0.0, 0.6914893388748169, 0.0, 0.0, 0.0, 0.0, 0.0, 0.0, 0.0, 0.0, 0.0, 0.0, 0.0, 0.0, 0.0, 0.0, 0.0, 0.0, 0.0, 0.0, 0.0, 0.0, 0.0, 0.0, 0.0, 0.0, 0.0, 0.0, 0.0, 0.0, 0.0, 0.0, 0.0, 0.0, 0.0, 0.0, 0.0, 0.0, 0.0, 0.0, 0.0, 0.0, 0.0, 0.0, 0.0, 0.0, 0.0, 0.0, 0.0, 0.0, 0.0, 0.0, 0.0, 0.0, 0.0, 0.0, 0.0, 0.0, 0.0, 0.0, 0.0, 0.0, 0.0, 0.0, 0.0, 0.0, 0.0, 0.0, 0.0, 0.0, 0.0, 0.0, 0.0, 0.0, 0.0, 0.0, 0.0, 0.0, 0.0, 0.0, 0.0, 0.0, 0.0, 0.0, 0.0, 0.0, 0.0, 0.0, 0.0, 0.0], "tonal.chords_histogram": [18.36998748779297, 1.4230271577835083, 12.289779663085938, 10.737386703491211, 7.503234386444092, 18.887451171875, 0.7761966586112976, 1.293661117553711, 0.0, 0.0, 4.786545753479004, 0.0, 12.677878379821777, 0.0, 0.0, 1.034928798675537, 0.0, 6.5976715087890625, 0.0, 2.587322235107422, 0.0, 0.0, 1.034928798675537, 0.0], "tonal.thpcp": [1.0, 0.7897605299949646, 0.5968143343925476, 0.518319845199585, 0.43099507689476013, 0.4351634979248047, 0.4380899965763092, 0.37880128622055054, 0.35025838017463684, 0.36357560753822327, 0.5126431584358215, 0.8193705677986145, 0.7810982465744019, 0.42695164680480957, 0.2980968654155731, 0.34195035696029663, 0.45938536524772644, 0.6955810785293579, 0.7451634407043457, 0.5374228358268738, 0.6213208436965942, 0.773386538028717, 0.5114883780479431, 0.2723095118999481, 0.2574385702610016, 0.25961196422576904, 0.35140132904052734, 0.36748531460762024, 0.2984720766544342, 0.3200380504131317, 0.3395003378391266, 0.3072599768638611, 0.3367064893245697, 0.38841700553894043, 0.506269633769989, 0.8397371768951416], "lowlevel.gfcc.cov": [[2543.622314453125, -780.0808715820312, 197.03793334960938, -251.62750244140625, -319.200439453125, 138.5294189453125, -350.2875671386719, -55.94072723388672, 55.75395202636719, 160.0657958984375, 161.29177856445312, 149.1088409423828, -114.65811157226562], [-780.0808715820312, 1388.863037109375, -440.173828125, -10.537909507751465, 157.19432067871094, -298.2540588378906, 251.6911163330078, 62.7400016784668, 58.21004104614258, -37.86838912963867, -3.3205840587615967, -63.938472747802734, 106.86849212646484], [197.03793334960938, -440.173828125, 545.3501586914062, 40.05641555786133, -13.882458686828613, 104.69210815429688, -64.83431243896484, 23.903690338134766, -39.184593200683594, -32.67949676513672, -31.39373207092285, 33.85684585571289, -19.643226623535156], [-251.62750244140625, -10.537909507751465, 40.05641555786133, 269.76812744140625, 72.00186920166016, 64.08670806884766, 41.978050231933594, 8.627883911132812, -4.820237159729004, -35.213863372802734, -20.395315170288086, -31.76465606689453, 32.119930267333984], [-319.200439453125, 157.19432067871094, -13.882458686828613, 72.00186920166016, 221.34957885742188, 23.682281494140625, 117.97411346435547, 32.2654914855957, -3.7543110847473145, -31.914154052734375, -52.974300384521484, -32.36109161376953, 32.80763626098633], [138.5294189453125, -298.2540588378906, 104.69210815429688, 64.08670806884766, 23.682281494140625, 262.9862976074219, 39.5128173828125, 35.757022857666016, -5.868931293487549, 0.0971856489777565, -2.1643028259277344, -9.149535179138184, -27.689420700073242], [-350.2875671386719, 251.6911163330078, -64.83431243896484, 41.978050231933594, 117.97411346435547, 39.5128173828125, 247.8441619873047, 88.38695526123047, -1.0358688831329346, -41.25449752807617, -44.65445327758789, -38.014183044433594, 33.73188400268555], [-55.94072723388672, 62.7400016784668, 23.903690338134766, 8.627883911132812, 32.2654914855957, 35.757022857666016, 88.38695526123047, 121.17652130126953, 47.50481033325195, 14.39819622039795, -10.194717407226562, -7.279550075531006, 12.134139060974121], [55.75395202636719, 58.21004104614258, -39.184593200683594, -4.820237159729004, -3.7543110847473145, -5.868931293487549, -1.0358688831329346, 47.50481033325195, 105.15538024902344, 64.03836822509766, 39.79909133911133, 7.802374362945557, -3.9399120807647705], [160.0657958984375, -37.86838912963867, -32.67949676513672, -35.213863372802734, -31.914154052734375, 0.0971856489777565, -41.25449752807617, 14.39819622039795, 64.03836822509766, 103.61743927001953, 67.66019439697266, 30.726484298706055, -15.458759307861328], [161.29177856445312, -3.3205840587615967, -31.39373207092285, -20.395315170288086, -52.974300384521484, -2.1643028259277344, -44.65445327758789, -10.194717407226562, 39.79909133911133, 67.66019439697266, 99.33757781982422, 48.64546585083008, -4.748639106750488], [149.1088409423828, -63.938472747802734, 33.85684585571289, -31.76465606689453, -32.36109161376953, -9.149535179138184, -38.014183044433594, -7.279550075531006, 7.802374362945557, 30.726484298706055, 48.64546585083008, 74.6256103515625, 22.759275436401367], [-114.65811157226562, 106.86849212646484, -19.643226623535156, 32.119930267333984, 32.80763626098633, -27.689420700073242, 33.73188400268555, 12.134139060974121, -3.9399120807647705, -15.458759307861328, -4.748639106750488, 22.759275436401367, 71.7515640258789]], "lowlevel.gfcc.icov": [[0.0006800171104259789, 0.00011004327825503424, 9.10314884094987e-06, 0.0004129688022658229, 0.00034015675191767514, -0.00041817844612523913, 0.0005418280488811433, -0.0001503082603449002, -0.00019118505588266999, -4.925942266709171e-05, -0.00012235560279805213, -0.0007367731304839253, 0.0003986586525570601], [0.00011004327825503424, 0.0022031578700989485, 0.0007521130610257387, 0.0005181977176107466, -0.0007813791162334383, 0.002205224707722664, -0.0013599724043160677, -0.0005066120647825301, -0.0008660221355967224, 0.0017973431386053562, -0.003068481106311083, 0.0026692065875977278, -0.0019084003288298845], [9.10314884094987e-06, 0.0007521130610257387, 0.003089461475610733, -0.0005684058414772153, -0.0005249214009381831, 3.8109064917080104e-05, 0.0010301335714757442, -0.0022720848210155964, 0.0006446037441492081, 0.0017094790237024426, 0.0007627529557794333, -0.0026456695050001144, 0.0014426232082769275], [0.0004129688022658229, 0.0005181977176107466, -0.0005684058414772153, 0.005816994234919548, -0.0010636800434440374, -0.0012707806890830398, 0.0005213884869590402, 0.0006550655816681683, -0.0013124807737767696, 0.0020254391711205244, -0.003503211075440049, 0.00508952047675848, -0.0047133686020970345], [0.00034015675191767514, -0.0007813791162334383, -0.0005249214009381831, -0.0010636800434440374, 0.007861667312681675, -0.0013501684879884124, -0.0024848361499607563, 0.0020173625089228153, -0.000893085787538439, -0.002759711118414998, 0.004967780783772469, -0.0010194487404078245, -0.0012403408763930202], [-0.00041817844612523913, 0.002205224707722664, 3.8109064917080104e-05, -0.0012707806890830398, -0.0013501684879884124, 0.007803779561072588, -0.0027971670497208834, -0.0018548378720879555, 0.0006914774421602488, 0.0012171495473012328, -0.0037406717892736197, 0.0024428528267890215, 0.0011618876596912742], [0.0005418280488811433, -0.0013599724043160677, 0.0010301335714757442, 0.0005213884869590402, -0.0024848361499607563, -0.0027971670497208834, 0.010878029279410839, -0.007035577669739723, 0.0026843948289752007, 0.0022015292197465897, -0.0003461491141933948, 8.849938603816554e-05, -0.0003566953237168491], [-0.0001503082603449002, -0.0005066120647825301, -0.0022720848210155964, 0.0006550655816681683, 0.0020173625089228153, -0.0018548378720879555, -0.007035577669739723, 0.018630143254995346, -0.008944997563958168, -0.0035598266404122114, 0.005437101703137159, -0.00026410043938085437, -0.002696667332202196], [-0.00019118505588266999, -0.0008660221355967224, 0.0006446037441492081, -0.0013124807737767696, -0.000893085787538439, 0.0006914774421602488, 0.0026843948289752007, -0.008944997563958168, 0.02158881537616253, -0.010483011603355408, -0.0027335486374795437, 0.0026449605356901884, 0.0005813240422867239], [-4.925942266709171e-05, 0.0017973431386053562, 0.0017094790237024426, 0.0020254391711205244, -0.002759711118414998, 0.0012171495473012328, 0.0022015292197465897, -0.0035598266404122114, -0.010483011603355408, 0.028859427198767662, -0.014722904190421104, -0.0006454991525970399, 0.002976617543026805], [-0.00012235560279805213, -0.003068481106311083, 0.0007627529557794333, -0.003503211075440049, 0.004967780783772469, -0.0037406717892736197, -0.0003461491141933948, 0.005437101703137159, -0.0027335486374795437, -0.014722904190421104, 0.0339425690472126, -0.02007652260363102, 0.00697245541960001], [-0.0007367731304839253, 0.0026692065875977278, -0.0026456695050001144, 0.00508952047675848, -0.0010194487404078245, 0.0024428528267890215, 8.849938603816554e-05, -0.00026410043938085437, 0.0026449605356901884, -0.0006454991525970399, -0.02007652260363102, 0.039788130670785904, -0.02068682760000229], [0.0003986586525570601, -0.0019084003288298845, 0.0014426232082769275, -0.0047133686020970345, -0.0012403408763930202, 0.0011618876596912742, -0.0003566953237168491, -0.002696667332202196, 0.0005813240422867239, 0.002976617543026805, 0.00697245541960001, -0.02068682760000229, 0.029257042333483696]], "lowlevel.mfcc.cov": [[2454.940673828125, -571.085205078125, 195.57379150390625, -422.4432373046875, 0.6220589280128479, -26.06792640686035, -252.64405822753906, -148.1800994873047, -264.7611999511719, -51.994327545166016, 120.1402587890625, 52.26669692993164, 120.98359680175781], [-571.085205078125, 1179.709716796875, -433.2420654296875, 221.81312561035156, -161.1603546142578, -157.90469360351562, 49.23051452636719, 8.292634963989258, 137.2244110107422, -5.267270565032959, -57.99842071533203, 75.20472717285156, 22.952674865722656], [195.57379150390625, -433.2420654296875, 497.4535827636719, -84.57623291015625, 89.332763671875, 23.007402420043945, -20.94249725341797, 22.103626251220703, -52.747772216796875, -19.886770248413086, 3.5712058544158936, -29.3221492767334, 13.44491195678711], [-422.4432373046875, 221.81312561035156, -84.57623291015625, 278.74859619140625, 13.64748477935791, -9.777578353881836, 49.25373458862305, 26.976499557495117, 78.87760925292969, 8.199396133422852, -58.76844787597656, -9.522125244140625, -14.552295684814453], [0.6220589280128479, -161.1603546142578, 89.332763671875, 13.64748477935791, 152.32861328125, 58.349239349365234, -5.746895790100098, 4.338414192199707, -3.196866273880005, 14.691638946533203, 3.487685203552246, -21.611515045166016, -10.341224670410156], [-26.06792640686035, -157.90469360351562, 23.007402420043945, -9.777578353881836, 58.349239349365234, 140.32801818847656, 70.9894027709961, 40.373741149902344, 7.932236194610596, 18.586477279663086, 14.898801803588867, -16.041765213012695, -33.82655715942383], [-252.64405822753906, 49.23051452636719, -20.94249725341797, 49.25373458862305, -5.746895790100098, 70.9894027709961, 173.7955322265625, 101.03922271728516, 85.02144622802734, 21.220287322998047, -11.254922866821289, -12.22707748413086, -39.99660110473633], [-148.1800994873047, 8.292634963989258, 22.103626251220703, 26.976499557495117, 4.338414192199707, 40.373741149902344, 101.03922271728516, 119.2237777709961, 85.01299285888672, 31.05626106262207, -7.681249141693115, -8.110363006591797, -21.49750518798828], [-264.7611999511719, 137.2244110107422, -52.747772216796875, 78.87760925292969, -3.196866273880005, 7.932236194610596, 85.02144622802734, 85.01299285888672, 146.36952209472656, 50.89785385131836, -10.145892143249512, 1.3061535358428955, -16.85208511352539], [-51.994327545166016, -5.267270565032959, -19.886770248413086, 8.199396133422852, 14.691638946533203, 18.586477279663086, 21.220287322998047, 31.05626106262207, 50.89785385131836, 79.7391586303711, 36.55823516845703, 14.496722221374512, -4.86152458190918], [120.1402587890625, -57.99842071533203, 3.5712058544158936, -58.76844787597656, 3.487685203552246, 14.898801803588867, -11.254922866821289, -7.681249141693115, -10.145892143249512, 36.55823516845703, 90.77151489257812, 39.80324172973633, 29.016345977783203], [52.26669692993164, 75.20472717285156, -29.3221492767334, -9.522125244140625, -21.611515045166016, -16.041765213012695, -12.22707748413086, -8.110363006591797, 1.3061535358428955, 14.496722221374512, 39.80324172973633, 76.22565460205078, 45.21270751953125], [120.98359680175781, 22.952674865722656, 13.44491195678711, -14.552295684814453, -10.341224670410156, -33.82655715942383, -39.99660110473633, -21.49750518798828, -16.85208511352539, -4.86152458190918, 29.016345977783203, 45.21270751953125, 81.13785552978516]], "lowlevel.mfcc.icov": [[0.0006836886750534177, 0.0001800473255570978, 8.768124098423868e-05, 0.0006558310706168413, 8.177330164471641e-05, -6.463060708483681e-05, 0.000551255012396723, -0.0002579096471890807, 0.000489646103233099, 5.525077722268179e-05, -4.678742334363051e-05, -9.55969444476068e-05, -0.0006053823162801564], [0.0001800473255570978, 0.0021234701853245497, 0.0013014106079936028, -0.0005465837894007564, 0.0003715412167366594, 0.0019460258772596717, -0.0006385118467733264, 0.00024184316862374544, -0.0010019602486863732, 0.000880967068951577, 0.0006560128531418741, -0.0018949366640299559, 9.113651321968064e-05], [8.768124098423868e-05, 0.0013014106079936028, 0.0036015489604324102, 0.00032972509507089853, -0.0015642864163964987, 0.001806739834137261, -0.00019975853501819074, -0.002133943373337388, 0.0008493431960232556, 0.0009808808099478483, 0.0003894227265845984, -3.15566903736908e-05, -0.0010330461664125323], [0.0006558310706168413, -0.0005465837894007564, 0.00032972509507089853, 0.006386036518961191, -0.0015422923024743795, -0.00010226796439383179, -0.0006981919286772609, 0.0013898627366870642, -0.001609117491170764, -0.0010221233824267983, 0.0038654610980302095, -0.00027151528047397733, -0.0015742077957838774], [8.177330164471641e-05, 0.0003715412167366594, -0.0015642864163964987, -0.0015422923024743795, 0.010464915074408054, -0.005197345279157162, 0.0029627277981489897, 0.0008306149975396693, -0.0011696189176291227, -0.0016687051393091679, -8.67478593136184e-06, 0.002099487464874983, -0.0009066190104931593], [-6.463060708483681e-05, 0.0019460258772596717, 0.001806739834137261, -0.00010226796439383179, -0.005197345279157162, 0.016015734523534775, -0.007209332659840584, -0.001449347473680973, 0.0031581823714077473, -0.00019730121130123734, -0.002290355274453759, -0.0015976137947291136, 0.0036583428736776114], [0.000551255012396723, -0.0006385118467733264, -0.00019975853501819074, -0.0006981919286772609, 0.0029627277981489897, -0.007209332659840584, 0.01716495119035244, -0.009670798666775227, -0.0030797249637544155, 0.0037255208007991314, -0.0018588504754006863, -0.0003024848992936313, 0.0029545556753873825], [-0.0002579096471890807, 0.00024184316862374544, -0.002133943373337388, 0.0013898627366870642, 0.0008306149975396693, -0.001449347473680973, -0.009670798666775227, 0.02434709668159485, -0.009558477438986301, -0.002910481533035636, 0.0029737623408436775, 0.00013272621436044574, -0.0011928355088457465], [0.000489646103233099, -0.0010019602486863732, 0.0008493431960232556, -0.001609117491170764, -0.0011696189176291227, 0.0031581823714077473, -0.0030797249637544155, -0.009558477438986301, 0.020267369225621223, -0.009476985782384872, 0.0021624905057251453, 0.0006792438798584044, -0.0012692863820120692], [5.525077722268179e-05, 0.000880967068951577, 0.0009808808099478483, -0.0010221233824267983, -0.0016687051393091679, -0.00019730121130123734, 0.0037255208007991314, -0.002910481533035636, -0.009476985782384872, 0.025799259543418884, -0.01193329319357872, -0.0025882511399686337, 0.005380246788263321], [-4.678742334363051e-05, 0.0006560128531418741, 0.0003894227265845984, 0.0038654610980302095, -8.67478593136184e-06, -0.002290355274453759, -0.0018588504754006863, 0.0029737623408436775, 0.0021624905057251453, -0.01193329319357872, 0.024586599320173264, -0.00