{"song_id": "1183706738587881582", "download": "https://cdn.discordapp.com/attachments/1128313332273782784/1183706738587881582/chirp.mp4?ex=65894fce&amp", "lyrics": "[Verse]\nNassim avait une crini\u00e8re de feu\nBeau et fier, ses cheveux comme un adieu\nMais un jour, la calvitie a fait son jeu\nIl est devenu chauve, par-dessus les cieux\n\n[Chorus]\nNassim qui devient chauve, reste un homme fort\nSes cheveux sont partis, mais son charme est encore plus fort\nLaisse briller ton cr\u00e2ne, Nassim mon ami\nT'es toujours aussi beau, avec ou sans cette vie", "style": ["Rap</span><span>, Fran\u00e7ais"], "essentia_features": {"lowlevel.average_loudness": 0.32018229365348816, "lowlevel.barkbands_crest.mean": 12.650625228881836, "lowlevel.barkbands_crest.stdev": 4.171113014221191, "lowlevel.barkbands_flatness_db.mean": 0.25164690613746643, "lowlevel.barkbands_flatness_db.stdev": 0.07314170897006989, "lowlevel.barkbands_kurtosis.mean": 14.859545707702637, "lowlevel.barkbands_kurtosis.stdev": 23.667470932006836, "lowlevel.barkbands_skewness.mean": 2.3245081901550293, "lowlevel.barkbands_skewness.stdev": 2.411860227584839, "lowlevel.barkbands_spread.mean": 14.663970947265625, "lowlevel.barkbands_spread.stdev": 12.584890365600586, "lowlevel.dissonance.mean": 0.45946642756462097, "lowlevel.dissonance.stdev": 0.05095887929201126, "lowlevel.dynamic_complexity": 7.518411159515381, "lowlevel.erbbands_crest.mean": 13.848176002502441, "lowlevel.erbbands_crest.stdev": 6.665834903717041, "lowlevel.erbbands_flatness_db.mean": 0.23906539380550385, "lowlevel.erbbands_flatness_db.stdev": 0.06392590701580048, "lowlevel.erbbands_kurtosis.mean": 3.0571439266204834, "lowlevel.erbbands_kurtosis.stdev": 8.249109268188477, "lowlevel.erbbands_skewness.mean": -0.18215180933475494, "lowlevel.erbbands_skewness.stdev": 1.4290844202041626, "lowlevel.erbbands_spread.mean": 34.66559982299805, "lowlevel.erbbands_spread.stdev": 18.948923110961914, "lowlevel.hfc.mean": 7.512685298919678, "lowlevel.hfc.stdev": 16.214738845825195, "lowlevel.loudness_ebu128.integrated": -25.5497989654541, "lowlevel.loudness_ebu128.loudness_range": 7.083339691162109, "lowlevel.loudness_ebu128.momentary.mean": -30.240365982055664, "lowlevel.loudness_ebu128.momentary.stdev": 7.784233570098877, "lowlevel.loudness_ebu128.short_term.mean": -26.835847854614258, "lowlevel.loudness_ebu128.short_term.stdev": 2.6150286197662354, "lowlevel.melbands_crest.mean": 18.247594833374023, "lowlevel.melbands_crest.stdev": 6.128643035888672, "lowlevel.melbands_flatness_db.mean": 0.31929999589920044, "lowlevel.melbands_flatness_db.stdev": 0.11349277943372726, "lowlevel.melbands_kurtosis.mean": 31.315933227539062, "lowlevel.melbands_kurtosis.stdev": 42.10408020019531, "lowlevel.melbands_skewness.mean": 3.737987518310547, "lowlevel.melbands_skewness.stdev": 2.6966893672943115, "lowlevel.melbands_spread.mean": 22.602737426757812, "lowlevel.melbands_spread.stdev": 31.289960861206055, "lowlevel.pitch_salience.mean": 0.49470096826553345, "lowlevel.pitch_salience.stdev": 0.17390920221805573, "lowlevel.silence_rate_20dB.mean": 1.0, "lowlevel.silence_rate_20dB.stdev": 0.0, "lowlevel.silence_rate_30dB.mean": 0.9982618689537048, "lowlevel.silence_rate_30dB.stdev": 0.041654929518699646, "lowlevel.silence_rate_60dB.mean": 0.44032445549964905, "lowlevel.silence_rate_60dB.stdev": 0.4964221715927124, "lowlevel.spectral_centroid.mean": 1177.81103515625, "lowlevel.spectral_centroid.stdev": 1226.0543212890625, "lowlevel.spectral_complexity.mean": 6.702201843261719, "lowlevel.spectral_complexity.stdev": 8.618026733398438, "lowlevel.spectral_decrease.mean": -2.1580575104707123e-09, "lowlevel.spectral_decrease.stdev": 3.791297054078768e-09, "lowlevel.spectral_energy.mean": 0.008826428093016148, "lowlevel.spectral_energy.stdev": 0.015389938838779926, "lowlevel.spectral_energyband_high.mean": 0.0002653318806551397, "lowlevel.spectral_energyband_high.stdev": 0.0011687775840982795, "lowlevel.spectral_energyband_low.mean": 0.002382727339863777, "lowlevel.spectral_energyband_low.stdev": 0.004137741401791573, "lowlevel.spectral_energyband_middle_high.mean": 0.0021213807631284, "lowlevel.spectral_energyband_middle_high.stdev": 0.005065279081463814, "lowlevel.spectral_energyband_middle_low.mean": 0.004546694923192263, "lowlevel.spectral_energyband_middle_low.stdev": 0.011538966558873653, "lowlevel.spectral_entropy.mean": 6.88542366027832, "lowlevel.spectral_entropy.stdev": 0.7091702222824097, "lowlevel.spectral_flux.mean": 0.0474870391190052, "lowlevel.spectral_flux.stdev": 0.04335873946547508, "lowlevel.spectral_kurtosis.mean": 7.994357109069824, "lowlevel.spectral_kurtosis.stdev": 6.1939473152160645, "lowlevel.spectral_rms.mean": 0.002261615823954344, "lowlevel.spectral_rms.stdev": 0.001869821222499013, "lowlevel.spectral_rolloff.mean": 1354.96923828125, "lowlevel.spectral_rolloff.stdev": 2153.719482421875, "lowlevel.spectral_skewness.mean": 1.7381112575531006, "lowlevel.spectral_skewness.stdev": 0.9753647446632385, "lowlevel.spectral_spread.mean": 3402871.75, "lowlevel.spectral_spread.stdev": 3056743.75, "lowlevel.spectral_strongpeak.mean": 0.5234488844871521, "lowlevel.spectral_strongpeak.stdev": 0.8894484043121338, "lowlevel.zerocrossingrate.mean": 0.0479559525847435, "lowlevel.zerocrossingrate.stdev": 0.06249144300818443, "metadata.audio_properties.analysis.equal_loudness": 0.0, "metadata.audio_properties.analysis.length": 40.04265213012695, "metadata.audio_properties.analysis.sample_rate": 44100.0, "metadata.audio_properties.analysis.start_time": 0.0, "metadata.audio_properties.bit_rate": 119071.0, "metadata.audio_properties.length": 40.042667388916016, "metadata.audio_properties.lossless": 0.0, "metadata.audio_properties.number_channels": 1.0, "metadata.audio_properties.replay_gain": -5.191186904907227, "metadata.audio_properties.sample_rate": 48000.0, "rhythm.beats_count": 67.0, "rhythm.beats_loudness.mean": 0.013412871398031712, "rhythm.beats_loudness.stdev": 0.01747261732816696, "rhythm.bpm": 105.03671264648438, "rhythm.bpm_histogram_first_peak_bpm": 105.0, "rhythm.bpm_histogram_first_peak_weight": 0.5483871102333069, "rhythm.bpm_histogram_second_peak_bpm": 99.0, "rhythm.bpm_histogram_second_peak_spread": 0.23076921701431274, "rhythm.bpm_histogram_second_peak_weight": 0.1515151560306549, "rhythm.danceability": 1.0610698461532593, "rhythm.onset_rate": 3.62007474899292, "tonal.chords_changes_rate": 0.07754629850387573, "tonal.chords_number_rate": 0.013888888992369175, "tonal.chords_strength.mean": 0.4613722264766693, "tonal.chords_strength.stdev": 0.08246465027332306, "tonal.hpcp_crest.mean": 12.155731201171875, "tonal.hpcp_crest.stdev": 5.224878787994385, "tonal.hpcp_entropy.mean": 2.121598482131958, "tonal.hpcp_entropy.stdev": 0.766910195350647, "tonal.key_edma.strength": 0.42896533012390137, "tonal.key_krumhansl.strength": 0.4194626808166504, "tonal.key_temperley.strength": 0.4210607409477234, "tonal.tuning_diatonic_strength": 0.47769755125045776, "tonal.tuning_equal_tempered_deviation": 0.34792450070381165, "tonal.tuning_frequency": 431.19390869140625, "tonal.tuning_nontempered_energy_ratio": 0.9410814046859741, "lowlevel.barkbands.mean": [2.8667969672824256e-05, 0.0007137136999517679, 0.0011683834018185735, 0.0007531627779826522, 0.002072327770292759, 0.00113293610047549, 0.0003473199612926692, 0.00017456954810768366, 4.59128241345752e-05, 3.999411273980513e-05, 0.00018962190370075405, 0.0003032177046407014, 0.00018690065189730376, 0.00018386318697594106, 0.00016375715495087206, 0.00015923994942568243, 0.00029995039221830666, 0.00010860561451409012, 0.00029899596120230854, 0.0002470234758220613, 9.374953515361995e-05, 7.297925185412169e-05, 2.9076391001581214e-05, 1.1648655345197767e-05, 6.668931291642366e-07, 1.4897203470809472e-07, 6.6745085014474625e-09], "lowlevel.barkbands.stdev": [0.0002215682907262817, 0.0014126149471849203, 0.002511646132916212, 0.0013128500431776047, 0.007055017165839672, 0.004223829600960016, 0.0016408791998401284, 0.001190149923786521, 0.0003463066241238266, 0.00044313844409771264, 0.0006734255002811551, 0.0011740050977095962, 0.0014183863531798124, 0.0009272603783756495, 0.0006845484022051096, 0.0007290719076991081, 0.0011801155051216483, 0.0005889006424695253, 0.00096505181863904, 0.0008527969475835562, 0.000528154312632978, 0.00036845385329797864, 0.00013190106255933642, 6.142922939034179e-05, 3.394290615688078e-06, 1.428697487426689e-06, 2.6273115238950595e-08], "lowlevel.erbbands.mean": [0.008175626397132874, 0.2121402621269226, 1.1968494653701782, 2.24526047706604, 2.279256820678711, 6.975601673126221, 13.964286804199219, 8.956174850463867, 5.507436275482178, 5.640656471252441, 2.444532871246338, 1.2320497035980225, 1.3246850967407227, 1.9953954219818115, 14.485533714294434, 8.241837501525879, 7.922548770904541, 9.984318733215332, 9.344898223876953, 8.24909782409668, 10.27759838104248, 17.147573471069336, 7.4624810218811035, 7.70758056640625, 20.966045379638672, 10.649118423461914, 4.048366069793701, 3.7689716815948486, 3.004079580307007, 1.0994689464569092, 0.7746477127075195, 0.47307083010673523, 0.09290514141321182, 0.013906685635447502, 0.0028342860750854015, 0.0009683603420853615, 0.00023089027672540396, 3.094990097451955e-05, 6.2530848481401335e-06, 1.083541883417638e-05], "lowlevel.erbbands.stdev": [0.01940939575433731, 0.4129127860069275, 2.433176279067993, 3.7606308460235596, 6.60776424407959, 27.04410743713379, 48.10805130004883, 34.77587890625, 20.881540298461914, 32.549659729003906, 17.92849349975586, 9.615612983703613, 15.222902297973633, 10.399615287780762, 44.99124526977539, 35.34331512451172, 60.986534118652344, 52.55963897705078, 40.83749771118164, 41.1064567565918, 42.504127502441406, 66.3750991821289, 39.87953567504883, 26.446121215820312, 70.56035614013672, 35.19286346435547, 18.387149810791016, 21.73902130126953, 15.226785659790039, 5.617104530334473, 3.6138741970062256, 2.4642937183380127, 0.42748144268989563, 0.05887521803379059, 0.01966281421482563, 0.008353861048817635, 0.0023337157908827066, 0.0002584400644991547, 1.0732503142207861e-05, 1.8536982679506764e-05], "lowlevel.gfcc.mean": [-209.5263671875, 117.1738510131836, -115.6160659790039, 58.11355209350586, -28.13337516784668, 6.903900623321533, -35.127254486083984, -14.276378631591797, -34.652896881103516, -16.15822982788086, -2.761023998260498, -5.5411224365234375, -9.999918937683105], "lowlevel.melbands.mean": [0.00013418146409094334, 0.0005205300403758883, 0.00037661317037418485, 0.00029172119684517384, 0.0005024244310334325, 0.00019396036805119365, 8.399741636822e-05, 5.8677687775343657e-05, 1.5927140339044854e-05, 7.258774076035479e-06, 6.283069524215534e-06, 5.8552486734697595e-06, 3.723605186678469e-05, 4.1017246985575184e-05, 1.2091220014553983e-05, 2.094295632559806e-05, 1.7807984477258287e-05, 1.5344303392339498e-05, 1.171513486042386e-05, 1.0056932296720333e-05, 1.238885033671977e-05, 1.90828232007334e-05, 1.0618457963573746e-05, 4.513325166044524e-06, 5.745157523051603e-06, 1.2784281352651305e-05, 1.5866691683186218e-05, 4.936619006912224e-06, 2.3560162389912875e-06, 2.2926235487830127e-06, 2.1514536001632223e-06, 2.02669320970017e-06, 8.421399115832173e-07, 5.120128889757325e-07, 4.2777256226145255e-07, 4.68325254132651e-07, 2.0814233891996992e-07, 7.002273605394294e-08, 2.0263383859742135e-08, 7.29205673621891e-09], "lowlevel.melbands.stdev": [0.0002730601408984512, 0.00099045573733747, 0.0006006598705425858, 0.0010911087738350034, 0.0016996178310364485, 0.0007453939178958535, 0.00032542942790314555, 0.00035175104858353734, 0.00011889800225617364, 6.0664497141260654e-05, 7.567957800347358e-05, 3.807679968304001e-05, 0.00011562952568056062, 0.00014345555973704904, 8.945365698309615e-05, 0.00016509562556166202, 9.55937648541294e-05, 7.455074955942109e-05, 5.391325612436049e-05, 5.025362042943016e-05, 5.2305775170680135e-05, 7.281526632141322e-05, 6.497232971014455e-05, 1.9253224309068173e-05, 2.1608771930914372e-05, 4.3397896661190316e-05, 5.501856139744632e-05, 1.795120806491468e-05, 1.0470214874658268e-05, 1.4270783140091226e-05, 1.2007782970613334e-05, 1.0272888175677508e-05, 5.123518803884508e-06, 2.403996404609643e-06, 1.995891807382577e-06, 2.382238562859129e-06, 1.1350236945872894e-06, 3.3083631478803e-07, 8.764662595694972e-08, 3.590394470620595e-08], "lowlevel.melbands128.mean": [2.2511199858854525e-05, 3.635865141404793e-05, 0.00012419463018886745, 0.00042084144661203027, 0.0005968543700873852, 0.0005664512282237411, 0.000494704523589462, 0.0003178839397151023, 0.0002008713927352801, 0.0001837836898630485, 0.00036626632208935916, 0.0007302727899514139, 0.000551961362361908, 0.00021318807557690889, 0.0002104500454152003, 0.00018808447930496186, 8.302192145492882e-05, 7.186343282228336e-05, 7.155210914788768e-05, 6.662117812084034e-05, 5.610949301626533e-05, 2.4173385099857114e-05, 1.0369696610723622e-05, 6.195118203322636e-06, 8.23127538751578e-06, 7.5730099524662364e-06, 4.887069280812284e-06, 9.135793334280606e-06, 3.7651420825568493e-06, 3.7779418562422507e-06, 6.236289209482493e-06, 1.0426948392705526e-05, 2.2078924303059466e-05, 7.309969805646688e-05, 7.238138641696423e-05, 1.907744081108831e-05, 1.2172982678748667e-05, 1.0621484761941247e-05, 1.252018591912929e-05, 1.7257831132155843e-05, 2.5460078177275136e-05, 2.1980995370540768e-05, 1.7142267097369768e-05, 1.7004271285259165e-05, 1.4849024410068523e-05, 1.64408211276168e-05, 1.379155037284363e-05, 1.1138427908008453e-05, 1.0628744348650798e-05, 1.22782139442279e-05, 9.003578270494472e-06, 8.698242709215265e-06, 1.2610576050064992e-05, 1.1922674275410827e-05, 1.6701036656741053e-05, 2.2403550246963277e-05, 1.9543962480383925e-05, 1.2732457435049582e-05, 7.591710982524091e-06, 5.18725346410065e-06, 4.355508735898184e-06, 3.7715090002166107e-06, 4.927514510200126e-06, 6.258757366595091e-06, 7.105652457539691e-06, 1.0114848009834532e-05, 1.8144983187085018e-05, 2.1375110009103082e-05, 1.4842973541817628e-05, 9.669789506006055e-06, 4.575585080601741e-06, 2.7554365260584746e-06, 2.382731054240139e-06, 2.270536469950457e-06, 2.3252378014149144e-06, 2.318288579772343e-06, 2.2573215119336965e-06, 2.2934293610887835e-06, 1.9084616269537946e-06, 2.1659543563146144e-06, 2.7401929401094094e-06, 1.6682497516740113e-06, 1.1606001635300345e-06, 7.202670531114563e-07, 6.451106742133561e-07, 4.9651418976282e-07, 4.864285756411846e-07, 4.858815145780682e-07, 4.1654953975012177e-07, 3.6005272363581753e-07, 5.347923206500127e-07, 5.026868166169152e-07, 3.601369087391504e-07, 2.181033806891719e-07, 1.011402375183934e-07, 8.576552090744372e-08, 7.036015858830069e-08, 3.735008036187537e-08, 1.643282665497736e-08, 1.4435898698650362e-08, 1.0700787811401824e-08, 5.47467804423718e-09, 3.951305060923005e-09, 2.982373903392954e-09, 3.0146072305115013e-09, 2.333445880964291e-09, 1.939958194085989e-09, 1.8832899684184667e-09, 1.4642730361558165e-09, 1.5662912078440172e-09, 1.0617714485405827e-09, 9.394450772859386e-10, 6.480437853007004e-10, 2.8741953261857134e-10, 3.7357383853020565e-10, 2.6482693815665925e-10, 2.0939201761382975e-10, 5.847265033276372e-11, 1.2053166624503842e-11, 1.9763396648386777e-12, 1.9349433080101397e-12, 1.758508269555925e-12, 1.6626476671138812e-12, 1.6203036091663736e-12, 1.462967984602881e-12, 1.2043669013472869e-12, 1.0652021799339995e-12, 1.0408077394732929e-12], "lowlevel.melbands128.stdev": [0.00015520396118517965, 0.0001473372831242159, 0.00028606472187675536, 0.0008434425108134747, 0.0012419652193784714, 0.0012455872492864728, 0.0008928165771067142, 0.0006389447953552008, 0.0006944831111468375, 0.0012322083348408341, 0.0016725017921999097, 0.0027421852573752403, 0.002037603873759508, 0.0011129494523629546, 0.0010029235854744911, 0.0007141187088564038, 0.0003448172938078642, 0.00039704813389107585, 0.00041691053775139153, 0.0004412909911479801, 0.00039237982127815485, 0.0002212403924204409, 0.00010247487080050632, 4.006354356533848e-05, 7.357182039413601e-05, 8.46885668579489e-05, 4.128437285544351e-05, 0.00014550573541782796, 3.6741643270943314e-05, 2.5656050638644956e-05, 5.073854117654264e-05, 6.761381519027054e-05, 0.00010270106577081606, 0.0002583923051133752, 0.0002941480197478086, 0.00010430769179947674, 0.00010639760876074433, 8.143736340571195e-05, 0.00011638789874268696, 0.00017532591300550848, 0.00022917852038517594, 0.00013672406203113496, 0.00010999656660715118, 0.00010807524813571945, 9.233557648258284e-05, 0.00010093284799950197, 6.455609400290996e-05, 5.6433160352753475e-05, 6.19748534518294e-05, 8.532112406101078e-05, 4.542367605608888e-05, 4.6347086026798934e-05, 6.653094897046685e-05, 5.377930938266218e-05, 7.358130096690729e-05, 8.640347368782386e-05, 8.281955524580553e-05, 9.255346958525479e-05, 6.565510557265952e-05, 2.9047021598671563e-05, 1.983407673833426e-05, 1.544607221148908e-05, 1.9637849618447945e-05, 2.6264924599672668e-05, 3.0289207643363625e-05, 3.8407353713409975e-05, 7.339231524383649e-05, 8.31921206554398e-05, 5.6643362768227234e-05, 3.680738518596627e-05, 1.9310076822876e-05, 1.1832510608655866e-05, 1.1187635209353175e-05, 1.0690276212699246e-05, 1.2476716619858053e-05, 1.365670050290646e-05, 1.990128293982707e-05, 1.4363329682964832e-05, 1.1720279871951789e-05, 1.0752621165011078e-05, 1.445862199034309e-05, 9.22516301216092e-06, 7.650131919945125e-06, 4.811440248886356e-06, 4.213662123220274e-06, 2.5631643438828178e-06, 2.199268237745855e-06, 2.2473063836514484e-06, 2.098608320011408e-06, 1.8292111008122447e-06, 2.7434398361947387e-06, 2.7489775220601587e-06, 2.1154962723812787e-06, 1.2591111726578674e-06, 5.262420472718077e-07, 4.0111771681949904e-07, 3.68873969591732e-07, 1.765547352761132e-07, 7.589740391722444e-08, 7.151869141353018e-08, 5.361865618169759e-08, 3.3602191251702607e-08, 2.3154241191036817e-08, 2.326402359642543e-08, 2.7532049529099822e-08, 2.186808423232378e-08, 1.7114430761466792e-08, 1.548960959496526e-08, 1.3391620257152681e-08, 1.7300079591109352e-08, 1.3206403970400515e-08, 1.218387524204445e-08, 8.919325722445137e-09, 2.707628565801201e-09, 6.498651394792887e-09, 3.32435945438192e-09, 1.027713691925669e-09, 2.0484115792474e-10, 5.342440725919495e-11, 9.470969147828967e-12, 1.0218670527806228e-11, 4.880579881211267e-12, 3.0692839762813673e-12, 3.017886938613823e-12, 2.9692366187300534e-12, 2.9335167107957805e-12, 2.906218451656506e-12, 2.890049094136926e-12], "lowlevel.mfcc.mean": [-848.3851318359375, 134.34730529785156, -7.732874870300293, 53.339576721191406, 24.28835678100586, 19.630661010742188, 11.08132553100586, 4.282952308654785, -16.686622619628906, -10.826143264770508, -14.760492324829102, -0.3041827976703644, 7.291433334350586], "lowlevel.spectral_contrast_coeffs.mean": [-0.6749036312103271, -0.7948033213615417, -0.7748031616210938, -0.8245058655738831, -0.8037049174308777, -0.7691323161125183], "lowlevel.spectral_contrast_coeffs.stdev": [0.08481091260910034, 0.0985887423157692, 0.09339134395122528, 0.06523290276527405, 0.06387567520141602, 0.08268055319786072], "lowlevel.spectral_contrast_valleys.mean": [-8.19332218170166, -9.139811515808105, -9.555069923400879, -9.369630813598633, -9.288071632385254, -12.792634010314941], "lowlevel.spectral_contrast_valleys.stdev": [1.843734860420227, 1.8962763547897339, 1.8072503805160522, 1.88987398147583, 2.099797010421753, 1.489672303199768], "rhythm.beats_loudness_band_ratio.mean": [0.5040006637573242, 0.22982539236545563, 0.049426764249801636, 0.09137341380119324, 0.08511058241128922, 0.06028025224804878], "rhythm.beats_loudness_band_ratio.stdev": [0.3726479411125183, 0.2810420095920563, 0.09800783544778824, 0.16139137744903564, 0.1562497764825821, 0.14130990207195282], "tonal.hpcp.mean": [0.11386146396398544, 0.12137206643819809, 0.11177194863557816, 0.09129532426595688, 0.08949165046215057, 0.0967562347650528, 0.09280228614807129, 0.08690066635608673, 0.10121675580739975, 0.12883278727531433, 0.16006572544574738, 0.1737111210823059, 0.16665808856487274, 0.15787579119205475, 0.12976650893688202, 0.10043950378894806, 0.19448375701904297, 0.34759604930877686, 0.26697102189064026, 0.12074492871761322, 0.09043754637241364, 0.0645211860537529, 0.05222230404615402, 0.06710635125637054, 0.09700574725866318, 0.11002520471811295, 0.11086367070674896, 0.10537031292915344, 0.09677650034427643, 0.0983208566904068, 0.10028565675020218, 0.09316827356815338, 0.08155427873134613, 0.06821295619010925, 0.08116697520017624, 0.10515225678682327], "tonal.hpcp.stdev": [0.23669816553592682, 0.23873022198677063, 0.2319813221693039, 0.19942161440849304, 0.2154567986726761, 0.22472885251045227, 0.22488069534301758, 0.20645491778850555, 0.2145490050315857, 0.25071829557418823, 0.25205308198928833, 0.2643219530582428, 0.2709001898765564, 0.2625032663345337, 0.24022841453552246, 0.2023542821407318, 0.2708543539047241, 0.41281837224960327, 0.3249281346797943, 0.22871729731559753, 0.19937072694301605, 0.15971025824546814, 0.12834027409553528, 0.16397449374198914, 0.216094508767128, 0.22428788244724274, 0.22218599915504456, 0.20198093354701996, 0.1860319972038269, 0.20329591631889343, 0.2194094955921173, 0.21347074210643768, 0.18666282296180725, 0.15766581892967224, 0.18076765537261963, 0.22238661348819733], "rhythm.beats_position": [0.5804988741874695, 1.1842176914215088, 1.7879364490509033, 2.4032652378082275, 3.0185940265655518, 3.633922815322876, 4.249251842498779, 4.794920444488525, 5.34058952331543, 5.874648571014404, 6.408707141876221, 6.942766189575195, 7.46521520614624, 7.987664222717285, 8.510112762451172, 9.044172286987305, 9.578230857849121, 10.112290382385254, 10.716009140014648, 11.308117866516113, 11.911836624145508, 12.515555381774902, 13.107664108276367, 13.676552772521973, 14.245442390441895, 14.8143310546875, 15.371609687805176, 15.917278289794922, 16.486167907714844, 17.055055618286133, 17.635555267333984, 18.204444885253906, 18.761722564697266, 19.307392120361328, 19.934329986572266, 20.561269760131836, 21.199817657470703, 21.826757431030273, 22.407255172729492, 22.987754821777344, 23.591472625732422, 24.171972274780273, 24.740861892700195, 25.332969665527344, 25.913469314575195, 26.493967056274414, 27.074466705322266, 27.631746292114258, 28.200634002685547, 28.7811336517334, 29.361631393432617, 29.93052101135254, 30.49941062927246, 31.06829833984375, 31.637187957763672, 32.206077575683594, 32.79818344116211, 33.36707305908203, 33.95918273925781, 34.66739273071289, 35.363990783691406, 36.06058883666992, 36.74557876586914, 37.407344818115234, 38.080726623535156, 38.75410461425781, 39.42748260498047], "rhythm.bpm_histogram": [0.0, 0.0, 0.0, 0.0, 0.0, 0.0, 0.0, 0.0, 0.0, 0.0, 0.0, 0.0, 0.0, 0.0, 0.0, 0.0, 0.0, 0.0, 0.0, 0.0, 0.0, 0.0, 0.0, 0.0, 0.0, 0.0, 0.0, 0.0, 0.0, 0.0, 0.0, 0.0, 0.0, 0.0, 0.0, 0.0, 0.0, 0.0, 0.0, 0.0, 0.0, 0.0, 0.0, 0.0, 0.0, 0.0, 0.0, 0.0, 0.0, 0.0, 0.0, 0.0, 0.0, 0.0, 0.0, 0.0, 0.0, 0.0, 0.0, 0.0, 0.0, 0.0, 0.0, 0.0, 0.0, 0.0, 0.0, 0.0, 0.0, 0.0, 0.0, 0.0, 0.0, 0.0, 0.0, 0.0, 0.0, 0.0, 0.0, 0.0, 0.0, 0.0, 0.0, 0.0, 0.0, 0.01515151560306549, 0.03030303120613098, 0.0, 0.01515151560306549, 0.04545454680919647, 0.0, 0.01515151560306549, 0.0, 0.0, 0.01515151560306549, 0.0, 0.04545454680919647, 0.0, 0.06060606241226196, 0.09090909361839294, 0.0, 0.07575757801532745, 0.0, 0.13636364042758942, 0.0, 0.21212121844291687, 0.0, 0.0, 0.04545454680919647, 0.0, 0.06060606241226196, 0.0, 0.09090909361839294, 0.0, 0.0, 0.04545454680919647, 0.0, 0.0, 0.0, 0.0, 0.0, 0.0, 0.0, 0.0, 0.0, 0.0, 0.0, 0.0, 0.0, 0.0, 0.0, 0.0, 0.0, 0.0, 0.0, 0.0, 0.0, 0.0, 0.0, 0.0, 0.0, 0.0, 0.0, 0.0, 0.0, 0.0, 0.0, 0.0, 0.0, 0.0, 0.0, 0.0, 0.0, 0.0, 0.0, 0.0, 0.0, 0.0, 0.0, 0.0, 0.0, 0.0, 0.0, 0.0, 0.0, 0.0, 0.0, 0.0, 0.0, 0.0, 0.0, 0.0, 0.0, 0.0, 0.0, 0.0, 0.0, 0.0, 0.0, 0.0, 0.0, 0.0, 0.0, 0.0, 0.0, 0.0, 0.0, 0.0, 0.0, 0.0, 0.0, 0.0, 0.0, 0.0, 0.0, 0.0, 0.0, 0.0, 0.0, 0.0, 0.0, 0.0, 0.0, 0.0, 0.0, 0.0, 0.0, 0.0, 0.0, 0.0, 0.0, 0.0, 0.0, 0.0, 0.0, 0.0, 0.0, 0.0, 0.0, 0.0, 0.0, 0.0, 0.0, 0.0, 0.0, 0.0, 0.0, 0.0, 0.0, 0.0, 0.0, 0.0, 0.0, 0.0, 0.0, 0.0, 0.0, 0.0, 0.0, 0.0, 0.0, 0.0, 0.0, 0.0, 0.0, 0.0, 0.0, 0.0, 0.0, 0.0], "tonal.chords_histogram": [1.2731481790542603, 0.0, 5.092592716217041, 17.70833396911621, 0.0, 1.0416666269302368, 0.0, 6.365740776062012, 4.282407283782959, 9.027777671813965, 0.3472222089767456, 0.0, 0.0, 0.0, 0.0, 0.0, 0.0, 6.018518447875977, 3.472222328186035, 0.0, 14.583333015441895, 22.800926208496094, 7.986111164093018, 0.0], "tonal.thpcp": [1.0, 0.7680496573448181, 0.3473713994026184, 0.2601800262928009, 0.18562117218971252, 0.15023848414421082, 0.19305844604969025, 0.27907609939575195, 0.31653180718421936, 0.31894397735595703, 0.30314013361930847, 0.27841657400131226, 0.28285953402519226, 0.28851208090782166, 0.2680360674858093, 0.2346237152814865, 0.19624203443527222, 0.23350948095321655, 0.3025127947330475, 0.3275683522224426, 0.3491756319999695, 0.32155701518058777, 0.26264774799346924, 0.25745877623558044, 0.2783582806587219, 0.26698315143585205, 0.25000476837158203, 0.2911907434463501, 0.3706393837928772, 0.4604935050010681, 0.4997499883174896, 0.47945910692214966, 0.4541932940483093, 0.3733256161212921, 0.2889546751976013, 0.5595108270645142], "lowlevel.gfcc.cov": [[19419.87109375, 1282.32666015625, -4029.677001953125, 2079.472412109375, -1372.154541015625, -1629.1552734375, -824.0223999023438, -861.316162109375, 571.5947875976562, -362.2915344238281, 845.186767578125, -562.8909912109375, 447.87274169921875], [1282.32666015625, 1856.0364990234375, 269.6465148925781, -626.6710205078125, 290.4662170410156, -95.54348754882812, 257.9834289550781, 122.03153991699219, -145.17745971679688, -148.04164123535156, 169.28070068359375, 48.09839630126953, 35.976741790771484], [-4029.677001953125, 269.6465148925781, 1995.2445068359375, -696.7095947265625, 652.1786499023438, 832.9334716796875, 578.8927001953125, 457.16046142578125, -290.56219482421875, -36.0037956237793, -363.9320068359375, 329.2303771972656, -163.03692626953125], [2079.472412109375, -626.6710205078125, -696.7095947265625, 1055.296142578125, -315.01397705078125, -428.758056640625, -366.5100402832031, -306.7489929199219, 240.3525848388672, -43.177276611328125, 109.64949035644531, -126.39523315429688, 193.1612548828125], [-1372.154541015625, 290.4662170410156, 652.1786499023438, -315.01397705078125, 614.543701171875, 426.29351806640625, 314.1513366699219, 204.42698669433594, -152.42518615722656, -83.76432800292969, -112.90624237060547, 192.11553955078125, -41.58485412597656], [-1629.1552734375, -95.54348754882812, 832.9334716796875, -428.758056640625, 426.29351806640625, 1126.3963623046875, 709.1851196289062, 369.49029541015625, -243.84451293945312, -99.99988555908203, -208.84274291992188, 284.55474853515625, -116.07486724853516], [-824.0223999023438, 257.9834289550781, 578.8927001953125, -366.5100402832031, 314.1513366699219, 709.1851196289062, 777.73828125, 326.1828308105469, -187.73056030273438, -146.7848663330078, -53.33376693725586, 220.871826171875, -50.30595397949219], [-861.316162109375, 122.03153991699219, 457.16046142578125, -306.7489929199219, 204.42698669433594, 369.49029541015625, 326.1828308105469, 327.80364990234375, -73.86032104492188, -7.714261054992676, -97.69416809082031, 127.53755187988281, -59.369422912597656], [571.5947875976562, -145.17745971679688, -290.56219482421875, 240.3525848388672, -152.42518615722656, -243.84451293945312, -187.73056030273438, -73.86032104492188, 261.42901611328125, 58.475460052490234, 25.822397232055664, -107.34053802490234, 58.50447463989258], [-362.2915344238281, -148.04164123535156, -36.0037956237793, -43.177276611328125, -83.76432800292969, -99.99988555908203, -146.7848663330078, -7.714261054992676, 58.475460052490234, 180.81207275390625, -37.67021179199219, -84.63558959960938, -65.11087036132812], [845.186767578125, 169.28070068359375, -363.9320068359375, 109.64949035644531, -112.90624237060547, -208.84274291992188, -53.33376693725586, -97.69416809082031, 25.822397232055664, -37.67021179199219, 219.34339904785156, -24.46141815185547, 71.04637908935547], [-562.8909912109375, 48.09839630126953, 329.2303771972656, -126.39523315429688, 192.11553955078125, 284.55474853515625, 220.871826171875, 127.53755187988281, -107.34053802490234, -84.63558959960938, -24.46141815185547, 216.97695922851562, 23.733675003051758], [447.87274169921875, 35.976741790771484, -163.03692626953125, 193.1612548828125, -41.58485412597656, -116.07486724853516, -50.30595397949219, -59.369422912597656, 58.50447463989258, -65.11087036132812, 71.04637908935547, 23.733675003051758, 153.6053466796875]], "lowlevel.gfcc.icov": [[0.00019326366600580513, -0.0004358935111667961, 0.0004041051142849028, -0.0005285646766424179, 0.0002633937692735344, -0.00014873479085508734, 5.975320527795702e-05, -0.00013557438796851784, -4.048744449391961e-05, 0.00020023027900606394, 0.0002937053795903921, -0.000313657452352345, 0.0005711778067052364], [-0.0004358935111667961, 0.0021978917066007853, -0.0010945656104013324, 0.002115479903295636, -0.0011093317298218608, 0.0009704350959509611, -0.000453224842203781, 9.951661922968924e-05, 0.00020291426335461438, 0.000513693958055228, -0.0016659909160807729, 0.0017300938488915563, -0.0020991109777241945], [0.0004041051142849028, -0.0010945656104013324, 0.0021914399694651365, -0.0010239140829071403, 9.687500278232619e-05, -0.00024547340581193566, -0.00010939723870251328, -0.0005508074536919594, 0.00022174908372107893, -3.933035941372509e-07, 0.0023048673756420612, -0.001743391272611916, 0.001402385183610022], [-0.0005285646766424179, 0.002115479903295636, -0.0010239140829071403, 0.00406966358423233, -0.0008021538960747421, 0.0006812766660004854, -0.00018248728883918375, 0.0012696700869128108, -0.0008277040324173868, 0.0008608305943198502, -0.0010163824772462249, 0.0015368639724329114, -0.003517362754791975], [0.0002633937692735344, -0.0011093317298218608, 9.687500278232619e-05, -0.0008021538960747421, 0.003590363310649991, -0.0007311595836654305, 0.00032243694295175374, -0.00028294441290199757, -5.8380861446494237e-05, 0.0007693435181863606, 0.0010732437949627638, -0.0018005610909312963, 0.001149258459918201], [-0.00014873479085508734, 0.0009704350959509611, -0.00024547340581193566, 0.0006812766660004854, -0.0007311595836654305, 0.003765060566365719, -0.0025683636777102947, 5.6533644965384156e-06, 0.0006026598275639117, -9.94350339169614e-05, 0.0014030361780896783, -0.0011094866786152124, 0.00014815916074439883], [5.975320527795702e-05, -0.000453224842203781, -0.00010939723870251328, -0.00018248728883918375, 0.00032243694295175374, -0.0025683636777102947, 0.0050359973683953285, -0.002572710858657956, 1.8820117475115694e-05, 0.0024465948808938265, -0.0019293823279440403, 0.00045347530976869166, 0.0006989052053540945], [-0.00013557438796851784, 9.951661922968924e-05, -0.0005508074536919594, 0.0012696700869128108, -0.00028294441290199757, 5.6533644965384156e-06, -0.002572710858657956, 0.008176295086741447, -0.0016743415035307407, -0.0021190743427723646, 0.0013992392923682928, -0.002225518459454179, -0.00012781735858879983], [-4.048744449391961e-05, 0.00020291426335461438, 0.00022174908372107893, -0.0008277040324173868, -5.8380861446494237e-05, 0.0006026598275639117, 1.8820117475115694e-05, -0.0016743415035307407, 0.00718638114631176, -0.0019723272416740656, 0.0006859804852865636, 0.0024627463426440954, -0.003125589108094573], [0.00020023027900606394, 0.000513693958055228, -3.933035941372509e-07, 0.0008608305943198502, 0.0007693435181863606, -9.94350339169614e-05, 0.0024465948808938265, -0.0021190743427723646, -0.0019723272416740656, 0.011770780198276043, -0.0004077006597071886, 0.002253999002277851, 0.003909271210432053], [0.0002937053795903921, -0.0016659909160807729, 0.0023048673756420612, -0.0010163824772462249, 0.0010732437949627638, 0.0014030361780896783, -0.0019293823279440403, 0.0013992392923682928, 0.0006859804852865636, -0.0004077006597071886, 0.010704271495342255, -0.003178627463057637, -0.00037589098792523146], [-0.000313657452352345, 0.0017300938488915563, -0.001743391272611916, 0.0015368639724329114, -0.0018005610909312963, -0.0011094866786152124, 0.00045347530976869166, -0.002225518459454179, 0.0024627463426440954, 0.002253999002277851, -0.003178627463057637, 0.013229013420641422, -0.005867660511285067], [0.0005711778067052364, -0.0020991109777241945, 0.001402385183610022, -0.003517362754791975, 0.001149258459918201, 0.00014815916074439883, 0.0006989052053540945, -0.00012781735858879983, -0.003125589108094573, 0.003909271210432053, -0.00037589098792523146, -0.005867660511285067, 0.015778660774230957]], "lowlevel.mfcc.cov": [[16050.8583984375, -1428.5277099609375, -2380.277099609375, 1928.5567626953125, -904.1876220703125, -774.3658447265625, -1678.504638671875, -990.0933837890625, -1142.345947265625, 305.58123779296875, -286.12982177734375, 106.41876220703125, -380.8345947265625], [-1428.5277099609375, 2775.574951171875, 354.61126708984375, -511.92535400390625, 158.33889770507812, -149.58448791503906, 618.887451171875, 368.47198486328125, 169.07286071777344, -163.55873107910156, 154.0052947998047, -18.960674285888672, 179.74977111816406], [-2380.277099609375, 354.61126708984375, 956.4276733398438, -270.7731018066406, 121.38786315917969, 256.2007751464844, 427.0023193359375, 397.90447998046875, 329.89202880859375, -67.67135620117188, 36.91401290893555, -47.03250503540039, 113.72948455810547], [1928.5567626953125, -511.92535400390625, -270.7731018066406, 759.043701171875, 44.38661575317383, -148.28578186035156, -398.59613037109375, -276.5677185058594, -226.6105194091797, 1.9058891534805298, -187.17308044433594, 10.929267883300781, -51.176246643066406], [-904.1876220703125, 158.33889770507812, 121.38786315917969, 44.38661575317383, 376.4267883300781, 88.6129379272461, 31.293485641479492, 51.98664093017578, 76.83812713623047, -41.11409378051758, -52.37754440307617, -23.339279174804688, 53.31321716308594], [-774.3658447265625, -149.58448791503906, 256.2007751464844, -148.28578186035156, 88.6129379272461, 407.36572265625, 286.79949951171875, 283.04498291015625, 207.87588500976562, -38.926517486572266, 20.241647720336914, -5.614215850830078, 52.157352447509766], [-1678.504638671875, 618.887451171875, 427.0023193359375, -398.59613037109375, 31.293485641479492, 286.79949951171875, 734.5565795898438, 562.28125, 310.22406005859375, -122.92892456054688, 86.88501739501953, 4.5371174812316895, 179.20240783691406], [-990.0933837890625, 368.47198486328125, 397.90447998046875, -276.5677185058594, 51.98664093017578, 283.04498291015625, 562.28125, 687.8646240234375, 351.3830871582031, -103.30465698242188, 45.29063034057617, -30.51881980895996, 181.1399383544922], [-1142.345947265625, 169.07286071777344, 329.89202880859375, -226.6105194091797, 76.83812713623047, 207.87588500976562, 310.22406005859375, 351.3830871582031, 357.69384765625, 12.359048843383789, 58.3222541809082, -26.182743072509766, 58.398338317871094], [305.58123779296875, -163.55873107910156, -67.67135620117188, 1.9058891534805298, -41.11409378051758, -38.926517486572266, -122.92892456054688, -103.30465698242188, 12.359048843383789, 181.26853942871094, 76.76789855957031, -12.704154014587402, -69.08375549316406], [-286.12982177734375, 154.0052947998047, 36.91401290893555, -187.17308044433594, -52.37754440307617, 20.241647720336914, 86.88501739501953, 45.29063034057617, 58.3222541809082, 76.76789855957031, 175.79624938964844, 14.878656387329102, -25.853683471679688], [106.41876220703125, -18.960674285888672, -47.03250503540039, 10.929267883300781, -23.339279174804688, -5.614215850830078, 4.5371174812316895, -30.51881980895996, -26.182743072509766, -12.704154014587402, 14.878656387329102, 91.95903778076172, 11.801314353942871], [-380.8345947265625, 179.74977111816406, 113.72948455810547, -51.176246643066406, 53.31321716308594, 52.157352447509766, 179.20240783691406, 181.1399383544922, 58.398338317871094, -69.08375549316406, -25.853683471679688, 11.801314353942871, 151.62330627441406]], "lowlevel.mfcc.icov": [[0.0002149443607777357, -0.0001371172838844359, 0.0003426331386435777, -0.00043440950685180724, 0.0005148786003701389, -0.0002903463027905673, 0.0004316216509323567, -0.0004979086224921048, 0.0003125472867395729, -0.00034111517015844584, 9.898686403175816e-05, -0.00010450179979670793, 5.156289989827201e-05], [-0.0001371172838844359, 0.0007913356530480087, -0.00026545184664428234, 0.0004435741575434804, -0.0008253317209891975, 0.0011962789576500654, -0.0010394726414233446, 0.0004081671067979187, -0.00018924515461549163, 0.0007378819864243269, -0.0006584823131561279, 0.0003439169086050242, -4.405574145494029e-05], [0.0003426331386435777, -0.00026545184664428234, 0.0022967206314206123, -0.0006751519977115095, 0.0007318269344978034, -0.0007609652820974588, 0.0003282323305029422, -0.000476079061627388, -0.0007582786493003368, -5.690968464477919e-05, 2.826953277690336e-05, 0.0005872283363714814, -0.00036480455310083926], [-0.00043440950685180724, 0.0004435741575434804, -0.0006751519977115095, 0.003485011402517557, -0.0015300160739570856, 0.0008477043593302369, -8.426295971730724e-05, 0.0002929006004706025, 0.000406427716370672, -0.00010188231681240723, 0.0021790137980133295, -0.0006878706044517457, 0.00028389005456119776], [0.0005148786003701389, -0.0008253317209891975, 0.0007318269344978034, -0.0015300160739570856, 0.005058703478425741, -0.0021603500936180353, 0.002045844681560993, -0.0002121738943969831, -0.0007689091144129634, -0.0001930759462993592, 0.000607509515248239, 0.0006492272368632257, -0.0017325141234323382], [-0.0002903463027905673, 0.0011962789576500654, -0.0007609652820974588, 0.0008477043593302369, -0.0021603500936180353, 0.006025747396051884, -0.0026353427674621344, -6.761008262401447e-05, -0.0011974682565778494, 0.0009905268670991063, -0.0002645902568474412, -0.00033198323217220604, 0.0014849515864625573], [0.0004316216509323567, -0.0010394726414233446, 0.0003282323305029422, -8.426295971730724e-05, 0.002045844681560993, -0.0026353427674621344, 0.007300837431102991, -0.0033889927435666323, -3.072290928685106e-05, 0.0009542654734104872, -0.0009702966781333089, -0.001128062722273171, -0.0019821422174572945], [-0.0004979086224921048, 0.0004081671067979187, -0.000476079061627388, 0.0002929006004706025, -0.0002121738943969831, -6.761008262401447e-05, -0.0033889927435666323, 0.007975061424076557, -0.004935777746140957, 0.0029463618993759155, -0.001671606209129095, 0.0029198681004345417, -0.0039716316387057304], [0.0003125472867395729, -0.00018924515461549163, -0.0007582786493003368, 0.000406427716370672, -0.0007689091144129634, -0.0011974682565778494, -3.072290928685106e-05, -0.004935777746140957, 0.009918336756527424, -0.004689471796154976, 0.0017270026728510857, -0.0011993501102551818, 0.0027616347651928663], [-0.00034111517015844584, 0.0007378819864243269, -5.690968464477919e-05, -0.00010188231681240723, -0.0001930759462993592, 0.0009905268670991063, 0.0009542654734104872, 0.0029463618993759155, -0.004689471796154976, 0.012489442713558674, -0.0069411201402544975, 0.0030583664774894714, -0.0005687501979991794], [9.898686403175816e-05, -0.0006584823131561279, 2.826953277690336e-05, 0.0021790137980133295, 0.000607509515248239, -0.0002645902568474412, -0.0009702966781333089, -0.001671606209129095, 0.0017270026728510857, -0.0069411201402544975, 0.013163699768483639, -0.0039080725982785225, 0.0034857590217143297], [-0.00010450179979670793, 0.0003439169086050242, 0.0005872283363714814, -0.0006878706044517457, 0.0006492272368632257, -0.00033198323217220604, -0.001128062722273171, 0.0029198681004345417, -0.0011993501102551818, 0.0030583664774894714, -0.0039080725982785225, 0.013779453933238983, -0.003495406825095415], [5.156289989827201e-05, -4.405574145494029e-05, -0.00036480455310083926, 0.00028389005456119776, -0.0017325141234323382, 0.0014849515864625573, -0.0019821422174572945, -0.0039716316387057304, 0.0027616347651928663, -0.0005687501979991794, 0.0034857590217143297, -0.003495406825095415, 0.013875951990485191]], "metadata.audio_properties.analysis.downmix": "mix",