{"song_id": "1183703655120121906", "download": "https://cdn.discordapp.com/attachments/1128313332273782784/1183703655120121906/chirp.mp4?ex=65894cef&amp", "lyrics": "[Verse]\nVesela pjesma, puna sre\u0107e i smijeha\nMi pjevamo zajedno, veselimo se svi\nSvje\u017ea proljetna jutra, sunce nas zove van\nUz ovu pjesmu, nije nam ni\u0161ta te\u0161ko plan\n\n[Chorus]\nHej, hej, djeco vesela\nPjevajmo zajedno, plesimo svi skupa\nHej, hej, djeco nek se \u010duje sretan glas\nVesela pjesma o\u017eivljava na\u0161a srca \u010das", "style": ["Female vocalist</span><span>, folk</span><span>, like Judy collins"], "essentia_features": {"lowlevel.average_loudness": 0.9580748081207275, "lowlevel.barkbands_crest.mean": 10.703776359558105, "lowlevel.barkbands_crest.stdev": 3.80899715423584, "lowlevel.barkbands_flatness_db.mean": 0.19309286773204803, "lowlevel.barkbands_flatness_db.stdev": 0.05244128778576851, "lowlevel.barkbands_kurtosis.mean": 6.299858570098877, "lowlevel.barkbands_kurtosis.stdev": 8.579405784606934, "lowlevel.barkbands_skewness.mean": 1.4770294427871704, "lowlevel.barkbands_skewness.stdev": 1.2924866676330566, "lowlevel.barkbands_spread.mean": 13.592926979064941, "lowlevel.barkbands_spread.stdev": 15.489931106567383, "lowlevel.dissonance.mean": 0.41902095079421997, "lowlevel.dissonance.stdev": 0.05444346368312836, "lowlevel.dynamic_complexity": 4.420434951782227, "lowlevel.erbbands_crest.mean": 11.616150856018066, "lowlevel.erbbands_crest.stdev": 4.777576923370361, "lowlevel.erbbands_flatness_db.mean": 0.22098016738891602, "lowlevel.erbbands_flatness_db.stdev": 0.05411353334784508, "lowlevel.erbbands_kurtosis.mean": 3.104430913925171, "lowlevel.erbbands_kurtosis.stdev": 4.432260513305664, "lowlevel.erbbands_skewness.mean": 0.978306233882904, "lowlevel.erbbands_skewness.stdev": 0.9760586619377136, "lowlevel.erbbands_spread.mean": 25.70587730407715, "lowlevel.erbbands_spread.stdev": 22.477401733398438, "lowlevel.hfc.mean": 13.814109802246094, "lowlevel.hfc.stdev": 14.221693992614746, "lowlevel.loudness_ebu128.integrated": -18.06760597229004, "lowlevel.loudness_ebu128.loudness_range": 4.842584609985352, "lowlevel.loudness_ebu128.momentary.mean": -19.15611457824707, "lowlevel.loudness_ebu128.momentary.stdev": 5.433738708496094, "lowlevel.loudness_ebu128.short_term.mean": -18.402442932128906, "lowlevel.loudness_ebu128.short_term.stdev": 2.1325833797454834, "lowlevel.melbands_crest.mean": 13.546136856079102, "lowlevel.melbands_crest.stdev": 4.859673023223877, "lowlevel.melbands_flatness_db.mean": 0.2546280324459076, "lowlevel.melbands_flatness_db.stdev": 0.07120762765407562, "lowlevel.melbands_kurtosis.mean": 9.732337951660156, "lowlevel.melbands_kurtosis.stdev": 13.720012664794922, "lowlevel.melbands_skewness.mean": 1.8538743257522583, "lowlevel.melbands_skewness.stdev": 1.4409189224243164, "lowlevel.melbands_spread.mean": 17.618408203125, "lowlevel.melbands_spread.stdev": 24.242687225341797, "lowlevel.pitch_salience.mean": 0.5583757162094116, "lowlevel.pitch_salience.stdev": 0.10663153231143951, "lowlevel.silence_rate_20dB.mean": 1.0, "lowlevel.silence_rate_20dB.stdev": 0.0, "lowlevel.silence_rate_30dB.mean": 0.9878331422805786, "lowlevel.silence_rate_30dB.stdev": 0.1096302792429924, "lowlevel.silence_rate_60dB.mean": 0.19524912536144257, "lowlevel.silence_rate_60dB.stdev": 0.3963874876499176, "lowlevel.spectral_centroid.mean": 982.012939453125, "lowlevel.spectral_centroid.stdev": 971.6694946289062, "lowlevel.spectral_complexity.mean": 10.399188995361328, "lowlevel.spectral_complexity.stdev": 5.899204730987549, "lowlevel.spectral_decrease.mean": -5.661721313998669e-09, "lowlevel.spectral_decrease.stdev": 7.099532073340242e-09, "lowlevel.spectral_energy.mean": 0.022621620446443558, "lowlevel.spectral_energy.stdev": 0.027686243876814842, "lowlevel.spectral_energyband_high.mean": 0.0002711124252527952, "lowlevel.spectral_energyband_high.stdev": 0.0008025107672438025, "lowlevel.spectral_energyband_low.mean": 0.004990516230463982, "lowlevel.spectral_energyband_low.stdev": 0.016441483050584793, "lowlevel.spectral_energyband_middle_high.mean": 0.0037366272881627083, "lowlevel.spectral_energyband_middle_high.stdev": 0.00643535889685154, "lowlevel.spectral_energyband_middle_low.mean": 0.014169396832585335, "lowlevel.spectral_energyband_middle_low.stdev": 0.0155359311029315, "lowlevel.spectral_entropy.mean": 6.9310078620910645, "lowlevel.spectral_entropy.stdev": 0.6576502919197083, "lowlevel.spectral_flux.mean": 0.07833292335271835, "lowlevel.spectral_flux.stdev": 0.07025063782930374, "lowlevel.spectral_kurtosis.mean": 9.06538200378418, "lowlevel.spectral_kurtosis.stdev": 6.930169582366943, "lowlevel.spectral_rms.mean": 0.003954038023948669, "lowlevel.spectral_rms.stdev": 0.002536821411922574, "lowlevel.spectral_rolloff.mean": 1521.36181640625, "lowlevel.spectral_rolloff.stdev": 2419.548095703125, "lowlevel.spectral_skewness.mean": 2.233358860015869, "lowlevel.spectral_skewness.stdev": 0.9268769025802612, "lowlevel.spectral_spread.mean": 4272843.5, "lowlevel.spectral_spread.stdev": 3527122.0, "lowlevel.spectral_strongpeak.mean": 1.228982925415039, "lowlevel.spectral_strongpeak.stdev": 1.345906138420105, "lowlevel.zerocrossingrate.mean": 0.05543293431401253, "lowlevel.zerocrossingrate.stdev": 0.06608504056930542, "metadata.audio_properties.analysis.equal_loudness": 0.0, "metadata.audio_properties.analysis.length": 40.04265213012695, "metadata.audio_properties.analysis.sample_rate": 44100.0, "metadata.audio_properties.analysis.start_time": 0.0, "metadata.audio_properties.bit_rate": 118601.0, "metadata.audio_properties.length": 40.042667388916016, "metadata.audio_properties.lossless": 0.0, "metadata.audio_properties.number_channels": 1.0, "metadata.audio_properties.replay_gain": -10.115667343139648, "metadata.audio_properties.sample_rate": 48000.0, "rhythm.beats_count": 86.0, "rhythm.beats_loudness.mean": 0.05841471254825592, "rhythm.beats_loudness.stdev": 0.02124347724020481, "rhythm.bpm": 129.9176025390625, "rhythm.bpm_histogram_first_peak_bpm": 129.0, "rhythm.bpm_histogram_first_peak_weight": 0.21686744689941406, "rhythm.bpm_histogram_second_peak_bpm": 120.0, "rhythm.bpm_histogram_second_peak_spread": 0.0, "rhythm.bpm_histogram_second_peak_weight": 0.0117647061124444, "rhythm.danceability": 1.446970820426941, "rhythm.onset_rate": 4.344089984893799, "tonal.chords_changes_rate": 0.039351850748062134, "tonal.chords_number_rate": 0.0069444444961845875, "tonal.chords_strength.mean": 0.5721103549003601, "tonal.chords_strength.stdev": 0.10719124227762222, "tonal.hpcp_crest.mean": 16.43107795715332, "tonal.hpcp_crest.stdev": 7.400110244750977, "tonal.hpcp_entropy.mean": 1.588356614112854, "tonal.hpcp_entropy.stdev": 0.6503843665122986, "tonal.key_edma.strength": 0.6660871505737305, "tonal.key_krumhansl.strength": 0.6711838841438293, "tonal.key_temperley.strength": 0.6724638938903809, "tonal.tuning_diatonic_strength": 0.5148026943206787, "tonal.tuning_equal_tempered_deviation": 0.23300592601299286, "tonal.tuning_frequency": 434.193115234375, "tonal.tuning_nontempered_energy_ratio": 0.9782129526138306, "lowlevel.barkbands.mean": [0.0005822712555527687, 0.002812140854075551, 0.0012520846212282777, 0.0008228240767493844, 0.001540769706480205, 0.0035148654133081436, 0.003573926165699959, 0.0022936034947633743, 0.0020026417914777994, 0.0007662803982384503, 0.0005735752056352794, 0.0007817382575012743, 0.0007704944582656026, 0.00038744512130506337, 0.00019854697166010737, 0.0001102873939089477, 0.00018012087093666196, 6.21740473434329e-05, 9.427811164641753e-05, 5.567725747823715e-05, 3.097966327914037e-05, 3.520285099511966e-05, 3.178597762598656e-05, 7.80497066443786e-05, 6.3032639445737e-05, 6.7121945903636515e-06, 1.250942034403124e-07], "lowlevel.barkbands.stdev": [0.001740549341775477, 0.010678909718990326, 0.004671699367463589, 0.0016580104129388928, 0.002439327770844102, 0.005527837667614222, 0.006581172347068787, 0.0055711958557367325, 0.0037397753912955523, 0.0022693295031785965, 0.0018863932928070426, 0.0026121274568140507, 0.002957617864012718, 0.0016343536553904414, 0.0006851659272797406, 0.0003416537947487086, 0.00037064653588458896, 0.00011711286788340658, 0.000191015875316225, 0.00010718913108576089, 7.890834240242839e-05, 9.01799721759744e-05, 0.00010832585394382477, 0.0003207145491614938, 0.00029382816865108907, 2.0220391888869926e-05, 3.271611319632939e-07], "lowlevel.erbbands.mean": [0.11009900271892548, 0.5198794603347778, 1.378936529159546, 2.2517433166503906, 3.49611234664917, 5.394327163696289, 14.894464492797852, 27.1832332611084, 52.176300048828125, 52.47639083862305, 54.502647399902344, 40.892696380615234, 30.446815490722656, 17.018978118896484, 26.768619537353516, 35.768707275390625, 38.35597229003906, 20.408649444580078, 12.94625186920166, 8.581672668457031, 6.421273231506348, 10.05815601348877, 4.680886745452881, 3.724433660507202, 4.647766590118408, 2.4799304008483887, 1.3842123746871948, 1.3715426921844482, 1.3524936437606812, 0.8722807765007019, 0.9455406069755554, 1.2761180400848389, 1.5110059976577759, 1.0077811479568481, 0.26122745871543884, 0.05274150148034096, 0.007666677702218294, 0.0009406830067746341, 3.637549525592476e-05, 2.7973641408607364e-05], "lowlevel.erbbands.stdev": [0.3756714463233948, 2.2287583351135254, 5.438103199005127, 5.158283233642578, 6.772167205810547, 9.861823081970215, 26.637798309326172, 44.6163330078125, 92.12239074707031, 116.23519134521484, 104.91877746582031, 77.29645538330078, 92.10889434814453, 40.98265075683594, 95.76751708984375, 112.7821044921875, 134.34335327148438, 79.91439819335938, 39.51677703857422, 27.445568084716797, 17.958593368530273, 20.752838134765625, 8.14799976348877, 7.783102512359619, 9.232623100280762, 4.852339744567871, 2.8230032920837402, 3.641859292984009, 3.5086042881011963, 2.248917579650879, 3.4213478565216064, 5.247308731079102, 6.372098922729492, 4.659188270568848, 1.2206192016601562, 0.1964379996061325, 0.01889803260564804, 0.0016647714655846357, 5.264639185043052e-05, 3.1444127671420574e-05], "lowlevel.gfcc.mean": [-87.18511962890625, 105.98950958251953, -115.72374725341797, 0.7091296911239624, -83.19778442382812, -5.298892974853516, -44.37267303466797, 6.2629714012146, -26.498001098632812, 0.1581604778766632, -16.38236427307129, -1.0840593576431274, -11.749618530273438], "lowlevel.melbands.mean": [0.0008935888763517141, 0.0007007202366366982, 0.0004269143391866237, 0.00030933943344280124, 0.0004438812902662903, 0.0006752057815901935, 0.0008134979289025068, 0.0005537951365113258, 0.0004654082003980875, 0.00024298092466779053, 0.00014582311268895864, 6.419474811991677e-05, 7.908121915534139e-05, 7.547457789769396e-05, 0.00012977287406101823, 4.926830661133863e-05, 3.944007039535791e-05, 2.2045307559892535e-05, 1.503665953350719e-05, 9.175822924589738e-06, 6.685315838694805e-06, 1.037711354001658e-05, 8.037048246478662e-06, 2.092343720505596e-06, 2.9825876026734477e-06, 3.908614417014178e-06, 2.4679941361682722e-06, 1.4885172276990488e-06, 9.602855470802751e-07, 7.092450573509268e-07, 8.116003868963162e-07, 8.268708597825025e-07, 5.815551844534639e-07, 4.3846455355378566e-07, 4.689526917900366e-07, 7.094849365785194e-07, 8.061842891038395e-07, 1.056902078744315e-06, 1.0671865311451256e-06, 7.8637924616487e-07], "lowlevel.melbands.stdev": [0.0031259350944310427, 0.0027809867169708014, 0.0008660852909088135, 0.0005377811030484736, 0.0007578344084322453, 0.0011023455299437046, 0.001399853266775608, 0.001290906686335802, 0.0008819086942821741, 0.0004797726287506521, 0.0004592769546434283, 0.000168236147146672, 0.0002766991965472698, 0.0002309673436684534, 0.000449344894150272, 0.00018090968660544604, 0.00017792679136618972, 7.53866697777994e-05, 5.443083500722423e-05, 2.845035123755224e-05, 1.9408595107961446e-05, 2.2549598725163378e-05, 1.5663643353036605e-05, 3.8704652070009615e-06, 6.809572823840426e-06, 8.54612881084904e-06, 5.148232958163135e-06, 3.2216855743172346e-06, 1.9405331386224134e-06, 2.1935177301202202e-06, 2.1776274934381945e-06, 2.235866986666224e-06, 1.539103323011659e-06, 1.1911257615793147e-06, 1.6424738760179025e-06, 2.9103241558914306e-06, 3.4419379062455846e-06, 4.434908532857662e-06, 4.809473466593772e-06, 3.741641421584063e-06], "lowlevel.melbands128.mean": [0.0005057458765804768, 0.0010151946917176247, 0.0009733979823067784, 0.000823747948743403, 0.0007296505500562489, 0.0005922017153352499, 0.00045301683712750673, 0.0004061310610268265, 0.0003409319033380598, 0.00030607072403654456, 0.00028151075821369886, 0.0003006923361681402, 0.0005829957663081586, 0.0005217983853071928, 0.00035331182880327106, 0.0010322011075913906, 0.0010131436865776777, 0.0006355216610245407, 0.0008261824841611087, 0.0005181079031899571, 0.0005198029684834182, 0.00032165576703846455, 0.0005557384574785829, 0.0005113182123750448, 0.0001880996860563755, 0.00020524564024526626, 0.00014284305507317185, 0.0001900100032798946, 8.95541743375361e-05, 5.7986868341686204e-05, 6.81863384670578e-05, 4.780528252013028e-05, 6.714015762554482e-05, 0.00012801539560314268, 6.069603477953933e-05, 5.526875247596763e-05, 9.438629786018282e-05, 0.00016161153325811028, 0.00014118778926786035, 6.85912455082871e-05, 3.003656274813693e-05, 1.302477357967291e-05, 3.8715486880391836e-05, 6.252651655813679e-05, 2.217653855041135e-05, 1.6897096429602243e-05, 1.4592566003557295e-05, 1.9788130884990096e-05, 1.3048314031038899e-05, 7.644903234904632e-06, 9.50954927247949e-06, 1.0017501153924968e-05, 5.800254712085007e-06, 5.687944394594524e-06, 7.555111551482696e-06, 1.0355842277931515e-05, 1.3783940630673897e-05, 1.0633925739966799e-05, 5.924980996496743e-06, 3.0086864626355236e-06, 1.3151378652764834e-06, 1.361644876851642e-06, 3.5335938264324795e-06, 2.7429111923993332e-06, 3.5341777220310178e-06, 4.543765953712864e-06, 3.773660182559979e-06, 2.9581876788142836e-06, 2.179727971451939e-06, 1.8327669977225014e-06, 1.08364167772379e-06, 1.816552412492456e-06, 1.2704789469353273e-06, 7.728817763563711e-07, 5.405368597166671e-07, 7.270531909853162e-07, 7.452293289134104e-07, 7.92857406395342e-07, 8.547376069145685e-07, 7.805264203852857e-07, 9.033308856487565e-07, 8.449094934803725e-07, 6.263184673116484e-07, 5.915596261729661e-07, 5.144116812516586e-07, 4.3216303424742364e-07, 4.1566519826119475e-07, 4.2755823415063787e-07, 3.955752561068948e-07, 5.326579071152082e-07, 7.626932188031788e-07, 6.89476848947379e-07, 7.705249345235643e-07, 7.19038780516712e-07, 8.872228249856562e-07, 1.0441693802931695e-06, 1.0950983551083482e-06, 1.0876007081606076e-06, 1.0833025498868665e-06, 1.0697990546759684e-06, 9.542008001517388e-07, 7.153636261136853e-07, 6.444968221330782e-07, 3.8860392237438646e-07, 2.1267875638386613e-07, 1.7183644729357184e-07, 1.5561631983018742e-07, 1.3154290456895978e-07, 7.914064070746463e-08, 4.2137006772691166e-08, 2.817228228479962e-08, 2.2253615838963015e-08, 2.291613299121309e-08, 1.5828186761268626e-08, 1.4522393954052859e-08, 9.733632566621964e-09, 4.596439229231919e-09, 7.460921325197489e-10, 5.2301704633883617e-11, 3.521767296191247e-12, 3.331465311950943e-12, 3.258360812066763e-12, 3.1961889732090576e-12, 3.1364446630155474e-12, 3.046670337888968e-12, 2.93002861556646e-12, 2.861605050141769e-12, 2.839682482214112e-12], "lowlevel.melbands128.stdev": [0.0015107875224202871, 0.003354384796693921, 0.0038892109878361225, 0.0036797497887164354, 0.0031304345466196537, 0.0020940157119184732, 0.0011176064144819975, 0.0008261032635346055, 0.000809916527941823, 0.0007502170628868043, 0.0006518104346469045, 0.0006662617088295519, 0.0011615650728344917, 0.0010091293370351195, 0.000780909787863493, 0.002083695726469159, 0.002124807331711054, 0.0016528087435290217, 0.0020114758517593145, 0.001593866152688861, 0.001835799077525735, 0.0010928307892754674, 0.0012669989373534918, 0.0011455799685791135, 0.0005873506306670606, 0.0006475453265011311, 0.0006824395386502147, 0.0007474159356206656, 0.0003744937712326646, 0.00020273064728826284, 0.00025335056125186384, 0.0001593068882357329, 0.00034569355193525553, 0.0006142924539744854, 0.0003223322855774313, 0.00022762909065932035, 0.0004914563614875078, 0.0006892386008985341, 0.0007026513339951634, 0.000351101829437539, 0.0001558999647386372, 7.721647853031754e-05, 0.00021186331287026405, 0.00035690664662979543, 0.00011076704686274752, 8.575032552471384e-05, 6.668326386716217e-05, 8.177392737707123e-05, 7.094388274708763e-05, 3.028204446309246e-05, 3.5263954487163574e-05, 3.973510683863424e-05, 2.3343040084000677e-05, 1.954365689016413e-05, 2.4453574951621704e-05, 2.913660318881739e-05, 3.8419038901338354e-05, 2.7127212888444774e-05, 1.4080410437600221e-05, 6.485839548986405e-06, 2.9385580546659185e-06, 3.4872973628807813e-06, 1.0559628208284266e-05, 7.284391358552966e-06, 9.787758244783618e-06, 1.1969877050432842e-05, 9.663029231887776e-06, 7.302966423594626e-06, 5.9568928918452e-06, 5.175453225092497e-06, 2.85570831692894e-06, 5.02948887515231e-06, 2.971151616293355e-06, 1.7673598904366372e-06, 1.4498510836347123e-06, 2.5652207114035264e-06, 2.8237668630026747e-06, 2.153669129256741e-06, 2.5202534743584692e-06, 2.4617620510980487e-06, 2.9768718832201557e-06, 2.292468252562685e-06, 1.847800945142808e-06, 1.7636474467508378e-06, 1.3334001778275706e-06, 1.2943532965437043e-06, 1.3067001418676227e-06, 1.3766907613899093e-06, 1.4113031738816062e-06, 2.2322731183521682e-06, 3.4643715025595156e-06, 2.7444821171229705e-06, 3.5188613765058108e-06, 3.2605444175715093e-06, 4.080859071109444e-06, 4.5002657316217665e-06, 4.799420821655076e-06, 5.104641331854509e-06, 5.190472165850224e-06, 5.42976977158105e-06, 4.613871169567574e-06, 3.58680404133338e-06, 3.313980414532125e-06, 2.072712504741503e-06, 1.0422005516375066e-06, 8.902009085431928e-07, 6.620865065087855e-07, 5.211094844526087e-07, 2.96412821398917e-07, 1.8653123845524533e-07, 9.294156910755191e-08, 6.194181878527161e-08, 7.490135089938121e-08, 3.5198677750258867e-08, 3.138205073582867e-08, 2.2468201521519404e-08, 1.083594636241969e-08, 4.081593285576446e-09, 1.0844324327408117e-09, 7.043731917177887e-12, 6.492620243520042e-12, 6.346856634004139e-12, 6.2217414380227876e-12, 6.113937481289078e-12, 6.022729190369169e-12, 5.951774663393028e-12, 5.899161801409258e-12, 5.867032554229823e-12], "lowlevel.mfcc.mean": [-729.9332885742188, 144.9552459716797, 8.273360252380371, 3.430757522583008, -16.932708740234375, -16.389713287353516, -13.156449317932129, -6.865740776062012, -4.548491954803467, -10.766520500183105, -2.180356740951538, 0.25596508383750916, -1.071938395500183], "lowlevel.spectral_contrast_coeffs.mean": [-0.632901132106781, -0.6870389580726624, -0.7260432243347168, -0.787922203540802, -0.7780998349189758, -0.771623969078064], "lowlevel.spectral_contrast_coeffs.stdev": [0.09229425340890884, 0.07936301082372665, 0.07359552383422852, 0.06910981982946396, 0.05207229033112526, 0.04956512898206711], "lowlevel.spectral_contrast_valleys.mean": [-8.094707489013672, -7.071235179901123, -8.196035385131836, -8.846095085144043, -8.985244750976562, -11.458658218383789], "lowlevel.spectral_contrast_valleys.stdev": [1.931451678276062, 1.9725253582000732, 1.8031381368637085, 1.785268783569336, 1.8480210304260254, 1.7522568702697754], "rhythm.beats_loudness_band_ratio.mean": [0.32768532633781433, 0.2585408091545105, 0.3850075900554657, 0.07800619304180145, 0.026131389662623405, 0.005788401234894991], "rhythm.beats_loudness_band_ratio.stdev": [0.2195018082857132, 0.1469077318906784, 0.16704802215099335, 0.11040283739566803, 0.04596560820937157, 0.006834258325397968], "tonal.hpcp.mean": [0.08315864950418472, 0.08738959580659866, 0.05944487825036049, 0.1712273210287094, 0.2124718427658081, 0.08631899952888489, 0.030081119388341904, 0.030743416398763657, 0.05657939612865448, 0.20470190048217773, 0.2284936159849167, 0.08939462155103683, 0.057269386947155, 0.05458835884928703, 0.04486587643623352, 0.1085495874285698, 0.1247672364115715, 0.07378996163606644, 0.26498886942863464, 0.36199951171875, 0.1614398956298828, 0.05661926791071892, 0.04994496330618858, 0.052488021552562714, 0.18968801200389862, 0.2190275937318802, 0.07575753331184387, 0.02945774421095848, 0.029601233080029488, 0.05826631560921669, 0.297473669052124, 0.3420346677303314, 0.11233304440975189, 0.05000508576631546, 0.04452216625213623, 0.04627889767289162], "tonal.hpcp.stdev": [0.18503843247890472, 0.2035301774740219, 0.1535637378692627, 0.2561553716659546, 0.30216076970100403, 0.16833680868148804, 0.11045070737600327, 0.1173037737607956, 0.145823672413826, 0.32936179637908936, 0.35006242990493774, 0.1913595199584961, 0.1687454730272293, 0.1744944155216217, 0.14092282950878143, 0.22314763069152832, 0.2408120185136795, 0.1760673075914383, 0.30069491267204285, 0.3913347125053406, 0.20754358172416687, 0.16415613889694214, 0.1575871706008911, 0.14639505743980408, 0.2786217927932739, 0.31499892473220825, 0.14632247388362885, 0.11952874809503555, 0.12103208899497986, 0.16672109067440033, 0.3242376744747162, 0.3631111681461334, 0.19334688782691956, 0.15820272266864777, 0.14607807993888855, 0.1507130116224289], "rhythm.beats_position": [0.5224489569664001, 1.0216779708862305, 1.486077070236206, 1.9504761695861816, 2.4148752689361572, 2.879274368286133, 3.3436734676361084, 3.808072566986084, 4.2724714279174805, 4.736870765686035, 5.189659595489502, 5.642448902130127, 6.106847763061523, 6.571247100830078, 7.035645961761475, 7.500045299530029, 7.964444160461426, 8.41723346710205, 8.870022773742676, 9.334421157836914, 9.798820495605469, 10.263219833374023, 10.727619171142578, 11.192017555236816, 11.656416893005371, 12.120816230773926, 12.58521556854248, 13.049613952636719, 13.502403259277344, 13.955192565917969, 14.419591903686523, 14.883990287780762, 15.348389625549316, 15.812788963317871, 16.26557731628418, 16.718366622924805, 17.18276596069336, 17.647165298461914, 18.11156463623047, 18.575963973999023, 19.040363311767578, 19.49315071105957, 19.945940017700195, 20.41033935546875, 20.874738693237305, 21.33913803100586, 21.803537368774414, 22.26793670654297, 22.720726013183594, 23.173513412475586, 23.63791275024414, 24.102312088012695, 24.56671142578125, 25.031110763549805, 25.49551010131836, 25.959909439086914, 26.42430877685547, 26.88870620727539, 27.353105545043945, 27.80589485168457, 28.258684158325195, 28.72308349609375, 29.187482833862305, 29.65188217163086, 30.116281509399414, 30.569068908691406, 31.02185821533203, 31.486257553100586, 31.95065689086914, 32.41505432128906, 32.87945556640625, 33.34385299682617, 33.80825424194336, 34.27265167236328, 34.73705291748047, 35.189842224121094, 35.654239654541016, 36.10702896118164, 36.57142639160156, 37.03582763671875, 37.50022506713867, 37.96462631225586, 38.42902374267578, 38.89342498779297, 39.35782241821289, 39.79899978637695], "rhythm.bpm_histogram": [0.0, 0.0, 0.0, 0.0, 0.0, 0.0, 0.0, 0.0, 0.0, 0.0, 0.0, 0.0, 0.0, 0.0, 0.0, 0.0, 0.0, 0.0, 0.0, 0.0, 0.0, 0.0, 0.0, 0.0, 0.0, 0.0, 0.0, 0.0, 0.0, 0.0, 0.0, 0.0, 0.0, 0.0, 0.0, 0.0, 0.0, 0.0, 0.0, 0.0, 0.0, 0.0, 0.0, 0.0, 0.0, 0.0, 0.0, 0.0, 0.0, 0.0, 0.0, 0.0, 0.0, 0.0, 0.0, 0.0, 0.0, 0.0, 0.0, 0.0, 0.0, 0.0, 0.0, 0.0, 0.0, 0.0, 0.0, 0.0, 0.0, 0.0, 0.0, 0.0, 0.0, 0.0, 0.0, 0.0, 0.0, 0.0, 0.0, 0.0, 0.0, 0.0, 0.0, 0.0, 0.0, 0.0, 0.0, 0.0, 0.0, 0.0, 0.0, 0.0, 0.0, 0.0, 0.0, 0.0, 0.0, 0.0, 0.0, 0.0, 0.0, 0.0, 0.0, 0.0, 0.0, 0.0, 0.0, 0.0, 0.0, 0.0, 0.0, 0.0, 0.0, 0.0, 0.0, 0.0, 0.0, 0.0, 0.0, 0.0, 0.0117647061124444, 0.0, 0.0, 0.0, 0.0, 0.0, 0.0, 0.0, 0.0, 0.7647058963775635, 0.0, 0.0, 0.0, 0.21176470816135406, 0.0, 0.0, 0.0117647061124444, 0.0, 0.0, 0.0, 0.0, 0.0, 0.0, 0.0, 0.0, 0.0, 0.0, 0.0, 0.0, 0.0, 0.0, 0.0, 0.0, 0.0, 0.0, 0.0, 0.0, 0.0, 0.0, 0.0, 0.0, 0.0, 0.0, 0.0, 0.0, 0.0, 0.0, 0.0, 0.0, 0.0, 0.0, 0.0, 0.0, 0.0, 0.0, 0.0, 0.0, 0.0, 0.0, 0.0, 0.0, 0.0, 0.0, 0.0, 0.0, 0.0, 0.0, 0.0, 0.0, 0.0, 0.0, 0.0, 0.0, 0.0, 0.0, 0.0, 0.0, 0.0, 0.0, 0.0, 0.0, 0.0, 0.0, 0.0, 0.0, 0.0, 0.0, 0.0, 0.0, 0.0, 0.0, 0.0, 0.0, 0.0, 0.0, 0.0, 0.0, 0.0, 0.0, 0.0, 0.0, 0.0, 0.0, 0.0, 0.0, 0.0, 0.0, 0.0, 0.0, 0.0, 0.0, 0.0, 0.0, 0.0, 0.0, 0.0, 0.0, 0.0, 0.0, 0.0, 0.0, 0.0, 0.0, 0.0, 0.0, 0.0, 0.0, 0.0, 0.0, 0.0], "tonal.chords_histogram": [29.050926208496094, 0.0, 17.36111068725586, 0.0, 1.8518518209457397, 0.0, 3.2407407760620117, 0.0, 0.0, 0.0, 0.0, 0.0, 0.0, 0.0, 0.0, 0.0, 0.0, 0.0, 0.0, 0.0, 0.0, 2.6620371341705322, 0.3472222089767456, 45.48611068725586], "tonal.thpcp": [1.0, 0.4459671676158905, 0.15640702843666077, 0.1379697024822235, 0.14499473571777344, 0.5240007638931274, 0.6050494313240051, 0.2092752307653427, 0.08137509226799011, 0.08177147060632706, 0.16095688939094543, 0.821751594543457, 0.9448484182357788, 0.3103126883506775, 0.13813577592372894, 0.12298957258462906, 0.12784242630004883, 0.229720339179039, 0.24140805006027222, 0.16421259939670563, 0.4730042815208435, 0.5869395732879639, 0.23845060169696808, 0.08309713006019592, 0.08492667973041534, 0.15629687905311584, 0.5654756426811218, 0.6311987042427063, 0.2469467967748642, 0.15820294618606567, 0.1507967710494995, 0.12393905222415924, 0.2998611330986023, 0.34466132521629333, 0.20383994281291962, 0.7320144176483154], "lowlevel.gfcc.cov": [[18573.0, 947.1967163085938, -1312.0972900390625, 377.4599914550781, -692.1683349609375, -160.2906036376953, -502.22015380859375, 424.6573791503906, 74.95187377929688, 181.26295471191406, 342.32000732421875, -213.95616149902344, -249.17041015625], [947.1967163085938, 1656.7025146484375, 1.5345818996429443, -278.85394287109375, 256.5259704589844, -228.82437133789062, 179.442626953125, -36.89950942993164, 188.5067901611328, -63.067806243896484, 75.18152618408203, 90.52613067626953, 86.43586730957031], [-1312.0972900390625, 1.5345818996429443, 1112.4356689453125, 230.38885498046875, -59.78529739379883, 94.63274383544922, 120.82909393310547, 55.68549728393555, 119.03705596923828, 69.2024154663086, -142.75108337402344, 151.70285034179688, 73.72731018066406], [377.4599914550781, -278.85394287109375, 230.38885498046875, 590.18115234375, 104.92642211914062, 94.46402740478516, -41.39147186279297, 56.10420227050781, 45.49592208862305, 60.73991012573242, 31.101909637451172, -59.97922897338867, 29.17052459716797], [-692.1683349609375, 256.5259704589844, -59.78529739379883, 104.92642211914062, 503.4136657714844, 49.01340866088867, 99.06153106689453, 38.9395751953125, 86.70640563964844, 37.30398941040039, 89.91399383544922, -25.487546920776367, -25.588727951049805], [-160.2906036376953, -228.82437133789062, 94.63274383544922, 94.46402740478516, 49.01340866088867, 303.68408203125, 130.94798278808594, 5.3344316482543945, -57.11311721801758, 53.83559799194336, 61.03284454345703, -25.556316375732422, -41.208980560302734], [-502.22015380859375, 179.442626953125, 120.82909393310547, -41.39147186279297, 99.06153106689453, 130.94798278808594, 338.0495910644531, 22.383142471313477, 16.573448181152344, 22.55582618713379, 65.02778625488281, 94.47335052490234, -8.220698356628418], [424.6573791503906, -36.89950942993164, 55.68549728393555, 56.10420227050781, 38.9395751953125, 5.3344316482543945, 22.383142471313477, 184.741455078125, 84.91475677490234, 17.503620147705078, 19.0909366607666, 4.932650566101074, -13.013286590576172], [74.95187377929688, 188.5067901611328, 119.03705596923828, 45.49592208862305, 86.70640563964844, -57.11311721801758, 16.573448181152344, 84.91475677490234, 234.63497924804688, 88.94973754882812, 5.651356220245361, 21.06216049194336, 44.439781188964844], [181.26295471191406, -63.067806243896484, 69.2024154663086, 60.73991012573242, 37.30398941040039, 53.83559799194336, 22.55582618713379, 17.503620147705078, 88.94973754882812, 162.92333984375, 25.37713050842285, 3.4012398719787598, 0.5828453898429871], [342.32000732421875, 75.18152618408203, -142.75108337402344, 31.101909637451172, 89.91399383544922, 61.03284454345703, 65.02778625488281, 19.0909366607666, 5.651356220245361, 25.37713050842285, 217.6277313232422, 1.3782683610916138, -2.296003818511963], [-213.95616149902344, 90.52613067626953, 151.70285034179688, -59.97922897338867, -25.487546920776367, -25.556316375732422, 94.47335052490234, 4.932650566101074, 21.06216049194336, 3.4012398719787598, 1.3782683610916138, 179.84487915039062, 51.06063461303711], [-249.17041015625, 86.43586730957031, 73.72731018066406, 29.17052459716797, -25.588727951049805, -41.208980560302734, -8.220698356628418, -13.013286590576172, 44.439781188964844, 0.5828453898429871, -2.296003818511963, 51.06063461303711, 132.2042236328125]], "lowlevel.gfcc.icov": [[0.00014262742479331791, -0.0003407795156817883, 0.00029959692619740963, -0.0003727626462932676, 0.0004893936566077173, -0.00024200936604756862, 0.0003396034589968622, -0.0005017190123908222, 0.00014976652164477855, -0.0003808930632658303, -1.1949344980166643e-06, -0.0003087990335188806, 0.00046839064452797174], [-0.0003407795156817883, 0.0019863916095346212, -0.0009582461789250374, 0.0014475997304543853, -0.0016952243167907, 0.0015623602084815502, -0.001581216580234468, 0.0018878927221521735, -0.001287198974750936, 0.0016803713515400887, -0.0006028138450346887, 0.0012043839087709785, -0.0015299783553928137], [0.00029959692619740963, -0.0009582461789250374, 0.0023165210150182247, -0.0016432043630629778, 0.0014475231291726232, -0.001528968452475965, 0.000591817544773221, -0.0011615146650001407, -0.00043304244172759354, -0.0008142400765791535, 0.001500578597187996, -0.0021858341060578823, 0.0010073593584820628], [-0.0003727626462932676, 0.0014475997304543853, -0.0016432043630629778, 0.0037544507067650557, -0.002122328383848071, 0.0006050241063348949, -0.0005004761624149978, 0.0009138007881119847, -0.0003104918578173965, 0.0007990802987478673, -0.0008771755383349955, 0.002226521959528327, -0.0024987352080643177], [0.0004893936566077173, -0.0016952243167907, 0.0014475231291726232, -0.002122328383848071, 0.004588678479194641, -0.001355289714410901, 0.0006394418305717409, -0.0016645867144688964, -0.0005303150974214077, -0.0011885141720995307, -0.00030633481219410896, -0.0009735524072311819, 0.002587572205811739], [-0.00024200936604756862, 0.0015623602084815502, -0.001528968452475965, 0.0006050241063348949, -0.001355289714410901, 0.00772646302357316, -0.0038591439370065928, 0.0007566787535324693, 0.0023733770940452814, -0.0015934387920424342, -0.0016750257927924395, 0.0033473651856184006, -0.0008905480499379337], [0.0003396034589968622, -0.001581216580234468, 0.000591817544773221, -0.0005004761624149978, 0.0006394418305717409, -0.0038591439370065928, 0.006749434862285852, -0.001639793743379414, 8.469635940855369e-05, -0.0005808767746202648, -0.00046919993474148214, -0.00403213407844305, 0.0021566390059888363], [-0.0005017190123908222, 0.0018878927221521735, -0.0011615146650001407, 0.0009138007881119847, -0.0016645867144688964, 0.0007566787535324693, -0.001639793743379414, 0.00960592646151781, -0.0049943868070840836, 0.0036243621725589037, -0.0009248228743672371, 0.0006065747002139688, 0.0004359724116511643], [0.00014976652164477855, -0.001287198974750936, -0.00043304244172759354, -0.0003104918578173965, -0.0005303150974214077, 0.0023733770940452814, 8.469635940855369e-05, -0.0049943868070840836, 0.010953210294246674, -0.006554568186402321, 0.00038374148425646126, 0.0009726647986099124, -0.0024373105261474848], [-0.0003808930632658303, 0.0016803713515400887, -0.0008142400765791535, 0.0007990802987478673, -0.0011885141720995307, -0.0015934387920424342, -0.0005808767746202648, 0.0036243621725589037, -0.006554568186402321, 0.011484450660645962, -0.0010027226526290178, -3.449834548518993e-05, 0.00020372097787912935], [-1.1949344980166643e-06, -0.0006028138450346887, 0.001500578597187996, -0.0008771755383349955, -0.00030633481219410896, -0.0016750257927924395, -0.00046919993474148214, -0.0009248228743672371, 0.00038374148425646126, -0.0010027226526290178, 0.00684180436655879, -0.001204138738103211, -0.0004937208141200244], [-0.0003087990335188806, 0.0012043839087709785, -0.0021858341060578823, 0.002226521959528327, -0.0009735524072311819, 0.0033473651856184006, -0.00403213407844305, 0.0006065747002139688, 0.0009726647986099124, -3.449834548518993e-05, -0.001204138738103211, 0.010783053934574127, -0.004490187857300043], [0.00046839064452797174, -0.0015299783553928137, 0.0010073593584820628, -0.0024987352080643177, 0.002587572205811739, -0.0008905480499379337, 0.0021566390059888363, 0.0004359724116511643, -0.0024373105261474848, 0.00020372097787912935, -0.0004937208141200244, -0.004490187857300043, 0.012381020933389664]], "lowlevel.mfcc.cov": [[10878.1318359375, 79.2982406616211, -449.87066650390625, 230.68240356445312, 176.5786895751953, -483.7226867675781, 67.44097137451172, -62.0948600769043, -278.1404724121094, 404.3858642578125, 433.26434326171875, 103.0196304321289, 28.88085174560547], [79.2982406616211, 2007.0743408203125, -160.0297393798828, -15.826288223266602, -96.50981140136719, -52.92536163330078, -102.80929565429688, 125.47079467773438, 126.02153015136719, -173.46128845214844, 133.62127685546875, 70.4979248046875, -55.29814910888672], [-449.87066650390625, -160.0297393798828, 1015.6312866210938, 127.00057220458984, -100.85002136230469, 108.32489776611328, -63.14583206176758, 40.219234466552734, 178.53887939453125, -44.52556228637695, -54.246864318847656, 33.984588623046875, -15.090843200683594], [230.68240356445312, -15.826288223266602, 127.00057220458984, 417.40484619140625, 185.42559814453125, 38.0308837890625, -40.207698822021484, 26.331684112548828, 57.103126525878906, 101.54407501220703, -29.240093231201172, -12.466697692871094, 89.26807403564453], [176.5786895751953, -96.50981140136719, -100.85002136230469, 185.42559814453125, 356.61993408203125, 23.49534797668457, 9.779473304748535, -29.08499526977539, -12.55117416381836, 137.55029296875, 15.630655288696289, -7.926217555999756, 38.241294860839844], [-483.7226867675781, -52.92536163330078, 108.32489776611328, 38.0308837890625, 23.49534797668457, 294.5769348144531, 123.76297760009766, -0.6981023550033569, 13.007648468017578, 40.142303466796875, -4.845534801483154, 46.841190338134766, 59.889610290527344], [67.44097137451172, -102.80929565429688, -63.14583206176758, -40.207698822021484, 9.779473304748535, 123.76297760009766, 312.968994140625, 95.34912872314453, -85.49717712402344, 31.316381454467773, 31.81654167175293, 54.41244888305664, 51.46274948120117], [-62.0948600769043, 125.47079467773438, 40.219234466552734, 26.331684112548828, -29.08499526977539, -0.6981023550033569, 95.34912872314453, 190.9324493408203, 44.055686950683594, -41.073238372802734, 44.92041778564453, 36.59560775756836, 11.689459800720215], [-278.1404724121094, 126.02153015136719, 178.53887939453125, 57.103126525878906, -12.55117416381836, 13.007648468017578, -85.49717712402344, 44.055686950683594, 193.43417358398438, 20.810060501098633, 4.946583271026611, 4.671979904174805, -16.62799835205078], [404.3858642578125, -173.46128845214844, -44.52556228637695, 101.54407501220703, 137.55029296875, 40.142303466796875, 31.316381454467773, -41.073238372802734, 20.810060501098633, 261.5218200683594, 37.397586822509766, 16.611316680908203, 57.01835250854492], [433.26434326171875, 133.62127685546875, -54.246864318847656, -29.240093231201172, 15.630655288696289, -4.845534801483154, 31.81654167175293, 44.92041778564453, 4.946583271026611, 37.397586822509766, 200.12025451660156, 62.41794204711914, -41.41435623168945], [103.0196304321289, 70.4979248046875, 33.984588623046875, -12.466697692871094, -7.926217555999756, 46.841190338134766, 54.41244888305664, 36.59560775756836, 4.671979904174805, 16.611316680908203, 62.41794204711914, 110.44819641113281, 33.38227081298828], [28.88085174560547, -55.29814910888672, -15.090843200683594, 89.26807403564453, 38.241294860839844, 59.889610290527344, 51.46274948120117, 11.689459800720215, -16.62799835205078, 57.01835250854492, -41.41435623168945, 33.38227081298828, 163.46534729003906]], "lowlevel.mfcc.icov": [[0.00013132838648743927, -1.8599906979943626e-05, -1.6612131730653346e-05, -0.00015124017954804003, 9.007668995764107e-05, 0.0003053091058973223, -0.00011180837464053184, 0.00014306204684544355, 0.000189708880498074, -0.00018395493680145591, -0.00027181184850633144, -5.545745079871267e-05, -3.0473504011752084e-05], [-1.8599906979943626e-05, 0.0006695261690765619, 0.00028061866760253906, -0.00015650264685973525, 8.462430560030043e-05, -0.00010368312359787524, 0.0002380161895416677, -0.000174949542270042, -0.0005626436322927475, 0.0006078344886191189, -0.0003247098356951028, -0.0004165834398008883, 3.047245081688743e-05], [-1.6612131730653346e-05, 0.00028061866760253906, 0.0015538595616817474, -0.0007599100354127586, 0.0006053705001249909, -0.0005090618506073952, 7.718961569480598e-05, 8.907223673304543e-05, -0.0013084561796858907, 0.0004850424884352833, 0.000475884327897802, -0.0010338007705286145, 0.0006999141769483685], [-0.00015124017954804003, -0.00015650264685973525, -0.0007599100354127586, 0.004798837937414646, -0.0022970384452492, -0.0008184731705114245, 0.0016070310957729816, -0.0020772500429302454, 0.00010371262033004314, -0.0007565577398054302, 0.000498322187922895, 0.0015753562329337, -0.0021581740584224463], [9.007668995764107e-05, 8.462430560030043e-05, 0.0006053705001249909, -0.0022970384452492, 0.00477678282186389, 4.0296112274518237e-05, -0.0003118639288004488, 0.0006661731749773026, 0.00046203925739973783, -0.0016010766848921776, -0.0004201565752737224, -9.593385038897395e-05, 0.0007599153323099017], [0.0003053091058973223, -0.00010368312359787524, -0.0005090618506073952, -0.0008184731705114245, 4.0296112274518237e-05, 0.00620659627020359, -0.0037256646901369095, 0.0031767557375133038, -0.0016486018430441618, 0.0002321411739103496, -0.0006988529348745942, -0.001206526649184525, -0.0012059934670105577], [-0.00011180837464053184, 0.0002380161895416677, 7.718961569480598e-05, 0.0016070310957729816, -0.0003118639288004488, -0.0037256646901369095, 0.008474850095808506, -0.006299794185906649, 0.004763403441756964, -0.0020003763493150473, 0.000849059724714607, -0.000804139650426805, 1.1790394637500867e-05], [0.00014306204684544355, -0.000174949542270042, 8.907223673304543e-05, -0.0020772500429302454, 0.0006661731749773026, 0.0031767557375133038, -0.006299794185906649, 0.011672306805849075, -0.005149867385625839, 0.0033479202538728714, -0.00259273499250412, -0.000773435109294951, -0.0013035202864557505], [0.000189708880498074, -0.0005626436322927475, -0.0013084561796858907, 0.00010371262033004314, 0.00046203925739973783, -0.0016486018430441618, 0.004763403441756964, -0.005149867385625839, 0.010906174778938293, -0.0035903356038033962, 0.0006879630964249372, -7.974651816766709e-05, 0.0015155932633206248], [-0.00018395493680145591, 0.0006078344886191189, 0.0004850424884352833, -0.0007565577398054302, -0.0016010766848921776, 0.0002321411739103496, -0.0020003763493150473, 0.0033479202538728714, -0.0035903356038033962, 0.007502781227231026, -0.0020590510684996843, 4.485606768867001e-05, -0.002137168776243925], [-0.00027181184850633144, -0.0003247098356951028, 0.000475884327897802, 0.000498322187922895, -0.0004201565752737224, -0.0006988529348745942, 0.000849059724714607, -0.00259273499250412, 0.0006879630964249372, -0.0020590510684996843, 0.009313812479376793, -0.0051706028170883656, 0.00418621301651001], [-5.545745079871267e-05, -0.0004165834398008883, -0.0010338007705286145, 0.0015753562329337, -9.593385038897395e-05, -0.001206526649184525, -0.000804139650426805, -0.000773435109294951, -7.974651816766709e-05, 4.485606768867001e-05, -0.0051706028170883656, 0.015391502529382706, -0.004790846724063158], [-3.0473504011752084e-05, 3.047245081688743e-05, 0.0006999141769483685, -0.0021581740584224463, 0.0007599153323099017, -0.0012059934670105577, 1.1790394637500867e-05, -0.0013035202864557505, 0.0015155932633206248, -0.002137168776243925, 0.00418621301651001, -0.004790846724063158, 0.010668550617992878]], "metadata.audio_properties.analysis.downmix": "mix", "metadata.audio_properties.codec": "mp3", "metadata.audio_properties.md5_encoded": "55dc070052893c60843