{"song_id": "1183707726438748222", "download": "https://cdn.discordapp.com/attachments/1128313332273782784/1183707726438748222/chirp.mp4?ex=658950ba&amp", "lyrics": "[Verse]\nNassim, se regarde dans le miroir chaque jour\nLa r\u00e9alit\u00e9 lui saute aux yeux, il perd ses cheveux, \u00e7a fait mal en amour\nIl enfile son bonnet, il n'a plus la flamme, son cr\u00e2ne est froid\nIl sait qu'il doit s'accepter, malgr\u00e9 ses doutes, trouver en lui sa joie\n\n[Chorus]\nNassim devient chauve, son cr\u00e2ne \u00e0 nu, il doit braver\nLe regard des autres, s'aimer tel qu'il est, il doit s'affirmer\nChauve et fier, il \u00e9crit sa propre histoire\nNassim, ne laisse pas ton cr\u00e2ne te voler la victoire", "style": ["lyric"], "essentia_features": {"lowlevel.average_loudness": 0.6317333579063416, "lowlevel.barkbands_crest.mean": 15.396415710449219, "lowlevel.barkbands_crest.stdev": 4.9419941902160645, "lowlevel.barkbands_flatness_db.mean": 0.389906108379364, "lowlevel.barkbands_flatness_db.stdev": 0.13955357670783997, "lowlevel.barkbands_kurtosis.mean": 25.892929077148438, "lowlevel.barkbands_kurtosis.stdev": 55.28306579589844, "lowlevel.barkbands_skewness.mean": 2.8598756790161133, "lowlevel.barkbands_skewness.stdev": 2.626420021057129, "lowlevel.barkbands_spread.mean": 6.992669582366943, "lowlevel.barkbands_spread.stdev": 12.59519100189209, "lowlevel.dissonance.mean": 0.35083675384521484, "lowlevel.dissonance.stdev": 0.08489973098039627, "lowlevel.dynamic_complexity": 5.762317657470703, "lowlevel.erbbands_crest.mean": 16.797325134277344, "lowlevel.erbbands_crest.stdev": 5.93560266494751, "lowlevel.erbbands_flatness_db.mean": 0.37242522835731506, "lowlevel.erbbands_flatness_db.stdev": 0.13363361358642578, "lowlevel.erbbands_kurtosis.mean": 11.85272216796875, "lowlevel.erbbands_kurtosis.stdev": 21.655216217041016, "lowlevel.erbbands_skewness.mean": 1.9767169952392578, "lowlevel.erbbands_skewness.stdev": 1.6972599029541016, "lowlevel.erbbands_spread.mean": 17.451810836791992, "lowlevel.erbbands_spread.stdev": 25.79595375061035, "lowlevel.hfc.mean": 11.381470680236816, "lowlevel.hfc.stdev": 16.974700927734375, "lowlevel.loudness_ebu128.integrated": -19.32673454284668, "lowlevel.loudness_ebu128.loudness_range": 13.820215225219727, "lowlevel.loudness_ebu128.momentary.mean": -23.419065475463867, "lowlevel.loudness_ebu128.momentary.stdev": 6.559298515319824, "lowlevel.loudness_ebu128.short_term.mean": -22.586469650268555, "lowlevel.loudness_ebu128.short_term.stdev": 5.536149024963379, "lowlevel.melbands_crest.mean": 18.115102767944336, "lowlevel.melbands_crest.stdev": 5.5580668449401855, "lowlevel.melbands_flatness_db.mean": 0.4817929267883301, "lowlevel.melbands_flatness_db.stdev": 0.15569907426834106, "lowlevel.melbands_kurtosis.mean": 27.097583770751953, "lowlevel.melbands_kurtosis.stdev": 49.345638275146484, "lowlevel.melbands_skewness.mean": 2.6168854236602783, "lowlevel.melbands_skewness.stdev": 2.3916189670562744, "lowlevel.melbands_spread.mean": 7.197138786315918, "lowlevel.melbands_spread.stdev": 16.061771392822266, "lowlevel.pitch_salience.mean": 0.4697090685367584, "lowlevel.pitch_salience.stdev": 0.11047528684139252, "lowlevel.silence_rate_20dB.mean": 0.997682511806488, "lowlevel.silence_rate_20dB.stdev": 0.04808466136455536, "lowlevel.silence_rate_30dB.mean": 0.9733487963676453, "lowlevel.silence_rate_30dB.stdev": 0.16106143593788147, "lowlevel.silence_rate_60dB.mean": 0.3059096038341522, "lowlevel.silence_rate_60dB.stdev": 0.4607829451560974, "lowlevel.spectral_centroid.mean": 491.2677001953125, "lowlevel.spectral_centroid.stdev": 376.76080322265625, "lowlevel.spectral_complexity.mean": 6.0932793617248535, "lowlevel.spectral_complexity.stdev": 3.7000832557678223, "lowlevel.spectral_decrease.mean": -6.097692573092672e-09, "lowlevel.spectral_decrease.stdev": 1.0881391787620487e-08, "lowlevel.spectral_energy.mean": 0.02404642291367054, "lowlevel.spectral_energy.stdev": 0.04184320196509361, "lowlevel.spectral_energyband_high.mean": 0.00045061210403218865, "lowlevel.spectral_energyband_high.stdev": 0.0017315713921561837, "lowlevel.spectral_energyband_low.mean": 0.006848684046417475, "lowlevel.spectral_energyband_low.stdev": 0.03238195553421974, "lowlevel.spectral_energyband_middle_high.mean": 0.0007999736699275672, "lowlevel.spectral_energyband_middle_high.stdev": 0.001962612383067608, "lowlevel.spectral_energyband_middle_low.mean": 0.01635630428791046, "lowlevel.spectral_energyband_middle_low.stdev": 0.019628655165433884, "lowlevel.spectral_entropy.mean": 5.582212924957275, "lowlevel.spectral_entropy.stdev": 1.0674668550491333, "lowlevel.spectral_flux.mean": 0.043929051607847214, "lowlevel.spectral_flux.stdev": 0.07208824157714844, "lowlevel.spectral_kurtosis.mean": 136.18032836914062, "lowlevel.spectral_kurtosis.stdev": 154.3738555908203, "lowlevel.spectral_rms.mean": 0.0039330762811005116, "lowlevel.spectral_rms.stdev": 0.0028268133755773306, "lowlevel.spectral_rolloff.mean": 744.7918701171875, "lowlevel.spectral_rolloff.stdev": 1446.4034423828125, "lowlevel.spectral_skewness.mean": 7.814015865325928, "lowlevel.spectral_skewness.stdev": 5.482381343841553, "lowlevel.spectral_spread.mean": 3102389.5, "lowlevel.spectral_spread.stdev": 3503136.25, "lowlevel.spectral_strongpeak.mean": 1.183700442314148, "lowlevel.spectral_strongpeak.stdev": 1.034574031829834, "lowlevel.zerocrossingrate.mean": 0.03374289348721504, "lowlevel.zerocrossingrate.stdev": 0.04271959140896797, "metadata.audio_properties.analysis.equal_loudness": 0.0, "metadata.audio_properties.analysis.length": 40.04265213012695, "metadata.audio_properties.analysis.sample_rate": 44100.0, "metadata.audio_properties.analysis.start_time": 0.0, "metadata.audio_properties.bit_rate": 107981.0, "metadata.audio_properties.length": 40.042667388916016, "metadata.audio_properties.lossless": 0.0, "metadata.audio_properties.number_channels": 1.0, "metadata.audio_properties.replay_gain": -8.047969818115234, "metadata.audio_properties.sample_rate": 48000.0, "rhythm.beats_count": 90.0, "rhythm.beats_loudness.mean": 0.04402875527739525, "rhythm.beats_loudness.stdev": 0.05854148417711258, "rhythm.bpm": 135.95152282714844, "rhythm.bpm_histogram_first_peak_bpm": 136.0, "rhythm.bpm_histogram_first_peak_weight": 0.36781615018844604, "rhythm.bpm_histogram_second_peak_bpm": 129.0, "rhythm.bpm_histogram_second_peak_spread": 0.0, "rhythm.bpm_histogram_second_peak_weight": 0.01123595517128706, "rhythm.danceability": 1.1407729387283325, "rhythm.onset_rate": 2.6214334964752197, "tonal.chords_changes_rate": 0.03587963059544563, "tonal.chords_number_rate": 0.0069444444961845875, "tonal.chords_strength.mean": 0.5220526456832886, "tonal.chords_strength.stdev": 0.09094999730587006, "tonal.hpcp_crest.mean": 20.718141555786133, "tonal.hpcp_crest.stdev": 9.149270057678223, "tonal.hpcp_entropy.mean": 1.2440396547317505, "tonal.hpcp_entropy.stdev": 0.731273889541626, "tonal.key_edma.strength": 0.7441880702972412, "tonal.key_krumhansl.strength": 0.7386507391929626, "tonal.key_temperley.strength": 0.72673100233078, "tonal.tuning_diatonic_strength": 0.4975188672542572, "tonal.tuning_equal_tempered_deviation": 0.004589505959302187, "tonal.tuning_frequency": 438.98455810546875, "tonal.tuning_nontempered_energy_ratio": 0.6009854674339294, "lowlevel.barkbands.mean": [0.00035373313585296273, 0.0036754501052200794, 0.002421033103018999, 0.0008414494805037975, 0.0014729828108102083, 0.008462676778435707, 0.004537234082818031, 0.00021547553478740156, 0.0008078046375885606, 0.00016598532965872437, 0.00022808395442552865, 0.0001942628441611305, 6.232675514183939e-05, 3.2110194297274575e-05, 2.8726033633574843e-05, 1.849826549005229e-05, 2.5740195269463584e-05, 2.3692442482570186e-05, 1.9428247469477355e-05, 1.172673364635557e-05, 7.966777047840878e-06, 4.711314250016585e-05, 0.00021607486996799707, 6.966906221350655e-05, 8.021315443329513e-05, 2.648756344569847e-05, 5.152350013304385e-07], "lowlevel.barkbands.stdev": [0.0009182197391055524, 0.01975724846124649, 0.013016879558563232, 0.006580788642168045, 0.004807687364518642, 0.012132175266742706, 0.0061955200508236885, 0.0005726821254938841, 0.0021893223747611046, 0.00042464566649869084, 0.000896118173841387, 0.0011565523454919457, 0.0003644632233772427, 0.00017983143334276974, 0.0001511227892478928, 8.266539953183383e-05, 0.00013150103040970862, 0.00010223140270682052, 8.043642446864396e-05, 4.6391742216655985e-05, 5.304591468302533e-05, 0.00033853843342512846, 0.0009087344515137374, 0.00028122219373472035, 0.0003789177571889013, 0.00014313755673356354, 6.171085260575637e-06], "lowlevel.erbbands.mean": [0.11386902630329132, 0.8040674328804016, 2.7100210189819336, 2.7856810092926025, 4.03778600692749, 5.500246524810791, 14.872090339660645, 101.7219467163086, 68.02494049072266, 38.071163177490234, 8.558433532714844, 19.74704933166504, 7.610378742218018, 7.382060527801514, 7.089179515838623, 8.946779251098633, 3.299830198287964, 1.823513388633728, 1.6544908285140991, 1.2554458379745483, 1.1349308490753174, 1.5168002843856812, 1.4229557514190674, 1.0464156866073608, 1.0152124166488647, 0.3949945569038391, 0.2866881787776947, 0.3692976236343384, 1.1475424766540527, 4.600797653198242, 6.210560321807861, 2.077286720275879, 1.1578294038772583, 1.003531813621521, 0.49348920583724976, 0.17868509888648987, 0.03628968447446823, 0.0031480956822633743, 0.00010312897939002141, 3.2003455999074504e-05], "lowlevel.erbbands.stdev": [0.47835204005241394, 4.989933490753174, 14.717606544494629, 19.28513526916504, 20.6439151763916, 14.163071632385254, 19.841243743896484, 149.55307006835938, 92.41097259521484, 54.676517486572266, 20.013988494873047, 59.039302825927734, 17.23843002319336, 21.9719295501709, 32.325843811035156, 56.58332061767578, 16.107845306396484, 7.818153381347656, 8.927501678466797, 5.406518936157227, 4.396170616149902, 7.939540863037109, 6.025119781494141, 4.684002876281738, 3.5861451625823975, 1.3918321132659912, 1.5265918970108032, 2.9361412525177, 8.406872749328613, 26.33837127685547, 25.437259674072266, 7.941733360290527, 4.816026210784912, 4.553867340087891, 2.5266315937042236, 0.9546505212783813, 0.21173454821109772, 0.02128307707607746, 0.0007303260499611497, 5.328387123881839e-05], "lowlevel.gfcc.mean": [-218.51976013183594, 174.18484497070312, -72.28244018554688, -49.165714263916016, -77.93367767333984, -15.863245964050293, -62.7632942199707, -16.444581985473633, -11.579726219177246, -12.474559783935547, -8.016207695007324, -6.141737461090088, -2.480799436569214], "lowlevel.melbands.mean": [0.0010206525912508368, 0.0012581157498061657, 0.0005267783999443054, 0.0003506592765916139, 0.00047712368541397154, 0.002051684772595763, 0.0010418689344078302, 0.0003213004383724183, 6.932838005013764e-05, 0.00012827232421841472, 3.4618464269442484e-05, 2.96188700303901e-05, 2.4138349544955418e-05, 2.4796961952233687e-05, 1.181725656351773e-05, 7.453454600181431e-06, 2.8210663458594354e-06, 2.770424771370017e-06, 2.536680767661892e-06, 1.2612657656063675e-06, 1.3179134157326189e-06, 1.686291398073081e-06, 1.319557554779749e-06, 1.0094340723298956e-06, 8.289910624625918e-07, 7.829273727111286e-07, 6.484249865934544e-07, 1.646672274091543e-07, 1.6580672479449277e-07, 1.753545291194314e-07, 2.2368678287421062e-07, 4.0966693859445513e-07, 1.341601546300808e-06, 3.148654968754272e-06, 4.091874416189967e-06, 2.3128461634769337e-06, 8.701041451786296e-07, 7.545767743977194e-07, 8.694334496794909e-07, 8.384794796256756e-07], "lowlevel.melbands.stdev": [0.004806051962077618, 0.007005101535469294, 0.0033489775378257036, 0.0012456249678507447, 0.0006429964560084045, 0.0029079418163746595, 0.001351711805909872, 0.0004880340420641005, 0.00020779714395757765, 0.0003999662003479898, 7.882804493419826e-05, 8.427398279309273e-05, 0.00010827661753864959, 0.00014224550977814943, 6.14336458966136e-05, 4.737091148854233e-05, 1.3332932212506421e-05, 1.697208426776342e-05, 1.3128023965691682e-05, 6.531833150802413e-06, 5.350861101760529e-06, 1.0620110515446868e-05, 4.932218416797696e-06, 4.843118858843809e-06, 3.9453689169022255e-06, 2.930868504336104e-06, 2.7041605790145695e-06, 6.410298283299198e-07, 8.6708928392909e-07, 1.0842287565537845e-06, 2.1111095520609524e-06, 3.3537214676471194e-06, 9.553326890454628e-06, 1.765123670338653e-05, 1.780393358785659e-05, 8.531352250429336e-06, 3.734388201337424e-06, 3.1704028060630662e-06, 4.047214133606758e-06, 3.7994554986653384e-06], "lowlevel.melbands128.mean": [0.0003239322977606207, 0.0009400252602063119, 0.0012313269544392824, 0.0013336209813132882, 0.0014898583758622408, 0.00107098079752177, 0.00054501200793311, 0.00041636539390310645, 0.00039234309224411845, 0.0004034265875816345, 0.00029989168979227543, 0.00016293251246679574, 0.00021489712526090443, 0.0010280621936544776, 0.0031661840621382, 0.0019141004886478186, 0.0010418646270409226, 0.0008965018787421286, 0.0011459161760285497, 0.0002611669769976288, 4.471845750231296e-05, 1.9034147044294514e-05, 8.797815098660067e-05, 0.00010167942673433572, 0.0001198930767714046, 0.00018895440734922886, 1.679767228779383e-05, 1.770810740708839e-05, 4.935260585625656e-05, 1.2792656889359932e-05, 3.8262798625510186e-05, 3.116988591500558e-05, 1.8288274077349342e-05, 2.738142757152673e-05, 9.424508789379615e-06, 3.859488424495794e-05, 2.565003524068743e-05, 1.0095536708831787e-05, 1.7557895262143575e-06, 6.822598152211867e-06, 1.1841472769447137e-05, 2.9278919555508764e-06, 1.4634620129072573e-06, 3.052309693885036e-06, 4.9900859266927e-06, 1.6919038898777217e-06, 1.4500026281893952e-06, 4.49429126092582e-06, 1.754483719196287e-06, 5.207004960539052e-07, 1.8645702084540972e-06, 1.2706451570920763e-06, 7.55214841774432e-07, 1.9735221030714456e-06, 1.1960346455452964e-06, 2.173190978282946e-06, 1.4821899867456523e-06, 8.304729703922931e-07, 1.4731131159351207e-06, 1.8519816649131826e-06, 7.369371246568335e-07, 6.71789848638582e-07, 7.582169700981467e-07, 9.645416412240593e-07, 8.632401886643493e-07, 7.798527121849474e-07, 6.113547783570539e-07, 9.519827699477901e-07, 6.471846063504927e-07, 2.6120150664610264e-07, 1.2859948128607357e-07, 1.3229269768544327e-07, 1.714251993689686e-07, 1.5193342051134096e-07, 1.8919823219221144e-07, 2.032092822901177e-07, 1.5443622203292762e-07, 1.3472772764089314e-07, 2.8054930112375587e-07, 2.392687861174636e-07, 3.027988100257062e-07, 4.6537803655155585e-07, 7.083876880642492e-07, 1.335997694695834e-06, 1.956104824785143e-06, 2.4435523755528266e-06, 3.542544618539978e-06, 4.473183707887074e-06, 4.725498001789674e-06, 3.133742893624003e-06, 3.350490942466422e-06, 1.8837278048522421e-06, 1.0342639598093228e-06, 8.717883019926376e-07, 7.07346828221489e-07, 7.263581665029051e-07, 7.748095072201977e-07, 7.782188049532124e-07, 8.415399861405604e-07, 9.272264378523687e-07, 9.66415427683387e-07, 8.271696856354538e-07, 6.928545417395071e-07, 5.845411124028033e-07, 5.624170285045693e-07, 5.084858116788382e-07, 4.468246288524824e-07, 4.029008948691626e-07, 3.1224305985233514e-07, 2.0240757692135958e-07, 1.7077367431284074e-07, 1.3497638917669974e-07, 1.2000816695945105e-07, 6.282401443513663e-08, 3.604099063636568e-08, 2.542124377669097e-08, 1.5174068224155235e-08, 7.084036912630154e-09, 1.5083019277994936e-09, 4.155881368206327e-12, 3.5819060391351076e-12, 3.094507722983808e-12, 3.027322099599661e-12, 2.965774327512438e-12, 2.8505492237484997e-12, 2.6874060702480884e-12, 2.59573634288357e-12, 2.571308617416168e-12], "lowlevel.melbands128.stdev": [0.0008427865686826408, 0.0036552574019879103, 0.006888274569064379, 0.009150560945272446, 0.008444119244813919, 0.005926238838583231, 0.004099160898476839, 0.0030234036967158318, 0.002083259867504239, 0.0013692132197320461, 0.0007325701881200075, 0.00043578422628343105, 0.0004645239096134901, 0.0017201123991981149, 0.005345501936972141, 0.0029179363045841455, 0.0020458297803997993, 0.0013545210240408778, 0.0017912602052092552, 0.00041718961438164115, 0.00017976350500248373, 6.509506783913821e-05, 0.0003082219045609236, 0.00034753474756143987, 0.00040877415449358523, 0.0007032378343865275, 5.515022712643258e-05, 5.152595622348599e-05, 0.00014276514411903918, 3.086590731982142e-05, 0.00014399662904907018, 0.00016766268527135253, 0.00012404621520545334, 0.00018088934302795678, 3.813105286099017e-05, 0.00029560280381701887, 0.00018741363601293415, 6.5301384893246e-05, 8.53106212161947e-06, 4.9397029215469956e-05, 8.453239570371807e-05, 1.6716427126084454e-05, 6.5675185396685265e-06, 2.139644493581727e-05, 3.4985914680873975e-05, 1.3653383575729094e-05, 1.4091703633312136e-05, 2.631688585097436e-05, 9.649702406022698e-06, 2.386032520007575e-06, 1.1138486115669366e-05, 8.533850632375106e-06, 3.0447286007984076e-06, 1.0303169801773038e-05, 7.221586201922037e-06, 2.0929262973368168e-05, 5.5686123232590035e-06, 3.6575174817699008e-06, 6.131830105005065e-06, 8.537570465705357e-06, 5.144171154825017e-06, 3.4485133255657274e-06, 4.7106209422054235e-06, 5.250394679023884e-06, 3.998456122644711e-06, 3.4839083582483e-06, 2.7848923309647944e-06, 4.564079972624313e-06, 2.8404660952219274e-06, 1.25710414522473e-06, 5.403502427725471e-07, 5.477165814227192e-07, 9.469104043091647e-07, 8.572271212869964e-07, 1.2035652616759762e-06, 1.352103026874829e-06, 1.046120019054797e-06, 9.548135722070583e-07, 3.1088891319086542e-06, 2.523520606700913e-06, 2.850015789590543e-06, 4.244185220159125e-06, 5.958530437055742e-06, 1.1355181413819082e-05, 1.4353904589370359e-05, 1.594493915035855e-05, 1.9075108866672963e-05, 2.4205653971876018e-05, 2.0391833459143527e-05, 1.4548571925843135e-05, 1.1997750334558077e-05, 7.576502866868395e-06, 4.616292699211044e-06, 4.237268058204791e-06, 3.2289804039464798e-06, 3.421537940084818e-06, 3.4977813356817933e-06, 3.3079977583838627e-06, 4.146049832343124e-06, 4.923474534734851e-06, 4.437709776539123e-06, 3.907321570295608e-06, 3.6062449453311274e-06, 3.114297896900098e-06, 3.2463481147715356e-06, 3.0177641292539192e-06, 2.3647442048968514e-06, 2.1289549749781145e-06, 1.9214103303966112e-06, 1.2545508525363402e-06, 1.0864835076063173e-06, 8.465620453534939e-07, 8.527532600055565e-07, 4.767993004861637e-07, 2.557544576120563e-07, 1.8153541248011607e-07, 1.5226814298330282e-07, 1.2651767633542477e-07, 3.654106706107996e-08, 2.6690150090047382e-11, 1.449761751620704e-11, 6.156408716151418e-12, 6.0129921874985115e-12, 5.9068618052382504e-12, 5.814178132002024e-12, 5.742043559381349e-12, 5.689925960949971e-12, 5.657592883762108e-12], "lowlevel.mfcc.mean": [-871.2586059570312, 209.1675262451172, 51.98882293701172, -31.010663986206055, -7.184767723083496, -19.021081924438477, -31.28199005126953, -18.875064849853516, -22.471572875976562, -5.0361151695251465, -15.439221382141113, -19.371807098388672, 1.7957626581192017], "lowlevel.spectral_contrast_coeffs.mean": [-0.5685046315193176, -0.6159454584121704, -0.7466399073600769, -0.7952667474746704, -0.8250471353530884, -0.8426425457000732], "lowlevel.spectral_contrast_coeffs.stdev": [0.11861780285835266, 0.11266463994979858, 0.0681629553437233, 0.051492419093847275, 0.0717143788933754, 0.07703760266304016], "lowlevel.spectral_contrast_valleys.mean": [-8.701725006103516, -7.561481475830078, -8.819586753845215, -10.050622940063477, -11.434575080871582, -13.102106094360352], "lowlevel.spectral_contrast_valleys.stdev": [1.546740174293518, 0.9784068465232849, 0.9256343245506287, 1.1440777778625488, 1.9119925498962402, 2.260000228881836], "rhythm.beats_loudness_band_ratio.mean": [0.25316905975341797, 0.5074703693389893, 0.25943657755851746, 0.022840620949864388, 0.005669393576681614, 0.009877667762339115], "rhythm.beats_loudness_band_ratio.stdev": [0.30489540100097656, 0.31272026896476746, 0.25245609879493713, 0.04073270782828331, 0.01230962947010994, 0.04966333881020546], "tonal.hpcp.mean": [0.025758735835552216, 0.019074080511927605, 0.21910642087459564, 0.42630207538604736, 0.22360514104366302, 0.009872219525277615, 0.007746491581201553, 0.007402273826301098, 0.03693254292011261, 0.061393361538648605, 0.033778443932533264, 0.0312734916806221, 0.04607231542468071, 0.026094647124409676, 0.01624477654695511, 0.019940339028835297, 0.018018655478954315, 0.09316113591194153, 0.1937820166349411, 0.12039022147655487, 0.016489919275045395, 0.00775102386251092, 0.009806066751480103, 0.20503383874893188, 0.3706185817718506, 0.1842145174741745, 0.1300395131111145, 0.23642784357070923, 0.12073755264282227, 0.011086078360676765, 0.011342079378664494, 0.01179169025272131, 0.10781149566173553, 0.2124023735523224, 0.12284950911998749, 0.02712934836745262], "tonal.hpcp.stdev": [0.12929955124855042, 0.0883418396115303, 0.2230469435453415, 0.38667669892311096, 0.2209722399711609, 0.06454622000455856, 0.06040220707654953, 0.055396296083927155, 0.10923638194799423, 0.1671656370162964, 0.09607318043708801, 0.10297846794128418, 0.14084862172603607, 0.08559639006853104, 0.07275592535734177, 0.092601478099823, 0.07306605577468872, 0.1611672341823578, 0.3247615098953247, 0.2046613246202469, 0.07374568283557892, 0.04664333909749985, 0.06479300558567047, 0.2698562443256378, 0.45878443121910095, 0.24355994164943695, 0.2142609804868698, 0.3848835825920105, 0.20366327464580536, 0.06082700192928314, 0.06615185737609863, 0.06098223850131035, 0.18720871210098267, 0.33941182494163513, 0.22629089653491974, 0.1161605641245842], "rhythm.beats_position": [0.4411791265010834, 0.8939682245254517, 1.3467572927474976, 1.8111563920974731, 2.252335548400879, 2.693514585494995, 3.14630389213562, 3.599092960357666, 4.040272235870361, 4.481451034545898, 4.922630310058594, 5.363809585571289, 5.804988384246826, 6.2461676597595215, 6.675736904144287, 7.105306148529053, 7.53487491607666, 7.964444160461426, 8.405623435974121, 8.846802711486816, 9.287981986999512, 9.74077033996582, 10.193559646606445, 10.63473892211914, 11.075918197631836, 11.528707504272461, 11.981496810913086, 12.422675132751465, 12.86385440826416, 13.305033683776855, 13.734602928161621, 14.164172172546387, 14.616961479187012, 15.058140754699707, 15.487709045410156, 15.917278289794922, 16.346847534179688, 16.788026809692383, 17.229206085205078, 17.670385360717773, 18.11156463623047, 18.564353942871094, 18.99392318725586, 19.435102462768555, 19.87628173828125, 20.305849075317383, 20.747028350830078, 21.199817657470703, 21.652606964111328, 22.105396270751953, 22.53496551513672, 22.964534759521484, 23.40571403503418, 23.846893310546875, 24.28807258605957, 24.729251861572266, 25.17043113708496, 25.611610412597656, 26.05278778076172, 26.493967056274414, 26.94675636291504, 27.387935638427734, 27.8175048828125, 28.258684158325195, 28.69986343383789, 29.141042709350586, 29.559001922607422, 30.000181198120117, 30.441360473632812, 30.882539749145508, 31.323719024658203, 31.7648983001709, 32.206077575683594, 32.647254943847656, 33.088436126708984, 33.52961349487305, 33.970794677734375, 34.41197204589844, 34.8415412902832, 35.29433059692383, 35.73550796508789, 36.17668914794922, 36.61786651611328, 37.05904769897461, 37.50022506713867, 37.94140625, 38.38258361816406, 38.82376480102539, 39.276554107666016, 39.72934341430664], "rhythm.bpm_histogram": [0.0, 0.0, 0.0, 0.0, 0.0, 0.0, 0.0, 0.0, 0.0, 0.0, 0.0, 0.0, 0.0, 0.0, 0.0, 0.0, 0.0, 0.0, 0.0, 0.0, 0.0, 0.0, 0.0, 0.0, 0.0, 0.0, 0.0, 0.0, 0.0, 0.0, 0.0, 0.0, 0.0, 0.0, 0.0, 0.0, 0.0, 0.0, 0.0, 0.0, 0.0, 0.0, 0.0, 0.0, 0.0, 0.0, 0.0, 0.0, 0.0, 0.0, 0.0, 0.0, 0.0, 0.0, 0.0, 0.0, 0.0, 0.0, 0.0, 0.0, 0.0, 0.0, 0.0, 0.0, 0.0, 0.0, 0.0, 0.0, 0.0, 0.0, 0.0, 0.0, 0.0, 0.0, 0.0, 0.0, 0.0, 0.0, 0.0, 0.0, 0.0, 0.0, 0.0, 0.0, 0.0, 0.0, 0.0, 0.0, 0.0, 0.0, 0.0, 0.0, 0.0, 0.0, 0.0, 0.0, 0.0, 0.0, 0.0, 0.0, 0.0, 0.0, 0.0, 0.0, 0.0, 0.0, 0.0, 0.0, 0.0, 0.0, 0.0, 0.0, 0.0, 0.0, 0.0, 0.0, 0.0, 0.0, 0.0, 0.0, 0.0, 0.0, 0.0, 0.0, 0.0, 0.0, 0.0, 0.0, 0.0, 0.01123595517128706, 0.0, 0.0, 0.0, 0.1910112351179123, 0.0, 0.0, 0.617977499961853, 0.0, 0.0, 0.0, 0.16853933036327362, 0.0, 0.0, 0.0, 0.01123595517128706, 0.0, 0.0, 0.0, 0.0, 0.0, 0.0, 0.0, 0.0, 0.0, 0.0, 0.0, 0.0, 0.0, 0.0, 0.0, 0.0, 0.0, 0.0, 0.0, 0.0, 0.0, 0.0, 0.0, 0.0, 0.0, 0.0, 0.0, 0.0, 0.0, 0.0, 0.0, 0.0, 0.0, 0.0, 0.0, 0.0, 0.0, 0.0, 0.0, 0.0, 0.0, 0.0, 0.0, 0.0, 0.0, 0.0, 0.0, 0.0, 0.0, 0.0, 0.0, 0.0, 0.0, 0.0, 0.0, 0.0, 0.0, 0.0, 0.0, 0.0, 0.0, 0.0, 0.0, 0.0, 0.0, 0.0, 0.0, 0.0, 0.0, 0.0, 0.0, 0.0, 0.0, 0.0, 0.0, 0.0, 0.0, 0.0, 0.0, 0.0, 0.0, 0.0, 0.0, 0.0, 0.0, 0.0, 0.0, 0.0, 0.0, 0.0, 0.0, 0.0, 0.0, 0.0, 0.0, 0.0, 0.0, 0.0, 0.0, 0.0, 0.0, 0.0, 0.0, 0.0, 0.0], "tonal.chords_histogram": [33.449073791503906, 0.9259259104728699, 28.81944465637207, 0.5787037014961243, 10.648148536682129, 13.88888931274414, 1.5046296119689941, 0.0, 0.0, 10.185185432434082, 0.0, 0.0, 0.0, 0.0, 0.0, 0.0, 0.0, 0.0, 0.0, 0.0, 0.0, 0.0, 0.0, 0.0], "tonal.thpcp": [1.0, 0.5245227813720703, 0.02315780334174633, 0.018171368166804314, 0.01736391708254814, 0.08663468062877655, 0.14401374757289886, 0.07923593372106552, 0.07335993647575378, 0.10807433724403381, 0.061211634427309036, 0.03810625895857811, 0.04677513986825943, 0.042267341166734695, 0.21853315830230713, 0.45456501841545105, 0.28240591287612915, 0.03868130221962929, 0.018181998282670975, 0.02300262451171875, 0.48095905780792236, 0.8693801760673523, 0.43212202191352844, 0.30504077672958374, 0.5546016693115234, 0.28322064876556396, 0.0260052178055048, 0.02660573273897171, 0.027660410851240158, 0.25289928913116455, 0.4982438087463379, 0.2881747782230377, 0.06363879144191742, 0.06042366847395897, 0.04474310949444771, 0.5139698386192322], "lowlevel.gfcc.cov": [[23498.93359375, -9295.4248046875, 1115.5865478515625, 6462.64453125, -2202.468994140625, 3158.928955078125, -226.73516845703125, 3976.730224609375, -132.50640869140625, 1131.9957275390625, 1998.4173583984375, 2214.80126953125, -1761.597412109375], [-9295.4248046875, 5715.10400390625, -412.2711181640625, -2997.794189453125, 1284.0843505859375, -1323.41845703125, 633.6722412109375, -1784.027099609375, 308.4750671386719, -626.1122436523438, -661.232177734375, -951.4155883789062, 796.6748657226562], [1115.5865478515625, -412.2711181640625, 757.703857421875, 378.21612548828125, -211.0560302734375, 140.25379943847656, 72.62454986572266, 199.0497589111328, 18.896862030029297, 165.88121032714844, 102.76176452636719, 138.61260986328125, -20.181509017944336], [6462.64453125, -2997.794189453125, 378.21612548828125, 3067.4423828125, -246.38381958007812, 1183.158935546875, 81.3295669555664, 1279.0966796875, -11.031601905822754, 300.7037048339844, 509.1634826660156, 660.7547607421875, -627.8941040039062], [-2202.468994140625, 1284.0843505859375, -211.0560302734375, -246.38381958007812, 722.6275634765625, -137.9115753173828, 194.6102752685547, -398.7585144042969, 59.47490310668945, -175.55816650390625, -248.1164093017578, -209.40623474121094, 100.03551483154297], [3158.928955078125, -1323.41845703125, 140.25379943847656, 1183.158935546875, -137.9115753173828, 777.1204223632812, 145.0479278564453, 620.4205322265625, -41.248714447021484, 113.23481750488281, 250.7758026123047, 330.2582702636719, -324.6515197753906], [-226.73516845703125, 633.6722412109375, 72.62454986572266, 81.3295669555664, 194.6102752685547, 145.0479278564453, 476.718994140625, -15.541621208190918, 80.82831573486328, -46.03340148925781, 33.35547637939453, 23.68871307373047, -18.21157455444336], [3976.730224609375, -1784.027099609375, 199.0497589111328, 1279.0966796875, -398.7585144042969, 620.4205322265625, -15.541621208190918, 884.803955078125, 21.313148498535156, 200.14093017578125, 359.0103759765625, 392.4757385253906, -339.91064453125], [-132.50640869140625, 308.4750671386719, 18.896862030029297, -11.031601905822754, 59.47490310668945, -41.248714447021484, 80.82831573486328, 21.313148498535156, 177.75088500976562, 30.746334075927734, 43.783546447753906, -12.111088752746582, 31.290210723876953], [1131.9957275390625, -626.1122436523438, 165.88121032714844, 300.7037048339844, -175.55816650390625, 113.23481750488281, -46.03340148925781, 200.14093017578125, 30.746334075927734, 249.56546020507812, 141.12539672851562, 118.4854507446289, -77.88551330566406], [1998.4173583984375, -661.232177734375, 102.76176452636719, 509.1634826660156, -248.1164093017578, 250.7758026123047, 33.35547637939453, 359.0103759765625, 43.783546447753906, 141.12539672851562, 390.7350769042969, 256.93511962890625, -149.5386962890625], [2214.80126953125, -951.4155883789062, 138.61260986328125, 660.7547607421875, -209.40623474121094, 330.2582702636719, 23.68871307373047, 392.4757385253906, -12.111088752746582, 118.4854507446289, 256.93511962890625, 342.7803955078125, -162.17752075195312], [-1761.597412109375, 796.6748657226562, -20.181509017944336, -627.8941040039062, 100.03551483154297, -324.6515197753906, -18.21157455444336, -339.91064453125, 31.290210723876953, -77.88551330566406, -149.5386962890625, -162.17752075195312, 238.740966796875]], "lowlevel.gfcc.icov": [[0.0003173553850501776, -0.00018180400365963578, 1.3658035641128663e-05, -0.00021129949891474098, 0.0004462657670956105, -0.0002916102239396423, 0.00032257966813631356, -0.0005145632312633097, 0.00014605159230995923, -0.00025170936714857817, -2.4087237761705182e-05, -0.0006723038386553526, 0.0005291887209750712], [-0.00018180400365963578, 0.004093130584806204, -0.0009561757906340063, 0.0018883098382502794, -0.0036911661736667156, 0.0012809286126866937, -0.0036262241192162037, 0.002015813020989299, -0.0032757334411144257, 0.003844487015157938, -0.0034238984808325768, 0.003885439829900861, -0.002054461743682623], [1.3658035641128663e-05, -0.0009561757906340063, 0.002152214990928769, -0.0007923705852590501, 0.0014375350438058376, -0.0002771847357507795, 0.00014106210437603295, -0.0004237401008140296, 0.0009714920888654888, -0.00202148943208158, 0.001229253364726901, -0.0011007555294781923, -0.0009469104115851223], [-0.00021129949891474098, 0.0018883098382502794, -0.0007923705852590501, 0.0022643529810011387, -0.0026309483218938112, 8.767554390942678e-05, -0.0013874485157430172, -2.8460124667617492e-05, -0.0014921562978997827, 0.001674218219704926, -0.0014500613324344158, 0.0014016209170222282, -0.00011117482790723443], [0.0004462657670956105, -0.0036911661736667156, 0.0014375350438058376, -0.0026309483218938112, 0.007133734878152609, -0.0018802748527377844, 0.002571931341663003, 0.00028883045888505876, 0.0010480500059202313, -0.002788589335978031, 0.004283024463802576, -0.003802034305408597, 0.0029265948105603456], [-0.0002916102239396423, 0.0012809286126866937, -0.0002771847357507795, 8.767554390942678e-05, -0.0018802748527377844, 0.005961568094789982, -0.0028374057728797197, -0.0010839719325304031, 0.0007712754304520786, 0.0013093197485432029, -0.0006077613797970116, 0.0005379754002206028, 0.001226768596097827], [0.00032257966813631356, -0.0036262241192162037, 0.00014106210437603295, -0.0013874485157430172, 0.002571931341663003, -0.0028374057728797197, 0.006766415201127529, -0.0012000005226582289, 0.00112813466694206, -0.0024425319861620665, 0.0022850926034152508, -0.0039609563536942005, 0.002511210972443223], [-0.0005145632312633097, 0.002015813020989299, -0.0004237401008140296, -2.8460124667617492e-05, 0.00028883045888505876, -0.0010839719325304031, -0.0012000005226582289, 0.008592624217271805, -0.004921699874103069, 0.002506811171770096, -0.0013728875201195478, 0.0012440092395991087, 0.0013610455207526684], [0.00014605159230995923, -0.0032757334411144257, 0.0009714920888654888, -0.0014921562978997827, 0.0010480500059202313, 0.0007712754304520786, 0.00112813466694206, -0.004921699874103069, 0.012100867927074432, -0.0049741012044250965, 0.0005331632564775646, -0.0012276996858417988, -0.0018538790754973888], [-0.00025170936714857817, 0.003844487015157938, -0.00202148943208158, 0.001674218219704926, -0.002788589335978031, 0.0013093197485432029, -0.0024425319861620665, 0.002506811171770096, -0.0049741012044250965, 0.01031161192804575, -0.0040876721031963825, 0.0033642190974205732, -0.0003813342482317239], [-2.4087237761705182e-05, -0.0034238984808325768, 0.001229253364726901, -0.0014500613324344158, 0.004283024463802576, -0.0006077613797970116, 0.0022850926034152508, -0.0013728875201195478, 0.0005331632564775646, -0.0040876721031963825, 0.009736455045640469, -0.00677040871232748, 0.0032325051724910736], [-0.0006723038386553526, 0.003885439829900861, -0.0011007555294781923, 0.0014016209170222282, -0.003802034305408597, 0.0005379754002206028, -0.0039609563536942005, 0.0012440092395991087, -0.0012276996858417988, 0.0033642190974205732, -0.00677040871232748, 0.013658053241670132, -0.0042437901720404625], [0.0005291887209750712, -0.002054461743682623, -0.0009469104115851223, -0.00011117482790723443, 0.0029265948105603456, 0.001226768596097827, 0.002511210972443223, 0.0013610455207526684, -0.0018538790754973888, -0.0003813342482317239, 0.0032325051724910736, -0.0042437901720404625, 0.016408413648605347]], "lowlevel.mfcc.cov": [[19738.302734375, -7414.2880859375, 963.499267578125, 2428.398681640625, 1842.134521484375, -670.465087890625, 1079.1197509765625, 3352.4169921875, -1016.6121215820312, 662.0313720703125, 1693.74072265625, 1943.7022705078125, 2041.47705078125], [-7414.2880859375, 4840.65380859375, -526.2945556640625, -1221.007080078125, -977.93603515625, 254.49200439453125, -407.2143859863281, -1165.59375, 372.54779052734375, -207.6201629638672, -620.1304321289062, -703.3378295898438, -686.784912109375], [963.499267578125, -526.2945556640625, 696.1887817382812, 267.1549987792969, -20.609264373779297, 25.700654983520508, 119.49456787109375, 130.94281005859375, 37.314449310302734, 32.178794860839844, 101.5564193725586, 168.2255859375, 112.88343048095703], [2428.398681640625, -1221.007080078125, 267.1549987792969, 960.2135620117188, 445.4306945800781, 157.2144775390625, 227.59036254882812, 593.595703125, -20.839014053344727, 145.13832092285156, 297.5171813964844, 313.916015625, 279.7253112792969], [1842.134521484375, -977.93603515625, -20.609264373779297, 445.4306945800781, 580.0709228515625, -6.749268531799316, 96.34444427490234, 383.6037292480469, -91.3428955078125, 80.8407974243164, 179.24383544921875, 152.4537353515625, 199.8446807861328], [-670.465087890625, 254.49200439453125, 25.700654983520508, 157.2144775390625, -6.749268531799316, 472.239013671875, 161.0145721435547, 50.35030746459961, 116.29605102539062, 48.214134216308594, -2.515329599380493, -81.16849517822266, -79.26014709472656], [1079.1197509765625, -407.2143859863281, 119.49456787109375, 227.59036254882812, 96.34444427490234, 161.0145721435547, 291.27069091796875, 349.29010009765625, -37.50697326660156, 83.8719711303711, 127.70051574707031, 131.7861328125, 126.04991912841797], [3352.4169921875, -1165.59375, 130.94281005859375, 593.595703125, 383.6037292480469, 50.35030746459961, 349.29010009765625, 981.0179443359375, -133.5738983154297, 171.16473388671875, 351.41717529296875, 344.55120849609375, 442.7088317871094], [-1016.6121215820312, 372.54779052734375, 37.314449310302734, -20.839014053344727, -91.3428955078125, 116.29605102539062, -37.50697326660156, -133.5738983154297, 226.70181274414062, 26.413469314575195, -83.20806884765625, -123.56793212890625, -141.64474487304688], [662.0313720703125, -207.6201629638672, 32.178794860839844, 145.13832092285156, 80.8407974243164, 48.214134216308594, 83.8719711303711, 171.16473388671875, 26.413469314575195, 186.88638305664062, 96.26080322265625, 73.56230163574219, 79.2259292602539], [1693.74072265625, -620.1304321289062, 101.5564193725586, 297.5171813964844, 179.24383544921875, -2.515329599380493, 127.70051574707031, 351.41717529296875, -83.20806884765625, 96.26080322265625, 312.2171630859375, 227.89080810546875, 211.95091247558594], [1943.7022705078125, -703.3378295898438, 168.2255859375, 313.916015625, 152.4537353515625, -81.16849517822266, 131.7861328125, 344.55120849609375, -123.56793212890625, 73.56230163574219, 227.89080810546875, 372.2037658691406, 281.64801025390625], [2041.47705078125, -686.784912109375, 112.88343048095703, 279.7253112792969, 199.8446807861328, -79.26014709472656, 126.04991912841797, 442.7088317871094, -141.64474487304688, 79.2259292602539, 211.95091247558594, 281.64801025390625, 377.9112548828125]], "lowlevel.mfcc.icov": [[0.00031855664565227926, 0.00021258092601783574, -9.945750935003161e-05, 5.712997153750621e-05, -7.84574804129079e-05, 0.00022148326388560236, 5.16602085554041e-05, -0.0005149273201823235, 0.0003530582180246711, -0.0002454920904710889, -0.00023531512124463916, -0.00033484637970104814, -0.00010784240294015035], [0.00021258092601783574, 0.0006283112452365458, 0.00017720866890158504, 0.0002969370107166469, 0.00041354255517944694, -0.00023665370827075094, 0.00031088636023923755, -0.0002732458815444261, -0.00011716777953552082, -0.00013758655404672027, -3.2219195418292657e-05, -0.00017233517428394407, -0.0001997253712033853], [-9.945750935003161e-05, 0.00017720866890158504, 0.002248288132250309, -0.0006620492786169052, 0.000874933204613626, 0.00026599803823046386, -0.0011469463352113962, 0.000881386804394424, -0.0013369786320254207, 0.0005846270360052586, -5.569709537667222e-05, -0.00023824637173675, -0.0007939375936985016], [5.712997153750621e-05, 0.0002969370107166469, -0.0006620492786169052, 0.003332940861582756, -0.001469068811275065, -0.0014313219580799341, 0.0011691044783219695, -0.0012025802861899137, -0.0008799960487522185, -4.636105950339697e-05, -0.00028846468194387853, -0.0019172047032043338, 0.0007277857512235641], [-7.84574804129079e-05, 0.00041354255517944694, 0.000874933204613626, -0.001469068811275065, 0.0038952988106757402, 3.78318945877254e-05, 0.0004215334483888, -0.00011738322064047679, 0.00046301292604766786, -0.00023433237220160663, -0.0001513345050625503, 0.0011637405259534717, -0.0006134001305326819], [0.00022148326388560236, -0.00023665370827075094, 0.00026599803823046386, -0.0014313219580799341, 3.78318945877254e-05, 0.004834127612411976, -0.004012350924313068, 0.0006133465212769806, -0.0010869773104786873, -1.0699854101403616e-05, -0.0007603676640428603, 0.0016823862679302692, -0.0002654440177138895], [5.16602085554041e-05, 0.00031088636023923755, -0.0011469463352113962, 0.0011691044783219695, 0.0004215334483888, -0.004012350924313068, 0.010623159818351269, -0.004047323018312454, 0.00228009931743145, -0.0015393896028399467, 0.0007281095022335649, -0.0025240795221179724, 0.0025468163657933474], [-0.0005149273201823235, -0.0002732458815444261, 0.000881386804394424, -0.0012025802861899137, -0.00011738322064047679, 0.0006133465212769806, -0.004047323018312454, 0.00549321947619319, -0.0014224963961169124, 0.0003609888954088092, -0.0008690779213793576, 0.0020614839158952236, -0.003640299430117011], [0.0003530582180246711, -0.00011716777953552082, -0.0013369786320254207, -0.0008799960487522185, 0.00046301292604766786, -0.0010869773104786873, 0.00228009931743145, -0.0014224963961169124, 0.009202707558870316, -0.0031239164527505636, 0.0007058535702526569, 0.0006422365549951792, 0.0025932826101779938], [-0.0002454920904710889, -0.00013758655404672027, 0.0005846270360052586, -4.636105950339697e-05, -0.00023433237220160663, -1.0699854101403616e-05, -0.0015393896028399467, 0.0003609888954088092, -0.0031239164527505636, 0.00802797544747591, -0.0014547129394486547, 9.577499440638348e-05, -0.0009613382862880826], [-0.00023531512124463916, -3.2219195418292657e-05, -5.569709537667222e-05, -0.00028846468194387853, -0.0001513345050625503, -0.0007603676640428603, 0.0007281095022335649, -0.0008690779213793576, 0.0007058535702526569, -0.0014547129394486547, 0.007818208076059818, -0.002561517059803009, 0.00023230048827826977], [-0.00033484637970104814, -0.00017233517428394407, -0.00023824637173675, -0.0019172047032043338, 0.0011637405259534717, 0.0016823862679302692, -0.0025240795221179724, 0.0020614839158952236, 0.0006422365549951792, 9.577499440638348e-05, -0.002561517059803009, 0.00997151993215084, -0.004623971413820982], [-0.00010784240294015035, -0.0001997253712033853, -0.0007939375936985016, 0.0007277857512235641, -0.0006134001305326819, -0.0002654440177138895, 0.0025468163657933474, -0.0036402994301170