{"song_id": "1183718260529700984", "download": "https://cdn.discordapp.com/attachments/1135903449314238464/1183718260529700984/chirp.mp4?ex=65895a89&amp", "lyrics": "[Verse]\nKate, oh Kate, you light up my days\nWith your smile that never fades away\nYour kindness and grace, brighter than the sun\nIn my heart, you are the only one\n[Chorus]\nKate is the sweetest thing in my life\nHer love makes everything feel right\nWith her by my side, I'll never fall\nKate, forever you have my all", "style": ["Phonk"], "essentia_features": {"lowlevel.average_loudness": 0.9526341557502747, "lowlevel.barkbands_crest.mean": 17.242191314697266, "lowlevel.barkbands_crest.stdev": 6.012019634246826, "lowlevel.barkbands_flatness_db.mean": 0.26940596103668213, "lowlevel.barkbands_flatness_db.stdev": 0.12839210033416748, "lowlevel.barkbands_kurtosis.mean": 55.37912368774414, "lowlevel.barkbands_kurtosis.stdev": 128.3828125, "lowlevel.barkbands_skewness.mean": 4.5772294998168945, "lowlevel.barkbands_skewness.stdev": 4.223392486572266, "lowlevel.barkbands_spread.mean": 15.434684753417969, "lowlevel.barkbands_spread.stdev": 16.71696662902832, "lowlevel.dissonance.mean": 0.4445011615753174, "lowlevel.dissonance.stdev": 0.04607359692454338, "lowlevel.dynamic_complexity": 3.1130027770996094, "lowlevel.erbbands_crest.mean": 10.323546409606934, "lowlevel.erbbands_crest.stdev": 4.405043601989746, "lowlevel.erbbands_flatness_db.mean": 0.16773353517055511, "lowlevel.erbbands_flatness_db.stdev": 0.06349419057369232, "lowlevel.erbbands_kurtosis.mean": 2.772958517074585, "lowlevel.erbbands_kurtosis.stdev": 5.8766560554504395, "lowlevel.erbbands_skewness.mean": 0.48436570167541504, "lowlevel.erbbands_skewness.stdev": 1.5126031637191772, "lowlevel.erbbands_spread.mean": 50.814727783203125, "lowlevel.erbbands_spread.stdev": 31.960369110107422, "lowlevel.hfc.mean": 23.191638946533203, "lowlevel.hfc.stdev": 20.87929916381836, "lowlevel.loudness_ebu128.integrated": -11.301372528076172, "lowlevel.loudness_ebu128.loudness_range": 3.579395294189453, "lowlevel.loudness_ebu128.momentary.mean": -12.17941951751709, "lowlevel.loudness_ebu128.momentary.stdev": 3.851165533065796, "lowlevel.loudness_ebu128.short_term.mean": -11.469895362854004, "lowlevel.loudness_ebu128.short_term.stdev": 1.2335268259048462, "lowlevel.melbands_crest.mean": 26.18367576599121, "lowlevel.melbands_crest.stdev": 8.991523742675781, "lowlevel.melbands_flatness_db.mean": 0.34726330637931824, "lowlevel.melbands_flatness_db.stdev": 0.16143614053726196, "lowlevel.melbands_kurtosis.mean": 121.54706573486328, "lowlevel.melbands_kurtosis.stdev": 212.15977478027344, "lowlevel.melbands_skewness.mean": 6.985219955444336, "lowlevel.melbands_skewness.stdev": 5.4050822257995605, "lowlevel.melbands_spread.mean": 14.014152526855469, "lowlevel.melbands_spread.stdev": 24.53680419921875, "lowlevel.pitch_salience.mean": 0.3286508023738861, "lowlevel.pitch_salience.stdev": 0.20073212683200836, "lowlevel.silence_rate_20dB.mean": 1.0, "lowlevel.silence_rate_20dB.stdev": 0.0, "lowlevel.silence_rate_30dB.mean": 0.6030580997467041, "lowlevel.silence_rate_30dB.stdev": 0.48926299810409546, "lowlevel.silence_rate_60dB.mean": 0.0660550445318222, "lowlevel.silence_rate_60dB.stdev": 0.24837961792945862, "lowlevel.spectral_centroid.mean": 1285.3782958984375, "lowlevel.spectral_centroid.stdev": 1177.2039794921875, "lowlevel.spectral_complexity.mean": 9.49480152130127, "lowlevel.spectral_complexity.stdev": 7.867424488067627, "lowlevel.spectral_decrease.mean": -2.1538754779726332e-08, "lowlevel.spectral_decrease.stdev": 1.646174041525228e-08, "lowlevel.spectral_energy.mean": 0.08339577913284302, "lowlevel.spectral_energy.stdev": 0.062357496470212936, "lowlevel.spectral_energyband_high.mean": 0.0016272079665213823, "lowlevel.spectral_energyband_high.stdev": 0.0026611953508108854, "lowlevel.spectral_energyband_low.mean": 0.06883780658245087, "lowlevel.spectral_energyband_low.stdev": 0.0625571459531784, "lowlevel.spectral_energyband_middle_high.mean": 0.0025085697416216135, "lowlevel.spectral_energyband_middle_high.stdev": 0.003500551450997591, "lowlevel.spectral_energyband_middle_low.mean": 0.010969231836497784, "lowlevel.spectral_energyband_middle_low.stdev": 0.01759563758969307, "lowlevel.spectral_entropy.mean": 7.358267784118652, "lowlevel.spectral_entropy.stdev": 0.8077087998390198, "lowlevel.spectral_flux.mean": 0.09708838909864426, "lowlevel.spectral_flux.stdev": 0.09191799908876419, "lowlevel.spectral_kurtosis.mean": 9.574846267700195, "lowlevel.spectral_kurtosis.stdev": 26.0953426361084, "lowlevel.spectral_rms.mean": 0.00814927276223898, "lowlevel.spectral_rms.stdev": 0.0038666613399982452, "lowlevel.spectral_rolloff.mean": 927.4716186523438, "lowlevel.spectral_rolloff.stdev": 1941.614013671875, "lowlevel.spectral_skewness.mean": 1.8261317014694214, "lowlevel.spectral_skewness.stdev": 1.7001657485961914, "lowlevel.spectral_spread.mean": 6418213.5, "lowlevel.spectral_spread.stdev": 2577562.0, "lowlevel.spectral_strongpeak.mean": 0.738207995891571, "lowlevel.spectral_strongpeak.stdev": 0.6616393327713013, "lowlevel.zerocrossingrate.mean": 0.04601699858903885, "lowlevel.zerocrossingrate.stdev": 0.053689710795879364, "metadata.audio_properties.analysis.equal_loudness": 0.0, "metadata.audio_properties.analysis.length": 37.93065643310547, "metadata.audio_properties.analysis.sample_rate": 44100.0, "metadata.audio_properties.analysis.start_time": 0.0, "metadata.audio_properties.bit_rate": 120966.0, "metadata.audio_properties.length": 37.930667877197266, "metadata.audio_properties.lossless": 0.0, "metadata.audio_properties.number_channels": 1.0, "metadata.audio_properties.replay_gain": -13.8138427734375, "metadata.audio_properties.sample_rate": 48000.0, "rhythm.beats_count": 88.0, "rhythm.beats_loudness.mean": 0.11349070072174072, "rhythm.beats_loudness.stdev": 0.07006897777318954, "rhythm.bpm": 139.83392333984375, "rhythm.bpm_histogram_first_peak_bpm": 140.0, "rhythm.bpm_histogram_first_peak_weight": 0.26744186878204346, "rhythm.bpm_histogram_second_peak_bpm": 133.0, "rhythm.bpm_histogram_second_peak_spread": 0.0, "rhythm.bpm_histogram_second_peak_weight": 0.01149425283074379, "rhythm.danceability": 1.1307828426361084, "rhythm.onset_rate": 4.637312889099121, "tonal.chords_changes_rate": 0.07823961228132248, "tonal.chords_number_rate": 0.014669926837086678, "tonal.chords_strength.mean": 0.45221608877182007, "tonal.chords_strength.stdev": 0.0846410021185875, "tonal.hpcp_crest.mean": 12.751340866088867, "tonal.hpcp_crest.stdev": 5.204156398773193, "tonal.hpcp_entropy.mean": 2.065932512283325, "tonal.hpcp_entropy.stdev": 0.7006250023841858, "tonal.key_edma.strength": 0.5598990321159363, "tonal.key_krumhansl.strength": 0.5763669013977051, "tonal.key_temperley.strength": 0.6012759208679199, "tonal.tuning_diatonic_strength": 0.40235525369644165, "tonal.tuning_equal_tempered_deviation": 0.21021194756031036, "tonal.tuning_frequency": 434.193115234375, "tonal.tuning_nontempered_energy_ratio": 0.8911994099617004, "lowlevel.barkbands.mean": [0.008324464783072472, 0.057035014033317566, 0.0029778804164379835, 0.002730478998273611, 0.0036879500839859247, 0.0009666127734817564, 0.0011941082775592804, 0.0010272283107042313, 0.0012796714436262846, 0.0005200508167035878, 0.00023732721456326544, 0.0002845613635145128, 0.00029492127941921353, 0.00032316186116077006, 0.00018711370648816228, 0.00011819217615993693, 0.0001933860476128757, 0.00022910675033926964, 0.00012137709563830867, 9.314173803431913e-05, 0.0002992981462739408, 0.00046450417721644044, 0.00025113127776421607, 0.0001916771288961172, 0.0003183658409398049, 4.455363887245767e-05, 3.6924436130902905e-07], "lowlevel.barkbands.stdev": [0.012871026061475277, 0.05711264908313751, 0.012894629500806332, 0.008050529286265373, 0.006694580893963575, 0.002533300779759884, 0.0026885599363595247, 0.0021762996912002563, 0.0026299336459487677, 0.0016773060197010636, 0.0006272984901443124, 0.0007263141451403499, 0.0007035727030597627, 0.0009692562744021416, 0.0006697529461234808, 0.00022544652165379375, 0.0003368535253684968, 0.0005753058358095586, 0.0005363089148886502, 0.00047949535655789077, 0.0008513944339938462, 0.000938768032938242, 0.0004415910807438195, 0.00026748853269964457, 0.0004412093840073794, 0.00011617695417953655, 1.1804593214037595e-06], "lowlevel.erbbands.mean": [2.6839847564697266, 8.587516784667969, 5.114083290100098, 6.370667457580566, 14.04870891571045, 10.563680648803711, 5.0975236892700195, 9.754571914672852, 16.582937240600586, 17.22089385986328, 28.105087280273438, 24.153779983520508, 21.026357650756836, 11.930865287780762, 10.05899715423584, 11.4689359664917, 12.95703125, 15.453853607177734, 14.695178985595703, 6.945066452026367, 7.446033477783203, 12.282953262329102, 12.829977035522461, 7.756904602050781, 4.969886779785156, 4.430906772613525, 8.52774429321289, 13.974461555480957, 17.250463485717773, 12.679895401000977, 6.138192176818848, 2.4089953899383545, 4.654921531677246, 4.9779887199401855, 1.2855162620544434, 0.28033947944641113, 0.0683489516377449, 0.006643810775130987, 0.0001907352270791307, 0.00010353817197028548], "lowlevel.erbbands.stdev": [2.485206365585327, 12.090800285339355, 15.763784408569336, 21.106319427490234, 26.648080825805664, 21.961997985839844, 17.229385375976562, 23.13521385192871, 38.96335220336914, 37.21867752075195, 51.56889724731445, 55.150489807128906, 48.982505798339844, 27.7274112701416, 26.567148208618164, 26.7698917388916, 31.7104434967041, 40.786285400390625, 49.30618667602539, 14.239109992980957, 13.933775901794434, 20.716310501098633, 29.348478317260742, 29.85008430480957, 23.123445510864258, 22.094921112060547, 29.657880783081055, 36.222618103027344, 35.403018951416016, 24.0302791595459, 10.748531341552734, 4.63373327255249, 6.175029277801514, 6.866370677947998, 2.031345844268799, 0.6772498488426208, 0.18521542847156525, 0.01567666418850422, 0.00031523924553766847, 6.80665616528131e-05], "lowlevel.gfcc.mean": [-47.97947311401367, 83.14207458496094, -75.0880355834961, 37.21462631225586, -53.645469665527344, 35.211238861083984, -34.247318267822266, 17.875972747802734, -6.094939231872559, 3.407308340072632, -17.193449020385742, 3.361926555633545, -6.389695167541504], "lowlevel.melbands.mean": [0.0196100901812315, 0.005203330423682928, 0.0013560514198616147, 0.0009394277585670352, 0.00021076796110719442, 0.00021599627507384866, 0.00024801495601423085, 0.00019582072854973376, 0.00024313325411640108, 0.00014889730664435774, 0.00010707388719310984, 5.3108604333829135e-05, 3.279176962678321e-05, 2.8708889658446424e-05, 3.551325426087715e-05, 2.773152300505899e-05, 2.8231537726242095e-05, 2.661134203663096e-05, 1.1344994163664524e-05, 7.327764706133166e-06, 8.686640285304748e-06, 1.16410801638267e-05, 1.5934372640913352e-05, 8.047013579925988e-06, 6.147156909719342e-06, 4.133086349611403e-06, 2.7596433938015252e-06, 2.9393911518127425e-06, 4.173897650616709e-06, 7.868223292462062e-06, 8.14084069133969e-06, 9.767057235876564e-06, 9.047893399838358e-06, 6.425113951991079e-06, 3.998544798378134e-06, 1.8741474150374415e-06, 1.193174057334545e-06, 2.492707835699548e-06, 5.095212145533878e-06, 3.927939360437449e-06], "lowlevel.melbands.stdev": [0.018080705776810646, 0.009398250840604305, 0.003686297684907913, 0.0016830585664138198, 0.0006465723854489625, 0.0005009736632928252, 0.0005736297462135553, 0.0004110206209588796, 0.0004610012110788375, 0.00033482254366390407, 0.0002618377038743347, 0.00013841282634530216, 8.638080180389807e-05, 8.105806045932695e-05, 8.487302693538368e-05, 6.519632006529719e-05, 8.052325574681163e-05, 9.515733836451545e-05, 2.7654090445139445e-05, 1.430281645298237e-05, 1.725212496239692e-05, 1.9883480490534566e-05, 3.274000118835829e-05, 2.449001658533234e-05, 2.5385073968209326e-05, 1.9773849999182858e-05, 1.338896072411444e-05, 1.5873760276008397e-05, 1.717700251901988e-05, 2.373571987845935e-05, 2.070070695481263e-05, 2.0666702766902745e-05, 1.8731934687821195e-05, 1.2118498489144258e-05, 7.127453500288539e-06, 3.6508365610643523e-06, 2.5499325602140743e-06, 3.6624430777010275e-06, 6.657488938799361e-06, 5.721595698560122e-06], "lowlevel.melbands128.mean": [0.00766292167827487, 0.025080010294914246, 0.023861290886998177, 0.011044771410524845, 0.0032521309331059456, 0.0013421931071206927, 0.0011541247367858887, 0.0014828083803877234, 0.0015198191395029426, 0.001043477444909513, 0.0005026151775382459, 0.00022978160995990038, 0.0001353680418105796, 0.00016671432240400463, 0.00021340146486181766, 0.00023609527852386236, 0.00027333927573636174, 0.0002742014767136425, 0.0001731072406983003, 0.00018585924408398569, 0.0002026871807174757, 0.0002554293896537274, 0.00023106626758817583, 0.00028171975282020867, 0.0001302400924032554, 0.00011058743257308379, 0.00014749480760656297, 6.892821693327278e-05, 0.00013976231275592, 4.785030978382565e-05, 3.343949720147066e-05, 3.1487994419876486e-05, 3.5338020097697154e-05, 2.9780429031234235e-05, 3.309870226075873e-05, 2.3937789592309855e-05, 2.617964128148742e-05, 4.5360022340901196e-05, 3.711135286721401e-05, 1.9066368622588925e-05, 2.1004383597755805e-05, 4.8634432459948584e-05, 2.5216011636075564e-05, 1.3507978110283148e-05, 4.196211739326827e-05, 2.8844333428423852e-05, 1.259516466234345e-05, 1.3020256119489204e-05, 8.83244865690358e-06, 8.508378414262552e-06, 6.422601018130081e-06, 6.46861053610337e-06, 1.0477135219844058e-05, 8.243366210081149e-06, 8.235111636167858e-06, 1.4027820725459605e-05, 1.1223472938581835e-05, 1.6641586626064964e-05, 1.999679079744965e-05, 9.700313057692256e-06, 7.111096692824503e-06, 6.346129794110311e-06, 7.050814929243643e-06, 6.095222033764003e-06, 5.009500000596745e-06, 4.0989966691995505e-06, 3.6554508824337972e-06, 2.911465799115831e-06, 2.583518835308496e-06, 2.5171905235765735e-06, 2.383921128057409e-06, 3.713688556672423e-06, 3.4996821796084987e-06, 3.869492502417415e-06, 4.971779162588064e-06, 8.69372070155805e-06, 8.977198376669548e-06, 7.137601642170921e-06, 8.525354132871144e-06, 8.235599125328008e-06, 9.134976608038414e-06, 1.0979699254676234e-05, 1.0175657735089771e-05, 9.233154742105398e-06, 7.865901352488436e-06, 6.232387477211887e-06, 6.390495855157496e-06, 5.8077334870176855e-06, 3.854405349557055e-06, 2.6700804482970852e-06, 2.41388534050202e-06, 1.4721927072969265e-06, 1.3698459042643663e-06, 1.0117994406755315e-06, 1.1610820820351364e-06, 1.5934190287225647e-06, 2.5772976641746936e-06, 4.026601345685776e-06, 5.28542477695737e-06, 5.738409072364448e-06, 4.889824595011305e-06, 3.5068896977463737e-06, 3.0170938316587126e-06, 2.111950607286417e-06, 1.139152573159663e-06, 6.595262789232947e-07, 6.78998617331672e-07, 7.07662479726423e-07, 4.4614506578000146e-07, 2.3672316729062004e-07, 2.2832699642094667e-07, 2.3397169002237206e-07, 2.3580979302550986e-07, 1.8863296702420485e-07, 1.270284855081627e-07, 5.462747054707506e-08, 1.5077699089260932e-08, 2.4568433953930935e-09, 1.2233768165170744e-10, 2.8910297766859827e-11, 2.5714199866633258e-11, 1.5928272589782466e-11, 1.3403231649555813e-11, 1.2756186731910368e-11, 1.1631759791463914e-11, 9.820542816452171e-12, 8.8926123409383e-12, 8.728059941454092e-12], "lowlevel.melbands128.stdev": [0.011329011991620064, 0.024651305750012398, 0.027009600773453712, 0.018940459936857224, 0.01011425256729126, 0.005791683681309223, 0.004556083120405674, 0.0038790483959019184, 0.0028847823850810528, 0.0021054232493042946, 0.0012633373262360692, 0.0008317210013046861, 0.0006079163285903633, 0.0006965044303797185, 0.0006114473799243569, 0.0005806717090308666, 0.0006523915217258036, 0.0009161405614577234, 0.0004909212584607303, 0.0006188929546624422, 0.0005411300808191299, 0.0007223995053209364, 0.0005942177376709878, 0.0007862156489863992, 0.0005145159084349871, 0.00037345182499848306, 0.000458503287518397, 0.00020289419626351446, 0.0005819914513267577, 0.00015291472664102912, 0.00011453051411081105, 9.428022895008326e-05, 0.00011602202721405774, 0.0001257507537957281, 0.0001358313747914508, 9.513556869933382e-05, 8.998156408779323e-05, 0.0001351860846625641, 0.00012962396431248635, 9.78871394181624e-05, 6.031091106706299e-05, 0.00014871805615257472, 0.00012973281263839453, 4.83652220282238e-05, 0.00020437756029423326, 0.00015793790225870907, 5.595068068942055e-05, 4.215956505504437e-05, 2.3442355086444877e-05, 2.536304236855358e-05, 1.6115822290885262e-05, 1.5663459635106847e-05, 2.5569795980118215e-05, 2.1706380721298046e-05, 1.785053791536484e-05, 2.863103691197466e-05, 2.5024044589372352e-05, 3.5630466300062835e-05, 4.951727532898076e-05, 2.864132147806231e-05, 2.393912654952146e-05, 2.7928748750127852e-05, 3.1365656468551606e-05, 2.9965725843794644e-05, 2.2550433641299605e-05, 2.416475399513729e-05, 2.0141784261795692e-05, 1.4708532944496255e-05, 1.4522331184707582e-05, 1.2724933185381815e-05, 1.2505126505857334e-05, 2.491959821782075e-05, 1.9692821297212504e-05, 1.6139983927132562e-05, 1.7836982806329615e-05, 3.0174554922268726e-05, 2.7980853701592423e-05, 2.2541307771462016e-05, 2.235566353192553e-05, 2.223941010015551e-05, 2.1053472664789297e-05, 2.4698081688256934e-05, 2.3776796297170222e-05, 2.113435766659677e-05, 1.832562338677235e-05, 1.3106765436532442e-05, 1.2545780009531882e-05, 1.1999224625469651e-05, 7.057274615362985e-06, 5.064317065262003e-06, 5.071993655292317e-06, 3.087966661041719e-06, 3.567821750039002e-06, 2.5937069949577563e-06, 2.5927417937054997e-06, 3.12698784910026e-06, 4.334431650931947e-06, 6.184630819916492e-06, 7.102431027306011e-06, 8.267498742497992e-06, 7.64174183132127e-06, 5.632579359371448e-06, 4.69739416075754e-06, 3.753451892407611e-06, 2.3116465399652952e-06, 1.4943009318812983e-06, 1.5471372307729325e-06, 1.6601338757027406e-06, 1.2836519545089686e-06, 9.588069360688678e-07, 8.232256050177966e-07, 7.408322062474326e-07, 7.176196277214331e-07, 5.10664619923773e-07, 3.067336820095079e-07, 1.6689726578533737e-07, 4.16111873846603e-08, 1.4018396221615603e-08, 2.29371566184966e-09, 4.287108168465892e-10, 3.6470543252065113e-10, 1.0237791170375488e-10, 8.361709241677673e-11, 7.509576988029565e-11, 5.3512801828636825e-11, 2.3228891032900378e-11, 1.3483976955830368e-11, 1.320477754918059e-11], "lowlevel.mfcc.mean": [-702.6461181640625, 114.91285705566406, 39.92089080810547, 12.987641334533691, 18.791410446166992, 16.21186637878418, -2.7051596641540527, 14.801949501037598, 18.339818954467773, -5.536196231842041, 19.34053611755371, 2.0979814529418945, -1.4403610229492188], "lowlevel.spectral_contrast_coeffs.mean": [-0.6641718745231628, -0.7425939440727234, -0.78404700756073, -0.8028877973556519, -0.7737718820571899, -0.7577258348464966], "lowlevel.spectral_contrast_coeffs.stdev": [0.1066468134522438, 0.11046358197927475, 0.08460323512554169, 0.06113755702972412, 0.06072557345032692, 0.05620770528912544], "lowlevel.spectral_contrast_valleys.mean": [-7.30175256729126, -7.439957618713379, -8.149666786193848, -8.418060302734375, -8.858750343322754, -10.4158353805542], "lowlevel.spectral_contrast_valleys.stdev": [1.4260603189468384, 0.8680112361907959, 0.8877496719360352, 1.0057337284088135, 1.5532475709915161, 1.9995583295822144], "rhythm.beats_loudness_band_ratio.mean": [0.7860689759254456, 0.057799674570560455, 0.07209788262844086, 0.029423566535115242, 0.024697303771972656, 0.05435661971569061], "rhythm.beats_loudness_band_ratio.stdev": [0.28356078267097473, 0.09866569936275482, 0.1395949125289917, 0.07248008996248245, 0.05136643722653389, 0.13466477394104004], "tonal.hpcp.mean": [0.15654107928276062, 0.1513378769159317, 0.05307967960834503, 0.036114197224378586, 0.047837790101766586, 0.05762765184044838, 0.06385530531406403, 0.08363654464483261, 0.06625967472791672, 0.044611066579818726, 0.04962488263845444, 0.04912764951586723, 0.06098322570323944, 0.05977920815348625, 0.05148804560303688, 0.07217089831829071, 0.07062553614377975, 0.052491445094347, 0.06137475743889809, 0.05565497279167175, 0.049193207174539566, 0.10871123522520065, 0.17910589277744293, 0.13798114657402039, 0.06388600170612335, 0.04614347964525223, 0.0883420780301094, 0.23478278517723083, 0.21920351684093475, 0.07494616508483887, 0.04644966125488281, 0.043381527066230774, 0.046862661838531494, 0.09219850599765778, 0.09961971640586853, 0.07363646477460861], "tonal.hpcp.stdev": [0.31835120916366577, 0.32273995876312256, 0.15660832822322845, 0.13603824377059937, 0.16159260272979736, 0.19077074527740479, 0.1708919256925583, 0.2269790768623352, 0.19975529611110687, 0.157075434923172, 0.1766551434993744, 0.1698688417673111, 0.17170457541942596, 0.15876586735248566, 0.1475910097360611, 0.21545349061489105, 0.20761150121688843, 0.16308310627937317, 0.17104825377464294, 0.1621728390455246, 0.15280009806156158, 0.2521229684352875, 0.3401990234851837, 0.2869134843349457, 0.18340632319450378, 0.14249612390995026, 0.19303078949451447, 0.37697896361351013, 0.34582918882369995, 0.1944475919008255, 0.15897925198078156, 0.15848654508590698, 0.15084783732891083, 0.23337025940418243, 0.24461543560028076, 0.18997985124588013], "rhythm.beats_position": [0.4411791265010834, 0.8823582530021667, 1.3235373497009277, 1.7763265371322632, 2.217505693435669, 2.635464906692505, 3.076643943786621, 3.5178229808807373, 3.947392225265503, 4.3769612312316895, 4.794920444488525, 5.224489688873291, 5.654058933258057, 6.083628177642822, 6.51319694519043, 6.942766189575195, 7.372335433959961, 7.801904678344727, 8.231473922729492, 8.661043167114258, 9.102222442626953, 9.520181655883789, 9.961359977722168, 10.379319190979004, 10.80888843536377, 11.238457679748535, 11.656416893005371, 12.097596168518066, 12.515555381774902, 12.945124626159668, 13.374693870544434, 13.8042631149292, 14.233832359313965, 14.663400650024414, 15.09296989440918, 15.522539138793945, 15.952108383178711, 16.381677627563477, 16.811246871948242, 17.229206085205078, 17.658775329589844, 18.08834457397461, 18.517913818359375, 18.94748306274414, 19.377052307128906, 19.806621551513672, 20.236190795898438, 20.665760040283203, 21.08371925354004, 21.5248966217041, 21.954465866088867, 22.384035110473633, 22.80199432373047, 23.231563568115234, 23.6611328125, 24.090702056884766, 24.52027130126953, 24.938230514526367, 25.367799758911133, 25.7973690032959, 26.226938247680664, 26.65650749206543, 27.086076736450195, 27.51564598083496, 27.945215225219727, 28.374784469604492, 28.804353713989258, 29.233922958374023, 29.66349220275879, 30.093061447143555, 30.52263069152832, 30.952198028564453, 31.38176727294922, 31.811336517333984, 32.24090576171875, 32.670475006103516, 33.088436126708984, 33.51800537109375, 33.947574615478516, 34.37714385986328, 34.80671310424805, 35.22467041015625, 35.66584777832031, 36.09541702270508, 36.524986267089844, 36.95455551147461, 37.384124755859375, 37.802085876464844], "rhythm.bpm_histogram": [0.0, 0.0, 0.0, 0.0, 0.0, 0.0, 0.0, 0.0, 0.0, 0.0, 0.0, 0.0, 0.0, 0.0, 0.0, 0.0, 0.0, 0.0, 0.0, 0.0, 0.0, 0.0, 0.0, 0.0, 0.0, 0.0, 0.0, 0.0, 0.0, 0.0, 0.0, 0.0, 0.0, 0.0, 0.0, 0.0, 0.0, 0.0, 0.0, 0.0, 0.0, 0.0, 0.0, 0.0, 0.0, 0.0, 0.0, 0.0, 0.0, 0.0, 0.0, 0.0, 0.0, 0.0, 0.0, 0.0, 0.0, 0.0, 0.0, 0.0, 0.0, 0.0, 0.0, 0.0, 0.0, 0.0, 0.0, 0.0, 0.0, 0.0, 0.0, 0.0, 0.0, 0.0, 0.0, 0.0, 0.0, 0.0, 0.0, 0.0, 0.0, 0.0, 0.0, 0.0, 0.0, 0.0, 0.0, 0.0, 0.0, 0.0, 0.0, 0.0, 0.0, 0.0, 0.0, 0.0, 0.0, 0.0, 0.0, 0.0, 0.0, 0.0, 0.0, 0.0, 0.0, 0.0, 0.0, 0.0, 0.0, 0.0, 0.0, 0.0, 0.0, 0.0, 0.0, 0.0, 0.0, 0.0, 0.0, 0.0, 0.0, 0.0, 0.0, 0.0, 0.0, 0.0, 0.0, 0.0, 0.0, 0.0, 0.0, 0.0, 0.0, 0.01149425283074379, 0.0, 0.0, 0.1149425283074379, 0.0, 0.0, 0.0, 0.7241379022598267, 0.0, 0.0, 0.0, 0.14942528307437897, 0.0, 0.0, 0.0, 0.0, 0.0, 0.0, 0.0, 0.0, 0.0, 0.0, 0.0, 0.0, 0.0, 0.0, 0.0, 0.0, 0.0, 0.0, 0.0, 0.0, 0.0, 0.0, 0.0, 0.0, 0.0, 0.0, 0.0, 0.0, 0.0, 0.0, 0.0, 0.0, 0.0, 0.0, 0.0, 0.0, 0.0, 0.0, 0.0, 0.0, 0.0, 0.0, 0.0, 0.0, 0.0, 0.0, 0.0, 0.0, 0.0, 0.0, 0.0, 0.0, 0.0, 0.0, 0.0, 0.0, 0.0, 0.0, 0.0, 0.0, 0.0, 0.0, 0.0, 0.0, 0.0, 0.0, 0.0, 0.0, 0.0, 0.0, 0.0, 0.0, 0.0, 0.0, 0.0, 0.0, 0.0, 0.0, 0.0, 0.0, 0.0, 0.0, 0.0, 0.0, 0.0, 0.0, 0.0, 0.0, 0.0, 0.0, 0.0, 0.0, 0.0, 0.0, 0.0, 0.0, 0.0, 0.0, 0.0, 0.0, 0.0, 0.0, 0.0, 0.0, 0.0], "tonal.chords_histogram": [18.09290885925293, 19.926651000976562, 3.422982931137085, 2.078239679336548, 21.149145126342773, 3.422982931137085, 0.0, 0.48899754881858826, 1.4669926166534424, 0.0, 1.7114914655685425, 0.0, 0.0, 0.0, 1.955990195274353, 1.955990195274353, 0.0, 0.0, 0.0, 0.0, 0.24449877440929413, 0.8557457327842712, 7.212713718414307, 16.01466941833496], "tonal.thpcp": [1.0, 0.9336438775062561, 0.31921491026878357, 0.19784100353717804, 0.1847730278968811, 0.19960007071495056, 0.3926970362663269, 0.42430588603019714, 0.31363657116889954, 0.6667485237121582, 0.6445867419242859, 0.22607994079589844, 0.15381962060928345, 0.20375339686870575, 0.2454509288072586, 0.2719760835170746, 0.3562294542789459, 0.2822169065475464, 0.1900099515914917, 0.21136508882045746, 0.20924723148345947, 0.25974318385124207, 0.2546149492263794, 0.219300776720047, 0.3073943257331848, 0.3008122444152832, 0.22357450425624847, 0.26141080260276794, 0.23704877495765686, 0.20952646434307098, 0.46302899718284607, 0.7628578543663025, 0.5876970291137695, 0.2721068263053894, 0.19653689861297607, 0.3762715458869934], "lowlevel.gfcc.cov": [[14978.96484375, -3839.505126953125, 202.22500610351562, 1101.309814453125, -1865.2796630859375, 972.3400268554688, -1347.0406494140625, 508.5860290527344, -939.5336303710938, 686.3768310546875, -676.1195678710938, 304.8379211425781, -339.7722473144531], [-3839.505126953125, 3821.372802734375, 1038.8868408203125, -785.4586791992188, 1282.3642578125, -131.29393005371094, 793.6499633789062, -143.51199340820312, 555.0921630859375, -354.55902099609375, 452.5290832519531, -181.28488159179688, 233.84652709960938], [202.22500610351562, 1038.8868408203125, 1822.5946044921875, 511.5916748046875, 655.846923828125, 340.2796936035156, 535.5853271484375, 73.05280303955078, 193.8639678955078, 67.57090759277344, 168.6589813232422, 3.382232427597046, 136.7893524169922], [1101.309814453125, -785.4586791992188, 511.5916748046875, 1425.255615234375, 13.8632230758667, 194.25274658203125, 214.24197387695312, 50.69430923461914, 59.52216720581055, 146.61892700195312, 60.299251556396484, 78.51244354248047, 107.06497955322266], [-1865.2796630859375, 1282.3642578125, 655.846923828125, 13.8632230758667, 1201.6978759765625, 108.77849578857422, 513.564453125, 210.83395385742188, 350.899658203125, -22.66013526916504, 266.38189697265625, 11.90821647644043, 173.52737426757812], [972.3400268554688, -131.29393005371094, 340.2796936035156, 194.25274658203125, 108.77849578857422, 572.68505859375, 338.6919250488281, 167.73890686035156, 57.050384521484375, 172.41879272460938, 30.97503089904785, 27.160194396972656, 79.94165802001953], [-1347.0406494140625, 793.6499633789062, 535.5853271484375, 214.24197387695312, 513.564453125, 338.6919250488281, 856.7941284179688, 67.86711120605469, 253.5491943359375, 39.684776306152344, 222.04270935058594, 4.493389129638672, 187.2000274658203], [508.5860290527344, -143.51199340820312, 73.05280303955078, 50.69430923461914, 210.83395385742188, 167.73890686035156, 67.86711120605469, 306.7931823730469, 92.48117065429688, 104.26395416259766, 43.77095031738281, 100.97219848632812, 35.76261901855469], [-939.5336303710938, 555.0921630859375, 193.8639678955078, 59.52216720581055, 350.899658203125, 57.050384521484375, 253.5491943359375, 92.48117065429688, 318.2083740234375, 26.822717666625977, 138.6343231201172, 26.31487464904785, 116.7546157836914], [686.3768310546875, -354.55902099609375, 67.57090759277344, 146.61892700195312, -22.66013526916504, 172.41879272460938, 39.684776306152344, 104.26395416259766, 26.822717666625977, 211.16943359375, 17.178892135620117, 51.419822692871094, 15.907925605773926], [-676.1195678710938, 452.5290832519531, 168.6589813232422, 60.299251556396484, 266.38189697265625, 30.97503089904785, 222.04270935058594, 43.77095031738281, 138.6343231201172, 17.178892135620117, 199.88134765625, 39.6674690246582, 72.04854583740234], [304.8379211425781, -181.28488159179688, 3.382232427597046, 78.51244354248047, 11.90821647644043, 27.160194396972656, 4.493389129638672, 100.97219848632812, 26.31487464904785, 51.419822692871094, 39.6674690246582, 146.93687438964844, 30.233198165893555], [-339.7722473144531, 233.84652709960938, 136.7893524169922, 107.06497955322266, 173.52737426757812, 79.94165802001953, 187.2000274658203, 35.76261901855469, 116.7546157836914, 15.907925605773926, 72.04854583740234, 30.233198165893555, 139.0744171142578]], "lowlevel.gfcc.icov": [[0.00022577930940315127, -0.00018584186909720302, -5.600515578407794e-05, -0.00023374229203909636, 0.00028304336592555046, -0.0004460987402126193, 0.0004377653531264514, -0.00045048195170238614, 0.0005229135858826339, -0.0003581354394555092, 0.00032033573370426893, -0.00027573955594561994, 2.492729436198715e-05], [-0.00018584186909720302, 0.0016929556149989367, -0.0006827836623415351, 0.0012278088834136724, -0.0006729862070642412, 0.0005296021699905396, -0.0005573429516516626, 0.0011289125541225076, -0.0016935619059950113, 0.001959891291335225, -0.0021220436319708824, 0.001340163522399962, -0.0005735160084441304], [-5.600515578407794e-05, -0.0006827836623415351, 0.0012411806965246797, -0.0006995954317972064, -0.00038694351678714156, -0.00041214152588509023, -0.0001175548168248497, 0.00021508897771127522, 0.00048372623859904706, -0.0006884275935590267, 0.0008377695339731872, -0.0005965004093013704, 0.0005199688603170216], [-0.00023374229203909636, 0.0012278088834136724, -0.0006995954317972064, 0.0018404253059998155, -0.0003694822371471673, 0.0006734677008353174, -0.0006901395390741527, 0.0009991548722609878, -0.0012986991787329316, 0.0009902711026370525, -0.0015825078589841723, 0.0007900588097982109, -0.000993278343230486], [0.00028304336592555046, -0.0006729862070642412, -0.00038694351678714156, -0.0003694822371471673, 0.0026304922066628933, 8.1440775829833e-06, 0.00012713359319604933, -0.002568073570728302, 0.00037280601100064814, -0.0002664551429916173, -0.00031512806890532374, 0.000559773005079478, -0.0005503887077793479], [-0.0004460987402126193, 0.0005296021699905396, -0.00041214152588509023, 0.0006734677008353174, 8.1440775829833e-06, 0.005117231514304876, -0.002692334819585085, -0.0011986782774329185, -0.00021096428099554032, -0.0014410900184884667, 0.0002481078263372183, 0.0019347232300788164, -0.0013200046960264444], [0.0004377653531264514, -0.0005573429516516626, -0.0001175548168248497, -0.0006901395390741527, 0.00012713359319604933, -0.002692334819585085, 0.003954470623284578, -5.5429474741686136e-05, 0.0005565502215176821, -0.0001626878511160612, -0.0009749248856678605, -0.00036690468550659716, -0.001129899057559669], [-0.00045048195170238614, 0.0011289125541225076, 0.00021508897771127522, 0.0009991548722609878, -0.002568073570728302, -0.0011986782774329185, -5.5429474741686136e-05, 0.008622544817626476, -0.003023501019924879, 0.00020045974815730006, -0.0004924866370856762, -0.0033628714736551046, 0.0012726223794743419], [0.0005229135858826339, -0.0016935619059950113, 0.00048372623859904706, -0.0012986991787329316, 0.00037280601100064814, -0.00021096428099554032, 0.0005565502215176821, -0.003023501019924879, 0.0087882736697793, -0.0030189398676156998, 0.00044345148489810526, -0.0004779780865646899, -0.002824740018695593], [-0.0003581354394555092, 0.001959891291335225, -0.0006884275935590267, 0.0009902711026370525, -0.0002664551429916173, -0.0014410900184884667, -0.0001626878511160612, 0.00020045974815730006, -0.0030189398676156998, 0.010302548296749592, -0.0036381990648806095, 0.0006866863113828003, 0.0001641119597479701], [0.00032033573370426893, -0.0021220436319708824, 0.0008377695339731872, -0.0015825078589841723, -0.00031512806890532374, 0.0002481078263372183, -0.0009749248856678605, -0.0004924866370856762, 0.00044345148489810526, -0.0036381990648806095, 0.012849644757807255, -0.004550440236926079, 0.0008107319008558989], [-0.00027573955594561994, 0.001340163522399962, -0.0005965004093013704, 0.0007900588097982109, 0.000559773005079478, 0.0019347232300788164, -0.00036690468550659716, -0.0033628714736551046, -0.0004779780865646899, 0.0006866863113828003, -0.004550440236926079, 0.01231465395539999, -0.003397473366931081], [2.492729436198715e-05, -0.0005735160084441304, 0.0005199688603170216, -0.000993278343230486, -0.0005503887077793479, -0.0013200046960264444, -0.001129899057559669, 0.0012726223794743419, -0.002824740018695593, 0.0001641119597479701, 0.0008107319008558989, -0.003397473366931081, 0.013779200613498688]], "lowlevel.mfcc.cov": [[15153.7109375, -4546.17578125, 710.2188720703125, -293.0483093261719, -410.0599060058594, -248.4320831298828, -273.6658630371094, -597.5242309570312, -208.86468505859375, -370.54541015625, 57.95688247680664, -593.413818359375, -31.320127487182617], [-4546.17578125, 4411.52734375, 180.3768768310547, -262.6630859375, 567.8363037109375, 146.32199096679688, 381.2026062011719, 384.0041198730469, 202.5070037841797, 204.45196533203125, 89.99993896484375, 308.5986328125, 56.14677047729492], [710.2188720703125, 180.3768768310547, 1233.4658203125, 471.07672119140625, 62.609256744384766, 412.10211181640625, 267.35394287109375, 107.81497955322266, 121.03485870361328, 112.337158203125, 0.1731412410736084, 98.6719970703125, 109.44792938232422], [-293.0483093261719, -262.6630859375, 471.07672119140625, 1081.863037109375, 264.4259948730469, 286.52337646484375, 174.55645751953125, 169.5534210205078, 68.79825592041016, 179.02703857421875, -35.17738723754883, 83.28913116455078, 149.4467010498047], [-410.0599060058594, 567.8363037109375, 62.609256744384766, 264.4259948730469, 627.5017700195312, 29.495281219482422, 105.2735595703125, 136.05316162109375, 128.59837341308594, 110.56742095947266, 99.42377471923828, 40.82900619506836, 102.13545989990234], [-248.4320831298828, 146.32199096679688, 412.10211181640625, 286.52337646484375, 29.495281219482422, 507.53021240234375, 343.7519226074219, 176.81248474121094, 198.90940856933594, 211.63294982910156, 52.36856460571289, 120.30046081542969, 93.763427734375], [-273.6658630371094, 381.2026062011719, 267.35394287109375, 174.55645751953125, 105.2735595703125, 343.7519226074219, 508.53900146484375, 234.78451538085938, 197.282470703125, 194.577392578125, 86.37625122070312, 135.0137481689453, 111.1395034790039], [-597.5242309570312, 384.0041198730469, 107.81497955322266, 169.5534210205078, 136.05316162109375, 176.81248474121094, 234.78451538085938, 319.9449462890625, 174.85366821289062, 131.14146423339844, 74.0507583618164, 121.63621520996094, 115.44090270996094], [-208.86468505859375, 202.5070037841797, 121.03485870361328, 68.79825592041016, 128.59837341308594, 198.90940856933594, 197.282470703125, 174.85366821289062, 293.5101623535156, 139.81158447265625, 100.30598449707031, 78.86235046386719, 100.53546905517578], [-370.54541015625, 204.45196533203125, 112.337158203125, 179.02703857421875, 110.56742095947266, 211.63294982910156, 194.577392578125, 131.14146423339844, 139.81158447265625, 248.781005859375, 65.75605010986328, 92.50373077392578, 78.7651138305664], [57.95688247680664, 89.99993896484375, 0.1731412410736084, -35.17738723754883, 99.42377471923828, 52.36856460571289, 86.37625122070312, 74.0507583618164, 100.30598449707031, 65.75605010986328, 180.59495544433594, 56.119693756103516, 60.58198165893555], [-593.413818359375, 308.5986328125, 98.6719970703125, 83.28913116455078, 40.82900619506836, 120.30046081542969, 135.0137481689453, 121.63621520996094, 78.86235046386719, 92.50373077392578, 56.119693756103516, 176.437744140625, 69.98992156982422], [-31.320127487182617, 56.14677047729492, 109.44792938232422, 149.4467010498047, 102.13545989990234, 93.763427734375, 111.1395034790039, 115.44090270996094, 100.53546905517578, 78.7651138305664, 60.58198165893555, 69.98992156982422, 161.11050415039062]], "lowlevel.mfcc.icov": [[0.00013204722199589014, 0.00014387346163857728, -0.00017486208525951952, 0.00013308183406479657, -7.110885053407401e-05, 0.00010091589501826093, -0.0001226239837706089, 5.7761553762247786e-05, 4.5290136768016964e-05, 7.991222446435131e-06, -0.0001236272364621982, 0.00028772716177627444, -0.00011025300773326308], [0.00014387346163857728, 0.0005333019071258605, -0.000296581769362092, 0.00047788865049369633, -0.0005325234960764647, 0.0001577621151227504, -0.00022354065731633455, -0.00028082969947718084, 0.00018531740352045745, -0.00012231692380737513, 0.00021958118304610252, -0.0002922189305536449, 0.00019004367641173303], [-0.00017486208525951952, -0.000296581769362092, 0.001542713027447462, -0.0006153024733066559, 0.00016988189599942416, -0.0011815689504146576, 3.766307418118231e-05, 0.0003977977903559804, -0.00013336697884369642, 0.0006920630112290382, 0.00020199418941047043, -0.00043428028584457934, -0.0002813702158164233], [0.00013308183406479657, 0.00047788865049369633, -0.0006153024733066559, 0.002076587872579694, -0.0011143791489303112, -0.0005752441938966513, 0.00020067678997293115, -0.000724033045116812, 0.0009977410081773996, -0.000753359345253557, 0.0011484832502901554, -9.987455268856138e-05, -0.0008700991747900844], [-7.110885053407401e-05, -0.0005325234960764647, 0.00016988189599942416, -0.0011143791489303112, 0.0029128119349479675, 0.0009710070444270968, -7.46819787309505e-05, 6.48723726044409e-05, -0.0008591022342443466, -0.0004266481555532664, -0.00131775694899261, 0.0010351183591410518, -0.0005260738544166088], [0.00010091589501826093, 0.0001577621151227504, -0.0011815689504146576, -0.0005752441938966513, 0.0009710070444270968, 0.006254946812987328, -0.002356702694669366, 0.0002548953634686768, -0.0018163106869906187, -0.0022443749476224184, 8.291989070130512e-05, -0.0002134251408278942, 0.000780368922278285], [-0.0001226239837706089, -0.00022354065731633455, 3.766307418118231e-05, 0.00020067678997293115, -7.46819787309505e-05, -0.002356702694669366, 0.004869518801569939, -0.0016929474659264088, 6.236440185602987e-06, -0.0007110632723197341, -0.00022181870008353144, -0.0005437885411083698, -0.0002214908745372668], [5.7761553762247786e-05, -0.00028082969947718084, 0.0003977977903559804, -0.000724033045116812, 6.48723726044409e-05, 0.0002548953634686768, -0.0016929474659264088, 0.00720673194155097, -0.0022376172710210085, 0.00033607197110541165, -9.878057608148083e-05, -0.0015068133361637592, -0.0017512560589239001], [4.5290136768016964e-05, 0.00018531740352045745, -0.00013336697884369642, 0.0009977410081773996, -0.0008591022342443466, -0.0018163106869906187, 6.236440185602987e-06, -0.0022376172710210085, 0.007474577985703945, -0.001274913433007896, -0.0014149696798995137, 0.0007974000182002783, -0.0015452802181243896], [7.991222446435131e-06, -0.00012231692380737513, 0.0006920630112290382, -0.000753359345253557, -0.0004266481555532664, -0.0022443749476224184, -0.0007110632723197341, 0.00033607197110541165, -0.001274913433007896, 0.008348187431693077, -0.0008309665136039257, -0.001262687030248344, -0.0003255392366554588], [-0.0001236272364621982, 0.00021958118304610252, 0.00020199418941047043, 0.0011484832502901554, -0.00131775694899261, 8.291989070130512e-05, -0.00022181870008353144, -9.878057608148083e-05, -0.0014149696798995137, -0.0008309665136039257, 0.008750575594604015, -0.002143547171726823, -0.0013622287660837173], [0.00028772716177627444, -0.0002922189305536449, -0.00043428028584457934, -9.987455268856138e-05, 0.0010351183591410518, -0.0002134251408278942, -0.0005437885411083698, -0.0015068133361637592, 0.0007974000182002783, -0.001262687030248344, -0.002143547171726823, 0.010674751363694668, -0.0022433465346693993], [-0.00011025300773326308, 0.00019004367641173303, -0.0002813702158164233, -0.0008700991747900844, -0.0005260738544166088, 0.000780368922278285, -0.0002214908745372668, -0.0017512560589239001, -0.0015452802181243896, -0.0003255392366554588, -0.0013622287660837173, -0.0022433465346693993, 0.011014699935913086]], "metadata.audio_properties.analysis.downmix": "mix", "metadata.audio_properties.codec": "mp3", "metadata.au