{"song_id": "1183684934137819176", "download": "https://cdn.discordapp.com/attachments/1135903449314238464/1183684934137819176/chirp.mp4?ex=65893b80&amp", "lyrics": "[Verse]\nImagine a world, vibrant and free\nWhere love and peace reign eternally\nIn a place where dreams come alive\nAnd hope is the fire that will never die\n\n[Chorus]\nOh, imagine, let your heart take flight\nTogether we'll paint a canvas of light\nIn this realm of possibilities untold\nImagine a future where love is bold", "style": ["english rock"], "essentia_features": {"lowlevel.average_loudness": 0.9849421381950378, "lowlevel.barkbands_crest.mean": 10.00658893585205, "lowlevel.barkbands_crest.stdev": 3.803959369659424, "lowlevel.barkbands_flatness_db.mean": 0.1132051944732666, "lowlevel.barkbands_flatness_db.stdev": 0.030658887699246407, "lowlevel.barkbands_kurtosis.mean": 2.223724126815796, "lowlevel.barkbands_kurtosis.stdev": 5.573640823364258, "lowlevel.barkbands_skewness.mean": 1.5314761400222778, "lowlevel.barkbands_skewness.stdev": 0.865478515625, "lowlevel.barkbands_spread.mean": 33.757469177246094, "lowlevel.barkbands_spread.stdev": 12.854144096374512, "lowlevel.dissonance.mean": 0.47800782322883606, "lowlevel.dissonance.stdev": 0.014496362768113613, "lowlevel.dynamic_complexity": 1.0772039890289307, "lowlevel.erbbands_crest.mean": 7.248892784118652, "lowlevel.erbbands_crest.stdev": 3.4213204383850098, "lowlevel.erbbands_flatness_db.mean": 0.11847527325153351, "lowlevel.erbbands_flatness_db.stdev": 0.022338509559631348, "lowlevel.erbbands_kurtosis.mean": -0.5514758229255676, "lowlevel.erbbands_kurtosis.stdev": 0.7157371044158936, "lowlevel.erbbands_skewness.mean": -0.06630443036556244, "lowlevel.erbbands_skewness.stdev": 0.5016395449638367, "lowlevel.erbbands_spread.mean": 53.54948043823242, "lowlevel.erbbands_spread.stdev": 15.767759323120117, "lowlevel.hfc.mean": 40.909263610839844, "lowlevel.hfc.stdev": 16.762880325317383, "lowlevel.loudness_ebu128.integrated": -11.7476806640625, "lowlevel.loudness_ebu128.loudness_range": 0.5064544677734375, "lowlevel.loudness_ebu128.momentary.mean": -11.805233001708984, "lowlevel.loudness_ebu128.momentary.stdev": 0.7615548968315125, "lowlevel.loudness_ebu128.short_term.mean": -11.704161643981934, "lowlevel.loudness_ebu128.short_term.stdev": 0.20662511885166168, "lowlevel.melbands_crest.mean": 16.184749603271484, "lowlevel.melbands_crest.stdev": 5.583442687988281, "lowlevel.melbands_flatness_db.mean": 0.17931672930717468, "lowlevel.melbands_flatness_db.stdev": 0.04220380634069443, "lowlevel.melbands_kurtosis.mean": 14.792671203613281, "lowlevel.melbands_kurtosis.stdev": 23.99611473083496, "lowlevel.melbands_skewness.mean": 3.1940436363220215, "lowlevel.melbands_skewness.stdev": 1.5284318923950195, "lowlevel.melbands_spread.mean": 27.24081802368164, "lowlevel.melbands_spread.stdev": 13.065778732299805, "lowlevel.pitch_salience.mean": 0.5243920087814331, "lowlevel.pitch_salience.stdev": 0.1075536385178566, "lowlevel.silence_rate_20dB.mean": 1.0, "lowlevel.silence_rate_20dB.stdev": 0.0, "lowlevel.silence_rate_30dB.mean": 1.0, "lowlevel.silence_rate_30dB.stdev": 0.0, "lowlevel.silence_rate_60dB.mean": 0.002636783057823777, "lowlevel.silence_rate_60dB.stdev": 0.05128150433301926, "lowlevel.spectral_centroid.mean": 1808.3033447265625, "lowlevel.spectral_centroid.stdev": 456.01751708984375, "lowlevel.spectral_complexity.mean": 33.679630279541016, "lowlevel.spectral_complexity.stdev": 8.136420249938965, "lowlevel.spectral_decrease.mean": -1.2110755065464218e-08, "lowlevel.spectral_decrease.stdev": 5.580156781093137e-09, "lowlevel.spectral_energy.mean": 0.04941936954855919, "lowlevel.spectral_energy.stdev": 0.021348614245653152, "lowlevel.spectral_energyband_high.mean": 0.002698652446269989, "lowlevel.spectral_energyband_high.stdev": 0.002100348239764571, "lowlevel.spectral_energyband_low.mean": 0.024195333942770958, "lowlevel.spectral_energyband_low.stdev": 0.02127365581691265, "lowlevel.spectral_energyband_middle_high.mean": 0.008134862408041954, "lowlevel.spectral_energyband_middle_high.stdev": 0.00467659579589963, "lowlevel.spectral_energyband_middle_low.mean": 0.015910321846604347, "lowlevel.spectral_energyband_middle_low.stdev": 0.010657795704901218, "lowlevel.spectral_entropy.mean": 7.8953752517700195, "lowlevel.spectral_entropy.stdev": 0.17307519912719727, "lowlevel.spectral_flux.mean": 0.11956292390823364, "lowlevel.spectral_flux.stdev": 0.04931541159749031, "lowlevel.spectral_kurtosis.mean": 2.6755168437957764, "lowlevel.spectral_kurtosis.stdev": 1.1378434896469116, "lowlevel.spectral_rms.mean": 0.006791154853999615, "lowlevel.spectral_rms.stdev": 0.0014471804024651647, "lowlevel.spectral_rolloff.mean": 1757.7325439453125, "lowlevel.spectral_rolloff.stdev": 1407.072265625, "lowlevel.spectral_skewness.mean": 1.0412871837615967, "lowlevel.spectral_skewness.stdev": 0.21507100760936737, "lowlevel.spectral_spread.mean": 4667589.5, "lowlevel.spectral_spread.stdev": 854084.75, "lowlevel.spectral_strongpeak.mean": 0.7580603957176208, "lowlevel.spectral_strongpeak.stdev": 0.8726636171340942, "lowlevel.zerocrossingrate.mean": 0.0770554170012474, "lowlevel.zerocrossingrate.stdev": 0.027847755700349808, "metadata.audio_properties.analysis.equal_loudness": 0.0, "metadata.audio_properties.analysis.length": 35.19997787475586, "metadata.audio_properties.analysis.sample_rate": 44100.0, "metadata.audio_properties.analysis.start_time": 0.0, "metadata.audio_properties.bit_rate": 116185.0, "metadata.audio_properties.length": 35.20000076293945, "metadata.audio_properties.lossless": 0.0, "metadata.audio_properties.number_channels": 1.0, "metadata.audio_properties.replay_gain": -13.033599853515625, "metadata.audio_properties.sample_rate": 48000.0, "rhythm.beats_count": 69.0, "rhythm.beats_loudness.mean": 0.04646056890487671, "rhythm.beats_loudness.stdev": 0.010932602919638157, "rhythm.bpm": 119.91154479980469, "rhythm.bpm_histogram_first_peak_bpm": 120.0, "rhythm.bpm_histogram_first_peak_weight": 0.28358209133148193, "rhythm.bpm_histogram_second_peak_bpm": 115.0, "rhythm.bpm_histogram_second_peak_spread": 0.0, "rhythm.bpm_histogram_second_peak_weight": 0.014705882407724857, "rhythm.danceability": 1.613840937614441, "rhythm.onset_rate": 3.4078264236450195, "tonal.chords_changes_rate": 0.06587615609169006, "tonal.chords_number_rate": 0.009222661145031452, "tonal.chords_strength.mean": 0.5935516357421875, "tonal.chords_strength.stdev": 0.08148223906755447, "tonal.hpcp_crest.mean": 13.114420890808105, "tonal.hpcp_crest.stdev": 5.968761920928955, "tonal.hpcp_entropy.mean": 2.0840909481048584, "tonal.hpcp_entropy.stdev": 0.733863353729248, "tonal.key_edma.strength": 0.8027949929237366, "tonal.key_krumhansl.strength": 0.8070130348205566, "tonal.key_temperley.strength": 0.8013240694999695, "tonal.tuning_diatonic_strength": 0.7421732544898987, "tonal.tuning_equal_tempered_deviation": 0.22187364101409912, "tonal.tuning_frequency": 434.193115234375, "tonal.tuning_nontempered_energy_ratio": 0.9349873065948486, "lowlevel.barkbands.mean": [0.0011995884124189615, 0.012640021741390228, 0.009053830988705158, 0.00329291052184999, 0.004129874985665083, 0.002705113496631384, 0.002209874102845788, 0.00199417257681489, 0.0011585722677409649, 0.0009479022119194269, 0.0009134147549048066, 0.0007535210461355746, 0.0013499457854777575, 0.0008815360488370061, 0.0004613060737028718, 0.0007236247765831649, 0.00047255607205443084, 0.0004112765600439161, 0.0008160248398780823, 0.0008346014656126499, 0.0005107478937134147, 0.0008935349760577083, 0.000643346575088799, 0.0001385952637065202, 4.442718272912316e-05, 0.00023842656810302287, 6.909612579875102e-07], "lowlevel.barkbands.stdev": [0.0014936050865799189, 0.0157873947173357, 0.010083961300551891, 0.003089844947680831, 0.006941820029169321, 0.004865356255322695, 0.00420281570404768, 0.0031875278800725937, 0.0020436414051800966, 0.0017161484574899077, 0.0013927753316238523, 0.0010272866347804666, 0.00203938246704638, 0.0016416322905570269, 0.000611020834185183, 0.0009351550252176821, 0.00035539554664865136, 0.0003040398587472737, 0.0006153748254291713, 0.0006035319529473782, 0.0003660583170130849, 0.0007523742970079184, 0.0008070406620390713, 0.00024057684640865773, 8.018286462174729e-05, 0.000273115118034184, 2.9917509891674854e-06], "lowlevel.erbbands.mean": [0.4601861238479614, 2.4968600273132324, 8.915410995483398, 11.826705932617188, 13.413481712341309, 13.9894437789917, 11.931294441223145, 28.924463272094727, 32.47188186645508, 41.44312286376953, 31.288089752197266, 28.451087951660156, 31.851024627685547, 24.99898338317871, 40.49524688720703, 35.42952346801758, 60.80742263793945, 53.1377067565918, 29.4600772857666, 29.147140502929688, 37.42742919921875, 27.251955032348633, 22.424427032470703, 30.224456787109375, 55.837982177734375, 33.170753479003906, 24.326740264892578, 15.95573902130127, 27.976348876953125, 38.10677719116211, 12.878751754760742, 3.6865572929382324, 2.1992123126983643, 0.427461177110672, 0.3588780164718628, 0.7219927310943604, 0.5229864120483398, 0.04997960105538368, 0.0009089328814297915, 9.705791308078915e-05], "lowlevel.erbbands.stdev": [0.7252114415168762, 3.1028926372528076, 10.824482917785645, 10.3710355758667, 20.214624404907227, 24.962955474853516, 23.361719131469727, 56.11306381225586, 69.80814361572266, 61.659996032714844, 49.13434600830078, 52.205848693847656, 56.96922302246094, 43.88350296020508, 55.773006439208984, 47.35076904296875, 85.9322738647461, 87.35787200927734, 37.675933837890625, 31.722745895385742, 47.10688018798828, 19.658857345581055, 15.668475151062012, 21.05992889404297, 43.33314895629883, 22.502099990844727, 17.020986557006836, 13.0053071975708, 22.434751510620117, 38.779361724853516, 17.527204513549805, 6.647219657897949, 3.5523858070373535, 0.8883756399154663, 0.6293112635612488, 1.0057504177093506, 0.5767500400543213, 0.04967738315463066, 0.0008752087014727294, 4.446664752322249e-05], "lowlevel.gfcc.mean": [72.71698760986328, 67.2121810913086, -109.1258773803711, 43.05488967895508, -50.19853973388672, 12.458636283874512, -20.972171783447266, 0.8076902627944946, -21.797134399414062, 9.977209091186523, -25.099332809448242, 12.646709442138672, -33.34552764892578], "lowlevel.melbands.mean": [0.003684332827106118, 0.0041284761391580105, 0.0021415087394416332, 0.0009793195640668273, 0.0004658273246604949, 0.0006257271743379533, 0.0004657910321839154, 0.00046747218584641814, 0.00023015857732389122, 0.00017945701256394386, 0.00015650644490960985, 9.718586807139218e-05, 0.00012462622544262558, 9.580283949617296e-05, 0.0001064690004568547, 0.00013691626372747123, 9.619331831345335e-05, 4.878576146438718e-05, 3.334604116389528e-05, 5.0220012781210244e-05, 4.011695273220539e-05, 2.809936813719105e-05, 2.280647458974272e-05, 1.922062801895663e-05, 2.434699854347855e-05, 3.0778173822909594e-05, 4.8191774112638086e-05, 1.56179339683149e-05, 1.4780353012611158e-05, 1.4069680219108704e-05, 6.885848051751964e-06, 1.2514790796558373e-05, 2.346015207876917e-05, 2.0604975361493416e-05, 7.829871719877701e-06, 3.3892035844473867e-06, 1.9826225070573855e-06, 2.0602567474270472e-06, 5.945526595496631e-07, 2.2271524358075112e-07], "lowlevel.melbands.stdev": [0.005016735289245844, 0.0046507916413247585, 0.0016870569670572877, 0.0016184262931346893, 0.000829277269076556, 0.001128878677263856, 0.0009320405079051852, 0.000714234309270978, 0.00037471670657396317, 0.0003448563511483371, 0.00028726685559377074, 0.00018640427151694894, 0.00017968335305340588, 0.00011136357352370396, 0.00019097143376711756, 0.0002098512923112139, 0.00018821646517608315, 6.982217746553943e-05, 4.416357114678249e-05, 6.415040115825832e-05, 5.2939045417588204e-05, 2.2111924408818595e-05, 1.7823243979364634e-05, 1.4387215742317494e-05, 1.829016036936082e-05, 2.5514384105917998e-05, 3.755756915779784e-05, 1.2236166185175534e-05, 1.1538498256413732e-05, 1.0385419955127873e-05, 6.586229574168101e-06, 1.0375436431786511e-05, 2.1118850781931542e-05, 2.3922049877000973e-05, 1.1016572898370214e-05, 6.718016720697051e-06, 3.727302782863262e-06, 3.4211848287668545e-06, 1.1786240747824195e-06, 6.160527732390619e-07], "lowlevel.melbands128.mean": [0.0008227351936511695, 0.004043468274176121, 0.004430846776813269, 0.003892674809321761, 0.004344187211245298, 0.004487684462219477, 0.0024036909453570843, 0.001627795398235321, 0.0013639680109918118, 0.0009489371441304684, 0.0007911855354905128, 0.0004961324157193303, 0.0003226695116609335, 0.00043837621342390776, 0.0008139847777783871, 0.0005295526352711022, 0.0006539825117215514, 0.00039266597013920546, 0.0003405122261028737, 0.00048192389658652246, 0.0005882617551833391, 0.00026238715508952737, 0.00020496478828135878, 0.00015340802201535553, 0.00016854802379384637, 0.0002177515416406095, 0.00012698052159976214, 0.00019242202688474208, 0.00013140826195012778, 9.377982496516779e-05, 9.115065768128261e-05, 8.820262883091345e-05, 0.0001121022505685687, 0.0001949910947587341, 7.343139441218227e-05, 8.312847057823092e-05, 8.993347728392109e-05, 9.924184996634722e-05, 0.00011375416943337768, 0.0001592798944329843, 0.00016186622087843716, 7.231357449200004e-05, 9.828327893046662e-05, 0.00012042579328408465, 4.7818008169997483e-05, 3.959874084102921e-05, 4.123708276893012e-05, 2.951202441181522e-05, 3.2612319046165794e-05, 3.533474591677077e-05, 5.5390195484505966e-05, 6.449425563914701e-05, 4.284845635993406e-05, 3.1780069548403844e-05, 2.6709432859206572e-05, 2.8867287255707197e-05, 2.7375244826544076e-05, 2.6760024411487393e-05, 1.957257882168051e-05, 1.8419817934045568e-05, 1.7642178136156872e-05, 2.0107445379835553e-05, 2.6938711016555317e-05, 2.6243331376463175e-05, 1.9165294361300766e-05, 2.359494101256132e-05, 3.722059409483336e-05, 6.468951323768124e-05, 5.466203219839372e-05, 2.3228405552799813e-05, 1.1383983292034827e-05, 1.3911465430282988e-05, 1.3202310583437793e-05, 1.528183747723233e-05, 1.5984795027179644e-05, 1.4903695046086796e-05, 1.460956900700694e-05, 8.212184184230864e-06, 5.048111688665813e-06, 5.732941190217389e-06, 8.55928192322608e-06, 1.547117790323682e-05, 2.230093377875164e-05, 2.542571019148454e-05, 2.281066008436028e-05, 2.460609539411962e-05, 1.975972372747492e-05, 1.2967546354047954e-05, 5.877113380847732e-06, 5.416144176706439e-06, 4.948493824485922e-06, 2.748835640886682e-06, 9.698046596895438e-07, 1.1752921409424744e-06, 3.4420820611558156e-06, 2.7903809041163186e-06, 1.9533185877662618e-06, 5.683825179403357e-07, 5.954757398285437e-07, 6.329170787466865e-07, 2.607712872304546e-07, 1.6820972348341456e-07, 1.1810109867838037e-07, 1.5325773006225063e-07, 3.051047769986326e-07, 7.799916943440621e-07, 4.688031083333044e-07, 2.5416537141609297e-07, 7.187591108959168e-07, 1.8962257399834925e-06, 4.253555744071491e-06, 1.3707397101825336e-06, 1.4570036910299677e-06, 1.4952884157537483e-06, 1.4987716667747009e-06, 2.7542853331397055e-07, 3.468807108220062e-08, 7.302523863383925e-11, 7.239913096118711e-12, 6.924719044704153e-12, 6.676415063161523e-12, 6.49563519292129e-12, 6.312209002018454e-12, 6.182521074954428e-12, 6.0571899059003176e-12, 5.928288675932647e-12, 5.847446658824307e-12, 5.808304358312366e-12], "lowlevel.melbands128.stdev": [0.0013684885343536735, 0.007029098458588123, 0.006261455360800028, 0.005665064789354801, 0.006215334869921207, 0.0047198133543133736, 0.0024531458038836718, 0.0017744556535035372, 0.002478515263646841, 0.0020737771410495043, 0.001562207005918026, 0.0010310696670785546, 0.0008999321726150811, 0.0009506436763331294, 0.0019982510711997747, 0.0010325550101697445, 0.0018505625193938613, 0.0009931470267474651, 0.0008754951413720846, 0.0008997305412776768, 0.0011075747897848487, 0.000652617309242487, 0.0005039343377575278, 0.0004096162738278508, 0.0004372645926196128, 0.0005628992803394794, 0.000321705243550241, 0.0004817104490939528, 0.0003260504745412618, 0.0002413031761534512, 0.00025938276667147875, 0.0002586720511317253, 0.00021236289467196912, 0.0003543715283740312, 0.00010257586109219119, 0.00015303456166293472, 0.00017691058747004718, 0.00024617594317533076, 0.0003302163677290082, 0.0002898748207371682, 0.0003426835173740983, 0.00016775063704699278, 0.0002334132877876982, 0.000327321671647951, 0.000107235973700881, 8.585812611272559e-05, 8.12043872429058e-05, 5.940105256740935e-05, 5.614937617792748e-05, 4.974821422365494e-05, 8.421439997619018e-05, 0.00011922174599021673, 7.307630585273728e-05, 5.957419489277527e-05, 2.8927335733897053e-05, 3.134092185064219e-05, 2.6500805688556284e-05, 2.8060218028258532e-05, 2.165799742215313e-05, 1.811516449379269e-05, 1.622330273676198e-05, 2.1185009245527908e-05, 2.566239891166333e-05, 2.4800563551252708e-05, 1.8186123270425014e-05, 2.593192402855493e-05, 4.075765173183754e-05, 6.639074854319915e-05, 5.070132465334609e-05, 2.3171665816335008e-05, 1.1625320439634379e-05, 1.5153695130720735e-05, 1.4039830602996517e-05, 1.5062531929288525e-05, 1.4121763342700433e-05, 1.2816662092518527e-05, 1.4066063158679754e-05, 9.70299788605189e-06, 5.89221508562332e-06, 6.865727755211992e-06, 9.074162335309666e-06, 1.5119308045541402e-05, 2.1551442841882817e-05, 2.6190402422798797e-05, 2.647893052198924e-05, 2.9598963010357693e-05, 2.768074773484841e-05, 2.125323771906551e-05, 8.06292791821761e-06, 1.0282570656272583e-05, 9.507551112619694e-06, 6.78661308484152e-06, 3.1150862014328595e-06, 2.5277774966525612e-06, 6.684535037493333e-06, 4.681027803599136e-06, 3.7208460526017006e-06, 1.1712543255271157e-06, 1.4526744962495286e-06, 1.2221488532304647e-06, 7.17445288955787e-07, 6.504046723421197e-07, 5.22813138559286e-07, 4.954768542120291e-07, 5.945545353824855e-07, 1.5040060361570795e-06, 1.1057030633310205e-06, 6.602990083592886e-07, 1.5541870652668877e-06, 2.7712119390344014e-06, 5.746574970544316e-06, 1.7265609812966431e-06, 1.7878996914078016e-06, 1.5624636944266967e-06, 1.6838366718729958e-06, 4.2499030428189144e-07, 1.167623082665159e-07, 7.274844615601239e-10, 1.0321546568825557e-11, 9.955440118114556e-12, 9.638023885927272e-12, 9.39256224880003e-12, 9.178035935419881e-12, 9.003558315567872e-12, 8.859649125447788e-12, 8.746156576755482e-12, 8.663783232498723e-12, 8.613341810626007e-12], "lowlevel.mfcc.mean": [-578.1568603515625, 106.50285339355469, -7.139979839324951, 43.178401947021484, -11.772186279296875, 28.880271911621094, -7.149167537689209, 17.00592041015625, -11.574414253234863, 11.119769096374512, -1.347025990486145, 3.2676169872283936, 3.4036054611206055], "lowlevel.spectral_contrast_coeffs.mean": [-0.6897386908531189, -0.727232813835144, -0.7818307280540466, -0.7958407402038574, -0.7891451120376587, -0.5859194993972778], "lowlevel.spectral_contrast_coeffs.stdev": [0.07419446110725403, 0.07608781009912491, 0.05475354567170143, 0.04120726138353348, 0.027747847139835358, 0.06738094985485077], "lowlevel.spectral_contrast_valleys.mean": [-6.235963821411133, -6.431916236877441, -6.788426399230957, -6.845562934875488, -6.620816230773926, -10.929381370544434], "lowlevel.spectral_contrast_valleys.stdev": [0.5057854056358337, 0.4509788751602173, 0.38639721274375916, 0.3619660437107086, 0.36138924956321716, 1.03799569606781], "rhythm.beats_loudness_band_ratio.mean": [0.49158328771591187, 0.16811220347881317, 0.1411629021167755, 0.10951421409845352, 0.06713559478521347, 0.10052499920129776], "rhythm.beats_loudness_band_ratio.stdev": [0.12403043359518051, 0.13797983527183533, 0.10986116528511047, 0.07972575724124908, 0.03094625473022461, 0.03808244690299034], "tonal.hpcp.mean": [0.056941643357276917, 0.05463472753763199, 0.07215990871191025, 0.1533493995666504, 0.1839105635881424, 0.10643079876899719, 0.06070820987224579, 0.05962083861231804, 0.09932874888181686, 0.30659395456314087, 0.32053184509277344, 0.10927173495292664, 0.04774840548634529, 0.038763925433158875, 0.0351678766310215, 0.0465838760137558, 0.05784384906291962, 0.05831808224320412, 0.06117091700434685, 0.06118670478463173, 0.05401071906089783, 0.04984951764345169, 0.05468190461397171, 0.10172586143016815, 0.2861827611923218, 0.3111180067062378, 0.14193595945835114, 0.07760589569807053, 0.062417514622211456, 0.0733075886964798, 0.14004413783550262, 0.22176726162433624, 0.24021613597869873, 0.2192840427160263, 0.1818673312664032, 0.10745635628700256], "tonal.hpcp.stdev": [0.1368592232465744, 0.14781564474105835, 0.1669037938117981, 0.26775532960891724, 0.31596851348876953, 0.20377863943576813, 0.14995235204696655, 0.15895141661167145, 0.1845541000366211, 0.3481830358505249, 0.3543160855770111, 0.16391621530056, 0.1181572899222374, 0.11389276385307312, 0.09920154511928558, 0.12229781597852707, 0.13177557289600372, 0.13719438016414642, 0.14636971056461334, 0.1400258094072342, 0.1374596208333969, 0.11990421265363693, 0.13727794587612152, 0.18233759701251984, 0.32242095470428467, 0.3431401252746582, 0.21599812805652618, 0.1890300065279007, 0.17079101502895355, 0.1728261262178421, 0.23296135663986206, 0.31523633003234863, 0.32014164328575134, 0.3253159523010254, 0.3089718222618103, 0.2249840497970581], "rhythm.beats_position": [0.54566890001297, 1.0681178569793701, 1.5789568424224854, 2.0897958278656006, 2.589024782180786, 3.088253974914551, 3.5874829292297363, 4.086711883544922, 4.585940837860107, 5.085169792175293, 5.584399223327637, 6.083628177642822, 6.5944671630859375, 7.082086086273193, 7.581315040588379, 8.080544471740723, 8.59138298034668, 9.090612411499023, 9.58984088897705, 10.089070320129395, 10.588298797607422, 11.087528228759766, 11.586756706237793, 12.085986137390137, 12.58521556854248, 13.084444046020508, 13.583673477172852, 14.082901954650879, 14.582131385803223, 15.09296989440918, 15.592199325561523, 16.091428756713867, 16.59065818786621, 17.089885711669922, 17.589115142822266, 18.08834457397461, 18.599184036254883, 19.086801528930664, 19.597640991210938, 20.08526039123535, 20.584489822387695, 21.08371925354004, 21.58294677734375, 22.082176208496094, 22.581405639648438, 23.08063507080078, 23.579862594604492, 24.079092025756836, 24.58993148803711, 25.089160919189453, 25.588390350341797, 26.099227905273438, 26.58684730529785, 27.097686767578125, 27.59691619873047, 28.09614372253418, 28.595373153686523, 29.094602584838867, 29.58222198486328, 30.081451416015625, 30.580678939819336, 31.09151840209961, 31.579137802124023, 32.078365325927734, 32.57759475708008, 33.088436126708984, 33.58766555786133, 34.086891174316406, 34.59773254394531], "rhythm.bpm_histogram": [0.0, 0.0, 0.0, 0.0, 0.0, 0.0, 0.0, 0.0, 0.0, 0.0, 0.0, 0.0, 0.0, 0.0, 0.0, 0.0, 0.0, 0.0, 0.0, 0.0, 0.0, 0.0, 0.0, 0.0, 0.0, 0.0, 0.0, 0.0, 0.0, 0.0, 0.0, 0.0, 0.0, 0.0, 0.0, 0.0, 0.0, 0.0, 0.0, 0.0, 0.0, 0.0, 0.0, 0.0, 0.0, 0.0, 0.0, 0.0, 0.0, 0.0, 0.0, 0.0, 0.0, 0.0, 0.0, 0.0, 0.0, 0.0, 0.0, 0.0, 0.0, 0.0, 0.0, 0.0, 0.0, 0.0, 0.0, 0.0, 0.0, 0.0, 0.0, 0.0, 0.0, 0.0, 0.0, 0.0, 0.0, 0.0, 0.0, 0.0, 0.0, 0.0, 0.0, 0.0, 0.0, 0.0, 0.0, 0.0, 0.0, 0.0, 0.0, 0.0, 0.0, 0.0, 0.0, 0.0, 0.0, 0.0, 0.0, 0.0, 0.0, 0.0, 0.0, 0.0, 0.0, 0.0, 0.0, 0.0, 0.0, 0.0, 0.0, 0.0, 0.0, 0.0, 0.0, 0.014705882407724857, 0.0, 0.19117647409439087, 0.0, 0.0, 0.7058823704719543, 0.0, 0.0, 0.0882352963089943, 0.0, 0.0, 0.0, 0.0, 0.0, 0.0, 0.0, 0.0, 0.0, 0.0, 0.0, 0.0, 0.0, 0.0, 0.0, 0.0, 0.0, 0.0, 0.0, 0.0, 0.0, 0.0, 0.0, 0.0, 0.0, 0.0, 0.0, 0.0, 0.0, 0.0, 0.0, 0.0, 0.0, 0.0, 0.0, 0.0, 0.0, 0.0, 0.0, 0.0, 0.0, 0.0, 0.0, 0.0, 0.0, 0.0, 0.0, 0.0, 0.0, 0.0, 0.0, 0.0, 0.0, 0.0, 0.0, 0.0, 0.0, 0.0, 0.0, 0.0, 0.0, 0.0, 0.0, 0.0, 0.0, 0.0, 0.0, 0.0, 0.0, 0.0, 0.0, 0.0, 0.0, 0.0, 0.0, 0.0, 0.0, 0.0, 0.0, 0.0, 0.0, 0.0, 0.0, 0.0, 0.0, 0.0, 0.0, 0.0, 0.0, 0.0, 0.0, 0.0, 0.0, 0.0, 0.0, 0.0, 0.0, 0.0, 0.0, 0.0, 0.0, 0.0, 0.0, 0.0, 0.0, 0.0, 0.0, 0.0, 0.0, 0.0, 0.0, 0.0, 0.0, 0.0, 0.0, 0.0, 0.0, 0.0, 0.0, 0.0, 0.0, 0.0, 0.0, 0.0, 0.0, 0.0], "tonal.chords_histogram": [62.845848083496094, 3.557312250137329, 13.702239990234375, 0.0, 0.0, 3.2938077449798584, 0.0, 1.9762846231460571, 0.0, 4.34782600402832, 0.0, 0.0, 0.0, 0.0, 0.0, 0.0, 0.0, 0.0, 0.0, 0.0, 0.0, 0.0, 9.617918014526367, 0.6587615013122559], "tonal.thpcp": [1.0, 0.34090757369995117, 0.14896617829799652, 0.12093626707792282, 0.10971726477146149, 0.14533306658267975, 0.1804620921611786, 0.18194161355495453, 0.1908419281244278, 0.19089119136333466, 0.16850344836711884, 0.15552125871181488, 0.17059741914272308, 0.3173658549785614, 0.8928372263908386, 0.9706305861473083, 0.442813903093338, 0.2421160191297531, 0.19473108649253845, 0.22870610654354095, 0.43691176176071167, 0.691872775554657, 0.7494298815727234, 0.6841256022453308, 0.5673924088478088, 0.33524394035339355, 0.17764738202095032, 0.17045022547245026, 0.22512555122375488, 0.47842171788215637, 0.5737668871879578, 0.332044392824173, 0.1893983781337738, 0.18600597977638245, 0.3098872900009155, 0.9565163850784302], "lowlevel.gfcc.cov": [[892.123291015625, -60.46666717529297, -27.099567413330078, 14.112381935119629, -41.20148468017578, 28.550010681152344, -9.776687622070312, 43.43551254272461, -11.152626991271973, 17.063127517700195, -8.7508544921875, -42.13488006591797, -16.32239532470703], [-60.46666717529297, 347.53533935546875, -85.87694549560547, -19.745834350585938, 95.80432891845703, -57.601531982421875, 104.50615692138672, 2.365328550338745, 82.56694030761719, 39.850059509277344, 40.062950134277344, 28.621877670288086, -1.9052740335464478], [-27.099567413330078, -85.87694549560547, 241.03146362304688, 88.59331512451172, 0.13437668979167938, 41.16171646118164, -56.97733688354492, 0.44747060537338257, -25.263723373413086, 3.615971565246582, 6.912185192108154, 35.550323486328125, 49.61503219604492], [14.112381935119629, -19.745834350585938, 88.59331512451172, 144.78857421875, 47.8757209777832, 13.616257667541504, -7.779972076416016, 8.958892822265625, 22.524499893188477, 8.758570671081543, 9.972139358520508, 17.80109214782715, 33.169376373291016], [-41.20148468017578, 95.80432891845703, 0.13437668979167938, 47.8757209777832, 191.49798583984375, 37.739585876464844, 96.00437927246094, 46.983829498291016, 48.85169219970703, 44.87723159790039, -3.326345682144165, 20.954010009765625, -7.0417094230651855], [28.550010681152344, -57.601531982421875, 41.16171646118164, 13.616257667541504, 37.739585876464844, 144.22283935546875, 66.04991912841797, 70.83685302734375, 1.8365992307662964, 7.109340667724609, 15.475931167602539, -17.93178939819336, 7.597692489624023], [-9.776687622070312, 104.50615692138672, -56.97733688354492, -7.779972076416016, 96.00437927246094, 66.04991912841797, 221.57781982421875, 89.54378509521484, 72.02111053466797, 42.73530578613281, 20.169605255126953, 28.116741180419922, -37.994346618652344], [43.43551254272461, 2.365328550338745, 0.44747060537338257, 8.958892822265625, 46.983829498291016, 70.83685302734375, 89.54378509521484, 165.5537109375, 65.51927185058594, 59.96584701538086, 34.436256408691406, -6.650242328643799, 26.110998153686523], [-11.152626991271973, 82.56694030761719, -25.263723373413086, 22.524499893188477, 48.85169219970703, 1.8365992307662964, 72.02111053466797, 65.51927185058594, 130.3852996826172, 64.06813049316406, 28.95911407470703, 21.24980354309082, -6.001989364624023], [17.063127517700195, 39.850059509277344, 3.615971565246582, 8.758570671081543, 44.87723159790039, 7.109340667724609, 42.73530578613281, 59.96584701538086, 64.06813049316406, 98.10684967041016, 44.680747985839844, 26.93842315673828, 7.295161724090576], [-8.7508544921875, 40.062950134277344, 6.912185192108154, 9.972139358520508, -3.326345682144165, 15.475931167602539, 20.169605255126953, 34.436256408691406, 28.95911407470703, 44.680747985839844, 81.84171295166016, 32.895965576171875, 29.97612762451172], [-42.13488006591797, 28.621877670288086, 35.550323486328125, 17.80109214782715, 20.954010009765625, -17.93178939819336, 28.116741180419922, -6.650242328643799, 21.24980354309082, 26.93842315673828, 32.895965576171875, 91.06798553466797, 29.59136962890625], [-16.32239532470703, -1.9052740335464478, 49.61503219604492, 33.169376373291016, -7.0417094230651855, 7.597692489624023, -37.994346618652344, 26.110998153686523, -6.001989364624023, 7.295161724090576, 29.97612762451172, 29.59136962890625, 105.29544067382812]], "lowlevel.gfcc.icov": [[0.0012580505572259426, -0.00023410856374539435, 0.0005197912687435746, -0.0008167691994458437, 0.0007762984605506063, -0.0005615686532109976, 0.0003542908816598356, -0.0006277917418628931, 0.000674531445838511, -0.000942160259000957, 0.0007713704253546894, -0.00015395242371596396, 0.0005064962315373123], [-0.00023410856374539435, 0.007567461114376783, -0.0010408873204141855, 0.0033684163354337215, -0.004724839702248573, 0.006098090671002865, -0.005198584403842688, 0.004225065000355244, -0.0040381960570812225, 0.0025222941767424345, -0.006449279375374317, 0.005361384712159634, -0.004225174896419048], [0.0005197912687435746, -0.0010408873204141855, 0.008580098859965801, -0.005320020951330662, 0.0020533213391900063, -0.005192249082028866, 0.004231856670230627, -0.0018701170338317752, 0.0027302969247102737, -0.0026832791045308113, 0.003896159352734685, -0.006322670262306929, 0.001206634216941893], [-0.0008167691994458437, 0.0033684163354337215, -0.005320020951330662, 0.013446598313748837, -0.0059894984588027, 0.003966631833463907, -0.0023665607441216707, 0.0034223864786326885, -0.005722093395888805, 0.0043984269723296165, -0.005318469367921352, 0.004599454812705517, -0.004593511112034321], [0.0007762984605506063, -0.004724839702248573, 0.0020533213391900063, -0.0059894984588027, 0.012325293384492397, -0.005713790189474821, 0.0003126935625914484, -0.0022493447177112103, 0.0030945404432713985, -0.006764478515833616, 0.009081869386136532, -0.004742449149489403, 0.002253610175102949], [-0.0005615686532109976, 0.006098090671002865, -0.005192249082028866, 0.003966631833463907, -0.005713790189474821, 0.018475141376256943, -0.009036801755428314, 0.00016943157243076712, -0.0011037924559786916, 0.005140487104654312, -0.00967930257320404, 0.010496851988136768, -0.004411142785102129], [0.0003542908816598356, -0.005198584403842688, 0.004231856670230627, -0.0023665607441216707, 0.0003126935625914484, -0.009036801755428314, 0.01624690741300583, -0.008378899656236172, 0.0008721145568415523, 0.0006443774327635765, 0.0044417595490813255, -0.011930073611438274, 0.009418818168342113], [-0.0006277917418628931, 0.004225065000355244, -0.0018701170338317752, 0.0034223864786326885, -0.0022493447177112103, 0.00016943157243076712, -0.008378899656236172, 0.01785006932914257, -0.006326865404844284, -0.004218392539769411, -0.003987242933362722, 0.010175395756959915, -0.009623131714761257], [0.000674531445838511, -0.0040381960570812225, 0.0027302969247102737, -0.005722093395888805, 0.0030945404432713985, -0.0011037924559786916, 0.0008721145568415523, -0.006326865404844284, 0.017450766637921333, -0.008099122904241085, 0.0037111991550773382, -0.004499736707657576, 0.004481615033000708], [-0.000942160259000957, 0.0025222941767424345, -0.0026832791045308113, 0.0043984269723296165, -0.006764478515833616, 0.005140487104654312, 0.0006443774327635765, -0.004218392539769411, -0.008099122904241085, 0.025068743154406548, -0.012515568174421787, -0.0005538790719583631, 0.0017538460670039058], [0.0007713704253546894, -0.006449279375374317, 0.003896159352734685, -0.005318469367921352, 0.009081869386136532, -0.00967930257320404, 0.0044417595490813255, -0.003987242933362722, 0.0037111991550773382, -0.012515568174421787, 0.028653666377067566, -0.011208372190594673, -0.00018905941396951675], [-0.00015395242371596396, 0.005361384712159634, -0.006322670262306929, 0.004599454812705517, -0.004742449149489403, 0.010496851988136768, -0.011930073611438274, 0.010175395756959915, -0.004499736707657576, -0.0005538790719583631, -0.011208372190594673, 0.02720596268773079, -0.010972139425575733], [0.0005064962315373123, -0.004225174896419048, 0.001206634216941893, -0.004593511112034321, 0.002253610175102949, -0.004411142785102129, 0.009418818168342113, -0.009623131714761257, 0.004481615033000708, 0.0017538460670039058, -0.00018905941396951675, -0.010972139425575733, 0.01990286447107792]], "lowlevel.mfcc.cov": [[1001.43896484375, -155.13851928710938, 34.34325408935547, -83.5408935546875, 20.9499454498291, -88.6666488647461, 47.23508071899414, -61.10195541381836, 46.83617401123047, -12.491042137145996, 65.12315368652344, -41.7132682800293, -2.277993679046631], [-155.13851928710938, 442.99798583984375, -238.5443572998047, 123.48684692382812, -111.41854858398438, 91.33027648925781, -58.410255432128906, 87.7909164428711, -44.63398361206055, 101.4224853515625, 5.305947303771973, 48.33766555786133, 17.944124221801758], [34.34325408935547, -238.5443572998047, 344.9765625, -75.80350494384766, 116.10596466064453, -74.5719985961914, 46.00916290283203, -88.15850830078125, 33.25440216064453, -113.26582336425781, -19.93549346923828, -25.713640213012695, 8.653605461120605], [-83.5408935546875, 123.48684692382812, -75.80350494384766, 216.59271240234375, -21.067155838012695, 91.76959991455078, -72.48886108398438, 56.63184356689453, -34.02037048339844, 57.11906433105469, -40.636531829833984, 32.99506378173828, 24.866392135620117], [20.9499454498291, -111.41854858398438, 116.10596466064453, -21.067155838012695, 189.41026306152344, -44.55855178833008, 54.80560302734375, -68.37920379638672, 70.2425765991211, -50.25450897216797, 24.06117820739746, -28.846027374267578, 16.345741271972656], [-88.6666488647461, 91.33027648925781, -74.5719985961914, 91.76959991455078, -44.55855178833008, 159.15931701660156, -27.510244369506836, 86.46669006347656, -48.353050231933594, 64.74871826171875, -30.98311996459961, 39.9482307434082, -13.555788040161133], [47.23508071899414, -58.410255432128906, 46.00916290283203, -72.48886108398438, 54.80560302734375, -27.510244369506836, 177.8805694580078, 11.078752517700195, 83.7706527709961, -24.744089126586914, 73.42102813720703, -15.583338737487793, 19.805471420288086], [-61.10195541381836, 87.7909164428711, -88.15850830078125, 56.63184356689453, -68.37920379638672, 86.46669006347656, 11.078752517700195, 151.5089111328125, 5.13386869430542, 89.52728271484375, 0.7011486291885376, 52.61613464355469, 7.849587917327881], [46.83617401123047, -44.63398361206055, 33.25440216064453, -34.02037048339844, 70.2425765991211, -48.353050231933594, 83.7706527709961, 5.13386869430542, 140.51844787597656, 9.874772071838379, 69.69271087646484, -13.417040824890137, 36.492759704589844], [-12.491042137145996, 101.4224853515625, -113.26582336425781, 57.11906433105469, -50.25450897216797, 64.74871826171875, -24.744089126586914, 89.52728271484375, 9.874772071838379, 157.0912628173828, 36.04005813598633, 53.77235412597656, -3.4649808406829834], [65.12315368652344, 5.305947303771973, -19.93549346923828, -40.636531829833984, 24.06117820739746, -30.98311996459961, 73.42102813720703, 0.7011486291885376, 69.69271087646484, 36.04005813598633, 136.59127807617188, 11.375426292419434, 35.265316009521484], [-41.7132682800293, 48.33766555786133, -25.713640213012695, 32.99506378173828, -28.846027374267578, 39.9482307434082, -15.583338737487793, 52.61613464355469, -13.417040824890137, 53.77235412597656, 11.375426292419434, 90.94947814941406, 27.418352127075195], [-2.277993679046631, 17.944124221801758, 8.653605461120605, 24.866392135620117, 16.345741271972656, -13.555788040161133, 19.805471420288086, 7.849587917327881, 36.492759704589844, -3.4649808406829834, 35.265316009521484, 27.418352127075195, 105.55939483642578]], "lowlevel.mfcc.icov": [[0.001148430397734046, 0.0004777166177518666, 0.00016929442062973976, -3.379514237167314e-05, 0.00029245755285955966, 0.0003179002378601581, -0.00013687969476450235, 0.00037104060174897313, 1.1693435226334259e-05, -0.000383396924007684, -0.00038022868102416396, 0.0003378069377504289, -4.605693175108172e-05], [0.0004777166177518666, 0.004378280136734247, 0.002253475831821561, -0.0012893822276964784, 0.0009946118807420135, -0.00025990826543420553, -6.721100362483412e-05, 0.0003660776128526777, 0.00023148169566411525, -0.00029050459852442145, -0.0004973927279934287, -0.00033129428629763424, -0.0006543013732880354], [0.00016929442062973976, 0.002253475831821561, 0.006012543570250273, 0.000198425812413916, -0.0015457405243068933, 0.00024635798763483763, -0.0004797453584615141, 0.0009113380219787359, -0.0005336484173312783, 0.0020688350778073072, 0.001320187933743, -0.002084727631881833, -0.0002729816478677094], [-3.379514237167314e-05, -0.0012893822276964784, 0.000198425812413916, 0.008799768052995205, -0.002016794867813587, -0.0034244698472321033, 0.0027335998602211475, -0.000990054802969098, 2.4489365387125872e-05, -0.0013418842572718859, 0.0019647087901830673, 0.0010186319705098867, -0.003410955658182502], [0.00029245755285955966, 0.0009946118807420135, -0.0015457405243068933, -0.002016794867813587, 0.01042210590094328, -0.0017352785216644406, -0.001731679541990161, 0.00546718155965209, -0.005112826358526945, 8.751349378144369e-05, 0.00020452443277463317, -0.00042360718362033367, 0.0003328295424580574], [0.0003179002378601581, -0.00025990826543420553, 0.00024635798763483763, -0.0034244698472321033, -0.0017352785216644406, 0.01380040030926466, -0.0018641211790964007, -0.005686372518539429, 0.005002920050173998, -0.0018689814023673534, 0.0008941051200963557, -0.0008520132396370173, 0.0017827789997681975], [-0.00013687969476450235, -6.721100362483412e-05, -0.0004797453584615141, 0.0027335998602211475, -0.001731679541990161, -0.0018641211790964007, 0.012089244090020657, -0.005025953985750675, -0.0036398086231201887, 0.004687989130616188, -0.005373080726712942, 0.001337577821686864, 0.00039792858297005296], [0.00037104060174897313, 0.0003660776128526777, 0.0009113380219787359, -0.000990054802969098, 0.00546718155965209, -0.005686372518539429, -0.005025953985750675, 0.018669867888092995, -0.0049598002806305885, -0.0057462481781840324, 0.004619930405169725, -0.004520651884377003, -0.0007610605680383742], [1.1693435226334259e-05, 0.00023148169566411525, -0.0005336484173312783, 2.4489365387125872e-05, -0.005112826358526945, 0.005002920050173998, -0.0036398086231201887, -0.0049598002806305885, 0.01722671277821064, -0.00397005770355463, -0.003232902381569147, 0.004559064283967018, -0.003705072682350874], [-0.000383396924007684, -0.00029050459852442145, 0.0020688350778073072, -0.0013418842572718859, 8.751349378144369e-05, -0.0018689814023673534, 0.004687989130616188, -0.0057462481781840324, -0.00397005770355463, 0.01683582365512848, -0.006050312425941229, -0.005196718964725733, 0.00477799354121089], [-0.00038022868102416396, -0.0004973927279934287, 0.001320187933743, 0.0019647087901830673, 0.00020452443277463317, 0.0008941051200963557, -0.005373080726712942, 0.004619930405169725, -0.003232902381569147, -0.006050312425941229, 0.015655552968382835, -0.001958604669198394, -0.003549418179318309], [0.0003378069377504289, -0.00033129428629763424, -0.002084727631881833, 0.0010186319705098867, -0.00042360718362033367, -0.0008520132396370173, 0.001337577821686864, -0.004520651884377003, 0.004559064283967018, -0.005196718964725733, -0.001958604669198394, 0.01926884427666664, -0.006061375606805086], [-4.605693175108172e-05, -0.0006543013732880354, -0.0002729816478677094, -0.003410955658182502, 0.0003328295424580574, 0.0017827789997681975, 0.00039792858297005296, -0.0007610605680383742, -0.003705072682350874, 0.00477799354121089, -0.003549418179318309, -0.006061375606805086, 0.014766702428460121]], "metadata.audio_properties.analysis.downmix": "mix", "metadata.audio_properties.codec": "mp3", "metadata.audio_properties.md5_encoded": "92e6d7099ccb68431ffaeab3074386ed", "metadata.tags.file_name": "1183684934137819176.mp3", "metadata.version.essentia": "2.1-beta6-dev", "metadata.version.essentia_git_sha": "v2.1_beta5-1110-g77a6a954", "metadata.version.extractor": "music 2.0", "tonal.chords_key": "F", "tonal.chords_scale": "minor", "tonal.key_edma.key": "F", "tonal.key_edma.scale": "minor", "tonal.key_krumhansl.key": "F", "tonal.key_krumhansl.scale": "minor", "tonal.key_temperley.key": "F", "tonal.key_temperley.scale": "minor", "metadata.tags.encoding": ["Lavf58.