{"song_id": "1183659630207975454", "download": "https://cdn.discordapp.com/attachments/1135911532732108921/1183659630207975454/chirp.mp4?ex=658923ef&amp", "lyrics": "[Rap] Yo, It's Rexx..\n\nMoonlit whispers, secrets untold, Loneliness, my canvas, stories unfold. Rhymes and rhythms, like stars align, In the vast silence, my soul entwined \nStreets empty, shadows dance, In solitude, I take my chance. A lone journey, through the maze, In the rhythm of nights, lost in a daze.", "style": ["Saddest Melancholic Melodious Vocals"], "essentia_features": {"lowlevel.average_loudness": 0.9787629246711731, "lowlevel.barkbands_crest.mean": 9.699128150939941, "lowlevel.barkbands_crest.stdev": 2.0730035305023193, "lowlevel.barkbands_flatness_db.mean": 0.2756064832210541, "lowlevel.barkbands_flatness_db.stdev": 0.07012607902288437, "lowlevel.barkbands_kurtosis.mean": 10.968953132629395, "lowlevel.barkbands_kurtosis.stdev": 9.84675121307373, "lowlevel.barkbands_skewness.mean": 2.1700847148895264, "lowlevel.barkbands_skewness.stdev": 1.144642949104309, "lowlevel.barkbands_spread.mean": 10.88620376586914, "lowlevel.barkbands_spread.stdev": 14.237619400024414, "lowlevel.dissonance.mean": 0.3846839368343353, "lowlevel.dissonance.stdev": 0.0551537424325943, "lowlevel.dynamic_complexity": 1.3382636308670044, "lowlevel.erbbands_crest.mean": 12.716763496398926, "lowlevel.erbbands_crest.stdev": 4.738254547119141, "lowlevel.erbbands_flatness_db.mean": 0.24084055423736572, "lowlevel.erbbands_flatness_db.stdev": 0.06516744941473007, "lowlevel.erbbands_kurtosis.mean": 3.23454213142395, "lowlevel.erbbands_kurtosis.stdev": 4.786849021911621, "lowlevel.erbbands_skewness.mean": 1.3591713905334473, "lowlevel.erbbands_skewness.stdev": 1.0312950611114502, "lowlevel.erbbands_spread.mean": 39.56483459472656, "lowlevel.erbbands_spread.stdev": 43.318023681640625, "lowlevel.hfc.mean": 17.0517635345459, "lowlevel.hfc.stdev": 13.278966903686523, "lowlevel.loudness_ebu128.integrated": -18.735118865966797, "lowlevel.loudness_ebu128.loudness_range": 1.0520381927490234, "lowlevel.loudness_ebu128.momentary.mean": -18.85179328918457, "lowlevel.loudness_ebu128.momentary.stdev": 1.048782229423523, "lowlevel.loudness_ebu128.short_term.mean": -18.575393676757812, "lowlevel.loudness_ebu128.short_term.stdev": 0.38871583342552185, "lowlevel.melbands_crest.mean": 12.335652351379395, "lowlevel.melbands_crest.stdev": 2.495366096496582, "lowlevel.melbands_flatness_db.mean": 0.3631656765937805, "lowlevel.melbands_flatness_db.stdev": 0.08694430440664291, "lowlevel.melbands_kurtosis.mean": 26.128807067871094, "lowlevel.melbands_kurtosis.stdev": 26.309398651123047, "lowlevel.melbands_skewness.mean": 3.3022284507751465, "lowlevel.melbands_skewness.stdev": 2.0876779556274414, "lowlevel.melbands_spread.mean": 7.863560199737549, "lowlevel.melbands_spread.stdev": 7.280909538269043, "lowlevel.pitch_salience.mean": 0.6326158046722412, "lowlevel.pitch_salience.stdev": 0.06805459409952164, "lowlevel.silence_rate_20dB.mean": 1.0, "lowlevel.silence_rate_20dB.stdev": 0.0, "lowlevel.silence_rate_30dB.mean": 1.0, "lowlevel.silence_rate_30dB.stdev": 0.0, "lowlevel.silence_rate_60dB.mean": 0.0026281208265572786, "lowlevel.silence_rate_60dB.stdev": 0.05119786038994789, "lowlevel.spectral_centroid.mean": 482.6226501464844, "lowlevel.spectral_centroid.stdev": 291.1347351074219, "lowlevel.spectral_complexity.mean": 10.191852569580078, "lowlevel.spectral_complexity.stdev": 4.404332160949707, "lowlevel.spectral_decrease.mean": -9.758895913591914e-09, "lowlevel.spectral_decrease.stdev": 3.901451162136027e-09, "lowlevel.spectral_energy.mean": 0.03837895765900612, "lowlevel.spectral_energy.stdev": 0.01512441411614418, "lowlevel.spectral_energyband_high.mean": 0.0006427375483326614, "lowlevel.spectral_energyband_high.stdev": 0.0015955332200974226, "lowlevel.spectral_energyband_low.mean": 0.009403632022440434, "lowlevel.spectral_energyband_low.stdev": 0.003948254976421595, "lowlevel.spectral_energyband_middle_high.mean": 0.0018313582986593246, "lowlevel.spectral_energyband_middle_high.stdev": 0.00283439876511693, "lowlevel.spectral_energyband_middle_low.mean": 0.02900545485317707, "lowlevel.spectral_energyband_middle_low.stdev": 0.01323477178812027, "lowlevel.spectral_entropy.mean": 6.350739479064941, "lowlevel.spectral_entropy.stdev": 0.7909070253372192, "lowlevel.spectral_flux.mean": 0.06653109937906265, "lowlevel.spectral_flux.stdev": 0.03686506301164627, "lowlevel.spectral_kurtosis.mean": 24.069419860839844, "lowlevel.spectral_kurtosis.stdev": 37.86979293823242, "lowlevel.spectral_rms.mean": 0.006003481801599264, "lowlevel.spectral_rms.stdev": 0.0011836757184937596, "lowlevel.spectral_rolloff.mean": 736.231689453125, "lowlevel.spectral_rolloff.stdev": 1376.7908935546875, "lowlevel.spectral_skewness.mean": 3.263317108154297, "lowlevel.spectral_skewness.stdev": 2.345601797103882, "lowlevel.spectral_spread.mean": 4239866.5, "lowlevel.spectral_spread.stdev": 3628572.75, "lowlevel.spectral_strongpeak.mean": 1.0370368957519531, "lowlevel.spectral_strongpeak.stdev": 0.5711338520050049, "lowlevel.zerocrossingrate.mean": 0.03590824082493782, "lowlevel.zerocrossingrate.stdev": 0.03422867879271507, "metadata.audio_properties.analysis.equal_loudness": 0.0, "metadata.audio_properties.analysis.length": 17.64265251159668, "metadata.audio_properties.analysis.sample_rate": 44100.0, "metadata.audio_properties.analysis.start_time": 0.0, "metadata.audio_properties.bit_rate": 118860.0, "metadata.audio_properties.length": 17.64266586303711, "metadata.audio_properties.lossless": 0.0, "metadata.audio_properties.number_channels": 1.0, "metadata.audio_properties.replay_gain": -7.283529281616211, "metadata.audio_properties.sample_rate": 48000.0, "rhythm.beats_count": 32.0, "rhythm.beats_loudness.mean": 0.04104103147983551, "rhythm.beats_loudness.stdev": 0.015092031098902225, "rhythm.bpm": 116.73556518554688, "rhythm.bpm_histogram_first_peak_bpm": 117.0, "rhythm.bpm_histogram_first_peak_weight": 0.3888888359069824, "rhythm.bpm_histogram_second_peak_bpm": 112.0, "rhythm.bpm_histogram_second_peak_spread": 0.5, "rhythm.bpm_histogram_second_peak_weight": 0.16129031777381897, "rhythm.danceability": 1.3262279033660889, "rhythm.onset_rate": 4.64358377456665, "tonal.chords_changes_rate": 0.031496062874794006, "tonal.chords_number_rate": 0.007874015718698502, "tonal.chords_strength.mean": 0.535281777381897, "tonal.chords_strength.stdev": 0.031173450872302055, "tonal.hpcp_crest.mean": 18.426986694335938, "tonal.hpcp_crest.stdev": 6.7542009353637695, "tonal.hpcp_entropy.mean": 1.3243521451950073, "tonal.hpcp_entropy.stdev": 0.5420884490013123, "tonal.key_edma.strength": 0.7285280227661133, "tonal.key_krumhansl.strength": 0.7386063933372498, "tonal.key_temperley.strength": 0.7444104552268982, "tonal.tuning_diatonic_strength": 0.565399169921875, "tonal.tuning_equal_tempered_deviation": 0.043962765485048294, "tonal.tuning_frequency": 439.4919738769531, "tonal.tuning_nontempered_energy_ratio": 0.5898773670196533, "lowlevel.barkbands.mean": [1.3151772691344377e-05, 0.0018470353679731488, 0.005061923526227474, 0.004164271522313356, 0.012704761698842049, 0.0080029908567667, 0.0020326096564531326, 0.0011394668836146593, 0.0008954972727224231, 0.00022596976486966014, 0.0003741872205864638, 0.000475626002298668, 0.0002093505609082058, 0.00011726152297342196, 0.00012530252570286393, 8.595268445787951e-05, 8.199156582122669e-05, 4.4078864448238164e-05, 6.436326657421887e-05, 8.585473551647738e-05, 1.8660768546396866e-05, 5.861847967025824e-05, 0.00014633327373303473, 0.00032903134706430137, 6.382808351190761e-05, 1.078729019354796e-05, 8.075491564341064e-08], "lowlevel.barkbands.stdev": [2.3409493223880418e-05, 0.0010680034756660461, 0.0031739433761686087, 0.0023176311515271664, 0.005473594646900892, 0.0055908034555613995, 0.0038422869984060526, 0.0030418108217418194, 0.0026866362895816565, 0.0006170604028739035, 0.0012407441390678287, 0.0013028623070567846, 0.0007840169128030539, 0.00041867312393151224, 0.0003798197431024164, 0.0002813329338096082, 0.00016787901404313743, 9.467097697779536e-05, 0.00015071195957716554, 0.0002752938598860055, 8.084736327873543e-05, 0.00018907229241449386, 0.0004037381149828434, 0.0008887990261428058, 0.0001680626446614042, 2.818021494022105e-05, 4.851161179431074e-07], "lowlevel.erbbands.mean": [0.016192050650715828, 0.5885717272758484, 4.644654273986816, 12.491530418395996, 35.44552993774414, 23.7105655670166, 95.56731414794922, 33.17767333984375, 35.08646774291992, 24.65546417236328, 28.769412994384766, 18.550457000732422, 7.62940788269043, 13.795075416564941, 12.956620216369629, 22.0234317779541, 10.846720695495605, 6.7546820640563965, 5.814399719238281, 6.469942092895508, 4.637067794799805, 4.661433219909668, 2.949252128601074, 1.9188194274902344, 5.18666410446167, 3.5829827785491943, 0.781164288520813, 0.9858419299125671, 2.0452136993408203, 2.8793182373046875, 4.315792083740234, 5.645107269287109, 5.833700656890869, 1.390685796737671, 0.1897333711385727, 0.057326093316078186, 0.01952410861849785, 0.0019664354622364044, 6.33162198937498e-05, 4.731627268483862e-05], "lowlevel.erbbands.stdev": [0.011895494535565376, 0.311350017786026, 1.8924401998519897, 6.988563537597656, 16.31721305847168, 14.788802146911621, 72.09661865234375, 33.61631393432617, 48.81214904785156, 67.27802276611328, 73.48460388183594, 61.079681396484375, 22.269556045532227, 46.67938995361328, 35.41383743286133, 59.21950149536133, 36.13694763183594, 21.72151756286621, 15.934975624084473, 22.031221389770508, 14.404003143310547, 8.99551773071289, 5.927929878234863, 3.978363037109375, 11.848197937011719, 13.200261116027832, 3.047245979309082, 4.436343193054199, 7.029586315155029, 8.239087104797363, 11.832770347595215, 15.375627517700195, 16.06891632080078, 3.612558603286743, 0.5022762417793274, 0.1572185903787613, 0.051375314593315125, 0.005582216661423445, 0.00012127233640057966, 1.929143581946846e-05], "lowlevel.gfcc.mean": [-62.60202407836914, 149.184814453125, -64.19017028808594, 24.868459701538086, -62.206581115722656, 6.737293720245361, -55.8439826965332, -4.854581356048584, -39.13887023925781, -20.057708740234375, 7.392559051513672, -7.05325174331665, -9.864592552185059], "lowlevel.melbands.mean": [0.0003051282255910337, 0.0019618389196693897, 0.0027683477383106947, 0.002145297359675169, 0.0027465149760246277, 0.0009303819970227778, 0.0005200636223889887, 0.0002498570247553289, 0.00024865218438208103, 0.00010402967018308118, 3.3753840398276225e-05, 5.237419463810511e-05, 4.3540439946809784e-05, 5.152033918420784e-05, 4.2426585423527285e-05, 1.7988057152251713e-05, 1.1926739716727752e-05, 9.270704140362795e-06, 9.297953511122614e-06, 7.141362402762752e-06, 5.012755536881741e-06, 4.653540599974804e-06, 4.205963705317117e-06, 1.6210318563025794e-06, 1.3873205944037181e-06, 2.7546186629479052e-06, 5.058358965470688e-06, 1.6427871969426633e-06, 4.1090405034083233e-07, 3.925205760424433e-07, 6.281845799094299e-07, 1.1345596249157097e-06, 1.2253335626155604e-06, 1.741353798934142e-06, 2.2550273115484742e-06, 2.9909745080658467e-06, 3.8014111396478256e-06, 4.7143657866399735e-06, 2.537549335102085e-06, 7.003102382441284e-07], "lowlevel.melbands.stdev": [0.00016182460240088403, 0.0007497089682146907, 0.001262519508600235, 0.0010038549080491066, 0.0019918857142329216, 0.0007694435189478099, 0.0007529687718488276, 0.0007050922722555697, 0.0006639330531470478, 0.00034612545277923346, 0.0001085418916773051, 0.0001775662531144917, 0.0001297447015531361, 0.00013250575284473598, 0.00013207318261265755, 6.494455737993121e-05, 4.198355964035727e-05, 2.858284096873831e-05, 2.9870223443140276e-05, 2.4731951270950958e-05, 1.6574687833781354e-05, 9.651500477048103e-06, 8.353467819688376e-06, 3.5943437524110777e-06, 3.1227416457113577e-06, 6.463471891038353e-06, 1.2961970242031384e-05, 7.887269021011889e-06, 1.582101845087891e-06, 1.6286230675177649e-06, 3.0423118460021215e-06, 4.311927114031278e-06, 3.693588496389566e-06, 5.134570074005751e-06, 6.310547632892849e-06, 8.399561011174228e-06, 1.0622761692502536e-05, 1.3531004697142635e-05, 6.967111403355375e-06, 1.8252098925586324e-06], "lowlevel.melbands128.mean": [9.38655466597993e-06, 6.0592556110350415e-05, 0.0002005163551075384, 0.001176486606709659, 0.0019995663315057755, 0.0026683444157242775, 0.0025851894170045853, 0.0018490824149921536, 0.004743455909192562, 0.0019902882631868124, 0.0004893374280072749, 0.002316022291779518, 0.0046295346692204475, 0.0017045187996700406, 0.00031273573404178023, 0.0008621940505690873, 0.0007860009791329503, 0.0003394536324776709, 0.00038156163645908237, 0.0002545850002206862, 0.00020364430383779109, 0.00015581627667415887, 0.00033105851616710424, 0.00024740819935686886, 0.00010028127871919423, 5.603125464404002e-05, 5.994461025693454e-05, 2.8471451514633372e-05, 1.285316830035299e-05, 3.8629488699370995e-05, 7.846088556107134e-05, 6.025656693964265e-05, 2.9855855245841667e-05, 4.826774602406658e-05, 2.4650962586747482e-05, 6.272274913499132e-05, 8.271873230114579e-05, 3.5672110243467614e-05, 2.332767689949833e-05, 2.3691647584200837e-05, 1.5384144717245363e-05, 1.308936407440342e-05, 9.642987606639508e-06, 1.542080644867383e-05, 8.41839391796384e-06, 8.770895874476992e-06, 8.681310646352358e-06, 8.174994945875369e-06, 1.1102242751803715e-05, 8.875017556420062e-06, 6.1178657233540434e-06, 5.735160812037066e-06, 5.700403562514111e-06, 4.402239028422628e-06, 4.186847945675254e-06, 4.060148057760671e-06, 6.102563474996714e-06, 4.675408035836881e-06, 4.003128196927719e-06, 2.246103122161003e-06, 1.3686295687875827e-06, 1.0903453357968829e-06, 1.4961373153710156e-06, 1.2811183296435047e-06, 1.5377273712147144e-06, 2.3604113721376052e-06, 3.6920414459018502e-06, 4.770734449266456e-06, 6.9165221248113085e-06, 3.277215000707656e-06, 1.6623617966615711e-06, 5.67492520531232e-07, 4.1118525473393674e-07, 3.610288104027859e-07, 4.5272457782630227e-07, 3.8255294043665344e-07, 3.3202394433828886e-07, 4.931849275635614e-07, 6.424227194656851e-07, 7.19617048616783e-07, 1.0856098242584267e-06, 1.6057697393989656e-06, 8.365078656424885e-07, 1.223950107487326e-06, 1.3131984815117903e-06, 1.761300040925562e-06, 1.7832177263699123e-06, 1.918543603096623e-06, 2.2207370875548804e-06, 2.4426065010629827e-06, 3.0817170681984862e-06, 3.389647417861852e-06, 2.477311454640585e-06, 3.413401600482757e-06, 4.555939995043445e-06, 5.6730150390649214e-06, 4.543263912637485e-06, 4.015822923975065e-06, 2.835800160028157e-06, 1.6263937823168817e-06, 1.0583917173789814e-06, 5.31144110027526e-07, 3.0110660986792936e-07, 1.8030634407750767e-07, 1.6603155472694198e-07, 1.4499934763989586e-07, 1.3142043542302417e-07, 1.1149438705615466e-07, 8.986812360944896e-08, 7.660425183075859e-08, 7.097019505408753e-08, 6.117837614283417e-08, 7.691521375363664e-08, 5.0334946877228504e-08, 3.759525313284939e-08, 1.89441706766047e-08, 3.6934943992150693e-09, 2.0625144647734572e-10, 5.314438125680887e-12, 4.96403786132138e-12, 4.957501856944768e-12, 4.680567999154617e-12, 4.570350174704085e-12, 4.4792359925327485e-12, 4.3327177783047954e-12, 4.124992014631346e-12, 4.006582825927252e-12, 3.972068767649217e-12], "lowlevel.melbands128.stdev": [1.5897114280960523e-05, 8.335861639352515e-05, 0.00022278050892055035, 0.0007752247620373964, 0.0009271838353015482, 0.0021587181836366653, 0.0016757580451667309, 0.001145747839473188, 0.0022359476424753666, 0.0009941037278622389, 0.0008029394666664302, 0.0018290680600330234, 0.003661416471004486, 0.0016280942363664508, 0.0009232570300810039, 0.0010737564880400896, 0.0010760171571746469, 0.000883301894646138, 0.0011808243580162525, 0.0009430975187569857, 0.000856544531416148, 0.0004919709172099829, 0.0010931926080957055, 0.0008351306896656752, 0.0005925561999902129, 0.00024331411987077445, 0.000287371629383415, 8.744370279600844e-05, 5.9876889281440526e-05, 0.00013572527677752078, 0.0003374034713488072, 0.00027538344147615135, 8.746872481424361e-05, 0.0001881912030512467, 0.00011890624591615051, 0.00019833659462165087, 0.00025280407862737775, 0.00018467668269295245, 0.00012564145436044782, 0.00011244161578360945, 6.0326441598590463e-05, 6.309262971626595e-05, 4.349493610789068e-05, 6.693657633149996e-05, 3.5010918509215117e-05, 3.260797166149132e-05, 3.082341208937578e-05, 3.0850638722768053e-05, 4.84014417452272e-05, 4.309203359298408e-05, 2.674712595762685e-05, 2.5349836505483836e-05, 2.7218131435802206e-05, 1.4699233361170627e-05, 1.3936196410213597e-05, 9.272304851037916e-06, 1.4680302228953224e-05, 1.098083066608524e-05, 1.0040976121672429e-05, 5.817325472889934e-06, 3.749242750927806e-06, 2.2796084522269666e-06, 4.254761734046042e-06, 3.0907156087778276e-06, 3.591430640881299e-06, 6.001351721351966e-06, 1.0180985555052757e-05, 1.343661733699264e-05, 2.047680209216196e-05, 1.1203649592061993e-05, 1.3398975170275662e-05, 2.837005240508006e-06, 1.6037577097449685e-06, 1.4757239341633976e-06, 1.973638291019597e-06, 1.8381348354523652e-06, 1.2496451518018148e-06, 2.5980916689150035e-06, 3.7114029964868678e-06, 3.247843778808601e-06, 5.339263225323521e-06, 6.169473181216745e-06, 2.522164322726894e-06, 4.138577878620708e-06, 4.00471390094026e-06, 5.820379556098487e-06, 5.92586184211541e-06, 6.016848601575475e-06, 6.696344371448504e-06, 7.071811069181422e-06, 9.28695317270467e-06, 1.0134693184227217e-05, 7.598918273288291e-06, 9.814052646106575e-06, 1.2938096006109845e-05, 1.920897739182692e-05, 1.3609903362521436e-05, 1.1509068826853763e-05, 8.397729288844857e-06, 4.6171767280611675e-06, 2.8201029635965824e-06, 1.5750816828585812e-06, 8.588412470089679e-07, 5.54763687432569e-07, 5.49799381133198e-07, 4.955110739501833e-07, 3.979903056006151e-07, 3.447886172125436e-07, 2.6107773010153323e-07, 2.5938624048649217e-07, 2.2815690670086042e-07, 1.855531195360527e-07, 2.1429211471968301e-07, 1.4547758553362655e-07, 1.0922396143087099e-07, 6.961771248370496e-08, 2.0701817149415547e-08, 1.3582166502601467e-09, 7.270491934191492e-12, 6.13233075430486e-12, 7.273793546647145e-12, 5.756798683587139e-12, 5.620403448203248e-12, 5.521229307081654e-12, 5.440446704252366e-12, 5.37564740984986e-12, 5.326800632532436e-12, 5.297000685300368e-12], "lowlevel.mfcc.mean": [-724.68798828125, 180.52061462402344, 53.85942077636719, 15.626062393188477, 24.974393844604492, -9.525036811828613, 6.6015706062316895, 3.7513155937194824, -33.5840950012207, -8.919870376586914, -16.901071548461914, -6.504127502441406, 11.750877380371094], "lowlevel.spectral_contrast_coeffs.mean": [-0.6223074793815613, -0.6726975440979004, -0.7561942338943481, -0.8048640489578247, -0.7398123145103455, -0.824189305305481], "lowlevel.spectral_contrast_coeffs.stdev": [0.046448368579149246, 0.06307344138622284, 0.05032915994524956, 0.058679621666669846, 0.07839946448802948, 0.037843454629182816], "lowlevel.spectral_contrast_valleys.mean": [-5.999532222747803, -7.176709175109863, -7.990175247192383, -8.913055419921875, -9.398112297058105, -11.175344467163086], "lowlevel.spectral_contrast_valleys.stdev": [0.4325029253959656, 0.7985298037528992, 0.7242873311042786, 0.9409233331680298, 1.018371343612671, 1.3696836233139038], "rhythm.beats_loudness_band_ratio.mean": [0.45915207266807556, 0.4889373183250427, 0.12593518197536469, 0.03354208543896675, 0.010971798561513424, 0.03970659524202347], "rhythm.beats_loudness_band_ratio.stdev": [0.13887707889080048, 0.11235122382640839, 0.11867157369852066, 0.05690397322177887, 0.017000911757349968, 0.06992016732692719], "tonal.hpcp.mean": [0.012818566523492336, 0.01518326997756958, 0.02402719296514988, 0.03009122610092163, 0.0175585076212883, 0.011349412612617016, 0.011882498860359192, 0.008752749301493168, 0.13567820191383362, 0.23935943841934204, 0.11864115297794342, 0.015636056661605835, 0.006693403702229261, 0.008340876549482346, 0.28262490034103394, 0.6421838998794556, 0.4034583568572998, 0.0583682619035244, 0.039168376475572586, 0.0284508615732193, 0.016190050169825554, 0.012076362036168575, 0.013271343894302845, 0.017969246953725815, 0.01374931912869215, 0.006150885950773954, 0.009483232162892818, 0.011720608919858932, 0.007856103591620922, 0.44325560331344604, 0.8282368183135986, 0.3911017179489136, 0.0048377332277596, 0.0036137092392891645, 0.005217679310590029, 0.0077890860848128796], "tonal.hpcp.stdev": [0.040694307535886765, 0.049260035157203674, 0.06383353471755981, 0.09439297765493393, 0.059870194643735886, 0.04923450946807861, 0.032882798463106155, 0.027387157082557678, 0.23285388946533203, 0.3978463113307953, 0.2095288783311844, 0.07442581653594971, 0.04331882670521736, 0.03945760801434517, 0.21641413867473602, 0.39788371324539185, 0.2801193296909332, 0.13552434742450714, 0.11954333633184433, 0.09378620982170105, 0.0752173438668251, 0.05820450186729431, 0.056549929082393646, 0.08842824399471283, 0.07183951139450073, 0.025027427822351456, 0.04410158842802048, 0.06860291212797165, 0.0474347285926342, 0.13694491982460022, 0.20793244242668152, 0.13222986459732056, 0.016578087583184242, 0.016115359961986542, 0.029279040172696114, 0.02607494406402111], "rhythm.beats_position": [0.5572788715362549, 1.1261677742004395, 1.695056676864624, 2.252335548400879, 2.809614419937134, 3.3668932914733887, 3.947392225265503, 4.504671096801758, 5.038730144500732, 5.561179161071777, 6.083628177642822, 6.5944671630859375, 7.105306148529053, 7.616145133972168, 8.150203704833984, 8.684263229370117, 9.195101737976074, 9.717551231384277, 10.216779708862305, 10.727619171142578, 11.238457679748535, 11.749297142028809, 12.260135650634766, 12.770975112915039, 13.281813621520996, 13.79265308380127, 14.315101623535156, 14.83755111694336, 15.359999656677246, 15.894058227539062, 16.428117752075195, 16.973787307739258], "rhythm.bpm_histogram": [0.0, 0.0, 0.0, 0.0, 0.0, 0.0, 0.0, 0.0, 0.0, 0.0, 0.0, 0.0, 0.0, 0.0, 0.0, 0.0, 0.0, 0.0, 0.0, 0.0, 0.0, 0.0, 0.0, 0.0, 0.0, 0.0, 0.0, 0.0, 0.0, 0.0, 0.0, 0.0, 0.0, 0.0, 0.0, 0.0, 0.0, 0.0, 0.0, 0.0, 0.0, 0.0, 0.0, 0.0, 0.0, 0.0, 0.0, 0.0, 0.0, 0.0, 0.0, 0.0, 0.0, 0.0, 0.0, 0.0, 0.0, 0.0, 0.0, 0.0, 0.0, 0.0, 0.0, 0.0, 0.0, 0.0, 0.0, 0.0, 0.0, 0.0, 0.0, 0.0, 0.0, 0.0, 0.0, 0.0, 0.0, 0.0, 0.0, 0.0, 0.0, 0.0, 0.0, 0.0, 0.0, 0.0, 0.0, 0.0, 0.0, 0.0, 0.0, 0.0, 0.0, 0.0, 0.0, 0.0, 0.0, 0.0, 0.0, 0.0, 0.0, 0.0, 0.0, 0.032258063554763794, 0.0, 0.06451612710952759, 0.0, 0.0, 0.12903225421905518, 0.0, 0.032258063554763794, 0.0, 0.16129031777381897, 0.0, 0.0, 0.19354838132858276, 0.0, 0.35483869910240173, 0.0, 0.0, 0.032258063554763794, 0.0, 0.0, 0.0, 0.0, 0.0, 0.0, 0.0, 0.0, 0.0, 0.0, 0.0, 0.0, 0.0, 0.0, 0.0, 0.0, 0.0, 0.0, 0.0, 0.0, 0.0, 0.0, 0.0, 0.0, 0.0, 0.0, 0.0, 0.0, 0.0, 0.0, 0.0, 0.0, 0.0, 0.0, 0.0, 0.0, 0.0, 0.0, 0.0, 0.0, 0.0, 0.0, 0.0, 0.0, 0.0, 0.0, 0.0, 0.0, 0.0, 0.0, 0.0, 0.0, 0.0, 0.0, 0.0, 0.0, 0.0, 0.0, 0.0, 0.0, 0.0, 0.0, 0.0, 0.0, 0.0, 0.0, 0.0, 0.0, 0.0, 0.0, 0.0, 0.0, 0.0, 0.0, 0.0, 0.0, 0.0, 0.0, 0.0, 0.0, 0.0, 0.0, 0.0, 0.0, 0.0, 0.0, 0.0, 0.0, 0.0, 0.0, 0.0, 0.0, 0.0, 0.0, 0.0, 0.0, 0.0, 0.0, 0.0, 0.0, 0.0, 0.0, 0.0, 0.0, 0.0, 0.0, 0.0, 0.0, 0.0, 0.0, 0.0, 0.0, 0.0, 0.0, 0.0, 0.0, 0.0, 0.0, 0.0, 0.0, 0.0, 0.0, 0.0, 0.0, 0.0, 0.0, 0.0, 0.0, 0.0], "tonal.chords_histogram": [39.370079040527344, 0.0, 0.0, 0.0, 0.0, 0.0, 0.0, 0.0, 0.0, 0.0, 0.0, 0.0, 0.0, 0.0, 0.0, 25.459318161010742, 0.0, 35.17060470581055, 0.0, 0.0, 0.0, 0.0, 0.0, 0.0], "tonal.thpcp": [1.0, 0.47221001982688904, 0.005841002333909273, 0.004363135434687138, 0.006299743428826332, 0.009404418990015984, 0.015476933680474758, 0.018332039937376976, 0.029010051861405373, 0.0363316684961319, 0.021199863404035568, 0.013703100383281708, 0.014346741139888763, 0.010567930527031422, 0.1638157069683075, 0.2889987826347351, 0.14324544370174408, 0.018878726288676262, 0.008081509731709957, 0.010070642456412315, 0.34123682975769043, 0.7753626704216003, 0.48712921142578125, 0.07047291100025177, 0.04729127511382103, 0.03435111790895462, 0.019547609612345695, 0.014580807648599148, 0.016023609787225723, 0.021695783361792564, 0.016600709408521652, 0.007426482159644365, 0.011449904181063175, 0.014151277020573616, 0.0094853350892663, 0.5351797938346863], "lowlevel.gfcc.cov": [[4440.4638671875, -2338.362060546875, -693.4000854492188, 875.234130859375, -556.6854858398438, 162.47169494628906, -418.98492431640625, 445.9064025878906, -75.34719848632812, 283.6214904785156, -300.7322998046875, -48.68981170654297, -292.6487731933594], [-2338.362060546875, 3063.939208984375, -658.5369262695312, -1207.7059326171875, 855.4501342773438, -674.518310546875, 389.4976501464844, 75.15827178955078, 226.53704833984375, -396.6441650390625, 344.88800048828125, -316.43017578125, 146.09597778320312], [-693.4000854492188, -658.5369262695312, 1294.4986572265625, 177.3928680419922, -460.2109375, 474.87286376953125, 38.95017623901367, -387.53826904296875, -167.2429656982422, 111.51911926269531, -40.25218963623047, 279.2367858886719, 39.85316467285156], [875.234130859375, -1207.7059326171875, 177.3928680419922, 743.3323364257812, -290.09686279296875, 170.0440216064453, -154.2628173828125, -45.45161437988281, -64.14181518554688, 108.6936264038086, -111.43144226074219, 147.41485595703125, 9.817060470581055], [-556.6854858398438, 855.4501342773438, -460.2109375, -290.09686279296875, 564.8517456054688, -257.2483215332031, -89.12812805175781, 80.56470489501953, 122.31756591796875, -86.51094055175781, 69.2850570678711, -107.51303100585938, 68.58728790283203], [162.47169494628906, -674.518310546875, 474.87286376953125, 170.0440216064453, -257.2483215332031, 411.70538330078125, -53.758140563964844, -194.03604125976562, -87.81819152832031, 110.97154235839844, -58.97956848144531, 102.38452911376953, -6.21017599105835], [-418.98492431640625, 389.4976501464844, 38.95017623901367, -154.2628173828125, -89.12812805175781, -53.758140563964844, 330.12017822265625, -38.51548767089844, -81.65291595458984, -86.20388793945312, 72.37018585205078, -3.0842533111572266, -17.24593734741211], [445.9064025878906, 75.15827178955078, -387.53826904296875, -45.45161437988281, 80.56470489501953, -194.03604125976562, -38.51548767089844, 280.6820373535156, 68.9063949584961, -44.711273193359375, -24.965356826782227, -87.52204895019531, -50.818111419677734], [-75.34719848632812, 226.53704833984375, -167.2429656982422, -64.14181518554688, 122.31756591796875, -87.81819152832031, -81.65291595458984, 68.9063949584961, 155.2890167236328, -21.232715606689453, -12.652433395385742, -69.19686126708984, 14.562232971191406], [283.6214904785156, -396.6441650390625, 111.51911926269531, 108.6936264038086, -86.51094055175781, 110.97154235839844, -86.20388793945312, -44.711273193359375, -21.232715606689453, 159.23936462402344, -45.21562957763672, 0.9847042560577393, -43.86317443847656], [-300.7322998046875, 344.88800048828125, -40.25218963623047, -111.43144226074219, 69.2850570678711, -58.97956848144531, 72.37018585205078, -24.965356826782227, -12.652433395385742, -45.21562957763672, 110.14076232910156, -28.602296829223633, 12.444268226623535], [-48.68981170654297, -316.43017578125, 279.2367858886719, 147.41485595703125, -107.51303100585938, 102.38452911376953, -3.0842533111572266, -87.52204895019531, -69.19686126708984, 0.9847042560577393, -28.602296829223633, 167.5564422607422, 15.890708923339844], [-292.6487731933594, 146.09597778320312, 39.85316467285156, 9.817060470581055, 68.58728790283203, -6.21017599105835, -17.24593734741211, -50.818111419677734, 14.562232971191406, -43.86317443847656, 12.444268226623535, 15.890708923339844, 104.89613342285156]], "lowlevel.gfcc.icov": [[0.0009936187416315079, 0.00015078614524099976, 0.0010885176016017795, -0.0002901459520217031, 0.0012202817015349865, -0.00034680342650972307, 0.0012660110369324684, -0.0005296638119034469, 0.0010945521062240005, 7.897754403529689e-05, 0.0005240602185949683, 0.00019311202049721032, 0.0010984382824972272], [0.00015078614524099976, 0.009146314114332199, -0.0014270810643211007, 0.007439716719090939, -0.00516454828903079, 0.006661937106400728, -0.005702551454305649, 0.004189486615359783, -0.006126787047833204, 0.005103015340864658, -0.006615174002945423, 0.004588899202644825, -0.004534679464995861], [0.0010885176016017795, -0.0014270810643211007, 0.0043324064463377, -0.0004733326786663383, 0.004186796955764294, -0.002370036207139492, 0.0027946268673986197, 0.0003586790699046105, 0.00180580816231668, -0.0018867208855226636, 0.0012431868817657232, -0.0038949318695813417, 0.0005809864960610867], [-0.0002901459520217031, 0.007439716719090939, -0.0004733326786663383, 0.009282998740673065, -0.0025113532319664955, 0.00595739996060729, -0.0036695741582661867, 0.0040790485218167305, -0.0051011559553444386, 0.002821386093273759, -0.005250044632703066, 0.0009604274528101087, -0.006127332802861929], [0.0012202817015349865, -0.00516454828903079, 0.004186796955764294, -0.0025113532319664955, 0.0104374336078763, -0.0023938240483403206, 0.007970921695232391, -0.0010520350188016891, 0.004597439896315336, -0.002932845614850521, 0.0032737748697400093, -0.004071293398737907, 0.0014400531072169542], [-0.00034680342650972307, 0.006661937106400728, -0.002370036207139492, 0.00595739996060729, -0.0023938240483403206, 0.012085866183042526, -0.0023578263353556395, 0.0071663688868284225, -0.003148871473968029, 0.0037799044512212276, -0.0028314637020230293, 0.004432530142366886, -0.002856084145605564], [0.0012660110369324684, -0.005702551454305649, 0.0027946268673986197, -0.0036695741582661867, 0.007970921695232391, -0.0023578263353556395, 0.01301655825227499, -0.0002860447275452316, 0.00911384355276823, 0.0011922514531761408, 0.004207523074001074, -0.0013108666753396392, 0.006338796578347683], [-0.0005296638119034469, 0.004189486615359783, 0.0003586790699046105, 0.0040790485218167305, -0.0010520350188016891, 0.0071663688868284225, -0.0002860447275452316, 0.013082836754620075, -0.002809557132422924, 0.006620792672038078, 0.0005604136385954916, 0.004047842230647802, 0.00205142586492002], [0.0010945521062240005, -0.006126787047833204, 0.00180580816231668, -0.0051011559553444386, 0.004597439896315336, -0.003148871473968029, 0.00911384355276823, -0.002809557132422924, 0.017537716776132584, -0.0001996119535760954, 0.008428302593529224, 0.002056863158941269, 0.004493358079344034], [7.897754403529689e-05, 0.005103015340864658, -0.0018867208855226636, 0.002821386093273759, -0.002932845614850521, 0.0037799044512212276, 0.0011922514531761408, 0.006620792672038078, -0.0001996119535760954, 0.017902353778481483, 3.804187508649193e-05, 0.008930057287216187, 0.005267180036753416], [0.0005240602185949683, -0.006615174002945423, 0.0012431868817657232, -0.005250044632703066, 0.0032737748697400093, -0.0028314637020230293, 0.004207523074001074, 0.0005604136385954916, 0.008428302593529224, 3.804187508649193e-05, 0.020738262683153152, 0.0008971616043709219, 0.005599198862910271], [0.00019311202049721032, 0.004588899202644825, -0.0038949318695813417, 0.0009604274528101087, -0.004071293398737907, 0.004432530142366886, -0.0013108666753396392, 0.004047842230647802, 0.002056863158941269, 0.008930057287216187, 0.0008971616043709219, 0.017977561801671982, 0.0008261579787358642], [0.0010984382824972272, -0.004534679464995861, 0.0005809864960610867, -0.006127332802861929, 0.0014400531072169542, -0.002856084145605564, 0.006338796578347683, 0.00205142586492002, 0.004493358079344034, 0.005267180036753416, 0.005599198862910271, 0.0008261579787358642, 0.02098085917532444]], "lowlevel.mfcc.cov": [[5282.05517578125, -2810.030029296875, -393.6271057128906, 256.3099365234375, 72.07302856445312, -285.3802490234375, -250.2344207763672, -16.27618408203125, -29.309364318847656, 405.160888671875, 224.1773681640625, -128.1288299560547, -148.48912048339844], [-2810.030029296875, 3999.223388671875, -1434.47216796875, -399.82421875, 178.39064025878906, -669.279052734375, 118.11737060546875, 263.4816589355469, -124.87444305419922, 160.81520080566406, 171.85186767578125, -147.9169158935547, 123.66362762451172], [-393.6271057128906, -1434.47216796875, 1776.7813720703125, -30.245407104492188, -425.9521484375, 707.5487670898438, 117.08375549316406, -190.2696990966797, 66.14693450927734, -353.50848388671875, -239.7462158203125, 178.5339813232422, -35.09797668457031], [256.3099365234375, -399.82421875, -30.245407104492188, 371.12237548828125, -17.17934226989746, -28.91071128845215, -37.882713317871094, 27.319698333740234, 24.003042221069336, -68.1381607055664, -54.386287689208984, 38.14423751831055, 43.25761032104492], [72.07302856445312, 178.39064025878906, -425.9521484375, -17.17934226989746, 530.5301513671875, -124.96800231933594, -174.69715881347656, -53.82365417480469, 31.633939743041992, 94.07421875, -25.93243408203125, -23.838741302490234, 70.17598724365234], [-285.3802490234375, -669.279052734375, 707.5487670898438, -28.91071128845215, -124.96800231933594, 565.1578979492188, 81.01766967773438, -177.21949768066406, 32.68077850341797, -209.2615966796875, -95.11895751953125, 83.95429229736328, -89.1493911743164], [-250.2344207763672, 118.11737060546875, 117.08375549316406, -37.882713317871094, -174.69715881347656, 81.01766967773438, 206.98019409179688, 14.843879699707031, -61.54277420043945, -52.41743850708008, 11.426977157592773, -0.48251259326934814, -49.48055648803711], [-16.27618408203125, 263.4816589355469, -190.2696990966797, 27.319698333740234, -53.82365417480469, -177.21949768066406, 14.843879699707031, 223.99951171875, -19.99232292175293, 0.8914822340011597, 9.79588794708252, -45.37328338623047, 25.89120101928711], [-29.309364318847656, -124.87444305419922, 66.14693450927734, 24.003042221069336, 31.633939743041992, 32.68077850341797, -61.54277420043945, -19.99232292175293, 109.47115325927734, -16.49081802368164, -44.70496368408203, 16.632043838500977, 2.2509868144989014], [405.160888671875, 160.81520080566406, -353.50848388671875, -68.1381607055664, 94.07421875, -209.2615966796875, -52.41743850708008, 0.8914822340011597, -16.49081802368164, 250.90548706054688, 99.2748031616211, -67.951904296875, -9.42374038696289], [224.1773681640625, 171.85186767578125, -239.7462158203125, -54.386287689208984, -25.93243408203125, -95.11895751953125, 11.426977157592773, 9.79588794708252, -44.70496368408203, 99.2748031616211, 149.78753662109375, -30.401586532592773, -50.432804107666016], [-128.1288299560547, -147.9169158935547, 178.5339813232422, 38.14423751831055, -23.838741302490234, 83.95429229736328, -0.48251259326934814, -45.37328338623047, 16.632043838500977, -67.951904296875, -30.401586532592773, 119.06706237792969, 18.87989044189453], [-148.48912048339844, 123.66362762451172, -35.09797668457031, 43.25761032104492, 70.17598724365234, -89.1493911743164, -49.48055648803711, 25.89120101928711, 2.2509868144989014, -9.42374038696289, -50.432804107666016, 18.87989044189453, 123.42539978027344]], "lowlevel.mfcc.icov": [[0.0008694923017174006, 0.0010513910092413425, 0.0007465059752576053, 0.0005484545254148543, 0.0004272981605026871, 0.0007584982085973024, 0.00043229892617091537, 0.00015914952382445335, 0.000645550258923322, -0.00011127504694741219, -0.00016258767573162913, 0.00031350768404081464, 0.00032286913483403623], [0.0010513910092413425, 0.0018784127896651626, 0.0015578874154016376, 0.0016078492626547813, 0.0007751068915240467, 0.0012214764719828963, 1.75187160493806e-05, 0.00031146692344918847, 0.0006471012602560222, 0.0005843866965733469, -1.9055783923249692e-05, 0.00032495736377313733, -0.0003790740738622844], [0.0007465059752576053, 0.0015578874154016376, 0.0033854932989925146, 0.00214117462746799, 0.002370811766013503, -0.0006823932053521276, 0.0007266552420333028, 0.0007494190940633416, 0.0007583678816445172, 0.0006898100837133825, 0.0024503148160874844, -0.0007058425107970834, -0.001009234692901373], [0.0005484545254148543, 0.0016078492626547813, 0.00214117462746799, 0.005263044033199549, 0.0016248535830527544, 0.0012489722575992346, 0.0006393400835804641, 0.0005490851472131908, 0.00037878748844377697, 0.0021121518220752478, 0.0018558069132268429, -0.0008640140877105296, -0.0010225864825770259], [0.0004272981605026871, 0.0007751068915240467, 0.002370811766013503, 0.0016248535830527544, 0.004876644816249609, -0.00022833026014268398, 0.00307938433252275, 0.0017874159384518862, 0.0012980402680113912, -6.168909021653235e-05, 0.0033184983767569065, -4.806256401934661e-05, -0.000900966813787818], [0.0007584982085973024, 0.0012214764719828963, -0.0006823932053521276, 0.0012489722575992346, -0.00022833026014268398, 0.007868368178606033, -0.0005261239712126553, 0.0036662318743765354, 0.0005565053434111178, 0.003923870623111725, 0.0007140279631130397, 0.00040274669299833477, 0.004409605637192726], [0.00043229892617091537, 1.75187160493806e-05, 0.0007266552420333028, 0.0006393400835804641, 0.00307938433252275, -0.0005261239712126553, 0.0103929927572608, 0.0001454286539228633, 0.005822290200740099, 0.00046796241076663136, 0.002720525488257408, -0.00013727039913646877, 0.003552395151928067], [0.00015914952382445335, 0.00031146692344918847, 0.0007494190940633416, 0.0005490851472131908, 0.0017874159384518862, 0.0036662318743765354, 0.0001454286539228633, 0.008407361805438995, 0.0005643949843943119, 0.0032272827811539173, 0.0014880732633173466, 0.0023288605734705925, 0.0003144846414215863], [0.000645550258923322, 0.0006471012602560222, 0.0007583678816445172, 0.00037878748844377697, 0.0012980402680113912, 0.0005565053434111178, 0.005822290200740099, 0.0005643949843943119, 0.014676901511847973, -0.0005537233664654195, 0.005678680259734392, -0.001250618719495833, 0.0042925672605633736], [-0.00011127504694741219, 0.0005843866965733469, 0.0006898100837133825, 0.0021121518220752478, -6.168909021653235e-05, 0.003923870623111725, 0.00046796241076663136, 0.0032272827811539173, -0.0005537233664654195, 0.0105681037530303, -0.0029155397787690163, 0.0026589063927531242, 0.00033533721580170095], [-0.00016258767573162913, -1.9055783923249692e-05, 0.0024503148160874844, 0.0018558069132268429, 0.0033184983767569065, 0.0007140279631130397, 0.002720525488257408, 0.0014880732633173466, 0.005678680259734392, -0.0029155397787690163, 0.017530065029859543, -0.002745457226410508, 0.006534028332680464], [0.00031350768404081464, 0.00032495736377313733, -0.0007058425107970834, -0.0008640140877105296, -4.806256401934661e-05, 0.00040274669299833477, -0.00013727039913646877, 0.0023288605734705925, -0.001250618719495833, 0.0026589063927531242, -0.002745457226410508, 0.012516321614384651, -0.0028822191525250673], [0.00032286913483403623, -0.0003790740738622844, -0.001009234692901373, -0.0010225864825770259, -0.000900966813787818, 0.004409605637192726, 0.003552395151928067, 0.0003144846414215863, 0.0042925672605633736, 0.00033533721580170095, 0.006534028332680464, -0.0028822191525250673, 0.017055222764611244]], "metadata.audio_properties.analysis.downmix": "mix", "metadata.audio_properties.codec": "mp3", "metadata.audio_properties.md5_encoded": "dfb1678bfc328c0a14caf43d23eaf7bb", "metadata.tags.file_name": "1183659630207975454.mp3", "metadata.version.essentia": "2.1-beta6-dev", "metadata.version.essentia_git_sha": "v2.1_beta5-1110-g77a6a954", "metadata.version.extractor": "music 2.0", "tonal.chords_key": "G", "tonal.chords_scale": "major", "tonal.key_edma.key": "G", "tonal.key_edma.scale": "major", "tonal.key_krumhansl.key": "G", "tonal.key_krumhansl.scale": "major", "tonal.key_temperley.key": "G", "tonal.key_temperley.scale": "major", "metadata.tags.encoding": ["Lavf58.45.100"]}, "essentia_models": [{"model_name": "genre_dortmund", "activations": {"alternative": "0.044898596", "blues": "0.005394568", "electronic": "0.0023513648", "folkcountry": "0.12160238", "funksoulrnb": "0.015649118", "jazz": "0.00338041", "pop": "0.016788289", "raphiphop": "0.6511234", "rock": "0.26384172"}}, {"model_name": "genre_rosamerica", "activations": {"classic": "0.0036333683", "dance": "0.00014261508", "hip hop": "0.08556007", "jazz": "0.0010584929", "pop": "0.0060140425", "rhythm and blues": "0.0324623", "rock": "0.043201078", "speech": "0.09319554"}}, {"model_name": "genre_tzanetakis", "activations": {"blues