{"song_id": "1183657060987064362", "download": "https://cdn.discordapp.com/attachments/1135903449314238464/1183657060987064362/chirp.mp4?ex=6589218a&amp", "lyrics": "-", "style": ["pop</span><span>, house music"], "essentia_features": {"lowlevel.average_loudness": 0.9864795804023743, "lowlevel.barkbands_crest.mean": 15.392324447631836, "lowlevel.barkbands_crest.stdev": 7.353428840637207, "lowlevel.barkbands_flatness_db.mean": 0.22546148300170898, "lowlevel.barkbands_flatness_db.stdev": 0.13577482104301453, "lowlevel.barkbands_kurtosis.mean": 50.81490707397461, "lowlevel.barkbands_kurtosis.stdev": 91.44647979736328, "lowlevel.barkbands_skewness.mean": 4.5251994132995605, "lowlevel.barkbands_skewness.stdev": 3.9716241359710693, "lowlevel.barkbands_spread.mean": 20.786117553710938, "lowlevel.barkbands_spread.stdev": 24.87203598022461, "lowlevel.dissonance.mean": 0.44397759437561035, "lowlevel.dissonance.stdev": 0.04197726026177406, "lowlevel.dynamic_complexity": 3.277496814727783, "lowlevel.erbbands_crest.mean": 8.282336235046387, "lowlevel.erbbands_crest.stdev": 3.4103541374206543, "lowlevel.erbbands_flatness_db.mean": 0.1382618546485901, "lowlevel.erbbands_flatness_db.stdev": 0.06648670136928558, "lowlevel.erbbands_kurtosis.mean": 1.2834421396255493, "lowlevel.erbbands_kurtosis.stdev": 3.018728494644165, "lowlevel.erbbands_skewness.mean": 0.9250568151473999, "lowlevel.erbbands_skewness.stdev": 0.9128221869468689, "lowlevel.erbbands_spread.mean": 55.708335876464844, "lowlevel.erbbands_spread.stdev": 31.388181686401367, "lowlevel.hfc.mean": 18.2903995513916, "lowlevel.hfc.stdev": 19.972198486328125, "lowlevel.loudness_ebu128.integrated": -14.350424766540527, "lowlevel.loudness_ebu128.loudness_range": 0.4422769546508789, "lowlevel.loudness_ebu128.momentary.mean": -14.493378639221191, "lowlevel.loudness_ebu128.momentary.stdev": 1.1619318723678589, "lowlevel.loudness_ebu128.short_term.mean": -14.355982780456543, "lowlevel.loudness_ebu128.short_term.stdev": 0.1485142558813095, "lowlevel.melbands_crest.mean": 20.201507568359375, "lowlevel.melbands_crest.stdev": 8.579192161560059, "lowlevel.melbands_flatness_db.mean": 0.3141048848628998, "lowlevel.melbands_flatness_db.stdev": 0.16667281091213226, "lowlevel.melbands_kurtosis.mean": 74.49790954589844, "lowlevel.melbands_kurtosis.stdev": 93.89691925048828, "lowlevel.melbands_skewness.mean": 5.615615367889404, "lowlevel.melbands_skewness.stdev": 3.3771886825561523, "lowlevel.melbands_spread.mean": 13.89360523223877, "lowlevel.melbands_spread.stdev": 18.98102378845215, "lowlevel.pitch_salience.mean": 0.43247339129447937, "lowlevel.pitch_salience.stdev": 0.20848901569843292, "lowlevel.silence_rate_20dB.mean": 1.0, "lowlevel.silence_rate_20dB.stdev": 0.0, "lowlevel.silence_rate_30dB.mean": 0.7142857313156128, "lowlevel.silence_rate_30dB.stdev": 0.45175546407699585, "lowlevel.silence_rate_60dB.mean": 0.029343629255890846, "lowlevel.silence_rate_60dB.stdev": 0.16876757144927979, "lowlevel.spectral_centroid.mean": 812.4282836914062, "lowlevel.spectral_centroid.stdev": 660.9420776367188, "lowlevel.spectral_complexity.mean": 11.359845161437988, "lowlevel.spectral_complexity.stdev": 11.214262008666992, "lowlevel.spectral_decrease.mean": -1.878126276722014e-08, "lowlevel.spectral_decrease.stdev": 2.4232358342146654e-08, "lowlevel.spectral_energy.mean": 0.07254384458065033, "lowlevel.spectral_energy.stdev": 0.09190676361322403, "lowlevel.spectral_energyband_high.mean": 0.0009928429499268532, "lowlevel.spectral_energyband_high.stdev": 0.0014525901060551405, "lowlevel.spectral_energyband_low.mean": 0.06230761483311653, "lowlevel.spectral_energyband_low.stdev": 0.09043402969837189, "lowlevel.spectral_energyband_middle_high.mean": 0.0018958653090521693, "lowlevel.spectral_energyband_middle_high.stdev": 0.003973869606852531, "lowlevel.spectral_energyband_middle_low.mean": 0.008854744955897331, "lowlevel.spectral_energyband_middle_low.stdev": 0.016102351248264313, "lowlevel.spectral_entropy.mean": 7.326659679412842, "lowlevel.spectral_entropy.stdev": 0.9017260074615479, "lowlevel.spectral_flux.mean": 0.10841835290193558, "lowlevel.spectral_flux.stdev": 0.11599980294704437, "lowlevel.spectral_kurtosis.mean": 14.733713150024414, "lowlevel.spectral_kurtosis.stdev": 43.246788024902344, "lowlevel.spectral_rms.mean": 0.006769182626157999, "lowlevel.spectral_rms.stdev": 0.004995262250304222, "lowlevel.spectral_rolloff.mean": 1852.0399169921875, "lowlevel.spectral_rolloff.stdev": 3167.61669921875, "lowlevel.spectral_skewness.mean": 2.264312744140625, "lowlevel.spectral_skewness.stdev": 2.1674177646636963, "lowlevel.spectral_spread.mean": 6492307.0, "lowlevel.spectral_spread.stdev": 3056408.5, "lowlevel.spectral_strongpeak.mean": 0.5870140194892883, "lowlevel.spectral_strongpeak.stdev": 0.3734983503818512, "lowlevel.zerocrossingrate.mean": 0.06604654341936111, "lowlevel.zerocrossingrate.stdev": 0.06163287162780762, "metadata.audio_properties.analysis.equal_loudness": 0.0, "metadata.audio_properties.analysis.length": 30.03628158569336, "metadata.audio_properties.analysis.sample_rate": 44100.0, "metadata.audio_properties.analysis.start_time": 0.0, "metadata.audio_properties.bit_rate": 128204.0, "metadata.audio_properties.length": 30.03733253479004, "metadata.audio_properties.lossless": 0.0, "metadata.audio_properties.number_channels": 1.0, "metadata.audio_properties.replay_gain": -10.98849105834961, "metadata.audio_properties.sample_rate": 48000.0, "rhythm.beats_count": 61.0, "rhythm.beats_loudness.mean": 0.22504223883152008, "rhythm.beats_loudness.stdev": 0.054080232977867126, "rhythm.bpm": 123.90437316894531, "rhythm.bpm_histogram_first_peak_bpm": 123.0, "rhythm.bpm_histogram_first_peak_weight": 0.285714328289032, "rhythm.bpm_histogram_second_peak_bpm": 108.0, "rhythm.bpm_histogram_second_peak_spread": 0.5, "rhythm.bpm_histogram_second_peak_weight": 0.01666666753590107, "rhythm.danceability": 4.2581892013549805, "rhythm.onset_rate": 6.22125768661499, "tonal.chords_changes_rate": 0.012345679104328156, "tonal.chords_number_rate": 0.003086419776082039, "tonal.chords_strength.mean": 0.5858665704727173, "tonal.chords_strength.stdev": 0.022547131404280663, "tonal.hpcp_crest.mean": 13.58775806427002, "tonal.hpcp_crest.stdev": 4.763112545013428, "tonal.hpcp_entropy.mean": 1.9139037132263184, "tonal.hpcp_entropy.stdev": 0.711911678314209, "tonal.key_edma.strength": 0.6156049370765686, "tonal.key_krumhansl.strength": 0.6295508146286011, "tonal.key_temperley.strength": 0.6217679381370544, "tonal.tuning_diatonic_strength": 0.5877434611320496, "tonal.tuning_equal_tempered_deviation": 0.30660808086395264, "tonal.tuning_frequency": 449.24530029296875, "tonal.tuning_nontempered_energy_ratio": 0.9842742681503296, "lowlevel.barkbands.mean": [0.0013883502688258886, 0.05405671149492264, 0.0053771184757351875, 0.0033776566851884127, 0.0036886658053845167, 0.0011404405813664198, 0.00016337120905518532, 0.00028022832702845335, 0.0001663712755544111, 0.00025285538868047297, 0.00034800806315615773, 0.0002241927431896329, 0.00022415882267523557, 0.00017335083975922316, 0.00013150986342225224, 0.00015347395674325526, 0.00013072611181996763, 0.00010368416405981407, 0.00011213944526389241, 0.00011793734302045777, 0.00010128525173058733, 0.00011500746040837839, 0.0001244791055796668, 0.00018123658082913607, 0.0001498222554801032, 0.00024659131304360926, 1.452015021641273e-05], "lowlevel.barkbands.stdev": [0.002443981822580099, 0.08323721587657928, 0.02180410735309124, 0.011421560309827328, 0.005190122872591019, 0.0008981381542980671, 0.00025062329950742424, 0.00029083644039928913, 0.0003296599898021668, 0.00047982719843275845, 0.0009574171854183078, 0.0006278847577050328, 0.00047741358866915107, 0.0003576476010493934, 0.0003244782565161586, 0.00037866883212700486, 0.00034514296567067504, 0.00027620510081760585, 0.0002791042497847229, 0.00025755929527804255, 0.00018889464263338596, 0.0001753542455844581, 0.00019196930225007236, 0.0002735464076977223, 0.00025379142607562244, 0.00039768050191923976, 3.1613471946911886e-05], "lowlevel.erbbands.mean": [1.9842513799667358, 10.315476417541504, 8.324458122253418, 8.797551155090332, 15.415938377380371, 9.356677055358887, 4.761559963226318, 12.532792091369629, 5.787009239196777, 3.134922742843628, 5.855875015258789, 3.52034068107605, 6.268061637878418, 12.181772232055664, 12.971024513244629, 8.492960929870605, 9.686070442199707, 10.288894653320312, 6.761350631713867, 7.720435619354248, 8.497088432312012, 7.515787124633789, 5.712045669555664, 6.022477149963379, 5.5367841720581055, 5.4330830574035645, 4.4937663078308105, 3.73718523979187, 4.010689735412598, 4.117081642150879, 3.4045395851135254, 3.844210386276245, 2.7770867347717285, 1.630961537361145, 1.05567467212677, 0.8684905767440796, 0.5065171718597412, 0.086778424680233, 0.001782105420716107, 0.00013281368592288345], "lowlevel.erbbands.stdev": [3.2123124599456787, 16.870616912841797, 25.136051177978516, 32.82139205932617, 29.75442886352539, 13.23876953125, 5.510879993438721, 9.893547058105469, 4.6967854499816895, 3.201078414916992, 6.203026294708252, 7.067513465881348, 12.338688850402832, 26.634998321533203, 36.970916748046875, 22.75737190246582, 20.76161766052246, 20.357627868652344, 16.234949111938477, 18.368770599365234, 21.228914260864258, 19.457172393798828, 14.960465431213379, 15.854479789733887, 12.718494415283203, 11.910879135131836, 8.922406196594238, 6.694945335388184, 6.324617385864258, 6.200594902038574, 5.262203693389893, 5.765427589416504, 4.348066329956055, 2.898292064666748, 1.7868326902389526, 1.5201435089111328, 0.8152385354042053, 0.141026109457016, 0.0029115481302142143, 0.00012071118544554338], "lowlevel.gfcc.mean": [-38.68094253540039, 79.44634246826172, -61.45035171508789, 16.317533493041992, -55.78215408325195, 15.528542518615723, -39.42087936401367, -2.400954246520996, -27.03597640991211, 3.6324033737182617, -19.16265106201172, 5.041226863861084, -10.964367866516113], "lowlevel.melbands.mean": [0.01632090099155903, 0.007186482194811106, 0.0017653047107160091, 0.0009284673724323511, 0.00018569712119642645, 0.00025338560226373374, 8.7460815848317e-05, 4.450162305147387e-05, 4.202992204227485e-05, 2.2515810996992514e-05, 3.1775634852238e-05, 4.8111982323462144e-05, 4.5501539716497064e-05, 2.896400292229373e-05, 1.828680069593247e-05, 2.3996371965040453e-05, 1.7836879123933613e-05, 1.055378743330948e-05, 1.0088500857818872e-05, 1.0487159670447e-05, 9.71994722931413e-06, 8.101395906123798e-06, 5.708741809939966e-06, 4.791475021193037e-06, 4.918219019600656e-06, 4.029979663755512e-06, 4.104805611859774e-06, 3.468735712885973e-06, 2.9275697670527734e-06, 2.444270194246201e-06, 2.042781034106156e-06, 2.1874495814699912e-06, 2.3664692889724392e-06, 2.3032700937619666e-06, 1.9000154907189426e-06, 1.9755505036300747e-06, 2.6218108359898906e-06, 2.086086624331074e-06, 1.7406994174962165e-06, 1.2129002016081358e-06], "lowlevel.melbands.stdev": [0.02544478327035904, 0.013735895976424217, 0.005475159268826246, 0.0014825897524133325, 0.00020705824135802686, 0.00019919224723707885, 7.161047687986866e-05, 4.327133865444921e-05, 4.5802527893101797e-05, 4.697489202953875e-05, 6.264330295380205e-05, 0.0001015427042148076, 0.0001304480101680383, 8.084459841484204e-05, 4.744114994537085e-05, 4.800841634278186e-05, 3.674207619042136e-05, 2.602645690785721e-05, 2.4355211280635558e-05, 2.5954717784770764e-05, 2.508438592485618e-05, 2.1913105229032226e-05, 1.5128793165786192e-05, 1.3251847121864557e-05, 1.3364411643124186e-05, 1.0015094630944077e-05, 9.59852786763804e-06, 7.65592631069012e-06, 6.100311111367773e-06, 4.605497906595701e-06, 3.75997660739813e-06, 3.6561764318321366e-06, 3.6395720144355437e-06, 3.6348155845189467e-06, 3.0763524137000786e-06, 3.0597818749811267e-06, 4.025399448437383e-06, 3.329623950776295e-06, 2.9972609354445012e-06, 2.326762114535086e-06], "lowlevel.melbands128.mean": [0.0013622690457850695, 0.015787702053785324, 0.024479921907186508, 0.014323349110782146, 0.005273308139294386, 0.002401114907115698, 0.001637565204873681, 0.001791368587873876, 0.0016722048167139292, 0.0009754030616022646, 0.0004051675205118954, 0.00022631441242992878, 0.00016701314598321915, 4.6745110012125224e-05, 0.0002705321821849793, 0.0004439866170287132, 9.162170317722484e-05, 4.643364445655607e-05, 3.3282289223279804e-05, 1.3832791410095524e-05, 6.4846157329157e-05, 9.539703751215711e-05, 1.9083456209045835e-05, 2.0040422896272503e-05, 2.0507543013081886e-05, 2.215267340943683e-05, 3.209965143469162e-05, 2.3766700905980542e-05, 4.516613626037724e-05, 3.718651714734733e-05, 5.994092134642415e-05, 4.9061076424550265e-05, 4.5177079300628975e-05, 4.1097177017945796e-05, 3.7162306398386136e-05, 2.4365925128222443e-05, 1.7710875908960588e-05, 1.6820133168948814e-05, 1.9595627236412838e-05, 2.078642137348652e-05, 2.4499428036506288e-05, 2.9787570383632556e-05, 1.830218570830766e-05, 1.2161593076598365e-05, 1.1392393389542121e-05, 9.908762876875699e-06, 1.0098494385601953e-05, 9.672344276623335e-06, 1.0501856195332948e-05, 1.070726830221247e-05, 1.0139293408428784e-05, 1.0492251021787524e-05, 1.0920864951913245e-05, 8.711563168617431e-06, 8.503287972416729e-06, 8.691304174135439e-06, 7.283924787770957e-06, 5.886857707082527e-06, 5.226140729064355e-06, 5.083863470645156e-06, 4.482173153519398e-06, 4.843126589548774e-06, 5.114376108394936e-06, 5.136627351021161e-06, 4.285986960894661e-06, 4.053383236168884e-06, 3.848309006571071e-06, 3.575891014406807e-06, 4.877263563685119e-06, 3.769876911974279e-06, 3.328759703435935e-06, 3.3891676594066666e-06, 3.196467787347501e-06, 3.023196086360258e-06, 2.2930328213988105e-06, 2.603308075777022e-06, 2.5244878543162486e-06, 1.9403387341299094e-06, 2.098097411362687e-06, 1.888194333332649e-06, 2.1900978026678786e-06, 2.2692941001878353e-06, 2.308551984242513e-06, 2.5039523734449176e-06, 2.277761268487666e-06, 2.2021740733180195e-06, 2.3891518594609806e-06, 2.3902027805888792e-06, 1.550749175294186e-06, 1.8433412378726644e-06, 2.063916781480657e-06, 1.9348647128936136e-06, 1.948090812220471e-06, 2.705137148950598e-06, 2.9811476451868657e-06, 2.8395381832524436e-06, 1.65353139891522e-06, 1.2641837656701682e-06, 2.0606601083272835e-06, 1.9544445422070567e-06, 1.1027365189875127e-06, 1.2169360843472532e-06, 1.0215838983640424e-06, 1.3127090596753987e-06, 9.575802550898516e-07, 1.2838687553085038e-06, 1.357627638753911e-06, 1.2551429335871944e-06, 1.4208582115315949e-06, 1.7021274061335134e-06, 1.8672426449484192e-06, 2.151322178178816e-06, 1.6659848824929213e-06, 1.3248545656097122e-06, 1.1146651104354532e-06, 1.1405580835344153e-06, 5.971799623694096e-07, 1.5754148208202423e-08, 4.04050848334947e-10, 2.8999377899019407e-10, 1.7850193545498882e-10, 5.61671265053576e-11, 1.2464134759027079e-11, 1.2188521025802146e-11, 1.1961411028327262e-11, 1.1732850802026462e-11, 1.1589082124507932e-11, 1.1517070283573183e-11], "lowlevel.melbands128.stdev": [0.002424730686470866, 0.026953255757689476, 0.039966460317373276, 0.02591976523399353, 0.01538336556404829, 0.00996981281787157, 0.007176496088504791, 0.005206011235713959, 0.002987912390381098, 0.001551597728393972, 0.000591710617300123, 0.00030034498195163906, 0.0002245381911052391, 7.641199772479013e-05, 0.0002258762251585722, 0.0003444081521593034, 7.410607940983027e-05, 8.506052836310118e-05, 5.693471393897198e-05, 2.9501861718017608e-05, 6.602334906347096e-05, 0.00010227259917883202, 3.732675759238191e-05, 4.5853292249375954e-05, 5.4415944759966806e-05, 5.330687781679444e-05, 7.686903700232506e-05, 6.440337165258825e-05, 8.419985533691943e-05, 7.862334314268082e-05, 0.00014991416537668556, 0.00014960476255510002, 0.00016464591317344457, 0.00013399474846664816, 0.00011714290303643793, 7.74831569287926e-05, 5.462948320200667e-05, 5.3644940635422245e-05, 5.3620158723788336e-05, 5.154421887709759e-05, 5.7603705499786884e-05, 5.6572847825009376e-05, 4.291276491130702e-05, 3.447345443419181e-05, 2.9165747037041e-05, 2.8097123504267074e-05, 2.9155113224987872e-05, 2.5160492441500537e-05, 2.8855918571935035e-05, 2.828742071869783e-05, 2.826525815180503e-05, 2.982051228173077e-05, 2.9962211556266993e-05, 2.637690158735495e-05, 2.5792827727855183e-05, 2.6988584068021737e-05, 1.979586340894457e-05, 1.8296004782314412e-05, 1.48573226397275e-05, 1.5871239156695083e-05, 1.3543046406994108e-05, 1.553601941850502e-05, 1.5635101590305567e-05, 1.4736364391865209e-05, 1.2531295396911446e-05, 1.1405854820623063e-05, 1.0242796633974649e-05, 8.594348400947638e-06, 1.2795537259080447e-05, 9.625324310036376e-06, 8.13240694697015e-06, 7.862541679060087e-06, 7.4157210292469244e-06, 6.9138905018917285e-06, 5.161724857316585e-06, 5.47096806258196e-06, 4.9544287321623415e-06, 4.129147328058025e-06, 4.4580297071661334e-06, 3.7019644878455438e-06, 4.156163413426839e-06, 4.004035417892737e-06, 3.875594757118961e-06, 4.4355037971399724e-06, 3.7567820072581526e-06, 3.7295078527677106e-06, 4.286214334570104e-06, 4.7235939746315125e-06, 2.857792196664377e-06, 3.283431396994274e-06, 3.6612766507460037e-06, 3.3580352010176284e-06, 3.2451907827635296e-06, 4.64121148979757e-06, 4.865752089244779e-06, 4.872624685958726e-06, 3.0073942980379798e-06, 2.3823495212127455e-06, 3.7061349758005235e-06, 3.687776825245237e-06, 2.6389714093966177e-06, 2.5707461190904723e-06, 2.196461764469859e-06, 2.6008904114860343e-06, 1.8392614720141864e-06, 2.3853976927057374e-06, 2.613463038869668e-06, 2.6977922971127555e-06, 2.7808366667159135e-06, 3.361085191500024e-06, 3.565986389730824e-06, 3.843562808469869e-06, 2.963333599836915e-06, 2.146872930097743e-06, 1.7653035229159286e-06, 1.9746644284168724e-06, 1.2576290373544907e-06, 5.117253465414251e-08, 7.048588379632292e-09, 5.243753875561197e-09, 3.57649998505849e-09, 1.0744879430646392e-09, 2.233506088411552e-11, 2.191783733673791e-11, 2.16080122544815e-11, 2.1350353776594666e-11, 2.1168284139450044e-11, 2.10558775276537e-11], "lowlevel.mfcc.mean": [-703.34326171875, 128.62767028808594, 41.436195373535156, 13.34428882598877, 6.276942253112793, 13.091920852661133, -1.6987874507904053, -1.2392160892486572, -4.682377338409424, -0.6674395203590393, -8.635979652404785, -1.4856170415878296, -3.158393621444702], "lowlevel.spectral_contrast_coeffs.mean": [-0.5896057486534119, -0.7313017249107361, -0.793925404548645, -0.8331291079521179, -0.8387355804443359, -0.7806651592254639], "lowlevel.spectral_contrast_coeffs.stdev": [0.09036830812692642, 0.06035025417804718, 0.049059927463531494, 0.031778547912836075, 0.026889177039265633, 0.04740330949425697], "lowlevel.spectral_contrast_valleys.mean": [-7.489359378814697, -7.265827655792236, -7.882600784301758, -8.217755317687988, -8.478218078613281, -10.624306678771973], "lowlevel.spectral_contrast_valleys.stdev": [1.1964538097381592, 0.57425457239151, 0.8691762685775757, 1.0510166883468628, 1.3481918573379517, 1.5883257389068604], "rhythm.beats_loudness_band_ratio.mean": [0.9432997107505798, 0.022029103711247444, 0.00631996663287282, 0.011736112646758556, 0.009307309985160828, 0.015337767079472542], "rhythm.beats_loudness_band_ratio.stdev": [0.14402055740356445, 0.0483824722468853, 0.020390963181853294, 0.031382232904434204, 0.024256471544504166, 0.05163649469614029], "tonal.hpcp.mean": [0.1256946325302124, 0.06111345812678337, 0.046973828226327896, 0.02989630587399006, 0.02550152875483036, 0.027973828837275505, 0.035001374781131744, 0.034744929522275925, 0.032704584300518036, 0.036981645971536636, 0.08925394713878632, 0.14394335448741913, 0.08614199608564377, 0.02595509961247444, 0.0531570166349411, 0.08010520786046982, 0.061669714748859406, 0.03448162227869034, 0.03135980665683746, 0.029365332797169685, 0.02376149781048298, 0.022602681070566177, 0.03227405995130539, 0.03420151770114899, 0.033409375697374344, 0.32057806849479675, 0.47877103090286255, 0.19054430723190308, 0.03032236546278, 0.03012063167989254, 0.021738065406680107, 0.025093484669923782, 0.11267252266407013, 0.2500849664211273, 0.23995625972747803, 0.1825774908065796], "tonal.hpcp.stdev": [0.22830168902873993, 0.1529804915189743, 0.13503706455230713, 0.12307309359312057, 0.10103702545166016, 0.11186981946229935, 0.1365537941455841, 0.12883542478084564, 0.13257381319999695, 0.1375422477722168, 0.15556767582893372, 0.18479886651039124, 0.13616017997264862, 0.10160266607999802, 0.18149107694625854, 0.23695722222328186, 0.20038069784641266, 0.13022804260253906, 0.1287468522787094, 0.10886307060718536, 0.10071481019258499, 0.09318927675485611, 0.12683214247226715, 0.13252201676368713, 0.12038108706474304, 0.3139042258262634, 0.45109668374061584, 0.20966139435768127, 0.11884675174951553, 0.12853841483592987, 0.09176166355609894, 0.0779842808842659, 0.20584052801132202, 0.3929590582847595, 0.33847206830978394, 0.28649741411209106], "rhythm.beats_position": [0.54566890001297, 1.0797278881072998, 1.6370067596435547, 2.1594557762145996, 2.6470746994018555, 3.1346938610076904, 3.6223127841949463, 4.109931945800781, 4.574330806732178, 5.061950206756592, 5.549569129943848, 6.0371880531311035, 6.524806976318359, 7.012426376342773, 7.4884352684021, 7.964444160461426, 8.45206356048584, 8.939682006835938, 9.427301406860352, 9.914920806884766, 10.390929222106934, 10.866938591003418, 11.354557991027832, 11.84217643737793, 12.329795837402344, 12.817414283752441, 13.293423652648926, 13.76943302154541, 14.257051467895508, 14.744670867919922, 15.232290267944336, 15.719908714294434, 16.1959171295166, 16.683536529541016, 17.1595458984375, 17.647165298461914, 18.134784698486328, 18.622404098510742, 19.098411560058594, 19.586030960083008, 20.062040328979492, 20.549659729003906, 21.03727912902832, 21.5248966217041, 22.000905990600586, 22.488525390625, 22.964534759521484, 23.4521541595459, 23.939773559570312, 24.427391052246094, 24.915010452270508, 25.391019821166992, 25.867029190063477, 26.35464859008789, 26.842267990112305, 27.329885482788086, 27.8175048828125, 28.293514251708984, 28.76952362060547, 29.257143020629883, 29.744760513305664], "rhythm.bpm_histogram": [0.0, 0.0, 0.0, 0.0, 0.0, 0.0, 0.0, 0.0, 0.0, 0.0, 0.0, 0.0, 0.0, 0.0, 0.0, 0.0, 0.0, 0.0, 0.0, 0.0, 0.0, 0.0, 0.0, 0.0, 0.0, 0.0, 0.0, 0.0, 0.0, 0.0, 0.0, 0.0, 0.0, 0.0, 0.0, 0.0, 0.0, 0.0, 0.0, 0.0, 0.0, 0.0, 0.0, 0.0, 0.0, 0.0, 0.0, 0.0, 0.0, 0.0, 0.0, 0.0, 0.0, 0.0, 0.0, 0.0, 0.0, 0.0, 0.0, 0.0, 0.0, 0.0, 0.0, 0.0, 0.0, 0.0, 0.0, 0.0, 0.0, 0.0, 0.0, 0.0, 0.0, 0.0, 0.0, 0.0, 0.0, 0.0, 0.0, 0.0, 0.0, 0.0, 0.0, 0.0, 0.0, 0.0, 0.0, 0.0, 0.0, 0.0, 0.0, 0.0, 0.0, 0.0, 0.0, 0.0, 0.0, 0.0, 0.0, 0.0, 0.0, 0.0, 0.0, 0.0, 0.0, 0.0, 0.0, 0.0, 0.01666666753590107, 0.0, 0.0, 0.0, 0.01666666753590107, 0.0, 0.0, 0.01666666753590107, 0.0, 0.0, 0.0, 0.0, 0.0, 0.0, 0.0, 0.6666666865348816, 0.0, 0.0, 0.2666666805744171, 0.0, 0.0, 0.01666666753590107, 0.0, 0.0, 0.0, 0.0, 0.0, 0.0, 0.0, 0.0, 0.0, 0.0, 0.0, 0.0, 0.0, 0.0, 0.0, 0.0, 0.0, 0.0, 0.0, 0.0, 0.0, 0.0, 0.0, 0.0, 0.0, 0.0, 0.0, 0.0, 0.0, 0.0, 0.0, 0.0, 0.0, 0.0, 0.0, 0.0, 0.0, 0.0, 0.0, 0.0, 0.0, 0.0, 0.0, 0.0, 0.0, 0.0, 0.0, 0.0, 0.0, 0.0, 0.0, 0.0, 0.0, 0.0, 0.0, 0.0, 0.0, 0.0, 0.0, 0.0, 0.0, 0.0, 0.0, 0.0, 0.0, 0.0, 0.0, 0.0, 0.0, 0.0, 0.0, 0.0, 0.0, 0.0, 0.0, 0.0, 0.0, 0.0, 0.0, 0.0, 0.0, 0.0, 0.0, 0.0, 0.0, 0.0, 0.0, 0.0, 0.0, 0.0, 0.0, 0.0, 0.0, 0.0, 0.0, 0.0, 0.0, 0.0, 0.0, 0.0, 0.0, 0.0, 0.0, 0.0, 0.0, 0.0, 0.0, 0.0, 0.0, 0.0, 0.0, 0.0, 0.0, 0.0, 0.0, 0.0, 0.0, 0.0, 0.0, 0.0], "tonal.chords_histogram": [0.0, 0.0, 0.0, 0.0, 0.0, 0.0, 0.0, 0.0, 0.0, 0.0, 95.98765563964844, 0.0, 0.0, 0.0, 0.0, 0.0, 0.0, 4.012345790863037, 0.0, 0.0, 0.0, 0.0, 0.0, 0.0], "tonal.thpcp": [1.0, 0.3979862928390503, 0.06333374977111816, 0.06291239708662033, 0.04540388658642769, 0.05241228640079498, 0.23533697426319122, 0.5223477482795715, 0.5011920928955078, 0.3813461661338806, 0.2625359892845154, 0.1276465207338333, 0.09811335057020187, 0.062443848699331284, 0.0532645620405674, 0.058428406715393066, 0.07310670614242554, 0.07257107645273209, 0.06830944865942001, 0.07724286615848541, 0.18642303347587585, 0.30065175890922546, 0.1799231618642807, 0.054211925715208054, 0.11102805286645889, 0.16731423139572144, 0.12880836427211761, 0.07202111184597015, 0.06550063192844391, 0.06133481487631798, 0.049630191177129745, 0.04720979183912277, 0.06741021573543549, 0.07143606245517731, 0.06978153437376022, 0.6695853471755981], "lowlevel.gfcc.cov": [[7578.7958984375, -4108.72509765625, -1126.6070556640625, 746.7718505859375, -189.42999267578125, 372.05609130859375, -353.83270263671875, 457.4065246582031, -686.59619140625, 256.2763366699219, -518.0723876953125, 292.96563720703125, -549.1470336914062], [-4108.72509765625, 4833.29736328125, 947.1156005859375, 29.460792541503906, 1526.7078857421875, 132.40066528320312, 1018.6077880859375, -3.9793858528137207, 1047.392333984375, -2.974966049194336, 833.7951049804688, -153.3272705078125, 712.0313720703125], [-1126.6070556640625, 947.1156005859375, 1047.77734375, 84.14488983154297, 263.1810302734375, 159.06568908691406, 278.6921691894531, 61.00321960449219, 227.2852325439453, 139.18272399902344, 174.3709259033203, 2.174748182296753, 105.22333526611328], [746.7718505859375, 29.460792541503906, 84.14488983154297, 604.9799194335938, 441.63104248046875, 265.8502502441406, 287.96173095703125, 202.06553649902344, 182.0541229248047, 150.6711883544922, 159.66831970214844, 85.69029235839844, 81.55455780029297], [-189.42999267578125, 1526.7078857421875, 263.1810302734375, 441.63104248046875, 1190.3245849609375, 354.49481201171875, 673.3827514648438, 269.9118347167969, 513.71435546875, 182.2157745361328, 426.0376281738281, 40.48341751098633, 278.4340515136719], [372.05609130859375, 132.40066528320312, 159.06568908691406, 265.8502502441406, 354.49481201171875, 266.35650634765625, 257.4261169433594, 169.25123596191406, 142.23068237304688, 126.95813751220703, 119.05949401855469, 66.38443756103516, 49.88676452636719], [-353.83270263671875, 1018.6077880859375, 278.6921691894531, 287.96173095703125, 673.3827514648438, 257.4261169433594, 538.6484375, 188.92010498046875, 333.7574768066406, 107.96607208251953, 297.4078063964844, 46.21240234375, 192.8610382080078], [457.4065246582031, -3.9793858528137207, 61.00321960449219, 202.06553649902344, 269.9118347167969, 169.25123596191406, 188.92010498046875, 188.2044219970703, 92.22649383544922, 103.68497467041016, 71.29973602294922, 65.83679962158203, 21.81597328186035], [-686.59619140625, 1047.392333984375, 227.2852325439453, 182.0541229248047, 513.71435546875, 142.23068237304688, 333.7574768066406, 92.22649383544922, 376.41021728515625, 98.63839721679688, 269.72857666015625, 10.070684432983398, 199.51710510253906], [256.2763366699219, -2.974966049194336, 139.18272399902344, 150.6711883544922, 182.2157745361328, 126.95813751220703, 107.96607208251953, 103.68497467041016, 98.63839721679688, 149.29893493652344, 84.06285095214844, 53.06614685058594, 20.355554580688477], [-518.0723876953125, 833.7951049804688, 174.3709259033203, 159.66831970214844, 426.0376281738281, 119.05949401855469, 297.4078063964844, 71.29973602294922, 269.72857666015625, 84.06285095214844, 276.40289306640625, 37.12345886230469, 178.59039306640625], [292.96563720703125, -153.3272705078125, 2.174748182296753, 85.69029235839844, 40.48341751098633, 66.38443756103516, 46.21240234375, 65.83679962158203, 10.070684432983398, 53.06614685058594, 37.12345886230469, 109.22592163085938, 23.79384994506836], [-549.1470336914062, 712.0313720703125, 105.22333526611328, 81.55455780029297, 278.4340515136719, 49.88676452636719, 192.8610382080078, 21.81597328186035, 199.51710510253906, 20.355554580688477, 178.59039306640625, 23.79384994506836, 172.44241333007812]], "lowlevel.gfcc.icov": [[0.0005095353699289262, 0.0002955128438770771, 0.0002870494208764285, -0.00033676341990940273, -0.0006227638805285096, -0.000131891094497405, 0.00015137936861719936, -0.0002329519047634676, 0.000604963512159884, -0.00039732997538521886, 0.000380821933504194, -0.00036199556780047715, 0.0002929113688878715], [0.0002955128438770771, 0.0023966925218701363, -0.0009312648326158524, 0.0010068465489894152, -0.001867835409939289, 0.00121364276856184, -0.0008441378595307469, 0.0008241113391704857, -0.002212601015344262, 0.002408652100712061, -0.0008023323025554419, 0.0014562795404344797, -0.002452732063829899], [0.0002870494208764285, -0.0009312648326158524, 0.0021479681599885225, -0.00047647670726291835, 0.0009736494976095855, -0.0012315851636230946, -0.000809480610769242, 0.0004176882212050259, 0.0013067882973700762, -0.0034787142649292946, 0.00130257208365947, -0.0003385045565664768, 0.0009071099921129644], [-0.00033676341990940273, 0.0010068465489894152, -0.00047647670726291835, 0.004151553381234407, -0.0006331818294711411, -0.0013939602067694068, -0.00042174686677753925, -0.0003074205305892974, -0.0016135161276906729, 0.0008930906187742949, -0.0010017771273851395, 0.0010745523031800985, -0.0023156199604272842], [-0.0006227638805285096, -0.001867835409939289, 0.0009736494976095855, -0.0006331818294711411, 0.006044170819222927, -0.0016554843168705702, -0.0020617779809981585, -0.002271468983963132, -0.0003886941121891141, -0.002041594358161092, -0.0009069620864465833, 0.0018422481371089816, 0.0001234086521435529], [-0.000131891094497405, 0.00121364276856184, -0.0012315851636230946, -0.0013939602067694068, -0.0016554843168705702, 0.01578798145055771, -0.005306594539433718, -0.0021519199945032597, -0.0017042336985468864, -0.0026830004062503576, 0.001735926023684442, -0.0016125189140439034, 0.0010055273305624723], [0.00015137936861719936, -0.0008441378595307469, -0.000809480610769242, -0.00042174686677753925, -0.0020617779809981585, -0.005306594539433718, 0.013452405110001564, -0.006722963415086269, 0.000687706982716918, 0.005994976498186588, -0.006677764467895031, 0.00024525439948774874, 0.0007091275183483958], [-0.0002329519047634676, 0.0008241113391704857, 0.0004176882212050259, -0.0003074205305892974, -0.002271468983963132, -0.0021519199945032597, -0.006722963415086269, 0.021676408126950264, -0.002878771396353841, -0.005095071624964476, 0.006185354199260473, -0.006111592054367065, 0.00318231456913054], [0.000604963512159884, -0.002212601015344262, 0.0013067882973700762, -0.0016135161276906729, -0.0003886941121891141, -0.0017042336985468864, 0.000687706982716918, -0.002878771396353841, 0.018941454589366913, -0.008826271630823612, -0.0025178955402225256, 0.004076075274497271, -0.0070843263529241085], [-0.00039732997538521886, 0.002408652100712061, -0.0034787142649292946, 0.0008930906187742949, -0.002041594358161092, -0.0026830004062503576, 0.005994976498186588, -0.005095071624964476, -0.008826271630823612, 0.025415627285838127, -0.010238955728709698, -0.0027762921527028084, 0.006700849160552025], [0.000380821933504194, -0.0008023323025554419, 0.00130257208365947, -0.0010017771273851395, -0.0009069620864465833, 0.001735926023684442, -0.006677764467895031, 0.006185354199260473, -0.0025178955402225256, -0.010238955728709698, 0.024754444137215614, -0.004239025060087442, -0.009077454917132854], [-0.00036199556780047715, 0.0014562795404344797, -0.0003385045565664768, 0.0010745523031800985, 0.0018422481371089816, -0.0016125189140439034, 0.00024525439948774874, -0.006111592054367065, 0.004076075274497271, -0.0027762921527028084, -0.004239025060087442, 0.020299507305026054, -0.012275869958102703], [0.0002929113688878715, -0.002452732063829899, 0.0009071099921129644, -0.0023156199604272842, 0.0001234086521435529, 0.0010055273305624723, 0.0007091275183483958, 0.00318231456913054, -0.0070843263529241085, 0.006700849160552025, -0.009077454917132854, -0.012275869958102703, 0.03421572968363762]], "lowlevel.mfcc.cov": [[8287.5224609375, -4407.93994140625, -1288.327880859375, 12.721938133239746, -37.476619720458984, -104.1495590209961, 161.86148071289062, 58.259098052978516, -94.88607788085938, -123.62596893310547, -65.0291976928711, -108.57418823242188, -96.6388168334961], [-4407.93994140625, 4377.54345703125, 378.3473815917969, 532.7762451171875, 653.029541015625, 534.3611450195312, 358.5142517089844, 363.9384765625, 417.1230163574219, 409.8248596191406, 293.6983947753906, 389.8462219238281, 282.0551452636719], [-1288.327880859375, 378.3473815917969, 872.9904174804688, -16.977039337158203, -62.694087982177734, 16.314441680908203, -29.40473175048828, -63.72772216796875, -2.918036699295044, 3.5379292964935303, 38.0123176574707, 6.061196804046631, 15.589838981628418], [12.721938133239746, 532.7762451171875, -16.977039337158203, 492.42156982421875, 337.97015380859375, 315.5791320800781, 276.14715576171875, 233.28550720214844, 194.63328552246094, 218.7427978515625, 161.0989227294922, 201.17678833007812, 146.4250946044922], [-37.476619720458984, 653.029541015625, -62.694087982177734, 337.97015380859375, 408.7847900390625, 289.0723876953125, 248.72848510742188, 192.546875, 199.1359405517578, 205.62106323242188, 177.50924682617188, 190.99050903320312, 144.33819580078125], [-104.1495590209961, 534.3611450195312, 16.314441680908203, 315.5791320800781, 289.0723876953125, 326.1978454589844, 251.10630798339844, 206.22007751464844, 177.31298828125, 197.22035217285156, 152.45416259765625, 188.6243896484375, 129.76040649414062], [161.86148071289062, 358.5142517089844, -29.40473175048828, 276.14715576171875, 248.72848510742188, 251.10630798339844, 337.0510559082031, 229.07936096191406, 174.0417938232422, 163.82542419433594, 154.70948791503906, 162.44869995117188, 129.35292053222656], [58.259098052978516, 363.9384765625, -63.72772216796875, 233.28550720214844, 192.546875, 206.22007751464844, 229.07936096191406, 240.63400268554688, 156.92269897460938, 135.30149841308594, 102.93341827392578, 139.74513244628906, 108.30684661865234], [-94.88607788085938, 417.1230163574219, -2.918036699295044, 194.63328552246094, 199.1359405517578, 177.31298828125, 174.0417938232422, 156.92269897460938, 173.4651336669922, 139.70372009277344, 110.33633422851562, 121.78684997558594, 92.23800659179688], [-123.62596893310547, 409.8248596191406, 3.5379292964935303, 218.7427978515625, 205.62106323242188, 197.22035217285156, 163.82542419433594, 135.30149841308594, 139.70372009277344, 190.65870666503906, 129.85513305664062, 136.34881591796875, 82.937744140625], [-65.0291976928711, 293.6983947753906, 38.0123176574707, 161.0989227294922, 177.50924682617188, 152.45416259765625, 154.70948791503906, 102.93341827392578, 110.33633422851562, 129.85513305664062, 150.67364501953125, 123.58894348144531, 84.22295379638672], [-108.57418823242188, 389.8462219238281, 6.061196804046631, 201.17678833007812, 190.99050903320312, 188.6243896484375, 162.44869995117188, 139.74513244628906, 121.78684997558594, 136.34881591796875, 123.58894348144531, 164.64129638671875, 103.20310974121094], [-96.6388168334961, 282.0551452636719, 15.589838981628418, 146.4250946044922, 144.33819580078125, 129.76040649414062, 129.35292053222656, 108.30684661865234, 92.23800659179688, 82.937744140625, 84.22295379638672, 103.20310974121094, 113.17769622802734]], "lowlevel.mfcc.icov": [[0.000529258162714541, 0.0006279026274569333, 0.00042351247975602746, -2.7940872314502485e-05, -0.0006789494655095041, 5.434363629319705e-05, -0.0003902589378412813, -0.0001159122766694054, -0.00025871218531392515, 0.00020792866416741163, 0.0001428996038157493, -0.0002563265443313867, 0.0004113056056667119], [0.0006279026274569333, 0.001109458040446043, 0.00028768571792170405, 0.00015399781113956124, -0.0013505545211955905, 9.56689691520296e-05, -0.00020094537467230111, -0.0003028482024092227, -0.0006551762926392257, -3.983278293162584e-05, 0.0006763570127077401, -0.00073903554584831, 0.0003982677299063653], [0.00042351247975602746, 0.00028768571792170405, 0.0018792003393173218, -0.0003658310743048787, 0.0010514744790270925, -0.0010468971449881792, -0.00020836517796851695, 0.0012508053332567215, -0.0008573391824029386, 0.0007352203247137368, -0.0014267107471823692, 0.0004843916685786098, -0.00046044879127293825], [-2.7940872314502485e-05, 0.00015399781113956124, -0.0003658310743048787, 0.006897724233567715, -0.0029321841429919004, -0.001973405946046114, -0.0007041889475658536, -0.0016966863768175244, 0.0013283421285450459, -0.002857283456251025, 0.002470014151185751, -0.0009794861543923616, -0.0007844106876291335], [-0.0006789494655095041, -0.0013505545211955905, 0.0010514744790270925, -0.0029321841429919004, 0.012576979584991932, -0.004322703927755356, 0.00032063302933238447, 0.0038256971165537834, -0.004187860991805792, 0.00046655943151563406, -0.004985575098544359, 0.0017160928109660745, -0.0034600223880261183], [5.434363629319705e-05, 9.56689691520296e-05, -0.0010468971449881792, -0.001973405946046114, -0.004322703927755356, 0.01761838234961033, -0.003618735121563077, -0.00218828278593719, 0.0010696087265387177, -0.005570109002292156, 0.004353296011686325, -0.007423205301165581, 0.0007878917967900634], [-0.0003902589378412813, -0.00020094537467230111, -0.00020836517796851695, -0.0007041889475658536, 0.00032063302933238447, -0.003618735121563077, 0.013158979825675488, -0.007706301752477884, -0.00039095000829547644, 0.0019871899858117104, -0.007450987584888935, 0.003870174987241626, -0.0019395870622247458], [-0.0001159122766694054, -0.0003028482024092227, 0.0012508053332567215, -0.0016966863768175244, 0.0038256971165537834, -0.00218828278593719, -0.007706301752477884, 0.020150193944573402, -0.00915555376559496, 0.0004931284347549081, 0.005903648212552071, -0.0050280457362532616, -0.002874937606975436], [-0.00025871218531392515, -0.0006551762926392257, -0.0008573391824029386, 0.0013283421285450459, -0.004187860991805792, 0.0010696087265387177, -0.00039095000829547644, -0.00915555376559496, 0.02525932900607586, -0.007957193069159985, -0.0016577100614085793, 0.0022661262191832066, -0.0024533099494874477], [0.00020792866416741163, -3.983278293162584e-05, 0.0007352203247137368, -0.002857283456251025, 0.00046655943151563406, -0.005570109002292156, 0.0019871899858117104, 0.0004931284347549081, -0.007957193069159985, 0.024446314200758934, -0.01006038673222065, -0.003541267476975918, 0.006206550169736147], [0.0001428996038157493, 0.0006763570127077401, -0.0014267107471823692, 0.002470014151185751, -0.004985575098544359, 0.004353296011686325, -0.007450987584888935, 0.005903648212552071, -0.0016577100614085793, -0.01006038673222065, 0.029711302369832993, -0.012799655087292194, -0.002044439548626542], [-0.0002563265443313867, -0.00073903554584831, 0.0004843916685786098, -0.0009794861543923616, 0.0017160928109660745, -0.007423205301165581, 0.003870174987241626, -0.0050280457362532616, 0.0022661262191832066, -0.003541267476975918, -0.012799655087292194, 0.0332515574991703, -0.010513700544834137], [0.0004113056056667119, 0.0003982677299063653, -0.00046044879127293825, -0.0007844106876291335, -0.0034600223880261183, 0.0007878917967900634, -0.0019395870622247458, -0.002874937606975436, -0.0024533099494874477, 0.006206550169736147, -0.002044439548626542, -0.010513700544834137, 0.026309598237276077]], "metadata.audio_properties.analysis.downmix": "mix", "metadata.audio_properties.codec": "mp3", "metadata.audio_properties.md5_encoded": "11e8cf743692b499cb14ab1a3c988cee", "metadata.tags.file_name": "1183657060987064362.mp3", "metadata.version.essentia": "2.1-beta6-dev", "metadata.version.essentia_git_sha": "v2.1_beta5-1110-g77a6a954", "metadata.version.extractor": "music 2.0", "tonal.chords_key": "F", "tonal.chords_scale": "minor", "tonal.key_edma.key": "F#", "tonal.key_edma.scale": "minor", "tonal.key_krumhansl.key": "F#", "tonal.key_krumhansl.scale": "minor", "tonal.key_temperley.key": "F#", "tonal.key_temperley.scale": "minor", "metadata.tags.encoding": ["Lavf58.45.100"]}, "essentia_models": [{"model_name": "genre_dortmund", "activations": {"alternative": "0.06677751", "blues": "0.0059220465", "electronic": "0.47160882", "folkcountry": "0.012858393", "funksoulrnb": "0.04199443", "jazz": "0.09124338", "pop": "0.18250829", "raphiphop": "0.12627693", "rock": "0.004336851"}}, {"model_name": "genre_rosamerica", "activations": {"classic": "0.002126289", "dance": "0.3329091", "hip hop": "0.009458195", "