{"song_id": "1183717523359797328", "download": "https://cdn.discordapp.com/attachments/1135903449314238464/1183717523359797328/chirp.mp4?ex=658959d9&amp", "lyrics": "I'm on a journey, searching for somewhere\nA place where dreams come true, where I belong\nThrough the highs and lows, I keep pushing forward\nI won't stop until I find that somewhere", "style": ["random"], "essentia_features": {"lowlevel.average_loudness": 0.9688050150871277, "lowlevel.barkbands_crest.mean": 14.919193267822266, "lowlevel.barkbands_crest.stdev": 5.662132263183594, "lowlevel.barkbands_flatness_db.mean": 0.23804789781570435, "lowlevel.barkbands_flatness_db.stdev": 0.0846567153930664, "lowlevel.barkbands_kurtosis.mean": 62.5317268371582, "lowlevel.barkbands_kurtosis.stdev": 144.0369873046875, "lowlevel.barkbands_skewness.mean": 5.095263481140137, "lowlevel.barkbands_skewness.stdev": 4.443204879760742, "lowlevel.barkbands_spread.mean": 14.504293441772461, "lowlevel.barkbands_spread.stdev": 17.120929718017578, "lowlevel.dissonance.mean": 0.45329150557518005, "lowlevel.dissonance.stdev": 0.04573245346546173, "lowlevel.dynamic_complexity": 2.3565192222595215, "lowlevel.erbbands_crest.mean": 10.716878890991211, "lowlevel.erbbands_crest.stdev": 4.679995536804199, "lowlevel.erbbands_flatness_db.mean": 0.14012877643108368, "lowlevel.erbbands_flatness_db.stdev": 0.035803958773612976, "lowlevel.erbbands_kurtosis.mean": 1.1388940811157227, "lowlevel.erbbands_kurtosis.stdev": 3.0110292434692383, "lowlevel.erbbands_skewness.mean": 0.5171753764152527, "lowlevel.erbbands_skewness.stdev": 1.1298928260803223, "lowlevel.erbbands_spread.mean": 63.362850189208984, "lowlevel.erbbands_spread.stdev": 37.674652099609375, "lowlevel.hfc.mean": 24.96799659729004, "lowlevel.hfc.stdev": 27.47707748413086, "lowlevel.loudness_ebu128.integrated": -17.33380889892578, "lowlevel.loudness_ebu128.loudness_range": 1.06793212890625, "lowlevel.loudness_ebu128.momentary.mean": -17.83917808532715, "lowlevel.loudness_ebu128.momentary.stdev": 2.2009992599487305, "lowlevel.loudness_ebu128.short_term.mean": -17.229555130004883, "lowlevel.loudness_ebu128.short_term.stdev": 0.345699280500412, "lowlevel.melbands_crest.mean": 20.6353702545166, "lowlevel.melbands_crest.stdev": 7.210878372192383, "lowlevel.melbands_flatness_db.mean": 0.31981465220451355, "lowlevel.melbands_flatness_db.stdev": 0.10234858095645905, "lowlevel.melbands_kurtosis.mean": 152.9784698486328, "lowlevel.melbands_kurtosis.stdev": 247.1511993408203, "lowlevel.melbands_skewness.mean": 7.650425910949707, "lowlevel.melbands_skewness.stdev": 5.918487548828125, "lowlevel.melbands_spread.mean": 10.216546058654785, "lowlevel.melbands_spread.stdev": 12.341562271118164, "lowlevel.pitch_salience.mean": 0.396479070186615, "lowlevel.pitch_salience.stdev": 0.15892401337623596, "lowlevel.silence_rate_20dB.mean": 0.8756476640701294, "lowlevel.silence_rate_20dB.stdev": 0.32998326420783997, "lowlevel.silence_rate_30dB.mean": 0.7590673565864563, "lowlevel.silence_rate_30dB.stdev": 0.4276496469974518, "lowlevel.silence_rate_60dB.mean": 0.0077720205299556255, "lowlevel.silence_rate_60dB.stdev": 0.0878157764673233, "lowlevel.spectral_centroid.mean": 1007.55908203125, "lowlevel.spectral_centroid.stdev": 766.8524169921875, "lowlevel.spectral_complexity.mean": 11.313471794128418, "lowlevel.spectral_complexity.stdev": 10.17324447631836, "lowlevel.spectral_decrease.mean": -3.122107372632854e-08, "lowlevel.spectral_decrease.stdev": 4.6739963011077634e-08, "lowlevel.spectral_energy.mean": 0.1201002299785614, "lowlevel.spectral_energy.stdev": 0.17737717926502228, "lowlevel.spectral_energyband_high.mean": 0.0013685273006558418, "lowlevel.spectral_energyband_high.stdev": 0.002610079012811184, "lowlevel.spectral_energyband_low.mean": 0.10670065134763718, "lowlevel.spectral_energyband_low.stdev": 0.17816153168678284, "lowlevel.spectral_energyband_middle_high.mean": 0.002921158215031028, "lowlevel.spectral_energyband_middle_high.stdev": 0.0046279351226985455, "lowlevel.spectral_energyband_middle_low.mean": 0.010822447016835213, "lowlevel.spectral_energyband_middle_low.stdev": 0.015480175614356995, "lowlevel.spectral_entropy.mean": 7.5060625076293945, "lowlevel.spectral_entropy.stdev": 0.5188612341880798, "lowlevel.spectral_flux.mean": 0.13748590648174286, "lowlevel.spectral_flux.stdev": 0.12642036378383636, "lowlevel.spectral_kurtosis.mean": 2.9865500926971436, "lowlevel.spectral_kurtosis.stdev": 2.4458277225494385, "lowlevel.spectral_rms.mean": 0.009093130007386208, "lowlevel.spectral_rms.stdev": 0.005872468929737806, "lowlevel.spectral_rolloff.mean": 714.8916015625, "lowlevel.spectral_rolloff.stdev": 1338.777099609375, "lowlevel.spectral_skewness.mean": 1.3823524713516235, "lowlevel.spectral_skewness.stdev": 0.5417478680610657, "lowlevel.spectral_spread.mean": 6027539.0, "lowlevel.spectral_spread.stdev": 2032109.625, "lowlevel.spectral_strongpeak.mean": 0.8244154453277588, "lowlevel.spectral_strongpeak.stdev": 0.6448425054550171, "lowlevel.zerocrossingrate.mean": 0.03654519468545914, "lowlevel.zerocrossingrate.stdev": 0.033219680190086365, "metadata.audio_properties.analysis.equal_loudness": 0.0, "metadata.audio_properties.analysis.length": 8.91732406616211, "metadata.audio_properties.analysis.sample_rate": 44100.0, "metadata.audio_properties.analysis.start_time": 0.0, "metadata.audio_properties.bit_rate": 115174.0, "metadata.audio_properties.length": 8.917333602905273, "metadata.audio_properties.lossless": 0.0, "metadata.audio_properties.number_channels": 1.0, "metadata.audio_properties.replay_gain": -6.007843017578125, "metadata.audio_properties.sample_rate": 48000.0, "rhythm.beats_count": 13.0, "rhythm.beats_loudness.mean": 0.24365751445293427, "rhythm.beats_loudness.stdev": 0.19816957414150238, "rhythm.bpm": 91.2057876586914, "rhythm.bpm_histogram_first_peak_bpm": 91.0, "rhythm.bpm_histogram_first_peak_weight": 0.0, "rhythm.bpm_histogram_second_peak_bpm": 0.0, "rhythm.bpm_histogram_second_peak_spread": 0.0, "rhythm.bpm_histogram_second_peak_weight": 0.0, "rhythm.danceability": 1.9468023777008057, "rhythm.onset_rate": 4.810013771057129, "tonal.chords_changes_rate": 0.05670103058218956, "tonal.chords_number_rate": 0.020618556067347527, "tonal.chords_strength.mean": 0.5582174062728882, "tonal.chords_strength.stdev": 0.1053205132484436, "tonal.hpcp_crest.mean": 12.303786277770996, "tonal.hpcp_crest.stdev": 5.482542991638184, "tonal.hpcp_entropy.mean": 2.1669132709503174, "tonal.hpcp_entropy.stdev": 0.7494940757751465, "tonal.key_edma.strength": 0.605247974395752, "tonal.key_krumhansl.strength": 0.6098816990852356, "tonal.key_temperley.strength": 0.5913922786712646, "tonal.tuning_diatonic_strength": 0.6457741856575012, "tonal.tuning_equal_tempered_deviation": 0.23839493095874786, "tonal.tuning_frequency": 434.193115234375, "tonal.tuning_nontempered_energy_ratio": 0.9242162108421326, "lowlevel.barkbands.mean": [0.005936986301094294, 0.08618273586034775, 0.012999936006963253, 0.002713955705985427, 0.002909524831920862, 0.0010174154303967953, 0.0018110066885128617, 0.0013537408085539937, 0.000779319612774998, 0.0005775786121375859, 0.0004211415071040392, 0.00033872181666083634, 0.0003678186039905995, 0.0002204673073720187, 0.0001731926022330299, 0.00018558604642748833, 0.0002056587254628539, 0.00016887436504475772, 0.00024532972020097077, 0.000240910638240166, 0.0002045475266641006, 0.00030017821700312197, 0.0003364144067745656, 0.00020510301692411304, 0.00015074710245244205, 5.3332201787270606e-05, 6.53086784652146e-09], "lowlevel.barkbands.stdev": [0.011386850848793983, 0.16566163301467896, 0.018627867102622986, 0.0036745748948305845, 0.007481429725885391, 0.0019536016043275595, 0.005054857116192579, 0.00273179542273283, 0.0017782504437491298, 0.001599272363819182, 0.001133406418375671, 0.0009215716272592545, 0.0008974116062745452, 0.0004688363114837557, 0.0004566678253468126, 0.0004133142938371748, 0.00038116215728223324, 0.0005435232887975872, 0.0005851975874975324, 0.0005513940122909844, 0.0004758427676279098, 0.000677769014146179, 0.000817102671135217, 0.000429226754931733, 0.0002806273696478456, 9.572377894073725e-05, 3.534655590442526e-08], "lowlevel.erbbands.mean": [3.7589340209960938, 14.123113632202148, 16.149152755737305, 12.904973983764648, 11.931098937988281, 7.28017520904541, 2.8306519985198975, 10.657793045043945, 23.517261505126953, 28.193283081054688, 32.79682540893555, 16.921396255493164, 19.701692581176758, 15.091379165649414, 16.71950340270996, 14.698148727416992, 16.101091384887695, 13.596774101257324, 8.940699577331543, 10.011220932006836, 11.468356132507324, 11.369723320007324, 9.554783821105957, 10.367514610290527, 13.38067626953125, 11.242331504821777, 8.348469734191895, 8.99478816986084, 10.452117919921875, 10.407001495361328, 9.09886360168457, 4.906435966491699, 3.4840075969696045, 2.0123703479766846, 0.8576123118400574, 0.4133729040622711, 0.06354769319295883, 0.0021176121663302183, 0.00012597051681950688, 0.00014000755618326366], "lowlevel.erbbands.stdev": [7.727794647216797, 27.69597053527832, 26.646377563476562, 15.756985664367676, 24.917877197265625, 20.758893966674805, 6.219431400299072, 20.378496170043945, 63.691402435302734, 93.47492980957031, 69.01062774658203, 35.79206466674805, 52.41619873046875, 41.223899841308594, 46.441429138183594, 40.255043029785156, 35.85240936279297, 29.61358642578125, 17.41815757751465, 27.126482009887695, 24.467573165893555, 20.270523071289062, 29.250471115112305, 28.39471435546875, 27.844341278076172, 26.261844635009766, 19.364622116088867, 22.789588928222656, 22.73257064819336, 23.71826934814453, 21.490297317504883, 11.08067798614502, 7.223999977111816, 3.889131784439087, 1.5934609174728394, 0.6995525360107422, 0.13606974482536316, 0.005507807247340679, 0.00016760021389927715, 0.00019341037841513753], "lowlevel.gfcc.mean": [-9.208643913269043, 87.57846069335938, -72.13418579101562, 66.18963623046875, -49.335811614990234, 34.077430725097656, -29.956127166748047, 21.87881851196289, -16.32187271118164, 8.658885955810547, -11.732544898986816, -3.586500406265259, -13.439186096191406], "lowlevel.melbands.mean": [0.027810942381620407, 0.011195976287126541, 0.0022148529533296824, 0.00072207156335935, 0.00011678451846819371, 0.0002557887928560376, 0.00035102461697533727, 0.00028841724270023406, 0.0002597543061710894, 9.709383448353037e-05, 9.798329119803384e-05, 5.984694871585816e-05, 5.8404744777362794e-05, 3.580549673642963e-05, 4.0006256313063204e-05, 3.5534423659555614e-05, 2.3783753931638785e-05, 1.4591448234568816e-05, 1.284179506910732e-05, 1.2782033991243225e-05, 1.3766170923190657e-05, 1.279159369005356e-05, 8.533506843377836e-06, 8.042558874876704e-06, 8.272413651866373e-06, 9.691201739769895e-06, 9.299964403908234e-06, 7.148336408135947e-06, 5.0416006160958204e-06, 5.10766312800115e-06, 5.388727004174143e-06, 6.059357929188991e-06, 5.592075922322692e-06, 6.021880381013034e-06, 5.5490659178758506e-06, 3.961104084737599e-06, 2.6889215405390132e-06, 2.5855972580757225e-06, 1.718853695820144e-06, 1.7450536233809544e-06], "lowlevel.melbands.stdev": [0.05516565963625908, 0.018201204016804695, 0.002534424187615514, 0.0018330671591684222, 0.000287376664346084, 0.0005051778280176222, 0.0009117610170505941, 0.0008818490896373987, 0.0005746340029872954, 0.00021330098388716578, 0.00026716693537309766, 0.0001720731088425964, 0.00016448380483780056, 8.843065006658435e-05, 0.0001055829634424299, 8.66951304487884e-05, 5.276500087347813e-05, 2.89574218186317e-05, 3.408623160794377e-05, 3.0454872103291564e-05, 3.0075068934820592e-05, 2.3237378627527505e-05, 2.1966929125483148e-05, 2.6703437470132485e-05, 2.391557427472435e-05, 2.1796788132633083e-05, 1.949235775100533e-05, 1.833514943427872e-05, 1.233184138982324e-05, 1.1899515811819583e-05, 1.5288513168343343e-05, 1.4049466699361801e-05, 1.2738312761939596e-05, 1.4962733985157683e-05, 1.3572579518950079e-05, 9.431466423848178e-06, 6.1853229453845415e-06, 5.5501172937511e-06, 3.3003504995576805e-06, 3.4731590403680457e-06], "lowlevel.melbands128.mean": [0.005765698850154877, 0.0339069589972496, 0.035949885845184326, 0.018943997099995613, 0.009231255389750004, 0.005975625477731228, 0.0026671423111110926, 0.001128470292314887, 0.0013370509259402752, 0.0008053876226767898, 0.0003075122367590666, 0.00012872612569481134, 6.956570723559707e-05, 8.011628960957751e-05, 0.00016792786482255906, 0.0003805144806392491, 0.0005294443108141422, 0.00024730703444220126, 0.0002453486667945981, 0.00041759051964618266, 0.00019611803872976452, 0.00025388080393895507, 0.0003471130912657827, 0.0001742821477819234, 7.279688725247979e-05, 7.944257231429219e-05, 9.535872959531844e-05, 0.00011660448944894597, 8.5905019659549e-05, 5.637589856632985e-05, 5.57913699594792e-05, 5.3079395001986995e-05, 6.850630597909912e-05, 5.606858030660078e-05, 3.071729588555172e-05, 2.8228336304891855e-05, 4.531705053523183e-05, 4.488753620535135e-05, 3.457523780525662e-05, 3.0393503038794734e-05, 4.2635336285457015e-05, 3.289576852694154e-05, 2.0673895051004365e-05, 2.2752570657758042e-05, 1.68482893059263e-05, 1.1993361113127321e-05, 1.3257486898510251e-05, 1.0850395483430475e-05, 1.3707928701478522e-05, 1.6161049643415026e-05, 9.722648428578395e-06, 1.3461311937135179e-05, 1.3461385606206022e-05, 1.343485746474471e-05, 1.5756721040816046e-05, 1.3632566151500214e-05, 9.7007978183683e-06, 7.905260645202361e-06, 8.008537406567484e-06, 9.973814485420007e-06, 7.736952284176368e-06, 7.145688869059086e-06, 7.570074558316264e-06, 9.176086678053252e-06, 8.103373147605453e-06, 9.982342817238532e-06, 1.0613136510073673e-05, 9.338468771602493e-06, 1.0133502655662596e-05, 7.708524208283052e-06, 6.7663463596545625e-06, 7.436244686687132e-06, 5.342846634448506e-06, 4.425151018949691e-06, 4.858273769059451e-06, 5.302445970301051e-06, 5.28650707565248e-06, 4.468091901799198e-06, 4.990025900042383e-06, 6.795871740905568e-06, 6.41561882730457e-06, 5.736840194003889e-06, 5.4322313189913984e-06, 5.749211140937405e-06, 5.438910648081219e-06, 5.666534889314789e-06, 5.915630026720464e-06, 7.376253961410839e-06, 4.734149115392938e-06, 5.3470580496650655e-06, 4.941247880196897e-06, 3.4291706469957717e-06, 2.469232867952087e-06, 3.024535999429645e-06, 2.5340411866636714e-06, 2.1278935946611455e-06, 3.0411647458095104e-06, 2.6827492547454312e-06, 1.2047152040395304e-06, 1.6193527017094311e-06, 1.763151203704183e-06, 2.1969917725073174e-06, 1.0590913461783202e-06, 8.956409942584287e-07, 6.333781357170665e-07, 1.1676515896397177e-06, 1.0428816494822968e-06, 7.026175694591075e-07, 7.318229222619266e-07, 7.111152058314474e-07, 4.590122557601717e-07, 2.6149467657887726e-07, 1.2409589089656947e-07, 4.531723618583783e-08, 2.0367988184943897e-08, 3.6080531895521517e-09, 1.5251573615149283e-10, 1.7025256204838968e-11, 1.4684243404561315e-11, 1.4133185941012094e-11, 1.3662715923901114e-11, 1.3360902662018503e-11, 1.3008635835198845e-11, 1.2784153943790066e-11, 1.2489649071911746e-11, 1.2113251374179512e-11, 1.1897876781019612e-11, 1.181618171364196e-11], "lowlevel.melbands128.stdev": [0.011195750907063484, 0.07112638652324677, 0.07667823135852814, 0.03768701106309891, 0.018237851560115814, 0.007766104303300381, 0.0035783937200903893, 0.0015890446957200766, 0.0031374082900583744, 0.0024193532299250364, 0.0010223774006590247, 0.0003586954262573272, 0.00018517386342864484, 0.00017319431935902685, 0.00033861538395285606, 0.0008609452634118497, 0.0015152331907302141, 0.0009758517844602466, 0.0009193405858241022, 0.0017046608263626695, 0.0005228575319051743, 0.0007375437417067587, 0.0009172936552204192, 0.0005865022540092468, 0.0002558030537329614, 0.00025795033434405923, 0.0003093685954809189, 0.00041403394425287843, 0.0003056672285310924, 0.0002552449586801231, 0.0002302993816556409, 0.00016212710761465132, 0.0002677805896382779, 0.0001896835456136614, 0.00010577258217381313, 9.566864900989458e-05, 0.00019194190099369735, 0.00015763731789775193, 0.0001259634009329602, 8.856241765897721e-05, 0.00014449140871874988, 9.910280641634017e-05, 6.643844972131774e-05, 5.8124667702941224e-05, 3.91469438909553e-05, 2.9236285627121106e-05, 3.928521982743405e-05, 3.208345879102126e-05, 5.3531584853772074e-05, 5.373178282752633e-05, 2.71447697741678e-05, 3.4064887586282566e-05, 4.264182643964887e-05, 3.603781806305051e-05, 3.747565278899856e-05, 2.7558044166653417e-05, 1.9965926185250282e-05, 1.9002312910743058e-05, 2.6009325665654615e-05, 3.885969999828376e-05, 2.7581598260439932e-05, 2.3853095626691356e-05, 2.4968367142719217e-05, 2.967230830108747e-05, 2.3201413569040596e-05, 2.543978189351037e-05, 2.3523052732343785e-05, 2.3987955501070246e-05, 2.1960086087347008e-05, 1.820775833039079e-05, 2.037696867773775e-05, 2.14882329601096e-05, 1.5991921827662736e-05, 1.1314873518131208e-05, 1.1794899364758749e-05, 1.2678241546382196e-05, 1.379734203510452e-05, 1.095356037694728e-05, 1.6842606783029623e-05, 2.4423887225566432e-05, 1.6583860997343436e-05, 1.171381700260099e-05, 1.1934540452784859e-05, 1.5319792510126717e-05, 1.4721093975822441e-05, 1.3309362657309975e-05, 1.7069247405743226e-05, 2.5007711883517914e-05, 1.1004795851476956e-05, 1.3552555174101144e-05, 1.3689007573702838e-05, 8.51405093271751e-06, 5.9675821830751374e-06, 8.391751180170104e-06, 6.013996426190715e-06, 4.609034476743545e-06, 7.264277428475907e-06, 6.141642643342493e-06, 2.542699803598225e-06, 3.4383119782432914e-06, 3.890312655130401e-06, 4.6571217353630345e-06, 2.052748413916561e-06, 1.9879200863215374e-06, 1.6192165048778406e-06, 2.209422291343799e-06, 1.9663877992570633e-06, 1.3610342648462392e-06, 1.2911150406580418e-06, 1.378449383082625e-06, 1.0339246045987238e-06, 6.978644933042233e-07, 4.127942077047919e-07, 2.1454127363540465e-07, 9.31020167627139e-08, 3.478663757050526e-08, 1.4165332240523298e-09, 5.53942447467648e-11, 3.589116157054484e-11, 3.4571279866613125e-11, 3.354773750463558e-11, 3.283677843524124e-11, 3.2108284780951735e-11, 3.157817063392798e-11, 3.112058874488177e-11, 3.0718795562822976e-11, 3.0451960397748223e-11, 3.028485448530738e-11], "lowlevel.mfcc.mean": [-660.0504150390625, 106.8703384399414, 41.56498718261719, 41.24247741699219, 19.91490936279297, 18.83641242980957, 10.268425941467285, 13.519637107849121, 6.632378578186035, 10.873038291931152, 10.175919532775879, 5.43149471282959, 7.736810684204102], "lowlevel.spectral_contrast_coeffs.mean": [-0.6696073412895203, -0.7340131998062134, -0.7915842533111572, -0.818856418132782, -0.8008701205253601, -0.7718226909637451], "lowlevel.spectral_contrast_coeffs.stdev": [0.06099000945687294, 0.09817803651094437, 0.0823250561952591, 0.05502348393201828, 0.04397958144545555, 0.03736572712659836], "lowlevel.spectral_contrast_valleys.mean": [-6.472158908843994, -7.242307186126709, -8.040346145629883, -8.072286605834961, -7.796328067779541, -9.945039749145508], "lowlevel.spectral_contrast_valleys.stdev": [0.9317708611488342, 0.9607890248298645, 1.0525211095809937, 0.8939399719238281, 0.8863018751144409, 0.9759603142738342], "rhythm.beats_loudness_band_ratio.mean": [0.632976233959198, 0.08470896631479263, 0.16840842366218567, 0.02410515956580639, 0.044004324823617935, 0.09278662502765656], "rhythm.beats_loudness_band_ratio.stdev": [0.34202608466148376, 0.09023337811231613, 0.1705557405948639, 0.02296481654047966, 0.044228289276361465, 0.08640693873167038], "tonal.hpcp.mean": [0.07272704690694809, 0.053048670291900635, 0.05206528306007385, 0.16572652757167816, 0.19706840813159943, 0.07246966660022736, 0.042293328791856766, 0.047882843762636185, 0.05143186077475548, 0.18893647193908691, 0.22282624244689941, 0.09082648903131485, 0.036715395748615265, 0.026675865054130554, 0.023784758523106575, 0.02848479337990284, 0.037869591265916824, 0.04008038341999054, 0.05182972550392151, 0.056919943541288376, 0.052728310227394104, 0.055755384266376495, 0.05296584591269493, 0.06070485711097717, 0.12161799520254135, 0.18815335631370544, 0.14216892421245575, 0.09559265524148941, 0.10395349562168121, 0.1055704653263092, 0.09793897718191147, 0.09746450185775757, 0.11520417034626007, 0.12781593203544617, 0.1615656018257141, 0.1346462517976761], "tonal.hpcp.stdev": [0.20132867991924286, 0.1807352602481842, 0.149458646774292, 0.30388250946998596, 0.3584843575954437, 0.16084197163581848, 0.15731579065322876, 0.15945330262184143, 0.15518832206726074, 0.32715368270874023, 0.36597537994384766, 0.20226557552814484, 0.14649109542369843, 0.11021895706653595, 0.104774110019207, 0.11673032492399216, 0.1229095309972763, 0.13117358088493347, 0.15462832152843475, 0.17617692053318024, 0.1501118391752243, 0.1742582470178604, 0.1598457247018814, 0.19107209146022797, 0.22644300758838654, 0.3500041663646698, 0.2655944228172302, 0.20469985902309418, 0.23384875059127808, 0.22978250682353973, 0.23184806108474731, 0.22281908988952637, 0.2454753816127777, 0.2622096538543701, 0.3146206736564636, 0.28430357575416565], "rhythm.beats_position": [0.5804988741874695, 1.2306575775146484, 1.8924262523651123, 2.554194927215576, 3.2043535709381104, 3.8661224842071533, 4.527891159057617, 5.189659595489502, 5.851428508758545, 6.51319694519043, 7.174965858459473, 7.825124740600586, 8.4752836227417], "rhythm.bpm_histogram": [0.0, 0.0, 0.0, 0.0, 0.0, 0.0, 0.0, 0.0, 0.0, 0.0, 0.0, 0.0, 0.0, 0.0, 0.0, 0.0, 0.0, 0.0, 0.0, 0.0, 0.0, 0.0, 0.0, 0.0, 0.0, 0.0, 0.0, 0.0, 0.0, 0.0, 0.0, 0.0, 0.0, 0.0, 0.0, 0.0, 0.0, 0.0, 0.0, 0.0, 0.0, 0.0, 0.0, 0.0, 0.0, 0.0, 0.0, 0.0, 0.0, 0.0, 0.0, 0.0, 0.0, 0.0, 0.0, 0.0, 0.0, 0.0, 0.0, 0.0, 0.0, 0.0, 0.0, 0.0, 0.0, 0.0, 0.0, 0.0, 0.0, 0.0, 0.0, 0.0, 0.0, 0.0, 0.0, 0.0, 0.0, 0.0, 0.0, 0.0, 0.0, 0.0, 0.0, 0.0, 0.0, 0.0, 0.0, 0.0, 0.0, 0.0, 0.0, 0.6666666865348816, 0.3333333432674408, 0.0, 0.0, 0.0, 0.0, 0.0, 0.0, 0.0, 0.0, 0.0, 0.0, 0.0, 0.0, 0.0, 0.0, 0.0, 0.0, 0.0, 0.0, 0.0, 0.0, 0.0, 0.0, 0.0, 0.0, 0.0, 0.0, 0.0, 0.0, 0.0, 0.0, 0.0, 0.0, 0.0, 0.0, 0.0, 0.0, 0.0, 0.0, 0.0, 0.0, 0.0, 0.0, 0.0, 0.0, 0.0, 0.0, 0.0, 0.0, 0.0, 0.0, 0.0, 0.0, 0.0, 0.0, 0.0, 0.0, 0.0, 0.0, 0.0, 0.0, 0.0, 0.0, 0.0, 0.0, 0.0, 0.0, 0.0, 0.0, 0.0, 0.0, 0.0, 0.0, 0.0, 0.0, 0.0, 0.0, 0.0, 0.0, 0.0, 0.0, 0.0, 0.0, 0.0, 0.0, 0.0, 0.0, 0.0, 0.0, 0.0, 0.0, 0.0, 0.0, 0.0, 0.0, 0.0, 0.0, 0.0, 0.0, 0.0, 0.0, 0.0, 0.0, 0.0, 0.0, 0.0, 0.0, 0.0, 0.0, 0.0, 0.0, 0.0, 0.0, 0.0, 0.0, 0.0, 0.0, 0.0, 0.0, 0.0, 0.0, 0.0, 0.0, 0.0, 0.0, 0.0, 0.0, 0.0, 0.0, 0.0, 0.0, 0.0, 0.0, 0.0, 0.0, 0.0, 0.0, 0.0, 0.0, 0.0, 0.0, 0.0, 0.0, 0.0, 0.0, 0.0, 0.0, 0.0, 0.0, 0.0, 0.0, 0.0, 0.0, 0.0, 0.0, 0.0, 0.0, 0.0], "tonal.chords_histogram": [63.402061462402344, 1.0309277772903442, 31.958763122558594, 0.0, 0.0, 0.5154638886451721, 0.0, 0.0, 0.0, 0.5154638886451721, 0.0, 0.0, 0.0, 0.0, 0.0, 0.0, 0.0, 0.0, 0.0, 0.0, 0.0, 0.0, 0.0, 2.577319622039795], "tonal.thpcp": [1.0, 0.40761128067970276, 0.1647714227437973, 0.11971599608659744, 0.1067412793636322, 0.12783411145210266, 0.16995121538639069, 0.1798728108406067, 0.23260153830051422, 0.2554454207420349, 0.23663420975208282, 0.25021910667419434, 0.2377002090215683, 0.2724313735961914, 0.5457974672317505, 0.8443949818611145, 0.6380259394645691, 0.4290008842945099, 0.4665226936340332, 0.4737793207168579, 0.43953070044517517, 0.43740135431289673, 0.5170134902000427, 0.5736125707626343, 0.7250744104385376, 0.6042656898498535, 0.326384574174881, 0.23807191848754883, 0.23365867137908936, 0.7437477707862854, 0.8844039440155029, 0.3252294957637787, 0.1898040771484375, 0.21488870680332184, 0.23081599175930023, 0.8479094505310059], "lowlevel.gfcc.cov": [[7052.28564453125, 60.14054489135742, -723.0000610351562, -220.49642944335938, -476.3106689453125, 144.3114013671875, -48.851470947265625, 175.83729553222656, -114.35198974609375, 132.2177734375, -91.12629699707031, 64.59129333496094, -98.11676025390625], [60.14054489135742, 1441.0701904296875, -326.0473937988281, -556.5830688476562, 110.3211441040039, -232.45831298828125, 78.33158111572266, 38.61037063598633, 87.08251190185547, -143.9581298828125, 74.93317413330078, -125.9100570678711, 43.943626403808594], [-723.0000610351562, -326.0473937988281, 974.440185546875, 455.32354736328125, 165.03033447265625, 48.236263275146484, 3.4631690979003906, -22.76849937438965, 42.65640640258789, 15.7671480178833, 61.68293762207031, 94.84864044189453, 12.499287605285645], [-220.49642944335938, -556.5830688476562, 455.32354736328125, 641.8458862304688, 144.97108459472656, 20.371265411376953, -113.22535705566406, -68.04467010498047, 18.952014923095703, 54.023765563964844, 62.54518508911133, 38.7192497253418, 13.986124992370605], [-476.3106689453125, 110.3211441040039, 165.03033447265625, 144.97108459472656, 389.73907470703125, 73.6242446899414, 13.752864837646484, -34.19036102294922, 83.61734771728516, 21.85127067565918, 63.87538146972656, -47.61904525756836, 42.164222717285156], [144.3114013671875, -232.45831298828125, 48.236263275146484, 20.371265411376953, 73.6242446899414, 317.683349609375, 148.03504943847656, -4.112497329711914, -5.133371829986572, 12.506340026855469, -3.9864869117736816, -5.625060081481934, 26.592571258544922], [-48.851470947265625, 78.33158111572266, 3.4631690979003906, -113.22535705566406, 13.752864837646484, 148.03504943847656, 263.58935546875, 68.1528549194336, -13.93433666229248, -42.13981246948242, 30.217281341552734, -4.3875274658203125, 40.13993835449219], [175.83729553222656, 38.61037063598633, -22.76849937438965, -68.04467010498047, -34.19036102294922, -4.112497329711914, 68.1528549194336, 122.85244750976562, 39.15740203857422, -11.547935485839844, -11.579161643981934, -10.725320816040039, -0.6531946063041687], [-114.35198974609375, 87.08251190185547, 42.65640640258789, 18.952014923095703, 83.61734771728516, -5.133371829986572, -13.93433666229248, 39.15740203857422, 179.25238037109375, 49.873905181884766, 16.22151756286621, -31.274612426757812, 41.15200424194336], [132.2177734375, -143.9581298828125, 15.7671480178833, 54.023765563964844, 21.85127067565918, 12.506340026855469, -42.13981246948242, -11.547935485839844, 49.873905181884766, 115.30142211914062, 13.468250274658203, 1.5832874774932861, -10.746086120605469], [-91.12629699707031, 74.93317413330078, 61.68293762207031, 62.54518508911133, 63.87538146972656, -3.9864869117736816, 30.217281341552734, -11.579161643981934, 16.22151756286621, 13.468250274658203, 118.3481216430664, 17.675785064697266, 9.309048652648926], [64.59129333496094, -125.9100570678711, 94.84864044189453, 38.7192497253418, -47.61904525756836, -5.625060081481934, -4.3875274658203125, -10.725320816040039, -31.274612426757812, 1.5832874774932861, 17.675785064697266, 89.1057357788086, 7.774263858795166], [-98.11676025390625, 43.943626403808594, 12.499287605285645, 13.986124992370605, 42.164222717285156, 26.592571258544922, 40.13993835449219, -0.6531946063041687, 41.15200424194336, -10.746086120605469, 9.309048652648926, 7.774263858795166, 89.22472381591797]], "lowlevel.gfcc.icov": [[0.00027949182549491525, -0.000646089727524668, 0.00033444902510382235, -0.0007314819958992302, 0.0004309411160647869, -0.0008813667809590697, 0.0003906027995981276, -0.0009558781166560948, 0.0005010618478991091, -0.0010144691914319992, 0.000559781095944345, -0.0010135063203051686, 0.0002462984120938927], [-0.000646089727524668, 0.004910352174192667, -0.0013306440087035298, 0.005234125070273876, -0.002146434970200062, 0.004700812045484781, -0.0009961338946595788, 0.003536360105499625, -0.002400047378614545, 0.005833378992974758, -0.004882729146629572, 0.006263699382543564, -0.0019024155335500836], [0.00033444902510382235, -0.0013306440087035298, 0.002552570076659322, -0.002912078984081745, -1.080264382835594e-06, -0.0011989285703748465, -0.0007198500097729266, -0.0009763439884409308, -0.00048389684525318444, -0.001035113469697535, 0.0020565784070640802, -0.004544185008853674, 0.002076439093798399], [-0.0007314819958992302, 0.005234125070273876, -0.002912078984081745, 0.008797884918749332, -0.0025283631402999163, 0.0041966219432652, 0.0012909461511299014, 0.003379623871296644, -0.00127141154371202, 0.005378312431275845, -0.006801800802350044, 0.007716916501522064, -0.0036939093843102455], [0.0004309411160647869, -0.002146434970200062, -1.080264382835594e-06, -0.0025283631402999163, 0.005395596846938133, -0.0032183837611228228, 0.0010917115723714232, -0.0008033047779463232, 0.0001620036200620234, -0.0024593558628112078, -0.00013287374167703092, 0.000568133604247123, -0.0005666245124302804], [-0.0008813667809590697, 0.004700812045484781, -0.0011989285703748465, 0.0041966219432652, -0.0032183837611228228, 0.010564154013991356, -0.006195513065904379, 0.006409605499356985, -0.002902157371863723, 0.004210887476801872, -0.0017680271994322538, 0.005493313539773226, -0.0010162779362872243], [0.0003906027995981276, -0.0009961338946595788, -0.0007198500097729266, 0.0012909461511299014, 0.0010917115723714232, -0.006195513065904379, 0.011614838615059853, -0.007762935012578964, 0.004426012746989727, -0.00014763910439796746, -0.0042823380790650845, 0.0011728774989023805, -0.004847368225455284], [-0.0009558781166560948, 0.003536360105499625, -0.0009763439884409308, 0.003379623871296644, -0.0008033047779463232, 0.006409605499356985, -0.007762935012578964, 0.017910847440361977, -0.00819405261427164, 0.006292319390922785, -0.00027634823345579207, 0.0038025330286473036, 0.003141546156257391], [0.0005010618478991091, -0.002400047378614545, -0.00048389684525318444, -0.00127141154371202, 0.0001620036200620234, -0.002902157371863723, 0.004426012746989727, -0.00819405261427164, 0.01344210747629404, -0.008292817510664463, 5.4481919505633414e-05, 0.0018810039618983865, -0.0066307056695222855], [-0.0010144691914319992, 0.005833378992974758, -0.001035113469697535, 0.005378312431275845, -0.0024593558628112078, 0.004210887476801872, -0.00014763910439796746, 0.006292319390922785, -0.008292817510664463, 0.019789261743426323, -0.006710182875394821, 0.005358594469726086, 0.001774446340277791], [0.000559781095944345, -0.004882729146629572, 0.0020565784070640802, -0.006801800802350044, -0.00013287374167703092, -0.0017680271994322538, -0.0042823380790650845, -0.00027634823345579207, 5.4481919505633414e-05, -0.006710182875394821, 0.017569299787282944, -0.010711955837905407, 0.0045796590857207775], [-0.0010135063203051686, 0.006263699382543564, -0.004544185008853674, 0.007716916501522064, 0.000568133604247123, 0.005493313539773226, 0.0011728774989023805, 0.0038025330286473036, 0.0018810039618983865, 0.005358594469726086, -0.010711955837905407, 0.026900358498096466, -0.008626415394246578], [0.0002462984120938927, -0.0019024155335500836, 0.002076439093798399, -0.0036939093843102455, -0.0005666245124302804, -0.0010162779362872243, -0.004847368225455284, 0.003141546156257391, -0.0066307056695222855, 0.001774446340277791, 0.0045796590857207775, -0.008626415394246578, 0.01902368851006031]], "lowlevel.mfcc.cov": [[5398.71875, -303.8542175292969, -439.99542236328125, -412.6766357421875, -542.1944580078125, -122.21512603759766, -58.62838363647461, -28.008041381835938, 62.25893783569336, 6.393789291381836, -17.220882415771484, 18.32852554321289, 67.91085815429688], [-303.8542175292969, 1646.2210693359375, -429.1194763183594, -307.65899658203125, -135.25808715820312, -254.65834045410156, -17.571767807006836, 54.72346115112305, 57.973567962646484, -13.04736614227295, 53.571632385253906, -18.980939865112305, 46.20084762573242], [-439.99542236328125, -429.1194763183594, 751.7316284179688, 319.4939880371094, 140.6659698486328, 94.72377014160156, 27.770801544189453, 65.62962341308594, -22.87522315979004, -19.247045516967773, -11.332036018371582, 50.57442855834961, -18.194711685180664], [-412.6766357421875, -307.65899658203125, 319.4939880371094, 513.7822875976562, 265.70709228515625, 14.689946174621582, -48.76411437988281, -55.258827209472656, -72.71240997314453, -16.77422523498535, 12.751971244812012, 21.43315315246582, -14.535264015197754], [-542.1944580078125, -135.25808715820312, 140.6659698486328, 265.70709228515625, 402.2769470214844, 138.06204223632812, -36.19561004638672, -50.000282287597656, -2.3748397827148438, 45.900699615478516, 42.74595642089844, 29.683717727661133, -10.084965705871582], [-122.21512603759766, -254.65834045410156, 94.72377014160156, 14.689946174621582, 138.06204223632812, 278.9498291015625, 109.6278305053711, 4.572397708892822, 25.821929931640625, 38.66161346435547, 8.405202865600586, 26.62079620361328, -21.785247802734375], [-58.62838363647461, -17.571767807006836, 27.770801544189453, -48.76411437988281, -36.19561004638672, 109.6278305053711, 240.98121643066406, 107.6967544555664, 6.177138328552246, 9.696355819702148, 11.04509162902832, -4.199094772338867, -19.527549743652344], [-28.008041381835938, 54.72346115112305, 65.62962341308594, -55.258827209472656, -50.000282287597656, 4.572397708892822, 107.6967544555664, 153.2146453857422, 44.67052459716797, 4.4102020263671875, -6.435168266296387, 4.567596912384033, 10.81881046295166], [62.25893783569336, 57.973567962646484, -22.87522315979004, -72.71240997314453, -2.3748397827148438, 25.821929931640625, 6.177138328552246, 44.67052459716797, 152.72364807128906, 66.23640441894531, 2.0347630977630615, -7.504872798919678, 14.99014949798584], [6.393789291381836, -13.04736614227295, -19.247045516967773, -16.77422523498535, 45.900699615478516, 38.66161346435547, 9.696355819702148, 4.4102020263671875, 66.23640441894531, 128.63882446289062, 51.97108459472656, 0.3881385028362274, 9.930611610412598], [-17.220882415771484, 53.571632385253906, -11.332036018371582, 12.751971244812012, 42.74595642089844, 8.405202865600586, 11.04509162902832, -6.435168266296387, 2.0347630977630615, 51.97108459472656, 85.72904968261719, 23.823596954345703, 7.841713905334473], [18.32852554321289, -18.980939865112305, 50.57442855834961, 21.43315315246582, 29.683717727661133, 26.62079620361328, -4.199094772338867, 4.567596912384033, -7.504872798919678, 0.3881385028362274, 23.823596954345703, 81.09671783447266, 25.777297973632812], [67.91085815429688, 46.20084762573242, -18.194711685180664, -14.535264015197754, -10.084965705871582, -21.785247802734375, -19.527549743652344, 10.81881046295166, 14.99014949798584, 9.930611610412598, 7.841713905334473, 25.777297973632812, 80.25177764892578]], "lowlevel.mfcc.icov": [[0.00024362493422813714, 0.00011487030860735103, 0.0001498854107921943, -2.1704370738007128e-05, 0.0003824167069979012, -5.125949246576056e-05, 0.00011744773655664176, 1.9234881619922817e-05, -0.00013752165250480175, 3.092667247983627e-05, -0.00015867874026298523, -0.00017186069453600794, -8.954502118285745e-05], [0.00011487030860735103, 0.0010447351960465312, 0.0003348465252202004, 0.0006565724615938962, -0.0005024643032811582, 0.0012468594359233975, -0.00041659121052362025, -4.308777715777978e-05, -0.0005666473880410194, 0.0007338255527429283, -0.0008779737399891019, -0.00015077751595526934, -0.0001747935893945396], [0.0001498854107921943, 0.0003348465252202004, 0.0026001723017543554, -0.001782216946594417, 0.0008547200704924762, -0.0011137688998132944, 0.001114635611884296, -0.002342775696888566, -1.0824085620697588e-05, 0.00020841190416831523, -0.00010278625268256292, -0.001045631943270564, 0.0006613657460547984], [-2.1704370738007128e-05, 0.0006565724615938962, -0.001782216946594417, 0.0055861095897853374, -0.00403204932808876, 0.003412974998354912, -0.0018573112320154905, 0.0022339369170367718, 0.0007272159564308822, 0.0005419733352027833, 0.000282129505649209, 1.0408171874587424e-05, -0.00031903735361993313], [0.0003824167069979012, -0.0005024643032811582, 0.0008547200704924762, -0.00403204932808876, 0.007418573834002018, -0.0051478431560099125, 0.00341029092669487, -0.0014536080416291952, -0.00010080572974402457, -0.0008729214314371347, -0.002161784563213587, 9.705704724183306e-05, 0.0002966717293020338], [-5.125949246576056e-05, 0.0012468594359233975, -0.0011137688998132944, 0.003412974998354912, -0.0051478431560099125, 0.010714579373598099, -0.006979868281632662, 0.004922454711049795, -0.002019918756559491, -0.00073039106791839, 0.0027050082571804523, -0.0034394212998449802, 0.0008990107453428209], [0.00011744773655664176, -0.00041659121052362025, 0.001114635611884296, -0.0018573112320154905, 0.00341029092669487, -0.006979868281632662, 0.011589006520807743, -0.008947821334004402, 0.002791153034195304, -6.527651294163661e-06, -0.003394996514543891, 0.002564431633800268, 0.0016042329370975494], [1.9234881619922817e-05, -4.308777715777978e-05, -0.002342775696888566, 0.0022339369170367718, -0.0014536080416291952, 0.004922454711049795, -0.008947821334004402, 0.01564204692840576, -0.004555517807602882, 0.0006376201054081321, 0.002440019976347685, -0.00206010858528316, -0.0020550929475575686], [-0.00013752165250480175, -0.0005666473880410194, -1.0824085620697588e-05, 0.0007272159564308822, -0.00010080572974402457, -0.002019918756559491, 0.002791153034195304, -0.004555517807602882, 0.011698640882968903, -0.006649145390838385, 0.0032485071569681168, 0.0012179610785096884, -0.0007668759790249169], [3.092667247983627e-05, 0.0007338255527429283, 0.00020841190416831523, 0.0005419733352027833, -0.0008729214314371347, -0.00073039106791839, -6.527651294163661e-06, 0.0006376201054081321, -0.006649145390838385, 0.01617203652858734, -0.010359693318605423, 0.003237370168790221, -0.0014855025801807642], [-0.00015867874026298523, -0.0008779737399891019, -0.00010278625268256292, 0.000282129505649209, -0.002161784563213587, 0.0027050082571804523, -0.003394996514543891, 0.002440019976347685, 0.0032485071569681168, -0.010359693318605423, 0.021589122712612152, -0.0068137915804982185, 0.0007293466478586197], [-0.00017186069453600794, -0.00015077751595526934, -0.001045631943270564, 1.0408171874587424e-05, 9.705704724183306e-05, -0.0034394212998449802, 0.002564431633800268, -0.00206010858528316, 0.0012179610785096884, 0.003237370168790221, -0.0068137915804982185, 0.018287383019924164, -0.005859001073986292], [-8.954502118285745e-05, -0.0001747935893945396, 0.0006613657460547984, -0.00031903735361993313, 0.0002966717293020338, 0.0008990107453428209, 0.0016042329370975494, -0.0020550929475575686, -0.0007668759790249169, -0.0014855025801807642, 0.0007293466478586197, -0.005859001073986292, 0.015815820544958115]], "metadata.audio_properties.analysis.downmix": "mix", "metadata.audio_properties.codec": "mp3", "metadata.audio_properties.md5_encoded": "cccf4afa255000238b4bda8a7dbc9e52", "metadata.tags.file_name": "1183717523359797328.mp3", "metadata.version.essentia": "2.1-beta6-dev", "metadata.version.essentia_git_sha": "v2.1_beta5-1110-g77a6a954", "metadata.version.extractor": "music 2.0", "tonal.chords_key": "F", "tonal.chords_scale": "minor", "tonal.key_edma.key": "F", "tonal.key_edma.scale": "minor", "tonal.key_krumhansl.key": "F", "tonal.key_krumhansl.scale": "minor", "tonal.key_temperley.key": "F", "tonal.key_temperley.scale": "minor", "metadata.tags.encoding": ["Lavf58.45.100"]}, "essentia_models": [{"model_name": "genre_dortmund", "activations": {"alternative": "5.006767e-05", "blues": "2.7571978e-05", "electronic": "7.3339914e-05", "folkcountry": "4.5249417e-06", "funksoulrnb": "0.00018423008", "jazz": "2.603688e-05", "pop": "2.9796252e-05", "raphiphop": "0.9998806", "rock": "9.59469e-05"}}, {"model_name": "genre_rosamerica", "activations": {"classic": "0.00013590622", "dance": "1.3145124e-07", "hip hop": "0.99832666", "jazz": "4.1014064e-06", "pop": "0.00028006945", "rhythm and blues": "0.0019101813", "rock": "0.00021570348", "speech": "0.00029592187"}}, {"model_name": "genre_tzanetakis", "activations": {"blues": "3.4513694e-05", "classic": "5.7564034e-06", "country": "1.0127225e-05", "disco": "1.753177e-05", "hip hop": "0.9851678", "jazz": "9.1912534e-07", "metal": "4.2930094e-07", "pop": "3.4685876e-05", "reggae": "0.023508579", "rock": "0.00025093515"}}, {"model_name": "genre_electronic", "activations": {"ambient": "0.3532298", "dnb": "0.3606671", "house": "0.3270672", "techno": "0.55288374", "trance": "0.005925912"}}, {"model_name": "mood_acoustic", "activations": {"acoustic": "3.55344e-05", "not acoustic": "0.9458921"}}, {"model_name": "mood_elec