{"song_id": "1183648949358313513", "download": "https://cdn.discordapp.com/attachments/1135903449314238464/1183648949358313513/chirp.mp4?ex=658919fc&amp", "lyrics": "(Verse 1)\n\"I'm on the subway now,\" \u6211\u73b0\u5728\u5750\u5730\u94c1\uff0c\nLearning English on the go, \u4e00\u8fb9\u8d70\u4e00\u8fb9\u5b66\u3002\n\"I'm watching a movie,\" \u6b63\u770b\u7740\u7535\u5f71\uff0c\n\"I'm eating dinner,\" \u6b63\u5403\u665a\u996d\uff0c\nEvery word, a new window. \u6bcf\u4e2a\u8bcd\u90fd\u662f\u65b0\u5929\u5730\u3002", "style": ["fast song </span><span>, easy remeber song </span><span>, man </span><span>, chinese"], "essentia_features": {"lowlevel.average_loudness": 0.9623028635978699, "lowlevel.barkbands_crest.mean": 13.005661010742188, "lowlevel.barkbands_crest.stdev": 5.10034704208374, "lowlevel.barkbands_flatness_db.mean": 0.24584244191646576, "lowlevel.barkbands_flatness_db.stdev": 0.10074107348918915, "lowlevel.barkbands_kurtosis.mean": 18.901338577270508, "lowlevel.barkbands_kurtosis.stdev": 35.55536651611328, "lowlevel.barkbands_skewness.mean": 1.9169155359268188, "lowlevel.barkbands_skewness.stdev": 2.7685658931732178, "lowlevel.barkbands_spread.mean": 11.258081436157227, "lowlevel.barkbands_spread.stdev": 11.945164680480957, "lowlevel.dissonance.mean": 0.4043879508972168, "lowlevel.dissonance.stdev": 0.0816451907157898, "lowlevel.dynamic_complexity": 8.95675277709961, "lowlevel.erbbands_crest.mean": 13.12592601776123, "lowlevel.erbbands_crest.stdev": 5.558957099914551, "lowlevel.erbbands_flatness_db.mean": 0.22498683631420135, "lowlevel.erbbands_flatness_db.stdev": 0.06419838219881058, "lowlevel.erbbands_kurtosis.mean": 4.509326934814453, "lowlevel.erbbands_kurtosis.stdev": 8.522595405578613, "lowlevel.erbbands_skewness.mean": 0.845593273639679, "lowlevel.erbbands_skewness.stdev": 1.3885554075241089, "lowlevel.erbbands_spread.mean": 24.15521240234375, "lowlevel.erbbands_spread.stdev": 19.695497512817383, "lowlevel.hfc.mean": 11.431941986083984, "lowlevel.hfc.stdev": 18.40575408935547, "lowlevel.loudness_ebu128.integrated": -29.29765510559082, "lowlevel.loudness_ebu128.loudness_range": 1.1382217407226562, "lowlevel.loudness_ebu128.momentary.mean": -33.637332916259766, "lowlevel.loudness_ebu128.momentary.stdev": 15.737924575805664, "lowlevel.loudness_ebu128.short_term.mean": -29.456857681274414, "lowlevel.loudness_ebu128.short_term.stdev": 0.3748275339603424, "lowlevel.melbands_crest.mean": 14.74404239654541, "lowlevel.melbands_crest.stdev": 5.886914253234863, "lowlevel.melbands_flatness_db.mean": 0.3113330602645874, "lowlevel.melbands_flatness_db.stdev": 0.1522182822227478, "lowlevel.melbands_kurtosis.mean": 23.53639793395996, "lowlevel.melbands_kurtosis.stdev": 45.33331298828125, "lowlevel.melbands_skewness.mean": 2.3752217292785645, "lowlevel.melbands_skewness.stdev": 2.60992169380188, "lowlevel.melbands_spread.mean": 25.263330459594727, "lowlevel.melbands_spread.stdev": 39.7905158996582, "lowlevel.pitch_salience.mean": 0.4921545386314392, "lowlevel.pitch_salience.stdev": 0.20212043821811676, "lowlevel.silence_rate_20dB.mean": 1.0, "lowlevel.silence_rate_20dB.stdev": 0.0, "lowlevel.silence_rate_30dB.mean": 0.9748031497001648, "lowlevel.silence_rate_30dB.stdev": 0.156723290681839, "lowlevel.silence_rate_60dB.mean": 0.24881890416145325, "lowlevel.silence_rate_60dB.stdev": 0.43232959508895874, "lowlevel.spectral_centroid.mean": 1123.681640625, "lowlevel.spectral_centroid.stdev": 1276.006103515625, "lowlevel.spectral_complexity.mean": 6.574803352355957, "lowlevel.spectral_complexity.stdev": 5.326094627380371, "lowlevel.spectral_decrease.mean": -6.4212501982297e-09, "lowlevel.spectral_decrease.stdev": 6.946506925231688e-09, "lowlevel.spectral_energy.mean": 0.02527214027941227, "lowlevel.spectral_energy.stdev": 0.027390390634536743, "lowlevel.spectral_energyband_high.mean": 0.0002566484618000686, "lowlevel.spectral_energyband_high.stdev": 0.0012786880834028125, "lowlevel.spectral_energyband_low.mean": 0.012843674048781395, "lowlevel.spectral_energyband_low.stdev": 0.013431244529783726, "lowlevel.spectral_energyband_middle_high.mean": 0.002537340158596635, "lowlevel.spectral_energyband_middle_high.stdev": 0.007339445408433676, "lowlevel.spectral_energyband_middle_low.mean": 0.01254284754395485, "lowlevel.spectral_energyband_middle_low.stdev": 0.01835406944155693, "lowlevel.spectral_entropy.mean": 6.7621331214904785, "lowlevel.spectral_entropy.stdev": 1.076358675956726, "lowlevel.spectral_flux.mean": 0.06674692779779434, "lowlevel.spectral_flux.stdev": 0.05693439394235611, "lowlevel.spectral_kurtosis.mean": 12.94722843170166, "lowlevel.spectral_kurtosis.stdev": 12.948031425476074, "lowlevel.spectral_rms.mean": 0.004112474154680967, "lowlevel.spectral_rms.stdev": 0.0027826859150081873, "lowlevel.spectral_rolloff.mean": 2362.07958984375, "lowlevel.spectral_rolloff.stdev": 4477.2294921875, "lowlevel.spectral_skewness.mean": 2.6750216484069824, "lowlevel.spectral_skewness.stdev": 1.343207597732544, "lowlevel.spectral_spread.mean": 4343661.5, "lowlevel.spectral_spread.stdev": 2413682.5, "lowlevel.spectral_strongpeak.mean": 0.8239398002624512, "lowlevel.spectral_strongpeak.stdev": 0.9787371158599854, "lowlevel.zerocrossingrate.mean": 0.10642993450164795, "lowlevel.zerocrossingrate.stdev": 0.20774881541728973, "metadata.audio_properties.analysis.equal_loudness": 0.0, "metadata.audio_properties.analysis.length": 14.719977378845215, "metadata.audio_properties.analysis.sample_rate": 44100.0, "metadata.audio_properties.analysis.start_time": 0.0, "metadata.audio_properties.bit_rate": 113925.0, "metadata.audio_properties.length": 14.720000267028809, "metadata.audio_properties.lossless": 0.0, "metadata.audio_properties.number_channels": 1.0, "metadata.audio_properties.replay_gain": 1.7891483306884766, "metadata.audio_properties.sample_rate": 48000.0, "rhythm.beats_count": 25.0, "rhythm.beats_loudness.mean": 0.061028435826301575, "rhythm.beats_loudness.stdev": 0.0468829907476902, "rhythm.bpm": 105.9482650756836, "rhythm.bpm_histogram_first_peak_bpm": 105.0, "rhythm.bpm_histogram_first_peak_weight": 0.5833333730697632, "rhythm.bpm_histogram_second_peak_bpm": 0.0, "rhythm.bpm_histogram_second_peak_spread": 0.0, "rhythm.bpm_histogram_second_peak_weight": 0.0, "rhythm.danceability": 1.9595465660095215, "rhythm.onset_rate": 4.3439717292785645, "tonal.chords_changes_rate": 0.15094339847564697, "tonal.chords_number_rate": 0.028301887214183807, "tonal.chords_strength.mean": 0.5455167889595032, "tonal.chords_strength.stdev": 0.04783707857131958, "tonal.hpcp_crest.mean": 14.56381607055664, "tonal.hpcp_crest.stdev": 8.872962951660156, "tonal.hpcp_entropy.mean": 1.6736443042755127, "tonal.hpcp_entropy.stdev": 0.9691355228424072, "tonal.key_edma.strength": 0.6592010855674744, "tonal.key_krumhansl.strength": 0.6463069319725037, "tonal.key_temperley.strength": 0.6245172023773193, "tonal.tuning_diatonic_strength": 0.5741477012634277, "tonal.tuning_equal_tempered_deviation": 0.19373656809329987, "tonal.tuning_frequency": 431.4430847167969, "tonal.tuning_nontempered_energy_ratio": 0.8376994729042053, "lowlevel.barkbands.mean": [2.6745076411316404e-06, 6.131131522124633e-05, 0.009967190213501453, 0.0030060855206102133, 0.0011592914815992117, 0.002028802176937461, 0.0022279969416558743, 0.0016877384623512626, 0.002186137018725276, 0.0006549372337758541, 0.0003660254005808383, 0.0005338920163922012, 0.00044446400715969503, 0.00033010661718435585, 0.00020164823217783123, 5.4938773246249184e-05, 4.1858114855131134e-05, 2.1364307031035423e-05, 8.410569535044488e-06, 6.222687807166949e-05, 2.188115286116954e-05, 0.0001035879467963241, 1.7945090803550556e-05, 1.4837922208243981e-05, 4.286924740881659e-05, 2.3940263417898677e-05, 3.216777244574587e-08], "lowlevel.barkbands.stdev": [7.991359780135099e-06, 8.832538878777996e-05, 0.010459091514348984, 0.003810655325651169, 0.0035871630534529686, 0.003356545465067029, 0.005648049525916576, 0.004802875220775604, 0.009549286216497421, 0.002846800023689866, 0.001641336944885552, 0.002355642383918166, 0.0018571490654721856, 0.0010072044096887112, 0.0006189541309140623, 0.00015999260358512402, 9.668849816080183e-05, 5.675294960383326e-05, 2.947490975202527e-05, 0.0001400293258484453, 0.00010216933151241392, 0.000499877380207181, 0.00012183857324998826, 9.74834620137699e-05, 0.0003491206734906882, 0.00013820007734466344, 1.5271228903657175e-07], "lowlevel.erbbands.mean": [0.0024394148495048285, 0.15145529806613922, 6.709516525268555, 16.59181785583496, 2.692265033721924, 4.650245666503906, 5.209279537200928, 20.42725944519043, 35.711124420166016, 44.58779525756836, 35.68978500366211, 44.195953369140625, 23.807735443115234, 18.234128952026367, 17.104257583618164, 23.2371768951416, 20.46883201599121, 16.774734497070312, 16.031452178955078, 5.5146260261535645, 2.747144937515259, 2.469363212585449, 1.452017068862915, 0.4555995762348175, 0.9936150312423706, 3.316239833831787, 0.9547551870346069, 1.5392147302627563, 4.1500701904296875, 1.727117657661438, 0.36763516068458557, 0.20917677879333496, 0.31711894273757935, 0.36390388011932373, 0.38310375809669495, 0.1516321450471878, 0.03647436574101448, 0.002925972221419215, 7.247264875331894e-05, 3.189164272043854e-05], "lowlevel.erbbands.stdev": [0.002452437300235033, 0.1581752598285675, 7.017416477203369, 18.057485580444336, 7.541784286499023, 13.114316940307617, 20.713693618774414, 33.69501876831055, 83.31609344482422, 112.59661865234375, 130.3920135498047, 221.56642150878906, 91.39837646484375, 87.3390884399414, 73.29995727539062, 101.0260238647461, 82.76206970214844, 56.178062438964844, 45.58407211303711, 14.372078895568848, 7.287109375, 5.744955539703369, 3.360661268234253, 1.2088375091552734, 2.705981492996216, 7.902678489685059, 2.917797565460205, 7.640585422515869, 17.708770751953125, 11.677411079406738, 2.261732578277588, 1.0496838092803955, 2.263045072555542, 2.5203795433044434, 3.6547858715057373, 0.8893520832061768, 0.22840341925621033, 0.02128659188747406, 0.0004176732909400016, 3.8445145037258044e-05], "lowlevel.gfcc.mean": [-168.47698974609375, 95.32762145996094, -85.66416931152344, 13.995869636535645, -60.30882263183594, 4.744097709655762, -39.05146026611328, 3.012164354324341, -24.8050479888916, 10.511283874511719, -28.385801315307617, -9.038810729980469, -19.085472106933594], "lowlevel.melbands.mean": [9.146096999756992e-06, 0.002601267769932747, 0.0023165063466876745, 0.00018891392392106354, 0.00021114708215463907, 0.00048201470053754747, 0.0005217097350396216, 0.00046932074474170804, 0.000336729281116277, 0.0002583838067948818, 0.00011192543752258644, 7.293844100786373e-05, 5.269934263196774e-05, 5.908560342504643e-05, 6.0769147239625454e-05, 3.9212594856508076e-05, 2.939243131550029e-05, 2.754753950284794e-05, 1.1861087841680273e-05, 4.485234967432916e-06, 2.8017432214255678e-06, 2.608021759442636e-06, 1.9666290427267086e-06, 8.041831165428448e-07, 2.941448826732085e-07, 3.310327088001941e-07, 1.6190806491067633e-06, 2.2914580313226907e-06, 5.786704946331156e-07, 4.631717445136019e-07, 1.0160606507270131e-06, 2.494982481948682e-06, 1.8415239537716843e-06, 6.610333116441325e-07, 2.0776742815087346e-07, 1.0782800785591462e-07, 1.3417501065760007e-07, 2.0923675947415177e-07, 2.617897223444743e-07, 3.099073353496351e-07], "lowlevel.melbands.stdev": [1.25035194287193e-05, 0.002709174994379282, 0.002463498618453741, 0.0005660116439685225, 0.0007832518895156682, 0.0007897240575402975, 0.0011786165414378047, 0.0012061669258400798, 0.0013577536446973681, 0.0012300239177420735, 0.0004532843886408955, 0.00037177259218879044, 0.00023607567709404975, 0.0002548753109294921, 0.00028061377815902233, 0.0001572293258504942, 9.88972169579938e-05, 8.071288903011009e-05, 3.614639354054816e-05, 1.3004722859477624e-05, 7.812766853021458e-06, 6.584604307136033e-06, 4.522327799350023e-06, 2.227835693702218e-06, 8.480057545057207e-07, 1.2598706007338478e-06, 3.883928911818657e-06, 5.506828529178165e-06, 1.7699701402307255e-06, 2.157166591132409e-06, 5.503814463736489e-06, 9.838223377300892e-06, 1.122223420679802e-05, 5.127184522280004e-06, 1.4098333167567034e-06, 3.778313839575276e-07, 7.353891078309971e-07, 1.5492962575081037e-06, 1.8297920405530022e-06, 2.0633128769986797e-06], "lowlevel.melbands128.mean": [1.2015797210551682e-06, 1.3601335240309709e-06, 2.2617291506321635e-06, 4.208739846944809e-05, 0.001682547153905034, 0.006055119913071394, 0.004070738330483437, 0.0007452137651853263, 0.00012615528248716146, 0.00010234075307380408, 0.0002837016072589904, 0.00038319898885674775, 0.00016052268620114774, 4.430809713085182e-05, 0.00025278818793594837, 0.0009401134448125958, 0.0008420231752097607, 0.00031877614674158394, 0.00025622552493587136, 0.0006593654397875071, 0.0004902176442556083, 0.00015549831732641906, 0.0002702561323530972, 0.0006197470356710255, 0.0003087081713601947, 9.550873801345006e-05, 0.00017079352983273566, 0.00011257138248765841, 6.466526247095317e-05, 9.827577014220878e-05, 6.763084820704535e-05, 4.122861355426721e-05, 5.910570325795561e-05, 5.479346509673633e-05, 4.819069727091119e-05, 7.216739322757348e-05, 5.211347888689488e-05, 7.853385613998398e-05, 4.940288272337057e-05, 3.6668025131803006e-05, 4.260973582859151e-05, 3.074264895985834e-05, 3.4886230423580855e-05, 2.053599018836394e-05, 3.2520565582672134e-05, 2.7699416023097e-05, 2.7216330636292696e-05, 9.801648957363795e-06, 7.662939424335491e-06, 5.301130386214936e-06, 3.690408902912168e-06, 4.2182673496427014e-06, 3.029376102858805e-06, 1.9457786493148888e-06, 2.579967031124397e-06, 2.9136097055015853e-06, 2.475943347235443e-06, 2.2220642676984426e-06, 1.946851853062981e-06, 1.1491202940305811e-06, 8.233542416746786e-07, 4.278451513073378e-07, 3.327594981783477e-07, 2.425148863949289e-07, 2.5661401537036e-07, 2.4548751298425486e-07, 3.864532516217878e-07, 7.308797194127692e-07, 1.6284773209918058e-06, 3.3037301818694687e-06, 2.9685731988138286e-06, 1.4792487945669563e-06, 7.717089260950161e-07, 4.009354768186313e-07, 3.5051610325353977e-07, 3.820121889930306e-07, 5.417300599219743e-07, 6.45592194814526e-07, 8.0284559089705e-07, 1.6001732774384436e-06, 2.450201009196462e-06, 3.0087392133282265e-06, 2.5827846457104897e-06, 1.8623067035150598e-06, 1.1011125025106594e-06, 6.584559741895646e-07, 6.400742904588697e-07, 3.140049500416353e-07, 1.827469446880059e-07, 1.221493874936641e-07, 1.0310832720961116e-07, 1.2089135736914614e-07, 8.174140475603053e-08, 1.0538530403891855e-07, 1.931163353674492e-07, 1.9183056565452716e-07, 2.152025899704313e-07, 2.2071125727052276e-07, 2.649961174938653e-07, 2.652425052929175e-07, 3.246089761432813e-07, 3.216497646008065e-07, 2.973106063564046e-07, 3.0779705184613704e-07, 7.618569384248985e-07, 3.4016557037830353e-07, 3.1136727329794667e-07, 2.8511371397144103e-07, 2.844335256213526e-07, 2.2371298769030545e-07, 1.554893600541618e-07, 1.4151821403629583e-07, 1.1493033724718771e-07, 7.559144421520614e-08, 4.482995663579459e-08, 3.366998413412148e-08, 2.5738038367251193e-09, 1.8646457641824377e-11, 1.0005316020134103e-11, 7.426177728309113e-12, 7.391079935581413e-12, 5.322611275337952e-12, 5.016481587766242e-12, 4.873282333228701e-12, 4.1324122942998365e-12, 2.954581891645436e-12, 2.3061689276987485e-12, 2.2069761382997877e-12], "lowlevel.melbands128.stdev": [2.830568291756208e-06, 2.129335371137131e-06, 3.8232624319789466e-06, 6.203598604770377e-05, 0.001840016571804881, 0.006372420582920313, 0.004519845824688673, 0.0010552607709541917, 0.0009810790652409196, 0.0005425714771263301, 0.0008485992439091206, 0.0013926035026088357, 0.0008850675076246262, 0.00012191956921014935, 0.0004982319660484791, 0.0016394673148170114, 0.0018415357917547226, 0.0015238785417750478, 0.0011408781865611672, 0.0017527831951156259, 0.0013940759235993028, 0.001028947765007615, 0.0013116145273670554, 0.0029478720389306545, 0.002228913363069296, 0.00043841663864441216, 0.0008320125052705407, 0.0005054200883023441, 0.0003414493694435805, 0.0006671158480457962, 0.0003276921052020043, 0.00022279245604295284, 0.00031138196936808527, 0.0002997248957399279, 0.00024259882047772408, 0.0003664424584712833, 0.0002766214602161199, 0.0004193763015791774, 0.00024217063037212938, 0.00016353957471437752, 0.00019610932213254273, 0.00015228698612190783, 0.0001516248594271019, 7.058586197672412e-05, 0.00011115630331914872, 8.945037552621216e-05, 0.00010529680002946407, 3.708408257807605e-05, 2.8604968974832445e-05, 1.7165810277219862e-05, 1.2554785826068837e-05, 1.6021453120629303e-05, 9.291491551266517e-06, 6.3254251472244505e-06, 7.216639005491743e-06, 9.37759796215687e-06, 6.2290250752994325e-06, 5.13292297910084e-06, 6.249350462894654e-06, 2.8486263090599095e-06, 2.953143621198251e-06, 1.3756267662756727e-06, 1.3089247659081593e-06, 7.133397161851462e-07, 7.908596444394789e-07, 1.0498516758161713e-06, 1.9562528450478567e-06, 2.6391257961222436e-06, 3.755659236048814e-06, 9.735673302202486e-06, 7.854909199522808e-06, 3.6330970942799468e-06, 2.573837264208123e-06, 1.4927686606824864e-06, 1.5682076082157437e-06, 1.7867840824692394e-06, 2.886819174818811e-06, 3.793886207859032e-06, 4.679407084040577e-06, 9.502095053903759e-06, 1.0366590686317068e-05, 1.0449253750266507e-05, 1.3953984307590872e-05, 1.5127831829886418e-05, 9.43025133892661e-06, 4.756324415211566e-06, 5.873383997823112e-06, 2.4694788862689165e-06, 1.3128059208611376e-06, 6.672288463960285e-07, 3.144602089832915e-07, 4.17439707689482e-07, 4.332359537784214e-07, 5.100200723973103e-07, 1.3758698287347215e-06, 1.4495511777568026e-06, 1.804418957362941e-06, 1.5142500160436612e-06, 1.9846966097247787e-06, 1.8581599761091638e-06, 2.3307559331442462e-06, 2.0393736122059636e-06, 2.339801312700729e-06, 1.8769206917568226e-06, 1.0280274182150606e-05, 2.357021003263071e-06, 2.246245230708155e-06, 2.206573299190495e-06, 1.3131956393408473e-06, 1.107708840208943e-06, 8.450135169368878e-07, 8.810648637336271e-07, 9.278337529394776e-07, 5.404723992796789e-07, 3.8106850297481287e-07, 2.852010823062301e-07, 1.7252119732802385e-08, 9.252688198957415e-11, 6.870620045118514e-11, 3.0366629349964924e-11, 4.558615290806145e-11, 8.813659871376167e-12, 5.109801037156414e-12, 5.024583613760791e-12, 4.890053639794445e-12, 4.796695159126063e-12, 4.737498154189224e-12, 4.709743879616202e-12], "lowlevel.mfcc.mean": [-815.1190185546875, 142.98619079589844, 19.691600799560547, 14.341178894042969, -3.704055070877075, 2.854128360748291, -9.201150894165039, -12.007508277893066, 3.6785998344421387, -5.0942487716674805, 5.057533264160156, -9.565435409545898, 5.608227729797363], "lowlevel.spectral_contrast_coeffs.mean": [-0.6112178564071655, -0.7303860187530518, -0.8134495615959167, -0.7889442443847656, -0.7982466816902161, -0.7806351184844971], "lowlevel.spectral_contrast_coeffs.stdev": [0.13823138177394867, 0.12155459076166153, 0.07745455950498581, 0.08185677975416183, 0.06156181916594505, 0.06179264187812805], "lowlevel.spectral_contrast_valleys.mean": [-8.868757247924805, -7.934422492980957, -8.878289222717285, -9.432968139648438, -9.762252807617188, -12.081062316894531], "lowlevel.spectral_contrast_valleys.stdev": [2.524653911590576, 2.4087440967559814, 2.126209020614624, 1.9228968620300293, 1.7047315835952759, 1.547255516052246], "rhythm.beats_loudness_band_ratio.mean": [0.3999585211277008, 0.11799284815788269, 0.28720322251319885, 0.10960691422224045, 0.07889530062675476, 0.04189181700348854], "rhythm.beats_loudness_band_ratio.stdev": [0.2622508108615875, 0.09991009533405304, 0.23453649878501892, 0.15593665838241577, 0.2023744434118271, 0.16419477760791779], "tonal.hpcp.mean": [0.08471278101205826, 0.09232760965824127, 0.08794306218624115, 0.057137519121170044, 0.0461576022207737, 0.05050884187221527, 0.059681687504053116, 0.12857449054718018, 0.34984079003334045, 0.512035071849823, 0.3927077054977417, 0.19294926524162292, 0.10169314593076706, 0.08138322830200195, 0.053006164729595184, 0.035857051610946655, 0.031743764877319336, 0.023816091939806938, 0.02875182405114174, 0.05504043772816658, 0.06439567357301712, 0.04836864769458771, 0.03698451817035675, 0.030462810769677162, 0.02966686710715294, 0.030934669077396393, 0.032243844121694565, 0.04278010129928589, 0.06490790843963623, 0.09632379561662674, 0.11016741394996643, 0.09863830357789993, 0.09556644409894943, 0.08330651372671127, 0.08110067248344421, 0.09082745015621185], "tonal.hpcp.stdev": [0.20238876342773438, 0.21281036734580994, 0.21202951669692993, 0.13919179141521454, 0.12784896790981293, 0.13883744180202484, 0.13978931307792664, 0.2399861216545105, 0.3646047115325928, 0.4207029640674591, 0.37575849890708923, 0.3111749291419983, 0.23346427083015442, 0.22311872243881226, 0.15199482440948486, 0.1218213364481926, 0.11234034597873688, 0.07825198024511337, 0.08274964243173599, 0.15918172895908356, 0.17235755920410156, 0.11460726708173752, 0.11480230838060379, 0.08645795285701752, 0.09253925085067749, 0.08788396418094635, 0.08681558817625046, 0.1160130724310875, 0.13940957188606262, 0.1716325879096985, 0.18720652163028717, 0.17914903163909912, 0.19674521684646606, 0.18236590921878815, 0.19450946152210236, 0.21656152606010437], "rhythm.beats_position": [0.5688889026641846, 1.1493877172470093, 1.7414965629577637, 2.2987754344940186, 2.8560543060302734, 3.4133331775665283, 3.9706122875213623, 4.527891159057617, 5.096779823303223, 5.665668964385986, 6.2461676597595215, 6.8034467697143555, 7.360725402832031, 7.929614543914795, 8.498503684997559, 9.079002380371094, 9.63628101348877, 10.193559646606445, 10.750839233398438, 11.319727897644043, 11.888616561889648, 12.457505226135254, 13.02639389038086, 13.595283508300781, 14.164172172546387], "rhythm.bpm_histogram": [0.0, 0.0, 0.0, 0.0, 0.0, 0.0, 0.0, 0.0, 0.0, 0.0, 0.0, 0.0, 0.0, 0.0, 0.0, 0.0, 0.0, 0.0, 0.0, 0.0, 0.0, 0.0, 0.0, 0.0, 0.0, 0.0, 0.0, 0.0, 0.0, 0.0, 0.0, 0.0, 0.0, 0.0, 0.0, 0.0, 0.0, 0.0, 0.0, 0.0, 0.0, 0.0, 0.0, 0.0, 0.0, 0.0, 0.0, 0.0, 0.0, 0.0, 0.0, 0.0, 0.0, 0.0, 0.0, 0.0, 0.0, 0.0, 0.0, 0.0, 0.0, 0.0, 0.0, 0.0, 0.0, 0.0, 0.0, 0.0, 0.0, 0.0, 0.0, 0.0, 0.0, 0.0, 0.0, 0.0, 0.0, 0.0, 0.0, 0.0, 0.0, 0.0, 0.0, 0.0, 0.0, 0.0, 0.0, 0.0, 0.0, 0.0, 0.0, 0.0, 0.0, 0.0, 0.0, 0.0, 0.0, 0.0, 0.0, 0.0, 0.0, 0.0416666679084301, 0.0, 0.125, 0.0, 0.4166666567325592, 0.0, 0.0, 0.4166666567325592, 0.0, 0.0, 0.0, 0.0, 0.0, 0.0, 0.0, 0.0, 0.0, 0.0, 0.0, 0.0, 0.0, 0.0, 0.0, 0.0, 0.0, 0.0, 0.0, 0.0, 0.0, 0.0, 0.0, 0.0, 0.0, 0.0, 0.0, 0.0, 0.0, 0.0, 0.0, 0.0, 0.0, 0.0, 0.0, 0.0, 0.0, 0.0, 0.0, 0.0, 0.0, 0.0, 0.0, 0.0, 0.0, 0.0, 0.0, 0.0, 0.0, 0.0, 0.0, 0.0, 0.0, 0.0, 0.0, 0.0, 0.0, 0.0, 0.0, 0.0, 0.0, 0.0, 0.0, 0.0, 0.0, 0.0, 0.0, 0.0, 0.0, 0.0, 0.0, 0.0, 0.0, 0.0, 0.0, 0.0, 0.0, 0.0, 0.0, 0.0, 0.0, 0.0, 0.0, 0.0, 0.0, 0.0, 0.0, 0.0, 0.0, 0.0, 0.0, 0.0, 0.0, 0.0, 0.0, 0.0, 0.0, 0.0, 0.0, 0.0, 0.0, 0.0, 0.0, 0.0, 0.0, 0.0, 0.0, 0.0, 0.0, 0.0, 0.0, 0.0, 0.0, 0.0, 0.0, 0.0, 0.0, 0.0, 0.0, 0.0, 0.0, 0.0, 0.0, 0.0, 0.0, 0.0, 0.0, 0.0, 0.0, 0.0, 0.0, 0.0, 0.0, 0.0, 0.0, 0.0, 0.0, 0.0, 0.0, 0.0, 0.0], "tonal.chords_histogram": [10.06289291381836, 13.207547187805176, 16.66666603088379, 0.0, 0.0, 0.0, 0.0, 8.805031776428223, 25.1572322845459, 15.723270416259766, 2.830188751220703, 0.0, 0.0, 0.0, 1.257861614227295, 0.0, 0.31446540355682373, 0.31446540355682373, 0.0, 0.6289308071136475, 0.0, 0.31446540355682373, 0.0, 4.716980934143066], "tonal.thpcp": [1.0, 0.7669547200202942, 0.37682822346687317, 0.19860582053661346, 0.15894073247909546, 0.10352057218551636, 0.07002850621938705, 0.06199529394507408, 0.04651261866092682, 0.05615206062793732, 0.10749348998069763, 0.12576419115066528, 0.0944635421037674, 0.07223043590784073, 0.05949360132217407, 0.05793913081288338, 0.06041513755917549, 0.06297194212675095, 0.08354916423559189, 0.12676458060741425, 0.1881195306777954, 0.21515598893165588, 0.19263973832130432, 0.1866404265165329, 0.16269688308238983, 0.1583888977766037, 0.17738521099090576, 0.1654433161020279, 0.1803150177001953, 0.17175203561782837, 0.11158907413482666, 0.09014539420604706, 0.09864332526922226, 0.11655781418085098, 0.25110486149787903, 0.6832360029220581], "lowlevel.gfcc.cov": [[45839.9296875, 10669.3955078125, 475.4878234863281, 718.3556518554688, -1051.8331298828125, -698.2094116210938, -819.4928588867188, -60.5323600769043, -653.3840942382812, 543.7540283203125, -1276.177490234375, -889.6875, -789.3939819335938], [10669.3955078125, 6576.310546875, 1463.550537109375, -290.5890808105469, -144.94540405273438, -693.3829956054688, -7.011992931365967, -181.37745666503906, -120.55464935302734, -384.3111572265625, 5.545051097869873, -440.3685302734375, -140.90992736816406], [475.4878234863281, 1463.550537109375, 1558.375732421875, 370.98809814453125, 34.8624153137207, -380.85400390625, -33.360328674316406, 33.90601348876953, 22.482309341430664, -424.8094482421875, 170.1011505126953, 80.23460388183594, 38.12299728393555], [718.3556518554688, -290.5890808105469, 370.98809814453125, 1004.4263305664062, 130.99163818359375, -237.64047241210938, -333.7218933105469, 66.3813247680664, 217.5958251953125, -124.9543228149414, -94.94596862792969, 135.18345642089844, 35.36960983276367], [-1051.8331298828125, -144.94540405273438, 34.8624153137207, 130.99163818359375, 322.787841796875, 28.47794532775879, -62.08317565917969, 17.245580673217773, 115.52225494384766, -23.420198440551758, -55.30133056640625, -8.526893615722656, 1.6437370777130127], [-698.2094116210938, -693.3829956054688, -380.85400390625, -237.64047241210938, 28.47794532775879, 450.1507873535156, 119.6003646850586, -68.1487808227539, -116.41742706298828, 154.7742919921875, -42.829715728759766, -58.313961029052734, -53.416748046875], [-819.4928588867188, -7.011992931365967, -33.360328674316406, -333.7218933105469, -62.08317565917969, 119.6003646850586, 337.605712890625, 5.681323051452637, -166.75657653808594, -22.79165267944336, 77.80207061767578, -27.245037078857422, -31.271268844604492], [-60.5323600769043, -181.37745666503906, 33.90601348876953, 66.3813247680664, 17.245580673217773, -68.1487808227539, 5.681323051452637, 163.33914184570312, 40.59859848022461, -40.07422637939453, -28.618946075439453, 41.04856872558594, 9.584512710571289], [-653.3840942382812, -120.55464935302734, 22.482309341430664, 217.5958251953125, 115.52225494384766, -116.41742706298828, -166.75657653808594, 40.59859848022461, 254.14315795898438, -6.506058216094971, -66.31878662109375, 8.933594703674316, 46.18132781982422], [543.7540283203125, -384.3111572265625, -424.8094482421875, -124.9543228149414, -23.420198440551758, 154.7742919921875, -22.79165267944336, -40.07422637939453, -6.506058216094971, 281.5076599121094, -89.73158264160156, -72.39022827148438, -54.433475494384766], [-1276.177490234375, 5.545051097869873, 170.1011505126953, -94.94596862792969, -55.30133056640625, -42.829715728759766, 77.80207061767578, -28.618946075439453, -66.31878662109375, -89.73158264160156, 200.17575073242188, 61.56427001953125, 20.83502769470215], [-889.6875, -440.3685302734375, 80.23460388183594, 135.18345642089844, -8.526893615722656, -58.313961029052734, -27.245037078857422, 41.04856872558594, 8.933594703674316, -72.39022827148438, 61.56427001953125, 172.7146453857422, 40.51466369628906], [-789.3939819335938, -140.90992736816406, 38.12299728393555, 35.36960983276367, 1.6437370777130127, -53.416748046875, -31.271268844604492, 9.584512710571289, 46.18132781982422, -54.433475494384766, 20.83502769470215, 40.51466369628906, 87.23503112792969]], "lowlevel.gfcc.icov": [[0.00012666026304941624, -0.00025692523922771215, 9.147666423814371e-05, -0.00020919687813147902, 0.00034587024128995836, -7.845433719921857e-05, 0.00031927647069096565, -0.0003066716599278152, 0.0005407895077951252, -0.0002659200399648398, 0.0006380470003932714, -0.00022059508773963898, 0.00036741941585205495], [-0.00025692523922771215, 0.001020336989313364, -0.0005093053914606571, 0.0008359709172509611, -0.0006054241093806922, 0.0010455228621140122, -0.0003068505320698023, 0.0012720326194539666, -0.0007332131499424577, 0.0012350492179393768, -0.0006759062525816262, 0.0015838908730074763, 0.00019333211821503937], [9.147666423814371e-05, -0.0005093053914606571, 0.0015999574679881334, -0.0007539395592175424, 8.54451282066293e-05, -9.186651732306927e-05, 5.873580448678695e-05, -0.000475612236186862, 0.000355193653376773, 0.001009051688015461, -0.0005626128986477852, -0.00036757130874320865, 0.0003737131482921541], [-0.00020919687813147902, 0.0008359709172509611, -0.0007539395592175424, 0.0028496920131146908, -0.0006836206302978098, 0.0010335848201066256, 0.0012355445651337504, 0.0011325456434860826, -0.0010729471687227488, 0.001648813602514565, 0.0007248242036439478, -0.00037743226857855916, 0.0011946456506848335], [0.00034587024128995836, -0.0006054241093806922, 8.54451282066293e-05, -0.0006836206302978098, 0.00530809024348855, -0.00133323238696903, 0.000834248960018158, -0.0007104875985532999, -0.0009556255536153913, 0.0005798416095785797, 0.0023599001578986645, -0.0002343664673389867, 0.002265337621793151], [-7.845433719921857e-05, 0.0010455228621140122, -9.186651732306927e-05, 0.0010335848201066256, -0.00133323238696903, 0.005810672417283058, -0.0006125972722657025, 0.002640464110299945, 0.0019209671299904585, 0.00021920178551226854, 0.001566387014463544, 0.0017214100807905197, 0.001619686488993466], [0.00031927647069096565, -0.0003068505320698023, 5.873580448678695e-05, 0.0012355445651337504, 0.000834248960018158, -0.0006125972722657025, 0.007569789420813322, -0.002238359535112977, 0.004035171587020159, 0.0013853537384420633, 0.0008314225124195218, 0.0009072180255316198, 0.0025438712909817696], [-0.0003066716599278152, 0.0012720326194539666, -0.000475612236186862, 0.0011325456434860826, -0.0007104875985532999, 0.002640464110299945, -0.002238359535112977, 0.009971968829631805, -0.0022567666601389647, 0.002527827164158225, 0.0020910927560180426, -0.0007632469059899449, 0.001387573080137372], [0.0005407895077951252, -0.0007332131499424577, 0.000355193653376773, -0.0010729471687227488, -0.0009556255536153913, 0.0019209671299904585, 0.004035171587020159, -0.0022567666601389647, 0.011376599781215191, -0.0016814327100291848, 0.0037542337086051702, 0.0011108048493042588, -0.0016065901145339012], [-0.0002659200399648398, 0.0012350492179393768, 0.001009051688015461, 0.001648813602514565, 0.0005798416095785797, 0.00021920178551226854, 0.0013853537384420633, 0.002527827164158225, -0.0016814327100291848, 0.010262381285429, 0.0009553518611937761, 0.0027014061342924833, 0.004632259253412485], [0.0006380470003932714, -0.0006759062525816262, -0.0005626128986477852, 0.0007248242036439478, 0.0023599001578986645, 0.001566387014463544, 0.0008314225124195218, 0.0020910927560180426, 0.0037542337086051702, 0.0009553518611937761, 0.013382583856582642, -0.0036681315395981073, 0.002732896478846669], [-0.00022059508773963898, 0.0015838908730074763, -0.00036757130874320865, -0.00037743226857855916, -0.0002343664673389867, 0.0017214100807905197, 0.0009072180255316198, -0.0007632469059899449, 0.0011108048493042588, 0.0027014061342924833, -0.0036681315395981073, 0.012818392366170883, -0.0016360869631171227], [0.00036741941585205495, 0.00019333211821503937, 0.0003737131482921541, 0.0011946456506848335, 0.002265337621793151, 0.001619686488993466, 0.0025438712909817696, 0.001387573080137372, -0.0016065901145339012, 0.004632259253412485, 0.002732896478846669, -0.0016360869631171227, 0.020009340718388557]], "lowlevel.mfcc.cov": [[25124.767578125, 4976.83935546875, -62.54540252685547, 431.1903076171875, -697.7913208007812, -244.10328674316406, -451.68255615234375, -838.056884765625, 396.84967041015625, -207.61248779296875, 436.6197204589844, -422.6962585449219, 469.9034423828125], [4976.83935546875, 5397.99267578125, 963.8043212890625, 16.61818504333496, -326.665283203125, -413.4468994140625, 75.41619873046875, -158.3768310546875, -139.62083435058594, -244.05409240722656, 26.095243453979492, -88.531005859375, 128.91061401367188], [-62.54540252685547, 963.8043212890625, 1229.4488525390625, 515.4224853515625, 148.4251708984375, -260.2861328125, -62.15898132324219, 217.07859802246094, -169.783203125, -220.90869140625, -201.8293914794922, 90.22904205322266, 25.426265716552734], [431.1903076171875, 16.61818504333496, 515.4224853515625, 909.244873046875, 404.51605224609375, -217.4033660888672, -360.4692687988281, 166.35562133789062, 48.66810607910156, -161.9256134033203, -127.2396469116211, 74.87932586669922, 90.8856201171875], [-697.7913208007812, -326.665283203125, 148.4251708984375, 404.51605224609375, 549.4710083007812, 3.252751111984253, -304.23291015625, 68.89785766601562, 93.49363708496094, 10.218327522277832, -85.667236328125, 47.99626922607422, 5.226455211639404], [-244.10328674316406, -413.4468994140625, -260.2861328125, -217.4033660888672, 3.252751111984253, 366.84075927734375, 99.79622650146484, -109.91119384765625, 31.49770736694336, 96.58084869384766, 92.98506164550781, -30.694286346435547, -93.49140930175781], [-451.68255615234375, 75.41619873046875, -62.15898132324219, -360.4692687988281, -304.23291015625, 99.79622650146484, 449.4253845214844, 46.20407485961914, -120.875, 8.407755851745605, 44.85192108154297, -13.989663124084473, -53.28268051147461], [-838.056884765625, -158.3768310546875, 217.07859802246094, 166.35562133789062, 68.89785766601562, -109.91119384765625, 46.20407485961914, 274.65960693359375, -35.59609603881836, -85.52558135986328, -90.96251678466797, 37.378509521484375, 14.154582977294922], [396.84967041015625, -139.62083435058594, -169.783203125, 48.66810607910156, 93.49363708496094, 31.49770736694336, -120.875, -35.59609603881836, 229.99270629882812, 74.12602996826172, 37.30743408203125, -25.429340362548828, 12.49757194519043], [-207.61248779296875, -244.05409240722656, -220.90869140625, -161.9256134033203, 10.218327522277832, 96.58084869384766, 8.407755851745605, -85.52558135986328, 74.12602996826172, 184.62603759765625, 46.1705436706543, -44.03699493408203, -52.04435348510742], [436.6197204589844, 26.095243453979492, -201.8293914794922, -127.2396469116211, -85.667236328125, 92.98506164550781, 44.85192108154297, -90.96251678466797, 37.30743408203125, 46.1705436706543, 156.10362243652344, -9.748381614685059, -17.50669288635254], [-422.6962585449219, -88.531005859375, 90.22904205322266, 74.87932586669922, 47.99626922607422, -30.694286346435547, -13.989663124084473, 37.378509521484375, -25.429340362548828, -44.03699493408203, -9.748381614685059, 127.92710876464844, 28.969194412231445], [469.9034423828125, 128.91061401367188, 25.426265716552734, 90.8856201171875, 5.226455211639404, -93.49140930175781, -53.28268051147461, 14.154582977294922, 12.49757194519043, -52.04435348510742, -17.50669288635254, 28.969194412231445, 129.48968505859375]], "lowlevel.mfcc.icov": [[7.152522448450327e-05, -5.1910392357967794e-05, 1.467881247663172e-05, -0.00011591373913688585, 0.0001312882814090699, -5.755361053161323e-05, 4.2289324483135715e-05, 0.00014455776545219123, -9.492915705777705e-05, 7.034934969851747e-05, -9.598031465429813e-05, 0.00019936906755901873, -0.00019479914044495672], [-5.1910392357967794e-05, 0.00036171593819744885, -0.0003937192668672651, 0.00027196804876439273, -0.00018470207578502595, 0.000450948195066303, -0.00020654677064158022, 0.00039584896876476705, -8.666749636176974e-05, 0.000337066943757236, -0.000347750261425972, 0.00032145032309927046, -5.5612144933547825e-05], [1.467881247663172e-05, -0.0003937192668672651, 0.0020493431948125362, -0.0010139987571164966, 7.671276398468763e-05, 3.372726132511161e-05, -0.00020879480871371925, -0.0004201061965432018, 0.0007737355190329254, 0.0002568386262282729, 0.0014876535860821605, -0.0008801710209809244, 0.0010558386566117406], [-0.00011591373913688585, 0.00027196804876439273, -0.0010139987571164966, 0.00345745705999434, -0.0015504811890423298, 0.0007111755548976362, 0.0012371359625831246, -0.0008153123199008405, -0.00042999471770599484, 0.001614028587937355, -0.0007244215812534094, 0.00011368104605935514, -0.00033664522925391793], [0.0001312882814090699, -0.00018470207578502595, 7.671276398468763e-05, -0.0015504811890423298, 0.0052026198245584965, -0.0022075220476835966, 0.002866083523258567, -0.0014328351244330406, -0.0002793947351165116, -0.0018260484794154763, 0.001553056761622429, -0.001173636526800692, 7.835203723516315e-05], [-5.755361053161323e-05, 0.000450948195066303, 3.372726132511161e-05, 0.0007111755548976362, -0.0022075220476835966, 0.005941250827163458, -0.0022963681258261204, 0.0023530430626124144, -0.0005936173838563263, 0.0009225277462974191, -0.0018304354744032025, 0.0004905495443381369, 0.0025015531573444605], [4.2289324483135715e-05, -0.00020654677064158022, -0.00020879480871371925, 0.0012371359625831246, 0.002866083523258567, -0.0022963681258261204, 0.00662434846162796, -0.0035049819853156805, 0.0018201818456873298, -0.0009797185193747282, -0.0005224017659202218, -0.0004792611871380359, 2.7270487407804467e-05], [0.00014455776545219123, 0.00039584896876476705, -0.0004201061965432018, -0.0008153123199008405, -0.0014328351244330406, 0.0023530430626124144, -0.0035049819853156805, 0.00807766243815422, -0.00157670967746526, 0.00274124788120389, 0.001503077568486333, 0.000513083185069263, 0.0005099523696117103], [-9.492915705777705e-05, -8.666749636176974e-05, 0.0007737355190329254, -0.00042999471770599484, -0.0002793947351165116, -0.0005936173838563263, 0.0018201818456873298, -0.00157670967746526, 0.007308295927941799, -0.0029573242645710707, -0.0012733365874737501, 0.0005418530199676752, -0.0011026820866391063], [7.034934969851747e-05, 0.000337066943757236, 0.0002568386262282729, 0.001614028587937355, -0.0018260484794154763, 0.0009225277462974191, -0.0009797185193747282, 0.00274124788120389, -0.0029573242645710707, 0.011066440492868423, -0.0004420224286150187, 0.0019604871049523354, 0.002497732639312744], [-9.598031465429813e-05, -0.000347750261425972, 0.0014876535860821605, -0.0007244215812534094, 0.001553056761622429, -0.0018304354744032025, -0.0005224017659202218, 0.001503077568486333, -0.0012733365874737501, -0.0004420224286150187, 0.011447321623563766, -0.0025061089545488358, 0.0012008707271888852], [0.00019936906755901873, 0.00032145032309927046, -0.0008801710209809244, 0.00011368104605935514, -0.001173636526800692, 0.0004905495443381369, -0.0004792611871380359, 0.000513083185069263, 0.0005418530199676752, 0.0019604871049523354, -0.0025061089545488358, 0.010840731672942638, -0.0028306366875767708], [-0.00019479914044495672, -5.5612144933547825e-05, 0.0010558386566117406, -0.00033664522925391793, 7.835203723516315e-05, 0.0025015531573444605, 2.7270487407804467e-05, 0.0005099523696117103, -0.0011026820866391063, 0.002497732639312744, 0.0012008707271888852, -0.0028306366875767708, 0.012178216129541397]], "metadata.audio_properties.analysis.downmix": "mix", "metadata.audio_properties.codec": "mp3", "metadata.audio_properties.md5_encoded": "4c28179e60ccfad0a35a87abcbf03924", "metadata.tags.file_name": "1183648949358313513.mp3", "metadata.version.essentia": "2.1-beta6-dev", "metadata.version.essentia_git_sha": "v2.1_beta5-1110-g77a6a954", "metadata.version.extractor": "music 2.0", "tonal.chords_key": "A", "tonal.chords_scale": "minor", "tonal.key_edma.key": "F", "tonal.key_edma.scale": "minor", "tonal.key_krumhansl.key": "F", "tonal.key_krumhansl.scale": "minor", "tonal.key_temperley.key": "F", "tonal.key_temperley.scale": "minor", "metadata.tags.encoding": ["Lavf58.45.100"]}, "essentia_models": [{"model_name": "genre_dortmund", "activations": {"alternative": "0.13088885", "blues": "0.019792454", "electronic": "0.09651431", "folkcountry": "0.09664105", "funksoulrnb": "0.15295896", "jazz": "0.08317598", "pop": "0.07478174", "raphiphop": "0.62938225", "rock": "0.15263148"}}, {"model_name": "genre_rosamerica", "activations": {"classic": "0.04612922", "dance": "0.0066070287", "hip hop": "0.12622926", "jazz": "0.010673975", "pop": "0.017783737", "rhythm and blues": "0.07094416", "rock": "0.061247926", "speech": "0.56059897"}}, {"model_name": "genre_tzanetakis", "activations": {"blues