{"song_id": "1183702110907412480", "download": "https://cdn.discordapp.com/attachments/1128313332273782784/1183702110907412480/chirp.mp4?ex=65894b7f&amp", "lyrics": "[Verse]\n \u0e44\u0e21\u0e48\u0e40\u0e1b\u0e47\u0e19\u0e44\u0e23\u0e19\u0e30\u0e40\u0e18\u0e2d \u0e40\u0e18\u0e2d\u0e04\u0e19\u0e17\u0e35\u0e48\u0e14\u0e35\u0e1e\u0e23\u0e49\u0e2d\u0e21 \n\u0e2d\u0e22\u0e48\u0e32\u0e04\u0e34\u0e14\u0e27\u0e48\u0e32\u0e40\u0e18\u0e2d \u0e44\u0e21\u0e48\u0e40\u0e2b\u0e25\u0e37\u0e2d\u0e43\u0e04\u0e23 \u0e40\u0e18\u0e2d\u0e22\u0e31\u0e07\u0e21\u0e35\u0e09\u0e31\u0e19\u0e2d\u0e22\u0e39\u0e48\n\u0e27\u0e31\u0e19\u0e19\u0e35\u0e49\u0e40\u0e1b\u0e47\u0e19\u0e22\u0e31\u0e07\u0e44\u0e07  \u0e40\u0e2b\u0e19\u0e37\u0e48\u0e2d\u0e22\u0e44\u0e2b\u0e21 \n\u0e27\u0e31\u0e19\u0e44\u0e2b\u0e19\u0e17\u0e35\u0e48\u0e40\u0e18\u0e2d\u0e40\u0e2b\u0e19\u0e37\u0e48\u0e2d\u0e22 \u0e40\u0e18\u0e2d\u0e44\u0e21\u0e48\u0e44\u0e2b\u0e27\n \u0e09\u0e31\u0e19\u0e22\u0e31\u0e07\u0e2d\u0e22\u0e39\u0e48\u0e15\u0e23\u0e07\u0e19\u0e35\u0e49\u0e19\u0e30\u0e40\u0e18\u0e2d \n(\u0e42\u0e2d\u0e49\u0e27\u0e27\u0e27 \u0e42\u0e2d\u0e49\u0e27\u0e27\u0e27)\n\n [Chorus] \n\u0e40\u0e18\u0e2d\u0e44\u0e21\u0e48\u0e15\u0e49\u0e2d\u0e07\u0e2b\u0e27\u0e32\u0e14\u0e01\u0e25\u0e31\u0e27\n \u0e27\u0e31\u0e19\u0e19\u0e35\u0e49\u0e2d\u0e32\u0e08\u0e08\u0e30\u0e42\u0e2b\u0e14\u0e23\u0e49\u0e32\u0e22 \u0e41\u0e15\u0e48\u0e21\u0e31\u0e19\u0e01\u0e47\u0e41\u0e04\u0e48\u0e27\u0e31\u0e19\u0e41\u0e22\u0e48\u0e46\u0e27\u0e49\u0e19\u0e19\u0e36\u0e07\n \u0e22\u0e34\u0e49\u0e21\u0e43\u0e2b\u0e49\u0e21\u0e32\u0e01\u0e46\u0e2b\u0e19\u0e48\u0e2d\u0e22\u0e2a\u0e34\u0e40\u0e18\u0e2d\n \u0e23\u0e2d\u0e22\u0e22\u0e34\u0e49\u0e21\u0e02\u0e2d\u0e07\u0e40\u0e18\u0e2d\u0e21\u0e31\u0e19\u0e17\u0e33\u0e43\u0e2b\u0e49\u0e42\u0e25\u0e01\u0e19\u0e35\u0e49\u0e2a\u0e14\u0e43\u0e2a\u0e21\u0e32\u0e01\u0e40\u0e25\u0e22\u0e19\u0e30\n \u0e40\u0e2b\u0e47\u0e19\u0e44\u0e2b\u0e21 \u0e40\u0e18\u0e2d\u0e21\u0e35\u0e04\u0e27\u0e32\u0e21\u0e2a\u0e38\u0e02\u0e41\u0e25\u0e49\u0e27 \u0e2a\u0e14\u0e43\u0e2a\u0e21\u0e32\u0e01\u0e40\u0e25\u0e22\u0e40\u0e18\u0e2d\n (never regret )\n(never regret)", "style": ["song for kids"], "essentia_features": {"lowlevel.average_loudness": 0.801800549030304, "lowlevel.barkbands_crest.mean": 14.412323951721191, "lowlevel.barkbands_crest.stdev": 4.379949569702148, "lowlevel.barkbands_flatness_db.mean": 0.34934306144714355, "lowlevel.barkbands_flatness_db.stdev": 0.10981222242116928, "lowlevel.barkbands_kurtosis.mean": 48.602333068847656, "lowlevel.barkbands_kurtosis.stdev": 65.9178466796875, "lowlevel.barkbands_skewness.mean": 4.3723464012146, "lowlevel.barkbands_skewness.stdev": 2.9788734912872314, "lowlevel.barkbands_spread.mean": 7.134422302246094, "lowlevel.barkbands_spread.stdev": 11.863906860351562, "lowlevel.dissonance.mean": 0.3581832945346832, "lowlevel.dissonance.stdev": 0.07730647176504135, "lowlevel.dynamic_complexity": 3.149477958679199, "lowlevel.erbbands_crest.mean": 12.68981647491455, "lowlevel.erbbands_crest.stdev": 4.621591091156006, "lowlevel.erbbands_flatness_db.mean": 0.24437536299228668, "lowlevel.erbbands_flatness_db.stdev": 0.09183567762374878, "lowlevel.erbbands_kurtosis.mean": 13.058324813842773, "lowlevel.erbbands_kurtosis.stdev": 15.425381660461426, "lowlevel.erbbands_skewness.mean": 2.317617177963257, "lowlevel.erbbands_skewness.stdev": 1.5707675218582153, "lowlevel.erbbands_spread.mean": 29.957576751708984, "lowlevel.erbbands_spread.stdev": 31.77939224243164, "lowlevel.hfc.mean": 13.298165321350098, "lowlevel.hfc.stdev": 12.706018447875977, "lowlevel.loudness_ebu128.integrated": -17.084218978881836, "lowlevel.loudness_ebu128.loudness_range": 2.6177711486816406, "lowlevel.loudness_ebu128.momentary.mean": -18.220346450805664, "lowlevel.loudness_ebu128.momentary.stdev": 3.4352567195892334, "lowlevel.loudness_ebu128.short_term.mean": -17.35259246826172, "lowlevel.loudness_ebu128.short_term.stdev": 0.9940144419670105, "lowlevel.melbands_crest.mean": 21.962114334106445, "lowlevel.melbands_crest.stdev": 7.828062534332275, "lowlevel.melbands_flatness_db.mean": 0.4646853506565094, "lowlevel.melbands_flatness_db.stdev": 0.13236336410045624, "lowlevel.melbands_kurtosis.mean": 77.13115692138672, "lowlevel.melbands_kurtosis.stdev": 135.59933471679688, "lowlevel.melbands_skewness.mean": 4.588520526885986, "lowlevel.melbands_skewness.stdev": 3.7504196166992188, "lowlevel.melbands_spread.mean": 5.811652660369873, "lowlevel.melbands_spread.stdev": 17.054643630981445, "lowlevel.pitch_salience.mean": 0.4260716140270233, "lowlevel.pitch_salience.stdev": 0.14906933903694153, "lowlevel.silence_rate_20dB.mean": 0.9982618689537048, "lowlevel.silence_rate_20dB.stdev": 0.041654493659734726, "lowlevel.silence_rate_30dB.mean": 0.7468134164810181, "lowlevel.silence_rate_30dB.stdev": 0.4348362684249878, "lowlevel.silence_rate_60dB.mean": 0.08342989534139633, "lowlevel.silence_rate_60dB.stdev": 0.27652859687805176, "lowlevel.spectral_centroid.mean": 398.8192443847656, "lowlevel.spectral_centroid.stdev": 440.19183349609375, "lowlevel.spectral_complexity.mean": 6.58342981338501, "lowlevel.spectral_complexity.stdev": 4.1960601806640625, "lowlevel.spectral_decrease.mean": -1.722615650123771e-08, "lowlevel.spectral_decrease.stdev": 1.7299127463843433e-08, "lowlevel.spectral_energy.mean": 0.06622157245874405, "lowlevel.spectral_energy.stdev": 0.0659007579088211, "lowlevel.spectral_energyband_high.mean": 0.00044572874321602285, "lowlevel.spectral_energyband_high.stdev": 0.0008546526660211384, "lowlevel.spectral_energyband_low.mean": 0.04567418247461319, "lowlevel.spectral_energyband_low.stdev": 0.06190231069922447, "lowlevel.spectral_energyband_middle_high.mean": 0.000672419904731214, "lowlevel.spectral_energyband_middle_high.stdev": 0.0013934096787124872, "lowlevel.spectral_energyband_middle_low.mean": 0.02116086520254612, "lowlevel.spectral_energyband_middle_low.stdev": 0.02074083872139454, "lowlevel.spectral_entropy.mean": 5.977800369262695, "lowlevel.spectral_entropy.stdev": 0.9265741109848022, "lowlevel.spectral_flux.mean": 0.08722171932458878, "lowlevel.spectral_flux.stdev": 0.08321581035852432, "lowlevel.spectral_kurtosis.mean": 36.95813751220703, "lowlevel.spectral_kurtosis.stdev": 81.83302307128906, "lowlevel.spectral_rms.mean": 0.007009157910943031, "lowlevel.spectral_rms.stdev": 0.003934234846383333, "lowlevel.spectral_rolloff.mean": 558.5541381835938, "lowlevel.spectral_rolloff.stdev": 1670.3671875, "lowlevel.spectral_skewness.mean": 4.049124717712402, "lowlevel.spectral_skewness.stdev": 3.534609794616699, "lowlevel.spectral_spread.mean": 6511235.5, "lowlevel.spectral_spread.stdev": 4217114.0, "lowlevel.spectral_strongpeak.mean": 0.678585946559906, "lowlevel.spectral_strongpeak.stdev": 0.5275988578796387, "lowlevel.zerocrossingrate.mean": 0.03439752012491226, "lowlevel.zerocrossingrate.stdev": 0.052095796912908554, "metadata.audio_properties.analysis.equal_loudness": 0.0, "metadata.audio_properties.analysis.length": 40.04265213012695, "metadata.audio_properties.analysis.sample_rate": 44100.0, "metadata.audio_properties.analysis.start_time": 0.0, "metadata.audio_properties.bit_rate": 130424.0, "metadata.audio_properties.length": 40.042667388916016, "metadata.audio_properties.lossless": 0.0, "metadata.audio_properties.number_channels": 1.0, "metadata.audio_properties.replay_gain": -8.942756652832031, "metadata.audio_properties.sample_rate": 48000.0, "rhythm.beats_count": 96.0, "rhythm.beats_loudness.mean": 0.10750635713338852, "rhythm.beats_loudness.stdev": 0.08903030306100845, "rhythm.bpm": 145.235107421875, "rhythm.bpm_histogram_first_peak_bpm": 144.0, "rhythm.bpm_histogram_first_peak_weight": 0.4318181872367859, "rhythm.bpm_histogram_second_peak_bpm": 152.0, "rhythm.bpm_histogram_second_peak_spread": 0.0, "rhythm.bpm_histogram_second_peak_weight": 0.05263157933950424, "rhythm.danceability": 1.272436499595642, "rhythm.onset_rate": 2.7712297439575195, "tonal.chords_changes_rate": 0.047453705221414566, "tonal.chords_number_rate": 0.008101851679384708, "tonal.chords_strength.mean": 0.4899023771286011, "tonal.chords_strength.stdev": 0.09467362612485886, "tonal.hpcp_crest.mean": 15.048093795776367, "tonal.hpcp_crest.stdev": 6.479142665863037, "tonal.hpcp_entropy.mean": 1.704272985458374, "tonal.hpcp_entropy.stdev": 0.6739329695701599, "tonal.key_edma.strength": 0.7198129296302795, "tonal.key_krumhansl.strength": 0.7200192213058472, "tonal.key_temperley.strength": 0.7206634283065796, "tonal.tuning_diatonic_strength": 0.5482603907585144, "tonal.tuning_equal_tempered_deviation": 0.21147520840168, "tonal.tuning_frequency": 434.193115234375, "tonal.tuning_nontempered_energy_ratio": 0.9521151185035706, "lowlevel.barkbands.mean": [0.013193638995289803, 0.025948910042643547, 0.0048584723845124245, 0.006484855432063341, 0.00930428970605135, 0.002145026344805956, 0.0013328543864190578, 0.0011693614069372416, 0.0005945442244410515, 0.00021293510508257896, 0.0002384017570875585, 0.00010174045746680349, 6.131938425824046e-05, 4.073132004123181e-05, 1.3639865755976643e-05, 1.1858078323712107e-05, 1.678105581959244e-05, 1.9263488866272382e-05, 1.562815305078402e-05, 2.3267870346899144e-05, 1.3030694390181452e-05, 1.8364304196438752e-05, 3.113622733508237e-05, 7.533736061304808e-05, 0.00017473474144935608, 0.00012072726531187072, 8.437017413598369e-07], "lowlevel.barkbands.stdev": [0.021598396822810173, 0.040554966777563095, 0.022479712963104248, 0.011190110817551613, 0.012392955832183361, 0.002836044877767563, 0.0024859157856553793, 0.0027945591136813164, 0.0013169721933081746, 0.0005491020856425166, 0.0006005260511301458, 0.0004470796848181635, 0.00019431211694609374, 0.00017243788170162588, 0.0001025847377604805, 7.358247967204079e-05, 0.00011314991570543498, 0.00013740218128077686, 9.809863695409149e-05, 0.0001392622507410124, 7.164385169744492e-05, 8.577116386732087e-05, 0.00013710236817132682, 0.00015591840201523155, 0.00033075068495236337, 0.0002290518896188587, 3.232612016290659e-06], "lowlevel.erbbands.mean": [1.441588044166565, 3.156850576400757, 5.5709547996521, 15.044807434082031, 28.529523849487305, 30.651405334472656, 21.85310173034668, 16.41732406616211, 18.7506103515625, 20.98849105834961, 27.28669548034668, 17.093164443969727, 8.17861270904541, 5.049337387084961, 9.599180221557617, 4.725483417510986, 3.038257122039795, 2.5485036373138428, 0.9879496693611145, 0.6719012260437012, 0.7014108300209045, 0.982903778553009, 1.108129620552063, 0.7163025736808777, 0.9776391983032227, 1.0904349088668823, 0.7548043131828308, 0.3707142472267151, 0.5131291151046753, 1.1258357763290405, 0.7826082706451416, 0.6479740142822266, 1.908958077430725, 1.8720637559890747, 1.306640625, 0.678231418132782, 0.19161784648895264, 0.01906494051218033, 0.000402008299715817, 8.996606629807502e-05], "lowlevel.erbbands.stdev": [1.9824455976486206, 8.5902681350708, 22.822694778442383, 33.30998992919922, 38.50708770751953, 46.174312591552734, 31.70155906677246, 23.221302032470703, 35.35838317871094, 39.607704162597656, 73.26716613769531, 35.04227066040039, 20.477941513061523, 12.73592758178711, 24.2792911529541, 20.14588165283203, 9.155609130859375, 9.940510749816895, 4.838353633880615, 4.795365810394287, 4.129101276397705, 6.721961498260498, 7.76900577545166, 5.111401557922363, 5.514477252960205, 6.475253105163574, 4.532723903656006, 1.8875340223312378, 2.427090644836426, 5.13561487197876, 3.445716381072998, 1.8795673847198486, 3.72695255279541, 3.4558420181274414, 2.7059192657470703, 1.2821904420852661, 0.3915957510471344, 0.0430024079978466, 0.0008229875820688903, 8.461694960715249e-05], "lowlevel.gfcc.mean": [-115.33171844482422, 119.2531967163086, -8.757105827331543, -2.2757203578948975, -67.53607940673828, 8.111322402954102, -51.3837776184082, 6.601355075836182, -41.1748046875, 0.06841438263654709, -16.86045265197754, -8.56240463256836, -12.427099227905273], "lowlevel.melbands.mean": [0.010494913905858994, 0.003298811614513397, 0.0030090927612036467, 0.0021255065221339464, 0.0009281752863898873, 0.0003795156953856349, 0.00028397957794368267, 0.00022095996246207505, 0.00021822447888553143, 8.788723062025383e-05, 3.73184921045322e-05, 1.8287219063495286e-05, 3.5024342651013285e-05, 1.530890222056769e-05, 7.4739382398547605e-06, 5.810960374219576e-06, 4.745086243929109e-06, 1.5967365243341192e-06, 9.272415582017857e-07, 8.664694632898318e-07, 7.957036700645403e-07, 9.59022486313188e-07, 1.2040867432006053e-06, 7.860580808483064e-07, 5.409243613030412e-07, 6.14905616203032e-07, 8.212283546527033e-07, 7.025555532891303e-07, 5.24960398706753e-07, 3.010856062246603e-07, 1.8169787097122025e-07, 2.3157272721618938e-07, 4.605458343576174e-07, 7.065896170388442e-07, 4.886417741545301e-07, 3.058599418181984e-07, 3.9238668136931665e-07, 1.2088573839719174e-06, 1.6503058759553824e-06, 1.521283593319822e-06], "lowlevel.melbands.stdev": [0.014401355758309364, 0.010468331165611744, 0.005236624274402857, 0.0028619507793337107, 0.0013386858627200127, 0.0005323702935129404, 0.0005325181409716606, 0.00040320600965060294, 0.0005660962196998298, 0.00019158743089064956, 9.962871263269335e-05, 5.253213021205738e-05, 8.890975004760548e-05, 5.7719298638403416e-05, 2.44436723733088e-05, 1.9451650587143376e-05, 2.0814673916902393e-05, 7.598686352139339e-06, 6.864846454845974e-06, 6.061597559892107e-06, 4.588227966451086e-06, 6.7359501372266095e-06, 8.819091817713343e-06, 5.4166503105079755e-06, 4.065014763909858e-06, 3.853148882626556e-06, 4.4693247218674514e-06, 4.522774361248594e-06, 3.414949105717824e-06, 1.690182443780941e-06, 9.517555668026034e-07, 1.1488936024761642e-06, 2.2520182483276585e-06, 3.208602493032231e-06, 2.246002168249106e-06, 1.2253453860466834e-06, 1.1795879117926233e-06, 2.5666165583970724e-06, 2.993229827552568e-06, 3.061762072320562e-06], "lowlevel.melbands128.mean": [0.011678321287035942, 0.015321358107030392, 0.008234111592173576, 0.004599822219461203, 0.0028934646397829056, 0.002443819772452116, 0.0029978530947118998, 0.0032736281864345074, 0.0030331213492900133, 0.001988217933103442, 0.0016880474286153913, 0.0013491977006196976, 0.0006494079134427011, 0.0005350252613425255, 0.0003580565098673105, 0.00031864261836744845, 0.00031837253482080996, 0.0002818764478433877, 0.00022128668206278235, 0.0002767387486528605, 0.00015953653200995177, 0.00021510146325454116, 0.00027553868130780756, 0.00014348546392284334, 0.00014924736751709133, 2.7598904125625268e-05, 3.736577127710916e-05, 5.491654883371666e-05, 1.8637452740222216e-05, 1.770771086739842e-05, 1.1043537597288378e-05, 3.084268973907456e-05, 4.922829975839704e-05, 3.079681846429594e-05, 1.082437393051805e-05, 1.6220554243773222e-05, 1.304229681409197e-05, 3.1107479117054027e-06, 7.480944532289868e-06, 8.051512850215659e-06, 4.409426765050739e-06, 4.44244824393536e-06, 5.5722007346048485e-06, 4.9248533287027385e-06, 1.5201186442936887e-06, 1.2818966297345469e-06, 1.28640874663688e-06, 7.299464073184936e-07, 9.497486530563037e-07, 8.845833576742734e-07, 8.076356721176126e-07, 9.314732665188785e-07, 7.317903509829193e-07, 7.652317890460836e-07, 8.762158927311248e-07, 9.677314665168524e-07, 1.00743693565164e-06, 1.2027599041175563e-06, 1.363034584755951e-06, 1.0674725672288332e-06, 6.980415037105558e-07, 6.317298471003596e-07, 6.108280103944708e-07, 4.828690975955396e-07, 4.6366969286282256e-07, 5.901790132156748e-07, 7.294960937542783e-07, 7.671450816815195e-07, 9.034964705278981e-07, 8.2871122231154e-07, 6.630444886468467e-07, 6.903347866682452e-07, 5.797342055302579e-07, 5.176267450224259e-07, 4.366975190350786e-07, 3.1743223871671944e-07, 2.5784530066630396e-07, 1.6445491723970918e-07, 1.9354348523847875e-07, 1.5545940357242216e-07, 1.970472709444948e-07, 2.68932438984848e-07, 3.076567054449697e-07, 4.221089398015465e-07, 6.597451260859089e-07, 6.971417292334081e-07, 7.084836965987051e-07, 7.410272360175441e-07, 4.272003479854902e-07, 3.781895259180601e-07, 3.54157748461148e-07, 2.621956127768499e-07, 2.627173500968638e-07, 3.264059955654375e-07, 4.5001792159382603e-07, 8.553820407541934e-07, 1.4367394669534406e-06, 1.6354144918295788e-06, 1.6244875951088034e-06, 1.6404828784288839e-06, 1.8235368770547211e-06, 1.5360218412752147e-06, 1.0514962696106522e-06, 1.6261942619166803e-06, 1.6926600210354081e-06, 1.3946792023489252e-06, 1.2695754776359536e-06, 1.2371789352982887e-06, 1.4854999790259171e-06, 9.507888307780377e-07, 6.945970199012663e-07, 7.323632758016174e-07, 5.980020318929746e-07, 4.831600790566881e-07, 3.9668285012339766e-07, 1.7845232491708884e-07, 3.937398673770076e-08, 1.0386848048327124e-09, 6.09386430205916e-11, 1.2473196954465582e-11, 1.1951876988103294e-11, 1.1148841398689324e-11, 1.0537915158537192e-11, 1.0348861524678288e-11, 1.0138606100495995e-11, 9.897528976954284e-12, 9.752325683121121e-12, 9.689398589030063e-12], "lowlevel.melbands128.stdev": [0.018733786419034004, 0.021898536011576653, 0.01467260904610157, 0.015833351761102676, 0.012724828906357288, 0.010968150570988655, 0.007677708752453327, 0.005162187851965427, 0.004771387204527855, 0.0038767210207879543, 0.0029910439625382423, 0.002332548378035426, 0.0012030801735818386, 0.0008400192600674927, 0.0006221566582098603, 0.0007235242519527674, 0.0007036544848233461, 0.0008379117934964597, 0.0005657777073793113, 0.0006614679004997015, 0.000403915619244799, 0.0006676245830021799, 0.0009386317688040435, 0.0003579452750273049, 0.00038413330912590027, 0.0001157274964498356, 0.00012961743050254881, 0.00016301381401717663, 7.496064790757373e-05, 8.837732457323e-05, 4.9070669774664566e-05, 9.524088818579912e-05, 0.00014449964510276914, 0.00011967946193180978, 6.90798187861219e-05, 9.503774344921112e-05, 7.147822907427326e-05, 1.232593695021933e-05, 2.6029318178188987e-05, 3.216951517970301e-05, 1.9376224372535944e-05, 2.003663030336611e-05, 2.9317496228031814e-05, 2.64799873548327e-05, 7.673113941564225e-06, 8.926003829401452e-06, 9.242571650247555e-06, 5.653381776937749e-06, 8.592898666393012e-06, 6.1341306718532e-06, 6.477287570305634e-06, 6.79411323289969e-06, 4.155552232987247e-06, 4.605580670613563e-06, 5.931327450525714e-06, 8.414835065195803e-06, 7.352021839324152e-06, 9.208761184709147e-06, 1.1238751540076919e-05, 8.12285998108564e-06, 4.629311206372222e-06, 5.040714768256294e-06, 4.989363787899492e-06, 3.967726115661208e-06, 3.3875444387376774e-06, 4.277530933904927e-06, 4.74943180961418e-06, 4.313188583182637e-06, 5.4984147936920635e-06, 4.954171799909091e-06, 4.143566457059933e-06, 5.53084919374669e-06, 4.548056494968478e-06, 3.359148195158923e-06, 2.9284276479302207e-06, 1.8828129668690963e-06, 1.582555114509887e-06, 8.504589459334966e-07, 1.1341101071593584e-06, 8.631208174847416e-07, 1.0954823892461718e-06, 1.380148205498699e-06, 1.7416492710253806e-06, 2.2057922706153477e-06, 3.495153578114696e-06, 3.415036871956545e-06, 3.2020245726016583e-06, 3.963384187954944e-06, 2.029393044722383e-06, 1.8807907053997042e-06, 1.7450265659135766e-06, 9.257865372092056e-07, 9.666050573287066e-07, 1.313963139182306e-06, 1.4196947404343518e-06, 2.1483415366674308e-06, 3.3382625588274095e-06, 3.6897793052048655e-06, 3.299164745840244e-06, 3.3151179650303675e-06, 3.889872004947392e-06, 3.501215132928337e-06, 2.877498218367691e-06, 4.0323334360437e-06, 3.946344804717228e-06, 3.168700004607672e-06, 3.213592435713508e-06, 2.5027304673130857e-06, 2.887024265874061e-06, 2.1491869119927287e-06, 1.8432526758260792e-06, 1.729821178741986e-06, 1.336038167210063e-06, 1.0391368050477467e-06, 8.901143928596866e-07, 5.486186864800402e-07, 1.4584776408810285e-07, 1.3312061675208042e-08, 8.60350513054442e-10, 5.029445609983085e-11, 4.2810321260189355e-11, 2.389049895412665e-11, 1.8336498985860317e-11, 1.800800654427892e-11, 1.7735196991552904e-11, 1.751547691608568e-11, 1.735811321068592e-11, 1.726101206411812e-11], "lowlevel.mfcc.mean": [-805.7945556640625, 178.78994750976562, 88.81865692138672, 5.137215614318848, 13.595913887023926, -12.108901023864746, 7.812589168548584, -12.5187349319458, -9.931897163391113, -4.243936538696289, -7.331304550170898, -9.348052978515625, 1.88242506980896], "lowlevel.spectral_contrast_coeffs.mean": [-0.6063159108161926, -0.6997911334037781, -0.7686160802841187, -0.8075769543647766, -0.8007428050041199, -0.7817762494087219], "lowlevel.spectral_contrast_coeffs.stdev": [0.11291467398405075, 0.07837029546499252, 0.08510860055685043, 0.06938289105892181, 0.0642739087343216, 0.06992556899785995], "lowlevel.spectral_contrast_valleys.mean": [-6.842684268951416, -7.469298362731934, -9.045589447021484, -10.024529457092285, -10.401141166687012, -11.954771041870117], "lowlevel.spectral_contrast_valleys.stdev": [1.2106037139892578, 1.0882331132888794, 1.1161829233169556, 1.1673413515090942, 1.3965415954589844, 1.3839218616485596], "rhythm.beats_loudness_band_ratio.mean": [0.6639648079872131, 0.2853712737560272, 0.10725915431976318, 0.01915605738759041, 0.004617852158844471, 0.01378549262881279], "rhythm.beats_loudness_band_ratio.stdev": [0.30246782302856445, 0.2809170186519623, 0.1431669443845749, 0.041974764317274094, 0.013807076960802078, 0.018886974081397057], "tonal.hpcp.mean": [0.08449755609035492, 0.09085460752248764, 0.030724668875336647, 0.008431038819253445, 0.004633698612451553, 0.010246394202113152, 0.11236085742712021, 0.17075464129447937, 0.12746506929397583, 0.2570857107639313, 0.23606665432453156, 0.04706604406237602, 0.018344728276133537, 0.03543081879615784, 0.10748553276062012, 0.2328232079744339, 0.21795795857906342, 0.08531195670366287, 0.03300312161445618, 0.033134110271930695, 0.049119964241981506, 0.16493962705135345, 0.19447511434555054, 0.09703265875577927, 0.1201130822300911, 0.12414734810590744, 0.04740102216601372, 0.015741776674985886, 0.013806565664708614, 0.030697906389832497, 0.17116396129131317, 0.18518973886966705, 0.0530969612300396, 0.021755652502179146, 0.016405705362558365, 0.02747935801744461], "tonal.hpcp.stdev": [0.20772619545459747, 0.2163710594177246, 0.11353310942649841, 0.06202823668718338, 0.04928131029009819, 0.06334597617387772, 0.22712774574756622, 0.3121575117111206, 0.22118709981441498, 0.36940115690231323, 0.3331902325153351, 0.1189604103565216, 0.09878243505954742, 0.14889729022979736, 0.26207149028778076, 0.3404702842235565, 0.3139651417732239, 0.18003270030021667, 0.13372333347797394, 0.14405491948127747, 0.1530667543411255, 0.28197577595710754, 0.3051086664199829, 0.19602124392986298, 0.2533528506755829, 0.27300190925598145, 0.1504995971918106, 0.09577469527721405, 0.09457371383905411, 0.10666743665933609, 0.3031119406223297, 0.31324633955955505, 0.14569319784641266, 0.1226736307144165, 0.09837933629751205, 0.12466167658567429], "rhythm.beats_position": [0.42956915497779846, 0.8823582530021667, 1.3235373497009277, 1.7414965629577637, 2.1710658073425293, 2.589024782180786, 3.006983995437622, 3.4133331775665283, 3.8312923908233643, 4.23764181137085, 4.643990993499756, 5.038730144500732, 5.456689357757568, 5.874648571014404, 6.29260778427124, 6.710566997528076, 7.116916179656982, 7.523265361785889, 7.929614543914795, 8.335963249206543, 8.753922462463379, 9.171881675720215, 9.58984088897705, 10.007800102233887, 10.425759315490723, 10.832108497619629, 11.226847648620605, 11.633196830749512, 12.039546012878418, 12.445895195007324, 12.86385440826416, 13.281813621520996, 13.699772834777832, 14.117732048034668, 14.535691261291504, 14.93043041229248, 15.348389625549316, 15.766348838806152, 16.184309005737305, 16.60226821899414, 17.008617401123047, 17.414966583251953, 17.82131576538086, 18.227664947509766, 18.6456241607666, 19.063581466674805, 19.48154067993164, 19.899499893188477, 20.317459106445312, 20.72380828857422, 21.130157470703125, 21.5248966217041, 21.942855834960938, 22.360815048217773, 22.77877426147461, 23.185123443603516, 23.591472625732422, 23.997821807861328, 24.415781021118164, 24.82213020324707, 25.240089416503906, 25.658048629760742, 26.076007843017578, 26.493967056274414, 26.90031623840332, 27.306665420532227, 27.724624633789062, 28.11936378479004, 28.537322998046875, 28.94367218017578, 29.350021362304688, 29.767980575561523, 30.17432975769043, 30.592288970947266, 31.0102481842041, 31.416597366333008, 31.834556579589844, 32.24090576171875, 32.647254943847656, 33.065216064453125, 33.48317337036133, 33.889522552490234, 34.29587173461914, 34.71383285522461, 35.13179016113281, 35.53813934326172, 35.944488525390625, 36.362449645996094, 36.7804069519043, 37.1867561340332, 37.60471725463867, 38.01106643676758, 38.42902374267578, 38.83537292480469, 39.241722106933594, 39.65968322753906], "rhythm.bpm_histogram": [0.0, 0.0, 0.0, 0.0, 0.0, 0.0, 0.0, 0.0, 0.0, 0.0, 0.0, 0.0, 0.0, 0.0, 0.0, 0.0, 0.0, 0.0, 0.0, 0.0, 0.0, 0.0, 0.0, 0.0, 0.0, 0.0, 0.0, 0.0, 0.0, 0.0, 0.0, 0.0, 0.0, 0.0, 0.0, 0.0, 0.0, 0.0, 0.0, 0.0, 0.0, 0.0, 0.0, 0.0, 0.0, 0.0, 0.0, 0.0, 0.0, 0.0, 0.0, 0.0, 0.0, 0.0, 0.0, 0.0, 0.0, 0.0, 0.0, 0.0, 0.0, 0.0, 0.0, 0.0, 0.0, 0.0, 0.0, 0.0, 0.0, 0.0, 0.0, 0.0, 0.0, 0.0, 0.0, 0.0, 0.0, 0.0, 0.0, 0.0, 0.0, 0.0, 0.0, 0.0, 0.0, 0.0, 0.0, 0.0, 0.0, 0.0, 0.0, 0.0, 0.0, 0.0, 0.0, 0.0, 0.0, 0.0, 0.0, 0.0, 0.0, 0.0, 0.0, 0.0, 0.0, 0.0, 0.0, 0.0, 0.0, 0.0, 0.0, 0.0, 0.0, 0.0, 0.0, 0.0, 0.0, 0.0, 0.0, 0.0, 0.0, 0.0, 0.0, 0.0, 0.0, 0.0, 0.0, 0.0, 0.0, 0.0, 0.0, 0.0, 0.0, 0.010526316240429878, 0.0, 0.0, 0.010526316240429878, 0.0, 0.0, 0.0, 0.010526316240429878, 0.0, 0.0, 0.0, 0.5263158082962036, 0.0, 0.0, 0.0, 0.38947367668151855, 0.0, 0.0, 0.0, 0.05263157933950424, 0.0, 0.0, 0.0, 0.0, 0.0, 0.0, 0.0, 0.0, 0.0, 0.0, 0.0, 0.0, 0.0, 0.0, 0.0, 0.0, 0.0, 0.0, 0.0, 0.0, 0.0, 0.0, 0.0, 0.0, 0.0, 0.0, 0.0, 0.0, 0.0, 0.0, 0.0, 0.0, 0.0, 0.0, 0.0, 0.0, 0.0, 0.0, 0.0, 0.0, 0.0, 0.0, 0.0, 0.0, 0.0, 0.0, 0.0, 0.0, 0.0, 0.0, 0.0, 0.0, 0.0, 0.0, 0.0, 0.0, 0.0, 0.0, 0.0, 0.0, 0.0, 0.0, 0.0, 0.0, 0.0, 0.0, 0.0, 0.0, 0.0, 0.0, 0.0, 0.0, 0.0, 0.0, 0.0, 0.0, 0.0, 0.0, 0.0, 0.0, 0.0, 0.0, 0.0, 0.0, 0.0, 0.0, 0.0, 0.0, 0.0, 0.0, 0.0, 0.0, 0.0, 0.0, 0.0, 0.0, 0.0], "tonal.chords_histogram": [37.15277862548828, 12.731481552124023, 23.95833396911621, 0.11574073880910873, 0.11574073880910873, 0.0, 0.11574073880910873, 1.8518518209457397, 0.0, 0.0, 0.0, 0.0, 0.0, 0.0, 0.0, 0.0, 0.0, 2.777777671813965, 0.0, 0.11574073880910873, 0.0, 11.80555534362793, 0.0, 9.259259223937988], "tonal.thpcp": [1.0, 0.9182410836219788, 0.18307530879974365, 0.07135646790266037, 0.1378171443939209, 0.4180922210216522, 0.9056248664855957, 0.8478026986122131, 0.33184248208999634, 0.12837399542331696, 0.1288835108280182, 0.19106455147266388, 0.6415744423866272, 0.7564602494239807, 0.3774331212043762, 0.4672102630138397, 0.48290255665779114, 0.18437828123569489, 0.06123162806034088, 0.05370413511991501, 0.1194072812795639, 0.6657856106758118, 0.7203423976898193, 0.20653408765792847, 0.08462411910295486, 0.06381414830684662, 0.10688792169094086, 0.32867464423179626, 0.3534020185470581, 0.11951138079166412, 0.032794661819934845, 0.01802394539117813, 0.039855945855379105, 0.4370560050010681, 0.6641934514045715, 0.4958076775074005], "lowlevel.gfcc.cov": [[12159.1015625, -3264.73681640625, -286.91607666015625, -324.3152160644531, -450.7964782714844, 1283.641845703125, -341.3857116699219, 1380.900634765625, -607.7598266601562, 922.9196166992188, -168.34078979492188, 265.0419616699219, -651.5298461914062], [-3264.73681640625, 3674.319091796875, 572.6026611328125, -565.418212890625, 358.85577392578125, -450.02960205078125, 795.9213256835938, -408.6927795410156, 521.3373413085938, -343.4025573730469, 403.2329406738281, -66.73414611816406, 502.8364562988281], [-286.91607666015625, 572.6026611328125, 1679.122314453125, 88.76514434814453, 421.9248962402344, 436.61346435546875, 192.50244140625, 296.1062316894531, 385.7230529785156, 280.23614501953125, 219.06658935546875, 137.5483856201172, 101.73213958740234], [-324.3152160644531, -565.418212890625, 88.76514434814453, 1174.775390625, 518.3786010742188, -23.470504760742188, -127.6834716796875, -26.8695125579834, 301.1078186035156, 24.47188377380371, -13.42936897277832, 78.4310073852539, 47.87331008911133], [-450.7964782714844, 358.85577392578125, 421.9248962402344, 518.3786010742188, 846.50390625, 207.0781707763672, 166.81365966796875, 98.75243377685547, 389.02392578125, 125.3897933959961, 122.9122085571289, 104.1235580444336, 147.32952880859375], [1283.641845703125, -450.02960205078125, 436.61346435546875, -23.470504760742188, 207.0781707763672, 699.1390380859375, 241.52256774902344, 330.5711364746094, 0.6657782793045044, 330.4184875488281, 118.34375, 104.51710510253906, -45.89750289916992], [-341.3857116699219, 795.9213256835938, 192.50244140625, -127.6834716796875, 166.81365966796875, 241.52256774902344, 678.12060546875, 34.46529006958008, 89.78012084960938, 113.1922607421875, 222.48207092285156, 83.5898666381836, 183.27976989746094], [1380.900634765625, -408.6927795410156, 296.1062316894531, -26.8695125579834, 98.75243377685547, 330.5711364746094, 34.46529006958008, 426.70855712890625, 34.5037956237793, 207.30352783203125, 46.46427917480469, 108.70722198486328, -37.430030822753906], [-607.7598266601562, 521.3373413085938, 385.7230529785156, 301.1078186035156, 389.02392578125, 0.6657782793045044, 89.78012084960938, 34.5037956237793, 454.2153625488281, 2.196288585662842, 93.93169403076172, 74.11588287353516, 125.39204406738281], [922.9196166992188, -343.4025573730469, 280.23614501953125, 24.47188377380371, 125.3897933959961, 330.4184875488281, 113.1922607421875, 207.30352783203125, 2.196288585662842, 326.3336181640625, 65.1947250366211, 56.979652404785156, -35.556541442871094], [-168.34078979492188, 403.2329406738281, 219.06658935546875, -13.42936897277832, 122.9122085571289, 118.34375, 222.48207092285156, 46.46427917480469, 93.93169403076172, 65.1947250366211, 184.26173400878906, 48.638126373291016, 80.6787338256836], [265.0419616699219, -66.73414611816406, 137.5483856201172, 78.4310073852539, 104.1235580444336, 104.51710510253906, 83.5898666381836, 108.70722198486328, 74.11588287353516, 56.979652404785156, 48.638126373291016, 156.5217742919922, 48.27455520629883], [-651.5298461914062, 502.8364562988281, 101.73213958740234, 47.87331008911133, 147.32952880859375, -45.89750289916992, 183.27976989746094, -37.430030822753906, 125.39204406738281, -35.556541442871094, 80.6787338256836, 48.27455520629883, 199.37716674804688]], "lowlevel.gfcc.icov": [[0.00021245186508167535, -0.00014215745613910258, 0.00020319140458013862, -0.00011796225589932874, 0.00018619553884491324, -0.00024254318850580603, 0.00018583322525955737, -0.0005817072233185172, 0.00010887824464589357, -0.0003944529453292489, 0.00021516311971936375, -0.00027832534397020936, 0.00034547041286714375], [-0.00014215745613910258, 0.0022020330652594566, -0.0008108949405141175, 0.0016906543169170618, -0.0012083477340638638, 0.0019031468546018004, -0.0018380976980552077, 0.0011231489479541779, -0.00136772939004004, 0.0017661663005128503, -0.0022569256834685802, 0.0018356109503656626, -0.0011347896652296185], [0.00020319140458013862, -0.0008108949405141175, 0.001458647078834474, -0.00045200958265922964, 0.0005654403357766569, -0.0012499409494921565, 0.001126898336224258, -0.0008574567618779838, -0.00035898294299840927, -0.0013179776724427938, 0.00021627542446367443, -0.0007923947414383292, 0.0002659668680280447], [-0.00011796225589932874, 0.0016906543169170618, -0.00045200958265922964, 0.0027411270420998335, -0.0017490830505266786, 0.0014982717111706734, -0.0009280097438022494, 0.001352929975837469, -0.0015630386769771576, 0.0010215298971161246, -0.00152573361992836, 0.00072973727947101, -0.0007265432504937053], [0.00018619553884491324, -0.0012083477340638638, 0.0005654403357766569, -0.0017490830505266786, 0.0035900550428777933, -0.001982638379558921, 0.0011024457635357976, -0.0007938651251606643, -0.0008879823726601899, -0.0015502851456403732, 0.001186255132779479, -0.0007845779182389379, -0.000492397288326174], [-0.00024254318850580603, 0.0019031468546018004, -0.0012499409494921565, 0.0014982717111706734, -0.001982638379558921, 0.005991530138999224, -0.0029541701078414917, -0.00029882893431931734, -0.00010925100650638342, -9.791841148398817e-05, -0.002283771289512515, 0.0012004851596429944, 0.0008742451318539679], [0.00018583322525955737, -0.0018380976980552077, 0.001126898336224258, -0.0009280097438022494, 0.0011024457635357976, -0.0029541701078414917, 0.005193176679313183, -0.0001713170640869066, 0.0010112628806382418, -0.0021629752591252327, -0.0007937081390991807, -0.0019805999472737312, -0.0016309254569932818], [-0.0005817072233185172, 0.0011231489479541779, -0.0008574567618779838, 0.001352929975837469, -0.0007938651251606643, -0.00029882893431931734, -0.0001713170640869066, 0.006745142862200737, -0.0013059540651738644, 0.00018402692512609065, -0.00131119170691818, -0.0010460340417921543, -0.001041254261508584], [0.00010887824464589357, -0.00136772939004004, -0.00035898294299840927, -0.0015630386769771576, -0.0008879823726601899, -0.00010925100650638342, 0.0010112628806382418, -0.0013059540651738644, 0.006027366034686565, -0.00024046680482570082, 0.0005483062705025077, -0.0016237356467172503, 0.00015764040290378034], [-0.0003944529453292489, 0.0017661663005128503, -0.0013179776724427938, 0.0010215298971161246, -0.0015502851456403732, -9.791841148398817e-05, -0.0021629752591252327, 0.00018402692512609065, -0.00024046680482570082, 0.0085501279681921, -0.0023228812497109175, 0.0019203302217647433, -1.9149894797010347e-05], [0.00021516311971936375, -0.0022569256834685802, 0.00021627542446367443, -0.00152573361992836, 0.001186255132779479, -0.002283771289512515, -0.0007937081390991807, -0.00131119170691818, 0.0005483062705025077, -0.0023228812497109175, 0.01322284247726202, -0.0022568069398403168, 0.00016897455498110503], [-0.00027832534397020936, 0.0018356109503656626, -0.0007923947414383292, 0.00072973727947101, -0.0007845779182389379, 0.0012004851596429944, -0.0019805999472737312, -0.0010460340417921543, -0.0016237356467172503, 0.0019203302217647433, -0.0022568069398403168, 0.01126041915267706, -0.003279023105278611], [0.00034547041286714375, -0.0011347896652296185, 0.0002659668680280447, -0.0007265432504937053, -0.000492397288326174, 0.0008742451318539679, -0.0016309254569932818, -0.001041254261508584, 0.00015764040290378034, -1.9149894797010347e-05, 0.00016897455498110503, -0.003279023105278611, 0.011537165381014347]], "lowlevel.mfcc.cov": [[10580.3427734375, -2839.203857421875, -647.8628540039062, -1075.234130859375, 12.679076194763184, -437.90887451171875, 634.4410400390625, 83.00691986083984, -33.29698181152344, 481.5722961425781, 401.2209167480469, 55.36634063720703, 376.8901672363281], [-2839.203857421875, 3580.0263671875, 517.453125, -101.36463928222656, -306.0812683105469, 82.5267562866211, 187.1602020263672, 145.47079467773438, 293.4629211425781, -63.91313934326172, 120.78942108154297, 220.8357391357422, 109.8984603881836], [-647.8628540039062, 517.453125, 1223.1414794921875, -101.74393463134766, 223.02391052246094, 118.82687377929688, 152.78968811035156, 95.42852020263672, 119.73824310302734, 193.93820190429688, 147.26255798339844, 167.08544921875, 274.25445556640625], [-1075.234130859375, -101.36463928222656, -101.74393463134766, 1001.3742065429688, 417.8404846191406, 252.98965454101562, -247.79989624023438, 116.66790008544922, 127.09510803222656, -17.742488861083984, -58.55082321166992, 100.32487487792969, 4.346308708190918], [12.679076194763184, -306.0812683105469, 223.02391052246094, 417.8404846191406, 1031.059814453125, 146.47254943847656, -149.87115478515625, 147.8386993408203, 190.68399047851562, 187.90338134765625, 91.1184310913086, 150.00869750976562, 228.2594757080078], [-437.90887451171875, 82.5267562866211, 118.82687377929688, 252.98965454101562, 146.47254943847656, 557.990478515625, 218.8117218017578, 138.21087646484375, 165.83294677734375, 99.87194061279297, 225.2398223876953, 92.48292541503906, 76.09521484375], [634.4410400390625, 187.1602020263672, 152.78968811035156, -247.79989624023438, -149.87115478515625, 218.8117218017578, 600.84423828125, 90.52843475341797, 107.1219482421875, 109.12822723388672, 255.23768615722656, 72.38819122314453, 136.00701904296875], [83.00691986083984, 145.47079467773438, 95.42852020263672, 116.66790008544922, 147.8386993408203, 138.21087646484375, 90.52843475341797, 280.4090270996094, 135.82371520996094, 71.0260009765625, 114.8026351928711, 81.3840103149414, 122.82671356201172], [-33.29698181152344, 293.4629211425781, 119.73824310302734, 127.09510803222656, 190.68399047851562, 165.83294677734375, 107.1219482421875, 135.82371520996094, 296.6622009277344, 63.448448181152344, 136.83544921875, 100.68569946289062, 139.53536987304688], [481.5722961425781, -63.91313934326172, 193.93820190429688, -17.742488861083984, 187.90338134765625, 99.87194061279297, 109.12822723388672, 71.0260009765625, 63.448448181152344, 257.6099853515625, 119.824462890625, 71.96788787841797, 101.93733978271484], [401.2209167480469, 120.78942108154297, 147.26255798339844, -58.55082321166992, 91.1184310913086, 225.2398223876953, 255.23768615722656, 114.8026351928711, 136.83544921875, 119.824462890625, 345.3648986816406, 57.63545227050781, 126.46198272705078], [55.36634063720703, 220.8357391357422, 167.08544921875, 100.32487487792969, 150.00869750976562, 92.48292541503906, 72.38819122314453, 81.3840103149414, 100.68569946289062, 71.96788787841797, 57.63545227050781, 200.9132080078125, 121.43728637695312], [376.8901672363281, 109.8984603881836, 274.25445556640625, 4.346308708190918, 228.2594757080078, 76.09521484375, 136.00701904296875, 122.82671356201172, 139.53536987304688, 101.93733978271484, 126.46198272705078, 121.43728637695312, 275.112060546875]], "lowlevel.mfcc.icov": [[0.00024339595984201878, 0.0002133712259819731, 0.00023017998319119215, 0.00018388184253126383, 0.00010529008432058617, 0.00034358922857791185, -9.544244676362723e-05, -5.4688105592504144e-05, -0.00010442567145219073, -0.0003590160922612995, -0.00025134498719125986, -0.00031890312675386667, -0.00031954332371242344], [0.0002133712259819731, 0.0005747305694967508, 2.383195715083275e-05, 0.00019881674961652607, 0.0003059757000301033, 0.0003762249543797225, -2.8872400434920564e-05, -0.00014922843547537923, -0.0005384533433243632, -7.836887380108237e-05, -0.0002939343103207648, -0.0007137262728065252, -7.352585816988721e-05], [0.00023017998319119215, 2.383195715083275e-05, 0.0014523649588227272, 0.00036859861575067043, 4.867442839895375e-05, 6.46526605123654e-05, 7.369343802565709e-05, 0.000154604043927975, 0.000195654240087606, -0.0009007836924865842, -0.00015675241593271494, -0.0005163406603969634, -0.0014077344676479697], [0.00018388184253126383, 0.00019881674961652607, 0.00036859861575067043, 0.0020986131858080626, -0.0004347055219113827, -0.000913966738153249, 0.0007552463794127107, -0.0005052161868661642, -0.00044996687211096287, 0.00018610655388329178, 0.00047385902144014835, -0.0009910345543175936, 0.00011262289626756683], [0.00010529008432058617, 0.0003059757000301033, 4.867442839895375e-05, -0.0004347055219113827, 0.0020756726153194904, 0.0001335322594968602, 0.0009401185088790953, 2.5129815185209736e-05, -0.0006266229320317507, -0.0011166080366820097, -0.0004330684314481914, -0.00045819662045687437, -0.0014103429857641459], [0.00034358922857791185, 0.0003762249543797225, 6.46526605123654e-05, -0.000913966738153249, 0.0001335322594968602, 0.004144392907619476, -0.0012610414996743202, -0.00039625191129744053, -0.000770390557590872, -0.0006969965761527419, -0.0019975765608251095, -0.0007569388253614306, 0.000773562234826386], [-9.544244676362723e-05, -2.8872400434920564e-05, 7.369343802565709e-05, 0.0007552463794127107, 0.0009401185088790953, -0.0012610414996743202, 0.003714808262884617, -1.0693880540202372e-05, -0.00019090398564003408, -0.00036597822327166796, -0.0012284214608371258, -0.0005526083405129611, -0.0011650038650259376], [-5.4688105592504144e-05, -0.00014922843547537923, 0.000154604043927975, -0.0005052161868661642, 2.5129815185209736e-05, -0.00039625191129744053, -1.0693880540202372e-05, 0.005432422272861004, -0.0009462