{"song_id": "1183699782389202994", "download": "https://cdn.discordapp.com/attachments/1135911532732108921/1183699782389202994/chirp.mp4?ex=65894954&amp", "lyrics": "Je ne suis ni asiatique ni australien\nJe suis seulement un humain\n\nLes marchands d'armes fondent en larmes\nEt ils n'auront PLUS rien\n\nTout ce qui divise, c'est leur devise\nOn n'a pas besoin\n\nJe ne suis ni am\u00e9ricain ni africain\nJe suis seulement un terrien\n\nLa beaut\u00e9 est dans la diff\u00e9rence du corps\nPas dans le changement du d\u00e9cor\n\nSi on \u00e9tait tous pareils et d'accord\nOn s'ennuierait \u00e0 mort\n\nJe ne suis ni martien ni europ\u00e9en\nJe suis seulement un monosapien\n\nVous \u00eates tous rares et en voie de disparition\nLe peu qui reste, on doit le pr\u00e9server\nAimer les autres sans crainte\nRegarder vos empreintes\nC'est votre marque d\u00e9pos\u00e9e\nQui prouve que vous \u00eates unique et authentique\nEt magnifique.", "style": ["jazz"], "essentia_features": {"lowlevel.average_loudness": 0.9263893961906433, "lowlevel.barkbands_crest.mean": 13.826210021972656, "lowlevel.barkbands_crest.stdev": 4.2672553062438965, "lowlevel.barkbands_flatness_db.mean": 0.29626432061195374, "lowlevel.barkbands_flatness_db.stdev": 0.0990237444639206, "lowlevel.barkbands_kurtosis.mean": 12.826886177062988, "lowlevel.barkbands_kurtosis.stdev": 20.9062442779541, "lowlevel.barkbands_skewness.mean": 2.1757028102874756, "lowlevel.barkbands_skewness.stdev": 1.9125334024429321, "lowlevel.barkbands_spread.mean": 9.245767593383789, "lowlevel.barkbands_spread.stdev": 12.630306243896484, "lowlevel.dissonance.mean": 0.4033072292804718, "lowlevel.dissonance.stdev": 0.05745585635304451, "lowlevel.dynamic_complexity": 3.6459853649139404, "lowlevel.erbbands_crest.mean": 13.962989807128906, "lowlevel.erbbands_crest.stdev": 6.077080726623535, "lowlevel.erbbands_flatness_db.mean": 0.26603952050209045, "lowlevel.erbbands_flatness_db.stdev": 0.10490639507770538, "lowlevel.erbbands_kurtosis.mean": 3.356321334838867, "lowlevel.erbbands_kurtosis.stdev": 7.678455829620361, "lowlevel.erbbands_skewness.mean": 0.8613102436065674, "lowlevel.erbbands_skewness.stdev": 1.3353896141052246, "lowlevel.erbbands_spread.mean": 26.894718170166016, "lowlevel.erbbands_spread.stdev": 26.866235733032227, "lowlevel.hfc.mean": 12.084552764892578, "lowlevel.hfc.stdev": 12.800515174865723, "lowlevel.loudness_ebu128.integrated": -15.29965591430664, "lowlevel.loudness_ebu128.loudness_range": 4.958046913146973, "lowlevel.loudness_ebu128.momentary.mean": -16.306570053100586, "lowlevel.loudness_ebu128.momentary.stdev": 3.3011412620544434, "lowlevel.loudness_ebu128.short_term.mean": -15.715388298034668, "lowlevel.loudness_ebu128.short_term.stdev": 1.938492774963379, "lowlevel.melbands_crest.mean": 18.132471084594727, "lowlevel.melbands_crest.stdev": 6.1040754318237305, "lowlevel.melbands_flatness_db.mean": 0.3775196373462677, "lowlevel.melbands_flatness_db.stdev": 0.11640074104070663, "lowlevel.melbands_kurtosis.mean": 27.028085708618164, "lowlevel.melbands_kurtosis.stdev": 51.944740295410156, "lowlevel.melbands_skewness.mean": 2.985797643661499, "lowlevel.melbands_skewness.stdev": 2.6123390197753906, "lowlevel.melbands_spread.mean": 12.074684143066406, "lowlevel.melbands_spread.stdev": 25.79718780517578, "lowlevel.pitch_salience.mean": 0.4501619040966034, "lowlevel.pitch_salience.stdev": 0.12375538796186447, "lowlevel.silence_rate_20dB.mean": 1.0, "lowlevel.silence_rate_20dB.stdev": 0.0, "lowlevel.silence_rate_30dB.mean": 0.8881807923316956, "lowlevel.silence_rate_30dB.stdev": 0.3151429295539856, "lowlevel.silence_rate_60dB.mean": 0.11993047595024109, "lowlevel.silence_rate_60dB.stdev": 0.3248819410800934, "lowlevel.spectral_centroid.mean": 694.2913818359375, "lowlevel.spectral_centroid.stdev": 845.7595825195312, "lowlevel.spectral_complexity.mean": 8.177288055419922, "lowlevel.spectral_complexity.stdev": 4.511588096618652, "lowlevel.spectral_decrease.mean": -1.0485405432802963e-08, "lowlevel.spectral_decrease.stdev": 1.3030021506210687e-08, "lowlevel.spectral_energy.mean": 0.04067040607333183, "lowlevel.spectral_energy.stdev": 0.049913715571165085, "lowlevel.spectral_energyband_high.mean": 0.00015363424608949572, "lowlevel.spectral_energyband_high.stdev": 0.00033973026438616216, "lowlevel.spectral_energyband_low.mean": 0.025885185226798058, "lowlevel.spectral_energyband_low.stdev": 0.043604008853435516, "lowlevel.spectral_energyband_middle_high.mean": 0.0032200452405959368, "lowlevel.spectral_energyband_middle_high.stdev": 0.007176278159022331, "lowlevel.spectral_energyband_middle_low.mean": 0.012540532276034355, "lowlevel.spectral_energyband_middle_low.stdev": 0.012857826426625252, "lowlevel.spectral_entropy.mean": 6.425093173980713, "lowlevel.spectral_entropy.stdev": 0.8725572228431702, "lowlevel.spectral_flux.mean": 0.06567219644784927, "lowlevel.spectral_flux.stdev": 0.06221233308315277, "lowlevel.spectral_kurtosis.mean": 33.77007293701172, "lowlevel.spectral_kurtosis.stdev": 44.20357894897461, "lowlevel.spectral_rms.mean": 0.0052812895737588406, "lowlevel.spectral_rms.stdev": 0.00343314534984529, "lowlevel.spectral_rolloff.mean": 943.8333740234375, "lowlevel.spectral_rolloff.stdev": 2101.45654296875, "lowlevel.spectral_skewness.mean": 3.479447841644287, "lowlevel.spectral_skewness.stdev": 2.4262712001800537, "lowlevel.spectral_spread.mean": 3617290.5, "lowlevel.spectral_spread.stdev": 3671571.0, "lowlevel.spectral_strongpeak.mean": 1.1052263975143433, "lowlevel.spectral_strongpeak.stdev": 1.2770448923110962, "lowlevel.zerocrossingrate.mean": 0.03839995339512825, "lowlevel.zerocrossingrate.stdev": 0.06471830606460571, "metadata.audio_properties.analysis.equal_loudness": 0.0, "metadata.audio_properties.analysis.length": 40.04265213012695, "metadata.audio_properties.analysis.sample_rate": 44100.0, "metadata.audio_properties.analysis.start_time": 0.0, "metadata.audio_properties.bit_rate": 114386.0, "metadata.audio_properties.length": 40.042667388916016, "metadata.audio_properties.lossless": 0.0, "metadata.audio_properties.number_channels": 1.0, "metadata.audio_properties.replay_gain": -11.123161315917969, "metadata.audio_properties.sample_rate": 48000.0, "rhythm.beats_count": 58.0, "rhythm.beats_loudness.mean": 0.10569819062948227, "rhythm.beats_loudness.stdev": 0.06836991757154465, "rhythm.bpm": 83.09246063232422, "rhythm.bpm_histogram_first_peak_bpm": 83.0, "rhythm.bpm_histogram_first_peak_weight": 0.22222226858139038, "rhythm.bpm_histogram_second_peak_bpm": 94.0, "rhythm.bpm_histogram_second_peak_spread": 0.5714285969734192, "rhythm.bpm_histogram_second_peak_weight": 0.21052631735801697, "rhythm.danceability": 1.2276062965393066, "rhythm.onset_rate": 4.0944294929504395, "tonal.chords_changes_rate": 0.09606481343507767, "tonal.chords_number_rate": 0.018518518656492233, "tonal.chords_strength.mean": 0.4891802966594696, "tonal.chords_strength.stdev": 0.1167108565568924, "tonal.hpcp_crest.mean": 16.018190383911133, "tonal.hpcp_crest.stdev": 7.091462135314941, "tonal.hpcp_entropy.mean": 1.580259084701538, "tonal.hpcp_entropy.stdev": 0.6797413229942322, "tonal.key_edma.strength": 0.636513888835907, "tonal.key_krumhansl.strength": 0.6453307867050171, "tonal.key_temperley.strength": 0.6602222323417664, "tonal.tuning_diatonic_strength": 0.48580172657966614, "tonal.tuning_equal_tempered_deviation": 0.05993103235960007, "tonal.tuning_frequency": 440.0, "tonal.tuning_nontempered_energy_ratio": 0.6613796353340149, "lowlevel.barkbands.mean": [0.0002314422163181007, 0.013486490584909916, 0.011162922717630863, 0.0020077242515981197, 0.0036541768349707127, 0.0011998385889455676, 0.0028022152837365866, 0.0014001502422615886, 0.0011917942902073264, 0.0006862364243716002, 0.0008239013841375709, 0.000916426710318774, 0.00022667138546239585, 0.0003034459659829736, 0.0002105195599142462, 4.250192432664335e-05, 5.418101864052005e-05, 5.7959070545621216e-05, 3.79225384676829e-05, 5.24868410138879e-05, 2.1121242752997205e-05, 1.0849379577848595e-05, 1.8613885913509876e-05, 2.451820546411909e-05, 2.9872317099943757e-05, 1.5094210539245978e-05, 1.3719917433263618e-06], "lowlevel.barkbands.stdev": [0.0006924429326318204, 0.022542240098118782, 0.02527005597949028, 0.004360033664852381, 0.004768667742609978, 0.0026265131309628487, 0.006939910352230072, 0.003826799336820841, 0.0034256321378052235, 0.002634405856952071, 0.003433589357882738, 0.002676170552149415, 0.0013728132471442223, 0.0020159261766821146, 0.0006485971971414983, 0.00019469005928840488, 0.00020617460540961474, 0.00019575060287024826, 0.0001968728465726599, 0.0001618903479538858, 6.111607217462733e-05, 3.195736280758865e-05, 4.8497808165848255e-05, 6.922610191395506e-05, 9.879669960355386e-05, 6.261625821935013e-05, 9.671072803030256e-06], "lowlevel.erbbands.mean": [0.23452739417552948, 3.6181135177612305, 13.569826126098633, 8.339110374450684, 11.045729637145996, 12.187889099121094, 7.157578468322754, 11.604477882385254, 32.47275924682617, 48.047481536865234, 23.23116111755371, 26.810302734375, 22.843128204345703, 23.529273986816406, 32.04401397705078, 43.51087951660156, 13.798070907592773, 16.887760162353516, 13.70328426361084, 5.093875408172607, 2.594482421875, 2.8316080570220947, 3.215378522872925, 2.6263585090637207, 1.7990391254425049, 2.4528632164001465, 1.6348191499710083, 0.47742578387260437, 0.38238921761512756, 0.4279870092868805, 0.5423535704612732, 0.49445977807044983, 0.4327155649662018, 0.3482491672039032, 0.19850976765155792, 0.07673539221286774, 0.026658182963728905, 0.004783343523740768, 0.00016305306053254753, 4.8895308282226324e-05], "lowlevel.erbbands.stdev": [0.4676165282726288, 6.144442081451416, 30.055618286132812, 14.776347160339355, 18.082651138305664, 16.18670654296875, 13.273505210876465, 24.049541473388672, 90.59098815917969, 112.71125030517578, 60.96874237060547, 75.2327880859375, 87.86600494384766, 78.46863555908203, 110.67294311523438, 129.33522033691406, 63.71965789794922, 100.04653930664062, 46.61391067504883, 17.244356155395508, 10.705326080322266, 9.146515846252441, 10.66114330291748, 10.312146186828613, 9.229182243347168, 7.512135982513428, 5.144894599914551, 1.3058583736419678, 1.1401609182357788, 1.2288154363632202, 1.3935084342956543, 1.3396283388137817, 1.3072280883789062, 1.1595691442489624, 0.6759666800498962, 0.2949571907520294, 0.1199992373585701, 0.0261895302683115, 0.0009071976528503001, 5.8142002671957016e-05], "lowlevel.gfcc.mean": [-124.5540542602539, 156.95799255371094, -100.38325500488281, 4.313566207885742, -46.38560104370117, -1.324892520904541, -34.994850158691406, -0.19360369443893433, -20.876192092895508, -5.417794704437256, -6.3750739097595215, -14.657458305358887, -7.5334272384643555], "lowlevel.melbands.mean": [0.002920951694250107, 0.00611783005297184, 0.0015889405040070415, 0.000888841925188899, 0.00029848440317437053, 0.0002562737208791077, 0.0005170960794202983, 0.00048448724555782974, 0.0001862559438450262, 0.00016173710173461586, 0.00011089501640526578, 9.050488006323576e-05, 0.00012135213910369202, 9.641760698286816e-05, 7.470596756320447e-05, 2.2304628146230243e-05, 3.149637996102683e-05, 2.1815309082739986e-05, 1.0787824066937901e-05, 3.888707396981772e-06, 2.9403170174191473e-06, 2.8861554710601922e-06, 2.852987563528586e-06, 3.039644070668146e-06, 2.047830548690399e-06, 1.2759471701428993e-06, 1.297738890571054e-06, 1.7432976164855063e-06, 1.3450643336909707e-06, 4.024313398076629e-07, 2.2225928830721386e-07, 2.1447823428388801e-07, 2.0809696366086428e-07, 2.5166559680656064e-07, 3.0277072937678895e-07, 3.3908796126524976e-07, 2.8844732469224255e-07, 3.030054358532652e-07, 2.8624398851206934e-07, 3.00854992474342e-07], "lowlevel.melbands.stdev": [0.005026067141443491, 0.011908501386642456, 0.0025169646833091974, 0.001172232674434781, 0.000464711309177801, 0.0005313525907695293, 0.0013807481154799461, 0.001146871829405427, 0.0005102797877043486, 0.00046047355863265693, 0.0004397292505018413, 0.0003295548667665571, 0.0005060728872194886, 0.00029208639170974493, 0.00023177647381089628, 0.00013795206905342638, 0.00019962475926149637, 9.256827615899965e-05, 3.409699638723396e-05, 1.426596827514004e-05, 1.2833774235332385e-05, 8.914266800275072e-06, 1.3269548617245164e-05, 1.1256145626248326e-05, 8.59070223668823e-06, 7.586307674500858e-06, 4.871436885878211e-06, 5.360523118724814e-06, 4.63020796814817e-06, 1.0999019650625996e-06, 6.902012046339223e-07, 6.580672220479755e-07, 6.282892286435526e-07, 7.348463100242952e-07, 8.040804573283822e-07, 9.081200573746173e-07, 8.140220870700432e-07, 9.183017368741275e-07, 9.53655103330675e-07, 1.0294351113770972e-06], "lowlevel.melbands128.mean": [0.00021221568749751896, 0.0013539945939555764, 0.003572218120098114, 0.0067771137692034245, 0.008075747638940811, 0.0045036436058580875, 0.001534414361231029, 0.0009924821788445115, 0.0011399844661355019, 0.0010525587713345885, 0.0006391521892510355, 0.0003431414079386741, 0.00017711814143694937, 0.0002744300290942192, 0.0002635721757542342, 0.00021716486662626266, 0.00036740489304065704, 0.0006837978726252913, 0.0005062724812887609, 0.0006622257060371339, 0.00040700408862903714, 0.00013693324581254274, 0.0001518994104117155, 0.0002273974969284609, 0.0002136586990673095, 9.174588194582611e-05, 0.0001591982290847227, 0.00012110931857023388, 4.810193786397576e-05, 0.00012272981985006481, 5.250504182185978e-05, 0.0001303873723372817, 0.0001919317728606984, 5.91004136367701e-05, 3.096758882747963e-05, 0.00014386065595317632, 0.0001554698246764019, 6.747368024662137e-05, 3.336884765303694e-05, 1.2613890248758253e-05, 1.4952124729461502e-05, 4.323144821682945e-05, 3.345980076119304e-05, 3.009626925631892e-05, 1.3583743566414341e-05, 2.281735578435473e-05, 3.09687529806979e-05, 4.470243311516242e-06, 6.902950190124102e-06, 7.285527317435481e-06, 2.0433005829545436e-06, 2.2808262656326406e-06, 3.386193611731869e-06, 2.7504368063091533e-06, 3.2333509807358496e-06, 2.6452087240613764e-06, 2.5761644337762846e-06, 3.817230208369438e-06, 2.1059247501398204e-06, 2.8534591365314554e-06, 3.521567577990936e-06, 2.891623353207251e-06, 2.3543125280411914e-06, 2.0643444713641657e-06, 9.796923450267059e-07, 1.3153272675481276e-06, 1.463775333832018e-06, 9.793762956178398e-07, 1.2264096085345955e-06, 1.7785289401217597e-06, 1.501880660725874e-06, 1.9959618384746136e-06, 1.9089463876298396e-06, 1.280741230402782e-06, 5.886071221539169e-07, 4.4261702214498655e-07, 2.9628264996972575e-07, 2.3072398391832394e-07, 2.0541918388516933e-07, 2.200748667746666e-07, 2.2646746344889834e-07, 2.0794260535694775e-07, 2.0361551378300646e-07, 2.0491327745730814e-07, 2.083528443108662e-07, 2.3856986786086054e-07, 2.487681172169687e-07, 3.1619617857359117e-07, 2.9624956709994876e-07, 3.014030767189979e-07, 3.472511593827221e-07, 3.7396961261038086e-07, 2.8413620611900114e-07, 2.759397546014952e-07, 2.944958339412551e-07, 2.977700717110565e-07, 3.026827926078113e-07, 3.216729282939923e-07, 2.730698724917602e-07, 2.683338209408248e-07, 3.0771872161494684e-07, 2.9575670623671613e-07, 3.15285348051475e-07, 2.8983214406252955e-07, 2.1954906515020411e-07, 1.667749245370942e-07, 1.8849902971851407e-07, 1.4907517709161766e-07, 1.1443454184245638e-07, 1.1919343734234644e-07, 1.0672826533664193e-07, 9.371674281055675e-08, 8.495750591919204e-08, 7.623993525385231e-08, 5.087471777187602e-08, 4.506944861759621e-08, 3.833620354498635e-08, 1.9434386544503468e-08, 2.568659285273611e-09, 5.310753573017912e-12, 4.939199223230606e-12, 4.836650177586499e-12, 4.705781337516202e-12, 4.605803152063492e-12, 4.478663967466545e-12, 4.327535725601184e-12, 4.2423629713350675e-12, 4.212687490512401e-12], "lowlevel.melbands128.stdev": [0.0006604838999919593, 0.0032675659749656916, 0.007467400282621384, 0.012261520139873028, 0.018089890480041504, 0.009783318266272545, 0.0031355922110378742, 0.0021787972655147314, 0.002282775705680251, 0.0016004838980734348, 0.0010524637764319777, 0.0006359938997775316, 0.0004642375570256263, 0.0008309247205033898, 0.0007310682558454573, 0.0006339391693472862, 0.0011739418841898441, 0.0023590687196701765, 0.001586871687322855, 0.0018600182374939322, 0.0013474583392962813, 0.0006035422557033598, 0.0007239804835990071, 0.0007199470419436693, 0.0007987114368006587, 0.00042703415965661407, 0.0008392180316150188, 0.0007136825006455183, 0.00022247697052080184, 0.0006372129428200424, 0.000258862623013556, 0.0006561680347658694, 0.0009374929941259325, 0.0002335763565497473, 0.00019015988800674677, 0.0005426802090369165, 0.0005057172384113073, 0.00036046188324689865, 0.0002706219383981079, 0.0001313092652708292, 0.0001723677123663947, 0.0003391694917809218, 0.0002685965446289629, 0.00033643131610006094, 0.00017447542631998658, 8.466806320939213e-05, 0.00011044512939406559, 2.4374045096919872e-05, 4.757201895699836e-05, 2.8323618607828394e-05, 8.927081580623053e-06, 1.0805564670590684e-05, 2.632737778185401e-05, 1.3242314707895275e-05, 1.2802977835235652e-05, 1.1325497325742617e-05, 1.0356134225730784e-05, 3.25010041706264e-05, 9.440605936106294e-06, 1.1943859135499224e-05, 1.7217782442457974e-05, 1.4112615644990001e-05, 1.13065589175676e-05, 1.305416753893951e-05, 3.914833541784901e-06, 7.429668130498612e-06, 1.4321532944450155e-05, 3.938266672776081e-06, 5.692247214028612e-06, 7.357905815297272e-06, 5.361284365790198e-06, 7.177735369623406e-06, 7.624663794558728e-06, 5.359669103199849e-06, 1.8144914974982385e-06, 1.370020754620782e-06, 1.1418484291425557e-06, 8.251886356447358e-07, 6.621736474698992e-07, 7.003457085374976e-07, 7.088143547662185e-07, 7.32689727556135e-07, 6.936621730346815e-07, 6.390343401108112e-07, 7.169365403569827e-07, 7.848419159017794e-07, 7.883839430178341e-07, 1.0122079174834653e-06, 8.623273402008635e-07, 8.855999453771801e-07, 9.095784321289102e-07, 1.1471317975519923e-06, 8.698647206983878e-07, 8.656062391310115e-07, 8.657880812279473e-07, 9.61243245001242e-07, 9.97309030026372e-07, 1.0903535212491988e-06, 9.582903430782608e-07, 1.0548543514232733e-06, 1.108650167225278e-06, 1.0276147577314987e-06, 1.2589672451213119e-06, 1.111263372877147e-06, 8.155909654306015e-07, 6.330076871563506e-07, 7.536090151916142e-07, 5.77593823436473e-07, 4.753819666802883e-07, 5.268607878861076e-07, 6.187139547364495e-07, 4.5488030764317955e-07, 3.9794733197595633e-07, 4.116359946237935e-07, 2.5787724666770373e-07, 2.5959684535337146e-07, 2.4417866484327533e-07, 1.8380966082531813e-07, 2.7392417223381926e-08, 1.1126064479449749e-11, 1.0532283378772433e-11, 1.0218943746753695e-11, 9.92441025193802e-12, 9.642206304227852e-12, 9.326876944382168e-12, 9.06358408464536e-12, 8.938949407066854e-12, 8.886142689734644e-12], "lowlevel.mfcc.mean": [-775.9327392578125, 191.894775390625, 8.096624374389648, 12.387511253356934, 8.999375343322754, -4.798325538635254, 2.279167890548706, -4.398179054260254, -7.324565410614014, 4.161083698272705, -6.889994144439697, 1.8335072994232178, -1.105452060699463], "lowlevel.spectral_contrast_coeffs.mean": [-0.6318588256835938, -0.6835602521896362, -0.7360237836837769, -0.7782484292984009, -0.7949219346046448, -0.8123742938041687], "lowlevel.spectral_contrast_coeffs.stdev": [0.10564225912094116, 0.10193599760532379, 0.09294140338897705, 0.06446275860071182, 0.05500655993819237, 0.04426883906126022], "lowlevel.spectral_contrast_valleys.mean": [-7.500275135040283, -7.480402946472168, -8.436264038085938, -9.080479621887207, -9.491610527038574, -12.344085693359375], "lowlevel.spectral_contrast_valleys.stdev": [1.932570219039917, 1.5191844701766968, 1.5025631189346313, 1.3827139139175415, 1.7270046472549438, 2.0451931953430176], "rhythm.beats_loudness_band_ratio.mean": [0.6094072461128235, 0.1311497539281845, 0.13239794969558716, 0.1199953630566597, 0.015376929193735123, 0.02692682296037674], "rhythm.beats_loudness_band_ratio.stdev": [0.36846208572387695, 0.1619945615530014, 0.17880122363567352, 0.23178167641162872, 0.02870657853782177, 0.12306147813796997], "tonal.hpcp.mean": [0.23087741434574127, 0.10406976193189621, 0.02938367985188961, 0.023506931960582733, 0.03246982768177986, 0.10396979749202728, 0.20133422315120697, 0.16178655624389648, 0.1356237530708313, 0.14136606454849243, 0.057319507002830505, 0.01695544645190239, 0.015353487804532051, 0.010264732874929905, 0.07056056708097458, 0.12789911031723022, 0.07549483329057693, 0.04118490219116211, 0.05237087234854698, 0.040217988193035126, 0.08541487902402878, 0.1332843005657196, 0.08651474118232727, 0.07369912415742874, 0.1096903383731842, 0.07066026329994202, 0.029596438631415367, 0.03715601563453674, 0.041889820247888565, 0.12066589295864105, 0.16132764518260956, 0.08355608582496643, 0.051446326076984406, 0.08472990989685059, 0.11165246367454529, 0.20334762334823608], "tonal.hpcp.stdev": [0.33079367876052856, 0.20475873351097107, 0.12643536925315857, 0.10987850278615952, 0.12310685962438583, 0.20406901836395264, 0.3349648416042328, 0.2839564085006714, 0.2562117278575897, 0.2839067876338959, 0.13208217918872833, 0.08037546277046204, 0.08114998787641525, 0.05736717954277992, 0.16928474605083466, 0.29691100120544434, 0.1835888773202896, 0.14348956942558289, 0.17569969594478607, 0.1320973038673401, 0.18578235805034637, 0.26274874806404114, 0.19262073934078217, 0.19678674638271332, 0.2765500247478485, 0.20684951543807983, 0.09656469523906708, 0.12231354415416718, 0.13741955161094666, 0.2654857337474823, 0.32726454734802246, 0.1968940943479538, 0.17048250138759613, 0.24165078997612, 0.2622361481189728, 0.3059884309768677], "rhythm.beats_position": [0.6965986490249634, 1.404807209968567, 2.0897958278656006, 2.763174533843994, 3.4133331775665283, 4.075101852416992, 4.736870765686035, 5.375419616699219, 6.013967990875244, 6.664126873016357, 7.314285755157471, 7.964444160461426, 8.60299301147461, 9.241541862487793, 9.868480682373047, 10.4954195022583, 11.133968353271484, 11.772517204284668, 12.411065101623535, 13.049613952636719, 13.676552772521973, 14.303491592407227, 14.94204044342041, 15.580589294433594, 16.20752716064453, 16.85768699645996, 17.507844924926758, 18.134784698486328, 18.784942626953125, 19.423492431640625, 20.073650360107422, 20.71219825744629, 21.466848373413086, 22.20988655090332, 22.941314697265625, 23.67274284362793, 24.380952835083008, 25.100770950317383, 25.820589065551758, 26.552017211914062, 27.283445358276367, 28.003265380859375, 28.72308349609375, 29.442901611328125, 30.17432975769043, 30.905759811401367, 31.625577926635742, 32.35700607299805, 33.088436126708984, 33.80825424194336, 34.51646041870117, 35.22467041015625, 35.944488525390625, 36.664306640625, 37.384124755859375, 38.103946685791016, 38.82376480102539, 39.543582916259766], "rhythm.bpm_histogram": [0.0, 0.0, 0.0, 0.0, 0.0, 0.0, 0.0, 0.0, 0.0, 0.0, 0.0, 0.0, 0.0, 0.0, 0.0, 0.0, 0.0, 0.0, 0.0, 0.0, 0.0, 0.0, 0.0, 0.0, 0.0, 0.0, 0.0, 0.0, 0.0, 0.0, 0.0, 0.0, 0.0, 0.0, 0.0, 0.0, 0.0, 0.0, 0.0, 0.0, 0.0, 0.0, 0.0, 0.0, 0.0, 0.0, 0.0, 0.0, 0.0, 0.0, 0.0, 0.0, 0.0, 0.0, 0.0, 0.0, 0.0, 0.0, 0.0, 0.0, 0.0, 0.0, 0.0, 0.0, 0.0, 0.0, 0.0, 0.0, 0.0, 0.0, 0.0, 0.0, 0.0, 0.0, 0.0, 0.0, 0.0, 0.0, 0.0, 0.0, 0.017543859779834747, 0.017543859779834747, 0.14035087823867798, 0.22807016968727112, 0.0, 0.07017543911933899, 0.0, 0.0, 0.017543859779834747, 0.017543859779834747, 0.0, 0.035087719559669495, 0.14035087823867798, 0.0, 0.21052631735801697, 0.0, 0.10526315867900848, 0.0, 0.0, 0.0, 0.0, 0.0, 0.0, 0.0, 0.0, 0.0, 0.0, 0.0, 0.0, 0.0, 0.0, 0.0, 0.0, 0.0, 0.0, 0.0, 0.0, 0.0, 0.0, 0.0, 0.0, 0.0, 0.0, 0.0, 0.0, 0.0, 0.0, 0.0, 0.0, 0.0, 0.0, 0.0, 0.0, 0.0, 0.0, 0.0, 0.0, 0.0, 0.0, 0.0, 0.0, 0.0, 0.0, 0.0, 0.0, 0.0, 0.0, 0.0, 0.0, 0.0, 0.0, 0.0, 0.0, 0.0, 0.0, 0.0, 0.0, 0.0, 0.0, 0.0, 0.0, 0.0, 0.0, 0.0, 0.0, 0.0, 0.0, 0.0, 0.0, 0.0, 0.0, 0.0, 0.0, 0.0, 0.0, 0.0, 0.0, 0.0, 0.0, 0.0, 0.0, 0.0, 0.0, 0.0, 0.0, 0.0, 0.0, 0.0, 0.0, 0.0, 0.0, 0.0, 0.0, 0.0, 0.0, 0.0, 0.0, 0.0, 0.0, 0.0, 0.0, 0.0, 0.0, 0.0, 0.0, 0.0, 0.0, 0.0, 0.0, 0.0, 0.0, 0.0, 0.0, 0.0, 0.0, 0.0, 0.0, 0.0, 0.0, 0.0, 0.0, 0.0, 0.0, 0.0, 0.0, 0.0, 0.0, 0.0, 0.0, 0.0, 0.0, 0.0, 0.0, 0.0, 0.0, 0.0, 0.0, 0.0, 0.0, 0.0, 0.0, 0.0, 0.0, 0.0, 0.0, 0.0, 0.0, 0.0, 0.0, 0.0], "tonal.chords_histogram": [20.13888931274414, 4.398148059844971, 7.060184955596924, 11.574073791503906, 1.9675925970077515, 0.46296295523643494, 1.8518518209457397, 5.439815044403076, 0.0, 2.5462963581085205, 7.407407283782959, 2.314814805984497, 0.0, 0.0, 0.0, 0.0, 1.2731481790542603, 6.94444465637207, 7.870370388031006, 1.2731481790542603, 0.0, 0.0, 6.828703880310059, 10.648148536682129], "tonal.thpcp": [1.0, 0.4507576525211334, 0.12726961076259613, 0.10181564092636108, 0.1406366527080536, 0.450324684381485, 0.8720394968986511, 0.7007465958595276, 0.58742755651474, 0.6122992634773254, 0.24826814234256744, 0.07343917340040207, 0.06650060415267944, 0.044459667056798935, 0.30561918020248413, 0.5539698004722595, 0.3269909918308258, 0.17838428914546967, 0.22683410346508026, 0.1741962879896164, 0.36995771527290344, 0.577294647693634, 0.37472155690193176, 0.31921321153640747, 0.4751020669937134, 0.30605098605155945, 0.12819114327430725, 0.1609339565038681, 0.18143749237060547, 0.5226405262947083, 0.6987589001655579, 0.3619067072868347, 0.22282962501049042, 0.3669908940792084, 0.4836006462574005, 0.880760133266449], "lowlevel.gfcc.cov": [[16164.310546875, -2117.00048828125, 967.26611328125, 2020.3018798828125, -1000.1040649414062, 1474.482421875, 11.811007499694824, 1018.7039794921875, -290.1466064453125, 721.9451904296875, -168.79180908203125, 323.0765075683594, -405.486083984375], [-2117.00048828125, 5477.76513671875, -1113.2318115234375, -1980.5697021484375, 1852.6063232421875, -690.3746337890625, 896.4716186523438, -690.9130859375, 564.9879150390625, -449.23040771484375, 429.42120361328125, -330.945068359375, 228.19320678710938], [967.26611328125, -1113.2318115234375, 2585.131591796875, 1423.2974853515625, -18.24588966369629, 949.0708618164062, 16.630985260009766, 319.9503479003906, 41.83749008178711, 242.94766235351562, -119.42264556884766, 195.05235290527344, -173.78733825683594], [2020.3018798828125, -1980.5697021484375, 1423.2974853515625, 2090.858642578125, -490.9432678222656, 578.2149047851562, -257.91656494140625, 486.4283447265625, -102.4632797241211, 221.1765594482422, 2.721186876296997, 93.94727325439453, -116.66852569580078], [-1000.1040649414062, 1852.6063232421875, -18.24588966369629, -490.9432678222656, 1069.7239990234375, 14.29680347442627, 482.62225341796875, -176.10658264160156, 240.23397827148438, -119.03865051269531, 131.16043090820312, -82.6419677734375, 41.828800201416016], [1474.482421875, -690.3746337890625, 949.0708618164062, 578.2149047851562, 14.29680347442627, 869.4888305664062, 181.57171630859375, 223.00787353515625, -12.979557037353516, 202.6918487548828, -90.59483337402344, 124.55052185058594, -106.18053436279297], [11.811007499694824, 896.4716186523438, 16.630985260009766, -257.91656494140625, 482.62225341796875, 181.57171630859375, 600.6876831054688, 28.375329971313477, 100.26030731201172, -36.0366096496582, 48.116912841796875, -29.569095611572266, 9.358183860778809], [1018.7039794921875, -690.9130859375, 319.9503479003906, 486.4283447265625, -176.10658264160156, 223.00787353515625, 28.375329971313477, 331.4946594238281, -4.94846773147583, 116.47464752197266, -8.206781387329102, 31.42349624633789, -52.49541091918945], [-290.1466064453125, 564.9879150390625, 41.83749008178711, -102.4632797241211, 240.23397827148438, -12.979557037353516, 100.26030731201172, -4.94846773147583, 229.24423217773438, 30.629411697387695, 56.621952056884766, -20.84528923034668, 17.848283767700195], [721.9451904296875, -449.23040771484375, 242.94766235351562, 221.1765594482422, -119.03865051269531, 202.6918487548828, -36.0366096496582, 116.47464752197266, 30.629411697387695, 209.10287475585938, 11.796268463134766, 65.27925109863281, -61.25160217285156], [-168.79180908203125, 429.42120361328125, -119.42264556884766, 2.721186876296997, 131.16043090820312, -90.59483337402344, 48.116912841796875, -8.206781387329102, 56.621952056884766, 11.796268463134766, 201.9025421142578, -26.638280868530273, 9.716084480285645], [323.0765075683594, -330.945068359375, 195.05235290527344, 93.94727325439453, -82.6419677734375, 124.55052185058594, -29.569095611572266, 31.42349624633789, -20.84528923034668, 65.27925109863281, -26.638280868530273, 161.04779052734375, -7.694889068603516], [-405.486083984375, 228.19320678710938, -173.78733825683594, -116.66852569580078, 41.828800201416016, -106.18053436279297, 9.358183860778809, -52.49541091918945, 17.848283767700195, -61.25160217285156, 9.716084480285645, -7.694889068603516, 122.71072387695312]], "lowlevel.gfcc.icov": [[0.0001430308911949396, -0.0003063927579205483, 0.0001622978743398562, -0.0002289972035214305, 0.0002184381301049143, -0.00019476682064123452, 0.00010409273090772331, -0.00041254644747823477, 0.0004067830159328878, -0.0004461180651560426, 0.00045866414438933134, -0.00029397907201200724, 0.00029051725869067013], [-0.0003063927579205483, 0.0019810942467302084, -0.0005073340726085007, 0.001064627431333065, -0.0013375715352594852, 0.0005517358076758683, -0.0008641282911412418, 0.0018903359305113554, -0.002266206545755267, 0.002030509291216731, -0.0026319350581616163, 0.0014412852469831705, -0.0009529259987175465], [0.0001622978743398562, -0.0005073340726085007, 0.0012275680201128125, -0.0009505932684987783, 0.00011212839308427647, -0.0008867756696417928, 0.0003014247340615839, -0.00028767992625944316, 8.568442717660218e-05, -0.0004095084732398391, 0.0012172335991635919, -0.0010200260439887643, 0.000985666993074119], [-0.0002289972035214305, 0.001064627431333065, -0.0009505932684987783, 0.0020036513451486826, -0.0005340451607480645, 8.919736865209416e-05, 0.00020699057495221496, -0.00031667371513321996, -0.0007991974125616252, 0.0014644850743934512, -0.002370580332353711, 0.0012515217531472445, -0.0009563630446791649], [0.0002184381301049143, -0.0013375715352594852, 0.00011212839308427647, -0.0005340451607480645, 0.0034846628550440073, -0.0007652653148397803, -0.0008596553816460073, -9.265091648558155e-05, -0.0002862135006580502, -9.006236359709874e-05, 0.0006536010769195855, -0.0006182849174365401, 0.0009422810398973525], [-0.00019476682064123452, 0.0005517358076758683, -0.0008867756696417928, 8.919736865209416e-05, -0.0007652653148397803, 0.0034290931653231382, -0.0013810382224619389, 0.0004127634456381202, 0.0002841498935595155, -0.0015278694918379188, 0.0005250946851447225, -9.806528396438807e-05, -0.00018245096725877374], [0.00010409273090772331, -0.0008641282911412418, 0.0003014247340615839, 0.00020699057495221496, -0.0008596553816460073, -0.0013810382224619389, 0.004017000552266836, -0.0025495407171547413, 0.0010939213680103421, 0.00014840402582194656, 0.0006015038234181702, -0.00042195001151412725, 0.00011646620987448841], [-0.00041254644747823477, 0.0018903359305113554, -0.00028767992625944316, -0.00031667371513321996, -9.265091648558155e-05, 0.0004127634456381202, -0.0025495407171547413, 0.00833213608711958, -0.00318375532515347, 0.0005386148695833981, -0.0022249678149819374, 0.0017661451129242778, -0.0004205000586807728], [0.0004067830159328878, -0.002266206545755267, 8.568442717660218e-05, -0.0007991974125616252, -0.0002862135006580502, 0.0002841498935595155, 0.0010939213680103421, -0.00318375532515347, 0.00994504988193512, -0.005584713537245989, 0.002621518913656473, -0.0007024530787020922, -0.0006678302306681871], [-0.0004461180651560426, 0.002030509291216731, -0.0004095084732398391, 0.0014644850743934512, -9.006236359709874e-05, -0.0015278694918379188, 0.00014840402582194656, 0.0005386148695833981, -0.005584713537245989, 0.012708828784525394, -0.004976316820830107, -0.0008356401813216507, 0.001987649127840996], [0.00045866414438933134, -0.0026319350581616163, 0.0012172335991635919, -0.002370580332353711, 0.0006536010769195855, 0.0005250946851447225, 0.0006015038234181702, -0.0022249678149819374, 0.002621518913656473, -0.004976316820830107, 0.01052030548453331, -0.0017872829921543598, 0.0013035462470725179], [-0.00029397907201200724, 0.0014412852469831705, -0.0010200260439887643, 0.0012515217531472445, -0.0006182849174365401, -9.806528396438807e-05, -0.00042195001151412725, 0.0017661451129242778, -0.0007024530787020922, -0.0008356401813216507, -0.0017872829921543598, 0.009431815706193447, -0.0025746910832822323], [0.00029051725869067013, -0.0009529259987175465, 0.000985666993074119, -0.0009563630446791649, 0.0009422810398973525, -0.00018245096725877374, 0.00011646620987448841, -0.0004205000586807728, -0.0006678302306681871, 0.001987649127840996, 0.0013035462470725179, -0.0025746910832822323, 0.01152473408728838]], "lowlevel.mfcc.cov": [[10633.4716796875, -2822.0732421875, 1216.74853515625, 772.9658813476562, -191.9171600341797, 388.166748046875, 528.157470703125, 381.76068115234375, 242.5372314453125, 397.0871276855469, 251.92282104492188, 470.0853271484375, 205.29788208007812], [-2822.0732421875, 6301.07421875, -1988.3350830078125, -938.6052856445312, 295.9794616699219, 218.31785583496094, 188.34100341796875, 98.51535034179688, 123.38609313964844, -52.13285446166992, 132.22361755371094, -139.02430725097656, 246.51441955566406], [1216.74853515625, -1988.3350830078125, 2360.634521484375, 760.7835693359375, 369.03887939453125, 560.5726318359375, 185.5897216796875, 252.17868041992188, 189.57943725585938, 135.6976318359375, 206.71261596679688, 149.06967163085938, 40.37049102783203], [772.9658813476562, -938.6052856445312, 760.7835693359375, 1005.2145385742188, 287.2581787109375, 76.24685668945312, 144.04444885253906, 115.8400650024414, 2.934089422225952, 99.20852661132812, 34.462398529052734, 231.5080108642578, 8.64687728881836], [-191.9171600341797, 295.9794616699219, 369.03887939453125, 287.2581787109375, 494.0723571777344, 241.5698699951172, 94.8653335571289, 101.22118377685547, 61.87004852294922, 79.62239837646484, 100.22565460205078, 80.8576431274414, 55.71294021606445], [388.166748046875, 218.31785583496094, 560.5726318359375, 76.24685668945312, 241.5698699951172, 627.5901489257812, 250.19041442871094, 209.31809997558594, 194.22764587402344, 67.75466918945312, 204.4756317138672, 5.744817733764648, 75.41497039794922], [528.157470703125, 188.34100341796875, 185.5897216796875, 144.04444885253906, 94.8653335571289, 250.19041442871094, 449.6707458496094, 235.8511199951172, 114.8521957397461, 149.2969512939453, 93.36741638183594, 74.80917358398438, 44.173973083496094], [381.76068115234375, 98.51535034179688, 252.17868041992188, 115.8400650024414, 101.22118377685547, 209.31809997558594, 235.8511199951172, 267.1955871582031, 144.46365356445312, 84.95623016357422, 96.14128875732422, 40.27510452270508, 40.61956024169922], [242.5372314453125, 123.38609313964844, 189.57943725585938, 2.934089422225952, 61.87004852294922, 194.22764587402344, 114.8521957397461, 144.46365356445312, 259.75079345703125, 76.90613555908203, 96.9766845703125, -14.532392501831055, 27.513891220092773], [397.0871276855469, -52.13285446166992, 135.6976318359375, 99.20852661132812, 79.62239837646484, 67.75466918945312, 149.2969512939453, 84.95623016357422, 76.90613555908203, 222.5382080078125, 75.59820556640625, 63.29685592651367, 2.8335554599761963], [251.92282104492188, 132.22361755371094, 206.71261596679688, 34.462398529052734, 100.22565460205078, 204.4756317138672, 93.36741638183594, 96.14128875732422, 96.9766845703125, 75.59820556640625, 223.97003173828125, 61.90785598754883, 52.05826950073242], [470.0853271484375, -139.02430725097656, 149.06967163085938, 231.5080108642578, 80.8576431274414, 5.744817733764648, 74.80917358398438, 40.27510452270508, -14.532392501831055, 63.29685592651367, 61.90785598754883, 211.63706970214844, 80.0812759399414], [205.29788208007812, 246.51441955566406, 40.37049102783203, 8.64687728881836, 55.71294021606445, 75.41497039794922, 44.173973083496094, 40.61956024169922, 27.513891220092773, 2.8335554599761963, 52.05826950073242, 80.0812759399414, 177.72076416015625]], "lowlevel.mfcc.icov": [[0.00013904646039009094, 6.677678175037727e-05, 3.52369352185633e-05, -3.6739416827913374e-05, 0.00016327088815160096, -0.00012414708908181638, -1.536483432573732e-05, -7.48515230952762e-05, -3.952332917833701e-05, -0.00015244563110172749, 1.2114331184420735e-05, -0.0001950693258550018, -0.00014413999451790005], [6.677678175037727e-05, 0.00038878736086189747, 0.00038512260653078556, 0.0001697215047897771, -0.0003854885289911181, -0.0001758644648361951, -0.00014504394493997097, -0.00013087884872220457, -9.215538011630997e-05, 6.935776036698371e-05, -0.00013618057710118592, 5.016919749323279e-05, -0.00042027904419228435], [3.52369352185633e-05, 0.00038512260653078556, 0.0011625586776062846, -0.0003845102619379759, -0.0003207813133485615, -0.0008889756863936782, 0.00033882263232953846, -0.0004177793744020164, -0.00010986668348778039, -0.00011947023449465632, -0.00014887821453157812, 6.787225720472634e-05, -0.0002992759400513023], [-3.6739416827913374e-05, 0.0001697215047897771, -0.0003845102619379759, 0.0022600661031901836, -0.001164584537036717, 0.0004361627215985209, -0.00042824065894819796, -0.00030969741055741906, -1.8526963685872033e-05, 0.00037120215711183846, 0.0006147336680442095, -0.0019787182100117207, 0.0008501223637722433], [0.00016327088815160096, -0.0003854885289911181, -0.0003207813133485615, -0.001164584537036717, 0.004000918474048376, -0.0013361453311517835, 0.0009359907126054168, -0.00036139003350399435, 0.00044644204899668694, -0.0012593214632943273, 0.00011683615593938157, -0.0003965351788792759, -0.00026624518795870245], [-0.00012414708908181638, -0.0001758644648361951, -0.0008889756863936782, 0.0004361627215985209, -0.0013361453311517835, 0.004655296448618174, -0.0019558006897568703, 0.0002006976428674534, -0.0009730292367748916, 0.001480611739680171, -0.0023626082111150026, 0.0017185427714139223, -0.0005035505164414644], [-1.536483432573732e-05, -0.00014504394493997097, 0.00033882263232953846, -0.00042824065894819796, 0.0009359907126054168, -0.0019558006897568703, 0.00581358140334487, -0.004038320854306221, 0.000999842886812985, -0.00259879557415843, 0.0012148675741627812, -0.00099017599131912, 0.0001542582322144881], [-7.48515230952762e-05, -0.00013087884872220457, -0.0004177793744020164, -0.00030969741055741906, -0.00036139003350399435, 0.0002006976428674534, -0.004038320854306221, 0.009680408053100109, -0.0031137755140662193, 0.0008708590758033097, -0.0008766388637013733, 0.00029267778154462576, -0.00020959704124834388], [-3.952332917833701e-05, -9.215538011630997e-05, -0.00010986668348778039, -1.8526963685872033e-05, 0.00044644204899668694, -0.0009730292367748916, 0.000999842886812985, -0.0031137755140662193, 0.006968687754124403, -0.0018013280350714922, -0.0009350693435408175, 0.001748564769513905, -0.0006286939606070518], [-0.00015244563110172749, 6.935776036698371e-05, -0.00011947023449465632, 0.00037120215711183846, -0.0012593214632943273, 0.001480611739680171, -0.00259879557415843, 0.0008708590758033097, -0.0018013280350714922, 0.007629632018506527, -0.0017032492905855179, -0.001222350518219173, 0.0015093114925548434], [1.2114331184420735e-05, -0.00013618057710118592, -0.00014887821453157812, 0.0006147336680442095, 0.00011683615593938157, -0.0023626082111150026, 0.0012148675741627812, -0.0008766388637013733, -0.0009350693435408175, -0.0017032492905855179, 0.008320634253323078, -0.0029576013330370188, 0.00011046773579437286], [-0.0001950693258550018, 5.016919749323279e-05, 6.787225720472634e-05, -0.0019787182100117207, -0.0003965351788792759, 0.0017185427714139223, -0.00099017599131912, 0.00029267778154462576, 0.001748564769513905, -0.001222350518219173, -0.0029576013330370188, 0.010725505650043488, -0.00440692063421011], [-0.00014413999451790005, -0.00042027904419228435, -0.0002992759400513023, 0.0008501223637722433, -0.00026624518795870245, -0.0005035505164414644, 0.0001542582322144881, -0.00020959704124834388, -0.0006286939606070518, 0.0015093114925548434, 0.00011046773579437286, -0.00440692063421011, 0.008736276999115944]], "metada