{"song_id": "1183680003444052019", "download": "https://cdn.discordapp.com/attachments/1135911532732108921/1183680003444052019/chirp.mp4?ex=658936e8&amp", "lyrics": "[verse]\nEu vim l\u00e1 de baixo, sem dinheiro no bolso\nUma hist\u00f3ria de supera\u00e7\u00e3o, nunca fui omisso\nLutei todos os dias, enfrentei obst\u00e1culos\nAgora ostento luxo, vivo no para\u00edso\n\n[chorus]\nCart\u00e3o Black, s\u00f3 carro de luxo\nAs notas na minha m\u00e3o, n\u00e3o conhe\u00e7o o fracasso\nDe volta pra minha quebrada, eu n\u00e3o volto mais\nVim pra ficar, o jogo agora \u00e9 de classe\n\n[verse]\nEu chego na balada no estilo ostenta\u00e7\u00e3o\nMulheres bonitas, BMW Z4 na m\u00e3o\nRolex no pulso, brilhando na escurid\u00e3o\nO baile para quando entro, causo admira\u00e7\u00e3o\n\n[chorus]\nCart\u00e3o Black, dinheiro n\u00e3o \u00e9 problema pra mim\nVida de luxo, tudo que sempre quis ter enfim\nMulheres no meu p\u00e9, querendo sentir o poder\nNo volante da Z4, eu vou dominar voc\u00ea", "style": ["Trap ostenta\u00e7\u00e3o com melodia estilo CARTAO BLACK do mc caverinha e kayblack"], "essentia_features": {"lowlevel.average_loudness": 0.9119918346405029, "lowlevel.barkbands_crest.mean": 15.37981128692627, "lowlevel.barkbands_crest.stdev": 6.117130279541016, "lowlevel.barkbands_flatness_db.mean": 0.3236370384693146, "lowlevel.barkbands_flatness_db.stdev": 0.1381196230649948, "lowlevel.barkbands_kurtosis.mean": 27.664318084716797, "lowlevel.barkbands_kurtosis.stdev": 64.52662658691406, "lowlevel.barkbands_skewness.mean": 3.262545585632324, "lowlevel.barkbands_skewness.stdev": 3.2533578872680664, "lowlevel.barkbands_spread.mean": 14.595234870910645, "lowlevel.barkbands_spread.stdev": 19.066129684448242, "lowlevel.dissonance.mean": 0.40080010890960693, "lowlevel.dissonance.stdev": 0.0691889077425003, "lowlevel.dynamic_complexity": 4.97674036026001, "lowlevel.erbbands_crest.mean": 12.513994216918945, "lowlevel.erbbands_crest.stdev": 4.66722297668457, "lowlevel.erbbands_flatness_db.mean": 0.2831840515136719, "lowlevel.erbbands_flatness_db.stdev": 0.12150675058364868, "lowlevel.erbbands_kurtosis.mean": 1.9713542461395264, "lowlevel.erbbands_kurtosis.stdev": 4.091282367706299, "lowlevel.erbbands_skewness.mean": 0.844188928604126, "lowlevel.erbbands_skewness.stdev": 1.2285985946655273, "lowlevel.erbbands_spread.mean": 34.795066833496094, "lowlevel.erbbands_spread.stdev": 33.00796890258789, "lowlevel.hfc.mean": 14.104724884033203, "lowlevel.hfc.stdev": 21.116971969604492, "lowlevel.loudness_ebu128.integrated": -14.939811706542969, "lowlevel.loudness_ebu128.loudness_range": 10.793770790100098, "lowlevel.loudness_ebu128.momentary.mean": -17.145357131958008, "lowlevel.loudness_ebu128.momentary.stdev": 4.708037853240967, "lowlevel.loudness_ebu128.short_term.mean": -16.273107528686523, "lowlevel.loudness_ebu128.short_term.stdev": 3.6820995807647705, "lowlevel.melbands_crest.mean": 19.16362953186035, "lowlevel.melbands_crest.stdev": 6.48675012588501, "lowlevel.melbands_flatness_db.mean": 0.39070215821266174, "lowlevel.melbands_flatness_db.stdev": 0.17662426829338074, "lowlevel.melbands_kurtosis.mean": 45.23161315917969, "lowlevel.melbands_kurtosis.stdev": 97.62818145751953, "lowlevel.melbands_skewness.mean": 4.139867782592773, "lowlevel.melbands_skewness.stdev": 3.345066785812378, "lowlevel.melbands_spread.mean": 17.67256736755371, "lowlevel.melbands_spread.stdev": 32.399967193603516, "lowlevel.pitch_salience.mean": 0.4241871237754822, "lowlevel.pitch_salience.stdev": 0.17634332180023193, "lowlevel.silence_rate_20dB.mean": 1.0, "lowlevel.silence_rate_20dB.stdev": 0.0, "lowlevel.silence_rate_30dB.mean": 0.8847045302391052, "lowlevel.silence_rate_30dB.stdev": 0.31937602162361145, "lowlevel.silence_rate_60dB.mean": 0.32039397954940796, "lowlevel.silence_rate_60dB.stdev": 0.46662962436676025, "lowlevel.spectral_centroid.mean": 948.661376953125, "lowlevel.spectral_centroid.stdev": 920.2818603515625, "lowlevel.spectral_complexity.mean": 7.684240818023682, "lowlevel.spectral_complexity.stdev": 7.866238594055176, "lowlevel.spectral_decrease.mean": -8.632261128127539e-09, "lowlevel.spectral_decrease.stdev": 1.4669945258560801e-08, "lowlevel.spectral_energy.mean": 0.033859457820653915, "lowlevel.spectral_energy.stdev": 0.056008752435445786, "lowlevel.spectral_energyband_high.mean": 0.00083000777522102, "lowlevel.spectral_energyband_high.stdev": 0.0018800771795213223, "lowlevel.spectral_energyband_low.mean": 0.02442266047000885, "lowlevel.spectral_energyband_low.stdev": 0.051316890865564346, "lowlevel.spectral_energyband_middle_high.mean": 0.0020959188695997, "lowlevel.spectral_energyband_middle_high.stdev": 0.004455211106687784, "lowlevel.spectral_energyband_middle_low.mean": 0.007618663366883993, "lowlevel.spectral_energyband_middle_low.stdev": 0.018142804503440857, "lowlevel.spectral_entropy.mean": 6.475846767425537, "lowlevel.spectral_entropy.stdev": 1.2506555318832397, "lowlevel.spectral_flux.mean": 0.08132980763912201, "lowlevel.spectral_flux.stdev": 0.10559484362602234, "lowlevel.spectral_kurtosis.mean": 33.91064453125, "lowlevel.spectral_kurtosis.stdev": 44.823577880859375, "lowlevel.spectral_rms.mean": 0.004289897158741951, "lowlevel.spectral_rms.stdev": 0.0038249706849455833, "lowlevel.spectral_rolloff.mean": 1501.5667724609375, "lowlevel.spectral_rolloff.stdev": 2508.44921875, "lowlevel.spectral_skewness.mean": 3.4680190086364746, "lowlevel.spectral_skewness.stdev": 2.8272855281829834, "lowlevel.spectral_spread.mean": 4469285.0, "lowlevel.spectral_spread.stdev": 3910617.25, "lowlevel.spectral_strongpeak.mean": 0.6993746161460876, "lowlevel.spectral_strongpeak.stdev": 0.7377496957778931, "lowlevel.zerocrossingrate.mean": 0.051408715546131134, "lowlevel.zerocrossingrate.stdev": 0.0603225976228714, "metadata.audio_properties.analysis.equal_loudness": 0.0, "metadata.audio_properties.analysis.length": 40.04265213012695, "metadata.audio_properties.analysis.sample_rate": 44100.0, "metadata.audio_properties.analysis.start_time": 0.0, "metadata.audio_properties.bit_rate": 115363.0, "metadata.audio_properties.length": 40.042667388916016, "metadata.audio_properties.lossless": 0.0, "metadata.audio_properties.number_channels": 1.0, "metadata.audio_properties.replay_gain": -12.36884880065918, "metadata.audio_properties.sample_rate": 48000.0, "rhythm.beats_count": 83.0, "rhythm.beats_loudness.mean": 0.059606511145830154, "rhythm.beats_loudness.stdev": 0.07401556521654129, "rhythm.bpm": 124.95732879638672, "rhythm.bpm_histogram_first_peak_bpm": 126.0, "rhythm.bpm_histogram_first_peak_weight": 0.46341460943222046, "rhythm.bpm_histogram_second_peak_bpm": 0.0, "rhythm.bpm_histogram_second_peak_spread": 0.0, "rhythm.bpm_histogram_second_peak_weight": 0.0, "rhythm.danceability": 1.5198496580123901, "rhythm.onset_rate": 5.192934989929199, "tonal.chords_changes_rate": 0.0381944440305233, "tonal.chords_number_rate": 0.008101851679384708, "tonal.chords_strength.mean": 0.5612740516662598, "tonal.chords_strength.stdev": 0.10099812597036362, "tonal.hpcp_crest.mean": 16.932554244995117, "tonal.hpcp_crest.stdev": 7.599859237670898, "tonal.hpcp_entropy.mean": 1.5446734428405762, "tonal.hpcp_entropy.stdev": 0.6985473036766052, "tonal.key_edma.strength": 0.6666003465652466, "tonal.key_krumhansl.strength": 0.6596760153770447, "tonal.key_temperley.strength": 0.6492750644683838, "tonal.tuning_diatonic_strength": 0.5510349869728088, "tonal.tuning_equal_tempered_deviation": 0.27396807074546814, "tonal.tuning_frequency": 434.193115234375, "tonal.tuning_nontempered_energy_ratio": 0.9860606789588928, "lowlevel.barkbands.mean": [0.00040544182411395013, 0.019781067967414856, 0.0032972381450235844, 0.0017008342547342181, 0.001703098532743752, 0.0016855134163051844, 0.0007353861001320183, 0.0006779540563002229, 0.0007306497427634895, 0.0006122818449512124, 0.00024094314721878618, 0.00044981943210586905, 0.00031709083123132586, 0.0001911923463921994, 0.00011412305320845917, 5.065028017270379e-05, 9.496742859482765e-05, 6.596499588340521e-05, 9.405463060829788e-05, 0.00011466610158095136, 7.797712169121951e-05, 0.00010862814087886363, 0.00019900263578165323, 0.00020366747048683465, 0.00015518338477704674, 5.183886969462037e-05, 2.4213539973061415e-07], "lowlevel.barkbands.stdev": [0.0015866977628320456, 0.043075673282146454, 0.015447248704731464, 0.009442913345992565, 0.005699693225324154, 0.002451458480209112, 0.0018398244865238667, 0.0019183724652975798, 0.0025410372763872147, 0.002156143309548497, 0.0006812235224060714, 0.0012742034159600735, 0.001298600691370666, 0.0008145374595187604, 0.0004936895566061139, 0.00024103096802718937, 0.0003647291741799563, 0.00035033145104534924, 0.0002975598908960819, 0.0002991810324601829, 0.0002591009542811662, 0.00030756386695429683, 0.0005379760405048728, 0.0005335622117854655, 0.0004131958703510463, 0.00013400160241872072, 1.1935080692637712e-06], "lowlevel.erbbands.mean": [0.5921658277511597, 4.293663501739502, 4.769858360290527, 5.0192155838012695, 5.426351070404053, 5.436610221862793, 9.657867431640625, 14.291322708129883, 10.913304328918457, 10.018298149108887, 18.090002059936523, 17.673053741455078, 23.851585388183594, 10.63658332824707, 12.090741157531738, 19.867992401123047, 17.369123458862305, 11.41977596282959, 7.448705196380615, 3.6148974895477295, 3.614908218383789, 5.137462615966797, 3.9183950424194336, 3.1574885845184326, 6.970460414886475, 4.836183071136475, 3.1969408988952637, 3.099072217941284, 4.026185512542725, 4.178891658782959, 5.702661037445068, 4.76816987991333, 3.164771795272827, 2.048424243927002, 0.917862594127655, 0.3422889709472656, 0.07168634980916977, 0.003992410376667976, 0.00012101761967642233, 4.636239100364037e-05], "lowlevel.erbbands.stdev": [1.3378773927688599, 9.692574501037598, 17.916868209838867, 25.841243743896484, 28.364219665527344, 15.22784423828125, 13.410221099853516, 22.7533016204834, 25.348901748657227, 27.71259880065918, 50.09636688232422, 59.04785919189453, 78.928466796875, 41.18079376220703, 28.640836715698242, 52.716697692871094, 65.51876068115234, 45.61678695678711, 30.308635711669922, 14.402027130126953, 14.7996187210083, 20.567049026489258, 19.972885131835938, 13.104371070861816, 18.172744750976562, 13.224516868591309, 10.857124328613281, 9.918960571289062, 11.576632499694824, 10.94937515258789, 15.413939476013184, 12.726357460021973, 8.659506797790527, 5.46465539932251, 2.4710307121276855, 0.8882851004600525, 0.1897696852684021, 0.010945245623588562, 0.00029020578949712217, 6.63434766465798e-05], "lowlevel.gfcc.mean": [-169.2366180419922, 122.4465103149414, -105.71369171142578, -11.008137702941895, -76.23974609375, -10.483837127685547, -33.140785217285156, -17.38351058959961, -40.212310791015625, 8.273880004882812, 10.611738204956055, 1.282421588897705, -2.445042133331299], "lowlevel.melbands.mean": [0.005544828251004219, 0.0035171096678823233, 0.0008800617069937289, 0.00036795888445340097, 0.0003349262988194823, 0.00032067950814962387, 0.0001615613145986572, 0.00010748280328698456, 0.00014861690578982234, 0.00010718309931689873, 0.0001165256617241539, 4.100982187082991e-05, 3.8322217733366415e-05, 4.839438042836264e-05, 4.5748140109935775e-05, 2.8803815439459868e-05, 2.1073728930787183e-05, 1.1925782928301487e-05, 6.057170594431227e-06, 3.8044868233555462e-06, 4.457644536159933e-06, 5.4188176363823e-06, 4.779762093676254e-06, 2.630020844662795e-06, 2.3165750917542027e-06, 4.264997642167145e-06, 5.655616405420005e-06, 2.564486976552871e-06, 1.850921762525104e-06, 1.971459141714149e-06, 1.7627426132094115e-06, 2.2990936940914253e-06, 2.0896866317343665e-06, 2.592858436401002e-06, 3.164670488331467e-06, 3.696206704262295e-06, 2.6184075068158563e-06, 2.3920952116895933e-06, 1.7632612525630975e-06, 1.7339766600343864e-06], "lowlevel.melbands.stdev": [0.012131469324231148, 0.009304002858698368, 0.004468989092856646, 0.0015297721838578582, 0.0004596823127940297, 0.0004925319226458669, 0.00038164728903211653, 0.00028312040376476943, 0.0004025710513815284, 0.00035541344550438225, 0.00039390145684592426, 0.0001820457837311551, 0.0001024535158649087, 0.000133262321469374, 0.00015082096797414124, 0.00010631945042405277, 9.821335697779432e-05, 5.0239214033354074e-05, 2.412616231595166e-05, 1.6855765352374874e-05, 1.8468164853402413e-05, 2.140900141966995e-05, 2.3381124265142716e-05, 1.3782766473013908e-05, 1.0282952644047327e-05, 1.1941458069486544e-05, 1.482385050621815e-05, 7.89484602137236e-06, 6.425505489460193e-06, 6.894033049320569e-06, 5.712633537768852e-06, 7.023967555142008e-06, 5.802834039059235e-06, 7.025347713351948e-06, 8.709426765562966e-06, 1.0643582754710224e-05, 6.902757831994677e-06, 6.732056135660969e-06, 4.9146519813803025e-06, 4.762832304550102e-06], "lowlevel.melbands128.mean": [0.00037683857954107225, 0.00411005737259984, 0.00875912606716156, 0.006484638433903456, 0.0030048771295696497, 0.0014688716037198901, 0.0010319167049601674, 0.0007827150984667242, 0.000542500289157033, 0.0003061625175178051, 0.00028265552828088403, 0.0003126582596451044, 0.00026914564659819007, 0.00047552326577715576, 0.0003937518340535462, 0.00019305657770019025, 0.00018217759497929364, 0.00016213327762670815, 0.00012302999675739557, 0.00011995541717624292, 6.644070526817814e-05, 0.00015468147466890514, 0.00017698356532491744, 0.00011225364869460464, 0.00013344548642635345, 6.565744115505368e-05, 0.00014440140512306243, 0.00016232053167186677, 4.653377254726365e-05, 5.502302519744262e-05, 2.5803130483836867e-05, 3.651381121017039e-05, 4.746358536067419e-05, 3.0461573260254227e-05, 3.9013277273625135e-05, 5.636457717628218e-05, 6.537564331665635e-05, 3.264637052780017e-05, 4.568904114421457e-05, 4.875583545072004e-05, 1.7509812096250243e-05, 1.1834304132207762e-05, 2.6900173907051794e-05, 2.4492450393154286e-05, 6.892512828926556e-06, 1.4048729099158663e-05, 1.244258055521641e-05, 3.816900516540045e-06, 4.8598071771266405e-06, 4.990818524674978e-06, 2.8405518150975695e-06, 3.869000920531107e-06, 3.2140762868948514e-06, 5.664680429617874e-06, 5.415130999608664e-06, 5.293339654599549e-06, 5.477809736476047e-06, 5.220236289460445e-06, 4.863639333052561e-06, 3.23102221955196e-06, 2.3207876438391395e-06, 2.241273932668264e-06, 2.4683661195012974e-06, 2.103204678860493e-06, 2.491341774657485e-06, 3.858995569316903e-06, 5.339613380783703e-06, 6.987575488892617e-06, 5.502348813024582e-06, 4.5625602069776505e-06, 2.1045805169706e-06, 1.996247192437295e-06, 1.738502078296733e-06, 1.7568472685525194e-06, 2.018256509472849e-06, 2.316870677532279e-06, 1.7889485661726212e-06, 1.4378256310010329e-06, 1.7871287809612113e-06, 1.9701603832800174e-06, 2.323385160707403e-06, 2.4093108095257776e-06, 2.3781624349794583e-06, 2.136632247129455e-06, 1.7530729792269995e-06, 1.8510284007788869e-06, 2.7765829599957215e-06, 4.330875981395366e-06, 2.443793619022472e-06, 2.6050847736769356e-06, 5.001078079658328e-06, 3.3136000183731085e-06, 3.2831972021085676e-06, 2.3391758077195846e-06, 2.371931941524963e-06, 2.7844255328091094e-06, 2.387472022746806e-06, 1.8945612509924104e-06, 1.605756096978439e-06, 1.8271725821250584e-06, 1.8599524764795206e-06, 1.5779769455548376e-06, 1.8027511714535649e-06, 1.3759809007751755e-06, 8.657083299112855e-07, 7.372147479145497e-07, 7.802710229043441e-07, 7.614164587721461e-07, 6.015197868691757e-07, 4.368870065718511e-07, 4.1259147565142484e-07, 2.1526767568502692e-07, 2.572320170202147e-07, 1.262321376316322e-07, 4.551547405640122e-08, 2.0388823074313223e-08, 8.893114689101367e-09, 9.507010734211008e-10, 2.10307410375421e-10, 1.255814896516938e-10, 9.583293880677246e-11, 2.893235130640992e-11, 6.480874430864203e-12, 5.991139008509894e-12, 5.282474110912538e-12, 4.490860808226138e-12, 4.139986964357689e-12, 4.077232041571621e-12], "lowlevel.melbands128.stdev": [0.0014206112828105688, 0.009755104780197144, 0.020118875429034233, 0.015769336372613907, 0.01088766846805811, 0.007094283122569323, 0.005592385306954384, 0.004386197775602341, 0.002892883727326989, 0.0014913236955180764, 0.0007262975559569895, 0.00046644662506878376, 0.0004755223053507507, 0.0007932608714327216, 0.000744603865314275, 0.0004081754887010902, 0.00043747189920395613, 0.0005801499937660992, 0.0003704336122609675, 0.00044997106306254864, 0.00026722479378804564, 0.00048385580885224044, 0.0005799717037007213, 0.0005061256233602762, 0.0006338792736642063, 0.00029424746753647923, 0.000610311166383326, 0.0006648559938184917, 0.00030942950979806483, 0.00034925504587590694, 0.00014615411055274308, 0.00013456140004564077, 0.00016312576190102845, 7.268453191500157e-05, 0.0002300791093148291, 0.00019043221254833043, 0.00019696987874340266, 0.00020104936265852302, 0.00029822965734638274, 0.00021427689353004098, 6.98507355991751e-05, 4.037016333313659e-05, 0.0001436113379895687, 0.00013320415746420622, 3.2871241273824126e-05, 9.168170799966902e-05, 5.5011885706335306e-05, 2.457554728607647e-05, 2.3511587642133236e-05, 2.2942251234780997e-05, 1.5853702279855497e-05, 2.2050271581974812e-05, 1.5725359844509512e-05, 2.6461115339770913e-05, 2.246749136247672e-05, 2.654643503774423e-05, 2.262703128508292e-05, 2.664238309080247e-05, 2.7446169042377733e-05, 2.0162284272373654e-05, 1.2931733181176241e-05, 1.1668656043184455e-05, 1.3421005860436708e-05, 1.0003250281442888e-05, 1.1137553883600049e-05, 1.1748345059459098e-05, 1.575972964928951e-05, 2.2559635908692144e-05, 1.5970223103067838e-05, 1.4002843272464816e-05, 7.674071639485192e-06, 8.246486686402932e-06, 6.312206551228883e-06, 6.410674814105732e-06, 8.625807822681963e-06, 8.668567716085818e-06, 6.751878117938759e-06, 5.071030045655789e-06, 6.114554253144888e-06, 7.0158539529074915e-06, 7.903374353190884e-06, 7.4324320848973e-06, 7.347462542384164e-06, 6.124091214587679e-06, 5.4306647143675946e-06, 5.712752681574784e-06, 8.254421118181199e-06, 1.3741721886617597e-05, 7.281883426912827e-06, 7.198932507890277e-06, 1.617759517102968e-05, 9.477443200012203e-06, 1.051706203725189e-05, 6.331651547952788e-06, 6.446841325669084e-06, 8.719198376638815e-06, 6.965515694901114e-06, 5.990566933178343e-06, 5.055840119894128e-06, 5.243675332167186e-06, 5.098627298139036e-06, 4.624602297553793e-06, 5.797495305159828e-06, 4.1693342609505635e-06, 2.506911414457136e-06, 2.022328089879011e-06, 2.1875919173908187e-06, 2.1720318272855366e-06, 1.7217081449416582e-06, 1.2069671129211201e-06, 1.2087195955245988e-06, 6.020011369400891e-07, 8.1995960954373e-07, 4.008617224826594e-07, 1.6844727213083388e-07, 8.0977542893379e-08, 4.158503585927065e-08, 7.77421593767258e-09, 5.148642845398399e-09, 3.2922033987858867e-09, 2.6144602038868925e-09, 7.277459745935744e-10, 5.2630868413450216e-11, 4.287127944313518e-11, 2.7930189411273787e-11, 1.3058056372305948e-11, 9.858031058129768e-12, 9.749073943965403e-12], "lowlevel.mfcc.mean": [-814.1842651367188, 151.80331420898438, 23.16367530822754, -7.29059362411499, -22.37343406677246, -6.1804423332214355, 5.0793890953063965, -20.02153778076172, -34.62223434448242, -12.183385848999023, -5.66708517074585, 0.5704858303070068, 4.071111679077148], "lowlevel.spectral_contrast_coeffs.mean": [-0.5651827454566956, -0.6861162185668945, -0.7433576583862305, -0.7700207829475403, -0.7849714756011963, -0.8079414367675781], "lowlevel.spectral_contrast_coeffs.stdev": [0.1265249103307724, 0.08136796951293945, 0.07438860088586807, 0.059354931116104126, 0.06424424797296524, 0.059329014271497726], "lowlevel.spectral_contrast_valleys.mean": [-8.891864776611328, -7.961543560028076, -8.689018249511719, -9.831459045410156, -9.922030448913574, -12.234627723693848], "lowlevel.spectral_contrast_valleys.stdev": [2.0092718601226807, 1.2279789447784424, 1.2901350259780884, 1.639211893081665, 1.9118627309799194, 2.772519826889038], "rhythm.beats_loudness_band_ratio.mean": [0.30199652910232544, 0.33752310276031494, 0.15991438925266266, 0.13342632353305817, 0.03668302670121193, 0.06059470400214195], "rhythm.beats_loudness_band_ratio.stdev": [0.4041622579097748, 0.3387082517147064, 0.17438702285289764, 0.13759900629520416, 0.06586791574954987, 0.0924283042550087], "tonal.hpcp.mean": [0.08917181938886642, 0.12168422341346741, 0.07357755303382874, 0.02938634529709816, 0.02675395831465721, 0.031608063727617264, 0.14656062424182892, 0.18793323636054993, 0.10395053774118423, 0.1899252086877823, 0.1786472350358963, 0.04562236741185188, 0.030707888305187225, 0.025681765750050545, 0.024238262325525284, 0.17392198741436005, 0.26851898431777954, 0.1217576339840889, 0.024016298353672028, 0.02173641510307789, 0.02599533647298813, 0.14688147604465485, 0.31813788414001465, 0.21623924374580383, 0.041192229837179184, 0.02449989505112171, 0.029276765882968903, 0.04394599422812462, 0.04951884225010872, 0.03436193987727165, 0.11420959234237671, 0.17669467628002167, 0.08558868616819382, 0.024447977542877197, 0.025939010083675385, 0.03967295587062836], "tonal.hpcp.stdev": [0.21769359707832336, 0.24955248832702637, 0.180302232503891, 0.12562213838100433, 0.12964825332164764, 0.12900295853614807, 0.267971396446228, 0.33718520402908325, 0.2009841948747635, 0.3177960216999054, 0.28985491394996643, 0.12133185565471649, 0.123234324157238, 0.10907796770334244, 0.08875630050897598, 0.27070584893226624, 0.38881808519363403, 0.203918918967247, 0.11119712889194489, 0.09548652917146683, 0.1128319799900055, 0.24340711534023285, 0.4131273329257965, 0.3116696774959564, 0.11949837952852249, 0.10682462900876999, 0.13214761018753052, 0.1387506127357483, 0.13865897059440613, 0.09078752994537354, 0.2249693125486374, 0.32577604055404663, 0.18187333643436432, 0.10804608464241028, 0.11794847995042801, 0.15599291026592255], "rhythm.beats_position": [0.5108389854431152, 0.9984580278396606, 1.4744670391082764, 1.9620860815048218, 2.4380950927734375, 2.9257142543792725, 3.4017233848571777, 3.877732276916504, 4.36535120010376, 4.841360569000244, 5.3289794921875, 5.804988384246826, 6.29260778427124, 6.768616676330566, 7.256235599517822, 7.732244968414307, 8.208253860473633, 8.684263229370117, 9.171881675720215, 9.6478910446167, 10.123900413513184, 10.611518859863281, 11.099138259887695, 11.57514762878418, 12.051156044006348, 12.538775444030762, 13.014784812927246, 13.490793228149414, 13.966802597045898, 14.454421043395996, 14.93043041229248, 15.418049812316895, 15.88244915008545, 16.370067596435547, 16.84607696533203, 17.322086334228516, 17.80970573425293, 18.29732322692871, 18.761722564697266, 19.24934196472168, 19.725351333618164, 20.20136070251465, 20.688980102539062, 21.164987564086914, 21.6409969329834, 22.128616333007812, 22.604625701904297, 23.08063507080078, 23.568254470825195, 24.055871963500977, 24.52027130126953, 25.007890701293945, 25.48390007019043, 25.959909439086914, 26.4359188079834, 26.92353630065918, 27.399545669555664, 27.887165069580078, 28.363174438476562, 28.839183807373047, 29.326801300048828, 29.814420700073242, 30.278820037841797, 30.76643943786621, 31.242448806762695, 31.73006820678711, 32.206077575683594, 32.68208694458008, 33.15809631347656, 33.645713806152344, 34.12172317504883, 34.59773254394531, 35.085350036621094, 35.57297134399414, 36.048980712890625, 36.524986267089844, 37.00099563598633, 37.488616943359375, 37.96462631225586, 38.440635681152344, 38.91664505004883, 39.40426254272461, 39.89188003540039], "rhythm.bpm_histogram": [0.0, 0.0, 0.0, 0.0, 0.0, 0.0, 0.0, 0.0, 0.0, 0.0, 0.0, 0.0, 0.0, 0.0, 0.0, 0.0, 0.0, 0.0, 0.0, 0.0, 0.0, 0.0, 0.0, 0.0, 0.0, 0.0, 0.0, 0.0, 0.0, 0.0, 0.0, 0.0, 0.0, 0.0, 0.0, 0.0, 0.0, 0.0, 0.0, 0.0, 0.0, 0.0, 0.0, 0.0, 0.0, 0.0, 0.0, 0.0, 0.0, 0.0, 0.0, 0.0, 0.0, 0.0, 0.0, 0.0, 0.0, 0.0, 0.0, 0.0, 0.0, 0.0, 0.0, 0.0, 0.0, 0.0, 0.0, 0.0, 0.0, 0.0, 0.0, 0.0, 0.0, 0.0, 0.0, 0.0, 0.0, 0.0, 0.0, 0.0, 0.0, 0.0, 0.0, 0.0, 0.0, 0.0, 0.0, 0.0, 0.0, 0.0, 0.0, 0.0, 0.0, 0.0, 0.0, 0.0, 0.0, 0.0, 0.0, 0.0, 0.0, 0.0, 0.0, 0.0, 0.0, 0.0, 0.0, 0.0, 0.0, 0.0, 0.0, 0.0, 0.0, 0.0, 0.0, 0.0, 0.0, 0.0, 0.0, 0.0, 0.0, 0.0, 0.0, 0.4146341383457184, 0.0, 0.0, 0.5365853905677795, 0.0, 0.0, 0.04878048598766327, 0.0, 0.0, 0.0, 0.0, 0.0, 0.0, 0.0, 0.0, 0.0, 0.0, 0.0, 0.0, 0.0, 0.0, 0.0, 0.0, 0.0, 0.0, 0.0, 0.0, 0.0, 0.0, 0.0, 0.0, 0.0, 0.0, 0.0, 0.0, 0.0, 0.0, 0.0, 0.0, 0.0, 0.0, 0.0, 0.0, 0.0, 0.0, 0.0, 0.0, 0.0, 0.0, 0.0, 0.0, 0.0, 0.0, 0.0, 0.0, 0.0, 0.0, 0.0, 0.0, 0.0, 0.0, 0.0, 0.0, 0.0, 0.0, 0.0, 0.0, 0.0, 0.0, 0.0, 0.0, 0.0, 0.0, 0.0, 0.0, 0.0, 0.0, 0.0, 0.0, 0.0, 0.0, 0.0, 0.0, 0.0, 0.0, 0.0, 0.0, 0.0, 0.0, 0.0, 0.0, 0.0, 0.0, 0.0, 0.0, 0.0, 0.0, 0.0, 0.0, 0.0, 0.0, 0.0, 0.0, 0.0, 0.0, 0.0, 0.0, 0.0, 0.0, 0.0, 0.0, 0.0, 0.0, 0.0, 0.0, 0.0, 0.0, 0.0, 0.0, 0.0, 0.0, 0.0, 0.0, 0.0, 0.0, 0.0, 0.0], "tonal.chords_histogram": [21.990739822387695, 0.0, 37.61574172973633, 4.745370388031006, 8.449073791503906, 0.0, 0.0, 0.0, 1.2731481790542603, 0.0, 0.0, 0.0, 0.0, 0.0, 0.0, 0.0, 0.0, 0.0, 0.0, 0.23148147761821747, 0.0, 1.6203703880310059, 0.0, 24.074073791503906], "tonal.thpcp": [1.0, 0.679702877998352, 0.12947916984558105, 0.07701030373573303, 0.09202539920806885, 0.13813506066799164, 0.15565213561058044, 0.10800958424806595, 0.3589940071105957, 0.5554028153419495, 0.2690301537513733, 0.07684711366891861, 0.08153386414051056, 0.12470365315675735, 0.28029298782348633, 0.3824889361858368, 0.23127567768096924, 0.09236983954906464, 0.08409547805786133, 0.0993533506989479, 0.4606827199459076, 0.5907288789749146, 0.3267468214035034, 0.5969902276992798, 0.5615402460098267, 0.14340437948703766, 0.09652383625507355, 0.08072526752948761, 0.07618791610002518, 0.5466874241828918, 0.8440333604812622, 0.3827196955680847, 0.07549022138118744, 0.06832388043403625, 0.08171091228723526, 0.4616912603378296], "lowlevel.gfcc.cov": [[25152.681640625, -9822.3466796875, 1771.918701171875, 4901.2734375, -1610.37939453125, 4964.056640625, -1276.66015625, 4293.50244140625, 1279.4185791015625, -220.5843048095703, -1646.82421875, 749.0169067382812, -1199.1260986328125], [-9822.3466796875, 7876.1298828125, -399.4541931152344, -2092.361083984375, 2283.959716796875, -1950.79931640625, 1652.443603515625, -1565.9969482421875, 107.03926849365234, 33.358489990234375, 1026.1383056640625, -638.0379028320312, 647.3573608398438], [1771.918701171875, -399.4541931152344, 2886.939697265625, 1320.6680908203125, 525.9710083007812, 1417.7723388671875, 449.5690612792969, 716.5541381835938, 353.93212890625, 212.41908264160156, 94.05530548095703, 231.89173889160156, -59.69782638549805], [4901.2734375, -2092.361083984375, 1320.6680908203125, 2078.672119140625, 100.29631042480469, 1433.18212890625, -81.78307342529297, 1088.654296875, 450.2503967285156, 42.362892150878906, -214.9245147705078, 240.35855102539062, -161.24365234375], [-1610.37939453125, 2283.959716796875, 525.9710083007812, 100.29631042480469, 1354.7940673828125, 36.44149398803711, 709.0573120117188, 10.688830375671387, 377.5378723144531, 114.34408569335938, 335.9102783203125, -158.46701049804688, 199.31016540527344], [4964.056640625, -1950.79931640625, 1417.7723388671875, 1433.18212890625, 36.44149398803711, 1746.610595703125, 76.67805480957031, 1173.4610595703125, 480.3704833984375, 99.37046813964844, -223.96080017089844, 237.36590576171875, -228.70574951171875], [-1276.66015625, 1652.443603515625, 449.5690612792969, -81.78307342529297, 709.0573120117188, 76.67805480957031, 793.1417236328125, -1.5332485437393188, 205.73782348632812, 86.92279052734375, 295.55133056640625, -72.08358001708984, 127.1245346069336], [4293.50244140625, -1565.9969482421875, 716.5541381835938, 1088.654296875, 10.688830375671387, 1173.4610595703125, -1.5332485437393188, 1137.3463134765625, 384.50018310546875, -14.67006778717041, -173.503662109375, 160.5992889404297, -195.7535858154297], [1279.4185791015625, 107.03926849365234, 353.93212890625, 450.2503967285156, 377.5378723144531, 480.3704833984375, 205.73782348632812, 384.50018310546875, 425.9942626953125, 98.33851623535156, -10.295195579528809, -9.454123497009277, -26.46147918701172], [-220.5843048095703, 33.358489990234375, 212.41908264160156, 42.362892150878906, 114.34408569335938, 99.37046813964844, 86.92279052734375, -14.67006778717041, 98.33851623535156, 230.73289489746094, 61.437068939208984, 24.707809448242188, 17.046483993530273], [-1646.82421875, 1026.1383056640625, 94.05530548095703, -214.9245147705078, 335.9102783203125, -223.96080017089844, 295.55133056640625, -173.503662109375, -10.295195579528809, 61.437068939208984, 322.6326904296875, 3.7839725017547607, 128.6241912841797], [749.0169067382812, -638.0379028320312, 231.89173889160156, 240.35855102539062, -158.46701049804688, 237.36590576171875, -72.08358001708984, 160.5992889404297, -9.454123497009277, 24.707809448242188, 3.7839725017547607, 189.62464904785156, -18.79775619506836], [-1199.1260986328125, 647.3573608398438, -59.69782638549805, -161.24365234375, 199.31016540527344, -228.70574951171875, 127.1245346069336, -195.7535858154297, -26.46147918701172, 17.046483993530273, 128.6241912841797, -18.79775619506836, 168.40037536621094]], "lowlevel.gfcc.icov": [[0.00024952739477157593, -7.522951636929065e-05, 0.00017355778254568577, -0.0002149138308595866, 0.00015735758643131703, -0.0003229962894693017, 8.424960833508521e-05, -0.00044516680645756423, -3.9358277717838064e-05, 1.708758281893097e-05, 0.0004889168776571751, -0.00021691359870601445, 0.00031020521419122815], [-7.522951636929065e-05, 0.0018675518222153187, -0.0004708196211140603, 0.0009551924304105341, -0.0015648099360987544, 0.0010911509161815047, -0.0014005585107952356, 0.0011662713950499892, -0.0015068200882524252, 0.0017397996271029115, -0.0015287779970094562, 0.0014508807798847556, -0.00030349200824275613], [0.00017355778254568577, -0.0004708196211140603, 0.001097342581488192, -0.0006438975688070059, 0.000140111762448214, -0.0013749100035056472, 0.00013256023521535099, -5.791785224573687e-05, 0.0009545736247673631, -0.000651626440230757, 0.0003483157488517463, -0.0006836517131887376, 0.0004913314478471875], [-0.0002149138308595866, 0.0009551924304105341, -0.0006438975688070059, 0.002052042866125703, -0.0011106230085715652, 0.0003133142599835992, -0.00016318995039910078, 0.0003511396935209632, -0.0011557528050616384, 0.0011023498373106122, -0.0007745349430479109, 0.00029816891765221953, -0.0008626333437860012], [0.00015735758643131703, -0.0015648099360987544, 0.000140111762448214, -0.0011106230085715652, 0.003878822550177574, -0.0006847463082522154, 0.0003677135973703116, -0.001150670344941318, -0.0006091796676628292, -0.001148980576545, 0.0001334927510470152, 0.0005771301803179085, -0.0010307374177500606], [-0.0003229962894693017, 0.0010911509161815047, -0.0013749100035056472, 0.0003133142599835992, -0.0006847463082522154, 0.005051380954682827, -0.0016549676656723022, -0.001176133519038558, -0.0017292180564254522, 9.968729136744514e-05, 0.0004399187455419451, -0.00038402198697440326, 0.0002102987637044862], [8.424960833508521e-05, -0.0014005585107952356, 0.00013256023521535099, -0.00016318995039910078, 0.0003677135973703116, -0.0016549676656723022, 0.004433554131537676, -0.0007877572788856924, 0.0004398310848046094, -0.0008855132036842406, -0.0010443154023960233, -0.000123649908346124, -0.00012819527182728052], [-0.00044516680645756423, 0.0011662713950499892, -5.791785224573687e-05, 0.0003511396935209632, -0.001150670344941318, -0.001176133519038558, -0.0007877572788856924, 0.005528138019144535, -0.002137154573574662, 0.002593754092231393, -0.0025707583408802748, 0.0005308242980390787, 0.0008721906924620271], [-3.9358277717838064e-05, -0.0015068200882524252, 0.0009545736247673631, -0.0011557528050616384, -0.0006091796676628292, -0.0017292180564254522, 0.0004398310848046094, -0.002137154573574662, 0.008469684980809689, -0.003990821540355682, 0.002369179856032133, -6.765763100702316e-05, 0.00021788859157823026], [1.708758281893097e-05, 0.0017397996271029115, -0.000651626440230757, 0.0011023498373106122, -0.001148980576545, 9.968729136744514e-05, -0.0008855132036842406, 0.002593754092231393, -0.003990821540355682, 0.007898705080151558, -0.002748649101704359, 0.00040984016959555447, 0.0001554192422190681], [0.0004889168776571751, -0.0015287779970094562, 0.0003483157488517463, -0.0007745349430479109, 0.0001334927510470152, 0.0004399187455419451, -0.0010443154023960233, -0.0025707583408802748, 0.002369179856032133, -0.002748649101704359, 0.010668542236089706, -0.005021793767809868, -0.0010790489614009857], [-0.00021691359870601445, 0.0014508807798847556, -0.0006836517131887376, 0.00029816891765221953, 0.0005771301803179085, -0.00038402198697440326, -0.000123649908346124, 0.0005308242980390787, -6.765763100702316e-05, 0.00040984016959555447, -0.005021793767809868, 0.011734367348253727, -0.0024796780198812485], [0.00031020521419122815, -0.00030349200824275613, 0.0004913314478471875, -0.0008626333437860012, -0.0010307374177500606, 0.0002102987637044862, -0.00012819527182728052, 0.0008721906924620271, 0.00021788859157823026, 0.0001554192422190681, -0.0010790489614009857, -0.0024796780198812485, 0.011844036169350147]], "lowlevel.mfcc.cov": [[21681.84765625, -7848.39990234375, 697.9462280273438, 1249.2518310546875, 1450.22265625, 391.92779541015625, -317.51361083984375, 2776.504638671875, 2308.852294921875, 1521.489013671875, 573.8714599609375, 120.29615020751953, 261.9590148925781], [-7848.39990234375, 6564.212890625, -869.0136108398438, -93.77874755859375, 32.28594970703125, 144.96902465820312, 686.958251953125, -508.1077575683594, -353.7789001464844, -101.25643157958984, 202.93710327148438, 198.2105255126953, 108.85281372070312], [697.9462280273438, -869.0136108398438, 2168.52197265625, 406.29144287109375, 430.1152648925781, 669.2737426757812, 449.6722717285156, 500.2579650878906, 371.4466247558594, 176.975341796875, 261.9122314453125, 260.88720703125, 114.83733367919922], [1249.2518310546875, -93.77874755859375, 406.29144287109375, 969.3471069335938, 583.5321655273438, 398.442138671875, 274.3841247558594, 455.4365234375, 373.20025634765625, 306.4115295410156, 157.70062255859375, 102.95206451416016, 192.51229858398438], [1450.22265625, 32.28594970703125, 430.1152648925781, 583.5321655273438, 865.882080078125, 442.4736633300781, 241.71669006347656, 513.401611328125, 489.7727966308594, 415.1474304199219, 253.3563232421875, 127.65747833251953, 187.70606994628906], [391.92779541015625, 144.96902465820312, 669.2737426757812, 398.442138671875, 442.4736633300781, 588.1581420898438, 315.5230712890625, 302.0635681152344, 341.8771057128906, 230.33111572265625, 235.43479919433594, 192.11268615722656, 67.44142150878906], [-317.51361083984375, 686.958251953125, 449.6722717285156, 274.3841247558594, 241.71669006347656, 315.5230712890625, 546.2943725585938, 327.11456298828125, 217.38412475585938, 171.36338806152344, 220.80453491210938, 160.1736602783203, 139.09446716308594], [2776.504638671875, -508.1077575683594, 500.2579650878906, 455.4365234375, 513.401611328125, 302.0635681152344, 327.11456298828125, 872.409423828125, 568.7155151367188, 396.00823974609375, 293.9422607421875, 121.56655883789062, 183.46571350097656], [2308.852294921875, -353.7789001464844, 371.4466247558594, 373.20025634765625, 489.7727966308594, 341.8771057128906, 217.38412475585938, 568.7155151367188, 617.9234619140625, 402.3780212402344, 264.35302734375, 151.8474884033203, 98.1341323852539], [1521.489013671875, -101.25643157958984, 176.975341796875, 306.4115295410156, 415.1474304199219, 230.33111572265625, 171.36338806152344, 396.00823974609375, 402.3780212402344, 426.9884338378906, 209.8618621826172, 79.3256607055664, 115.79814910888672], [573.8714599609375, 202.93710327148438, 261.9122314453125, 157.70062255859375, 253.3563232421875, 235.43479919433594, 220.80453491210938, 293.9422607421875, 264.35302734375, 209.8618621826172, 304.8663330078125, 171.67047119140625, 67.06224060058594], [120.29615020751953, 198.2105255126953, 260.88720703125, 102.95206451416016, 127.65747833251953, 192.11268615722656, 160.1736602783203, 121.56655883789062, 151.8474884033203, 79.3256607055664, 171.67047119140625, 219.353271484375, 61.466094970703125], [261.9590148925781, 108.85281372070312, 114.83733367919922, 192.51229858398438, 187.70606994628906, 67.44142150878906, 139.09446716308594, 183.46571350097656, 98.1341323852539, 115.79814910888672, 67.06224060058594, 61.466094970703125, 196.33641052246094]], "lowlevel.mfcc.icov": [[0.00024623089120723307, 0.0002240312023786828, 0.000154973502503708, -1.91583858395461e-05, 2.8626374842133373e-05, 8.626726048532873e-05, 0.00021338509395718575, -0.0005435049533843994, -0.0004008713294751942, -0.0002196639106841758, 0.0001637240347918123, -0.0002680864417925477, 0.00013303448213264346], [0.0002240312023786828, 0.0005039124516770244, 0.00036613494739867747, 5.2658004278782755e-05, -0.00019063294166699052, 1.7527407180750743e-05, -0.00045004161074757576, -0.0001614925276953727, -0.00017103913705796003, -0.00013107927225064486, -6.698329525534064e-05, -0.00033208695822395384, 9.15399577934295e-05], [0.000154973502503708, 0.00036613494739867747, 0.0010762409074231982, 0.00015413427900057286, -7.648233440704644e-05, -0.0009876934345811605, -0.000410650041885674, -0.0005891839391551912, 8.655206329422072e-05, 0.00019051035633310676, 0.0002672866394277662, -0.0005687537486664951, -5.3748826758237556e-06], [-1.91583858395461e-05, 5.2658004278782755e-05, 0.00015413427900057286, 0.0021312464959919453, -0.0007996379863470793, -0.0009715768392197788, -0.0003140590852126479, -0.00035953710903413594, 0.00016443716594949365, -0.00010418202145956457, 0.0008663054904900491, 7.018290943960892e-06, -0.0008456778596155345], [2.8626374842133373e-05, -0.00019063294166699052, -7.648233440704644e-05, -0.0007996379863470793, 0.003915504552423954, -0.0017434610053896904, 0.0013277382822707295, -0.0003807444008998573, -0.000960957317147404, -0.0010906158713623881, -0.0006196071044541895, 0.0011803685920313, -0.0018674131715670228], [8.626726048532873e-05, 1.7527407180750743e-05, -0.0009876934345811605, -0.0009715768392197788, -0.0017434610053896904, 0.006327016744762659, -0.001523175509646535, 0.0010219671530649066, -0.0013634869828820229, -8.930887997848913e-05, -0.000433800247265026, -0.001788388006389141, 0.0024653910659253597], [0.00021338509395718575, -0.00045004161074757576, -0.000410650041885674, -0.0003140590852126479, 0.0013277382822707295, -0.001523175509646535, 0.005417205393314362, -0.002041144296526909, 3.663121606223285e-05, -0.00040195981273427606, -0.0007820335449650884, -0.00014856006600894034, -0.001631315448321402], [-0.0005435049533843994, -0.0001614925276953727, -0.0005891839391551912, -0.00035953710903413594, -0.0003807444008998573, 0.0010219671530649066, -0.002041144296526909, 0.00604455079883337, -0.00265702186152339, 0.0013373818947002292, -0.002794259926304221, 0.002910077339038253, -0.002094791503623128], [-0.0004008713294751942, -0.00017103913705796003, 8.655206329422072e-05, 0.00016443716594949365, -0.000960957317147404, -0.0013634869828820229, 3.663121606223285e-05, -0.00265702186152339, 0.009492823854088783, -0.004183519631624222, 0.0009247665875591338, -0.0031310070771723986, 0.002648781519383192], [-0.0002196639106841758, -0.00013107927225064486, 0.00019051035633310676, -0.00010418202145956457, -0.0010906158713623881, -8.930887997848913e-05, -0.00040195981273427606, 0.0013373818947002292, -0.004183519631624222, 0.008803999982774258, -0.00344866793602705, 0.0034490081015974283, -0.0025384370237588882], [0.0001637240347918123, -6.698329525534064e-05, 0.0002672866394277662, 0.0008663054904900491, -0.0006196071044541895, -0.000433800247265026, -0.0007820335449650884, -0.002794259926304221, 0.0009247665875591338, -0.00344866793602705, 0.011323588900268078, -0.006870009936392307, 0.0025741865392774343], [-0.0002680864417925477, -0.00033208695822395384, -0.0005687537486664951, 7.018290943960892e-06, 0.0011803685920313, -0.001788388006389141, -0.00014856006600894034, 0.002910077339038253, -0.0031310070771723986, 0.0034490081015974283, -0.006870009936392307, 0.012560202740132809, -0.004315478727221489], [0.00013303448213264346, 9.15399577934295e-05, -5.3748826758237556e-06, -0.0008456778596155345, -0.0018