{"song_id": "1183699487408017518", "download": "https://cdn.discordapp.com/attachments/1128313332273782784/1183699487408017518/chirp.mp4?ex=6589490d&amp", "lyrics": "Verse 1:\n\u0e43\u0e19\u0e04\u0e48\u0e33\u0e04\u0e37\u0e19\u0e17\u0e35\u0e48\u0e40\u0e07\u0e35\u0e22\u0e1a\u0e07\u0e31\u0e19 \u0e09\u0e31\u0e19\u0e1e\u0e1a\u0e40\u0e18\u0e2d\u0e43\u0e19\u0e1d\u0e31\u0e19\n\u0e14\u0e27\u0e07\u0e14\u0e32\u0e27\u0e17\u0e35\u0e48\u0e25\u0e2d\u0e22\u0e25\u0e30\u0e25\u0e48\u0e2d\u0e07 \u0e40\u0e1b\u0e47\u0e19\u0e1e\u0e22\u0e32\u0e19\u0e41\u0e2b\u0e48\u0e07\u0e23\u0e31\u0e01\n\u0e41\u0e15\u0e48\u0e25\u0e30\u0e2b\u0e22\u0e14\u0e1d\u0e19 \u0e17\u0e35\u0e48\u0e2b\u0e25\u0e48\u0e19\u0e25\u0e07\u0e21\u0e32\n\u0e40\u0e2b\u0e21\u0e37\u0e2d\u0e19\u0e40\u0e2a\u0e35\u0e22\u0e07\u0e2b\u0e31\u0e27\u0e43\u0e08 \u0e17\u0e35\u0e48\u0e40\u0e23\u0e35\u0e22\u0e01\u0e23\u0e49\u0e2d\u0e07\u0e2b\u0e32\n\nChorus:\n\u0e40\u0e18\u0e2d\u0e04\u0e37\u0e2d\u0e04\u0e27\u0e32\u0e21\u0e1d\u0e31\u0e19 \u0e17\u0e35\u0e48\u0e09\u0e31\u0e19\u0e44\u0e21\u0e48\u0e2d\u0e22\u0e32\u0e01\u0e15\u0e37\u0e48\u0e19\n\u0e43\u0e19\u0e42\u0e25\u0e01\u0e17\u0e35\u0e48\u0e44\u0e23\u0e49\u0e40\u0e2a\u0e35\u0e22\u0e07 \u0e41\u0e15\u0e48\u0e40\u0e15\u0e47\u0e21\u0e44\u0e1b\u0e14\u0e49\u0e27\u0e22\u0e40\u0e18\u0e2d\n\u0e41\u0e2a\u0e07\u0e08\u0e31\u0e19\u0e17\u0e23\u0e4c\u0e17\u0e35\u0e48\u0e2d\u0e48\u0e2d\u0e19\u0e2b\u0e27\u0e32\u0e19 \u0e0b\u0e38\u0e01\u0e0b\u0e48\u0e2d\u0e19\u0e04\u0e27\u0e32\u0e21\u0e25\u0e31\u0e1a\n\u0e40\u0e23\u0e32\u0e40\u0e15\u0e49\u0e19\u0e23\u0e33\u0e43\u0e15\u0e49\u0e14\u0e32\u0e27 \u0e1d\u0e31\u0e19\u0e43\u0e19\u0e1d\u0e31\u0e19\n\nVerse 2:\n\u0e2b\u0e31\u0e27\u0e43\u0e08\u0e17\u0e35\u0e48\u0e40\u0e15\u0e49\u0e19\u0e23\u0e31\u0e27 \u0e40\u0e21\u0e37\u0e48\u0e2d\u0e40\u0e18\u0e2d\u0e40\u0e02\u0e49\u0e32\u0e21\u0e32\u0e43\u0e01\u0e25\u0e49\n\u0e40\u0e2a\u0e35\u0e22\u0e07\u0e40\u0e1e\u0e25\u0e07\u0e02\u0e2d\u0e07\u0e25\u0e21 \u0e0b\u0e38\u0e1a\u0e0b\u0e34\u0e1a\u0e27\u0e48\u0e32\u0e23\u0e31\u0e01\n\u0e17\u0e38\u0e01\u0e22\u0e48\u0e32\u0e07\u0e01\u0e49\u0e32\u0e27\u0e17\u0e35\u0e48\u0e40\u0e23\u0e32\u0e40\u0e14\u0e34\u0e19 \u0e1a\u0e19\u0e17\u0e32\u0e07\u0e19\u0e35\u0e49\n\u0e40\u0e1b\u0e47\u0e19\u0e04\u0e33\u0e15\u0e2d\u0e1a\u0e02\u0e2d\u0e07\u0e1d\u0e31\u0e19 \u0e17\u0e35\u0e48\u0e44\u0e21\u0e48\u0e40\u0e04\u0e22\u0e08\u0e32\u0e07\u0e2b\u0e32\u0e22\n\nChorus:\n\u0e40\u0e18\u0e2d\u0e04\u0e37\u0e2d\u0e04\u0e27\u0e32\u0e21\u0e1d\u0e31\u0e19 \u0e17\u0e35\u0e48\u0e09\u0e31\u0e19\u0e44\u0e21\u0e48\u0e2d\u0e22\u0e32\u0e01\u0e15\u0e37\u0e48\u0e19\n\u0e43\u0e19\u0e42\u0e25\u0e01\u0e17\u0e35\u0e48\u0e44\u0e23\u0e49\u0e40\u0e2a\u0e35\u0e22\u0e07 \u0e41\u0e15\u0e48\u0e40\u0e15\u0e47\u0e21\u0e44\u0e1b\u0e14\u0e49\u0e27\u0e22\u0e40\u0e18\u0e2d\n\u0e41\u0e2a\u0e07\u0e08\u0e31\u0e19\u0e17\u0e23\u0e4c\u0e17\u0e35\u0e48\u0e2d\u0e48\u0e2d\u0e19\u0e2b\u0e27\u0e32\u0e19 \u0e0b\u0e38\u0e01\u0e0b\u0e48\u0e2d\u0e19\u0e04\u0e27\u0e32\u0e21\u0e25\u0e31\u0e1a\n\u0e40\u0e23\u0e32\u0e40\u0e15\u0e49\u0e19\u0e23\u0e33\u0e43\u0e15\u0e49\u0e14\u0e32\u0e27 \u0e1d\u0e31\u0e19\u0e43\u0e19\u0e1d\u0e31\u0e19\n\nBridge:\n\u0e1d\u0e31\u0e19\u0e17\u0e35\u0e48\u0e44\u0e21\u0e48\u0e21\u0e35\u0e27\u0e31\u0e19\u0e08\u0e1a\u0e2a\u0e34\u0e49\u0e19\n\u0e40\u0e1e\u0e23\u0e32\u0e30\u0e43\u0e19\u0e17\u0e38\u0e01\u0e46 \u0e04\u0e37\u0e19 \u0e09\u0e31\u0e19\u0e21\u0e35\u0e40\u0e18\u0e2d\n\u0e41\u0e21\u0e49\u0e15\u0e37\u0e48\u0e19\u0e02\u0e36\u0e49\u0e19\u0e21\u0e32 \u0e01\u0e47\u0e22\u0e31\u0e07\u0e04\u0e07\u0e23\u0e39\u0e49\u0e2a\u0e36\u0e01\n\u0e27\u0e48\u0e32\u0e23\u0e31\u0e01\u0e19\u0e35\u0e49 \u0e44\u0e21\u0e48\u0e40\u0e04\u0e22\u0e2b\u0e48\u0e32\u0e07\u0e44\u0e01\u0e25\n\nChorus:\n\u0e40\u0e18\u0e2d\u0e04\u0e37\u0e2d\u0e04\u0e27\u0e32\u0e21\u0e1d\u0e31\u0e19 \u0e17\u0e35\u0e48\u0e09\u0e31\u0e19\u0e44\u0e21\u0e48\u0e2d\u0e22\u0e32\u0e01\u0e15\u0e37\u0e48\u0e19\n\u0e43\u0e19\u0e42\u0e25\u0e01\u0e17\u0e35\u0e48\u0e44\u0e23\u0e49\u0e40\u0e2a\u0e35\u0e22\u0e07 \u0e41\u0e15\u0e48\u0e40\u0e15\u0e47\u0e21\u0e44\u0e1b\u0e14\u0e49\u0e27\u0e22\u0e40\u0e18\u0e2d\n\u0e41\u0e2a\u0e07\u0e08\u0e31\u0e19\u0e17\u0e23\u0e4c", "style": ["pop"], "essentia_features": {"lowlevel.average_loudness": 0.8534721732139587, "lowlevel.barkbands_crest.mean": 14.195135116577148, "lowlevel.barkbands_crest.stdev": 4.659329414367676, "lowlevel.barkbands_flatness_db.mean": 0.3367820978164673, "lowlevel.barkbands_flatness_db.stdev": 0.09245925396680832, "lowlevel.barkbands_kurtosis.mean": 13.44681167602539, "lowlevel.barkbands_kurtosis.stdev": 21.81533432006836, "lowlevel.barkbands_skewness.mean": 1.8290081024169922, "lowlevel.barkbands_skewness.stdev": 1.8673616647720337, "lowlevel.barkbands_spread.mean": 6.224320411682129, "lowlevel.barkbands_spread.stdev": 10.631741523742676, "lowlevel.dissonance.mean": 0.3558918833732605, "lowlevel.dissonance.stdev": 0.0700402483344078, "lowlevel.dynamic_complexity": 4.169138431549072, "lowlevel.erbbands_crest.mean": 16.267126083374023, "lowlevel.erbbands_crest.stdev": 6.290225505828857, "lowlevel.erbbands_flatness_db.mean": 0.2957112789154053, "lowlevel.erbbands_flatness_db.stdev": 0.09316600114107132, "lowlevel.erbbands_kurtosis.mean": 6.996160984039307, "lowlevel.erbbands_kurtosis.stdev": 11.96381664276123, "lowlevel.erbbands_skewness.mean": 1.2293134927749634, "lowlevel.erbbands_skewness.stdev": 1.6637598276138306, "lowlevel.erbbands_spread.mean": 16.2612361907959, "lowlevel.erbbands_spread.stdev": 17.233675003051758, "lowlevel.hfc.mean": 8.338680267333984, "lowlevel.hfc.stdev": 8.600945472717285, "lowlevel.loudness_ebu128.integrated": -15.444894790649414, "lowlevel.loudness_ebu128.loudness_range": 6.14463996887207, "lowlevel.loudness_ebu128.momentary.mean": -16.99416160583496, "lowlevel.loudness_ebu128.momentary.stdev": 3.914210081100464, "lowlevel.loudness_ebu128.short_term.mean": -16.06525993347168, "lowlevel.loudness_ebu128.short_term.stdev": 2.2044434547424316, "lowlevel.melbands_crest.mean": 18.42942237854004, "lowlevel.melbands_crest.stdev": 5.3222856521606445, "lowlevel.melbands_flatness_db.mean": 0.4416603744029999, "lowlevel.melbands_flatness_db.stdev": 0.1145489290356636, "lowlevel.melbands_kurtosis.mean": 18.515254974365234, "lowlevel.melbands_kurtosis.stdev": 31.92776870727539, "lowlevel.melbands_skewness.mean": 2.23006534576416, "lowlevel.melbands_skewness.stdev": 1.972782015800476, "lowlevel.melbands_spread.mean": 7.344938278198242, "lowlevel.melbands_spread.stdev": 13.487799644470215, "lowlevel.pitch_salience.mean": 0.45127397775650024, "lowlevel.pitch_salience.stdev": 0.1169866994023323, "lowlevel.silence_rate_20dB.mean": 1.0, "lowlevel.silence_rate_20dB.stdev": 0.0, "lowlevel.silence_rate_30dB.mean": 0.9988412261009216, "lowlevel.silence_rate_30dB.stdev": 0.03402043879032135, "lowlevel.silence_rate_60dB.mean": 0.08574739098548889, "lowlevel.silence_rate_60dB.stdev": 0.2799934446811676, "lowlevel.spectral_centroid.mean": 490.55078125, "lowlevel.spectral_centroid.stdev": 910.66162109375, "lowlevel.spectral_complexity.mean": 6.975086688995361, "lowlevel.spectral_complexity.stdev": 2.8206400871276855, "lowlevel.spectral_decrease.mean": -6.824310894160135e-09, "lowlevel.spectral_decrease.stdev": 5.830411708984684e-09, "lowlevel.spectral_energy.mean": 0.02651284821331501, "lowlevel.spectral_energy.stdev": 0.02266557514667511, "lowlevel.spectral_energyband_high.mean": 5.8418328990228474e-05, "lowlevel.spectral_energyband_high.stdev": 0.00030793246696703136, "lowlevel.spectral_energyband_low.mean": 0.008372223004698753, "lowlevel.spectral_energyband_low.stdev": 0.008787130936980247, "lowlevel.spectral_energyband_middle_high.mean": 0.0014418987557291985, "lowlevel.spectral_energyband_middle_high.stdev": 0.0032370768021792173, "lowlevel.spectral_energyband_middle_low.mean": 0.01723947376012802, "lowlevel.spectral_energyband_middle_low.stdev": 0.017511339858174324, "lowlevel.spectral_entropy.mean": 5.796571254730225, "lowlevel.spectral_entropy.stdev": 0.8128064274787903, "lowlevel.spectral_flux.mean": 0.03450127691030502, "lowlevel.spectral_flux.stdev": 0.030779635533690453, "lowlevel.spectral_kurtosis.mean": 69.26802062988281, "lowlevel.spectral_kurtosis.stdev": 84.25346374511719, "lowlevel.spectral_rms.mean": 0.004589185118675232, "lowlevel.spectral_rms.stdev": 0.002192163374274969, "lowlevel.spectral_rolloff.mean": 669.287109375, "lowlevel.spectral_rolloff.stdev": 1849.7474365234375, "lowlevel.spectral_skewness.mean": 5.659003734588623, "lowlevel.spectral_skewness.stdev": 3.444647789001465, "lowlevel.spectral_spread.mean": 2984925.0, "lowlevel.spectral_spread.stdev": 3802123.0, "lowlevel.spectral_strongpeak.mean": 1.0493184328079224, "lowlevel.spectral_strongpeak.stdev": 0.923677921295166, "lowlevel.zerocrossingrate.mean": 0.02571086585521698, "lowlevel.zerocrossingrate.stdev": 0.052584994584321976, "metadata.audio_properties.analysis.equal_loudness": 0.0, "metadata.audio_properties.analysis.length": 40.04265213012695, "metadata.audio_properties.analysis.sample_rate": 44100.0, "metadata.audio_properties.analysis.start_time": 0.0, "metadata.audio_properties.bit_rate": 110376.0, "metadata.audio_properties.length": 40.042667388916016, "metadata.audio_properties.lossless": 0.0, "metadata.audio_properties.number_channels": 1.0, "metadata.audio_properties.replay_gain": -12.279359817504883, "metadata.audio_properties.sample_rate": 48000.0, "rhythm.beats_count": 68.0, "rhythm.beats_loudness.mean": 0.02996457740664482, "rhythm.beats_loudness.stdev": 0.02439986914396286, "rhythm.bpm": 95.80271911621094, "rhythm.bpm_histogram_first_peak_bpm": 96.0, "rhythm.bpm_histogram_first_peak_weight": 0.6470588445663452, "rhythm.bpm_histogram_second_peak_bpm": 101.0, "rhythm.bpm_histogram_second_peak_spread": 0.125, "rhythm.bpm_histogram_second_peak_weight": 0.10447761416435242, "rhythm.danceability": 0.9484273195266724, "rhythm.onset_rate": 2.296875, "tonal.chords_changes_rate": 0.0347222238779068, "tonal.chords_number_rate": 0.009259259328246117, "tonal.chords_strength.mean": 0.4792350232601166, "tonal.chords_strength.stdev": 0.057825762778520584, "tonal.hpcp_crest.mean": 19.804407119750977, "tonal.hpcp_crest.stdev": 8.944412231445312, "tonal.hpcp_entropy.mean": 1.3136663436889648, "tonal.hpcp_entropy.stdev": 0.7290821671485901, "tonal.key_edma.strength": 0.6616622805595398, "tonal.key_krumhansl.strength": 0.6494665741920471, "tonal.key_temperley.strength": 0.6313576698303223, "tonal.tuning_diatonic_strength": 0.5904656052589417, "tonal.tuning_equal_tempered_deviation": 0.05882812663912773, "tonal.tuning_frequency": 441.2725830078125, "tonal.tuning_nontempered_energy_ratio": 0.6504406332969666, "lowlevel.barkbands.mean": [1.7816637409850955e-05, 0.002099934034049511, 0.005666590295732021, 0.0010328007629141212, 0.007512121461331844, 0.006181288044899702, 0.001810056739486754, 0.0002822678070515394, 0.0003928041842300445, 0.0005568123306147754, 0.0003136711020488292, 0.00029538365197367966, 0.00010696313984226435, 4.725192775367759e-05, 6.4853549702093e-05, 2.1210811610217206e-05, 2.6583546059555374e-05, 9.512005817668978e-06, 1.2850821804022416e-05, 6.7777459662465844e-06, 2.553455033194041e-06, 2.525912123019225e-06, 7.83883297117427e-06, 1.2098083971068263e-05, 2.3671835151617415e-05, 6.529066922666971e-06, 1.2228423429405666e-07], "lowlevel.barkbands.stdev": [2.5918905521393754e-05, 0.002030080882832408, 0.007026930805295706, 0.001790355541743338, 0.010639221407473087, 0.01273324340581894, 0.002902979264035821, 0.0009555002325214446, 0.001214339747093618, 0.0017248507356271148, 0.0013710728380829096, 0.00170280528254807, 0.0008284010691568255, 0.0001467973052058369, 0.0002920092665590346, 0.00012593824067153037, 0.00017688327352516353, 4.465481106308289e-05, 4.1872350266203284e-05, 3.613089211285114e-05, 1.289884949073894e-05, 2.113288974214811e-05, 4.693077426054515e-05, 6.12970397924073e-05, 0.00016303639858961105, 5.32715130248107e-05, 1.2275951348783565e-06], "lowlevel.erbbands.mean": [0.029370086267590523, 0.6875373721122742, 5.987635612487793, 4.615555286407471, 7.126262664794922, 30.26472282409668, 51.9902229309082, 48.698246002197266, 33.64079284667969, 11.301620483398438, 7.695959568023682, 8.87668514251709, 9.084967613220215, 21.37847900390625, 15.571374893188477, 10.077324867248535, 5.868722438812256, 2.1572682857513428, 3.9234442710876465, 1.9229494333267212, 1.3731255531311035, 1.3531559705734253, 0.6758018136024475, 0.6838673949241638, 0.49850282073020935, 0.3267565071582794, 0.1510539948940277, 0.08682418614625931, 0.08335843682289124, 0.11050188541412354, 0.2549666464328766, 0.23262876272201538, 0.23602654039859772, 0.3023107349872589, 0.13915979862213135, 0.04152991250157356, 0.009769832715392113, 0.0009355137008242309, 3.5211363865528256e-05, 3.0521023290930316e-05], "lowlevel.erbbands.stdev": [0.025535620748996735, 0.6787049174308777, 7.339553356170654, 5.481576442718506, 11.692256927490234, 49.460227966308594, 86.51958465576172, 122.29693603515625, 53.30659103393555, 18.407861709594727, 24.788921356201172, 24.15922737121582, 25.465269088745117, 63.982357025146484, 58.32286834716797, 44.993408203125, 44.32148361206055, 6.752858638763428, 13.604207038879395, 8.066925048828125, 8.842909812927246, 8.99666690826416, 3.8173162937164307, 2.113619804382324, 1.735720157623291, 1.7875306606292725, 0.5288439989089966, 0.5954293608665466, 0.683454155921936, 0.8043562769889832, 1.5192995071411133, 1.3774604797363281, 1.1079813241958618, 1.8570512533187866, 1.125011682510376, 0.3538685441017151, 0.07168840616941452, 0.005945568438619375, 0.00015189667465165257, 2.6152152713621035e-05], "lowlevel.gfcc.mean": [-160.35336303710938, 185.7198028564453, -60.056732177734375, -11.783905982971191, -40.65076446533203, 6.794463157653809, -43.75691604614258, 6.184033393859863, -28.440031051635742, -10.087197303771973, 3.9905269145965576, -9.575458526611328, 1.5294482707977295], "lowlevel.melbands.mean": [0.0004014720907434821, 0.002227058634161949, 0.0008499734103679657, 0.0013246870366856456, 0.001812460133805871, 0.0010727420449256897, 0.0004908497212454677, 9.591388516128063e-05, 6.322655826807022e-05, 5.382757444749586e-05, 4.645122680813074e-05, 9.037821291713044e-05, 5.403530667535961e-05, 3.931909304810688e-05, 1.424791662429925e-05, 8.722645361558534e-06, 3.5031991956202546e-06, 6.425734682125039e-06, 4.028753210150171e-06, 1.4340342886498547e-06, 1.684299263615685e-06, 1.377249532197311e-06, 1.0364333320467267e-06, 4.906048047814693e-07, 5.641711027237761e-07, 4.536738913429872e-07, 2.698674563816894e-07, 2.0597389038812253e-07, 1.0584853527006999e-07, 5.787391543776721e-08, 4.887504445605373e-08, 4.742332038176755e-08, 4.841139755740187e-08, 6.245878125810123e-08, 1.3687724731425988e-07, 1.6914005129819998e-07, 1.3454192071549187e-07, 1.4527248026752204e-07, 2.1369612568378216e-07, 2.7308172434459266e-07], "lowlevel.melbands.stdev": [0.0003532012924551964, 0.0025500128977000713, 0.0009309431770816445, 0.002122909529134631, 0.0026870975270867348, 0.0025648982264101505, 0.0007958038477227092, 0.00016693129146005958, 0.00019396800780668855, 0.0001601813710294664, 0.00013349125219974667, 0.0002809650031849742, 0.00021745193225797266, 0.0002458225062582642, 7.076373003656045e-05, 6.350216426653787e-05, 1.1324097613396589e-05, 2.1383586499723606e-05, 2.4249507987406105e-05, 5.1083970902254805e-06, 1.1936328519368544e-05, 8.468788109894376e-06, 7.812856892996933e-06, 2.660065774762188e-06, 1.7122091549026663e-06, 1.6927152728385408e-06, 1.3278254300530534e-06, 1.1673507742671063e-06, 3.340867067436193e-07, 3.2865517596292193e-07, 3.868103419790714e-07, 3.891270807798719e-07, 4.3349754719201883e-07, 4.322210713780805e-07, 8.232436243815755e-07, 9.78994762590446e-07, 8.637625228402612e-07, 7.083818331921066e-07, 1.066276468009164e-06, 1.7890814660859178e-06], "lowlevel.melbands128.mean": [1.4894236301188357e-05, 0.0001555533381178975, 0.00038448607665486634, 0.0011893637711182237, 0.003171166405081749, 0.002394591923803091, 0.0009007358457893133, 0.0004733854148071259, 0.0004742863238789141, 0.0014176887925714254, 0.001768793328665197, 0.0019515457097440958, 0.0018436176469549537, 0.001639267080463469, 0.001228096429258585, 0.000749522412661463, 0.0003629663260653615, 0.0007077781483530998, 0.0002581380831543356, 6.92579269525595e-05, 3.377654138603248e-05, 6.396368553396314e-05, 6.772432243451476e-05, 5.648552905768156e-05, 7.320073200389743e-05, 3.354486761963926e-05, 6.177783507155254e-05, 2.029800998570863e-05, 4.636901576304808e-05, 0.00015543254266958684, 6.492834654636681e-05, 4.524762334767729e-05, 8.440791862085462e-05, 1.9384135157451965e-05, 6.23774467385374e-05, 3.8874204619787633e-05, 1.721796434139833e-05, 6.495105481008068e-06, 2.0612455045920797e-05, 1.5255381185852457e-05, 2.386129608566989e-06, 5.299203166941879e-06, 2.529552830310422e-06, 2.236899035779061e-06, 7.029244443401694e-06, 7.110288606781978e-06, 6.602640041819541e-06, 4.755839654535521e-06, 2.247462134619127e-06, 2.4493224373145495e-06, 9.52325422076683e-07, 7.254652132360206e-07, 2.1025787191319978e-06, 1.994156264117919e-06, 1.3330586625670549e-06, 9.196726864502125e-07, 1.7512658132545766e-06, 1.784190203579783e-06, 4.7418421900147223e-07, 2.5606496478758345e-07, 6.381844173120044e-07, 5.063166668151098e-07, 3.9721942357573425e-07, 6.093490014791314e-07, 8.203911647797213e-07, 3.5797859254671494e-07, 3.5032107348342834e-07, 2.701053460896219e-07, 2.6487538207220496e-07, 2.6249088591612235e-07, 2.0464189276481193e-07, 1.8014310398939415e-07, 1.403216458584211e-07, 9.33829724658608e-08, 6.571354305151544e-08, 6.645213801448335e-08, 5.0923137706604393e-08, 3.793788394546027e-08, 5.154407389795779e-08, 5.359173727015332e-08, 5.6166467032880973e-08, 4.232542494264635e-08, 3.515707902579379e-08, 5.177647466325652e-08, 5.392503155121631e-08, 5.5428785117328516e-08, 5.707263994736422e-08, 9.4532538241765e-08, 1.3580587676642608e-07, 1.7589748324553511e-07, 1.775327262976134e-07, 1.8348589492234169e-07, 1.240046714201526e-07, 1.2702648177764786e-07, 1.4851445939711994e-07, 1.2619425149296148e-07, 1.3834807077728328e-07, 1.8133438572931482e-07, 1.8002239698944322e-07, 2.4716919710954244e-07, 3.024882744284696e-07, 2.637691807194642e-07, 2.654323054684937e-07, 2.243166221660431e-07, 1.381761762786482e-07, 1.0231295277662866e-07, 1.0671404737649937e-07, 1.0225431168464638e-07, 6.921075623722572e-08, 4.087024763066438e-08, 3.584055718874879e-08, 3.53258187146821e-08, 3.496760925258968e-08, 2.2138904043345065e-08, 1.4077039089954724e-08, 7.543330404757853e-09, 3.949238269740363e-09, 1.2495927625977288e-09, 9.814332679880522e-11, 3.6836319584898636e-12, 3.57885444370043e-12, 3.50502764832894e-12, 3.4362475972299356e-12, 3.3733283093945188e-12, 3.3012225765516323e-12, 3.2110781048033665e-12, 3.1575085428225957e-12, 3.136592765032309e-12], "lowlevel.melbands128.stdev": [2.2274454750004224e-05, 0.00019308985793031752, 0.0004164558195043355, 0.001309990300796926, 0.0039027072489261627, 0.002909802831709385, 0.0011909452732652426, 0.0008235950372181833, 0.0008872457547113299, 0.003013141918927431, 0.003534819232299924, 0.0036285025998950005, 0.00403671246021986, 0.004000426270067692, 0.003376082284376025, 0.003537411568686366, 0.0008274506544694304, 0.001227322150953114, 0.00044857728062197566, 0.00025810347869992256, 0.00013231541379354894, 0.00022859996533952653, 0.000314091332256794, 0.00017933317576535046, 0.00025668786838650703, 0.00017707317601889372, 0.0003479919978417456, 7.197295053629205e-05, 0.00018377474043518305, 0.0005575154791586101, 0.00024037202820181847, 0.00019751738000195473, 0.0004101639788132161, 0.00014141916471999139, 0.00048756407340988517, 0.00024119122826959938, 6.842482252977788e-05, 4.697516487794928e-05, 0.00017253303667530417, 0.00015365231956820935, 9.00104259926593e-06, 3.136741725029424e-05, 1.1931711924262345e-05, 9.1148085630266e-06, 2.838247746694833e-05, 3.374305015313439e-05, 3.0503559173666872e-05, 5.689902536687441e-05, 9.502421562501695e-06, 1.144882116932422e-05, 5.188683189771837e-06, 5.246277396508958e-06, 2.260826113342773e-05, 1.99422356672585e-05, 1.224860898219049e-05, 4.888663170277141e-06, 2.06601653189864e-05, 1.668517325015273e-05, 2.6565417101664934e-06, 1.43169131661125e-06, 4.854929102293681e-06, 3.2414973247796297e-06, 1.0505626732992823e-06, 1.7409807924195775e-06, 5.130383215146139e-06, 1.4061658930586418e-06, 1.1238740853514173e-06, 1.2114015817132895e-06, 1.7270068610741873e-06, 2.1306441340129822e-06, 1.3972795613881317e-06, 8.401088393839018e-07, 4.970918894287024e-07, 3.355820297201717e-07, 3.279948828094348e-07, 4.3226785351180297e-07, 3.411512921047688e-07, 2.450848342050449e-07, 5.344730880096904e-07, 4.1891496493917657e-07, 5.008438961340289e-07, 4.0671008605386305e-07, 2.9144402446945605e-07, 5.340601774150855e-07, 4.878818913311989e-07, 4.5255021063894674e-07, 4.2354250240350666e-07, 6.216036467776576e-07, 7.831104653632792e-07, 1.207721879836754e-06, 1.0821720479725627e-06, 1.1046711279050214e-06, 7.358433435911138e-07, 9.831479701460921e-07, 9.308079143011128e-07, 7.531889423262328e-07, 6.801047334192845e-07, 9.981461062125163e-07, 8.64166906922037e-07, 1.3382629049374373e-06, 1.785929498510086e-06, 1.8408609321340919e-06, 2.057183792203432e-06, 2.034757471847115e-06, 1.2532051414382295e-06, 9.163705954051693e-07, 9.242955911759054e-07, 1.0154911933568656e-06, 5.861132308382366e-07, 4.2073034478562477e-07, 4.019663890630909e-07, 2.871867934572947e-07, 2.561745588991471e-07, 1.5414590848195076e-07, 8.810025775574104e-08, 5.726528584659718e-08, 3.626439237791601e-08, 1.8204524110387865e-08, 1.457007847704972e-09, 6.579741525930549e-12, 6.41985943572454e-12, 6.279735845909906e-12, 6.158177700416045e-12, 6.0537538523752765e-12, 5.9668485430375284e-12, 5.8952682145674284e-12, 5.843926471210681e-12, 5.8124633578460205e-12], "lowlevel.mfcc.mean": [-820.469970703125, 224.5212860107422, 43.080631256103516, -1.1860988140106201, 24.164430618286133, -11.259790420532227, 13.173625946044922, -4.004295825958252, -9.774648666381836, 0.6440169215202332, -13.07334041595459, -4.4601006507873535, 2.160320520401001], "lowlevel.spectral_contrast_coeffs.mean": [-0.6487874984741211, -0.6559474468231201, -0.7223623991012573, -0.7896538376808167, -0.8084973096847534, -0.8424962162971497], "lowlevel.spectral_contrast_coeffs.stdev": [0.09614680707454681, 0.094386525452137, 0.08476593345403671, 0.06414666026830673, 0.04517966881394386, 0.052249640226364136], "lowlevel.spectral_contrast_valleys.mean": [-6.977620601654053, -7.895593643188477, -8.766711235046387, -9.71845817565918, -10.528203010559082, -12.905941009521484], "lowlevel.spectral_contrast_valleys.stdev": [1.9169384241104126, 1.8104920387268066, 1.7372902631759644, 1.75117027759552, 2.1000254154205322, 1.9528342485427856], "rhythm.beats_loudness_band_ratio.mean": [0.38083457946777344, 0.3921729326248169, 0.15477044880390167, 0.08259572088718414, 0.005412321537733078, 0.01541112270206213], "rhythm.beats_loudness_band_ratio.stdev": [0.2610034644603729, 0.2821403443813324, 0.20186839997768402, 0.17584462463855743, 0.010480411350727081, 0.06321170181035995], "tonal.hpcp.mean": [0.5916925072669983, 0.13358472287654877, 0.009124034084379673, 0.007528138812631369, 0.007002171594649553, 0.06403378397226334, 0.11646172404289246, 0.06300495564937592, 0.013177764602005482, 0.01434545498341322, 0.017929788678884506, 0.057273656129837036, 0.08953314274549484, 0.050577953457832336, 0.1098235473036766, 0.1776704490184784, 0.0834987536072731, 0.010499304160475731, 0.007044119760394096, 0.014194993302226067, 0.11409849673509598, 0.20461632311344147, 0.10831054300069809, 0.008456293493509293, 0.0025677522644400597, 0.005563775077462196, 0.06980902701616287, 0.10359420627355576, 0.038870878517627716, 0.002676146337762475, 0.002372619230300188, 0.0024335477501153946, 0.02904435805976391, 0.04658876359462738, 0.0460655502974987, 0.4897840619087219], "tonal.hpcp.stdev": [0.41604316234588623, 0.15223091840744019, 0.0726647824048996, 0.06664036959409714, 0.06133973225951195, 0.17121471464633942, 0.28139132261276245, 0.16530735790729523, 0.09038843214511871, 0.09588845819234848, 0.11322320997714996, 0.1661641150712967, 0.2473360300064087, 0.15608660876750946, 0.22744517028331757, 0.34848591685295105, 0.17988738417625427, 0.08040744066238403, 0.054690368473529816, 0.08494657278060913, 0.20591522753238678, 0.3274897634983063, 0.21794666349887848, 0.05940866097807884, 0.024596402421593666, 0.05638709291815758, 0.17720502614974976, 0.2586864233016968, 0.10947112739086151, 0.030535314232110977, 0.03407477214932442, 0.025490636005997658, 0.09971069544553757, 0.167705237865448, 0.1064826026558876, 0.3727276623249054], "rhythm.beats_position": [0.5921088457107544, 1.195827603340149, 1.8111563920974731, 2.4148752689361572, 3.006983995437622, 3.599092960357666, 4.2028117179870605, 4.8645806312561035, 5.514739036560059, 6.176507949829102, 6.826666355133057, 7.46521520614624, 8.115373611450195, 8.753922462463379, 9.380861282348633, 10.007800102233887, 10.63473892211914, 11.238457679748535, 11.85378646850586, 12.480725288391113, 13.096054077148438, 13.722992897033691, 14.338321685791016, 14.95365047454834, 15.557369232177734, 16.184309005737305, 16.776416778564453, 17.368526458740234, 17.879364013671875, 18.39020347595215, 18.901042938232422, 19.423492431640625, 19.945940017700195, 20.45677947998047, 20.979228973388672, 21.5248966217041, 22.058956146240234, 22.685895919799805, 23.312833786010742, 23.951383590698242, 24.58993148803711, 25.240089416503906, 25.867029190063477, 26.493967056274414, 27.120906829833984, 27.747844696044922, 28.386394500732422, 29.02494239807129, 29.66349220275879, 30.278820037841797, 30.870929718017578, 31.463037490844727, 32.04353713989258, 32.63564682006836, 33.18131637573242, 33.71537399291992, 34.24943161010742, 34.771881103515625, 35.29433059692383, 35.74711990356445, 36.22312927246094, 36.664306640625, 37.117095947265625, 37.56988525390625, 38.022674560546875, 38.4754638671875, 38.928253173828125, 39.38104248046875], "rhythm.bpm_histogram": [0.0, 0.0, 0.0, 0.0, 0.0, 0.0, 0.0, 0.0, 0.0, 0.0, 0.0, 0.0, 0.0, 0.0, 0.0, 0.0, 0.0, 0.0, 0.0, 0.0, 0.0, 0.0, 0.0, 0.0, 0.0, 0.0, 0.0, 0.0, 0.0, 0.0, 0.0, 0.0, 0.0, 0.0, 0.0, 0.0, 0.0, 0.0, 0.0, 0.0, 0.0, 0.0, 0.0, 0.0, 0.0, 0.0, 0.0, 0.0, 0.0, 0.0, 0.0, 0.0, 0.0, 0.0, 0.0, 0.0, 0.0, 0.0, 0.0, 0.0, 0.0, 0.0, 0.0, 0.0, 0.0, 0.0, 0.0, 0.0, 0.0, 0.0, 0.0, 0.0, 0.0, 0.0, 0.0, 0.0, 0.0, 0.0, 0.0, 0.0, 0.0, 0.0, 0.0, 0.0, 0.0, 0.0, 0.0, 0.0, 0.0, 0.0, 0.0, 0.02985074557363987, 0.05970149114727974, 0.0, 0.10447761416435242, 0.0, 0.17910447716712952, 0.0, 0.08955223858356476, 0.0746268630027771, 0.0, 0.10447761416435242, 0.0, 0.014925372786819935, 0.0, 0.0, 0.0, 0.0, 0.0, 0.0, 0.02985074557363987, 0.0, 0.04477611929178238, 0.0, 0.0, 0.0746268630027771, 0.0, 0.05970149114727974, 0.0, 0.0, 0.0, 0.0, 0.0, 0.0, 0.0, 0.0, 0.014925372786819935, 0.0, 0.0, 0.0, 0.0, 0.0, 0.0, 0.10447761416435242, 0.0, 0.0, 0.014925372786819935, 0.0, 0.0, 0.0, 0.0, 0.0, 0.0, 0.0, 0.0, 0.0, 0.0, 0.0, 0.0, 0.0, 0.0, 0.0, 0.0, 0.0, 0.0, 0.0, 0.0, 0.0, 0.0, 0.0, 0.0, 0.0, 0.0, 0.0, 0.0, 0.0, 0.0, 0.0, 0.0, 0.0, 0.0, 0.0, 0.0, 0.0, 0.0, 0.0, 0.0, 0.0, 0.0, 0.0, 0.0, 0.0, 0.0, 0.0, 0.0, 0.0, 0.0, 0.0, 0.0, 0.0, 0.0, 0.0, 0.0, 0.0, 0.0, 0.0, 0.0, 0.0, 0.0, 0.0, 0.0, 0.0, 0.0, 0.0, 0.0, 0.0, 0.0, 0.0, 0.0, 0.0, 0.0, 0.0, 0.0, 0.0, 0.0, 0.0, 0.0, 0.0, 0.0, 0.0, 0.0, 0.0, 0.0, 0.0, 0.0, 0.0, 0.0, 0.0, 0.0, 0.0, 0.0, 0.0, 0.0, 0.0, 0.0, 0.0, 0.0, 0.0, 0.0, 0.0, 0.0, 0.0, 0.0, 0.0, 0.0, 0.0, 0.0, 0.0, 0.0, 0.0], "tonal.chords_histogram": [19.675926208496094, 8.449073791503906, 48.61111068725586, 0.0, 7.638888835906982, 1.2731481790542603, 0.0, 0.0, 0.0, 0.0, 0.0, 0.0, 0.0, 0.0, 0.0, 0.0, 0.0, 6.481481552124023, 0.0, 3.125, 0.0, 0.0, 0.0, 4.745370388031006], "tonal.thpcp": [1.0, 0.2257671356201172, 0.01542022917419672, 0.012723059393465519, 0.011834139004349709, 0.1082213893532753, 0.19682812690734863, 0.106482595205307, 0.022271305322647095, 0.024244779720902443, 0.030302545055747032, 0.09679631888866425, 0.15131701529026031, 0.08548013120889664, 0.18560916185379028, 0.30027496814727783, 0.14111849665641785, 0.017744528129696846, 0.011905035004019737, 0.023990489542484283, 0.19283410906791687, 0.3458153009414673, 0.18305207788944244, 0.014291702769696712, 0.0043396735563874245, 0.009403152391314507, 0.1179819330573082, 0.17508114874362946, 0.06569439172744751, 0.004522866569459438, 0.004009885713458061, 0.0041128587909042835, 0.04908691346645355, 0.07873813062906265, 0.07785386592149734, 0.8277679085731506], "lowlevel.gfcc.cov": [[19962.24609375, -3037.451904296875, -587.6607666015625, 1647.9364013671875, -1824.30126953125, 606.177001953125, -1653.4156494140625, 669.1687622070312, -1602.9373779296875, 354.7786560058594, 12.671347618103027, -87.7222900390625, 3.0576021671295166], [-3037.451904296875, 4421.53955078125, -29.799659729003906, -1626.3963623046875, 1009.5596313476562, -431.9595031738281, 897.7584228515625, -425.4601745605469, 838.4383544921875, -412.6302185058594, 130.3748779296875, -139.98968505859375, 46.81810760498047], [-587.6607666015625, -29.799659729003906, 724.9917602539062, 186.59426879882812, -39.164432525634766, 15.129655838012695, -4.502996444702148, 2.297170400619507, -1.6377507448196411, -32.877071380615234, 8.612689018249512, -7.5301833152771, -33.92026901245117], [1647.9364013671875, -1626.3963623046875, 186.59426879882812, 1134.047119140625, -315.9640197753906, 164.24061584472656, -374.958740234375, 229.9955596923828, -283.68511962890625, 114.82464599609375, -2.8275396823883057, 16.793106079101562, 4.423101425170898], [-1824.30126953125, 1009.5596313476562, -39.164432525634766, -315.9640197753906, 519.24853515625, -111.94261932373047, 246.25262451171875, -99.15953826904297, 297.8388366699219, -119.23201751708984, -2.405697822570801, -6.186283588409424, -11.309617042541504], [606.177001953125, -431.9595031738281, 15.129655838012695, 164.24061584472656, -111.94261932373047, 293.8515319824219, -16.648523330688477, 36.220218658447266, -146.85977172851562, 50.29191207885742, 6.411658763885498, -59.49095153808594, -7.942639350891113], [-1653.4156494140625, 897.7584228515625, -4.502996444702148, -374.958740234375, 246.25262451171875, -16.648523330688477, 459.84014892578125, -114.2663803100586, 226.71148681640625, -69.14922332763672, -3.618988275527954, -16.762208938598633, -52.0758056640625], [669.1687622070312, -425.4601745605469, 2.297170400619507, 229.9955596923828, -99.15953826904297, 36.220218658447266, -114.2663803100586, 178.28472900390625, -61.960533142089844, 1.9436079263687134, -26.908363342285156, 2.0303761959075928, -10.347963333129883], [-1602.9373779296875, 838.4383544921875, -1.6377507448196411, -283.68511962890625, 297.8388366699219, -146.85977172851562, 226.71148681640625, -61.960533142089844, 430.26220703125, -29.60183334350586, -33.23576736450195, 35.079986572265625, -27.687097549438477], [354.7786560058594, -412.6302185058594, -32.877071380615234, 114.82464599609375, -119.23201751708984, 50.29191207885742, -69.14922332763672, 1.9436079263687134, -29.60183334350586, 186.9091796875, 21.782482147216797, 2.9248714447021484, -20.358240127563477], [12.671347618103027, 130.3748779296875, 8.612689018249512, -2.8275396823883057, -2.405697822570801, 6.411658763885498, -3.618988275527954, -26.908363342285156, -33.23576736450195, 21.782482147216797, 152.0226287841797, -23.28925895690918, 33.30524826049805], [-87.7222900390625, -139.98968505859375, -7.5301833152771, 16.793106079101562, -6.186283588409424, -59.49095153808594, -16.762208938598633, 2.0303761959075928, 35.079986572265625, 2.9248714447021484, -23.28925895690918, 130.9488983154297, -13.926000595092773], [3.0576021671295166, 46.81810760498047, -33.92026901245117, 4.423101425170898, -11.309617042541504, -7.942639350891113, -52.0758056640625, -10.347963333129883, -27.687097549438477, -20.358240127563477, 33.30524826049805, -13.926000595092773, 136.0542755126953]], "lowlevel.gfcc.icov": [[0.00022058065223973244, -0.0006413477240130305, 0.00030060854624025524, -0.00042875108192674816, 0.0006541007314808667, -0.00045270417467691004, 0.0007853316492401063, -0.00045661121839657426, 0.0007844329229556024, -0.000559489126317203, 0.0005298389005474746, -0.0005846050917170942, 0.00048480613622814417], [-0.0006413477240130305, 0.003435922786593437, -0.0010375464335083961, 0.0023274950217455626, -0.0024529004003852606, 0.002073276089504361, -0.0030019893310964108, 0.0019998466596007347, -0.00366795202717185, 0.003466870868578553, -0.003024954115971923, 0.0034811224322766066, -0.0017129366751760244], [0.00030060854624025524, -0.0010375464335083961, 0.00203035119920969, -0.0011883164988830686, 0.0013882010243833065, -0.0007322655292227864, 0.001140092615969479, -1.7739859686116688e-05, 0.0007353242253884673, -6.392275099642575e-05, 0.0005741081549786031, -0.0007116016349755228, 0.001329480786807835], [-0.00042875108192674816, 0.0023274950217455626, -0.0011883164988830686, 0.0033404638525098562, -0.001853153225965798, 0.0008771762950345874, -0.001300172065384686, -0.0002926100278273225, -0.001997217768803239, 0.0015496747801080346, -0.002071400173008442, 0.0018473764648661017, -0.0012972868280485272], [0.0006541007314808667, -0.0024529004003852606, 0.0013882010243833065, -0.001853153225965798, 0.0065945591777563095, -0.001636513858102262, 0.0022088184487074614, -0.00014173156523611397, 8.344662637682632e-05, 0.0002902262785937637, 0.0014183546882122755, -0.0015694411704316735, 0.002075585536658764], [-0.00045270417467691004, 0.002073276089504361, -0.0007322655292227864, 0.0008771762950345874, -0.001636513858102262, 0.0065660737454891205, -0.0034514176659286022, 0.0006492098909802735, -0.00031996393227018416, 0.0005740608321502805, -0.0012361155822873116, 0.003936493769288063, -0.0012124438071623445], [0.0007853316492401063, -0.0030019893310964108, 0.001140092615969479, -0.001300172065384686, 0.0022088184487074614, -0.0034514176659286022, 0.0077107930555939674, -0.0004591829201672226, 0.001583905890583992, -0.0014875582419335842, 0.0020888170693069696, -0.0025606458075344563, 0.003566756611689925], [-0.00045661121839657426, 0.0019998466596007347, -1.7739859686116688e-05, -0.0002926100278273225, -0.00014173156523611397, 0.0006492098909802735, -0.0004591829201672226, 0.010483693331480026, -0.003683030605316162, 0.004448245745152235, -0.000986060593277216, 0.002690747147426009, 0.00040780805284157395], [0.0007844329229556024, -0.00366795202717185, 0.0007353242253884673, -0.001997217768803239, 8.344662637682632e-05, -0.00031996393227018416, 0.001583905890583992, -0.003683030605316162, 0.00992502085864544, -0.006198185496032238, 0.004467785358428955, -0.004562254995107651, 0.0013388353399932384], [-0.000559489126317203, 0.003466870868578553, -6.392275099642575e-05, 0.0015496747801080346, 0.0002902262785937637, 0.0005740608321502805, -0.0014875582419335842, 0.004448245745152235, -0.006198185496032238, 0.012136301025748253, -0.004835362546145916, 0.0037481680046766996, 0.0007018229807727039], [0.0005298389005474746, -0.003024954115971923, 0.0005741081549786031, -0.002071400173008442, 0.0014183546882122755, -0.0012361155822873116, 0.0020888170693069696, -0.000986060593277216, 0.004467785358428955, -0.004835362546145916, 0.010485941544175148, -0.0020781857892870903, -0.0005841971142217517], [-0.0005846050917170942, 0.0034811224322766066, -0.0007116016349755228, 0.0018473764648661017, -0.0015694411704316735, 0.003936493769288063, -0.0025606458075344563, 0.002690747147426009, -0.004562254995107651, 0.0037481680046766996, -0.0020781857892870903, 0.01273262407630682, -0.0006539226160384715], [0.00048480613622814417, -0.0017129366751760244, 0.001329480786807835, -0.0012972868280485272, 0.002075585536658764, -0.0012124438071623445, 0.003566756611689925, 0.00040780805284157395, 0.0013388353399932384, 0.0007018229807727039, -0.0005841971142217517, -0.0006539226160384715, 0.010253708809614182]], "lowlevel.mfcc.cov": [[10471.3681640625, -2822.817138671875, 48.03768539428711, 459.0052185058594, 442.69732666015625, -863.5540771484375, 686.7763671875, -570.8969116210938, -687.8811645507812, 257.3485412597656, -656.0542602539062, -176.66395568847656, 13.850414276123047], [-2822.817138671875, 3874.794677734375, -12.433805465698242, -596.8336791992188, -233.883544921875, 296.6011657714844, -220.04006958007812, 282.6899719238281, 288.0661315917969, -72.95775604248047, 268.1351318359375, 23.37019157409668, 46.41411590576172], [48.03768539428711, -12.433805465698242, 595.946533203125, 82.56782531738281, 8.982285499572754, 25.952884674072266, 51.38579177856445, 13.479004859924316, -20.282920837402344, -22.007694244384766, -7.024629592895508, 36.040809631347656, 4.15220308303833], [459.0052185058594, -596.8336791992188, 82.56782531738281, 525.363525390625, 186.05007934570312, -89.25469970703125, -2.1439740657806396, 28.998655319213867, -35.997127532958984, -38.44087219238281, -21.499914169311523, 44.74066162109375, 7.872758388519287], [442.69732666015625, -233.883544921875, 8.982285499572754, 186.05007934570312, 348.2925720214844, -101.4491958618164, 25.01409912109375, -26.065370559692383, -38.017635345458984, 7.49044942855835, -75.34468841552734, 2.226961612701416, -24.428668975830078], [-863.5540771484375, 296.6011657714844, 25.952884674072266, -89.25469970703125, -101.4491958618164, 319.5346374511719, -38.34771728515625, 54.61489486694336, 94.8245620727539, 4.279271602630615, 122.95169067382812, 16.021427154541016, 14.619462013244629], [686.7763671875, -220.04006958007812, 51.38579177856445, -2.1439740657806396, 25.01409912109375, -38.34771728515625, 350.3323059082031, -60.924095153808594, -131.63436889648438, 37.15991973876953, -82.10517883300781, -31.980859756469727, -3.0201165676116943], [-570.8969116210938, 282.6899719238281, 13.479004859924316, 28.998655319213867, -26.065370559692383, 54.61489486694336, -60.924095153808594, 251.3246612548828, 116.91456604003906, -56.87942886352539, 72.44342041015625, 59.46302032470703, -25.22667121887207], [-687.8811645507812, 288.0661315917969, -20.282920837402344, -35.997127532958984, -38.017635345458984, 94.8245620727539, -131.63436889648438, 116.91456604003906, 219.5079345703125, 8.115848541259766, 61.90464782714844, 17.799142837524414, -8.769253730773926], [257.3485412597656, -72.95775604248047, -22.007694244384766, -38.44087219238281, 7.49044942855835, 4.279271602630615, 37.15991973876953, -56.87942886352539, 8.115848541259766, 173.50267028808594, -1.497828722000122, -56.9609375, 19.060258865356445], [-656.0542602539062, 268.1351318359375, -7.024629592895508, -21.499914169311523, -75.34468841552734, 122.95169067382812, -82.10517883300781, 72.44342041015625, 61.90464782714844, -1.497828722000122, 201.3476104736328, 53.216129302978516, 21.43669319152832], [-176.66395568847656, 23.37019157409668, 36.040809631347656, 44.74066162109375, 2.226961612701416, 16.021427154541016, -31.980859756469727, 59.46302032470703, 17.799142837524414, -56.9609375, 53.216129302978516, 126.82159423828125, -4.916182518005371], [13.850414276123047, 46.41411590576172, 4.15220308303833, 7.872758388519287, -24.428668975830078, 14.619462013244629, -3.0201165676116943, -25.22667121887207, -8.769253730773926, 19.060258865356445, 21.43669319152832, -4.916182518005371, 132.61517333984375]], "lowlevel.mfcc.icov": [[0.00017735676374286413, 5.929021426709369e-05, -4.040485691803042e-06, -3.121265763184056e-05, -9.49827426666161e-06, 0.00024718864005990326, -0.00012206031533423811, 4.8963556764647365e-05, 0.00021200072660576552, -0.00023437423806171864, 0.00023077489458955824, -7.037679461063817e-05, -5.196855272515677e-05], [5.929021426709369e-05, 0.0004224498989060521, -7.136905333027244e-05, 0.0005060926778241992, -0.00016567394777666777, 6.704294355586171e-05, 5.209076789469691e-06, -0.0003100685717072338, -0.0001338252186542377, 0.00019566898117773235, -0.00029126665322110057, 0.00020639300055336207, -0.00026086773141287267], [-4.040485691803042e-06, -7.136905333027244e-05, 0.001811037422157824, -0.00039886898