{"song_id": "1183700612383244308", "download": "https://cdn.discordapp.com/attachments/1128313332273782784/1183700612383244308/chirp.mp4?ex=65894a1a&amp", "lyrics": "[Verse]\nColin ist schlau, he's got it all\nHis intellect shines, he stands tall\nWith a mind so sharp, he conquers it all\nColin ist schlau, he'll never fall\n\n[Chorus]\nColin ist schlau, oh, he's so bright\nHe's a shining star, day and night\nWith wisdom and wit, he takes flight\nColin ist schlau, his future is bright", "style": ["pop"], "essentia_features": {"lowlevel.average_loudness": 0.9851770997047424, "lowlevel.barkbands_crest.mean": 16.977863311767578, "lowlevel.barkbands_crest.stdev": 4.465297222137451, "lowlevel.barkbands_flatness_db.mean": 0.19596505165100098, "lowlevel.barkbands_flatness_db.stdev": 0.06199449300765991, "lowlevel.barkbands_kurtosis.mean": 27.2132625579834, "lowlevel.barkbands_kurtosis.stdev": 37.84416580200195, "lowlevel.barkbands_skewness.mean": 4.074706554412842, "lowlevel.barkbands_skewness.stdev": 2.1890485286712646, "lowlevel.barkbands_spread.mean": 11.436511039733887, "lowlevel.barkbands_spread.stdev": 9.437799453735352, "lowlevel.dissonance.mean": 0.4608040153980255, "lowlevel.dissonance.stdev": 0.02840235084295273, "lowlevel.dynamic_complexity": 1.5284879207611084, "lowlevel.erbbands_crest.mean": 7.176043510437012, "lowlevel.erbbands_crest.stdev": 3.4264180660247803, "lowlevel.erbbands_flatness_db.mean": 0.11025188863277435, "lowlevel.erbbands_flatness_db.stdev": 0.031102044507861137, "lowlevel.erbbands_kurtosis.mean": 0.36640462279319763, "lowlevel.erbbands_kurtosis.stdev": 1.578464150428772, "lowlevel.erbbands_skewness.mean": 0.6126400828361511, "lowlevel.erbbands_skewness.stdev": 0.5852697491645813, "lowlevel.erbbands_spread.mean": 55.45124053955078, "lowlevel.erbbands_spread.stdev": 25.199106216430664, "lowlevel.hfc.mean": 24.00214385986328, "lowlevel.hfc.stdev": 14.297667503356934, "lowlevel.loudness_ebu128.integrated": -13.056068420410156, "lowlevel.loudness_ebu128.loudness_range": 0.4804201126098633, "lowlevel.loudness_ebu128.momentary.mean": -13.13084888458252, "lowlevel.loudness_ebu128.momentary.stdev": 0.8235787153244019, "lowlevel.loudness_ebu128.short_term.mean": -13.028650283813477, "lowlevel.loudness_ebu128.short_term.stdev": 0.1620020717382431, "lowlevel.melbands_crest.mean": 20.926584243774414, "lowlevel.melbands_crest.stdev": 5.728630065917969, "lowlevel.melbands_flatness_db.mean": 0.288494348526001, "lowlevel.melbands_flatness_db.stdev": 0.07015173882246017, "lowlevel.melbands_kurtosis.mean": 63.2548942565918, "lowlevel.melbands_kurtosis.stdev": 74.73629760742188, "lowlevel.melbands_skewness.mean": 5.788228988647461, "lowlevel.melbands_skewness.stdev": 2.9079532623291016, "lowlevel.melbands_spread.mean": 7.029709815979004, "lowlevel.melbands_spread.stdev": 5.429219722747803, "lowlevel.pitch_salience.mean": 0.3850460946559906, "lowlevel.pitch_salience.stdev": 0.12176786363124847, "lowlevel.silence_rate_20dB.mean": 0.9464156627655029, "lowlevel.silence_rate_20dB.stdev": 0.22519534826278687, "lowlevel.silence_rate_30dB.mean": 0.6676321625709534, "lowlevel.silence_rate_30dB.stdev": 0.47106537222862244, "lowlevel.silence_rate_60dB.mean": 0.0014482259284704924, "lowlevel.silence_rate_60dB.stdev": 0.03802784904837608, "lowlevel.spectral_centroid.mean": 871.8428955078125, "lowlevel.spectral_centroid.stdev": 478.3974304199219, "lowlevel.spectral_complexity.mean": 18.30195426940918, "lowlevel.spectral_complexity.stdev": 6.8038177490234375, "lowlevel.spectral_decrease.mean": -2.9580379035110127e-08, "lowlevel.spectral_decrease.stdev": 2.4866249503929794e-08, "lowlevel.spectral_energy.mean": 0.11382029205560684, "lowlevel.spectral_energy.stdev": 0.09426269680261612, "lowlevel.spectral_energyband_high.mean": 0.0011547829490154982, "lowlevel.spectral_energyband_high.stdev": 0.0014296630397439003, "lowlevel.spectral_energyband_low.mean": 0.09662075340747833, "lowlevel.spectral_energyband_low.stdev": 0.09407467395067215, "lowlevel.spectral_energyband_middle_high.mean": 0.0029197155963629484, "lowlevel.spectral_energyband_middle_high.stdev": 0.0020075226202607155, "lowlevel.spectral_energyband_middle_low.mean": 0.01635570451617241, "lowlevel.spectral_energyband_middle_low.stdev": 0.015995971858501434, "lowlevel.spectral_entropy.mean": 7.670565605163574, "lowlevel.spectral_entropy.stdev": 0.3912813365459442, "lowlevel.spectral_flux.mean": 0.12895460426807404, "lowlevel.spectral_flux.stdev": 0.0957426130771637, "lowlevel.spectral_kurtosis.mean": 3.38344669342041, "lowlevel.spectral_kurtosis.stdev": 3.1496660709381104, "lowlevel.spectral_rms.mean": 0.009864338673651218, "lowlevel.spectral_rms.stdev": 0.0037066214717924595, "lowlevel.spectral_rolloff.mean": 318.8654479980469, "lowlevel.spectral_rolloff.stdev": 456.4228515625, "lowlevel.spectral_skewness.mean": 1.539265751838684, "lowlevel.spectral_skewness.stdev": 0.4887544810771942, "lowlevel.spectral_spread.mean": 5811988.0, "lowlevel.spectral_spread.stdev": 1498131.5, "lowlevel.spectral_strongpeak.mean": 0.6605311632156372, "lowlevel.spectral_strongpeak.stdev": 0.35600388050079346, "lowlevel.zerocrossingrate.mean": 0.030266718938946724, "lowlevel.zerocrossingrate.stdev": 0.02066616341471672, "metadata.audio_properties.analysis.equal_loudness": 0.0, "metadata.audio_properties.analysis.length": 32.04265213012695, "metadata.audio_properties.analysis.sample_rate": 44100.0, "metadata.audio_properties.analysis.start_time": 0.0, "metadata.audio_properties.bit_rate": 117194.0, "metadata.audio_properties.length": 32.042667388916016, "metadata.audio_properties.lossless": 0.0, "metadata.audio_properties.number_channels": 1.0, "metadata.audio_properties.replay_gain": -10.271596908569336, "metadata.audio_properties.sample_rate": 48000.0, "rhythm.beats_count": 67.0, "rhythm.beats_loudness.mean": 0.15293622016906738, "rhythm.beats_loudness.stdev": 0.1052304208278656, "rhythm.bpm": 126.88685607910156, "rhythm.bpm_histogram_first_peak_bpm": 126.0, "rhythm.bpm_histogram_first_peak_weight": 0.4262295365333557, "rhythm.bpm_histogram_second_peak_bpm": 117.0, "rhythm.bpm_histogram_second_peak_spread": 0.3999999761581421, "rhythm.bpm_histogram_second_peak_weight": 0.04545454680919647, "rhythm.danceability": 2.3033926486968994, "rhythm.onset_rate": 3.9619219303131104, "tonal.chords_changes_rate": 0.024602025747299194, "tonal.chords_number_rate": 0.0072358897887170315, "tonal.chords_strength.mean": 0.5387907028198242, "tonal.chords_strength.stdev": 0.09300554543733597, "tonal.hpcp_crest.mean": 13.583550453186035, "tonal.hpcp_crest.stdev": 5.709002494812012, "tonal.hpcp_entropy.mean": 1.995840072631836, "tonal.hpcp_entropy.stdev": 0.6737238764762878, "tonal.key_edma.strength": 0.6304441690444946, "tonal.key_krumhansl.strength": 0.6442270278930664, "tonal.key_temperley.strength": 0.6647368669509888, "tonal.tuning_diatonic_strength": 0.6972977519035339, "tonal.tuning_equal_tempered_deviation": 0.2027338296175003, "tonal.tuning_frequency": 434.193115234375, "tonal.tuning_nontempered_energy_ratio": 0.9087581634521484, "lowlevel.barkbands.mean": [0.0031346215400844812, 0.07831510156393051, 0.011987011879682541, 0.005072943400591612, 0.004600774962455034, 0.0021206161472946405, 0.001851551467552781, 0.0017516734078526497, 0.000869141542352736, 0.000774608866777271, 0.0004583736590575427, 0.0004294470709282905, 0.00037219258956611156, 0.0002314106677658856, 0.0001359453162876889, 9.984352072933689e-05, 0.0001365621865261346, 0.00011364853708073497, 0.00014145197928883135, 0.00015385699225589633, 0.00024117459543049335, 0.0002471084881108254, 0.00016060304187703878, 0.00019097818585578352, 0.0001587938895681873, 6.889150245115161e-05, 1.9549631815607427e-06], "lowlevel.barkbands.stdev": [0.006244226358830929, 0.087632916867733, 0.016238825395703316, 0.010525943711400032, 0.005041979253292084, 0.0022816264536231756, 0.0028976916801184416, 0.0026123467832803726, 0.0013389750383794308, 0.0009548811940476298, 0.0005394588224589825, 0.0004917579353787005, 0.0005146359326317906, 0.0002866090217139572, 0.00014950665354263037, 0.00010005999502027407, 0.0001279636926483363, 0.00013223555288277566, 0.00021060166181996465, 0.00019619472732301801, 0.0002951374917756766, 0.0003283850383013487, 0.0002437527000438422, 0.0002831688616424799, 0.000229203884373419, 0.00012972572585567832, 9.281786333303899e-06], "lowlevel.erbbands.mean": [2.9334192276000977, 14.766463279724121, 15.211446762084961, 17.96907615661621, 10.697396278381348, 13.147945404052734, 34.92416763305664, 11.486103057861328, 28.021596908569336, 20.690963745117188, 39.86863708496094, 21.033708572387695, 20.66376304626465, 24.224014282226562, 21.194005966186523, 16.594125747680664, 16.913415908813477, 13.269822120666504, 9.325182914733887, 6.305144309997559, 5.484132289886475, 8.145977020263672, 6.624504089355469, 6.548641204833984, 7.141197204589844, 7.297738552093506, 9.63971996307373, 9.038649559020996, 9.071209907531738, 6.908497333526611, 4.238115310668945, 3.476933717727661, 3.4686520099639893, 2.145112991333008, 0.9110801219940186, 0.35352465510368347, 0.11923277378082275, 0.016359103843569756, 0.000414116628235206, 0.0001395281869918108], "lowlevel.erbbands.stdev": [4.199973106384277, 14.471309661865234, 16.173267364501953, 28.748769760131836, 24.722084045410156, 13.049949645996094, 37.76649475097656, 11.945006370544434, 47.18913650512695, 21.985416412353516, 62.33273696899414, 34.5765380859375, 22.053197860717773, 27.806955337524414, 22.823013305664062, 19.1573486328125, 21.418983459472656, 16.112680435180664, 10.221824645996094, 6.641695976257324, 5.337250232696533, 7.592560768127441, 7.348210334777832, 8.78796672821045, 10.721686363220215, 9.246316909790039, 11.868224143981934, 11.035483360290527, 11.845779418945312, 10.392560005187988, 6.430325031280518, 5.2354865074157715, 5.181294918060303, 3.05072283744812, 1.4113037586212158, 0.6358710527420044, 0.23153425753116608, 0.041847601532936096, 0.0010590730234980583, 0.00010473361908225343], "lowlevel.gfcc.mean": [41.19095993041992, 101.83463287353516, -75.02507019042969, 44.13434982299805, -55.33526611328125, 33.08327102661133, -23.965072631835938, 16.69741439819336, -20.56732749938965, 11.296276092529297, -11.694032669067383, 4.31580114364624, -5.646986484527588], "lowlevel.melbands.mean": [0.023870809003710747, 0.011482078582048416, 0.0028395827393978834, 0.0007332005188800395, 0.0011420596856623888, 0.0002912261406891048, 0.0004034269368276, 0.0002575684920884669, 0.00028465737705118954, 0.0001303717726841569, 0.00010787109204102308, 0.00010445627412991598, 7.019357872195542e-05, 5.6428707466693595e-05, 3.1776668038219213e-05, 3.7733607314294204e-05, 2.30291534535354e-05, 1.6077980035333894e-05, 9.386423698742874e-06, 7.524419288529316e-06, 5.97838197791134e-06, 8.25174356577918e-06, 7.590154837089358e-06, 4.915067165711662e-06, 5.29788530911901e-06, 5.333830813469831e-06, 4.934850039717276e-06, 4.716939656645991e-06, 5.7041438594751526e-06, 6.238250989554217e-06, 4.880337655777112e-06, 5.262788363324944e-06, 4.5537644837168045e-06, 3.5319733342475956e-06, 2.4447460873489035e-06, 2.0013446828670567e-06, 2.2448405161412666e-06, 2.593201088529895e-06, 2.0620932446036022e-06, 1.7302978676525527e-06], "lowlevel.melbands.stdev": [0.02952638454735279, 0.009459388442337513, 0.004748052451759577, 0.0011406345292925835, 0.0011875199852511287, 0.00030887185130268335, 0.0006694671465083957, 0.00029649061616510153, 0.0004420428304001689, 0.00023118390527088195, 0.0001179693135782145, 0.00012716135825030506, 8.288324170280248e-05, 6.475545524153858e-05, 4.302622255636379e-05, 5.3331616072682664e-05, 2.9218765121186152e-05, 1.92707830137806e-05, 1.0523312084842473e-05, 7.881280907895416e-06, 6.287556516326731e-06, 8.09701577964006e-06, 7.916627509985119e-06, 5.943255018792115e-06, 7.522543455706909e-06, 8.393487405555788e-06, 7.156972515076632e-06, 6.157006282592192e-06, 7.079559054545825e-06, 8.240327588282526e-06, 6.156410563562531e-06, 6.959561233088607e-06, 6.747583483956987e-06, 5.506848992808955e-06, 3.647328185252263e-06, 3.4584095374157187e-06, 3.415494575165212e-06, 4.016682851215592e-06, 2.9875618565711193e-06, 2.543674327171175e-06], "lowlevel.melbands128.mean": [0.002963692182675004, 0.02385481260716915, 0.0348108634352684, 0.02054358832538128, 0.00870602112263441, 0.005839947145432234, 0.003951534163206816, 0.002063354942947626, 0.0009037749259732664, 0.0004990434972569346, 0.0005953730433247983, 0.0013662886340171099, 0.0015539705054834485, 0.0005229887901805341, 0.00017238807049579918, 0.00014933529018890113, 0.00042907759780064225, 0.0005656741559505463, 0.00020741282787639648, 0.00016568636056035757, 0.0002788048586808145, 0.0005302608478814363, 0.00026908167637884617, 7.819102029316127e-05, 0.00011101997370133176, 0.00017493436462245882, 0.0001211976632475853, 5.650371895171702e-05, 0.0001367769145872444, 0.00016225935542024672, 5.9065845562145114e-05, 6.24457243247889e-05, 9.030756336869672e-05, 5.3434101573657244e-05, 6.675143231404945e-05, 6.344685243675485e-05, 3.063229451072402e-05, 2.5673180061858147e-05, 3.424878013902344e-05, 4.280752546037547e-05, 4.0462859033141285e-05, 2.7438920369604602e-05, 2.1803954950883053e-05, 2.1837373424204998e-05, 2.0309555111452937e-05, 1.4694083802169189e-05, 1.1957673450524453e-05, 9.408893674844876e-06, 8.22804850031389e-06, 8.367626833205577e-06, 7.530689799750689e-06, 6.608548119402258e-06, 6.088692316552624e-06, 5.496759058587486e-06, 6.071272309782216e-06, 8.895452992874198e-06, 1.0053521691588685e-05, 8.065382644417696e-06, 7.157164873206057e-06, 5.564479579334147e-06, 4.5682277232117485e-06, 4.512346094998065e-06, 5.012401288695401e-06, 5.885999598831404e-06, 5.178241281100782e-06, 5.388583304011263e-06, 5.451766355690779e-06, 4.767756308865501e-06, 4.859664841205813e-06, 5.168146344658453e-06, 4.502454885368934e-06, 4.4040216380381025e-06, 5.3469816521101166e-06, 5.929212420596741e-06, 6.173628207761794e-06, 6.686721917503746e-06, 6.4348023443017155e-06, 4.663967501983279e-06, 4.717127467301907e-06, 4.767796326632379e-06, 5.4129936870594975e-06, 5.599726591754006e-06, 4.80691778648179e-06, 4.532121693046065e-06, 4.213138254272053e-06, 3.975480012741173e-06, 3.2259054023597855e-06, 2.7332841909810668e-06, 2.2966314645600505e-06, 2.4117296106851427e-06, 2.134958322130842e-06, 1.9098670236417092e-06, 1.6933157667153864e-06, 2.0896598016406642e-06, 2.637999386934098e-06, 2.9203552003309596e-06, 2.4793012016743887e-06, 2.365049112995621e-06, 2.0074708118045237e-06, 1.923841864481801e-06, 2.0256597963452805e-06, 1.7158762375402148e-06, 1.403183773618366e-06, 1.1447355063864961e-06, 9.609685776013066e-07, 8.696924851392396e-07, 8.383552767554647e-07, 7.165680244725081e-07, 5.683912149834214e-07, 4.872813406109344e-07, 4.579143251248752e-07, 4.179322274922015e-07, 3.9020179087856377e-07, 3.2859173870747327e-07, 2.7243558520240185e-07, 1.875476129953313e-07, 6.555490017490229e-08, 1.955430661837454e-08, 1.5024903543547907e-09, 1.9083663468921763e-11, 2.2537206476047622e-11, 2.0006159923147138e-11, 1.7555986178696692e-11, 1.723619337534732e-11, 1.684324901773948e-11, 1.6380261730342127e-11, 1.6104418146256627e-11, 1.5996816718488738e-11], "lowlevel.melbands128.stdev": [0.006110180635005236, 0.03912556916475296, 0.04111524298787117, 0.01952626369893551, 0.009007218293845654, 0.008084108121693134, 0.006407271139323711, 0.0047446987591683865, 0.002414379268884659, 0.0010367498034611344, 0.0006552979466505349, 0.0016073663718998432, 0.001801090664230287, 0.000674501177854836, 0.0002670455724000931, 0.00029822831857018173, 0.0008389566792175174, 0.0010821381583809853, 0.0003837218100670725, 0.00024261906219180673, 0.0004859137407038361, 0.0009003361337818205, 0.0005648565129376948, 0.00013990397565066814, 0.0002441724354866892, 0.00042466880404390395, 0.00017925830616150051, 7.810934766894206e-05, 0.00021658485638909042, 0.00025691825430840254, 8.070575859164819e-05, 8.138074190355837e-05, 0.0001411910488968715, 7.377630390692502e-05, 8.949013863457367e-05, 0.00010243575525237247, 5.0568374717840925e-05, 5.3752617532154545e-05, 6.620076601393521e-05, 6.356521771522239e-05, 7.844103674869984e-05, 5.1227660151198506e-05, 3.7222464015940204e-05, 3.332148480694741e-05, 3.426667535677552e-05, 2.116221367032267e-05, 1.68391070474172e-05, 1.305521982430946e-05, 1.1854112926812377e-05, 1.116867770178942e-05, 9.13415351533331e-06, 8.14401118987007e-06, 7.243097115861019e-06, 7.826385626685806e-06, 7.5107109296368435e-06, 1.0583767107164022e-05, 1.134644389821915e-05, 9.859294550551567e-06, 9.673837666923646e-06, 8.55737289384706e-06, 6.174404916237108e-06, 6.318376108538359e-06, 7.215479854494333e-06, 1.0747775377240032e-05, 8.744837941776495e-06, 9.558142664900515e-06, 9.935682101058774e-06, 8.513383363606408e-06, 7.445329174515791e-06, 8.386065928789321e-06, 6.41489532426931e-06, 6.735077931807609e-06, 7.731885489192791e-06, 7.967545570863876e-06, 8.836550478008576e-06, 1.1012873983418103e-05, 8.950893970904872e-06, 6.453107744164299e-06, 6.7860364652005956e-06, 6.502024916699156e-06, 7.68894733482739e-06, 8.905648428481072e-06, 7.838360033929348e-06, 7.159419965319103e-06, 7.258264304255135e-06, 7.502033440687228e-06, 5.197538030188298e-06, 4.362553681858117e-06, 3.599178853619378e-06, 4.18197760154726e-06, 4.530917976808269e-06, 3.4594704629853368e-06, 2.789648078760365e-06, 3.406094492675038e-06, 4.49910294264555e-06, 4.990029083273839e-06, 3.928304522560211e-06, 4.045892637805082e-06, 3.2234690934274113e-06, 2.83349322671711e-06, 3.0014944059075788e-06, 2.8466718049457995e-06, 2.305368980159983e-06, 2.0271245375624858e-06, 1.6855623243827722e-06, 1.5127175174711738e-06, 1.5843043001950718e-06, 1.5114487723622005e-06, 1.2182935051896493e-06, 9.456985026190523e-07, 8.648941047795233e-07, 8.608068924331747e-07, 8.086071261459438e-07, 7.67436063142668e-07, 7.101317009983177e-07, 5.294064067129511e-07, 2.554965590206848e-07, 1.726023839410118e-07, 2.020036760086441e-08, 3.0153931435128456e-11, 1.3696299649978982e-10, 7.194624757067558e-11, 2.825121039884415e-11, 2.7535468696826548e-11, 2.575155193251799e-11, 2.3976228988309423e-11, 2.3527331124983952e-11, 2.3399187101813546e-11], "lowlevel.mfcc.mean": [-611.4408569335938, 128.937744140625, 38.76972198486328, 25.408023834228516, 6.436490058898926, 17.807300567626953, 13.605727195739746, 8.54692268371582, 10.218607902526855, 2.340585708618164, 7.344969272613525, 5.869964122772217, 1.6902143955230713], "lowlevel.spectral_contrast_coeffs.mean": [-0.7372577786445618, -0.7654843926429749, -0.7876710295677185, -0.8267229795455933, -0.82642662525177, -0.7655095458030701], "lowlevel.spectral_contrast_coeffs.stdev": [0.05864624306559563, 0.06071377173066139, 0.04957138001918793, 0.02995183877646923, 0.021512435749173164, 0.02933221124112606], "lowlevel.spectral_contrast_valleys.mean": [-5.5746917724609375, -6.368139266967773, -6.910431385040283, -7.480571269989014, -7.419984817504883, -9.655699729919434], "lowlevel.spectral_contrast_valleys.stdev": [0.41546544432640076, 0.4299439787864685, 0.4016680121421814, 0.4132780134677887, 0.5456441640853882, 0.7828377485275269], "rhythm.beats_loudness_band_ratio.mean": [0.8300588726997375, 0.058311376720666885, 0.06240067631006241, 0.02607937529683113, 0.009209531359374523, 0.019781755283474922], "rhythm.beats_loudness_band_ratio.stdev": [0.12720613181591034, 0.050195422023534775, 0.07172857224941254, 0.022004209458827972, 0.007202702108770609, 0.016949400305747986], "tonal.hpcp.mean": [0.2528487741947174, 0.23485705256462097, 0.06289265304803848, 0.036694206297397614, 0.04034316539764404, 0.05117543414235115, 0.1551702916622162, 0.247577965259552, 0.15179356932640076, 0.040697794407606125, 0.024345770478248596, 0.028150342404842377, 0.04883958399295807, 0.06772231310606003, 0.07392590492963791, 0.17124323546886444, 0.2225579470396042, 0.10366420447826385, 0.019906360656023026, 0.010035915300250053, 0.013206204399466515, 0.07514705508947372, 0.10518413037061691, 0.04698151350021362, 0.01697588339447975, 0.018014363944530487, 0.019662199541926384, 0.03500043973326683, 0.04400961101055145, 0.0360649973154068, 0.028893902897834778, 0.025014396756887436, 0.035585708916187286, 0.0580328032374382, 0.064585842192173, 0.09465368837118149], "tonal.hpcp.stdev": [0.3834540843963623, 0.3696075677871704, 0.17532479763031006, 0.14395099878311157, 0.15793585777282715, 0.1661818027496338, 0.27553024888038635, 0.4059503674507141, 0.27855539321899414, 0.15105174481868744, 0.11536019295454025, 0.1213633120059967, 0.12231513857841492, 0.1371314823627472, 0.14821423590183258, 0.2748236060142517, 0.3832291066646576, 0.21593621373176575, 0.0842144563794136, 0.055923495441675186, 0.05771545320749283, 0.19917219877243042, 0.27757659554481506, 0.13116197288036346, 0.07996824383735657, 0.08167798817157745, 0.08660582453012466, 0.12050576508045197, 0.14603248238563538, 0.15246233344078064, 0.12909892201423645, 0.1299261450767517, 0.14802402257919312, 0.1964581310749054, 0.19598428905010223, 0.1919575035572052], "rhythm.beats_position": [0.4643990993499756, 0.9636281132698059, 1.4744670391082764, 1.9853061437606812, 2.5077550411224365, 3.0185940265655518, 3.5062131881713867, 3.982222080230713, 4.458230972290039, 4.934240341186523, 5.41024923324585, 5.874648571014404, 6.3506574630737305, 6.826666355133057, 7.291065692901611, 7.778684616088867, 8.243083953857422, 8.707483291625977, 9.183491706848145, 9.659501075744629, 10.135510444641113, 10.611518859863281, 11.075918197631836, 11.54031753540039, 12.016325950622559, 12.492335319519043, 12.968344688415527, 13.444353103637695, 13.90875244140625, 14.373151779174805, 14.849161148071289, 15.325169563293457, 15.801178932189941, 16.27718734741211, 16.741586685180664, 17.21759605407715, 17.693605422973633, 18.158004760742188, 18.622404098510742, 19.110021591186523, 19.586030960083008, 20.062040328979492, 20.526439666748047, 20.9908390045166, 21.455238342285156, 21.942855834960938, 22.407255172729492, 22.883264541625977, 23.35927391052246, 23.823673248291016, 24.31129264831543, 24.775691986083984, 25.240089416503906, 25.71609878540039, 26.192108154296875, 26.65650749206543, 27.132516860961914, 27.6085262298584, 28.08453369140625, 28.560543060302734, 29.03655242919922, 29.512561798095703, 29.976961135864258, 30.441360473632812, 30.917369842529297, 31.39337730407715, 31.869386672973633], "rhythm.bpm_histogram": [0.0, 0.0, 0.0, 0.0, 0.0, 0.0, 0.0, 0.0, 0.0, 0.0, 0.0, 0.0, 0.0, 0.0, 0.0, 0.0, 0.0, 0.0, 0.0, 0.0, 0.0, 0.0, 0.0, 0.0, 0.0, 0.0, 0.0, 0.0, 0.0, 0.0, 0.0, 0.0, 0.0, 0.0, 0.0, 0.0, 0.0, 0.0, 0.0, 0.0, 0.0, 0.0, 0.0, 0.0, 0.0, 0.0, 0.0, 0.0, 0.0, 0.0, 0.0, 0.0, 0.0, 0.0, 0.0, 0.0, 0.0, 0.0, 0.0, 0.0, 0.0, 0.0, 0.0, 0.0, 0.0, 0.0, 0.0, 0.0, 0.0, 0.0, 0.0, 0.0, 0.0, 0.0, 0.0, 0.0, 0.0, 0.0, 0.0, 0.0, 0.0, 0.0, 0.0, 0.0, 0.0, 0.0, 0.0, 0.0, 0.0, 0.0, 0.0, 0.0, 0.0, 0.0, 0.0, 0.0, 0.0, 0.0, 0.0, 0.0, 0.0, 0.0, 0.0, 0.0, 0.0, 0.0, 0.0, 0.0, 0.0, 0.0, 0.0, 0.0, 0.0, 0.0, 0.0, 0.01515151560306549, 0.0, 0.04545454680919647, 0.0, 0.0, 0.01515151560306549, 0.0, 0.0, 0.07575757801532745, 0.0, 0.0, 0.5303030014038086, 0.0, 0.0, 0.3181818127632141, 0.0, 0.0, 0.0, 0.0, 0.0, 0.0, 0.0, 0.0, 0.0, 0.0, 0.0, 0.0, 0.0, 0.0, 0.0, 0.0, 0.0, 0.0, 0.0, 0.0, 0.0, 0.0, 0.0, 0.0, 0.0, 0.0, 0.0, 0.0, 0.0, 0.0, 0.0, 0.0, 0.0, 0.0, 0.0, 0.0, 0.0, 0.0, 0.0, 0.0, 0.0, 0.0, 0.0, 0.0, 0.0, 0.0, 0.0, 0.0, 0.0, 0.0, 0.0, 0.0, 0.0, 0.0, 0.0, 0.0, 0.0, 0.0, 0.0, 0.0, 0.0, 0.0, 0.0, 0.0, 0.0, 0.0, 0.0, 0.0, 0.0, 0.0, 0.0, 0.0, 0.0, 0.0, 0.0, 0.0, 0.0, 0.0, 0.0, 0.0, 0.0, 0.0, 0.0, 0.0, 0.0, 0.0, 0.0, 0.0, 0.0, 0.0, 0.0, 0.0, 0.0, 0.0, 0.0, 0.0, 0.0, 0.0, 0.0, 0.0, 0.0, 0.0, 0.0, 0.0, 0.0, 0.0, 0.0, 0.0, 0.0, 0.0, 0.0, 0.0, 0.0, 0.0, 0.0, 0.0, 0.0, 0.0, 0.0, 0.0], "tonal.chords_histogram": [17.36613655090332, 13.892909049987793, 19.826337814331055, 10.70911693572998, 0.0, 0.0, 0.0, 0.0, 0.0, 0.0, 0.0, 0.0, 0.0, 0.0, 0.0, 0.0, 0.0, 0.0, 0.0, 0.0, 0.0, 0.0, 0.5788711905479431, 37.62662887573242], "tonal.thpcp": [1.0, 0.9288439154624939, 0.24873623251914978, 0.14512313902378082, 0.15955452620983124, 0.20239542424678802, 0.6136881113052368, 0.9791542887687683, 0.6003333926200867, 0.16095705330371857, 0.09628589451313019, 0.1113327220082283, 0.19315728545188904, 0.2678372263908386, 0.2923720180988312, 0.6772555708885193, 0.8802018165588379, 0.4099850058555603, 0.0787283256649971, 0.03969137370586395, 0.05222965404391289, 0.29720157384872437, 0.4159961938858032, 0.18580874800682068, 0.06713848561048508, 0.07124560326337814, 0.07776268571615219, 0.13842439651489258, 0.1740550696849823, 0.14263466000556946, 0.11427345126867294, 0.09893026947975159, 0.1407390981912613, 0.22951585054397583, 0.25543269515037537, 0.3743489980697632], "lowlevel.gfcc.cov": [[1783.103759765625, -857.3740234375, 85.19258117675781, 170.20297241210938, -175.28890991210938, 56.91313934326172, -96.61715698242188, 70.51104736328125, -137.61207580566406, 66.08719635009766, -189.63052368164062, 74.37014770507812, -202.33761596679688], [-857.3740234375, 987.1278686523438, -111.73339080810547, -206.37513732910156, 150.49400329589844, -114.54633331298828, 100.33888244628906, -71.73172760009766, 129.74070739746094, -74.42179870605469, 154.76393127441406, -82.68314361572266, 141.8753204345703], [85.19258117675781, -111.73339080810547, 188.6132354736328, 32.70695877075195, 11.248190879821777, 23.925745010375977, -10.737743377685547, -4.714603900909424, -8.637856483459473, 7.477367877960205, -14.835931777954102, 13.506725311279297, -7.770595073699951], [170.20297241210938, -206.37513732910156, 32.70695877075195, 185.3774871826172, 12.28569507598877, 29.143178939819336, -23.935653686523438, 16.602949142456055, -19.362632751464844, -10.192705154418945, -5.274956226348877, 4.785247802734375, 5.301023960113525], [-175.28890991210938, 150.49400329589844, 11.248190879821777, 12.28569507598877, 161.74485778808594, 5.798354625701904, 23.057653427124023, -13.406173706054688, 40.19240951538086, -25.487117767333984, 39.245391845703125, -22.10904312133789, 28.890430450439453], [56.91313934326172, -114.54633331298828, 23.925745010375977, 29.143178939819336, 5.798354625701904, 102.33877563476562, 23.184072494506836, 16.709611892700195, -5.368311405181885, -3.776994466781616, -13.781539916992188, -2.7291579246520996, -1.6669672727584839], [-96.61715698242188, 100.33888244628906, -10.737743377685547, -23.935653686523438, 23.057653427124023, 23.184072494506836, 131.86537170410156, 32.32855987548828, 27.150651931762695, -17.059127807617188, 18.362472534179688, -14.296524047851562, 4.1934590339660645], [70.51104736328125, -71.73172760009766, -4.714603900909424, 16.602949142456055, -13.406173706054688, 16.709611892700195, 32.32855987548828, 67.78836059570312, 8.065107345581055, 6.119670867919922, -13.983784675598145, 1.3731153011322021, -9.184470176696777], [-137.61207580566406, 129.74070739746094, -8.637856483459473, -19.362632751464844, 40.19240951538086, -5.368311405181885, 27.150651931762695, 8.065107345581055, 79.55967712402344, 8.50289249420166, 39.19777297973633, -15.68264389038086, 25.183664321899414], [66.08719635009766, -74.42179870605469, 7.477367877960205, -10.192705154418945, -25.487117767333984, -3.776994466781616, -17.059127807617188, 6.119670867919922, 8.50289249420166, 61.64373779296875, 3.9942355155944824, 11.266951560974121, -11.989090919494629], [-189.63052368164062, 154.76393127441406, -14.835931777954102, -5.274956226348877, 39.245391845703125, -13.781539916992188, 18.362472534179688, -13.983784675598145, 39.19777297973633, 3.9942355155944824, 77.4149398803711, -0.1559954136610031, 42.13784408569336], [74.37014770507812, -82.68314361572266, 13.506725311279297, 4.785247802734375, -22.10904312133789, -2.7291579246520996, -14.296524047851562, 1.3731153011322021, -15.68264389038086, 11.266951560974121, -0.1559954136610031, 46.037139892578125, 0.9703865647315979], [-202.33761596679688, 141.8753204345703, -7.770595073699951, 5.301023960113525, 28.890430450439453, -1.6669672727584839, 4.1934590339660645, -9.184470176696777, 25.183664321899414, -11.989090919494629, 42.13784408569336, 0.9703865647315979, 82.84292602539062]], "lowlevel.gfcc.icov": [[0.0011919934768229723, 4.899795385426842e-05, -7.608628038724419e-06, -0.0009875100804492831, 0.00027756590861827135, -0.00017221365123987198, 0.0002080054400721565, -0.0003025147598236799, 1.6567102647968568e-05, -0.0006549095851369202, 0.001453748089261353, -0.0014056854415684938, 0.001922791707329452], [4.899795385426842e-05, 0.007506242953240871, 0.0006956445286050439, 0.006715422961860895, -0.0013798451982438564, 0.005797252990305424, -0.002422039397060871, 0.0028381692245602608, -0.002076357137411833, 0.006547247525304556, -0.006884466391056776, 0.00916071143001318, -0.0070915487594902515], [-7.608628038724419e-06, 0.0006956445286050439, 0.006114215590059757, -0.0003766787122003734, -0.0011428806465119123, -0.0005821428494527936, -0.0004861510533373803, 0.0017907554283738136, -0.0007558410288766026, -0.0006127787637524307, 0.0013531988952308893, -0.001372440136037767, -0.0005334629095159471], [-0.0009875100804492831, 0.006715422961860895, -0.0003766787122003734, 0.013703305274248123, -0.002262252615764737, 0.0036382435355335474, 0.00014859587827231735, -0.000707258062902838, 0.00041078386129811406, 0.008003893308341503, -0.009410220198333263, 0.009863950312137604, -0.00834421906620264], [0.00027756590861827135, -0.0013798451982438564, -0.0011428806465119123, -0.002262252615764737, 0.009315593168139458, -0.0017721399199217558, 0.00032191365608014166, 0.0009295602212660015, -0.002985929371789098, 0.002337615704163909, -0.0015205873642116785, 0.00045042752753943205, 0.001895166002213955], [-0.00017221365123987198, 0.005797252990305424, -0.0005821428494527936, 0.0036382435355335474, -0.0017721399199217558, 0.01625274494290352, -0.004631458315998316, 0.0012691583251580596, -0.0007643335848115385, 0.0041148425079882145, -0.002618430182337761, 0.007995577529072762, -0.007250048685818911], [0.0002080054400721565, -0.002422039397060871, -0.0004861510533373803, 0.00014859587827231735, 0.00032191365608014166, -0.004631458315998316, 0.012701188214123249, -0.007729422301054001, -0.0004976261989213526, 0.00247925310395658, -0.0025851186364889145, -0.0013888798421248794, 0.004736812319606543], [-0.0003025147598236799, 0.0028381692245602608, 0.0017907554283738136, -0.000707258062902838, 0.0009295602212660015, 0.0012691583251580596, -0.007729422301054001, 0.023244688287377357, -0.0062699695117771626, -0.0007803697371855378, 0.004688509739935398, 0.0007031336426734924, -0.0033165120985358953], [1.6567102647968568e-05, -0.002076357137411833, -0.0007558410288766026, 0.00041078386129811406, -0.002985929371789098, -0.0007643335848115385, -0.0004976261989213526, -0.0062699695117771626, 0.023480651900172234, -0.0070407274179160595, -0.0065092965960502625, 0.004698164761066437, -0.001045785378664732], [-0.0006549095851369202, 0.006547247525304556, -0.0006127787637524307, 0.008003893308341503, 0.002337615704163909, 0.0041148425079882145, 0.00247925310395658, -0.0007803697371855378, -0.0070407274179160595, 0.02874181792140007, -0.0123832942917943, 0.004887531511485577, -0.001784985070116818], [0.001453748089261353, -0.006884466391056776, 0.0013531988952308893, -0.009410220198333263, -0.0015205873642116785, -0.002618430182337761, -0.0025851186364889145, 0.004688509739935398, -0.0065092965960502625, -0.0123832942917943, 0.03591360151767731, -0.015010178089141846, -0.0007066656253300607], [-0.0014056854415684938, 0.00916071143001318, -0.001372440136037767, 0.009863950312137604, 0.00045042752753943205, 0.007995577529072762, -0.0013888798421248794, 0.0007031336426734924, 0.004698164761066437, 0.004887531511485577, -0.015010178089141846, 0.040694110095500946, -0.013292270712554455], [0.001922791707329452, -0.0070915487594902515, -0.0005334629095159471, -0.00834421906620264, 0.001895166002213955, -0.007250048685818911, 0.004736812319606543, -0.0033165120985358953, -0.001045785378664732, -0.001784985070116818, -0.0007066656253300607, -0.013292270712554455, 0.02855653502047062]], "lowlevel.mfcc.cov": [[1807.625732421875, -859.9652099609375, 110.74089813232422, 43.79009246826172, -64.29350280761719, -8.407552719116211, -34.28179931640625, 16.32636070251465, -31.042577743530273, 11.224027633666992, -7.124629020690918, -42.677093505859375, -18.595386505126953], [-859.9652099609375, 993.0130615234375, -171.504150390625, -57.9505615234375, -4.5259552001953125, -37.851722717285156, 0.18168988823890686, -22.09636116027832, 18.99918556213379, -21.272254943847656, 27.877098083496094, 37.82884216308594, 27.179523468017578], [110.74089813232422, -171.504150390625, 176.55604553222656, 2.898371934890747, -3.4934237003326416, 18.225725173950195, -1.5096672773361206, -1.3402436971664429, 2.071307897567749, -3.2151198387145996, -18.575592041015625, 0.23230807483196259, -1.6029987335205078], [43.79009246826172, -57.9505615234375, 2.898371934890747, 123.07896423339844, 39.68022918701172, -6.629710674285889, 7.438398838043213, 7.292376518249512, -11.247493743896484, 6.5717244148254395, -11.342418670654297, -5.408421993255615, 2.7987351417541504], [-64.29350280761719, -4.5259552001953125, -3.4934237003326416, 39.68022918701172, 146.52980041503906, 31.248088836669922, -9.37972640991211, -7.564737796783447, -9.135041236877441, 8.229841232299805, -24.185243606567383, 1.9636836051940918, -6.186330795288086], [-8.407552719116211, -37.851722717285156, 18.225725173950195, -6.629710674285889, 31.248088836669922, 68.23501586914062, 21.56181526184082, 10.294363021850586, -0.03302280604839325, 7.176623344421387, 0.5883556604385376, -0.48597005009651184, -5.674006462097168], [-34.28179931640625, 0.18168988823890686, -1.5096672773361206, 7.438398838043213, -9.37972640991211, 21.56181526184082, 73.31190490722656, 39.433895111083984, 16.447124481201172, 5.036843776702881, 13.174663543701172, -1.8953814506530762, -2.917782783508301], [16.32636070251465, -22.09636116027832, -1.3402436971664429, 7.292376518249512, -7.564737796783447, 10.294363021850586, 39.433895111083984, 81.63440704345703, 25.0671329498291, 9.664433479309082, 11.818681716918945, -2.3986175060272217, 0.6536589860916138], [-31.042577743530273, 18.99918556213379, 2.071307897567749, -11.247493743896484, -9.135041236877441, -0.03302280604839325, 16.447124481201172, 25.0671329498291, 62.49574279785156, 14.73569107055664, 13.040807723999023, 6.554948806762695, 1.466742753982544], [11.224027633666992, -21.272254943847656, -3.2151198387145996, 6.5717244148254395, 8.229841232299805, 7.176623344421387, 5.036843776702881, 9.664433479309082, 14.73569107055664, 49.52045822143555, 16.53607940673828, 6.669767379760742, 2.564923048019409], [-7.124629020690918, 27.877098083496094, -18.575592041015625, -11.342418670654297, -24.185243606567383, 0.5883556604385376, 13.174663543701172, 11.818681716918945, 13.040807723999023, 16.53607940673828, 57.78688430786133, 17.094736099243164, 6.1953840255737305], [-42.677093505859375, 37.82884216308594, 0.23230807483196259, -5.408421993255615, 1.9636836051940918, -0.48597005009651184, -1.8953814506530762, -2.3986175060272217, 6.554948806762695, 6.669767379760742, 17.094736099243164, 46.65889358520508, 14.97929859161377], [-18.595386505126953, 27.179523468017578, -1.6029987335205078, 2.7987351417541504, -6.186330795288086, -5.674006462097168, -2.917782783508301, 0.6536589860916138, 1.466742753982544, 2.564923048019409, 6.1953840255737305, 14.97929859161377, 39.858646392822266]], "lowlevel.mfcc.icov": [[0.0010143839754164219, 0.0009098053560592234, 0.0002047075831796974, -9.083617624128237e-05, 0.0004384525818750262, 0.00019839993910863996, 0.0006278278888203204, -0.00025739282136783004, 0.00022861924662720412, 7.725209434283897e-05, -0.0003217003250028938, 0.0002649689558893442, -4.902468208456412e-05], [0.0009098053560592234, 0.002192026935517788, 0.0014536543749272823, 0.0005494754877872765, 5.7768324040807784e-05, 0.0007468026014976203, 5.1819850341416895e-05, 0.0003143416251987219, -0.00035680257133208215, 0.0009149626130238175, -0.0003618346236180514, -0.0005865462590008974, -0.000705566955730319], [0.0002047075831796974, 0.0014536543749272823, 0.007504906505346298, -9.583898645360023e-05, 0.0011606959160417318, -0.0020839094650000334, 0.00043548023677431047, 0.0005102517898194492, -0.0013019545003771782, 0.0008077419479377568, 0.0026739381719380617, -0.001848581712692976, -0.0004051511059515178], [-9.083617624128237e-05, 0.0005494754877872765, -9.583898645360023e-05, 0.010536146350204945, -0.0036838152445852757, 0.004132845439016819, -0.002997670089825988, -0.0008262951741926372, 0.002438486320897937, -0.0017211876111105084, 0.0009054069523699582, 0.000876346486620605, -0.0017990925116464496], [0.0004384525818750262, 5.7768324040807784e-05, 0.0011606959160417318, -0.0036838152445852757, 0.010492141358554363, -0.006059020292013884, 0.00304403412155807, 5.5246931879082695e-05, -6.609250704059377e-05, -0.0019542397931218147, 0.004515243694186211, -0.0023954531643539667, 0.001784965512342751], [0.00019839993910863996, 0.0007468026014976203, -0.0020839094650000334, 0.004132845439016819, -0.006059020292013884, 0.02154778689146042, -0.0074986657127738, -0.00024306040722876787, 0.0026094703935086727, -0.0021273319143801928, -0.00138006336055696, 0.00038076500641182065, 0.0009036525734700263], [0.0006278278888203204, 5.1819850341416895e-05, 0.00043548023677431047, -0.002997670089825988, 0.00304403412155807, -0.0074986657127738, 0.02242243103682995, -0.008515789173543453, -0.0022438489831984043, 0.0016686668386682868, -0.0028752891812473536, 0.0010319303255528212, 0.0017059091478586197], [-0.00025739282136783004, 0.0003143416251987219, 0.0005102517898194492, -0.0008262951741926372, 5.5246931879082695e-05, -0.00024306040722876787, -0.008515789173543453, 0.0185401514172554, -0.0053717466071248055, -0.0006226899567991495, -0.0009552875417284667, 0.0016735485987737775, -0.0014520578552037477], [0.00022861924662720412, -0.00035680257133208215, -0.0013019545003771782, 0.002438486320897937, -6.609250704059377e-05, 0.0026094703935086727, -0.0022438489831984043, -0.0053717466071248055, 0.021088453009724617, -0.005473582074046135, -0.0009798821993172169, -0.0016102122608572245, 0.0007450670236721635], [7.725209434283897e-05, 0.0009149626130238175, 0.0008077419479377568, -0.0017211876111105084, -0.0019542397931218147, -0.0021273319143801928, 0.0016686668386682868, -0.0006226899567991495, -0.005473582074046135, 0.025663677603006363, -0.007366434670984745, -0.0006709281005896628, -0.0009612239664420485], [-0.0003217003250028938, -0.0003618346236180514, 0.0026739381719380617, 0.0009054069523699582, 0.004515243694186211, -0.00138006336055696, -0.0028752891812473536, -0.0009552875417284667, -0.0009798821993172169, -0.007366434670984745, 0.026120195165276527, -0.008715059608221054, 0.00017547898460179567], [0.0002649689558893442, -0.0005865462590008974, -0.001848581712692976, 0.000876346486620605, -0.0023954531643539667, 0.00038076500641182065, 0.0010319303255528212, 0.0016735485987737775, -0.0016102122608572245, -0.0006709281005896628, -0.008715059608221054, 0.02900204434990883, -0.009324018843472004], [-4.902468208456412e-05, -0.000705566955730319, -0.0004051511059515178, -0.0017990925116464496, 0.001784965512342751, 0.0009036525734700263, 0.0017059091478586197, -0.0014520578552037477, 0.0007450670236721635, -0.0009612239664420485, 0.00017547898460179567, -0.009324018843472004, 0.029722537845373154]], "metadata.audio_properties.analysis.downmix": "mix", "metadata.audio_properties.codec": "mp3", "metadata.audio_properties.md5_encoded": "8563096565b9fda0f6cd763b24eac9d1", "metadata.tags.file_name": "1183700612383244308.mp3", "metadata.version.essentia": "2.1-beta6-dev", "metadata.version.essentia_git_sha": "v2.1_beta5-1110-g77a6a954", "metadata.version.extractor": "music 2.0", "tonal.chords_key": "B", "tonal.chords_scale": "minor", "tonal.key_edma.key": "D", "tonal.key_edma.scale": "major", "tonal.key_krumhansl.key": "