{"song_id": "1183698878713823315", "download": "https://cdn.discordapp.com/attachments/1135911532732108921/1183698878713823315/chirp.mp4?ex=6589487c&amp", "lyrics": "2 3 2 4 5\n305 4 8\n740 25\n10000 508", "style": ["random"], "essentia_features": {"lowlevel.average_loudness": 0.9738126397132874, "lowlevel.barkbands_crest.mean": 12.113348960876465, "lowlevel.barkbands_crest.stdev": 5.270685195922852, "lowlevel.barkbands_flatness_db.mean": 0.1944509744644165, "lowlevel.barkbands_flatness_db.stdev": 0.08883006870746613, "lowlevel.barkbands_kurtosis.mean": 51.720645904541016, "lowlevel.barkbands_kurtosis.stdev": 142.25978088378906, "lowlevel.barkbands_skewness.mean": 4.013655185699463, "lowlevel.barkbands_skewness.stdev": 4.470923900604248, "lowlevel.barkbands_spread.mean": 17.839584350585938, "lowlevel.barkbands_spread.stdev": 20.72519302368164, "lowlevel.dissonance.mean": 0.44420304894447327, "lowlevel.dissonance.stdev": 0.038095876574516296, "lowlevel.dynamic_complexity": 3.410252571105957, "lowlevel.erbbands_crest.mean": 10.142452239990234, "lowlevel.erbbands_crest.stdev": 4.5646162033081055, "lowlevel.erbbands_flatness_db.mean": 0.1371190994977951, "lowlevel.erbbands_flatness_db.stdev": 0.037980496883392334, "lowlevel.erbbands_kurtosis.mean": 1.9249820709228516, "lowlevel.erbbands_kurtosis.stdev": 3.5926904678344727, "lowlevel.erbbands_skewness.mean": 1.0513540506362915, "lowlevel.erbbands_skewness.stdev": 1.0014842748641968, "lowlevel.erbbands_spread.mean": 49.743587493896484, "lowlevel.erbbands_spread.stdev": 27.73141860961914, "lowlevel.hfc.mean": 16.749971389770508, "lowlevel.hfc.stdev": 27.704397201538086, "lowlevel.loudness_ebu128.integrated": -13.75418472290039, "lowlevel.loudness_ebu128.loudness_range": 0.7379255294799805, "lowlevel.loudness_ebu128.momentary.mean": -14.537575721740723, "lowlevel.loudness_ebu128.momentary.stdev": 2.7263245582580566, "lowlevel.loudness_ebu128.short_term.mean": -13.744393348693848, "lowlevel.loudness_ebu128.short_term.stdev": 0.2954597771167755, "lowlevel.melbands_crest.mean": 16.708654403686523, "lowlevel.melbands_crest.stdev": 6.5062432289123535, "lowlevel.melbands_flatness_db.mean": 0.2843753397464752, "lowlevel.melbands_flatness_db.stdev": 0.10962914675474167, "lowlevel.melbands_kurtosis.mean": 63.18943786621094, "lowlevel.melbands_kurtosis.stdev": 114.58940124511719, "lowlevel.melbands_skewness.mean": 4.612742900848389, "lowlevel.melbands_skewness.stdev": 3.1421937942504883, "lowlevel.melbands_spread.mean": 13.806503295898438, "lowlevel.melbands_spread.stdev": 20.343631744384766, "lowlevel.pitch_salience.mean": 0.5068970322608948, "lowlevel.pitch_salience.stdev": 0.18051867187023163, "lowlevel.silence_rate_20dB.mean": 0.9783783555030823, "lowlevel.silence_rate_20dB.stdev": 0.14544431865215302, "lowlevel.silence_rate_30dB.mean": 0.8648648858070374, "lowlevel.silence_rate_30dB.stdev": 0.34186744689941406, "lowlevel.silence_rate_60dB.mean": 0.008108108304440975, "lowlevel.silence_rate_60dB.stdev": 0.08967914432287216, "lowlevel.spectral_centroid.mean": 761.5105590820312, "lowlevel.spectral_centroid.stdev": 691.4902954101562, "lowlevel.spectral_complexity.mean": 9.821621894836426, "lowlevel.spectral_complexity.stdev": 9.501383781433105, "lowlevel.spectral_decrease.mean": -1.273202254736816e-08, "lowlevel.spectral_decrease.stdev": 2.3473708310461916e-08, "lowlevel.spectral_energy.mean": 0.04957285523414612, "lowlevel.spectral_energy.stdev": 0.08910144865512848, "lowlevel.spectral_energyband_high.mean": 0.0011535034282132983, "lowlevel.spectral_energyband_high.stdev": 0.0028566138353198767, "lowlevel.spectral_energyband_low.mean": 0.039289265871047974, "lowlevel.spectral_energyband_low.stdev": 0.08871621638536453, "lowlevel.spectral_energyband_middle_high.mean": 0.0012208297848701477, "lowlevel.spectral_energyband_middle_high.stdev": 0.0030250020790845156, "lowlevel.spectral_energyband_middle_low.mean": 0.009259737096726894, "lowlevel.spectral_energyband_middle_low.stdev": 0.015785058960318565, "lowlevel.spectral_entropy.mean": 7.353137016296387, "lowlevel.spectral_entropy.stdev": 0.6217836141586304, "lowlevel.spectral_flux.mean": 0.09682690352201462, "lowlevel.spectral_flux.stdev": 0.11297542601823807, "lowlevel.spectral_kurtosis.mean": 5.228785991668701, "lowlevel.spectral_kurtosis.stdev": 4.954370498657227, "lowlevel.spectral_rms.mean": 0.0054530128836631775, "lowlevel.spectral_rms.stdev": 0.004316062666475773, "lowlevel.spectral_rolloff.mean": 1150.861328125, "lowlevel.spectral_rolloff.stdev": 2225.11865234375, "lowlevel.spectral_skewness.mean": 1.9231129884719849, "lowlevel.spectral_skewness.stdev": 0.779321014881134, "lowlevel.spectral_spread.mean": 6527893.0, "lowlevel.spectral_spread.stdev": 2293556.25, "lowlevel.spectral_strongpeak.mean": 0.5873542428016663, "lowlevel.spectral_strongpeak.stdev": 0.5459899306297302, "lowlevel.zerocrossingrate.mean": 0.05187394469976425, "lowlevel.zerocrossingrate.stdev": 0.04524461552500725, "metadata.audio_properties.analysis.equal_loudness": 0.0, "metadata.audio_properties.analysis.length": 8.554648399353027, "metadata.audio_properties.analysis.sample_rate": 44100.0, "metadata.audio_properties.analysis.start_time": 0.0, "metadata.audio_properties.bit_rate": 122190.0, "metadata.audio_properties.length": 8.554666519165039, "metadata.audio_properties.lossless": 0.0, "metadata.audio_properties.number_channels": 1.0, "metadata.audio_properties.replay_gain": -12.570585250854492, "metadata.audio_properties.sample_rate": 48000.0, "rhythm.beats_count": 18.0, "rhythm.beats_loudness.mean": 0.11120952665805817, "rhythm.beats_loudness.stdev": 0.1303979605436325, "rhythm.bpm": 133.5581817626953, "rhythm.bpm_histogram_first_peak_bpm": 133.0, "rhythm.bpm_histogram_first_peak_weight": 0.529411792755127, "rhythm.bpm_histogram_second_peak_bpm": 0.0, "rhythm.bpm_histogram_second_peak_spread": 0.0, "rhythm.bpm_histogram_second_peak_weight": 0.0, "rhythm.danceability": 2.5905892848968506, "rhythm.onset_rate": 4.435022830963135, "tonal.chords_changes_rate": 0.06989247351884842, "tonal.chords_number_rate": 0.037634409964084625, "tonal.chords_strength.mean": 0.42978981137275696, "tonal.chords_strength.stdev": 0.08979592472314835, "tonal.hpcp_crest.mean": 12.80461311340332, "tonal.hpcp_crest.stdev": 5.693096160888672, "tonal.hpcp_entropy.mean": 2.0487771034240723, "tonal.hpcp_entropy.stdev": 0.6802231669425964, "tonal.key_edma.strength": 0.5331230163574219, "tonal.key_krumhansl.strength": 0.544641375541687, "tonal.key_temperley.strength": 0.5737468600273132, "tonal.tuning_diatonic_strength": 0.435803085565567, "tonal.tuning_equal_tempered_deviation": 0.38746511936187744, "tonal.tuning_frequency": 456.57025146484375, "tonal.tuning_nontempered_energy_ratio": 0.9821932911872864, "lowlevel.barkbands.mean": [0.0010954159079119563, 0.029229599982500076, 0.007629139348864555, 0.0020611921790987253, 0.003380758687853813, 0.002368883928284049, 0.0007862587226554751, 0.0005143115413375199, 0.00012085549678886309, 8.427978173131123e-05, 0.00011272945266682655, 0.00017577834660187364, 9.698599023977295e-05, 0.0001387428055750206, 0.00018938819994218647, 0.0001043705124175176, 9.866723121376708e-05, 8.999041892820969e-05, 0.00010778022260637954, 9.537576988805085e-05, 0.00010904964437941089, 0.00019857619190588593, 0.0003488027141429484, 0.00017651557573117316, 0.00015684281243011355, 0.00010117897181771696, 1.4014639191373135e-06], "lowlevel.barkbands.stdev": [0.0031234861817210913, 0.07691270112991333, 0.024770554155111313, 0.009604740887880325, 0.005412636324763298, 0.0035448516719043255, 0.0010391976684331894, 0.0006783527787774801, 0.0001888156693894416, 0.00013293855590745807, 0.0002646756183821708, 0.000614280579611659, 0.000423247751314193, 0.00031589320860803127, 0.0002914568758569658, 0.0002496264933142811, 0.00028827719506807625, 0.00034941095509566367, 0.0004279252316337079, 0.00040200402145273983, 0.0004142380494158715, 0.0005862323450855911, 0.0007933028391562402, 0.00041100059752352536, 0.0004010178381577134, 0.00024700394715182483, 6.030025815562112e-06], "lowlevel.erbbands.mean": [0.9636351466178894, 5.967678546905518, 9.991467475891113, 7.912424564361572, 5.252725124359131, 13.955552101135254, 14.58016300201416, 22.60540008544922, 14.994536399841309, 15.948634147644043, 9.319707870483398, 2.490483045578003, 2.760176658630371, 3.211514472961426, 5.411426544189453, 6.885449409484863, 4.698736667633057, 5.6207051277160645, 11.628473281860352, 6.500881671905518, 6.028285980224609, 5.812991619110107, 4.939405918121338, 4.738781929016113, 5.548543930053711, 4.559108257293701, 5.0705413818359375, 4.061408996582031, 6.752742290496826, 9.71286678314209, 9.357726097106934, 4.712061405181885, 2.6285934448242188, 1.8418940305709839, 1.020735263824463, 0.5307300686836243, 0.1785646229982376, 0.01666644960641861, 0.0003682856331579387, 7.203416316770017e-05], "lowlevel.erbbands.stdev": [2.771247386932373, 16.554243087768555, 30.612276077270508, 30.194658279418945, 21.34857940673828, 21.0344181060791, 26.608205795288086, 35.5204963684082, 21.6441707611084, 18.824447631835938, 13.132731437683105, 3.9548351764678955, 4.003875255584717, 5.661732196807861, 13.266439437866211, 24.95066261291504, 21.227243423461914, 15.397974967956543, 16.972501754760742, 12.89260482788086, 14.188791275024414, 16.18192481994629, 18.74866485595703, 18.024370193481445, 23.30536651611328, 18.09738540649414, 20.59111213684082, 14.711770057678223, 20.006437301635742, 23.715579986572266, 21.416614532470703, 10.540821075439453, 6.797220230102539, 4.8635172843933105, 2.570002555847168, 1.3303207159042358, 0.4241505563259125, 0.04778294265270233, 0.0009455421823076904, 0.000104078309959732], "lowlevel.gfcc.mean": [-34.782752990722656, 86.81905364990234, -60.5675163269043, 31.99483299255371, -54.200443267822266, 22.192609786987305, -54.80419158935547, 10.530500411987305, -14.100324630737305, 11.960232734680176, -17.49575424194336, 8.077920913696289, -16.334423065185547], "lowlevel.melbands.mean": [0.008291192352771759, 0.005975429899990559, 0.0012810175539925694, 0.0006117506418377161, 0.0005925976438447833, 0.00048360551591031253, 0.00023253036488313228, 0.00016371374658774585, 6.211708387127146e-05, 1.3647624655277468e-05, 1.3715845852857456e-05, 1.2350908946245909e-05, 1.6878921087482013e-05, 2.0847819541813806e-05, 1.4014082807989325e-05, 8.807259291643277e-06, 1.04208302218467e-05, 1.947693817783147e-05, 1.148741375800455e-05, 6.688501343887765e-06, 7.109139460226288e-06, 6.116382792242803e-06, 4.768907729157945e-06, 4.207648544252152e-06, 3.7101799534866586e-06, 4.241314400132978e-06, 3.2082318739412585e-06, 3.05953221868549e-06, 3.401957656024024e-06, 2.5155381990771275e-06, 2.266847559440066e-06, 3.505845825202414e-06, 4.423724931257311e-06, 6.194733032316435e-06, 5.8322420954937115e-06, 4.164797246630769e-06, 2.37699873650854e-06, 1.900353481687489e-06, 1.632352336855547e-06, 1.503625185250712e-06], "lowlevel.melbands.stdev": [0.022377222776412964, 0.015988396480679512, 0.004872866440564394, 0.0011913146590813994, 0.0009489516378380358, 0.0007534585311077535, 0.0003188815317116678, 0.0001886704412754625, 9.627613326301798e-05, 2.154129651898984e-05, 2.0099705579923466e-05, 2.137489354936406e-05, 3.9709491829853505e-05, 7.009572436800227e-05, 6.143678183434531e-05, 3.822893995675258e-05, 2.9542001357185654e-05, 2.9223061574157327e-05, 1.977996180357877e-05, 1.7309967006440274e-05, 1.6704874724382535e-05, 1.6786216292530298e-05, 1.689283271844033e-05, 1.6957639672909863e-05, 1.4383510460902471e-05, 1.7558952094987035e-05, 1.3232232959126122e-05, 1.2304809388297144e-05, 1.4646810996055137e-05, 9.454172868572641e-06, 8.473618436255492e-06, 1.0904363080044277e-05, 1.2389557014103048e-05, 1.4583191841666121e-05, 1.3407100595941301e-05, 9.766811672307085e-06, 5.390376827563159e-06, 4.98458166475757e-06, 4.6142972678353544e-06, 3.93093569073244e-06], "lowlevel.melbands128.mean": [0.0010608425363898277, 0.0076998029835522175, 0.011434038169682026, 0.009376099333167076, 0.006088864058256149, 0.0032649440690875053, 0.001661945483647287, 0.0008345827227458358, 0.000429993262514472, 0.00040477869333699346, 0.0008966559544205666, 0.0009425102616660297, 0.0005070510669611394, 0.00016914273146539927, 0.00041565459105186164, 0.0008568624616600573, 0.0003029568470083177, 9.447227785130963e-05, 0.00012275281187612563, 0.00025059128529392183, 0.00011769426782848313, 0.00011321748024784029, 4.932323645334691e-05, 2.804888572427444e-05, 8.993559276859742e-06, 9.05464003153611e-06, 1.7644491890678182e-05, 1.3293632946442813e-05, 1.2000772585452069e-05, 1.2039397006446961e-05, 1.0909318007179536e-05, 1.6125966794788837e-05, 1.9307964976178482e-05, 1.3928834050602745e-05, 2.220627175120171e-05, 2.47011939791264e-05, 1.4910546269675251e-05, 1.6700085325283e-05, 1.0232146451016888e-05, 9.647917067923117e-06, 8.351344149559736e-06, 7.92300943430746e-06, 8.490750587952789e-06, 1.1942583114432637e-05, 1.699522908893414e-05, 2.5087385438382626e-05, 1.774503107299097e-05, 1.117473584599793e-05, 8.56323185871588e-06, 8.101331331999972e-06, 5.596048140432686e-06, 6.452062280004611e-06, 8.359480489161797e-06, 6.534920430567581e-06, 5.770789357484318e-06, 6.905336704221554e-06, 5.6573862821096554e-06, 4.9487089199828915e-06, 4.1818666431936435e-06, 4.848915523325559e-06, 3.779116696023266e-06, 4.587204330164241e-06, 3.3110443382611265e-06, 3.57374324266857e-06, 4.164605343248695e-06, 3.6657154396380065e-06, 5.235675871517742e-06, 3.8017590213712538e-06, 2.555659420977463e-06, 2.4992380076582776e-06, 2.7851292543346062e-06, 3.6047995308763348e-06, 3.5912296425522072e-06, 3.604230641940376e-06, 2.7403741569287376e-06, 2.947439725176082e-06, 2.1037235455878545e-06, 1.9574285943235736e-06, 2.386652795394184e-06, 2.350673184992047e-06, 3.136294935757178e-06, 4.028012426715577e-06, 4.362665094959084e-06, 4.645190529117826e-06, 4.227711087878561e-06, 4.69610677100718e-06, 7.595923761982704e-06, 7.994922270881943e-06, 5.065378445578972e-06, 4.674726369557902e-06, 5.544266969081946e-06, 3.5467114685161505e-06, 3.0744779451197246e-06, 2.14859755942598e-06, 2.148679186575464e-06, 2.092266640829621e-06, 1.8753212316369172e-06, 1.5381992852780968e-06, 1.5360362795036053e-06, 1.7614786429476226e-06, 1.717192731121031e-06, 1.3459836054607877e-06, 1.478961848988547e-06, 1.1346758128638612e-06, 1.1658992207230767e-06, 1.0289006695529679e-06, 1.138271272793645e-06, 8.762448260313249e-07, 9.146449997388117e-07, 9.328591659141239e-07, 8.355415275218547e-07, 5.857245923834853e-07, 6.191203851813043e-07, 4.477439006222994e-07, 3.025870682904497e-07, 1.4076665877382766e-07, 4.993054147917064e-08, 4.602976666490122e-09, 4.986245305538262e-10, 1.9466072850859995e-11, 2.1551836704158944e-11, 1.1691488922827009e-11, 8.574988809295636e-12, 8.388375064005693e-12, 8.147263245994463e-12, 7.858848988240297e-12, 7.691435162382465e-12, 7.63299059375333e-12], "lowlevel.melbands128.stdev": [0.0030726403929293156, 0.023606901988387108, 0.03379087895154953, 0.028365226462483406, 0.019696442410349846, 0.010715818963944912, 0.006716242991387844, 0.004111751448363066, 0.001992072444409132, 0.000937424716539681, 0.0014373277081176639, 0.0014610245125368237, 0.0011394285829737782, 0.0005389678408391774, 0.0006757529336027801, 0.001516140066087246, 0.0005004037520848215, 0.00027567229699343443, 0.0001822660560719669, 0.0003408248594496399, 0.0001705189497442916, 0.00019620796956587583, 0.00010436357842991129, 5.8573015849106014e-05, 2.4556900825700723e-05, 1.650246122153476e-05, 2.5774072128115222e-05, 2.8619402655749582e-05, 2.289522672072053e-05, 2.0313585991971195e-05, 2.470121398800984e-05, 4.165056088822894e-05, 4.724540121969767e-05, 4.115187766728923e-05, 7.516934419982135e-05, 9.581177437212318e-05, 7.278163684532046e-05, 7.43570999475196e-05, 4.9163925723405555e-05, 6.75372575642541e-05, 3.137294697808102e-05, 2.6394243832328357e-05, 3.1630825105821714e-05, 3.689057120936923e-05, 3.9978447603061795e-05, 3.785598892136477e-05, 2.915530239988584e-05, 2.6148634788114578e-05, 1.902231633721385e-05, 2.2032683773431927e-05, 1.758998587320093e-05, 2.1544326955336146e-05, 1.9219327441533096e-05, 1.7558197214384563e-05, 1.8805580111802556e-05, 1.789590169209987e-05, 1.832945054047741e-05, 1.8129772797692567e-05, 1.5159953363763634e-05, 2.293602483405266e-05, 1.5889065252849832e-05, 2.1944262698525563e-05, 1.545990198792424e-05, 1.3435190339805558e-05, 1.7127798855653964e-05, 1.4758534234715626e-05, 2.7201320335734636e-05, 1.8124133930541575e-05, 1.0933174962701742e-05, 1.1446741154941265e-05, 1.104629882320296e-05, 1.5239976164593827e-05, 1.8934606487164274e-05, 1.660004818404559e-05, 1.1572329640330281e-05, 1.186772442451911e-05, 7.530245511588873e-06, 8.04364390205592e-06, 1.0710979950090405e-05, 8.190975677280221e-06, 1.1390558029233944e-05, 1.3039973964623641e-05, 1.3774942999589257e-05, 1.2512427929323167e-05, 1.3914952432969585e-05, 1.3332202797755599e-05, 1.886263635242358e-05, 1.9030152543564327e-05, 1.3157102330296766e-05, 1.1628577340161428e-05, 1.4734274373040535e-05, 8.266621080110781e-06, 7.456993444066029e-06, 5.183395387575729e-06, 5.371673069021199e-06, 5.542507551581366e-06, 5.654190772474976e-06, 4.642949988920009e-06, 4.7797648221603595e-06, 5.358041107683675e-06, 4.97838482260704e-06, 3.6721148717333563e-06, 3.875985385093372e-06, 3.3961991903197486e-06, 3.2679904506949242e-06, 2.6066759346576873e-06, 3.217046923964517e-06, 2.2794345113652525e-06, 2.5247693429264473e-06, 2.6610898657963844e-06, 2.1433847905427683e-06, 1.4133148624750902e-06, 1.4339727840706473e-06, 1.2778194786733366e-06, 1.069362610905955e-06, 4.779146820510505e-07, 1.957379680561644e-07, 3.3131531296248795e-08, 6.9414820558222345e-09, 1.479663336301229e-10, 1.52622955940096e-10, 4.3907426305889175e-11, 1.927378569244187e-11, 1.8830480577602948e-11, 1.8237746382543385e-11, 1.770977635373594e-11, 1.749102078452136e-11, 1.7392247364522717e-11], "lowlevel.mfcc.mean": [-697.6807250976562, 125.81780242919922, 46.18478012084961, 18.9321346282959, 24.20797348022461, 10.561941146850586, -14.534272193908691, 2.049846649169922, -5.424069404602051, 6.653151988983154, 1.4286950826644897, -3.910252571105957, 7.707184314727783], "lowlevel.spectral_contrast_coeffs.mean": [-0.6940277218818665, -0.7202019691467285, -0.8197948336601257, -0.8125698566436768, -0.8302384614944458, -0.8033264875411987], "lowlevel.spectral_contrast_coeffs.stdev": [0.088291697204113, 0.08561971783638, 0.04130815714597702, 0.03745204955339432, 0.02658398076891899, 0.031602513045072556], "lowlevel.spectral_contrast_valleys.mean": [-6.6506547927856445, -7.135441780090332, -8.047240257263184, -8.21418285369873, -8.50036907196045, -10.280238151550293], "lowlevel.spectral_contrast_valleys.stdev": [0.7585749626159668, 0.7169777154922485, 0.735482931137085, 0.7629083395004272, 0.9341144561767578, 1.1496241092681885], "rhythm.beats_loudness_band_ratio.mean": [0.5198546648025513, 0.21536004543304443, 0.07902171462774277, 0.0663938894867897, 0.04724932461977005, 0.09634146839380264], "rhythm.beats_loudness_band_ratio.stdev": [0.33734554052352905, 0.24193759262561798, 0.08812908828258514, 0.07292404025793076, 0.06116935610771179, 0.13635016977787018], "tonal.hpcp.mean": [0.02187458612024784, 0.0348421186208725, 0.041767559945583344, 0.06040777266025543, 0.281535267829895, 0.3339305818080902, 0.1355537325143814, 0.04813988506793976, 0.026902779936790466, 0.052822042256593704, 0.12494100630283356, 0.14397777616977692, 0.08841446042060852, 0.07348181307315826, 0.08551298826932907, 0.05957788974046707, 0.024386486038565636, 0.023991810157895088, 0.02106199413537979, 0.019319256767630577, 0.01802629604935646, 0.024388162419199944, 0.0336247943341732, 0.024960266426205635, 0.028719881549477577, 0.15998895466327667, 0.2414740025997162, 0.16617155075073242, 0.3325496017932892, 0.4801735281944275, 0.26517367362976074, 0.09990435093641281, 0.07192545384168625, 0.05208522453904152, 0.05801171809434891, 0.04329333081841469], "tonal.hpcp.stdev": [0.0802263393998146, 0.14467217028141022, 0.15262553095817566, 0.1461121290922165, 0.320140540599823, 0.36835840344429016, 0.23170237243175507, 0.11188607662916183, 0.10487617552280426, 0.16964764893054962, 0.238093301653862, 0.24471929669380188, 0.1961216926574707, 0.1485888808965683, 0.14211073517799377, 0.12534046173095703, 0.06323211640119553, 0.08862774819135666, 0.09880071133375168, 0.09121273458003998, 0.08081423491239548, 0.10020478814840317, 0.13799980282783508, 0.09656430780887604, 0.07395606487989426, 0.2443637102842331, 0.33997464179992676, 0.23880963027477264, 0.3562079966068268, 0.445998877286911, 0.28735092282295227, 0.19616250693798065, 0.19055166840553284, 0.13374121487140656, 0.14856837689876556, 0.13844622671604156], "rhythm.beats_position": [0.4643990993499756, 0.9287981986999512, 1.381587266921997, 1.834376335144043, 2.2755556106567383, 2.728344678878784, 3.18113374710083, 3.6223127841949463, 4.075101852416992, 4.527891159057617, 4.9690704345703125, 5.41024923324585, 5.851428508758545, 6.304217338562012, 6.757006645202637, 7.198185920715332, 7.6625847816467285, 8.103763580322266], "rhythm.bpm_histogram": [0.0, 0.0, 0.0, 0.0, 0.0, 0.0, 0.0, 0.0, 0.0, 0.0, 0.0, 0.0, 0.0, 0.0, 0.0, 0.0, 0.0, 0.0, 0.0, 0.0, 0.0, 0.0, 0.0, 0.0, 0.0, 0.0, 0.0, 0.0, 0.0, 0.0, 0.0, 0.0, 0.0, 0.0, 0.0, 0.0, 0.0, 0.0, 0.0, 0.0, 0.0, 0.0, 0.0, 0.0, 0.0, 0.0, 0.0, 0.0, 0.0, 0.0, 0.0, 0.0, 0.0, 0.0, 0.0, 0.0, 0.0, 0.0, 0.0, 0.0, 0.0, 0.0, 0.0, 0.0, 0.0, 0.0, 0.0, 0.0, 0.0, 0.0, 0.0, 0.0, 0.0, 0.0, 0.0, 0.0, 0.0, 0.0, 0.0, 0.0, 0.0, 0.0, 0.0, 0.0, 0.0, 0.0, 0.0, 0.0, 0.0, 0.0, 0.0, 0.0, 0.0, 0.0, 0.0, 0.0, 0.0, 0.0, 0.0, 0.0, 0.0, 0.0, 0.0, 0.0, 0.0, 0.0, 0.0, 0.0, 0.0, 0.0, 0.0, 0.0, 0.0, 0.0, 0.0, 0.0, 0.0, 0.0, 0.0, 0.0, 0.0, 0.0, 0.0, 0.0, 0.0, 0.0, 0.0, 0.0, 0.0, 0.11764705926179886, 0.0, 0.0, 0.0, 0.47058823704719543, 0.0, 0.0, 0.4117647111415863, 0.0, 0.0, 0.0, 0.0, 0.0, 0.0, 0.0, 0.0, 0.0, 0.0, 0.0, 0.0, 0.0, 0.0, 0.0, 0.0, 0.0, 0.0, 0.0, 0.0, 0.0, 0.0, 0.0, 0.0, 0.0, 0.0, 0.0, 0.0, 0.0, 0.0, 0.0, 0.0, 0.0, 0.0, 0.0, 0.0, 0.0, 0.0, 0.0, 0.0, 0.0, 0.0, 0.0, 0.0, 0.0, 0.0, 0.0, 0.0, 0.0, 0.0, 0.0, 0.0, 0.0, 0.0, 0.0, 0.0, 0.0, 0.0, 0.0, 0.0, 0.0, 0.0, 0.0, 0.0, 0.0, 0.0, 0.0, 0.0, 0.0, 0.0, 0.0, 0.0, 0.0, 0.0, 0.0, 0.0, 0.0, 0.0, 0.0, 0.0, 0.0, 0.0, 0.0, 0.0, 0.0, 0.0, 0.0, 0.0, 0.0, 0.0, 0.0, 0.0, 0.0, 0.0, 0.0, 0.0, 0.0, 0.0, 0.0, 0.0, 0.0, 0.0, 0.0, 0.0, 0.0, 0.0, 0.0, 0.0, 0.0, 0.0, 0.0, 0.0, 0.0], "tonal.chords_histogram": [0.0, 0.0, 0.0, 0.0, 0.0, 0.0, 0.0, 0.0, 0.0, 52.15053939819336, 3.7634408473968506, 0.0, 12.365591049194336, 0.0, 2.6881721019744873, 0.0, 0.0, 11.290322303771973, 0.0, 11.290322303771973, 0.0, 6.451612949371338, 0.0, 0.0], "tonal.thpcp": [1.0, 0.5522454977035522, 0.20805884897708893, 0.14979054033756256, 0.10847166925668716, 0.12081407010555267, 0.09016184508800507, 0.045555584132671356, 0.07256151735782623, 0.0869843065738678, 0.12580405175685883, 0.5863198637962341, 0.6954373121261597, 0.28230154514312744, 0.10025518387556076, 0.05602720379829407, 0.11000615358352661, 0.2601996958255768, 0.29984530806541443, 0.1841302216053009, 0.15303178131580353, 0.17808768153190613, 0.124075748026371, 0.0507868193089962, 0.04996487498283386, 0.04386329650878906, 0.040233906358480453, 0.037541210651397705, 0.05079030990600586, 0.07002633810043335, 0.051981762051582336, 0.059811465442180634, 0.33318987488746643, 0.5028890371322632, 0.34606561064720154, 0.6925612688064575], "lowlevel.gfcc.cov": [[5398.76220703125, -1459.8441162109375, -336.3724670410156, 413.7234802246094, -529.52783203125, 216.9547119140625, -228.26072692871094, -235.54348754882812, -214.47982788085938, -26.582101821899414, -137.56886291503906, 76.94343566894531, -142.82374572753906], [-1459.8441162109375, 1515.10888671875, 248.89974975585938, -320.7586669921875, 326.44757080078125, -111.97942352294922, 150.8604736328125, 89.58626556396484, 209.7407684326172, -17.865652084350586, 137.37396240234375, -32.952903747558594, 140.602294921875], [-336.3724670410156, 248.89974975585938, 651.0880126953125, 106.1015625, 78.78067016601562, 118.74478912353516, 181.1262664794922, 47.65251922607422, 121.64806365966797, 0.9341908693313599, 50.86944580078125, 6.25736141204834, 16.41219139099121], [413.7234802246094, -320.7586669921875, 106.1015625, 333.1197204589844, 32.453704833984375, 115.3918228149414, 76.53458404541016, 7.2760820388793945, 34.70013427734375, 15.34238052368164, -2.7104954719543457, -26.031455993652344, -32.52337646484375], [-529.52783203125, 326.44757080078125, 78.78067016601562, 32.453704833984375, 382.9813232421875, 92.25578308105469, 194.24180603027344, 122.39459228515625, 83.53295135498047, 43.84745407104492, 71.18848419189453, -0.2259732335805893, 66.60872650146484], [216.9547119140625, -111.97942352294922, 118.74478912353516, 115.3918228149414, 92.25578308105469, 273.3207092285156, 227.2731475830078, 77.1328353881836, 24.070396423339844, -5.322309970855713, 7.701171875, -4.0319390296936035, 0.8510332703590393], [-228.26072692871094, 150.8604736328125, 181.1262664794922, 76.53458404541016, 194.24180603027344, 227.2731475830078, 377.1832275390625, 135.63572692871094, 55.38710021972656, -2.966837167739868, 45.15216827392578, -13.242666244506836, 23.46689796447754], [-235.54348754882812, 89.58626556396484, 47.65251922607422, 7.2760820388793945, 122.39459228515625, 77.1328353881836, 135.63572692871094, 135.26344299316406, 60.41862869262695, 23.517175674438477, 18.88436508178711, 1.0296804904937744, 17.834157943725586], [-214.47982788085938, 209.7407684326172, 121.64806365966797, 34.70013427734375, 83.53295135498047, 24.070396423339844, 55.38710021972656, 60.41862869262695, 154.43008422851562, 43.8734245300293, 38.977943420410156, -2.3072259426116943, 23.904754638671875], [-26.582101821899414, -17.865652084350586, 0.9341908693313599, 15.34238052368164, 43.84745407104492, -5.322309970855713, -2.966837167739868, 23.517175674438477, 43.8734245300293, 77.59793853759766, 40.52939224243164, 28.008480072021484, 15.524469375610352], [-137.56886291503906, 137.37396240234375, 50.86944580078125, -2.7104954719543457, 71.18848419189453, 7.701171875, 45.15216827392578, 18.88436508178711, 38.977943420410156, 40.52939224243164, 123.41917419433594, 50.725704193115234, 55.03459548950195], [76.94343566894531, -32.952903747558594, 6.25736141204834, -26.031455993652344, -0.2259732335805893, -4.0319390296936035, -13.242666244506836, 1.0296804904937744, -2.3072259426116943, 28.008480072021484, 50.725704193115234, 81.93140411376953, 43.49167251586914], [-142.82374572753906, 140.602294921875, 16.41219139099121, -32.52337646484375, 66.60872650146484, 0.8510332703590393, 23.46689796447754, 17.834157943725586, 23.904754638671875, 15.524469375610352, 55.03459548950195, 43.49167251586914, 80.70955657958984]], "lowlevel.gfcc.icov": [[0.0003188116243109107, -3.635466782725416e-06, 0.00020158206461928785, -0.00038418371696025133, 0.0002975783427245915, -0.000514542160090059, 0.00015001333667896688, 0.0003192273434251547, 2.5579469365766272e-05, -3.207782356184907e-05, 0.0001955396874109283, -0.0006880831788294017, 0.00025642203399911523], [-3.635466782725416e-06, 0.003066880628466606, -0.0007217116071842611, 0.003221867373213172, -0.001797226257622242, 0.0018784019630402327, -0.001153636141680181, 0.0014643562026321888, -0.0037126399111002684, 0.0031550677958875895, -0.002239390043541789, 0.0036680351477116346, -0.002385663101449609], [0.00020158206461928785, -0.0007217116071842611, 0.0025279701221734285, -0.001355052925646305, 0.0006963619380258024, -0.000750012812204659, -0.0007549866568297148, 0.000808709766715765, -0.0012173788854852319, 0.000526459130924195, 0.00036071782233193517, -0.0024229134432971478, 0.0013468835968524218], [-0.00038418371696025133, 0.003221867373213172, -0.001355052925646305, 0.007980959489941597, -0.002573976758867502, 0.0005167463677935302, -0.0011138053378090262, 0.0025692316703498363, -0.004506575874984264, 0.0019412549445405602, -0.002886125585064292, 0.005651302170008421, -0.0010419400641694665], [0.0002975783427245915, -0.001797226257622242, 0.0006963619380258024, -0.002573976758867502, 0.006542771123349667, -0.0012315248604863882, -0.0007340576848946512, -0.002983285114169121, 0.0023755989968776703, -0.0039952462539076805, 0.0005387510173022747, 0.000480606802739203, -0.0025968593545258045], [-0.000514542160090059, 0.0018784019630402327, -0.000750012812204659, 0.0005167463677935302, -0.0012315248604863882, 0.010812735185027122, -0.00626269681379199, -1.7590153220226057e-05, -0.0020608447957783937, 0.0024621724151074886, 0.000181528739631176, 0.0007550401496700943, -0.0014888070290908217], [0.00015001333667896688, -0.001153636141680181, -0.0007549866568297148, -0.0011138053378090262, -0.0007340576848946512, -0.00626269681379199, 0.00974286813288927, -0.0054197548888623714, 0.00274524069391191, 0.0010813260450959206, -0.002264666371047497, 0.0010140890954062343, 0.000993205583654344], [0.0003192273434251547, 0.0014643562026321888, 0.000808709766715765, 0.0025692316703498363, -0.002983285114169121, -1.7590153220226057e-05, -0.0054197548888623714, 0.017352571710944176, -0.006382407620549202, -0.0009563638013787568, 0.0022639587987214327, -0.0015571198891848326, 0.00045813070028088987], [2.5579469365766272e-05, -0.0037126399111002684, -0.0012173788854852319, -0.004506575874984264, 0.0023755989968776703, -0.0020608447957783937, 0.00274524069391191, -0.006382407620549202, 0.016664039343595505, -0.009608650580048561, 0.0011039406526833773, 0.0010666056768968701, -0.0007970969309099019], [-3.207782356184907e-05, 0.0031550677958875895, 0.000526459130924195, 0.0019412549445405602, -0.0039952462539076805, 0.0024621724151074886, 0.0010813260450959206, -0.0009563638013787568, -0.009608650580048561, 0.025972962379455566, -0.006959634833037853, -0.004395685158669949, 0.003254637820646167], [0.0001955396874109283, -0.002239390043541789, 0.00036071782233193517, -0.002886125585064292, 0.0005387510173022747, 0.000181528739631176, -0.002264666371047497, 0.0022639587987214327, 0.0011039406526833773, -0.006959634833037853, 0.01813746802508831, -0.009313119575381279, -0.0036148952785879374], [-0.0006880831788294017, 0.0036680351477116346, -0.0024229134432971478, 0.005651302170008421, 0.000480606802739203, 0.0007550401496700943, 0.0010140890954062343, -0.0015571198891848326, 0.0010666056768968701, -0.004395685158669949, -0.009313119575381279, 0.0321204736828804, -0.015621598809957504], [0.00025642203399911523, -0.002385663101449609, 0.0013468835968524218, -0.0010419400641694665, -0.0025968593545258045, -0.0014888070290908217, 0.000993205583654344, 0.00045813070028088987, -0.0007970969309099019, 0.003254637820646167, -0.0036148952785879374, -0.015621598809957504, 0.028567925095558167]], "lowlevel.mfcc.cov": [[5586.82177734375, -1886.88671875, -37.02215576171875, -100.9546890258789, -257.27301025390625, 143.84637451171875, -157.03448486328125, -118.84024810791016, -185.81402587890625, -240.90919494628906, -172.40939331054688, -32.374778747558594, -127.82430267333984], [-1886.88671875, 1768.4578857421875, -6.930547714233398, -32.58164596557617, 158.5111846923828, -106.00688934326172, 44.58967971801758, 64.32986450195312, 94.5451889038086, 121.74683380126953, 58.48407745361328, 7.450754165649414, 94.06316375732422], [-37.02215576171875, -6.930547714233398, 591.9892578125, 64.52562713623047, -15.128947257995605, 101.6642837524414, -5.84796667098999, 89.4956283569336, 12.923510551452637, 43.89046859741211, 48.93383026123047, 5.474194049835205, 11.084253311157227], [-100.9546890258789, -32.58164596557617, 64.52562713623047, 203.6465301513672, 82.36414337158203, 45.76592254638672, 22.604463577270508, 14.51215934753418, 31.477615356445312, 40.74686813354492, 45.01123046875, 30.92013168334961, 16.58138656616211], [-257.27301025390625, 158.5111846923828, -15.128947257995605, 82.36414337158203, 175.70474243164062, 31.678308486938477, 19.154476165771484, 13.716257095336914, 28.486949920654297, 57.47234344482422, 22.646127700805664, 21.27268409729004, 40.40462875366211], [143.84637451171875, -106.00688934326172, 101.6642837524414, 45.76592254638672, 31.678308486938477, 186.66680908203125, 137.74359130859375, 103.70146179199219, 71.60690307617188, 53.97342300415039, 64.35160064697266, 30.651201248168945, 18.851869583129883], [-157.03448486328125, 44.58967971801758, -5.84796667098999, 22.604463577270508, 19.154476165771484, 137.74359130859375, 295.367919921875, 159.71141052246094, 104.06843566894531, 59.61634063720703, 79.49054718017578, 39.312381744384766, 32.351417541503906], [-118.84024810791016, 64.32986450195312, 89.4956283569336, 14.51215934753418, 13.716257095336914, 103.70146179199219, 159.71141052246094, 184.1610565185547, 107.82612609863281, 88.49573516845703, 71.3178482055664, 19.39856719970703, 25.064369201660156], [-185.81402587890625, 94.5451889038086, 12.923510551452637, 31.477615356445312, 28.486949920654297, 71.60690307617188, 104.06843566894531, 107.82612609863281, 139.10260009765625, 81.36199188232422, 60.84872055053711, 18.04836654663086, 25.558691024780273], [-240.90919494628906, 121.74683380126953, 43.89046859741211, 40.74686813354492, 57.47234344482422, 53.97342300415039, 59.61634063720703, 88.49573516845703, 81.36199188232422, 126.43757629394531, 69.52493286132812, 19.868696212768555, 21.241565704345703], [-172.40939331054688, 58.48407745361328, 48.93383026123047, 45.01123046875, 22.646127700805664, 64.35160064697266, 79.49054718017578, 71.3178482055664, 60.84872055053711, 69.52493286132812, 101.84036254882812, 37.15253829956055, 19.00749969482422], [-32.374778747558594, 7.450754165649414, 5.474194049835205, 30.92013168334961, 21.27268409729004, 30.651201248168945, 39.312381744384766, 19.39856719970703, 18.04836654663086, 19.868696212768555, 37.15253829956055, 69.41395568847656, 42.296363830566406], [-127.82430267333984, 94.06316375732422, 11.084253311157227, 16.58138656616211, 40.40462875366211, 18.851869583129883, 32.351417541503906, 25.064369201660156, 25.558691024780273, 21.241565704345703, 19.00749969482422, 42.296363830566406, 93.2183609008789]], "lowlevel.mfcc.icov": [[0.0003176267782691866, 0.000264523783698678, 9.637164475861937e-05, 9.053743997355923e-05, 0.0001422204077243805, -0.0004946468980051577, 0.00031197082716971636, -0.00024454673985019326, 0.00014485306746792048, 0.00019464462820906192, 0.0003412374935578555, -0.00017624594329390675, 6.325022695818916e-05], [0.000264523783698678, 0.001052229548804462, -0.00015914402320049703, 0.000638146186247468, -0.000789242796599865, 0.0008790264837443829, -0.00015527155483141541, -3.396884858375415e-05, -0.0003778461250476539, -0.00013827389921061695, -0.0002881822583731264, 0.00028868025401607156, -0.0005034039495512843], [9.637164475861937e-05, -0.00015914402320049703, 0.002614406170323491, -0.001085531897842884, 0.0011839577928185463, -0.0021704055834561586, 0.0019834802951663733, -0.002565691014751792, 0.001756164594553411, 0.00013319756544660777, -0.00042187946382910013, 0.0006314656347967684, -0.0006101528415456414], [9.053743997355923e-05, 0.000638146186247468, -0.001085531897842884, 0.007677752058953047, -0.003913498017936945, 0.00040192127926275134, -0.00033029293990693986, 0.0018753709737211466, -0.001768685644492507, 0.00040466419886797667, -0.002301532542333007, -0.0017990297637879848, 0.0011472704354673624], [0.0001422204077243805, -0.000789242796599865, 0.0011839577928185463, -0.003913498017936945, 0.010588089935481548, -0.0031058492604643106, 0.0004487560363486409, 0.0012822744902223349, 0.001749196439050138, -0.00504628149792552, 0.0029719960875809193, 0.0006232859450392425, -0.003133475547656417], [-0.0004946468980051577, 0.0008790264837443829, -0.0021704055834561586, 0.00040192127926275134, -0.0031058492604643106, 0.013492406345903873, -0.0046774037182331085, -0.0004527188721112907, -0.00248995260335505, 0.00017531793855596334, -0.002781667746603489, -0.0008230062085203826, 0.0005672808620147407], [0.00031197082716971636, -0.00015527155483141541, 0.0019834802951663733, -0.00033029293990693986, 0.0004487560363486409, -0.0046774037182331085, 0.009783953428268433, -0.007574703078716993, -7.0204878284130245e-06, 0.003842688165605068, -0.0017351096030324697, -0.001484693493694067, -4.631673436961137e-05], [-0.00024454673985019326, -3.396884858375415e-05, -0.002565691014751792, 0.0018753709737211466, 0.0012822744902223349, -0.0004527188721112907, -0.007574703078716993, 0.02026689425110817, -0.00640831096097827, -0.007056967355310917, -0.00020966044394299388, 0.002230444923043251, -0.0012184998486191034], [0.00014485306746792048, -0.0003778461250476539, 0.001756164594553411, -0.001768685644492507, 0.001749196439050138, -0.00248995260335505, -7.0204878284130245e-06, -0.00640831096097827, 0.017433680593967438, -0.005211817100644112, -0.0010966501431539655, 0.0019352806266397238, -0.0020903071854263544], [0.00019464462820906192, -0.00013827389921061695, 0.00013319756544660777, 0.00040466419886797667, -0.00504628149792552, 0.00017531793855596334, 0.003842688165605068, -0.007056967355310917, -0.005211817100644112, 0.0215287022292614, -0.008819812908768654, 0.00036915199598297477, 0.0011884276755154133], [0.0003412374935578555, -0.0002881822583731264, -0.00042187946382910013, -0.002301532542333007, 0.0029719960875809193, -0.002781667746603489, -0.0017351096030324697, -0.00020966044394299388, -0.0010966501431539655, -0.008819812908768654, 0.02382850833237171, -0.008963712491095066, 0.0026700508315116167], [-0.00017624594329390675, 0.00028868025401607156, 0.0006314656347967684, -0.0017990297637879848, 0.0006232859450392425, -0.0008230062085203826, -0.001484693493694067, 0.002230444923043251, 0.0019352806266397238, 0.00036915199598297477, -0.008963712491095066, 0.026501551270484924, -0.011287893168628216], [6.325022695818916e-05, -0.0005034039495512843, -0.0006101528415456414, 0.0011472704354673624, -0.003133475547656417, 0.0005672808620147407, -4.631673436961137e-05, -0.0012184998486191034, -0.0020903071854263544, 0.0011884276755154133, 0.0026700508315116167, -0.011287893168628216, 0.01765741966664791]], "metadata.audio_properties.analysis.downmix": "mix", "metadata.audio_properties.codec": "mp3", "metadata.audio_properties.md5_encoded": "873583285eb053d303f267b5e5fe834b", "metadata.tags.file_name": "1183698878713823315.mp3", "metadata.version.essentia": "2.1-beta6-dev", "metadata.version.essentia_git_sha": "v2.1_beta5-1110-g77a6a954", "metadata.version.extractor": "music 2.0", "tonal.chords_key": "F#", "tonal.chords_scale": "major", "tonal.key_edma.key": "B", "tonal.key_edma.scale": "minor", "tonal.key_krumhansl.key": "B", "tonal.key_krumhansl.scale": "minor", "tonal.key_temperley.key": "B", "tonal.key_temperley.scale": "minor", "metadata.tags.encoding": ["Lavf58.45.100"]}, "essentia_models": [{"model_name": "genre_dortmund", "activations": {"alternative": "0.010453256", "blues": "0.0010769936", "electronic": "0.061340176", "folkcountry": "0.0019934392", "funksoulrnb": "0.04416226", "jazz": "0.0032707397", "pop": "0.03872204", "raphiphop": "0.768044", "rock": "0.004420286"}}, {"model_name": "genre_rosamerica", "activations": {"classic": "0.0012709377", "dance": "0.006033936", "hip hop": "0.40973055", "jazz": "0.002537937", "pop": "0.049048558", "rhythm and blues": "0.30973333", "rock": "0.00055030145", "speech": "0.0337909"}}, {"model_name": "genre_tzanetakis", "activations": {"blues": "0.0016938613", "classic": "0.0024946404", "country": "0.0015486765", "disco": "0.001987584", "hip hop": "0.022242378", "jazz": "0.001018392", "metal": "0.0002013687", "pop": "0.2579594", "reggae": "0.82577395", "rock": "0.01885781"}}, {"model_name": "genre_electronic", "activations": {"ambient": "0.061634444", "dnb": "0.1874688", "house": "0.40195718", "techno": "0.44202518", "trance": "0.011648655"}}, {"model_name": "mood_acoustic", "activations": {"acoustic": "9.697788e-06", "not acoustic": "0.9774525"}}, {"model_name": "mood_electronic", "activations": {"electronic": "0.7895496", "not electronic": "0.