{"song_id": "1183701755431751690", "download": "https://cdn.discordapp.com/attachments/1135903449314238464/1183701755431751690/chirp.mp4?ex=65894b2a&amp", "lyrics": "(Verse 1)\nI am Ismail Haniyeh, living in luxury,\nIn my Qatar villa, that's the life for me.\nWhile Gaza's kids hungry, and their futures fade,\nI'm dining on caviar, in my golden parade.\n\n(Chorus)\nHaniyeh, Haniyeh, let me make it clear,\nI live without guilt, have no reason to fear.\nAs Gaza's young ones starve and cry,\nI'm in opulence, under the desert sky.\n\n(Verse 2)\nI count my riches, while they count their tears,\nIn their darkest hours, I feed on their fears.\nI say I'm a leader, a guiding star,\nBut in reality, I've strayed very far.", "style": ["hip hop</span><span>, middle eastern</span><span>, rap"], "essentia_features": {"lowlevel.average_loudness": 0.9686903953552246, "lowlevel.barkbands_crest.mean": 11.628403663635254, "lowlevel.barkbands_crest.stdev": 5.7296271324157715, "lowlevel.barkbands_flatness_db.mean": 0.14897918701171875, "lowlevel.barkbands_flatness_db.stdev": 0.06434864550828934, "lowlevel.barkbands_kurtosis.mean": 6.405427932739258, "lowlevel.barkbands_kurtosis.stdev": 19.390472412109375, "lowlevel.barkbands_skewness.mean": 1.3239824771881104, "lowlevel.barkbands_skewness.stdev": 2.1420609951019287, "lowlevel.barkbands_spread.mean": 25.900075912475586, "lowlevel.barkbands_spread.stdev": 16.59805679321289, "lowlevel.dissonance.mean": 0.4696260690689087, "lowlevel.dissonance.stdev": 0.026536008343100548, "lowlevel.dynamic_complexity": 3.111164093017578, "lowlevel.erbbands_crest.mean": 10.548293113708496, "lowlevel.erbbands_crest.stdev": 4.80855655670166, "lowlevel.erbbands_flatness_db.mean": 0.18208973109722137, "lowlevel.erbbands_flatness_db.stdev": 0.06120136007666588, "lowlevel.erbbands_kurtosis.mean": 0.7346232533454895, "lowlevel.erbbands_kurtosis.stdev": 2.6305267810821533, "lowlevel.erbbands_skewness.mean": 0.022779690101742744, "lowlevel.erbbands_skewness.stdev": 1.004181146621704, "lowlevel.erbbands_spread.mean": 38.265045166015625, "lowlevel.erbbands_spread.stdev": 22.29354476928711, "lowlevel.hfc.mean": 23.279518127441406, "lowlevel.hfc.stdev": 18.947704315185547, "lowlevel.loudness_ebu128.integrated": -14.96636962890625, "lowlevel.loudness_ebu128.loudness_range": 1.7141485214233398, "lowlevel.loudness_ebu128.momentary.mean": -15.344423294067383, "lowlevel.loudness_ebu128.momentary.stdev": 1.9668210744857788, "lowlevel.loudness_ebu128.short_term.mean": -14.946743965148926, "lowlevel.loudness_ebu128.short_term.stdev": 0.6979454755783081, "lowlevel.melbands_crest.mean": 16.083438873291016, "lowlevel.melbands_crest.stdev": 6.776675701141357, "lowlevel.melbands_flatness_db.mean": 0.18705080449581146, "lowlevel.melbands_flatness_db.stdev": 0.09128748625516891, "lowlevel.melbands_kurtosis.mean": 21.875925064086914, "lowlevel.melbands_kurtosis.stdev": 56.582244873046875, "lowlevel.melbands_skewness.mean": 2.7124059200286865, "lowlevel.melbands_skewness.stdev": 2.9957473278045654, "lowlevel.melbands_spread.mean": 37.680503845214844, "lowlevel.melbands_spread.stdev": 34.6860466003418, "lowlevel.pitch_salience.mean": 0.5182392597198486, "lowlevel.pitch_salience.stdev": 0.17258329689502716, "lowlevel.silence_rate_20dB.mean": 1.0, "lowlevel.silence_rate_20dB.stdev": 0.0, "lowlevel.silence_rate_30dB.mean": 0.9045296311378479, "lowlevel.silence_rate_30dB.stdev": 0.29386505484580994, "lowlevel.silence_rate_60dB.mean": 0.1324041783809662, "lowlevel.silence_rate_60dB.stdev": 0.3389310836791992, "lowlevel.spectral_centroid.mean": 1959.387939453125, "lowlevel.spectral_centroid.stdev": 836.53271484375, "lowlevel.spectral_complexity.mean": 14.35818862915039, "lowlevel.spectral_complexity.stdev": 9.0792818069458, "lowlevel.spectral_decrease.mean": -8.195650380571351e-09, "lowlevel.spectral_decrease.stdev": 1.3375721863440049e-08, "lowlevel.spectral_energy.mean": 0.03304378315806389, "lowlevel.spectral_energy.stdev": 0.05112428590655327, "lowlevel.spectral_energyband_high.mean": 0.0009205917594954371, "lowlevel.spectral_energyband_high.stdev": 0.0014753234572708607, "lowlevel.spectral_energyband_low.mean": 0.019962729886174202, "lowlevel.spectral_energyband_low.stdev": 0.04828818142414093, "lowlevel.spectral_energyband_middle_high.mean": 0.006989568006247282, "lowlevel.spectral_energyband_middle_high.stdev": 0.008210773579776287, "lowlevel.spectral_energyband_middle_low.mean": 0.006491280160844326, "lowlevel.spectral_energyband_middle_low.stdev": 0.0132471127435565, "lowlevel.spectral_entropy.mean": 7.628219127655029, "lowlevel.spectral_entropy.stdev": 0.4883405864238739, "lowlevel.spectral_flux.mean": 0.10716767609119415, "lowlevel.spectral_flux.stdev": 0.08980115503072739, "lowlevel.spectral_kurtosis.mean": 4.871259689331055, "lowlevel.spectral_kurtosis.stdev": 3.9375360012054443, "lowlevel.spectral_rms.mean": 0.004620106425136328, "lowlevel.spectral_rms.stdev": 0.0033003685530275106, "lowlevel.spectral_rolloff.mean": 2858.925537109375, "lowlevel.spectral_rolloff.stdev": 2675.326904296875, "lowlevel.spectral_skewness.mean": 1.4871819019317627, "lowlevel.spectral_skewness.stdev": 0.472784161567688, "lowlevel.spectral_spread.mean": 4872848.5, "lowlevel.spectral_spread.stdev": 2364570.5, "lowlevel.spectral_strongpeak.mean": 1.2588871717453003, "lowlevel.spectral_strongpeak.stdev": 1.5837428569793701, "lowlevel.zerocrossingrate.mean": 0.09822925925254822, "lowlevel.zerocrossingrate.stdev": 0.07051955908536911, "metadata.audio_properties.analysis.equal_loudness": 0.0, "metadata.audio_properties.analysis.length": 33.27895736694336, "metadata.audio_properties.analysis.sample_rate": 44100.0, "metadata.audio_properties.analysis.start_time": 0.0, "metadata.audio_properties.bit_rate": 125084.0, "metadata.audio_properties.length": 33.279998779296875, "metadata.audio_properties.lossless": 0.0, "metadata.audio_properties.number_channels": 1.0, "metadata.audio_properties.replay_gain": -11.734298706054688, "metadata.audio_properties.sample_rate": 48000.0, "rhythm.beats_count": 53.0, "rhythm.beats_loudness.mean": 0.06820656359195709, "rhythm.beats_loudness.stdev": 0.04623105004429817, "rhythm.bpm": 97.02803039550781, "rhythm.bpm_histogram_first_peak_bpm": 98.0, "rhythm.bpm_histogram_first_peak_weight": 0.3461538553237915, "rhythm.bpm_histogram_second_peak_bpm": 0.0, "rhythm.bpm_histogram_second_peak_spread": 0.0, "rhythm.bpm_histogram_second_peak_weight": 0.0, "rhythm.danceability": 2.2633419036865234, "rhythm.onset_rate": 5.586019039154053, "tonal.chords_changes_rate": 0.09052924811840057, "tonal.chords_number_rate": 0.016713092103600502, "tonal.chords_strength.mean": 0.5117024779319763, "tonal.chords_strength.stdev": 0.09374315291643143, "tonal.hpcp_crest.mean": 15.052526473999023, "tonal.hpcp_crest.stdev": 7.587024688720703, "tonal.hpcp_entropy.mean": 1.886878252029419, "tonal.hpcp_entropy.stdev": 0.8424655795097351, "tonal.key_edma.strength": 0.5412255525588989, "tonal.key_krumhansl.strength": 0.5561963319778442, "tonal.key_temperley.strength": 0.5826631188392639, "tonal.tuning_diatonic_strength": 0.5228928327560425, "tonal.tuning_equal_tempered_deviation": 0.08386879414319992, "tonal.tuning_frequency": 431.19390869140625, "tonal.tuning_nontempered_energy_ratio": 0.8164651393890381, "lowlevel.barkbands.mean": [8.414842159254476e-05, 0.011888707056641579, 0.006915251258760691, 0.002056718338280916, 0.001426816452294588, 0.00025027600349858403, 0.001227777567692101, 0.00016963189409580082, 0.0009728113655000925, 0.0016130676958709955, 0.0007468230905942619, 0.001102814800105989, 0.0004843246133532375, 0.0003516425203997642, 0.0003648185229394585, 0.0004358285805210471, 0.00036546000046655536, 0.0009332313784398139, 0.0006320940447039902, 0.0001331586972810328, 7.425621151924133e-05, 0.00017431021842639893, 0.00018582458142191172, 0.000246181502006948, 0.0001385690993629396, 6.146000669104978e-05, 7.753645149932709e-06], "lowlevel.barkbands.stdev": [0.00019178056390956044, 0.027873318642377853, 0.02795533277094364, 0.00816917885094881, 0.004489893093705177, 0.0006037387647666037, 0.002988027175888419, 0.0005092869396321476, 0.002536094980314374, 0.003599480027332902, 0.0023293721023947, 0.0030962007585912943, 0.0015673995949327946, 0.0010508581763133407, 0.0008997293771244586, 0.0014115050435066223, 0.0007133716717362404, 0.0014319521142169833, 0.0009123161435127258, 0.00022804106993135065, 0.00015994605200830847, 0.0003059508162550628, 0.00028186768759042025, 0.0006082734325900674, 0.0004281619912944734, 0.00010610076424200088, 1.5142150004976429e-05], "lowlevel.erbbands.mean": [0.2767733931541443, 2.955955982208252, 7.831456184387207, 7.487598896026611, 7.426840782165527, 3.3538360595703125, 1.070876955986023, 2.9500796794891357, 16.045560836791992, 9.771256446838379, 7.159832954406738, 25.590335845947266, 36.32115173339844, 54.24412155151367, 27.104211807250977, 44.67964553833008, 25.77988624572754, 17.99213981628418, 19.398405075073242, 23.249319076538086, 19.105077743530273, 25.353057861328125, 53.640560150146484, 32.85637283325195, 26.022123336791992, 6.3430023193359375, 2.827195405960083, 3.5007104873657227, 6.047094345092773, 7.043447017669678, 4.627376556396484, 4.30183219909668, 4.471256732940674, 2.2695531845092773, 0.5586127638816833, 0.196742981672287, 0.12167124450206757, 0.03439898043870926, 0.0007906648679636419, 5.9961977967759594e-05], "lowlevel.erbbands.stdev": [0.6735169887542725, 7.0189290046691895, 28.64809799194336, 29.13620376586914, 27.52388572692871, 7.791340351104736, 2.965085506439209, 6.279208183288574, 36.49899673461914, 27.543928146362305, 17.881458282470703, 71.84654998779297, 96.21073913574219, 128.5364227294922, 67.9870376586914, 125.39443969726562, 70.54625701904297, 54.406009674072266, 40.47121047973633, 70.72948455810547, 44.63938903808594, 43.82682800292969, 82.335693359375, 47.93769454956055, 38.409332275390625, 9.616230010986328, 6.060555458068848, 6.876563549041748, 10.854303359985352, 11.130615234375, 7.085484504699707, 7.63833475112915, 13.518914222717285, 7.463422775268555, 1.418897271156311, 0.38563117384910583, 0.20764446258544922, 0.05938183143734932, 0.0013548943679779768, 6.469738582381979e-05], "lowlevel.gfcc.mean": [-24.441490173339844, 39.6581916809082, -136.56752014160156, 13.415990829467773, -58.75077819824219, 14.869762420654297, -35.05717468261719, 20.32625389099121, -23.05678939819336, -10.282161712646484, -9.1554594039917, 7.8580427169799805, -19.361459732055664], "lowlevel.melbands.mean": [0.0029976058285683393, 0.00393842114135623, 0.0013404430355876684, 0.0003870677319355309, 4.487564729060978e-05, 6.693876639474183e-05, 0.0002551973448134959, 8.606370829511434e-05, 7.231179915834218e-05, 0.00015803426504135132, 0.0001794561540009454, 0.00022515981981996447, 8.772838918957859e-05, 0.00010818208829732612, 0.0001047251425916329, 4.033396180602722e-05, 3.269614899181761e-05, 3.026109880011063e-05, 3.0187569791451097e-05, 3.297384682809934e-05, 1.953304854396265e-05, 2.129600034095347e-05, 4.74575390398968e-05, 4.071774674230255e-05, 2.5307313990197144e-05, 2.199707887484692e-05, 1.175792385765817e-05, 2.4829228095768485e-06, 1.6252296290986123e-06, 1.7413806290278444e-06, 2.0878912891930668e-06, 3.4886118100985186e-06, 3.4568254250189057e-06, 4.163008270552382e-06, 2.7510463951330166e-06, 2.0684303763118805e-06, 2.925576154666487e-06, 3.469643161224667e-06, 2.710787612159038e-06, 1.591095610820048e-06], "lowlevel.melbands.stdev": [0.007098869886249304, 0.011553727090358734, 0.004698613658547401, 0.0011989664053544402, 0.00011234244448132813, 0.00014316753367893398, 0.0005961904535070062, 0.0002445045975036919, 0.00018888515478465706, 0.0004499061615206301, 0.0005009170854464173, 0.0005249450332485139, 0.0002353949676034972, 0.00029198118136264384, 0.0003881928860209882, 0.00011992881627520546, 0.00010817016300279647, 6.572181155206636e-05, 7.749877840979025e-05, 0.00012289572623558342, 4.691223512054421e-05, 4.1533516196068376e-05, 8.06257376098074e-05, 6.994227442191914e-05, 4.032710421597585e-05, 3.453115277807228e-05, 1.869119660113938e-05, 4.951341907144524e-06, 3.673922037705779e-06, 4.029575848107925e-06, 4.07578863814706e-06, 6.4566715991531964e-06, 6.229424798220862e-06, 6.6209977376274765e-06, 4.3933077904512174e-06, 3.24582197208656e-06, 5.7071561059274245e-06, 1.0520519026613329e-05, 9.36981086852029e-06, 5.20038111062604e-06], "lowlevel.melbands128.mean": [7.122567330952734e-05, 0.0016004571225494146, 0.004725550767034292, 0.004785685334354639, 0.0043439725413918495, 0.0031173638999462128, 0.0014940241817384958, 0.0009941599564626813, 0.000787333061452955, 0.000369148125173524, 0.0001395261933794245, 4.017906394437887e-05, 2.782888441288378e-05, 3.095835563726723e-05, 4.934379830956459e-05, 7.492260920116678e-05, 0.0001835989678511396, 0.00035840398049913347, 0.0002758932241704315, 6.403068255167454e-05, 2.1017491235397756e-05, 2.8692416890407912e-05, 6.458390271291137e-05, 0.00012122637417633086, 0.00021645067317876965, 0.00014703809574712068, 8.793909364612773e-05, 0.0002106636093230918, 0.00023025851987767965, 0.0002136157563654706, 0.0002925252774730325, 0.00010529279825277627, 5.550423520617187e-05, 7.88039033068344e-05, 0.00010107525304192677, 0.00010500662756385282, 0.00014024850679561496, 0.0001398011954734102, 5.0611892220331356e-05, 4.821777474717237e-05, 3.927697616745718e-05, 2.8178059437777847e-05, 3.1260507967090234e-05, 3.741043110494502e-05, 3.158828258165158e-05, 2.2795482436777093e-05, 3.677261702250689e-05, 3.3704978704918176e-05, 2.0670458980021067e-05, 3.7541456549661234e-05, 3.953590203309432e-05, 2.344764106965158e-05, 2.0155775928287767e-05, 1.7890699382405728e-05, 1.6746853361837566e-05, 2.3113054339773953e-05, 2.226516699010972e-05, 3.261931851739064e-05, 6.672822200926021e-05, 5.7540131820132956e-05, 4.451829954632558e-05, 2.18204968405189e-05, 2.390976260358002e-05, 2.8608947104658e-05, 2.2532729417434894e-05, 2.2365957192960195e-05, 2.1465863028424792e-05, 1.8612494386616163e-05, 8.544761840312276e-06, 4.161713604844408e-06, 2.1907237623963738e-06, 1.7147597191069508e-06, 1.5273174085450592e-06, 1.7594135215404094e-06, 1.4988754628575407e-06, 1.6936849078774685e-06, 1.9858457562804688e-06, 1.6101556639114278e-06, 2.012410959650879e-06, 2.323277385585243e-06, 3.982320322393207e-06, 3.880483745888341e-06, 2.8543142889247974e-06, 3.354560021762154e-06, 3.8784037315053865e-06, 4.376872311695479e-06, 4.279705535736866e-06, 3.7623053685820196e-06, 2.3345517092820955e-06, 2.4291928184538847e-06, 2.2237497887545032e-06, 1.7594359178474406e-06, 2.0896338810416637e-06, 2.8244273835298372e-06, 3.351364057380124e-06, 4.40139911006554e-06, 3.3107892249972792e-06, 2.317739244972472e-06, 3.026670128747355e-06, 2.887786195060471e-06, 2.0163895442237845e-06, 1.433201077816193e-06, 8.886585760592425e-07, 8.214840363507392e-07, 5.268973382044351e-07, 4.0835263348526496e-07, 3.7374348949015257e-07, 3.9503780158156587e-07, 3.0539837325704866e-07, 2.7569842586672166e-07, 2.8085983672099246e-07, 3.522914937548194e-07, 4.365805068573536e-07, 4.5354801159191993e-07, 3.8286378867269377e-07, 4.4607617155634216e-07, 3.1039928671816597e-07, 3.923431890484608e-08, 4.132552910984799e-10, 4.395830921488653e-12, 4.328204027820304e-12, 4.2781928173696304e-12, 4.220946508981527e-12, 4.225644140154472e-12, 4.104540492211317e-12, 3.810675733295632e-12, 3.63250835661022e-12, 3.5879190243837122e-12], "lowlevel.melbands128.stdev": [0.00017850018048193306, 0.004057589452713728, 0.012051869183778763, 0.01210858579725027, 0.015262771397829056, 0.01275553461164236, 0.006495090667158365, 0.0038629404734820127, 0.0032807770185172558, 0.0009438256383873522, 0.0003326476435177028, 0.00013081599900033325, 9.988532110583037e-05, 0.00010099756036652252, 0.00014537798415403813, 0.00019170818268321455, 0.0004205410950817168, 0.0009590985719114542, 0.0008739152690395713, 0.00023090811737347394, 6.670901348115876e-05, 0.00010487578401807696, 0.00025983090745285153, 0.0003686675045173615, 0.0007427017553709447, 0.000597302452661097, 0.00031499689794145525, 0.0008048570598475635, 0.0007398626185022295, 0.0006242924137040973, 0.0009181401692330837, 0.0004955364856868982, 0.00021927374473307282, 0.00029869607533328235, 0.0004690114001277834, 0.00037110745324753225, 0.0005355061730369925, 0.0007333660032600164, 0.00024826981825754046, 0.00019331996736582369, 0.00016371179663110524, 0.0001444837253075093, 0.00017447239952161908, 0.00012799428077414632, 0.00010541144729359075, 6.713473703712225e-05, 0.00011855451884912327, 0.00013426692748907954, 7.211008778540418e-05, 0.0001967495190910995, 0.00017753965221345425, 9.766845323611051e-05, 7.276859832927585e-05, 4.9091737309936434e-05, 4.522899689618498e-05, 5.655691711581312e-05, 5.838569632032886e-05, 8.452618203591555e-05, 0.00014544565055985004, 0.00011777604231610894, 0.00010801958705997095, 6.243612733669579e-05, 4.5082975702825934e-05, 5.460237298393622e-05, 4.488712875172496e-05, 4.711661676992662e-05, 4.1529328882461414e-05, 3.740561078302562e-05, 1.7290340110776015e-05, 8.08738695923239e-06, 5.460047304950422e-06, 4.335685389378341e-06, 3.6180172173772007e-06, 4.417054697114509e-06, 4.021560926048551e-06, 4.316018475947203e-06, 5.017617695557419e-06, 3.938024747185409e-06, 4.449399057193659e-06, 4.700318640971091e-06, 7.856822776375338e-06, 7.910377462394536e-06, 5.9012777455791365e-06, 6.8759281930397265e-06, 7.625284069945337e-06, 7.3322707976331e-06, 7.529654794780072e-06, 7.012435617070878e-06, 4.210538918414386e-06, 4.288672244001646e-06, 3.7303805129340617e-06, 3.1287795536627527e-06, 3.815455329458928e-06, 5.387733835959807e-06, 8.02216072770534e-06, 1.3461064554576296e-05, 1.1123086551378947e-05, 9.558279998600483e-06, 1.0457866665092297e-05, 1.1056950825150125e-05, 7.572774393338477e-06, 4.317507318774005e-06, 2.9043635549896862e-06, 3.6719261515827384e-06, 1.132887177845987e-06, 9.44555551996018e-07, 9.095396080738283e-07, 9.104189189201861e-07, 7.6390068670662e-07, 6.376762371473887e-07, 6.623036483688338e-07, 6.876376801301376e-07, 7.924831493255624e-07, 8.068944339356676e-07, 7.697771025050315e-07, 8.044444825827668e-07, 6.045268605703313e-07, 9.628405450712307e-08, 1.3130392773064159e-08, 8.252731831248639e-12, 8.893886495331405e-12, 9.818334513467253e-12, 1.1363918486773095e-11, 1.2960636036618567e-11, 1.2046187831959987e-11, 8.259693276557734e-12, 7.013244585768463e-12, 6.9523848483799e-12], "lowlevel.mfcc.mean": [-665.2322998046875, 81.27914428710938, -19.153223037719727, -0.6314188838005066, 2.957886219024658, -10.32828426361084, 1.3940441608428955, 22.534921646118164, -10.457999229431152, -0.05189180374145508, 4.459305763244629, -8.126386642456055, 0.4299297332763672], "lowlevel.spectral_contrast_coeffs.mean": [-0.6770164966583252, -0.7473320364952087, -0.7481956481933594, -0.790890634059906, -0.7182687520980835, -0.7656164765357971], "lowlevel.spectral_contrast_coeffs.stdev": [0.1020723357796669, 0.085941843688488, 0.07861972600221634, 0.0605224184691906, 0.08534163236618042, 0.034413378685712814], "lowlevel.spectral_contrast_valleys.mean": [-8.335366249084473, -7.420404434204102, -7.4004225730896, -7.755411624908447, -7.900842666625977, -10.224042892456055], "lowlevel.spectral_contrast_valleys.stdev": [1.5246162414550781, 0.7385421991348267, 0.7145367860794067, 0.6865296363830566, 0.7752271890640259, 1.0430610179901123], "rhythm.beats_loudness_band_ratio.mean": [0.6747080087661743, 0.08540254086256027, 0.061760809272527695, 0.08800923079252243, 0.07522246986627579, 0.08549858629703522], "rhythm.beats_loudness_band_ratio.stdev": [0.2115987092256546, 0.08285514265298843, 0.06715505570173264, 0.08245895057916641, 0.06258917599916458, 0.08519519120454788], "tonal.hpcp.mean": [0.17826144397258759, 0.179850772023201, 0.2625000774860382, 0.33953016996383667, 0.25581076741218567, 0.13478989899158478, 0.08396835625171661, 0.08061300218105316, 0.11139596253633499, 0.13138701021671295, 0.10948663204908371, 0.08066437393426895, 0.0711657777428627, 0.06801546365022659, 0.061378270387649536, 0.05689888820052147, 0.06466884911060333, 0.08333609998226166, 0.09084019064903259, 0.09061899781227112, 0.08581012487411499, 0.07455340027809143, 0.07673441618680954, 0.11888165026903152, 0.15726280212402344, 0.14133812487125397, 0.12882468104362488, 0.12495771795511246, 0.10281100124120712, 0.08241058140993118, 0.07925025373697281, 0.09346096217632294, 0.1400817632675171, 0.18256328999996185, 0.1656661331653595, 0.16204693913459778], "tonal.hpcp.stdev": [0.2834496796131134, 0.2818904519081116, 0.32814162969589233, 0.38438665866851807, 0.32370081543922424, 0.23597924411296844, 0.18791843950748444, 0.18471045792102814, 0.22569216787815094, 0.2532478868961334, 0.22679390013217926, 0.183290034532547, 0.15887907147407532, 0.15790621936321259, 0.12650611996650696, 0.11166851967573166, 0.1422196477651596, 0.17491082847118378, 0.1795261800289154, 0.17538237571716309, 0.18690575659275055, 0.16318050026893616, 0.15516294538974762, 0.2096787840127945, 0.22927673161029816, 0.20559993386268616, 0.21775344014167786, 0.22722530364990234, 0.2049679458141327, 0.17527998983860016, 0.1602868288755417, 0.17899590730667114, 0.23125870525836945, 0.2882390022277832, 0.2601005733013153, 0.2670161724090576], "rhythm.beats_position": [0.6269387602806091, 1.2538775205612183, 1.8808163404464722, 2.5077550411224365, 3.1230838298797607, 3.738412618637085, 4.353741645812988, 4.9690704345703125, 5.596008777618408, 6.211337566375732, 6.826666355133057, 7.441995143890381, 8.057324409484863, 8.684263229370117, 9.299592018127441, 9.914920806884766, 10.54185962677002, 11.157188415527344, 11.772517204284668, 12.387845993041992, 13.003174781799316, 13.63011360168457, 14.257051467895508, 14.872380256652832, 15.487709045410156, 16.091428756713867, 16.718366622924805, 17.333696365356445, 17.949024200439453, 18.575963973999023, 19.20290184020996, 19.82984161376953, 20.43355941772461, 21.04888916015625, 21.664216995239258, 22.291156768798828, 22.894874572753906, 23.510204315185547, 24.125532150268555, 24.752471923828125, 25.367799758911133, 25.983129501342773, 26.61006736755371, 27.22539710998535, 27.84072494506836, 28.46766471862793, 29.071382522583008, 29.698322296142578, 30.313650131225586, 30.928979873657227, 31.555917739868164, 32.17124557495117, 32.78657531738281], "rhythm.bpm_histogram": [0.0, 0.0, 0.0, 0.0, 0.0, 0.0, 0.0, 0.0, 0.0, 0.0, 0.0, 0.0, 0.0, 0.0, 0.0, 0.0, 0.0, 0.0, 0.0, 0.0, 0.0, 0.0, 0.0, 0.0, 0.0, 0.0, 0.0, 0.0, 0.0, 0.0, 0.0, 0.0, 0.0, 0.0, 0.0, 0.0, 0.0, 0.0, 0.0, 0.0, 0.0, 0.0, 0.0, 0.0, 0.0, 0.0, 0.0, 0.0, 0.0, 0.0, 0.0, 0.0, 0.0, 0.0, 0.0, 0.0, 0.0, 0.0, 0.0, 0.0, 0.0, 0.0, 0.0, 0.0, 0.0, 0.0, 0.0, 0.0, 0.0, 0.0, 0.0, 0.0, 0.0, 0.0, 0.0, 0.0, 0.0, 0.0, 0.0, 0.0, 0.0, 0.0, 0.0, 0.0, 0.0, 0.0, 0.0, 0.0, 0.0, 0.0, 0.0, 0.0, 0.0, 0.0, 0.0, 0.0, 0.3461538553237915, 0.0, 0.5769230723381042, 0.07692307978868484, 0.0, 0.0, 0.0, 0.0, 0.0, 0.0, 0.0, 0.0, 0.0, 0.0, 0.0, 0.0, 0.0, 0.0, 0.0, 0.0, 0.0, 0.0, 0.0, 0.0, 0.0, 0.0, 0.0, 0.0, 0.0, 0.0, 0.0, 0.0, 0.0, 0.0, 0.0, 0.0, 0.0, 0.0, 0.0, 0.0, 0.0, 0.0, 0.0, 0.0, 0.0, 0.0, 0.0, 0.0, 0.0, 0.0, 0.0, 0.0, 0.0, 0.0, 0.0, 0.0, 0.0, 0.0, 0.0, 0.0, 0.0, 0.0, 0.0, 0.0, 0.0, 0.0, 0.0, 0.0, 0.0, 0.0, 0.0, 0.0, 0.0, 0.0, 0.0, 0.0, 0.0, 0.0, 0.0, 0.0, 0.0, 0.0, 0.0, 0.0, 0.0, 0.0, 0.0, 0.0, 0.0, 0.0, 0.0, 0.0, 0.0, 0.0, 0.0, 0.0, 0.0, 0.0, 0.0, 0.0, 0.0, 0.0, 0.0, 0.0, 0.0, 0.0, 0.0, 0.0, 0.0, 0.0, 0.0, 0.0, 0.0, 0.0, 0.0, 0.0, 0.0, 0.0, 0.0, 0.0, 0.0, 0.0, 0.0, 0.0, 0.0, 0.0, 0.0, 0.0, 0.0, 0.0, 0.0, 0.0, 0.0, 0.0, 0.0, 0.0, 0.0, 0.0, 0.0, 0.0, 0.0, 0.0, 0.0, 0.0, 0.0, 0.0, 0.0, 0.0, 0.0, 0.0, 0.0, 0.0, 0.0, 0.0], "tonal.chords_histogram": [16.016712188720703, 0.13927575945854187, 3.899721384048462, 11.420613288879395, 0.0, 8.217269897460938, 4.874651908874512, 25.208913803100586, 0.5571030378341675, 3.0640668869018555, 2.0891366004943848, 0.0, 0.0, 0.0, 0.0, 0.0, 0.0, 3.4818942546844482, 0.417827308177948, 0.0, 10.30640697479248, 0.0, 4.874651908874512, 5.431755065917969], "tonal.thpcp": [1.0, 0.7534257173538208, 0.39698946475982666, 0.24730749428272247, 0.23742514848709106, 0.32808855175971985, 0.38696712255477905, 0.32246509194374084, 0.2375764548778534, 0.20960074663162231, 0.20032230019569397, 0.18077412247657776, 0.167581245303154, 0.19046568870544434, 0.2454453408718109, 0.26754674315452576, 0.26689526438713074, 0.25273194909095764, 0.21957813203334808, 0.22600175440311432, 0.3501357436180115, 0.46317771077156067, 0.41627559065818787, 0.3794204294681549, 0.36803126335144043, 0.30280372500419617, 0.24271947145462036, 0.2334115207195282, 0.27526554465293884, 0.41257530450820923, 0.5376938581466675, 0.4879275858402252, 0.47726815938949585, 0.525023877620697, 0.5297048091888428, 0.7731273770332336], "lowlevel.gfcc.cov": [[4749.73876953125, 211.3133087158203, 936.1884765625, 781.882568359375, 267.7285461425781, 408.49163818359375, 167.1280517578125, 123.00751495361328, 66.21305084228516, 105.48080444335938, -202.0701904296875, -58.89881896972656, -95.60563659667969], [211.3133087158203, 2787.61376953125, 484.7084655761719, 956.9241333007812, 991.8955688476562, 288.1575012207031, 624.770751953125, 281.7295227050781, 358.9924011230469, -114.82594299316406, 231.77867126464844, -158.18634033203125, 114.95226287841797], [936.1884765625, 484.7084655761719, 1707.984130859375, 916.4649658203125, 286.977294921875, 551.2689819335938, 236.55406188964844, 85.24343872070312, 78.69353485107422, 124.21044921875, -156.85342407226562, -101.18821716308594, 11.11998176574707], [781.882568359375, 956.9241333007812, 916.4649658203125, 1050.51904296875, 553.5703125, 343.69647216796875, 297.02130126953125, 138.762939453125, 200.85377502441406, 48.6981086730957, -0.941128134727478, -67.48301696777344, 77.81976318359375], [267.7285461425781, 991.8955688476562, 286.977294921875, 553.5703125, 777.4945068359375, 386.1102294921875, 411.4764099121094, 222.47006225585938, 246.86605834960938, 13.350896835327148, 170.18064880371094, 7.631937503814697, 91.90086364746094], [408.49163818359375, 288.1575012207031, 551.2689819335938, 343.69647216796875, 386.1102294921875, 765.2611694335938, 439.7973327636719, 133.14898681640625, 131.55113220214844, 98.63732147216797, 82.9308853149414, 29.004180908203125, 79.4751968383789], [167.1280517578125, 624.770751953125, 236.55406188964844, 297.02130126953125, 411.4764099121094, 439.7973327636719, 520.2392578125, 183.50233459472656, 157.497314453125, 30.18494415283203, 122.27335357666016, 28.36050033569336, 71.80317687988281], [123.00751495361328, 281.7295227050781, 85.24343872070312, 138.762939453125, 222.47006225585938, 133.14898681640625, 183.50233459472656, 265.0252380371094, 164.5064697265625, 33.701812744140625, 97.00953674316406, 18.754989624023438, 52.11566162109375], [66.21305084228516, 358.9924011230469, 78.69353485107422, 200.85377502441406, 246.86605834960938, 131.55113220214844, 157.497314453125, 164.5064697265625, 267.89447021484375, 86.43717956542969, 99.4874496459961, 31.675182342529297, 74.4488754272461], [105.48080444335938, -114.82594299316406, 124.21044921875, 48.6981086730957, 13.350896835327148, 98.63732147216797, 30.18494415283203, 33.701812744140625, 86.43717956542969, 161.09414672851562, 39.508705139160156, 37.8206787109375, 25.54572296142578], [-202.0701904296875, 231.77867126464844, -156.85342407226562, -0.941128134727478, 170.18064880371094, 82.9308853149414, 122.27335357666016, 97.00953674316406, 99.4874496459961, 39.508705139160156, 219.13385009765625, 60.766563415527344, 41.98332214355469], [-58.89881896972656, -158.18634033203125, -101.18821716308594, -67.48301696777344, 7.631937503814697, 29.004180908203125, 28.36050033569336, 18.754989624023438, 31.675182342529297, 37.8206787109375, 60.766563415527344, 133.15060424804688, 40.97561264038086], [-95.60563659667969, 114.95226287841797, 11.11998176574707, 77.81976318359375, 91.90086364746094, 79.4751968383789, 71.80317687988281, 52.11566162109375, 74.4488754272461, 25.54572296142578, 41.98332214355469, 40.97561264038086, 100.0816650390625]], "lowlevel.gfcc.icov": [[0.0002923927386291325, -2.6345751393819228e-05, 9.936967398971319e-05, -0.000302357628243044, 3.9712969737593085e-05, -0.00021501615992747247, 0.0001269919885089621, -0.0002921943087130785, 0.00010414321877760813, -0.00022740110580343753, 0.0004221365670673549, -0.00027197334566153586, 0.0006438035634346306], [-2.6345751393819228e-05, 0.0012585711665451527, -0.0003057683352380991, -0.0002471858751960099, -0.0007779385196045041, 0.0009496567654423416, -0.0012028916971758008, 0.0007373016560450196, -0.0008869873126968741, 0.0012439097044989467, -0.0011509029427543283, 0.0017080196412280202, -0.000679470831528306], [9.936967398971319e-05, -0.0003057683352380991, 0.0020914103370159864, -0.0018301858799532056, 0.0007942355587147176, -0.0015368331223726273, 0.0007381874020211399, -0.001044578617438674, 0.0009107926744036376, -0.0013956705806776881, 0.0016019834438338876, -0.00032411125721409917, 0.0012816645903512836], [-0.000302357628243044, -0.0002471858751960099, -0.0018301858799532056, 0.003937560599297285, -0.0018546624341979623, 0.0010446379892528057, -0.00031459194724448025, 0.001030824612826109, -0.0008449002634733915, 0.00020237444550730288, -2.0386138203321025e-05, 0.0007535889162681997, -0.002023975597694516], [3.9712969737593085e-05, -0.0007779385196045041, 0.0007942355587147176, -0.0018546624341979623, 0.00478072976693511, -0.0015418732073158026, -0.00017947464948520064, -0.0009556047734804451, -0.000883381930179894, 0.0009110922110266984, -0.000863160181324929, -0.0009462832822464406, 0.0009202637593261898], [-0.00021501615992747247, 0.0009496567654423416, -0.0015368331223726273, 0.0010446379892528057, -0.0015418732073158026, 0.004687002394348383, -0.0036078705452382565, 0.0014407072449102998, -0.0001602966513019055, -0.0002455761714372784, -0.0013521070359274745, 0.0014442375395447016, -0.0022477537859231234], [0.0001269919885089621, -0.0012028916971758008, 0.0007381874020211399, -0.00031459194724448025, -0.00017947464948520064, -0.0036078705452382565, 0.0067626903764903545, -0.002346483524888754, 0.0007309592328965664, -0.00023349589901044965, 0.0007607538136653602, -0.0020829138811677694, 0.0011148947523906827], [-0.0002921943087130785, 0.0007373016560450196, -0.001044578617438674, 0.001030824612826109, -0.0009556047734804451, 0.0014407072449102998, -0.002346483524888754, 0.00812903419137001, -0.004288541153073311, 0.0019089396810159087, -0.0024366562720388174, 0.001646163989789784, -0.0015765047864988446], [0.00010414321877760813, -0.0008869873126968741, 0.0009107926744036376, -0.0008449002634733915, -0.000883381930179894, -0.0001602966513019055, 0.0007309592328965664, -0.004288541153073311, 0.010533365420997143, -0.0055255768820643425, 0.000769625068642199, -0.0008587116026319563, -0.0020752011332660913], [-0.00022740110580343753, 0.0012439097044989467, -0.0013956705806776881, 0.00020237444550730288, 0.0009110922110266984, -0.0002455761714372784, -0.00023349589901044965, 0.0019089396810159087, -0.0055255768820643425, 0.011889006942510605, -0.003332194173708558, -0.00016329494246747345, -0.0005759837804362178], [0.0004221365670673549, -0.0011509029427543283, 0.0016019834438338876, -2.0386138203321025e-05, -0.000863160181324929, -0.0013521070359274745, 0.0007607538136653602, -0.0024366562720388174, 0.000769625068642199, -0.003332194173708558, 0.010135759599506855, -0.0038507049903273582, 0.0017551189521327615], [-0.00027197334566153586, 0.0017080196412280202, -0.00032411125721409917, 0.0007535889162681997, -0.0009462832822464406, 0.0014442375395447016, -0.0020829138811677694, 0.001646163989789784, -0.0008587116026319563, -0.00016329494246747345, -0.0038507049903273582, 0.013215132057666779, -0.005527106113731861], [0.0006438035634346306, -0.000679470831528306, 0.0012816645903512836, -0.002023975597694516, 0.0009202637593261898, -0.0022477537859231234, 0.0011148947523906827, -0.0015765047864988446, -0.0020752011332660913, -0.0005759837804362178, 0.0017551189521327615, -0.005527106113731861, 0.016996994614601135]], "lowlevel.mfcc.cov": [[3545.945556640625, -55.30272674560547, 588.4070434570312, 467.4650573730469, 268.534423828125, 359.5000305175781, 142.54673767089844, 122.68070220947266, 242.1639404296875, 129.55393981933594, 75.4428939819336, 57.68122863769531, -15.960395812988281], [-55.30272674560547, 1829.9140625, -17.915485382080078, 639.9264526367188, 433.4956970214844, 234.67555236816406, 339.7684326171875, 416.0361328125, 188.6431121826172, 246.20265197753906, 162.421630859375, 102.00467681884766, 68.28884887695312], [588.4070434570312, -17.915485382080078, 1450.2735595703125, 447.51434326171875, 256.3592224121094, 469.61199951171875, 240.46212768554688, 7.547576427459717, 305.3960876464844, 116.24578094482422, -28.290843963623047, 104.45274353027344, 37.83559799194336], [467.4650573730469, 639.9264526367188, 447.51434326171875, 865.4784545898438, 401.16754150390625, 234.9009552001953, 118.49254608154297, 167.1812744140625, 203.85870361328125, 143.2042694091797, 16.57455062866211, 60.37178039550781, 99.00424194335938], [268.534423828125, 433.4956970214844, 256.3592224121094, 401.16754150390625, 511.40118408203125, 246.6739044189453, 191.3636016845703, 208.40579223632812, 173.46282958984375, 168.4761199951172, 77.03582000732422, 83.4341049194336, 95.26496124267578], [359.5000305175781, 234.67555236816406, 469.61199951171875, 234.9009552001953, 246.6739044189453, 620.3442993164062, 361.7074279785156, 186.15882873535156, 246.69461059570312, 140.66099548339844, 59.6832275390625, 127.59919738769531, 49.605865478515625], [142.54673767089844, 339.7684326171875, 240.46212768554688, 118.49254608154297, 191.3636016845703, 361.7074279785156, 447.141357421875, 262.9764709472656, 161.92359924316406, 137.5978240966797, 109.9333724975586, 87.84114837646484, 31.059898376464844], [122.68070220947266, 416.0361328125, 7.547576427459717, 167.1812744140625, 208.40579223632812, 186.15882873535156, 262.9764709472656, 345.99871826171875, 157.41957092285156, 125.85779571533203, 114.86400604248047, 70.94798278808594, 57.43532180786133], [242.1639404296875, 188.6431121826172, 305.3960876464844, 203.85870361328125, 173.46282958984375, 246.69461059570312, 161.92359924316406, 157.41957092285156, 281.3011474609375, 151.36380004882812, 51.1138801574707, 75.22126770019531, 56.610939025878906], [129.55393981933594, 246.20265197753906, 116.24578094482422, 143.2042694091797, 168.4761199951172, 140.66099548339844, 137.5978240966797, 125.85779571533203, 151.36380004882812, 210.8780975341797, 101.96165466308594, 58.820308685302734, 52.9246711730957], [75.4428939819336, 162.421630859375, -28.290843963623047, 16.57455062866211, 77.03582000732422, 59.6832275390625, 109.9333724975586, 114.86400604248047, 51.1138801574707, 101.96165466308594, 155.17494201660156, 64.12151336669922, 19.688344955444336], [57.68122863769531, 102.00467681884766, 104.45274353027344, 60.37178039550781, 83.4341049194336, 127.59919738769531, 87.84114837646484, 70.94798278808594, 75.22126770019531, 58.820308685302734, 64.12151336669922, 138.5019989013672, 68.02498626708984], [-15.960395812988281, 68.28884887695312, 37.83559799194336, 99.00424194335938, 95.26496124267578, 49.605865478515625, 31.059898376464844, 57.43532180786133, 56.610939025878906, 52.9246711730957, 19.688344955444336, 68.02498626708984, 126.3868408203125]], "lowlevel.mfcc.icov": [[0.00034712033811956644, 0.0001354083069600165, -3.7229106965241954e-05, -0.00022574201284442097, -3.3545053156558424e-05, -0.00013514354941435158, 0.00012282305397093296, -0.00011765114322770387, -6.97734285495244e-05, -8.880366294761188e-06, -0.0002365326799917966, -3.613825128923054e-06, 0.000334022450260818], [0.0001354083069600165, 0.0011482244590297341, 0.0002812150924000889, -0.0009025536710396409, -9.645704267313704e-05, 0.0001489367859903723, -0.00038399756886065006, -0.0006970310350880027, 0.00031524180667474866, -0.0006631523719988763, 0.0001154579222202301, -0.0005695142317563295, 0.0008699317113496363], [-3.7229106965241954e-05, 0.0002812150924000889, 0.0014641990419477224, -0.0006887377239763737, -0.0002175821573473513, -0.00016115716425701976, -0.0010024001821875572, 0.0013689979678019881, -0.0013219085521996021, 0.00027894487720914185, 0.00037126592360436916, -0.0006237709894776344, 0.0005492090131156147], [-0.00022574201284442097, -0.0009025536710396409, -0.0006887377239763737, 0.002932777162641287, -0.001192104653455317, -0.0002279342443216592, 0.0010296594118699431, -0.000273693265626207, -0.00024361418036278337, 0.00017002009553834796, 0.0005481595289893448, 0.0008485018042847514, -0.0012768310261890292], [-3.3545053156558424e-05, -9.645704267313704e-05, -0.0002175821573473513, -0.001192104653455317, 0.004343308508396149, -0.0006929235532879829, 0.0002857915824279189, -0.0013640971155837178, 0.000809496094007045, -0.0016685585724189878, 4.9954131100093946e-05, 0.00011281668412266299, -0.001137700048275292], [-0.00013514354941435158, 0.0001489367859903723, -0.00016115716425701976, -0.0002279342443216592, -0.0006929235532879829, 0.004847312346100807, -0.0035245742183178663, 0.0011858331272378564, -0.002094126073643565, 0.0003575799346435815, 0.0012999573955312371, -0.002315354300662875, 0.0009082453907467425], [0.00012282305397093296, -0.00038399756886065006, -0.0010024001821875572, 0.0010296594118699431, 0.0002857915824279189, -0.0035245742183178663, 0.00805665273219347, -0.0047971331514418125, 0.002111205831170082, -0.0013838433660566807, -0.0009938461007550359, 0.0005896134534850717, 0.0005558280972763896], [-0.00011765114322770387, -0.0006970310350880027, 0.0013689979678019881, -0.000273693265626207, -0.0013640971155837178, 0.0011858331272378564, -0.0047971331514418125, 0.009882091544568539, -0.004512279760092497, 0.002778856083750725, -0.0031350706703960896, 0.0009355539223179221, -0.0017405054531991482], [-6.97734285495244e-05, 0.00031524180667474866, -0.0013219085521996021, -0.00024361418036278337, 0.000809496094007045, -0.002094126073643565, 0.002111205831170082, -0.004512279760092497, 0.01074216514825821, -0.006054204422980547, 0.0026778143364936113, -0.0012534585548564792, 0.00013201656111050397], [-8.880366294761188e-06, -0.0006631523719988763, 0.00027894487720914185, 0.00017002009553834796, -0.0016685585724189878, 0.0003575799346435815, -0.0013838433660566807, 0.002778856083750725, -0.006054204422980547, 0.013396979309618473, -0.007209388073533773, 0.002692877547815442, -0.002889434341341257], [-0.0002365326799917966, 0.0001154579222202301, 0.00037126592360436916, 0.0005481595289893448, 4.9954131100093946e-05, 0.0012999573955312371, -0.0009938461007550359, -0.0031350706703960896, 0.0026778143364936113, -0.007209388073533773, 0.015082832425832748, -0.006595225539058447, 0.003507931251078844], [-3.613825128923054e-06, -0.0005695142317563295, -0.0006237709894776344, 0.0008485018042847514, 0.00011281668412266299, -0.002315354300662875, 0.0005896134534850717, 0.0009355539223179221, -0.0012534585548564792, 0.002692877547815442, -0.006595225539058447, 0.015328984707593918, -0.0077063036151230335], [0.000334022450260818, 0.0008699317113496363, 0.0005492090131156147, -0.0012768310261890292, -0.001137700048275292, 0.0009082453907467425, 0.0005558280972763896, -0.0017405054531991482, 0.00013201656111050397, -0.002889434341341257, 0.003507931251078844, -0.0077063036151230335, 0.014227686449885368]], "metadata.audio_properties.analysis.downmix": "mix", "metadata.audio_properties.codec": "mp3", "metadata.audio_properties.md5_encoded": "98f76f5c8c6c33fab64b791652c822c5", "metadata.tags.file_name": "1183701755431751690.mp3", "metadata.version.essentia": "2.1-beta6-dev", "metadata.version.essentia_git_sha": "v2.1_beta5-1110-g77a6a954", "metadata.version.extractor": "music 2.0", "tonal.chords_key": "Bb", "tonal.chords_scale": "major", "tonal.key_edma.key": "Bb", "tonal.key_edma.scale": "minor", "tonal.key_krumhansl.key": "Bb", "tonal.key_krumhansl.scale": "minor", "tonal.key_temperley.key": "Bb", "tonal.key