{"song_id": "1183690668397297774", "download": "https://cdn.discordapp.com/attachments/1135903449314238464/1183690668397297774/chirp.mp4?ex=658940d7&amp", "lyrics": "\u05e8\u05e7\u05d3\u05d9 \u05db\u05e2\u05e9\u05df \u05d1\u05e6\u05d1\u05e2\u05d9\u05dd\n\u05d0\u05dc \u05de\u05d5\u05dc \u05d4\u05e8\u05d5\u05d7\n\u05e1\u05e4\u05e8\u05d9 \u05d0\u05d9\u05da \u05d6\u05d4 \u05dc\u05e9\u05db\u05d5\u05d7\n\u05e9\u05e4\u05e2\u05dd \u05d4\u05d9\u05d9\u05ea \u05d0\u05d3\u05dd\n\u05d5\u05d0\u05d9\u05da \u05d2\u05d5\u05e4\u05da \u05d1\u05d5\u05e2\u05e8 \u05d6\u05d5\u05d4\u05e8\n\u05de\u05ea\u05d5\u05da \u05ea\u05e0\u05d5\u05e2\u05d5\u05ea\u05d9\u05da\n\u05de\u05e6\u05d9\u05ea \u05d0\u05ea \u05db\u05dc \u05de\u05d9 \u05e9\u05de\u05d1\u05d9\u05d8\n\u05d0\u05dc\u05d9\u05da", "style": ["ethnic dance"], "essentia_features": {"lowlevel.average_loudness": 0.9491696953773499, "lowlevel.barkbands_crest.mean": 10.664289474487305, "lowlevel.barkbands_crest.stdev": 3.4253151416778564, "lowlevel.barkbands_flatness_db.mean": 0.1603158861398697, "lowlevel.barkbands_flatness_db.stdev": 0.0469052717089653, "lowlevel.barkbands_kurtosis.mean": 2.0669655799865723, "lowlevel.barkbands_kurtosis.stdev": 2.923407554626465, "lowlevel.barkbands_skewness.mean": 0.49279895424842834, "lowlevel.barkbands_skewness.stdev": 0.7335553169250488, "lowlevel.barkbands_spread.mean": 21.018774032592773, "lowlevel.barkbands_spread.stdev": 12.195008277893066, "lowlevel.dissonance.mean": 0.4646487832069397, "lowlevel.dissonance.stdev": 0.03046194463968277, "lowlevel.dynamic_complexity": 2.661409378051758, "lowlevel.erbbands_crest.mean": 15.656014442443848, "lowlevel.erbbands_crest.stdev": 5.418651580810547, "lowlevel.erbbands_flatness_db.mean": 0.23260197043418884, "lowlevel.erbbands_flatness_db.stdev": 0.04945489764213562, "lowlevel.erbbands_kurtosis.mean": 3.7690515518188477, "lowlevel.erbbands_kurtosis.stdev": 4.489145278930664, "lowlevel.erbbands_skewness.mean": 1.4529412984848022, "lowlevel.erbbands_skewness.stdev": 0.9674003720283508, "lowlevel.erbbands_spread.mean": 22.721004486083984, "lowlevel.erbbands_spread.stdev": 13.849508285522461, "lowlevel.hfc.mean": 44.09922409057617, "lowlevel.hfc.stdev": 47.8460578918457, "lowlevel.loudness_ebu128.integrated": -15.530936241149902, "lowlevel.loudness_ebu128.loudness_range": 4.12436580657959, "lowlevel.loudness_ebu128.momentary.mean": -16.164276123046875, "lowlevel.loudness_ebu128.momentary.stdev": 2.572824001312256, "lowlevel.loudness_ebu128.short_term.mean": -15.686025619506836, "lowlevel.loudness_ebu128.short_term.stdev": 1.7359263896942139, "lowlevel.melbands_crest.mean": 13.266783714294434, "lowlevel.melbands_crest.stdev": 3.7767832279205322, "lowlevel.melbands_flatness_db.mean": 0.1493052840232849, "lowlevel.melbands_flatness_db.stdev": 0.0489550456404686, "lowlevel.melbands_kurtosis.mean": 4.462290287017822, "lowlevel.melbands_kurtosis.stdev": 4.406983375549316, "lowlevel.melbands_skewness.mean": 0.6697320342063904, "lowlevel.melbands_skewness.stdev": 0.8041161894798279, "lowlevel.melbands_spread.mean": 39.14942169189453, "lowlevel.melbands_spread.stdev": 26.491121292114258, "lowlevel.pitch_salience.mean": 0.5146786570549011, "lowlevel.pitch_salience.stdev": 0.08106105029582977, "lowlevel.silence_rate_20dB.mean": 1.0, "lowlevel.silence_rate_20dB.stdev": 0.0, "lowlevel.silence_rate_30dB.mean": 0.9990196228027344, "lowlevel.silence_rate_30dB.stdev": 0.03129583224654198, "lowlevel.silence_rate_60dB.mean": 0.04411764815449715, "lowlevel.silence_rate_60dB.stdev": 0.2053544819355011, "lowlevel.spectral_centroid.mean": 1984.8876953125, "lowlevel.spectral_centroid.stdev": 653.4188232421875, "lowlevel.spectral_complexity.mean": 12.745098114013672, "lowlevel.spectral_complexity.stdev": 8.184747695922852, "lowlevel.spectral_decrease.mean": -4.439575373993421e-09, "lowlevel.spectral_decrease.stdev": 3.441899210088195e-09, "lowlevel.spectral_energy.mean": 0.020755911245942116, "lowlevel.spectral_energy.stdev": 0.01585819199681282, "lowlevel.spectral_energyband_high.mean": 0.0025635496713221073, "lowlevel.spectral_energyband_high.stdev": 0.004722710698843002, "lowlevel.spectral_energyband_low.mean": 0.0006442972808144987, "lowlevel.spectral_energyband_low.stdev": 0.0006677921046502888, "lowlevel.spectral_energyband_middle_high.mean": 0.01630864106118679, "lowlevel.spectral_energyband_middle_high.stdev": 0.014042568393051624, "lowlevel.spectral_energyband_middle_low.mean": 0.0014069251483306289, "lowlevel.spectral_energyband_middle_low.stdev": 0.00322859943844378, "lowlevel.spectral_entropy.mean": 7.780410289764404, "lowlevel.spectral_entropy.stdev": 0.3677467107772827, "lowlevel.spectral_flux.mean": 0.06942372769117355, "lowlevel.spectral_flux.stdev": 0.041066717356443405, "lowlevel.spectral_kurtosis.mean": 1.6830143928527832, "lowlevel.spectral_kurtosis.stdev": 1.5651333332061768, "lowlevel.spectral_rms.mean": 0.004188643768429756, "lowlevel.spectral_rms.stdev": 0.0016446642111986876, "lowlevel.spectral_rolloff.mean": 3634.88330078125, "lowlevel.spectral_rolloff.stdev": 2746.73095703125, "lowlevel.spectral_skewness.mean": 1.2260305881500244, "lowlevel.spectral_skewness.stdev": 0.34814324975013733, "lowlevel.spectral_spread.mean": 6155813.0, "lowlevel.spectral_spread.stdev": 1876895.5, "lowlevel.spectral_strongpeak.mean": 3.353938341140747, "lowlevel.spectral_strongpeak.stdev": 1.7670247554779053, "lowlevel.zerocrossingrate.mean": 0.12222015112638474, "lowlevel.zerocrossingrate.stdev": 0.06138516589999199, "metadata.audio_properties.analysis.equal_loudness": 0.0, "metadata.audio_properties.analysis.length": 23.658662796020508, "metadata.audio_properties.analysis.sample_rate": 44100.0, "metadata.audio_properties.analysis.start_time": 0.0, "metadata.audio_properties.bit_rate": 121832.0, "metadata.audio_properties.length": 23.658666610717773, "metadata.audio_properties.lossless": 0.0, "metadata.audio_properties.number_channels": 1.0, "metadata.audio_properties.replay_gain": -11.0396728515625, "metadata.audio_properties.sample_rate": 48000.0, "rhythm.beats_count": 27.0, "rhythm.beats_loudness.mean": 0.03142661228775978, "rhythm.beats_loudness.stdev": 0.01758899725973606, "rhythm.bpm": 69.6828384399414, "rhythm.bpm_histogram_first_peak_bpm": 69.0, "rhythm.bpm_histogram_first_peak_weight": 0.26923078298568726, "rhythm.bpm_histogram_second_peak_bpm": 0.0, "rhythm.bpm_histogram_second_peak_spread": 0.0, "rhythm.bpm_histogram_second_peak_weight": 0.0, "rhythm.danceability": 1.172436237335205, "rhythm.onset_rate": 5.28033447265625, "tonal.chords_changes_rate": 0.056751467287540436, "tonal.chords_number_rate": 0.007827788591384888, "tonal.chords_strength.mean": 0.43834805488586426, "tonal.chords_strength.stdev": 0.05536271259188652, "tonal.hpcp_crest.mean": 24.408920288085938, "tonal.hpcp_crest.stdev": 9.514851570129395, "tonal.hpcp_entropy.mean": 0.9531916975975037, "tonal.hpcp_entropy.stdev": 0.72260582447052, "tonal.key_edma.strength": 0.5611880421638489, "tonal.key_krumhansl.strength": 0.5543650984764099, "tonal.key_temperley.strength": 0.5442408919334412, "tonal.tuning_diatonic_strength": 0.4805390238761902, "tonal.tuning_equal_tempered_deviation": 0.03538450971245766, "tonal.tuning_frequency": 442.2933654785156, "tonal.tuning_nontempered_energy_ratio": 0.6459035873413086, "lowlevel.barkbands.mean": [8.817080015433021e-06, 0.00017722751363180578, 0.00031327182659879327, 0.0002648137742653489, 0.000305805413518101, 0.00024151366960722953, 0.0002703690843190998, 0.00012988313392270356, 0.000155099289258942, 0.00010295561514794827, 0.005676235072314739, 0.0055396235547959805, 0.000625730725005269, 0.00010235111403744668, 0.0002136042749043554, 0.0033542276360094547, 0.00012152764975326136, 0.00010967392881866544, 0.000369574932847172, 0.0002526657481212169, 0.00022487585374619812, 0.00027542782481759787, 0.00041487484122626483, 0.0009399986593052745, 0.000548555632121861, 1.7059233869076706e-05, 1.511019576128092e-07], "lowlevel.barkbands.stdev": [1.4614937754231505e-05, 0.0001670833444222808, 0.0003838952397927642, 0.0009122475748881698, 0.001365373726002872, 0.0006786712328903377, 0.0011182926828041673, 0.0005563472514040768, 0.001035096705891192, 0.0003149068506900221, 0.004909408278763294, 0.006201001815497875, 0.0018851816421374679, 0.00025218792143277824, 0.0005712621496059, 0.004889925010502338, 0.00022726741735823452, 0.00022662518313154578, 0.0008030335884541273, 0.000330716953612864, 0.00030718493508175015, 0.00048617005813866854, 0.0009953225962817669, 0.0020972506608814, 0.001438378356397152, 4.5009932364337146e-05, 5.127926101522462e-07], "lowlevel.erbbands.mean": [0.004682943224906921, 0.04491272568702698, 0.22610536217689514, 0.8085888624191284, 1.04159677028656, 0.7314000129699707, 1.4471728801727295, 2.0482752323150635, 3.6737022399902344, 3.9541122913360596, 2.489881753921509, 3.135601282119751, 4.319406032562256, 15.912919998168945, 310.8129577636719, 271.6376647949219, 47.9220085144043, 7.305634498596191, 8.98610782623291, 89.61041259765625, 115.30011749267578, 10.117992401123047, 6.010826110839844, 17.075613021850586, 14.96770191192627, 11.681015014648438, 8.730072975158691, 9.591099739074707, 7.984105110168457, 15.347748756408691, 10.31049633026123, 10.082435607910156, 20.33966064453125, 10.294266700744629, 1.5914357900619507, 0.16080035269260406, 0.021012082695961, 0.0023511352483183146, 0.00010257813119096681, 4.2517713154666126e-05], "lowlevel.erbbands.stdev": [0.004526689648628235, 0.03926810249686241, 0.24857765436172485, 1.5429584980010986, 6.341551303863525, 2.9911692142486572, 5.988087177276611, 6.439660549163818, 14.724726676940918, 17.397754669189453, 11.176802635192871, 18.501750946044922, 25.96466636657715, 15.292804718017578, 259.9619445800781, 308.0416259765625, 92.98790740966797, 13.756969451904297, 19.96216583251953, 131.16673278808594, 172.54360961914062, 15.216817855834961, 11.852652549743652, 41.55019760131836, 27.91259765625, 15.163586616516113, 11.0443696975708, 13.603985786437988, 14.984894752502441, 30.963523864746094, 24.936233520507812, 19.188396453857422, 49.68846130371094, 26.218286514282227, 4.926070213317871, 0.428107887506485, 0.06423091888427734, 0.006864168681204319, 0.0002080362319247797, 4.698898919741623e-05], "lowlevel.gfcc.mean": [-19.931367874145508, 24.54102897644043, -152.16244506835938, 36.10149383544922, -59.02824783325195, 61.82098388671875, -41.36722946166992, 4.462580680847168, -37.68632507324219, -9.87944221496582, -3.0054798126220703, 7.519171237945557, 5.64929723739624], "lowlevel.melbands.mean": [4.865611845161766e-05, 0.00010774441761896014, 0.00014591534272767603, 6.035617116140202e-05, 4.8374931793659925e-05, 4.9038273573387414e-05, 5.612563109025359e-05, 4.028599869343452e-05, 1.9098732082056813e-05, 2.106622196151875e-05, 1.9799032088485546e-05, 1.5931325833662413e-05, 0.0007787022623233497, 0.0008250954560935497, 0.00040185704710893333, 3.212632145732641e-05, 9.75229613686679e-06, 1.094022263714578e-05, 1.8374597857473418e-05, 0.00029499357333406806, 8.275826985482126e-05, 7.565508894913364e-06, 4.909151812171331e-06, 5.912677352171158e-06, 1.527260974398814e-05, 1.1069590073020663e-05, 9.26188840821851e-06, 7.768244358885568e-06, 5.4275246839097235e-06, 5.824366326123709e-06, 5.43858823220944e-06, 4.26023416366661e-06, 5.557646090892376e-06, 9.615535418561194e-06, 6.080517778173089e-06, 4.221541530569084e-06, 7.5721363828051835e-06, 1.4091071534494404e-05, 1.473208158131456e-05, 7.051902230159612e-06], "lowlevel.melbands.stdev": [4.6353939978871495e-05, 0.00010674798977561295, 0.00040697259828448296, 0.00030604255152866244, 0.0001993266341742128, 0.00014315324369817972, 0.00022220495156943798, 0.000172200016095303, 9.164857328869402e-05, 0.00012966243957635015, 0.0001276209659408778, 4.179605093668215e-05, 0.0006687553832307458, 0.0007022934150882065, 0.0006224247044883668, 7.21026590326801e-05, 2.2878548406879418e-05, 2.849083102773875e-05, 4.701060970546678e-05, 0.0004301191074773669, 0.00013181638496462256, 1.4320874470286071e-05, 9.295229574490804e-06, 1.2889398021798115e-05, 3.841986836050637e-05, 2.5595292754587717e-05, 1.5276740668923594e-05, 1.0508774721529335e-05, 7.037267096166033e-06, 8.52845550980419e-06, 8.099797014438082e-06, 8.548289770260453e-06, 1.041172436089255e-05, 2.1222860596026294e-05, 1.5594585420330986e-05, 1.043491738528246e-05, 1.3613560440717265e-05, 3.3876989618875086e-05, 3.6722289223689586e-05, 1.9256627638242207e-05], "lowlevel.melbands128.mean": [3.5991990898764925e-06, 2.626394052640535e-05, 8.40481516206637e-05, 6.216880137799308e-05, 6.167415995150805e-05, 0.00019323705055285245, 0.00017530609329696745, 0.00012212162255309522, 0.00011981168790953234, 4.532076491159387e-05, 2.965804196719546e-05, 5.634787885355763e-05, 5.322850483935326e-05, 3.996381929027848e-05, 3.6017507227370515e-05, 6.148069223854691e-05, 7.306450424948707e-05, 4.578768493956886e-05, 4.878024265053682e-05, 5.06337164551951e-05, 3.2219733839156106e-05, 2.1103895051055588e-05, 1.6544790923944674e-05, 1.6995305486489087e-05, 1.9784638425335288e-05, 1.880909621831961e-05, 3.4345492167631164e-05, 1.8548247680882923e-05, 1.0079864296130836e-05, 1.2870971659140196e-05, 1.931439692270942e-05, 1.912822699523531e-05, 0.00037982797948643565, 0.0022659411188215017, 0.0003444691828917712, 0.0005872190231457353, 0.001147150294855237, 0.00027511437656357884, 0.00010504707461223006, 3.8050529838074e-05, 2.2197798898559995e-05, 1.0438524441269692e-05, 7.982261195138562e-06, 1.1311535672575701e-05, 8.708207133167889e-06, 1.0678231774363667e-05, 1.3271908755996265e-05, 1.4052530787012074e-05, 1.8956867279484868e-05, 3.9982936868909746e-05, 0.0005081251729279757, 0.00038005399983376265, 2.88606715912465e-05, 1.2002577932435088e-05, 8.42948975332547e-06, 7.665055818506517e-06, 6.541717539221281e-06, 5.0272410589968786e-06, 4.542446276900591e-06, 4.172231911070412e-06, 4.236937002133345e-06, 6.726122137479251e-06, 1.834650174714625e-05, 1.6952761143329553e-05, 1.1704205462592654e-05, 9.85084170679329e-06, 1.1375839676475152e-05, 1.2196902389405295e-05, 7.768755494907964e-06, 7.354496574407676e-06, 6.132927410362754e-06, 1.0277984983986244e-05, 7.291495421668515e-06, 3.399077286303509e-06, 4.22081120632356e-06, 6.8071003624936566e-06, 5.664874151989352e-06, 5.754370249633212e-06, 5.907504146307474e-06, 4.450368578545749e-06, 4.7595181058568414e-06, 4.0701747821003664e-06, 3.367391855135793e-06, 4.301908575143898e-06, 8.174505637725815e-06, 1.1857241588586476e-05, 8.743755643081386e-06, 8.636939128336962e-06, 4.8674373829271644e-06, 5.352550488169072e-06, 5.856255484104622e-06, 3.5518414733815007e-06, 2.2218785034056054e-06, 3.6799651752517093e-06, 1.4925529285392258e-05, 1.4194022696756292e-05, 1.1629166692728177e-05, 1.6948739357758313e-05, 1.859852454799693e-05, 1.1781955436163116e-05, 7.08874904375989e-06, 6.909173862368334e-06, 6.286221378104528e-06, 2.4705034320504637e-06, 5.716544251299638e-07, 4.631446586245147e-07, 5.169405881133571e-07, 4.1875031797644624e-07, 1.8914936106284586e-07, 4.103072015482212e-08, 2.7733205953950346e-08, 3.9790027273056694e-08, 9.492725894233445e-08, 4.1653404281305484e-08, 5.1312259330416055e-08, 1.4815904059162222e-08, 5.786882084635181e-09, 1.122739567982478e-09, 2.614954476912179e-12, 2.4971402983603452e-12, 2.407957513939074e-12, 2.337650038819472e-12, 2.279510564681675e-12, 2.2222813866878965e-12, 2.144795408984268e-12, 2.045757443655538e-12, 1.9874087184984512e-12, 1.9680145100370305e-12], "lowlevel.melbands128.stdev": [6.2499407249561045e-06, 2.6412793886265717e-05, 8.459523087367415e-05, 5.902723933104426e-05, 5.9657872043317184e-05, 0.0002460653777234256, 0.00029960155370645225, 0.0006088047521188855, 0.0008439352386631072, 0.0002840278029907495, 0.00016151682939380407, 0.0002961699792649597, 0.0002672318369150162, 0.00015496305422857404, 0.00017193879466503859, 0.0002009807067224756, 0.00027859711553901434, 0.00028045004000887275, 0.0002636565768625587, 0.000271519529633224, 0.00015353331400547177, 0.00012869105557911098, 9.324913116870448e-05, 0.0001569742598803714, 0.00016848287486936897, 0.0001390069373883307, 0.0003623447846621275, 9.646045509725809e-05, 3.3460404665675014e-05, 3.840784847852774e-05, 6.408895569620654e-05, 5.045398938818835e-05, 0.0003650100843515247, 0.0019516776083037257, 0.0003441913577262312, 0.0007482501678168774, 0.0014913963386788964, 0.0008687259396538138, 0.000363165425369516, 9.914320980897173e-05, 4.507214543991722e-05, 2.642010986164678e-05, 1.8427926988806576e-05, 3.667969940579496e-05, 2.6655103283701465e-05, 3.010527325386647e-05, 4.578146763378754e-05, 4.582992914947681e-05, 5.4438387451227754e-05, 0.00011339242337271571, 0.0007598239462822676, 0.000589453789871186, 0.00010689297778299078, 2.950276575575117e-05, 1.9866542061208747e-05, 1.6653164493618533e-05, 1.2321821486693807e-05, 1.1009972695319448e-05, 1.0581516107777134e-05, 9.499167390458751e-06, 1.1784856724261772e-05, 1.398305994371185e-05, 5.0462898798286915e-05, 4.639314647647552e-05, 3.9818081859266385e-05, 2.7532931198948063e-05, 2.4903112716856413e-05, 2.719717849686276e-05, 1.343708936474286e-05, 1.2873029845650308e-05, 9.412346116732806e-06, 1.7300179024459794e-05, 1.1263004125794396e-05, 5.232028343016282e-06, 7.279641067725606e-06, 1.0572615792625584e-05, 9.946538739313837e-06, 9.42365477385465e-06, 9.370839507027995e-06, 7.970804290380329e-06, 1.0687849680834915e-05, 9.636644790589344e-06, 7.419599569402635e-06, 1.005442754831165e-05, 1.5193093531706836e-05, 2.238161687273532e-05, 2.5189558073179796e-05, 2.4151700927177444e-05, 1.3381777534959838e-05, 1.324584172834875e-05, 1.3968452549306676e-05, 1.0588738405203912e-05, 6.5658005041768774e-06, 9.019694516609889e-06, 2.6460114895598963e-05, 2.9976285077282228e-05, 3.494320117169991e-05, 4.99762682011351e-05, 4.8003650590544567e-05, 2.9857681511202827e-05, 2.1982234102324583e-05, 1.902530675579328e-05, 1.854876427387353e-05, 9.102631338464562e-06, 3.1672891509515466e-06, 2.1766948066215264e-06, 1.346191766060656e-06, 1.0361678732806467e-06, 6.15706426287943e-07, 2.3526899894932285e-07, 1.9039863730085926e-07, 1.457053571130018e-07, 3.55279155428434e-07, 1.351449867570409e-07, 2.1988023490848718e-07, 5.2022596008782784e-08, 1.9160484754365825e-08, 5.032958938500087e-09, 3.976071642070034e-12, 3.831825481914741e-12, 3.708905578492239e-12, 3.599954319019605e-12, 3.5065498681791096e-12, 3.4312251390861137e-12, 3.3660021384745997e-12, 3.3149461908105193e-12, 3.278178293056322e-12, 3.2559042267843452e-12], "lowlevel.mfcc.mean": [-650.2571411132812, 42.43114471435547, -10.462246894836426, -13.392441749572754, 14.739678382873535, 23.66897964477539, 23.12864875793457, 10.027048110961914, -2.758944272994995, -19.781742095947266, -20.36549186706543, 7.129824161529541, 30.443910598754883], "lowlevel.spectral_contrast_coeffs.mean": [-0.7582760453224182, -0.8016942143440247, -0.615756094455719, -0.7220942378044128, -0.8038262724876404, -0.7776309847831726], "lowlevel.spectral_contrast_coeffs.stdev": [0.07029149681329727, 0.06167418137192726, 0.09226386249065399, 0.04973578453063965, 0.031349483877420425, 0.02941231057047844], "lowlevel.spectral_contrast_valleys.mean": [-7.9961700439453125, -8.042285919189453, -7.580325126647949, -7.68199348449707, -7.57021427154541, -9.2901029586792], "lowlevel.spectral_contrast_valleys.stdev": [0.8874613642692566, 1.011171817779541, 0.9138644933700562, 0.9468663930892944, 0.9790520668029785, 0.9761532545089722], "rhythm.beats_loudness_band_ratio.mean": [0.0579010546207428, 0.03214948996901512, 0.008577742613852024, 0.6256425380706787, 0.1821344494819641, 0.11109194904565811], "rhythm.beats_loudness_band_ratio.stdev": [0.1039511114358902, 0.08327753841876984, 0.010913017205893993, 0.21253809332847595, 0.07886247336864471, 0.12281620502471924], "tonal.hpcp.mean": [0.013167345896363258, 0.011323886923491955, 0.012912786565721035, 0.011580496095120907, 0.011009925045073032, 0.01674969121813774, 0.023554766550660133, 0.045110687613487244, 0.5065671801567078, 0.9372400641441345, 0.4899642765522003, 0.03987528011202812, 0.026772238314151764, 0.02691049315035343, 0.1346820592880249, 0.35564902424812317, 0.24722424149513245, 0.034812942147254944, 0.05349242314696312, 0.042930636554956436, 0.022434193640947342, 0.021297426894307137, 0.018023155629634857, 0.019399382174015045, 0.020005997270345688, 0.017353089526295662, 0.013307526707649231, 0.012162575498223305, 0.014729682356119156, 0.03514827415347099, 0.05725238472223282, 0.038792144507169724, 0.018998635932803154, 0.018239039927721024, 0.015282528474926949, 0.01480642706155777], "tonal.hpcp.stdev": [0.05017317086458206, 0.03340885043144226, 0.03035438247025013, 0.028503665700554848, 0.02243557758629322, 0.039705466479063034, 0.06975151598453522, 0.10013730823993683, 0.16723036766052246, 0.1702672243118286, 0.15802158415317535, 0.09491428732872009, 0.06771349161863327, 0.08664245158433914, 0.13248981535434723, 0.3337472975254059, 0.22614529728889465, 0.09063516557216644, 0.140854150056839, 0.11765226721763611, 0.04541485384106636, 0.04075489938259125, 0.03938433900475502, 0.05104157701134682, 0.07069142162799835, 0.06725010275840759, 0.06828166544437408, 0.05637478455901146, 0.059839747846126556, 0.08967804163694382, 0.11882373690605164, 0.08370284736156464, 0.0732417032122612, 0.08349686861038208, 0.05639529600739479, 0.05185569077730179], "rhythm.beats_position": [0.8591383099555969, 1.7182766199111938, 2.565804958343506, 3.4017233848571777, 4.22603178024292, 5.050340175628662, 5.8978681564331055, 6.757006645202637, 7.616145133972168, 8.46367359161377, 9.334421157836914, 10.193559646606445, 11.099138259887695, 11.981496810913086, 12.8406343460083, 13.699772834777832, 14.558911323547363, 15.429659843444824, 16.30040740966797, 17.17115592956543, 18.04190444946289, 18.901042938232422, 19.771791458129883, 20.642539978027344, 21.513288497924805, 22.384035110473633, 23.254783630371094], "rhythm.bpm_histogram": [0.0, 0.0, 0.0, 0.0, 0.0, 0.0, 0.0, 0.0, 0.0, 0.0, 0.0, 0.0, 0.0, 0.0, 0.0, 0.0, 0.0, 0.0, 0.0, 0.0, 0.0, 0.0, 0.0, 0.0, 0.0, 0.0, 0.0, 0.0, 0.0, 0.0, 0.0, 0.0, 0.0, 0.0, 0.0, 0.0, 0.0, 0.0, 0.0, 0.0, 0.0, 0.0, 0.0, 0.0, 0.0, 0.0, 0.0, 0.0, 0.0, 0.0, 0.0, 0.0, 0.0, 0.0, 0.0, 0.0, 0.0, 0.0, 0.0, 0.0, 0.0, 0.0, 0.0, 0.0, 0.0, 0.0, 0.03846153989434242, 0.0, 0.03846153989434242, 0.38461539149284363, 0.3076923191547394, 0.11538461595773697, 0.03846153989434242, 0.07692307978868484, 0.0, 0.0, 0.0, 0.0, 0.0, 0.0, 0.0, 0.0, 0.0, 0.0, 0.0, 0.0, 0.0, 0.0, 0.0, 0.0, 0.0, 0.0, 0.0, 0.0, 0.0, 0.0, 0.0, 0.0, 0.0, 0.0, 0.0, 0.0, 0.0, 0.0, 0.0, 0.0, 0.0, 0.0, 0.0, 0.0, 0.0, 0.0, 0.0, 0.0, 0.0, 0.0, 0.0, 0.0, 0.0, 0.0, 0.0, 0.0, 0.0, 0.0, 0.0, 0.0, 0.0, 0.0, 0.0, 0.0, 0.0, 0.0, 0.0, 0.0, 0.0, 0.0, 0.0, 0.0, 0.0, 0.0, 0.0, 0.0, 0.0, 0.0, 0.0, 0.0, 0.0, 0.0, 0.0, 0.0, 0.0, 0.0, 0.0, 0.0, 0.0, 0.0, 0.0, 0.0, 0.0, 0.0, 0.0, 0.0, 0.0, 0.0, 0.0, 0.0, 0.0, 0.0, 0.0, 0.0, 0.0, 0.0, 0.0, 0.0, 0.0, 0.0, 0.0, 0.0, 0.0, 0.0, 0.0, 0.0, 0.0, 0.0, 0.0, 0.0, 0.0, 0.0, 0.0, 0.0, 0.0, 0.0, 0.0, 0.0, 0.0, 0.0, 0.0, 0.0, 0.0, 0.0, 0.0, 0.0, 0.0, 0.0, 0.0, 0.0, 0.0, 0.0, 0.0, 0.0, 0.0, 0.0, 0.0, 0.0, 0.0, 0.0, 0.0, 0.0, 0.0, 0.0, 0.0, 0.0, 0.0, 0.0, 0.0, 0.0, 0.0, 0.0, 0.0, 0.0, 0.0, 0.0, 0.0, 0.0, 0.0, 0.0, 0.0, 0.0, 0.0, 0.0, 0.0, 0.0, 0.0, 0.0, 0.0, 0.0, 0.0, 0.0, 0.0, 0.0], "tonal.chords_histogram": [15.264187812805176, 0.0, 26.61448097229004, 0.0, 0.0, 0.0, 0.0, 0.0, 0.0, 0.0, 0.0, 0.0, 0.0, 0.0, 0.0, 0.0, 0.0, 7.240704536437988, 0.0, 50.8806266784668, 0.0, 0.0, 0.0, 0.0], "tonal.thpcp": [1.0, 0.5227735042572021, 0.04254542663693428, 0.028564974665641785, 0.02871248684823513, 0.1437007039785385, 0.37946417927742004, 0.2637789845466614, 0.03714410215616226, 0.0570744089782238, 0.04580537974834442, 0.023936443030834198, 0.02272355556488037, 0.019230030477046967, 0.020698413252830505, 0.021345648914575577, 0.018515095114707947, 0.01419863197952509, 0.012977011501789093, 0.01571601815521717, 0.03750189021229744, 0.06108614802360535, 0.04138976335525513, 0.020270831882953644, 0.019460370764136314, 0.01630588434636593, 0.015797901898622513, 0.014049064368009567, 0.01208216231316328, 0.013777459040284157, 0.012355955317616463, 0.011747176758944988, 0.017871292307972908, 0.02513205260038376, 0.048131413757801056, 0.5404881834983826], "lowlevel.gfcc.cov": [[4921.53515625, -211.80142211914062, -245.68740844726562, 169.14785766601562, -218.35691833496094, 51.17397689819336, -239.0413360595703, 56.085689544677734, -103.68235778808594, -1.601076602935791, 103.94908905029297, -140.4294891357422, -94.85797119140625], [-211.80142211914062, 1114.0321044921875, -76.78977966308594, -14.406266212463379, -0.30025002360343933, -198.59414672851562, -24.721477508544922, -104.87057495117188, 10.396636962890625, -70.57849884033203, 130.11019897460938, -38.980892181396484, 85.95880889892578], [-245.68740844726562, -76.78977966308594, 464.6676330566406, -54.909950256347656, -117.20173645019531, -54.346683502197266, -88.48483276367188, 32.804725646972656, 25.307689666748047, 68.94934844970703, -125.61503601074219, 70.37504577636719, -82.7623519897461], [169.14785766601562, -14.406266212463379, -54.909950256347656, 220.6199493408203, 91.13065338134766, 48.814178466796875, 24.229656219482422, -40.82904815673828, -53.409664154052734, -23.14333152770996, 54.83763885498047, 16.368289947509766, 33.71852493286133], [-218.35691833496094, -0.30025002360343933, -117.20173645019531, 91.13065338134766, 236.80917358398438, 124.93595886230469, 90.35635375976562, -38.69118881225586, -35.82758712768555, -40.43857192993164, 9.461594581604004, 18.46988868713379, 48.06192398071289], [51.17397689819336, -198.59414672851562, -54.346683502197266, 48.814178466796875, 124.93595886230469, 214.5086212158203, 113.4036636352539, 16.797016143798828, -7.9235029220581055, -14.499785423278809, 3.819227695465088, 12.87773609161377, 29.818950653076172], [-239.0413360595703, -24.721477508544922, -88.48483276367188, 24.229656219482422, 90.35635375976562, 113.4036636352539, 163.7389678955078, 38.8581428527832, 0.8156258463859558, -17.18084716796875, 33.04528045654297, -4.325902938842773, 29.24059295654297], [56.085689544677734, -104.87057495117188, 32.804725646972656, -40.82904815673828, -38.69118881225586, 16.797016143798828, 38.8581428527832, 126.93948364257812, 52.450008392333984, 41.861183166503906, -5.1151347160339355, -35.410587310791016, -27.17115592956543], [-103.68235778808594, 10.396636962890625, 25.307689666748047, -53.409664154052734, -35.82758712768555, -7.9235029220581055, 0.8156258463859558, 52.450008392333984, 126.6534423828125, 50.421424865722656, -18.7133731842041, -4.537884712219238, -18.158676147460938], [-1.601076602935791, -70.57849884033203, 68.94934844970703, -23.14333152770996, -40.43857192993164, -14.499785423278809, -17.18084716796875, 41.861183166503906, 50.421424865722656, 93.18611907958984, -12.182698249816895, 5.789355754852295, -36.33147048950195], [103.94908905029297, 130.11019897460938, -125.61503601074219, 54.83763885498047, 9.461594581604004, 3.819227695465088, 33.04528045654297, -5.1151347160339355, -18.7133731842041, -12.182698249816895, 152.0325164794922, -4.585484504699707, 47.375892639160156], [-140.4294891357422, -38.980892181396484, 70.37504577636719, 16.368289947509766, 18.46988868713379, 12.87773609161377, -4.325902938842773, -35.410587310791016, -4.537884712219238, 5.789355754852295, -4.585484504699707, 104.85906982421875, 21.93788719177246], [-94.85797119140625, 85.95880889892578, -82.7623519897461, 33.71852493286133, 48.06192398071289, 29.818950653076172, 29.24059295654297, -27.17115592956543, -18.158676147460938, -36.33147048950195, 47.375892639160156, 21.93788719177246, 96.04844665527344]], "lowlevel.gfcc.icov": [[0.00039916858077049255, -0.00029230883228592575, 0.0007524098036810756, -0.0005422470276243985, 0.0008775460300967097, -0.0013539345236495137, 0.0015097783179953694, -0.0010076422477141023, 0.000677598814945668, 1.2181363672425505e-05, 0.0002204494521720335, -0.0003994637227151543, 0.0008462689584121108], [-0.00029230883228592575, 0.002345956629142165, -0.0019545676186680794, 0.001070834812708199, -0.0020079603418707848, 0.003989378456026316, -0.0026090287137776613, 0.0033254174049943686, -0.002311254385858774, 0.0010901866480708122, -0.002480877563357353, 0.0027319039218127728, -0.002371952636167407], [0.0007524098036810756, -0.0019545676186680794, 0.007048388011753559, -0.002016047714278102, 0.00428939750418067, -0.004751406144350767, 0.004946356173604727, -0.005496486555784941, 0.0035404921509325504, -0.001767635578289628, 0.004981266334652901, -0.006443534046411514, 0.004556909669190645], [-0.0005422470276243985, 0.001070834812708199, -0.002016047714278102, 0.007525376509875059, -0.003977152518928051, 0.002116893883794546, -0.0017572904471307993, 0.0030076010152697563, 0.00018161142361350358, -0.0002574825193732977, -0.003658234840258956, 0.0014614753890782595, -0.001746595255099237], [0.0008775460300967097, -0.0020079603418707848, 0.00428939750418067, -0.003977152518928051, 0.011961414478719234, -0.007863561622798443, 0.0016170372255146503, -0.0016220631077885628, 0.0030400038231164217, -0.0006845956668257713, 0.004719192162156105, -0.0035043833777308464, 0.0020491688046604395], [-0.0013539345236495137, 0.003989378456026316, -0.004751406144350767, 0.002116893883794546, -0.007863561622798443, 0.017911599949002266, -0.011830178089439869, 0.005962104070931673, -0.004661369137465954, 0.0010687600588425994, -0.0028259914834052324, 0.00413281936198473, -0.006109567359089851], [0.0015097783179953694, -0.0026090287137776613, 0.004946356173604727, -0.0017572904471307993, 0.0016170372255146503, -0.011830178089439869, 0.019897859543561935, -0.011075424961745739, 0.0038650217466056347, 0.0014548919862136245, 0.0004835314175579697, -0.004570504650473595, 0.004464399069547653], [-0.0010076422477141023, 0.0033254174049943686, -0.005496486555784941, 0.0030076010152697563, -0.0016220631077885628, 0.005962104070931673, -0.011075424961745739, 0.021222412586212158, -0.007255022879689932, -0.002850448014214635, -0.004282347857952118, 0.009866336360573769, -0.00401828158646822], [0.000677598814945668, -0.002311254385858774, 0.0035404921509325504, 0.00018161142361350358, 0.0030400038231164217, -0.004661369137465954, 0.0038650217466056347, -0.007255022879689932, 0.014748289249837399, -0.006280029192566872, 0.003850191365927458, -0.003835413372144103, 0.0018112864345312119], [1.2181363672425505e-05, 0.0010901866480708122, -0.001767635578289628, -0.0002574825193732977, -0.0006845956668257713, 0.0010687600588425994, 0.0014548919862136245, -0.002850448014214635, -0.006280029192566872, 0.018997030332684517, -0.0033799107186496258, -0.001655979547649622, 0.004409050568938255], [0.0002204494521720335, -0.002480877563357353, 0.004981266334652901, -0.003658234840258956, 0.004719192162156105, -0.0028259914834052324, 0.0004835314175579697, -0.004282347857952118, 0.003850191365927458, -0.0033799107186496258, 0.014020209200680256, -0.004057000856846571, -0.0013676933012902737], [-0.0003994637227151543, 0.0027319039218127728, -0.006443534046411514, 0.0014614753890782595, -0.0035043833777308464, 0.00413281936198473, -0.004570504650473595, 0.009866336360573769, -0.003835413372144103, -0.001655979547649622, -0.004057000856846571, 0.018764900043606758, -0.007888078689575195], [0.0008462689584121108, -0.002371952636167407, 0.004556909669190645, -0.001746595255099237, 0.0020491688046604395, -0.006109567359089851, 0.004464399069547653, -0.00401828158646822, 0.0018112864345312119, 0.004409050568938255, -0.0013676933012902737, -0.007888078689575195, 0.02077171392738819]], "lowlevel.mfcc.cov": [[3951.052490234375, -294.0611267089844, -134.25650024414062, -11.616045951843262, 71.46965789794922, -182.18145751953125, 26.653121948242188, -123.46430969238281, -114.14600372314453, 48.12332534790039, 17.25504493713379, 55.999961853027344, 61.74192428588867], [-294.0611267089844, 924.2003784179688, 41.38775634765625, 46.05443572998047, -61.93240737915039, -111.35748291015625, -98.30130004882812, -61.98883056640625, -44.42532730102539, -30.02560043334961, -34.342533111572266, 9.638684272766113, -40.306007385253906], [-134.25650024414062, 41.38775634765625, 377.0806579589844, -16.350831985473633, -38.23385238647461, -64.72637176513672, -121.65790557861328, -13.606918334960938, 7.2057929039001465, -11.415169715881348, 38.16362762451172, -38.408409118652344, -48.34571075439453], [-11.616045951843262, 46.05443572998047, -16.350831985473633, 202.91525268554688, 49.505123138427734, 36.13142776489258, 34.042598724365234, -8.953512191772461, -67.59981536865234, -69.08540344238281, -63.8801383972168, 18.87411117553711, 41.921356201171875], [71.46965789794922, -61.93240737915039, -38.23385238647461, 49.505123138427734, 116.53150939941406, 77.4861068725586, 37.098472595214844, 5.673538684844971, -17.76179313659668, -26.62964630126953, -33.175838470458984, 6.65268087387085, 26.291927337646484], [-182.18145751953125, -111.35748291015625, -64.72637176513672, 36.13142776489258, 77.4861068725586, 220.11880493164062, 80.48467254638672, 49.86068344116211, 14.568511962890625, -43.28611755371094, -37.073036193847656, 15.37186050415039, 31.484739303588867], [26.653121948242188, -98.30130004882812, -121.65790557861328, 34.042598724365234, 37.098472595214844, 80.48467254638672, 235.69580078125, 59.710323333740234, 5.887845516204834, -9.791874885559082, -61.05232620239258, 49.47251510620117, 93.00068664550781], [-123.46430969238281, -61.98883056640625, -13.606918334960938, -8.953512191772461, 5.673538684844971, 49.86068344116211, 59.710323333740234, 100.90819549560547, 38.989898681640625, 7.232666492462158, -5.968754768371582, 4.801085472106934, 20.78182601928711], [-114.14600372314453, -44.42532730102539, 7.2057929039001465, -67.59981536865234, -17.76179313659668, 14.568511962890625, 5.887845516204834, 38.989898681640625, 116.38675689697266, 60.032318115234375, 43.86794662475586, -21.667972564697266, -27.424577713012695], [48.12332534790039, -30.02560043334961, -11.415169715881348, -69.08540344238281, -26.62964630126953, -43.28611755371094, -9.791874885559082, 7.232666492462158, 60.032318115234375, 127.31005096435547, 79.14604187011719, -2.352324962615967, -34.81035232543945], [17.25504493713379, -34.342533111572266, 38.16362762451172, -63.8801383972168, -33.175838470458984, -37.073036193847656, -61.05232620239258, -5.968754768371582, 43.86794662475586, 79.14604187011719, 124.90645599365234, -10.236370086669922, -61.619873046875], [55.999961853027344, 9.638684272766113, -38.408409118652344, 18.87411117553711, 6.65268087387085, 15.37186050415039, 49.47251510620117, 4.801085472106934, -21.667972564697266, -2.352324962615967, -10.236370086669922, 80.25804138183594, 54.145572662353516], [61.74192428588867, -40.306007385253906, -48.34571075439453, 41.921356201171875, 26.291927337646484, 31.484739303588867, 93.00068664550781, 20.78182601928711, -27.424577713012695, -34.81035232543945, -61.619873046875, 54.145572662353516, 141.19911193847656]], "lowlevel.mfcc.icov": [[0.00031177030177786946, 0.00013125849363859743, 9.955254790838808e-05, 9.402722207596526e-05, -0.0003709765151143074, 0.000408602791139856, -6.427400512620807e-05, 0.00027277108165435493, 0.00023013206373434514, -7.78782123234123e-05, -5.6482145737390965e-05, -0.00014027574798092246, -5.789431816083379e-05], [0.00013125849363859743, 0.0013891840353608131, 8.97487552720122e-05, -0.00034905862412415445, 0.0004113443137612194, 0.0006390484049916267, 0.00048150087241083384, 0.000387505569960922, -0.00012966430222149938, 2.5256076696678065e-05, 0.0009879664285108447, -0.0009650966967456043, 0.0006625343230552971], [9.955254790838808e-05, 8.97487552720122e-05, 0.0034662482794374228, -0.00017981893324758857, 0.00019556234474293888, 0.0008598326239734888, 0.0014899892266839743, -0.0006428206106647849, -0.00046709689195267856, 0.001443609595298767, -0.000966122024692595, 0.0005207656649872661, -0.0002487541933078319], [9.402722207596526e-05, -0.00034905862412415445, -0.00017981893324758857, 0.007396602537482977, -0.0021176033187657595, -0.0001151406395365484, -0.0006100837490521371, -3.7485577195184305e-05, 0.002868888434022665, 0.0014523918507620692, 0.0007662663701921701, -0.00019110727589577436, -0.00024804845452308655], [-0.0003709765151143074, 0.0004113443137612194, 0.00019556234474293888, -0.0021176033187657595, 0.013447110541164875, -0.004807221703231335, 0.00022335158428177238, 0.000987206818535924, 0.0010779188014566898, -0.0014361198991537094, 0.0016180668026208878, 0.0013385760830715299, -0.0007009644177742302], [0.000408602791139856, 0.0006390484049916267, 0.0008598326239734888, -0.0001151406395365484, -0.004807221703231335, 0.008775398135185242, -0.0010966077679768205, -0.00196707621216774, -0.0023860083892941475, 0.003848917782306671, -0.0006773615605197847, -0.0018189328256994486, 0.001169876428321004], [-6.427400512620807e-05, 0.00048150087241083384, 0.0014899892266839743, -0.0006100837490521371, 0.00022335158428177238, -0.0010966077679768205, 0.008670742623507977, -0.0029266902711242437, -0.0008909338503144681, -0.0019153874600306153, 0.0032849793788045645, -0.0022891066037118435, -0.0025543144438415766], [0.00027277108165435493, 0.000387505569960922, -0.0006428206106647849, -3.7485577195184305e-05, 0.000987206818535924, -0.00196707621216774, -0.0029266902711242437, 0.01492425985634327, -0.004295526072382927, -2.8377566195558757e-05, 0.0002241932088509202, 0.0002650824608281255, -0.0010768463835120201], [0.00023013206373434514, -0.00012966430222149938, -0.00046709689195267856, 0.002868888434022665, 0.0010779188014566898, -0.0023860083892941475, -0.0008909338503144681, -0.004295526072382927, 0.016831494867801666, -0.006127085071057081, -0.0012137427693232894, 0.004371714312583208, -4.6496279537677765e-05], [-7.78782123234123e-05, 2.5256076696678065e-05, 0.001443609595298767, 0.0014523918507620692, -0.0014361198991537094, 0.003848917782306671, -0.0019153874600306153, -2.8377566195558757e-05, -0.006127085071057081, 0.018422309309244156, -0.009092983789741993, -0.0019141155062243342, 0.0008967297035269439], [-5.6482145737390965e-05, 0.0009879664285108447, -0.000966122024692595, 0.0007662663701921701, 0.0016180668026208878, -0.0006773615605197847, 0.0032849793788045645, 0.0002241932088509202, -0.0012137427693232894, -0.009092983789741993, 0.019054004922509193, -0.004200585186481476, 0.004850098863244057], [-0.00014027574798092246, -0.0009650966967456043, 0.0005207656649872661, -0.00019110727589577436, 0.0013385760830715299, -0.0018189328256994486, -0.0022891066037118435, 0.0002650824608281255, 0.004371714312583208, -0.0019141155062243342, -0.004200585186481476, 0.020316623151302338, -0.007600819226354361], [-5.789431816083379e-05, 0.0006625343230552971, -0.0002487541933078319, -0.00024804845452308655, -0.0007009644177742302, 0.001169876428321004, -0.0025543144438415766, -0.0010768463835120201, -4.6496279537677765e-05, 0.0008967297035269439, 0.004850098863244057, -0.007600819226354361, 0.014238989911973476]], "metadata.audio_properties.analysis.downmix": "mix", "metadata.audio_properties.codec": "mp3", "metadata.audio_properties.md5_encoded": "fa06dd1c2467ab56f7090c7c4ad1b9b3", "metadata.tags.file_name": "1183690668397297774.mp3", "metadata.version.essentia": "2.1-beta6-dev", "metadata.version.essentia_git_sha": "v2.1_beta5-1110-g77a6a954", "metadata.version.extractor": "music 2.0", "tonal.chords_key": "C", "tonal.chords_scale": "minor", "tonal.key_edma.key": "F", "tonal.key_edma.scale": "major", "tonal.key_krumhansl.key": "F", "tonal.key_krumhansl.scale": "major", "tonal.key_temperley.key": "F", "tonal.key_temperley.scale": "major", "metadata.tags.encoding": ["Lavf58.45.100"]}, "essentia_models": [{"model_name": "genre_dortmund", "activations": {"alternative": "0.03383625", "blues": "0.0032219316", "electronic": "0.73595226", "folkcountry": "0.0033118993", "funksoulrnb": "0.030760923", "jazz": "0.050286613", "pop": "0.014863112", "raphiphop": "0.14794366", "rock": "0.03