{"song_id": "1183689149799223306", "download": "https://cdn.discordapp.com/attachments/1135911532732108921/1183689149799223306/chirp.mp4?ex=65893f6d&amp", "lyrics": "\u0422\u0430\u043a \u0420\u0443\u0441\u043b\u0430\u043d \u0436\u0435 - \u0414\u0435\u0434 \u041c\u043e\u0440\u043e\u0437!\n\u041f\u0443\u0448\u043a\u0443 \u043d\u0430\u043c \u0441\u0435\u0433\u043e\u0434\u043d\u044f \u0432\u0432\u0435\u0437! \n\n\u041c\u043e\u0436\u0435\u0442 \u0441\u0442\u043e\u0438\u0442 \u043f\u043e\u043f\u0440\u043e\u0441\u0438\u0442\u044c?\n\u0427\u0442\u043e\u0431 \u0437\u0430\u0440\u043f\u043b\u0430\u0442\u0443 \u0432\u043e\u0437\u0440\u0430\u0441\u0442\u0438\u0442\u044c!\n\n\u0427\u0442\u043e\u0431\u044b \u043a\u044d\u0444\u044b \u0432\u0441\u0435\u043c \u0438\u043a\u0441 \u0434\u0432\u0430!\n\u0417\u0430\u0441\u043b\u0443\u0436\u0438\u043b\u0430 \u0440\u0435\u0431\u044f\u0442\u043d\u044f!\n\n\u041d\u0443, \u043a\u043e\u043b\u043b\u0435\u0433\u0438, \u0436\u043c\u0435\u043c \u043b\u0430\u0439\u043a\u043e\u0441 \n\u041a\u0442\u043e \u043c\u0435\u0447\u0442\u0430\u0435\u0442 \u0437\u0430 \u043f\u0440\u0438\u0440\u043e\u0441\u0442", "style": ["hardbass"], "essentia_features": {"lowlevel.average_loudness": 0.9756259322166443, "lowlevel.barkbands_crest.mean": 12.519043922424316, "lowlevel.barkbands_crest.stdev": 5.37164831161499, "lowlevel.barkbands_flatness_db.mean": 0.11724210530519485, "lowlevel.barkbands_flatness_db.stdev": 0.047124914824962616, "lowlevel.barkbands_kurtosis.mean": 4.229549407958984, "lowlevel.barkbands_kurtosis.stdev": 7.292403697967529, "lowlevel.barkbands_skewness.mean": 1.7594965696334839, "lowlevel.barkbands_skewness.stdev": 1.4440499544143677, "lowlevel.barkbands_spread.mean": 32.763282775878906, "lowlevel.barkbands_spread.stdev": 14.587228775024414, "lowlevel.dissonance.mean": 0.483493834733963, "lowlevel.dissonance.stdev": 0.016990019008517265, "lowlevel.dynamic_complexity": 1.0387872457504272, "lowlevel.erbbands_crest.mean": 6.629499912261963, "lowlevel.erbbands_crest.stdev": 3.2154626846313477, "lowlevel.erbbands_flatness_db.mean": 0.12165533006191254, "lowlevel.erbbands_flatness_db.stdev": 0.04526171460747719, "lowlevel.erbbands_kurtosis.mean": 0.05067264661192894, "lowlevel.erbbands_kurtosis.stdev": 1.619989037513733, "lowlevel.erbbands_skewness.mean": -0.5668606162071228, "lowlevel.erbbands_skewness.stdev": 0.5888821482658386, "lowlevel.erbbands_spread.mean": 52.6258430480957, "lowlevel.erbbands_spread.stdev": 19.67877960205078, "lowlevel.hfc.mean": 34.52897262573242, "lowlevel.hfc.stdev": 15.439970016479492, "lowlevel.loudness_ebu128.integrated": -11.262938499450684, "lowlevel.loudness_ebu128.loudness_range": 1.1263761520385742, "lowlevel.loudness_ebu128.momentary.mean": -11.305736541748047, "lowlevel.loudness_ebu128.momentary.stdev": 0.6210063099861145, "lowlevel.loudness_ebu128.short_term.mean": -11.295600891113281, "lowlevel.loudness_ebu128.short_term.stdev": 0.378495991230011, "lowlevel.melbands_crest.mean": 16.759164810180664, "lowlevel.melbands_crest.stdev": 5.3470778465271, "lowlevel.melbands_flatness_db.mean": 0.18131154775619507, "lowlevel.melbands_flatness_db.stdev": 0.05693617835640907, "lowlevel.melbands_kurtosis.mean": 25.514606475830078, "lowlevel.melbands_kurtosis.stdev": 31.356874465942383, "lowlevel.melbands_skewness.mean": 4.0131402015686035, "lowlevel.melbands_skewness.stdev": 2.479473114013672, "lowlevel.melbands_spread.mean": 27.945953369140625, "lowlevel.melbands_spread.stdev": 22.9261474609375, "lowlevel.pitch_salience.mean": 0.505024790763855, "lowlevel.pitch_salience.stdev": 0.1443728804588318, "lowlevel.silence_rate_20dB.mean": 1.0, "lowlevel.silence_rate_20dB.stdev": 0.0, "lowlevel.silence_rate_30dB.mean": 0.978563129901886, "lowlevel.silence_rate_30dB.stdev": 0.14483438432216644, "lowlevel.silence_rate_60dB.mean": 0.017960602417588234, "lowlevel.silence_rate_60dB.stdev": 0.13280808925628662, "lowlevel.spectral_centroid.mean": 2141.4833984375, "lowlevel.spectral_centroid.stdev": 474.36968994140625, "lowlevel.spectral_complexity.mean": 31.286211013793945, "lowlevel.spectral_complexity.stdev": 9.265386581420898, "lowlevel.spectral_decrease.mean": -1.3146153499121738e-08, "lowlevel.spectral_decrease.stdev": 9.305621162525313e-09, "lowlevel.spectral_energy.mean": 0.05274846404790878, "lowlevel.spectral_energy.stdev": 0.03538057953119278, "lowlevel.spectral_energyband_high.mean": 0.0019052316201850772, "lowlevel.spectral_energyband_high.stdev": 0.001000774442218244, "lowlevel.spectral_energyband_low.mean": 0.03487079590559006, "lowlevel.spectral_energyband_low.stdev": 0.0365896113216877, "lowlevel.spectral_energyband_middle_high.mean": 0.007797092664986849, "lowlevel.spectral_energyband_middle_high.stdev": 0.009326872415840626, "lowlevel.spectral_energyband_middle_low.mean": 0.008586911484599113, "lowlevel.spectral_energyband_middle_low.stdev": 0.00601346418261528, "lowlevel.spectral_entropy.mean": 7.959959983825684, "lowlevel.spectral_entropy.stdev": 0.27436625957489014, "lowlevel.spectral_flux.mean": 0.1446223109960556, "lowlevel.spectral_flux.stdev": 0.0665598064661026, "lowlevel.spectral_kurtosis.mean": 2.808718204498291, "lowlevel.spectral_kurtosis.stdev": 1.898842453956604, "lowlevel.spectral_rms.mean": 0.006782055366784334, "lowlevel.spectral_rms.stdev": 0.002337855752557516, "lowlevel.spectral_rolloff.mean": 1811.010986328125, "lowlevel.spectral_rolloff.stdev": 1959.9970703125, "lowlevel.spectral_skewness.mean": 1.1286541223526, "lowlevel.spectral_skewness.stdev": 0.3239234983921051, "lowlevel.spectral_spread.mean": 4910034.5, "lowlevel.spectral_spread.stdev": 1235509.0, "lowlevel.spectral_strongpeak.mean": 0.8076929450035095, "lowlevel.spectral_strongpeak.stdev": 1.5086143016815186, "lowlevel.zerocrossingrate.mean": 0.07653879374265671, "lowlevel.zerocrossingrate.stdev": 0.04829425364732742, "metadata.audio_properties.analysis.equal_loudness": 0.0, "metadata.audio_properties.analysis.length": 40.04265213012695, "metadata.audio_properties.analysis.sample_rate": 44100.0, "metadata.audio_properties.analysis.start_time": 0.0, "metadata.audio_properties.bit_rate": 122778.0, "metadata.audio_properties.length": 40.042667388916016, "metadata.audio_properties.lossless": 0.0, "metadata.audio_properties.number_channels": 1.0, "metadata.audio_properties.replay_gain": -13.71866226196289, "metadata.audio_properties.sample_rate": 48000.0, "rhythm.beats_count": 92.0, "rhythm.beats_loudness.mean": 0.047495339065790176, "rhythm.beats_loudness.stdev": 0.01565980352461338, "rhythm.bpm": 154.693115234375, "rhythm.bpm_histogram_first_peak_bpm": 157.0, "rhythm.bpm_histogram_first_peak_weight": 0.08823525905609131, "rhythm.bpm_histogram_second_peak_bpm": 152.0, "rhythm.bpm_histogram_second_peak_spread": 0.08333337306976318, "rhythm.bpm_histogram_second_peak_weight": 0.24175824224948883, "rhythm.danceability": 1.4310575723648071, "rhythm.onset_rate": 2.87109375, "tonal.chords_changes_rate": 0.0729166641831398, "tonal.chords_number_rate": 0.015046296641230583, "tonal.chords_strength.mean": 0.4920271635055542, "tonal.chords_strength.stdev": 0.10710345953702927, "tonal.hpcp_crest.mean": 11.674152374267578, "tonal.hpcp_crest.stdev": 6.450822830200195, "tonal.hpcp_entropy.mean": 2.455871343612671, "tonal.hpcp_entropy.stdev": 0.9038004875183105, "tonal.key_edma.strength": 0.5128574371337891, "tonal.key_krumhansl.strength": 0.530173122882843, "tonal.key_temperley.strength": 0.5477941632270813, "tonal.tuning_diatonic_strength": 0.5502761602401733, "tonal.tuning_equal_tempered_deviation": 0.17229290306568146, "tonal.tuning_frequency": 438.7310485839844, "tonal.tuning_nontempered_energy_ratio": 0.8548327684402466, "lowlevel.barkbands.mean": [0.001328544458374381, 0.02717546373605728, 0.006117481272667646, 0.0017814612947404385, 0.002240602858364582, 0.0015817312523722649, 0.0013672774657607079, 0.0006471488741226494, 0.0007214642828330398, 0.0011061140103265643, 0.0003137017774861306, 0.000717390445061028, 0.0006322943372651935, 0.00031735902302898467, 0.0005157026462256908, 0.0008839695365168154, 0.0010895158629864454, 0.000915111624635756, 0.0010618196101859212, 0.0005307117244228721, 0.0004948796122334898, 0.00043133815051987767, 0.0002546044415794313, 0.0003227991983294487, 0.0001256864343304187, 7.1494207077194e-05, 2.8233998818905093e-06], "lowlevel.barkbands.stdev": [0.0010967848356813192, 0.031193969771265984, 0.008788762614130974, 0.0021965764462947845, 0.00310019520111382, 0.0019183565163984895, 0.002004198497161269, 0.000951672438532114, 0.00233990210108459, 0.004848017357289791, 0.0006979090394452214, 0.0021328702569007874, 0.0030064769089221954, 0.0009673825697973371, 0.0012929034419357777, 0.002066164743155241, 0.0010070421267300844, 0.0008587726624682546, 0.0008428742294199765, 0.00073146668728441, 0.0003022434248123318, 0.0003231708542443812, 0.00019263870490249246, 0.00022858862939756364, 0.00014097741222940385, 0.00014733134594280273, 5.587079158431152e-06], "lowlevel.erbbands.mean": [0.6161051988601685, 6.562485218048096, 9.199405670166016, 6.283391952514648, 6.367074012756348, 8.322540283203125, 7.958612442016602, 16.52184295654297, 19.335546493530273, 17.262887954711914, 12.612196922302246, 15.612285614013672, 30.803756713867188, 24.875337600708008, 17.356441497802734, 32.77149963378906, 26.80189323425293, 17.845962524414062, 28.829965591430664, 29.639358520507812, 49.901737213134766, 60.838226318359375, 53.025238037109375, 56.55615997314453, 46.298500061035156, 24.353422164916992, 19.132495880126953, 19.69723129272461, 16.93597412109375, 9.293116569519043, 7.082677841186523, 7.649338245391846, 4.507227897644043, 1.7675161361694336, 0.7146044969558716, 0.34085115790367126, 0.12570324540138245, 0.01981680653989315, 0.00045768998097628355, 7.813784759491682e-05], "lowlevel.erbbands.stdev": [0.8124262690544128, 7.418741703033447, 11.25978946685791, 8.1707124710083, 7.954566955566406, 12.978782653808594, 8.379766464233398, 22.664142608642578, 31.86884117126465, 20.35212516784668, 19.686689376831055, 40.15974426269531, 130.9478759765625, 89.80596923828125, 38.73833084106445, 102.91073608398438, 112.2573471069336, 61.685935974121094, 68.90302276611328, 65.67373657226562, 85.12362670898438, 52.09891128540039, 49.597145080566406, 49.10176467895508, 43.51930618286133, 26.072975158691406, 11.797028541564941, 12.89106273651123, 12.75881576538086, 7.195040702819824, 5.366068363189697, 5.454242706298828, 3.454648017883301, 1.685193419456482, 1.0019071102142334, 0.5787987112998962, 0.2900967597961426, 0.04570503532886505, 0.0009125833748839796, 4.451848872122355e-05], "lowlevel.gfcc.mean": [54.14308166503906, 56.22815704345703, -109.68750762939453, 59.9034309387207, -51.591697692871094, 15.180930137634277, -39.662845611572266, 21.821609497070312, -18.078920364379883, 7.107979774475098, -11.877808570861816, 7.374178886413574, -12.801695823669434], "lowlevel.melbands.mean": [0.006858116947114468, 0.00615651672706008, 0.001103348913602531, 0.0005231742979958653, 0.00030240853084251285, 0.00034181750379502773, 0.0002941367565654218, 0.00017488427693024278, 9.39976962399669e-05, 0.00010559738439042121, 0.000162209224072285, 0.00011185685434611514, 4.734917456516996e-05, 6.592883437406272e-05, 0.00010190206376137212, 4.487490150495432e-05, 3.0198711101547815e-05, 4.460298441699706e-05, 3.408188058529049e-05, 5.715784936910495e-05, 5.6240573030663654e-05, 6.241783557925373e-05, 5.684706411557272e-05, 4.3597930925898254e-05, 4.687227192334831e-05, 3.5467975976644084e-05, 2.7317608328303322e-05, 1.3316410331754014e-05, 1.117899864766514e-05, 1.2573705134855118e-05, 1.093980154109886e-05, 1.0586415555735584e-05, 6.5977201302303e-06, 4.586048817145638e-06, 3.897297574440017e-06, 4.2392548493808135e-06, 5.007389972888632e-06, 3.6018095670442563e-06, 1.9452947981335456e-06, 1.2963865856363554e-06], "lowlevel.melbands.stdev": [0.008213245309889317, 0.006670091766864061, 0.001309224870055914, 0.0007346105994656682, 0.00032877721241675317, 0.0004464593657758087, 0.00045447840238921344, 0.00021372119954321533, 0.00016082987713161856, 0.0003146199742332101, 0.0006966159562580287, 0.00044425210217013955, 0.00010625696450006217, 0.00016306107863783836, 0.0005194349796511233, 0.0001773065305314958, 0.00010420134640298784, 0.00010813338303705677, 8.498200622852892e-05, 0.00017887850117404014, 8.010405144887045e-05, 5.4861553508089855e-05, 6.743575067957863e-05, 5.094211155665107e-05, 4.6661261876579374e-05, 2.8860593374702148e-05, 4.261786671122536e-05, 1.2179558325442486e-05, 7.761562301311642e-06, 8.472261470160447e-06, 7.895553608250339e-06, 8.667885595059488e-06, 5.455579412227962e-06, 3.7905422232142882e-06, 3.243517539885943e-06, 3.1657691579312086e-06, 3.7775869259348838e-06, 2.851368435585755e-06, 1.8157513750338694e-06, 1.3280559869599529e-06], "lowlevel.melbands128.mean": [0.0006006468902342021, 0.003558155382052064, 0.010614678263664246, 0.011154906824231148, 0.006121841724961996, 0.0025934402365237474, 0.0012276978231966496, 0.0008407678105868399, 0.0005886292201466858, 0.0005322538199834526, 0.0004845038347411901, 0.0003183172957506031, 0.00023719972523394972, 0.00027084481553174555, 0.000482499337522313, 0.0002812171005643904, 0.0002270630793645978, 0.0003926207427866757, 0.0002390148729318753, 0.00019352923845872283, 0.00014232455578166991, 9.922119352268055e-05, 0.00010740933794295415, 5.535291347769089e-05, 7.502118387492374e-05, 0.00014515173097606748, 0.0001382665359415114, 0.00014076405204832554, 0.00021580542670562863, 0.0001590857864357531, 6.607791146961972e-05, 3.118518725386821e-05, 3.409294367884286e-05, 7.670154445804656e-05, 5.2227507694624364e-05, 5.089217665954493e-05, 0.00010552541061770171, 0.00013644584396388382, 7.936936162877828e-05, 3.2023544918047264e-05, 4.5898046664660797e-05, 5.109322228236124e-05, 2.1104964616824873e-05, 2.445083919155877e-05, 3.5210152418585494e-05, 4.336310303187929e-05, 6.943904736544937e-05, 2.707203384488821e-05, 2.2489279217552394e-05, 3.425692193559371e-05, 6.985040090512484e-05, 7.234029180835932e-05, 5.4542284487979487e-05, 4.956652264809236e-05, 5.671619510394521e-05, 6.62643215036951e-05, 6.142324855318293e-05, 7.288727647392079e-05, 4.712071313406341e-05, 4.1419287299504504e-05, 4.676576645579189e-05, 4.147541767451912e-05, 4.6093049604678527e-05, 5.521182538359426e-05, 3.576016752049327e-05, 3.053688124055043e-05, 4.243425792083144e-05, 2.826553645718377e-05, 2.774208587652538e-05, 1.8679911590879783e-05, 1.2351491022855043e-05, 1.0603840564726852e-05, 1.0930443750112318e-05, 1.166705806099344e-05, 1.0567476238065865e-05, 1.3892312381358352e-05, 1.2607665667019319e-05, 1.149139461631421e-05, 1.0355305676057469e-05, 1.0556875167822e-05, 1.2277360838197637e-05, 1.0259095688525122e-05, 7.525032287958311e-06, 6.841335562057793e-06, 5.00424448546255e-06, 4.878169875155436e-06, 4.291189270588802e-06, 4.245206582709216e-06, 3.6791361708310433e-06, 3.862634002871346e-06, 4.0654640542925335e-06, 4.474251909414306e-06, 4.28120529250009e-06, 5.268880158837419e-06, 5.43210398973315e-06, 4.2768610910570715e-06, 3.2867717436602106e-06, 2.445315203658538e-06, 1.8695689050218789e-06, 1.7413773321095505e-06, 1.6380486158595886e-06, 1.1815492371169967e-06, 9.980947197618661e-07, 7.44739452329668e-07, 7.572884328510554e-07, 7.494549549846852e-07, 7.862307143113867e-07, 6.618553243242786e-07, 5.159083684702637e-07, 5.638216862280387e-07, 4.970693794348335e-07, 4.125792827380792e-07, 4.0880564711187617e-07, 3.6960574334443663e-07, 2.817017445977399e-07, 2.422092677534238e-07, 1.0957432294844693e-07, 1.9606032353181035e-08, 1.5256172714028793e-10, 9.354812931239298e-12, 8.797813172423119e-12, 8.577334155435157e-12, 8.537722612222964e-12, 8.541235427261817e-12, 8.036313801917938e-12, 7.0421043128765515e-12, 6.501304269240782e-12, 6.400012898116758e-12], "lowlevel.melbands128.stdev": [0.0007398651796393096, 0.005360550247132778, 0.013560827821493149, 0.012552812695503235, 0.007279369980096817, 0.003796142525970936, 0.0017952506896108389, 0.0010162345133721828, 0.0008546772296540439, 0.0009847317123785615, 0.0008470516186207533, 0.0005038934759795666, 0.00033626414369791746, 0.0003816873941104859, 0.0007758162100799382, 0.0004417328746058047, 0.0005834938492625952, 0.0007233511423692107, 0.0003258886281400919, 0.0003241160302422941, 0.00027013139333575964, 0.00017270607349928468, 0.0002465836878400296, 0.00020079623209312558, 0.00025808520149439573, 0.0005309205153025687, 0.0008123877923935652, 0.0009278166107833385, 0.0012495331466197968, 0.0008221028256230056, 0.00023143012367654592, 9.410896018380299e-05, 0.0001133785699494183, 0.0002059596445178613, 0.0002557875122874975, 0.0001656328677199781, 0.00037806908949278295, 0.0009372209897264838, 0.0005553386872634292, 0.000189585451153107, 0.00022799443104304373, 0.0003665140247903764, 7.46292935218662e-05, 8.492162305628881e-05, 0.00017068134911824018, 0.00010905135422945023, 0.00024988537188619375, 0.00012056054401909932, 4.7329605877166614e-05, 0.00010895544255618006, 0.0003470859373919666, 0.00024335093621630222, 0.00012701642117463052, 5.598246934823692e-05, 8.370501745957881e-05, 7.566647400381044e-05, 8.295968291349709e-05, 0.000139948635478504, 6.5884247305803e-05, 6.385263259289786e-05, 9.33320916374214e-05, 4.626066220225766e-05, 5.0485989049775526e-05, 7.860000187065452e-05, 4.282802183297463e-05, 2.587013295851648e-05, 6.891963130328804e-05, 4.778812945005484e-05, 7.178836676757783e-05, 3.883262616000138e-05, 1.1126064237032551e-05, 9.576205229677726e-06, 9.619306183594745e-06, 1.0617533007462043e-05, 8.311443707498256e-06, 1.2055307706759777e-05, 1.0214216672466137e-05, 9.837017387326341e-06, 8.745690138312057e-06, 1.038623395288596e-05, 1.2494330803747289e-05, 9.491094715485815e-06, 6.6876541495730635e-06, 7.21277456250391e-06, 4.5738515837001614e-06, 4.791750143340323e-06, 4.15571275880211e-06, 4.497955615079263e-06, 3.54668304680672e-06, 3.5837977065966697e-06, 3.644483513198793e-06, 3.982647740485845e-06, 3.721595703609637e-06, 4.631478986993898e-06, 4.719013759313384e-06, 3.6620849641622044e-06, 3.2336381536879344e-06, 2.37701419791847e-06, 2.0690151814051205e-06, 2.0925224362144945e-06, 1.629465941732633e-06, 1.3403520142674097e-06, 1.4259337604016764e-06, 1.3093876987113617e-06, 1.3409735402092338e-06, 1.216680516336055e-06, 1.2112208196413121e-06, 1.1148433713970007e-06, 9.486347494203073e-07, 1.2463386838135193e-06, 1.2175133861092036e-06, 9.477386697653856e-07, 1.0598195103739272e-06, 9.719910849526059e-07, 7.690185839237529e-07, 6.538671186717693e-07, 2.1374373204707808e-07, 8.83581776633946e-08, 3.393618497327111e-09, 3.4089901040923465e-11, 3.0732257016996556e-11, 2.9337612200697194e-11, 2.974973739577891e-11, 3.128036371591314e-11, 2.554387777686795e-11, 1.268170377738409e-11, 9.128638817079704e-12, 9.050987390124554e-12], "lowlevel.mfcc.mean": [-586.6448364257812, 78.83172607421875, 5.948128700256348, 41.752906799316406, 16.397409439086914, 2.229182481765747, -0.14102298021316528, 10.278892517089844, 1.7290472984313965, 3.7553515434265137, 2.526427984237671, 7.218950271606445, 2.6585659980773926], "lowlevel.spectral_contrast_coeffs.mean": [-0.7388772964477539, -0.7565803527832031, -0.793248176574707, -0.7910634279251099, -0.779151976108551, -0.7286077737808228], "lowlevel.spectral_contrast_coeffs.stdev": [0.05883388593792915, 0.06717471778392792, 0.07209548354148865, 0.04933302104473114, 0.0418471060693264, 0.03654104471206665], "lowlevel.spectral_contrast_valleys.mean": [-6.348337650299072, -6.615894794464111, -7.279192924499512, -7.159897327423096, -6.599191188812256, -9.379007339477539], "lowlevel.spectral_contrast_valleys.stdev": [1.152179479598999, 0.6186401844024658, 0.5452510118484497, 0.4620845317840576, 0.5548818707466125, 0.5562812685966492], "rhythm.beats_loudness_band_ratio.mean": [0.6457166075706482, 0.07692369073629379, 0.0638403445482254, 0.05592803284525871, 0.09967051446437836, 0.07593771815299988], "rhythm.beats_loudness_band_ratio.stdev": [0.21688471734523773, 0.0657416582107544, 0.05871313437819481, 0.12261798977851868, 0.10943612456321716, 0.041029710322618484], "tonal.hpcp.mean": [0.1280733346939087, 0.11151904612779617, 0.07106088101863861, 0.08463801443576813, 0.07688511162996292, 0.061620574444532394, 0.09935549646615982, 0.11880261451005936, 0.14013539254665375, 0.17452730238437653, 0.1549602448940277, 0.12613187730312347, 0.10917311906814575, 0.10786813497543335, 0.14541395008563995, 0.19793544709682465, 0.18733111023902893, 0.13234049081802368, 0.10930183529853821, 0.0883283019065857, 0.0791182592511177, 0.1299162209033966, 0.1461712270975113, 0.14539577066898346, 0.19354648888111115, 0.16188211739063263, 0.09650959074497223, 0.08112539350986481, 0.06799253821372986, 0.05621102452278137, 0.05646626278758049, 0.0677899420261383, 0.0715765655040741, 0.07908181101083755, 0.07796238362789154, 0.08591999858617783], "tonal.hpcp.stdev": [0.20880798995494843, 0.19782327115535736, 0.15279848873615265, 0.20242810249328613, 0.19082772731781006, 0.14942491054534912, 0.20887762308120728, 0.22604206204414368, 0.270671010017395, 0.2942602038383484, 0.26658186316490173, 0.2591550052165985, 0.24241849780082703, 0.2345910519361496, 0.2716495394706726, 0.31001850962638855, 0.2962538003921509, 0.2575511932373047, 0.23179969191551208, 0.2077517807483673, 0.17988893389701843, 0.2537979483604431, 0.27326181530952454, 0.24567662179470062, 0.30179935693740845, 0.25938382744789124, 0.1842166632413864, 0.15810906887054443, 0.14899489283561707, 0.13267354667186737, 0.12443644553422928, 0.14665654301643372, 0.15014579892158508, 0.18139424920082092, 0.1836470514535904, 0.1592974066734314], "rhythm.beats_position": [0.3482993245124817, 0.7082086205482483, 1.0681178569793701, 1.4396371841430664, 1.8227664232254028, 2.2058956623077393, 2.589024782180786, 2.972154140472412, 3.355283498764038, 3.738412618637085, 4.133152008056641, 4.527891159057617, 4.911020278930664, 5.294149398803711, 5.6888885498046875, 6.083628177642822, 6.466757297515869, 6.849886417388916, 7.244625568389893, 7.627755165100098, 8.010884284973145, 8.405623435974121, 8.788752555847168, 9.171881675720215, 9.566620826721191, 9.949749946594238, 10.332880020141602, 10.727619171142578, 11.099138259887695, 11.493877410888672, 11.877006530761719, 12.260135650634766, 12.654874801635742, 13.049613952636719, 13.432743072509766, 13.815873146057129, 14.199002265930176, 14.582131385803223, 14.9768705368042, 15.359999656677246, 15.754738807678223, 16.137868881225586, 16.520998001098633, 16.90412712097168, 17.298866271972656, 17.693605422973633, 18.08834457397461, 18.459863662719727, 18.842992782592773, 19.23773193359375, 19.620861053466797, 20.003990173339844, 20.38711929321289, 20.781858444213867, 21.176597595214844, 21.58294677734375, 21.989295959472656, 22.384035110473633, 22.77877426147461, 23.173513412475586, 23.556644439697266, 24.079092025756836, 24.58993148803711, 25.100770950317383, 25.634828567504883, 26.157278060913086, 26.67972755432129, 27.190567016601562, 27.713014602661133, 28.235464096069336, 28.74630355834961, 29.257143020629883, 29.791200637817383, 30.302040100097656, 30.81287956237793, 31.323719024658203, 31.846166610717773, 32.36861801147461, 32.87945556640625, 33.40190505981445, 33.924354553222656, 34.446800231933594, 34.9692497253418, 35.51491928100586, 36.06058883666992, 36.606258392333984, 37.15192794799805, 37.69759750366211, 38.23165512084961, 38.77732467651367, 39.322994232177734, 39.86865997314453], "rhythm.bpm_histogram": [0.0, 0.0, 0.0, 0.0, 0.0, 0.0, 0.0, 0.0, 0.0, 0.0, 0.0, 0.0, 0.0, 0.0, 0.0, 0.0, 0.0, 0.0, 0.0, 0.0, 0.0, 0.0, 0.0, 0.0, 0.0, 0.0, 0.0, 0.0, 0.0, 0.0, 0.0, 0.0, 0.0, 0.0, 0.0, 0.0, 0.0, 0.0, 0.0, 0.0, 0.0, 0.0, 0.0, 0.0, 0.0, 0.0, 0.0, 0.0, 0.0, 0.0, 0.0, 0.0, 0.0, 0.0, 0.0, 0.0, 0.0, 0.0, 0.0, 0.0, 0.0, 0.0, 0.0, 0.0, 0.0, 0.0, 0.0, 0.0, 0.0, 0.0, 0.0, 0.0, 0.0, 0.0, 0.0, 0.0, 0.0, 0.0, 0.0, 0.0, 0.0, 0.0, 0.0, 0.0, 0.0, 0.0, 0.0, 0.0, 0.0, 0.0, 0.0, 0.0, 0.0, 0.0, 0.0, 0.0, 0.0, 0.0, 0.0, 0.0, 0.0, 0.0, 0.0, 0.0, 0.0, 0.0, 0.0, 0.0, 0.0, 0.0, 0.08791209012269974, 0.0, 0.032967034727334976, 0.0, 0.0, 0.12087912112474442, 0.0, 0.09890110045671463, 0.0, 0.0, 0.0, 0.0, 0.0, 0.0, 0.0, 0.0, 0.0, 0.0, 0.0, 0.0, 0.0, 0.0, 0.0, 0.0, 0.0, 0.0, 0.0, 0.0, 0.0, 0.0, 0.0, 0.0, 0.0, 0.0, 0.0, 0.0, 0.0, 0.0, 0.021978022530674934, 0.0, 0.0, 0.0, 0.24175824224948883, 0.0, 0.0, 0.0, 0.0, 0.34065935015678406, 0.0, 0.0, 0.0, 0.032967034727334976, 0.0, 0.0, 0.0, 0.0, 0.0, 0.021978022530674934, 0.0, 0.0, 0.0, 0.0, 0.0, 0.0, 0.0, 0.0, 0.0, 0.0, 0.0, 0.0, 0.0, 0.0, 0.0, 0.0, 0.0, 0.0, 0.0, 0.0, 0.0, 0.0, 0.0, 0.0, 0.0, 0.0, 0.0, 0.0, 0.0, 0.0, 0.0, 0.0, 0.0, 0.0, 0.0, 0.0, 0.0, 0.0, 0.0, 0.0, 0.0, 0.0, 0.0, 0.0, 0.0, 0.0, 0.0, 0.0, 0.0, 0.0, 0.0, 0.0, 0.0, 0.0, 0.0, 0.0, 0.0, 0.0, 0.0, 0.0, 0.0, 0.0, 0.0, 0.0, 0.0, 0.0, 0.0, 0.0, 0.0, 0.0, 0.0, 0.0, 0.0, 0.0, 0.0, 0.0, 0.0, 0.0, 0.0, 0.0, 0.0, 0.0], "tonal.chords_histogram": [5.671296119689941, 6.94444465637207, 10.06944465637207, 3.819444417953491, 8.449073791503906, 1.6203703880310059, 3.7037036418914795, 0.0, 0.8101851940155029, 1.0416666269302368, 0.46296295523643494, 0.0, 0.0, 0.0, 0.0, 3.5879628658294678, 0.0, 25.231481552124023, 2.6620371341705322, 0.9259259104728699, 0.0, 0.8101851940155029, 4.513888835906982, 19.675926208496094], "tonal.thpcp": [1.0, 0.9464252591133118, 0.66860431432724, 0.5522094964981079, 0.44624802470207214, 0.3997174799442291, 0.6563565135002136, 0.7384792566299438, 0.734561562538147, 0.9778262972831726, 0.8178530931472778, 0.48758113384246826, 0.409857839345932, 0.34350866079330444, 0.2839866578578949, 0.2852761447429657, 0.34248510003089905, 0.36161568760871887, 0.39953333139419556, 0.3938778340816498, 0.43408089876174927, 0.6470459699630737, 0.5634111762046814, 0.35901039838790894, 0.42760413885116577, 0.3884352743625641, 0.31131651997566223, 0.5019590854644775, 0.6002088785171509, 0.7079853415489197, 0.8817384839057922, 0.7828827500343323, 0.6372374296188354, 0.5515592098236084, 0.5449662208557129, 0.7346534132957458], "lowlevel.gfcc.cov": [[2457.19140625, 635.5723266601562, 465.62127685546875, 644.6216430664062, 135.16358947753906, 188.5818328857422, 210.46209716796875, 53.207210540771484, 39.268333435058594, 40.322547912597656, -111.28764343261719, -40.71370315551758, -25.5093936920166], [635.5723266601562, 787.236083984375, 243.1367950439453, 574.7249755859375, 189.8043670654297, 87.10418701171875, 172.25164794921875, 29.739768981933594, 105.08804321289062, 13.666879653930664, -48.45479202270508, -71.67053985595703, 30.341623306274414], [465.62127685546875, 243.1367950439453, 742.83837890625, 609.2909545898438, 140.4066162109375, 129.65525817871094, 81.66215515136719, 24.907737731933594, 70.47769165039062, 81.04668426513672, -86.62569427490234, -18.693857192993164, -12.693575859069824], [644.6216430664062, 574.7249755859375, 609.2909545898438, 884.4011840820312, 245.0492706298828, 132.34796142578125, 141.24864196777344, 42.154701232910156, 144.54261779785156, 63.78220748901367, -77.71626281738281, -65.65924835205078, 21.206436157226562], [135.16358947753906, 189.8043670654297, 140.4066162109375, 245.0492706298828, 185.65093994140625, 65.96673583984375, 74.21927642822266, 26.88288688659668, 57.21710205078125, 13.654435157775879, -21.966018676757812, -24.886043548583984, 16.4986572265625], [188.5818328857422, 87.10418701171875, 129.65525817871094, 132.34796142578125, 65.96673583984375, 155.81871032714844, 124.94041442871094, 20.8309326171875, 6.924870014190674, -0.579317569732666, -8.7388334274292, -9.51094913482666, -8.642385482788086], [210.46209716796875, 172.25164794921875, 81.66215515136719, 141.24864196777344, 74.21927642822266, 124.94041442871094, 195.4324493408203, 33.03489685058594, 16.27559471130371, -7.912141799926758, -1.5251197814941406, -13.909272193908691, -0.5597468614578247], [53.207210540771484, 29.739768981933594, 24.907737731933594, 42.154701232910156, 26.88288688659668, 20.8309326171875, 33.03489685058594, 61.7196044921875, 32.28623580932617, 10.271943092346191, 1.1849300861358643, -1.0969336032867432, 9.007312774658203], [39.268333435058594, 105.08804321289062, 70.47769165039062, 144.54261779785156, 57.21710205078125, 6.924870014190674, 16.27559471130371, 32.28623580932617, 106.61849975585938, 49.20276641845703, 12.316291809082031, -13.055048942565918, 6.270195960998535], [40.322547912597656, 13.666879653930664, 81.04668426513672, 63.78220748901367, 13.654435157775879, -0.579317569732666, -7.912141799926758, 10.271943092346191, 49.20276641845703, 87.37176513671875, 33.764095306396484, 6.388404846191406, -6.957521915435791], [-111.28764343261719, -48.45479202270508, -86.62569427490234, -77.71626281738281, -21.966018676757812, -8.7388334274292, -1.5251197814941406, 1.1849300861358643, 12.316291809082031, 33.764095306396484, 93.01943969726562, 36.52976989746094, 7.940420627593994], [-40.71370315551758, -71.67053985595703, -18.693857192993164, -65.65924835205078, -24.886043548583984, -9.51094913482666, -13.909272193908691, -1.0969336032867432, -13.055048942565918, 6.388404846191406, 36.52976989746094, 58.55499267578125, 19.280214309692383], [-25.5093936920166, 30.341623306274414, -12.693575859069824, 21.206436157226562, 16.4986572265625, -8.642385482788086, -0.5597468614578247, 9.007312774658203, 6.270195960998535, -6.957521915435791, 7.940420627593994, 19.280214309692383, 55.83901596069336]], "lowlevel.gfcc.icov": [[0.0006510642706416547, -0.00045451734331436455, 0.00021269742865115404, -0.0003858194686472416, 0.0003532973350957036, -0.0004467020626179874, -2.266480260004755e-05, -0.0005122214206494391, 0.0006658934289589524, -0.0007781595923006535, 0.0010035836603492498, -0.0010248684557154775, 0.0006875802646391094], [-0.00045451734331436455, 0.0037792797666043043, 0.001092077698558569, -0.0024373463820666075, -0.000369332788977772, 0.0015800126129761338, -0.002422717632725835, 0.0012836321257054806, -0.0006891450611874461, 0.00030401666299439967, -0.00023677015269640833, 0.0019216298824176192, -0.0014795542228966951], [0.00021269742865115404, 0.001092077698558569, 0.005986818578094244, -0.004791168961673975, 0.0007883624057285488, -0.0022429986856877804, 0.00023944657004904002, -0.00035150532494299114, 0.0021732847671955824, -0.005348145496100187, 0.0059343371540308, -0.005330362357199192, 0.002249486744403839], [-0.0003858194686472416, -0.0024373463820666075, -0.004791168961673975, 0.007355102337896824, -0.0022956004831939936, 0.00013739103451371193, 0.000492722203489393, 0.0011070631444454193, -0.003668824676424265, 0.002360304817557335, -0.0022282793652266264, 0.0037862174212932587, -0.0024927943013608456], [0.0003532973350957036, -0.000369332788977772, 0.0007883624057285488, -0.0022956004831939936, 0.010361152701079845, -0.00255321292206645, -0.0007136377389542758, -0.0007139790104702115, -0.001999189844354987, -0.0005129518103785813, 0.001663661329075694, 0.0005773660377599299, -0.0022107777185738087], [-0.0004467020626179874, 0.0015800126129761338, -0.0022429986856877804, 0.00013739103451371193, -0.00255321292206645, 0.01667824760079384, -0.009708019904792309, 4.09199419664219e-05, 0.001161898486316204, 0.0018586632795631886, -0.002400568686425686, 0.0014203633181750774, 0.0015592017443850636], [-2.266480260004755e-05, -0.002422717632725835, 0.00023944657004904002, 0.000492722203489393, -0.0007136377389542758, -0.009708019904792309, 0.013997405767440796, -0.004123097285628319, 0.0009717794018797576, 0.002110372995957732, -0.0025246054865419865, 0.00020500118262134492, 0.0011291727423667908], [-0.0005122214206494391, 0.0012836321257054806, -0.00035150532494299114, 0.0011070631444454193, -0.0007139790104702115, 4.09199419664219e-05, -0.004123097285628319, 0.02279001474380493, -0.008340240456163883, 0.00042949168710038066, 0.0014005448902025819, 8.84256514837034e-05, -0.0041717542335391045], [0.0006658934289589524, -0.0006891450611874461, 0.0021732847671955824, -0.003668824676424265, -0.001999189844354987, 0.001161898486316204, 0.0009717794018797576, -0.008340240456163883, 0.021727051585912704, -0.010171320289373398, -0.000828560150694102, 0.0019415040733292699, 0.0004320426960475743], [-0.0007781595923006535, 0.00030401666299439967, -0.005348145496100187, 0.002360304817557335, -0.0005129518103785813, 0.0018586632795631886, 0.002110372995957732, 0.00042949168710038066, -0.010171320289373398, 0.026142874732613564, -0.01356797106564045, 0.0037935541477054358, 0.0027773447800427675], [0.0010035836603492498, -0.00023677015269640833, 0.0059343371540308, -0.0022282793652266264, 0.001663661329075694, -0.002400568686425686, -0.0025246054865419865, 0.0014005448902025819, -0.000828560150694102, -0.01356797106564045, 0.027008017525076866, -0.01665845885872841, 0.0019818213768303394], [-0.0010248684557154775, 0.0019216298824176192, -0.005330362357199192, 0.0037862174212932587, 0.0005773660377599299, 0.0014203633181750774, 0.00020500118262134492, 8.84256514837034e-05, 0.0019415040733292699, 0.0037935541477054358, -0.01665845885872841, 0.03688722476363182, -0.014237949624657631], [0.0006875802646391094, -0.0014795542228966951, 0.002249486744403839, -0.0024927943013608456, -0.0022107777185738087, 0.0015592017443850636, 0.0011291727423667908, -0.0041717542335391045, 0.0004320426960475743, 0.0027773447800427675, 0.0019818213768303394, -0.014237949624657631, 0.026995394378900528]], "lowlevel.mfcc.cov": [[2274.024658203125, 339.2178955078125, 366.9407653808594, 532.1224365234375, 88.30891418457031, 282.2629699707031, 128.94613647460938, 99.82594299316406, 228.095703125, 6.119091033935547, 86.2081527709961, 111.66307830810547, -58.188968658447266], [339.2178955078125, 336.58880615234375, 33.30381774902344, 196.64443969726562, 38.12648391723633, 86.343017578125, 40.37267303466797, 33.82177734375, 90.36720275878906, 14.826563835144043, 31.520423889160156, 28.361845016479492, -18.606624603271484], [366.9407653808594, 33.30381774902344, 615.4554443359375, 442.90283203125, 135.9189453125, 226.2759246826172, 54.818721771240234, 26.345706939697266, 158.9132080078125, 13.985955238342285, 77.1389389038086, 95.78311920166016, -4.0535712242126465], [532.1224365234375, 196.64443969726562, 442.90283203125, 660.0363159179688, 222.3059539794922, 240.92645263671875, 41.98942947387695, 31.438610076904297, 222.4929962158203, 39.288944244384766, 81.96844482421875, 106.37893676757812, -6.706202507019043], [88.30891418457031, 38.12648391723633, 135.9189453125, 222.3059539794922, 168.1259002685547, 74.68350219726562, -10.877159118652344, -1.5837706327438354, 74.60684967041016, 29.58519172668457, 21.75096893310547, 32.44325256347656, -1.8307312726974487], [282.2629699707031, 86.343017578125, 226.2759246826172, 240.92645263671875, 74.68350219726562, 213.76425170898438, 94.06639862060547, 52.5449104309082, 113.38883972167969, 19.380674362182617, 58.2921028137207, 57.721988677978516, -6.3915181159973145], [128.94613647460938, 40.37267303466797, 54.818721771240234, 41.98942947387695, -10.877159118652344, 94.06639862060547, 138.0210418701172, 69.43486785888672, 49.39554977416992, -3.4518659114837646, 17.23155403137207, 15.1820707321167, -3.778315782546997], [99.82594299316406, 33.82177734375, 26.345706939697266, 31.438610076904297, -1.5837706327438354, 52.5449104309082, 69.43486785888672, 94.14932250976562, 49.55165481567383, 2.6858668327331543, 3.7075345516204834, 8.641548156738281, -7.132193565368652], [228.095703125, 90.36720275878906, 158.9132080078125, 222.4929962158203, 74.60684967041016, 113.38883972167969, 49.39554977416992, 49.55165481567383, 155.06163024902344, 29.906335830688477, 37.59105682373047, 37.8773078918457, -23.539783477783203], [6.119091033935547, 14.826563835144043, 13.985955238342285, 39.288944244384766, 29.58519172668457, 19.380674362182617, -3.4518659114837646, 2.6858668327331543, 29.906335830688477, 62.26532745361328, 29.700849533081055, 18.914249420166016, 9.289580345153809], [86.2081527709961, 31.520423889160156, 77.1389389038086, 81.96844482421875, 21.75096893310547, 58.2921028137207, 17.23155403137207, 3.7075345516204834, 37.59105682373047, 29.700849533081055, 76.24798583984375, 44.88193893432617, 11.323600769042969], [111.66307830810547, 28.361845016479492, 95.78311920166016, 106.37893676757812, 32.44325256347656, 57.721988677978516, 15.1820707321167, 8.641548156738281, 37.8773078918457, 18.914249420166016, 44.88193893432617, 77.17071533203125, 26.827173233032227], [-58.188968658447266, -18.606624603271484, -4.0535712242126465, -6.706202507019043, -1.8307312726974487, -6.3915181159973145, -3.778315782546997, -7.132193565368652, -23.539783477783203, 9.289580345153809, 11.323600769042969, 26.827173233032227, 76.57386779785156]], "lowlevel.mfcc.icov": [[0.0006372159696184099, -0.0003239032521378249, -1.0421455044706818e-05, -0.0003957906737923622, 0.0004254771047271788, -0.00024106093042064458, -1.6240741388173774e-05, -0.00020387020776979625, 8.022690053621773e-06, 0.00018930077203549445, 4.9045538617065176e-05, -0.000460715324152261, 0.0004742235178127885], [-0.0003239032521378249, 0.0047280024737119675, 0.0017388075357303023, -0.0021167455706745386, 0.001204557018354535, -0.0006778325187042356, -0.00010638495587045327, -0.00017032725736498833, -0.0008159502176567912, 7.085462857503444e-05, -0.0006207603146322072, 7.904583617346361e-05, 0.0005651649553328753], [-1.0421455044706818e-05, 0.0017388075357303023, 0.004359056241810322, -0.0025151772424578667, 0.0008241956238634884, -0.0024291393347084522, 0.00047956054913811386, 0.00043180157081224024, -0.0005487488815560937, 0.0013897084863856435, -0.0005999933928251266, -0.0011178780114278197, 0.00044898284249939024], [-0.0003957906737923622, -0.0021167455706745386, -0.0025151772424578667, 0.007731990423053503, -0.004922565072774887, -0.0013567949645221233, 0.0011757203610613942, 0.001392932841554284, -0.004413751419633627, 0.0016396474093198776, 0.0002058173413388431, -0.0013476075837388635, -0.0014283560449257493], [0.0004254771047271788, 0.001204557018354535, 0.0008241956238634884, -0.004922565072774887, 0.013016111217439175, -0.0021493660751730204, 0.0024812230840325356, 0.0004444443038664758, -0.000494285486638546, -0.003825046820566058, 0.002611737232655287, -0.00022004418133292347, 0.0005271070986054838], [-0.00024106093042064458, -0.0006778325187042356, -0.0024291393347084522, -0.0013567949645221233, -0.0021493660751730204, 0.015785247087478638, -0.00776339927688241, -0.00046182714868336916, -0.0013345555635169148, 7.133478356990963e-05, -0.004024718422442675, -0.0011491383193060756, 0.0008236502762883902], [-1.6240741388173774e-05, -0.00010638495587045327, 0.00047956054913811386, 0.0011757203610613942, 0.0024812230840325356, -0.00776339927688241, 0.016660666093230247, -0.008037618361413479, -0.0011072190245613456, 0.0024041200522333384, -0.0006209233542904258, 0.0010061622597277164, -0.0013177910586819053], [-0.00020387020776979625, -0.00017032725736498833, 0.00043180157081224024, 0.001392932841554284, 0.0004444443038664758, -0.00046182714868336916, -0.008037618361413479, 0.01971234567463398, -0.006189648061990738, -0.0005239144084043801, 0.003530136775225401, -0.0012578238965943456, -0.0005605192855000496], [8.022690053621773e-06, -0.0008159502176567912, -0.0005487488815560937, -0.004413751419633627, -0.000494285486638546, -0.0013345555635169148, -0.0011072190245613456, -0.006189648061990738, 0.019653936848044395, -0.005887002684175968, -0.00046137027675285935, -0.0007556588971056044, 0.005726897623389959], [0.00018930077203549445, 7.085462857503444e-05, 0.0013897084863856435, 0.0016396474093198776, -0.003825046820566058, 7.133478356990963e-05, 0.0024041200522333384, -0.0005239144084043801, -0.005887002684175968, 0.02418539859354496, -0.009041348472237587, 0.00015229546988848597, -0.003097573295235634], [4.9045538617065176e-05, -0.0006207603146322072, -0.0005999933928251266, 0.0002058173413388431, 0.002611737232655287, -0.004024718422442675, -0.0006209233542904258, 0.003530136775225401, -0.00046137027675285935, -0.009041348472237587, 0.025890594348311424, -0.010616229847073555, 0.00