{"song_id": "1183696697113714709", "download": "https://cdn.discordapp.com/attachments/1135911532732108921/1183696697113714709/chirp.mp4?ex=65894674&amp", "lyrics": "Ich mags zu fahren-fahren\nin meinem Wagen Wagen\nmit deinem Damen Damen\nnach Baden-Baden.", "style": ["eurodance"], "essentia_features": {"lowlevel.average_loudness": 0.9859768152236938, "lowlevel.barkbands_crest.mean": 14.70347785949707, "lowlevel.barkbands_crest.stdev": 6.880080223083496, "lowlevel.barkbands_flatness_db.mean": 0.1624356210231781, "lowlevel.barkbands_flatness_db.stdev": 0.09381811320781708, "lowlevel.barkbands_kurtosis.mean": 24.981548309326172, "lowlevel.barkbands_kurtosis.stdev": 49.360137939453125, "lowlevel.barkbands_skewness.mean": 3.1401448249816895, "lowlevel.barkbands_skewness.stdev": 3.245934009552002, "lowlevel.barkbands_spread.mean": 25.4996280670166, "lowlevel.barkbands_spread.stdev": 23.425552368164062, "lowlevel.dissonance.mean": 0.4518624246120453, "lowlevel.dissonance.stdev": 0.033490508794784546, "lowlevel.dynamic_complexity": 2.205000638961792, "lowlevel.erbbands_crest.mean": 11.002466201782227, "lowlevel.erbbands_crest.stdev": 5.826941013336182, "lowlevel.erbbands_flatness_db.mean": 0.13235652446746826, "lowlevel.erbbands_flatness_db.stdev": 0.04981168359518051, "lowlevel.erbbands_kurtosis.mean": 0.9159362316131592, "lowlevel.erbbands_kurtosis.stdev": 3.3993873596191406, "lowlevel.erbbands_skewness.mean": 0.5546621680259705, "lowlevel.erbbands_skewness.stdev": 0.8473827838897705, "lowlevel.erbbands_spread.mean": 55.87651062011719, "lowlevel.erbbands_spread.stdev": 29.298717498779297, "lowlevel.hfc.mean": 30.122133255004883, "lowlevel.hfc.stdev": 26.571556091308594, "lowlevel.loudness_ebu128.integrated": -11.524358749389648, "lowlevel.loudness_ebu128.loudness_range": 0.8176803588867188, "lowlevel.loudness_ebu128.momentary.mean": -11.560233116149902, "lowlevel.loudness_ebu128.momentary.stdev": 0.5686255693435669, "lowlevel.loudness_ebu128.short_term.mean": -11.490979194641113, "lowlevel.loudness_ebu128.short_term.stdev": 0.28389859199523926, "lowlevel.melbands_crest.mean": 19.93064308166504, "lowlevel.melbands_crest.stdev": 8.435370445251465, "lowlevel.melbands_flatness_db.mean": 0.23605898022651672, "lowlevel.melbands_flatness_db.stdev": 0.1146283969283104, "lowlevel.melbands_kurtosis.mean": 64.06497955322266, "lowlevel.melbands_kurtosis.stdev": 100.97034454345703, "lowlevel.melbands_skewness.mean": 5.050601959228516, "lowlevel.melbands_skewness.stdev": 4.291970252990723, "lowlevel.melbands_spread.mean": 22.152585983276367, "lowlevel.melbands_spread.stdev": 23.647567749023438, "lowlevel.pitch_salience.mean": 0.39631739258766174, "lowlevel.pitch_salience.stdev": 0.2185421735048294, "lowlevel.silence_rate_20dB.mean": 1.0, "lowlevel.silence_rate_20dB.stdev": 0.0, "lowlevel.silence_rate_30dB.mean": 0.7285012006759644, "lowlevel.silence_rate_30dB.stdev": 0.44473469257354736, "lowlevel.silence_rate_60dB.mean": 0.023341523483395576, "lowlevel.silence_rate_60dB.stdev": 0.15098577737808228, "lowlevel.spectral_centroid.mean": 1236.0025634765625, "lowlevel.spectral_centroid.stdev": 664.0572509765625, "lowlevel.spectral_complexity.mean": 13.772727012634277, "lowlevel.spectral_complexity.stdev": 9.157299995422363, "lowlevel.spectral_decrease.mean": -1.5464483027471942e-08, "lowlevel.spectral_decrease.stdev": 1.5543328402145562e-08, "lowlevel.spectral_energy.mean": 0.061098694801330566, "lowlevel.spectral_energy.stdev": 0.05859724432229996, "lowlevel.spectral_energyband_high.mean": 0.002046610228717327, "lowlevel.spectral_energyband_high.stdev": 0.0026930251624435186, "lowlevel.spectral_energyband_low.mean": 0.046521373093128204, "lowlevel.spectral_energyband_low.stdev": 0.0614909827709198, "lowlevel.spectral_energyband_middle_high.mean": 0.00404747249558568, "lowlevel.spectral_energyband_middle_high.stdev": 0.004072003066539764, "lowlevel.spectral_energyband_middle_low.mean": 0.010794663801789284, "lowlevel.spectral_energyband_middle_low.stdev": 0.014126718044281006, "lowlevel.spectral_entropy.mean": 7.750457286834717, "lowlevel.spectral_entropy.stdev": 0.5399346351623535, "lowlevel.spectral_flux.mean": 0.13000434637069702, "lowlevel.spectral_flux.stdev": 0.0920131579041481, "lowlevel.spectral_kurtosis.mean": 2.4596900939941406, "lowlevel.spectral_kurtosis.stdev": 2.073119878768921, "lowlevel.spectral_rms.mean": 0.006769683677703142, "lowlevel.spectral_rms.stdev": 0.003712123492732644, "lowlevel.spectral_rolloff.mean": 2249.34814453125, "lowlevel.spectral_rolloff.stdev": 3061.086181640625, "lowlevel.spectral_skewness.mean": 1.328229546546936, "lowlevel.spectral_skewness.stdev": 0.42145711183547974, "lowlevel.spectral_spread.mean": 6889099.5, "lowlevel.spectral_spread.stdev": 2301901.75, "lowlevel.spectral_strongpeak.mean": 1.143968939781189, "lowlevel.spectral_strongpeak.stdev": 0.9729729890823364, "lowlevel.zerocrossingrate.mean": 0.07633023709058762, "lowlevel.zerocrossingrate.stdev": 0.0668550580739975, "metadata.audio_properties.analysis.equal_loudness": 0.0, "metadata.audio_properties.analysis.length": 18.85761833190918, "metadata.audio_properties.analysis.sample_rate": 44100.0, "metadata.audio_properties.analysis.start_time": 0.0, "metadata.audio_properties.bit_rate": 132147.0, "metadata.audio_properties.length": 18.858667373657227, "metadata.audio_properties.lossless": 0.0, "metadata.audio_properties.number_channels": 1.0, "metadata.audio_properties.replay_gain": -13.508468627929688, "metadata.audio_properties.sample_rate": 48000.0, "rhythm.beats_count": 43.0, "rhythm.beats_loudness.mean": 0.1612204909324646, "rhythm.beats_loudness.stdev": 0.03584955632686615, "rhythm.bpm": 137.3533172607422, "rhythm.bpm_histogram_first_peak_bpm": 136.0, "rhythm.bpm_histogram_first_peak_weight": 0.3684210181236267, "rhythm.bpm_histogram_second_peak_bpm": 144.0, "rhythm.bpm_histogram_second_peak_spread": 0.0, "rhythm.bpm_histogram_second_peak_weight": 0.095238097012043, "rhythm.danceability": 2.6334238052368164, "rhythm.onset_rate": 5.773971080780029, "tonal.chords_changes_rate": 0.08088235557079315, "tonal.chords_number_rate": 0.014705882407724857, "tonal.chords_strength.mean": 0.5255894660949707, "tonal.chords_strength.stdev": 0.07563165575265884, "tonal.hpcp_crest.mean": 16.0197696685791, "tonal.hpcp_crest.stdev": 7.379398345947266, "tonal.hpcp_entropy.mean": 1.6575171947479248, "tonal.hpcp_entropy.stdev": 0.7522653937339783, "tonal.key_edma.strength": 0.6434369683265686, "tonal.key_krumhansl.strength": 0.6573425531387329, "tonal.key_temperley.strength": 0.6730462908744812, "tonal.tuning_diatonic_strength": 0.541189968585968, "tonal.tuning_equal_tempered_deviation": 0.19615979492664337, "tonal.tuning_frequency": 434.193115234375, "tonal.tuning_nontempered_energy_ratio": 0.9208055734634399, "lowlevel.barkbands.mean": [0.0010075443424284458, 0.032339099794626236, 0.011246554553508759, 0.003212882438674569, 0.0036336316261440516, 0.0008323710062541068, 0.0005968506447970867, 0.0004919935599900782, 0.0011790385469794273, 0.0011847991263493896, 0.00028226771974004805, 0.0013937802286818624, 0.0005201317253522575, 0.00024369938182644546, 0.00017470985767431557, 0.00012751428585033864, 0.0001946066622622311, 0.0001300089934375137, 0.00012052723468514159, 0.0002397028001723811, 0.00017799725173972547, 0.0002543401496950537, 0.0004612296761479229, 0.00040747455204837024, 0.00032738770823925734, 0.0002832242171280086, 3.535434007062577e-05], "lowlevel.barkbands.stdev": [0.0021157129667699337, 0.04991122707724571, 0.02787342481315136, 0.009964914992451668, 0.006872787605971098, 0.0017880186205729842, 0.0010907149408012629, 0.001140999491326511, 0.0021691767033189535, 0.0016233741771429777, 0.0004902895889244974, 0.0028004322666674852, 0.0009638827759772539, 0.0004713741654995829, 0.00036788638681173325, 0.0002485853328835219, 0.0002812691091094166, 0.00025016587460413575, 0.0002292945864610374, 0.00038144635618664324, 0.000302227825159207, 0.0003770812472794205, 0.0006587922107428312, 0.0006110455142334104, 0.0004987773718312383, 0.0004728950734715909, 8.148865163093433e-05], "lowlevel.erbbands.mean": [0.9156427383422852, 7.171359539031982, 14.115099906921387, 12.387449264526367, 14.333844184875488, 9.23737907409668, 3.842510461807251, 6.749233245849609, 12.35576343536377, 5.026666641235352, 15.399649620056152, 33.43073272705078, 42.462894439697266, 18.097835540771484, 28.977842330932617, 48.47553253173828, 27.118074417114258, 15.446852684020996, 9.063811302185059, 8.652812957763672, 8.671262741088867, 9.975507736206055, 7.49432373046875, 6.515193939208984, 7.637735366821289, 11.65053653717041, 7.366847991943359, 7.282674789428711, 8.619797706604004, 12.03243637084961, 12.745010375976562, 9.608146667480469, 6.2173542976379395, 3.8661997318267822, 2.1822702884674072, 1.1536693572998047, 0.5317885875701904, 0.13064709305763245, 0.003249706467613578, 0.00015144933422561735], "lowlevel.erbbands.stdev": [1.54576575756073, 12.125798225402832, 30.864912033081055, 33.545654296875, 26.915424346923828, 21.407207489013672, 7.743103504180908, 15.462486267089844, 24.422945022583008, 8.253798484802246, 30.69146156311035, 60.94566345214844, 59.983856201171875, 30.60702133178711, 56.5660400390625, 95.6216049194336, 46.24150085449219, 27.728687286376953, 18.052682876586914, 18.9091854095459, 14.49239444732666, 15.249679565429688, 13.588045120239258, 12.126718521118164, 13.894627571105957, 17.976558685302734, 11.956158638000488, 12.615574836730957, 13.135478973388672, 16.962331771850586, 18.454524993896484, 14.911918640136719, 9.332697868347168, 5.735905647277832, 3.69983172416687, 1.9463471174240112, 0.8952354192733765, 0.2437504678964615, 0.006293224636465311, 0.00014678611478302628], "lowlevel.gfcc.mean": [12.578330993652344, 56.02629852294922, -88.14181518554688, 25.069705963134766, -59.7135009765625, 31.811939239501953, -24.44484519958496, 13.925347328186035, -26.389219284057617, -1.0114067792892456, -18.570636749267578, 3.3758111000061035, -16.20160484313965], "lowlevel.melbands.mean": [0.008613470010459423, 0.00800488330423832, 0.0021967818029224873, 0.0009104646160267293, 0.00014989565534051508, 0.00016717123799026012, 0.00017877038044389337, 5.4792140872450545e-05, 0.00013935589231550694, 0.00020581958233378828, 0.00020388334814924747, 6.802117422921583e-05, 6.653714808635414e-05, 0.00017386012768838555, 6.517467409139499e-05, 4.940454527968541e-05, 2.707294152060058e-05, 1.4038786503078882e-05, 1.180370782094542e-05, 1.0136955097550526e-05, 1.0512757398828398e-05, 1.0891825695580337e-05, 8.364978384634014e-06, 5.703298029402504e-06, 5.1700267249543685e-06, 4.586549493978964e-06, 7.84484564064769e-06, 7.415554136969149e-06, 4.451660061022267e-06, 4.341013209341327e-06, 4.162843652011361e-06, 4.7572548282914795e-06, 5.254443749436177e-06, 7.379239377769409e-06, 7.429813649650896e-06, 6.874102837173268e-06, 5.5547598094563e-06, 4.413537226355402e-06, 3.887058937834809e-06, 3.071180117331096e-06], "lowlevel.melbands.stdev": [0.013164173811674118, 0.014182268641889095, 0.005008488893508911, 0.0017719111638143659, 0.00035004355595447123, 0.0003890084335580468, 0.00034545405651442707, 9.299706289311871e-05, 0.00024986561038531363, 0.00038593553472310305, 0.00029792336863465607, 0.0001302977034356445, 0.00011263525811955333, 0.0003568240790627897, 0.00010862288763746619, 8.973704098025337e-05, 5.330221028998494e-05, 2.902420237660408e-05, 2.4764418412814848e-05, 2.029380812018644e-05, 1.766895002219826e-05, 1.701963810774032e-05, 1.4859060684102587e-05, 1.0737248885561712e-05, 1.0061833563668188e-05, 9.051384040503763e-06, 1.3991032574267592e-05, 1.1288367204542737e-05, 7.620633823535172e-06, 7.5984116847394034e-06, 7.449174972862238e-06, 7.567611646663863e-06, 7.948819984449074e-06, 1.063068430084968e-05, 1.0926124559773598e-05, 1.0854398169612978e-05, 8.827948477119207e-06, 6.798900813009823e-06, 5.941628842265345e-06, 4.738719326269347e-06], "lowlevel.melbands128.mean": [0.0009196318569593132, 0.006760597229003906, 0.012043342925608158, 0.011899865232408047, 0.00843750685453415, 0.004980097990483046, 0.0025546178221702576, 0.0013696220703423023, 0.0015733161708340049, 0.0010949925053864717, 0.00037035986315459013, 0.00016103715461213142, 0.0001352017861790955, 6.290878809522837e-05, 6.456408300437033e-05, 0.00032331389957107604, 0.0002826677809935063, 0.00013624111306853592, 7.468221156159416e-05, 3.746706715901382e-05, 3.7265592254698277e-05, 0.00011256177094765007, 0.00014703105262015015, 0.00015475998225156218, 0.00027653068536892533, 0.00018139241728931665, 0.00015762783004902303, 0.0003431234508752823, 7.044660742394626e-05, 8.829449507175013e-05, 5.7454857596894726e-05, 4.601691398420371e-05, 3.668533463496715e-05, 6.188139377627522e-05, 0.0002577866252977401, 0.00018973179976455867, 0.00010785155609482899, 2.6333556888857856e-05, 6.48698114673607e-05, 7.688072946621105e-05, 4.020640699309297e-05, 1.829673237807583e-05, 3.326178193674423e-05, 2.9249740691739134e-05, 1.1720709153451025e-05, 1.323832111665979e-05, 1.4685620953969192e-05, 8.471030923828948e-06, 1.3240038242656738e-05, 1.3288562513480429e-05, 7.7174745456432e-06, 9.70276687439764e-06, 8.663952939969022e-06, 1.177355989057105e-05, 1.3442909221339505e-05, 9.861973012448289e-06, 9.621816388971638e-06, 9.744409908307716e-06, 7.839672434784006e-06, 6.274400220718235e-06, 5.218590104050236e-06, 5.2003674682055134e-06, 6.3355905695061665e-06, 4.622095730155706e-06, 4.4982466533838306e-06, 4.419205197336851e-06, 4.589182481140597e-06, 5.6006865634117275e-06, 7.68092922953656e-06, 1.3172622857382521e-05, 6.861255769763375e-06, 5.397961103881244e-06, 4.799297585122986e-06, 4.1108442019321956e-06, 4.200715466140537e-06, 4.733170499093831e-06, 4.155087935941992e-06, 3.996346549683949e-06, 4.153115696681198e-06, 4.127015017729718e-06, 5.143153430253733e-06, 4.8950819291349035e-06, 4.362225809018128e-06, 5.183511348150205e-06, 5.849006811331492e-06, 7.0900041464483365e-06, 7.797874786774628e-06, 8.398275895160623e-06, 7.016770723566879e-06, 6.944648248463636e-06, 7.888472282502335e-06, 6.542591563629685e-06, 5.858836630068254e-06, 5.867369509360287e-06, 4.8669926400179975e-06, 5.268414952297462e-06, 3.828042281384114e-06, 4.0010986595007125e-06, 4.307967628847109e-06, 3.789442189372494e-06, 2.9088234896335052e-06, 3.2758937322796555e-06, 2.6879879442276433e-06, 2.5335498321510386e-06, 2.1393559563875897e-06, 2.5272888706240337e-06, 2.6151224119530525e-06, 2.2318670289678266e-06, 1.7520839037388214e-06, 1.8597781945572933e-06, 1.7735950450514792e-06, 1.7346325194012024e-06, 1.817989868868608e-06, 1.6283206605294254e-06, 1.3796045550407143e-06, 1.4727975212736055e-06, 1.281421646126546e-06, 2.516750896575104e-07, 1.1645884256950012e-08, 3.329174713684324e-10, 2.4502391782199595e-10, 7.097885473816845e-11, 1.2400517244992582e-11, 1.1936411060953223e-11, 1.0706165121110445e-11, 8.823900811416596e-12, 7.809980960560292e-12, 7.62350512578669e-12], "lowlevel.melbands128.stdev": [0.0020562142599374056, 0.013453159481287003, 0.02017858624458313, 0.02305726706981659, 0.018918735906481743, 0.012885906733572483, 0.007977742701768875, 0.004051641561090946, 0.0030439391266554594, 0.0024061480071395636, 0.0011163399321958423, 0.0005555544630624354, 0.0002804599062073976, 0.000135363734443672, 0.00013156436034478247, 0.000898060214240104, 0.0006920294836163521, 0.0003964942297898233, 0.00017729451064951718, 8.757806062931195e-05, 0.00010802326141856611, 0.0002842885151039809, 0.0003955551947001368, 0.0003641372895799577, 0.0005770360003225505, 0.0005950573249720037, 0.00024364909040741622, 0.0005882532568648458, 9.924800542648882e-05, 0.0002502236166037619, 0.00014365027891471982, 8.969585178419948e-05, 6.642383232247084e-05, 0.00012844188313465565, 0.0007956176996231079, 0.0004951517330482602, 0.0002845086855813861, 6.449570355471224e-05, 0.00018934979743789881, 0.00014796997129451483, 9.540814789943397e-05, 5.165212496649474e-05, 7.601761171827093e-05, 6.169427797431126e-05, 3.127463423879817e-05, 3.4985052479896694e-05, 3.752674820134416e-05, 2.1661488062818535e-05, 3.75638555851765e-05, 3.678563007269986e-05, 1.6780628357082605e-05, 2.2870412067277357e-05, 2.009903619182296e-05, 2.1865836970391683e-05, 2.3257791326614097e-05, 2.1289724827511236e-05, 1.7945068975677714e-05, 2.103994665958453e-05, 2.0042994947289117e-05, 1.3854274584446102e-05, 1.1272623851255048e-05, 1.1147401892230846e-05, 1.3507709809346125e-05, 1.0274573469359893e-05, 1.029090526571963e-05, 9.319301170762628e-06, 9.965267963707447e-06, 1.3607970686280169e-05, 1.4809629647061229e-05, 2.4105456759571098e-05, 1.2659797903324943e-05, 8.97144309419673e-06, 1.0246978490613401e-05, 7.4854215199593455e-06, 7.80521713750204e-06, 9.0309858933324e-06, 8.272684681287501e-06, 8.668190275784582e-06, 8.317261745105498e-06, 8.193885150831193e-06, 8.51692402648041e-06, 8.888233423931524e-06, 7.577348242193693e-06, 8.69133054948179e-06, 9.551492439641152e-06, 1.1000056474586017e-05, 1.1845899280160666e-05, 1.49883917401894e-05, 1.1046910913137253e-05, 1.1496023034851532e-05, 1.3401856449490879e-05, 1.1386660844436847e-05, 1.0657095117494464e-05, 1.0631885743350722e-05, 7.68652625993127e-06, 8.614202670287341e-06, 6.965482043597149e-06, 7.112557341315551e-06, 7.338605428230949e-06, 6.076817953726277e-06, 4.761359377880581e-06, 5.5523387345601805e-06, 5.084369604446692e-06, 4.829431873076828e-06, 4.335480753070442e-06, 5.314147983881412e-06, 4.5552783376479056e-06, 4.2130964175157715e-06, 3.293139116067323e-06, 3.678695293274359e-06, 3.365881639183499e-06, 3.325866828163271e-06, 3.3414605695725186e-06, 2.8470528832258424e-06, 2.616163101265556e-06, 2.9636526051035617e-06, 2.9189218366809655e-06, 8.719566721993033e-07, 7.803691204344432e-08, 4.553157850750722e-09, 3.4241955937375224e-09, 8.72341476831906e-10, 1.1454946019506806e-10, 1.0788473586709202e-10, 7.839832255607249e-11, 3.184498151287407e-11, 1.325760595055625e-11, 1.2688306134933658e-11], "lowlevel.mfcc.mean": [-640.2994995117188, 95.46369171142578, 25.701658248901367, 8.199799537658691, 0.2881753444671631, 12.875929832458496, 11.29452133178711, 16.615734100341797, 2.733839511871338, 5.0326924324035645, -2.3480031490325928, 3.6170871257781982, 0.965582549571991], "lowlevel.spectral_contrast_coeffs.mean": [-0.6466509699821472, -0.7375488877296448, -0.7327428460121155, -0.8134623765945435, -0.8058671951293945, -0.7717102766036987], "lowlevel.spectral_contrast_coeffs.stdev": [0.10102294385433197, 0.08289384096860886, 0.08182362467050552, 0.046295519918203354, 0.03317388519644737, 0.03681854158639908], "lowlevel.spectral_contrast_valleys.mean": [-7.162114143371582, -7.235167503356934, -7.433777332305908, -7.887759685516357, -7.69514274597168, -9.710660934448242], "lowlevel.spectral_contrast_valleys.stdev": [0.9189515113830566, 0.850206732749939, 0.8449110984802246, 0.9212045073509216, 0.9022964835166931, 1.1735541820526123], "rhythm.beats_loudness_band_ratio.mean": [0.9438994526863098, 0.012847153469920158, 0.014096739701926708, 0.01857127621769905, 0.006699965335428715, 0.01086820662021637], "rhythm.beats_loudness_band_ratio.stdev": [0.05914584919810295, 0.02772003412246704, 0.014159299433231354, 0.020847341045737267, 0.011458680033683777, 0.019499775022268295], "tonal.hpcp.mean": [0.11444109678268433, 0.1099826768040657, 0.057828739285469055, 0.045802779495716095, 0.03394804522395134, 0.021928751841187477, 0.03898416832089424, 0.047029200941324234, 0.036390822380781174, 0.038927111774683, 0.04752478376030922, 0.04884102940559387, 0.06454869359731674, 0.0582750141620636, 0.04712662100791931, 0.11561360955238342, 0.12479299306869507, 0.06565166264772415, 0.04873901233077049, 0.036138370633125305, 0.027997389435768127, 0.0636398047208786, 0.08006279915571213, 0.04860817641019821, 0.06407944113016129, 0.06994172185659409, 0.04131811112165451, 0.037689585238695145, 0.05927674099802971, 0.12800155580043793, 0.38051578402519226, 0.3707067370414734, 0.115996353328228, 0.06782186031341553, 0.06199885532259941, 0.07097061723470688], "tonal.hpcp.stdev": [0.26729148626327515, 0.26254454255104065, 0.18290375173091888, 0.16795270144939423, 0.12925434112548828, 0.09026997536420822, 0.13639970123767853, 0.16325078904628754, 0.1552824229001999, 0.13967449963092804, 0.16847646236419678, 0.16015057265758514, 0.1898650825023651, 0.17407190799713135, 0.14657317101955414, 0.23586957156658173, 0.24214273691177368, 0.18680916726589203, 0.17311051487922668, 0.14357390999794006, 0.1181214302778244, 0.1714278608560562, 0.1994173675775528, 0.14175696671009064, 0.17067977786064148, 0.20639057457447052, 0.13981744647026062, 0.14164821803569794, 0.19710645079612732, 0.24290350079536438, 0.4209720194339752, 0.41944584250450134, 0.21386106312274933, 0.212062269449234, 0.19783377647399902, 0.2007683515548706], "rhythm.beats_position": [0.4643990993499756, 0.9055781960487366, 1.3351473808288574, 1.7647165060043335, 2.2058956623077393, 2.635464906692505, 3.0650339126586914, 3.5062131881713867, 3.947392225265503, 4.3769612312316895, 4.806530475616455, 5.24770975112915, 5.6888885498046875, 6.118457794189453, 6.548027038574219, 6.989206314086914, 7.430385589599609, 7.848344326019287, 8.28952407836914, 8.73070240020752, 9.160271644592285, 9.58984088897705, 10.031020164489746, 10.472199440002441, 10.913378715515137, 11.331337928771973, 11.772517204284668, 12.202085494995117, 12.631654739379883, 13.072834014892578, 13.514013290405273, 13.93197250366211, 14.373151779174805, 14.8143310546875, 15.255510330200195, 15.673469543457031, 16.114648818969727, 16.555828094482422, 16.985397338867188, 17.414966583251953, 17.856143951416016, 18.29732322692871, 18.738502502441406], "rhythm.bpm_histogram": [0.0, 0.0, 0.0, 0.0, 0.0, 0.0, 0.0, 0.0, 0.0, 0.0, 0.0, 0.0, 0.0, 0.0, 0.0, 0.0, 0.0, 0.0, 0.0, 0.0, 0.0, 0.0, 0.0, 0.0, 0.0, 0.0, 0.0, 0.0, 0.0, 0.0, 0.0, 0.0, 0.0, 0.0, 0.0, 0.0, 0.0, 0.0, 0.0, 0.0, 0.0, 0.0, 0.0, 0.0, 0.0, 0.0, 0.0, 0.0, 0.0, 0.0, 0.0, 0.0, 0.0, 0.0, 0.0, 0.0, 0.0, 0.0, 0.0, 0.0, 0.0, 0.0, 0.0, 0.0, 0.0, 0.0, 0.0, 0.0, 0.0, 0.0, 0.0, 0.0, 0.0, 0.0, 0.0, 0.0, 0.0, 0.0, 0.0, 0.0, 0.0, 0.0, 0.0, 0.0, 0.0, 0.0, 0.0, 0.0, 0.0, 0.0, 0.0, 0.0, 0.0, 0.0, 0.0, 0.0, 0.0, 0.0, 0.0, 0.0, 0.0, 0.0, 0.0, 0.0, 0.0, 0.0, 0.0, 0.0, 0.0, 0.0, 0.0, 0.0, 0.0, 0.0, 0.0, 0.0, 0.0, 0.0, 0.0, 0.0, 0.0, 0.0, 0.0, 0.0, 0.0, 0.0, 0.0, 0.0, 0.0, 0.0, 0.0, 0.0, 0.0, 0.0, 0.0, 0.0, 0.5714285969734192, 0.0, 0.0, 0.0, 0.3333333432674408, 0.0, 0.0, 0.0, 0.095238097012043, 0.0, 0.0, 0.0, 0.0, 0.0, 0.0, 0.0, 0.0, 0.0, 0.0, 0.0, 0.0, 0.0, 0.0, 0.0, 0.0, 0.0, 0.0, 0.0, 0.0, 0.0, 0.0, 0.0, 0.0, 0.0, 0.0, 0.0, 0.0, 0.0, 0.0, 0.0, 0.0, 0.0, 0.0, 0.0, 0.0, 0.0, 0.0, 0.0, 0.0, 0.0, 0.0, 0.0, 0.0, 0.0, 0.0, 0.0, 0.0, 0.0, 0.0, 0.0, 0.0, 0.0, 0.0, 0.0, 0.0, 0.0, 0.0, 0.0, 0.0, 0.0, 0.0, 0.0, 0.0, 0.0, 0.0, 0.0, 0.0, 0.0, 0.0, 0.0, 0.0, 0.0, 0.0, 0.0, 0.0, 0.0, 0.0, 0.0, 0.0, 0.0, 0.0, 0.0, 0.0, 0.0, 0.0, 0.0, 0.0, 0.0, 0.0, 0.0, 0.0, 0.0, 0.0, 0.0, 0.0, 0.0, 0.0, 0.0, 0.0, 0.0, 0.0, 0.0, 0.0, 0.0], "tonal.chords_histogram": [44.85293960571289, 0.2450980395078659, 0.0, 0.0, 16.176469802856445, 0.0, 0.0, 0.0, 0.0, 0.0, 0.0, 0.0, 0.0, 0.0, 0.0, 0.2450980395078659, 3.43137264251709, 26.47058868408203, 0.0, 0.9803921580314636, 0.0, 2.6960785388946533, 4.411764621734619, 0.4901960790157318], "tonal.thpcp": [1.0, 0.9742217063903809, 0.3048397898674011, 0.17823664844036102, 0.16293372213840485, 0.18651162087917328, 0.30075255036354065, 0.28903576731681824, 0.151974618434906, 0.12037024646997452, 0.08921586722135544, 0.057629019021987915, 0.10245085507631302, 0.1235933005809784, 0.09563551098108292, 0.10230091214179993, 0.12489569932222366, 0.12835480272769928, 0.16963472962379456, 0.15314742922782898, 0.12384931743144989, 0.303833931684494, 0.32795748114585876, 0.17253334820270538, 0.12808670103549957, 0.09497206658124924, 0.07357747107744217, 0.16724616289138794, 0.21040599048137665, 0.12774287164211273, 0.1684015393257141, 0.18380767107009888, 0.10858448594808578, 0.0990486741065979, 0.15577997267246246, 0.33638960123062134], "lowlevel.gfcc.cov": [[7076.88671875, -1192.5091552734375, 425.57666015625, 51.79769515991211, -189.60501098632812, 162.70913696289062, -571.1089477539062, -169.55848693847656, -366.36956787109375, 88.39515686035156, -336.70745849609375, 38.38679504394531, -356.2576904296875], [-1192.5091552734375, 1630.5592041015625, -288.03009033203125, 165.53692626953125, 398.852783203125, 103.24010467529297, 432.0594482421875, 99.5694351196289, 325.03033447265625, -21.31147575378418, 270.6750793457031, -80.54891967773438, 134.48715209960938], [425.57666015625, -288.03009033203125, 832.830810546875, 146.28221130371094, 226.72377014160156, 223.34005737304688, 40.363250732421875, 151.5671844482422, 71.61502838134766, 163.55821228027344, 39.347068786621094, 108.15206909179688, 18.837791442871094], [51.79769515991211, 165.53692626953125, 146.28221130371094, 338.1134338378906, 227.88690185546875, 63.803611755371094, 24.72232437133789, -1.456702709197998, 66.65546417236328, 39.94623565673828, 30.381874084472656, -39.12488555908203, 49.618812561035156], [-189.60501098632812, 398.852783203125, 226.72377014160156, 227.88690185546875, 499.3960266113281, 265.154296875, 212.976318359375, 137.2900390625, 201.21775817871094, 149.0079803466797, 165.80581665039062, 48.098690032958984, 65.5865478515625], [162.70913696289062, 103.24010467529297, 223.34005737304688, 63.803611755371094, 265.154296875, 325.0339660644531, 231.5198211669922, 190.76358032226562, 123.21221923828125, 116.08416748046875, 112.49695587158203, 73.65966796875, 12.48511028289795], [-571.1089477539062, 432.0594482421875, 40.363250732421875, 24.72232437133789, 212.976318359375, 231.5198211669922, 410.5782165527344, 247.02511596679688, 196.65003967285156, 51.753780364990234, 167.99435424804688, 58.3960075378418, 71.71739196777344], [-169.55848693847656, 99.5694351196289, 151.5671844482422, -1.456702709197998, 137.2900390625, 190.76358032226562, 247.02511596679688, 268.8748779296875, 162.00494384765625, 94.51725769042969, 119.15275573730469, 97.85819244384766, 63.99272537231445], [-366.36956787109375, 325.03033447265625, 71.61502838134766, 66.65546417236328, 201.21775817871094, 123.21221923828125, 196.65003967285156, 162.00494384765625, 249.4393768310547, 137.08773803710938, 171.700927734375, 56.96710205078125, 73.47737121582031], [88.39515686035156, -21.31147575378418, 163.55821228027344, 39.94623565673828, 149.0079803466797, 116.08416748046875, 51.753780364990234, 94.51725769042969, 137.08773803710938, 209.5123748779297, 127.53887939453125, 80.49806213378906, 22.022647857666016], [-336.70745849609375, 270.6750793457031, 39.347068786621094, 30.381874084472656, 165.80581665039062, 112.49695587158203, 167.99435424804688, 119.15275573730469, 171.700927734375, 127.53887939453125, 209.8810577392578, 87.9567642211914, 71.99673461914062], [38.38679504394531, -80.54891967773438, 108.15206909179688, -39.12488555908203, 48.098690032958984, 73.65966796875, 58.3960075378418, 97.85819244384766, 56.96710205078125, 80.49806213378906, 87.9567642211914, 130.31085205078125, 58.017364501953125], [-356.2576904296875, 134.48715209960938, 18.837791442871094, 49.618812561035156, 65.5865478515625, 12.48511028289795, 71.71739196777344, 63.99272537231445, 73.47737121582031, 22.022647857666016, 71.99673461914062, 58.017364501953125, 126.01792907714844]], "lowlevel.gfcc.icov": [[0.0002487183955963701, -0.0001372165570501238, 4.9504018534207717e-05, -0.0003790026530623436, 0.0003130067198071629, -0.0005718214670196176, 0.0005514423828572035, -0.00014597181871067733, 4.8933121433947235e-05, -0.0001254705712199211, 0.0004416425945237279, -0.0008261863840743899, 0.0007668925682082772], [-0.0001372165570501238, 0.002262271475046873, 0.0002383038226980716, 0.0007724235183559358, -0.0016461972845718265, 0.000972107402049005, -0.001706085167825222, 0.0013328585773706436, -0.0017983189318329096, 0.002060903701931238, -0.0025185905396938324, 0.0031319421250373125, -0.0014020230155438185], [4.9504018534207717e-05, 0.0002383038226980716, 0.002146107144653797, -0.0009527060319669545, -0.00039475804078392684, -0.0008010009187273681, 0.000597811012994498, -0.0008935951627790928, 1.060611248249188e-05, -0.0006922691827639937, 0.0011533568613231182, -0.0015052336966618896, 0.0004871624696534127], [-0.0003790026530623436, 0.0007724235183559358, -0.0009527060319669545, 0.0071821133606135845, -0.003759469371289015, 0.0009765438735485077, -0.00013087948900647461, 0.0007724577444605529, -0.0002472303749527782, 0.0003101974434684962, -0.0014953339705243707, 0.007180761080235243, -0.005400873254984617], [0.0003130067198071629, -0.0016461972845718265, -0.00039475804078392684, -0.003759469371289015, 0.008503232151269913, -0.005966566503047943, 0.0010798490839079022, 0.0018887764308601618, -0.0016855904832482338, -0.0017074968200176954, 0.0011720021720975637, -0.002898680977523327, 0.000719054660294205], [-0.0005718214670196176, 0.000972107402049005, -0.0008010009187273681, 0.0009765438735485077, -0.005966566503047943, 0.014281642623245716, -0.006456954870373011, -0.0033067413605749607, 0.0038216866087168455, -0.0021455148234963417, -0.0009306162828579545, 0.00033715617610141635, 0.0026485691778361797], [0.0005514423828572035, -0.001706085167825222, 0.000597811012994498, -0.00013087948900647461, 0.0010798490839079022, -0.006456954870373011, 0.014173585921525955, -0.008285603486001492, -0.0011151112848892808, 0.004744448699057102, -0.003811285365372896, 0.0010116841876879334, 0.0010935565223917365], [-0.00014597181871067733, 0.0013328585773706436, -0.0008935951627790928, 0.0007724577444605529, 0.0018887764308601618, -0.0033067413605749607, -0.008285603486001492, 0.01801268570125103, -0.008067231625318527, -2.6371582862338983e-05, 0.00442145112901926, -0.005102374125272036, -0.0025612798053771257], [4.8933121433947235e-05, -0.0017983189318329096, 1.060611248249188e-05, -0.0002472303749527782, -0.0016855904832482338, 0.0038216866087168455, -0.0011151112848892808, -0.008067231625318527, 0.019865773618221283, -0.00869607925415039, -0.00513108354061842, 0.004842122085392475, -0.001978084212169051], [-0.0001254705712199211, 0.002060903701931238, -0.0006922691827639937, 0.0003101974434684962, -0.0017074968200176954, -0.0021455148234963417, 0.004744448699057102, -2.6371582862338983e-05, -0.00869607925415039, 0.017548048868775368, -0.008162031881511211, -0.0011710169492289424, 0.0030478020198643208], [0.0004416425945237279, -0.0025185905396938324, 0.0011533568613231182, -0.0014953339705243707, 0.0011720021720975637, -0.0009306162828579545, -0.003811285365372896, 0.00442145112901926, -0.00513108354061842, -0.008162031881511211, 0.023286281153559685, -0.013536641374230385, 0.001105118659324944], [-0.0008261863840743899, 0.0031319421250373125, -0.0015052336966618896, 0.007180761080235243, -0.002898680977523327, 0.00033715617610141635, 0.0010116841876879334, -0.005102374125272036, 0.004842122085392475, -0.0011710169492289424, -0.013536641374230385, 0.031590141355991364, -0.014218632131814957], [0.0007668925682082772, -0.0014020230155438185, 0.0004871624696534127, -0.005400873254984617, 0.000719054660294205, 0.0026485691778361797, 0.0010935565223917365, -0.0025612798053771257, -0.001978084212169051, 0.0030478020198643208, 0.001105118659324944, -0.014218632131814957, 0.020230518653988838]], "lowlevel.mfcc.cov": [[4537.07470703125, -962.6512451171875, 226.53009033203125, -144.58961486816406, 192.63656616210938, 79.32513427734375, -190.1202850341797, -286.75537109375, -227.39486694335938, -195.33026123046875, -48.17805862426758, -167.98709106445312, -193.8221893310547], [-962.6512451171875, 1179.6981201171875, -216.9683837890625, 133.1170654296875, 68.50941467285156, 142.09542846679688, 182.49609375, 220.1156768798828, 169.93190002441406, 102.58775329589844, 188.14715576171875, 220.6097412109375, 137.3428497314453], [226.53009033203125, -216.9683837890625, 495.74127197265625, 25.173097610473633, 112.99440002441406, 28.165050506591797, 44.68186950683594, 29.5938777923584, 32.182647705078125, 58.161014556884766, 5.976729393005371, -31.09433364868164, 35.98561096191406], [-144.58961486816406, 133.1170654296875, 25.173097610473633, 272.2898254394531, 152.82518005371094, 90.74915313720703, 19.12240982055664, -16.820987701416016, 30.065338134765625, 58.81172561645508, 1.9255986213684082, -17.774553298950195, 10.519253730773926], [192.63656616210938, 68.50941467285156, 112.99440002441406, 152.82518005371094, 341.2400817871094, 189.53448486328125, 84.5689468383789, 9.126060485839844, 56.32486343383789, 66.39385223388672, 98.35997009277344, 43.04100036621094, 58.774784088134766], [79.32513427734375, 142.09542846679688, 28.165050506591797, 90.74915313720703, 189.53448486328125, 209.69801330566406, 118.61854553222656, 38.585357666015625, 56.12184143066406, 54.18592071533203, 105.51189422607422, 68.79519653320312, 51.07005310058594], [-190.1202850341797, 182.49609375, 44.68186950683594, 19.12240982055664, 84.5689468383789, 118.61854553222656, 223.30511474609375, 173.6671600341797, 115.8181381225586, 69.35753631591797, 103.47901153564453, 84.55116271972656, 85.4454116821289], [-286.75537109375, 220.1156768798828, 29.5938777923584, -16.820987701416016, 9.126060485839844, 38.585357666015625, 173.6671600341797, 246.25009155273438, 149.82493591308594, 72.98600006103516, 86.81534576416016, 85.39888763427734, 89.31363677978516], [-227.39486694335938, 169.93190002441406, 32.182647705078125, 30.065338134765625, 56.32486343383789, 56.12184143066406, 115.8181381225586, 149.82493591308594, 165.42823791503906, 84.90359497070312, 80.51378631591797, 62.78072738647461, 76.05713653564453], [-195.33026123046875, 102.58775329589844, 58.161014556884766, 58.81172561645508, 66.39385223388672, 54.18592071533203, 69.35753631591797, 72.98600006103516, 84.90359497070312, 136.1172332763672, 95.82941436767578, 57.94668960571289, 61.696109771728516], [-48.17805862426758, 188.14715576171875, 5.976729393005371, 1.9255986213684082, 98.35997009277344, 105.51189422607422, 103.47901153564453, 86.81534576416016, 80.51378631591797, 95.82941436767578, 203.1221923828125, 146.0845489501953, 89.43244171142578], [-167.98709106445312, 220.6097412109375, -31.09433364868164, -17.774553298950195, 43.04100036621094, 68.79519653320312, 84.55116271972656, 85.39888763427734, 62.78072738647461, 57.94668960571289, 146.0845489501953, 174.11817932128906, 102.06011962890625], [-193.8221893310547, 137.3428497314453, 35.98561096191406, 10.519253730773926, 58.774784088134766, 51.07005310058594, 85.4454116821289, 89.31363677978516, 76.05713653564453, 61.696109771728516, 89.43244171142578, 102.06011962890625, 131.00445556640625]], "lowlevel.mfcc.icov": [[0.0003375690430402756, 0.0002274122671224177, -8.558945410186425e-05, 0.00016215942741837353, -0.00021471033687703311, -0.0003609720733948052, 0.00035212383954785764, -0.00018622251809574664, 0.00010271163773722947, 0.0005104602896608412, -0.0004728574422188103, 0.00017195160035043955, 0.0002946648164652288], [0.0002274122671224177, 0.0017301624175161123, 0.0005535083473660052, -0.0009996818844228983, 0.00023390317801386118, -0.0006736026844009757, 0.00045379530638456345, -0.0011628337670117617, -0.00026443946990184486, 0.0006631148862652481, -0.00039551840745843947, -0.0013838016893714666, 0.0002945642336271703], [-8.558945410186425e-05, 0.0005535083473660052, 0.0028702954296022654, 0.0002531060890760273, -0.0011560798157006502, 0.0005748591502197087, -0.0004717491683550179, -0.0005220332532189786, 0.000418652780354023, -0.0015073437243700027, 0.000515139487106353, 0.0008762232610024512, -0.0011249963426962495], [0.00016215942741837353, -0.0009996818844228983, 0.0002531060890760273, 0.0073200250044465065, -0.0029206383042037487, -0.001519093755632639, 0.000589451112318784, 0.0010930360294878483, -0.0001152570330305025, -0.003977303393185139, 0.003299432573840022, 0.0012381714768707752, 0.00012653821613639593], [-0.00021471033687703311, 0.00023390317801386118, -0.0011560798157006502, -0.0029206383042037487, 0.00852352473884821, -0.005714540835469961, 0.0007778053404763341, 0.000992157612927258, -0.0012133356649428606, 0.0013652899069711566, -0.0026559955440461636, 0.0018901340663433075, -0.002388776047155261], [-0.0003609720733948052, -0.0006736026844009757, 0.0005748591502197087, -0.001519093755632639, -0.005714540835469961, 0.01684064045548439, -0.009258422069251537, 0.005437205545604229, -0.0011980121489614248, 0.0006178767653182149, -0.0023702143225818872, -0.0018979535670951009, 0.001967955846339464], [0.00035212383954785764, 0.00045379530638456345, -0.0004717491683550179, 0.000589451112318784, 0.0007778053404763341, -0.009258422069251537, 0.017774274572730064, -0.011453710496425629, 0.0012977664591744542, 0.0007625790312886238, -0.0012932149693369865, 0.0016994040925055742, -0.0019501924980431795], [-0.00018622251809574664, -0.0011628337670117617, -0.0005220332532189786, 0.0010930360294878483, 0.000992157612927258, 0.005437205545604229, -0.011453710496425629, 0.018512330949306488, -0.00966525636613369, -6.578525790246204e-05, 0.0007871696725487709, -0.0014880853705108166, -0.0004517566703725606], [0.00010271163773722947, -0.00026443946990184486, 0.000418652780354023, -0.0001152570330305025, -0.0012133356649428606, -0.0011980121489614248, 0.0012977664591744542, -0.00966525636613369, 0.018181707710027695, -0.004998508375138044, -0.0005318452604115009, 0.002541130408644676, -0.0027405424043536186], [0.0005104602896608412, 0.0006631148862652481, -0.0015073437243700027, -0.003977303393185139, 0.0013652899069711566, 0.0006178767653182149, 0.0007625790312886238, -6.578525790246204e-05, -0.004998508375138044, 0.018224123865365982, -0.009758460335433483, 0.003142202040180564, -0.0019792725797742605], [-0.0004728574422188103, -0.00039551840745843947, 0.000515139487106353, 0.003299432573840022, -0.0026559955440461636, -0.0023702143225818872, -0.0012932149693369865, 0.0007871696725487709, -0.0005318452604115009, -0.009758460335433483, 0.021681124344468117, -0.01409052312374115, 0.0028118675108999014], [0.00017195160035043955, -0.0013838016893714666, 0.0008762232610024512, 0.0012381714768707752, 0.0018901340663433075, -0.0018979535670951009, 0.0016994040925055742, -0.0014880853705108166, 0.002541130408644676, 0.003142202040180564, -0.01409052312374115, 0.024670297279953957, -0.011392533779144287], [0.0002946648164652288, 0.0002945642336271703, -0.0011249963426962495, 0.00012653821613639593, -0.002388776047155261, 0.001967955846339464, -0.0019501924980431795, -0.0004517566703725606, -0.0027405424043536186, -0.0019792725797742605, 0.0028118675108999014, -0.011392533779144287, 0.019422931596636772]], "metadata.audio_properties.analysis.downmix": "mix", "metadata.audio_properties.codec": "mp3", "metadata.audio_properties.md5_encoded": "a6c3dfb160fdfa52f98fd40101476f8d", "metadata.tags.file_name": "1183696697113714709.mp3", "metadata.version.essentia": "2.1-beta6-dev", "metadata.version.essentia_git_sha": "v2.1_beta5-1110-g77a6a954", "metadata.version.extractor": "music 2.0", "tonal.chords_key": "G", "tonal.chords_scale": "major", "tonal.key_edma.key": "G", "tonal.key_edma.scale": "major", "tonal.key_krumhansl.key": "G", "tonal.key_krumhansl.scale": "major", "tonal.key_temperley.key": "G", "tonal.key_temperley.scale": "major", "metadata.tags.encoding": ["Lavf58.45.100"]}, "essentia_models": [{"model_name": "genre_dortmund", "activations": {"alternative": "0.025599167", "blues": "0.0012496953", "electronic": "0.14981516", "folkcountry": "0.043256164", "funksoulrnb": "0.019095233", "jazz": "0.013286865", "pop": "0.35061324", "raphiphop": "0.06346641", "rock": "0.27460796"}}, {"model_name": "genre_rosamerica", "activations": {"classic": "0.0010569413", "dance": "0.99411225", "hip hop": "0.0043542036", "jazz": "0.003478822", "pop": "0.0084112575", "rhythm and blues": "0.0012176523", "rock": "0.0024653093", "speech": "0.0063156714"}}, {"model_name": "genre_tzanetakis", "activations": {"blues": "0.0004951049", "classic": "0.0009777971", "country": "0.05