{"song_id": "1183673130493939762", "download": "https://cdn.discordapp.com/attachments/1135903449314238464/1183673130493939762/chirp.mp4?ex=65893081&amp", "lyrics": "[verse]\nIn the age of Christofascist madness\nWhere macho minds breed nothing but sadness\nDrowning in a sea of misguided pride\nA storm of intolerance we cannot hide\n\n[chorus]\nBreak the chains, rise above the hate\nIn this world, let's radiate\nLove and acceptance, let it show\nTogether we'll conquer, let freedom grow", "style": ["in the style of queen"], "essentia_features": {"lowlevel.average_loudness": 0.9844841361045837, "lowlevel.barkbands_crest.mean": 12.020623207092285, "lowlevel.barkbands_crest.stdev": 4.498371601104736, "lowlevel.barkbands_flatness_db.mean": 0.14695021510124207, "lowlevel.barkbands_flatness_db.stdev": 0.04874735698103905, "lowlevel.barkbands_kurtosis.mean": 5.9226298332214355, "lowlevel.barkbands_kurtosis.stdev": 10.92567253112793, "lowlevel.barkbands_skewness.mean": 2.0771093368530273, "lowlevel.barkbands_skewness.stdev": 1.55820894241333, "lowlevel.barkbands_spread.mean": 32.6622428894043, "lowlevel.barkbands_spread.stdev": 19.313762664794922, "lowlevel.dissonance.mean": 0.4815836250782013, "lowlevel.dissonance.stdev": 0.02010098472237587, "lowlevel.dynamic_complexity": 1.5282163619995117, "lowlevel.erbbands_crest.mean": 8.189359664916992, "lowlevel.erbbands_crest.stdev": 4.617959022521973, "lowlevel.erbbands_flatness_db.mean": 0.13160787522792816, "lowlevel.erbbands_flatness_db.stdev": 0.035579558461904526, "lowlevel.erbbands_kurtosis.mean": 0.41982170939445496, "lowlevel.erbbands_kurtosis.stdev": 2.1631906032562256, "lowlevel.erbbands_skewness.mean": -0.5900132656097412, "lowlevel.erbbands_skewness.stdev": 0.7363907098770142, "lowlevel.erbbands_spread.mean": 56.689064025878906, "lowlevel.erbbands_spread.stdev": 22.392501831054688, "lowlevel.hfc.mean": 34.81208419799805, "lowlevel.hfc.stdev": 31.497501373291016, "lowlevel.loudness_ebu128.integrated": -15.286751747131348, "lowlevel.loudness_ebu128.loudness_range": 0.9871063232421875, "lowlevel.loudness_ebu128.momentary.mean": -15.384103775024414, "lowlevel.loudness_ebu128.momentary.stdev": 0.937524676322937, "lowlevel.loudness_ebu128.short_term.mean": -15.314061164855957, "lowlevel.loudness_ebu128.short_term.stdev": 0.31509464979171753, "lowlevel.melbands_crest.mean": 19.248991012573242, "lowlevel.melbands_crest.stdev": 5.130558490753174, "lowlevel.melbands_flatness_db.mean": 0.21135835349559784, "lowlevel.melbands_flatness_db.stdev": 0.061315182596445084, "lowlevel.melbands_kurtosis.mean": 32.11942672729492, "lowlevel.melbands_kurtosis.stdev": 40.68214797973633, "lowlevel.melbands_skewness.mean": 4.56613302230835, "lowlevel.melbands_skewness.stdev": 2.626039743423462, "lowlevel.melbands_spread.mean": 26.110748291015625, "lowlevel.melbands_spread.stdev": 23.208921432495117, "lowlevel.pitch_salience.mean": 0.4347754716873169, "lowlevel.pitch_salience.stdev": 0.1267198622226715, "lowlevel.silence_rate_20dB.mean": 1.0, "lowlevel.silence_rate_20dB.stdev": 0.0, "lowlevel.silence_rate_30dB.mean": 0.9206762313842773, "lowlevel.silence_rate_30dB.stdev": 0.2702437937259674, "lowlevel.silence_rate_60dB.mean": 0.0013003901112824678, "lowlevel.silence_rate_60dB.stdev": 0.03603716194629669, "lowlevel.spectral_centroid.mean": 1859.183837890625, "lowlevel.spectral_centroid.stdev": 642.4446411132812, "lowlevel.spectral_complexity.mean": 22.01040267944336, "lowlevel.spectral_complexity.stdev": 9.934823989868164, "lowlevel.spectral_decrease.mean": -1.1424794443826158e-08, "lowlevel.spectral_decrease.stdev": 1.0160920993484979e-08, "lowlevel.spectral_energy.mean": 0.046277351677417755, "lowlevel.spectral_energy.stdev": 0.039161112159490585, "lowlevel.spectral_energyband_high.mean": 0.0026381327770650387, "lowlevel.spectral_energyband_high.stdev": 0.0038831813726574183, "lowlevel.spectral_energyband_low.mean": 0.03202078118920326, "lowlevel.spectral_energyband_low.stdev": 0.03773461654782295, "lowlevel.spectral_energyband_middle_high.mean": 0.00562095083296299, "lowlevel.spectral_energyband_middle_high.stdev": 0.005003010854125023, "lowlevel.spectral_energyband_middle_low.mean": 0.008561649359762669, "lowlevel.spectral_energyband_middle_low.stdev": 0.007640315685421228, "lowlevel.spectral_entropy.mean": 7.845217227935791, "lowlevel.spectral_entropy.stdev": 0.28189656138420105, "lowlevel.spectral_flux.mean": 0.10822468996047974, "lowlevel.spectral_flux.stdev": 0.07194080203771591, "lowlevel.spectral_kurtosis.mean": 2.511890411376953, "lowlevel.spectral_kurtosis.stdev": 1.3648796081542969, "lowlevel.spectral_rms.mean": 0.006345929112285376, "lowlevel.spectral_rms.stdev": 0.0022085874807089567, "lowlevel.spectral_rolloff.mean": 1676.779296875, "lowlevel.spectral_rolloff.stdev": 1924.7459716796875, "lowlevel.spectral_skewness.mean": 1.0309526920318604, "lowlevel.spectral_skewness.stdev": 0.3041580617427826, "lowlevel.spectral_spread.mean": 4929058.5, "lowlevel.spectral_spread.stdev": 1272161.375, "lowlevel.spectral_strongpeak.mean": 0.7140745520591736, "lowlevel.spectral_strongpeak.stdev": 1.014945149421692, "lowlevel.zerocrossingrate.mean": 0.06914005428552628, "lowlevel.zerocrossingrate.stdev": 0.04099080711603165, "metadata.audio_properties.analysis.equal_loudness": 0.0, "metadata.audio_properties.analysis.length": 35.668277740478516, "metadata.audio_properties.analysis.sample_rate": 44100.0, "metadata.audio_properties.analysis.start_time": 0.0, "metadata.audio_properties.bit_rate": 120151.0, "metadata.audio_properties.length": 35.669334411621094, "metadata.audio_properties.lossless": 0.0, "metadata.audio_properties.number_channels": 1.0, "metadata.audio_properties.replay_gain": -9.969507217407227, "metadata.audio_properties.sample_rate": 48000.0, "rhythm.beats_count": 56.0, "rhythm.beats_loudness.mean": 0.029872655868530273, "rhythm.beats_loudness.stdev": 0.011096681468188763, "rhythm.bpm": 95.8672866821289, "rhythm.bpm_histogram_first_peak_bpm": 96.0, "rhythm.bpm_histogram_first_peak_weight": 0.09090906381607056, "rhythm.bpm_histogram_second_peak_bpm": 0.0, "rhythm.bpm_histogram_second_peak_spread": 0.0, "rhythm.bpm_histogram_second_peak_weight": 0.0, "rhythm.danceability": 1.761385440826416, "rhythm.onset_rate": 4.146927833557129, "tonal.chords_changes_rate": 0.048051949590444565, "tonal.chords_number_rate": 0.014285714365541935, "tonal.chords_strength.mean": 0.5322473049163818, "tonal.chords_strength.stdev": 0.07369476556777954, "tonal.hpcp_crest.mean": 11.867273330688477, "tonal.hpcp_crest.stdev": 5.936793804168701, "tonal.hpcp_entropy.mean": 2.362403392791748, "tonal.hpcp_entropy.stdev": 0.893836498260498, "tonal.key_edma.strength": 0.5910792350769043, "tonal.key_krumhansl.strength": 0.5925238728523254, "tonal.key_temperley.strength": 0.5964789390563965, "tonal.tuning_diatonic_strength": 0.6424572467803955, "tonal.tuning_equal_tempered_deviation": 0.10945743322372437, "tonal.tuning_frequency": 438.98455810546875, "tonal.tuning_nontempered_energy_ratio": 0.7924802303314209, "lowlevel.barkbands.mean": [0.00030375944334082305, 0.0168581772595644, 0.012385894544422626, 0.0034101298078894615, 0.0020126616582274437, 0.0006211200379766524, 0.0005918529350310564, 0.0010454896837472916, 0.0007189629832282662, 0.00041129812598228455, 0.0003738072409760207, 0.00046925205970183015, 0.00039867591112852097, 0.0003958345914725214, 0.0005306444363668561, 0.0006883629830554128, 0.0009006915497593582, 0.0006475406116805971, 0.000563444453291595, 0.0005992621299810708, 0.0004014649603050202, 0.0007997404900379479, 0.0006418491830118, 0.00020312545530032367, 0.0002040267427219078, 9.902728197630495e-05, 1.30043258650403e-06], "lowlevel.barkbands.stdev": [0.000491563172545284, 0.03176633641123772, 0.010066080838441849, 0.0038222158327698708, 0.0035869430284947157, 0.001385602867230773, 0.0017263776389881968, 0.0024891875218600035, 0.0019043413922190666, 0.0010970259318128228, 0.0009925436461344361, 0.001524206716567278, 0.0010594706982374191, 0.0008403094834648073, 0.001035451889038086, 0.0012980331666767597, 0.0020635626278817654, 0.0008586564217694104, 0.0006586398230865598, 0.0009164220537059009, 0.0007594176568090916, 0.0014566071331501007, 0.0012472784146666527, 0.0006401001592166722, 0.0006552000413648784, 0.00015064187755342573, 3.539874569469248e-06], "lowlevel.erbbands.mean": [0.3909975290298462, 4.216536998748779, 13.663073539733887, 14.095660209655762, 6.299704551696777, 7.558443069458008, 7.555141448974609, 4.123290538787842, 4.645839691162109, 18.016359329223633, 22.910184860229492, 16.597246170043945, 13.819607734680176, 14.2384614944458, 14.644083023071289, 21.750024795532227, 16.77297592163086, 23.15581512451172, 22.881103515625, 33.32998275756836, 42.57341384887695, 50.914306640625, 33.50615310668945, 35.24789047241211, 27.62826156616211, 26.81303596496582, 20.73116111755371, 13.901936531066895, 24.657407760620117, 36.25363540649414, 12.889369010925293, 3.53609037399292, 4.238430976867676, 2.9293859004974365, 1.0606329441070557, 0.45536020398139954, 0.19151131808757782, 0.02180478163063526, 0.0004448345862329006, 7.498075865441933e-05], "lowlevel.erbbands.stdev": [0.7444337010383606, 7.698278903961182, 12.818778991699219, 11.310592651367188, 7.117912292480469, 15.872086524963379, 17.74919891357422, 9.449137687683105, 12.867820739746094, 49.92550277709961, 55.535972595214844, 42.45042419433594, 40.405216217041016, 29.604400634765625, 31.326929092407227, 75.89778137207031, 34.0012321472168, 53.89655303955078, 42.56772232055664, 74.32642364501953, 73.04175567626953, 115.32205200195312, 39.07300567626953, 41.1816520690918, 35.63602828979492, 38.74359893798828, 38.99070358276367, 25.450185775756836, 44.62841796875, 67.83650970458984, 25.60347557067871, 9.520995140075684, 14.441458702087402, 11.038506507873535, 2.699305772781372, 0.7962891459465027, 0.28021326661109924, 0.03410892188549042, 0.000636723474599421, 5.426229108707048e-05], "lowlevel.gfcc.mean": [33.85704040527344, 64.44740295410156, -107.55329895019531, 67.0443115234375, -41.59722137451172, 24.88618278503418, -28.140119552612305, 13.127784729003906, -23.04399299621582, -0.301962286233902, -27.272541046142578, -0.4874085485935211, -23.219430923461914], "lowlevel.melbands.mean": [0.00417965417727828, 0.006484852638095617, 0.0021690037101507187, 0.00045482104178518057, 0.0002879411040339619, 9.561709885019809e-05, 8.204383630072698e-05, 0.0002032295014942065, 0.00018290344451088458, 9.721371316118166e-05, 6.687388668069616e-05, 5.5499476729892194e-05, 5.2183400839567184e-05, 5.2254312322475016e-05, 4.207816527923569e-05, 4.190132312942296e-05, 4.1875275201164186e-05, 3.4405082260491326e-05, 3.8754391425754875e-05, 4.433031062944792e-05, 5.227554720477201e-05, 5.976032844046131e-05, 2.950272391899489e-05, 3.255832416471094e-05, 2.8397193091223016e-05, 1.9117856936645694e-05, 2.1395846488303505e-05, 1.686590985627845e-05, 1.4455125892709475e-05, 9.387147656525485e-06, 7.133304279705044e-06, 1.18109819595702e-05, 1.9959412384196185e-05, 2.032702468568459e-05, 8.332853212777991e-06, 2.7728233362722676e-06, 1.887793246169167e-06, 3.0721109851583606e-06, 2.8633430702029727e-06, 2.3311797576752724e-06], "lowlevel.melbands.stdev": [0.008051160722970963, 0.007188672665506601, 0.0015619220212101936, 0.0007420286419801414, 0.0006335820071399212, 0.00021401951380539685, 0.0002274941944051534, 0.0005353690357878804, 0.00045373759348876774, 0.0002465502475388348, 0.00020287783991079777, 0.00012003580195596442, 0.0001364631752949208, 0.00016376898565795273, 0.00011101838754257187, 0.00011547858593985438, 9.809013135964051e-05, 6.789981125621125e-05, 7.570820162072778e-05, 9.460459114052355e-05, 0.0001030637213261798, 0.00015436486864928156, 4.474223533179611e-05, 4.772454485646449e-05, 3.4623353712959215e-05, 2.5998080673161894e-05, 2.8716014639940113e-05, 2.7206548111280426e-05, 2.9120456019882113e-05, 1.757602694851812e-05, 1.4345342606247868e-05, 2.1654141164617613e-05, 4.058490230818279e-05, 3.965049108956009e-05, 1.7574117009644397e-05, 7.2816105785022955e-06, 5.720742592529859e-06, 1.075235559255816e-05, 9.981939911085647e-06, 9.303939805249684e-06], "lowlevel.melbands128.mean": [0.00022294872906059027, 0.002420594682916999, 0.0061489795334637165, 0.007008715067058802, 0.007415313273668289, 0.005609083455055952, 0.0031386546324938536, 0.0012144421925768256, 0.0004721247823908925, 0.00043883800390176475, 0.0004329694202169776, 0.0003615275491029024, 0.0002759789349511266, 0.00016305498138535768, 9.217619663104415e-05, 5.836030686623417e-05, 5.344321471056901e-05, 6.35814867564477e-05, 0.0001306453050347045, 0.00025635393103584647, 0.00019290723139420152, 0.00018871360225602984, 0.00020847631094511598, 0.00014053561608307064, 0.00011027686559827998, 6.893486715853214e-05, 8.983942825580016e-05, 7.269244088092819e-05, 3.6432906199479476e-05, 6.172504072310403e-05, 5.3639199904864654e-05, 6.025999391567893e-05, 6.832052895333618e-05, 3.0490618883050047e-05, 3.13595992338378e-05, 6.855434185126796e-05, 7.594500493723899e-05, 2.976317955472041e-05, 3.3860640542116016e-05, 2.9181785066612065e-05, 4.3026266212109476e-05, 6.413266964955255e-05, 4.059462662553415e-05, 3.4205215342808515e-05, 2.806020711432211e-05, 3.402298170840368e-05, 4.542911483440548e-05, 2.4823604690027423e-05, 4.080715370946564e-05, 6.154126458568498e-05, 3.76003299606964e-05, 3.554231079760939e-05, 5.333174340194091e-05, 5.345645695342682e-05, 6.439963181037456e-05, 7.653400825802237e-05, 3.768084570765495e-05, 3.250112058594823e-05, 2.561037581472192e-05, 2.4475655663991347e-05, 3.5075143387075514e-05, 3.725778515217826e-05, 3.1343155569629744e-05, 2.80332187685417e-05, 1.8991091565112583e-05, 1.8756118151941337e-05, 1.8910634025814943e-05, 1.8737078789854422e-05, 2.5785240723052993e-05, 1.9940047423006035e-05, 1.3766400115855504e-05, 1.7740228940965608e-05, 1.683748996583745e-05, 1.4485546671494376e-05, 1.0632201338012237e-05, 9.790453987079673e-06, 8.819610229693353e-06, 7.552073384431424e-06, 6.439754542952869e-06, 6.708548880851595e-06, 1.0487543477211148e-05, 1.3460692571243271e-05, 1.6514437447767705e-05, 2.076918462989852e-05, 2.2305326638161205e-05, 2.411023342574481e-05, 1.9296012396807782e-05, 1.3866881090507377e-05, 7.272088623722084e-06, 4.948496098222677e-06, 3.6527922020468395e-06, 2.166815875170869e-06, 1.2052446436428e-06, 1.4828131043032045e-06, 2.4862665668479167e-06, 3.142729838145897e-06, 3.220025291739148e-06, 2.96162033919245e-06, 2.804333917083568e-06, 2.8758481676049996e-06, 2.8920253498654347e-06, 2.408288537480985e-06, 1.3393600966082886e-06, 1.4436441233556252e-06, 9.122888400270313e-07, 1.1930591199416085e-06, 9.490606203144125e-07, 6.661782094852242e-07, 7.796491559020069e-07, 7.39433744456619e-07, 7.923825364741788e-07, 6.92728008289123e-07, 6.336533715511905e-07, 5.5163303613881e-07, 4.067896099968493e-07, 2.3957460371093475e-07, 5.428192295653389e-08, 7.816931546500427e-10, 4.901718267391608e-11, 3.1924213272915836e-11, 2.5492316590991493e-11, 9.069808272477164e-12, 6.03043830149641e-12, 5.8625834221948114e-12, 5.5992940319049556e-12, 5.245266460757181e-12, 5.0494738598749755e-12, 4.998973023723208e-12], "lowlevel.melbands128.stdev": [0.0004251506179571152, 0.004490876570343971, 0.013067624531686306, 0.013206017203629017, 0.008402431383728981, 0.00430108280852437, 0.0028839493170380592, 0.0012718321522697806, 0.0007685754681006074, 0.0009278260404244065, 0.001090283039957285, 0.001006206264719367, 0.0007735422113910317, 0.0004366170323919505, 0.00026103650452569127, 0.00018546535284258425, 0.00019022983906324953, 0.00022251468908507377, 0.0004555052728392184, 0.0008293984574265778, 0.0006556286825798452, 0.0005561911384575069, 0.0006517033907584846, 0.0005769896670244634, 0.00040143480873666704, 0.00022867041116114706, 0.0002881106047425419, 0.00035018997732549906, 0.00012464483734220266, 0.00017745618242770433, 0.00017185547039844096, 0.00020263422629795969, 0.00023726945801172405, 7.839807221898809e-05, 9.894398681353778e-05, 0.0002650850510690361, 0.00037732277996838093, 8.238848386099562e-05, 0.00011671968968585134, 7.85332013037987e-05, 0.00018985962378792465, 0.0002555285464040935, 0.0001434964797226712, 9.79338728939183e-05, 7.600183744216338e-05, 9.743146074470133e-05, 0.00014162719890009612, 5.9775557019747794e-05, 0.00012666442489717156, 0.0002173236571252346, 0.00011602068116189912, 8.035850623855367e-05, 0.00013312531518749893, 0.0001667124015511945, 0.00020226827473379672, 0.0002711707493290305, 0.00010715182725107297, 8.514676301274449e-05, 4.020698179374449e-05, 4.26338410761673e-05, 6.993659917498007e-05, 7.736037514405325e-05, 4.8574776883469895e-05, 3.788324102060869e-05, 3.011590160895139e-05, 2.9833450753358193e-05, 3.4533102734712884e-05, 2.902989581343718e-05, 4.2120704165427014e-05, 2.796634544210974e-05, 2.3760951080475934e-05, 4.0243277908302844e-05, 3.936863868148066e-05, 3.287622530478984e-05, 2.2409089069697075e-05, 2.17661709029926e-05, 1.5629437257302925e-05, 1.6020567272789776e-05, 1.886127756733913e-05, 1.3324719475349411e-05, 2.1558547814493068e-05, 2.8324977392912842e-05, 3.793784344452433e-05, 4.696545147453435e-05, 5.0878123147413135e-05, 4.81620263599325e-05, 4.297111081541516e-05, 3.452997043495998e-05, 1.613510903553106e-05, 1.1928837921004742e-05, 1.046274701366201e-05, 7.008793545537628e-06, 3.802874289249303e-06, 4.861010893364437e-06, 8.890700883057434e-06, 1.1138666195620317e-05, 1.2628164768102579e-05, 1.1269319657003507e-05, 9.477957974013407e-06, 1.0990052032866515e-05, 1.4032847502676304e-05, 9.298240911448374e-06, 5.339636572898598e-06, 5.104658612253843e-06, 2.0328764094301732e-06, 2.7396970381232677e-06, 1.971334995687357e-06, 1.6916344520723214e-06, 1.6502875723745092e-06, 1.1540545301613747e-06, 1.4264049923440325e-06, 1.0560005421211827e-06, 1.022944388751057e-06, 9.694254003989045e-07, 6.867238084851124e-07, 4.924108907289337e-07, 1.3391182562827453e-07, 7.736998597351885e-09, 1.153316331325982e-09, 6.04474248433462e-10, 4.770891459671134e-10, 7.09910116802881e-11, 1.4443031839950216e-11, 1.3414622711260815e-11, 1.1191764529017156e-11, 8.798172260182646e-12, 8.287868655254549e-12, 8.235166888692635e-12], "lowlevel.mfcc.mean": [-609.310302734375, 86.52371978759766, 2.5187020301818848, 48.10126876831055, 14.387998580932617, 21.87766456604004, 6.035242080688477, 17.622182846069336, 5.693413257598877, 5.1541008949279785, 6.057088851928711, -6.3020453453063965, 4.873060703277588], "lowlevel.spectral_contrast_coeffs.mean": [-0.6584417223930359, -0.7757680416107178, -0.7930709719657898, -0.7909955382347107, -0.7861347198486328, -0.683623194694519], "lowlevel.spectral_contrast_coeffs.stdev": [0.061487045139074326, 0.08475562930107117, 0.07420866191387177, 0.05819100886583328, 0.04530053213238716, 0.05559521168470383], "lowlevel.spectral_contrast_valleys.mean": [-6.514631271362305, -7.136778354644775, -7.456220626831055, -7.3105621337890625, -6.840757369995117, -10.095596313476562], "lowlevel.spectral_contrast_valleys.stdev": [0.5607895255088806, 0.6034178733825684, 0.4889918565750122, 0.44336917996406555, 0.5211508274078369, 0.9784072041511536], "rhythm.beats_loudness_band_ratio.mean": [0.5911051630973816, 0.10197490453720093, 0.046506863087415695, 0.04903019219636917, 0.09287525713443756, 0.1430085003376007], "rhythm.beats_loudness_band_ratio.stdev": [0.14409133791923523, 0.11392535269260406, 0.04372681677341461, 0.05707026645541191, 0.06863539665937424, 0.07460460811853409], "tonal.hpcp.mean": [0.34715917706489563, 0.20936273038387299, 0.062488336116075516, 0.05048748850822449, 0.0449422150850296, 0.06862501800060272, 0.12496455758810043, 0.13837957382202148, 0.1481921672821045, 0.1716456264257431, 0.11156154423952103, 0.06163271144032478, 0.06629525870084763, 0.07455888390541077, 0.11495645344257355, 0.20682674646377563, 0.17828428745269775, 0.06990259140729904, 0.03982086107134819, 0.02905500866472721, 0.04232404753565788, 0.07070979475975037, 0.06827786564826965, 0.07088056951761246, 0.08835213631391525, 0.06170745939016342, 0.03858896344900131, 0.03910118341445923, 0.03952260687947273, 0.11008443683385849, 0.18027929961681366, 0.11140486598014832, 0.03584345057606697, 0.04114122688770294, 0.06363144516944885, 0.20997871458530426], "tonal.hpcp.stdev": [0.4211314916610718, 0.2821062207221985, 0.17283041775226593, 0.1628888100385666, 0.14811742305755615, 0.17490454018115997, 0.24911639094352722, 0.271792471408844, 0.2659957706928253, 0.31515249609947205, 0.23423157632350922, 0.17366890609264374, 0.18796271085739136, 0.19040276110172272, 0.22626301646232605, 0.32363659143447876, 0.2895268201828003, 0.17299924790859222, 0.11071761697530746, 0.09282603114843369, 0.09979350119829178, 0.1672143191099167, 0.16364143788814545, 0.17798595130443573, 0.24472437798976898, 0.1698862463235855, 0.11940199136734009, 0.09477334469556808, 0.10315390676259995, 0.22523027658462524, 0.34178659319877625, 0.22239884734153748, 0.09507323056459427, 0.12255679070949554, 0.16403424739837646, 0.2876040041446686], "rhythm.beats_position": [0.6153287887573242, 1.2306575775146484, 1.8575963973999023, 2.4845352172851562, 3.111473798751831, 3.738412618637085, 4.36535120010376, 4.992290019989014, 5.619228839874268, 6.2461676597595215, 6.873106479644775, 7.500045299530029, 8.126983642578125, 8.753922462463379, 9.380861282348633, 10.007800102233887, 10.63473892211914, 11.261677742004395, 11.888616561889648, 12.515555381774902, 13.130884170532227, 13.74621295928955, 14.373151779174805, 15.000090599060059, 15.627029418945312, 16.25396728515625, 16.88090705871582, 17.507844924926758, 18.134784698486328, 18.761722564697266, 19.388662338256836, 20.015600204467773, 20.642539978027344, 21.26947784423828, 21.89641761779785, 22.52335548400879, 23.13868522644043, 23.754013061523438, 24.380952835083008, 25.007890701293945, 25.634828567504883, 26.261768341064453, 26.88870620727539, 27.51564598083496, 28.1425838470459, 28.76952362060547, 29.396461486816406, 30.023401260375977, 30.650339126586914, 31.277278900146484, 31.904216766357422, 32.53115463256836, 33.15809631347656, 33.7850341796875, 34.41197204589844, 35.038909912109375], "rhythm.bpm_histogram": [0.0, 0.0, 0.0, 0.0, 0.0, 0.0, 0.0, 0.0, 0.0, 0.0, 0.0, 0.0, 0.0, 0.0, 0.0, 0.0, 0.0, 0.0, 0.0, 0.0, 0.0, 0.0, 0.0, 0.0, 0.0, 0.0, 0.0, 0.0, 0.0, 0.0, 0.0, 0.0, 0.0, 0.0, 0.0, 0.0, 0.0, 0.0, 0.0, 0.0, 0.0, 0.0, 0.0, 0.0, 0.0, 0.0, 0.0, 0.0, 0.0, 0.0, 0.0, 0.0, 0.0, 0.0, 0.0, 0.0, 0.0, 0.0, 0.0, 0.0, 0.0, 0.0, 0.0, 0.0, 0.0, 0.0, 0.0, 0.0, 0.0, 0.0, 0.0, 0.0, 0.0, 0.0, 0.0, 0.0, 0.0, 0.0, 0.0, 0.0, 0.0, 0.0, 0.0, 0.0, 0.0, 0.0, 0.0, 0.0, 0.0, 0.0, 0.0, 0.0, 0.0, 0.0, 0.0, 0.0, 0.9090909361839294, 0.0, 0.09090909361839294, 0.0, 0.0, 0.0, 0.0, 0.0, 0.0, 0.0, 0.0, 0.0, 0.0, 0.0, 0.0, 0.0, 0.0, 0.0, 0.0, 0.0, 0.0, 0.0, 0.0, 0.0, 0.0, 0.0, 0.0, 0.0, 0.0, 0.0, 0.0, 0.0, 0.0, 0.0, 0.0, 0.0, 0.0, 0.0, 0.0, 0.0, 0.0, 0.0, 0.0, 0.0, 0.0, 0.0, 0.0, 0.0, 0.0, 0.0, 0.0, 0.0, 0.0, 0.0, 0.0, 0.0, 0.0, 0.0, 0.0, 0.0, 0.0, 0.0, 0.0, 0.0, 0.0, 0.0, 0.0, 0.0, 0.0, 0.0, 0.0, 0.0, 0.0, 0.0, 0.0, 0.0, 0.0, 0.0, 0.0, 0.0, 0.0, 0.0, 0.0, 0.0, 0.0, 0.0, 0.0, 0.0, 0.0, 0.0, 0.0, 0.0, 0.0, 0.0, 0.0, 0.0, 0.0, 0.0, 0.0, 0.0, 0.0, 0.0, 0.0, 0.0, 0.0, 0.0, 0.0, 0.0, 0.0, 0.0, 0.0, 0.0, 0.0, 0.0, 0.0, 0.0, 0.0, 0.0, 0.0, 0.0, 0.0, 0.0, 0.0, 0.0, 0.0, 0.0, 0.0, 0.0, 0.0, 0.0, 0.0, 0.0, 0.0, 0.0, 0.0, 0.0, 0.0, 0.0, 0.0, 0.0, 0.0, 0.0, 0.0, 0.0, 0.0, 0.0, 0.0, 0.0, 0.0, 0.0, 0.0, 0.0, 0.0, 0.0], "tonal.chords_histogram": [28.83116912841797, 2.987013101577759, 17.14285659790039, 0.0, 25.194805145263672, 0.0, 0.0, 0.0, 0.0, 0.0, 0.0, 0.0, 0.0, 6.233766078948975, 0.0, 4.935064792633057, 0.0, 0.7792207598686218, 0.0, 2.0779221057891846, 2.857142925262451, 1.6883116960525513, 5.064935207366943, 2.207792282104492], "tonal.thpcp": [1.0, 0.6030741930007935, 0.17999908328056335, 0.14543037116527557, 0.12945708632469177, 0.1976759433746338, 0.3599632978439331, 0.3986055552959442, 0.4268709421157837, 0.49442917108535767, 0.32135558128356934, 0.17753444612026215, 0.19096501171588898, 0.21476858854293823, 0.33113470673561096, 0.5957692265510559, 0.5135520100593567, 0.20135602355003357, 0.1147049069404602, 0.08369362354278564, 0.12191539257764816, 0.20368118584156036, 0.19667595624923706, 0.20417311787605286, 0.2545003592967987, 0.17774975299835205, 0.1111563965678215, 0.11263185739517212, 0.11384578049182892, 0.31710076332092285, 0.5192986726760864, 0.32090428471565247, 0.10324788093566895, 0.1185082495212555, 0.18329183757305145, 0.6048485040664673], "lowlevel.gfcc.cov": [[2463.11376953125, -631.3935546875, 182.07330322265625, -179.9216766357422, -245.6834716796875, 11.995403289794922, -159.73553466796875, 131.53443908691406, -79.93695068359375, 135.2953338623047, -120.3059310913086, 161.06961059570312, -127.98311614990234], [-631.3935546875, 927.7619018554688, -383.8951416015625, 45.74165725708008, 60.36503601074219, -53.67041778564453, 160.9952392578125, -88.25691986083984, 181.35147094726562, -119.22366333007812, 145.768798828125, -98.50092315673828, 82.37391662597656], [182.07330322265625, -383.8951416015625, 498.3233947753906, 37.78260040283203, 77.58883666992188, 6.957157611846924, -41.695777893066406, 64.87834167480469, -108.1378402709961, 146.65773010253906, -42.903133392333984, 78.96817779541016, 5.421695232391357], [-179.9216766357422, 45.74165725708008, 37.78260040283203, 321.0697937011719, 89.68022918701172, 8.264094352722168, 15.438015937805176, -33.694244384765625, 99.87039184570312, -36.43733596801758, 35.19377517700195, -4.159834861755371, 83.51252746582031], [-245.6834716796875, 60.36503601074219, 77.58883666992188, 89.68022918701172, 333.7545471191406, 51.101383209228516, 90.33222961425781, 20.775117874145508, 0.8932857513427734, 43.71316909790039, -1.025454044342041, 37.58722686767578, 48.15338134765625], [11.995403289794922, -53.67041778564453, 6.957157611846924, 8.264094352722168, 51.101383209228516, 209.51016235351562, 68.74553680419922, 25.88564682006836, -3.64117431640625, -16.438814163208008, 34.27433776855469, -16.038488388061523, -9.806815147399902], [-159.73553466796875, 160.9952392578125, -41.695777893066406, 15.438015937805176, 90.33222961425781, 68.74553680419922, 216.91311645507812, 42.576812744140625, 36.33909225463867, 13.977252960205078, 33.155269622802734, -14.392890930175781, -0.7764110565185547], [131.53443908691406, -88.25691986083984, 64.87834167480469, -33.694244384765625, 20.775117874145508, 25.88564682006836, 42.576812744140625, 111.71426391601562, 20.4023494720459, 35.41106414794922, -24.970396041870117, 22.202669143676758, -13.209023475646973], [-79.93695068359375, 181.35147094726562, -108.1378402709961, 99.87039184570312, 0.8932857513427734, -3.64117431640625, 36.33909225463867, 20.4023494720459, 212.6690216064453, -24.691186904907227, 31.85991668701172, -10.325932502746582, 31.242847442626953], [135.2953338623047, -119.22366333007812, 146.65773010253906, -36.43733596801758, 43.71316909790039, -16.438814163208008, 13.977252960205078, 35.41106414794922, -24.691186904907227, 147.87088012695312, -9.558408737182617, 29.97279930114746, -13.962986946105957], [-120.3059310913086, 145.768798828125, -42.903133392333984, 35.19377517700195, -1.025454044342041, 34.27433776855469, 33.155269622802734, -24.970396041870117, 31.85991668701172, -9.558408737182617, 100.51941680908203, -4.443437099456787, 15.015396118164062], [161.06961059570312, -98.50092315673828, 78.96817779541016, -4.159834861755371, 37.58722686767578, -16.038488388061523, -14.392890930175781, 22.202669143676758, -10.325932502746582, 29.97279930114746, -4.443437099456787, 113.5071792602539, 9.422224998474121], [-127.98311614990234, 82.37391662597656, 5.421695232391357, 83.51252746582031, 48.15338134765625, -9.806815147399902, -0.7764110565185547, -13.209023475646973, 31.242847442626953, -13.962986946105957, 15.015396118164062, 9.422224998474121, 91.57417297363281]], "lowlevel.gfcc.icov": [[0.00066357635660097, -2.7614241844275966e-05, 0.000258904678048566, -0.0002739488845691085, 0.0006492447573691607, -0.0004942910163663328, 0.0004209355975035578, -0.0005660078604705632, 0.0001835268340073526, -0.0007615764043293893, 0.0006782588898204267, -0.00107657874468714, 0.0005351622821763158], [-2.7614241844275966e-05, 0.004409583285450935, 0.0008611908997409046, 0.0024314518086612225, -0.0017237606225535274, 0.0030959027353674173, -0.0027719868812710047, 0.0021186203230172396, -0.00255520548671484, 0.002335843164473772, -0.004939201753586531, 0.0028048960957676172, -0.0030042650178074837], [0.000258904678048566, 0.0008611908997409046, 0.005036944989115, -0.001956484280526638, 8.815131877781823e-05, -0.0003059481387026608, 0.0009606349049136043, -0.00247768871486187, 0.0024923759046941996, -0.003956676926463842, -5.777954720542766e-05, -0.0013377720024436712, -0.0006616802420467138], [-0.0002739488845691085, 0.0024314518086612225, -0.001956484280526638, 0.007673413958400488, -0.00240798806771636, 0.0019740855786949396, -0.002086884342133999, 0.004145957063883543, -0.004918016027659178, 0.004090444650501013, -0.0035625584423542023, 0.002873634919524193, -0.004804050084203482], [0.0006492447573691607, -0.0017237606225535274, 8.815131877781823e-05, -0.00240798806771636, 0.00586446700617671, -0.002723678946495056, -0.0004064549575559795, -0.0009752738405950367, 0.0018803189741447568, -0.003158790757879615, 0.004026634152978659, -0.0035677135456353426, -0.000287159375147894], [-0.0004942910163663328, 0.0030959027353674173, -0.0003059481387026608, 0.0019740855786949396, -0.002723678946495056, 0.008960464969277382, -0.003320766845718026, -6.183882942423224e-05, -0.0013036949094384909, 0.004297805018723011, -0.006741151213645935, 0.004007036332041025, -0.0011099702678620815], [0.0004209355975035578, -0.0027719868812710047, 0.0009606349049136043, -0.002086884342133999, -0.0004064549575559795, -0.003320766845718026, 0.009174556471407413, -0.005038214847445488, 0.0018266403349116445, -0.0031042098999023438, 0.0011459734523668885, -0.0011493067722767591, 0.0029710610397160053], [-0.0005660078604705632, 0.0021186203230172396, -0.00247768871486187, 0.004145957063883543, -0.0009752738405950367, -6.183882942423224e-05, -0.005038214847445488, 0.016930626705288887, -0.005870085675269365, 0.0013645996805280447, 0.0018480176804587245, 0.0001866101083578542, -0.0015368732856586576], [0.0001835268340073526, -0.00255520548671484, 0.0024923759046941996, -0.004918016027659178, 0.0018803189741447568, -0.0013036949094384909, 0.0018266403349116445, -0.005870085675269365, 0.009914887137711048, -0.0030996466521173716, 0.0014234138652682304, -0.002131140325218439, 0.0010634255595505238], [-0.0007615764043293893, 0.002335843164473772, -0.003956676926463842, 0.004090444650501013, -0.003158790757879615, 0.004297805018723011, -0.0031042098999023438, 0.0013645996805280447, -0.0030996466521173716, 0.014179233461618423, -0.005005801096558571, 0.002832511905580759, -0.0006209398852661252], [0.0006782588898204267, -0.004939201753586531, -5.777954720542766e-05, -0.0035625584423542023, 0.004026634152978659, -0.006741151213645935, 0.0011459734523668885, 0.0018480176804587245, 0.0014234138652682304, -0.005005801096558571, 0.020064223557710648, -0.005781690590083599, 0.0021363040432333946], [-0.00107657874468714, 0.0028048960957676172, -0.0013377720024436712, 0.002873634919524193, -0.0035677135456353426, 0.004007036332041025, -0.0011493067722767591, 0.0001866101083578542, -0.002131140325218439, 0.002832511905580759, -0.005781690590083599, 0.014506544917821884, -0.0036324183456599712], [0.0005351622821763158, -0.0030042650178074837, -0.0006616802420467138, -0.004804050084203482, -0.000287159375147894, -0.0011099702678620815, 0.0029710610397160053, -0.0015368732856586576, 0.0010634255595505238, -0.0006209398852661252, 0.0021363040432333946, -0.0036324183456599712, 0.018192384392023087]], "lowlevel.mfcc.cov": [[1941.18212890625, -404.0389099121094, 141.53561401367188, -201.4825897216797, -124.87908935546875, -136.6765899658203, -170.34425354003906, -12.817404747009277, -58.37788391113281, -15.997438430786133, 28.180648803710938, -32.18843460083008, 4.464450359344482], [-404.0389099121094, 682.8800659179688, -269.8070373535156, 45.84122848510742, -73.50521850585938, 23.964981079101562, 21.504350662231445, 34.95860290527344, -6.188717842102051, 38.84111022949219, 45.20416259765625, 6.14128303527832, 33.02292251586914], [141.53561401367188, -269.8070373535156, 348.0923156738281, -2.8282978534698486, 30.672048568725586, -36.4733772277832, 8.265946388244629, -60.22195053100586, -5.083598613739014, -17.892736434936523, -18.63357925415039, 29.74436378479004, 7.038412570953369], [-201.4825897216797, 45.84122848510742, -2.8282978534698486, 301.57598876953125, 65.02061462402344, 41.66102600097656, -18.040552139282227, -8.561007499694824, 73.4176025390625, -13.695446968078613, -31.090526580810547, 41.88511276245117, 44.1275520324707], [-124.87908935546875, -73.50521850585938, 30.672048568725586, 65.02061462402344, 212.40724182128906, 56.44204330444336, 11.083033561706543, 9.024916648864746, 27.210912704467773, -8.713390350341797, -24.06211280822754, -4.395352363586426, -2.9455952644348145], [-136.6765899658203, 23.964981079101562, -36.4733772277832, 41.66102600097656, 56.44204330444336, 154.27606201171875, 72.1640396118164, 35.81033706665039, 12.075350761413574, 26.54872703552246, 27.114341735839844, -1.6030974388122559, -9.124731063842773], [-170.34425354003906, 21.504350662231445, 8.265946388244629, -18.040552139282227, 11.083033561706543, 72.1640396118164, 215.56680297851562, 12.923698425292969, 11.59850025177002, 2.687009572982788, 29.3438663482666, 12.982027053833008, -42.68813705444336], [-12.817404747009277, 34.95860290527344, -60.22195053100586, -8.561007499694824, 9.024916648864746, 35.81033706665039, 12.923698425292969, 156.390625, 23.813209533691406, 19.14556312561035, 29.182334899902344, -17.208646774291992, 30.12193489074707], [-58.37788391113281, -6.188717842102051, -5.083598613739014, 73.4176025390625, 27.210912704467773, 12.075350761413574, 11.59850025177002, 23.813209533691406, 128.18968200683594, 33.5014533996582, 5.924804210662842, 8.819371223449707, 18.457509994506836], [-15.997438430786133, 38.84111022949219, -17.892736434936523, -13.695446968078613, -8.713390350341797, 26.54872703552246, 2.687009572982788, 19.14556312561035, 33.5014533996582, 96.93255615234375, 37.25129318237305, 7.54463005065918, -4.156554698944092], [28.180648803710938, 45.20416259765625, -18.63357925415039, -31.090526580810547, -24.06211280822754, 27.114341735839844, 29.3438663482666, 29.182334899902344, 5.924804210662842, 37.25129318237305, 102.11335754394531, 13.768101692199707, 20.89386749267578], [-32.18843460083008, 6.14128303527832, 29.74436378479004, 41.88511276245117, -4.395352363586426, -1.6030974388122559, 12.982027053833008, -17.208646774291992, 8.819371223449707, 7.54463005065918, 13.768101692199707, 90.71215057373047, 16.0662784576416], [4.464450359344482, 33.02292251586914, 7.038412570953369, 44.1275520324707, -2.9455952644348145, -9.124731063842773, -42.68813705444336, 30.12193489074707, 18.457509994506836, -4.156554698944092, 20.89386749267578, 16.0662784576416, 113.39505004882812]], "lowlevel.mfcc.icov": [[0.0007350475643761456, 0.00045539953862316906, -1.1113641448901035e-05, 0.0002655837161000818, 0.00037845209590159357, 0.00019540361245162785, 0.0005490289186127484, -7.503070082748309e-05, 4.421764242579229e-05, 0.0001265715400222689, -0.0004986691055819392, 8.941152191255242e-05, 6.460503209382296e-05], [0.00045539953862316906, 0.002750847488641739, 0.0019535007886588573, -0.0005479703540913761, 0.0007083173841238022, 0.0006214167806319892, -0.00045408832374960184, 0.0002811378217302263, 0.000953764480073005, -0.0010459473123773932, -0.0005734386504627764, 8.697176781424787e-06, -0.0009934211848303676], [-1.1113641448901035e-05, 0.0019535007886588573, 0.004933807533234358, -0.00018836677190847695, -0.00046445868792943656, 0.0012521191965788603, -0.0012055891565978527, 0.0014514231588691473, 0.0007253627409227192, -0.0008597230189479887, 0.0002004255075007677, -0.0009652349981479347, -0.001601863419637084], [0.0002655837161000818, -0.0005479703540913761, -0.00018836677190847695, 0.0057875048369169235, -0.0005849675508216023, -0.0023912193719297647, 0.001322840922512114, 0.0007718424894846976, -0.0033966873306781054, 0.002054535550996661, 0.001854515983723104, -0.002472292399033904, -0.0013692668871954083], [0.00037845209590159357, 0.0007083173841238022, -0.00046445868792943656, -0.0005849675508216023, 0.00634778430685401, -0.002505900338292122, 0.0006541002076119184, -0.0003414279781281948, -0.0009112181724049151, 0.0008112757350318134, 0.0010351560777053237, 0.000431296561146155, 0.000261689187027514], [0.00019540361245162785, 0.0006214167806319892, 0.0012521191965788603, -0.0023912193719297647, -0.002505900338292122, 0.011167463846504688, -0.0035276664420962334, -0.001342581119388342, 0.0024418074171990156, -0.0033696601167321205, -0.002126370556652546, 0.001376703497953713, 0.0002020940592046827], [0.0005490289186127484, -0.00045408832374960184, -0.0012055891565978527, 0.001322840922512114, 0.0006541002076119184, -0.0035276664420962334, 0.007609539665281773, -0.0005987311014905572, -0.0020330774132162333, 0.0029740282334387302, -0.0021623598877340555, -0.0015623057261109352, 0.003487219102680683], [-7.503070082748309e-05, 0.0002811378217302263, 0.0014514231588691473, 0.0007718424894846976, -0.0003414279781281948, -0.001342581119388342, -0.0005987311014905572, 0.008470111526548862, -0.0012291065650060773, -0.000538239604793489, -0.0009232338634319603, 0.0015989867970347404, -0.00293775019235909], [4.421764242579229e-05, 0.000953764480073005, 0.0007253627409227192, -0.0033966873306781054, -0.0009112181724049151, 0.0024418074171990156, -0.0020330774132162333, -0.0012291065650060773, 0.011802778579294682, -0.005484709981828928, 0.00025256979279220104, 0.000885584915522486, -0.0015629649860784411], [0.0001265715400222689, -0.0010459473123773932, -0.0008597230189479887, 0.002054535550996661, 0.0008112757350318134, -0.0033696601167321205, 0.0029740282334387302, -0.000538239604793489, -0.005484709981828928, 0.01583392173051834, -0.004581801127642393, -0.0017416408518329263, 0.0031300969421863556], [-0.0004986691055819392, -0.0005734386504627764, 0.0002004255075007677, 0.001854515983723104, 0.0010351560777053237, -0.002126370556652546, -0.0021623598877340555, -0.0009232338634319603, 0.00025256979279220104, -0.004581801127642393, 0.015240934677422047, -0.0021666826214641333, -0.003970824182033539], [8.941152191255242e-05, 8.697176781424787e-06, -0.0009652349981479347, -0.002472292399033904, 0.000431296561146155, 0.001376703497953713, -0.0015623057261109352, 0.0015989867970347404, 0.000885584915522486, -0.0017416408518329263, -0.0021666826214641333, 0.01376215647906065, -0.0016335954423993826], [6.460503209382296e-05, -0.0009934211848303676, -0.001601863419637084, -0.0013692668871954083, 0.000261689187027514, 0.0002020940592046827, 0.003487219102680683, -0.00293775019235909, -0.0015629649860784411, 0.0031300969421863556, -0.003970824182033539, -0.0016335954423993826, 0.013186230324208736]], "metadata.audio_properties.analysis.downmix": "mix", "metadata.audio_properties.codec": "mp3", "metadata.audio_properties.md5_encoded": "b6f9f2e235d5bbf6c01c3d7cb4a0243c", "metadata.tags.file_name": "1183673130493939762.mp3", "metadata.version.essentia": "2.1-beta6-dev", "metadata.version.essentia_git_sha": "v2.1_beta5-1110-g77a6a954", "metadata.version.extractor": "music 2.0", "tonal.chords_key": "G", "tonal.chords_scale": "major", "tonal.key_edma.key": "G", "tonal.key_edma.scale": "major", "tonal.key_krumhansl.key": "G", "tonal.key_krumhansl.scale": "major", "tonal.key_temperley.key": "G", "tonal.key_temperley.scale": "major", "metadata.tags.encoding": ["Lavf58.45.100"]}, "essentia_models": [{"model_name": "genre_dortmund", "activations": {"alternative": "0.007014038", "blues": "0.0005940224", "electronic": "0.00023192166", "