{"song_id": "1183670852038959194", "download": "https://cdn.discordapp.com/attachments/1135903449314238464/1183670852038959194/chirp.mp4?ex=65892e62&amp", "lyrics": "(Bridge)\n\uc0c8\ud574\uac00 \ubc1d\uc544\uc624\uba74\n\ub2e4\uc2dc \uc0c8\ub85c\uc6b4 \uc2dc\uc791\uc774 \ub420\uae4c\n\uadf8\ub300\uc640 \ud568\uaed8 \ud560 \uc218 \uc788\uc744\uae4c\n\ud76c\ub9dd\uc758 \ubd88\uc528\ub97c \uc9c0\ud3b4", "style": ["POP</span><span>, Acoustic</span><span>, Classic</span><span>, Symphony</span><span>,"], "essentia_features": {"lowlevel.average_loudness": 0.8926474452018738, "lowlevel.barkbands_crest.mean": 16.17829132080078, "lowlevel.barkbands_crest.stdev": 3.725969076156616, "lowlevel.barkbands_flatness_db.mean": 0.3860275149345398, "lowlevel.barkbands_flatness_db.stdev": 0.15170221030712128, "lowlevel.barkbands_kurtosis.mean": 33.006649017333984, "lowlevel.barkbands_kurtosis.stdev": 37.945858001708984, "lowlevel.barkbands_skewness.mean": 3.7806851863861084, "lowlevel.barkbands_skewness.stdev": 2.4093544483184814, "lowlevel.barkbands_spread.mean": 7.576572895050049, "lowlevel.barkbands_spread.stdev": 16.45186996459961, "lowlevel.dissonance.mean": 0.3552759885787964, "lowlevel.dissonance.stdev": 0.11131961643695831, "lowlevel.dynamic_complexity": 4.322394371032715, "lowlevel.erbbands_crest.mean": 15.324299812316895, "lowlevel.erbbands_crest.stdev": 4.868095874786377, "lowlevel.erbbands_flatness_db.mean": 0.28757065534591675, "lowlevel.erbbands_flatness_db.stdev": 0.11319417506456375, "lowlevel.erbbands_kurtosis.mean": 7.649433612823486, "lowlevel.erbbands_kurtosis.stdev": 10.374475479125977, "lowlevel.erbbands_skewness.mean": 1.5819886922836304, "lowlevel.erbbands_skewness.stdev": 1.6787760257720947, "lowlevel.erbbands_spread.mean": 24.82109832763672, "lowlevel.erbbands_spread.stdev": 24.873014450073242, "lowlevel.hfc.mean": 9.090502738952637, "lowlevel.hfc.stdev": 14.507842063903809, "lowlevel.loudness_ebu128.integrated": -15.395559310913086, "lowlevel.loudness_ebu128.loudness_range": 5.046545028686523, "lowlevel.loudness_ebu128.momentary.mean": -16.74228286743164, "lowlevel.loudness_ebu128.momentary.stdev": 3.6807687282562256, "lowlevel.loudness_ebu128.short_term.mean": -15.909238815307617, "lowlevel.loudness_ebu128.short_term.stdev": 1.8963786363601685, "lowlevel.melbands_crest.mean": 22.253931045532227, "lowlevel.melbands_crest.stdev": 4.5377936363220215, "lowlevel.melbands_flatness_db.mean": 0.48056796193122864, "lowlevel.melbands_flatness_db.stdev": 0.1830713301897049, "lowlevel.melbands_kurtosis.mean": 55.85923385620117, "lowlevel.melbands_kurtosis.stdev": 71.04155731201172, "lowlevel.melbands_skewness.mean": 4.587379455566406, "lowlevel.melbands_skewness.stdev": 3.1216273307800293, "lowlevel.melbands_spread.mean": 6.079535961151123, "lowlevel.melbands_spread.stdev": 13.548986434936523, "lowlevel.pitch_salience.mean": 0.3375227749347687, "lowlevel.pitch_salience.stdev": 0.12307626008987427, "lowlevel.silence_rate_20dB.mean": 1.0, "lowlevel.silence_rate_20dB.stdev": 0.0, "lowlevel.silence_rate_30dB.mean": 0.9863523840904236, "lowlevel.silence_rate_30dB.stdev": 0.1160220131278038, "lowlevel.silence_rate_60dB.mean": 0.049627792090177536, "lowlevel.silence_rate_60dB.stdev": 0.21717391908168793, "lowlevel.spectral_centroid.mean": 459.4473571777344, "lowlevel.spectral_centroid.stdev": 635.4755249023438, "lowlevel.spectral_complexity.mean": 5.392059326171875, "lowlevel.spectral_complexity.stdev": 4.106231212615967, "lowlevel.spectral_decrease.mean": -6.781843087111383e-09, "lowlevel.spectral_decrease.stdev": 6.271895447440556e-09, "lowlevel.spectral_energy.mean": 0.026420779526233673, "lowlevel.spectral_energy.stdev": 0.024554964154958725, "lowlevel.spectral_energyband_high.mean": 0.00032439324422739446, "lowlevel.spectral_energyband_high.stdev": 0.0012339464155957103, "lowlevel.spectral_energyband_low.mean": 0.01021124143153429, "lowlevel.spectral_energyband_low.stdev": 0.009117954410612583, "lowlevel.spectral_energyband_middle_high.mean": 0.0006703083636239171, "lowlevel.spectral_energyband_middle_high.stdev": 0.001495464937761426, "lowlevel.spectral_energyband_middle_low.mean": 0.01771716959774494, "lowlevel.spectral_energyband_middle_low.stdev": 0.022860299795866013, "lowlevel.spectral_entropy.mean": 5.6378607749938965, "lowlevel.spectral_entropy.stdev": 1.3368926048278809, "lowlevel.spectral_flux.mean": 0.03662413731217384, "lowlevel.spectral_flux.stdev": 0.03806884586811066, "lowlevel.spectral_kurtosis.mean": 73.65995025634766, "lowlevel.spectral_kurtosis.stdev": 122.88035583496094, "lowlevel.spectral_rms.mean": 0.004569502081722021, "lowlevel.spectral_rms.stdev": 0.002212683204561472, "lowlevel.spectral_rolloff.mean": 589.8382568359375, "lowlevel.spectral_rolloff.stdev": 1407.4124755859375, "lowlevel.spectral_skewness.mean": 5.374223232269287, "lowlevel.spectral_skewness.stdev": 4.8219146728515625, "lowlevel.spectral_spread.mean": 3450716.0, "lowlevel.spectral_spread.stdev": 2340874.25, "lowlevel.spectral_strongpeak.mean": 0.8760537505149841, "lowlevel.spectral_strongpeak.stdev": 1.0074920654296875, "lowlevel.zerocrossingrate.mean": 0.022250721231102943, "lowlevel.zerocrossingrate.stdev": 0.03305721655488014, "metadata.audio_properties.analysis.equal_loudness": 0.0, "metadata.audio_properties.analysis.length": 18.686939239501953, "metadata.audio_properties.analysis.sample_rate": 44100.0, "metadata.audio_properties.analysis.start_time": 0.0, "metadata.audio_properties.bit_rate": 112431.0, "metadata.audio_properties.length": 18.687999725341797, "metadata.audio_properties.lossless": 0.0, "metadata.audio_properties.number_channels": 1.0, "metadata.audio_properties.replay_gain": -12.424068450927734, "metadata.audio_properties.sample_rate": 48000.0, "rhythm.beats_count": 36.0, "rhythm.beats_loudness.mean": 0.030363496392965317, "rhythm.beats_loudness.stdev": 0.022747676819562912, "rhythm.bpm": 109.61375427246094, "rhythm.bpm_histogram_first_peak_bpm": 110.0, "rhythm.bpm_histogram_first_peak_weight": 0.5625, "rhythm.bpm_histogram_second_peak_bpm": 140.0, "rhythm.bpm_histogram_second_peak_spread": 0.5, "rhythm.bpm_histogram_second_peak_weight": 0.17142857611179352, "rhythm.danceability": 0.9557265639305115, "rhythm.onset_rate": 2.405944347381592, "tonal.chords_changes_rate": 0.0445544570684433, "tonal.chords_number_rate": 0.024752475321292877, "tonal.chords_strength.mean": 0.5194882750511169, "tonal.chords_strength.stdev": 0.1154826283454895, "tonal.hpcp_crest.mean": 17.027612686157227, "tonal.hpcp_crest.stdev": 6.844289302825928, "tonal.hpcp_entropy.mean": 1.535693883895874, "tonal.hpcp_entropy.stdev": 0.7393344044685364, "tonal.key_edma.strength": 0.7646828889846802, "tonal.key_krumhansl.strength": 0.7652599811553955, "tonal.key_temperley.strength": 0.7616344690322876, "tonal.tuning_diatonic_strength": 0.6064911484718323, "tonal.tuning_equal_tempered_deviation": 0.052639469504356384, "tonal.tuning_frequency": 438.2245178222656, "tonal.tuning_nontempered_energy_ratio": 0.6682174801826477, "lowlevel.barkbands.mean": [2.8610313620447414e-06, 0.001168682356365025, 0.006576737388968468, 0.006448658183217049, 0.007545888889580965, 0.00033000970142893493, 0.0006916110287420452, 0.0022823670879006386, 0.00034925740328617394, 0.00014186221233103424, 8.910926408134401e-05, 2.666614636837039e-05, 4.7150449972832575e-05, 6.444415339501575e-05, 8.188337233150378e-05, 0.00011745775555027649, 2.3510416212957352e-05, 3.9691291021881625e-05, 5.022477125748992e-05, 4.5390632294584066e-05, 6.127024971647188e-05, 8.052244811551645e-05, 4.33537206845358e-05, 4.72591636935249e-05, 5.633209366351366e-05, 8.57441500556888e-06, 1.5497699124011888e-08], "lowlevel.barkbands.stdev": [6.720094461343251e-06, 0.0024012557696551085, 0.0074947974644601345, 0.009056315757334232, 0.012712898664176464, 0.0005977858672849834, 0.001681646564975381, 0.014534556306898594, 0.001712106866762042, 0.0005079661495983601, 0.0002764016098808497, 8.179902215488255e-05, 0.00015950534725561738, 0.0002547980984672904, 0.0003597183676902205, 0.0006873563979752362, 5.631915701087564e-05, 0.00013966106052976102, 0.0003369254700373858, 0.00018783406994771212, 0.0002725264639593661, 0.00041223008884117007, 0.0001649461773922667, 0.00017964805010706186, 0.000250767421675846, 2.733099063334521e-05, 1.582724564741511e-07], "lowlevel.erbbands.mean": [0.006667484529316425, 0.4601459801197052, 5.931308269500732, 14.88386058807373, 27.233173370361328, 24.578449249267578, 10.41745376586914, 2.814754009246826, 6.794743061065674, 20.437976837158203, 50.14351272583008, 13.642959594726562, 5.52651309967041, 4.377101898193359, 2.386282205581665, 1.2340960502624512, 2.1972317695617676, 3.163062572479248, 4.469893455505371, 6.335447788238525, 3.2533786296844482, 1.4017938375473022, 2.293142795562744, 2.4110567569732666, 2.1469268798828125, 2.2636470794677734, 2.0990779399871826, 2.9375081062316895, 3.1494898796081543, 2.031860113143921, 1.0101289749145508, 0.5421990156173706, 1.1055406332015991, 0.8516260981559753, 0.26454320549964905, 0.06803803890943527, 0.009514504112303257, 0.0005305194645188749, 2.855617094610352e-05, 3.124523573205806e-05], "lowlevel.erbbands.stdev": [0.011064400896430016, 0.8117259740829468, 7.538005828857422, 13.788387298583984, 40.7048454284668, 54.66236877441406, 31.325729370117188, 5.860130310058594, 15.221559524536133, 87.29952239990234, 357.58795166015625, 61.1427116394043, 20.026819229125977, 11.50659465789795, 7.800454139709473, 3.4960310459136963, 6.912799835205078, 12.000767707824707, 18.23153305053711, 33.294986724853516, 13.94429874420166, 3.155696153640747, 7.698786735534668, 11.887032508850098, 14.887639045715332, 9.601286888122559, 8.629611015319824, 14.73351001739502, 17.501676559448242, 7.923524379730225, 3.6991677284240723, 1.971077561378479, 4.4856858253479, 4.0982184410095215, 0.9949871897697449, 0.22358740866184235, 0.02972443774342537, 0.0016753346426412463, 5.2858122217003256e-05, 2.8699292670353316e-05], "lowlevel.gfcc.mean": [-178.40867614746094, 146.4205322265625, -47.80760955810547, 27.182632446289062, -43.16884994506836, 6.002645492553711, -48.74986267089844, -11.718072891235352, -29.56224250793457, -14.716439247131348, -21.1889705657959, -20.9718074798584, -13.885102272033691], "lowlevel.melbands.mean": [0.00016784656327217817, 0.0022745830938220024, 0.003102535381913185, 0.001852870569564402, 0.0005330310086719692, 5.605584374279715e-05, 0.00012122068437747657, 0.00027949537616223097, 0.0003592717694118619, 6.752361514372751e-05, 2.468501406838186e-05, 1.7188905985676683e-05, 9.289140507462434e-06, 3.3751982755347854e-06, 2.9767149953841e-06, 5.81482527195476e-06, 6.009501248627203e-06, 6.952212061150931e-06, 6.191299689817242e-06, 1.1558561709534843e-05, 1.9964045350207016e-06, 1.2361143717498635e-06, 1.9821925434371224e-06, 1.8609513290357427e-06, 1.979987473532674e-06, 1.8553794234321686e-06, 1.2730348544209846e-06, 1.5454053254870814e-06, 1.2771765796060208e-06, 1.3452660141410888e-06, 1.8577387663754052e-06, 2.022148237301735e-06, 1.1828033166239038e-06, 1.1198262654943392e-06, 6.676891075585445e-07, 2.9305638804544287e-07, 3.259573020386597e-07, 7.157723302952945e-07, 8.738134056329727e-07, 6.871615596537595e-07], "lowlevel.melbands.stdev": [0.00034452593536116183, 0.0026573301292955875, 0.0033568739891052246, 0.002899586223065853, 0.0015988523373380303, 0.00011599647405091673, 0.00028404316981323063, 0.0013717893743887544, 0.0026038389187306166, 0.000333360891090706, 9.48688029893674e-05, 4.64827026007697e-05, 3.051758176297881e-05, 9.69850952969864e-06, 9.384376426169183e-06, 2.1038922568550333e-05, 2.3862385205575265e-05, 2.8209400625200942e-05, 2.7057501938543282e-05, 7.253006333485246e-05, 5.206565674598096e-06, 2.7964642868028022e-06, 6.100488462834619e-06, 6.785172899981262e-06, 1.0072729310195427e-05, 1.7384381862939335e-05, 5.9026315284427255e-06, 6.584366019524168e-06, 5.377929937822046e-06, 5.666372999257874e-06, 9.897576092043892e-06, 1.1805882422777358e-05, 5.327478447725298e-06, 4.3456921048345976e-06, 2.5068250124604674e-06, 1.1369079402356874e-06, 1.224968627866474e-06, 2.7774115096690366e-06, 3.998999545729021e-06, 3.4447448342689313e-06], "lowlevel.melbands128.mean": [1.329125097981887e-06, 2.322312411706662e-06, 5.2493811381282285e-05, 0.0008110585040412843, 0.002516934648156166, 0.0033551452215760946, 0.0027241655625402927, 0.0036635759752243757, 0.0027842670679092407, 0.0016742057632654905, 0.001370654790662229, 0.000923780957236886, 0.00029351323610171676, 5.514002259587869e-05, 5.9437123127281666e-05, 5.086827150080353e-05, 4.9306403525406495e-05, 0.00013050393317826092, 0.00023853116726968437, 0.00015164876822382212, 0.00032824015943333507, 0.0005570105277001858, 0.0004594871716108173, 2.7829020837089047e-05, 6.891299562994391e-05, 9.34507479541935e-05, 1.4229170119506307e-05, 3.0100569347268902e-05, 1.3102298908052035e-05, 1.8066535631078295e-05, 1.9984394384664483e-05, 1.4330310477816965e-05, 6.721576937707141e-06, 9.109009624808095e-06, 2.0728155050164787e-06, 1.979579110411578e-06, 4.242733211867744e-06, 2.7584185318119125e-06, 1.6726846752135316e-06, 6.222886440809816e-06, 7.785858542774804e-06, 3.408931888770894e-06, 4.842419457418146e-06, 8.886696377885528e-06, 6.101341568864882e-06, 6.19634101894917e-06, 8.694591087987646e-06, 6.241386472538579e-06, 4.405751042213524e-06, 7.879001714172773e-06, 2.1206249584793113e-05, 3.366166311025154e-06, 1.42454541673942e-06, 2.0089908048248617e-06, 1.2465693544072565e-06, 8.993316669148044e-07, 1.4172833289194386e-06, 1.6963924736046465e-06, 2.2218559934117366e-06, 2.617206519062165e-06, 1.7347774701192975e-06, 1.3892413335270248e-06, 1.7893069070851197e-06, 2.2818680918135215e-06, 1.9572423752833856e-06, 2.283567482663784e-06, 1.450395529900561e-06, 1.098193592952157e-06, 1.10785219931131e-06, 1.7204421283167903e-06, 1.5384446214739e-06, 1.5570262803521473e-06, 1.392169338032545e-06, 1.1580501677599386e-06, 1.183336962640169e-06, 1.3426648592940182e-06, 1.3560270417656284e-06, 1.5899597656243714e-06, 1.999180540224188e-06, 1.9245705971115967e-06, 2.4458781808789354e-06, 2.027925347647397e-06, 1.1987126526946668e-06, 1.101600673791836e-06, 1.0875108955588075e-06, 1.228560336130613e-06, 1.0840267350431532e-06, 1.0196124549111119e-06, 6.822397722316964e-07, 3.9160605069810117e-07, 3.226612079743063e-07, 2.702192034576001e-07, 2.26812375103691e-07, 2.9433545023493934e-07, 3.8435038618445105e-07, 5.258492592474795e-07, 8.00938835254783e-07, 9.950749699783046e-07, 8.61796252138447e-07, 8.529993920092238e-07, 7.660680694243638e-07, 6.70280087433639e-07, 6.005205932524404e-07, 3.6253211987968825e-07, 2.448820737299684e-07, 1.9573846543607942e-07, 1.7859477452475403e-07, 1.579864914447171e-07, 1.1460216597924955e-07, 7.555819081517257e-08, 3.99261388395189e-08, 2.9529140022077627e-08, 2.981319369155244e-08, 1.508818847639759e-08, 7.833756754394017e-09, 2.4246953334028376e-09, 5.703752470331835e-10, 7.382087302554297e-11, 9.051377702906649e-12, 5.622194550192194e-12, 5.352559975108084e-12, 3.037543090320116e-12, 2.1973596987107102e-12, 2.1480746868751677e-12, 2.0923120007398932e-12, 2.0128419330606162e-12, 1.9696082872305842e-12, 1.9549704736998574e-12], "lowlevel.melbands128.stdev": [2.9114742119418224e-06, 4.157059265708085e-06, 0.00013737210247199982, 0.0016684933798387647, 0.004202201031148434, 0.003557423362508416, 0.0024240033235400915, 0.00608255248516798, 0.004752747248858213, 0.003965851850807667, 0.003762520384043455, 0.003502872306853533, 0.0009250661823898554, 0.00010865164949791506, 0.00019273144425824285, 0.0001300182775594294, 0.000149258179590106, 0.0003812263021245599, 0.0006240070797502995, 0.0008141262806020677, 0.0024589751847088337, 0.004308423958718777, 0.003854384645819664, 0.00018542697944212705, 0.0004481668001972139, 0.000509337754920125, 6.549432873725891e-05, 0.0001722611632430926, 5.0011687562800944e-05, 7.50515318941325e-05, 6.557428423548117e-05, 6.073822078178637e-05, 3.7182795495027676e-05, 4.404709761729464e-05, 8.241633622674271e-06, 6.605723683605902e-06, 1.5703271856182255e-05, 1.4215645023796242e-05, 5.503187821886968e-06, 2.364440297242254e-05, 3.105115320067853e-05, 2.9568609534180723e-05, 2.679582394193858e-05, 3.1901869078865275e-05, 3.4871092793764547e-05, 3.6332447052700445e-05, 5.13472878083121e-05, 3.8706693885615095e-05, 3.625994941103272e-05, 5.098673136672005e-05, 0.00014966996968723834, 1.3540363397623878e-05, 4.1577986849006265e-06, 6.1831442508264445e-06, 4.216223715047818e-06, 2.526562639104668e-06, 4.9362643039785326e-06, 5.225537734077079e-06, 9.213752491632476e-06, 9.271279850509018e-06, 7.48125330574112e-06, 5.452811365103116e-06, 9.54776260186918e-06, 1.2493473150243517e-05, 1.3585923625214491e-05, 3.4615910408319905e-05, 9.542537554807495e-06, 6.326722086669179e-06, 5.0777816795744e-06, 8.577676453569438e-06, 7.308075964829186e-06, 6.596736056962982e-06, 6.063772616471397e-06, 5.279570359562058e-06, 5.670323844242375e-06, 5.716621672036126e-06, 6.327100436465116e-06, 9.136389053310268e-06, 1.1103613360319287e-05, 1.0761628800537437e-05, 1.5012572475825436e-05, 1.338779111392796e-05, 5.970943220745539e-06, 5.128652901476016e-06, 4.392232312966371e-06, 5.15720785188023e-06, 4.322642325860215e-06, 4.319432264310308e-06, 2.6097391128132585e-06, 1.4678831803394132e-06, 1.3281463679959415e-06, 1.148607793766132e-06, 1.0302316013621748e-06, 1.3868520909454674e-06, 1.4589514876206522e-06, 1.9985168364655692e-06, 3.197528030796093e-06, 4.697562417277368e-06, 3.961120910389582e-06, 4.277682364772772e-06, 4.301500666770153e-06, 3.4543702440714696e-06, 2.9682016702281544e-06, 1.4291529168986017e-06, 8.874826562532689e-07, 7.7545257681777e-07, 6.910146908012393e-07, 5.406290028986405e-07, 4.054941484810115e-07, 2.770987919120671e-07, 1.6273044423087413e-07, 1.259320470126113e-07, 1.0372700387506484e-07, 5.153864535145658e-08, 3.054322661455444e-08, 1.4491280175832344e-08, 5.360956123467986e-09, 8.985953092732757e-10, 1.1624484708150362e-10, 7.68998267841603e-11, 7.475279423241332e-11, 2.0291809899042335e-11, 4.482344617001699e-12, 4.403145816705978e-12, 4.340521865542346e-12, 4.2873122586828405e-12, 4.249452786181385e-12, 4.226179302346811e-12], "lowlevel.mfcc.mean": [-843.0862426757812, 169.94244384765625, 54.70233917236328, 28.881820678710938, 25.640012741088867, 9.455631256103516, -1.1679658889770508, -8.606425285339355, -7.8288445472717285, -9.504753112792969, -6.933610916137695, -15.408547401428223, -9.882789611816406], "lowlevel.spectral_contrast_coeffs.mean": [-0.5084600448608398, -0.6986470222473145, -0.7804375290870667, -0.7973227500915527, -0.8288465142250061, -0.8272746801376343], "lowlevel.spectral_contrast_coeffs.stdev": [0.08106556534767151, 0.09445814788341522, 0.08544082194566727, 0.05636553466320038, 0.05367039889097214, 0.05905141681432724], "lowlevel.spectral_contrast_valleys.mean": [-7.973243713378906, -8.616726875305176, -9.580536842346191, -9.90505313873291, -10.231656074523926, -12.322123527526855], "lowlevel.spectral_contrast_valleys.stdev": [0.8388717770576477, 1.2362686395645142, 1.3232372999191284, 1.573267936706543, 1.9685500860214233, 2.0731680393218994], "rhythm.beats_loudness_band_ratio.mean": [0.7829662561416626, 0.16754122078418732, 0.06133796274662018, 0.010440644808113575, 0.010354233905673027, 0.025848595425486565], "rhythm.beats_loudness_band_ratio.stdev": [0.2377609759569168, 0.21485155820846558, 0.13288019597530365, 0.016514567658305168, 0.02476034127175808, 0.07642389088869095], "tonal.hpcp.mean": [0.11637965589761734, 0.05879559367895126, 0.037952348589897156, 0.08938945829868317, 0.060867421329021454, 0.008591720834374428, 0.0034619809594005346, 0.0023798083420842886, 0.17871589958667755, 0.37429115176200867, 0.20636184513568878, 0.01301185879856348, 0.008855372667312622, 0.010650494135916233, 0.032151494175195694, 0.09213179349899292, 0.07658476382493973, 0.05768168717622757, 0.09508680552244186, 0.048944082111120224, 0.004676722455769777, 0.011140460148453712, 0.01925790123641491, 0.12478049099445343, 0.23023943603038788, 0.1369229257106781, 0.03040228970348835, 0.014969803392887115, 0.004850456491112709, 0.06869155913591385, 0.14373287558555603, 0.09295190870761871, 0.030625253915786743, 0.022865332663059235, 0.012485014274716377, 0.0644974410533905], "tonal.hpcp.stdev": [0.30397582054138184, 0.14903879165649414, 0.12069404870271683, 0.21795912086963654, 0.1539994776248932, 0.06685945391654968, 0.029261235147714615, 0.01008117850869894, 0.22745902836322784, 0.4469500482082367, 0.25976428389549255, 0.09440194070339203, 0.07598676532506943, 0.08685245364904404, 0.10659918934106827, 0.2208874523639679, 0.20484188199043274, 0.16209371387958527, 0.2915968596935272, 0.15423519909381866, 0.03934510052204132, 0.08851249516010284, 0.09156768769025803, 0.2350470870733261, 0.38017016649246216, 0.25576654076576233, 0.13332633674144745, 0.10121903568506241, 0.03887302055954933, 0.17916016280651093, 0.3334122598171234, 0.21061810851097107, 0.13243351876735687, 0.12494295090436935, 0.08155413717031479, 0.16947859525680542], "rhythm.beats_position": [0.5572788715362549, 1.1145577430725098, 1.6718367338180542, 2.2291154861450195, 2.798004388809204, 3.4017233848571777, 3.9938321113586426, 4.539501190185547, 5.085169792175293, 5.630838871002197, 6.164897918701172, 6.710566997528076, 7.256235599517822, 7.801904678344727, 8.359183311462402, 8.916461944580078, 9.47374153137207, 10.019410133361816, 10.54185962677002, 11.075918197631836, 11.609976768493652, 12.051156044006348, 12.492335319519043, 12.933514595031738, 13.363083839416504, 13.79265308380127, 14.222222328186035, 14.6517915725708, 15.058140754699707, 15.476099014282227, 15.88244915008545, 16.30040740966797, 16.718366622924805, 17.14793586730957, 17.577505111694336, 17.983854293823242], "rhythm.bpm_histogram": [0.0, 0.0, 0.0, 0.0, 0.0, 0.0, 0.0, 0.0, 0.0, 0.0, 0.0, 0.0, 0.0, 0.0, 0.0, 0.0, 0.0, 0.0, 0.0, 0.0, 0.0, 0.0, 0.0, 0.0, 0.0, 0.0, 0.0, 0.0, 0.0, 0.0, 0.0, 0.0, 0.0, 0.0, 0.0, 0.0, 0.0, 0.0, 0.0, 0.0, 0.0, 0.0, 0.0, 0.0, 0.0, 0.0, 0.0, 0.0, 0.0, 0.0, 0.0, 0.0, 0.0, 0.0, 0.0, 0.0, 0.0, 0.0, 0.0, 0.0, 0.0, 0.0, 0.0, 0.0, 0.0, 0.0, 0.0, 0.0, 0.0, 0.0, 0.0, 0.0, 0.0, 0.0, 0.0, 0.0, 0.0, 0.0, 0.0, 0.0, 0.0, 0.0, 0.0, 0.0, 0.0, 0.0, 0.0, 0.0, 0.0, 0.0, 0.0, 0.0, 0.0, 0.0, 0.0, 0.0, 0.0, 0.0, 0.0, 0.02857142873108387, 0.0, 0.02857142873108387, 0.0, 0.0, 0.0, 0.02857142873108387, 0.0, 0.0, 0.17142857611179352, 0.0, 0.20000000298023224, 0.0, 0.08571428805589676, 0.0, 0.0, 0.02857142873108387, 0.0, 0.0, 0.0, 0.0, 0.0, 0.0, 0.0, 0.0, 0.0, 0.0, 0.0, 0.0, 0.0, 0.0, 0.0, 0.0, 0.0, 0.0, 0.0, 0.0, 0.08571428805589676, 0.0, 0.0, 0.0, 0.17142857611179352, 0.0, 0.0, 0.0, 0.08571428805589676, 0.0, 0.0, 0.0, 0.08571428805589676, 0.0, 0.0, 0.0, 0.0, 0.0, 0.0, 0.0, 0.0, 0.0, 0.0, 0.0, 0.0, 0.0, 0.0, 0.0, 0.0, 0.0, 0.0, 0.0, 0.0, 0.0, 0.0, 0.0, 0.0, 0.0, 0.0, 0.0, 0.0, 0.0, 0.0, 0.0, 0.0, 0.0, 0.0, 0.0, 0.0, 0.0, 0.0, 0.0, 0.0, 0.0, 0.0, 0.0, 0.0, 0.0, 0.0, 0.0, 0.0, 0.0, 0.0, 0.0, 0.0, 0.0, 0.0, 0.0, 0.0, 0.0, 0.0, 0.0, 0.0, 0.0, 0.0, 0.0, 0.0, 0.0, 0.0, 0.0, 0.0, 0.0, 0.0, 0.0, 0.0, 0.0, 0.0, 0.0, 0.0, 0.0, 0.0, 0.0, 0.0, 0.0, 0.0, 0.0, 0.0, 0.0, 0.0, 0.0, 0.0, 0.0, 0.0, 0.0, 0.0, 0.0, 0.0, 0.0, 0.0, 0.0, 0.0, 0.0, 0.0, 0.0], "tonal.chords_histogram": [27.7227725982666, 0.0, 10.396039962768555, 0.0, 2.475247621536255, 0.0, 0.0, 1.485148549079895, 4.207921028137207, 0.0, 0.0, 0.0, 0.0, 0.0, 0.0, 0.0, 0.0, 25.49505043029785, 0.0, 0.24752475321292877, 5.198019981384277, 7.178217887878418, 9.90099048614502, 5.6930694580078125], "tonal.thpcp": [1.0, 0.5513404607772827, 0.03476400300860405, 0.023659048601984978, 0.028455104678869247, 0.08589968830347061, 0.24615007638931274, 0.20461280643939972, 0.1541091352701187, 0.2540450394153595, 0.13076473772525787, 0.012494878843426704, 0.02976415492594242, 0.0514516606926918, 0.3333781361579895, 0.615134596824646, 0.3658193051815033, 0.08122631162405014, 0.03999507799744606, 0.01295904628932476, 0.18352439999580383, 0.3840135633945465, 0.24834118783473969, 0.08182200789451599, 0.06108969449996948, 0.033356424421072006, 0.17231890559196472, 0.31093350052833557, 0.15708518028259277, 0.10139793157577515, 0.2388233244419098, 0.16262051463127136, 0.02295464649796486, 0.009249432943761349, 0.00635817414149642, 0.4774782955646515], "lowlevel.gfcc.cov": [[19919.345703125, -7359.52880859375, -4203.6376953125, 1605.4891357421875, -3049.2744140625, 873.4346923828125, -1926.7642822265625, 1682.8143310546875, -1294.869384765625, 198.2445068359375, -1653.9595947265625, 14.596047401428223, -528.417724609375], [-7359.52880859375, 4986.44384765625, 1744.97216796875, -1904.66943359375, 1380.9915771484375, -520.0192260742188, 1038.209716796875, -713.1009521484375, 907.363525390625, -82.81757354736328, 789.4075927734375, -136.68572998046875, 245.64755249023438], [-4203.6376953125, 1744.97216796875, 1771.1610107421875, -241.24542236328125, 653.5526123046875, -201.7853240966797, 525.5095825195312, -486.7198486328125, 143.076416015625, -2.5512423515319824, 414.60345458984375, 23.43092155456543, 112.32893371582031], [1605.4891357421875, -1904.66943359375, -241.24542236328125, 1550.2978515625, -206.83712768554688, 28.96331214904785, -373.4279479980469, 87.31033325195312, -320.1422424316406, -48.34123611450195, -159.8383331298828, 70.13534545898438, 30.7605037689209], [-3049.2744140625, 1380.9915771484375, 653.5526123046875, -206.83712768554688, 832.126220703125, -61.84556579589844, 410.0118713378906, -237.95555114746094, 233.49234008789062, -53.853912353515625, 325.9476013183594, -9.550250053405762, 69.96443939208984], [873.4346923828125, -520.0192260742188, -201.7853240966797, 28.96331214904785, -61.84556579589844, 480.37774658203125, 176.80093383789062, 150.85507202148438, -228.93983459472656, 21.057518005371094, -41.24113845825195, 34.181209564208984, -76.13060760498047], [-1926.7642822265625, 1038.209716796875, 525.5095825195312, -373.4279479980469, 410.0118713378906, 176.80093383789062, 728.3843383789062, -28.304357528686523, 103.67910766601562, 32.77506637573242, 300.9281921386719, 72.6409912109375, 2.9308464527130127], [1682.8143310546875, -713.1009521484375, -486.7198486328125, 87.31033325195312, -237.95555114746094, 150.85507202148438, -28.304357528686523, 371.6586608886719, -66.60506439208984, 20.8290958404541, -109.84449005126953, 41.91404342651367, -75.25846862792969], [-1294.869384765625, 907.363525390625, 143.076416015625, -320.1422424316406, 233.49234008789062, -228.93983459472656, 103.67910766601562, -66.60506439208984, 485.1078796386719, 54.40479278564453, 109.99907684326172, -12.379197120666504, 98.42430114746094], [198.2445068359375, -82.81757354736328, -2.5512423515319824, -48.34123611450195, -53.853912353515625, 21.057518005371094, 32.77506637573242, 20.8290958404541, 54.40479278564453, 155.24217224121094, 7.158389568328857, 15.694822311401367, -17.106306076049805], [-1653.9595947265625, 789.4075927734375, 414.60345458984375, -159.8383331298828, 325.9476013183594, -41.24113845825195, 300.9281921386719, -109.84449005126953, 109.99907684326172, 7.158389568328857, 285.2572937011719, 24.988609313964844, 37.07571792602539], [14.596047401428223, -136.68572998046875, 23.43092155456543, 70.13534545898438, -9.550250053405762, 34.181209564208984, 72.6409912109375, 41.91404342651367, -12.379197120666504, 15.694822311401367, 24.988609313964844, 102.49554443359375, -11.952013969421387], [-528.417724609375, 245.64755249023438, 112.32893371582031, 30.7605037689209, 69.96443939208984, -76.13060760498047, 2.9308464527130127, -75.25846862792969, 98.42430114746094, -17.106306076049805, 37.07571792602539, -11.952013969421387, 96.69000244140625]], "lowlevel.gfcc.icov": [[0.0002645329514052719, -0.00037169872666709125, 0.0002372299350099638, -0.0003744798304978758, 0.000521276262588799, -0.00030734139727428555, 0.0003828551562037319, -0.0006776766385883093, 0.0003671738668344915, -0.0005129261990077794, 0.0005356650799512863, -0.00013689814659301192, 0.00038846643292345107], [-0.00037169872666709125, 0.005684870760887861, -0.0010958523489534855, 0.004806178156286478, -0.002963121049106121, 0.003169539151713252, -0.003454767633229494, 0.003602202283218503, -0.002751715714111924, 0.004108939319849014, -0.0035965621937066317, 0.0037084962241351604, -0.003816362237557769], [0.0002372299350099638, -0.0010958523489534855, 0.0017776602180674672, -0.0009837629040703177, 0.0005076596862636507, 4.708104461315088e-05, -0.00013224058784544468, 0.00032993804779835045, 0.0012873418163508177, -0.0013475639279931784, 0.0005381515948101878, -0.0009625104139558971, 0.00038472277810797095], [-0.0003744798304978758, 0.004806178156286478, -0.0009837629040703177, 0.0051822299137711525, -0.003068645019084215, 0.0028742605354636908, -0.002266733208671212, 0.002607346046715975, -0.0012178793549537659, 0.0031273001804947853, -0.002948017790913582, 0.0019450444960966706, -0.005017214920371771], [0.000521276262588799, -0.002963121049106121, 0.0005076596862636507, -0.003068645019084215, 0.005359814036637545, -0.0025976765900850296, 0.0012994089629501104, -0.0011998048285022378, -0.0002675431314855814, -0.0005088681355118752, 9.138446330325678e-05, -0.000624239444732666, 0.00393648911267519], [-0.00030734139727428555, 0.003169539151713252, 4.708104461315088e-05, 0.0028742605354636908, -0.0025976765900850296, 0.006588786840438843, -0.004233525600284338, 0.0014032687759026885, 0.0012605765368789434, 0.0009142438066191971, -0.00036017707316204906, 0.0020132779609411955, -0.0031476151198148727], [0.0003828551562037319, -0.003454767633229494, -0.00013224058784544468, -0.002266733208671212, 0.0012994089629501104, -0.004233525600284338, 0.006949082016944885, -0.0038083791732788086, 0.0012758550001308322, -0.002747094025835395, -0.0005602678284049034, -0.003942736890166998, 0.002238401910290122], [-0.0006776766385883093, 0.003602202283218503, 0.00032993804779835045, 0.002607346046715975, -0.0011998048285022378, 0.0014032687759026885, -0.0038083791732788086, 0.009224946610629559, -0.0035335449501872063, 0.0038873774465173483, -0.0026885131374001503, 0.001097110565751791, 0.0006519362214021385], [0.0003671738668344915, -0.002751715714111924, 0.0012873418163508177, -0.0012178793549537659, -0.0002675431314855814, 0.0012605765368789434, 0.0012758550001308322, -0.0035335449501872063, 0.0076302168890833855, -0.005331004038453102, 0.00288089900277555, -0.002499347785487771, -0.003837288822978735], [-0.0005129261990077794, 0.004108939319849014, -0.0013475639279931784, 0.0031273001804947853, -0.0005088681355118752, 0.0009142438066191971, -0.002747094025835395, 0.0038873774465173483, -0.005331004038453102, 0.011918043717741966, -0.00409579137340188, 0.0023630710784345865, 0.0009232479496859014], [0.0005356650799512863, -0.0035965621937066317, 0.0005381515948101878, -0.002948017790913582, 9.138446330325678e-05, -0.00036017707316204906, -0.0005602678284049034, -0.0026885131374001503, 0.00288089900277555, -0.00409579137340188, 0.012682908214628696, -0.0033515640534460545, 0.0010173589689657092], [-0.00013689814659301192, 0.0037084962241351604, -0.0009625104139558971, 0.0019450444960966706, -0.000624239444732666, 0.0020132779609411955, -0.003942736890166998, 0.001097110565751791, -0.002499347785487771, 0.0023630710784345865, -0.0033515640534460545, 0.015319637954235077, -0.0005190198426134884], [0.00038846643292345107, -0.003816362237557769, 0.00038472277810797095, -0.005017214920371771, 0.00393648911267519, -0.0031476151198148727, 0.002238401910290122, 0.0006519362214021385, -0.003837288822978735, 0.0009232479496859014, 0.0010173589689657092, -0.0005190198426134884, 0.022038280963897705]], "lowlevel.mfcc.cov": [[20556.953125, -7046.2236328125, -2738.15869140625, -875.5096435546875, -975.8963012695312, -1550.943115234375, -882.8824462890625, -131.0380401611328, 605.8903198242188, -164.58349609375, -85.02112579345703, -677.6007080078125, -521.9010620117188], [-7046.2236328125, 4887.05908203125, 764.170654296875, -589.5198974609375, 136.516357421875, 416.8244323730469, 210.56370544433594, -2.7270705699920654, -127.46430206298828, 169.8419189453125, 214.5629425048828, 292.21673583984375, 350.3363037109375], [-2738.15869140625, 764.170654296875, 1082.6817626953125, 340.97662353515625, 34.881595611572266, 288.08050537109375, 180.30935668945312, -58.81742477416992, -103.96522521972656, -49.10840606689453, -6.751346588134766, 157.28797912597656, 66.19171905517578], [-875.5096435546875, -589.5198974609375, 340.97662353515625, 878.83642578125, 274.12017822265625, 87.01675415039062, 20.619647979736328, 4.348986625671387, -59.469696044921875, -57.225433349609375, -96.9315414428711, 65.51399230957031, 8.270856857299805], [-975.8963012695312, 136.516357421875, 34.881595611572266, 274.12017822265625, 384.8748779296875, 74.72346496582031, -5.639581680297852, 5.703495025634766, -22.41939353942871, 14.531494140625, -48.015193939208984, 53.73722839355469, 12.295379638671875], [-1550.943115234375, 416.8244323730469, 288.08050537109375, 87.01675415039062, 74.72346496582031, 429.8124084472656, 279.7090759277344, 88.4588394165039, -28.68132781982422, 26.088565826416016, 63.41843795776367, 65.29219055175781, 40.06256866455078], [-882.8824462890625, 210.56370544433594, 180.30935668945312, 20.619647979736328, -5.639581680297852, 279.7090759277344, 634.383544921875, 277.7438049316406, -86.15056610107422, 33.223262786865234, 112.27394104003906, 42.43130874633789, -34.320621490478516], [-131.0380401611328, -2.7270705699920654, -58.81742477416992, 4.348986625671387, 5.703495025634766, 88.4588394165039, 277.7438049316406, 334.24005126953125, 62.38097381591797, 33.10051345825195, 68.7425537109375, 64.59606170654297, 51.28908157348633], [605.8903198242188, -127.46430206298828, -103.96522521972656, -59.469696044921875, -22.41939353942871, -28.68132781982422, -86.15056610107422, 62.38097381591797, 206.7918243408203, 63.747676849365234, 29.70917320251465, 58.807743072509766, 89.35812377929688], [-164.58349609375, 169.8419189453125, -49.10840606689453, -57.225433349609375, 14.531494140625, 26.088565826416016, 33.223262786865234, 33.10051345825195, 63.747676849365234, 124.11946868896484, 49.11137771606445, 44.95114517211914, 53.678470611572266], [-85.02112579345703, 214.5629425048828, -6.751346588134766, -96.9315414428711, -48.015193939208984, 63.41843795776367, 112.27394104003906, 68.7425537109375, 29.70917320251465, 49.11137771606445, 129.1282958984375, 44.275482177734375, 47.669246673583984], [-677.6007080078125, 292.21673583984375, 157.28797912597656, 65.51399230957031, 53.73722839355469, 65.29219055175781, 42.43130874633789, 64.59606170654297, 58.807743072509766, 44.95114517211914, 44.275482177734375, 221.11831665039062, 173.4744110107422], [-521.9010620117188, 350.3363037109375, 66.19171905517578, 8.270856857299805, 12.295379638671875, 40.06256866455078, -34.320621490478516, 51.28908157348633, 89.35812377929688, 53.678470611572266, 47.669246673583984, 173.4744110107422, 287.9182434082031]], "lowlevel.mfcc.icov": [[0.0002286174421897158, 0.00027655772282741964, 0.00021446068421937525, 0.00019609479932114482, 0.00015791053010616452, 0.00037488932139240205, -0.00014353106962516904, 0.00025704127619974315, -0.0004754678811877966, 0.00032180052949115634, -0.0003211355651728809, 3.849119821097702e-05, 1.8700442524277605e-05], [0.00027655772282741964, 0.0007739932625554502, -0.00018271480803377926, 0.0008414641488343477, -0.0003063454059883952, 0.00032371474662795663, 8.505148434778675e-05, 0.00010791751992655918, 0.0001167294176411815, -7.273627852555364e-05, -0.0007652773056179285, 0.0001051364597515203, -0.0004230034537613392], [0.00021446068421937525, -0.00018271480803377926, 0.0023748623207211494, -0.0009855214739218354, 0.0013136692577973008, -0.00045096949907019734, -0.0008302466594614089, 0.0014315873850136995, -0.0008316352614201605, 0.0013351069064810872, 0.0004941247752867639, -0.001586597878485918, 0.0006294000777415931], [0.00019609479932114482, 0.0008414641488343477, -0.0009855214739218354, 0.0028481273911893368, -0.0017395662143826485, 0.000270316144451499, 0.000239139175391756, -0.0004151783650740981, 0.0005328590050339699, 0.00017211274825967848, 7.318926509469748e-05, 7.423882198054343e-05, -0.0006388525362126529], [0.00015791053010616452, -0.0003063454059883952, 0.0013136692577973008, -0.0017395662143826485, 0.0047940718941390514, -0.0007328030769713223, 0.00021972546528559178, 0.00012156271259300411, -8.970900671556592e-05, -0.0006799843395128846, 0.0016731629148125648, -0.0016608467558398843, 0.001187015208415687], [0.00037488932139240205, 0.00032371474662795663, -0.00045096949907019734, 0.000270316144451499, -0.0007328030769713223, 0.004959003068506718, -0.0022681786213070154, 0.0011145687894895673, -0.0017209587385877967, 0.0007515131146647036, -0.0013919483171775937, 0.000880319916177541, -0.0006520194583572447], [-0.00014353106962516904, 8.505148434778675e-05, -0.0008302466594614089, 0.000239139175391756, 0.00021972546528559178, -0.0022681786213070154, 0.005718948319554329, -0.004639826714992523, 0.004093185532838106, -0.0021413578651845455, -0.0018659752095118165, -0.0005296739982441068, 0.0013917480828240514], [0.00025704127619974315, 0.00010791751992655918, 0.0014315873850136995, -0.0004151783650740981, 0.00012156271259300411, 0.0011145687894895673, -0.004639826714992523, 0.007792064920067787, -0.004404317121952772, 0.0024089906364679337, -0.00026486138813197613, -0.0007200615364126861, -0.0006884968606755137], [-0.0004754678811877966, 0.0001167294176411815, -0.0008316352614201605, 0.0005328590050339699, -8.970900671556592e-05, -0.0017209587385877967, 0.004093185532838106, -0.004404317121952772, 0.011268016882240772, -0.005169272422790527, -0.0003801595885306597, -0.001171406009234488, -0.0010768951615318656], [0.00032180052949115634, -7.273627852555364e-05, 0.0013351069064810872, 0.00017211274825967848, -0.0006799843395128846, 0.0007515131146647036, -0.0021413578651845455, 0.0024089906364679337, -0.005169272422790527, 0.0132967634126544, -0.0030037236865609884, -0.0007299929857254028, -0.0003375053347554058], [-0.0003211355651728809, -0.0007652773056179285, 0.0004941247752867639, 7.318926509469748e-05, 0.0016731629148125648, -0.0013919483171775937, -0.0018659752095118165, -0.00026486138813197613, -0.0003801595885306597, -0.0030037236865609884, 0.013910933397710323, -0.001604909892193973, -0.00047784490743651986], [3.849119821097702e-05, 0.0001051364597515203, -0.001586597878485918, 7.423882198054343e-05, -0.0016608467558398843, 0.000880319916177541, -0.0005296739982441068, -0.0007200615364126861, -0.001171406009234488, -0.0007299929857254028, -0.001604909892193973, 0.011369212530553341, -0.005766694433987141], [1.8700442524277605e-05, -0.0004230034537613392, 0.0006294000777415931, -0.0006388525362126529, 0.001187015208415687, -0.0006520194583572447, 0.0013917480828240514, -0.0006884968606755137, -0.0010768951615318656, -0.0003375053347554058, -0.00047784490743651986, -0.005766694433987141, 0.008174818940460682]], "metadata.audio_properties.analysis.downmix": "mix", "metadata.audio_properties.codec": "mp3", "metadata.audio_properties.md5_encoded": "f5ff8e0075a293fa2c2b3c3f09764ddb", "metadata.tags.file_name": "1183670852038959194.mp3", "metadata.version.essentia": "2.1-beta6-dev", "metadata.version.essentia_git_sha": "v2.1_beta5-1110-g77a6a954", "metadata.version.extractor": "music 2.0", "tonal.chords_key": "F", "tonal.chords_scale": "major", "tonal.key_edma.key": "F", "tonal.key_edma.scale": "major", "tonal.key_krumhansl.key": "F", "tonal.key_krumhansl.scale": "major", "tonal.key_temperley.key": "F", "tonal.key_temperley.scale": "major", "metadata.tags.encoding": ["Lavf58.45.100"]}, "essentia_models": [{"model_name": "genre_dortmund", "activations": {"alternative": "0.21899013", "blues": "0.013917829", "electronic": "0.019883003", "folkcountry": "0.2522011", "funksoulrnb": "0.019766636", "jazz": "0.09214497", "pop": "0.22111522", "raphiphop": "0.03434079", "rock": "0.24702348"}}, {"model_name": "genre_rosamerica", "