{"song_id": "1183703709574770719", "download": "https://cdn.discordapp.com/attachments/1135911532732108921/1183703709574770719/chirp.mp4?ex=65894cfc&amp", "lyrics": "[Verse]\nEnzo, hoy es tu d\u00eda especial\nSiete a\u00f1os que ya llevas\nMaduro y lleno de vitalidad\nEn Calatayud, donde te encuentras\n\n[Chorus]\nFeliz cumplea\u00f1os, Enzo querido\nQue la alegr\u00eda acompa\u00f1e tus d\u00edas\nQue la roca ruede, y el amor sea escuchado\nEn tu alma de ni\u00f1o, siempre sigas brillando", "style": ["rock"], "essentia_features": {"lowlevel.average_loudness": 0.8673118948936462, "lowlevel.barkbands_crest.mean": 13.094791412353516, "lowlevel.barkbands_crest.stdev": 4.942476749420166, "lowlevel.barkbands_flatness_db.mean": 0.21542681753635406, "lowlevel.barkbands_flatness_db.stdev": 0.08446181565523148, "lowlevel.barkbands_kurtosis.mean": 23.001232147216797, "lowlevel.barkbands_kurtosis.stdev": 38.48289108276367, "lowlevel.barkbands_skewness.mean": 2.7990915775299072, "lowlevel.barkbands_skewness.stdev": 2.296210765838623, "lowlevel.barkbands_spread.mean": 16.244239807128906, "lowlevel.barkbands_spread.stdev": 20.625917434692383, "lowlevel.dissonance.mean": 0.41685694456100464, "lowlevel.dissonance.stdev": 0.058631349354982376, "lowlevel.dynamic_complexity": 6.849637985229492, "lowlevel.erbbands_crest.mean": 13.429827690124512, "lowlevel.erbbands_crest.stdev": 5.953541278839111, "lowlevel.erbbands_flatness_db.mean": 0.19480730593204498, "lowlevel.erbbands_flatness_db.stdev": 0.0654987171292305, "lowlevel.erbbands_kurtosis.mean": 6.795407295227051, "lowlevel.erbbands_kurtosis.stdev": 12.439449310302734, "lowlevel.erbbands_skewness.mean": 1.3462578058242798, "lowlevel.erbbands_skewness.stdev": 1.8011974096298218, "lowlevel.erbbands_spread.mean": 35.4969482421875, "lowlevel.erbbands_spread.stdev": 30.77036476135254, "lowlevel.hfc.mean": 15.05705738067627, "lowlevel.hfc.stdev": 20.76736068725586, "lowlevel.loudness_ebu128.integrated": -17.172727584838867, "lowlevel.loudness_ebu128.loudness_range": 6.397367477416992, "lowlevel.loudness_ebu128.momentary.mean": -20.664871215820312, "lowlevel.loudness_ebu128.momentary.stdev": 7.500952243804932, "lowlevel.loudness_ebu128.short_term.mean": -18.633686065673828, "lowlevel.loudness_ebu128.short_term.stdev": 2.6594529151916504, "lowlevel.melbands_crest.mean": 17.36075210571289, "lowlevel.melbands_crest.stdev": 6.116878509521484, "lowlevel.melbands_flatness_db.mean": 0.29819872975349426, "lowlevel.melbands_flatness_db.stdev": 0.10356199741363525, "lowlevel.melbands_kurtosis.mean": 34.4366455078125, "lowlevel.melbands_kurtosis.stdev": 44.38518142700195, "lowlevel.melbands_skewness.mean": 3.449169397354126, "lowlevel.melbands_skewness.stdev": 2.4897730350494385, "lowlevel.melbands_spread.mean": 15.839117050170898, "lowlevel.melbands_spread.stdev": 26.257835388183594, "lowlevel.pitch_salience.mean": 0.5084433555603027, "lowlevel.pitch_salience.stdev": 0.13726109266281128, "lowlevel.silence_rate_20dB.mean": 1.0, "lowlevel.silence_rate_20dB.stdev": 0.0, "lowlevel.silence_rate_30dB.mean": 0.9834573864936829, "lowlevel.silence_rate_30dB.stdev": 0.12754949927330017, "lowlevel.silence_rate_60dB.mean": 0.2415219247341156, "lowlevel.silence_rate_60dB.stdev": 0.42800676822662354, "lowlevel.spectral_centroid.mean": 902.3021240234375, "lowlevel.spectral_centroid.stdev": 982.3043212890625, "lowlevel.spectral_complexity.mean": 8.457403182983398, "lowlevel.spectral_complexity.stdev": 7.419045925140381, "lowlevel.spectral_decrease.mean": -6.3515090964472165e-09, "lowlevel.spectral_decrease.stdev": 8.2142230795057e-09, "lowlevel.spectral_energy.mean": 0.02533780224621296, "lowlevel.spectral_energy.stdev": 0.03219301998615265, "lowlevel.spectral_energyband_high.mean": 0.0004926244728267193, "lowlevel.spectral_energyband_high.stdev": 0.0013227203162387013, "lowlevel.spectral_energyband_low.mean": 0.009753359481692314, "lowlevel.spectral_energyband_low.stdev": 0.023401550948619843, "lowlevel.spectral_energyband_middle_high.mean": 0.003160457592457533, "lowlevel.spectral_energyband_middle_high.stdev": 0.007440244313329458, "lowlevel.spectral_energyband_middle_low.mean": 0.012907883152365685, "lowlevel.spectral_energyband_middle_low.stdev": 0.013767208904027939, "lowlevel.spectral_entropy.mean": 6.885982036590576, "lowlevel.spectral_entropy.stdev": 0.8520680665969849, "lowlevel.spectral_flux.mean": 0.06339766085147858, "lowlevel.spectral_flux.stdev": 0.06113047152757645, "lowlevel.spectral_kurtosis.mean": 7.491896629333496, "lowlevel.spectral_kurtosis.stdev": 7.636918067932129, "lowlevel.spectral_rms.mean": 0.004121278878301382, "lowlevel.spectral_rms.stdev": 0.002781158545985818, "lowlevel.spectral_rolloff.mean": 1373.3336181640625, "lowlevel.spectral_rolloff.stdev": 2466.487548828125, "lowlevel.spectral_skewness.mean": 2.1146624088287354, "lowlevel.spectral_skewness.stdev": 0.9978914856910706, "lowlevel.spectral_spread.mean": 5242815.0, "lowlevel.spectral_spread.stdev": 2860293.0, "lowlevel.spectral_strongpeak.mean": 1.0422091484069824, "lowlevel.spectral_strongpeak.stdev": 1.339781641960144, "lowlevel.zerocrossingrate.mean": 0.05479896813631058, "lowlevel.zerocrossingrate.stdev": 0.0696607306599617, "metadata.audio_properties.analysis.equal_loudness": 0.0, "metadata.audio_properties.analysis.length": 28.03199577331543, "metadata.audio_properties.analysis.sample_rate": 44100.0, "metadata.audio_properties.analysis.start_time": 0.0, "metadata.audio_properties.bit_rate": 120705.0, "metadata.audio_properties.length": 28.031999588012695, "metadata.audio_properties.lossless": 0.0, "metadata.audio_properties.number_channels": 1.0, "metadata.audio_properties.replay_gain": -10.060129165649414, "metadata.audio_properties.sample_rate": 48000.0, "rhythm.beats_count": 65.0, "rhythm.beats_loudness.mean": 0.04558580368757248, "rhythm.beats_loudness.stdev": 0.04799358919262886, "rhythm.bpm": 140.4689483642578, "rhythm.bpm_histogram_first_peak_bpm": 140.0, "rhythm.bpm_histogram_first_peak_weight": 0.5833333730697632, "rhythm.bpm_histogram_second_peak_bpm": 133.0, "rhythm.bpm_histogram_second_peak_spread": 0.2666666507720947, "rhythm.bpm_histogram_second_peak_weight": 0.171875, "rhythm.danceability": 1.0613579750061035, "rhythm.onset_rate": 4.028563022613525, "tonal.chords_changes_rate": 0.08595041185617447, "tonal.chords_number_rate": 0.01652892492711544, "tonal.chords_strength.mean": 0.47589796781539917, "tonal.chords_strength.stdev": 0.0713924840092659, "tonal.hpcp_crest.mean": 14.545210838317871, "tonal.hpcp_crest.stdev": 6.562819004058838, "tonal.hpcp_entropy.mean": 1.7980808019638062, "tonal.hpcp_entropy.stdev": 0.7319105267524719, "tonal.key_edma.strength": 0.7700604200363159, "tonal.key_krumhansl.strength": 0.7712926268577576, "tonal.key_temperley.strength": 0.7761805653572083, "tonal.tuning_diatonic_strength": 0.6585966944694519, "tonal.tuning_equal_tempered_deviation": 0.08532682806253433, "tonal.tuning_frequency": 439.4919738769531, "tonal.tuning_nontempered_energy_ratio": 0.7353661060333252, "lowlevel.barkbands.mean": [0.00016280981071759015, 0.004788619000464678, 0.0039428542368113995, 0.0019678939133882523, 0.002011218573898077, 0.0017357057658955455, 0.003918583504855633, 0.0015752954641357064, 0.001523419632576406, 0.0009202403016388416, 0.0001671027857810259, 0.00020881308591924608, 0.0003231627633795142, 0.0005142099689692259, 0.0004618785751517862, 0.00021801538241561502, 0.00021297429339028895, 8.154852548614144e-05, 5.275926741887815e-05, 7.649043254787102e-05, 3.3779269870137796e-05, 7.517112680943683e-05, 0.0001380236353725195, 7.14906636858359e-05, 5.540639904211275e-05, 8.319484913954511e-05, 1.714217069093138e-05], "lowlevel.barkbands.stdev": [0.001428539282642305, 0.018550816923379898, 0.007245348300784826, 0.0034258372616022825, 0.0031357284169644117, 0.0038495995104312897, 0.008635801263153553, 0.004257189575582743, 0.003950138110667467, 0.004107091575860977, 0.0004960540100000799, 0.0005849056178703904, 0.0013056905008852482, 0.00180851633194834, 0.0018712915480136871, 0.0005820964579470456, 0.00044384566717781126, 0.00020991779456380755, 0.0001084313407773152, 0.00017915116040967405, 0.00013808460789732635, 0.0001946259435499087, 0.0003246139094699174, 0.0001908572594402358, 0.0001944095129147172, 0.00033229179098270833, 8.765434176893905e-05], "lowlevel.erbbands.mean": [0.11471880972385406, 1.1746463775634766, 4.197323799133301, 5.660278797149658, 6.893476486206055, 7.442413330078125, 5.055598735809326, 19.78096580505371, 52.70270919799805, 42.923927307128906, 43.02910614013672, 30.620559692382812, 29.609054565429688, 17.240652084350586, 7.772443771362305, 8.404186248779297, 11.964388847351074, 25.923675537109375, 30.87869644165039, 15.322237014770508, 12.415914535522461, 12.671845436096191, 5.490167140960693, 2.1181232929229736, 4.077453136444092, 3.292755126953125, 1.3610923290252686, 1.5493078231811523, 2.5787785053253174, 3.5416650772094727, 3.833536386489868, 2.1339170932769775, 0.9445061683654785, 0.5501657724380493, 0.4241514801979065, 0.26303762197494507, 0.17460012435913086, 0.05085495859384537, 0.0016480261692777276, 6.217856571311131e-05], "lowlevel.erbbands.stdev": [0.6555177569389343, 3.8473472595214844, 7.23661994934082, 9.786238670349121, 9.666513442993164, 13.505703926086426, 12.733667373657227, 41.77741241455078, 105.82980346679688, 124.35672760009766, 112.4041519165039, 80.60997009277344, 104.49864196777344, 71.88853454589844, 20.00819969177246, 23.20821189880371, 37.399600982666016, 91.78461456298828, 143.9938201904297, 42.59146499633789, 30.581932067871094, 26.605411529541016, 12.295328140258789, 5.006744861602783, 8.360666275024414, 7.735109329223633, 5.215079307556152, 5.712113857269287, 6.8150105476379395, 8.315423011779785, 9.216862678527832, 5.264078140258789, 2.8688275814056396, 1.9828776121139526, 1.4876948595046997, 0.9274604320526123, 0.7409287095069885, 0.2364482432603836, 0.007861959747970104, 0.00016129457799252123], "lowlevel.gfcc.mean": [-112.66386413574219, 89.85472869873047, -73.3922119140625, 25.895000457763672, -62.47983932495117, 8.067536354064941, -51.16031265258789, 4.8201189041137695, -15.193296432495117, -4.128727436065674, -19.724781036376953, -0.9215856194496155, -24.06281089782715], "lowlevel.melbands.mean": [0.0011830019066110253, 0.0019621325191110373, 0.0010570106096565723, 0.0005167199997231364, 0.0002038178499788046, 0.0004520998918451369, 0.0007970303995534778, 0.000413818983361125, 0.0003680480585899204, 0.00017845522961579263, 0.00015406798047479242, 8.17676555016078e-05, 2.437280818412546e-05, 2.003469671763014e-05, 2.508701800252311e-05, 3.534536517690867e-05, 4.7636774979764596e-05, 5.3455180022865534e-05, 2.6168623662670143e-05, 1.583448283781763e-05, 1.3717235560761765e-05, 1.4087218005442992e-05, 8.336036444234196e-06, 2.637207444422529e-06, 1.464986212340591e-06, 2.2283195448835613e-06, 3.910588475264376e-06, 1.6945117522482178e-06, 7.765643204038497e-07, 8.075222694969852e-07, 9.340166684523865e-07, 1.4164278354655835e-06, 1.5811336879778537e-06, 2.162480086553842e-06, 2.2973849809204694e-06, 1.916589553729864e-06, 1.0671740255929762e-06, 6.920094506313035e-07, 4.859539330936968e-07, 4.505494075601746e-07], "lowlevel.melbands.stdev": [0.005418955814093351, 0.0037199705839157104, 0.001643129624426365, 0.0007778566214255989, 0.0004285679606255144, 0.000890859926585108, 0.0016088782576844096, 0.0011678884038701653, 0.0010034055449068546, 0.000493517320137471, 0.0005671727703884244, 0.0003663082898128778, 6.528089579660445e-05, 5.44723188795615e-05, 7.761354208923876e-05, 0.00014978527906350791, 0.00016970312572084367, 0.0002751059364527464, 7.565474516013637e-05, 4.6937810111558065e-05, 3.493822805467062e-05, 3.1173567549558356e-05, 1.9275212252978235e-05, 6.511771971418057e-06, 3.824586201517377e-06, 4.5365054575086106e-06, 9.474048965785187e-06, 4.236432687321212e-06, 3.1379938718600897e-06, 3.84652321372414e-06, 3.4101283290510764e-06, 3.9535234463983215e-06, 3.966750682593556e-06, 5.0967737479368225e-06, 5.627961854770547e-06, 4.732795332529349e-06, 2.731242148001911e-06, 2.1198598005867098e-06, 1.720945419947384e-06, 1.7152203781733988e-06], "lowlevel.melbands128.mean": [0.00014313441351987422, 0.0007932768785394728, 0.001567605184391141, 0.002027998212724924, 0.0022043564822524786, 0.0018624350195750594, 0.0010967853013426065, 0.001044755568727851, 0.0006144864019006491, 0.0005330038839019835, 0.0004262947477400303, 0.0002335374301765114, 0.00011560608982108533, 0.0001878848415799439, 0.00037133388104848564, 0.0005715119186788797, 0.0009074597619473934, 0.0008683605119585991, 0.0006264491239562631, 0.0005080859991721809, 0.00025834154803305864, 0.00028398819267749786, 0.00045766294351778924, 0.0003739626845344901, 0.00015144188364502043, 0.00012999364116694778, 0.00014201735029928386, 0.00012287941353861243, 0.00022434862330555916, 0.00010969889990519732, 2.8509912226581946e-05, 2.1999434466124512e-05, 2.6372621505288407e-05, 2.4046492399065755e-05, 2.280539774801582e-05, 1.337325284112012e-05, 2.295327249157708e-05, 3.408269913052209e-05, 2.0397783373482525e-05, 1.4151585673971567e-05, 3.612637738115154e-05, 7.404856296489015e-05, 4.300611180951819e-05, 3.7879886804148555e-05, 4.565500421449542e-05, 7.528963033109903e-05, 3.605394158512354e-05, 2.7293443054077215e-05, 2.0259809389244765e-05, 1.841954144765623e-05, 1.426583548891358e-05, 1.3133775610185694e-05, 1.7895699784276076e-05, 1.0509263120184187e-05, 1.2446739674487617e-05, 1.857422830653377e-05, 1.0931177712336648e-05, 9.891625268210191e-06, 8.140229510900099e-06, 3.316170932521345e-06, 2.55067425314337e-06, 1.7467177713115234e-06, 1.5246901057253126e-06, 1.3398935152508784e-06, 1.3870268276150455e-06, 1.9997962681372883e-06, 2.495324679330224e-06, 4.352114046923816e-06, 4.379409801913425e-06, 3.536456006258959e-06, 1.408456455465057e-06, 9.992972991312854e-07, 7.691140240240202e-07, 7.539540547440993e-07, 7.237150043692964e-07, 9.274593821828603e-07, 7.581058412142738e-07, 7.045272241157363e-07, 9.531062801215739e-07, 1.137452500188374e-06, 1.3770394389212015e-06, 1.5542213986918796e-06, 1.5015721146482974e-06, 1.4988834209361812e-06, 1.6491428596054902e-06, 2.106319016093039e-06, 2.2965004973229952e-06, 2.4540890990465414e-06, 2.3343577595369425e-06, 2.1268526779749664e-06, 2.2010694920027163e-06, 1.9359456473466707e-06, 1.3207919664637302e-06, 1.0655408004822675e-06, 8.765981078795448e-07, 8.046159791774699e-07, 6.303145596575632e-07, 5.863637966285751e-07, 4.4062693405066966e-07, 4.928963903694239e-07, 4.182035127087147e-07, 4.279019094610703e-07, 5.02504349242372e-07, 5.163994387658022e-07, 5.052763185631193e-07, 4.743977797261323e-07, 4.2685002199505107e-07, 3.307002032215678e-07, 3.9390928918692225e-07, 5.731556029786589e-07, 5.59496015739569e-07, 5.549516117753228e-07, 5.732668455493695e-07, 6.097804430282849e-07, 5.02648504152603e-07, 5.056418785898131e-07, 4.690323294198606e-07, 2.6331483127250976e-07, 3.5460953284882635e-08, 2.7244113215418864e-11, 1.0071925064802922e-11, 7.092415630488569e-12, 5.9551066335095104e-12, 5.620181403598323e-12, 4.830758622981213e-12, 3.7348756899702185e-12, 3.1737516260899046e-12, 3.0792527815765025e-12], "lowlevel.melbands128.stdev": [0.0013118427013978362, 0.005589522421360016, 0.007716791238635778, 0.006266562733799219, 0.003950329963117838, 0.003616992849856615, 0.0021139236632734537, 0.001727911876514554, 0.0009453005623072386, 0.0010561600793153048, 0.0009169301483780146, 0.0005398058565333486, 0.0004655266529880464, 0.0007941968506202102, 0.001106823212467134, 0.0013827389338985085, 0.0019756206311285496, 0.002395065501332283, 0.0022778864949941635, 0.0020198491401970387, 0.0009856742108240724, 0.001091684214770794, 0.0016897621098905802, 0.0011896779760718346, 0.0006638451595790684, 0.0006705558043904603, 0.000670677749440074, 0.0006003154558129609, 0.0012401628773659468, 0.0006591995479539037, 0.00014474280760623515, 8.834628533804789e-05, 8.556173997931182e-05, 9.290784510085359e-05, 8.464279380859807e-05, 5.407412027125247e-05, 9.475708066020161e-05, 0.00012653687736019492, 9.37110380618833e-05, 6.261320231715217e-05, 0.00018708244897425175, 0.0004460714990273118, 0.000204840354854241, 0.0002046452573267743, 0.0002183777978643775, 0.0005899261450394988, 0.00014980591367930174, 0.00010684895823942497, 8.177332347258925e-05, 7.248584006447345e-05, 6.537450826726854e-05, 4.424130020197481e-05, 6.0261791077209637e-05, 3.634606036939658e-05, 3.252011811127886e-05, 5.347492697183043e-05, 2.8917504096170887e-05, 2.5316179744550027e-05, 2.601653068268206e-05, 9.158544344245456e-06, 7.359644314419711e-06, 5.764575234934455e-06, 4.635883215087233e-06, 3.6914470911142416e-06, 3.6902711144648492e-06, 4.687389264290687e-06, 6.1084729168214835e-06, 1.068115216185106e-05, 1.4096875020186417e-05, 1.0380251296737697e-05, 4.269452347216429e-06, 3.7391980640677502e-06, 3.20595495395537e-06, 3.3503906706755515e-06, 3.2006669243855868e-06, 4.9206555559067056e-06, 3.892703261954011e-06, 2.792585519273416e-06, 3.974609626311576e-06, 4.279172571841627e-06, 4.350476501713274e-06, 4.4652310862147715e-06, 4.030394848086871e-06, 4.280812390788924e-06, 4.187424110568827e-06, 5.388675617723493e-06, 5.819477792101679e-06, 6.023194146109745e-06, 6.15817998550483e-06, 5.629450242849998e-06, 5.727507868868997e-06, 5.129161763761658e-06, 3.3932351470866706e-06, 3.052961801586207e-06, 2.340551873203367e-06, 2.5351707790832734e-06, 2.1956109321763506e-06, 2.197043841078994e-06, 1.5966109003784368e-06, 1.9882438664353685e-06, 1.6733933989598881e-06, 1.7696743270789739e-06, 2.2030133095540805e-06, 1.9698907181009417e-06, 1.9875974430760834e-06, 1.7900022157846252e-06, 1.559336624268326e-06, 1.1867956573041738e-06, 1.4463992101809708e-06, 2.5389078928128583e-06, 2.3020927528705215e-06, 2.6012291982624447e-06, 2.601660753498436e-06, 3.0226653962017735e-06, 2.5533558982715476e-06, 2.6587172214931343e-06, 2.4337880404345924e-06, 1.4127008398645557e-06, 2.6951471454594866e-07, 3.220900768319268e-10, 8.11897285513119e-11, 5.0802580892073124e-11, 3.98415259117435e-11, 3.590706204592564e-11, 2.5439020681639057e-11, 1.1713425368542474e-11, 7.576997189395751e-12, 7.432941415141947e-12], "lowlevel.mfcc.mean": [-770.8843994140625, 129.70606994628906, 35.961544036865234, 19.828296661376953, 12.91145133972168, 2.7177793979644775, -19.895360946655273, 10.004325866699219, -13.481595993041992, 9.367383003234863, -5.865541458129883, -4.638946533203125, 1.7759833335876465], "lowlevel.spectral_contrast_coeffs.mean": [-0.6736053824424744, -0.6778506636619568, -0.7677042484283447, -0.7865076661109924, -0.7767723798751831, -0.7761325836181641], "lowlevel.spectral_contrast_coeffs.stdev": [0.08487245440483093, 0.13018660247325897, 0.09242319315671921, 0.08358655124902725, 0.07693745940923691, 0.06331503391265869], "lowlevel.spectral_contrast_valleys.mean": [-7.737287521362305, -8.033166885375977, -9.11473560333252, -9.227652549743652, -9.446828842163086, -11.470251083374023], "lowlevel.spectral_contrast_valleys.stdev": [1.8938156366348267, 1.9092285633087158, 1.9005249738693237, 1.9291181564331055, 1.7754549980163574, 1.6428265571594238], "rhythm.beats_loudness_band_ratio.mean": [0.36902186274528503, 0.19663813710212708, 0.3095616400241852, 0.06394363939762115, 0.05918440222740173, 0.06543581932783127], "rhythm.beats_loudness_band_ratio.stdev": [0.31191286444664, 0.1933291107416153, 0.3041110932826996, 0.09518786519765854, 0.11568251252174377, 0.12331055849790573], "tonal.hpcp.mean": [0.31676340103149414, 0.1634342074394226, 0.051019806414842606, 0.04538087919354439, 0.05871196091175079, 0.13611218333244324, 0.21905630826950073, 0.13216695189476013, 0.02374505065381527, 0.017616085708141327, 0.024122482165694237, 0.043482743203639984, 0.05362207069993019, 0.03416113927960396, 0.020946411415934563, 0.02876347303390503, 0.050166696310043335, 0.07384893298149109, 0.06489741802215576, 0.04987707361578941, 0.12551020085811615, 0.2698885500431061, 0.19825488328933716, 0.04396401345729828, 0.037202995270490646, 0.0527745746076107, 0.09253763407468796, 0.09776972979307175, 0.05988788977265358, 0.04068005084991455, 0.042897894978523254, 0.07297549396753311, 0.12904076278209686, 0.1353905200958252, 0.1046348363161087, 0.23473215103149414], "tonal.hpcp.stdev": [0.4247661530971527, 0.2464664727449417, 0.16850537061691284, 0.15256516635417938, 0.18833895027637482, 0.24769632518291473, 0.34840619564056396, 0.24367927014827728, 0.07007702440023422, 0.06632321327924728, 0.10319655388593674, 0.1358703076839447, 0.15315772593021393, 0.11135200411081314, 0.08343178033828735, 0.11882204562425613, 0.1604878008365631, 0.2014443427324295, 0.1707545965909958, 0.14676468074321747, 0.20183385908603668, 0.3629789650440216, 0.29497069120407104, 0.12148980796337128, 0.13407617807388306, 0.17154866456985474, 0.22821025550365448, 0.2249789983034134, 0.16320723295211792, 0.13453400135040283, 0.14202633500099182, 0.19422407448291779, 0.2584105134010315, 0.24605505168437958, 0.2039193958044052, 0.3193621337413788], "rhythm.beats_position": [0.4411791265010834, 0.8939682245254517, 1.3467572927474976, 1.799546480178833, 2.252335548400879, 2.705124616622925, 3.1579136848449707, 3.6223127841949463, 4.075101852416992, 4.527891159057617, 4.992290019989014, 5.456689357757568, 5.9326982498168945, 6.327437400817871, 6.722176551818848, 7.128525733947754, 7.523265361785889, 7.918004512786865, 8.335963249206543, 8.753922462463379, 9.148661613464355, 9.543400764465332, 9.938140869140625, 10.332880020141602, 10.727619171142578, 11.122358322143555, 11.517097473144531, 11.981496810913086, 12.434285163879395, 12.86385440826416, 13.293423652648926, 13.734602928161621, 14.175782203674316, 14.628571510314941, 15.08135986328125, 15.522539138793945, 15.952108383178711, 16.393287658691406, 16.822856903076172, 17.240816116333008, 17.670385360717773, 18.09995460510254, 18.529523849487305, 18.95909309387207, 19.388662338256836, 19.806621551513672, 20.224580764770508, 20.654150009155273, 21.08371925354004, 21.5248966217041, 21.942855834960938, 22.372425079345703, 22.79038429260254, 23.219953536987305, 23.63791275024414, 24.055871963500977, 24.473831176757812, 24.915010452270508, 25.356189727783203, 25.77414894104004, 26.192108154296875, 26.61006736755371, 27.028026580810547, 27.457595825195312, 27.887165069580078], "rhythm.bpm_histogram": [0.0, 0.0, 0.0, 0.0, 0.0, 0.0, 0.0, 0.0, 0.0, 0.0, 0.0, 0.0, 0.0, 0.0, 0.0, 0.0, 0.0, 0.0, 0.0, 0.0, 0.0, 0.0, 0.0, 0.0, 0.0, 0.0, 0.0, 0.0, 0.0, 0.0, 0.0, 0.0, 0.0, 0.0, 0.0, 0.0, 0.0, 0.0, 0.0, 0.0, 0.0, 0.0, 0.0, 0.0, 0.0, 0.0, 0.0, 0.0, 0.0, 0.0, 0.0, 0.0, 0.0, 0.0, 0.0, 0.0, 0.0, 0.0, 0.0, 0.0, 0.0, 0.0, 0.0, 0.0, 0.0, 0.0, 0.0, 0.0, 0.0, 0.0, 0.0, 0.0, 0.0, 0.0, 0.0, 0.0, 0.0, 0.0, 0.0, 0.0, 0.0, 0.0, 0.0, 0.0, 0.0, 0.0, 0.0, 0.0, 0.0, 0.0, 0.0, 0.0, 0.0, 0.0, 0.0, 0.0, 0.0, 0.0, 0.0, 0.0, 0.0, 0.0, 0.0, 0.0, 0.0, 0.0, 0.0, 0.0, 0.0, 0.0, 0.0, 0.0, 0.0, 0.0, 0.0, 0.0, 0.0, 0.0, 0.0, 0.0, 0.0, 0.0, 0.0, 0.0, 0.0, 0.0, 0.015625, 0.0, 0.0, 0.0625, 0.0, 0.0, 0.0, 0.171875, 0.0, 0.0, 0.109375, 0.0, 0.0, 0.0, 0.234375, 0.0, 0.0, 0.0, 0.21875, 0.0, 0.0, 0.0, 0.015625, 0.0, 0.0, 0.0, 0.171875, 0.0, 0.0, 0.0, 0.0, 0.0, 0.0, 0.0, 0.0, 0.0, 0.0, 0.0, 0.0, 0.0, 0.0, 0.0, 0.0, 0.0, 0.0, 0.0, 0.0, 0.0, 0.0, 0.0, 0.0, 0.0, 0.0, 0.0, 0.0, 0.0, 0.0, 0.0, 0.0, 0.0, 0.0, 0.0, 0.0, 0.0, 0.0, 0.0, 0.0, 0.0, 0.0, 0.0, 0.0, 0.0, 0.0, 0.0, 0.0, 0.0, 0.0, 0.0, 0.0, 0.0, 0.0, 0.0, 0.0, 0.0, 0.0, 0.0, 0.0, 0.0, 0.0, 0.0, 0.0, 0.0, 0.0, 0.0, 0.0, 0.0, 0.0, 0.0, 0.0, 0.0, 0.0, 0.0, 0.0, 0.0, 0.0, 0.0, 0.0, 0.0, 0.0, 0.0, 0.0, 0.0, 0.0, 0.0, 0.0, 0.0, 0.0, 0.0, 0.0, 0.0, 0.0, 0.0, 0.0, 0.0], "tonal.chords_histogram": [21.65289306640625, 4.958677768707275, 17.851240158081055, 12.727272987365723, 13.719008445739746, 0.0, 3.6363637447357178, 0.0, 0.1652892529964447, 0.0, 3.966942071914673, 0.8264462947845459, 1.9834710359573364, 6.280991554260254, 0.0, 0.0, 0.0, 0.1652892529964447, 0.0, 0.6611570119857788, 0.0, 0.0, 0.0, 11.404958724975586], "tonal.thpcp": [1.0, 0.5159504413604736, 0.1610659807920456, 0.1432642787694931, 0.18534956872463226, 0.4296966791152954, 0.6915454864501953, 0.4172418713569641, 0.07496146857738495, 0.055612754076719284, 0.0761529952287674, 0.13727198541164398, 0.16928113996982574, 0.10784433782100677, 0.06612636148929596, 0.09080427885055542, 0.15837275981903076, 0.23313593864440918, 0.2048766314983368, 0.15745845437049866, 0.3962269723415375, 0.8520193696022034, 0.6258768439292908, 0.13879132270812988, 0.11744726449251175, 0.1666056513786316, 0.2921348810195923, 0.30865222215652466, 0.18906189501285553, 0.12842409312725067, 0.13542567193508148, 0.23037855327129364, 0.40737271308898926, 0.42741844058036804, 0.3303248882293701, 0.7410330772399902], "lowlevel.gfcc.cov": [[28842.642578125, 1107.218505859375, -3886.974365234375, -965.31787109375, -777.021240234375, -204.94009399414062, -260.9187927246094, 716.38525390625, 764.1655883789062, 134.6961212158203, 108.22724151611328, -31.177553176879883, -753.2216186523438], [1107.218505859375, 2550.08740234375, -119.47344207763672, -439.15411376953125, 218.38710021972656, -167.08792114257812, 77.63455963134766, 46.51338577270508, 102.7353515625, -309.7457275390625, 289.1780700683594, -122.33949279785156, 36.49406814575195], [-3886.974365234375, -119.47344207763672, 2306.849853515625, 1004.8508911132812, 333.17236328125, 308.8781433105469, 367.7947082519531, -170.53526306152344, -338.5396423339844, 15.89214038848877, -68.59568786621094, 192.00010681152344, 279.4107666015625], [-965.31787109375, -439.15411376953125, 1004.8508911132812, 1193.1715087890625, 246.80650329589844, 183.4275665283203, 117.22366333007812, -73.8332748413086, -58.41864013671875, 26.53961181640625, -102.18726348876953, 130.83021545410156, 217.0517578125], [-777.021240234375, 218.38710021972656, 333.17236328125, 246.80650329589844, 562.15478515625, 144.38479614257812, 110.81651306152344, 72.63827514648438, 12.727079391479492, -10.254559516906738, -30.592906951904297, 3.630535125732422, 111.2121810913086], [-204.94009399414062, -167.08792114257812, 308.8781433105469, 183.4275665283203, 144.38479614257812, 391.5851135253906, 252.1427764892578, 25.955638885498047, -56.547733306884766, 31.21986198425293, -38.0473518371582, 10.41170883178711, 9.832771301269531], [-260.9187927246094, 77.63455963134766, 367.7947082519531, 117.22366333007812, 110.81651306152344, 252.1427764892578, 495.6936950683594, 40.8481559753418, -150.09999084472656, -8.522132873535156, 45.53685760498047, 19.414390563964844, 9.771240234375], [716.38525390625, 46.51338577270508, -170.53526306152344, -73.8332748413086, 72.63827514648438, 25.955638885498047, 40.8481559753418, 184.82969665527344, 84.2028579711914, 2.932563543319702, 1.2192326784133911, -25.494373321533203, -20.337125778198242], [764.1655883789062, 102.7353515625, -338.5396423339844, -58.41864013671875, 12.727079391479492, -56.547733306884766, -150.09999084472656, 84.2028579711914, 267.42388916015625, 23.983978271484375, -26.403696060180664, -33.60092544555664, -23.87213134765625], [134.6961212158203, -309.7457275390625, 15.89214038848877, 26.53961181640625, -10.254559516906738, 31.21986198425293, -8.522132873535156, 2.932563543319702, 23.983978271484375, 176.39674377441406, -21.246051788330078, 4.419200420379639, -26.40450668334961], [108.22724151611328, 289.1780700683594, -68.59568786621094, -102.18726348876953, -30.592906951904297, -38.0473518371582, 45.53685760498047, 1.2192326784133911, -26.403696060180664, -21.246051788330078, 155.92050170898438, 11.42238712310791, -21.705434799194336], [-31.177553176879883, -122.33949279785156, 192.00010681152344, 130.83021545410156, 3.630535125732422, 10.41170883178711, 19.414390563964844, -25.494373321533203, -33.60092544555664, 4.419200420379639, 11.42238712310791, 129.41342163085938, 32.22244644165039], [-753.2216186523438, 36.49406814575195, 279.4107666015625, 217.0517578125, 111.2121810913086, 9.832771301269531, 9.771240234375, -20.337125778198242, -23.87213134765625, -26.40450668334961, -21.705434799194336, 32.22244644165039, 145.12387084960938]], "lowlevel.gfcc.icov": [[6.871204823255539e-05, -0.00012730201706290245, 0.00016133296594489366, -0.00014401692897081375, 0.00011246755457250401, -5.610588050330989e-05, 1.2507436622399837e-05, -0.0002462778356857598, 0.00011805698159150779, -0.00019075447926297784, 0.0002232045808341354, -0.0002936006640084088, 0.0002589651558082551], [-0.00012730201706290245, 0.001205571461468935, -0.0005898406961932778, 0.0006924874614924192, -0.0006728686857968569, 0.0004511567822191864, -0.0003475433913990855, 0.000893494812771678, -0.0012911023804917932, 0.0017895958153530955, -0.0020676914136856794, 0.001468251459300518, -0.0007523039821535349], [0.00016133296594489366, -0.0005898406961932778, 0.001504913903772831, -0.0009619082557037473, 0.00019956272444687784, -0.00039807535358704627, -0.00018208003893960267, -0.0002857832587324083, 0.0013772345846518874, -0.0010932658333331347, 0.0011895570205524564, -0.0014678906882181764, -9.538984159007668e-05], [-0.00014401692897081375, 0.0006924874614924192, -0.0009619082557037473, 0.00218397774733603, -0.0005344650708138943, -4.596007784130052e-05, -0.00022778955462854356, 0.001046638237312436, -0.0013166640419512987, 0.0008305396186187863, -0.0006404028972610831, 0.00027862199931405485, -0.0019844728522002697], [0.00011246755457250401, -0.0006728686857968569, 0.00019956272444687784, -0.0005344650708138943, 0.0030250188428908587, -0.0009539338061586022, 0.00013667132589034736, -0.0017323154024779797, 0.00037788785994052887, -0.0009200139902532101, 0.0010428358800709248, -0.0003988332173321396, -0.0011981111019849777], [-5.610588050330989e-05, 0.0004511567822191864, -0.00039807535358704627, -4.596007784130052e-05, -0.0009539338061586022, 0.004821783397346735, -0.0023971472401171923, 0.00046722506522201, -0.0007381447940133512, 0.0001461374049540609, 0.0006575977895408869, 0.0006569297984242439, 0.0009193758596666157], [1.2507436622399837e-05, -0.0003475433913990855, -0.00018208003893960267, -0.00022778955462854356, 0.00013667132589034736, -0.0023971472401171923, 0.0044017755426466465, -0.0019201188115403056, 0.002340586157515645, -0.00024180828768294305, -0.0009732129401527345, -0.00011125960008939728, 0.0005559593555517495], [-0.0002462778356857598, 0.000893494812771678, -0.0002857832587324083, 0.001046638237312436, -0.0017323154024779797, 0.00046722506522201, -0.0019201188115403056, 0.0091255446895957, -0.0036655061412602663, 0.0013956172624602914, -0.0013030017726123333, 0.0015378051903098822, -0.0006994711584411561], [0.00011805698159150779, -0.0012911023804917932, 0.0013772345846518874, -0.0013166640419512987, 0.00037788785994052887, -0.0007381447940133512, 0.002340586157515645, -0.0036655061412602663, 0.008054445497691631, -0.002595529891550541, 0.0025072512216866016, -0.0011776465689763427, 0.000833339465316385], [-0.00019075447926297784, 0.0017895958153530955, -0.0010932658333331347, 0.0008305396186187863, -0.0009200139902532101, 0.0001461374049540609, -0.00024180828768294305, 0.0013956172624602914, -0.002595529891550541, 0.008942690677940845, -0.002455215435475111, 0.0018009742489084601, 0.000762650219257921], [0.0002232045808341354, -0.0020676914136856794, 0.0011895570205524564, -0.0006404028972610831, 0.0010428358800709248, 0.0006575977895408869, -0.0009732129401527345, -0.0013030017726123333, 0.0025072512216866016, -0.002455215435475111, 0.0115103954449296, -0.003979315981268883, 0.00195598928257823], [-0.0002936006640084088, 0.001468251459300518, -0.0014678906882181764, 0.00027862199931405485, -0.0003988332173321396, 0.0006569297984242439, -0.00011125960008939728, 0.0015378051903098822, -0.0011776465689763427, 0.0018009742489084601, -0.003979315981268883, 0.011715910397469997, -0.0020620287396013737], [0.0002589651558082551, -0.0007523039821535349, -9.538984159007668e-05, -0.0019844728522002697, -0.0011981111019849777, 0.0009193758596666157, 0.0005559593555517495, -0.0006994711584411561, 0.000833339465316385, 0.000762650219257921, 0.00195598928257823, -0.0020620287396013737, 0.013322248123586178]], "lowlevel.mfcc.cov": [[25484.646484375, 875.3565063476562, -3126.61474609375, -1342.309326171875, -769.360107421875, -800.14111328125, -1111.55517578125, 567.5066528320312, -455.8445739746094, 824.14453125, 362.9212951660156, 445.7794494628906, 685.9927978515625], [875.3565063476562, 2612.229248046875, -401.6827087402344, -357.8219909667969, 62.15224075317383, -336.8360290527344, 35.22722625732422, 183.01429748535156, -222.33932495117188, 45.3590087890625, 18.17332649230957, 46.57732391357422, 87.30509185791016], [-3126.61474609375, -401.6827087402344, 1813.1688232421875, 807.7896118164062, 156.7132110595703, 493.0269470214844, 494.0572204589844, -19.03150177001953, 268.1938171386719, -362.31866455078125, -78.28141021728516, 9.187396049499512, -53.25433349609375], [-1342.309326171875, -357.8219909667969, 807.7896118164062, 901.103759765625, 308.935791015625, 288.213623046875, 188.24981689453125, 18.769607543945312, 216.9515380859375, -178.82244873046875, -105.899169921875, -43.48911666870117, 47.509307861328125], [-769.360107421875, 62.15224075317383, 156.7132110595703, 308.935791015625, 547.7933349609375, 81.49119567871094, -29.551246643066406, 7.601834297180176, 169.3619384765625, -7.888571739196777, -45.52762985229492, -43.3591194152832, 27.27072525024414], [-800.14111328125, -336.8360290527344, 493.0269470214844, 288.213623046875, 81.49119567871094, 450.77239990234375, 275.3805236816406, 33.10597229003906, 170.65078735351562, -79.11436462402344, 26.460872650146484, 14.909228324890137, -72.80152893066406], [-1111.55517578125, 35.22722625732422, 494.0572204589844, 188.24981689453125, -29.551246643066406, 275.3805236816406, 660.2454223632812, 97.24683380126953, 139.8066864013672, -126.9459228515625, 56.57827377319336, 42.851707458496094, -88.29549407958984], [567.5066528320312, 183.01429748535156, -19.03150177001953, 18.769607543945312, 7.601834297180176, 33.10597229003906, 97.24683380126953, 248.2729949951172, 34.331974029541016, 23.788192749023438, 2.6514406204223633, 14.249526023864746, 38.99009704589844], [-455.8445739746094, -222.33932495117188, 268.1938171386719, 216.9515380859375, 169.3619384765625, 170.65078735351562, 139.8066864013672, 34.331974029541016, 295.9955139160156, 8.37378215789795, 7.843276500701904, -4.5125346183776855, -24.34033203125], [824.14453125, 45.3590087890625, -362.31866455078125, -178.82244873046875, -7.888571739196777, -79.11436462402344, -126.9459228515625, 23.788192749023438, 8.37378215789795, 245.6075897216797, 64.45645904541016, -12.08171558380127, -9.114959716796875], [362.9212951660156, 18.17332649230957, -78.28141021728516, -105.899169921875, -45.52762985229492, 26.460872650146484, 56.57827377319336, 2.6514406204223633, 7.843276500701904, 64.45645904541016, 157.1599884033203, 46.288246154785156, -20.03211784362793], [445.7794494628906, 46.57732391357422, 9.187396049499512, -43.48911666870117, -43.3591194152832, 14.909228324890137, 42.851707458496094, 14.249526023864746, -4.5125346183776855, -12.08171558380127, 46.288246154785156, 128.8848876953125, 33.0505485534668], [685.9927978515625, 87.30509185791016, -53.25433349609375, 47.509307861328125, 27.27072525024414, -72.80152893066406, -88.29549407958984, 38.99009704589844, -24.34033203125, -9.114959716796875, -20.03211784362793, 33.0505485534668, 185.6501007080078]], "lowlevel.mfcc.icov": [[6.652181764366105e-05, -5.124500148667721e-06, 9.313241025665775e-05, -3.3308995625702664e-05, 9.549908281769603e-05, -3.970190300606191e-05, 8.085145964287221e-05, -0.00012309930752962828, -2.90622756438097e-05, -6.049802323104814e-05, -6.715370545862243e-05, -0.00016467360546812415, -0.0001581556862220168], [-5.124500148667721e-06, 0.0005423419643193483, -6.751583714503795e-05, 0.00021821967675350606, -0.00039324950193986297, 0.00041936972411349416, -0.00029417304904200137, -0.0003806235617958009, 0.00046054887934587896, -4.287382762413472e-05, 9.764888091012836e-06, -0.00011435330088716, -6.938483420526609e-05], [9.313241025665775e-05, -6.751583714503795e-05, 0.001563501893542707, -0.0008860601810738444, 0.00042282085632905364, -0.0006073042168281972, -0.00014598346024286002, 0.0001390047837048769, -0.0005481727421283722, 0.0011117332614958286, -7.5851334258914e-05, -0.00035045627737417817, 8.988979516288964e-07], [-3.3308995625702664e-05, 0.00021821967675350606, -0.0008860601810738444, 0.002861668821424246, -0.0010751698864623904, -0.0005501561099663377, -0.00020629525533877313, -4.67558711534366e-05, -0.0002635825367178768, 0.00030997919384390116, 0.0008792682201601565, 0.0008494461653754115, -0.0011878213845193386], [9.549908281769603e-05, -0.00039324950193986297, 0.00042282085632905364, -0.0010751698864623904, 0.003153930651023984, -0.00032516857027076185, 0.0007570565212517977, 0.00010543550888542086, -0.0017512363847345114, 4.761492891702801e-05, -5.37415653525386e-05, 0.0002961603458970785, -0.0003101903712376952], [-3.970190300606191e-05, 0.00041936972411349416, -0.0006073042168281972, -0.0005501561099663377, -0.00032516857027076185, 0.004718606360256672, -0.0008976165554486215, -0.0005919781979173422, -0.0007060036878101528, 0.00014468107838183641, -0.0008787928381934762, -0.000508066441398114, 0.0014217895222827792], [8.085145964287221e-05, -0.00029417304904200137, -0.00014598346024286002, -0.00020629525533877313, 0.0007570565212517977, -0.0008976165554486215, 0.0031677514780312777, -0.0012115404242649674, -0.0010093841701745987, 0.001302109332755208, -0.0013210613979026675, -0.0004950908478349447, 0.0010255216620862484], [-0.00012309930752962828, -0.0003806235617958009, 0.0001390047837048769, -4.67558711534366e-05, 0.00010543550888542086, -0.0005919781979173422, -0.0012115404242649674, 0.005493236239999533, -0.0004560435190796852, -0.0009711423772387207, 0.0009950477397069335, 0.00031853606924414635, -0.0013486396055668592], [-2.90622756438097e-05, 0.00046054887934587896, -0.0005481727421283722, -0.0002635825367178768, -0.0017512363847345114, -0.0007060036878101528, -0.0010093841701745987, -0.0004560435190796852, 0.006373025011271238, -0.0020213956013321877, 0.00017824023962020874, -0.0003214263415429741, 0.0002098851400660351], [-6.049802323104814e-05, -4.287382762413472e-05, 0.0011117332614958286, 0.00030997919384390116, 4.761492891702801e-05, 0.00014468107838183641, 0.001302109332755208, -0.0009711423772387207, -0.0020213956013321877, 0.007929524406790733, -0.0030200877226889133, 0.0014511474873870611, 0.0008963514701463282], [-6.715370545862243e-05, 9.764888091012836e-06, -7.5851334258914e-05, 0.0008792682201601565, -5.37415653525386e-05, -0.0008787928381934762, -0.0013210613979026675, 0.0009950477397069335, 0.00017824023962020874, -0.0030200877226889133, 0.009786882437765598, -0.0029182543512433767, 0.0002734243462327868], [-0.00016467360546812415, -0.00011435330088716, -0.00035045627737417817, 0.0008494461653754115, 0.0002961603458970785, -0.000508066441398114, -0.0004950908478349447, 0.00031853606924414635, -0.0003214263415429741, 0.0014511474873870611, -0.0029182543512433767, 0.010757889598608017, -0.0024017191026359797], [-0.0001581556862220168, -6.938483420526609e-05, 8.988979516288964e-07, -0.0011878213845193386, -0.0003101903712376952, 0.0014217895222827792, 0.0010255216620862484, -0.0013486396055668592, 0.0002098851400660351, 0.0008963514701463282, 0.0002734243462327868, -0.0024017191026359797, 0.008210424333810806]], "metadata.audio_properties.analysis.downmix": "mix", "metadata.audio_properties.codec": "mp3", "metadata.audio_properties.md5_encoded": "2c01a37fa6f938513bf28bc3b8490731", "metadata.tags.file_name": "1183703709574770719.mp3", "metadata.version.essentia": "2.1-beta6-dev", "metadata.version.essentia_git_sha": "v2.1_beta5-1110-g77a6a954", "metadata.version.extractor": "music 2.0", "tonal.chords_key": "A", "tonal.chords_scale": "major", "tonal.key_edma.key": "A", "tonal.key_edma.scale": "major", "tonal.key_krumhansl.key": "A", "tonal.key_k