{"song_id": "1183655701344690176", "download": "https://cdn.discordapp.com/attachments/1135903449314238464/1183655701344690176/chirp.mp4?ex=65892046&amp", "lyrics": "\u725b\u5976\u7684\u5473\u9053\uff0c\u5982\u4e1d\u6ed1\u751c\u871c\u821e\u8e48\uff0c\n\u5507\u9f7f\u95f4\u821e\u52a8\uff0c\u9877\u523b\u95f4\u6026\u7136\u5fc3\u52a8\u3002\n\u7ec6\u817b\u6ecb\u5473\uff0c\u5982\u8bd7\u7bc7\u7f16\u7ec7\uff0c\n\u9c9c\u5976\u53e3\u611f\uff0c\u662f\u7231\u610f\u7684\u65cb\u5f8b\u3002", "style": ["Chinese pop"], "essentia_features": {"lowlevel.average_loudness": 0.1922866404056549, "lowlevel.barkbands_crest.mean": 14.586607933044434, "lowlevel.barkbands_crest.stdev": 5.597156047821045, "lowlevel.barkbands_flatness_db.mean": 0.19899722933769226, "lowlevel.barkbands_flatness_db.stdev": 0.07861919701099396, "lowlevel.barkbands_kurtosis.mean": 16.98030662536621, "lowlevel.barkbands_kurtosis.stdev": 28.58373260498047, "lowlevel.barkbands_skewness.mean": 2.643984079360962, "lowlevel.barkbands_skewness.stdev": 2.2074451446533203, "lowlevel.barkbands_spread.mean": 15.761802673339844, "lowlevel.barkbands_spread.stdev": 15.370594024658203, "lowlevel.dissonance.mean": 0.4481848180294037, "lowlevel.dissonance.stdev": 0.060994721949100494, "lowlevel.dynamic_complexity": 20.82623291015625, "lowlevel.erbbands_crest.mean": 10.689480781555176, "lowlevel.erbbands_crest.stdev": 6.349642276763916, "lowlevel.erbbands_flatness_db.mean": 0.18361985683441162, "lowlevel.erbbands_flatness_db.stdev": 0.06581198424100876, "lowlevel.erbbands_kurtosis.mean": 3.7888691425323486, "lowlevel.erbbands_kurtosis.stdev": 8.986774444580078, "lowlevel.erbbands_skewness.mean": 1.050568699836731, "lowlevel.erbbands_skewness.stdev": 1.4333535432815552, "lowlevel.erbbands_spread.mean": 29.507253646850586, "lowlevel.erbbands_spread.stdev": 17.210338592529297, "lowlevel.hfc.mean": 6.248813152313232, "lowlevel.hfc.stdev": 15.577383041381836, "lowlevel.loudness_ebu128.integrated": -22.918508529663086, "lowlevel.loudness_ebu128.loudness_range": 8.435720443725586, "lowlevel.loudness_ebu128.momentary.mean": -41.58979034423828, "lowlevel.loudness_ebu128.momentary.stdev": 15.327771186828613, "lowlevel.loudness_ebu128.short_term.mean": -30.287647247314453, "lowlevel.loudness_ebu128.short_term.stdev": 7.971480369567871, "lowlevel.melbands_crest.mean": 21.5437068939209, "lowlevel.melbands_crest.stdev": 8.226330757141113, "lowlevel.melbands_flatness_db.mean": 0.24112239480018616, "lowlevel.melbands_flatness_db.stdev": 0.0933777391910553, "lowlevel.melbands_kurtosis.mean": 22.108732223510742, "lowlevel.melbands_kurtosis.stdev": 37.40913772583008, "lowlevel.melbands_skewness.mean": 2.8910348415374756, "lowlevel.melbands_skewness.stdev": 2.040029287338257, "lowlevel.melbands_spread.mean": 21.04798126220703, "lowlevel.melbands_spread.stdev": 30.00166130065918, "lowlevel.pitch_salience.mean": 0.43429169058799744, "lowlevel.pitch_salience.stdev": 0.17517443001270294, "lowlevel.silence_rate_20dB.mean": 1.0, "lowlevel.silence_rate_20dB.stdev": 0.0, "lowlevel.silence_rate_30dB.mean": 0.979200005531311, "lowlevel.silence_rate_30dB.stdev": 0.14271534979343414, "lowlevel.silence_rate_60dB.mean": 0.6912000179290771, "lowlevel.silence_rate_60dB.stdev": 0.4619990885257721, "lowlevel.spectral_centroid.mean": 1089.75927734375, "lowlevel.spectral_centroid.stdev": 817.0513305664062, "lowlevel.spectral_complexity.mean": 2.3824000358581543, "lowlevel.spectral_complexity.stdev": 4.153377532958984, "lowlevel.spectral_decrease.mean": -3.137666126917793e-09, "lowlevel.spectral_decrease.stdev": 8.920457261751835e-09, "lowlevel.spectral_energy.mean": 0.012409046292304993, "lowlevel.spectral_energy.stdev": 0.03473006188869476, "lowlevel.spectral_energyband_high.mean": 0.00022396627173293382, "lowlevel.spectral_energyband_high.stdev": 0.0011778280604630709, "lowlevel.spectral_energyband_low.mean": 0.00022425985662266612, "lowlevel.spectral_energyband_low.stdev": 0.0005239484598860145, "lowlevel.spectral_energyband_middle_high.mean": 0.0007637187954969704, "lowlevel.spectral_energyband_middle_high.stdev": 0.003260810626670718, "lowlevel.spectral_energyband_middle_low.mean": 0.011357340030372143, "lowlevel.spectral_energyband_middle_low.stdev": 0.03362768888473511, "lowlevel.spectral_entropy.mean": 7.404343605041504, "lowlevel.spectral_entropy.stdev": 0.8427150249481201, "lowlevel.spectral_flux.mean": 0.03561445698142052, "lowlevel.spectral_flux.stdev": 0.0528109036386013, "lowlevel.spectral_kurtosis.mean": 6.365251064300537, "lowlevel.spectral_kurtosis.stdev": 7.694067001342773, "lowlevel.spectral_rms.mean": 0.001871358836069703, "lowlevel.spectral_rms.stdev": 0.0029333275742828846, "lowlevel.spectral_rolloff.mean": 1013.7484130859375, "lowlevel.spectral_rolloff.stdev": 1902.947509765625, "lowlevel.spectral_skewness.mean": 1.9396306276321411, "lowlevel.spectral_skewness.stdev": 0.8961947560310364, "lowlevel.spectral_spread.mean": 4729963.5, "lowlevel.spectral_spread.stdev": 1583532.625, "lowlevel.spectral_strongpeak.mean": 0.48448672890663147, "lowlevel.spectral_strongpeak.stdev": 0.9907971620559692, "lowlevel.zerocrossingrate.mean": 0.0456421859562397, "lowlevel.zerocrossingrate.stdev": 0.052763279527425766, "metadata.audio_properties.analysis.equal_loudness": 0.0, "metadata.audio_properties.analysis.length": 14.485328674316406, "metadata.audio_properties.analysis.sample_rate": 44100.0, "metadata.audio_properties.analysis.start_time": 0.0, "metadata.audio_properties.bit_rate": 101567.0, "metadata.audio_properties.length": 14.485333442687988, "metadata.audio_properties.lossless": 0.0, "metadata.audio_properties.number_channels": 1.0, "metadata.audio_properties.replay_gain": -4.37744140625, "metadata.audio_properties.sample_rate": 48000.0, "rhythm.beats_count": 29.0, "rhythm.beats_loudness.mean": 0.02192600816488266, "rhythm.beats_loudness.stdev": 0.03617573902010918, "rhythm.bpm": 125.6728515625, "rhythm.bpm_histogram_first_peak_bpm": 126.0, "rhythm.bpm_histogram_first_peak_weight": 0.12500005960464478, "rhythm.bpm_histogram_second_peak_bpm": 136.0, "rhythm.bpm_histogram_second_peak_spread": 0.3333333134651184, "rhythm.bpm_histogram_second_peak_weight": 0.2142857164144516, "rhythm.danceability": 1.034432053565979, "rhythm.onset_rate": 2.0688424110412598, "tonal.chords_changes_rate": 0.08945687115192413, "tonal.chords_number_rate": 0.022364217787981033, "tonal.chords_strength.mean": 0.42777833342552185, "tonal.chords_strength.stdev": 0.06686282157897949, "tonal.hpcp_crest.mean": 13.153800964355469, "tonal.hpcp_crest.stdev": 6.876091003417969, "tonal.hpcp_entropy.mean": 2.2211782932281494, "tonal.hpcp_entropy.stdev": 0.8135259747505188, "tonal.key_edma.strength": 0.631172239780426, "tonal.key_krumhansl.strength": 0.6146126389503479, "tonal.key_temperley.strength": 0.5859817862510681, "tonal.tuning_diatonic_strength": 0.4249403774738312, "tonal.tuning_equal_tempered_deviation": 0.19776134192943573, "tonal.tuning_frequency": 434.69500732421875, "tonal.tuning_nontempered_energy_ratio": 0.7551195025444031, "lowlevel.barkbands.mean": [4.261036156094633e-05, 3.0375516871572472e-05, 2.7264180971542373e-05, 0.0008870630408637226, 0.0050306483171880245, 0.004156326409429312, 0.00035764247877523303, 0.0004119900695513934, 0.00040432167588733137, 0.00026558974059298635, 0.00021256206673569977, 7.746909250272438e-05, 2.6672812964534387e-05, 4.4403310312191024e-05, 8.98116486496292e-05, 4.2512736399658024e-05, 3.6510198697214946e-05, 1.6897814930416644e-05, 9.80208187684184e-06, 2.8496804588939995e-05, 1.5437526599271223e-05, 3.9668586396146566e-05, 4.109593282919377e-05, 5.034380592405796e-05, 5.598565985565074e-05, 7.556461696367478e-06, 6.238256577972834e-10], "lowlevel.barkbands.stdev": [5.938990943832323e-05, 8.35371611174196e-05, 0.00011673134576994926, 0.003109835321083665, 0.017342843115329742, 0.017402274534106255, 0.002181848743930459, 0.0021557160653173923, 0.0019213937921449542, 0.0014348682016134262, 0.0015714543405920267, 0.0004621541884262115, 0.00023064750712364912, 0.00025793444365262985, 0.00048098695697262883, 0.00018608795653562993, 0.00020312100241426378, 9.672700252849609e-05, 5.787485133623704e-05, 0.00019754299137275666, 7.114062464097515e-05, 0.00021853165526408702, 0.0002854236226994544, 0.00039936930988915265, 0.000331134011503309, 4.622496635420248e-05, 2.328260473305477e-09], "lowlevel.erbbands.mean": [0.0017928535817191005, 0.004609642084687948, 0.04015126824378967, 1.2902946472167969, 10.085847854614258, 14.063755989074707, 44.507728576660156, 22.435243606567383, 8.006131172180176, 4.624599456787109, 10.0982027053833, 8.760627746582031, 9.42729663848877, 11.340312957763672, 4.683116436004639, 3.2669003009796143, 1.4386999607086182, 1.893062710762024, 4.3657732009887695, 3.22540283203125, 2.545067071914673, 2.061375141143799, 0.9383295178413391, 0.6422266364097595, 0.7532915472984314, 1.3511536121368408, 0.7866392135620117, 0.5915068984031677, 1.302341103553772, 1.5041773319244385, 1.148176908493042, 0.855327844619751, 1.027681827545166, 0.7275175452232361, 0.31995654106140137, 0.0842207744717598, 0.0055300514213740826, 0.0001441811618860811, 1.5912013623164967e-05, 1.5690578948124312e-05], "lowlevel.erbbands.stdev": [0.004372349940240383, 0.013271794654428959, 0.10654576122760773, 4.10467529296875, 42.840946197509766, 50.8692512512207, 250.21609497070312, 75.07106018066406, 39.0446662902832, 20.14312171936035, 49.338226318359375, 40.72700881958008, 50.433841705322266, 68.38997650146484, 33.44673156738281, 20.285675048828125, 11.318624496459961, 11.430025100708008, 19.954025268554688, 17.060808181762695, 11.228255271911621, 10.867762565612793, 4.845433712005615, 4.259238243103027, 5.293467044830322, 8.790172576904297, 4.204257011413574, 2.438267707824707, 7.068714618682861, 9.59818172454834, 8.016754150390625, 6.939554691314697, 7.864118576049805, 4.521708965301514, 1.8098212480545044, 0.5036097764968872, 0.03337065875530243, 0.0008246669895015657, 6.065283014322631e-05, 4.054103192174807e-05], "lowlevel.gfcc.mean": [-265.6610107421875, 101.4685287475586, -118.42132568359375, 22.799400329589844, -76.06001281738281, 17.55035400390625, -47.68051528930664, 8.976546287536621, -19.70435333251953, 4.445937156677246, -7.8971171379089355, -7.278919696807861, 13.43447494506836], "lowlevel.melbands.mean": [1.4573359294445254e-05, 1.7251490135095082e-05, 0.0005043395794928074, 0.0008720419136807323, 0.001325663411989808, 0.0005489953327924013, 0.00010897903121076524, 5.8188950788462535e-05, 7.798604929121211e-05, 5.758256884291768e-05, 4.459804767975584e-05, 4.408731183502823e-05, 2.177052192564588e-05, 1.0396743164164945e-05, 3.483147565930267e-06, 3.0960118237999268e-06, 3.5430789466772694e-06, 6.6080360738851596e-06, 6.308373940555612e-06, 3.16725754601066e-06, 2.879879957617959e-06, 2.454421291986364e-06, 9.427354825675138e-07, 7.893087285992806e-07, 4.830230295738147e-07, 3.4585235653139534e-07, 9.140264296547684e-07, 8.84827329628024e-07, 5.037652499595424e-07, 3.970528155150532e-07, 3.107271595581551e-07, 6.815676556470862e-07, 9.156963756140613e-07, 7.916902973192919e-07, 6.722854664076294e-07, 5.194710865907837e-07, 5.34008108843409e-07, 7.471997491848015e-07, 5.974295049782086e-07, 6.387866164914158e-07], "lowlevel.melbands.stdev": [3.2118314265972e-05, 4.88257355755195e-05, 0.001924631418660283, 0.003144359914585948, 0.007043604739010334, 0.0018755068304017186, 0.000551466946490109, 0.0002841730893123895, 0.00038585360744036734, 0.0002624490880407393, 0.0002446903963573277, 0.00026847104891203344, 0.00017846473201643676, 6.22531515546143e-05, 2.0265513740014285e-05, 2.9465660190908238e-05, 2.3437369236489758e-05, 2.9493754482246004e-05, 3.488821676000953e-05, 1.507430715719238e-05, 1.3418444723356515e-05, 1.4003313481225632e-05, 4.961347713106079e-06, 4.736419668915914e-06, 3.4670210879994556e-06, 2.0613783817680087e-06, 7.645346158824395e-06, 5.499944563780446e-06, 2.9200052722444525e-06, 1.766989157658827e-06, 1.3253470569907222e-06, 3.989957349403994e-06, 5.563872036873363e-06, 5.184361270949012e-06, 4.666893801186234e-06, 3.933672360290075e-06, 4.619494575308636e-06, 6.065205980121391e-06, 4.054122655361425e-06, 3.943720912502613e-06], "lowlevel.melbands128.mean": [2.607329770398792e-05, 1.8997734514414333e-05, 9.991663318942301e-06, 5.60022090212442e-06, 5.010372206015745e-06, 1.714287827780936e-05, 0.0001093703176593408, 0.0006186823593452573, 0.0011852991301566362, 0.0008867810247465968, 0.0006242350791580975, 0.001009324099868536, 0.0020117913372814655, 0.0010683899745345116, 0.00048447283916175365, 0.0002976001414936036, 0.00013945635873824358, 8.692549454281107e-05, 4.9691305321175605e-05, 3.337107045808807e-05, 6.644459790550172e-05, 0.00011595775868045166, 7.682026625843719e-05, 4.918193371850066e-05, 4.707807602244429e-05, 6.44928659312427e-05, 7.054458546917886e-05, 4.653890209738165e-05, 1.6637815861031413e-05, 3.2588352041784674e-05, 6.398709228960797e-05, 4.7783218178665265e-05, 1.719720421533566e-05, 4.4314583647064865e-06, 7.900383025116753e-06, 1.6562231394345872e-05, 7.286353593372041e-06, 1.5379558817585348e-06, 1.4711921494381386e-06, 4.23658548243111e-06, 3.5153764201822923e-06, 1.3823758990838542e-06, 3.0502912977681262e-06, 5.233510364632821e-06, 4.458287548914086e-06, 6.381073035299778e-06, 9.962348485714756e-06, 7.146640655264491e-06, 4.623755557986442e-06, 3.252979695389513e-06, 2.5068973172892584e-06, 3.918127276847372e-06, 2.7253008738625795e-06, 2.4838138870109105e-06, 2.9714356060139835e-06, 2.966208057841868e-06, 1.6031700624807854e-06, 8.35486673622654e-07, 8.766974133322947e-07, 7.119546694411838e-07, 8.187194566744438e-07, 8.372074944418273e-07, 6.074473049011431e-07, 3.561288508535654e-07, 3.125352634469891e-07, 2.869292643481458e-07, 3.453341435033508e-07, 6.518807822430972e-07, 1.2169773526693461e-06, 1.0723034620241378e-06, 9.008359143081179e-07, 8.2359218822603e-07, 5.669291454069025e-07, 4.2934772181979497e-07, 4.411982388319302e-07, 4.479324502426607e-07, 3.904221728134871e-07, 1.989071449770563e-07, 3.1026027613734186e-07, 3.6291265814725193e-07, 6.258513849388692e-07, 8.828178010844567e-07, 6.988935297158605e-07, 1.0209564607066568e-06, 9.811188874664367e-07, 8.257425179181155e-07, 7.351644057962403e-07, 6.842902280368435e-07, 6.194365482770081e-07, 7.45688510050968e-07, 5.95836638694891e-07, 4.6632686689918046e-07, 3.573759670416621e-07, 5.830336817780335e-07, 5.708709522878053e-07, 6.00820953877701e-07, 9.366606263938593e-07, 7.909039823061903e-07, 4.219993456899829e-07, 6.171827635625959e-07, 6.757173309779319e-07, 6.470642688327644e-07, 6.368101708176255e-07, 2.896212265568465e-07, 3.3350204375892645e-07, 3.9345900404441636e-07, 2.610661908875045e-07, 1.442014365693467e-07, 1.4962742511670513e-07, 1.0399806882332996e-07, 3.180583618700439e-08, 1.63423745647151e-08, 1.226754697825072e-09, 5.874643826953019e-11, 1.2606653568281168e-11, 4.214019758141951e-12, 4.645779420886509e-12, 3.089174098816483e-12, 2.8089006814946416e-12, 2.719781431320678e-12, 2.7599725890142812e-12, 2.3826875802240854e-12, 2.3335023149884115e-12, 2.2840065342505378e-12, 2.1041512716230004e-12, 1.7744449572892895e-12, 1.6000143918115661e-12, 1.5687006815062743e-12], "lowlevel.melbands128.stdev": [4.133933543926105e-05, 4.512798477662727e-05, 3.129795004497282e-05, 1.9466373487375677e-05, 1.7346979802823626e-05, 7.70815386204049e-05, 0.00033090918441303074, 0.0023111854679882526, 0.005700595211237669, 0.004245467949658632, 0.003029107814654708, 0.0057639325968921185, 0.01254997681826353, 0.00503535196185112, 0.0020895597990602255, 0.0011540389386937022, 0.000765653676353395, 0.0007659346447326243, 0.00027094988035969436, 0.00021434761583805084, 0.0004310950171202421, 0.0007578229997307062, 0.00040291986078955233, 0.00050472462316975, 0.00027890369528904557, 0.00039391775499098003, 0.0004215985827613622, 0.00035320056485943496, 0.00013351123197935522, 0.00022229972819332033, 0.0004835836007259786, 0.0004411485861055553, 0.0002061444247374311, 2.2785317923990078e-05, 5.252240953268483e-05, 0.00011199049185961485, 6.271311576711014e-05, 9.453389793634415e-06, 8.436896678176709e-06, 4.323366010794416e-05, 4.25856196670793e-05, 6.193281933519756e-06, 2.062502971966751e-05, 5.51327430002857e-05, 2.5794213797780685e-05, 3.1931929697748274e-05, 6.0841346567030996e-05, 4.9975409638136625e-05, 3.2317053410224617e-05, 2.3952763513079844e-05, 1.2616671483556274e-05, 2.1083533283672296e-05, 1.2665429494518321e-05, 1.2451355360099114e-05, 2.2607908249483444e-05, 1.8337605069973506e-05, 8.90126102603972e-06, 5.771671567345038e-06, 5.47160425412585e-06, 4.121451183891622e-06, 5.435430921352236e-06, 6.613092409679666e-06, 5.430658347904682e-06, 2.2055137378629297e-06, 2.1328210095816758e-06, 1.87623322744912e-06, 2.083084154946846e-06, 6.445972758228891e-06, 1.2607168173417449e-05, 7.0103424150147475e-06, 6.056209713278804e-06, 5.342716576706152e-06, 3.706651796164806e-06, 2.4581622710684314e-06, 2.600614379844046e-06, 2.1857497358723776e-06, 1.6728487253203639e-06, 7.453406851709587e-07, 1.5000803159637144e-06, 1.7743622038324247e-06, 3.940435362892458e-06, 5.900616542930948e-06, 3.727456714841537e-06, 6.720428245898802e-06, 6.650580417044694e-06, 6.610800937778549e-06, 4.9977343223872595e-06, 4.450087544682901e-06, 4.547742264549015e-06, 6.374197255354375e-06, 4.433974481798941e-06, 4.225709744787309e-06, 2.918901600423851e-06, 4.950338734488469e-06, 5.3515441322815605e-06, 5.831978796777548e-06, 8.009490557014942e-06, 5.541626705962699e-06, 3.1600354759575566e-06, 4.280813755030977e-06, 4.2576898522384e-06, 3.895025201927638e-06, 4.983662620361429e-06, 1.5146579244174063e-06, 1.9629515009000897e-06, 2.5763490612007445e-06, 1.4865465800539823e-06, 8.993808933155378e-07, 1.1097537253590417e-06, 6.911804462106375e-07, 2.5318325924672536e-07, 1.4424152539049828e-07, 1.2118019476758946e-08, 8.824106445537439e-10, 1.334001381581018e-10, 2.7026280519093504e-11, 4.4088815931431213e-11, 1.2109369063040276e-11, 8.949529485546837e-12, 9.173991427635642e-12, 1.1216205048070194e-11, 6.600685276136886e-12, 6.4473266135622875e-12, 6.326041253335024e-12, 6.229418456765723e-12, 6.152674723869378e-12, 6.0952727240493054e-12, 6.060582591338459e-12], "lowlevel.mfcc.mean": [-903.2551879882812, 128.21473693847656, 11.192439079284668, 4.65382719039917, 0.17831498384475708, -1.1983983516693115, -4.290822505950928, -9.44135570526123, 6.567936897277832, -1.2362115383148193, -2.7960927486419678, -3.4522581100463867, 0.8489811420440674], "lowlevel.spectral_contrast_coeffs.mean": [-0.7031137943267822, -0.8188174962997437, -0.8392720818519592, -0.8588563203811646, -0.8537265658378601, -0.8283386826515198], "lowlevel.spectral_contrast_coeffs.stdev": [0.1753097027540207, 0.11098508536815643, 0.07675592601299286, 0.05436060577630997, 0.054027993232011795, 0.041860900819301605], "lowlevel.spectral_contrast_valleys.mean": [-9.542524337768555, -8.654422760009766, -9.326589584350586, -9.701921463012695, -10.097317695617676, -12.357629776000977], "lowlevel.spectral_contrast_valleys.stdev": [1.2152923345565796, 1.188948392868042, 1.0716928243637085, 1.1342264413833618, 1.1745197772979736, 1.3030140399932861], "rhythm.beats_loudness_band_ratio.mean": [0.4369129538536072, 0.29851359128952026, 0.1572084128856659, 0.08886986970901489, 0.046373847872018814, 0.014126351103186607], "rhythm.beats_loudness_band_ratio.stdev": [0.2957645654678345, 0.2907252013683319, 0.1417100727558136, 0.10454194247722626, 0.0688156709074974, 0.01884719915688038], "tonal.hpcp.mean": [0.04968220740556717, 0.053313545882701874, 0.07235471904277802, 0.06835591048002243, 0.05678544193506241, 0.059165727347135544, 0.055503059178590775, 0.04961663857102394, 0.05393702909350395, 0.06763560324907303, 0.07040269672870636, 0.06366794556379318, 0.07098519057035446, 0.07198327779769897, 0.08372079581022263, 0.16191169619560242, 0.1491239368915558, 0.07730761915445328, 0.0702350065112114, 0.06528881937265396, 0.04850554093718529, 0.04204133152961731, 0.06889559328556061, 0.352743536233902, 0.5562475323677063, 0.2910696268081665, 0.09222126752138138, 0.09617723524570465, 0.08815566450357437, 0.08091065287590027, 0.07169346511363983, 0.053643278777599335, 0.045276232063770294, 0.04506932571530342, 0.03973494470119476, 0.04355841502547264], "tonal.hpcp.stdev": [0.13473132252693176, 0.12872736155986786, 0.20069542527198792, 0.19043280184268951, 0.1573440432548523, 0.15808652341365814, 0.13686490058898926, 0.12100298702716827, 0.13095858693122864, 0.16418996453285217, 0.16814583539962769, 0.15408359467983246, 0.18201673030853271, 0.18115070462226868, 0.16763177514076233, 0.2816755473613739, 0.2503946125507355, 0.18041986227035522, 0.1656365990638733, 0.17492514848709106, 0.14370141923427582, 0.10211595892906189, 0.19073501229286194, 0.29383379220962524, 0.4660319983959198, 0.23962584137916565, 0.1899278163909912, 0.2158053070306778, 0.1989542841911316, 0.1927022933959961, 0.18073002994060516, 0.12039113789796829, 0.1235150396823883, 0.12621308863162994, 0.10032030940055847, 0.10868185013532639], "rhythm.beats_position": [0.3715192675590515, 0.8126984238624573, 1.2538775205612183, 1.695056676864624, 2.1362357139587402, 2.565804958343506, 2.9953742027282715, 3.4365532398223877, 3.877732276916504, 4.3073015213012695, 4.841360569000244, 5.375419616699219, 5.909478187561035, 6.4551472663879395, 7.000816345214844, 7.54648494720459, 8.080544471740723, 8.626213073730469, 9.148661613464355, 9.682721138000488, 10.205169677734375, 10.692789077758789, 11.168798446655273, 11.644806861877441, 12.120816230773926, 12.59682559967041, 13.072834014892578, 13.548843383789062, 14.024852752685547], "rhythm.bpm_histogram": [0.0, 0.0, 0.0, 0.0, 0.0, 0.0, 0.0, 0.0, 0.0, 0.0, 0.0, 0.0, 0.0, 0.0, 0.0, 0.0, 0.0, 0.0, 0.0, 0.0, 0.0, 0.0, 0.0, 0.0, 0.0, 0.0, 0.0, 0.0, 0.0, 0.0, 0.0, 0.0, 0.0, 0.0, 0.0, 0.0, 0.0, 0.0, 0.0, 0.0, 0.0, 0.0, 0.0, 0.0, 0.0, 0.0, 0.0, 0.0, 0.0, 0.0, 0.0, 0.0, 0.0, 0.0, 0.0, 0.0, 0.0, 0.0, 0.0, 0.0, 0.0, 0.0, 0.0, 0.0, 0.0, 0.0, 0.0, 0.0, 0.0, 0.0, 0.0, 0.0, 0.0, 0.0, 0.0, 0.0, 0.0, 0.0, 0.0, 0.0, 0.0, 0.0, 0.0, 0.0, 0.0, 0.0, 0.0, 0.0, 0.0, 0.0, 0.0, 0.0, 0.0, 0.0, 0.0, 0.0, 0.0, 0.0, 0.0, 0.0, 0.0, 0.0, 0.0, 0.0, 0.0, 0.0, 0.0, 0.0, 0.0, 0.0, 0.1428571492433548, 0.0, 0.1785714328289032, 0.0, 0.0, 0.0714285746216774, 0.0, 0.0, 0.0, 0.0, 0.0, 0.0, 0.0, 0.0357142873108387, 0.0, 0.0, 0.25, 0.0, 0.0, 0.0, 0.0, 0.0, 0.0, 0.0, 0.0, 0.0, 0.2142857164144516, 0.0, 0.0, 0.0, 0.1071428582072258, 0.0, 0.0, 0.0, 0.0, 0.0, 0.0, 0.0, 0.0, 0.0, 0.0, 0.0, 0.0, 0.0, 0.0, 0.0, 0.0, 0.0, 0.0, 0.0, 0.0, 0.0, 0.0, 0.0, 0.0, 0.0, 0.0, 0.0, 0.0, 0.0, 0.0, 0.0, 0.0, 0.0, 0.0, 0.0, 0.0, 0.0, 0.0, 0.0, 0.0, 0.0, 0.0, 0.0, 0.0, 0.0, 0.0, 0.0, 0.0, 0.0, 0.0, 0.0, 0.0, 0.0, 0.0, 0.0, 0.0, 0.0, 0.0, 0.0, 0.0, 0.0, 0.0, 0.0, 0.0, 0.0, 0.0, 0.0, 0.0, 0.0, 0.0, 0.0, 0.0, 0.0, 0.0, 0.0, 0.0, 0.0, 0.0, 0.0, 0.0, 0.0, 0.0, 0.0, 0.0, 0.0, 0.0, 0.0, 0.0, 0.0, 0.0, 0.0, 0.0, 0.0, 0.0, 0.0, 0.0, 0.0, 0.0, 0.0, 0.0, 0.0, 0.0, 0.0, 0.0, 0.0, 0.0, 0.0, 0.0, 0.0], "tonal.chords_histogram": [7.34824275970459, 25.559104919433594, 9.265175819396973, 0.0, 0.0, 0.0, 0.3194888234138489, 0.0, 2.555910587310791, 0.0, 0.0, 0.0, 0.0, 0.0, 0.0, 0.0, 0.0, 16.293930053710938, 19.48881721496582, 19.169328689575195, 0.0, 0.0, 0.0, 0.0], "tonal.thpcp": [1.0, 0.5232735872268677, 0.16579177975654602, 0.1729036569595337, 0.15848278999328613, 0.14545799791812897, 0.12888769805431366, 0.09643778204917908, 0.08139583468437195, 0.08102386444807053, 0.07143392413854599, 0.0783076137304306, 0.089316725730896, 0.09584499895572662, 0.13007648289203644, 0.12288757413625717, 0.102086640894413, 0.10636582225561142, 0.09978122264146805, 0.08919885009527206, 0.09696587920188904, 0.12159263342618942, 0.12656721472740173, 0.11445973813533783, 0.12761439383029938, 0.12940871715545654, 0.15050996840000153, 0.29107850790023804, 0.2680891752243042, 0.13898061215877533, 0.1262657344341278, 0.11737368255853653, 0.08720135688781738, 0.07558025419712067, 0.12385779619216919, 0.6341484785079956], "lowlevel.gfcc.cov": [[21252.765625, -30.00862693786621, 1227.3216552734375, -503.9901428222656, -848.1471557617188, -1787.6107177734375, -2019.3463134765625, -913.587646484375, -1481.9114990234375, -846.5090942382812, -1659.65771484375, -648.0513916015625, -145.1019744873047], [-30.00862693786621, 1314.585693359375, 33.85302734375, -419.9728698730469, 125.3716049194336, -333.6704406738281, -37.01707077026367, -194.16864013671875, -38.71329879760742, -171.9711151123047, 7.102585792541504, -182.2907257080078, 144.61265563964844], [1227.3216552734375, 33.85302734375, 614.0204467773438, 18.529205322265625, -145.9970245361328, -180.86788940429688, -233.84893798828125, -218.3958282470703, -178.5320587158203, -90.87894439697266, -104.93714141845703, 13.20868968963623, -9.389607429504395], [-503.9901428222656, -419.9728698730469, 18.529205322265625, 458.5191955566406, 44.028011322021484, 100.51055908203125, 15.136787414550781, 84.79581451416016, 81.73912811279297, 91.13335418701172, 68.59691619873047, 115.57494354248047, -27.173255920410156], [-848.1471557617188, 125.3716049194336, -145.9970245361328, 44.028011322021484, 193.15374755859375, 53.926963806152344, 64.08787536621094, 64.03620910644531, 100.50629425048828, 29.21566390991211, 83.61611938476562, 12.7305269241333, 54.43602752685547], [-1787.6107177734375, -333.6704406738281, -180.86788940429688, 100.51055908203125, 53.926963806152344, 424.80303955078125, 278.4128112792969, 188.13143920898438, 155.26364135742188, 124.28827667236328, 154.23678588867188, 97.99298095703125, -52.419925689697266], [-2019.3463134765625, -37.01707077026367, -233.84893798828125, 15.136787414550781, 64.08787536621094, 278.4128112792969, 369.9776611328125, 168.58551025390625, 151.0091552734375, 96.24417877197266, 163.53497314453125, 43.295223236083984, -14.589775085449219], [-913.587646484375, -194.16864013671875, -218.3958282470703, 84.79581451416016, 64.03620910644531, 188.13143920898438, 168.58551025390625, 233.25926208496094, 149.56509399414062, 94.33506774902344, 81.42487335205078, 46.33250045776367, -28.019989013671875], [-1481.9114990234375, -38.71329879760742, -178.5320587158203, 81.73912811279297, 100.50629425048828, 155.26364135742188, 151.0091552734375, 149.56509399414062, 267.9378356933594, 115.32276916503906, 160.5843048095703, 69.18888092041016, 20.849491119384766], [-846.5090942382812, -171.9711151123047, -90.87894439697266, 91.13335418701172, 29.21566390991211, 124.28827667236328, 96.24417877197266, 94.33506774902344, 115.32276916503906, 139.77609252929688, 81.09239196777344, 46.67443084716797, -6.981076717376709], [-1659.65771484375, 7.102585792541504, -104.93714141845703, 68.59691619873047, 83.61611938476562, 154.23678588867188, 163.53497314453125, 81.42487335205078, 160.5843048095703, 81.09239196777344, 234.60557556152344, 100.0762939453125, 40.00588607788086], [-648.0513916015625, -182.2907257080078, 13.20868968963623, 115.57494354248047, 12.7305269241333, 97.99298095703125, 43.295223236083984, 46.33250045776367, 69.18888092041016, 46.67443084716797, 100.0762939453125, 130.4436798095703, 10.958298683166504], [-145.1019744873047, 144.61265563964844, -9.389607429504395, -27.173255920410156, 54.43602752685547, -52.419925689697266, -14.589775085449219, -28.019989013671875, 20.849491119384766, -6.981076717376709, 40.00588607788086, 10.958298683166504, 88.36912536621094]], "lowlevel.gfcc.icov": [[0.000183624928467907, 5.84808767598588e-05, 5.9151407185709104e-05, 3.6789781461266102e-06, 0.0003405130992177874, 0.00011257606092840433, 0.0006257712957449257, -0.00031898400629870594, 0.00025307017494924366, 0.0002656749275047332, 0.0004960212972946465, 0.0001806089567253366, -0.00021325322450138628], [5.84808767598588e-05, 0.002772553823888302, -0.0006657950580120087, 0.001534007373265922, -0.0019253292120993137, 0.002155377995222807, -0.0013635782524943352, 0.0009012117516249418, -0.0010142846731469035, 0.0019209213787689805, -0.0014586433535441756, 0.002610420575365424, -0.0007872957503423095], [5.9151407185709104e-05, -0.0006657950580120087, 0.003415284678339958, -0.0008115868549793959, 0.0019360792357474566, -0.0005672893603332341, 0.0013956185430288315, 0.0019493920262902975, 0.0006306578288786113, -7.278421253431588e-05, 0.0006053444813005626, -0.001991380238905549, 0.00043773060315288603], [3.6789781461266102e-06, 0.001534007373265922, -0.0008115868549793959, 0.004404942970722914, -0.0027977267745882273, 0.0016616005450487137, -0.0004037405888084322, -5.95969868300017e-05, -0.00031532120192423463, -0.0008136649848893285, -0.0005287424428388476, -0.0017706087091937661, 0.001856536720879376], [0.0003405130992177874, -0.0019253292120993137, 0.0019360792357474566, -0.0027977267745882273, 0.012124419212341309, -0.0029009482823312283, 0.0034230975434184074, -0.0024372737389057875, -0.0004341129679232836, 0.0012837894028052688, 0.00025046514929272234, 0.0021356006618589163, -0.006516308523714542], [0.00011257606092840433, 0.002155377995222807, -0.0005672893603332341, 0.0016616005450487137, -0.0029009482823312283, 0.009020574390888214, -0.004550775978714228, -0.0005440927343443036, -0.00018812480266205966, -0.00035867615952156484, -0.0012181797064840794, -0.0018161024199798703, 0.0041151512414216995], [0.0006257712957449257, -0.0013635782524943352, 0.0013956185430288315, -0.0004037405888084322, 0.0034230975434184074, -0.004550775978714228, 0.011018428020179272, -0.0037648638244718313, 0.001971297664567828, 2.5319954147562385e-05, -0.0016458374448120594, 0.002470104955136776, -0.0009239685605280101], [-0.00031898400629870594, 0.0009012117516249418, 0.0019493920262902975, -5.95969868300017e-05, -0.0024372737389057875, -0.0005440927343443036, -0.0037648638244718313, 0.013015920296311378, -0.004492251668125391, -0.0011661819880828261, 0.0016928012482821941, -0.001974520506337285, 0.0033206134103238583], [0.00025307017494924366, -0.0010142846731469035, 0.0006306578288786113, -0.00031532120192423463, -0.0004341129679232836, -0.00018812480266205966, 0.001971297664567828, -0.004492251668125391, 0.011069751344621181, -0.0042955586686730385, -0.0030281394720077515, -0.0007991428719833493, -0.00037881004391238093], [0.0002656749275047332, 0.0019209213787689805, -7.278421253431588e-05, -0.0008136649848893285, 0.0012837894028052688, -0.00035867615952156484, 2.5319954147562385e-05, -0.0011661819880828261, -0.0042955586686730385, 0.015564282424747944, -0.0012483184691518545, 0.0031102104112505913, -0.0019119003554806113], [0.0004960212972946465, -0.0014586433535441756, 0.0006053444813005626, -0.0005287424428388476, 0.00025046514929272234, -0.0012181797064840794, -0.0016458374448120594, 0.0016928012482821941, -0.0030281394720077515, -0.0012483184691518545, 0.016134385019540787, -0.008391576819121838, -0.0031564810778945684], [0.0001806089567253366, 0.002610420575365424, -0.001991380238905549, -0.0017706087091937661, 0.0021356006618589163, -0.0018161024199798703, 0.002470104955136776, -0.001974520506337285, -0.0007991428719833493, 0.0031102104112505913, -0.008391576819121838, 0.02125079184770584, -0.0057444460690021515], [-0.00021325322450138628, -0.0007872957503423095, 0.00043773060315288603, 0.001856536720879376, -0.006516308523714542, 0.0041151512414216995, -0.0009239685605280101, 0.0033206134103238583, -0.00037881004391238093, -0.0019119003554806113, -0.0031564810778945684, -0.0057444460690021515, 0.022306961938738823]], "lowlevel.mfcc.cov": [[19443.673828125, 237.7081756591797, 728.919189453125, 305.2068786621094, 31.81059455871582, -1088.279052734375, -1131.1702880859375, -1241.712646484375, -177.10626220703125, -1134.5169677734375, -1488.9002685546875, -1122.6392822265625, -586.623046875], [237.7081756591797, 1563.1951904296875, -92.63457489013672, -128.74005126953125, -37.90482711791992, -203.4857177734375, -69.90311431884766, -261.7510070800781, 8.72191047668457, -166.48333740234375, -230.79331970214844, -105.7139892578125, -100.54718780517578], [728.919189453125, -92.63457489013672, 563.46875, 100.8860855102539, 9.665481567382812, 19.60780143737793, -105.14282989501953, -95.63227081298828, -132.24795532226562, -154.30966186523438, -105.39054870605469, -71.0877685546875, -50.800331115722656], [305.2068786621094, -128.74005126953125, 100.8860855102539, 335.292236328125, 103.39148712158203, -13.836005210876465, -73.65850067138672, -49.1908073425293, -16.091646194458008, -39.38364791870117, -56.33405303955078, -12.371895790100098, 52.5261344909668], [31.81059455871582, -37.90482711791992, 9.665481567382812, 103.39148712158203, 204.5098419189453, 8.20015811920166, -67.83644104003906, -2.1047093868255615, -8.050668716430664, 2.4692888259887695, -24.814489364624023, 13.547138214111328, 40.88015365600586], [-1088.279052734375, -203.4857177734375, 19.60780143737793, -13.836005210876465, 8.20015811920166, 187.0320587158203, 99.17056274414062, 100.26570892333984, 2.6277196407318115, 79.85014343261719, 107.85623168945312, 72.41423797607422, 50.859596252441406], [-1131.1702880859375, -69.90311431884766, -105.14282989501953, -73.65850067138672, -67.83644104003906, 99.17056274414062, 219.8289794921875, 129.15719604492188, 19.838703155517578, 87.55442810058594, 107.35462951660156, 58.21825408935547, 28.004940032958984], [-1241.712646484375, -261.7510070800781, -95.63227081298828, -49.1908073425293, -2.1047093868255615, 100.26570892333984, 129.15719604492188, 262.7845764160156, 26.75206184387207, 145.4241180419922, 165.5105438232422, 101.09990692138672, 69.43354034423828], [-177.10626220703125, 8.72191047668457, -132.24795532226562, -16.091646194458008, -8.050668716430664, 2.6277196407318115, 19.838703155517578, 26.75206184387207, 128.09056091308594, 68.93195343017578, 50.37239456176758, 20.39789581298828, 26.972572326660156], [-1134.5169677734375, -166.48333740234375, -154.30966186523438, -39.38364791870117, 2.4692888259887695, 79.85014343261719, 87.55442810058594, 145.4241180419922, 68.93195343017578, 222.55133056640625, 172.28610229492188, 88.06243896484375, 76.15302276611328], [-1488.9002685546875, -230.79331970214844, -105.39054870605469, -56.33405303955078, -24.814489364624023, 107.85623168945312, 107.35462951660156, 165.5105438232422, 50.37239456176758, 172.28610229492188, 237.24281311035156, 125.48585510253906, 72.09394836425781], [-1122.6392822265625, -105.7139892578125, -71.0877685546875, -12.371895790100098, 13.547138214111328, 72.41423797607422, 58.21825408935547, 101.09990692138672, 20.39789581298828, 88.06243896484375, 125.48585510253906, 152.08627319335938, 71.49290466308594], [-586.623046875, -100.54718780517578, -50.800331115722656, 52.5261344909668, 40.88015365600586, 50.859596252441406, 28.004940032958984, 69.43354034423828, 26.972572326660156, 76.15302276611328, 72.09394836425781, 71.49290466308594, 110.09585571289062]], "lowlevel.mfcc.icov": [[0.00018525451014284045, 0.00023210383369587362, 4.547955541056581e-06, 0.00016679216059856117, 8.161694859154522e-05, 0.0004709908098448068, 0.00031671032775193453, 0.00015472072118427604, -0.00021248498524073511, 0.00012642382353078574, 0.0006778990500606596, 0.0005515517550520599, -0.0001418934261891991], [0.00023210383369587362, 0.0012625486124306917, 0.00011917541996808723, 0.0007605298887938261, -5.5574993893969804e-05, 0.001283261808566749, -0.00014000119699630886, 0.0010554385371506214, -0.000465384335257113, 0.00017330687842331827, 0.0015946683706715703, 0.00026021836674772203, -0.00033935593091882765], [4.547955541056581e-06, 0.00011917541996808723, 0.0032957899384200573, -0.0007131090969778597, 0.0007558060460723937, -0.001997047569602728, 0.0017169700004160404, -0.00010338945867260918, 0.0022902367636561394, 0.0015575593570247293, -0.000492073770146817, 0.0009286608546972275, 0.0003451341763138771], [0.00016679216059856117, 0.0007605298887938261, -0.0007131090969778597, 0.004913894925266504, -0.0015556333819404244, 0.0012498480500653386, 4.1209470509784296e-05, 0.0011732446728274226, -0.0005470539908856153, 0.0005084609729237854, 0.0014629543293267488, 0.0008113014046102762, -0.003542799036949873], [8.161694859154522e-05, -5.5574993893969804e-05, 0.0007558060460723937, -0.0015556333819404244, 0.0074909343384206295, -0.0017457780195400119, 0.0034493443090468645, -0.0012387455208227038, 0.0008051090408116579, -0.0008049727184697986, 0.0024329633451998234, -0.0004772620159201324, -0.0015198386972770095], [0.0004709908098448068, 0.001283261808566749, -0.001997047569602728, 0.0012498480500653386, -0.0017457780195400119, 0.012050746940076351, -0.0038498493377119303, 0.001155301695689559, -0.0006813735235482454, -0.00039665281656198204, -5.090404374641366e-05, -3.2512547477381304e-05, -0.0020085156429558992], [0.00031671032775193453, -0.00014000119699630886, 0.0017169700004160404, 4.1209470509784296e-05, 0.0034493443090468645, -0.0038498493377119303, 0.01055931206792593, -0.0031831429805606604, 0.0007033513393253088, 0.00045149034122005105, 0.0008563577430322766, 0.0015312995528802276, 0.00011170417565153912], [0.00015472072118427604, 0.0010554385371506214, -0.00010338945867260918, 0.0011732446728274226, -0.0012387455208227038, 0.001155301695689559, -0.0031831429805606604, 0.009478732012212276, 0.0006223656237125397, -0.0017781587084755301, -0.0016854365821927786, -0.0005454150959849358, -0.001525778672657907], [-0.00021248498524073511, -0.000465384335257113, 0.0022902367636561394, -0.0005470539908856153, 0.0008051090408116579, -0.0006813735235482454, 0.0007033513393253088, 0.0006223656237125397, 0.011879959143698215, -0.0022838313598185778, -0.002173005836084485, 0.00080056645674631, -0.001222733175382018], [0.00012642382353078574, 0.00017330687842331827, 0.0015575593570247293, 0.0005084609729237854, -0.0008049727184697986, -0.00039665281656198204, 0.00045149034122005105, -0.0017781587084755301, -0.0022838313598185778, 0.013838890939950943, -0.007149058394134045, 0.0028875558637082577, -0.00340977287851274], [0.0006778990500606596, 0.0015946683706715703, -0.000492073770146817, 0.0014629543293267488, 0.0024329633451998234, -5.090404374641366e-05, 0.0008563577430322766, -0.0016854365821927786, -0.002173005836084485, -0.007149058394134045, 0.019563762471079826, -0.005172437522560358, 0.00013388346997089684], [0.0005515517550520599, 0.00026021836674772203, 0.0009286608546972275, 0.0008113014046102762, -0.0004772620159201324, -3.2512547477381304e-05, 0.0015312995528802276, -0.0005454150959849358, 0.00080056645674631, 0.0028875558637082577, -0.005172437522560358, 0.016563735902309418, -0.006197766400873661], [-0.0001418934261891991, -0.00033935593091882765, 0.0003451341763138771, -0.003542799036949873, -0.0015198386972770095, -0.0020085156429558992, 0.00011170417565153912, -0.001525778672657907, -0.001222733175382018, -0.00340977287851274, 0.00013388346997089684, -0.006197766400873661, 0.018887609243392944]], "metadata.audio_properties.analysis.downmix": "mix", "metadata.audio_properties.codec": "mp3", "metadata.audio_properties.md5_encoded": "fc46e763cb0dfe90fbf7926b7aaa6e55", "metadata.tags.file_name": "1183655701344690176.mp3", "metadata.version.essentia": "2.1-beta6-dev", "metadata.version.essentia_git_sha": "v2.1_beta5-1110-g77a6a954", "metadata.version.extractor": "music 2.0", "tonal.chords_key": "D", "tonal.chords_scale": "minor", "tonal.key_edma.key": "Bb", "tonal.key_edma.scale": "major", "tonal.key_krumhansl.key": "Bb", "tonal.key_krumhansl.scale": "major", "tonal.key_temperley.key": "Bb", "tonal.key_temperley.scale": "major", "metadata.tags.encoding": ["Lavf58.45.100"]}, "essentia_models": [{"model_name": "genre_dortmund", "activations": {"alternative": "0.10623667", "blues": "0.058935363", "electronic": "0.1329347", "folkcountry": "0.105419055", "funksoulrnb": "0.10907611", "jazz": "0.26032797", "pop": "0.062166993", "raphiphop": "0.5258855", "rock": "0.07888205"}}, {"model_name": "genre_rosamerica", "activations": {"classic": "0.09317388", "dance": "0.003133551", "hip hop": "0.09759404", "jazz": "0.047080934", "pop": "0.023128834", "rhythm and blues": "0.13128151", "rock": "0.014081591", "speech"