{"song_id": "1183657378592346112", "download": "https://cdn.discordapp.com/attachments/1135903449314238464/1183657378592346112/chirp.mp4?ex=658921d6&amp", "lyrics": "(Outro)\nIn the rhythm of life, words dance and sing,\n\u751f\u6d3b\u7684\u8282\u594f\u4e2d\uff0c\u8bcd\u8bed\u8df3\u8dc3\u548c\u6b4c\u5531\uff0c\nEnglish in action, let your heart ring!\n\u884c\u52a8\u4e2d\u7684\u82f1\u8bed\uff0c\u8ba9\u4f60\u7684\u5fc3\u7075\u5171\u9e23\uff01", "style": ["Chinese pop"], "essentia_features": {"lowlevel.average_loudness": 0.9289089441299438, "lowlevel.barkbands_crest.mean": 13.411144256591797, "lowlevel.barkbands_crest.stdev": 5.489923477172852, "lowlevel.barkbands_flatness_db.mean": 0.20127460360527039, "lowlevel.barkbands_flatness_db.stdev": 0.06453484296798706, "lowlevel.barkbands_kurtosis.mean": 20.576005935668945, "lowlevel.barkbands_kurtosis.stdev": 31.228485107421875, "lowlevel.barkbands_skewness.mean": 2.998152017593384, "lowlevel.barkbands_skewness.stdev": 2.4290976524353027, "lowlevel.barkbands_spread.mean": 18.361967086791992, "lowlevel.barkbands_spread.stdev": 22.73752212524414, "lowlevel.dissonance.mean": 0.42387986183166504, "lowlevel.dissonance.stdev": 0.04579894617199898, "lowlevel.dynamic_complexity": 2.524101972579956, "lowlevel.erbbands_crest.mean": 14.770428657531738, "lowlevel.erbbands_crest.stdev": 6.755475997924805, "lowlevel.erbbands_flatness_db.mean": 0.19110456109046936, "lowlevel.erbbands_flatness_db.stdev": 0.047551825642585754, "lowlevel.erbbands_kurtosis.mean": 5.914981365203857, "lowlevel.erbbands_kurtosis.stdev": 7.559179782867432, "lowlevel.erbbands_skewness.mean": 1.5204005241394043, "lowlevel.erbbands_skewness.stdev": 1.5910383462905884, "lowlevel.erbbands_spread.mean": 35.67219161987305, "lowlevel.erbbands_spread.stdev": 26.067670822143555, "lowlevel.hfc.mean": 19.738927841186523, "lowlevel.hfc.stdev": 19.30198860168457, "lowlevel.loudness_ebu128.integrated": -12.93407917022705, "lowlevel.loudness_ebu128.loudness_range": 1.7352705001831055, "lowlevel.loudness_ebu128.momentary.mean": -13.351456642150879, "lowlevel.loudness_ebu128.momentary.stdev": 2.105956554412842, "lowlevel.loudness_ebu128.short_term.mean": -13.012886047363281, "lowlevel.loudness_ebu128.short_term.stdev": 0.6165964007377625, "lowlevel.melbands_crest.mean": 18.304218292236328, "lowlevel.melbands_crest.stdev": 6.201486110687256, "lowlevel.melbands_flatness_db.mean": 0.2638780474662781, "lowlevel.melbands_flatness_db.stdev": 0.0858055129647255, "lowlevel.melbands_kurtosis.mean": 38.812408447265625, "lowlevel.melbands_kurtosis.stdev": 50.283756256103516, "lowlevel.melbands_skewness.mean": 3.8264718055725098, "lowlevel.melbands_skewness.stdev": 2.489072561264038, "lowlevel.melbands_spread.mean": 20.971832275390625, "lowlevel.melbands_spread.stdev": 36.26272964477539, "lowlevel.pitch_salience.mean": 0.46464207768440247, "lowlevel.pitch_salience.stdev": 0.1377972960472107, "lowlevel.silence_rate_20dB.mean": 1.0, "lowlevel.silence_rate_20dB.stdev": 0.0, "lowlevel.silence_rate_30dB.mean": 0.999404788017273, "lowlevel.silence_rate_30dB.stdev": 0.024390244856476784, "lowlevel.silence_rate_60dB.mean": 0.01666666753590107, "lowlevel.silence_rate_60dB.stdev": 0.12801997363567352, "lowlevel.spectral_centroid.mean": 843.9210815429688, "lowlevel.spectral_centroid.stdev": 802.4332275390625, "lowlevel.spectral_complexity.mean": 10.208928108215332, "lowlevel.spectral_complexity.stdev": 3.648998498916626, "lowlevel.spectral_decrease.mean": -7.3479551332411575e-09, "lowlevel.spectral_decrease.stdev": 5.322210228086988e-09, "lowlevel.spectral_energy.mean": 0.029523255303502083, "lowlevel.spectral_energy.stdev": 0.020229365676641464, "lowlevel.spectral_energyband_high.mean": 0.001166467322036624, "lowlevel.spectral_energyband_high.stdev": 0.002430225256830454, "lowlevel.spectral_energyband_low.mean": 0.00635937275364995, "lowlevel.spectral_energyband_low.stdev": 0.01000037882477045, "lowlevel.spectral_energyband_middle_high.mean": 0.0019899667240679264, "lowlevel.spectral_energyband_middle_high.stdev": 0.004145065788179636, "lowlevel.spectral_energyband_middle_low.mean": 0.020837759599089622, "lowlevel.spectral_energyband_middle_low.stdev": 0.018697429448366165, "lowlevel.spectral_entropy.mean": 7.07965087890625, "lowlevel.spectral_entropy.stdev": 0.744835615158081, "lowlevel.spectral_flux.mean": 0.058727458119392395, "lowlevel.spectral_flux.stdev": 0.0380328968167305, "lowlevel.spectral_kurtosis.mean": 5.271696090698242, "lowlevel.spectral_kurtosis.stdev": 5.001391410827637, "lowlevel.spectral_rms.mean": 0.005007673520594835, "lowlevel.spectral_rms.stdev": 0.0019303846638649702, "lowlevel.spectral_rolloff.mean": 1720.0855712890625, "lowlevel.spectral_rolloff.stdev": 2829.102783203125, "lowlevel.spectral_skewness.mean": 1.954650640487671, "lowlevel.spectral_skewness.stdev": 0.8360863924026489, "lowlevel.spectral_spread.mean": 6564008.0, "lowlevel.spectral_spread.stdev": 2703341.75, "lowlevel.spectral_strongpeak.mean": 1.3835620880126953, "lowlevel.spectral_strongpeak.stdev": 1.1575804948806763, "lowlevel.zerocrossingrate.mean": 0.06703375279903412, "lowlevel.zerocrossingrate.stdev": 0.0726827085018158, "metadata.audio_properties.analysis.equal_loudness": 0.0, "metadata.audio_properties.analysis.length": 38.97598648071289, "metadata.audio_properties.analysis.sample_rate": 44100.0, "metadata.audio_properties.analysis.start_time": 0.0, "metadata.audio_properties.bit_rate": 120999.0, "metadata.audio_properties.length": 38.97600173950195, "metadata.audio_properties.lossless": 0.0, "metadata.audio_properties.number_channels": 1.0, "metadata.audio_properties.replay_gain": -14.047988891601562, "metadata.audio_properties.sample_rate": 48000.0, "rhythm.beats_count": 65.0, "rhythm.beats_loudness.mean": 0.03282361477613449, "rhythm.beats_loudness.stdev": 0.02079632505774498, "rhythm.bpm": 97.0414810180664, "rhythm.bpm_histogram_first_peak_bpm": 98.0, "rhythm.bpm_histogram_first_peak_weight": 0.4482758641242981, "rhythm.bpm_histogram_second_peak_bpm": 92.0, "rhythm.bpm_histogram_second_peak_spread": 0.1666666865348816, "rhythm.bpm_histogram_second_peak_weight": 0.15625, "rhythm.danceability": 1.3080756664276123, "rhythm.onset_rate": 3.0258028507232666, "tonal.chords_changes_rate": 0.04518430307507515, "tonal.chords_number_rate": 0.00951248500496149, "tonal.chords_strength.mean": 0.4638194739818573, "tonal.chords_strength.stdev": 0.08587653189897537, "tonal.hpcp_crest.mean": 20.15443992614746, "tonal.hpcp_crest.stdev": 8.984623908996582, "tonal.hpcp_entropy.mean": 1.262359619140625, "tonal.hpcp_entropy.stdev": 0.7179276347160339, "tonal.key_edma.strength": 0.6543062925338745, "tonal.key_krumhansl.strength": 0.6618549227714539, "tonal.key_temperley.strength": 0.6644987463951111, "tonal.tuning_diatonic_strength": 0.5322703123092651, "tonal.tuning_equal_tempered_deviation": 0.006337115541100502, "tonal.tuning_frequency": 440.0, "tonal.tuning_nontempered_energy_ratio": 0.6057255864143372, "lowlevel.barkbands.mean": [8.835856533551123e-06, 0.0030220141634345055, 0.002936962991952896, 0.0008023448172025383, 0.00807231292128563, 0.007327565923333168, 0.0014135177480056882, 0.0012017289409413934, 0.001160922460258007, 0.0012768368469551206, 0.0002447847800794989, 0.0002617958525661379, 5.537479228223674e-05, 0.00011892666952917352, 0.00017253172700293362, 0.000114145535917487, 5.36300940439105e-05, 2.7815231078420766e-05, 5.577458068728447e-05, 7.654415094293654e-05, 4.645345325116068e-05, 3.4300519473617896e-05, 0.00034411149681545794, 0.0004148682637605816, 0.0002458070230204612, 3.3110940421465784e-05, 2.782143724289199e-07], "lowlevel.barkbands.stdev": [3.423108864808455e-05, 0.006784077733755112, 0.004705377388745546, 0.0012216550530865788, 0.01609712280333042, 0.009732836857438087, 0.004207601770758629, 0.004411426372826099, 0.002710802247747779, 0.0042144483886659145, 0.0010825798381119967, 0.0006540752365253866, 9.028994099935517e-05, 0.0003509781090542674, 0.00039555865805596113, 0.00018467353947926313, 0.00014416850171983242, 5.408922879723832e-05, 9.19249068829231e-05, 0.00022264468134380877, 0.00014147757610771805, 9.60553006734699e-05, 0.0009476050036028028, 0.0009490784723311663, 0.0005012355395592749, 7.097204070305452e-05, 8.754403211241879e-07], "lowlevel.erbbands.mean": [0.02101699821650982, 0.9054118394851685, 3.698787212371826, 2.764767646789551, 9.50308895111084, 37.06268310546875, 44.09695816040039, 61.40909194946289, 36.55725860595703, 14.421236991882324, 24.696083068847656, 31.67633628845215, 48.30239486694336, 16.635122299194336, 11.638232231140137, 11.522174835205078, 3.5490617752075195, 6.258665084838867, 9.831531524658203, 6.137283802032471, 5.467065811157227, 2.6188766956329346, 1.5518816709518433, 2.918828248977661, 2.442549705505371, 3.7491466999053955, 2.7051010131835938, 1.3350741863250732, 1.1341687440872192, 3.4674532413482666, 11.557488441467285, 9.645930290222168, 6.517666339874268, 3.849123239517212, 1.1244282722473145, 0.2579364478588104, 0.03763025254011154, 0.0024941470474004745, 0.0001025473975460045, 4.285195245756768e-05], "lowlevel.erbbands.stdev": [0.04714351147413254, 1.9322259426116943, 5.83678674697876, 3.225186824798584, 20.380964279174805, 88.08006286621094, 85.02162170410156, 89.61577606201172, 88.51959991455078, 51.08552932739258, 90.39056396484375, 71.91527557373047, 139.55880737304688, 80.6883773803711, 44.60649871826172, 26.893835067749023, 4.813948154449463, 18.627708435058594, 22.237804412841797, 9.336543083190918, 8.42024040222168, 5.615171432495117, 3.1276345252990723, 5.715755939483643, 4.2152018547058105, 11.114360809326172, 8.424875259399414, 3.842169761657715, 3.0375137329101562, 9.5297212600708, 32.32568359375, 24.454559326171875, 14.37813949584961, 7.926371097564697, 2.2780275344848633, 0.5561977624893188, 0.0780716985464096, 0.0054002790711820126, 0.0001831254194257781, 2.646047687449027e-05], "lowlevel.gfcc.mean": [-31.538829803466797, 91.3850326538086, -89.25276184082031, 10.42824935913086, -74.6364517211914, 20.37111473083496, -67.0824203491211, 11.117979049682617, -31.441757202148438, -7.014099597930908, -12.321290969848633, -11.479289054870605, -4.243350505828857], "lowlevel.melbands.mean": [0.0004992656176909804, 0.0016696188831701875, 0.0006095176795497537, 0.0017317580059170723, 0.001534209935925901, 0.0013725068420171738, 0.00048799175419844687, 0.00016875111032277346, 0.00018288214050699025, 0.00020935242355335504, 0.0002365544787608087, 6.534639396704733e-05, 3.165830275975168e-05, 3.45864100381732e-05, 1.640111076994799e-05, 6.236694844119484e-06, 1.2403416803863365e-05, 1.5342948245233856e-05, 9.163700269709807e-06, 9.654918358137365e-06, 5.6095827858371194e-06, 3.1150984796113335e-06, 1.4649872355221305e-06, 1.3347104186323122e-06, 2.563511770858895e-06, 1.6438490320069832e-06, 1.9384515326237306e-06, 2.6798995804711012e-06, 1.8763870457405574e-06, 1.130280111283355e-06, 6.549491331497848e-07, 5.658966983901337e-07, 7.643412800462102e-07, 2.3086934106686385e-06, 6.728934749844484e-06, 7.031960194581188e-06, 5.379165486374404e-06, 4.635987352230586e-06, 3.9363089854305144e-06, 3.0399094157473883e-06], "lowlevel.melbands.stdev": [0.0011343572987243533, 0.0027339765802025795, 0.0007767898496240377, 0.0039609456434845924, 0.0025855363346636295, 0.0018993137637153268, 0.001198582467623055, 0.0006742125260643661, 0.000684538739733398, 0.0004865729424636811, 0.000708281877450645, 0.0003515694697853178, 0.00012717582285404205, 9.528118243906647e-05, 3.134532744297758e-05, 9.572172530170064e-06, 4.209618782624602e-05, 3.27777597703971e-05, 2.053021853498649e-05, 1.587390579516068e-05, 1.0001023838412948e-05, 7.495636054954957e-06, 3.996078248746926e-06, 2.6989034722646466e-06, 5.254878487903625e-06, 2.659235178725794e-06, 4.441497367224656e-06, 8.515096851624548e-06, 6.048904197086813e-06, 3.5492353163135704e-06, 1.893758508231258e-06, 1.5664830925743445e-06, 2.1881874090468045e-06, 6.449366992455907e-06, 1.9763834643526934e-05, 1.890488238132093e-05, 1.351641276414739e-05, 1.0511919754208066e-05, 8.636508937343024e-06, 6.278187356656417e-06], "lowlevel.melbands128.mean": [4.189341780147515e-06, 1.8127868315787055e-05, 0.00041523220716044307, 0.001929592341184616, 0.002260742010548711, 0.001179576967842877, 0.0004937908961437643, 0.0004040389903821051, 0.0006730501772835851, 0.002074442571029067, 0.0024411934427917004, 0.001206417684443295, 0.0016792428214102983, 0.0012591475388035178, 0.0015497608110308647, 0.0013695183442905545, 0.0009121833718381822, 0.00023783442156855017, 8.880918176146224e-05, 0.0001249220804311335, 0.00023249705554917455, 0.00021781428949907422, 0.00022914100554771721, 6.193134322529659e-05, 0.00017469085287302732, 0.00030999782029539347, 0.0001772204996086657, 0.0003674990148283541, 0.00011110759805887938, 8.496785449096933e-05, 5.158492422197014e-05, 1.6416870494140312e-05, 2.0123678041272797e-05, 6.317510269582272e-05, 2.016212238231674e-05, 3.508555892040022e-05, 4.0280527173308656e-05, 1.3629373825096991e-05, 3.845188984996639e-06, 5.875356691831257e-06, 8.327889190695714e-06, 3.632111656770576e-06, 1.2378231986076571e-05, 2.005190253839828e-05, 5.7956058299168944e-06, 1.8745971829048358e-05, 2.2256952433963306e-05, 5.275768671708647e-06, 6.294282229646342e-06, 6.791928171878681e-06, 1.2104770576115698e-05, 1.1453565093688667e-05, 3.2649331842549145e-06, 5.0376916078676e-06, 5.415486612037057e-06, 2.5921835913322866e-06, 1.5293792330339784e-06, 1.61599461989681e-06, 1.423527351107623e-06, 1.3306579376148875e-06, 8.915369562600972e-07, 1.2364213262117119e-06, 3.705428753164597e-06, 2.590788426459767e-06, 1.45833735132328e-06, 1.57926319843682e-06, 1.9287538179924013e-06, 1.3545844694817788e-06, 2.0165589376119897e-06, 2.5897345494740875e-06, 2.652980356288026e-06, 2.9950460884720087e-06, 2.1819394078193e-06, 1.6109020180010702e-06, 1.5753493016745779e-06, 1.2886979448012426e-06, 8.652837664158142e-07, 6.839237585154478e-07, 6.587015946024621e-07, 5.901922008888505e-07, 5.656972348333511e-07, 5.38035976660467e-07, 5.987553208797181e-07, 7.318352004404005e-07, 8.899249905880424e-07, 1.4318386547529371e-06, 2.3696734388067853e-06, 4.777729373017792e-06, 8.05662330094492e-06, 7.055752575979568e-06, 7.188683866843348e-06, 7.192981684056576e-06, 6.508707429020433e-06, 5.342653366824379e-06, 4.806847755389754e-06, 4.309259111323627e-06, 4.977891421731329e-06, 4.5539968596131075e-06, 3.7602005704684416e-06, 3.7053798678243766e-06, 3.6846674902335508e-06, 2.8213428322487744e-06, 2.5398164780199295e-06, 1.7639933957980247e-06, 1.0394563787485822e-06, 7.003222890489269e-07, 6.127568212832557e-07, 6.495234288195206e-07, 4.289257731215912e-07, 2.4887063432288414e-07, 1.5369440120593936e-07, 1.3302441459472902e-07, 1.1873991923039284e-07, 5.613614462163241e-08, 2.9130656997722326e-08, 1.5276999221214282e-08, 7.705522442336132e-09, 3.4613774069214287e-09, 1.0447799292379045e-09, 1.9050894195515866e-10, 9.200110118179339e-11, 2.5576929463255738e-11, 4.286582373780323e-12, 4.182474245412182e-12, 4.071630619467692e-12, 3.925270265076053e-12, 3.814266610890904e-12, 3.764129632988222e-12], "lowlevel.melbands128.stdev": [2.1131081666680984e-05, 5.99940940446686e-05, 0.0010644914582371712, 0.004312646575272083, 0.0038183743599802256, 0.0019732702057808638, 0.00067051564110443, 0.0007441309280693531, 0.001993583282455802, 0.0052865128964185715, 0.006601251661777496, 0.0029955701902508736, 0.004104638006538153, 0.002685357816517353, 0.002928696572780609, 0.002697376534342766, 0.0025760557036846876, 0.0011320682242512703, 0.00045688997488468885, 0.000614494550973177, 0.0012011080980300903, 0.000974709982983768, 0.0010725305182859302, 0.0003248453722335398, 0.0005590109503827989, 0.0008411031449213624, 0.000546609575394541, 0.0012805339647457004, 0.0007121277740225196, 0.0005943360738456249, 0.00044517579954117537, 0.0001071602528099902, 9.460741421207786e-05, 0.0003068671212531626, 0.00010700988786993548, 0.00013612568727694452, 0.00010436060256324708, 2.9473860195139423e-05, 1.5004316992417444e-05, 1.0903621841862332e-05, 1.4519617252517492e-05, 7.268144145200495e-06, 5.564825551118702e-05, 6.694560579489917e-05, 1.234532282978762e-05, 4.407768210512586e-05, 8.327980322064832e-05, 1.5830366464797407e-05, 1.3187736840336584e-05, 2.069081165245734e-05, 2.358612800890114e-05, 2.2562951926374808e-05, 8.870249075698666e-06, 1.4278653907240368e-05, 1.884731864265632e-05, 6.819719146733405e-06, 4.968817847839091e-06, 8.859664376359433e-06, 3.479572114883922e-06, 4.087486559001263e-06, 2.473910399203305e-06, 2.874161737054237e-06, 1.0119291800947394e-05, 5.23260723639396e-06, 2.6379766495665535e-06, 2.8247327463759575e-06, 3.6977448871766683e-06, 2.9952282147860387e-06, 5.028750365454471e-06, 8.347697985300329e-06, 1.0134723197552375e-05, 1.0476410352566745e-05, 7.769855074002407e-06, 5.673018222296378e-06, 5.303152647684328e-06, 4.563939000945538e-06, 2.7082521683041705e-06, 2.1311202544893604e-06, 2.012506456594565e-06, 1.8209038898930885e-06, 1.6779932821009425e-06, 1.5632049326086417e-06, 1.6338640307367314e-06, 2.1042371827206807e-06, 3.1396659778692992e-06, 4.64574122815975e-06, 7.15550959284883e-06, 1.4357244253915269e-05, 2.6770663680508733e-05, 2.059170037682634e-05, 2.062809835479129e-05, 1.9938575860578567e-05, 1.961516318260692e-05, 1.4552260836353526e-05, 1.1758228538383264e-05, 1.0102624401042704e-05, 1.2091491953469813e-05, 1.1060235010518227e-05, 8.894483471522108e-06, 8.655981218907982e-06, 7.986236596480012e-06, 5.821316790388664e-06, 5.87095155424322e-06, 4.0373270167037845e-06, 2.2379924757842673e-06, 1.4524167681884137e-06, 1.3600863439933164e-06, 1.5069010714796605e-06, 1.0818425835168455e-06, 6.751657792847254e-07, 4.4323024894765695e-07, 2.962294161079626e-07, 2.5447579332649184e-07, 1.4186211672040372e-07, 6.99792366276597e-08, 4.111250007099443e-08, 2.177333513486701e-08, 1.4673925186059478e-08, 5.9301323851457255e-09, 2.8823337050454256e-09, 1.2271927918305892e-09, 3.474389109747733e-10, 1.1137256047955013e-11, 1.0567074125444886e-11, 9.492098079766365e-12, 7.808882880599999e-12, 6.676013040995965e-12, 6.379255630684089e-12], "lowlevel.mfcc.mean": [-684.3049926757812, 127.50397491455078, 34.16951370239258, -8.082207679748535, 20.62598419189453, -13.031760215759277, -3.638322114944458, -7.3750081062316895, -10.715801239013672, 5.941781044006348, -17.46529197692871, -10.390437126159668, -2.950308322906494], "lowlevel.spectral_contrast_coeffs.mean": [-0.6161102056503296, -0.6647905111312866, -0.7282899618148804, -0.7942009568214417, -0.8060979247093201, -0.8248743414878845], "lowlevel.spectral_contrast_coeffs.stdev": [0.10695715248584747, 0.09339671581983566, 0.0729779303073883, 0.03658634051680565, 0.0377463735640049, 0.027752557769417763], "lowlevel.spectral_contrast_valleys.mean": [-7.2516655921936035, -7.220575332641602, -7.874222755432129, -8.177532196044922, -8.49186897277832, -10.088515281677246], "lowlevel.spectral_contrast_valleys.stdev": [0.7752145528793335, 0.4876748025417328, 0.5261380076408386, 0.4849357306957245, 0.7131879925727844, 1.142163872718811], "rhythm.beats_loudness_band_ratio.mean": [0.22412340342998505, 0.447851300239563, 0.1673572063446045, 0.06665995717048645, 0.021268658339977264, 0.14529848098754883], "rhythm.beats_loudness_band_ratio.stdev": [0.22609055042266846, 0.29061466455459595, 0.19080813229084015, 0.09671542793512344, 0.021916307508945465, 0.22010357677936554], "tonal.hpcp.mean": [0.0902010053396225, 0.0660235807299614, 0.10458128154277802, 0.2032933235168457, 0.13855990767478943, 0.019814735278487206, 0.008292668499052525, 0.004866234492510557, 0.029850851744413376, 0.06502561271190643, 0.043371882289648056, 0.01233417633920908, 0.012643542140722275, 0.019025977700948715, 0.13872408866882324, 0.2517997920513153, 0.1402297019958496, 0.0472642257809639, 0.05975978076457977, 0.03157176077365875, 0.008778695948421955, 0.009026499465107918, 0.01726275496184826, 0.20733818411827087, 0.3732614815235138, 0.19793885946273804, 0.03360750898718834, 0.0227836761623621, 0.0231477040797472, 0.1755228191614151, 0.3224509656429291, 0.17842434346675873, 0.024699896574020386, 0.017902445048093796, 0.015880580991506577, 0.055347990244627], "tonal.hpcp.stdev": [0.212290957570076, 0.1700572520494461, 0.2134564220905304, 0.31975454092025757, 0.2453383207321167, 0.0966225117444992, 0.051151905208826065, 0.02463657222688198, 0.10090276598930359, 0.1671602576971054, 0.11279817670583725, 0.07460924983024597, 0.08437823504209518, 0.09731646627187729, 0.23573976755142212, 0.35638752579689026, 0.22035829722881317, 0.13959690928459167, 0.20534250140190125, 0.12854547798633575, 0.07077180594205856, 0.07332810759544373, 0.08278457075357437, 0.2675519287586212, 0.41053441166877747, 0.25671708583831787, 0.1343250870704651, 0.11137481033802032, 0.11192118376493454, 0.25338852405548096, 0.4054514169692993, 0.25650787353515625, 0.11338631808757782, 0.10030685365200043, 0.0881219133734703, 0.1415112316608429], "rhythm.beats_position": [0.5921088457107544, 1.195827603340149, 1.8111563920974731, 2.4380950927734375, 3.0534238815307617, 3.668752670288086, 4.28408145904541, 4.911020278930664, 5.549569129943848, 6.199728012084961, 6.849886417388916, 7.511655330657959, 8.150203704833984, 8.777142524719238, 9.380861282348633, 9.984580039978027, 10.588298797607422, 11.203627586364746, 11.83056640625, 12.445895195007324, 13.072834014892578, 13.711382865905762, 14.349931716918945, 14.9768705368042, 15.603809356689453, 16.23074722290039, 16.88090705871582, 17.531064987182617, 18.216054916381836, 18.901042938232422, 19.55120086669922, 20.20136070251465, 20.863128662109375, 21.513288497924805, 22.17505645751953, 22.75555419921875, 23.312833786010742, 23.777233123779297, 24.24163246154785, 24.706031799316406, 25.17043113708496, 25.646438598632812, 26.122447967529297, 26.58684730529785, 27.120906829833984, 27.631746292114258, 28.1425838470459, 28.653423309326172, 29.164262771606445, 29.68671226501465, 30.22076988220215, 30.76643943786621, 31.312108993530273, 31.857776641845703, 32.3918342590332, 32.90267562866211, 33.43673324584961, 33.95918273925781, 34.57451248168945, 35.189842224121094, 35.80516815185547, 36.40888977050781, 37.01260757446289, 37.60471725463867, 38.22004318237305], "rhythm.bpm_histogram": [0.0, 0.0, 0.0, 0.0, 0.0, 0.0, 0.0, 0.0, 0.0, 0.0, 0.0, 0.0, 0.0, 0.0, 0.0, 0.0, 0.0, 0.0, 0.0, 0.0, 0.0, 0.0, 0.0, 0.0, 0.0, 0.0, 0.0, 0.0, 0.0, 0.0, 0.0, 0.0, 0.0, 0.0, 0.0, 0.0, 0.0, 0.0, 0.0, 0.0, 0.0, 0.0, 0.0, 0.0, 0.0, 0.0, 0.0, 0.0, 0.0, 0.0, 0.0, 0.0, 0.0, 0.0, 0.0, 0.0, 0.0, 0.0, 0.0, 0.0, 0.0, 0.0, 0.0, 0.0, 0.0, 0.0, 0.0, 0.0, 0.0, 0.0, 0.0, 0.0, 0.0, 0.0, 0.0, 0.0, 0.0, 0.0, 0.0, 0.0, 0.0, 0.0, 0.0, 0.0, 0.0, 0.0, 0.0, 0.0, 0.03125, 0.0, 0.0, 0.046875, 0.109375, 0.0, 0.0625, 0.0, 0.125, 0.0, 0.15625, 0.09375, 0.0, 0.015625, 0.0, 0.015625, 0.0, 0.0, 0.0, 0.0, 0.015625, 0.0, 0.046875, 0.0, 0.0625, 0.0, 0.0, 0.03125, 0.0, 0.078125, 0.0, 0.0, 0.0, 0.0, 0.0, 0.0, 0.0, 0.0, 0.03125, 0.0, 0.0, 0.078125, 0.0, 0.0, 0.0, 0.0, 0.0, 0.0, 0.0, 0.0, 0.0, 0.0, 0.0, 0.0, 0.0, 0.0, 0.0, 0.0, 0.0, 0.0, 0.0, 0.0, 0.0, 0.0, 0.0, 0.0, 0.0, 0.0, 0.0, 0.0, 0.0, 0.0, 0.0, 0.0, 0.0, 0.0, 0.0, 0.0, 0.0, 0.0, 0.0, 0.0, 0.0, 0.0, 0.0, 0.0, 0.0, 0.0, 0.0, 0.0, 0.0, 0.0, 0.0, 0.0, 0.0, 0.0, 0.0, 0.0, 0.0, 0.0, 0.0, 0.0, 0.0, 0.0, 0.0, 0.0, 0.0, 0.0, 0.0, 0.0, 0.0, 0.0, 0.0, 0.0, 0.0, 0.0, 0.0, 0.0, 0.0, 0.0, 0.0, 0.0, 0.0, 0.0, 0.0, 0.0, 0.0, 0.0, 0.0, 0.0, 0.0, 0.0, 0.0, 0.0, 0.0, 0.0, 0.0, 0.0, 0.0, 0.0, 0.0, 0.0, 0.0, 0.0, 0.0, 0.0, 0.0, 0.0, 0.0, 0.0, 0.0, 0.0, 0.0, 0.0, 0.0, 0.0, 0.0, 0.0, 0.0, 0.0, 0.0, 0.0], "tonal.chords_histogram": [24.613555908203125, 15.933412551879883, 10.344827651977539, 0.0, 1.9024970531463623, 0.0, 1.426872730255127, 0.0, 0.0, 0.0, 0.0, 0.0, 0.0, 0.0, 0.0, 0.0, 0.0, 0.0, 0.0, 0.9512485265731812, 0.0, 3.9239001274108887, 4.518430233001709, 36.38525390625], "tonal.thpcp": [1.0, 0.5302954316139221, 0.09003744274377823, 0.06103945150971413, 0.06201471388339996, 0.47024092078208923, 0.8638741970062256, 0.47801434993743896, 0.06617317348718643, 0.04796220734715462, 0.04254546016454697, 0.14828208088874817, 0.2416563481092453, 0.17688292264938354, 0.2801823616027832, 0.5446404814720154, 0.3712140619754791, 0.05308540165424347, 0.022216780111193657, 0.013037065975368023, 0.07997302711009979, 0.17420928180217743, 0.11619704961776733, 0.03304433077573776, 0.03387314826250076, 0.05097224935889244, 0.3716539144515991, 0.6745935678482056, 0.3756875693798065, 0.1266249716281891, 0.16010165214538574, 0.08458349853754044, 0.023518890142440796, 0.024182777851819992, 0.0462484247982502, 0.5554770231246948], "lowlevel.gfcc.cov": [[2914.3662109375, -1255.5325927734375, 255.34832763671875, 206.8389892578125, -496.8702697753906, 302.7640075683594, -136.2306671142578, 242.05865478515625, -67.34193420410156, 187.28775024414062, 9.725173950195312, 145.20730590820312, -125.45805358886719], [-1255.5325927734375, 2069.0625, -83.10120391845703, -175.16856384277344, 807.8322143554688, -231.7673797607422, 239.46791076660156, -156.44271850585938, 101.20606231689453, -134.9851837158203, 92.55879974365234, -115.17298889160156, 107.09551239013672], [255.34832763671875, -83.10120391845703, 558.6519775390625, 121.86445617675781, 57.685367584228516, 138.94363403320312, -50.87933349609375, 32.05817794799805, -34.87705612182617, 42.54072952270508, 12.354439735412598, 63.689361572265625, -25.174104690551758], [206.8389892578125, -175.16856384277344, 121.86445617675781, 755.9238891601562, 150.6784210205078, 137.0419158935547, 238.59979248046875, -56.52886199951172, 60.9421501159668, 14.042612075805664, -1.2603092193603516, -25.525075912475586, -85.6055908203125], [-496.8702697753906, 807.8322143554688, 57.685367584228516, 150.6784210205078, 583.5332641601562, 9.107870101928711, 212.2926025390625, -30.479333877563477, 64.35565185546875, -10.321496963500977, 46.4981575012207, -24.325498580932617, 0.8815483450889587], [302.7640075683594, -231.7673797607422, 138.94363403320312, 137.0419158935547, 9.107870101928711, 263.64984130859375, 96.73021697998047, 62.625755310058594, 41.420562744140625, 83.044921875, -3.7422378063201904, 14.033473014831543, -45.1201057434082], [-136.2306671142578, 239.46791076660156, -50.87933349609375, 238.59979248046875, 212.2926025390625, 96.73021697998047, 333.78216552734375, 23.419944763183594, 103.14156341552734, 64.95645904541016, 21.3886661529541, -5.81820011138916, -24.21984100341797], [242.05865478515625, -156.44271850585938, 32.05817794799805, -56.52886199951172, -30.479333877563477, 62.625755310058594, 23.419944763183594, 181.28909301757812, 53.60600662231445, 60.41023254394531, 20.747303009033203, 44.90677261352539, -12.263574600219727], [-67.34193420410156, 101.20606231689453, -34.87705612182617, 60.9421501159668, 64.35565185546875, 41.420562744140625, 103.14156341552734, 53.60600662231445, 139.56948852539062, 37.399391174316406, 29.104312896728516, 8.520308494567871, -6.8592658042907715], [187.28775024414062, -134.9851837158203, 42.54072952270508, 14.042612075805664, -10.321496963500977, 83.044921875, 64.95645904541016, 60.41023254394531, 37.399391174316406, 149.6116943359375, 31.938583374023438, 40.68056106567383, -12.238920211791992], [9.725173950195312, 92.55879974365234, 12.354439735412598, -1.2603092193603516, 46.4981575012207, -3.7422378063201904, 21.3886661529541, 20.747303009033203, 29.104312896728516, 31.938583374023438, 96.50862121582031, 39.07973098754883, 2.2716259956359863], [145.20730590820312, -115.17298889160156, 63.689361572265625, -25.525075912475586, -24.325498580932617, 14.033473014831543, -5.81820011138916, 44.90677261352539, 8.520308494567871, 40.68056106567383, 39.07973098754883, 113.9471664428711, 11.434272766113281], [-125.45805358886719, 107.09551239013672, -25.174104690551758, -85.6055908203125, 0.8815483450889587, -45.1201057434082, -24.21984100341797, -12.263574600219727, -6.8592658042907715, -12.238920211791992, 2.2716259956359863, 11.434272766113281, 81.88079071044922]], "lowlevel.gfcc.icov": [[0.0006328521412797272, -0.00018759466183837503, 0.00013242899149190634, -0.0004826617951039225, 0.0005757028120569885, -0.000562169763725251, 0.0005121740978211164, -0.0008329934789799154, 0.0007107646088115871, -0.0004698533157352358, 2.1926474801148288e-05, -0.000577883212827146, 0.0005312784342095256], [-0.00018759466183837503, 0.002974816132336855, -0.0009734127088449895, 0.0020444877445697784, -0.0033376736100763083, 0.0019309581257402897, -0.0020911269821226597, 0.0020867332350462675, -0.001984215574339032, 0.0018087028292939067, -0.0020591034553945065, 0.002754844957962632, -0.0017695770366117358], [0.00013242899149190634, -0.0009734127088449895, 0.0032069135922938585, -0.001395392115227878, 0.00020609781495295465, -0.002326367190107703, 0.0025036484003067017, -0.0010841838084161282, 0.0016282476717606187, -0.0010298180859535933, 0.0008142735459841788, -0.0024657724425196648, 0.0006014099344611168], [-0.0004826617951039225, 0.0020444877445697784, -0.001395392115227878, 0.003933065105229616, -0.0022507591638714075, 0.0012189086992293596, -0.0034308109898120165, 0.003089191159233451, -0.0021616367157548666, 0.0021626288071274757, -0.001399374334141612, 0.0021594108548015356, 0.00029257353162392974], [0.0005757028120569885, -0.0033376736100763083, 0.00020609781495295465, -0.0022507591638714075, 0.00677009392529726, -0.0018112864345312119, 0.00024053039669524878, -0.0022914905566722155, 0.0022444529458880424, -0.0012279906077310443, 0.0008304251823574305, -0.002350216032937169, 0.0019243821734562516], [-0.000562169763725251, 0.0019309581257402897, -0.002326367190107703, 0.0012189086992293596, -0.0018112864345312119, 0.008313761092722416, -0.003230081871151924, 0.000703139987308532, -0.002258466323837638, -0.000827147567179054, 9.458327986067161e-05, 0.0027988606598228216, 0.00021651409042533487], [0.0005121740978211164, -0.0020911269821226597, 0.0025036484003067017, -0.0034308109898120165, 0.00024053039669524878, -0.003230081871151924, 0.009258909150958061, -0.002154422691091895, -0.0005108898621983826, -0.0038034578319638968, 0.0022118035703897476, -0.0026291480753570795, 0.001030710176564753], [-0.0008329934789799154, 0.0020867332350462675, -0.0010841838084161282, 0.003089191159233451, -0.0022914905566722155, 0.000703139987308532, -0.002154422691091895, 0.010657714679837227, -0.0051009561866521835, 0.00048365379916504025, -0.001114184153266251, 0.00018235387688037008, -8.772014552960172e-05], [0.0007107646088115871, -0.001984215574339032, 0.0016282476717606187, -0.0021616367157548666, 0.0022444529458880424, -0.002258466323837638, -0.0005108898621983826, -0.0051009561866521835, 0.013116084039211273, -0.0017886747373268008, -0.0010937321931123734, -0.0016142969252541661, 0.0008282880880869925], [-0.0004698533157352358, 0.0018087028292939067, -0.0010298180859535933, 0.0021626288071274757, -0.0012279906077310443, -0.000827147567179054, -0.0038034578319638968, 0.00048365379916504025, -0.0017886747373268008, 0.011936389841139317, -0.0036872164346277714, 0.0001714437676128, -0.0009237033664248884], [2.1926474801148288e-05, -0.0020591034553945065, 0.0008142735459841788, -0.001399374334141612, 0.0008304251823574305, 9.458327986067161e-05, 0.0022118035703897476, -0.001114184153266251, -0.0010937321931123734, -0.0036872164346277714, 0.01562498975545168, -0.0063063111156225204, 0.0018490457441657782], [-0.000577883212827146, 0.002754844957962632, -0.0024657724425196648, 0.0021594108548015356, -0.002350216032937169, 0.0027988606598228216, -0.0026291480753570795, 0.00018235387688037008, -0.0016142969252541661, 0.0001714437676128, -0.0063063111156225204, 0.015760870650410652, -0.004307423252612352], [0.0005312784342095256, -0.0017695770366117358, 0.0006014099344611168, 0.00029257353162392974, 0.0019243821734562516, 0.00021651409042533487, 0.001030710176564753, -8.772014552960172e-05, 0.0008282880880869925, -0.0009237033664248884, 0.0018490457441657782, -0.004307423252612352, 0.01670406013727188]], "lowlevel.mfcc.cov": [[2511.878173828125, -1479.18310546875, 423.55584716796875, -88.32805633544922, -169.34820556640625, -6.820558071136475, -13.117752075195312, 60.53429412841797, -37.5636100769043, 109.10717010498047, 15.622833251953125, 128.65988159179688, 108.9911880493164], [-1479.18310546875, 2233.90966796875, -535.2860107421875, 71.44413757324219, 340.9582214355469, -8.047865867614746, 131.0355682373047, -16.27084732055664, 72.8873291015625, -104.87306213378906, 75.4310302734375, -94.26358795166016, 8.648192405700684], [423.55584716796875, -535.2860107421875, 567.3994140625, -36.37532043457031, 32.92487335205078, 51.629703521728516, -6.997294902801514, 23.626956939697266, -44.17123794555664, 26.145450592041016, 7.302972793579102, 0.2700120210647583, -6.872140884399414], [-88.32805633544922, 71.44413757324219, -36.37532043457031, 566.9814453125, 67.39368438720703, 269.94781494140625, 115.3950424194336, 120.188720703125, 47.495826721191406, 30.333831787109375, 91.8598403930664, 57.837608337402344, 7.089539527893066], [-169.34820556640625, 340.9582214355469, 32.92487335205078, 67.39368438720703, 272.5863342285156, 34.95270538330078, 63.0040397644043, 45.73976135253906, 10.251519203186035, -25.950580596923828, 44.83797073364258, -7.195085525512695, 18.138994216918945], [-6.820558071136475, -8.047865867614746, 51.629703521728516, 269.94781494140625, 34.95270538330078, 371.0113525390625, 132.43710327148438, 91.2980728149414, 84.71846771240234, 62.65676498413086, 88.47589874267578, 72.57997131347656, 33.028865814208984], [-13.117752075195312, 131.0355682373047, -6.997294902801514, 115.3950424194336, 63.0040397644043, 132.43710327148438, 168.4268798828125, 56.698726654052734, 57.768821716308594, 31.636449813842773, 64.1477279663086, 48.802330017089844, 44.72798538208008], [60.53429412841797, -16.27084732055664, 23.626956939697266, 120.188720703125, 45.73976135253906, 91.2980728149414, 56.698726654052734, 158.78753662109375, 56.78059768676758, 35.1197395324707, 62.56804275512695, 44.93292999267578, 39.15983581542969], [-37.5636100769043, 72.8873291015625, -44.17123794555664, 47.495826721191406, 10.251519203186035, 84.71846771240234, 57.768821716308594, 56.78059768676758, 149.31712341308594, 55.506771087646484, 64.7006607055664, 44.5141716003418, 29.807388305664062], [109.10717010498047, -104.87306213378906, 26.145450592041016, 30.333831787109375, -25.950580596923828, 62.65676498413086, 31.636449813842773, 35.1197395324707, 55.506771087646484, 102.62357330322266, 46.10900115966797, 38.86699295043945, 33.58195114135742], [15.622833251953125, 75.4310302734375, 7.302972793579102, 91.8598403930664, 44.83797073364258, 88.47589874267578, 64.1477279663086, 62.56804275512695, 64.7006607055664, 46.10900115966797, 144.21595764160156, 67.64383697509766, 50.09385681152344], [128.65988159179688, -94.26358795166016, 0.2700120210647583, 57.837608337402344, -7.195085525512695, 72.57997131347656, 48.802330017089844, 44.93292999267578, 44.5141716003418, 38.86699295043945, 67.64383697509766, 122.71893310546875, 70.2591323852539], [108.9911880493164, 8.648192405700684, -6.872140884399414, 7.089539527893066, 18.138994216918945, 33.028865814208984, 44.72798538208008, 39.15983581542969, 29.807388305664062, 33.58195114135742, 50.09385681152344, 70.2591323852539, 127.53238677978516]], "lowlevel.mfcc.icov": [[0.0007266224711202085, 0.00047545271809212863, -8.641427848488092e-05, 7.186447328422219e-05, -5.842235987074673e-05, 0.0001893366570584476, -0.00029779455508105457, -9.92220884654671e-05, 0.0001761698367772624, -0.00014700126484967768, -0.00012592528946697712, -5.951768980594352e-05, -0.00048790741129778326], [0.00047545271809212863, 0.0012866327306255698, 0.0008699513273313642, 0.00015824982256162912, -0.0010949039133265615, 3.239544093958102e-05, -0.0006659239297732711, 0.00032182311406359076, -0.00018993021512869745, 0.00056815444258973, -0.0008273866260424256, 0.0011619175784289837, -0.0005937634268775582], [-8.641427848488092e-05, 0.0008699513273313642, 0.002978220349177718, 0.0006777946255169809, -0.0014348931144922972, -0.000880387844517827, -6.441531149903312e-05, -0.00021120093879289925, 0.001078124507330358, -0.00038684337050653994, -0.0008555013337172568, 0.0010117697529494762, 0.0002857161161955446], [7.186447328422219e-05, 0.00015824982256162912, 0.0006777946255169809, 0.003265717066824436, -0.00040384812746196985, -0.0020775420125573874, -0.0003827997134067118, -0.0014635436236858368, 0.0011551296338438988, 0.0002258844906464219, -0.0008557087858207524, -0.0002551844227127731, 0.0011092107743024826], [-5.842235987074673e-05, -0.0010949039133265615, -0.0014348931144922972, -0.00040384812746196985, 0.006083680782467127, 0.00044110932503826916, -0.0012045990442857146, -0.0012805572478100657, 0.00016270823834929615, 0.0017679801676422358, -0.0009103964548557997, 0.0006982032209634781, -0.0006251645972952247], [0.0001893366570584476, 3.239544093958102e-05, -0.000880387844517827, -0.0020775420125573874, 0.00044110932503826916, 0.0058436086401343346, -0.0025323214940726757, -6.653874879702926e-05, -0.0013112934539094567, -0.0010197105584666133, 2.8858838049927726e-05, -0.0010140819940716028, 0.0003587927494663745], [-0.00029779455508105457, -0.0006659239297732711, -6.441531149903312e-05, -0.0003827997134067118, -0.0012045990442857146, -0.0025323214940726757, 0.010530964471399784, -0.000316294637741521, -0.0011509337928146124, -0.0005009337910450995, -0.0003170697600580752, -0.001183295389637351, -0.0012743148254230618], [-9.92220884654671e-05, 0.00032182311406359076, -0.00021120093879289925, -0.0014635436236858368, -0.0012805572478100657, -6.653874879702926e-05, -0.000316294637741521, 0.00976536050438881, -0.0022969015408307314, -0.0003388039767742157, -0.0012321413960307837, 4.453412657312583e-06, -0.0014477045042440295], [0.0001761698367772624, -0.00018993021512869745, 0.001078124507330358, 0.0011551296338438988, 0.00016270823834929615, -0.0013112934539094567, -0.0011509337928146124, -0.0022969015408307314, 0.011409839615225792, -0.00419982522726059, -0.0021086749620735645, -0.0011016405187547207, 0.0011559296399354935], [-0.00014700126484967768, 0.00056815444258973, -0.00038684337050653994, 0.0002258844906464219, 0.0017679801676422358, -0.0010197105584666133, -0.0005009337910450995, -0.0003388039767742157, -0.00419982522726059, 0.015764612704515457, -0.002732567023485899, 0.0008087659953162074, -0.00219573057256639], [-0.00012592528946697712, -0.0008273866260424256, -0.0008555013337172568, -0.0008557087858207524, -0.0009103964548557997, 2.8858838049927726e-05, -0.0003170697600580752, -0.0012321413960307837, -0.0021086749620735645, -0.002732567023485899, 0.01322964671999216, -0.004991638008505106, -0.0004574241756927222], [-5.951768980594352e-05, 0.0011619175784289837, 0.0010117697529494762, -0.0002551844227127731, 0.0006982032209634781, -0.0010140819940716028, -0.001183295389637351, 4.453412657312583e-06, -0.0011016405187547207, 0.0008087659953162074, -0.004991638008505106, 0.01712624728679657, -0.0068121193908154964], [-0.00048790741129778326, -0.0005937634268775582, 0.0002857161161955446, 0.0011092107743024826, -0.0006251645972952247, 0.0003587927494663745, -0.0012743148254230618, -0.0014477045042440295, 0.0011559296399354935, -0.00219573057256639, -0.0004574241756927222, -0.0068121193908154964, 0.013380134478211403]], "metadata.audio_properties.analysis.downmix": "mix", "metadata.audio_properties.codec": "mp3", "metadata.audio_properties.md5_encoded": "57ca52fa5ba90fe6464d1bfc84d03734", "metadata.tags.file_name": "1183657378592346112.mp3", "metadata.version.essentia": "2.1-beta6-dev", "metadata.version.essentia_git_sha": "v2.1_beta5-1110-g77a6a954", "metadata.version.extractor": "music 2.0", "tonal.chords_key": "G", "tonal.chords_scale": "minor", "tonal.key_edma.key": "Bb", "tonal.key_edma.scale": "major", "tonal.key_krumhansl.key": "Bb", "tonal.key_krumhansl.scale": "major", "tonal.key_temperley.key": "Bb", "tonal.key_temperley.scale": "major", "metadata.tags.encoding": ["Lavf58.45.100"