{"song_id": "1183717639974035476", "download": "https://cdn.discordapp.com/attachments/1135911532732108921/1183717639974035476/chirp.mp4?ex=658959f5&amp", "lyrics": "(Chorus) \n\u0e21\u0e31\u0e19\u0e1c\u0e34\u0e14\u0e40\u0e2d\u0e07\u0e17\u0e35\u0e48\u0e09\u0e31\u0e19\u0e23\u0e31\u0e01\u0e40\u0e18\u0e2d\u0e21\u0e32\u0e01\u0e44\u0e1b \u0e44\u0e21\u0e48\u0e40\u0e04\u0e22\u0e41\u0e01\u0e49\u0e15\u0e31\u0e27\u0e2d\u0e30\u0e44\u0e23\u0e40\u0e25\u0e22\u0e2a\u0e31\u0e01\u0e17\u0e35 \u0e16\u0e36\u0e07\u0e15\u0e49\u0e2d\u0e07\u0e40\u0e08\u0e47\u0e1a\u0e41\u0e1a\u0e1a\u0e19\u0e35\u0e49 \u0e16\u0e39\u0e01\u0e43\u0e04\u0e23\u0e21\u0e2d\u0e07\u0e44\u0e21\u0e48\u0e21\u0e35\u0e44\u0e21\u0e48\u0e27\u0e48\u0e32\u0e40\u0e23\u0e37\u0e48\u0e2d\u0e07\u0e2d\u0e30\u0e44\u0e23 \u0e40\u0e23\u0e37\u0e48\u0e2d\u0e07\u0e23\u0e32\u0e27\u0e17\u0e35\u0e48\u0e08\u0e1a\u0e41\u0e25\u0e49\u0e27 \u0e01\u0e47\u0e43\u0e2b\u0e49\u0e21\u0e31\u0e19\u0e41\u0e25\u0e49\u0e27\u0e44\u0e1b \u0e40\u0e18\u0e2d\u0e08\u0e30\u0e21\u0e35\u0e43\u0e04\u0e23\u0e01\u0e47\u0e0a\u0e48\u0e32\u0e07\u0e40\u0e18\u0e2d \u0e2d\u0e22\u0e48\u0e32\u0e1e\u0e39\u0e14\u0e2d\u0e30\u0e44\u0e23 \u0e17\u0e35\u0e48\u0e44\u0e21\u0e48\u0e43\u0e0a\u0e48\u0e04\u0e27\u0e32\u0e21\u0e08\u0e23\u0e34\u0e07\u0e2d\u0e35\u0e01\u0e40\u0e25\u0e22", "style": ["pop</span><span>-rock"], "essentia_features": {"lowlevel.average_loudness": 0.9826764464378357, "lowlevel.barkbands_crest.mean": 13.496994018554688, "lowlevel.barkbands_crest.stdev": 4.301431179046631, "lowlevel.barkbands_flatness_db.mean": 0.15676291286945343, "lowlevel.barkbands_flatness_db.stdev": 0.04461676627397537, "lowlevel.barkbands_kurtosis.mean": 5.023014068603516, "lowlevel.barkbands_kurtosis.stdev": 8.721578598022461, "lowlevel.barkbands_skewness.mean": 1.903530478477478, "lowlevel.barkbands_skewness.stdev": 1.4688023328781128, "lowlevel.barkbands_spread.mean": 25.511022567749023, "lowlevel.barkbands_spread.stdev": 11.839131355285645, "lowlevel.dissonance.mean": 0.4814462959766388, "lowlevel.dissonance.stdev": 0.015179810114204884, "lowlevel.dynamic_complexity": 1.7779057025909424, "lowlevel.erbbands_crest.mean": 11.289658546447754, "lowlevel.erbbands_crest.stdev": 4.256942272186279, "lowlevel.erbbands_flatness_db.mean": 0.15335384011268616, "lowlevel.erbbands_flatness_db.stdev": 0.030861051753163338, "lowlevel.erbbands_kurtosis.mean": 0.49987712502479553, "lowlevel.erbbands_kurtosis.stdev": 1.4513983726501465, "lowlevel.erbbands_skewness.mean": -0.6341649293899536, "lowlevel.erbbands_skewness.stdev": 0.6437550187110901, "lowlevel.erbbands_spread.mean": 44.68376159667969, "lowlevel.erbbands_spread.stdev": 17.476003646850586, "lowlevel.hfc.mean": 21.905014038085938, "lowlevel.hfc.stdev": 11.627059936523438, "lowlevel.loudness_ebu128.integrated": -13.802087783813477, "lowlevel.loudness_ebu128.loudness_range": 1.013798713684082, "lowlevel.loudness_ebu128.momentary.mean": -13.89581298828125, "lowlevel.loudness_ebu128.momentary.stdev": 0.9246068596839905, "lowlevel.loudness_ebu128.short_term.mean": -13.780473709106445, "lowlevel.loudness_ebu128.short_term.stdev": 0.3456249237060547, "lowlevel.melbands_crest.mean": 20.776735305786133, "lowlevel.melbands_crest.stdev": 6.035869121551514, "lowlevel.melbands_flatness_db.mean": 0.2125677913427353, "lowlevel.melbands_flatness_db.stdev": 0.06661073118448257, "lowlevel.melbands_kurtosis.mean": 23.73586082458496, "lowlevel.melbands_kurtosis.stdev": 29.41441535949707, "lowlevel.melbands_skewness.mean": 3.9434053897857666, "lowlevel.melbands_skewness.stdev": 2.29659366607666, "lowlevel.melbands_spread.mean": 23.88079833984375, "lowlevel.melbands_spread.stdev": 19.90097999572754, "lowlevel.pitch_salience.mean": 0.4067119359970093, "lowlevel.pitch_salience.stdev": 0.1266980618238449, "lowlevel.silence_rate_20dB.mean": 1.0, "lowlevel.silence_rate_20dB.stdev": 0.0, "lowlevel.silence_rate_30dB.mean": 0.8957529067993164, "lowlevel.silence_rate_30dB.stdev": 0.30557936429977417, "lowlevel.silence_rate_60dB.mean": 0.02239382266998291, "lowlevel.silence_rate_60dB.stdev": 0.14796094596385956, "lowlevel.spectral_centroid.mean": 1687.4674072265625, "lowlevel.spectral_centroid.stdev": 578.7432250976562, "lowlevel.spectral_complexity.mean": 18.525869369506836, "lowlevel.spectral_complexity.stdev": 6.833655834197998, "lowlevel.spectral_decrease.mean": -1.1378666009420613e-08, "lowlevel.spectral_decrease.stdev": 1.1312873304802906e-08, "lowlevel.spectral_energy.mean": 0.044932566583156586, "lowlevel.spectral_energy.stdev": 0.04327671602368355, "lowlevel.spectral_energyband_high.mean": 0.0009607143583707511, "lowlevel.spectral_energyband_high.stdev": 0.0009808086324483156, "lowlevel.spectral_energyband_low.mean": 0.03369666263461113, "lowlevel.spectral_energyband_low.stdev": 0.03943813964724541, "lowlevel.spectral_energyband_middle_high.mean": 0.005036093760281801, "lowlevel.spectral_energyband_middle_high.stdev": 0.0028911526314914227, "lowlevel.spectral_energyband_middle_low.mean": 0.008393265306949615, "lowlevel.spectral_energyband_middle_low.stdev": 0.01615482196211815, "lowlevel.spectral_entropy.mean": 7.738397598266602, "lowlevel.spectral_entropy.stdev": 0.2456170618534088, "lowlevel.spectral_flux.mean": 0.100709930062294, "lowlevel.spectral_flux.stdev": 0.08682402223348618, "lowlevel.spectral_kurtosis.mean": 2.9570419788360596, "lowlevel.spectral_kurtosis.stdev": 1.5341955423355103, "lowlevel.spectral_rms.mean": 0.006073566619306803, "lowlevel.spectral_rms.stdev": 0.0026359898038208485, "lowlevel.spectral_rolloff.mean": 1407.324462890625, "lowlevel.spectral_rolloff.stdev": 1444.843505859375, "lowlevel.spectral_skewness.mean": 1.1915502548217773, "lowlevel.spectral_skewness.stdev": 0.23987464606761932, "lowlevel.spectral_spread.mean": 4490284.0, "lowlevel.spectral_spread.stdev": 824799.8125, "lowlevel.spectral_strongpeak.mean": 0.8179887533187866, "lowlevel.spectral_strongpeak.stdev": 0.7404877543449402, "lowlevel.zerocrossingrate.mean": 0.05727294087409973, "lowlevel.zerocrossingrate.stdev": 0.037286557257175446, "metadata.audio_properties.analysis.equal_loudness": 0.0, "metadata.audio_properties.analysis.length": 30.03628158569336, "metadata.audio_properties.analysis.sample_rate": 44100.0, "metadata.audio_properties.analysis.start_time": 0.0, "metadata.audio_properties.bit_rate": 119904.0, "metadata.audio_properties.length": 30.03733253479004, "metadata.audio_properties.lossless": 0.0, "metadata.audio_properties.number_channels": 1.0, "metadata.audio_properties.replay_gain": -11.865774154663086, "metadata.audio_properties.sample_rate": 48000.0, "rhythm.beats_count": 62.0, "rhythm.beats_loudness.mean": 0.10044261813163757, "rhythm.beats_loudness.stdev": 0.038853734731674194, "rhythm.bpm": 125.15767669677734, "rhythm.bpm_histogram_first_peak_bpm": 126.0, "rhythm.bpm_histogram_first_peak_weight": 0.4333333373069763, "rhythm.bpm_histogram_second_peak_bpm": 133.0, "rhythm.bpm_histogram_second_peak_spread": 0.0, "rhythm.bpm_histogram_second_peak_weight": 0.016393441706895828, "rhythm.danceability": 1.9679683446884155, "rhythm.onset_rate": 3.4599506855010986, "tonal.chords_changes_rate": 0.08179012686014175, "tonal.chords_number_rate": 0.010802469216287136, "tonal.chords_strength.mean": 0.4671388268470764, "tonal.chords_strength.stdev": 0.08141271024942398, "tonal.hpcp_crest.mean": 12.458357810974121, "tonal.hpcp_crest.stdev": 4.375624656677246, "tonal.hpcp_entropy.mean": 2.0643951892852783, "tonal.hpcp_entropy.stdev": 0.5701278448104858, "tonal.key_edma.strength": 0.6624411344528198, "tonal.key_krumhansl.strength": 0.6531503200531006, "tonal.key_temperley.strength": 0.6405191421508789, "tonal.tuning_diatonic_strength": 0.439003050327301, "tonal.tuning_equal_tempered_deviation": 0.1558339148759842, "tonal.tuning_frequency": 438.2245178222656, "tonal.tuning_nontempered_energy_ratio": 0.826888382434845, "lowlevel.barkbands.mean": [0.0006865323521196842, 0.013183346018195152, 0.016710735857486725, 0.004298749845474958, 0.0016256924718618393, 0.0005944574368186295, 0.0003572364221327007, 0.00046230011503212154, 0.0009865154279395938, 0.00048081245040521026, 0.00023209945356938988, 0.00019761516887228936, 0.00033542339224368334, 0.0005661696777679026, 0.0004354370466899127, 0.00023503473494201899, 0.0017473739571869373, 0.0004511370207183063, 0.0002320645871805027, 0.000275262602372095, 0.00018452288350090384, 0.0003102428454440087, 0.00015102406905498356, 0.00011945287405978888, 5.4929856560193e-05, 1.8223978258902207e-05, 2.2579388314625248e-07], "lowlevel.barkbands.stdev": [0.0015244996175169945, 0.0261689480394125, 0.017070403322577477, 0.013173668645322323, 0.002495798049494624, 0.0021109688095748425, 0.0006578649044968188, 0.0014051406178623438, 0.0018298837821930647, 0.0006893444806337357, 0.000635519449133426, 0.0005883867852389812, 0.0006699602818116546, 0.0007331118104048073, 0.0006189321866258979, 0.00037244369741529226, 0.0012083128094673157, 0.0007719782297499478, 0.00018864043522626162, 0.0002558365522418171, 0.00018782450933940709, 0.00031520830816589296, 0.00020236780983395875, 0.0002606546622700989, 8.808479469735175e-05, 2.4666080207680352e-05, 5.807021921100386e-07], "lowlevel.erbbands.mean": [0.33654701709747314, 3.317704916000366, 16.883975982666016, 18.856956481933594, 6.335052967071533, 6.3798828125, 6.063451766967773, 4.795971393585205, 4.378026008605957, 7.795129776000977, 12.174885749816895, 19.81151580810547, 18.59269142150879, 13.765857696533203, 9.345362663269043, 7.536746501922607, 15.179082870483398, 22.900983810424805, 33.277915954589844, 15.143838882446289, 22.843521118164062, 114.53475952148438, 32.8419189453125, 12.130935668945312, 13.036361694335938, 13.056073188781738, 7.7147216796875, 8.404560089111328, 11.643445014953613, 7.17250919342041, 3.8911001682281494, 2.9993045330047607, 1.692728042602539, 0.7542486190795898, 0.32474902272224426, 0.125591441988945, 0.023915305733680725, 0.0019981584046036005, 7.290548091987148e-05, 5.506576781044714e-05], "lowlevel.erbbands.stdev": [0.8693999648094177, 5.810731887817383, 16.25870704650879, 40.1678352355957, 13.971940040588379, 10.737993240356445, 15.488429069519043, 17.31488609313965, 10.93708324432373, 13.908252716064453, 33.118106842041016, 39.01283645629883, 30.756351470947266, 18.694007873535156, 18.061378479003906, 23.49658203125, 31.2493896484375, 37.372108459472656, 33.973628997802734, 32.09710693359375, 23.840023040771484, 81.418212890625, 43.03096389770508, 10.711116790771484, 10.971819877624512, 11.979928970336914, 7.47629451751709, 9.082921981811523, 11.831916809082031, 7.547830581665039, 5.612884998321533, 6.31261682510376, 3.8004062175750732, 1.3614071607589722, 0.48974770307540894, 0.17238999903202057, 0.03329584002494812, 0.0033507682383060455, 8.016885112738237e-05, 4.76305176562164e-05], "lowlevel.gfcc.mean": [13.370302200317383, 75.35321044921875, -125.76609802246094, 61.76474380493164, -43.36322784423828, 30.2999267578125, -32.60257339477539, 18.363121032714844, -17.122953414916992, -6.4301958084106445, -28.068838119506836, -5.231907844543457, -13.548437118530273], "lowlevel.melbands.mean": [0.0033402880653738976, 0.007127454970031977, 0.002865435788407922, 0.00037957399035803974, 0.0002431327593512833, 0.00010672742064343765, 6.859823770355433e-05, 9.271710587199777e-05, 0.00010884771472774446, 0.00012757894000969827, 9.393618529429659e-05, 5.9459125623106956e-05, 3.350632687215693e-05, 2.0910918465233408e-05, 2.146825318050105e-05, 4.278931373846717e-05, 4.0618495404487476e-05, 6.0605139879044145e-05, 2.322644468222279e-05, 1.5152606465562712e-05, 2.259764733025804e-05, 0.00013073782611172646, 5.6322580348933116e-05, 1.3363313883019146e-05, 9.086472346098162e-06, 8.804938261164352e-06, 1.037701076711528e-05, 8.210929081542417e-06, 4.928856924379943e-06, 4.1712164602358826e-06, 5.1447491387079936e-06, 7.021684723440558e-06, 5.442616384243593e-06, 3.3825624541350408e-06, 2.1734256279160036e-06, 2.04352181754075e-06, 1.8168287851949572e-06, 1.3243677585705882e-06, 7.554058925052232e-07, 5.918699912399461e-07], "lowlevel.melbands.stdev": [0.0074198804795742035, 0.0073139904998242855, 0.005695220548659563, 0.0005901695694774389, 0.0005381984519772232, 0.0003875303373206407, 0.00015834803343750536, 0.0001828062377171591, 0.00026859345962293446, 0.00023884439724497497, 0.00015916397387627512, 8.147431071847677e-05, 8.320734923472628e-05, 3.664969699457288e-05, 9.57873635343276e-05, 8.815289766062051e-05, 6.572027632500976e-05, 6.655602192040533e-05, 3.9618149457965046e-05, 2.9541048206738196e-05, 2.845023300324101e-05, 9.650068386690691e-05, 6.167750689201057e-05, 2.0375135136418976e-05, 8.478867130179424e-06, 7.4020267675223295e-06, 1.0502310942683835e-05, 8.013667866180185e-06, 5.098256224300712e-06, 4.293565780244535e-06, 6.120374564488884e-06, 7.510532213927945e-06, 5.731901637773262e-06, 3.763598897421616e-06, 2.934603116955259e-06, 4.043929948238656e-06, 4.1128068914986216e-06, 3.083716137552983e-06, 1.6300533616231405e-06, 1.0275978183926782e-06], "lowlevel.melbands128.mean": [0.0005816924967803061, 0.0024326464626938105, 0.004312333185225725, 0.005432207137346268, 0.008485068567097187, 0.007806831039488316, 0.004222174175083637, 0.0015299312071874738, 0.00041116439388133585, 0.00029206377803348005, 0.0003820050915237516, 0.00033689994597807527, 0.0002001153043238446, 0.00013795538689009845, 0.00010648679017322138, 9.812216740101576e-05, 6.603211659239605e-05, 6.2606755818706e-05, 6.28266716375947e-05, 9.373793727718294e-05, 9.92613859125413e-05, 0.0001253689406439662, 6.780825060559437e-05, 0.00014939840184524655, 0.00014908798038959503, 9.10801172722131e-05, 0.00016164551198016852, 5.229487578617409e-05, 9.858677367446944e-05, 7.209878822322935e-05, 4.1176899685524404e-05, 3.8108828448457643e-05, 4.106810229131952e-05, 2.066914748866111e-05, 2.8121256036683917e-05, 1.6366675481549464e-05, 1.6413248886237852e-05, 2.4314935217262246e-05, 1.7702624973026104e-05, 3.904384720954113e-05, 3.9722926885588095e-05, 6.513349217129871e-05, 3.0396427973755635e-05, 2.4502342057530768e-05, 7.763698522467166e-05, 7.535439362982288e-05, 3.7712517951149493e-05, 1.3692113498109393e-05, 2.426914215902798e-05, 2.0404073438839987e-05, 9.586926353222225e-06, 1.2589165635290556e-05, 2.4961682356661186e-05, 1.5937943317112513e-05, 4.235444066580385e-05, 0.00021068907517474145, 0.00014156893303152174, 4.541831003734842e-05, 4.936937693855725e-05, 1.7831591321737505e-05, 9.221246727975085e-06, 1.0990075679728761e-05, 9.002532351587433e-06, 9.0387320597074e-06, 7.975405424076598e-06, 8.58277144288877e-06, 9.308294465881772e-06, 9.786875125428196e-06, 1.0838236448762473e-05, 1.1586642358452082e-05, 7.448441920132609e-06, 7.656194611627143e-06, 5.567231710301712e-06, 4.521632035903167e-06, 3.8025596040824894e-06, 4.493474079936277e-06, 3.982432190241525e-06, 4.2338879211456515e-06, 5.1752458603004925e-06, 5.907638751523336e-06, 7.678149813727941e-06, 7.38389280741103e-06, 6.047886017768178e-06, 5.597938525170321e-06, 4.56334464615793e-06, 3.757571221285616e-06, 2.9442744562402368e-06, 2.6365137273387518e-06, 1.9758899725275114e-06, 1.9055883058172185e-06, 2.362046643611393e-06, 2.0384800336614717e-06, 1.6073873894129065e-06, 1.8601490410219412e-06, 1.975350187422009e-06, 1.5464577245438704e-06, 1.1865964779644855e-06, 9.96662151919736e-07, 7.255468403855048e-07, 6.213488745743234e-07, 7.09024050138396e-07, 5.63493244953861e-07, 5.11473615461e-07, 4.1085903035309457e-07, 3.405718871363206e-07, 3.024852901489794e-07, 3.1547870094073005e-07, 2.646175119025429e-07, 2.084546508740459e-07, 1.784034822094327e-07, 1.403141567379862e-07, 7.87661775802917e-08, 6.612788894244659e-08, 4.2383934584222516e-08, 2.6223446525364125e-08, 1.7526085471786246e-08, 9.099232478604335e-09, 1.0673580908004965e-09, 6.109944147847379e-12, 5.595681470266234e-12, 5.431648620463081e-12, 5.330525517516227e-12, 5.207695386033606e-12, 5.1150039065417374e-12, 5.0111017765863686e-12, 4.8942789925010555e-12, 4.822052479536154e-12, 4.791369558054814e-12], "lowlevel.melbands128.stdev": [0.0014492966001853347, 0.007160113658756018, 0.011283795349299908, 0.009738815017044544, 0.008553391322493553, 0.008981161750853062, 0.009899024851620197, 0.0045798481442034245, 0.0008937562815845013, 0.0005125191528350115, 0.0007218911778181791, 0.0006880576256662607, 0.0005921406554989517, 0.0004800671595148742, 0.00040444626938551664, 0.0004238812834955752, 0.00022799201542511582, 0.0001647306198719889, 0.00014442497922573239, 0.0002135278919013217, 0.0002912440977524966, 0.00045945687452331185, 0.00032287155045196414, 0.0004188867169432342, 0.0004294216341804713, 0.0002245071082143113, 0.000470406113890931, 9.194458107231185e-05, 0.00021421829296741635, 0.00012600605259649456, 8.381303632631898e-05, 0.00014518130046781152, 0.00013054191367700696, 5.4680396715411916e-05, 6.284270784817636e-05, 3.1946314265951514e-05, 7.548570283688605e-05, 0.00018940289737656713, 4.70944942208007e-05, 0.00011603804887272418, 0.00010544573160586879, 0.00020292765111662447, 7.675160304643214e-05, 4.681715290644206e-05, 0.00012641321518458426, 0.00012505328049883246, 5.0229416956426576e-05, 1.8812668713508174e-05, 9.320658864453435e-05, 5.561173384194262e-05, 2.3532014893135056e-05, 2.1649124391842633e-05, 5.507115929503925e-05, 3.092850965913385e-05, 4.956276825396344e-05, 0.0001879210612969473, 0.00013556097110267729, 7.704541349085048e-05, 0.00011215872655157, 4.7132925828918815e-05, 1.337708454229869e-05, 1.6702237189747393e-05, 1.1191655175935011e-05, 9.695029802969657e-06, 9.051487722899765e-06, 8.604559297964443e-06, 9.533555385132786e-06, 1.2501325727498624e-05, 1.4607434422941878e-05, 1.3107156519254204e-05, 9.31934846448712e-06, 9.91248271020595e-06, 6.722205398546066e-06, 5.455856808112003e-06, 4.351390998635907e-06, 5.312567736837082e-06, 4.5495507947634906e-06, 5.346026227925904e-06, 6.8907115746696945e-06, 8.159484423231333e-06, 9.917140232573729e-06, 8.391396477236412e-06, 7.086423011060106e-06, 6.474650490417844e-06, 5.836571290274151e-06, 4.510430244408781e-06, 3.6437172639125492e-06, 3.6550950426317286e-06, 2.7143942133989185e-06, 3.247986796850455e-06, 5.229155704000732e-06, 3.946322976844385e-06, 3.934024789487012e-06, 4.389814421301708e-06, 5.258732016955037e-06, 3.7595509638777003e-06, 2.7631599550659303e-06, 2.616860683701816e-06, 1.964743432836258e-06, 1.0800426935020369e-06, 1.3626992085846723e-06, 1.087486225515022e-06, 8.428827413808904e-07, 6.467661819442583e-07, 6.955744424885779e-07, 4.1603894374020456e-07, 4.210551480809954e-07, 3.9248791949830775e-07, 3.335693747885671e-07, 3.039220644041052e-07, 2.0811906153994641e-07, 1.1806365307620581e-07, 1.3367989026846772e-07, 7.503231813643652e-08, 4.845492895810821e-08, 4.225433514193355e-08, 2.3372509261321284e-08, 4.407189280186685e-09, 1.6416642351080313e-11, 9.962148293796158e-12, 9.684286358946359e-12, 9.475959947269352e-12, 9.28076972911418e-12, 9.120427503506168e-12, 8.987975294583173e-12, 8.879358186220099e-12, 8.801463030616574e-12, 8.75359940782916e-12], "lowlevel.mfcc.mean": [-622.2241821289062, 92.56751251220703, -6.282791614532471, 35.6270637512207, 16.749486923217773, 18.300649642944336, 2.910578727722168, 20.688499450683594, 13.571695327758789, 5.840418338775635, 2.859283208847046, -0.5941125750541687, -8.39714527130127], "lowlevel.spectral_contrast_coeffs.mean": [-0.6422619819641113, -0.7675999999046326, -0.7803334593772888, -0.791891872882843, -0.7679685950279236, -0.7269309759140015], "lowlevel.spectral_contrast_coeffs.stdev": [0.07471085339784622, 0.07226110994815826, 0.05763909965753555, 0.0397879034280777, 0.031108632683753967, 0.03412966802716255], "lowlevel.spectral_contrast_valleys.mean": [-6.955317974090576, -7.296510696411133, -7.424859523773193, -7.369820594787598, -7.116073131561279, -9.970467567443848], "lowlevel.spectral_contrast_valleys.stdev": [0.9374589920043945, 0.5936077833175659, 0.4484899938106537, 0.391497403383255, 0.4553242027759552, 0.8011147975921631], "rhythm.beats_loudness_band_ratio.mean": [0.8790091276168823, 0.020152227953076363, 0.025148486718535423, 0.020047064870595932, 0.03900723159313202, 0.021135514602065086], "rhythm.beats_loudness_band_ratio.stdev": [0.06801344454288483, 0.02018376998603344, 0.029299920424818993, 0.02032490447163582, 0.02977350354194641, 0.012221552431583405], "tonal.hpcp.mean": [0.4561529755592346, 0.32164743542671204, 0.0581863671541214, 0.039000898599624634, 0.04104519262909889, 0.07452040165662766, 0.1751387119293213, 0.1495785117149353, 0.03666476160287857, 0.0275214035063982, 0.03311467170715332, 0.05896101891994476, 0.12189534306526184, 0.12138625979423523, 0.07837343961000443, 0.10565534234046936, 0.11014904081821442, 0.08391840010881424, 0.13208186626434326, 0.13435713946819305, 0.07899071276187897, 0.137454554438591, 0.14922191202640533, 0.07337826490402222, 0.040430232882499695, 0.024418240413069725, 0.040524791926145554, 0.1034788191318512, 0.09431859105825424, 0.02990092523396015, 0.022290121763944626, 0.023680420592427254, 0.040502697229385376, 0.07925809174776077, 0.08041669428348541, 0.20138224959373474], "tonal.hpcp.stdev": [0.44822004437446594, 0.3327324688434601, 0.16876688599586487, 0.13683436810970306, 0.14734023809432983, 0.17691825330257416, 0.30870962142944336, 0.27960893511772156, 0.11725084483623505, 0.10087202489376068, 0.12497114390134811, 0.14198969304561615, 0.24599367380142212, 0.25297921895980835, 0.2046254426240921, 0.2264803797006607, 0.2374209612607956, 0.15685853362083435, 0.21791192889213562, 0.2390933334827423, 0.15197646617889404, 0.265093058347702, 0.2864803373813629, 0.16708609461784363, 0.11613286286592484, 0.08149626851081848, 0.11684290319681168, 0.22995899617671967, 0.22339597344398499, 0.10250573605298996, 0.08751828968524933, 0.09351958334445953, 0.1173158511519432, 0.18577264249324799, 0.16751429438591003, 0.2278991937637329], "rhythm.beats_position": [0.42956915497779846, 0.8823582530021667, 1.3467572927474976, 1.8227664232254028, 2.3103854656219482, 2.7863945960998535, 3.2624034881591797, 3.738412618637085, 4.21442174911499, 4.702040672302246, 5.178049564361572, 5.665668964385986, 6.1416778564453125, 6.617686748504639, 7.105306148529053, 7.581315040588379, 8.057324409484863, 8.544942855834961, 9.032562255859375, 9.49696159362793, 9.984580039978027, 10.472199440002441, 10.948208808898926, 11.424217224121094, 11.911836624145508, 12.387845993041992, 12.86385440826416, 13.351473808288574, 13.839092254638672, 14.303491592407227, 14.779500961303711, 15.255510330200195, 15.743128776550293, 16.23074722290039, 16.706756591796875, 17.18276596069336, 17.670385360717773, 18.146394729614258, 18.622404098510742, 19.110021591186523, 19.586030960083008, 20.062040328979492, 20.549659729003906, 21.02566909790039, 21.501678466796875, 21.989295959472656, 22.46530532836914, 22.941314697265625, 23.42893409729004, 23.916553497314453, 24.392560958862305, 24.86857032775879, 25.344579696655273, 25.820589065551758, 26.308208465576172, 26.784217834472656, 27.26022720336914, 27.747844696044922, 28.223854064941406, 28.69986343383789, 29.187482833862305, 29.65188217163086], "rhythm.bpm_histogram": [0.0, 0.0, 0.0, 0.0, 0.0, 0.0, 0.0, 0.0, 0.0, 0.0, 0.0, 0.0, 0.0, 0.0, 0.0, 0.0, 0.0, 0.0, 0.0, 0.0, 0.0, 0.0, 0.0, 0.0, 0.0, 0.0, 0.0, 0.0, 0.0, 0.0, 0.0, 0.0, 0.0, 0.0, 0.0, 0.0, 0.0, 0.0, 0.0, 0.0, 0.0, 0.0, 0.0, 0.0, 0.0, 0.0, 0.0, 0.0, 0.0, 0.0, 0.0, 0.0, 0.0, 0.0, 0.0, 0.0, 0.0, 0.0, 0.0, 0.0, 0.0, 0.0, 0.0, 0.0, 0.0, 0.0, 0.0, 0.0, 0.0, 0.0, 0.0, 0.0, 0.0, 0.0, 0.0, 0.0, 0.0, 0.0, 0.0, 0.0, 0.0, 0.0, 0.0, 0.0, 0.0, 0.0, 0.0, 0.0, 0.0, 0.0, 0.0, 0.0, 0.0, 0.0, 0.0, 0.0, 0.0, 0.0, 0.0, 0.0, 0.0, 0.0, 0.0, 0.0, 0.0, 0.0, 0.0, 0.0, 0.0, 0.0, 0.0, 0.0, 0.0, 0.0, 0.0, 0.0, 0.0, 0.0, 0.0, 0.0, 0.0, 0.0, 0.0, 0.3606557250022888, 0.0, 0.0, 0.5573770403862, 0.0, 0.0, 0.06557376682758331, 0.0, 0.0, 0.0, 0.016393441706895828, 0.0, 0.0, 0.0, 0.0, 0.0, 0.0, 0.0, 0.0, 0.0, 0.0, 0.0, 0.0, 0.0, 0.0, 0.0, 0.0, 0.0, 0.0, 0.0, 0.0, 0.0, 0.0, 0.0, 0.0, 0.0, 0.0, 0.0, 0.0, 0.0, 0.0, 0.0, 0.0, 0.0, 0.0, 0.0, 0.0, 0.0, 0.0, 0.0, 0.0, 0.0, 0.0, 0.0, 0.0, 0.0, 0.0, 0.0, 0.0, 0.0, 0.0, 0.0, 0.0, 0.0, 0.0, 0.0, 0.0, 0.0, 0.0, 0.0, 0.0, 0.0, 0.0, 0.0, 0.0, 0.0, 0.0, 0.0, 0.0, 0.0, 0.0, 0.0, 0.0, 0.0, 0.0, 0.0, 0.0, 0.0, 0.0, 0.0, 0.0, 0.0, 0.0, 0.0, 0.0, 0.0, 0.0, 0.0, 0.0, 0.0, 0.0, 0.0, 0.0, 0.0, 0.0, 0.0, 0.0, 0.0, 0.0, 0.0, 0.0, 0.0, 0.0, 0.0, 0.0, 0.0, 0.0, 0.0, 0.0, 0.0, 0.0, 0.0, 0.0, 0.0, 0.0, 0.0, 0.0], "tonal.chords_histogram": [5.092592716217041, 4.012345790863037, 34.567901611328125, 3.8580245971679688, 0.0, 30.092592239379883, 11.419753074645996, 0.0, 0.0, 0.0, 0.0, 0.0, 10.95678997039795, 0.0, 0.0, 0.0, 0.0, 0.0, 0.0, 0.0, 0.0, 0.0, 0.0, 0.0], "tonal.thpcp": [1.0, 0.7051306366920471, 0.1275588870048523, 0.085499607026577, 0.08998119831085205, 0.1633671224117279, 0.38394731283187866, 0.3279130458831787, 0.0803782120347023, 0.06033371388912201, 0.07259553670883179, 0.12925711274147034, 0.2672246992588043, 0.2661086618900299, 0.1718139350414276, 0.2316226065158844, 0.24147391319274902, 0.18396985530853271, 0.289556086063385, 0.2945440411567688, 0.1731671541929245, 0.30133435130119324, 0.3271313011646271, 0.16086328029632568, 0.08863306045532227, 0.05353081598877907, 0.08884035050868988, 0.22685113549232483, 0.2067696452140808, 0.06555021554231644, 0.04886545240879059, 0.05191333219408989, 0.08879191428422928, 0.17375332117080688, 0.1762932538986206, 0.4414796233177185], "lowlevel.gfcc.cov": [[2252.379150390625, 53.215431213378906, 593.55419921875, 183.61892700195312, -11.44909381866455, 121.39408874511719, -38.258094787597656, 38.032020568847656, -45.32234573364258, 108.1394271850586, -33.18305206298828, 81.79064178466797, -141.28480529785156], [53.215431213378906, 1278.379150390625, 212.74594116210938, 178.5762939453125, 319.8404235839844, -60.077335357666016, 244.11293029785156, -83.64962005615234, 115.07273864746094, -118.2532958984375, 104.8908920288086, -151.3058319091797, 25.895729064941406], [593.55419921875, 212.74594116210938, 491.1802062988281, 243.66819763183594, 156.39071655273438, 72.35443878173828, 22.11159896850586, 19.027193069458008, -23.35709571838379, 16.918825149536133, 25.690696716308594, 17.20313835144043, -36.55204772949219], [183.61892700195312, 178.5762939453125, 243.66819763183594, 356.4647521972656, 164.32965087890625, 53.8134765625, 41.12762451171875, 9.630962371826172, 6.746700286865234, -50.938751220703125, 49.941436767578125, -38.37746810913086, 25.83706283569336], [-11.44909381866455, 319.8404235839844, 156.39071655273438, 164.32965087890625, 357.95086669921875, 78.63419342041016, 146.02548217773438, 48.28076171875, 36.327117919921875, -38.325557708740234, 14.358680725097656, -42.335296630859375, 5.132434368133545], [121.39408874511719, -60.077335357666016, 72.35443878173828, 53.8134765625, 78.63419342041016, 186.9300079345703, 105.6170883178711, 58.013160705566406, 22.340274810791016, 28.1165771484375, -8.242431640625, -12.198705673217773, -21.66817283630371], [-38.258094787597656, 244.11293029785156, 22.11159896850586, 41.12762451171875, 146.02548217773438, 105.6170883178711, 222.70486450195312, 44.21394729614258, 72.05787658691406, 5.349911212921143, 6.8400444984436035, -46.54743194580078, -5.356967926025391], [38.032020568847656, -83.64962005615234, 19.027193069458008, 9.630962371826172, 48.28076171875, 58.013160705566406, 44.21394729614258, 114.97776794433594, 44.91438674926758, 29.606117248535156, -14.710220336914062, 4.4380035400390625, -14.867060661315918], [-45.32234573364258, 115.07273864746094, -23.35709571838379, 6.746700286865234, 36.327117919921875, 22.340274810791016, 72.05787658691406, 44.91438674926758, 102.75364685058594, 21.93353271484375, 16.229272842407227, -26.494400024414062, -0.38260698318481445], [108.1394271850586, -118.2532958984375, 16.918825149536133, -50.938751220703125, -38.325557708740234, 28.1165771484375, 5.349911212921143, 29.606117248535156, 21.93353271484375, 103.81079864501953, 10.29967212677002, 29.069995880126953, -23.52056884765625], [-33.18305206298828, 104.8908920288086, 25.690696716308594, 49.941436767578125, 14.358680725097656, -8.242431640625, 6.8400444984436035, -14.710220336914062, 16.229272842407227, 10.29967212677002, 85.38123321533203, 9.436647415161133, 25.396282196044922], [81.79064178466797, -151.3058319091797, 17.20313835144043, -38.37746810913086, -42.335296630859375, -12.198705673217773, -46.54743194580078, 4.4380035400390625, -26.494400024414062, 29.069995880126953, 9.436647415161133, 84.13164520263672, 8.069868087768555], [-141.28480529785156, 25.895729064941406, -36.55204772949219, 25.83706283569336, 5.132434368133545, -21.66817283630371, -5.356967926025391, -14.867060661315918, -0.38260698318481445, -23.52056884765625, 25.396282196044922, 8.069868087768555, 74.35472869873047]], "lowlevel.gfcc.icov": [[0.0008710709516890347, -0.0004925380344502628, -0.0006309524178504944, -0.000483313255244866, 0.0006477066781371832, -0.0006384911830537021, 0.00045109225902706385, -0.0001902382937259972, 0.0001712619123281911, -0.0007328159990720451, 0.0010768347419798374, -0.0012391426134854555, 0.0009839166887104511], [-0.0004925380344502628, 0.004135537892580032, -0.002652117982506752, 0.0025181418750435114, -0.00179238838609308, 0.0037734988145530224, -0.0039057510439306498, 0.003077117493376136, -0.003239999758079648, 0.004107191693037748, -0.0046803937293589115, 0.005078829359263182, -0.0006677562487311661], [-0.0006309524178504944, -0.002652117982506752, 0.007263132371008396, -0.004689037799835205, -0.000545246060937643, -0.002444146666675806, 0.002743932418525219, -0.001521435217000544, 0.0033429590985178947, -0.004134386777877808, 0.0026035355404019356, -0.004860425367951393, 0.0024910960346460342], [-0.000483313255244866, 0.0025181418750435114, -0.004689037799835205, 0.008635707199573517, -0.002139095216989517, 0.0008807160775177181, -0.001058070920407772, 0.0008296732557937503, -0.0022106035612523556, 0.005580313503742218, -0.006216167472302914, 0.006723599508404732, -0.0034599655773490667], [0.0006477066781371832, -0.00179238838609308, -0.000545246060937643, -0.002139095216989517, 0.006473285146057606, -0.001269141212105751, -0.001606365549378097, -0.0030963777098804712, 0.0019187584985047579, 7.076284236973152e-05, 0.0020021817181259394, -0.002047816291451454, 0.00034937344025820494], [-0.0006384911830537021, 0.0037734988145530224, -0.002444146666675806, 0.0008807160775177181, -0.001269141212105751, 0.013070151209831238, -0.00835460890084505, -0.0005447777220979333, 8.804602839518338e-05, 0.0013706274330615997, -0.0033991639502346516, 0.004886280279606581, 0.00021533644758164883], [0.00045109225902706385, -0.0039057510439306498, 0.002743932418525219, -0.001058070920407772, -0.001606365549378097, -0.00835460890084505, 0.014249840751290321, -0.0015635625459253788, -0.0020736323203891516, -0.00379169755615294, 0.003921518102288246, -0.0023453000467270613, 2.921636405517347e-05], [-0.0001902382937259972, 0.003077117493376136, -0.001521435217000544, 0.0008296732557937503, -0.0030963777098804712, -0.0005447777220979333, -0.0015635625459253788, 0.01719583198428154, -0.009622073732316494, 0.0007531530573032796, 0.0012516732094809413, -0.0005012280307710171, 0.0007268316112458706], [0.0001712619123281911, -0.003239999758079648, 0.0033429590985178947, -0.0022106035612523556, 0.0019187584985047579, 8.804602839518338e-05, -0.0020736323203891516, -0.009622073732316494, 0.02144083008170128, -0.0070488848723471165, -0.0008032711339183152, 0.0019667523447424173, -0.00037328869802877307], [-0.0007328159990720451, 0.004107191693037748, -0.004134386777877808, 0.005580313503742218, 7.076284236973152e-05, 0.0013706274330615997, -0.00379169755615294, 0.0007531530573032796, -0.0070488848723471165, 0.020958542823791504, -0.008984708227217197, 0.0008403974934481084, 0.00304867560043931], [0.0010768347419798374, -0.0046803937293589115, 0.0026035355404019356, -0.006216167472302914, 0.0020021817181259394, -0.0033991639502346516, 0.003921518102288246, 0.0012516732094809413, -0.0008032711339183152, -0.008984708227217197, 0.023229291662573814, -0.009659869596362114, -0.0032118402887135744], [-0.0012391426134854555, 0.005078829359263182, -0.004860425367951393, 0.006723599508404732, -0.002047816291451454, 0.004886280279606581, -0.0023453000467270613, -0.0005012280307710171, 0.0019667523447424173, 0.0008403974934481084, -0.009659869596362114, 0.026765188202261925, -0.006882476154714823], [0.0009839166887104511, -0.0006677562487311661, 0.0024910960346460342, -0.0034599655773490667, 0.00034937344025820494, 0.00021533644758164883, 2.921636405517347e-05, 0.0007268316112458706, -0.00037328869802877307, 0.00304867560043931, -0.0032118402887135744, -0.006882476154714823, 0.020970596000552177]], "lowlevel.mfcc.cov": [[1933.081298828125, -64.42444610595703, 455.18585205078125, 109.3998031616211, 76.13953399658203, 82.04608917236328, -4.998398780822754, 0.015526513569056988, -46.822731018066406, -33.33608627319336, 66.1653060913086, 40.74547576904297, 16.343299865722656], [-64.42444610595703, 1045.3060302734375, -0.702317476272583, 233.7117919921875, 75.33971405029297, 101.71110534667969, 95.1239013671875, 74.54773712158203, 34.5351448059082, 43.235862731933594, 39.57258224487305, 25.585695266723633, 25.204835891723633], [455.18585205078125, -0.702317476272583, 371.1186218261719, 133.36550903320312, 88.10586547851562, 50.37572479248047, 28.36187744140625, 1.839910864830017, -39.80177307128906, -12.239377975463867, -3.4996418952941895, 29.377233505249023, 18.870464324951172], [109.3998031616211, 233.7117919921875, 133.36550903320312, 316.0444030761719, 162.32237243652344, 48.609642028808594, 71.0623550415039, 47.351036071777344, 5.754150867462158, 12.804509162902832, -32.604339599609375, 3.8461713790893555, 19.67454719543457], [76.13953399658203, 75.33971405029297, 88.10586547851562, 162.32237243652344, 217.57411193847656, 41.53868865966797, 74.34639739990234, 53.268611907958984, 19.802528381347656, 17.928560256958008, -22.344194412231445, 8.135453224182129, 5.387650966644287], [82.04608917236328, 101.71110534667969, 50.37572479248047, 48.609642028808594, 41.53868865966797, 148.12457275390625, 97.64901733398438, 49.41407775878906, 43.41456604003906, 28.2664737701416, 38.38496017456055, 15.394909858703613, 10.07060718536377], [-4.998398780822754, 95.1239013671875, 28.36187744140625, 71.0623550415039, 74.34639739990234, 97.64901733398438, 151.1133270263672, 67.6279296875, 49.466400146484375, 29.520156860351562, 26.316390991210938, 16.427759170532227, 10.102506637573242], [0.015526513569056988, 74.54773712158203, 1.839910864830017, 47.351036071777344, 53.268611907958984, 49.41407775878906, 67.6279296875, 110.24544525146484, 62.32582473754883, 35.83271026611328, 17.345380783081055, 12.340879440307617, 5.30311393737793], [-46.822731018066406, 34.5351448059082, -39.80177307128906, 5.754150867462158, 19.802528381347656, 43.41456604003906, 49.466400146484375, 62.32582473754883, 119.7132797241211, 60.56250762939453, 31.512805938720703, 10.314387321472168, 12.445025444030762], [-33.33608627319336, 43.235862731933594, -12.239377975463867, 12.804509162902832, 17.928560256958008, 28.2664737701416, 29.520156860351562, 35.83271026611328, 60.56250762939453, 89.71314239501953, 42.08488845825195, 18.024059295654297, 6.607349395751953], [66.1653060913086, 39.57258224487305, -3.4996418952941895, -32.604339599609375, -22.344194412231445, 38.38496017456055, 26.316390991210938, 17.345380783081055, 31.512805938720703, 42.08488845825195, 92.60731506347656, 37.69369125366211, 13.569418907165527], [40.74547576904297, 25.585695266723633, 29.377233505249023, 3.8461713790893555, 8.135453224182129, 15.394909858703613, 16.427759170532227, 12.340879440307617, 10.314387321472168, 18.024059295654297, 37.69369125366211, 68.56745910644531, 28.716428756713867], [16.343299865722656, 25.204835891723633, 18.870464324951172, 19.67454719543457, 5.387650966644287, 10.07060718536377, 10.102506637573242, 5.30311393737793, 12.445025444030762, 6.607349395751953, 13.569418907165527, 28.716428756713867, 59.13749313354492]], "lowlevel.mfcc.icov": [[0.0008124773157760501, 6.703949475195259e-05, -0.0009810581104829907, -5.983485607430339e-05, -0.00014664666377939284, -0.00026705849450081587, 0.0005907378508709371, -0.00017898157238960266, -0.0001479198836022988, 0.0006968431989662349, -0.001129695912823081, 0.00029182498110458255, 0.0001245984749402851], [6.703949475195259e-05, 0.0013327316846698523, 0.00043058310984633863, -0.0013612259645015001, 0.00043067269143648446, -0.0006122229970060289, 0.00011073414498241618, -0.0004025590606033802, 0.00038083287654444575, -1.197862275148509e-05, -0.0007377557340078056, -0.0001510693837190047, -2.503826362953987e-05], [-0.0009810581104829907, 0.00043058310984633863, 0.005150513723492622, -0.0016128194984048605, -0.00044504852849058807, -0.0014966691378504038, 6.381070124916732e-05, 0.0003333665954414755, 0.0019471172709017992, -0.0006173241417855024, 0.0010294795501977205, -0.0019017746672034264, -0.0004182261764071882], [-5.983485607430339e-05, -0.0013612259645015001, -0.0016128194984048605, 0.007441244553774595, -0.003695127787068486, 0.00020191300427541137, -0.0008930735639296472, -0.00040059894672594965, 0.0006480757729150355, -0.0013273872900754213, 0.0027825923170894384, 0.0010622943518683314, -0.0020159457344561815], [-0.00014664666377939284, 0.00043067269143648446, -0.00044504852849058807, -0.003695127787068486, 0.009038576856255531, 0.0005277065210975707, -0.0026778136380016804, -0.0015627543907612562, 6.246017437661067e-05, -0.0013273595832288265, 0.0026644656900316477, -0.001571183674968779, 0.001199332415126264], [-0.00026705849450081587, -0.0006122229970060289, -0.0014966691378504038, 0.00020191300427541137, 0.0005277065210975707, 0.013834848999977112, -0.007661802228540182, -0.00022578073549084365, -0.0018017919501289725, 0.000498586508911103, -0.003195788711309433, 0.0016530104912817478, -7.569373701699078e-05], [0.0005907378508709371, 0.00011073414498241618, 6.381070124916732e-05, -0.0008930735639296472, -0.0026778136380016804, -0.007661802228540182, 0.015476851724088192, -0.00400185864418745, -0.0010059800697490573, 0.0014887902652844787, -0.0020588093902915716, -0.00045674602733924985, 6.94978516548872e-05], [-0.00017898157238960266, -0.0004025590606033802, 0.0003333665954414755, -0.00040059894672594965, -0.0015627543907612562, -0.00022578073549084365, -0.00400185864418745, 0.0166238434612751, -0.006470188964158297, -0.0004907101392745972, 0.0007778892177157104, -0.0016898985486477613, 0.0016801980091258883], [-0.0001479198836022988, 0.00038083287654444575, 0.0019471172709017992, 0.0006480757729150355, 6.246017437661067e-05, -0.0018017919501289725, -0.0010059800697490573, -0.006470188964158297, 0.017883678898215294, -0.008882605470716953, 0.0001995646016439423, 0.0019493328873068094, -0.003668560180813074], [0.0006968431989662349, -1.197862275148509e-05, -0.0006173241417855024, -0.0013273872900754213, -0.0013273595832288265, 0.000498586508911103, 0.0014887902652844787, -0.0004907101392745972, -0.008882605470716953, 0.021314335986971855, -0.00850130058825016, -0.0007595699862577021, 0.0020841772202402353], [-0.001129695912823081, -0.0007377557340078056, 0.0010294795501977205, 0.0027825923170894384, 0.0026644656900316477, -0.003195788711309433, -0.0020588093902915716, 0.0007778892177157104, 0.0001995646016439423, -0.00850130058825016, 0.0229287501424551, -0.009357132017612457, 0.00014623967581428587], [0.00029182498110458255, -0.0001510693837190047, -0.0019017746672034264, 0.0010622943518683314, -0.001571183674968779, 0.0016530104912817478, -0.00045674602733924985, -0.0016898985486477613, 0.0019493328873068094, -0.0007595699862577021, -0.009357132017612457, 0.024604912847280502, -0.009797768667340279], [0.0001245984749402851, -2.503826362953987e-05, -0.0004182261764071882, -0.0020159457344561815, 0.001199332415126264, -7.569373701699078e-05, 6.94978516548872e-05, 0.0016801980091258883, -0.003668560180813074, 0.0020841772202402353, 0.0001