{"song_id": "1183672279956209774", "download": "https://cdn.discordapp.com/attachments/1135903449314238464/1183672279956209774/chirp.mp4?ex=65892fb7&amp", "lyrics": "(Chorus)\n\uaca8\uc6b8\ube44\uc758 \ub178\ub798\uac00 \ub4e4\ub824\uc640\n\ub0b4 \ub9c8\uc74c\uc744 \uc801\uc2dc\ub124\n\uc774\ubcc4\uc758 \uc544\ud514\ub3c4 \uc124\ub818\ub3c4\n\ubaa8\ub450 \ub2e4 \ud568\uaed8  \ub370\ub824\uac00", "style": ["POP</span><span>, Acoustic</span><span>, Classic</span><span>, Symphony</span><span>,"], "essentia_features": {"lowlevel.average_loudness": 0.8528538942337036, "lowlevel.barkbands_crest.mean": 14.223697662353516, "lowlevel.barkbands_crest.stdev": 5.20105504989624, "lowlevel.barkbands_flatness_db.mean": 0.2917419970035553, "lowlevel.barkbands_flatness_db.stdev": 0.09840723872184753, "lowlevel.barkbands_kurtosis.mean": 18.979034423828125, "lowlevel.barkbands_kurtosis.stdev": 27.92322540283203, "lowlevel.barkbands_skewness.mean": 2.661329746246338, "lowlevel.barkbands_skewness.stdev": 2.1945486068725586, "lowlevel.barkbands_spread.mean": 7.584626197814941, "lowlevel.barkbands_spread.stdev": 12.684529304504395, "lowlevel.dissonance.mean": 0.3871258497238159, "lowlevel.dissonance.stdev": 0.06318167597055435, "lowlevel.dynamic_complexity": 2.9164929389953613, "lowlevel.erbbands_crest.mean": 12.260669708251953, "lowlevel.erbbands_crest.stdev": 4.784001350402832, "lowlevel.erbbands_flatness_db.mean": 0.24915440380573273, "lowlevel.erbbands_flatness_db.stdev": 0.08773312717676163, "lowlevel.erbbands_kurtosis.mean": 4.44423246383667, "lowlevel.erbbands_kurtosis.stdev": 6.404843330383301, "lowlevel.erbbands_skewness.mean": 1.167441487312317, "lowlevel.erbbands_skewness.stdev": 1.1524509191513062, "lowlevel.erbbands_spread.mean": 23.248497009277344, "lowlevel.erbbands_spread.stdev": 20.942861557006836, "lowlevel.hfc.mean": 14.336896896362305, "lowlevel.hfc.stdev": 12.804731369018555, "lowlevel.loudness_ebu128.integrated": -11.369111061096191, "lowlevel.loudness_ebu128.loudness_range": 4.691717147827148, "lowlevel.loudness_ebu128.momentary.mean": -12.592658042907715, "lowlevel.loudness_ebu128.momentary.stdev": 5.090059757232666, "lowlevel.loudness_ebu128.short_term.mean": -11.90019416809082, "lowlevel.loudness_ebu128.short_term.stdev": 2.423818826675415, "lowlevel.melbands_crest.mean": 16.874080657958984, "lowlevel.melbands_crest.stdev": 5.158459186553955, "lowlevel.melbands_flatness_db.mean": 0.3863002061843872, "lowlevel.melbands_flatness_db.stdev": 0.12372986227273941, "lowlevel.melbands_kurtosis.mean": 28.672752380371094, "lowlevel.melbands_kurtosis.stdev": 46.896514892578125, "lowlevel.melbands_skewness.mean": 3.0675387382507324, "lowlevel.melbands_skewness.stdev": 2.444577932357788, "lowlevel.melbands_spread.mean": 8.516629219055176, "lowlevel.melbands_spread.stdev": 16.57713508605957, "lowlevel.pitch_salience.mean": 0.474860280752182, "lowlevel.pitch_salience.stdev": 0.14318698644638062, "lowlevel.silence_rate_20dB.mean": 1.0, "lowlevel.silence_rate_20dB.stdev": 0.0, "lowlevel.silence_rate_30dB.mean": 0.9448868632316589, "lowlevel.silence_rate_30dB.stdev": 0.228199303150177, "lowlevel.silence_rate_60dB.mean": 0.03331936150789261, "lowlevel.silence_rate_60dB.stdev": 0.1794702112674713, "lowlevel.spectral_centroid.mean": 506.52227783203125, "lowlevel.spectral_centroid.stdev": 510.33453369140625, "lowlevel.spectral_complexity.mean": 9.197610855102539, "lowlevel.spectral_complexity.stdev": 5.064309597015381, "lowlevel.spectral_decrease.mean": -1.1191157334167201e-08, "lowlevel.spectral_decrease.stdev": 9.277534296359136e-09, "lowlevel.spectral_energy.mean": 0.04353829100728035, "lowlevel.spectral_energy.stdev": 0.035423796623945236, "lowlevel.spectral_energyband_high.mean": 0.00028554495656862855, "lowlevel.spectral_energyband_high.stdev": 0.0008682234911248088, "lowlevel.spectral_energyband_low.mean": 0.019548173993825912, "lowlevel.spectral_energyband_low.stdev": 0.03436955437064171, "lowlevel.spectral_energyband_middle_high.mean": 0.0026765333022922277, "lowlevel.spectral_energyband_middle_high.stdev": 0.005557954777032137, "lowlevel.spectral_energyband_middle_low.mean": 0.022152723744511604, "lowlevel.spectral_energyband_middle_low.stdev": 0.017458396032452583, "lowlevel.spectral_entropy.mean": 6.221336364746094, "lowlevel.spectral_entropy.stdev": 0.8373927474021912, "lowlevel.spectral_flux.mean": 0.06671032309532166, "lowlevel.spectral_flux.stdev": 0.06612079590559006, "lowlevel.spectral_kurtosis.mean": 41.98905563354492, "lowlevel.spectral_kurtosis.stdev": 70.9820785522461, "lowlevel.spectral_rms.mean": 0.005980481393635273, "lowlevel.spectral_rms.stdev": 0.0025904246140271425, "lowlevel.spectral_rolloff.mean": 665.4091186523438, "lowlevel.spectral_rolloff.stdev": 1335.7132568359375, "lowlevel.spectral_skewness.mean": 4.173673629760742, "lowlevel.spectral_skewness.stdev": 3.05184006690979, "lowlevel.spectral_spread.mean": 3802763.5, "lowlevel.spectral_spread.stdev": 2378582.0, "lowlevel.spectral_strongpeak.mean": 1.1170068979263306, "lowlevel.spectral_strongpeak.stdev": 1.0651671886444092, "lowlevel.zerocrossingrate.mean": 0.028375258669257164, "lowlevel.zerocrossingrate.stdev": 0.04006678983569145, "metadata.audio_properties.analysis.equal_loudness": 0.0, "metadata.audio_properties.analysis.length": 110.76161193847656, "metadata.audio_properties.analysis.sample_rate": 44100.0, "metadata.audio_properties.analysis.start_time": 0.0, "metadata.audio_properties.bit_rate": 123491.0, "metadata.audio_properties.length": 110.76266479492188, "metadata.audio_properties.lossless": 0.0, "metadata.audio_properties.number_channels": 1.0, "metadata.audio_properties.replay_gain": -14.549022674560547, "metadata.audio_properties.sample_rate": 48000.0, "rhythm.beats_count": 252.0, "rhythm.beats_loudness.mean": 0.05580201745033264, "rhythm.beats_loudness.stdev": 0.04493316262960434, "rhythm.bpm": 138.38230895996094, "rhythm.bpm_histogram_first_peak_bpm": 140.0, "rhythm.bpm_histogram_first_peak_weight": 0.4292452931404114, "rhythm.bpm_histogram_second_peak_bpm": 133.0, "rhythm.bpm_histogram_second_peak_spread": 0.4054054021835327, "rhythm.bpm_histogram_second_peak_weight": 0.087649405002594, "rhythm.danceability": 1.089223027229309, "rhythm.onset_rate": 3.4572277069091797, "tonal.chords_changes_rate": 0.04608295112848282, "tonal.chords_number_rate": 0.0033514872193336487, "tonal.chords_strength.mean": 0.4761483669281006, "tonal.chords_strength.stdev": 0.09894461929798126, "tonal.hpcp_crest.mean": 16.97495460510254, "tonal.hpcp_crest.stdev": 7.4263787269592285, "tonal.hpcp_entropy.mean": 1.5204380750656128, "tonal.hpcp_entropy.stdev": 0.65358966588974, "tonal.key_edma.strength": 0.8085335493087769, "tonal.key_krumhansl.strength": 0.8094874620437622, "tonal.key_temperley.strength": 0.8102277517318726, "tonal.tuning_diatonic_strength": 0.6276587247848511, "tonal.tuning_equal_tempered_deviation": 0.018653947860002518, "tonal.tuning_frequency": 439.2381896972656, "tonal.tuning_nontempered_energy_ratio": 0.6142892241477966, "lowlevel.barkbands.mean": [9.430789941689e-05, 0.013619113713502884, 0.004851568024605513, 0.0028716381639242172, 0.010682827793061733, 0.0024232661817222834, 0.0021203055512160063, 0.002598447259515524, 0.00116602866910398, 0.0009925850899890065, 0.0005707165692001581, 0.00024777575163170695, 0.0002555802057031542, 0.0002829092845786363, 0.00016977591440081596, 0.00010560315422480926, 8.733560389373451e-05, 4.418486059876159e-05, 5.1556784455897287e-05, 3.302226832602173e-05, 2.937851968454197e-05, 5.054158827988431e-05, 5.433012847788632e-05, 4.9142759962705895e-05, 7.068601553328335e-05, 1.4990212548582349e-05, 6.305166948550323e-07], "lowlevel.barkbands.stdev": [0.0003046954225283116, 0.02840101718902588, 0.010669711977243423, 0.005785714369267225, 0.012111724354326725, 0.0038497725035995245, 0.0035299977753311396, 0.006457804702222347, 0.0030578526202589273, 0.0028691934421658516, 0.002392723923549056, 0.000956114090513438, 0.0009296484640799463, 0.001253378577530384, 0.0006466959021054208, 0.00035746110370382667, 0.00022997779888100922, 0.00016746079199947417, 0.00037657926441170275, 0.00014721897605340928, 0.00012414410593919456, 0.00016298185801133513, 0.00015565345529466867, 0.000192910767509602, 0.00025902644847519696, 4.629752947948873e-05, 2.8039453354722355e-06], "lowlevel.erbbands.mean": [0.2575942873954773, 3.4676122665405273, 6.748895645141602, 7.048618793487549, 24.900009155273438, 37.22278594970703, 27.268686294555664, 19.84907341003418, 22.949617385864258, 43.90705108642578, 54.09841537475586, 34.20269775390625, 20.73653221130371, 33.71522521972656, 22.743532180786133, 11.164348602294922, 11.557793617248535, 16.645854949951172, 10.469087600708008, 6.563349723815918, 5.518540859222412, 4.404113292694092, 2.9126946926116943, 2.2358973026275635, 2.485524892807007, 1.583282232284546, 1.277359962463379, 1.1576086282730103, 1.59954833984375, 2.242419719696045, 1.3244351148605347, 0.7998164296150208, 1.0154845714569092, 0.9977129101753235, 0.36796435713768005, 0.1042114794254303, 0.019404228776693344, 0.0023103097919374704, 0.00012113372213207185, 5.21243637194857e-05], "lowlevel.erbbands.stdev": [0.6451703906059265, 7.13194465637207, 13.097297668457031, 14.785538673400879, 36.6325798034668, 51.37754821777344, 47.255767822265625, 27.179628372192383, 32.742431640625, 88.15312957763672, 140.3591766357422, 74.8287582397461, 58.95679473876953, 116.34101104736328, 92.08346557617188, 41.17393493652344, 39.44662857055664, 68.94049072265625, 36.95454788208008, 20.525768280029297, 17.43618392944336, 11.805885314941406, 9.587675094604492, 13.156637191772461, 17.253698348999023, 7.096795558929443, 5.492424011230469, 4.783743858337402, 5.618051052093506, 6.3608198165893555, 3.9593117237091064, 3.1501052379608154, 4.090570449829102, 3.8602828979492188, 1.2573652267456055, 0.3259676396846771, 0.058348074555397034, 0.007683267816901207, 0.0004705406026914716, 4.171161708654836e-05], "lowlevel.gfcc.mean": [-90.44632720947266, 146.4716339111328, -70.12419891357422, -0.1976359635591507, -61.82775115966797, 3.3324477672576904, -52.3328742980957, 0.19046400487422943, -20.507726669311523, -10.795995712280273, -20.167348861694336, -3.0763022899627686, -7.292322158813477], "lowlevel.melbands.mean": [0.0031560782808810472, 0.003913753665983677, 0.0017667044885456562, 0.0023583651054650545, 0.0011165657779201865, 0.0004234271473251283, 0.000396449351683259, 0.0005010041641071439, 0.00042072785436175764, 0.00018147536320611835, 9.776563820196316e-05, 0.0001379885507049039, 7.171421020757407e-05, 4.0482136682840064e-05, 2.231776488770265e-05, 2.520358066249173e-05, 3.261934034526348e-05, 1.6359683286282234e-05, 1.1188303687958978e-05, 8.383893145946786e-06, 5.99310487814364e-06, 4.719686785392696e-06, 3.6325802739156643e-06, 1.8804017827278585e-06, 1.7464240045228507e-06, 2.103641236317344e-06, 1.3601786577055464e-06, 9.755414112078142e-07, 8.03627642653737e-07, 6.74668967803882e-07, 6.765777698092279e-07, 8.431685500909225e-07, 1.1128139476568322e-06, 1.3142528132448206e-06, 8.358337026947993e-07, 4.908720256935339e-07, 4.7510548029094934e-07, 6.404814030247508e-07, 8.703348726157856e-07, 8.447563004665426e-07], "lowlevel.melbands.stdev": [0.006943513173609972, 0.007134895771741867, 0.00277197384275496, 0.0029016484040766954, 0.0016936925239861012, 0.0005939234979450703, 0.0006040328880771995, 0.00108002545312047, 0.0010969400173053145, 0.0004330510855652392, 0.0002967200998682529, 0.0004885171074420214, 0.00028075953014194965, 0.00014591326180379838, 8.397842611884698e-05, 9.352144843433052e-05, 0.00014737692254129797, 6.005938121234067e-05, 4.224077201797627e-05, 2.8553469746839255e-05, 1.963471731869504e-05, 1.2766162399202585e-05, 1.1372491826477926e-05, 7.500299034290947e-06, 1.0822536751220468e-05, 1.703518137219362e-05, 7.162555448303465e-06, 4.41482916357927e-06, 3.5188700167054776e-06, 2.897090780606959e-06, 2.8798217499570455e-06, 3.297116336398176e-06, 3.4234481063322164e-06, 3.7230129237286747e-06, 2.442488721499103e-06, 1.9069365180257591e-06, 1.9379019704501843e-06, 2.610627916510566e-06, 3.6103258480579825e-06, 3.2238817766483407e-06], "lowlevel.melbands128.mean": [7.958897185744718e-05, 0.0013175748754292727, 0.00467520859092474, 0.006256242282688618, 0.004306965507566929, 0.002041291445493698, 0.0011278841411694884, 0.001689051161520183, 0.0026894831098616123, 0.0026402436196804047, 0.002078497316688299, 0.0014805927639827132, 0.0009372055646963418, 0.0005088489269837737, 0.0005512931384146214, 0.00028496721643023193, 0.00018641680071596056, 0.0004346726927906275, 0.0006912049720995128, 0.0004084098618477583, 0.0004892428405582905, 0.0004652417846955359, 0.0004889074480161071, 0.00024073179520200938, 0.0002895790385082364, 0.0001019915216602385, 6.297912477748469e-05, 0.00012385076843202114, 6.298271182458848e-05, 0.00021017249673604965, 0.00014071608893573284, 5.619499643216841e-05, 5.64686197321862e-05, 0.00011143421579618007, 3.2045834814198315e-05, 3.100939284195192e-05, 2.821776615746785e-05, 1.2828938452003058e-05, 2.7490154025144875e-05, 2.7336027415003628e-05, 2.3180857169791125e-05, 2.4000661142054014e-05, 3.569792534108274e-05, 4.230680497130379e-05, 9.831627721723635e-06, 1.4099605323281139e-05, 1.9566508854040876e-05, 1.2197707292216364e-05, 6.847155418654438e-06, 7.136211934266612e-06, 1.0200972610618919e-05, 8.122596227622125e-06, 4.770829946210142e-06, 6.206347279658075e-06, 6.129374924057629e-06, 3.6004646517540095e-06, 4.569258180708857e-06, 4.488072136155097e-06, 3.019947371285525e-06, 2.6360169158579083e-06, 1.7273918047067127e-06, 1.4265564232118777e-06, 1.4715584484292776e-06, 1.8975035800394835e-06, 2.1077696601423668e-06, 2.3040004180074902e-06, 2.0662610040744767e-06, 1.3999448356116773e-06, 1.2855020941060502e-06, 1.154069536823954e-06, 9.388547255184676e-07, 9.430508498553536e-07, 7.808476425452682e-07, 7.864095437071228e-07, 8.308571182169544e-07, 6.819731765972392e-07, 6.199239237503207e-07, 5.740908477491757e-07, 7.039806177999708e-07, 7.176392955443589e-07, 8.774536013334e-07, 8.368296562366595e-07, 9.126653139901464e-07, 1.1024020523109357e-06, 1.3457013210427249e-06, 1.3623421182273887e-06, 1.3177522077967296e-06, 1.1466648857094697e-06, 8.458655429421924e-07, 5.945738621448982e-07, 5.139004315424245e-07, 4.7035976535880764e-07, 4.2867341676355863e-07, 4.592956202031928e-07, 5.212544351707038e-07, 5.202024908612657e-07, 6.62214119984128e-07, 8.125046520035539e-07, 8.257518402388087e-07, 9.264859954782878e-07, 9.916390126818442e-07, 8.236787039095361e-07, 7.119988367776386e-07, 5.032671310800652e-07, 3.7009925790698617e-07, 3.012177103300928e-07, 2.6743103376247745e-07, 2.592702799120161e-07, 1.5867584579609684e-07, 1.0933883487496132e-07, 9.404588041661555e-08, 7.58538547529497e-08, 5.1792785171755895e-08, 3.632653289287191e-08, 2.6632157812400692e-08, 2.015751476847072e-08, 1.3970980816679912e-08, 8.39030711574651e-09, 3.0889664159872154e-09, 1.4582761664883037e-09, 1.0078011758452021e-09, 2.418328592934671e-10, 9.198295770895815e-12, 8.195051408310672e-12, 7.399887126668947e-12, 6.127686032197932e-12, 5.2607688171002476e-12, 5.114230219871452e-12], "lowlevel.melbands128.stdev": [0.00028975584427826107, 0.004235457628965378, 0.01135023683309555, 0.01312063354998827, 0.008493240922689438, 0.0047574471682310104, 0.0032529535237699747, 0.003145308466628194, 0.0048141987062990665, 0.004265254363417625, 0.0035479797516018152, 0.0029255279805511236, 0.0020945346914231777, 0.0011454197810962796, 0.0008991742506623268, 0.0005171713419258595, 0.00044707651250064373, 0.0008049298194237053, 0.0014340932248160243, 0.0010793866822496057, 0.0018561193719506264, 0.00139815011061728, 0.001700467662885785, 0.000902657164260745, 0.0007142494432628155, 0.0005226184148341417, 0.0003196357283741236, 0.0005083291325718164, 0.00025477304006926715, 0.0008368655689992011, 0.0006691203452646732, 0.0003485829511191696, 0.00029725965578109026, 0.0006144049111753702, 0.00016734398377593607, 0.00015254868776537478, 0.0001798891753423959, 7.48102756915614e-05, 0.00015027174958959222, 0.00012967926159035414, 0.00011164698662469164, 0.00017189173377119005, 0.00020672539540100843, 0.0002429366431897506, 5.008868174627423e-05, 8.56442711665295e-05, 0.00010394918353995308, 6.873819074826315e-05, 3.316075526527129e-05, 3.647294579423033e-05, 4.3250292947050184e-05, 3.8591548218391836e-05, 2.8014450435875915e-05, 2.409921398793813e-05, 2.0923906049574725e-05, 1.2480909390433226e-05, 1.779016020009294e-05, 1.5679705029469915e-05, 1.1531954442034476e-05, 9.746860996528994e-06, 7.887966603448149e-06, 7.723473572696093e-06, 8.044310561672319e-06, 1.3097557712171692e-05, 1.9402947145863436e-05, 2.1883433873881586e-05, 1.7162898075184785e-05, 8.388447895413265e-06, 6.754866717528785e-06, 5.909526407776866e-06, 4.887005161435809e-06, 4.4625712689594366e-06, 3.5720258892979473e-06, 3.714700596901821e-06, 4.183746568742208e-06, 3.0164437703206204e-06, 2.9091236228850903e-06, 2.628662969073048e-06, 3.248323764637462e-06, 3.1863810363574885e-06, 3.877316885336768e-06, 3.5163200209353818e-06, 3.220136022719089e-06, 3.7618622172885807e-06, 4.08982396038482e-06, 4.2093433876289055e-06, 4.161846391070867e-06, 3.376701670276816e-06, 2.5517824724374805e-06, 2.0934164695063373e-06, 2.084799689328065e-06, 1.943561073858291e-06, 2.026710717473179e-06, 2.041203742919606e-06, 2.1480427676578984e-06, 2.0790810140169924e-06, 2.951533360828762e-06, 3.7599024835799355e-06, 3.475970288491226e-06, 4.1225680433853995e-06, 4.1324328776681796e-06, 3.15335296363628e-06, 2.8317565465840744e-06, 2.0025167941639666e-06, 1.274552687391406e-06, 9.513154282103642e-07, 9.718473847897258e-07, 9.047663525052485e-07, 4.97583755532105e-07, 3.873395257869561e-07, 3.3352520745211223e-07, 2.3685589667366003e-07, 1.6167916783160763e-07, 1.2984530428639118e-07, 9.635926545570328e-08, 7.269915869301258e-08, 5.585177476064018e-08, 3.5265948383766954e-08, 2.1467727151502913e-08, 1.7251643669169425e-08, 1.2458307274698655e-08, 3.4835563322843655e-09, 6.403815672184621e-11, 4.982779466811138e-11, 3.645713245181703e-11, 1.833020193964252e-11, 9.058739001976956e-12, 8.726441444451005e-12], "lowlevel.mfcc.mean": [-749.9785766601562, 183.9219970703125, 41.86768341064453, 3.521165132522583, 11.143221855163574, -4.863588809967041, -16.756755828857422, -0.994820773601532, -1.5667610168457031, -11.190526962280273, -3.77280592918396, -10.974234580993652, -0.813021183013916], "lowlevel.spectral_contrast_coeffs.mean": [-0.5802785158157349, -0.6623643040657043, -0.7264378070831299, -0.7873442769050598, -0.7849463820457458, -0.8081347346305847], "lowlevel.spectral_contrast_coeffs.stdev": [0.11780699342489243, 0.07572577893733978, 0.08489827066659927, 0.060210276395082474, 0.05536744371056557, 0.05206859111785889], "lowlevel.spectral_contrast_valleys.mean": [-7.095276832580566, -7.194152355194092, -8.439805030822754, -8.982745170593262, -9.777527809143066, -11.667295455932617], "lowlevel.spectral_contrast_valleys.stdev": [1.3476499319076538, 1.058329463005066, 1.1042022705078125, 1.2549996376037598, 1.7305026054382324, 1.8815436363220215], "rhythm.beats_loudness_band_ratio.mean": [0.47126245498657227, 0.33721938729286194, 0.15486393868923187, 0.060183558613061905, 0.019803456962108612, 0.01810256950557232], "rhythm.beats_loudness_band_ratio.stdev": [0.3377872705459595, 0.2645350396633148, 0.17338338494300842, 0.11768469214439392, 0.03702479600906372, 0.059925880283117294], "tonal.hpcp.mean": [0.1773705929517746, 0.11827065050601959, 0.12873385846614838, 0.2432016283273697, 0.15165559947490692, 0.018779000267386436, 0.015049074776470661, 0.02073034457862377, 0.11570015549659729, 0.20917893946170807, 0.12423547357320786, 0.025430334731936455, 0.014747154898941517, 0.017984412610530853, 0.08464176207780838, 0.20682936906814575, 0.14643539488315582, 0.02287375181913376, 0.018611902371048927, 0.013751575723290443, 0.0355592705309391, 0.08188378810882568, 0.06434345245361328, 0.16353128850460052, 0.2777044475078583, 0.13592536747455597, 0.016075192019343376, 0.013556713238358498, 0.01912224106490612, 0.1344020664691925, 0.2212640792131424, 0.11297702044248581, 0.019731037318706512, 0.013807306997478008, 0.02239701710641384, 0.1002640649676323], "tonal.hpcp.stdev": [0.31126469373703003, 0.22836296260356903, 0.21200312674045563, 0.3636262118816376, 0.24186813831329346, 0.09835115820169449, 0.08728814125061035, 0.10679091513156891, 0.22082369029521942, 0.3386942744255066, 0.23283010721206665, 0.12075222283601761, 0.09026177227497101, 0.10367076843976974, 0.17153845727443695, 0.33009815216064453, 0.2612415552139282, 0.10485140979290009, 0.11368243396282196, 0.08167809993028641, 0.09930146485567093, 0.20891587436199188, 0.15439096093177795, 0.24169251322746277, 0.3763718008995056, 0.2050904482603073, 0.08797215670347214, 0.0807633250951767, 0.09732092171907425, 0.23808886110782623, 0.35397079586982727, 0.20230872929096222, 0.09534934163093567, 0.08535351604223251, 0.11295488476753235, 0.21197658777236938], "rhythm.beats_position": [0.4760090708732605, 0.9287981986999512, 1.369977355003357, 1.8111563920974731, 2.252335548400879, 2.693514585494995, 3.1230838298797607, 3.5526530742645264, 3.982222080230713, 4.423401355743408, 4.852970600128174, 5.282539367675781, 5.723718643188477, 6.153287887573242, 6.582857131958008, 7.012426376342773, 7.441995143890381, 7.883174419403076, 8.324353218078613, 8.765532493591309, 9.195101737976074, 9.62467098236084, 10.054240226745605, 10.4954195022583, 10.924988746643066, 11.354557991027832, 11.784127235412598, 12.213695526123047, 12.631654739379883, 13.061223983764648, 13.490793228149414, 13.93197250366211, 14.373151779174805, 14.8143310546875, 15.255510330200195, 15.685078620910645, 16.114648818969727, 16.555828094482422, 16.973787307739258, 17.414966583251953, 17.856143951416016, 18.28571319580078, 18.715282440185547, 19.156461715698242, 19.586030960083008, 20.015600204467773, 20.45677947998047, 20.886348724365234, 21.31591796875, 21.745487213134766, 22.17505645751953, 22.616235733032227, 23.034194946289062, 23.475374221801758, 23.916553497314453, 24.34612274169922, 24.775691986083984, 25.20526123046875, 25.634828567504883, 26.076007843017578, 26.517187118530273, 26.95836639404297, 27.387935638427734, 27.8175048828125, 28.258684158325195, 28.68825340270996, 29.117822647094727, 29.547391891479492, 29.976961135864258, 30.418140411376953, 30.84770965576172, 31.277278900146484, 31.71845817565918, 32.14802551269531, 32.57759475708008, 33.018775939941406, 33.44834518432617, 33.87791442871094, 34.319091796875, 34.748661041259766, 35.17823028564453, 35.6077995300293, 36.03736877441406, 36.47854995727539, 36.90811538696289, 37.337684631347656, 37.778865814208984, 38.20843505859375, 38.638004302978516, 39.07918167114258, 39.520362854003906, 39.93832015991211, 40.37950134277344, 40.8206787109375, 41.250247955322266, 41.67981719970703, 42.12099838256836, 42.550567626953125, 42.98013687133789, 43.42131423950195, 43.85088348388672, 44.280452728271484, 44.71002197265625, 45.139591217041016, 45.58076858520508, 46.010337829589844, 46.43990707397461, 46.88108825683594, 47.3106575012207, 47.74022674560547, 48.18140411376953, 48.6109733581543, 49.052154541015625, 49.48172378540039, 49.911293029785156, 50.34086227416992, 50.77043151855469, 51.21160888671875, 51.641178131103516, 52.07074737548828, 52.50031661987305, 52.94149398803711, 53.38267517089844, 53.8122444152832, 54.24181365966797, 54.68299102783203, 55.12417221069336, 55.553741455078125, 55.98331069946289, 56.412879943847656, 56.84244918823242, 57.283626556396484, 57.71319580078125, 58.142765045166016, 58.583946228027344, 59.01351547241211, 59.443084716796875, 59.872650146484375, 60.30221939086914, 60.74340057373047, 61.172969818115234, 61.6025390625, 62.04371643066406, 62.47328567504883, 62.914466857910156, 63.34403610229492, 63.785213470458984, 64.21478271484375, 64.64435577392578, 65.08553314208984, 65.50349426269531, 65.93305969238281, 66.36263275146484, 66.79219818115234, 67.22177124023438, 67.66294860839844, 68.09251403808594, 68.53369140625, 68.98648071289062, 69.41605377197266, 69.84561920166016, 70.28680419921875, 70.71636962890625, 71.14594268798828, 71.58712005615234, 72.03990936279297, 72.48108673095703, 72.93387603759766, 73.39827728271484, 73.85106658935547, 74.3038558959961, 74.74503326416016, 75.17459869384766, 75.60417175292969, 76.03373718261719, 76.47492218017578, 76.9277114868164, 77.38050079345703, 77.84489440917969, 78.29768371582031, 78.72725677490234, 79.15682220458984, 79.5979995727539, 80.01596069335938, 80.48036193847656, 80.94476318359375, 81.39755249023438, 81.86194610595703, 82.32634735107422, 82.7907485961914, 83.24353790283203, 83.70793151855469, 84.14911651611328, 84.59029388427734, 85.0314712524414, 85.47264862060547, 85.91383361816406, 86.34339904785156, 86.7729721069336, 87.2025375366211, 87.63211059570312, 88.07328796386719, 88.51446533203125, 88.96725463867188, 89.4200439453125, 89.86122131347656, 90.31401062011719, 90.76679992675781, 91.231201171875, 91.67237854003906, 92.13677978515625, 92.58956909179688, 93.05397033691406, 93.52997589111328, 93.99437713623047, 94.45877075195312, 94.91156005859375, 95.36434936523438, 95.82875061035156, 96.29315185546875, 96.74594116210938, 97.19873046875, 97.65151977539062, 98.10430908203125, 98.54548645019531, 98.97505187988281, 99.4162368774414, 99.85741424560547, 100.28697967529297, 100.72816467285156, 101.15773010253906, 101.5873031616211, 102.02848052978516, 102.45804595947266, 102.88761901855469, 103.32879638671875, 103.75836181640625, 104.19954681396484, 104.62911224365234, 105.05868530273438, 105.49986267089844, 105.9410400390625, 106.37061309814453, 106.8117904663086, 107.25296783447266, 107.69414520263672, 108.12371826171875, 108.54167938232422, 108.97124481201172, 109.37759399414062, 109.80716705322266, 110.2251205444336], "rhythm.bpm_histogram": [0.0, 0.0, 0.0, 0.0, 0.0, 0.0, 0.0, 0.0, 0.0, 0.0, 0.0, 0.0, 0.0, 0.0, 0.0, 0.0, 0.0, 0.0, 0.0, 0.0, 0.0, 0.0, 0.0, 0.0, 0.0, 0.0, 0.0, 0.0, 0.0, 0.0, 0.0, 0.0, 0.0, 0.0, 0.0, 0.0, 0.0, 0.0, 0.0, 0.0, 0.0, 0.0, 0.0, 0.0, 0.0, 0.0, 0.0, 0.0, 0.0, 0.0, 0.0, 0.0, 0.0, 0.0, 0.0, 0.0, 0.0, 0.0, 0.0, 0.0, 0.0, 0.0, 0.0, 0.0, 0.0, 0.0, 0.0, 0.0, 0.0, 0.0, 0.0, 0.0, 0.0, 0.0, 0.0, 0.0, 0.0, 0.0, 0.0, 0.0, 0.0, 0.0, 0.0, 0.0, 0.0, 0.0, 0.0, 0.0, 0.0, 0.0, 0.0, 0.0, 0.0, 0.0, 0.0, 0.0, 0.0, 0.0, 0.0, 0.0, 0.0, 0.0, 0.0, 0.0, 0.0, 0.0, 0.0, 0.0, 0.0, 0.0, 0.0, 0.0, 0.0, 0.0, 0.0, 0.0, 0.0, 0.0, 0.0, 0.0, 0.0, 0.0, 0.0, 0.0, 0.0, 0.0, 0.0039840638637542725, 0.0, 0.0, 0.05976095795631409, 0.0, 0.0, 0.0, 0.087649405002594, 0.0, 0.0, 0.3306773006916046, 0.0, 0.0, 0.0, 0.48207172751426697, 0.0, 0.0, 0.0, 0.03187251091003418, 0.0, 0.0, 0.0, 0.0039840638637542725, 0.0, 0.0, 0.0, 0.0, 0.0, 0.0, 0.0, 0.0, 0.0, 0.0, 0.0, 0.0, 0.0, 0.0, 0.0, 0.0, 0.0, 0.0, 0.0, 0.0, 0.0, 0.0, 0.0, 0.0, 0.0, 0.0, 0.0, 0.0, 0.0, 0.0, 0.0, 0.0, 0.0, 0.0, 0.0, 0.0, 0.0, 0.0, 0.0, 0.0, 0.0, 0.0, 0.0, 0.0, 0.0, 0.0, 0.0, 0.0, 0.0, 0.0, 0.0, 0.0, 0.0, 0.0, 0.0, 0.0, 0.0, 0.0, 0.0, 0.0, 0.0, 0.0, 0.0, 0.0, 0.0, 0.0, 0.0, 0.0, 0.0, 0.0, 0.0, 0.0, 0.0, 0.0, 0.0, 0.0, 0.0, 0.0, 0.0, 0.0, 0.0, 0.0, 0.0, 0.0, 0.0, 0.0, 0.0, 0.0, 0.0, 0.0, 0.0, 0.0, 0.0, 0.0, 0.0, 0.0, 0.0, 0.0, 0.0, 0.0, 0.0], "tonal.chords_histogram": [12.526183128356934, 6.954336166381836, 41.09761047363281, 4.90155029296875, 8.08546257019043, 0.20946794748306274, 1.2568076848983765, 0.0, 0.7121910452842712, 0.0, 0.7121910452842712, 0.0, 0.0, 0.0, 0.0, 0.0, 0.0, 0.0, 0.0, 0.7959781885147095, 0.12568077445030212, 4.147465229034424, 0.0, 18.475072860717773], "tonal.thpcp": [1.0, 0.4894605278968811, 0.057885970920324326, 0.04881705343723297, 0.06885824352502823, 0.48397520184516907, 0.7967610359191895, 0.40682467818260193, 0.0710504874587059, 0.0497194305062294, 0.08065055310726166, 0.3610459566116333, 0.6387027502059937, 0.42588678002357483, 0.46356427669525146, 0.8757570385932922, 0.5461043119430542, 0.06762225180864334, 0.054190974682569504, 0.07464894652366638, 0.4166305363178253, 0.7532430291175842, 0.44736579060554504, 0.09157337993383408, 0.05310377478599548, 0.06476098299026489, 0.30479079484939575, 0.7447823286056519, 0.5273066163063049, 0.08236724883317947, 0.06702054291963577, 0.04951874539256096, 0.1280471831560135, 0.29485946893692017, 0.23169758915901184, 0.5888680815696716], "lowlevel.gfcc.cov": [[14496.9375, -4895.6904296875, -780.1115112304688, 1507.819580078125, -1941.9530029296875, 1483.3690185546875, -1054.9788818359375, 382.2169494628906, -593.9707641601562, 577.7772216796875, -700.6444091796875, 7.432350158691406, -661.619140625], [-4895.6904296875, 5001.767578125, 770.5444946289062, -1141.7564697265625, 1459.5238037109375, -822.2258911132812, 1083.1033935546875, 116.40205383300781, 708.5581665039062, -512.6857299804688, 439.80413818359375, -192.55679321289062, 407.1426086425781], [-780.1115112304688, 770.5444946289062, 1169.8486328125, 435.79266357421875, 342.3374938964844, 201.24891662597656, 416.8565979003906, 168.55715942382812, 254.36557006835938, 60.719688415527344, 169.5394744873047, -41.77424240112305, 57.97580337524414], [1507.819580078125, -1141.7564697265625, 435.79266357421875, 1337.1031494140625, -36.35963821411133, 252.3617706298828, -74.59706115722656, 174.5638427734375, 73.19263458251953, 220.68905639648438, 0.005632214713841677, -11.954632759094238, -16.893404006958008], [-1941.9530029296875, 1459.5238037109375, 342.3374938964844, -36.35963821411133, 816.2390747070312, -208.61395263671875, 354.8573913574219, 81.52428436279297, 288.79541015625, -107.16460418701172, 185.59803771972656, -42.883296966552734, 163.8369598388672], [1483.3690185546875, -822.2258911132812, 201.24891662597656, 252.3617706298828, -208.61395263671875, 560.8916015625, -12.265775680541992, 43.37413787841797, -102.3729248046875, 175.4335174560547, -35.15748596191406, 16.55437660217285, -136.7316436767578], [-1054.9788818359375, 1083.1033935546875, 416.8565979003906, -74.59706115722656, 354.8573913574219, -12.265775680541992, 648.4091796875, 205.29798889160156, 202.79745483398438, -40.750885009765625, 175.47096252441406, -28.432621002197266, 86.07638549804688], [382.2169494628906, 116.40205383300781, 168.55715942382812, 174.5638427734375, 81.52428436279297, 43.37413787841797, 205.29798889160156, 287.7649841308594, 180.1125030517578, 10.96081256866455, 17.046476364135742, -12.45372200012207, 32.12078857421875], [-593.9707641601562, 708.5581665039062, 254.36557006835938, 73.19263458251953, 288.79541015625, -102.3729248046875, 202.79745483398438, 180.1125030517578, 391.3657531738281, -2.6971254348754883, 69.31336975097656, -46.5205078125, 117.01548767089844], [577.7772216796875, -512.6857299804688, 60.719688415527344, 220.68905639648438, -107.16460418701172, 175.4335174560547, -40.750885009765625, 10.96081256866455, -2.6971254348754883, 208.0983428955078, 17.495878219604492, -2.0017130374908447, -36.20539855957031], [-700.6444091796875, 439.80413818359375, 169.5394744873047, 0.005632214713841677, 185.59803771972656, -35.15748596191406, 175.47096252441406, 17.046476364135742, 69.31336975097656, 17.495878219604492, 183.7064971923828, 17.661144256591797, 55.78450393676758], [7.432350158691406, -192.55679321289062, -41.77424240112305, -11.954632759094238, -42.883296966552734, 16.55437660217285, -28.432621002197266, -12.45372200012207, -46.5205078125, -2.0017130374908447, 17.661144256591797, 119.11043548583984, 13.652364730834961], [-661.619140625, 407.1426086425781, 57.97580337524414, -16.893404006958008, 163.8369598388672, -136.7316436767578, 86.07638549804688, 32.12078857421875, 117.01548767089844, -36.20539855957031, 55.78450393676758, 13.652364730834961, 152.4993896484375]], "lowlevel.gfcc.icov": [[0.0002467049635015428, -0.0004127559077460319, 0.0003745282592717558, -0.00045241336920298636, 0.0005435417406260967, -0.0006519583985209465, 0.00043383921729400754, -0.0007159912493079901, 0.00030937755946069956, -0.0003682562673930079, 0.0004260172718204558, -0.00026002476806752384, 0.0002598577120807022], [-0.0004127559077460319, 0.002918793121352792, -0.0015810970216989517, 0.002244357019662857, -0.0023392646107822657, 0.002143919700756669, -0.0020369647536426783, 0.002207188867032528, -0.00200858898460865, 0.0029207097832113504, -0.002110219793394208, 0.0026941304095089436, -0.0008479816024191678], [0.0003745282592717558, -0.0015810970216989517, 0.0027034019585698843, -0.0019186092540621758, 0.0013232490746304393, -0.0023264670744538307, 0.00037505122600123286, -0.0008189662476070225, 0.0002209739323006943, -0.0008899324457161129, 0.0005914801731705666, -0.0011007768334820867, 0.0005604110774584115], [-0.00045241336920298636, 0.002244357019662857, -0.0019186092540621758, 0.0031140800565481186, -0.002161836251616478, 0.0019705623853951693, -0.0008665728382766247, 0.0007690282654948533, -0.0010322702582925558, 0.001020860392600298, -0.0016065359814092517, 0.0020876158960163593, -0.0010286640608683228], [0.0005435417406260967, -0.0023392646107822657, 0.0013232490746304393, -0.002161836251616478, 0.0047532483004033566, -0.00203422037884593, 0.0011543227592483163, -0.0013693779474124312, 0.00033826843718998134, -0.0009294949122704566, 0.00035475005279295146, -0.001387565629556775, 8.156635158229619e-05], [-0.0006519583985209465, 0.002143919700756669, -0.0023264670744538307, 0.0019705623853951693, -0.00203422037884593, 0.006073290482163429, -0.0020213439129292965, 0.0015306228306144476, -0.0005177261191420257, -0.000652219750918448, -0.000714607653208077, 0.0007173118647187948, 0.0014393165474757552], [0.00043383921729400754, -0.0020369647536426783, 0.00037505122600123286, -0.0008665728382766247, 0.0011543227592483163, -0.0020213439129292965, 0.0055069089867174625, -0.004698062781244516, 0.002156068105250597, -0.0016555459005758166, -0.0008415078045800328, -0.0008448943262919784, 0.00024669794947840273], [-0.0007159912493079901, 0.002207188867032528, -0.0008189662476070225, 0.0007690282654948533, -0.0013693779474124312, 0.0015306228306144476, -0.004698062781244516, 0.010369283147156239, -0.005353337153792381, 0.0032898918725550175, -0.00031239722738973796, 0.0007108979625627398, -0.00035189418122172356], [0.00030937755946069956, -0.00200858898460865, 0.0002209739323006943, -0.0010322702582925558, 0.00033826843718998134, -0.0005177261191420257, 0.002156068105250597, -0.005353337153792381, 0.007923869416117668, -0.003869597567245364, 0.0017977370880544186, -0.000145216632517986, -0.0020540414843708277], [-0.0003682562673930079, 0.0029207097832113504, -0.0008899324457161129, 0.001020860392600298, -0.0009294949122704566, -0.000652219750918448, -0.0016555459005758166, 0.0032898918725550175, -0.003869597567245364, 0.0120531115680933, -0.005275769159197807, 0.00381293473765254, -0.000869336596224457], [0.0004260172718204558, -0.002110219793394208, 0.0005914801731705666, -0.0016065359814092517, 0.00035475005279295146, -0.000714607653208077, -0.0008415078045800328, -0.00031239722738973796, 0.0017977370880544186, -0.005275769159197807, 0.012203463353216648, -0.004584297072142363, -8.737188909435645e-05], [-0.00026002476806752384, 0.0026941304095089436, -0.0011007768334820867, 0.0020876158960163593, -0.001387565629556775, 0.0007173118647187948, -0.0008448943262919784, 0.0007108979625627398, -0.000145216632517986, 0.00381293473765254, -0.004584297072142363, 0.012972698546946049, -0.003677893429994583], [0.0002598577120807022, -0.0008479816024191678, 0.0005604110774584115, -0.0010286640608683228, 8.156635158229619e-05, 0.0014393165474757552, 0.00024669794947840273, -0.00035189418122172356, -0.0020540414843708277, -0.000869336596224457, -8.737188909435645e-05, -0.003677893429994583, 0.012490404769778252]], "lowlevel.mfcc.cov": [[11791.154296875, -4710.1044921875, -311.9918518066406, -332.2984619140625, -300.14996337890625, 182.11636352539062, -150.79782104492188, -326.44293212890625, -205.51268005371094, 30.101730346679688, 298.3212585449219, -385.0192565917969, 76.11654663085938], [-4710.1044921875, 4590.1142578125, 125.80339813232422, -75.83576202392578, 149.28289794921875, -187.96493530273438, 187.28750610351562, 537.634033203125, 413.03082275390625, 248.9463653564453, 17.3082332611084, 329.62396240234375, -4.325620174407959], [-311.9918518066406, 125.80339813232422, 959.4903564453125, 381.8774108886719, 116.25310516357422, 205.4984588623047, 231.7915496826172, 167.3291015625, 160.69403076171875, 243.5140380859375, 18.932191848754883, 258.90533447265625, 86.86489868164062], [-332.2984619140625, -75.83576202392578, 381.8774108886719, 903.637939453125, 293.24188232421875, 50.1405143737793, 110.1738510131836, 120.92814636230469, 216.86627197265625, 226.17718505859375, -57.80266189575195, 260.0176086425781, 81.5405502319336], [-300.14996337890625, 149.28289794921875, 116.25310516357422, 293.24188232421875, 444.3590393066406, 94.07777404785156, -29.158267974853516, 37.7037239074707, 101.09180450439453, 85.82062530517578, -5.583159446716309, 102.78164672851562, 34.66421890258789], [182.11636352539062, -187.96493530273438, 205.4984588623047, 50.1405143737793, 94.07777404785156, 311.29962158203125, 162.95050048828125, -2.88152813911438, -17.483352661132812, 52.07399368286133, 77.29795837402344, 41.598182678222656, 6.754120349884033], [-150.79782104492188, 187.28750610351562, 231.7915496826172, 110.1738510131836, -29.158267974853516, 162.95050048828125, 374.9712219238281, 134.68418884277344, 19.695343017578125, 102.88471221923828, 65.72657012939453, 110.8821792602539, 19.516427993774414], [-326.44293212890625, 537.634033203125, 167.3291015625, 120.92814636230469, 37.7037239074707, -2.88152813911438, 134.68418884277344, 319.3756408691406, 165.34378051757812, 126.63187408447266, 27.747377395629883, 134.7396240234375, 44.21968078613281], [-205.51268005371094, 413.03082275390625, 160.69403076171875, 216.86627197265625, 101.09180450439453, -17.483352661132812, 19.695343017578125, 165.34378051757812, 307.0022888183594, 202.0404052734375, 7.254359722137451, 150.1147003173828, 52.84832000732422], [30.101730346679688, 248.9463653564453, 243.5140380859375, 226.17718505859375, 85.82062530517578, 52.07399368286133, 102.88471221923828, 126.63187408447266, 202.0404052734375, 351.5117492675781, 67.16938018798828, 179.59228515625, 24.515811920166016], [298.3212585449219, 17.3082332611084, 18.932191848754883, -57.80266189575195, -5.583159446716309, 77.29795837402344, 65.72657012939453, 27.747377395629883, 7.254359722137451, 67.16938018798828, 140.01060485839844, 18.58514976501465, -2.1681458950042725], [-385.0192565917969, 329.62396240234375, 258.90533447265625, 260.0176086425781, 102.78164672851562, 41.598182678222656, 110.8821792602539, 134.7396240234375, 150.1147003173828, 179.59228515625, 18.58514976501465, 267.34564208984375, 66.59436798095703], [76.11654663085938, -4.325620174407959, 86.86489868164062, 81.5405502319336, 34.66421890258789, 6.754120349884033, 19.516427993774414, 44.21968078613281, 52.84832000732422, 24.515811920166016, -2.1681458950042725, 66.59436798095703, 111.3437271118164]], "lowlevel.mfcc.icov": [[0.000183156254934147, 0.0002138408162863925, 4.100730802747421e-05, 9.786079317564145e-05, 6.092477633501403e-06, 6.191110878717154e-05, -3.509322823447292e-07, -0.00011577494296943769, -0.00012348256132099777, -0.00016093232261482626, -0.00033308437559753656, 0.00015912108938209713, -0.00018778267258312553], [0.0002138408162863925, 0.0005974164814688265, 5.497489109984599e-05, 0.0004209457547403872, -0.0002586419286672026, 0.0004257663094904274, -0.0002531247155275196, -0.0004604736459441483, -0.00047690095379948616, -7.45811194065027e-05, -0.00030502837034873664, -0.00022685318253934383, 0.00018031995568890125], [4.100730802747421e-05, 5.497489109984599e-05, 0.0018532234244048595, -0.0002833210746757686, 0.00031292325002141297, -0.0011582926381379366, -0.00010796231799758971, -0.00037359894486144185, 0.00010332751116948202, -0.000646154978312552, 0.0007131485035642982, -0.0007697960827499628, -0.0005565410247072577]