{"song_id": "1183667860996894780", "download": "https://cdn.discordapp.com/attachments/1135903449314238464/1183667860996894780/chirp.mp4?ex=65892b99&amp", "lyrics": "(Instrumental)\n(Verse 2)\n\ucd94\uc5b5 \uc18d\uc758 \uadf8\ub300\uc640 \ud568\uaed8\n\uac77\ub358 \uae38\uc744 \ub5a0\uc62c\ub9ac\ub124\n\ud568\uaed8 \ud588\ub358 \uc2dc\uac04\ub4e4\uc740\n\ub0b4 \uac00\uc2b4\uc5d0 \uc601\uc6d0\ud788 \ub0a8\uc544", "style": ["POP</span><span>, Acoustic</span><span>, Classic</span><span>, Symphony</span><span>,"], "essentia_features": {"lowlevel.average_loudness": 0.9796060919761658, "lowlevel.barkbands_crest.mean": 11.480268478393555, "lowlevel.barkbands_crest.stdev": 4.466280460357666, "lowlevel.barkbands_flatness_db.mean": 0.2867199182510376, "lowlevel.barkbands_flatness_db.stdev": 0.07895133644342422, "lowlevel.barkbands_kurtosis.mean": 11.091426849365234, "lowlevel.barkbands_kurtosis.stdev": 18.942745208740234, "lowlevel.barkbands_skewness.mean": 1.8379148244857788, "lowlevel.barkbands_skewness.stdev": 1.8256038427352905, "lowlevel.barkbands_spread.mean": 7.159478664398193, "lowlevel.barkbands_spread.stdev": 8.335321426391602, "lowlevel.dissonance.mean": 0.37604084610939026, "lowlevel.dissonance.stdev": 0.06377541273832321, "lowlevel.dynamic_complexity": 1.246548056602478, "lowlevel.erbbands_crest.mean": 11.377815246582031, "lowlevel.erbbands_crest.stdev": 3.4577207565307617, "lowlevel.erbbands_flatness_db.mean": 0.2504193186759949, "lowlevel.erbbands_flatness_db.stdev": 0.08551105856895447, "lowlevel.erbbands_kurtosis.mean": 4.263335704803467, "lowlevel.erbbands_kurtosis.stdev": 4.169511318206787, "lowlevel.erbbands_skewness.mean": 0.7792850136756897, "lowlevel.erbbands_skewness.stdev": 1.096599817276001, "lowlevel.erbbands_spread.mean": 19.917646408081055, "lowlevel.erbbands_spread.stdev": 19.773540496826172, "lowlevel.hfc.mean": 16.555234909057617, "lowlevel.hfc.stdev": 11.174392700195312, "lowlevel.loudness_ebu128.integrated": -11.206689834594727, "lowlevel.loudness_ebu128.loudness_range": 0.9685325622558594, "lowlevel.loudness_ebu128.momentary.mean": -11.356754302978516, "lowlevel.loudness_ebu128.momentary.stdev": 1.1871185302734375, "lowlevel.loudness_ebu128.short_term.mean": -11.231949806213379, "lowlevel.loudness_ebu128.short_term.stdev": 0.3312126398086548, "lowlevel.melbands_crest.mean": 14.775498390197754, "lowlevel.melbands_crest.stdev": 5.137637615203857, "lowlevel.melbands_flatness_db.mean": 0.3819488286972046, "lowlevel.melbands_flatness_db.stdev": 0.09373076260089874, "lowlevel.melbands_kurtosis.mean": 17.585556030273438, "lowlevel.melbands_kurtosis.stdev": 35.86521530151367, "lowlevel.melbands_skewness.mean": 2.258037567138672, "lowlevel.melbands_skewness.stdev": 2.056692361831665, "lowlevel.melbands_spread.mean": 7.800769805908203, "lowlevel.melbands_spread.stdev": 6.928112506866455, "lowlevel.pitch_salience.mean": 0.5047737956047058, "lowlevel.pitch_salience.stdev": 0.11924488097429276, "lowlevel.silence_rate_20dB.mean": 1.0, "lowlevel.silence_rate_20dB.stdev": 0.0, "lowlevel.silence_rate_30dB.mean": 0.8823529481887817, "lowlevel.silence_rate_30dB.stdev": 0.32218894362449646, "lowlevel.silence_rate_60dB.mean": 0.0017050298629328609, "lowlevel.silence_rate_60dB.stdev": 0.04125694930553436, "lowlevel.spectral_centroid.mean": 479.6859436035156, "lowlevel.spectral_centroid.stdev": 328.1802978515625, "lowlevel.spectral_complexity.mean": 9.844841957092285, "lowlevel.spectral_complexity.stdev": 5.716947555541992, "lowlevel.spectral_decrease.mean": -1.4760320965478968e-08, "lowlevel.spectral_decrease.stdev": 1.157003648444288e-08, "lowlevel.spectral_energy.mean": 0.057210423052310944, "lowlevel.spectral_energy.stdev": 0.04405796155333519, "lowlevel.spectral_energyband_high.mean": 0.00029295997228473425, "lowlevel.spectral_energyband_high.stdev": 0.0009234807221218944, "lowlevel.spectral_energyband_low.mean": 0.029018694534897804, "lowlevel.spectral_energyband_low.stdev": 0.04403117671608925, "lowlevel.spectral_energyband_middle_high.mean": 0.0019513089209794998, "lowlevel.spectral_energyband_middle_high.stdev": 0.002846031915396452, "lowlevel.spectral_energyband_middle_low.mean": 0.027334198355674744, "lowlevel.spectral_energyband_middle_low.stdev": 0.015454732812941074, "lowlevel.spectral_entropy.mean": 6.180880069732666, "lowlevel.spectral_entropy.stdev": 0.7600944638252258, "lowlevel.spectral_flux.mean": 0.08393999189138412, "lowlevel.spectral_flux.stdev": 0.08994992822408676, "lowlevel.spectral_kurtosis.mean": 34.965843200683594, "lowlevel.spectral_kurtosis.stdev": 42.77094268798828, "lowlevel.spectral_rms.mean": 0.007069416344165802, "lowlevel.spectral_rms.stdev": 0.0024162721820175648, "lowlevel.spectral_rolloff.mean": 565.0394287109375, "lowlevel.spectral_rolloff.stdev": 651.8734741210938, "lowlevel.spectral_skewness.mean": 4.159209251403809, "lowlevel.spectral_skewness.stdev": 2.360110282897949, "lowlevel.spectral_spread.mean": 3389620.75, "lowlevel.spectral_spread.stdev": 2239249.5, "lowlevel.spectral_strongpeak.mean": 1.0124545097351074, "lowlevel.spectral_strongpeak.stdev": 0.6820307970046997, "lowlevel.zerocrossingrate.mean": 0.024149317294359207, "lowlevel.zerocrossingrate.stdev": 0.01891249231994152, "metadata.audio_properties.analysis.equal_loudness": 0.0, "metadata.audio_properties.analysis.length": 27.19997787475586, "metadata.audio_properties.analysis.sample_rate": 44100.0, "metadata.audio_properties.analysis.start_time": 0.0, "metadata.audio_properties.bit_rate": 121064.0, "metadata.audio_properties.length": 27.200000762939453, "metadata.audio_properties.lossless": 0.0, "metadata.audio_properties.number_channels": 1.0, "metadata.audio_properties.replay_gain": -13.816123962402344, "metadata.audio_properties.sample_rate": 48000.0, "rhythm.beats_count": 62.0, "rhythm.beats_loudness.mean": 0.08583089709281921, "rhythm.beats_loudness.stdev": 0.060423593968153, "rhythm.bpm": 138.49803161621094, "rhythm.bpm_histogram_first_peak_bpm": 140.0, "rhythm.bpm_histogram_first_peak_weight": 0.3898305296897888, "rhythm.bpm_histogram_second_peak_bpm": 148.0, "rhythm.bpm_histogram_second_peak_spread": 0.0, "rhythm.bpm_histogram_second_peak_weight": 0.016393441706895828, "rhythm.danceability": 1.6764225959777832, "rhythm.onset_rate": 4.152307033538818, "tonal.chords_changes_rate": 0.03747870400547981, "tonal.chords_number_rate": 0.010221465490758419, "tonal.chords_strength.mean": 0.4433720111846924, "tonal.chords_strength.stdev": 0.10003671050071716, "tonal.hpcp_crest.mean": 13.992817878723145, "tonal.hpcp_crest.stdev": 4.479469299316406, "tonal.hpcp_entropy.mean": 1.7404922246932983, "tonal.hpcp_entropy.stdev": 0.49852386116981506, "tonal.key_edma.strength": 0.5983019471168518, "tonal.key_krumhansl.strength": 0.6187391877174377, "tonal.key_temperley.strength": 0.6437404751777649, "tonal.tuning_diatonic_strength": 0.45510074496269226, "tonal.tuning_equal_tempered_deviation": 0.025729840621352196, "tonal.tuning_frequency": 439.2381896972656, "tonal.tuning_nontempered_energy_ratio": 0.5972347259521484, "lowlevel.barkbands.mean": [0.00022588440333493054, 0.017582129687070847, 0.009859004989266396, 0.0038071833550930023, 0.010474272072315216, 0.0023065705318003893, 0.00560202170163393, 0.0025303950533270836, 0.0025415397249162197, 0.0011232863180339336, 0.00018724080291576684, 0.00015396057278849185, 0.0001019066185108386, 6.599758489755914e-05, 8.35555256344378e-05, 6.59687357256189e-05, 8.141136640915647e-05, 5.6925553508335724e-05, 4.671136412071064e-05, 4.415763032739051e-05, 3.6214099964126945e-05, 5.4215601267060265e-05, 5.254645657259971e-05, 5.5731994507368654e-05, 5.5029748182278126e-05, 1.6026717275963165e-05, 6.02564739438094e-07], "lowlevel.barkbands.stdev": [0.0005291290581226349, 0.035098034888505936, 0.016780365258455276, 0.00836482085287571, 0.009166362695395947, 0.0023713859263807535, 0.005253336858004332, 0.002963727107271552, 0.0031162877567112446, 0.0014136905083432794, 0.0008074075449258089, 0.0006238252972252667, 0.0004421845660544932, 0.00028415420092642307, 0.000284445530269295, 0.000227077238378115, 0.00020148653129581362, 0.0002347928675590083, 0.00020824564853683114, 0.00018414368969388306, 0.0001455799792893231, 0.00020476756617426872, 0.00014927690790500492, 0.00020780644263140857, 0.0002174359542550519, 4.175012873020023e-05, 2.617439349705819e-06], "lowlevel.erbbands.mean": [0.43087324500083923, 4.2513346672058105, 11.764373779296875, 10.957069396972656, 28.754159927368164, 35.090797424316406, 23.764524459838867, 20.107091903686523, 47.19936752319336, 76.84595489501953, 73.94621276855469, 76.53349304199219, 13.883880615234375, 41.989688873291016, 8.90295696258545, 6.51792049407959, 4.982357978820801, 3.7873079776763916, 4.156395435333252, 3.9399538040161133, 4.287858486175537, 3.7705345153808594, 3.345417022705078, 2.4775071144104004, 2.414111852645874, 2.085167169570923, 1.5756007432937622, 1.4697387218475342, 1.8339908123016357, 1.9534662961959839, 1.3926708698272705, 0.9717710614204407, 1.086799144744873, 0.7892593741416931, 0.28525310754776, 0.09963288903236389, 0.02288064919412136, 0.0032112733460962772, 0.00010972593736369163, 6.673095049336553e-05], "lowlevel.erbbands.stdev": [0.9508368372917175, 8.47967529296875, 18.396699905395508, 24.29568862915039, 30.64946746826172, 37.97810363769531, 23.733591079711914, 26.17531967163086, 40.15668869018555, 66.44959259033203, 86.29495239257812, 89.75210571289062, 16.300798416137695, 56.00863265991211, 29.93195343017578, 25.695096969604492, 20.432966232299805, 14.377248764038086, 14.221426010131836, 13.410698890686035, 12.047628402709961, 10.421309471130371, 12.981703758239746, 11.018418312072754, 10.654706001281738, 8.647504806518555, 6.474035263061523, 5.807918071746826, 7.287471771240234, 6.1182661056518555, 4.026664733886719, 3.1531968116760254, 4.52711820602417, 3.581308364868164, 0.8961688876152039, 0.2630099356174469, 0.060919176787137985, 0.010706843808293343, 0.00028761959401890635, 5.0292564992560074e-05], "lowlevel.gfcc.mean": [-58.5599365234375, 163.04873657226562, -60.92040252685547, 9.866632461547852, -66.88451385498047, 2.969552755355835, -40.809844970703125, 12.291101455688477, -9.382195472717285, -9.759603500366211, -19.874605178833008, -7.898294448852539, -6.409687042236328], "lowlevel.melbands.mean": [0.004423855803906918, 0.0057893600314855576, 0.0025120789650827646, 0.002413541777059436, 0.000952399626839906, 0.0004069570859428495, 0.0009354107896797359, 0.000757354951929301, 0.0006316646467894316, 0.00039569020736962557, 5.5316832003882155e-05, 0.00018221283971797675, 2.535277781134937e-05, 2.0928649973939173e-05, 1.0042586836789269e-05, 1.1334297596476972e-05, 6.480161118815886e-06, 6.426633262890391e-06, 5.8732648540171795e-06, 4.9512004807183985e-06, 5.372223768063122e-06, 4.179025381745305e-06, 3.3699498089845292e-06, 2.6545046694081975e-06, 1.9068262417931692e-06, 1.7809458086048835e-06, 1.6176911685761297e-06, 1.3480312190949917e-06, 1.0023004506365396e-06, 8.103139634840772e-07, 8.894953111848736e-07, 1.0167727850785013e-06, 1.111227902583778e-06, 1.0758717507997062e-06, 8.553494126317673e-07, 6.074047291804163e-07, 5.840507810717099e-07, 7.284661478479393e-07, 8.119069434542325e-07, 6.17832483840175e-07], "lowlevel.melbands.stdev": [0.009164063259959221, 0.009076726622879505, 0.00398626085370779, 0.0022112904116511345, 0.0010194095084443688, 0.0005152322701178491, 0.0008303368231281638, 0.0006227451376616955, 0.0007085584220476449, 0.00047681783325970173, 7.895073940744624e-05, 0.00024356081848964095, 0.0001015227971947752, 8.273481944343075e-05, 3.4456970752216876e-05, 4.96690918225795e-05, 2.6685636839829385e-05, 2.338472768315114e-05, 2.113809205184225e-05, 1.7280675820074975e-05, 1.4250323147280142e-05, 1.0761995326902252e-05, 1.2556710316857789e-05, 1.1133844964206219e-05, 9.032152775034774e-06, 7.947293852339499e-06, 7.456731964339269e-06, 5.620907359116245e-06, 4.273170816304628e-06, 3.3387607345503056e-06, 3.6819967590417946e-06, 4.291006462153746e-06, 4.117954631510656e-06, 3.2017132980399765e-06, 2.462826159899123e-06, 1.8822532865669928e-06, 1.943130655490677e-06, 2.8756742267432855e-06, 4.08909045290784e-06, 2.675583118616487e-06], "lowlevel.melbands128.mean": [0.00019953734590671957, 0.002823376562446356, 0.0064344326965510845, 0.007089920341968536, 0.0067975749261677265, 0.0041931262239813805, 0.001842243131250143, 0.0022074219305068254, 0.003177296370267868, 0.0026317485608160496, 0.001973091159015894, 0.0010982983512803912, 0.000865153328049928, 0.0004216899105813354, 0.0006017630803398788, 0.00025011852267198265, 0.0001336858404101804, 0.0010210713371634483, 0.0022339054848998785, 0.0005719882901757956, 0.00019335269462317228, 0.0005946726305410266, 0.0006980994367040694, 0.0005886844592168927, 0.0008177462150342762, 9.831243369262666e-05, 1.8035021639661863e-05, 3.0927618354326114e-05, 4.825357245863415e-05, 0.0003524616768117994, 0.00015117356088012457, 2.3921355023048818e-05, 1.8674398233997636e-05, 2.9818309485563077e-05, 1.7430405932827853e-05, 2.401799793005921e-05, 1.7104302969528362e-05, 6.024920821801061e-06, 7.486220965802204e-06, 1.3446552657114808e-05, 1.4029174963070545e-05, 4.6838295020279475e-06, 6.032598321326077e-06, 8.293582141050138e-06, 5.246144610282499e-06, 5.901624263060512e-06, 8.222657925216481e-06, 5.624287041428033e-06, 5.217438683757791e-06, 4.989295575796859e-06, 5.354581844585482e-06, 4.521171376836719e-06, 3.6919138892699266e-06, 6.9669526965299156e-06, 6.62626280245604e-06, 2.8724296043947106e-06, 3.0312005492305616e-06, 3.954405656259041e-06, 3.0504997994285077e-06, 3.2943153200903907e-06, 2.576852011770825e-06, 2.4348780698346673e-06, 1.8063943798551918e-06, 2.0391114503581775e-06, 1.5504847397096455e-06, 1.7568397652212298e-06, 1.9879780666087754e-06, 1.5583615322611877e-06, 1.7131843605966424e-06, 1.3970802683616057e-06, 1.3648897265738924e-06, 1.3417904938251013e-06, 1.0508081231819233e-06, 9.250120456272271e-07, 9.605957984604174e-07, 8.911238751352357e-07, 6.90229512656515e-07, 7.06753837675933e-07, 9.904263151838677e-07, 9.522641448711511e-07, 1.0528608527238248e-06, 1.038506184158905e-06, 9.504378226665722e-07, 1.1812459206339554e-06, 1.191849264614575e-06, 1.0740286597865634e-06, 1.0506099670237745e-06, 1.0124159643964958e-06, 9.01175269518717e-07, 7.011611273810558e-07, 6.300345489762549e-07, 6.181639378155523e-07, 4.934360049446695e-07, 5.871667667634028e-07, 6.389666964423668e-07, 5.989417672935815e-07, 7.972831213010068e-07, 8.259029300461407e-07, 8.089577931968961e-07, 8.120507004605315e-07, 7.80683137691085e-07, 5.560247018365772e-07, 4.849009087593004e-07, 3.3356215567437175e-07, 3.1646501952309336e-07, 2.5469185516158177e-07, 2.379583747824654e-07, 2.2177484026997263e-07, 1.6050104534315324e-07, 1.2932059689774178e-07, 1.0961383622998255e-07, 7.778067612207451e-08, 6.608314606637578e-08, 5.114748446999329e-08, 4.183644719546464e-08, 3.5790392871604126e-08, 2.007401356252103e-08, 5.005837522276124e-09, 1.2335351629033653e-09, 2.6085489671090478e-11, 1.9427136982441695e-11, 1.4920781624128132e-11, 1.2483119572748169e-11, 1.0997375753107885e-11, 9.962122272944018e-12, 8.380401407548366e-12, 7.449124650449335e-12, 7.277694939744617e-12], "lowlevel.melbands128.stdev": [0.0005103352596051991, 0.00687637971714139, 0.01499845739454031, 0.015046038664877415, 0.010916921310126781, 0.007891755551099777, 0.005480991676449776, 0.004059069789946079, 0.00382343796081841, 0.003186445450410247, 0.0025944614317268133, 0.0020419233478605747, 0.0009096981375478208, 0.00042266215314157307, 0.0009476236300542951, 0.0003879395662806928, 0.00026407765108160675, 0.0009671159787103534, 0.0022877920418977737, 0.0005318860057741404, 0.0004112900060135871, 0.0008067041053436697, 0.0009897922864183784, 0.0007722419104538858, 0.0010557370260357857, 0.00020602611766662449, 5.932553904131055e-05, 0.00012829451588913798, 6.634551391471177e-05, 0.0004782681353390217, 0.00023462169338017702, 0.00012452053488232195, 0.00011187505151610821, 0.0001413259597029537, 0.00010744402243290097, 0.00013816119462717324, 7.225532317534089e-05, 2.5297034881077707e-05, 4.739284122479148e-05, 6.564569048350677e-05, 6.248823046917096e-05, 2.8762431611539796e-05, 2.5546101824147627e-05, 4.0644350519869477e-05, 3.47799104929436e-05, 2.4426039090030827e-05, 2.8711639970424585e-05, 2.729243533394765e-05, 2.11079532164149e-05, 2.1981202735332772e-05, 2.0825144019909203e-05, 1.7518137610750273e-05, 1.5106654245755635e-05, 1.690760655037593e-05, 1.576663453306537e-05, 1.0425784239487257e-05, 1.2190485904284287e-05, 1.549582157167606e-05, 1.4541898053721525e-05, 1.4210747394827195e-05, 1.24465259432327e-05, 1.1416964298405219e-05, 8.595168765168637e-06, 1.4079105312703177e-05, 7.455599643435562e-06, 8.424721272604074e-06, 9.614436748961452e-06, 8.025158422242384e-06, 8.728839020477608e-06, 5.901123131479835e-06, 6.552671948156785e-06, 5.918086571909953e-06, 4.797534074896248e-06, 4.68035796075128e-06, 4.160715889156563e-06, 4.0932532101578545e-06, 2.9420154987747082e-06, 3.0109194995020516e-06, 4.4756370698451065e-06, 4.203157914162148e-06, 4.574217655317625e-06, 5.088161742605735e-06, 3.7609968330798438e-06, 4.72847113996977e-06, 4.415946932567749e-06, 3.3785790947149508e-06, 3.2151237974176183e-06, 2.9172911126806866e-06, 2.7710550511983456e-06, 2.4306543764396338e-06, 1.898673758660152e-06, 2.14049759961199e-06, 1.8348032426729333e-06, 2.1969615318084834e-06, 2.1734090296376962e-06, 2.1451730845001293e-06, 3.6378655750013422e-06, 3.5599769034888595e-06, 4.283496309653856e-06, 4.9280138227913994e-06, 3.964570623793406e-06, 2.2592000732402084e-06, 1.8900004761235323e-06, 1.0316072120986064e-06, 1.1978218026342802e-06, 7.771234891151835e-07, 7.008016496001801e-07, 6.274631800806674e-07, 4.6615195969934575e-07, 3.6315384477347834e-07, 3.36774377274196e-07, 2.1723424481479015e-07, 1.9399998052449519e-07, 1.7088298420731007e-07, 1.4921801039236016e-07, 1.381893497409692e-07, 8.417529073767582e-08, 3.0220437707839665e-08, 1.204188482262225e-08, 2.922866948473768e-10, 2.018025746508556e-10, 1.409070776725585e-10, 9.553990931721046e-11, 5.978063877254414e-11, 4.3357675089117365e-11, 2.0435828376741405e-11, 1.1094516798315635e-11, 1.0779441575459181e-11], "lowlevel.mfcc.mean": [-723.72900390625, 199.140869140625, 52.887977600097656, 16.801414489746094, 6.045616626739502, -9.740168571472168, -16.23142433166504, 6.027542591094971, 8.830012321472168, 3.2992753982543945, -1.4180063009262085, -3.173532485961914, 2.2377686500549316], "lowlevel.spectral_contrast_coeffs.mean": [-0.6447281837463379, -0.650150716304779, -0.7102065086364746, -0.8112791180610657, -0.8054242134094238, -0.8103007674217224], "lowlevel.spectral_contrast_coeffs.stdev": [0.064339280128479, 0.06219880282878876, 0.08070199191570282, 0.040695976465940475, 0.03921844810247421, 0.036536384373903275], "lowlevel.spectral_contrast_valleys.mean": [-6.182811737060547, -6.520571708679199, -8.30244255065918, -8.845331192016602, -9.268677711486816, -11.372404098510742], "lowlevel.spectral_contrast_valleys.stdev": [0.5787672400474548, 0.660801112651825, 0.7591886520385742, 0.7786774635314941, 1.0889705419540405, 1.429870367050171], "rhythm.beats_loudness_band_ratio.mean": [0.6051952838897705, 0.18808487057685852, 0.172812357544899, 0.03988104686141014, 0.022905532270669937, 0.018636643886566162], "rhythm.beats_loudness_band_ratio.stdev": [0.266189843416214, 0.15016034245491028, 0.15925757586956024, 0.04582621902227402, 0.04163513332605362, 0.028129810467362404], "tonal.hpcp.mean": [0.22331999242305756, 0.14247214794158936, 0.23902826011180878, 0.48103874921798706, 0.2932123839855194, 0.03151297941803932, 0.01813923753798008, 0.017586059868335724, 0.06597732752561569, 0.1020166352391243, 0.053733304142951965, 0.012357769533991814, 0.012243556790053844, 0.016662050038576126, 0.09588832408189774, 0.18478484451770782, 0.1061588004231453, 0.010819352231919765, 0.01193260494619608, 0.014151767827570438, 0.04866417869925499, 0.11289578676223755, 0.08454324305057526, 0.11298269033432007, 0.18785114586353302, 0.09961621463298798, 0.01516396552324295, 0.0076668341644108295, 0.01633327640593052, 0.23612385988235474, 0.3733105957508087, 0.16057544946670532, 0.017056122422218323, 0.011914224363863468, 0.025567712262272835, 0.1329466849565506], "tonal.hpcp.stdev": [0.3313060700893402, 0.236527681350708, 0.22427277266979218, 0.40228360891342163, 0.26459014415740967, 0.14016549289226532, 0.10219577699899673, 0.10726135224103928, 0.16100391745567322, 0.22062529623508453, 0.13577203452587128, 0.08129969984292984, 0.08154159784317017, 0.09883038699626923, 0.12924537062644958, 0.2003493458032608, 0.13767074048519135, 0.06598202139139175, 0.08776777237653732, 0.09968870133161545, 0.10070556402206421, 0.17259667813777924, 0.12745274603366852, 0.21673618257045746, 0.3106452226638794, 0.19579364359378815, 0.08906004577875137, 0.05180494487285614, 0.08655358105897903, 0.28410282731056213, 0.4330083727836609, 0.2106613665819168, 0.10083385556936264, 0.06743074208498001, 0.11447007954120636, 0.24704933166503906], "rhythm.beats_position": [0.3715192675590515, 0.7546485066413879, 1.160997748374939, 1.5789568424224854, 2.008526086807251, 2.4380950927734375, 2.879274368286133, 3.3088433742523193, 3.738412618637085, 4.179591655731201, 4.609160900115967, 5.038730144500732, 5.479909420013428, 5.909478187561035, 6.339047431945801, 6.780226707458496, 7.209795951843262, 7.639364719390869, 8.068934440612793, 8.498503684997559, 8.939682006835938, 9.380861282348633, 9.810430526733398, 10.239999771118164, 10.66956901550293, 11.110748291015625, 11.54031753540039, 11.981496810913086, 12.411065101623535, 12.8406343460083, 13.281813621520996, 13.711382865905762, 14.140952110290527, 14.570521354675293, 15.000090599060059, 15.441269874572754, 15.88244915008545, 16.3120174407959, 16.741586685180664, 17.18276596069336, 17.612335205078125, 18.04190444946289, 18.471473693847656, 18.901042938232422, 19.342222213745117, 19.783401489257812, 20.212970733642578, 20.642539978027344, 21.07210922241211, 21.501678466796875, 21.942855834960938, 22.372425079345703, 22.80199432373047, 23.243173599243164, 23.68435287475586, 24.102312088012695, 24.54349136352539, 24.984670639038086, 25.41423988342285, 25.843809127807617, 26.284988403320312, 26.726167678833008], "rhythm.bpm_histogram": [0.0, 0.0, 0.0, 0.0, 0.0, 0.0, 0.0, 0.0, 0.0, 0.0, 0.0, 0.0, 0.0, 0.0, 0.0, 0.0, 0.0, 0.0, 0.0, 0.0, 0.0, 0.0, 0.0, 0.0, 0.0, 0.0, 0.0, 0.0, 0.0, 0.0, 0.0, 0.0, 0.0, 0.0, 0.0, 0.0, 0.0, 0.0, 0.0, 0.0, 0.0, 0.0, 0.0, 0.0, 0.0, 0.0, 0.0, 0.0, 0.0, 0.0, 0.0, 0.0, 0.0, 0.0, 0.0, 0.0, 0.0, 0.0, 0.0, 0.0, 0.0, 0.0, 0.0, 0.0, 0.0, 0.0, 0.0, 0.0, 0.0, 0.0, 0.0, 0.0, 0.0, 0.0, 0.0, 0.0, 0.0, 0.0, 0.0, 0.0, 0.0, 0.0, 0.0, 0.0, 0.0, 0.0, 0.0, 0.0, 0.0, 0.0, 0.0, 0.0, 0.0, 0.0, 0.0, 0.0, 0.0, 0.0, 0.0, 0.0, 0.0, 0.0, 0.0, 0.0, 0.0, 0.0, 0.0, 0.0, 0.0, 0.0, 0.0, 0.0, 0.0, 0.0, 0.0, 0.0, 0.0, 0.0, 0.0, 0.0, 0.0, 0.0, 0.0, 0.0, 0.0, 0.0, 0.0, 0.0, 0.0, 0.0, 0.0, 0.0, 0.0, 0.0, 0.0, 0.0, 0.3442623019218445, 0.0, 0.0, 0.0, 0.5901639461517334, 0.0, 0.0, 0.0, 0.032786883413791656, 0.0, 0.0, 0.0, 0.016393441706895828, 0.0, 0.0, 0.0, 0.0, 0.0, 0.0, 0.0, 0.0, 0.016393441706895828, 0.0, 0.0, 0.0, 0.0, 0.0, 0.0, 0.0, 0.0, 0.0, 0.0, 0.0, 0.0, 0.0, 0.0, 0.0, 0.0, 0.0, 0.0, 0.0, 0.0, 0.0, 0.0, 0.0, 0.0, 0.0, 0.0, 0.0, 0.0, 0.0, 0.0, 0.0, 0.0, 0.0, 0.0, 0.0, 0.0, 0.0, 0.0, 0.0, 0.0, 0.0, 0.0, 0.0, 0.0, 0.0, 0.0, 0.0, 0.0, 0.0, 0.0, 0.0, 0.0, 0.0, 0.0, 0.0, 0.0, 0.0, 0.0, 0.0, 0.0, 0.0, 0.0, 0.0, 0.0, 0.0, 0.0, 0.0, 0.0, 0.0, 0.0, 0.0, 0.0, 0.0, 0.0, 0.0, 0.0, 0.0, 0.0, 0.0, 0.0, 0.0, 0.0, 0.0, 0.0, 0.0, 0.0, 0.0, 0.0, 0.0, 0.0, 0.0, 0.0], "tonal.chords_histogram": [13.628620147705078, 6.984667778015137, 33.90119171142578, 3.577512741088867, 0.681430995464325, 0.0, 0.0, 0.0, 0.0, 0.0, 0.0, 0.0, 0.0, 0.0, 0.0, 0.0, 0.0, 0.0, 0.0, 0.0, 0.0, 1.533219814300537, 0.0, 39.693355560302734], "tonal.thpcp": [1.0, 0.6095400452613831, 0.06551027297973633, 0.037708476185798645, 0.03655850887298584, 0.1371559500694275, 0.21207571029663086, 0.11170265078544617, 0.025689758360385895, 0.025452328845858574, 0.03463764488697052, 0.1993359625339508, 0.3841371238231659, 0.22068658471107483, 0.022491643205285072, 0.024805912747979164, 0.02941918559372425, 0.10116478055715561, 0.23469166457653046, 0.17575141787528992, 0.23487232625484467, 0.3905114531517029, 0.20708563923835754, 0.03152337670326233, 0.015938080847263336, 0.033954180777072906, 0.4908624589443207, 0.7760509848594666, 0.3338097929954529, 0.035456858575344086, 0.02476770244538784, 0.05315104499459267, 0.2763741612434387, 0.4642453193664551, 0.2961760461330414, 0.4969002306461334], "lowlevel.gfcc.cov": [[4872.19140625, -3041.486083984375, 49.888160705566406, 1137.4737548828125, -533.9788208007812, 797.5428466796875, -448.95953369140625, 111.82819366455078, -639.0185546875, 454.4106750488281, -196.1454620361328, 272.9576416015625, -433.4892272949219], [-3041.486083984375, 3188.817138671875, -204.94277954101562, -1239.72802734375, 513.933349609375, -686.214599609375, 681.1690063476562, 35.564239501953125, 589.5416259765625, -494.9461975097656, 180.92222595214844, -299.63104248046875, 380.8747253417969], [49.888160705566406, -204.94277954101562, 520.4448852539062, 94.61988067626953, -15.686833381652832, 206.75827026367188, -36.98579788208008, -15.550328254699707, 0.9764455556869507, 100.4466323852539, 7.578890800476074, 69.87326049804688, -41.05916213989258], [1137.4737548828125, -1239.72802734375, 94.61988067626953, 892.9410400390625, -28.701364517211914, 218.1991729736328, -327.82708740234375, -23.7657527923584, -131.41226196289062, 221.75518798828125, 9.111858367919922, 130.6384735107422, -61.05723571777344], [-533.9788208007812, 513.933349609375, -15.686833381652832, -28.701364517211914, 340.16595458984375, -89.52652740478516, 61.295066833496094, -17.097700119018555, 162.28488159179688, -17.706045150756836, 93.74223327636719, -18.550865173339844, 82.49553680419922], [797.5428466796875, -686.214599609375, 206.75827026367188, 218.1991729736328, -89.52652740478516, 387.6286926269531, -91.94241333007812, -36.938987731933594, -158.8147430419922, 153.90655517578125, 10.935197830200195, 90.1243667602539, -109.54025268554688], [-448.95953369140625, 681.1690063476562, -36.98579788208008, -327.82708740234375, 61.295066833496094, -91.94241333007812, 421.4806213378906, 116.90754699707031, 110.54146575927734, -110.68958282470703, 38.46828842163086, -53.52128982543945, 91.54737854003906], [111.82819366455078, 35.564239501953125, -15.550328254699707, -23.7657527923584, -17.097700119018555, -36.938987731933594, 116.90754699707031, 182.688720703125, 74.6318588256836, -33.69600296020508, -24.5858097076416, 3.3524277210235596, 26.568422317504883], [-639.0185546875, 589.5416259765625, 0.9764455556869507, -131.41226196289062, 162.28488159179688, -158.8147430419922, 110.54146575927734, 74.6318588256836, 279.39007568359375, -59.94145202636719, 27.637279510498047, -52.09325408935547, 108.41630554199219], [454.4106750488281, -494.9461975097656, 100.4466323852539, 221.75518798828125, -17.706045150756836, 153.90655517578125, -110.68958282470703, -33.69600296020508, -59.94145202636719, 178.60890197753906, 22.146263122558594, 59.90285873413086, -53.239707946777344], [-196.1454620361328, 180.92222595214844, 7.578890800476074, 9.111858367919922, 93.74223327636719, 10.935197830200195, 38.46828842163086, -24.5858097076416, 27.637279510498047, 22.146263122558594, 123.57717895507812, 16.967567443847656, 35.298133850097656], [272.9576416015625, -299.63104248046875, 69.87326049804688, 130.6384735107422, -18.550865173339844, 90.1243667602539, -53.52128982543945, 3.3524277210235596, -52.09325408935547, 59.90285873413086, 16.967567443847656, 103.1891098022461, -19.25733757019043], [-433.4892272949219, 380.8747253417969, -41.05916213989258, -61.05723571777344, 82.49553680419922, -109.54025268554688, 91.54737854003906, 26.568422317504883, 108.41630554199219, -53.239707946777344, 35.298133850097656, -19.25733757019043, 129.36549377441406]], "lowlevel.gfcc.icov": [[0.0007505830726586282, -0.00013357936404645443, 0.0005660217138938606, -0.0006581031484529376, 0.00022876719594933093, -0.0008781720534898341, -0.00010681133426260203, -0.0009849072666838765, 0.0006558505119755864, -0.0007211186457425356, 0.0008776505710557103, -0.00034126758691854775, 0.0010291384533047676], [-0.00013357936404645443, 0.0065840501338243484, -0.0016866802470758557, 0.004879380110651255, -0.0033257179893553257, 0.0027413684874773026, -0.0021147949155420065, 0.00343470461666584, -0.0038457380142062902, 0.006732047535479069, -0.006182370241731405, 0.004568326286971569, -0.0044709485955536366], [0.0005660217138938606, -0.0016866802470758557, 0.0036542511079460382, -0.001535822288133204, 0.0012379942927509546, -0.0029389928095042706, 0.00022357086709234864, -0.0007786357309669256, -0.00026837133918888867, -0.0024942178279161453, 0.002636086428537965, -0.002724315272644162, 0.00209476868622005], [-0.0006581031484529376, 0.004879380110651255, -0.001535822288133204, 0.006402132101356983, -0.0031000785529613495, 0.0022551643196493387, 0.00028461727197282016, 0.00181890232488513, -0.0023671851959079504, 0.0036182221956551075, -0.0051155127584934235, 0.0029398829210549593, -0.005418962333351374], [0.00022876719594933093, -0.0033257179893553257, 0.0012379942927509546, -0.0031000785529613495, 0.007272610906511545, -0.0013888075482100248, 0.00053519377252087, -3.813696457655169e-05, -0.0014089645119383931, -0.003182781394571066, 0.0003232660237699747, -0.0027949002105742693, 0.002669951179996133], [-0.0008781720534898341, 0.0027413684874773026, -0.0029389928095042706, 0.0022551643196493387, -0.0013888075482100248, 0.008497451432049274, -0.001657012035138905, 0.0023622626904398203, -0.00016318412963300943, 0.0006645067478530109, -0.0042013307102024555, 0.0009559330064803362, -0.00041494748438708484], [-0.00010681133426260203, -0.0021147949155420065, 0.00022357086709234864, 0.00028461727197282016, 0.00053519377252087, -0.001657012035138905, 0.006175384856760502, -0.004664356354624033, 0.002212598454207182, -0.0013867821544408798, -7.318634015973657e-05, 0.00018972076941281557, -0.0014596256660297513], [-0.0009849072666838765, 0.00343470461666584, -0.0007786357309669256, 0.00181890232488513, -3.813696457655169e-05, 0.0023622626904398203, -0.004664356354624033, 0.012960565276443958, -0.007092056795954704, 0.005305746104568243, -0.0015946857165545225, -0.0008222177275456488, -0.0016978902276605368], [0.0006558505119755864, -0.0038457380142062902, -0.00026837133918888867, -0.0023671851959079504, -0.0014089645119383931, -0.00016318412963300943, 0.002212598454207182, -0.007092056795954704, 0.012680425308644772, -0.006030223798006773, 0.004384201020002365, 0.0004895701422356069, -0.0012632241705432534], [-0.0007211186457425356, 0.006732047535479069, -0.0024942178279161453, 0.0036182221956551075, -0.003182781394571066, 0.0006645067478530109, -0.0013867821544408798, 0.005305746104568243, -0.006030223798006773, 0.01944543421268463, -0.00902445800602436, 0.003138706786558032, -0.0028506505768746138], [0.0008776505710557103, -0.006182370241731405, 0.002636086428537965, -0.0051155127584934235, 0.0003232660237699747, -0.0042013307102024555, -7.318634015973657e-05, -0.0015946857165545225, 0.004384201020002365, -0.00902445800602436, 0.01951584592461586, -0.007149082142859697, 0.0024034150410443544], [-0.00034126758691854775, 0.004568326286971569, -0.002724315272644162, 0.0029398829210549593, -0.0027949002105742693, 0.0009559330064803362, 0.00018972076941281557, -0.0008222177275456488, 0.0004895701422356069, 0.003138706786558032, -0.007149082142859697, 0.019298860803246498, -0.005739366170018911], [0.0010291384533047676, -0.0044709485955536366, 0.00209476868622005, -0.005418962333351374, 0.002669951179996133, -0.00041494748438708484, -0.0014596256660297513, -0.0016978902276605368, -0.0012632241705432534, -0.0028506505768746138, 0.0024034150410443544, -0.005739366170018911, 0.020152069628238678]], "lowlevel.mfcc.cov": [[5437.81689453125, -3664.190673828125, 383.3686828613281, 137.0048065185547, 140.09625244140625, 473.4539794921875, 303.8063049316406, -99.74285125732422, -347.7100524902344, -165.7577362060547, 110.39431762695312, -80.69993591308594, -11.650577545166016], [-3664.190673828125, 3888.96240234375, -580.2229614257812, -338.3907775878906, -349.9653015136719, -510.90667724609375, -127.79230499267578, 256.2527770996094, 391.9967346191406, 213.73220825195312, -53.383697509765625, 84.61930084228516, -29.68532371520996], [383.3686828613281, -580.2229614257812, 552.1708984375, -51.37484359741211, 56.181541442871094, 164.06370544433594, 35.692264556884766, -5.434530735015869, -55.417274475097656, -15.884660720825195, 41.8895378112793, -17.326204299926758, 25.881746292114258], [137.0048065185547, -338.3907775878906, -51.37484359741211, 380.1963195800781, 147.46817016601562, 2.28924298286438, -46.54595947265625, -31.498979568481445, 37.7940559387207, -13.689627647399902, -12.542593002319336, 35.80344772338867, 35.7548942565918], [140.09625244140625, -349.9653015136719, 56.181541442871094, 147.46817016601562, 380.5832214355469, 153.5450439453125, -65.5226821899414, -85.01435089111328, -78.8391342163086, -55.45512008666992, 37.1317253112793, 17.129501342773438, 65.63619232177734], [473.4539794921875, -510.90667724609375, 164.06370544433594, 2.28924298286438, 153.5450439453125, 302.1705017089844, 86.43399047851562, -72.95391845703125, -123.3945083618164, -50.938045501708984, 64.55265808105469, -18.129430770874023, 29.79650115966797], [303.8063049316406, -127.79230499267578, 35.692264556884766, -46.54595947265625, -65.5226821899414, 86.43399047851562, 207.80088806152344, 42.052711486816406, -46.64521408081055, -6.896387100219727, 35.747108459472656, 3.300318479537964, 10.99912166595459], [-99.74285125732422, 256.2527770996094, -5.434530735015869, -31.498979568481445, -85.01435089111328, -72.95391845703125, 42.052711486816406, 159.0953369140625, 87.24164581298828, 34.43654251098633, 5.54428243637085, 31.585147857666016, 7.659310340881348], [-347.7100524902344, 391.9967346191406, -55.417274475097656, 37.7940559387207, -78.8391342163086, -123.3945083618164, -46.64521408081055, 87.24164581298828, 199.21585083007812, 94.96363830566406, -20.705434799194336, 35.76145935058594, 8.048580169677734], [-165.7577362060547, 213.73220825195312, -15.884660720825195, -13.689627647399902, -55.45512008666992, -50.938045501708984, -6.896387100219727, 34.43654251098633, 94.96363830566406, 133.53887939453125, 15.131012916564941, 9.641036033630371, -20.169692993164062], [110.39431762695312, -53.383697509765625, 41.8895378112793, -12.542593002319336, 37.1317253112793, 64.55265808105469, 35.747108459472656, 5.54428243637085, -20.705434799194336, 15.131012916564941, 89.72824096679688, 19.9405517578125, 11.729360580444336], [-80.69993591308594, 84.61930084228516, -17.326204299926758, 35.80344772338867, 17.129501342773438, -18.129430770874023, 3.300318479537964, 31.585147857666016, 35.76145935058594, 9.641036033630371, 19.9405517578125, 98.56343841552734, 30.50515365600586], [-11.650577545166016, -29.68532371520996, 25.881746292114258, 35.7548942565918, 65.63619232177734, 29.79650115966797, 10.99912166595459, 7.659310340881348, 8.048580169677734, -20.169692993164062, 11.729360580444336, 30.50515365600586, 85.19780731201172]], "lowlevel.mfcc.icov": [[0.0006599458283744752, 0.0007458186591975391, 0.0003876292903441936, 0.00035854289308190346, 5.540981874219142e-05, -4.654125950764865e-05, -0.00034849197254516184, -0.0004922958323732018, -0.0002614819095470011, 8.41067303554155e-05, -0.0004439005861058831, 9.908839274430647e-05, 0.0002149702049791813], [0.0007458186591975391, 0.0013365865452215075, 0.0008629269432276487, 0.0010211151093244553, -3.9542585000162944e-05, 0.0002797038177959621, -0.00027082409360446036, -0.0007435842999257147, -0.0009398822439834476, 1.871265340014361e-05, -0.0006438334239646792, -1.1079148862336297e-05, 9.729798330226913e-05], [0.0003876292903441936, 0.0008629269432276487, 0.0028890641406178474, 0.00094459333922714, 0.0002505122101865709, -0.0013269723858684301, 0.0005815281765535474, -0.001226805499754846, -0.000370762194506824, -0.0003234951291233301, -0.0004935933975502849, 0.00030952796805649996, -0.0006985178333707154], [0.00035854289308190346, 0.0010211151093244553, 0.00094459333922714, 0.004654997959733009, -0.0019488808466121554, 0.0007930488209240139, -0.0007802688051015139, 0.000688166415784508, -0.003018943127244711, 0.0009000641875900328, 0.00020732548728119582, -0.0009228213457390666, 0.00022738089319318533], [5.540981874219142e-05, -3.9542585000162944e-05, 0.0002505122101865709, -0.0019488808466121554, 0.0062834881246089935, -0.0030890575144439936, 0.003669524099677801, -0.0002912009076680988, 0.0025280744303017855, -0.0005229183007031679, -0.001077296445146203, -0.0004111583693884313, -0.0035395072773098946], [-4.654125950764865e-05, 0.0002797038177959621, -0.0013269723858684301, 0.0007930488209240139, -0.0030890575144439936, 0.008851306512951851, -0.004024929367005825, 0.002791734179481864, 2.94570218102308e-05, 0.0008144264575093985, -0.0030825987923890352, 0.0011663222685456276, -8.895158680388704e-05], [-0.00034849197254516184, -0.00027082409360446036, 0.0005815281765535474, -0.0007802688051015139, 0.003669524099677801, -0.004024929367005825, 0.00968113448470831, -0.004044482950121164, 0.004236300941556692, -0.001833140617236495, -0.0005846450221724808, -0.0004145925340708345, -0.0029020505025982857], [-0.0004922958323732018, -0.0007435842999257147, -0.001226805499754846, 0.000688166415784508, -0.0002912009076680988, 0.002791734179481864, -0.004044482950121164, 0.012399057857692242, -0.005726872012019157, 0.002444895450025797, -0.0016657046508044004, -0.0014111556811258197, 0.0002673257258720696], [-0.0002614819095470011, -0.0009398822439834476, -0.000370762194506824, -0.003018943127244711, 0.0025280744303017855, 2.94570218102308e-05, 0.004236300941556692, -0.005726872012019157, 0.016606125980615616, -0.009212357923388481, 0.0034391467925161123, -0.0014931815676391125, -0.004662176128476858], [8.41067303554155e-05, 1.871265340014361e-05, -0.0003234951291233301, 0.0009000641875900328, -0.0005229183007031679, 0.0008144264575093985, -0.001833140617236495, 0.002444895450025797, -0.009212357923388481, 0.014763093553483486, -0.004977042321115732, 0.000639868201687932, 0.0046948399394750595], [-0.0004439005861058831, -0.0006438334239646792, -0.0004935933975502849, 0.00020732548728119582, -0.001077296445146203, -0.0030825987923890352, -0.0005846450221724808, -0.0016657046508044004, 0.0034391467925161123, -0.004977042321115732, 0.017129601910710335, -0.0038485857658088207, -0.0005722701316699386], [9.908839274430647e-05, -1.1079148862336297e-05, 0.00030952796805649996, -0.0009228213457390666, -0.0004111583693884313, 0.0011663222685456276, -0.0004145925340708345, -0.0014111556811258197, -0.0014931815676391125, 0.000639868201687932, -0.0038485857658088207, 0.013787905685603619, -0.003722206223756075], [0.0002149702049791813, 9.729798330226913e-05, -0.0006985178333707154, 0.00022738089319318533, -0.0035395072773098946, -8.895158680388704e-05, -0.0029020505025982857, 0.0002673257258720696, -0.004662176128476858, 0.0046948399394750595, -0.0005722701316699386, -0.003722206223756075, 0.01798943802714348]], "metadata.audio_properties.analysis.downmix": "mix", "metadata.audio_properties.codec": "mp3", "metadata.audio_properties.md5_encoded": "b54fdb9259de01595dccdbebc76e60f5", "metadata.tags.file_name": "1183667860996894780.mp3", "metadata.version.essentia": "2.1-beta6-dev", "metadata.version.essentia_git_sha": "v2.1_beta5-1110-g77a6a954", "metadata.version.extractor": "music 2.0", "tonal.chords_key": "G", "tonal.chords_scale": "minor", "tonal.key_edma.key": "Bb", "tonal.key_edma.scale": "major", "tonal.key_krumhansl.key": "Bb", "tonal.key_krumhansl.scale": "major", "tonal.key_temperley.key": "Bb", "tonal.key_temperley.scale": "majo