{"song_id": "1183700428941185024", "download": "https://cdn.discordapp.com/attachments/1128313332273782784/1183700428941185024/chirp.mp4?ex=658949ee&amp", "lyrics": "In the eerie present, madness unfolds,\nDream-shredding demon, angel born of sin, stories untold.\n\nDesire, madness, sin, graves, derision, termination,\nAnger's curse, death's roots, cruel hearts, abomination.\n\nBeasts emerge for a feast in the dark abyss,\nDemons sing, Satan's disciples, escape dismissed.\n\nI am the dream-shredding demon, emblem weeping,\nBlood longs to leave, roots of death in shadows creeping.\n\nNo way out, unholy rite tonight,\nPain, pursuit, trials, cleanse, demonic might\n\n[Verse]\nIn shadows deep, a haunting sound\nDark whispers lurk, all around\nEchoes of despair, they ring\nMelodies that sadness bring\n\n[Chorus]\nLost in the void, where silence meets\nDark ambient, where darkness greets\nUnveiling secrets, mystery untold\nEmbracing solitude, where shadows unfold", "style": ["random"], "essentia_features": {"lowlevel.average_loudness": 0.9730144143104553, "lowlevel.barkbands_crest.mean": 12.72954273223877, "lowlevel.barkbands_crest.stdev": 5.868656158447266, "lowlevel.barkbands_flatness_db.mean": 0.13061758875846863, "lowlevel.barkbands_flatness_db.stdev": 0.062029752880334854, "lowlevel.barkbands_kurtosis.mean": 11.181171417236328, "lowlevel.barkbands_kurtosis.stdev": 18.68303871154785, "lowlevel.barkbands_skewness.mean": 2.731301784515381, "lowlevel.barkbands_skewness.stdev": 1.9550987482070923, "lowlevel.barkbands_spread.mean": 30.05736541748047, "lowlevel.barkbands_spread.stdev": 21.294113159179688, "lowlevel.dissonance.mean": 0.488402783870697, "lowlevel.dissonance.stdev": 0.010038971900939941, "lowlevel.dynamic_complexity": 3.488185167312622, "lowlevel.erbbands_crest.mean": 4.992769241333008, "lowlevel.erbbands_crest.stdev": 1.8641303777694702, "lowlevel.erbbands_flatness_db.mean": 0.09559684991836548, "lowlevel.erbbands_flatness_db.stdev": 0.020803583785891533, "lowlevel.erbbands_kurtosis.mean": -0.5110769867897034, "lowlevel.erbbands_kurtosis.stdev": 0.7036651372909546, "lowlevel.erbbands_skewness.mean": -0.3925001919269562, "lowlevel.erbbands_skewness.stdev": 0.43657106161117554, "lowlevel.erbbands_spread.mean": 63.576072692871094, "lowlevel.erbbands_spread.stdev": 16.741737365722656, "lowlevel.hfc.mean": 33.88190460205078, "lowlevel.hfc.stdev": 21.43189811706543, "lowlevel.loudness_ebu128.integrated": -17.59100914001465, "lowlevel.loudness_ebu128.loudness_range": 1.104949951171875, "lowlevel.loudness_ebu128.momentary.mean": -20.367631912231445, "lowlevel.loudness_ebu128.momentary.stdev": 12.725027084350586, "lowlevel.loudness_ebu128.short_term.mean": -17.707639694213867, "lowlevel.loudness_ebu128.short_term.stdev": 0.67938232421875, "lowlevel.melbands_crest.mean": 19.23149871826172, "lowlevel.melbands_crest.stdev": 6.641383647918701, "lowlevel.melbands_flatness_db.mean": 0.2080167531967163, "lowlevel.melbands_flatness_db.stdev": 0.07716776430606842, "lowlevel.melbands_kurtosis.mean": 48.59576416015625, "lowlevel.melbands_kurtosis.stdev": 58.14725875854492, "lowlevel.melbands_skewness.mean": 5.516919136047363, "lowlevel.melbands_skewness.stdev": 3.007284164428711, "lowlevel.melbands_spread.mean": 20.4252986907959, "lowlevel.melbands_spread.stdev": 21.34854507446289, "lowlevel.pitch_salience.mean": 0.497538685798645, "lowlevel.pitch_salience.stdev": 0.15747839212417603, "lowlevel.silence_rate_20dB.mean": 1.0, "lowlevel.silence_rate_20dB.stdev": 0.0, "lowlevel.silence_rate_30dB.mean": 0.7444959282875061, "lowlevel.silence_rate_30dB.stdev": 0.4361411929130554, "lowlevel.silence_rate_60dB.mean": 0.05272305756807327, "lowlevel.silence_rate_60dB.stdev": 0.22347450256347656, "lowlevel.spectral_centroid.mean": 1940.7052001953125, "lowlevel.spectral_centroid.stdev": 932.84423828125, "lowlevel.spectral_complexity.mean": 31.74681282043457, "lowlevel.spectral_complexity.stdev": 12.108644485473633, "lowlevel.spectral_decrease.mean": -1.9258868277916008e-08, "lowlevel.spectral_decrease.stdev": 1.7038978228356427e-08, "lowlevel.spectral_energy.mean": 0.07576063275337219, "lowlevel.spectral_energy.stdev": 0.06472650915384293, "lowlevel.spectral_energyband_high.mean": 0.002274316968396306, "lowlevel.spectral_energyband_high.stdev": 0.00198379042558372, "lowlevel.spectral_energyband_low.mean": 0.06037740036845207, "lowlevel.spectral_energyband_low.stdev": 0.06546987593173981, "lowlevel.spectral_energyband_middle_high.mean": 0.00452912412583828, "lowlevel.spectral_energyband_middle_high.stdev": 0.0028570606373250484, "lowlevel.spectral_energyband_middle_low.mean": 0.012952959164977074, "lowlevel.spectral_energyband_middle_low.stdev": 0.011379481293261051, "lowlevel.spectral_entropy.mean": 8.081796646118164, "lowlevel.spectral_entropy.stdev": 0.2683399021625519, "lowlevel.spectral_flux.mean": 0.1552358716726303, "lowlevel.spectral_flux.stdev": 0.09440331906080246, "lowlevel.spectral_kurtosis.mean": 2.474181652069092, "lowlevel.spectral_kurtosis.stdev": 1.0071946382522583, "lowlevel.spectral_rms.mean": 0.007851332426071167, "lowlevel.spectral_rms.stdev": 0.003502781270071864, "lowlevel.spectral_rolloff.mean": 1646.3583984375, "lowlevel.spectral_rolloff.stdev": 2941.934814453125, "lowlevel.spectral_skewness.mean": 1.1776012182235718, "lowlevel.spectral_skewness.stdev": 0.2356562316417694, "lowlevel.spectral_spread.mean": 5947442.0, "lowlevel.spectral_spread.stdev": 3100321.0, "lowlevel.spectral_strongpeak.mean": 0.47816595435142517, "lowlevel.spectral_strongpeak.stdev": 0.3400883376598358, "lowlevel.zerocrossingrate.mean": 0.07797223329544067, "lowlevel.zerocrossingrate.stdev": 0.07328347116708755, "metadata.audio_properties.analysis.equal_loudness": 0.0, "metadata.audio_properties.analysis.length": 40.04265213012695, "metadata.audio_properties.analysis.sample_rate": 44100.0, "metadata.audio_properties.analysis.start_time": 0.0, "metadata.audio_properties.bit_rate": 119866.0, "metadata.audio_properties.length": 40.042667388916016, "metadata.audio_properties.lossless": 0.0, "metadata.audio_properties.number_channels": 1.0, "metadata.audio_properties.replay_gain": -6.547267913818359, "metadata.audio_properties.sample_rate": 48000.0, "rhythm.beats_count": 121.0, "rhythm.beats_loudness.mean": 0.05111921951174736, "rhythm.beats_loudness.stdev": 0.02078312821686268, "rhythm.bpm": 184.57015991210938, "rhythm.bpm_histogram_first_peak_bpm": 185.0, "rhythm.bpm_histogram_first_peak_weight": 0.0, "rhythm.bpm_histogram_second_peak_bpm": 191.0, "rhythm.bpm_histogram_second_peak_spread": 0.0, "rhythm.bpm_histogram_second_peak_weight": 0.19166666269302368, "rhythm.danceability": 1.4557582139968872, "rhythm.onset_rate": 4.918308734893799, "tonal.chords_changes_rate": 0.1111111119389534, "tonal.chords_number_rate": 0.012731481343507767, "tonal.chords_strength.mean": 0.4559117555618286, "tonal.chords_strength.stdev": 0.10054726153612137, "tonal.hpcp_crest.mean": 10.95407772064209, "tonal.hpcp_crest.stdev": 5.875270843505859, "tonal.hpcp_entropy.mean": 2.487471580505371, "tonal.hpcp_entropy.stdev": 0.8313463926315308, "tonal.key_edma.strength": 0.47068944573402405, "tonal.key_krumhansl.strength": 0.4738038182258606, "tonal.key_temperley.strength": 0.4861874282360077, "tonal.tuning_diatonic_strength": 0.482681542634964, "tonal.tuning_equal_tempered_deviation": 0.30154189467430115, "tonal.tuning_frequency": 434.193115234375, "tonal.tuning_nontempered_energy_ratio": 0.936515212059021, "lowlevel.barkbands.mean": [0.002515908097848296, 0.044633809477090836, 0.008946530520915985, 0.006237547844648361, 0.0017892942996695638, 0.001518384786322713, 0.0010443006176501513, 0.0010275711538270116, 0.001163300359621644, 0.0003775639343075454, 0.00032021960942074656, 0.0003281657409388572, 0.00032567919697612524, 0.0003171651915181428, 0.00031437643337994814, 0.000512771075591445, 0.0006100090104155242, 0.00045664687058888376, 0.0007531078881584108, 0.0005583108868449926, 0.0005335242603905499, 0.00046004008618183434, 0.00029713541152887046, 0.00018550094682723284, 0.0003383694274816662, 0.00019286917813587934, 2.559033418947365e-06], "lowlevel.barkbands.stdev": [0.0032335403375327587, 0.06156883388757706, 0.008614410646259785, 0.00585668021813035, 0.003115494269877672, 0.003967182245105505, 0.0019403244368731976, 0.00202579447068274, 0.0012882911833003163, 0.0005694376886822283, 0.0005055859219282866, 0.00042735604802146554, 0.0003510743554215878, 0.00032375313458032906, 0.0003116304869763553, 0.000441502605099231, 0.0004510417638812214, 0.00041213445365428925, 0.0005629791412502527, 0.000439145922427997, 0.0005122969159856439, 0.0005076710949651897, 0.0003459092113189399, 0.00021013233345001936, 0.0004162584664300084, 0.00030985006014816463, 7.877742064010818e-06], "lowlevel.erbbands.mean": [1.7079941034317017, 8.245835304260254, 11.927252769470215, 17.667293548583984, 10.280776977539062, 5.477014064788818, 7.879312992095947, 12.567771911621094, 10.664624214172363, 26.19942283630371, 20.85591697692871, 25.460399627685547, 16.92161750793457, 10.688056945800781, 14.04421615600586, 13.375718116760254, 15.044175148010254, 15.570328712463379, 17.682296752929688, 16.657377243041992, 34.185386657714844, 35.04508972167969, 25.569873809814453, 33.019371032714844, 35.86280059814453, 26.708887100219727, 22.08199119567871, 20.570703506469727, 17.347549438476562, 12.311529159545898, 7.578877925872803, 4.154909133911133, 3.1481833457946777, 3.2983200550079346, 2.6543216705322266, 1.2994436025619507, 0.248586043715477, 0.018615521490573883, 0.0005262928316369653, 0.00011209494550712407], "lowlevel.erbbands.stdev": [2.5289113521575928, 11.31065845489502, 11.364256858825684, 14.734624862670898, 10.831819534301758, 10.227005004882812, 18.788055419921875, 34.61289596557617, 20.996906280517578, 54.574493408203125, 29.67508888244629, 28.818449020385742, 21.890356063842773, 16.999765396118164, 21.72674560546875, 16.43768882751465, 16.065183639526367, 14.7008056640625, 17.71708106994629, 14.498433113098145, 28.23000144958496, 25.521135330200195, 22.018545150756836, 26.034927368164062, 26.930564880371094, 20.15045166015625, 20.9915828704834, 21.063919067382812, 19.137292861938477, 15.131708145141602, 8.690506935119629, 4.787670612335205, 3.564753293991089, 3.716646671295166, 3.5191550254821777, 1.9583289623260498, 0.4847012460231781, 0.040664125233888626, 0.0010286570759490132, 8.504577999701723e-05], "lowlevel.gfcc.mean": [23.496238708496094, 61.78981018066406, -94.47280883789062, 59.44905090332031, -44.24220275878906, 26.134450912475586, -27.927640914916992, 27.7810001373291, -22.62360191345215, 12.465888023376465, -24.16942024230957, -0.2702495753765106, -16.55558204650879], "lowlevel.melbands.mean": [0.013565370813012123, 0.007588893175125122, 0.0026989371981471777, 0.0005140245193615556, 0.00025187345454469323, 0.0002838119980879128, 0.00017723858763929456, 0.00028065498918294907, 0.00017239393491763622, 0.000161612726515159, 8.100057311821729e-05, 4.088933201273903e-05, 4.5996945118531585e-05, 3.772364652832039e-05, 3.304602068965323e-05, 3.3261123462580144e-05, 2.8128017220296897e-05, 2.8943029974470846e-05, 2.286228300363291e-05, 2.463958844600711e-05, 4.366662687971257e-05, 3.763166387216188e-05, 2.7239995688432828e-05, 2.0013603716506623e-05, 2.724054138525389e-05, 2.8841026505688205e-05, 2.194241460529156e-05, 1.6478081306559034e-05, 1.3582174688053783e-05, 1.3212082194513641e-05, 1.161149066319922e-05, 1.0594648301776033e-05, 7.4159970608889125e-06, 6.652263436990324e-06, 4.677044671552721e-06, 3.0269945909822127e-06, 2.3630273062735796e-06, 2.1272348931233864e-06, 2.340161927349982e-06, 2.9223754154372727e-06], "lowlevel.melbands.stdev": [0.019564224407076836, 0.007401052862405777, 0.0021805574651807547, 0.0007704626186750829, 0.0005719460314139724, 0.0007599880918860435, 0.00033551943488419056, 0.0005864207050763071, 0.00023084107670001686, 0.0001856434828368947, 0.00010830887913471088, 6.841206777608022e-05, 7.270924106705934e-05, 5.260766556602903e-05, 3.9446804294129834e-05, 3.501781611703336e-05, 2.8429283702280372e-05, 3.11761032207869e-05, 2.315160963917151e-05, 1.9766204786719754e-05, 3.7931524275336415e-05, 2.8779379135812633e-05, 2.3052867618389428e-05, 2.022362605202943e-05, 2.2739322957932018e-05, 2.3325172151089646e-05, 1.6125697584357113e-05, 1.3618592674902175e-05, 1.4420488696487155e-05, 1.326726942352252e-05, 1.310417428612709e-05, 1.2361669178062584e-05, 9.033133210323285e-06, 8.593200618634e-06, 5.534713636734523e-06, 3.6576866477844305e-06, 2.878405211959034e-06, 2.60976048593875e-06, 2.753261242105509e-06, 3.4163776945206337e-06], "lowlevel.melbands128.mean": [0.0023199105635285378, 0.014571359381079674, 0.018262002617120743, 0.011998592875897884, 0.007044816855341196, 0.003826331114396453, 0.004062301479279995, 0.0023335269652307034, 0.0007787723443470895, 0.0005253286799415946, 0.00023761157353874296, 0.00015193036233540624, 0.0002405330742476508, 0.0004010146949440241, 0.0003062535251956433, 0.00022562271624337882, 0.00015572049596812576, 0.000127167280879803, 0.0002457865048199892, 0.00036347011337056756, 0.0002656610740814358, 0.0001359229499939829, 0.00016924875671975315, 0.00020536150259431452, 0.00014513416681438684, 0.00018213271687272936, 0.00010436324373586103, 7.917907350929454e-05, 4.714836904895492e-05, 3.716905484907329e-05, 4.105802145204507e-05, 4.208710743114352e-05, 4.775408888235688e-05, 4.924994209432043e-05, 3.86715037166141e-05, 3.468082286417484e-05, 3.5067634598817676e-05, 3.3516880648676306e-05, 3.1204905099002644e-05, 3.301320248283446e-05, 3.710541204782203e-05, 2.742588367254939e-05, 2.668064735189546e-05, 2.936100099759642e-05, 2.988867709063925e-05, 2.9837909096386284e-05, 2.6400695787742734e-05, 2.4223905711551197e-05, 2.0399080312927254e-05, 1.9715826056199148e-05, 2.0304612917243503e-05, 3.41629893227946e-05, 4.777776848641224e-05, 4.428575630299747e-05, 4.251873542671092e-05, 3.702180038089864e-05, 3.644991011242382e-05, 2.6166275347350165e-05, 2.7471871362649836e-05, 2.0844227037741803e-05, 1.8340249880566262e-05, 1.9354150936123915e-05, 2.511262209736742e-05, 3.140353874186985e-05, 2.730377127591055e-05, 3.1401770684169605e-05, 2.844337359420024e-05, 2.1562869733315893e-05, 2.133426460204646e-05, 2.1692318114219233e-05, 1.544104452477768e-05, 1.4611076039727777e-05, 1.4450495655182749e-05, 1.3302958905114792e-05, 1.2327920558163896e-05, 1.4904182535246946e-05, 1.2560254617710598e-05, 1.1174932296853513e-05, 1.1910457033081912e-05, 1.1305992302368395e-05, 1.1952974091400392e-05, 1.0228126484435052e-05, 7.726963303866796e-06, 7.176782219175948e-06, 6.981576007092372e-06, 6.911444870638661e-06, 6.729031611030223e-06, 5.787300324300304e-06, 4.5877732191002e-06, 3.935637323593255e-06, 3.3208884815394413e-06, 2.8618521810130915e-06, 2.3490545117965667e-06, 2.287922143295873e-06, 2.4318756004504394e-06, 2.2529338821186684e-06, 1.965765477507375e-06, 2.071876906484249e-06, 2.2018411982571706e-06, 2.4935297915362753e-06, 2.9287332381500164e-06, 2.785284095807583e-06, 3.288276957391645e-06, 3.0835494726488832e-06, 3.1631718684366206e-06, 2.830138328135945e-06, 2.874603296731948e-06, 3.073846073675668e-06, 2.399820687060128e-06, 1.6634249959679437e-06, 1.2382570275804028e-06, 1.0046724128187634e-06, 6.856399181742745e-07, 4.2212880657643836e-07, 2.5021319061124814e-07, 1.2325942577717797e-07, 8.460146005973002e-08, 2.6440604372623966e-08, 2.5924449253977855e-09, 1.1019518630916991e-10, 4.765920991189887e-11, 1.7349026729118755e-11, 1.1313498748943829e-11, 1.1091008320085471e-11, 1.0822068068072621e-11, 1.0499848386580357e-11, 1.0305846454006229e-11, 1.0231902131119242e-11], "lowlevel.melbands128.stdev": [0.0030924752354621887, 0.021565787494182587, 0.029157044366002083, 0.01580929569900036, 0.00752126844599843, 0.00354708731174469, 0.003564713755622506, 0.0023533545900136232, 0.0010766565101221204, 0.001148428418673575, 0.0005242034676484764, 0.0003347806050442159, 0.0005902819102630019, 0.0011257880832999945, 0.0009496407583355904, 0.0006333491182886064, 0.0003675836487673223, 0.0002749237755779177, 0.0004684498708229512, 0.0008601941517554224, 0.0006377823301590979, 0.0002607112401165068, 0.00025959283811971545, 0.00028987342375330627, 0.00019637799414340407, 0.0002746460377238691, 0.00017320715414825827, 0.00012457833508960903, 8.555717067793012e-05, 7.837621524231508e-05, 7.636675582034513e-05, 7.92297360021621e-05, 8.810921281110495e-05, 9.448625496588647e-05, 6.646848487434909e-05, 5.6089615100063384e-05, 5.196993879508227e-05, 4.9804122681962326e-05, 4.4055072066839784e-05, 4.4901618821313605e-05, 4.626354711945169e-05, 3.180829298798926e-05, 3.41330814990215e-05, 3.84669256163761e-05, 3.890379230142571e-05, 4.1676285036373883e-05, 3.0185543437255546e-05, 2.979884266096633e-05, 2.6373498258180916e-05, 2.169027902709786e-05, 2.0638002752093598e-05, 3.30108123307582e-05, 5.772290751338005e-05, 4.3530217226361856e-05, 4.0564518712926656e-05, 3.809913687291555e-05, 3.4982236684300005e-05, 2.7711739676306024e-05, 2.8990680220886134e-05, 2.4599712560302578e-05, 2.4542316168663092e-05, 2.2278903998085298e-05, 2.6521860490902327e-05, 3.102176924585365e-05, 2.5418170480406843e-05, 3.0673720175400376e-05, 3.008044404850807e-05, 1.993334444705397e-05, 1.898979644465726e-05, 1.9099565179203637e-05, 1.4133743206912186e-05, 1.593100569152739e-05, 1.960982808668632e-05, 1.661402166064363e-05, 1.2765796782332473e-05, 1.7613385352888145e-05, 1.4784603081352543e-05, 1.3777957065030932e-05, 1.664857154537458e-05, 1.3888477951695677e-05, 1.6161060557351448e-05, 1.3910432244301774e-05, 9.60287252382841e-06, 1.0208713320025709e-05, 1.046759462042246e-05, 1.0411612493044231e-05, 1.0071939868794288e-05, 7.3569426604080945e-06, 6.189531632116996e-06, 5.436870651465142e-06, 4.3240838749625254e-06, 4.204539436614141e-06, 3.0616629373980686e-06, 2.9837249257980147e-06, 3.563383870641701e-06, 3.265453642598004e-06, 2.6329510092182318e-06, 2.703859763641958e-06, 2.8160281999589643e-06, 3.5058806133747566e-06, 3.354733962623868e-06, 3.619289600464981e-06, 4.6302861846925225e-06, 4.28763814852573e-06, 4.1759631130844355e-06, 4.5330530156206805e-06, 5.71421787753934e-06, 4.339557563071139e-06, 3.863096935674548e-06, 2.8475008093664655e-06, 2.189873384850216e-06, 2.2005867776897503e-06, 1.8689315766096115e-06, 9.322782261733664e-07, 6.44001545424544e-07, 4.6135255615809e-07, 2.2501862417811935e-07, 1.4899337941187696e-07, 3.189065012065839e-08, 1.3701821899303468e-09, 6.968036703192126e-10, 1.3120761421792082e-10, 1.5057297422793603e-11, 1.4784420215852023e-11, 1.4555648353287154e-11, 1.4374727970445367e-11, 1.4241873305675945e-11, 1.416091289369037e-11], "lowlevel.mfcc.mean": [-614.9541625976562, 88.25708770751953, 11.552824974060059, 41.893714904785156, 12.44109058380127, 11.825440406799316, 10.037412643432617, 11.916379928588867, 13.670185089111328, 9.035453796386719, 9.940350532531738, 3.332747220993042, 3.2706549167633057], "lowlevel.spectral_contrast_coeffs.mean": [-0.7113984823226929, -0.8126639127731323, -0.8178116083145142, -0.8268887996673584, -0.8116360306739807, -0.7393321990966797], "lowlevel.spectral_contrast_coeffs.stdev": [0.07277499884366989, 0.05357268825173378, 0.04559638351202011, 0.03614678606390953, 0.03350498899817467, 0.051112785935401917], "lowlevel.spectral_contrast_valleys.mean": [-6.507877349853516, -6.768983364105225, -7.423803806304932, -7.404347896575928, -6.9768571853637695, -9.724178314208984], "lowlevel.spectral_contrast_valleys.stdev": [2.3699543476104736, 2.383291482925415, 2.235931634902954, 2.190643548965454, 2.2289628982543945, 1.9935189485549927], "rhythm.beats_loudness_band_ratio.mean": [0.559360682964325, 0.14328716695308685, 0.11920591443777084, 0.03983744978904724, 0.057820457965135574, 0.11874455213546753], "rhythm.beats_loudness_band_ratio.stdev": [0.16251760721206665, 0.10340099036693573, 0.06884213536977768, 0.0183716993778944, 0.024291537702083588, 0.09723832458257675], "tonal.hpcp.mean": [0.15423014760017395, 0.1236240342259407, 0.08885499089956284, 0.06691152602434158, 0.05470078065991402, 0.04753072187304497, 0.04418763145804405, 0.051597315818071365, 0.0592665933072567, 0.05685756728053093, 0.04318813979625702, 0.03787806257605553, 0.07007182389497757, 0.13017460703849792, 0.12280242890119553, 0.08669323474168777, 0.10477478057146072, 0.10946708172559738, 0.1344384253025055, 0.15371452271938324, 0.10274668782949448, 0.06076106056571007, 0.05093450844287872, 0.0512365996837616, 0.05846504867076874, 0.06989534199237823, 0.08161543309688568, 0.11642266809940338, 0.17944489419460297, 0.18676799535751343, 0.18983834981918335, 0.1928904801607132, 0.1457066833972931, 0.1647000014781952, 0.20755328238010406, 0.1856972873210907], "tonal.hpcp.stdev": [0.29060330986976624, 0.27538570761680603, 0.2316899299621582, 0.1952509731054306, 0.15142960846424103, 0.14500877261161804, 0.1423521488904953, 0.14799758791923523, 0.15798147022724152, 0.14946387708187103, 0.13089001178741455, 0.12094596773386002, 0.15709549188613892, 0.24432186782360077, 0.22895583510398865, 0.18039046227931976, 0.20953956246376038, 0.21089337766170502, 0.232750803232193, 0.26978328824043274, 0.1926760971546173, 0.144441619515419, 0.15037056803703308, 0.14426206052303314, 0.15453991293907166, 0.16056504845619202, 0.1888282597064972, 0.2348705232143402, 0.3179895579814911, 0.30398762226104736, 0.2991870045661926, 0.32748734951019287, 0.2632695138454437, 0.27776286005973816, 0.33078986406326294, 0.2946552038192749], "rhythm.beats_position": [0.3715192675590515, 0.743038535118103, 1.1145577430725098, 1.486077070236206, 1.8459863662719727, 2.2058956623077393, 2.5774149894714355, 2.9489340782165527, 3.2972335815429688, 3.6455328464508057, 3.9938321113586426, 4.342131614685059, 4.667210578918457, 5.003900051116943, 5.34058952331543, 5.6888885498046875, 6.013967990875244, 6.36226749420166, 6.687346935272217, 7.012426376342773, 7.337505340576172, 7.6625847816467285, 7.987664222717285, 8.324353218078613, 8.661043167114258, 8.986122131347656, 9.334421157836914, 9.671111106872559, 10.007800102233887, 10.344490051269531, 10.68117904663086, 11.006258010864258, 11.331337928771973, 11.6680269241333, 11.981496810913086, 12.318185806274414, 12.654874801635742, 12.979954719543457, 13.316643714904785, 13.653332710266113, 13.978412628173828, 14.303491592407227, 14.640181541442871, 14.9768705368042, 15.301949501037598, 15.627029418945312, 15.952108383178711, 16.27718734741211, 16.60226821899414, 16.92734718322754, 17.252426147460938, 17.577505111694336, 17.902584075927734, 18.227664947509766, 18.552743911743164, 18.866212844848633, 19.1796817779541, 19.5047607421875, 19.82984161376953, 20.15492057800293, 20.479999542236328, 20.805078506469727, 21.130157470703125, 21.455238342285156, 21.780317306518555, 22.105396270751953, 22.418865203857422, 22.732336044311523, 23.057415008544922, 23.37088394165039, 23.69596290588379, 24.009431838989258, 24.33451271057129, 24.659591674804688, 24.984670639038086, 25.309749603271484, 25.623218536376953, 25.936689376831055, 26.261768341064453, 26.58684730529785, 26.91192626953125, 27.23700714111328, 27.55047607421875, 27.86394500732422, 28.189023971557617, 28.514102935791016, 28.839183807373047, 29.164262771606445, 29.489341735839844, 29.814420700073242, 30.13949966430664, 30.464580535888672, 30.77804946899414, 31.09151840209961, 31.416597366333008, 31.74167823791504, 32.06675720214844, 32.3918342590332, 32.70530700683594, 33.018775939941406, 33.34385299682617, 33.6689338684082, 33.994014739990234, 34.319091796875, 34.64417266845703, 34.9576416015625, 35.27111053466797, 35.59619140625, 35.921268463134766, 36.2463493347168, 36.559818267822266, 36.873287200927734, 37.198368072509766, 37.52344512939453, 37.84852600097656, 38.16199493408203, 38.4754638671875, 38.80054473876953, 39.114013671875, 39.42748260498047, 39.7525634765625], "rhythm.bpm_histogram": [0.0, 0.0, 0.0, 0.0, 0.0, 0.0, 0.0, 0.0, 0.0, 0.0, 0.0, 0.0, 0.0, 0.0, 0.0, 0.0, 0.0, 0.0, 0.0, 0.0, 0.0, 0.0, 0.0, 0.0, 0.0, 0.0, 0.0, 0.0, 0.0, 0.0, 0.0, 0.0, 0.0, 0.0, 0.0, 0.0, 0.0, 0.0, 0.0, 0.0, 0.0, 0.0, 0.0, 0.0, 0.0, 0.0, 0.0, 0.0, 0.0, 0.0, 0.0, 0.0, 0.0, 0.0, 0.0, 0.0, 0.0, 0.0, 0.0, 0.0, 0.0, 0.0, 0.0, 0.0, 0.0, 0.0, 0.0, 0.0, 0.0, 0.0, 0.0, 0.0, 0.0, 0.0, 0.0, 0.0, 0.0, 0.0, 0.0, 0.0, 0.0, 0.0, 0.0, 0.0, 0.0, 0.0, 0.0, 0.0, 0.0, 0.0, 0.0, 0.0, 0.0, 0.0, 0.0, 0.0, 0.0, 0.0, 0.0, 0.0, 0.0, 0.0, 0.0, 0.0, 0.0, 0.0, 0.0, 0.0, 0.0, 0.0, 0.0, 0.0, 0.0, 0.0, 0.0, 0.0, 0.0, 0.0, 0.0, 0.0, 0.0, 0.0, 0.0, 0.0, 0.0, 0.0, 0.0, 0.0, 0.0, 0.0, 0.0, 0.0, 0.0, 0.0, 0.0, 0.0, 0.0, 0.0, 0.0, 0.0, 0.0, 0.0, 0.0, 0.0, 0.0, 0.0, 0.0, 0.0, 0.0, 0.0, 0.0, 0.0, 0.0, 0.0, 0.0, 0.0, 0.0, 0.0, 0.0, 0.0, 0.0, 0.0416666679084301, 0.0, 0.0, 0.0, 0.0, 0.0, 0.01666666753590107, 0.0, 0.0, 0.0, 0.0, 0.05833333358168602, 0.0, 0.0, 0.0, 0.0, 0.0, 0.125, 0.0, 0.0, 0.0, 0.0, 0.0, 0.0, 0.5666666626930237, 0.0, 0.0, 0.0, 0.0, 0.0, 0.19166666269302368, 0.0, 0.0, 0.0, 0.0, 0.0, 0.0, 0.0, 0.0, 0.0, 0.0, 0.0, 0.0, 0.0, 0.0, 0.0, 0.0, 0.0, 0.0, 0.0, 0.0, 0.0, 0.0, 0.0, 0.0, 0.0, 0.0, 0.0, 0.0, 0.0, 0.0, 0.0, 0.0, 0.0, 0.0, 0.0, 0.0, 0.0, 0.0, 0.0, 0.0, 0.0, 0.0, 0.0, 0.0, 0.0, 0.0, 0.0, 0.0, 0.0, 0.0, 0.0, 0.0, 0.0, 0.0, 0.0, 0.0, 0.0, 0.0], "tonal.chords_histogram": [12.731481552124023, 0.0, 0.11574073880910873, 0.0, 4.282407283782959, 5.671296119689941, 0.0, 0.0, 0.0, 7.986111164093018, 0.0, 20.601852416992188, 26.38888931274414, 0.8101851940155029, 1.3888888359069824, 2.6620371341705322, 4.282407283782959, 0.0, 0.0, 0.0, 0.0, 9.837963104248047, 0.6944444179534912, 2.5462963581085205], "tonal.thpcp": [1.0, 0.8946969509124756, 0.7430869936943054, 0.5956255197525024, 0.4281069040298462, 0.322382390499115, 0.2635505497455597, 0.22900491952896118, 0.21289777755737305, 0.2485979199409485, 0.2855488061904907, 0.2739420235157013, 0.2080821841955185, 0.1824980229139328, 0.33760884404182434, 0.6271864771842957, 0.5916669964790344, 0.4176914691925049, 0.5048090815544128, 0.5274167656898499, 0.6477296948432922, 0.7406027317047119, 0.49503764510154724, 0.29274922609329224, 0.24540449678897858, 0.24685998260974884, 0.281686931848526, 0.336758553981781, 0.39322641491889954, 0.5609290599822998, 0.8645726442337036, 0.8998556733131409, 0.9146487712860107, 0.9293540120124817, 0.7020206451416016, 0.7935311794281006], "lowlevel.gfcc.cov": [[37853.109375, 3160.21875, -1805.5687255859375, 1267.6417236328125, -1157.6529541015625, 174.6193084716797, -449.9407958984375, 759.5210571289062, -202.4500732421875, 401.9519958496094, -364.49102783203125, -73.94720458984375, -313.5478515625], [3160.21875, 954.3392944335938, -310.55633544921875, 269.7945251464844, -0.2753273546695709, -42.91016387939453, 123.90091705322266, -8.223846435546875, 125.06170654296875, -81.44998931884766, 60.9538688659668, -125.67570495605469, 73.349609375], [-1805.5687255859375, -310.55633544921875, 347.1431579589844, -66.7745361328125, 101.67398834228516, 30.457063674926758, 2.570590019226074, -11.472841262817383, -2.8232102394104004, 19.651657104492188, -5.562062740325928, 41.90185546875, -15.022330284118652], [1267.6417236328125, 269.7945251464844, -66.7745361328125, 235.66448974609375, 66.05862426757812, 45.77658462524414, 72.17576599121094, 18.91932487487793, 52.921478271484375, -24.861421585083008, 8.691189765930176, -53.31816101074219, 21.893856048583984], [-1157.6529541015625, -0.2753273546695709, 101.67398834228516, 66.05862426757812, 239.25485229492188, 52.2114143371582, 124.38885498046875, 27.40897560119629, 55.958404541015625, -5.23410701751709, 15.000968933105469, -19.932601928710938, 27.27414321899414], [174.6193084716797, -42.91016387939453, 30.457063674926758, 45.77658462524414, 52.2114143371582, 102.58879852294922, 44.3714485168457, 43.2747688293457, 0.10185544937849045, -0.26401713490486145, -19.075408935546875, -4.760014533996582, -8.477596282958984], [-449.9407958984375, 123.90091705322266, 2.570590019226074, 72.17576599121094, 124.38885498046875, 44.3714485168457, 177.77320861816406, 27.882837295532227, 71.86156463623047, -23.301908493041992, 32.9864616394043, -29.837053298950195, 36.81237030029297], [759.5210571289062, -8.223846435546875, -11.472841262817383, 18.91932487487793, 27.40897560119629, 43.2747688293457, 27.882837295532227, 117.32611083984375, 5.94734001159668, 49.175479888916016, -23.67436981201172, 6.86636209487915, -11.145519256591797], [-202.4500732421875, 125.06170654296875, -2.8232102394104004, 52.921478271484375, 55.958404541015625, 0.10185544937849045, 71.86156463623047, 5.94734001159668, 89.39263916015625, -4.9991044998168945, 37.79042053222656, -22.561052322387695, 29.568946838378906], [401.9519958496094, -81.44998931884766, 19.651657104492188, -24.861421585083008, -5.23410701751709, -0.26401713490486145, -23.301908493041992, 49.175479888916016, -4.9991044998168945, 84.76039123535156, 2.847715139389038, 36.899471282958984, -11.314888000488281], [-364.49102783203125, 60.9538688659668, -5.562062740325928, 8.691189765930176, 15.000968933105469, -19.075408935546875, 32.9864616394043, -23.67436981201172, 37.79042053222656, 2.847715139389038, 65.48186492919922, 10.462998390197754, 34.517982482910156], [-73.94720458984375, -125.67570495605469, 41.90185546875, -53.31816101074219, -19.932601928710938, -4.760014533996582, -29.837053298950195, 6.86636209487915, -22.561052322387695, 36.899471282958984, 10.462998390197754, 67.69959259033203, 4.793288230895996], [-313.5478515625, 73.349609375, -15.022330284118652, 21.893856048583984, 27.27414321899414, -8.477596282958984, 36.81237030029297, -11.145519256591797, 29.568946838378906, -11.314888000488281, 34.517982482910156, 4.793288230895996, 57.7407112121582]], "lowlevel.gfcc.icov": [[0.00020976286032237113, -0.0009422755683772266, 0.00018799601821228862, -0.0008217382710427046, 0.0007829078822396696, -0.0004938743077218533, 0.0002052157506113872, -0.0005520433187484741, 0.0004516576591413468, -0.0009624864906072617, 0.0009585732477717102, -0.0014957261737436056, 0.001148064504377544], [-0.0009422755683772266, 0.007319670170545578, 0.0006234894972294569, 0.001324859680607915, -0.0028016697615385056, 0.00418993690982461, -0.001455382676795125, 0.0015533461701124907, -0.0033279776107519865, 0.005478363949805498, -0.005477071739733219, 0.009083947166800499, -0.006291114259511232], [0.00018799601821228862, 0.0006234894972294569, 0.0056197913363575935, -0.00047639181138947606, -0.001961915288120508, -0.0010909605771303177, 0.0009380253031849861, 0.001170483767054975, -0.0020461506210267544, -0.0005003359401598573, 0.0014936276711523533, -0.0036764631513506174, 0.002628087066113949], [-0.0008217382710427046, 0.001324859680607915, -0.00047639181138947606, 0.011908949352800846, -0.004682942759245634, -0.0028473681304603815, 0.00023805852106306702, 0.003055961336940527, -0.0030845359433442354, 0.0025419211015105247, -0.002965686609968543, 0.007875997573137283, -0.0053559220395982265], [0.0007829078822396696, -0.0028016697615385056, -0.001961915288120508, -0.004682942759245634, 0.012101715430617332, -0.002285171300172806, -0.004407190717756748, -0.0022705825977027416, 0.0011474363273009658, -0.0052354843355715275, 0.004772590938955545, -0.0027126341592520475, 0.0011538835242390633], [-0.0004938743077218533, 0.00418993690982461, -0.0010909605771303177, -0.0028473681304603815, -0.002285171300172806, 0.01889985054731369, -0.004571756348013878, -0.004527806770056486, 0.0014204728649929166, 0.006248422432690859, -0.0008206165512092412, 0.0020011106971651316, -0.0004921325016766787], [0.0002052157506113872, -0.001455382676795125, 0.0009380253031849861, 0.00023805852106306702, -0.004407190717756748, -0.004571756348013878, 0.015244775451719761, -0.004652107134461403, -0.004743148572742939, 0.004115311428904533, -0.004418272525072098, -0.00042737569310702384, -0.00017757031309884042], [-0.0005520433187484741, 0.0015533461701124907, 0.001170483767054975, 0.003055961336940527, -0.0022705825977027416, -0.004527806770056486, -0.004652107134461403, 0.021278459578752518, -0.0038306203205138445, -0.011209112592041492, 0.008862263523042202, 0.0025201800744980574, -0.00408628024160862], [0.0004516576591413468, -0.0033279776107519865, -0.0020461506210267544, -0.0030845359433442354, 0.0011474363273009658, 0.0014204728649929166, -0.004743148572742939, -0.0038306203205138445, 0.026898780837655067, -0.0052130757831037045, -0.008718590252101421, 0.005093525163829327, -0.0007385578937828541], [-0.0009624864906072617, 0.005478363949805498, -0.0005003359401598573, 0.0025419211015105247, -0.0052354843355715275, 0.006248422432690859, 0.004115311428904533, -0.011209112592041492, -0.0052130757831037045, 0.03203517943620682, -0.012896883301436901, -0.004090325441211462, 0.0023198409471660852], [0.0009585732477717102, -0.005477071739733219, 0.0014936276711523533, -0.002965686609968543, 0.004772590938955545, -0.0008206165512092412, -0.004418272525072098, 0.008862263523042202, -0.008718590252101421, -0.012896883301436901, 0.041436392813920975, -0.01575596071779728, -0.0056968629360198975], [-0.0014957261737436056, 0.009083947166800499, -0.0036764631513506174, 0.007875997573137283, -0.0027126341592520475, 0.0020011106971651316, -0.00042737569310702384, 0.0025201800744980574, 0.005093525163829327, -0.004090325441211462, -0.01575596071779728, 0.04508451744914055, -0.019004110246896744], [0.001148064504377544, -0.006291114259511232, 0.002628087066113949, -0.0053559220395982265, 0.0011538835242390633, -0.0004921325016766787, -0.00017757031309884042, -0.00408628024160862, -0.0007385578937828541, 0.0023198409471660852, -0.0056968629360198975, -0.019004110246896744, 0.038782671093940735]], "lowlevel.mfcc.cov": [[23667.751953125, 2325.57763671875, 96.08340454101562, 811.1465454101562, -55.0440673828125, -42.760013580322266, -42.656070709228516, 75.44383239746094, 177.7926788330078, 84.39212799072266, 230.7342987060547, 44.07606887817383, 92.37549591064453], [2325.57763671875, 610.9268798828125, -83.73493957519531, 209.61874389648438, 4.464261054992676, 36.948097229003906, 21.92595100402832, 49.17762756347656, 59.2794075012207, 48.09438705444336, 26.91592788696289, 11.43081283569336, 3.8404924869537354], [96.08340454101562, -83.73493957519531, 173.7888946533203, -25.817062377929688, 21.116012573242188, 6.078888893127441, -21.06869125366211, -9.230620384216309, -24.653018951416016, -10.970084190368652, -9.661642074584961, -9.113450050354004, -5.529335975646973], [811.1465454101562, 209.61874389648438, -25.817062377929688, 206.39686584472656, 52.251617431640625, 67.42198181152344, 42.06427001953125, 45.64231872558594, 55.43421173095703, 47.36174774169922, 28.833511352539062, 13.00163745880127, 6.015622138977051], [-55.0440673828125, 4.464261054992676, 21.116012573242188, 52.251617431640625, 105.42208862304688, 42.04974365234375, 28.03186798095703, 22.942554473876953, 32.160316467285156, 22.638427734375, 12.23051929473877, 6.243040084838867, 0.8265228271484375], [-42.760013580322266, 36.948097229003906, 6.078888893127441, 67.42198181152344, 42.04974365234375, 95.90254211425781, 48.272682189941406, 47.140113830566406, 30.08670425415039, 28.488544464111328, 7.112475872039795, 3.488893508911133, -3.7436656951904297], [-42.656070709228516, 21.92595100402832, -21.06869125366211, 42.06427001953125, 28.03186798095703, 48.272682189941406, 90.23587036132812, 55.90592575073242, 50.065731048583984, 30.236536026000977, 19.903120040893555, 9.48401165008545, 6.078068733215332], [75.44383239746094, 49.17762756347656, -9.230620384216309, 45.64231872558594, 22.942554473876953, 47.140113830566406, 55.90592575073242, 84.23668670654297, 53.24751281738281, 36.02580261230469, 13.810555458068848, 3.554818630218506, -0.9008908867835999], [177.7926788330078, 59.2794075012207, -24.653018951416016, 55.43421173095703, 32.160316467285156, 30.08670425415039, 50.065731048583984, 53.24751281738281, 83.34814453125, 46.86687088012695, 29.223005294799805, 11.149489402770996, 9.766718864440918], [84.39212799072266, 48.09438705444336, -10.970084190368652, 47.36174774169922, 22.638427734375, 28.488544464111328, 30.236536026000977, 36.02580261230469, 46.86687088012695, 59.3625602722168, 26.470802307128906, 10.458172798156738, 0.568631112575531], [230.7342987060547, 26.91592788696289, -9.661642074584961, 28.833511352539062, 12.23051929473877, 7.112475872039795, 19.903120040893555, 13.810555458068848, 29.223005294799805, 26.470802307128906, 47.18128204345703, 18.618865966796875, 11.833235740661621], [44.07606887817383, 11.43081283569336, -9.113450050354004, 13.00163745880127, 6.243040084838867, 3.488893508911133, 9.48401165008545, 3.554818630218506, 11.149489402770996, 10.458172798156738, 18.618865966796875, 39.21894454956055, 20.590192794799805], [92.37549591064453, 3.8404924869537354, -5.529335975646973, 6.015622138977051, 0.8265228271484375, -3.7436656951904297, 6.078068733215332, -0.9008908867835999, 9.766718864440918, 0.568631112575531, 11.833235740661621, 20.590192794799805, 45.68954849243164]], "lowlevel.mfcc.icov": [[8.242397598223761e-05, -0.00032304652268067, -0.0002410486777080223, -9.573325223755091e-05, 8.8672291894909e-05, 0.00015451070794370025, 2.696755291253794e-05, 8.034700840653386e-06, -8.593955135438591e-05, 0.0002735121233854443, -0.00039874654612503946, 0.00012940294982399791, -8.85085974005051e-05], [-0.00032304652268067, 0.00415164465084672, 0.0017246949719265103, -0.0028812559321522713, 0.0007371606770902872, 0.00014390666910912842, 0.0009730655583553016, -0.0010454840958118439, -5.504080399987288e-05, -0.0011484756832942367, 0.0017728167586028576, -0.0005801989464089274, 0.0005690206307917833], [-0.0002410486777080223, 0.0017246949719265103, 0.0077120098285377026, 0.0005849659792147577, -0.0023386208340525627, -0.0016064299270510674, 0.0022542965598404408, -0.001561424694955349, 0.0026939506642520428, -0.001122193643823266, 0.0004280431312508881, 0.0009857203112915158, -0.0003383057191967964], [-9.573325223755091e-05, -0.0028812559321522713, 0.0005849659792147577, 0.011433709412813187, -0.00289444113150239, -0.0053689079359173775, 0.0002902108244597912, 0.001146213966421783, -0.0012713451869785786, -0.002000482752919197, -0.0015979305608198047, 9.678820060798898e-05, -0.0007355233537964523], [8.8672291894909e-05, 0.0007371606770902872, -0.0023386208340525627, -0.00289444113150239, 0.013932077214121819, -0.0035670327488332987, -0.0005687072989530861, 0.0023628410417586565, -0.004993392154574394, 0.0006054526311345398, -0.00016933710139710456, -0.0010737335542216897, 0.001022377167828381], [0.00015451070794370025, 0.00014390666910912842, -0.0016064299270510674, -0.0053689079359173775, -0.0035670327488332987, 0.021686498075723648, -0.006762741133570671, -0.006426957901567221, 0.005128008779138327, -0.0034249466843903065, 0.003203334053978324, -0.0006554243736900389, 0.0012145452201366425], [2.696755291253794e-05, 0.0009730655583553016, 0.0022542965598404408, 0.0002902108244597912, -0.0005687072989530861, -0.006762741133570671, 0.02438274584710598, -0.00934268906712532, -0.006349449977278709, 0.002979113021865487, -0.003934268839657307, -0.0007331693777814507, -0.0012038388522341847], [8.034700840653386e-06, -0.0010454840958118439, -0.001561424694955349, 0.001146213966421783, 0.0023628410417586565, -0.006426957901567221, -0.00934268906712532, 0.029222989454865456, -0.011735096573829651, -0.00373986572958529, 0.00380584504455328, 0.0007157237851060927, 0.002228314522653818], [-8.593955135438591e-05, -5.504080399987288e-05, 0.0026939506642520428, -0.0012713451869785786, -0.004993392154574394, 0.005128008779138327, -0.006349449977278709, -0.011735096573829651, 0.03570110723376274, -0.01493866927921772, -0.00522216223180294, 0.0034941923804581165, -0.005872245877981186], [0.0002735121233854443, -0.0011484756832942367, -0.001122193643823266, -0.002000482752919197, 0.0006054526311345398, -0.0034249466843903065, 0.002979113021865487, -0.00373986572958529, -0.01493866927921772, 0.038710061460733414, -0.01222581323236227, -0.003311852226033807, 0.0062799472361803055], [-0.000398746546125039