{"song_id": "1183694921044066314", "download": "https://cdn.discordapp.com/attachments/1135911532732108921/1183694921044066314/chirp.mp4?ex=658944cd&amp", "lyrics": "Flipping through history's pages, traditions call,\nFragrance of ink, where mountains and rivers enthrall.\nDragon Chenchen soaring on paper high,\nIs it AI's wisdom, or artisan's sky?", "style": ["rap"], "essentia_features": {"lowlevel.average_loudness": 0.9781790375709534, "lowlevel.barkbands_crest.mean": 13.912132263183594, "lowlevel.barkbands_crest.stdev": 4.609428405761719, "lowlevel.barkbands_flatness_db.mean": 0.23124846816062927, "lowlevel.barkbands_flatness_db.stdev": 0.07461412250995636, "lowlevel.barkbands_kurtosis.mean": 29.152076721191406, "lowlevel.barkbands_kurtosis.stdev": 61.17881393432617, "lowlevel.barkbands_skewness.mean": 3.2700624465942383, "lowlevel.barkbands_skewness.stdev": 3.292886734008789, "lowlevel.barkbands_spread.mean": 21.910245895385742, "lowlevel.barkbands_spread.stdev": 22.42434310913086, "lowlevel.dissonance.mean": 0.4570924937725067, "lowlevel.dissonance.stdev": 0.042049944400787354, "lowlevel.dynamic_complexity": 2.9408023357391357, "lowlevel.erbbands_crest.mean": 10.454769134521484, "lowlevel.erbbands_crest.stdev": 4.968580722808838, "lowlevel.erbbands_flatness_db.mean": 0.16403338313102722, "lowlevel.erbbands_flatness_db.stdev": 0.06483424454927444, "lowlevel.erbbands_kurtosis.mean": 2.9086110591888428, "lowlevel.erbbands_kurtosis.stdev": 6.171385765075684, "lowlevel.erbbands_skewness.mean": 0.023507460951805115, "lowlevel.erbbands_skewness.stdev": 1.4253957271575928, "lowlevel.erbbands_spread.mean": 49.26898956298828, "lowlevel.erbbands_spread.stdev": 36.14934158325195, "lowlevel.hfc.mean": 20.99842071533203, "lowlevel.hfc.stdev": 18.526020050048828, "lowlevel.loudness_ebu128.integrated": -16.499263763427734, "lowlevel.loudness_ebu128.loudness_range": 0.4713859558105469, "lowlevel.loudness_ebu128.momentary.mean": -16.61578941345215, "lowlevel.loudness_ebu128.momentary.stdev": 1.0284844636917114, "lowlevel.loudness_ebu128.short_term.mean": -16.429941177368164, "lowlevel.loudness_ebu128.short_term.stdev": 0.16518403589725494, "lowlevel.melbands_crest.mean": 26.317964553833008, "lowlevel.melbands_crest.stdev": 8.619649887084961, "lowlevel.melbands_flatness_db.mean": 0.302609384059906, "lowlevel.melbands_flatness_db.stdev": 0.09193567931652069, "lowlevel.melbands_kurtosis.mean": 99.34329986572266, "lowlevel.melbands_kurtosis.stdev": 203.26739501953125, "lowlevel.melbands_skewness.mean": 6.048151016235352, "lowlevel.melbands_skewness.stdev": 5.92333984375, "lowlevel.melbands_spread.mean": 17.16301918029785, "lowlevel.melbands_spread.stdev": 18.502050399780273, "lowlevel.pitch_salience.mean": 0.36931392550468445, "lowlevel.pitch_salience.stdev": 0.1703263372182846, "lowlevel.silence_rate_20dB.mean": 1.0, "lowlevel.silence_rate_20dB.stdev": 0.0, "lowlevel.silence_rate_30dB.mean": 0.932584285736084, "lowlevel.silence_rate_30dB.stdev": 0.25074097514152527, "lowlevel.silence_rate_60dB.mean": 0.00561797758564353, "lowlevel.silence_rate_60dB.stdev": 0.07474252581596375, "lowlevel.spectral_centroid.mean": 1469.66796875, "lowlevel.spectral_centroid.stdev": 1193.8406982421875, "lowlevel.spectral_complexity.mean": 10.834269523620605, "lowlevel.spectral_complexity.stdev": 8.451319694519043, "lowlevel.spectral_decrease.mean": -1.1984287340283117e-08, "lowlevel.spectral_decrease.stdev": 9.019608171456639e-09, "lowlevel.spectral_energy.mean": 0.047136090695858, "lowlevel.spectral_energy.stdev": 0.03471256420016289, "lowlevel.spectral_energyband_high.mean": 0.0010336340637877584, "lowlevel.spectral_energyband_high.stdev": 0.001729754265397787, "lowlevel.spectral_energyband_low.mean": 0.030511049553751945, "lowlevel.spectral_energyband_low.stdev": 0.029512504115700722, "lowlevel.spectral_energyband_middle_high.mean": 0.004930728115141392, "lowlevel.spectral_energyband_middle_high.stdev": 0.0083786491304636, "lowlevel.spectral_energyband_middle_low.mean": 0.011265240609645844, "lowlevel.spectral_energyband_middle_low.stdev": 0.017894543707370758, "lowlevel.spectral_entropy.mean": 7.585855007171631, "lowlevel.spectral_entropy.stdev": 0.6180212497711182, "lowlevel.spectral_flux.mean": 0.10964574664831161, "lowlevel.spectral_flux.stdev": 0.06961529701948166, "lowlevel.spectral_kurtosis.mean": 5.2286224365234375, "lowlevel.spectral_kurtosis.stdev": 6.143826484680176, "lowlevel.spectral_rms.mean": 0.006391223054379225, "lowlevel.spectral_rms.stdev": 0.002266866387799382, "lowlevel.spectral_rolloff.mean": 1050.347900390625, "lowlevel.spectral_rolloff.stdev": 1807.6903076171875, "lowlevel.spectral_skewness.mean": 1.6304911375045776, "lowlevel.spectral_skewness.stdev": 0.8912476301193237, "lowlevel.spectral_spread.mean": 5706809.5, "lowlevel.spectral_spread.stdev": 2611382.25, "lowlevel.spectral_strongpeak.mean": 0.5347775220870972, "lowlevel.spectral_strongpeak.stdev": 0.9122581481933594, "lowlevel.zerocrossingrate.mean": 0.04384792968630791, "lowlevel.zerocrossingrate.stdev": 0.03579915314912796, "metadata.audio_properties.analysis.equal_loudness": 0.0, "metadata.audio_properties.analysis.length": 8.234648704528809, "metadata.audio_properties.analysis.sample_rate": 44100.0, "metadata.audio_properties.analysis.start_time": 0.0, "metadata.audio_properties.bit_rate": 111397.0, "metadata.audio_properties.length": 8.23466682434082, "metadata.audio_properties.lossless": 0.0, "metadata.audio_properties.number_channels": 1.0, "metadata.audio_properties.replay_gain": -10.293642044067383, "metadata.audio_properties.sample_rate": 48000.0, "rhythm.beats_count": 15.0, "rhythm.beats_loudness.mean": 0.06338947266340256, "rhythm.beats_loudness.stdev": 0.034097906202077866, "rhythm.bpm": 111.15907287597656, "rhythm.bpm_histogram_first_peak_bpm": 112.0, "rhythm.bpm_histogram_first_peak_weight": 0.4285714030265808, "rhythm.bpm_histogram_second_peak_bpm": 0.0, "rhythm.bpm_histogram_second_peak_spread": 0.0, "rhythm.bpm_histogram_second_peak_weight": 0.0, "rhythm.danceability": 1.9704841375350952, "rhythm.onset_rate": 6.420589447021484, "tonal.chords_changes_rate": 0.11173184216022491, "tonal.chords_number_rate": 0.03910614550113678, "tonal.chords_strength.mean": 0.5077633261680603, "tonal.chords_strength.stdev": 0.05005500465631485, "tonal.hpcp_crest.mean": 11.547680854797363, "tonal.hpcp_crest.stdev": 5.357799053192139, "tonal.hpcp_entropy.mean": 2.343313455581665, "tonal.hpcp_entropy.stdev": 0.7204806804656982, "tonal.key_edma.strength": 0.4114783704280853, "tonal.key_krumhansl.strength": 0.4141770005226135, "tonal.key_temperley.strength": 0.42319047451019287, "tonal.tuning_diatonic_strength": 0.3463243246078491, "tonal.tuning_equal_tempered_deviation": 0.2502054274082184, "tonal.tuning_frequency": 434.193115234375, "tonal.tuning_nontempered_energy_ratio": 0.9367795586585999, "lowlevel.barkbands.mean": [0.005918164737522602, 0.021866733208298683, 0.002251271391287446, 0.0014912961050868034, 0.003092436585575342, 0.0029932421166449785, 0.0011425286065787077, 0.0009147461969405413, 0.0013447458622977138, 0.0008694951538927853, 0.0008098099497146904, 0.0005930389743298292, 0.0008377244230359793, 0.00044498828356154263, 0.00042467255843803287, 0.00037643511313945055, 0.00039109858334995806, 0.00012301596871111542, 0.00015188741963356733, 0.00011825314868474379, 0.00016374002734664828, 0.0001794257841538638, 0.0001794100389815867, 0.00023765403602737933, 0.0001454536395613104, 7.482940418412909e-05, 6.316930534211451e-09], "lowlevel.barkbands.stdev": [0.004199429880827665, 0.021686112508177757, 0.011374006979167461, 0.0045900167897343636, 0.00987224467098713, 0.00542197423055768, 0.003421489614993334, 0.0035640394780784845, 0.004714032169431448, 0.002886587753891945, 0.0027098371647298336, 0.001987412106245756, 0.0030419977847486734, 0.0015170597471296787, 0.0013468506513163447, 0.0010834846179932356, 0.0012655840255320072, 0.000289788848021999, 0.0005063951830379665, 0.0003304211422801018, 0.0003622446383815259, 0.00033294217428192496, 0.0003353759238962084, 0.0005382348317652941, 0.0003013952518813312, 0.0001863163197413087, 8.564514075715124e-08], "lowlevel.erbbands.mean": [1.3180820941925049, 2.156148672103882, 2.5730814933776855, 4.137627601623535, 8.557414054870605, 8.219992637634277, 20.89898681640625, 23.227100372314453, 13.742300033569336, 21.767330169677734, 21.37507438659668, 30.452486038208008, 27.19581413269043, 28.982879638671875, 33.69209671020508, 25.856691360473633, 36.67599105834961, 27.106822967529297, 22.15920066833496, 21.185319900512695, 21.342208862304688, 22.392658233642578, 8.82246208190918, 5.126795768737793, 9.097543716430664, 5.6088032722473145, 5.975038528442383, 6.268560409545898, 6.5514020919799805, 5.549587249755859, 5.148799419403076, 5.412350654602051, 3.6643190383911133, 1.4399206638336182, 1.157485008239746, 0.6436481475830078, 0.05671023204922676, 0.0015761499525979161, 9.242224768968299e-05, 6.181275966810063e-05], "lowlevel.erbbands.stdev": [1.086742877960205, 3.74967360496521, 12.123339653015137, 13.123636245727539, 31.51825714111328, 26.1413631439209, 38.18050765991211, 48.217987060546875, 32.17445373535156, 69.31190490722656, 72.100830078125, 114.95064544677734, 96.71106719970703, 95.9046630859375, 105.55570220947266, 79.61013793945312, 143.94630432128906, 80.76577758789062, 66.30521392822266, 61.20484924316406, 60.829410552978516, 76.32975006103516, 21.554304122924805, 10.336129188537598, 32.07603454589844, 14.918280601501465, 12.93875503540039, 13.868370056152344, 12.659921646118164, 9.501871109008789, 9.862669944763184, 12.252418518066406, 8.428640365600586, 3.182464122772217, 2.3875579833984375, 1.4120776653289795, 0.22479525208473206, 0.008681174367666245, 0.00022105763491708785, 4.2813164327526465e-05], "lowlevel.gfcc.mean": [-31.909147262573242, 81.37610626220703, -86.08783721923828, 48.094276428222656, -53.02290344238281, 33.990013122558594, -38.241146087646484, 19.35790252685547, -14.083748817443848, 16.035633087158203, -3.6377933025360107, 13.186783790588379, 3.7698781490325928], "lowlevel.melbands.mean": [0.008522020652890205, 0.0016512569272890687, 0.0008377910708077252, 0.000644799554720521, 0.000636502867564559, 0.0005179959116503596, 0.00021821560221724212, 0.00023616438556928188, 0.00018685009854380041, 0.00018707891285885125, 0.00013283379666972905, 0.00011418279609642923, 0.00011585057654883713, 7.892067515058443e-05, 6.966276851017028e-05, 7.704482413828373e-05, 4.6587618271587417e-05, 3.5177978134015575e-05, 3.076818393310532e-05, 2.658501580299344e-05, 2.4138471417245455e-05, 2.5282535716542043e-05, 1.2473797141865361e-05, 5.011583652958507e-06, 3.5919724723498803e-06, 6.9360039560706355e-06, 5.441524990601465e-06, 3.3062303828046424e-06, 3.0683331715408713e-06, 4.81060078527662e-06, 3.091100552410353e-06, 3.660100446722936e-06, 3.634822860476561e-06, 2.8808435672544874e-06, 2.8418728561518947e-06, 3.1322781524067977e-06, 3.4329204936511815e-06, 2.927333525803988e-06, 1.4019420859767706e-06, 1.1318475117150228e-06], "lowlevel.melbands.stdev": [0.00738021032884717, 0.005188653711229563, 0.002452114364132285, 0.002449299208819866, 0.0010960939107462764, 0.0010212960187345743, 0.0005362465162761509, 0.0007528843707405031, 0.0006346117588691413, 0.0006675034528598189, 0.00047630557673983276, 0.0003937864676117897, 0.0003888621577061713, 0.0002554947277531028, 0.00026925874408334494, 0.0002675446739885956, 0.00014640105655416846, 0.0001132010729634203, 0.00010288919293088838, 7.494492456316948e-05, 7.30483079678379e-05, 9.159348701359704e-05, 3.5028333513764665e-05, 1.1704941243806388e-05, 7.123041541490238e-06, 2.9326134608709253e-05, 1.5823530702618882e-05, 9.355288966617081e-06, 6.937491889402736e-06, 1.0680311788746621e-05, 6.75190449328511e-06, 7.256081971718231e-06, 6.899190339026973e-06, 5.11734833708033e-06, 5.261700152914273e-06, 7.134213319659466e-06, 8.124749001581222e-06, 6.991511327214539e-06, 3.154933438054286e-06, 2.5748959160409868e-06], "lowlevel.melbands128.mean": [0.005615320056676865, 0.013933368027210236, 0.007515215314924717, 0.002457745373249054, 0.001320359413512051, 0.0010542153613641858, 0.0008236775174736977, 0.0007270922651514411, 0.0009212447912432253, 0.0007987270364537835, 0.0002950929047074169, 0.0004503069503698498, 0.0007845323416404426, 0.0007981060189194977, 0.0006248853169381618, 0.00030731549486517906, 0.00017067830776795745, 0.00020172222866676748, 0.00027116184355691075, 0.00025288129108957946, 0.0002270666736876592, 0.00017747623496688902, 0.00014253756671678275, 0.00024676875909790397, 0.0002280481712659821, 0.00014131648640614003, 0.00015644950326532125, 0.00013506146206054837, 0.00010768063657451421, 0.0001225586311193183, 0.0001128838412114419, 0.00010364891204517335, 0.0001425666850991547, 0.00010091765580000356, 7.843902130844072e-05, 9.044210310094059e-05, 4.814234489458613e-05, 4.82323084725067e-05, 0.00010384184861322865, 8.678327139932662e-05, 6.355324148898944e-05, 7.952572195790708e-05, 3.923490294255316e-05, 3.6289216950535774e-05, 3.970230318373069e-05, 2.907944690377917e-05, 4.006888048024848e-05, 3.0436691304203123e-05, 2.5611963792471215e-05, 3.246166306780651e-05, 2.117406256729737e-05, 3.037282294826582e-05, 2.2608548533753492e-05, 2.421518183837179e-05, 2.106998726958409e-05, 3.084246054640971e-05, 2.3377251636702567e-05, 1.425796108378563e-05, 9.23541756492341e-06, 6.918811777723022e-06, 4.7546914174745325e-06, 3.550823294062866e-06, 3.559749984560767e-06, 3.416515255594277e-06, 3.844691491394769e-06, 7.999296940397471e-06, 8.056123078858946e-06, 6.33617219136795e-06, 5.222645540925441e-06, 3.7912498100922676e-06, 3.14379599331005e-06, 3.3463848012615927e-06, 2.414261416561203e-06, 2.8750607725669397e-06, 3.846142590191448e-06, 5.372681243898114e-06, 5.161830358701991e-06, 3.5937680422648555e-06, 2.6193870326096658e-06, 2.6052161956613418e-06, 3.822511644102633e-06, 4.158306637691567e-06, 3.402270067454083e-06, 4.063650976604549e-06, 3.332520464027766e-06, 2.647439032443799e-06, 2.8294466574152466e-06, 2.9449790872604353e-06, 2.706713530642446e-06, 2.7650764877762413e-06, 3.5106534141959855e-06, 2.807798637149972e-06, 3.310842885184684e-06, 3.775451887122472e-06, 3.2910193112911656e-06, 2.9863647341699107e-06, 3.271504738222575e-06, 2.3656650682823965e-06, 9.414322335032921e-07, 1.3403371212916682e-06, 1.0490424529052689e-06, 1.1988365713477833e-06, 1.017507202050183e-06, 1.0468137361385743e-06, 1.2185248579044128e-06, 1.7931837419382646e-06, 1.3238496876510908e-06, 1.1863852478199988e-06, 1.2592553275680984e-06, 1.2756719343087752e-06, 3.467233398168901e-07, 1.2961652373633115e-07, 5.8338045505479386e-08, 1.9483008983911532e-08, 1.0078723633455411e-08, 4.2232228825156426e-10, 3.5567476047715374e-11, 1.0633820907157698e-10, 1.0965017782638142e-10, 4.526531927062649e-12, 4.1321828771201385e-12, 4.027433334746755e-12, 3.9298581749891426e-12, 3.8592601336873145e-12, 3.760048696010987e-12, 3.6314154808203547e-12, 3.5570257676809103e-12, 3.5308719923549114e-12], "lowlevel.melbands128.stdev": [0.003970425110310316, 0.010985815897583961, 0.008654976263642311, 0.005922393873333931, 0.006622853223234415, 0.005104942712932825, 0.002804105170071125, 0.0022876951843500137, 0.003604031400755048, 0.0037385716568678617, 0.0009880057768896222, 0.0009424661402590573, 0.0016759869176894426, 0.0017869999865069985, 0.0015429988270625472, 0.0008510847110301256, 0.0005045870202593505, 0.000616690784227103, 0.0010363952023908496, 0.0010271345963701606, 0.001045987824909389, 0.0009686786215752363, 0.0006636803154833615, 0.001188437920063734, 0.0012236314360052347, 0.0005082375719211996, 0.000791915284935385, 0.0006592161953449249, 0.00038910869625397027, 0.0005817788187414408, 0.0005492640193551779, 0.0004492484440561384, 0.0006107474910095334, 0.00040891123353503644, 0.00039659327012486756, 0.0003762723063118756, 0.00016198522644117475, 0.00021311793534550816, 0.0005217940779402852, 0.0004675023374147713, 0.00024412659695371985, 0.00033525165054015815, 0.0001499186037108302, 0.00015370592882391065, 0.00020127628522459418, 9.567101369611919e-05, 0.00014863707474432886, 0.0001472723961342126, 8.011054887901992e-05, 0.000116371302283369, 6.204491364769638e-05, 0.00012603058712556958, 7.247413304867223e-05, 8.916093065636232e-05, 6.260968075366691e-05, 0.00014763380750082433, 9.071976819541305e-05, 4.897477265330963e-05, 2.47180705628125e-05, 1.9747229089261964e-05, 1.1141348295495845e-05, 9.529197996016592e-06, 9.218468221661169e-06, 6.612134711758699e-06, 8.208347026084084e-06, 3.9548776840092614e-05, 4.0622075175633654e-05, 1.989123302337248e-05, 1.8388534954283386e-05, 1.0954533536278177e-05, 1.1206322596990503e-05, 9.336034963780548e-06, 6.310121534625068e-06, 7.022167665127199e-06, 8.784138117334805e-06, 1.1829795766971074e-05, 1.2977053302165587e-05, 1.06163824966643e-05, 5.98254746364546e-06, 5.025192876928486e-06, 7.875349183450453e-06, 9.310373570770025e-06, 7.218826794996858e-06, 8.121101927827112e-06, 6.465468686656095e-06, 5.194845016376348e-06, 5.8464293033466674e-06, 5.7048973758355714e-06, 5.562786100199446e-06, 6.028381903888658e-06, 8.682552106620278e-06, 6.991700956859859e-06, 8.077401616901625e-06, 9.569770554662682e-06, 8.192859240807593e-06, 8.272408194898162e-06, 8.008002623682842e-06, 5.899531970499083e-06, 2.3776278794684913e-06, 3.358523827046156e-06, 3.0631363188149408e-06, 2.917165147664491e-06, 2.210295406257501e-06, 2.1118771655892488e-06, 3.0182386581145693e-06, 4.347986759967171e-06, 2.776841711238376e-06, 2.5953954718715977e-06, 2.793515477605979e-06, 3.270389015597175e-06, 1.3796453686154564e-06, 1.1890632549693692e-06, 6.779040973015071e-07, 3.395192322841467e-07, 1.7956287479137245e-07, 6.083477721574582e-09, 5.417186699219201e-10, 1.9054593458633917e-09, 1.982273234446552e-09, 8.541634413661292e-12, 7.143485889621326e-12, 6.980532905181969e-12, 6.847600611536997e-12, 6.729115528680829e-12, 6.629242727679285e-12, 6.549632797919758e-12, 6.493337117996489e-12, 6.4585537438988094e-12], "lowlevel.mfcc.mean": [-682.2348022460938, 110.68204498291016, 29.120174407958984, 25.635974884033203, 17.702749252319336, 17.963665008544922, 2.2978403568267822, 9.384485244750977, 4.061045169830322, 4.53901481628418, 4.541337490081787, 7.110086917877197, 8.904117584228516], "lowlevel.spectral_contrast_coeffs.mean": [-0.7246975898742676, -0.7534588575363159, -0.8065270185470581, -0.8045773506164551, -0.7960138916969299, -0.766499400138855], "lowlevel.spectral_contrast_coeffs.stdev": [0.08736182749271393, 0.09410299360752106, 0.07258781045675278, 0.06763309240341187, 0.059867680072784424, 0.05295432358980179], "lowlevel.spectral_contrast_valleys.mean": [-6.864912509918213, -7.327213764190674, -7.795399188995361, -8.014059066772461, -8.150137901306152, -10.30461311340332], "lowlevel.spectral_contrast_valleys.stdev": [0.6507059335708618, 0.8664471507072449, 0.9550235867500305, 0.8841947317123413, 0.8848628401756287, 1.2015351057052612], "rhythm.beats_loudness_band_ratio.mean": [0.6445800065994263, 0.21769097447395325, 0.08543262630701065, 0.08665154874324799, 0.023688528686761856, 0.023660898208618164], "rhythm.beats_loudness_band_ratio.stdev": [0.18204790353775024, 0.2070353925228119, 0.09178958833217621, 0.10371153056621552, 0.027578899636864662, 0.022609537467360497], "tonal.hpcp.mean": [0.03890395909547806, 0.03607098385691643, 0.03855893760919571, 0.03235552832484245, 0.026295922696590424, 0.02327037788927555, 0.026822054758667946, 0.028715958818793297, 0.021276865154504776, 0.023294787853956223, 0.03531298413872719, 0.03520379960536957, 0.028077881783246994, 0.0426655039191246, 0.05782412365078926, 0.05351729318499565, 0.06354375183582306, 0.08193767815828323, 0.1698419600725174, 0.34137213230133057, 0.29686427116394043, 0.24242213368415833, 0.35505014657974243, 0.26614540815353394, 0.13188542425632477, 0.10608460754156113, 0.08373397588729858, 0.06387386471033096, 0.058364976197481155, 0.06136169657111168, 0.04164871573448181, 0.026262089610099792, 0.03816144913434982, 0.06168016418814659, 0.05184568837285042, 0.037778958678245544], "tonal.hpcp.stdev": [0.12281986325979233, 0.12645447254180908, 0.11339092999696732, 0.09591440856456757, 0.08976780623197556, 0.09410011023283005, 0.08798900246620178, 0.0846533328294754, 0.055535007268190384, 0.05239803344011307, 0.09959603101015091, 0.10908908396959305, 0.059437673538923264, 0.117606520652771, 0.1655268520116806, 0.127251535654068, 0.16685914993286133, 0.19647110998630524, 0.28172066807746887, 0.41807660460472107, 0.37470588088035583, 0.33673539757728577, 0.4288216233253479, 0.37133046984672546, 0.2685179114341736, 0.23127275705337524, 0.21468599140644073, 0.16569671034812927, 0.16844439506530762, 0.19823813438415527, 0.15821492671966553, 0.09508556127548218, 0.12360719591379166, 0.19036558270454407, 0.16528280079364777, 0.12193021178245544], "rhythm.beats_position": [0.5108389854431152, 1.0448979139328003, 1.5789568424224854, 2.11301589012146, 2.658684730529785, 3.1927437782287598, 3.7268025875091553, 4.2724714279174805, 4.818140506744385, 5.352199554443359, 5.886258602142334, 6.43192720413208, 6.965986251831055, 7.523265361785889, 8.068934440612793], "rhythm.bpm_histogram": [0.0, 0.0, 0.0, 0.0, 0.0, 0.0, 0.0, 0.0, 0.0, 0.0, 0.0, 0.0, 0.0, 0.0, 0.0, 0.0, 0.0, 0.0, 0.0, 0.0, 0.0, 0.0, 0.0, 0.0, 0.0, 0.0, 0.0, 0.0, 0.0, 0.0, 0.0, 0.0, 0.0, 0.0, 0.0, 0.0, 0.0, 0.0, 0.0, 0.0, 0.0, 0.0, 0.0, 0.0, 0.0, 0.0, 0.0, 0.0, 0.0, 0.0, 0.0, 0.0, 0.0, 0.0, 0.0, 0.0, 0.0, 0.0, 0.0, 0.0, 0.0, 0.0, 0.0, 0.0, 0.0, 0.0, 0.0, 0.0, 0.0, 0.0, 0.0, 0.0, 0.0, 0.0, 0.0, 0.0, 0.0, 0.0, 0.0, 0.0, 0.0, 0.0, 0.0, 0.0, 0.0, 0.0, 0.0, 0.0, 0.0, 0.0, 0.0, 0.0, 0.0, 0.0, 0.0, 0.0, 0.0, 0.0, 0.0, 0.0, 0.0, 0.0, 0.0, 0.0, 0.0, 0.0, 0.0, 0.0, 0.0714285746216774, 0.0, 0.3571428656578064, 0.0, 0.5714285969734192, 0.0, 0.0, 0.0, 0.0, 0.0, 0.0, 0.0, 0.0, 0.0, 0.0, 0.0, 0.0, 0.0, 0.0, 0.0, 0.0, 0.0, 0.0, 0.0, 0.0, 0.0, 0.0, 0.0, 0.0, 0.0, 0.0, 0.0, 0.0, 0.0, 0.0, 0.0, 0.0, 0.0, 0.0, 0.0, 0.0, 0.0, 0.0, 0.0, 0.0, 0.0, 0.0, 0.0, 0.0, 0.0, 0.0, 0.0, 0.0, 0.0, 0.0, 0.0, 0.0, 0.0, 0.0, 0.0, 0.0, 0.0, 0.0, 0.0, 0.0, 0.0, 0.0, 0.0, 0.0, 0.0, 0.0, 0.0, 0.0, 0.0, 0.0, 0.0, 0.0, 0.0, 0.0, 0.0, 0.0, 0.0, 0.0, 0.0, 0.0, 0.0, 0.0, 0.0, 0.0, 0.0, 0.0, 0.0, 0.0, 0.0, 0.0, 0.0, 0.0, 0.0, 0.0, 0.0, 0.0, 0.0, 0.0, 0.0, 0.0, 0.0, 0.0, 0.0, 0.0, 0.0, 0.0, 0.0, 0.0, 0.0, 0.0, 0.0, 0.0, 0.0, 0.0, 0.0, 0.0, 0.0, 0.0, 0.0, 0.0, 0.0, 0.0, 0.0, 0.0, 0.0, 0.0, 0.0, 0.0, 0.0, 0.0, 0.0, 0.0, 0.0, 0.0, 0.0, 0.0, 0.0], "tonal.chords_histogram": [0.0, 6.703910827636719, 1.1173183917999268, 0.0, 0.0, 0.0, 0.0, 32.4022331237793, 8.938547134399414, 0.0, 0.0, 0.0, 0.0, 0.0, 32.96089553833008, 13.966480255126953, 0.0, 0.0, 0.0, 0.0, 0.0, 0.0, 3.910614490509033, 0.0], "tonal.thpcp": [1.0, 0.7495995163917542, 0.37145575881004333, 0.2987876832485199, 0.23583704233169556, 0.17990097403526306, 0.16438516974449158, 0.17282544076442719, 0.1173037588596344, 0.07396727055311203, 0.10748185962438583, 0.17372240126132965, 0.14602357149124146, 0.10640457272529602, 0.10957314074039459, 0.10159405320882797, 0.10860138386487961, 0.09112945944070816, 0.07406255602836609, 0.0655411034822464, 0.07554440945386887, 0.0808786004781723, 0.059926364570856094, 0.06560984998941422, 0.09945914894342422, 0.0991516262292862, 0.0790814533829689, 0.12016754597425461, 0.16286185383796692, 0.1507316529750824, 0.17897120118141174, 0.23077775537967682, 0.47836047410964966, 0.9614758491516113, 0.8361192941665649, 0.6827828288078308], "lowlevel.gfcc.cov": [[4362.31005859375, -418.5570068359375, -761.1775512695312, 102.78385925292969, -539.5826416015625, -188.60052490234375, -418.771728515625, -44.350624084472656, -217.6399383544922, 37.002845764160156, -195.38543701171875, -53.43722915649414, -149.5748291015625], [-418.5570068359375, 2333.689697265625, -712.4791870117188, -1103.8828125, 319.2739562988281, -406.3979797363281, 132.93238830566406, -63.79751205444336, 147.06533813476562, -285.89422607421875, 94.98568725585938, -77.15599822998047, 177.13722229003906], [-761.1775512695312, -712.4791870117188, 1373.6412353515625, 645.9821166992188, -219.63809204101562, 206.16604614257812, -58.17376708984375, -47.88954162597656, -34.188232421875, 71.85054779052734, 2.4836161136627197, -2.801417827606201, -47.56798553466797], [102.78385925292969, -1103.8828125, 645.9821166992188, 1041.075927734375, -92.85665893554688, -1.5839059352874756, -239.0662384033203, -78.006103515625, -62.054622650146484, 120.1028823852539, -16.34408187866211, 3.4526991844177246, -37.34089279174805], [-539.5826416015625, 319.2739562988281, -219.63809204101562, -92.85665893554688, 442.90045166015625, -14.72867202758789, 12.668339729309082, 18.655946731567383, 109.28410339355469, -28.89635467529297, 26.21604347229004, -16.06926918029785, 42.573463439941406], [-188.60052490234375, -406.3979797363281, 206.16604614257812, -1.5839059352874756, -14.72867202758789, 405.5480651855469, 199.96881103515625, -3.927436351776123, -65.80268859863281, 36.394527435302734, -28.079139709472656, -13.303918838500977, -52.493743896484375], [-418.771728515625, 132.93238830566406, -58.17376708984375, -239.0662384033203, 12.668339729309082, 199.96881103515625, 519.0245361328125, 130.31224060058594, -37.059837341308594, -74.70005798339844, -11.578460693359375, 5.078305721282959, -0.21870066225528717], [-44.350624084472656, -63.79751205444336, -47.88954162597656, -78.006103515625, 18.655946731567383, -3.927436351776123, 130.31224060058594, 243.1370086669922, 112.7954330444336, -31.097511291503906, -23.75328254699707, 17.137205123901367, 0.14556637406349182], [-217.6399383544922, 147.06533813476562, -34.188232421875, -62.054622650146484, 109.28410339355469, -65.80268859863281, -37.059837341308594, 112.7954330444336, 245.48695373535156, 33.315494537353516, 31.25347137451172, 6.829854488372803, 37.562068939208984], [37.002845764160156, -285.89422607421875, 71.85054779052734, 120.1028823852539, -28.89635467529297, 36.394527435302734, -74.70005798339844, -31.097511291503906, 33.315494537353516, 158.94923400878906, 46.359413146972656, 16.776439666748047, -30.885690689086914], [-195.38543701171875, 94.98568725585938, 2.4836161136627197, -16.34408187866211, 26.21604347229004, -28.079139709472656, -11.578460693359375, -23.75328254699707, 31.25347137451172, 46.359413146972656, 130.34963989257812, 47.53074264526367, 28.395910263061523], [-53.43722915649414, -77.15599822998047, -2.801417827606201, 3.4526991844177246, -16.06926918029785, -13.303918838500977, 5.078305721282959, 17.137205123901367, 6.829854488372803, 16.776439666748047, 47.53074264526367, 104.75133514404297, 30.90476417541504], [-149.5748291015625, 177.13722229003906, -47.56798553466797, -37.34089279174805, 42.573463439941406, -52.493743896484375, -0.21870066225528717, 0.14556637406349182, 37.562068939208984, -30.885690689086914, 28.395910263061523, 30.90476417541504, 104.45187377929688]], "lowlevel.gfcc.icov": [[0.0005582316080108285, -0.000640244223177433, 0.000739621464163065, -0.0008503372082486749, 0.0010295225074514747, -0.0008966844761744142, 0.0008430319139733911, -0.0009334266069345176, 0.0005114173400215805, -0.0005303001962602139, 0.0007883789949119091, -0.00047716833068989217, 0.0006369389011524618], [-0.000640244223177433, 0.006004174239933491, -0.0019557105842977762, 0.006120691541582346, -0.00286702043376863, 0.006740513723343611, -0.0031712958589196205, 0.0064997063018381596, -0.0032207188196480274, 0.0056937262415885925, -0.0041932943277060986, 0.005397967528551817, -0.0028766279574483633], [0.000739621464163065, -0.0019557105842977762, 0.0025686484295874834, -0.003103346796706319, 0.002434762427583337, -0.0032943408004939556, 0.0016292032087221742, -0.0020846943370997906, 0.0004305713518988341, -0.0009085434721782804, 0.001098965061828494, -0.0015038626734167337, 0.0015171491540968418], [-0.0008503372082486749, 0.006120691541582346, -0.003103346796706319, 0.008131040260195732, -0.003651593578979373, 0.007430586963891983, -0.0028754512313753366, 0.0062348186038434505, -0.0022186313290148973, 0.004259380511939526, -0.0036245810333639383, 0.005347155500203371, -0.003435516031458974], [0.0010295225074514747, -0.00286702043376863, 0.002434762427583337, -0.003651593578979373, 0.005613135173916817, -0.004232966806739569, 0.0021931941155344248, -0.002693362534046173, -0.000249807839281857, -0.0011584728490561247, 0.0015436162939295173, -0.001703485264442861, 0.0015645772218704224], [-0.0008966844761744142, 0.006740513723343611, -0.0032943408004939556, 0.007430586963891983, -0.004232966806739569, 0.012099997140467167, -0.005713546648621559, 0.007985299453139305, -0.002734679263085127, 0.003956481348723173, -0.0031639444641768932, 0.00573847908526659, -0.002460154937580228], [0.0008430319139733911, -0.0031712958589196205, 0.0016292032087221742, -0.0028754512313753366, 0.0021931941155344248, -0.005713546648621559, 0.00604861369356513, -0.006313146557658911, 0.0034235254861414433, -0.0017899583326652646, 0.0012994715943932533, -0.0022718969266861677, 0.0011139614507555962], [-0.0009334266069345176, 0.0064997063018381596, -0.0020846943370997906, 0.0062348186038434505, -0.002693362534046173, 0.007985299453139305, -0.006313146557658911, 0.0157792828977108, -0.009097381494939327, 0.008134677074849606, -0.0023936121724545956, 0.002910685958340764, -0.0005377152119763196], [0.0005114173400215805, -0.0032207188196480274, 0.0004305713518988341, -0.0022186313290148973, -0.000249807839281857, -0.002734679263085127, 0.0034235254861414433, -0.009097381494939327, 0.011115756817162037, -0.007073735818266869, 0.0014918566448614001, -0.0007937691989354789, -0.0019151850137859583], [-0.0005303001962602139, 0.0056937262415885925, -0.0009085434721782804, 0.004259380511939526, -0.0011584728490561247, 0.003956481348723173, -0.0017899583326652646, 0.008134677074849606, -0.007073735818266869, 0.01735900714993477, -0.008229845203459263, 0.0036746279802173376, 0.001966031501069665], [0.0007883789949119091, -0.0041932943277060986, 0.001098965061828494, -0.0036245810333639383, 0.0015436162939295173, -0.0031639444641768932, 0.0012994715943932533, -0.0023936121724545956, 0.0014918566448614001, -0.008229845203459263, 0.015644796192646027, -0.008397586643695831, 0.0004932830343022943], [-0.00047716833068989217, 0.005397967528551817, -0.0015038626734167337, 0.005347155500203371, -0.001703485264442861, 0.00573847908526659, -0.0022718969266861677, 0.002910685958340764, -0.0007937691989354789, 0.0036746279802173376, -0.008397586643695831, 0.01845783181488514, -0.00684768334031105], [0.0006369389011524618, -0.0028766279574483633, 0.0015171491540968418, -0.003435516031458974, 0.0015645772218704224, -0.002460154937580228, 0.0011139614507555962, -0.0005377152119763196, -0.0019151850137859583, 0.001966031501069665, 0.0004932830343022943, -0.00684768334031105, 0.016118040308356285]], "lowlevel.mfcc.cov": [[5145.7080078125, -688.7992553710938, -607.6231689453125, -58.764644622802734, -296.3781433105469, -279.30560302734375, -306.72808837890625, -286.7339172363281, -185.3180694580078, -124.70252227783203, -90.73043060302734, -136.32913208007812, -125.89793395996094], [-688.7992553710938, 2980.386962890625, -1144.89453125, -673.9706420898438, -186.84449768066406, -351.0339660644531, -74.87853240966797, 139.26405334472656, 72.0118637084961, -127.18964385986328, 44.09321975708008, -134.82501220703125, 41.64921188354492], [-607.6231689453125, -1144.89453125, 1565.9306640625, 369.37646484375, 49.80200958251953, 202.12689208984375, 42.95609664916992, -72.70606231689453, -73.49124908447266, 77.658447265625, -142.5237579345703, 132.79263305664062, -14.902120590209961], [-58.764644622802734, -673.9706420898438, 369.37646484375, 664.60693359375, 207.93893432617188, -14.413148880004883, -108.83354187011719, -97.45894622802734, -64.59125518798828, 22.778953552246094, -101.29682922363281, 34.71929931640625, 11.724810600280762], [-296.3781433105469, -186.84449768066406, 49.80200958251953, 207.93893432617188, 484.12322998046875, 26.057344436645508, -180.15618896484375, -109.35464477539062, -45.81681442260742, 49.177310943603516, -23.216690063476562, -7.252718448638916, 41.53993606567383], [-279.30560302734375, -351.0339660644531, 202.12689208984375, -14.413148880004883, 26.057344436645508, 332.6350402832031, 168.61871337890625, -40.366580963134766, -23.24226188659668, 7.433854579925537, 36.68008041381836, -11.465422630310059, -43.42061996459961], [-306.72808837890625, -74.87853240966797, 42.95609664916992, -108.83354187011719, -180.15618896484375, 168.61871337890625, 342.989990234375, 129.0992889404297, 46.597171783447266, -22.815994262695312, 45.39094543457031, -8.734016418457031, -49.411895751953125], [-286.7339172363281, 139.26405334472656, -72.70606231689453, -97.45894622802734, -109.35464477539062, -40.366580963134766, 129.0992889404297, 270.0563049316406, 154.2075653076172, 17.734708786010742, 37.624874114990234, 20.560911178588867, 6.695326328277588], [-185.3180694580078, 72.0118637084961, -73.49124908447266, -64.59125518798828, -45.81681442260742, -23.24226188659668, 46.597171783447266, 154.2075653076172, 192.90997314453125, 59.23675537109375, 36.34052658081055, 4.916086673736572, 0.5694739818572998], [-124.70252227783203, -127.18964385986328, 77.658447265625, 22.778953552246094, 49.177310943603516, 7.433854579925537, -22.815994262695312, 17.734708786010742, 59.23675537109375, 160.54457092285156, 24.66012954711914, 13.970590591430664, 10.868451118469238], [-90.73043060302734, 44.09321975708008, -142.5237579345703, -101.29682922363281, -23.216690063476562, 36.68008041381836, 45.39094543457031, 37.624874114990234, 36.34052658081055, 24.66012954711914, 141.89810180664062, 29.419387817382812, 0.7409593462944031], [-136.32913208007812, -134.82501220703125, 132.79263305664062, 34.71929931640625, -7.252718448638916, -11.465422630310059, -8.734016418457031, 20.560911178588867, 4.916086673736572, 13.970590591430664, 29.419387817382812, 130.16273498535156, 59.509700775146484], [-125.89793395996094, 41.64921188354492, -14.902120590209961, 11.724810600280762, 41.53993606567383, -43.42061996459961, -49.411895751953125, 6.695326328277588, 0.5694739818572998, 10.868451118469238, 0.7409593462944031, 59.509700775146484, 118.46514129638672]], "lowlevel.mfcc.icov": [[0.0003723876434378326, 0.0002957661636173725, 0.00028184475377202034, 0.00019450228137429804, 0.00041641376446932554, 0.0002726166567299515, 0.0004210073093418032, 0.00023176158720161766, 0.00017448526341468096, 0.00011123347212560475, 0.00026944096316583455, 0.00016641124966554344, 0.00032805762020871043], [0.0002957661636173725, 0.0008719649049453437, 0.00047240027924999595, 0.0006799169932492077, 0.00029816661844961345, 0.0006910825613886118, 0.0003623982483986765, 6.249023863347247e-05, 0.00018935887783300132, 0.00034059566678479314, 0.0004037609323859215, 0.0005024369456805289, 9.19039302971214e-06], [0.00028184475377202034, 0.00047240027924999595, 0.0015047938795760274, 2.0360546670872282e-07, 0.00047281329170800745, -0.000537642277777195, 0.0004406506195664406, -7.343452307395637e-05, 0.0005266015068627894, -0.0006043473840691149, 0.0019300554413348436, -0.0015682628145441413, 0.0009764530695974827], [0.00019450228137429804, 0.0006799169932492077, 2.0360546670872282e-07, 0.002765752375125885, -0.0007370974053628743, 0.000992911052890122, 3.4581975342007354e-05, 0.00040576455648988485, 0.0001655792584642768, 0.00016299914568662643, 0.0014034806517884135, -0.00040998938493430614, 0.0004892658907920122], [0.00041641376446932554, 0.00029816661844961345, 0.00047281329170800745, -0.0007370974053628743, 0.003979843109846115, -0.0013995160115882754, 0.0027705016545951366, -0.00014192311209626496, 0.0005927329766564071, -0.0005745043163187802, -5.816776138090063e-06, 0.0011805689428001642, -0.000817906460724771], [0.0002726166567299515, 0.0006910825613886118, -0.000537642277777195, 0.000992911052890122, -0.0013995160115882754, 0.0072247046045959, -0.004297287203371525, 0.003214810974895954, -0.0007129860459826887, 0.00037970204721204937, -0.0015797932865098119, 0.0011973076034337282, 0.00042256456799805164], [0.0004210073093418032, 0.0003623982483986765, 0.0004406506195664406, 3.4581975342007354e-05, 0.0027705016545951366, -0.004297287203371525, 0.008538813330233097, -0.004356428515166044, 0.0018111411482095718, 0.0006467497441917658, -0.00012386062007863075, 0.0007383015472441912, 0.0011950854677706957], [0.00023176158720161766, 6.249023863347247e-05, -7.343452307395637e-05, 0.00040576455648988485, -0.00014192311209626496, 0.003214810974895954, -0.004356428515166044, 0.010601981543004513, -0.007038135081529617, 0.001048756530508399, -0.0001020777563098818, -0.0009733532788231969, -0.0005860415403731167], [0.00017448526341468096, 0.00018935887783300132, 0.0005266015068627894, 0.0001655792584642768, 0.0005927329766564071, -0.0007129860459826887, 0.0018111411482095718, -0.007038135081529617, 0.011912936344742775, -0.003565697930753231, -0.00029862255905754864, 0.000632411683909595, 0.0008067948510870337], [0.00011123347212560475, 0.00034059566678479314, -0.0006043473840691149, 0.00016299914568662643, -0.0005745043163187802, 0.00037970204721204937, 0.0006467497441917658, 0.001048756530508399, -0.003565697930753231, 0.008577737025916576, -0.00196918286383152, 0.0009318338125012815, -0.0007681731949560344], [0.00026944096316583455, 0.0004037609323859215, 0.0019300554413348436, 0.0014034806517884135, -5.816776138090063e-06, -0.0015797932865098119, -0.00012386062007863075, -0.0001020777563098818, -0.00029862255905754864, -0.00196918286383152, 0.012031309306621552, -0.005385866388678551, 0.002437763614580035], [0.00016641124966554344, 0.0005024369456805289, -0.0015682628145441413, -0.00040998938493430614, 0.0011805689428001642, 0.0011973076034337282, 0.0007383015472441912, -0.0009733532788231969, 0.000632411683909595, 0.0009318338125012815, -0.005385866388678551, 0.014894837513566017, -0.0073057617992162704], [0.00032805762020871043, 9.19039302971214e-06, 0.0009764530695974827, 0.0004892658907920122, -0.000817906460724771, 0.00042256456799805164, 0.0011950854677706957, -0.0005860415403731167, 0.0008067948510870337, -0.0007681731949560344, 0.002437763614580035, -0.0073057617992162704, 0.01355571299791336]], "metadata.audio_properties.analysis.downmix": "mix", "metadata.audio_properties.codec": "mp3", "metadata.audio_properties.md5_encoded": "edc87d3cbc065559cf112962d79e5b69", "metadata.tags.file_name": "1183694921044066314.mp3", "metadata.version.essentia": "2.1-beta6-dev", "metadata.version.essentia_git_sha": "v2.1_beta5-1110-g77a6a954", "metadata.version.extractor": "music 2.0", "tonal.chords_key": "A", "tonal.chords_scale": "minor", "tonal.key_edma.key": "Ab", "tonal.key_edma.scale": "minor", "tonal.key_krumhansl.key": "Ab", "tonal.key_krumhansl.scale": "minor", "tonal.key_temperley.key": "Ab", "tonal.key_temperley.scale": "minor", "metadata.tags.encoding": ["Lavf58.45.100"]}, "essentia_models": [{"model_name": "genre_dortmund", "activations": {"alternative": "0.00026533447", "blues": "5.0722963e-05", "electronic": "0.00056986115", "folkcountry": "2.7841845e-05", "funksoulrnb": "0.0008837062", "jazz": "0.00015348755", "pop": "6.851423e-05", "raphiphop": "0.99961805", "rock": "0.00062893523"}}, {"model_name": "genre_rosamerica", "activations": {"classic": "0.00027051513", "dance": "1.7285329e-06", "hip hop": "0.97434574", "jazz": "1.1036105e-05", "pop": "0.00029518403", "rhythm and blues": "0.0008249484", "rock": "0.00015010573", "speech": "0.01229811"}}, {"model_name": "genre_tzanetakis", "activations": {"blues": "8.5287145e-05", "classic": "0.00010841789", "country": "0.00023148285", "disco": "3.411551e-05", "hip hop": "0.9683628", "jazz": "1.08889835e-05", "metal": "2.8056922e-05", "pop": "8.9399015e-05", "reggae": "0.019497111", "rock": "0.0010028813"}}, {"model_name": "genre_electronic", "activations": {"ambient": "0.09330593", "dnb": "0.5173499", "house": "0.47040737", "techno": "0.6642499", "trance": "0.006277114"}}, {"model_name": "mo