{"song_id": "1183695347378294816", "download": "https://cdn.discordapp.com/attachments/1135911532732108921/1183695347378294816/chirp.mp4?ex=65894532&amp", "lyrics": "Oh du fr\u00f6hliche komme oh du seelige,\nGnadenbrigende Weihnachtszeit\nWelt ging verloren\nChrist ist geboren\nFreue, freue dich, oh Christenheit.\n\nOh du fr\u00f6hliche oh du seelige\ngnadenbringende Weihnachtszeit\nChrist ist erschienen uns zu vers\u00fchnen\nFreue, freue dich oh Christenheit.", "style": ["country music"], "essentia_features": {"lowlevel.average_loudness": 0.8241509795188904, "lowlevel.barkbands_crest.mean": 13.31725788116455, "lowlevel.barkbands_crest.stdev": 5.093769073486328, "lowlevel.barkbands_flatness_db.mean": 0.24649055302143097, "lowlevel.barkbands_flatness_db.stdev": 0.06837983429431915, "lowlevel.barkbands_kurtosis.mean": 18.750045776367188, "lowlevel.barkbands_kurtosis.stdev": 19.283571243286133, "lowlevel.barkbands_skewness.mean": 3.1180460453033447, "lowlevel.barkbands_skewness.stdev": 1.7621773481369019, "lowlevel.barkbands_spread.mean": 9.902968406677246, "lowlevel.barkbands_spread.stdev": 14.114931106567383, "lowlevel.dissonance.mean": 0.4180125594139099, "lowlevel.dissonance.stdev": 0.05542128160595894, "lowlevel.dynamic_complexity": 4.50956916809082, "lowlevel.erbbands_crest.mean": 12.899314880371094, "lowlevel.erbbands_crest.stdev": 6.115633010864258, "lowlevel.erbbands_flatness_db.mean": 0.2196427285671234, "lowlevel.erbbands_flatness_db.stdev": 0.07070837914943695, "lowlevel.erbbands_kurtosis.mean": 3.36714768409729, "lowlevel.erbbands_kurtosis.stdev": 4.90537691116333, "lowlevel.erbbands_skewness.mean": 1.2972936630249023, "lowlevel.erbbands_skewness.stdev": 1.1531846523284912, "lowlevel.erbbands_spread.mean": 31.5917911529541, "lowlevel.erbbands_spread.stdev": 22.527156829833984, "lowlevel.hfc.mean": 7.212411880493164, "lowlevel.hfc.stdev": 8.58520221710205, "lowlevel.loudness_ebu128.integrated": -19.263227462768555, "lowlevel.loudness_ebu128.loudness_range": 5.729459762573242, "lowlevel.loudness_ebu128.momentary.mean": -20.888507843017578, "lowlevel.loudness_ebu128.momentary.stdev": 3.9845407009124756, "lowlevel.loudness_ebu128.short_term.mean": -19.81641960144043, "lowlevel.loudness_ebu128.short_term.stdev": 1.9244649410247803, "lowlevel.melbands_crest.mean": 18.498432159423828, "lowlevel.melbands_crest.stdev": 5.517061233520508, "lowlevel.melbands_flatness_db.mean": 0.31310245394706726, "lowlevel.melbands_flatness_db.stdev": 0.07912847399711609, "lowlevel.melbands_kurtosis.mean": 31.852697372436523, "lowlevel.melbands_kurtosis.stdev": 32.270057678222656, "lowlevel.melbands_skewness.mean": 3.7788968086242676, "lowlevel.melbands_skewness.stdev": 2.1793041229248047, "lowlevel.melbands_spread.mean": 10.123882293701172, "lowlevel.melbands_spread.stdev": 18.20851707458496, "lowlevel.pitch_salience.mean": 0.460138738155365, "lowlevel.pitch_salience.stdev": 0.14189553260803223, "lowlevel.silence_rate_20dB.mean": 1.0, "lowlevel.silence_rate_20dB.stdev": 0.0, "lowlevel.silence_rate_30dB.mean": 1.0, "lowlevel.silence_rate_30dB.stdev": 0.0, "lowlevel.silence_rate_60dB.mean": 0.22769230604171753, "lowlevel.silence_rate_60dB.stdev": 0.4193468391895294, "lowlevel.spectral_centroid.mean": 637.6771240234375, "lowlevel.spectral_centroid.stdev": 583.6421508789062, "lowlevel.spectral_complexity.mean": 6.955384731292725, "lowlevel.spectral_complexity.stdev": 3.2836925983428955, "lowlevel.spectral_decrease.mean": -4.306687007016308e-09, "lowlevel.spectral_decrease.stdev": 4.541734988094959e-09, "lowlevel.spectral_energy.mean": 0.016908613964915276, "lowlevel.spectral_energy.stdev": 0.017814788967370987, "lowlevel.spectral_energyband_high.mean": 0.00010715839016484097, "lowlevel.spectral_energyband_high.stdev": 0.0003908856015186757, "lowlevel.spectral_energyband_low.mean": 0.00376463052816689, "lowlevel.spectral_energyband_low.stdev": 0.004820073489099741, "lowlevel.spectral_energyband_middle_high.mean": 0.0010713392402976751, "lowlevel.spectral_energyband_middle_high.stdev": 0.002449293155223131, "lowlevel.spectral_energyband_middle_low.mean": 0.014135177247226238, "lowlevel.spectral_energyband_middle_low.stdev": 0.016517924144864082, "lowlevel.spectral_entropy.mean": 6.719722270965576, "lowlevel.spectral_entropy.stdev": 0.680809497833252, "lowlevel.spectral_flux.mean": 0.050141215324401855, "lowlevel.spectral_flux.stdev": 0.03758740797638893, "lowlevel.spectral_kurtosis.mean": 9.888046264648438, "lowlevel.spectral_kurtosis.stdev": 7.2373738288879395, "lowlevel.spectral_rms.mean": 0.003530569840222597, "lowlevel.spectral_rms.stdev": 0.0020078022498637438, "lowlevel.spectral_rolloff.mean": 766.0023193359375, "lowlevel.spectral_rolloff.stdev": 1314.295166015625, "lowlevel.spectral_skewness.mean": 2.2513623237609863, "lowlevel.spectral_skewness.stdev": 0.7988355755805969, "lowlevel.spectral_spread.mean": 3781858.5, "lowlevel.spectral_spread.stdev": 1821376.25, "lowlevel.spectral_strongpeak.mean": 0.9042369723320007, "lowlevel.spectral_strongpeak.stdev": 1.0644350051879883, "lowlevel.zerocrossingrate.mean": 0.03346642106771469, "lowlevel.zerocrossingrate.stdev": 0.035114992409944534, "metadata.audio_properties.analysis.equal_loudness": 0.0, "metadata.audio_properties.analysis.length": 30.143991470336914, "metadata.audio_properties.analysis.sample_rate": 44100.0, "metadata.audio_properties.analysis.start_time": 0.0, "metadata.audio_properties.bit_rate": 110753.0, "metadata.audio_properties.length": 30.143999099731445, "metadata.audio_properties.lossless": 0.0, "metadata.audio_properties.number_channels": 1.0, "metadata.audio_properties.replay_gain": -10.018882751464844, "metadata.audio_properties.sample_rate": 48000.0, "rhythm.beats_count": 59.0, "rhythm.beats_loudness.mean": 0.02312345802783966, "rhythm.beats_loudness.stdev": 0.019114062190055847, "rhythm.bpm": 117.1409912109375, "rhythm.bpm_histogram_first_peak_bpm": 117.0, "rhythm.bpm_histogram_first_peak_weight": 0.4871794581413269, "rhythm.bpm_histogram_second_peak_bpm": 126.0, "rhythm.bpm_histogram_second_peak_spread": 0.5384615659713745, "rhythm.bpm_histogram_second_peak_weight": 0.1034482792019844, "rhythm.danceability": 1.0532630681991577, "rhythm.onset_rate": 3.912113904953003, "tonal.chords_changes_rate": 0.04915514588356018, "tonal.chords_number_rate": 0.012288786470890045, "tonal.chords_strength.mean": 0.5574864745140076, "tonal.chords_strength.stdev": 0.100969098508358, "tonal.hpcp_crest.mean": 16.271289825439453, "tonal.hpcp_crest.stdev": 7.8573126792907715, "tonal.hpcp_entropy.mean": 1.68289053440094, "tonal.hpcp_entropy.stdev": 0.7378789186477661, "tonal.key_edma.strength": 0.6636967658996582, "tonal.key_krumhansl.strength": 0.6681939363479614, "tonal.key_temperley.strength": 0.6642028093338013, "tonal.tuning_diatonic_strength": 0.5612130165100098, "tonal.tuning_equal_tempered_deviation": 0.18512669205665588, "tonal.tuning_frequency": 435.9522705078125, "tonal.tuning_nontempered_energy_ratio": 0.9040338397026062, "lowlevel.barkbands.mean": [1.8140370912078652e-06, 1.1441272363299504e-05, 0.0016206889413297176, 0.003520237747579813, 0.00180303945671767, 0.005009935237467289, 0.002329115057364106, 0.001173851895146072, 0.00022100024216342717, 0.0003017713606823236, 0.00021413597278296947, 0.00012726122804451734, 6.0828951973235235e-05, 6.276856584008783e-05, 6.259383371798322e-05, 6.443876918638125e-05, 8.067562885116786e-05, 4.306022674427368e-05, 7.797232683515176e-05, 2.4330318410648033e-05, 1.799797246349044e-05, 1.779098965926096e-05, 2.6713712941273116e-05, 1.709751995804254e-05, 1.2603337381733581e-05, 5.441750545287505e-06, 1.5369318262514753e-08], "lowlevel.barkbands.stdev": [4.064934728376102e-06, 2.930332448158879e-05, 0.002514785388484597, 0.004375583492219448, 0.0029248755890876055, 0.01202323567122221, 0.007982864044606686, 0.005750921089202166, 0.0006326449802145362, 0.0011193224927410483, 0.0014854276087135077, 0.0006595000741071999, 0.0003197447513230145, 0.0002978131524287164, 0.00022267794702202082, 0.0001995947095565498, 0.00016434406279586256, 0.00013428569945972413, 0.00025887644733302295, 9.187962132273242e-05, 8.401819650316611e-05, 8.515833906130865e-05, 0.0001118133295676671, 7.138963701436296e-05, 4.4198699470143765e-05, 1.9331908333697356e-05, 1.2923440806389408e-07], "lowlevel.erbbands.mean": [0.0005673652049154043, 0.019309407100081444, 1.060230016708374, 8.665937423706055, 8.998416900634766, 4.05326509475708, 15.588645935058594, 50.70039749145508, 39.73549270629883, 29.192598342895508, 19.024290084838867, 5.7587480545043945, 7.869737148284912, 9.284280776977539, 9.08325481414795, 4.454226493835449, 2.766775369644165, 3.210888385772705, 3.4130818843841553, 3.164257049560547, 4.337753772735596, 4.439230442047119, 2.14259672164917, 4.12436580657959, 2.8964362144470215, 1.1821370124816895, 0.7803017497062683, 0.662899374961853, 0.6394505500793457, 0.7082151174545288, 0.744667649269104, 0.40800347924232483, 0.2793794274330139, 0.16851596534252167, 0.0750444233417511, 0.03592937812209129, 0.007498550228774548, 0.0004938402562402189, 1.938438981596846e-05, 1.9823386537609622e-05], "lowlevel.erbbands.stdev": [0.0008024910348467529, 0.02648022025823593, 1.528622031211853, 10.256479263305664, 13.089032173156738, 6.4769606590271, 34.710609436035156, 138.7806396484375, 109.49452209472656, 128.0016632080078, 85.55172729492188, 15.908798217773438, 19.789703369140625, 48.13020324707031, 72.67543029785156, 18.56143569946289, 9.695333480834961, 15.367281913757324, 13.473783493041992, 11.404476165771484, 10.884233474731445, 9.08743667602539, 6.530728816986084, 12.079529762268066, 10.964658737182617, 4.296966075897217, 3.342743396759033, 3.008901357650757, 2.9159984588623047, 3.0775656700134277, 3.1613569259643555, 1.8477797508239746, 1.1369447708129883, 0.6453419923782349, 0.23758520185947418, 0.1260654330253601, 0.028100015595555305, 0.0018398718675598502, 3.967988595832139e-05, 1.9895391233148985e-05], "lowlevel.gfcc.mean": [-116.77882385253906, 126.48116302490234, -104.90277862548828, 26.527559280395508, -70.0388412475586, -13.884349822998047, -56.05221939086914, 0.6023538708686829, -31.780895233154297, -16.890491485595703, -19.933931350708008, -14.851481437683105, -15.917845726013184], "lowlevel.melbands.mean": [2.5507929422019515e-06, 0.0004931667936034501, 0.0014665349153801799, 0.00044557242654263973, 0.00044814980356022716, 0.0010860755573958158, 0.0005817828932777047, 0.0003219936043024063, 0.0001233957736985758, 3.337875023134984e-05, 3.913730688509531e-05, 3.8181853597052395e-05, 2.920663609984331e-05, 1.732273813104257e-05, 7.911783541203476e-06, 6.362189196806867e-06, 5.707575837732293e-06, 5.572849204327213e-06, 4.60650790046202e-06, 3.8632797441096045e-06, 5.444684575195424e-06, 5.393426363298204e-06, 1.9602971406129654e-06, 2.0132870304223616e-06, 3.5793236747849733e-06, 2.6653974600776564e-06, 1.3201507726989803e-06, 6.423920808629191e-07, 4.6022850597182696e-07, 4.990691877537756e-07, 3.3728031212376663e-07, 3.5613376780929684e-07, 3.4481294619581604e-07, 4.2982884451703285e-07, 4.582433064115321e-07, 3.365963721080334e-07, 2.2078042150042165e-07, 2.056791146287651e-07, 1.5701996858297207e-07, 1.386948014214795e-07], "lowlevel.melbands.stdev": [6.28595535090426e-06, 0.0006832408253103495, 0.0016139816725626588, 0.0007515075267292559, 0.0009426750475540757, 0.002781216287985444, 0.0016128100687637925, 0.001381550682708621, 0.0005553950322791934, 9.986018267227337e-05, 9.977159788832068e-05, 0.00019824819173663855, 0.00020603861776180565, 0.00010819985618581995, 3.311367618152872e-05, 3.261908932472579e-05, 2.761845462373458e-05, 2.588365532574244e-05, 1.7026721252477728e-05, 1.4372313671628945e-05, 1.3427544217847753e-05, 1.1153646482853219e-05, 6.546745225932682e-06, 6.4880891841312405e-06, 1.0658983228495345e-05, 9.699534530227538e-06, 5.672339739248855e-06, 2.3982076982065337e-06, 1.933992734848289e-06, 2.554769480411778e-06, 1.4637513459092588e-06, 1.5855728179303696e-06, 1.7741012925398536e-06, 1.8034950244327774e-06, 1.9598071503423853e-06, 1.662716726968938e-06, 9.88646434052498e-07, 8.499711157128331e-07, 6.523612796627276e-07, 5.139897325534548e-07], "lowlevel.melbands128.mean": [9.448270930079161e-07, 1.4181437109073158e-06, 2.547740450609126e-06, 5.910883828619262e-06, 0.00011424630793044344, 0.0010779696749523282, 0.001954809995368123, 0.0015453986125066876, 0.0008686970686540008, 0.00042360660154372454, 0.00010276679677190259, 0.00020685017807409167, 0.00048369314754381776, 0.0007828507805243134, 0.0013022511266171932, 0.0011889005545526743, 0.0007376286084763706, 0.0004734052636194974, 0.00039168569492176175, 0.0002726278908085078, 0.0003591396380215883, 0.0002810150326695293, 4.716148032457568e-05, 2.688139102247078e-05, 3.265540362917818e-05, 3.7055870052427053e-05, 3.011364424310159e-05, 4.113380055059679e-05, 4.694925155490637e-05, 3.819548146566376e-05, 4.0787443140288815e-05, 2.4416738597210497e-05, 2.450819556543138e-05, 4.000197441200726e-05, 2.2436852304963395e-05, 8.00727866590023e-06, 1.1314754374325275e-05, 1.0029558325186372e-05, 3.850564098684117e-06, 5.319247520674253e-06, 6.67073391014128e-06, 8.716034244571347e-06, 5.27403108208091e-06, 4.005028586107073e-06, 6.589094482478686e-06, 5.582243375101825e-06, 5.00046371598728e-06, 4.577834260999225e-06, 4.7868661567918025e-06, 3.882877081196057e-06, 3.361151811986929e-06, 4.0007143979892135e-06, 5.4501470003742725e-06, 5.59766112928628e-06, 6.662419309577672e-06, 6.541659786307719e-06, 3.243907485739328e-06, 1.8946086584037403e-06, 1.7393566622558865e-06, 1.4796565892538638e-06, 1.6582503121753689e-06, 2.5866679607133847e-06, 3.5384887269174214e-06, 3.918920356227318e-06, 3.6958956570742885e-06, 2.576890437921975e-06, 2.2389949663192965e-06, 1.528140728623839e-06, 1.1673805602185894e-06, 9.772417115527787e-07, 5.697527285519755e-07, 5.229889552538225e-07, 4.894020548817934e-07, 4.2949045564455446e-07, 4.404762989906885e-07, 5.566797653955291e-07, 5.258895612314518e-07, 3.5028929801228514e-07, 2.937001397640415e-07, 3.3914076880137145e-07, 3.5001380638277624e-07, 3.6138632708571095e-07, 3.784276145779586e-07, 3.410261228964373e-07, 3.100194305716286e-07, 3.823130327873514e-07, 4.80595474527945e-07, 5.126074711370165e-07, 4.6611529569418053e-07, 4.1682258711261966e-07, 3.9214643265950144e-07, 3.303812547983398e-07, 2.0996955640839587e-07, 2.0386957544360484e-07, 2.480598197962536e-07, 1.9941657569688687e-07, 2.0506129772002168e-07, 2.002278165491589e-07, 1.4208282550498552e-07, 1.4578712637103308e-07, 1.5409169407121226e-07, 1.5225566585286288e-07, 9.841483006312046e-08, 8.882653901309823e-08, 7.097393961430498e-08, 8.715809940440522e-08, 7.018698511274124e-08, 7.01342699471752e-08, 7.420491954235331e-08, 5.241815870249411e-08, 3.1958141022414566e-08, 3.051992791824887e-08, 2.1349332968156887e-08, 1.4637446810183974e-08, 8.82204975738432e-09, 3.176703122775848e-09, 6.144816877551307e-10, 5.165680383445448e-12, 3.1482800307708336e-12, 2.820111548798576e-12, 2.7821813863154743e-12, 2.57607889013467e-12, 2.506510407215834e-12, 2.459563802625908e-12, 2.3821485149039257e-12, 2.2711812899117723e-12, 2.2072356962998807e-12, 2.1887222936833872e-12], "lowlevel.melbands128.stdev": [1.9990320652141236e-06, 4.380854079499841e-06, 7.929085768410005e-06, 1.6414831407018937e-05, 0.0002015993231907487, 0.0016679007094353437, 0.0024842421989887953, 0.0021334784105420113, 0.0015259322244673967, 0.0011346288956701756, 0.00021241542708594352, 0.00035690254298970103, 0.0013727365294471383, 0.0021519644651561975, 0.0041590905748307705, 0.004038507584482431, 0.0026089316233992577, 0.001987881725654006, 0.002082648454234004, 0.001963422168046236, 0.00199704198166728, 0.001533902483060956, 0.00018543338228482753, 0.00013255063095130026, 0.00013526799739338458, 0.0001441409403923899, 0.00011388548591639847, 0.00014101604756433517, 0.00015249784337356687, 0.0002465105790179223, 0.00031026601209305227, 0.00013838746235705912, 0.00018787379667628556, 0.00048377871280536056, 0.00017853715689852834, 3.7859961594222113e-05, 7.137556531233713e-05, 4.5574404794024304e-05, 1.8642109353095293e-05, 2.5859537345240824e-05, 3.9504757296526805e-05, 8.131137292366475e-05, 3.4309639886487275e-05, 1.953631181095261e-05, 4.574725971906446e-05, 3.039953480765689e-05, 2.6876159608946182e-05, 1.9899018298019655e-05, 2.5450844987062737e-05, 1.98540001292713e-05, 1.776271892595105e-05, 1.7152487998828292e-05, 1.738793980621267e-05, 1.7509499230072834e-05, 1.4914816347300075e-05, 1.675049315963406e-05, 9.276479431719054e-06, 6.833050520071993e-06, 8.774898560659494e-06, 5.267922460916452e-06, 5.916158443142194e-06, 1.0237130481982604e-05, 1.1220129636058118e-05, 1.3261304957268294e-05, 1.6152451280504465e-05, 9.324592610937543e-06, 1.0141693564946763e-05, 8.535639608453494e-06, 5.778391823696438e-06, 3.670173555292422e-06, 2.5778758754313458e-06, 2.2346243895299267e-06, 2.125770151906181e-06, 2.1333737549866783e-06, 2.2346407604345586e-06, 3.1356350973510416e-06, 2.696468982321676e-06, 1.958325583473197e-06, 1.2338559827185236e-06, 1.7399398757333984e-06, 1.4321952903628699e-06, 1.7787498336474528e-06, 2.019220573856728e-06, 1.7448725202484638e-06, 1.8426264887239086e-06, 1.7828537011155277e-06, 1.997709887291421e-06, 2.417011501165689e-06, 2.091780288537848e-06, 1.899574726849096e-06, 1.9301483007438947e-06, 1.976289468075265e-06, 1.022128458316729e-06, 9.227479722540011e-07, 1.3323026450962061e-06, 7.897502882769913e-07, 8.874569630279439e-07, 8.912705879993155e-07, 5.864098966412712e-07, 7.378374675681698e-07, 7.128971901693149e-07, 5.556063342737616e-07, 3.392639484900428e-07, 2.815092727814772e-07, 2.4958967514976393e-07, 3.224047020466969e-07, 2.3707015373020113e-07, 2.3741532118037867e-07, 2.996792716203345e-07, 2.2695195411870372e-07, 1.2864256859757006e-07, 1.4034336004442594e-07, 8.677318419358926e-08, 6.402521535164851e-08, 3.59043212938559e-08, 1.7132155250010328e-08, 4.327005420634578e-09, 2.8915149788422134e-11, 1.1769840310704716e-11, 6.37624978858109e-12, 7.217233755074659e-12, 4.350781887541011e-12, 4.1863409440401345e-12, 4.112613895268513e-12, 4.052371719437398e-12, 4.004801264917424e-12, 3.968321331260238e-12, 3.946416977929079e-12], "lowlevel.mfcc.mean": [-764.7525634765625, 153.41700744628906, 11.617892265319824, 28.826568603515625, 0.7405330538749695, -18.356557846069336, -15.579936981201172, -4.547004222869873, -14.604808807373047, -10.543135643005371, -10.94714641571045, -12.674792289733887, -8.579428672790527], "lowlevel.spectral_contrast_coeffs.mean": [-0.5765134692192078, -0.690926730632782, -0.7671412229537964, -0.8174443244934082, -0.7923335433006287, -0.7938104867935181], "lowlevel.spectral_contrast_coeffs.stdev": [0.08559338003396988, 0.11112368106842041, 0.07075175642967224, 0.05668065324425697, 0.060897767543792725, 0.03383411839604378], "lowlevel.spectral_contrast_valleys.mean": [-7.863074779510498, -7.562442779541016, -8.630433082580566, -8.908920288085938, -8.890934944152832, -11.736183166503906], "lowlevel.spectral_contrast_valleys.stdev": [0.568644106388092, 0.5788692831993103, 0.6989791989326477, 0.6314011812210083, 0.6983866095542908, 1.041682243347168], "rhythm.beats_loudness_band_ratio.mean": [0.4814974069595337, 0.33161383867263794, 0.16194280982017517, 0.03765120357275009, 0.01963895373046398, 0.031850721687078476], "rhythm.beats_loudness_band_ratio.stdev": [0.29322656989097595, 0.2815941274166107, 0.2042885273694992, 0.07017365097999573, 0.02940181829035282, 0.11393523961305618], "tonal.hpcp.mean": [0.025133417919278145, 0.02306724525988102, 0.028426310047507286, 0.06999044120311737, 0.06504768878221512, 0.020099828019738197, 0.01431324239820242, 0.010076337493956089, 0.021624645218253136, 0.046758029609918594, 0.05820220708847046, 0.10779669880867004, 0.38240498304367065, 0.38306722044944763, 0.10307058691978455, 0.044373393058776855, 0.05203145742416382, 0.09046558290719986, 0.15249499678611755, 0.12877938151359558, 0.06392376869916916, 0.05348056182265282, 0.05593182519078255, 0.09845064580440521, 0.16805501282215118, 0.1388116031885147, 0.0741947740316391, 0.06345488876104355, 0.046088021248579025, 0.03887900337576866, 0.03736603632569313, 0.044939711689949036, 0.08583588898181915, 0.17303211987018585, 0.140680193901062, 0.039301637560129166], "tonal.hpcp.stdev": [0.10616475343704224, 0.11334206908941269, 0.11399674415588379, 0.20482279360294342, 0.19172221422195435, 0.07913431525230408, 0.08134400844573975, 0.06516444683074951, 0.10752545297145844, 0.16394373774528503, 0.18311454355716705, 0.22088830173015594, 0.3995833694934845, 0.3958926796913147, 0.19647552073001862, 0.16032712161540985, 0.1780126839876175, 0.229564368724823, 0.30902770161628723, 0.2705290615558624, 0.19340357184410095, 0.18613138794898987, 0.18787594139575958, 0.23547755181789398, 0.29595938324928284, 0.25572267174720764, 0.20156359672546387, 0.20317289233207703, 0.16047455370426178, 0.15037855505943298, 0.13179495930671692, 0.15783807635307312, 0.20464058220386505, 0.2655714452266693, 0.22365674376487732, 0.11805150657892227], "rhythm.beats_position": [0.5224489569664001, 1.05650794506073, 1.6021767854690552, 2.1594557762145996, 2.7167346477508545, 3.1927437782287598, 3.668752670288086, 4.14476203918457, 4.609160900115967, 5.061950206756592, 5.526349067687988, 5.990748405456543, 6.4551472663879395, 6.931156158447266, 7.40716552734375, 7.883174419403076, 8.382403373718262, 8.870022773742676, 9.392471313476562, 9.914920806884766, 10.448979377746582, 10.959818840026855, 11.470657348632812, 11.981496810913086, 12.492335319519043, 13.014784812927246, 13.537233352661133, 14.036462783813477, 14.535691261291504, 15.046530723571777, 15.557369232177734, 16.068208694458008, 16.555828094482422, 17.055055618286133, 17.554285049438477, 18.07673454284668, 18.599184036254883, 19.110021591186523, 19.632471084594727, 20.15492057800293, 20.677370071411133, 21.188207626342773, 21.699047088623047, 22.22149658203125, 22.732336044311523, 23.243173599243164, 23.754013061523438, 24.27646255493164, 24.798912048339844, 25.309749603271484, 25.808979034423828, 26.308208465576172, 26.819047927856445, 27.329885482788086, 27.84072494506836, 28.351564407348633, 28.862403869628906, 29.350021362304688, 29.86086082458496], "rhythm.bpm_histogram": [0.0, 0.0, 0.0, 0.0, 0.0, 0.0, 0.0, 0.0, 0.0, 0.0, 0.0, 0.0, 0.0, 0.0, 0.0, 0.0, 0.0, 0.0, 0.0, 0.0, 0.0, 0.0, 0.0, 0.0, 0.0, 0.0, 0.0, 0.0, 0.0, 0.0, 0.0, 0.0, 0.0, 0.0, 0.0, 0.0, 0.0, 0.0, 0.0, 0.0, 0.0, 0.0, 0.0, 0.0, 0.0, 0.0, 0.0, 0.0, 0.0, 0.0, 0.0, 0.0, 0.0, 0.0, 0.0, 0.0, 0.0, 0.0, 0.0, 0.0, 0.0, 0.0, 0.0, 0.0, 0.0, 0.0, 0.0, 0.0, 0.0, 0.0, 0.0, 0.0, 0.0, 0.0, 0.0, 0.0, 0.0, 0.0, 0.0, 0.0, 0.0, 0.0, 0.0, 0.0, 0.0, 0.0, 0.0, 0.0, 0.0, 0.0, 0.0, 0.0, 0.0, 0.0, 0.0, 0.0, 0.0, 0.0, 0.0, 0.0, 0.0, 0.0, 0.0, 0.0, 0.0, 0.0, 0.0, 0.0, 0.03448275849223137, 0.0, 0.017241379246115685, 0.0, 0.03448275849223137, 0.0, 0.0, 0.2068965584039688, 0.0, 0.3448275923728943, 0.0, 0.0, 0.12068965286016464, 0.0, 0.0, 0.0517241396009922, 0.0, 0.0, 0.1034482792019844, 0.0, 0.0, 0.06896551698446274, 0.0, 0.0, 0.0, 0.017241379246115685, 0.0, 0.0, 0.0, 0.0, 0.0, 0.0, 0.0, 0.0, 0.0, 0.0, 0.0, 0.0, 0.0, 0.0, 0.0, 0.0, 0.0, 0.0, 0.0, 0.0, 0.0, 0.0, 0.0, 0.0, 0.0, 0.0, 0.0, 0.0, 0.0, 0.0, 0.0, 0.0, 0.0, 0.0, 0.0, 0.0, 0.0, 0.0, 0.0, 0.0, 0.0, 0.0, 0.0, 0.0, 0.0, 0.0, 0.0, 0.0, 0.0, 0.0, 0.0, 0.0, 0.0, 0.0, 0.0, 0.0, 0.0, 0.0, 0.0, 0.0, 0.0, 0.0, 0.0, 0.0, 0.0, 0.0, 0.0, 0.0, 0.0, 0.0, 0.0, 0.0, 0.0, 0.0, 0.0, 0.0, 0.0, 0.0, 0.0, 0.0, 0.0, 0.0, 0.0, 0.0, 0.0, 0.0, 0.0, 0.0, 0.0, 0.0, 0.0, 0.0, 0.0, 0.0, 0.0, 0.0, 0.0, 0.0, 0.0, 0.0, 0.0, 0.0, 0.0, 0.0, 0.0, 0.0, 0.0, 0.0, 0.0, 0.0, 0.0, 0.0, 0.0, 0.0, 0.0, 0.0], "tonal.chords_histogram": [0.0, 0.0, 0.0, 0.0, 0.0, 4.761904716491699, 0.0, 3.9938557147979736, 0.0, 3.0721967220306396, 0.0, 0.0, 1.9969278573989868, 12.44239616394043, 66.2058334350586, 0.0, 4.454685211181641, 0.460829496383667, 2.6113672256469727, 0.0, 0.0, 0.0, 0.0, 0.0], "tonal.thpcp": [1.0, 0.26906657218933105, 0.11583708971738815, 0.13582852482795715, 0.23616111278533936, 0.39808937907218933, 0.33617958426475525, 0.166873499751091, 0.13961142301559448, 0.14601047337055206, 0.2570061981678009, 0.43870893120765686, 0.36236879229545593, 0.19368603825569153, 0.16564948856830597, 0.1203131452202797, 0.1014939472079277, 0.09754433482885361, 0.11731547117233276, 0.22407525777816772, 0.45170170068740845, 0.36724674701690674, 0.10259723663330078, 0.06561098247766495, 0.060217224061489105, 0.07420710474252701, 0.18271060287952423, 0.16980750858783722, 0.05247075855731964, 0.03736483305692673, 0.02630435861647129, 0.056451305747032166, 0.12206220626831055, 0.1519373208284378, 0.28140413761138916, 0.9982712268829346], "lowlevel.gfcc.cov": [[3400.915283203125, -872.174072265625, -107.4342041015625, 148.7464599609375, -23.707794189453125, 38.69189453125, -255.54661560058594, 81.24737548828125, -86.97654724121094, -58.696598052978516, 142.67886352539062, 200.40267944335938, -194.94644165039062], [-872.174072265625, 1830.0948486328125, -369.5372009277344, -507.8273620605469, 201.08082580566406, -378.0174865722656, 179.6654510498047, -152.7396240234375, 269.6815490722656, -314.8599548339844, 262.3470764160156, -94.37177276611328, 231.92355346679688], [-107.4342041015625, -369.5372009277344, 515.9388427734375, 148.41549682617188, -59.52561950683594, 165.4658203125, 51.76057815551758, 56.762935638427734, -120.95684051513672, 84.51941680908203, -158.0416259765625, 7.4162116050720215, -48.2668571472168], [148.7464599609375, -507.8273620605469, 148.41549682617188, 477.7550048828125, 51.88716506958008, 122.74459075927734, -90.7403793334961, -26.815759658813477, -50.86790466308594, 75.22966003417969, -107.87593841552734, -53.54841995239258, -39.145362854003906], [-23.707794189453125, 201.08082580566406, -59.52561950683594, 51.88716506958008, 306.12884521484375, -16.973859786987305, -134.29637145996094, -119.0739517211914, 46.30365753173828, -0.3552005887031555, 10.059884071350098, -27.89405632019043, 27.189638137817383], [38.69189453125, -378.0174865722656, 165.4658203125, 122.74459075927734, -16.973859786987305, 307.5291748046875, 84.30075073242188, 44.59845733642578, -110.7303466796875, 90.82963562011719, -95.46143341064453, -27.989168167114258, -104.58110809326172], [-255.54661560058594, 179.6654510498047, 51.76057815551758, -90.7403793334961, -134.29637145996094, 84.30075073242188, 358.1258544921875, 122.06069946289062, -41.90713119506836, -68.7048568725586, -27.199344635009766, -26.00506019592285, -50.30158615112305], [81.24737548828125, -152.7396240234375, 56.762935638427734, -26.815759658813477, -119.0739517211914, 44.59845733642578, 122.06069946289062, 166.56190490722656, -31.159832000732422, -6.5608038902282715, -39.640201568603516, 19.292177200317383, -59.43478775024414], [-86.97654724121094, 269.6815490722656, -120.95684051513672, -50.86790466308594, 46.30365753173828, -110.7303466796875, -41.90713119506836, -31.159832000732422, 149.37258911132812, -42.59912872314453, 56.80815124511719, -22.425127029418945, 49.94865798950195], [-58.696598052978516, -314.8599548339844, 84.51941680908203, 75.22966003417969, -0.3552005887031555, 90.82963562011719, -68.7048568725586, -6.5608038902282715, -42.59912872314453, 178.96884155273438, -55.10230255126953, -3.3467254638671875, -47.36247253417969], [142.67886352539062, 262.3470764160156, -158.0416259765625, -107.87593841552734, 10.059884071350098, -95.46143341064453, -27.199344635009766, -39.640201568603516, 56.80815124511719, -55.10230255126953, 169.5764923095703, 25.702213287353516, 22.260169982910156], [200.40267944335938, -94.37177276611328, 7.4162116050720215, -53.54841995239258, -27.89405632019043, -27.989168167114258, -26.00506019592285, 19.292177200317383, -22.425127029418945, -3.3467254638671875, 25.702213287353516, 99.76020812988281, 1.8415955305099487], [-194.94644165039062, 231.92355346679688, -48.2668571472168, -39.145362854003906, 27.189638137817383, -104.58110809326172, -50.30158615112305, -59.43478775024414, 49.94865798950195, -47.36247253417969, 22.260169982910156, 1.8415955305099487, 121.63933563232422]], "lowlevel.gfcc.icov": [[0.0005390000296756625, 0.00037317295209504664, 5.7989782362710685e-05, 1.0992835996148642e-05, -0.00016207988664973527, 2.1122526959516108e-05, 0.00037665016134269536, -0.00010139726509805769, 9.534970558888745e-06, 0.0009451486985199153, -0.0006460085278376937, -0.00046477335854433477, 0.0008288259268738329], [0.00037317295209504664, 0.004601783584803343, -0.0007515457109548151, 0.0029921457171440125, -0.0034227008000016212, 0.0020747375674545765, -0.003684676717966795, 0.0016068813856691122, -0.0018284721300005913, 0.0024658713955432177, -0.00388140045106411, 0.004352830350399017, -0.0033455912489444017], [5.7989782362710685e-05, -0.0007515457109548151, 0.003362787188962102, -0.000981652527116239, 0.0008740723133087158, -0.000982848578132689, 0.0004898796323686838, -0.0003229909634683281, 0.0012832650681957603, -0.0006383460713550448, 0.0026239086873829365, -0.0018604508368298411, 0.00032118160743266344], [1.0992835996148642e-05, 0.0029921457171440125, -0.000981652527116239, 0.0052053676918148994, -0.002210484119132161, 0.0007307112100534141, -0.0013318430865183473, 0.0014856195775792003, -0.0009678091737441719, 0.0017089573666453362, -0.001164554851129651, 0.004802879877388477, -0.001901008072309196], [-0.00016207988664973527, -0.0034227008000016212, 0.0008740723133087158, -0.002210484119132161, 0.007851231843233109, -0.002318717073649168, 0.004268438555300236, 0.002177853137254715, 6.365909212036058e-05, -0.0003516874276101589, 0.004046902991831303, -0.0030437593813985586, 0.004124767612665892], [2.1122526959516108e-05, 0.0020747375674545765, -0.000982848578132689, 0.0007307112100534141, -0.002318717073649168, 0.008280412293970585, -0.0035373999271541834, 0.0014009984442964196, 0.0018306095153093338, -0.000985373044386506, -0.000800042413175106, 0.0034197517670691013, 0.0017416919581592083], [0.00037665016134269536, -0.003684676717966795, 0.0004898796323686838, -0.0013318430865183473, 0.004268438555300236, -0.0035373999271541834, 0.009723496623337269, -0.003938990645110607, 0.0024009074550122023, 0.0020614881068468094, 0.0028815947007387877, -0.0017185109900310636, 0.004811159335076809], [-0.00010139726509805769, 0.0016068813856691122, -0.0003229909634683281, 0.0014856195775792003, 0.002177853137254715, 0.0014009984442964196, -0.003938990645110607, 0.013901486992835999, -0.002737348433583975, 0.001935585169121623, 0.002715200185775757, -0.0014992149081081152, 0.004408468026667833], [9.534970558888745e-06, -0.0018284721300005913, 0.0012832650681957603, -0.0009678091737441719, 6.365909212036058e-05, 0.0018306095153093338, 0.0024009074550122023, -0.002737348433583975, 0.012682060711085796, -0.0007854701834730804, -0.0006130396504886448, 0.002314905170351267, -0.0005220345919951797], [0.0009451486985199153, 0.0024658713955432177, -0.0006383460713550448, 0.0017089573666453362, -0.0003516874276101589, -0.000985373044386506, 0.0020614881068468094, 0.001935585169121623, -0.0007854701834730804, 0.01170316617935896, -0.0004270381177775562, 0.0014563723234459758, 0.003075013170018792], [-0.0006460085278376937, -0.00388140045106411, 0.0026239086873829365, -0.001164554851129651, 0.004046902991831303, -0.000800042413175106, 0.0028815947007387877, 0.002715200185775757, -0.0006130396504886448, -0.0004270381177775562, 0.014841768890619278, -0.006137019023299217, 0.0054197232238948345], [-0.00046477335854433477, 0.004352830350399017, -0.0018604508368298411, 0.004802879877388477, -0.0030437593813985586, 0.0034197517670691013, -0.0017185109900310636, -0.0014992149081081152, 0.002314905170351267, 0.0014563723234459758, -0.006137019023299217, 0.019996272400021553, -0.00562260253354907], [0.0008288259268738329, -0.0033455912489444017, 0.00032118160743266344, -0.001901008072309196, 0.004124767612665892, 0.0017416919581592083, 0.004811159335076809, 0.004408468026667833, -0.0005220345919951797, 0.003075013170018792, 0.0054197232238948345, -0.00562260253354907, 0.020667927339673042]], "lowlevel.mfcc.cov": [[3451.531494140625, -907.3001098632812, -123.041259765625, -12.207148551940918, 195.43353271484375, -111.16806030273438, -57.73997497558594, 135.55821228027344, -286.52587890625, -163.40072631835938, 98.37346649169922, -41.49483108520508, 95.46507263183594], [-907.3001098632812, 1896.1370849609375, -477.9917297363281, -164.4544219970703, -98.54415893554688, -233.28041076660156, -147.5946807861328, 85.44631958007812, -29.61874008178711, -171.9583282470703, -17.535995483398438, -2.3868682384490967, 52.63455581665039], [-123.041259765625, -477.9917297363281, 516.3970336914062, 29.981746673583984, -113.36915588378906, 63.430335998535156, 149.41847229003906, 16.50680923461914, 106.04254150390625, 49.54499053955078, -1.9164520502090454, 26.423099517822266, -58.47654342651367], [-12.207148551940918, -164.4544219970703, 29.981746673583984, 256.7054443359375, 93.33157348632812, 34.143707275390625, -56.50993728637695, -47.37124252319336, 7.85207986831665, 31.774213790893555, -55.31122970581055, -49.40113830566406, -17.18085289001465], [195.43353271484375, -98.54415893554688, -113.36915588378906, 93.33157348632812, 398.3299255371094, 105.70021057128906, -149.8968505859375, -142.5484619140625, -90.96794891357422, 17.29770278930664, -65.1205825805664, -79.46436309814453, 36.407474517822266], [-111.16806030273438, -233.28041076660156, 63.430335998535156, 34.143707275390625, 105.70021057128906, 249.2469940185547, 71.11467742919922, -83.64268493652344, 20.301658630371094, 52.75674819946289, -25.854341506958008, 25.38493537902832, -23.602764129638672], [-57.73997497558594, -147.5946807861328, 149.41847229003906, -56.50993728637695, -149.8968505859375, 71.11467742919922, 255.48065185546875, 87.51734161376953, 60.728294372558594, 10.349435806274414, 50.5916862487793, 67.3236083984375, -30.854450225830078], [135.55821228027344, 85.44631958007812, 16.50680923461914, -47.37124252319336, -142.5484619140625, -83.64268493652344, 87.51734161376953, 219.37757873535156, 41.02606964111328, -48.96648406982422, 42.075740814208984, 35.962093353271484, -9.439146041870117], [-286.52587890625, -29.61874008178711, 106.04254150390625, 7.85207986831665, -90.96794891357422, 20.301658630371094, 60.728294372558594, 41.02606964111328, 164.5659942626953, 44.111351013183594, -12.042754173278809, 25.3551025390625, -33.61417770385742], [-163.40072631835938, -171.9583282470703, 49.54499053955078, 31.774213790893555, 17.29770278930664, 52.75674819946289, 10.349435806274414, -48.96648406982422, 44.111351013183594, 132.11929321289062, 2.31900954246521, -7.6851677894592285, -18.291013717651367], [98.37346649169922, -17.535995483398438, -1.9164520502090454, -55.31122970581055, -65.1205825805664, -25.854341506958008, 50.5916862487793, 42.075740814208984, -12.042754173278809, 2.31900954246521, 138.05990600585938, 59.46063232421875, -13.98253059387207], [-41.49483108520508, -2.3868682384490967, 26.423099517822266, -49.40113830566406, -79.46436309814453, 25.38493537902832, 67.3236083984375, 35.962093353271484, 25.3551025390625, -7.6851677894592285, 59.46063232421875, 113.2005386352539, -0.5629513263702393], [95.46507263183594, 52.63455581665039, -58.47654342651367, -17.18085289001465, 36.407474517822266, -23.602764129638672, -30.854450225830078, -9.439146041870117, -33.61417770385742, -18.291013717651367, -13.98253059387207, -0.5629513263702393, 86.49554443359375]], "lowlevel.mfcc.icov": [[0.0005635411362163723, 0.0004688878252636641, 0.000254404847510159, 0.00012024389434373006, -0.00023496239737141877, 0.00023043277906253934, 7.728084892733023e-05, -0.0005525305168703198, 0.0005505215376615524, 0.0007071713916957378, -0.0002951480564661324, 0.0002009217714658007, -0.00026529585011303425], [0.0004688878252636641, 0.0012919222936034203, 0.0010315581457689404, 0.0004961678059771657, 3.630704668466933e-05, 0.0006184753146953881, 0.00022996134066488594, -0.00030203204369172454, -8.853199688019231e-05, 0.001402064342983067, 0.00011852509487653151, 7.3484297899995e-05, -2.3439901269739494e-05], [0.000254404847510159, 0.0010315581457689404, 0.003606528975069523, -4.907012771582231e-05, 0.00039332665619440377, 0.0006237708148546517, -0.0013588924193754792, 0.0005217086873017251, -0.0011859877267852426, 0.000830267381388694, 0.0005711140111088753, 5.693938146578148e-05, 0.0009042002493515611], [0.00012024389434373006, 0.0004961678059771657, -4.907012771582231e-05, 0.005172107834368944, -0.000734908739104867, -1.627241090318421e-06, 0.000946933520026505, -0.00029892163001932204, -0.0003210719733033329, -0.00022216502111405134, 0.0012142924824729562, 0.0007643747376278043, 0.0012031072983518243], [-0.00023496239737141877, 3.630704668466933e-05, 0.00039332665619440377, -0.000734908739104867, 0.006225495133548975, -0.003951920662075281, 0.002965048421174288, 0.0006509395898319781, 0.0012056698324158788, 7.699632260482758e-05, -0.00047238223487511277, 0.002762710675597191, -0.0017864701803773642], [0.00023043277906253934, 0.0006184753146953881, 0.0006237708148546517, -1.627241090318421e-06, -0.003951920662075281, 0.009864757768809795, -0.004932020325213671, 0.0029029049910604954, -0.00045708546531386673, -0.0008819535141810775, 0.0030568838119506836, -0.00457334378734231, 0.002803725190460682], [7.728084892733023e-05, 0.00022996134066488594, -0.0013588924193754792, 0.000946933520026505, 0.002965048421174288, -0.004932020325213671, 0.009445148520171642, -0.0032776498701423407, 0.00020861758093815297, 0.0001848578976932913, -0.001840814482420683, 0.0003041608433704823, -0.0007135928026400506], [-0.0005525305168703198, -0.00030203204369172454, 0.0005217086873017251, -0.00029892163001932204, 0.0006509395898319781, 0.0029029049910604954, -0.0032776498701423407, 0.008921387605369091, -0.0026938312221318483, 0.0020921966060996056, -0.0003600418276619166, -0.0006018047570250928, 0.0007429143297486007], [0.0005505215376615524, -8.853199688019231e-05, -0.0011859877267852426, -0.0003210719733033329, 0.0012056698324158788, -0.00045708546531386673, 0.00020861758093815297, -0.0026938312221318483, 0.01092009712010622, -0.0034888070076704025, 0.0027685780078172684, -0.0021115075796842575, 0.0016687597380951047], [0.0007071713916957378, 0.001402064342983067, 0.000830267381388694, -0.00022216502111405134, 7.699632260482758e-05, -0.0008819535141810775, 0.0001848578976932913, 0.0020921966060996056, -0.0034888070076704025, 0.012444531545042992, -0.0029108489397913218, 0.0026291694957762957, -0.00027298269560560584], [-0.0002951480564661324, 0.00011852509487653151, 0.0005711140111088753, 0.0012142924824729562, -0.00047238223487511277, 0.0030568838119506836, -0.001840814482420683, -0.0003600418276619166, 0.0027685780078172684, -0.0029108489397913218, 0.012792321853339672, -0.00703574251383543, 0.0037005357444286346], [0.0002009217714658007, 7.3484297899995e-05, 5.693938146578148e-05, 0.0007643747376278043, 0.002762710675597191, -0.00457334378734231, 0.0003041608433704823, -0.0006018047570250928, -0.0021115075796842575, 0.0026291694957762957, -0.00703574251383543, 0.016533078625798225, -0.0037385262548923492], [-0.00026529585011303425, -2.3439901269739494e-05, 0.0009042002493515611, 0.0012031072983518243, -0.0017864701803773642, 0.002803725190460682, -0.0007135928026400506, 0.0007429143297486007, 0.0016687597380951047, -0.00027298269560560584, 0.0037005357444286346, -0.0037385262548923492, 0.015226862393319607]], "metadata.audio_properties.analysis.downmix": "mix", "metadata.audio_properties.codec": "mp3", "metadata.audio_properties.md5_encoded": "0de127a295f240a6357a4bee37938a00", "metadata.tags.file_name": "1183695347378294816.mp3", "metadata.version.essentia": "2.1-beta6-dev", "metadata.version.essentia_git_sha": "v2.1_beta5-1110-g77a6a954", "metadata.version.extractor": "music 2.0", "tonal.chords_key": "C#", "tonal.chords_scale": "major", "tonal.key_edma.key": "C", "tonal.key_edma.scale": "major", "tonal.key_krumhansl.key": "C", "tonal.key_k