{"song_id": "1183658099731603466", "download": "https://cdn.discordapp.com/attachments/1135903449314238464/1183658099731603466/chirp.mp4?ex=65892282&amp", "lyrics": "[Verse 1]\n\u0924\u0947\u0930\u0940 \u092f\u093e\u0926\u094b\u0902 \u092e\u0947\u0902 \u091c\u0940 \u0930\u0939\u093e \u0939\u0942\u0901\n\u092f\u0947 \u0905\u0932\u0935\u093f\u0926\u093e \u092e\u0948\u0902 \u0915\u0939 \u0930\u0939\u093e \u0939\u0942\u0901\n\u0905\u092a\u0928\u0940 \u0916\u0941\u0936\u093f\u092f\u094b\u0902 \u0915\u094b \u0924\u0942 \u0928\u093e \u091a\u093e\u0939\u0947\n\u0924\u0947\u0930\u0947 \u092c\u093f\u0928\u093e \u091c\u0940\u0928\u093e \u092f\u0939\u093e\u0901 \u092e\u0941\u0936\u094d\u0915\u093f\u0932 \u0938\u0947 \u0939\u0948\n\n[Chorus]\n\u092f\u0947 \u0916\u094d\u0935\u093e\u0939\u093f\u0936 \u0939\u0948 \u0926\u093f\u0932 \u0915\u0940\n\u092f\u0947 \u0926\u093e\u0938\u094d\u0924\u093e\u0928 \u0939\u0948 \u0905\u0926\u092c \u0915\u0940\n\u0939\u092e\u0947\u0936\u093e \u092f\u093e\u0926 \u0906\u090f\u0917\u093e\n\u0924\u0947\u0930\u0947 \u092c\u093f\u0928\u093e \u0939\u094b\u0928\u093e \u0928", "style": ["Bollywood"], "essentia_features": {"lowlevel.average_loudness": 0.9208399057388306, "lowlevel.barkbands_crest.mean": 13.270586967468262, "lowlevel.barkbands_crest.stdev": 4.732388019561768, "lowlevel.barkbands_flatness_db.mean": 0.2010357528924942, "lowlevel.barkbands_flatness_db.stdev": 0.061218783259391785, "lowlevel.barkbands_kurtosis.mean": 14.170022964477539, "lowlevel.barkbands_kurtosis.stdev": 23.13901138305664, "lowlevel.barkbands_skewness.mean": 2.4196150302886963, "lowlevel.barkbands_skewness.stdev": 1.9491690397262573, "lowlevel.barkbands_spread.mean": 12.337456703186035, "lowlevel.barkbands_spread.stdev": 12.85361385345459, "lowlevel.dissonance.mean": 0.4109934866428375, "lowlevel.dissonance.stdev": 0.03946784511208534, "lowlevel.dynamic_complexity": 3.13791823387146, "lowlevel.erbbands_crest.mean": 12.613213539123535, "lowlevel.erbbands_crest.stdev": 4.7761664390563965, "lowlevel.erbbands_flatness_db.mean": 0.1816808581352234, "lowlevel.erbbands_flatness_db.stdev": 0.04288144037127495, "lowlevel.erbbands_kurtosis.mean": 2.315952777862549, "lowlevel.erbbands_kurtosis.stdev": 2.958332061767578, "lowlevel.erbbands_skewness.mean": 0.9938185811042786, "lowlevel.erbbands_skewness.stdev": 0.836755633354187, "lowlevel.erbbands_spread.mean": 29.136077880859375, "lowlevel.erbbands_spread.stdev": 19.741134643554688, "lowlevel.hfc.mean": 14.008218765258789, "lowlevel.hfc.stdev": 15.970871925354004, "lowlevel.loudness_ebu128.integrated": -19.09128761291504, "lowlevel.loudness_ebu128.loudness_range": 3.4643001556396484, "lowlevel.loudness_ebu128.momentary.mean": -19.62771224975586, "lowlevel.loudness_ebu128.momentary.stdev": 2.1507654190063477, "lowlevel.loudness_ebu128.short_term.mean": -19.181835174560547, "lowlevel.loudness_ebu128.short_term.stdev": 1.0896631479263306, "lowlevel.melbands_crest.mean": 16.831056594848633, "lowlevel.melbands_crest.stdev": 5.262948513031006, "lowlevel.melbands_flatness_db.mean": 0.2862696051597595, "lowlevel.melbands_flatness_db.stdev": 0.07826929539442062, "lowlevel.melbands_kurtosis.mean": 22.652873992919922, "lowlevel.melbands_kurtosis.stdev": 38.436912536621094, "lowlevel.melbands_skewness.mean": 2.8745346069335938, "lowlevel.melbands_skewness.stdev": 2.115804672241211, "lowlevel.melbands_spread.mean": 14.110589027404785, "lowlevel.melbands_spread.stdev": 20.27202606201172, "lowlevel.pitch_salience.mean": 0.45228254795074463, "lowlevel.pitch_salience.stdev": 0.1383618265390396, "lowlevel.silence_rate_20dB.mean": 1.0, "lowlevel.silence_rate_20dB.stdev": 0.0, "lowlevel.silence_rate_30dB.mean": 0.9385150671005249, "lowlevel.silence_rate_30dB.stdev": 0.24022051692008972, "lowlevel.silence_rate_60dB.mean": 0.07308584451675415, "lowlevel.silence_rate_60dB.stdev": 0.26027628779411316, "lowlevel.spectral_centroid.mean": 734.8168334960938, "lowlevel.spectral_centroid.stdev": 482.8336181640625, "lowlevel.spectral_complexity.mean": 9.378769874572754, "lowlevel.spectral_complexity.stdev": 3.661868095397949, "lowlevel.spectral_decrease.mean": -8.65286953199984e-09, "lowlevel.spectral_decrease.stdev": 9.964779223992082e-09, "lowlevel.spectral_energy.mean": 0.0339285172522068, "lowlevel.spectral_energy.stdev": 0.03843230754137039, "lowlevel.spectral_energyband_high.mean": 0.0002659092133399099, "lowlevel.spectral_energyband_high.stdev": 0.0006085838540457189, "lowlevel.spectral_energyband_low.mean": 0.018696099519729614, "lowlevel.spectral_energyband_low.stdev": 0.03325126692652702, "lowlevel.spectral_energyband_middle_high.mean": 0.0031670902390033007, "lowlevel.spectral_energyband_middle_high.stdev": 0.006073104217648506, "lowlevel.spectral_energyband_middle_low.mean": 0.012495557777583599, "lowlevel.spectral_energyband_middle_low.stdev": 0.012118839658796787, "lowlevel.spectral_entropy.mean": 6.861825942993164, "lowlevel.spectral_entropy.stdev": 0.5117902159690857, "lowlevel.spectral_flux.mean": 0.06717302650213242, "lowlevel.spectral_flux.stdev": 0.06298509985208511, "lowlevel.spectral_kurtosis.mean": 7.322350978851318, "lowlevel.spectral_kurtosis.stdev": 3.6562068462371826, "lowlevel.spectral_rms.mean": 0.005053190980106592, "lowlevel.spectral_rms.stdev": 0.0027506796177476645, "lowlevel.spectral_rolloff.mean": 992.0428466796875, "lowlevel.spectral_rolloff.stdev": 1805.8182373046875, "lowlevel.spectral_skewness.mean": 2.2115540504455566, "lowlevel.spectral_skewness.stdev": 0.5810220241546631, "lowlevel.spectral_spread.mean": 4917206.0, "lowlevel.spectral_spread.stdev": 2141327.0, "lowlevel.spectral_strongpeak.mean": 1.0885629653930664, "lowlevel.spectral_strongpeak.stdev": 1.3630906343460083, "lowlevel.zerocrossingrate.mean": 0.04181262105703354, "lowlevel.zerocrossingrate.stdev": 0.04906295984983444, "metadata.audio_properties.analysis.equal_loudness": 0.0, "metadata.audio_properties.analysis.length": 39.999977111816406, "metadata.audio_properties.analysis.sample_rate": 44100.0, "metadata.audio_properties.analysis.start_time": 0.0, "metadata.audio_properties.bit_rate": 123185.0, "metadata.audio_properties.length": 40.0, "metadata.audio_properties.lossless": 0.0, "metadata.audio_properties.number_channels": 1.0, "metadata.audio_properties.replay_gain": -7.899572372436523, "metadata.audio_properties.sample_rate": 48000.0, "rhythm.beats_count": 62.0, "rhythm.beats_loudness.mean": 0.09287510812282562, "rhythm.beats_loudness.stdev": 0.037976525723934174, "rhythm.bpm": 94.31560516357422, "rhythm.bpm_histogram_first_peak_bpm": 94.0, "rhythm.bpm_histogram_first_peak_weight": 0.4754098057746887, "rhythm.bpm_histogram_second_peak_bpm": 0.0, "rhythm.bpm_histogram_second_peak_spread": 0.0, "rhythm.bpm_histogram_second_peak_weight": 0.0, "rhythm.danceability": 1.4172658920288086, "rhythm.onset_rate": 4.722686767578125, "tonal.chords_changes_rate": 0.050984937697649, "tonal.chords_number_rate": 0.005793742835521698, "tonal.chords_strength.mean": 0.5472524166107178, "tonal.chords_strength.stdev": 0.06903188675642014, "tonal.hpcp_crest.mean": 19.21746253967285, "tonal.hpcp_crest.stdev": 8.640748977661133, "tonal.hpcp_entropy.mean": 1.3499412536621094, "tonal.hpcp_entropy.stdev": 0.7007845640182495, "tonal.key_edma.strength": 0.7591837644577026, "tonal.key_krumhansl.strength": 0.7527698278427124, "tonal.key_temperley.strength": 0.7366421222686768, "tonal.tuning_diatonic_strength": 0.6155843734741211, "tonal.tuning_equal_tempered_deviation": 0.10374848544597626, "tonal.tuning_frequency": 436.960693359375, "tonal.tuning_nontempered_energy_ratio": 0.7411632537841797, "lowlevel.barkbands.mean": [7.909649866633117e-05, 0.012583915144205093, 0.0054385424591600895, 0.0009753360645845532, 0.002513765823096037, 0.0028598513454198837, 0.0009717649663798511, 0.0010546545963734388, 0.003907765261828899, 0.00031669106101617217, 0.0007034068694338202, 0.00014502399426419288, 0.0007971498998813331, 0.00032430177088826895, 0.0006224737735465169, 0.0001379349996568635, 6.654998287558556e-05, 6.082925756345503e-05, 8.906880248105153e-05, 4.749069921672344e-05, 5.6746986956568435e-05, 1.4850174920866266e-05, 2.818471512000542e-05, 4.9451737140771e-05, 5.676758155459538e-05, 2.4408725948887877e-05, 2.51744518209307e-06], "lowlevel.barkbands.stdev": [0.0003092360566370189, 0.02487240731716156, 0.011489320546388626, 0.0024484642781317234, 0.003268283559009433, 0.00519251124933362, 0.002010419499129057, 0.0028052288107573986, 0.009590025059878826, 0.00097906484734267, 0.0018500558799132705, 0.0004629814357031137, 0.0029275957494974136, 0.0014651062665507197, 0.0019357135752215981, 0.0005904575809836388, 0.00022769274073652923, 0.00014189479406923056, 0.00019410352979321033, 0.00010564459080342203, 8.827573765302077e-05, 5.823583705932833e-05, 0.000147849292261526, 0.000176501547684893, 0.00019345419423189014, 7.622299017384648e-05, 7.277439181052614e-06], "lowlevel.erbbands.mean": [0.15727053582668304, 3.420529842376709, 7.920504570007324, 4.166849613189697, 3.0307905673980713, 11.726323127746582, 13.608314514160156, 30.91620635986328, 11.367240905761719, 28.122575759887695, 16.173503875732422, 109.2903060913086, 32.69511032104492, 10.075739860534668, 30.936979293823242, 7.76558780670166, 34.57493591308594, 24.09495735168457, 42.076969146728516, 9.428025245666504, 5.374792575836182, 3.670663356781006, 3.0799834728240967, 6.649787902832031, 2.1104400157928467, 2.250889539718628, 3.388927698135376, 1.068442702293396, 0.5470434427261353, 0.8308455944061279, 0.7064786553382874, 0.5717290043830872, 1.1358599662780762, 0.9132765531539917, 0.2208387702703476, 0.0724247470498085, 0.051628127694129944, 0.012833724729716778, 0.0003075560671277344, 4.599086969392374e-05], "lowlevel.erbbands.stdev": [0.3305264711380005, 6.815576553344727, 15.561882019042969, 8.79487419128418, 4.4449286460876465, 16.63573455810547, 21.13270378112793, 57.37390899658203, 19.728649139404297, 53.367130279541016, 38.7365608215332, 271.95849609375, 64.70310974121094, 37.69186782836914, 76.15802764892578, 17.651172637939453, 121.97041320800781, 68.38825225830078, 129.38572692871094, 22.763442993164062, 17.8553466796875, 12.986091613769531, 7.3854594230651855, 14.704047203063965, 4.211664199829102, 4.640902996063232, 5.849648475646973, 1.7470649480819702, 2.110428810119629, 3.711533784866333, 3.7134194374084473, 2.5684540271759033, 4.023962497711182, 3.028696060180664, 0.8562319874763489, 0.29509466886520386, 0.16063404083251953, 0.033646177500486374, 0.0008213522960431874, 4.7477711632382125e-05], "lowlevel.gfcc.mean": [-41.31937789916992, 105.33589935302734, -86.02976989746094, 7.7030158042907715, -53.34611892700195, 10.75020980834961, -36.1612434387207, 10.656631469726562, -27.704126358032227, 13.633211135864258, -14.191694259643555, -7.428231239318848, -6.629469871520996], "lowlevel.melbands.mean": [0.0024889858905225992, 0.0043577998876571655, 0.0006906783673912287, 0.0004920632927678525, 0.0005419946392066777, 0.0006165319355204701, 0.00018781254766508937, 0.00031325739109888673, 0.00011633458052529022, 0.0007357245194725692, 0.00013514615420717746, 3.1194660550681874e-05, 9.153496648650616e-05, 4.041760621475987e-05, 2.0349214537418447e-05, 0.00010021866182796657, 3.4711956686805934e-05, 6.882785237394273e-05, 2.3325905203819275e-05, 1.258169322682079e-05, 4.17762248616782e-06, 4.2266742639185395e-06, 2.5765900772967143e-06, 3.0652481655124575e-06, 5.957745543128112e-06, 1.7372778984281467e-06, 9.707424624139094e-07, 1.6259218682534993e-06, 2.3753266304993303e-06, 1.328844064119039e-06, 3.770945795622538e-07, 2.889651682380645e-07, 3.1205303230308346e-07, 5.552502102545986e-07, 4.3198701860092115e-07, 3.240533885673358e-07, 3.4186496122856624e-07, 7.240764716698322e-07, 1.0769682603495312e-06, 6.512097456834454e-07], "lowlevel.melbands.stdev": [0.004852669779211283, 0.008230384439229965, 0.0013290405040606856, 0.0006961222388781607, 0.0006817835383117199, 0.0011439609806984663, 0.0003556728479452431, 0.0006439037388190627, 0.00038183233118616045, 0.0018383624264970422, 0.00027474306989461184, 0.00014396350889001042, 0.0002363749808864668, 9.519101877231151e-05, 7.156029460020363e-05, 0.00039423792622983456, 0.00013232973287813365, 0.00021872849902138114, 6.356899393722415e-05, 5.7296405429951847e-05, 1.2217874427733477e-05, 1.729726318444591e-05, 8.80104835232487e-06, 6.3037964537215885e-06, 1.3782789210381452e-05, 4.089084995939629e-06, 1.8119416154149803e-06, 3.872330125886947e-06, 4.268916200089734e-06, 2.281470187881496e-06, 7.621739541718853e-07, 1.1543177151907003e-06, 1.3884313148082583e-06, 2.6173288460995536e-06, 2.280733042425709e-06, 1.9940760012104874e-06, 1.3557464626501314e-06, 2.915975073847221e-06, 3.1932499950926285e-06, 2.3229924863699125e-06], "lowlevel.melbands128.mean": [6.180637137731537e-05, 0.0005892658373340964, 0.003030194668099284, 0.006945194210857153, 0.005310379900038242, 0.0021628369577229023, 0.0008108849870041013, 0.00041589175816625357, 0.0001932135346578434, 0.0004162135301157832, 0.0007787924841977656, 0.000637195713352412, 0.0003350883489474654, 0.0005499342223629355, 0.0010439447360113263, 0.00039686483796685934, 6.199214840307832e-05, 0.00017009276780299842, 0.00032391410786658525, 0.00031565665267407894, 0.00038276013219729066, 7.845970685593784e-05, 6.000841676723212e-05, 0.00011907177395187318, 0.0007731497753411531, 0.0012166789965704083, 0.00010081491200253367, 8.958618127508089e-05, 2.5528162950649858e-05, 2.01618458959274e-05, 4.07181832997594e-05, 3.911078238161281e-05, 6.766650767531246e-05, 0.00019729125779122114, 2.8823764296248555e-05, 1.1189128599653486e-05, 9.011336260300595e-06, 1.1230024938413408e-05, 2.6453713871887885e-05, 9.617218893254176e-05, 0.00016581721138209105, 1.2603210961970035e-05, 3.065830605919473e-05, 5.027700899518095e-05, 2.3117607270251028e-05, 0.00010934843885479495, 7.801759784342721e-05, 1.5237459592754021e-05, 3.6151582207821775e-06, 2.9909538170613814e-06, 2.2730630007572472e-05, 1.194219476019498e-05, 1.8691658851821558e-06, 2.1244047729851445e-06, 4.303112291381694e-06, 5.8221726249030326e-06, 2.2046958747523604e-06, 3.1205761388264364e-06, 2.111395133397309e-06, 3.172265905959648e-06, 1.3035157735430403e-06, 2.54253041021002e-06, 1.2388010873110034e-05, 4.1972029976022895e-06, 1.2518189578258898e-06, 2.5395429474883713e-06, 1.2881907878181664e-06, 6.399480980689987e-07, 1.2212558431201614e-06, 1.0343273970647715e-06, 7.270759851962794e-07, 3.205291250196751e-06, 1.6056750382631435e-06, 2.7244868761044927e-06, 2.5060674033738906e-06, 1.0901908353844192e-06, 1.2737519909933326e-06, 3.6151328686173656e-07, 3.132543895389972e-07, 2.0839375736159127e-07, 3.118023812476167e-07, 3.02830954979072e-07, 2.716481617426325e-07, 3.2887720635699225e-07, 3.1025533075990097e-07, 4.6733606495763524e-07, 7.33805052277603e-07, 5.526246695808368e-07, 4.198682006517629e-07, 3.2209698019869393e-07, 3.5613479099083634e-07, 3.12312124606251e-07, 2.839378225871769e-07, 2.523476041460526e-07, 3.9454326383747684e-07, 7.483515105377592e-07, 7.255706577780074e-07, 7.31373120288481e-07, 1.2516884453361854e-06, 1.2037310170853743e-06, 8.774692901170056e-07, 5.383395773606026e-07, 3.9613513536096434e-07, 2.911268666139222e-07, 2.1640575198489387e-07, 1.7064142809886107e-07, 1.3892550043692609e-07, 1.339394657406956e-07, 1.2678152927492192e-07, 8.719319311012441e-08, 9.590506522272335e-08, 1.2909600854982273e-07, 2.001794143779989e-07, 2.2246247510793182e-07, 1.607846371598498e-07, 1.6027046001454437e-07, 9.545529877641457e-08, 1.9157429420602057e-08, 1.3713926660940956e-09, 8.891082314832488e-12, 8.83314775490529e-12, 8.316349345283136e-12, 7.643722460537461e-12, 7.41961700412297e-12, 7.347013622482912e-12, 7.21346897145092e-12, 7.1673843075881205e-12, 7.178212451525168e-12], "lowlevel.melbands128.stdev": [0.0002686962834559381, 0.0018722194945439696, 0.006296874955296516, 0.014403773471713066, 0.0106718260794878, 0.004711221903562546, 0.0020125883165746927, 0.0009285359410569072, 0.0003417642437852919, 0.0008488249150104821, 0.0012114167911931872, 0.0010516403708606958, 0.0008013955666683614, 0.0012615974992513657, 0.0019297574181109667, 0.0012160439509898424, 0.0002566077164374292, 0.000405200436944142, 0.0007884835358709097, 0.0006854525418020785, 0.001117879874072969, 0.0002930576156359166, 0.0003884387551806867, 0.0008696011500433087, 0.002038451610133052, 0.003171928459778428, 0.0002963244041893631, 0.0003222356899641454, 0.00011722419003490359, 0.00011917318624909967, 0.00023672998941037804, 0.0003089253150392324, 0.00024960871087387204, 0.000515194027684629, 0.00010220387775916606, 5.191581658436917e-05, 4.00711978727486e-05, 0.00010269012273056433, 0.00010294749517925084, 0.00037996540777385235, 0.0007330903899855912, 5.773239900008775e-05, 0.0001466702378820628, 0.0002313320874236524, 0.00025989615824073553, 0.000400725519284606, 0.0002919131948146969, 5.063580829300918e-05, 1.2996054465475027e-05, 1.524092658655718e-05, 0.0001198577374452725, 5.267663800623268e-05, 1.1998977242910769e-05, 7.11196207703324e-06, 1.803810300771147e-05, 3.532081609591842e-05, 9.140645488514565e-06, 1.910301398311276e-05, 6.971886250539683e-06, 1.1961316886299755e-05, 4.185009856882971e-06, 8.446379979432095e-06, 3.2034640753408894e-05, 1.235005311173154e-05, 3.980481778853573e-06, 7.249513600982027e-06, 3.771851197598153e-06, 1.428581867912726e-06, 2.978747488668887e-06, 2.0345776192698395e-06, 1.985193421205622e-06, 9.597021744411904e-06, 5.485232122737216e-06, 4.892092874797527e-06, 6.322255558188772e-06, 2.301612767041661e-06, 2.8523343189590378e-06, 7.660567007405916e-07, 8.969416853688017e-07, 5.873205282114213e-07, 1.2631317076738924e-06, 1.3866742847312707e-06, 1.4191996342560742e-06, 1.666647790443676e-06, 1.2933419384353328e-06, 2.1463899884111015e-06, 3.6599740269593894e-06, 3.186049298165017e-06, 2.3486054487875663e-06, 1.657579332459136e-06, 2.5115944026765646e-06, 2.1407975054898998e-06, 1.4273650776885916e-06, 1.3028646890234086e-06, 1.3947867500974098e-06, 3.079623866142356e-06, 3.845125775114866e-06, 2.7349451556801796e-06, 3.230958554922836e-06, 4.004580205219099e-06, 3.422074541958864e-06, 1.9569633877836168e-06, 1.6755903970988584e-06, 1.2900704859930556e-06, 9.067522341865697e-07, 8.030140179471346e-07, 6.258684948079463e-07, 5.452322966448264e-07, 6.269308983064548e-07, 3.8203123153834895e-07, 4.1170903841702966e-07, 4.4754688133252785e-07, 7.196330784609017e-07, 6.517129804706201e-07, 4.6960494159975497e-07, 4.202489378712926e-07, 2.582865761269204e-07, 9.868192307749268e-08, 2.4590530500745444e-08, 1.7532900131733697e-10, 1.827362150486067e-10, 1.679194144843521e-10, 1.463346110952557e-10, 1.411228356396066e-10, 1.437572422213762e-10, 1.4684278792920225e-10, 1.5011068776882297e-10, 1.520846504288187e-10], "lowlevel.mfcc.mean": [-703.2199096679688, 150.64552307128906, 20.474842071533203, 9.886014938354492, 8.145181655883789, -1.7924185991287231, 11.087855339050293, -14.575342178344727, 5.758280277252197, 2.584380865097046, 3.096444606781006, -0.12378621846437454, -7.421213150024414], "lowlevel.spectral_contrast_coeffs.mean": [-0.6596635580062866, -0.6423764228820801, -0.7027457356452942, -0.7431678175926208, -0.7763853669166565, -0.7901958227157593], "lowlevel.spectral_contrast_coeffs.stdev": [0.07625303417444229, 0.08166380971670151, 0.0845704898238182, 0.07763028889894485, 0.06063384562730789, 0.03534769266843796], "lowlevel.spectral_contrast_valleys.mean": [-7.084488868713379, -7.470266342163086, -8.317854881286621, -8.633329391479492, -8.826671600341797, -11.035293579101562], "lowlevel.spectral_contrast_valleys.stdev": [0.8226056098937988, 0.6198963522911072, 0.6108986735343933, 0.5673087239265442, 0.6641690135002136, 0.7604206800460815], "rhythm.beats_loudness_band_ratio.mean": [0.7509041428565979, 0.08882793039083481, 0.11298348009586334, 0.032859303057193756, 0.01889500394463539, 0.003901954274624586], "rhythm.beats_loudness_band_ratio.stdev": [0.1943054050207138, 0.0959988534450531, 0.12348391115665436, 0.06037594750523567, 0.03700923174619675, 0.005935305263847113], "tonal.hpcp.mean": [0.06106330826878548, 0.049604631960392, 0.07544254511594772, 0.24017685651779175, 0.22407467663288116, 0.055819589644670486, 0.019648147746920586, 0.02085394784808159, 0.07495270669460297, 0.21021485328674316, 0.18233421444892883, 0.04406026750802994, 0.016470832750201225, 0.015532226301729679, 0.027554122731089592, 0.06018020957708359, 0.0627843588590622, 0.03766579553484917, 0.0529281347990036, 0.04340507462620735, 0.022390972822904587, 0.038645800203084946, 0.04837581142783165, 0.24128706753253937, 0.5874606370925903, 0.4203963279724121, 0.056195925921201706, 0.015304730273783207, 0.012842203490436077, 0.0172635018825531, 0.04423753544688225, 0.04057473689317703, 0.01822838746011257, 0.016939280554652214, 0.014075108803808689, 0.033134669065475464], "tonal.hpcp.stdev": [0.16445854306221008, 0.13999783992767334, 0.16492795944213867, 0.35521411895751953, 0.34274429082870483, 0.14465484023094177, 0.0973433181643486, 0.10878734290599823, 0.16433727741241455, 0.31781676411628723, 0.2829802632331848, 0.1482851654291153, 0.09053236246109009, 0.08607728779315948, 0.11708328127861023, 0.19284795224666595, 0.2038884311914444, 0.13468974828720093, 0.1799353063106537, 0.15976478159427643, 0.09112796932458878, 0.14398813247680664, 0.16152016818523407, 0.2595144212245941, 0.41086384654045105, 0.33096078038215637, 0.14115634560585022, 0.07890701293945312, 0.08329781144857407, 0.07798079401254654, 0.14182333648204803, 0.12402664124965668, 0.08280403912067413, 0.09348483383655548, 0.0829218178987503, 0.10947820544242859], "rhythm.beats_position": [0.650158703327179, 1.300317406654358, 1.9504761695861816, 2.5774149894714355, 3.21596360206604, 3.8545124530792236, 4.481451034545898, 5.119999885559082, 5.758548736572266, 6.408707141876221, 7.047255992889404, 7.685804843902588, 8.324353218078613, 8.962902069091797, 9.58984088897705, 10.216779708862305, 10.866938591003418, 11.517097473144531, 12.167256355285645, 12.794195175170898, 13.432743072509766, 14.07129192352295, 14.709840774536133, 15.348389625549316, 15.97532844543457, 16.613876342773438, 17.252426147460938, 17.879364013671875, 18.506303787231445, 19.144851684570312, 19.783401489257812, 20.41033935546875, 21.04888916015625, 21.664216995239258, 22.314376831054688, 22.952924728393555, 23.591472625732422, 24.230022430419922, 24.86857032775879, 25.49551010131836, 26.134057998657227, 26.772607803344727, 27.411155700683594, 28.049705505371094, 28.69986343383789, 29.326801300048828, 29.9537410736084, 30.592288970947266, 31.219228744506836, 31.857776641845703, 32.48471450805664, 33.1348762512207, 33.76181411743164, 34.38875198364258, 35.015689849853516, 35.654239654541016, 36.292789459228516, 36.93133544921875, 37.56988525390625, 38.19682312011719, 38.82376480102539, 39.462310791015625], "rhythm.bpm_histogram": [0.0, 0.0, 0.0, 0.0, 0.0, 0.0, 0.0, 0.0, 0.0, 0.0, 0.0, 0.0, 0.0, 0.0, 0.0, 0.0, 0.0, 0.0, 0.0, 0.0, 0.0, 0.0, 0.0, 0.0, 0.0, 0.0, 0.0, 0.0, 0.0, 0.0, 0.0, 0.0, 0.0, 0.0, 0.0, 0.0, 0.0, 0.0, 0.0, 0.0, 0.0, 0.0, 0.0, 0.0, 0.0, 0.0, 0.0, 0.0, 0.0, 0.0, 0.0, 0.0, 0.0, 0.0, 0.0, 0.0, 0.0, 0.0, 0.0, 0.0, 0.0, 0.0, 0.0, 0.0, 0.0, 0.0, 0.0, 0.0, 0.0, 0.0, 0.0, 0.0, 0.0, 0.0, 0.0, 0.0, 0.0, 0.0, 0.0, 0.0, 0.0, 0.0, 0.0, 0.0, 0.0, 0.0, 0.0, 0.0, 0.0, 0.0, 0.0, 0.0, 0.14754098653793335, 0.0, 0.5245901346206665, 0.0, 0.31147539615631104, 0.0, 0.016393441706895828, 0.0, 0.0, 0.0, 0.0, 0.0, 0.0, 0.0, 0.0, 0.0, 0.0, 0.0, 0.0, 0.0, 0.0, 0.0, 0.0, 0.0, 0.0, 0.0, 0.0, 0.0, 0.0, 0.0, 0.0, 0.0, 0.0, 0.0, 0.0, 0.0, 0.0, 0.0, 0.0, 0.0, 0.0, 0.0, 0.0, 0.0, 0.0, 0.0, 0.0, 0.0, 0.0, 0.0, 0.0, 0.0, 0.0, 0.0, 0.0, 0.0, 0.0, 0.0, 0.0, 0.0, 0.0, 0.0, 0.0, 0.0, 0.0, 0.0, 0.0, 0.0, 0.0, 0.0, 0.0, 0.0, 0.0, 0.0, 0.0, 0.0, 0.0, 0.0, 0.0, 0.0, 0.0, 0.0, 0.0, 0.0, 0.0, 0.0, 0.0, 0.0, 0.0, 0.0, 0.0, 0.0, 0.0, 0.0, 0.0, 0.0, 0.0, 0.0, 0.0, 0.0, 0.0, 0.0, 0.0, 0.0, 0.0, 0.0, 0.0, 0.0, 0.0, 0.0, 0.0, 0.0, 0.0, 0.0, 0.0, 0.0, 0.0, 0.0, 0.0, 0.0, 0.0, 0.0, 0.0, 0.0, 0.0, 0.0, 0.0, 0.0, 0.0, 0.0, 0.0, 0.0, 0.0, 0.0, 0.0, 0.0, 0.0, 0.0, 0.0, 0.0, 0.0, 0.0, 0.0, 0.0, 0.0, 0.0, 0.0, 0.0, 0.0, 0.0, 0.0, 0.0, 0.0, 0.0, 0.0, 0.0, 0.0, 0.0], "tonal.chords_histogram": [22.24797248840332, 0.0, 17.497102737426758, 0.0, 0.0, 0.0, 0.0, 31.054460525512695, 0.0, 28.041715621948242, 1.1587485074996948, 0.0, 0.0, 0.0, 0.0, 0.0, 0.0, 0.0, 0.0, 0.0, 0.0, 0.0, 0.0, 0.0], "tonal.thpcp": [1.0, 0.7156161665916443, 0.0956590473651886, 0.02605235017836094, 0.021860534325242043, 0.029386652633547783, 0.07530298084020615, 0.06906800717115402, 0.031029121950268745, 0.0288347490131855, 0.023959238082170486, 0.05640321597456932, 0.10394451022148132, 0.08443907648324966, 0.12842144072055817, 0.40883907675743103, 0.3814292550086975, 0.0950184315443039, 0.033445898443460464, 0.03549845889210701, 0.12758761644363403, 0.3578364849090576, 0.310376912355423, 0.07500122487545013, 0.028037339448928833, 0.0264396034181118, 0.04690377786755562, 0.10244126617908478, 0.10687415301799774, 0.06411629170179367, 0.09009648114442825, 0.07388592511415482, 0.03811484947800636, 0.06578449159860611, 0.0823473259806633, 0.41072890162467957], "lowlevel.gfcc.cov": [[3183.994384765625, -230.74383544921875, -389.0349426269531, 83.3221206665039, 194.8836669921875, 127.75917053222656, 192.8843231201172, 334.0458068847656, 8.568130493164062, 74.24944305419922, 32.14979934692383, -249.59727478027344, 6.916457176208496], [-230.74383544921875, 1144.9542236328125, 72.44684600830078, 186.81719970703125, 413.4111633300781, -14.336470603942871, 246.72767639160156, 33.17803955078125, 88.71615600585938, 46.37425994873047, 95.57442474365234, -114.83448791503906, 92.52159881591797], [-389.0349426269531, 72.44684600830078, 929.8746337890625, 380.5489196777344, 109.64789581298828, 141.5349884033203, 5.394819736480713, -18.949831008911133, 136.61590576171875, -26.645015716552734, -56.65699768066406, 137.79071044921875, -84.78264617919922], [83.3221206665039, 186.81719970703125, 380.5489196777344, 449.4803161621094, 222.97140502929688, 38.05855178833008, 62.4809455871582, 61.586124420166016, 135.15371704101562, -14.828471183776855, -20.158084869384766, 53.98949432373047, -2.9159257411956787], [194.8836669921875, 413.4111633300781, 109.64789581298828, 222.97140502929688, 419.1997985839844, 97.22705841064453, 153.7716064453125, 106.92195129394531, 100.34236145019531, 36.41648864746094, 30.039386749267578, -56.203956604003906, 47.8768310546875], [127.75917053222656, -14.336470603942871, 141.5349884033203, 38.05855178833008, 97.22705841064453, 331.68267822265625, 172.56265258789062, 12.264959335327148, 33.86450958251953, 44.05013656616211, 25.84072494506836, -14.348480224609375, -35.49764633178711], [192.8843231201172, 246.72767639160156, 5.394819736480713, 62.4809455871582, 153.7716064453125, 172.56265258789062, 286.2673645019531, 75.02269744873047, 17.580890655517578, 43.09758758544922, 60.562435150146484, -48.73250198364258, 12.04609489440918], [334.0458068847656, 33.17803955078125, -18.949831008911133, 61.586124420166016, 106.92195129394531, 12.264959335327148, 75.02269744873047, 193.2541961669922, 79.90591430664062, -0.7209067940711975, 4.213004112243652, -38.34164047241211, 27.531429290771484], [8.568130493164062, 88.71615600585938, 136.61590576171875, 135.15371704101562, 100.34236145019531, 33.86450958251953, 17.580890655517578, 79.90591430664062, 192.95619201660156, 23.803064346313477, -16.401552200317383, 9.988846778869629, 15.327066421508789], [74.24944305419922, 46.37425994873047, -26.645015716552734, -14.828471183776855, 36.41648864746094, 44.05013656616211, 43.09758758544922, -0.7209067940711975, 23.803064346313477, 102.7255859375, 44.60417938232422, -22.349470138549805, 14.735651016235352], [32.14979934692383, 95.57442474365234, -56.65699768066406, -20.158084869384766, 30.039386749267578, 25.84072494506836, 60.562435150146484, 4.213004112243652, -16.401552200317383, 44.60417938232422, 112.98458099365234, -0.7803629636764526, 16.258827209472656], [-249.59727478027344, -114.83448791503906, 137.79071044921875, 53.98949432373047, -56.203956604003906, -14.348480224609375, -48.73250198364258, -38.34164047241211, 9.988846778869629, -22.349470138549805, -0.7803629636764526, 155.2540283203125, 0.8172435164451599], [6.916457176208496, 92.52159881591797, -84.78264617919922, -2.9159257411956787, 47.8768310546875, -35.49764633178711, 12.04609489440918, 27.531429290771484, 15.327066421508789, 14.735651016235352, 16.258827209472656, 0.8172435164451599, 107.31192016601562]], "lowlevel.gfcc.icov": [[0.0005284265498630702, 0.00026430131401866674, 0.0002443381235934794, -0.00048168457578867674, -5.6754091929178685e-05, -0.0001388131349813193, -8.242688636528328e-06, -0.0007748879725113511, 0.0003890263906214386, -0.0003524548083078116, -7.053791341604665e-05, 0.0006917262217029929, 9.5403753221035e-05], [0.00026430131401866674, 0.002772093517705798, -0.000582548207603395, 0.0003851977235171944, -0.0022502539213746786, 0.0023224884644150734, -0.0027289821300655603, 0.0022363848984241486, -0.0013622647384181619, 0.0010908148251473904, -0.0016558205243200064, 0.0021960970479995012, -0.0010731342481449246], [0.0002443381235934794, -0.000582548207603395, 0.0026323117781430483, -0.002036887453868985, 0.0005453870981000364, -0.001634256332181394, 0.0011300577316433191, -0.0006478634895756841, 7.99408444436267e-05, -0.000513790815602988, 0.0009882618905976415, -0.0015078703872859478, 0.0016871708212420344], [-0.00048168457578867674, 0.0003851977235171944, -0.002036887453868985, 0.006141772493720055, -0.002865513553842902, 0.002045650267973542, -0.0017378466436639428, 0.001449745730496943, -0.002463527489453554, 0.001629577949643135, 2.1440631826408207e-05, -0.0014609621139243245, 0.0001707916526356712], [-5.6754091929178685e-05, -0.0022502539213746786, 0.0005453870981000364, -0.002865513553842902, 0.006912269629538059, -0.0026898933574557304, 0.0013966095866635442, -0.0028627857100218534, 0.0008757500327192247, -0.0013232682831585407, 0.0006348934839479625, 0.0005042733973823488, -0.0011425979901105165], [-0.0001388131349813193, 0.0023224884644150734, -0.001634256332181394, 0.002045650267973542, -0.0026898933574557304, 0.007892110385000706, -0.006092167925089598, 0.0035107459407299757, -0.002432946814224124, 0.00013039358600508422, -0.0008490626933053136, 0.0011108418693765998, 0.0008146293694153428], [-8.242688636528328e-06, -0.0027289821300655603, 0.0011300577316433191, -0.0017378466436639428, 0.0013966095866635442, -0.006092167925089598, 0.010460070334374905, -0.004869631491601467, 0.0032243754249066114, -0.0016984608955681324, -0.0007799450540915132, -0.000865801761392504, 0.0005332771106623113], [-0.0007748879725113511, 0.0022363848984241486, -0.0006478634895756841, 0.001449745730496943, -0.0028627857100218534, 0.0035107459407299757, -0.004869631491601467, 0.01202995516359806, -0.00583539716899395, 0.0041105011478066444, -0.0017950906185433269, 0.002178020076826215, -0.0019274415681138635], [0.0003890263906214386, -0.0013622647384181619, 7.99408444436267e-05, -0.002463527489453554, 0.0008757500327192247, -0.002432946814224124, 0.0032243754249066114, -0.00583539716899395, 0.010428577661514282, -0.004525408614426851, 0.0027747948188334703, -0.0012407222529873252, -0.00019373028771951795], [-0.0003524548083078116, 0.0010908148251473904, -0.000513790815602988, 0.001629577949643135, -0.0013232682831585407, 0.00013039358600508422, -0.0016984608955681324, 0.0041105011478066444, -0.004525408614426851, 0.015316377393901348, -0.006098844576627016, 0.002620742889121175, -0.0020625656470656395], [-7.053791341604665e-05, -0.0016558205243200064, 0.0009882618905976415, 2.1440631826408207e-05, 0.0006348934839479625, -0.0008490626933053136, -0.0007799450540915132, -0.0017950906185433269, 0.0027747948188334703, -0.006098844576627016, 0.013987061567604542, -0.0037485191132873297, 0.0005480147083289921], [0.0006917262217029929, 0.0021960970479995012, -0.0015078703872859478, -0.0014609621139243245, 0.0005042733973823488, 0.0011108418693765998, -0.000865801761392504, 0.002178020076826215, -0.0012407222529873252, 0.002620742889121175, -0.0037485191132873297, 0.012030193582177162, -0.003194463672116399], [9.5403753221035e-05, -0.0010731342481449246, 0.0016871708212420344, 0.0001707916526356712, -0.0011425979901105165, 0.0008146293694153428, 0.0005332771106623113, -0.0019274415681138635, -0.00019373028771951795, -0.0020625656470656395, 0.0005480147083289921, -0.003194463672116399, 0.013041374273598194]], "lowlevel.mfcc.cov": [[3334.285888671875, -320.73907470703125, -495.6066589355469, -33.06046676635742, 34.026756286621094, -213.669677734375, 329.17474365234375, -40.40892028808594, 168.7657470703125, 297.5654296875, 98.61653900146484, -128.9009246826172, 49.57766342163086], [-320.73907470703125, 958.5772094726562, -133.63197326660156, 221.12301635742188, 123.29185485839844, 89.49781799316406, 213.38507080078125, -23.810884475708008, 109.67200469970703, 72.21853637695312, 43.638126373291016, 93.27655792236328, 1.897281527519226], [-495.6066589355469, -133.63197326660156, 734.6942749023438, 151.7540283203125, 102.43798828125, 211.32875061035156, -133.46156311035156, 168.21798706054688, -2.1605112552642822, -66.14249420166016, 31.680070877075195, 93.43195343017578, 38.18986511230469], [-33.06046676635742, 221.12301635742188, 151.7540283203125, 474.5043029785156, 215.46017456054688, 40.83113098144531, -16.53438949584961, 96.28751373291016, 121.37013244628906, -25.60621452331543, 8.495147705078125, 120.99671173095703, 44.69738006591797], [34.026756286621094, 123.29185485839844, 102.43798828125, 215.46017456054688, 316.4244079589844, 54.1338996887207, -9.325852394104004, 68.94840240478516, 131.398193359375, 28.114070892333984, 20.649574279785156, 79.79524993896484, 28.050735473632812], [-213.669677734375, 89.49781799316406, 211.32875061035156, 40.83113098144531, 54.1338996887207, 354.5766906738281, 79.80778503417969, 97.62532043457031, 1.9861513376235962, 55.10478210449219, 61.43525695800781, 14.822362899780273, 34.91801452636719], [329.17474365234375, 213.38507080078125, -133.46156311035156, -16.53438949584961, -9.325852394104004, 79.80778503417969, 352.1493835449219, 14.586549758911133, 27.37153434753418, 111.81625366210938, 62.845542907714844, -11.135661125183105, 8.161107063293457], [-40.40892028808594, -23.810884475708008, 168.21798706054688, 96.28751373291016, 68.94840240478516, 97.62532043457031, 14.586549758911133, 214.54275512695312, 61.887481689453125, 19.277912139892578, 29.881942749023438, 40.13700485229492, 33.580326080322266], [168.7657470703125, 109.67200469970703, -2.1605112552642822, 121.37013244628906, 131.398193359375, 1.9861513376235962, 27.37153434753418, 61.887481689453125, 206.2581329345703, 78.3528823852539, 14.078268051147461, 38.730587005615234, 23.811386108398438], [297.5654296875, 72.21853637695312, -66.14249420166016, -25.60621452331543, 28.114070892333984, 55.10478210449219, 111.81625366210938, 19.277912139892578, 78.3528823852539, 197.28176879882812, 67.87496185302734, -29.424203872680664, 16.513362884521484], [98.61653900146484, 43.638126373291016, 31.680070877075195, 8.495147705078125, 20.649574279785156, 61.43525695800781, 62.845542907714844, 29.881942749023438, 14.078268051147461, 67.87496185302734, 114.55301666259766, 29.09781265258789, 1.9496068954467773], [-128.9009246826172, 93.27655792236328, 93.43195343017578, 120.99671173095703, 79.79524993896484, 14.822362899780273, -11.135661125183105, 40.13700485229492, 38.730587005615234, -29.424203872680664, 29.09781265258789, 131.51329040527344, 17.738189697265625], [49.57766342163086, 1.897281527519226, 38.18986511230469, 44.69738006591797, 28.050735473632812, 34.91801452636719, 8.161107063293457, 33.580326080322266, 23.811386108398438, 16.513362884521484, 1.9496068954467773, 17.738189697265625, 103.92156982421875]], "lowlevel.mfcc.icov": [[0.0005231781397014856, 0.000411861838074401, 0.00021961427410133183, -0.0002681896439753473, -0.00011403459939174354, 0.0003463958855718374, -0.0005259877070784569, 0.0001408074313076213, -0.0002559354470577091, -0.0003873671521432698, -0.0003882728924509138, 0.00036189774982631207, -0.0002465606667101383], [0.000411861838074401, 0.0019885904621332884, 0.0005728512187488377, -0.0009299908415414393, -6.345326255541295e-05, -0.0003561677294783294, -0.001206960529088974, 0.0008554570958949625, -0.0005913854110985994, -0.0004746135964524001, -5.2025543482159264e-06, -0.0008087911992333829, 0.00026091767358593643], [0.00021961427410133183, 0.0005728512187488377, 0.0026334102731198072, -0.0004766443744301796, -0.0001832918933359906, -0.0013041357742622495, 0.0006954587297514081, -0.0009969673119485378, 0.0002492913627065718, 0.00031169693102128804, -0.00047708864440210164, -0.0008909361204132438, -6.838788249297068e-05], [-0.0002681896439753473, -0.0009299908415414393, -0.0004766443744301796, 0.004232201259583235, -0.0015803080750629306, 0.0001381505571771413, 0.00037508030072785914, -0.000844737805891782, -0.0006905774353072047, 0.0011621335288509727, 0.0004076841869391501, -0.0014632372185587883, -0.0006608932162635028], [-0.00011403459939174354, -6.345326255541295e-05, -0.0001832918933359906, -0.0015803080750629306, 0.0057678865268826485, -0.0007389583624899387, 0.0005302026984281838, 0.00019127700943499804, -0.002407555701211095, -0.00030584060004912317, 0.00011644638288998976, -0.001326630706898868, 0.00021508042118512094], [0.0003463958855718374, -0.0003561677294783294, -0.0013041357742622495, 0.0001381505571771413, -0.0007389583624899387, 0.004974307958036661, -0.001159955863840878, -0.0010872306302189827, 0.0010372332762926817, -0.0009930504020303488, -0.0013078686315566301, 0.0014183411840349436, -0.0010658502578735352], [-0.0005259877070784569, -0.001206960529088974, 0.0006954587297514081, 0.00037508030072785914, 0.0005302026984281838, -0.001159955863840878, 0.005064115393906832, -0.000879674858879298, 0.0006195116438902915, -0.0010681496933102608, -0.0007063354714773595, -0.00026776123559102416, 7.600300887133926e-05], [0.0001408074313076213, 0.0008554570958949625, -0.0009969673119485378, -0.000844737805891782, 0.00019127700943499804, -0.0010872306302189827, -0.000879674858879298, 0.0073326509445905685, -0.0021586900111287832, 0.00022932016872800887, -0.0007649309700354934, -0.0003233315364923328, -0.0008120197453536093], [-0.0002559354470577091, -0.0005913854110985994, 0.0002492913627065718, -0.0006905774353072047, -0.002407555701211095, 0.0010372332762926817, 0.0006195116438902915, -0.0021586900111287832, 0.00970211811363697, -0.004417043644934893, 0.0023833566810935736, -0.0016924126539379358, 1.154327310359804e-05], [-0.0003873671521432698, -0.0004746135964524001, 0.00031169693102128804, 0.0011621335288509727, -0.00030584060004912317, -0.0009930504020303488, -0.0010681496933102608, 0.00022932016872800887, -0.004417043644934893, 0.011487414129078388, -0.00583967799320817, 0.004156298004090786, -0.0014080979162827134], [-0.0003882728924509138, -5.2025543482159264e-06, -0.00047708864440210164, 0.0004076841869391501, 0.00011644638288998976, -0.0013078686315566301, -0.0007063354714773595, -0.0007649309700354934, 0.0023833566810935736, -0.00583967799320817, 0.015032672323286533, -0.00576410349458456, 0.0019796525593847036], [0.00036189774982631207, -0.0008087911992333829, -0.0008909361204132438, -0.0014632372185587883, -0.001326630706898868, 0.0014183411840349436, -0.00026776123559102416, -0.0003233315364923328, -0.0016924126539379358, 0.004156298004090786, -0.00576410349458456, 0.014175912365317345, -0.0017782918876037002], [-0.0002465606667101383, 0.00026091767358593643, -6.838788249297068e-05, -0.0006608932162635028, 0.00021508042118512094, -0.0010658502578735352, 7.600300887133926e-05, -0.0008120197453536093, 1.154327310359804e-05, -0.0014080979162827134, 0.0019796525593847036, -0.0017782918876037002, 0.011088884435594082]], "metadata.audio_properties.analysis.downmix": "mix", "metadata.audio_properties.codec":