{"song_id": "1183670851611144222", "download": "https://cdn.discordapp.com/attachments/1135903449314238464/1183670851611144222/chirp.mp4?ex=65892e62&amp", "lyrics": "(Bridge)\n\uc0c8\ud574\uac00 \ubc1d\uc544\uc624\uba74\n\ub2e4\uc2dc \uc0c8\ub85c\uc6b4 \uc2dc\uc791\uc774 \ub420\uae4c\n\uadf8\ub300\uc640 \ud568\uaed8 \ud560 \uc218 \uc788\uc744\uae4c\n\ud76c\ub9dd\uc758 \ubd88\uc528\ub97c \uc9c0\ud3b4", "style": ["POP</span><span>, Acoustic</span><span>, Classic</span><span>, Symphony</span><span>,"], "essentia_features": {"lowlevel.average_loudness": 0.981084942817688, "lowlevel.barkbands_crest.mean": 13.4752779006958, "lowlevel.barkbands_crest.stdev": 4.6277642250061035, "lowlevel.barkbands_flatness_db.mean": 0.22750328481197357, "lowlevel.barkbands_flatness_db.stdev": 0.04950855299830437, "lowlevel.barkbands_kurtosis.mean": 14.151516914367676, "lowlevel.barkbands_kurtosis.stdev": 15.850004196166992, "lowlevel.barkbands_skewness.mean": 2.6097142696380615, "lowlevel.barkbands_skewness.stdev": 1.7368090152740479, "lowlevel.barkbands_spread.mean": 11.867345809936523, "lowlevel.barkbands_spread.stdev": 14.914811134338379, "lowlevel.dissonance.mean": 0.4024556279182434, "lowlevel.dissonance.stdev": 0.05436026304960251, "lowlevel.dynamic_complexity": 2.2478604316711426, "lowlevel.erbbands_crest.mean": 13.33520793914795, "lowlevel.erbbands_crest.stdev": 4.829382419586182, "lowlevel.erbbands_flatness_db.mean": 0.2235531061887741, "lowlevel.erbbands_flatness_db.stdev": 0.041961316019296646, "lowlevel.erbbands_kurtosis.mean": 3.7301416397094727, "lowlevel.erbbands_kurtosis.stdev": 4.159811019897461, "lowlevel.erbbands_skewness.mean": 1.2048611640930176, "lowlevel.erbbands_skewness.stdev": 1.1226611137390137, "lowlevel.erbbands_spread.mean": 27.054895401000977, "lowlevel.erbbands_spread.stdev": 19.824392318725586, "lowlevel.hfc.mean": 21.385189056396484, "lowlevel.hfc.stdev": 14.446903228759766, "lowlevel.loudness_ebu128.integrated": -11.418676376342773, "lowlevel.loudness_ebu128.loudness_range": 1.226853370666504, "lowlevel.loudness_ebu128.momentary.mean": -11.637968063354492, "lowlevel.loudness_ebu128.momentary.stdev": 1.516192078590393, "lowlevel.loudness_ebu128.short_term.mean": -11.436029434204102, "lowlevel.loudness_ebu128.short_term.stdev": 0.3820812702178955, "lowlevel.melbands_crest.mean": 16.792760848999023, "lowlevel.melbands_crest.stdev": 5.322234630584717, "lowlevel.melbands_flatness_db.mean": 0.2794826030731201, "lowlevel.melbands_flatness_db.stdev": 0.06590020656585693, "lowlevel.melbands_kurtosis.mean": 23.01725959777832, "lowlevel.melbands_kurtosis.stdev": 29.32577133178711, "lowlevel.melbands_skewness.mean": 3.041934013366699, "lowlevel.melbands_skewness.stdev": 2.11012864112854, "lowlevel.melbands_spread.mean": 14.791559219360352, "lowlevel.melbands_spread.stdev": 24.282554626464844, "lowlevel.pitch_salience.mean": 0.5207411050796509, "lowlevel.pitch_salience.stdev": 0.12487175315618515, "lowlevel.silence_rate_20dB.mean": 1.0, "lowlevel.silence_rate_20dB.stdev": 0.0, "lowlevel.silence_rate_30dB.mean": 1.0, "lowlevel.silence_rate_30dB.stdev": 0.0, "lowlevel.silence_rate_60dB.mean": 0.023564064875245094, "lowlevel.silence_rate_60dB.stdev": 0.15168601274490356, "lowlevel.spectral_centroid.mean": 728.7261352539062, "lowlevel.spectral_centroid.stdev": 631.2608642578125, "lowlevel.spectral_complexity.mean": 11.064801216125488, "lowlevel.spectral_complexity.stdev": 4.2079854011535645, "lowlevel.spectral_decrease.mean": -8.396260575693759e-09, "lowlevel.spectral_decrease.stdev": 4.3487871081993035e-09, "lowlevel.spectral_energy.mean": 0.03362911939620972, "lowlevel.spectral_energy.stdev": 0.01692062057554722, "lowlevel.spectral_energyband_high.mean": 0.0005635678535327315, "lowlevel.spectral_energyband_high.stdev": 0.0013373791007325053, "lowlevel.spectral_energyband_low.mean": 0.0014261937467381358, "lowlevel.spectral_energyband_low.stdev": 0.0026135060470551252, "lowlevel.spectral_energyband_middle_high.mean": 0.004768660292029381, "lowlevel.spectral_energyband_middle_high.stdev": 0.006048606242984533, "lowlevel.spectral_energyband_middle_low.mean": 0.027364065870642662, "lowlevel.spectral_energyband_middle_low.stdev": 0.01618834398686886, "lowlevel.spectral_entropy.mean": 6.783656120300293, "lowlevel.spectral_entropy.stdev": 0.5770608186721802, "lowlevel.spectral_flux.mean": 0.06672125309705734, "lowlevel.spectral_flux.stdev": 0.038664598017930984, "lowlevel.spectral_kurtosis.mean": 7.776081562042236, "lowlevel.spectral_kurtosis.stdev": 5.109913349151611, "lowlevel.spectral_rms.mean": 0.005470434203743935, "lowlevel.spectral_rms.stdev": 0.0016980167711153626, "lowlevel.spectral_rolloff.mean": 1209.28369140625, "lowlevel.spectral_rolloff.stdev": 1962.6507568359375, "lowlevel.spectral_skewness.mean": 2.4244415760040283, "lowlevel.spectral_skewness.stdev": 0.7334161400794983, "lowlevel.spectral_spread.mean": 5135224.5, "lowlevel.spectral_spread.stdev": 1566894.0, "lowlevel.spectral_strongpeak.mean": 1.7549761533737183, "lowlevel.spectral_strongpeak.stdev": 1.2533183097839355, "lowlevel.zerocrossingrate.mean": 0.04856708645820618, "lowlevel.zerocrossingrate.stdev": 0.04967963322997093, "metadata.audio_properties.analysis.equal_loudness": 0.0, "metadata.audio_properties.analysis.length": 15.72265338897705, "metadata.audio_properties.analysis.sample_rate": 44100.0, "metadata.audio_properties.analysis.start_time": 0.0, "metadata.audio_properties.bit_rate": 115117.0, "metadata.audio_properties.length": 15.72266674041748, "metadata.audio_properties.lossless": 0.0, "metadata.audio_properties.number_channels": 1.0, "metadata.audio_properties.replay_gain": -14.77543830871582, "metadata.audio_properties.sample_rate": 48000.0, "rhythm.beats_count": 34.0, "rhythm.beats_loudness.mean": 0.039048656821250916, "rhythm.beats_loudness.stdev": 0.01596582680940628, "rhythm.bpm": 135.15431213378906, "rhythm.bpm_histogram_first_peak_bpm": 136.0, "rhythm.bpm_histogram_first_peak_weight": 0.5357142686843872, "rhythm.bpm_histogram_second_peak_bpm": 123.0, "rhythm.bpm_histogram_second_peak_spread": 0.3333333134651184, "rhythm.bpm_histogram_second_peak_weight": 0.06060606241226196, "rhythm.danceability": 1.404091238975525, "rhythm.onset_rate": 2.985429525375366, "tonal.chords_changes_rate": 0.061764705926179886, "tonal.chords_number_rate": 0.0235294122248888, "tonal.chords_strength.mean": 0.5174384713172913, "tonal.chords_strength.stdev": 0.08060585707426071, "tonal.hpcp_crest.mean": 22.24934959411621, "tonal.hpcp_crest.stdev": 9.50546646118164, "tonal.hpcp_entropy.mean": 1.188409447669983, "tonal.hpcp_entropy.stdev": 0.7820625305175781, "tonal.key_edma.strength": 0.7608489990234375, "tonal.key_krumhansl.strength": 0.7711508870124817, "tonal.key_temperley.strength": 0.7833248376846313, "tonal.tuning_diatonic_strength": 0.5719418525695801, "tonal.tuning_equal_tempered_deviation": 0.0685313493013382, "tonal.tuning_frequency": 438.7310485839844, "tonal.tuning_nontempered_energy_ratio": 0.6805006265640259, "lowlevel.barkbands.mean": [4.716896910395008e-06, 0.00015632696158718318, 0.0009694375330582261, 0.0011565608438104391, 0.011556371115148067, 0.004900482017546892, 0.0010078767081722617, 0.006672224495559931, 0.0016894342843443155, 0.0015052080852910876, 0.0007513159071095288, 0.0004611559270415455, 0.0005521339480765164, 0.00047418620670214295, 0.0005619049770757556, 0.00027600114117376506, 0.00017915369244292378, 6.491560634458438e-05, 0.00010200334509136155, 4.17321571148932e-05, 4.318173523643054e-05, 9.642353688832372e-05, 0.0001022854630718939, 0.00010119549551745877, 0.00017494386702310294, 2.7873809813172556e-05, 1.0857554855192575e-07], "lowlevel.barkbands.stdev": [1.0806581485667266e-05, 0.0005254013231024146, 0.0021172347478568554, 0.002674476010724902, 0.011899324133992195, 0.00574046466499567, 0.0015894162934273481, 0.010141145437955856, 0.005077719688415527, 0.0033831214532256126, 0.001963887130841613, 0.0012260142248123884, 0.0013969364808872342, 0.0012322146212682128, 0.0011287692468613386, 0.0005857879295945168, 0.0003146614762954414, 0.00021179580653551966, 0.000628594309091568, 0.00017294535064138472, 0.00015564306522719562, 0.0002382091770414263, 0.00020787359972018749, 0.0003275191120337695, 0.00046761182602494955, 7.483590889023617e-05, 4.6583187440774054e-07], "lowlevel.erbbands.mean": [0.0011194057296961546, 0.061839114874601364, 0.8395500779151917, 2.577590227127075, 15.855293273925781, 43.39476013183594, 58.54229736328125, 31.10074806213379, 15.577856063842773, 72.42668151855469, 125.3379135131836, 46.73334884643555, 30.52672576904297, 52.06828689575195, 29.531368255615234, 21.20785903930664, 21.169509887695312, 31.098302841186523, 33.61497116088867, 16.772018432617188, 13.666400909423828, 8.612436294555664, 4.578943729400635, 4.168868541717529, 4.442448616027832, 2.047818422317505, 1.521111011505127, 2.0091350078582764, 3.061580181121826, 4.526913166046143, 2.3312478065490723, 1.2154662609100342, 2.3499839305877686, 2.5334036350250244, 0.8693932890892029, 0.21791352331638336, 0.03185918182134628, 0.0018747126450762153, 7.271487993421033e-05, 4.405671643326059e-05], "lowlevel.erbbands.stdev": [0.0026535531505942345, 0.17290064692497253, 1.8353976011276245, 4.143427848815918, 27.786239624023438, 51.83165740966797, 73.3388900756836, 27.58133888244629, 20.811691284179688, 141.15777587890625, 218.6541748046875, 105.81718444824219, 59.35840606689453, 125.51396942138672, 77.3130111694336, 56.55422592163086, 49.29005432128906, 72.66018676757812, 70.7202377319336, 29.6563720703125, 29.69341468811035, 14.532464981079102, 10.480887413024902, 22.598005294799805, 26.085403442382812, 8.566655158996582, 5.008282661437988, 7.432521820068359, 8.495379447937012, 8.393240928649902, 5.268918037414551, 4.659673690795898, 6.9385666847229, 6.821801662445068, 2.3857176303863525, 0.5879527926445007, 0.08493064343929291, 0.005352552980184555, 0.0001400550245307386, 2.1996957002556883e-05], "lowlevel.gfcc.mean": [-34.28451156616211, 85.47705078125, -109.57855987548828, -10.320913314819336, -88.38890075683594, 2.7916650772094727, -81.05088806152344, -7.635158061981201, -32.500404357910156, -6.305484294891357, -28.353052139282227, -0.2870543301105499, -8.896573066711426], "lowlevel.melbands.mean": [2.357730409130454e-05, 0.00031948043033480644, 0.0007960333023220301, 0.002162171294912696, 0.0021258320193737745, 0.0007281347643584013, 0.00021529140940401703, 0.0009578497847542167, 0.0009388659382238984, 0.0002444697020109743, 0.00014696797006763518, 0.00021573854610323906, 9.266265260521322e-05, 6.556109292432666e-05, 4.040476051159203e-05, 5.630191299133003e-05, 5.6328935897909105e-05, 5.223105472396128e-05, 3.198361810063943e-05, 2.2282052668742836e-05, 1.425935624865815e-05, 9.550748472975101e-06, 6.348233455355512e-06, 2.617345899125212e-06, 3.314525201858487e-06, 4.37646258433233e-06, 1.921117245728965e-06, 1.1856344599436852e-06, 8.81441849287512e-07, 1.0133925343325245e-06, 1.2197729120089207e-06, 1.5849369674469926e-06, 2.1731464130425593e-06, 2.729611878748983e-06, 1.5291132058337098e-06, 6.88807517690293e-07, 7.076433803376858e-07, 1.3467318922266713e-06, 2.3587274426972726e-06, 2.098757022395148e-06], "lowlevel.melbands.stdev": [7.66097946325317e-05, 0.0006670361617580056, 0.0013128246646374464, 0.002607559086754918, 0.0024219017941504717, 0.0006959597812965512, 0.0003112038830295205, 0.0017967543099075556, 0.0017546764574944973, 0.0006461604498326778, 0.00030112883541733027, 0.0005468926974572241, 0.0002375039621256292, 0.00016149193106684834, 9.174616570817307e-05, 0.00015677673218306154, 0.00014046597061678767, 0.00011591713700909168, 5.480780600919388e-05, 4.609832103597e-05, 3.539022509357892e-05, 1.7096410374506377e-05, 1.4760190424567554e-05, 8.097830686892848e-06, 1.8969736629514955e-05, 2.8578153433045372e-05, 8.933145181799773e-06, 4.82453879158129e-06, 2.8976824069104623e-06, 3.739227167898207e-06, 4.658796569856349e-06, 4.949843969370704e-06, 4.974319836037466e-06, 4.923144842905458e-06, 3.2583623124082806e-06, 2.509317482690676e-06, 2.941864977401565e-06, 4.2165529521298595e-06, 6.5981953412119765e-06, 5.7084216678049415e-06], "lowlevel.melbands128.mean": [1.7168124486488523e-06, 1.9354874893906526e-06, 9.373688044433948e-06, 0.00010617837688187137, 0.0003328719758428633, 0.0005136124091222882, 0.0003661780501715839, 0.0007398942252621055, 0.0015599492471665144, 0.0022965935058891773, 0.002459111623466015, 0.002646267879754305, 0.0022532916627824306, 0.0012334748171269894, 0.0007242302526719868, 0.00045510209747590125, 0.00028673838824033737, 0.00011532060307217762, 0.00018412315694149584, 0.0008107199682854116, 0.0014473834307864308, 0.0010879976907745004, 0.0011609954526647925, 0.00036326589179225266, 0.0002447663282509893, 0.0002297352912137285, 8.530890772817656e-05, 0.00016726262401789427, 0.00010607424337649718, 0.00033726441324688494, 0.00021430202468764037, 7.981943053891882e-05, 6.927441427251324e-05, 0.00013704117736779153, 4.51017840532586e-05, 6.351779302349314e-05, 6.385119922924787e-05, 2.1466335965669714e-05, 4.451981294550933e-05, 4.008204268757254e-05, 5.431636600405909e-05, 9.261741070076823e-05, 4.36851114500314e-05, 6.0046073485864326e-05, 2.5577061023795977e-05, 6.0576017858693376e-05, 7.252561044879258e-05, 3.238627687096596e-05, 1.4108321920502931e-05, 1.4469141206063796e-05, 3.0967697966843843e-05, 2.1962248865747824e-05, 1.068463006959064e-05, 1.4141392966848798e-05, 1.4327743883768562e-05, 7.142327831388684e-06, 6.897782441228628e-06, 9.481253982812632e-06, 4.805990101885982e-06, 3.55355450665229e-06, 2.4372573079745052e-06, 1.6761180177127244e-06, 2.8353804282232886e-06, 3.340815510455286e-06, 5.031813998357393e-06, 5.608309948001988e-06, 3.1530244086752646e-06, 1.9752119442273397e-06, 1.7599692228031927e-06, 1.7037489214999368e-06, 1.0627669553286978e-06, 1.0765999149953132e-06, 8.81315656897641e-07, 8.186373179341899e-07, 8.741841952542018e-07, 1.068469146048301e-06, 1.0190235570917139e-06, 1.0502776603971142e-06, 1.24862697248318e-06, 1.3418729167824495e-06, 1.5635450836271048e-06, 1.6398279285567696e-06, 1.816430653889256e-06, 2.166449121432379e-06, 2.5319232008769177e-06, 2.839030457835179e-06, 2.812453658407321e-06, 2.3869624783401377e-06, 1.5019057855170104e-06, 9.214062970386294e-07, 7.183778052421985e-07, 6.129732810222777e-07, 6.602594453397614e-07, 6.60129330753989e-07, 7.370375669779605e-07, 9.739869710756466e-07, 1.3818678326060763e-06, 1.972395239135949e-06, 2.4959933853097027e-06, 2.4767757622612407e-06, 2.4469668460369576e-06, 2.0137490537308622e-06, 1.7799582110455958e-06, 1.2852033250965178e-06, 8.73892531672027e-07, 6.15838359863119e-07, 5.624701771012042e-07, 5.614372184936656e-07, 3.4830040362976433e-07, 1.987190643149006e-07, 1.5211082882160554e-07, 1.2081619615855743e-07, 9.224432062637788e-08, 4.5239470836122564e-08, 2.294403600444639e-08, 1.1248214804027157e-08, 4.514691731571929e-09, 1.0831878727302069e-09, 2.8527107759357406e-11, 7.832098684878996e-12, 6.617517298024289e-12, 5.012991324132576e-12, 4.298442244504708e-12, 4.219079079159638e-12, 4.144175020509566e-12, 4.061038397923378e-12, 4.009288127188038e-12, 3.984349742497395e-12], "lowlevel.melbands128.stdev": [4.639176950149704e-06, 6.125972959125647e-06, 2.9202483347035013e-05, 0.00036239446490071714, 0.0008571210782974958, 0.0011079516261816025, 0.0006719741504639387, 0.0018373981583863497, 0.003559847129508853, 0.003991424106061459, 0.003490655217319727, 0.0040379418060183525, 0.0034210081212222576, 0.001925904885865748, 0.0007310754153877497, 0.0007339679286815226, 0.0006301607354544103, 0.00026127346791327, 0.000485105236293748, 0.0018650783458724618, 0.003271067049354315, 0.002195399720221758, 0.0027786162681877613, 0.0017515826039016247, 0.000738463073503226, 0.000919742276892066, 0.0002828354190569371, 0.0005013662157580256, 0.00030687692924402654, 0.0011092069325968623, 0.0005742550129070878, 0.00032190437195822597, 0.000279155996395275, 0.0005002307589165866, 0.0001767764042597264, 0.00022609213192481548, 0.00024084432516247034, 8.40969369164668e-05, 0.00014475520583800972, 0.00014370147255249321, 0.00021102114988025278, 0.0003507095098029822, 0.00014630395162384957, 0.0002415759372524917, 9.179784683510661e-05, 0.0001975461927941069, 0.00018843988073058426, 7.29667444829829e-05, 4.788976730196737e-05, 5.416414933279157e-05, 7.484725210815668e-05, 6.877590203657746e-05, 4.82798095617909e-05, 5.1239094318589196e-05, 3.835933966911398e-05, 1.7770566046237946e-05, 1.6370724551961757e-05, 2.3110289475880563e-05, 1.6505684470757842e-05, 6.6808688643504865e-06, 8.435283234575763e-06, 9.296470125264022e-06, 1.568655170558486e-05, 2.0553812646539882e-05, 3.6516492400551215e-05, 3.961274342145771e-05, 1.9681761841638945e-05, 9.737401342135854e-06, 8.598826752859168e-06, 9.703517207526602e-06, 4.3794047996925656e-06, 4.169537078269059e-06, 3.200509127054829e-06, 2.880103693314595e-06, 3.161124141115579e-06, 3.936571829399327e-06, 4.391020866023609e-06, 4.492563675739802e-06, 5.138706455909414e-06, 5.108098775963299e-06, 5.623092874884605e-06, 5.4054798965808e-06, 4.767706286656903e-06, 6.289757038757671e-06, 4.7208104660967365e-06, 5.4418601393990684e-06, 5.693487310054479e-06, 4.601296950568212e-06, 3.2250209187623113e-06, 2.66256506620266e-06, 2.7322837468091166e-06, 2.432840801702696e-06, 3.3241738037759205e-06, 3.0457736102107447e-06, 3.2299940357916057e-06, 3.4154916193074314e-06, 4.601473392540356e-06, 6.1898649619251955e-06, 7.425727744703181e-06, 6.989021130721085e-06, 7.018879387032939e-06, 5.634921308228513e-06, 5.22428626936744e-06, 4.024883310194127e-06, 2.728827439568704e-06, 1.538482592877699e-06, 1.4436101309911464e-06, 1.5179700767475879e-06, 1.0651966704244842e-06, 6.605969815609569e-07, 5.594512231255067e-07, 2.984020852636604e-07, 2.8122067874392087e-07, 1.461159939708523e-07, 9.36592030598149e-08, 5.5443511115527144e-08, 1.623459411348449e-08, 1.1068430616489877e-08, 3.5215577676162013e-10, 6.801084695418069e-11, 4.559133973125462e-11, 1.6980980857561612e-11, 5.9613832967264635e-12, 5.85706049632817e-12, 5.770889842382498e-12, 5.7019974679384244e-12, 5.651093742259361e-12, 5.620024411123747e-12], "lowlevel.mfcc.mean": [-686.7596435546875, 132.35202026367188, 12.069341659545898, -17.30203628540039, 1.5897237062454224, -12.743684768676758, -32.772438049316406, -19.381683349609375, -11.745238304138184, -24.95801544189453, -4.2060017585754395, -26.41546630859375, -1.263906478881836], "lowlevel.spectral_contrast_coeffs.mean": [-0.47204333543777466, -0.6404396891593933, -0.7295122742652893, -0.7577517628669739, -0.7831742763519287, -0.7616285681724548], "lowlevel.spectral_contrast_coeffs.stdev": [0.11764705926179886, 0.0810866728425026, 0.08613275736570358, 0.06519608944654465, 0.0436897799372673, 0.04762618616223335], "lowlevel.spectral_contrast_valleys.mean": [-8.209508895874023, -7.029279708862305, -7.968422889709473, -8.05461311340332, -8.701205253601074, -10.712909698486328], "lowlevel.spectral_contrast_valleys.stdev": [1.1727133989334106, 0.7509875297546387, 0.770856499671936, 0.6760874390602112, 0.7894173264503479, 0.9492381811141968], "rhythm.beats_loudness_band_ratio.mean": [0.09058158099651337, 0.45941272377967834, 0.27926912903785706, 0.09775909036397934, 0.044361814856529236, 0.0657910406589508], "rhythm.beats_loudness_band_ratio.stdev": [0.15650059282779694, 0.28690749406814575, 0.2565297782421112, 0.1538783758878708, 0.051960546523332596, 0.17080315947532654], "tonal.hpcp.mean": [0.16717395186424255, 0.10894440114498138, 0.06649129092693329, 0.11136303097009659, 0.08097780495882034, 0.020994652062654495, 0.02627384290099144, 0.037337128072977066, 0.1339532881975174, 0.266990065574646, 0.19596298038959503, 0.06512600183486938, 0.03892850503325462, 0.030086327344179153, 0.11087075620889664, 0.2261318415403366, 0.14970485866069794, 0.038772501051425934, 0.05528685450553894, 0.03920547664165497, 0.03816930204629898, 0.10232145339250565, 0.07499822229146957, 0.09608180075883865, 0.18772241473197937, 0.10806509852409363, 0.025524437427520752, 0.022661123424768448, 0.010320612229406834, 0.06903861463069916, 0.16461411118507385, 0.11707881838083267, 0.028892507776618004, 0.022773634642362595, 0.032378699630498886, 0.10527240484952927], "tonal.hpcp.stdev": [0.2923557758331299, 0.21141277253627777, 0.16784752905368805, 0.24084791541099548, 0.1864233911037445, 0.09569469839334488, 0.11027774959802628, 0.13418827950954437, 0.2618663012981415, 0.403653085231781, 0.3277687430381775, 0.19370529055595398, 0.16170461475849152, 0.12690319120883942, 0.22503100335597992, 0.3684510886669159, 0.26914912462234497, 0.13105508685112, 0.20967738330364227, 0.1468292623758316, 0.08629699051380157, 0.23990091681480408, 0.16931380331516266, 0.16379393637180328, 0.29573705792427063, 0.17274795472621918, 0.10667427629232407, 0.08616463840007782, 0.04092935100197792, 0.1420629471540451, 0.2992593050003052, 0.21897001564502716, 0.104245126247406, 0.10952746123075485, 0.14081993699073792, 0.2235110104084015], "rhythm.beats_position": [0.4411791265010834, 0.8823582530021667, 1.3235373497009277, 1.7647165060043335, 2.2058956623077393, 2.658684730529785, 3.111473798751831, 3.5526530742645264, 3.9938321113586426, 4.446621417999268, 4.899410247802734, 5.34058952331543, 5.7933783531188965, 6.222947597503662, 6.664126873016357, 7.082086086273193, 7.511655330657959, 7.941224575042725, 8.394013404846191, 8.835192680358887, 9.264761924743652, 9.705941200256348, 10.158729553222656, 10.611518859863281, 11.052698135375977, 11.493877410888672, 11.981496810913086, 12.422675132751465, 12.87546443939209, 13.328253746032715, 13.79265308380127, 14.280271530151367, 14.733060836791992, 15.209070205688477], "rhythm.bpm_histogram": [0.0, 0.0, 0.0, 0.0, 0.0, 0.0, 0.0, 0.0, 0.0, 0.0, 0.0, 0.0, 0.0, 0.0, 0.0, 0.0, 0.0, 0.0, 0.0, 0.0, 0.0, 0.0, 0.0, 0.0, 0.0, 0.0, 0.0, 0.0, 0.0, 0.0, 0.0, 0.0, 0.0, 0.0, 0.0, 0.0, 0.0, 0.0, 0.0, 0.0, 0.0, 0.0, 0.0, 0.0, 0.0, 0.0, 0.0, 0.0, 0.0, 0.0, 0.0, 0.0, 0.0, 0.0, 0.0, 0.0, 0.0, 0.0, 0.0, 0.0, 0.0, 0.0, 0.0, 0.0, 0.0, 0.0, 0.0, 0.0, 0.0, 0.0, 0.0, 0.0, 0.0, 0.0, 0.0, 0.0, 0.0, 0.0, 0.0, 0.0, 0.0, 0.0, 0.0, 0.0, 0.0, 0.0, 0.0, 0.0, 0.0, 0.0, 0.0, 0.0, 0.0, 0.0, 0.0, 0.0, 0.0, 0.0, 0.0, 0.0, 0.0, 0.0, 0.0, 0.0, 0.0, 0.0, 0.0, 0.0, 0.0, 0.0, 0.0, 0.0, 0.0, 0.0, 0.0, 0.0, 0.0, 0.0, 0.0, 0.0, 0.0, 0.0, 0.0, 0.06060606241226196, 0.0, 0.0, 0.03030303120613098, 0.0, 0.0, 0.03030303120613098, 0.0, 0.0, 0.0, 0.3333333432674408, 0.0, 0.0, 0.39393940567970276, 0.0, 0.0, 0.0, 0.12121212482452393, 0.0, 0.0, 0.0, 0.03030303120613098, 0.0, 0.0, 0.0, 0.0, 0.0, 0.0, 0.0, 0.0, 0.0, 0.0, 0.0, 0.0, 0.0, 0.0, 0.0, 0.0, 0.0, 0.0, 0.0, 0.0, 0.0, 0.0, 0.0, 0.0, 0.0, 0.0, 0.0, 0.0, 0.0, 0.0, 0.0, 0.0, 0.0, 0.0, 0.0, 0.0, 0.0, 0.0, 0.0, 0.0, 0.0, 0.0, 0.0, 0.0, 0.0, 0.0, 0.0, 0.0, 0.0, 0.0, 0.0, 0.0, 0.0, 0.0, 0.0, 0.0, 0.0, 0.0, 0.0, 0.0, 0.0, 0.0, 0.0, 0.0, 0.0, 0.0, 0.0, 0.0, 0.0, 0.0, 0.0, 0.0, 0.0, 0.0, 0.0, 0.0, 0.0, 0.0, 0.0, 0.0, 0.0, 0.0, 0.0, 0.0, 0.0, 0.0, 0.0, 0.0, 0.0, 0.0, 0.0, 0.0, 0.0, 0.0, 0.0, 0.0, 0.0, 0.0, 0.0, 0.0, 0.0, 0.0, 0.0, 0.0, 0.0], "tonal.chords_histogram": [20.58823585510254, 17.647058486938477, 11.176470756530762, 0.0, 0.0, 0.0, 0.0, 0.0, 0.0, 0.0, 0.0, 0.0, 0.0, 0.0, 0.0, 0.0, 0.0, 2.3529412746429443, 0.0, 4.411764621734619, 0.0, 3.529411792755127, 22.647058486938477, 17.647058486938477], "tonal.thpcp": [1.0, 0.7339710593223572, 0.24392668902873993, 0.14580507576465607, 0.11268706619739532, 0.41526171565055847, 0.8469672203063965, 0.5607132315635681, 0.14522075653076172, 0.2070745825767517, 0.14684244990348816, 0.1429615020751953, 0.383240669965744, 0.2809026837348938, 0.3598703145980835, 0.7031063437461853, 0.40475326776504517, 0.09560070186853409, 0.08487627655267715, 0.038655415177345276, 0.2585812211036682, 0.6165552139282227, 0.43851375579833984, 0.10821566730737686, 0.08529768884181976, 0.12127304822206497, 0.39429333806037903, 0.6261429786682129, 0.4080466330051422, 0.24904032051563263, 0.4171055257320404, 0.3032989501953125, 0.0786345824599266, 0.0984075665473938, 0.1398446410894394, 0.5017163753509521], "lowlevel.gfcc.cov": [[4510.1328125, -498.0166931152344, -447.6603088378906, -428.18035888671875, -468.34088134765625, 121.80976104736328, -172.85986328125, 183.78253173828125, 117.78923797607422, 95.90238189697266, -280.96966552734375, 10.511507987976074, -53.84872817993164], [-498.0166931152344, 1591.559326171875, 393.6653747558594, -188.5160675048828, 370.68743896484375, 125.54869842529297, 177.85064697265625, -52.304203033447266, 122.20191192626953, -89.14228820800781, 47.695648193359375, -128.16261291503906, -85.3743667602539], [-447.6603088378906, 393.6653747558594, 791.344970703125, 605.5966796875, 265.69976806640625, 53.56571578979492, 123.81814575195312, -5.820956230163574, -5.973792552947998, 11.18908405303955, 57.798702239990234, -59.33774185180664, -38.113521575927734], [-428.18035888671875, -188.5160675048828, 605.5966796875, 1286.113525390625, 286.11798095703125, -171.18966674804688, -52.402061462402344, 14.926593780517578, 7.65920352935791, -42.467472076416016, 73.58305358886719, -99.4369125366211, 24.96592140197754], [-468.34088134765625, 370.68743896484375, 265.69976806640625, 286.11798095703125, 347.0525817871094, 42.75100326538086, 5.0406317710876465, -14.411917686462402, 21.740015029907227, -13.305540084838867, 0.7957444787025452, -67.87873077392578, -28.22562599182129], [121.80976104736328, 125.54869842529297, 53.56571578979492, -171.18966674804688, 42.75100326538086, 234.6373291015625, 150.0847930908203, 18.825109481811523, -18.898725509643555, 69.34381103515625, -10.683697700500488, -4.4332404136657715, -43.3036994934082], [-172.85986328125, 177.85064697265625, 123.81814575195312, -52.402061462402344, 5.0406317710876465, 150.0847930908203, 337.674072265625, 15.765870094299316, -125.48076629638672, 29.734132766723633, 52.961708068847656, 50.28413009643555, -64.59098815917969], [183.78253173828125, -52.304203033447266, -5.820956230163574, 14.926593780517578, -14.411917686462402, 18.825109481811523, 15.765870094299316, 159.29469299316406, 112.2060317993164, 15.19043254852295, -40.101097106933594, -26.259414672851562, -0.9099119901657104], [117.78923797607422, 122.20191192626953, -5.973792552947998, 7.65920352935791, 21.740015029907227, -18.898725509643555, -125.48076629638672, 112.2060317993164, 313.1575012207031, 41.084686279296875, -48.422325134277344, -79.43057250976562, 22.35265350341797], [95.90238189697266, -89.14228820800781, 11.18908405303955, -42.467472076416016, -13.305540084838867, 69.34381103515625, 29.734132766723633, 15.19043254852295, 41.084686279296875, 139.6488800048828, 8.839452743530273, -0.8791011571884155, -4.739194393157959], [-280.96966552734375, 47.695648193359375, 57.798702239990234, 73.58305358886719, 0.7957444787025452, -10.683697700500488, 52.961708068847656, -40.101097106933594, -48.422325134277344, 8.839452743530273, 155.04669189453125, 23.741310119628906, -6.492203235626221], [10.511507987976074, -128.16261291503906, -59.33774185180664, -99.4369125366211, -67.87873077392578, -4.4332404136657715, 50.28413009643555, -26.259414672851562, -79.43057250976562, -0.8791011571884155, 23.741310119628906, 133.26161193847656, 14.880391120910645], [-53.84872817993164, -85.3743667602539, -38.113521575927734, 24.96592140197754, -28.22562599182129, -43.3036994934082, -64.59098815917969, -0.9099119901657104, 22.35265350341797, -4.739194393157959, -6.492203235626221, 14.880391120910645, 91.20687866210938]], "lowlevel.gfcc.icov": [[0.00043293749331496656, -0.0004920574720017612, 0.00033107155468314886, -0.0005696839070878923, 0.0012803605059161782, -0.0009343722485937178, 0.001087724114768207, -0.000734819273930043, 0.0005945047014392912, -0.0005791892181150615, 0.0007932628504931927, -0.000597419566474855, 0.00078302196925506], [-0.0004920574720017612, 0.0033787379506975412, -0.001971376594156027, 0.002904803492128849, -0.004460189025849104, 0.002606875728815794, -0.004063579719513655, 0.0030865580774843693, -0.0033984268084168434, 0.003443186404183507, -0.0019649008754640818, 0.0030332899186760187, -0.0013592611066997051], [0.00033107155468314886, -0.001971376594156027, 0.003908841870725155, -0.002971125766634941, 0.0018137949518859386, -0.0024031521752476692, 0.0013978831702843308, -0.0010832702973857522, 0.001349673722870648, -0.001954845152795315, 0.0010868008248507977, -0.001824775361455977, 0.0011390630388632417], [-0.0005696839070878923, 0.002904803492128849, -0.002971125766634941, 0.004482349846512079, -0.004946751520037651, 0.004395097028464079, -0.003596206894144416, 0.0017424459801986814, -0.0021846734452992678, 0.0025133108720183372, -0.002400224329903722, 0.0035687952768057585, -0.002146426122635603], [0.0012803605059161782, -0.004460189025849104, 0.0018137949518859386, -0.004946751520037651, 0.011858941987156868, -0.0064117927104234695, 0.00685957632958889, -0.003383030416443944, 0.004078519064933062, -0.0034877287689596415, 0.003793540643528104, -0.003392356215044856, 0.003785502165555954], [-0.0009343722485937178, 0.002606875728815794, -0.0024031521752476692, 0.004395097028464079, -0.0064117927104234695, 0.01273820735514164, -0.007509537972509861, 0.0021823598071932793, -0.0021943140309304, -0.00106626539491117, -0.0010018928442150354, 0.004280626308172941, -0.001838776981458068], [0.001087724114768207, -0.004063579719513655, 0.0013978831702843308, -0.003596206894144416, 0.00685957632958889, -0.007509537972509861, 0.01267879270017147, -0.007016460411250591, 0.006875208579003811, -0.004063271917402744, 0.001164340297691524, -0.005670338869094849, 0.004985199775546789], [-0.000734819273930043, 0.0030865580774843693, -0.0010832702973857522, 0.0017424459801986814, -0.003383030416443944, 0.0021823598071932793, -0.007016460411250591, 0.013873077929019928, -0.008035662584006786, 0.0039864713326096535, 0.00019136868650093675, 0.0029570043552666903, -0.0016079250490292907], [0.0005945047014392912, -0.0033984268084168434, 0.001349673722870648, -0.0021846734452992678, 0.004078519064933062, -0.0021943140309304, 0.006875208579003811, -0.008035662584006786, 0.010345089249312878, -0.0055954959243535995, 0.0017601973377168179, -0.0007878542528487742, 0.0007687184843234718], [-0.0005791892181150615, 0.003443186404183507, -0.001954845152795315, 0.0025133108720183372, -0.0034877287689596415, -0.00106626539491117, -0.004063271917402744, 0.0039864713326096535, -0.0055954959243535995, 0.013111009262502193, -0.0031323968432843685, 0.0023570633493363857, -0.0016020967159420252], [0.0007932628504931927, -0.0019649008754640818, 0.0010868008248507977, -0.002400224329903722, 0.003793540643528104, -0.0010018928442150354, 0.001164340297691524, 0.00019136868650093675, 0.0017601973377168179, -0.0031323968432843685, 0.01001034490764141, -0.0027209788095206022, 0.0018273552414029837], [-0.000597419566474855, 0.0030332899186760187, -0.001824775361455977, 0.0035687952768057585, -0.003392356215044856, 0.004280626308172941, -0.005670338869094849, 0.0029570043552666903, -0.0007878542528487742, 0.0023570633493363857, -0.0027209788095206022, 0.013979299925267696, -0.004415236413478851], [0.00078302196925506, -0.0013592611066997051, 0.0011390630388632417, -0.002146426122635603, 0.003785502165555954, -0.001838776981458068, 0.004985199775546789, -0.0016079250490292907, 0.0007687184843234718, -0.0016020967159420252, 0.0018273552414029837, -0.004415236413478851, 0.015609201975166798]], "lowlevel.mfcc.cov": [[3443.991455078125, -628.5067138671875, -288.85028076171875, -478.19317626953125, -243.80889892578125, -214.31878662109375, -284.5077819824219, -54.181968688964844, 219.8328094482422, 76.49510192871094, 80.12084197998047, -114.87950897216797, 81.57917022705078], [-628.5067138671875, 1858.804931640625, -56.460121154785156, -434.0235595703125, 26.86762809753418, 176.1429443359375, 114.20774841308594, 110.74738311767578, 94.87852478027344, -34.309349060058594, 227.25979614257812, -47.48130798339844, 85.17962646484375], [-288.85028076171875, -56.460121154785156, 664.8111572265625, 499.87005615234375, 208.4107666015625, 127.88299560546875, 150.17864990234375, 40.84806823730469, 26.589523315429688, 60.352779388427734, -60.859012603759766, 194.95542907714844, 42.37409210205078], [-478.19317626953125, -434.0235595703125, 499.87005615234375, 1038.9049072265625, 382.0254821777344, 79.79669952392578, 117.05391693115234, 19.813785552978516, 5.490506172180176, -5.266828536987305, -142.80311584472656, 142.26473999023438, 12.171414375305176], [-243.80889892578125, 26.86762809753418, 208.4107666015625, 382.0254821777344, 523.0252075195312, 21.15023422241211, -108.09858703613281, -50.90367889404297, 92.00994110107422, 93.97280883789062, -67.9138412475586, 98.28589630126953, 6.975674629211426], [-214.31878662109375, 176.1429443359375, 127.88299560546875, 79.79669952392578, 21.15023422241211, 258.2279357910156, 181.57301330566406, 20.91423225402832, 11.37612247467041, -0.22390446066856384, 78.14730072021484, 17.53919792175293, -8.756457328796387], [-284.5077819824219, 114.20774841308594, 150.17864990234375, 117.05391693115234, -108.09858703613281, 181.57301330566406, 392.02630615234375, 90.96394348144531, -97.04833984375, -32.80390548706055, 65.47233581542969, -1.3213019371032715, -23.875810623168945], [-54.181968688964844, 110.74738311767578, 40.84806823730469, 19.813785552978516, -50.90367889404297, 20.91423225402832, 90.96394348144531, 163.0418701171875, -0.5223587155342102, 0.8932367563247681, 14.30121898651123, 8.601456642150879, 10.342011451721191], [219.8328094482422, 94.87852478027344, 26.589523315429688, 5.490506172180176, 92.00994110107422, 11.37612247467041, -97.04833984375, -0.5223587155342102, 296.9423828125, 68.9491958618164, 80.83997344970703, -21.6693058013916, 77.80359649658203], [76.49510192871094, -34.309349060058594, 60.352779388427734, -5.266828536987305, 93.97280883789062, -0.22390446066856384, -32.80390548706055, 0.8932367563247681, 68.9491958618164, 196.28427124023438, 12.690342903137207, 70.53024291992188, 3.0557267665863037], [80.12084197998047, 227.25979614257812, -60.859012603759766, -142.80311584472656, -67.9138412475586, 78.14730072021484, 65.47233581542969, 14.30121898651123, 80.83997344970703, 12.690342903137207, 186.54373168945312, -37.070404052734375, 32.101356506347656], [-114.87950897216797, -47.48130798339844, 194.95542907714844, 142.26473999023438, 98.28589630126953, 17.53919792175293, -1.3213019371032715, 8.601456642150879, -21.6693058013916, 70.53024291992188, -37.070404052734375, 192.5067596435547, 34.67121124267578], [81.57917022705078, 85.17962646484375, 42.37409210205078, 12.171414375305176, 6.975674629211426, -8.756457328796387, -23.875810623168945, 10.342011451721191, 77.80359649658203, 3.0557267665863037, 32.101356506347656, 34.67121124267578, 124.12482452392578]], "lowlevel.mfcc.icov": [[0.00040781134157441556, 0.0002241981273982674, -8.662575419293717e-05, 0.00023175336536951363, 4.803334377356805e-05, 0.00010464364459039643, 0.00014251390530262142, -7.798286969773471e-05, -0.00018806570733431727, -7.478142651962116e-05, -0.00019804059411399066, 0.00020072785264346749, -0.00026156840613111854], [0.0002241981273982674, 0.0010326826013624668, -0.00023401607177220285, 0.0008632309036329389, -0.0007876931340433657, -0.0003114925930276513, -8.4502506069839e-05, -0.0007415763102471828, 1.0906833267654292e-05, 0.0005165942129679024, -0.0007090712315402925, 0.00025205640122294426, -0.0006995305302552879], [-8.662575419293717e-05, -0.00023401607177220285, 0.0037486334331333637, -0.0011803451925516129, 2.5573110178811476e-05, -0.0006467560306191444, -0.0013422530610114336, 0.00021170861145947129, -0.001098928158171475, -0.00011903290578629822, 0.0013270729687064886, -0.0028061126358807087, -0.00013697492249775678], [0.00023175336536951363, 0.0008632309036329389, -0.0011803451925516129, 0.002960973186418414, -0.0020091445185244083, 6.6000699007418e-05, -0.0010938706109300256, -0.0006287237047217786, -0.0004706451727543026, 0.001397139742039144, 0.0006261254311539233, 6.086573193897493e-05, -0.0005908727180212736], [4.803334377356805e-05, -0.0007876931340433657, 2.5573110178811476e-05, -0.0020091445185244083, 0.004548031371086836, -0.0006552498671226203, 0.0017506462754681706, 0.0012164325453341007, -0.0006574431317858398, -0.0017747478559613228, 0.0007685431628488004, -0.00047077672206796706, 0.0010193574707955122], [0.00010464364459039643, -0.0003114925930276513, -0.0006467560306191444, 6.6000699007418e-05, -0.0006552498671226203, 0.007661132607609034, -0.003387241158634424, 0.0012280496302992105, -0.0012412178330123425, 0.0007739508291706443, -0.002206360222771764, -0.0010216678492724895, 0.0017976731760427356], [0.00014251390530262142, -8.4502506069839e-05, -0.0013422530610114336, -0.0010938706109300256, 0.0017506462754681706, -0.003387241158634424, 0.007170901168137789, -0.0023297390434890985, 0.0030186984222382307, -0.000967428379226476, -0.0023363593500107527, 0.0020574971567839384, -7.290626672329381e-05], [-7.798286969773471e-05, -0.0007415763102471828, 0.00021170861145947129, -0.0006287237047217786, 0.0012164325453341007, 0.0012280496302992105, -0.0023297390434890985, 0.008105859160423279, -0.0011220491724088788, -0.0005538857658393681, 0.0009789696196094155, -0.0008514607325196266, 0.00014590160571970046], [-0.00018806570733431727, 1.0906833267654292e-05, -0.001098928158171475, -0.0004706451727543026, -0.0006574431317858398, -0.0012412178330123425, 0.0030186984222382307, -0.0011220491724088788, 0.007502314168959856, -0.00249115820042789, -0.003046180587261915, 0.00371311092749238, -0.0037296568043529987], [-7.478142651962116e-05, 0.0005165942129679024, -0.00011903290578629822, 0.001397139742039144, -0.0017747478559613228, 0.0007739508291706443, -0.000967428379226476, -0.0005538857658393681, -0.00249115820042789, 0.008247705176472664, -0.0007843449129723012, -0.003832955379039049, 0.0022446229122579098], [-0.00019804059411399066, -0.0007090712315402925, 0.0013270729687064886, 0.0006261254311539233, 0.0007685431628488004, -0.002206360222771764, -0.0023363593500107527, 0.0009789696196094155, -0.003046180587261915, -0.0007843449129723012, 0.010784310288727283, -6.501037569250911e-05, -0.001469684997573495], [0.00020072785264346749, 0.00025205640122294426, -0.0028061126358807087, 6.086573193897493e-05, -0.00047077672206796706, -0.0010216678492724895, 0.0020574971567839384, -0.0008514607325196266, 0.00371311092749238, -0.003832955379039049, -6.501037569250911e-05, 0.011135753244161606, -0.004258580971509218], [-0.00026156840613111854, -0.0006995305302552879, -0.00013697492249775678, -0.0005908727180212736, 0.0010193574707955122, 0.0017976731760427356, -7.290626672329381e-05, 0.00014590160571970046, -0.0037296568043529987, 0.0022446229122579098, -0.001469684997573495, -0.004258580971509218, 0.012708594091236591]], "metadata.audio_properties.analysis.downmix": "mix", "metadata.audio_properties.codec": "mp3", "metadata.audio_properties.md5_encoded": "789e450cfe1a3a12e6d216fa98710e4c", "metadata.tags.file_name": "1183670851611144222.mp3", "metadata.version.essentia": "2.1-beta6-dev", "metadata.version.essentia_git_sha": "v2.1_beta5-1110-g77a6a954", "metadata.version.extractor": "music 2.0", "tonal.chords_key": "Bb", "tonal.chords_scale": "major", "tonal.key_edma.key": "F", "tonal.key_edma.scale": "major", "tonal.key_krumhansl.key": "F", "tonal.key_krumhansl.scale": "major", "tonal.key_temperley.key": "F", "tonal.key_temperley.scale": "major", "metadata.tags.encoding": ["Lavf58.45.100"]}, "essentia_models": [{"model_name": "genre_dortmund", "activations": {"alternative": "0.032021683", "blues": "0.0100891795", "electronic": "0.00035605326", "folkcountry": "0.16773765", "funksoulrnb": "0.020896971", "jazz": "0.0019850861", "pop": "0.1858751", "raphiphop": "0.016994555", "rock": "0.6015754"}}, {"model_name": "genre_rosamerica", "activations": {"classic": "0.0024382886", "dance": "0.00037284513", "hip hop": "0.0011137106", "jazz": "0.0003855404", "pop": "0.18016982", "rhythm and blu