{"song_id": "1183670897857527808", "download": "https://cdn.discordapp.com/attachments/1135911532732108921/1183670897857527808/chirp.mp4?ex=65892e6d&amp", "lyrics": "\u0422\u044b \u043d\u043e\u0447\u043d\u043e\u0439 \u043a\u043e\u0448\u043c\u0430\u0440, \u0447\u0442\u043e \u0440\u0430\u0441\u0442\u0430\u044f\u043b \u043f\u043e \u0443\u0442\u0440\u0443\n\u042f \u043f\u043e-\u043f\u0440\u0435\u0436\u043d\u0435\u043c\u0443 \u043a\u0440\u0430\u0441\u0438\u0432\u0430, \u0445\u043e\u0442\u044c \u043a\u0430\u0437\u0430\u043b\u043e\u0441\u044c, \u0447\u0442\u043e \u0443\u043c\u0440\u0443\n\u041c\u0435\u0436\u0434\u0443 \u043d\u0430\u043c\u0438 \u0434\u044b\u043c, \u0441\u043b\u0451\u0437\u044b \u0438 \u0433\u043e\u0440\u044f\u0449\u0438\u0439 \u043c\u043e\u0441\u0442\n\u041f\u0443\u0441\u0442\u044c \u0441\u043e \u043c\u043d\u043e\u0439 \u0442\u0430\u043a \u0441\u043b\u043e\u0436\u043d\u043e \u0431\u044b\u043b\u043e, \u043d\u043e \u0438 \u0442\u044b, \u043f\u0430\u0446\u0430\u043d, \u043d\u0435 \u043f\u0440\u043e\u0441\u0442\n\u041c\u043d\u0435 \u043e\u0447\u0435\u043d\u044c \u0436\u0430\u043b\u043a\u043e \u0442\u0432\u043e\u044e \u043d\u043e\u0432\u0443\u044e \u0434\u0435\u0432\u0447\u043e\u043d\u043a\u0443\n\u042f \u043d\u0435 \u0440\u0435\u0432\u043d\u0443\u044e, \u043f\u0440\u0430\u0432\u0434\u0430, \u044f \u0436\u0435 \u043e\u0442\u043f\u0443\u0441\u0442\u0438\u043b\u0430\n\u041d\u0430\u0447\u043d\u0451\u0448\u044c \u043e\u043f\u044f\u0442\u044c \u0438\u0437\u0434\u0430\u043b\u0435\u043a\u0430 \u0438 \u043f\u043e\u0442\u0438\u0445\u043e\u043d\u044c\u043a\u0443\n\u041f\u043e\u0441\u043c\u043e\u0442\u0440\u0438\u0448\u044c \u0441\u0442\u043e\u0440\u0438\u0441, \u0434\u0430\u043b\u044c\u0448\u0435 \u043b\u0430\u0439\u043a \u0438 \u0437\u0430\u043a\u0440\u0443\u0442\u0438\u043b\u043e\u0441\u044c\n\u0418 \u043f\u043e\u043d\u0435\u0441\u043b\u0430\u0441\u044c, \u043e\u043f\u044f\u0442\u044c \u0437\u0432\u043e\u043d\u043a\u0438, \u0443\u0442\u0440\u043e \u0432 \u043c\u0438\u043d\u043e\u0440\u0435\n\u0422\u0430\u043a \u0431\u044b\u043b\u043e \u0441\u043e\u0442\u043d\u0438 \u0440\u0430\u0437, \u043f\u043e\u043a\u0430 \u044f \u043d\u0435 \u043e\u0441\u0442\u044b\u043b\u0430\n\u041d\u043e \u0442\u044b \u043d\u0435 \u043f\u043e\u043d\u044f\u043b \u043f\u0440\u0438 \u043f\u043e\u0441\u043b\u0435\u0434\u043d\u0435\u043c \u0440\u0430\u0437\u0433\u043e\u0432\u043e\u0440\u0435\n\u042f \u043f\u043e\u0443\u043c\u043d\u0435\u043b\u0430 \u0438\u043b\u0438 \u043f\u0440\u043e\u0441\u0442\u043e \u0440\u0430\u0437\u043b\u044e\u0431\u0438\u043b\u0430\n\u041f\u0440\u0438\u043f\u0435\u0432:\n\u0410 \u0442\u044b... \u041f\u043e \u0431\u0430\u0440\u0430\u043c, \u0432 \u043f\u044c\u044f\u043d\u043e\u043c \u0443\u0433\u0430\u0440\u0435\n\u0427\u0442\u043e \u0436\u0435 \u0442\u044b \u043f\u0430\u0440\u0435\u043d\u044c, \u0441\u043d\u043e\u0432\u0430 \u0432\u0441\u043f\u043e\u043c\u0438\u043d\u0430\u0435\u0448\u044c \u043e \u0442\u043e\u043c\n\u041a\u0430\u043a \u043c\u044b \u0433\u0443\u043b\u044f\u043b\u0438 \u043f\u043e \u0442\u0440\u043e\u0442\u0443\u0430\u0440\u0430\u043c, \u043c\u043e\u043a\u0440\u044b\u043c \u0438 \u0441\u0442\u0430\u0440\u044b\u043c\n\u0423\u0442\u0440\u043e\u043c \u043f\u043e\u0434 \u0434\u043e\u0436\u0434\u0451\u043c \u0431\u043e\u0441\u0438\u043a\u043e\u043c\n\u041f\u043e \u0431\u0430\u0440\u0430\u043c, \u044f \u0442\u0432\u043e\u044f \u043a\u0430\u0440\u0430\n\u042f \u0442\u0432\u043e\u044f \u043a\u0430\u0440\u043c\u0430, \u0442\u044b \u043d\u0430\u0439\u0434\u0451\u0448\u044c \u0432 \u0442\u043e\u043b\u043f\u0435 \u043c\u043e\u0439 \u0442\u0438\u043f\u0430\u0436\n\u0422\u044b \u043f\u043e\u0434\u043a\u0430\u0442\u0438\u043b, \u0438 \u043e\u043d\u0430 \u0437\u0430\u043f\u0430\u043b\u0430\n\u041d\u043e \u044d\u0442\u043e \u0432\u043d\u043e\u0432\u044c \u043d\u0435 \u044f, \u0430 \u043c\u0438\u0440\u0430\u0436", "style": ["Pop dance"], "essentia_features": {"lowlevel.average_loudness": 0.8363701105117798, "lowlevel.barkbands_crest.mean": 10.845291137695312, "lowlevel.barkbands_crest.stdev": 4.4054341316223145, "lowlevel.barkbands_flatness_db.mean": 0.18360203504562378, "lowlevel.barkbands_flatness_db.stdev": 0.10159283131361008, "lowlevel.barkbands_kurtosis.mean": 6.635295391082764, "lowlevel.barkbands_kurtosis.stdev": 12.925932884216309, "lowlevel.barkbands_skewness.mean": 1.6819096803665161, "lowlevel.barkbands_skewness.stdev": 1.5872591733932495, "lowlevel.barkbands_spread.mean": 25.99635124206543, "lowlevel.barkbands_spread.stdev": 24.190467834472656, "lowlevel.dissonance.mean": 0.4305605888366699, "lowlevel.dissonance.stdev": 0.06167218089103699, "lowlevel.dynamic_complexity": 3.257869005203247, "lowlevel.erbbands_crest.mean": 12.166899681091309, "lowlevel.erbbands_crest.stdev": 6.005092144012451, "lowlevel.erbbands_flatness_db.mean": 0.17806842923164368, "lowlevel.erbbands_flatness_db.stdev": 0.08396929502487183, "lowlevel.erbbands_kurtosis.mean": 3.480048418045044, "lowlevel.erbbands_kurtosis.stdev": 7.87964391708374, "lowlevel.erbbands_skewness.mean": 0.559481680393219, "lowlevel.erbbands_skewness.stdev": 1.4001399278640747, "lowlevel.erbbands_spread.mean": 39.63872528076172, "lowlevel.erbbands_spread.stdev": 25.62101173400879, "lowlevel.hfc.mean": 32.40856170654297, "lowlevel.hfc.stdev": 42.939048767089844, "lowlevel.loudness_ebu128.integrated": -16.887290954589844, "lowlevel.loudness_ebu128.loudness_range": 8.635773658752441, "lowlevel.loudness_ebu128.momentary.mean": -18.035968780517578, "lowlevel.loudness_ebu128.momentary.stdev": 3.520266056060791, "lowlevel.loudness_ebu128.short_term.mean": -17.682706832885742, "lowlevel.loudness_ebu128.short_term.stdev": 2.9025304317474365, "lowlevel.melbands_crest.mean": 17.840417861938477, "lowlevel.melbands_crest.stdev": 6.843194484710693, "lowlevel.melbands_flatness_db.mean": 0.247850701212883, "lowlevel.melbands_flatness_db.stdev": 0.12589645385742188, "lowlevel.melbands_kurtosis.mean": 17.656902313232422, "lowlevel.melbands_kurtosis.stdev": 28.994712829589844, "lowlevel.melbands_skewness.mean": 2.78317928314209, "lowlevel.melbands_skewness.stdev": 1.9500951766967773, "lowlevel.melbands_spread.mean": 28.053890228271484, "lowlevel.melbands_spread.stdev": 39.51652526855469, "lowlevel.pitch_salience.mean": 0.5030795335769653, "lowlevel.pitch_salience.stdev": 0.12496507912874222, "lowlevel.silence_rate_20dB.mean": 0.9947856068611145, "lowlevel.silence_rate_20dB.stdev": 0.07202248275279999, "lowlevel.silence_rate_30dB.mean": 0.9826187491416931, "lowlevel.silence_rate_30dB.stdev": 0.13068662583827972, "lowlevel.silence_rate_60dB.mean": 0.07589802891016006, "lowlevel.silence_rate_60dB.stdev": 0.264834463596344, "lowlevel.spectral_centroid.mean": 1243.1439208984375, "lowlevel.spectral_centroid.stdev": 1082.3304443359375, "lowlevel.spectral_complexity.mean": 13.411355972290039, "lowlevel.spectral_complexity.stdev": 9.320733070373535, "lowlevel.spectral_decrease.mean": -7.750307950971091e-09, "lowlevel.spectral_decrease.stdev": 9.838585945942668e-09, "lowlevel.spectral_energy.mean": 0.03219098970293999, "lowlevel.spectral_energy.stdev": 0.03837656229734421, "lowlevel.spectral_energyband_high.mean": 0.0026199668645858765, "lowlevel.spectral_energyband_high.stdev": 0.004990952555090189, "lowlevel.spectral_energyband_low.mean": 0.012982526794075966, "lowlevel.spectral_energyband_low.stdev": 0.03267370164394379, "lowlevel.spectral_energyband_middle_high.mean": 0.0040622856467962265, "lowlevel.spectral_energyband_middle_high.stdev": 0.0066509973257780075, "lowlevel.spectral_energyband_middle_low.mean": 0.013188255950808525, "lowlevel.spectral_energyband_middle_low.stdev": 0.01395250204950571, "lowlevel.spectral_entropy.mean": 7.402507305145264, "lowlevel.spectral_entropy.stdev": 0.966314435005188, "lowlevel.spectral_flux.mean": 0.08254240453243256, "lowlevel.spectral_flux.stdev": 0.060699041932821274, "lowlevel.spectral_kurtosis.mean": 11.618239402770996, "lowlevel.spectral_kurtosis.stdev": 29.985441207885742, "lowlevel.spectral_rms.mean": 0.0050153653137385845, "lowlevel.spectral_rms.stdev": 0.002500389004126191, "lowlevel.spectral_rolloff.mean": 1816.9373779296875, "lowlevel.spectral_rolloff.stdev": 2625.208740234375, "lowlevel.spectral_skewness.mean": 2.0473923683166504, "lowlevel.spectral_skewness.stdev": 1.9404019117355347, "lowlevel.spectral_spread.mean": 6202761.5, "lowlevel.spectral_spread.stdev": 2721513.75, "lowlevel.spectral_strongpeak.mean": 0.7970697283744812, "lowlevel.spectral_strongpeak.stdev": 1.10649836063385, "lowlevel.zerocrossingrate.mean": 0.07422978430986404, "lowlevel.zerocrossingrate.stdev": 0.06600955873727798, "metadata.audio_properties.analysis.equal_loudness": 0.0, "metadata.audio_properties.analysis.length": 40.04265213012695, "metadata.audio_properties.analysis.sample_rate": 44100.0, "metadata.audio_properties.analysis.start_time": 0.0, "metadata.audio_properties.bit_rate": 117102.0, "metadata.audio_properties.length": 40.042667388916016, "metadata.audio_properties.lossless": 0.0, "metadata.audio_properties.number_channels": 1.0, "metadata.audio_properties.replay_gain": -10.021123886108398, "metadata.audio_properties.sample_rate": 48000.0, "rhythm.beats_count": 83.0, "rhythm.beats_loudness.mean": 0.05832177400588989, "rhythm.beats_loudness.stdev": 0.07680999487638474, "rhythm.bpm": 124.88228607177734, "rhythm.bpm_histogram_first_peak_bpm": 126.0, "rhythm.bpm_histogram_first_peak_weight": 0.46341460943222046, "rhythm.bpm_histogram_second_peak_bpm": 0.0, "rhythm.bpm_histogram_second_peak_spread": 0.0, "rhythm.bpm_histogram_second_peak_weight": 0.0, "rhythm.danceability": 1.2959058284759521, "rhythm.onset_rate": 4.618716239929199, "tonal.chords_changes_rate": 0.05092592537403107, "tonal.chords_number_rate": 0.009259259328246117, "tonal.chords_strength.mean": 0.5698060989379883, "tonal.chords_strength.stdev": 0.08138330280780792, "tonal.hpcp_crest.mean": 14.573078155517578, "tonal.hpcp_crest.stdev": 6.108414173126221, "tonal.hpcp_entropy.mean": 1.789049506187439, "tonal.hpcp_entropy.stdev": 0.635850191116333, "tonal.key_edma.strength": 0.7197781205177307, "tonal.key_krumhansl.strength": 0.7365319132804871, "tonal.key_temperley.strength": 0.7372031807899475, "tonal.tuning_diatonic_strength": 0.6086719632148743, "tonal.tuning_equal_tempered_deviation": 0.1966281235218048, "tonal.tuning_frequency": 434.193115234375, "tonal.tuning_nontempered_energy_ratio": 0.9237312078475952, "lowlevel.barkbands.mean": [0.0027635677251964808, 0.008632084354758263, 0.0011615948751568794, 0.001784879481419921, 0.0028616792988032103, 0.0024012760259211063, 0.002248917007818818, 0.0018344548298045993, 0.0015840524574741721, 0.0014348243130370975, 0.0007333429530262947, 0.0003096897853538394, 0.00024591124383732677, 0.00032040002406574786, 0.00034519933979026973, 0.0001831880654208362, 0.00021015152742620558, 0.000250640936428681, 0.00015230022836476564, 0.00024991866666823626, 0.0001803437335183844, 0.00023784994846209884, 0.0008041900000534952, 0.0007566672284156084, 0.0003683526592794806, 0.00013387331273406744, 1.6739010106903152e-06], "lowlevel.barkbands.stdev": [0.0040094382129609585, 0.027592668309807777, 0.0069267419166862965, 0.0038696371484547853, 0.004334035329520702, 0.004050819203257561, 0.005603465251624584, 0.005012852605432272, 0.004634604323655367, 0.003831493901088834, 0.0022540083155035973, 0.0008721122285351157, 0.0006610958371311426, 0.0009318312513642013, 0.00121546711307019, 0.0004956875345669687, 0.00045458722161129117, 0.000614838907495141, 0.000567018985748291, 0.0007563516846857965, 0.0003421395958866924, 0.0006125802756287158, 0.0018170465482398868, 0.0015312812756747007, 0.0008161075529642403, 0.0004015541053377092, 7.2174975684902165e-06], "lowlevel.erbbands.mean": [0.4993424713611603, 0.9474307894706726, 1.2785823345184326, 3.7564163208007812, 10.035015106201172, 8.537712097167969, 6.365662574768066, 28.106895446777344, 35.55549621582031, 32.95069122314453, 36.658409118652344, 38.13755798339844, 42.39450454711914, 30.98451805114746, 28.16431427001953, 14.045275688171387, 11.299205780029297, 14.149151802062988, 23.76304054260254, 10.94521713256836, 10.718180656433105, 12.61890983581543, 13.698662757873535, 10.11343765258789, 7.712973594665527, 11.95676326751709, 8.592098236083984, 7.007437705993652, 8.185508728027344, 13.883110046386719, 24.502107620239258, 19.34172821044922, 10.496134757995605, 4.9590864181518555, 2.1713931560516357, 0.8498277068138123, 0.188918799161911, 0.0178445465862751, 0.00042899843538179994, 6.40469224890694e-05], "lowlevel.erbbands.stdev": [1.2983630895614624, 4.837028503417969, 8.112323760986328, 9.10303020477295, 14.453977584838867, 17.5553035736084, 10.573332786560059, 48.2242317199707, 82.59500122070312, 79.98384857177734, 87.93312072753906, 116.9514389038086, 101.32810974121094, 86.357666015625, 88.47735595703125, 39.84322738647461, 27.396556854248047, 34.43229293823242, 81.48990631103516, 23.547760009765625, 27.671964645385742, 26.565143585205078, 32.95890426635742, 31.002771377563477, 25.625354766845703, 37.64854049682617, 17.764066696166992, 13.53964900970459, 20.805952072143555, 36.3150749206543, 55.17567443847656, 41.89433670043945, 19.91460418701172, 10.094173431396484, 5.31646728515625, 2.5146145820617676, 0.5908956527709961, 0.059203069657087326, 0.0012319034431129694, 8.485096623189747e-05], "lowlevel.gfcc.mean": [-28.949113845825195, 86.85845947265625, -84.56372833251953, 25.903593063354492, -75.92411804199219, 23.749183654785156, -42.42063903808594, 14.890111923217773, -18.941402435302734, -0.38013073801994324, -14.986835479736328, -5.363996505737305, -7.897481918334961], "lowlevel.melbands.mean": [0.003358469344675541, 0.0008109949412755668, 0.0008586199837736785, 0.0007208159076981246, 0.0002450784668326378, 0.0005981731810607016, 0.0005070171901024878, 0.00038035554462112486, 0.0003026297490578145, 0.00022725870076101273, 0.0002141167933586985, 0.00013347732601687312, 9.292973118135706e-05, 4.599999374477193e-05, 2.705375663936138e-05, 2.698860589589458e-05, 2.5876996005536057e-05, 4.130085653741844e-05, 1.9175826309947297e-05, 1.2669176612689625e-05, 1.2381408851069864e-05, 1.3425672477751505e-05, 1.2071491255483124e-05, 1.1593312592594884e-05, 7.913681656646077e-06, 4.994361006538384e-06, 6.923965884197969e-06, 8.161840014508925e-06, 5.772771601186832e-06, 4.2106489672733005e-06, 4.048236860398902e-06, 4.444040769158164e-06, 4.8795691327541135e-06, 9.119229616771918e-06, 1.4199979887052905e-05, 1.4108582035987638e-05, 1.1210709999431856e-05, 8.16067768028006e-06, 4.967077984474599e-06, 3.887166712956969e-06], "lowlevel.melbands.stdev": [0.009142204187810421, 0.00438064057379961, 0.0016651743790134788, 0.0010905941016972065, 0.0004149058659095317, 0.0009689497528597713, 0.001186395762488246, 0.0009845305467024446, 0.0007309827487915754, 0.0006883045425638556, 0.000533045909833163, 0.0003931574465241283, 0.0002928371832240373, 0.0001272620283998549, 7.228567119454965e-05, 8.03732909844257e-05, 6.733882037224248e-05, 0.0001427553070243448, 4.8130317736649886e-05, 3.191093128407374e-05, 3.468452632660046e-05, 3.076050052186474e-05, 2.93379052891396e-05, 3.076626671827398e-05, 2.6284580599167384e-05, 1.9711125787580386e-05, 2.1188347091083415e-05, 2.7162077458342537e-05, 1.3068428415863309e-05, 7.969551006681286e-06, 8.277486813312862e-06, 1.1071571861975826e-05, 1.4169721907819621e-05, 2.470198342052754e-05, 3.333088898216374e-05, 3.1452964321943e-05, 2.43166050495347e-05, 1.5811692719580606e-05, 1.0056854989670683e-05, 8.163002348737791e-06], "lowlevel.melbands128.mean": [0.0024984576739370823, 0.005223827436566353, 0.00301016285084188, 0.0011606557527557015, 0.0006167588289827108, 0.000588179798796773, 0.000666245527099818, 0.0010092462180182338, 0.0010643485002219677, 0.0008492777124047279, 0.00039967327029444277, 0.0002146413316950202, 0.00011657211871352047, 0.00032491059391759336, 0.0008139677811414003, 0.0005304044461809099, 0.0006724739796482027, 0.0005101296119391918, 0.00032275792909786105, 0.00031325689633376896, 0.0004975995980203152, 0.00032141973497346044, 0.00025054821162484586, 0.0003202263615094125, 0.0002650033275131136, 0.00019278144463896751, 0.00012573468848131597, 0.00023989872715901583, 0.0002800390648189932, 0.00014937273226678371, 8.88641516212374e-05, 7.771015225443989e-05, 8.905143477022648e-05, 0.0001319926232099533, 2.858323023247067e-05, 3.5420340282144025e-05, 3.788745743804611e-05, 3.165224916301668e-05, 1.3640347788168583e-05, 2.357324592594523e-05, 3.649282007245347e-05, 2.1581281544058584e-05, 1.8933484170702286e-05, 2.942190258181654e-05, 4.227167664794251e-05, 5.19573331985157e-05, 3.185132663929835e-05, 1.7667676729615778e-05, 1.5473640814889222e-05, 9.555889846524224e-06, 1.410005188517971e-05, 1.3852318261342589e-05, 1.0191247383772861e-05, 1.337573030468775e-05, 1.2940370652358979e-05, 1.5601508494000882e-05, 1.171082112705335e-05, 9.41840698942542e-06, 1.4073204511078075e-05, 1.3275587662064936e-05, 1.2534647794382181e-05, 8.815672117634676e-06, 9.505109119345434e-06, 7.86647251516115e-06, 5.170823442313122e-06, 4.753787834488321e-06, 4.88609248350258e-06, 5.007558684155811e-06, 7.4844838309218176e-06, 9.711442544357851e-06, 7.91886486695148e-06, 7.899107913544867e-06, 6.972730716370279e-06, 5.299917575030122e-06, 4.3427762648207135e-06, 4.684122359321918e-06, 3.899782313965261e-06, 3.4996933209185954e-06, 4.2041883716592565e-06, 4.366352641227422e-06, 4.4075063669879455e-06, 4.447492756298743e-06, 4.636749054043321e-06, 4.750158041133545e-06, 4.9971090447797906e-06, 7.01262115399004e-06, 1.0432211638544686e-05, 1.3659895557793789e-05, 1.4371757970366161e-05, 1.4681682841910515e-05, 1.5402449207613245e-05, 1.4143037333269604e-05, 1.1555705896171276e-05, 1.1068978892581072e-05, 1.134007834480144e-05, 9.746468094817828e-06, 7.369694685621653e-06, 5.9551334743446205e-06, 4.879858806816628e-06, 4.600308784574736e-06, 4.222499683237402e-06, 3.7683628306695027e-06, 3.5235586892667925e-06, 3.0079779662628425e-06, 2.3311279164772714e-06, 1.902792291730293e-06, 1.7586608009878546e-06, 1.705168756416242e-06, 1.5435483646797366e-06, 1.2616968660950079e-06, 9.743924920257996e-07, 6.29639998805942e-07, 5.531853162210609e-07, 3.923111080439412e-07, 2.883687386656675e-07, 1.7143759123428026e-07, 6.353757697752371e-08, 8.967540487958559e-09, 7.18778703223677e-10, 5.4104273145005877e-11, 4.5685115412918975e-11, 1.1271888804287311e-11, 4.483234096464006e-12, 4.367915317632365e-12, 4.24844144239489e-12, 4.105737451409741e-12, 4.020542145738437e-12, 3.988846145747127e-12], "lowlevel.melbands128.stdev": [0.003628674428910017, 0.012509306892752647, 0.011789120733737946, 0.007354489993304014, 0.0048433938063681126, 0.0031118292827159166, 0.001876901020295918, 0.002167379017919302, 0.00161957205273211, 0.001574992318637669, 0.0011635861592367291, 0.0006381957209669054, 0.0002915231743827462, 0.0006913973484188318, 0.0017289976822212338, 0.0008608323987573385, 0.001761906547471881, 0.0015797489322721958, 0.001352531835436821, 0.000971714616753161, 0.0015876702964305878, 0.001229960354976356, 0.0007583203259855509, 0.0012124670902267098, 0.0011639022268354893, 0.0007888154941610992, 0.00043682666728273034, 0.0006907036295160651, 0.0009926969651132822, 0.0006246776320040226, 0.000357396638719365, 0.0003359326801728457, 0.0003426845942158252, 0.0004990277229808271, 8.157643605954945e-05, 0.0001718349667498842, 0.00013076906907372177, 0.00012016851542284712, 3.860780634568073e-05, 6.60828227410093e-05, 0.00013666553422808647, 7.573522452730685e-05, 5.783621236332692e-05, 9.39327001105994e-05, 0.0001902626536320895, 0.00025773808010853827, 0.0001391186669934541, 5.062552372692153e-05, 4.625920337275602e-05, 2.75848142337054e-05, 4.395351425046101e-05, 4.947184061165899e-05, 3.6810692108701915e-05, 4.45546284026932e-05, 4.0774284570943564e-05, 4.3176842154935e-05, 3.1417795980814844e-05, 2.4497641788912006e-05, 4.503056334215216e-05, 4.0420516597805545e-05, 4.3716441723518074e-05, 2.7901382054551505e-05, 3.0363195037352853e-05, 3.651539373095147e-05, 1.809576860978268e-05, 2.0890176529064775e-05, 2.331905488972552e-05, 1.6316715118591674e-05, 2.588596544228494e-05, 3.368405668879859e-05, 3.193711017956957e-05, 2.9062846806482412e-05, 1.8786799046210945e-05, 1.2268131285964046e-05, 8.843797331792302e-06, 1.0037522770289797e-05, 7.413603270833846e-06, 7.497476872231346e-06, 9.824905646382831e-06, 9.80804270511726e-06, 1.1265517969150096e-05, 1.3453159226628486e-05, 1.390982470184099e-05, 1.4885936252539977e-05, 1.539244840387255e-05, 2.2051694031688385e-05, 3.1298946851165965e-05, 3.7780890124849975e-05, 3.615258538047783e-05, 3.572486821212806e-05, 3.552138150553219e-05, 3.321826079627499e-05, 2.8592263333848678e-05, 2.6553689167485572e-05, 2.3982962375157513e-05, 2.0727657101815566e-05, 1.5040095604490489e-05, 1.2540506759251002e-05, 1.028323640639428e-05, 1.1445079508121125e-05, 8.631011951365508e-06, 8.817763955448754e-06, 7.794439625286032e-06, 7.1929289333638735e-06, 6.979609224799788e-06, 5.413003236753866e-06, 5.637098638544558e-06, 4.758826435136143e-06, 4.971112048224313e-06, 4.6025611482036766e-06, 3.5364707855478628e-06, 2.1034777546447003e-06, 1.7801695548769203e-06, 1.4099705367698334e-06, 1.1586755590542452e-06, 7.172716323111672e-07, 2.4889166638786264e-07, 5.726463569999396e-08, 1.3587278857585261e-08, 1.5649643803072877e-09, 1.6198771213282726e-09, 2.7705673866229574e-10, 9.220216604099996e-12, 8.997204890837107e-12, 8.85590992899532e-12, 8.741282871149725e-12, 8.66007179162187e-12, 8.609940885251355e-12], "lowlevel.mfcc.mean": [-678.4270629882812, 115.55143737792969, 41.25754165649414, 5.98042631149292, 4.573523044586182, -0.2583329677581787, -1.9815438985824585, 4.223589897155762, 1.4512015581130981, 8.255232810974121, -5.321155548095703, 2.788475751876831, -7.282994270324707], "lowlevel.spectral_contrast_coeffs.mean": [-0.6931289434432983, -0.6949433088302612, -0.7554160952568054, -0.813985288143158, -0.8210465908050537, -0.7981366515159607], "lowlevel.spectral_contrast_coeffs.stdev": [0.0932348296046257, 0.08736392855644226, 0.07421042770147324, 0.05140268802642822, 0.0485619492828846, 0.030889363959431648], "lowlevel.spectral_contrast_valleys.mean": [-7.016916751861572, -7.021799087524414, -7.780901908874512, -8.206087112426758, -8.201936721801758, -10.039325714111328], "lowlevel.spectral_contrast_valleys.stdev": [0.8340284824371338, 1.0182174444198608, 1.1950401067733765, 1.2653146982192993, 1.5650664567947388, 2.0351290702819824], "rhythm.beats_loudness_band_ratio.mean": [0.3929966986179352, 0.2176748812198639, 0.2835777699947357, 0.06916090101003647, 0.03262464702129364, 0.07692944258451462], "rhythm.beats_loudness_band_ratio.stdev": [0.2593279182910919, 0.18104639649391174, 0.24619756639003754, 0.12076219171285629, 0.03976994380354881, 0.1088867262005806], "tonal.hpcp.mean": [0.04861173778772354, 0.03725084662437439, 0.027349339798092842, 0.051172155886888504, 0.06408634781837463, 0.05698681250214577, 0.06132955476641655, 0.044824033975601196, 0.038691021502017975, 0.1559532880783081, 0.18940985202789307, 0.14635592699050903, 0.20673204958438873, 0.16472755372524261, 0.054424628615379333, 0.02486276440322399, 0.022956550121307373, 0.022516915574669838, 0.07743946462869644, 0.10560078173875809, 0.06115571781992912, 0.04768340662121773, 0.04615670070052147, 0.08796478062868118, 0.3714132308959961, 0.3854731023311615, 0.10288403928279877, 0.028025265783071518, 0.018808957189321518, 0.02897140197455883, 0.10608306527137756, 0.12130246311426163, 0.07172085344791412, 0.188215434551239, 0.2272080034017563, 0.0985739529132843], "tonal.hpcp.stdev": [0.12943053245544434, 0.12324145436286926, 0.10939422249794006, 0.1670219451189041, 0.1945585161447525, 0.17390237748622894, 0.19072237610816956, 0.151347815990448, 0.09992542117834091, 0.2363516092300415, 0.2706202566623688, 0.2587480843067169, 0.3436617851257324, 0.3018612265586853, 0.1354011744260788, 0.0826847180724144, 0.07290230691432953, 0.05565039440989494, 0.1811019480228424, 0.24346062541007996, 0.16540838778018951, 0.15862125158309937, 0.15562768280506134, 0.17256152629852295, 0.4021976590156555, 0.40427839756011963, 0.17842884361743927, 0.10379519313573837, 0.07205809652805328, 0.08853963762521744, 0.22637735307216644, 0.24168124794960022, 0.145441472530365, 0.2826787233352661, 0.3275996148586273, 0.17730607092380524], "rhythm.beats_position": [0.5108389854431152, 0.9984580278396606, 1.486077070236206, 1.9736961126327515, 2.461315155029297, 2.937324285507202, 3.4133331775665283, 3.8893423080444336, 4.36535120010376, 4.852970600128174, 5.3289794921875, 5.804988384246826, 6.29260778427124, 6.780226707458496, 7.267845630645752, 7.732244968414307, 8.208253860473633, 8.684263229370117, 9.160271644592285, 9.63628101348877, 10.100680351257324, 10.588298797607422, 11.075918197631836, 11.56353759765625, 12.051156044006348, 12.527165412902832, 13.003174781799316, 13.479183197021484, 13.966802597045898, 14.442811965942383, 14.93043041229248, 15.418049812316895, 15.894058227539062, 16.370067596435547, 16.84607696533203, 17.322086334228516, 17.80970573425293, 18.28571319580078, 18.773332595825195, 19.24934196472168, 19.725351333618164, 20.20136070251465, 20.688980102539062, 21.176597595214844, 21.664216995239258, 22.140226364135742, 22.616235733032227, 23.10385513305664, 23.591472625732422, 24.079092025756836, 24.54349136352539, 25.019500732421875, 25.49551010131836, 25.971519470214844, 26.459136962890625, 26.93514633178711, 27.422765731811523, 27.898775100708008, 28.374784469604492, 28.862403869628906, 29.350021362304688, 29.826030731201172, 30.302040100097656, 30.78965950012207, 31.265668869018555, 31.74167823791504, 32.21768569946289, 32.693695068359375, 33.18131637573242, 33.65732192993164, 34.133331298828125, 34.62095260620117, 35.10857009887695, 35.58457946777344, 36.06058883666992, 36.5482063293457, 37.02421569824219, 37.50022506713867, 37.976234436035156, 38.45224380493164, 38.93986511230469, 39.42748260498047, 39.91510009765625], "rhythm.bpm_histogram": [0.0, 0.0, 0.0, 0.0, 0.0, 0.0, 0.0, 0.0, 0.0, 0.0, 0.0, 0.0, 0.0, 0.0, 0.0, 0.0, 0.0, 0.0, 0.0, 0.0, 0.0, 0.0, 0.0, 0.0, 0.0, 0.0, 0.0, 0.0, 0.0, 0.0, 0.0, 0.0, 0.0, 0.0, 0.0, 0.0, 0.0, 0.0, 0.0, 0.0, 0.0, 0.0, 0.0, 0.0, 0.0, 0.0, 0.0, 0.0, 0.0, 0.0, 0.0, 0.0, 0.0, 0.0, 0.0, 0.0, 0.0, 0.0, 0.0, 0.0, 0.0, 0.0, 0.0, 0.0, 0.0, 0.0, 0.0, 0.0, 0.0, 0.0, 0.0, 0.0, 0.0, 0.0, 0.0, 0.0, 0.0, 0.0, 0.0, 0.0, 0.0, 0.0, 0.0, 0.0, 0.0, 0.0, 0.0, 0.0, 0.0, 0.0, 0.0, 0.0, 0.0, 0.0, 0.0, 0.0, 0.0, 0.0, 0.0, 0.0, 0.0, 0.0, 0.0, 0.0, 0.0, 0.0, 0.0, 0.0, 0.0, 0.0, 0.0, 0.0, 0.0, 0.0, 0.0, 0.0, 0.0, 0.0, 0.0, 0.0, 0.0, 0.0, 0.0, 0.4268292784690857, 0.0, 0.0, 0.5365853905677795, 0.0, 0.0, 0.03658536449074745, 0.0, 0.0, 0.0, 0.0, 0.0, 0.0, 0.0, 0.0, 0.0, 0.0, 0.0, 0.0, 0.0, 0.0, 0.0, 0.0, 0.0, 0.0, 0.0, 0.0, 0.0, 0.0, 0.0, 0.0, 0.0, 0.0, 0.0, 0.0, 0.0, 0.0, 0.0, 0.0, 0.0, 0.0, 0.0, 0.0, 0.0, 0.0, 0.0, 0.0, 0.0, 0.0, 0.0, 0.0, 0.0, 0.0, 0.0, 0.0, 0.0, 0.0, 0.0, 0.0, 0.0, 0.0, 0.0, 0.0, 0.0, 0.0, 0.0, 0.0, 0.0, 0.0, 0.0, 0.0, 0.0, 0.0, 0.0, 0.0, 0.0, 0.0, 0.0, 0.0, 0.0, 0.0, 0.0, 0.0, 0.0, 0.0, 0.0, 0.0, 0.0, 0.0, 0.0, 0.0, 0.0, 0.0, 0.0, 0.0, 0.0, 0.0, 0.0, 0.0, 0.0, 0.0, 0.0, 0.0, 0.0, 0.0, 0.0, 0.0, 0.0, 0.0, 0.0, 0.0, 0.0, 0.0, 0.0, 0.0, 0.0, 0.0, 0.0, 0.0, 0.0, 0.0, 0.0, 0.0, 0.0, 0.0, 0.0, 0.0], "tonal.chords_histogram": [49.074073791503906, 6.365740776062012, 2.8935184478759766, 0.0, 0.0, 0.0, 0.0, 0.6944444179534912, 0.0, 1.9675925970077515, 0.0, 0.0, 0.0, 0.0, 0.0, 0.11574073880910873, 4.976851940155029, 0.0, 3.935185194015503, 0.0, 0.0, 0.0, 5.787036895751953, 24.189815521240234], "tonal.thpcp": [1.0, 0.266903281211853, 0.07270355522632599, 0.048794474452733994, 0.07515803724527359, 0.2752022445201874, 0.3146846294403076, 0.18605929613113403, 0.4882712662220001, 0.5894263386726379, 0.2557219862937927, 0.1261092871427536, 0.09663669764995575, 0.07095006108283997, 0.13275155425071716, 0.16625374555587769, 0.14783602952957153, 0.15910203754901886, 0.11628317087888718, 0.10037282109260559, 0.4045763313770294, 0.4913698136806488, 0.3796786963939667, 0.5363073348999023, 0.4273386597633362, 0.14118917286396027, 0.06449934840202332, 0.059554219245910645, 0.05841371417045593, 0.20089459419250488, 0.27395111322402954, 0.15865106880664825, 0.12370099872350693, 0.11974038928747177, 0.2281995266675949, 0.963525652885437], "lowlevel.gfcc.cov": [[15734.2333984375, -6722.57958984375, -1533.5771484375, 885.3463745117188, -1179.0780029296875, 1234.0560302734375, -1542.0968017578125, 1103.8465576171875, -1063.91357421875, 635.2086181640625, -137.9548797607422, 1143.0811767578125, -344.8295593261719], [-6722.57958984375, 4368.31298828125, 514.4732666015625, -762.8580932617188, 637.5556640625, -649.7698974609375, 777.758056640625, -588.2084350585938, 556.850341796875, -288.2042541503906, 211.0172119140625, -553.0847778320312, 292.4368591308594], [-1533.5771484375, 514.4732666015625, 692.8796997070312, 54.0107307434082, 124.90819549560547, -28.492467880249023, 196.76632690429688, -99.42284393310547, 158.898193359375, -13.069463729858398, 53.7427864074707, -18.798999786376953, 24.047433853149414], [885.3463745117188, -762.8580932617188, 54.0107307434082, 626.2692260742188, 8.291424751281738, 73.87728881835938, -75.54219055175781, 148.1917724609375, 7.633428573608398, 35.729740142822266, 14.126459121704102, 119.59657287597656, -8.75821590423584], [-1179.0780029296875, 637.5556640625, 124.90819549560547, 8.291424751281738, 388.22869873046875, 2.8751537799835205, 231.32997131347656, -27.153011322021484, 170.9202423095703, 18.283660888671875, 46.844032287597656, -26.684885025024414, 77.1812515258789], [1234.0560302734375, -649.7698974609375, -28.492467880249023, 73.87728881835938, 2.8751537799835205, 427.9969177246094, 34.91006851196289, 115.07542419433594, -53.1351318359375, 123.81793212890625, 21.109498977661133, 144.18801879882812, 5.683376312255859], [-1542.0968017578125, 777.758056640625, 196.76632690429688, -75.54219055175781, 231.32997131347656, 34.91006851196289, 462.4875793457031, -33.65685272216797, 227.49440002441406, 10.703875541687012, 43.233970642089844, -66.46105194091797, 76.13680267333984], [1103.8465576171875, -588.2084350585938, -99.42284393310547, 148.1917724609375, -27.153011322021484, 115.07542419433594, -33.65685272216797, 259.0784912109375, 27.322328567504883, 73.03022766113281, -6.943800449371338, 117.19597625732422, 1.8325071334838867], [-1063.91357421875, 556.850341796875, 158.898193359375, 7.633428573608398, 170.9202423095703, -53.1351318359375, 227.49440002441406, 27.322328567504883, 325.1772155761719, 60.572532653808594, 44.84272003173828, -50.447425842285156, 61.78570556640625], [635.2086181640625, -288.2042541503906, -13.069463729858398, 35.729740142822266, 18.283660888671875, 123.81793212890625, 10.703875541687012, 73.03022766113281, 60.572532653808594, 189.70643615722656, 43.91489028930664, 81.24298095703125, -12.464886665344238], [-137.9548797607422, 211.0172119140625, 53.7427864074707, 14.126459121704102, 46.844032287597656, 21.109498977661133, 43.233970642089844, -6.943800449371338, 44.84272003173828, 43.91489028930664, 166.34591674804688, 64.77820587158203, 52.89471435546875], [1143.0811767578125, -553.0847778320312, -18.798999786376953, 119.59657287597656, -26.684885025024414, 144.18801879882812, -66.46105194091797, 117.19597625732422, -50.447425842285156, 81.24298095703125, 64.77820587158203, 237.10765075683594, 41.96662139892578], [-344.8295593261719, 292.4368591308594, 24.047433853149414, -8.75821590423584, 77.1812515258789, 5.683376312255859, 76.13680267333984, 1.8325071334838867, 61.78570556640625, -12.464886665344238, 52.89471435546875, 41.96662139892578, 142.2570343017578]], "lowlevel.gfcc.icov": [[0.0003977168526034802, -3.599378760554828e-05, 0.0004168015148025006, -0.0001667286705924198, 0.0004583392001222819, -0.0005273688584566116, 0.0005682308110408485, -0.0006032675155438483, 0.0003286706341896206, -0.0005744494847021997, 0.0003250191221013665, -0.0009470778750255704, 0.0003988394164480269], [-3.599378760554828e-05, 0.002231540158390999, -0.0003044036275241524, 0.0015310049057006836, -0.0014857241185382009, 0.001573742600157857, -0.001206521294079721, 0.0016374390106648207, -0.0010894382139667869, 0.0013854749267920852, -0.0026799608021974564, 0.0027583278715610504, -0.0023837261833250523], [0.0004168015148025006, -0.0003044036275241524, 0.002516835927963257, -0.0007268087938427925, 0.000700759410392493, -0.0008847257122397423, 0.0002042529231403023, 0.0005310762207955122, -0.0007205763831734657, -6.416707765311003e-05, 0.0004819578898604959, -0.0022706501185894012, 0.001502868952229619], [-0.0001667286705924198, 0.0015310049057006836, -0.0007268087938427925, 0.0031774917151778936, -0.0015494158724322915, 0.0011704115895554423, -0.0004610037722159177, 0.00025984851527027786, -0.0011209876975044608, 0.0016244661528617144, -0.0020242698956280947, 0.0015540418680757284, -0.0012722460087388754], [0.0004583392001222819, -0.0014857241185382009, 0.000700759410392493, -0.0015494158724322915, 0.0056000035256147385, -0.0016998283099383116, 1.6921314454521053e-05, -0.0010558480862528086, 4.207230813335627e-05, -0.0017133818473666906, 0.0019904966466128826, -0.0027527865022420883, 0.0008891064208000898], [-0.0005273688584566116, 0.001573742600157857, -0.0008847257122397423, 0.0011704115895554423, -0.0016998283099383116, 0.005848704371601343, -0.0030065388418734074, 0.0008650736999697983, 0.0010404962813481688, -0.0008799650240689516, -0.0017199424328282475, 0.0019653623457998037, -0.0024746006820350885], [0.0005682308110408485, -0.001206521294079721, 0.0002042529231403023, -0.0004610037722159177, 1.6921314454521053e-05, -0.0030065388418734074, 0.0061761182732880116, -0.0015759035013616085, -0.0014582363655790687, -0.0004829381941817701, 0.0015041700098663568, -0.0017260294407606125, 0.001161386026069522], [-0.0006032675155438483, 0.0016374390106648207, 0.0005310762207955122, 0.00025984851527027786, -0.0010558480862528086, 0.0008650736999697983, -0.0015759035013616085, 0.0094956886023283, -0.0040924581699073315, 0.0019417981384322047, -0.0006490445812232792, -0.00025596903287805617, -0.0013783207396045327], [0.0003286706341896206, -0.0010894382139667869, -0.0007205763831734657, -0.0011209876975044608, 4.207230813335627e-05, 0.0010404962813481688, -0.0014582363655790687, -0.0040924581699073315, 0.009187056683003902, -0.0053368816152215, 0.0009516419377177954, 0.001119139022193849, -0.0012839725241065025], [-0.0005744494847021997, 0.0013854749267920852, -6.416707765311003e-05, 0.0016244661528617144, -0.0017133818473666906, -0.0008799650240689516, -0.0004829381941817701, 0.0019417981384322047, -0.0053368816152215, 0.011713232845067978, -0.0037772408686578274, -1.5567586160614155e-05, 0.0018218363402411342], [0.0003250191221013665, -0.0026799608021974564, 0.0004819578898604959, -0.0020242698956280947, 0.0019904966466128826, -0.0017199424328282475, 0.0015041700098663568, -0.0006490445812232792, 0.0009516419377177954, -0.0037772408686578274, 0.011946233920753002, -0.006703847553580999, 0.001074490835890174], [-0.0009470778750255704, 0.0027583278715610504, -0.0022706501185894012, 0.0015540418680757284, -0.0027527865022420883, 0.0019653623457998037, -0.0017260294407606125, -0.00025596903287805617, 0.001119139022193849, -1.5567586160614155e-05, -0.006703847553580999, 0.01584944874048233, -0.007814846001565456], [0.0003988394164480269, -0.0023837261833250523, 0.001502868952229619, -0.0012722460087388754, 0.0008891064208000898, -0.0024746006820350885, 0.001161386026069522, -0.0013783207396045327, -0.0012839725241065025, 0.0018218363402411342, 0.001074490835890174, -0.007814846001565456, 0.014199997298419476]], "lowlevel.mfcc.cov": [[16091.4736328125, -6249.30419921875, -1064.4000244140625, -699.6946411132812, 128.0827178955078, -412.8369140625, -11.462933540344238, 224.1663055419922, -481.15478515625, -327.6924743652344, -436.5469055175781, 399.9095764160156, 161.9589080810547], [-6249.30419921875, 3866.9521484375, 141.10476684570312, -14.86474609375, -130.2030487060547, 110.63361358642578, 41.2208137512207, -218.21470642089844, 198.6018524169922, 52.093624114990234, 179.18984985351562, -95.96167755126953, -95.46734619140625], [-1064.4000244140625, 141.10476684570312, 614.3399047851562, 111.49494934082031, 21.947668075561523, 93.93318939208984, -0.11972443014383316, 36.666114807128906, -0.9686149954795837, 12.82421875, 31.178489685058594, 17.020221710205078, 47.88888168334961], [-699.6946411132812, -14.86474609375, 111.49494934082031, 492.5583801269531, 91.66765594482422, -13.296795845031738, -55.60399627685547, 53.240692138671875, 46.28145217895508, 31.519737243652344, 59.540679931640625, -20.783761978149414, 37.416568756103516], [128.0827178955078, -130.2030487060547, 21.947668075561523, 91.66765594482422, 229.09962463378906, 11.922405242919922, 3.79197359085083, 25.31020164489746, 15.12576961517334, -8.718423843383789, -8.854167938232422, 42.23598861694336, 25.862154006958008], [-412.8369140625, 110.63361358642578, 93.93318939208984, -13.296795845031738, 11.922405242919922, 304.71502685546875, 98.46067810058594, 54.768795013427734, 56.7725715637207, 88.30777740478516, 90.18209075927734, -29.351911544799805, 47.33601379394531], [-11.462933540344238, 41.2208137512207, -0.11972443014383316, -55.60399627685547, 3.79197359085083, 98.46067810058594, 186.82081604003906, 63.72248458862305, -3.4070699214935303, 16.049043655395508, 5.443408489227295, 3.1109566688537598, 9.391648292541504], [224.1663055419922, -218.21470642089844, 36.666114807128906, 53.240692138671875, 25.31020164489746, 54.768795013427734, 63.72248458862305, 187.22018432617188, 75.0352783203125, 44.131370544433594, 32.74591827392578, 3.335709810256958, 49.437564849853516], [-481.15478515625, 198.6018524169922, -0.9686149954795837, 46.28145217895508, 15.12576961517334, 56.7725715637207, -3.4070699214935303, 75.0352783203125, 210.17079162597656, 98.5603256225586, 83.30020141601562, -9.670300483703613, 23.878482818603516], [-327.6924743652344, 52.093624114990234, 12.82421875, 31.519737243652344, -8.718423843383789, 88.30777740478516, 16.049043655395508, 44.131370544433594, 98.5603256225586, 168.42987060546875, 104.59007263183594, -13.122425079345703, 22.825927734375], [-436.5469055175781, 179.18984985351562, 31.178489685058594, 59.540679931640625, -8.854167938232422, 90.18209075927734, 5.443408489227295, 32.74591827392578, 83.30020141601562, 104.59007263183594, 191.22972106933594, 43.77931594848633, 40.25699234008789], [399.9095764160156, -95.96167755126953, 17.020221710205078, -20.783761978149414, 42.23598861694336, -29.351911544799805, 3.1109566688537598, 3.335709810256958, -9.670300483703613, -13.122425079345703, 43.77931594848633, 154.64312744140625, 60.5364990234375], [161.9589080810547, -95.46734619140625, 47.88888168334961, 37.416568756103516, 25.862154006958008, 47.33601379394531, 9.391648292541504, 49.437564849853516, 23.878482818603516, 22.825927734375, 40.25699234008789, 60.5364990234375, 131.8286590576172]], "lowlevel.mfcc.icov": [[0.0002826321288011968, 0.0004183891578577459, 0.00035268598003312945, 0.00030180581961758435, 3.237974306102842e-05, 1.5149259525060188e-05, 2.2462763809016906e-05, -7.638496754225343e-05, 5.540490383282304e-05, 0.00026154646184295416, 6.33169911452569e-05, -0.0004173173801973462, -0.00012579055328387767], [0.0004183891578577459, 0.0009998789755627513, 0.00037141997017897666, 0.00044283075840212405, 0.00016127688286360353, 0.0001106248892028816, -0.00042684387881308794, 0.0007216570083983243, -0.0005937314126640558, 0.0008082955027930439, -0.0004294260579627007, -0.0002642562030814588, -0.00014204806939233094], [0.00035268598003312945, 0.00037141997017897666, 0.00236648041754961, -0.00010124049731530249, 0.00017682567704468966, -0.0008929453906603158, 0.0006275507621467113, -0.0007117665954865515, 0.0006236305343918502, 0.00025763208395801485, 0.0005471045151352882, -0.0011544835288077593, -0.0002815849729813