{"song_id": "1183690582120472586", "download": "https://cdn.discordapp.com/attachments/1135911532732108921/1183690582120472586/chirp.mp4?ex=658940c2&amp", "lyrics": "\u0421\u0442\u0440\u0430\u0431\u0430\u0441\u043a\u043e\u043f \u043c\u0435\u0440\u0446\u0430\u0435\u0442\n\u0412 \u043e\u043f\u0443\u0441\u0442\u0435\u0432\u0448\u0435\u043c \u0437\u0430\u043b\u0435. \n\u041c\u044b \u0441 \u0442\u043e\u0431\u043e\u0439 \u043e\u0434\u043d\u0438, \n\u043b\u044e\u0434\u0438 \u0432 \u0441\u0442\u0440\u0430\u0445\u0435 \u0443\u0431\u0435\u0436\u0430\u043b\u0438. \n\u0417\u0430\u043a\u0440\u0443\u0436\u0438\u043b\u0430\u0441\u044c \u0432 \u0442\u0430\u043d\u0446\u0435\n\u0423 \u0442\u0435\u0431\u044f \u043d\u0435\u0442 \u0448\u0430\u043d\u0441\u043e\u0432, \n\u0415\u0441\u043b\u0438 \u0442\u044b \u0440\u0435\u0448\u0438\u043b\u0430\n\u0421 \u0434\u044c\u044f\u0432\u043e\u043b\u043e\u043c \u0442\u044f\u0433\u0430\u0442\u044c\u0441\u044f... \n[Chorus]\n\u0422\u0435\u0447\u0435\u0442 \u0441\u043b\u044e\u043d\u0430 \u0438\u0437 \u043f\u0440\u0438\u043e\u0442\u043a\u0440\u044b\u0442\u043e\u0439 \u043f\u0430\u0441\u0442\u0438, \n\u041d\u043e \u044f \u043d\u0435 \u0441\u0442\u0430\u043d\u0443 \u0440\u0432\u0430\u0442\u044c \u0442\u0435 \u0431\u044f \u043d\u0430 \u0447\u0430\u0430\u0441\u0442\u0438.\n\u043f\u0440\u043e\u0441\u0442\u043e \u0437\u0430\u0447\u0430\u0440\u043e\u0432\u0430\u043d \u043c\u0443\u0437\u044b\u043a\u043e\u0439 \u0438 \u0442\u0435\u043b\u043e\u043c... \n\u043c\u043e\u044f \u0441\u043b\u0435\u043f\u0430\u044f \u0434\u0438\u0441\u043a\u043e... \u043a\u0430! \u0440\u0430! \u043b\u0435\u0432\u0430!\n\u041c\u043e\u044f... \u0441\u043b\u0435\u043f\u0430\u044f \u0434\u0438\u0441\u043a\u043e \u043a\u043e\u0440\u043e\u043b\u0435\u0432\u0430!", "style": ["hardcore"], "essentia_features": {"lowlevel.average_loudness": 0.9460628628730774, "lowlevel.barkbands_crest.mean": 9.80363655090332, "lowlevel.barkbands_crest.stdev": 4.130867958068848, "lowlevel.barkbands_flatness_db.mean": 0.136112779378891, "lowlevel.barkbands_flatness_db.stdev": 0.04765085130929947, "lowlevel.barkbands_kurtosis.mean": 0.11347568035125732, "lowlevel.barkbands_kurtosis.stdev": 2.008589744567871, "lowlevel.barkbands_skewness.mean": 0.8064534068107605, "lowlevel.barkbands_skewness.stdev": 0.7755736112594604, "lowlevel.barkbands_spread.mean": 35.0373420715332, "lowlevel.barkbands_spread.stdev": 16.694664001464844, "lowlevel.dissonance.mean": 0.4870324432849884, "lowlevel.dissonance.stdev": 0.013631005771458149, "lowlevel.dynamic_complexity": 3.08211088180542, "lowlevel.erbbands_crest.mean": 8.319226264953613, "lowlevel.erbbands_crest.stdev": 3.345806360244751, "lowlevel.erbbands_flatness_db.mean": 0.17886681854724884, "lowlevel.erbbands_flatness_db.stdev": 0.07021642476320267, "lowlevel.erbbands_kurtosis.mean": 1.5153591632843018, "lowlevel.erbbands_kurtosis.stdev": 1.9695206880569458, "lowlevel.erbbands_skewness.mean": -0.2953161299228668, "lowlevel.erbbands_skewness.stdev": 0.6551416516304016, "lowlevel.erbbands_spread.mean": 27.620512008666992, "lowlevel.erbbands_spread.stdev": 15.613041877746582, "lowlevel.hfc.mean": 33.71891784667969, "lowlevel.hfc.stdev": 21.686349868774414, "lowlevel.loudness_ebu128.integrated": -13.842781066894531, "lowlevel.loudness_ebu128.loudness_range": 11.83364486694336, "lowlevel.loudness_ebu128.momentary.mean": -15.966642379760742, "lowlevel.loudness_ebu128.momentary.stdev": 4.631519794464111, "lowlevel.loudness_ebu128.short_term.mean": -15.485055923461914, "lowlevel.loudness_ebu128.short_term.stdev": 4.01938533782959, "lowlevel.melbands_crest.mean": 17.101659774780273, "lowlevel.melbands_crest.stdev": 6.823954105377197, "lowlevel.melbands_flatness_db.mean": 0.16577912867069244, "lowlevel.melbands_flatness_db.stdev": 0.04012726619839668, "lowlevel.melbands_kurtosis.mean": 6.2184739112854, "lowlevel.melbands_kurtosis.stdev": 9.408512115478516, "lowlevel.melbands_skewness.mean": 2.1033451557159424, "lowlevel.melbands_skewness.stdev": 1.386023759841919, "lowlevel.melbands_spread.mean": 36.817115783691406, "lowlevel.melbands_spread.stdev": 18.135082244873047, "lowlevel.pitch_salience.mean": 0.5409651398658752, "lowlevel.pitch_salience.stdev": 0.12520194053649902, "lowlevel.silence_rate_20dB.mean": 1.0, "lowlevel.silence_rate_20dB.stdev": 0.0, "lowlevel.silence_rate_30dB.mean": 0.991309404373169, "lowlevel.silence_rate_30dB.stdev": 0.09281712770462036, "lowlevel.silence_rate_60dB.mean": 0.1871378868818283, "lowlevel.silence_rate_60dB.stdev": 0.390022873878479, "lowlevel.spectral_centroid.mean": 2126.23291015625, "lowlevel.spectral_centroid.stdev": 438.1511535644531, "lowlevel.spectral_complexity.mean": 28.51100730895996, "lowlevel.spectral_complexity.stdev": 13.120948791503906, "lowlevel.spectral_decrease.mean": -8.883890068034361e-09, "lowlevel.spectral_decrease.stdev": 6.708500421837016e-09, "lowlevel.spectral_energy.mean": 0.036588266491889954, "lowlevel.spectral_energy.stdev": 0.026573188602924347, "lowlevel.spectral_energyband_high.mean": 0.0016658948734402657, "lowlevel.spectral_energyband_high.stdev": 0.0018147670198231936, "lowlevel.spectral_energyband_low.mean": 0.020277684554457664, "lowlevel.spectral_energyband_low.stdev": 0.02055715024471283, "lowlevel.spectral_energyband_middle_high.mean": 0.011103233322501183, "lowlevel.spectral_energyband_middle_high.stdev": 0.008294396102428436, "lowlevel.spectral_energyband_middle_low.mean": 0.0038058036006987095, "lowlevel.spectral_energyband_middle_low.stdev": 0.006041200831532478, "lowlevel.spectral_entropy.mean": 7.932291507720947, "lowlevel.spectral_entropy.stdev": 0.29194337129592896, "lowlevel.spectral_flux.mean": 0.09565611183643341, "lowlevel.spectral_flux.stdev": 0.052022095769643784, "lowlevel.spectral_kurtosis.mean": 3.669241189956665, "lowlevel.spectral_kurtosis.stdev": 2.191880226135254, "lowlevel.spectral_rms.mean": 0.005434580612927675, "lowlevel.spectral_rms.stdev": 0.0024821804836392403, "lowlevel.spectral_rolloff.mean": 2235.235595703125, "lowlevel.spectral_rolloff.stdev": 1337.9942626953125, "lowlevel.spectral_skewness.mean": 1.318990707397461, "lowlevel.spectral_skewness.stdev": 0.28001105785369873, "lowlevel.spectral_spread.mean": 4171841.25, "lowlevel.spectral_spread.stdev": 1738987.25, "lowlevel.spectral_strongpeak.mean": 0.5507693886756897, "lowlevel.spectral_strongpeak.stdev": 0.7097604274749756, "lowlevel.zerocrossingrate.mean": 0.07820533961057663, "lowlevel.zerocrossingrate.stdev": 0.0355704203248024, "metadata.audio_properties.analysis.equal_loudness": 0.0, "metadata.audio_properties.analysis.length": 40.04265213012695, "metadata.audio_properties.analysis.sample_rate": 44100.0, "metadata.audio_properties.analysis.start_time": 0.0, "metadata.audio_properties.bit_rate": 114980.0, "metadata.audio_properties.length": 40.042667388916016, "metadata.audio_properties.lossless": 0.0, "metadata.audio_properties.number_channels": 1.0, "metadata.audio_properties.replay_gain": -11.54220199584961, "metadata.audio_properties.sample_rate": 48000.0, "rhythm.beats_count": 76.0, "rhythm.beats_loudness.mean": 0.050340186804533005, "rhythm.beats_loudness.stdev": 0.03255118429660797, "rhythm.bpm": 114.79365539550781, "rhythm.bpm_histogram_first_peak_bpm": 115.0, "rhythm.bpm_histogram_first_peak_weight": 0.21917814016342163, "rhythm.bpm_histogram_second_peak_bpm": 110.0, "rhythm.bpm_histogram_second_peak_spread": 0.0, "rhythm.bpm_histogram_second_peak_weight": 0.02666666731238365, "rhythm.danceability": 0.9736915826797485, "rhythm.onset_rate": 3.3204824924468994, "tonal.chords_changes_rate": 0.0347222238779068, "tonal.chords_number_rate": 0.009259259328246117, "tonal.chords_strength.mean": 0.5580618381500244, "tonal.chords_strength.stdev": 0.07811056077480316, "tonal.hpcp_crest.mean": 13.091796875, "tonal.hpcp_crest.stdev": 7.124361038208008, "tonal.hpcp_entropy.mean": 2.1796953678131104, "tonal.hpcp_entropy.stdev": 0.8700687289237976, "tonal.key_edma.strength": 0.7632938027381897, "tonal.key_krumhansl.strength": 0.7756969332695007, "tonal.key_temperley.strength": 0.770350456237793, "tonal.tuning_diatonic_strength": 0.5973454713821411, "tonal.tuning_equal_tempered_deviation": 0.29602596163749695, "tonal.tuning_frequency": 434.193115234375, "tonal.tuning_nontempered_energy_ratio": 0.9732770323753357, "lowlevel.barkbands.mean": [0.0025534378364682198, 0.013656682334840298, 0.0038426246028393507, 0.001112499856390059, 0.0013092018198221922, 0.000301977910567075, 0.00040574901504442096, 0.00030926597537472844, 0.0003080354363191873, 0.0005867818836122751, 0.0014138302067294717, 0.0013795919949188828, 0.0006984535721130669, 0.001630153739824891, 0.001478473306633532, 0.0011659309966489673, 0.001205893000587821, 0.0009162903879769146, 0.000532403530087322, 0.00027289832360111177, 0.00036124137113802135, 0.00040025648195296526, 0.00034280429827049375, 0.00020403262169566005, 0.00014088365423958749, 5.87887225265149e-05, 1.1772814190180725e-07], "lowlevel.barkbands.stdev": [0.003426073584705591, 0.017361242324113846, 0.004895740654319525, 0.0017746181692928076, 0.004123175051063299, 0.000718393421266228, 0.0008843790274113417, 0.0004725957114715129, 0.0004712740483228117, 0.0008711536065675318, 0.0024329747539013624, 0.0022006919607520103, 0.0011810293653979897, 0.002248448319733143, 0.002150770276784897, 0.0016055464511737227, 0.0012435875833034515, 0.0011116678360849619, 0.0006066291243769228, 0.00030681665521115065, 0.00044295747647993267, 0.0005124667077325284, 0.0004418216703925282, 0.0002934043586719781, 0.0002570551005192101, 0.00014384539099410176, 7.053260446809873e-07], "lowlevel.erbbands.mean": [0.584143877029419, 2.2870020866394043, 4.773283004760742, 3.8831868171691895, 5.011562824249268, 3.1250829696655273, 2.850471019744873, 2.6399717330932617, 5.409246444702148, 5.991687297821045, 7.559782028198242, 6.859541893005371, 12.171948432922363, 32.43952560424805, 65.13883209228516, 46.296695709228516, 33.77836608886719, 59.2576904296875, 94.26087188720703, 69.05127716064453, 67.54550170898438, 72.0785903930664, 50.89289855957031, 39.83997344970703, 18.072786331176758, 13.047855377197266, 15.624327659606934, 12.977027893066406, 14.640812873840332, 13.268884658813477, 8.780098915100098, 4.88395881652832, 3.1425135135650635, 1.8360815048217773, 0.8580124378204346, 0.387405663728714, 0.08116017282009125, 0.00499739870429039, 0.00013840901374351233, 5.3524090617429465e-05], "lowlevel.erbbands.stdev": [0.8336186408996582, 3.3161673545837402, 6.180173397064209, 4.61783504486084, 15.839604377746582, 9.809317588806152, 4.976134300231934, 6.648655891418457, 14.671614646911621, 10.664050102233887, 10.458436012268066, 9.648157119750977, 16.194501876831055, 50.05743408203125, 98.95966339111328, 71.45271301269531, 54.027854919433594, 86.3104019165039, 122.38375091552734, 94.02620697021484, 83.72549438476562, 73.71672058105469, 58.04777526855469, 49.50660705566406, 19.11174774169922, 14.375890731811523, 19.48516845703125, 16.160655975341797, 18.901321411132812, 17.325462341308594, 11.288529396057129, 6.757401943206787, 4.617763519287109, 3.079270124435425, 1.7730110883712769, 0.9261356592178345, 0.20266257226467133, 0.014149148017168045, 0.0002985225000884384, 3.723444024217315e-05], "lowlevel.gfcc.mean": [5.973951816558838, 55.4929313659668, -157.29290771484375, 46.212799072265625, -45.93006896972656, 39.76957702636719, -30.681020736694336, 18.747779846191406, -13.814380645751953, 4.6063737869262695, -12.697978973388672, 3.3064217567443848, -9.656303405761719], "lowlevel.melbands.mean": [0.004435020033270121, 0.0025608022697269917, 0.000724503246601671, 0.000310014933347702, 0.00010000591282732785, 6.268361903494224e-05, 7.959630602272227e-05, 6.700498488498852e-05, 6.28104608040303e-05, 3.9851933252066374e-05, 6.2967897974886e-05, 0.0001245383609784767, 0.00021349186135921627, 0.00017917173681780696, 7.677252870053053e-05, 7.375021232292056e-05, 0.00011740402260329574, 0.00016360502922907472, 0.00010797860886668786, 7.927321712486446e-05, 7.725691830273718e-05, 7.630477921338752e-05, 5.612234599539079e-05, 3.9978873246582225e-05, 3.236848351662047e-05, 1.5988593077054247e-05, 8.853083272697404e-06, 8.501830961904489e-06, 9.756309736985713e-06, 9.00096074474277e-06, 6.957258392503718e-06, 8.148860615619924e-06, 7.928430022730026e-06, 7.393089163088007e-06, 5.453089215734508e-06, 3.5733280583372107e-06, 2.784076059469953e-06, 2.2904484922037227e-06, 1.7821688516050926e-06, 1.4738070603925735e-06], "lowlevel.melbands.stdev": [0.0057610757648944855, 0.0031919756438583136, 0.001005989615805447, 0.001019343500956893, 0.0001767226931406185, 0.00015982685727067292, 0.00020217041310388595, 0.00011145802272949368, 8.799900388112292e-05, 5.844074985361658e-05, 9.014243551064283e-05, 0.0001910067949211225, 0.0003474077384453267, 0.0002911629853770137, 0.00012805066944565624, 0.0001224685402121395, 0.0001801344333216548, 0.00021898237173445523, 0.0001600465038791299, 0.00011791013821493834, 9.539836901240051e-05, 8.09588236734271e-05, 6.175145244924352e-05, 5.311882705427706e-05, 4.1965089621953666e-05, 1.8075883417623118e-05, 1.0050758646684699e-05, 9.986873919842765e-06, 1.2615843843377661e-05, 1.1218778126931284e-05, 9.221802429237869e-06, 1.0685005690902472e-05, 1.062190676748287e-05, 1.0006454431277234e-05, 7.210800049506361e-06, 4.756427188112866e-06, 4.132490630581742e-06, 3.412671503610909e-06, 2.7630478598439367e-06, 2.6752513804240152e-06], "lowlevel.melbands128.mean": [0.0021841563284397125, 0.005565532948821783, 0.004728086292743683, 0.0035398732870817184, 0.0028197288047522306, 0.0016246781451627612, 0.0007539829239249229, 0.0005342798540368676, 0.0005400076042860746, 0.0003578293835744262, 0.00010722583829192445, 0.00011952638305956498, 0.00010722013394115493, 6.062390093575232e-05, 5.0428938266122714e-05, 5.832564056618139e-05, 0.00010725043102866039, 7.504037785110995e-05, 5.6309960200451314e-05, 7.095832552295178e-05, 6.712278991471976e-05, 7.701082358835265e-05, 5.150968718226068e-05, 6.853324157418683e-05, 4.564972186926752e-05, 2.7464007871458307e-05, 2.756952198978979e-05, 4.472278305911459e-05, 0.0001282544544665143, 8.648143557365984e-05, 0.00011256192374275997, 0.000215466323425062, 0.00022592881578020751, 0.00019442556367721409, 0.0002602438034955412, 0.00015783519484102726, 7.643258140888065e-05, 8.45890463097021e-05, 6.203210796229541e-05, 7.49783284845762e-05, 6.96064016665332e-05, 8.383341628359631e-05, 9.010776557261124e-05, 0.0001359372545266524, 0.00021873442165087909, 0.00014761109196115285, 0.00013832541299052536, 0.00010746369662228972, 0.0001010723426588811, 8.64343746798113e-05, 6.69494693283923e-05, 8.138062548823655e-05, 9.043393220053986e-05, 6.486978236353025e-05, 7.153486512834206e-05, 8.374935714527965e-05, 7.961192022776231e-05, 5.468117160489783e-05, 5.4494703363161534e-05, 4.117401840630919e-05, 3.856756302411668e-05, 3.937607107218355e-05, 3.7899237213423476e-05, 3.1253315682988614e-05, 2.1805073629366234e-05, 1.6355743355234154e-05, 1.1965651538048405e-05, 9.20404818316456e-06, 8.11613972473424e-06, 8.378015081689227e-06, 7.955990440677851e-06, 8.768478437559679e-06, 9.64832906902302e-06, 9.962956937670242e-06, 9.746803698362783e-06, 1.0271418432239443e-05, 7.900766831880901e-06, 7.2434077083016746e-06, 6.6692095970211085e-06, 6.755538379366044e-06, 7.730307515885215e-06, 8.795185749477241e-06, 9.185281669488177e-06, 7.666570127184968e-06, 7.029043899819953e-06, 7.508843282266753e-06, 7.534329142799834e-06, 7.236127657961333e-06, 5.181211236049421e-06, 4.505190190684516e-06, 3.833557457255665e-06, 3.503045036268304e-06, 2.742898232099833e-06, 2.803659299388528e-06, 2.7960397801507497e-06, 2.408912450846401e-06, 2.1997659587214002e-06, 2.1149369331396883e-06, 1.7400375327270012e-06, 1.635197577343206e-06, 1.6625169791950611e-06, 1.475834892517014e-06, 1.216945975102135e-06, 1.1041585139537347e-06, 8.743148214307439e-07, 8.247789082815871e-07, 9.01778832940181e-07, 8.037523002712987e-07, 6.62838544940314e-07, 5.931310056439543e-07, 4.6182063329069933e-07, 2.778343741738354e-07, 2.3133414117637585e-07, 1.6100689492759557e-07, 7.942715285480517e-08, 3.225629541248054e-08, 4.888071725162035e-09, 2.679114430303997e-10, 2.304660455532126e-11, 4.6733242275998066e-12, 4.541291388077129e-12, 4.4401153760642575e-12, 4.332180447708112e-12, 4.247660383149832e-12, 4.148079015692252e-12, 4.033697854899376e-12, 3.964627671299015e-12, 3.93655984545771e-12], "lowlevel.melbands128.stdev": [0.0030724371317774057, 0.008397841826081276, 0.00734860310330987, 0.005556090734899044, 0.003987628035247326, 0.002031291602179408, 0.0009643276571296155, 0.0010725827887654305, 0.0020253572147339582, 0.0013480238849297166, 0.0003944594063796103, 0.0002223202754976228, 0.00019932964642066509, 0.0001511825539637357, 0.00013180945825297385, 0.000261125125689432, 0.0003770476032514125, 0.00020801284699700773, 0.0001606636942597106, 0.00015758803056087345, 0.00011594238458201289, 0.00013782303722109646, 9.85199076239951e-05, 0.00013866755762137473, 8.251657709479332e-05, 5.8962308685295284e-05, 6.933110853424296e-05, 6.83018661220558e-05, 0.00022559250646736473, 0.00017077011580113322, 0.0002380145015195012, 0.0004618058155756444, 0.0004596360959112644, 0.0003789174952544272, 0.0004808143712580204, 0.0003265146806370467, 0.00016974793106783181, 0.0001624740252736956, 0.00015428401820827276, 0.0001495534961577505, 0.00013417890295386314, 0.00017880626546684653, 0.00018918952264357358, 0.0002768289123196155, 0.00033121847081929445, 0.00024226124514825642, 0.0002901175757870078, 0.00018686401017475873, 0.00019676725787576288, 0.00014459648809861392, 0.0001230808993568644, 0.0001619526301510632, 0.00013654360373038799, 8.86969719431363e-05, 9.145683725364506e-05, 0.00010082373046316206, 0.00010326165647711605, 6.79359509376809e-05, 7.333778194151819e-05, 5.825379048474133e-05, 6.658626807620749e-05, 5.712558777304366e-05, 5.77721802983433e-05, 4.684620216721669e-05, 3.087416916969232e-05, 2.1104415282025002e-05, 1.5464336684090085e-05, 1.1979271221207455e-05, 1.100425924960291e-05, 1.0057244253403042e-05, 1.1266901310591493e-05, 1.2024241186736617e-05, 1.3171711543691345e-05, 1.525238167232601e-05, 1.5291183444787748e-05, 1.4273219676397275e-05, 1.0667506103345659e-05, 1.0610060598992277e-05, 9.895515177049674e-06, 1.0261246643494815e-05, 1.077485012501711e-05, 1.2635709026653785e-05, 1.372492260998115e-05, 1.1167459888383746e-05, 1.0617584848660044e-05, 1.1256669495196547e-05, 1.1519349754962604e-05, 1.0296624168404378e-05, 7.601418474223465e-06, 6.396206117642578e-06, 5.590026376012247e-06, 5.1009551498282235e-06, 4.388874003780074e-06, 4.6998507059470285e-06, 4.277313109923853e-06, 3.80720507564547e-06, 3.6334949982119724e-06, 3.6223893857822986e-06, 2.951949454654823e-06, 2.7246360332355835e-06, 2.8960630515939556e-06, 2.988634378198185e-06, 2.66698452833225e-06, 2.6523607630224433e-06, 2.0258464701328194e-06, 1.7886128489408293e-06, 2.0575168946379563e-06, 2.0048530586791458e-06, 1.8963736465593684e-06, 1.5166473303906969e-06, 1.1790541520895204e-06, 7.235253178805579e-07, 6.489626116490399e-07, 4.922085281577893e-07, 2.7652347966977686e-07, 1.3225670159044967e-07, 2.5743117859633458e-08, 5.388951063167724e-09, 7.504213361819723e-10, 7.909188928789668e-12, 7.69467996264428e-12, 7.511195658504999e-12, 7.345629313149082e-12, 7.210051566203246e-12, 7.096141816514967e-12, 7.005317333164118e-12, 6.940111679787364e-12, 6.8999177031681125e-12], "lowlevel.mfcc.mean": [-618.9558715820312, 75.23816680908203, -34.358131408691406, 13.3549165725708, 11.482633590698242, 19.708251953125, 4.713835716247559, 17.82320785522461, 7.390339374542236, 5.602994918823242, 5.249253749847412, 6.030913829803467, 4.835931301116943], "lowlevel.spectral_contrast_coeffs.mean": [-0.757509171962738, -0.7814221978187561, -0.7616510391235352, -0.7812758088111877, -0.788536012172699, -0.7353675961494446], "lowlevel.spectral_contrast_coeffs.stdev": [0.066855289041996, 0.06765108555555344, 0.06025374308228493, 0.04401043802499771, 0.0331658273935318, 0.030971795320510864], "lowlevel.spectral_contrast_valleys.mean": [-7.37992000579834, -7.269760608673096, -7.1127495765686035, -6.850279331207275, -6.893294811248779, -9.84548568725586], "lowlevel.spectral_contrast_valleys.stdev": [1.9164011478424072, 0.9941327571868896, 0.9812084436416626, 0.8972380757331848, 0.8511207699775696, 1.3454750776290894], "rhythm.beats_loudness_band_ratio.mean": [0.4856921136379242, 0.06708087027072906, 0.059558529406785965, 0.17194081842899323, 0.2159818559885025, 0.05093987286090851], "rhythm.beats_loudness_band_ratio.stdev": [0.2918347120285034, 0.11148373037576675, 0.08541840314865112, 0.1626414954662323, 0.17054332792758942, 0.028592150658369064], "tonal.hpcp.mean": [0.11499825119972229, 0.10603855550289154, 0.07772339880466461, 0.06815177202224731, 0.07442660629749298, 0.07758063822984695, 0.1423407942056656, 0.17631122469902039, 0.11177723854780197, 0.07161232829093933, 0.0709724873304367, 0.09872602671384811, 0.2668801546096802, 0.3413662612438202, 0.18657493591308594, 0.0825960710644722, 0.06683909147977829, 0.06902729719877243, 0.12242143601179123, 0.16476678848266602, 0.12104163318872452, 0.1361369490623474, 0.18903903663158417, 0.16248682141304016, 0.130504310131073, 0.09439525008201599, 0.05875779688358307, 0.10022716969251633, 0.1617974042892456, 0.13369925320148468, 0.0777396485209465, 0.06771653145551682, 0.06945942342281342, 0.19842633605003357, 0.3504335284233093, 0.24446184933185577], "tonal.hpcp.stdev": [0.22548134624958038, 0.22937430441379547, 0.174974262714386, 0.13333596289157867, 0.14467088878154755, 0.12753473222255707, 0.2151000201702118, 0.2746753394603729, 0.18496167659759521, 0.13704442977905273, 0.12355566024780273, 0.16205736994743347, 0.2886280417442322, 0.3525540828704834, 0.2277734875679016, 0.17872610688209534, 0.1630803793668747, 0.15904706716537476, 0.19874674081802368, 0.25880250334739685, 0.19645391404628754, 0.23489733040332794, 0.2967086732387543, 0.2662557065486908, 0.22715014219284058, 0.1753617525100708, 0.1353273093700409, 0.2065785825252533, 0.29673343896865845, 0.25290101766586304, 0.16058194637298584, 0.14763763546943665, 0.14474225044250488, 0.21693278849124908, 0.36788496375083923, 0.2677430212497711], "rhythm.beats_position": [0.54566890001297, 1.09133780002594, 1.6370067596435547, 2.1710658073425293, 2.705124616622925, 3.2275736331939697, 3.7500226497650146, 4.2724714279174805, 4.806530475616455, 5.3289794921875, 5.851428508758545, 6.37387752532959, 6.896326541900635, 7.41877555847168, 7.941224575042725, 8.45206356048584, 8.974512100219727, 9.49696159362793, 10.019410133361816, 10.54185962677002, 11.064308166503906, 11.586756706237793, 12.109206199645996, 12.631654739379883, 13.154104232788086, 13.676552772521973, 14.199002265930176, 14.721450805664062, 15.243900299072266, 15.766348838806152, 16.28879737854004, 16.811246871948242, 17.333696365356445, 17.844533920288086, 18.36698341369629, 18.889432907104492, 19.411882400512695, 19.922719955444336, 20.44516944885254, 20.967618942260742, 21.490068435668945, 22.012516021728516, 22.53496551513672, 23.057415008544922, 23.591472625732422, 24.102312088012695, 24.6247615814209, 25.1472110748291, 25.6812686920166, 26.192108154296875, 26.714557647705078, 27.23700714111328, 27.75945472717285, 28.281904220581055, 28.804353713989258, 29.326801300048828, 29.84925079345703, 30.360090255737305, 30.882539749145508, 31.416597366333008, 31.93904685974121, 32.46149444580078, 32.983943939208984, 33.50639343261719, 34.017234802246094, 34.53968048095703, 35.062129974365234, 35.58457946777344, 36.10702896118164, 36.61786651611328, 37.140316009521484, 37.67437744140625, 38.19682312011719, 38.707664489746094, 39.2301139831543, 39.7525634765625], "rhythm.bpm_histogram": [0.0, 0.0, 0.0, 0.0, 0.0, 0.0, 0.0, 0.0, 0.0, 0.0, 0.0, 0.0, 0.0, 0.0, 0.0, 0.0, 0.0, 0.0, 0.0, 0.0, 0.0, 0.0, 0.0, 0.0, 0.0, 0.0, 0.0, 0.0, 0.0, 0.0, 0.0, 0.0, 0.0, 0.0, 0.0, 0.0, 0.0, 0.0, 0.0, 0.0, 0.0, 0.0, 0.0, 0.0, 0.0, 0.0, 0.0, 0.0, 0.0, 0.0, 0.0, 0.0, 0.0, 0.0, 0.0, 0.0, 0.0, 0.0, 0.0, 0.0, 0.0, 0.0, 0.0, 0.0, 0.0, 0.0, 0.0, 0.0, 0.0, 0.0, 0.0, 0.0, 0.0, 0.0, 0.0, 0.0, 0.0, 0.0, 0.0, 0.0, 0.0, 0.0, 0.0, 0.0, 0.0, 0.0, 0.0, 0.0, 0.0, 0.0, 0.0, 0.0, 0.0, 0.0, 0.0, 0.0, 0.0, 0.0, 0.0, 0.0, 0.0, 0.0, 0.0, 0.0, 0.0, 0.0, 0.0, 0.0, 0.0, 0.0, 0.02666666731238365, 0.0, 0.09333333373069763, 0.0, 0.0, 0.7599999904632568, 0.0, 0.11999999731779099, 0.0, 0.0, 0.0, 0.0, 0.0, 0.0, 0.0, 0.0, 0.0, 0.0, 0.0, 0.0, 0.0, 0.0, 0.0, 0.0, 0.0, 0.0, 0.0, 0.0, 0.0, 0.0, 0.0, 0.0, 0.0, 0.0, 0.0, 0.0, 0.0, 0.0, 0.0, 0.0, 0.0, 0.0, 0.0, 0.0, 0.0, 0.0, 0.0, 0.0, 0.0, 0.0, 0.0, 0.0, 0.0, 0.0, 0.0, 0.0, 0.0, 0.0, 0.0, 0.0, 0.0, 0.0, 0.0, 0.0, 0.0, 0.0, 0.0, 0.0, 0.0, 0.0, 0.0, 0.0, 0.0, 0.0, 0.0, 0.0, 0.0, 0.0, 0.0, 0.0, 0.0, 0.0, 0.0, 0.0, 0.0, 0.0, 0.0, 0.0, 0.0, 0.0, 0.0, 0.0, 0.0, 0.0, 0.0, 0.0, 0.0, 0.0, 0.0, 0.0, 0.0, 0.0, 0.0, 0.0, 0.0, 0.0, 0.0, 0.0, 0.0, 0.0, 0.0, 0.0, 0.0, 0.0, 0.0, 0.0, 0.0, 0.0, 0.0, 0.0, 0.0, 0.0, 0.0, 0.0, 0.0, 0.0, 0.0, 0.0, 0.0, 0.0, 0.0, 0.0, 0.0, 0.0, 0.0, 0.0, 0.0, 0.0, 0.0, 0.0], "tonal.chords_histogram": [49.76852035522461, 2.1990740299224854, 8.912036895751953, 12.847222328186035, 0.0, 1.0416666269302368, 0.0, 7.754629611968994, 0.0, 1.2731481790542603, 0.0, 0.0, 0.0, 0.0, 0.0, 0.0, 0.0, 0.0, 0.0, 0.0, 0.0, 0.0, 0.46296295523643494, 15.740740776062012], "tonal.thpcp": [1.0, 0.6975983381271362, 0.32815995812416077, 0.3025924861431122, 0.22179213166236877, 0.19447845220565796, 0.21238437294960022, 0.22138474881649017, 0.4061848521232605, 0.5031231641769409, 0.31896844506263733, 0.20435352623462677, 0.20252767205238342, 0.2817254066467285, 0.7615714073181152, 0.9741255640983582, 0.5324117541313171, 0.23569682240486145, 0.19073258340358734, 0.19697687029838562, 0.34934282302856445, 0.47017985582351685, 0.3454053997993469, 0.3884815275669098, 0.5394433736801147, 0.46367374062538147, 0.3724081814289093, 0.2693670690059662, 0.16767174005508423, 0.2860090732574463, 0.46170639991760254, 0.38152527809143066, 0.22183850407600403, 0.19323645532131195, 0.1982099860906601, 0.5662310123443604], "lowlevel.gfcc.cov": [[10870.7490234375, 915.2691040039062, 4495.8720703125, 2485.31982421875, 1365.18994140625, 1352.5107421875, -426.2890319824219, 94.23934936523438, -716.5831298828125, -43.13687515258789, -599.07470703125, 584.7160034179688, -333.8086853027344], [915.2691040039062, 688.260986328125, 328.4085998535156, 348.5848693847656, 242.73846435546875, 115.4928207397461, 19.18467140197754, -49.57843017578125, -5.940799713134766, -74.74992370605469, 9.36034107208252, 27.74691390991211, 37.06338882446289], [4495.8720703125, 328.4085998535156, 2680.3203125, 1288.5799560546875, 653.2406005859375, 617.6466674804688, -256.7752990722656, 36.351009368896484, -422.0267028808594, 7.81397819519043, -336.3701171875, 306.92938232421875, -187.21536254882812], [2485.31982421875, 348.5848693847656, 1288.5799560546875, 834.045166015625, 429.3811950683594, 328.48358154296875, -104.75157928466797, 27.35333824157715, -148.1725311279297, -27.256303787231445, -163.5244903564453, 132.5026397705078, -70.27734375], [1365.18994140625, 242.73846435546875, 653.2406005859375, 429.3811950683594, 419.9468078613281, 319.5633239746094, 26.63665771484375, 59.23385238647461, -54.001399993896484, -18.307283401489258, -75.30841827392578, 89.45994567871094, -7.985973358154297], [1352.5107421875, 115.4928207397461, 617.6466674804688, 328.48358154296875, 319.5633239746094, 404.75360107421875, 87.74384307861328, 63.356964111328125, -100.76900482177734, -23.806468963623047, -68.08429718017578, 101.20852661132812, -20.44219207763672], [-426.2890319824219, 19.18467140197754, -256.7752990722656, -104.75157928466797, 26.63665771484375, 87.74384307861328, 195.65719604492188, 62.53721618652344, 53.785945892333984, -23.45465087890625, 45.773216247558594, -9.431662559509277, 38.48848342895508], [94.23934936523438, -49.57843017578125, 36.351009368896484, 27.35333824157715, 59.23385238647461, 63.356964111328125, 62.53721618652344, 115.82530212402344, 52.19301223754883, 5.705686092376709, -15.910967826843262, 12.854187965393066, 5.026145935058594], [-716.5831298828125, -5.940799713134766, -422.0267028808594, -148.1725311279297, -54.001399993896484, -100.76900482177734, 53.785945892333984, 52.19301223754883, 179.90567016601562, 35.518287658691406, 69.2406997680664, -53.76829147338867, 39.96067428588867], [-43.13687515258789, -74.74992370605469, 7.81397819519043, -27.256303787231445, -18.307283401489258, -23.806468963623047, -23.45465087890625, 5.705686092376709, 35.518287658691406, 85.11988830566406, 32.22688293457031, 9.748050689697266, -17.13121795654297], [-599.07470703125, 9.36034107208252, -336.3701171875, -163.5244903564453, -75.30841827392578, -68.08429718017578, 45.773216247558594, -15.910967826843262, 69.2406997680664, 32.22688293457031, 129.55682373046875, 9.021973609924316, 41.92987823486328], [584.7160034179688, 27.74691390991211, 306.92938232421875, 132.5026397705078, 89.45994567871094, 101.20852661132812, -9.431662559509277, 12.854187965393066, -53.76829147338867, 9.748050689697266, 9.021973609924316, 117.10688781738281, 21.270174026489258], [-333.8086853027344, 37.06338882446289, -187.21536254882812, -70.27734375, -7.985973358154297, -20.44219207763672, 38.48848342895508, 5.026145935058594, 39.96067428588867, -17.13121795654297, 41.92987823486328, 21.270174026489258, 108.2540512084961]], "lowlevel.gfcc.icov": [[0.000624517968390137, -0.0006721426616422832, 0.00045080529525876045, -0.0010715567041188478, 0.0006872096564620733, -0.001615114277228713, 0.0014766124077141285, -0.0008881569956429303, 0.0007099852082319558, -0.0009259369107894599, 0.0013509431155398488, -0.0017062067054212093, 0.0009051710367202759], [-0.0006721426616422832, 0.0044763279147446156, -0.0015866884496062994, 0.000105274812085554, -0.0027443256694823503, 0.003064325312152505, -0.0031332988291978836, 0.004500513896346092, -0.003215502481907606, 0.005329458974301815, -0.005044982302933931, 0.0038262929301708937, -0.0017669964581727982], [0.00045080529525876045, -0.0015866884496062994, 0.005321426782757044, -0.004908525384962559, 0.0015081755118444562, -0.002933722920715809, 0.003373067593201995, -0.003459009574726224, 0.005623900331556797, -0.005832863040268421, 0.005599151831120253, -0.006049321964383125, 0.002489132806658745], [-0.0010715567041188478, 0.000105274812085554, -0.004908525384962559, 0.010542517527937889, -0.004282922018319368, 0.003492349060252309, -0.002057955600321293, 0.00308146420866251, -0.00576522434130311, 0.005315043963491917, -0.002124990802258253, 0.003248851280659437, -0.000898884900379926], [0.0006872096564620733, -0.0027443256694823503, 0.0015081755118444562, -0.004282922018319368, 0.011993566527962685, -0.009219012223184109, 0.003765074536204338, -0.0029707883950322866, -0.0007607137085869908, -0.0032154323998838663, 0.003825554857030511, -0.0027684622909873724, -0.00033615503343753517], [-0.001615114277228713, 0.003064325312152505, -0.002933722920715809, 0.003492349060252309, -0.009219012223184109, 0.01697535254061222, -0.011746772564947605, 0.002996765309944749, 0.0011613270035013556, 0.0030139910522848368, -0.00398649275302887, 0.0029924942646175623, -0.0012687406269833446], [0.0014766124077141285, -0.0031332988291978836, 0.003373067593201995, -0.002057955600321293, 0.003765074536204338, -0.011746772564947605, 0.01887434720993042, -0.010269641876220703, 0.003366792108863592, -0.000201325339730829, -0.0007504503591917455, -0.0018397991079837084, 0.0013266917085275054], [-0.0008881569956429303, 0.004500513896346092, -0.003459009574726224, 0.00308146420866251, -0.0029707883950322866, 0.002996765309944749, -0.010269641876220703, 0.025157125666737556, -0.01651805080473423, 0.006279404740780592, 0.004336173180490732, -0.003524528117850423, 0.0006729754386469722], [0.0007099852082319558, -0.003215502481907606, 0.005623900331556797, -0.00576522434130311, -0.0007607137085869908, 0.0011613270035013556, 0.003366792108863592, -0.01651805080473423, 0.026781920343637466, -0.014125686138868332, -0.002322241896763444, 0.004890197888016701, -0.0031764248851686716], [-0.0009259369107894599, 0.005329458974301815, -0.005832863040268421, 0.005315043963491917, -0.0032154323998838663, 0.0030139910522848368, -0.000201325339730829, 0.006279404740780592, -0.014125686138868332, 0.029145238921046257, -0.013513288460671902, 0.003328044433146715, 0.0032019265927374363], [0.0013509431155398488, -0.005044982302933931, 0.005599151831120253, -0.002124990802258253, 0.003825554857030511, -0.00398649275302887, -0.0007504503591917455, 0.004336173180490732, -0.002322241896763444, -0.013513288460671902, 0.03177522495388985, -0.021010100841522217, 0.004331045318394899], [-0.0017062067054212093, 0.0038262929301708937, -0.006049321964383125, 0.003248851280659437, -0.0027684622909873724, 0.0029924942646175623, -0.0018397991079837084, -0.003524528117850423, 0.004890197888016701, 0.003328044433146715, -0.021010100841522217, 0.034154415130615234, -0.013596707955002785], [0.0009051710367202759, -0.0017669964581727982, 0.002489132806658745, -0.000898884900379926, -0.00033615503343753517, -0.0012687406269833446, 0.0013266917085275054, 0.0006729754386469722, -0.0031764248851686716, 0.0032019265927374363, 0.004331045318394899, -0.013596707955002785, 0.018260762095451355]], "lowlevel.mfcc.cov": [[8125.5888671875, 523.026611328125, 3043.13134765625, 1518.1832275390625, 1897.3067626953125, 1212.9375, 612.8019409179688, 557.701171875, 149.81619262695312, -241.08277893066406, -74.93656921386719, -227.7333526611328, -156.14630126953125], [523.026611328125, 411.84173583984375, 126.45604705810547, 155.3556365966797, 164.9829864501953, 131.58197021484375, 62.62490463256836, 64.55793762207031, 11.343856811523438, -22.78953742980957, -19.388965606689453, -11.307914733886719, 7.185858249664307], [3043.13134765625, 126.45604705810547, 1799.2462158203125, 787.9183959960938, 870.3795166015625, 519.7802734375, 272.3505859375, 182.81626892089844, 23.41682243347168, -152.39578247070312, -65.46187591552734, -140.51516723632812, -80.1395492553711], [1518.1832275390625, 155.3556365966797, 787.9183959960938, 547.550048828125, 483.1105041503906, 244.85858154296875, 79.83870697021484, 93.1666030883789, 35.162410736083984, -41.507530212402344, -31.200557708740234, -74.16206359863281, -27.39602279663086], [1897.3067626953125, 164.9829864501953, 870.3795166015625, 483.1105041503906, 670.9447021484375, 377.71807861328125, 182.2065887451172, 168.1730194091797, 75.12638854980469, -38.63261032104492, -28.724849700927734, -76.05940246582031, -31.476646423339844], [1212.9375, 131.58197021484375, 519.7802734375, 244.85858154296875, 377.71807861328125, 348.7492370605469, 209.85865783691406, 146.9812469482422, 43.90464782714844, -31.827312469482422, -13.775959014892578, -37.41526794433594, -24.809993743896484], [612.8019409179688, 62.62490463256836, 272.3505859375, 79.83870697021484, 182.2065887451172, 209.85865783691406, 218.18267822265625, 144.49867248535156, 41.9301872253418, -28.66758155822754, -8.838178634643555, -19.778671264648438, -18.604721069335938], [557.701171875, 64.55793762207031, 182.81626892089844, 93.1666030883789, 168.1730194091797, 146.9812469482422, 144.49867248535156, 192.0608367919922, 86.91144561767578, 6.574342727661133, -1.2073910236358643, -20.26643180847168, -7.392727375030518], [149.81619262695312, 11.343856811523438, 23.41682243347168, 35.162410736083984, 75.12638854980469, 43.90464782714844, 41.9301872253418, 86.91144561767578, 109.99980163574219, 54.63325119018555, 5.934386253356934, -16.23494529724121, -10.24400806427002], [-241.08277893066406, -22.78953742980957, -152.39578247070312, -41.507530212402344, -38.63261032104492, -31.827312469482422, -28.66758155822754, 6.574342727661133, 54.63325119018555, 96.95697784423828, 38.05929183959961, 16.23356819152832, 2.867119550704956], [-74.93656921386719, -19.388965606689453, -65.46187591552734, -31.200557708740234, -28.724849700927734, -13.775959014892578, -8.838178634643555, -1.2073910236358643, 5.934386253356934, 38.05929183959961, 69.51883697509766, 47.100528717041016, 14.460403442382812], [-227.7333526611328, -11.307914733886719, -140.51516723632812, -74.16206359863281, -76.05940246582031, -37.41526794433594, -19.778671264648438, -20.26643180847168, -16.23494529724121, 16.23356819152832, 47.100528717041016, 85.04827117919922, 41.36008071899414], [-156.14630126953125, 7.185858249664307, -80.1395492553711, -27.39602279663086, -31.476646423339844, -24.809993743896484, -18.604721069335938, -7.392727375030518, -10.24400806427002, 2.867119550704956, 14.460403442382812, 41.36008071899414, 67.71344757080078]], "lowlevel.mfcc.icov": [[0.0005248320521786809, -0.00010520905198063701, -0.0003999562468379736, -5.263072671368718e-05, -0.00054867600556463, -0.0006224996177479625, 0.0006501522730104625, -0.0006472942768596113, 1.411113771609962e-05, 0.0006346217705868185, -0.0004591299220919609, -0.00021871033823117614, 0.0005585072794929147], [-0.00010520905198063701, 0.0033413784112781286, 0.0010643817950040102, -0.0015259719220921397, -6.919566658325493e-05, -0.0012135274009779096, 1.2230617358000018e-05, -0.00036736391484737396, 0.0003984063514508307, 0.000683268008287996, 0.0008147014887072146, -0.0004244603042025119, -0.0003518063749652356], [-0.0003999562468379736, 0.0010643817950040102, 0.0031347887124866247, -0.002503480762243271, -0.0010526058031246066, 8.630260708741844e-05, -0.0019034830620512366, 0.0013347144704312086, 3.828354238066822e-05, 0.0022179605439305305, -0.0008622304885648191, 0.0009266131673939526, 0.00035699628642760217], [-5.263072671368718e-05, -0.0015259719220921397, -0.002503480762243271, 0.008196176961064339, -0.0028496438171714544, 6.992796261329204e-05, 0.0036895466037094593, -0.0013282772852107882, 0.0005136937834322453, -0.001361023518256843, 3.0341481760842726e-05, 0.00140409788582474, -0.0007653518696315587], [-0.00054867600556463, -6.919566658325493e-05, -0.0010526058031246066, -0.0028496438171714544, 0.009353045374155045, -0.005315960384905338, 0.0017025822307914495, -9.731111640576273e-05, -0.0027801680844277143, -0.0004458174225874245, 0.0003691529855132103, 0.0009512074757367373, -0.0018609673716127872], [-0.0006224996177479625, -0.0012135274009779096, 8.630260708741844e-05, 6.992796261329204e-05, -0.005315960384905338, 0.01681557111442089, -0.011876916512846947, 0.0015925172483548522, 0.002842864254489541, -0.0037863031029701233, 0.00110452133230865, -0.0008570468053221703, 0.0003024062607437372], [0.0006501522730104625, 1.2230617358000018e-05, -0.0019034830620512366, 0.0036895466037094593, 0.0017025822307914495, -0.011876916512846947, 0.021484939381480217, -0.010621469467878342, 2.7485573809826747e-05, 0.004453727044165134, -0.0007739333086647093, -0.001085728290490806, 0.0025652225594967604], [-0.0006472942768596113, -0.00036736391484737396, 0.0013347144704312086, -0.0013282772852107882, -9.731111640576273e-05, 0.0015925172483548522, -0.010621469467878342, 0.01868392899632454, -0.011706854216754436, 0.0031489627435803413, -0.0021715087350457907, 0.001840096665546298, -0.0033162550535053015], [1.411113771609962e-05, 0.0003984063514508307, 3.828354238066822e-05, 0.0005136937834322453, -0.0027801680844277143, 0.002842864254489541, 2.7485573809826747e-05, -0.011706854216754436, 0.02713732048869133, -0.016533834859728813, 0.005139696411788464, 0.0012675076723098755, 0.0016558256465941668], [0.0006346217705868185, 0.000683268008287996, 0.0022179605439305305, -0.001361023518256843, -0.0004458174225874245, -0.0037863031029701233, 0.004453727044165134, 0.0031489627435803413, -0.016533834859728813, 0.02922130934894085, -0.014728094451129436, 0.0028861931059509516, 0.0010819087037816644], [-0.0004591299220919609, 0.0008147014887072146, -0.0008622304885648191, 3.0341481760842726e-05, 0.0003691529855132103, 0.00110452133230865, -0.0007739333086647093, -0.0021715087350457907, 0.005139696411788464, -0.014728094451129436, 0.03312231972813606, -0