{"song_id": "1183711607570837504", "download": "https://cdn.discordapp.com/attachments/1135903449314238464/1183711607570837504/chirp.mp4?ex=65895457&amp", "lyrics": "[Verse]\nIn shadows they scurry, their eyes glowing red\nRaccoons of darkness, with bloodlust, they're fed\nSharp claws like daggers, their teeth stained with gore\nPrey trembles in fear as they unleash their uproar\n\n[Chorus]\nRaccoons of rage, they've come to devour\nLeaving trails of chaos, their power will tower\nRampaging through the night, a murderous spree\nBeware their wrath, for death it will decree", "style": ["Alternative rock"], "essentia_features": {"lowlevel.average_loudness": 0.9834282398223877, "lowlevel.barkbands_crest.mean": 11.255496978759766, "lowlevel.barkbands_crest.stdev": 4.644530773162842, "lowlevel.barkbands_flatness_db.mean": 0.11824842542409897, "lowlevel.barkbands_flatness_db.stdev": 0.038877375423908234, "lowlevel.barkbands_kurtosis.mean": 3.003157377243042, "lowlevel.barkbands_kurtosis.stdev": 5.8354058265686035, "lowlevel.barkbands_skewness.mean": 1.6382558345794678, "lowlevel.barkbands_skewness.stdev": 1.1690510511398315, "lowlevel.barkbands_spread.mean": 32.599639892578125, "lowlevel.barkbands_spread.stdev": 15.802841186523438, "lowlevel.dissonance.mean": 0.48900967836380005, "lowlevel.dissonance.stdev": 0.008662392385303974, "lowlevel.dynamic_complexity": 1.4684977531433105, "lowlevel.erbbands_crest.mean": 7.324412822723389, "lowlevel.erbbands_crest.stdev": 3.620797634124756, "lowlevel.erbbands_flatness_db.mean": 0.12674760818481445, "lowlevel.erbbands_flatness_db.stdev": 0.026680128648877144, "lowlevel.erbbands_kurtosis.mean": 0.42998242378234863, "lowlevel.erbbands_kurtosis.stdev": 1.3665522336959839, "lowlevel.erbbands_skewness.mean": -0.4924660325050354, "lowlevel.erbbands_skewness.stdev": 0.5422817468643188, "lowlevel.erbbands_spread.mean": 43.231109619140625, "lowlevel.erbbands_spread.stdev": 18.2800235748291, "lowlevel.hfc.mean": 37.643497467041016, "lowlevel.hfc.stdev": 26.037809371948242, "lowlevel.loudness_ebu128.integrated": -14.259330749511719, "lowlevel.loudness_ebu128.loudness_range": 0.8836698532104492, "lowlevel.loudness_ebu128.momentary.mean": -14.303743362426758, "lowlevel.loudness_ebu128.momentary.stdev": 0.6283771991729736, "lowlevel.loudness_ebu128.short_term.mean": -14.277056694030762, "lowlevel.loudness_ebu128.short_term.stdev": 0.32545363903045654, "lowlevel.melbands_crest.mean": 18.163145065307617, "lowlevel.melbands_crest.stdev": 5.587246894836426, "lowlevel.melbands_flatness_db.mean": 0.18475162982940674, "lowlevel.melbands_flatness_db.stdev": 0.04952694848179817, "lowlevel.melbands_kurtosis.mean": 19.176923751831055, "lowlevel.melbands_kurtosis.stdev": 24.975204467773438, "lowlevel.melbands_skewness.mean": 3.564979314804077, "lowlevel.melbands_skewness.stdev": 2.1421196460723877, "lowlevel.melbands_spread.mean": 27.60845947265625, "lowlevel.melbands_spread.stdev": 17.28110122680664, "lowlevel.pitch_salience.mean": 0.5184751152992249, "lowlevel.pitch_salience.stdev": 0.13444004952907562, "lowlevel.silence_rate_20dB.mean": 1.0, "lowlevel.silence_rate_20dB.stdev": 0.0, "lowlevel.silence_rate_30dB.mean": 0.8767471313476562, "lowlevel.silence_rate_30dB.stdev": 0.32872891426086426, "lowlevel.silence_rate_60dB.mean": 0.001270647975616157, "lowlevel.silence_rate_60dB.stdev": 0.035623423755168915, "lowlevel.spectral_centroid.mean": 1983.544677734375, "lowlevel.spectral_centroid.stdev": 481.5886535644531, "lowlevel.spectral_complexity.mean": 35.409149169921875, "lowlevel.spectral_complexity.stdev": 7.22836446762085, "lowlevel.spectral_decrease.mean": -1.4691535099586872e-08, "lowlevel.spectral_decrease.stdev": 1.1292169865839696e-08, "lowlevel.spectral_energy.mean": 0.05886364355683327, "lowlevel.spectral_energy.stdev": 0.04365023970603943, "lowlevel.spectral_energyband_high.mean": 0.0023759235627949238, "lowlevel.spectral_energyband_high.stdev": 0.0030377788934856653, "lowlevel.spectral_energyband_low.mean": 0.04002620652318001, "lowlevel.spectral_energyband_low.stdev": 0.041072066873311996, "lowlevel.spectral_energyband_middle_high.mean": 0.008781044743955135, "lowlevel.spectral_energyband_middle_high.stdev": 0.006237873341888189, "lowlevel.spectral_energyband_middle_low.mean": 0.008130526170134544, "lowlevel.spectral_energyband_middle_low.stdev": 0.009365913458168507, "lowlevel.spectral_entropy.mean": 7.995481491088867, "lowlevel.spectral_entropy.stdev": 0.18626359105110168, "lowlevel.spectral_flux.mean": 0.16231845319271088, "lowlevel.spectral_flux.stdev": 0.07945289462804794, "lowlevel.spectral_kurtosis.mean": 2.904397964477539, "lowlevel.spectral_kurtosis.stdev": 1.4381351470947266, "lowlevel.spectral_rms.mean": 0.0071478052996098995, "lowlevel.spectral_rms.stdev": 0.0025173102039843798, "lowlevel.spectral_rolloff.mean": 1543.0721435546875, "lowlevel.spectral_rolloff.stdev": 1551.642578125, "lowlevel.spectral_skewness.mean": 1.1264549493789673, "lowlevel.spectral_skewness.stdev": 0.29034945368766785, "lowlevel.spectral_spread.mean": 4440001.0, "lowlevel.spectral_spread.stdev": 1108823.625, "lowlevel.spectral_strongpeak.mean": 0.4960435628890991, "lowlevel.spectral_strongpeak.stdev": 0.6430127620697021, "lowlevel.zerocrossingrate.mean": 0.0631008893251419, "lowlevel.zerocrossingrate.stdev": 0.03081732988357544, "metadata.audio_properties.analysis.equal_loudness": 0.0, "metadata.audio_properties.analysis.length": 36.521610260009766, "metadata.audio_properties.analysis.sample_rate": 44100.0, "metadata.audio_properties.analysis.start_time": 0.0, "metadata.audio_properties.bit_rate": 118839.0, "metadata.audio_properties.length": 36.522666931152344, "metadata.audio_properties.lossless": 0.0, "metadata.audio_properties.number_channels": 1.0, "metadata.audio_properties.replay_gain": -10.358333587646484, "metadata.audio_properties.sample_rate": 48000.0, "rhythm.beats_count": 70.0, "rhythm.beats_loudness.mean": 0.06426374614238739, "rhythm.beats_loudness.stdev": 0.02620287798345089, "rhythm.bpm": 116.57413482666016, "rhythm.bpm_histogram_first_peak_bpm": 117.0, "rhythm.bpm_histogram_first_peak_weight": 0.40000003576278687, "rhythm.bpm_histogram_second_peak_bpm": 112.0, "rhythm.bpm_histogram_second_peak_spread": 0.0, "rhythm.bpm_histogram_second_peak_weight": 0.05797101557254791, "rhythm.danceability": 1.8273959159851074, "rhythm.onset_rate": 6.240318298339844, "tonal.chords_changes_rate": 0.16116751730442047, "tonal.chords_number_rate": 0.01903553307056427, "tonal.chords_strength.mean": 0.4276520311832428, "tonal.chords_strength.stdev": 0.08624116331338882, "tonal.hpcp_crest.mean": 8.473006248474121, "tonal.hpcp_crest.stdev": 4.382909297943115, "tonal.hpcp_entropy.mean": 2.985358476638794, "tonal.hpcp_entropy.stdev": 0.7465724349021912, "tonal.key_edma.strength": 0.7138073444366455, "tonal.key_krumhansl.strength": 0.7116363048553467, "tonal.key_temperley.strength": 0.7058316469192505, "tonal.tuning_diatonic_strength": 0.6547160744667053, "tonal.tuning_equal_tempered_deviation": 0.2725299000740051, "tonal.tuning_frequency": 434.193115234375, "tonal.tuning_nontempered_energy_ratio": 0.9126723408699036, "lowlevel.barkbands.mean": [0.0021186894737184048, 0.025082552805542946, 0.012474948540329933, 0.0012112078256905079, 0.002557596657425165, 0.0013125728582963347, 0.0013256918173283339, 0.0008259416208602488, 0.0007189618772827089, 0.0004901905776932836, 0.000777658773586154, 0.0012287215795367956, 0.001399916596710682, 0.0008968107285909355, 0.0008589964709244668, 0.001004843390546739, 0.0007048940169624984, 0.0005385515978559852, 0.0006990924011915922, 0.0005745264934375882, 0.0005029136664234102, 0.000572346558328718, 0.00048346995026804507, 0.00028319910052232444, 0.00013035355368629098, 8.803358650766313e-05, 9.617091336622252e-07], "lowlevel.barkbands.stdev": [0.0016366844065487385, 0.030769484117627144, 0.01490261871367693, 0.0015856563113629818, 0.007193129975348711, 0.0018302457174286246, 0.0020600087009370327, 0.0015452583320438862, 0.0014480350073426962, 0.0010733756935223937, 0.0016164605040103197, 0.0022149209398776293, 0.0025726084131747484, 0.0017169378697872162, 0.0020666662603616714, 0.0009613647707737982, 0.0005772734293714166, 0.00034099374897778034, 0.0004176267539151013, 0.0004633260832633823, 0.000598965329118073, 0.0008889503078535199, 0.0010408060625195503, 0.0007225227309390903, 0.0002909147588070482, 0.0002650598471518606, 6.085193490434904e-06], "lowlevel.erbbands.mean": [0.7980969548225403, 5.375474452972412, 14.067692756652832, 9.037344932556152, 6.502636432647705, 9.250819206237793, 6.420578479766846, 12.700251579284668, 16.351362228393555, 23.014667510986328, 15.685400009155273, 15.91550350189209, 17.562328338623047, 18.219472885131836, 38.420677185058594, 53.066402435302734, 63.49955368041992, 51.64263153076172, 51.933597564697266, 35.236873626708984, 62.07410430908203, 40.07035446166992, 27.062820434570312, 40.630760192871094, 28.626291275024414, 27.825702667236328, 22.855243682861328, 19.064990997314453, 21.20446014404297, 16.58530044555664, 12.87911319732666, 7.814968585968018, 3.749204397201538, 1.6208312511444092, 0.8652076721191406, 0.48382529616355896, 0.14405184984207153, 0.014478498138487339, 0.0003247904824092984, 8.415436604991555e-05], "lowlevel.erbbands.stdev": [0.8867017030715942, 7.494020938873291, 18.075729370117188, 9.646726608276367, 15.927693367004395, 27.77006721496582, 10.819132804870605, 18.09934425354004, 22.972211837768555, 41.592933654785156, 27.229110717773438, 32.680419921875, 39.08781814575195, 35.6298828125, 68.74457550048828, 93.8275146484375, 112.31704711914062, 92.94459533691406, 118.099365234375, 44.474517822265625, 56.99333572387695, 29.979549407958984, 16.479467391967773, 24.027393341064453, 18.16311264038086, 22.754304885864258, 23.398099899291992, 25.56269073486328, 32.2962760925293, 27.783889770507812, 28.929176330566406, 20.615589141845703, 9.243807792663574, 3.4338908195495605, 2.1904587745666504, 1.457366943359375, 0.42995646595954895, 0.04653120040893555, 0.0009165042429231107, 6.681607919745147e-05], "lowlevel.gfcc.mean": [58.626800537109375, 74.7239990234375, -118.3363265991211, 58.4511833190918, -43.03153610229492, 28.026792526245117, -29.343524932861328, 15.475187301635742, -18.957805633544922, 12.221781730651855, -11.820911407470703, 6.236666202545166, -15.519038200378418], "lowlevel.melbands.mean": [0.00710215512663126, 0.006999919191002846, 0.0015272345626726747, 0.0006098722806200385, 0.00024823533021844923, 0.00027748275897465646, 0.0002601555024739355, 0.0002419967349851504, 0.00011958270624745637, 0.0001018390103126876, 8.656577119836584e-05, 6.810849299654365e-05, 0.00011762892245315015, 0.000131139051518403, 0.00015045881445985287, 0.00013432704145088792, 8.79568760865368e-05, 8.236001303885132e-05, 5.6234955991385505e-05, 4.773712862515822e-05, 7.926359830889851e-05, 4.416743468027562e-05, 2.4794771888991818e-05, 2.5340274078189395e-05, 3.4711592888925225e-05, 2.2913594875717536e-05, 1.8337250367039815e-05, 1.8543889382272027e-05, 1.428529776603682e-05, 1.3163104085833766e-05, 1.0185002793150488e-05, 1.2788867024937645e-05, 9.97208735498134e-06, 9.097670954361092e-06, 7.664619261049666e-06, 6.19987076788675e-06, 4.302385150367627e-06, 2.796095941448584e-06, 1.8275482034368906e-06, 1.1940521744691068e-06], "lowlevel.melbands.stdev": [0.008127527311444283, 0.00891973078250885, 0.0015735926572233438, 0.0018036082619801164, 0.0004559753288049251, 0.00038229080382734537, 0.00036377421929500997, 0.0004337616264820099, 0.00020850599685218185, 0.00021540226589422673, 0.00019769025675486773, 0.00014045959687791765, 0.00022914564760867506, 0.00023190249339677393, 0.00029840206843800843, 0.0002532535290811211, 0.00017104482685681432, 0.00018653369625099003, 0.00012585210788529366, 4.492653897614218e-05, 7.710987119935453e-05, 3.774301876546815e-05, 1.782453546184115e-05, 1.6359779692720622e-05, 2.161713200621307e-05, 1.585334030096419e-05, 1.295165657211328e-05, 1.6790963854873553e-05, 1.3883962310501374e-05, 1.7926564396475442e-05, 1.4419918443309143e-05, 1.981436798814684e-05, 1.7210088117280975e-05, 1.6870853869477287e-05, 1.7237794963875785e-05, 1.7378861230099574e-05, 1.136171067628311e-05, 7.286453637789236e-06, 4.0072995943774e-06, 2.6309123768442078e-06], "lowlevel.melbands128.mean": [0.0016476797172799706, 0.006336865480989218, 0.009493038058280945, 0.008480849675834179, 0.007855087518692017, 0.005564470309764147, 0.0018169094109907746, 0.000481079681776464, 0.0006121828919276595, 0.0008019176893867552, 0.0005023063858971, 0.00023974048963282257, 0.00019011094991583377, 0.00022092460130807012, 0.0003042611642740667, 0.00030031471396796405, 0.00025102129438892007, 0.0002395640913164243, 0.0002888207382056862, 0.00028321993886493146, 0.00021215574815869331, 0.00013824440247844905, 0.0001055505417753011, 0.00010381069296272472, 9.507980576017871e-05, 0.00010815243877004832, 0.00010075070895254612, 8.732104470254853e-05, 7.448595715686679e-05, 5.3707160986959934e-05, 6.508937804028392e-05, 9.57554584601894e-05, 0.0001194563737954013, 0.00013993866741657257, 0.00012199417687952518, 0.00012682753731496632, 0.00014591154467780143, 0.0001643811265239492, 0.0001395155704813078, 0.00014119829575065523, 0.00014135355013422668, 0.00011133867519674823, 9.990247781388462e-05, 6.37261473457329e-05, 6.933751137694344e-05, 8.48333875183016e-05, 0.000106778898043558, 5.249207970337011e-05, 3.700016168295406e-05, 4.361652099760249e-05, 3.984450449934229e-05, 6.00817656959407e-05, 9.339685493614525e-05, 8.26941613922827e-05, 5.8090594393434e-05, 4.1223374864785e-05, 3.337563975946978e-05, 2.477812631695997e-05, 2.3015596525510773e-05, 2.1060279323137365e-05, 2.2386157070286572e-05, 3.012823981407564e-05, 3.776682206080295e-05, 3.7656111089745536e-05, 2.733237670327071e-05, 2.334222153876908e-05, 1.9680679542943835e-05, 1.6756450349930674e-05, 1.8435457604937255e-05, 2.0072910047019832e-05, 1.9111912479274906e-05, 1.7543368812766857e-05, 1.574909401824698e-05, 1.3279531231091823e-05, 1.3052129361312836e-05, 1.4268391169025563e-05, 1.318895556323696e-05, 1.0284214113198686e-05, 8.229139893956017e-06, 1.1300585356366355e-05, 1.4705748981214128e-05, 1.299622545047896e-05, 1.0161437785427552e-05, 1.0296163054590579e-05, 8.894341590348631e-06, 8.771478860580828e-06, 9.368626706418581e-06, 9.336295079265255e-06, 7.175820883276174e-06, 6.893541922181612e-06, 7.057979473756859e-06, 6.150813987915171e-06, 4.489714683586499e-06, 4.5749889068247285e-06, 3.928495971194934e-06, 3.248749635531567e-06, 2.386240794294281e-06, 2.3911056814540643e-06, 1.935880618475494e-06, 1.5084042388480157e-06, 1.364866989206348e-06, 1.1346720611982164e-06, 1.0021110483648954e-06, 9.206615345647151e-07, 8.897640100258286e-07, 9.86018562798563e-07, 1.131401518250641e-06, 8.89366901901667e-07, 8.513003422194743e-07, 7.59347244638775e-07, 7.187958885879198e-07, 4.6765418915128976e-07, 4.4667527276942565e-07, 3.8519149825333443e-07, 2.402753978003602e-07, 1.5555885113371914e-07, 3.711765828029456e-08, 2.0660506638847664e-09, 1.1896408337597197e-11, 1.1662640471421515e-11, 9.588107217906039e-12, 8.263422932031084e-12, 7.685641185972703e-12, 7.539526294952914e-12, 7.380035818571606e-12, 7.2061254532962415e-12, 7.098017052592498e-12, 7.050807854236396e-12], "lowlevel.melbands128.stdev": [0.0013740647118538618, 0.006940012332051992, 0.012936167418956757, 0.013013713993132114, 0.011035867035388947, 0.006305469200015068, 0.0020129180047661066, 0.0006528199883177876, 0.001652105594985187, 0.002696520648896694, 0.0015995354624465108, 0.0005373979220166802, 0.0003842223668470979, 0.00040309433825314045, 0.0005202971515245736, 0.0005067035090178251, 0.0004357609723228961, 0.0004329592047724873, 0.0005880133830942214, 0.0006322948029264808, 0.00045101423165760934, 0.00032994375214912, 0.00020623535965569317, 0.0002344803069718182, 0.0002493319334462285, 0.0002920461120083928, 0.00027264028904028237, 0.00024187745293602347, 0.00022585982515010983, 0.00013084344391245395, 0.00015060398436617106, 0.0003112396225333214, 0.00028303638100624084, 0.00030814140336588025, 0.0002781601797323674, 0.00027492898516356945, 0.0003373917134013027, 0.0004081471124663949, 0.00034710686304606497, 0.00032440415816381574, 0.00035088876029476523, 0.00024708520504646003, 0.0002624741173349321, 0.00012635930033866316, 0.00017234864935744554, 0.00022878746676724404, 0.0003714267222676426, 0.0001471393188694492, 6.336421938613057e-05, 5.596545452135615e-05, 4.562605681712739e-05, 6.466633203672245e-05, 0.00012035452527925372, 9.228963608620688e-05, 7.158325024647638e-05, 4.281294604879804e-05, 3.368388206581585e-05, 2.256355764984619e-05, 2.1403899154393002e-05, 1.785881249816157e-05, 1.9988772692158818e-05, 2.6138384782825597e-05, 3.0480305213131942e-05, 2.957379365398083e-05, 2.2000591343385167e-05, 2.1434796508401632e-05, 1.762183637765702e-05, 1.3761911759502254e-05, 1.6036192391766235e-05, 1.9111059373244643e-05, 2.1038220438640565e-05, 1.9880761101376265e-05, 1.751699164742604e-05, 1.4102542081673164e-05, 1.709854586806614e-05, 2.1898675186093897e-05, 2.1450050553539768e-05, 1.536320814921055e-05, 1.3052606846031267e-05, 1.840771801653318e-05, 2.5356812329846434e-05, 2.1887284674448892e-05, 1.800850805011578e-05, 2.063704960164614e-05, 1.652152423048392e-05, 1.679325578152202e-05, 2.011379365285393e-05, 2.2187097783898935e-05, 1.6909069017856382e-05, 1.700656139291823e-05, 1.9690904082381167e-05, 2.0993891666876152e-05, 1.288842577196192e-05, 1.2599235560628586e-05, 1.0863338502531406e-05, 8.83886605151929e-06, 6.882954494358273e-06, 6.155419669084949e-06, 4.790169441548642e-06, 2.9813074888807023e-06, 2.9773477763228584e-06, 2.8664696856139926e-06, 2.542443780839676e-06, 2.537374484745669e-06, 2.5332403765787603e-06, 2.6731170237326296e-06, 3.404486278668628e-06, 2.551440502429614e-06, 2.9351574539759895e-06, 2.5772462777240435e-06, 2.436038812447805e-06, 1.4923066373739857e-06, 1.3339241604626295e-06, 1.1370984793757088e-06, 8.156347917065432e-07, 5.770471602772886e-07, 1.728362803987693e-07, 1.8364254117386736e-08, 1.250732017954448e-10, 1.2888855260850818e-10, 5.845513656455026e-11, 1.807550810417613e-11, 1.1207266017998485e-11, 1.1005382369311256e-11, 1.0836506171563176e-11, 1.0701951477787297e-11, 1.0604688134574491e-11, 1.0544525322342402e-11], "lowlevel.mfcc.mean": [-579.33349609375, 95.9867935180664, -4.920392036437988, 37.24741744995117, 12.798874855041504, 20.254440307617188, 7.396963119506836, 10.70427131652832, 2.0280394554138184, 6.131496429443359, 5.2876458168029785, 9.237322807312012, 8.022259712219238], "lowlevel.spectral_contrast_coeffs.mean": [-0.7339827418327332, -0.7909967303276062, -0.8069048523902893, -0.8022585511207581, -0.8033303618431091, -0.7153760194778442], "lowlevel.spectral_contrast_coeffs.stdev": [0.06500724703073502, 0.061580754816532135, 0.05195992439985275, 0.038075294345617294, 0.0194469653069973, 0.036430973559617996], "lowlevel.spectral_contrast_valleys.mean": [-6.151515007019043, -6.379696846008301, -6.772943496704102, -6.693328857421875, -6.526286602020264, -9.632898330688477], "lowlevel.spectral_contrast_valleys.stdev": [0.4662826657295227, 0.47553983330726624, 0.44003739953041077, 0.4104304313659668, 0.31648731231689453, 0.6912602186203003], "rhythm.beats_loudness_band_ratio.mean": [0.6912378072738647, 0.07123446464538574, 0.0532446913421154, 0.08279412239789963, 0.07119742780923843, 0.053970977663993835], "rhythm.beats_loudness_band_ratio.stdev": [0.16630993783473969, 0.08067812025547028, 0.05084307864308357, 0.07133376598358154, 0.049917321652173996, 0.06209145113825798], "tonal.hpcp.mean": [0.1403324455022812, 0.15719598531723022, 0.19989389181137085, 0.3225058615207672, 0.3617209494113922, 0.22431792318820953, 0.11929627507925034, 0.09797287732362747, 0.09933435171842575, 0.10113503783941269, 0.08719298988580704, 0.07527177035808563, 0.07724262028932571, 0.08236675709486008, 0.08494192361831665, 0.1016695499420166, 0.1291096955537796, 0.158966064453125, 0.18953222036361694, 0.20630289614200592, 0.18405482172966003, 0.13732023537158966, 0.11199953407049179, 0.11191441863775253, 0.11367378383874893, 0.11001752316951752, 0.0934600755572319, 0.07266034930944443, 0.072392039000988, 0.0811503604054451, 0.08660773187875748, 0.07757662981748581, 0.0719575583934784, 0.09213343262672424, 0.1156589612364769, 0.12792368233203888], "tonal.hpcp.stdev": [0.2468290477991104, 0.25991004705429077, 0.3006976842880249, 0.3477191925048828, 0.37869778275489807, 0.30073195695877075, 0.22277463972568512, 0.20585481822490692, 0.20694756507873535, 0.2043001353740692, 0.1845264434814453, 0.1575223207473755, 0.15553589165210724, 0.1552288681268692, 0.14531725645065308, 0.18945851922035217, 0.21747218072414398, 0.24187153577804565, 0.2814273536205292, 0.29760468006134033, 0.2840175926685333, 0.24793729186058044, 0.21276503801345825, 0.2204926609992981, 0.2180716097354889, 0.20619884133338928, 0.18561246991157532, 0.1499958336353302, 0.1516709327697754, 0.15864937007427216, 0.17136216163635254, 0.1548766791820526, 0.13832812011241913, 0.183252215385437, 0.21875528991222382, 0.22736503183841705], "rhythm.beats_position": [0.5340589284896851, 1.0681178569793701, 1.590566873550415, 2.11301589012146, 2.6470746994018555, 3.1695237159729004, 3.6919727325439453, 4.2028117179870605, 4.7252607345581055, 5.24770975112915, 5.758548736572266, 6.269387722015381, 6.780226707458496, 7.314285755157471, 7.825124740600586, 8.347573280334473, 8.870022773742676, 9.392471313476562, 9.914920806884766, 10.425759315490723, 10.936598777770996, 11.447437286376953, 11.981496810913086, 12.492335319519043, 13.003174781799316, 13.502403259277344, 14.013242721557617, 14.524081230163574, 15.046530723571777, 15.568979263305664, 16.091428756713867, 16.60226821899414, 17.11310577392578, 17.635555267333984, 18.158004760742188, 18.668842315673828, 19.1796817779541, 19.702131271362305, 20.224580764770508, 20.73541831970215, 21.246257781982422, 21.757097244262695, 22.26793670654297, 22.79038429260254, 23.312833786010742, 23.823673248291016, 24.34612274169922, 24.86857032775879, 25.379409790039062, 25.890249252319336, 26.40108871459961, 26.91192626953125, 27.422765731811523, 27.933605194091797, 28.44444465637207, 28.95528221130371, 29.466121673583984, 29.976961135864258, 30.48780059814453, 30.998638153076172, 31.509477615356445, 32.02031707763672, 32.53115463256836, 33.0303840637207, 33.552833557128906, 34.07528305053711, 34.59773254394531, 35.10857009887695, 35.61941146850586, 36.1302490234375], "rhythm.bpm_histogram": [0.0, 0.0, 0.0, 0.0, 0.0, 0.0, 0.0, 0.0, 0.0, 0.0, 0.0, 0.0, 0.0, 0.0, 0.0, 0.0, 0.0, 0.0, 0.0, 0.0, 0.0, 0.0, 0.0, 0.0, 0.0, 0.0, 0.0, 0.0, 0.0, 0.0, 0.0, 0.0, 0.0, 0.0, 0.0, 0.0, 0.0, 0.0, 0.0, 0.0, 0.0, 0.0, 0.0, 0.0, 0.0, 0.0, 0.0, 0.0, 0.0, 0.0, 0.0, 0.0, 0.0, 0.0, 0.0, 0.0, 0.0, 0.0, 0.0, 0.0, 0.0, 0.0, 0.0, 0.0, 0.0, 0.0, 0.0, 0.0, 0.0, 0.0, 0.0, 0.0, 0.0, 0.0, 0.0, 0.0, 0.0, 0.0, 0.0, 0.0, 0.0, 0.0, 0.0, 0.0, 0.0, 0.0, 0.0, 0.0, 0.0, 0.0, 0.0, 0.0, 0.0, 0.0, 0.0, 0.0, 0.0, 0.0, 0.0, 0.0, 0.0, 0.0, 0.0, 0.0, 0.0, 0.0, 0.0, 0.0, 0.0, 0.0, 0.0, 0.0, 0.05797101557254791, 0.0, 0.0, 0.3478260934352875, 0.0, 0.5652173757553101, 0.0, 0.0, 0.028985507786273956, 0.0, 0.0, 0.0, 0.0, 0.0, 0.0, 0.0, 0.0, 0.0, 0.0, 0.0, 0.0, 0.0, 0.0, 0.0, 0.0, 0.0, 0.0, 0.0, 0.0, 0.0, 0.0, 0.0, 0.0, 0.0, 0.0, 0.0, 0.0, 0.0, 0.0, 0.0, 0.0, 0.0, 0.0, 0.0, 0.0, 0.0, 0.0, 0.0, 0.0, 0.0, 0.0, 0.0, 0.0, 0.0, 0.0, 0.0, 0.0, 0.0, 0.0, 0.0, 0.0, 0.0, 0.0, 0.0, 0.0, 0.0, 0.0, 0.0, 0.0, 0.0, 0.0, 0.0, 0.0, 0.0, 0.0, 0.0, 0.0, 0.0, 0.0, 0.0, 0.0, 0.0, 0.0, 0.0, 0.0, 0.0, 0.0, 0.0, 0.0, 0.0, 0.0, 0.0, 0.0, 0.0, 0.0, 0.0, 0.0, 0.0, 0.0, 0.0, 0.0, 0.0, 0.0, 0.0, 0.0, 0.0, 0.0, 0.0, 0.0, 0.0, 0.0, 0.0, 0.0, 0.0, 0.0, 0.0, 0.0, 0.0, 0.0, 0.0, 0.0, 0.0, 0.0, 0.0, 0.0, 0.0, 0.0, 0.0, 0.0, 0.0, 0.0, 0.0, 0.0, 0.0, 0.0, 0.0, 0.0, 0.0], "tonal.chords_histogram": [15.736041069030762, 2.157360315322876, 3.6802029609680176, 1.7766497135162354, 0.0, 11.421319961547852, 8.248730659484863, 19.162437438964844, 21.192893981933594, 2.7918782234191895, 2.030456781387329, 1.2690355777740479, 2.9187817573547363, 0.3807106614112854, 0.0, 0.6345177888870239, 0.7614213228225708, 1.0152283906936646, 0.0, 0.25380709767341614, 1.1421319246292114, 0.0, 2.6649746894836426, 0.7614213228225708], "tonal.thpcp": [1.0, 0.620140790939331, 0.3298019468784332, 0.27085208892822266, 0.27461597323417664, 0.2795940935611725, 0.24105042219161987, 0.20809347927570343, 0.21354201436042786, 0.22770801186561584, 0.2348272204399109, 0.2810717821121216, 0.35693177580833435, 0.4394715428352356, 0.5239735841751099, 0.570337176322937, 0.5088309645652771, 0.37963029742240906, 0.3096296489238739, 0.30939435958862305, 0.3142582178115845, 0.304150253534317, 0.25837618112564087, 0.20087404549121857, 0.20013228058815002, 0.22434520721435547, 0.2394324392080307, 0.2144654095172882, 0.19893112778663635, 0.25470858812332153, 0.31974637508392334, 0.3536529541015625, 0.38795775175094604, 0.4345780611038208, 0.5526190400123596, 0.8915874361991882], "lowlevel.gfcc.cov": [[1286.8359375, -269.0089416503906, 222.4243621826172, 22.652650833129883, -119.3259506225586, 150.9944610595703, -60.48811340332031, -47.18047332763672, -28.136308670043945, 14.122698783874512, -40.371131896972656, 19.781700134277344, -92.98262786865234], [-269.0089416503906, 575.7722778320312, -236.61915588378906, -53.528831481933594, 43.676231384277344, -132.2779083251953, 73.64201354980469, -21.868764877319336, 48.87351608276367, -10.218993186950684, 52.27109909057617, -40.99424743652344, 83.90499114990234], [222.4243621826172, -236.61915588378906, 295.67791748046875, 131.6337127685547, -4.660004138946533, 69.677490234375, -16.38205337524414, 0.9471816420555115, -34.10845947265625, -34.9198112487793, -36.74897003173828, 20.734344482421875, -20.17062759399414], [22.652650833129883, -53.528831481933594, 131.6337127685547, 262.8662109375, 45.805267333984375, 37.15065002441406, 17.27547836303711, -51.74524688720703, 0.8474175333976746, -44.46345520019531, -17.45500946044922, -32.84720993041992, 22.319290161132812], [-119.3259506225586, 43.676231384277344, -4.660004138946533, 45.805267333984375, 146.74073791503906, 18.25959587097168, 9.412018775939941, -17.180368423461914, 22.05168342590332, 38.80513381958008, 19.258434295654297, -11.822659492492676, 6.300624370574951], [150.9944610595703, -132.2779083251953, 69.677490234375, 37.15065002441406, 18.25959587097168, 110.08615112304688, 20.331539154052734, 5.193763732910156, 7.820627689361572, 4.642734050750732, 1.6799474954605103, -2.592498779296875, -25.188783645629883], [-60.48811340332031, 73.64201354980469, -16.38205337524414, 17.27547836303711, 9.412018775939941, 20.331539154052734, 171.94471740722656, 88.21749877929688, 38.97719192504883, -43.26714324951172, -9.88440227508545, -1.1172322034835815, 9.50760555267334], [-47.18047332763672, -21.868764877319336, 0.9471816420555115, -51.74524688720703, -17.180368423461914, 5.193763732910156, 88.21749877929688, 132.51148986816406, 34.61232376098633, -20.16339111328125, -12.195300102233887, 13.033590316772461, -1.4271602630615234], [-28.136308670043945, 48.87351608276367, -34.10845947265625, 0.8474175333976746, 22.05168342590332, 7.820627689361572, 38.97719192504883, 34.61232376098633, 83.83648681640625, 31.162153244018555, 19.712623596191406, -14.34460163116455, 1.8078769445419312], [14.122698783874512, -10.218993186950684, -34.9198112487793, -44.46345520019531, 38.80513381958008, 4.642734050750732, -43.26714324951172, -20.16339111328125, 31.162153244018555, 103.87906646728516, 36.8708610534668, 3.7045724391937256, -20.110248565673828], [-40.371131896972656, 52.27109909057617, -36.74897003173828, -17.45500946044922, 19.258434295654297, 1.6799474954605103, -9.88440227508545, -12.195300102233887, 19.712623596191406, 36.8708610534668, 61.94858169555664, 13.046968460083008, 7.980212211608887], [19.781700134277344, -40.99424743652344, 20.734344482421875, -32.84720993041992, -11.822659492492676, -2.592498779296875, -1.1172322034835815, 13.033590316772461, -14.34460163116455, 3.7045724391937256, 13.046968460083008, 60.185001373291016, 15.549145698547363], [-92.98262786865234, 83.90499114990234, -20.17062759399414, 22.319290161132812, 6.300624370574951, -25.188783645629883, 9.50760555267334, -1.4271602630615234, 1.8078769445419312, -20.110248565673828, 7.980212211608887, 15.549145698547363, 71.00321960449219]], "lowlevel.gfcc.icov": [[0.0014282898046076298, -0.0010030914563685656, -0.0007885072845965624, -0.00020418775966390967, 0.001684466260485351, -0.0026639215648174286, 0.0007507018744945526, 0.0003994711732957512, -0.0003713273035828024, -0.000922905164770782, 0.001813796698115766, -0.0016933775041252375, 0.0016240011900663376], [-0.0010030914563685656, 0.007823348976671696, 0.001174010569229722, 0.003495698096230626, -0.0030200458131730556, 0.008932973258197308, -0.006175791844725609, 0.004995006136596203, -0.0015937393764033914, 0.00329773616977036, -0.007230023853480816, 0.008562259376049042, -0.007047337479889393], [-0.0007885072845965624, 0.001174010569229722, 0.008395562879741192, -0.0047652325592935085, -0.0007740756846033037, -0.0012142262421548367, 0.0022053439170122147, -0.003123805159702897, 0.001469787210226059, 0.0011197839630767703, 0.0017199512803927064, -0.004480390343815088, 0.0018104352056980133], [-0.00020418775966390967, 0.003495698096230626, -0.0047652325592935085, 0.011303734965622425, -0.0031422723550349474, 0.0035366143565624952, -0.005430211313068867, 0.008374642580747604, -0.0037234907504171133, 0.00473596528172493, -0.003752215299755335, 0.009339109994471073, -0.0070636034943163395], [0.001684466260485351, -0.0030200458131730556, -0.0007740756846033037, -0.0031422723550349474, 0.011806046590209007, -0.005969021003693342, 0.0004987187567166984, -0.0005626953789032996, 0.0010731610236689448, -0.0072213406674563885, 0.002999297808855772, -0.0021682584192603827, 0.001364397699944675], [-0.0026639215648174286, 0.008932973258197308, -0.0012142262421548367, 0.0035366143565624952, -0.005969021003693342, 0.024885257706046104, -0.009527647867798805, 0.005438768770545721, -0.001976178726181388, 0.004020750056952238, -0.0117235342040658, 0.010873230174183846, -0.004632790572941303], [0.0007507018744945526, -0.006175791844725609, 0.0022053439170122147, -0.005430211313068867, 0.0004987187567166984, -0.009527647867798805, 0.017834585160017014, -0.01161777600646019, -0.002387779299169779, 0.0034143058583140373, 0.0059713213704526424, -0.009527423419058323, 0.007011754438281059], [0.0003994711732957512, 0.004995006136596203, -0.003123805159702897, 0.008374642580747604, -0.0005626953789032996, 0.005438768770545721, -0.01161777600646019, 0.021889522671699524, -0.009019819088280201, 0.004493467044085264, -0.0008638232829980552, 0.0028676593210548162, -0.003952969331294298], [-0.0003713273035828024, -0.0015937393764033914, 0.001469787210226059, -0.0037234907504171133, 0.0010731610236689448, -0.001976178726181388, -0.002387779299169779, -0.009019819088280201, 0.0241707731038332, -0.01084919273853302, -0.0037895292043685913, 0.006385743152350187, -0.002333573531359434], [-0.000922905164770782, 0.00329773616977036, 0.0011197839630767703, 0.00473596528172493, -0.0072213406674563885, 0.004020750056952238, 0.0034143058583140373, 0.004493467044085264, -0.01084919273853302, 0.02465984970331192, -0.009444175288081169, -0.0004566383140627295, 0.0038462625816464424], [0.001813796698115766, -0.007230023853480816, 0.0017199512803927064, -0.003752215299755335, 0.002999297808855772, -0.0117235342040658, 0.0059713213704526424, -0.0008638232829980552, -0.0037895292043685913, -0.009444175288081169, 0.03326241672039032, -0.016511468216776848, 0.004644093103706837], [-0.0016933775041252375, 0.008562259376049042, -0.004480390343815088, 0.009339109994471073, -0.0021682584192603827, 0.010873230174183846, -0.009527423419058323, 0.0028676593210548162, 0.006385743152350187, -0.0004566383140627295, -0.016511468216776848, 0.03868698328733444, -0.018069284036755562], [0.0016240011900663376, -0.007047337479889393, 0.0018104352056980133, -0.0070636034943163395, 0.001364397699944675, -0.004632790572941303, 0.007011754438281059, -0.003952969331294298, -0.002333573531359434, 0.0038462625816464424, 0.004644093103706837, -0.018069284036755562, 0.02907409891486168]], "lowlevel.mfcc.cov": [[1207.770263671875, -211.81661987304688, 226.78953552246094, -93.91970825195312, -19.14373207092285, 98.60836029052734, -36.77775192260742, 3.837541103363037, -45.970890045166016, -10.0077543258667, 19.913888931274414, 7.780487060546875, -19.46196937561035], [-211.81661987304688, 509.3663330078125, -258.0137939453125, -5.281879425048828, -75.38288879394531, -84.83602905273438, -10.076168060302734, -46.50945281982422, 28.307050704956055, -14.480423927307129, 5.394865036010742, 33.61484909057617, 36.74658966064453], [226.78953552246094, -258.0137939453125, 302.0554504394531, 45.938880920410156, 29.75956153869629, 42.34619903564453, 12.427569389343262, 60.010398864746094, -8.827239990234375, -9.475691795349121, -30.342716217041016, -40.12839126586914, -30.86327362060547], [-93.91970825195312, -5.281879425048828, 45.938880920410156, 191.0110626220703, 37.69488525390625, 48.34730529785156, 17.235355377197266, 11.86092472076416, 24.82901954650879, -3.485734701156616, -9.972644805908203, -42.121673583984375, -24.832401275634766], [-19.14373207092285, -75.38288879394531, 29.75956153869629, 37.69488525390625, 142.6824493408203, 73.5293197631836, -9.600286483764648, -54.8888053894043, -41.01809310913086, 21.033735275268555, -0.643100380897522, -12.975198745727539, -7.589373588562012], [98.60836029052734, -84.83602905273438, 42.34619903564453, 48.34730529785156, 73.5293197631836, 140.78311157226562, 9.976816177368164, -32.175636291503906, -24.453001022338867, 8.865710258483887, 15.009770393371582, -7.392401695251465, -4.710593223571777], [-36.77775192260742, -10.076168060302734, 12.427569389343262, 17.235355377197266, -9.600286483764648, 9.976816177368164, 75.15091705322266, 58.329864501953125, 28.554563522338867, -2.8419346809387207, 1.7095279693603516, 8.602303504943848, 3.1202499866485596], [3.837541103363037, -46.50945281982422, 60.010398864746094, 11.86092472076416, -54.8888053894043, -32.175636291503906, 58.329864501953125, 149.28952026367188, 71.14478302001953, 5.637811183929443, -6.143527507781982, 4.911261558532715, -4.514960765838623], [-45.970890045166016, 28.307050704956055, -8.827239990234375, 24.82901954650879, -41.01809310913086, -24.453001022338867, 28.554563522338867, 71.14478302001953, 94.20661163330078, 25.78058433532715, 11.825708389282227, 2.2562451362609863, -2.474149227142334], [-10.0077543258667, -14.480423927307129, -9.475691795349121, -3.485734701156616, 21.033735275268555, 8.865710258483887, -2.8419346809387207, 5.637811183929443, 25.78058433532715, 67.76676940917969, 29.771793365478516, 13.061838150024414, 1.2116204500198364], [19.913888931274414, 5.394865036010742, -30.342716217041016, -9.972644805908203, -0.643100380897522, 15.009770393371582, 1.7095279693603516, -6.143527507781982, 11.825708389282227, 29.771793365478516, 65.58903503417969, 36.39329147338867, 12.492419242858887], [7.780487060546875, 33.61484909057617, -40.12839126586914, -42.121673583984375, -12.975198745727539, -7.392401695251465, 8.602303504943848, 4.911261558532715, 2.2562451362609863, 13.061838150024414, 36.39329147338867, 73.85212707519531, 33.80030059814453], [-19.46196937561035, 36.74658966064453, -30.86327362060547, -24.832401275634766, -7.589373588562012, -4.710593223571777, 3.1202499866485596, -4.514960765838623, -2.474149227142334, 1.2116204500198364, 12.492419242858887, 33.80030059814453, 52.55773162841797]], "lowlevel.mfcc.icov": [[0.0012890282087028027, -0.00020061750547029078, -0.0011940901167690754, 0.0010344897164031863, 0.0008033806807361543, -0.001472663483582437, 0.0009725144482217729, -0.00016537959163542837, 0.00012152779527241364, 0.00028414782718755305, -0.0005914269713684916, -0.00026004156097769737, 0.0006242177914828062], [-0.00020061750547029078, 0.004395095631480217, 0.0033324824180454016, -0.0016426651272922754, 0.0012805439764633775, 0.0016112320590764284, -0.000524583796504885, 0.0018515674164518714, -0.0012877426343038678, 0.0004968300927430391, 0.0016689331969246268, -0.0010989571455866098, -0.0012088835937902331], [-0.0011940901167690754, 0.0033324824180454016, 0.008281448855996132, -0.002376492600888014, -0.0005075873341411352, 0.0007648419705219567, 0.00044372043339535594, -0.002929168287664652, 0.0015133994165807962, 0.00011979249393334612, 0.0023906431160867214, 0.0007841967744752765, -0.000318676233291626], [0.0010344897164031863, -0.0016426651272922754, -0.002376492600888014, 0.008979815989732742, -0.0019297257531434298, -0.0034784157760441303, 0.00011521418491611257, -0.00034021964529529214, -0.0035968595184385777, 0.0025406430941075087, -0.0020478598307818174, 0.003719777800142765, 0.0016189601738005877], [0.0008033806807361543, 0.0012805439764633775, -0.0005075873341411352, -0.0019297257531434298, 0.014660172164440155, -0.004777335096150637, -0.001497716992162168, 0.0039138104766607285, 0.004685110878199339, -0.0073166824877262115, 0.0036399466916918755, -0.0008465549908578396, 0.0003747191221918911], [-0.001472663483582437, 0.0016112320590764284, 0.0007648419705219567, -0.0034784157760441303, -0.004777335096150637, 0.014125409536063671, -0.005063618067651987, 0.00316562969237566, 0.0008139181300066411, 0.0001359941525151953, -0.003211385803297162, 0.001079128822311759, -0.0016129596624523401], [0.0009725144482217729, -0.000524583796504885, 0.00044372043339535594, 0.00011521418491611257, -0.001497716992162168, -0.005063618067651987, 0.023346103727817535, -0.01053512841463089, -0.0015241155633702874, 0.004501319490373135, -0.0007518250495195389, -0.002618461148813367, -0.00023211081861518323], [-0.00016537959163542837, 0.0018515674164518714, -0.002929168287664652, -0.00034021964529529214, 0.0039138104766607285, 0.00316562969237566, -0.01053512841463089, 0.02000747248530388, -0.010352947749197483, -0.0009766498114913702, 0.004122539889067411, -0.003643699688836932, 0.0008550063939765096], [0.00012152779527241364, -0.0012877426343038678, 0.0015133994165807962, -0.0035968595184385777, 0.004685110878199339, 0.0008139181300066411, -0.0015241155633702874, -0.010352947749197483, 0.025750044733285904, -0.010245105251669884, -0.0027990371454507113, 0.0035612701904028654, -9.140323527390137e-05], [0.00028414782718755305, 0.0004968300927430391, 0.00011979249393334612, 0.0025406430941075087, -0.0073166824877262115, 0.0001359941525151953, 0.004501319490373135, -0.0009766498114913702, -0.010245105251669884, 0.025876611471176147, -0.00990122091025114, -0.00038697547279298306, 0.0011565769091248512], [-0.0005914269713684916, 0.0016689331969246268, 0.0023906431160867214, -0.0020478598307818174, 0.0036399466916918755, -0.003211385803297162, -0.0007518250495195389, 0.004122539889067411, -0.0027990371454507113, -0.00990122091025114, 0.029717834666371346, -0.01404457539319992, 0.0017520301043987274], [-0.00026004156097769737, -0.0010989571455866098, 0.0007841967744752765, 0.003719777800142765, -0.0008465549908578396, 0.001079128822311759, -0.002618461148813367, -0.003643699688836932, 0.0035612701904028654, -0.00038697547279298306, -0.01404457539319992, 0.02997950278222561, -0.013058249838650227], [0.0006242177914828062, -0.0012088835937902331, -0.000318676233291626, 0.0016189601738005877, 0.0003747191221918911, -0.0016129596624523401, -0.00023211081861518323, 0.0008550063939765096, -9.140323527390137e-05, 0.0011565769091248512, 0.0017520301043987274, -0.013058249838650227, 0.02862807735800743]], "metadata.audio_properties.analysis.downmix": "mix", "metadata.audio_properties.codec": "mp3", "metadata.audio_properties.md5_encoded": "9fef059167b4d1d3a6e2847c76df021a", "metadata.tags.file_name": "1183711607570837504.mp3", "metadata.version.essentia": "2.1-beta6-dev", "metadata.version.essentia_git_sha": "