{"song_id": "1183720426724134923", "download": "https://cdn.discordapp.com/attachments/1135903449314238464/1183720426724134923/chirp.mp4?ex=65895c8e&amp", "lyrics": "[Verse]\nIn eighteen forty-six, the raccoons arose\nWith fierce determination, their strength disclosed\nBeneath moonlit sky, they prepared to fight\nThe Great Raccoon War began, an epic sight\n\n[Chorus]\nMarching on, hearts filled with grit\nUnited we stand, against foes we'll never quit\nThrough battles we'll forge, with courage and pride\nIn the Great Raccoon War, side by side we'll stride", "style": ["italian piazza ambience sound music for a video game about a grandma</span><span>, pavarotti singer"], "essentia_features": {"lowlevel.average_loudness": 0.9800903797149658, "lowlevel.barkbands_crest.mean": 10.631901741027832, "lowlevel.barkbands_crest.stdev": 3.716170072555542, "lowlevel.barkbands_flatness_db.mean": 0.15485414862632751, "lowlevel.barkbands_flatness_db.stdev": 0.04038103297352791, "lowlevel.barkbands_kurtosis.mean": 8.96791934967041, "lowlevel.barkbands_kurtosis.stdev": 11.81415843963623, "lowlevel.barkbands_skewness.mean": 2.4227895736694336, "lowlevel.barkbands_skewness.stdev": 1.4514250755310059, "lowlevel.barkbands_spread.mean": 23.086040496826172, "lowlevel.barkbands_spread.stdev": 16.998512268066406, "lowlevel.dissonance.mean": 0.4691314697265625, "lowlevel.dissonance.stdev": 0.022005176171660423, "lowlevel.dynamic_complexity": 1.9380489587783813, "lowlevel.erbbands_crest.mean": 8.869260787963867, "lowlevel.erbbands_crest.stdev": 4.6449761390686035, "lowlevel.erbbands_flatness_db.mean": 0.12609922885894775, "lowlevel.erbbands_flatness_db.stdev": 0.039021771401166916, "lowlevel.erbbands_kurtosis.mean": 0.012843349948525429, "lowlevel.erbbands_kurtosis.stdev": 1.7153764963150024, "lowlevel.erbbands_skewness.mean": 0.10720494389533997, "lowlevel.erbbands_skewness.stdev": 0.7958411574363708, "lowlevel.erbbands_spread.mean": 54.98274230957031, "lowlevel.erbbands_spread.stdev": 25.22528076171875, "lowlevel.hfc.mean": 24.460285186767578, "lowlevel.hfc.stdev": 17.36319923400879, "lowlevel.loudness_ebu128.integrated": -13.248924255371094, "lowlevel.loudness_ebu128.loudness_range": 1.2472801208496094, "lowlevel.loudness_ebu128.momentary.mean": -13.344304084777832, "lowlevel.loudness_ebu128.momentary.stdev": 0.9223836660385132, "lowlevel.loudness_ebu128.short_term.mean": -13.279245376586914, "lowlevel.loudness_ebu128.short_term.stdev": 0.4613407850265503, "lowlevel.melbands_crest.mean": 18.0245361328125, "lowlevel.melbands_crest.stdev": 5.6606903076171875, "lowlevel.melbands_flatness_db.mean": 0.22801968455314636, "lowlevel.melbands_flatness_db.stdev": 0.05081196501851082, "lowlevel.melbands_kurtosis.mean": 33.47820281982422, "lowlevel.melbands_kurtosis.stdev": 35.72312927246094, "lowlevel.melbands_skewness.mean": 4.374838829040527, "lowlevel.melbands_skewness.stdev": 2.4269583225250244, "lowlevel.melbands_spread.mean": 17.321453094482422, "lowlevel.melbands_spread.stdev": 13.611478805541992, "lowlevel.pitch_salience.mean": 0.508119523525238, "lowlevel.pitch_salience.stdev": 0.10836061090230942, "lowlevel.silence_rate_20dB.mean": 1.0, "lowlevel.silence_rate_20dB.stdev": 0.0, "lowlevel.silence_rate_30dB.mean": 0.996610164642334, "lowlevel.silence_rate_30dB.stdev": 0.058123230934143066, "lowlevel.silence_rate_60dB.mean": 0.002711864421144128, "lowlevel.silence_rate_60dB.stdev": 0.05200516805052757, "lowlevel.spectral_centroid.mean": 1371.43994140625, "lowlevel.spectral_centroid.stdev": 633.1832885742188, "lowlevel.spectral_complexity.mean": 17.757966995239258, "lowlevel.spectral_complexity.stdev": 8.821492195129395, "lowlevel.spectral_decrease.mean": -1.2105105362536506e-08, "lowlevel.spectral_decrease.stdev": 6.854817602430785e-09, "lowlevel.spectral_energy.mean": 0.04790613055229187, "lowlevel.spectral_energy.stdev": 0.026375873014330864, "lowlevel.spectral_energyband_high.mean": 0.0010904984083026648, "lowlevel.spectral_energyband_high.stdev": 0.0016712142387405038, "lowlevel.spectral_energyband_low.mean": 0.027707386761903763, "lowlevel.spectral_energyband_low.stdev": 0.023174729198217392, "lowlevel.spectral_energyband_middle_high.mean": 0.0054281363263726234, "lowlevel.spectral_energyband_middle_high.stdev": 0.006318994797766209, "lowlevel.spectral_energyband_middle_low.mean": 0.013560968451201916, "lowlevel.spectral_energyband_middle_low.stdev": 0.014857171103358269, "lowlevel.spectral_entropy.mean": 7.713576316833496, "lowlevel.spectral_entropy.stdev": 0.3605603575706482, "lowlevel.spectral_flux.mean": 0.11700040102005005, "lowlevel.spectral_flux.stdev": 0.06477057188749313, "lowlevel.spectral_kurtosis.mean": 3.1771018505096436, "lowlevel.spectral_kurtosis.stdev": 1.8260204792022705, "lowlevel.spectral_rms.mean": 0.006598253268748522, "lowlevel.spectral_rms.stdev": 0.0017890401650220156, "lowlevel.spectral_rolloff.mean": 1035.0096435546875, "lowlevel.spectral_rolloff.stdev": 1512.9764404296875, "lowlevel.spectral_skewness.mean": 1.3127593994140625, "lowlevel.spectral_skewness.stdev": 0.3412580192089081, "lowlevel.spectral_spread.mean": 5287756.5, "lowlevel.spectral_spread.stdev": 1824954.0, "lowlevel.spectral_strongpeak.mean": 0.6592625975608826, "lowlevel.spectral_strongpeak.stdev": 0.9640845656394958, "lowlevel.zerocrossingrate.mean": 0.052604276686906815, "lowlevel.zerocrossingrate.stdev": 0.034742821007966995, "metadata.audio_properties.analysis.equal_loudness": 0.0, "metadata.audio_properties.analysis.length": 34.217620849609375, "metadata.audio_properties.analysis.sample_rate": 44100.0, "metadata.audio_properties.analysis.start_time": 0.0, "metadata.audio_properties.bit_rate": 116889.0, "metadata.audio_properties.length": 34.218666076660156, "metadata.audio_properties.lossless": 0.0, "metadata.audio_properties.number_channels": 1.0, "metadata.audio_properties.replay_gain": -12.772344589233398, "metadata.audio_properties.sample_rate": 48000.0, "rhythm.beats_count": 64.0, "rhythm.beats_loudness.mean": 0.05106665566563606, "rhythm.beats_loudness.stdev": 0.014060068875551224, "rhythm.bpm": 114.16204071044922, "rhythm.bpm_histogram_first_peak_bpm": 115.0, "rhythm.bpm_histogram_first_peak_weight": 0.3207547068595886, "rhythm.bpm_histogram_second_peak_bpm": 110.0, "rhythm.bpm_histogram_second_peak_spread": 0.22222226858139038, "rhythm.bpm_histogram_second_peak_weight": 0.1111111119389534, "rhythm.danceability": 1.6257597208023071, "rhythm.onset_rate": 4.673194408416748, "tonal.chords_changes_rate": 0.09214092046022415, "tonal.chords_number_rate": 0.01084010861814022, "tonal.chords_strength.mean": 0.48340103030204773, "tonal.chords_strength.stdev": 0.08407633006572723, "tonal.hpcp_crest.mean": 12.068826675415039, "tonal.hpcp_crest.stdev": 5.272403717041016, "tonal.hpcp_entropy.mean": 2.209442615509033, "tonal.hpcp_entropy.stdev": 0.7050769329071045, "tonal.key_edma.strength": 0.5089250206947327, "tonal.key_krumhansl.strength": 0.5185841917991638, "tonal.key_temperley.strength": 0.5389280915260315, "tonal.tuning_diatonic_strength": 0.5969200134277344, "tonal.tuning_equal_tempered_deviation": 0.1733435094356537, "tonal.tuning_frequency": 434.193115234375, "tonal.tuning_nontempered_energy_ratio": 0.9041403532028198, "lowlevel.barkbands.mean": [0.006354241631925106, 0.014108733274042606, 0.007414208725094795, 0.0016591610619798303, 0.006438441574573517, 0.0016335963737219572, 0.0014297012239694595, 0.0017878140788525343, 0.0005152618396095932, 0.0006066288915462792, 0.0005096583627164364, 0.0009501262684352696, 0.0005969030316919088, 0.00039040681440383196, 0.00045932939974591136, 0.00040765953599475324, 0.000483813404571265, 0.00030687000253237784, 0.00045885686995461583, 0.00040684937266632915, 0.00015392975183203816, 0.00019025953952223063, 0.0001990777818718925, 0.00019918607722502202, 0.00014146602188702673, 0.00010313818347640336, 8.338963652931852e-07], "lowlevel.barkbands.stdev": [0.006112626753747463, 0.01821228675544262, 0.006424476392567158, 0.0025918404571712017, 0.012039543129503727, 0.002415743423625827, 0.0030459887348115444, 0.004047879949212074, 0.0014149571070447564, 0.0016300390707328916, 0.001671770354732871, 0.002928894478827715, 0.001722903922200203, 0.0009560395847074687, 0.0011422215029597282, 0.0010017044842243195, 0.0008169558132067323, 0.000472803512820974, 0.0007113426108844578, 0.0005120088462717831, 0.0001938364002853632, 0.00029163656290620565, 0.0003513955743983388, 0.000471988576464355, 0.00037345863529480994, 0.00025900150649249554, 2.910707507908228e-06], "lowlevel.erbbands.mean": [0.6248040795326233, 2.4176924228668213, 8.24018669128418, 7.12680196762085, 17.406654357910156, 18.398706436157227, 17.73166847229004, 9.800686836242676, 16.68204689025879, 27.456212997436523, 39.27408218383789, 13.383061408996582, 12.206350326538086, 24.063905715942383, 26.409318923950195, 39.032527923583984, 27.65757942199707, 27.090879440307617, 23.845373153686523, 20.62959098815918, 23.960826873779297, 25.230405807495117, 18.909191131591797, 15.923327445983887, 29.631694793701172, 17.601699829101562, 7.31710147857666, 5.6988372802734375, 7.070038318634033, 6.221560955047607, 5.445862293243408, 4.197777271270752, 3.3201522827148438, 1.7243459224700928, 0.9236080646514893, 0.48993539810180664, 0.19173315167427063, 0.01917789690196514, 0.000390128290746361, 7.199439278338104e-05], "lowlevel.erbbands.stdev": [0.7064639329910278, 3.9114739894866943, 7.561954021453857, 6.758505821228027, 40.271419525146484, 30.33027458190918, 29.235164642333984, 17.277406692504883, 35.23618698120117, 61.209869384765625, 87.7916488647461, 33.50135803222656, 26.633926391601562, 67.80017852783203, 70.19090270996094, 124.28523254394531, 77.60598754882812, 64.06241607666016, 61.00662612915039, 46.82748031616211, 54.115272521972656, 35.991943359375, 29.376874923706055, 20.870914459228516, 43.65420913696289, 20.54722023010254, 8.51357364654541, 7.621469974517822, 10.787315368652344, 10.100306510925293, 9.914005279541016, 9.740673065185547, 8.083483695983887, 4.650282859802246, 2.3690567016601562, 1.2713677883148193, 0.4740481972694397, 0.051241684705019, 0.0009499384905211627, 5.048298407928087e-05], "lowlevel.gfcc.mean": [28.602468490600586, 81.88500213623047, -93.916259765625, 52.302345275878906, -48.872413635253906, 20.295129776000977, -35.94873809814453, 15.55940055847168, -24.310714721679688, 6.037233829498291, -14.261398315429688, 1.8783429861068726, -15.698042869567871], "lowlevel.melbands.mean": [0.005059008486568928, 0.003757199039682746, 0.0015162680065259337, 0.0014871053863316774, 0.0005835655611008406, 0.00023651498486287892, 0.0002698390744626522, 0.00031828469946049154, 0.00028727808967232704, 7.077365444274619e-05, 6.052441676729359e-05, 9.753306221682578e-05, 8.047156006796286e-05, 0.00010607281001284719, 7.180839020293206e-05, 6.484166806330904e-05, 4.578533480525948e-05, 3.492104951874353e-05, 2.9398604965535924e-05, 2.800860966090113e-05, 2.8994778404012322e-05, 2.6812453143065795e-05, 2.2775775505579077e-05, 1.3078336451144423e-05, 1.1892559086845722e-05, 1.9411585526540875e-05, 2.3077131118043326e-05, 8.663450898893643e-06, 4.593464836943895e-06, 3.6908945730829146e-06, 3.0618905384471873e-06, 3.945903699786868e-06, 3.832088168564951e-06, 3.3853082186396932e-06, 3.125326202280121e-06, 2.8115196073486004e-06, 2.585620677564293e-06, 2.5247181838494726e-06, 1.8397801113678725e-06, 1.3072326510155108e-06], "lowlevel.melbands.stdev": [0.005638809874653816, 0.0039029682520776987, 0.0016902423230931163, 0.0030225496739149094, 0.0008575725951232016, 0.0003875350521411747, 0.0005604728357866406, 0.000695706345140934, 0.0006346646696329117, 0.00020082210539840162, 0.00013796619896311313, 0.00028426878270693123, 0.0002463767596054822, 0.0003297763760201633, 0.00022676045773550868, 0.0001965364208444953, 0.00011639550939435139, 9.249353024642915e-05, 6.800635310355574e-05, 7.553848990937695e-05, 7.268047193065286e-05, 4.129493026994169e-05, 3.835691313724965e-05, 2.0896251953672618e-05, 1.6883745047380216e-05, 3.366862438269891e-05, 3.2192216167459264e-05, 1.0159568773815408e-05, 5.660701845044969e-06, 4.964023901266046e-06, 4.310887561587151e-06, 6.049706371413777e-06, 6.473977464338532e-06, 5.749405772803584e-06, 5.456649887491949e-06, 6.27282270215801e-06, 6.321550245047547e-06, 6.155386927275686e-06, 5.017882813262986e-06, 3.5672628655447625e-06], "lowlevel.melbands128.mean": [0.005278352182358503, 0.006269889418035746, 0.004356442950665951, 0.003881172277033329, 0.004528132267296314, 0.003263355465605855, 0.001359868561848998, 0.0007853548158891499, 0.0019204337149858475, 0.0021195190493017435, 0.000752052990719676, 0.0005112166982144117, 0.0007684572483412921, 0.0003431792720220983, 0.0001732279488351196, 0.00021143123740330338, 0.00020550469344016165, 0.0003067133657168597, 0.00029979957616887987, 0.00031785000464878976, 0.0002840058004949242, 0.0004353948461357504, 0.0003269230655860156, 9.709445293992758e-05, 7.208305032690987e-05, 5.512220013770275e-05, 6.686789856757969e-05, 4.8281726776622236e-05, 5.561825673794374e-05, 0.0001339557347819209, 9.39523451961577e-05, 6.504263001261279e-05, 9.087525540962815e-05, 7.339884905377403e-05, 9.61792393354699e-05, 0.00012062997848261148, 0.0001248135813511908, 6.110056710895151e-05, 4.427457315614447e-05, 6.193490116856992e-05, 6.390055204974487e-05, 8.254680142272264e-05, 5.106080061523244e-05, 2.5530858692945912e-05, 1.9169387087458745e-05, 3.859766366076656e-05, 5.630965461023152e-05, 2.157327253371477e-05, 2.293595753144473e-05, 2.8820553779951297e-05, 3.317582013551146e-05, 1.9318236809340306e-05, 2.867714829335455e-05, 3.162801294820383e-05, 3.396413740119897e-05, 2.4693044906598516e-05, 2.1052939700894058e-05, 2.9823562726960517e-05, 2.0896963178529404e-05, 1.451788284612121e-05, 1.4039415873412509e-05, 1.0449054570926819e-05, 1.0395084245828912e-05, 1.3609321285912301e-05, 1.1921738405362703e-05, 1.8965227354783565e-05, 2.4685461539775133e-05, 2.2426291252486408e-05, 2.8872293114545755e-05, 1.5316323697334155e-05, 7.094715783750871e-06, 5.884161510039121e-06, 4.676220669352915e-06, 4.758099294122076e-06, 3.824254690698581e-06, 3.734954589162953e-06, 3.7731385873485124e-06, 3.135061660941574e-06, 2.8263418698770693e-06, 2.9597210868814727e-06, 3.7865852391405497e-06, 4.623568656825228e-06, 4.019605512439739e-06, 4.100665591977304e-06, 3.081042905250797e-06, 3.4988438528671395e-06, 3.388236791579402e-06, 3.3699120649544057e-06, 2.8858078167104395e-06, 3.216160848751315e-06, 3.2345296858693473e-06, 2.7566866265260614e-06, 1.9845056158374064e-06, 2.4973387553473003e-06, 3.0198855256458046e-06, 2.8466977255448e-06, 2.3557950044050813e-06, 2.1255375486362027e-06, 1.9004254454557667e-06, 1.7932030687006772e-06, 1.3226374449004652e-06, 1.4210910421752487e-06, 8.94197228262783e-07, 1.1814280469479854e-06, 9.057216061592044e-07, 1.139153823714878e-06, 9.814514214667724e-07, 7.796649583724502e-07, 8.344856041730964e-07, 8.146444088197313e-07, 8.818035439617233e-07, 7.897558020886208e-07, 5.512218876901898e-07, 5.214612315285194e-07, 3.7475709291356907e-07, 1.9303588771890645e-07, 3.671340564892489e-08, 1.4181920915401491e-10, 8.07576575057034e-12, 7.707532528877792e-12, 7.491568997097797e-12, 7.284604343349432e-12, 7.102401999858898e-12, 6.968537292345589e-12, 6.837230434597608e-12, 6.6991698646767794e-12, 6.613160973695242e-12, 6.571131225957538e-12], "lowlevel.melbands128.stdev": [0.005074277054518461, 0.006882213056087494, 0.007366120349615812, 0.006571202073246241, 0.00463964743539691, 0.0027980459854006767, 0.0015483779134228826, 0.0014026554999873042, 0.005035565234720707, 0.004705363418906927, 0.001283855875954032, 0.0009044430335052311, 0.001464744214899838, 0.0005841328529641032, 0.00044304519542492926, 0.0006143219652585685, 0.0005509310867637396, 0.0008442599792033434, 0.000852926925290376, 0.0009402922005392611, 0.000938393990509212, 0.0012428363552317023, 0.0008444424020126462, 0.00035081658279523253, 0.0003099308523815125, 0.00023119816614780575, 0.00022576551418751478, 0.00015528418589383364, 0.00019701971905305982, 0.0004445693630259484, 0.0003925628261640668, 0.0002852246107067913, 0.00039762581582181156, 0.00028072053100913763, 0.0004149852320551872, 0.000555183389224112, 0.0004871250712312758, 0.00035580055555328727, 0.0001640148548176512, 0.0003061803290620446, 0.0002701417251955718, 0.0002876271028071642, 0.00018630381964612752, 9.985078941099346e-05, 6.716271309414878e-05, 0.0001378707675030455, 0.00018688828276935965, 8.186995546566322e-05, 7.652046770090237e-05, 9.985303768189624e-05, 0.00013298529665917158, 4.3411208025645465e-05, 0.00012885061732959002, 8.87785863596946e-05, 8.447178697679192e-05, 4.292089943191968e-05, 3.7653149774996564e-05, 6.415204552467912e-05, 4.486565012484789e-05, 3.443995592533611e-05, 2.8866377761005424e-05, 1.5765133866807446e-05, 1.5470237485715188e-05, 2.6413033992866985e-05, 2.290148040628992e-05, 4.845139483222738e-05, 5.2857074479106814e-05, 4.410765177453868e-05, 5.0599261157913134e-05, 2.3353801225312054e-05, 1.016058558889199e-05, 8.171406079782173e-06, 6.777842827432323e-06, 6.532266979775159e-06, 5.596908522420563e-06, 5.354803761292715e-06, 5.974296527710976e-06, 4.922259449813282e-06, 4.443777925189352e-06, 4.666130280384095e-06, 6.609255251532886e-06, 7.954577085911296e-06, 6.812377250753343e-06, 8.178254574886523e-06, 5.58049123355886e-06, 6.907785518706078e-06, 6.1206333157315385e-06, 5.873177542525809e-06, 5.187150236451998e-06, 6.856315394543344e-06, 7.344693131017266e-06, 6.973300969548291e-06, 5.335293280950282e-06, 7.178125997597817e-06, 7.5296561590221245e-06, 6.838119588792324e-06, 6.547012162627652e-06, 5.86775058764033e-06, 5.123307346366346e-06, 5.8539708334137686e-06, 4.003054982604226e-06, 3.8111656976980157e-06, 2.4922073862398975e-06, 3.5369214401725912e-06, 2.5439946966798743e-06, 3.2970090160233667e-06, 2.538670742069371e-06, 2.137215460606967e-06, 2.4748139821895165e-06, 2.3906625301606255e-06, 2.661281996552134e-06, 2.16597004509822e-06, 1.3473604667524341e-06, 1.3886746046409826e-06, 9.72464363258041e-07, 7.554551189059566e-07, 1.258295014849864e-07, 1.2581798936039945e-09, 1.1121424961513249e-11, 1.0347668902288554e-11, 1.0088989539636106e-11, 9.759222943661605e-12, 9.547869439519019e-12, 9.369322158392368e-12, 9.222908894934712e-12, 9.106687626214693e-12, 9.022638539080141e-12, 8.970907350303037e-12], "lowlevel.mfcc.mean": [-619.3248901367188, 108.0289306640625, 17.920040130615234, 37.440250396728516, 15.695329666137695, 10.489022254943848, 6.3039326667785645, 8.827301025390625, -1.6310782432556152, 6.734000205993652, 0.907053530216217, 3.2290806770324707, 5.672459125518799], "lowlevel.spectral_contrast_coeffs.mean": [-0.683786928653717, -0.7468968629837036, -0.7849633097648621, -0.8024052381515503, -0.7875390648841858, -0.7589269280433655], "lowlevel.spectral_contrast_coeffs.stdev": [0.07130196690559387, 0.08226341009140015, 0.06981585919857025, 0.056581106036901474, 0.04925515502691269, 0.03326428309082985], "lowlevel.spectral_contrast_valleys.mean": [-6.305997848510742, -6.82042121887207, -7.433424949645996, -7.500027656555176, -7.217842102050781, -9.860099792480469], "lowlevel.spectral_contrast_valleys.stdev": [0.5694730877876282, 0.5278633832931519, 0.5894075632095337, 0.5300130844116211, 0.5361076593399048, 0.727731466293335], "rhythm.beats_loudness_band_ratio.mean": [0.5779803395271301, 0.23631148040294647, 0.11322931945323944, 0.07795386761426926, 0.04362010583281517, 0.05255351588129997], "rhythm.beats_loudness_band_ratio.stdev": [0.17622901499271393, 0.218235582113266, 0.1184629276394844, 0.10065966844558716, 0.04621728137135506, 0.05836375802755356], "tonal.hpcp.mean": [0.2876932919025421, 0.26240286231040955, 0.08014675974845886, 0.04643036425113678, 0.055893927812576294, 0.10678553581237793, 0.2050972878932953, 0.22679826617240906, 0.22072367370128632, 0.26147618889808655, 0.22723190486431122, 0.1351003497838974, 0.08204033970832825, 0.07043617963790894, 0.07171337306499481, 0.16334471106529236, 0.1959993541240692, 0.09710049629211426, 0.04292714595794678, 0.034043002873659134, 0.03362686187028885, 0.04861285164952278, 0.06400581449270248, 0.060504499822854996, 0.04879002273082733, 0.032002054154872894, 0.03129671514034271, 0.045035794377326965, 0.050816528499126434, 0.06645887345075607, 0.11793889105319977, 0.11998110264539719, 0.09146851301193237, 0.08170610666275024, 0.06244955584406853, 0.11164018511772156], "tonal.hpcp.stdev": [0.3694435954093933, 0.3301679491996765, 0.1653965562582016, 0.14047640562057495, 0.15654756128787994, 0.20857159793376923, 0.3069370985031128, 0.3127334713935852, 0.2999860644340515, 0.36062365770339966, 0.34858372807502747, 0.2715115249156952, 0.20106138288974762, 0.18375283479690552, 0.18486084043979645, 0.2482992261648178, 0.29488348960876465, 0.18943211436271667, 0.13187091052532196, 0.11703082174062729, 0.12088111788034439, 0.13851387798786163, 0.17655055224895477, 0.162221297621727, 0.1398601233959198, 0.09113810211420059, 0.09717675298452377, 0.12243860214948654, 0.12158310413360596, 0.16191816329956055, 0.24228069186210632, 0.24240733683109283, 0.21479402482509613, 0.21630369126796722, 0.17017507553100586, 0.2061905860900879], "rhythm.beats_position": [0.54566890001297, 1.09133780002594, 1.6253968477249146, 2.1710658073425293, 2.705124616622925, 3.250793695449829, 3.808072566986084, 4.353741645812988, 4.899410247802734, 5.445079326629639, 6.0023579597473145, 6.548027038574219, 7.082086086273193, 7.616145133972168, 8.138593673706055, 8.661043167114258, 9.183491706848145, 9.705941200256348, 10.228389739990234, 10.750839233398438, 11.273287773132324, 11.795736312866211, 12.306575775146484, 12.829024314880371, 13.351473808288574, 13.88553237915039, 14.407981872558594, 14.93043041229248, 15.441269874572754, 15.96371841430664, 16.486167907714844, 17.008617401123047, 17.531064987182617, 18.05351448059082, 18.575963973999023, 19.098411560058594, 19.620861053466797, 20.15492057800293, 20.688980102539062, 21.188207626342773, 21.699047088623047, 22.22149658203125, 22.75555419921875, 23.278003692626953, 23.800453186035156, 24.32290267944336, 24.84535026550293, 25.356189727783203, 25.867029190063477, 26.40108871459961, 26.92353630065918, 27.445985794067383, 27.956825256347656, 28.49088478088379, 29.01333236694336, 29.535781860351562, 30.046621322631836, 30.569068908691406, 31.09151840209961, 31.613967895507812, 32.136417388916016, 32.65886688232422, 33.18131637573242, 33.70376205444336], "rhythm.bpm_histogram": [0.0, 0.0, 0.0, 0.0, 0.0, 0.0, 0.0, 0.0, 0.0, 0.0, 0.0, 0.0, 0.0, 0.0, 0.0, 0.0, 0.0, 0.0, 0.0, 0.0, 0.0, 0.0, 0.0, 0.0, 0.0, 0.0, 0.0, 0.0, 0.0, 0.0, 0.0, 0.0, 0.0, 0.0, 0.0, 0.0, 0.0, 0.0, 0.0, 0.0, 0.0, 0.0, 0.0, 0.0, 0.0, 0.0, 0.0, 0.0, 0.0, 0.0, 0.0, 0.0, 0.0, 0.0, 0.0, 0.0, 0.0, 0.0, 0.0, 0.0, 0.0, 0.0, 0.0, 0.0, 0.0, 0.0, 0.0, 0.0, 0.0, 0.0, 0.0, 0.0, 0.0, 0.0, 0.0, 0.0, 0.0, 0.0, 0.0, 0.0, 0.0, 0.0, 0.0, 0.0, 0.0, 0.0, 0.0, 0.0, 0.0, 0.0, 0.0, 0.0, 0.0, 0.0, 0.0, 0.0, 0.0, 0.0, 0.0, 0.0, 0.0, 0.0, 0.0, 0.0, 0.0, 0.0, 0.0, 0.0, 0.0317460335791111, 0.0, 0.1111111119389534, 0.0, 0.1587301641702652, 0.0, 0.0, 0.5714285969734192, 0.0, 0.1111111119389534, 0.0, 0.0, 0.01587301678955555, 0.0, 0.0, 0.0, 0.0, 0.0, 0.0, 0.0, 0.0, 0.0, 0.0, 0.0, 0.0, 0.0, 0.0, 0.0, 0.0, 0.0, 0.0, 0.0, 0.0, 0.0, 0.0, 0.0, 0.0, 0.0, 0.0, 0.0, 0.0, 0.0, 0.0, 0.0, 0.0, 0.0, 0.0, 0.0, 0.0, 0.0, 0.0, 0.0, 0.0, 0.0, 0.0, 0.0, 0.0, 0.0, 0.0, 0.0, 0.0, 0.0, 0.0, 0.0, 0.0, 0.0, 0.0, 0.0, 0.0, 0.0, 0.0, 0.0, 0.0, 0.0, 0.0, 0.0, 0.0, 0.0, 0.0, 0.0, 0.0, 0.0, 0.0, 0.0, 0.0, 0.0, 0.0, 0.0, 0.0, 0.0, 0.0, 0.0, 0.0, 0.0, 0.0, 0.0, 0.0, 0.0, 0.0, 0.0, 0.0, 0.0, 0.0, 0.0, 0.0, 0.0, 0.0, 0.0, 0.0, 0.0, 0.0, 0.0, 0.0, 0.0, 0.0, 0.0, 0.0, 0.0, 0.0, 0.0, 0.0, 0.0, 0.0, 0.0, 0.0, 0.0, 0.0, 0.0, 0.0, 0.0, 0.0, 0.0, 0.0, 0.0, 0.0, 0.0, 0.0, 0.0, 0.0, 0.0, 0.0, 0.0], "tonal.chords_histogram": [0.0, 1.0840108394622803, 38.07588195800781, 11.382113456726074, 19.647695541381836, 0.13550135493278503, 4.065040588378906, 0.0, 0.0, 0.0, 0.0, 0.0, 0.0, 0.0, 0.0, 0.0, 0.0, 0.0, 0.0, 0.0, 0.0, 7.317073345184326, 3.3875339031219482, 14.905149459838867], "tonal.thpcp": [1.0, 0.912092387676239, 0.2785840332508087, 0.16138841211795807, 0.19428303837776184, 0.37117838859558105, 0.7129025459289551, 0.788333535194397, 0.7672187089920044, 0.9088713526725769, 0.789840817451477, 0.46959853172302246, 0.2851659953594208, 0.24483080208301544, 0.2492702305316925, 0.5677738189697266, 0.6812788248062134, 0.3375139534473419, 0.14921149611473083, 0.11833088845014572, 0.11688441783189774, 0.16897457838058472, 0.22247934341430664, 0.21030904352664948, 0.16959041357040405, 0.11123670637607574, 0.1087850034236908, 0.15654098987579346, 0.17663438618183136, 0.23100599646568298, 0.40994662046432495, 0.4170451760292053, 0.31793758273124695, 0.28400421142578125, 0.21706990897655487, 0.3880527913570404], "lowlevel.gfcc.cov": [[2219.43798828125, -306.66845703125, -172.216552734375, -38.27607345581055, -32.363487243652344, 42.98330307006836, -77.98538208007812, 30.20338249206543, -110.36945343017578, 25.21441650390625, -15.380455017089844, 46.23000717163086, -58.824337005615234], [-306.66845703125, 925.4761962890625, -402.70794677734375, -109.41912078857422, 64.03124237060547, -145.07711791992188, 80.95410919189453, -70.05345916748047, 53.31925964355469, -91.43624877929688, 115.4874267578125, -81.01322937011719, 69.17709350585938], [-172.216552734375, -402.70794677734375, 645.7669067382812, 139.0419158935547, -18.912368774414062, 63.74814987182617, -47.02778244018555, -14.98808479309082, -25.801353454589844, 54.990257263183594, -91.25764465332031, 72.09970092773438, -16.953094482421875], [-38.27607345581055, -109.41912078857422, 139.0419158935547, 291.75897216796875, 33.40167236328125, -25.106409072875977, -46.064369201660156, -22.023805618286133, 39.50666046142578, -13.993622779846191, -34.85273361206055, -7.644186973571777, 27.09926414489746], [-32.363487243652344, 64.03124237060547, -18.912368774414062, 33.40167236328125, 201.42474365234375, 50.0096321105957, 14.324402809143066, 18.76810073852539, 32.64323425292969, 21.370506286621094, 13.123703956604004, -8.808296203613281, 9.076518058776855], [42.98330307006836, -145.07711791992188, 63.74814987182617, -25.106409072875977, 50.0096321105957, 204.45542907714844, 107.7157211303711, 15.712244033813477, -25.735485076904297, 14.294649124145508, 1.5444961786270142, 0.6540913581848145, -11.440954208374023], [-77.98538208007812, 80.95410919189453, -47.02778244018555, -46.064369201660156, 14.324402809143066, 107.7157211303711, 214.0150909423828, 49.43621826171875, -25.21646499633789, -15.542826652526855, 47.06230545043945, 4.254250526428223, 3.7205967903137207], [30.20338249206543, -70.05345916748047, -14.98808479309082, -22.023805618286133, 18.76810073852539, 15.712244033813477, 49.43621826171875, 126.93698120117188, 58.10604476928711, 23.73692512512207, 8.640207290649414, -3.09745717048645, -11.269166946411133], [-110.36945343017578, 53.31925964355469, -25.801353454589844, 39.50666046142578, 32.64323425292969, -25.735485076904297, -25.21646499633789, 58.10604476928711, 152.0437469482422, 40.628475189208984, -4.026998996734619, -37.9649772644043, 0.0665753036737442], [25.21441650390625, -91.43624877929688, 54.990257263183594, -13.993622779846191, 21.370506286621094, 14.294649124145508, -15.542826652526855, 23.73692512512207, 40.628475189208984, 106.96044921875, 19.128517150878906, 2.8602139949798584, -23.12001609802246], [-15.380455017089844, 115.4874267578125, -91.25764465332031, -34.85273361206055, 13.123703956604004, 1.5444961786270142, 47.06230545043945, 8.640207290649414, -4.026998996734619, 19.128517150878906, 103.76927947998047, 26.199962615966797, 13.896485328674316], [46.23000717163086, -81.01322937011719, 72.09970092773438, -7.644186973571777, -8.808296203613281, 0.6540913581848145, 4.254250526428223, -3.09745717048645, -37.9649772644043, 2.8602139949798584, 26.199962615966797, 97.7310562133789, 29.32229232788086], [-58.824337005615234, 69.17709350585938, -16.953094482421875, 27.09926414489746, 9.076518058776855, -11.440954208374023, 3.7205967903137207, -11.269166946411133, 0.0665753036737442, -23.12001609802246, 13.896485328674316, 29.32229232788086, 74.50414276123047]], "lowlevel.gfcc.icov": [[0.000615597004070878, -0.00024195550940930843, 0.0005631106905639172, -0.0004992642207071185, 0.00032037749770097435, -0.0007834260468371212, 0.0008501347620040178, -0.0009192032157443464, 0.000996486167423427, -0.00064901850419119, 0.0006543988711200655, -0.0009685586555860937, 0.0007364445482380688], [-0.00024195550940930843, 0.00635384488850832, -0.000542731664609164, 0.004188681021332741, -0.0037396319676190615, 0.007393107749521732, -0.005922212731093168, 0.007783686276525259, -0.005347716622054577, 0.005435066297650337, -0.006142303813248873, 0.007017228286713362, -0.004598370287567377], [0.0005631106905639172, -0.000542731664609164, 0.0035873735323548317, -0.002225266071036458, 0.0010367685463279486, -0.0021395268850028515, 0.0011062165722250938, -0.0010941639775410295, 0.001606212230399251, -0.0030472821090370417, 0.004078179132193327, -0.004478128161281347, 0.0019533312879502773], [-0.0004992642207071185, 0.004188681021332741, -0.002225266071036458, 0.007878237403929234, -0.0035716742277145386, 0.005925069563090801, -0.0041238246485590935, 0.006506823468953371, -0.0056280530989170074, 0.005419776309281588, -0.0045000663958489895, 0.006383934523910284, -0.005106418859213591], [0.00032037749770097435, -0.0037396319676190615, 0.0010367685463279486, -0.0035716742277145386, 0.008287377655506134, -0.006689827423542738, 0.004414665047079325, -0.005336826201528311, 0.002709830878302455, -0.004269368015229702, 0.003084189258515835, -0.004084795713424683, 0.0019007216906175017], [-0.0007834260468371212, 0.007393107749521732, -0.0021395268850028515, 0.005925069563090801, -0.006689827423542738, 0.017597617581486702, -0.012244991958141327, 0.01047882717102766, -0.005825672764331102, 0.005070101469755173, -0.005788298789411783, 0.009469767101109028, -0.005480020307004452], [0.0008501347620040178, -0.005922212731093168, 0.0011062165722250938, -0.0041238246485590935, 0.004414665047079325, -0.012244991958141327, 0.015625594183802605, -0.012093324214220047, 0.007527204696089029, -0.0027953432872891426, 0.0015486438060179353, -0.005626632831990719, 0.003945413511246443], [-0.0009192032157443464, 0.007783686276525259, -0.0010941639775410295, 0.006506823468953371, -0.005336826201528311, 0.01047882717102766, -0.012093324214220047, 0.022784773260354996, -0.013378829695284367, 0.0064046746119856834, -0.006274686194956303, 0.006264648865908384, -0.0035548012237995863], [0.000996486167423427, -0.005347716622054577, 0.001606212230399251, -0.0056280530989170074, 0.002709830878302455, -0.005825672764331102, 0.007527204696089029, -0.013378829695284367, 0.018056096509099007, -0.009697089903056622, 0.005810425151139498, -0.0015728219877928495, 0.001050380989909172], [-0.00064901850419119, 0.005435066297650337, -0.0030472821090370417, 0.005419776309281588, -0.004269368015229702, 0.005070101469755173, -0.0027953432872891426, 0.0064046746119856834, -0.009697089903056622, 0.02041836455464363, -0.011506311595439911, 0.006018695421516895, 0.00030567916110157967], [0.0006543988711200655, -0.006142303813248873, 0.004078179132193327, -0.0045000663958489895, 0.003084189258515835, -0.005788298789411783, 0.0015486438060179353, -0.006274686194956303, 0.005810425151139498, -0.011506311595439911, 0.023410409688949585, -0.013559858314692974, 0.0038879530038684607], [-0.0009685586555860937, 0.007017228286713362, -0.004478128161281347, 0.006383934523910284, -0.004084795713424683, 0.009469767101109028, -0.005626632831990719, 0.006264648865908384, -0.0015728219877928495, 0.006018695421516895, -0.013559858314692974, 0.02730754390358925, -0.013789864256978035], [0.0007364445482380688, -0.004598370287567377, 0.0019533312879502773, -0.005106418859213591, 0.0019007216906175017, -0.005480020307004452, 0.003945413511246443, -0.0035548012237995863, 0.001050380989909172, 0.00030567916110157967, 0.0038879530038684607, -0.013789864256978035, 0.023563111200928688]], "lowlevel.mfcc.cov": [[2206.497802734375, -219.1439971923828, -272.73345947265625, -74.90686798095703, -28.78682518005371, -62.152313232421875, 6.541018486022949, 0.8568517565727234, -102.42481994628906, -1.0010955333709717, -5.238091945648193, -61.5968017578125, -11.217283248901367], [-219.1439971923828, 779.3876342773438, -322.58697509765625, -48.605255126953125, -68.43634796142578, -56.91668701171875, 20.922954559326172, -2.5255255699157715, -59.521888732910156, 10.801793098449707, -18.133684158325195, -2.8347949981689453, 49.2212028503418], [-272.73345947265625, -322.58697509765625, 519.616943359375, 80.25637817382812, 12.80854320526123, 66.63495635986328, -19.9456787109375, -17.045150756835938, 48.76051712036133, -62.14094924926758, -13.199098587036133, 3.3395755290985107, -38.54258728027344], [-74.90686798095703, -48.605255126953125, 80.25637817382812, 253.4428253173828, 73.48231506347656, -12.649015426635742, -75.23381805419922, -23.428632736206055, 19.171287536621094, -24.74061393737793, -15.906357765197754, -5.128251552581787, -2.4997785091400146], [-28.78682518005371, -68.43634796142578, 12.80854320526123, 73.48231506347656, 206.02455139160156, 26.400774002075195, -64.74337768554688, -34.26377868652344, 30.206787109375, 22.657306671142578, 11.862205505371094, 12.725943565368652, -17.233076095581055], [-62.152313232421875, -56.91668701171875, 66.63495635986328, -12.649015426635742, 26.400774002075195, 161.4727325439453, 73.89677429199219, 5.709353446960449, 17.641399383544922, -7.812508583068848, 11.056044578552246, 7.093144416809082, -30.72830581665039], [6.541018486022949, 20.922954559326172, -19.9456787109375, -75.23381805419922, -64.74337768554688, 73.89677429199219, 202.04779052734375, 76.64855194091797, -13.238454818725586, -1.4153311252593994, 11.938414573669434, -6.2220306396484375, 0.7294331192970276], [0.8568517565727234, -2.5255255699157715, -17.045150756835938, -23.428632736206055, -34.26377868652344, 5.709353446960449, 76.64855194091797, 120.46260070800781, 29.862091064453125, 5.308487415313721, -3.520697593688965, 2.6084561347961426, 7.466227054595947], [-102.42481994628906, -59.521888732910156, 48.76051712036133, 19.171287536621094, 30.206787109375, 17.641399383544922, -13.238454818725586, 29.862091064453125, 107.05259704589844, 41.63166046142578, 14.040616989135742, 8.365489959716797, -6.055201530456543], [-1.0010955333709717, 10.801793098449707, -62.14094924926758, -24.74061393737793, 22.657306671142578, -7.812508583068848, -1.4153311252593994, 5.308487415313721, 41.63166046142578, 125.14513397216797, 57.13241958618164, 14.227071762084961, 5.227163314819336], [-5.238091945648193, -18.133684158325195, -13.199098587036133, -15.906357765197754, 11.862205505371094, 11.056044578552246, 11.938414573669434, -3.520697593688965, 14.040616989135742, 57.13241958618164, 83.8086929321289, 34.88584518432617, 4.985862731933594], [-61.5968017578125, -2.8347949981689453, 3.3395755290985107, -5.128251552581787, 12.725943565368652, 7.093144416809082, -6.2220306396484375, 2.6084561347961426, 8.365489959716797, 14.227071762084961, 34.88584518432617, 80.19348907470703, 35.41913604736328], [-11.217283248901367, 49.2212028503418, -38.54258728027344, -2.4997785091400146, -17.233076095581055, -30.72830581665039, 0.7294331192970276, 7.466227054595947, -6.055201530456543, 5.227163314819336, 4.985862731933594, 35.41913604736328, 86.09196472167969]], "lowlevel.mfcc.icov": [[0.0006023172754794359, 0.00043514076969586313, 0.0005158760468475521, 7.044379162834957e-05, 7.519247446907684e-05, 3.107860538875684e-05, 0.0001313311659032479, -0.00012188233085907996, 0.0005481418338604271, 6.320585089270025e-05, -0.00014316126180347055, 0.0004790384555235505, -5.577902993536554e-05], [0.00043514076969586313, 0.0021632059942930937, 0.0015011135255917907, -0.00010346994531573728, 0.0005940855480730534, 3.1310792110161856e-05, -6.703787221340463e-05, 0.0003434034588281065, 0.000573466531932354, -5.974866326141637e-06, 0.0005228226073086262, 0.0001448235852876678, -0.0004593215708155185], [0.0005158760468475521, 0.0015011135255917907, 0.003707848722115159, -0.0006541239563375711, 0.0008954040822573006, -0.0007260204292833805, 0.000126464685308747, 0.0008193338289856911, -0.0012290672166272998, 0.0018414031947031617, -0.00018980700406245887, -0.00022375522530637681, 0.0006027350318618119], [7.044379162834957e-05, -0.00010346994531573728, -0.0006541239563375711, 0.005199550185352564, -0.0016691746423020959, 0.00020866731938440353, 0.0014690057141706347, -0.00042318785563111305, -0.0004845208313781768, 0.0013083426747471094, -0.00039474054938182235, 0.0011621705489233136, -0.0008777067414484918], [7.519247446907684e-05, 0.0005940855480730534, 0.0008954040822573006, -0.0016691746423020959, 0.007014468777924776, -0.0020626706536859274, 0.0019455438014119864, 0.0008856401545926929, -0.0007910975837148726, -0.0011608395725488663, 0.0003671894664876163, -0.0012293615145608783, 0.0010964699322357774], [3.107860538875684e-05, 3.1310792110161856e-05, -0.0007260204292833805, 0.00020866731938440353, -0.0020626706536859274, 0.010690643452107906, -0.006014946382492781, 0.003089572535827756, -0.002605967689305544, 0.0014606838813051581, 0.00020482929539866745, -0.002844998612999916, 0.003739685518667102], [0.0001313311659032479, -6.703787221340463e-05, 0.000126464685308747, 0.0014690057141706347, 0.0019455438014119864, -0.006014946382492781, 0.01158566027879715, -0.007178339641541243, 0.003698228858411312, -0.00010520561772864312, -0.002967451699078083, 0.0033598202280700207, -0.0020222689490765333], [-0.00012188233085907996, 0.0003434034588281065, 0.0008193338289856911, -0.00042318785563111305, 0.0008856401545926929, 0.003089572535827756, -0.007178339641541243, 0.014665506780147552, -0.00637724157422781, 0.0007182715926319361, 0.0028245775029063225, -0.0025481018237769604, 0.0006038867868483067], [0.0005481418338604271, 0.000573466531932354, -0.0012290672166272998, -0.0004845208313781768, -0.0007910975837148726, -0.002605967689305544, 0.003698228858411312, -0.00637724157422781, 0.015993215143680573, -0.006261816248297691, 0.000974130816757679, 0.0003711319877766073, -9.156190208159387e-05], [6.320585089270025e-05, -5.974866326141637e-06, 0.0018414031947031617, 0.0013083426747471094, -0.0011608395725488663, 0.0014606838813051581, -0.00010520561772864312, 0.0007182715926319361, -0.006261816248297691, 0.015985459089279175, -0.01040593534708023, 0.0028025794308632612, -0.0008597548003308475], [-0.00014316126180347055, 0.0005228226073086262, -0.00018980700406245887, -0.00039474054938182235, 0.0003671894664876163, 0.00020482929539866745, -0.002967451699078083, 0.0028245775029063225, 0.000974130816757679, -0.01040593534708023, 0.023440014570951462, -0.010331627912819386, 0.00310616591013968], [0.0004790384555235505, 0.0001448235852876678, -0.00022375522530637681, 0.0011621705489233136, -0.0012293615145608783, -0.002844998612999916, 0.0033598202280700207, -0.0025481018237769604, 0.0003711319877766073, 0.0028025794308632612, -0.010331627912819386, 0.021979011595249176, -0.009743944741785526], [-5.577902993536554e-05, -0.0004593215708155185, 0.0006027350318618119, -0.0008777067414484918, 0.0010964699322357774, 0.003739685518667102, -0.0020222689490765333, 0.0006038867868483067, -9.156190208159387e-05, -0.0008597548003308475, 0.00310616591013968, -0.009743944741785526, 0.017508840188384056]], "metadata.audio_properties.analysis.downmix": "mix", "metadata.audio_properties.codec": "mp3", "metadata.audio_properties.md5_encoded": "787f8356a6150f848508c7cd25617ce2", "metadata.tags.file_name": "1183720426724134923.mp3", "metadata.version.essentia": "2.1-beta6-dev", "metadata.version.essentia_git_sha": "v2.1_beta5-1110-g77a6a954", "metadata.version.extractor": "music 2.0", "tonal.chords_key": "G", "tonal.chords_scale": "major", "tonal.key_edma.key": "