{"song_id": "1183703241112956959", "download": "https://cdn.discordapp.com/attachments/1135911532732108921/1183703241112956959/chirp.mp4?ex=65894c8c&amp", "lyrics": "Take your time to consider the opportunity and place a trade.\nIt's important to follow the rules\nAlways think of scenarios and check the situation\nTrade with an edge and put the odds on your side\nEarn big profits\nTrading is fun and feels good\nMake great trades and make a lot of money\nA happy day begins", "style": ["random"], "essentia_features": {"lowlevel.average_loudness": 0.9867162704467773, "lowlevel.barkbands_crest.mean": 10.966960906982422, "lowlevel.barkbands_crest.stdev": 3.883075714111328, "lowlevel.barkbands_flatness_db.mean": 0.13325980305671692, "lowlevel.barkbands_flatness_db.stdev": 0.027860291302204132, "lowlevel.barkbands_kurtosis.mean": 1.8495999574661255, "lowlevel.barkbands_kurtosis.stdev": 3.0929698944091797, "lowlevel.barkbands_skewness.mean": 1.4352295398712158, "lowlevel.barkbands_skewness.stdev": 0.7526946663856506, "lowlevel.barkbands_spread.mean": 31.31243896484375, "lowlevel.barkbands_spread.stdev": 14.71951675415039, "lowlevel.dissonance.mean": 0.4761315584182739, "lowlevel.dissonance.stdev": 0.02044885978102684, "lowlevel.dynamic_complexity": 0.97662353515625, "lowlevel.erbbands_crest.mean": 7.722428321838379, "lowlevel.erbbands_crest.stdev": 4.121078014373779, "lowlevel.erbbands_flatness_db.mean": 0.13569070398807526, "lowlevel.erbbands_flatness_db.stdev": 0.02329859882593155, "lowlevel.erbbands_kurtosis.mean": 0.06024099886417389, "lowlevel.erbbands_kurtosis.stdev": 0.8982521295547485, "lowlevel.erbbands_skewness.mean": -0.028627926483750343, "lowlevel.erbbands_skewness.stdev": 0.5094273686408997, "lowlevel.erbbands_spread.mean": 41.04536437988281, "lowlevel.erbbands_spread.stdev": 12.51773738861084, "lowlevel.hfc.mean": 38.04399871826172, "lowlevel.hfc.stdev": 20.506555557250977, "lowlevel.loudness_ebu128.integrated": -16.128313064575195, "lowlevel.loudness_ebu128.loudness_range": 0.6184616088867188, "lowlevel.loudness_ebu128.momentary.mean": -16.159793853759766, "lowlevel.loudness_ebu128.momentary.stdev": 0.5328958034515381, "lowlevel.loudness_ebu128.short_term.mean": -16.107975006103516, "lowlevel.loudness_ebu128.short_term.stdev": 0.22583149373531342, "lowlevel.melbands_crest.mean": 18.71830177307129, "lowlevel.melbands_crest.stdev": 4.336863040924072, "lowlevel.melbands_flatness_db.mean": 0.1768718808889389, "lowlevel.melbands_flatness_db.stdev": 0.03976123034954071, "lowlevel.melbands_kurtosis.mean": 10.957809448242188, "lowlevel.melbands_kurtosis.stdev": 10.022468566894531, "lowlevel.melbands_skewness.mean": 2.84615159034729, "lowlevel.melbands_skewness.stdev": 1.1877167224884033, "lowlevel.melbands_spread.mean": 25.885114669799805, "lowlevel.melbands_spread.stdev": 13.148518562316895, "lowlevel.pitch_salience.mean": 0.4583682417869568, "lowlevel.pitch_salience.stdev": 0.10996001958847046, "lowlevel.silence_rate_20dB.mean": 1.0, "lowlevel.silence_rate_20dB.stdev": 0.0, "lowlevel.silence_rate_30dB.mean": 0.9328969120979309, "lowlevel.silence_rate_30dB.stdev": 0.2501993775367737, "lowlevel.silence_rate_60dB.mean": 0.0024549919180572033, "lowlevel.silence_rate_60dB.stdev": 0.049487143754959106, "lowlevel.spectral_centroid.mean": 1739.0811767578125, "lowlevel.spectral_centroid.stdev": 489.1514892578125, "lowlevel.spectral_complexity.mean": 33.892799377441406, "lowlevel.spectral_complexity.stdev": 6.858216762542725, "lowlevel.spectral_decrease.mean": -1.3223262484984843e-08, "lowlevel.spectral_decrease.stdev": 8.072270851755547e-09, "lowlevel.spectral_energy.mean": 0.053358424454927444, "lowlevel.spectral_energy.stdev": 0.03083575703203678, "lowlevel.spectral_energyband_high.mean": 0.002116568386554718, "lowlevel.spectral_energyband_high.stdev": 0.0026349646504968405, "lowlevel.spectral_energyband_low.mean": 0.030448004603385925, "lowlevel.spectral_energyband_low.stdev": 0.028639666736125946, "lowlevel.spectral_energyband_middle_high.mean": 0.008916537277400494, "lowlevel.spectral_energyband_middle_high.stdev": 0.0047358302399516106, "lowlevel.spectral_energyband_middle_low.mean": 0.012583518400788307, "lowlevel.spectral_energyband_middle_low.stdev": 0.01157742366194725, "lowlevel.spectral_entropy.mean": 7.9397969245910645, "lowlevel.spectral_entropy.stdev": 0.20496654510498047, "lowlevel.spectral_flux.mean": 0.11607708036899567, "lowlevel.spectral_flux.stdev": 0.06387383490800858, "lowlevel.spectral_kurtosis.mean": 2.9783573150634766, "lowlevel.spectral_kurtosis.stdev": 1.2008548974990845, "lowlevel.spectral_rms.mean": 0.007008430082350969, "lowlevel.spectral_rms.stdev": 0.0017143002478405833, "lowlevel.spectral_rolloff.mean": 1624.1529541015625, "lowlevel.spectral_rolloff.stdev": 1508.1646728515625, "lowlevel.spectral_skewness.mean": 1.346693754196167, "lowlevel.spectral_skewness.stdev": 0.23812450468540192, "lowlevel.spectral_spread.mean": 4991366.5, "lowlevel.spectral_spread.stdev": 1025994.3125, "lowlevel.spectral_strongpeak.mean": 0.6780974268913269, "lowlevel.spectral_strongpeak.stdev": 0.6378443837165833, "lowlevel.zerocrossingrate.mean": 0.06434723734855652, "lowlevel.zerocrossingrate.stdev": 0.0314912386238575, "metadata.audio_properties.analysis.equal_loudness": 0.0, "metadata.audio_properties.analysis.length": 28.329614639282227, "metadata.audio_properties.analysis.sample_rate": 44100.0, "metadata.audio_properties.analysis.start_time": 0.0, "metadata.audio_properties.bit_rate": 100413.0, "metadata.audio_properties.length": 28.33066749572754, "metadata.audio_properties.lossless": 0.0, "metadata.audio_properties.number_channels": 1.0, "metadata.audio_properties.replay_gain": -8.457687377929688, "metadata.audio_properties.sample_rate": 48000.0, "rhythm.beats_count": 64.0, "rhythm.beats_loudness.mean": 0.058328237384557724, "rhythm.beats_loudness.stdev": 0.022039173170924187, "rhythm.bpm": 136.8863525390625, "rhythm.bpm_histogram_first_peak_bpm": 136.0, "rhythm.bpm_histogram_first_peak_weight": 0.24137932062149048, "rhythm.bpm_histogram_second_peak_bpm": 126.0, "rhythm.bpm_histogram_second_peak_spread": 0.0, "rhythm.bpm_histogram_second_peak_weight": 0.0634920671582222, "rhythm.danceability": 1.8392990827560425, "rhythm.onset_rate": 3.6682279109954834, "tonal.chords_changes_rate": 0.0555555559694767, "tonal.chords_number_rate": 0.011437908746302128, "tonal.chords_strength.mean": 0.5464273691177368, "tonal.chords_strength.stdev": 0.09443079680204391, "tonal.hpcp_crest.mean": 13.564218521118164, "tonal.hpcp_crest.stdev": 4.886756420135498, "tonal.hpcp_entropy.mean": 1.9292993545532227, "tonal.hpcp_entropy.stdev": 0.661602258682251, "tonal.key_edma.strength": 0.6230484247207642, "tonal.key_krumhansl.strength": 0.6264488697052002, "tonal.key_temperley.strength": 0.6257879137992859, "tonal.tuning_diatonic_strength": 0.6730731129646301, "tonal.tuning_equal_tempered_deviation": 0.09025191515684128, "tonal.tuning_frequency": 437.9714660644531, "tonal.tuning_nontempered_energy_ratio": 0.758609414100647, "lowlevel.barkbands.mean": [0.0004648972535505891, 0.019681759178638458, 0.009856198914349079, 0.0014537130482494831, 0.0026505591813474894, 0.001738381222821772, 0.001174616627395153, 0.002684368984773755, 0.0024404909927397966, 0.0012335730716586113, 0.0012811600463464856, 0.000616548175457865, 0.0009495901758782566, 0.0009895872790366411, 0.0009637723560445011, 0.001143059111200273, 0.0007219866383820772, 0.0004739896103274077, 0.000490926147904247, 0.0005596831906586885, 0.0005004664999432862, 0.00034012694959528744, 0.00024285627296194434, 0.00021989733795635402, 0.0004787718353327364, 7.433547125401674e-06, 1.598408516656491e-09], "lowlevel.barkbands.stdev": [0.0008646501810289919, 0.02322748675942421, 0.008745555765926838, 0.0038288263604044914, 0.0053887199610471725, 0.0026996685191988945, 0.0017353692092001438, 0.0038072133902460337, 0.004644464701414108, 0.002449978841468692, 0.0015968518564477563, 0.0007809381349943578, 0.00141327572055161, 0.00133744056802243, 0.001577538438141346, 0.0015232927398756146, 0.0005606337217614055, 0.00031883310293778777, 0.0002929365145973861, 0.0003744366695173085, 0.0004903823719359934, 0.0007402542978525162, 0.0005130763165652752, 0.0004266560426913202, 0.0006545859505422413, 1.7296675650868565e-05, 3.1745297501828418e-09], "lowlevel.erbbands.mean": [0.35358497500419617, 5.032390594482422, 13.93900203704834, 5.515491008758545, 8.238604545593262, 7.437259674072266, 14.398839950561523, 12.57171630859375, 14.06863784790039, 38.65198516845703, 60.15836715698242, 60.61796569824219, 32.111106872558594, 38.56407165527344, 56.4625244140625, 28.944625854492188, 44.793582916259766, 46.66543197631836, 52.34602737426758, 50.78175354003906, 62.790435791015625, 39.991661071777344, 28.13690757751465, 25.451854705810547, 23.69617462158203, 27.439712524414062, 22.12189483642578, 17.736934661865234, 12.599376678466797, 9.825935363769531, 6.762121677398682, 4.809309482574463, 3.7665576934814453, 4.842014789581299, 3.6727004051208496, 0.30416277050971985, 0.007399606052786112, 0.0004231298516970128, 7.751706289127469e-05, 7.260805432451889e-05], "lowlevel.erbbands.stdev": [0.6635577082633972, 5.51676607131958, 10.906965255737305, 8.094146728515625, 23.678403854370117, 15.0361909866333, 27.46143913269043, 18.333316802978516, 17.11104965209961, 62.2862548828125, 91.23989868164062, 112.29837799072266, 55.20076370239258, 77.31908416748047, 67.98805236816406, 32.94691467285156, 63.949737548828125, 62.195621490478516, 66.91800689697266, 71.41807556152344, 68.35950469970703, 28.11066436767578, 18.22031593322754, 16.900325775146484, 15.037068367004395, 18.280237197875977, 17.747486114501953, 21.064411163330078, 25.574228286743164, 21.9372501373291, 14.562520980834961, 9.45167350769043, 7.08785343170166, 7.760767459869385, 4.6550397872924805, 0.4041828215122223, 0.009821942076086998, 0.0005417761276476085, 6.819763075327501e-05, 3.6796420317841694e-05], "lowlevel.gfcc.mean": [60.95993423461914, 86.82482147216797, -128.82965087890625, 50.440834045410156, -59.39408874511719, 34.77666091918945, -36.93760681152344, 27.69283103942871, -22.73171615600586, 11.431065559387207, -13.601404190063477, -9.633797645568848, -0.7045700550079346], "lowlevel.melbands.mean": [0.004258814733475447, 0.006972754839807749, 0.0011474655475467443, 0.0005517068202607334, 0.0004712993395514786, 0.0002877163060475141, 0.00021614032448269427, 0.00045689422404393554, 0.0005329108098521829, 0.0003378379042260349, 0.000149891508044675, 0.00015160691691562533, 0.000180241753696464, 9.322360710939392e-05, 8.910426549846306e-05, 8.819256618153304e-05, 8.97506542969495e-05, 8.584858005633578e-05, 6.841560389148071e-05, 8.068499300861731e-05, 6.781172123737633e-05, 4.344542685430497e-05, 2.9827266189386137e-05, 2.153856257791631e-05, 2.0504679923760705e-05, 1.708489071461372e-05, 1.651332240726333e-05, 1.8884456949308515e-05, 1.4766907042940147e-05, 1.135696584242396e-05, 1.0073867088067345e-05, 7.1267568273469806e-06, 6.480929641838884e-06, 4.965288553648861e-06, 4.302939942135708e-06, 2.6756147235573735e-06, 3.0206811061361805e-06, 2.4687169570825063e-06, 2.888540848289267e-06, 4.47534648628789e-06], "lowlevel.melbands.stdev": [0.006105449981987476, 0.00573632400482893, 0.0018499126890674233, 0.0012959236046299338, 0.0008207910577766597, 0.00041222418076358736, 0.00027810034225694835, 0.0007280951831489801, 0.0008390233269892633, 0.0006491149542853236, 0.0002833695034496486, 0.00033930226345546544, 0.00021900479623582214, 0.00010676170495571569, 0.00013460585614666343, 0.0001286442275159061, 0.00012706854613497853, 0.00010935008322121575, 0.0001264504826394841, 0.00012640937347896397, 6.899865547893569e-05, 3.427044430281967e-05, 2.133117050107103e-05, 1.5575076758977957e-05, 1.5059874385769945e-05, 1.085505118680885e-05, 1.2101188076485414e-05, 1.3633035450766329e-05, 1.1853112482640427e-05, 1.1215350241400301e-05, 1.349354897683952e-05, 1.4187706256052479e-05, 1.6886277080629952e-05, 1.09169432107592e-05, 9.907304047374055e-06, 5.203478849580279e-06, 6.200366442499217e-06, 4.966891992808087e-06, 4.890718628303148e-06, 7.348151939368108e-06], "lowlevel.melbands128.mean": [0.00040493239066563547, 0.0022724249865859747, 0.004838395863771439, 0.009909983724355698, 0.009176213294267654, 0.003610979998484254, 0.0008273812709376216, 0.0008550375932827592, 0.000923127110581845, 0.0004799148009624332, 0.0003484687185846269, 0.0004448334511835128, 0.0005400269292294979, 0.00046932551776990294, 0.0003184149391017854, 0.0001615280198166147, 0.00016302279254887253, 0.00026148397591896355, 0.0002080970589304343, 0.0004796164867002517, 0.0005906665464863181, 0.0003578017349354923, 0.0005838399520143867, 0.0006168446270748973, 0.0004783722397405654, 0.00018405176524538547, 9.310327004641294e-05, 0.00019971778965555131, 0.00011294037540210411, 0.0002006116119446233, 0.00013343854516278952, 0.00011782578803831711, 0.00018252090376336128, 0.0002741910866461694, 8.025511488085613e-05, 5.3903651860309765e-05, 6.896884588059038e-05, 6.824410957051441e-05, 0.00013219732500147074, 0.00010429156827740371, 7.358971197390929e-05, 6.713258335366845e-05, 7.54555658204481e-05, 0.0001188302121590823, 9.686989506008103e-05, 6.990238762227818e-05, 8.62194356159307e-05, 7.684699085075408e-05, 5.2987590606790036e-05, 6.243827374419197e-05, 7.757990533718839e-05, 0.00011494697537273169, 7.192273915279657e-05, 4.971478119841777e-05, 5.172935198061168e-05, 4.556761632557027e-05, 3.233113238820806e-05, 3.436145561863668e-05, 2.7474872695165686e-05, 2.4588762244093232e-05, 2.2103296942077577e-05, 1.598056041984819e-05, 2.5916284357663244e-05, 2.122084697475657e-05, 1.3354139809962362e-05, 1.7042992112692446e-05, 2.0422679881448857e-05, 1.3423625205177814e-05, 1.6751951989135705e-05, 1.9478022295515984e-05, 1.6343257811968215e-05, 2.2962591174291447e-05, 1.5637540855095722e-05, 1.4228293366613798e-05, 1.090328714781208e-05, 1.3487806427292526e-05, 1.0158854820474517e-05, 8.89619332156144e-06, 1.2868487829109654e-05, 7.343786364799598e-06, 7.71020586398663e-06, 7.1176527853822336e-06, 5.082986717752647e-06, 7.95967298472533e-06, 5.777958904218394e-06, 5.219046670390526e-06, 4.262166385160526e-06, 5.048680577601772e-06, 4.913443717668997e-06, 3.304817482785438e-06, 2.806684960887651e-06, 2.110162313329056e-06, 3.1287413548852783e-06, 3.39723351316934e-06, 2.812836783050443e-06, 2.2117117168818368e-06, 2.6504262677917723e-06, 2.466032356096548e-06, 2.210497996202321e-06, 3.369397745700553e-06, 4.573692876874702e-06, 5.047381364420289e-06, 3.4335268992435886e-06, 5.239309302851325e-06, 5.418445198301924e-06, 4.50129346063477e-06, 1.3373681895245682e-06, 3.492458233722573e-07, 5.47961889196813e-08, 1.9145103558049215e-10, 1.4207054803427877e-11, 2.104132493241373e-11, 2.2929765725043794e-11, 1.166602318219967e-11, 1.1489495986560794e-11, 1.2226395243453148e-11, 1.006945134912618e-11, 7.236928070697424e-12, 7.016057006203891e-12, 6.807336812297837e-12, 6.626432475648203e-12, 6.489376744300834e-12, 6.338596314492406e-12, 6.211923336829628e-12, 6.0529315934476635e-12, 5.856700974887774e-12, 5.738632225665841e-12, 5.695944150369003e-12], "lowlevel.melbands128.stdev": [0.000826442614197731, 0.005163746420294046, 0.009466778486967087, 0.010025139898061752, 0.006973622366786003, 0.0036303745582699776, 0.0014939940301701427, 0.002449784195050597, 0.002920839935541153, 0.0012784721329808235, 0.0008571823709644377, 0.0009171826532110572, 0.0012719244696199894, 0.0009378231479786336, 0.0006122891791164875, 0.00022094672021921724, 0.0002557913539931178, 0.00039840288809500635, 0.0004116935015190393, 0.0009692162275314331, 0.0011233200784772635, 0.0007739771390333772, 0.0012984214117750525, 0.0014941374538466334, 0.0011475925566628575, 0.0006117926095612347, 0.00015963328769430518, 0.0005026587750762701, 0.00028138174093328416, 0.0006603561341762543, 0.0003455688420217484, 0.00026638555573299527, 0.00028787372866645455, 0.00043195238686166704, 0.0001290659565711394, 0.00012125880311941728, 0.00012051562953274697, 0.00014529960753861815, 0.00028923284844495356, 0.00021883896260987967, 0.00013173346815165132, 0.00022455140424426645, 0.00016504284576512873, 0.00019756380061153322, 0.00020048319129273295, 0.000133796245791018, 0.0001905497192637995, 0.00024220821796916425, 0.00012861491995863616, 0.00012291526945773512, 0.0002073806244879961, 0.00019183747645001858, 8.800585783319548e-05, 6.283912080107257e-05, 6.466847116826102e-05, 4.811771214008331e-05, 3.2260213629342616e-05, 3.8821402995381504e-05, 2.6770725526148453e-05, 2.3530481485067867e-05, 2.2491913114208728e-05, 1.4773215298191644e-05, 2.5271503545809537e-05, 1.8862070646719076e-05, 1.1511471711855847e-05, 1.2607571989065036e-05, 1.695764876785688e-05, 1.4544501027557999e-05, 1.651627098908648e-05, 1.602739757800009e-05, 1.509029243607074e-05, 2.1995158022036776e-05, 1.3830324860464316e-05, 1.509887442807667e-05, 1.1806582733697724e-05, 1.3914338524045888e-05, 1.2764184248226229e-05, 1.2404579138092231e-05, 1.8809343600878492e-05, 1.1622546480793972e-05, 1.6869160390342586e-05, 1.6339996363967657e-05, 1.2762364349327981e-05, 2.391348243691027e-05, 1.5783447452122346e-05, 1.27353396237595e-05, 1.0440818186907563e-05, 1.2926609088026453e-05, 1.3148654034011997e-05, 7.295571776921861e-06, 6.12534859101288e-06, 4.202670879749348e-06, 6.2545432228944264e-06, 7.373398602794623e-06, 6.644289896939881e-06, 4.899409304925939e-06, 5.635684374283301e-06, 5.099943336972501e-06, 4.095454187336145e-06, 5.668144694936927e-06, 8.045775757636875e-06, 9.636060894990806e-06, 4.942509349348256e-06, 6.959396614547586e-06, 7.859841389290523e-06, 5.526076620299136e-06, 1.997993422264699e-06, 7.055181754367368e-07, 2.551676914208656e-07, 2.3719344266481812e-09, 9.080962370955348e-11, 2.8168564703001664e-10, 3.792758607179536e-10, 9.006508039366423e-11, 1.015626333034092e-10, 1.3757771311073697e-10, 8.236917398152244e-11, 1.086385408716195e-11, 1.0547358125778672e-11, 1.0260374147530449e-11, 1.0008596382227175e-11, 9.782485585474454e-12, 9.581348735243633e-12, 9.409969331519719e-12, 9.269258104127598e-12, 9.157305989881959e-12, 9.075039331118973e-12, 9.024881536534579e-12], "lowlevel.mfcc.mean": [-571.0875854492188, 104.07672119140625, -3.188798189163208, 22.601655960083008, 9.697930335998535, 8.03349781036377, 11.052624702453613, 3.4778754711151123, 14.706308364868164, 6.056057453155518, 5.653425693511963, 5.649601459503174, 5.951390743255615], "lowlevel.spectral_contrast_coeffs.mean": [-0.6850301027297974, -0.7393283843994141, -0.7700633406639099, -0.7833814024925232, -0.8021737933158875, -0.7608040571212769], "lowlevel.spectral_contrast_coeffs.stdev": [0.05591251701116562, 0.06688140332698822, 0.05113698169589043, 0.042945317924022675, 0.021713431924581528, 0.022844117134809494], "lowlevel.spectral_contrast_valleys.mean": [-6.420873641967773, -6.305601119995117, -6.746812343597412, -6.757126808166504, -6.623172760009766, -9.284021377563477], "lowlevel.spectral_contrast_valleys.stdev": [0.5892332792282104, 0.539340615272522, 0.5071603655815125, 0.449347585439682, 0.4235377609729767, 0.5892331004142761], "rhythm.beats_loudness_band_ratio.mean": [0.5993326306343079, 0.08559244126081467, 0.11863607168197632, 0.08296732604503632, 0.08909950405359268, 0.06462013721466064], "rhythm.beats_loudness_band_ratio.stdev": [0.159000962972641, 0.08023898303508759, 0.0720302015542984, 0.0446736104786396, 0.057263605296611786, 0.04987180233001709], "tonal.hpcp.mean": [0.25300607085227966, 0.1449139565229416, 0.03617491573095322, 0.02774103358387947, 0.023944299668073654, 0.029415791854262352, 0.04470081627368927, 0.04605664685368538, 0.05902552604675293, 0.11279889196157455, 0.09893137961626053, 0.04719727858901024, 0.034088384360075, 0.025513479486107826, 0.03981476277112961, 0.07870787382125854, 0.08492330461740494, 0.06475694477558136, 0.0552833266556263, 0.050251349806785583, 0.06117828190326691, 0.09403040260076523, 0.10419965535402298, 0.23762302100658417, 0.3609027564525604, 0.2087080031633377, 0.09106462448835373, 0.09308505803346634, 0.07707998156547546, 0.17416618764400482, 0.2749984562397003, 0.1658174991607666, 0.05275522544980049, 0.04519747570157051, 0.04722012206912041, 0.15331095457077026], "tonal.hpcp.stdev": [0.3736266493797302, 0.22375842928886414, 0.11214134842157364, 0.09511049091815948, 0.09164293855428696, 0.09275853633880615, 0.0835515633225441, 0.10385183244943619, 0.13434584438800812, 0.15203075110912323, 0.1443154215812683, 0.09380281716585159, 0.09254859387874603, 0.08132663369178772, 0.10657893866300583, 0.16429045796394348, 0.16995273530483246, 0.15480318665504456, 0.14065289497375488, 0.144987553358078, 0.13862697780132294, 0.17691820859909058, 0.2035876214504242, 0.309163361787796, 0.4398821294307709, 0.2849901616573334, 0.21071849763393402, 0.2170972228050232, 0.19279122352600098, 0.2847324013710022, 0.398987740278244, 0.25456905364990234, 0.1403195708990097, 0.13318224251270294, 0.15434038639068604, 0.25792208313941956], "rhythm.beats_position": [0.4643990993499756, 0.9404081702232361, 1.4164172410964966, 1.8924262523651123, 2.3684353828430176, 2.809614419937134, 3.250793695449829, 3.6919727325439453, 4.133152008056641, 4.574330806732178, 5.015510082244873, 5.456689357757568, 5.8978681564331055, 6.339047431945801, 6.780226707458496, 7.221405982971191, 7.6625847816467285, 8.092154502868652, 8.533332824707031, 8.962902069091797, 9.404081344604492, 9.845260620117188, 10.286439895629883, 10.716009140014648, 11.145578384399414, 11.586756706237793, 12.027935981750488, 12.469115257263184, 12.89868450164795, 13.328253746032715, 13.76943302154541, 14.210612297058105, 14.6517915725708, 15.09296989440918, 15.534149169921875, 15.97532844543457, 16.404897689819336, 16.8344669342041, 17.275646209716797, 17.716825485229492, 18.158004760742188, 18.599184036254883, 19.040363311767578, 19.469932556152344, 19.899499893188477, 20.340679168701172, 20.781858444213867, 21.223037719726562, 21.664216995239258, 22.105396270751953, 22.52335548400879, 22.964534759521484, 23.39410400390625, 23.823673248291016, 24.26485252380371, 24.706031799316406, 25.1472110748291, 25.588390350341797, 26.017959594726562, 26.447526931762695, 26.88870620727539, 27.329885482788086, 27.77106475830078, 28.212244033813477], "rhythm.bpm_histogram": [0.0, 0.0, 0.0, 0.0, 0.0, 0.0, 0.0, 0.0, 0.0, 0.0, 0.0, 0.0, 0.0, 0.0, 0.0, 0.0, 0.0, 0.0, 0.0, 0.0, 0.0, 0.0, 0.0, 0.0, 0.0, 0.0, 0.0, 0.0, 0.0, 0.0, 0.0, 0.0, 0.0, 0.0, 0.0, 0.0, 0.0, 0.0, 0.0, 0.0, 0.0, 0.0, 0.0, 0.0, 0.0, 0.0, 0.0, 0.0, 0.0, 0.0, 0.0, 0.0, 0.0, 0.0, 0.0, 0.0, 0.0, 0.0, 0.0, 0.0, 0.0, 0.0, 0.0, 0.0, 0.0, 0.0, 0.0, 0.0, 0.0, 0.0, 0.0, 0.0, 0.0, 0.0, 0.0, 0.0, 0.0, 0.0, 0.0, 0.0, 0.0, 0.0, 0.0, 0.0, 0.0, 0.0, 0.0, 0.0, 0.0, 0.0, 0.0, 0.0, 0.0, 0.0, 0.0, 0.0, 0.0, 0.0, 0.0, 0.0, 0.0, 0.0, 0.0, 0.0, 0.0, 0.0, 0.0, 0.0, 0.0, 0.0, 0.0, 0.0, 0.0, 0.0, 0.0, 0.0, 0.0, 0.0, 0.0, 0.0, 0.0, 0.0, 0.0, 0.0, 0.0, 0.0, 0.0634920671582222, 0.0, 0.0, 0.0, 0.0, 0.0, 0.0, 0.0, 0.0, 0.0, 0.6984127163887024, 0.0, 0.0, 0.0, 0.2222222238779068, 0.0, 0.0, 0.0, 0.01587301678955555, 0.0, 0.0, 0.0, 0.0, 0.0, 0.0, 0.0, 0.0, 0.0, 0.0, 0.0, 0.0, 0.0, 0.0, 0.0, 0.0, 0.0, 0.0, 0.0, 0.0, 0.0, 0.0, 0.0, 0.0, 0.0, 0.0, 0.0, 0.0, 0.0, 0.0, 0.0, 0.0, 0.0, 0.0, 0.0, 0.0, 0.0, 0.0, 0.0, 0.0, 0.0, 0.0, 0.0, 0.0, 0.0, 0.0, 0.0, 0.0, 0.0, 0.0, 0.0, 0.0, 0.0, 0.0, 0.0, 0.0, 0.0, 0.0, 0.0, 0.0, 0.0, 0.0, 0.0, 0.0, 0.0, 0.0, 0.0, 0.0, 0.0, 0.0, 0.0, 0.0, 0.0, 0.0, 0.0, 0.0, 0.0, 0.0, 0.0, 0.0, 0.0, 0.0, 0.0, 0.0, 0.0, 0.0, 0.0, 0.0, 0.0, 0.0, 0.0, 0.0, 0.0, 0.0, 0.0, 0.0, 0.0, 0.0, 0.0, 0.0, 0.0, 0.0, 0.0, 0.0, 0.0], "tonal.chords_histogram": [40.52287673950195, 20.424837112426758, 14.54248332977295, 0.0, 8.496731758117676, 0.0, 3.2679738998413086, 0.0, 0.0, 0.0, 0.0, 0.0, 0.0, 0.0, 0.0, 0.0, 0.0, 4.5751633644104, 0.0, 8.006535530090332, 0.0, 0.16339869797229767, 0.0, 0.0], "tonal.thpcp": [1.0, 0.5782942771911621, 0.25232455134391785, 0.25792282819747925, 0.21357548236846924, 0.48258480429649353, 0.7619738578796387, 0.4594520032405853, 0.14617572724819183, 0.12523449957370758, 0.13083890080451965, 0.42479851841926575, 0.7010366916656494, 0.4015318751335144, 0.10023452341556549, 0.07686567306518555, 0.06634557247161865, 0.0815061405301094, 0.12385834008455276, 0.12761510908603668, 0.16354966163635254, 0.3125464916229248, 0.2741219699382782, 0.13077561557292938, 0.0944531038403511, 0.0706935003399849, 0.11031991988420486, 0.2180860936641693, 0.2353079915046692, 0.17943045496940613, 0.15318067371845245, 0.1392379254102707, 0.16951458156108856, 0.26054221391677856, 0.2887194752693176, 0.6584128737449646], "lowlevel.gfcc.cov": [[1867.95654296875, 35.90679931640625, -26.91001319885254, 71.5732192993164, -131.99278259277344, 10.556434631347656, -75.01766967773438, -32.44541931152344, -47.39836883544922, -25.35666275024414, -65.40090942382812, -16.007593154907227, -22.9727840423584], [35.90679931640625, 440.4173278808594, -100.18928527832031, -84.081298828125, 91.32573699951172, -89.6135025024414, 44.453189849853516, 2.1428956985473633, 21.345195770263672, 3.70125675201416, 47.85563278198242, -22.558856964111328, 44.3594856262207], [-26.91001319885254, -100.18928527832031, 153.76988220214844, 63.027488708496094, -10.101716041564941, 34.42023849487305, -17.68498420715332, -13.828866958618164, -18.211929321289062, -0.46543166041374207, 11.216070175170898, 38.43368911743164, 0.2314929962158203], [71.5732192993164, -84.081298828125, 63.027488708496094, 103.9126968383789, 8.8805513381958, 18.309579849243164, -16.12480926513672, -17.23078155517578, -4.822669982910156, -12.538308143615723, 5.258616924285889, 20.176469802856445, 3.7823634147644043], [-131.99278259277344, 91.32573699951172, -10.101716041564941, 8.8805513381958, 132.21910095214844, 18.058063507080078, 46.70797348022461, 41.076568603515625, 27.411043167114258, 34.805015563964844, 30.018604278564453, 5.060699462890625, 25.413976669311523], [10.556434631347656, -89.6135025024414, 34.42023849487305, 18.309579849243164, 18.058063507080078, 91.83323669433594, 49.49782180786133, 20.908538818359375, 6.66544771194458, 12.136433601379395, 13.010387420654297, 7.322493553161621, -7.86171293258667], [-75.01766967773438, 44.453189849853516, -17.68498420715332, -16.12480926513672, 46.70797348022461, 49.49782180786133, 113.7857894897461, 59.14438247680664, 23.16290283203125, 28.710224151611328, 27.32516860961914, -5.052670478820801, -2.083047866821289], [-32.44541931152344, 2.1428956985473633, -13.828866958618164, -17.23078155517578, 41.076568603515625, 20.908538818359375, 59.14438247680664, 82.58493041992188, 47.47795867919922, 38.66169738769531, 7.619651794433594, -2.5050737857818604, 0.9686383008956909], [-47.39836883544922, 21.345195770263672, -18.211929321289062, -4.822669982910156, 27.411043167114258, 6.66544771194458, 23.16290283203125, 47.47795867919922, 86.9016342163086, 41.36408996582031, 10.704253196716309, -9.045778274536133, 5.45518159866333], [-25.35666275024414, 3.70125675201416, -0.46543166041374207, -12.538308143615723, 34.805015563964844, 12.136433601379395, 28.710224151611328, 38.66169738769531, 41.36408996582031, 81.00228118896484, 35.186805725097656, 11.565621376037598, 3.7239830493927], [-65.40090942382812, 47.85563278198242, 11.216070175170898, 5.258616924285889, 30.018604278564453, 13.010387420654297, 27.32516860961914, 7.619651794433594, 10.704253196716309, 35.186805725097656, 74.44001770019531, 35.67272186279297, 12.575920104980469], [-16.007593154907227, -22.558856964111328, 38.43368911743164, 20.176469802856445, 5.060699462890625, 7.322493553161621, -5.052670478820801, -2.5050737857818604, -9.045778274536133, 11.565621376037598, 35.67272186279297, 65.9291763305664, 27.937820434570312], [-22.9727840423584, 44.3594856262207, 0.2314929962158203, 3.7823634147644043, 25.413976669311523, -7.86171293258667, -2.083047866821289, 0.9686383008956909, 5.45518159866333, 3.7239830493927, 12.575920104980469, 27.937820434570312, 58.227394104003906]], "lowlevel.gfcc.icov": [[0.001587259117513895, -0.004553067497909069, 0.002248399658128619, -0.0056545729748904705, 0.005211322568356991, -0.0070744710974395275, 0.005316003691405058, -0.005298693664371967, 0.0037559466436505318, -0.004237325396388769, 0.004173170775175095, -0.001732847886160016, 0.0013511107536032796], [-0.004553067497909069, 0.022873107343912125, -0.007672247011214495, 0.023341147229075432, -0.021741168573498726, 0.032788701355457306, -0.02359120361506939, 0.022961661219596863, -0.014902961440384388, 0.018021296709775925, -0.019664479419589043, 0.010129785165190697, -0.008386785164475441], [0.002248399658128619, -0.007672247011214495, 0.014530649408698082, -0.014110533520579338, 0.009153365157544613, -0.015562791377305984, 0.011180493980646133, -0.009687851183116436, 0.007976547814905643, -0.008406524546444416, 0.007593939080834389, -0.007963152602314949, 0.004026642069220543], [-0.0056545729748904705, 0.023341147229075432, -0.014110533520579338, 0.040243037045001984, -0.026730019599199295, 0.0325733907520771, -0.024007830768823624, 0.02828788384795189, -0.02011772058904171, 0.023183589801192284, -0.01997106336057186, 0.0068956948816776276, -0.0064290533773601055], [0.005211322568356991, -0.021741168573498726, 0.009153365157544613, -0.026730019599199295, 0.033975750207901, -0.03241584822535515, 0.022049102932214737, -0.027655746787786484, 0.017005555331707, -0.020376335829496384, 0.014803480356931686, -0.004171751905232668, 0.0008765475358814001], [-0.0070744710974395275, 0.032788701355457306, -0.015562791377305984, 0.0325733907520771, -0.03241584822535515, 0.06537216156721115, -0.044256165623664856, 0.03602593392133713, -0.02336130291223526, 0.025849279016256332, -0.026130547747015953, 0.01182169746607542, -0.008525572717189789], [0.005316003691405058, -0.02359120361506939, 0.011180493980646133, -0.024007830768823624, 0.022049102932214737, -0.044256165623664856, 0.04847646877169609, -0.0403883121907711, 0.021313320845365524, -0.016878318041563034, 0.010283158160746098, -0.00307994126342237, 0.006731611210852861], [-0.005298693664371967, 0.022961661219596863, -0.009687851183116436, 0.02828788384795189, -0.027655746787786484, 0.03602593392133713, -0.0403883121907711, 0.05894497409462929, -0.029368940740823746, 0.012706976383924484, -0.007562411483377218, 7.378307782346383e-05, -0.00333639164455235], [0.0037559466436505318, -0.014902961440384388, 0.007976547814905643, -0.02011772058904171, 0.017005555331707, -0.02336130291223526, 0.021313320845365524, -0.029368940740823746, 0.03306117281317711, -0.01965227909386158, 0.008954647928476334, 0.002305076690390706, -9.54447386902757e-05], [-0.004237325396388769, 0.018021296709775925, -0.008406524546444416, 0.023183589801192284, -0.020376335829496384, 0.025849279016256332, -0.016878318041563034, 0.012706976383924484, -0.01965227909386158, 0.03868374228477478, -0.025002188980579376, 0.0064005739986896515, -0.003609095001593232], [0.004173170775175095, -0.019664479419589043, 0.007593939080834389, -0.01997106336057186, 0.014803480356931686, -0.026130547747015953, 0.010283158160746098, -0.007562411483377218, 0.008954647928476334, -0.025002188980579376, 0.046835120767354965, -0.02646648697555065, 0.0117424875497818], [-0.001732847886160016, 0.010129785165190697, -0.007963152602314949, 0.0068956948816776276, -0.004171751905232668, 0.01182169746607542, -0.00307994126342237, 7.378307782346383e-05, 0.002305076690390706, 0.0064005739986896515, -0.02646648697555065, 0.04168687388300896, -0.02042229101061821], [0.0013511107536032796, -0.008386785164475441, 0.004026642069220543, -0.0064290533773601055, 0.0008765475358814001, -0.008525572717189789, 0.006731611210852861, -0.00333639164455235, -9.54447386902757e-05, -0.003609095001593232, 0.0117424875497818, -0.02042229101061821, 0.030763039365410805]], "lowlevel.mfcc.cov": [[1107.8516845703125, -103.7319564819336, 79.12481689453125, 3.7411484718322754, 9.142298698425293, 19.820133209228516, -63.25853729248047, -23.593385696411133, -28.00602149963379, -14.417418479919434, -19.7418155670166, -56.05479049682617, -33.90824508666992], [-103.7319564819336, 459.5802001953125, -169.7816925048828, 22.757984161376953, 1.1158283948898315, -49.7385368347168, 29.879661560058594, -28.28615379333496, 12.83779239654541, 20.01743507385254, 11.757699966430664, 26.249605178833008, 15.064424514770508], [79.12481689453125, -169.7816925048828, 185.36392211914062, 2.4007651805877686, 0.34079837799072266, 29.717792510986328, -18.739992141723633, 10.334663391113281, -38.383270263671875, -40.313541412353516, -14.536752700805664, -19.15293312072754, -11.258905410766602], [3.7411484718322754, 22.757984161376953, 2.4007651805877686, 79.93132781982422, 31.282800674438477, -1.4108247756958008, -2.0101141929626465, -4.310547828674316, -0.8742847442626953, -11.791487693786621, -6.9763875007629395, -0.4041908383369446, 12.024091720581055], [9.142298698425293, 1.1158283948898315, 0.34079837799072266, 31.282800674438477, 76.43521881103516, 15.73740005493164, -3.8044211864471436, -1.6046772003173828, 7.208320617675781, 2.5046353340148926, -5.540252208709717, 0.20199032127857208, 13.085869789123535], [19.820133209228516, -49.7385368347168, 29.717792510986328, -1.4108247756958008, 15.73740005493164, 58.595489501953125, 30.39214515686035, 11.635169982910156, -1.2319583892822266, -1.993246078491211, 12.301631927490234, 7.2906293869018555, -0.46811315417289734], [-63.25853729248047, 29.879661560058594, -18.739992141723633, -2.0101141929626465, -3.8044211864471436, 30.39214515686035, 105.04107666015625, 29.74441146850586, 11.897290229797363, -3.1111502647399902, 29.930801391601562, 31.550100326538086, 3.909508466720581], [-23.593385696411133, -28.28615379333496, 10.334663391113281, -4.310547828674316, -1.6046772003173828, 11.635169982910156, 29.74441146850586, 59.090389251708984, 18.52507209777832, 5.870729446411133, 7.580900192260742, 11.424482345581055, 3.170604705810547], [-28.00602149963379, 12.83779239654541, -38.383270263671875, -0.8742847442626953, 7.208320617675781, -1.2319583892822266, 11.897290229797363, 18.52507209777832, 76.89923095703125, 41.617733001708984, 17.9438533782959, 10.761645317077637, 7.054873943328857], [-14.417418479919434, 20.01743507385254, -40.313541412353516, -11.791487693786621, 2.5046353340148926, -1.993246078491211, -3.1111502647399902, 5.870729446411133, 41.617733001708984, 78.29740905761719, 35.22337341308594, 12.955160140991211, 0.545293390750885], [-19.7418155670166, 11.757699966430664, -14.536752700805664, -6.9763875007629395, -5.540252208709717, 12.301631927490234, 29.930801391601562, 7.580900192260742, 17.9438533782959, 35.22337341308594, 77.58531188964844, 41.444889068603516, 6.224863529205322], [-56.05479049682617, 26.249605178833008, -19.15293312072754, -0.4041908383369446, 0.20199032127857208, 7.2906293869018555, 31.550100326538086, 11.424482345581055, 10.761645317077637, 12.955160140991211, 41.444889068603516, 70.33157348632812, 30.551532745361328], [-33.90824508666992, 15.064424514770508, -11.258905410766602, 12.024091720581055, 13.085869789123535, -0.46811315417289734, 3.909508466720581, 3.170604705810547, 7.054873943328857, 0.545293390750885, 6.224863529205322, 30.551532745361328, 59.99297332763672]], "lowlevel.mfcc.icov": [[0.0009977613808587193, 4.234678635839373e-05, -0.0001693514350336045, -8.025307033676654e-05, -1.599706956767477e-05, -0.0005393974715843797, 0.0005775777390226722, 0.0001465197856305167, 6.742473487975076e-05, 8.522132702637464e-05, -0.0003221123479306698, 0.0005719906184822321, 0.00022493753931485116], [4.234678635839373e-05, 0.0037809957284480333, 0.0029613322112709284, -0.0009960063034668565, -0.00029737784643657506, 0.0023697183933109045, -0.0016132803866639733, 0.0013749809004366398, 0.0009591987472958863, -0.00016116064216475934, 0.00014028578880243003, -0.0005683522904291749, 0.00010925934475380927], [-0.0001693514350336045, 0.0029613322112709284, 0.010537415742874146, -0.0011466670548543334, 0.0005456508952192962, -0.0033557130955159664, 0.0025727595202624798, -0.0024852948263287544, 0.0030377551447600126, 0.0036284648813307285, -0.0016200124518945813, 0.0007976025226525962, 0.0005582576268352568], [-8.025307033676654e-05, -0.0009960063034668565, -0.0011466670548543334, 0.01624358259141445, -0.006802929099649191, 0.0022435407154262066, -0.00046943992492742836, 0.0005404895637184381, -0.001069131656549871, 0.0031229080632328987, -0.000881774874869734, 0.00101471075322479, -0.0020905747078359127], [-1.599706956767477e-05, -0.00029737784643657506, 0.0005456508952192962, -0.006802929099649191, 0.018402626737952232, -0.0075202640146017075, 0.0022016591392457485, 0.0005675875581800938, -0.001485366141423583, -0.001688499003648758, 0.002322089858353138, 0.0002900733088608831, -0.002913323463872075], [-0.0005393974715843797, 0.0023697183933109045, -0.0033557130955159664, 0.0022435407154262066, -0.0075202640146017075, 0.028451817110180855, -0.010019751265645027, 0.0007666376768611372, 0.0015061903977766633, -0.0015258790226653218, -0.0020318166352808475, 0.00030719026108272374, 0.000386570580303669], [0.0005775777390226722, -0.0016132803866639733, 0.0025727595202624798, -0.00046943992492742836, 0.0022016591392457485, -0.010019751265645027, 0.0184678565710783, -0.007209550589323044, -0.0017939017852768302, 0.00631155539304018, -0.0046032085083425045, -0.003516989294439554, 0.0023498432710766792], [0.0001465197856305167, 0.0013749809004366398, -0.0024852948263287544, 0.0005404895637184381, 0.0005675875581800938, 0.0007666376768611372, -0.007209550589323044, 0.023558545857667923, -0.0054891095496714115, -0.0016626971773803234, 0.0030986706260591745, -0.0023361300118267536, -0.0002014905185205862], [6.742473487975076e-05, 0.0009591987472958863, 0.0030377551447600126, -0.001069131656549871, -0.001485366141423583, 0.0015061903977766633, -0.0017939017852768302, -0.0054891095496714115, 0.021578967571258545, -0.010234575718641281, 0.0003976689768023789, 0.0011747643584385514, -0.0017596939578652382], [8.522132702637464e-05, -0.00016116064216475934, 0.0036284648813307285, 0.0031229080632328987, -0.001688499003648758, -0.0015258790226653218, 0.00631155539304018, -0.0016626971773803234, -0.010234575718641281, 0.025910357013344765, -0.011570155620574951, 0.0017059252131730318, 0.0014764509396627545], [-0.0003221123479306698, 0.00014028578880243003, -0.0016200124518945813, -0.000881774874869734, 0.002322089858353138, -0.0020318166352808475, -0.0046032085083425045, 0.0030986706260591745, 0.0003976689768023789, -0.011570155620574951, 0.026961104944348335, -0.014509407803416252, 0.003919132053852081], [0.0005719906184822321, -0.0005683522904291749, 0.0007976025226525962, 0.00101471075322479, 0.0002900733088608831, 0.00030719026108272374, -0.003516989294439554, -0.0023361300118267536, 0.0011747643584385514, 0.0017059252131730318, -0.014509407803416252, 0.031070085242390633, -0.013766559772193432], [0.00022493753931485116, 0.00010925934475380927, 0.0005582576268352568, -0.0020905747078359127, -0.002913323463872075, 0.000386570580303669, 0.0023498432710766792, -0.0002014905185205862, -0.0017596939578652382, 0.0014764509396627545, 0.003919132053852081, -0.013766559772193432, 0.024585599079728127]], "metadata.audio_properties.analysis.downmix": "mix", "metadata.audio_properties.codec": "mp3", "metadata.audio_properties.md5_encoded": "64c18933e1b74cd062173d3f9a2b811d", "metadata.tags.file_name": "1183703241112956959.mp3", "metadata.version.essentia": "2.1-beta6-dev", "metadata.version.essentia_git_sha": "v2.1_beta5-1110-g77a6a954", "metadata.version.extractor": "music 2.0", "tonal.chords_key": "F", "tonal.chords_scale": "major", "tonal.key_edma.key": "F", "tonal.key_edma.scale": "major", "tonal.key_krumhansl.key": "F", "tonal.key_krumhansl.scale": "major", "tonal.key_temperley.key": "F", "tonal.key_temperley.scale": "major", "metadata.tags.encoding": ["Lavf58.45.100"]}, "essentia_models": [{"model_name": "genre_dortmund", "activations": {"alternative": "0.08314654", "blues": "0.000487653