{"song_id": "1183713162747449365", "download": "https://cdn.discordapp.com/attachments/1135903449314238464/1183713162747449365/chirp.mp4?ex=658955ca&amp", "lyrics": "[Verse]\nIn shadows they scurry, their eyes glowing red\nRaccoons of darkness, with bloodlust, they're fed\nSharp claws like daggers, their teeth stained with gore\nPrey trembles in fear as they unleash their uproar\n\n[Chorus]\nRaccoons of rage, they've come to devour\nLeaving trails of chaos, their power will tower\nRampaging through the night, a murderous spree\nBeware their wrath, for death it will decree", "style": ["bollywood</span><span>, rap</span><span>, phonk</span><span>, drill</span><span>, indian gang rap"], "essentia_features": {"lowlevel.average_loudness": 0.9857345819473267, "lowlevel.barkbands_crest.mean": 10.8399076461792, "lowlevel.barkbands_crest.stdev": 4.881199359893799, "lowlevel.barkbands_flatness_db.mean": 0.10380196571350098, "lowlevel.barkbands_flatness_db.stdev": 0.033818893134593964, "lowlevel.barkbands_kurtosis.mean": 1.5984786748886108, "lowlevel.barkbands_kurtosis.stdev": 3.9340603351593018, "lowlevel.barkbands_skewness.mean": 1.28431236743927, "lowlevel.barkbands_skewness.stdev": 1.0019965171813965, "lowlevel.barkbands_spread.mean": 34.30659103393555, "lowlevel.barkbands_spread.stdev": 12.089788436889648, "lowlevel.dissonance.mean": 0.48473188281059265, "lowlevel.dissonance.stdev": 0.018029415979981422, "lowlevel.dynamic_complexity": 1.4390138387680054, "lowlevel.erbbands_crest.mean": 7.500394821166992, "lowlevel.erbbands_crest.stdev": 3.8606207370758057, "lowlevel.erbbands_flatness_db.mean": 0.13118252158164978, "lowlevel.erbbands_flatness_db.stdev": 0.030239492654800415, "lowlevel.erbbands_kurtosis.mean": 0.15028823912143707, "lowlevel.erbbands_kurtosis.stdev": 1.2879812717437744, "lowlevel.erbbands_skewness.mean": -0.3539312779903412, "lowlevel.erbbands_skewness.stdev": 0.6531975865364075, "lowlevel.erbbands_spread.mean": 43.173561096191406, "lowlevel.erbbands_spread.stdev": 16.10249137878418, "lowlevel.hfc.mean": 30.914024353027344, "lowlevel.hfc.stdev": 13.449281692504883, "lowlevel.loudness_ebu128.integrated": -12.517173767089844, "lowlevel.loudness_ebu128.loudness_range": 0.7637844085693359, "lowlevel.loudness_ebu128.momentary.mean": -12.56525707244873, "lowlevel.loudness_ebu128.momentary.stdev": 0.6602100133895874, "lowlevel.loudness_ebu128.short_term.mean": -12.520337104797363, "lowlevel.loudness_ebu128.short_term.stdev": 0.2507505416870117, "lowlevel.melbands_crest.mean": 16.098371505737305, "lowlevel.melbands_crest.stdev": 6.491126537322998, "lowlevel.melbands_flatness_db.mean": 0.1644172966480255, "lowlevel.melbands_flatness_db.stdev": 0.045090045779943466, "lowlevel.melbands_kurtosis.mean": 13.269779205322266, "lowlevel.melbands_kurtosis.stdev": 17.33896255493164, "lowlevel.melbands_skewness.mean": 2.9650661945343018, "lowlevel.melbands_skewness.stdev": 1.8310344219207764, "lowlevel.melbands_spread.mean": 32.16128158569336, "lowlevel.melbands_spread.stdev": 16.765310287475586, "lowlevel.pitch_salience.mean": 0.5499042272567749, "lowlevel.pitch_salience.stdev": 0.12667535245418549, "lowlevel.silence_rate_20dB.mean": 1.0, "lowlevel.silence_rate_20dB.stdev": 0.0, "lowlevel.silence_rate_30dB.mean": 0.9952054619789124, "lowlevel.silence_rate_30dB.stdev": 0.06907601654529572, "lowlevel.silence_rate_60dB.mean": 0.0020547944586724043, "lowlevel.silence_rate_60dB.stdev": 0.045283135026693344, "lowlevel.spectral_centroid.mean": 2142.3642578125, "lowlevel.spectral_centroid.stdev": 459.0740661621094, "lowlevel.spectral_complexity.mean": 35.27808380126953, "lowlevel.spectral_complexity.stdev": 6.567622661590576, "lowlevel.spectral_decrease.mean": -9.853446059082671e-09, "lowlevel.spectral_decrease.stdev": 6.306870581340718e-09, "lowlevel.spectral_energy.mean": 0.03999323770403862, "lowlevel.spectral_energy.stdev": 0.024320067837834358, "lowlevel.spectral_energyband_high.mean": 0.0019723535515367985, "lowlevel.spectral_energyband_high.stdev": 0.0011238564038649201, "lowlevel.spectral_energyband_low.mean": 0.02043769136071205, "lowlevel.spectral_energyband_low.stdev": 0.022919652983546257, "lowlevel.spectral_energyband_middle_high.mean": 0.008352729491889477, "lowlevel.spectral_energyband_middle_high.stdev": 0.006809472572058439, "lowlevel.spectral_energyband_middle_low.mean": 0.010035857558250427, "lowlevel.spectral_energyband_middle_low.stdev": 0.011998355388641357, "lowlevel.spectral_entropy.mean": 7.966230869293213, "lowlevel.spectral_entropy.stdev": 0.1520858108997345, "lowlevel.spectral_flux.mean": 0.11781741678714752, "lowlevel.spectral_flux.stdev": 0.05477967858314514, "lowlevel.spectral_kurtosis.mean": 2.731719493865967, "lowlevel.spectral_kurtosis.stdev": 0.9848417639732361, "lowlevel.spectral_rms.mean": 0.006000388879328966, "lowlevel.spectral_rms.stdev": 0.0017358537297695875, "lowlevel.spectral_rolloff.mean": 1796.928466796875, "lowlevel.spectral_rolloff.stdev": 1168.4649658203125, "lowlevel.spectral_skewness.mean": 1.0710828304290771, "lowlevel.spectral_skewness.stdev": 0.20338404178619385, "lowlevel.spectral_spread.mean": 4414175.5, "lowlevel.spectral_spread.stdev": 731182.125, "lowlevel.spectral_strongpeak.mean": 0.8228734135627747, "lowlevel.spectral_strongpeak.stdev": 1.1262568235397339, "lowlevel.zerocrossingrate.mean": 0.07148169726133347, "lowlevel.zerocrossingrate.stdev": 0.025162464007735252, "metadata.audio_properties.analysis.equal_loudness": 0.0, "metadata.audio_properties.analysis.length": 33.855987548828125, "metadata.audio_properties.analysis.sample_rate": 44100.0, "metadata.audio_properties.analysis.start_time": 0.0, "metadata.audio_properties.bit_rate": 118102.0, "metadata.audio_properties.length": 33.85599899291992, "metadata.audio_properties.lossless": 0.0, "metadata.audio_properties.number_channels": 1.0, "metadata.audio_properties.replay_gain": -13.323369979858398, "metadata.audio_properties.sample_rate": 48000.0, "rhythm.beats_count": 72.0, "rhythm.beats_loudness.mean": 0.05021263659000397, "rhythm.beats_loudness.stdev": 0.02105019800364971, "rhythm.bpm": 128.98187255859375, "rhythm.bpm_histogram_first_peak_bpm": 129.0, "rhythm.bpm_histogram_first_peak_weight": 0.1267605423927307, "rhythm.bpm_histogram_second_peak_bpm": 0.0, "rhythm.bpm_histogram_second_peak_spread": 0.0, "rhythm.bpm_histogram_second_peak_weight": 0.0, "rhythm.danceability": 2.2070114612579346, "rhythm.onset_rate": 3.89634370803833, "tonal.chords_changes_rate": 0.0875513032078743, "tonal.chords_number_rate": 0.010943912900984287, "tonal.chords_strength.mean": 0.5467701554298401, "tonal.chords_strength.stdev": 0.1135052889585495, "tonal.hpcp_crest.mean": 11.687617301940918, "tonal.hpcp_crest.stdev": 6.062412738800049, "tonal.hpcp_entropy.mean": 2.417259931564331, "tonal.hpcp_entropy.stdev": 0.8390218019485474, "tonal.key_edma.strength": 0.6463246941566467, "tonal.key_krumhansl.strength": 0.6462519764900208, "tonal.key_temperley.strength": 0.657957136631012, "tonal.tuning_diatonic_strength": 0.793265700340271, "tonal.tuning_equal_tempered_deviation": 0.22212301194667816, "tonal.tuning_frequency": 434.193115234375, "tonal.tuning_nontempered_energy_ratio": 0.9073293209075928, "lowlevel.barkbands.mean": [0.001241940539330244, 0.014834228903055191, 0.0038188768085092306, 0.0016406617360189557, 0.003980461973696947, 0.0007244558655656874, 0.0010533853201195598, 0.0008973736548796296, 0.001284710131585598, 0.0017889522714540362, 0.0007694739033468068, 0.0007182715926319361, 0.0005509215407073498, 0.0008044083369895816, 0.0006327011506073177, 0.0012074786936864257, 0.0008230017265304923, 0.0004032275755889714, 0.0006053860997781157, 0.0006635442841798067, 0.0008372734882868826, 0.00027820011018775403, 0.00013605896674562246, 0.0001670353376539424, 9.813770884647965e-05, 3.2402931537944824e-05, 6.678084787381522e-07], "lowlevel.barkbands.stdev": [0.0012691379524767399, 0.02075730822980404, 0.004379504360258579, 0.0018540734890848398, 0.00933136511594057, 0.0014756275340914726, 0.0022499156184494495, 0.0023287443909794092, 0.002928254660218954, 0.0040626246482133865, 0.0018996837316080928, 0.0016480176709592342, 0.0012977024307474494, 0.0017510044854134321, 0.0010516552720218897, 0.0018365379655733705, 0.0010234677465632558, 0.00034310208866372705, 0.00033742477535270154, 0.00036000731051899493, 0.0004540348018053919, 0.0002966193715110421, 0.00015151749539654702, 0.00023262460308615118, 9.500058513367549e-05, 3.367355384398252e-05, 1.0832280850081588e-06], "lowlevel.erbbands.mean": [0.5514548420906067, 2.8327770233154297, 4.213088035583496, 6.033340930938721, 11.353034019470215, 12.1492919921875, 6.092050552368164, 6.347528457641602, 13.035394668579102, 18.320356369018555, 19.529621124267578, 28.534902572631836, 53.375328063964844, 39.85910415649414, 30.375553131103516, 30.19985580444336, 25.489717483520508, 30.849868774414062, 44.138607025146484, 42.23115921020508, 67.59426879882812, 45.861114501953125, 21.901485443115234, 32.87152099609375, 25.45659065246582, 30.663537979125977, 41.49922561645508, 23.884445190429688, 11.556600570678711, 5.370400428771973, 3.6756036281585693, 3.4827041625976562, 2.702885150909424, 1.3659394979476929, 0.5498089790344238, 0.1947053223848343, 0.048605404794216156, 0.005686711519956589, 0.00014809756248723716, 5.44843242096249e-05], "lowlevel.erbbands.stdev": [0.8503180146217346, 3.938847780227661, 5.01840877532959, 5.832184791564941, 24.616369247436523, 30.101627349853516, 11.03741455078125, 14.452017784118652, 29.057018280029297, 37.49873733520508, 52.05487823486328, 65.96232604980469, 113.36640167236328, 78.87800598144531, 68.23685455322266, 69.6948013305664, 47.99544143676758, 58.47801208496094, 78.8213119506836, 59.53764343261719, 93.69532775878906, 56.051666259765625, 18.385602951049805, 22.620943069458008, 13.37888240814209, 16.397863388061523, 22.725414276123047, 15.361953735351562, 11.706109046936035, 6.347259998321533, 4.081958293914795, 4.808562755584717, 3.706207752227783, 1.4290612936019897, 0.5352038145065308, 0.21070925891399384, 0.05104644224047661, 0.005798514001071453, 0.00012618846085388213, 2.874403799069114e-05], "lowlevel.gfcc.mean": [51.06935119628906, 71.76907348632812, -122.5439224243164, 56.4917106628418, -50.34564971923828, 23.52686309814453, -28.17228126525879, 19.64432144165039, -25.4570369720459, 8.476394653320312, -22.94114875793457, -1.9703564643859863, -3.8098831176757812], "lowlevel.melbands.mean": [0.004507378209382296, 0.002663643565028906, 0.0011479388922452927, 0.00096107367426157, 0.0002470908802933991, 0.00014791912690270692, 0.00020083649724256247, 0.00020220750593580306, 0.00015429935592692345, 0.0001896512694656849, 0.00027783101540990174, 0.00017591656069271266, 0.00010561506496742368, 7.058612391119823e-05, 8.264875214081258e-05, 4.9669477448333055e-05, 5.9767873608507216e-05, 7.89188634371385e-05, 4.6338089305208996e-05, 7.28065351722762e-05, 8.001525566214696e-05, 5.2461738960118964e-05, 2.4105316697387025e-05, 1.771186180121731e-05, 2.8278835088713095e-05, 2.0241726815584116e-05, 1.669103767198976e-05, 2.1095604097354226e-05, 2.7325202609063126e-05, 2.1482388547156006e-05, 1.1173345228598919e-05, 7.060788902890636e-06, 3.948724497604417e-06, 2.603298753456329e-06, 2.0834354472754057e-06, 2.018862460317905e-06, 2.233818577224156e-06, 2.048773922069813e-06, 1.4723184449394466e-06, 1.0390557463324512e-06], "lowlevel.melbands.stdev": [0.006513460539281368, 0.00303095206618309, 0.0011450225720182061, 0.002327805617824197, 0.00047323352191597223, 0.0003132061392534524, 0.0004324211331550032, 0.00041488741408102214, 0.0003997834865003824, 0.0004575915518216789, 0.0005993980448693037, 0.00037149558193050325, 0.00027242297073826194, 0.00014234081027098, 0.00021768573787994683, 0.00012510157830547541, 0.0001237128599314019, 0.00016095642058644444, 7.668360194656998e-05, 0.00012841279385611415, 0.00010908777767326683, 6.94685586495325e-05, 2.4786198991932906e-05, 1.5380544937215745e-05, 2.0479277736740187e-05, 1.1605625331867486e-05, 9.675231012806762e-06, 1.2696032172243576e-05, 1.7040963939507492e-05, 1.279270691156853e-05, 8.637776772957295e-06, 7.386447123280959e-06, 5.284160124574555e-06, 3.061904180867714e-06, 2.3282925667444943e-06, 2.5651931991887977e-06, 3.287214212832623e-06, 2.957400511149899e-06, 1.78477864665183e-06, 1.0661134410838713e-06], "lowlevel.melbands128.mean": [0.0007362160249613225, 0.004525797441601753, 0.00639859726652503, 0.004013812635093927, 0.0022001645993441343, 0.001921649556607008, 0.0012829359620809555, 0.000688505417201668, 0.0012129662791267037, 0.0013316342374309897, 0.0005485690198838711, 0.00028641943936236203, 0.00019405990315135568, 0.00014778433251194656, 0.00012360276014078408, 0.00014356774045154452, 0.00022207667643669993, 0.00019573906320147216, 0.00019824427727144212, 0.00021353515330702066, 0.0002045103901764378, 0.00017443917749915272, 0.00014680267486255616, 0.00013602085527963936, 0.0001520048244856298, 0.00024370830215048045, 0.00020384190429467708, 0.00026404441450722516, 0.0003929132071789354, 0.00019391626119613647, 0.00010543469397816807, 0.00010871038830373436, 0.00012088970834156498, 9.443626186111942e-05, 6.26690816716291e-05, 5.7475936046103016e-05, 8.786532998783514e-05, 0.0001154733108705841, 5.220000821282156e-05, 4.157512012170628e-05, 5.692185368388891e-05, 4.9345308070769534e-05, 4.1533643525326625e-05, 6.5210995671805e-05, 0.00011745541269192472, 7.151870522648096e-05, 5.4728669056203216e-05, 4.111015368835069e-05, 4.445614467840642e-05, 5.335951573215425e-05, 8.143799641402438e-05, 8.57616905705072e-05, 8.596484258305281e-05, 7.731629739282653e-05, 6.52152084512636e-05, 5.5669512221356854e-05, 3.705443668877706e-05, 2.617594691400882e-05, 2.1021332941018045e-05, 1.5393006833619438e-05, 1.4554950212186668e-05, 2.033803320955485e-05, 2.9670094590983354e-05, 3.17153571813833e-05, 2.521261376386974e-05, 2.0023957404191606e-05, 1.7096303054131567e-05, 1.5694049579906277e-05, 1.6169296941370703e-05, 1.9119657736155204e-05, 1.874503868748434e-05, 2.2241556507651694e-05, 2.9101867767167278e-05, 2.8571017537615262e-05, 2.5407543944311328e-05, 2.460124778735917e-05, 1.8709995856625028e-05, 1.3341104931896552e-05, 1.0664533874660265e-05, 8.254394742834847e-06, 8.053584679146297e-06, 6.341087555483682e-06, 5.052739652455784e-06, 3.888636456395034e-06, 2.7771636723628035e-06, 2.751028659986332e-06, 2.5513809305266477e-06, 2.316440259164665e-06, 2.0604359178832965e-06, 1.841466541918635e-06, 2.091368969558971e-06, 2.1099297100590775e-06, 1.8569772919363459e-06, 2.1859189018869074e-06, 2.5309134343842743e-06, 2.3143300040828763e-06, 1.9213525774830487e-06, 1.7113552530645393e-06, 1.5213000779112917e-06, 1.3083168823868618e-06, 1.2298754654693766e-06, 9.551564517096267e-07, 8.983838029053004e-07, 7.328118840632669e-07, 5.978253625471552e-07, 4.747253683490271e-07, 4.60891698139676e-07, 4.5387463387669413e-07, 3.0431147024501115e-07, 2.488294512659195e-07, 2.2204358174349181e-07, 1.537041640631287e-07, 1.534071714104357e-07, 1.2378124836232018e-07, 8.927108297029918e-08, 5.8647735556860425e-08, 2.6161664834489784e-08, 2.8092921322553366e-09, 6.9048560272233495e-12, 6.680074462334096e-12, 6.52165691242268e-12, 6.400398440409294e-12, 6.274377718773483e-12, 6.140998733833447e-12, 5.848718644813067e-12, 5.420346029655354e-12, 5.182868457326295e-12, 5.1261434333427225e-12], "lowlevel.melbands128.stdev": [0.0011091209016740322, 0.007424992974847555, 0.009563048370182514, 0.005787837319076061, 0.0030720706563442945, 0.0021085941698402166, 0.0013775930274277925, 0.0009043861064128578, 0.0027861222624778748, 0.003565111430361867, 0.0014982217689976096, 0.0006568424869328737, 0.0003859054995700717, 0.00033721301588229835, 0.0003595996822696179, 0.0004286507610231638, 0.0005638691945932806, 0.0005727696698158979, 0.0006161149358376861, 0.0005184379406273365, 0.0005270091933198273, 0.0006877455161884427, 0.0004775358538608998, 0.0004106906708329916, 0.0004926722031086683, 0.0007804224733263254, 0.0006238766363821924, 0.0007882930804044008, 0.0011080283438786864, 0.0005672983825206757, 0.00030069294734857976, 0.00032309096422977746, 0.00046739893150515854, 0.0002220377209596336, 0.0001539157674415037, 0.00016162512474693358, 0.00029924180125817657, 0.00038567048613913357, 0.00014874937187414616, 9.468559437664226e-05, 0.00020599451090674847, 0.0001815313589759171, 0.00011719050962710753, 0.00020185834728181362, 0.00036798417568206787, 0.00017008132999762893, 0.00012398323451634496, 8.500870899297297e-05, 9.915862756315619e-05, 8.500761759933084e-05, 0.00020264684280846268, 0.0002040821418631822, 0.00016756527475081384, 0.00010433081479277462, 0.00011133776570204645, 9.292721370002255e-05, 5.665875141858123e-05, 3.4464137570466846e-05, 2.2957090550335124e-05, 1.7577987819095142e-05, 1.688456723059062e-05, 2.1793521227664314e-05, 3.1079965992830694e-05, 2.5969018679461442e-05, 1.889453415060416e-05, 1.5648565749870613e-05, 1.3771676094620489e-05, 1.1922546036657877e-05, 1.266667004529154e-05, 1.4457107681664638e-05, 1.5938225260470062e-05, 1.8147340597352013e-05, 2.556437539169565e-05, 2.2922278731130064e-05, 1.943904862855561e-05, 1.802105543902144e-05, 1.4856136658636387e-05, 1.1555599485291168e-05, 9.637242328608409e-06, 8.452752808807418e-06, 9.825588676903863e-06, 7.419045687129255e-06, 6.56553493172396e-06, 6.852077149233082e-06, 4.009837539342698e-06, 3.7661457099602558e-06, 3.226914259357727e-06, 2.6970715225616004e-06, 2.659355686773779e-06, 2.3483587483497104e-06, 2.799721187329851e-06, 2.920213319157483e-06, 2.778960379146156e-06, 3.785007493206649e-06, 3.807204620898119e-06, 3.663968527689576e-06, 3.0356875413417583e-06, 2.4278147066070233e-06, 2.1705466224375414e-06, 1.507537490397226e-06, 1.3852552456228295e-06, 1.068330220732605e-06, 1.0290841601090506e-06, 8.18884359432559e-07, 7.707330382800137e-07, 4.965276048096712e-07, 5.496492576639866e-07, 5.525855613086605e-07, 3.907842938133399e-07, 3.316148422527476e-07, 3.1314337434196204e-07, 1.9934105921493028e-07, 1.856955975654273e-07, 1.6625996579477942e-07, 1.0629764801706187e-07, 7.966770709799675e-08, 4.011736010056666e-08, 6.467169022528196e-09, 2.00499582214686e-11, 1.9922339819511414e-11, 1.9715770682715572e-11, 1.9654803826152367e-11, 1.959651538263607e-11, 1.8824315370369327e-11, 1.45690473574156e-11, 8.736184518853829e-12, 7.363688651895739e-12, 7.312267111259096e-12], "lowlevel.mfcc.mean": [-584.9144287109375, 92.17301940917969, -5.546967506408691, 36.652591705322266, 6.4084153175354, 11.385622024536133, 11.811412811279297, 4.76605224609375, 16.404380798339844, 5.2868547439575195, -4.666636943817139, 4.625072479248047, -1.5039798021316528], "lowlevel.spectral_contrast_coeffs.mean": [-0.733203649520874, -0.7920293807983398, -0.7849805951118469, -0.7894965410232544, -0.804706871509552, -0.7204806208610535], "lowlevel.spectral_contrast_coeffs.stdev": [0.06891702115535736, 0.06448080390691757, 0.06623955816030502, 0.04494553059339523, 0.021077711135149002, 0.03318175673484802], "lowlevel.spectral_contrast_valleys.mean": [-6.284736633300781, -6.558896064758301, -6.8322224617004395, -6.891441822052002, -6.49423360824585, -9.559792518615723], "lowlevel.spectral_contrast_valleys.stdev": [0.5494050979614258, 0.5827566385269165, 0.5344958305358887, 0.48673003911972046, 0.43312978744506836, 0.5887286067008972], "rhythm.beats_loudness_band_ratio.mean": [0.6018604040145874, 0.163361594080925, 0.08473500609397888, 0.09018691629171371, 0.08716463297605515, 0.06707447022199631], "rhythm.beats_loudness_band_ratio.stdev": [0.19867178797721863, 0.17057090997695923, 0.07195542752742767, 0.11232145875692368, 0.07273077964782715, 0.03486623987555504], "tonal.hpcp.mean": [0.13443614542484283, 0.08600443601608276, 0.0769679918885231, 0.08070206642150879, 0.10351913422346115, 0.13343533873558044, 0.15368463099002838, 0.13653384149074554, 0.11605421453714371, 0.11796911060810089, 0.10878792405128479, 0.10786381363868713, 0.1800399124622345, 0.19645549356937408, 0.11027482897043228, 0.06069293990731239, 0.057472459971904755, 0.08184265345335007, 0.14457818865776062, 0.154729962348938, 0.08533956110477448, 0.04662683606147766, 0.03892282024025917, 0.034424103796482086, 0.04799915477633476, 0.05838322639465332, 0.061153434216976166, 0.08041658252477646, 0.08453746140003204, 0.07796081155538559, 0.09560026228427887, 0.11814482510089874, 0.16581857204437256, 0.2703993022441864, 0.31339800357818604, 0.23599952459335327], "tonal.hpcp.stdev": [0.2382972240447998, 0.2026582509279251, 0.19513076543807983, 0.17385812103748322, 0.20351102948188782, 0.23991592228412628, 0.2837560474872589, 0.2534366548061371, 0.22143666446208954, 0.22579340636730194, 0.20604196190834045, 0.19397202134132385, 0.2977973222732544, 0.31850466132164, 0.19633923470973969, 0.1232033520936966, 0.12256136536598206, 0.1647423654794693, 0.2535944879055023, 0.2694014012813568, 0.16440805792808533, 0.11737057566642761, 0.11030876636505127, 0.09269452840089798, 0.11381114274263382, 0.1319369375705719, 0.14501720666885376, 0.1712622493505478, 0.17090319097042084, 0.1755288988351822, 0.19595183432102203, 0.2267019897699356, 0.2691570222377777, 0.3323321044445038, 0.35580572485923767, 0.31338873505592346], "rhythm.beats_position": [0.4527890980243683, 0.9287981986999512, 1.3931972980499268, 1.8575963973999023, 2.321995496749878, 2.7863945960998535, 3.250793695449829, 3.7151927947998047, 4.179591655731201, 4.643990993499756, 5.108389854431152, 5.572789192199707, 6.0371880531311035, 6.501587390899658, 6.965986251831055, 7.430385589599609, 7.894784450531006, 8.359183311462402, 8.823582649230957, 9.287981986999512, 9.75238037109375, 10.216779708862305, 10.68117904663086, 11.145578384399414, 11.609976768493652, 12.085986137390137, 12.550385475158691, 13.014784812927246, 13.467573165893555, 13.943582534790039, 14.407981872558594, 14.860771179199219, 15.325169563293457, 15.789568901062012, 16.26557731628418, 16.741586685180664, 17.20598602294922, 17.670385360717773, 18.134784698486328, 18.599184036254883, 19.063581466674805, 19.52798080444336, 19.992380142211914, 20.45677947998047, 20.921178817749023, 21.385578155517578, 21.849977493286133, 22.314376831054688, 22.77877426147461, 23.243173599243164, 23.70757293701172, 24.171972274780273, 24.636371612548828, 25.100770950317383, 25.576780319213867, 26.04117774963379, 26.517187118530273, 26.981586456298828, 27.445985794067383, 27.910385131835938, 28.374784469604492, 28.839183807373047, 29.3035831451416, 29.767980575561523, 30.232379913330078, 30.696779251098633, 31.161178588867188, 31.625577926635742, 32.0899772644043, 32.55437469482422, 33.018775939941406, 33.48317337036133], "rhythm.bpm_histogram": [0.0, 0.0, 0.0, 0.0, 0.0, 0.0, 0.0, 0.0, 0.0, 0.0, 0.0, 0.0, 0.0, 0.0, 0.0, 0.0, 0.0, 0.0, 0.0, 0.0, 0.0, 0.0, 0.0, 0.0, 0.0, 0.0, 0.0, 0.0, 0.0, 0.0, 0.0, 0.0, 0.0, 0.0, 0.0, 0.0, 0.0, 0.0, 0.0, 0.0, 0.0, 0.0, 0.0, 0.0, 0.0, 0.0, 0.0, 0.0, 0.0, 0.0, 0.0, 0.0, 0.0, 0.0, 0.0, 0.0, 0.0, 0.0, 0.0, 0.0, 0.0, 0.0, 0.0, 0.0, 0.0, 0.0, 0.0, 0.0, 0.0, 0.0, 0.0, 0.0, 0.0, 0.0, 0.0, 0.0, 0.0, 0.0, 0.0, 0.0, 0.0, 0.0, 0.0, 0.0, 0.0, 0.0, 0.0, 0.0, 0.0, 0.0, 0.0, 0.0, 0.0, 0.0, 0.0, 0.0, 0.0, 0.0, 0.0, 0.0, 0.0, 0.0, 0.0, 0.0, 0.0, 0.0, 0.0, 0.0, 0.0, 0.0, 0.0, 0.0, 0.0, 0.0, 0.0, 0.0, 0.0, 0.0, 0.0, 0.0, 0.0, 0.0, 0.0, 0.0, 0.0, 0.0, 0.09859155118465424, 0.0, 0.0, 0.8732394576072693, 0.0, 0.0, 0.0, 0.028169013559818268, 0.0, 0.0, 0.0, 0.0, 0.0, 0.0, 0.0, 0.0, 0.0, 0.0, 0.0, 0.0, 0.0, 0.0, 0.0, 0.0, 0.0, 0.0, 0.0, 0.0, 0.0, 0.0, 0.0, 0.0, 0.0, 0.0, 0.0, 0.0, 0.0, 0.0, 0.0, 0.0, 0.0, 0.0, 0.0, 0.0, 0.0, 0.0, 0.0, 0.0, 0.0, 0.0, 0.0, 0.0, 0.0, 0.0, 0.0, 0.0, 0.0, 0.0, 0.0, 0.0, 0.0, 0.0, 0.0, 0.0, 0.0, 0.0, 0.0, 0.0, 0.0, 0.0, 0.0, 0.0, 0.0, 0.0, 0.0, 0.0, 0.0, 0.0, 0.0, 0.0, 0.0, 0.0, 0.0, 0.0, 0.0, 0.0, 0.0, 0.0, 0.0, 0.0, 0.0, 0.0, 0.0, 0.0, 0.0, 0.0, 0.0, 0.0, 0.0, 0.0, 0.0, 0.0, 0.0, 0.0, 0.0, 0.0, 0.0, 0.0, 0.0, 0.0, 0.0, 0.0, 0.0, 0.0, 0.0, 0.0, 0.0, 0.0, 0.0, 0.0, 0.0, 0.0, 0.0, 0.0], "tonal.chords_histogram": [0.0, 0.0, 0.0, 0.0, 0.0, 0.0, 0.0, 0.0, 0.0, 0.0, 0.0, 0.0, 2.1887824535369873, 0.0, 8.207934379577637, 0.0, 2.3255813121795654, 0.0, 0.0, 1.915184736251831, 3.5567715167999268, 30.779754638671875, 3.693570375442505, 47.332420349121094], "tonal.thpcp": [1.0, 0.7530345320701599, 0.4289630055427551, 0.27442559599876404, 0.24559183418750763, 0.2575066387653351, 0.330312043428421, 0.4257695972919464, 0.49038165807724, 0.4356563985347748, 0.37030935287475586, 0.3764194846153259, 0.3471238613128662, 0.34417518973350525, 0.5744768977165222, 0.62685626745224, 0.35186833143234253, 0.1936608999967575, 0.18338489532470703, 0.26114606857299805, 0.461324542760849, 0.49371713399887085, 0.27230408787727356, 0.14877834916114807, 0.1241961345076561, 0.109841488301754, 0.15315717458724976, 0.18629099428653717, 0.19513025879859924, 0.2565957009792328, 0.26974472403526306, 0.24875976145267487, 0.3050442636013031, 0.37698015570640564, 0.5290989875793457, 0.8627983927726746], "lowlevel.gfcc.cov": [[2008.1370849609375, 16.99842643737793, -81.66836547851562, -33.40663146972656, -99.07184600830078, 39.58115005493164, -63.12298583984375, 30.735231399536133, -9.797041893005371, 23.10057258605957, -45.90388488769531, 4.257523059844971, -43.79673767089844], [16.99842643737793, 320.5809326171875, -117.29230499267578, 0.8844679594039917, 12.862860679626465, -61.46851348876953, 59.76899337768555, -46.87855529785156, 13.170890808105469, -36.706764221191406, 16.110374450683594, -58.33799743652344, 15.46963882446289], [-81.66836547851562, -117.29230499267578, 310.3314514160156, 125.55875396728516, 11.691412925720215, -1.9376124143600464, -33.676490783691406, 16.15702247619629, -14.36673641204834, 21.10785675048828, -9.362251281738281, 22.285104751586914, -33.55656051635742], [-33.40663146972656, 0.8844679594039917, 125.55875396728516, 209.40061950683594, 51.71291732788086, -19.922496795654297, -19.25738525390625, -3.8902437686920166, 24.092071533203125, -4.845984935760498, 14.956123352050781, -8.187408447265625, 5.79259729385376], [-99.07184600830078, 12.862860679626465, 11.691412925720215, 51.71291732788086, 150.64859008789062, 58.118080139160156, 69.17765045166016, 33.296932220458984, 43.13540267944336, 32.084083557128906, 18.168563842773438, 8.11307144165039, 33.04801940917969], [39.58115005493164, -61.46851348876953, -1.9376124143600464, -19.922496795654297, 58.118080139160156, 146.46682739257812, 81.57688903808594, 24.955669403076172, -0.3592919111251831, 11.889215469360352, 11.541369438171387, 11.65953540802002, 15.434187889099121], [-63.12298583984375, 59.76899337768555, -33.676490783691406, -19.25738525390625, 69.17765045166016, 81.57688903808594, 177.90350341796875, 49.753604888916016, 19.526968002319336, 0.29687511920928955, 22.257022857666016, 3.4812986850738525, 23.18330192565918], [30.735231399536133, -46.87855529785156, 16.15702247619629, -3.8902437686920166, 33.296932220458984, 24.955669403076172, 49.753604888916016, 118.38333892822266, 60.05758285522461, 31.846092224121094, 0.8279083967208862, 20.140033721923828, 20.235517501831055], [-9.797041893005371, 13.170890808105469, -14.36673641204834, 24.092071533203125, 43.13540267944336, -0.3592919111251831, 19.526968002319336, 60.05758285522461, 116.72517395019531, 47.38160705566406, 24.300039291381836, -0.01475080382078886, 20.315330505371094], [23.10057258605957, -36.706764221191406, 21.10785675048828, -4.845984935760498, 32.084083557128906, 11.889215469360352, 0.29687511920928955, 31.846092224121094, 47.38160705566406, 92.38397216796875, 40.456031799316406, 19.214427947998047, 2.0485353469848633], [-45.90388488769531, 16.110374450683594, -9.362251281738281, 14.956123352050781, 18.168563842773438, 11.541369438171387, 22.257022857666016, 0.8279083967208862, 24.300039291381836, 40.456031799316406, 81.77653503417969, 33.509498596191406, 14.3296480178833], [4.257523059844971, -58.33799743652344, 22.285104751586914, -8.187408447265625, 8.11307144165039, 11.65953540802002, 3.4812986850738525, 20.140033721923828, -0.01475080382078886, 19.214427947998047, 33.509498596191406, 72.41204071044922, 26.316312789916992], [-43.79673767089844, 15.46963882446289, -33.55656051635742, 5.79259729385376, 33.04801940917969, 15.434187889099121, 23.18330192565918, 20.235517501831055, 20.315330505371094, 2.0485353469848633, 14.3296480178833, 26.316312789916992, 73.29998779296875]], "lowlevel.gfcc.icov": [[0.00068755290703848, -0.0008350874995812774, 0.0005729743279516697, -0.0007794582634232938, 0.0009526446810923517, -0.0012663793750107288, 0.0006285305134952068, -0.0006057741120457649, 0.00021442475554067641, -0.001112771569751203, 0.0014885959681123495, -0.0014722237829118967, 0.0009257621713913977], [-0.0008350874995812774, 0.008969807997345924, 0.00025569155695848167, 0.0017177463741973042, -0.002562144072726369, 0.007425887044519186, -0.005361405201256275, 0.00397539371624589, -0.001212575356476009, 0.00392078747972846, -0.006092896685004234, 0.008861619047820568, -0.003984799608588219], [0.0005729743279516697, 0.00025569155695848167, 0.007074799854308367, -0.005672421772032976, 0.0015903624007478356, -0.001134590245783329, -0.0001909973652800545, -0.0011914616916328669, 0.0020716655999422073, -0.0041367122903466225, 0.004690156318247318, -0.004929442424327135, 0.004281010013073683], [-0.0007794582634232938, 0.0017177463741973042, -0.005672421772032976, 0.011422574520111084, -0.005799164529889822, 0.0036934821400791407, 0.001224002568051219, 0.0010889512486755848, -0.002562628360465169, 0.007472237106412649, -0.008417661301791668, 0.007414707913994789, -0.0036936302203685045], [0.0009526446810923517, -0.002562144072726369, 0.0015903624007478356, -0.005799164529889822, 0.01447900477796793, -0.0058939820155501366, -0.002572540659457445, 0.0003340172697789967, -0.0014751926064491272, -0.007580306380987167, 0.006904196925461292, -0.004602490924298763, -0.0013458625180646777], [-0.0012663793750107288, 0.007425887044519186, -0.001134590245783329, 0.0036934821400791407, -0.0058939820155501366, 0.0171631071716547, -0.008127518929541111, 0.003141186898574233, 0.0008509837207384408, 0.0032615954987704754, -0.0062277670949697495, 0.00781895313411951, -0.004304989706724882], [0.0006285305134952068, -0.005361405201256275, -0.0001909973652800545, 0.001224002568051219, -0.002572540659457445, -0.008127518929541111, 0.014512298628687859, -0.0077361855655908585, 0.0019015205325558782, 0.0028629242442548275, -0.0027921583969146013, -0.0013634080532938242, 0.002168140606954694], [-0.0006057741120457649, 0.00397539371624589, -0.0011914616916328669, 0.0010889512486755848, 0.0003340172697789967, 0.003141186898574233, -0.0077361855655908585, 0.018977126106619835, -0.009254466742277145, -0.0019058278994634748, 0.005189524032175541, -0.0025599892251193523, -0.002913817996159196], [0.00021442475554067641, -0.001212575356476009, 0.0020716655999422073, -0.002562628360465169, -0.0014751926064491272, 0.0008509837207384408, 0.0019015205325558782, -0.009254466742277145, 0.017990924417972565, -0.006425950210541487, -0.00273199868388474, 0.004226947668939829, -0.0018158542225137353], [-0.001112771569751203, 0.00392078747972846, -0.0041367122903466225, 0.007472237106412649, -0.007580306380987167, 0.0032615954987704754, 0.0028629242442548275, -0.0019058278994634748, -0.006425950210541487, 0.02598302811384201, -0.01651269942522049, 0.0067144050262868404, 0.0002472293272148818], [0.0014885959681123495, -0.006092896685004234, 0.004690156318247318, -0.008417661301791668, 0.006904196925461292, -0.0062277670949697495, -0.0027921583969146013, 0.005189524032175541, -0.00273199868388474, -0.01651269942522049, 0.03321748226881027, -0.021279603242874146, 0.005001360084861517], [-0.0014722237829118967, 0.008861619047820568, -0.004929442424327135, 0.007414707913994789, -0.004602490924298763, 0.00781895313411951, -0.0013634080532938242, -0.0025599892251193523, 0.004226947668939829, 0.0067144050262868404, -0.021279603242874146, 0.03672949597239494, -0.014411699026823044], [0.0009257621713913977, -0.003984799608588219, 0.004281010013073683, -0.0036936302203685045, -0.0013458625180646777, -0.004304989706724882, 0.002168140606954694, -0.002913817996159196, -0.0018158542225137353, 0.0002472293272148818, 0.005001360084861517, -0.014411699026823044, 0.023613084107637405]], "lowlevel.mfcc.cov": [[1146.59423828125, 38.497413635253906, -9.847993850708008, -78.44031524658203, -31.79389190673828, -6.48976993560791, -59.66036605834961, 1.2196124792099, -11.691083908081055, 7.798953056335449, 33.400115966796875, -20.5725154876709, -35.759490966796875], [38.497413635253906, 264.3741760253906, -111.6446762084961, 3.910871744155884, -64.42493438720703, -5.352784633636475, 19.085519790649414, -11.02413272857666, 8.355308532714844, 2.5105130672454834, 10.676599502563477, -4.672359943389893, -15.73230266571045], [-9.847993850708008, -111.6446762084961, 257.0376892089844, 83.74984741210938, 35.15637969970703, -2.761975049972534, -22.531145095825195, -4.989772319793701, -40.670597076416016, -9.720542907714844, 2.022679090499878, -5.693875312805176, 4.981473922729492], [-78.44031524658203, 3.910871744155884, 83.74984741210938, 203.77041625976562, 60.005027770996094, -9.633831977844238, -22.159690856933594, -8.990428924560547, 3.0245914459228516, 3.16477370262146, -2.842222213745117, 18.06818199157715, 25.129634857177734], [-31.79389190673828, -64.42493438720703, 35.15637969970703, 60.005027770996094, 119.07367706298828, 21.890037536621094, -18.894197463989258, -8.553939819335938, 18.945842742919922, 23.408370971679688, -1.670190453529358, 11.731026649475098, 18.486312866210938], [-6.48976993560791, -5.352784633636475, -2.761975049972534, -9.633831977844238, 21.890037536621094, 112.4354248046875, 63.74243927001953, 15.623480796813965, -0.549915611743927, 11.87415885925293, 7.999324798583984, -6.598142147064209, -5.557097911834717], [-59.66036605834961, 19.085519790649414, -22.531145095825195, -22.159690856933594, -18.894197463989258, 63.74243927001953, 134.85975646972656, 50.771366119384766, 24.2161922454834, 2.0548908710479736, 0.4271118640899658, 11.011636734008789, 1.0045952796936035], [1.2196124792099, -11.02413272857666, -4.989772319793701, -8.990428924560547, -8.553939819335938, 15.623480796813965, 50.771366119384766, 91.68635559082031, 46.85115432739258, 8.5186185836792, -1.0785988569259644, 4.211485862731934, 9.7459135055542], [-11.691083908081055, 8.355308532714844, -40.670597076416016, 3.0245914459228516, 18.945842742919922, -0.549915611743927, 24.2161922454834, 46.85115432739258, 103.99676513671875, 50.290279388427734, 2.4512972831726074, 9.23818302154541, 10.084056854248047], [7.798953056335449, 2.5105130672454834, -9.720542907714844, 3.16477370262146, 23.408370971679688, 11.87415885925293, 2.0548908710479736, 8.5186185836792, 50.290279388427734, 84.3807601928711, 39.1690673828125, 6.912464141845703, -0.9706836938858032], [33.400115966796875, 10.676599502563477, 2.022679090499878, -2.842222213745117, -1.670190453529358, 7.999324798583984, 0.4271118640899658, -1.0785988569259644, 2.4512972831726074, 39.1690673828125, 69.42611694335938, 28.01589012145996, 3.932955503463745], [-20.5725154876709, -4.672359943389893, -5.693875312805176, 18.06818199157715, 11.731026649475098, -6.598142147064209, 11.011636734008789, 4.211485862731934, 9.23818302154541, 6.912464141845703, 28.01589012145996, 77.82305145263672, 42.18998718261719], [-35.759490966796875, -15.73230266571045, 4.981473922729492, 25.129634857177734, 18.486312866210938, -5.557097911834717, 1.0045952796936035, 9.7459135055542, 10.084056854248047, -0.9706836938858032, 3.932955503463745, 42.18998718261719, 67.5232162475586]], "lowlevel.mfcc.icov": [[0.0009778577368706465, -0.0002627603244036436, -0.00017142522847279906, 0.00045391416642814875, -3.327620333948289e-06, -0.0003092530823778361, 0.0008439277298748493, -0.0004465941456146538, -9.67073647188954e-05, 0.00026485120179131627, -0.0005401971866376698, -2.7769978260039352e-05, 0.0003947860677726567], [-0.0002627603244036436, 0.006283834110945463, 0.0029546667356044054, -0.0027187287341803312, 0.00374325318261981, -0.00011862793326145038, -0.0010208210442215204, 0.0018276524497196078, -0.0006776456139050424, 3.1833271350478753e-05, -0.0012964513152837753, 0.0009401814313605428, 0.0004252940707374364], [-0.00017142522847279906, 0.0029546667356044054, 0.006626525428146124, -0.003232895629480481, 0.0004696860269177705, 0.0005709580727852881, -0.00040112744318321347, -0.0010859258472919464, 0.003236360615119338, -0.0008665502537041903, -0.0009998416062444448, 0.0015052160015329719, 1.4989973351475783e-05], [0.00045391416642814875, -0.0027187287341803312, -0.003232895629480481, 0.008055358193814754, -0.004197948612272739, 0.0007086778641678393, 0.0007159415981732309, -0.0001755752309691161, -0.0006342286942526698, 0.0005862559773959219, 0.0006475468981079757, -0.001130994874984026, -0.001158038736321032], [-3.327620333948289e-06, 0.00374325318261981, 0.0004696860269177705, -0.004197948612272739, 0.015795568004250526, -0.005689151585102081, 0.003502685111016035, 0.0027437841054052114, -0.003125304589048028, -0.003296376671642065, 0.0031574557069689035, -0.0020173173397779465, -0.0013468521647155285], [-0.0003092530823778361, -0.00011862793326145038, 0.0005709580727852881, 0.0007086778641678393, -0.005689151585102081, 0.015958372503519058, -0.009241976775228977, -0.00022907380480319262, 0.004392377566546202, -0.002264693845063448, -0.002254471182823181, 0.004133281297981739, -0.0005955735687166452], [0.0008439277298748493, -0.0010208210442215204, -0.00040112744318321347, 0.0007159415981732309, 0.003502685111016035, -0.009241976775228977, 0.0158461332321167, -0.006018978543579578, -0.0019951665308326483, 0.0010609312448650599, 0.002165087964385748, -0.005135452374815941, 0.00228151585906744], [-0.0004465941456146538, 0.0018276524497196078, -0.0010859258472919464, -0.0001755752309691161, 0.0027437841054052114, -0.00022907380480319262, -0.006018978543579578, 0.02002008818089962, -0.011013885959982872, 0.004954512231051922, -0.0030309082940220833, 0.0029860844369977713, -0.003208474488928914], [-9.67073647188954e-05, -0.0006776456139050424, 0.003236360615119338, -0.0006342286942526698, -0.003125304589048028, 0.004392377566546202, -0.0019951665308326483, -0.011013885959982872, 0.02543427050113678, -0.017426948994398117, 0.009287507273256779, -0.002585564274340868, -0.0003497050784062594], [0.00026485120179131627, 3.1833271350478753e-05, -0.0008665502537041903, 0.0005862559773959219, -0.003296376671642065, -0.002264693845063448, 0.0010609312448650599, 0.004954512231051922, -0.017426948994398117, 0.03122350387275219, -0.019121341407299042, 0.005582507699728012, 0.000655725016258657], [-0.0005401971866376698, -0.0012964513152837753, -0.0009998416062444448, 0.0006475468981079757, 0.0031574557069689035, -0.002254471182823181, 0.002165087964385748, -0.0030309082940220833, 0.009287507273256779, -0.019121341407299042, 0.03104875423014164, -0.013904551975429058, 0.003817407414317131], [-2.7769978260039352e-05, 0.0009401814313605428, 0.0015052160015329719, -0.001130994874984026, -0.0020173173397779465, 0.004133281297981739, -0.005135452374815941, 0.0029860844369977713, -0.002585564274340868, 0.005582507699728012, -0.013904551975429058, 0.027289168909192085, -0.014722516760230064], [0.0003947860677726567, 0.0004252940707374364, 1.4989973351475783e-05, -0.001158038736321032, -0.0013468521647155285, -0.0005955735687166452, 0.00228151585906744, -0.003208474488928914, -0.0003497050784062594, 0.000655725016258657, 0.003817407414317131, -0.014722516760230064, 0.025334883481264114]], "metadata.audio_properties.analysis.downmix": "mix", "metadata.audio_properties.codec": "mp3", "metadata.audio_properties.md5_encoded": "c6274e3da6cc8a46dac4413409e5b297", "metadata.tags.file_name": "1183713162747449365.mp3", "metadata.version.essentia": "2.1-beta6-dev", "metadata.version.essentia_git_sha": "v2.1_beta5-1110-g77a6a954", "metadata.version.extractor": "music 2.0", "tonal.chords_key": 