{"song_id": "1183704181903728700", "download": "https://cdn.discordapp.com/attachments/1128313332273782784/1183704181903728700/chirp.mp4?ex=65894d6d&amp", "lyrics": "I was drowning in the dark\nCouldn't see the light\nMy lungs were giving up\nI had no will to fight\nBut then you came along\nAnd pulled me from the deep\nYou taught me how to breathe\nYou gave me hope to keep\n\nYou're my pulmonary therapist\nYou make me feel alive\nYou're my pulmonary therapist\nYou help me to survive\nYou're the rhythm of my heart\nYou're the treadmill of my life\nYou're my pulmonary therapist\nYou're the reason why I strive\n\nYou put me on a path\nTo heal and to grow\nYou pushed me to the limit\nBut you never let me go\nYou showed me how to live\nAnd not to be afraid\nYou taught me how to breathe\nYou made me unafraid\n\nYou're my pulmonary therapist\nYou make me feel alive\nYou're my pulmonary therapist\nYou help me to survive\nThank you", "style": ["random"], "essentia_features": {"lowlevel.average_loudness": 0.6638050079345703, "lowlevel.barkbands_crest.mean": 16.18465232849121, "lowlevel.barkbands_crest.stdev": 5.477187633514404, "lowlevel.barkbands_flatness_db.mean": 0.32214945554733276, "lowlevel.barkbands_flatness_db.stdev": 0.11558491736650467, "lowlevel.barkbands_kurtosis.mean": 15.70081901550293, "lowlevel.barkbands_kurtosis.stdev": 43.17716598510742, "lowlevel.barkbands_skewness.mean": 1.7778215408325195, "lowlevel.barkbands_skewness.stdev": 2.863145351409912, "lowlevel.barkbands_spread.mean": 9.799713134765625, "lowlevel.barkbands_spread.stdev": 10.99117374420166, "lowlevel.dissonance.mean": 0.390563428401947, "lowlevel.dissonance.stdev": 0.08483320474624634, "lowlevel.dynamic_complexity": 8.700957298278809, "lowlevel.erbbands_crest.mean": 17.478055953979492, "lowlevel.erbbands_crest.stdev": 6.169827461242676, "lowlevel.erbbands_flatness_db.mean": 0.364211767911911, "lowlevel.erbbands_flatness_db.stdev": 0.09939870238304138, "lowlevel.erbbands_kurtosis.mean": 6.095708847045898, "lowlevel.erbbands_kurtosis.stdev": 15.692378044128418, "lowlevel.erbbands_skewness.mean": 0.9521687626838684, "lowlevel.erbbands_skewness.stdev": 1.8695647716522217, "lowlevel.erbbands_spread.mean": 16.698902130126953, "lowlevel.erbbands_spread.stdev": 14.791552543640137, "lowlevel.hfc.mean": 11.238506317138672, "lowlevel.hfc.stdev": 21.343822479248047, "lowlevel.loudness_ebu128.integrated": -47.628089904785156, "lowlevel.loudness_ebu128.loudness_range": 5.081401824951172, "lowlevel.loudness_ebu128.momentary.mean": -51.76204299926758, "lowlevel.loudness_ebu128.momentary.stdev": 7.175299644470215, "lowlevel.loudness_ebu128.short_term.mean": -48.58537673950195, "lowlevel.loudness_ebu128.short_term.stdev": 1.668030023574829, "lowlevel.melbands_crest.mean": 19.246662139892578, "lowlevel.melbands_crest.stdev": 6.423679351806641, "lowlevel.melbands_flatness_db.mean": 0.3599851727485657, "lowlevel.melbands_flatness_db.stdev": 0.13114207983016968, "lowlevel.melbands_kurtosis.mean": 22.38559913635254, "lowlevel.melbands_kurtosis.stdev": 47.770633697509766, "lowlevel.melbands_skewness.mean": 2.387373924255371, "lowlevel.melbands_skewness.stdev": 3.0019822120666504, "lowlevel.melbands_spread.mean": 15.574381828308105, "lowlevel.melbands_spread.stdev": 20.916767120361328, "lowlevel.pitch_salience.mean": 0.46331432461738586, "lowlevel.pitch_salience.stdev": 0.19787785410881042, "lowlevel.silence_rate_20dB.mean": 1.0, "lowlevel.silence_rate_20dB.stdev": 0.0, "lowlevel.silence_rate_30dB.mean": 0.9901506304740906, "lowlevel.silence_rate_30dB.stdev": 0.09875454753637314, "lowlevel.silence_rate_60dB.mean": 0.45017382502555847, "lowlevel.silence_rate_60dB.stdev": 0.4975123703479767, "lowlevel.spectral_centroid.mean": 1244.80126953125, "lowlevel.spectral_centroid.stdev": 857.303466796875, "lowlevel.spectral_complexity.mean": 3.0880649089813232, "lowlevel.spectral_complexity.stdev": 2.6541314125061035, "lowlevel.spectral_decrease.mean": -3.1719247228778613e-09, "lowlevel.spectral_decrease.stdev": 5.277454917518298e-09, "lowlevel.spectral_energy.mean": 0.012990902177989483, "lowlevel.spectral_energy.stdev": 0.021720323711633682, "lowlevel.spectral_energyband_high.mean": 1.6652380509185605e-05, "lowlevel.spectral_energyband_high.stdev": 6.457390554714948e-05, "lowlevel.spectral_energyband_low.mean": 3.323345367789443e-07, "lowlevel.spectral_energyband_low.stdev": 5.357981081033358e-07, "lowlevel.spectral_energyband_middle_high.mean": 0.00613104784861207, "lowlevel.spectral_energyband_middle_high.stdev": 0.01583244651556015, "lowlevel.spectral_energyband_middle_low.mean": 0.006970272399485111, "lowlevel.spectral_energyband_middle_low.stdev": 0.012731239199638367, "lowlevel.spectral_entropy.mean": 6.138847351074219, "lowlevel.spectral_entropy.stdev": 1.088409185409546, "lowlevel.spectral_flux.mean": 0.041769977658987045, "lowlevel.spectral_flux.stdev": 0.041726015508174896, "lowlevel.spectral_kurtosis.mean": 19.803646087646484, "lowlevel.spectral_kurtosis.stdev": 16.650968551635742, "lowlevel.spectral_rms.mean": 0.0025610283482819796, "lowlevel.spectral_rms.stdev": 0.002472887746989727, "lowlevel.spectral_rolloff.mean": 1737.643310546875, "lowlevel.spectral_rolloff.stdev": 2050.84716796875, "lowlevel.spectral_skewness.mean": 2.7968685626983643, "lowlevel.spectral_skewness.stdev": 1.3799471855163574, "lowlevel.spectral_spread.mean": 2926622.5, "lowlevel.spectral_spread.stdev": 1895907.5, "lowlevel.spectral_strongpeak.mean": 1.678186058998108, "lowlevel.spectral_strongpeak.stdev": 2.3686771392822266, "lowlevel.zerocrossingrate.mean": 0.07799741625785828, "lowlevel.zerocrossingrate.stdev": 0.08716496080160141, "metadata.audio_properties.analysis.equal_loudness": 0.0, "metadata.audio_properties.analysis.length": 40.04265213012695, "metadata.audio_properties.analysis.sample_rate": 44100.0, "metadata.audio_properties.analysis.start_time": 0.0, "metadata.audio_properties.bit_rate": 98151.0, "metadata.audio_properties.length": 40.042667388916016, "metadata.audio_properties.lossless": 0.0, "metadata.audio_properties.number_channels": 1.0, "metadata.audio_properties.replay_gain": 18.471433639526367, "metadata.audio_properties.sample_rate": 48000.0, "rhythm.beats_count": 81.0, "rhythm.beats_loudness.mean": 0.01829449087381363, "rhythm.beats_loudness.stdev": 0.02287096343934536, "rhythm.bpm": 150.79273986816406, "rhythm.bpm_histogram_first_peak_bpm": 152.0, "rhythm.bpm_histogram_first_peak_weight": 0.2777777910232544, "rhythm.bpm_histogram_second_peak_bpm": 133.0, "rhythm.bpm_histogram_second_peak_spread": 0.4117647409439087, "rhythm.bpm_histogram_second_peak_weight": 0.125, "rhythm.danceability": 1.2166035175323486, "rhythm.onset_rate": 3.8697352409362793, "tonal.chords_changes_rate": 0.10300926119089127, "tonal.chords_number_rate": 0.016203703358769417, "tonal.chords_strength.mean": 0.5416532158851624, "tonal.chords_strength.stdev": 0.09554016590118408, "tonal.hpcp_crest.mean": 22.814376831054688, "tonal.hpcp_crest.stdev": 9.827630043029785, "tonal.hpcp_entropy.mean": 1.0931262969970703, "tonal.hpcp_entropy.stdev": 0.8375394940376282, "tonal.key_edma.strength": 0.6548061966896057, "tonal.key_krumhansl.strength": 0.6499104499816895, "tonal.key_temperley.strength": 0.6394409537315369, "tonal.tuning_diatonic_strength": 0.6232448816299438, "tonal.tuning_equal_tempered_deviation": 0.16484320163726807, "tonal.tuning_frequency": 434.193115234375, "tonal.tuning_nontempered_energy_ratio": 0.847402811050415, "lowlevel.barkbands.mean": [5.057250405116065e-07, 8.282759011990493e-08, 6.731176682706064e-08, 1.1289660051261308e-07, 8.383682143175974e-06, 0.001314739347435534, 0.0037914635613560677, 0.0010188788874074817, 0.00048261418123729527, 0.0012479963479563594, 0.0023496639914810658, 0.00029594573425129056, 0.0005185091868042946, 0.0009904401376843452, 0.0005217170692048967, 0.0001451304997317493, 0.00017107228632085025, 6.619048508582637e-05, 4.274491220712662e-05, 1.4255087080528028e-05, 7.700282367295586e-06, 2.0606335056072567e-06, 3.884177601776173e-07, 1.0570358455197493e-07, 7.580231198289766e-08, 5.602277752814189e-08, 2.954888245199072e-08], "lowlevel.barkbands.stdev": [9.448731930206122e-07, 1.7225963233613584e-07, 1.7585851708190603e-07, 5.216070348978974e-07, 6.075835335650481e-05, 0.0027324992697685957, 0.009398829191923141, 0.006938102655112743, 0.001883601420558989, 0.005360092502087355, 0.010462905280292034, 0.0019997847266495228, 0.0035033163148909807, 0.006557949353009462, 0.0018186710076406598, 0.0006526698125526309, 0.0007767021306790411, 0.00022850988898426294, 0.00013624952407553792, 6.896752893226221e-05, 2.3094016796676442e-05, 1.8320839444641024e-05, 3.020421900146175e-06, 3.5125796671309217e-07, 1.9133734951992665e-07, 1.8920488287221815e-07, 4.556670596400636e-09], "lowlevel.erbbands.mean": [4.806072865903843e-06, 1.9001186956302263e-05, 7.860251207603142e-05, 0.0003599414776545018, 0.0034209229052066803, 0.05385921150445938, 1.6976574659347534, 13.279144287109375, 39.87577438354492, 58.426143646240234, 17.636564254760742, 8.158517837524414, 34.93220520019531, 67.6645278930664, 53.793060302734375, 17.196775436401367, 21.121623992919922, 48.58412551879883, 29.286348342895508, 24.008047103881836, 8.51859188079834, 10.052478790283203, 4.165358543395996, 2.944099187850952, 1.5180188417434692, 0.6183972358703613, 0.5125911831855774, 0.16704894602298737, 0.08633887022733688, 0.027755845338106155, 0.010142077691853046, 0.0033419104292988777, 0.001587504055351019, 0.0010128894355148077, 0.0004720385477412492, 0.0002596857666503638, 0.00010096868936670944, 2.8883103368571028e-05, 1.1336955139995553e-05, 1.5691468433942646e-05], "lowlevel.erbbands.stdev": [7.765442205709405e-06, 3.766912777791731e-05, 0.00017170245700981468, 0.0011905543506145477, 0.017379533499479294, 0.25379619002342224, 7.635806083679199, 25.292789459228516, 87.2286605834961, 213.54193115234375, 121.11557006835938, 29.26775550842285, 121.85369873046875, 228.00372314453125, 242.29769897460938, 93.0418472290039, 130.7246551513672, 288.9657897949219, 148.427490234375, 67.60533142089844, 35.99895477294922, 45.52436065673828, 13.987343788146973, 7.683474540710449, 4.8352861404418945, 3.222055196762085, 1.3770054578781128, 0.8401027321815491, 0.7759560346603394, 0.20716515183448792, 0.07486353069543839, 0.018049197271466255, 0.0037167384289205074, 0.0022562050726264715, 0.0014768770197406411, 0.0013105242978781462, 0.00020490966562647372, 1.2043590686516836e-05, 1.1634039765340276e-05, 2.5756591639947146e-05], "lowlevel.gfcc.mean": [-268.4978332519531, 57.95167922973633, -185.5842742919922, -45.44339370727539, -64.04853057861328, -41.36971664428711, -42.87887954711914, 2.4644217491149902, -8.313169479370117, 16.22148895263672, 1.54878568649292, 3.421679735183716, 10.885640144348145], "lowlevel.melbands.mean": [4.863633762397512e-08, 3.114747570975851e-08, 9.109544407692738e-08, 5.860748046870867e-07, 4.026437090942636e-05, 0.00031012605177238584, 0.0006721012759953737, 0.0005414339248090982, 0.00011040450044674799, 6.037091225152835e-05, 0.0001794833951862529, 0.0002708196989260614, 0.0002845205890480429, 2.4320335796801373e-05, 6.560479960171506e-05, 4.092892413609661e-05, 9.959876479115337e-05, 5.101213901070878e-05, 3.761509287869558e-05, 1.815896939660888e-05, 8.2122542153229e-06, 1.0530629879212938e-05, 6.2217754930316005e-06, 3.0390081064979313e-06, 2.2907875063538086e-06, 1.6538957652301178e-06, 5.933737270424899e-07, 3.42864581170943e-07, 3.5362151606932457e-07, 2.1330968991151167e-07, 5.9136972652140685e-08, 5.505237865577328e-08, 2.6973237865490773e-08, 1.0482914092335704e-08, 6.107109040698333e-09, 3.573857876304487e-09, 1.3935800291520195e-09, 1.1476789518738428e-09, 8.781075311325992e-10, 8.273724483309763e-10], "lowlevel.melbands.stdev": [7.753376252139788e-08, 7.03130993429113e-08, 5.480450795403158e-07, 3.5584794204623904e-06, 0.0002032672055065632, 0.000590914161875844, 0.0014046166324988008, 0.0021331305615603924, 0.0009430783684365451, 0.00021963415201753378, 0.0006472042296081781, 0.000921573955565691, 0.0013086047256365418, 0.00014673658006358892, 0.0004827435768675059, 0.00018510127847548574, 0.0006534911226481199, 0.00032599596306681633, 0.0001095034385798499, 5.564822640735656e-05, 3.858561467495747e-05, 5.0865550292655826e-05, 3.079027737840079e-05, 9.682107702246867e-06, 6.523108368128305e-06, 5.797269295726437e-06, 2.889406232498004e-06, 2.1191588075453183e-06, 1.0204375939792953e-06, 6.076357408346666e-07, 5.500024258253688e-07, 5.314831241776119e-07, 2.40918495819642e-07, 8.202118806366343e-08, 5.0016016217568904e-08, 2.5525572766582627e-08, 5.661157764791369e-09, 2.7714022188263243e-09, 1.9370867132550984e-09, 1.925853476691941e-09], "lowlevel.melbands128.mean": [1.363090120776178e-07, 4.4197374649002086e-08, 2.7959583093206675e-08, 2.608547333693423e-08, 2.9212856134108733e-08, 3.484106159135081e-08, 4.342363979503716e-08, 6.255385187614593e-08, 2.155868941144945e-07, 3.686845388983784e-07, 4.651177221148828e-07, 3.397700311325025e-06, 4.5139440771890804e-05, 9.765794675331563e-05, 0.00017134407244157046, 0.0005395866464823484, 0.0005942372372373939, 0.0005959474947303534, 0.0008696732111275196, 0.0008327728719450533, 0.00023744114150758833, 0.00011913456546608359, 0.00014681130414828658, 2.6836563847609796e-05, 7.973924766702112e-06, 5.93418772041332e-05, 0.0002040141262114048, 0.0001701325090834871, 0.0001800723694032058, 0.0002165810001315549, 0.00014943591668270528, 0.0006865577888675034, 0.0003281794488430023, 1.1892018846992869e-05, 1.8795417418004945e-05, 2.3059346858644858e-05, 4.2159379518125206e-05, 8.004247501958162e-05, 8.59778156154789e-05, 1.110826815420296e-05, 2.9203894882812165e-05, 7.772311801090837e-05, 0.00010573288454907015, 0.0001242840226041153, 6.150547415018082e-05, 4.4103569962317124e-05, 2.523198963899631e-05, 2.7783471523434855e-05, 5.936365050729364e-05, 2.8096124879084527e-05, 6.987157576077152e-06, 1.2751002941513434e-05, 9.063926881935913e-06, 5.7063552958425134e-06, 8.213811270252336e-06, 9.433817467652261e-06, 1.636609340494033e-05, 7.051358352327952e-06, 3.1477077300223755e-06, 2.2390790945792105e-06, 3.566875875549158e-06, 3.2355721941712545e-06, 2.2563622223970015e-06, 1.6821884400997078e-06, 2.9196107789175585e-06, 2.00546060113993e-06, 6.329594839371566e-07, 6.05547938903328e-07, 6.81821745729394e-07, 4.909030053568131e-07, 2.747319456375408e-07, 2.259917977198711e-07, 4.987650754628703e-07, 3.2285660722664034e-07, 3.097578371580312e-07, 2.7172046657142346e-07, 1.4165404138566373e-07, 5.857524598695818e-08, 5.2429044217205956e-08, 5.5930581055463335e-08, 6.836648935859557e-08, 4.6191662050887317e-08, 4.289179145189337e-08, 2.2921854636592798e-08, 1.9338141754587923e-08, 1.0344805900786014e-08, 8.680464347321504e-09, 6.82088874270903e-09, 6.722720158336415e-09, 4.612329185249564e-09, 4.71194816498155e-09, 3.282624616574026e-09, 1.7144132780089194e-09, 1.2711346419891356e-09, 1.201587940258264e-09, 1.2752784384062466e-09, 1.1681257072737594e-09, 9.075915574641158e-10, 8.857387046035115e-10, 7.927037914967627e-10, 9.862501926249934e-10, 8.702024101303607e-10, 6.207518943313062e-10, 5.15058828920445e-10, 5.304455208410275e-10, 4.37741676240222e-10, 4.5458367625705876e-10, 4.38650227252424e-10, 4.2994219295877656e-10, 4.79400630304383e-10, 3.582826535453165e-10, 3.1765193253541213e-10, 2.719202363277162e-10, 2.784803776467726e-10, 2.979707314221258e-10, 2.481636562912115e-10, 1.9899476511042735e-10, 1.5559394050956854e-10, 1.3886078398250845e-10, 1.3335652027102185e-10, 1.2773830604384528e-10, 1.281812572750951e-10, 1.324219345288924e-10, 1.2752371381097305e-10, 9.416833285369464e-11, 3.674191506597424e-11, 6.007717760769804e-12, 1.6962993509839208e-12], "lowlevel.melbands128.stdev": [2.5110080059675965e-07, 7.735088303206794e-08, 6.541927888292776e-08, 5.976210104563506e-08, 7.03023914638834e-08, 9.456951488573395e-08, 1.4785845792175678e-07, 3.230714753499342e-07, 1.793344495126803e-06, 2.6121551854885183e-06, 5.400528607424349e-06, 2.6962075935443863e-05, 0.00027971770032308996, 0.0004859978798776865, 0.00039114788523875177, 0.0012738903751596808, 0.0014082526322454214, 0.0020101971458643675, 0.002885798690840602, 0.0035542219411581755, 0.0021184857469052076, 0.001049531507305801, 0.001664106734097004, 0.00028731560450978577, 4.782846008311026e-05, 0.00032930492307059467, 0.0007981655653566122, 0.0007688779151067138, 0.001198684680275619, 0.0013318911660462618, 0.0006916861166246235, 0.0031022389885038137, 0.0017602498410269618, 7.565409759990871e-05, 0.00021297672356013209, 0.00018196794553659856, 0.00040653659380041063, 0.0006039576255716383, 0.0008847253629937768, 8.937902020988986e-05, 0.00018717961211223155, 0.0004623549757525325, 0.0008379497448913753, 0.0014048608718439937, 0.0005719766486436129, 0.00033283597440458834, 0.00022898307361174375, 0.00012329329911153764, 0.00021608169481623918, 0.00011982056457782164, 4.115756382816471e-05, 9.014552051667124e-05, 6.897989078424871e-05, 3.0139046430122107e-05, 6.323561683529988e-05, 6.723037949996069e-05, 0.00010280870628776029, 5.9481830248842016e-05, 2.6519457605900243e-05, 1.2393524229992181e-05, 1.720794170978479e-05, 1.4111877135292161e-05, 8.738933502172586e-06, 8.991876711661462e-06, 1.4574842680303846e-05, 7.819945494702552e-06, 4.726124188891845e-06, 4.478223218029598e-06, 4.619774699676782e-06, 2.9059067401249195e-06, 2.9458378776325844e-06, 1.3786120689474046e-06, 2.0514405605354114e-06, 1.0644394023984205e-06, 1.0762771580630215e-06, 8.216060791710333e-07, 5.126711357661407e-07, 5.048972298027365e-07, 5.866625087946886e-07, 6.507244734166306e-07, 7.573101470370602e-07, 4.135267204219417e-07, 5.047129434387898e-07, 1.9872433654199995e-07, 1.550659902704865e-07, 8.730918921173725e-08, 8.456588318495051e-08, 6.23993443582549e-08, 6.255118734088683e-08, 3.5768593420471007e-08, 3.702531614635518e-08, 2.4161028733260537e-08, 1.1180606662719583e-08, 5.476123110526032e-09, 3.8082972331210385e-09, 3.156603867182639e-09, 3.2785114623123945e-09, 2.1422612572763455e-09, 2.2641819530377916e-09, 1.9785222349355536e-09, 2.745815796956208e-09, 1.920108072539506e-09, 1.7833540200129505e-09, 1.3397699616390923e-09, 1.6642388578347322e-09, 1.8033421422813944e-09, 2.2061901194803113e-09, 3.5775740148125124e-09, 2.339342719537285e-09, 2.4574153822953804e-09, 1.957660256124427e-09, 1.2685256178812665e-09, 2.9593952288742287e-10, 2.4106633356169027e-10, 2.6014543297314674e-10, 1.7017112718953342e-10, 1.1517227449520107e-10, 6.520888690131343e-11, 3.893955297096241e-11, 3.4624577510689036e-11, 3.167371573353783e-11, 3.251843933016474e-11, 3.327252709461881e-11, 3.196974282526632e-11, 2.4200067297308614e-11, 9.460809739791909e-12, 4.449792530974994e-12, 4.286621405058533e-12], "lowlevel.mfcc.mean": [-924.8719482421875, 115.3018798828125, -78.58263397216797, -7.037113189697266, -18.36791229248047, -36.792015075683594, -22.9284610748291, -28.286989212036133, -5.7445549964904785, 4.257655620574951, -8.80250072479248, 3.0787971019744873, 5.888724327087402], "lowlevel.spectral_contrast_coeffs.mean": [-0.7590852975845337, -0.602825403213501, -0.6660072207450867, -0.7136183381080627, -0.780549943447113, -0.8122525215148926], "lowlevel.spectral_contrast_coeffs.stdev": [0.11648580431938171, 0.1605195850133896, 0.1531563252210617, 0.10033901035785675, 0.07947714626789093, 0.06418778002262115], "lowlevel.spectral_contrast_valleys.mean": [-11.435503959655762, -9.56999683380127, -10.222816467285156, -9.969525337219238, -10.008562088012695, -13.263200759887695], "lowlevel.spectral_contrast_valleys.stdev": [0.916508138179779, 1.1773796081542969, 1.1361855268478394, 1.0603123903274536, 1.0076707601547241, 0.3569152057170868], "rhythm.beats_loudness_band_ratio.mean": [0.0007764673209749162, 0.2065710872411728, 0.3530273735523224, 0.25755900144577026, 0.20898722112178802, 0.03338637202978134], "rhythm.beats_loudness_band_ratio.stdev": [0.004106147680431604, 0.3080522418022156, 0.28744056820869446, 0.27853527665138245, 0.2781272232532501, 0.11680912226438522], "tonal.hpcp.mean": [0.11403490602970123, 0.05842715874314308, 0.04554471746087074, 0.06669189780950546, 0.11171069741249084, 0.18468840420246124, 0.20016781985759735, 0.13419272005558014, 0.10711853951215744, 0.09197627753019333, 0.06221756339073181, 0.04905218258500099, 0.03822140023112297, 0.02731257490813732, 0.021692749112844467, 0.030293451622128487, 0.033934086561203, 0.03126760944724083, 0.054829712957143784, 0.07400192320346832, 0.09168876707553864, 0.0806974545121193, 0.03902306407690048, 0.027550721541047096, 0.03023397922515869, 0.03460683673620224, 0.04549755901098251, 0.07898718118667603, 0.132929265499115, 0.21761372685432434, 0.24743308126926422, 0.161737322807312, 0.0883340835571289, 0.06499499827623367, 0.0765002891421318, 0.12701985239982605], "tonal.hpcp.stdev": [0.26484936475753784, 0.16436032950878143, 0.1466960459947586, 0.18013443052768707, 0.23402279615402222, 0.31225714087486267, 0.339212030172348, 0.2576926350593567, 0.2627260386943817, 0.23835960030555725, 0.18371248245239258, 0.14868520200252533, 0.12227807193994522, 0.09806722402572632, 0.07585154473781586, 0.1082584336400032, 0.12916910648345947, 0.1114385575056076, 0.1727805882692337, 0.20982423424720764, 0.22521360218524933, 0.2249223291873932, 0.12836255133152008, 0.1127220019698143, 0.11659111827611923, 0.13551834225654602, 0.14705978333950043, 0.21524833142757416, 0.27579185366630554, 0.3439770042896271, 0.3752090632915497, 0.2913529872894287, 0.2173253446817398, 0.18332862854003906, 0.2014365792274475, 0.28021007776260376], "rhythm.beats_position": [0.4411791265010834, 0.9055781960487366, 1.3583673238754272, 1.8111563920974731, 2.2639455795288086, 2.7167346477508545, 3.1927437782287598, 3.668752670288086, 4.156371593475342, 4.597550868988037, 5.038730144500732, 5.491518974304199, 5.955918312072754, 6.408707141876221, 6.861496448516846, 7.314285755157471, 7.732244968414307, 8.161813735961914, 8.57977294921875, 8.986122131347656, 9.380861282348633, 9.77560043334961, 10.181949615478516, 10.588298797607422, 10.983037948608398, 11.377777099609375, 11.772517204284668, 12.167256355285645, 12.561995506286621, 12.956734657287598, 13.351473808288574, 13.74621295928955, 14.140952110290527, 14.547301292419434, 14.95365047454834, 15.371609687805176, 15.766348838806152, 16.161088943481445, 16.660316467285156, 17.14793586730957, 17.647165298461914, 18.181224822998047, 18.703672409057617, 19.22612190246582, 19.760181427001953, 20.282630920410156, 20.805078506469727, 21.36235809326172, 21.884807586669922, 22.43047523498535, 22.999364852905273, 23.568254470825195, 24.148752212524414, 24.729251861572266, 25.332969665527344, 25.936689376831055, 26.528797149658203, 27.120906829833984, 27.724624633789062, 28.351564407348633, 28.97850227355957, 29.60544204711914, 30.18593978881836, 30.75482940673828, 31.254058837890625, 31.75328826904297, 32.25251770019531, 32.7285270690918, 33.20453643798828, 33.6689338684082, 34.12172317504883, 34.57451248168945, 35.038909912109375, 35.50331115722656, 36.06058883666992, 36.606258392333984, 37.163536071777344, 37.709205627441406, 38.27809524536133, 38.82376480102539, 39.36943054199219], "rhythm.bpm_histogram": [0.0, 0.0, 0.0, 0.0, 0.0, 0.0, 0.0, 0.0, 0.0, 0.0, 0.0, 0.0, 0.0, 0.0, 0.0, 0.0, 0.0, 0.0, 0.0, 0.0, 0.0, 0.0, 0.0, 0.0, 0.0, 0.0, 0.0, 0.0, 0.0, 0.0, 0.0, 0.0, 0.0, 0.0, 0.0, 0.0, 0.0, 0.0, 0.0, 0.0, 0.0, 0.0, 0.0, 0.0, 0.0, 0.0, 0.0, 0.0, 0.0, 0.0, 0.0, 0.0, 0.0, 0.0, 0.0, 0.0, 0.0, 0.0, 0.0, 0.0, 0.0, 0.0, 0.0, 0.0, 0.0, 0.0, 0.0, 0.0, 0.0, 0.0, 0.0, 0.0, 0.0, 0.0, 0.0, 0.0, 0.0, 0.0, 0.0, 0.0, 0.0, 0.0, 0.0, 0.0, 0.0, 0.0, 0.0, 0.0, 0.0, 0.0, 0.0, 0.0, 0.0, 0.0, 0.0, 0.0, 0.03750000149011612, 0.0, 0.0, 0.03750000149011612, 0.0, 0.02500000037252903, 0.0, 0.03750000149011612, 0.0, 0.05000000074505806, 0.0, 0.0, 0.03750000149011612, 0.0, 0.0625, 0.0, 0.02500000037252903, 0.0, 0.0, 0.0625, 0.0, 0.0, 0.0, 0.0, 0.0625, 0.0, 0.0, 0.02500000037252903, 0.0, 0.0, 0.05000000074505806, 0.0, 0.0, 0.0625, 0.0, 0.0, 0.0, 0.125, 0.0, 0.0, 0.02500000037252903, 0.0, 0.0, 0.0, 0.012500000186264515, 0.0, 0.0, 0.0, 0.03750000149011612, 0.0, 0.0, 0.0, 0.0625, 0.0, 0.0, 0.0, 0.16249999403953552, 0.0, 0.0, 0.0, 0.0, 0.0, 0.0, 0.0, 0.0, 0.0, 0.0, 0.0, 0.0, 0.0, 0.0, 0.0, 0.0, 0.0, 0.0, 0.0, 0.0, 0.0, 0.0, 0.0, 0.0, 0.0, 0.0, 0.0, 0.0, 0.0, 0.0, 0.0, 0.0, 0.0, 0.0, 0.0, 0.0, 0.0, 0.0, 0.0, 0.0, 0.0, 0.0, 0.0, 0.0, 0.0, 0.0, 0.0, 0.0, 0.0, 0.0, 0.0, 0.0, 0.0, 0.0, 0.0, 0.0, 0.0, 0.0, 0.0, 0.0, 0.0, 0.0, 0.0, 0.0, 0.0, 0.0, 0.0, 0.0, 0.0, 0.0, 0.0, 0.0, 0.0, 0.0, 0.0, 0.0, 0.0, 0.0, 0.0, 0.0, 0.0, 0.0, 0.0, 0.0, 0.0, 0.0, 0.0, 0.0, 0.0, 0.0, 0.0, 0.0, 0.0, 0.0, 0.0, 0.0, 0.0], "tonal.chords_histogram": [4.0509257316589355, 17.939815521240234, 1.6203703880310059, 0.0, 0.0, 0.0, 0.0, 5.3240742683410645, 6.828703880310059, 2.1990740299224854, 0.6944444179534912, 0.0, 0.0, 7.754629611968994, 5.208333492279053, 21.296297073364258, 16.898147583007812, 1.8518518209457397, 0.11574073880910873, 2.0833332538604736, 0.0, 0.0, 4.745370388031006, 1.3888888359069824], "tonal.thpcp": [1.0, 0.6536608934402466, 0.3570019006729126, 0.26267707347869873, 0.30917567014694214, 0.5133503079414368, 0.46087169647216797, 0.2361331731081009, 0.18406882882118225, 0.269535094499588, 0.45147842168807983, 0.7464175820350647, 0.8089776039123535, 0.5423394441604614, 0.4329192340373993, 0.3717218339443207, 0.25145208835601807, 0.19824424386024475, 0.15447166562080383, 0.11038368195295334, 0.0876711755990982, 0.12243088334798813, 0.13714450597763062, 0.1263679414987564, 0.22159411013126373, 0.2990785241127014, 0.3705598711967468, 0.3261384963989258, 0.15771158039569855, 0.11134615540504456, 0.12219052761793137, 0.13986341655254364, 0.18387824296951294, 0.3192264437675476, 0.5372331738471985, 0.8794851899147034], "lowlevel.gfcc.cov": [[10875.8779296875, 4796.38623046875, -4148.197265625, -2157.703125, -327.4760437011719, -1857.60986328125, 723.0317993164062, -342.40264892578125, -115.12040710449219, -15.2875337600708, 964.7902221679688, -356.3865661621094, 649.2601318359375], [4796.38623046875, 3241.516845703125, -1145.3226318359375, -1703.44677734375, -450.16485595703125, -1020.5626831054688, 144.92271423339844, -325.4610900878906, -146.69093322753906, 49.24763488769531, 586.877197265625, -115.30438232421875, 275.5140380859375], [-4148.197265625, -1145.3226318359375, 2675.075439453125, 784.5030517578125, -440.56597900390625, 375.2538757324219, -559.386962890625, 4.529989719390869, 59.225337982177734, 16.528223037719727, -282.9532470703125, 303.1703186035156, -259.97332763671875], [-2157.703125, -1703.44677734375, 784.5030517578125, 1678.048828125, 195.33680725097656, 64.35877990722656, -372.7867736816406, 169.1413116455078, 120.45618438720703, -183.95443725585938, -391.5377502441406, 165.37486267089844, -32.830997467041016], [-327.4760437011719, -450.16485595703125, -440.56597900390625, 195.33680725097656, 618.2335205078125, 231.85769653320312, -41.480587005615234, 23.27099609375, -45.73801040649414, -59.20926284790039, -121.02330017089844, -132.2303924560547, 8.5712890625], [-1857.60986328125, -1020.5626831054688, 375.2538757324219, 64.35877990722656, 231.85769653320312, 972.4214477539062, 145.98309326171875, -101.09732818603516, -66.33463287353516, 136.94882202148438, -181.19168090820312, -110.40730285644531, -181.23658752441406], [723.0317993164062, 144.92271423339844, -559.386962890625, -372.7867736816406, -41.480587005615234, 145.98309326171875, 494.89306640625, 41.26225280761719, -53.44116973876953, 80.35164642333984, 125.22582244873047, -92.56507873535156, -44.73052215576172], [-342.40264892578125, -325.4610900878906, 4.529989719390869, 169.1413116455078, 23.27099609375, -101.09732818603516, 41.26225280761719, 371.5482177734375, 150.0632781982422, -86.72262573242188, -56.05968475341797, 60.97254943847656, -41.73096466064453], [-115.12040710449219, -146.69093322753906, 59.225337982177734, 120.45618438720703, -45.73801040649414, -66.33463287353516, -53.44116973876953, 150.0632781982422, 265.68359375, 30.736459732055664, -83.0826187133789, 15.414756774902344, -33.246009826660156], [-15.2875337600708, 49.24763488769531, 16.528223037719727, -183.95443725585938, -59.20926284790039, 136.94882202148438, 80.35164642333984, -86.72262573242188, 30.736459732055664, 196.288330078125, 53.91306686401367, -66.34488677978516, -48.45346450805664], [964.7902221679688, 586.877197265625, -282.9532470703125, -391.5377502441406, -121.02330017089844, -181.19168090820312, 125.22582244873047, -56.05968475341797, -83.0826187133789, 53.91306686401367, 288.75177001953125, 23.69489097595215, 1.043976902961731], [-356.3865661621094, -115.30438232421875, 303.1703186035156, 165.37486267089844, -132.2303924560547, -110.40730285644531, -92.56507873535156, 60.97254943847656, 15.414756774902344, -66.34488677978516, 23.69489097595215, 218.49063110351562, 22.777862548828125], [649.2601318359375, 275.5140380859375, -259.97332763671875, -32.830997467041016, 8.5712890625, -181.23658752441406, -44.73052215576172, -41.73096466064453, -33.246009826660156, -48.45346450805664, 1.043976902961731, 22.777862548828125, 204.6688995361328]], "lowlevel.gfcc.icov": [[0.0023990238551050425, -0.0034733328502625227, 0.003180305939167738, -0.0023271727841347456, 0.001935863052494824, -0.000902801170013845, -3.1932766432873905e-05, -8.693630661582574e-06, -0.0008656885474920273, 0.00035460255458019674, -0.0010894318111240864, 0.0004467918770387769, -0.00025841951719485223], [-0.0034733328502625227, 0.008092273026704788, -0.004729448352009058, 0.005936631932854652, -0.002329211449250579, 0.004007311537861824, 0.00017942310660146177, 0.0023743235506117344, 0.0004518244822975248, 0.0012105813948437572, 0.00031388821662403643, 0.001058773952536285, -0.0005202796310186386], [0.003180305939167738, -0.004729448352009058, 0.00587439863011241, -0.003354204585775733, 0.004205001052469015, -0.0020475948695093393, 0.002045186934992671, -0.0008058343664743006, 0.00030603440245613456, -0.0005671764956787229, -0.00012912396050523967, -0.0006537014269270003, 0.0014837558846920729], [-0.0023271727841347456, 0.005936631932854652, -0.003354204585775733, 0.005608678795397282, -0.002033267403021455, 0.0035263407044112682, 0.00015069590881466866, 0.002016569720581174, 0.0002618505386635661, 0.0011288471287116408, 0.001583271543495357, -4.773002729052678e-05, -1.1188772077730391e-05], [0.001935863052494824, -0.002329211449250579, 0.004205001052469015, -0.002033267403021455, 0.0060690115205943584, -0.002141118049621582, 0.0028604574035853148, -0.0012065727496519685, 0.0008974941447377205, 0.0009380524861626327, -0.0007304074824787676, 0.0020329945255070925, 0.0003838446573354304], [-0.000902801170013845, 0.004007311537861824, -0.0020475948695093393, 0.0035263407044112682, -0.002141118049621582, 0.005861541721969843, -0.0019502048380672932, 0.003125136950984597, 0.000401789671741426, -0.0004757113638333976, 0.0020569576881825924, 0.0002992729714605957, 0.0008342183427885175], [-3.1932766432873905e-05, 0.00017942310660146177, 0.002045186934992671, 0.00015069590881466866, 0.0028604574035853148, -0.0019502048380672932, 0.00632427679374814, -0.0027200786862522364, 0.002562518697232008, -0.0013775357510894537, -0.0004023259098175913, 0.0005637801950797439, 0.0014920514076948166], [-8.693630661582574e-06, 0.0023743235506117344, -0.0008058343664743006, 0.002016569720581174, -0.0012065727496519685, 0.003125136950984597, -0.0027200786862522364, 0.007867797277867794, -0.004597816150635481, 0.004448787774890661, -0.0008498775423504412, 7.177864608820528e-05, 0.000261589273577556], [-0.0008656885474920273, 0.0004518244822975248, 0.00030603440245613456, 0.0002618505386635661, 0.0008974941447377205, 0.000401789671741426, 0.002562518697232008, -0.004597816150635481, 0.009652604348957539, -0.006013863254338503, 0.005312565714120865, -0.002062552608549595, 0.0028561295475810766], [0.00035460255458019674, 0.0012105813948437572, -0.0005671764956787229, 0.0011288471287116408, 0.0009380524861626327, -0.0004757113638333976, -0.0013775357510894537, 0.004448787774890661, -0.006013863254338503, 0.012750946916639805, -0.005607531871646643, 0.0047235009260475636, -0.0016036626184359193], [-0.0010894318111240864, 0.00031388821662403643, -0.00012912396050523967, 0.001583271543495357, -0.0007304074824787676, 0.0020569576881825924, -0.0004023259098175913, -0.0008498775423504412, 0.005312565714120865, -0.005607531871646643, 0.012522480450570583, -0.005906945560127497, 0.004843146074563265], [0.0004467918770387769, 0.001058773952536285, -0.0006537014269270003, -4.773002729052678e-05, 0.0020329945255070925, 0.0002992729714605957, 0.0005637801950797439, 7.177864608820528e-05, -0.002062552608549595, 0.0047235009260475636, -0.005906945560127497, 0.01102205365896225, -0.003776194527745247], [-0.00025841951719485223, -0.0005202796310186386, 0.0014837558846920729, -1.1188772077730391e-05, 0.0003838446573354304, 0.0008342183427885175, 0.0014920514076948166, 0.000261589273577556, 0.0028561295475810766, -0.0016036626184359193, 0.004843146074563265, -0.003776194527745247, 0.009870881214737892]], "lowlevel.mfcc.cov": [[10809.05078125, 3730.214599609375, -4041.64111328125, -101.2281723022461, -1241.726806640625, -1283.8026123046875, 238.37831115722656, -780.0648803710938, -475.6706848144531, 125.32986450195312, -496.27142333984375, 351.1448669433594, -36.028160095214844], [3730.214599609375, 3176.839599609375, -1027.0447998046875, -798.4989013671875, -742.5546875, -642.7372436523438, 91.29072570800781, -605.6862182617188, -553.9896850585938, 29.134061813354492, -170.28155517578125, 80.88280487060547, -38.88908386230469], [-4041.64111328125, -1027.0447998046875, 2635.995849609375, 165.87704467773438, 168.1676788330078, 363.6703186035156, -429.4856262207031, 194.77496337890625, -6.248061656951904, -269.4925842285156, 257.8835754394531, -77.99637603759766, -63.846920013427734], [-101.2281723022461, -798.4989013671875, 165.87704467773438, 981.7131958007812, 267.771728515625, -305.9333190917969, -306.7489929199219, 165.36509704589844, 150.35220336914062, -250.4034423828125, -45.484012603759766, 87.4155044555664, -109.88118743896484], [-1241.726806640625, -742.5546875, 168.1676788330078, 267.771728515625, 653.1969604492188, 133.3400115966797, -145.7695770263672, 121.28215789794922, 151.8903045654297, -52.99859619140625, -30.585390090942383, -132.89527893066406, -144.80699157714844], [-1283.8026123046875, -642.7372436523438, 363.6703186035156, -305.9333190917969, 133.3400115966797, 786.574462890625, 183.11117553710938, -26.109458923339844, 9.54117488861084, 160.40646362304688, 89.20549774169922, -228.1127166748047, -40.1732063293457], [238.37831115722656, 91.29072570800781, -429.4856262207031, -306.7489929199219, -145.7695770263672, 183.11117553710938, 500.789794921875, -7.407265663146973, -80.09854125976562, 164.12890625, -33.31013488769531, -32.00517654418945, 80.82048034667969], [-780.0648803710938, -605.6862182617188, 194.77496337890625, 165.36509704589844, 121.28215789794922, -26.109458923339844, -7.407265663146973, 358.516845703125, 161.771484375, -70.63660430908203, 45.960792541503906, 58.166778564453125, 86.646728515625], [-475.6706848144531, -553.9896850585938, -6.248061656951904, 150.35220336914062, 151.8903045654297, 9.54117488861084, -80.09854125976562, 161.771484375, 366.0156555175781, 65.3148422241211, -5.253175258636475, 43.35649871826172, 68.9500732421875], [125.32986450195312, 29.134061813354492, -269.4925842285156, -250.4034423828125, -52.99859619140625, 160.40646362304688, 164.12890625, -70.63660430908203, 65.3148422241211, 306.83990478515625, 39.01058578491211, -43.81681442260742, 85.59793853759766], [-496.27142333984375, -170.28155517578125, 257.8835754394531, -45.484012603759766, -30.585390090942383, 89.20549774169922, -33.31013488769531, 45.960792541503906, -5.253175258636475, 39.01058578491211, 228.148681640625, 69.02238464355469, 20.178695678710938], [351.1448669433594, 80.88280487060547, -77.99637603759766, 87.4155044555664, -132.89527893066406, -228.1127166748047, -32.00517654418945, 58.166778564453125, 43.35649871826172, -43.81681442260742, 69.02238464355469, 329.07171630859375, 168.94342041015625], [-36.028160095214844, -38.88908386230469, -63.846920013427734, -109.88118743896484, -144.80699157714844, -40.1732063293457, 80.82048034667969, 86.646728515625, 68.9500732421875, 85.59793853759766, 20.178695678710938, 168.94342041015625, 412.244384765625]], "lowlevel.mfcc.icov": [[0.0007446896051988006, -0.00043750429176725447, 0.0010459093609824777, -0.0006200955249369144, 0.0010816663270816207, -0.00032296415884047747, 0.0007446784293279052, -4.697747863247059e-05, 0.0003356423694640398, -0.00016803573817014694, 0.0004792255349457264, -0.0003096724394708872, 0.0003150761185679585], [-0.00043750429176725447, 0.0020791017450392246, -0.0002871336182579398, 0.0020497709047049284, 8.428483852185309e-05, 0.0018442412838339806, 0.00022449891548603773, 0.0014309893595054746, 0.0009353377972729504, 0.00041096017230302095, 0.0002390285226283595, 0.0002113964146701619, 0.00018422020366415381], [0.0010459093609824777, -0.0002871336182579398, 0.002213979372754693, -0.0005516110686585307, 0.0017675337148830295, -0.0006350093171931803, 0.0017921930411830544, -0.00011127549078082666, 0.000794653024058789, 0.0004441930796019733, 0.00017819757340475917, -0.00015406067541334778, 0.00032047712011262774], [-0.0006200955249369144, 0.0020497709047049284, -0.0005516110686585307, 0.003910664469003677, -0.0007144107948988676, 0.0022188019938766956, 0.00039020314579829574, 0.0010336523409932852, 0.00023856162442825735, 0.0012919652508571744, 0.00022956439352128655, -5.644970588036813e-05, 0.00047135731438174844], [0.0010816663270816207, 8.428483852185309e-05, 0.0017675337148830295, -0.0007144107948988676, 0.004369071684777737, -0.0005062310956418514, 0.002056614262983203, -0.0003502015315461904, 0.0004829862737096846, -0.00023027710267342627, 0.0013380503514781594, 0.00012166470696683973, 0.0011932647321373224], [-0.00032296415884047747, 0.0018442412838339806, -0.0006350093171931803, 0.0022188019938766956, -0.0005062310956418514, 0.0044283936731517315, -0.001134208170697093, 0.002102264668792486, 9.24927371670492e-05, 0.0003273220791015774, -0.0011639919830486178, 0.0018723580287769437, -0.00012073921243427321], [0.0007446784293279052, 0.00022449891548603773, 0.0017921930411830544, 0.00039020314579829574, 0.002056614262983203, -0.001134208170697093, 0.005438745487481356, -0.0017334973672404885, 0.002710651373490691, -0.002029892522841692, 0.002393246628344059, -0.001134529011324048, 0.0006937215221114457], [-4.697747863247059e-05, 0.0014309893595054746, -0.00011127549078082666, 0.0010336523409932852, -0.0003502015315461904, 0.002102264668792486, -0.0017334973672404885, 0.006949010770767927, -0.002178606577217579, 0.003260045312345028, -0.0020633444655686617, 0.0011555904056876898, -0.0013348006177693605], [0.0003356423694640398, 0.0009353377972729504, 0.000794653024058789, 0.00023856162442825735, 0.0004829862737096846, 9.24927371670492e-05, 0.002710651373490691, -0.002178606577217579, 0.0065918792970478535, -0.003404194489121437, 0.0026478427462279797, -0.00173864362295717, 0.000596609606873244], [-0.00016803573817014694, 0.00041096017230302095, 0.0004441930796019733, 0.0012919652508571744, -0.00023027710267342627, 0.0003273220791015774, -0.002029892522841692, 0.003260045312345028, -0.003404194489121437, 0.008426976390182972, -0.0035204815212637186, 0.002501634880900383, -0.0019322738517075777], [0.0004792255349457264, 0.0002390285226283595, 0.00017819757340475917, 0.00022956439352128655, 0.0013380503514781594, -0.0011639919830486178, 0.002393246628344059, -0.0020633444655686617, 0.0026478427462279797, -0.0035204815212637186, 0.008504356257617474, -0.003846231382340193, 0.0019223683048039675], [-0.0003096724394708872, 0.0002113964146701619, -0.00015406067541334778, -5.644970588036813e-05, 0.00012166470696683973, 0.0018723580287769437, -0.001134529011324048