{"song_id": "1183708567539302450", "download": "https://cdn.discordapp.com/attachments/1135911532732108921/1183708567539302450/chirp.mp4?ex=65895182&amp", "lyrics": "[Verse]\nCada desafio foi um degrau para ascender, Cada adeus, uma li\u00e7\u00e3o para aprender. Gratid\u00e3o pelos abra\u00e7os, pelo amor compartilhado, Pelos caminhos que juntos, temos trilhado.", "style": ["MPB</span><span>, voz masculina"], "essentia_features": {"lowlevel.average_loudness": 0.9040360450744629, "lowlevel.barkbands_crest.mean": 11.156129837036133, "lowlevel.barkbands_crest.stdev": 4.485495567321777, "lowlevel.barkbands_flatness_db.mean": 0.11989662051200867, "lowlevel.barkbands_flatness_db.stdev": 0.04480956867337227, "lowlevel.barkbands_kurtosis.mean": 2.530390501022339, "lowlevel.barkbands_kurtosis.stdev": 7.300893783569336, "lowlevel.barkbands_skewness.mean": 1.1352901458740234, "lowlevel.barkbands_skewness.stdev": 1.384414792060852, "lowlevel.barkbands_spread.mean": 32.40522766113281, "lowlevel.barkbands_spread.stdev": 17.81026268005371, "lowlevel.dissonance.mean": 0.4816654324531555, "lowlevel.dissonance.stdev": 0.017171397805213928, "lowlevel.dynamic_complexity": 11.567427635192871, "lowlevel.erbbands_crest.mean": 10.189167022705078, "lowlevel.erbbands_crest.stdev": 6.21708869934082, "lowlevel.erbbands_flatness_db.mean": 0.14878715574741364, "lowlevel.erbbands_flatness_db.stdev": 0.04933777451515198, "lowlevel.erbbands_kurtosis.mean": 0.6204767227172852, "lowlevel.erbbands_kurtosis.stdev": 2.109715461730957, "lowlevel.erbbands_skewness.mean": -0.20814251899719238, "lowlevel.erbbands_skewness.stdev": 0.8583573698997498, "lowlevel.erbbands_spread.mean": 38.60313034057617, "lowlevel.erbbands_spread.stdev": 20.36427879333496, "lowlevel.hfc.mean": 22.99990463256836, "lowlevel.hfc.stdev": 19.26161003112793, "lowlevel.loudness_ebu128.integrated": -12.638858795166016, "lowlevel.loudness_ebu128.loudness_range": 6.087177276611328, "lowlevel.loudness_ebu128.momentary.mean": -22.733800888061523, "lowlevel.loudness_ebu128.momentary.stdev": 21.919841766357422, "lowlevel.loudness_ebu128.short_term.mean": -15.57591724395752, "lowlevel.loudness_ebu128.short_term.stdev": 7.757801532745361, "lowlevel.melbands_crest.mean": 16.041893005371094, "lowlevel.melbands_crest.stdev": 6.144460201263428, "lowlevel.melbands_flatness_db.mean": 0.1697084605693817, "lowlevel.melbands_flatness_db.stdev": 0.06280437856912613, "lowlevel.melbands_kurtosis.mean": 14.182144165039062, "lowlevel.melbands_kurtosis.stdev": 29.73439598083496, "lowlevel.melbands_skewness.mean": 2.6786866188049316, "lowlevel.melbands_skewness.stdev": 2.274149179458618, "lowlevel.melbands_spread.mean": 41.48552322387695, "lowlevel.melbands_spread.stdev": 50.325504302978516, "lowlevel.pitch_salience.mean": 0.5215450525283813, "lowlevel.pitch_salience.stdev": 0.12360497564077377, "lowlevel.silence_rate_20dB.mean": 1.0, "lowlevel.silence_rate_20dB.stdev": 0.0, "lowlevel.silence_rate_30dB.mean": 0.9838107228279114, "lowlevel.silence_rate_30dB.stdev": 0.12620334327220917, "lowlevel.silence_rate_60dB.mean": 0.18804483115673065, "lowlevel.silence_rate_60dB.stdev": 0.39074793457984924, "lowlevel.spectral_centroid.mean": 1996.5140380859375, "lowlevel.spectral_centroid.stdev": 1241.6217041015625, "lowlevel.spectral_complexity.mean": 22.29389762878418, "lowlevel.spectral_complexity.stdev": 13.175433158874512, "lowlevel.spectral_decrease.mean": -7.3741315276265595e-09, "lowlevel.spectral_decrease.stdev": 7.576479887916321e-09, "lowlevel.spectral_energy.mean": 0.02991785854101181, "lowlevel.spectral_energy.stdev": 0.029682282358407974, "lowlevel.spectral_energyband_high.mean": 0.000907688052393496, "lowlevel.spectral_energyband_high.stdev": 0.0008674765122123063, "lowlevel.spectral_energyband_low.mean": 0.014305075630545616, "lowlevel.spectral_energyband_low.stdev": 0.023685133084654808, "lowlevel.spectral_energyband_middle_high.mean": 0.006610987242311239, "lowlevel.spectral_energyband_middle_high.stdev": 0.008114166557788849, "lowlevel.spectral_energyband_middle_low.mean": 0.009264258667826653, "lowlevel.spectral_energyband_middle_low.stdev": 0.013386950828135014, "lowlevel.spectral_entropy.mean": 7.9486260414123535, "lowlevel.spectral_entropy.stdev": 0.3969053328037262, "lowlevel.spectral_flux.mean": 0.07961881905794144, "lowlevel.spectral_flux.stdev": 0.07129979878664017, "lowlevel.spectral_kurtosis.mean": 3.2711410522460938, "lowlevel.spectral_kurtosis.stdev": 2.0809948444366455, "lowlevel.spectral_rms.mean": 0.004603893030434847, "lowlevel.spectral_rms.stdev": 0.0028270704206079245, "lowlevel.spectral_rolloff.mean": 2496.940673828125, "lowlevel.spectral_rolloff.stdev": 3111.4931640625, "lowlevel.spectral_skewness.mean": 1.2652243375778198, "lowlevel.spectral_skewness.stdev": 0.3393816649913788, "lowlevel.spectral_spread.mean": 5350984.5, "lowlevel.spectral_spread.stdev": 4421049.0, "lowlevel.spectral_strongpeak.mean": 0.9793335795402527, "lowlevel.spectral_strongpeak.stdev": 1.7076138257980347, "lowlevel.zerocrossingrate.mean": 0.09167647361755371, "lowlevel.zerocrossingrate.stdev": 0.0936323031783104, "metadata.audio_properties.analysis.equal_loudness": 0.0, "metadata.audio_properties.analysis.length": 18.60161018371582, "metadata.audio_properties.analysis.sample_rate": 44100.0, "metadata.audio_properties.analysis.start_time": 0.0, "metadata.audio_properties.bit_rate": 114821.0, "metadata.audio_properties.length": 18.6026668548584, "metadata.audio_properties.lossless": 0.0, "metadata.audio_properties.number_channels": 1.0, "metadata.audio_properties.replay_gain": -13.450639724731445, "metadata.audio_properties.sample_rate": 48000.0, "rhythm.beats_count": 52.0, "rhythm.beats_loudness.mean": 0.037764403969049454, "rhythm.beats_loudness.stdev": 0.027398787438869476, "rhythm.bpm": 172.265625, "rhythm.bpm_histogram_first_peak_bpm": 172.0, "rhythm.bpm_histogram_first_peak_weight": 0.0, "rhythm.bpm_histogram_second_peak_bpm": 178.0, "rhythm.bpm_histogram_second_peak_spread": 0.0, "rhythm.bpm_histogram_second_peak_weight": 0.19607843458652496, "rhythm.danceability": 0.912983238697052, "rhythm.onset_rate": 2.1479504108428955, "tonal.chords_changes_rate": 0.07213930040597916, "tonal.chords_number_rate": 0.027363184839487076, "tonal.chords_strength.mean": 0.4362214207649231, "tonal.chords_strength.stdev": 0.09491315484046936, "tonal.hpcp_crest.mean": 12.926226615905762, "tonal.hpcp_crest.stdev": 7.654421329498291, "tonal.hpcp_entropy.mean": 1.9437167644500732, "tonal.hpcp_entropy.stdev": 1.0308966636657715, "tonal.key_edma.strength": 0.760749876499176, "tonal.key_krumhansl.strength": 0.7714841365814209, "tonal.key_temperley.strength": 0.7768096923828125, "tonal.tuning_diatonic_strength": 0.5277780294418335, "tonal.tuning_equal_tempered_deviation": 0.09318380802869797, "tonal.tuning_frequency": 440.76312255859375, "tonal.tuning_nontempered_energy_ratio": 0.7108065485954285, "lowlevel.barkbands.mean": [0.0011584903113543987, 0.009140828624367714, 0.003107448574155569, 0.0019326276378706098, 0.0023308233357965946, 0.0005956331733614206, 0.00036216521402820945, 0.0010653834324330091, 0.0024312594905495644, 0.0010259861592203379, 0.0007376376888714731, 0.0003901136224158108, 0.00026788125978782773, 0.0002278518513776362, 0.001135482918471098, 0.0017021957319229841, 0.0006538436282426119, 0.0002479265385773033, 0.00035312597174197435, 0.00025077423197217286, 0.0002380894002271816, 0.0001895799650810659, 0.00013830579700879753, 0.00012269207218196243, 7.217309030238539e-05, 3.929763624910265e-05, 2.6024036969829467e-07], "lowlevel.barkbands.stdev": [0.0023025276605039835, 0.02027280256152153, 0.004081154707819223, 0.002676248550415039, 0.007553200237452984, 0.0009220666252076626, 0.0010604123817756772, 0.003965298645198345, 0.00602375203743577, 0.003503994317725301, 0.0034464774653315544, 0.000684318074490875, 0.0005042023840360343, 0.0002886524598579854, 0.0032252655364573, 0.0023432658053934574, 0.000669916917104274, 0.00022455293219536543, 0.0002736090973485261, 0.00019360685837455094, 0.0002070212794933468, 0.0002039881655946374, 0.00015670865832362324, 0.0002506517630536109, 9.723464609123766e-05, 6.428499182220548e-05, 1.0347897614337853e-06], "lowlevel.erbbands.mean": [0.3199932873249054, 1.8075785636901855, 3.263404130935669, 6.158268928527832, 8.717256546020508, 5.954821586608887, 5.849327087402344, 3.7221853733062744, 4.896862506866455, 7.0492987632751465, 39.958003997802734, 57.15727615356445, 38.04750442504883, 30.20988655090332, 20.74372673034668, 17.69721221923828, 12.556869506835938, 12.627443313598633, 33.55781936645508, 80.07665252685547, 91.73887634277344, 35.40491485595703, 14.337922096252441, 17.687284469604492, 16.492874145507812, 11.210797309875488, 9.70026683807373, 9.182151794433594, 7.490269184112549, 4.254640579223633, 3.89436411857605, 3.0414822101593018, 1.754082441329956, 0.8755412697792053, 0.4622163772583008, 0.22056889533996582, 0.06693707406520844, 0.005366748198866844, 0.0001279970892937854, 4.1904520912794396e-05], "lowlevel.erbbands.stdev": [0.836616575717926, 3.7350127696990967, 4.596762180328369, 6.192276477813721, 28.28068733215332, 17.68268585205078, 9.604036331176758, 6.822043418884277, 11.654035568237305, 22.136228561401367, 130.27688598632812, 143.1328582763672, 95.02471160888672, 123.53858947753906, 76.81892395019531, 33.279781341552734, 20.907812118530273, 18.263696670532227, 157.3600311279297, 145.55026245117188, 112.87391662597656, 34.930049896240234, 12.635319709777832, 14.430450439453125, 12.908900260925293, 8.592809677124023, 8.525071144104004, 8.0238618850708, 8.041143417358398, 4.744234561920166, 4.560715198516846, 6.281434059143066, 3.053561210632324, 1.1706607341766357, 0.6476038694381714, 0.35690292716026306, 0.10934224724769592, 0.010640842840075493, 0.00020874453184660524, 3.673530227388255e-05], "lowlevel.gfcc.mean": [-98.7386474609375, 63.184871673583984, -121.01124572753906, 47.7951774597168, -44.55434799194336, 25.28663444519043, -34.820369720458984, 17.900482177734375, -22.540058135986328, -0.38029372692108154, -26.857038497924805, 0.21236984431743622, -4.45223331451416], "lowlevel.melbands.mean": [0.0027403170242905617, 0.001970991026610136, 0.0011217343853786588, 0.0005552616203203797, 0.0001945738185895607, 9.033556852955371e-05, 7.61563132982701e-05, 8.843948307912797e-05, 0.0003606387472245842, 0.0003608372062444687, 0.00017790653510019183, 0.00011770243872888386, 8.533068466931581e-05, 4.419945980771445e-05, 3.612895670812577e-05, 2.607467831694521e-05, 2.161796328437049e-05, 4.58157119282987e-05, 7.883203215897083e-05, 0.00013016870070714504, 9.874964598566294e-05, 4.113099930691533e-05, 1.434351725038141e-05, 1.1391152838768903e-05, 1.4671094504592475e-05, 1.2632661309908144e-05, 1.0803142686199863e-05, 6.5634521888569e-06, 5.902513748878846e-06, 6.144834969745716e-06, 4.934205207973719e-06, 4.642399289878085e-06, 2.8985436983930413e-06, 2.189585075029754e-06, 2.213017978647258e-06, 2.0994743863411713e-06, 1.8797775283019291e-06, 1.359211751150724e-06, 9.069134989658778e-07, 6.73001522955019e-07], "lowlevel.melbands.stdev": [0.0064301458187401295, 0.0029014083556830883, 0.0015305906999856234, 0.0018870176281780005, 0.00031334368395619094, 0.0001527364511275664, 0.00018989235104527324, 0.00029916100902482867, 0.0011659377487376332, 0.0009414827218279243, 0.00047142725088633597, 0.000506180280353874, 0.0004034326702822, 7.849322719266638e-05, 5.540450001717545e-05, 4.9634589231573045e-05, 2.93675057037035e-05, 0.0002375791664235294, 0.0001789013622328639, 0.00019891132251359522, 0.00011718293535523117, 4.4495038309833035e-05, 1.274168516829377e-05, 1.0678957551135682e-05, 1.2533244444057345e-05, 1.0413782547402661e-05, 8.706597327545751e-06, 5.342047643352998e-06, 5.496593075804412e-06, 5.6314875109819695e-06, 4.501376679399982e-06, 5.2065674935874995e-06, 3.383889634278603e-06, 2.5232006919395644e-06, 2.514756715754629e-06, 3.0293444979179185e-06, 4.81020606457605e-06, 2.5715157789818477e-06, 1.2316467064010794e-06, 8.990751325654855e-07], "lowlevel.melbands128.mean": [0.0009164197253994644, 0.002668190747499466, 0.003564370796084404, 0.002814418403431773, 0.0016423161141574383, 0.001660798559896648, 0.001317706424742937, 0.0008657011203467846, 0.0009676344925537705, 0.0006257424829527736, 0.00024283802486024797, 0.00017671439854893833, 0.00023983990831766278, 0.00013741044676862657, 7.050846761558205e-05, 7.485097012249753e-05, 7.411534897983074e-05, 7.736477709840983e-05, 8.185986371245235e-05, 5.5330216127913445e-05, 7.334329711738974e-05, 0.0002239738096250221, 0.0004834674473386258, 0.00041797623271122575, 0.000313594879116863, 0.00046289846068248153, 0.00011804938549175858, 0.00023874074395280331, 0.00010014732833951712, 9.393705113325268e-05, 0.00012392172357067466, 0.00016333225357811898, 7.196712249424309e-05, 5.277902164380066e-05, 2.8215910788276233e-05, 4.950273432768881e-05, 5.7888570154318586e-05, 3.321345502627082e-05, 2.6252953830407932e-05, 2.3830774807720445e-05, 3.030686275451444e-05, 2.2673315470456146e-05, 1.8136452126782387e-05, 2.3883381800260395e-05, 2.186255187552888e-05, 5.7846868003252894e-05, 6.837669207016006e-05, 3.753796045202762e-05, 0.00011443109542597085, 0.0001208816611324437, 0.00012602045899257064, 0.00014796222967561334, 0.00011946824088227004, 7.345253106905147e-05, 6.185709207784384e-05, 4.053703014506027e-05, 2.1463329176185653e-05, 1.406047977070557e-05, 1.2951387361681554e-05, 1.1779527994804084e-05, 1.0155770723940805e-05, 1.1115850611531641e-05, 1.6333146049873903e-05, 1.6048124962253496e-05, 1.1983920558122918e-05, 1.3271555872051977e-05, 1.2319726010900922e-05, 1.0580046364339069e-05, 1.2814467481803149e-05, 7.814345735823736e-06, 5.606583272310672e-06, 6.484706773335347e-06, 5.859773864358431e-06, 6.039287654857617e-06, 5.571309884544462e-06, 5.911492280574748e-06, 6.991323971305974e-06, 5.407759545050794e-06, 4.2304795897507574e-06, 4.770519353769487e-06, 5.263624188955873e-06, 4.496727342484519e-06, 3.5609873521025293e-06, 2.910602916017524e-06, 2.103769020322943e-06, 2.1247547010716517e-06, 2.2417748368752655e-06, 2.207960960731725e-06, 2.1548466975218616e-06, 2.248677446914371e-06, 2.440673142700689e-06, 2.094682940878556e-06, 1.4666527476947522e-06, 1.8322139112569857e-06, 2.239006562376744e-06, 1.7571428543305956e-06, 1.0656519862095593e-06, 8.953991823545948e-07, 9.89069121715147e-07, 9.301407430939435e-07, 6.081647825340042e-07, 7.580532042084087e-07, 5.128359248374181e-07, 6.025659899933089e-07, 4.416553451846994e-07, 5.532039040190284e-07, 4.81104734717519e-07, 3.9621357927899226e-07, 3.873986997859902e-07, 3.4883785815509327e-07, 2.926116451362759e-07, 2.60887929925957e-07, 2.270208199206536e-07, 1.4957079486066505e-07, 8.968819287247243e-08, 4.750623006088972e-08, 1.0419793028404456e-08, 1.1885509243469983e-10, 5.1737988893130193e-11, 1.9445401885920255e-11, 3.4783804309101995e-11, 7.712375876822719e-12, 4.038479186480037e-12, 3.936107516311349e-12, 3.810834026812815e-12, 3.651568197121646e-12, 3.53917502943224e-12, 3.4944636160411102e-12], "lowlevel.melbands128.stdev": [0.002041275380179286, 0.0074808173812925816, 0.008809097111225128, 0.005525300279259682, 0.002814993727952242, 0.002059248508885503, 0.0013277031248435378, 0.0016844307538121939, 0.0035260829608887434, 0.002480976050719619, 0.0006770266336388886, 0.0003153174475301057, 0.0004364133928902447, 0.00022801756858825684, 0.00017315693548880517, 0.0001551717141410336, 0.0001559465890750289, 0.0002636148710735142, 0.0002858132647816092, 0.0002816620690282434, 0.00031808929634280503, 0.0012084979098290205, 0.0016677933745086193, 0.00165696837939322, 0.0009637948242016137, 0.0015803062124177814, 0.00031507937819696963, 0.0008316405583173037, 0.00037866400089114904, 0.000669384840875864, 0.000602805579546839, 0.0010508239502087235, 0.00043196635670028627, 0.0001188677633763291, 5.9822825278388336e-05, 0.00011243270273553208, 0.0001412268029525876, 5.583977326750755e-05, 7.45726574677974e-05, 4.6481429308187217e-05, 8.002711547305807e-05, 5.3669846238335595e-05, 3.19218888762407e-05, 3.295666829217225e-05, 3.61510319635272e-05, 0.000386960047762841, 0.0004707972111646086, 7.167808507801965e-05, 0.00034011673415079713, 0.00029693165561184287, 0.00028224493144080043, 0.00025480048498138785, 0.00017234943516086787, 0.00011118875409010798, 7.802627078490332e-05, 5.8823970903176814e-05, 2.338931335543748e-05, 1.4426557754632086e-05, 1.5357634765678085e-05, 1.3339896213437896e-05, 1.225121468451107e-05, 1.2095249985577539e-05, 1.8806082152877934e-05, 1.618043825146742e-05, 1.1684394848998636e-05, 1.271416294912342e-05, 1.3130586921761278e-05, 1.1016480129910633e-05, 1.1800390893768054e-05, 7.591668691020459e-06, 5.8349096434540115e-06, 6.292134912655456e-06, 6.591536021005595e-06, 6.5669178184180055e-06, 6.091107024985831e-06, 6.045396276022075e-06, 7.673192158108577e-06, 5.825039806950372e-06, 4.479543349589221e-06, 5.343335487850709e-06, 6.83517828292679e-06, 5.756423888669815e-06, 4.366232133179437e-06, 3.7769516438856954e-06, 2.8562656098074513e-06, 2.865981969080167e-06, 2.800497895805165e-06, 2.6877119125856552e-06, 2.576567794676521e-06, 3.0032906579435803e-06, 3.690652192744892e-06, 3.21231345878914e-06, 2.810048727042158e-06, 5.749453976022778e-06, 6.697036951663904e-06, 3.4253071135026403e-06, 1.8902602505477262e-06, 1.3629510249302257e-06, 1.4711628182340064e-06, 1.3073038189759245e-06, 8.881761459633708e-07, 1.0403964552097023e-06, 7.263477073138347e-07, 9.258762929675868e-07, 6.487311452474387e-07, 8.51057450290682e-07, 8.15808448351163e-07, 6.75620469792193e-07, 6.73406248097308e-07, 6.372210350491514e-07, 4.944584475197189e-07, 4.5089666400599526e-07, 3.7740304037470196e-07, 2.885473122660187e-07, 2.2715958891694754e-07, 1.289332374199148e-07, 3.419242133873013e-08, 9.391690758420168e-10, 6.121945173021004e-10, 3.2815722361689836e-10, 7.190831818881804e-10, 8.23268328509208e-11, 9.346654526731779e-12, 8.716068665426402e-12, 7.944434173012827e-12, 7.033967592412482e-12, 6.491428054811177e-12, 6.3379865591906e-12], "lowlevel.mfcc.mean": [-709.3665161132812, 85.2776870727539, -7.978339195251465, 27.422746658325195, 13.767163276672363, 11.389379501342773, 3.056293487548828, 11.008599281311035, 12.475993156433105, 4.597955226898193, -7.365116596221924, -3.3196628093719482, -0.9515292644500732], "lowlevel.spectral_contrast_coeffs.mean": [-0.7367925643920898, -0.7888432741165161, -0.7920761108398438, -0.7921758890151978, -0.8214292526245117, -0.7702614665031433], "lowlevel.spectral_contrast_coeffs.stdev": [0.08355868607759476, 0.09965281188488007, 0.07384560257196426, 0.07585317641496658, 0.043170131742954254, 0.058572497218847275], "lowlevel.spectral_contrast_valleys.mean": [-7.9347100257873535, -8.363197326660156, -8.423288345336914, -8.283995628356934, -8.137040138244629, -10.82851505279541], "lowlevel.spectral_contrast_valleys.stdev": [3.6318440437316895, 3.393974542617798, 3.3389532566070557, 3.2963733673095703, 3.288175344467163, 3.0403826236724854], "rhythm.beats_loudness_band_ratio.mean": [0.5209202170372009, 0.09803171455860138, 0.15416207909584045, 0.08719842880964279, 0.11444025486707687, 0.08667939156293869], "rhythm.beats_loudness_band_ratio.stdev": [0.2735026478767395, 0.1202641949057579, 0.2210264354944229, 0.10020305216312408, 0.08675894141197205, 0.17043036222457886], "tonal.hpcp.mean": [0.07909641414880753, 0.05222824588418007, 0.059173863381147385, 0.09173255413770676, 0.08193463832139969, 0.07932142913341522, 0.08194351196289062, 0.08100508898496628, 0.23730508983135223, 0.2863587737083435, 0.13422828912734985, 0.07320819795131683, 0.06676902621984482, 0.0648350715637207, 0.11693606525659561, 0.16908740997314453, 0.13669343292713165, 0.17915783822536469, 0.18979787826538086, 0.08435431867837906, 0.040278248488903046, 0.03552565351128578, 0.042869530618190765, 0.11287058144807816, 0.16072651743888855, 0.10504475235939026, 0.052936241030693054, 0.0363263338804245, 0.02953469008207321, 0.12680965662002563, 0.21985790133476257, 0.1399877965450287, 0.07865454256534576, 0.07013819366693497, 0.052968334406614304, 0.0737123042345047], "tonal.hpcp.stdev": [0.20380592346191406, 0.16125641763210297, 0.145999938249588, 0.21182650327682495, 0.18521752953529358, 0.188798189163208, 0.1986294537782669, 0.17162220180034637, 0.30975645780563354, 0.3527907431125641, 0.19585567712783813, 0.1482616364955902, 0.1388893574476242, 0.14915664494037628, 0.20449763536453247, 0.2897550165653229, 0.2198890894651413, 0.2980642020702362, 0.33248087763786316, 0.17706534266471863, 0.1306849718093872, 0.0978461354970932, 0.13198652863502502, 0.2290603518486023, 0.3049752414226532, 0.20222660899162292, 0.1673927903175354, 0.12010372430086136, 0.10957692563533783, 0.20124602317810059, 0.34612569212913513, 0.21905384957790375, 0.204253688454628, 0.19025731086730957, 0.14665068686008453, 0.1879887878894806], "rhythm.beats_position": [0.30185940861701965, 0.6153287887573242, 0.9287981986999512, 1.2538775205612183, 1.6021767854690552, 1.9504761695861816, 2.2987754344940186, 2.6470746994018555, 2.9953742027282715, 3.3436734676361084, 3.6919727325439453, 4.040272235870361, 4.3769612312316895, 4.713650703430176, 5.061950206756592, 5.41024923324585, 5.746938705444336, 6.083628177642822, 6.43192720413208, 6.780226707458496, 7.128525733947754, 7.47682523727417, 7.813514709472656, 8.150203704833984, 8.498503684997559, 8.846802711486816, 9.195101737976074, 9.543400764465332, 9.891700744628906, 10.239999771118164, 10.588298797607422, 10.924988746643066, 11.273287773132324, 11.609976768493652, 11.958276748657227, 12.306575775146484, 12.643264770507812, 12.991564750671387, 13.328253746032715, 13.676552772521973, 14.024852752685547, 14.373151779174805, 14.733060836791992, 15.10457992553711, 15.476099014282227, 15.85922908782959, 16.24235725402832, 16.625486373901367, 17.008617401123047, 17.391746520996094, 17.77487564086914, 18.158004760742188], "rhythm.bpm_histogram": [0.0, 0.0, 0.0, 0.0, 0.0, 0.0, 0.0, 0.0, 0.0, 0.0, 0.0, 0.0, 0.0, 0.0, 0.0, 0.0, 0.0, 0.0, 0.0, 0.0, 0.0, 0.0, 0.0, 0.0, 0.0, 0.0, 0.0, 0.0, 0.0, 0.0, 0.0, 0.0, 0.0, 0.0, 0.0, 0.0, 0.0, 0.0, 0.0, 0.0, 0.0, 0.0, 0.0, 0.0, 0.0, 0.0, 0.0, 0.0, 0.0, 0.0, 0.0, 0.0, 0.0, 0.0, 0.0, 0.0, 0.0, 0.0, 0.0, 0.0, 0.0, 0.0, 0.0, 0.0, 0.0, 0.0, 0.0, 0.0, 0.0, 0.0, 0.0, 0.0, 0.0, 0.0, 0.0, 0.0, 0.0, 0.0, 0.0, 0.0, 0.0, 0.0, 0.0, 0.0, 0.0, 0.0, 0.0, 0.0, 0.0, 0.0, 0.0, 0.0, 0.0, 0.0, 0.0, 0.0, 0.0, 0.0, 0.0, 0.0, 0.0, 0.0, 0.0, 0.0, 0.0, 0.0, 0.0, 0.0, 0.0, 0.0, 0.0, 0.0, 0.0, 0.0, 0.0, 0.0, 0.0, 0.0, 0.0, 0.0, 0.0, 0.0, 0.0, 0.0, 0.0, 0.0, 0.0, 0.0, 0.0, 0.0, 0.0, 0.0, 0.0, 0.0, 0.0, 0.0, 0.0, 0.0, 0.0, 0.0, 0.0, 0.0, 0.0, 0.0, 0.0, 0.0, 0.0, 0.0, 0.0, 0.0, 0.0, 0.0, 0.0, 0.0, 0.0, 0.0, 0.0, 0.13725490868091583, 0.0, 0.0, 0.0, 0.03921568766236305, 0.0, 0.0, 0.0, 0.0, 0.0, 0.019607843831181526, 0.0, 0.0, 0.0, 0.0, 0.5490196347236633, 0.0, 0.0, 0.0, 0.0, 0.0, 0.19607843458652496, 0.0, 0.0, 0.0, 0.0, 0.0, 0.0, 0.019607843831181526, 0.0, 0.0, 0.0, 0.0, 0.0, 0.03921568766236305, 0.0, 0.0, 0.0, 0.0, 0.0, 0.0, 0.0, 0.0, 0.0, 0.0, 0.0, 0.0, 0.0, 0.0, 0.0, 0.0, 0.0, 0.0, 0.0, 0.0, 0.0, 0.0, 0.0, 0.0, 0.0, 0.0, 0.0, 0.0, 0.0, 0.0, 0.0, 0.0, 0.0, 0.0, 0.0, 0.0, 0.0, 0.0, 0.0, 0.0, 0.0, 0.0, 0.0, 0.0, 0.0, 0.0, 0.0, 0.0, 0.0, 0.0, 0.0, 0.0, 0.0, 0.0, 0.0, 0.0, 0.0, 0.0], "tonal.chords_histogram": [41.044776916503906, 5.72139310836792, 0.24875621497631073, 3.2338309288024902, 9.701492309570312, 10.696516990661621, 1.7412935495376587, 8.208954811096191, 0.746268630027771, 1.9900497198104858, 0.0, 0.0, 0.0, 0.0, 0.0, 0.0, 0.0, 0.0, 0.0, 0.0, 0.0, 1.2437810897827148, 4.477612018585205, 10.945273399353027], "tonal.thpcp": [1.0, 0.46874165534973145, 0.2556520104408264, 0.23316563665866852, 0.22641202807426453, 0.40835508704185486, 0.590474009513855, 0.47735026478767395, 0.6256411671638489, 0.6627975106239319, 0.29457563161849976, 0.14065659046173096, 0.12405994534492493, 0.1497056633234024, 0.39415791630744934, 0.5612767338752747, 0.36682918667793274, 0.18485985696315765, 0.1268560141324997, 0.103138767182827, 0.44283488392829895, 0.7677707672119141, 0.4888545870780945, 0.2746713161468506, 0.2449311912059784, 0.18497192859649658, 0.2574124038219452, 0.2762143909931183, 0.18238744139671326, 0.20664240419864655, 0.3203413486480713, 0.2861258089542389, 0.27700015902519226, 0.2861568033695221, 0.28287971019744873, 0.8286985158920288], "lowlevel.gfcc.cov": [[93596.0390625, 7981.2392578125, -2064.099365234375, 3992.719970703125, 161.96678161621094, 667.6041870117188, -828.7044677734375, 324.8717346191406, 195.402099609375, 678.8262939453125, -1084.7342529296875, 190.70596313476562, -1278.9610595703125], [7981.2392578125, 2311.482666015625, -819.1325073242188, 227.193603515625, 143.63198852539062, -436.3769226074219, 118.54281616210938, -210.08531188964844, 73.4704818725586, -136.76187133789062, -35.29729080200195, -100.88896942138672, 157.07301330566406], [-2064.099365234375, -819.1325073242188, 822.6113891601562, 162.424072265625, 103.58028411865234, 147.98226928710938, 1.2257856130599976, 14.449346542358398, 10.312922477722168, 132.80929565429688, 84.74162292480469, 80.21149444580078, -163.03152465820312], [3992.719970703125, 227.193603515625, 162.424072265625, 445.1568298339844, 106.03223419189453, 69.24697875976562, -14.153976440429688, -46.478214263916016, -2.3319246768951416, 82.8743896484375, 41.43608856201172, 40.26492691040039, -120.2109603881836], [161.96678161621094, 143.63198852539062, 103.58028411865234, 106.03223419189453, 183.79922485351562, 17.312559127807617, 101.42066955566406, -18.457733154296875, 39.64221954345703, 19.772258758544922, 47.094661712646484, 21.893566131591797, 6.364138603210449], [667.6041870117188, -436.3769226074219, 147.98226928710938, 69.24697875976562, 17.312559127807617, 285.6810607910156, 15.161846160888672, 100.53368377685547, -18.303892135620117, 39.977333068847656, -15.249202728271484, 37.35999298095703, -73.9072265625], [-828.7044677734375, 118.54281616210938, 1.2257856130599976, -14.153976440429688, 101.42066955566406, 15.161846160888672, 155.26393127441406, 12.088740348815918, 43.61469268798828, -24.848405838012695, 33.8482666015625, -1.3673990964889526, 45.18033218383789], [324.8717346191406, -210.08531188964844, 14.449346542358398, -46.478214263916016, -18.457733154296875, 100.53368377685547, 12.088740348815918, 182.102783203125, 86.15100860595703, 44.81711196899414, -54.9912223815918, 2.6666579246520996, -0.09832189977169037], [195.402099609375, 73.4704818725586, 10.312922477722168, -2.3319246768951416, 39.64221954345703, -18.303892135620117, 43.61469268798828, 86.15100860595703, 161.9311065673828, 49.00621032714844, 0.023240696638822556, -29.62238121032715, 14.989830017089844], [678.8262939453125, -136.76187133789062, 132.80929565429688, 82.8743896484375, 19.772258758544922, 39.977333068847656, -24.848405838012695, 44.81711196899414, 49.00621032714844, 111.26487731933594, 37.90005111694336, 34.66679382324219, -51.40742492675781], [-1084.7342529296875, -35.29729080200195, 84.74162292480469, 41.43608856201172, 47.094661712646484, -15.249202728271484, 33.8482666015625, -54.9912223815918, 0.023240696638822556, 37.90005111694336, 114.25225067138672, 33.338966369628906, 5.764850616455078], [190.70596313476562, -100.88896942138672, 80.21149444580078, 40.26492691040039, 21.893566131591797, 37.35999298095703, -1.3673990964889526, 2.6666579246520996, -29.62238121032715, 34.66679382324219, 33.338966369628906, 71.17167663574219, -2.9303524494171143], [-1278.9610595703125, 157.07301330566406, -163.03152465820312, -120.2109603881836, 6.364138603210449, -73.9072265625, 45.18033218383789, -0.09832189977169037, 14.989830017089844, -51.40742492675781, 5.764850616455078, -2.9303524494171143, 127.37374114990234]], "lowlevel.gfcc.icov": [[0.00023064608103595674, -0.001272812602110207, 0.0001389485551044345, -0.0007533360621891916, 0.0006596820312552154, -0.0014683997724205256, 0.0009081126190721989, -0.00018689394346438348, -0.0004892462166026235, -0.0008739389013499022, 0.001984864939004183, -0.0021976917050778866, 0.0017096070805564523], [-0.001272812602110207, 0.009215297177433968, 0.0014292916748672724, 0.0022360780276358128, -0.004761834628880024, 0.010587234981358051, -0.006756100337952375, 0.00276100542396307, 0.001424602116458118, 0.004879729822278023, -0.00885671004652977, 0.01126756239682436, -0.008963101543486118], [0.0001389485551044345, 0.0014292916748672724, 0.004603766370564699, -0.0015982731711119413, -0.002138244453817606, 0.0014402037486433983, -0.0008150081266649067, 0.0014499005628749728, -0.0021795197390019894, -0.0002872877230402082, 0.0020272883120924234, -0.004301531706005335, 0.0051993452943861485], [-0.0007533360621891916, 0.0022360780276358128, -0.0015982731711119413, 0.008693059906363487, -0.004193109925836325, 0.0020729119423776865, -0.00036407497827894986, 0.001040531788021326, 0.001563630416058004, 0.001812785747461021, -0.007992604747414589, 0.0056740036234259605, -0.0015810762997716665], [0.0006596820312552154, -0.004761834628880024, -0.002138244453817606, -0.004193109925836325, 0.016591444611549377, -0.006409755442291498, -0.005663973744958639, 0.003609698498621583, -0.003496251069009304, -0.005862285848706961, 0.007849895395338535, -0.007963947020471096, 0.0007724866736680269], [-0.0014683997724205256, 0.010587234981358051, 0.0014402037486433983, 0.0020729119423776865, -0.006409755442291498, 0.019870199263095856, -0.00913242343813181, -0.004326405469328165, 0.005850525107234716, 0.007710360921919346, -0.012315917760133743, 0.011890106834471226, -0.005660288967192173], [0.0009081126190721989, -0.006756100337952375, -0.0008150081266649067, -0.00036407497827894986, -0.005663973744958639, -0.00913242343813181, 0.022463196888566017, -0.006689314264804125, -0.004502043128013611, 0.007605345919728279, -0.0019954692106693983, -0.008040129207074642, 0.006578632164746523], [-0.00018689394346438348, 0.00276100542396307, 0.0014499005628749728, 0.001040531788021326, 0.003609698498621583, -0.004326405469328165, -0.006689314264804125, 0.024121109396219254, -0.010685739107429981, -0.009907344356179237, 0.013947688043117523, -0.004090691450983286, -0.006209302227944136], [-0.0004892462166026235, 0.001424602116458118, -0.0021795197390019894, 0.001563630416058004, -0.003496251069009304, 0.005850525107234716, -0.004502043128013611, -0.010685739107429981, 0.021931633353233337, -0.009344130754470825, -0.007012603338807821, 0.019838880747556686, -0.008403663523495197], [-0.0008739389013499022, 0.004879729822278023, -0.0002872877230402082, 0.001812785747461021, -0.005862285848706961, 0.007710360921919346, 0.007605345919728279, -0.009907344356179237, -0.009344130754470825, 0.04001976177096367, -0.022792181000113487, -0.005596647504717112, 0.006766064558178186], [0.001984864939004183, -0.00885671004652977, 0.0020272883120924234, -0.007992604747414589, 0.007849895395338535, -0.012315917760133743, -0.0019954692106693983, 0.013947688043117523, -0.007012603338807821, -0.022792181000113487, 0.0427255742251873, -0.023638930171728134, 0.008232591673731804], [-0.0021976917050778866, 0.01126756239682436, -0.004301531706005335, 0.0056740036234259605, -0.007963947020471096, 0.011890106834471226, -0.008040129207074642, -0.004090691450983286, 0.019838880747556686, -0.005596647504717112, -0.023638930171728134, 0.05465054512023926, -0.028233202174305916], [0.0017096070805564523, -0.008963101543486118, 0.0051993452943861485, -0.0015810762997716665, 0.0007724866736680269, -0.005660288967192173, 0.006578632164746523, -0.006209302227944136, -0.008403663523495197, 0.006766064558178186, 0.008232591673731804, -0.028233202174305916, 0.038269203156232834]], "lowlevel.mfcc.cov": [[55859.90625, 5367.0849609375, 69.21541595458984, 2829.39892578125, 1751.43310546875, 1534.1524658203125, 119.49162292480469, 784.6624755859375, 898.21142578125, 593.2683715820312, -74.69956970214844, 737.105224609375, 1045.1239013671875], [5367.0849609375, 1562.2236328125, -374.0437316894531, 500.5855712890625, 108.02079010009766, 79.17315673828125, -5.134982585906982, 16.37565803527832, 120.14470672607422, 24.618480682373047, -55.89115524291992, -23.359201431274414, 11.942000389099121], [69.21541595458984, -374.0437316894531, 335.391845703125, 23.073217391967773, 58.89170455932617, 52.022605895996094, 20.367687225341797, -1.1905436515808105, -61.954124450683594, -5.844828128814697, 31.68670654296875, 45.431251525878906, 33.48161697387695], [2829.39892578125, 500.5855712890625, 23.073217391967773, 415.52703857421875, 131.26141357421875, 119.89639282226562, 28.86892318725586, -4.343349456787109, -2.094911575317383, -2.314927816390991, 12.17829704284668, 64.04132080078125, 75.31336975097656], [1751.43310546875, 108.02079010009766, 58.89170455932617, 131.26141357421875, 139.32623291015625, 84.94175720214844, 28.620014190673828, 33.80026626586914, 26.198471069335938, 30.419145584106445, 7.035664081573486, 39.218631744384766, 47.969730377197266], [1534.1524658203125, 79.17315673828125, 52.022605895996094, 119.89639282226562, 84.94175720214844, 161.6598663330078, 88.95050811767578, 49.91804504394531, -14.758895874023438, -4.685240745544434, -0.7533401846885681, 32.53333282470703, 51.79585266113281], [119.49162292480469, -5.134982585906982, 20.367687225341797, 28.86892318725586, 28.620014190673828, 88.95050811767578, 118.67793273925781, 54.66311264038086, -16.08189582824707, -17.955190658569336, -10.407054901123047, 5.113741397857666, 17.101560592651367], [784.6624755859375, 16.37565803527832, -1.1905436515808105, -4.343349456787109, 33.80026626586914, 49.91804504394531, 54.66311264038086, 105.31619262695312, 77.31415557861328, 38.889469146728516, -4.839779376983643, 1.1974573135375977, 14.047591209411621], [898.21142578125, 120.14470672607422, -61.954124450683594, -2.094911575317383, 26.198471069335938, -14.758895874023438, -16.08189582824707, 77.31415557861328, 152.73727416992188, 87.55131530761719, 10.939162254333496, 5.639346599578857, 10.327958106994629], [593.2683715820312, 24.618480682373047, -5.844828128814697, -2.314927816390991, 30.419145584106445, -4.685240745544434, -17.955190658569336, 38.889469146728516, 87.55131530761719, 88.6185531616211, 32.65925598144531, 23.852134704589844, 15.778016090393066], [-74.69956970214844, -55.89115524291992, 31.68670654296875, 12.17829704284668, 7.035664081573486, -0.7533401846885681, -10.407054901123047, -4.839779376983643, 10.939162254333496, 32.65925598144531, 56.16339111328125, 43.4754753112793, 23.909074783325195], [737.105224609375, -23.359201431274414, 45.431251525878906, 64.04132080078125, 39.218631744384766, 32.53333282470703, 5.113741397857666, 1.1974573135375977, 5.639346599578857, 23.852134704589844, 43.4754753112793, 93.73735809326172, 74.32429504394531], [1045.1239013671875, 11.942000389099121, 33.48161697387695, 75.31336975097656, 47.969730377197266, 51.79585266113281, 17.101560592651367, 14.047591209411621, 10.327958106994629, 15.778016090393066, 23.909074783325195, 74.32429504394531, 98.55438232421875]], "lowlevel.mfcc.icov": [[8.895284554455429e-05, -0.00033461968996562064, -0.00024950518854893744, 0.00012555575813166797, -0.0003203575615771115, -0.000594353536143899, 0.0008068845490925014, -0.0005957602406851947, 0.00011313776485621929, -0.0001624303695280105, 0.0005673301639035344, -0.0004414197464939207, -0.0002913332136813551], [-0.00033461968996562064, 0.003728369949385524, 0.0034368454944342375, -0.003801572136580944, 0.0012119206367060542, 0.0018957746215164661, -0.002769168233498931, 0.0027423915453255177, -0.0014672508696094155, -6.709810259053484e-05, -0.00048751026042737067, 0.0022479596082121134, 0.001925104996189475], [-0.00024950518854893744, 0.0034368454944342375, 0.007576854899525642, -0.0032134116627275944, -0.0014699765015393496, 0.001500982791185379, -0.0007130700978450477, -0.0008587319171056151, 0.0030387339647859335, -0.0008585618925280869, -0.0022250560577958822, 0.001138928346335888, 0.001783659216016531], [0.00012555575813166797, -0.003801572136580944, -0.0032134116627275944, 0.009153110906481743, -0.00381736783310771, -0.003175050253048539, 0.0011021191021427512, 0.001753179240040481, -0.0011648659128695726, 0.0038318349979817867, -0.002387148095294833, -0.0023804577067494392, -0.0018052515806630254], [-0.0003203575615771115, 0.0012119206367060542, -0.0014699765015393496, -0.00381736783310771, 0.01799849607050419, -0.00364448013715446, -0.0019562942907214165, 0.0023894556798040867, -0.0010778303258121014, -0.006655194330960512, 0.004394658375531435, -0.0006827316829003394, 0.0004478854243643582], [-0.000594353536143899, 0.0018957746215164661, 0.001500982791185379, -0.003175050253048539, -0.00364448013715446, 0.023785758763551712, -0.01355130597949028, -0.00345952739007771, 0.006881922483444214, -0.0012765739811584353, -0.0042433962225914, 0.005044874735176563, -0.0031846966594457626], [0.0008068845490925014, -0.002769168233498931, -0.0007130700978450477, 0.0011021191021427512, -0.0019562942907214165, -0.01355130597949028, 0.029564272612333298, -0.020371519029140472, 0.008408574387431145, 0.0020874550100415945, 0.003914644010365009, -0.005103255156427622, -0.0012897802516818047], [-0.0005957602406851947, 0.0027423915453255177, -0.0008587319171056151, 0.001753179240040481, 0.0023894556798040867, -0.00345952739007771, -0.020371519029140472, 0.042188409715890884, -0.024934783577919006, 0.0023884065449237823, 0.0008097657701000571, 0.004463803488761187, 0.001782017876394093], [0.00011313776485621929, -0.0014672508696094155, 0.0030387339647859335, -0.0011648659128695726, -0.0010778303258121014, 0.006881922483444214, 0.008408574387431145, -0.024934783577919006, 0.03608354553580284, -0.023688483983278275, 0.004702926613390446, 0.0006847601034678519, -0.003807641565799713], [-0.0001624303695280105, -6.709810259053484e-05, -0.0008585618925280869, 0.0038318349979817867, -0.006655194330960512, -0.0012765739811584353, 0.0020874550100415945, 0.0023884065449237823, -0.023688483983278275, 0.04503108188509941, -0.022059697657823563, 4.835592699237168e-05, 0.0028900117613375187], [0.0005673301639035344, -0.00048751026042737067, -0.0022250560577958822, -0.002387148095294833, 0.004394658375531435, -0.0042433962225914, 0.003914644010365009, 0.0008097657701000571, 0.004702926613390446, -0.022059697657823563, 0.0477774553000927, -0.02307181991636753, 0.004766920581459999], [-0.0004414197464939207, 0.0022479596082121134, 0.001138928346335888, -0.0023804577067494392, -0.0006827316829003394, 0.005044874735176563, -0.005103255156427622, 0.004463803488761187, 0.0006847601034678519, 4.835592699237168e-05, -0.02307181991636753, 0.0443042628467083, -0.02412310056388378], [-0.0002913332136813551, 0.001925104996189475, 0.001783659216016531, -0.0018052515806630254, 0.0004478854243643582, -0.0031846966594457626, -0.0012897802516818047, 0.001782017876394093, -0.003807641565799713, 0.0028900117613375187, 0.004766920581459999, -0.02412310056388378, 0.032174207270145416]], "metadata.audio_properties.analysis.downmix": "mix", "metadata.audio_properties.codec": "mp3", "metadata.audio_properties.md5_encoded": "1035e9ce01916433c3ee812796c76901", "metadata.tags.file_name": "1183708567539302450.mp3", "metadata.version.essentia": "2.1-beta6-dev", "metadata.version.essentia_git_sha": "v2.1_beta5-1110-g77a6a954", "metadata.version.extractor": "music 2.0", "tonal.chords_key": "C", "tonal.chords_scale": "minor", "tonal.key_edma.key": "C", "tonal.key_edma.scale": "minor", "tonal.key_krumhansl.key": "C", "tonal.key_krumhansl.scale": "minor", "tonal.key_temperley.key": "C", "tonal.key_temperley.scale": "minor", "metadata.tags.encoding": ["Lavf58.45.100"]}, "essentia_models": [{"model_name": "genre_dortmund", "activations": {"alternative": "0.052597646", "blues": "0.0076302867", "electronic": "0.0117827775", "folkcountry": "0.04490112", "funksoulrnb": "0.0072612427", "jazz": "0.034458786", "pop": "0.008264774", "raphiphop": "0.0038355032", "rock": "0.893871"}}, {"model_name": "genre_rosamerica", "activations": {"classic": "