{"song_id": "1183705757565329428", "download": "https://cdn.discordapp.com/attachments/1128313332273782784/1183705757565329428/chirp.mp4?ex=65894ee4&amp", "lyrics": "They told him, \"Don't you ever come around here\"\n\"Don't wanna see your face, you better disappear\"\nThe fire's in their eyes and their words are really clear\nSo beat it, just beat it\nYou better run, you better do what you can\nDon't wanna see no blood, don't be a macho man\nYou wanna be tough, better do what you can\nSo beat it, but you wanna be bad", "style": ["Opera"], "essentia_features": {"lowlevel.average_loudness": 0.9813206195831299, "lowlevel.barkbands_crest.mean": 14.166853904724121, "lowlevel.barkbands_crest.stdev": 5.558871269226074, "lowlevel.barkbands_flatness_db.mean": 0.20433922111988068, "lowlevel.barkbands_flatness_db.stdev": 0.07782702147960663, "lowlevel.barkbands_kurtosis.mean": 15.660198211669922, "lowlevel.barkbands_kurtosis.stdev": 34.697593688964844, "lowlevel.barkbands_skewness.mean": 2.538289785385132, "lowlevel.barkbands_skewness.stdev": 2.524414300918579, "lowlevel.barkbands_spread.mean": 17.90618896484375, "lowlevel.barkbands_spread.stdev": 14.93425464630127, "lowlevel.dissonance.mean": 0.45950379967689514, "lowlevel.dissonance.stdev": 0.03605842962861061, "lowlevel.dynamic_complexity": 2.242906332015991, "lowlevel.erbbands_crest.mean": 10.571481704711914, "lowlevel.erbbands_crest.stdev": 5.268654823303223, "lowlevel.erbbands_flatness_db.mean": 0.179341658949852, "lowlevel.erbbands_flatness_db.stdev": 0.056366950273513794, "lowlevel.erbbands_kurtosis.mean": 0.712155818939209, "lowlevel.erbbands_kurtosis.stdev": 2.7902462482452393, "lowlevel.erbbands_skewness.mean": 0.22563436627388, "lowlevel.erbbands_skewness.stdev": 0.9130961894989014, "lowlevel.erbbands_spread.mean": 41.06785202026367, "lowlevel.erbbands_spread.stdev": 22.249509811401367, "lowlevel.hfc.mean": 21.019315719604492, "lowlevel.hfc.stdev": 16.781471252441406, "lowlevel.loudness_ebu128.integrated": -11.064872741699219, "lowlevel.loudness_ebu128.loudness_range": 0.6737356185913086, "lowlevel.loudness_ebu128.momentary.mean": -11.585891723632812, "lowlevel.loudness_ebu128.momentary.stdev": 2.5345938205718994, "lowlevel.loudness_ebu128.short_term.mean": -11.03003978729248, "lowlevel.loudness_ebu128.short_term.stdev": 0.28276726603507996, "lowlevel.melbands_crest.mean": 17.258262634277344, "lowlevel.melbands_crest.stdev": 6.992401123046875, "lowlevel.melbands_flatness_db.mean": 0.26422005891799927, "lowlevel.melbands_flatness_db.stdev": 0.10293134301900864, "lowlevel.melbands_kurtosis.mean": 34.69186782836914, "lowlevel.melbands_kurtosis.stdev": 54.83467483520508, "lowlevel.melbands_skewness.mean": 3.9305508136749268, "lowlevel.melbands_skewness.stdev": 2.9220283031463623, "lowlevel.melbands_spread.mean": 18.255390167236328, "lowlevel.melbands_spread.stdev": 20.613847732543945, "lowlevel.pitch_salience.mean": 0.46455779671669006, "lowlevel.pitch_salience.stdev": 0.1565404087305069, "lowlevel.silence_rate_20dB.mean": 1.0, "lowlevel.silence_rate_20dB.stdev": 0.0, "lowlevel.silence_rate_30dB.mean": 0.8927038908004761, "lowlevel.silence_rate_30dB.stdev": 0.3094898462295532, "lowlevel.silence_rate_60dB.mean": 0.06974248588085175, "lowlevel.silence_rate_60dB.stdev": 0.2547120451927185, "lowlevel.spectral_centroid.mean": 1169.7120361328125, "lowlevel.spectral_centroid.stdev": 762.451171875, "lowlevel.spectral_complexity.mean": 15.99034309387207, "lowlevel.spectral_complexity.stdev": 10.289628982543945, "lowlevel.spectral_decrease.mean": -1.1844054625953504e-08, "lowlevel.spectral_decrease.stdev": 9.520506161209141e-09, "lowlevel.spectral_energy.mean": 0.046608731150627136, "lowlevel.spectral_energy.stdev": 0.03621174395084381, "lowlevel.spectral_energyband_high.mean": 0.0008994197123683989, "lowlevel.spectral_energyband_high.stdev": 0.0015460244612768292, "lowlevel.spectral_energyband_low.mean": 0.029126685112714767, "lowlevel.spectral_energyband_low.stdev": 0.03634796291589737, "lowlevel.spectral_energyband_middle_high.mean": 0.005084968637675047, "lowlevel.spectral_energyband_middle_high.stdev": 0.006153809372335672, "lowlevel.spectral_energyband_middle_low.mean": 0.013926584273576736, "lowlevel.spectral_energyband_middle_low.stdev": 0.013579901307821274, "lowlevel.spectral_entropy.mean": 7.3701958656311035, "lowlevel.spectral_entropy.stdev": 0.557238757610321, "lowlevel.spectral_flux.mean": 0.11167590320110321, "lowlevel.spectral_flux.stdev": 0.0705409124493599, "lowlevel.spectral_kurtosis.mean": 5.8777666091918945, "lowlevel.spectral_kurtosis.stdev": 6.395542621612549, "lowlevel.spectral_rms.mean": 0.006183797027915716, "lowlevel.spectral_rms.stdev": 0.002689342014491558, "lowlevel.spectral_rolloff.mean": 1123.67919921875, "lowlevel.spectral_rolloff.stdev": 1307.7808837890625, "lowlevel.spectral_skewness.mean": 1.620861530303955, "lowlevel.spectral_skewness.stdev": 0.7700837254524231, "lowlevel.spectral_spread.mean": 4035453.5, "lowlevel.spectral_spread.stdev": 1445673.125, "lowlevel.spectral_strongpeak.mean": 1.0086352825164795, "lowlevel.spectral_strongpeak.stdev": 1.223905086517334, "lowlevel.zerocrossingrate.mean": 0.045318473130464554, "lowlevel.zerocrossingrate.stdev": 0.03600865229964256, "metadata.audio_properties.analysis.equal_loudness": 0.0, "metadata.audio_properties.analysis.length": 21.61065673828125, "metadata.audio_properties.analysis.sample_rate": 44100.0, "metadata.audio_properties.analysis.start_time": 0.0, "metadata.audio_properties.bit_rate": 120523.0, "metadata.audio_properties.length": 21.610666275024414, "metadata.audio_properties.lossless": 0.0, "metadata.audio_properties.number_channels": 1.0, "metadata.audio_properties.replay_gain": -14.617855072021484, "metadata.audio_properties.sample_rate": 48000.0, "rhythm.beats_count": 33.0, "rhythm.beats_loudness.mean": 0.07387622445821762, "rhythm.beats_loudness.stdev": 0.03159515559673309, "rhythm.bpm": 94.80316925048828, "rhythm.bpm_histogram_first_peak_bpm": 96.0, "rhythm.bpm_histogram_first_peak_weight": 0.48148149251937866, "rhythm.bpm_histogram_second_peak_bpm": 88.0, "rhythm.bpm_histogram_second_peak_spread": 0.19999998807907104, "rhythm.bpm_histogram_second_peak_weight": 0.125, "rhythm.danceability": 1.7884225845336914, "rhythm.onset_rate": 4.299705982208252, "tonal.chords_changes_rate": 0.05567451938986778, "tonal.chords_number_rate": 0.014989293180406094, "tonal.chords_strength.mean": 0.5126670002937317, "tonal.chords_strength.stdev": 0.10255815088748932, "tonal.hpcp_crest.mean": 13.483845710754395, "tonal.hpcp_crest.stdev": 6.725186347961426, "tonal.hpcp_entropy.mean": 2.0442888736724854, "tonal.hpcp_entropy.stdev": 0.8378320932388306, "tonal.key_edma.strength": 0.6216571927070618, "tonal.key_krumhansl.strength": 0.6327874660491943, "tonal.key_temperley.strength": 0.643951952457428, "tonal.tuning_diatonic_strength": 0.6293305158615112, "tonal.tuning_equal_tempered_deviation": 0.09799938648939133, "tonal.tuning_frequency": 437.2131652832031, "tonal.tuning_nontempered_energy_ratio": 0.7866342663764954, "lowlevel.barkbands.mean": [0.0005434999475255609, 0.02171233668923378, 0.004626565612852573, 0.0037714368663728237, 0.003353128442540765, 0.002401110017672181, 0.0013830858515575528, 0.0010216489899903536, 0.001636448665522039, 0.0011740560876205564, 0.00035756482975557446, 0.0006370179471559823, 0.0004804406489711255, 0.00044141034595668316, 0.00033613538835197687, 0.0005900384276174009, 0.0005358427879400551, 0.0003888600040227175, 0.0002122678852174431, 0.0002370657166466117, 0.00020157622930128127, 0.00024103224859572947, 0.00017470774764660746, 8.04320807219483e-05, 5.3877956815995276e-05, 1.708818854240235e-05, 5.626886334653136e-08], "lowlevel.barkbands.stdev": [0.0012838413240388036, 0.03202275186777115, 0.013369573280215263, 0.006106794811785221, 0.006885073613375425, 0.004501304589211941, 0.003232413437217474, 0.0036064046435058117, 0.005006627645343542, 0.0033704277593642473, 0.0010508772684261203, 0.002127590822055936, 0.0014357786858454347, 0.001203151186928153, 0.0007620110409334302, 0.0017576833488419652, 0.0013389942469075322, 0.0006693614413961768, 0.0003528995730448514, 0.00039157934952527285, 0.00038983498234301805, 0.00044155571958981454, 0.00032558204839006066, 0.00017894560005515814, 0.00011303227802272886, 4.178930976195261e-05, 3.946278468447417e-07], "lowlevel.erbbands.mean": [0.6036842465400696, 4.845062732696533, 6.459854602813721, 10.162416458129883, 10.626965522766113, 11.593026161193848, 13.94808578491211, 20.47596549987793, 24.12177848815918, 17.738622665405273, 22.647798538208008, 31.845378875732422, 44.337745666503906, 28.549131393432617, 16.73985481262207, 25.30288314819336, 22.042890548706055, 21.251272201538086, 20.048187255859375, 23.95013427734375, 30.373380661010742, 31.791501998901367, 23.957155227661133, 13.386624336242676, 10.284379959106445, 11.095999717712402, 9.830147743225098, 7.060697555541992, 8.625020980834961, 7.975702285766602, 4.217250347137451, 1.8829296827316284, 1.3165748119354248, 0.7417272329330444, 0.3063022494316101, 0.1182352602481842, 0.022802989929914474, 0.0013294891687110066, 5.7618515711510554e-05, 5.607104321825318e-05], "lowlevel.erbbands.stdev": [1.216739535331726, 6.632194519042969, 14.402753829956055, 16.150800704956055, 21.05272674560547, 24.91629409790039, 32.16942596435547, 41.80024337768555, 48.392086029052734, 54.73163986206055, 71.06520080566406, 97.09872436523438, 114.55143737792969, 84.25318908691406, 49.21834182739258, 76.84407806396484, 60.49360656738281, 56.57571792602539, 41.97209930419922, 75.76580810546875, 64.43238830566406, 79.10140991210938, 43.03017044067383, 20.299318313598633, 17.00383949279785, 18.30036735534668, 18.43061637878418, 13.378293991088867, 15.67830753326416, 14.670666694641113, 8.20153522491455, 4.1644487380981445, 2.9656176567077637, 1.5643491744995117, 0.6692076325416565, 0.29067370295524597, 0.055737171322107315, 0.0037715230137109756, 8.94752811291255e-05, 3.977775122621097e-05], "lowlevel.gfcc.mean": [-23.582199096679688, 107.58706665039062, -118.48390197753906, 45.189632415771484, -53.89527130126953, 16.692157745361328, -34.45173263549805, 4.796515464782715, -18.97296142578125, -3.2361679077148438, -13.147055625915527, 1.7264221906661987, -5.0979766845703125], "lowlevel.melbands.mean": [0.005857440643012524, 0.004451455548405647, 0.0017176425317302346, 0.0007939428905956447, 0.0004802459152415395, 0.00047124692355282605, 0.0003464394249022007, 0.00020112533820793033, 0.0001810092944651842, 0.0002231572289019823, 0.00022713240468874574, 0.0001229265471920371, 4.932299634674564e-05, 6.652377487625927e-05, 6.84151891618967e-05, 3.873359310091473e-05, 4.057862315676175e-05, 3.3766409615054727e-05, 2.6590143534122035e-05, 4.072619412909262e-05, 3.2095194910652936e-05, 3.212832598364912e-05, 2.7659856641548686e-05, 1.7433849279768765e-05, 1.0043131624115631e-05, 7.672278115933295e-06, 7.272483344422653e-06, 7.374960659944918e-06, 6.571833182533737e-06, 4.88644673168892e-06, 3.7385025279945694e-06, 4.662665560317691e-06, 5.116654847370228e-06, 4.29147030445165e-06, 2.6640416308509884e-06, 1.4473653209279291e-06, 1.0228694691249984e-06, 9.438493862035102e-07, 7.897542104728927e-07, 5.65124310014653e-07], "lowlevel.melbands.stdev": [0.009702055715024471, 0.006396424025297165, 0.0027953563258051872, 0.0015747487777844071, 0.001031707040965557, 0.00089209497673437, 0.0006957712466828525, 0.0006608983385376632, 0.0005646612262353301, 0.0007015985902398825, 0.0005948477191850543, 0.0003849015920422971, 0.0001340062590315938, 0.0002545886964071542, 0.00021743819524999708, 0.000131013264763169, 0.00012044729373883456, 8.179764699889347e-05, 6.528569792862982e-05, 0.00015441319555975497, 6.754064816050231e-05, 8.340975909959525e-05, 6.155698793008924e-05, 3.564151847967878e-05, 1.6260471966234036e-05, 1.354235519102076e-05, 1.248408716492122e-05, 1.249621436727466e-05, 1.2470201909309253e-05, 9.693610991234891e-06, 7.210185685835313e-06, 8.670848728797864e-06, 9.740472705743741e-06, 7.978391295182519e-06, 5.173886620468693e-06, 3.1977647267922293e-06, 2.3472737211704953e-06, 2.165321120628505e-06, 1.7524931763546192e-06, 1.2100285857741255e-06], "lowlevel.melbands128.mean": [0.0004624463035725057, 0.004135743714869022, 0.008922708220779896, 0.007773843128234148, 0.003977922722697258, 0.002136673079803586, 0.002209199359640479, 0.0016315773827955127, 0.0009424557792954147, 0.000855791789945215, 0.0006165950326249003, 0.00045346200931817293, 0.0005003646365366876, 0.00043008680222555995, 0.0004156587820034474, 0.0005463000270538032, 0.0004958010395057499, 0.000295034988084808, 0.0001863159122876823, 0.00016862836491782218, 0.0002391205489402637, 0.00021489297796506435, 0.00016486264939885587, 0.00016108903218992054, 0.00015370991604868323, 0.0002773084561340511, 0.00032142834970727563, 0.0001831415283959359, 0.00019776885164901614, 0.0001672503276495263, 8.726063970243558e-05, 5.778934428235516e-05, 3.215744436602108e-05, 5.067803067504428e-05, 8.049911411944777e-05, 6.021728040650487e-05, 6.365940498653799e-05, 8.419226651312783e-05, 6.270580342970788e-05, 3.6430530599318445e-05, 3.882736564264633e-05, 3.096622822340578e-05, 3.7423345929710194e-05, 5.0193521019537e-05, 3.941634713555686e-05, 3.19847822538577e-05, 2.381930607953109e-05, 2.7770965971285477e-05, 2.467508784320671e-05, 3.18836719088722e-05, 4.661835191654973e-05, 4.379116217023693e-05, 4.134152186452411e-05, 2.0706766008515842e-05, 2.564845999586396e-05, 3.253657996538095e-05, 4.1256182157667354e-05, 2.8844653570558876e-05, 2.470979598001577e-05, 2.1056765035609715e-05, 1.8553142581367865e-05, 1.3145004231773783e-05, 1.1307935892546084e-05, 8.718368007976096e-06, 8.582418558944482e-06, 7.873071808717214e-06, 6.98172379998141e-06, 6.877421583340038e-06, 7.226468824228505e-06, 8.300406989292242e-06, 6.834887244622223e-06, 7.325595106522087e-06, 7.469478077837266e-06, 6.441500772780273e-06, 5.5688565225864295e-06, 5.199250153964385e-06, 4.5677352318307385e-06, 3.78575941795134e-06, 3.578328914954909e-06, 3.563010977813974e-06, 4.4995167627348565e-06, 5.079611582914367e-06, 5.3052262956043705e-06, 5.611960659734905e-06, 4.3610807551885955e-06, 4.389104105939623e-06, 4.5182573558122385e-06, 3.625022827691282e-06, 2.495851504136226e-06, 2.1079310954519315e-06, 1.574377279212058e-06, 1.343402459497156e-06, 1.048299168360245e-06, 1.0420519629406044e-06, 9.724855090098572e-07, 9.136661560660286e-07, 9.955666655514506e-07, 9.002383762890531e-07, 7.913679951343511e-07, 7.300539550669782e-07, 6.993824968049012e-07, 5.18525155257521e-07, 4.4557967271430243e-07, 3.7275358977240103e-07, 3.510243971049931e-07, 2.9063028250675416e-07, 2.624171600018599e-07, 2.42254714066803e-07, 2.0605543227247836e-07, 1.7475817060130794e-07, 1.2850918551521318e-07, 8.567650411350769e-08, 6.079884684595527e-08, 4.0246082022576957e-08, 1.7409709229809778e-08, 8.450244060043133e-09, 2.3277191285586696e-09, 1.5570283951049646e-10, 1.271355069831781e-11, 1.0652020064616519e-11, 8.926173168666285e-12, 7.329265666600193e-12, 6.97715626593598e-12, 6.8078420505102155e-12, 6.51851359348421e-12, 6.150102996316242e-12, 5.95175644879653e-12, 5.8984817898066755e-12], "lowlevel.melbands128.stdev": [0.0012559600872918963, 0.010309704579412937, 0.015254366211593151, 0.010377202183008194, 0.00822144839912653, 0.005813563708215952, 0.0035206929314881563, 0.0029986912850290537, 0.0022895950824022293, 0.0018053957028314471, 0.0015114408452063799, 0.0012103916378691792, 0.0013749764766544104, 0.0012379966210573912, 0.0011368392733857036, 0.0013664989965036511, 0.0011215946869924664, 0.0008620573789812624, 0.0008180559962056577, 0.0007320436416193843, 0.0010698346886783838, 0.0009832493960857391, 0.0006767287850379944, 0.0007219124236144125, 0.0007910104468464851, 0.0010868589160963893, 0.0013763358583673835, 0.0006432519294321537, 0.0007566577987745404, 0.0007002619095146656, 0.00040690042078495026, 0.00021638083853758872, 0.00010871142876567319, 0.00022297256509773433, 0.0004345637862570584, 0.0003243743267375976, 0.0002858865191228688, 0.0003455409314483404, 0.00025645471760071814, 0.00015163062198553234, 0.00020658352877944708, 0.00013152245082892478, 0.000142161370604299, 0.00021179241593927145, 0.00014588999329134822, 0.00011390601866878569, 7.626799924764782e-05, 8.749884000280872e-05, 8.287221135105938e-05, 0.00018171753617934883, 0.00025528116384521127, 0.00015449710190296173, 0.00012770522153005004, 5.8151686971541494e-05, 7.224485307233408e-05, 0.00010819279123097658, 0.00016588576545473188, 0.0001268792839255184, 5.743760266341269e-05, 5.507591413334012e-05, 5.687836528522894e-05, 2.7519139621290378e-05, 2.1529613150050864e-05, 1.6251016859314404e-05, 1.8062944945995696e-05, 1.7740259863785468e-05, 1.3627731277665589e-05, 1.3381703865888994e-05, 1.4124801964499056e-05, 1.56871865328867e-05, 1.2987532500119414e-05, 1.553416768729221e-05, 1.4346797797770705e-05, 1.4698175618832465e-05, 1.2673999663093127e-05, 1.139188498200383e-05, 9.825516826822422e-06, 8.194270776584744e-06, 7.355175966949901e-06, 7.698296030866913e-06, 9.418326044396963e-06, 9.763914931681938e-06, 1.0641023436619435e-05, 1.180558047053637e-05, 9.67669711826602e-06, 8.59415467857616e-06, 9.102694093598984e-06, 7.237299087137217e-06, 5.132818387210136e-06, 4.98477629662375e-06, 3.500133288980578e-06, 3.486466766844387e-06, 2.526463049434824e-06, 2.548860720708035e-06, 2.425928869342897e-06, 2.2294343580142595e-06, 2.4222756564995507e-06, 2.3990846784727182e-06, 1.9288415842311224e-06, 1.608809952813317e-06, 1.5778715578562696e-06, 1.18861862574704e-06, 1.0234823548671557e-06, 8.645060916023795e-07, 9.193601044898969e-07, 6.924228159732593e-07, 6.221263220140827e-07, 5.761398824688513e-07, 6.430386179090419e-07, 4.941535962643684e-07, 3.388132370218955e-07, 2.2708012181738013e-07, 1.7278166808409878e-07, 1.1779025044234004e-07, 5.48066800831748e-08, 4.246303220156733e-08, 1.6832252924814384e-08, 2.659395814674781e-09, 7.262334483781885e-11, 5.931618390908611e-11, 4.90682772191775e-11, 2.1401085764649608e-11, 1.9869324935362087e-11, 1.8337871152129814e-11, 1.4464137353120687e-11, 1.0375570194676165e-11, 9.39629190427338e-12, 9.299790972028266e-12], "lowlevel.mfcc.mean": [-663.3870849609375, 127.309326171875, 0.5056425333023071, 32.08365249633789, 7.328621864318848, 13.833175659179688, -1.703306794166565, 9.73846435546875, 0.0983203873038292, -2.83701491355896, -0.8842293620109558, -3.0846917629241943, 2.785059928894043], "lowlevel.spectral_contrast_coeffs.mean": [-0.6838024854660034, -0.7314273715019226, -0.7688737511634827, -0.792020857334137, -0.7964556813240051, -0.7312952280044556], "lowlevel.spectral_contrast_coeffs.stdev": [0.08558357506990433, 0.10355809330940247, 0.09252262115478516, 0.07019607722759247, 0.049633435904979706, 0.049394089728593826], "lowlevel.spectral_contrast_valleys.mean": [-6.777429103851318, -7.111791133880615, -7.504934310913086, -7.7324628829956055, -7.721527099609375, -10.826947212219238], "lowlevel.spectral_contrast_valleys.stdev": [1.2324844598770142, 0.7104579210281372, 0.7392426133155823, 0.7820823192596436, 1.0274726152420044, 1.3518059253692627], "rhythm.beats_loudness_band_ratio.mean": [0.6895565986633301, 0.06917264312505722, 0.10036622732877731, 0.037936922162771225, 0.06539557874202728, 0.05924646183848381], "rhythm.beats_loudness_band_ratio.stdev": [0.23860065639019012, 0.08795012533664703, 0.1588737517595291, 0.045065343379974365, 0.07001705467700958, 0.0692804604768753], "tonal.hpcp.mean": [0.07325835525989532, 0.05629631504416466, 0.045718345791101456, 0.0708029568195343, 0.07533884048461914, 0.05235985293984413, 0.040882185101509094, 0.0324639268219471, 0.04580695927143097, 0.06410659849643707, 0.054955918341875076, 0.09285677224397659, 0.22064626216888428, 0.18296131491661072, 0.05322658270597458, 0.040360987186431885, 0.05642907693982124, 0.22179239988327026, 0.3921268880367279, 0.25071024894714355, 0.07373946160078049, 0.051394399255514145, 0.041795097291469574, 0.05362263321876526, 0.08214305341243744, 0.08131908625364304, 0.06865616142749786, 0.07447508722543716, 0.07396084070205688, 0.07176020741462708, 0.07081296294927597, 0.060586318373680115, 0.09440471976995468, 0.1546272188425064, 0.14081120491027832, 0.09221675246953964], "tonal.hpcp.stdev": [0.2109786868095398, 0.18440689146518707, 0.14307749271392822, 0.15200673043727875, 0.15694350004196167, 0.15257786214351654, 0.14496906101703644, 0.12254026532173157, 0.1497998833656311, 0.1826474517583847, 0.1536564826965332, 0.1934865117073059, 0.3565928041934967, 0.31520554423332214, 0.1316523402929306, 0.12908115983009338, 0.15035158395767212, 0.2955736815929413, 0.44568681716918945, 0.30745968222618103, 0.1654379665851593, 0.15717686712741852, 0.14701618254184723, 0.14155739545822144, 0.19378584623336792, 0.19202226400375366, 0.18107475340366364, 0.20252326130867004, 0.19662217795848846, 0.1762058436870575, 0.1708098202943802, 0.14733009040355682, 0.20171138644218445, 0.26858243346214294, 0.25599128007888794, 0.21674886345863342], "rhythm.beats_position": [0.6733786463737488, 1.3467572927474976, 2.0317459106445312, 2.7167346477508545, 3.4017233848571777, 4.0634918212890625, 4.702040672302246, 5.34058952331543, 5.967528343200684, 6.5944671630859375, 7.221405982971191, 7.859954357147217, 8.486893653869629, 9.125441551208496, 9.75238037109375, 10.379319190979004, 11.017868041992188, 11.656416893005371, 12.283355712890625, 12.910294532775879, 13.537233352661133, 14.175782203674316, 14.8143310546875, 15.441269874572754, 16.068208694458008, 16.695146560668945, 17.333696365356445, 17.972244262695312, 18.599184036254883, 19.22612190246582, 19.86467170715332, 20.514829635620117, 21.153377532958984], "rhythm.bpm_histogram": [0.0, 0.0, 0.0, 0.0, 0.0, 0.0, 0.0, 0.0, 0.0, 0.0, 0.0, 0.0, 0.0, 0.0, 0.0, 0.0, 0.0, 0.0, 0.0, 0.0, 0.0, 0.0, 0.0, 0.0, 0.0, 0.0, 0.0, 0.0, 0.0, 0.0, 0.0, 0.0, 0.0, 0.0, 0.0, 0.0, 0.0, 0.0, 0.0, 0.0, 0.0, 0.0, 0.0, 0.0, 0.0, 0.0, 0.0, 0.0, 0.0, 0.0, 0.0, 0.0, 0.0, 0.0, 0.0, 0.0, 0.0, 0.0, 0.0, 0.0, 0.0, 0.0, 0.0, 0.0, 0.0, 0.0, 0.0, 0.0, 0.0, 0.0, 0.0, 0.0, 0.0, 0.0, 0.0, 0.0, 0.0, 0.0, 0.0, 0.0, 0.0, 0.0, 0.0, 0.0, 0.0, 0.0, 0.0, 0.0, 0.09375, 0.03125, 0.0, 0.03125, 0.03125, 0.0, 0.375, 0.0, 0.4375, 0.0, 0.0, 0.0, 0.0, 0.0, 0.0, 0.0, 0.0, 0.0, 0.0, 0.0, 0.0, 0.0, 0.0, 0.0, 0.0, 0.0, 0.0, 0.0, 0.0, 0.0, 0.0, 0.0, 0.0, 0.0, 0.0, 0.0, 0.0, 0.0, 0.0, 0.0, 0.0, 0.0, 0.0, 0.0, 0.0, 0.0, 0.0, 0.0, 0.0, 0.0, 0.0, 0.0, 0.0, 0.0, 0.0, 0.0, 0.0, 0.0, 0.0, 0.0, 0.0, 0.0, 0.0, 0.0, 0.0, 0.0, 0.0, 0.0, 0.0, 0.0, 0.0, 0.0, 0.0, 0.0, 0.0, 0.0, 0.0, 0.0, 0.0, 0.0, 0.0, 0.0, 0.0, 0.0, 0.0, 0.0, 0.0, 0.0, 0.0, 0.0, 0.0, 0.0, 0.0, 0.0, 0.0, 0.0, 0.0, 0.0, 0.0, 0.0, 0.0, 0.0, 0.0, 0.0, 0.0, 0.0, 0.0, 0.0, 0.0, 0.0, 0.0, 0.0, 0.0, 0.0, 0.0, 0.0, 0.0, 0.0, 0.0, 0.0, 0.0, 0.0, 0.0, 0.0, 0.0, 0.0, 0.0, 0.0, 0.0, 0.0, 0.0, 0.0, 0.0, 0.0, 0.0, 0.0, 0.0, 0.0, 0.0, 0.0, 0.0, 0.0, 0.0, 0.0, 0.0, 0.0, 0.0, 0.0, 0.0, 0.0, 0.0, 0.0, 0.0, 0.0, 0.0, 0.0, 0.0, 0.0, 0.0, 0.0, 0.0, 0.0], "tonal.chords_histogram": [32.976444244384766, 7.708779335021973, 9.635973930358887, 0.0, 0.0, 0.0, 0.0, 0.0, 0.0, 0.0, 0.0, 0.0, 0.0, 0.6423982977867126, 0.0, 0.21413275599479675, 0.0, 0.856531023979187, 4.282655239105225, 3.8543896675109863, 1.713062047958374, 0.0, 38.115631103515625, 0.0], "tonal.thpcp": [1.0, 0.6393600106239319, 0.18805000185966492, 0.1310657411813736, 0.10658564418554306, 0.13674816489219666, 0.20948079228401184, 0.2073795199394226, 0.1750865876674652, 0.18992598354816437, 0.18861456215381622, 0.1830025166273117, 0.18058685958385468, 0.15450692176818848, 0.24075043201446533, 0.3943295478820801, 0.3590960204601288, 0.23517069220542908, 0.18682308495044708, 0.1435665786266327, 0.11659069359302521, 0.18056133389472961, 0.1921287328004837, 0.13352783024311066, 0.10425753891468048, 0.0827893391251564, 0.1168166771531105, 0.16348432004451752, 0.14014829695224762, 0.236802875995636, 0.5626909732818604, 0.46658700704574585, 0.13573816418647766, 0.10292838513851166, 0.1439051479101181, 0.565613865852356], "lowlevel.gfcc.cov": [[6793.19140625, -1627.69384765625, -102.07357025146484, 984.1647338867188, -162.69923400878906, 648.0404052734375, 16.687395095825195, 420.06219482421875, -97.50439453125, 176.31134033203125, -217.53753662109375, 136.90731811523438, -299.9338073730469], [-1627.69384765625, 2569.70849609375, 681.4544067382812, -250.12472534179688, 792.3275146484375, 54.268409729003906, 489.20501708984375, -176.79177856445312, 280.5460510253906, -149.4298858642578, 313.1002197265625, -229.97332763671875, 170.11988830566406], [-102.07357025146484, 681.4544067382812, 1346.3907470703125, 425.1990051269531, 434.6781005859375, 349.40301513671875, 243.70904541015625, 42.651973724365234, -74.10015869140625, 63.1994743347168, 69.92866516113281, -57.76468276977539, -76.79764556884766], [984.1647338867188, -250.12472534179688, 425.1990051269531, 712.7877197265625, 175.3485870361328, 184.4741973876953, 63.40217971801758, 100.17085266113281, -4.783970832824707, 59.563331604003906, 11.843827247619629, 11.308952331542969, -65.7667007446289], [-162.69923400878906, 792.3275146484375, 434.6781005859375, 175.3485870361328, 672.2097778320312, 235.1254425048828, 309.3315734863281, 52.1984748840332, 159.36590576171875, 14.570456504821777, 139.50357055664062, -44.1306037902832, 45.58714294433594], [648.0404052734375, 54.268409729003906, 349.40301513671875, 184.4741973876953, 235.1254425048828, 400.4690856933594, 222.62030029296875, 72.77836608886719, -22.277029037475586, 48.99437713623047, 1.1805633306503296, -32.694942474365234, -68.17528533935547], [16.687395095825195, 489.20501708984375, 243.70904541015625, 63.40217971801758, 309.3315734863281, 222.62030029296875, 393.27557373046875, 71.98394775390625, 106.27439880371094, -13.606197357177734, 82.47269439697266, -54.791053771972656, 21.455402374267578], [420.06219482421875, -176.79177856445312, 42.651973724365234, 100.17085266113281, 52.1984748840332, 72.77836608886719, 71.98394775390625, 203.3206024169922, 101.44620513916016, 51.19866180419922, -0.48477163910865784, 39.17427062988281, -16.26101303100586], [-97.50439453125, 280.5460510253906, -74.10015869140625, -4.783970832824707, 159.36590576171875, -22.277029037475586, 106.27439880371094, 101.44620513916016, 266.1889343261719, 35.58324432373047, 79.35480499267578, -0.3245287239551544, 62.85179138183594], [176.31134033203125, -149.4298858642578, 63.1994743347168, 59.563331604003906, 14.570456504821777, 48.99437713623047, -13.606197357177734, 51.19866180419922, 35.58324432373047, 134.7661590576172, 37.65092086791992, 49.740257263183594, -21.667125701904297], [-217.53753662109375, 313.1002197265625, 69.92866516113281, 11.843827247619629, 139.50357055664062, 1.1805633306503296, 82.47269439697266, -0.48477163910865784, 79.35480499267578, 37.65092086791992, 172.8939666748047, 50.892486572265625, 58.094844818115234], [136.90731811523438, -229.97332763671875, -57.76468276977539, 11.308952331542969, -44.1306037902832, -32.694942474365234, -54.791053771972656, 39.17427062988281, -0.3245287239551544, 49.740257263183594, 50.892486572265625, 169.65675354003906, 46.07308578491211], [-299.9338073730469, 170.11988830566406, -76.79764556884766, -65.7667007446289, 45.58714294433594, -68.17528533935547, 21.455402374267578, -16.26101303100586, 62.85179138183594, -21.667125701904297, 58.094844818115234, 46.07308578491211, 120.75933074951172]], "lowlevel.gfcc.icov": [[0.0003210204013157636, -0.00019389933731872588, 0.0003634512540884316, -0.0005185355548746884, 0.00025194877525791526, -0.0006919042207300663, 0.0001791309186955914, -0.0004725888720713556, 0.00013893151481170207, -5.346818579710089e-05, 0.0003103344060946256, -0.00044369479292072356, 0.0003761142143048346], [-0.00019389933731872588, 0.0024891493376344442, -0.0015748082660138607, 0.0016353706596419215, -0.0014202359598129988, 0.0011734983418136835, -0.0007979862857609987, 0.0023159445263445377, -0.0020718774758279324, 0.002177214017137885, -0.0027112094685435295, 0.00226681143976748, -0.000538319640327245], [0.0003634512540884316, -0.0015748082660138607, 0.002543058944866061, -0.0018130441894754767, 0.00030236723250709474, -0.001400681328959763, 0.0003657100605778396, -0.0019443747587502003, 0.0024458076804876328, -0.0018755190540105104, 0.0013769239885732532, -0.0011057475348934531, 0.0006693742470815778], [-0.0005185355548746884, 0.0016353706596419215, -0.0018130441894754767, 0.003552579553797841, -0.0014021776150912046, 0.0011214405531063676, -0.00013837366714142263, 0.0011333561269566417, -0.0013438492314890027, 0.0013944575330242515, -0.0020308331586420536, 0.001561813405714929, -0.0001395894942106679], [0.00025194877525791526, -0.0014202359598129988, 0.00030236723250709474, -0.0014021776150912046, 0.0044954996556043625, -0.0023690983653068542, -0.00023154381779022515, -0.0006997861783020198, -0.0008080072584562004, -0.00036611282848753035, 0.00024109514197334647, -0.0009855851531028748, -0.00041756450082175434], [-0.0006919042207300663, 0.0011734983418136835, -0.001400681328959763, 0.0011214405531063676, -0.0023690983653068542, 0.008310617879033089, -0.004192797001451254, 0.0009186560637317598, 0.0014730659313499928, -0.0019392080139368773, 0.0003976876032538712, 0.0011847520945593715, 0.0010451237903907895], [0.0001791309186955914, -0.0007979862857609987, 0.0003657100605778396, -0.00013837366714142263, -0.00023154381779022515, -0.004192797001451254, 0.007215517107397318, -0.002669790294021368, -0.0005168167408555746, 0.0020985640585422516, -0.00191780598834157, 0.0012441417202353477, -0.0011013896437361836], [-0.0004725888720713556, 0.0023159445263445377, -0.0019443747587502003, 0.0011333561269566417, -0.0006997861783020198, 0.0009186560637317598, -0.002669790294021368, 0.012491000816226006, -0.007280196528881788, 0.0012546232901513577, 0.0006981911137700081, -0.0022129262797534466, 0.0024061184376478195], [0.00013893151481170207, -0.0020718774758279324, 0.0024458076804876328, -0.0013438492314890027, -0.0008080072584562004, 0.0014730659313499928, -0.0005168167408555746, -0.007280196528881788, 0.01171902660280466, -0.005287160165607929, 0.0002847403520718217, 0.0020643766038119793, -0.0036371301393955946], [-5.346818579710089e-05, 0.002177214017137885, -0.0018755190540105104, 0.0013944575330242515, -0.00036611282848753035, -0.0019392080139368773, 0.0020985640585422516, 0.0012546232901513577, -0.005287160165607929, 0.01484717521816492, -0.005720036569982767, -0.00154107843991369, 0.003961755894124508], [0.0003103344060946256, -0.0027112094685435295, 0.0013769239885732532, -0.0020308331586420536, 0.00024109514197334647, 0.0003976876032538712, -0.00191780598834157, 0.0006981911137700081, 0.0002847403520718217, -0.005720036569982767, 0.014687319286167622, -0.0064607420936226845, -0.0008472091285511851], [-0.00044369479292072356, 0.00226681143976748, -0.0011057475348934531, 0.001561813405714929, -0.0009855851531028748, 0.0011847520945593715, 0.0012441417202353477, -0.0022129262797534466, 0.0020643766038119793, -0.00154107843991369, -0.0064607420936226845, 0.014090411365032196, -0.007244846783578396], [0.0003761142143048346, -0.000538319640327245, 0.0006693742470815778, -0.0001395894942106679, -0.00041756450082175434, 0.0010451237903907895, -0.0011013896437361836, 0.0024061184376478195, -0.0036371301393955946, 0.003961755894124508, -0.0008472091285511851, -0.007244846783578396, 0.017366021871566772]], "lowlevel.mfcc.cov": [[7270.32958984375, -2348.826904296875, -3.7374889850616455, 252.8758087158203, 34.0145149230957, 174.10617065429688, 51.77705001831055, 273.06414794921875, 104.22528076171875, 128.365234375, 139.38719177246094, 20.284915924072266, -26.782630920410156], [-2348.826904296875, 2810.078125, 164.55784606933594, -7.857156276702881, 283.6077880859375, 272.8753662109375, 308.28302001953125, 116.86713409423828, 88.97793579101562, 151.13534545898438, 97.77362823486328, 102.88243865966797, 51.31419372558594], [-3.7374889850616455, 164.55784606933594, 906.8943481445312, 239.61720275878906, 174.39480590820312, 218.09976196289062, 282.92669677734375, 57.70766067504883, 18.59292984008789, 47.49369430541992, 36.680240631103516, 83.42355346679688, -2.84667706489563], [252.8758087158203, -7.857156276702881, 239.61720275878906, 427.5528869628906, 191.67855834960938, 102.63059997558594, 102.69706726074219, 82.4273452758789, 57.41819381713867, 29.620216369628906, 36.45976638793945, 90.93263244628906, 51.79258346557617], [34.0145149230957, 283.6077880859375, 174.39480590820312, 191.67855834960938, 335.8757629394531, 159.4191131591797, 140.13253784179688, 90.99373626708984, 74.06713104248047, 75.64554595947266, 52.51783752441406, 85.96480560302734, 58.04243087768555], [174.10617065429688, 272.8753662109375, 218.09976196289062, 102.63059997558594, 159.4191131591797, 327.9366760253906, 258.1459045410156, 99.72765350341797, 57.322261810302734, 98.70571899414062, 71.25118255615234, 31.425508499145508, -0.17636775970458984], [51.77705001831055, 308.28302001953125, 282.92669677734375, 102.69706726074219, 140.13253784179688, 258.1459045410156, 359.72625732421875, 137.78274536132812, 50.72392654418945, 92.81475067138672, 68.2752456665039, 45.02505111694336, 10.777477264404297], [273.06414794921875, 116.86713409423828, 57.70766067504883, 82.4273452758789, 90.99373626708984, 99.72765350341797, 137.78274536132812, 196.5554962158203, 103.45381927490234, 75.74185180664062, 68.79837036132812, 40.780670166015625, 36.85257339477539], [104.22528076171875, 88.97793579101562, 18.59292984008789, 57.41819381713867, 74.06713104248047, 57.322261810302734, 50.72392654418945, 103.45381927490234, 157.2217254638672, 96.53688049316406, 58.50967025756836, 31.49795913696289, 23.486820220947266], [128.365234375, 151.13534545898438, 47.49369430541992, 29.620216369628906, 75.64554595947266, 98.70571899414062, 92.81475067138672, 75.74185180664062, 96.53688049316406, 169.94056701660156, 94.4367446899414, 29.437009811401367, 4.351533889770508], [139.38719177246094, 97.77362823486328, 36.680240631103516, 36.45976638793945, 52.51783752441406, 71.25118255615234, 68.2752456665039, 68.79837036132812, 58.50967025756836, 94.4367446899414, 129.00518798828125, 55.807952880859375, 29.707557678222656], [20.284915924072266, 102.88243865966797, 83.42355346679688, 90.93263244628906, 85.96480560302734, 31.425508499145508, 45.02505111694336, 40.780670166015625, 31.49795913696289, 29.437009811401367, 55.807952880859375, 133.20933532714844, 70.5154037475586], [-26.782630920410156, 51.31419372558594, -2.84667706489563, 51.79258346557617, 58.04243087768555, -0.17636775970458984, 10.777477264404297, 36.85257339477539, 23.486820220947266, 4.351533889770508, 29.707557678222656, 70.5154037475586, 128.4824676513672]], "lowlevel.mfcc.icov": [[0.00023931470059324056, 0.00023450011212844402, 3.319678216939792e-05, -3.423740417929366e-05, -3.261153324274346e-05, -0.00026754706050269306, 0.00016526416584383696, -0.00045478978427127004, 0.00020983067224733531, -0.0001721738080959767, -7.783887122059241e-05, -0.000102262943983078, 0.00014331315469462425], [0.00023450011212844402, 0.0006645419634878635, 7.436206215061247e-05, 0.0002194163535023108, -0.0003554880677256733, -0.00032005703542381525, -0.0001361851900583133, -0.0003343155258335173, 0.00015519211592618376, -0.00028369136271066964, -1.9698300093295984e-05, -0.0003259704099036753, 0.00012883743329439312], [3.319678216939792e-05, 7.436206215061247e-05, 0.0017653679242357612, -0.0006551721598953009, -0.00013073826266918331, -8.350144344149157e-05, -0.0014144564047455788, 0.0007110612350516021, -4.2231495172018185e-05, 0.0001444804365746677, 0.00016600282106082886, -0.0007942800875753164, 0.0006544538773596287], [-3.423740417929366e-05, 0.0002194163535023108, -0.0006551721598953009, 0.0038460255600512028, -0.0016214983770623803, -0.00021635944722220302, 0.00027609014068730175, -0.0006487336358986795, -0.0005077555542811751, 0.0007202616543509066, 0.00021798016678076237, -0.0012852947693318129, -4.108388384338468e-05], [-3.261153324274346e-05, -0.0003554880677256733, -0.00013073826266918331, -0.0016214983770623803, 0.005801428109407425, -0.0018509229412302375, 0.0003697265055961907, -0.00028606419800780714, -0.0005247081280685961, -0.0010953915771096945, 0.0013583656400442123, -0.001462773303501308, -0.0011646387865766883], [-0.00026754706050269306, -0.00032005703542381525, -8.350144344149157e-05, -0.00021635944722220302, -0.0018509229412302375, 0.008680940605700016, -0.005348279606550932, 0.001506370143033564, -0.0006532522384077311, -0.00044606695882976055, -0.0015990680549293756, 0.0015448566991835833, 0.0006784467841498554], [0.00016526416584383696, -0.0001361851900583133, -0.0014144564047455788, 0.00027609014068730175, 0.0003697265055961907, -0.005348279606550932, 0.009434552863240242, -0.004971317946910858, 0.0028289402835071087, -0.001639567781239748, 0.0008576475083827972, -0.0005612540408037603, 5.448890078696422e-05], [-0.00045478978427127004, -0.0003343155258335173, 0.0007110612350516021, -0.0006487336358986795, -0.00028606419800780714, 0.001506370143033564, -0.004971317946910858, 0.012556146830320358, -0.006682111416012049, 0.00202643102966249, -0.002596687525510788, 0.001031113788485527, -0.0015498207649216056], [0.00020983067224733531, 0.00015519211592618376, -4.2231495172018185e-05, -0.0005077555542811751, -0.0005247081280685961, -0.0006532522384077311, 0.0028289402835071087, -0.006682111416012049, 0.01412655133754015, -0.0068055703304708, 0.0012720746453851461, -0.00039093996747396886, -0.00033045560121536255], [-0.0001721738080959767, -0.00028369136271066964, 0.0001444804365746677, 0.0007202616543509066, -0.0010953915771096945, -0.00044606695882976055, -0.001639567781239748, 0.00202643102966249, -0.0068055703304708, 0.015008180402219296, -0.008189095184206963, 0.0011629002401605248, 0.0018317921785637736], [-7.783887122059241e-05, -1.9698300093295984e-05, 0.00016600282106082886, 0.00021798016678076237, 0.0013583656400442123, -0.0015990680549293756, 0.0008576475083827972, -0.002596687525510788, 0.0012720746453851461, -0.008189095184206963, 0.016933472827076912, -0.005268293898552656, -0.001014634734019637], [-0.000102262943983078, -0.0003259704099036753, -0.0007942800875753164, -0.0012852947693318129, -0.001462773303501308, 0.0015448566991835833, -0.0005612540408037603, 0.001031113788485527, -0.00039093996747396886, 0.0011629002401605248, -0.005268293898552656, 0.0147174634039402, -0.005803572945296764], [0.00014331315469462425, 0.00012883743329439312, 0.0006544538773596287, -4.108388384338468e-05, -0.0011646387865766883, 0.0006784467841498554, 5.448890078696422e-05, -0.0015498207649216056, -0.00033045560121536255, 0.0018317921785637736, -0.001014634734019637, -0.005803572945296764, 0.012177829630672932]], "metadata.audio_properties.analysis.downmix": "mix", "metadata.audio_properties.codec": "mp3", "metadata.audio_properties.md5_encoded": "d8cee2fdc99a81830a93a928f6ed9333", "metadata.tags.file_name": "1183705757565329428.mp3", "metadata.version.essentia": "2.1-beta6-dev", "metadata.version.essentia_git_sha": "v2.1_beta5-1110-g77a6a954", "metadata.version.extractor": "music 2.0", "tonal.chords_key": "C#", "tonal.chords_scale": "major", "tonal.key_edma.key": "Ab", "tonal.key_edma.scale": "major", "tonal.key_krumhansl.key": "Ab", "tonal.key_krumhansl.scale": "major", "tonal.key_temperley.key": "Ab", "tonal.key_temperley.scale": "major", "metadata.tags.encoding": ["Lavf58.45.100"]}, "essentia_models": [{"model_name": "genre_dortmund", "activations": {"alternative": "0.023180692", "blues": "0.008259845", "electronic": "0.013350695", "folkcountry": "0.0023053756", "funksoulrnb": "0.02442925", "jazz": "0.0009672257", "pop": "0.06683591", "raphiphop": "0.75842386", "rock": "0.16232821"}}, {"model_name": "genre_rosamerica", "activations": {"classic": "0.005660853", "dance": "0.017040027", "hip hop": "0.88871276", "jazz": "0.0024496454", "pop": "0.079357244", "rhythm and blues": "0.055273116", "rock": "0.04990306", "speech": "0.01