{"song_id": "1183709848253239368", "download": "https://cdn.discordapp.com/attachments/1128313332273782784/1183709848253239368/chirp.mp4?ex=658952b4&amp", "lyrics": "[Verse]\nIn the land of diversity and dreams\nA tale of Dronacharya, it seems\nA nexus formed between industry and education\nCreating paths for tech careers with innovation\n\n[Chorus]\nDronacharya, our guide, leading the way\nCrafting futures with drones, each passing day\nIndustry and education, hand in hand\nUnleashing potential, across the land", "style": ["Regular movements"], "essentia_features": {"lowlevel.average_loudness": 0.9242879748344421, "lowlevel.barkbands_crest.mean": 13.726569175720215, "lowlevel.barkbands_crest.stdev": 4.532726764678955, "lowlevel.barkbands_flatness_db.mean": 0.2518029510974884, "lowlevel.barkbands_flatness_db.stdev": 0.06679893285036087, "lowlevel.barkbands_kurtosis.mean": 22.840747833251953, "lowlevel.barkbands_kurtosis.stdev": 28.050100326538086, "lowlevel.barkbands_skewness.mean": 3.0941193103790283, "lowlevel.barkbands_skewness.stdev": 2.010850429534912, "lowlevel.barkbands_spread.mean": 9.392504692077637, "lowlevel.barkbands_spread.stdev": 15.933171272277832, "lowlevel.dissonance.mean": 0.39670515060424805, "lowlevel.dissonance.stdev": 0.05362577736377716, "lowlevel.dynamic_complexity": 3.9546096324920654, "lowlevel.erbbands_crest.mean": 14.061392784118652, "lowlevel.erbbands_crest.stdev": 5.641811370849609, "lowlevel.erbbands_flatness_db.mean": 0.22658830881118774, "lowlevel.erbbands_flatness_db.stdev": 0.05668244510889053, "lowlevel.erbbands_kurtosis.mean": 6.277089595794678, "lowlevel.erbbands_kurtosis.stdev": 9.421148300170898, "lowlevel.erbbands_skewness.mean": 1.6173259019851685, "lowlevel.erbbands_skewness.stdev": 1.4600193500518799, "lowlevel.erbbands_spread.mean": 26.236257553100586, "lowlevel.erbbands_spread.stdev": 25.76400375366211, "lowlevel.hfc.mean": 9.991666793823242, "lowlevel.hfc.stdev": 11.03508186340332, "lowlevel.loudness_ebu128.integrated": -16.4012393951416, "lowlevel.loudness_ebu128.loudness_range": 3.981747627258301, "lowlevel.loudness_ebu128.momentary.mean": -17.423810958862305, "lowlevel.loudness_ebu128.momentary.stdev": 3.1731085777282715, "lowlevel.loudness_ebu128.short_term.mean": -16.62192153930664, "lowlevel.loudness_ebu128.short_term.stdev": 1.4600412845611572, "lowlevel.melbands_crest.mean": 16.64103126525879, "lowlevel.melbands_crest.stdev": 4.803857326507568, "lowlevel.melbands_flatness_db.mean": 0.3218498229980469, "lowlevel.melbands_flatness_db.stdev": 0.07876747846603394, "lowlevel.melbands_kurtosis.mean": 29.041776657104492, "lowlevel.melbands_kurtosis.stdev": 31.890087127685547, "lowlevel.melbands_skewness.mean": 3.2737064361572266, "lowlevel.melbands_skewness.stdev": 2.032167911529541, "lowlevel.melbands_spread.mean": 9.811251640319824, "lowlevel.melbands_spread.stdev": 20.276514053344727, "lowlevel.pitch_salience.mean": 0.5136394500732422, "lowlevel.pitch_salience.stdev": 0.11705981194972992, "lowlevel.silence_rate_20dB.mean": 1.0, "lowlevel.silence_rate_20dB.stdev": 0.0, "lowlevel.silence_rate_30dB.mean": 0.9985632300376892, "lowlevel.silence_rate_30dB.stdev": 0.037877682596445084, "lowlevel.silence_rate_60dB.mean": 0.08692529052495956, "lowlevel.silence_rate_60dB.stdev": 0.2817225158214569, "lowlevel.spectral_centroid.mean": 561.0989990234375, "lowlevel.spectral_centroid.stdev": 553.35107421875, "lowlevel.spectral_complexity.mean": 7.543103218078613, "lowlevel.spectral_complexity.stdev": 3.979060411453247, "lowlevel.spectral_decrease.mean": -5.187483331781095e-09, "lowlevel.spectral_decrease.stdev": 4.8771924276991285e-09, "lowlevel.spectral_energy.mean": 0.02048502489924431, "lowlevel.spectral_energy.stdev": 0.019164077937602997, "lowlevel.spectral_energyband_high.mean": 0.0002134936657967046, "lowlevel.spectral_energyband_high.stdev": 0.000742889940738678, "lowlevel.spectral_energyband_low.mean": 0.0018166824011132121, "lowlevel.spectral_energyband_low.stdev": 0.0023725854698568583, "lowlevel.spectral_energyband_middle_high.mean": 0.0017272451659664512, "lowlevel.spectral_energyband_middle_high.stdev": 0.004233194515109062, "lowlevel.spectral_energyband_middle_low.mean": 0.017363036051392555, "lowlevel.spectral_energyband_middle_low.stdev": 0.017163176089525223, "lowlevel.spectral_entropy.mean": 6.455932140350342, "lowlevel.spectral_entropy.stdev": 0.7437376379966736, "lowlevel.spectral_flux.mean": 0.05373546481132507, "lowlevel.spectral_flux.stdev": 0.04100466147065163, "lowlevel.spectral_kurtosis.mean": 13.651385307312012, "lowlevel.spectral_kurtosis.stdev": 12.729723930358887, "lowlevel.spectral_rms.mean": 0.004020253662019968, "lowlevel.spectral_rms.stdev": 0.001955237938091159, "lowlevel.spectral_rolloff.mean": 869.2191162109375, "lowlevel.spectral_rolloff.stdev": 1658.8341064453125, "lowlevel.spectral_skewness.mean": 2.8750035762786865, "lowlevel.spectral_skewness.stdev": 1.222241759300232, "lowlevel.spectral_spread.mean": 4200205.5, "lowlevel.spectral_spread.stdev": 2280666.0, "lowlevel.spectral_strongpeak.mean": 1.0884019136428833, "lowlevel.spectral_strongpeak.stdev": 1.0586987733840942, "lowlevel.zerocrossingrate.mean": 0.03525552153587341, "lowlevel.zerocrossingrate.stdev": 0.04127972200512886, "metadata.audio_properties.analysis.equal_loudness": 0.0, "metadata.audio_properties.analysis.length": 32.29866027832031, "metadata.audio_properties.analysis.sample_rate": 44100.0, "metadata.audio_properties.analysis.start_time": 0.0, "metadata.audio_properties.bit_rate": 117850.0, "metadata.audio_properties.length": 32.298667907714844, "metadata.audio_properties.lossless": 0.0, "metadata.audio_properties.number_channels": 1.0, "metadata.audio_properties.replay_gain": -12.116823196411133, "metadata.audio_properties.sample_rate": 48000.0, "rhythm.beats_count": 72.0, "rhythm.beats_loudness.mean": 0.030116140842437744, "rhythm.beats_loudness.stdev": 0.024801980704069138, "rhythm.bpm": 136.78695678710938, "rhythm.bpm_histogram_first_peak_bpm": 136.0, "rhythm.bpm_histogram_first_peak_weight": 0.5641025304794312, "rhythm.bpm_histogram_second_peak_bpm": 129.0, "rhythm.bpm_histogram_second_peak_spread": 0.444444477558136, "rhythm.bpm_histogram_second_peak_weight": 0.14084507524967194, "rhythm.danceability": 1.184830665588379, "rhythm.onset_rate": 3.992501974105835, "tonal.chords_changes_rate": 0.03730272501707077, "tonal.chords_number_rate": 0.007173601072281599, "tonal.chords_strength.mean": 0.5613136887550354, "tonal.chords_strength.stdev": 0.07275526970624924, "tonal.hpcp_crest.mean": 18.371578216552734, "tonal.hpcp_crest.stdev": 7.77409553527832, "tonal.hpcp_entropy.mean": 1.4294966459274292, "tonal.hpcp_entropy.stdev": 0.6869197487831116, "tonal.key_edma.strength": 0.7852340340614319, "tonal.key_krumhansl.strength": 0.7945748567581177, "tonal.key_temperley.strength": 0.7969046831130981, "tonal.tuning_diatonic_strength": 0.7228537797927856, "tonal.tuning_equal_tempered_deviation": 0.01563611626625061, "tonal.tuning_frequency": 439.2381896972656, "tonal.tuning_nontempered_energy_ratio": 0.6356785893440247, "lowlevel.barkbands.mean": [1.5772230881339055e-06, 0.00011282037303317338, 0.0011556720128282905, 0.0016777539858594537, 0.007022213190793991, 0.0033737437333911657, 0.0027198512107133865, 0.0012009962229058146, 0.0012409210903570056, 0.0006117983139120042, 0.0002483883290551603, 0.0002549165510572493, 0.00014262455806601793, 0.00013314763782545924, 0.00014988816110417247, 6.991837290115654e-05, 5.498740938492119e-05, 6.8571389419958e-05, 2.0712188415927812e-05, 2.7387208319851197e-05, 2.0811176000279374e-05, 2.643598782015033e-05, 4.363663902040571e-05, 6.077417128835805e-05, 3.3474112569820136e-05, 1.1747492862923536e-05, 2.6841237854569044e-07], "lowlevel.barkbands.stdev": [3.0105381938483333e-06, 0.00025841809110715985, 0.0015774838393554091, 0.0023130723275244236, 0.008883405476808548, 0.007403023540973663, 0.0081309974193573, 0.004356048069894314, 0.0041231419891119, 0.0026529254391789436, 0.0012002100702375174, 0.0011316530872136354, 0.0005652717081829906, 0.0005392201128415763, 0.000484415446408093, 0.00021452305372804403, 0.000181138762854971, 0.00030465531744994223, 9.070878877537325e-05, 0.00014805597311351448, 9.225981193594635e-05, 0.00010044585360446945, 0.00023018757929094136, 0.0002659673918969929, 0.00012272736057639122, 4.76129753224086e-05, 1.6168473848665599e-06], "lowlevel.erbbands.mean": [0.0009908117353916168, 0.051122620701789856, 0.9296010136604309, 3.6811461448669434, 14.837138175964355, 23.69099998474121, 26.84332275390625, 30.452346801757812, 29.23549461364746, 41.440799713134766, 25.515989303588867, 30.53531265258789, 24.02220344543457, 14.691411972045898, 10.894685745239258, 7.417642593383789, 6.695186138153076, 5.662957668304443, 8.186543464660645, 5.972602367401123, 3.8986568450927734, 3.533454179763794, 3.761563777923584, 1.9613375663757324, 0.9287157654762268, 1.274505853652954, 1.1320871114730835, 0.6742303967475891, 0.8070616722106934, 1.275965929031372, 1.2537469863891602, 1.1159021854400635, 1.079903244972229, 0.5000762939453125, 0.17246657609939575, 0.06576249748468399, 0.01966720260679722, 0.002193199936300516, 6.063798355171457e-05, 2.5607276256778277e-05], "lowlevel.erbbands.stdev": [0.001547318766824901, 0.08532871305942535, 1.2345596551895142, 4.574154853820801, 20.340097427368164, 35.18364715576172, 53.56937789916992, 69.66009521484375, 69.61668395996094, 112.68669891357422, 84.43473052978516, 105.82012176513672, 87.0084457397461, 42.890499114990234, 59.96977233886719, 28.06468963623047, 26.845718383789062, 17.0634765625, 30.459224700927734, 16.061145782470703, 11.79193115234375, 12.266365051269531, 17.08601188659668, 7.86392879486084, 4.39339017868042, 7.033630847930908, 5.149454116821289, 2.954542398452759, 3.013512372970581, 5.451857089996338, 7.0518927574157715, 6.056124687194824, 4.216094970703125, 1.8167610168457031, 0.6834105849266052, 0.26671579480171204, 0.08392045646905899, 0.009181646630167961, 0.00021344347624108195, 2.2976775653660297e-05], "lowlevel.gfcc.mean": [-97.2925796508789, 119.84844207763672, -86.744384765625, 8.1887845993042, -72.83204650878906, 1.0830535888671875, -65.99054718017578, -9.770617485046387, -35.186279296875, -13.548053741455078, -19.170333862304688, -12.521772384643555, -11.284185409545898], "lowlevel.melbands.mean": [1.7633903553360142e-05, 0.00036045460728928447, 0.000973870512098074, 0.001420467859134078, 0.0009866764303296804, 0.0006443015299737453, 0.0005237295990809798, 0.0004371976829133928, 0.0001824124192353338, 0.0001982332905754447, 0.00011915564391529188, 6.427009793696925e-05, 3.293581903562881e-05, 3.329120227135718e-05, 1.0549271792115178e-05, 1.6238633179455064e-05, 9.948470506060403e-06, 1.3359819604374934e-05, 1.2844341654272284e-05, 5.186991074879188e-06, 4.018586423626402e-06, 3.765326482607634e-06, 3.484753733573598e-06, 2.7426738142821705e-06, 1.5185037227638531e-06, 6.260928557821899e-07, 7.12353994458681e-07, 8.844917260830698e-07, 7.87595411111397e-07, 5.008560606256651e-07, 3.587868775412062e-07, 4.1413616713725787e-07, 5.876665341020271e-07, 7.576024927402614e-07, 7.422177645821648e-07, 6.267926551117853e-07, 7.190678275037499e-07, 8.35100365748076e-07, 5.663289925905701e-07, 3.7072388181513816e-07], "lowlevel.melbands.stdev": [3.9759153878549114e-05, 0.00046585992095060647, 0.0010544004617258906, 0.0020102099515497684, 0.0016803517937660217, 0.001444907975383103, 0.0013234904035925865, 0.001112146768718958, 0.0006393765797838569, 0.0006947933579795063, 0.0004561239911708981, 0.00020319594477768987, 0.00016557006165385246, 0.00015071505913510919, 5.5896100093377754e-05, 6.288734584813938e-05, 3.468754584901035e-05, 5.9025689552072436e-05, 4.265592360752635e-05, 1.4950087461329531e-05, 1.3262045285955537e-05, 1.4873601685394533e-05, 1.4541833479597699e-05, 1.102962687582476e-05, 6.49236199024017e-06, 2.910171588155208e-06, 4.107919266971294e-06, 4.858850388700375e-06, 3.711041472342913e-06, 2.3219261038320838e-06, 1.5844343579374254e-06, 1.64149400916358e-06, 2.3740592496324098e-06, 3.3824587717390386e-06, 4.141146746405866e-06, 3.849167114822194e-06, 3.807408120337641e-06, 3.344186779941083e-06, 2.0395684714458184e-06, 1.3744124771619681e-06], "lowlevel.melbands128.mean": [8.15329826764355e-07, 1.260377302969573e-06, 9.966099241864868e-06, 7.48564925743267e-05, 0.0003132181300316006, 0.0006488829385489225, 0.0006008415366522968, 0.0010073893936350942, 0.0016444146167486906, 0.0014592689694836736, 0.0013194221537560225, 0.0012025939067825675, 0.0009917023126035929, 0.0005602518795058131, 0.0007055430905893445, 0.0007478824118152261, 0.00027395010692998767, 0.0004545491246972233, 0.0009372144704684615, 0.0003410132194403559, 0.0003223559178877622, 0.00033021499984897673, 0.00010736826516222209, 0.00010690542694646865, 0.0002025860594585538, 0.00027110447990708053, 0.00010628927702782676, 9.258797217626125e-05, 0.00015726973651908338, 4.695596362580545e-05, 5.825905464007519e-05, 3.5090266464976594e-05, 1.7466745703131892e-05, 3.7661291571566835e-05, 5.923516073380597e-05, 2.1693298549507745e-05, 1.0868489880522247e-05, 1.0755159564723726e-05, 6.939145350770559e-06, 1.947478813235648e-05, 1.9906401576008648e-05, 9.642511031415779e-06, 6.212725566001609e-06, 9.924548976414371e-06, 2.0512810806394555e-05, 9.906558261718601e-06, 9.844179658102803e-06, 2.15142426895909e-05, 9.37640834308695e-06, 2.9295981676114025e-06, 5.723969934479101e-06, 5.936497018410591e-06, 4.632510353985708e-06, 3.3283972697972786e-06, 2.4237556317530107e-06, 5.445701390272006e-06, 2.9732791517744772e-06, 1.9437461560301017e-06, 4.783200438396307e-06, 4.492211246542865e-06, 1.777877059794264e-06, 2.289190888404846e-06, 2.2302294837572845e-06, 1.1309305136819603e-06, 7.077419468259905e-07, 5.628245389743824e-07, 6.062252282390546e-07, 6.108412549110653e-07, 6.939130230421142e-07, 9.437139283363649e-07, 8.203980996768223e-07, 8.757303930906346e-07, 1.0187008001594222e-06, 7.09279674993013e-07, 6.306721616056166e-07, 5.816379484713252e-07, 4.205387540423544e-07, 2.91660484208478e-07, 3.759749915843713e-07, 3.73555053556629e-07, 4.301643912185682e-07, 3.9828975673117384e-07, 4.567742450944934e-07, 5.976149282105325e-07, 6.993166152824415e-07, 7.488582127734844e-07, 7.710441991548578e-07, 8.057340892264619e-07, 7.132573500712169e-07, 7.527455636591185e-07, 6.432853751903167e-07, 5.988485440866498e-07, 5.661968884851376e-07, 6.972351798140153e-07, 8.130264745886961e-07, 8.989611046672508e-07, 8.673301863382221e-07, 7.210558692349878e-07, 5.495075470207667e-07, 5.062768764219072e-07, 4.622123697117786e-07, 3.3956715128624637e-07, 2.7868418328580447e-07, 2.1239695513486367e-07, 1.7888834236146067e-07, 1.6148092640833056e-07, 1.4487827115772234e-07, 1.223489505264297e-07, 1.0264797367653955e-07, 1.1709276748206321e-07, 7.48032817909916e-08, 5.902970912075034e-08, 7.175250971158675e-08, 5.273410152994984e-08, 3.116906555078458e-08, 2.2068107341510768e-08, 9.451397886550694e-09, 2.223990991367941e-09, 2.512654806441361e-10, 3.594656256683537e-12, 3.21412080978023e-12, 3.1434132640589807e-12, 3.0856807994167346e-12, 3.0274754057868503e-12, 2.9578826367393507e-12, 2.8695804413225723e-12, 2.8173383764817927e-12, 2.7979103409125905e-12], "lowlevel.melbands128.stdev": [1.4708944036101457e-06, 2.3878862975834636e-06, 2.5188837753375992e-05, 0.00017284454952459782, 0.0004813730774912983, 0.000892740092240274, 0.0009962092153728008, 0.0013977834023535252, 0.002411378314718604, 0.003124667564406991, 0.002290791366249323, 0.0022501498460769653, 0.0023104334250092506, 0.0020097314845770597, 0.001933982246555388, 0.002150643616914749, 0.0009921884629875422, 0.0014726219233125448, 0.003241785801947117, 0.0011985886376351118, 0.0012872549705207348, 0.0013382210163399577, 0.0007117625791579485, 0.0006867137271910906, 0.0009348629391752183, 0.0011146914912387729, 0.0004759311268571764, 0.0005752232973463833, 0.0007668861071579158, 0.00023984280414879322, 0.00021519999427255243, 0.00015170413826126605, 0.00015245335816871375, 0.00036836680374108255, 0.00033591079409234226, 8.827209967421368e-05, 7.219745020847768e-05, 8.75843979883939e-05, 5.306167440721765e-05, 0.00010713384108385071, 8.289029938168824e-05, 3.363072028150782e-05, 3.448259667493403e-05, 4.926445762976073e-05, 0.00011544472363311797, 8.615194383310154e-05, 5.071425039204769e-05, 8.863674884196371e-05, 3.604897574405186e-05, 8.130019523377996e-06, 2.5021867259056307e-05, 2.308248440385796e-05, 2.611257332318928e-05, 1.3834144738211762e-05, 7.672419997106772e-06, 3.0961527954787016e-05, 9.484752808930352e-06, 6.829533049312886e-06, 2.5737570467754267e-05, 2.7443462386145256e-05, 5.953253548796056e-06, 7.735868166491855e-06, 1.3426109944703057e-05, 5.405640422395663e-06, 3.3161331884912215e-06, 2.885058620449854e-06, 3.2401358112110756e-06, 3.2682705750630703e-06, 4.684132818510989e-06, 8.044071364565752e-06, 4.853837708651554e-06, 4.960257683706004e-06, 5.6401549954898655e-06, 3.407307076486177e-06, 2.9254317723825807e-06, 2.912922127507045e-06, 2.141038748959545e-06, 1.5451025774382288e-06, 1.7593467873666668e-06, 1.7464039956394117e-06, 1.9679314391396474e-06, 1.644225221753004e-06, 1.9571316443034448e-06, 2.5003485006891424e-06, 3.0553155738743953e-06, 3.5529242268239614e-06, 3.5865614336216822e-06, 3.944076070183655e-06, 4.2583801587170456e-06, 4.975762294634478e-06, 3.978197128162719e-06, 3.9408869270118885e-06, 3.5471434784994926e-06, 4.6900295274099335e-06, 3.6739074857905507e-06, 3.944785476051038e-06, 3.547258529579267e-06, 2.921192617577617e-06, 1.9627389065135503e-06, 1.9464375782263232e-06, 1.8500941223464906e-06, 1.292379693040857e-06, 1.1771057870646473e-06, 8.889408604773053e-07, 8.654072303215798e-07, 7.158561743381142e-07, 5.921418164689385e-07, 5.132347951075644e-07, 4.24613745053648e-07, 6.232139639905654e-07, 4.0336095707971253e-07, 2.8333394652690913e-07, 3.445505001309357e-07, 2.283974112060605e-07, 1.3480756422268314e-07, 1.2245055813764338e-07, 4.7174371076152966e-08, 2.7134563040931425e-08, 3.6676641723687453e-09, 9.611996962255454e-12, 5.659119874101837e-12, 5.534470451373785e-12, 5.426276181857981e-12, 5.33286565948532e-12, 5.255975342455255e-12, 5.1935261646818276e-12, 5.147995311288733e-12, 5.120068431729852e-12], "lowlevel.mfcc.mean": [-752.3802490234375, 155.84974670410156, 31.412107467651367, 2.903280735015869, 9.35948371887207, -8.517394065856934, -12.97973346710205, -14.3643798828125, -15.511423110961914, -14.094640731811523, -13.573590278625488, -11.57476806640625, -14.215426445007324], "lowlevel.spectral_contrast_coeffs.mean": [-0.5681393146514893, -0.6506306529045105, -0.7493674755096436, -0.7910504341125488, -0.812855064868927, -0.8174554109573364], "lowlevel.spectral_contrast_coeffs.stdev": [0.07823903858661652, 0.09277646243572235, 0.07907482981681824, 0.05579555407166481, 0.049555059522390366, 0.03343405947089195], "lowlevel.spectral_contrast_valleys.mean": [-7.54256534576416, -7.708204746246338, -8.496400833129883, -8.839170455932617, -9.223979949951172, -11.255322456359863], "lowlevel.spectral_contrast_valleys.stdev": [0.8713524341583252, 0.8954593539237976, 0.8056421875953674, 0.7772912383079529, 0.8919447064399719, 1.0635830163955688], "rhythm.beats_loudness_band_ratio.mean": [0.3278932571411133, 0.4578692615032196, 0.21043680608272552, 0.055432651191949844, 0.020106084644794464, 0.02934662252664566], "rhythm.beats_loudness_band_ratio.stdev": [0.2596959173679352, 0.21767830848693848, 0.22167091071605682, 0.08695467561483383, 0.034882817417383194, 0.09864379465579987], "tonal.hpcp.mean": [0.016635701060295105, 0.03722624108195305, 0.11017142236232758, 0.16758617758750916, 0.11466238647699356, 0.10761315375566483, 0.15663158893585205, 0.0889582708477974, 0.021998262032866478, 0.022105339914560318, 0.03165493160486221, 0.14337678253650665, 0.3034817576408386, 0.19493766129016876, 0.01881701871752739, 0.00977391842752695, 0.018838591873645782, 0.04880163446068764, 0.06753723323345184, 0.041194383054971695, 0.016326595097780228, 0.011653020046651363, 0.016387969255447388, 0.043201152235269547, 0.060111261904239655, 0.07912211120128632, 0.3103814721107483, 0.44598716497421265, 0.20470799505710602, 0.027197500690817833, 0.016613401472568512, 0.030575061216950417, 0.0910322517156601, 0.11766807734966278, 0.06651075184345245, 0.025522785261273384], "tonal.hpcp.stdev": [0.08578260987997055, 0.14341288805007935, 0.23775088787078857, 0.30385392904281616, 0.2378430962562561, 0.20607014000415802, 0.3011935353279114, 0.19190743565559387, 0.11019740998744965, 0.11565995961427689, 0.13707701861858368, 0.2216407209634781, 0.35820403695106506, 0.25883719325065613, 0.08773355185985565, 0.06416507810354233, 0.110261932015419, 0.16666515171527863, 0.21273553371429443, 0.1497151404619217, 0.09520819038152695, 0.0747368261218071, 0.09130755811929703, 0.15910319983959198, 0.18267762660980225, 0.2065223604440689, 0.328064501285553, 0.4034789800643921, 0.23621277511119843, 0.1169106736779213, 0.08765368908643723, 0.11702894419431686, 0.21851381659507751, 0.2615601420402527, 0.17886370420455933, 0.11691221594810486], "rhythm.beats_position": [0.3599092960357666, 0.7198185920715332, 1.09133780002594, 1.4628571271896362, 1.834376335144043, 2.2058956623077393, 2.589024782180786, 3.0185940265655518, 3.459773063659668, 3.9009523391723633, 4.342131614685059, 4.794920444488525, 5.24770975112915, 5.6888885498046875, 6.118457794189453, 6.548027038574219, 6.989206314086914, 7.430385589599609, 7.8715643882751465, 8.324353218078613, 8.753922462463379, 9.183491706848145, 9.61306095123291, 10.054240226745605, 10.483809471130371, 10.913378715515137, 11.354557991027832, 11.784127235412598, 12.236915588378906, 12.701314926147461, 13.165714263916016, 13.653332710266113, 14.129342079162598, 14.628571510314941, 15.10457992553711, 15.580589294433594, 16.068208694458008, 16.532608032226562, 16.997007369995117, 17.46140480041504, 17.914194107055664, 18.36698341369629, 18.808162689208984, 19.24934196472168, 19.678911209106445, 20.10848045349121, 20.549659729003906, 20.9908390045166, 21.432018280029297, 21.873197555541992, 22.302766799926758, 22.732336044311523, 23.173513412475586, 23.61469268798828, 24.032651901245117, 24.462221145629883, 24.89179039001465, 25.356189727783203, 25.832199096679688, 26.308208465576172, 26.795827865600586, 27.283445358276367, 27.77106475830078, 28.258684158325195, 28.73469352722168, 29.210702896118164, 29.67510223388672, 30.13949966430664, 30.603899002075195, 31.05668830871582, 31.521087646484375, 31.99709701538086], "rhythm.bpm_histogram": [0.0, 0.0, 0.0, 0.0, 0.0, 0.0, 0.0, 0.0, 0.0, 0.0, 0.0, 0.0, 0.0, 0.0, 0.0, 0.0, 0.0, 0.0, 0.0, 0.0, 0.0, 0.0, 0.0, 0.0, 0.0, 0.0, 0.0, 0.0, 0.0, 0.0, 0.0, 0.0, 0.0, 0.0, 0.0, 0.0, 0.0, 0.0, 0.0, 0.0, 0.0, 0.0, 0.0, 0.0, 0.0, 0.0, 0.0, 0.0, 0.0, 0.0, 0.0, 0.0, 0.0, 0.0, 0.0, 0.0, 0.0, 0.0, 0.0, 0.0, 0.0, 0.0, 0.0, 0.0, 0.0, 0.0, 0.0, 0.0, 0.0, 0.0, 0.0, 0.0, 0.0, 0.0, 0.0, 0.0, 0.0, 0.0, 0.0, 0.0, 0.0, 0.0, 0.0, 0.0, 0.0, 0.0, 0.0, 0.0, 0.0, 0.0, 0.0, 0.0, 0.0, 0.0, 0.0, 0.0, 0.0, 0.0, 0.0, 0.0, 0.0, 0.0, 0.0, 0.0, 0.0, 0.0, 0.0, 0.0, 0.0, 0.0, 0.0, 0.0, 0.0, 0.0, 0.0, 0.0, 0.0, 0.0, 0.0, 0.0, 0.014084506779909134, 0.0, 0.0, 0.0845070406794548, 0.0, 0.0, 0.11267605423927307, 0.0, 0.0, 0.14084507524967194, 0.0, 0.0, 0.0, 0.09859155118465424, 0.0, 0.0, 0.23943662643432617, 0.0, 0.0, 0.0, 0.2112676054239273, 0.0, 0.0, 0.0, 0.014084506779909134, 0.0, 0.0, 0.0, 0.0, 0.0, 0.0, 0.0, 0.0, 0.0, 0.0, 0.0, 0.0, 0.014084506779909134, 0.0, 0.0, 0.0, 0.056338027119636536, 0.0, 0.0, 0.0, 0.0, 0.0, 0.014084506779909134, 0.0, 0.0, 0.0, 0.0, 0.0, 0.0, 0.0, 0.0, 0.0, 0.0, 0.0, 0.0, 0.0, 0.0, 0.0, 0.0, 0.0, 0.0, 0.0, 0.0, 0.0, 0.0, 0.0, 0.0, 0.0, 0.0, 0.0, 0.0, 0.0, 0.0, 0.0, 0.0, 0.0, 0.0, 0.0, 0.0, 0.0, 0.0, 0.0, 0.0, 0.0, 0.0, 0.0, 0.0, 0.0, 0.0, 0.0, 0.0, 0.0, 0.0, 0.0, 0.0, 0.0, 0.0, 0.0, 0.0, 0.0, 0.0, 0.0, 0.0, 0.0, 0.0, 0.0, 0.0, 0.0, 0.0, 0.0, 0.0, 0.0, 0.0, 0.0, 0.0, 0.0, 0.0, 0.0, 0.0, 0.0, 0.0, 0.0, 0.0, 0.0, 0.0], "tonal.chords_histogram": [76.75753021240234, 4.447632789611816, 0.7173601388931274, 0.7173601388931274, 0.0, 0.0, 0.0, 0.0, 0.0, 0.0, 2.725968360900879, 0.860832154750824, 0.0, 0.0, 0.0, 0.0, 0.0, 2.725968360900879, 0.0, 0.0, 0.0, 0.0, 10.473457336425781, 0.5738880634307861], "tonal.thpcp": [1.0, 0.45899975299835205, 0.06098269671201706, 0.03725085034966469, 0.06855592131614685, 0.20411406457424164, 0.26383736729621887, 0.14913153648376465, 0.05722762271761894, 0.037300851196050644, 0.08346930891275406, 0.24702823162078857, 0.3757645785808563, 0.2570979595184326, 0.2412920445203781, 0.35120201110839844, 0.19946373999118805, 0.0493248775601387, 0.049564968794584274, 0.07097722589969635, 0.321481853723526, 0.6804719567298889, 0.43709254264831543, 0.04219184070825577, 0.021915245801210403, 0.042240209877491, 0.10942385345697403, 0.15143312513828278, 0.09236674755811691, 0.0366077683866024, 0.026128599420189857, 0.03674538433551788, 0.09686635434627533, 0.13478249311447144, 0.17740894854068756, 0.6959426403045654], "lowlevel.gfcc.cov": [[5708.2119140625, -1497.1861572265625, -474.3013610839844, -238.9230499267578, -483.70159912109375, 5.377995014190674, -300.35418701171875, 604.1356201171875, 77.08256530761719, 157.2947540283203, -349.777587890625, 109.12635040283203, -49.91033172607422], [-1497.1861572265625, 2050.5126953125, -188.907958984375, -507.3268737792969, 328.59228515625, -82.97113037109375, 266.2433166503906, -212.07345581054688, 147.01683044433594, -171.12210083007812, 288.0790710449219, -260.4557189941406, 161.3350067138672], [-474.3013610839844, -188.907958984375, 698.3181762695312, 279.3937683105469, 87.10358428955078, 59.97596740722656, -71.32356262207031, -49.08786392211914, -19.985424041748047, 27.596317291259766, -6.347984313964844, 116.72781372070312, -62.9100227355957], [-238.9230499267578, -507.3268737792969, 279.3937683105469, 789.978515625, 169.3524932861328, -32.196041107177734, -31.754810333251953, 15.743685722351074, -40.16823196411133, 8.81991195678711, 3.2175490856170654, 166.3830108642578, -34.368797302246094], [-483.70159912109375, 328.59228515625, 87.10358428955078, 169.3524932861328, 357.1333312988281, 21.344202041625977, 46.3422966003418, -30.425155639648438, 3.067685842514038, -33.258522033691406, 27.72696876525879, 18.621915817260742, 49.0907096862793], [5.377995014190674, -82.97113037109375, 59.97596740722656, -32.196041107177734, 21.344202041625977, 287.5021057128906, 84.62602996826172, -65.1613540649414, -45.77253723144531, 53.116424560546875, -27.10251808166504, -64.68843841552734, -2.887737989425659], [-300.35418701171875, 266.2433166503906, -71.32356262207031, -31.754810333251953, 46.3422966003418, 84.62602996826172, 217.190673828125, -64.84019470214844, -33.672584533691406, 4.99296760559082, 49.4402961730957, -54.24751281738281, -4.875002384185791], [604.1356201171875, -212.07345581054688, -49.08786392211914, 15.743685722351074, -30.425155639648438, -65.1613540649414, -64.84019470214844, 229.6466827392578, 55.466182708740234, 4.972537040710449, -57.33192825317383, 55.77732467651367, -5.481624126434326], [77.08256530761719, 147.01683044433594, -19.985424041748047, -40.16823196411133, 3.067685842514038, -45.77253723144531, -33.672584533691406, 55.466182708740234, 137.2418212890625, 6.716047286987305, 2.4332427978515625, -15.56151008605957, 10.404026985168457], [157.2947540283203, -171.12210083007812, 27.596317291259766, 8.81991195678711, -33.258522033691406, 53.116424560546875, 4.99296760559082, 4.972537040710449, 6.716047286987305, 125.96530151367188, -20.469440460205078, 5.272147178649902, -32.49220657348633], [-349.777587890625, 288.0790710449219, -6.347984313964844, 3.2175490856170654, 27.72696876525879, -27.10251808166504, 49.4402961730957, -57.33192825317383, 2.4332427978515625, -20.469440460205078, 150.34886169433594, -1.9508124589920044, 14.378692626953125], [109.12635040283203, -260.4557189941406, 116.72781372070312, 166.3830108642578, 18.621915817260742, -64.68843841552734, -54.24751281738281, 55.77732467651367, -15.56151008605957, 5.272147178649902, -1.9508124589920044, 158.86109924316406, -20.620290756225586], [-49.91033172607422, 161.3350067138672, -62.9100227355957, -34.368797302246094, 49.0907096862793, -2.887737989425659, -4.875002384185791, -5.481624126434326, 10.404026985168457, -32.49220657348633, 14.378692626953125, -20.620290756225586, 95.1657943725586]], "lowlevel.gfcc.icov": [[0.00033753106254152954, 0.00012975525169167668, 0.00020846122060902417, 0.00010695396485971287, 0.00016120496729854494, -0.0001983000838663429, 0.00017582943837624043, -0.0006392551586031914, -3.754941644729115e-05, -0.00014026933058630675, 0.00016338389832526445, -0.0001062223527696915, -7.500034553231671e-05], [0.00012975525169167668, 0.004013572819530964, -0.000938589044380933, 0.0025991799775511026, -0.0034767421893775463, 0.0025667021982371807, -0.003372538136318326, 0.0011285007931292057, -0.0035630897618830204, 0.0022155074402689934, -0.004234872292727232, 0.0036183083429932594, -0.0020845443941652775], [0.00020846122060902417, -0.000938589044380933, 0.0026509605813771486, -0.0009613489964976907, 0.0005364730604924262, -0.0018327863654121757, 0.002075172495096922, 0.00019241130212321877, 0.00037263272679410875, -0.0004487323749344796, 0.0010873175924643874, -0.0024670755956321955, 0.0019980159122496843], [0.00010695396485971287, 0.0025991799775511026, -0.0009613489964976907, 0.003626403631642461, -0.003071150276809931, 0.0017593736993148923, -0.002185139339417219, 0.0006957627483643591, -0.0019410745007917285, 0.0012656085891649127, -0.002683248370885849, 0.0008019503438845277, -0.0008868899894878268], [0.00016120496729854494, -0.0034767421893775463, 0.0005364730604924262, -0.003071150276809931, 0.0071572111919522285, -0.0026502953842282295, 0.001927526667714119, -0.001270777778699994, 0.002393525093793869, -0.0013329021167010069, 0.004001413471996784, -0.0035542212426662445, -0.0006141571211628616], [-0.0001983000838663429, 0.0025667021982371807, -0.0018327863654121757, 0.0017593736993148923, -0.0026502953842282295, 0.007594278082251549, -0.004298090469092131, 0.0015542000764980912, -0.0006743822596035898, -0.0008259306196123362, -0.0014295796863734722, 0.0048567731864750385, -0.0025045147631317377], [0.00017582943837624043, -0.003372538136318326, 0.002075172495096922, -0.002185139339417219, 0.001927526667714119, -0.004298090469092131, 0.010277500376105309, -0.0011302669299766421, 0.004236434120684862, -0.0020580419804900885, 0.0013134593609720469, -0.0019448004895821214, 0.003943327814340591], [-0.0006392551586031914, 0.0011285007931292057, 0.00019241130212321877, 0.0006957627483643591, -0.001270777778699994, 0.0015542000764980912, -0.0011302669299766421, 0.00855546910315752, -0.004045752342790365, 0.00127836421597749, 0.0007414725259877741, -0.0016606523422524333, -0.00032544491114094853], [-3.754941644729115e-05, -0.0035630897618830204, 0.00037263272679410875, -0.0019410745007917285, 0.002393525093793869, -0.0006743822596035898, 0.004236434120684862, -0.004045752342790365, 0.013044212944805622, -0.003822331316769123, 0.0024538561701774597, -0.00015968877414707094, 0.0011585105676203966], [-0.00014026933058630675, 0.0022155074402689934, -0.0004487323749344796, 0.0012656085891649127, -0.0013329021167010069, -0.0008259306196123362, -0.0020580419804900885, 0.00127836421597749, -0.003822331316769123, 0.011477967724204063, -0.0018898076377809048, 0.0008522247080691159, 0.001768584013916552], [0.00016338389832526445, -0.004234872292727232, 0.0010873175924643874, -0.002683248370885849, 0.004001413471996784, -0.0014295796863734722, 0.0013134593609720469, 0.0007414725259877741, 0.0024538561701774597, -0.0018898076377809048, 0.013653172180056572, -0.0053210086189210415, 0.0008880128152668476], [-0.0001062223527696915, 0.0036183083429932594, -0.0024670755956321955, 0.0008019503438845277, -0.0035542212426662445, 0.0048567731864750385, -0.0019448004895821214, -0.0016606523422524333, -0.00015968877414707094, 0.0008522247080691159, -0.0053210086189210415, 0.015305988490581512, -0.0013167293509468436], [-7.500034553231671e-05, -0.0020845443941652775, 0.0019980159122496843, -0.0008868899894878268, -0.0006141571211628616, -0.0025045147631317377, 0.003943327814340591, -0.00032544491114094853, 0.0011585105676203966, 0.001768584013916552, 0.0008880128152668476, -0.0013167293509468436, 0.015484865754842758]], "lowlevel.mfcc.cov": [[5893.3876953125, -1405.4423828125, -367.7641906738281, -408.6211242675781, -129.2448272705078, -554.6341552734375, -236.14898681640625, 6.240035057067871, 342.9285888671875, 159.87576293945312, -85.68555450439453, 57.72820281982422, -5.887616157531738], [-1405.4423828125, 2133.659423828125, -314.3021240234375, -341.2426452636719, -28.863210678100586, 18.720869064331055, 139.5216522216797, -42.28807830810547, -26.025787353515625, 44.578269958496094, 56.36928176879883, 14.77751350402832, -37.19388198852539], [-367.7641906738281, -314.3021240234375, 578.5538940429688, 120.31338500976562, 88.8506851196289, 114.0848617553711, -27.09547996520996, 22.95392608642578, -57.2707633972168, -40.51046371459961, 19.917600631713867, 36.280059814453125, 42.55834197998047], [-408.6211242675781, -341.2426452636719, 120.31338500976562, 708.472412109375, 219.3754425048828, 46.46421813964844, -8.8290376663208, 125.66387939453125, -19.634674072265625, -119.8133544921875, -13.497830390930176, 103.90321350097656, 90.68609619140625], [-129.2448272705078, -28.863210678100586, 88.8506851196289, 219.3754425048828, 344.0555419921875, 17.632858276367188, -23.083057403564453, 55.613670349121094, 68.45704650878906, -37.71222686767578, -44.2532844543457, 49.88037109375, 40.24367141723633], [-554.6341552734375, 18.720869064331055, 114.0848617553711, 46.46421813964844, 17.632858276367188, 380.8195495605469, 157.58204650878906, -24.021934509277344, -36.03437042236328, 57.92704391479492, 34.854766845703125, -64.5597915649414, 18.952388763427734], [-236.14898681640625, 139.5216522216797, -27.09547996520996, -8.8290376663208, -23.083057403564453, 157.58204650878906, 237.4014434814453, 15.079798698425293, -20.947935104370117, 32.19210433959961, 21.340797424316406, -34.48398208618164, 1.0233309268951416], [6.240035057067871, -42.28807830810547, 22.95392608642578, 125.66387939453125, 55.613670349121094, -24.021934509277344, 15.079798698425293, 138.15380859375, 27.727476119995117, -42.6666374206543, -1.1640384197235107, 50.0275764465332, 23.444469451904297], [342.9285888671875, -26.025787353515625, -57.2707633972168, -19.634674072265625, 68.45704650878906, -36.03437042236328, -20.947935104370117, 27.727476119995117, 170.03543090820312, 40.60803985595703, -11.647314071655273, 16.526350021362305, -1.2859725952148438], [159.87576293945312, 44.578269958496094, -40.51046371459961, -119.8133544921875, -37.71222686767578, 57.92704391479492, 32.19210433959961, -42.6666374206543, 40.60803985595703, 160.51446533203125, 24.880584716796875, -51.24967575073242, -13.15662670135498], [-85.68555450439453, 56.36928176879883, 19.917600631713867, -13.497830390930176, -44.2532844543457, 34.854766845703125, 21.340797424316406, -1.1640384197235107, -11.647314071655273, 24.880584716796875, 98.9235610961914, 27.996110916137695, 8.726125717163086], [57.72820281982422, 14.77751350402832, 36.280059814453125, 103.90321350097656, 49.88037109375, -64.5597915649414, -34.48398208618164, 50.0275764465332, 16.526350021362305, -51.24967575073242, 27.996110916137695, 147.5676727294922, 49.397911071777344], [-5.887616157531738, -37.19388198852539, 42.55834197998047, 90.68609619140625, 40.24367141723633, 18.952388763427734, 1.0233309268951416, 23.444469451904297, -1.2859725952148438, -13.15662670135498, 8.726125717163086, 49.397911071777344, 103.65802764892578]], "lowlevel.mfcc.icov": [[0.00034200982190668583, 0.00030230762786231935, 0.00021071702940389514, 0.0002897763333749026, 1.6707728718756698e-05, 0.0003803707950282842, -9.650005085859448e-05, -3.616579488152638e-05, -0.0003526484069880098, -0.000329456728650257, 0.0001611449697520584, -0.00031116054742597044, -0.00019050177070312202], [0.00030230762786231935, 0.0008918783278204501, 0.0005709051620215178, 0.0006785556324757636, -0.00038068508729338646, 0.0002627162612043321, -0.00038845508242957294, -3.787522655329667e-05, 7.516379264416173e-05, -0.0002328267873963341, -0.00017876102356240153, -0.0006949476664885879, -6.107782974140719e-05], [0.00021071702940389514, 0.0005709051620215178, 0.0025908087845891714, 0.0005464900168590248, -0.0008005096460692585, -0.000857372535392642, 0.0007035890012048185, -0.0004770690284203738, 0.0009262337116524577, 9.656373731559142e-05, -0.0004593516350723803, -0.0008214605622924864, -0.0003026016347575933], [0.0002897763333749026, 0.0006785556324757636, 0.0005464900168590248, 0.002943572588264942, -0.001401781220920384, -0.0003505266213323921, 8.30278149805963e-05, -0.0014686805661767721, 0.0007140702218748629, 0.0006625069072470069, -7.987866410985589e-05, -0.0010505678365007043, -0.0009996667504310608], [1.6707728718756698e-05, -0.00038068508729338646, -0.0008005096460692585, -0.001401781220920384, 0.004955843091011047, -0.00047724979231134057, 0.00036902245483361185, -1.8170127077610232e-05, -0.0023731025867164135, 0.00010050872515421361, 0.0024068981874734163, -0.0006176736205816269, -0.0003418818232603371], [0.0003803707950282842, 0.0002627162612043321, -0.000857372535392642, -0.0003505266213323921, -0.00047724979231134057, 0.00555814104154706, -0.0031199567019939423, 0.001145939459092915, -0.00024187189410440624, -0.0013113012537360191, -0.001335918321274221, 0.0020195781253278255, -0.0013041795464232564], [-9.650005085859448e-05, -0.00038845508242957294, 0.0007035890012048185, 8.30278149805963e-05, 0.00036902245483361185, -0.0031199567019939423, 0.006882732268422842, -0.0022089064586907625, 0.0007829750538803637, -0.00029457651544362307, -0.00023258109285961837, 0.0005373185849748552, 8.829173748381436e-05], [-3.616579488152638e-05, -3.787522655329667e-05, -0.0004770690284203738, -0.0014686805661767721, -1.8170127077610232e-05, 0.001145939459092915, -0.0022089064586907625, 0.010690553113818169, -0.002348619047552347, 0.0018505466869100928, -0.00023899994266685098, -0.0014381713699549437, -0.00022222641564439982], [-0.0003526484069880098, 7.516379264416173e-05, 0.0009262337116524577, 0.0007140702218748629, -0.0023731025867164135, -0.00024187189410440624, 0.0007829750538803637, -0.002348619047552347, 0.009262055158615112, -0.0029486417770385742, 0.0005350788123905659, -0.001368086552247405, 0.0008385215187445283], [-0.000329456728650257, -0.0002328267873963341, 9.656373731559142e-05, 0.0006625069072470069, 0.00010050872515421361, -0.0013113012537360191, -0.00029457651544362307, 0.0018505466869100928, -0.0029486417770385742, 0.010401258245110512, -0.003286181017756462, 0.0032306502107530832, -0.0009157374151982367], [0.0001611449697520584, -0.00017876102356240153, -0.0004593516350723803, -7.987866410985589e-05, 0.0024068981874734163, -0.001335918321274221, -0.00023258109285961837, -0.00023899994266685098, 0.0005350788123905659, -0.003286181017756462, 0.014384654350578785, -0.0053430600091814995, 0.0004944861866533756], [-0.00031116054742597044, -0.0006949476664885879, -0.0008214605622924864, -0.0010505678365007043, -0.0006176736205816269, 0.0020195781253278255, 0.0005373185849748552, -0.0014381713699549437, -0.001368086552247405, 0.0032306502107530832, -0.0053430600091814995, 0.013357622548937798, -0.0043428209610283375], [-0.00019050177070312202, -6.107782974140719e-05, -0.0003026016347575933, -0.0009996667504310608, -0.0003418818232603371, -0.0013041795464232564, 8.829173748381436e-05, -0.00022222641564439982, 0.0008385215187445283, -0.0009157374151982367, 0.0004944861866533756, -0.0043428209610283375, 0.012955850921571255]], "metadata.audio_properties.analysis.downmix": "mix", "metadata.audio_properties.codec": "mp3", "metadata.audio_properties.md5_encoded": "2d8db70bb28e21d6ec71f856d0de2d22", "metadata.tags.file_name": "118370984825