{"song_id": "1183720427592372285", "download": "https://cdn.discordapp.com/attachments/1135903449314238464/1183720427592372285/chirp.mp4?ex=65895c8e&amp", "lyrics": "[Verse]\nIn eighteen forty-six, the raccoons arose\nWith fierce determination, their strength disclosed\nBeneath moonlit sky, they prepared to fight\nThe Great Raccoon War began, an epic sight\n\n[Chorus]\nMarching on, hearts filled with grit\nUnited we stand, against foes we'll never quit\nThrough battles we'll forge, with courage and pride\nIn the Great Raccoon War, side by side we'll stride", "style": ["italian piazza ambience sound music for a video game about a grandma</span><span>, pavarotti singer"], "essentia_features": {"lowlevel.average_loudness": 0.9801635146141052, "lowlevel.barkbands_crest.mean": 10.233762741088867, "lowlevel.barkbands_crest.stdev": 3.6676981449127197, "lowlevel.barkbands_flatness_db.mean": 0.12743735313415527, "lowlevel.barkbands_flatness_db.stdev": 0.041120320558547974, "lowlevel.barkbands_kurtosis.mean": 4.527652263641357, "lowlevel.barkbands_kurtosis.stdev": 6.71180534362793, "lowlevel.barkbands_skewness.mean": 1.8063205480575562, "lowlevel.barkbands_skewness.stdev": 1.1211966276168823, "lowlevel.barkbands_spread.mean": 24.19515037536621, "lowlevel.barkbands_spread.stdev": 15.678656578063965, "lowlevel.dissonance.mean": 0.47195520997047424, "lowlevel.dissonance.stdev": 0.017746644094586372, "lowlevel.dynamic_complexity": 1.526570439338684, "lowlevel.erbbands_crest.mean": 8.619242668151855, "lowlevel.erbbands_crest.stdev": 3.9734067916870117, "lowlevel.erbbands_flatness_db.mean": 0.14018097519874573, "lowlevel.erbbands_flatness_db.stdev": 0.030316730961203575, "lowlevel.erbbands_kurtosis.mean": 0.05600585788488388, "lowlevel.erbbands_kurtosis.stdev": 1.668620228767395, "lowlevel.erbbands_skewness.mean": 0.09298012405633926, "lowlevel.erbbands_skewness.stdev": 0.7487388849258423, "lowlevel.erbbands_spread.mean": 48.846717834472656, "lowlevel.erbbands_spread.stdev": 19.120424270629883, "lowlevel.hfc.mean": 29.541584014892578, "lowlevel.hfc.stdev": 20.931880950927734, "lowlevel.loudness_ebu128.integrated": -13.54428482055664, "lowlevel.loudness_ebu128.loudness_range": 1.6650218963623047, "lowlevel.loudness_ebu128.momentary.mean": -13.66522216796875, "lowlevel.loudness_ebu128.momentary.stdev": 1.0545235872268677, "lowlevel.loudness_ebu128.short_term.mean": -13.586630821228027, "lowlevel.loudness_ebu128.short_term.stdev": 0.6324285268783569, "lowlevel.melbands_crest.mean": 15.347921371459961, "lowlevel.melbands_crest.stdev": 4.729517459869385, "lowlevel.melbands_flatness_db.mean": 0.19162479043006897, "lowlevel.melbands_flatness_db.stdev": 0.04914015159010887, "lowlevel.melbands_kurtosis.mean": 17.68172264099121, "lowlevel.melbands_kurtosis.stdev": 18.772520065307617, "lowlevel.melbands_skewness.mean": 3.304969072341919, "lowlevel.melbands_skewness.stdev": 1.6738953590393066, "lowlevel.melbands_spread.mean": 22.490142822265625, "lowlevel.melbands_spread.stdev": 17.954954147338867, "lowlevel.pitch_salience.mean": 0.5566386580467224, "lowlevel.pitch_salience.stdev": 0.09028292447328568, "lowlevel.silence_rate_20dB.mean": 1.0, "lowlevel.silence_rate_20dB.stdev": 0.0, "lowlevel.silence_rate_30dB.mean": 1.0, "lowlevel.silence_rate_30dB.stdev": 0.0, "lowlevel.silence_rate_60dB.mean": 0.0012247397098690271, "lowlevel.silence_rate_60dB.stdev": 0.03497470170259476, "lowlevel.spectral_centroid.mean": 1232.2469482421875, "lowlevel.spectral_centroid.stdev": 576.8552856445312, "lowlevel.spectral_complexity.mean": 23.071035385131836, "lowlevel.spectral_complexity.stdev": 9.189233779907227, "lowlevel.spectral_decrease.mean": -9.531004430129997e-09, "lowlevel.spectral_decrease.stdev": 3.867494324794052e-09, "lowlevel.spectral_energy.mean": 0.038651708513498306, "lowlevel.spectral_energy.stdev": 0.015210469253361225, "lowlevel.spectral_energyband_high.mean": 0.0015572699485346675, "lowlevel.spectral_energyband_high.stdev": 0.002641941187903285, "lowlevel.spectral_energyband_low.mean": 0.01180445495992899, "lowlevel.spectral_energyband_low.stdev": 0.00865849293768406, "lowlevel.spectral_energyband_middle_high.mean": 0.007591869682073593, "lowlevel.spectral_energyband_middle_high.stdev": 0.007349513936787844, "lowlevel.spectral_energyband_middle_low.mean": 0.019511768594384193, "lowlevel.spectral_energyband_middle_low.stdev": 0.011097321286797523, "lowlevel.spectral_entropy.mean": 7.690536022186279, "lowlevel.spectral_entropy.stdev": 0.3052324950695038, "lowlevel.spectral_flux.mean": 0.08971281349658966, "lowlevel.spectral_flux.stdev": 0.03823714330792427, "lowlevel.spectral_kurtosis.mean": 2.958761692047119, "lowlevel.spectral_kurtosis.stdev": 1.5118334293365479, "lowlevel.spectral_rms.mean": 0.006011886987835169, "lowlevel.spectral_rms.stdev": 0.0012514643603935838, "lowlevel.spectral_rolloff.mean": 1445.086669921875, "lowlevel.spectral_rolloff.stdev": 1548.1370849609375, "lowlevel.spectral_skewness.mean": 1.3071359395980835, "lowlevel.spectral_skewness.stdev": 0.34015223383903503, "lowlevel.spectral_spread.mean": 4916808.5, "lowlevel.spectral_spread.stdev": 1098791.625, "lowlevel.spectral_strongpeak.mean": 0.9320632219314575, "lowlevel.spectral_strongpeak.stdev": 0.871692419052124, "lowlevel.zerocrossingrate.mean": 0.06194683536887169, "lowlevel.zerocrossingrate.stdev": 0.034265242516994476, "metadata.audio_properties.analysis.equal_loudness": 0.0, "metadata.audio_properties.analysis.length": 37.886940002441406, "metadata.audio_properties.analysis.sample_rate": 44100.0, "metadata.audio_properties.analysis.start_time": 0.0, "metadata.audio_properties.bit_rate": 119656.0, "metadata.audio_properties.length": 37.88800048828125, "metadata.audio_properties.lossless": 0.0, "metadata.audio_properties.number_channels": 1.0, "metadata.audio_properties.replay_gain": -11.935955047607422, "metadata.audio_properties.sample_rate": 48000.0, "rhythm.beats_count": 65.0, "rhythm.beats_loudness.mean": 0.05074372515082359, "rhythm.beats_loudness.stdev": 0.016439080238342285, "rhythm.bpm": 104.97303771972656, "rhythm.bpm_histogram_first_peak_bpm": 105.0, "rhythm.bpm_histogram_first_peak_weight": 0.4482758641242981, "rhythm.bpm_histogram_second_peak_bpm": 98.0, "rhythm.bpm_histogram_second_peak_spread": 0.0, "rhythm.bpm_histogram_second_peak_weight": 0.09375, "rhythm.danceability": 1.4238038063049316, "rhythm.onset_rate": 4.2209038734436035, "tonal.chords_changes_rate": 0.023255813866853714, "tonal.chords_number_rate": 0.006119951140135527, "tonal.chords_strength.mean": 0.5235709547996521, "tonal.chords_strength.stdev": 0.06783104687929153, "tonal.hpcp_crest.mean": 16.448196411132812, "tonal.hpcp_crest.stdev": 8.034435272216797, "tonal.hpcp_entropy.mean": 1.7499092817306519, "tonal.hpcp_entropy.stdev": 0.7679607272148132, "tonal.key_edma.strength": 0.6878431439399719, "tonal.key_krumhansl.strength": 0.6763030886650085, "tonal.key_temperley.strength": 0.6523663401603699, "tonal.tuning_diatonic_strength": 0.5222246050834656, "tonal.tuning_equal_tempered_deviation": 0.039350900799036026, "tonal.tuning_frequency": 440.0, "tonal.tuning_nontempered_energy_ratio": 0.6555446982383728, "lowlevel.barkbands.mean": [7.371587707893923e-05, 0.0028493341524153948, 0.007165954448282719, 0.0034211846068501472, 0.009670181199908257, 0.002184472978115082, 0.002236282918602228, 0.0009868517518043518, 0.0008111480856314301, 0.001064787618815899, 0.000983644975349307, 0.0014285945799201727, 0.0007000442710705101, 0.0005038065137341619, 0.0009871110087260604, 0.0005953486543148756, 0.0006173824076540768, 0.0003613971348386258, 0.0003430205397307873, 0.00023450260050594807, 0.0002799471840262413, 0.00036588715738616884, 0.00043287681182846427, 0.00021910468058194965, 9.038837015395984e-05, 4.2878524254774675e-05, 1.8868388451664941e-06], "lowlevel.barkbands.stdev": [7.21194373909384e-05, 0.004203604534268379, 0.00597973121330142, 0.004406091757118702, 0.007944012060761452, 0.0046492647379636765, 0.004016350954771042, 0.0024939626455307007, 0.0024308504071086645, 0.0026116645894944668, 0.0021692870650440454, 0.0030901669524610043, 0.001601897063665092, 0.00109018140938133, 0.001765480381436646, 0.001187371788546443, 0.0008836265187710524, 0.00038870787830092013, 0.0003266595595050603, 0.00022239331156015396, 0.000387504551326856, 0.0007554383482784033, 0.0011919691460207105, 0.0004578967345878482, 0.00012478101416490972, 6.695787305943668e-05, 4.244250703777652e-06], "lowlevel.erbbands.mean": [0.021217310801148415, 0.9701644778251648, 7.715032577514648, 9.862592697143555, 22.925668716430664, 35.925228118896484, 19.778047561645508, 16.8890438079834, 29.258264541625977, 27.811315536499023, 20.915964126586914, 19.892810821533203, 22.907276153564453, 39.72622299194336, 56.70623016357422, 47.474979400634766, 32.93702697753906, 28.29075050354004, 45.5266227722168, 42.12886428833008, 34.30673599243164, 35.8008918762207, 20.580942153930664, 21.459386825561523, 13.453636169433594, 10.751045227050781, 11.132129669189453, 11.870226860046387, 13.656057357788086, 12.554730415344238, 11.79708194732666, 6.335268974304199, 2.77764630317688, 1.2119660377502441, 0.5035669207572937, 0.20916731655597687, 0.07550300657749176, 0.01294760312885046, 0.0002888702438212931, 5.657218935084529e-05], "lowlevel.erbbands.stdev": [0.0344400554895401, 1.2072118520736694, 6.1874494552612305, 9.124354362487793, 20.42007827758789, 34.03793716430664, 36.208534240722656, 44.93445587158203, 53.05439376831055, 55.25930404663086, 52.574398040771484, 56.89582443237305, 56.071781158447266, 88.40069580078125, 112.17227172851562, 100.01276397705078, 73.95463562011719, 54.785030364990234, 84.26082611083984, 80.25772857666016, 62.48571014404297, 50.76100158691406, 22.78423500061035, 19.645652770996094, 12.377978324890137, 10.58299446105957, 11.092453002929688, 21.6755313873291, 27.923171997070312, 32.326820373535156, 32.866424560546875, 14.5772066116333, 5.367690086364746, 1.7809271812438965, 0.693499743938446, 0.31144216656684875, 0.1255638301372528, 0.02263949066400528, 0.0004581935063470155, 2.5460247343289666e-05], "lowlevel.gfcc.mean": [40.170501708984375, 81.37451934814453, -112.46012115478516, 45.2569465637207, -57.72943115234375, 19.583730697631836, -44.643489837646484, -2.6847798824310303, -35.39625930786133, -8.808228492736816, -22.639039993286133, -0.24452829360961914, -15.835763931274414], "lowlevel.melbands.mean": [0.0004687185282818973, 0.0029842189978808165, 0.0020152628421783447, 0.002491359133273363, 0.0007475054007954895, 0.00037368483026511967, 0.00045957768452353776, 0.0002811364538501948, 0.00016091682482510805, 0.00012088842049706727, 0.00011519539111759514, 0.00016114494064822793, 0.00016511826834175736, 0.0001853589783422649, 7.08419393049553e-05, 7.209044269984588e-05, 4.839972825720906e-05, 6.831102655269206e-05, 6.324928108369932e-05, 4.94543528475333e-05, 3.672789171105251e-05, 4.1641920688562095e-05, 2.0576284441631287e-05, 1.6679527107044123e-05, 1.784468986443244e-05, 1.120800334319938e-05, 8.028632692003157e-06, 6.884014055685839e-06, 7.2291531978407875e-06, 6.580687568202848e-06, 6.844700692454353e-06, 8.18786156742135e-06, 6.465117621701211e-06, 7.406980785162887e-06, 7.3296828304592054e-06, 5.271386271488154e-06, 3.3637181786616566e-06, 2.216604116256349e-06, 1.2874155572717427e-06, 9.019503863783029e-07], "lowlevel.melbands.stdev": [0.0007405242067761719, 0.002349346876144409, 0.0015871250070631504, 0.002082336926832795, 0.001099051209166646, 0.0009266511187888682, 0.0008151539950631559, 0.0005720258923247457, 0.0004105687257833779, 0.00037799589335918427, 0.00029473440372385085, 0.00038154807407408953, 0.000325345026794821, 0.0004085869586560875, 0.00016723321459721774, 0.00016983054229058325, 9.984640928450972e-05, 0.00013352479436434805, 0.00011420297960285097, 9.83725258265622e-05, 6.54678515275009e-05, 6.354236393235624e-05, 2.6763482310343534e-05, 1.806991349440068e-05, 1.750411684042774e-05, 1.1090823136328254e-05, 8.001319656614214e-06, 7.321501016122056e-06, 7.161101621022681e-06, 9.168822543870192e-06, 1.346887438558042e-05, 1.6072035577963106e-05, 1.5920888472464867e-05, 2.0551593479467556e-05, 2.1522262613871135e-05, 1.3865120308764745e-05, 7.475281108781928e-06, 4.699763394455658e-06, 2.0474012671911623e-06, 1.3299747934070183e-06], "lowlevel.melbands128.mean": [2.1055473553133197e-05, 2.4505792680429295e-05, 0.0003630405117291957, 0.0018320797244086862, 0.004082317464053631, 0.00307319569401443, 0.0019199548987671733, 0.0016773457173258066, 0.001883024233393371, 0.003908453043550253, 0.0018116423161700368, 0.0005617666756734252, 0.0007306676125153899, 0.0005076253437437117, 0.00042292458238080144, 0.000246291485382244, 0.0002852278994396329, 0.0006687465938739479, 0.000433558423537761, 0.00029851426370441914, 0.00020849055727012455, 0.00018330290913581848, 0.00016440122271887958, 0.00011921279656235129, 0.00013956705515738577, 0.00011363284284016117, 9.691189916338772e-05, 0.00010202962585026398, 0.00012673750461544842, 0.00021561271569225937, 0.0001417947351001203, 0.0001211462149512954, 0.00015058880671858788, 0.0001872591965366155, 0.00028269956237636507, 0.00015503636677749455, 9.675463661551476e-05, 5.270284600555897e-05, 6.647221016464755e-05, 7.796190766384825e-05, 7.705767347943038e-05, 5.731943019782193e-05, 4.689010529546067e-05, 4.172629996901378e-05, 4.888273906544782e-05, 7.258568803081289e-05, 0.00010362581087974831, 4.496788096730597e-05, 5.9489924751687795e-05, 6.38433120911941e-05, 3.990649929619394e-05, 4.596552753355354e-05, 4.231925049680285e-05, 2.648604458954651e-05, 3.9229420508490875e-05, 5.6582030083518475e-05, 2.8888478482258506e-05, 2.1411857233033516e-05, 1.710001924948301e-05, 1.9710059859789908e-05, 1.4668717994936742e-05, 1.5252735465765e-05, 2.1323221517377533e-05, 1.78875052370131e-05, 1.4910659047018271e-05, 1.1074218491557986e-05, 8.940588486439083e-06, 7.802580512361601e-06, 8.774514753895346e-06, 7.1011668296705466e-06, 5.20747562404722e-06, 8.550713573640678e-06, 7.2787188400980085e-06, 7.625719263160136e-06, 5.952367700956529e-06, 5.917335784033639e-06, 7.711076250416227e-06, 6.552848390128929e-06, 6.369653419824317e-06, 6.855458650534274e-06, 9.506586138741113e-06, 8.477689334540628e-06, 6.284672053880058e-06, 6.733675490977475e-06, 5.7537017710274085e-06, 6.7408568611426745e-06, 8.148071174218785e-06, 8.487918421451468e-06, 7.530948550993344e-06, 6.418776138161775e-06, 5.5597561186004896e-06, 5.4725765039620455e-06, 3.853794623864815e-06, 3.1146987566899043e-06, 3.0659309686598135e-06, 3.2892282888496993e-06, 1.755388666424551e-06, 1.1369301091690431e-06, 1.4212381529432605e-06, 1.3606550055556e-06, 9.259932198801835e-07, 8.973924536803679e-07, 7.306967972908751e-07, 6.868262971693184e-07, 4.638596919903648e-07, 4.886570650342037e-07, 5.51493371858669e-07, 3.9932010054144484e-07, 3.536198676101776e-07, 2.7163446247868706e-07, 2.7744874842028366e-07, 2.604951134799194e-07, 2.391131204149133e-07, 2.2289249557161384e-07, 1.934380833290561e-07, 1.6068034369709494e-07, 7.950580283022646e-08, 3.6570653172418588e-09, 5.205103709160497e-12, 4.993254074103781e-12, 4.851451705645271e-12, 4.742300736132465e-12, 4.636223262938222e-12, 4.547613587785326e-12, 4.453051209024617e-12, 4.3374271188612035e-12, 4.2689116130922855e-12, 4.240057090154625e-12], "lowlevel.melbands128.stdev": [2.3336955564445816e-05, 4.3916683353018016e-05, 0.0008294135332107544, 0.002581535605713725, 0.0034573718439787626, 0.002661818405613303, 0.0020950762555003166, 0.002242547692731023, 0.0024460419081151485, 0.003565102117136121, 0.002150899264961481, 0.0013617678778246045, 0.0017043898114934564, 0.0011369922431185842, 0.001402825117111206, 0.0010276013053953648, 0.0008648654329590499, 0.0012768659507855773, 0.001050326507538557, 0.0007757865823805332, 0.0006759910611435771, 0.0005804061656817794, 0.0005648284568451345, 0.0004046711546834558, 0.0004604776331689209, 0.00059427012456581, 0.0004266456817276776, 0.0002984454622492194, 0.0004724315949715674, 0.0006170268170535564, 0.0004216589732095599, 0.0003248571592848748, 0.00037629305734299123, 0.0005383914685808122, 0.000710220483597368, 0.00047811632975935936, 0.00027249223785474896, 0.00018595241999719292, 0.00019086411339230835, 0.0002614678523968905, 0.0002059411781374365, 0.0001911704894155264, 0.00012021158181596547, 0.00010046923853224143, 0.00017201603623107076, 0.00016174279153347015, 0.00024759414372965693, 0.00011583626474021003, 0.0001604218705324456, 0.000158430339070037, 9.909682557918131e-05, 0.00012585132208187133, 0.00010179575474467129, 4.6437598939519376e-05, 7.081511284923181e-05, 0.0001034197339322418, 5.1419374358374625e-05, 3.6503621231531724e-05, 2.721860983001534e-05, 3.196071338606998e-05, 1.9721153876162134e-05, 1.895427703857422e-05, 2.4459999622195028e-05, 2.374862742726691e-05, 1.883027289295569e-05, 1.3462467904901132e-05, 1.0645680958987214e-05, 9.619087904866319e-06, 9.756211511557922e-06, 8.800951945886482e-06, 7.4054992182936985e-06, 1.0479930097062606e-05, 7.526696663262555e-06, 9.893095921142958e-06, 6.989816938585136e-06, 7.335521786444588e-06, 1.350394177279668e-05, 1.714231984806247e-05, 1.3125893019605428e-05, 1.405430884915404e-05, 1.7642667444306426e-05, 2.2244055799092166e-05, 1.648467150516808e-05, 1.864677142293658e-05, 1.4986869246058632e-05, 1.9001341570401564e-05, 2.457447408232838e-05, 2.9206848921603523e-05, 2.3566011805087328e-05, 2.004624911933206e-05, 1.577632428961806e-05, 1.556967617943883e-05, 1.039116432366427e-05, 7.218793598440243e-06, 6.827494871686213e-06, 7.390208338620141e-06, 4.340755367593374e-06, 2.4114119696605485e-06, 2.4222169940912863e-06, 2.1509410998987732e-06, 1.6393705664086156e-06, 1.4114770010564825e-06, 1.1858131756525836e-06, 1.173958935396513e-06, 7.598724778290489e-07, 7.774841606078553e-07, 9.026352927321568e-07, 6.787312827327696e-07, 6.328110089270922e-07, 4.705464959897654e-07, 6.095666549299494e-07, 4.77036053325719e-07, 4.3990235099045094e-07, 4.266319422185916e-07, 3.884113937147049e-07, 3.0573667686439876e-07, 1.7180785505388485e-07, 1.172953290051737e-08, 7.479233378460126e-12, 7.288298436991525e-12, 7.1106193849646004e-12, 6.954915376250481e-12, 6.819152013892715e-12, 6.700823056149385e-12, 6.601461564892386e-12, 6.5233200785552725e-12, 6.466166577873134e-12, 6.430956895481232e-12], "lowlevel.mfcc.mean": [-600.2710571289062, 104.8968505859375, 7.338130474090576, 26.942073822021484, 9.25004768371582, 15.204263687133789, 1.1013752222061157, 6.123632431030273, -6.685988426208496, -7.326618194580078, -11.788893699645996, -6.302822113037109, -3.572061777114868], "lowlevel.spectral_contrast_coeffs.mean": [-0.6185524463653564, -0.7342473864555359, -0.7475213408470154, -0.7903740406036377, -0.7928479313850403, -0.7291273474693298], "lowlevel.spectral_contrast_coeffs.stdev": [0.06363022327423096, 0.07219398021697998, 0.053856804966926575, 0.04671705141663551, 0.027117250487208366, 0.03751552477478981], "lowlevel.spectral_contrast_valleys.mean": [-6.44993257522583, -6.86760139465332, -7.121644973754883, -7.207920074462891, -7.0853095054626465, -9.820152282714844], "lowlevel.spectral_contrast_valleys.stdev": [0.5497868061065674, 0.6581645607948303, 0.6504838466644287, 0.5716413855552673, 0.4710981547832489, 0.6661521792411804], "rhythm.beats_loudness_band_ratio.mean": [0.43021249771118164, 0.23493926227092743, 0.11113548278808594, 0.1510835736989975, 0.0737542137503624, 0.05239628627896309], "rhythm.beats_loudness_band_ratio.stdev": [0.17835472524166107, 0.13447684049606323, 0.13080091774463654, 0.1443321257829666, 0.0685797706246376, 0.05876200646162033], "tonal.hpcp.mean": [0.7207017540931702, 0.3298472762107849, 0.05809163302183151, 0.046692561358213425, 0.04084169864654541, 0.07169991731643677, 0.08918659389019012, 0.05247800424695015, 0.03895176574587822, 0.048293519765138626, 0.045760687440633774, 0.062287088483572006, 0.06423269212245941, 0.042040176689624786, 0.1061876192688942, 0.17667318880558014, 0.10703223198652267, 0.04017215594649315, 0.04395899921655655, 0.061641670763492584, 0.1401257961988449, 0.1693190336227417, 0.1134410873055458, 0.09937626123428345, 0.09365282207727432, 0.06132996827363968, 0.0444042794406414, 0.04447207599878311, 0.04276123270392418, 0.0906381607055664, 0.11461139470338821, 0.06038134917616844, 0.04065994173288345, 0.051855672150850296, 0.09205091744661331, 0.48745423555374146], "tonal.hpcp.stdev": [0.3658390939235687, 0.23395055532455444, 0.15505102276802063, 0.14128832519054413, 0.1274421066045761, 0.16772735118865967, 0.18609705567359924, 0.11309985816478729, 0.09522903710603714, 0.12248647958040237, 0.12167305499315262, 0.12532822787761688, 0.11620496213436127, 0.10876399278640747, 0.18952399492263794, 0.303251177072525, 0.1877119243144989, 0.10242755711078644, 0.12132646888494492, 0.1505720317363739, 0.22365541756153107, 0.24141472578048706, 0.19417229294776917, 0.21348434686660767, 0.20060519874095917, 0.14694316685199738, 0.13378801941871643, 0.13346311450004578, 0.12987391650676727, 0.2010449469089508, 0.26403629779815674, 0.13439738750457764, 0.1165265291929245, 0.13674139976501465, 0.18763771653175354, 0.30241814255714417], "rhythm.beats_position": [0.5572788715362549, 1.1261677742004395, 1.695056676864624, 2.2755556106567383, 2.8560543060302734, 3.4481632709503174, 4.051881790161133, 4.667210578918457, 5.27092981338501, 5.886258602142334, 6.501587390899658, 7.116916179656982, 7.709024906158447, 8.28952407836914, 8.870022773742676, 9.438911437988281, 10.007800102233887, 10.565078735351562, 11.133968353271484, 11.70285701751709, 12.271745681762695, 12.8406343460083, 13.409523963928223, 13.990022659301758, 14.558911323547363, 15.139410018920898, 15.708298683166504, 16.27718734741211, 16.8344669342041, 17.403356552124023, 17.972244262695312, 18.541133880615234, 19.110021591186523, 19.690521240234375, 20.259410858154297, 20.828298568725586, 21.408798217773438, 21.977685928344727, 22.54657554626465, 23.1270751953125, 23.68435287475586, 24.24163246154785, 24.82213020324707, 25.402629852294922, 25.971519470214844, 26.540407180786133, 27.120906829833984, 27.678184509277344, 28.235464096069336, 28.792743682861328, 29.361631393432617, 29.93052101135254, 30.49941062927246, 31.06829833984375, 31.6487979888916, 32.21768569946289, 32.79818344116211, 33.36707305908203, 33.93596267700195, 34.504852294921875, 35.0737419128418, 35.64263153076172, 36.22312927246094, 36.803627014160156, 37.384124755859375], "rhythm.bpm_histogram": [0.0, 0.0, 0.0, 0.0, 0.0, 0.0, 0.0, 0.0, 0.0, 0.0, 0.0, 0.0, 0.0, 0.0, 0.0, 0.0, 0.0, 0.0, 0.0, 0.0, 0.0, 0.0, 0.0, 0.0, 0.0, 0.0, 0.0, 0.0, 0.0, 0.0, 0.0, 0.0, 0.0, 0.0, 0.0, 0.0, 0.0, 0.0, 0.0, 0.0, 0.0, 0.0, 0.0, 0.0, 0.0, 0.0, 0.0, 0.0, 0.0, 0.0, 0.0, 0.0, 0.0, 0.0, 0.0, 0.0, 0.0, 0.0, 0.0, 0.0, 0.0, 0.0, 0.0, 0.0, 0.0, 0.0, 0.0, 0.0, 0.0, 0.0, 0.0, 0.0, 0.0, 0.0, 0.0, 0.0, 0.0, 0.0, 0.0, 0.0, 0.0, 0.0, 0.0, 0.0, 0.0, 0.0, 0.0, 0.0, 0.0, 0.0, 0.0, 0.0, 0.0, 0.0, 0.0, 0.0, 0.0, 0.0, 0.0625, 0.03125, 0.0, 0.03125, 0.0, 0.265625, 0.0, 0.5, 0.0, 0.0, 0.109375, 0.0, 0.0, 0.0, 0.0, 0.0, 0.0, 0.0, 0.0, 0.0, 0.0, 0.0, 0.0, 0.0, 0.0, 0.0, 0.0, 0.0, 0.0, 0.0, 0.0, 0.0, 0.0, 0.0, 0.0, 0.0, 0.0, 0.0, 0.0, 0.0, 0.0, 0.0, 0.0, 0.0, 0.0, 0.0, 0.0, 0.0, 0.0, 0.0, 0.0, 0.0, 0.0, 0.0, 0.0, 0.0, 0.0, 0.0, 0.0, 0.0, 0.0, 0.0, 0.0, 0.0, 0.0, 0.0, 0.0, 0.0, 0.0, 0.0, 0.0, 0.0, 0.0, 0.0, 0.0, 0.0, 0.0, 0.0, 0.0, 0.0, 0.0, 0.0, 0.0, 0.0, 0.0, 0.0, 0.0, 0.0, 0.0, 0.0, 0.0, 0.0, 0.0, 0.0, 0.0, 0.0, 0.0, 0.0, 0.0, 0.0, 0.0, 0.0, 0.0, 0.0, 0.0, 0.0, 0.0, 0.0, 0.0, 0.0, 0.0, 0.0, 0.0, 0.0, 0.0, 0.0, 0.0, 0.0, 0.0, 0.0, 0.0, 0.0, 0.0, 0.0, 0.0, 0.0, 0.0, 0.0, 0.0, 0.0, 0.0, 0.0, 0.0, 0.0, 0.0, 0.0, 0.0, 0.0, 0.0, 0.0, 0.0, 0.0, 0.0, 0.0, 0.0, 0.0, 0.0, 0.0, 0.0, 0.0, 0.0, 0.0], "tonal.chords_histogram": [21.542226791381836, 0.0, 9.424724578857422, 0.0, 0.0, 9.791921615600586, 0.0, 0.7343941330909729, 1.1015912294387817, 57.28274154663086, 0.0, 0.0, 0.0, 0.0, 0.0, 0.0, 0.0, 0.0, 0.0, 0.0, 0.0, 0.0, 0.12239901721477509, 0.0], "tonal.thpcp": [1.0, 0.45767512917518616, 0.08060426265001297, 0.06478763371706009, 0.05666934698820114, 0.09948625415563583, 0.12374965846538544, 0.07281515002250671, 0.05404699593782425, 0.06700902432203293, 0.06349462270736694, 0.08642560988664627, 0.08912520855665207, 0.058332279324531555, 0.14733919501304626, 0.24514050781726837, 0.1485111266374588, 0.05574033409357071, 0.060994718223810196, 0.08553007245063782, 0.1944296658039093, 0.23493634164333344, 0.15740364789962769, 0.13788819313049316, 0.12994670867919922, 0.08509757369756699, 0.061612557619810104, 0.061706628650426865, 0.059332773089408875, 0.12576375901699066, 0.15902750194072723, 0.08378132432699203, 0.05641715228557587, 0.07195163518190384, 0.12772400677204132, 0.676360547542572], "lowlevel.gfcc.cov": [[1723.22900390625, -405.566650390625, -110.55193328857422, -208.41354370117188, -100.70964813232422, -6.648723602294922, -137.57525634765625, 48.6871223449707, 67.32160186767578, 178.29490661621094, -7.366694450378418, 85.3098373413086, -141.20616149902344], [-405.566650390625, 857.8729248046875, -213.4420166015625, -37.00944137573242, 65.6694107055664, -121.91161346435547, 81.10768127441406, 8.242982864379883, 97.17466735839844, -89.2432632446289, 75.63875579833984, -112.90748596191406, 135.06179809570312], [-110.55193328857422, -213.4420166015625, 337.6695861816406, 122.37259674072266, 1.920111894607544, 74.3829345703125, 45.38728713989258, -9.990178108215332, -83.8386459350586, -15.120593070983887, -28.681533813476562, 42.338890075683594, -28.074201583862305], [-208.41354370117188, -37.00944137573242, 122.37259674072266, 279.4535217285156, 68.10591888427734, 45.16246795654297, 25.898452758789062, -46.698848724365234, -18.54193115234375, -60.72532272338867, -3.801090717315674, -1.4148188829421997, 46.19752883911133], [-100.70964813232422, 65.6694107055664, 1.920111894607544, 68.10591888427734, 194.0569610595703, 32.04133987426758, -19.628250122070312, 6.453005313873291, 4.38712215423584, -1.2319765090942383, -27.69472312927246, -9.747211456298828, 25.987464904785156], [-6.648723602294922, -121.91161346435547, 74.3829345703125, 45.16246795654297, 32.04133987426758, 146.94480895996094, 86.10009765625, 10.722636222839355, -48.01852035522461, -31.528894424438477, -12.922986030578613, 4.4909563064575195, -16.415176391601562], [-137.57525634765625, 81.10768127441406, 45.38728713989258, 25.898452758789062, -19.628250122070312, 86.10009765625, 196.9684600830078, 38.62165451049805, -43.61420440673828, -72.7453384399414, -0.04464799910783768, -22.465795516967773, 6.943013668060303], [48.6871223449707, 8.242982864379883, -9.990178108215332, -46.698848724365234, 6.453005313873291, 10.722636222839355, 38.62165451049805, 106.98091888427734, 36.71574020385742, 13.282089233398438, -18.378442764282227, -20.592744827270508, -20.196840286254883], [67.32160186767578, 97.17466735839844, -83.8386459350586, -18.54193115234375, 4.38712215423584, -48.01852035522461, -43.61420440673828, 36.71574020385742, 148.67906188964844, 50.447757720947266, 7.163740158081055, -32.86125183105469, -8.113259315490723], [178.29490661621094, -89.2432632446289, -15.120593070983887, -60.72532272338867, -1.2319765090942383, -31.528894424438477, -72.7453384399414, 13.282089233398438, 50.447757720947266, 131.97793579101562, 22.89794921875, 26.679794311523438, -40.739803314208984], [-7.366694450378418, 75.63875579833984, -28.681533813476562, -3.801090717315674, -27.69472312927246, -12.922986030578613, -0.04464799910783768, -18.378442764282227, 7.163740158081055, 22.89794921875, 79.83756256103516, 18.78455352783203, 12.05434513092041], [85.3098373413086, -112.90748596191406, 42.338890075683594, -1.4148188829421997, -9.747211456298828, 4.4909563064575195, -22.465795516967773, -20.592744827270508, -32.86125183105469, 26.679794311523438, 18.78455352783203, 87.16400146484375, 9.431768417358398], [-141.20616149902344, 135.06179809570312, -28.074201583862305, 46.19752883911133, 25.987464904785156, -16.415176391601562, 6.943013668060303, -20.196840286254883, -8.113259315490723, -40.739803314208984, 12.05434513092041, 9.431768417358398, 99.62812805175781]], "lowlevel.gfcc.icov": [[0.0008790212450549006, 8.293097198475152e-05, 0.0005184632609598339, 8.386166882701218e-05, 0.0004358930455055088, -0.0004914274322800338, 0.00041983422124758363, -0.0002995551039930433, -0.00017154925444629043, -0.0004494694294407964, 0.00045564305037260056, -0.00100352568551898, 0.0007981026428751647], [8.293097198475152e-05, 0.005674733780324459, -0.0005227159126661718, 0.0032230750657618046, -0.004425894469022751, 0.0058170403353869915, -0.00450342521071434, 0.001866885693743825, -0.0033081432338804007, 0.003618340939283371, -0.006917276885360479, 0.0057285018265247345, -0.0049072508700191975], [0.0005184632609598339, -0.0005227159126661718, 0.0058382428251206875, -0.003386187134310603, 0.0016810346860438585, -0.0014669472584500909, 9.877621778286994e-05, -0.001353287254460156, 0.0027696629986166954, -0.0020785643719136715, 0.00321710086427629, -0.0034446443896740675, 0.00300981686450541], [8.386166882701218e-05, 0.0032230750657618046, -0.003386187134310603, 0.008690724149346352, -0.004611283540725708, 0.0023067716974765062, -0.0025288667529821396, 0.004084706772118807, -0.0045563471503555775, 0.004733663983643055, -0.005310931708663702, 0.0040573920123279095, -0.004824301227927208], [0.0004358930455055088, -0.004425894469022751, 0.0016810346860438585, -0.004611283540725708, 0.011131413280963898, -0.007661673706024885, 0.005755473859608173, -0.003207011613994837, 0.0033791649620980024, -0.005270618945360184, 0.008374937810003757, -0.003763070097193122, 0.0014754566363990307], [-0.0004914274322800338, 0.0058170403353869915, -0.0014669472584500909, 0.0023067716974765062, -0.007661673706024885, 0.01855595037341118, -0.010201527737081051, 0.0023129417095333338, -0.0016977855702862144, 0.004394231829792261, -0.007023608312010765, 0.004588829819113016, -0.0017557604005560279], [0.00041983422124758363, -0.00450342521071434, 9.877621778286994e-05, -0.0025288667529821396, 0.005755473859608173, -0.010201527737081051, 0.01480031292885542, -0.006644225679337978, 0.004088669084012508, 0.001166192116215825, 0.0024888673797249794, -0.002606096211820841, 0.0030955560505390167], [-0.0002995551039930433, 0.001866885693743825, -0.001353287254460156, 0.004084706772118807, -0.003207011613994837, 0.0023129417095333338, -0.006644225679337978, 0.015825677663087845, -0.005743748974055052, -0.0002882230037357658, 0.0009395641391165555, 0.0028458009473979473, -0.0013106754049658775], [-0.00017154925444629043, -0.0033081432338804007, 0.0027696629986166954, -0.0045563471503555775, 0.0033791649620980024, -0.0016977855702862144, 0.004088669084012508, -0.005743748974055052, 0.014557091519236565, -0.007061225362122059, 0.003552416106685996, 0.0012635505991056561, 0.002272875513881445], [-0.0004494694294407964, 0.003618340939283371, -0.0020785643719136715, 0.004733663983643055, -0.005270618945360184, 0.004394231829792261, 0.001166192116215825, -0.0002882230037357658, -0.007061225362122059, 0.01972116157412529, -0.01030796580016613, -0.001115153543651104, 0.0024782081600278616], [0.00045564305037260056, -0.006917276885360479, 0.00321710086427629, -0.005310931708663702, 0.008374937810003757, -0.007023608312010765, 0.0024888673797249794, 0.0009395641391165555, 0.003552416106685996, -0.01030796580016613, 0.026534628123044968, -0.010542417876422405, 0.003929422236979008], [-0.00100352568551898, 0.0057285018265247345, -0.0034446443896740675, 0.0040573920123279095, -0.003763070097193122, 0.004588829819113016, -0.002606096211820841, 0.0028458009473979473, 0.0012635505991056561, -0.001115153543651104, -0.010542417876422405, 0.025238782167434692, -0.011011021211743355], [0.0007981026428751647, -0.0049072508700191975, 0.00300981686450541, -0.004824301227927208, 0.0014754566363990307, -0.0017557604005560279, 0.0030955560505390167, -0.0013106754049658775, 0.002272875513881445, 0.0024782081600278616, 0.003929422236979008, -0.011011021211743355, 0.021516097709536552]], "lowlevel.mfcc.cov": [[1772.6929931640625, -229.3146514892578, -169.56776428222656, -223.26673889160156, -34.12993240356445, -82.79090881347656, -173.7772674560547, -97.27778625488281, -43.304805755615234, -9.012124061584473, 146.64561462402344, 177.19944763183594, -22.676834106445312], [-229.3146514892578, 695.0765991210938, -205.81488037109375, -2.2142748832702637, -22.096406936645508, -107.99655151367188, -5.397599697113037, -23.874698638916016, 65.3633041381836, 12.64117431640625, 18.073352813720703, 26.218055725097656, -6.036149024963379], [-169.56776428222656, -205.81488037109375, 320.3687438964844, 64.51101684570312, -50.47569274902344, 63.67662048339844, 74.3241195678711, 64.0434799194336, -30.822662353515625, -8.59257698059082, -36.40547180175781, -56.86532211303711, 22.411069869995117], [-223.26673889160156, -2.2142748832702637, 64.51101684570312, 208.45523071289062, 68.70349884033203, 49.16021728515625, 9.055496215820312, 14.759465217590332, 13.882503509521484, -1.4232654571533203, -62.655548095703125, -41.93803024291992, 20.660755157470703], [-34.12993240356445, -22.096406936645508, -50.47569274902344, 68.70349884033203, 200.0391387939453, 37.0320930480957, -46.388916015625, -37.90052795410156, 19.084613800048828, 11.76473331451416, -19.679914474487305, 0.01907588541507721, 16.960371017456055], [-82.79090881347656, -107.99655151367188, 63.67662048339844, 49.16021728515625, 37.0320930480957, 140.4899139404297, 66.26900482177734, 35.70319747924805, -13.685371398925781, -8.277793884277344, -30.65169906616211, -27.027721405029297, -3.973205327987671], [-173.7772674560547, -5.397599697113037, 74.3241195678711, 9.055496215820312, -46.388916015625, 66.26900482177734, 205.28550720214844, 98.4794692993164, 6.15256929397583, -13.485336303710938, -27.690690994262695, -47.502784729003906, -20.80130386352539], [-97.27778625488281, -23.874698638916016, 64.0434799194336, 14.759465217590332, -37.90052795410156, 35.70319747924805, 98.4794692993164, 135.70269775390625, 38.431705474853516, 13.592768669128418, -28.638717651367188, -33.694984436035156, -13.954628944396973], [-43.304805755615234, 65.3633041381836, -30.822662353515625, 13.882503509521484, 19.084613800048828, -13.685371398925781, 6.15256929397583, 38.431705474853516, 101.17707061767578, 42.900760650634766, -3.6263086795806885, -1.6704801321029663, -4.475536823272705], [-9.012124061584473, 12.64117431640625, -8.59257698059082, -1.4232654571533203, 11.76473331451416, -8.277793884277344, -13.485336303710938, 13.592768669128418, 42.900760650634766, 88.09700775146484, 32.21049118041992, 9.288373947143555, -7.110368251800537], [146.64561462402344, 18.073352813720703, -36.40547180175781, -62.655548095703125, -19.679914474487305, -30.65169906616211, -27.690690994262695, -28.638717651367188, -3.6263086795806885, 32.21049118041992, 114.69011688232422, 60.860626220703125, -6.485129356384277], [177.19944763183594, 26.218055725097656, -56.86532211303711, -41.93803024291992, 0.01907588541507721, -27.027721405029297, -47.502784729003906, -33.694984436035156, -1.6704801321029663, 9.288373947143555, 60.860626220703125, 101.88099670410156, 19.75099754333496], [-22.676834106445312, -6.036149024963379, 22.411069869995117, 20.660755157470703, 16.960371017456055, -3.973205327987671, -20.80130386352539, -13.954628944396973, -4.475536823272705, -7.110368251800537, -6.485129356384277, 19.75099754333496, 69.34602355957031]], "lowlevel.mfcc.icov": [[0.000898217607755214, 0.00047318844008259475, 0.0003497014695312828, 0.0004398273304104805, 0.00011231153621338308, 0.00013599879457615316, 0.00046567240497097373, -0.0001287644699914381, -3.996994928456843e-05, 0.00042082913569174707, -0.00025015935534611344, -0.0010859190952032804, 0.0005114192608743906], [0.00047318844008259475, 0.0024609973188489676, 0.0016658658860251307, -0.0006497977301478386, 0.0007090466096997261, 0.0014588636113330722, -0.0007630522595718503, 0.0005027161096222699, -0.0010328469797968864, 0.0003289607702754438, -0.00024586464860476553, -0.00047454831656068563, -0.00011413679021643475], [0.0003497014695312828, 0.0016658658860251307, 0.00610142108052969, -0.0016455684090033174, 0.002094810362905264, -0.00044066266855224967, -0.000541003595571965, -0.001376706873998046, 0.0013895415468141437, -0.0006042945897206664, -0.0009456135448999703, 0.002061033621430397, -0.002846846356987953], [0.0004398273304104805, -0.0006497977301478386, -0.0016455684090033174, 0.007786359637975693, -0.00216579157859087, -0.0015823541907593608, 0.0009753989870660007, -1.8214745068689808e-05, -0.0006209233542904258, -0.00033754066680558026, 0.0025056744925677776, 0.00042308506090193987, -0.0009336690418422222], [0.00011231153621338308, 0.0007090466096997261, 0.002094810362905264, -0.00216579157859087, 0.008045647293329239, -0.002912056166678667, 0.0010741649894043803, 0.0024173220153898, -0.002052291529253125, -0.0008479453390464187, 0.0005380433285608888, 0.0004501802322920412, -0.001556546427309513], [0.00013599879457615316, 0.0014588636113330722, -0.00044066266855224967, -0.0015823541907593608, -0.002912056166678667, 0.012125508859753609, -0.0037691243924200535, -0.0010757381096482277, 0.002279099775478244, -0.00040744899888522923, 0.0010844189673662186, -0.0012514634290710092, 0.0014083589194342494], [0.00046567240497097373, -0.0007630522595718503, -0.000541003595571965, 0.0009753989870660007, 0.0010741649894043803, -0.0037691243924200535, 0.010072650387883186, -0.005757164675742388, 0.0002793853054754436, 0.002347848378121853, -0.0014715356519445777, 0.0017589237540960312, 0.0009745094575919211], [-0.0001287644699914381, 0.0005027161096222699, -0.001376706873998046, -1.8214745068689808e-05, 0.0024173220153898, -0.0010757381096482277, -0.005757164675742388, 0.01569354347884655, -0.006047919858247042, -0.0019342561718076468, 0.0028497071471065283, -0.00027769780717790127, 0.0009871815564110875], [-3.996994928456843e-05, -0.0010328469797968864, 0.0013895415468141437, -0.0006209233542904258, -0.002052291529253125, 0.002279099775478244, 0.0002793853054754436, -0.006047919858247042, 0.017187807708978653, -0.0073381876572966576, 0.0020906522404402494, -0.0006843708688393235, -0.00012044681352563202], [0.00042082913569174707, 0.0003289607702754438, -0.0006042945897206664, -0.00033754066680558026, -0.0008479453390464187, -0.00040744899888522923, 0.002347848378121853, -0.0019342561718076468, -0.0073381876572966576, 0.018141018226742744, -0.007037153467535973, 0.0012238239869475365, 0.0013409986859187484], [-0.00025015935534611344, -0.00024586464860476553, -0.0009456135448999703, 0.0025056744925677776, 0.0005380433285608888, 0.0010844189673662186, -0.0014715356519445777, 0.0028497071471065283, 0.0020906522404402494, -0.007037153467535973, 0.017949996516108513, -0.009123077616095543, 0.003208894981071353], [-0.0010859190952032804, -0.00047454831656068563, 0.002061033621430397, 0.00042308506090193987, 0.0004501802322920412, -0.0012514634290710092, 0.0017589237540960312, -0.00027769780717790127, -0.0006843708688393235, 0.0012238239869475365, -0.009123077616095543, 0.020319802686572075, -0.007457925472408533], [0.0005114192608743906, -0.00011413679021643475, -0.002846846356987953, -0.0009336690418422222, -0.001556546427309513, 0.0014083589194342494, 0.0009745094575919211, 0.0009871815564110875, -0.00012044681352563202, 0.0013409986859187484, 0.003208894981071353, -0.007457925472408533, 0.019282277673482895]], "metadata.audio_properties.analysis.downmix": "mix", "metadata.audio_properties.codec": "mp3", "metadata.audio_properties.md5_encoded": "aed8536706721622a811e13bb3f5d602", "metadata.tags.file_name": "1183720427592372285.mp3", "metadata.version.essentia": "2.1-beta6-dev", "metadata.version.essentia_git_sha": "v2.1_beta5-1110-g77a6a954", "metadata.version.extractor": "music 2.0", "tonal.chords_key": "A", "tonal.chords_scale": "major", "tonal.key_edma.key": "D", "tonal.key_edma.scale": "minor", "tonal.key_krumhansl.key": "D", "tonal.key_