{"song_id": "1183667017467826236", "download": "https://cdn.discordapp.com/attachments/1135903449314238464/1183667017467826236/chirp.mp4?ex=65892ad0&amp", "lyrics": "(Chorus)\n\uaca8\uc6b8\ube44\uc758 \ub178\ub798\uac00 \ub4e4\ub824\uc640\n\ub0b4 \ub9c8\uc74c\uc744 \uc801\uc2dc\ub124\n\uc774\ubcc4\uc758 \uc544\ud514\ub3c4 \uc124\ub818\ub3c4\n\ubaa8\ub450 \ub2e4 \ud568\uaed8 \ub370\ub824\uac00", "style": ["POP</span><span>, Acoustic</span><span>, Classic</span><span>, Symphony</span><span>,"], "essentia_features": {"lowlevel.average_loudness": 0.9781163930892944, "lowlevel.barkbands_crest.mean": 16.3784122467041, "lowlevel.barkbands_crest.stdev": 5.7068190574646, "lowlevel.barkbands_flatness_db.mean": 0.2827848196029663, "lowlevel.barkbands_flatness_db.stdev": 0.0827091783285141, "lowlevel.barkbands_kurtosis.mean": 31.714767456054688, "lowlevel.barkbands_kurtosis.stdev": 41.5068359375, "lowlevel.barkbands_skewness.mean": 3.920900344848633, "lowlevel.barkbands_skewness.stdev": 2.367865562438965, "lowlevel.barkbands_spread.mean": 7.127542018890381, "lowlevel.barkbands_spread.stdev": 7.357414245605469, "lowlevel.dissonance.mean": 0.413034588098526, "lowlevel.dissonance.stdev": 0.04624026268720627, "lowlevel.dynamic_complexity": 1.5746210813522339, "lowlevel.erbbands_crest.mean": 11.280035018920898, "lowlevel.erbbands_crest.stdev": 4.129319667816162, "lowlevel.erbbands_flatness_db.mean": 0.1838022619485855, "lowlevel.erbbands_flatness_db.stdev": 0.04578973352909088, "lowlevel.erbbands_kurtosis.mean": 2.784538507461548, "lowlevel.erbbands_kurtosis.stdev": 5.302541732788086, "lowlevel.erbbands_skewness.mean": 1.0705597400665283, "lowlevel.erbbands_skewness.stdev": 1.0083681344985962, "lowlevel.erbbands_spread.mean": 35.299198150634766, "lowlevel.erbbands_spread.stdev": 23.919633865356445, "lowlevel.hfc.mean": 19.362030029296875, "lowlevel.hfc.stdev": 12.417757034301758, "lowlevel.loudness_ebu128.integrated": -10.212536811828613, "lowlevel.loudness_ebu128.loudness_range": 0.5568170547485352, "lowlevel.loudness_ebu128.momentary.mean": -10.293512344360352, "lowlevel.loudness_ebu128.momentary.stdev": 0.8534107804298401, "lowlevel.loudness_ebu128.short_term.mean": -10.181122779846191, "lowlevel.loudness_ebu128.short_term.stdev": 0.18920983374118805, "lowlevel.melbands_crest.mean": 20.34207534790039, "lowlevel.melbands_crest.stdev": 4.528444766998291, "lowlevel.melbands_flatness_db.mean": 0.37598028779029846, "lowlevel.melbands_flatness_db.stdev": 0.10043906420469284, "lowlevel.melbands_kurtosis.mean": 54.189292907714844, "lowlevel.melbands_kurtosis.stdev": 71.00300598144531, "lowlevel.melbands_skewness.mean": 4.653197288513184, "lowlevel.melbands_skewness.stdev": 2.5967869758605957, "lowlevel.melbands_spread.mean": 5.778277397155762, "lowlevel.melbands_spread.stdev": 5.934553146362305, "lowlevel.pitch_salience.mean": 0.3614819049835205, "lowlevel.pitch_salience.stdev": 0.12248556315898895, "lowlevel.silence_rate_20dB.mean": 1.0, "lowlevel.silence_rate_20dB.stdev": 0.0, "lowlevel.silence_rate_30dB.mean": 0.5886157751083374, "lowlevel.silence_rate_30dB.stdev": 0.4920830726623535, "lowlevel.silence_rate_60dB.mean": 0.0025873221457004547, "lowlevel.silence_rate_60dB.stdev": 0.05079969763755798, "lowlevel.spectral_centroid.mean": 485.48638916015625, "lowlevel.spectral_centroid.stdev": 352.3616943359375, "lowlevel.spectral_complexity.mean": 10.535575866699219, "lowlevel.spectral_complexity.stdev": 5.861297130584717, "lowlevel.spectral_decrease.mean": -2.4454305247445518e-08, "lowlevel.spectral_decrease.stdev": 1.2449036468353825e-08, "lowlevel.spectral_energy.mean": 0.09405241906642914, "lowlevel.spectral_energy.stdev": 0.04732959344983101, "lowlevel.spectral_energyband_high.mean": 0.00040498829912394285, "lowlevel.spectral_energyband_high.stdev": 0.0008133311639539897, "lowlevel.spectral_energyband_low.mean": 0.07427845895290375, "lowlevel.spectral_energyband_low.stdev": 0.0472756028175354, "lowlevel.spectral_energyband_middle_high.mean": 0.002369012450799346, "lowlevel.spectral_energyband_middle_high.stdev": 0.003341468283906579, "lowlevel.spectral_energyband_middle_low.mean": 0.019294602796435356, "lowlevel.spectral_energyband_middle_low.stdev": 0.014894439838826656, "lowlevel.spectral_entropy.mean": 6.595479488372803, "lowlevel.spectral_entropy.stdev": 0.6677432656288147, "lowlevel.spectral_flux.mean": 0.0882447138428688, "lowlevel.spectral_flux.stdev": 0.08630307018756866, "lowlevel.spectral_kurtosis.mean": 10.298284530639648, "lowlevel.spectral_kurtosis.stdev": 10.987849235534668, "lowlevel.spectral_rms.mean": 0.009249962866306305, "lowlevel.spectral_rms.stdev": 0.0024893053341656923, "lowlevel.spectral_rolloff.mean": 334.5024719238281, "lowlevel.spectral_rolloff.stdev": 389.0333251953125, "lowlevel.spectral_skewness.mean": 2.569941759109497, "lowlevel.spectral_skewness.stdev": 1.1507879495620728, "lowlevel.spectral_spread.mean": 4710060.5, "lowlevel.spectral_spread.stdev": 2029036.0, "lowlevel.spectral_strongpeak.mean": 0.9496986865997314, "lowlevel.spectral_strongpeak.stdev": 0.547597348690033, "lowlevel.zerocrossingrate.mean": 0.018730923533439636, "lowlevel.zerocrossingrate.stdev": 0.01458999514579773, "metadata.audio_properties.analysis.equal_loudness": 0.0, "metadata.audio_properties.analysis.length": 17.918956756591797, "metadata.audio_properties.analysis.sample_rate": 44100.0, "metadata.audio_properties.analysis.start_time": 0.0, "metadata.audio_properties.bit_rate": 120214.0, "metadata.audio_properties.length": 17.920000076293945, "metadata.audio_properties.lossless": 0.0, "metadata.audio_properties.number_channels": 1.0, "metadata.audio_properties.replay_gain": -13.11338996887207, "metadata.audio_properties.sample_rate": 48000.0, "rhythm.beats_count": 40.0, "rhythm.beats_loudness.mean": 0.12587951123714447, "rhythm.beats_loudness.stdev": 0.05463463440537453, "rhythm.bpm": 138.3260040283203, "rhythm.bpm_histogram_first_peak_bpm": 140.0, "rhythm.bpm_histogram_first_peak_weight": 0.42105263471603394, "rhythm.bpm_histogram_second_peak_bpm": 126.0, "rhythm.bpm_histogram_second_peak_spread": 0.0, "rhythm.bpm_histogram_second_peak_weight": 0.025641025975346565, "rhythm.danceability": 1.7834486961364746, "rhythm.onset_rate": 3.5679612159729004, "tonal.chords_changes_rate": 0.07235141843557358, "tonal.chords_number_rate": 0.0258397925645113, "tonal.chords_strength.mean": 0.4055089056491852, "tonal.chords_strength.stdev": 0.07969768345355988, "tonal.hpcp_crest.mean": 16.546855926513672, "tonal.hpcp_crest.stdev": 5.2465996742248535, "tonal.hpcp_entropy.mean": 1.4213250875473022, "tonal.hpcp_entropy.stdev": 0.48601868748664856, "tonal.key_edma.strength": 0.627593994140625, "tonal.key_krumhansl.strength": 0.6402750611305237, "tonal.key_temperley.strength": 0.621608555316925, "tonal.tuning_diatonic_strength": 0.5490814447402954, "tonal.tuning_equal_tempered_deviation": 0.04838574677705765, "tonal.tuning_frequency": 439.2381896972656, "tonal.tuning_nontempered_energy_ratio": 0.621191143989563, "lowlevel.barkbands.mean": [0.0002713406574912369, 0.05002811551094055, 0.02173537202179432, 0.004381811711937189, 0.0068209352903068066, 0.002682369202375412, 0.0007434261497110128, 0.0020073167979717255, 0.0025494478177279234, 0.000330731098074466, 0.00030106696067377925, 0.0001632531057111919, 0.00047598706441931427, 0.00025877621374092996, 0.00033004279248416424, 0.00023912041797302663, 9.087593934964389e-05, 0.00016268908802885562, 4.434313450474292e-05, 6.099301754147746e-05, 5.24048155057244e-05, 7.526219269493595e-05, 9.460192814003676e-05, 7.17685543349944e-05, 6.137279706308618e-05, 1.8726343114394695e-05, 3.563499717529339e-07], "lowlevel.barkbands.stdev": [0.0005787134286947548, 0.04755689576268196, 0.02370704896748066, 0.008750742301344872, 0.005617734510451555, 0.003832693910226226, 0.0015844677109271288, 0.0034517396707087755, 0.006004280876368284, 0.000687349762301892, 0.0006836112006567419, 0.0004694462986662984, 0.001268859370611608, 0.0005659839953295887, 0.00068317586556077, 0.0005908964085392654, 0.00022920557239558548, 0.00035645614843815565, 0.0001401945628458634, 0.00019174911722075194, 0.00016467038949485868, 0.000154707973706536, 0.00017827426199801266, 0.00015541781613137573, 0.0001320078590651974, 5.09674682689365e-05, 1.7487930108472938e-06], "lowlevel.erbbands.mean": [0.9140186905860901, 13.0347318649292, 27.937816619873047, 18.745040893554688, 19.82564353942871, 22.628276824951172, 24.63993263244629, 19.612377166748047, 11.668097496032715, 21.88966941833496, 45.927974700927734, 74.38038635253906, 15.507854461669922, 11.13636589050293, 13.074681282043457, 9.192546844482422, 17.67120361328125, 20.052675247192383, 19.158857345581055, 13.20587158203125, 10.021242141723633, 5.459545135498047, 9.438926696777344, 4.013885498046875, 2.2976317405700684, 2.896789073944092, 2.25616717338562, 2.0466978549957275, 2.6419410705566406, 2.9135186672210693, 2.5861358642578125, 1.52631676197052, 1.2463361024856567, 0.8344062566757202, 0.34033116698265076, 0.12492914497852325, 0.026178209111094475, 0.002391913440078497, 0.00010412625124445185, 0.00010665051377145573], "lowlevel.erbbands.stdev": [1.1624106168746948, 11.50792407989502, 22.72892189025879, 27.750089645385742, 23.298816680908203, 21.205663681030273, 31.97273063659668, 30.016477584838867, 22.617725372314453, 30.728792190551758, 89.97679901123047, 172.14205932617188, 31.041133880615234, 25.810972213745117, 27.5548152923584, 22.005809783935547, 55.111366271972656, 40.1649284362793, 41.84832000732422, 27.519428253173828, 24.245576858520508, 13.241560935974121, 20.585220336914062, 10.208312034606934, 6.656534671783447, 9.193256378173828, 8.077058792114258, 5.301108360290527, 5.392183303833008, 5.541435241699219, 4.9101457595825195, 3.253647804260254, 2.7872796058654785, 1.827504277229309, 0.770881175994873, 0.31504279375076294, 0.07998481392860413, 0.008250594139099121, 0.00021533030667342246, 5.296588278724812e-05], "lowlevel.gfcc.mean": [-23.352096557617188, 133.7792205810547, -60.989013671875, 40.74990463256836, -53.272422790527344, 28.93385124206543, -39.06124496459961, 10.518275260925293, -11.048105239868164, -5.63128662109375, -13.817370414733887, -8.129302978515625, -6.902199745178223], "lowlevel.melbands.mean": [0.0116192027926445, 0.015426377765834332, 0.003377661807462573, 0.0015596094308421016, 0.0008735168376006186, 0.0004371656686998904, 0.00016911534476093948, 0.0002748351253103465, 0.00038007242255844176, 0.0004443128127604723, 5.854462870047428e-05, 4.35591209679842e-05, 4.099132274859585e-05, 2.597770253487397e-05, 2.7194138965569437e-05, 4.544582043308765e-05, 3.474563345662318e-05, 3.0277440600912087e-05, 1.6215544746955857e-05, 2.0955101717845537e-05, 9.418195077159908e-06, 5.160791715752566e-06, 6.9382831497932784e-06, 8.927927410695702e-06, 2.516527501938981e-06, 1.4022434697835706e-06, 2.007153852900956e-06, 1.909184675241704e-06, 1.3721781897402252e-06, 1.311077085119905e-06, 1.117557758334442e-06, 1.5036342801977298e-06, 1.5021147419247427e-06, 1.7265534779653535e-06, 1.6301337382174097e-06, 1.086588554244372e-06, 8.858633009367622e-07, 8.888120532901667e-07, 8.132266771099239e-07, 6.682087132503511e-07], "lowlevel.melbands.stdev": [0.012377936393022537, 0.009538544341921806, 0.004461229313164949, 0.0014328499091789126, 0.0008899997337721288, 0.0006493662367574871, 0.00034963656798936427, 0.00037632614839822054, 0.0007024199585430324, 0.0011091510532423854, 0.00011852843454107642, 0.00011036147770937532, 9.500810847384855e-05, 6.308833690127358e-05, 0.00010700182610889897, 0.00010092217416968197, 7.29264211258851e-05, 6.902322638779879e-05, 3.0564879125449806e-05, 5.3228075557854027e-05, 2.7558695364859886e-05, 1.4257823750085663e-05, 1.6063115253928117e-05, 2.183493234042544e-05, 7.570743491669418e-06, 4.6827199184917845e-06, 5.480133495439077e-06, 6.595951163035352e-06, 5.16513364345883e-06, 4.279826043784851e-06, 2.805454869303503e-06, 3.1990728075470543e-06, 3.272915137131349e-06, 3.341867568451562e-06, 3.1084962301974883e-06, 2.323871058251825e-06, 1.9640276605059626e-06, 2.0267027593945386e-06, 1.8573186935100239e-06, 1.460650878470915e-06], "lowlevel.melbands128.mean": [0.0001969455770449713, 0.004128216300159693, 0.018051745370030403, 0.022958803921937943, 0.017183315008878708, 0.009359779767692089, 0.0036049869377166033, 0.002117415890097618, 0.0019806926138699055, 0.0017108169849961996, 0.0011998771224170923, 0.0008555834065191448, 0.0009092774707823992, 0.0007023453363217413, 0.0005501272389665246, 0.000209461766644381, 0.00013003265485167503, 0.00021540092711802572, 0.00014056226063985378, 0.00023169508494902402, 0.00033900889684446156, 0.0003656812768895179, 0.000400979450205341, 0.0003279646916780621, 0.0006416267133317888, 0.0004772265092469752, 3.115321305813268e-05, 4.4666849134955555e-05, 1.8190745322499424e-05, 7.032354187685996e-05, 3.513924821163528e-05, 2.8357018891256303e-05, 4.157025250606239e-05, 6.322337867459282e-05, 1.321346644544974e-05, 2.633694020914845e-05, 2.4159575332305394e-05, 9.711414350022096e-06, 5.104895535623655e-05, 3.421768269618042e-05, 3.64917068509385e-05, 7.74096988607198e-05, 2.5292159989476204e-05, 2.4781586034805514e-05, 1.7606906112632714e-05, 4.187686135992408e-05, 3.5427121474640444e-05, 7.186262791947229e-06, 1.1929454558412544e-05, 1.9126884581055492e-05, 2.924183900177013e-05, 1.4548283616022673e-05, 1.0174295312026516e-05, 7.443364211212611e-06, 5.25846189702861e-06, 5.33441016159486e-06, 3.694497536343988e-06, 6.746120561729185e-06, 7.851042937545571e-06, 8.716034244571347e-06, 1.2950971722602844e-05, 4.703285412688274e-06, 3.172822971464484e-06, 2.0559318727464415e-06, 1.2484239277910092e-06, 1.356527036477928e-06, 1.4384403357325937e-06, 1.5854400317039108e-06, 2.520564748920151e-06, 2.1061812276457204e-06, 1.8152362599721528e-06, 2.0119921373407124e-06, 1.288224893869483e-06, 1.2390554502417217e-06, 1.487993586124503e-06, 1.2342975423962343e-06, 1.4426165080294595e-06, 1.0211587095909636e-06, 1.063561626324372e-06, 1.108066612687253e-06, 1.681791786722897e-06, 1.395709659846034e-06, 1.6102155768749071e-06, 1.5371525705631939e-06, 1.4720546914759325e-06, 1.4029679960003705e-06, 2.0752079308294924e-06, 1.867813239186944e-06, 1.7050501810444985e-06, 1.3325181953405263e-06, 1.2379420013530762e-06, 1.050304717864492e-06, 7.799570767019759e-07, 8.621959750598762e-07, 9.560276339470875e-07, 9.289163926951005e-07, 8.517735636814905e-07, 8.712847829883685e-07, 7.588166681671282e-07, 8.677351956976054e-07, 7.590248856104154e-07, 6.203533189363952e-07, 5.841459369548829e-07, 4.259840409304161e-07, 3.620279187543929e-07, 3.138714532724407e-07, 2.8436531351871963e-07, 2.6823457233149384e-07, 2.2754100825750356e-07, 1.5876267411840672e-07, 1.2082865907814266e-07, 9.60677652983577e-08, 7.749944330726066e-08, 5.471440189808163e-08, 3.163120254612295e-08, 2.0783767595844438e-08, 1.1429780677474355e-08, 2.0629202790445333e-09, 2.8013294461892713e-10, 1.635803159594218e-10, 8.383563981917419e-11, 2.272557662885699e-11, 1.7856471509758443e-11, 1.7349996439541826e-11, 1.647127399750925e-11, 1.4957757255018578e-11, 1.4026654837628882e-11, 1.3834446609128914e-11], "lowlevel.melbands128.stdev": [0.00043273664778098464, 0.007053683046251535, 0.022323692217469215, 0.02028971165418625, 0.013085043989121914, 0.011292535811662674, 0.006286658346652985, 0.00403134198859334, 0.002506001852452755, 0.0019623320549726486, 0.0013758244458585978, 0.0009269895381294191, 0.001534361974336207, 0.0013792329700663686, 0.0010222524870187044, 0.0003692468162626028, 0.0002601293090265244, 0.0006263432442210615, 0.00034158409107476473, 0.00041094498010352254, 0.0005875263595953584, 0.0009312988258898258, 0.0010608453303575516, 0.0009487144998274744, 0.001574374153278768, 0.0016684024594724178, 7.047308463370427e-05, 0.0001340192393399775, 3.546998050296679e-05, 0.00020229800429660827, 0.00010521378135308623, 0.00011405526311136782, 0.0001242852449649945, 0.00014543918950948864, 5.690414036507718e-05, 8.993574738269672e-05, 6.815917731728405e-05, 4.3955224100500345e-05, 0.0003133741265628487, 0.00012081884779036045, 8.299861656269059e-05, 0.00024565248168073595, 7.840494072297588e-05, 7.288874621735886e-05, 8.708604582352564e-05, 0.0001250465284101665, 8.898960368242115e-05, 2.9586110031232238e-05, 3.5679175198310986e-05, 6.693210161756724e-05, 0.00010061929060611874, 4.295766484574415e-05, 4.2792311433004215e-05, 3.246169217163697e-05, 1.604401768418029e-05, 2.078787292703055e-05, 1.2122481166443322e-05, 2.007468356168829e-05, 2.3247263015946373e-05, 2.4230261260527186e-05, 4.222430652589537e-05, 1.4749121874046978e-05, 1.0724907042458653e-05, 8.268348210549448e-06, 5.185732334211934e-06, 4.952592007612111e-06, 4.710735538537847e-06, 5.641398274747189e-06, 7.121777343854774e-06, 7.303114671231015e-06, 6.529386610054644e-06, 9.299190423917025e-06, 5.200046416575788e-06, 4.948027708451264e-06, 6.2597259784524795e-06, 4.865182745561469e-06, 4.305036327423295e-06, 3.190505822203704e-06, 2.815217612806009e-06, 3.085941443714546e-06, 3.997236944996985e-06, 2.9862794690416194e-06, 3.8378821045625955e-06, 3.799178330154973e-06, 3.3587812140467577e-06, 2.9837208330718568e-06, 4.472261480259476e-06, 4.2878195927187335e-06, 3.309833346065716e-06, 2.5858446406346047e-06, 3.0944829632062465e-06, 2.2946846911509056e-06, 2.0337829482741654e-06, 2.131451537934481e-06, 2.1578964606305817e-06, 2.3282707388716517e-06, 2.0512461560429074e-06, 2.184554205086897e-06, 1.770260723787942e-06, 2.14641750062583e-06, 1.8455700683261966e-06, 1.3669822465089965e-06, 1.3440470638670377e-06, 1.0999060577887576e-06, 9.787712542674853e-07, 7.994206043804297e-07, 6.902366749272915e-07, 6.725604180246592e-07, 6.530966629725299e-07, 4.841560894419672e-07, 3.720065819834417e-07, 2.930819391622208e-07, 3.0924019256417523e-07, 2.1484056844656152e-07, 1.180838822278929e-07, 8.532075668199468e-08, 5.208498876640988e-08, 1.4709621076747226e-08, 3.5147036392402242e-09, 2.9036377746649578e-09, 1.3635469420236745e-09, 1.4007070503474495e-10, 7.911219596090646e-11, 7.453900691123394e-11, 5.4955946043877546e-11, 2.6030212707528477e-11, 1.6934084343112055e-11, 1.6645431560879942e-11], "lowlevel.mfcc.mean": [-683.3984375, 157.47933959960938, 54.96038055419922, 24.26026153564453, 24.064376831054688, 14.349725723266602, -2.1265814304351807, 11.566625595092773, 5.754004955291748, 5.077131748199463, 4.619425296783447, -0.5582480430603027, -0.9915553331375122], "lowlevel.spectral_contrast_coeffs.mean": [-0.6506657004356384, -0.6779659390449524, -0.7375505566596985, -0.7675255537033081, -0.7967615127563477, -0.7948789000511169], "lowlevel.spectral_contrast_coeffs.stdev": [0.06623417139053345, 0.08008304983377457, 0.06977714598178864, 0.07323513180017471, 0.04822104796767235, 0.03940966725349426], "lowlevel.spectral_contrast_valleys.mean": [-5.966269016265869, -7.110411167144775, -8.241222381591797, -8.57203483581543, -8.800362586975098, -10.551152229309082], "lowlevel.spectral_contrast_valleys.stdev": [0.5191999077796936, 0.6480066776275635, 0.6999330520629883, 0.8111476898193359, 0.9887568950653076, 0.9360672235488892], "rhythm.beats_loudness_band_ratio.mean": [0.8309473991394043, 0.08574885129928589, 0.06518612802028656, 0.014726495370268822, 0.014304101467132568, 0.005713163409382105], "rhythm.beats_loudness_band_ratio.stdev": [0.13702824711799622, 0.07270470261573792, 0.07428465038537979, 0.01987251080572605, 0.018149016425013542, 0.00638034101575613], "tonal.hpcp.mean": [0.059562817215919495, 0.04838654026389122, 0.08142120391130447, 0.19655975699424744, 0.1338270902633667, 0.012734005227684975, 0.018234826624393463, 0.022405309602618217, 0.08474410325288773, 0.13673484325408936, 0.06794725358486176, 0.01843559369444847, 0.029444007202982903, 0.024266354739665985, 0.08929003775119781, 0.31175363063812256, 0.2596249580383301, 0.04878099635243416, 0.03530504181981087, 0.026398908346891403, 0.03706648573279381, 0.056568846106529236, 0.045473355799913406, 0.10165545344352722, 0.15932713449001312, 0.07716533541679382, 0.013304476626217365, 0.015434364788234234, 0.022355064749717712, 0.155166894197464, 0.23866388201713562, 0.10482704639434814, 0.013990319333970547, 0.012804131023585796, 0.01448149885982275, 0.03398553654551506], "tonal.hpcp.stdev": [0.14356552064418793, 0.13985048234462738, 0.1715967208147049, 0.37802019715309143, 0.26849326491355896, 0.06866824626922607, 0.10083214193582535, 0.121570885181427, 0.19457347691059113, 0.295507550239563, 0.15080633759498596, 0.11639236658811569, 0.15098343789577484, 0.12219356745481491, 0.16328667104244232, 0.40352174639701843, 0.3636011779308319, 0.16507069766521454, 0.1521371454000473, 0.13279989361763, 0.127122163772583, 0.19154085218906403, 0.14983505010604858, 0.19624514877796173, 0.3029557168483734, 0.15865540504455566, 0.0651538223028183, 0.08013398200273514, 0.12139465659856796, 0.26153722405433655, 0.4050702750682831, 0.1849680095911026, 0.09081318974494934, 0.0758572593331337, 0.08228692412376404, 0.10095848143100739], "rhythm.beats_position": [0.4527890980243683, 0.9287981986999512, 1.369977355003357, 1.8111563920974731, 2.252335548400879, 2.6819047927856445, 3.111473798751831, 3.5526530742645264, 3.982222080230713, 4.4117913246154785, 4.841360569000244, 5.282539367675781, 5.712108612060547, 6.153287887573242, 6.5944671630859375, 7.012426376342773, 7.4536051750183105, 7.894784450531006, 8.324353218078613, 8.753922462463379, 9.183491706848145, 9.61306095123291, 10.054240226745605, 10.483809471130371, 10.913378715515137, 11.354557991027832, 11.784127235412598, 12.213695526123047, 12.654874801635742, 13.084444046020508, 13.514013290405273, 13.955192565917969, 14.384761810302734, 14.8143310546875, 15.255510330200195, 15.685078620910645, 16.126258850097656, 16.555828094482422, 16.985397338867188, 17.414966583251953], "rhythm.bpm_histogram": [0.0, 0.0, 0.0, 0.0, 0.0, 0.0, 0.0, 0.0, 0.0, 0.0, 0.0, 0.0, 0.0, 0.0, 0.0, 0.0, 0.0, 0.0, 0.0, 0.0, 0.0, 0.0, 0.0, 0.0, 0.0, 0.0, 0.0, 0.0, 0.0, 0.0, 0.0, 0.0, 0.0, 0.0, 0.0, 0.0, 0.0, 0.0, 0.0, 0.0, 0.0, 0.0, 0.0, 0.0, 0.0, 0.0, 0.0, 0.0, 0.0, 0.0, 0.0, 0.0, 0.0, 0.0, 0.0, 0.0, 0.0, 0.0, 0.0, 0.0, 0.0, 0.0, 0.0, 0.0, 0.0, 0.0, 0.0, 0.0, 0.0, 0.0, 0.0, 0.0, 0.0, 0.0, 0.0, 0.0, 0.0, 0.0, 0.0, 0.0, 0.0, 0.0, 0.0, 0.0, 0.0, 0.0, 0.0, 0.0, 0.0, 0.0, 0.0, 0.0, 0.0, 0.0, 0.0, 0.0, 0.0, 0.0, 0.0, 0.0, 0.0, 0.0, 0.0, 0.0, 0.0, 0.0, 0.0, 0.0, 0.0, 0.0, 0.0, 0.0, 0.0, 0.0, 0.0, 0.0, 0.0, 0.0, 0.0, 0.0, 0.0, 0.0, 0.0, 0.0, 0.0, 0.0, 0.025641025975346565, 0.0, 0.0, 0.0, 0.0, 0.0, 0.0, 0.0, 0.0, 0.0, 0.38461539149284363, 0.0, 0.0, 0.0, 0.5641025900840759, 0.0, 0.0, 0.0, 0.025641025975346565, 0.0, 0.0, 0.0, 0.0, 0.0, 0.0, 0.0, 0.0, 0.0, 0.0, 0.0, 0.0, 0.0, 0.0, 0.0, 0.0, 0.0, 0.0, 0.0, 0.0, 0.0, 0.0, 0.0, 0.0, 0.0, 0.0, 0.0, 0.0, 0.0, 0.0, 0.0, 0.0, 0.0, 0.0, 0.0, 0.0, 0.0, 0.0, 0.0, 0.0, 0.0, 0.0, 0.0, 0.0, 0.0, 0.0, 0.0, 0.0, 0.0, 0.0, 0.0, 0.0, 0.0, 0.0, 0.0, 0.0, 0.0, 0.0, 0.0, 0.0, 0.0, 0.0, 0.0, 0.0, 0.0, 0.0, 0.0, 0.0, 0.0, 0.0, 0.0, 0.0, 0.0, 0.0, 0.0, 0.0, 0.0, 0.0, 0.0, 0.0, 0.0, 0.0, 0.0, 0.0, 0.0, 0.0, 0.0, 0.0, 0.0, 0.0, 0.0, 0.0, 0.0, 0.0, 0.0, 0.0, 0.0, 0.0, 0.0, 0.0, 0.0, 0.0, 0.0, 0.0, 0.0], "tonal.chords_histogram": [19.638242721557617, 18.604650497436523, 3.6175711154937744, 21.963825225830078, 4.909560680389404, 6.459948539733887, 0.0, 6.201550483703613, 0.0, 0.0, 0.0, 0.0, 0.0, 0.0, 0.0, 0.0, 0.0, 0.0, 2.3255813121795654, 0.0, 4.651162624359131, 0.0, 11.627906799316406, 0.0], "tonal.thpcp": [1.0, 0.83278888463974, 0.15647290647029877, 0.1132466122508049, 0.0846787542104721, 0.1188967227935791, 0.18145368993282318, 0.1458631157875061, 0.3260762393474579, 0.5110674500465393, 0.24752025306224823, 0.042676251381635666, 0.04950821027159691, 0.07170747220516205, 0.4977228045463562, 0.7655528783798218, 0.3362496495246887, 0.04487620294094086, 0.04107131436467171, 0.046451739966869354, 0.10901408642530441, 0.19105733931064606, 0.15520761907100677, 0.2611716389656067, 0.6304970979690552, 0.42927196621894836, 0.04084637388586998, 0.058491144329309464, 0.0718686431646347, 0.27183037996292114, 0.4385990500450134, 0.21795175969600677, 0.059135135263204575, 0.09444639831781387, 0.0778382420539856, 0.28641217947006226], "lowlevel.gfcc.cov": [[4692.3466796875, -1485.14453125, -1255.76953125, 287.9101257324219, -266.9795227050781, 276.2233581542969, -338.5125427246094, 262.97698974609375, -203.2797088623047, 222.49038696289062, -311.1412658691406, -90.56790161132812, -300.2854309082031], [-1485.14453125, 1360.7794189453125, 232.8184356689453, -454.3902282714844, 163.23997497558594, -56.31947326660156, 230.8348388671875, -137.8256072998047, 219.1377716064453, -147.1616668701172, 253.3590087890625, -77.44596099853516, 146.98512268066406], [-1255.76953125, 232.8184356689453, 1186.799072265625, 63.6305046081543, 32.78999328613281, -33.81819534301758, 191.39434814453125, -48.09001922607422, 36.611637115478516, 26.686120986938477, 72.901611328125, 190.7482147216797, 61.04647445678711], [287.9101257324219, -454.3902282714844, 63.6305046081543, 510.8536682128906, 52.10655212402344, -79.76602172851562, -75.77272033691406, 51.91709518432617, 24.0067195892334, 23.440120697021484, -91.63287353515625, 19.664758682250977, 46.102657318115234], [-266.9795227050781, 163.23997497558594, 32.78999328613281, 52.10655212402344, 227.2491912841797, -21.50977897644043, 31.898460388183594, 0.8385264277458191, 71.72071838378906, -2.6971278190612793, 36.75340270996094, -17.351173400878906, 39.771854400634766], [276.2233581542969, -56.31947326660156, -33.81819534301758, -79.76602172851562, -21.50977897644043, 153.10154724121094, 48.44830322265625, -11.109010696411133, -38.41858673095703, 41.09330749511719, 27.336929321289062, -26.371734619140625, -36.7792854309082], [-338.5125427246094, 230.8348388671875, 191.39434814453125, -75.77272033691406, 31.898460388183594, 48.44830322265625, 226.61334228515625, 1.478033185005188, 22.4567813873291, 9.223189353942871, 85.19122314453125, 29.111183166503906, 24.640308380126953], [262.97698974609375, -137.8256072998047, -48.09001922607422, 51.91709518432617, 0.8385264277458191, -11.109010696411133, 1.478033185005188, 146.53469848632812, 47.59368896484375, 14.24856948852539, -28.73687171936035, 40.51240921020508, 17.929697036743164], [-203.2797088623047, 219.1377716064453, 36.611637115478516, 24.0067195892334, 71.72071838378906, -38.41858673095703, 22.4567813873291, 47.59368896484375, 207.6032257080078, -15.569483757019043, 12.230794906616211, 21.80808448791504, 73.82581329345703], [222.49038696289062, -147.1616668701172, 26.686120986938477, 23.440120697021484, -2.6971278190612793, 41.09330749511719, 9.223189353942871, 14.24856948852539, -15.569483757019043, 123.33349609375, 24.524444580078125, 24.434635162353516, -30.627063751220703], [-311.1412658691406, 253.3590087890625, 72.901611328125, -91.63287353515625, 36.75340270996094, 27.336929321289062, 85.19122314453125, -28.73687171936035, 12.230794906616211, 24.524444580078125, 170.550537109375, 13.90324592590332, 21.96711540222168], [-90.56790161132812, -77.44596099853516, 190.7482147216797, 19.664758682250977, -17.351173400878906, -26.371734619140625, 29.111183166503906, 40.51240921020508, 21.80808448791504, 24.434635162353516, 13.90324592590332, 192.01170349121094, 24.009105682373047], [-300.2854309082031, 146.98512268066406, 61.04647445678711, 46.102657318115234, 39.771854400634766, -36.7792854309082, 24.640308380126953, 17.929697036743164, 73.82581329345703, -30.627063751220703, 21.96711540222168, 24.009105682373047, 127.72271728515625]], "lowlevel.gfcc.icov": [[0.000723994045984, -0.0005255643045529723, 0.0007075058529153466, -0.0009608995751477778, 0.0005400030058808625, -0.0016530384309589863, 0.0005719109321944416, -0.0012057129060849547, 0.0004946092958562076, -0.0009527707588858902, 0.0009448736673220992, -0.0006355044315569103, 0.001173025812022388], [-0.0005255643045529723, 0.008156964555382729, -0.0015179328620433807, 0.006935668643563986, -0.0023382026702165604, 0.006277215201407671, -0.003817329416051507, 0.005753509700298309, -0.006699675694108009, 0.005489915143698454, -0.006451567634940147, 0.004956240765750408, -0.0045693982392549515], [0.0007075058529153466, -0.0015179328620433807, 0.002106812782585621, -0.0020258473232388496, 0.0007800552411936224, -0.0019364532781764865, -0.00011909237218787894, -0.0008343857480213046, 0.001218213583342731, -0.0017454689368605614, 0.0017843658570200205, -0.002397777047008276, 0.001495244912803173], [-0.0009608995751477778, 0.006935668643563986, -0.0020258473232388496, 0.009092369116842747, -0.003038587747141719, 0.007290561217814684, -0.0028791686054319143, 0.004859526641666889, -0.005238648969680071, 0.003685113973915577, -0.004346695728600025, 0.004737842828035355, -0.005866969935595989], [0.0005400030058808625, -0.0023382026702165604, 0.0007800552411936224, -0.003038587747141719, 0.006460309959948063, -0.0019500341732054949, 0.0006542510818690062, -0.00175470148678869, 0.00025404582265764475, -0.0020606208126991987, 0.0009180242195725441, -0.00059122295351699, 0.0015435534296557307], [-0.0016530384309589863, 0.006277215201407671, -0.0019364532781764865, 0.007290561217814684, -0.0019500341732054949, 0.0165848471224308, -0.0058546713553369045, 0.005945862270891666, -0.004345540422946215, 0.002093278104439378, -0.005829706788063049, 0.005840912461280823, -0.004220093134790659], [0.0005719109321944416, -0.003817329416051507, -0.00011909237218787894, -0.0028791686054319143, 0.0006542510818690062, -0.0058546713553369045, 0.009079673327505589, -0.004369343165308237, 0.0030407060403376818, -0.0020437079947441816, 0.0007757341954857111, -0.0024332304019480944, 0.0018822174752131104], [-0.0012057129060849547, 0.005753509700298309, -0.0008343857480213046, 0.004859526641666889, -0.00175470148678869, 0.005945862270891666, -0.004369343165308237, 0.014312884770333767, -0.006816414184868336, 0.003250701818615198, -0.0032567563466727734, 0.001572140958160162, -0.004734850022941828], [0.0004946092958562076, -0.006699675694108009, 0.001218213583342731, -0.005238648969680071, 0.00025404582265764475, -0.004345540422946215, 0.0030407060403376818, -0.006816414184868336, 0.01264022197574377, -0.0046884408220648766, 0.005514280404895544, -0.004053190816193819, 0.0006044345791451633], [-0.0009527707588858902, 0.005489915143698454, -0.0017454689368605614, 0.003685113973915577, -0.0020606208126991987, 0.002093278104439378, -0.0020437079947441816, 0.003250701818615198, -0.0046884408220648766, 0.015444250777363777, -0.007468745578080416, 0.0020239371806383133, -0.0005539071280509233], [0.0009448736673220992, -0.006451567634940147, 0.0017843658570200205, -0.004346695728600025, 0.0009180242195725441, -0.005829706788063049, 0.0007757341954857111, -0.0032567563466727734, 0.005514280404895544, -0.007468745578080416, 0.014662022702395916, -0.004629136528819799, 0.0020752197597175837], [-0.0006355044315569103, 0.004956240765750408, -0.002397777047008276, 0.004737842828035355, -0.00059122295351699, 0.005840912461280823, -0.0024332304019480944, 0.001572140958160162, -0.004053190816193819, 0.0020239371806383133, -0.004629136528819799, 0.010630871169269085, -0.0040212357416749], [0.001173025812022388, -0.0045693982392549515, 0.001495244912803173, -0.005866969935595989, 0.0015435534296557307, -0.004220093134790659, 0.0018822174752131104, -0.004734850022941828, 0.0006044345791451633, -0.0005539071280509233, 0.0020752197597175837, -0.0040212357416749, 0.015771398320794106]], "lowlevel.mfcc.cov": [[5657.73681640625, -1904.47705078125, -1162.4334716796875, -175.44845581054688, -0.36263105273246765, -49.27131271362305, -102.67658233642578, -155.94093322753906, -84.8675537109375, 248.29788208007812, 212.6901092529297, -231.88230895996094, -344.5519714355469], [-1904.47705078125, 1650.1541748046875, 215.11148071289062, -301.5851745605469, -58.813289642333984, 24.376619338989258, 75.72322082519531, 67.906982421875, 7.624960899353027, -53.288455963134766, 39.837554931640625, 143.4210205078125, 147.18064880371094], [-1162.4334716796875, 215.11148071289062, 835.437744140625, 126.37316131591797, -73.93803405761719, 59.668060302734375, 54.76072311401367, 71.45933532714844, 45.905426025390625, -84.4113998413086, -95.88037109375, 114.66007232666016, 156.45819091796875], [-175.44845581054688, -301.5851745605469, 126.37316131591797, 450.66290283203125, 107.42285919189453, -16.755380630493164, -71.17382049560547, 42.40309143066406, 95.8978271484375, -35.279510498046875, -54.77131652832031, -5.374619007110596, 34.88957977294922], [-0.36263105273246765, -58.813289642333984, -73.93803405761719, 107.42285919189453, 212.88534545898438, -9.581353187561035, -65.55860137939453, -17.8552188873291, 18.946245193481445, 41.64915466308594, 7.658104419708252, -38.85865020751953, -35.79404830932617], [-49.27131271362305, 24.376619338989258, 59.668060302734375, -16.755380630493164, -9.581353187561035, 155.30714416503906, 63.42951202392578, -22.623796463012695, -29.210124969482422, 23.622034072875977, 32.04695510864258, -2.7123453617095947, -24.85489273071289], [-102.67658233642578, 75.72322082519531, 54.76072311401367, -71.17382049560547, -65.55860137939453, 63.42951202392578, 232.24217224121094, -31.885984420776367, -59.4090576171875, 29.91097640991211, 11.842073440551758, 40.441741943359375, -0.9017996788024902], [-155.94093322753906, 67.906982421875, 71.45933532714844, 42.40309143066406, -17.8552188873291, -22.623796463012695, -31.885984420776367, 153.80731201171875, 67.35664367675781, -45.376136779785156, -17.707374572753906, 25.584091186523438, 69.21920013427734], [-84.8675537109375, 7.624960899353027, 45.905426025390625, 95.8978271484375, 18.946245193481445, -29.210124969482422, -59.4090576171875, 67.35664367675781, 168.24337768554688, -0.5690168738365173, -24.086772918701172, 15.687463760375977, 49.984100341796875], [248.29788208007812, -53.288455963134766, -84.4113998413086, -35.279510498046875, 41.64915466308594, 23.622034072875977, 29.91097640991211, -45.376136779785156, -0.5690168738365173, 127.70488739013672, 45.904685974121094, -31.02383041381836, -67.0764389038086], [212.6901092529297, 39.837554931640625, -95.88037109375, -54.77131652832031, 7.658104419708252, 32.04695510864258, 11.842073440551758, -17.707374572753906, -24.086772918701172, 45.904685974121094, 141.1783905029297, 15.358095169067383, -33.567344665527344], [-231.88230895996094, 143.4210205078125, 114.66007232666016, -5.374619007110596, -38.85865020751953, -2.7123453617095947, 40.441741943359375, 25.584091186523438, 15.687463760375977, -31.02383041381836, 15.358095169067383, 135.63868713378906, 89.30472564697266], [-344.5519714355469, 147.18064880371094, 156.45819091796875, 34.88957977294922, -35.79404830932617, -24.85489273071289, -0.9017996788024902, 69.21920013427734, 49.984100341796875, -67.0764389038086, -33.567344665527344, 89.30472564697266, 168.4207763671875]], "lowlevel.mfcc.icov": [[0.0005236755241639912, 0.0006398728000931442, 0.00046574638690799475, 0.0004234852094668895, 0.0002357675548410043, -2.1294545149430633e-05, 0.0001662490685703233, -9.48785018408671e-05, -9.620197670301422e-05, -0.00038605608278885484, -0.00042059345287270844, -0.00010216249211225659, -7.625356374774128e-05], [0.0006398728000931442, 0.00165492610540241, 0.00035465272958390415, 0.0013572199968621135, -0.00021726847626268864, -0.00010704306623665616, 2.5017699954332784e-05, -0.0002764076925814152, -0.0004169045714661479, -5.436532956082374e-05, -0.0007870925473980606, -0.00046468322398141026, -0.0005044343997724354], [0.00046574638690799475, 0.00035465272958390415, 0.0023026452399790287, -0.0002993383095599711, 0.0007547070854343474, -0.0011243537301197648, 0.0001624219585210085, -0.00026127113960683346, 0.00011780575005104765, -0.0005050770123489201, 0.0009070727392099798, -0.0010160652454942465, -0.0008480430115014315], [0.0004234852094668895, 0.0013572199968621135, -0.0002993383095599711, 0.004402052145451307, -0.0021351578179746866, -0.00019931199494749308, -4.759813236887567e-05, -0.00017983128782361746, -0.0019645586144179106, 0.0013580794911831617, -0.00017505795403849334, -0.0001737994753057137, -0.0001818891760194674], [0.0002357675548410043, -0.00021726847626268864, 0.0007547070854343474, -0.0021351578179746866, 0.007272413466125727, -7.773256220389158e-05, 0.002003889763727784, 0.00045534560922533274, 0.0007723314338363707, -0.0031799532007426023, 2.4998200387926772e-05, 0.0004680240817833692, 3.224192187190056e-05], [-2.1294545149430633e-05, -0.00010704306623665616, -0.0011243537301197648, -0.00019931199494749308, -7.773256220389158e-05, 0.008474797941744328, -0.0020822675433009863, 0.0003522929910104722, 0.0002846849092748016, -8.306158997584134e-05, -0.0023246812634170055, 0.0013166716089472175, 0.0009349256288260221], [0.0001662490685703233, 2.5017699954332784e-05, 0.0001624219585210085, -4.759813236887567e-05, 0.002003889763727784, -0.0020822675433009863, 0.006820010486990213, 0.00010327024210710078, 0.0022692964412271976, -0.003140160348266363, 0.001307590282522142, -0.002498531248420477, -4.877060200669803e-05], [-9.48785018408671e-05, -0.0002764076925814152, -0.00026127113960683346, -0.00017983128782361746, 0.00045534560922533274, 0.0003522929910104722, 0.00010327024210710078, 0.00974353589117527, -0.0032308551017194986, 0.0024186219088733196, -0.000985930790193379, 0.0012870567152276635, -0.002484608208760619], [-9.620197670301422e-05, -0.0004169045714661479, 0.00011780575005104765, -0.0019645586144179106, 0.0007723314338363707, 0.0002846849092748016, 0.0022692964412271976, -0.0032308551017194986, 0.009883217513561249, -0.004100671038031578, 0.0015512012178078294, -0.0007976912893354893, -0.0018229690613225102], [-0.00038605608278885484, -5.436532956082374e-05, -0.0005050770123489201, 0.0013580794911831617, -0.0031799532007426023, -8.306158997584134e-05, -0.003140160348266363, 0.0024186219088733196, -0.004100671038031578, 0.014487404376268387, -0.003225449239835143, 0.0013911197893321514, 0.003353027394041419], [-0.00042059345287270844, -0.0007870925473980606, 0.0009070727392099798, -0.00017505795403849334, 2.4998200387926772e-05, -0.0023246812634170055, 0.001307590282522142, -0.000985930790193379, 0.0015512012178078294, -0.003225449239835143, 0.010979946702718735, -0.004241152200847864, 0.001787738874554634], [-0.00010216249211225659, -0.00046468322398141026, -0.0010160652454942465, -0.0001737994753057137, 0.0004680240817833692, 0.0013166716089472175, -0.002498531248420477, 0.0012870567152276635, -0.0007976912893354893, 0.0013911197893321514, -0.004241152200847864, 0.01462492998689413, -0.006880937144160271], [-7.625356374774128e-05, -0.0005044343997724354, -0.0008480430115014315, -0.0001818891760194674, 3.224192187190056e-05, 0.0009349256288260221, -4.877060200669803e-05, -0.002484608208760619, -0.0018229690613225102, 0.003353027394041419, 0.001787738874554634, -0.006880937144160271, 0.014094862155616283]], "metadata.audio_properties.analysis.downmix": "mix", "metadata.audio_properties.codec": "mp3", "metadata.audio_properties.md5_encoded": "388f98cce244afc5184120c008d3f0d0", "metadata.tags.file_name": "1183667017467826236.mp3", "metadata.version.essentia": "2.1-beta6-dev", "metadata.version.essentia_git_sha": "v2.1_beta5-1110-g77a6a954", "metadata.version.extractor": "music 2.0", "tonal.chords_key": "F", "tonal.chords_scale": "major", "tonal.key_edma.key": "G", "tonal.key_edma.scale": "minor", "tonal.key_krumhansl.key": "G", "tonal.key_krumhansl.scale": "minor", "tonal.key_temperley.key": "G", "tonal.key_temperley.scale": "minor", "metadata.tags.encoding": ["Lavf58.45.100"]}, "essentia_models": [{"model_name": "genre_dortmund", "activations": {"alternative": "0.052798856", "blues": "0.0015890121", "electronic": "0.015801035", "folkcountry": "0.007448108", "funksoulrnb": "0.021556146", "jazz": "0.013585584", "pop": "0.121984206", "raphiphop": "0.65863734", "rock": "0.06797298"}}, {"model_name": "genre_rosamerica", "activations": {"classic": "0.001361694", "dance": "0.0002971916", "hip hop": "0