{"song_id": "1183677907676188692", "download": "https://cdn.discordapp.com/attachments/1135911532732108921/1183677907676188692/chirp.mp4?ex=658934f4&amp", "lyrics": "As I walk through the valley in the shadow of bugs\nI take a look at my work and realize there's much left\nCause I've been testing and reporting so long that\nEven my momma thinks that my mind is gone\nBut I ain't never crossed a fault and didn't report it\nMe be treated like a punk?\nYou know that's unheard of\nYou better watch how you're talking and what you're coding\nOr you and your homies might do overtime\nI really hate to trip but I gotta, loc\nOpen jira, I extend the sprint for another week \nFool, I'm the kind of G that clients don't want to see\nJust a part of the process, making sure their products work right", "style": ["rap </span><span>- gangsters paradise"], "essentia_features": {"lowlevel.average_loudness": 0.9621654748916626, "lowlevel.barkbands_crest.mean": 13.205937385559082, "lowlevel.barkbands_crest.stdev": 5.704216480255127, "lowlevel.barkbands_flatness_db.mean": 0.15127211809158325, "lowlevel.barkbands_flatness_db.stdev": 0.05719693377614021, "lowlevel.barkbands_kurtosis.mean": 7.843899726867676, "lowlevel.barkbands_kurtosis.stdev": 23.192520141601562, "lowlevel.barkbands_skewness.mean": 1.8660732507705688, "lowlevel.barkbands_skewness.stdev": 2.16025710105896, "lowlevel.barkbands_spread.mean": 30.1585636138916, "lowlevel.barkbands_spread.stdev": 20.64340591430664, "lowlevel.dissonance.mean": 0.47843170166015625, "lowlevel.dissonance.stdev": 0.021239282563328743, "lowlevel.dynamic_complexity": 2.658172845840454, "lowlevel.erbbands_crest.mean": 9.271157264709473, "lowlevel.erbbands_crest.stdev": 3.8973217010498047, "lowlevel.erbbands_flatness_db.mean": 0.15805155038833618, "lowlevel.erbbands_flatness_db.stdev": 0.04129787161946297, "lowlevel.erbbands_kurtosis.mean": 0.658793032169342, "lowlevel.erbbands_kurtosis.stdev": 2.6585845947265625, "lowlevel.erbbands_skewness.mean": -0.37993907928466797, "lowlevel.erbbands_skewness.stdev": 0.9705096483230591, "lowlevel.erbbands_spread.mean": 46.03325271606445, "lowlevel.erbbands_spread.stdev": 23.6345272064209, "lowlevel.hfc.mean": 18.62055206298828, "lowlevel.hfc.stdev": 16.488988876342773, "lowlevel.loudness_ebu128.integrated": -14.345708847045898, "lowlevel.loudness_ebu128.loudness_range": 1.0006275177001953, "lowlevel.loudness_ebu128.momentary.mean": -14.623099327087402, "lowlevel.loudness_ebu128.momentary.stdev": 1.5847159624099731, "lowlevel.loudness_ebu128.short_term.mean": -14.364737510681152, "lowlevel.loudness_ebu128.short_term.stdev": 0.3469379246234894, "lowlevel.melbands_crest.mean": 18.322954177856445, "lowlevel.melbands_crest.stdev": 5.708837509155273, "lowlevel.melbands_flatness_db.mean": 0.22288641333580017, "lowlevel.melbands_flatness_db.stdev": 0.07599541544914246, "lowlevel.melbands_kurtosis.mean": 31.25613021850586, "lowlevel.melbands_kurtosis.stdev": 66.56660461425781, "lowlevel.melbands_skewness.mean": 3.7834086418151855, "lowlevel.melbands_skewness.stdev": 3.223658800125122, "lowlevel.melbands_spread.mean": 30.087085723876953, "lowlevel.melbands_spread.stdev": 26.773292541503906, "lowlevel.pitch_salience.mean": 0.44627514481544495, "lowlevel.pitch_salience.stdev": 0.16030092537403107, "lowlevel.silence_rate_20dB.mean": 1.0, "lowlevel.silence_rate_20dB.stdev": 0.0, "lowlevel.silence_rate_30dB.mean": 0.9234585165977478, "lowlevel.silence_rate_30dB.stdev": 0.2658635973930359, "lowlevel.silence_rate_60dB.mean": 0.018426647409796715, "lowlevel.silence_rate_60dB.stdev": 0.13448821008205414, "lowlevel.spectral_centroid.mean": 1968.8740234375, "lowlevel.spectral_centroid.stdev": 878.2855224609375, "lowlevel.spectral_complexity.mean": 16.91566276550293, "lowlevel.spectral_complexity.stdev": 11.93642520904541, "lowlevel.spectral_decrease.mean": -8.009979346468299e-09, "lowlevel.spectral_decrease.stdev": 1.3248748764738139e-08, "lowlevel.spectral_energy.mean": 0.031920451670885086, "lowlevel.spectral_energy.stdev": 0.050554677844047546, "lowlevel.spectral_energyband_high.mean": 0.001310210907831788, "lowlevel.spectral_energyband_high.stdev": 0.0016113852616399527, "lowlevel.spectral_energyband_low.mean": 0.020828185603022575, "lowlevel.spectral_energyband_low.stdev": 0.04859137907624245, "lowlevel.spectral_energyband_middle_high.mean": 0.00392735842615366, "lowlevel.spectral_energyband_middle_high.stdev": 0.0047012814320623875, "lowlevel.spectral_energyband_middle_low.mean": 0.0065605007112026215, "lowlevel.spectral_energyband_middle_low.stdev": 0.013820020481944084, "lowlevel.spectral_entropy.mean": 7.609930992126465, "lowlevel.spectral_entropy.stdev": 0.32033222913742065, "lowlevel.spectral_flux.mean": 0.09452240914106369, "lowlevel.spectral_flux.stdev": 0.07964430749416351, "lowlevel.spectral_kurtosis.mean": 4.074028491973877, "lowlevel.spectral_kurtosis.stdev": 2.336744546890259, "lowlevel.spectral_rms.mean": 0.004687136504799128, "lowlevel.spectral_rms.stdev": 0.0030286426190286875, "lowlevel.spectral_rolloff.mean": 1902.15771484375, "lowlevel.spectral_rolloff.stdev": 1961.12744140625, "lowlevel.spectral_skewness.mean": 1.1475123167037964, "lowlevel.spectral_skewness.stdev": 0.43354156613349915, "lowlevel.spectral_spread.mean": 4041877.25, "lowlevel.spectral_spread.stdev": 1497854.75, "lowlevel.spectral_strongpeak.mean": 0.6060869693756104, "lowlevel.spectral_strongpeak.stdev": 0.6629409790039062, "lowlevel.zerocrossingrate.mean": 0.06408976763486862, "lowlevel.zerocrossingrate.stdev": 0.04220424219965935, "metadata.audio_properties.analysis.equal_loudness": 0.0, "metadata.audio_properties.analysis.length": 32.7253303527832, "metadata.audio_properties.analysis.sample_rate": 44100.0, "metadata.audio_properties.analysis.start_time": 0.0, "metadata.audio_properties.bit_rate": 124589.0, "metadata.audio_properties.length": 32.72533416748047, "metadata.audio_properties.lossless": 0.0, "metadata.audio_properties.number_channels": 1.0, "metadata.audio_properties.replay_gain": -12.788341522216797, "metadata.audio_properties.sample_rate": 48000.0, "rhythm.beats_count": 91.0, "rhythm.beats_loudness.mean": 0.07318476587533951, "rhythm.beats_loudness.stdev": 0.06555681675672531, "rhythm.bpm": 172.26559448242188, "rhythm.bpm_histogram_first_peak_bpm": 172.0, "rhythm.bpm_histogram_first_peak_weight": 0.0, "rhythm.bpm_histogram_second_peak_bpm": 167.0, "rhythm.bpm_histogram_second_peak_spread": 0.0, "rhythm.bpm_histogram_second_peak_weight": 0.4000000059604645, "rhythm.danceability": 2.1698684692382812, "rhythm.onset_rate": 5.0091423988342285, "tonal.chords_changes_rate": 0.08923512697219849, "tonal.chords_number_rate": 0.015580736100673676, "tonal.chords_strength.mean": 0.5535392761230469, "tonal.chords_strength.stdev": 0.10911578685045242, "tonal.hpcp_crest.mean": 11.805188179016113, "tonal.hpcp_crest.stdev": 5.147047519683838, "tonal.hpcp_entropy.mean": 2.2620162963867188, "tonal.hpcp_entropy.stdev": 0.7439705729484558, "tonal.key_edma.strength": 0.6619186401367188, "tonal.key_krumhansl.strength": 0.6599299311637878, "tonal.key_temperley.strength": 0.6627815365791321, "tonal.tuning_diatonic_strength": 0.6435652375221252, "tonal.tuning_equal_tempered_deviation": 0.24311086535453796, "tonal.tuning_frequency": 447.6910400390625, "tonal.tuning_nontempered_energy_ratio": 0.9288109540939331, "lowlevel.barkbands.mean": [6.528844824060798e-05, 0.015426035970449448, 0.0047645834274590015, 0.0011213630205020308, 0.002961816731840372, 0.0003128768294118345, 0.0003258701763115823, 0.000770837243180722, 0.0008484501158818603, 0.0006196348695084453, 0.0003143165959045291, 0.0004611842450685799, 0.0004089746216777712, 0.0004011155688203871, 0.00028452862170524895, 0.0003043572069145739, 0.00037183004315011203, 0.00038780953036621213, 0.00021098584693390876, 0.0009084948687814176, 0.00018281268421560526, 0.00017582059081178159, 5.989266719552688e-05, 0.0001238818804267794, 5.290431727189571e-05, 4.995608105673455e-05, 4.847692252951674e-06], "lowlevel.barkbands.stdev": [0.00018570075917523354, 0.04578453302383423, 0.008270187303423882, 0.004846959840506315, 0.010678363963961601, 0.0006656976765953004, 0.0007026308448985219, 0.0016167003195732832, 0.0020140837877988815, 0.0016941481735557318, 0.0008435600902885199, 0.0011808997951447964, 0.0010268929181620479, 0.0009031836525537074, 0.000674005423206836, 0.0007433156715705991, 0.0006066189962439239, 0.0006678816280327737, 0.00041993652121163905, 0.001126468414440751, 0.0003365756419952959, 0.0004005656810477376, 0.0001404880458721891, 0.00041228768532164395, 0.00013006992230657488, 0.00011480546527309343, 1.1164191164425574e-05], "lowlevel.erbbands.mean": [0.2964943051338196, 3.97440767288208, 6.4309983253479, 4.638880729675293, 8.688228607177734, 8.305221557617188, 4.902289390563965, 2.2829644680023193, 4.201529502868652, 10.003602027893066, 16.25240135192871, 18.86801528930664, 22.46076011657715, 13.671985626220703, 15.585477828979492, 18.980512619018555, 17.790170669555664, 21.96518898010254, 17.657548904418945, 13.976408958435059, 18.593721389770508, 21.59490966796875, 20.936283111572266, 15.281129837036133, 13.073044776916504, 46.14760971069336, 18.352136611938477, 5.694820880889893, 7.398891448974609, 3.046175718307495, 1.5615214109420776, 2.5234060287475586, 1.8747256994247437, 0.7343853712081909, 0.2789609730243683, 0.15722595155239105, 0.10273474454879761, 0.025463055819272995, 0.0005396494525484741, 5.1739403716055676e-05], "lowlevel.erbbands.stdev": [0.9572606086730957, 11.39091682434082, 10.883269309997559, 13.50669002532959, 35.20573043823242, 26.946069717407227, 10.842883110046387, 4.646512508392334, 9.511962890625, 20.247486114501953, 32.118995666503906, 47.59364318847656, 53.20271682739258, 36.58159255981445, 39.955204010009766, 48.096221923828125, 41.568077087402344, 49.725433349609375, 38.14389419555664, 32.07176971435547, 38.8116569519043, 34.2950439453125, 35.14600372314453, 26.75321388244629, 23.71198844909668, 58.85580825805664, 24.890457153320312, 10.282384872436523, 17.144657135009766, 6.929145812988281, 3.7992842197418213, 8.835832595825195, 6.068271636962891, 2.1691904067993164, 0.6214815974235535, 0.40302982926368713, 0.2352304756641388, 0.053146589547395706, 0.001072267652489245, 6.694704643450677e-05], "lowlevel.gfcc.mean": [-20.269115447998047, 77.8273696899414, -114.4359130859375, 46.581390380859375, -40.715126037597656, 8.620502471923828, -16.538591384887695, 14.426820755004883, -22.752727508544922, 5.22649621963501, -19.92369270324707, -8.929343223571777, -17.9156494140625], "lowlevel.melbands.mean": [0.0037351446226239204, 0.0040025729686021805, 0.0009223469533026218, 0.0006868380005471408, 0.00019615846395026892, 5.366546974983066e-05, 6.280079105636105e-05, 0.00013068251428194344, 0.0001299901632592082, 0.00012143510684836656, 0.00011250652460148558, 5.716841042158194e-05, 4.599389649229124e-05, 5.643183249048889e-05, 3.921203824575059e-05, 4.207491656416096e-05, 4.0404054743703455e-05, 2.9324544811970554e-05, 1.956281812454108e-05, 1.908391459437553e-05, 2.2268364773481153e-05, 2.280110857100226e-05, 2.0128827600274235e-05, 1.7600697901798412e-05, 1.1959201401623432e-05, 6.812072115280898e-06, 1.458514088881202e-05, 3.651778388302773e-05, 1.52159545905306e-05, 3.4293507269467227e-06, 2.977395752168377e-06, 4.6981963350845035e-06, 2.580984755695681e-06, 1.3922933703724993e-06, 8.391510277760972e-07, 9.252248105440231e-07, 1.8517489479563665e-06, 1.488596353738103e-06, 9.824969993132981e-07, 4.6326780989147665e-07], "lowlevel.melbands.stdev": [0.01153628434985876, 0.008255552500486374, 0.0025287498719990253, 0.0027269187849014997, 0.0003864630707539618, 0.00010854421270778403, 0.00013820080494042486, 0.00026784080546349287, 0.0002539029810577631, 0.00030786069692112505, 0.0002729617990553379, 0.00016386262723244727, 0.00012139393948018551, 0.00014873644977342337, 9.620431228540838e-05, 0.00010586422285996377, 9.473962563788518e-05, 6.598286563530564e-05, 4.7246008762158453e-05, 5.2553892601281404e-05, 4.577612708089873e-05, 3.8243986637098715e-05, 3.439230567892082e-05, 3.1179260986391455e-05, 2.1972564354655333e-05, 1.4905002899467945e-05, 2.3971961127244867e-05, 4.8212979891104624e-05, 2.1246380129014142e-05, 6.818745987402508e-06, 5.749907813878963e-06, 1.114206406782614e-05, 6.231205134099582e-06, 3.232510835005087e-06, 2.07187986234203e-06, 2.6201594209851464e-06, 6.984394985920517e-06, 4.965161679137964e-06, 3.0966348276706412e-06, 1.3966322285341448e-06], "lowlevel.melbands128.mean": [4.236188397044316e-05, 0.0012343722628429532, 0.006298644468188286, 0.006686153821647167, 0.0040407124906778336, 0.002096704440191388, 0.0008831667364574969, 0.0005407074932008982, 0.0009596390300430357, 0.0009083942859433591, 0.0003423237649258226, 0.00027866591699421406, 0.00017931123147718608, 5.913217319175601e-05, 3.758564344025217e-05, 5.466214133775793e-05, 7.399074092973024e-05, 5.891326145501807e-05, 5.4439125960925594e-05, 0.00010138200013898313, 0.0001883227378129959, 0.00017231771198567003, 0.00010126679262612015, 0.0001186900699394755, 0.00011710418039001524, 0.0001277887640753761, 0.00012032571248710155, 0.00011372474546078593, 0.00011211355013074353, 6.0346003010636196e-05, 4.1521332605043426e-05, 3.786254092119634e-05, 4.3448071664897725e-05, 5.651493484037928e-05, 5.135399624123238e-05, 6.633872544625774e-05, 4.6909452066756785e-05, 3.617531547206454e-05, 3.531918991939165e-05, 3.60157537215855e-05, 4.649849142879248e-05, 4.679729318013415e-05, 4.2007559386547655e-05, 3.7068290112074465e-05, 3.191684663761407e-05, 2.7129055524710566e-05, 2.8682441552518867e-05, 1.743231223372277e-05, 1.6933077858993784e-05, 1.9052393327001482e-05, 1.7056330761988647e-05, 2.2565616745851003e-05, 2.1709256543545052e-05, 2.16041171370307e-05, 2.4541859602322802e-05, 2.4042918084887788e-05, 2.0874867914244533e-05, 1.9010612959391437e-05, 2.1092906536068767e-05, 1.919857459142804e-05, 1.7626332919462584e-05, 1.6366398995160125e-05, 1.5237525076372549e-05, 1.0591297723294701e-05, 6.536849468830042e-06, 6.523185220430605e-06, 6.5801114033092745e-06, 8.630782758700661e-06, 1.412598885508487e-05, 2.5025663489941508e-05, 4.358402293291874e-05, 4.073847958352417e-05, 2.396172385488171e-05, 1.0766633749881294e-05, 4.241023361828411e-06, 3.1727606710774126e-06, 3.439135753069422e-06, 2.4717592168599367e-06, 2.728006165853003e-06, 3.3304952467005933e-06, 5.021690867579309e-06, 5.684996267518727e-06, 3.4276033602509415e-06, 2.3237732875713846e-06, 1.706511966403923e-06, 1.4292319292508182e-06, 1.3651532526637311e-06, 1.107791717913642e-06, 7.027450124041934e-07, 7.164480848587118e-07, 8.61395221818384e-07, 7.960980497045966e-07, 1.330516852249275e-06, 2.1100836420373525e-06, 1.9490241811581654e-06, 2.0149300326011144e-06, 1.310265588472248e-06, 7.968915838318935e-07, 1.1956176422245335e-06, 1.002121848614479e-06, 5.683571089321049e-07, 3.877311200994882e-07, 2.751018541857775e-07, 2.9443575044751924e-07, 2.525477498238615e-07, 3.5693986433216196e-07, 3.701888431351108e-07, 2.2456265469372738e-07, 2.4868154469004367e-07, 2.5770395950530656e-07, 2.8352670256026613e-07, 3.5798223052552203e-07, 3.384900821856718e-07, 3.4661115932976827e-07, 3.2968881669148686e-07, 3.523716429754131e-07, 1.9393084471630573e-07, 1.1641911434878693e-08, 5.751473516196759e-12, 5.24113608416088e-12, 5.0132792882295885e-12, 4.838810341994959e-12, 4.673131673293973e-12, 4.5321901613604165e-12, 4.32535127506406e-12, 4.0842442275423885e-12, 3.95906744887764e-12, 3.923853863357918e-12], "lowlevel.melbands128.stdev": [0.00014213277609087527, 0.004274454433470964, 0.020445240661501884, 0.018899675458669662, 0.007609511725604534, 0.003786249551922083, 0.002905949717387557, 0.0022767814807593822, 0.004140262957662344, 0.0042945221066474915, 0.0009606358944438398, 0.0005546039319597185, 0.0004878377076238394, 0.0001621504343347624, 9.624247468309477e-05, 0.0001550822053104639, 0.00020490773022174835, 0.0001761584571795538, 0.00015035236719995737, 0.00026530437753535807, 0.00046646932605654, 0.0004774314584210515, 0.00024476696853525937, 0.00040516123408451676, 0.00040718415402807295, 0.0004385120701044798, 0.0003594670561142266, 0.0003457876737229526, 0.0004173595807515085, 0.00022746082686353475, 0.00017203767492901534, 0.00010971871233778074, 0.00014858673966955394, 0.00019163354591000825, 0.00013945427781436592, 0.00023491258616559207, 0.00014170350914355367, 0.00010747421038104221, 0.00011122746218461543, 0.00011138306581415236, 0.00014519196702167392, 0.00014400629152078182, 0.00013209217286203057, 9.839410631684586e-05, 8.86525449459441e-05, 7.137696229619905e-05, 9.524849156150594e-05, 4.9985566874966025e-05, 4.914713645121083e-05, 5.31789701199159e-05, 6.122705235611647e-05, 8.210307714762166e-05, 5.106255048303865e-05, 5.141046131029725e-05, 5.1884573622373864e-05, 4.605680805980228e-05, 4.013967190985568e-05, 3.606124664656818e-05, 4.467398321139626e-05, 3.898708746419288e-05, 3.58217439497821e-05, 3.3479354897281155e-05, 3.023499266419094e-05, 2.3447411876986735e-05, 1.4600098438677378e-05, 1.6639582099742256e-05, 1.615696783119347e-05, 2.1455811292980798e-05, 2.8684456992777996e-05, 3.7875033740419894e-05, 6.883714377181605e-05, 6.137349555501714e-05, 3.58008619514294e-05, 2.11377591767814e-05, 9.357581802760251e-06, 6.757998107786989e-06, 7.600907338201068e-06, 5.69328767596744e-06, 5.812430117657641e-06, 6.886303253850201e-06, 1.3018496247241274e-05, 1.4657095562142786e-05, 8.99293809197843e-06, 6.03227135798079e-06, 5.073215561424149e-06, 3.4098729884135537e-06, 3.4763031635520747e-06, 2.9496304705389775e-06, 1.88109379450907e-06, 1.959724386324524e-06, 2.6290654204785824e-06, 2.3049778974382207e-06, 4.8333317863580305e-06, 9.511811185802799e-06, 6.984648734942311e-06, 7.25329573469935e-06, 4.577778327075066e-06, 3.2380539778387174e-06, 3.7940794754831586e-06, 3.1477763968723593e-06, 2.2400204215955455e-06, 1.1193936870768084e-06, 8.775927540227713e-07, 7.667354111617897e-07, 6.086880262046179e-07, 9.416639272785687e-07, 9.816673127716058e-07, 6.150672220428532e-07, 8.394466135541734e-07, 7.53432232158957e-07, 7.912140063126571e-07, 9.763998605194502e-07, 9.321135507889267e-07, 7.220596671686508e-07, 7.305728217943397e-07, 7.813209208507033e-07, 4.2891957718893536e-07, 3.018607230842463e-08, 2.055056819161294e-11, 1.8656404546235628e-11, 1.693535416069647e-11, 1.5217030760461547e-11, 1.3645528283701136e-11, 1.1949331281402298e-11, 9.145868958004844e-12, 6.945045233353042e-12, 6.571145971107084e-12, 6.527835997444109e-12], "lowlevel.mfcc.mean": [-665.2854614257812, 109.93046569824219, -8.166756629943848, 41.57945251464844, 3.275557518005371, 7.668336868286133, 14.269124031066895, 6.140803337097168, 9.435391426086426, 10.753985404968262, 0.8763107061386108, 7.8911237716674805, -2.650509834289551], "lowlevel.spectral_contrast_coeffs.mean": [-0.6691133379936218, -0.7842130661010742, -0.8042140007019043, -0.8115102648735046, -0.7707321643829346, -0.7218997478485107], "lowlevel.spectral_contrast_coeffs.stdev": [0.0749972015619278, 0.06822273135185242, 0.055850427597761154, 0.04905861243605614, 0.04275815561413765, 0.04838161543011665], "lowlevel.spectral_contrast_valleys.mean": [-7.239664554595947, -7.117160320281982, -7.522287845611572, -7.678492069244385, -7.368884563446045, -10.977800369262695], "lowlevel.spectral_contrast_valleys.stdev": [0.7228182554244995, 0.6637247800827026, 0.8017138242721558, 0.6920228600502014, 0.7262604832649231, 1.1317530870437622], "rhythm.beats_loudness_band_ratio.mean": [0.5775138735771179, 0.14030563831329346, 0.0774933397769928, 0.09772668778896332, 0.07446902990341187, 0.11842945963144302], "rhythm.beats_loudness_band_ratio.stdev": [0.2776113450527191, 0.21885542571544647, 0.0972108542919159, 0.13813182711601257, 0.08433675020933151, 0.09806268662214279], "tonal.hpcp.mean": [0.03448716178536415, 0.12842054665088654, 0.33331018686294556, 0.276680052280426, 0.08225274831056595, 0.05267928168177605, 0.05108831822872162, 0.06122156232595444, 0.07784771919250488, 0.08700122684240341, 0.10083127021789551, 0.10632995516061783, 0.10544577240943909, 0.0953051969408989, 0.07756232470273972, 0.11040712147951126, 0.23810996115207672, 0.22932039201259613, 0.09050403535366058, 0.048326071351766586, 0.03639117255806923, 0.03799926117062569, 0.053967952728271484, 0.06245103105902672, 0.05471207946538925, 0.0467829555273056, 0.049455687403678894, 0.05635005235671997, 0.060628924518823624, 0.05898066237568855, 0.07562941312789917, 0.15801504254341125, 0.2205638736486435, 0.14606685936450958, 0.05721614882349968, 0.03766718879342079], "tonal.hpcp.stdev": [0.09765639156103134, 0.21429549157619476, 0.42407646775245667, 0.366060733795166, 0.1916496902704239, 0.14066345989704132, 0.13457190990447998, 0.15706108510494232, 0.15846040844917297, 0.176324263215065, 0.2102719247341156, 0.21003073453903198, 0.21137170493602753, 0.21296890079975128, 0.1738579124212265, 0.21296556293964386, 0.35457727313041687, 0.358397513628006, 0.17479977011680603, 0.12397054582834244, 0.09444527328014374, 0.0941145196557045, 0.1213584914803505, 0.14213915169239044, 0.10104886442422867, 0.08931643515825272, 0.10897229611873627, 0.12742085754871368, 0.13673777878284454, 0.14728407561779022, 0.16741721332073212, 0.2761080265045166, 0.35919079184532166, 0.27587562799453735, 0.14561839401721954, 0.11416550725698471], "rhythm.beats_position": [0.3250793516635895, 0.6733786463737488, 1.0448979139328003, 1.3931972980499268, 1.7414965629577637, 2.11301589012146, 2.461315155029297, 2.809614419937134, 3.1695237159729004, 3.5178229808807373, 3.877732276916504, 4.249251842498779, 4.597550868988037, 4.945850372314453, 5.305759429931641, 5.665668964385986, 6.0371880531311035, 6.3854875564575195, 6.733786582946777, 7.082086086273193, 7.441995143890381, 7.801904678344727, 8.150203704833984, 8.521722793579102, 8.870022773742676, 9.218321800231934, 9.578230857849121, 9.938140869140625, 10.286439895629883, 10.63473892211914, 10.994647979736328, 11.354557991027832, 11.72607707977295, 12.074376106262207, 12.422675132751465, 12.782585144042969, 13.142494201660156, 13.490793228149414, 13.839092254638672, 14.210612297058105, 14.570521354675293, 14.93043041229248, 15.278729438781738, 15.650249481201172, 15.99854850769043, 16.346847534179688, 16.706756591796875, 17.066665649414062, 17.414966583251953, 17.76326560974121, 18.1231746673584, 18.483083724975586, 18.831382751464844, 19.20290184020996, 19.55120086669922, 19.899499893188477, 20.259410858154297, 20.619319915771484, 20.967618942260742, 21.32752799987793, 21.687437057495117, 22.035736083984375, 22.395645141601562, 22.75555419921875, 23.11546516418457, 23.475374221801758, 23.823673248291016, 24.171972274780273, 24.53188133239746, 24.89179039001465, 25.240089416503906, 25.611610412597656, 25.971519470214844, 26.3198184967041, 26.66811752319336, 27.028026580810547, 27.376325607299805, 27.736234664916992, 28.09614372253418, 28.44444465637207, 28.815963745117188, 29.164262771606445, 29.512561798095703, 29.87247085571289, 30.232379913330078, 30.580678939819336, 30.928979873657227, 31.300498962402344, 31.66040802001953, 32.02031707763672, 32.36861801147461], "rhythm.bpm_histogram": [0.0, 0.0, 0.0, 0.0, 0.0, 0.0, 0.0, 0.0, 0.0, 0.0, 0.0, 0.0, 0.0, 0.0, 0.0, 0.0, 0.0, 0.0, 0.0, 0.0, 0.0, 0.0, 0.0, 0.0, 0.0, 0.0, 0.0, 0.0, 0.0, 0.0, 0.0, 0.0, 0.0, 0.0, 0.0, 0.0, 0.0, 0.0, 0.0, 0.0, 0.0, 0.0, 0.0, 0.0, 0.0, 0.0, 0.0, 0.0, 0.0, 0.0, 0.0, 0.0, 0.0, 0.0, 0.0, 0.0, 0.0, 0.0, 0.0, 0.0, 0.0, 0.0, 0.0, 0.0, 0.0, 0.0, 0.0, 0.0, 0.0, 0.0, 0.0, 0.0, 0.0, 0.0, 0.0, 0.0, 0.0, 0.0, 0.0, 0.0, 0.0, 0.0, 0.0, 0.0, 0.0, 0.0, 0.0, 0.0, 0.0, 0.0, 0.0, 0.0, 0.0, 0.0, 0.0, 0.0, 0.0, 0.0, 0.0, 0.0, 0.0, 0.0, 0.0, 0.0, 0.0, 0.0, 0.0, 0.0, 0.0, 0.0, 0.0, 0.0, 0.0, 0.0, 0.0, 0.0, 0.0, 0.0, 0.0, 0.0, 0.0, 0.0, 0.0, 0.0, 0.0, 0.0, 0.0, 0.0, 0.0, 0.0, 0.0, 0.0, 0.0, 0.0, 0.0, 0.0, 0.0, 0.0, 0.0, 0.0, 0.0, 0.0, 0.0, 0.0, 0.0, 0.0, 0.0, 0.0, 0.0, 0.0, 0.0, 0.0, 0.0, 0.0, 0.0, 0.0, 0.0, 0.0, 0.0, 0.0, 0.0, 0.13333334028720856, 0.0, 0.0, 0.0, 0.0, 0.0, 0.4000000059604645, 0.0, 0.0, 0.0, 0.0, 0.46666666865348816, 0.0, 0.0, 0.0, 0.0, 0.0, 0.0, 0.0, 0.0, 0.0, 0.0, 0.0, 0.0, 0.0, 0.0, 0.0, 0.0, 0.0, 0.0, 0.0, 0.0, 0.0, 0.0, 0.0, 0.0, 0.0, 0.0, 0.0, 0.0, 0.0, 0.0, 0.0, 0.0, 0.0, 0.0, 0.0, 0.0, 0.0, 0.0, 0.0, 0.0, 0.0, 0.0, 0.0, 0.0, 0.0, 0.0, 0.0, 0.0, 0.0, 0.0, 0.0, 0.0, 0.0, 0.0, 0.0, 0.0, 0.0, 0.0, 0.0, 0.0, 0.0, 0.0, 0.0, 0.0, 0.0, 0.0, 0.0, 0.0, 0.0, 0.0, 0.0, 0.0, 0.0, 0.0, 0.0, 0.0, 0.0], "tonal.chords_histogram": [0.14164306223392487, 1.2747875452041626, 0.0, 11.048158645629883, 21.246458053588867, 7.932011127471924, 6.657223701477051, 2.691218137741089, 31.303115844726562, 5.382436275482178, 5.240793228149414, 0.0, 0.0, 0.0, 0.0, 0.0, 0.0, 0.14164306223392487, 0.5665722489356995, 2.549575090408325, 3.2577903270721436, 0.0, 0.0, 0.5665722489356995], "tonal.thpcp": [1.0, 0.8300977945327759, 0.24677537381649017, 0.1580488234758377, 0.15327559411525726, 0.18367743492126465, 0.23355937004089355, 0.26102179288864136, 0.30251482129096985, 0.31901201605796814, 0.316359281539917, 0.2859354317188263, 0.23270313441753387, 0.3312443792819977, 0.7143794894218445, 0.6880089640617371, 0.27153095602989197, 0.1449882835149765, 0.10918109863996506, 0.11400569975376129, 0.1619151085615158, 0.18736609816551208, 0.16414763033390045, 0.14035861194133759, 0.14837735891342163, 0.16906189918518066, 0.18189939856529236, 0.1769542694091797, 0.2269039899110794, 0.47407805919647217, 0.6617375612258911, 0.4382310211658478, 0.17166036367416382, 0.11300941556692123, 0.10346867144107819, 0.38528838753700256], "lowlevel.gfcc.cov": [[4043.600830078125, -1053.0843505859375, 145.49436950683594, -106.5413818359375, -161.88121032714844, 157.9569854736328, -133.0558624267578, 102.9936752319336, -240.7563018798828, 66.30317687988281, -207.20326232910156, 108.12156677246094, -66.4361801147461], [-1053.0843505859375, 1596.0189208984375, -465.286376953125, -212.56961059570312, 182.9192657470703, -319.7581481933594, 124.07788848876953, -138.6442108154297, 129.01991271972656, -172.13128662109375, 155.0939178466797, -74.2752914428711, 115.32183074951172], [145.49436950683594, -465.286376953125, 865.9827880859375, 255.3546142578125, -44.9541130065918, 84.54569244384766, -71.18204498291016, 72.03324127197266, -63.03646469116211, 129.95590209960938, 1.4372588396072388, 103.8061752319336, -22.375993728637695], [-106.5413818359375, -212.56961059570312, 255.3546142578125, 529.8101806640625, 48.443748474121094, -84.84614562988281, -69.0005874633789, -10.398990631103516, 91.76659393310547, 21.546794891357422, 62.16266632080078, 34.508583068847656, 22.177791595458984], [-161.88121032714844, 182.9192657470703, -44.9541130065918, 48.443748474121094, 326.779052734375, 24.702407836914062, 96.39610290527344, 34.016395568847656, 58.69525146484375, 39.15262222290039, 25.91090202331543, 5.691558837890625, 41.29814147949219], [157.9569854736328, -319.7581481933594, 84.54569244384766, -84.84614562988281, 24.702407836914062, 406.3342590332031, 149.1416778564453, 61.41106033325195, 1.071030855178833, 47.24550247192383, -16.182037353515625, -3.4531548023223877, -22.209796905517578], [-133.0558624267578, 124.07788848876953, -71.18204498291016, -69.0005874633789, 96.39610290527344, 149.1416778564453, 348.38531494140625, 87.27664184570312, 38.674598693847656, 20.302310943603516, 50.01797866821289, -1.6347835063934326, 8.130293846130371], [102.9936752319336, -138.6442108154297, 72.03324127197266, -10.398990631103516, 34.016395568847656, 61.41106033325195, 87.27664184570312, 189.7571563720703, 63.54572677612305, 58.894752502441406, -1.4703854322433472, -1.4939576387405396, -0.3236977756023407], [-240.7563018798828, 129.01991271972656, -63.03646469116211, 91.76659393310547, 58.69525146484375, 1.071030855178833, 38.674598693847656, 63.54572677612305, 213.86642456054688, 43.888118743896484, 50.848331451416016, -40.0888786315918, 17.917423248291016], [66.30317687988281, -172.13128662109375, 129.95590209960938, 21.546794891357422, 39.15262222290039, 47.24550247192383, 20.302310943603516, 58.894752502441406, 43.888118743896484, 173.39784240722656, 19.15810203552246, 4.805994033813477, -13.884053230285645], [-207.20326232910156, 155.0939178466797, 1.4372588396072388, 62.16266632080078, 25.91090202331543, -16.182037353515625, 50.01797866821289, -1.4703854322433472, 50.848331451416016, 19.15810203552246, 133.07852172851562, 35.542327880859375, 23.175825119018555], [108.12156677246094, -74.2752914428711, 103.8061752319336, 34.508583068847656, 5.691558837890625, -3.4531548023223877, -1.6347835063934326, -1.4939576387405396, -40.0888786315918, 4.805994033813477, 35.542327880859375, 123.63239288330078, 41.40828323364258], [-66.4361801147461, 115.32183074951172, -22.375993728637695, 22.177791595458984, 41.29814147949219, -22.209796905517578, 8.130293846130371, -0.3236977756023407, 17.917423248291016, -13.884053230285645, 23.175825119018555, 41.40828323364258, 107.38097381591797]], "lowlevel.gfcc.icov": [[0.00033226466621272266, 0.0001483467494836077, 0.00011560596612980589, 2.1356721845222637e-05, 3.754156205104664e-05, -1.1470302524685394e-05, 8.166529732989147e-05, -0.0002022518456215039, 0.0002239551831735298, -9.096336725633591e-05, 0.00029898551292717457, -0.00033737855846993625, 5.8769630413735285e-05], [0.0001483467494836077, 0.0028119911439716816, -0.0007447957759723067, 0.002466450212523341, -0.0015187133103609085, 0.0025379799772053957, -0.0012956595746800303, 0.0023118723183870316, -0.002084694802761078, 0.0026339616160839796, -0.002947793807834387, 0.0023773093707859516, -0.0019707789178937674], [0.00011560596612980589, -0.0007447957759723067, 0.0024668299593031406, -0.0019689626060426235, 0.0008406382403336465, -0.001332390820607543, 0.0009058112045750022, -0.0017657213611528277, 0.0019631257746368647, -0.0022061129566282034, 0.0012077538995072246, -0.002138974377885461, 0.0010706576285883784], [2.1356721845222637e-05, 0.002466450212523341, -0.0019689626060426235, 0.0052852570079267025, -0.0019289490301162004, 0.002866551047191024, -0.0008675909484736621, 0.002922182437032461, -0.0038108581211417913, 0.0031739433761686087, -0.0034528286196291447, 0.002045247470960021, -0.0017254675040021539], [3.754156205104664e-05, -0.0015187133103609085, 0.0008406382403336465, -0.0019289490301162004, 0.004677011631429195, -0.0014096236554905772, -0.0002867903676815331, -0.0013200045796111226, 0.0009318547672592103, -0.0025541807990521193, 0.0021923063322901726, -0.001546445651911199, -0.00020731554832309484], [-1.1470302524685394e-05, 0.0025379799772053957, -0.001332390820607543, 0.002866551047191024, -0.0014096236554905772, 0.005712469108402729, -0.0027856703381985426, 0.0023673693649470806, -0.0024281186051666737, 0.00210810755379498, -0.001986552495509386, 0.0022473186254501343, -0.0014208712382242084], [8.166529732989147e-05, -0.0012956595746800303, 0.0009058112045750022, -0.0008675909484736621, -0.0002867903676815331, -0.0027856703381985426, 0.005399101413786411, -0.003226070199161768, 0.0016656424850225449, -0.0008252260740846395, -0.0007615186623297632, -0.0009709225851111114, 0.0010796957649290562], [-0.0002022518456215039, 0.0023118723183870316, -0.0017657213611528277, 0.002922182437032461, -0.0013200045796111226, 0.0023673693649470806, -0.003226070199161768, 0.010224787518382072, -0.005091692786663771, 0.0010854523861780763, -0.0008093996439129114, 0.001564682344906032, -0.0017457854701206088], [0.0002239551831735298, -0.002084694802761078, 0.0019631257746368647, -0.0038108581211417913, 0.0009318547672592103, -0.0024281186051666737, 0.0016656424850225449, -0.005091692786663771, 0.010603334754705429, -0.003856101306155324, -0.000515033199917525, 0.0016238534590229392, -0.00021136697614565492], [-9.096336725633591e-05, 0.0026339616160839796, -0.0022061129566282034, 0.0031739433761686087, -0.0025541807990521193, 0.00210810755379498, -0.0008252260740846395, 0.0010854523861780763, -0.003856101306155324, 0.010737085714936256, -0.0042508309707045555, 0.0025450221728533506, -0.00054842239478603], [0.00029898551292717457, -0.002947793807834387, 0.0012077538995072246, -0.0034528286196291447, 0.0021923063322901726, -0.001986552495509386, -0.0007615186623297632, -0.0008093996439129114, -0.000515033199917525, -0.0042508309707045555, 0.014998442493379116, -0.00732275377959013, 0.002239784225821495], [-0.00033737855846993625, 0.0023773093707859516, -0.002138974377885461, 0.002045247470960021, -0.001546445651911199, 0.0022473186254501343, -0.0009709225851111114, 0.001564682344906032, 0.0016238534590229392, 0.0025450221728533506, -0.00732275377959013, 0.01607128418982029, -0.007051024120301008], [5.8769630413735285e-05, -0.0019707789178937674, 0.0010706576285883784, -0.0017254675040021539, -0.00020731554832309484, -0.0014208712382242084, 0.0010796957649290562, -0.0017457854701206088, -0.00021136697614565492, -0.00054842239478603, 0.002239784225821495, -0.007051024120301008, 0.01394379511475563]], "lowlevel.mfcc.cov": [[3441.82080078125, -866.05859375, -47.53440856933594, -195.2367401123047, -51.852516174316406, -33.92731475830078, 14.815408706665039, -22.482065200805664, 26.612260818481445, -60.30229949951172, -67.12669372558594, -133.82174682617188, -49.32917785644531], [-866.05859375, 1519.0010986328125, -517.1427001953125, -32.083717346191406, -89.66619873046875, -111.92407989501953, 8.969331741333008, 4.398882865905762, -35.76051712036133, -27.7534236907959, -62.851810455322266, 10.53078556060791, -1.3182766437530518], [-47.53440856933594, -517.1427001953125, 798.3360595703125, 120.2728500366211, 59.75823974609375, 36.51620864868164, -6.465061187744141, -22.3105525970459, -36.3585205078125, -32.67874526977539, 29.611522674560547, 17.893890380859375, 50.35973358154297], [-195.2367401123047, -32.083717346191406, 120.2728500366211, 573.4718627929688, 137.01885986328125, -64.32185363769531, -102.79785919189453, -38.80894470214844, -54.229087829589844, -5.572765827178955, -40.162235260009766, 49.88331604003906, 48.48726272583008], [-51.852516174316406, -89.66619873046875, 59.75823974609375, 137.01885986328125, 267.6879577636719, 24.758159637451172, -58.10966491699219, -31.29591178894043, 13.103178024291992, 25.869295120239258, 10.999282836914062, 8.829279899597168, 0.6027235388755798], [-33.92731475830078, -111.92407989501953, 36.51620864868164, -64.32185363769531, 24.758159637451172, 246.36932373046875, 98.12710571289062, 41.411006927490234, 27.74193000793457, 36.50314712524414, 35.588623046875, 17.256610870361328, 0.7926987409591675], [14.815408706665039, 8.969331741333008, -6.465061187744141, -102.79785919189453, -58.10966491699219, 98.12710571289062, 244.35838317871094, 99.59095764160156, 48.40376663208008, 25.83289337158203, 35.34351348876953, 30.415145874023438, 14.89472770690918], [-22.482065200805664, 4.398882865905762, -22.3105525970459, -38.80894470214844, -31.29591178894043, 41.411006927490234, 99.59095764160156, 175.85118103027344, 49.792911529541016, 20.335121154785156, 17.464576721191406, 25.69936752319336, 3.1013262271881104], [26.612260818481445, -35.76051712036133, -36.3585205078125, -54.229087829589844, 13.103178024291992, 27.74193000793457, 48.40376663208008, 49.792911529541016, 178.48568725585938, 90.31907653808594, 47.181941986083984, 17.003767013549805, 5.67808198928833], [-60.30229949951172, -27.7534236907959, -32.67874526977539, -5.572765827178955, 25.869295120239258, 36.50314712524414, 25.83289337158203, 20.335121154785156, 90.31907653808594, 162.86642456054688, 93.3893051147461, 42.42756652832031, -0.12779611349105835], [-67.12669372558594, -62.851810455322266, 29.611522674560547, -40.162235260009766, 10.999282836914062, 35.588623046875, 35.34351348876953, 17.464576721191406, 47.181941986083984, 93.3893051147461, 157.0351104736328, 54.32474136352539, 0.09390328079462051], [-133.82174682617188, 10.53078556060791, 17.893890380859375, 49.88331604003906, 8.829279899597168, 17.256610870361328, 30.415145874023438, 25.69936752319336, 17.003767013549805, 42.42756652832031, 54.32474136352539, 118.63272094726562, 44.6502571105957], [-49.32917785644531, -1.3182766437530518, 50.35973358154297, 48.48726272583008, 0.6027235388755798, 0.7926987409591675, 14.89472770690918, 3.1013262271881104, 5.67808198928833, -0.12779611349105835, 0.09390328079462051, 44.6502571105957, 105.18287658691406]], "lowlevel.mfcc.icov": [[0.00039536840631626546, 0.0003145916562061757, 0.0001977844221983105, 8.831558079691604e-05, 3.343722710269503e-05, 0.0001855940354289487, -0.00014249466767068952, 8.168811473296955e-05, -4.864091897616163e-05, 9.304457489633933e-05, 0.00012327816511970013, 0.00027409562608227134, -4.358853766461834e-05], [0.0003145916562061757, 0.0011554249795153737, 0.0007415658910758793, 5.273545320960693e-05, 0.00012697631609626114, 0.00048605279880575836, -0.0003079214075114578, 0.0001110691882786341, 0.0002002641122089699, 9.357475937576964e-05, 0.00030840246472507715, -4.520415313891135e-05, -0.00017318374011665583], [0.0001977844221983105, 0.0007415658910758793, 0.0019026773516088724, -0.00026751187397167087, -9.674206376075745e-05, 1.738124956318643e-05, -0.00022504827938973904, 0.00017917058721650392, 0.00022041363990865648, 0.0007601137040182948, -0.0006302485126070678, 0.00028955817106179893, -0.0007919200579635799], [8.831558079691604e-05, 5.273545320960693e-05, -0.00026751187397167087, 0.0025840173475444317, -0.0011581109138205647, 0.0006073624826967716, 0.0005627046339213848, -0.00019846955547109246, 0.0008321024943143129, -0.0008067418239079416, 0.0012657652841880918, -0.0012330523459240794, -0.000616392120718956], [3.343722710269503e-05, 0.00012697631609626114, -9.674206376075745e-05, -0.0011581109138205647, 0.004855798557400703, -0.0010703536681830883, 0.0010679787956178188, 0.0005056129884906113, -0.0008194606634788215, -0.0002022866829065606, -0.0002749354753177613, 9.892505477182567e-05, 0.0004138002113904804], [0.0001855940354289487, 0.00048605279880575836, 1.738124956318643e-05, 0.0006073624826967716, -0.0010703536681830883, 0.005531486123800278, -0.0022215694189071655, -0.00013983168173581362, 0.0005301214987412095, -0.0008884008275344968, 0.0001610029285075143, -8.42281078803353e-05, 9.390344348503277e-05], [-0.00014249466767068952, -0.0003079214075114578, -0.00022504827938973904, 0.0005627046339213848, 0.0010679787956178188, -0.0022215694189071655, 0.006952305324375629, -0.0028078723698854446, -0.0006769797764718533, 0.0003346892190165818, -0.0005578999407589436, -0.0007483551744371653, -0.0007582942489534616], [8.168811473296955e-05, 0.0001110691882786341, 0.00017917058721650392, -0.00019846955547109246, 0.0005056129884906113, -0.00013983168173581362, -0.0028078723698854446, 0.007969486527144909, -0.0018007643520832062, 0.0006129266694188118, 0.00037985938251949847, -0.0013502428773790598, 0.0008769977139309049], [-4.864091897616163e-05, 0.0002002641122089699, 0.00022041363990865648, 0.0008321024943143129, -0.0008194606634788215, 0.0005301214987412095, -0.0006769797764718533, -0.0018007643520832062, 0.00900196935981512, -0.005097856279462576, 0.0005656026187352836, 0.0008170455112121999, -0.001199241727590561], [9.304457489633933e-05, 9.357475937576964e-05, 0.0007601137040182948, -0.0008067418239079416, -0.0002022866829065606, -0.0008884008275344968, 0.0003346892190165818, 0.0006129266694188118, -0.005097856279462576, 0.012988030910491943, -0.005962250754237175, -0.0012459129793569446, 0.0008203520555980504], [0.00012327816511970013, 0.00030840246472507715, -0.0006302485126070678, 0.0012657652841880918, -0.0002749354753177613, 0.0001610029285075143, -0.0005578999407589436, 0.00037985938251949847, 0.0005656026187352836, -0.005962250754237175, 0.011907244101166725, -0.004277002532035112, 0.0016152900643646717], [0.00027409562608227134, -4.520415313891135e-05, 0.00028955817106179893, -0.0012330523459240794, 9.892505477182567e-05, -8.42281078803353e-05, -0.0007483551744371653, -0.0013502428773790598, 0.0008170455112121999, -0.0012459129793569446, -0.00427700253203