{"song_id": "1183658834905014272", "download": "https://cdn.discordapp.com/attachments/1135903449314238464/1183658834905014272/chirp.mp4?ex=65892331&amp", "lyrics": "[verse]\nYo, sunn le mere bhai, aa gaya Raftaar\nDekh tu mere desi hip hop ka superstar\nChhod de sab ko, ab mera hi adda\nAa gaya toh baja, banaunga sabko sannata\n\n[chorus]\nMain hoon desi hip hop ka king, dikhaunga mera rap ka zor\nSeedha dil se bolunga, flex karunga likh ke score\nAa gaya Raftaar, sab pe chha gaya bawaal\nDekhne ka mauka hai, hila de tu sar pe, karde sambhaal", "style": ["Desi Hip hop"], "essentia_features": {"lowlevel.average_loudness": 0.5214396715164185, "lowlevel.barkbands_crest.mean": 14.285247802734375, "lowlevel.barkbands_crest.stdev": 4.611456394195557, "lowlevel.barkbands_flatness_db.mean": 0.28630033135414124, "lowlevel.barkbands_flatness_db.stdev": 0.08991115540266037, "lowlevel.barkbands_kurtosis.mean": 15.622708320617676, "lowlevel.barkbands_kurtosis.stdev": 40.35999298095703, "lowlevel.barkbands_skewness.mean": 2.554837226867676, "lowlevel.barkbands_skewness.stdev": 2.3253352642059326, "lowlevel.barkbands_spread.mean": 11.634554862976074, "lowlevel.barkbands_spread.stdev": 12.299089431762695, "lowlevel.dissonance.mean": 0.431424081325531, "lowlevel.dissonance.stdev": 0.04580412805080414, "lowlevel.dynamic_complexity": 6.3400397300720215, "lowlevel.erbbands_crest.mean": 11.696647644042969, "lowlevel.erbbands_crest.stdev": 5.208304405212402, "lowlevel.erbbands_flatness_db.mean": 0.2686687707901001, "lowlevel.erbbands_flatness_db.stdev": 0.1251024305820465, "lowlevel.erbbands_kurtosis.mean": 0.895209550857544, "lowlevel.erbbands_kurtosis.stdev": 2.837117910385132, "lowlevel.erbbands_skewness.mean": 0.4785470962524414, "lowlevel.erbbands_skewness.stdev": 0.8576380014419556, "lowlevel.erbbands_spread.mean": 31.961742401123047, "lowlevel.erbbands_spread.stdev": 23.719932556152344, "lowlevel.hfc.mean": 14.02432918548584, "lowlevel.hfc.stdev": 20.863248825073242, "lowlevel.loudness_ebu128.integrated": -14.68521499633789, "lowlevel.loudness_ebu128.loudness_range": 15.68632698059082, "lowlevel.loudness_ebu128.momentary.mean": -21.367525100708008, "lowlevel.loudness_ebu128.momentary.stdev": 7.4960174560546875, "lowlevel.loudness_ebu128.short_term.mean": -20.858734130859375, "lowlevel.loudness_ebu128.short_term.stdev": 7.110558986663818, "lowlevel.melbands_crest.mean": 20.802963256835938, "lowlevel.melbands_crest.stdev": 7.080779552459717, "lowlevel.melbands_flatness_db.mean": 0.35487085580825806, "lowlevel.melbands_flatness_db.stdev": 0.08299343287944794, "lowlevel.melbands_kurtosis.mean": 35.23854446411133, "lowlevel.melbands_kurtosis.stdev": 79.74473571777344, "lowlevel.melbands_skewness.mean": 3.670729160308838, "lowlevel.melbands_skewness.stdev": 3.3061115741729736, "lowlevel.melbands_spread.mean": 11.174360275268555, "lowlevel.melbands_spread.stdev": 8.920709609985352, "lowlevel.pitch_salience.mean": 0.40100160241127014, "lowlevel.pitch_salience.stdev": 0.1186080351471901, "lowlevel.silence_rate_20dB.mean": 0.9836065769195557, "lowlevel.silence_rate_20dB.stdev": 0.12698324024677277, "lowlevel.silence_rate_30dB.mean": 0.8770492076873779, "lowlevel.silence_rate_30dB.stdev": 0.3283802270889282, "lowlevel.silence_rate_60dB.mean": 0.42812106013298035, "lowlevel.silence_rate_60dB.stdev": 0.4948066473007202, "lowlevel.spectral_centroid.mean": 994.1055297851562, "lowlevel.spectral_centroid.stdev": 614.7396850585938, "lowlevel.spectral_complexity.mean": 9.896595001220703, "lowlevel.spectral_complexity.stdev": 9.26732349395752, "lowlevel.spectral_decrease.mean": -1.2370194646393884e-08, "lowlevel.spectral_decrease.stdev": 1.8891521236241715e-08, "lowlevel.spectral_energy.mean": 0.04795999452471733, "lowlevel.spectral_energy.stdev": 0.07232964783906937, "lowlevel.spectral_energyband_high.mean": 0.0005675238207913935, "lowlevel.spectral_energyband_high.stdev": 0.0015233419835567474, "lowlevel.spectral_energyband_low.mean": 0.03700368106365204, "lowlevel.spectral_energyband_low.stdev": 0.06622439622879028, "lowlevel.spectral_energyband_middle_high.mean": 0.0030398566741496325, "lowlevel.spectral_energyband_middle_high.stdev": 0.005547280889004469, "lowlevel.spectral_energyband_middle_low.mean": 0.007784179411828518, "lowlevel.spectral_energyband_middle_low.stdev": 0.01307768002152443, "lowlevel.spectral_entropy.mean": 6.938516616821289, "lowlevel.spectral_entropy.stdev": 0.6484754681587219, "lowlevel.spectral_flux.mean": 0.06773261725902557, "lowlevel.spectral_flux.stdev": 0.08567554503679276, "lowlevel.spectral_kurtosis.mean": 8.789799690246582, "lowlevel.spectral_kurtosis.stdev": 7.832731246948242, "lowlevel.spectral_rms.mean": 0.005172473378479481, "lowlevel.spectral_rms.stdev": 0.0044761234894394875, "lowlevel.spectral_rolloff.mean": 827.3186645507812, "lowlevel.spectral_rolloff.stdev": 1014.6963500976562, "lowlevel.spectral_skewness.mean": 1.8087191581726074, "lowlevel.spectral_skewness.stdev": 0.7852813005447388, "lowlevel.spectral_spread.mean": 3376578.25, "lowlevel.spectral_spread.stdev": 2090243.0, "lowlevel.spectral_strongpeak.mean": 0.5878538489341736, "lowlevel.spectral_strongpeak.stdev": 0.5240160822868347, "lowlevel.zerocrossingrate.mean": 0.03480374068021774, "lowlevel.zerocrossingrate.stdev": 0.02980967052280903, "metadata.audio_properties.analysis.equal_loudness": 0.0, "metadata.audio_properties.analysis.length": 36.79997634887695, "metadata.audio_properties.analysis.sample_rate": 44100.0, "metadata.audio_properties.analysis.start_time": 0.0, "metadata.audio_properties.bit_rate": 111343.0, "metadata.audio_properties.length": 36.79999923706055, "metadata.audio_properties.lossless": 0.0, "metadata.audio_properties.number_channels": 1.0, "metadata.audio_properties.replay_gain": -10.223428726196289, "metadata.audio_properties.sample_rate": 48000.0, "rhythm.beats_count": 65.0, "rhythm.beats_loudness.mean": 0.06362979114055634, "rhythm.beats_loudness.stdev": 0.07944843918085098, "rhythm.bpm": 107.98760986328125, "rhythm.bpm_histogram_first_peak_bpm": 108.0, "rhythm.bpm_histogram_first_peak_weight": 0.4035087823867798, "rhythm.bpm_histogram_second_peak_bpm": 103.0, "rhythm.bpm_histogram_second_peak_spread": 0.1428571343421936, "rhythm.bpm_histogram_second_peak_weight": 0.09375, "rhythm.danceability": 1.0283619165420532, "rhythm.onset_rate": 3.9657490253448486, "tonal.chords_changes_rate": 0.05919395387172699, "tonal.chords_number_rate": 0.010075566358864307, "tonal.chords_strength.mean": 0.4961303472518921, "tonal.chords_strength.stdev": 0.11983922123908997, "tonal.hpcp_crest.mean": 15.174845695495605, "tonal.hpcp_crest.stdev": 7.2048187255859375, "tonal.hpcp_entropy.mean": 1.7389435768127441, "tonal.hpcp_entropy.stdev": 0.7316596508026123, "tonal.key_edma.strength": 0.5788606405258179, "tonal.key_krumhansl.strength": 0.5989865064620972, "tonal.key_temperley.strength": 0.6313472986221313, "tonal.tuning_diatonic_strength": 0.4752991199493408, "tonal.tuning_equal_tempered_deviation": 0.23922142386436462, "tonal.tuning_frequency": 434.193115234375, "tonal.tuning_nontempered_energy_ratio": 0.9592015147209167, "lowlevel.barkbands.mean": [0.004084108863025904, 0.028165100142359734, 0.004351714160293341, 0.0009853750234469771, 0.0014922107802703977, 0.0015510156517848372, 0.001733586541377008, 0.0012133808340877295, 0.0007227083551697433, 0.00039653541170991957, 0.0005840352387167513, 0.0005088728503324091, 0.0004623323038686067, 0.00021964854386169463, 0.00022253124916460365, 0.00015742966206744313, 0.000231533995247446, 0.00013439507165458053, 0.00011192846432095394, 0.00020774416043423116, 0.0001190927650895901, 5.3760599257657304e-05, 5.913327186135575e-05, 6.107253284426406e-05, 8.213024557335302e-05, 4.7696892579551786e-05, 9.345676517114043e-07], "lowlevel.barkbands.stdev": [0.006778107490390539, 0.05799087509512901, 0.015178841538727283, 0.004070329014211893, 0.0035847206600010395, 0.0035338045563548803, 0.0045614782720804214, 0.0038033274468034506, 0.0024959687143564224, 0.0011481121182441711, 0.0010745098115876317, 0.0019721633289009333, 0.0016725965542718768, 0.0007071697036735713, 0.0006776037043891847, 0.0005915529909543693, 0.0006263219402171671, 0.00041595427319407463, 0.00044253061059862375, 0.0005373948952183127, 0.0003691044985316694, 0.00018771211034618318, 0.0001902235089801252, 0.00025048418319784105, 0.0003836080722976476, 0.00021884623856749386, 6.938568276382284e-06], "lowlevel.erbbands.mean": [1.2368059158325195, 4.591325283050537, 5.813690185546875, 4.1260151863098145, 2.1975011825561523, 3.993328809738159, 19.552616119384766, 7.405552387237549, 21.512828826904297, 19.503202438354492, 32.36369323730469, 15.223496437072754, 13.296372413635254, 17.279090881347656, 24.000802993774414, 22.653013229370117, 21.46761131286621, 13.963000297546387, 9.98425579071045, 12.184499740600586, 8.33504867553711, 13.337834358215332, 9.09345817565918, 4.92567777633667, 6.305264472961426, 10.015924453735352, 7.993888854980469, 2.77765154838562, 1.8985430002212524, 2.010389566421509, 1.5392347574234009, 1.142741322517395, 1.1368017196655273, 0.8850083947181702, 0.5948458313941956, 0.26099392771720886, 0.07858078926801682, 0.008423836901783943, 0.00020560836128424853, 6.120082252891734e-05], "lowlevel.erbbands.stdev": [2.2886312007904053, 11.42770767211914, 16.906238555908203, 15.523079872131348, 9.327616691589355, 10.341531753540039, 42.13743591308594, 14.375717163085938, 53.05321502685547, 48.848392486572266, 101.33682250976562, 49.823177337646484, 47.96195602416992, 35.411834716796875, 51.43986511230469, 86.91527557373047, 75.32412719726562, 40.807456970214844, 29.96832275390625, 37.68551254272461, 29.734619140625, 35.20022201538086, 24.94170570373535, 21.537792205810547, 20.662397384643555, 27.0134334564209, 20.81477928161621, 9.678267478942871, 6.738094806671143, 6.427505970001221, 4.970066070556641, 4.540783882141113, 4.749051570892334, 3.8855273723602295, 3.025521755218506, 1.2872989177703857, 0.33339348435401917, 0.040147408843040466, 0.0008612541132606566, 8.983940642792732e-05], "lowlevel.gfcc.mean": [-143.50148010253906, 130.7201385498047, -155.5535888671875, 0.342234343290329, -51.621036529541016, -29.703474044799805, -22.69331932067871, -8.71351432800293, -21.719301223754883, 8.440065383911133, -3.5089547634124756, 5.323538303375244, 10.035040855407715], "lowlevel.melbands.mean": [0.009328672662377357, 0.0038510020822286606, 0.0006621088250540197, 0.00017873846809379756, 0.0005847683059982955, 0.0001966744748642668, 0.0003470646042842418, 0.00020813879382330924, 0.00025232843472622335, 9.190262062475085e-05, 6.554255378432572e-05, 6.710412708343938e-05, 8.631945092929527e-05, 5.5384716688422486e-05, 5.824617255711928e-05, 4.1324481571791694e-05, 2.3689000954618677e-05, 1.5129347957554273e-05, 1.690688804956153e-05, 1.37547021950013e-05, 8.680378414283041e-06, 1.3239287909527775e-05, 1.3375572962104343e-05, 4.7172375161608215e-06, 3.779732423936366e-06, 4.403922503115609e-06, 4.6878749344614334e-06, 7.446227755281143e-06, 5.8401647038408555e-06, 2.8488423140515806e-06, 1.1795576710937894e-06, 1.016285295918351e-06, 1.0962604619635385e-06, 1.1606822454268695e-06, 8.92867149104859e-07, 7.699265438532166e-07, 6.843184223725984e-07, 8.282308385787474e-07, 7.185856816249725e-07, 7.624394129379652e-07], "lowlevel.melbands.stdev": [0.01808483712375164, 0.009091313928365707, 0.0024696283508092165, 0.0005797345656901598, 0.0012315843487158418, 0.0003965326177421957, 0.0008881045505404472, 0.0005050687468610704, 0.0008049304597079754, 0.00032016247860156, 0.0002392015012446791, 0.0001463096123188734, 0.00015874193923082203, 0.00019834683916997164, 0.00022325600730255246, 0.00014263835328165442, 7.244730659294873e-05, 4.861669731326401e-05, 5.437102299765684e-05, 4.7988352889660746e-05, 3.287844447186217e-05, 3.73420407413505e-05, 3.426146213314496e-05, 1.6601588868070394e-05, 1.805512329156045e-05, 1.664456067373976e-05, 1.3524007044907194e-05, 2.0791776478290558e-05, 1.4561425814463291e-05, 9.795925507205538e-06, 4.54591872767196e-06, 3.7941513255645987e-06, 3.7985280414432054e-06, 3.7908700960542774e-06, 2.8221970751474146e-06, 2.941078719231882e-06, 2.9660122891073115e-06, 3.62067680725886e-06, 2.9364541660470422e-06, 3.512692273943685e-06], "lowlevel.melbands128.mean": [0.0038345004431903362, 0.011470476165413857, 0.011050757952034473, 0.006502537522464991, 0.003526948858052492, 0.001866601058281958, 0.0008557455148547888, 0.00040038186125457287, 0.00018496713892091066, 0.00010428586392663419, 0.0001476918114349246, 0.0005386163247749209, 0.0008919932297430933, 0.0004204528231639415, 8.522291318513453e-05, 0.00011442447430454195, 0.000231028490816243, 0.00047374374116770923, 0.00040231223101727664, 0.00015511232777498662, 0.000119137650472112, 0.0002960663987323642, 0.0003453907265793532, 0.00011931672634091228, 5.4428568546427414e-05, 9.948365914169699e-05, 0.00011291422561043873, 4.2465941078262404e-05, 4.336792335379869e-05, 7.546876440756023e-05, 5.724806396756321e-05, 8.488445746479556e-05, 0.00011524683213792741, 6.592844147235155e-05, 4.642815110855736e-05, 5.0865277444245294e-05, 7.359119626926258e-05, 5.4341955546988174e-05, 5.685075666406192e-05, 4.5812248572474346e-05, 3.683337854454294e-05, 3.7455007259268314e-05, 2.2038962924852967e-05, 1.892142063297797e-05, 1.650799640628975e-05, 1.1798390005424153e-05, 1.8028486010734923e-05, 1.4674567864858545e-05, 1.761169005476404e-05, 1.9991481167380698e-05, 1.1703979907906614e-05, 9.875266187009402e-06, 9.199095075018704e-06, 7.271653885254636e-06, 9.376119123771787e-06, 1.4253750123316422e-05, 1.556819916004315e-05, 1.68718870554585e-05, 1.2877937479061075e-05, 6.640317224082537e-06, 3.7934428291919176e-06, 3.4998518003703794e-06, 3.2436928449897096e-06, 4.101685135537991e-06, 4.300328782846918e-06, 4.115072442800738e-06, 4.6877062231942546e-06, 4.694832568929996e-06, 4.3125601223437116e-06, 5.167506515135756e-06, 7.748010830255225e-06, 8.753379006520845e-06, 7.099399226717651e-06, 5.392219918576302e-06, 4.297312898415839e-06, 3.3153992262668908e-06, 2.080058038700372e-06, 1.2491570942074759e-06, 1.1451234058768023e-06, 9.564655556459911e-07, 1.002719727694057e-06, 1.0449653018440586e-06, 1.0581115930108353e-06, 1.1188528787897667e-06, 1.1398858532629674e-06, 1.0441120821269578e-06, 1.2679338396992534e-06, 1.1679774161166279e-06, 7.334779752454779e-07, 7.916259505691414e-07, 9.906564173434163e-07, 6.723751084791729e-07, 5.928768018748087e-07, 6.374742724801763e-07, 7.586401125081466e-07, 8.734682523936499e-07, 8.450052177977341e-07, 7.72035662066628e-07, 7.086390496624517e-07, 6.746744247720926e-07, 7.528489049946074e-07, 7.743527135062322e-07, 8.048905328905676e-07, 7.167614057834726e-07, 6.68334564579709e-07, 6.487009045486047e-07, 6.3097337488216e-07, 5.10319921431801e-07, 3.901372451764473e-07, 4.0130831280293933e-07, 4.0643283227836946e-07, 2.919522046340717e-07, 2.41833873815267e-07, 1.705598435819411e-07, 1.4045376417470834e-07, 8.478480850726555e-08, 3.4418889072185266e-08, 6.3052039145361505e-09, 2.2693079360092128e-10, 3.3340309679719127e-11, 1.9839751369543634e-11, 9.643741534504091e-12, 6.082842129301325e-12, 5.972557084316099e-12, 5.805149763671302e-12, 5.59440254538357e-12, 5.471667823692128e-12, 5.4308649591328084e-12], "lowlevel.melbands128.stdev": [0.006369908340275288, 0.02012988179922104, 0.027173135429620743, 0.016740810126066208, 0.009902565740048885, 0.006817038170993328, 0.0034160136710852385, 0.0016984307439997792, 0.0008632702520117164, 0.0004979487275704741, 0.0004993915790691972, 0.0013402818003669381, 0.0019723784644156694, 0.0012282088864594698, 0.0002428398875053972, 0.000228550037718378, 0.00046993151772767305, 0.001448399038054049, 0.001401785877533257, 0.00046884577022865415, 0.0005228883237577975, 0.0011417471105232835, 0.001259459531866014, 0.0006264570984058082, 0.000323852407746017, 0.0004529324360191822, 0.0005578660639002919, 0.00021672178991138935, 0.00021272101730573922, 0.00022904967772774398, 0.0001754233380779624, 0.00017492515326011926, 0.00021378116798587143, 0.00026581346173770726, 0.00021563179325312376, 0.0002490245969966054, 0.0004096090269740671, 0.00025701671256683767, 0.0002845308044925332, 0.0002250732941320166, 0.00015778941451571882, 0.00014474808995146304, 8.606982009951025e-05, 7.079044735291973e-05, 7.8300763561856e-05, 4.5432952902046964e-05, 7.490709685953334e-05, 7.076266774674878e-05, 5.8135123254032806e-05, 7.455526065314189e-05, 5.1970135245937854e-05, 4.39990108134225e-05, 4.2141629819525406e-05, 2.707561361603439e-05, 3.666104021249339e-05, 4.551379242911935e-05, 4.4718522985931486e-05, 5.006981155020185e-05, 3.7542642530752346e-05, 2.394906186964363e-05, 1.3413206033874303e-05, 2.1499830836546607e-05, 1.5445828466909006e-05, 2.479270006006118e-05, 2.0350958948256448e-05, 1.612973937881179e-05, 1.7483687770436518e-05, 1.625534423510544e-05, 1.2941044587932993e-05, 1.5796696970937774e-05, 2.653602496138774e-05, 2.473513814038597e-05, 1.859115218394436e-05, 1.546447310829535e-05, 1.5905246982583776e-05, 1.1950719454034697e-05, 8.502830496581737e-06, 5.837206117575988e-06, 4.8215842980425805e-06, 3.649138989203493e-06, 4.126198746234877e-06, 4.229787009535357e-06, 3.901049240084831e-06, 4.228634679748211e-06, 4.135145900363568e-06, 3.6801015994569752e-06, 4.5339461394178215e-06, 4.13420821132604e-06, 2.3736847651889548e-06, 2.699040123843588e-06, 4.39902896687272e-06, 2.6154973511438584e-06, 2.6788061404658947e-06, 3.1439335543836933e-06, 3.3053559036488878e-06, 4.226916644256562e-06, 3.843616923404625e-06, 3.477176960586803e-06, 3.071824494327302e-06, 2.9650652777490905e-06, 3.7228810469969176e-06, 3.7371773942140862e-06, 4.411626832734328e-06, 3.853316684399033e-06, 3.9922588257468306e-06, 3.483122554825968e-06, 3.298717956567998e-06, 2.723271791182924e-06, 1.8812482949215337e-06, 2.315222900506342e-06, 2.1858131731278263e-06, 1.2641563671422773e-06, 1.0938811101368628e-06, 8.076606263784925e-07, 7.707581062277313e-07, 4.785247824656835e-07, 2.5205073939105205e-07, 7.131732360221577e-08, 2.6858373303184635e-09, 9.412203239023142e-10, 4.829460165112209e-10, 1.2969082752167793e-10, 1.4648907087355667e-11, 1.435034296254356e-11, 1.3613975398396594e-11, 1.2909968233332236e-11, 1.267519336017875e-11, 1.2600329633849494e-11], "lowlevel.mfcc.mean": [-775.9039306640625, 156.42518615722656, -36.75764083862305, 17.050495147705078, -14.393723487854004, -17.373865127563477, -1.766777515411377, -21.027921676635742, -3.2331366539001465, -7.014277935028076, -13.319421768188477, -0.6519104838371277, 6.792782783508301], "lowlevel.spectral_contrast_coeffs.mean": [-0.6295395493507385, -0.6841747164726257, -0.717788815498352, -0.7842727899551392, -0.8075814247131348, -0.7255803346633911], "lowlevel.spectral_contrast_coeffs.stdev": [0.13400375843048096, 0.0929865762591362, 0.08366035670042038, 0.0503433533012867, 0.04085364565253258, 0.07221947610378265], "lowlevel.spectral_contrast_valleys.mean": [-8.83874225616455, -7.868130207061768, -8.43101978302002, -8.585580825805664, -8.56450366973877, -13.018707275390625], "lowlevel.spectral_contrast_valleys.stdev": [2.9325013160705566, 1.1237976551055908, 1.1708016395568848, 1.0013128519058228, 1.1764754056930542, 2.5958032608032227], "rhythm.beats_loudness_band_ratio.mean": [0.35863780975341797, 0.21024450659751892, 0.20636619627475739, 0.19230231642723083, 0.04733550548553467, 0.018972599878907204], "rhythm.beats_loudness_band_ratio.stdev": [0.37504926323890686, 0.22874663770198822, 0.17472882568836212, 0.21093444526195526, 0.048792462795972824, 0.03058142215013504], "tonal.hpcp.mean": [0.16052035987377167, 0.21266160905361176, 0.0824575126171112, 0.0270285252481699, 0.022948579862713814, 0.040246300399303436, 0.21950459480285645, 0.27708402276039124, 0.10210471600294113, 0.024756845086812973, 0.02388772740960121, 0.029836829751729965, 0.11156582087278366, 0.1568162590265274, 0.12050432711839676, 0.18546932935714722, 0.17140303552150726, 0.061270467936992645, 0.0277851615101099, 0.01939251273870468, 0.016291648149490356, 0.058525532484054565, 0.14954544603824615, 0.11520010977983475, 0.02255287952721119, 0.009501093067228794, 0.008371889591217041, 0.07084611803293228, 0.08800122886896133, 0.051989734172821045, 0.19966813921928406, 0.19426800310611725, 0.036575719714164734, 0.07252294570207596, 0.08519145101308823, 0.04146461933851242], "tonal.hpcp.stdev": [0.2788322865962982, 0.35704949498176575, 0.1778389811515808, 0.11373181641101837, 0.0998706966638565, 0.11193060874938965, 0.31312039494514465, 0.3756844401359558, 0.19175073504447937, 0.09359735995531082, 0.10095049440860748, 0.1328934282064438, 0.24273869395256042, 0.3292560279369354, 0.22920674085617065, 0.3230876624584198, 0.3020681142807007, 0.1420452892780304, 0.1059316098690033, 0.0859135314822197, 0.07642212510108948, 0.13963168859481812, 0.3196128010749817, 0.27862539887428284, 0.09498189389705658, 0.0562058724462986, 0.04536427929997444, 0.18066562712192535, 0.22026672959327698, 0.11167467385530472, 0.3624725341796875, 0.35783514380455017, 0.10786432772874832, 0.1771731823682785, 0.21174296736717224, 0.09767463803291321], "rhythm.beats_position": [0.5688889026641846, 1.1493877172470093, 1.7414965629577637, 2.321995496749878, 2.902494192123413, 3.459773063659668, 4.017052173614502, 4.562720775604248, 5.108389854431152, 5.665668964385986, 6.222947597503662, 6.780226707458496, 7.3258957862854, 7.883174419403076, 8.45206356048584, 8.997732162475586, 9.543400764465332, 10.089070320129395, 10.64634895324707, 11.203627586364746, 11.760907173156738, 12.318185806274414, 12.86385440826416, 13.409523963928223, 13.955192565917969, 14.512471199035645, 15.058140754699707, 15.603809356689453, 16.149478912353516, 16.706756591796875, 17.264036178588867, 17.80970573425293, 18.36698341369629, 18.91265296936035, 19.458322525024414, 20.015600204467773, 20.572879791259766, 21.130157470703125, 21.675827026367188, 22.22149658203125, 22.77877426147461, 23.3360538482666, 23.893333435058594, 24.450611114501953, 25.007890701293945, 25.565170288085938, 26.099227905273438, 26.65650749206543, 27.213787078857422, 27.77106475830078, 28.328344345092773, 28.885623931884766, 29.442901611328125, 30.000181198120117, 30.557458877563477, 31.10312843322754, 31.6487979888916, 32.206077575683594, 32.78657531738281, 33.36707305908203, 33.924354553222656, 34.47002029418945, 35.05052185058594, 35.61941146850586, 36.17668914794922], "rhythm.bpm_histogram": [0.0, 0.0, 0.0, 0.0, 0.0, 0.0, 0.0, 0.0, 0.0, 0.0, 0.0, 0.0, 0.0, 0.0, 0.0, 0.0, 0.0, 0.0, 0.0, 0.0, 0.0, 0.0, 0.0, 0.0, 0.0, 0.0, 0.0, 0.0, 0.0, 0.0, 0.0, 0.0, 0.0, 0.0, 0.0, 0.0, 0.0, 0.0, 0.0, 0.0, 0.0, 0.0, 0.0, 0.0, 0.0, 0.0, 0.0, 0.0, 0.0, 0.0, 0.0, 0.0, 0.0, 0.0, 0.0, 0.0, 0.0, 0.0, 0.0, 0.0, 0.0, 0.0, 0.0, 0.0, 0.0, 0.0, 0.0, 0.0, 0.0, 0.0, 0.0, 0.0, 0.0, 0.0, 0.0, 0.0, 0.0, 0.0, 0.0, 0.0, 0.0, 0.0, 0.0, 0.0, 0.0, 0.0, 0.0, 0.0, 0.0, 0.0, 0.0, 0.0, 0.0, 0.0, 0.0, 0.0, 0.0, 0.0, 0.0, 0.0, 0.0, 0.015625, 0.0, 0.09375, 0.0, 0.03125, 0.0, 0.0, 0.53125, 0.0, 0.3125, 0.0, 0.015625, 0.0, 0.0, 0.0, 0.0, 0.0, 0.0, 0.0, 0.0, 0.0, 0.0, 0.0, 0.0, 0.0, 0.0, 0.0, 0.0, 0.0, 0.0, 0.0, 0.0, 0.0, 0.0, 0.0, 0.0, 0.0, 0.0, 0.0, 0.0, 0.0, 0.0, 0.0, 0.0, 0.0, 0.0, 0.0, 0.0, 0.0, 0.0, 0.0, 0.0, 0.0, 0.0, 0.0, 0.0, 0.0, 0.0, 0.0, 0.0, 0.0, 0.0, 0.0, 0.0, 0.0, 0.0, 0.0, 0.0, 0.0, 0.0, 0.0, 0.0, 0.0, 0.0, 0.0, 0.0, 0.0, 0.0, 0.0, 0.0, 0.0, 0.0, 0.0, 0.0, 0.0, 0.0, 0.0, 0.0, 0.0, 0.0, 0.0, 0.0, 0.0, 0.0, 0.0, 0.0, 0.0, 0.0, 0.0, 0.0, 0.0, 0.0, 0.0, 0.0, 0.0, 0.0, 0.0, 0.0, 0.0, 0.0, 0.0, 0.0, 0.0, 0.0, 0.0, 0.0, 0.0, 0.0, 0.0, 0.0, 0.0, 0.0, 0.0, 0.0, 0.0, 0.0, 0.0, 0.0, 0.0, 0.0, 0.0, 0.0, 0.0, 0.0, 0.0, 0.0, 0.0, 0.0, 0.0, 0.0, 0.0, 0.0, 0.0, 0.0, 0.0, 0.0, 0.0, 0.0, 0.0], "tonal.chords_histogram": [5.163727760314941, 0.6297228932380676, 10.831233978271484, 10.831233978271484, 18.891687393188477, 0.0, 0.0, 0.0, 0.0, 0.0, 0.0, 0.0, 0.0, 0.0, 0.0, 1.8891687393188477, 0.251889169216156, 0.125944584608078, 0.0, 0.0, 0.8816120624542236, 3.652392864227295, 34.1309814453125, 12.720402717590332], "tonal.thpcp": [1.0, 0.3684973120689392, 0.08934778720140457, 0.08621113002300262, 0.1076815202832222, 0.40264254808425903, 0.5659520030021667, 0.43490174412727356, 0.6693613529205322, 0.6185958981513977, 0.22112594544887543, 0.10027702152729034, 0.06998784095048904, 0.058796778321266174, 0.2112194448709488, 0.5397115349769592, 0.41575875878334045, 0.08139365166425705, 0.03428957238793373, 0.03021426312625408, 0.25568461418151855, 0.3175976276397705, 0.18763165175914764, 0.7206050157546997, 0.7011158466339111, 0.13200226426124573, 0.26173630356788635, 0.3074570894241333, 0.14964637160301208, 0.5793201327323914, 0.7674986124038696, 0.2975902855396271, 0.09754631668329239, 0.08282173424959183, 0.14524944126605988, 0.7921950817108154], "lowlevel.gfcc.cov": [[25147.271484375, -4299.10888671875, 11036.8603515625, 6019.28076171875, 2003.2598876953125, 7626.07080078125, -216.6358642578125, 4821.736328125, -110.10295104980469, 1327.0068359375, -249.25341796875, 109.837158203125, -1967.666748046875], [-4299.10888671875, 1999.27734375, -1895.287109375, -1268.0687255859375, -155.9951629638672, -1496.6474609375, 106.51168060302734, -910.7962646484375, -22.732704162597656, -395.10638427734375, 159.15406799316406, -172.7266387939453, 371.7842712402344], [11036.8603515625, -1895.287109375, 6793.51416015625, 3320.1513671875, 1300.5439453125, 4039.775634765625, -102.11554718017578, 2418.144287109375, -40.61782455444336, 577.9430541992188, -154.99755859375, 37.24444580078125, -931.2257080078125], [6019.28076171875, -1268.0687255859375, 3320.1513671875, 2066.055908203125, 687.7796630859375, 2062.277099609375, -157.7852020263672, 1231.9239501953125, -31.971569061279297, 252.0394744873047, -120.85800170898438, 20.130229949951172, -492.1612854003906], [2003.2598876953125, -155.9951629638672, 1300.5439453125, 687.7796630859375, 549.620361328125, 838.2484130859375, 8.377562522888184, 471.072509765625, -31.965940475463867, 97.01677703857422, -19.91853904724121, -47.841148376464844, -156.56065368652344], [7626.07080078125, -1496.6474609375, 4039.775634765625, 2062.277099609375, 838.2484130859375, 2860.802734375, 74.33995056152344, 1578.7440185546875, -34.17840576171875, 461.4866638183594, -106.00418090820312, 27.274877548217773, -641.75732421875], [-216.6358642578125, 106.51168060302734, -102.11554718017578, -157.7852020263672, 8.377562522888184, 74.33995056152344, 290.7032470703125, -14.254125595092773, -32.2096061706543, 6.03651237487793, 6.634466648101807, -8.777520179748535, 8.362388610839844], [4821.736328125, -910.7962646484375, 2418.144287109375, 1231.9239501953125, 471.072509765625, 1578.7440185546875, -14.254125595092773, 1205.1334228515625, 40.758087158203125, 296.86431884765625, -33.91461181640625, 26.58144760131836, -393.8049011230469], [-110.10295104980469, -22.732704162597656, -40.61782455444336, -31.971569061279297, -31.965940475463867, -34.17840576171875, -32.2096061706543, 40.758087158203125, 167.35659790039062, 76.13786315917969, 14.19361686706543, 14.988409042358398, 12.055146217346191], [1327.0068359375, -395.10638427734375, 577.9430541992188, 252.0394744873047, 97.01677703857422, 461.4866638183594, 6.03651237487793, 296.86431884765625, 76.13786315917969, 271.218994140625, 27.810466766357422, 15.125286102294922, -125.90380859375], [-249.25341796875, 159.15406799316406, -154.99755859375, -120.85800170898438, -19.91853904724121, -106.00418090820312, 6.634466648101807, -33.91461181640625, 14.19361686706543, 27.810466766357422, 124.11563110351562, 4.27405309677124, 11.779216766357422], [109.837158203125, -172.7266387939453, 37.24444580078125, 20.130229949951172, -47.841148376464844, 27.274877548217773, -8.777520179748535, 26.58144760131836, 14.988409042358398, 15.125286102294922, 4.27405309677124, 104.50259399414062, 17.991342544555664], [-1967.666748046875, 371.7842712402344, -931.2257080078125, -492.1612854003906, -156.56065368652344, -641.75732421875, 8.362388610839844, -393.8049011230469, 12.055146217346191, -125.90380859375, 11.779216766357422, 17.991342544555664, 247.2921905517578]], "lowlevel.gfcc.icov": [[0.0005006503197364509, -0.0006481976597569883, 0.000445617304649204, -0.0007165241404436529, 0.0007995818159542978, -0.0011514934012666345, 0.0006614945596083999, -0.0010401092004030943, 0.0008836679626256227, -0.0008729359833523631, 0.0005853945622220635, -0.0007574153714813292, 0.0005890692700631917], [-0.0006481976597569883, 0.0037285948637872934, -0.0016940523637458682, 0.002680417150259018, -0.0027961430605500937, 0.00275277066975832, -0.0016361890593543649, 0.002077260985970497, -0.0025352512020617723, 0.004221445880830288, -0.0037474865093827248, 0.0043340399861335754, -0.0009350417531095445], [0.000445617304649204, -0.0016940523637458682, 0.0022257415112107992, -0.0019862311892211437, 0.0011201647575944662, -0.0026992084458470345, 0.0012941225431859493, -0.001764155924320221, 0.0013013578718528152, -0.0015835522208362818, 0.0014563805889338255, -0.0020212046802043915, 0.0005802749074064195], [-0.0007165241404436529, 0.002680417150259018, -0.0019862311892211437, 0.0052828132174909115, -0.002846194664016366, 0.0014346558600664139, 0.00024950483930297196, 0.001640671631321311, -0.002126336330547929, 0.004104224964976311, -0.0017668759683147073, 0.0025973536539822817, -8.282045018859208e-05], [0.0007995818159542978, -0.0027961430605500937, 0.0011201647575944662, -0.002846194664016366, 0.006807894445955753, -0.00359982717782259, 0.001433858065865934, -0.0023134120274335146, 0.0026750594843178988, -0.0030945297330617905, 0.0016595764318481088, -0.0003092561091762036, -0.0014073411002755165], [-0.0011514934012666345, 0.00275277066975832, -0.0026992084458470345, 0.0014346558600664139, -0.00359982717782259, 0.007530330680310726, -0.003915765788406134, 0.002005946822464466, -0.0018441564170643687, 0.0012752653565257788, -0.0014100972330197692, 0.002020806772634387, 0.0006393781513907015], [0.0006614945596083999, -0.0016361890593543649, 0.0012941225431859493, 0.00024950483930297196, 0.001433858065865934, -0.003915765788406134, 0.00619781669229269, -0.0017190815415233374, 0.002282224129885435, -0.001365686533972621, 0.0014546581078320742, -0.0014831267762929201, 0.0001238258118974045], [-0.0010401092004030943, 0.002077260985970497, -0.001764155924320221, 0.001640671631321311, -0.0023134120274335146, 0.002005946822464466, -0.0017190815415233374, 0.006200317293405533, -0.003343696938827634, 0.002172727370634675, -0.0024097126442939043, 0.001772809773683548, 0.00015104463091120124], [0.0008836679626256227, -0.0025352512020617723, 0.0013013578718528152, -0.002126336330547929, 0.0026750594843178988, -0.0018441564170643687, 0.002282224129885435, -0.003343696938827634, 0.010502267628908157, -0.006402232218533754, 0.002799272770062089, -0.003004174679517746, -0.0006690414738841355], [-0.0008729359833523631, 0.004221445880830288, -0.0015835522208362818, 0.004104224964976311, -0.0030945297330617905, 0.0012752653565257788, -0.001365686533972621, 0.002172727370634675, -0.006402232218533754, 0.012671323493123055, -0.006197707261890173, 0.004503415897488594, 0.0005001835525035858], [0.0005853945622220635, -0.0037474865093827248, 0.0014563805889338255, -0.0017668759683147073, 0.0016595764318481088, -0.0014100972330197692, 0.0014546581078320742, -0.0024097126442939043, 0.002799272770062089, -0.006197707261890173, 0.013510343618690968, -0.005566724110394716, 0.002234049839898944], [-0.0007574153714813292, 0.0043340399861335754, -0.0020212046802043915, 0.0025973536539822817, -0.0003092561091762036, 0.002020806772634387, -0.0014831267762929201, 0.001772809773683548, -0.003004174679517746, 0.004503415897488594, -0.005566724110394716, 0.017480257898569107, -0.005630039609968662], [0.0005890692700631917, -0.0009350417531095445, 0.0005802749074064195, -8.282045018859208e-05, -0.0014073411002755165, 0.0006393781513907015, 0.0001238258118974045, 0.00015104463091120124, -0.0006690414738841355, 0.0005001835525035858, 0.002234049839898944, -0.005630039609968662, 0.013752099126577377]], "lowlevel.mfcc.cov": [[17704.662109375, -2378.867919921875, 6621.97412109375, 2107.837646484375, 3593.623046875, 2971.15234375, 2484.38037109375, 3088.66162109375, 1243.79052734375, 1868.829345703125, 1606.3880615234375, 1748.932861328125, 600.974853515625], [-2378.867919921875, 1699.9000244140625, -958.0321044921875, -296.1113586425781, -437.0509338378906, -464.0693359375, -154.70570373535156, -374.2886962890625, -228.85487365722656, -204.89073181152344, -204.1598358154297, -203.94410705566406, -129.53903198242188], [6621.97412109375, -958.0321044921875, 4039.719970703125, 1173.9949951171875, 1942.1229248046875, 1617.2679443359375, 1177.660400390625, 1560.2872314453125, 654.7410888671875, 851.776123046875, 704.7097778320312, 772.7821044921875, 305.9482727050781], [2107.837646484375, -296.1113586425781, 1173.9949951171875, 664.8036499023438, 748.9554443359375, 485.3577575683594, 372.5280456542969, 502.474609375, 204.47914123535156, 240.57017517089844, 178.7456817626953, 184.36326599121094, 48.790367126464844], [3593.623046875, -437.0509338378906, 1942.1229248046875, 748.9554443359375, 1352.753662109375, 839.4977416992188, 627.0740966796875, 819.0382690429688, 336.1260681152344, 507.8731994628906, 342.7462463378906, 387.83148193359375, 165.42185974121094], [2971.15234375, -464.0693359375, 1617.2679443359375, 485.3577575683594, 839.4977416992188, 1021.3623657226562, 647.5604248046875, 670.6212768554688, 339.7102966308594, 378.590576171875, 345.8999328613281, 329.65924072265625, 115.84806060791016], [2484.38037109375, -154.70570373535156, 1177.660400390625, 372.5280456542969, 627.0740966796875, 647.5604248046875, 714.3193969726562, 605.2178344726562, 248.8878173828125, 325.2956848144531, 295.0923767089844, 294.3613586425781, 65.69317626953125], [3088.66162109375, -374.2886962890625, 1560.2872314453125, 502.474609375, 819.0382690429688, 670.6212768554688, 605.2178344726562, 823.7088623046875, 326.75164794921875, 378.2748107910156, 327.7652282714844, 345.3839416503906, 115.8213882446289], [1243.79052734375, -228.85487365722656, 654.7410888671875, 204.47914123535156, 336.1260681152344, 339.7102966308594, 248.8878173828125, 326.75164794921875, 291.9454650878906, 202.9296875, 141.7860870361328, 142.42034912109375, 88.24098205566406], [1868.829345703125, -204.89073181152344, 851.776123046875, 240.57017517089844, 507.8731994628906, 378.590576171875, 325.2956848144531, 378.2748107910156, 202.9296875, 367.4870910644531, 238.05209350585938, 234.144287109375, 118.67574310302734], [1606.3880615234375, -204.1598358154297, 704.7097778320312, 178.7456817626953, 342.7462463378906, 345.8999328613281, 295.0923767089844, 327.7652282714844, 141.7860870361328, 238.05209350585938, 289.0513916015625, 240.39071655273438, 72.72560119628906], [1748.932861328125, -203.94410705566406, 772.7821044921875, 184.36326599121094, 387.83148193359375, 329.65924072265625, 294.3613586425781, 345.3839416503906, 142.42034912109375, 234.144287109375, 240.39071655273438, 359.4761962890625, 166.161376953125], [600.974853515625, -129.53903198242188, 305.9482727050781, 48.790367126464844, 165.42185974121094, 115.84806060791016, 65.69317626953125, 115.8213882446289, 88.24098205566406, 118.67574310302734, 72.72560119628906, 166.161376953125, 211.45767211914062]], "lowlevel.mfcc.icov": [[0.00026593651273287833, 0.0001578865194460377, -1.4812434528721496e-05, -0.00010034639126388356, -3.712896068464033e-05, -5.7675530115375295e-05, -8.013616752577946e-05, -0.0003937096626032144, 0.00019277901446912438, -0.00044545638957060874, -3.926112185581587e-05, -0.00044580301619134843, 0.00022005074424669147], [0.0001578865194460377, 0.0008692109840922058, 5.3017374739283696e-05, 8.693347626831383e-05, -0.00013700609270017594, 0.0003110891848336905, -0.0006310348981060088, -1.4903801456966903e-05, 0.0003197605547029525, -0.0003317802620586008, 0.0002701162302400917, -0.00026979902759194374, 0.00029981660190969706], [-1.4812434528721496e-05, 5.3017374739283696e-05, 0.0016334661049768329, -0.0004521071386989206, -0.0005259017925709486, -0.0010220394469797611, 0.0005631037056446075, -0.0015309384325519204, 0.00029389053815975785, -0.00034434578265063465, 4.176352376816794e-05, -0.0005576576222665608, -5.5100739700719714e-05], [-0.00010034639126388356, 8.693347626831383e-05, -0.0004521071386989206, 0.004774698056280613, -0.0024027973413467407, 0.00045105908066034317, -0.00029980007093399763, -0.00018963831826113164, -0.0007272908114828169, 0.0016468367539346218, -0.0001220778503920883, 0.0006853548693470657, 0.0006031699595041573], [-3.712896068464033e-05, -0.00013700609270017594, -0.0005259017925709486, -0.0024027973413467407, 0.004388392437249422, -0.0009695996413938701, 0.0005161312292329967, -0.0009710246813483536, 0.0011962726712226868, -0.003079426707699895, 0.0017379475757479668, -0.0003766526933759451, -0.00026609492488205433], [-5.7675530115375295e-05, 0.0003110891848336905, -0.0010220394469797611, 0.00045105908066034317, -0.0009695996413938701, 0.004301536362618208, -0.002393897855654359, 0.0015314217889681458, -0.0017124820733442903, 0.0014784842496737838, -0.0016287841135635972, 0.0009350902400910854, -0.0002537973050493747], [-8.013616752577946e-05, -0.0006310348981060088, 0.0005631037056446075, -0.00029980007093399763, 0.0005161312292329967, -0.002393897855654359, 0.005815374664962292, -0.002946954919025302, 0.0004175248323008418, -0.0013096551410853863, 0.00011691859981510788, -0.001351676881313324, 0.0013935505412518978], [-0.0003937096626032144, -1.4903801456966903e-05, -0.0015309384325519204, -0.00018963831826113164, -0.0009710246813483536, 0.0015314217889681458, -0.002946954919025302, 0.008457074873149395, -0.003088755300268531, 0.0017339108744636178, -0.0012192627182230353, -9.890441106108483e-06, 0.00031551113352179527], [0.00019277901446912438, 0.0003197605547029525, 0.00029389053815975785, -0.0007272908114828169, 0.0011962726712226868, -0.0017124820733442903, 0.0004175248323008418, -0.003088755300268531, 0.008360853418707848, -0.003314470173791051, 0.0008602755260653794, 0.0009573170100338757, -0.0017218895955011249], [-0.00044545638957060874, -0.0003317802620586008, -0.00034434578265063465, 0.0016468367539346218, -0.003079426707699895, 0.0014784842496737838, -0.0013096551410853863, 0.0017339108744636178, -0.003314470173791051, 0.011732492595911026, -0.005596195813268423, 0.0017929286696016788, -0.002448484068736434], [-3.926112185581587e-05, 0.0002701162302400917, 4.176352376816794e-05, -0.0001220778503920883, 0.0017379475757479668, -0.0016287841135635972, 0.00011691859981510788, -0.0012192627182230353, 0.0008602755260653794, -0.005596195813268423, 0.013669534586369991, -0.006481416057795286, 0.0035825336817651987], [-0.00044580301619134843, -0.00026979902759194374, -0.0005576576222665608, 0.0006853548693470657, -0.0003766526933759451, 0.0009350902400910854, -0.001351676881313324, -9.890441106108483e-06, 0.0009573170100338757, 0.0017929286696016788, -0.006481416057795286, 0.012267395853996277, -0.006858072243630886], [0.00022005074424669147, 0.00029981660190969706, -5.5100739700719714e-05, 0.0006031699595041573, -0.00026609492488205433, -0.0002537973050493747, 0.0013935505412518978, 0.00031551113352179527, -0.0017218895955011249, -0.002448484068736434, 0.0035825336817651987, -0.006858072243630886, 0.01021894346922636]], "metadata.audio_properties.analysis.downmix": "mix", "metadata.audio_properties.codec": "mp3", "metadata.audio_properties.md5_encoded": "e59e7fafdaf09d10599378f9e57a9673", "metadata.tags.file_name": "1183658834905014272.mp3", "metadata.version.essentia": "2.1-beta6-dev", "metadata.version.essentia_git_sha": "v2.1_beta5-1110-g77a6a954", "metadata.version.extractor": "music 2.0", "tonal.chords_key": "G", "tonal.chords_scale": "major", "tonal.key_edma.key": "D", "tonal.key_edma.scale": "major", "tonal.key_krumhansl.key": "D", "tonal.key_krumhansl.scale": "major", "tonal.key_temperley.key": "D", "tonal.key_temperley.scale": "major",