{"song_id": "1183663885664919592", "download": "https://cdn.discordapp.com/attachments/1135903449314238464/1183663885664919592/chirp.mp4?ex=658927e5&amp", "lyrics": "(Chorus) I love you, when I see you Every glance, a promise so true In your eyes, a universe unfolds A love story that never grows old", "style": ["pop</span><span>, emotional</span><span>,"], "essentia_features": {"lowlevel.average_loudness": 0.983622133731842, "lowlevel.barkbands_crest.mean": 12.086405754089355, "lowlevel.barkbands_crest.stdev": 4.522146701812744, "lowlevel.barkbands_flatness_db.mean": 0.17989826202392578, "lowlevel.barkbands_flatness_db.stdev": 0.05304917320609093, "lowlevel.barkbands_kurtosis.mean": 8.357304573059082, "lowlevel.barkbands_kurtosis.stdev": 10.751047134399414, "lowlevel.barkbands_skewness.mean": 2.0446438789367676, "lowlevel.barkbands_skewness.stdev": 1.2634979486465454, "lowlevel.barkbands_spread.mean": 14.139552116394043, "lowlevel.barkbands_spread.stdev": 12.245619773864746, "lowlevel.dissonance.mean": 0.4345130920410156, "lowlevel.dissonance.stdev": 0.03745486959815025, "lowlevel.dynamic_complexity": 2.600027084350586, "lowlevel.erbbands_crest.mean": 11.34167194366455, "lowlevel.erbbands_crest.stdev": 5.026581287384033, "lowlevel.erbbands_flatness_db.mean": 0.17486882209777832, "lowlevel.erbbands_flatness_db.stdev": 0.03738072142004967, "lowlevel.erbbands_kurtosis.mean": 2.0660691261291504, "lowlevel.erbbands_kurtosis.stdev": 3.6672251224517822, "lowlevel.erbbands_skewness.mean": 0.9439619779586792, "lowlevel.erbbands_skewness.stdev": 0.8285927772521973, "lowlevel.erbbands_spread.mean": 31.295028686523438, "lowlevel.erbbands_spread.stdev": 18.66377067565918, "lowlevel.hfc.mean": 19.474287033081055, "lowlevel.hfc.stdev": 15.732585906982422, "lowlevel.loudness_ebu128.integrated": -17.681690216064453, "lowlevel.loudness_ebu128.loudness_range": 0.9663410186767578, "lowlevel.loudness_ebu128.momentary.mean": -18.012310028076172, "lowlevel.loudness_ebu128.momentary.stdev": 1.8273955583572388, "lowlevel.loudness_ebu128.short_term.mean": -17.658132553100586, "lowlevel.loudness_ebu128.short_term.stdev": 0.3271907866001129, "lowlevel.melbands_crest.mean": 15.387404441833496, "lowlevel.melbands_crest.stdev": 5.123478889465332, "lowlevel.melbands_flatness_db.mean": 0.2605615258216858, "lowlevel.melbands_flatness_db.stdev": 0.0693206936120987, "lowlevel.melbands_kurtosis.mean": 15.249516487121582, "lowlevel.melbands_kurtosis.stdev": 20.249404907226562, "lowlevel.melbands_skewness.mean": 2.6185078620910645, "lowlevel.melbands_skewness.stdev": 1.5089771747589111, "lowlevel.melbands_spread.mean": 15.433390617370605, "lowlevel.melbands_spread.stdev": 20.05084800720215, "lowlevel.pitch_salience.mean": 0.4787517189979553, "lowlevel.pitch_salience.stdev": 0.11399518698453903, "lowlevel.silence_rate_20dB.mean": 1.0, "lowlevel.silence_rate_20dB.stdev": 0.0, "lowlevel.silence_rate_30dB.mean": 0.9106957316398621, "lowlevel.silence_rate_30dB.stdev": 0.2851823568344116, "lowlevel.silence_rate_60dB.mean": 0.031152648851275444, "lowlevel.silence_rate_60dB.stdev": 0.17373092472553253, "lowlevel.spectral_centroid.mean": 855.4249877929688, "lowlevel.spectral_centroid.stdev": 484.7618408203125, "lowlevel.spectral_complexity.mean": 14.433021545410156, "lowlevel.spectral_complexity.stdev": 6.697004318237305, "lowlevel.spectral_decrease.mean": -1.1370281605138643e-08, "lowlevel.spectral_decrease.stdev": 1.1602905303220723e-08, "lowlevel.spectral_energy.mean": 0.04468049481511116, "lowlevel.spectral_energy.stdev": 0.04449085146188736, "lowlevel.spectral_energyband_high.mean": 0.0005590271321125329, "lowlevel.spectral_energyband_high.stdev": 0.0010362371103838086, "lowlevel.spectral_energyband_low.mean": 0.02369333617389202, "lowlevel.spectral_energyband_low.stdev": 0.039088379591703415, "lowlevel.spectral_energyband_middle_high.mean": 0.004270618315786123, "lowlevel.spectral_energyband_middle_high.stdev": 0.006068231072276831, "lowlevel.spectral_energyband_middle_low.mean": 0.017009152099490166, "lowlevel.spectral_energyband_middle_low.stdev": 0.010973331518471241, "lowlevel.spectral_entropy.mean": 7.0815839767456055, "lowlevel.spectral_entropy.stdev": 0.45303478837013245, "lowlevel.spectral_flux.mean": 0.07453920692205429, "lowlevel.spectral_flux.stdev": 0.05932718142867088, "lowlevel.spectral_kurtosis.mean": 6.038821697235107, "lowlevel.spectral_kurtosis.stdev": 2.956343650817871, "lowlevel.spectral_rms.mean": 0.005978211294859648, "lowlevel.spectral_rms.stdev": 0.0028020835015922785, "lowlevel.spectral_rolloff.mean": 1040.84033203125, "lowlevel.spectral_rolloff.stdev": 1709.8699951171875, "lowlevel.spectral_skewness.mean": 1.9869178533554077, "lowlevel.spectral_skewness.stdev": 0.5166797637939453, "lowlevel.spectral_spread.mean": 4732546.5, "lowlevel.spectral_spread.stdev": 2024591.875, "lowlevel.spectral_strongpeak.mean": 1.0548323392868042, "lowlevel.spectral_strongpeak.stdev": 1.0885690450668335, "lowlevel.zerocrossingrate.mean": 0.04527325555682182, "lowlevel.zerocrossingrate.stdev": 0.04934549704194069, "metadata.audio_properties.analysis.equal_loudness": 0.0, "metadata.audio_properties.analysis.length": 22.335987091064453, "metadata.audio_properties.analysis.sample_rate": 44100.0, "metadata.audio_properties.analysis.start_time": 0.0, "metadata.audio_properties.bit_rate": 121090.0, "metadata.audio_properties.length": 22.336000442504883, "metadata.audio_properties.lossless": 0.0, "metadata.audio_properties.number_channels": 1.0, "metadata.audio_properties.replay_gain": -8.081010818481445, "metadata.audio_properties.sample_rate": 48000.0, "rhythm.beats_count": 34.0, "rhythm.beats_loudness.mean": 0.12038934975862503, "rhythm.beats_loudness.stdev": 0.04188425838947296, "rhythm.bpm": 94.30155181884766, "rhythm.bpm_histogram_first_peak_bpm": 94.0, "rhythm.bpm_histogram_first_peak_weight": 0.5625, "rhythm.bpm_histogram_second_peak_bpm": 89.0, "rhythm.bpm_histogram_second_peak_spread": 0.0, "rhythm.bpm_histogram_second_peak_weight": 0.03030303120613098, "rhythm.danceability": 1.9234600067138672, "rhythm.onset_rate": 4.698153495788574, "tonal.chords_changes_rate": 0.0456431545317173, "tonal.chords_number_rate": 0.008298755623400211, "tonal.chords_strength.mean": 0.5162811875343323, "tonal.chords_strength.stdev": 0.07632923126220703, "tonal.hpcp_crest.mean": 19.22711944580078, "tonal.hpcp_crest.stdev": 8.029828071594238, "tonal.hpcp_entropy.mean": 1.379972219467163, "tonal.hpcp_entropy.stdev": 0.6377803683280945, "tonal.key_edma.strength": 0.7568135857582092, "tonal.key_krumhansl.strength": 0.7449685335159302, "tonal.key_temperley.strength": 0.7253585457801819, "tonal.tuning_diatonic_strength": 0.5858179330825806, "tonal.tuning_equal_tempered_deviation": 0.1060769110918045, "tonal.tuning_frequency": 437.4657897949219, "tonal.tuning_nontempered_energy_ratio": 0.6695674061775208, "lowlevel.barkbands.mean": [5.614013207377866e-05, 0.017672428861260414, 0.005251950118690729, 0.0010476377792656422, 0.003912881016731262, 0.004689743742346764, 0.0021943997126072645, 0.0020568151958286762, 0.0028098165057599545, 0.0007370454259216785, 0.0007899756310507655, 0.0002471637271810323, 0.0006768112652935088, 0.0006551729165948927, 0.000710996042471379, 0.00015641075151506811, 0.00014353172446135432, 0.0001274963578907773, 0.00016160837549250573, 7.302062294911593e-05, 0.0002082359278574586, 1.7576605387148447e-05, 4.0436716517433524e-05, 8.407156565226614e-05, 0.0001203563588205725, 3.545251092873514e-05, 3.323097189422697e-06], "lowlevel.barkbands.stdev": [0.00012163217616034672, 0.030777137726545334, 0.010370854288339615, 0.0022176746279001236, 0.00408854940906167, 0.00635681115090847, 0.0036757681518793106, 0.003093617968261242, 0.0038038166239857674, 0.0023811589926481247, 0.0014995003584772348, 0.0006159245385788381, 0.001793622737750411, 0.0018950076773762703, 0.0015681006480008364, 0.00042715491144917905, 0.0003371319326106459, 0.00022227612498681992, 0.00026808641268871725, 0.00012040149886161089, 0.00027797126676887274, 3.623581869760528e-05, 0.00015500205336138606, 0.00026740526664070785, 0.00045404155389405787, 0.00011870723392348737, 9.635802598495502e-06], "lowlevel.erbbands.mean": [0.2422570288181305, 4.72936487197876, 8.500711441040039, 4.262799263000488, 3.638545036315918, 18.934680938720703, 20.589670181274414, 53.85392379760742, 22.741744995117188, 54.338623046875, 31.466062545776367, 79.43689727783203, 30.607126235961914, 24.780467987060547, 32.37641143798828, 13.942509651184082, 29.801448822021484, 39.56399154663086, 40.44624710083008, 16.533063888549805, 8.415773391723633, 7.303760528564453, 6.4443535804748535, 12.56570053100586, 3.404534339904785, 3.8611223697662354, 12.228622436523438, 2.5771374702453613, 0.7074444890022278, 1.0903944969177246, 1.0110392570495605, 0.7434356212615967, 2.0726587772369385, 2.0537686347961426, 0.41355904936790466, 0.07234315574169159, 0.08100519329309464, 0.022220319136977196, 0.0004738691495731473, 6.329085590550676e-05], "lowlevel.erbbands.stdev": [0.4430027902126312, 8.373997688293457, 16.867889404296875, 7.763638496398926, 4.142709732055664, 21.23363494873047, 20.675649642944336, 78.7748031616211, 32.51955032348633, 69.32925415039062, 56.47332000732422, 104.3232421875, 52.14398193359375, 83.12889099121094, 66.72525024414062, 31.069398880004883, 73.0965805053711, 106.462646484375, 89.1237564086914, 32.46244430541992, 18.38957405090332, 18.124195098876953, 11.69678020477295, 20.38431739807129, 5.280328273773193, 5.432188510894775, 16.931503295898438, 3.084951639175415, 1.2399026155471802, 3.5115842819213867, 4.086687088012695, 2.306654930114746, 6.755616664886475, 7.807121753692627, 1.6624683141708374, 0.27990931272506714, 0.277244508266449, 0.06989270448684692, 0.0013613702030852437, 6.114367715781555e-05], "lowlevel.gfcc.mean": [-6.583364963531494, 104.42871856689453, -94.95648193359375, 10.041854858398438, -61.04251480102539, 6.5991530418396, -37.14889144897461, 7.395026683807373, -25.927249908447266, 14.77816390991211, -9.995464324951172, -9.253426551818848, -4.139650821685791], "lowlevel.melbands.mean": [0.0036751178558915854, 0.005202622152864933, 0.000688467058353126, 0.000765566190239042, 0.0008305067894980311, 0.0010478433687239885, 0.00039549803477711976, 0.0005945400916971266, 0.00022089043341111392, 0.0005226412322372198, 0.0001331681851297617, 9.535601566312835e-05, 9.542475163470954e-05, 5.2192117436788976e-05, 3.514073250698857e-05, 7.68998361309059e-05, 7.482931687263772e-05, 6.154798029456288e-05, 4.452852954273112e-05, 1.294420326303225e-05, 8.852160135575105e-06, 8.785375030129217e-06, 4.768267444887897e-06, 6.534729436680209e-06, 1.130523560277652e-05, 2.673479457371286e-06, 1.676270471762109e-06, 2.343542519156472e-06, 8.533988875569776e-06, 4.441928467713296e-06, 5.99578243054566e-07, 3.5562626976570755e-07, 3.5525982866602135e-07, 7.676810582779581e-07, 6.03923012931773e-07, 4.7066191655176226e-07, 4.131042601329682e-07, 1.216965983985574e-06, 2.2250817437452497e-06, 1.5538288380412268e-06], "lowlevel.melbands.stdev": [0.006255454383790493, 0.009525394067168236, 0.0011398512870073318, 0.0008624414331279695, 0.0007348809158429503, 0.0015174031723290682, 0.000613789597991854, 0.0007578203221783042, 0.00045502063585445285, 0.000697629526257515, 0.000251300836680457, 0.0003654462343547493, 0.00018948389333672822, 0.00010765942715806887, 0.00011892795737367123, 0.00021720312361139804, 0.00023111798509489745, 0.00014218869910109788, 9.071654494618997e-05, 3.739510430023074e-05, 2.0864003090537153e-05, 2.3756396331009455e-05, 9.983147720049601e-06, 1.0733268936746754e-05, 1.900904499052558e-05, 4.7510106924164575e-06, 2.6122686449525645e-06, 3.835948518826626e-06, 1.223634899361059e-05, 6.741691777278902e-06, 7.04791148109507e-07, 6.461474413299584e-07, 9.254915767087368e-07, 2.737122031248873e-06, 2.5267527234973386e-06, 1.781411128831678e-06, 1.178208094643196e-06, 3.898368504451355e-06, 7.7540507845697e-06, 6.3580046116840094e-06], "lowlevel.melbands128.mean": [3.998134707217105e-05, 0.000849842734169215, 0.005070867482572794, 0.009268886409699917, 0.005978454370051622, 0.002033717930316925, 0.0008497044327668846, 0.00040521551272831857, 0.00018855150847230107, 0.0006936643621884286, 0.0012904196046292782, 0.0009397795074619353, 0.000519086024723947, 0.0007663534488528967, 0.0019370601512491703, 0.0006177416071295738, 6.70041044941172e-05, 0.0003994892176706344, 0.0007900141645222902, 0.0005863801343366504, 0.0006133915740065277, 0.00021084888430777937, 0.00020273131667636335, 0.00013639056123793125, 0.0005611521191895008, 0.0008157101692631841, 8.326781971845776e-05, 0.0001221185812028125, 4.80456801597029e-05, 0.0001357996225124225, 0.00010062036017188802, 5.223091648076661e-05, 6.292966281762347e-05, 0.00020118542306590825, 2.6283112674718723e-05, 3.492471660138108e-05, 2.780025351967197e-05, 2.828425931511447e-05, 4.2709438275778666e-05, 7.250007911352441e-05, 0.00011431108578108251, 2.3382415747619234e-05, 8.169469219865277e-05, 0.00010955055040540174, 2.756459616648499e-05, 6.911416858201846e-05, 7.394327985821292e-05, 6.978207238717005e-05, 1.5156191693677101e-05, 4.8182560021814425e-06, 2.0584027879522182e-05, 1.186673398478888e-05, 5.1241581786598545e-06, 9.57164684223244e-06, 1.168516610050574e-05, 9.99303210846847e-06, 4.662498668039916e-06, 4.213134161545895e-06, 4.571531462715939e-06, 6.802988991694292e-06, 3.7552599678747356e-06, 5.734187197958818e-06, 2.1187433958402835e-05, 9.232992852048483e-06, 3.233605184504995e-06, 2.9919920052634552e-06, 1.828972926887218e-06, 1.539430058983271e-06, 1.8465779021425988e-06, 1.666791945353907e-06, 1.2125682360419887e-06, 3.6911321785737528e-06, 4.6218510760809295e-06, 1.2029232493659947e-05, 9.15147211344447e-06, 5.2752789088117424e-06, 2.3082861844159197e-06, 6.789175586163765e-07, 4.48652912155012e-07, 2.756370633960614e-07, 3.870065938826883e-07, 3.690367691433494e-07, 3.314101775231393e-07, 3.7679390629818954e-07, 3.26199341316169e-07, 5.872135488971253e-07, 1.1174662404300761e-06, 7.333886742344475e-07, 5.319550382409943e-07, 5.407544563240663e-07, 5.201135309107485e-07, 4.5982605456629244e-07, 3.669665034067293e-07, 1.795665696135984e-07, 5.087063641440182e-07, 1.2280823966648313e-06, 1.1380415116946097e-06, 1.4333895705931354e-06, 2.6278999030182604e-06, 2.3755851543683093e-06, 2.144907739420887e-06, 1.3910654388382682e-06, 9.100999136535393e-07, 6.460268764385546e-07, 3.3861113024613587e-07, 2.60314550359908e-07, 1.3178674862501794e-07, 1.2182881903299858e-07, 1.0604623668086788e-07, 5.864627894425212e-08, 8.181685018371354e-08, 1.7870733870495314e-07, 3.396542069822317e-07, 3.673766855172289e-07, 3.1059192906468525e-07, 3.194961379904271e-07, 1.365299908684392e-07, 1.7657823647709847e-08, 2.229691153932123e-10, 4.983609878939088e-12, 4.830421219265135e-12, 4.731727162865518e-12, 4.625898622490077e-12, 4.5384707277051906e-12, 4.404161063620293e-12, 4.223100601857821e-12, 4.116389954594846e-12, 4.0837147032013466e-12], "lowlevel.melbands128.stdev": [0.0001005102603812702, 0.002140727359801531, 0.009157352149486542, 0.01739468425512314, 0.012389062903821468, 0.0038038433995097876, 0.0018565228674560785, 0.0007820758619345725, 0.00028406435740180314, 0.0009978512534871697, 0.0015478001441806555, 0.0012223159428685904, 0.0008775950991548598, 0.0010310722282156348, 0.0029504611156880856, 0.0009475152473896742, 0.00017657513672020286, 0.0007813069387339056, 0.0014120405539870262, 0.0008583678863942623, 0.0010310789803043008, 0.0005321770440787077, 0.0006369669572450221, 0.0006128882523626089, 0.0007827427471056581, 0.0011571509530767798, 0.0002251913392683491, 0.0003841141879092902, 0.0001861571508925408, 0.0007619514362886548, 0.0002951847855001688, 0.0001500978833064437, 0.0001493755989940837, 0.00045056038652546704, 6.114927236922085e-05, 0.00012729427544400096, 7.66565281082876e-05, 0.0001638773101149127, 0.00016513181617483497, 0.00019413683912716806, 0.00040016788989305496, 9.423663868801668e-05, 0.00031412168755196035, 0.00034420841257087886, 6.723962724208832e-05, 0.00026070483727380633, 0.00017425132682546973, 0.000168708706041798, 6.226739060366526e-05, 1.81873474502936e-05, 7.020634802756831e-05, 3.80814635718707e-05, 2.2983900635153987e-05, 2.5212342734448612e-05, 3.0098974093561992e-05, 3.908736107405275e-05, 1.3917492651671637e-05, 1.0626340554154012e-05, 1.1694816748786252e-05, 1.683662958384957e-05, 9.064374353329185e-06, 1.3114970897731837e-05, 3.9263144572032616e-05, 1.801775761123281e-05, 6.106563432695111e-06, 6.7778310040012e-06, 4.121475285501219e-06, 3.1105851121537853e-06, 3.0955991405789973e-06, 2.9022512535448186e-06, 2.0344216409284854e-06, 7.813920092303306e-06, 9.96325343294302e-06, 1.8298042050446384e-05, 1.5141552466957364e-05, 1.2072146091668401e-05, 3.742112767213257e-06, 8.751565587772347e-07, 7.501761274397722e-07, 5.664427931151295e-07, 7.111731861186854e-07, 8.049383950492484e-07, 8.265886322078586e-07, 1.1038440561605967e-06, 9.785323982214322e-07, 1.919805981742684e-06, 4.512864961725427e-06, 3.056540890611359e-06, 2.301749873367953e-06, 2.744039193203207e-06, 2.0899026367260376e-06, 1.6922791701290407e-06, 1.4901578424542095e-06, 6.064412332307256e-07, 1.325883772551606e-06, 4.427886324265273e-06, 3.749063807845232e-06, 5.173697900318075e-06, 9.813457836571615e-06, 8.277135748357978e-06, 9.404384400113486e-06, 6.2505819187208544e-06, 3.969022600358585e-06, 3.3979808904405218e-06, 1.3752519407717045e-06, 1.1177907026649336e-06, 6.802039820286154e-07, 4.984559041076864e-07, 5.377416982810246e-07, 3.1031063940645254e-07, 4.834703304368304e-07, 8.571889793529408e-07, 1.2655297041419544e-06, 1.1336155694152694e-06, 1.0586686585156713e-06, 1.1712899095073226e-06, 3.92525180359371e-07, 7.240907251571116e-08, 5.419120707728098e-09, 7.505849240752038e-12, 7.32013928639308e-12, 7.162235214630552e-12, 7.012661284999666e-12, 6.897701160246683e-12, 6.794966499190647e-12, 6.714789748535344e-12, 6.6572741243275946e-12, 6.621287719499325e-12], "lowlevel.mfcc.mean": [-662.083984375, 146.2782440185547, 18.034713745117188, 8.86880111694336, 3.269887685775757, -5.607894420623779, 8.923508644104004, -20.449764251708984, 3.6628990173339844, 2.0798542499542236, 3.3769168853759766, 2.436450719833374, -8.72376537322998], "lowlevel.spectral_contrast_coeffs.mean": [-0.652486264705658, -0.6525338292121887, -0.714747965335846, -0.7563137412071228, -0.7901650071144104, -0.7607415318489075], "lowlevel.spectral_contrast_coeffs.stdev": [0.08021724969148636, 0.07250777631998062, 0.06277238577604294, 0.055964238941669464, 0.044606953859329224, 0.036012157797813416], "lowlevel.spectral_contrast_valleys.mean": [-6.85886812210083, -6.796696186065674, -7.794180870056152, -8.036755561828613, -8.11240005493164, -10.86872386932373], "lowlevel.spectral_contrast_valleys.stdev": [0.9447359442710876, 0.717841386795044, 0.6710516214370728, 0.6945086717605591, 0.7471340298652649, 0.7444741725921631], "rhythm.beats_loudness_band_ratio.mean": [0.7284238338470459, 0.09558096528053284, 0.10122927278280258, 0.04757725074887276, 0.02518676035106182, 0.00724067073315382], "rhythm.beats_loudness_band_ratio.stdev": [0.14619885385036469, 0.07084385305643082, 0.07799734175205231, 0.07673586905002594, 0.030793771147727966, 0.006317827384918928], "tonal.hpcp.mean": [0.05626985430717468, 0.051945071667432785, 0.10803287476301193, 0.2843153178691864, 0.21808147430419922, 0.027383355423808098, 0.008944653905928135, 0.013105540536344051, 0.12271742522716522, 0.3098553717136383, 0.2068927139043808, 0.013144980184733868, 0.007222847547382116, 0.019075920805335045, 0.07127699255943298, 0.17296604812145233, 0.15141920745372772, 0.05334380269050598, 0.04227332025766373, 0.03154726326465607, 0.012451039627194405, 0.009518830105662346, 0.011575290001928806, 0.219928577542305, 0.6124560832977295, 0.4206698536872864, 0.027048712596297264, 0.00899477582424879, 0.008976224809885025, 0.03466300666332245, 0.0883522629737854, 0.0648527666926384, 0.013711289502680302, 0.010033702477812767, 0.004562479443848133, 0.026920877397060394], "tonal.hpcp.stdev": [0.1610231250524521, 0.1278090924024582, 0.18588367104530334, 0.3500882089138031, 0.28529879450798035, 0.09984976798295975, 0.05138573795557022, 0.06464286893606186, 0.1916874200105667, 0.36165866255760193, 0.25152894854545593, 0.06643439084291458, 0.03846311569213867, 0.09078166633844376, 0.16725552082061768, 0.32390886545181274, 0.2907460629940033, 0.15726587176322937, 0.13650137186050415, 0.11729700863361359, 0.0592002272605896, 0.027071669697761536, 0.05675503611564636, 0.20168475806713104, 0.3900192081928253, 0.2895711660385132, 0.09793509542942047, 0.05236120894551277, 0.04980277642607689, 0.1145632192492485, 0.2150420844554901, 0.15369512140750885, 0.04224942624568939, 0.041345879435539246, 0.01856028288602829, 0.08689367026090622], "rhythm.beats_position": [0.6849886775016785, 1.3583673238754272, 2.0201361179351807, 2.670294761657715, 3.2972335815429688, 3.9357821941375732, 4.574330806732178, 5.212879657745361, 5.839818477630615, 6.478367328643799, 7.116916179656982, 7.755464553833008, 8.382403373718262, 9.009342193603516, 9.63628101348877, 10.263219833374023, 10.913378715515137, 11.54031753540039, 12.178866386413574, 12.817414283752441, 13.444353103637695, 14.082901954650879, 14.721450805664062, 15.348389625549316, 15.9869384765625, 16.625486373901367, 17.252426147460938, 17.879364013671875, 18.506303787231445, 19.133241653442383, 19.771791458129883, 20.41033935546875, 21.06049919128418, 21.687437057495117], "rhythm.bpm_histogram": [0.0, 0.0, 0.0, 0.0, 0.0, 0.0, 0.0, 0.0, 0.0, 0.0, 0.0, 0.0, 0.0, 0.0, 0.0, 0.0, 0.0, 0.0, 0.0, 0.0, 0.0, 0.0, 0.0, 0.0, 0.0, 0.0, 0.0, 0.0, 0.0, 0.0, 0.0, 0.0, 0.0, 0.0, 0.0, 0.0, 0.0, 0.0, 0.0, 0.0, 0.0, 0.0, 0.0, 0.0, 0.0, 0.0, 0.0, 0.0, 0.0, 0.0, 0.0, 0.0, 0.0, 0.0, 0.0, 0.0, 0.0, 0.0, 0.0, 0.0, 0.0, 0.0, 0.0, 0.0, 0.0, 0.0, 0.0, 0.0, 0.0, 0.0, 0.0, 0.0, 0.0, 0.0, 0.0, 0.0, 0.0, 0.0, 0.0, 0.0, 0.0, 0.0, 0.0, 0.0, 0.0, 0.0, 0.0, 0.0, 0.0, 0.03030303120613098, 0.0, 0.03030303120613098, 0.09090909361839294, 0.0, 0.42424243688583374, 0.0, 0.42424243688583374, 0.0, 0.0, 0.0, 0.0, 0.0, 0.0, 0.0, 0.0, 0.0, 0.0, 0.0, 0.0, 0.0, 0.0, 0.0, 0.0, 0.0, 0.0, 0.0, 0.0, 0.0, 0.0, 0.0, 0.0, 0.0, 0.0, 0.0, 0.0, 0.0, 0.0, 0.0, 0.0, 0.0, 0.0, 0.0, 0.0, 0.0, 0.0, 0.0, 0.0, 0.0, 0.0, 0.0, 0.0, 0.0, 0.0, 0.0, 0.0, 0.0, 0.0, 0.0, 0.0, 0.0, 0.0, 0.0, 0.0, 0.0, 0.0, 0.0, 0.0, 0.0, 0.0, 0.0, 0.0, 0.0, 0.0, 0.0, 0.0, 0.0, 0.0, 0.0, 0.0, 0.0, 0.0, 0.0, 0.0, 0.0, 0.0, 0.0, 0.0, 0.0, 0.0, 0.0, 0.0, 0.0, 0.0, 0.0, 0.0, 0.0, 0.0, 0.0, 0.0, 0.0, 0.0, 0.0, 0.0, 0.0, 0.0, 0.0, 0.0, 0.0, 0.0, 0.0, 0.0, 0.0, 0.0, 0.0, 0.0, 0.0, 0.0, 0.0, 0.0, 0.0, 0.0, 0.0, 0.0, 0.0, 0.0, 0.0, 0.0, 0.0, 0.0, 0.0, 0.0, 0.0, 0.0, 0.0, 0.0, 0.0, 0.0, 0.0, 0.0, 0.0, 0.0, 0.0, 0.0, 0.0, 0.0, 0.0, 0.0, 0.0, 0.0, 0.0, 0.0, 0.0, 0.0, 0.0, 0.0, 0.0, 0.0, 0.0, 0.0, 0.0], "tonal.chords_histogram": [48.340248107910156, 0.0, 31.950206756591797, 0.0, 0.0, 0.0, 0.0, 0.0, 0.0, 0.0, 0.0, 0.0, 0.0, 0.0, 0.0, 0.0, 0.0, 3.526970863342285, 0.0, 16.182573318481445, 0.0, 0.0, 0.0, 0.0], "tonal.thpcp": [1.0, 0.6868571639060974, 0.04416432976722717, 0.01468640100210905, 0.014656111598014832, 0.056596722453832626, 0.14425893127918243, 0.10588966310024261, 0.02238738350570202, 0.0163827296346426, 0.00744948023930192, 0.04395560547709465, 0.09187573939561844, 0.08481436222791672, 0.17639285326004028, 0.4642215669155121, 0.3560769259929657, 0.04471072554588318, 0.01460456382483244, 0.021398335695266724, 0.20036934316158295, 0.5059226155281067, 0.3378082513809204, 0.021462731063365936, 0.011793249286711216, 0.031146593391895294, 0.11637894809246063, 0.2824138104915619, 0.24723276495933533, 0.08709816634654999, 0.06902261823415756, 0.05150942876935005, 0.020329685881733894, 0.015542061068117619, 0.018899787217378616, 0.3590928018093109], "lowlevel.gfcc.cov": [[3448.9072265625, -73.08277893066406, -338.0050048828125, 306.1960754394531, 182.7917938232422, 22.84473991394043, 111.93018341064453, 342.6913757324219, 134.38787841796875, 14.196982383728027, 80.26811218261719, -156.2858428955078, 52.86000442504883], [-73.08277893066406, 1122.7218017578125, 159.42764282226562, 249.5410919189453, 328.9554748535156, 62.82526397705078, 296.6362609863281, 38.03397750854492, 135.5395965576172, 44.07037353515625, 159.6995849609375, -60.32971954345703, 70.9957275390625], [-338.0050048828125, 159.42764282226562, 943.9373168945312, 252.44004821777344, 172.69424438476562, 237.22027587890625, 92.79198455810547, 41.442298889160156, 158.6635284423828, 74.4781723022461, 40.91039276123047, 208.7918243408203, -69.6246337890625], [306.1960754394531, 249.5410919189453, 252.44004821777344, 429.4663391113281, 269.2241516113281, 52.16497802734375, 70.39421081542969, 124.94346618652344, 173.54409790039062, 2.7888832092285156, 26.17426109313965, 47.94176483154297, 28.432031631469727], [182.7917938232422, 328.9554748535156, 172.69424438476562, 269.2241516113281, 331.5491638183594, 117.35611724853516, 123.71289825439453, 98.17628479003906, 128.02133178710938, 25.189197540283203, 43.158599853515625, 11.033453941345215, 20.887556076049805], [22.84473991394043, 62.82526397705078, 237.22027587890625, 52.16497802734375, 117.35611724853516, 303.83489990234375, 177.40887451171875, 46.661659240722656, 56.961360931396484, 50.687034606933594, 47.33580780029297, -0.5867035984992981, -38.79098129272461], [111.93018341064453, 296.6362609863281, 92.79198455810547, 70.39421081542969, 123.71289825439453, 177.40887451171875, 286.5915222167969, 89.88587188720703, 34.18353271484375, 41.22918701171875, 82.21757507324219, -27.546154022216797, -4.734236240386963], [342.6913757324219, 38.03397750854492, 41.442298889160156, 124.94346618652344, 98.17628479003906, 46.661659240722656, 89.88587188720703, 166.7949676513672, 78.14739990234375, 20.405176162719727, 25.578672409057617, 2.106353998184204, 9.0914306640625], [134.38787841796875, 135.5395965576172, 158.6635284423828, 173.54409790039062, 128.02133178710938, 56.961360931396484, 34.18353271484375, 78.14739990234375, 160.010986328125, 48.08472442626953, 36.329532623291016, 20.866092681884766, 18.288166046142578], [14.196982383728027, 44.07037353515625, 74.4781723022461, 2.7888832092285156, 25.189197540283203, 50.687034606933594, 41.22918701171875, 20.405176162719727, 48.08472442626953, 115.75675201416016, 66.83663940429688, 25.07331657409668, 18.798683166503906], [80.26811218261719, 159.6995849609375, 40.91039276123047, 26.17426109313965, 43.158599853515625, 47.33580780029297, 82.21757507324219, 25.578672409057617, 36.329532623291016, 66.83663940429688, 161.82777404785156, 44.8350830078125, 35.38241195678711], [-156.2858428955078, -60.32971954345703, 208.7918243408203, 47.94176483154297, 11.033453941345215, -0.5867035984992981, -27.546154022216797, 2.106353998184204, 20.866092681884766, 25.07331657409668, 44.8350830078125, 171.04666137695312, 21.313833236694336], [52.86000442504883, 70.9957275390625, -69.6246337890625, 28.432031631469727, 20.887556076049805, -38.79098129272461, -4.734236240386963, 9.0914306640625, 18.288166046142578, 18.798683166503906, 35.38241195678711, 21.313833236694336, 103.13184356689453]], "lowlevel.gfcc.icov": [[0.0004423603240866214, 0.00017610735085327178, 0.0001111885576392524, -0.0003757029480766505, -4.384240583021892e-06, -1.2601111848198343e-05, 0.00012110598618164659, -0.0007656098459847271, 0.00017349410336464643, 8.27965050120838e-06, -0.00047997303772717714, 0.0005793832242488861, -8.746849925955757e-05], [0.00017610735085327178, 0.00339767849072814, -0.0011871589813381433, 0.00045452939230017364, -0.0028051622211933136, 0.0035582652781158686, -0.004212474450469017, 0.0029136131051927805, -0.0019370479276403785, 0.0012743159895762801, -0.0024130824021995068, 0.0030399214010685682, -0.001588846673257649], [0.0001111885576392524, -0.0011871589813381433, 0.003522109240293503, -0.0015106856590136886, 0.0013611592585220933, -0.0028586590196937323, 0.00096906628459692, 6.950862825760851e-06, -0.0009803487919270992, -0.0013196880463510752, 0.0018580637406557798, -0.004681488964706659, 0.0029919100925326347], [-0.0003757029480766505, 0.00045452939230017364, -0.0015106856590136886, 0.008427838794887066, -0.004797344096004963, 0.0025106354150921106, -0.0012016665423288941, -0.000441048905486241, -0.005171407479792833, 0.0034707116428762674, 6.651281000813469e-05, -0.0003122164634987712, -0.0012378718238323927], [-4.384240583021892e-06, -0.0028051622211933136, 0.0013611592585220933, -0.004797344096004963, 0.01014877762645483, -0.004683053586632013, 0.002296428894624114, -0.00243268976919353, 0.0006221502553671598, -0.0012429761700332165, 0.001899612951092422, -0.0020432197488844395, 0.0005645595374517143], [-1.2601111848198343e-05, 0.0035582652781158686, -0.0028586590196937323, 0.0025106354150921106, -0.004683053586632013, 0.011224541813135147, -0.008195560425519943, 0.003936887718737125, -0.0035025940742343664, 0.0006694399635307491, -0.0022248495370149612, 0.0039349328726530075, -0.00016882021736819297], [0.00012110598618164659, -0.004212474450469017, 0.00096906628459692, -0.0012016665423288941, 0.002296428894624114, -0.008195560425519943, 0.014104734174907207, -0.008014815859496593, 0.006453623063862324, -0.0017733311979100108, -0.0009225151152350008, -0.00046494961134158075, 0.0012210140703245997], [-0.0007656098459847271, 0.0029136131051927805, 6.950862825760851e-06, -0.000441048905486241, -0.00243268976919353, 0.003936887718737125, -0.008014815859496593, 0.014867963269352913, -0.0065657696686685085, 0.0008110475027933717, 8.9049954112852e-06, -0.00016232756024692208, -0.000145177953527309], [0.00017349410336464643, -0.0019370479276403785, -0.0009803487919270992, -0.005171407479792833, 0.0006221502553671598, -0.0035025940742343664, 0.006453623063862324, -0.0065657696686685085, 0.01867530681192875, -0.00600083451718092, -0.0005338724586181343, 0.0020579614210873842, -0.0010199884418398142], [8.27965050120838e-06, 0.0012743159895762801, -0.0013196880463510752, 0.0034707116428762674, -0.0012429761700332165, 0.0006694399635307491, -0.0017733311979100108, 0.0008110475027933717, -0.00600083451718092, 0.015053004026412964, -0.005205089226365089, 0.0010829458478838205, -0.002496361266821623], [-0.00047997303772717714, -0.0024130824021995068, 0.0018580637406557798, 6.651281000813469e-05, 0.001899612951092422, -0.0022248495370149612, -0.0009225151152350008, 8.9049954112852e-06, -0.0005338724586181343, -0.005205089226365089, 0.01302465982735157, -0.006413615308701992, -0.00022105388052295893], [0.0005793832242488861, 0.0030399214010685682, -0.004681488964706659, -0.0003122164634987712, -0.0020432197488844395, 0.0039349328726530075, -0.00046494961134158075, -0.00016232756024692208, 0.0020579614210873842, 0.0010829458478838205, -0.006413615308701992, 0.015227570198476315, -0.00508619099855423], [-8.746849925955757e-05, -0.001588846673257649, 0.0029919100925326347, -0.0012378718238323927, 0.0005645595374517143, -0.00016882021736819297, 0.0012210140703245997, -0.000145177953527309, -0.0010199884418398142, -0.002496361266821623, -0.00022105388052295893, -0.00508619099855423, 0.014849922619760036]], "lowlevel.mfcc.cov": [[3743.962158203125, -236.85313415527344, -510.53497314453125, 141.7691650390625, 143.15597534179688, -286.0364685058594, 186.1548309326172, 44.89613342285156, 186.0713653564453, 290.6013488769531, 59.78116989135742, -35.412559509277344, 52.18540954589844], [-236.85313415527344, 845.2736206054688, 62.89982986450195, 194.7034912109375, 45.64494323730469, 143.38548278808594, 193.919921875, 39.92265319824219, 74.22821044921875, 45.66526412963867, 84.52522277832031, 124.10108947753906, 25.69113540649414], [-510.53497314453125, 62.89982986450195, 675.1703491210938, 110.93621063232422, 112.64786529541016, 239.61512756347656, -25.15955352783203, 159.58966064453125, 4.451923370361328, -16.160240173339844, 84.41093444824219, 93.6427001953125, 120.27716064453125], [141.7691650390625, 194.7034912109375, 110.93621063232422, 425.2740783691406, 224.98178100585938, 38.77910232543945, -28.502016067504883, 124.6841812133789, 124.09961700439453, 3.235931158065796, 19.734607696533203, 112.477294921875, 95.0753173828125], [143.15597534179688, 45.64494323730469, 112.64786529541016, 224.98178100585938, 303.9609680175781, 78.93667602539062, -44.884239196777344, 100.10784912109375, 93.03731536865234, 39.3604736328125, 8.605510711669922, 81.3214340209961, 73.61858367919922], [-286.0364685058594, 143.38548278808594, 239.61512756347656, 38.77910232543945, 78.93667602539062, 278.6268615722656, 89.97055053710938, 104.00775909423828, 30.366119384765625, 58.31239700317383, 78.11006164550781, 21.014616012573242, 42.4520263671875], [186.1548309326172, 193.919921875, -25.15955352783203, -28.502016067504883, -44.884239196777344, 89.97055053710938, 278.68280029296875, 66.24576568603516, 32.7420539855957, 92.35752868652344, 85.13871002197266, 16.73180389404297, 6.231982231140137], [44.89613342285156, 39.92265319824219, 159.58966064453125, 124.6841812133789, 100.10784912109375, 104.00775909423828, 66.24576568603516, 204.42987060546875, 65.50654602050781, 39.28084945678711, 46.06183624267578, 43.14789962768555, 67.45780944824219], [186.0713653564453, 74.22821044921875, 4.451923370361328, 124.09961700439453, 93.03731536865234, 30.366119384765625, 32.7420539855957, 65.50654602050781, 148.95970153808594, 66.8194351196289, 22.918548583984375, 25.381818771362305, 24.823665618896484], [290.6013488769531, 45.66526412963867, -16.160240173339844, 3.235931158065796, 39.3604736328125, 58.31239700317383, 92.35752868652344, 39.28084945678711, 66.8194351196289, 176.66775512695312, 75.76565551757812, -7.074441909790039, -10.652213096618652], [59.78116989135742, 84.52522277832031, 84.41093444824219, 19.734607696533203, 8.605510711669922, 78.11006164550781, 85.13871002197266, 46.06183624267578, 22.918548583984375, 75.76565551757812, 124.84538269042969, 38.56178283691406, 20.961902618408203], [-35.412559509277344, 124.10108947753906, 93.6427001953125, 112.477294921875, 81.3214340209961, 21.014616012573242, 16.73180389404297, 43.14789962768555, 25.381818771362305, -7.074441909790039, 38.56178283691406, 152.0966796875, 63.49342727661133], [52.18540954589844, 25.69113540649414, 120.27716064453125, 95.0753173828125, 73.61858367919922, 42.4520263671875, 6.231982231140137, 67.45780944824219, 24.823665618896484, -10.652213096618652, 20.961902618408203, 63.49342727661133, 154.34368896484375]], "lowlevel.mfcc.icov": [[0.0004603701236192137, 0.0001886597165139392, 0.0001765583292581141, -0.00018193008145317435, -0.00031786898034624755, 0.000702936144080013, -0.0004652023781090975, 2.6378105758340098e-05, -5.5385204177582636e-05, -0.0006210138089954853, -0.00018571304099168628, 0.00027748715365305543, -0.0003699319204315543], [0.0001886597165139392, 0.0021802254486829042, 0.00013341516023501754, -0.0014375633327290416, 0.0005071631749160588, -0.0008890503668226302, -0.0016307896003127098, 0.001236244454048574, -0.00030990640516392887, -4.600141255650669e-05, 0.0001439946354366839, -0.001235223957337439, 0.0004182840639259666], [0.0001765583292581141, 0.00013341516023501754, 0.0032527924049645662, 1.708974878056324e-06, 0.0002968822664115578, -0.00222857971675694, 0.00148892926517874, -0.0015205073868855834, 0.0005491541232913733, 0.0004911393625661731, -0.0013906318927183747, -0.0009460544097237289, -0.0010183729464188218], [-0.00018193008145317435, -0.0014375633327290416, 1.708974878056324e-06, 0.006307240575551987, -0.0027637328021228313, 0.0011000531958416104, 0.0015360262477770448, -0.00212665437720716, -0.002639006357640028, 0.0018266099505126476, -0.000985132297500968, -0.0006935842684470117, -0.0007330175722017884], [-0.00031786898034624755, 0.0005071631749160588, 0.0002968822664115578, -0.0027637328021228313, 0.008162738755345345, -0.003099300665780902, 0.0023644883185625076, -0.0008442647522315383, -0.0009695897460915148, -0.0023173619993031025, 0.002713772002607584, -0.0030551510863006115, -0.00038905246765352786], [0.000702936144080013, -0.0008890503668226302, -0.00222857971675694, 0.0011000531958416104, -0.003099300665780902, 0.009282656945288181, -0.0023127158638089895, -0.0011837531346827745, 0.00017124332953244448, -0.0010646639857441187, -0.002240953501313925, 0.003147173672914505, -0.0005860966048203409], [-0.0004652023781090975, -0.0016307896003127098, 0.00148892926517874, 0.0015360262477770448, 0.0023644883185625076, -0.0023127158638089895, 0.008326048962771893, -0.0032405199017375708, -0.00020943883282598108, -0.0012877704575657845, -0.001876847934909165, -0.0011461868416517973, -0.0004180922987870872], [2.6378105758340098e-05, 0.001236244454048574, -0.0015205073868855834, -0.00212665437720716, -0.0008442647522315383, -0.0011837531346827745, -0.0032405199017375708, 0.009965830482542515, -0.0016831179382279515, 0.00010667082096915692, 0.0001664777082623914, 0.0003565181978046894, -0.0011075488291680813], [-5.5385204177582636e-05, -0.00030990640516392887, 0.0005491541232913733, -0.002639006357640028, -0.0009695897460915148, 0.00017124332953244448, -0.00020943883282598108, -0.0016831179382279515, 0.012126856483519077, -0.004195455461740494, 0.0012328311568126082, 0.0003729592717718333, -0.00013337870768737048], [-0.0006210138089954853, -4.600141255650669e-05, 0.0004911393625661731, 0.0018266099505126476, -0.0023173619993031025, -0.0010646639857441187, -0.0012877704575657845, 0.00010667082096915692, -0.004195455461740494, 0.012786981649696827, -0.006514794658869505, 0.0019524780800566077, 0.0017521167173981667], [-0.00018571304099168628, 0.0001439946354366839, -0.0013906318927183747, -0.000985132297500968, 0.002713772002607584, -0.002240953501313925, -0.001876847934909165, 0.0001664777082623914, 0.0012328311568126082, -0.006514794658869505, 0.01658150739967823, -0.004226217046380043, -0.00010698803089326248], [0.00027748715365305543, -0.001235223957337439, -0.0009460544097237289, -0.0006935842684470117, -0.0030551510863006115, 0.003147173672914505, -0.0011461868416517973, 0.0003565181978046894, 0.0003729592717718333, 0.0019524780800566077, -0.004226217046380043, 0.01214755792170763, -0.0025901314802467823], [-0.0003699319204315543, 0.0004182840639259666, -0.0010183729464188218, -0.0007330175722017884, -0.00038905246765352786, -0.0005860966048203409, -0.0004180922987870872, -0.0011075488291680813, -0.00013337870768737048, 0.0017521167173981667, -0.00010698803089326248, -0.0025901314802467823, 0.009849786758422852]], "metadata.audio_properties.analysis.downmix": "mix", "metadata.audio_properties.codec": "mp3", "metadata.audio_properties.md5_encoded": "979584fc1a4c1a269cd7cf0cc0abed8e", "metadata.tags.file_name": "1183663885664919592.mp3", "metadata.version.essentia": "2.1-beta6-dev", "metadata.version.essentia_git_sha": "v2.1_beta5-1110-g77a6a954", "metadata.version.extractor": "music 2.0", "tonal.chords_key": "Bb", "tonal.chords_scale": "major", "tonal.key_edma.key": "Bb", "tonal.key_edma.scale": "major", "tonal.key_krumhansl.key": "Bb", "tonal.key_krumhansl.scale": "major", "tonal.key_temperley.key": "Bb", "tonal.key_temperley.scale": "major", "metadata.tags.encoding": ["Lavf58.45.100"]}, "essentia_models": [{"model_name": "genre_dortmund", "activations": {"alternative": "0.054740947", "blues": "0.009788535", "electronic": "0.0038942203", "folkcountry": "0.5599504", "funksoulrnb": "0.008397108", "jazz": "0.1751204", "pop": "0.2604278", "raphiphop": "0.010606749", "rock": "0.00786896"}}, {"model_name": "genre_rosamerica", "activations": {"classic": "0.0018548109", "dance": "0.0022212437", "hip hop": "0.00050909276", "jazz": "0.11132804", "pop": "0.5731707", "rhythm and blues": "0.039364513", "rock": "0.0012711667", "speech": "0.03844062"}}, {"model_name": "genre_tzanetakis", "activations": {"blues": "0.031731404", "classic": "1.9960813e-05", "country": "0.7568221", "disco": "0.004359951", "hip hop": "2.5559964e-05", "jazz": "0.017047344", "metal": "0.00019229506", "pop": "0.018653417", "reggae": "0.007105034", "