{"song_id": "1183702877206753290", "download": "https://cdn.discordapp.com/attachments/1135911532732108921/1183702877206753290/chirp.mp4?ex=65894c36&amp", "lyrics": "-", "style": ["Rap"], "essentia_features": {"lowlevel.average_loudness": 0.9400421380996704, "lowlevel.barkbands_crest.mean": 13.639389038085938, "lowlevel.barkbands_crest.stdev": 5.1977434158325195, "lowlevel.barkbands_flatness_db.mean": 0.19485977292060852, "lowlevel.barkbands_flatness_db.stdev": 0.08867185562849045, "lowlevel.barkbands_kurtosis.mean": 19.422603607177734, "lowlevel.barkbands_kurtosis.stdev": 51.85163879394531, "lowlevel.barkbands_skewness.mean": 2.303783416748047, "lowlevel.barkbands_skewness.stdev": 3.227752447128296, "lowlevel.barkbands_spread.mean": 22.420011520385742, "lowlevel.barkbands_spread.stdev": 20.505661010742188, "lowlevel.dissonance.mean": 0.45710596442222595, "lowlevel.dissonance.stdev": 0.038040220737457275, "lowlevel.dynamic_complexity": 7.627840518951416, "lowlevel.erbbands_crest.mean": 10.44420051574707, "lowlevel.erbbands_crest.stdev": 4.508991241455078, "lowlevel.erbbands_flatness_db.mean": 0.19722169637680054, "lowlevel.erbbands_flatness_db.stdev": 0.07905406504869461, "lowlevel.erbbands_kurtosis.mean": 2.645542860031128, "lowlevel.erbbands_kurtosis.stdev": 4.701758861541748, "lowlevel.erbbands_skewness.mean": 0.4912847876548767, "lowlevel.erbbands_skewness.stdev": 1.4605774879455566, "lowlevel.erbbands_spread.mean": 42.03497314453125, "lowlevel.erbbands_spread.stdev": 31.296419143676758, "lowlevel.hfc.mean": 19.251686096191406, "lowlevel.hfc.stdev": 27.36680030822754, "lowlevel.loudness_ebu128.integrated": -16.127256393432617, "lowlevel.loudness_ebu128.loudness_range": 3.199859619140625, "lowlevel.loudness_ebu128.momentary.mean": -18.440460205078125, "lowlevel.loudness_ebu128.momentary.stdev": 6.7574286460876465, "lowlevel.loudness_ebu128.short_term.mean": -16.483652114868164, "lowlevel.loudness_ebu128.short_term.stdev": 1.134395718574524, "lowlevel.melbands_crest.mean": 17.587444305419922, "lowlevel.melbands_crest.stdev": 6.385338306427002, "lowlevel.melbands_flatness_db.mean": 0.22646543383598328, "lowlevel.melbands_flatness_db.stdev": 0.11677105724811554, "lowlevel.melbands_kurtosis.mean": 47.48016357421875, "lowlevel.melbands_kurtosis.stdev": 135.60887145996094, "lowlevel.melbands_skewness.mean": 3.8602490425109863, "lowlevel.melbands_skewness.stdev": 4.066934585571289, "lowlevel.melbands_spread.mean": 32.090057373046875, "lowlevel.melbands_spread.stdev": 41.36497497558594, "lowlevel.pitch_salience.mean": 0.4921185374259949, "lowlevel.pitch_salience.stdev": 0.15258699655532837, "lowlevel.silence_rate_20dB.mean": 1.0, "lowlevel.silence_rate_20dB.stdev": 0.0, "lowlevel.silence_rate_30dB.mean": 0.9089820384979248, "lowlevel.silence_rate_30dB.stdev": 0.28763559460639954, "lowlevel.silence_rate_60dB.mean": 0.3880239427089691, "lowlevel.silence_rate_60dB.stdev": 0.4872989356517792, "lowlevel.spectral_centroid.mean": 1619.1326904296875, "lowlevel.spectral_centroid.stdev": 1267.5235595703125, "lowlevel.spectral_complexity.mean": 8.973652839660645, "lowlevel.spectral_complexity.stdev": 9.305295944213867, "lowlevel.spectral_decrease.mean": -6.938930319222436e-09, "lowlevel.spectral_decrease.stdev": 1.6836187555213655e-08, "lowlevel.spectral_energy.mean": 0.02793532982468605, "lowlevel.spectral_energy.stdev": 0.06468427926301956, "lowlevel.spectral_energyband_high.mean": 0.0016037662280723453, "lowlevel.spectral_energyband_high.stdev": 0.0029933045152574778, "lowlevel.spectral_energyband_low.mean": 0.0183623805642128, "lowlevel.spectral_energyband_low.stdev": 0.06027240306138992, "lowlevel.spectral_energyband_middle_high.mean": 0.002517237327992916, "lowlevel.spectral_energyband_middle_high.stdev": 0.005000527948141098, "lowlevel.spectral_energyband_middle_low.mean": 0.007912790402770042, "lowlevel.spectral_energyband_middle_low.stdev": 0.016693903133273125, "lowlevel.spectral_entropy.mean": 7.432228088378906, "lowlevel.spectral_entropy.stdev": 0.9245066046714783, "lowlevel.spectral_flux.mean": 0.0795559287071228, "lowlevel.spectral_flux.stdev": 0.11223375052213669, "lowlevel.spectral_kurtosis.mean": 6.012503147125244, "lowlevel.spectral_kurtosis.stdev": 9.347050666809082, "lowlevel.spectral_rms.mean": 0.003541421378031373, "lowlevel.spectral_rms.stdev": 0.0038356634322553873, "lowlevel.spectral_rolloff.mean": 2677.570556640625, "lowlevel.spectral_rolloff.stdev": 3255.93115234375, "lowlevel.spectral_skewness.mean": 1.6328282356262207, "lowlevel.spectral_skewness.stdev": 1.2306796312332153, "lowlevel.spectral_spread.mean": 5387515.5, "lowlevel.spectral_spread.stdev": 1887892.25, "lowlevel.spectral_strongpeak.mean": 0.881803572177887, "lowlevel.spectral_strongpeak.stdev": 1.3845770359039307, "lowlevel.zerocrossingrate.mean": 0.09555400907993317, "lowlevel.zerocrossingrate.stdev": 0.09058751165866852, "metadata.audio_properties.analysis.equal_loudness": 0.0, "metadata.audio_properties.analysis.length": 19.349319458007812, "metadata.audio_properties.analysis.sample_rate": 44100.0, "metadata.audio_properties.analysis.start_time": 0.0, "metadata.audio_properties.bit_rate": 125050.0, "metadata.audio_properties.length": 19.349332809448242, "metadata.audio_properties.lossless": 0.0, "metadata.audio_properties.number_channels": 1.0, "metadata.audio_properties.replay_gain": -11.184087753295898, "metadata.audio_properties.sample_rate": 48000.0, "rhythm.beats_count": 31.0, "rhythm.beats_loudness.mean": 0.16638872027397156, "rhythm.beats_loudness.stdev": 0.07484901696443558, "rhythm.bpm": 99.51393127441406, "rhythm.bpm_histogram_first_peak_bpm": 99.0, "rhythm.bpm_histogram_first_peak_weight": 0.06666666269302368, "rhythm.bpm_histogram_second_peak_bpm": 0.0, "rhythm.bpm_histogram_second_peak_spread": 0.0, "rhythm.bpm_histogram_second_peak_weight": 0.0, "rhythm.danceability": 1.7231066226959229, "rhythm.onset_rate": 3.717963218688965, "tonal.chords_changes_rate": 0.05263157933950424, "tonal.chords_number_rate": 0.023923445492982864, "tonal.chords_strength.mean": 0.4878089427947998, "tonal.chords_strength.stdev": 0.0859486386179924, "tonal.hpcp_crest.mean": 14.007577896118164, "tonal.hpcp_crest.stdev": 6.231202125549316, "tonal.hpcp_entropy.mean": 1.9848198890686035, "tonal.hpcp_entropy.stdev": 0.8302740454673767, "tonal.key_edma.strength": 0.6713268756866455, "tonal.key_krumhansl.strength": 0.6650537252426147, "tonal.key_temperley.strength": 0.6468292474746704, "tonal.tuning_diatonic_strength": 0.5131432414054871, "tonal.tuning_equal_tempered_deviation": 0.2396431565284729, "tonal.tuning_frequency": 445.3697204589844, "tonal.tuning_nontempered_energy_ratio": 0.9587615132331848, "lowlevel.barkbands.mean": [0.00027768872678279877, 0.012201429344713688, 0.003433361416682601, 0.003467652015388012, 0.0008911077748052776, 0.0010650233598425984, 0.0018430952914059162, 0.0002472282503731549, 0.00038529731682501733, 0.00010602591646602377, 0.00012560277536977082, 0.00015777500811964273, 0.00015682070807088166, 0.0003847411717288196, 0.0006164953229017556, 0.00030936658731661737, 0.00029026472475379705, 0.00014967202150728554, 0.00012229799176566303, 0.00018910059588961303, 0.0003156927414238453, 0.0005851468886248767, 0.00024431748897768557, 0.00018050303333438933, 0.00013278044934850186, 5.2237090130802244e-05, 4.596379767463077e-06], "lowlevel.barkbands.stdev": [0.0009031824301928282, 0.04466057941317558, 0.017006922513246536, 0.014278480783104897, 0.0017466164426878095, 0.0011901850812137127, 0.005140320863574743, 0.0021693960297852755, 0.0014631529338657856, 0.0008209219668060541, 0.000469409889774397, 0.001003853278234601, 0.0010294555686414242, 0.0014352758880704641, 0.002109347842633724, 0.0012846346944570541, 0.000731591775547713, 0.0003634688619058579, 0.00026260712184011936, 0.00036218372406437993, 0.0007024119258858263, 0.001239775912836194, 0.000473005638923496, 0.00038204281008802354, 0.00034571453579701483, 0.00012991868425160646, 1.5743864423711784e-05], "lowlevel.erbbands.mean": [0.3340725898742676, 2.7410330772399902, 4.3912506103515625, 9.51430892944336, 4.721835613250732, 3.126736879348755, 6.922362804412842, 9.712675094604492, 19.15106201171875, 22.692838668823242, 4.252540588378906, 10.47124195098877, 3.6483123302459717, 5.652510643005371, 3.9989662170410156, 7.272826194763184, 7.367732524871826, 14.302518844604492, 32.23707962036133, 24.47013282775879, 14.492756843566895, 15.5939302444458, 10.36967945098877, 4.974517345428467, 8.179508209228516, 8.542740821838379, 10.638647079467773, 15.012744903564453, 22.86674690246582, 12.946170806884766, 5.922999858856201, 3.672288417816162, 3.178795099258423, 1.8773938417434692, 0.6959667801856995, 0.263996422290802, 0.0883384644985199, 0.016913149505853653, 0.0005150370998308063, 4.771315798279829e-05], "lowlevel.erbbands.stdev": [1.157923698425293, 10.802338600158691, 20.15570640563965, 39.55115509033203, 16.23479652404785, 6.823029518127441, 7.640811920166016, 10.487804412841797, 48.57673645019531, 74.89642333984375, 19.408235549926758, 38.957801818847656, 14.313551902770996, 25.651870727539062, 13.60229206085205, 48.215518951416016, 46.21485137939453, 48.36604309082031, 110.55089569091797, 76.52906799316406, 44.02631378173828, 34.83381652832031, 25.092409133911133, 9.779316902160645, 17.641117095947266, 16.372718811035156, 20.59562110900879, 36.28225326538086, 51.00884246826172, 25.24155044555664, 10.96605396270752, 7.2802228927612305, 7.012642860412598, 4.871052265167236, 1.8257989883422852, 0.6566442847251892, 0.2411191165447235, 0.05035761371254921, 0.0015113981207832694, 9.338879317510873e-05], "lowlevel.gfcc.mean": [-122.63817596435547, 36.72575378417969, -117.46907806396484, 16.325551986694336, -85.63964080810547, 1.0086967945098877, -56.65645217895508, -7.010007858276367, -25.974485397338867, 4.825357437133789, -17.799476623535156, 4.131683826446533, -8.445918083190918], "lowlevel.melbands.mean": [0.0032485220581293106, 0.0028300436679273844, 0.0014186492189764977, 0.00023362127831205726, 0.00021319580264389515, 0.00020179709827061743, 0.0003374665102455765, 0.0002111304784193635, 2.8425827622413635e-05, 6.707688589813188e-05, 1.630146289244294e-05, 2.2662043193122372e-05, 1.351878836430842e-05, 1.9736851754714735e-05, 1.043694373947801e-05, 1.9886574591509998e-05, 2.810399564623367e-05, 5.030521788285114e-05, 4.841852933168411e-05, 2.652937291713897e-05, 1.437018272554269e-05, 1.5652363799745217e-05, 1.5114739653654397e-05, 5.2753589443454985e-06, 3.677400627566385e-06, 5.033663455833448e-06, 6.9955990511516575e-06, 5.211079496802995e-06, 5.9038775361841545e-06, 7.652385647816118e-06, 9.129933459917083e-06, 1.3987320926389657e-05, 9.985267752199434e-06, 6.159732038213406e-06, 3.4704396512097446e-06, 2.550082172092516e-06, 2.1331738935259636e-06, 2.3354566565103596e-06, 1.9734179659280926e-06, 1.4508416370517807e-06], "lowlevel.melbands.stdev": [0.011488654650747776, 0.011278322897851467, 0.005754757206887007, 0.0005839687655679882, 0.0002220869791926816, 0.00022971404541749507, 0.0008860887610353529, 0.0007501307409256697, 0.0001522133097751066, 0.00023440805671270937, 7.88252946222201e-05, 0.00011442843970144168, 4.945964246871881e-05, 0.00012402242282405496, 4.933520540362224e-05, 0.00013600956299342215, 0.00010372721590101719, 0.00018193419964518398, 0.00016731824143789709, 0.00012535743007902056, 4.533034734777175e-05, 3.703678521560505e-05, 4.13155066780746e-05, 1.1527268725330941e-05, 7.867795829952229e-06, 1.1341728168190457e-05, 1.5451711078640074e-05, 1.02483627415495e-05, 1.148391493188683e-05, 1.708637864794582e-05, 2.3573391445097513e-05, 3.363483847351745e-05, 1.9496701497700997e-05, 1.28008477986441e-05, 6.577865406143246e-06, 4.985692612535786e-06, 4.399045337777352e-06, 5.202665306569543e-06, 4.964967502019135e-06, 3.926933914044639e-06], "lowlevel.melbands128.mean": [0.0002609733783174306, 0.0023135324008762836, 0.0048308647237718105, 0.004480503965169191, 0.0025195530615746975, 0.001665193121880293, 0.002236173255369067, 0.001310227788053453, 0.00029273753170855343, 0.00019541250367183238, 0.00016079341003205627, 0.0001478346821386367, 0.00029237198759801686, 0.00017942962585948408, 0.0002879572275560349, 0.00014125507732387632, 0.00012604627409018576, 0.00042873277561739087, 0.000569937052205205, 0.0002096898533636704, 8.277187589555979e-05, 2.1939575162832625e-05, 1.6627398508717306e-05, 3.4327891626162454e-05, 7.973324682097882e-05, 9.245279943570495e-05, 1.1585259017010685e-05, 6.929874416528037e-06, 1.6324329408234917e-05, 2.237795888504479e-05, 2.7034659069613554e-05, 2.2186113710631616e-05, 9.738216249388643e-06, 1.0559131624177098e-05, 9.209709787683096e-06, 3.339864269946702e-05, 2.0499412130448036e-05, 4.827236807614099e-06, 4.517220531852217e-06, 2.0701329049188644e-05, 2.7376445359550416e-05, 1.0937815204670187e-05, 1.7132204447989352e-05, 4.423000063979998e-05, 5.0509119319031015e-05, 4.364873529993929e-05, 5.7319150073453784e-05, 7.395185093628243e-05, 2.892002885346301e-05, 1.6572761524003e-05, 3.99609562009573e-05, 2.0239463992766105e-05, 8.698156307218596e-06, 1.749060902511701e-05, 1.3242164641269483e-05, 1.352543131361017e-05, 1.957043605216313e-05, 1.7976095477933995e-05, 1.3817068065691274e-05, 8.860875823302194e-06, 3.823005499725696e-06, 3.606290874813567e-06, 3.620657707870123e-06, 3.7916729525022674e-06, 3.528328761603916e-06, 4.856206942349672e-06, 5.604176749329781e-06, 7.473348887288012e-06, 7.49455011828104e-06, 6.542564733535983e-06, 4.505999640969094e-06, 4.994042228645412e-06, 5.361247986002127e-06, 5.629970019072061e-06, 7.037307113932911e-06, 8.174743015842978e-06, 7.883374564698897e-06, 6.712111371598439e-06, 9.449900062463712e-06, 1.0384266715846024e-05, 1.529954533907585e-05, 1.555747803649865e-05, 1.154620258603245e-05, 1.0244827535643708e-05, 7.568085493403487e-06, 6.800759365432896e-06, 5.818722911499208e-06, 4.571425961330533e-06, 3.1187089462036965e-06, 2.8937854494870408e-06, 2.7683067855832633e-06, 2.5897113573591923e-06, 1.936231001309352e-06, 1.9607803096732823e-06, 2.322991804248886e-06, 2.5400920549145667e-06, 2.3148461423261324e-06, 2.086886524921283e-06, 2.009274567171815e-06, 1.915094344440149e-06, 1.7163374650408514e-06, 1.3369698308451916e-06, 1.2287019899304141e-06, 8.695795372659632e-07, 7.328076208068524e-07, 6.217538270902878e-07, 5.620798901873059e-07, 5.328591328179755e-07, 4.2220293039463286e-07, 3.8423121395680937e-07, 3.715111915880698e-07, 3.1448470849682053e-07, 2.6011667841885355e-07, 2.3774335033976968e-07, 2.207707439083606e-07, 1.6210225339818862e-07, 1.2942359717271756e-07, 6.240308891847235e-08, 9.528767108690772e-09, 5.837651889661899e-11, 1.9762436478942824e-11, 1.4392384853345597e-11, 1.497410181960923e-11, 1.4504695187989025e-11, 1.2379266882411866e-11, 8.669430624774765e-12, 3.8032420095202024e-12, 3.294102187204051e-12], "lowlevel.melbands128.stdev": [0.000872471951879561, 0.008185268379747868, 0.018337808549404144, 0.019020963460206985, 0.012221895158290863, 0.008122339844703674, 0.009519272483885288, 0.005234832409769297, 0.0010198408272117376, 0.0005297940224409103, 0.0004537632630672306, 0.00018098817963618785, 0.00034823568421415985, 0.00021687238768208772, 0.0003256197087466717, 0.0003095338470302522, 0.0004192911146674305, 0.0012814722722396255, 0.0018682280788198113, 0.0008963501895777881, 0.0008793053566478193, 0.0001590775791555643, 7.955449109431356e-05, 0.000342763087246567, 0.0003771826741285622, 0.0003056374844163656, 4.570199234876782e-05, 4.053331576869823e-05, 0.00017305139044765383, 0.0002129243075614795, 0.00010528696293476969, 0.0001143191839219071, 4.727141640614718e-05, 3.703736365423538e-05, 3.788130561588332e-05, 0.00026302889455109835, 0.0001509947469457984, 2.2327949409373105e-05, 1.1855061529786326e-05, 0.00017358122568111867, 0.0002059110556729138, 5.548323315451853e-05, 9.409781341673806e-05, 0.00020165594469290227, 0.0002493072533980012, 0.00023104433785192668, 0.0002983523008879274, 0.00033601647010073066, 0.00012554926797747612, 8.848198194755241e-05, 0.0002490320766810328, 8.819465438136831e-05, 2.7872969440068118e-05, 7.745462789898738e-05, 5.78877043153625e-05, 3.961360198445618e-05, 5.660807801177725e-05, 6.987127562751994e-05, 4.3363186705391854e-05, 2.8697066227323376e-05, 8.035511200432666e-06, 8.411664566665422e-06, 8.887413969205227e-06, 9.569961548550054e-06, 7.857041964598466e-06, 1.2139215868955944e-05, 1.6020752809708938e-05, 2.1511788872885518e-05, 1.8079166693496518e-05, 1.5122988770599477e-05, 1.1511879165482242e-05, 9.991431397793349e-06, 1.2919029359181877e-05, 1.1751743841159623e-05, 1.6399773812736385e-05, 2.050278453680221e-05, 1.9138647985528223e-05, 1.9113804228254594e-05, 2.868457158911042e-05, 2.595489968371112e-05, 4.48122518719174e-05, 3.6904857552144676e-05, 2.60422002611449e-05, 2.1428308173199184e-05, 1.519855868536979e-05, 1.5837102182558738e-05, 1.3523018424166366e-05, 9.316735486208927e-06, 6.281534297158942e-06, 5.9097810662933625e-06, 5.486909230967285e-06, 5.734321348427329e-06, 4.467495728022186e-06, 4.172033186478075e-06, 5.13972008775454e-06, 6.1204609664855525e-06, 5.414048700913554e-06, 5.099047484691255e-06, 5.447236162581248e-06, 5.306384537107078e-06, 5.117043656355236e-06, 3.6172727959637996e-06, 3.6740673294843873e-06, 2.4543701329093892e-06, 2.307993327121949e-06, 1.796112883312162e-06, 1.5549825320704258e-06, 1.3899806390327285e-06, 1.209950369229773e-06, 1.0217297585768392e-06, 9.967982350644888e-07, 9.80199956757133e-07, 8.335480288224062e-07, 7.799165473443281e-07, 8.577232506468135e-07, 5.413966732703557e-07, 4.3092180135317903e-07, 2.563851069226075e-07, 5.206085518238979e-08, 1.283898876103251e-09, 2.955350408839763e-10, 1.8891233022344522e-10, 2.7972987814983696e-10, 2.7614466269199056e-10, 2.278077726458605e-10, 1.3837421486417867e-10, 1.495022335096241e-11, 8.547142160697518e-12], "lowlevel.mfcc.mean": [-763.173828125, 73.18453216552734, 8.647185325622559, 5.363071918487549, -9.929058074951172, -1.5871386528015137, -20.834213256835938, -14.857474327087402, -11.4043607711792, -11.810985565185547, -7.542874813079834, -4.357685089111328, -4.207980155944824], "lowlevel.spectral_contrast_coeffs.mean": [-0.5889375805854797, -0.6841036677360535, -0.7868528366088867, -0.8128916621208191, -0.8233126401901245, -0.7735927700996399], "lowlevel.spectral_contrast_coeffs.stdev": [0.12147138267755508, 0.12198531627655029, 0.07238136231899261, 0.07028397172689438, 0.052868571132421494, 0.06555578112602234], "lowlevel.spectral_contrast_valleys.mean": [-9.376885414123535, -8.449971199035645, -8.936241149902344, -8.760231971740723, -8.613866806030273, -10.669119834899902], "lowlevel.spectral_contrast_valleys.stdev": [1.9061646461486816, 1.4883934259414673, 1.414241909980774, 1.4601844549179077, 1.6737600564956665, 1.728930950164795], "rhythm.beats_loudness_band_ratio.mean": [0.8466081023216248, 0.012357350438833237, 0.0440034382045269, 0.019041957333683968, 0.03985510766506195, 0.040694672614336014], "rhythm.beats_loudness_band_ratio.stdev": [0.28066104650497437, 0.011979830451309681, 0.11714450269937515, 0.06456064432859421, 0.0900295227766037, 0.04208735376596451], "tonal.hpcp.mean": [0.13182289898395538, 0.1065128818154335, 0.13883674144744873, 0.1166921928524971, 0.06497781723737717, 0.03540737181901932, 0.02769777551293373, 0.042136259377002716, 0.0834403708577156, 0.06950430572032928, 0.03479324281215668, 0.031154094263911247, 0.023441415280103683, 0.0999508798122406, 0.3640013337135315, 0.3387840688228607, 0.1659485250711441, 0.14680509269237518, 0.08299573510885239, 0.07575198262929916, 0.0649256706237793, 0.05938687548041344, 0.09551112353801727, 0.40697669982910156, 0.37115156650543213, 0.05713462084531784, 0.06431476771831512, 0.07291603833436966, 0.0698588415980339, 0.07157137989997864, 0.07001655548810959, 0.07128958404064178, 0.08370835334062576, 0.0935991182923317, 0.0976298376917839, 0.13949871063232422], "tonal.hpcp.stdev": [0.2085876613855362, 0.23300263285636902, 0.27943339943885803, 0.24912714958190918, 0.18386784195899963, 0.11451379209756851, 0.090965136885643, 0.09612784534692764, 0.21898311376571655, 0.18687742948532104, 0.12250293791294098, 0.11691189557313919, 0.07843534648418427, 0.11300160735845566, 0.3939141035079956, 0.32973673939704895, 0.30856969952583313, 0.28252026438713074, 0.1932840347290039, 0.20186331868171692, 0.17749543488025665, 0.16816148161888123, 0.16664204001426697, 0.41235679388046265, 0.38037753105163574, 0.14196346700191498, 0.175447478890419, 0.1941811740398407, 0.18785181641578674, 0.1916828751564026, 0.18236564099788666, 0.1743457019329071, 0.20526696741580963, 0.22046160697937012, 0.23395954072475433, 0.21017277240753174], "rhythm.beats_position": [0.5572788715362549, 1.160997748374939, 1.7647165060043335, 2.3684353828430176, 2.972154140472412, 3.5758728981018066, 4.179591655731201, 4.783310413360596, 5.38702917098999, 5.990748405456543, 6.5944671630859375, 7.198185920715332, 7.801904678344727, 8.405623435974121, 9.009342193603516, 9.61306095123291, 10.205169677734375, 10.79727840423584, 11.400997161865234, 12.004715919494629, 12.608434677124023, 13.212154388427734, 13.815873146057129, 14.419591903686523, 15.023310661315918, 15.627029418945312, 16.23074722290039, 16.8344669342041, 17.43818473815918, 18.04190444946289, 18.6456241607666], "rhythm.bpm_histogram": [0.0, 0.0, 0.0, 0.0, 0.0, 0.0, 0.0, 0.0, 0.0, 0.0, 0.0, 0.0, 0.0, 0.0, 0.0, 0.0, 0.0, 0.0, 0.0, 0.0, 0.0, 0.0, 0.0, 0.0, 0.0, 0.0, 0.0, 0.0, 0.0, 0.0, 0.0, 0.0, 0.0, 0.0, 0.0, 0.0, 0.0, 0.0, 0.0, 0.0, 0.0, 0.0, 0.0, 0.0, 0.0, 0.0, 0.0, 0.0, 0.0, 0.0, 0.0, 0.0, 0.0, 0.0, 0.0, 0.0, 0.0, 0.0, 0.0, 0.0, 0.0, 0.0, 0.0, 0.0, 0.0, 0.0, 0.0, 0.0, 0.0, 0.0, 0.0, 0.0, 0.0, 0.0, 0.0, 0.0, 0.0, 0.0, 0.0, 0.0, 0.0, 0.0, 0.0, 0.0, 0.0, 0.0, 0.0, 0.0, 0.0, 0.0, 0.0, 0.0, 0.0, 0.0, 0.0, 0.0, 0.0, 0.0, 0.0, 0.9333333373069763, 0.0, 0.06666667014360428, 0.0, 0.0, 0.0, 0.0, 0.0, 0.0, 0.0, 0.0, 0.0, 0.0, 0.0, 0.0, 0.0, 0.0, 0.0, 0.0, 0.0, 0.0, 0.0, 0.0, 0.0, 0.0, 0.0, 0.0, 0.0, 0.0, 0.0, 0.0, 0.0, 0.0, 0.0, 0.0, 0.0, 0.0, 0.0, 0.0, 0.0, 0.0, 0.0, 0.0, 0.0, 0.0, 0.0, 0.0, 0.0, 0.0, 0.0, 0.0, 0.0, 0.0, 0.0, 0.0, 0.0, 0.0, 0.0, 0.0, 0.0, 0.0, 0.0, 0.0, 0.0, 0.0, 0.0, 0.0, 0.0, 0.0, 0.0, 0.0, 0.0, 0.0, 0.0, 0.0, 0.0, 0.0, 0.0, 0.0, 0.0, 0.0, 0.0, 0.0, 0.0, 0.0, 0.0, 0.0, 0.0, 0.0, 0.0, 0.0, 0.0, 0.0, 0.0, 0.0, 0.0, 0.0, 0.0, 0.0, 0.0, 0.0, 0.0, 0.0, 0.0, 0.0, 0.0, 0.0, 0.0, 0.0, 0.0, 0.0, 0.0, 0.0, 0.0, 0.0, 0.0, 0.0, 0.0, 0.0, 0.0, 0.0, 0.0, 0.0, 0.0, 0.0, 0.0, 0.0, 0.0, 0.0, 0.0, 0.0, 0.0, 0.0, 0.0, 0.0, 0.0, 0.0, 0.0, 0.0, 0.0, 0.0, 0.0, 0.0, 0.0, 0.0, 0.0, 0.0, 0.0, 0.0, 0.0, 0.0], "tonal.chords_histogram": [0.0, 1.1961722373962402, 0.4784688949584961, 4.784688949584961, 0.0, 0.9569377899169922, 2.3923444747924805, 1.1961722373962402, 16.267942428588867, 1.4354066848754883, 11.961722373962402, 50.0, 0.4784688949584961, 0.0, 0.0, 0.0, 0.0, 0.0, 0.0, 0.0, 0.0, 0.0, 3.5885167121887207, 5.263157844543457], "tonal.thpcp": [1.0, 0.9119725227355957, 0.14038793742656708, 0.15803058445453644, 0.17916513979434967, 0.1716531664133072, 0.17586112022399902, 0.17204070091247559, 0.1751687079668045, 0.2056834101676941, 0.22998642921447754, 0.23989048600196838, 0.3427683115005493, 0.323907732963562, 0.26171740889549255, 0.3411417305469513, 0.2867294251918793, 0.15965980291366577, 0.08700098097324371, 0.06805739551782608, 0.10353481769561768, 0.20502492785453796, 0.17078202962875366, 0.08549197763204575, 0.07655006647109985, 0.057598911225795746, 0.2455936223268509, 0.8944033980369568, 0.832440972328186, 0.40775927901268005, 0.3607211112976074, 0.20393240451812744, 0.1861334592103958, 0.15953166782855988, 0.14592204988002777, 0.23468449711799622], "lowlevel.gfcc.cov": [[25859.208984375, 16.890727996826172, -310.5975036621094, 3232.056884765625, -58.596134185791016, 754.407470703125, -202.80722045898438, -113.82785034179688, -131.19833374023438, -89.81041717529297, -394.0, -277.79583740234375, -291.2209777832031], [16.890727996826172, 3668.244873046875, 264.2108154296875, -1329.2672119140625, -194.18060302734375, -545.732666015625, -280.8784484863281, -299.0558776855469, 46.10460662841797, -140.3771514892578, 493.31396484375, 257.4171447753906, 546.400390625], [-310.5975036621094, 264.2108154296875, 2034.895263671875, 548.8787231445312, 771.6524047851562, 511.8302307128906, 640.3795776367188, 261.4198913574219, -205.8095703125, 124.6483154296875, 211.54318237304688, 273.212890625, 3.166342258453369], [3232.056884765625, -1329.2672119140625, 548.8787231445312, 2074.079833984375, 881.0465087890625, 790.581787109375, 501.1619567871094, 386.36566162109375, 26.50352668762207, 67.34846496582031, -299.3966064453125, -211.93475341796875, -389.7626647949219], [-58.596134185791016, -194.18060302734375, 771.6524047851562, 881.0465087890625, 940.7637939453125, 527.2611694335938, 447.27197265625, 310.29205322265625, 27.812301635742188, 36.26156234741211, -80.159423828125, -35.717655181884766, -173.83323669433594], [754.407470703125, -545.732666015625, 511.8302307128906, 790.581787109375, 527.2611694335938, 553.8381958007812, 390.238525390625, 233.5834197998047, 1.398695707321167, 74.75008392333984, -76.38253784179688, -63.54640579223633, -173.12115478515625], [-202.80722045898438, -280.8784484863281, 640.3795776367188, 501.1619567871094, 447.27197265625, 390.238525390625, 475.0726318359375, 256.8298645019531, -4.673351764678955, 68.77613830566406, 18.055538177490234, 34.944576263427734, -99.28034973144531], [-113.82785034179688, -299.0558776855469, 261.4198913574219, 386.36566162109375, 310.29205322265625, 233.5834197998047, 256.8298645019531, 262.4765319824219, 116.7232666015625, 78.04578399658203, -22.21148109436035, -1.3128308057785034, -54.852325439453125], [-131.19833374023438, 46.10460662841797, -205.8095703125, 26.50352668762207, 27.812301635742188, 1.398695707321167, -4.673351764678955, 116.7232666015625, 295.3146667480469, 98.96060180664062, 4.048245429992676, -34.21021270751953, 53.650108337402344], [-89.81041717529297, -140.3771514892578, 124.6483154296875, 67.34846496582031, 36.26156234741211, 74.75008392333984, 68.77613830566406, 78.04578399658203, 98.96060180664062, 149.6114501953125, 45.19862365722656, 30.00920295715332, 11.253922462463379], [-394.0, 493.31396484375, 211.54318237304688, -299.3966064453125, -80.159423828125, -76.38253784179688, 18.055538177490234, -22.21148109436035, 4.048245429992676, 45.19862365722656, 220.97836303710938, 127.54381561279297, 150.1078643798828], [-277.79583740234375, 257.4171447753906, 273.212890625, -211.93475341796875, -35.717655181884766, -63.54640579223633, 34.944576263427734, -1.3128308057785034, -34.21021270751953, 30.00920295715332, 127.54381561279297, 166.93634033203125, 112.46866607666016], [-291.2209777832031, 546.400390625, 3.166342258453369, -389.7626647949219, -173.83323669433594, -173.12115478515625, -99.28034973144531, -54.852325439453125, 53.650108337402344, 11.253922462463379, 150.1078643798828, 112.46866607666016, 212.0377655029297]], "lowlevel.gfcc.icov": [[8.598265412729234e-05, -0.00012708577560260892, 2.77153176284628e-05, -0.0002922946587204933, 0.0003026998310815543, -0.0002851182362064719, 0.0002380696969339624, -2.2867405277793296e-05, 1.5039115169201978e-05, 2.885516732931137e-05, 0.00010812844993779436, -0.0003425406466703862, 0.00012860700371675193], [-0.00012708577560260892, 0.0009410381317138672, -0.00024494502576999366, 0.0006211402360349894, -0.0010638991370797157, 0.000820136338006705, -0.0004977638018317521, 0.0010063822846859694, -0.0006574019207619131, 0.0009365823352709413, -0.0012131361290812492, 0.0012260715011507273, -0.0013042889768257737], [2.77153176284628e-05, -0.00024494502576999366, 0.0019207904115319252, -0.00027074626996181905, -0.0009207393741235137, -0.00022147885465528816, -0.001281340722925961, 0.0003127258678432554, 0.0018063850002363324, -0.0016813947586342692, -8.058759703999385e-06, -0.001972772413864732, -0.0006275344640016556], [-0.0002922946587204933, 0.0006211402360349894, -0.00027074626996181905, 0.0024748754221946, -0.0014559063129127026, -0.0003414789098314941, -0.00024668595870025456, -0.0005186959751881659, -0.00013530219439417124, 0.00015597832680214196, 9.422314178664237e-05, 0.0016930558485910296, -0.00010961684165522456], [0.0003026998310815543, -0.0010638991370797157, -0.0009207393741235137, -0.0014559063129127026, 0.005265825428068638, -0.0030335725750774145, 0.001538180047646165, -0.002491018734872341, -0.001088800374418497, 0.0019889725372195244, 0.0011090164771303535, -0.0018745118286460638, 0.002789974445477128], [-0.0002851182362064719, 0.000820136338006705, -0.00022147885465528816, -0.0003414789098314941, -0.0030335725750774145, 0.010288531892001629, -0.005713433492928743, 0.001491509610787034, 0.0012542706681415439, -0.003198329359292984, -0.000527984113432467, 0.005313620902597904, -0.00209774449467659], [0.0002380696969339624, -0.0004977638018317521, -0.001281340722925961, -0.00024668595870025456, 0.001538180047646165, -0.005713433492928743, 0.012441402301192284, -0.007897601462900639, 0.0003982529742643237, 0.0026198949199169874, -0.0030239541083574295, -0.0030672182328999043, 0.005081678740680218], [-2.2867405277793296e-05, 0.0010063822846859694, 0.0003127258678432554, -0.0005186959751881659, -0.002491018734872341, 0.001491509610787034, -0.007897601462900639, 0.017472857609391212, -0.006591927260160446, -0.00018864162848331034, 0.0011962178396061063, -0.0020389792043715715, -0.0016724630258977413], [1.5039115169201978e-05, -0.0006574019207619131, 0.0018063850002363324, -0.00013530219439417124, -0.001088800374418497, 0.0012542706681415439, 0.0003982529742643237, -0.006591927260160446, 0.011875205673277378, -0.008086116053164005, 0.0020337060559540987, 0.004704905208200216, -0.0064591276459395885], [2.885516732931137e-05, 0.0009365823352709413, -0.0016813947586342692, 0.00015597832680214196, 0.0019889725372195244, -0.003198329359292984, 0.0026198949199169874, -0.00018864162848331034, -0.008086116053164005, 0.016230802983045578, -0.005275213625282049, -0.0037193491589277983, 0.005026946309953928], [0.00010812844993779436, -0.0012131361290812492, -8.058759703999385e-06, 9.422314178664237e-05, 0.0011090164771303535, -0.000527984113432467, -0.0030239541083574295, 0.0011962178396061063, 0.0020337060559540987, -0.005275213625282049, 0.015621134079992771, -0.0031104658264666796, -0.006823758594691753], [-0.0003425406466703862, 0.0012260715011507273, -0.001972772413864732, 0.0016930558485910296, -0.0018745118286460638, 0.005313620902597904, -0.0030672182328999043, -0.0020389792043715715, 0.004704905208200216, -0.0037193491589277983, -0.0031104658264666796, 0.02196330390870571, -0.010091097094118595], [0.00012860700371675193, -0.0013042889768257737, -0.0006275344640016556, -0.00010961684165522456, 0.002789974445477128, -0.00209774449467659, 0.005081678740680218, -0.0016724630258977413, -0.0064591276459395885, 0.005026946309953928, -0.006823758594691753, -0.010091097094118595, 0.02213365212082863]], "lowlevel.mfcc.cov": [[23530.951171875, -1844.1402587890625, -25.11048698425293, 1875.9024658203125, 523.7699584960938, 940.441162109375, -203.8625030517578, 239.68862915039062, 402.2169494628906, 199.57530212402344, 265.6924133300781, -241.13092041015625, -75.54817962646484], [-1844.1402587890625, 4315.31005859375, 313.71868896484375, -885.7213134765625, -274.9779968261719, -645.1686401367188, -310.4649963378906, -386.72784423828125, -509.268798828125, -413.64373779296875, -354.6397705078125, 4.886155128479004, -22.92066192626953], [-25.11048698425293, 313.71868896484375, 1073.8284912109375, 402.1770935058594, 226.92654418945312, 298.6773376464844, 548.878662109375, 236.89710998535156, 19.9403076171875, 89.45879364013672, 36.09307861328125, 117.21199798583984, 66.51801300048828], [1875.9024658203125, -885.7213134765625, 402.1770935058594, 1009.3038940429688, 561.0665283203125, 547.289794921875, 512.806396484375, 421.7165832519531, 290.0998840332031, 269.1242980957031, 147.59507751464844, 72.30432891845703, 56.3757438659668], [523.7699584960938, -274.9779968261719, 226.92654418945312, 561.0665283203125, 563.3928833007812, 396.77191162109375, 354.9615783691406, 295.6653747558594, 232.9620361328125, 222.81802368164062, 105.3134994506836, 66.14204406738281, 52.306739807128906], [940.441162109375, -645.1686401367188, 298.6773376464844, 547.289794921875, 396.77191162109375, 512.891845703125, 436.7474670410156, 302.0688781738281, 215.38406372070312, 219.86705017089844, 151.2049560546875, 63.92890167236328, 33.3230094909668], [-203.8625030517578, -310.4649963378906, 548.878662109375, 512.806396484375, 354.9615783691406, 436.7474670410156, 689.7553100585938, 396.0860290527344, 142.7975311279297, 191.72914123535156, 122.29444122314453, 93.35620880126953, 44.885738372802734], [239.68862915039062, -386.72784423828125, 236.89710998535156, 421.7165832519531, 295.6653747558594, 302.0688781738281, 396.0860290527344, 357.9256896972656, 210.1901397705078, 179.1922607421875, 108.95808410644531, 72.25064086914062, 53.6013298034668], [402.2169494628906, -509.268798828125, 19.9403076171875, 290.0998840332031, 232.9620361328125, 215.38406372070312, 142.7975311279297, 210.1901397705078, 283.3488464355469, 206.95741271972656, 140.6580810546875, 68.09548950195312, 63.22290802001953], [199.57530212402344, -413.64373779296875, 89.45879364013672, 269.1242980957031, 222.81802368164062, 219.86705017089844, 191.72914123535156, 179.1922607421875, 206.95741271972656, 239.173583984375, 139.7709197998047, 56.38255310058594, 48.125579833984375], [265.6924133300781, -354.6397705078125, 36.09307861328125, 147.59507751464844, 105.3134994506836, 151.2049560546875, 122.29444122314453, 108.95808410644531, 140.6580810546875, 139.7709197998047, 160.3849639892578, 60.337547302246094, 38.14767074584961], [-241.13092041015625, 4.886155128479004, 117.21199798583984, 72.30432891845703, 66.14204406738281, 63.92890167236328, 93.35620880126953, 72.25064086914062, 68.09548950195312, 56.38255310058594, 60.337547302246094, 96.0641098022461, 60.9997673034668], [-75.54817962646484, -22.92066192626953, 66.51801300048828, 56.3757438659668, 52.306739807128906, 33.3230094909668, 44.885738372802734, 53.6013298034668, 63.22290802001953, 48.125579833984375, 38.14767074584961, 60.9997673034668, 94.46421813964844]], "lowlevel.mfcc.icov": [[7.669896876905113e-05, -4.2460611439310014e-05, -2.9922539397375658e-05, -0.00026361257187090814, 0.00017824870883487165, -0.00029054327751509845, 0.00033644461655057967, -0.00011418756184866652, 3.45566077157855e-05, 0.00014521589037030935, -0.00027090046205557883, 0.0003797670069616288, -9.479412256041542e-05], [-4.2460611439310014e-05, 0.0005105974269099534, -0.00030749046709388494, 0.0006475885165855289, -0.0008841047529131174, 0.0007410790421999991, -3.5182743886252865e-05, -0.00018011342035606503, 0.0005749971023760736, -8.519332368450705e-06, 0.0004494942841120064, -0.0007749368669465184, 0.0002054193028016016], [-2.9922539397375658e-05, -0.00030749046709388494, 0.0022753081284463406, -0.0007640864350832999, 0.000793911749497056, -0.000290728552499786, -0.002327926689758897, 0.0015395530499517918, -8.96562123671174e-05, -0.00039344443939626217, 0.0012055863626301289, -0.0016468479298055172, -0.000512170372530818], [-0.00026361257187090814, 0.0006475885165855289, -0.0007640864350832999, 0.004699707962572575, -0.0028278138488531113, -0.00017555159865878522, -0.00022787429043091834, -0.0017601329600438476, 0.00037064074422232807, -0.0003056471759919077, 0.0012623323127627373, -0.0007585867424495518, 0.0003020839358214289], [0.00017824870883487165, -0.0008841047529131174, 0.000793911749497056, -0.0028278138488531113, 0.0073158396407961845, -0.0038507175631821156, 0.00035648021730594337, -4.788180012837984e-05, -0.0017806022660806775, -0.0018929446814581752, 0.001970054814592004, 0.0004545787815004587, -0.0007111695013009012], [-0.00029054327751509845, 0.0007410790421999991, -0.000290728552499786, -0.00017555159865878522, -0.0038507175631821156, 0.01079813577234745, -0.004968892317265272, 0.0023525170981884003, -0.0017362016951665282, 7.718308188486844e-05, -0.0018885645549744368, -0.0005607177736237645, 0.0018536037532612681], [0.00033644461655057967, -3.5182743886252865e-05, -0.002327926689758897, -0.00022787429043091834, 0.00035648021730594337, -0.004968892317265272, 0.012155139818787575, -0.011019585654139519, 0.007976548746228218, -0.0019274484366178513, -0.002781074959784746, 0.00015023574815131724, 0.0007378170266747475], [-0.00011418756184866652, -0.00018011342035606503, 0.0015395530499517918, -0.0017601329600438476, -4.788180012837984e-05, 0.0023525170981884003, -0.011019585654139519, 0.018926920369267464, -0.011498560197651386, 0.0022421281319111586, 0.0028755825478583574, -0.00029368558898568153, -0.0008936903905123472], [3.45566077157855e-05, 0.0005749971023760736, -8.96562123671174e-05, 0.00037064074422232807, -0.0017806022660806775, -0.0017362016951665282, 0.007976548746228218, -0.011498560197651386, 0.02063356339931488, -0.008650402538478374, -0.003572894027456641, -0.0031220412347465754, -0.001601775293238461], [0.00014521589037030935, -8.519332368450705e-06, -0.00039344443939626217, -0.0003056471759919077, -0.0018929446814581752, 7.718308188486844e-05, -0.0019274484366178513, 0.0022421281319111586, -0.008650402538478374, 0.017219921573996544, -0.007391421124339104, 0.0040582758374512196, -0.0013809468364343047], [-0.00027090046205557883, 0.0004494942841120064, 0.0012055863626301289, 0.0012623323127627373, 0.001970054814592004, -0.0018885645549744368, -0.002781074959784746, 0.0028755825478583574, -0.003572894027456641, -0.007391421124339104, 0.019510162994265556, -0.009189165197312832, 0.0017671711975708604], [0.0003797670069616288, -0.0007749368669465184, -0.0016468479298055172, -0.0007585867424495518, 0.0004545787815004587, -0.0005607177736237645, 0.00015023574815131724, -0.00029368558898568153, -0.0031220412347465754, 0.0040582758374512196, -0.009189165197312832, 0.02750488743185997, -0.012258858419954777], [-9.479412256041542e-05, 0.0002054193028016016, -0.000512170372530818, 0.0003020839358214289, -0.0007111695013009012, 0.0018536037532612681, 0.0007378170266747475, -0.0008936903905123472, -0.001601775293238461, -0.0013809468364343047, 0.0017671711975708604, -0.012258858419954777, 0.019614875316619873]], "metadata.audio_properties.analysis.downmix": "mix", "metadata.audio_properties.codec": "mp3", "metadata.audio_properties.md5_encoded": "d949894377fcc92473a38a823951bc26", "metadata.tags.file_name": "1183702877206753290.mp3", "metadata.version.essentia": "2.1-beta6-dev", "metadata.version.essentia_git_sha": "v2.1_beta5-1110-g77a6a954", "metadata.version.extractor": "music 2.0", "tonal.chords_key": "C#", "tonal.chords_scale": "minor", "tonal.key_edma.key": "Bb", "tonal.key_edma.scale": "major", "tonal.key_krumhansl.key": "Bb", "tonal.key_krumhansl.scale": "major", "tonal.key_temperley.key": "Bb", "tonal.key_temperley.scale": "major", "metadata.tags.encoding": ["Lavf58.45.100"]}, "essentia_models": [{"model_name": "genre_dortmund", "activations": {"alternative": "0.02655521", "blues": "0.0020802473", "electronic": "0.35442522", "folkcountry": "0.004693112", "funksoulrnb": "0.06272887", "jazz": "0.02923357", "pop": "0.03764977", "raphiphop": "0.42641342", "rock": "0.14079666"}}, {"model_name": "genre_rosamerica", "activations": {"classic": "0.035763912", "dance": "0.006088245", "hip hop": "0.41786477", "jazz": "0.04202762", "pop": "0.24089439", "rhythm and blues": "0.20463377", "rock": "0.047448624", "speech": "0.01602021"}}, {"model_name": "genre_tzanetakis", "activations": {"blues": "0.009627282", "classic": "0.0019586098", "country": "0.0024445828", "disco": "0.09351119", "hip hop": "0.39981797", "jazz": "0.0026372976", "metal": "0.0072979126", "pop": "0.11715139", "reggae": "0.01019732", "rock": "0.0038896252"}}, {"model_name": "genre_electronic", "activations": {"ambient": "0.035424486", "dnb": "0.16703723", "house": "0.479161", "techno": "0.6658825", 