{"song_id": "1183705901933273138", "download": "https://cdn.discordapp.com/attachments/1135911532732108921/1183705901933273138/chirp.mp4?ex=65894f07&amp", "lyrics": "Five Nights at Freddy's", "style": ["Hard Rock"], "essentia_features": {"lowlevel.average_loudness": 0.9025985598564148, "lowlevel.barkbands_crest.mean": 11.054647445678711, "lowlevel.barkbands_crest.stdev": 4.516425609588623, "lowlevel.barkbands_flatness_db.mean": 0.12247037887573242, "lowlevel.barkbands_flatness_db.stdev": 0.045170463621616364, "lowlevel.barkbands_kurtosis.mean": 2.3382582664489746, "lowlevel.barkbands_kurtosis.stdev": 7.0527119636535645, "lowlevel.barkbands_skewness.mean": 1.1094703674316406, "lowlevel.barkbands_skewness.stdev": 1.3418190479278564, "lowlevel.barkbands_spread.mean": 33.37770462036133, "lowlevel.barkbands_spread.stdev": 17.954132080078125, "lowlevel.dissonance.mean": 0.4821698069572449, "lowlevel.dissonance.stdev": 0.01658943109214306, "lowlevel.dynamic_complexity": 11.554479598999023, "lowlevel.erbbands_crest.mean": 10.038557052612305, "lowlevel.erbbands_crest.stdev": 6.23268985748291, "lowlevel.erbbands_flatness_db.mean": 0.14695072174072266, "lowlevel.erbbands_flatness_db.stdev": 0.049156803637742996, "lowlevel.erbbands_kurtosis.mean": 0.5857205986976624, "lowlevel.erbbands_kurtosis.stdev": 2.0273101329803467, "lowlevel.erbbands_skewness.mean": -0.2010985165834427, "lowlevel.erbbands_skewness.stdev": 0.8439291715621948, "lowlevel.erbbands_spread.mean": 39.01033401489258, "lowlevel.erbbands_spread.stdev": 19.940370559692383, "lowlevel.hfc.mean": 23.57192039489746, "lowlevel.hfc.stdev": 19.722257614135742, "lowlevel.loudness_ebu128.integrated": -12.970216751098633, "lowlevel.loudness_ebu128.loudness_range": 6.0370635986328125, "lowlevel.loudness_ebu128.momentary.mean": -23.00792694091797, "lowlevel.loudness_ebu128.momentary.stdev": 21.860301971435547, "lowlevel.loudness_ebu128.short_term.mean": -15.855852127075195, "lowlevel.loudness_ebu128.short_term.stdev": 7.618833541870117, "lowlevel.melbands_crest.mean": 15.97797966003418, "lowlevel.melbands_crest.stdev": 6.173629283905029, "lowlevel.melbands_flatness_db.mean": 0.16590796411037445, "lowlevel.melbands_flatness_db.stdev": 0.06331003457307816, "lowlevel.melbands_kurtosis.mean": 13.762579917907715, "lowlevel.melbands_kurtosis.stdev": 29.25641441345215, "lowlevel.melbands_skewness.mean": 2.658125162124634, "lowlevel.melbands_skewness.stdev": 2.2320873737335205, "lowlevel.melbands_spread.mean": 41.49735641479492, "lowlevel.melbands_spread.stdev": 46.903961181640625, "lowlevel.pitch_salience.mean": 0.5229576230049133, "lowlevel.pitch_salience.stdev": 0.12425237894058228, "lowlevel.silence_rate_20dB.mean": 1.0, "lowlevel.silence_rate_20dB.stdev": 0.0, "lowlevel.silence_rate_30dB.mean": 0.9813432693481445, "lowlevel.silence_rate_30dB.stdev": 0.13530948758125305, "lowlevel.silence_rate_60dB.mean": 0.1890547275543213, "lowlevel.silence_rate_60dB.stdev": 0.3915519118309021, "lowlevel.spectral_centroid.mean": 2019.6904296875, "lowlevel.spectral_centroid.stdev": 1216.7236328125, "lowlevel.spectral_complexity.mean": 22.547264099121094, "lowlevel.spectral_complexity.stdev": 13.443328857421875, "lowlevel.spectral_decrease.mean": -7.2662706962489665e-09, "lowlevel.spectral_decrease.stdev": 7.586961281447202e-09, "lowlevel.spectral_energy.mean": 0.029562631621956825, "lowlevel.spectral_energy.stdev": 0.02973858453333378, "lowlevel.spectral_energyband_high.mean": 0.0010130328591912985, "lowlevel.spectral_energyband_high.stdev": 0.0009784871945157647, "lowlevel.spectral_energyband_low.mean": 0.014078091830015182, "lowlevel.spectral_energyband_low.stdev": 0.0237667728215456, "lowlevel.spectral_energyband_middle_high.mean": 0.006581141147762537, "lowlevel.spectral_energyband_middle_high.stdev": 0.008143036626279354, "lowlevel.spectral_energyband_middle_low.mean": 0.009027973748743534, "lowlevel.spectral_energyband_middle_low.stdev": 0.013164887204766273, "lowlevel.spectral_entropy.mean": 7.953391075134277, "lowlevel.spectral_entropy.stdev": 0.38780736923217773, "lowlevel.spectral_flux.mean": 0.08045688271522522, "lowlevel.spectral_flux.stdev": 0.07147865742444992, "lowlevel.spectral_kurtosis.mean": 3.185986042022705, "lowlevel.spectral_kurtosis.stdev": 2.025729179382324, "lowlevel.spectral_rms.mean": 0.004567100666463375, "lowlevel.spectral_rms.stdev": 0.0028254559729248285, "lowlevel.spectral_rolloff.mean": 2550.051513671875, "lowlevel.spectral_rolloff.stdev": 3107.055908203125, "lowlevel.spectral_skewness.mean": 1.248467206954956, "lowlevel.spectral_skewness.stdev": 0.3353380858898163, "lowlevel.spectral_spread.mean": 5315943.0, "lowlevel.spectral_spread.stdev": 4170424.5, "lowlevel.spectral_strongpeak.mean": 0.9590142369270325, "lowlevel.spectral_strongpeak.stdev": 1.64842689037323, "lowlevel.zerocrossingrate.mean": 0.09404333680868149, "lowlevel.zerocrossingrate.stdev": 0.09222056716680527, "metadata.audio_properties.analysis.equal_loudness": 0.0, "metadata.audio_properties.analysis.length": 18.623991012573242, "metadata.audio_properties.analysis.sample_rate": 44100.0, "metadata.audio_properties.analysis.start_time": 0.0, "metadata.audio_properties.bit_rate": 112402.0, "metadata.audio_properties.length": 18.624000549316406, "metadata.audio_properties.lossless": 0.0, "metadata.audio_properties.number_channels": 1.0, "metadata.audio_properties.replay_gain": -13.124855041503906, "metadata.audio_properties.sample_rate": 48000.0, "rhythm.beats_count": 52.0, "rhythm.beats_loudness.mean": 0.03762764483690262, "rhythm.beats_loudness.stdev": 0.026130804792046547, "rhythm.bpm": 172.26560974121094, "rhythm.bpm_histogram_first_peak_bpm": 172.0, "rhythm.bpm_histogram_first_peak_weight": 0.0, "rhythm.bpm_histogram_second_peak_bpm": 178.0, "rhythm.bpm_histogram_second_peak_spread": 0.0, "rhythm.bpm_histogram_second_peak_weight": 0.19607843458652496, "rhythm.danceability": 0.9161964654922485, "rhythm.onset_rate": 2.145275354385376, "tonal.chords_changes_rate": 0.062034741044044495, "tonal.chords_number_rate": 0.024813896045088768, "tonal.chords_strength.mean": 0.44085749983787537, "tonal.chords_strength.stdev": 0.11659104377031326, "tonal.hpcp_crest.mean": 11.83349609375, "tonal.hpcp_crest.stdev": 6.421900272369385, "tonal.hpcp_entropy.mean": 2.0041356086730957, "tonal.hpcp_entropy.stdev": 0.964365541934967, "tonal.key_edma.strength": 0.7401849627494812, "tonal.key_krumhansl.strength": 0.7521037459373474, "tonal.key_temperley.strength": 0.76069575548172, "tonal.tuning_diatonic_strength": 0.5119808316230774, "tonal.tuning_equal_tempered_deviation": 0.2416311502456665, "tonal.tuning_frequency": 434.193115234375, "tonal.tuning_nontempered_energy_ratio": 0.9481237530708313, "lowlevel.barkbands.mean": [0.0011471941834315658, 0.009010220877826214, 0.003050259780138731, 0.0018810241017490625, 0.0022981560323387384, 0.0005710863624699414, 0.0003550753463059664, 0.0010388590162619948, 0.0023484022822231054, 0.0010047624818980694, 0.0007394262938760221, 0.00038227924960665405, 0.00026454534963704646, 0.0002293636935064569, 0.0011274805292487144, 0.001671685022301972, 0.0006604237132705748, 0.0002558592823334038, 0.00036439544055610895, 0.0002683834172785282, 0.0002614077820908278, 0.0002133180678356439, 0.00015920420992188156, 0.00013784518523607403, 7.779763109283522e-05, 4.4016542233293876e-05, 1.916071852292589e-07], "lowlevel.barkbands.stdev": [0.002295945305377245, 0.020287388935685158, 0.004065480083227158, 0.0026245268527418375, 0.0075608897022902966, 0.0009119217866100371, 0.0010419858153909445, 0.0038309546653181314, 0.005784815642982721, 0.0034751889761537313, 0.003542989492416382, 0.0006877030828036368, 0.0005059686372987926, 0.00029737851582467556, 0.003199850907549262, 0.0022994717583060265, 0.0006863440503366292, 0.00023518454690929502, 0.00028504419606179, 0.00021356111392378807, 0.0002266786468680948, 0.00022821129823569208, 0.00017865070549305528, 0.00028093886794522405, 0.00010516469046706334, 6.877406121930107e-05, 1.1398518608984887e-06], "lowlevel.erbbands.mean": [0.3169691562652588, 1.7758851051330566, 3.204397678375244, 6.0078582763671875, 8.579188346862793, 5.884537696838379, 5.617452144622803, 3.5795512199401855, 4.76691198348999, 6.965691566467285, 38.7288818359375, 55.23689651489258, 37.136009216308594, 30.06617546081543, 20.55049705505371, 17.416900634765625, 12.405410766601562, 12.611255645751953, 33.61095428466797, 79.2371826171875, 89.990234375, 35.77996063232422, 14.836814880371094, 18.052946090698242, 17.149852752685547, 12.069846153259277, 10.58689022064209, 10.176809310913086, 8.328532218933105, 4.948992729187012, 4.469206809997559, 3.4696590900421143, 1.945664405822754, 0.9590545892715454, 0.47985103726387024, 0.23889532685279846, 0.07675474882125854, 0.006179150193929672, 0.00014100242697168142, 4.241134229232557e-05], "lowlevel.erbbands.stdev": [0.8385639786720276, 3.732104539871216, 4.607341289520264, 6.109024524688721, 28.34751319885254, 17.60871696472168, 9.510751724243164, 6.616122722625732, 11.207003593444824, 22.173795700073242, 125.90137481689453, 137.24169921875, 93.54203033447266, 125.78553771972656, 78.2342529296875, 33.82057189941406, 20.854412078857422, 18.334585189819336, 157.11184692382812, 144.30404663085938, 110.57238006591797, 35.703369140625, 13.311118125915527, 14.719281196594238, 13.664543151855469, 9.47895622253418, 9.291238784790039, 8.910341262817383, 8.887114524841309, 5.466050148010254, 5.150295257568359, 7.521514892578125, 3.2058424949645996, 1.2945133447647095, 0.6702879667282104, 0.3617074489593506, 0.12315647304058075, 0.011753948405385017, 0.00022651652398053557, 3.729959644260816e-05], "lowlevel.gfcc.mean": [-98.06787109375, 61.45770263671875, -121.12393951416016, 48.280517578125, -45.585018157958984, 25.569822311401367, -34.95805358886719, 17.76148223876953, -22.36280059814453, -0.4485267400741577, -26.842832565307617, 0.20861831307411194, -4.514001846313477], "lowlevel.melbands.mean": [0.0027063903398811817, 0.0019342118175700307, 0.0010967327980324626, 0.0005480496329255402, 0.0001879246556200087, 8.682737097842619e-05, 7.428683602483943e-05, 8.727372187422588e-05, 0.0003490702947601676, 0.00034874791163019836, 0.0001737187703838572, 0.0001170631730929017, 8.528278704034165e-05, 4.321582309785299e-05, 3.559244578354992e-05, 2.581841908977367e-05, 2.161116572096944e-05, 4.6040051529416814e-05, 7.825281500117853e-05, 0.00012816158414352685, 9.701090311864391e-05, 4.1594488720875233e-05, 1.4763514627702534e-05, 1.1770835044444539e-05, 1.4934053979231976e-05, 1.3176534594094846e-05, 1.1194323633390013e-05, 7.196821115940111e-06, 6.467549155786401e-06, 6.7151222538086586e-06, 5.494494871527422e-06, 5.109148787596496e-06, 3.3708795399434166e-06, 2.545702272982453e-06, 2.5434135295654414e-06, 2.4173175461328356e-06, 2.1277155610732734e-06, 1.5062746570038144e-06, 1.0156223879675963e-06, 7.286842560461082e-07], "lowlevel.melbands.stdev": [0.00643799128010869, 0.002915188204497099, 0.0015202739741653204, 0.0018874192610383034, 0.00031218165531754494, 0.0001493240415584296, 0.00018360221292823553, 0.000295752048259601, 0.0011282330378890038, 0.0009017445263452828, 0.0004638521349988878, 0.0005140153225511312, 0.0004134256741963327, 7.790605741320178e-05, 5.555692041525617e-05, 5.043589408160187e-05, 3.0029050321900286e-05, 0.00023764402430970222, 0.00017650489462539554, 0.00019744221935980022, 0.00011498951789690182, 4.5509230403695256e-05, 1.3460156878863927e-05, 1.116395833378192e-05, 1.270773009309778e-05, 1.0915417988144327e-05, 9.392991159984376e-06, 6.012955509504536e-06, 5.998776941851247e-06, 6.149524779175408e-06, 4.968585017195437e-06, 5.7798606576398015e-06, 3.865729922836181e-06, 2.911584260800737e-06, 2.786712229863042e-06, 3.7327683912735665e-06, 5.670117388945073e-06, 2.774083441181574e-06, 1.348885007246281e-06, 1.015241878121742e-06], "lowlevel.melbands128.mean": [0.000909515074454248, 0.0026504993438720703, 0.0035124782007187605, 0.002761340467259288, 0.0016135855112224817, 0.0016285186866298318, 0.0012840509880334139, 0.0008436377393081784, 0.0009541845647618175, 0.0006184420199133456, 0.0002411905152257532, 0.00017203263996634632, 0.0002292854624101892, 0.00013162821414880455, 6.749451131327078e-05, 7.246666064020246e-05, 7.183662091847509e-05, 7.538381032645702e-05, 8.060682012001052e-05, 5.54396137886215e-05, 7.256089156726375e-05, 0.00021844968432560563, 0.0004676681710407138, 0.0004027133691124618, 0.00030318021890707314, 0.000446987192844972, 0.00011626584455370903, 0.00023359523038379848, 9.685155964689329e-05, 9.304288687417284e-05, 0.0001231399946846068, 0.00016574851179029793, 7.198337698355317e-05, 5.1089238695567474e-05, 2.7133821276947856e-05, 4.86695789732039e-05, 5.725134542444721e-05, 3.254817784181796e-05, 2.5911815100698732e-05, 2.3570781195303425e-05, 2.998284799105022e-05, 2.2501119019580074e-05, 1.83303691301262e-05, 2.3607763068866916e-05, 2.2215179342310876e-05, 5.8371155319036916e-05, 6.813937216065824e-05, 3.7661255191778764e-05, 0.00011265162902418524, 0.0001205484222737141, 0.00012417486868798733, 0.0001444810623070225, 0.00011611646186793223, 7.291710790013894e-05, 6.220678915269673e-05, 4.1148341551888734e-05, 2.2195186829776503e-05, 1.4221182027540635e-05, 1.339808113698382e-05, 1.2463373423088342e-05, 1.0565973752818536e-05, 1.1278405509074219e-05, 1.6306421457557008e-05, 1.6415780919487588e-05, 1.2616332242032513e-05, 1.3745022442890331e-05, 1.301942847931059e-05, 1.0786324310174678e-05, 1.3226507689978462e-05, 8.229193554143421e-06, 6.172363100631628e-06, 7.399034075206146e-06, 6.413270966731943e-06, 6.577537533303257e-06, 6.039598702045623e-06, 6.40687221675762e-06, 7.654165528947487e-06, 6.095496246416587e-06, 4.708478627435397e-06, 5.320069703884656e-06, 5.737341325584566e-06, 4.9044460865843575e-06, 4.029118827020284e-06, 3.4890222195826937e-06, 2.4834484975144733e-06, 2.458696599205723e-06, 2.611392801554757e-06, 2.529302491893759e-06, 2.5233096039301017e-06, 2.540240529924631e-06, 2.7532280455488944e-06, 2.4813566597003955e-06, 1.6916295635382994e-06, 2.0333648080850253e-06, 2.5840686248557176e-06, 1.911739900606335e-06, 1.1843768561448087e-06, 9.705350976219052e-07, 1.1053003845518106e-06, 1.0788314739329508e-06, 6.456993446590786e-07, 8.357907859135594e-07, 5.213724421082588e-07, 6.178335070217145e-07, 4.2476548856029694e-07, 5.921905312789022e-07, 5.252755954643362e-07, 4.437744394181209e-07, 4.041004615373822e-07, 3.748393169189512e-07, 3.3618127304180234e-07, 2.9670948720195156e-07, 2.605076758754876e-07, 1.8095022369379876e-07, 1.1018939005680295e-07, 5.5060748849200536e-08, 7.86629872351341e-09, 1.9041938165154093e-11, 4.608471590450414e-12, 4.458733295770179e-12, 4.331033795490491e-12, 4.232022718375639e-12, 4.13335945331772e-12, 4.053524876868053e-12, 3.969104558909642e-12, 3.876100829192097e-12, 3.818315889164703e-12, 3.7928445106860664e-12], "lowlevel.melbands128.stdev": [0.0020447305869311094, 0.007511187810450792, 0.008782277815043926, 0.00552706141024828, 0.0028241563122719526, 0.0020465587731450796, 0.0013096885522827506, 0.0016571520827710629, 0.003542564110830426, 0.0024767748545855284, 0.0006720526143908501, 0.0003176506725139916, 0.00042814580956473947, 0.00022785882174503058, 0.0001636595552554354, 0.00015159844770096242, 0.00015201552014332265, 0.00024748724536038935, 0.00028480764012783766, 0.0002852252218872309, 0.00031658471561968327, 0.001165357418358326, 0.0016154638724401593, 0.0016012119594961405, 0.000925673870369792, 0.0015082675963640213, 0.0003135485458187759, 0.0008216835558414459, 0.0003563756763469428, 0.0006724331178702414, 0.00061882718000561, 0.0010855335276573896, 0.0004407141823321581, 0.00011455170169938356, 5.3369014494819567e-05, 0.0001124305636039935, 0.00014627525524701923, 5.500246334122494e-05, 7.123159593902528e-05, 4.7916426410665736e-05, 8.065099245868623e-05, 5.6772856623865664e-05, 3.24940774589777e-05, 3.249516885261983e-05, 3.777936944970861e-05, 0.00039137795101851225, 0.0004630635376088321, 7.088217535056174e-05, 0.0003306560101918876, 0.000297750550089404, 0.0002770735009107739, 0.00024874915834516287, 0.00016659848915878683, 0.00010650548210833222, 7.748940697638318e-05, 5.942891584709287e-05, 2.54126589425141e-05, 1.4766080312256236e-05, 1.69501690834295e-05, 1.4920705325494055e-05, 1.2721718121611048e-05, 1.1944755897275172e-05, 1.8465219909558073e-05, 1.648479519644752e-05, 1.2074066034983844e-05, 1.3302804291015491e-05, 1.430956763215363e-05, 1.1591522707021795e-05, 1.2852400686824694e-05, 8.072790478763636e-06, 6.456117716879817e-06, 7.5456696322362404e-06, 7.026926141406875e-06, 7.178144187491853e-06, 6.357778147503268e-06, 6.622069577133516e-06, 8.382100531889591e-06, 6.612506695091724e-06, 4.6668264985783026e-06, 6.193497483764077e-06, 7.900845048425253e-06, 6.245413260330679e-06, 4.771200110553764e-06, 4.5302294893190265e-06, 3.450205895205727e-06, 3.291454049758613e-06, 3.378033852641238e-06, 3.0599783258367097e-06, 2.9644702408404555e-06, 3.2325599477189826e-06, 4.338096459832741e-06, 4.402335889608366e-06, 3.134763801426743e-06, 6.143630798760569e-06, 9.03985619515879e-06, 3.2601399198028957e-06, 2.1927385205344763e-06, 1.3081501037959242e-06, 1.6947828953561839e-06, 1.544361680316797e-06, 9.736010042615817e-07, 1.2550432302305126e-06, 8.611343105258129e-07, 1.0449841738591203e-06, 6.376967007781786e-07, 9.55964537752152e-07, 8.761206800045329e-07, 7.396727710329287e-07, 6.316491294455773e-07, 6.438875743697281e-07, 6.091363502491731e-07, 5.626155257232313e-07, 4.133245283810538e-07, 3.493397571219248e-07, 2.3033078377920901e-07, 1.6014462289604126e-07, 3.547737037479237e-08, 1.0039075820644783e-10, 8.176842015983343e-12, 7.89661044886536e-12, 7.665291144876019e-12, 7.469584846486743e-12, 7.299435361707296e-12, 7.1589310000896855e-12, 7.04297167461454e-12, 6.950954135193088e-12, 6.884144729962793e-12, 6.8433726567451725e-12], "lowlevel.mfcc.mean": [-708.7402954101562, 82.79115295410156, -7.279191970825195, 27.49853515625, 13.276273727416992, 11.787775993347168, 2.6271049976348877, 11.196270942687988, 12.322625160217285, 4.8776373863220215, -7.382837772369385, -3.2120234966278076, -1.0512523651123047], "lowlevel.spectral_contrast_coeffs.mean": [-0.7372874617576599, -0.7906904816627502, -0.7923445701599121, -0.7919619083404541, -0.8206353783607483, -0.7564508318901062], "lowlevel.spectral_contrast_coeffs.stdev": [0.08355368673801422, 0.09704669564962387, 0.07322665303945541, 0.07499350607395172, 0.04384240880608559, 0.06638801097869873], "lowlevel.spectral_contrast_valleys.mean": [-7.9470977783203125, -8.354660034179688, -8.4281644821167, -8.29036808013916, -8.128021240234375, -10.91823959350586], "lowlevel.spectral_contrast_valleys.stdev": [3.607130289077759, 3.373490810394287, 3.309252977371216, 3.283345937728882, 3.279881477355957, 2.9482421875], "rhythm.beats_loudness_band_ratio.mean": [0.5334395170211792, 0.094981350004673, 0.1495315432548523, 0.08729502558708191, 0.10604023188352585, 0.08783160895109177], "rhythm.beats_loudness_band_ratio.stdev": [0.2641146183013916, 0.11840009689331055, 0.21749544143676758, 0.09788551926612854, 0.06717178970575333, 0.1564950942993164], "tonal.hpcp.mean": [0.05902877077460289, 0.051066700369119644, 0.042020272463560104, 0.07145245373249054, 0.09710937738418579, 0.08340947329998016, 0.07816826552152634, 0.07469546049833298, 0.09691479802131653, 0.2707004249095917, 0.26951903104782104, 0.09559743851423264, 0.07297394424676895, 0.07434114068746567, 0.07051894813776016, 0.12406505644321442, 0.1478603631258011, 0.11590815335512161, 0.19949552416801453, 0.1863287091255188, 0.059868380427360535, 0.04186441749334335, 0.037319522351026535, 0.0280495285987854, 0.11852376163005829, 0.15234023332595825, 0.07659679651260376, 0.05423590913414955, 0.042924605309963226, 0.033418938517570496, 0.15775209665298462, 0.21092557907104492, 0.10306597501039505, 0.07277356833219528, 0.0741991177201271, 0.06268616020679474], "tonal.hpcp.stdev": [0.15553362667560577, 0.15651938319206238, 0.12374463677406311, 0.17820733785629272, 0.21952374279499054, 0.196663036942482, 0.19296376407146454, 0.16846269369125366, 0.19893328845500946, 0.3403097689151764, 0.3387065827846527, 0.13853970170021057, 0.1417422890663147, 0.1588773876428604, 0.16672678291797638, 0.22615788877010345, 0.27174344658851624, 0.17813263833522797, 0.33377787470817566, 0.317533940076828, 0.13707086443901062, 0.12533427774906158, 0.11562790721654892, 0.08599758893251419, 0.24450582265853882, 0.30330145359039307, 0.15944452583789825, 0.16391879320144653, 0.14864476025104523, 0.11767590045928955, 0.2534046471118927, 0.33877646923065186, 0.17701365053653717, 0.19512735307216644, 0.20161260664463043, 0.17338477075099945], "rhythm.beats_position": [0.27863943576812744, 0.5804988741874695, 0.9287981986999512, 1.277097463607788, 1.6253968477249146, 1.9736961126327515, 2.321995496749878, 2.670294761657715, 3.0185940265655518, 3.3668932914733887, 3.7151927947998047, 4.0634918212890625, 4.400181293487549, 4.736870765686035, 5.085169792175293, 5.433469295501709, 5.770158767700195, 6.106847763061523, 6.4551472663879395, 6.8034467697143555, 7.140135765075684, 7.4884352684021, 7.825124740600586, 8.173423767089844, 8.521722793579102, 8.870022773742676, 9.218321800231934, 9.566620826721191, 9.914920806884766, 10.263219833374023, 10.611518859863281, 10.948208808898926, 11.296507835388184, 11.633196830749512, 11.981496810913086, 12.329795837402344, 12.666484832763672, 13.014784812927246, 13.351473808288574, 13.699772834777832, 14.04807186126709, 14.396371841430664, 14.756280899047852, 15.127799987792969, 15.499319076538086, 15.88244915008545, 16.26557731628418, 16.648706436157227, 17.031835556030273, 17.414966583251953, 17.798095703125, 18.181224822998047], "rhythm.bpm_histogram": [0.0, 0.0, 0.0, 0.0, 0.0, 0.0, 0.0, 0.0, 0.0, 0.0, 0.0, 0.0, 0.0, 0.0, 0.0, 0.0, 0.0, 0.0, 0.0, 0.0, 0.0, 0.0, 0.0, 0.0, 0.0, 0.0, 0.0, 0.0, 0.0, 0.0, 0.0, 0.0, 0.0, 0.0, 0.0, 0.0, 0.0, 0.0, 0.0, 0.0, 0.0, 0.0, 0.0, 0.0, 0.0, 0.0, 0.0, 0.0, 0.0, 0.0, 0.0, 0.0, 0.0, 0.0, 0.0, 0.0, 0.0, 0.0, 0.0, 0.0, 0.0, 0.0, 0.0, 0.0, 0.0, 0.0, 0.0, 0.0, 0.0, 0.0, 0.0, 0.0, 0.0, 0.0, 0.0, 0.0, 0.0, 0.0, 0.0, 0.0, 0.0, 0.0, 0.0, 0.0, 0.0, 0.0, 0.0, 0.0, 0.0, 0.0, 0.0, 0.0, 0.0, 0.0, 0.0, 0.0, 0.0, 0.0, 0.0, 0.0, 0.0, 0.0, 0.0, 0.0, 0.0, 0.0, 0.0, 0.0, 0.0, 0.0, 0.0, 0.0, 0.0, 0.0, 0.0, 0.0, 0.0, 0.0, 0.0, 0.0, 0.0, 0.0, 0.0, 0.0, 0.0, 0.0, 0.0, 0.0, 0.0, 0.0, 0.0, 0.0, 0.0, 0.0, 0.0, 0.0, 0.0, 0.0, 0.0, 0.0, 0.0, 0.0, 0.0, 0.0, 0.0, 0.0, 0.0, 0.0, 0.0, 0.0, 0.0, 0.0, 0.0, 0.0, 0.0, 0.0, 0.0, 0.13725490868091583, 0.0, 0.0, 0.0, 0.03921568766236305, 0.0, 0.0, 0.0, 0.0, 0.0, 0.019607843831181526, 0.0, 0.0, 0.0, 0.0, 0.5882353186607361, 0.0, 0.0, 0.0, 0.0, 0.0, 0.19607843458652496, 0.0, 0.0, 0.0, 0.0, 0.0, 0.0, 0.0, 0.0, 0.0, 0.0, 0.0, 0.0, 0.0, 0.0, 0.0, 0.0, 0.0, 0.0, 0.0, 0.0, 0.019607843831181526, 0.0, 0.0, 0.0, 0.0, 0.0, 0.0, 0.0, 0.0, 0.0, 0.0, 0.0, 0.0, 0.0, 0.0, 0.0, 0.0, 0.0, 0.0, 0.0, 0.0, 0.0, 0.0, 0.0, 0.0, 0.0, 0.0, 0.0, 0.0, 0.0, 0.0, 0.0, 0.0, 0.0, 0.0, 0.0, 0.0, 0.0, 0.0, 0.0, 0.0, 0.0, 0.0, 0.0, 0.0, 0.0, 0.0, 0.0, 0.0, 0.0, 0.0], "tonal.chords_histogram": [50.86848449707031, 5.9553351402282715, 0.49627792835235596, 5.707196235656738, 0.7444168925285339, 10.173697471618652, 1.9851117134094238, 0.9925558567047119, 0.0, 2.9776675701141357, 0.0, 0.0, 0.0, 0.0, 0.0, 0.0, 0.0, 2.9776675701141357, 4.9627790451049805, 0.0, 0.0, 0.0, 1.736972689628601, 10.421835899353027], "tonal.thpcp": [1.0, 0.9956358075141907, 0.3531484603881836, 0.2695745527744293, 0.27462512254714966, 0.2605054974555969, 0.4583112597465515, 0.5462139844894409, 0.42817869782447815, 0.7369605302810669, 0.6883206963539124, 0.22116100788116455, 0.1546522080898285, 0.13786281645298004, 0.10361833870410919, 0.4378410577774048, 0.5627632141113281, 0.2829577922821045, 0.2003539800643921, 0.15856866538524628, 0.12345358729362488, 0.5827552676200867, 0.7791845202445984, 0.38073813915252686, 0.26883432269096375, 0.27410048246383667, 0.23157022893428802, 0.21805939078330994, 0.18864654004573822, 0.15522794425487518, 0.2639539837837219, 0.35873374342918396, 0.3081246614456177, 0.28876298666000366, 0.27593404054641724, 0.35801494121551514], "lowlevel.gfcc.cov": [[93734.953125, 7314.34326171875, -1850.18212890625, 4351.85107421875, 132.45602416992188, 868.3124389648438, -812.151123046875, 383.0260009765625, 209.014404296875, 771.8170166015625, -1225.5064697265625, 242.72177124023438, -1440.20751953125], [7314.34326171875, 2181.61376953125, -783.38330078125, 266.3996887207031, 120.04840850830078, -383.496337890625, 110.23910522460938, -206.87110900878906, 85.80925750732422, -157.2771759033203, -17.353397369384766, -126.6570053100586, 158.4845733642578], [-1850.18212890625, -783.38330078125, 813.0971069335938, 150.43775939941406, 111.07447052001953, 123.78892517089844, 8.118230819702148, 15.446192741394043, 10.02521800994873, 139.4295654296875, 71.40772247314453, 91.67264556884766, -164.24632263183594], [4351.85107421875, 266.3996887207031, 150.43775939941406, 467.7937927246094, 102.55372619628906, 67.40506744384766, -11.25265121459961, -46.295021057128906, -0.8826689720153809, 82.232421875, 28.9854793548584, 42.12440490722656, -123.5863265991211], [132.45602416992188, 120.04840850830078, 111.07447052001953, 102.55372619628906, 181.4024200439453, 21.622568130493164, 101.4203109741211, -17.071163177490234, 39.82334899902344, 17.57131004333496, 45.57142639160156, 23.753171920776367, 4.360485076904297], [868.3124389648438, -383.496337890625, 123.78892517089844, 67.40506744384766, 21.622568130493164, 269.3363342285156, 18.711864471435547, 95.3548583984375, -21.71319007873535, 44.888587951660156, -22.507280349731445, 41.34103012084961, -72.36202239990234], [-812.151123046875, 110.23910522460938, 8.118230819702148, -11.25265121459961, 101.4203109741211, 18.711864471435547, 155.5243377685547, 11.545914649963379, 47.75886917114258, -26.828508377075195, 37.09746170043945, -2.7063217163085938, 44.53278732299805], [383.0260009765625, -206.87110900878906, 15.446192741394043, -46.295021057128906, -17.071163177490234, 95.3548583984375, 11.545914649963379, 179.2010955810547, 81.7069091796875, 49.45582962036133, -58.07255172729492, 7.0996809005737305, -5.336719036102295], [209.014404296875, 85.80925750732422, 10.02521800994873, -0.8826689720153809, 39.82334899902344, -21.71319007873535, 47.75886917114258, 81.7069091796875, 162.48944091796875, 49.883949279785156, 1.4405059814453125, -26.771915435791016, 15.142436027526855], [771.8170166015625, -157.2771759033203, 139.4295654296875, 82.232421875, 17.57131004333496, 44.888587951660156, -26.828508377075195, 49.45582962036133, 49.883949279785156, 119.93441772460938, 30.85146713256836, 41.6845703125, -59.60603713989258], [-1225.5064697265625, -17.353397369384766, 71.40772247314453, 28.9854793548584, 45.57142639160156, -22.507280349731445, 37.09746170043945, -58.07255172729492, 1.4405059814453125, 30.85146713256836, 119.94802856445312, 30.012405395507812, 16.01599884033203], [242.72177124023438, -126.6570053100586, 91.67264556884766, 42.12440490722656, 23.753171920776367, 41.34103012084961, -2.7063217163085938, 7.0996809005737305, -26.771915435791016, 41.6845703125, 30.012405395507812, 77.11447143554688, -10.221419334411621], [-1440.20751953125, 158.4845733642578, -164.24632263183594, -123.5863265991211, 4.360485076904297, -72.36202239990234, 44.53278732299805, -5.336719036102295, 15.142436027526855, -59.60603713989258, 16.01599884033203, -10.221419334411621, 134.59637451171875]], "lowlevel.gfcc.icov": [[0.00020962514099664986, -0.001107890740968287, 0.0001469879352953285, -0.000723733683116734, 0.0005419442895799875, -0.0012105248169973493, 0.0007033123401924968, -0.00020191304793115705, -0.0003295944188721478, -0.0007831151015125215, 0.0018119191518053412, -0.0019335265969857574, 0.0014811555156484246], [-0.001107890740968287, 0.008217792958021164, 0.0014855528715997934, 0.0016065489035099745, -0.003933144733309746, 0.008858343586325645, -0.005364334210753441, 0.0028084309305995703, 0.000457017362350598, 0.00435591721907258, -0.007845364511013031, 0.010169087909162045, -0.007883531972765923], [0.0001469879352953285, 0.0014855528715997934, 0.004590779077261686, -0.0019122204976156354, -0.002093709073960781, 0.0015431147767230868, -0.0008291486301459372, 0.001304569304920733, -0.0018534748815000057, -0.0002980102435685694, 0.0017496648943051696, -0.00333287357352674, 0.004508610814809799], [-0.000723733683116734, 0.0016065489035099745, -0.0019122204976156354, 0.00861648190766573, -0.0034663276746869087, 0.0013197259977459908, 1.595913272467442e-05, 0.0010119500802829862, 0.001249773195013404, 0.0017211996018886566, -0.00760294683277607, 0.005041956901550293, -0.0012917064595967531], [0.0005419442895799875, -0.003933144733309746, -0.002093709073960781, -0.0034663276746869087, 0.015624730847775936, -0.005060976836830378, -0.00619529839605093, 0.0030778911896049976, -0.0025695920921862125, -0.004760067909955978, 0.00656131561845541, -0.00719123799353838, 0.0004913690499961376], [-0.0012105248169973493, 0.008858343586325645, 0.0015431147767230868, 0.0013197259977459908, -0.005060976836830378, 0.017363207414746284, -0.00793266948312521, -0.0037314994260668755, 0.005184950307011604, 0.005200332496315241, -0.009862568229436874, 0.010332978330552578, -0.00463516591116786], [0.0007033123401924968, -0.005364334210753441, -0.0008291486301459372, 1.595913272467442e-05, -0.00619529839605093, -0.00793266948312521, 0.0214603990316391, -0.005799863487482071, -0.005414347164332867, 0.008879917673766613, -0.0028123268857598305, -0.007420650217682123, 0.005763085093349218], [-0.00020191304793115705, 0.0028084309305995703, 0.001304569304920733, 0.0010119500802829862, 0.0030778911896049976, -0.0037314994260668755, -0.005799863487482071, 0.02233891375362873, -0.009399608708918095, -0.008321130648255348, 0.011738337576389313, -0.002250911667943001, -0.00644267350435257], [-0.0003295944188721478, 0.000457017362350598, -0.0018534748815000057, 0.001249773195013404, -0.0025695920921862125, 0.005184950307011604, -0.005414347164332867, -0.009399608708918095, 0.02093619294464588, -0.011499681510031223, -0.0038606273010373116, 0.01610095612704754, -0.006655484437942505], [-0.0007831151015125215, 0.00435591721907258, -0.0002980102435685694, 0.0017211996018886566, -0.004760067909955978, 0.005200332496315241, 0.008879917673766613, -0.008321130648255348, -0.011499681510031223, 0.03891901671886444, -0.020735619589686394, -0.007130768150091171, 0.00784523319453001], [0.0018119191518053412, -0.007845364511013031, 0.0017496648943051696, -0.00760294683277607, 0.00656131561845541, -0.009862568229436874, -0.0028123268857598305, 0.011738337576389313, -0.0038606273010373116, -0.020735619589686394, 0.038127508014440536, -0.018742844462394714, 0.004952036775648594], [-0.0019335265969857574, 0.010169087909162045, -0.00333287357352674, 0.005041956901550293, -0.00719123799353838, 0.010332978330552578, -0.007420650217682123, -0.002250911667943001, 0.01610095612704754, -0.007130768150091171, -0.018742844462394714, 0.047263700515031815, -0.02309611439704895], [0.0014811555156484246, -0.007883531972765923, 0.004508610814809799, -0.0012917064595967531, 0.0004913690499961376, -0.00463516591116786, 0.005763085093349218, -0.00644267350435257, -0.006655484437942505, 0.00784523319453001, 0.004952036775648594, -0.02309611439704895, 0.0340864323079586]], "lowlevel.mfcc.cov": [[56379.0703125, 5146.5234375, 149.69493103027344, 2874.331787109375, 1716.6663818359375, 1571.555908203125, 81.05351257324219, 813.3736572265625, 903.1689453125, 630.82763671875, -95.0092544555664, 734.4156494140625, 1042.0244140625], [5146.5234375, 1521.0849609375, -361.8922424316406, 484.4320068359375, 99.55440521240234, 78.34207916259766, -10.833499908447266, 20.333168029785156, 112.3915786743164, 24.783370971679688, -60.95656967163086, -22.543800354003906, 3.1967718601226807], [149.69493103027344, -361.8922424316406, 330.2071228027344, 33.29561996459961, 58.49480056762695, 50.41904067993164, 18.72760009765625, -0.6366344094276428, -57.26660919189453, -3.602914571762085, 31.1362247467041, 42.988853454589844, 34.51260757446289], [2874.331787109375, 484.4320068359375, 33.29561996459961, 418.59442138671875, 130.1716766357422, 121.74906921386719, 24.425369262695312, 2.1019704341888428, -3.5736653804779053, 2.2204055786132812, 6.48458194732666, 65.44479370117188, 72.11238098144531], [1716.6663818359375, 99.55440521240234, 58.49480056762695, 130.1716766357422, 134.07994079589844, 82.53921508789062, 27.920347213745117, 33.30863952636719, 26.237796783447266, 28.96753692626953, 7.054177761077881, 38.28961181640625, 46.9328498840332], [1571.555908203125, 78.34207916259766, 50.41904067993164, 121.74906921386719, 82.53921508789062, 162.23870849609375, 85.2973403930664, 50.844478607177734, -12.949584007263184, -1.9203746318817139, -2.3031368255615234, 33.48534393310547, 50.34587097167969], [81.05351257324219, -10.833499908447266, 18.72760009765625, 24.425369262695312, 27.920347213745117, 85.2973403930664, 119.1860580444336, 53.64834976196289, -15.343600273132324, -18.94049072265625, -10.352371215820312, 3.8558642864227295, 15.187305450439453], [813.3736572265625, 20.333168029785156, -0.6366344094276428, 2.1019704341888428, 33.30863952636719, 50.844478607177734, 53.64834976196289, 105.27791595458984, 75.47819519042969, 38.87543869018555, -5.329713344573975, 0.2012704461812973, 15.93541145324707], [903.1689453125, 112.3915786743164, -57.26660919189453, -3.5736653804779053, 26.237796783447266, -12.949584007263184, -15.343600273132324, 75.47819519042969, 149.5545654296875, 86.61054992675781, 11.469703674316406, 5.412980556488037, 12.316397666931152], [630.82763671875, 24.783370971679688, -3.602914571762085, 2.2204055786132812, 28.96753692626953, -1.9203746318817139, -18.94049072265625, 38.87543869018555, 86.61054992675781, 90.26878356933594, 33.72751235961914, 24.087486267089844, 17.091787338256836], [-95.0092544555664, -60.95656967163086, 31.1362247467041, 6.48458194732666, 7.054177761077881, -2.3031368255615234, -10.352371215820312, -5.329713344573975, 11.469703674316406, 33.72751235961914, 58.79198455810547, 41.35524368286133, 23.64570426940918], [734.4156494140625, -22.543800354003906, 42.988853454589844, 65.44479370117188, 38.28961181640625, 33.48534393310547, 3.8558642864227295, 0.2012704461812973, 5.412980556488037, 24.087486267089844, 41.35524368286133, 93.69451141357422, 73.85502624511719], [1042.0244140625, 3.1967718601226807, 34.51260757446289, 72.11238098144531, 46.9328498840332, 50.34587097167969, 15.187305450439453, 15.93541145324707, 12.316397666931152, 17.091787338256836, 23.64570426940918, 73.85502624511719, 99.60343933105469]], "lowlevel.mfcc.icov": [[8.11754580354318e-05, -0.000296223588520661, -0.00023588238400407135, 0.00012344878632575274, -0.00034676064387895167, -0.0005301358760334551, 0.0006701527745462954, -0.0004608842427842319, 2.3660186343477108e-05, -0.00010074564488604665, 0.0004196966765448451, -0.0002987246843986213, -0.0003082335751969367], [-0.000296223588520661, 0.0035675298422574997, 0.00342970946803689, -0.0037318530958145857, 0.0012338163796812296, 0.0015908158384263515, -0.00223315367475152, 0.0023495543282479048, -0.001402765978127718, 7.827761874068528e-05, -0.00036875545629300177, 0.0019986049737781286, 0.0018427150789648294], [-0.00023588238400407135, 0.00342970946803689, 0.007636283524334431, -0.0033113693352788687, -0.0014084548456594348, 0.0014350819401443005, -0.0005970534402877092, -0.0007512892480008304, 0.0028314911760389805, -0.0008081432315520942, -0.002082105027511716, 0.0012808493338525295, 0.0015917170094326138], [0.00012344878632575274, -0.0037318530958145857, -0.0033113693352788687, 0.008731153793632984, -0.0035536568611860275, -0.002998832380399108, 0.0017132823122665286, 0.0003739279636647552, 0.000477243767818436, 0.001997048733755946, -0.0007219913532026112, -0.0031109454575926065, -0.001399991218931973], [-0.00034676064387895167, 0.0012338163796812296, -0.0014084548456594348, -0.0035536568611860275, 0.017872629687190056, -0.002933891722932458, -0.0031526037491858006, 0.003423653542995453, -0.0027251006104052067, -0.004018805921077728, 0.0019252984784543514, 0.00044127044384367764, -0.00011429336154833436], [-0.0005301358760334551, 0.0015908158384263515, 0.0014350819401443005, -0.002998832380399108, -0.002933891722932458, 0.021902840584516525, -0.011798965744674206, -0.0038988208398222923, 0.007509134244173765, -0.0028807823546230793, -0.0015339538222178817, 0.002298050792887807, -0.0018708519637584686], [0.0006701527745462954, -0.00223315367475152, -0.0005970534402877092, 0.0017132823122665286, -0.0031526037491858006, -0.011798965744674206, 0.026069236919283867, -0.016935350373387337, 0.005480735097080469, 0.004943034145981073, 0.0007353621767833829, -0.0033832001499831676, -0.0009807840688154101], [-0.0004608842427842319, 0.0023495543282479048, -0.0007512892480008304, 0.0003739279636647552, 0.003423653542995453, -0.0038988208398222923, -0.016935350373387337, 0.03728577122092247, -0.02068251371383667, -0.0008194060646928847, 0.0028646367136389017, 0.004993375390768051, 2.578945532150101e-05], [2.3660186343477108e-05, -0.001402765978127718, 0.0028314911760389805, 0.000477243767818436, -0.0027251006104052067, 0.007509134244173765, 0.005480735097080469, -0.02068251371383667, 0.03299906104803085, -0.020993247628211975, 0.003052899381145835, 0.0010110936127603054, -0.0035199346020817757], [-0.00010074564488604665, 7.827761874068528e-05, -0.0008081432315520942, 0.001997048733755946, -0.004018805921077728, -0.0028807823546230793, 0.004943034145981073, -0.0008194060646928847, -0.020993247628211975, 0.04107308387756348, -0.018175872042775154, -0.0024563479237258434, 0.004296918399631977], [0.0004196966765448451, -0.00036875545629300177, -0.002082105027511716, -0.0007219913532026112, 0.0019252984784543514, -0.0015339538222178817, 0.0007353621767833829, 0.0028646367136389017, 0.003052899381145835, -0.018175872042775154, 0.0392487570643425, -0.01639651134610176, 0.0017446877900511026], [-0.0002987246843986213, 0.0019986049737781286, 0.0012808493338525295, -0.0031109454575926065, 0.00044127044384367764, 0.002298050792887807, -0.0033832001499831676, 0.004993375390768051, 0.0010110936127603054, -0.0024563479237258434, -0.01639651134610176, 0.038939401507377625, -0.021467218175530434], [-0.0003082335751969367, 0.0018427150789648294, 0.0015917170094326138, -0.001399991218931973, -0.00011429336154833436, -0.0018708519637584686, -0.0009807840688154101, 2.578945532150101e-05, -0.0035199346020817757, 0.004296918399631977, 0.0017446877900511026, -0.021467218175530434, 0.03001377545297146]], "metadata.audio_properties.analysis.downmix": "mix", "metadata.audio_properties.codec": "mp3", "metadata.audio_properties.md5_encoded": "06bae8f0efa8af5201d760df8ad2fbb8", "metadata.tags.file_name": "1183705901933273138.mp3", "metadata.version.essentia": "2.1-beta6-dev", "metadata.version.essentia_git_sha": "v2.1_beta5-1110-g77a6a954", "metadata.version.extractor": "music 2.0", "tonal.chords_key": "C", "tonal.chords_scale": "minor", "tonal.key_edma.key": "C", "tonal.key_edma.scale": "minor", "tonal.key_krumhansl.key": "C", "tonal.key_krumhansl.scale": "minor", "tonal.key_temperley.key": "C", "tonal.key_temperley.scale": "minor", "metadata.tags.encoding": ["Lavf58.45.100"]}, "essentia_models": [{"model_name": "genre_dortmund", "activations": {"alternative": "0.044378966", "blues": "0.0071501588", "electronic": "0.013226509", "folkcountry": "0.03508919", "funksoulrnb": "0.006917814", "jazz": "0.041331958", "pop": "0.0052702986", "raphiphop": "0.0038452947", "rock": "0.89739436"}}, {"model_name": "genre_rosamerica", "activations": {"classic": "0.07769113", "dance": "0.009187366", "hip hop": "0.00063861517", "jazz": "0.017040191", "pop": "0.013413782", "rhythm and blues": "0.0020790575", "rock": "0.8885394", "speech": "0.0035211872"}}, {"model_name": "genre_tzanetakis", "activations": {"blues": "0.00769