{"song_id": "1183706335259406336", "download": "https://cdn.discordapp.com/attachments/1128313332273782784/1183706335259406336/chirp.mp4?ex=65894f6e&amp", "lyrics": "[Verse]\nNoah, he works in an office nine to five\nAlways typing away, keeping the dream alive\nIn a world of papers, he finds his daily grind\nBut his spirit soars as he leaves it all behind\n\n[Chorus]\nOh, Noah, won't you break free from this routine\nLet your soul dance, be the one to intervene\nOpen up your heart, embrace the melody\nNoah, find your rhythm and set your spirit free", "style": ["J</span><span>-Pop"], "essentia_features": {"lowlevel.average_loudness": 0.9293505549430847, "lowlevel.barkbands_crest.mean": 11.094613075256348, "lowlevel.barkbands_crest.stdev": 4.231129169464111, "lowlevel.barkbands_flatness_db.mean": 0.11357211321592331, "lowlevel.barkbands_flatness_db.stdev": 0.045673567801713943, "lowlevel.barkbands_kurtosis.mean": 2.0921361446380615, "lowlevel.barkbands_kurtosis.stdev": 5.511009216308594, "lowlevel.barkbands_skewness.mean": 0.9184029698371887, "lowlevel.barkbands_skewness.stdev": 1.184904932975769, "lowlevel.barkbands_spread.mean": 35.28339767456055, "lowlevel.barkbands_spread.stdev": 18.937469482421875, "lowlevel.dissonance.mean": 0.4566572606563568, "lowlevel.dissonance.stdev": 0.03475058823823929, "lowlevel.dynamic_complexity": 3.5479941368103027, "lowlevel.erbbands_crest.mean": 12.194832801818848, "lowlevel.erbbands_crest.stdev": 5.8710784912109375, "lowlevel.erbbands_flatness_db.mean": 0.15248893201351166, "lowlevel.erbbands_flatness_db.stdev": 0.05506619065999985, "lowlevel.erbbands_kurtosis.mean": 1.1935157775878906, "lowlevel.erbbands_kurtosis.stdev": 3.65073299407959, "lowlevel.erbbands_skewness.mean": 0.1449679434299469, "lowlevel.erbbands_skewness.stdev": 1.1220365762710571, "lowlevel.erbbands_spread.mean": 35.998992919921875, "lowlevel.erbbands_spread.stdev": 20.126008987426758, "lowlevel.hfc.mean": 22.483531951904297, "lowlevel.hfc.stdev": 21.13429069519043, "lowlevel.loudness_ebu128.integrated": -21.16852378845215, "lowlevel.loudness_ebu128.loudness_range": 3.0438079833984375, "lowlevel.loudness_ebu128.momentary.mean": -21.83308982849121, "lowlevel.loudness_ebu128.momentary.stdev": 2.3394527435302734, "lowlevel.loudness_ebu128.short_term.mean": -21.197254180908203, "lowlevel.loudness_ebu128.short_term.stdev": 0.985806405544281, "lowlevel.melbands_crest.mean": 17.621139526367188, "lowlevel.melbands_crest.stdev": 6.722797393798828, "lowlevel.melbands_flatness_db.mean": 0.17550070583820343, "lowlevel.melbands_flatness_db.stdev": 0.05727215111255646, "lowlevel.melbands_kurtosis.mean": 9.29777717590332, "lowlevel.melbands_kurtosis.stdev": 19.40899085998535, "lowlevel.melbands_skewness.mean": 1.9929234981536865, "lowlevel.melbands_skewness.stdev": 1.836098551750183, "lowlevel.melbands_spread.mean": 39.94028091430664, "lowlevel.melbands_spread.stdev": 31.526763916015625, "lowlevel.pitch_salience.mean": 0.455705463886261, "lowlevel.pitch_salience.stdev": 0.1093938946723938, "lowlevel.silence_rate_20dB.mean": 1.0, "lowlevel.silence_rate_20dB.stdev": 0.0, "lowlevel.silence_rate_30dB.mean": 0.9907178282737732, "lowlevel.silence_rate_30dB.stdev": 0.09589523077011108, "lowlevel.silence_rate_60dB.mean": 0.07487623393535614, "lowlevel.silence_rate_60dB.stdev": 0.26319268345832825, "lowlevel.spectral_centroid.mean": 2010.193359375, "lowlevel.spectral_centroid.stdev": 772.7862548828125, "lowlevel.spectral_complexity.mean": 12.234529495239258, "lowlevel.spectral_complexity.stdev": 4.713059425354004, "lowlevel.spectral_decrease.mean": -5.486699983237031e-09, "lowlevel.spectral_decrease.stdev": 6.5282033112623594e-09, "lowlevel.spectral_energy.mean": 0.02274741232395172, "lowlevel.spectral_energy.stdev": 0.025908706709742546, "lowlevel.spectral_energyband_high.mean": 0.0009952986147254705, "lowlevel.spectral_energyband_high.stdev": 0.0017960505792871118, "lowlevel.spectral_energyband_low.mean": 0.007744728121906519, "lowlevel.spectral_energyband_low.stdev": 0.016902830451726913, "lowlevel.spectral_energyband_middle_high.mean": 0.00537086371332407, "lowlevel.spectral_energyband_middle_high.stdev": 0.009021079167723656, "lowlevel.spectral_energyband_middle_low.mean": 0.008952325209975243, "lowlevel.spectral_energyband_middle_low.stdev": 0.013631520792841911, "lowlevel.spectral_entropy.mean": 7.569509506225586, "lowlevel.spectral_entropy.stdev": 0.4296668767929077, "lowlevel.spectral_flux.mean": 0.08220284432172775, "lowlevel.spectral_flux.stdev": 0.0622730627655983, "lowlevel.spectral_kurtosis.mean": 4.5100555419921875, "lowlevel.spectral_kurtosis.stdev": 2.4404244422912598, "lowlevel.spectral_rms.mean": 0.0040969327092170715, "lowlevel.spectral_rms.stdev": 0.0023254533298313618, "lowlevel.spectral_rolloff.mean": 2571.21337890625, "lowlevel.spectral_rolloff.stdev": 2220.271484375, "lowlevel.spectral_skewness.mean": 1.5743725299835205, "lowlevel.spectral_skewness.stdev": 0.3974781036376953, "lowlevel.spectral_spread.mean": 5442306.5, "lowlevel.spectral_spread.stdev": 1696877.75, "lowlevel.spectral_strongpeak.mean": 1.3788654804229736, "lowlevel.spectral_strongpeak.stdev": 1.9295638799667358, "lowlevel.zerocrossingrate.mean": 0.09814150631427765, "lowlevel.zerocrossingrate.stdev": 0.050661612302064896, "metadata.audio_properties.analysis.equal_loudness": 0.0, "metadata.audio_properties.analysis.length": 37.4826545715332, "metadata.audio_properties.analysis.sample_rate": 44100.0, "metadata.audio_properties.analysis.start_time": 0.0, "metadata.audio_properties.bit_rate": 122104.0, "metadata.audio_properties.length": 37.482666015625, "metadata.audio_properties.lossless": 0.0, "metadata.audio_properties.number_channels": 1.0, "metadata.audio_properties.replay_gain": -6.960199356079102, "metadata.audio_properties.sample_rate": 48000.0, "rhythm.beats_count": 96.0, "rhythm.beats_loudness.mean": 0.034594420343637466, "rhythm.beats_loudness.stdev": 0.025403263047337532, "rhythm.bpm": 155.00076293945312, "rhythm.bpm_histogram_first_peak_bpm": 157.0, "rhythm.bpm_histogram_first_peak_weight": 0.079365074634552, "rhythm.bpm_histogram_second_peak_bpm": 152.0, "rhythm.bpm_histogram_second_peak_spread": 0.0, "rhythm.bpm_histogram_second_peak_weight": 0.3263157904148102, "rhythm.danceability": 1.2348703145980835, "rhythm.onset_rate": 4.879970550537109, "tonal.chords_changes_rate": 0.06056860461831093, "tonal.chords_number_rate": 0.008652657270431519, "tonal.chords_strength.mean": 0.5493560433387756, "tonal.chords_strength.stdev": 0.09551328420639038, "tonal.hpcp_crest.mean": 14.804936408996582, "tonal.hpcp_crest.stdev": 5.43075704574585, "tonal.hpcp_entropy.mean": 1.6828371286392212, "tonal.hpcp_entropy.stdev": 0.5398290157318115, "tonal.key_edma.strength": 0.8722301125526428, "tonal.key_krumhansl.strength": 0.863185703754425, "tonal.key_temperley.strength": 0.8502870798110962, "tonal.tuning_diatonic_strength": 0.7321959733963013, "tonal.tuning_equal_tempered_deviation": 0.29635384678840637, "tonal.tuning_frequency": 434.193115234375, "tonal.tuning_nontempered_energy_ratio": 0.9796126484870911, "lowlevel.barkbands.mean": [0.0010716523975133896, 0.0058056628331542015, 0.0008224369958043098, 0.0003763725108001381, 0.0013016852317377925, 0.0003634547465480864, 0.001864416291937232, 0.0017161748837679625, 0.0026212758384644985, 0.001250935485586524, 0.0009334263158962131, 0.0006145926308818161, 0.0010863897623494267, 0.00024298221978824586, 0.0001276233815588057, 0.00019969935237895697, 0.0004038764745928347, 0.0003471016825642437, 0.0005411927122622728, 0.00011174179962836206, 0.00010029746772488579, 0.00018263381207361817, 0.00016793262329883873, 0.0001258406409760937, 0.00014984526205807924, 0.0001700871071079746, 4.809031815966591e-05], "lowlevel.barkbands.stdev": [0.003187625901773572, 0.012576819397509098, 0.0036648851819336414, 0.0012996866134926677, 0.005284780170768499, 0.0007706548203714192, 0.0052614519372582436, 0.004902969114482403, 0.007441947236657143, 0.0051497300155460835, 0.0031558447517454624, 0.0024260280188173056, 0.00494137080386281, 0.0011784316739067435, 0.000429732957854867, 0.00041136599611490965, 0.0004648564208764583, 0.0007926292018964887, 0.0006876035477034748, 0.0001236331881955266, 0.00014622719027101994, 0.0005029853782616556, 0.0005601542652584612, 0.0003291817265562713, 0.00028852620744146407, 0.0002933905634563416, 9.253650205209851e-05], "lowlevel.erbbands.mean": [0.27726900577545166, 0.8597230911254883, 1.0732078552246094, 1.0856001377105713, 4.075857162475586, 3.5526862144470215, 2.2601253986358643, 3.4216203689575195, 13.6377534866333, 51.74821472167969, 30.522869110107422, 56.47905349731445, 58.570884704589844, 30.175521850585938, 39.09003448486328, 32.9008903503418, 51.61664962768555, 16.877277374267578, 6.724297523498535, 8.906402587890625, 14.306346893310547, 17.105756759643555, 20.1366024017334, 34.97119140625, 14.351197242736816, 5.872037887573242, 4.2628021240234375, 3.8463053703308105, 5.71245813369751, 7.429190635681152, 4.391876220703125, 2.3187947273254395, 2.378314256668091, 1.8684483766555786, 0.8874073624610901, 0.49233898520469666, 0.3167208433151245, 0.14745068550109863, 0.004232319071888924, 0.00011114889639429748], "lowlevel.erbbands.stdev": [0.638666033744812, 2.1414523124694824, 4.493637561798096, 3.5691356658935547, 18.21596336364746, 13.567806243896484, 4.909754276275635, 7.374385356903076, 36.531410217285156, 148.81024169921875, 74.2723159790039, 167.94606018066406, 219.94076538085938, 124.09733581542969, 116.01205444335938, 102.86322021484375, 227.64593505859375, 72.43030548095703, 22.792076110839844, 19.989768981933594, 18.931291580200195, 18.940937042236328, 42.52862548828125, 53.65926742553711, 19.490238189697266, 6.067806243896484, 5.464041233062744, 6.4341535568237305, 17.08392333984375, 21.731386184692383, 15.158146858215332, 6.9912428855896, 5.810422420501709, 3.881960153579712, 1.711261510848999, 0.9796615242958069, 0.5381397008895874, 0.25802668929100037, 0.007676541805267334, 0.00015698235074523836], "lowlevel.gfcc.mean": [-1.5308881998062134, 38.46862030029297, -108.720458984375, 17.674318313598633, -50.60295486450195, 10.515932083129883, -20.426607131958008, 33.84077835083008, -14.157103538513184, 11.615407943725586, -8.064270973205566, 16.641801834106445, -15.902365684509277], "lowlevel.melbands.mean": [0.00200691819190979, 0.0007079983479343355, 0.0002789004356600344, 0.00030352731118910015, 8.705008804099634e-05, 7.633265340700746e-05, 0.00024953371030278504, 0.0005405335105024278, 0.000258960819337517, 0.00036701271892525256, 0.00028219626983627677, 0.00011237062426516786, 0.000137173556140624, 7.759613799862564e-05, 0.0001279997086385265, 7.480066415155306e-05, 2.677103111636825e-05, 9.818421858653892e-06, 8.461580364382826e-06, 1.558415897306986e-05, 1.8784525309456512e-05, 1.8935277694254182e-05, 1.8082531823893078e-05, 1.994186095544137e-05, 3.117135929642245e-05, 1.0739834578998853e-05, 5.77778746446711e-06, 3.4201348171336576e-06, 2.424669901301968e-06, 2.854932745322003e-06, 2.048453325187438e-06, 3.12653628498083e-06, 3.684125431391294e-06, 4.184815679764142e-06, 2.686825382625102e-06, 1.6010151284717722e-06, 1.354930304842128e-06, 1.58700936481182e-06, 1.9219967271055793e-06, 1.4609754543926101e-06], "lowlevel.melbands.stdev": [0.004397870972752571, 0.0023580645211040974, 0.000920692749787122, 0.0013090332504361868, 0.00019641216204036027, 0.00016344257164746523, 0.0006474076653830707, 0.00153019605204463, 0.0006712343893013895, 0.0010715933749452233, 0.0010871522827073932, 0.0005317543400451541, 0.00046421700972132385, 0.00030252517899498343, 0.0005288514075800776, 0.0003176166210323572, 0.00012352640624158084, 3.396688407519832e-05, 2.6958887247019447e-05, 3.3320404327241704e-05, 2.5837072826107033e-05, 2.3294880520552397e-05, 3.924018528778106e-05, 4.075513788848184e-05, 5.15095453010872e-05, 1.647857243369799e-05, 6.421585567295551e-06, 4.233433173794765e-06, 3.3098310723289615e-06, 4.707930202130228e-06, 3.914423359674402e-06, 9.488102477916982e-06, 1.0881732123380061e-05, 1.2789365428034216e-05, 9.622078323445749e-06, 5.3302878768590745e-06, 4.099440502614016e-06, 4.2006518015114125e-06, 4.37331254943274e-06, 3.061367124246317e-06], "lowlevel.melbands128.mean": [0.0009745484567247331, 0.0026764958165585995, 0.0022177929058670998, 0.0011780320201069117, 0.0006340948748402297, 0.0003589139669202268, 0.00017949967877939343, 0.00021483885939233005, 0.0004921437939628959, 0.00036334540345706046, 0.00015804667782504112, 9.929437510436401e-05, 6.958108133403584e-05, 6.760797987226397e-05, 6.470259540947154e-05, 8.222774340538308e-05, 0.0001295220572501421, 0.00023206367040984333, 0.0004002437926828861, 0.0008000739617273211, 0.0004841978952754289, 0.0001754097902448848, 0.00019618349324446172, 0.0003500116290524602, 0.0004353589320089668, 0.00026905996492132545, 0.000492845312692225, 0.0003071616229135543, 8.0217701906804e-05, 0.00014509788888972253, 8.543202420696616e-05, 0.00012154677096987143, 0.00017992884386330843, 0.00012416945537552238, 6.829897756688297e-05, 6.957644654903561e-05, 8.166843326762319e-05, 8.332425204571337e-05, 0.00023195271205622703, 0.00011011727474397048, 1.915559005283285e-05, 4.86863027617801e-05, 2.8833090254920535e-05, 2.0381781723699532e-05, 5.101966053189244e-06, 9.188047442876268e-06, 1.365736716252286e-05, 4.376800461614039e-06, 6.584373295481782e-06, 1.6068055629148148e-05, 1.749331750033889e-05, 1.649257137614768e-05, 8.942314707383048e-06, 1.988048643397633e-05, 4.0735943912295625e-05, 9.969505299523007e-06, 8.060015716182534e-06, 2.7977059289696626e-05, 1.5811307093827054e-05, 1.3475880223268177e-05, 1.964753209904302e-05, 1.7544527509016916e-05, 5.16991967742797e-05, 3.0202927518985234e-05, 5.741709173889831e-06, 9.844252417678945e-06, 1.749985858623404e-05, 4.6292047954921145e-06, 3.6887231544824317e-06, 4.969260771758854e-06, 3.4317718018428423e-06, 2.839128001141944e-06, 2.479115664755227e-06, 2.3901468466647202e-06, 1.841821358539164e-06, 4.416837327880785e-06, 2.301251242897706e-06, 1.3182317388782394e-06, 2.2066381006879965e-06, 2.4013470465433784e-06, 3.088172888965346e-06, 3.5012380976695567e-06, 3.2004563763621263e-06, 3.1733470677863806e-06, 4.494704626267776e-06, 5.268638687994098e-06, 3.717960680660326e-06, 2.919426378866774e-06, 2.685305844352115e-06, 2.5685956188681303e-06, 1.8638598930920125e-06, 1.1922003295694594e-06, 1.3537544418795733e-06, 1.2204782251501456e-06, 1.3706032859772677e-06, 1.8869651512432029e-06, 1.3920797528044204e-06, 1.5210001720333821e-06, 2.231021198895178e-06, 2.0240690901118796e-06, 1.481493427490932e-06, 1.4453787571255816e-06, 1.291671196668176e-06, 1.1896421483470476e-06, 9.325974019702699e-07, 6.804875170018931e-07, 1.106280706153484e-06, 8.631066066300264e-07, 7.233765018099803e-07, 9.669970495451707e-07, 7.159152346503106e-07, 7.029875632724725e-07, 9.642386658015312e-07, 1.3877281617169501e-06, 1.1805951771748369e-06, 1.7637024711802951e-06, 1.5565516378046595e-06, 6.19979743987642e-07, 2.67403574838454e-08, 6.642815637836197e-12, 3.6353461473764836e-12, 3.4549357732366337e-12, 3.337920868526356e-12, 3.2389470879662374e-12, 3.076173430566209e-12, 2.8603063927795658e-12, 2.7382952676180405e-12, 2.705252471688069e-12], "lowlevel.melbands128.stdev": [0.002893545664846897, 0.006578498519957066, 0.004655018914490938, 0.003504021093249321, 0.0027219306211918592, 0.0015872359508648515, 0.0006945879431441426, 0.0008136319229379296, 0.0022624158300459385, 0.0017573017394170165, 0.0005826057167723775, 0.000258338957792148, 0.00017705964273773134, 0.0002000237873289734, 0.00019524164963513613, 0.00023277135915122926, 0.00042534375097602606, 0.0009003065060824156, 0.0013380720047280192, 0.002602487802505493, 0.0017507211305201054, 0.0006215334869921207, 0.0008974868105724454, 0.0013019772013649344, 0.0018074355321004987, 0.0012714540353044868, 0.002262921305373311, 0.0015638904878869653, 0.0004721868899650872, 0.0009865976171568036, 0.0005572154768742621, 0.0005489753093570471, 0.0008348324336111546, 0.00041907900595106184, 0.0005004815175198019, 0.000382523809093982, 0.000403846672270447, 0.0004543225804809481, 0.001233258401043713, 0.0007215595105662942, 9.908904030453414e-05, 0.0003792317002080381, 0.00014576244575437158, 8.069290925050154e-05, 2.055189906968735e-05, 4.071533112437464e-05, 8.358345075976104e-05, 2.5977515178965405e-05, 1.7809901692089625e-05, 5.918180613662116e-05, 4.5632707042386755e-05, 4.527315468294546e-05, 3.0666727980133146e-05, 3.3702279324643314e-05, 7.363948679994792e-05, 2.2101403374108486e-05, 1.790561873349361e-05, 5.3958778153173625e-05, 7.137374632293358e-05, 4.790966704604216e-05, 5.693572529708035e-05, 3.688767901621759e-05, 0.00010201123222941533, 5.406430864240974e-05, 1.0791343811433762e-05, 1.6823769328766502e-05, 3.9353748434223235e-05, 7.447279585903743e-06, 5.177646016818471e-06, 7.429785910062492e-06, 5.6758344726404175e-06, 4.308413735998329e-06, 4.722166067949729e-06, 4.019306288682856e-06, 3.2465413823956624e-06, 8.340350177604705e-06, 4.635308414435713e-06, 2.762135409284383e-06, 5.113627594255377e-06, 5.221335868554888e-06, 7.790019481035415e-06, 1.5414099834742956e-05, 1.1333866495988332e-05, 1.0242923963232897e-05, 1.4402610759134404e-05, 1.5159380382101517e-05, 1.5358882592408918e-05, 1.0202164048678242e-05, 1.0369763003836852e-05, 1.0877587556024082e-05, 7.578933946206234e-06, 4.144819740758976e-06, 4.194678695057519e-06, 4.663686922867782e-06, 3.945908702007728e-06, 5.678901288774796e-06, 3.978523636760656e-06, 4.241947863192763e-06, 5.6347321333305445e-06, 4.663011168304365e-06, 3.5746190860663773e-06, 3.215749529772438e-06, 3.078454938076902e-06, 2.6239679300488206e-06, 2.0055886125192046e-06, 1.53103576394642e-06, 2.5948249913199106e-06, 2.0820107238250785e-06, 1.6597871308476897e-06, 2.141456207027659e-06, 1.573032136548136e-06, 1.413339418832038e-06, 1.8013681710726814e-06, 2.4610565105831483e-06, 2.169835397580755e-06, 3.5562745779316174e-06, 2.97249312097847e-06, 1.4170591384754516e-06, 1.9542503082448093e-07, 1.5920537457803086e-11, 5.886803197685531e-12, 5.647520211898849e-12, 5.475865854503992e-12, 5.342124746038346e-12, 5.244328409037546e-12, 5.1690682983940306e-12, 5.115851752640621e-12, 5.083370790276431e-12], "lowlevel.mfcc.mean": [-656.468994140625, 87.90757751464844, -2.365375518798828, 15.940512657165527, -0.9966608881950378, -9.170100212097168, 6.262474060058594, 17.88970375061035, 6.794315814971924, 4.115541458129883, 12.757285118103027, 9.459630966186523, 13.509353637695312], "lowlevel.spectral_contrast_coeffs.mean": [-0.7760583162307739, -0.7017420530319214, -0.7158468961715698, -0.7668801546096802, -0.7384902834892273, -0.7575445175170898], "lowlevel.spectral_contrast_coeffs.stdev": [0.08007559180259705, 0.09244062006473541, 0.0769917443394661, 0.0604422353208065, 0.04559050127863884, 0.03030485473573208], "lowlevel.spectral_contrast_valleys.mean": [-7.479249477386475, -7.305094242095947, -7.881466865539551, -8.267783164978027, -7.80563497543335, -10.211214065551758], "lowlevel.spectral_contrast_valleys.stdev": [0.7278186082839966, 0.6784452795982361, 0.6501753330230713, 0.5539031028747559, 0.552726149559021, 0.8165706992149353], "rhythm.beats_loudness_band_ratio.mean": [0.416145920753479, 0.14116151630878448, 0.22504357993602753, 0.11608225852251053, 0.07541090995073318, 0.11439152806997299], "rhythm.beats_loudness_band_ratio.stdev": [0.21952690184116364, 0.1456357091665268, 0.1963728815317154, 0.14771050214767456, 0.0865926444530487, 0.09258756786584854], "tonal.hpcp.mean": [0.12431779503822327, 0.12813501060009003, 0.05940135195851326, 0.03161700814962387, 0.02874533087015152, 0.04572702571749687, 0.145008385181427, 0.2058178037405014, 0.1460028886795044, 0.20678159594535828, 0.25065556168556213, 0.11323568969964981, 0.031020302325487137, 0.027231477200984955, 0.030751803889870644, 0.12448283284902573, 0.2000141739845276, 0.1162269189953804, 0.04496762156486511, 0.04172005504369736, 0.05077493563294411, 0.11955555528402328, 0.15366801619529724, 0.08829021453857422, 0.055095214396715164, 0.06631413847208023, 0.06737983971834183, 0.09878958016633987, 0.11972866952419281, 0.11650010198354721, 0.23079152405261993, 0.3470620810985565, 0.23000843822956085, 0.07410003989934921, 0.04633120819926262, 0.06307607889175415], "tonal.hpcp.stdev": [0.25855693221092224, 0.26009631156921387, 0.14731967449188232, 0.1283440887928009, 0.11899735033512115, 0.1427658051252365, 0.24462907016277313, 0.30505651235580444, 0.2403813898563385, 0.2903527319431305, 0.3412659764289856, 0.19013932347297668, 0.11151132732629776, 0.10617168247699738, 0.10121003538370132, 0.2118726223707199, 0.29997971653938293, 0.2006949484348297, 0.1410093754529953, 0.13995404541492462, 0.1630261093378067, 0.2304537445306778, 0.2622796297073364, 0.19020408391952515, 0.14830254018306732, 0.17023609578609467, 0.18583692610263824, 0.19920071959495544, 0.21774029731750488, 0.21633176505565643, 0.2909465432167053, 0.3639650344848633, 0.29867812991142273, 0.1868547648191452, 0.15110863745212555, 0.17396092414855957], "rhythm.beats_position": [0.3599092960357666, 0.7314285635948181, 1.09133780002594, 1.4628571271896362, 1.8459863662719727, 2.2291154861450195, 2.623854875564575, 3.006983995437622, 3.390113353729248, 3.7848525047302246, 4.179591655731201, 4.551111221313477, 4.934240341186523, 5.31736946105957, 5.712108612060547, 6.106847763061523, 6.4899773597717285, 6.873106479644775, 7.256235599517822, 7.639364719390869, 8.034104347229004, 8.42884349822998, 8.811972618103027, 9.195101737976074, 9.578230857849121, 9.961359977722168, 10.356099128723145, 10.739229202270508, 11.122358322143555, 11.517097473144531, 11.900226593017578, 12.283355712890625, 12.666484832763672, 13.049613952636719, 13.444353103637695, 13.839092254638672, 14.222222328186035, 14.605351448059082, 14.988480567932129, 15.371609687805176, 15.766348838806152, 16.161088943481445, 16.544218063354492, 16.92734718322754, 17.310476303100586, 17.693605422973633, 18.08834457397461, 18.483083724975586, 18.866212844848633, 19.24934196472168, 19.632471084594727, 20.015600204467773, 20.39872932434082, 20.781858444213867, 21.176597595214844, 21.57133674621582, 21.954465866088867, 22.337596893310547, 22.732336044311523, 23.11546516418457, 23.498594284057617, 23.893333435058594, 24.27646255493164, 24.659591674804688, 25.042720794677734, 25.42584991455078, 25.808979034423828, 26.192108154296875, 26.58684730529785, 26.981586456298828, 27.376325607299805, 27.747844696044922, 28.1425838470459, 28.525712966918945, 28.908842086791992, 29.291973114013672, 29.67510223388672, 30.069841384887695, 30.464580535888672, 30.83609962463379, 31.230838775634766, 31.625577926635742, 32.008705139160156, 32.3918342590332, 32.774967193603516, 33.15809631347656, 33.552833557128906, 33.93596267700195, 34.319091796875, 34.71383285522461, 35.096961975097656, 35.4800910949707, 35.86322021484375, 36.2463493347168, 36.64108657836914, 37.03582763671875], "rhythm.bpm_histogram": [0.0, 0.0, 0.0, 0.0, 0.0, 0.0, 0.0, 0.0, 0.0, 0.0, 0.0, 0.0, 0.0, 0.0, 0.0, 0.0, 0.0, 0.0, 0.0, 0.0, 0.0, 0.0, 0.0, 0.0, 0.0, 0.0, 0.0, 0.0, 0.0, 0.0, 0.0, 0.0, 0.0, 0.0, 0.0, 0.0, 0.0, 0.0, 0.0, 0.0, 0.0, 0.0, 0.0, 0.0, 0.0, 0.0, 0.0, 0.0, 0.0, 0.0, 0.0, 0.0, 0.0, 0.0, 0.0, 0.0, 0.0, 0.0, 0.0, 0.0, 0.0, 0.0, 0.0, 0.0, 0.0, 0.0, 0.0, 0.0, 0.0, 0.0, 0.0, 0.0, 0.0, 0.0, 0.0, 0.0, 0.0, 0.0, 0.0, 0.0, 0.0, 0.0, 0.0, 0.0, 0.0, 0.0, 0.0, 0.0, 0.0, 0.0, 0.0, 0.0, 0.0, 0.0, 0.0, 0.0, 0.0, 0.0, 0.0, 0.0, 0.0, 0.0, 0.0, 0.0, 0.0, 0.0, 0.0, 0.0, 0.0, 0.0, 0.0, 0.0, 0.0, 0.0, 0.0, 0.0, 0.0, 0.0, 0.0, 0.0, 0.0, 0.0, 0.0, 0.0, 0.0, 0.0, 0.0, 0.0, 0.0, 0.0, 0.0, 0.0, 0.0, 0.0, 0.0, 0.0, 0.0, 0.0, 0.0, 0.0, 0.0, 0.0, 0.0, 0.0, 0.0, 0.0, 0.0, 0.0, 0.0, 0.0, 0.0, 0.0, 0.3263157904148102, 0.0, 0.0, 0.0, 0.0, 0.6105263233184814, 0.0, 0.0, 0.0, 0.05263157933950424, 0.0, 0.0, 0.0, 0.0, 0.0, 0.010526316240429878, 0.0, 0.0, 0.0, 0.0, 0.0, 0.0, 0.0, 0.0, 0.0, 0.0, 0.0, 0.0, 0.0, 0.0, 0.0, 0.0, 0.0, 0.0, 0.0, 0.0, 0.0, 0.0, 0.0, 0.0, 0.0, 0.0, 0.0, 0.0, 0.0, 0.0, 0.0, 0.0, 0.0, 0.0, 0.0, 0.0, 0.0, 0.0, 0.0, 0.0, 0.0, 0.0, 0.0, 0.0, 0.0, 0.0, 0.0, 0.0, 0.0, 0.0, 0.0, 0.0, 0.0, 0.0, 0.0, 0.0, 0.0, 0.0, 0.0, 0.0, 0.0, 0.0, 0.0, 0.0, 0.0, 0.0, 0.0, 0.0, 0.0, 0.0, 0.0, 0.0, 0.0, 0.0, 0.0, 0.0, 0.0, 0.0, 0.0, 0.0, 0.0, 0.0], "tonal.chords_histogram": [32.01483154296875, 7.0457353591918945, 35.35228729248047, 2.4721879959106445, 0.0, 0.0, 0.0, 0.0, 0.0, 0.0, 0.0, 0.0, 0.0, 0.0, 0.0, 0.0, 0.0, 3.8318912982940674, 0.0, 0.8652657866477966, 0.0, 0.0, 10.135970115661621, 8.281829833984375], "tonal.thpcp": [1.0, 0.6627299785614014, 0.2135065793991089, 0.13349545001983643, 0.18174292147159576, 0.35820046067237854, 0.36919909715652466, 0.17115482687950134, 0.09109900146722794, 0.08282475173473358, 0.13175460696220398, 0.4178168475627899, 0.5930287837982178, 0.4206823408603668, 0.5958057641983032, 0.7222211360931396, 0.326269268989563, 0.0893796905875206, 0.07846283912658691, 0.08860605955123901, 0.3586759865283966, 0.5763066411018372, 0.3348879814147949, 0.1295665055513382, 0.12020920217037201, 0.14629928767681122, 0.34447887539863586, 0.4427680969238281, 0.25439316034317017, 0.15874743461608887, 0.19107283651828766, 0.19414347410202026, 0.2846452593803406, 0.3449776768684387, 0.33567512035369873, 0.6649863123893738], "lowlevel.gfcc.cov": [[2944.942138671875, -12.487161636352539, 653.799560546875, -228.69174194335938, -72.39417266845703, 113.87857055664062, -47.68039321899414, -96.36786651611328, -98.16963195800781, -66.7194595336914, -170.29234313964844, -80.6751480102539, -117.00193786621094], [-12.487161636352539, 732.8989868164062, -313.21624755859375, -184.02857971191406, 32.96998596191406, -56.233253479003906, 78.195068359375, 24.812047958374023, 45.128055572509766, 10.297579765319824, 55.36796951293945, -72.27485656738281, 10.769875526428223], [653.799560546875, -313.21624755859375, 730.9092407226562, 248.16526794433594, 59.71871566772461, 55.8780632019043, -77.83480072021484, -63.13249969482422, -70.96908569335938, -20.117446899414062, -134.0649871826172, 16.91050910949707, -27.307575225830078], [-228.69174194335938, -184.02857971191406, 248.16526794433594, 505.434326171875, 87.45875549316406, -26.057029724121094, -98.6207504272461, -6.910130977630615, 16.296144485473633, -6.159590721130371, -30.638755798339844, 37.86451721191406, 12.163908958435059], [-72.39417266845703, 32.96998596191406, 59.71871566772461, 87.45875549316406, 243.60009765625, 39.41871643066406, 67.75017547607422, 63.445308685302734, 6.686710357666016, 10.635237693786621, 6.234707355499268, -0.3775487244129181, -15.085640907287598], [113.87857055664062, -56.233253479003906, 55.8780632019043, -26.057029724121094, 39.41871643066406, 256.4200134277344, 121.9925308227539, -35.79924011230469, -37.28667068481445, -8.623968124389648, -17.995689392089844, -26.220932006835938, 3.3363828659057617], [-47.68039321899414, 78.195068359375, -77.83480072021484, -98.6207504272461, 67.75017547607422, 121.9925308227539, 198.22000122070312, 74.1588363647461, 20.432600021362305, 13.009243965148926, 35.31004333496094, -14.101978302001953, -12.117386817932129], [-96.36786651611328, 24.812047958374023, -63.13249969482422, -6.910130977630615, 63.445308685302734, -35.79924011230469, 74.1588363647461, 202.09896850585938, 122.34715270996094, 37.877716064453125, 41.49311447143555, 19.69489288330078, 0.4425968825817108], [-98.16963195800781, 45.128055572509766, -70.96908569335938, 16.296144485473633, 6.686710357666016, -37.28667068481445, 20.432600021362305, 122.34715270996094, 182.57290649414062, 81.26341247558594, 44.88984298706055, 11.107007026672363, 16.77345848083496], [-66.7194595336914, 10.297579765319824, -20.117446899414062, -6.159590721130371, 10.635237693786621, -8.623968124389648, 13.009243965148926, 37.877716064453125, 81.26341247558594, 114.375244140625, 47.981773376464844, 8.066837310791016, 3.3970046043395996], [-170.29234313964844, 55.36796951293945, -134.0649871826172, -30.638755798339844, 6.234707355499268, -17.995689392089844, 35.31004333496094, 41.49311447143555, 44.88984298706055, 47.981773376464844, 119.17936706542969, 47.14313888549805, 0.19182106852531433], [-80.6751480102539, -72.27485656738281, 16.91050910949707, 37.86451721191406, -0.3775487244129181, -26.220932006835938, -14.101978302001953, 19.69489288330078, 11.107007026672363, 8.066837310791016, 47.14313888549805, 101.46460723876953, 43.860595703125], [-117.00193786621094, 10.769875526428223, -27.307575225830078, 12.163908958435059, -15.085640907287598, 3.3363828659057617, -12.117386817932129, 0.4425968825817108, 16.77345848083496, 3.3970046043395996, 0.19182106852531433, 43.860595703125, 101.0704345703125]], "lowlevel.gfcc.icov": [[0.0006158241885714233, -0.0002944343723356724, -0.0007806187495589256, 0.0006244581891223788, 0.0001837895979406312, -0.00046370818745344877, 0.000557972292881459, -0.00016625145508442074, -0.0002384330000495538, 0.0003223044332116842, 0.00014839242794550955, -0.00019558814528863877, 0.000681901175994426], [-0.0002944343723356724, 0.002463918412104249, 0.0006372862262651324, 0.00017710360407363623, -0.0009305804269388318, 0.00171715731266886, -0.001500468933954835, 0.0012955566635355353, -0.000785282114520669, 0.0008175200200639665, -0.0017343309009447694, 0.0030406215228140354, -0.0020470446906983852], [-0.0007806187495589256, 0.0006372862262651324, 0.0038086757995188236, -0.001591981970705092, -0.0005898007657378912, -0.00019225555297452956, -0.0002842402027454227, 0.00020604548626579344, 0.0009258757345378399, -0.0021227796096354723, 0.004036027006804943, -0.0026648459024727345, 0.0011988667538389564], [0.0006244581891223788, 0.00017710360407363623, -0.001591981970705092, 0.0038099230732768774, -0.0014334286097437143, -0.0005932647618465126, 0.002294517820701003, 0.0003281362587586045, -0.0017200910951942205, 0.0015250248834490776, -0.000735010951757431, -0.00010460922931088135, 0.00017564764129929245], [0.0001837895979406312, -0.0009305804269388318, -0.0005898007657378912, -0.0014334286097437143, 0.006223122589290142, -0.000747819896787405, -0.0013538537314161658, -0.0028218431398272514, 0.002325324807316065, -0.0013873387360945344, 0.00048636761493980885, -0.0004986346466466784, 0.0010048516560345888], [-0.00046370818745344877, 0.00171715731266886, -0.00019225555297452956, -0.0005932647618465126, -0.000747819896787405, 0.009336576797068119, -0.00815927516669035, 0.004644796717911959, -0.0008717923774383962, 0.00048515861271880567, -0.0007874862058088183, 0.0034031993709504604, -0.0034656915813684464], [0.000557972292881459, -0.001500468933954835, -0.0002842402027454227, 0.002294517820701003, -0.0013538537314161658, -0.00815927516669035, 0.015152964740991592, -0.006888886913657188, 0.001985163427889347, 5.266416337690316e-05, -0.0021609736140817404, -0.0002507223398424685, 0.0021486792247742414], [-0.00016625145508442074, 0.0012955566635355353, 0.00020604548626579344, 0.0003281362587586045, -0.0028218431398272514, 0.004644796717911959, -0.006888886913657188, 0.014289060607552528, -0.00957866758108139, 0.00331538962200284, 0.00019122711091767997, -0.001331576146185398, 0.00027838756795972586], [-0.0002384330000495538, -0.000785282114520669, 0.0009258757345378399, -0.0017200910951942205, 0.002325324807316065, -0.0008717923774383962, 0.001985163427889347, -0.00957866758108139, 0.015972552821040154, -0.008739631623029709, 3.414753882680088e-05, 0.0014877222711220384, -0.002082077320665121], [0.0003223044332116842, 0.0008175200200639665, -0.0021227796096354723, 0.0015250248834490776, -0.0013873387360945344, 0.00048515861271880567, 5.266416337690316e-05, 0.00331538962200284, -0.008739631623029709, 0.017011724412441254, -0.008158468641340733, 0.00420875009149313, -0.0016346792690455914], [0.00014839242794550955, -0.0017343309009447694, 0.004036027006804943, -0.000735010951757431, 0.00048636761493980885, -0.0007874862058088183, -0.0021609736140817404, 0.00019122711091767997, 3.414753882680088e-05, -0.008158468641340733, 0.023869531229138374, -0.01623685657978058, 0.008643587119877338], [-0.00019558814528863877, 0.0030406215228140354, -0.0026648459024727345, -0.00010460922931088135, -0.0004986346466466784, 0.0034031993709504604, -0.0002507223398424685, -0.001331576146185398, 0.0014877222711220384, 0.00420875009149313, -0.01623685657978058, 0.02620171383023262, -0.013196878135204315], [0.000681901175994426, -0.0020470446906983852, 0.0011988667538389564, 0.00017564764129929245, 0.0010048516560345888, -0.0034656915813684464, 0.0021486792247742414, 0.00027838756795972586, -0.002082077320665121, -0.0016346792690455914, 0.008643587119877338, -0.013196878135204315, 0.017836157232522964]], "lowlevel.mfcc.cov": [[2052.250732421875, 131.19126892089844, 411.0274353027344, -150.7969207763672, -9.493307113647461, 34.77706527709961, -0.18631981313228607, -16.425769805908203, -28.051050186157227, -5.369603633880615, 0.38282185792922974, -111.14903259277344, -150.64146423339844], [131.19126892089844, 706.2553100585938, -292.0997619628906, -143.09239196777344, -88.5903091430664, -85.6397476196289, 61.204193115234375, -10.665899276733398, 14.188015937805176, 65.99555206298828, 37.56333923339844, 27.848573684692383, -42.0411262512207], [411.0274353027344, -292.0997619628906, 550.831298828125, 133.6790313720703, 89.3743896484375, 125.90485382080078, -35.075138092041016, -26.12557029724121, 9.577540397644043, -51.29536056518555, -70.04033660888672, -78.59129333496094, 0.9254761934280396], [-150.7969207763672, -143.09239196777344, 133.6790313720703, 379.0972595214844, 174.92970275878906, -19.89485740661621, -71.50324249267578, -1.2584069967269897, 14.350255966186523, -22.743024826049805, -9.396868705749512, -6.9503865242004395, 51.943359375], [-9.493307113647461, -88.5903091430664, 89.3743896484375, 174.92970275878906, 195.83270263671875, 39.46119689941406, -11.044567108154297, 13.182568550109863, 26.3142147064209, 7.3003034591674805, -1.3039246797561646, -17.19257354736328, 13.278260231018066], [34.77706527709961, -85.6397476196289, 125.90485382080078, -19.89485740661621, 39.46119689941406, 235.0952911376953, 93.82335662841797, -9.541009902954102, 0.6535056233406067, 4.439943790435791, -34.311683654785156, -33.32436752319336, -19.69510841369629], [-0.18631981313228607, 61.204193115234375, -35.075138092041016, -71.50324249267578, -11.044567108154297, 93.82335662841797, 190.03834533691406, 69.6376953125, 3.7136082649230957, 7.358896255493164, 10.7227783203125, 6.124618053436279, -26.026926040649414], [-16.425769805908203, -10.665899276733398, -26.12557029724121, -1.2584069967269897, 13.182568550109863, -9.541009902954102, 69.6376953125, 137.23077392578125, 43.5925407409668, 13.386068344116211, 25.123592376708984, 17.69805145263672, 9.655508041381836], [-28.051050186157227, 14.188015937805176, 9.577540397644043, 14.350255966186523, 26.3142147064209, 0.6535056233406067, 3.7136082649230957, 43.5925407409668, 128.10140991210938, 72.95790100097656, 15.248039245605469, 4.978713035583496, 19.84670066833496], [-5.369603633880615, 65.99555206298828, -51.29536056518555, -22.743024826049805, 7.3003034591674805, 4.439943790435791, 7.358896255493164, 13.386068344116211, 72.95790100097656, 137.33154296875, 59.73630142211914, 19.537960052490234, 9.021224021911621], [0.38282185792922974, 37.56333923339844, -70.04033660888672, -9.396868705749512, -1.3039246797561646, -34.311683654785156, 10.7227783203125, 25.123592376708984, 15.248039245605469, 59.73630142211914, 154.63430786132812, 64.7072982788086, -14.876877784729004], [-111.14903259277344, 27.848573684692383, -78.59129333496094, -6.9503865242004395, -17.19257354736328, -33.32436752319336, 6.124618053436279, 17.69805145263672, 4.978713035583496, 19.537960052490234, 64.7072982788086, 122.737548828125, 50.330142974853516], [-150.64146423339844, -42.0411262512207, 0.9254761934280396, 51.943359375, 13.278260231018066, -19.69510841369629, -26.026926040649414, 9.655508041381836, 19.84670066833496, 9.021224021911621, -14.876877784729004, 50.330142974853516, 158.43441772460938]], "lowlevel.mfcc.icov": [[0.0008142695296555758, -0.00043427335913293064, -0.0010488773696124554, 0.0006633446901105344, -0.00037831399822607636, 0.0003609654668252915, 0.0001711657241685316, -0.00030716744367964566, 0.0004922772059217095, -0.00023242186580318958, -0.00024165783543139696, 0.0002553258673287928, 0.00041881113429553807], [-0.00043427335913293064, 0.0023692080285400152, 0.0013359932927414775, -0.00015390588669106364, 0.0003248451976105571, 0.0008397612255066633, -0.0013984841061756015, 0.0012979721650481224, -0.0006305727874860168, -0.0006544372881762683, 0.0005026878789067268, -0.0001623623538762331, 0.00024178021703846753], [-0.0010488773696124554, 0.0013359932927414775, 0.004404742270708084, -0.0014947132440283895, 0.0005477709346450865, -0.0020095743238925934, 0.0004725591279566288, 0.0006357078091241419, -0.0016015011351555586, 0.0013250951888039708, 0.0002388232824159786, 0.0008563368464820087, -0.0005597328417934477], [0.0006633446901105344, -0.00015390588669106364, -0.0014947132440283895, 0.0060950289480388165, -0.0050493041053414345, 0.0014831258449703455, 0.0009612023713998497, -0.0001216665914398618, 0.0003633344604168087, 0.0007954153115861118, -0.0005173954996280372, 0.00015437854744959623, -0.0008152372902259231], [-0.00037831399822607636, 0.0003248451976105571, 0.0005477709346450865, -0.0050493041053414345, 0.010258825495839119, -0.002298534382134676, 0.0001998609077418223, -0.0008458846714347601, -0.0010973358293995261, -0.0005502068088389933, -0.0004727111663669348, 0.0008893742924556136, 0.00015946764324326068], [0.0003609654668252915, 0.0008397612255066633, -0.0020095743238925934, 0.0014831258449703455, -0.002298534382134676, 0.008818156085908413, -0.005729300435632467, 0.0032533498015254736, 0.0003055797715205699, -0.0019112378358840942, 0.0014447523280978203, 0.00019477859314065427, 0.00038524155388586223], [0.0001711657241685316, -0.0013984841061756015, 0.0004725591279566288, 0.0009612023713998497, 0.0001998609077418223, -0.005729300435632467, 0.011616114526987076, -0.006783635355532169, 0.0016003487398847938, 0.0005605807527899742, -0.00034971541026607156, -0.0006876214756630361, 0.001019666320644319], [-0.00030716744367964566, 0.0012979721650481224, 0.0006357078091241419, -0.0001216665914398618, -0.0008458846714347601, 0.0032533498015254736, -0.006783635355532169, 0.012958608567714691, -0.0051226005889475346, 0.001973601756617427, -0.0013194788480177522, 4.009481199318543e-05, -0.0009475842234678566], [0.0004922772059217095, -0.0006305727874860168, -0.0016015011351555586, 0.0003633344604168087, -0.0010973358293995261, 0.0003055797715205699, 0.0016003487398847938, -0.0051226005889475346, 0.014522427693009377, -0.008318901993334293, 0.0020079610403627157, -5.106171010993421e-05, -0.00024473306257277727], [-0.00023242186580318958, -0.0006544372881762683, 0.0013250951888039708, 0.0007954153115861118, -0.0005502068088389933, -0.0019112378358840942, 0.0005605807527899742, 0.001973601756617427, -0.008318901993334293, 0.014893672429025173, -0.00577462138608098, 0.001654266263358295, -0.0017565306043252349], [-0.00024165783543139696, 0.0005026878789067268, 0.0002388232824159786, -0.0005173954996280372, -0.0004727111663669348, 0.0014447523280978203, -0.00034971541026607156, -0.0013194788480177522, 0.0020079610403627157, -0.00577462138608098, 0.0122054573148489, -0.00678699417039752, 0.003693426726385951], [0.0002553258673287928, -0.0001623623538762331, 0.0008563368464820087, 0.00015437854744959623, 0.0008893742924556136, 0.00019477859314065427, -0.0006876214756630361, 4.009481199318543e-05, -5.106171010993421e-05, 0.001654266263358295, -0.00678699417039752, 0.014719031751155853, -0.005422571673989296], [0.00041881113429553807, 0.00024178021703846753, -0.0005597328417934477, -0.0008152372902259231, 0.00015946764324326068, 0.00038524155388586223, 0.001019666320644319, -0.0009475842234678566, -0.00024473306257277727, -0.0017565306043252349, 0.003693426726385951,