{"song_id": "1183689767314001930", "download": "https://cdn.discordapp.com/attachments/1135903449314238464/1183689767314001930/chirp.mp4?ex=65894000&amp", "lyrics": "\u05d5\u05d0\u05d9\u05da \u05d2\u05d5\u05e4\u05da\n \u05d1\u05d5\u05e2\u05e8, \u05d6\u05d5\u05d4\u05e8\n\u05de\u05ea\u05d5\u05da \u05ea\u05e0\u05d5\u05e2\u05d5\u05ea\u05d9\u05da\n\u05de\u05e6\u05d9\u05ea \u05d0\u05ea \u05db\u05dc \u05de\u05d9 \u05e9\u05de\u05d1\u05d9\u05d8\n\u05d0\u05dc\u05d9\u05da", "style": ["random"], "essentia_features": {"lowlevel.average_loudness": 0.9663392305374146, "lowlevel.barkbands_crest.mean": 12.263910293579102, "lowlevel.barkbands_crest.stdev": 3.741116762161255, "lowlevel.barkbands_flatness_db.mean": 0.16982167959213257, "lowlevel.barkbands_flatness_db.stdev": 0.06831269711256027, "lowlevel.barkbands_kurtosis.mean": 22.47962188720703, "lowlevel.barkbands_kurtosis.stdev": 34.804019927978516, "lowlevel.barkbands_skewness.mean": 3.473982095718384, "lowlevel.barkbands_skewness.stdev": 2.378695487976074, "lowlevel.barkbands_spread.mean": 28.03301239013672, "lowlevel.barkbands_spread.stdev": 23.202533721923828, "lowlevel.dissonance.mean": 0.47175732254981995, "lowlevel.dissonance.stdev": 0.02101084776222706, "lowlevel.dynamic_complexity": 2.7864160537719727, "lowlevel.erbbands_crest.mean": 11.944578170776367, "lowlevel.erbbands_crest.stdev": 5.6616530418396, "lowlevel.erbbands_flatness_db.mean": 0.11527500301599503, "lowlevel.erbbands_flatness_db.stdev": 0.0430220365524292, "lowlevel.erbbands_kurtosis.mean": 2.720425605773926, "lowlevel.erbbands_kurtosis.stdev": 7.463094711303711, "lowlevel.erbbands_skewness.mean": 1.0308003425598145, "lowlevel.erbbands_skewness.stdev": 1.4433077573776245, "lowlevel.erbbands_spread.mean": 75.4526138305664, "lowlevel.erbbands_spread.stdev": 42.2837028503418, "lowlevel.hfc.mean": 27.831893920898438, "lowlevel.hfc.stdev": 28.59246826171875, "lowlevel.loudness_ebu128.integrated": -18.368324279785156, "lowlevel.loudness_ebu128.loudness_range": 2.0805206298828125, "lowlevel.loudness_ebu128.momentary.mean": -18.845462799072266, "lowlevel.loudness_ebu128.momentary.stdev": 2.0575008392333984, "lowlevel.loudness_ebu128.short_term.mean": -18.498048782348633, "lowlevel.loudness_ebu128.short_term.stdev": 0.6941858530044556, "lowlevel.melbands_crest.mean": 18.280508041381836, "lowlevel.melbands_crest.stdev": 4.901148319244385, "lowlevel.melbands_flatness_db.mean": 0.2710265815258026, "lowlevel.melbands_flatness_db.stdev": 0.08700139075517654, "lowlevel.melbands_kurtosis.mean": 97.02725982666016, "lowlevel.melbands_kurtosis.stdev": 97.17768096923828, "lowlevel.melbands_skewness.mean": 6.837284088134766, "lowlevel.melbands_skewness.stdev": 3.635655164718628, "lowlevel.melbands_spread.mean": 11.64344310760498, "lowlevel.melbands_spread.stdev": 14.460457801818848, "lowlevel.pitch_salience.mean": 0.483997106552124, "lowlevel.pitch_salience.stdev": 0.11234048008918762, "lowlevel.silence_rate_20dB.mean": 1.0, "lowlevel.silence_rate_20dB.stdev": 0.0, "lowlevel.silence_rate_30dB.mean": 0.9290928244590759, "lowlevel.silence_rate_30dB.stdev": 0.2566695809364319, "lowlevel.silence_rate_60dB.mean": 0.006256517022848129, "lowlevel.silence_rate_60dB.stdev": 0.07885009050369263, "lowlevel.spectral_centroid.mean": 787.69287109375, "lowlevel.spectral_centroid.stdev": 616.6473388671875, "lowlevel.spectral_complexity.mean": 10.713242530822754, "lowlevel.spectral_complexity.stdev": 10.786785125732422, "lowlevel.spectral_decrease.mean": -9.035286296921186e-09, "lowlevel.spectral_decrease.stdev": 1.618729505992178e-08, "lowlevel.spectral_energy.mean": 0.036625683307647705, "lowlevel.spectral_energy.stdev": 0.062459345906972885, "lowlevel.spectral_energyband_high.mean": 0.00188778608571738, "lowlevel.spectral_energyband_high.stdev": 0.0026239436119794846, "lowlevel.spectral_energyband_low.mean": 0.01932501420378685, "lowlevel.spectral_energyband_low.stdev": 0.058345977216959, "lowlevel.spectral_energyband_middle_high.mean": 0.0026000074576586485, "lowlevel.spectral_energyband_middle_high.stdev": 0.0045749773271381855, "lowlevel.spectral_energyband_middle_low.mean": 0.015104254707694054, "lowlevel.spectral_energyband_middle_low.stdev": 0.011646258644759655, "lowlevel.spectral_entropy.mean": 7.517319202423096, "lowlevel.spectral_entropy.stdev": 0.6929903626441956, "lowlevel.spectral_flux.mean": 0.08689671009778976, "lowlevel.spectral_flux.stdev": 0.10904181003570557, "lowlevel.spectral_kurtosis.mean": 3.1394259929656982, "lowlevel.spectral_kurtosis.stdev": 2.6867685317993164, "lowlevel.spectral_rms.mean": 0.0052397907711565495, "lowlevel.spectral_rms.stdev": 0.0028769790660589933, "lowlevel.spectral_rolloff.mean": 1738.5081787109375, "lowlevel.spectral_rolloff.stdev": 3024.843017578125, "lowlevel.spectral_skewness.mean": 1.5545942783355713, "lowlevel.spectral_skewness.stdev": 0.5611965656280518, "lowlevel.spectral_spread.mean": 8356539.0, "lowlevel.spectral_spread.stdev": 2604629.0, "lowlevel.spectral_strongpeak.mean": 0.7507156133651733, "lowlevel.spectral_strongpeak.stdev": 0.4589821696281433, "lowlevel.zerocrossingrate.mean": 0.08692475408315659, "lowlevel.zerocrossingrate.stdev": 0.05247357860207558, "metadata.audio_properties.analysis.equal_loudness": 0.0, "metadata.audio_properties.analysis.length": 22.229320526123047, "metadata.audio_properties.analysis.sample_rate": 44100.0, "metadata.audio_properties.analysis.start_time": 0.0, "metadata.audio_properties.bit_rate": 122466.0, "metadata.audio_properties.length": 22.229333877563477, "metadata.audio_properties.lossless": 0.0, "metadata.audio_properties.number_channels": 1.0, "metadata.audio_properties.replay_gain": -8.013648986816406, "metadata.audio_properties.sample_rate": 48000.0, "rhythm.beats_count": 60.0, "rhythm.beats_loudness.mean": 0.03725522384047508, "rhythm.beats_loudness.stdev": 0.023742061108350754, "rhythm.bpm": 164.240966796875, "rhythm.bpm_histogram_first_peak_bpm": 167.0, "rhythm.bpm_histogram_first_peak_weight": 0.0, "rhythm.bpm_histogram_second_peak_bpm": 161.0, "rhythm.bpm_histogram_second_peak_spread": 0.0, "rhythm.bpm_histogram_second_peak_weight": 0.4576271176338196, "rhythm.danceability": 1.3368569612503052, "rhythm.onset_rate": 5.304630279541016, "tonal.chords_changes_rate": 0.0833333358168602, "tonal.chords_number_rate": 0.014583333395421505, "tonal.chords_strength.mean": 0.5131637454032898, "tonal.chords_strength.stdev": 0.06151556223630905, "tonal.hpcp_crest.mean": 12.54517650604248, "tonal.hpcp_crest.stdev": 5.965023994445801, "tonal.hpcp_entropy.mean": 2.244579792022705, "tonal.hpcp_entropy.stdev": 0.7290575504302979, "tonal.key_edma.strength": 0.7835180759429932, "tonal.key_krumhansl.strength": 0.7810884118080139, "tonal.key_temperley.strength": 0.7792181372642517, "tonal.tuning_diatonic_strength": 0.6374807953834534, "tonal.tuning_equal_tempered_deviation": 0.12747083604335785, "tonal.tuning_frequency": 439.2381896972656, "tonal.tuning_nontempered_energy_ratio": 0.7000666856765747, "lowlevel.barkbands.mean": [8.736515155760571e-05, 0.008756225928664207, 0.008251471444964409, 0.006022140383720398, 0.006206049583852291, 0.00048576315748505294, 0.0008191182278096676, 0.0006865623872727156, 0.0007720687426626682, 0.00042412918992340565, 0.0004876869497820735, 0.00028501925407908857, 0.0003523575433064252, 0.00030651394627057016, 0.00020332395797595382, 0.00017534125072415918, 0.00010593812476145104, 7.43666896596551e-05, 0.00014816857583355159, 0.00017609301721677184, 0.00021054867829661816, 0.00026163170696236193, 0.00020426578703336418, 0.00016200001118704677, 0.000271401135250926, 0.0006562184426002204, 3.3930878998944536e-05], "lowlevel.barkbands.stdev": [0.0003442828601691872, 0.03744065761566162, 0.02160894125699997, 0.004471110180020332, 0.004887046758085489, 0.0029001093935221434, 0.004710682202130556, 0.0029443043749779463, 0.0029389001429080963, 0.0013839254388585687, 0.0015978958690539002, 0.0008669935632497072, 0.0010886419331654906, 0.0009267692803405225, 0.0007165426504798234, 0.0005748813855461776, 0.0002486150769982487, 0.0001576698268763721, 0.0003739248786587268, 0.0004286414186935872, 0.0004411846457514912, 0.0009805667214095592, 0.00048756698379293084, 0.00019360671285539865, 0.0003497018769849092, 0.0008200781885534525, 5.3564581321552396e-05], "lowlevel.erbbands.mean": [0.1568877100944519, 2.3298778533935547, 8.09642219543457, 15.815460205078125, 34.204383850097656, 8.707688331604004, 2.9017956256866455, 4.549221992492676, 8.32244873046875, 15.733415603637695, 15.679449081420898, 17.6962833404541, 12.553215026855469, 18.801708221435547, 16.07036590576172, 11.212568283081055, 14.934656143188477, 15.931269645690918, 15.424811363220215, 8.062211036682129, 9.92922592163086, 6.043585777282715, 4.063652992248535, 6.057368755340576, 8.192792892456055, 8.274718284606934, 8.6600341796875, 8.094676971435547, 9.502562522888184, 8.26736068725586, 5.144468307495117, 3.4654438495635986, 2.72702956199646, 2.0220916271209717, 2.4563148021698, 2.007941484451294, 1.4434417486190796, 0.24561503529548645, 0.005244485568255186, 0.0001909943821374327], "lowlevel.erbbands.stdev": [0.6397485733032227, 9.915959358215332, 26.4595947265625, 16.984079360961914, 18.630786895751953, 8.39712142944336, 10.751069068908691, 34.02171325683594, 45.305091857910156, 72.6337661743164, 61.807212829589844, 67.81855010986328, 32.88010025024414, 64.54054260253906, 41.442298889160156, 33.030513763427734, 45.426666259765625, 48.459251403808594, 46.1574821472168, 28.364593505859375, 29.59075164794922, 13.088594436645508, 8.087530136108398, 13.766472816467285, 22.286483764648438, 20.698101043701172, 17.84389877319336, 19.196582794189453, 36.77968978881836, 29.151775360107422, 10.52313232421875, 4.3739824295043945, 3.3704304695129395, 2.8385934829711914, 3.240370273590088, 2.7845427989959717, 1.7885406017303467, 0.31597620248794556, 0.006706525571644306, 0.00021058482525404543], "lowlevel.gfcc.mean": [-5.071900844573975, 42.01015090942383, -47.930397033691406, 30.941146850585938, -40.565067291259766, 27.871326446533203, -29.55253791809082, 4.837981224060059, -44.824867248535156, -5.555388927459717, -43.04855728149414, -3.5344223976135254, -26.519020080566406], "lowlevel.melbands.mean": [0.001976830419152975, 0.00395136559382081, 0.003470318391919136, 0.0015972382389008999, 9.188226977130398e-05, 9.947202488547191e-05, 0.00014249175728764385, 0.00017030927119776607, 0.0001332861720584333, 0.00010758837015600875, 6.089720773161389e-05, 7.457572792191058e-05, 6.046141425031237e-05, 3.17930753226392e-05, 3.143303547403775e-05, 3.479806400719099e-05, 2.8810816729674116e-05, 2.7050095013692044e-05, 1.2904832146887202e-05, 1.0331064913771115e-05, 1.1678313967422582e-05, 6.454963113355916e-06, 4.080642611370422e-06, 3.4886763842223445e-06, 4.971574981027516e-06, 5.765570222138194e-06, 6.218864200491225e-06, 5.203360615269048e-06, 5.189699550101068e-06, 5.394658728619106e-06, 4.449239895620849e-06, 5.614920155494474e-06, 4.803863703273237e-06, 4.553938651952194e-06, 3.0470969250018243e-06, 2.3465247522835853e-06, 2.0555887658701977e-06, 1.8902684360000421e-06, 1.7154884517367464e-06, 1.6614416153970524e-06], "lowlevel.melbands.stdev": [0.00827315729111433, 0.013268105685710907, 0.002696569077670574, 0.001080492278560996, 0.0003228237328585237, 0.0006685631815344095, 0.0008164143073372543, 0.0007550836307927966, 0.000539833155926317, 0.000393039605114609, 0.00016554754984099418, 0.0002594703109934926, 0.00017271481920033693, 9.576400043442845e-05, 0.00011156265099998564, 0.00010868188110180199, 9.441440488444641e-05, 8.177387644536793e-05, 4.930367140332237e-05, 4.0003968024393544e-05, 3.314623609185219e-05, 1.5098174117156304e-05, 8.676152901898604e-06, 7.403884410450701e-06, 1.1655964954115916e-05, 1.5716395864728838e-05, 1.7464388292864896e-05, 1.294506000704132e-05, 1.1142093171656597e-05, 1.1055413779104128e-05, 1.1612666639848612e-05, 2.169585604860913e-05, 1.9156435882905498e-05, 1.559161137265619e-05, 6.752431090717437e-06, 3.2980301511997823e-06, 2.660851123437169e-06, 2.34059962167521e-06, 2.3462387161998777e-06, 2.5442252535867738e-06], "lowlevel.melbands128.mean": [6.818021938670427e-05, 0.0007765191840007901, 0.0028285838197916746, 0.004173358902335167, 0.003899484872817993, 0.004320694599300623, 0.0028680283576250076, 0.003451536875218153, 0.004201792646199465, 0.001391254598274827, 0.00010044394002761692, 8.408039866480976e-05, 8.410336158704013e-05, 0.00010439957986818627, 0.00011541782441781834, 8.229391823988408e-05, 9.31222821236588e-05, 0.00014576729154214263, 0.00022304704179987311, 0.00017320990446023643, 0.00016192345356103033, 0.0001131374592659995, 0.00013153140025679022, 0.00015071488451212645, 0.00011435200576670468, 0.00010315669351257384, 6.276858766796067e-05, 5.5028336646500975e-05, 5.583150777965784e-05, 6.578465399798006e-05, 8.34286620374769e-05, 9.065200720215216e-05, 5.234152922639623e-05, 4.983145845471881e-05, 3.743608613149263e-05, 2.307810791535303e-05, 2.5701254344312474e-05, 3.795224620262161e-05, 2.895380384870805e-05, 2.975045754283201e-05, 4.349550363258459e-05, 3.145659502479248e-05, 2.5833847757894546e-05, 2.9218546842457727e-05, 2.8597723940038122e-05, 3.074681444559246e-05, 1.9682747733895667e-05, 1.3140003829903435e-05, 9.676986337581184e-06, 9.090485946217086e-06, 8.928724128054455e-06, 1.3633754861075431e-05, 1.3759668945567682e-05, 1.0393319826107472e-05, 7.623043075000169e-06, 6.26234759693034e-06, 5.499848157342058e-06, 4.394342795421835e-06, 3.640577688202029e-06, 3.1655254133511335e-06, 3.235925305489218e-06, 3.877304152410943e-06, 4.543202066997765e-06, 5.513594260264654e-06, 5.178901119506918e-06, 5.890115517104277e-06, 6.08460686635226e-06, 5.832641818415141e-06, 6.605039743590169e-06, 6.255859716475243e-06, 5.02182456330047e-06, 4.6791310523985885e-06, 5.1602701205410995e-06, 5.073127795185428e-06, 5.404228886618512e-06, 6.156057224870892e-06, 5.121773028804455e-06, 4.075222477695206e-06, 4.272085789125413e-06, 4.5236752157507e-06, 6.488660801551305e-06, 5.549084562517237e-06, 4.943223302689148e-06, 4.827439170185244e-06, 4.4851735765405465e-06, 4.95319181936793e-06, 4.627484486263711e-06, 3.7297813832992688e-06, 2.892933935072506e-06, 2.622025021992158e-06, 2.5217896109097637e-06, 2.3570808025397127e-06, 1.8477071535016876e-06, 2.1101543552504154e-06, 2.191352905356325e-06, 1.785608105819847e-06, 1.733577050799795e-06, 2.206311137342709e-06, 1.6905275970202638e-06, 1.451385855943954e-06, 1.6554046169403591e-06, 1.6634646726743085e-06, 1.6632205870337202e-06, 2.1554817521973746e-06, 2.833843154803617e-06, 3.526956561472616e-06, 3.569073896869668e-06, 2.4259834390250035e-06, 2.814350636981544e-06, 4.567340056382818e-06, 4.5338902054936625e-06, 4.128256477997638e-06, 5.724788934458047e-06, 4.856953637499828e-06, 3.960657977586379e-06, 2.8824995297327405e-06, 1.2320068663029815e-06, 3.041735396891454e-07, 2.4185313307611978e-08, 1.4336293437111625e-11, 1.0160871276310157e-11, 9.650292717711118e-12, 8.666179752980785e-12, 7.83817281913013e-12, 6.262767648229639e-12, 4.3247137641866384e-12, 3.32232548763689e-12, 3.1531316186522718e-12], "lowlevel.melbands128.stdev": [0.0003043689066544175, 0.0031908622477203608, 0.011796291917562485, 0.01852923445403576, 0.016238516196608543, 0.0094378050416708, 0.0037927848752588034, 0.0027518782299011946, 0.0025873768609017134, 0.0015205511590465903, 0.00027494283858686686, 0.000272758916253224, 0.0004333730321377516, 0.0005767667316831648, 0.0011986391618847847, 0.0004756873822771013, 0.00034537242026999593, 0.0011442207032814622, 0.0015259745996445417, 0.0009035278926603496, 0.0009021396981552243, 0.0005304073565639555, 0.0006666825502179563, 0.0009009408531710505, 0.0005727179814130068, 0.00039383117109537125, 0.00018677460320759565, 0.0001763358450261876, 0.0002343583619222045, 0.00028544108499772847, 0.0003502691397443414, 0.0004287752672098577, 0.00014501481200568378, 0.00016045512165874243, 0.0001380008616251871, 9.542951011098921e-05, 7.705004827585071e-05, 0.0001643210562178865, 0.00011373554298188537, 0.0001182400228572078, 0.0001623078278498724, 0.00011337843898218125, 9.877069533104077e-05, 0.0001241655118064955, 9.947292710421607e-05, 0.00010795085108838975, 8.10862475191243e-05, 5.6750439398456365e-05, 4.84514566778671e-05, 4.020725464215502e-05, 3.786794695770368e-05, 6.902680615894496e-05, 4.1971481550717726e-05, 2.8406491765053943e-05, 2.3571154088131152e-05, 1.5309577065636404e-05, 1.3190042409405578e-05, 1.1405875739001203e-05, 8.780011739872862e-06, 7.209944669739343e-06, 6.954977379791671e-06, 1.099992459785426e-05, 1.2422860891092569e-05, 1.3989828403282445e-05, 1.3942925761512015e-05, 1.7082369595300406e-05, 2.09470799745759e-05, 1.9123932361253537e-05, 1.9850149328703992e-05, 1.801147845981177e-05, 1.5340485333581455e-05, 1.0539552931732032e-05, 1.2024377610941883e-05, 1.1892304428329226e-05, 1.1879623343702406e-05, 1.372024416923523e-05, 1.1010857633664273e-05, 9.36933429329656e-06, 1.2698898899543565e-05, 1.2617568245332222e-05, 2.5483850549790077e-05, 2.3605598471476696e-05, 2.3359007172985002e-05, 2.0357476387289353e-05, 1.6669211618136615e-05, 1.9124947357340716e-05, 1.5923273167572916e-05, 9.677712114353199e-06, 6.9273933149816e-06, 4.827455086342525e-06, 4.143442311033141e-06, 3.4933455026475713e-06, 2.5704234758450184e-06, 3.0147325560392346e-06, 3.3728688322298694e-06, 2.4799126094876556e-06, 2.3812306153558893e-06, 3.4463721476640785e-06, 2.463882992742583e-06, 2.4047860733844573e-06, 2.9231616736069554e-06, 2.915797040259349e-06, 3.0455948945018463e-06, 3.3459716632933123e-06, 4.234226253174711e-06, 5.382840299716918e-06, 5.525605047296267e-06, 4.1796638470259495e-06, 4.504932803683914e-06, 7.559482128272066e-06, 6.801147719670553e-06, 5.584820428339299e-06, 7.685487616981845e-06, 6.289719749474898e-06, 5.338940354704391e-06, 4.223452378937509e-06, 1.881475213849626e-06, 6.405000476661371e-07, 1.0118108662027225e-07, 1.8488886810441585e-10, 1.688528206145179e-10, 1.5506752826244252e-10, 1.408207855879695e-10, 1.2240626567905366e-10, 8.214269542339281e-11, 3.017592078990994e-11, 9.309609506902294e-12, 8.54403266886683e-12], "lowlevel.mfcc.mean": [-678.316650390625, 94.96641540527344, 41.96297073364258, 24.197481155395508, 12.948766708374023, 24.203153610229492, 17.5211181640625, 13.622941970825195, 6.681111812591553, 2.110428810119629, -8.444231986999512, -10.123712539672852, -11.898893356323242], "lowlevel.spectral_contrast_coeffs.mean": [-0.5739912986755371, -0.8196961283683777, -0.8112302422523499, -0.8370043039321899, -0.8345546722412109, -0.7722541689872742], "lowlevel.spectral_contrast_coeffs.stdev": [0.06635458022356033, 0.059598810970783234, 0.05155187472701073, 0.04619268327951431, 0.032065171748399734, 0.046398941427469254], "lowlevel.spectral_contrast_valleys.mean": [-7.05784797668457, -7.459736347198486, -7.622723579406738, -8.088314056396484, -7.912856101989746, -9.947230339050293], "lowlevel.spectral_contrast_valleys.stdev": [0.6716132164001465, 0.923259437084198, 0.82072514295578, 0.8826839327812195, 0.8942141532897949, 0.8721479773521423], "rhythm.beats_loudness_band_ratio.mean": [0.7017531991004944, 0.1393015831708908, 0.05453912168741226, 0.057518184185028076, 0.02241530455648899, 0.13007357716560364], "rhythm.beats_loudness_band_ratio.stdev": [0.1881026327610016, 0.132659450173378, 0.10131274163722992, 0.06349149346351624, 0.030996864661574364, 0.0831238254904747], "tonal.hpcp.mean": [0.012945114634931087, 0.013541835360229015, 0.021335618570446968, 0.025878723710775375, 0.021792199462652206, 0.016582470387220383, 0.015693424269557, 0.02137935161590576, 0.21708890795707703, 0.4368014633655548, 0.2581690847873688, 0.036998432129621506, 0.01720496453344822, 0.013679059222340584, 0.01995479129254818, 0.02099945954978466, 0.021509837359189987, 0.020829709246754646, 0.025454062968492508, 0.0361083522439003, 0.033497802913188934, 0.024966461583971977, 0.026282843202352524, 0.2536972165107727, 0.44692105054855347, 0.22166647017002106, 0.019753362983465195, 0.013854211196303368, 0.015770288184285164, 0.1606440246105194, 0.4052198827266693, 0.27128735184669495, 0.029355304315686226, 0.020339973270893097, 0.018640536814928055, 0.017334524542093277], "tonal.hpcp.stdev": [0.044742271304130554, 0.03817909210920334, 0.07968485355377197, 0.10610420256853104, 0.08331584930419922, 0.06752748787403107, 0.05465993285179138, 0.08277381211519241, 0.22458168864250183, 0.3903275430202484, 0.2585254907608032, 0.11883378773927689, 0.06742067635059357, 0.052884653210639954, 0.09514674544334412, 0.08926903456449509, 0.09646029770374298, 0.09422656148672104, 0.09998741000890732, 0.13846497237682343, 0.13218466937541962, 0.09849844872951508, 0.10946387052536011, 0.2896178364753723, 0.4790809750556946, 0.25045230984687805, 0.053437624126672745, 0.06470033526420593, 0.07380913197994232, 0.1935650110244751, 0.4302755892276764, 0.2921065092086792, 0.10096915066242218, 0.08632604032754898, 0.06449954211711884, 0.05235249921679497], "rhythm.beats_position": [0.30185940861701965, 0.638548731803894, 0.9752380847930908, 1.3467572927474976, 1.7182766199111938, 2.078185796737671, 2.4380950927734375, 2.809614419937134, 3.1695237159729004, 3.5410430431365967, 3.9009523391723633, 4.2724714279174805, 4.632380962371826, 4.992290019989014, 5.363809585571289, 5.723718643188477, 6.083628177642822, 6.4551472663879395, 6.815056800842285, 7.174965858459473, 7.54648494720459, 7.918004512786865, 8.28952407836914, 8.649433135986328, 9.009342193603516, 9.380861282348633, 9.75238037109375, 10.112290382385254, 10.472199440002441, 10.843718528747559, 11.215237617492676, 11.57514762878418, 11.935056686401367, 12.306575775146484, 12.678094863891602, 13.038003921508789, 13.397913932800293, 13.76943302154541, 14.129342079162598, 14.489251136779785, 14.860771179199219, 15.220680236816406, 15.580589294433594, 15.952108383178711, 16.323627471923828, 16.683536529541016, 17.043445587158203, 17.414966583251953, 17.78648567199707, 18.146394729614258, 18.506303787231445, 18.877822875976562, 19.24934196472168, 19.609251022338867, 19.969160079956055, 20.340679168701172, 20.71219825744629, 21.07210922241211, 21.432018280029297, 21.803537368774414], "rhythm.bpm_histogram": [0.0, 0.0, 0.0, 0.0, 0.0, 0.0, 0.0, 0.0, 0.0, 0.0, 0.0, 0.0, 0.0, 0.0, 0.0, 0.0, 0.0, 0.0, 0.0, 0.0, 0.0, 0.0, 0.0, 0.0, 0.0, 0.0, 0.0, 0.0, 0.0, 0.0, 0.0, 0.0, 0.0, 0.0, 0.0, 0.0, 0.0, 0.0, 0.0, 0.0, 0.0, 0.0, 0.0, 0.0, 0.0, 0.0, 0.0, 0.0, 0.0, 0.0, 0.0, 0.0, 0.0, 0.0, 0.0, 0.0, 0.0, 0.0, 0.0, 0.0, 0.0, 0.0, 0.0, 0.0, 0.0, 0.0, 0.0, 0.0, 0.0, 0.0, 0.0, 0.0, 0.0, 0.0, 0.0, 0.0, 0.0, 0.0, 0.0, 0.0, 0.0, 0.0, 0.0, 0.0, 0.0, 0.0, 0.0, 0.0, 0.0, 0.0, 0.0, 0.0, 0.0, 0.0, 0.0, 0.0, 0.0, 0.0, 0.0, 0.0, 0.0, 0.0, 0.0, 0.0, 0.0, 0.0, 0.0, 0.0, 0.0, 0.0, 0.0, 0.0, 0.0, 0.0, 0.0, 0.0, 0.0, 0.0, 0.0, 0.0, 0.0, 0.0, 0.0, 0.0, 0.0, 0.0, 0.0, 0.0, 0.0, 0.0, 0.0, 0.0, 0.0, 0.0, 0.0, 0.0, 0.0, 0.0, 0.0, 0.0, 0.0, 0.0, 0.0, 0.0, 0.0, 0.0, 0.0, 0.0, 0.0, 0.0, 0.0, 0.0, 0.0, 0.0, 0.0, 0.0, 0.0, 0.0, 0.0, 0.0, 0.0, 0.4576271176338196, 0.0, 0.0, 0.0, 0.0, 0.0, 0.508474588394165, 0.0, 0.0, 0.0, 0.0, 0.0, 0.0, 0.0, 0.0, 0.0, 0.0, 0.033898305147886276, 0.0, 0.0, 0.0, 0.0, 0.0, 0.0, 0.0, 0.0, 0.0, 0.0, 0.0, 0.0, 0.0, 0.0, 0.0, 0.0, 0.0, 0.0, 0.0, 0.0, 0.0, 0.0, 0.0, 0.0, 0.0, 0.0, 0.0, 0.0, 0.0, 0.0, 0.0, 0.0, 0.0, 0.0, 0.0, 0.0, 0.0, 0.0, 0.0, 0.0, 0.0, 0.0, 0.0, 0.0, 0.0, 0.0, 0.0, 0.0, 0.0, 0.0, 0.0, 0.0, 0.0, 0.0, 0.0, 0.0, 0.0, 0.0, 0.0, 0.0, 0.0, 0.0, 0.0, 0.0, 0.0, 0.0, 0.0, 0.0, 0.0, 0.0, 0.0], "tonal.chords_histogram": [31.45833396911621, 0.0, 14.791666984558105, 0.0, 0.0, 7.291666507720947, 0.0, 8.75, 0.0, 31.04166603088379, 0.0, 0.0, 0.0, 0.0, 0.0, 0.0, 0.0, 0.0, 0.0, 0.0, 0.0, 0.0, 4.791666507720947, 1.875], "tonal.thpcp": [1.0, 0.495985746383667, 0.04419877380132675, 0.030999235808849335, 0.035286519676446915, 0.35944607853889465, 0.9066923260688782, 0.6070140600204468, 0.06568342447280884, 0.045511335134506226, 0.04170878976583481, 0.038786549121141434, 0.02896510437130928, 0.030300285667181015, 0.047739122062921524, 0.05790446326136589, 0.048760734498500824, 0.0371038019657135, 0.035114534199237823, 0.04783697426319122, 0.48574331402778625, 0.9773570895195007, 0.5776615142822266, 0.08278516680002213, 0.038496654480695724, 0.030607327818870544, 0.044649478048086166, 0.046986956149339676, 0.048128943890333176, 0.046607133001089096, 0.0569542720913887, 0.0807935819029808, 0.0749523937702179, 0.05586325004696846, 0.058808695524930954, 0.5676555633544922], "lowlevel.gfcc.cov": [[5277.25830078125, -675.6244506835938, -1300.1590576171875, 12.289203643798828, -380.53826904296875, -36.27145767211914, -81.44007110595703, 217.75650024414062, 334.3291931152344, 534.5542602539062, 264.9298400878906, 111.41065979003906, -97.38609313964844], [-675.6244506835938, 1046.174560546875, -158.79466247558594, -145.38681030273438, -10.567989349365234, -149.6422576904297, 29.208131790161133, 39.92942428588867, 90.21151733398438, -34.367462158203125, 44.00616455078125, -33.14827346801758, 42.01775360107422], [-1300.1590576171875, -158.79466247558594, 886.3121948242188, 49.733890533447266, 199.66226196289062, 96.21866607666016, 26.874643325805664, -52.42169952392578, -139.67800903320312, -182.91595458984375, -106.06197357177734, 2.2997283935546875, 16.4183406829834], [12.289203643798828, -145.38681030273438, 49.733890533447266, 428.3800048828125, 38.92927551269531, -33.24560546875, -47.879608154296875, -42.90643310546875, -14.072284698486328, 23.690279006958008, 36.66984558105469, 16.164730072021484, 29.601953506469727], [-380.53826904296875, -10.567989349365234, 199.66226196289062, 38.92927551269531, 261.7815856933594, 86.752685546875, 3.1356770992279053, -22.225175857543945, -28.7097110748291, -41.905338287353516, -30.536548614501953, -18.78413200378418, 19.99355697631836], [-36.27145767211914, -149.6422576904297, 96.21866607666016, -33.24560546875, 86.752685546875, 157.94956970214844, 55.749149322509766, -17.478681564331055, -51.888999938964844, -27.647138595581055, -23.505983352661133, -11.850166320800781, -13.220593452453613], [-81.44007110595703, 29.208131790161133, 26.874643325805664, -47.879608154296875, 3.1356770992279053, 55.749149322509766, 120.35308074951172, 38.02425765991211, -19.273792266845703, -44.813838958740234, -17.420711517333984, 4.273318767547607, -12.200284004211426], [217.75650024414062, 39.92942428588867, -52.42169952392578, -42.90643310546875, -22.225175857543945, -17.478681564331055, 38.02425765991211, 113.94268798828125, 62.70583724975586, 11.929549217224121, -0.45904242992401123, 4.844555854797363, 3.8881943225860596], [334.3291931152344, 90.21151733398438, -139.67800903320312, -14.072284698486328, -28.7097110748291, -51.888999938964844, -19.273792266845703, 62.70583724975586, 127.29085540771484, 77.67200469970703, 31.444988250732422, -1.1611829996109009, -0.21283748745918274], [534.5542602539062, -34.367462158203125, -182.91595458984375, 23.690279006958008, -41.905338287353516, -27.647138595581055, -44.813838958740234, 11.929549217224121, 77.67200469970703, 149.2620849609375, 82.8011703491211, 17.282325744628906, -12.741469383239746], [264.9298400878906, 44.00616455078125, -106.06197357177734, 36.66984558105469, -30.536548614501953, -23.505983352661133, -17.420711517333984, -0.45904242992401123, 31.444988250732422, 82.8011703491211, 93.58734893798828, 35.53190231323242, 2.1312613487243652], [111.41065979003906, -33.14827346801758, 2.2997283935546875, 16.164730072021484, -18.78413200378418, -11.850166320800781, 4.273318767547607, 4.844555854797363, -1.1611829996109009, 17.282325744628906, 35.53190231323242, 59.35118865966797, 17.549606323242188], [-97.38609313964844, 42.01775360107422, 16.4183406829834, 29.601953506469727, 19.99355697631836, -13.220593452453613, -12.200284004211426, 3.8881943225860596, -0.21283748745918274, -12.741469383239746, 2.1312613487243652, 17.549606323242188, 47.952335357666016]], "lowlevel.gfcc.icov": [[0.0005687988013960421, 0.0003393175720702857, 0.0006605609087273479, -6.96464630891569e-05, 0.0001807901862775907, -0.0005497047677636147, 0.0004922338994219899, -0.0008873744518496096, -0.00031183913233689964, -0.0006534482818096876, 5.6490502174710855e-05, -0.000996012706309557, 0.000831923505757004], [0.0003393175720702857, 0.002473919652402401, 0.0005240472964942455, 0.0011249069357290864, -0.0006833565421402454, 0.002600720850750804, -0.0019188129808753729, 0.0008775927708484232, -0.0021605780348181725, 0.0026366389356553555, -0.0047844466753304005, 0.003520382335409522, -0.002294638892635703], [0.0006605609087273479, 0.0005240472964942455, 0.002735758200287819, -0.0002639748272486031, -0.0009867050684988499, -0.000781088718213141, 0.0012604144867509604, -0.0011780826607719064, 0.00014041866234038025, 0.0012688401620835066, 0.0006471543456427753, -0.002806619508191943, 0.002057034755125642], [-6.96464630891569e-05, 0.0011249069357290864, -0.0002639748272486031, 0.0033986077178269625, -0.0008978338446468115, 0.002471065381541848, -0.0011503582354635, 0.0015458130510523915, -0.00033389119198545814, 0.0009288758737966418, -0.003529860870912671, 0.0027642950881272554, -0.003106634598225355], [0.0001807901862775907, -0.0006833565421402454, -0.0009867050684988499, -0.0008978338446468115, 0.006700493860989809, -0.005050995387136936, 0.0018597340676933527, -0.0001892886939458549, -0.001268864027224481, -0.00048684366629458964, 0.0009069929365068674, 0.0008132299990393221, -0.002312700729817152], [-0.0005497047677636147, 0.002600720850750804, -0.000781088718213141, 0.002471065381541848, -0.005050995387136936, 0.01684858277440071, -0.009811019524931908, 0.003848813474178314, 0.0029666086193174124, -0.001068262616172433, -0.003592429216951132, 0.007582526188343763, -0.0035963738337159157], [0.0004922338994219899, -0.0019188129808753729, 0.0012604144867509604, -0.0011503582354635, 0.0018597340676933527, -0.009811019524931908, 0.019399326294660568, -0.009203638881444931, 0.0017728256061673164, 0.005105772987008095, 0.0010636511724442244, -0.008692100644111633, 0.00965961068868637], [-0.0008873744518496096, 0.0008775927708484232, -0.0011780826607719064, 0.0015458130510523915, -0.0001892886939458549, 0.003848813474178314, -0.009203638881444931, 0.019396686926484108, -0.010503490455448627, 0.002950109774246812, -0.0004808295052498579, 0.002591425785794854, -0.006086185574531555], [-0.00031183913233689964, -0.0021605780348181725, 0.00014041866234038025, -0.00033389119198545814, -0.001268864027224481, 0.0029666086193174124, 0.0017728256061673164, -0.010503490455448627, 0.023272890597581863, -0.013425054028630257, 0.006540845148265362, 0.0008306524832732975, 8.983906809589826e-06], [-0.0006534482818096876, 0.0026366389356553555, 0.0012688401620835066, 0.0009288758737966418, -0.00048684366629458964, -0.001068262616172433, 0.005105772987008095, 0.002950109774246812, -0.013425054028630257, 0.03160916641354561, -0.023061633110046387, 0.004574065562337637, 0.004013317637145519], [5.6490502174710855e-05, -0.0047844466753304005, 0.0006471543456427753, -0.003529860870912671, 0.0009069929365068674, -0.003592429216951132, 0.0010636511724442244, -0.0004808295052498579, 0.006540845148265362, -0.023061633110046387, 0.04066506028175354, -0.021319905295968056, 0.005102110560983419], [-0.000996012706309557, 0.003520382335409522, -0.002806619508191943, 0.0027642950881272554, 0.0008132299990393221, 0.007582526188343763, -0.008692100644111633, 0.002591425785794854, 0.0008306524832732975, 0.004574065562337637, -0.021319905295968056, 0.039205003529787064, -0.018704775720834732], [0.000831923505757004, -0.002294638892635703, 0.002057034755125642, -0.003106634598225355, -0.002312700729817152, -0.0035963738337159157, 0.00965961068868637, -0.006086185574531555, 8.983906809589826e-06, 0.004013317637145519, 0.005102110560983419, -0.018704775720834732, 0.03637684881687164]], "lowlevel.mfcc.cov": [[6499.21630859375, -900.2908935546875, -1067.7626953125, -170.82864379882812, -450.17388916015625, -248.15309143066406, -393.5177307128906, -349.36895751953125, -97.07193756103516, 113.1474838256836, 400.0905456542969, 317.7410888671875, 369.4686279296875], [-900.2908935546875, 1011.26708984375, -56.962215423583984, -123.4524154663086, -39.54759979248047, -120.90028381347656, -27.862096786499023, 45.592689514160156, 48.13977813720703, 25.22100067138672, -36.03371810913086, 7.099108695983887, 5.531984806060791], [-1067.7626953125, -56.962215423583984, 497.7736511230469, 89.09220123291016, 105.3392562866211, 54.137535095214844, 87.6534194946289, 84.17660522460938, 7.989112377166748, -44.57120895385742, -68.44805908203125, -61.35439682006836, -71.87837982177734], [-170.82864379882812, -123.4524154663086, 89.09220123291016, 320.0290222167969, 84.87361907958984, 12.032937049865723, -23.285930633544922, -21.468748092651367, -20.043025970458984, -19.0466365814209, -6.242608070373535, -15.810242652893066, 21.434335708618164], [-450.17388916015625, -39.54759979248047, 105.3392562866211, 84.87361907958984, 258.53497314453125, 87.51319122314453, 50.83933639526367, -1.714762568473816, 19.8510799407959, 17.396100997924805, -34.19129180908203, -44.96507263183594, -24.39994239807129], [-248.15309143066406, -120.90028381347656, 54.137535095214844, 12.032937049865723, 87.51319122314453, 170.9960479736328, 91.44988250732422, 16.01033592224121, -25.409700393676758, -5.975642681121826, -19.39860725402832, -12.507296562194824, -46.801448822021484], [-393.5177307128906, -27.862096786499023, 87.6534194946289, -23.285930633544922, 50.83933639526367, 91.44988250732422, 161.0316619873047, 82.52247619628906, 8.645735740661621, -18.916187286376953, -28.253686904907227, -30.90989112854004, -52.781341552734375], [-349.36895751953125, 45.592689514160156, 84.17660522460938, -21.468748092651367, -1.714762568473816, 16.01033592224121, 82.52247619628906, 148.1840362548828, 55.70877456665039, 4.404974937438965, -38.4698371887207, -33.640193939208984, -57.55594253540039], [-97.07193756103516, 48.13977813720703, 7.989112377166748, -20.043025970458984, 19.8510799407959, -25.409700393676758, 8.645735740661621, 55.70877456665039, 84.61287689208984, 33.80038070678711, -5.429564952850342, -23.747995376586914, -24.3563175201416], [113.1474838256836, 25.22100067138672, -44.57120895385742, -19.0466365814209, 17.396100997924805, -5.975642681121826, -18.916187286376953, 4.404974937438965, 33.80038070678711, 79.52330780029297, 24.498615264892578, 10.586957931518555, -11.198235511779785], [400.0905456542969, -36.03371810913086, -68.44805908203125, -6.242608070373535, -34.19129180908203, -19.39860725402832, -28.253686904907227, -38.4698371887207, -5.429564952850342, 24.498615264892578, 90.20795440673828, 50.13130569458008, 32.15134811401367], [317.7410888671875, 7.099108695983887, -61.35439682006836, -15.810242652893066, -44.96507263183594, -12.507296562194824, -30.90989112854004, -33.640193939208984, -23.747995376586914, 10.586957931518555, 50.13130569458008, 82.45514678955078, 41.43206024169922], [369.4686279296875, 5.531984806060791, -71.87837982177734, 21.434335708618164, -24.39994239807129, -46.801448822021484, -52.781341552734375, -57.55594253540039, -24.3563175201416, -11.198235511779785, 32.15134811401367, 41.43206024169922, 94.82955932617188]], "lowlevel.mfcc.icov": [[0.0005101204733364284, 0.0005657803849317133, 0.0007153066690079868, 0.00026411772705614567, 0.00021559455490205437, 0.0002600580919533968, 0.0003703073307406157, -0.00022424155031330884, 0.00013427170051727444, -0.00028575907344929874, -0.0007856592419557273, -0.00020901468815281987, -0.0009257530327886343], [0.0005657803849317133, 0.0018565081991255283, 0.000918589357752353, 0.0007026043022051454, -8.877479558577761e-05, 0.0014639277942478657, 0.00022944972442928702, -0.0005333644221536815, 0.00017764800577424467, -0.0006205672980286181, 0.00015650781278964132, -0.0009796791709959507, -0.0009242415544576943], [0.0007153066690079868, 0.000918589357752353, 0.004015814512968063, -0.00022127559350337833, -0.0009217601036652923, 0.0011650115484371781, 0.000225983647396788, -0.0016385576454922557, 0.000935607124119997, 0.0012995636789128184, -0.0006895159604027867, -0.0005811780574731529, 0.0006039203726686537], [0.00026411772705614567, 0.0007026043022051454, -0.00022127559350337833, 0.0043196482583880424, -0.0015339613892138004, 0.00020873406901955605, 0.0019263881258666515, -0.0013337794225662947, 0.0015076779527589679, 0.000546111783478409, -0.001213902491144836, 0.0009660333162173629, -0.0018018854316323996], [0.00021559455490205437, -8.877479558577761e-05, -0.0009217601036652923, -0.0015339613892138004, 0.00764855369925499, -0.003767462680116296, -0.0017589451745152473, 0.003792098956182599, -0.0039359708316624165, -0.003295580390840769, 0.0017082964768633246, 0.002314939396455884, -0.0027462616562843323], [0.0002600580919533968, 0.0014639277942478657, 0.0011650115484371781, 0.00020873406901955605, -0.003767462680116296, 0.014201242476701736, -0.00624822685495019, 0.0008753528818488121, 0.005724024958908558, -0.0013422489864751697, 0.001249171793460846, -0.003733355551958084, 0.005349508952349424], [0.0003703073307406157, 0.00022944972442928702, 0.000225983647396788, 0.0019263881258666515, -0.0017589451745152473, -0.00624822685495019, 0.015954408794641495, -0.008877146989107132, 0.0020683195907622576, 0.004274056293070316, -0.004274144768714905, 0.0023400546051561832, -0.00030170599347911775], [-0.00022424155031330884, -0.0005333644221536815, -0.0016385576454922557, -0.0013337794225662947, 0.003792098956182599, 0.0008753528818488121, -0.008877146989107132, 0.018647275865077972, -0.011001268401741982, -0.000872138305567205, 0.00591870816424489, -0.002758623566478491, 0.004018845967948437], [0.00013427170051727444, 0.00017764800577424467, 0.000935607124119997, 0.0015076779527589679, -0.0039359708316624165, 0.005724024958908558, 0.0020683195907622576, -0.011001268401741982, 0.026602987200021744, -0.007777855731546879, -0.003993812948465347, 0.006210439372807741, 0.0006762146949768066], [-0.00028575907344929874, -0.0006205672980286181, 0.0012995636789128184, 0.000546111783478409, -0.003295580390840769, -0.0013422489864751697, 0.004274056293070316, -0.000872138305567205, -0.007777855731546879, 0.021997999399900436, -0.005223001819103956, -0.003574078669771552, 0.0062827072106301785], [-0.0007856592419557273, 0.00015650781278964132, -0.0006895159604027867, -0.001213902491144836, 0.0017082964768633246, 0.001249171793460846, -0.004274144768714905, 0.00591870816424489, -0.003993812948465347, -0.005223001819103956, 0.022994058206677437, -0.010332714766263962, 0.00014898749941494316], [-0.00020901468815281987, -0.0009796791709959507, -0.0005811780574731529, 0.0009660333162173629, 0.002314939396455884, -0.003733355551958084, 0.0023400546051561832, -0.002758623566478491, 0.006210439372807741, -0.003574078669771552, -0.010332714766263962, 0.025760047137737274, -0.007984679192304611], [-0.0009257530327886343, -0.0009242415544576943, 0.0006039203726686537, -0.0018018854316323996, -0.0027462616562843323, 0.005349508952349424, -0.00030170599347911775, 0.004018845967948437, 0.0006762146949768066, 0.0062827072106301785, 0.00014898749941494316, -0.007984679192304611, 0.023629527539014816]], "metadata.audio_properties.analysis.downmix": "mix", "metadata.audio_properties.codec": "mp3", "metadata.audio_properties.md5_encoded": "ee16f08bdd778db7506cc56e70282098", "metadata.tags.file_name": "1183689767314001930.mp3", "metadata.version.essentia": "2.1-beta6-dev", "metadata.version.essentia_git_sha": "v2.1_beta5-1110-g77a6a954", "metadata.version.extractor": "music 2.0", "tonal.chords_key": "F", "tonal.chords_scale": "minor", "tonal.key_edma.key": "F", "tonal.key_edma.scale": "minor", "tonal.key_krumhansl.key": "F", "tonal.key_krumhansl.scale": "minor", "tonal.key_temperley.key": "F", "tonal.key_temperley.scale": "minor", "metadata.tags.encoding": ["Lavf58.45.100"]}, "essentia_models": [{"model_name": "genre_dortmund", "activations": {"alternative": "0.06370744", "blues": "0.008327357", "