{"song_id": "1183678797694906408", "download": "https://cdn.discordapp.com/attachments/1135903449314238464/1183678797694906408/chirp.mp4?ex=658935c9&amp", "lyrics": "hey good morning mamasita \nhey hey hey \nAnasteisha guapita oooh \nyou smile you bloom\nyou be the sun \nand shine through eyes \nor through the skyes\nwho knows, it might be you \nthat sunny bunny \nhopping on my hand", "style": ["random"], "essentia_features": {"lowlevel.average_loudness": 0.985422670841217, "lowlevel.barkbands_crest.mean": 10.945168495178223, "lowlevel.barkbands_crest.stdev": 4.210762023925781, "lowlevel.barkbands_flatness_db.mean": 0.11261621117591858, "lowlevel.barkbands_flatness_db.stdev": 0.029255026951432228, "lowlevel.barkbands_kurtosis.mean": 2.4215171337127686, "lowlevel.barkbands_kurtosis.stdev": 3.883272647857666, "lowlevel.barkbands_skewness.mean": 1.568459153175354, "lowlevel.barkbands_skewness.stdev": 0.8222712278366089, "lowlevel.barkbands_spread.mean": 29.517837524414062, "lowlevel.barkbands_spread.stdev": 9.35052490234375, "lowlevel.dissonance.mean": 0.48176780343055725, "lowlevel.dissonance.stdev": 0.015361206606030464, "lowlevel.dynamic_complexity": 1.2144005298614502, "lowlevel.erbbands_crest.mean": 7.517904281616211, "lowlevel.erbbands_crest.stdev": 3.2490408420562744, "lowlevel.erbbands_flatness_db.mean": 0.1160183772444725, "lowlevel.erbbands_flatness_db.stdev": 0.02184392884373665, "lowlevel.erbbands_kurtosis.mean": -0.28289520740509033, "lowlevel.erbbands_kurtosis.stdev": 0.8660887479782104, "lowlevel.erbbands_skewness.mean": -0.0043775043450295925, "lowlevel.erbbands_skewness.stdev": 0.4398471415042877, "lowlevel.erbbands_spread.mean": 44.58169937133789, "lowlevel.erbbands_spread.stdev": 12.08796215057373, "lowlevel.hfc.mean": 29.607053756713867, "lowlevel.hfc.stdev": 12.580918312072754, "lowlevel.loudness_ebu128.integrated": -15.458537101745605, "lowlevel.loudness_ebu128.loudness_range": 0.8766870498657227, "lowlevel.loudness_ebu128.momentary.mean": -15.507128715515137, "lowlevel.loudness_ebu128.momentary.stdev": 0.6500905156135559, "lowlevel.loudness_ebu128.short_term.mean": -15.459379196166992, "lowlevel.loudness_ebu128.short_term.stdev": 0.29225945472717285, "lowlevel.melbands_crest.mean": 15.738075256347656, "lowlevel.melbands_crest.stdev": 4.362142562866211, "lowlevel.melbands_flatness_db.mean": 0.1731938123703003, "lowlevel.melbands_flatness_db.stdev": 0.03857709467411041, "lowlevel.melbands_kurtosis.mean": 13.119565963745117, "lowlevel.melbands_kurtosis.stdev": 13.228877067565918, "lowlevel.melbands_skewness.mean": 3.018542528152466, "lowlevel.melbands_skewness.stdev": 1.3685611486434937, "lowlevel.melbands_spread.mean": 24.602109909057617, "lowlevel.melbands_spread.stdev": 11.175996780395508, "lowlevel.pitch_salience.mean": 0.5190820097923279, "lowlevel.pitch_salience.stdev": 0.1162693202495575, "lowlevel.silence_rate_20dB.mean": 1.0, "lowlevel.silence_rate_20dB.stdev": 0.0, "lowlevel.silence_rate_30dB.mean": 0.99858558177948, "lowlevel.silence_rate_30dB.stdev": 0.03758234158158302, "lowlevel.silence_rate_60dB.mean": 0.0014144271844998002, "lowlevel.silence_rate_60dB.stdev": 0.03758260980248451, "lowlevel.spectral_centroid.mean": 1678.1055908203125, "lowlevel.spectral_centroid.stdev": 353.1476745605469, "lowlevel.spectral_complexity.mean": 31.12517738342285, "lowlevel.spectral_complexity.stdev": 6.6491618156433105, "lowlevel.spectral_decrease.mean": -1.1051757731195266e-08, "lowlevel.spectral_decrease.stdev": 5.793451496316493e-09, "lowlevel.spectral_energy.mean": 0.04439738020300865, "lowlevel.spectral_energy.stdev": 0.022493932396173477, "lowlevel.spectral_energyband_high.mean": 0.0013145150151103735, "lowlevel.spectral_energyband_high.stdev": 0.0008001270471140742, "lowlevel.spectral_energyband_low.mean": 0.02384953573346138, "lowlevel.spectral_energyband_low.stdev": 0.01829182542860508, "lowlevel.spectral_energyband_middle_high.mean": 0.00779994111508131, "lowlevel.spectral_energyband_middle_high.stdev": 0.0056052678264677525, "lowlevel.spectral_energyband_middle_low.mean": 0.012535113841295242, "lowlevel.spectral_energyband_middle_low.stdev": 0.012994055636227131, "lowlevel.spectral_entropy.mean": 7.973175048828125, "lowlevel.spectral_entropy.stdev": 0.14733043313026428, "lowlevel.spectral_flux.mean": 0.1302131712436676, "lowlevel.spectral_flux.stdev": 0.04397788271307945, "lowlevel.spectral_kurtosis.mean": 3.238651752471924, "lowlevel.spectral_kurtosis.stdev": 0.8951805830001831, "lowlevel.spectral_rms.mean": 0.006386945024132729, "lowlevel.spectral_rms.stdev": 0.0015878877602517605, "lowlevel.spectral_rolloff.mean": 1348.0491943359375, "lowlevel.spectral_rolloff.stdev": 882.9287109375, "lowlevel.spectral_skewness.mean": 1.4153523445129395, "lowlevel.spectral_skewness.stdev": 0.17132632434368134, "lowlevel.spectral_spread.mean": 5124635.5, "lowlevel.spectral_spread.stdev": 936733.1875, "lowlevel.spectral_strongpeak.mean": 0.5639967918395996, "lowlevel.spectral_strongpeak.stdev": 0.7328596711158752, "lowlevel.zerocrossingrate.mean": 0.06468621641397476, "lowlevel.zerocrossingrate.stdev": 0.018168611451983452, "metadata.audio_properties.analysis.equal_loudness": 0.0, "metadata.audio_properties.analysis.length": 32.7893180847168, "metadata.audio_properties.analysis.sample_rate": 44100.0, "metadata.audio_properties.analysis.start_time": 0.0, "metadata.audio_properties.bit_rate": 114456.0, "metadata.audio_properties.length": 32.78933334350586, "metadata.audio_properties.lossless": 0.0, "metadata.audio_properties.number_channels": 1.0, "metadata.audio_properties.replay_gain": -9.96453857421875, "metadata.audio_properties.sample_rate": 48000.0, "rhythm.beats_count": 93.0, "rhythm.beats_loudness.mean": 0.04585186019539833, "rhythm.beats_loudness.stdev": 0.015921281650662422, "rhythm.bpm": 172.26556396484375, "rhythm.bpm_histogram_first_peak_bpm": 172.0, "rhythm.bpm_histogram_first_peak_weight": 0.0, "rhythm.bpm_histogram_second_peak_bpm": 178.0, "rhythm.bpm_histogram_second_peak_spread": 0.0, "rhythm.bpm_histogram_second_peak_weight": 0.06521739065647125, "rhythm.danceability": 1.5754634141921997, "rhythm.onset_rate": 2.9564342498779297, "tonal.chords_changes_rate": 0.0903954803943634, "tonal.chords_number_rate": 0.014124293811619282, "tonal.chords_strength.mean": 0.5070613026618958, "tonal.chords_strength.stdev": 0.0877930223941803, "tonal.hpcp_crest.mean": 10.874680519104004, "tonal.hpcp_crest.stdev": 5.258074760437012, "tonal.hpcp_entropy.mean": 2.4728193283081055, "tonal.hpcp_entropy.stdev": 0.7255548238754272, "tonal.key_edma.strength": 0.802666425704956, "tonal.key_krumhansl.strength": 0.796271800994873, "tonal.key_temperley.strength": 0.7700595259666443, "tonal.tuning_diatonic_strength": 0.6688326597213745, "tonal.tuning_equal_tempered_deviation": 0.2451949268579483, "tonal.tuning_frequency": 436.960693359375, "tonal.tuning_nontempered_energy_ratio": 0.9120404124259949, "lowlevel.barkbands.mean": [0.0003405884199310094, 0.01627495512366295, 0.006313770543783903, 0.0018831969937309623, 0.0039490582421422005, 0.0010566527489572763, 0.0025397625286132097, 0.0009355845977552235, 0.0018211791757494211, 0.0014968246687203646, 0.0011351301800459623, 0.0008091885247267783, 0.0005305260419845581, 0.000394719943869859, 0.0003234446339774877, 0.0006228779093362391, 0.001508011482656002, 0.0004691766225732863, 0.0005501414416357875, 0.0002507279859855771, 0.0003448743373155594, 0.0002458970993757248, 0.00018017587717622519, 0.00015353504568338394, 0.00018320583330933005, 8.394502947339788e-05, 2.3599717735578452e-07], "lowlevel.barkbands.stdev": [0.0002618141588754952, 0.015286415815353394, 0.006519257090985775, 0.0034799205604940653, 0.009226209484040737, 0.0014179606223478913, 0.003941741771996021, 0.0011674523120746017, 0.00249363761395216, 0.0027744905091822147, 0.002355440752580762, 0.0013075134484097362, 0.0010146766435354948, 0.0006648859125562012, 0.00038129431777633727, 0.0005248072557151318, 0.0012280356604605913, 0.0003734153287950903, 0.0003171908902004361, 0.00017411279259249568, 0.0002024807472480461, 0.00021156668663024902, 0.00015406995953526348, 0.00013371177192311734, 0.00014388869749382138, 7.233809446915984e-05, 1.0982947742377291e-06], "lowlevel.erbbands.mean": [0.33987656235694885, 4.080897331237793, 8.378958702087402, 6.637034893035889, 11.378870010375977, 12.989520072937012, 7.318109512329102, 9.195992469787598, 27.474817276000977, 36.51586151123047, 22.89927101135254, 40.05642318725586, 45.39811325073242, 50.14275360107422, 40.460941314697266, 31.814163208007812, 25.469032287597656, 20.827560424804688, 19.475950241088867, 18.96961784362793, 48.0167236328125, 86.50752258300781, 31.235273361206055, 27.223407745361328, 22.583280563354492, 11.995378494262695, 13.536770820617676, 12.506620407104492, 9.356754302978516, 6.977477550506592, 4.771511077880859, 2.9995086193084717, 2.785489559173584, 2.221766948699951, 1.1698890924453735, 0.523680567741394, 0.12348335981369019, 0.00862090289592743, 0.00021109994850121439, 6.398581899702549e-05], "lowlevel.erbbands.stdev": [0.35287919640541077, 3.8033719062805176, 7.704497814178467, 9.500529289245605, 24.193586349487305, 31.536481857299805, 12.290513038635254, 12.435002326965332, 49.23362350463867, 59.76231384277344, 23.18279266357422, 60.14165115356445, 71.47832489013672, 92.3319320678711, 72.98534393310547, 49.95092010498047, 45.148441314697266, 39.24833297729492, 25.170351028442383, 17.30889892578125, 34.12335205078125, 75.1213607788086, 21.99241065979004, 18.310514450073242, 12.936771392822266, 8.216769218444824, 8.339691162109375, 7.882920265197754, 8.087862968444824, 6.053693771362305, 4.167485237121582, 2.7927050590515137, 2.2724215984344482, 1.7677640914916992, 0.9720499515533447, 0.44824308156967163, 0.11287511885166168, 0.010246585123240948, 0.0002014573838096112, 2.8677186492132023e-05], "lowlevel.gfcc.mean": [63.762115478515625, 75.10424041748047, -111.0810317993164, 43.88591384887695, -54.46519088745117, 25.668827056884766, -32.748722076416016, 32.50624465942383, -22.24999237060547, 5.912860870361328, -22.86758041381836, 7.149685382843018, -12.455097198486328], "lowlevel.melbands.mean": [0.003934625070542097, 0.004686806816607714, 0.0012696621706709266, 0.000989252352155745, 0.0002794175234157592, 0.00022141150839161128, 0.0004465924284886569, 0.0003545520012266934, 0.00019119487842544913, 0.0002629171358421445, 0.0002282289497088641, 0.00020652457897085696, 0.0001461969513911754, 8.982333383755758e-05, 7.361375901382416e-05, 5.232574403635226e-05, 3.5905588447349146e-05, 3.231982918805443e-05, 2.338872945983894e-05, 3.0283712476375513e-05, 6.230785947991535e-05, 0.00010056429891847074, 4.441312194103375e-05, 1.8370665202382952e-05, 2.2471736883744597e-05, 2.0096797015867196e-05, 1.0892761565628462e-05, 7.144583378249081e-06, 7.67280380387092e-06, 9.436964319320396e-06, 6.436633157136384e-06, 5.63015919397003e-06, 4.063372671225807e-06, 3.8115920233394718e-06, 2.976018322442542e-06, 1.8933336605186923e-06, 1.8477605863154167e-06, 1.9007231912837597e-06, 2.013294988501002e-06, 1.8199831401943811e-06], "lowlevel.melbands.stdev": [0.0038382094353437424, 0.0038177066016942263, 0.0016125075053423643, 0.0023381179198622704, 0.0004895409801974893, 0.0002947933098766953, 0.0007398792076855898, 0.000560507585760206, 0.00022700750560034066, 0.000382594094844535, 0.00037595423054881394, 0.000384204467991367, 0.00029754219576716423, 0.00013340602163225412, 0.00015119367162697017, 0.00011219906446058303, 6.812471110606566e-05, 4.548861033981666e-05, 2.55272098002024e-05, 3.001787990797311e-05, 4.636290395865217e-05, 9.116694127442315e-05, 3.546441803337075e-05, 1.4946713235985953e-05, 1.6212814443861134e-05, 1.2260839866939932e-05, 6.915392987139057e-06, 5.6315675465157256e-06, 5.261097157926997e-06, 6.276156909734709e-06, 4.548051038000267e-06, 5.171130851522321e-06, 3.6465162338572554e-06, 3.4386341667413944e-06, 2.6405077733215876e-06, 1.8530605530031607e-06, 1.8407774859952042e-06, 1.6083224636531668e-06, 1.6674507605785038e-06, 1.5080431694514118e-06], "lowlevel.melbands128.mean": [0.00016366499767173082, 0.0018555227434262633, 0.005993460770696402, 0.007058270275592804, 0.005208828952163458, 0.0026349062100052834, 0.001305687939748168, 0.0008516720263287425, 0.0011393120512366295, 0.0013771933736279607, 0.0006301598041318357, 0.00024235185992438346, 0.0002349499409319833, 0.00024207880778703839, 0.00016573030734434724, 0.00019242503913119435, 0.0004143080150242895, 0.00045104793389327824, 0.0005578971467912197, 0.0004656912642531097, 0.0002114229864673689, 0.0001497374614700675, 0.0001869188854470849, 0.00023913750192150474, 0.00023692958347965032, 0.0003168273251503706, 0.00022357764828484505, 0.00019529394921846688, 0.0002706183586269617, 0.00019076926400884986, 0.00020867458079010248, 0.00018124170310329646, 0.00014436811034101993, 0.00012345111463218927, 9.491972014075145e-05, 7.537184137618169e-05, 8.49752759677358e-05, 9.305521962232888e-05, 4.805525531992316e-05, 5.097198663861491e-05, 5.724473521695472e-05, 4.8629139200784266e-05, 3.369619298609905e-05, 2.9149432521080598e-05, 3.741753607755527e-05, 3.224964166292921e-05, 2.855152342817746e-05, 2.2885809812578373e-05, 2.1101159290992655e-05, 2.3252079699886963e-05, 2.711014894885011e-05, 4.1355102439410985e-05, 5.4968819313216954e-05, 5.930637416895479e-05, 0.00010531098814681172, 0.00011772857396863401, 9.522177424514666e-05, 4.345284469309263e-05, 3.544885476003401e-05, 2.1539954104810022e-05, 1.5774578059790656e-05, 1.637077184568625e-05, 2.0574190784827806e-05, 2.605700137792155e-05, 2.2714348233421333e-05, 2.1737267161370255e-05, 1.7645154002821073e-05, 1.2626457646547351e-05, 9.562131708662491e-06, 8.061052540142555e-06, 6.944235337869031e-06, 6.504061730083777e-06, 7.208610441011842e-06, 7.607532097608782e-06, 8.418156539846677e-06, 1.0866386219277047e-05, 9.335222785011865e-06, 7.069314051477704e-06, 6.111878974479623e-06, 5.47347144674859e-06, 6.402690360118868e-06, 5.510434220923344e-06, 4.380070549814263e-06, 3.8069119909778237e-06, 3.8004277485015336e-06, 4.11631481256336e-06, 3.660917627712479e-06, 3.600102218115353e-06, 3.0322598831844516e-06, 2.5347508199047297e-06, 2.0558179585350445e-06, 1.7343106719636125e-06, 1.5385985534521751e-06, 1.8212134591522045e-06, 2.0774932636413723e-06, 1.9049676893700962e-06, 1.79111918896524e-06, 2.0450411284400616e-06, 1.9050507944484707e-06, 2.087747361656511e-06, 2.0964007489965297e-06, 1.7577236803845153e-06, 1.5298761582016596e-06, 1.4536545904775267e-06, 1.2820647725675371e-06, 1.164576360679348e-06, 1.223077447320975e-06, 1.2028223181914655e-06, 8.497567023368902e-07, 7.38253959298163e-07, 5.975078352093988e-07, 4.2634093233573367e-07, 4.0624988173476595e-07, 2.6566306132735917e-07, 1.474789428357326e-07, 6.321130285869003e-08, 9.968483816180651e-09, 8.252581951140314e-10, 7.019178641098911e-12, 6.768445179328175e-12, 6.5786768393971684e-12, 6.421694339481254e-12, 6.2660315304496894e-12, 6.143556583598775e-12, 6.005146466897537e-12, 5.840773177612224e-12, 5.741092930916514e-12, 5.7004899932378006e-12], "lowlevel.melbands128.stdev": [0.00018649808771442622, 0.002139779506251216, 0.006537340115755796, 0.006740111391991377, 0.0048440927639603615, 0.0028368672356009483, 0.002251593628898263, 0.0014883126132190228, 0.0026622097939252853, 0.003550225170329213, 0.0016410050448030233, 0.0005902523989789188, 0.00046400303835980594, 0.0004298245767131448, 0.00031039229361340404, 0.0003475050034467131, 0.0009260055376216769, 0.0009919493459165096, 0.0010630317265167832, 0.000974896945990622, 0.00035113104968331754, 0.00020805312669835985, 0.00025458872551098466, 0.0004673490475397557, 0.000575188547372818, 0.00046455461415462196, 0.00046807972830720246, 0.0004439275653567165, 0.0006847074837423861, 0.00042060940177179873, 0.0005603038589470088, 0.0005008014268241823, 0.0004269627679605037, 0.00027045924798585474, 0.0002005582646233961, 0.00011827309936052188, 0.00018138794985134155, 0.0002589257201179862, 0.00010858324822038412, 0.0001348550576949492, 0.00015591528790537268, 0.0001772835967130959, 7.88919860497117e-05, 4.793551852344535e-05, 7.323753379750997e-05, 5.469535244628787e-05, 5.4732423450332135e-05, 2.959597077278886e-05, 2.8359605494188145e-05, 2.7258081900072284e-05, 3.47088607668411e-05, 5.2403760491870344e-05, 5.681737093254924e-05, 5.899883035453968e-05, 0.00010953492164844647, 0.00014585914323106408, 0.00011595353862503543, 4.5218046579975635e-05, 3.9916241803439334e-05, 2.0648758436436765e-05, 1.7433849279768765e-05, 1.7858588762464933e-05, 2.0147819668636657e-05, 2.2959162379265763e-05, 1.7974996808334254e-05, 1.7815626051742584e-05, 1.4419571925827768e-05, 1.0299683708581142e-05, 7.5026723607152235e-06, 7.2328502938034944e-06, 6.9789007284271065e-06, 6.28950010650442e-06, 6.6804964262701105e-06, 6.106951332185417e-06, 6.674858923361171e-06, 9.160805348074064e-06, 7.928881132102106e-06, 5.227901965554338e-06, 5.602182227448793e-06, 5.124119070387678e-06, 6.563480837940006e-06, 6.338253115245607e-06, 4.484429155127145e-06, 3.848584583465708e-06, 4.020466803922318e-06, 4.395907581056235e-06, 3.7241420614009257e-06, 3.6429560168471653e-06, 2.919313601523754e-06, 2.5800729872571537e-06, 2.6364052700955654e-06, 1.800996756173845e-06, 1.5834632449696073e-06, 2.0783766103704693e-06, 2.4093419597193133e-06, 1.8823430991687928e-06, 1.5900858443274046e-06, 1.926103550431435e-06, 2.0292416138545377e-06, 1.825038566494186e-06, 1.7616379182072706e-06, 1.7134893823822495e-06, 1.47422588270274e-06, 1.488926386628009e-06, 1.3184023828216596e-06, 1.0620703960739775e-06, 1.0639477068252745e-06, 1.1263374517511693e-06, 8.692170467838878e-07, 7.759703066767543e-07, 5.88146008340118e-07, 4.5673047566197056e-07, 4.4431183710003097e-07, 3.419584118091734e-07, 2.282244793150312e-07, 1.1863788529353769e-07, 3.892660060955677e-08, 5.615578668738408e-09, 9.250624571910393e-12, 8.944821446033036e-12, 8.702156183149068e-12, 8.479060335797595e-12, 8.296402627394617e-12, 8.140962730329715e-12, 8.014239445686133e-12, 7.911713818808952e-12, 7.83695677797347e-12, 7.790849562705482e-12], "lowlevel.mfcc.mean": [-578.4967651367188, 102.93028259277344, 4.231780529022217, 25.700592041015625, 8.160149574279785, 1.1034762859344482, 5.779692649841309, 17.40879249572754, 15.024913787841797, 0.4144054353237152, 4.326387882232666, 6.673051357269287, 4.08388614654541], "lowlevel.spectral_contrast_coeffs.mean": [-0.7314633727073669, -0.7831125855445862, -0.7829464077949524, -0.8107298016548157, -0.7870745658874512, -0.7557190656661987], "lowlevel.spectral_contrast_coeffs.stdev": [0.06165502220392227, 0.05905837565660477, 0.049032725393772125, 0.031532663851976395, 0.024102553725242615, 0.02426658384501934], "lowlevel.spectral_contrast_valleys.mean": [-6.153334617614746, -6.1289381980896, -6.564995765686035, -6.9773664474487305, -6.715116024017334, -9.322731971740723], "lowlevel.spectral_contrast_valleys.stdev": [0.4597751498222351, 0.43473830819129944, 0.422080934047699, 0.3891392946243286, 0.3407514691352844, 0.41754138469696045], "rhythm.beats_loudness_band_ratio.mean": [0.5583947896957397, 0.11850561946630478, 0.14926475286483765, 0.0848025530576706, 0.08349350839853287, 0.052221883088350296], "rhythm.beats_loudness_band_ratio.stdev": [0.1615144908428192, 0.08760297298431396, 0.0982416495680809, 0.07549923658370972, 0.046823810786008835, 0.021525079384446144], "tonal.hpcp.mean": [0.14755193889141083, 0.11498872935771942, 0.13516467809677124, 0.17955446243286133, 0.17493408918380737, 0.137613907456398, 0.13903534412384033, 0.13538384437561035, 0.1145574301481247, 0.10218591243028641, 0.09097164124250412, 0.09781548380851746, 0.11146637797355652, 0.1016010120511055, 0.0962057039141655, 0.1174592673778534, 0.16595499217510223, 0.2384423464536667, 0.2697020173072815, 0.21219715476036072, 0.126618430018425, 0.09109195321798325, 0.07783689349889755, 0.07147800177335739, 0.0899387001991272, 0.09317098557949066, 0.07517839968204498, 0.071214959025383, 0.08399331569671631, 0.09434477239847183, 0.10968039184808731, 0.1235245019197464, 0.1404440701007843, 0.18547308444976807, 0.215718075633049, 0.1974121779203415], "tonal.hpcp.stdev": [0.23462778329849243, 0.20136475563049316, 0.21282677352428436, 0.24880576133728027, 0.25360190868377686, 0.21250560879707336, 0.244734525680542, 0.2580135464668274, 0.2282905876636505, 0.21516089141368866, 0.18688295781612396, 0.20288869738578796, 0.21438683569431305, 0.1977662891149521, 0.1991172432899475, 0.23170137405395508, 0.2590709328651428, 0.294898122549057, 0.31531429290771484, 0.27055323123931885, 0.18781815469264984, 0.19592583179473877, 0.18377408385276794, 0.15780001878738403, 0.17355698347091675, 0.17647483944892883, 0.15322290360927582, 0.15091697871685028, 0.1903163343667984, 0.19335757195949554, 0.21557782590389252, 0.2296089231967926, 0.24662958085536957, 0.27722567319869995, 0.3011206388473511, 0.2800128161907196], "rhythm.beats_position": [0.3599092960357666, 0.7546485066413879, 1.1377778053283691, 1.5325169563293457, 1.904036283493042, 2.252335548400879, 2.600634813308716, 2.9489340782165527, 3.2972335815429688, 3.6571428775787354, 4.005442142486572, 4.36535120010376, 4.713650703430176, 5.061950206756592, 5.41024923324585, 5.758548736572266, 6.106847763061523, 6.4551472663879395, 6.8034467697143555, 7.151745796203613, 7.47682523727417, 7.813514709472656, 8.138593673706055, 8.45206356048584, 8.777142524719238, 9.102222442626953, 9.427301406860352, 9.75238037109375, 10.100680351257324, 10.448979377746582, 10.79727840423584, 11.145578384399414, 11.493877410888672, 11.84217643737793, 12.190476417541504, 12.538775444030762, 12.88707447052002, 13.235373497009277, 13.583673477172852, 13.93197250366211, 14.280271530151367, 14.628571510314941, 14.9768705368042, 15.325169563293457, 15.673469543457031, 16.02176856994629, 16.370067596435547, 16.718366622924805, 17.066665649414062, 17.414966583251953, 17.75165557861328, 18.08834457397461, 18.436643600463867, 18.784942626953125, 19.133241653442383, 19.48154067993164, 19.82984161376953, 20.17814064025879, 20.526439666748047, 20.874738693237305, 21.223037719726562, 21.57133674621582, 21.942855834960938, 22.325986862182617, 22.709115982055664, 23.09224510192871, 23.475374221801758, 23.823673248291016, 24.183582305908203, 24.53188133239746, 24.89179039001465, 25.240089416503906, 25.588390350341797, 25.936689376831055, 26.284988403320312, 26.63328742980957, 26.9699764251709, 27.318275451660156, 27.654966354370117, 28.003265380859375, 28.351564407348633, 28.69986343383789, 29.04816246032715, 29.396461486816406, 29.744760513305664, 30.093061447143555, 30.441360473632812, 30.78965950012207, 31.137958526611328, 31.474647521972656, 31.834556579589844, 32.182857513427734, 32.53115463256836], "rhythm.bpm_histogram": [0.0, 0.0, 0.0, 0.0, 0.0, 0.0, 0.0, 0.0, 0.0, 0.0, 0.0, 0.0, 0.0, 0.0, 0.0, 0.0, 0.0, 0.0, 0.0, 0.0, 0.0, 0.0, 0.0, 0.0, 0.0, 0.0, 0.0, 0.0, 0.0, 0.0, 0.0, 0.0, 0.0, 0.0, 0.0, 0.0, 0.0, 0.0, 0.0, 0.0, 0.0, 0.0, 0.0, 0.0, 0.0, 0.0, 0.0, 0.0, 0.0, 0.0, 0.0, 0.0, 0.0, 0.0, 0.0, 0.0, 0.0, 0.0, 0.0, 0.0, 0.0, 0.0, 0.0, 0.0, 0.0, 0.0, 0.0, 0.0, 0.0, 0.0, 0.0, 0.0, 0.0, 0.0, 0.0, 0.0, 0.0, 0.0, 0.0, 0.0, 0.0, 0.0, 0.0, 0.0, 0.0, 0.0, 0.0, 0.0, 0.0, 0.0, 0.0, 0.0, 0.0, 0.0, 0.0, 0.0, 0.0, 0.0, 0.0, 0.0, 0.0, 0.0, 0.0, 0.0, 0.0, 0.0, 0.0, 0.0, 0.0, 0.0, 0.0, 0.0, 0.0, 0.0, 0.0, 0.0, 0.0, 0.0, 0.0, 0.0, 0.0, 0.0, 0.0, 0.0, 0.0, 0.0, 0.0, 0.0, 0.0, 0.0, 0.0, 0.0, 0.0, 0.0, 0.0, 0.0, 0.0, 0.0, 0.0, 0.0, 0.0, 0.0, 0.0, 0.0, 0.0, 0.0, 0.0, 0.0, 0.0, 0.0, 0.0, 0.0, 0.021739130839705467, 0.0, 0.0, 0.0, 0.0, 0.054347824305295944, 0.0, 0.0, 0.0, 0.021739130839705467, 0.0, 0.0, 0.0, 0.0, 0.0, 0.054347824305295944, 0.0, 0.0, 0.0, 0.0, 0.70652174949646, 0.0, 0.0, 0.0, 0.0, 0.0, 0.06521739065647125, 0.0, 0.0, 0.0, 0.0, 0.0, 0.0, 0.06521739065647125, 0.0, 0.0, 0.0, 0.0, 0.0, 0.010869565419852734, 0.0, 0.0, 0.0, 0.0, 0.0, 0.0, 0.0, 0.0, 0.0, 0.0, 0.0, 0.0, 0.0, 0.0, 0.0, 0.0, 0.0, 0.0, 0.0, 0.0, 0.0, 0.0, 0.0, 0.0, 0.0, 0.0, 0.0, 0.0, 0.0, 0.0, 0.0, 0.0, 0.0, 0.0, 0.0, 0.0, 0.0, 0.0, 0.0, 0.0, 0.0, 0.0, 0.0, 0.0, 0.0, 0.0, 0.0, 0.0, 0.0, 0.0, 0.0, 0.0, 0.0, 0.0, 0.0, 0.0, 0.0, 0.0], "tonal.chords_histogram": [17.090394973754883, 5.508474349975586, 12.570621490478516, 0.0, 0.0, 3.3898305892944336, 0.0, 33.33333206176758, 0.4237288236618042, 1.2711864709854126, 0.0, 16.66666603088379, 7.0621466636657715, 0.0, 0.0, 0.0, 0.0, 1.1299434900283813, 1.2711864709854126, 0.28248587250709534, 0.0, 0.0, 0.0, 0.0], "tonal.thpcp": [1.0, 0.7867836952209473, 0.46947526931762695, 0.3377503454685211, 0.2886033058166504, 0.2650258243083954, 0.333474338054657, 0.345458984375, 0.2787461578845978, 0.26405051350593567, 0.31143006682395935, 0.3498111367225647, 0.40667250752449036, 0.4580036401748657, 0.5207379460334778, 0.6876963376998901, 0.7998385429382324, 0.7319640517234802, 0.5470924377441406, 0.4263547360897064, 0.5011630058288574, 0.6657512784004211, 0.6486198902130127, 0.5102442502975464, 0.5155146718025208, 0.5019756555557251, 0.4247555434703827, 0.378884494304657, 0.3373042643070221, 0.3626798391342163, 0.41329455375671387, 0.3767158091068268, 0.35671108961105347, 0.43551498651504517, 0.6153272390365601, 0.8840955495834351], "lowlevel.gfcc.cov": [[1217.5677490234375, -0.7670514583587646, 43.7400016784668, -39.40895080566406, -20.16629409790039, 10.686944007873535, -27.65529441833496, -29.298442840576172, -31.240070343017578, 31.228342056274414, -8.152165412902832, 39.44858932495117, -21.815221786499023], [-0.7670514583587646, 246.63975524902344, -60.04783248901367, 28.993295669555664, 0.9135251641273499, -49.179019927978516, 0.33218294382095337, -50.711666107177734, 4.886319160461426, -36.339237213134766, 11.66409969329834, -40.56026840209961, 19.924875259399414], [43.7400016784668, -60.04783248901367, 194.42181396484375, 35.989341735839844, 30.766681671142578, -7.067614555358887, -7.601984977722168, 14.630697250366211, -5.843059062957764, 11.628917694091797, -28.830116271972656, 16.809202194213867, -0.7929287552833557], [-39.40895080566406, 28.993295669555664, 35.989341735839844, 120.76177978515625, 9.474251747131348, -12.052319526672363, -5.110330581665039, 4.142892360687256, 27.444089889526367, -14.214286804199219, -1.7714040279388428, -23.184289932250977, 7.597568988800049], [-20.16629409790039, 0.9135251641273499, 30.766681671142578, 9.474251747131348, 83.56385803222656, 38.20589828491211, 38.022865295410156, 25.14177703857422, 8.271002769470215, 4.5828399658203125, -7.670558452606201, 2.7057154178619385, 2.5984416007995605], [10.686944007873535, -49.179019927978516, -7.067614555358887, -12.052319526672363, 38.20589828491211, 110.02125549316406, 69.54951477050781, 43.016815185546875, 7.377716064453125, 17.05669593811035, 21.81130027770996, 9.739633560180664, -4.3350419998168945], [-27.65529441833496, 0.33218294382095337, -7.601984977722168, -5.110330581665039, 38.022865295410156, 69.54951477050781, 98.48619842529297, 52.820953369140625, 18.22757339477539, 9.21807861328125, 13.358390808105469, 4.959433555603027, 1.9302150011062622], [-29.298442840576172, -50.711666107177734, 14.630697250366211, 4.142892360687256, 25.14177703857422, 43.016815185546875, 52.820953369140625, 99.2993392944336, 50.559654235839844, 25.248641967773438, 4.419951915740967, 13.592876434326172, 7.456034183502197], [-31.240070343017578, 4.886319160461426, -5.843059062957764, 27.444089889526367, 8.271002769470215, 7.377716064453125, 18.22757339477539, 50.559654235839844, 75.78985595703125, 30.345731735229492, 15.297825813293457, 0.4089307188987732, 8.431845664978027], [31.228342056274414, -36.339237213134766, 11.628917694091797, -14.214286804199219, 4.5828399658203125, 17.05669593811035, 9.21807861328125, 25.248641967773438, 30.345731735229492, 61.393009185791016, 35.88623809814453, 21.565860748291016, -7.972945213317871], [-8.152165412902832, 11.66409969329834, -28.830116271972656, -1.7714040279388428, -7.670558452606201, 21.81130027770996, 13.358390808105469, 4.419951915740967, 15.297825813293457, 35.88623809814453, 71.87079620361328, 28.58494758605957, -2.0420732498168945], [39.44858932495117, -40.56026840209961, 16.809202194213867, -23.184289932250977, 2.7057154178619385, 9.739633560180664, 4.959433555603027, 13.592876434326172, 0.4089307188987732, 21.565860748291016, 28.58494758605957, 58.22095489501953, 15.764274597167969], [-21.815221786499023, 19.924875259399414, -0.7929287552833557, 7.597568988800049, 2.5984416007995605, -4.3350419998168945, 1.9302150011062622, 7.456034183502197, 8.431845664978027, -7.972945213317871, -2.0420732498168945, 15.764274597167969, 44.29695129394531]], "lowlevel.gfcc.icov": [[0.0010375475976616144, -0.0011650454252958298, 6.722044781781733e-05, -0.0004932960728183389, 0.0009298014338128269, -0.001447885762900114, 0.0007495786412619054, -1.1145032203785377e-06, 0.0006055357516743243, -0.0018250823486596346, 0.0025763935409486294, -0.0025915151927620173, 0.0014893829356878996], [-0.0011650454252958298, 0.012126459740102291, -0.00018191082926932722, 0.0030304179526865482, -0.005370709113776684, 0.009764229878783226, -0.006855005864053965, 0.006092515308409929, -0.005085575859993696, 0.009369447827339172, -0.01428519282490015, 0.01431915070861578, -0.009107445366680622], [6.722044781781733e-05, -0.00018191082926932722, 0.008995003998279572, -0.0056187426671385765, -0.001814305316656828, 0.0005967714241705835, 0.0003247252316214144, -0.0012333827326074243, 0.00462587783113122, -0.007326763588935137, 0.008645621128380299, -0.0069389864802360535, 0.0022666440345346928], [-0.0004932960728183389, 0.0030304179526865482, -0.0056187426671385765, 0.015903258696198463, -0.003136776154860854, 0.0029636509716510773, 0.00022896510199643672, 0.001882786862552166, -0.009739238768815994, 0.01281000580638647, -0.013432678766548634, 0.012961037456989288, -0.00535937212407589], [0.0009298014338128269, -0.005370709113776684, -0.001814305316656828, -0.003136776154860854, 0.01992405578494072, -0.008868874050676823, -0.0018284973921254277, -0.0009529953240416944, 0.001297885668464005, -0.006445659790188074, 0.011875384487211704, -0.008641337044537067, 0.00379810924641788], [-0.001447885762900114, 0.009764229878783226, 0.0005967714241705835, 0.0029636509716510773, -0.008868874050676823, 0.027663594111800194, -0.015422981232404709, -6.970638787606731e-05, 0.0015204958617687225, 0.005762230604887009, -0.01678316853940487, 0.013794991187751293, -0.006626686081290245], [0.0007495786412619054, -0.006855005864053965, 0.0003247252316214144, 0.00022896510199643672, -0.0018284973921254277, -0.015422981232404709, 0.027855586260557175, -0.012294325977563858, 0.0029554010834544897, -9.114645945373923e-05, 0.00273756287060678, -0.004548012278974056, 0.004038361366838217], [-1.1145032203785377e-06, 0.006092515308409929, -0.0012333827326074243, 0.001882786862552166, -0.0009529953240416944, -6.970638787606731e-05, -0.012294325977563858, 0.02939341776072979, -0.0187105443328619, 0.0021166543010622263, 0.0023799575865268707, -0.0014493970666080713, -0.00288064731284976], [0.0006055357516743243, -0.005085575859993696, 0.00462587783113122, -0.009739238768815994, 0.001297885668464005, 0.0015204958617687225, 0.0029554010834544897, -0.0187105443328619, 0.037318211048841476, -0.02214614860713482, 0.005430234130471945, 0.0009211764554493129, -0.0037348270416259766], [-0.0018250823486596346, 0.009369447827339172, -0.007326763588935137, 0.01281000580638647, -0.006445659790188074, 0.005762230604887009, -9.114645945373923e-05, 0.0021166543010622263, -0.02214614860713482, 0.05129445344209671, -0.03181234747171402, 0.010197675786912441, 0.0015004818560555577], [0.0025763935409486294, -0.01428519282490015, 0.008645621128380299, -0.013432678766548634, 0.011875384487211704, -0.01678316853940487, 0.00273756287060678, 0.0023799575865268707, 0.005430234130471945, -0.03181234747171402, 0.0557810515165329, -0.038243453949689865, 0.016716009005904198], [-0.0025915151927620173, 0.01431915070861578, -0.0069389864802360535, 0.012961037456989288, -0.008641337044537067, 0.013794991187751293, -0.004548012278974056, -0.0014493970666080713, 0.0009211764554493129, 0.010197675786912441, -0.038243453949689865, 0.05756146088242531, -0.028352905064821243], [0.0014893829356878996, -0.009107445366680622, 0.0022666440345346928, -0.00535937212407589, 0.00379810924641788, -0.006626686081290245, 0.004038361366838217, -0.00288064731284976, -0.0037348270416259766, 0.0015004818560555577, 0.016716009005904198, -0.028352905064821243, 0.03964407369494438]], "lowlevel.mfcc.cov": [[971.4474487304688, 18.98711395263672, 3.2320942878723145, -20.658227920532227, -16.999168395996094, 26.367692947387695, -16.25037956237793, -33.862918853759766, -65.5634765625, -24.25998878479004, 7.420742988586426, -23.669095993041992, -10.4686918258667], [18.98711395263672, 186.8011932373047, -37.97992706298828, 18.953720092773438, -9.649277687072754, 2.9572701454162598, -2.3285703659057617, -17.501693725585938, -13.421921730041504, -9.34070110321045, -19.586795806884766, -18.272005081176758, -13.444470405578613], [3.2320942878723145, -37.97992706298828, 132.75851440429688, 46.65166091918945, 21.18073844909668, -4.196031093597412, -11.810344696044922, -7.792135715484619, 5.51515531539917, -3.3662617206573486, -5.9792351722717285, 2.0268027782440186, 3.5584230422973633], [-20.658227920532227, 18.953720092773438, 46.65166091918945, 116.55023956298828, 28.91888999938965, -9.815253257751465, -32.993228912353516, -10.417689323425293, 8.867505073547363, 1.632710337638855, -11.207476615905762, -8.60622501373291, -4.347302436828613], [-16.999168395996094, -9.649277687072754, 21.18073844909668, 28.91888999938965, 58.62661361694336, 8.746212005615234, -4.298740386962891, 2.2092888355255127, 15.96371841430664, 7.916179656982422, -3.4521515369415283, 1.8322770595550537, -1.3260900974273682], [26.367692947387695, 2.9572701454162598, -4.196031093597412, -9.815253257751465, 8.746212005615234, 59.42759704589844, 37.465965270996094, 11.030356407165527, -6.622089862823486, 5.166894435882568, 8.682168960571289, -1.0843091011047363, -2.8259425163269043], [-16.25037956237793, -2.3285703659057617, -11.810344696044922, -32.993228912353516, -4.298740386962891, 37.465965270996094, 87.6087646484375, 42.63606262207031, 12.23050594329834, 6.736782073974609, 13.589056968688965, 12.751553535461426, 9.680895805358887], [-33.862918853759766, -17.501693725585938, -7.792135715484619, -10.417689323425293, 2.2092888355255127, 11.030356407165527, 42.63606262207031, 67.69132995605469, 42.3103141784668, 15.17142391204834, 9.501091003417969, 13.78892993927002, 13.759794235229492], [-65.5634765625, -13.421921730041504, 5.51515531539917, 8.867505073547363, 15.96371841430664, -6.622089862823486, 12.23050594329834, 42.3103141784668, 87.22502899169922, 35.10885238647461, 2.720628023147583, 6.7944440841674805, 9.138747215270996], [-24.25998878479004, -9.34070110321045, -3.3662617206573486, 1.632710337638855, 7.916179656982422, 5.166894435882568, 6.736782073974609, 15.17142391204834, 35.10885238647461, 53.85911560058594, 21.567649841308594, 3.55954647064209, -2.886518955230713], [7.420742988586426, -19.586795806884766, -5.9792351722717285, -11.207476615905762, -3.4521515369415283, 8.682168960571289, 13.589056968688965, 9.501091003417969, 2.720628023147583, 21.567649841308594, 65.93697357177734, 36.66386795043945, 18.51337432861328], [-23.669095993041992, -18.272005081176758, 2.0268027782440186, -8.60622501373291, 1.8322770595550537, -1.0843091011047363, 12.751553535461426, 13.78892993927002, 6.7944440841674805, 3.55954647064209, 36.66386795043945, 64.53846740722656, 35.81425094604492], [-10.4686918258667, -13.444470405578613, 3.5584230422973633, -4.347302436828613, -1.3260900974273682, -2.8259425163269043, 9.680895805358887, 13.759794235229492, 9.138747215270996, -2.886518955230713, 18.51337432861328, 35.81425094604492, 55.376033782958984]], "lowlevel.mfcc.icov": [[0.0011308752000331879, -0.00013321814185474068, -0.00022371842351276428, 0.0003103358030784875, 0.00011815653851954266, -0.0006731685134582222, 0.0005713923601433635, -0.00016552882152609527, 0.0006281184614636004, 0.00024377441150136292, -0.000564824091270566, 0.0006990134133957326, -0.0002243037015432492], [-0.00013321814185474068, 0.006671084091067314, 0.002686820924282074, -0.0026237410493195057, 0.0014288517413660884, -0.0004226497549097985, -0.0017642067978158593, 0.0026313159614801407, -0.0005327306571416557, 0.00033978125429712236, 0.0017178653506562114, -3.775666846195236e-05, 0.0004387943190522492], [-0.00022371842351276428, 0.002686820924282074, 0.010193192400038242, -0.004366709850728512, -0.0011615040712058544, 0.0002602786698844284, -0.0016520825447514653, 0.0026891836896538734, -0.0011594354873523116, 0.0010727329645305872, 0.0011047448497265577, -0.0007763591129332781, -0.00040168172563426197], [0.0003103358030784875, -0.0026237410493195057, -0.004366709850728512, 0.013349916785955429, -0.004902978427708149, -0.0002236730942968279, 0.0052771554328501225, -0.0021473115775734186, -3.3248401450691745e-05, -0.00019146742124576122, -0.0005441478569991887, 0.0014593820087611675, -0.000533943297341466], [0.00011815653851954266, 0.0014288517413660884, -0.0011615040712058544, -0.004902978427708149, 0.022933121770620346, -0.006695660762488842, 0.0017494979547336698, 0.0018461354775354266, -0.004504176788032055, -0.0010702249128371477, 0.0031319553963840008, -0.00381099758669734, 0.0016070931451395154], [-0.0006731685134582222, -0.0004226497549097985, 0.0002602786698844284, -0.0002236730942968279, -0.006695660762488842, 0.027798166498541832, -0.013305988162755966, 0.000454018241725862, 0.005380698479712009, -0.0030728920828551054, -0.0028066597878932953, 0.0035300112795084715, 0.0008145912433974445], [0.0005713923601433635, -0.0017642067978158593, -0.0016520825447514653, 0.0052771554328501225, 0.0017494979547336698, -0.013305988162755966, 0.0262583177536726, -0.0147573072463274, 0.0017284529749304056, 0.0008034321363084018, -0.0007000861805863678, -0.001421112334355712, -0.00045082904398441315], [-0.00016552882152609527, 0.0026313159614801407, 0.0026891836896538734, -0.0021473115775734186, 0.0018461354775354266, 0.000454018241725862, -0.0147573072463274, 0.03410870581865311, -0.015033170580863953, 0.0022630139719694853, 0.00020383947412483394, -0.001682944712229073, -0.0019426801009103656], [0.0006281184614636004, -0.0005327306571416557, -0.0011594354873523116, -3.3248401450691745e-05, -0.004504176788032055, 0.005380698479712009, 0.0017284529749304056, -0.015033170580863953, 0.026584763079881668, -0.01538035273551941, 0.005366628523916006, 6.920732994331047e-05, -0.003366666380316019], [0.00024377441150136292, 0.00033978125429712236, 0.0010727329645305872, -0.00019146742124576122, -0.0010702249128371477, -0.0030728920828551054, 0.0008034321363084018, 0.0022630139719694853, -0.01538035273551941, 0.03441573679447174, -0.014647330157458782, 0.0044454229064285755, 0.0055134291760623455], [-0.000564824091270566, 0.0017178653506562114, 0.0011047448497265577, -0.0005441478569991887, 0.0031319553963840008, -0.0028066597878932953, -0.0007000861805863678, 0.00020383947412483394, 0.005366628523916006, -0.014647330157458782, 0.03029915876686573, -0.016243688762187958, -0.0010731646325439215], [0.0006990134133957326, -3.775666846195236e-05, -0.0007763591129332781, 0.0014593820087611675, -0.00381099758669734, 0.0035300112795084715, -0.001421112334355712, -0.001682944712229073, 6.920732994331047e-05, 0.0044454229064285755, -0.016243688762187958, 0.034359607845544815, -0.015528110787272453], [-0.0002243037015432492, 0.0004387943190522492, -0.00040168172563426197, -0.000533943297341466, 0.0016070931451395154, 0.0008145912433974445, -0.00045082904398441315, -0.0019426801009103656, -0.003366666380316019, 0.0055134291760623455, -0.0010731646325439215, -0.015528110787272453, 0.029992489144206047]], "metadata.audio_properties.analysis.downmix": "mix", "metadata.audio_properties.codec": "mp3", "metadata.audio_properties.md5_encoded": 