{"song_id": "1183700613071110215", "download": "https://cdn.discordapp.com/attachments/1128313332273782784/1183700613071110215/chirp.mp4?ex=65894a1a&amp", "lyrics": "[Verse]\nColin ist schlau, he's got it all\nHis intellect shines, he stands tall\nWith a mind so sharp, he conquers it all\nColin ist schlau, he'll never fall\n\n[Chorus]\nColin ist schlau, oh, he's so bright\nHe's a shining star, day and night\nWith wisdom and wit, he takes flight\nColin ist schlau, his future is bright", "style": ["pop"], "essentia_features": {"lowlevel.average_loudness": 0.9765864014625549, "lowlevel.barkbands_crest.mean": 11.957772254943848, "lowlevel.barkbands_crest.stdev": 3.637927770614624, "lowlevel.barkbands_flatness_db.mean": 0.19361846148967743, "lowlevel.barkbands_flatness_db.stdev": 0.039257388561964035, "lowlevel.barkbands_kurtosis.mean": 8.041667938232422, "lowlevel.barkbands_kurtosis.stdev": 8.827219009399414, "lowlevel.barkbands_skewness.mean": 2.2219791412353516, "lowlevel.barkbands_skewness.stdev": 1.3556938171386719, "lowlevel.barkbands_spread.mean": 14.474929809570312, "lowlevel.barkbands_spread.stdev": 13.644800186157227, "lowlevel.dissonance.mean": 0.45135965943336487, "lowlevel.dissonance.stdev": 0.03831004351377487, "lowlevel.dynamic_complexity": 1.9961260557174683, "lowlevel.erbbands_crest.mean": 11.18134880065918, "lowlevel.erbbands_crest.stdev": 5.76064395904541, "lowlevel.erbbands_flatness_db.mean": 0.1809149533510208, "lowlevel.erbbands_flatness_db.stdev": 0.04498905688524246, "lowlevel.erbbands_kurtosis.mean": 0.5670230388641357, "lowlevel.erbbands_kurtosis.stdev": 2.3894832134246826, "lowlevel.erbbands_skewness.mean": 0.36433520913124084, "lowlevel.erbbands_skewness.stdev": 0.7910014390945435, "lowlevel.erbbands_spread.mean": 42.40834045410156, "lowlevel.erbbands_spread.stdev": 25.098873138427734, "lowlevel.hfc.mean": 17.687408447265625, "lowlevel.hfc.stdev": 11.286748886108398, "lowlevel.loudness_ebu128.integrated": -14.824719429016113, "lowlevel.loudness_ebu128.loudness_range": 1.1714277267456055, "lowlevel.loudness_ebu128.momentary.mean": -15.014172554016113, "lowlevel.loudness_ebu128.momentary.stdev": 1.3840601444244385, "lowlevel.loudness_ebu128.short_term.mean": -14.771678924560547, "lowlevel.loudness_ebu128.short_term.stdev": 0.37819910049438477, "lowlevel.melbands_crest.mean": 15.294805526733398, "lowlevel.melbands_crest.stdev": 4.282360076904297, "lowlevel.melbands_flatness_db.mean": 0.2574515640735626, "lowlevel.melbands_flatness_db.stdev": 0.04933980479836464, "lowlevel.melbands_kurtosis.mean": 24.63698387145996, "lowlevel.melbands_kurtosis.stdev": 26.03741455078125, "lowlevel.melbands_skewness.mean": 3.6242117881774902, "lowlevel.melbands_skewness.stdev": 2.2438526153564453, "lowlevel.melbands_spread.mean": 13.217498779296875, "lowlevel.melbands_spread.stdev": 12.444994926452637, "lowlevel.pitch_salience.mean": 0.5089790225028992, "lowlevel.pitch_salience.stdev": 0.09378901869058609, "lowlevel.silence_rate_20dB.mean": 1.0, "lowlevel.silence_rate_20dB.stdev": 0.0, "lowlevel.silence_rate_30dB.mean": 0.9992542862892151, "lowlevel.silence_rate_30dB.stdev": 0.027297265827655792, "lowlevel.silence_rate_60dB.mean": 0.0014914242783561349, "lowlevel.silence_rate_60dB.stdev": 0.038590192794799805, "lowlevel.spectral_centroid.mean": 837.9867553710938, "lowlevel.spectral_centroid.stdev": 494.44036865234375, "lowlevel.spectral_complexity.mean": 14.095451354980469, "lowlevel.spectral_complexity.stdev": 5.385769367218018, "lowlevel.spectral_decrease.mean": -1.0025994257034654e-08, "lowlevel.spectral_decrease.stdev": 5.497095667550411e-09, "lowlevel.spectral_energy.mean": 0.039444733411073685, "lowlevel.spectral_energy.stdev": 0.021304478868842125, "lowlevel.spectral_energyband_high.mean": 0.00047839267062954605, "lowlevel.spectral_energyband_high.stdev": 0.0010628649033606052, "lowlevel.spectral_energyband_low.mean": 0.015476466156542301, "lowlevel.spectral_energyband_low.stdev": 0.013528579846024513, "lowlevel.spectral_energyband_middle_high.mean": 0.004933093208819628, "lowlevel.spectral_energyband_middle_high.stdev": 0.007258642464876175, "lowlevel.spectral_energyband_middle_low.mean": 0.021486496552824974, "lowlevel.spectral_energyband_middle_low.stdev": 0.014157225377857685, "lowlevel.spectral_entropy.mean": 7.276655673980713, "lowlevel.spectral_entropy.stdev": 0.43312665820121765, "lowlevel.spectral_flux.mean": 0.0767025351524353, "lowlevel.spectral_flux.stdev": 0.03628663718700409, "lowlevel.spectral_kurtosis.mean": 5.341826438903809, "lowlevel.spectral_kurtosis.stdev": 3.176849126815796, "lowlevel.spectral_rms.mean": 0.00595242902636528, "lowlevel.spectral_rms.stdev": 0.0017467932775616646, "lowlevel.spectral_rolloff.mean": 836.5174560546875, "lowlevel.spectral_rolloff.stdev": 1247.9324951171875, "lowlevel.spectral_skewness.mean": 1.6492016315460205, "lowlevel.spectral_skewness.stdev": 0.488264262676239, "lowlevel.spectral_spread.mean": 4022217.5, "lowlevel.spectral_spread.stdev": 1470589.875, "lowlevel.spectral_strongpeak.mean": 1.2198710441589355, "lowlevel.spectral_strongpeak.stdev": 1.2814078330993652, "lowlevel.zerocrossingrate.mean": 0.03821519762277603, "lowlevel.zerocrossingrate.stdev": 0.029339628294110298, "metadata.audio_properties.analysis.equal_loudness": 0.0, "metadata.audio_properties.analysis.length": 31.10399055480957, "metadata.audio_properties.analysis.sample_rate": 44100.0, "metadata.audio_properties.analysis.start_time": 0.0, "metadata.audio_properties.bit_rate": 119587.0, "metadata.audio_properties.length": 31.104000091552734, "metadata.audio_properties.lossless": 0.0, "metadata.audio_properties.number_channels": 1.0, "metadata.audio_properties.replay_gain": -11.156412124633789, "metadata.audio_properties.sample_rate": 48000.0, "rhythm.beats_count": 64.0, "rhythm.beats_loudness.mean": 0.06188100576400757, "rhythm.beats_loudness.stdev": 0.01601989008486271, "rhythm.bpm": 124.28872680664062, "rhythm.bpm_histogram_first_peak_bpm": 123.0, "rhythm.bpm_histogram_first_peak_weight": 0.41379308700561523, "rhythm.bpm_histogram_second_peak_bpm": 129.0, "rhythm.bpm_histogram_second_peak_spread": 0.0, "rhythm.bpm_histogram_second_peak_weight": 0.0793650820851326, "rhythm.danceability": 1.5267531871795654, "rhythm.onset_rate": 3.855254650115967, "tonal.chords_changes_rate": 0.07302533835172653, "tonal.chords_number_rate": 0.0119225038215518, "tonal.chords_strength.mean": 0.5636415481567383, "tonal.chords_strength.stdev": 0.09093795716762543, "tonal.hpcp_crest.mean": 13.45131778717041, "tonal.hpcp_crest.stdev": 6.771362781524658, "tonal.hpcp_entropy.mean": 2.080040693283081, "tonal.hpcp_entropy.stdev": 0.8411929607391357, "tonal.key_edma.strength": 0.7760046124458313, "tonal.key_krumhansl.strength": 0.7662854194641113, "tonal.key_temperley.strength": 0.752384603023529, "tonal.tuning_diatonic_strength": 0.7122202515602112, "tonal.tuning_equal_tempered_deviation": 0.09506706148386002, "tonal.tuning_frequency": 438.98455810546875, "tonal.tuning_nontempered_energy_ratio": 0.7635380029678345, "lowlevel.barkbands.mean": [3.340056355227716e-05, 0.006390896625816822, 0.006516290362924337, 0.006267157383263111, 0.008034857921302319, 0.0008177005220204592, 0.0023460988886654377, 0.001995235914364457, 0.0014952386263757944, 0.002182719996199012, 0.00042846755241043866, 0.00060801743529737, 0.0003166123933624476, 0.00032810086850076914, 0.0003267442516516894, 0.00033525688922964036, 0.00024413932987954468, 0.00014394894242286682, 0.00010928549454547465, 0.00011397000344004482, 9.552169649396092e-05, 8.310317934956402e-05, 8.26422983664088e-05, 8.846101991366595e-05, 5.440905079012737e-05, 6.428845608752454e-06, 6.955800557761904e-08], "lowlevel.barkbands.stdev": [5.565020546782762e-05, 0.007917193695902824, 0.008452811278402805, 0.007005688268691301, 0.007806126959621906, 0.002327838446944952, 0.006566700525581837, 0.0057052006013691425, 0.0034945171792060137, 0.00603581964969635, 0.001790132257156074, 0.0012130455579608679, 0.0006663699168711901, 0.0005799548234790564, 0.0005188703071326017, 0.0004955637850798666, 0.00039247103268280625, 0.00019136437913402915, 0.0001079480498447083, 0.00019855654682032764, 0.00019089636043645442, 0.00020173688244540244, 0.00024887602194212377, 0.0002877023071050644, 0.00017700574244372547, 1.9017148588318378e-05, 2.7659683610181673e-07], "lowlevel.erbbands.mean": [0.07549307495355606, 1.8458367586135864, 7.394034385681152, 13.779749870300293, 19.990097045898438, 32.85942840576172, 22.518491744995117, 4.922114372253418, 14.487259864807129, 57.0814094543457, 39.14945983886719, 34.71901321411133, 64.51556396484375, 41.40767288208008, 23.993806838989258, 18.09716033935547, 15.603501319885254, 14.06815242767334, 17.318387985229492, 18.896047592163086, 20.051570892333984, 14.846683502197266, 8.243221282958984, 7.192921161651611, 4.49430513381958, 5.397538185119629, 4.7928643226623535, 3.2965428829193115, 3.0339934825897217, 2.461637258529663, 2.3350329399108887, 1.8540148735046387, 1.524241328239441, 0.8653165698051453, 0.23226487636566162, 0.05165605992078781, 0.006779182236641645, 0.000555629376322031, 3.6448804166866466e-05, 4.644055661628954e-05], "lowlevel.erbbands.stdev": [0.08622217923402786, 2.183293104171753, 8.131460189819336, 13.055388450622559, 20.176267623901367, 40.0968132019043, 37.00212860107422, 12.134724617004395, 35.22966766357422, 149.43289184570312, 111.35884094238281, 84.11743927001953, 165.9143524169922, 116.23624420166016, 50.08987808227539, 34.293888092041016, 30.5255069732666, 22.03279685974121, 27.888307571411133, 32.67176055908203, 29.231616973876953, 22.72576141357422, 12.1499662399292, 7.135132789611816, 5.729927062988281, 9.395696640014648, 8.672079086303711, 6.61692476272583, 7.296703815460205, 7.06937837600708, 7.035759449005127, 5.828417778015137, 5.173368453979492, 2.899264335632324, 0.7238858342170715, 0.15154358744621277, 0.021178128197789192, 0.0016501492355018854, 4.737803101306781e-05, 2.3814152882550843e-05], "lowlevel.gfcc.mean": [-12.071381568908691, 121.01748657226562, -118.49847412109375, 46.66081237792969, -48.93550109863281, 17.73487091064453, -41.598602294921875, 2.3556067943573, -26.977806091308594, -12.342999458312988, -19.94890785217285, -16.943103790283203, -4.04123592376709], "lowlevel.melbands.mean": [0.0012483231257647276, 0.0034241899847984314, 0.002693388843908906, 0.0018102782778441906, 0.0010147849097847939, 0.00010790482338052243, 0.0002952398790512234, 0.0006161238998174667, 0.0002874045167118311, 0.0002086373424390331, 0.0003344315628055483, 0.0001910475257318467, 7.194053614512086e-05, 7.492979057133198e-05, 2.940625199698843e-05, 3.318576273159124e-05, 2.566462535469327e-05, 2.9812537832185626e-05, 2.38736374740256e-05, 2.170864536310546e-05, 2.372365997871384e-05, 1.6363199392799288e-05, 9.031906301970594e-06, 6.071628831705311e-06, 5.972755843686173e-06, 3.3047508622985333e-06, 3.1433735330210766e-06, 3.7190936836850597e-06, 3.2138659662450664e-06, 2.3350000901700696e-06, 1.8211089809483383e-06, 1.8195619304606225e-06, 1.4311679024103796e-06, 1.3362670188143966e-06, 1.3468392126014805e-06, 1.2757143394992454e-06, 1.085309122572653e-06, 1.1141293043692713e-06, 9.198330417348188e-07, 6.645115604442253e-07], "lowlevel.melbands.stdev": [0.001499059610068798, 0.0032426570542156696, 0.0024741352535784245, 0.0017842105589807034, 0.0013338836142793298, 0.00030374800553545356, 0.0007557077915407717, 0.0014771271962672472, 0.0008032874320633709, 0.0005035596550442278, 0.0008826219127513468, 0.0005408740835264325, 0.00020983783178962767, 0.00016296551621053368, 6.0204725741641596e-05, 6.868036871310323e-05, 4.340653686085716e-05, 5.5927070206962526e-05, 4.098601857549511e-05, 3.316996662761085e-05, 3.7813326343894005e-05, 2.7207430321141146e-05, 1.563716068631038e-05, 8.07356718723895e-06, 6.155314167699544e-06, 3.7627473830070812e-06, 5.849524768564152e-06, 6.647332156717312e-06, 5.644402790494496e-06, 5.303427315084264e-06, 3.673515720947762e-06, 4.351433290139539e-06, 3.896416274073999e-06, 4.066976998728933e-06, 4.130695288040442e-06, 4.0626082409289666e-06, 3.473089009276009e-06, 3.77424294129014e-06, 3.2779862522147596e-06, 2.2020572032488417e-06], "lowlevel.melbands128.mean": [2.0266728824935853e-05, 0.00022234862262848765, 0.0015514992410317063, 0.003571648383513093, 0.004032567609101534, 0.002970258705317974, 0.002551610115915537, 0.0034715025685727596, 0.0016227227170020342, 0.0015497481217607856, 0.002072117757052183, 0.0016053883591666818, 0.0007536131888628006, 0.0002424926933599636, 8.276216249214485e-05, 3.7855843402212486e-05, 7.640144031029195e-05, 0.0002515027008485049, 0.0006460785516537726, 0.0007876805611886084, 0.0004997621290385723, 0.0004789551894646138, 0.00016733683878555894, 0.00022264210565481335, 0.0002594494726508856, 0.00015848402108531445, 0.00022043146600481123, 0.0003549075627233833, 0.00048244165373034775, 0.00021925997862126678, 9.745753050083295e-05, 7.974803884280846e-05, 5.803928434033878e-05, 6.595106970053166e-05, 0.00012805247388314456, 5.782966036349535e-05, 2.8674254281213507e-05, 2.626284367579501e-05, 2.7293668608763255e-05, 4.4797230657422915e-05, 3.147492680000141e-05, 2.2556894691661e-05, 2.346805740671698e-05, 2.3015416445559822e-05, 4.311930024414323e-05, 2.9683438697247766e-05, 1.935539512487594e-05, 1.588138002261985e-05, 3.168893454130739e-05, 3.153051147819497e-05, 1.2383583452901803e-05, 1.975501982087735e-05, 3.464923065621406e-05, 1.757366771926172e-05, 1.6755440810811706e-05, 2.0438428691704758e-05, 1.2506950042734388e-05, 8.484353202220518e-06, 8.956605597632006e-06, 7.358075436059153e-06, 5.014765520172659e-06, 5.430470537248766e-06, 7.837036719138268e-06, 5.817168585053878e-06, 3.7636657452821964e-06, 3.1251465770765208e-06, 3.188229584338842e-06, 2.748270844676881e-06, 3.079151383644785e-06, 3.7496463392017176e-06, 3.600759328037384e-06, 3.818466211669147e-06, 3.840192221105099e-06, 2.981604893648182e-06, 2.650353280841955e-06, 2.793479097817908e-06, 1.9374815565242898e-06, 1.5450841601705179e-06, 1.8516220734454691e-06, 2.0088655219296925e-06, 2.059336338788853e-06, 1.6544938716833713e-06, 1.4794513845117763e-06, 1.4261578371588257e-06, 1.3489113825926324e-06, 1.3774678109257366e-06, 1.2423294037944288e-06, 1.4432509942707838e-06, 1.3389848163569695e-06, 1.3088201740174554e-06, 1.3562756748797256e-06, 1.3095389022055315e-06, 1.0429849908177857e-06, 1.0941394066321664e-06, 1.0507042134122457e-06, 1.1743455843316042e-06, 1.1351248758728616e-06, 1.0554114169281092e-06, 8.674904279359907e-07, 9.038772077474277e-07, 8.480997735205165e-07, 5.867873937859258e-07, 5.049389528721804e-07, 4.026840372262086e-07, 1.944582237456416e-07, 1.2896470025225426e-07, 1.3801486886677594e-07, 1.4142025861474394e-07, 7.532289458822561e-08, 4.765909977777483e-08, 3.1686692381072135e-08, 1.826617435085609e-08, 2.0498433173088415e-08, 1.1662698362613355e-08, 6.2130673939009284e-09, 4.2798711241687215e-09, 2.7861513096638646e-09, 2.798893894429e-10, 4.9842595328808414e-12, 4.846228019578236e-12, 4.726037269864314e-12, 4.632836215351377e-12, 4.536637992352821e-12, 4.454068624343277e-12, 4.357370367302771e-12, 4.239833744507093e-12, 4.1691411607758244e-12, 4.1414658161209594e-12], "lowlevel.melbands128.stdev": [4.697316762758419e-05, 0.0004265230963937938, 0.001972687430679798, 0.004644060041755438, 0.004360849037766457, 0.004058303777128458, 0.0025474324356764555, 0.003939082380384207, 0.0022371127270162106, 0.002378875156864524, 0.0030422559939324856, 0.002240668749436736, 0.001669129473157227, 0.000875223835464567, 0.0003247534914407879, 0.00013461447088047862, 0.00028586876578629017, 0.0008190777734853327, 0.002148941857740283, 0.002586038550361991, 0.0015221578069031239, 0.0018298893701285124, 0.0008846640703268349, 0.0007896327297203243, 0.0009512385004200041, 0.00048632072866894305, 0.0007828393718227744, 0.0012371252523735166, 0.0016705227317288518, 0.0008755557937547565, 0.0004924851236864924, 0.00052839913405478, 0.0002440488460706547, 0.00018587976228445768, 0.0003198492049705237, 0.00020935536304023117, 7.308892963919789e-05, 7.98850815044716e-05, 0.00010738827404566109, 0.00011406509293010458, 9.666762343840674e-05, 7.770739466650411e-05, 7.041973003651947e-05, 4.441149576450698e-05, 0.00012160580808995292, 7.051647844491526e-05, 4.3694850319297984e-05, 3.362996721989475e-05, 8.265654469141737e-05, 8.110260387184098e-05, 2.7272266379441135e-05, 3.3128151699202135e-05, 7.37426889827475e-05, 3.09158131130971e-05, 3.569558612070978e-05, 4.550193625618704e-05, 3.14080280077178e-05, 2.3659436919842847e-05, 1.662166505411733e-05, 1.7202793969772756e-05, 9.138670975517016e-06, 6.896300419612089e-06, 1.1327424545015674e-05, 6.7917480919277295e-06, 4.573797014018055e-06, 4.231834736856399e-06, 4.511068254942074e-06, 4.924153927277075e-06, 7.333374924201053e-06, 8.011958016140852e-06, 7.18735600457876e-06, 8.33328886074014e-06, 7.2532329795649275e-06, 5.398822395363823e-06, 6.320940428850008e-06, 7.395275588351069e-06, 4.744147645396879e-06, 3.477745849522762e-06, 4.011130386061268e-06, 4.518295099842362e-06, 5.117764430906391e-06, 4.527600140136201e-06, 4.291189725336153e-06, 4.092585641046753e-06, 4.1171447264787275e-06, 4.585092028719373e-06, 3.879240011883667e-06, 4.827689281228231e-06, 4.294579412089661e-06, 4.219527909299359e-06, 4.4743073885911144e-06, 4.43531780547346e-06, 3.56045939042815e-06, 3.7843706195417326e-06, 3.417540256123175e-06, 3.7973372855049092e-06, 4.293553956813412e-06, 3.92771926271962e-06, 3.2758214274508646e-06, 3.2501534406037536e-06, 2.9909369914093986e-06, 1.974680117200478e-06, 1.7103415075325756e-06, 1.4077907053433591e-06, 6.92981586780661e-07, 3.8412565572798485e-07, 4.494843039992702e-07, 4.4136001520200807e-07, 2.554836839863128e-07, 1.7678382846497698e-07, 1.2678835048518522e-07, 6.693220910847231e-08, 7.923125622255611e-08, 4.679425913423074e-08, 2.0968982994418184e-08, 1.7243296568381083e-08, 1.0839080744062812e-08, 1.5575046807825288e-09, 6.705273055546135e-12, 6.530901687507029e-12, 6.371456313936097e-12, 6.230987514149744e-12, 6.107133028454559e-12, 6.002882652761388e-12, 5.917583263681525e-12, 5.844990290382324e-12, 5.794544531700918e-12, 5.763227568789109e-12], "lowlevel.mfcc.mean": [-649.9178466796875, 136.60581970214844, 0.3014671206474304, 29.983064651489258, 17.924196243286133, 11.185005187988281, 5.377339839935303, 2.578108310699463, 4.322010517120361, -1.297333002090454, -8.291064262390137, -5.374068260192871, -8.618000984191895], "lowlevel.spectral_contrast_coeffs.mean": [-0.6205119490623474, -0.7247754335403442, -0.7577317953109741, -0.7986215949058533, -0.8082705140113831, -0.7714093923568726], "lowlevel.spectral_contrast_coeffs.stdev": [0.06294696778059006, 0.10970363020896912, 0.09696335345506668, 0.047800831496715546, 0.029256222769618034, 0.029514895752072334], "lowlevel.spectral_contrast_valleys.mean": [-6.479740619659424, -7.244346618652344, -7.505329132080078, -7.430910110473633, -7.576815605163574, -10.518512725830078], "lowlevel.spectral_contrast_valleys.stdev": [0.6411809921264648, 0.5103763937950134, 0.44994112849235535, 0.3815577030181885, 0.44261154532432556, 0.8380603194236755], "rhythm.beats_loudness_band_ratio.mean": [0.6405949592590332, 0.15947096049785614, 0.11181674897670746, 0.07524355500936508, 0.033420629799366, 0.014335853978991508], "rhythm.beats_loudness_band_ratio.stdev": [0.1852966696023941, 0.11296515166759491, 0.13363605737686157, 0.12474925071001053, 0.023239413276314735, 0.017159413546323776], "tonal.hpcp.mean": [0.23292100429534912, 0.14592668414115906, 0.04057835415005684, 0.03487410396337509, 0.07144920527935028, 0.1800726056098938, 0.30906859040260315, 0.22242331504821777, 0.05351652950048447, 0.02788887359201908, 0.05627509206533432, 0.09734709560871124, 0.10699750483036041, 0.07195242494344711, 0.03196064755320549, 0.02041720226407051, 0.01879177987575531, 0.018806785345077515, 0.02062218450009823, 0.030884983018040657, 0.1946071833372116, 0.43492501974105835, 0.30681365728378296, 0.06218026950955391, 0.027196846902370453, 0.028551273047924042, 0.0584556981921196, 0.08995765447616577, 0.0654246136546135, 0.027036886662244797, 0.020838571712374687, 0.03995514661073685, 0.06835760921239853, 0.0688123032450676, 0.06400441378355026, 0.1458669900894165], "tonal.hpcp.stdev": [0.3554956912994385, 0.2508513033390045, 0.13213099539279938, 0.1324295848608017, 0.19227734208106995, 0.282823383808136, 0.39415305852890015, 0.32367637753486633, 0.14140437543392181, 0.11138521134853363, 0.1716105341911316, 0.21997232735157013, 0.21472133696079254, 0.18854790925979614, 0.11700763553380966, 0.10414625704288483, 0.08320537209510803, 0.07168193906545639, 0.07227153331041336, 0.1041504293680191, 0.23325276374816895, 0.41567322611808777, 0.34760257601737976, 0.14360813796520233, 0.09896538406610489, 0.10708970576524734, 0.15494945645332336, 0.22054153680801392, 0.17593112587928772, 0.0946693867444992, 0.08635767549276352, 0.14548377692699432, 0.2040206789970398, 0.18232198059558868, 0.17631849646568298, 0.24525988101959229], "rhythm.beats_position": [0.4876190423965454, 0.9752380847930908, 1.4628571271896362, 1.9504761695861816, 2.426485300064087, 2.902494192123413, 3.3785033226013184, 3.8661224842071533, 4.353741645812988, 4.8297505378723145, 5.31736946105957, 5.804988384246826, 6.29260778427124, 6.780226707458496, 7.267845630645752, 7.755464553833008, 8.243083953857422, 8.73070240020752, 9.206711769104004, 9.682721138000488, 10.170339584350586, 10.657958984375, 11.145578384399414, 11.633196830749512, 12.109206199645996, 12.58521556854248, 13.072834014892578, 13.560453414916992, 14.036462783813477, 14.512471199035645, 15.000090599060059, 15.487709045410156, 15.97532844543457, 16.462947845458984, 16.9505672454834, 17.42657470703125, 17.902584075927734, 18.37859344482422, 18.854602813720703, 19.330612182617188, 19.795011520385742, 20.271020889282227, 20.73541831970215, 21.223037719726562, 21.710657119750977, 22.19827651977539, 22.674285888671875, 23.15029525756836, 23.62630271911621, 24.113922119140625, 24.58993148803711, 25.077550888061523, 25.541950225830078, 26.017959594726562, 26.493967056274414, 26.981586456298828, 27.469205856323242, 27.933605194091797, 28.39800453186035, 28.885623931884766, 29.361631393432617, 29.8376407623291, 30.325260162353516, 30.81287956237793], "rhythm.bpm_histogram": [0.0, 0.0, 0.0, 0.0, 0.0, 0.0, 0.0, 0.0, 0.0, 0.0, 0.0, 0.0, 0.0, 0.0, 0.0, 0.0, 0.0, 0.0, 0.0, 0.0, 0.0, 0.0, 0.0, 0.0, 0.0, 0.0, 0.0, 0.0, 0.0, 0.0, 0.0, 0.0, 0.0, 0.0, 0.0, 0.0, 0.0, 0.0, 0.0, 0.0, 0.0, 0.0, 0.0, 0.0, 0.0, 0.0, 0.0, 0.0, 0.0, 0.0, 0.0, 0.0, 0.0, 0.0, 0.0, 0.0, 0.0, 0.0, 0.0, 0.0, 0.0, 0.0, 0.0, 0.0, 0.0, 0.0, 0.0, 0.0, 0.0, 0.0, 0.0, 0.0, 0.0, 0.0, 0.0, 0.0, 0.0, 0.0, 0.0, 0.0, 0.0, 0.0, 0.0, 0.0, 0.0, 0.0, 0.0, 0.0, 0.0, 0.0, 0.0, 0.0, 0.0, 0.0, 0.0, 0.0, 0.0, 0.0, 0.0, 0.0, 0.0, 0.0, 0.0, 0.0, 0.0, 0.0, 0.0, 0.0, 0.0, 0.0, 0.0, 0.0, 0.0, 0.0, 0.0, 0.0, 0.0, 0.0, 0.0, 0.0, 0.0, 0.0, 0.0, 0.5396825671195984, 0.0, 0.0, 0.380952388048172, 0.0, 0.0, 0.0793650820851326, 0.0, 0.0, 0.0, 0.0, 0.0, 0.0, 0.0, 0.0, 0.0, 0.0, 0.0, 0.0, 0.0, 0.0, 0.0, 0.0, 0.0, 0.0, 0.0, 0.0, 0.0, 0.0, 0.0, 0.0, 0.0, 0.0, 0.0, 0.0, 0.0, 0.0, 0.0, 0.0, 0.0, 0.0, 0.0, 0.0, 0.0, 0.0, 0.0, 0.0, 0.0, 0.0, 0.0, 0.0, 0.0, 0.0, 0.0, 0.0, 0.0, 0.0, 0.0, 0.0, 0.0, 0.0, 0.0, 0.0, 0.0, 0.0, 0.0, 0.0, 0.0, 0.0, 0.0, 0.0, 0.0, 0.0, 0.0, 0.0, 0.0, 0.0, 0.0, 0.0, 0.0, 0.0, 0.0, 0.0, 0.0, 0.0, 0.0, 0.0, 0.0, 0.0, 0.0, 0.0, 0.0, 0.0, 0.0, 0.0, 0.0, 0.0, 0.0, 0.0, 0.0, 0.0, 0.0, 0.0, 0.0, 0.0, 0.0, 0.0, 0.0, 0.0, 0.0, 0.0, 0.0, 0.0, 0.0, 0.0, 0.0, 0.0, 0.0, 0.0, 0.0, 0.0, 0.0, 0.0, 0.0, 0.0, 0.0, 0.0], "tonal.chords_histogram": [37.10879135131836, 11.028315544128418, 28.614009857177734, 0.745156466960907, 8.196721076965332, 0.0, 0.5961251854896545, 0.0, 0.14903129637241364, 0.0, 0.4470939040184021, 0.0, 0.0, 0.0, 0.0, 0.0, 0.0, 1.0432190895080566, 0.0, 6.110283374786377, 0.0, 1.6393442153930664, 0.0, 4.3219075202941895], "tonal.thpcp": [1.0, 0.7054403424263, 0.14296779036521912, 0.06253226846456528, 0.06564642488956451, 0.13440407812595367, 0.2068348526954651, 0.15042734146118164, 0.06216447800397873, 0.047913022339344025, 0.09186674654483795, 0.15717102587223053, 0.1582164764404297, 0.14716194570064545, 0.33538421988487244, 0.535542905330658, 0.33552148938179016, 0.09329965710639954, 0.08018417656421661, 0.16427935659885406, 0.41403138637542725, 0.7106249928474426, 0.5114061236381531, 0.12304771691560745, 0.06412340700626373, 0.12939032912254333, 0.22382500767707825, 0.24601368606090546, 0.16543638706207275, 0.07348541915416718, 0.04694418981671333, 0.043206941336393356, 0.04324144124984741, 0.04741549491882324, 0.07101219892501831, 0.4474499523639679], "lowlevel.gfcc.cov": [[1583.29443359375, -306.9080810546875, 115.43543243408203, 64.66424560546875, -220.32481384277344, 132.29620361328125, 21.155799865722656, 133.7559051513672, 37.343345642089844, 78.78985595703125, -27.446916580200195, 17.07021141052246, -42.228275299072266], [-306.9080810546875, 1199.23828125, -285.300048828125, -388.1133728027344, 118.5455093383789, -244.96966552734375, 248.94871520996094, 17.675739288330078, 121.87371826171875, -137.08392333984375, 136.16647338867188, -116.96182250976562, 132.2943572998047], [115.43543243408203, -285.300048828125, 515.5609741210938, 373.6376037597656, 116.3968276977539, 156.26174926757812, -41.762542724609375, 21.989181518554688, 10.821306228637695, 104.00048828125, -0.8148962259292603, 57.799835205078125, -73.052734375], [64.66424560546875, -388.1133728027344, 373.6376037597656, 654.2339477539062, 240.4306640625, 179.15267944335938, -68.46305084228516, -24.34356117248535, -0.5020231008529663, 87.3069839477539, 6.5013933181762695, 39.13174057006836, -52.0896110534668], [-220.32481384277344, 118.5455093383789, 116.3968276977539, 240.4306640625, 336.2705078125, 76.85897064208984, 38.18484115600586, -37.14750671386719, -2.616825580596924, -1.9991759061813354, -0.019419606775045395, 15.081896781921387, 7.396551609039307], [132.29620361328125, -244.96966552734375, 156.26174926757812, 179.15267944335938, 76.85897064208984, 286.5891418457031, 85.80406951904297, -0.024649955332279205, -52.24406433105469, -2.0912036895751953, -41.78448486328125, 28.92920684814453, -26.441429138183594], [21.155799865722656, 248.94871520996094, -41.762542724609375, -68.46305084228516, 38.18484115600586, 85.80406951904297, 236.355712890625, 42.12327575683594, -8.345942497253418, -71.04996490478516, 9.000983238220215, -14.12442398071289, 22.021533966064453], [133.7559051513672, 17.675739288330078, 21.989181518554688, -24.34356117248535, -37.14750671386719, -0.024649955332279205, 42.12327575683594, 109.32720184326172, 53.716453552246094, 24.649837493896484, 3.970092296600342, -7.422138214111328, -1.220856785774231], [37.343345642089844, 121.87371826171875, 10.821306228637695, -0.5020231008529663, -2.616825580596924, -52.24406433105469, -8.345942497253418, 53.716453552246094, 132.53811645507812, 60.89120101928711, 34.73469161987305, -33.43190383911133, -0.2425813525915146], [78.78985595703125, -137.08392333984375, 104.00048828125, 87.3069839477539, -1.9991759061813354, -2.0912036895751953, -71.04996490478516, 24.649837493896484, 60.89120101928711, 136.35812377929688, 20.56546401977539, 5.503410816192627, -41.803009033203125], [-27.446916580200195, 136.16647338867188, -0.8148962259292603, 6.5013933181762695, -0.019419606775045395, -41.78448486328125, 9.000983238220215, 3.970092296600342, 34.73469161987305, 20.56546401977539, 92.57763671875, -2.070502281188965, 8.442574501037598], [17.07021141052246, -116.96182250976562, 57.799835205078125, 39.13174057006836, 15.081896781921387, 28.92920684814453, -14.12442398071289, -7.422138214111328, -33.43190383911133, 5.503410816192627, -2.070502281188965, 88.94491577148438, 2.211165428161621], [-42.228275299072266, 132.2943572998047, -73.052734375, -52.0896110534668, 7.396551609039307, -26.441429138183594, 22.021533966064453, -1.220856785774231, -0.2425813525915146, -41.803009033203125, 8.442574501037598, 2.211165428161621, 77.58736419677734]], "lowlevel.gfcc.icov": [[0.0008932065684348345, -0.0004534781910479069, 0.00018784881103783846, -0.0005735070444643497, 0.0011315440060570836, -0.0007255631498992443, 0.00029063221882097423, -0.0009665028192102909, 0.0002374463074374944, -0.0005202297470532358, 0.0006511182291433215, -0.0004977994249202311, 0.0002621527819428593], [-0.0004534781910479069, 0.007780612912029028, -0.0022409118246287107, 0.004759047646075487, -0.005982035305351019, 0.005707856267690659, -0.006732054520398378, 0.003537370590493083, -0.005098483990877867, 0.0041771759279072285, -0.007274920120835304, 0.005847211927175522, -0.005086883436888456], [0.00018784881103783846, -0.0022409118246287107, 0.00495326891541481, -0.003136542858555913, 0.0016358053544536233, -0.002659895922988653, 0.002161725889891386, -0.002222469775006175, 0.0012832486536353827, -0.0022933182772248983, 0.0019378395518288016, -0.0034920014441013336, 0.0034273257479071617], [-0.0005735070444643497, 0.004759047646075487, -0.003136542858555913, 0.006977539975196123, -0.006024603731930256, 0.0018884127493947744, -0.0021966828498989344, 0.002250641118735075, -0.002928465371951461, 0.0025394398253411055, -0.0058205085806548595, 0.004262885078787804, -0.0029478175565600395], [0.0011315440060570836, -0.005982035305351019, 0.0016358053544536233, -0.006024603731930256, 0.010272759944200516, -0.004208672791719437, 0.0029999143444001675, -0.0008106072782538831, 0.00256312545388937, -0.003439404768869281, 0.006867454387247562, -0.005188514478504658, 0.002588988048955798], [-0.0007255631498992443, 0.005707856267690659, -0.002659895922988653, 0.0018884127493947744, -0.004208672791719437, 0.011472881771624088, -0.00895360391587019, 0.003695150138810277, -0.0016863173805177212, 0.0016403760528191924, -0.0022120685316622257, 0.0037100256886333227, -0.003439920488744974], [0.00029063221882097423, -0.006732054520398378, 0.002161725889891386, -0.0021966828498989344, 0.0029999143444001675, -0.00895360391587019, 0.014899633824825287, -0.007593946531414986, 0.00428318465128541, 0.0012580060865730047, 0.0025687345769256353, -0.0037440320011228323, 0.0050302231684327126], [-0.0009665028192102909, 0.003537370590493083, -0.002222469775006175, 0.002250641118735075, -0.0008106072782538831, 0.003695150138810277, -0.007593946531414986, 0.017605222761631012, -0.008538586087524891, 8.51405129651539e-05, -0.0004970773588865995, 0.0013466154923662543, -0.0033353236503899097], [0.0002374463074374944, -0.005098483990877867, 0.0012832486536353827, -0.002928465371951461, 0.00256312545388937, -0.0016863173805177212, 0.00428318465128541, -0.008538586087524891, 0.019461382180452347, -0.009401186369359493, 0.001740720123052597, 0.0017069254536181688, 0.0006533134146593511], [-0.0005202297470532358, 0.0041771759279072285, -0.0022933182772248983, 0.0025394398253411055, -0.003439404768869281, 0.0016403760528191924, 0.0012580060865730047, 8.51405129651539e-05, -0.009401186369359493, 0.018816113471984863, -0.006824871990829706, 0.0012789798201993108, 0.0034858188591897488], [0.0006511182291433215, -0.007274920120835304, 0.0019378395518288016, -0.0058205085806548595, 0.006867454387247562, -0.0022120685316622257, 0.0025687345769256353, -0.0004970773588865995, 0.001740720123052597, -0.006824871990829706, 0.02135339193046093, -0.006962819490581751, 0.002733477158471942], [-0.0004977994249202311, 0.005847211927175522, -0.0034920014441013336, 0.004262885078787804, -0.005188514478504658, 0.0037100256886333227, -0.0037440320011228323, 0.0013466154923662543, 0.0017069254536181688, 0.0012789798201993108, -0.006962819490581751, 0.0191845390945673, -0.006918787490576506], [0.0002621527819428593, -0.005086883436888456, 0.0034273257479071617, -0.0029478175565600395, 0.002588988048955798, -0.003439920488744974, 0.0050302231684327126, -0.0033353236503899097, 0.0006533134146593511, 0.0034858188591897488, 0.002733477158471942, -0.006918787490576506, 0.021833542734384537]], "lowlevel.mfcc.cov": [[1602.28857421875, -368.453857421875, 175.1815948486328, -86.81748962402344, -118.76041412353516, -24.19187355041504, -10.165217399597168, 33.96146011352539, 51.03825378417969, 40.54833984375, 48.45207214355469, 46.38869857788086, 39.67169189453125], [-368.453857421875, 1293.7496337890625, -415.2327880859375, -145.32553100585938, -201.64627075195312, -224.94107055664062, 40.76158905029297, 41.54280471801758, 37.202110290527344, 34.17274475097656, -17.447734832763672, -37.603485107421875, 7.189112663269043], [175.1815948486328, -415.2327880859375, 461.8968811035156, 129.61276245117188, 120.08550262451172, 116.9662094116211, 16.76506805419922, 14.01122760772705, 5.6915388107299805, 26.750530242919922, 63.1876335144043, 71.45529174804688, 38.864906311035156], [-86.81748962402344, -145.32553100585938, 129.61276245117188, 375.0517578125, 236.6012420654297, 116.371337890625, 21.893712997436523, -8.898021697998047, 7.9094929695129395, -1.624484896659851, 51.61027145385742, 65.16496276855469, 22.774742126464844], [-118.76041412353516, -201.64627075195312, 120.08550262451172, 236.6012420654297, 305.616943359375, 145.6871337890625, 0.918982744216919, -26.60187530517578, 9.037720680236816, -0.9981499314308167, 38.27188491821289, 42.97772979736328, 2.7904999256134033], [-24.19187355041504, -224.94107055664062, 116.9662094116211, 116.371337890625, 145.6871337890625, 274.5574951171875, 110.4518051147461, 64.72064208984375, 11.740473747253418, 2.0519516468048096, 8.899624824523926, -9.42916202545166, -13.994560241699219], [-10.165217399597168, 40.76158905029297, 16.76506805419922, 21.893712997436523, 0.918982744216919, 110.4518051147461, 174.28688049316406, 107.5572738647461, 16.931787490844727, 0.0956847220659256, -9.676722526550293, -24.80557632446289, -16.44504165649414], [33.96146011352539, 41.54280471801758, 14.01122760772705, -8.898021697998047, -26.60187530517578, 64.72064208984375, 107.5572738647461, 151.4822540283203, 43.879913330078125, -9.310897827148438, -16.12103271484375, -26.931259155273438, -5.746704578399658], [51.03825378417969, 37.202110290527344, 5.6915388107299805, 7.9094929695129395, 9.037720680236816, 11.740473747253418, 16.931787490844727, 43.879913330078125, 94.861328125, 40.41098403930664, 8.297487258911133, -0.2542921006679535, 11.740528106689453], [40.54833984375, 34.17274475097656, 26.750530242919922, -1.624484896659851, -0.9981499314308167, 2.0519516468048096, 0.0956847220659256, -9.310897827148438, 40.41098403930664, 95.09344482421875, 39.83648681640625, 15.037572860717773, 14.815084457397461], [48.45207214355469, -17.447734832763672, 63.1876335144043, 51.61027145385742, 38.27188491821289, 8.899624824523926, -9.676722526550293, -16.12103271484375, 8.297487258911133, 39.83648681640625, 83.45376586914062, 56.0716667175293, 25.872356414794922], [46.38869857788086, -37.603485107421875, 71.45529174804688, 65.16496276855469, 42.97772979736328, -9.42916202545166, -24.80557632446289, -26.931259155273438, -0.2542921006679535, 15.037572860717773, 56.0716667175293, 92.53705596923828, 45.527713775634766], [39.67169189453125, 7.189112663269043, 38.864906311035156, 22.774742126464844, 2.7904999256134033, -13.994560241699219, -16.44504165649414, -5.746704578399658, 11.740528106689453, 14.815084457397461, 25.872356414794922, 45.527713775634766, 75.67310333251953]], "lowlevel.mfcc.icov": [[0.0007919883937574923, 0.000315780722303316, -9.629648411646485e-05, 9.023330494528636e-05, 0.0005139984423294663, 0.00013419879542198032, -6.18265985394828e-05, -0.00011448954319348559, -0.000514686165843159, 1.5793311831657775e-05, -0.0004269499331712723, -0.00024377509544137865, -6.976977601880208e-05], [0.000315780722303316, 0.0015268290881067514, 0.0011200247099623084, -6.879807187942788e-05, 0.00020249313092790544, 0.0012437280965968966, -0.001032327301800251, -0.0004090584989171475, -0.00024515276891179383, -0.0006169573753140867, -0.0006257817731238902, 2.8144802854512818e-05, -0.0005421523819677532], [-9.629648411646485e-05, 0.0011200247099623084, 0.0039485446177423, -0.0002989239292219281, -0.000314306904328987, -0.00023452202731277794, -0.00012689224968198687, -0.001194950775243342, 0.0007103760144673288, -0.001172651769593358, -0.0008524663280695677, -0.0014673600671812892, -0.0008503518765792251], [9.023330494528636e-05, -6.879807187942788e-05, -0.0002989239292219281, 0.005823241081088781, -0.004126275423914194, 0.00018208700930699706, -0.00114905321970582, 9.35938223847188e-05, -0.00020910592866130173, 0.0009070122614502907, -0.0007932367734611034, -0.001681216061115265, -0.0005590317887254059], [0.0005139984423294663, 0.00020249313092790544, -0.000314306904328987, -0.004126275423914194, 0.009328623302280903, -0.003926358185708523, 0.0017594423843547702, 0.002268677344545722, -0.002534823026508093, 0.001494502299465239, -0.0008769964915700257, -0.001190236653201282, 0.001715715043246746], [0.00013419879542198032, 0.0012437280965968966, -0.00023452202731277794, 0.00018208700930699706, -0.003926358185708523, 0.009198121726512909, -0.005123637150973082, -0.0012906643096357584, 0.0008061312255449593, -0.001097543048672378, -0.0008035191567614675, 0.002470428356900811, -0.0006102703046053648], [-6.18265985394828e-05, -0.001032327301800251, -0.00012689224968198687, -0.00114905321970582, 0.0017594423843547702, -0.005123637150973082, 0.014442959800362587, -0.00841975025832653, 0.0028994863387197256, -0.002137413015589118, 0.0009215265745297074, -0.000610758550465107, 0.0020493497140705585], [-0.00011448954319348559, -0.0004090584989171475, -0.001194950775243342, 9.35938223847188e-05, 0.002268677344545722, -0.0012906643096357584, -0.00841975025832653, 0.016869885846972466, -0.008417184464633465, 0.006105853244662285, -0.0011816604528576136, 0.002492584753781557, -0.0011716574663296342], [-0.000514686165843159, -0.00024515276891179383, 0.0007103760144673288, -0.00020910592866130173, -0.002534823026508093, 0.0008061312255449593, 0.0028994863387197256, -0.008417184464633465, 0.01844138093292713, -0.009519473649561405, 0.002810604404658079, 0.00013016695447731763, -0.0018120361492037773], [1.5793311831657775e-05, -0.0006169573753140867, -0.001172651769593358, 0.0009070122614502907, 0.001494502299465239, -0.001097543048672378, -0.002137413015589118, 0.006105853244662285, -0.009519473649561405, 0.019545484334230423, -0.010078548453748226, 0.003852497087791562, -0.001100899069570005], [-0.0004269499331712723, -0.0006257817731238902, -0.0008524663280695677, -0.0007932367734611034, -0.0008769964915700257, -0.0008035191567614675, 0.0009215265745297074, -0.0011816604528576136, 0.002810604404658079, -0.010078548453748226, 0.027191363275051117, -0.01431446336209774, 0.0018066707998514175], [-0.00024377509544137865, 2.8144802854512818e-05, -0.0014673600671812892, -0.001681216061115265, -0.001190236653201282, 0.002470428356900811, -0.000610758550465107, 0.002492584753781557, 0.00013016695447731763, 0.003852497087791562, -0.01431446336209774, 0.02796740084886551, -0.010764529928565025], [-6.976977601880208e-05, -0.0005421523819677532, -0.0008503518765792251, -0.0005590317887254059, 0.001715715043246746, -0.0006102703046053648, 0.0020493497140705585, -0.0011716574663296342, -0.0018120361492037773, -0.001100899069570005, 0.0018066707998514175, -0.010764529928565025, 0.020443355664610863]], "metadata.audio_properties.analysis.downmix": "mix", "metadata.audio_properties.codec": "mp3", "metadata.audio_properties.md5_encoded": "7d6d1e3d7131d786c418cf6bdf33166a", "metadata.tags.file_name": "1183700613071110215.mp3", "metadata.version.essentia": "2.1-beta6-dev", "metadata.version.essentia_git_sha": "v2.1_beta5-1110-g77a6a954", "metadata.version.extractor": "music 2.0", "tonal.chords_key": "A", "tonal.chords_scale": "major", "tonal.key_edma.key": "A", "tonal.key_edma.scale": "major", "tonal.key_krumhansl.key": "A", "tonal.key_krumhansl.scale": "major", "tonal.key_temperley.key": "A", "tonal.key_temperley.scale": "major", "metadata.tags.encoding": ["Lavf58.45.100"]}, "e