{"song_id": "1183710459573055568", "download": "https://cdn.discordapp.com/attachments/1135911532732108921/1183710459573055568/chirp.mp4?ex=65895345&amp", "lyrics": "[Ponte] \nNum brinde ao tempo, eterno companheiro, Renovamos votos, com o cora\u00e7\u00e3o verdadeiro. Por dias melhores, por um amor mais intenso, Caminhamos lado a lado, com o cora\u00e7\u00e3o imenso.", "style": ["MPB</span><span>, voz masculina"], "essentia_features": {"lowlevel.average_loudness": 0.9853166341781616, "lowlevel.barkbands_crest.mean": 13.815573692321777, "lowlevel.barkbands_crest.stdev": 3.874688148498535, "lowlevel.barkbands_flatness_db.mean": 0.35322320461273193, "lowlevel.barkbands_flatness_db.stdev": 0.09743282943964005, "lowlevel.barkbands_kurtosis.mean": 38.40624237060547, "lowlevel.barkbands_kurtosis.stdev": 33.88489532470703, "lowlevel.barkbands_skewness.mean": 4.238393783569336, "lowlevel.barkbands_skewness.stdev": 2.1338672637939453, "lowlevel.barkbands_spread.mean": 5.760491847991943, "lowlevel.barkbands_spread.stdev": 8.48565673828125, "lowlevel.dissonance.mean": 0.42531701922416687, "lowlevel.dissonance.stdev": 0.044574446976184845, "lowlevel.dynamic_complexity": 1.02789306640625, "lowlevel.erbbands_crest.mean": 14.235011100769043, "lowlevel.erbbands_crest.stdev": 5.01699161529541, "lowlevel.erbbands_flatness_db.mean": 0.24679450690746307, "lowlevel.erbbands_flatness_db.stdev": 0.07272833585739136, "lowlevel.erbbands_kurtosis.mean": 6.684084892272949, "lowlevel.erbbands_kurtosis.stdev": 11.549175262451172, "lowlevel.erbbands_skewness.mean": 1.7866674661636353, "lowlevel.erbbands_skewness.stdev": 1.6978203058242798, "lowlevel.erbbands_spread.mean": 34.97136688232422, "lowlevel.erbbands_spread.stdev": 31.085220336914062, "lowlevel.hfc.mean": 15.32505989074707, "lowlevel.hfc.stdev": 12.268187522888184, "lowlevel.loudness_ebu128.integrated": -14.133943557739258, "lowlevel.loudness_ebu128.loudness_range": 1.0281963348388672, "lowlevel.loudness_ebu128.momentary.mean": -14.189037322998047, "lowlevel.loudness_ebu128.momentary.stdev": 0.6997928023338318, "lowlevel.loudness_ebu128.short_term.mean": -14.208822250366211, "lowlevel.loudness_ebu128.short_term.stdev": 0.3676154613494873, "lowlevel.melbands_crest.mean": 22.24247169494629, "lowlevel.melbands_crest.stdev": 4.052701473236084, "lowlevel.melbands_flatness_db.mean": 0.45301079750061035, "lowlevel.melbands_flatness_db.stdev": 0.1139942854642868, "lowlevel.melbands_kurtosis.mean": 84.44276428222656, "lowlevel.melbands_kurtosis.stdev": 75.93985748291016, "lowlevel.melbands_skewness.mean": 5.938934326171875, "lowlevel.melbands_skewness.stdev": 2.986182689666748, "lowlevel.melbands_spread.mean": 3.9928300380706787, "lowlevel.melbands_spread.stdev": 6.671629905700684, "lowlevel.pitch_salience.mean": 0.3420068919658661, "lowlevel.pitch_salience.stdev": 0.11441899836063385, "lowlevel.silence_rate_20dB.mean": 1.0, "lowlevel.silence_rate_20dB.stdev": 0.0, "lowlevel.silence_rate_30dB.mean": 0.9722007513046265, "lowlevel.silence_rate_30dB.stdev": 0.16439637541770935, "lowlevel.silence_rate_60dB.mean": 0.00154440151527524, "lowlevel.silence_rate_60dB.stdev": 0.039268504828214645, "lowlevel.spectral_centroid.mean": 405.3827819824219, "lowlevel.spectral_centroid.stdev": 408.4422607421875, "lowlevel.spectral_complexity.mean": 7.560617923736572, "lowlevel.spectral_complexity.stdev": 4.549087047576904, "lowlevel.spectral_decrease.mean": -1.7573324129216417e-08, "lowlevel.spectral_decrease.stdev": 4.797375385834357e-09, "lowlevel.spectral_energy.mean": 0.06771574914455414, "lowlevel.spectral_energy.stdev": 0.018547087907791138, "lowlevel.spectral_energyband_high.mean": 0.0003566529485397041, "lowlevel.spectral_energyband_high.stdev": 0.0012236719485372305, "lowlevel.spectral_energyband_low.mean": 0.05254406854510307, "lowlevel.spectral_energyband_low.stdev": 0.016996633261442184, "lowlevel.spectral_energyband_middle_high.mean": 0.0020262799225747585, "lowlevel.spectral_energyband_middle_high.stdev": 0.0040968796238303185, "lowlevel.spectral_energyband_middle_low.mean": 0.022554822266101837, "lowlevel.spectral_energyband_middle_low.stdev": 0.01326827798038721, "lowlevel.spectral_entropy.mean": 5.914455413818359, "lowlevel.spectral_entropy.stdev": 0.9488356113433838, "lowlevel.spectral_flux.mean": 0.05480368435382843, "lowlevel.spectral_flux.stdev": 0.04097319021821022, "lowlevel.spectral_kurtosis.mean": 22.750890731811523, "lowlevel.spectral_kurtosis.stdev": 31.012165069580078, "lowlevel.spectral_rms.mean": 0.008045726455748081, "lowlevel.spectral_rms.stdev": 0.0011534455697983503, "lowlevel.spectral_rolloff.mean": 309.8778076171875, "lowlevel.spectral_rolloff.stdev": 534.59521484375, "lowlevel.spectral_skewness.mean": 3.224850654602051, "lowlevel.spectral_skewness.stdev": 2.025965929031372, "lowlevel.spectral_spread.mean": 3515417.25, "lowlevel.spectral_spread.stdev": 2321679.75, "lowlevel.spectral_strongpeak.mean": 0.9655030369758606, "lowlevel.spectral_strongpeak.stdev": 0.3421667516231537, "lowlevel.zerocrossingrate.mean": 0.015445523895323277, "lowlevel.zerocrossingrate.stdev": 0.015463652089238167, "metadata.audio_properties.analysis.equal_loudness": 0.0, "metadata.audio_properties.analysis.length": 30.03628158569336, "metadata.audio_properties.analysis.sample_rate": 44100.0, "metadata.audio_properties.analysis.start_time": 0.0, "metadata.audio_properties.bit_rate": 112038.0, "metadata.audio_properties.length": 30.03733253479004, "metadata.audio_properties.lossless": 0.0, "metadata.audio_properties.number_channels": 1.0, "metadata.audio_properties.replay_gain": -10.002832412719727, "metadata.audio_properties.sample_rate": 48000.0, "rhythm.beats_count": 53.0, "rhythm.beats_loudness.mean": 0.08084956556558609, "rhythm.beats_loudness.stdev": 0.01636330410838127, "rhythm.bpm": 107.47399139404297, "rhythm.bpm_histogram_first_peak_bpm": 108.0, "rhythm.bpm_histogram_first_peak_weight": 0.3478260636329651, "rhythm.bpm_histogram_second_peak_bpm": 103.0, "rhythm.bpm_histogram_second_peak_spread": 0.3333333730697632, "rhythm.bpm_histogram_second_peak_weight": 0.07692307978868484, "rhythm.danceability": 1.2208352088928223, "rhythm.onset_rate": 3.7261009216308594, "tonal.chords_changes_rate": 0.018518518656492233, "tonal.chords_number_rate": 0.007716049440205097, "tonal.chords_strength.mean": 0.551193118095398, "tonal.chords_strength.stdev": 0.10121269524097443, "tonal.hpcp_crest.mean": 17.147409439086914, "tonal.hpcp_crest.stdev": 6.123290538787842, "tonal.hpcp_entropy.mean": 1.4636973142623901, "tonal.hpcp_entropy.stdev": 0.5773428678512573, "tonal.key_edma.strength": 0.7808607816696167, "tonal.key_krumhansl.strength": 0.768450140953064, "tonal.key_temperley.strength": 0.751882791519165, "tonal.tuning_diatonic_strength": 0.5601680278778076, "tonal.tuning_equal_tempered_deviation": 0.037392325699329376, "tonal.tuning_frequency": 439.2381896972656, "tonal.tuning_nontempered_energy_ratio": 0.6293005347251892, "lowlevel.barkbands.mean": [2.794550164253451e-05, 0.011781332083046436, 0.031011274084448814, 0.011963095515966415, 0.008843951858580112, 0.0005614547408185899, 0.0003925578494090587, 0.0003304624988231808, 0.0003708138829097152, 0.00020706982468254864, 0.00025548256235197186, 0.00026078359223902225, 7.565838313894346e-05, 0.00022230490867514163, 0.0003331782063469291, 0.0002010271418839693, 0.00018498902500141412, 0.0002771992003545165, 3.433804158703424e-05, 9.662836964707822e-05, 8.50641808938235e-05, 4.316458944231272e-05, 4.363590051070787e-05, 3.473609103821218e-05, 6.6210406657774e-05, 1.1444922165537719e-05, 2.3808455651419536e-08], "lowlevel.barkbands.stdev": [4.9385511374566704e-05, 0.011958272196352482, 0.014445864595472813, 0.012256655842065811, 0.00785948894917965, 0.0013580474769696593, 0.0011332061840221286, 0.0011448946315795183, 0.0018250260036438704, 0.0009487795177847147, 0.0008641152526251972, 0.0010264815064147115, 0.00024458597181364894, 0.0010412133997306228, 0.0012410744093358517, 0.0008268121746368706, 0.0007038362673483789, 0.0010664967121556401, 9.688187128631398e-05, 0.0004547113203443587, 0.00046532100532203913, 0.0002499068796169013, 0.00022283931320998818, 0.0001549546286696568, 0.00022183310647960752, 7.426310912705958e-05, 2.199456901053054e-07], "lowlevel.erbbands.mean": [0.058077435940504074, 3.917538642883301, 30.397441864013672, 47.19987487792969, 31.62769317626953, 26.162141799926758, 12.246159553527832, 3.1415674686431885, 4.09692907333374, 9.016573905944824, 7.216846466064453, 8.720577239990234, 7.359580039978027, 6.814527988433838, 10.688502311706543, 11.393739700317383, 4.336459159851074, 10.593321800231934, 15.364591598510742, 16.81548309326172, 8.890155792236328, 12.559467315673828, 15.499369621276855, 3.6482818126678467, 1.7097809314727783, 4.590127468109131, 5.054807662963867, 2.1454553604125977, 1.6358439922332764, 1.2709240913391113, 1.2161649465560913, 0.7609116435050964, 0.6782832145690918, 0.9777178764343262, 0.30111387372016907, 0.08610758185386658, 0.014843038283288479, 0.0008294493891298771, 5.3606887377100065e-05, 7.658755930606276e-05], "lowlevel.erbbands.stdev": [0.052432335913181305, 3.559458017349243, 14.343596458435059, 35.39543533325195, 26.494705200195312, 28.20144271850586, 18.853565216064453, 8.065902709960938, 15.814970970153809, 25.422807693481445, 28.681535720825195, 48.4953498840332, 27.040876388549805, 25.38857650756836, 36.661678314208984, 37.78950881958008, 12.627982139587402, 49.357425689697266, 56.75438690185547, 60.625587463378906, 28.670177459716797, 46.75165557861328, 56.49794387817383, 10.820991516113281, 4.566229343414307, 22.378324508666992, 24.54026222229004, 12.309733390808105, 9.798541069030762, 5.975310325622559, 6.551385879516602, 3.952040910720825, 2.595205783843994, 2.9896252155303955, 1.2550177574157715, 0.4575198292732239, 0.12022864818572998, 0.006877346895635128, 0.00014856118650641292, 2.3767630409565754e-05], "lowlevel.gfcc.mean": [-88.88481903076172, 149.8853759765625, -70.55152893066406, 50.483978271484375, -15.988314628601074, 14.243843078613281, -38.10391616821289, -5.616714000701904, -38.527130126953125, -19.3538818359375, -14.216312408447266, -18.294485092163086, 0.3089189827442169], "lowlevel.melbands.mean": [0.0017098828684538603, 0.012442243285477161, 0.007321455515921116, 0.0020071023609489202, 0.0005836175405420363, 7.702730363234878e-05, 6.665659020654857e-05, 9.163749200524762e-05, 6.085547283873893e-05, 5.1856062782462686e-05, 3.548654422047548e-05, 2.569484058767557e-05, 3.7952162529109046e-05, 2.8433527404558845e-05, 2.066295019176323e-05, 7.855501280573662e-06, 2.091840906359721e-05, 2.3504111595684662e-05, 2.3313352357945405e-05, 1.9782579329330474e-05, 8.276483640656807e-06, 1.1333697329973802e-05, 1.99089936359087e-05, 8.205736776289996e-06, 2.349338956264546e-06, 1.0609987839416135e-06, 1.5070893368829275e-06, 3.502347226458369e-06, 3.7514812447625445e-06, 2.0099269022466615e-06, 9.534134619570978e-07, 1.0322115713279345e-06, 6.63179150706128e-07, 7.197832019301131e-07, 6.94904258580209e-07, 6.358728228406108e-07, 4.062519849412638e-07, 4.0664221501174325e-07, 6.703901931359724e-07, 8.90042770151922e-07], "lowlevel.melbands.stdev": [0.0017382737714797258, 0.005550033412873745, 0.004542216658592224, 0.0018786054570227861, 0.0007041464559733868, 0.0002075289812637493, 0.00022256675583776087, 0.0002572747762314975, 0.00026345273363403976, 0.00026658608112484217, 0.0001373359264107421, 0.0001113044418161735, 0.00012677627091761678, 0.00012702947424259037, 7.280214776983485e-05, 2.751664760580752e-05, 0.00010782141907839105, 8.951978816185147e-05, 9.044822945725173e-05, 8.30476128612645e-05, 2.9415719836833887e-05, 5.102239447296597e-05, 7.557864591944963e-05, 2.973482150991913e-05, 7.104006272129482e-06, 2.9732234452239936e-06, 5.611971573671326e-06, 1.7634161849855445e-05, 1.7184465832542628e-05, 1.364324452879373e-05, 5.882452114747139e-06, 6.75898354529636e-06, 3.4467886962374905e-06, 3.407324129511835e-06, 3.801425691563054e-06, 3.665163148980355e-06, 2.1252230908430647e-06, 1.93256460079283e-06, 2.014409119510674e-06, 2.8077795377612347e-06], "lowlevel.melbands128.mean": [1.1950912266911473e-05, 1.8665785319171846e-05, 0.0006146624218672514, 0.008130532689392567, 0.014735023491084576, 0.01515747420489788, 0.011035257019102573, 0.003809143789112568, 0.003374603111296892, 0.0019321748986840248, 0.0013627571752294898, 0.0009878629352897406, 0.00037320880801416934, 0.000102152036561165, 3.0701117793796584e-05, 9.361674165120348e-05, 8.637732389615849e-05, 3.1648760341340676e-05, 7.166344585129991e-05, 0.00014654849655926228, 6.237382331164554e-05, 4.7678968257969245e-05, 6.219062925083563e-05, 6.833441148046404e-05, 7.235820521600544e-05, 2.750859857769683e-05, 5.2039722504559904e-05, 3.988726530224085e-05, 1.5102437828318216e-05, 3.264333281549625e-05, 1.700712527963333e-05, 3.618728806031868e-05, 5.370221333578229e-05, 2.7423364372225478e-05, 1.9357972632860765e-05, 3.210384238627739e-05, 3.8877878978382796e-05, 2.2584225007449277e-05, 8.982029612525366e-06, 3.871181434078608e-06, 5.24872530149878e-06, 1.7230488083441742e-05, 2.156470509362407e-05, 2.5591958547011018e-05, 1.4281215044320561e-05, 2.608477370813489e-05, 2.940015292551834e-05, 2.2498585167340934e-05, 1.93511677935021e-05, 2.8265169021324255e-05, 2.2707450625603087e-05, 7.0284427238220815e-06, 9.292391951021273e-06, 8.5039910118212e-06, 6.99717020324897e-06, 1.5840336345718242e-05, 8.96859637578018e-06, 1.594127570569981e-05, 3.286639548605308e-05, 9.869835594145115e-06, 7.48998445487814e-06, 5.079642050986877e-06, 2.2009423901181435e-06, 2.196422201450332e-06, 1.288484554606839e-06, 9.108709377869673e-07, 9.165460710391926e-07, 1.119842636398971e-06, 1.5311305787690799e-06, 2.131364681190462e-06, 3.184333991157473e-06, 4.682677626988152e-06, 4.276638719602488e-06, 4.047515631100396e-06, 2.2660310605715495e-06, 2.443175617372617e-06, 1.746965040183568e-06, 9.574731620887178e-07, 7.774957566653029e-07, 9.190773653244833e-07, 1.3028491139266407e-06, 1.017840872918896e-06, 5.973536190140294e-07, 6.184379230944614e-07, 7.257992251652468e-07, 6.656406412730576e-07, 7.800704224791843e-07, 7.093731255736202e-07, 6.167930450828862e-07, 7.408148690046801e-07, 7.911019679340825e-07, 5.901517283746216e-07, 4.0784306065688725e-07, 4.2007232536889205e-07, 3.5717505397769855e-07, 4.246257958584465e-07, 4.051138660088327e-07, 4.134475375394686e-07, 5.560700628848281e-07, 8.351906899406458e-07, 1.069378186002723e-06, 9.914150496115326e-07, 5.820808155476698e-07, 3.683388740682858e-07, 2.5932291691788123e-07, 2.696212391128938e-07, 2.3027928364172112e-07, 1.7951342101696355e-07, 1.516509655630216e-07, 9.366969777602208e-08, 7.404184998449637e-08, 5.835260097342143e-08, 4.357866245641162e-08, 2.193019277285657e-08, 1.1711313696594061e-08, 5.136990388621143e-09, 9.066528638967952e-10, 5.030235603054045e-11, 1.2843508374882351e-11, 1.0090723395750345e-11, 9.756943517014172e-12, 9.568952401284303e-12, 9.359383927598497e-12, 9.195722308619203e-12, 9.023504166094654e-12, 8.825815946134075e-12, 8.705166795741626e-12, 8.651443277052362e-12], "lowlevel.melbands128.stdev": [2.2070080376579426e-05, 3.459212894085795e-05, 0.0006934882840141654, 0.008246783167123795, 0.01067273411899805, 0.00888656172901392, 0.009441862814128399, 0.003867699997499585, 0.0036856194492429495, 0.0027770590968430042, 0.0018828498432412744, 0.0012377264210954309, 0.0008943378343246877, 0.0003079265297856182, 0.00013154461339581758, 0.00036153336986899376, 0.0004502942902036011, 0.0002101442514685914, 0.0002504181757103652, 0.0004510239523369819, 0.0002534064988140017, 0.0002386567066423595, 0.0003743740962818265, 0.00048292832798324525, 0.0005589939537458122, 0.00012434979726094753, 0.0001791323156794533, 0.0002260798792121932, 0.00015054688265081495, 0.00021498874411918223, 9.32344191824086e-05, 0.00013562575622927397, 0.00020326058438513428, 0.0001560615055495873, 0.00020760171173606068, 0.0001731184165691957, 0.00014121604908723384, 0.00012884006719104946, 3.995210863649845e-05, 2.6367304599261843e-05, 2.6453790269442834e-05, 8.391412848141044e-05, 0.00012896467524114996, 0.00019639264792203903, 9.980132017517462e-05, 0.00013045614468865097, 0.00017666591156739742, 0.00013848618254996836, 0.00012067645729985088, 0.0001375482534058392, 0.00013365673657972366, 4.2125830077566206e-05, 4.7099787479965016e-05, 4.329286457505077e-05, 3.485060733510181e-05, 0.00010134860349353403, 4.0844210161594674e-05, 6.523748743347824e-05, 0.00014680527965538204, 5.403681643656455e-05, 3.2169788028113544e-05, 2.4379498427151702e-05, 9.598375982022844e-06, 7.406687927868916e-06, 7.230014944070717e-06, 2.3392210550809978e-06, 3.037056103494251e-06, 4.044873548991745e-06, 5.157526629773201e-06, 1.3533363016904332e-05, 2.0165487512713298e-05, 2.2474076104117557e-05, 2.5270072001148947e-05, 2.017016777244862e-05, 1.3756252883467823e-05, 1.9527547920006327e-05, 1.2461911865102593e-05, 5.952937954134541e-06, 5.10487780047697e-06, 6.593782927666325e-06, 1.0039190783572849e-05, 6.4482960624445695e-06, 3.2548130093346117e-06, 3.3941230412892764e-06, 3.99235614167992e-06, 3.1530505566479405e-06, 4.132285994273843e-06, 3.94080052501522e-06, 3.4506504107412184e-06, 4.6628015297756065e-06, 4.692728452937445e-06, 3.6521403217193438e-06, 2.361332690270501e-06, 2.4307623789354693e-06, 1.82325800324179e-06, 2.463249302309123e-06, 2.210161483162665e-06, 1.5405893236675183e-06, 1.9452572814770974e-06, 2.5326637569378363e-06, 3.1433710319106467e-06, 3.266513431299245e-06, 2.3646800855203765e-06, 1.7709785424813163e-06, 1.3047574611846358e-06, 1.4858619579172228e-06, 1.1881847967742942e-06, 9.088134333978815e-07, 9.322859568783315e-07, 7.167911917349556e-07, 6.394787988028838e-07, 5.5554204436703e-07, 4.0879896801016e-07, 2.2191910886704136e-07, 1.0397766203595893e-07, 5.4655746595244636e-08, 8.343564061874531e-09, 7.354731823561167e-10, 6.850071898600874e-11, 1.2490296991130023e-11, 1.1943038571993192e-11, 1.168235213427904e-11, 1.1443661122878535e-11, 1.124469441171616e-11, 1.1079900885668792e-11, 1.0949033346641102e-11, 1.0853444011582614e-11, 1.0794342850117822e-11], "lowlevel.mfcc.mean": [-752.9424438476562, 176.9418182373047, 22.40110969543457, 47.990848541259766, 42.297203063964844, 15.813285827636719, 23.287689208984375, 1.9390403032302856, 1.7053273916244507, -10.239145278930664, -20.578432083129883, -2.5773885250091553, -0.23073744773864746], "lowlevel.spectral_contrast_coeffs.mean": [-0.5455020666122437, -0.724725604057312, -0.7255063652992249, -0.7746181488037109, -0.7895475029945374, -0.788898766040802], "lowlevel.spectral_contrast_coeffs.stdev": [0.07914447784423828, 0.07862349599599838, 0.06611301749944687, 0.06064688414335251, 0.05451223999261856, 0.049755506217479706], "lowlevel.spectral_contrast_valleys.mean": [-6.556896209716797, -8.33115005493164, -8.779680252075195, -8.989429473876953, -8.9553804397583, -12.007508277893066], "lowlevel.spectral_contrast_valleys.stdev": [0.6789886355400085, 0.7334652543067932, 0.7486382126808167, 0.8560328483581543, 1.0936626195907593, 1.3685060739517212], "rhythm.beats_loudness_band_ratio.mean": [0.8725863099098206, 0.10484357178211212, 0.022098613902926445, 0.014851728454232216, 0.021183298900723457, 0.0061592236161231995], "rhythm.beats_loudness_band_ratio.stdev": [0.12061294168233871, 0.11051304638385773, 0.04352857917547226, 0.03065989539027214, 0.05169953405857086, 0.011950536631047726], "tonal.hpcp.mean": [0.04175909608602524, 0.01757178269326687, 0.0037904945202171803, 0.0076238117180764675, 0.010515054687857628, 0.0550537034869194, 0.13050472736358643, 0.09411455690860748, 0.1432519108057022, 0.21910043060779572, 0.09319062530994415, 0.01405993103981018, 0.024190684780478477, 0.020073100924491882, 0.08003393560647964, 0.2203781008720398, 0.1506134271621704, 0.005901343654841185, 0.0028468298260122538, 0.0017699127783998847, 0.0028973794542253017, 0.005516805220395327, 0.006599253509193659, 0.006645841524004936, 0.003863503225147724, 0.001501232385635376, 0.00471491226926446, 0.006648153532296419, 0.012733864597976208, 0.3056503236293793, 0.5540899634361267, 0.2660095691680908, 0.009391659870743752, 0.003058976959437132, 0.005012376233935356, 0.029322395101189613], "tonal.hpcp.stdev": [0.18566107749938965, 0.0818406492471695, 0.02563231624662876, 0.06993094831705093, 0.08724955469369888, 0.14542192220687866, 0.2863386273384094, 0.20144085586071014, 0.25763124227523804, 0.3978126645088196, 0.18497952818870544, 0.08589243143796921, 0.14539743959903717, 0.10649042576551437, 0.14836524426937103, 0.3528766632080078, 0.2542034089565277, 0.03468192741274834, 0.011718695983290672, 0.007844412699341774, 0.0179657693952322, 0.03576766327023506, 0.034757327288389206, 0.041908130049705505, 0.028649020940065384, 0.008620379492640495, 0.045642923563718796, 0.042172037065029144, 0.07047029584646225, 0.2739475965499878, 0.4486328065395355, 0.24526986479759216, 0.056636933237314224, 0.029845068231225014, 0.035735681653022766, 0.1318073868751526], "rhythm.beats_position": [0.5688889026641846, 1.160997748374939, 1.7647165060043335, 2.345215320587158, 2.9257142543792725, 3.494603157043457, 4.0634918212890625, 4.643990993499756, 5.201269626617432, 5.758548736572266, 6.315827369689941, 6.861496448516846, 7.41877555847168, 7.9760541915893555, 8.544942855834961, 9.090612411499023, 9.63628101348877, 10.193559646606445, 10.76244831085205, 11.319727897644043, 11.888616561889648, 12.445895195007324, 13.003174781799316, 13.560453414916992, 14.106122016906738, 14.675010681152344, 15.232290267944336, 15.789568901062012, 16.346847534179688, 16.90412712097168, 17.44979476928711, 17.995464324951172, 18.552743911743164, 19.110021591186523, 19.667301177978516, 20.224580764770508, 20.781858444213867, 21.33913803100586, 21.89641761779785, 22.45369529724121, 23.010974884033203, 23.568254470825195, 24.125532150268555, 24.682811737060547, 25.228479385375977, 25.77414894104004, 26.33142852783203, 26.86548614501953, 27.445985794067383, 28.014875411987305, 28.572153091430664, 29.129432678222656, 29.68671226501465], "rhythm.bpm_histogram": [0.0, 0.0, 0.0, 0.0, 0.0, 0.0, 0.0, 0.0, 0.0, 0.0, 0.0, 0.0, 0.0, 0.0, 0.0, 0.0, 0.0, 0.0, 0.0, 0.0, 0.0, 0.0, 0.0, 0.0, 0.0, 0.0, 0.0, 0.0, 0.0, 0.0, 0.0, 0.0, 0.0, 0.0, 0.0, 0.0, 0.0, 0.0, 0.0, 0.0, 0.0, 0.0, 0.0, 0.0, 0.0, 0.0, 0.0, 0.0, 0.0, 0.0, 0.0, 0.0, 0.0, 0.0, 0.0, 0.0, 0.0, 0.0, 0.0, 0.0, 0.0, 0.0, 0.0, 0.0, 0.0, 0.0, 0.0, 0.0, 0.0, 0.0, 0.0, 0.0, 0.0, 0.0, 0.0, 0.0, 0.0, 0.0, 0.0, 0.0, 0.0, 0.0, 0.0, 0.0, 0.0, 0.0, 0.0, 0.0, 0.0, 0.0, 0.0, 0.0, 0.0, 0.0, 0.0, 0.0, 0.0, 0.0, 0.0, 0.01923076994717121, 0.0, 0.01923076994717121, 0.0, 0.07692307978868484, 0.0, 0.13461539149284363, 0.0, 0.0, 0.5769230723381042, 0.0, 0.1538461595773697, 0.0, 0.01923076994717121, 0.0, 0.0, 0.0, 0.0, 0.0, 0.0, 0.0, 0.0, 0.0, 0.0, 0.0, 0.0, 0.0, 0.0, 0.0, 0.0, 0.0, 0.0, 0.0, 0.0, 0.0, 0.0, 0.0, 0.0, 0.0, 0.0, 0.0, 0.0, 0.0, 0.0, 0.0, 0.0, 0.0, 0.0, 0.0, 0.0, 0.0, 0.0, 0.0, 0.0, 0.0, 0.0, 0.0, 0.0, 0.0, 0.0, 0.0, 0.0, 0.0, 0.0, 0.0, 0.0, 0.0, 0.0, 0.0, 0.0, 0.0, 0.0, 0.0, 0.0, 0.0, 0.0, 0.0, 0.0, 0.0, 0.0, 0.0, 0.0, 0.0, 0.0, 0.0, 0.0, 0.0, 0.0, 0.0, 0.0, 0.0, 0.0, 0.0, 0.0, 0.0, 0.0, 0.0, 0.0, 0.0, 0.0, 0.0, 0.0, 0.0, 0.0, 0.0, 0.0, 0.0, 0.0, 0.0, 0.0, 0.0, 0.0, 0.0, 0.0, 0.0, 0.0, 0.0, 0.0, 0.0, 0.0, 0.0, 0.0, 0.0, 0.0, 0.0, 0.0, 0.0, 0.0, 0.0, 0.0, 0.0, 0.0, 0.0, 0.0, 0.0, 0.0, 0.0, 0.0, 0.0, 0.0, 0.0, 0.0, 0.0, 0.0, 0.0, 0.0, 0.0, 0.0, 0.0, 0.0, 0.0], "tonal.chords_histogram": [3.7037036418914795, 0.0, 2.0061728954315186, 0.0, 0.0, 0.0, 0.0, 12.5, 0.46296295523643494, 75.6172866821289, 0.0, 0.0, 0.3086419701576233, 5.4012346267700195, 0.0, 0.0, 0.0, 0.0, 0.0, 0.0, 0.0, 0.0, 0.0, 0.0], "tonal.thpcp": [1.0, 0.480083703994751, 0.01694970205426216, 0.005520722363144159, 0.009046141989529133, 0.052919916808605194, 0.07536519318819046, 0.03171287104487419, 0.006840936839580536, 0.013759158551692963, 0.01897716149687767, 0.09935878217220306, 0.2355298548936844, 0.1698542833328247, 0.2585354745388031, 0.39542391896247864, 0.16818681359291077, 0.025374816730618477, 0.04365840554237366, 0.03622715175151825, 0.1444421261548996, 0.3977298140525818, 0.2718212604522705, 0.01065051555633545, 0.005137847736477852, 0.003194269724190235, 0.005229077767580748, 0.00995651539415121, 0.01191007625311613, 0.011994156055152416, 0.006972700357437134, 0.0027093656826764345, 0.008509290404617786, 0.011998328380286694, 0.022981584072113037, 0.5516257882118225], "lowlevel.gfcc.cov": [[6650.234375, -2391.896728515625, -1253.0189208984375, 482.19677734375, -1355.859375, 397.0357360839844, -493.3070373535156, 1287.0577392578125, -250.27301025390625, 633.2420043945312, -359.16900634765625, -340.78802490234375, 7.575071334838867], [-2391.896728515625, 2120.69189453125, -102.39205169677734, -719.7169189453125, 775.58740234375, -449.6937255859375, 359.4877014160156, -506.92437744140625, 147.8004150390625, -342.272705078125, 273.6736755371094, -71.64682006835938, 152.61117553710938], [-1253.0189208984375, -102.39205169677734, 1092.3045654296875, 178.81980895996094, 43.92414855957031, 160.85794067382812, -2.3046774864196777, -218.14210510253906, 18.914403915405273, -21.704978942871094, 62.51266098022461, 271.96331787109375, -104.64911651611328], [482.19677734375, -719.7169189453125, 178.81980895996094, 572.6069946289062, -160.9668731689453, 81.13475799560547, -94.6781997680664, 21.371505737304688, 2.9772422313690186, 65.64018249511719, -35.94071960449219, 115.38311767578125, -41.49924087524414], [-1355.859375, 775.58740234375, 43.92414855957031, -160.9668731689453, 647.0174560546875, -129.75779724121094, 81.36363220214844, -274.5621032714844, 80.94255065917969, -166.51573181152344, 95.04896545410156, 32.15859603881836, 53.25022888183594], [397.0357360839844, -449.6937255859375, 160.85794067382812, 81.13475799560547, -129.75779724121094, 401.4618835449219, 16.3858585357666, 38.36088562011719, 0.584592342376709, 106.57972717285156, -42.08980941772461, 36.848243713378906, -33.18024444580078], [-493.3070373535156, 359.4877014160156, -2.3046774864196777, -94.6781997680664, 81.36363220214844, 16.3858585357666, 281.3396301269531, -174.20626831054688, 26.681333541870117, -57.42506408691406, 37.04341125488281, 16.24472999572754, 15.261293411254883], [1287.0577392578125, -506.92437744140625, -218.14210510253906, 21.371505737304688, -274.5621032714844, 38.36088562011719, -174.20626831054688, 518.3056640625, -56.81134033203125, 156.15234375, -46.136390686035156, -109.97395324707031, 29.03727912902832], [-250.27301025390625, 147.8004150390625, 18.914403915405273, 2.9772422313690186, 80.94255065917969, 0.584592342376709, 26.681333541870117, -56.81134033203125, 132.57920837402344, -9.398515701293945, 6.967447280883789, 17.948625564575195, 3.147514581680298], [633.2420043945312, -342.272705078125, -21.704978942871094, 65.64018249511719, -166.51573181152344, 106.57972717285156, -57.42506408691406, 156.15234375, -9.398515701293945, 182.08743286132812, -19.35803985595703, -26.126300811767578, -4.969387531280518], [-359.16900634765625, 273.6736755371094, 62.51266098022461, -35.94071960449219, 95.04896545410156, -42.08980941772461, 37.04341125488281, -46.136390686035156, 6.967447280883789, -19.35803985595703, 139.0291748046875, 19.174041748046875, 25.42025375366211], [-340.78802490234375, -71.64682006835938, 271.96331787109375, 115.38311767578125, 32.15859603881836, 36.848243713378906, 16.24472999572754, -109.97395324707031, 17.948625564575195, -26.126300811767578, 19.174041748046875, 181.6711883544922, -27.34534454345703], [7.575071334838867, 152.61117553710938, -104.64911651611328, -41.49924087524414, 53.25022888183594, -33.18024444580078, 15.261293411254883, 29.03727912902832, 3.147514581680298, -4.969387531280518, 25.42025375366211, -27.34534454345703, 95.00625610351562]], "lowlevel.gfcc.icov": [[0.0009814283112064004, -0.001417751656845212, 0.0013058227486908436, -0.0016666597221046686, 0.0012870158534497023, -0.0014658021973446012, 0.001039802678860724, -0.0015636031748726964, 0.0015321379760280252, -0.0014529972104355693, 0.001845715451054275, -0.000976166280452162, 0.0010854845168069005], [-0.001417751656845212, 0.014111204072833061, -0.003449735464528203, 0.012269051745533943, -0.005417014006525278, 0.009428538382053375, -0.00676098745316267, 0.007067426573485136, -0.009950569830834866, 0.0066051180474460125, -0.013677438721060753, 0.00613239873200655, -0.009640025906264782], [0.0013058227486908436, -0.003449735464528203, 0.003685679053887725, -0.0034512989223003387, 0.0021603202912956476, -0.003460982348769903, 0.0024983473122119904, -0.002369845751672983, 0.0031593902967870235, -0.002512275241315365, 0.003006414510309696, -0.004008885473012924, 0.003698582062497735], [-0.0016666597221046686, 0.012269051745533943, -0.0034512989223003387, 0.013332084752619267, -0.004545269068330526, 0.008398197591304779, -0.005239005200564861, 0.006884757429361343, -0.009187014773488045, 0.005596471019089222, -0.011872002854943275, 0.003841330762952566, -0.008456116542220116], [0.0012870158534497023, -0.005417014006525278, 0.0021603202912956476, -0.004545269068330526, 0.005634555593132973, -0.003988498821854591, 0.0035940189845860004, -0.0023152397479861975, 0.0030591615941375494, -0.0018294242909178138, 0.004581258166581392, -0.0026711358223110437, 0.002380647696554661], [-0.0014658021973446012, 0.009428538382053375, -0.003460982348769903, 0.008398197591304779, -0.003988498821854591, 0.010150622576475143, -0.005617564544081688, 0.0052073048427701, -0.007000951562076807, 0.00273316353559494, -0.00828018318861723, 0.004127722233533859, -0.006302496884018183], [0.001039802678860724, -0.00676098745316267, 0.0024983473122119904, -0.005239005200564861, 0.0035940189845860004, -0.005617564544081688, 0.008736767806112766, -0.0017274186247959733, 0.004461697768419981, -0.0028806489426642656, 0.0056356023997068405, -0.0033577403519302607, 0.0036163523327559233], [-0.0015636031748726964, 0.007067426573485136, -0.002369845751672983, 0.006884757429361343, -0.0023152397479861975, 0.0052073048427701, -0.0017274186247959733, 0.008661224506795406, -0.0050893509760499, 0.0022184851113706827, -0.007461018860340118, 0.004405914805829525, -0.0065353321842849255], [0.0015321379760280252, -0.009950569830834866, 0.0031593902967870235, -0.009187014773488045, 0.0030591615941375494, -0.007000951562076807, 0.004461697768419981, -0.0050893509760499, 0.01589847356081009, -0.006289070472121239, 0.010428658686578274, -0.005083702504634857, 0.00689872819930315], [-0.0014529972104355693, 0.0066051180474460125, -0.002512275241315365, 0.005596471019089222, -0.0018294242909178138, 0.00273316353559494, -0.0028806489426642656, 0.0022184851113706827, -0.006289070472121239, 0.01385173387825489, -0.008064757101237774, 0.004205165430903435, -0.004751149564981461], [0.001845715451054275, -0.013677438721060753, 0.003006414510309696, -0.011872002854943275, 0.004581258166581392, -0.00828018318861723, 0.0056356023997068405, -0.007461018860340118, 0.010428658686578274, -0.008064757101237774, 0.022809654474258423, -0.0065726013854146, 0.00710246991366148], [-0.000976166280452162, 0.00613239873200655, -0.004008885473012924, 0.003841330762952566, -0.0026711358223110437, 0.004127722233533859, -0.0033577403519302607, 0.004405914805829525, -0.005083702504634857, 0.004205165430903435, -0.0065726013854146, 0.013398409821093082, -0.004375791177153587], [0.0010854845168069005, -0.009640025906264782, 0.003698582062497735, -0.008456116542220116, 0.002380647696554661, -0.006302496884018183, 0.0036163523327559233, -0.0065353321842849255, 0.00689872819930315, -0.004751149564981461, 0.00710246991366148, -0.004375791177153587, 0.02054859884083271]], "lowlevel.mfcc.cov": [[7986.69384765625, -3011.99072265625, -439.5810852050781, -478.7107238769531, -415.687744140625, -1036.475830078125, 152.00164794921875, -403.7713317871094, 492.3264465332031, 686.135986328125, 316.71002197265625, 40.633567810058594, -407.094482421875], [-3011.99072265625, 2736.69677734375, -698.5513305664062, -49.32281494140625, 88.53881072998047, 83.70306396484375, 70.13336944580078, 44.374900817871094, -152.6818084716797, -125.4629898071289, -194.22225952148438, -65.35182189941406, 109.88020324707031], [-439.5810852050781, -698.5513305664062, 1109.82080078125, 86.2649917602539, -24.048980712890625, 260.5739440917969, -53.361045837402344, 116.83602142333984, -24.619972229003906, -180.20018005371094, 133.99539184570312, 101.39112091064453, 159.0205535888672], [-478.7107238769531, -49.32281494140625, 86.2649917602539, 428.60675048828125, 51.95420455932617, 87.072265625, -80.1379623413086, 65.09617614746094, -73.69095611572266, -106.05236053466797, -50.577857971191406, 3.6999940872192383, 97.61431884765625], [-415.687744140625, 88.53881072998047, -24.048980712890625, 51.95420455932617, 413.329345703125, -42.37021255493164, 6.186511039733887, 2.999744415283203, 9.9817476272583, -50.89155578613281, 6.169195652008057, 112.03147888183594, 20.114856719970703], [-1036.475830078125, 83.70306396484375, 260.5739440917969, 87.072265625, -42.37021255493164, 701.2012939453125, -82.52826690673828, 160.66415405273438, -92.34500885009766, -43.464820861816406, -44.51588439941406, -87.5302505493164, 87.02349853515625], [152.00164794921875, 70.13336944580078, -53.361045837402344, -80.1379623413086, 6.186511039733887, -82.52826690673828, 221.68788146972656, -29.315364837646484, 36.229713439941406, 22.657262802124023, 36.484745025634766, 52.92130661010742, -6.730514049530029], [-403.7713317871094, 44.374900817871094, 116.83602142333984, 65.09617614746094, 2.999744415283203, 160.66415405273438, -29.315364837646484, 173.80946350097656, -18.99429702758789, -41.23998260498047, -17.130393981933594, -19.236446380615234, 50.07776641845703], [492.3264465332031, -152.6818084716797, -24.619972229003906, -73.69095611572266, 9.9817476272583, -92.34500885009766, 36.229713439941406, -18.99429702758789, 160.87109375, 71.2711410522461, 46.84791564941406, 24.453264236450195, -10.49189281463623], [686.135986328125, -125.4629898071289, -180.20018005371094, -106.05236053466797, -50.89155578613281, -43.464820861816406, 22.657262802124023, -41.23998260498047, 71.2711410522461, 231.64801025390625, 29.11204719543457, -35.2366943359375, -68.5209732055664], [316.71002197265625, -194.22225952148438, 133.99539184570312, -50.577857971191406, 6.169195652008057, -44.51588439941406, 36.484745025634766, -17.130393981933594, 46.84791564941406, 29.11204719543457, 145.04360961914062, 71.56465911865234, 1.0445408821105957], [40.633567810058594, -65.35182189941406, 101.39112091064453, 3.6999940872192383, 112.03147888183594, -87.5302505493164, 52.92130661010742, -19.236446380615234, 24.453264236450195, -35.2366943359375, 71.56465911865234, 178.57699584960938, 19.250946044921875], [-407.094482421875, 109.88020324707031, 159.0205535888672, 97.61431884765625, 20.114856719970703, 87.02349853515625, -6.730514049530029, 50.07776641845703, -10.49189281463623, -68.5209732055664, 1.0445408821105957, 19.250946044921875, 160.60511779785156]], "lowlevel.mfcc.icov": [[0.0006211437867023051, 0.0007358814473263919, 0.0005503196734935045, 0.00030059306300245225, 0.0005067546735517681, 0.0004948786227032542, -2.9563403586507775e-05, 0.00015824116417206824, -0.00033837519004009664, -0.0006110319518484175, -0.0003050662053283304, -0.00015984867059160024, -0.0003004538593813777], [0.0007358814473263919, 0.0015200991183519363, 0.0012809621402993798, 0.0007928224513307214, 0.000549786607734859, 0.00046788135659880936, -0.00017921807011589408, -1.8905921024270356e-05, 0.00012413057265803218, -0.0002169928775401786, -0.00016836001304909587, -0.00027160669560544193, -0.0012997239828109741], [0.0005503196734935045, 0.0012809621402993798, 0.002723381854593754, 0.0008018560474738479, 0.0007928315899334848, -0.0001609286555321887, 0.0003271830501034856, -0.0004253358638379723, 8.281006739707664e-05, 0.0010785689810290933, -0.0017631624359637499, -0.0008194499532692134, -0.0019558370113372803], [0.00030059306300245225, 0.0007928224513307214, 0.0008018560474738479, 0.0037282889243215322, 1.9227945813327096e-05, 0.00027421273989602923, 0.0008272413979284465, -0.0006141154444776475, 0.0010715937241911888, 0.0005422458634711802, 0.0005831999587826431, -0.0005138103733770549, -0.0024061480071395636], [0.0005067546735517681, 0.000549786607734859, 0.0007928315899334848, 1.9227945813327096e-05, 0.0035992166958749294, 0.0002807026030495763, 0.0003656553744804114, -5.1651233661687e-05, -0.0007252779905684292, -4.791725586983375e-05, 0.0002626858768053353, -0.0025908122770488262, -0.0002187762438552454], [0.0004948786227032542, 0.00046788135659880936, -0.0001609286555321887, 0.00027421273989602923, 0.0002807026030495763, 0.002680037869140506, 0.00017382744408678263, -0.0013299899874255061, 0.0007157088257372379, -0.0012060482986271381, 9.870388566923793e-06, 0.0008231118554249406, -0.0007049016421660781], [-2.9563403586507775e-05, -0.00017921807011589408, 0.0003271830501034856, 0.0008272413979284465, 0.0003656553744804114, 0.00017382744408678263, 0.005587274674326181, 8.214516856241971e-05, -0.00042870850302278996, -1.2707125279121101e-05, -0.000555371749214828, -0.001716508180834353, -0.000534582941327244], [0.00015824116417206824, -1.8905921024270356e-05, -0.0004253358638379723, -0.0006141154444776475, -5.1651233661687e-05, -0.0013299899874255061, 8.214516856241971e-05, 0.008109030313789845, -0.001006776699796319, 0.00025297445245087147, 0.0003425815957598388, 0.0005579018616117537, -0.0006163982907310128], [-0.00033837519004009664, 0.00012413057265803218, 8.281006739707664e-05, 0.0010715937241911888, -0.0007252779905684292, 0.0007157088257372379, -0.00042870850302278996, -0.001006776699796319, 0.00934593565762043, -0.0018255512695759535, -0.0011446630815044045, -0.00010691877832869068, -0.0018249887507408857], [-0.0006110319518484175, -0.0002169928775401786, 0.0010785689810290933, 0.0005422458634711802, -4.791725586983375e-05, -0.0012060482986271381, -1.2707125279121101e-05, 0.00025297445245087147, -0.0018255512695759535, 0.008216057904064655, -0.0018635629676282406, 0.001414958038367331, 0.0010108051355928183], [-0.0003050662053283304, -0.00016836001304909587, -0.0017631624359637499, 0.0005831999587826431, 0.0002626858768053353, 9.870388566923793e-06, -0.000555371749214828, 0.0003425815957598388, -0.0011446630815044045, -0.0018635629676282406, 0.012065098620951176, -0.00401832303032279, 9.82144774752669e-05], [-0.00015984867059160024, -0.00027160669560544193, -0.0008194499532692134, -0.0005138103733770549, -0.0025908122770488262, 0.0008231118554249406, -0.001716508180834353, 0.0005579018616117537, -0.00010691877832869068, 0.001414958038367331, -0.00401832303032279, 0.010525475256145, -0.00010191409091930836], [-0.0003004538593813777, -0.0012997239828109741, -0.0019558370113372803, -0.0024061480071395636, -0.0002187762438552454, -0.0007049016421660781, -0.000534582941327244, -0.0006163982907310128, -0.0018249887507408857, 0.0010108051355928183, 9.82144774752669e-05, -0.00010191409091930836, 0.010655825957655907]], "metadata.audio_properties.analysis.downmix": "mix", "metadata.audio_properties.codec": "mp3", "metadata.audio_properties.md5_encoded": "de8bd47e592785bef0c5c900f6ac9fb6", "metadata.tags.file_name": "1183710459573055568.mp3", "metadata.version.essentia": "2.1-beta6-dev", "metadata.version.essentia_git_sha": "v2.1_beta5-1110-g77a6a954", "metadata.version.extractor": "music 2.0", "tonal.chords_key": "G", "tonal.chords_scale": "major", "tonal.key_edma.key": "C", "tonal.key_edma.scale": "minor", "tonal.key_krumhansl.key": "C", "tonal.key_krumhansl.scale": "minor", "tonal.key_temperley.key": "C", "tonal.key_temperley.scale": "minor", "metadata.tags.encoding": ["Lavf58.45.100"]}, "essentia_models": [{"model_name": "genre_dortmund", "activations": {"alternative": "0.295159", "blues": "0.004574448", "electronic": "0.014467897", "folkcountry": "0.32871658", "funksoulrnb": "0.0049770214", "jazz": "0.03868653", "pop": "0.14722148", "raphiph