{"song_id": "1183690030582091826", "download": "https://cdn.discordapp.com/attachments/1135911532732108921/1183690030582091826/chirp.mp4?ex=6589403f&amp", "lyrics": "[\u30b5\u30d3]\n\u71c3\u3048\u308b\u708e\u3001\u5fc3\u306e\u53eb\u3073\n\u904b\u547d\u306b\u7acb\u3061\u5411\u304b\u3046\u3001\u5b64\u72ec\u306a\u6226\u58eb\n\u95c7\u3092\u5207\u308a\u88c2\u304f\u3001\u7121\u6575\u306e\u5263\n\u30bd\u30eb\u30fb\u30d0\u30c3\u30c9\u30ac\u30a4\u3001\u6c38\u9060\u306e\u4f1d\u8aac\n\n[1\u756a]\n\u8352\u308c\u72c2\u3046\u4e16\u754c\u3067\u3001\u3072\u3068\u308a\u4f47\u3080\n\u904e\u53bb\u306e\u5f71\u3092\u80cc\u306b\u3001\u6226\u3044\u306e\u9053\u3092\u884c\u304f\n\u91cd\u3044\u904b\u547d\u3092\u8ca0\u3044\u3001\u305f\u3060\u524d\u3092\u898b\u3064\u3081\n\u7d42\u308f\u308a\u306a\u304d\u6226\u3044\u306b\u3001\u81ea\u5206\u3092\u8ced\u3051\u308b\n\n[\u30b5\u30d3]\n\u71c3\u3048\u308b\u708e\u3001\u5fc3\u306e\u53eb\u3073\n\u904b\u547d\u306b\u7acb\u3061\u5411\u304b\u3046\u3001\u5b64\u72ec\u306a\u6226\u58eb\n\u95c7\u3092\u5207\u308a\u88c2\u304f\u3001\u7121\u6575\u306e\u5263\n\u30bd\u30eb\u30fb\u30d0\u30c3\u30c9\u30ac\u30a4\u3001\u6c38\u9060\u306e\u4f1d\u8aac\n\n[2\u756a]\n\u9650\u308a\u306a\u304f\u5e83\u304c\u308b\u3001\u679c\u3066\u3057\u306a\u3044\u95d8\u3044\n\u529b\u3068\u52c7\u6c17\u3092\u80f8\u306b\u3001\u7acb\u3061\u5411\u304b\u3046\u65e5\u3005\n\u904e\u9177\u306a\u904b\u547d\u306b\u3082\u3001\u5c48\u3059\u308b\u3053\u3068\u306a\u304f\n\u5f7c\u306e\u9b42\u306f\u3001\u71c3\u3048\u7d9a\u3051\u308b\n\n[\u30b5\u30d3]\n\u71c3\u3048\u308b\u708e\u3001\u5fc3\u306e\u53eb\u3073\n\u904b\u547d\u306b\u7acb\u3061\u5411\u304b\u3046\u3001\u5b64\u72ec\u306a\u6226\u58eb\n\u95c7\u3092\u5207\u308a\u88c2\u304f\u3001\u7121\u6575\u306e\u5263\n\u30bd\u30eb\u30fb\u30d0\u30c3\u30c9\u30ac\u30a4\u3001\u6c38\u9060\u306e\u4f1d\u8aac\n\n[\u30d6\u30ea\u30c3\u30b8]\n\u6642\u3092\u8d85\u3048\u3001\u5909\u308f\u3089\u306c\u5f37\u3055\u3067\n\u95c7\u306b\u7acb\u3061\u5411\u304b\u3046\u3001\u3072\u3068\u308a\u306e\u5f71\n\u305d\u306e\u540d\u306f\u8a9e\u308a\u7d99\u304c\u308c\u308b\n\u52c7\u6c17\u3068\u5e0c\u671b\u306e\u8c61\u5fb4\u3068\u3057\u3066\n\n[\u30b5\u30d3]\n\u71c3\u3048\u308b\u708e\u3001\u5fc3\u306e\u53eb\u3073\n\u904b\u547d\u306b\u7acb\u3061\u5411\u304b\u3046\u3001\u5b64\u72ec\u306a\u6226\u58eb\n\u95c7\u3092\u5207\u308a\u88c2\u304f\u3001\u7121\u6575\u306e\u5263\n\u30bd\u30eb\u30fb\u30d0\u30c3\u30c9\u30ac\u30a4\u3001\u6c38\u9060\u306e\u4f1d\u8aac", "style": ["Heavy Metal"], "essentia_features": {"lowlevel.average_loudness": 0.9787364602088928, "lowlevel.barkbands_crest.mean": 15.6466703414917, "lowlevel.barkbands_crest.stdev": 5.9200215339660645, "lowlevel.barkbands_flatness_db.mean": 0.152889683842659, "lowlevel.barkbands_flatness_db.stdev": 0.05575722083449364, "lowlevel.barkbands_kurtosis.mean": 7.679355144500732, "lowlevel.barkbands_kurtosis.stdev": 9.233471870422363, "lowlevel.barkbands_skewness.mean": 2.5024759769439697, "lowlevel.barkbands_skewness.stdev": 1.516026258468628, "lowlevel.barkbands_spread.mean": 26.189905166625977, "lowlevel.barkbands_spread.stdev": 14.752188682556152, "lowlevel.dissonance.mean": 0.49031487107276917, "lowlevel.dissonance.stdev": 0.010632354766130447, "lowlevel.dynamic_complexity": 1.1507371664047241, "lowlevel.erbbands_crest.mean": 6.584675312042236, "lowlevel.erbbands_crest.stdev": 2.9199345111846924, "lowlevel.erbbands_flatness_db.mean": 0.12373210489749908, "lowlevel.erbbands_flatness_db.stdev": 0.028489602729678154, "lowlevel.erbbands_kurtosis.mean": 0.8323708772659302, "lowlevel.erbbands_kurtosis.stdev": 1.535576581954956, "lowlevel.erbbands_skewness.mean": -0.6970995664596558, "lowlevel.erbbands_skewness.stdev": 0.5795149207115173, "lowlevel.erbbands_spread.mean": 44.852046966552734, "lowlevel.erbbands_spread.stdev": 16.91823387145996, "lowlevel.hfc.mean": 31.5650577545166, "lowlevel.hfc.stdev": 16.081405639648438, "lowlevel.loudness_ebu128.integrated": -13.21752643585205, "lowlevel.loudness_ebu128.loudness_range": 1.2942266464233398, "lowlevel.loudness_ebu128.momentary.mean": -13.569565773010254, "lowlevel.loudness_ebu128.momentary.stdev": 3.3731391429901123, "lowlevel.loudness_ebu128.short_term.mean": -13.213264465332031, "lowlevel.loudness_ebu128.short_term.stdev": 0.4460897743701935, "lowlevel.melbands_crest.mean": 23.35201644897461, "lowlevel.melbands_crest.stdev": 7.428378105163574, "lowlevel.melbands_flatness_db.mean": 0.21985159814357758, "lowlevel.melbands_flatness_db.stdev": 0.07154834270477295, "lowlevel.melbands_kurtosis.mean": 37.021671295166016, "lowlevel.melbands_kurtosis.stdev": 34.420711517333984, "lowlevel.melbands_skewness.mean": 5.14951229095459, "lowlevel.melbands_skewness.stdev": 2.604557514190674, "lowlevel.melbands_spread.mean": 20.420581817626953, "lowlevel.melbands_spread.stdev": 19.340036392211914, "lowlevel.pitch_salience.mean": 0.4048638939857483, "lowlevel.pitch_salience.stdev": 0.17878618836402893, "lowlevel.silence_rate_20dB.mean": 1.0, "lowlevel.silence_rate_20dB.stdev": 0.0, "lowlevel.silence_rate_30dB.mean": 0.863847017288208, "lowlevel.silence_rate_30dB.stdev": 0.3429519832134247, "lowlevel.silence_rate_60dB.mean": 0.016801854595541954, "lowlevel.silence_rate_60dB.stdev": 0.12852835655212402, "lowlevel.spectral_centroid.mean": 2165.903076171875, "lowlevel.spectral_centroid.stdev": 817.3184204101562, "lowlevel.spectral_complexity.mean": 33.318077087402344, "lowlevel.spectral_complexity.stdev": 9.211076736450195, "lowlevel.spectral_decrease.mean": -1.824064455036023e-08, "lowlevel.spectral_decrease.stdev": 9.136945422483223e-09, "lowlevel.spectral_energy.mean": 0.07170748710632324, "lowlevel.spectral_energy.stdev": 0.034557852894067764, "lowlevel.spectral_energyband_high.mean": 0.001743979868479073, "lowlevel.spectral_energyband_high.stdev": 0.001290317508392036, "lowlevel.spectral_energyband_low.mean": 0.05485882982611656, "lowlevel.spectral_energyband_low.stdev": 0.03528112173080444, "lowlevel.spectral_energyband_middle_high.mean": 0.00734410434961319, "lowlevel.spectral_energyband_middle_high.stdev": 0.005313461180776358, "lowlevel.spectral_energyband_middle_low.mean": 0.008695047348737717, "lowlevel.spectral_energyband_middle_low.stdev": 0.013509796932339668, "lowlevel.spectral_entropy.mean": 8.029226303100586, "lowlevel.spectral_entropy.stdev": 0.22610455751419067, "lowlevel.spectral_flux.mean": 0.1521507203578949, "lowlevel.spectral_flux.stdev": 0.0690169557929039, "lowlevel.spectral_kurtosis.mean": 2.8944780826568604, "lowlevel.spectral_kurtosis.stdev": 1.2275564670562744, "lowlevel.spectral_rms.mean": 0.008042333647608757, "lowlevel.spectral_rms.stdev": 0.00229766801930964, "lowlevel.spectral_rolloff.mean": 1129.0601806640625, "lowlevel.spectral_rolloff.stdev": 1989.9139404296875, "lowlevel.spectral_skewness.mean": 1.146949291229248, "lowlevel.spectral_skewness.stdev": 0.22630815207958221, "lowlevel.spectral_spread.mean": 4781153.5, "lowlevel.spectral_spread.stdev": 2821309.25, "lowlevel.spectral_strongpeak.mean": 0.5465748906135559, "lowlevel.spectral_strongpeak.stdev": 0.4686243236064911, "lowlevel.zerocrossingrate.mean": 0.05618487671017647, "lowlevel.zerocrossingrate.stdev": 0.055591266602277756, "metadata.audio_properties.analysis.equal_loudness": 0.0, "metadata.audio_properties.analysis.length": 40.04265213012695, "metadata.audio_properties.analysis.sample_rate": 44100.0, "metadata.audio_properties.analysis.start_time": 0.0, "metadata.audio_properties.bit_rate": 116786.0, "metadata.audio_properties.length": 40.042667388916016, "metadata.audio_properties.lossless": 0.0, "metadata.audio_properties.number_channels": 1.0, "metadata.audio_properties.replay_gain": -11.405254364013672, "metadata.audio_properties.sample_rate": 48000.0, "rhythm.beats_count": 99.0, "rhythm.beats_loudness.mean": 0.08938369154930115, "rhythm.beats_loudness.stdev": 0.028696265071630478, "rhythm.bpm": 149.97866821289062, "rhythm.bpm_histogram_first_peak_bpm": 152.0, "rhythm.bpm_histogram_first_peak_weight": 0.48275864124298096, "rhythm.bpm_histogram_second_peak_bpm": 144.0, "rhythm.bpm_histogram_second_peak_spread": 0.3999999761581421, "rhythm.bpm_histogram_second_peak_weight": 0.06122449040412903, "rhythm.danceability": 1.5210700035095215, "rhythm.onset_rate": 5.192934989929199, "tonal.chords_changes_rate": 0.10532407462596893, "tonal.chords_number_rate": 0.011574073694646358, "tonal.chords_strength.mean": 0.4899565279483795, "tonal.chords_strength.stdev": 0.07869914174079895, "tonal.hpcp_crest.mean": 9.694066047668457, "tonal.hpcp_crest.stdev": 4.67518949508667, "tonal.hpcp_entropy.mean": 2.7522292137145996, "tonal.hpcp_entropy.stdev": 0.797932505607605, "tonal.key_edma.strength": 0.3561083674430847, "tonal.key_krumhansl.strength": 0.35979118943214417, "tonal.key_temperley.strength": 0.36211180686950684, "tonal.tuning_diatonic_strength": 0.6260934472084045, "tonal.tuning_equal_tempered_deviation": 0.34834036231040955, "tonal.tuning_frequency": 434.193115234375, "tonal.tuning_nontempered_energy_ratio": 0.9418613314628601, "lowlevel.barkbands.mean": [0.00312581448815763, 0.04403955116868019, 0.006897343322634697, 0.0028940814081579447, 0.0037704294081777334, 0.00042723657679744065, 0.0006262842216528952, 0.00021507030760403723, 0.0005063407588750124, 0.0006156418821774423, 0.000705380633007735, 0.0006801801500841975, 0.00057336495956406, 0.00046879908768460155, 0.0009463785099796951, 0.0009938842849805951, 0.0009866647887974977, 0.0005363428499549627, 0.0006982285412959754, 0.0005452448967844248, 0.00047673421795479953, 0.00033112120581790805, 0.00024020341516006738, 0.00018394280050415546, 0.00014025984273757786, 8.238070586230606e-05, 6.287650080594176e-07], "lowlevel.barkbands.stdev": [0.0022838837467134, 0.03351191058754921, 0.010156017728149891, 0.005110695958137512, 0.008386919274926186, 0.0008568842895328999, 0.0016590439481660724, 0.0004008955729659647, 0.0014644277980551124, 0.0014838612405583262, 0.0014883616240695119, 0.0013477973407134414, 0.0008775450405664742, 0.0005942895659245551, 0.0013361724559217691, 0.0011966514866799116, 0.0010050858836621046, 0.0005375288892537355, 0.0005054677021689713, 0.0003587348328437656, 0.0003262779500801116, 0.00023520368267782032, 0.000211024860618636, 0.00020156924438197166, 0.0002885314170271158, 0.0002881062391679734, 3.855358500004513e-06], "lowlevel.erbbands.mean": [1.903998851776123, 7.291230201721191, 8.841690063476562, 8.617149353027344, 15.901966094970703, 9.039109230041504, 3.406512498855591, 3.918219566345215, 8.391081809997559, 6.988339900970459, 5.4360833168029785, 11.070112228393555, 18.87446403503418, 25.86512565612793, 26.387006759643555, 28.34481430053711, 26.67829132080078, 24.351146697998047, 47.05670166015625, 36.3390007019043, 69.41576385498047, 51.43507766723633, 29.474172592163086, 38.29539108276367, 29.358383178710938, 26.069713592529297, 22.174915313720703, 16.18419075012207, 13.033010482788086, 8.42723274230957, 6.466397762298584, 4.202267646789551, 2.894366502761841, 1.7294992208480835, 0.9160024523735046, 0.4626906216144562, 0.134259432554245, 0.01228040549904108, 0.00028938089963048697, 9.489776857662946e-05], "lowlevel.erbbands.stdev": [1.5040823221206665, 6.226372718811035, 11.705451011657715, 11.711530685424805, 34.310264587402344, 20.536052703857422, 6.92301082611084, 8.273160934448242, 24.370529174804688, 14.046648025512695, 10.051848411560059, 25.538049697875977, 56.51983642578125, 58.788387298583984, 45.54725646972656, 64.50574493408203, 39.40610122680664, 31.524616241455078, 72.04715728759766, 32.71954345703125, 82.23938751220703, 38.86864471435547, 27.527217864990234, 35.170867919921875, 17.8365478515625, 17.676109313964844, 15.44643783569336, 10.59847640991211, 9.327607154846191, 7.177211761474609, 5.724654197692871, 4.14433479309082, 3.516037702560425, 2.98213529586792, 2.2872416973114014, 1.4269071817398071, 0.5138745307922363, 0.0553508922457695, 0.0010621135588735342, 5.601564407697879e-05], "lowlevel.gfcc.mean": [37.91914367675781, 63.14686965942383, -116.72209167480469, 66.91700744628906, -31.428701400756836, 38.77360153198242, -26.512557983398438, 20.001882553100586, -21.384403228759766, 7.850830554962158, -17.255517959594727, 3.6306467056274414, -6.381496906280518], "lowlevel.melbands.mean": [0.014107765629887581, 0.005925309378653765, 0.0017638293793424964, 0.0009526059147901833, 0.00014313161955215037, 8.633514516986907e-05, 0.0001321286108577624, 6.811795174144208e-05, 4.567749783745967e-05, 7.530390575993806e-05, 9.196557221002877e-05, 9.902081364998594e-05, 8.912735938793048e-05, 8.291448466479778e-05, 5.637848153128289e-05, 5.864457489224151e-05, 4.243035800755024e-05, 6.99633892509155e-05, 6.651438889093697e-05, 4.3911793909501284e-05, 9.3008806288708e-05, 5.902196789975278e-05, 3.040614683413878e-05, 2.4062201191554777e-05, 3.251851740060374e-05, 2.3032900571706705e-05, 1.8783237464958802e-05, 1.6922209397307597e-05, 1.4085138900554739e-05, 1.2291528037167154e-05, 8.329982847499195e-06, 8.174140930350404e-06, 5.0125740926887374e-06, 4.5920555749034975e-06, 3.909744464181131e-06, 2.972863057948416e-06, 2.4456053324684035e-06, 2.1070109141874127e-06, 1.6937331110966625e-06, 1.3626064401250915e-06], "lowlevel.melbands.stdev": [0.010898707434535027, 0.005553646944463253, 0.002527967793866992, 0.0021294045727699995, 0.0002921288541983813, 0.0001810207322705537, 0.00036959952558390796, 0.0001304659090237692, 9.484359907219186e-05, 0.00019845263159368187, 0.00028294441290199757, 0.00022809651272837073, 0.00016592672909609973, 0.00015667111438233405, 9.549508104100823e-05, 9.383234282722697e-05, 6.494994886452332e-05, 0.00010690717317629606, 8.268519741250202e-05, 4.630274270311929e-05, 0.00011358616029610857, 5.082927236799151e-05, 2.9501310564228334e-05, 2.3886042981757782e-05, 3.159025072818622e-05, 1.5498633729293942e-05, 1.1791143151640426e-05, 1.298934148508124e-05, 1.0391434443590697e-05, 9.671753105067182e-06, 5.492552190844435e-06, 6.101901817601174e-06, 4.123274266021326e-06, 4.219694801577134e-06, 3.5333912364876596e-06, 2.796677108563017e-06, 2.685417712200433e-06, 2.5743524929566775e-06, 2.3219763534143567e-06, 2.6293103019270347e-06], "lowlevel.melbands128.mean": [0.002611153991892934, 0.017095215618610382, 0.018371447920799255, 0.009807220660150051, 0.005133173428475857, 0.0030149752274155617, 0.0015964065678417683, 0.0015257791383191943, 0.0018279189243912697, 0.0010238703107461333, 0.00036670395638793707, 0.0001627508900128305, 0.00010087980626849458, 8.052768680499867e-05, 8.670783427078277e-05, 8.660986350150779e-05, 0.0001033500739140436, 0.00016981546650640666, 0.00013281290011946112, 6.734752241754904e-05, 4.3419262510724366e-05, 3.6280671338317916e-05, 4.7000492486404255e-05, 5.228488225839101e-05, 6.331310578389093e-05, 8.640530722914264e-05, 9.955703717423603e-05, 0.0001140911626862362, 5.789743590867147e-05, 7.3348252044525e-05, 0.00013467573444359004, 0.00011170658399350941, 7.218474638648331e-05, 8.965943561634049e-05, 7.525573892053217e-05, 9.213443263433874e-05, 7.971957529662177e-05, 4.240568887325935e-05, 4.9304628191748634e-05, 6.696237687719986e-05, 6.873253732919693e-05, 3.479864972177893e-05, 3.801306229433976e-05, 5.032807166571729e-05, 4.281335714040324e-05, 6.754619244020432e-05, 0.00011402480595279485, 7.585714774904773e-05, 4.206150333629921e-05, 3.687244316097349e-05, 3.5368826502235606e-05, 5.770794814452529e-05, 9.936845890479162e-05, 0.0001017594913719222, 9.339808457298204e-05, 4.963909668731503e-05, 3.9956230466486886e-05, 3.146890958305448e-05, 2.8770004064426757e-05, 2.3753622372169048e-05, 2.1184217985137366e-05, 2.389043766015675e-05, 3.695631312439218e-05, 3.524759813444689e-05, 2.62955672951648e-05, 2.2630469175055623e-05, 2.1582727640634403e-05, 1.7940539692062885e-05, 1.902731128211599e-05, 1.869231891760137e-05, 1.7607506379135884e-05, 1.4873800864734221e-05, 1.565388447488658e-05, 1.3877395758754574e-05, 1.2292424798943102e-05, 1.3923319784225896e-05, 1.2141208571847528e-05, 8.2418018791941e-06, 7.771014679747168e-06, 7.884644219302572e-06, 9.668347956903744e-06, 7.926444595796056e-06, 5.7269703575002495e-06, 4.660619197238702e-06, 4.324174824432703e-06, 4.7713333515275735e-06, 4.569202701532049e-06, 4.501589046412846e-06, 3.9679625842836685e-06, 3.5036459848925006e-06, 3.0942253488319693e-06, 3.0202738798834616e-06, 2.380773821641924e-06, 2.4057248992903624e-06, 2.492406792953261e-06, 2.2985664145380724e-06, 1.940228230523644e-06, 2.0064062482560985e-06, 1.6217317124755937e-06, 1.6060508869486512e-06, 1.6157282516360283e-06, 1.3571170711657032e-06, 1.018858483803342e-06, 9.762447916727979e-07, 1.0411274615762522e-06, 1.03945649243542e-06, 1.0066598861158127e-06, 8.78302614637505e-07, 7.849978373997146e-07, 7.732773497082235e-07, 5.95918322687794e-07, 4.807486106983561e-07, 4.4823525513493223e-07, 3.108171711119212e-07, 1.936708429184364e-07, 1.3163148082639964e-07, 2.789052722107499e-08, 2.6767126293236743e-09, 2.3048946432013828e-11, 1.5538400427450583e-11, 1.4636472589479865e-11, 1.1965217878995293e-11, 1.0684847104314166e-11, 1.0497915037266381e-11, 1.0309897033322635e-11, 1.0115293151702343e-11, 9.992689835314206e-12, 9.932330131967593e-12], "lowlevel.melbands128.stdev": [0.0021506526973098516, 0.013720151036977768, 0.016049901023507118, 0.009510000236332417, 0.007124266587197781, 0.004432364366948605, 0.0023492472246289253, 0.0029977699741721153, 0.004144979640841484, 0.0025731439236551523, 0.0008895484497770667, 0.00036597842699848115, 0.0002358216734137386, 0.00018324912525713444, 0.00021899028797633946, 0.00021875368838664144, 0.00030408785096369684, 0.0006293240585364401, 0.0003532790287863463, 0.00015185217489488423, 0.00010791934619192034, 7.413003913825378e-05, 0.00011999779235338792, 0.00017251051031053066, 0.00013428085367195308, 0.00033609417732805014, 0.00042134191608056426, 0.00046889111399650574, 0.0001369062374578789, 0.00019353162497282028, 0.0004122353857383132, 0.00030103547032922506, 0.0001698898122413084, 0.00022751658980268985, 0.0001220385092892684, 0.00025892312987707555, 0.0002807023993227631, 6.479903095168993e-05, 0.00011064392310800031, 0.00013545079855248332, 0.00014607411867473274, 4.204744618618861e-05, 7.670759077882394e-05, 0.0001096320484066382, 4.9608745030127466e-05, 0.0001469065755372867, 0.0002218537119915709, 0.0001322673779213801, 5.3333551477408037e-05, 4.4793014239985496e-05, 4.549032018985599e-05, 9.309666347689927e-05, 0.00018779182573780417, 0.00015581375919282436, 0.0001253121008630842, 4.7879486373858526e-05, 3.7178095226408914e-05, 3.6812605685554445e-05, 3.660720540210605e-05, 3.0601844628108665e-05, 2.569252683315426e-05, 2.7644840884022415e-05, 5.449323361972347e-05, 3.780554834520444e-05, 2.5683129933895543e-05, 1.8287444618181325e-05, 1.9334738681209274e-05, 1.443619930796558e-05, 1.559986048960127e-05, 1.4532753084495198e-05, 1.9645671272883192e-05, 1.2489164873841219e-05, 1.4054199709789827e-05, 1.2512634384620469e-05, 1.061712646333035e-05, 1.2938782674609683e-05, 1.201034046971472e-05, 6.114753887231927e-06, 6.183887762745144e-06, 6.117480097600492e-06, 8.930895091907587e-06, 7.025270861049648e-06, 5.328523457137635e-06, 4.521164100879105e-06, 4.345698016550159e-06, 5.067936399427708e-06, 4.910123607260175e-06, 4.125289251533104e-06, 4.117579010198824e-06, 3.833185019175289e-06, 3.2031312002800405e-06, 3.238684712414397e-06, 2.5344691039208556e-06, 3.060772996832384e-06, 3.126433284705854e-06, 3.1013510124466848e-06, 2.561212113505462e-06, 2.822806663971278e-06, 2.299916332049179e-06, 2.528832510506618e-06, 2.9814989375154255e-06, 3.264970928285038e-06, 2.141204504368943e-06, 2.4368753201997606e-06, 3.260518042225158e-06, 2.787681296467781e-06, 2.6324225927965017e-06, 2.4646976726216963e-06, 2.716939889069181e-06, 2.8244353416084778e-06, 2.3798872916813707e-06, 1.9652968603622867e-06, 1.8977658555741073e-06, 1.3348886795938597e-06, 9.174423780677898e-07, 7.893860356489313e-07, 1.6101212452213076e-07, 2.4840382195634447e-08, 4.314093526858187e-10, 1.5870361969039237e-10, 1.3284494337906239e-10, 4.093058530996174e-11, 1.2932720866443148e-11, 1.270831183342036e-11, 1.2521953092481386e-11, 1.237099051670798e-11, 1.226194493164634e-11, 1.219497853394147e-11], "lowlevel.mfcc.mean": [-595.03857421875, 82.69962310791016, -7.251162052154541, 38.83235168457031, 23.428199768066406, 26.254234313964844, 16.204931259155273, 15.7330322265625, 12.691789627075195, 7.758962631225586, 0.6059786677360535, 4.619588851928711, 4.4114837646484375], "lowlevel.spectral_contrast_coeffs.mean": [-0.725053608417511, -0.8221592307090759, -0.8135515451431274, -0.8029689788818359, -0.8028457760810852, -0.7336946129798889], "lowlevel.spectral_contrast_coeffs.stdev": [0.07658995687961578, 0.05498367175459862, 0.051156215369701385, 0.03783757984638214, 0.028656935319304466, 0.03745830059051514], "lowlevel.spectral_contrast_valleys.mean": [-6.450014591217041, -7.088133811950684, -7.055344581604004, -6.895655155181885, -6.688730239868164, -9.601131439208984], "lowlevel.spectral_contrast_valleys.stdev": [1.8355752229690552, 1.7193025350570679, 1.685798168182373, 1.6755211353302002, 1.6785341501235962, 1.5256904363632202], "rhythm.beats_loudness_band_ratio.mean": [0.8337346911430359, 0.0292401984333992, 0.02548135630786419, 0.041586052626371384, 0.056575480848550797, 0.03183244168758392], "rhythm.beats_loudness_band_ratio.stdev": [0.18623106181621552, 0.04723866283893585, 0.05313808098435402, 0.07670395821332932, 0.05651486665010452, 0.04676421731710434], "tonal.hpcp.mean": [0.16734763979911804, 0.14432336390018463, 0.11256010085344315, 0.09347649663686752, 0.080284483730793, 0.057324234396219254, 0.03891604393720627, 0.03736824169754982, 0.04546821862459183, 0.05493349954485893, 0.051447946578264236, 0.04055708274245262, 0.03511577844619751, 0.03919444605708122, 0.047042425721883774, 0.05229640007019043, 0.05691152438521385, 0.051751043647527695, 0.04558999836444855, 0.05073672905564308, 0.0483219139277935, 0.03546305000782013, 0.031297553330659866, 0.03595840185880661, 0.05135897174477577, 0.06158498302102089, 0.0654420256614685, 0.08463579416275024, 0.12517058849334717, 0.1880715936422348, 0.24222613871097565, 0.2675895094871521, 0.2628098726272583, 0.22783596813678741, 0.193290576338768, 0.177500918507576], "tonal.hpcp.stdev": [0.2968527376651764, 0.2799795866012573, 0.23735351860523224, 0.21093398332595825, 0.1907915323972702, 0.15316098928451538, 0.1250651478767395, 0.11706388741731644, 0.14672920107841492, 0.161236971616745, 0.14575371146202087, 0.11701607704162598, 0.10389222949743271, 0.0917600616812706, 0.1216764897108078, 0.12567315995693207, 0.14005859196186066, 0.12558072805404663, 0.1308211088180542, 0.14199298620224, 0.14218518137931824, 0.1011831983923912, 0.09438828378915787, 0.09973184019327164, 0.1331270933151245, 0.15839000046253204, 0.17699655890464783, 0.21196800470352173, 0.2570042908191681, 0.30972909927368164, 0.3375580310821533, 0.35076162219047546, 0.36754536628723145, 0.3395414650440216, 0.3200945556163788, 0.30932021141052246], "rhythm.beats_position": [0.41795918345451355, 0.8359183669090271, 1.2538775205612183, 1.6486167907714844, 2.043355941772461, 2.4380950927734375, 2.832834482192993, 3.2391836643218994, 3.6455328464508057, 4.051881790161133, 4.458230972290039, 4.876190185546875, 5.305759429931641, 5.735328674316406, 6.153287887573242, 6.571247100830078, 7.000816345214844, 7.430385589599609, 7.848344326019287, 8.254693984985352, 8.649433135986328, 9.055782318115234, 9.450521469116211, 9.833650588989258, 10.228389739990234, 10.63473892211914, 11.041088104248047, 11.447437286376953, 11.85378646850586, 12.260135650634766, 12.654874801635742, 13.049613952636719, 13.444353103637695, 13.839092254638672, 14.245442390441895, 14.6517915725708, 15.058140754699707, 15.464489936828613, 15.85922908782959, 16.25396728515625, 16.648706436157227, 17.055055618286133, 17.46140480041504, 17.856143951416016, 18.250883102416992, 18.6572322845459, 19.063581466674805, 19.458322525024414, 19.85306167602539, 20.247800827026367, 20.642539978027344, 21.04888916015625, 21.455238342285156, 21.849977493286133, 22.24471664428711, 22.651065826416016, 23.057415008544922, 23.4521541595459, 23.858503341674805, 24.26485252380371, 24.659591674804688, 25.054330825805664, 25.44906997680664, 25.855419158935547, 26.261768341064453, 26.65650749206543, 27.051246643066406, 27.445985794067383, 27.85233497619629, 28.258684158325195, 28.653423309326172, 29.04816246032715, 29.454511642456055, 29.86086082458496, 30.255599975585938, 30.650339126586914, 31.04507827758789, 31.451427459716797, 31.857776641845703, 32.25251770019531, 32.647254943847656, 33.05360412597656, 33.45995330810547, 33.85469436645508, 34.24943161010742, 34.65578079223633, 35.062129974365234, 35.456871032714844, 35.85160827636719, 36.2463493347168, 36.6526985168457, 37.05904769897461, 37.45378494262695, 37.86013412475586, 38.266483306884766, 38.661224365234375, 39.05596160888672, 39.45070266723633, 39.857051849365234], "rhythm.bpm_histogram": [0.0, 0.0, 0.0, 0.0, 0.0, 0.0, 0.0, 0.0, 0.0, 0.0, 0.0, 0.0, 0.0, 0.0, 0.0, 0.0, 0.0, 0.0, 0.0, 0.0, 0.0, 0.0, 0.0, 0.0, 0.0, 0.0, 0.0, 0.0, 0.0, 0.0, 0.0, 0.0, 0.0, 0.0, 0.0, 0.0, 0.0, 0.0, 0.0, 0.0, 0.0, 0.0, 0.0, 0.0, 0.0, 0.0, 0.0, 0.0, 0.0, 0.0, 0.0, 0.0, 0.0, 0.0, 0.0, 0.0, 0.0, 0.0, 0.0, 0.0, 0.0, 0.0, 0.0, 0.0, 0.0, 0.0, 0.0, 0.0, 0.0, 0.0, 0.0, 0.0, 0.0, 0.0, 0.0, 0.0, 0.0, 0.0, 0.0, 0.0, 0.0, 0.0, 0.0, 0.0, 0.0, 0.0, 0.0, 0.0, 0.0, 0.0, 0.0, 0.0, 0.0, 0.0, 0.0, 0.0, 0.0, 0.0, 0.0, 0.0, 0.0, 0.0, 0.0, 0.0, 0.0, 0.0, 0.0, 0.0, 0.0, 0.0, 0.0, 0.0, 0.0, 0.0, 0.0, 0.0, 0.0, 0.0, 0.0, 0.0, 0.0, 0.0, 0.0, 0.0, 0.0, 0.0, 0.0, 0.0, 0.0, 0.0, 0.0, 0.0, 0.0, 0.0, 0.0, 0.0, 0.0, 0.0, 0.0, 0.0, 0.040816325694322586, 0.0, 0.0, 0.0, 0.06122449040412903, 0.0, 0.0, 0.0, 0.4285714328289032, 0.0, 0.0, 0.0, 0.4591836631298065, 0.0, 0.0, 0.0, 0.0, 0.010204081423580647, 0.0, 0.0, 0.0, 0.0, 0.0, 0.0, 0.0, 0.0, 0.0, 0.0, 0.0, 0.0, 0.0, 0.0, 0.0, 0.0, 0.0, 0.0, 0.0, 0.0, 0.0, 0.0, 0.0, 0.0, 0.0, 0.0, 0.0, 0.0, 0.0, 0.0, 0.0, 0.0, 0.0, 0.0, 0.0, 0.0, 0.0, 0.0, 0.0, 0.0, 0.0, 0.0, 0.0, 0.0, 0.0, 0.0, 0.0, 0.0, 0.0, 0.0, 0.0, 0.0, 0.0, 0.0, 0.0, 0.0, 0.0, 0.0, 0.0, 0.0, 0.0, 0.0, 0.0, 0.0, 0.0, 0.0, 0.0, 0.0, 0.0, 0.0, 0.0, 0.0, 0.0, 0.0, 0.0, 0.0, 0.0, 0.0, 0.0, 0.0, 0.0, 0.0, 0.0, 0.0, 0.0, 0.0, 0.0, 0.0, 0.0, 0.0, 0.0, 0.0], "tonal.chords_histogram": [51.85185241699219, 0.23148147761821747, 4.745370388031006, 2.1990740299224854, 0.0, 3.5879628658294678, 0.0, 0.0, 0.0, 3.819444417953491, 23.148147583007812, 0.0, 0.11574073880910873, 0.0, 0.0, 0.0, 0.23148147761821747, 0.3472222089767456, 0.0, 2.5462963581085205, 2.430555582046509, 0.0, 2.8935184478759766, 1.8518518209457397], "tonal.thpcp": [1.0, 0.9821381568908691, 0.8514383435249329, 0.7223398685455322, 0.6633328795433044, 0.6253893971443176, 0.5393460988998413, 0.4206446707248688, 0.349327951669693, 0.3000285029411316, 0.21422451734542847, 0.14543187618255615, 0.13964763283729553, 0.16991779208183289, 0.20529018342494965, 0.19226443767547607, 0.1515645533800125, 0.13123002648353577, 0.1464722752571106, 0.17580071091651917, 0.19543516635894775, 0.21268220245838165, 0.1933971345424652, 0.1703728884458542, 0.18960657715797424, 0.18058224022388458, 0.13252779841423035, 0.11696106195449829, 0.13437896966934204, 0.19193193316459656, 0.23014722764492035, 0.24456125497817993, 0.31628966331481934, 0.46777090430259705, 0.7028362154960632, 0.9052153825759888], "lowlevel.gfcc.cov": [[15838.2919921875, 1074.2490234375, -717.1847534179688, 721.8916625976562, -379.16326904296875, 333.6221008300781, -352.1086120605469, 216.67428588867188, -219.05274963378906, 42.780643463134766, -243.182373046875, 36.9615592956543, -183.633056640625], [1074.2490234375, 455.53631591796875, -34.542240142822266, 149.93594360351562, 50.01223373413086, -0.6075575351715088, 58.77216339111328, -12.325186729431152, 38.21957015991211, -22.07146453857422, 25.403844833374023, -11.9716215133667, 57.59395217895508], [-717.1847534179688, -34.542240142822266, 448.7964782714844, 126.57003021240234, 103.99051666259766, -10.919136047363281, -16.361576080322266, -48.17103576660156, 6.360468864440918, 22.439207077026367, -17.719858169555664, -2.717919111251831, -30.027915954589844], [721.8916625976562, 149.93594360351562, 126.57003021240234, 372.51153564453125, 196.25045776367188, 98.87803649902344, 59.857601165771484, -22.989789962768555, 38.40605545043945, 29.458629608154297, -10.935295104980469, -31.641155242919922, 41.92354965209961], [-379.16326904296875, 50.01223373413086, 103.99051666259766, 196.25045776367188, 342.0185546875, 87.89053344726562, 161.00851440429688, 17.664533615112305, 78.25215911865234, 52.52212905883789, 23.967769622802734, -7.242897033691406, 53.37016677856445], [333.6221008300781, -0.6075575351715088, -10.919136047363281, 98.87803649902344, 87.89053344726562, 134.76626586914062, 81.224609375, 37.650753021240234, 12.99118423461914, 16.941360473632812, -0.6513737440109253, -7.4526472091674805, 16.986061096191406], [-352.1086120605469, 58.77216339111328, -16.361576080322266, 59.857601165771484, 161.00851440429688, 81.224609375, 199.48861694335938, 61.91495132446289, 58.256744384765625, 11.360895156860352, 24.37299346923828, -5.867126941680908, 48.497222900390625], [216.67428588867188, -12.325186729431152, -48.17103576660156, -22.989789962768555, 17.664533615112305, 37.650753021240234, 61.91495132446289, 95.73072814941406, 44.978424072265625, 23.224109649658203, 11.570921897888184, 13.356152534484863, 4.471471309661865], [-219.05274963378906, 38.21957015991211, 6.360468864440918, 38.40605545043945, 78.25215911865234, 12.99118423461914, 58.256744384765625, 44.978424072265625, 96.29359436035156, 47.405662536621094, 35.251373291015625, 5.2722907066345215, 29.96351432800293], [42.780643463134766, -22.07146453857422, 22.439207077026367, 29.458629608154297, 52.52212905883789, 16.941360473632812, 11.360895156860352, 23.224109649658203, 47.405662536621094, 73.9913558959961, 33.703704833984375, 14.281083106994629, 3.9603776931762695], [-243.182373046875, 25.403844833374023, -17.719858169555664, -10.935295104980469, 23.967769622802734, -0.6513737440109253, 24.37299346923828, 11.570921897888184, 35.251373291015625, 33.703704833984375, 68.62383270263672, 23.717269897460938, 24.21343994140625], [36.9615592956543, -11.9716215133667, -2.717919111251831, -31.641155242919922, -7.242897033691406, -7.4526472091674805, -5.867126941680908, 13.356152534484863, 5.2722907066345215, 14.281083106994629, 23.717269897460938, 44.62146759033203, 11.376903533935547], [-183.633056640625, 57.59395217895508, -30.027915954589844, 41.92354965209961, 53.37016677856445, 16.986061096191406, 48.497222900390625, 4.471471309661865, 29.96351432800293, 3.9603776931762695, 24.21343994140625, 11.376903533935547, 76.00927734375]], "lowlevel.gfcc.icov": [[0.0003168421098962426, -0.001036616275086999, 0.000648961344268173, -0.0008206170168705285, 0.0001602211850695312, -0.000528439471963793, 0.000915961223654449, -0.0014959160471335053, 0.0014049482997506857, -0.0013948744162917137, 0.0014769163681194186, -0.00134118867572397, 0.0010181977413594723], [-0.001036616275086999, 0.006878470536321402, -0.001557574258185923, 0.00027522703749127686, 0.00040890774107538164, 0.003427512478083372, -0.004287241958081722, 0.005321162287145853, -0.0059715332463383675, 0.007188059855252504, -0.00668701995164156, 0.004171331878751516, -0.003628799458965659], [0.000648961344268173, -0.001557574258185923, 0.00458867521956563, -0.003093637293204665, -0.0003775030199903995, 8.279761823359877e-05, 0.0014263250632211566, -0.0011349532287567854, 0.0017794183222576976, -0.00284651480615139, 0.003964405041188002, -0.004968572873622179, 0.0045980713330209255], [-0.0008206170168705285, 0.00027522703749127686, -0.003093637293204665, 0.0097064059227705, -0.0033808948937803507, -0.003804972395300865, 0.0007056304020807147, 0.005471819546073675, -0.004307805094867945, 0.0013645829167217016, -0.001220632460899651, 0.00679507851600647, -0.005315964575856924], [0.0001602211850695312, 0.00040890774107538164, -0.0003775030199903995, -0.0033808948937803507, 0.008936743251979351, -0.00015805433213245124, -0.006688150577247143, 0.003439730266109109, -0.0019618035294115543, -0.004179554525762796, 0.002344026230275631, -0.0026715511921793222, 0.0002624980406835675], [-0.000528439471963793, 0.003427512478083372, 8.279761823359877e-05, -0.003804972395300865, -0.00015805433213245124, 0.01677197962999344, -0.006724794860929251, -0.003330116393044591, 0.004409081768244505, -0.0009349173051305115, -0.00274763535708189, 0.0033542995806783438, -0.0022090678103268147], [0.000915961223654449, -0.004287241958081722, 0.0014263250632211566, 0.0007056304020807147, -0.006688150577247143, -0.006724794860929251, 0.019147075712680817, -0.012514851987361908, 0.0031167815905064344, 0.002529681194573641, -0.00019236312073189765, 0.0019736604299396276, -0.001240405486896634], [-0.0014959160471335053, 0.005321162287145853, -0.0011349532287567854, 0.005471819546073675, 0.003439730266109109, -0.003330116393044591, -0.012514851987361908, 0.03305964171886444, -0.0202152281999588, 0.004073336720466614, 0.0003475257835816592, -0.0045654140412807465, 0.0015861872816458344], [0.0014049482997506857, -0.0059715332463383675, 0.0017794183222576976, -0.004307805094867945, -0.0019618035294115543, 0.004409081768244505, 0.0031167815905064344, -0.0202152281999588, 0.03611425310373306, -0.019193120300769806, 0.0008900584070943296, 0.0034474360290914774, -0.0034453056287020445], [-0.0013948744162917137, 0.007188059855252504, -0.00284651480615139, 0.0013645829167217016, -0.004179554525762796, -0.0009349173051305115, 0.002529681194573641, 0.004073336720466614, -0.019193120300769806, 0.03866128250956535, -0.018526744097471237, 0.0014305603690445423, 0.0018357206135988235], [0.0014769163681194186, -0.00668701995164156, 0.003964405041188002, -0.001220632460899651, 0.002344026230275631, -0.00274763535708189, -0.00019236312073189765, 0.0003475257835816592, 0.0008900584070943296, -0.018526744097471237, 0.03652143478393555, -0.017843807116150856, 0.0015959308948367834], [-0.00134118867572397, 0.004171331878751516, -0.004968572873622179, 0.00679507851600647, -0.0026715511921793222, 0.0033542995806783438, 0.0019736604299396276, -0.0045654140412807465, 0.0034474360290914774, 0.0014305603690445423, -0.017843807116150856, 0.04314460977911949, -0.014183174818754196], [0.0010181977413594723, -0.003628799458965659, 0.0045980713330209255, -0.005315964575856924, 0.0002624980406835675, -0.0022090678103268147, -0.001240405486896634, 0.0015861872816458344, -0.0034453056287020445, 0.0018357206135988235, 0.0015959308948367834, -0.014183174818754196, 0.026998870074748993]], "lowlevel.mfcc.cov": [[6444.86474609375, 699.3908081054688, 232.42025756835938, 262.9108581542969, 108.49598693847656, 75.56684875488281, -25.17900848388672, 119.88485717773438, 6.749422550201416, 30.68431854248047, 10.039471626281738, -38.89156723022461, 13.36931037902832], [699.3908081054688, 339.9739990234375, -22.020748138427734, 89.41301727294922, 4.973378658294678, 20.100549697875977, 20.70963478088379, 35.460243225097656, 18.861204147338867, 10.254347801208496, 6.626753330230713, 0.2915128469467163, 14.554280281066895], [232.42025756835938, -22.020748138427734, 294.9681091308594, 72.09168243408203, 47.04033660888672, 16.538835525512695, -46.430389404296875, -38.84693908691406, -44.857322692871094, -22.146207809448242, -15.09510326385498, -14.075132369995117, -22.358469009399414], [262.9108581542969, 89.41301727294922, 72.09168243408203, 292.22857666015625, 154.24795532226562, 161.71804809570312, 64.86396026611328, 13.641507148742676, 68.61022186279297, 46.274654388427734, -6.926602840423584, 39.28563690185547, 31.63249397277832], [108.49598693847656, 4.973378658294678, 47.04033660888672, 154.24795532226562, 161.4212188720703, 120.75540161132812, 40.76716613769531, -0.733269214630127, 39.35904312133789, 35.30633544921875, 6.296102046966553, 33.320281982421875, 24.802352905273438], [75.56684875488281, 20.100549697875977, 16.538835525512695, 161.71804809570312, 120.75540161132812, 189.08456420898438, 101.44694519042969, 29.07040786743164, 67.99759674072266, 46.489688873291016, -2.2422187328338623, 29.835046768188477, 22.759164810180664], [-25.17900848388672, 20.70963478088379, -46.430389404296875, 64.86396026611328, 40.76716613769531, 101.44694519042969, 131.6774139404297, 63.1892204284668, 64.48271942138672, 37.47859191894531, 9.164969444274902, 22.913219451904297, 16.85059928894043], [119.88485717773438, 35.460243225097656, -38.84693908691406, 13.641507148742676, -0.733269214630127, 29.07040786743164, 63.1892204284668, 85.60039520263672, 57.16415023803711, 25.537525177001953, 8.88409423828125, 10.342665672302246, 13.08698844909668], [6.749422550201416, 18.861204147338867, -44.857322692871094, 68.61022186279297, 39.35904312133789, 67.99759674072266, 64.48271942138672, 57.16415023803711, 107.5205078125, 56.765506744384766, 9.36237907409668, 28.563919067382812, 27.92966651916504], [30.68431854248047, 10.254347801208496, -22.146207809448242, 46.274654388427734, 35.30633544921875, 46.489688873291016, 37.47859191894531, 25.537525177001953, 56.765506744384766, 66.93875885009766, 27.50845718383789, 29.46788215637207, 22.92835235595703], [10.039471626281738, 6.626753330230713, -15.09510326385498, -6.926602840423584, 6.296102046966553, -2.2422187328338623, 9.164969444274902, 8.88409423828125, 9.36237907409668, 27.50845718383789, 53.34030532836914, 25.53714370727539, 15.565564155578613], [-38.89156723022461, 0.2915128469467163, -14.075132369995117, 39.28563690185547, 33.320281982421875, 29.835046768188477, 22.913219451904297, 10.342665672302246, 28.563919067382812, 29.46788215637207, 25.53714370727539, 57.97535705566406, 34.40542984008789], [13.36931037902832, 14.554280281066895, -22.358469009399414, 31.63249397277832, 24.802352905273438, 22.759164810180664, 16.85059928894043, 13.08698844909668, 27.92966651916504, 22.92835235595703, 15.565564155578613, 34.40542984008789, 50.86966323852539]], "lowlevel.mfcc.icov": [[0.0002274679864058271, -0.0004418065364006907, -0.00017124343139585108, 1.8735710909822956e-05, -0.00017587929323781282, -0.00010849851969396695, 0.00035429804120212793, -0.0005840567755512893, 0.0002934476942755282, -0.00024511944502592087, -3.127982608930324e-06, 0.00024276101612485945, -6.696852506138384e-05], [-0.0004418065364006907, 0.004739743657410145, 0.0010070072021335363, -0.002886315807700157, 0.001817034208215773, 0.0005874602939002216, -8.633565448690206e-05, -0.0011212998069822788, 0.0008136884425766766, 0.0005527427420020103, -0.0013245713198557496, 0.0012417330872267485, -0.0009646647959016263], [-0.00017124343139585108, 0.0010070072021335363, 0.00491326954215765, -0.0020676006097346544, -0.0003682929673232138, -0.0005846414132975042, 0.002109476365149021, -0.0008450314635410905, 0.0023085970897227526, 0.0002049628528766334, -0.00026234640972688794, 0.00010101478255819529, 0.0018139192834496498], [1.8735710909822956e-05, -0.002886315807700157, -0.0020676006097346544, 0.011271800845861435, -0.0056634810753166676, -0.004140816628932953, 0.00014648473006673157, 0.002039999468252063, -0.003361796261742711, -0.00034259300446137786, 0.003502118634060025, -0.002669835463166237, -0.0003221779770683497], [-0.00017587929323781282, 0.001817034208215773, -0.0003682929673232138, -0.0056634810753166676, 0.017677849158644676, -0.00795013178139925, 0.0028131483122706413, 0.0015026431065052748, 0.000515719351824373, -0.00032805578666739166, -0.0028151962906122208, -0.001723799272440374, -0.0016024243086576462], [-0.00010849851969396695, 0.0005874602939002216, -0.0005846414132975042, -0.004140816628932953, -0.00795013178139925, 0.021678371354937553, -0.013276015408337116, 0.004272733815014362, -0.0019032678101211786, -0.002970518311485648, 0.003959596157073975, 0.0011679839808493853, 3.643614400061779e-05], [0.00035429804120212793, -8.633565448690206e-05, 0.002109476365149021, 0.00014648473006673157, 0.00281314