{"song_id": "1183690054061797447", "download": "https://cdn.discordapp.com/attachments/1135903449314238464/1183690054061797447/chirp.mp4?ex=65894044&amp", "lyrics": "[verse]\nIn a world of work, where friendships are formed\nFive years ago, at Huan Yu we adorned\nShouldering burdens, side by side we stood\nBuilding bonds of trust, like friendship's wood\n\n[chorus]\nOh, the memories we shared, the laughter we found\nIn the halls of Huan Yu, where fates were bound\nThrough hard work and hardships, our spirits grew strong\nFriends at Huan Yu, our camaraderie lives on", "style": ["random"], "essentia_features": {"lowlevel.average_loudness": 0.9766251444816589, "lowlevel.barkbands_crest.mean": 9.414602279663086, "lowlevel.barkbands_crest.stdev": 2.797027587890625, "lowlevel.barkbands_flatness_db.mean": 0.2016126662492752, "lowlevel.barkbands_flatness_db.stdev": 0.03391529619693756, "lowlevel.barkbands_kurtosis.mean": 0.5787225961685181, "lowlevel.barkbands_kurtosis.stdev": 2.0239124298095703, "lowlevel.barkbands_skewness.mean": 0.8368015289306641, "lowlevel.barkbands_skewness.stdev": 0.7178255319595337, "lowlevel.barkbands_spread.mean": 16.97317123413086, "lowlevel.barkbands_spread.stdev": 4.8095269203186035, "lowlevel.dissonance.mean": 0.43398723006248474, "lowlevel.dissonance.stdev": 0.0357244573533535, "lowlevel.dynamic_complexity": 1.4062825441360474, "lowlevel.erbbands_crest.mean": 13.30178451538086, "lowlevel.erbbands_crest.stdev": 4.123978614807129, "lowlevel.erbbands_flatness_db.mean": 0.23088648915290833, "lowlevel.erbbands_flatness_db.stdev": 0.04070708155632019, "lowlevel.erbbands_kurtosis.mean": 1.2316490411758423, "lowlevel.erbbands_kurtosis.stdev": 1.4740567207336426, "lowlevel.erbbands_skewness.mean": -0.1758112758398056, "lowlevel.erbbands_skewness.stdev": 0.6165706515312195, "lowlevel.erbbands_spread.mean": 19.147066116333008, "lowlevel.erbbands_spread.stdev": 8.090106964111328, "lowlevel.hfc.mean": 28.069684982299805, "lowlevel.hfc.stdev": 12.039229393005371, "lowlevel.loudness_ebu128.integrated": -13.631272315979004, "lowlevel.loudness_ebu128.loudness_range": 1.706202507019043, "lowlevel.loudness_ebu128.momentary.mean": -13.805357933044434, "lowlevel.loudness_ebu128.momentary.stdev": 1.3782240152359009, "lowlevel.loudness_ebu128.short_term.mean": -13.604987144470215, "lowlevel.loudness_ebu128.short_term.stdev": 0.6728233695030212, "lowlevel.melbands_crest.mean": 17.19408416748047, "lowlevel.melbands_crest.stdev": 5.466554164886475, "lowlevel.melbands_flatness_db.mean": 0.25261902809143066, "lowlevel.melbands_flatness_db.stdev": 0.04251355677843094, "lowlevel.melbands_kurtosis.mean": 3.287264585494995, "lowlevel.melbands_kurtosis.stdev": 5.480559349060059, "lowlevel.melbands_skewness.mean": 1.5301733016967773, "lowlevel.melbands_skewness.stdev": 1.0425007343292236, "lowlevel.melbands_spread.mean": 20.978796005249023, "lowlevel.melbands_spread.stdev": 6.498010635375977, "lowlevel.pitch_salience.mean": 0.4416617751121521, "lowlevel.pitch_salience.stdev": 0.09160293638706207, "lowlevel.silence_rate_20dB.mean": 1.0, "lowlevel.silence_rate_20dB.stdev": 0.0, "lowlevel.silence_rate_30dB.mean": 0.99437016248703, "lowlevel.silence_rate_30dB.stdev": 0.07481992989778519, "lowlevel.silence_rate_60dB.mean": 0.004222378600388765, "lowlevel.silence_rate_60dB.stdev": 0.06484108418226242, "lowlevel.spectral_centroid.mean": 920.565185546875, "lowlevel.spectral_centroid.stdev": 214.77610778808594, "lowlevel.spectral_complexity.mean": 17.410978317260742, "lowlevel.spectral_complexity.stdev": 5.248907089233398, "lowlevel.spectral_decrease.mean": -1.2838468066433961e-08, "lowlevel.spectral_decrease.stdev": 5.42207700959807e-09, "lowlevel.spectral_energy.mean": 0.05100133270025253, "lowlevel.spectral_energy.stdev": 0.021202629432082176, "lowlevel.spectral_energyband_high.mean": 0.00021827984892297536, "lowlevel.spectral_energyband_high.stdev": 0.00037830325891263783, "lowlevel.spectral_energyband_low.mean": 0.023097580298781395, "lowlevel.spectral_energyband_low.stdev": 0.016967209056019783, "lowlevel.spectral_energyband_middle_high.mean": 0.01380493026226759, "lowlevel.spectral_energyband_middle_high.stdev": 0.006537231151014566, "lowlevel.spectral_energyband_middle_low.mean": 0.014335470274090767, "lowlevel.spectral_energyband_middle_low.stdev": 0.010247427970170975, "lowlevel.spectral_entropy.mean": 7.085842132568359, "lowlevel.spectral_entropy.stdev": 0.350507527589798, "lowlevel.spectral_flux.mean": 0.07521209865808487, "lowlevel.spectral_flux.stdev": 0.03829051926732063, "lowlevel.spectral_kurtosis.mean": 8.844559669494629, "lowlevel.spectral_kurtosis.stdev": 5.484077453613281, "lowlevel.spectral_rms.mean": 0.0068770768120884895, "lowlevel.spectral_rms.stdev": 0.001569487270899117, "lowlevel.spectral_rolloff.mean": 1107.31982421875, "lowlevel.spectral_rolloff.stdev": 432.2533264160156, "lowlevel.spectral_skewness.mean": 2.216989278793335, "lowlevel.spectral_skewness.stdev": 0.5760213732719421, "lowlevel.spectral_spread.mean": 3131265.25, "lowlevel.spectral_spread.stdev": 959181.9375, "lowlevel.spectral_strongpeak.mean": 1.2780152559280396, "lowlevel.spectral_strongpeak.stdev": 1.406484842300415, "lowlevel.zerocrossingrate.mean": 0.03725232183933258, "lowlevel.zerocrossingrate.stdev": 0.011073175817728043, "metadata.audio_properties.analysis.equal_loudness": 0.0, "metadata.audio_properties.analysis.length": 32.95997619628906, "metadata.audio_properties.analysis.sample_rate": 44100.0, "metadata.audio_properties.analysis.start_time": 0.0, "metadata.audio_properties.bit_rate": 108701.0, "metadata.audio_properties.length": 32.959999084472656, "metadata.audio_properties.lossless": 0.0, "metadata.audio_properties.number_channels": 1.0, "metadata.audio_properties.replay_gain": -11.039207458496094, "metadata.audio_properties.sample_rate": 48000.0, "rhythm.beats_count": 69.0, "rhythm.beats_loudness.mean": 0.04983365908265114, "rhythm.beats_loudness.stdev": 0.017730295658111572, "rhythm.bpm": 126.44891357421875, "rhythm.bpm_histogram_first_peak_bpm": 126.0, "rhythm.bpm_histogram_first_peak_weight": 0.4477611780166626, "rhythm.bpm_histogram_second_peak_bpm": 120.0, "rhythm.bpm_histogram_second_peak_spread": 0.0, "rhythm.bpm_histogram_second_peak_weight": 0.014705882407724857, "rhythm.danceability": 1.2108731269836426, "rhythm.onset_rate": 5.125508785247803, "tonal.chords_changes_rate": 0.03656821325421333, "tonal.chords_number_rate": 0.005625878926366568, "tonal.chords_strength.mean": 0.5048961639404297, "tonal.chords_strength.stdev": 0.06482180207967758, "tonal.hpcp_crest.mean": 17.496259689331055, "tonal.hpcp_crest.stdev": 7.992170810699463, "tonal.hpcp_entropy.mean": 1.5575677156448364, "tonal.hpcp_entropy.stdev": 0.5956062078475952, "tonal.key_edma.strength": 0.6073558926582336, "tonal.key_krumhansl.strength": 0.6092073321342468, "tonal.key_temperley.strength": 0.6087883710861206, "tonal.tuning_diatonic_strength": 0.5674659609794617, "tonal.tuning_equal_tempered_deviation": 0.08772125840187073, "tonal.tuning_frequency": 437.2131652832031, "tonal.tuning_nontempered_energy_ratio": 0.7850377559661865, "lowlevel.barkbands.mean": [5.0445800297893584e-05, 0.008736801333725452, 0.013914101757109165, 0.000655132404062897, 0.0024190011899918318, 0.001641176058910787, 0.0026391437277197838, 0.0036424959544092417, 0.003119130153208971, 0.006326701026409864, 0.00046540083712898195, 0.0016207786975428462, 0.0009324323036707938, 0.0003901802992913872, 0.0035208372864872217, 0.00022310340136755258, 0.0002831938036251813, 0.0001179381797555834, 6.886190385557711e-05, 3.6571855162037537e-05, 4.780382732860744e-05, 7.192746124928817e-05, 4.251267819199711e-05, 2.179976763727609e-05, 1.2665550457313657e-05, 1.2648722531594103e-06, 1.922436210222145e-09], "lowlevel.barkbands.stdev": [8.013777551241219e-05, 0.009464173577725887, 0.009778308682143688, 0.0010703117586672306, 0.002711722394451499, 0.0018926897319033742, 0.0038738923612982035, 0.005756123922765255, 0.006219607777893543, 0.004518968518823385, 0.0008757652249187231, 0.002519839908927679, 0.0015832504723221064, 0.0008259725873358548, 0.002948027802631259, 0.00030856343801133335, 0.0004532564780674875, 0.00011936810915358365, 8.108240581350401e-05, 7.572692265966907e-05, 0.00010442816710565239, 0.00014003498654346913, 6.988682434894145e-05, 3.776903395191766e-05, 2.0784260414075106e-05, 3.642811179815908e-06, 8.350652613842158e-09], "lowlevel.erbbands.mean": [0.06733167171478271, 2.779008626937866, 16.705385208129883, 6.176364898681641, 5.123586177825928, 7.433561325073242, 16.701080322265625, 9.635056495666504, 30.439558029174805, 42.77214050292969, 96.22760009765625, 82.64012908935547, 60.42445373535156, 231.5377960205078, 38.42866897583008, 78.4948959350586, 49.785675048828125, 29.366369247436523, 212.50534057617188, 34.9787712097168, 16.140539169311523, 13.809045791625977, 7.8323774337768555, 5.215797424316406, 2.4424655437469482, 1.8117822408676147, 1.7386846542358398, 2.4325287342071533, 2.546361207962036, 1.6787837743759155, 1.1208375692367554, 0.555898129940033, 0.3348674774169922, 0.1945129930973053, 0.06039152666926384, 0.012791317887604237, 0.0008190391818061471, 3.590617052395828e-05, 2.762735130090732e-05, 5.865012280992232e-05], "lowlevel.erbbands.stdev": [0.11286411434412003, 2.707289218902588, 11.795658111572266, 5.08170747756958, 5.911984920501709, 10.342268943786621, 22.825172424316406, 12.17638111114502, 44.946495056152344, 65.52638244628906, 151.0613555908203, 160.74298095703125, 64.5723876953125, 165.299072265625, 48.11338806152344, 118.6635971069336, 76.00885009765625, 43.99032211303711, 175.63352966308594, 28.423494338989258, 18.686599731445312, 22.566146850585938, 9.41961669921875, 5.541049480438232, 3.216156482696533, 3.7269699573516846, 3.661198377609253, 5.281193733215332, 4.8369526863098145, 3.0441246032714844, 1.9333312511444092, 0.9425862431526184, 0.6131553053855896, 0.31611794233322144, 0.10996785014867783, 0.0327165313065052, 0.0027833508793264627, 0.00014062660920899361, 1.2147836059739348e-05, 2.3920747480588034e-05], "lowlevel.gfcc.mean": [-0.7007901668548584, 149.89205932617188, -140.95106506347656, 18.913877487182617, -56.73773956298828, 34.975772857666016, -31.567712783813477, 3.7884109020233154, -4.465798377990723, -10.11027717590332, -12.449244499206543, -16.296504974365234, -0.14477184414863586], "lowlevel.melbands.mean": [0.0014405053807422519, 0.0066146040335297585, 0.0011271112598478794, 0.0005055948277004063, 0.0004947625566273928, 0.00023132596106734127, 0.0004951240844093263, 0.0005029141902923584, 0.0007835697033442557, 0.00046630785800516605, 0.0003111414553131908, 0.001017532660625875, 8.660522144054994e-05, 0.00018038961570709944, 0.00015964361955411732, 7.363632903434336e-05, 3.990344703197479e-05, 0.0003086225187871605, 0.00015084000187925994, 1.3214957107265946e-05, 1.915747816383373e-05, 1.5700903531978838e-05, 9.776827027963009e-06, 5.413130566012114e-06, 4.152476776653202e-06, 1.9886551854142454e-06, 1.3074693470116472e-06, 1.1682902822940378e-06, 1.0546970088398666e-06, 1.0506859098313726e-06, 1.632547537155915e-06, 1.6448906308141886e-06, 1.0217305543847033e-06, 8.852645692059014e-07, 6.864979127385595e-07, 4.624655218776752e-07, 2.903245501784113e-07, 2.4191345460167213e-07, 1.895669896612162e-07, 1.578014092729063e-07], "lowlevel.melbands.stdev": [0.0017848184797912836, 0.0048090554773807526, 0.0008366662077605724, 0.0006903715548105538, 0.0006352534983307123, 0.00027709867572411895, 0.000722226279322058, 0.000694605172611773, 0.001175292069092393, 0.0009581056656315923, 0.00032609186018817127, 0.0007301521836780012, 0.00013563655375037342, 0.0002833663020282984, 0.00022079436166677624, 0.00011519400140969083, 9.034849790623412e-05, 0.0002531070786062628, 0.00012589513789862394, 2.204030352004338e-05, 2.3787184545653872e-05, 2.940920057881158e-05, 1.912649895530194e-05, 6.010764536767965e-06, 4.759207513416186e-06, 2.5712406568345614e-06, 2.3623772449354874e-06, 2.6037894258479355e-06, 2.236984755654703e-06, 2.368655941609177e-06, 3.7601198528136592e-06, 3.227303977837437e-06, 2.2157969397085253e-06, 1.5272834161805804e-06, 1.212328356814396e-06, 8.435946483587031e-07, 5.007292429581867e-07, 4.733535092782404e-07, 3.3366825391567545e-07, 2.54174750580205e-07], "lowlevel.melbands128.mean": [2.4163182388292626e-05, 0.00014499151438940316, 0.0010885660303756595, 0.0055801342241466045, 0.009926685132086277, 0.005254726391285658, 0.0010544616961851716, 0.0002726626698859036, 0.00046870813821442425, 0.00076384557178244, 0.0003029830113518983, 0.00031512934947386384, 0.0007372968830168247, 0.0004599139792844653, 0.00019585192785598338, 9.202022920362651e-05, 0.00023955224605742842, 0.0007495712488889694, 0.0005476047517731786, 0.0004340396262705326, 0.00038737879367545247, 0.0009149107499979436, 0.0008838261710479856, 0.0005658394657075405, 0.0006781495176255703, 0.0003315064241178334, 0.0002402826794423163, 9.576562297297642e-05, 0.00023667901405133307, 0.0020676010753959417, 0.0007997251814231277, 4.3052463297499344e-05, 7.86632954259403e-05, 9.146354568656534e-05, 9.166086238110438e-05, 0.0002445040736347437, 0.0002936417586170137, 7.484390516765416e-05, 0.00017690368986222893, 0.0001071890874300152, 3.9846789150033146e-05, 3.420769644435495e-05, 4.942717350786552e-05, 3.2205898605752736e-05, 3.224104511900805e-05, 0.00037267018342390656, 0.0007317793788388371, 1.577947841724381e-05, 1.3288867194205523e-05, 1.3437873349175788e-05, 1.0881242815230507e-05, 1.3493304322764743e-05, 2.4477834813296795e-05, 1.5094686204975005e-05, 2.3953252821229398e-05, 1.5661909856135026e-05, 7.661180461582262e-06, 1.548849650134798e-05, 7.453327270923182e-06, 5.70857991988305e-06, 5.655286258843262e-06, 4.331434411142254e-06, 6.019696229486726e-06, 3.625370482041035e-06, 2.324947672605049e-06, 1.9610513390944107e-06, 1.8258156160300132e-06, 1.3227480621935683e-06, 1.2443107380022411e-06, 1.1628933407337172e-06, 1.2378117162370472e-06, 1.1429494861658895e-06, 9.90710873338685e-07, 1.0989734846589272e-06, 1.0491280590940733e-06, 9.843814723353717e-07, 1.1169183835590957e-06, 1.0651897355273832e-06, 1.611093239262118e-06, 2.4097187178995227e-06, 1.7713796296447981e-06, 1.4885504242556635e-06, 9.421021900379856e-07, 1.0140279300685506e-06, 1.0326946267014137e-06, 9.143682859757973e-07, 8.494531016367546e-07, 7.44164424304472e-07, 7.383374054370506e-07, 6.01548265422025e-07, 5.046256887908385e-07, 4.6421308752542245e-07, 3.095239833328378e-07, 3.0852865506858507e-07, 2.4337037984878407e-07, 2.4982881541291135e-07, 2.4321192881870957e-07, 2.3743253052543878e-07, 1.68958720792034e-07, 1.8866091977542965e-07, 1.746930706758576e-07, 1.5884073434335733e-07, 1.3205027471485664e-07, 8.539849716271419e-08, 5.770947097971657e-08, 4.587088398011474e-08, 3.252694114053156e-08, 3.4551700167639865e-08, 2.1317889675742663e-08, 9.094994091185526e-09, 4.142708398546802e-09, 1.6213602682668693e-09, 1.0889271706560066e-09, 3.657291969272336e-10, 1.482971662136734e-10, 6.83180942373518e-11, 2.747254160273549e-11, 7.196793508357224e-12, 6.574869121367399e-12, 6.403223871270791e-12, 6.250376518440737e-12, 6.132300830324899e-12, 6.001462347915432e-12, 5.895705364883375e-12, 5.774122499579981e-12, 5.641549727375406e-12, 5.558291674145899e-12, 5.523262402995499e-12], "lowlevel.melbands128.stdev": [6.529683014377952e-05, 0.00041721409070305526, 0.002551269717514515, 0.0057366713881492615, 0.007274623028934002, 0.0038046776317059994, 0.00105475343298167, 0.0004723527526948601, 0.0006349114701151848, 0.001248521264642477, 0.0005361735238693655, 0.00046835740795359015, 0.001154268509708345, 0.0005712207057513297, 0.00033802547841332853, 0.00030929225613363087, 0.00045609110384248197, 0.0012318025110289454, 0.001147587550804019, 0.0010639885440468788, 0.0007796337595209479, 0.001650325139053166, 0.0017195288091897964, 0.0014397152699530125, 0.0016849742969498038, 0.0011250603711232543, 0.0006865020259283483, 0.00025772469234652817, 0.000183288095286116, 0.001496680430136621, 0.0005873842164874077, 8.491805783705786e-05, 0.00017267365183215588, 0.00021790513710584491, 0.0002583037130534649, 0.00046289549209177494, 0.0005210243980400264, 0.00021522158931475133, 0.00037356969551183283, 0.00019229570170864463, 9.193936421070248e-05, 8.940667612478137e-05, 0.00015296461060643196, 7.482436922146007e-05, 9.077906724996865e-05, 0.000309151248075068, 0.0006466474733315408, 1.9933608200517483e-05, 1.9504519514157437e-05, 3.19687751471065e-05, 2.807251803460531e-05, 2.138192576239817e-05, 4.3213953176746145e-05, 2.0909712475258857e-05, 4.751695814775303e-05, 5.3381623729364946e-05, 1.3011467672185972e-05, 4.4889911805512384e-05, 1.1469768651295453e-05, 8.030981007323135e-06, 8.678513950144406e-06, 5.107013748784084e-06, 7.867937711125705e-06, 5.062656782683916e-06, 4.040581643494079e-06, 2.832266773111769e-06, 2.820708004946937e-06, 2.4283488073706394e-06, 2.9704767712246394e-06, 2.3908071398182074e-06, 3.710507371579297e-06, 2.487787696736632e-06, 2.460917812641128e-06, 2.5903639198077144e-06, 2.5870347144518746e-06, 2.3533461899205577e-06, 2.840910610757419e-06, 2.708816737140296e-06, 4.111607267986983e-06, 6.159599706734298e-06, 4.014177193312207e-06, 2.954725687231985e-06, 1.948735643964028e-06, 2.6867385258810828e-06, 2.5194444788212422e-06, 1.6306903489748947e-06, 1.5226975165205658e-06, 1.413279846929072e-06, 1.428507175660343e-06, 1.167163077298028e-06, 1.0953294804494362e-06, 8.970889098236512e-07, 5.580005790761788e-07, 5.878256956748373e-07, 4.5268129156283976e-07, 5.312847974892065e-07, 5.561504394790973e-07, 4.6016754140509875e-07, 3.3689846645756916e-07, 3.4324108355576755e-07, 3.01605808772365e-07, 2.6702142008616647e-07, 2.3765691992139182e-07, 1.5212552284538106e-07, 1.2166378837719094e-07, 1.453792037864332e-07, 7.015668757048843e-08, 9.430554825939907e-08, 7.611453867184537e-08, 3.3053012771233625e-08, 1.4883470456084069e-08, 7.791784994992668e-09, 8.268881579454046e-09, 4.151349486392064e-09, 1.7190294743230083e-09, 9.66359436915809e-10, 3.558568995032374e-10, 1.3380700193688089e-11, 9.706695516809027e-12, 9.45773494243074e-12, 9.235087521097807e-12, 9.039159178103606e-12, 8.858701966429905e-12, 8.710710971970848e-12, 8.583103845716256e-12, 8.483284387461598e-12, 8.410493655686135e-12, 8.365272884114372e-12], "lowlevel.mfcc.mean": [-633.7581787109375, 167.1288299560547, -8.442300796508789, -2.136950969696045, 4.888404369354248, 16.213085174560547, -5.268718719482422, 12.031533241271973, 9.785185813903809, 7.561152458190918, 4.9614152908325195, -8.116235733032227, -2.9965431690216064], "lowlevel.spectral_contrast_coeffs.mean": [-0.6648930907249451, -0.7160882949829102, -0.682359516620636, -0.728209912776947, -0.7893065810203552, -0.7613202333450317], "lowlevel.spectral_contrast_coeffs.stdev": [0.05589954927563667, 0.0707533061504364, 0.05494953691959381, 0.040366921573877335, 0.042392004281282425, 0.02925877645611763], "lowlevel.spectral_contrast_valleys.mean": [-6.547802925109863, -6.371311664581299, -6.933111190795898, -7.406469821929932, -8.036520004272461, -10.716357231140137], "lowlevel.spectral_contrast_valleys.stdev": [0.6626856327056885, 0.6242420673370361, 0.620629072189331, 0.5707467794418335, 0.5965519547462463, 0.7885019183158875], "rhythm.beats_loudness_band_ratio.mean": [0.42558664083480835, 0.09916046261787415, 0.1917928010225296, 0.19316068291664124, 0.101664699614048, 0.00754179060459137], "rhythm.beats_loudness_band_ratio.stdev": [0.19621506333351135, 0.07445324212312698, 0.1346607357263565, 0.10951298475265503, 0.07980164885520935, 0.00611299742013216], "tonal.hpcp.mean": [0.6964221000671387, 0.4795651137828827, 0.02420712448656559, 0.01888572983443737, 0.020792510360479355, 0.014667598530650139, 0.02984658256173134, 0.027824336662888527, 0.01573467068374157, 0.0189219880849123, 0.014794032089412212, 0.023430095985531807, 0.034483201801776886, 0.024034928530454636, 0.057589348405599594, 0.2069898545742035, 0.18572521209716797, 0.042301107197999954, 0.019396621733903885, 0.012521249242126942, 0.03416164591908455, 0.1026659905910492, 0.0856432169675827, 0.019236695021390915, 0.020248807966709137, 0.02047111839056015, 0.02497553452849388, 0.031219812110066414, 0.023175125941634178, 0.16577161848545074, 0.331646591424942, 0.18794113397598267, 0.02096346579492092, 0.023798752576112747, 0.05118406191468239, 0.27074265480041504], "tonal.hpcp.stdev": [0.35264089703559875, 0.2550223767757416, 0.07160641998052597, 0.10452783852815628, 0.11188647896051407, 0.05592959001660347, 0.08901049196720123, 0.08634971082210541, 0.04333110526204109, 0.047530509531497955, 0.05194098502397537, 0.06176553666591644, 0.08228283375501633, 0.06396150588989258, 0.09167371690273285, 0.25445640087127686, 0.23411883413791656, 0.10127336531877518, 0.05974694341421127, 0.04665748402476311, 0.101019948720932, 0.199079692363739, 0.15730541944503784, 0.05648598074913025, 0.0854184553027153, 0.08198579400777817, 0.08964181691408157, 0.1070086658000946, 0.08157603442668915, 0.2389293760061264, 0.44323068857192993, 0.28192999958992004, 0.10090312361717224, 0.10612521320581436, 0.16345691680908203, 0.2693398594856262], "rhythm.beats_position": [0.4992290139198303, 0.9984580278396606, 1.486077070236206, 1.9620860815048218, 2.4380950927734375, 2.9141042232513428, 3.390113353729248, 3.8545124530792236, 4.342131614685059, 4.806530475616455, 5.294149398803711, 5.758548736572266, 6.234557628631592, 6.710566997528076, 7.186575889587402, 7.6625847816467285, 8.126983642578125, 8.60299301147461, 9.079002380371094, 9.555010795593262, 10.031020164489746, 10.4954195022583, 10.983037948608398, 11.447437286376953, 11.923446655273438, 12.399456024169922, 12.87546443939209, 13.351473808288574, 13.827483177185059, 14.303491592407227, 14.79111099243164, 15.255510330200195, 15.719908714294434, 16.1959171295166, 16.671926498413086, 17.14793586730957, 17.623945236206055, 18.08834457397461, 18.575963973999023, 19.040363311767578, 19.52798080444336, 19.992380142211914, 20.479999542236328, 20.944398880004883, 21.408798217773438, 21.884807586669922, 22.360815048217773, 22.836824417114258, 23.312833786010742, 23.788843154907227, 24.26485252380371, 24.729251861572266, 25.20526123046875, 25.6812686920166, 26.168888092041016, 26.63328742980957, 27.097686767578125, 27.58530616760254, 28.049705505371094, 28.525712966918945, 29.00172233581543, 29.477731704711914, 29.9537410736084, 30.429750442504883, 30.905759811401367, 31.37015724182129, 31.857776641845703, 32.32217788696289, 32.79818344116211], "rhythm.bpm_histogram": [0.0, 0.0, 0.0, 0.0, 0.0, 0.0, 0.0, 0.0, 0.0, 0.0, 0.0, 0.0, 0.0, 0.0, 0.0, 0.0, 0.0, 0.0, 0.0, 0.0, 0.0, 0.0, 0.0, 0.0, 0.0, 0.0, 0.0, 0.0, 0.0, 0.0, 0.0, 0.0, 0.0, 0.0, 0.0, 0.0, 0.0, 0.0, 0.0, 0.0, 0.0, 0.0, 0.0, 0.0, 0.0, 0.0, 0.0, 0.0, 0.0, 0.0, 0.0, 0.0, 0.0, 0.0, 0.0, 0.0, 0.0, 0.0, 0.0, 0.0, 0.0, 0.0, 0.0, 0.0, 0.0, 0.0, 0.0, 0.0, 0.0, 0.0, 0.0, 0.0, 0.0, 0.0, 0.0, 0.0, 0.0, 0.0, 0.0, 0.0, 0.0, 0.0, 0.0, 0.0, 0.0, 0.0, 0.0, 0.0, 0.0, 0.0, 0.0, 0.0, 0.0, 0.0, 0.0, 0.0, 0.0, 0.0, 0.0, 0.0, 0.0, 0.0, 0.0, 0.0, 0.0, 0.0, 0.0, 0.0, 0.0, 0.0, 0.0, 0.0, 0.0, 0.0, 0.0, 0.0, 0.0, 0.0, 0.0, 0.0, 0.014705882407724857, 0.0, 0.0, 0.1617647111415863, 0.0, 0.0, 0.5441176295280457, 0.0, 0.0, 0.27941176295280457, 0.0, 0.0, 0.0, 0.0, 0.0, 0.0, 0.0, 0.0, 0.0, 0.0, 0.0, 0.0, 0.0, 0.0, 0.0, 0.0, 0.0, 0.0, 0.0, 0.0, 0.0, 0.0, 0.0, 0.0, 0.0, 0.0, 0.0, 0.0, 0.0, 0.0, 0.0, 0.0, 0.0, 0.0, 0.0, 0.0, 0.0, 0.0, 0.0, 0.0, 0.0, 0.0, 0.0, 0.0, 0.0, 0.0, 0.0, 0.0, 0.0, 0.0, 0.0, 0.0, 0.0, 0.0, 0.0, 0.0, 0.0, 0.0, 0.0, 0.0, 0.0, 0.0, 0.0, 0.0, 0.0, 0.0, 0.0, 0.0, 0.0, 0.0, 0.0, 0.0, 0.0, 0.0, 0.0, 0.0, 0.0, 0.0, 0.0, 0.0, 0.0, 0.0, 0.0, 0.0, 0.0, 0.0, 0.0, 0.0, 0.0, 0.0, 0.0, 0.0, 0.0, 0.0, 0.0, 0.0, 0.0, 0.0, 0.0, 0.0, 0.0, 0.0, 0.0, 0.0, 0.0, 0.0, 0.0, 0.0, 0.0, 0.0, 0.0, 0.0, 0.0, 0.0, 0.0, 0.0, 0.0, 0.0, 0.0, 0.0], "tonal.chords_histogram": [33.614627838134766, 0.0, 6.047820091247559, 0.0, 0.0, 0.0, 0.0, 55.274261474609375, 0.0, 4.360056400299072, 0.0, 0.0, 0.0, 0.0, 0.0, 0.0, 0.0, 0.0, 0.0, 0.0, 0.0, 0.0, 0.703234851360321, 0.0], "tonal.thpcp": [1.0, 0.688612699508667, 0.034759271889925, 0.027118222787976265, 0.029856190085411072, 0.021061362698674202, 0.04285702854394913, 0.039953265339136124, 0.022593583911657333, 0.02717028744518757, 0.021242910996079445, 0.03364352881908417, 0.04951480031013489, 0.03451201319694519, 0.08269316703081131, 0.2972189486026764, 0.2666848301887512, 0.06074061617255211, 0.02785181812942028, 0.017979396507143974, 0.04905307665467262, 0.14741919934749603, 0.12297601997852325, 0.027622178196907043, 0.02907548099756241, 0.02939469926059246, 0.03586263954639435, 0.0448288656771183, 0.03327741473913193, 0.2380332499742508, 0.4762149155139923, 0.2698667049407959, 0.03010166622698307, 0.03417288511991501, 0.07349574565887451, 0.38876229524612427], "lowlevel.gfcc.cov": [[2136.415771484375, -230.55616760253906, 233.37155151367188, 333.4045104980469, -165.48526000976562, 112.74949645996094, -59.11962890625, 133.47593688964844, -93.68817138671875, -1.74326753616333, -50.28993606567383, 43.91706466674805, -109.06769561767578], [-230.55616760253906, 634.53515625, 4.642395973205566, -170.9673614501953, 211.14605712890625, -74.66541290283203, 74.36578369140625, -56.44997787475586, 117.97689056396484, -97.36898040771484, 83.63005065917969, -59.43252182006836, 46.89119338989258], [233.37155151367188, 4.642395973205566, 272.6158142089844, 182.8448028564453, 16.245676040649414, 78.238525390625, 32.24262237548828, 11.287181854248047, -48.333091735839844, 12.393579483032227, -22.924196243286133, 5.853759288787842, 13.944459915161133], [333.4045104980469, -170.9673614501953, 182.8448028564453, 343.8945007324219, -10.280648231506348, 67.42674255371094, 15.870991706848145, -4.300881862640381, -63.19740295410156, 14.878277778625488, -18.743009567260742, 9.396029472351074, 28.39897918701172], [-165.48526000976562, 211.14605712890625, 16.245676040649414, -10.280648231506348, 198.12852478027344, 10.770882606506348, 26.008312225341797, -17.27424430847168, 47.60090255737305, -19.380146026611328, 24.87839126586914, -18.024715423583984, 21.916109085083008], [112.74949645996094, -74.66541290283203, 78.238525390625, 67.42674255371094, 10.770882606506348, 123.28878021240234, 45.726871490478516, 30.808483123779297, -10.854752540588379, 1.3188507556915283, -20.147172927856445, -4.600651264190674, -6.527268886566162], [-59.11962890625, 74.36578369140625, 32.24262237548828, 15.870991706848145, 26.008312225341797, 45.726871490478516, 142.40936279296875, 41.602081298828125, 16.37708282470703, -27.56736946105957, -0.20314860343933105, -17.744873046875, 3.4016857147216797], [133.47593688964844, -56.44997787475586, 11.287181854248047, -4.300881862640381, -17.27424430847168, 30.808483123779297, 41.602081298828125, 103.70394897460938, 14.619585990905762, 0.22899721562862396, -18.597013473510742, 3.465786933898926, -40.126712799072266], [-93.68817138671875, 117.97689056396484, -48.333091735839844, -63.19740295410156, 47.60090255737305, -10.854752540588379, 16.37708282470703, 14.619585990905762, 95.99085235595703, 0.04098279029130936, 22.41280174255371, -23.39881706237793, -2.921663284301758], [-1.74326753616333, -97.36898040771484, 12.393579483032227, 14.878277778625488, -19.380146026611328, 1.3188507556915283, -27.56736946105957, 0.22899721562862396, 0.04098279029130936, 85.66657257080078, 2.551607847213745, 10.832173347473145, -8.787939071655273], [-50.28993606567383, 83.63005065917969, -22.924196243286133, -18.743009567260742, 24.87839126586914, -20.147172927856445, -0.20314860343933105, -18.597013473510742, 22.41280174255371, 2.551607847213745, 61.44704055786133, 9.741599082946777, 7.805270195007324], [43.91706466674805, -59.43252182006836, 5.853759288787842, 9.396029472351074, -18.024715423583984, -4.600651264190674, -17.744873046875, 3.465786933898926, -23.39881706237793, 10.832173347473145, 9.741599082946777, 59.57006072998047, 7.222107410430908], [-109.06769561767578, 46.89119338989258, 13.944459915161133, 28.39897918701172, 21.916109085083008, -6.527268886566162, 3.4016857147216797, -40.126712799072266, -2.921663284301758, -8.787939071655273, 7.805270195007324, 7.222107410430908, 72.94619750976562]], "lowlevel.gfcc.icov": [[0.0011083491845056415, -0.0026408443227410316, 0.001512381131760776, -0.0025470617692917585, 0.002142020734027028, -0.0021725459955632687, 0.0020271525718271732, -0.002012824872508645, 0.0012843030272051692, -0.0012092639226466417, 0.0017284794012084603, -0.0017879389924928546, 0.00191537756472826], [-0.0026408443227410316, 0.021549193188548088, -0.01504885870963335, 0.01503029651939869, -0.013513946905732155, 0.015378170646727085, -0.0099177872762084, 0.009855751879513264, -0.011467198841273785, 0.015658147633075714, -0.0165362861007452, 0.012385454028844833, -0.007485073991119862], [0.001512381131760776, -0.01504885870963335, 0.017345016822218895, -0.012897628359496593, 0.008090104907751083, -0.012671186588704586, 0.005972219631075859, -0.007020347286015749, 0.009979556314647198, -0.012219026684761047, 0.012388285249471664, -0.008558128029108047, 0.004385192878544331], [-0.0025470617692917585, 0.01503029651939869, -0.012897628359496593, 0.016145439818501472, -0.009565597400069237, 0.009932772256433964, -0.007409068755805492, 0.007237190846353769, -0.005905110388994217, 0.009692071937024593, -0.011903464794158936, 0.009667751379311085, -0.007953298278152943], [0.002142020734027028, -0.013513946905732155, 0.008090104907751083, -0.009565597400069237, 0.015501569956541061, -0.010689533315598965, 0.006351709831506014, -0.005262891761958599, 0.0036659440957009792, -0.007991261780261993, 0.008504078723490238, -0.00729889702051878, 0.004258967936038971], [-0.0021725459955632687, 0.015378170646727085, -0.012671186588704586, 0.009932772256433964, -0.010689533315598965, 0.023093419149518013, -0.010249683633446693, 0.0057986085303127766, -0.00793320219963789, 0.010133273899555206, -0.009130781516432762, 0.008877266198396683, -0.004631629213690758], [0.0020271525718271732, -0.0099177872762084, 0.005972219631075859, -0.007409068755805492, 0.006351709831506014, -0.010249683633446693, 0.016143180429935455, -0.010742386803030968, 0.005295789800584316, -0.003705087583512068, 0.004440947435796261, -0.0023596438113600016, 0.0011857737554237247], [-0.002012824872508645, 0.009855751879513264, -0.007020347286015749, 0.007237190846353769, -0.005262891761958599, 0.0057986085303127766, -0.010742386803030968, 0.023959660902619362, -0.011276058852672577, 0.006855576764792204, -0.0009307865984737873, -0.001068532234057784, 0.005540021229535341], [0.0012843030272051692, -0.011467198841273785, 0.009979556314647198, -0.005905110388994217, 0.0036659440957009792, -0.00793320219963789, 0.005295789800584316, -0.011276058852672577, 0.024937335401773453, -0.010949958115816116, 0.002106242347508669, 0.0016488522524014115, 0.0007128265569917858], [-0.0012092639226466417, 0.015658147633075714, -0.012219026684761047, 0.009692071937024593, -0.007991261780261993, 0.010133273899555206, -0.003705087583512068, 0.006855576764792204, -0.010949958115816116, 0.02565012313425541, -0.013052397407591343, 0.006539071444422007, -0.0026585564482957125], [0.0017284794012084603, -0.0165362861007452, 0.012388285249471664, -0.011903464794158936, 0.008504078723490238, -0.009130781516432762, 0.004440947435796261, -0.0009307865984737873, 0.002106242347508669, -0.013052397407591343, 0.036042578518390656, -0.01750345714390278, 0.0077774315141141415], [-0.0017879389924928546, 0.012385454028844833, -0.008558128029108047, 0.009667751379311085, -0.00729889702051878, 0.008877266198396683, -0.0023596438113600016, -0.001068532234057784, 0.0016488522524014115, 0.006539071444422007, -0.01750345714390278, 0.0312226302921772, -0.010617753490805626], [0.00191537756472826, -0.007485073991119862, 0.004385192878544331, -0.007953298278152943, 0.004258967936038971, -0.004631629213690758, 0.0011857737554237247, 0.005540021229535341, 0.0007128265569917858, -0.0026585564482957125, 0.0077774315141141415, -0.010617753490805626, 0.024867651984095573]], "lowlevel.mfcc.cov": [[2267.157958984375, -399.58807373046875, 259.558349609375, 127.60918426513672, 28.33045768737793, 5.707385063171387, 11.69250774383545, 73.89102172851562, -16.607419967651367, -23.09105110168457, 34.010345458984375, 104.33584594726562, -70.4609146118164], [-399.58807373046875, 789.9066772460938, -194.67303466796875, -112.97850036621094, 81.31324768066406, -32.789825439453125, -22.24160385131836, 37.961795806884766, 7.558997631072998, 9.646862030029297, 36.747352600097656, 27.342618942260742, 6.751728057861328], [259.558349609375, -194.67303466796875, 292.6553649902344, 115.63753509521484, -1.1809791326522827, 74.99710083007812, 68.19033813476562, 14.221555709838867, 10.49648666381836, 25.75624656677246, -41.24860382080078, -37.401824951171875, -3.5986740589141846], [127.60918426513672, -112.97850036621094, 115.63753509521484, 215.234375, 47.4974479675293, 64.42903137207031, 48.04191970825195, -14.829421997070312, 2.261249303817749, 17.94826889038086, -47.90065002441406, -32.798683166503906, -1.9145841598510742], [28.33045768737793, 81.31324768066406, -1.1809791326522827, 47.4974479675293, 151.97462463378906, 47.10757064819336, -6.227223873138428, -4.027901649475098, -4.741127967834473, 8.619388580322266, 0.4153066575527191, -2.3875479698181152, 1.262136697769165], [5.707385063171387, -32.789825439453125, 74.99710083007812, 64.42903137207031, 47.10757064819336, 110.11328887939453, 48.76350021362305, -0.17742298543453217, 8.702559471130371, 19.61600112915039, -19.25255012512207, -19.38691520690918, 4.95155668258667], [11.69250774383545, -22.24160385131836, 68.19033813476562, 48.04191970825195, -6.227223873138428, 48.76350021362305, 109.26805877685547, 47.131221771240234, 24.3616886138916, 12.428976058959961, -5.346855163574219, -3.842668294906616, -1.4775627851486206], [73.89102172851562, 37.961795806884766, 14.221555709838867, -14.829421997070312, -4.027901649475098, -0.17742298543453217, 47.131221771240234, 118.54940795898438, 47.37759017944336, 2.4749085903167725, 20.456295013427734, 19.67631721496582, -5.697953224182129], [-16.607419967651367, 7.558997631072998, 10.49648666381836, 2.261249303817749, -4.741127967834473, 8.702559471130371, 24.3616886138916, 47.37759017944336, 76.4410629272461, 30.938974380493164, 10.677271842956543, -0.16781818866729736, 0.30386677384376526], [-23.09105110168457, 9.646862030029297, 25.75624656677246, 17.94826889038086, 8.619388580322266, 19.61600112915039, 12.428976058959961, 2.4749085903167725, 30.938974380493164, 71.28392791748047, 12.234570503234863, -10.346752166748047, 2.180295944213867], [34.010345458984375, 36.747352600097656, -41.24860382080078, -47.90065002441406, 0.4153066575527191, -19.25255012512207, -5.346855163574219, 20.456295013427734, 10.677271842956543, 12.234570503234863, 82.32718658447266, 44.4182243347168, -2.574786901473999], [104.33584594726562, 27.342618942260742, -37.401824951171875, -32.798683166503906, -2.3875479698181152, -19.38691520690918, -3.842668294906616, 19.67631721496582, -0.16781818866729736, -10.346752166748047, 44.4182243347168, 90.08972930908203, 11.768878936767578], [-70.4609146118164, 6.751728057861328, -3.5986740589141846, -1.9145841598510742, 1.262136697769165, 4.95155668258667, -1.4775627851486206, -5.697953224182129, 0.30386677384376526, 2.180295944213867, -2.574786901473999, 11.768878936767578, 68.2152328491211]], "lowlevel.mfcc.icov": [[0.0006689273286610842, 0.0002548862248659134, -0.0006227202829904854, -0.00027775438502430916, -0.00026455079205334187, 0.00024358180235140026, 0.0005010988679714501, -0.000580896798055619, 0.0003528623783495277, 5.7972280046669766e-05, -8.315561717608944e-05, -0.0010680280392989516, 0.000752318708691746], [0.0002548862248659134, 0.0018932402599602938, 0.0008455137722194195, 0.0007004314684309065, -0.0013928981497883797, 0.0004534932959359139, -0.0003896128910128027, -0.0008864965057000518, 0.0005642248434014618, -0.0008950189221650362, 0.000454695982625708, -0.0003726710856426507, 0.00015807166346348822], [-0.0006227202829904854, 0.0008455137722194195, 0.00657576834782958, -0.0012288204161450267, 0.0008790440624579787, -0.002288468647748232, -0.0017093061469495296, -0.0010031420970335603, 0.0010001303162425756, -0.0019342806190252304, 0.0013215511571615934, 0.001625329372473061, -0.0005586201441474259], [-0.00027775438502430916, 0.0007004314684309065, -0.0012288204161450267, 0.00829168688505888, -0.0028615002520382404, -0.0002942568389698863, -0.0031196828931570053, 0.0018935682019218802, -0.0004899655468761921, -0.0013209892204031348, 0.0035405161324888468, 1.3719666640099604e-05, 0.00015224267554003745], [-0.00026455079205334187, -0.0013928981497883797, 0.0008790440624579787, -0.0028615002520382404, 0.010202831588685513, -0.00569516746327281, 0.003784811357036233, -0.0012286078417673707, 0.0010758750140666962, 0.00010572635801509023, -0.001694821985438466, 0.00039036310045048594, -0.00010484855010872707], [0.00024358180235140026, 0.0004534932959359139, -0.002288468647748232, -0.0002942568389698863, -0.00569516746327281, 0.01725773513317108, -0.0070505039766430855, 0.002561442321166396, -0.0007911240099929273, -0.0018197189783677459, 0.0014666953356936574, 0.000417977396864444, -0.0009634157177060843], [0.0005010988679714501, -0.0003896128910128027, -0.0017093061469495296, -0.0031196828931570053, 0.003784811357036233, -0.0070505039766430855, 0.017704922705888748, -0.007052706554532051, 0.0003244899562560022, 0.000101954945421312, -0.000934910262003541, -0.0010544427204877138, 0.0007564878324046731], [-0.000580896798055619, -0.0008864965057000518, -0.0010031420970335603, 0.0018935682019218802, -0.0012286078417673707, 0.002561442321166396, -0.007052706554532051, 0.016502343118190765, -0.009829644113779068, 0.004274460021406412, -0.0015030443901196122, -0.0010336730629205704, 0.0005791822331957519], [0.0003528623783495277, 0.0005642248434014618, 0.0010001303162425756, -0.0004899655468761921, 0.0010758750140666962, -0.0007911240099929273, 0.0003244899562560022, -0.009829644113779068, 0.02305605262517929, -0.009803145192563534, 0.0002839631342794746, 0.0004911461728625, -0.00029226220794953406], [5.7972280046669766e-05, -0.0008950189221650362, -0.0019342806190252304, -0.0013209892204031348, 0.00010572635801509023, -0.0018197189783677459, 0.000101954945421312, 0.004274460021406412, -0.009803145192563534, 0.02145174704492092, -0.006658224854618311, 0.0034603034146130085, -0.0009915480623021722], [-8.315561717608944e-05, 0.000454695982625708, 0.0013215511571615934, 0.0035405161324888468, -0.001694821985438466, 0.0014666953356936574, -0.000934910262003541, -0.0015030443901196122, 0.0002839631342794746, -0.006658224854618311, 0.021399294957518578, -0.009278304874897003, 0.002437296323478222], [-0.0010680280392989516, -0.0003726710856426507, 0.001625329372473061, 1.3719666640099604e-05, 0.00039036310045048594, 0.000417977396864444, -0.0010544427204877138, -0.0010336730629205704, 0.0004911461728625, 0.0034603034146130085, -0.009278304874897003, 0.019020237028598785, -0.004871392156928778], [0.000752318708691746, 0.00015807166346348822, -0.0005586201441474259, 0.00015224267554003745, -0.00010484855010872707, -0.0009634157177060843, 0.0007564878324046731, 0.0005791822331957519, -0.00029226220794953406, -0.0009915480623021722, 0.002437296323478222, -0.004871392156928778, 0.016497790813446045]], "metadata.audio_properties.analysis.downmix": "mix", "metadata.audio_properties.codec": "mp3", "metadata.audio_properties.md5_encoded": "a3caca09c0473b787069455cefd1d8fd", "metadata.tags.file_name": "1183690054061797447.mp3", "metadata.version.essentia": "2.1-beta6-dev", "metadata.version.essentia_git_sha": "v2.1_beta5-1110-g77a6a954", "metadata.version.extractor": "music 2.0", "tonal.chords_key": "D", "tonal.chords_scale": "major", "tonal.key_edma.key": "D", "tonal.key_edma.scale": "major", "tonal.key_krumhansl.key": "D", "tonal.key_krumhansl.scale": "ma