{"song_id": "1183703168639565874", "download": "https://cdn.discordapp.com/attachments/1135911532732108921/1183703168639565874/chirp.mp4?ex=65894c7b&amp", "lyrics": "Take your time to consider the opportunity and place a trade.\nIt's important to follow the rules\nAlways think of scenarios and check the situation\nTrade with an edge and put the odds on your side\nEarn big profits\nTrading is fun and feels good\nMake great trades and make a lot of money\nA happy day begins", "style": ["Rap"], "essentia_features": {"lowlevel.average_loudness": 0.9557474851608276, "lowlevel.barkbands_crest.mean": 12.221656799316406, "lowlevel.barkbands_crest.stdev": 5.179541110992432, "lowlevel.barkbands_flatness_db.mean": 0.16596166789531708, "lowlevel.barkbands_flatness_db.stdev": 0.0734175592660904, "lowlevel.barkbands_kurtosis.mean": 15.953231811523438, "lowlevel.barkbands_kurtosis.stdev": 53.16645050048828, "lowlevel.barkbands_skewness.mean": 2.2128961086273193, "lowlevel.barkbands_skewness.stdev": 2.9158246517181396, "lowlevel.barkbands_spread.mean": 23.37200355529785, "lowlevel.barkbands_spread.stdev": 19.69022560119629, "lowlevel.dissonance.mean": 0.4554721713066101, "lowlevel.dissonance.stdev": 0.03608373552560806, "lowlevel.dynamic_complexity": 5.663904666900635, "lowlevel.erbbands_crest.mean": 9.80898666381836, "lowlevel.erbbands_crest.stdev": 4.196771144866943, "lowlevel.erbbands_flatness_db.mean": 0.17532317340373993, "lowlevel.erbbands_flatness_db.stdev": 0.06398322433233261, "lowlevel.erbbands_kurtosis.mean": 1.7526586055755615, "lowlevel.erbbands_kurtosis.stdev": 4.258179187774658, "lowlevel.erbbands_skewness.mean": 0.4060116112232208, "lowlevel.erbbands_skewness.stdev": 1.301639437675476, "lowlevel.erbbands_spread.mean": 45.35274887084961, "lowlevel.erbbands_spread.stdev": 28.59302520751953, "lowlevel.hfc.mean": 21.40285301208496, "lowlevel.hfc.stdev": 26.76675796508789, "lowlevel.loudness_ebu128.integrated": -15.487618446350098, "lowlevel.loudness_ebu128.loudness_range": 3.188203811645508, "lowlevel.loudness_ebu128.momentary.mean": -17.128610610961914, "lowlevel.loudness_ebu128.momentary.stdev": 5.247085094451904, "lowlevel.loudness_ebu128.short_term.mean": -15.800896644592285, "lowlevel.loudness_ebu128.short_term.stdev": 1.1402837038040161, "lowlevel.melbands_crest.mean": 16.218109130859375, "lowlevel.melbands_crest.stdev": 6.262365818023682, "lowlevel.melbands_flatness_db.mean": 0.2135460376739502, "lowlevel.melbands_flatness_db.stdev": 0.09964621812105179, "lowlevel.melbands_kurtosis.mean": 39.148963928222656, "lowlevel.melbands_kurtosis.stdev": 117.2039794921875, "lowlevel.melbands_skewness.mean": 3.6609530448913574, "lowlevel.melbands_skewness.stdev": 3.5427212715148926, "lowlevel.melbands_spread.mean": 31.09404945373535, "lowlevel.melbands_spread.stdev": 40.08452224731445, "lowlevel.pitch_salience.mean": 0.5248113870620728, "lowlevel.pitch_salience.stdev": 0.14969110488891602, "lowlevel.silence_rate_20dB.mean": 1.0, "lowlevel.silence_rate_20dB.stdev": 0.0, "lowlevel.silence_rate_30dB.mean": 0.8992314338684082, "lowlevel.silence_rate_30dB.stdev": 0.30101844668388367, "lowlevel.silence_rate_60dB.mean": 0.2818104326725006, "lowlevel.silence_rate_60dB.stdev": 0.4498806893825531, "lowlevel.spectral_centroid.mean": 1512.2764892578125, "lowlevel.spectral_centroid.stdev": 1118.2626953125, "lowlevel.spectral_complexity.mean": 11.793766021728516, "lowlevel.spectral_complexity.stdev": 10.159339904785156, "lowlevel.spectral_decrease.mean": -7.955398118042467e-09, "lowlevel.spectral_decrease.stdev": 1.7055635126439483e-08, "lowlevel.spectral_energy.mean": 0.03196684271097183, "lowlevel.spectral_energy.stdev": 0.06560531258583069, "lowlevel.spectral_energyband_high.mean": 0.0016905575757846236, "lowlevel.spectral_energyband_high.stdev": 0.00291092018596828, "lowlevel.spectral_energyband_low.mean": 0.020089980214834213, "lowlevel.spectral_energyband_low.stdev": 0.061145853251218796, "lowlevel.spectral_energyband_middle_high.mean": 0.003008526749908924, "lowlevel.spectral_energyband_middle_high.stdev": 0.005207450594753027, "lowlevel.spectral_energyband_middle_low.mean": 0.009396584704518318, "lowlevel.spectral_energyband_middle_low.stdev": 0.015415871515870094, "lowlevel.spectral_entropy.mean": 7.521877765655518, "lowlevel.spectral_entropy.stdev": 0.7436636686325073, "lowlevel.spectral_flux.mean": 0.09012161940336227, "lowlevel.spectral_flux.stdev": 0.11296562105417252, "lowlevel.spectral_kurtosis.mean": 4.895330429077148, "lowlevel.spectral_kurtosis.stdev": 7.593703746795654, "lowlevel.spectral_rms.mean": 0.004047233145684004, "lowlevel.spectral_rms.stdev": 0.003847992978990078, "lowlevel.spectral_rolloff.mean": 2368.46826171875, "lowlevel.spectral_rolloff.stdev": 2911.884521484375, "lowlevel.spectral_skewness.mean": 1.5222556591033936, "lowlevel.spectral_skewness.stdev": 1.0270967483520508, "lowlevel.spectral_spread.mean": 5536276.0, "lowlevel.spectral_spread.stdev": 1785645.5, "lowlevel.spectral_strongpeak.mean": 0.8448011875152588, "lowlevel.spectral_strongpeak.stdev": 1.1306138038635254, "lowlevel.zerocrossingrate.mean": 0.08750471472740173, "lowlevel.zerocrossingrate.stdev": 0.07744822651147842, "metadata.audio_properties.analysis.equal_loudness": 0.0, "metadata.audio_properties.analysis.length": 54.33598709106445, "metadata.audio_properties.analysis.sample_rate": 44100.0, "metadata.audio_properties.analysis.start_time": 0.0, "metadata.audio_properties.bit_rate": 126333.0, "metadata.audio_properties.length": 54.33599853515625, "metadata.audio_properties.lossless": 0.0, "metadata.audio_properties.number_channels": 1.0, "metadata.audio_properties.replay_gain": -11.428739547729492, "metadata.audio_properties.sample_rate": 48000.0, "rhythm.beats_count": 89.0, "rhythm.beats_loudness.mean": 0.1735430657863617, "rhythm.beats_loudness.stdev": 0.06319897621870041, "rhythm.bpm": 99.49561309814453, "rhythm.bpm_histogram_first_peak_bpm": 99.0, "rhythm.bpm_histogram_first_peak_weight": 0.06818181276321411, "rhythm.bpm_histogram_second_peak_bpm": 0.0, "rhythm.bpm_histogram_second_peak_spread": 0.0, "rhythm.bpm_histogram_second_peak_weight": 0.0, "rhythm.danceability": 1.5679513216018677, "rhythm.onset_rate": 3.8264896869659424, "tonal.chords_changes_rate": 0.04436860233545303, "tonal.chords_number_rate": 0.007679180707782507, "tonal.chords_strength.mean": 0.5962996482849121, "tonal.chords_strength.stdev": 0.10621610283851624, "tonal.hpcp_crest.mean": 15.151262283325195, "tonal.hpcp_crest.stdev": 7.1846089363098145, "tonal.hpcp_entropy.mean": 1.8900926113128662, "tonal.hpcp_entropy.stdev": 0.8069340586662292, "tonal.key_edma.strength": 0.7024827003479004, "tonal.key_krumhansl.strength": 0.6943573355674744, "tonal.key_temperley.strength": 0.6722409725189209, "tonal.tuning_diatonic_strength": 0.5302578210830688, "tonal.tuning_equal_tempered_deviation": 0.23787224292755127, "tonal.tuning_frequency": 445.8845520019531, "tonal.tuning_nontempered_energy_ratio": 0.9721621870994568, "lowlevel.barkbands.mean": [0.00032659940188750625, 0.01358496118336916, 0.0039828005246818066, 0.003122677095234394, 0.001445101690478623, 0.0018385733710601926, 0.001986539224162698, 0.0003817702818196267, 0.0005900522228330374, 0.00017336120072286576, 0.00021278388157952577, 0.00033273501321673393, 0.0003308753075543791, 0.0003976191801484674, 0.0005689708050340414, 0.00028409858350642025, 0.0002731206768658012, 0.00015390706539619714, 0.0001679835986578837, 0.00022088835248723626, 0.0003354703658260405, 0.0005682797054760158, 0.0002668126835487783, 0.00020838780619669706, 0.00014679876039735973, 5.7330507843289524e-05, 8.279435860458761e-06], "lowlevel.barkbands.stdev": [0.0010415270226076245, 0.04651769995689392, 0.017941376194357872, 0.01176272053271532, 0.0026744273491203785, 0.0023141000419855118, 0.004655404016375542, 0.00216330005787313, 0.0015682362718507648, 0.0008382310043089092, 0.0007588998414576054, 0.002048011403530836, 0.0012770312605425715, 0.0012811487540602684, 0.001793866977095604, 0.0009437937987968326, 0.0006113654235377908, 0.00032660042052157223, 0.0003110973339062184, 0.00036217624437995255, 0.00069143355358392, 0.0010818991577252746, 0.00048477438394911587, 0.00041735704871825874, 0.0003339933173265308, 0.0001282467710552737, 2.4108327124849893e-05], "lowlevel.erbbands.mean": [0.37553131580352783, 3.052079916000366, 4.942348003387451, 9.146139144897461, 4.877414703369141, 4.980627059936523, 12.967105865478516, 16.004608154296875, 23.287689208984375, 22.714862823486328, 7.73899507522583, 16.070444107055664, 5.852012634277344, 8.750405311584473, 9.038454055786133, 14.866891860961914, 15.641817092895508, 17.515670776367188, 29.259349822998047, 21.6262149810791, 15.310932159423828, 14.956496238708496, 10.029398918151855, 6.073101997375488, 11.008761405944824, 10.068046569824219, 11.44463062286377, 15.706908226013184, 22.388532638549805, 12.604397773742676, 6.6768388748168945, 4.408217430114746, 3.5167574882507324, 2.0285279750823975, 0.8212153911590576, 0.311396062374115, 0.09072520583868027, 0.020063621923327446, 0.0010470800334587693, 6.051459422451444e-05], "lowlevel.erbbands.stdev": [1.2400668859481812, 11.075267791748047, 20.66104507446289, 34.44786071777344, 15.230345726013184, 10.270163536071777, 21.836170196533203, 20.350872039794922, 51.128990173339844, 64.6016616821289, 26.568479537963867, 42.30453109741211, 16.771045684814453, 31.562801361083984, 40.57258224487305, 96.03006744384766, 62.026344299316406, 46.772239685058594, 88.28269958496094, 62.149147033691406, 41.86910629272461, 30.273223876953125, 20.626262664794922, 11.674590110778809, 19.518869400024414, 16.447011947631836, 21.489469528198242, 33.774864196777344, 44.21332550048828, 22.716299057006836, 11.99345874786377, 8.360174179077148, 7.484391212463379, 4.66001558303833, 1.8591132164001465, 0.7053654789924622, 0.21393845975399017, 0.05370153859257698, 0.0031594824977219105, 0.0001168210874311626], "lowlevel.gfcc.mean": [-70.71429443359375, 48.45262908935547, -109.22562408447266, 18.333446502685547, -82.397216796875, -0.3605242669582367, -53.144317626953125, -7.958456516265869, -27.7871036529541, 5.932284832000732, -18.009479522705078, 4.998257637023926, -9.840405464172363], "lowlevel.melbands.mean": [0.0036448806058615446, 0.0031379363499581814, 0.0013790556695312262, 0.00030992936808615923, 0.0003982306516263634, 0.00033676481689326465, 0.0003900881274603307, 0.00021428553736768663, 5.769482595496811e-05, 0.00010189528984483331, 2.5721416022861376e-05, 3.4320397389819846e-05, 2.655631396919489e-05, 4.053048542118631e-05, 2.9646744224010035e-05, 3.526799628161825e-05, 3.304770871181972e-05, 4.563928087009117e-05, 4.437699681147933e-05, 2.1454574380186386e-05, 1.6824100384837948e-05, 1.5847987015149556e-05, 1.2904736649943516e-05, 5.830642749060644e-06, 4.501230250752997e-06, 7.0473479354404844e-06, 8.75398654898163e-06, 6.056557595002232e-06, 6.38720939605264e-06, 8.229586455854587e-06, 9.459054126637056e-06, 1.3811135431751609e-05, 9.422363291378133e-06, 6.184443009260576e-06, 3.945018761442043e-06, 2.9898899356339825e-06, 2.5917245238815667e-06, 2.6026900741271675e-06, 2.089169356622733e-06, 1.573345343786059e-06], "lowlevel.melbands.stdev": [0.012223947793245316, 0.011309259571135044, 0.005073055624961853, 0.0007192687480710447, 0.0006315555656328797, 0.0004252484068274498, 0.0008666508947499096, 0.0006617091130465269, 0.00021416970412246883, 0.00026342595811001956, 8.595196413807571e-05, 0.00013306828623171896, 0.000104577346064616, 0.0002314955781912431, 0.00017227370699401945, 0.00012646707182284445, 9.97728348011151e-05, 0.0001463472144678235, 0.00014990735508035868, 8.209481165977195e-05, 4.8075366066768765e-05, 3.3724893000908196e-05, 3.074924097745679e-05, 1.2138385500293225e-05, 9.399711416335776e-06, 1.3710377970710397e-05, 1.4793934496992733e-05, 1.0676038982637692e-05, 1.1911372894246597e-05, 1.7570155250723474e-05, 2.180832962039858e-05, 2.846989627869334e-05, 1.7519489119877107e-05, 1.1643242032732815e-05, 7.214699053292861e-06, 5.728233190893661e-06, 5.049610081186984e-06, 5.57570501769078e-06, 4.792909294337733e-06, 3.734799520316301e-06], "lowlevel.melbands128.mean": [0.0002976951655000448, 0.0025864094495773315, 0.005488572176545858, 0.004919284954667091, 0.0028122549410909414, 0.0019364106701686978, 0.002127919578924775, 0.0011779917404055595, 0.00032215798273682594, 0.0002911855699494481, 0.0002523162984289229, 0.00029700167942792177, 0.0005518391844816506, 0.0003309279272798449, 0.00047626151354052126, 0.00022426570649258792, 0.00018074583203997463, 0.0005190523806959391, 0.0005556793767027557, 0.00019602800603024662, 0.00010006413504015654, 5.127089752932079e-05, 5.1888338930439204e-05, 5.503597640199587e-05, 0.00012249576684553176, 0.000135548209073022, 2.0725121430587023e-05, 1.600281029823236e-05, 1.9379507648409344e-05, 3.432794983382337e-05, 4.474828892853111e-05, 2.7745767511078157e-05, 1.771795541571919e-05, 3.488721267785877e-05, 2.6764048016048037e-05, 5.5707037972752005e-05, 4.257126784068532e-05, 1.7728383681969717e-05, 2.8738311812048778e-05, 4.1256957047153264e-05, 3.951435428461991e-05, 2.097395008604508e-05, 2.4130906240316108e-05, 4.585814167512581e-05, 4.7633562644477934e-05, 3.8692909583915025e-05, 4.982873724657111e-05, 6.749439489794895e-05, 2.800977927108761e-05, 1.4872314750391524e-05, 2.7727088308893144e-05, 1.9746532416320406e-05, 1.3831325304636266e-05, 1.8700817236094736e-05, 1.596761831024196e-05, 1.5608913599862717e-05, 1.5614556104992516e-05, 1.3812140423397068e-05, 1.3037908502155915e-05, 9.048239917319734e-06, 4.66147457700572e-06, 4.082613031641813e-06, 4.295154667488532e-06, 4.8153101488424e-06, 4.380479822430061e-06, 6.804802524129627e-06, 8.675730896356981e-06, 9.380329174746294e-06, 8.992931725515518e-06, 8.046517905313522e-06, 4.971629550709622e-06, 5.981009053357411e-06, 5.827428594784578e-06, 6.154039056127658e-06, 7.237531008286169e-06, 8.86368979990948e-06, 8.513544344168622e-06, 7.263599400175735e-06, 9.72505131358048e-06, 1.0659398867574055e-05, 1.4990580893936567e-05, 1.5452045772690326e-05, 1.098148732125992e-05, 9.647358638176229e-06, 6.9464654188777786e-06, 6.471388587669935e-06, 6.149573437141953e-06, 5.082825737190433e-06, 3.6580318010237534e-06, 3.2678747174941236e-06, 3.263221060478827e-06, 2.957492370114778e-06, 2.453160959703382e-06, 2.468487082296633e-06, 2.7511280222825008e-06, 2.8261495117476443e-06, 2.5380209081049543e-06, 2.3475843136111507e-06, 2.038976845142315e-06, 2.0348859379737405e-06, 1.8727761244008434e-06, 1.4185920917952899e-06, 1.35532638978475e-06, 1.0927961966444855e-06, 9.119343076235964e-07, 7.039210458970047e-07, 6.562977432622574e-07, 6.25467976078653e-07, 5.02674652125279e-07, 4.782232281286269e-07, 4.1602231704018777e-07, 3.2948258876785985e-07, 2.593421584151656e-07, 2.1401977789992088e-07, 1.890566778683933e-07, 1.7302652111084171e-07, 1.5218630267099797e-07, 1.5608550540946453e-07, 4.385841378962141e-08, 1.0470796674155736e-08, 8.743494817053943e-09, 1.7874038915621782e-09, 6.294002125040166e-11, 6.123101331523273e-11, 4.8820277681604907e-11, 1.6990121115556533e-11, 5.226248253609178e-12, 3.577704105195423e-12], "lowlevel.melbands128.stdev": [0.0009711160673759878, 0.008665899746119976, 0.01978822983801365, 0.01891610585153103, 0.012219391763210297, 0.008501987904310226, 0.008195990696549416, 0.004346496891230345, 0.0010868702083826065, 0.0008423897670581937, 0.0006444877362810075, 0.0005652795662172139, 0.0010630267206579447, 0.0005071580526418984, 0.000652852060738951, 0.00048659220919944346, 0.0005544903688132763, 0.0013367424253374338, 0.0015806894516572356, 0.0007687615579925478, 0.00082195590948686, 0.00022855117276776582, 0.00027377178776077926, 0.0003322014235891402, 0.00038598987157456577, 0.0003717097279150039, 6.665438559139147e-05, 0.00010483402002137154, 0.00013658363604918122, 0.0002229841920780018, 0.00018023895972874016, 0.00011972210631938651, 7.050351268844679e-05, 0.0002616608398966491, 0.0001499475765740499, 0.00040397868724539876, 0.00038129137828946114, 0.0001848821120802313, 0.00020922967814840376, 0.00021869761985726655, 0.00015709263971075416, 7.23700868547894e-05, 0.00011922237899852917, 0.00017987580213230103, 0.0002165736659662798, 0.0001892478030640632, 0.00021868871408514678, 0.00030418430105783045, 0.0001228270266437903, 6.217356713023037e-05, 0.0001512461167294532, 8.820989751257002e-05, 5.427155701909214e-05, 6.91724635544233e-05, 4.994685878045857e-05, 4.246036405675113e-05, 4.2779429350048304e-05, 4.997276482754387e-05, 3.6904348235111684e-05, 2.3867314666858874e-05, 1.1500736945890822e-05, 1.0745325198513456e-05, 9.83959216682706e-06, 1.163140495918924e-05, 9.467092240811326e-06, 1.538254764454905e-05, 2.1373454728745855e-05, 1.931152473844122e-05, 1.6786210835562088e-05, 1.565605816722382e-05, 1.0564748663455248e-05, 1.2706595953204669e-05, 1.2540303032437805e-05, 1.2620206689462066e-05, 1.613606946193613e-05, 2.0067627701791935e-05, 2.0234476323821582e-05, 1.731085649225861e-05, 2.646282155183144e-05, 2.5235875000362284e-05, 3.415245737414807e-05, 3.369133992237039e-05, 2.362490340601653e-05, 1.914431413752027e-05, 1.3545877664000727e-05, 1.3505778042599559e-05, 1.2404244444041979e-05, 1.0249319529975764e-05, 7.052318778733024e-06, 6.499923983938061e-06, 6.552404101967113e-06, 6.232912710402161e-06, 5.291673915053252e-06, 5.165794846107019e-06, 5.777800197392935e-06, 6.227523954294156e-06, 6.016464794811327e-06, 5.587523446592968e-06, 4.941614861309063e-06, 4.933152013109066e-06, 4.939632617606549e-06, 3.5028763250011252e-06, 3.343727257743012e-06, 2.705404767766595e-06, 2.1640969407599187e-06, 1.6843005141709e-06, 1.6349767975043505e-06, 1.4780787296331255e-06, 1.2279973589102156e-06, 1.1802735571109224e-06, 1.0535997034821776e-06, 8.482472253490414e-07, 6.706243880216789e-07, 5.603598651759967e-07, 5.218375918047968e-07, 4.963367246091366e-07, 4.396060830913484e-07, 4.653444420910091e-07, 1.5600660674408573e-07, 8.849173127600807e-08, 7.680657176933892e-08, 1.6059956919889373e-08, 7.484448616423833e-10, 7.592205752970926e-10, 6.326880130913537e-10, 1.5816968568227452e-10, 2.1106257366843018e-11, 8.20277873403441e-12], "lowlevel.mfcc.mean": [-716.0390014648438, 86.30730438232422, 14.082523345947266, 10.874939918518066, -10.077047348022461, 0.40130430459976196, -17.898826599121094, -14.80187702178955, -11.523377418518066, -10.669185638427734, -7.68130350112915, -4.791122913360596, -3.716186046600342], "lowlevel.spectral_contrast_coeffs.mean": [-0.5977133512496948, -0.6857965588569641, -0.7781365513801575, -0.8020148277282715, -0.8049153089523315, -0.7635419964790344], "lowlevel.spectral_contrast_coeffs.stdev": [0.10121419280767441, 0.09587602317333221, 0.06553037464618683, 0.06812985241413116, 0.05369793251156807, 0.06522788852453232], "lowlevel.spectral_contrast_valleys.mean": [-8.480142593383789, -7.81645393371582, -8.441283226013184, -8.413993835449219, -8.292807579040527, -10.357022285461426], "lowlevel.spectral_contrast_valleys.stdev": [1.6773741245269775, 1.2823221683502197, 1.2142744064331055, 1.2785122394561768, 1.4431177377700806, 1.4849231243133545], "rhythm.beats_loudness_band_ratio.mean": [0.8756814002990723, 0.02346927672624588, 0.034327711910009384, 0.01391791645437479, 0.02032376453280449, 0.0347370021045208], "rhythm.beats_loudness_band_ratio.stdev": [0.21152648329734802, 0.06564097851514816, 0.10220079123973846, 0.04396926611661911, 0.04800724238157272, 0.039906881749629974], "tonal.hpcp.mean": [0.17722655832767487, 0.10237053036689758, 0.1384609490633011, 0.11389467120170593, 0.049373555928468704, 0.03084038570523262, 0.026402363553643227, 0.04719197750091553, 0.08507741242647171, 0.07299589365720749, 0.0410524420440197, 0.04171636328101158, 0.04247153550386429, 0.14636275172233582, 0.41086345911026, 0.34631624817848206, 0.13127495348453522, 0.09918522834777832, 0.05457869544625282, 0.04683900251984596, 0.04830557107925415, 0.05395548790693283, 0.11729840934276581, 0.45011183619499207, 0.3956907093524933, 0.06500034779310226, 0.06105394288897514, 0.05315088480710983, 0.0474603995680809, 0.0536746047437191, 0.0550384446978569, 0.05586402118206024, 0.05626000836491585, 0.05873133987188339, 0.08266808837652206, 0.18235564231872559], "tonal.hpcp.stdev": [0.25766828656196594, 0.22207993268966675, 0.2788317799568176, 0.24292947351932526, 0.14991338551044464, 0.12380941212177277, 0.10741955041885376, 0.1342456340789795, 0.21232517063617706, 0.1860923022031784, 0.1365785300731659, 0.14735205471515656, 0.14547479152679443, 0.17397411167621613, 0.38251176476478577, 0.31332144141197205, 0.2703491747379303, 0.23477771878242493, 0.1616341918706894, 0.15503399074077606, 0.1408061683177948, 0.15700681507587433, 0.17540866136550903, 0.40537938475608826, 0.36114344000816345, 0.1660325825214386, 0.16697169840335846, 0.15823733806610107, 0.14049488306045532, 0.1576872169971466, 0.15778566896915436, 0.14964289963245392, 0.16025866568088531, 0.17307361960411072, 0.1922639161348343, 0.25938209891319275], "rhythm.beats_position": [0.5804988741874695, 1.172607660293579, 1.7647165060043335, 2.3684353828430176, 2.972154140472412, 3.5758728981018066, 4.179591655731201, 4.783310413360596, 5.38702917098999, 5.990748405456543, 6.5944671630859375, 7.198185920715332, 7.801904678344727, 8.405623435974121, 9.009342193603516, 9.61306095123291, 10.216779708862305, 10.8204984664917, 11.424217224121094, 12.027935981750488, 12.631654739379883, 13.235373497009277, 13.839092254638672, 14.442811965942383, 15.046530723571777, 15.650249481201172, 16.25396728515625, 16.85768699645996, 17.44979476928711, 18.05351448059082, 18.6456241607666, 19.24934196472168, 19.85306167602539, 20.45677947998047, 21.06049919128418, 21.664216995239258, 22.26793670654297, 22.871654510498047, 23.475374221801758, 24.079092025756836, 24.682811737060547, 25.286529541015625, 25.890249252319336, 26.493967056274414, 27.097686767578125, 27.701404571533203, 28.305124282836914, 28.908842086791992, 29.512561798095703, 30.116281509399414, 30.719999313354492, 31.323719024658203, 31.91582679748535, 32.5079345703125, 33.111656188964844, 33.71537399291992, 34.319091796875, 34.92280960083008, 35.52653121948242, 36.1302490234375, 36.73396682739258, 37.337684631347656, 37.94140625, 38.54512405395508, 39.148841857910156, 39.7525634765625, 40.35628128051758, 40.959999084472656, 41.563716888427734, 42.16743850708008, 42.771156311035156, 43.374874114990234, 43.97859191894531, 44.582313537597656, 45.186031341552734, 45.78974914550781, 46.39346694946289, 46.997188568115234, 47.60090637207031, 48.20462417602539, 48.80834197998047, 49.41206359863281, 50.01578140258789, 50.61949920654297, 51.22322082519531, 51.82693862915039, 52.43065643310547, 53.03437423706055, 53.64970397949219], "rhythm.bpm_histogram": [0.0, 0.0, 0.0, 0.0, 0.0, 0.0, 0.0, 0.0, 0.0, 0.0, 0.0, 0.0, 0.0, 0.0, 0.0, 0.0, 0.0, 0.0, 0.0, 0.0, 0.0, 0.0, 0.0, 0.0, 0.0, 0.0, 0.0, 0.0, 0.0, 0.0, 0.0, 0.0, 0.0, 0.0, 0.0, 0.0, 0.0, 0.0, 0.0, 0.0, 0.0, 0.0, 0.0, 0.0, 0.0, 0.0, 0.0, 0.0, 0.0, 0.0, 0.0, 0.0, 0.0, 0.0, 0.0, 0.0, 0.0, 0.0, 0.0, 0.0, 0.0, 0.0, 0.0, 0.0, 0.0, 0.0, 0.0, 0.0, 0.0, 0.0, 0.0, 0.0, 0.0, 0.0, 0.0, 0.0, 0.0, 0.0, 0.0, 0.0, 0.0, 0.0, 0.0, 0.0, 0.0, 0.0, 0.0, 0.0, 0.0, 0.0, 0.0, 0.0, 0.0, 0.0, 0.0, 0.0, 0.0, 0.0, 0.011363636702299118, 0.9204545617103577, 0.0, 0.06818182021379471, 0.0, 0.0, 0.0, 0.0, 0.0, 0.0, 0.0, 0.0, 0.0, 0.0, 0.0, 0.0, 0.0, 0.0, 0.0, 0.0, 0.0, 0.0, 0.0, 0.0, 0.0, 0.0, 0.0, 0.0, 0.0, 0.0, 0.0, 0.0, 0.0, 0.0, 0.0, 0.0, 0.0, 0.0, 0.0, 0.0, 0.0, 0.0, 0.0, 0.0, 0.0, 0.0, 0.0, 0.0, 0.0, 0.0, 0.0, 0.0, 0.0, 0.0, 0.0, 0.0, 0.0, 0.0, 0.0, 0.0, 0.0, 0.0, 0.0, 0.0, 0.0, 0.0, 0.0, 0.0, 0.0, 0.0, 0.0, 0.0, 0.0, 0.0, 0.0, 0.0, 0.0, 0.0, 0.0, 0.0, 0.0, 0.0, 0.0, 0.0, 0.0, 0.0, 0.0, 0.0, 0.0, 0.0, 0.0, 0.0, 0.0, 0.0, 0.0, 0.0, 0.0, 0.0, 0.0, 0.0, 0.0, 0.0, 0.0, 0.0, 0.0, 0.0, 0.0, 0.0, 0.0, 0.0, 0.0, 0.0, 0.0, 0.0, 0.0, 0.0, 0.0, 0.0, 0.0, 0.0, 0.0, 0.0, 0.0, 0.0, 0.0, 0.0, 0.0, 0.0, 0.0, 0.0, 0.0, 0.0, 0.0, 0.0, 0.0, 0.0, 0.0, 0.0, 0.0, 0.0, 0.0, 0.0, 0.0, 0.0, 0.0, 0.0, 0.0, 0.0, 0.0, 0.0, 0.0, 0.0], "tonal.chords_histogram": [3.2423207759857178, 0.0, 1.023890733718872, 0.0, 0.0, 0.9385665655136108, 0.6825938820838928, 3.6689419746398926, 1.023890733718872, 40.01706314086914, 42.06484603881836, 2.133105754852295, 0.255972683429718, 0.0, 0.0, 0.0, 0.0, 0.0, 0.0, 0.3412969410419464, 0.0, 2.6450512409210205, 1.962457299232483, 0.0], "tonal.thpcp": [1.0, 0.8790941834449768, 0.14440932869911194, 0.13564172387123108, 0.11808373034000397, 0.10544134676456451, 0.11924726516008377, 0.12227726727724075, 0.12411142140626907, 0.12499117851257324, 0.13048166036605835, 0.18366122245788574, 0.40513408184051514, 0.3937389552593231, 0.22743354737758636, 0.3076145350933075, 0.25303637981414795, 0.10969175398349762, 0.06851716339588165, 0.058657340705394745, 0.10484500229358673, 0.18901394307613373, 0.16217279434204102, 0.09120498597621918, 0.09267999976873398, 0.09435773640871048, 0.32516974210739136, 0.912803053855896, 0.769400417804718, 0.29164963960647583, 0.22035685181617737, 0.12125585228204727, 0.1040608137845993, 0.10731904208660126, 0.11987129598855972, 0.260598361492157], "lowlevel.gfcc.cov": [[17510.49609375, -462.06109619140625, -472.6180725097656, 2770.032958984375, 341.82513427734375, 859.5709228515625, -25.782695770263672, 181.7997589111328, 275.84735107421875, -22.542266845703125, -194.4356689453125, -349.57525634765625, -293.8152160644531], [-462.06109619140625, 2676.7685546875, 58.86805725097656, -848.0547485351562, 281.69635009765625, -260.9367370605469, 3.435163974761963, -119.15409851074219, 43.16587829589844, -121.82681274414062, 210.42767333984375, 38.855125427246094, 127.8892822265625], [-472.6180725097656, 58.86805725097656, 1488.0142822265625, 432.5598449707031, 489.2984313964844, 388.9095153808594, 450.5863952636719, 234.0065460205078, -73.42013549804688, 110.03874969482422, 119.72126007080078, 140.0953369140625, 41.006412506103516], [2770.032958984375, -848.0547485351562, 432.5598449707031, 1523.6392822265625, 524.3917236328125, 501.6099853515625, 290.98443603515625, 253.63311767578125, 110.15880584716797, 45.07219696044922, -126.1917724609375, -128.76487731933594, -158.33277893066406], [341.82513427734375, 281.69635009765625, 489.2984313964844, 524.3917236328125, 792.6051635742188, 334.41937255859375, 298.3517150878906, 230.251708984375, 129.53053283691406, 21.391042709350586, 7.287043571472168, -37.94218826293945, -77.05024719238281], [859.5709228515625, -260.9367370605469, 388.9095153808594, 501.6099853515625, 334.41937255859375, 417.9742431640625, 284.0405578613281, 159.00607299804688, 39.12104034423828, 63.53254318237305, -9.365697860717773, -37.630680084228516, -77.72769927978516], [-25.782695770263672, 3.435163974761963, 450.5863952636719, 290.98443603515625, 298.3517150878906, 284.0405578613281, 408.3014831542969, 187.08082580566406, 5.292139530181885, 30.89523696899414, 45.231868743896484, 24.1191349029541, -41.2923583984375], [181.7997589111328, -119.15409851074219, 234.0065460205078, 253.63311767578125, 230.251708984375, 159.00607299804688, 187.08082580566406, 212.64462280273438, 88.76068115234375, 43.73619842529297, 6.556016445159912, 2.9903130531311035, -13.30443000793457], [275.84735107421875, 43.16587829589844, -73.42013549804688, 110.15880584716797, 129.53053283691406, 39.12104034423828, 5.292139530181885, 88.76068115234375, 247.79583740234375, 91.20396423339844, -1.2230706214904785, -10.357464790344238, 30.64864158630371], [-22.542266845703125, -121.82681274414062, 110.03874969482422, 45.07219696044922, 21.391042709350586, 63.53254318237305, 30.89523696899414, 43.73619842529297, 91.20396423339844, 143.97401428222656, 43.08704376220703, 26.139516830444336, 35.12775802612305], [-194.4356689453125, 210.42767333984375, 119.72126007080078, -126.1917724609375, 7.287043571472168, -9.365697860717773, 45.231868743896484, 6.556016445159912, -1.2230706214904785, 43.08704376220703, 143.4344024658203, 86.7604751586914, 57.667049407958984], [-349.57525634765625, 38.855125427246094, 140.0953369140625, -128.76487731933594, -37.94218826293945, -37.630680084228516, 24.1191349029541, 2.9903130531311035, -10.357464790344238, 26.139516830444336, 86.7604751586914, 150.5398712158203, 93.47447967529297], [-293.8152160644531, 127.8892822265625, 41.006412506103516, -158.33277893066406, -77.05024719238281, -77.72769927978516, -41.2923583984375, -13.30443000793457, 30.64864158630371, 35.12775802612305, 57.667049407958984, 93.47447967529297, 129.43679809570312]], "lowlevel.gfcc.icov": [[0.0001311351516051218, -0.0001824703358579427, 0.00012379854160826653, -0.00037211625021882355, 0.00029185652965679765, -0.0004659095429815352, 0.00038740012678317726, -0.00021971898968331516, 3.263323014834896e-05, 3.741717591765337e-05, -6.95553098921664e-05, -0.00025644831475801766, 0.00017680920427665114], [-0.0001824703358579427, 0.001254730625078082, -0.0004021270724479109, 0.0010718281846493483, -0.0012562497286126018, 0.0012215054593980312, -0.0011884676059708, 0.001520731719210744, -0.0009297245414927602, 0.001467486028559506, -0.0015264658723026514, 0.002216594759374857, -0.0015513247344642878], [0.00012379854160826653, -0.0004021270724479109, 0.001797587494365871, -0.0006249092984944582, -0.0003390457422938198, -0.000842158799059689, -0.00019733113003894687, -0.0009301799582317472, 0.0020704586058855057, -0.001775848912075162, 0.0004889604169875383, -0.001464343280531466, -0.0006903317989781499], [-0.00037211625021882355, 0.0010718281846493483, -0.0006249092984944582, 0.002694842405617237, -0.0014548089820891619, 0.00033230785629712045, -0.0009899473516270518, 0.0006868679774925113, -0.0008474785718135536, 0.00090242107398808, 0.0001374756684526801, 0.0017346626846119761, -0.0006791329360567033], [0.00029185652965679765, -0.0012562497286126018, -0.0003390457422938198, -0.0014548089820891619, 0.004380236379802227, -0.002563132205978036, 0.0013789184158667922, -0.0023155456874519587, -0.0014636518899351358, 0.0011270501418039203, 9.333888738183305e-05, -0.0016690273769199848, 0.0027061288710683584], [-0.0004659095429815352, 0.0012215054593980312, -0.000842158799059689, 0.00033230785629712045, -0.002563132205978036, 0.010101058520376682, -0.00539507856592536, 0.002052406081929803, 0.00010841093899216503, -0.002659391611814499, 6.988461973378435e-05, 0.002712450921535492, 0.00014473337796516716], [0.00038740012678317726, -0.0011884676059708, -0.00019733113003894687, -0.0009899473516270518, 0.0013789184158667922, -0.00539507856592536, 0.009308766573667526, -0.005671939346939325, 0.001330645172856748, 0.0007039053598418832, -0.001060059992596507, -0.0032222082372754812, 0.0031660294625908136], [-0.00021971898968331516, 0.001520731719210744, -0.0009301799582317472, 0.0006868679774925113, -0.0023155456874519587, 0.002052406081929803, -0.005671939346939325, 0.013374026864767075, -0.004625306464731693, 0.0015976427821442485, -0.000771616876590997, 0.0022593941539525986, -0.002073325216770172], [3.263323014834896e-05, -0.0009297245414927602, 0.0020704586058855057, -0.0008474785718135536, -0.0014636518899351358, 0.00010841093899216503, 0.001330645172856748, -0.004625306464731693, 0.01065059658139944, -0.007556067313998938, 0.002608833834528923, -0.0005016291979700327, -0.002828317927196622], [3.741717591765337e-05, 0.001467486028559506, -0.001775848912075162, 0.00090242107398808, 0.0011270501418039203, -0.002659391611814499, 0.0007039053598418832, 0.0015976427821442485, -0.007556067313998938, 0.016335774213075638, -0.006443285848945379, 0.0035720833111554384, -0.0025890206452459097], [-6.95553098921664e-05, -0.0015264658723026514, 0.0004889604169875383, 0.0001374756684526801, 9.333888738183305e-05, 6.988461973378435e-05, -0.001060059992596507, -0.000771616876590997, 0.002608833834528923, -0.006443285848945379, 0.015759147703647614, -0.008436769247055054, 0.0012461997102946043], [-0.00025644831475801766, 0.002216594759374857, -0.001464343280531466, 0.0017346626846119761, -0.0016690273769199848, 0.002712450921535492, -0.0032222082372754812, 0.0022593941539525986, -0.0005016291979700327, 0.0035720833111554384, -0.008436769247055054, 0.02115263231098652, -0.012714294716715813], [0.00017680920427665114, -0.0015513247344642878, -0.0006903317989781499, -0.0006791329360567033, 0.0027061288710683584, 0.00014473337796516716, 0.0031660294625908136, -0.002073325216770172, -0.002828317927196622, -0.0025890206452459097, 0.0012461997102946043, -0.012714294716715813, 0.021541479974985123]], "lowlevel.mfcc.cov": [[17404.853515625, -2059.412109375, -213.99415588378906, 1485.79833984375, 711.6012573242188, 823.4671020507812, -93.6886978149414, 397.28167724609375, 414.09906005859375, 368.31671142578125, 400.9235534667969, -32.77830505371094, 85.26116180419922], [-2059.412109375, 3221.6015625, -163.13955688476562, -580.9592895507812, -55.696170806884766, -327.1773681640625, -46.26173400878906, -133.47064208984375, -238.5801239013672, -157.09803771972656, -140.64564514160156, 0.7533339262008667, 15.943990707397461], [-213.99415588378906, -163.13955688476562, 903.7675170898438, 299.6191101074219, 112.66410064697266, 225.47393798828125, 370.2690124511719, 154.4628143310547, 78.2311019897461, 85.16737365722656, 20.079832077026367, 83.53413391113281, 47.43788146972656], [1485.79833984375, -580.9592895507812, 299.6191101074219, 751.1246948242188, 405.2676086425781, 326.7125549316406, 275.379638671875, 270.889892578125, 204.71435546875, 198.00961303710938, 85.47016906738281, 48.99994659423828, 64.5274658203125], [711.6012573242188, -55.696170806884766, 112.66410064697266, 405.2676086425781, 513.4117431640625, 255.74095153808594, 178.79196166992188, 190.57545471191406, 175.708984375, 187.63307189941406, 91.38249206542969, 49.984928131103516, 64.53880310058594], [823.4671020507812, -327.1773681640625, 225.47393798828125, 326.7125549316406, 255.74095153808594, 369.5361633300781, 255.13600158691406, 180.09762573242188, 152.77542114257812, 150.8573455810547, 108.0689926147461, 69.16857147216797, 28.41701889038086], [-93.6886978149414, -46.26173400878906, 370.2690124511719, 275.379638671875, 178.79196166992188, 255.13600158691406, 500.3495178222656, 274.7688903808594, 93.01131439208984, 117.5263671875, 83.87661743164062, 73.53656005859375, 38.3365364074707], [397.28167724609375, -133.47064208984375, 154.4628143310547, 270.889892578125, 190.57545471191406, 180.09762573242188, 274.7688903808594, 288.3845520019531, 142.91561889648438, 105.18455505371094, 74.03849792480469, 57.23729705810547, 56.60948181152344], [414.09906005859375, -238.5801239013672, 78.2311019897461, 204.71435546875, 175.708984375, 152.77542114257812, 93.01131439208984, 142.91561889648438, 226.5242462158203, 153.50445556640625, 82.72701263427734, 48.89366912841797, 52.515419006347656], [368.31671142578125, -157.09803771972656, 85.16737365722656, 198.00961303710938, 187.63307189941406, 150.8573455810547, 117.5263671875, 105.18455505371094, 153.50445556640625, 208.13763427734375, 106.14454650878906, 38.895687103271484, 36.10879135131836], [400.9235534667969, -140.64564514160156, 20.079832077026367, 85.47016906738281, 91.38249206542969, 108.0689926147461, 83.87661743164062, 74.03849792480469, 82.72701263427734, 106.14454650878906, 135.259033203125, 48.27489471435547, 23.647178649902344], [-32.77830505371094, 0.7533339262008667, 83.53413391113281, 48.99994659423828, 49.984928131103516, 69.16857147216797, 73.53656005859375, 57.23729705810547, 48.89366912841797, 38.895687103271484, 48.27489471435547, 91.46245574951172, 47.40483856201172], [85.26116180419922, 15.943990707397461, 47.43788146972656, 64.5274658203125, 64.53880310058594, 28.41701889038086, 38.3365364074707, 56.60948181152344, 52.515419006347656, 36.10879135131836, 23.647178649902344, 47.40483856201172, 92.28199768066406]], "lowlevel.mfcc.icov": [[9.095580026041716e-05, -2.951476517409901e-06, 2.7652633434627205e-05, -0.00020354131993371993, 8.344190428033471e-05, -0.00024250679416581988, 0.00025624388945288956, -0.00013310766371432692, 9.9631302873604e-05, 9.56912845140323e-05, -0.00030479018460027874, 0.00025621301028877497, -0.0001115468839998357], [-2.951476517409901e-06, 0.00047135265776887536, 1.7757787645678036e-05, 0.0005358995986171067, -0.0005404447438195348, 0.0003976377774961293, -0.0002894873032346368, -4.8117635742528364e-05, 0.00038568154559470713, -0.00021638954058289528, 0.0004956477205269039, -0.0003558913304004818, -0.00013626452710013837], [2.7652633434627205e-05, 1.7757787645678036e-05, 0.0019689765758812428, -0.0006607790710404515, 0.000451809901278466, -0.00034159317146986723, -0.0016891006380319595, 0.0012725226115435362, -0.00038092111935839057, -9.379079710924998e-05, 0.0011132389772683382, -0.0010069948621094227, -0.00038294485420919955], [-0.00020354131993371993, 0.0005358995986171067, -0.0006607790710404515, 0.0044236253015697, -0.002103975974023342, -0.0004324977344367653, -0.0001388224627589807, -0.0017019526567310095, 0.00042167960782535374, -0.0013601435348391533, 0.0020199085120111704, 0.0002568821073509753, -0.00030901693389751017], [8.344190428033471e-05, -0.0005404447438195348, 0.000451809901278466, -0.002103975974023342, 0.005147659685462713, -0.002179828006774187, 0.0008819014183245599, -0.0007324376492761075, -3.8982318073976785e-05, -0.001799536170437932, -5.9737816627603024e-05, 0.0008056812803260982, -0.0012629354605451226], [-0.00024250679416581988, 0.0003976377774961293, -0.00034159317146986723, -0.0004324977344367653, -0.002179828006774187, 0.008666803129017353, -0.003245910629630089, 0.001556872040964663, -0.0022338673006743193, 0.0002901160914916545, -0.0010844120988622308, -0.0031536652240902185, 0.0029380591586232185], [0.00025624388945288956, -0.0002894873032346368, -0.0016891006380319595, -0.0001388224627589807, 0.0008819014183245599, -0.003245910629630089, 0.008515420369803905, -0.007334851659834385, 0.004147099331021309, -0.002037785016000271, -0.001168060814961791, 0.00033819873351603746, 0.0006862683803774416], [-0.00013310766371432692, -4.8117635742528364e-05, 0.0012725226115435362, -0.0017019526567310095, -0.0007324376492761075, 0.001556872040964663, -0.007334851659834385, 0.013539415784180164, -0.006357884034514427, 0.003699094522744417, -0.000941325502935797, -0.000293622724711895, -0.0019957146141678095], [9.9631302873604e-05, 0.00038568154559470713, -0.00038092111935839057, 0.00042167960782535374, -3.8982318073976785e-05, -0.0022338673006743193, 0.004147099331021309, -0.006357884034514427, 0.013804051093757153, -0.007755161263048649, 0.0009863798040896654, -0.0011286517838016152, -0.0018592424457892776], [9.56912845140323e-05, -0.00021638954058289528, -9.379079710924998e-05, -0.0013601435348391533, -0.001799536170437932, 0.0002901160914916545, -0.002037785016000271, 0.003699094522744417, -0.007755161263048649, 0.015883583575487137, -0.008061101660132408, 0.0028440491296350956, -0.0005022661061957479], [-0.00030479018460027874, 0.0004956477205269039, 0.0011132389772683382, 0.0020199085120111704, -5.9737816627603024e-05, -0.0010844120988622308, -0.001168060814961791, -0.000941325502935797, 0.0009863798040896654, -0.008061101660132408, 0.01744251511991024, -0.006790468469262123, 0.0012611852725967765], [0.00025621301028877497, -0.0003558913304004818, -0.0010069948621094227, 0.0002568821073509753, 0.0008056812803260982, -0.0031536652240902185, 0.00033819873351603746, -0.000293622724711895, -0.0011286517838016152, 0.0028440491296350956, -0.006790468469262123, 0.021356724202632904, -0.0090912701562047], [-0.0001115468839998357, -0.00013626452710013837, -0.00038294485420919955, -0.00030901693389751017, -0.0012629354605451226, 0.0029380591586232185, 0.0006862683803774416, -0.0019957146141678095, -0.0018592424457892776, -0.0005022661061957479, 0.0012611852725967765, -0.0090912701562047, 0.017895104363560677]], "metadata.audio_properties.analysis.downmix": "mix", "metadata.audio_properties.codec": "mp3", "metadata.audio_properties.md5_encoded": "61102a3ac7d21f6e2ca4ef9557473781", "metadata.tags.file_name": "1183703