{"song_id": "1183701185534906378", "download": "https://cdn.discordapp.com/attachments/1128313332273782784/1183701185534906378/chirp.mp4?ex=65894aa2&amp", "lyrics": "turtles edge trade positon rule self control chance", "style": ["rock"], "essentia_features": {"lowlevel.average_loudness": 0.9866286516189575, "lowlevel.barkbands_crest.mean": 9.399507522583008, "lowlevel.barkbands_crest.stdev": 3.7669425010681152, "lowlevel.barkbands_flatness_db.mean": 0.0990140363574028, "lowlevel.barkbands_flatness_db.stdev": 0.027858218178153038, "lowlevel.barkbands_kurtosis.mean": 1.1427198648452759, "lowlevel.barkbands_kurtosis.stdev": 2.8757121562957764, "lowlevel.barkbands_skewness.mean": 1.3436708450317383, "lowlevel.barkbands_skewness.stdev": 0.7262247204780579, "lowlevel.barkbands_spread.mean": 35.96158218383789, "lowlevel.barkbands_spread.stdev": 11.09553050994873, "lowlevel.dissonance.mean": 0.48567554354667664, "lowlevel.dissonance.stdev": 0.01670048013329506, "lowlevel.dynamic_complexity": 1.1631672382354736, "lowlevel.erbbands_crest.mean": 6.5054402351379395, "lowlevel.erbbands_crest.stdev": 2.744539737701416, "lowlevel.erbbands_flatness_db.mean": 0.11847756803035736, "lowlevel.erbbands_flatness_db.stdev": 0.021910564973950386, "lowlevel.erbbands_kurtosis.mean": -0.002260054461658001, "lowlevel.erbbands_kurtosis.stdev": 0.9431717991828918, "lowlevel.erbbands_skewness.mean": -0.5273619890213013, "lowlevel.erbbands_skewness.stdev": 0.5032047629356384, "lowlevel.erbbands_spread.mean": 48.73902130126953, "lowlevel.erbbands_spread.stdev": 13.188860893249512, "lowlevel.hfc.mean": 29.972375869750977, "lowlevel.hfc.stdev": 11.150996208190918, "lowlevel.loudness_ebu128.integrated": -13.11889362335205, "lowlevel.loudness_ebu128.loudness_range": 0.2811164855957031, "lowlevel.loudness_ebu128.momentary.mean": -13.156004905700684, "lowlevel.loudness_ebu128.momentary.stdev": 0.5733394622802734, "lowlevel.loudness_ebu128.short_term.mean": -13.091251373291016, "lowlevel.loudness_ebu128.short_term.stdev": 0.09831646084785461, "lowlevel.melbands_crest.mean": 15.507183074951172, "lowlevel.melbands_crest.stdev": 4.792092323303223, "lowlevel.melbands_flatness_db.mean": 0.15721458196640015, "lowlevel.melbands_flatness_db.stdev": 0.03981481492519379, "lowlevel.melbands_kurtosis.mean": 11.886455535888672, "lowlevel.melbands_kurtosis.stdev": 11.151274681091309, "lowlevel.melbands_skewness.mean": 3.0948081016540527, "lowlevel.melbands_skewness.stdev": 1.2503407001495361, "lowlevel.melbands_spread.mean": 30.273881912231445, "lowlevel.melbands_spread.stdev": 13.948749542236328, "lowlevel.pitch_salience.mean": 0.5722848176956177, "lowlevel.pitch_salience.stdev": 0.09506877511739731, "lowlevel.silence_rate_20dB.mean": 1.0, "lowlevel.silence_rate_20dB.stdev": 0.0, "lowlevel.silence_rate_30dB.mean": 1.0, "lowlevel.silence_rate_30dB.stdev": 0.0, "lowlevel.silence_rate_60dB.mean": 0.009146341122686863, "lowlevel.silence_rate_60dB.stdev": 0.09519829601049423, "lowlevel.spectral_centroid.mean": 1917.640625, "lowlevel.spectral_centroid.stdev": 367.9199523925781, "lowlevel.spectral_complexity.mean": 33.085365295410156, "lowlevel.spectral_complexity.stdev": 7.091218948364258, "lowlevel.spectral_decrease.mean": -8.584119193244533e-09, "lowlevel.spectral_decrease.stdev": 4.8006678632361854e-09, "lowlevel.spectral_energy.mean": 0.035117048770189285, "lowlevel.spectral_energy.stdev": 0.018515385687351227, "lowlevel.spectral_energyband_high.mean": 0.0017162231961265206, "lowlevel.spectral_energyband_high.stdev": 0.0010585359996184707, "lowlevel.spectral_energyband_low.mean": 0.016568293794989586, "lowlevel.spectral_energyband_low.stdev": 0.01638256013393402, "lowlevel.spectral_energyband_middle_high.mean": 0.006635625846683979, "lowlevel.spectral_energyband_middle_high.stdev": 0.0036808066070079803, "lowlevel.spectral_energyband_middle_low.mean": 0.012357791885733604, "lowlevel.spectral_energyband_middle_low.stdev": 0.010602271184325218, "lowlevel.spectral_entropy.mean": 7.976444721221924, "lowlevel.spectral_entropy.stdev": 0.16254916787147522, "lowlevel.spectral_flux.mean": 0.09805703908205032, "lowlevel.spectral_flux.stdev": 0.045094627887010574, "lowlevel.spectral_kurtosis.mean": 3.0040857791900635, "lowlevel.spectral_kurtosis.stdev": 1.1254631280899048, "lowlevel.spectral_rms.mean": 0.005670479964464903, "lowlevel.spectral_rms.stdev": 0.0014512805500999093, "lowlevel.spectral_rolloff.mean": 2115.899658203125, "lowlevel.spectral_rolloff.stdev": 1335.200439453125, "lowlevel.spectral_skewness.mean": 1.2236583232879639, "lowlevel.spectral_skewness.stdev": 0.19927458465099335, "lowlevel.spectral_spread.mean": 4968542.0, "lowlevel.spectral_spread.stdev": 1281708.0, "lowlevel.spectral_strongpeak.mean": 0.5652978420257568, "lowlevel.spectral_strongpeak.stdev": 0.44121766090393066, "lowlevel.zerocrossingrate.mean": 0.07905392348766327, "lowlevel.zerocrossingrate.stdev": 0.025910869240760803, "metadata.audio_properties.analysis.equal_loudness": 0.0, "metadata.audio_properties.analysis.length": 7.573310852050781, "metadata.audio_properties.analysis.sample_rate": 44100.0, "metadata.audio_properties.analysis.start_time": 0.0, "metadata.audio_properties.bit_rate": 116997.0, "metadata.audio_properties.length": 7.573333263397217, "metadata.audio_properties.lossless": 0.0, "metadata.audio_properties.number_channels": 1.0, "metadata.audio_properties.replay_gain": -12.92617416381836, "metadata.audio_properties.sample_rate": 48000.0, "rhythm.beats_count": 18.0, "rhythm.beats_loudness.mean": 0.04490794613957405, "rhythm.beats_loudness.stdev": 0.013670574873685837, "rhythm.bpm": 150.8409881591797, "rhythm.bpm_histogram_first_peak_bpm": 152.0, "rhythm.bpm_histogram_first_peak_weight": 0.2666666507720947, "rhythm.bpm_histogram_second_peak_bpm": 144.0, "rhythm.bpm_histogram_second_peak_spread": 0.0, "rhythm.bpm_histogram_second_peak_weight": 0.11764705926179886, "rhythm.danceability": 1.5432039499282837, "rhythm.onset_rate": 3.4242403507232666, "tonal.chords_changes_rate": 0.024242423474788666, "tonal.chords_number_rate": 0.03030303120613098, "tonal.chords_strength.mean": 0.5651170015335083, "tonal.chords_strength.stdev": 0.1019587442278862, "tonal.hpcp_crest.mean": 11.842735290527344, "tonal.hpcp_crest.stdev": 5.732119560241699, "tonal.hpcp_entropy.mean": 2.2849724292755127, "tonal.hpcp_entropy.stdev": 0.743758499622345, "tonal.key_edma.strength": 0.7214909195899963, "tonal.key_krumhansl.strength": 0.7303436994552612, "tonal.key_temperley.strength": 0.7443106770515442, "tonal.tuning_diatonic_strength": 0.5974684953689575, "tonal.tuning_equal_tempered_deviation": 0.250559002161026, "tonal.tuning_frequency": 434.193115234375, "tonal.tuning_nontempered_energy_ratio": 0.9769430756568909, "lowlevel.barkbands.mean": [0.0011464667040854692, 0.006945088040083647, 0.006376971025019884, 0.003458600491285324, 0.004814221058040857, 0.001829987857490778, 0.0007421012269333005, 0.0005168034695088863, 0.0008797963382676244, 0.0006910405354574323, 0.0004768526123370975, 0.0007799371378496289, 0.0004053760494571179, 0.0004953561001457274, 0.00039522649603895843, 0.0007666940800845623, 0.0010093610035255551, 0.0006417349213734269, 0.0007049590931273997, 0.0006001323345117271, 0.00038696665433235466, 0.0003038239956367761, 0.000258807820500806, 0.00022173738398123533, 0.00016695620433893055, 0.00010127645509783179, 7.726312674094515e-07], "lowlevel.barkbands.stdev": [0.002037915401160717, 0.014021800830960274, 0.004240190610289574, 0.00270111788995564, 0.007808825001120567, 0.0030552789103239775, 0.0022988049313426018, 0.000984623678959906, 0.0017148723127320409, 0.0017911115428432822, 0.001066171913407743, 0.0011760343331843615, 0.0005939425900578499, 0.0005995432729832828, 0.000413957197451964, 0.0005322973011061549, 0.0007734834216535091, 0.0003896888520102948, 0.00036246856325306, 0.00034735462395474315, 0.00026741722831502557, 0.00022817490389570594, 0.0002301569184055552, 0.0002184235054301098, 0.0001525900443084538, 0.00010451619164086878, 2.188314283557702e-06], "lowlevel.erbbands.mean": [0.2979251444339752, 1.2332850694656372, 5.072149753570557, 12.96407413482666, 16.604089736938477, 12.196799278259277, 10.75159740447998, 16.630104064941406, 12.110542297363281, 9.964289665222168, 13.791742324829102, 16.965213775634766, 21.248939514160156, 25.217811584472656, 17.458654403686523, 29.234127044677734, 22.605735778808594, 19.95986557006836, 25.849380493164062, 21.576711654663086, 54.88292694091797, 60.02311706542969, 35.19028091430664, 40.10641860961914, 31.624988555908203, 28.32646942138672, 19.004268646240234, 13.042929649353027, 11.841093063354492, 8.636611938476562, 6.952793121337891, 4.771327018737793, 3.698073148727417, 2.100565195083618, 1.0298556089401245, 0.5365849733352661, 0.16504287719726562, 0.01810242235660553, 0.00036916384124197066, 5.916929148952477e-05], "lowlevel.erbbands.stdev": [0.6567168235778809, 2.4301395416259766, 3.8200621604919434, 8.358835220336914, 24.43489646911621, 21.32128143310547, 19.23087501525879, 25.670974731445312, 39.897884368896484, 19.467269897460938, 26.44741439819336, 28.338441848754883, 45.915916442871094, 57.1682243347168, 30.940988540649414, 42.575809478759766, 28.389495849609375, 26.12957000732422, 27.453493118286133, 20.60422706604004, 37.04487609863281, 46.025535583496094, 20.058847427368164, 21.54450225830078, 16.011226654052734, 17.209604263305664, 12.329861640930176, 8.963500022888184, 8.99295425415039, 7.236660480499268, 6.477097988128662, 4.2646636962890625, 4.064575672149658, 2.07619047164917, 0.9335240125656128, 0.5233602523803711, 0.1809571087360382, 0.024866392835974693, 0.0004525705298874527, 2.9408151021925732e-05], "lowlevel.gfcc.mean": [50.83261489868164, 60.35394287109375, -114.30931091308594, 55.14394760131836, -49.71492004394531, 17.43474578857422, -45.3299674987793, 12.67262077331543, -35.78076934814453, -1.1055020093917847, -24.915895462036133, 1.098258376121521, -16.437108993530273], "lowlevel.melbands.mean": [0.002257970627397299, 0.002393781440332532, 0.002245539566501975, 0.001135507132858038, 0.0003676415071822703, 0.0003628963022492826, 0.00017616314289625734, 0.00010739824210759252, 0.00011728366371244192, 0.00011253632692387328, 0.00010875251609832048, 0.0001052915831678547, 5.942321149632335e-05, 6.606120587093756e-05, 8.56882325024344e-05, 3.849951099255122e-05, 3.61483107553795e-05, 4.544700277619995e-05, 2.770036371657625e-05, 3.257573916926049e-05, 6.928608490852639e-05, 6.826397293480113e-05, 3.51520866388455e-05, 2.914533433795441e-05, 3.340559487696737e-05, 2.4316130293300375e-05, 2.222334296675399e-05, 1.7748436221154407e-05, 1.2532536857179366e-05, 9.220786523655988e-06, 6.94756408847752e-06, 7.001946414675331e-06, 5.204902208788553e-06, 4.772814918396762e-06, 4.128257842239691e-06, 3.3457117751822807e-06, 2.811699914673227e-06, 2.7774372028943617e-06, 2.0874012989224866e-06, 1.679686192801455e-06], "lowlevel.melbands.stdev": [0.00467473641037941, 0.0020023880060762167, 0.0013801102759316564, 0.0019502260256558657, 0.0005861968384124339, 0.0005797530757263303, 0.0005479153478518128, 0.00020064432465005666, 0.0002406031417194754, 0.0001979603839572519, 0.00024337615468539298, 0.0002483406860847026, 0.00012000482820440084, 0.00010824301716638729, 0.00013571413001045585, 6.232946907402948e-05, 4.8984948080033064e-05, 5.307393439579755e-05, 3.132093115709722e-05, 2.4199092877097428e-05, 5.0637649110285565e-05, 5.965216041659005e-05, 2.0426186893018894e-05, 1.8448206901666708e-05, 1.944400355569087e-05, 1.4106388334766962e-05, 1.266746039618738e-05, 1.2065006558259483e-05, 8.42066128825536e-06, 6.525627668452216e-06, 5.280875939206453e-06, 5.47668787476141e-06, 4.454132977116387e-06, 4.077154244441772e-06, 3.954211933887564e-06, 3.1493609640165232e-06, 2.6713814804679714e-06, 3.215084689145442e-06, 2.2097410692367703e-06, 1.6877135067261406e-06], "lowlevel.melbands128.mean": [0.0008205671329051256, 0.0027144786436110735, 0.002735881134867668, 0.0016636643558740616, 0.0017656735144555569, 0.0036882224958389997, 0.0029462098609656096, 0.001326743746176362, 0.0018539819866418839, 0.001453606877475977, 0.0004490866558626294, 0.00033849902683869004, 0.00035686104092746973, 0.00037486330256797373, 0.000413484318414703, 0.00034493496059440076, 0.000221119582420215, 0.000148117687785998, 0.00010909169941442087, 0.0001147168586612679, 9.510621021036059e-05, 0.00012187092215754092, 0.00011179893772350624, 0.00013457474415190518, 9.049037180375308e-05, 0.00011066414299421012, 0.0001464418601244688, 7.00939490343444e-05, 0.00012840829731430858, 0.0001112512982217595, 0.00010351010860176757, 8.453559712506831e-05, 5.132696605869569e-05, 3.7480662285815924e-05, 7.534601900260895e-05, 5.783465530839749e-05, 6.897273124195635e-05, 0.00014530406042467803, 4.20587784901727e-05, 3.7180430808803067e-05, 3.732541517820209e-05, 3.980201290687546e-05, 3.258755896240473e-05, 2.7594043785938993e-05, 6.528520316351205e-05, 4.7124518459895626e-05, 2.8127529731136747e-05, 2.6437824999447912e-05, 2.9083517802064307e-05, 2.57135798165109e-05, 2.1647791072609834e-05, 4.387560693430714e-05, 9.629131818655878e-05, 6.040113657945767e-05, 5.827945642522536e-05, 9.282908285968006e-05, 5.1648465159814805e-05, 3.296171416877769e-05, 3.3001033443724737e-05, 3.068614023504779e-05, 2.530726487748325e-05, 2.9688178983633406e-05, 3.7879461160628125e-05, 3.392139115021564e-05, 2.799563117150683e-05, 2.546960604377091e-05, 2.0645029508159496e-05, 1.9712084394996054e-05, 2.512604623916559e-05, 2.280819353472907e-05, 1.699824679235462e-05, 1.6238032912951894e-05, 1.3302722436492331e-05, 1.2544854143925477e-05, 1.0391050636826549e-05, 1.004811201710254e-05, 8.490179425280076e-06, 6.98174972058041e-06, 6.959367510717129e-06, 6.331186796160182e-06, 7.259788617375307e-06, 7.504200311814202e-06, 6.170629603730049e-06, 4.946074113831855e-06, 4.198790975351585e-06, 4.87407851323951e-06, 4.867980351264123e-06, 4.8628230615577195e-06, 3.922648829757236e-06, 3.7524655454035383e-06, 3.856273906421848e-06, 3.2304776595992735e-06, 2.5570534489816055e-06, 2.669160494406242e-06, 3.00079477710824e-06, 3.147261168123805e-06, 2.6834050004254095e-06, 2.373132474531303e-06, 2.1233643110463163e-06, 2.0061836494278396e-06, 1.6399496871599695e-06, 1.8952968048324692e-06, 1.275034946957021e-06, 1.314872179136728e-06, 9.227048280990857e-07, 1.097825588658452e-06, 1.2752584552799817e-06, 1.040864958667953e-06, 8.678248377691489e-07, 8.579071959502471e-07, 7.976564688760845e-07, 5.937797027399938e-07, 4.737922267850081e-07, 4.3300119045852625e-07, 3.251679459026491e-07, 2.2033471225313406e-07, 3.599571840595672e-08, 6.165706140093263e-11, 5.647934810809607e-12, 5.4360192562608045e-12, 5.2674301552479985e-12, 5.133650015504143e-12, 5.008272876277919e-12, 4.9066913726525385e-12, 4.80372902914028e-12, 4.6932206385075226e-12, 4.624349514426029e-12, 4.592678667925121e-12], "lowlevel.melbands128.stdev": [0.0018150799442082644, 0.006299223750829697, 0.006034154444932938, 0.0036493116058409214, 0.0021293964236974716, 0.0023456516209989786, 0.002173297805711627, 0.0011383895762264729, 0.0029454759787768126, 0.003001637291163206, 0.0009123730123974383, 0.0005076822708360851, 0.0007161555113270879, 0.0009675800683908165, 0.0006729906890541315, 0.0006816031527705491, 0.0009348718449473381, 0.0006459301803261042, 0.0003481485473457724, 0.0002825441479217261, 0.00020286427752580494, 0.00028409113292582333, 0.00029922727844677866, 0.00040873457328416407, 0.0001791958202375099, 0.0002461122639942914, 0.00047632885980419815, 0.00020962256530765444, 0.0004045827081426978, 0.00040060054743662477, 0.0002981729921884835, 0.00024204837973229587, 0.00015045095642562956, 8.16573083284311e-05, 0.0001699365966487676, 0.0001048553895088844, 0.000129545500385575, 0.0002712268033064902, 6.376211968017742e-05, 7.660769915673882e-05, 9.069751831702888e-05, 6.914372352184728e-05, 8.69437717483379e-05, 3.338192982482724e-05, 9.997026791097596e-05, 7.281757279997692e-05, 3.953526902478188e-05, 4.05243736167904e-05, 5.0860711780842394e-05, 3.162198481732048e-05, 2.177944770664908e-05, 3.728322917595506e-05, 9.531681280350313e-05, 5.982226139167324e-05, 7.210671901702881e-05, 0.00011750776320695877, 4.2035979276988655e-05, 2.6211673684883863e-05, 2.8697670131805353e-05, 2.6276849894202314e-05, 2.4164515707525425e-05, 2.367190427321475e-05, 3.655693581094965e-05, 2.329298877157271e-05, 2.0326189769548364e-05, 1.9880089894286357e-05, 1.641741800995078e-05, 1.6157304344233125e-05, 1.8885355530073866e-05, 1.806180262065027e-05, 1.6576206689933315e-05, 1.3313461749930866e-05, 1.0234291039523669e-05, 1.067605808202643e-05, 1.0937556908174884e-05, 9.282594874093775e-06, 6.174805548653239e-06, 6.485433004854713e-06, 6.568347998836543e-06, 5.492173841048498e-06, 6.555339950864436e-06, 7.0462260737258475e-06, 5.696379048458766e-06, 5.307710580382263e-06, 4.146161245444091e-06, 5.346115358406678e-06, 4.398501914693043e-06, 4.402254035085207e-06, 4.445978902367642e-06, 3.858318905258784e-06, 5.214425073063467e-06, 3.0734822757949587e-06, 2.566064495113096e-06, 2.9491625355149154e-06, 3.3421047191950493e-06, 3.824786290351767e-06, 3.628326339821797e-06, 3.2117795853991993e-06, 2.434461976008606e-06, 2.2261162939685164e-06, 1.9575143141992157e-06, 2.0530662823148305e-06, 1.284781774302246e-06, 1.6423338138338295e-06, 1.0203583542534034e-06, 1.1385292282284354e-06, 1.2692856898866012e-06, 1.0389967428636737e-06, 1.020616196001356e-06, 9.991231308958959e-07, 9.693960691947723e-07, 7.371151014012867e-07, 5.750918603553146e-07, 5.537849574466236e-07, 4.949714593749377e-07, 3.7539837194344727e-07, 7.639167876050124e-08, 2.675725474521329e-10, 7.33704156458126e-12, 7.1068745506608355e-12, 6.909946573263603e-12, 6.73697122394179e-12, 6.588380015160045e-12, 6.463164205217087e-12, 6.361726249959343e-12, 6.281680470926476e-12, 6.222666479316352e-12, 6.1864393816057905e-12], "lowlevel.mfcc.mean": [-587.5101928710938, 85.30968475341797, -0.7770344614982605, 37.119956970214844, 15.554719924926758, 7.123768329620361, 5.128810882568359, 7.076799392700195, -0.7525419592857361, -3.3926711082458496, -6.101207256317139, -1.7605799436569214, -3.0252645015716553], "lowlevel.spectral_contrast_coeffs.mean": [-0.6678434610366821, -0.7740452289581299, -0.7844297885894775, -0.7950425744056702, -0.7962571382522583, -0.7494444251060486], "lowlevel.spectral_contrast_coeffs.stdev": [0.06795036047697067, 0.059839483350515366, 0.05041993781924248, 0.03383874148130417, 0.023343253880739212, 0.030424628406763077], "lowlevel.spectral_contrast_valleys.mean": [-6.432855606079102, -6.759150981903076, -7.112921714782715, -7.043269634246826, -6.5558576583862305, -9.393099784851074], "lowlevel.spectral_contrast_valleys.stdev": [0.8657600283622742, 0.8950443267822266, 0.885810375213623, 0.8197656273841858, 0.7970178723335266, 0.8223440647125244], "rhythm.beats_loudness_band_ratio.mean": [0.5693169832229614, 0.28516778349876404, 0.057220835238695145, 0.08182388544082642, 0.0780324637889862, 0.08893938362598419], "rhythm.beats_loudness_band_ratio.stdev": [0.14485754072666168, 0.1946931630373001, 0.06009969860315323, 0.0913558378815651, 0.029126150533556938, 0.034736406058073044], "tonal.hpcp.mean": [0.06946655362844467, 0.0336415134370327, 0.025099309161305428, 0.04459094628691673, 0.05810662358999252, 0.09643955528736115, 0.24858658015727997, 0.30359572172164917, 0.15442746877670288, 0.05000636354088783, 0.03381604328751564, 0.045582499355077744, 0.29698193073272705, 0.4579629600048065, 0.21852178871631622, 0.04944445192813873, 0.04862687736749649, 0.06089383736252785, 0.10418073832988739, 0.10655822604894638, 0.06043293699622154, 0.0653189867734909, 0.07342574745416641, 0.06869976967573166, 0.10201756656169891, 0.10239692777395248, 0.07218699902296066, 0.21805471181869507, 0.2795940339565277, 0.12432768940925598, 0.048749737441539764, 0.04711524397134781, 0.09934157133102417, 0.19929906725883484, 0.2147561013698578, 0.13439024984836578], "tonal.hpcp.stdev": [0.16215990483760834, 0.09536367654800415, 0.07173213362693787, 0.10611491650342941, 0.14213398098945618, 0.2131977379322052, 0.3425799310207367, 0.4013345539569855, 0.26175057888031006, 0.12659971415996552, 0.0797785222530365, 0.10870570689439774, 0.3041723966598511, 0.41850546002388, 0.22881226241588593, 0.09534846246242523, 0.11156000941991806, 0.15525595843791962, 0.16134850680828094, 0.1407320201396942, 0.0970090702176094, 0.12811781466007233, 0.17551912367343903, 0.17469894886016846, 0.18403498828411102, 0.19166454672813416, 0.12308110296726227, 0.25899550318717957, 0.30511778593063354, 0.17704397439956665, 0.08777564018964767, 0.11048691719770432, 0.20688208937644958, 0.2973382771015167, 0.2900712192058563, 0.22584383189678192], "rhythm.beats_position": [0.3715192675590515, 0.7662584781646729, 1.160997748374939, 1.5673469305038452, 1.9736961126327515, 2.3684353828430176, 2.763174533843994, 3.1579136848449707, 3.564262866973877, 3.9706122875213623, 4.36535120010376, 4.7600908279418945, 5.178049564361572, 5.572789192199707, 5.967528343200684, 6.36226749420166, 6.780226707458496, 7.174965858459473], "rhythm.bpm_histogram": [0.0, 0.0, 0.0, 0.0, 0.0, 0.0, 0.0, 0.0, 0.0, 0.0, 0.0, 0.0, 0.0, 0.0, 0.0, 0.0, 0.0, 0.0, 0.0, 0.0, 0.0, 0.0, 0.0, 0.0, 0.0, 0.0, 0.0, 0.0, 0.0, 0.0, 0.0, 0.0, 0.0, 0.0, 0.0, 0.0, 0.0, 0.0, 0.0, 0.0, 0.0, 0.0, 0.0, 0.0, 0.0, 0.0, 0.0, 0.0, 0.0, 0.0, 0.0, 0.0, 0.0, 0.0, 0.0, 0.0, 0.0, 0.0, 0.0, 0.0, 0.0, 0.0, 0.0, 0.0, 0.0, 0.0, 0.0, 0.0, 0.0, 0.0, 0.0, 0.0, 0.0, 0.0, 0.0, 0.0, 0.0, 0.0, 0.0, 0.0, 0.0, 0.0, 0.0, 0.0, 0.0, 0.0, 0.0, 0.0, 0.0, 0.0, 0.0, 0.0, 0.0, 0.0, 0.0, 0.0, 0.0, 0.0, 0.0, 0.0, 0.0, 0.0, 0.0, 0.0, 0.0, 0.0, 0.0, 0.0, 0.0, 0.0, 0.0, 0.0, 0.0, 0.0, 0.0, 0.0, 0.0, 0.0, 0.0, 0.0, 0.0, 0.0, 0.0, 0.0, 0.0, 0.0, 0.0, 0.0, 0.0, 0.0, 0.0, 0.0, 0.0, 0.0, 0.0, 0.0, 0.0, 0.0, 0.0, 0.0, 0.0, 0.0, 0.0, 0.0, 0.11764705926179886, 0.0, 0.0, 0.0, 0.23529411852359772, 0.0, 0.0, 0.0, 0.6470588445663452, 0.0, 0.0, 0.0, 0.0, 0.0, 0.0, 0.0, 0.0, 0.0, 0.0, 0.0, 0.0, 0.0, 0.0, 0.0, 0.0, 0.0, 0.0, 0.0, 0.0, 0.0, 0.0, 0.0, 0.0, 0.0, 0.0, 0.0, 0.0, 0.0, 0.0, 0.0, 0.0, 0.0, 0.0, 0.0, 0.0, 0.0, 0.0, 0.0, 0.0, 0.0, 0.0, 0.0, 0.0, 0.0, 0.0, 0.0, 0.0, 0.0, 0.0, 0.0, 0.0, 0.0, 0.0, 0.0, 0.0, 0.0, 0.0, 0.0, 0.0, 0.0, 0.0, 0.0, 0.0, 0.0, 0.0, 0.0, 0.0, 0.0, 0.0, 0.0, 0.0, 0.0, 0.0, 0.0, 0.0, 0.0, 0.0, 0.0, 0.0, 0.0, 0.0, 0.0, 0.0, 0.0, 0.0, 0.0, 0.0, 0.0, 0.0, 0.0, 0.0, 0.0, 0.0, 0.0, 0.0, 0.0], "tonal.chords_histogram": [13.333333015441895, 0.0, 13.333333015441895, 0.0, 0.0, 0.0, 0.0, 0.0, 0.0, 0.0, 0.0, 0.0, 0.0, 0.0, 0.0, 0.0, 0.0, 7.2727274894714355, 0.0, 25.454545974731445, 0.0, 0.0, 40.60606002807617, 0.0], "tonal.thpcp": [1.0, 0.47716039419174194, 0.10796605050563812, 0.10618080943822861, 0.13296672701835632, 0.22748726606369019, 0.23267869651317596, 0.13196031749248505, 0.14262941479682922, 0.16033118963241577, 0.15001162886619568, 0.222763791680336, 0.22359216213226318, 0.15762628614902496, 0.47614049911499023, 0.6105167269706726, 0.2714797854423523, 0.10644908249378204, 0.10288003087043762, 0.21692053973674774, 0.4351859986782074, 0.4689376950263977, 0.2934522330760956, 0.15168596804141998, 0.07345902919769287, 0.0548064187169075, 0.0973680168390274, 0.12688061594963074, 0.21058374643325806, 0.5428093671798706, 0.6629263758659363, 0.3372051417827606, 0.10919302701950073, 0.07384012639522552, 0.09953315556049347, 0.6484845876693726], "lowlevel.gfcc.cov": [[7205.79296875, 464.5536193847656, -245.59188842773438, 12.468875885009766, -203.74374389648438, 35.4378547668457, -157.01620483398438, -53.267051696777344, -161.6547393798828, -10.308765411376953, -120.43680572509766, -16.893442153930664, -161.83480834960938], [464.5536193847656, 520.6336669921875, -227.74295043945312, 1.880955696105957, -4.7259907722473145, -15.81496810913086, 91.5586166381836, -2.0339784622192383, 52.670440673828125, 7.765200138092041, 61.83776092529297, -41.31551742553711, 60.48617172241211], [-245.59188842773438, -227.74295043945312, 292.53717041015625, 69.31237030029297, 111.27501678466797, 12.59775161743164, -1.6030131578445435, 50.49574279785156, 30.50726890563965, 66.1224136352539, 2.9195685386657715, 54.05783462524414, -24.271467208862305], [12.468875885009766, 1.880955696105957, 69.31237030029297, 235.5275421142578, 93.21320343017578, 30.531787872314453, -16.194189071655273, -14.997151374816895, 5.067182540893555, -13.736071586608887, 34.5578498840332, -1.05500066280365, 11.370611190795898], [-203.74374389648438, -4.7259907722473145, 111.27501678466797, 93.21320343017578, 248.77291870117188, 57.42052459716797, 87.35245513916016, 51.652320861816406, 37.1015739440918, 51.28170394897461, 42.12907028198242, 39.80565643310547, -1.1492953300476074], [35.4378547668457, -15.81496810913086, 12.59775161743164, 30.531787872314453, 57.42052459716797, 114.67415618896484, 60.2064094543457, 35.607032775878906, 4.679348468780518, -4.095599174499512, 17.650163650512695, 5.7228474617004395, 9.325634002685547], [-157.01620483398438, 91.5586166381836, -1.6030131578445435, -16.194189071655273, 87.35245513916016, 60.2064094543457, 154.54962158203125, 70.26750946044922, 48.75993728637695, 27.278730392456055, 28.960355758666992, 12.023734092712402, 19.17357063293457], [-53.267051696777344, -2.0339784622192383, 50.49574279785156, -14.997151374816895, 51.652320861816406, 35.607032775878906, 70.26750946044922, 110.9092025756836, 72.84843444824219, 48.9766845703125, 14.140901565551758, 11.931466102600098, 4.411602973937988], [-161.6547393798828, 52.670440673828125, 30.50726890563965, 5.067182540893555, 37.1015739440918, 4.679348468780518, 48.75993728637695, 72.84843444824219, 111.25739288330078, 72.37042236328125, 29.79365348815918, 5.1902174949646, 16.32099723815918], [-10.308765411376953, 7.765200138092041, 66.1224136352539, -13.736071586608887, 51.28170394897461, -4.095599174499512, 27.278730392456055, 48.9766845703125, 72.37042236328125, 107.34256744384766, 42.567054748535156, 32.43737030029297, -2.559779644012451], [-120.43680572509766, 61.83776092529297, 2.9195685386657715, 34.5578498840332, 42.12907028198242, 17.650163650512695, 28.960355758666992, 14.140901565551758, 29.79365348815918, 42.567054748535156, 77.67156219482422, 29.97132682800293, 15.588542938232422], [-16.893442153930664, -41.31551742553711, 54.05783462524414, -1.05500066280365, 39.80565643310547, 5.7228474617004395, 12.023734092712402, 11.931466102600098, 5.1902174949646, 32.43737030029297, 29.97132682800293, 62.14993667602539, 5.089881896972656], [-161.83480834960938, 60.48617172241211, -24.271467208862305, 11.370611190795898, -1.1492953300476074, 9.325634002685547, 19.17357063293457, 4.411602973937988, 16.32099723815918, -2.559779644012451, 15.588542938232422, 5.089881896972656, 57.85285186767578]], "lowlevel.gfcc.icov": [[0.00029880585498176515, -0.0008574618841521442, 0.00013682890858035535, -0.000522521382663399, 0.00047131069004535675, -0.000811604259070009, 0.0006221075891517103, -0.0006729985470883548, 0.0010436506709083915, -0.0011225433554500341, 0.001639524707570672, -0.0012251409934833646, 0.001199711230583489], [-0.0008574618841521442, 0.007689360994845629, 0.0035925800912082195, 0.0003774004871957004, -0.0018742160173133016, 0.005062434356659651, -0.005053703673183918, 0.002679490949958563, -0.0034359560813754797, 0.0014445817796513438, -0.0072706458158791065, 0.006485510617494583, -0.005965906195342541], [0.00013682890858035535, 0.0035925800912082195, 0.010241633281111717, -0.004002253990620375, -0.0014257165603339672, 0.0015739597147330642, -0.0007621020195074379, -0.002770357532426715, 0.0016060159541666508, -0.006463611498475075, 0.004350894596427679, -0.003989093936979771, 0.00033135272678919137], [-0.000522521382663399, 0.0003774004871957004, -0.004002253990620375, 0.009883261285722256, -0.004445274360477924, -0.0007148155709728599, 0.003185202134773135, 0.0037810676731169224, -0.005963013507425785, 0.008994661271572113, -0.008924797177314758, 0.005665974225848913, -0.0028083650395274162], [0.00047131069004535675, -0.0018742160173133016, -0.0014257165603339672, -0.004445274360477924, 0.009417576715350151, -0.0023934771306812763, -0.0037369485944509506, -0.0012209370033815503, 0.003420475637540221, -0.004886068403720856, 0.003722804831340909, -0.004639524966478348, 0.0036819237284362316], [-0.000811604259070009, 0.005062434356659651, 0.0015739597147330642, -0.0007148155709728599, -0.0023934771306812763, 0.01706831157207489, -0.00722929835319519, -0.002880584914237261, 0.0014052025508135557, 0.0038185857702046633, -0.008231356739997864, 0.005984598770737648, -0.005481712054461241], [0.0006221075891517103, -0.005053703673183918, -0.0007621020195074379, 0.003185202134773135, -0.0037369485944509506, -0.00722929835319519, 0.01795770972967148, -0.006922214757651091, -0.00033843013807199895, 0.0020191760268062353, 0.0019183109980076551, -0.0036524024326354265, 0.0017349048284813762], [-0.0006729985470883548, 0.002679490949958563, -0.002770357532426715, 0.0037810676731169224, -0.0012209370033815503, -0.002880584914237261, -0.006922214757651091, 0.026065528392791748, -0.017497817054390907, 0.004289011470973492, -0.0017676843563094735, 0.001560676610097289, -0.00037776638055220246], [0.0010436506709083915, -0.0034359560813754797, 0.0016060159541666508, -0.005963013507425785, 0.003420475637540221, 0.0014052025508135557, -0.00033843013807199895, -0.017497817054390907, 0.03586572781205177, -0.02271232381463051, 0.005968912970274687, 0.0038669579662382603, -0.0034261515829712152], [-0.0011225433554500341, 0.0014445817796513438, -0.006463611498475075, 0.008994661271572113, -0.004886068403720856, 0.0038185857702046633, 0.0020191760268062353, 0.004289011470973492, -0.02271232381463051, 0.0370536632835865, -0.018079020082950592, -0.0009070558589883149, 0.002159218303859234], [0.001639524707570672, -0.0072706458158791065, 0.004350894596427679, -0.008924797177314758, 0.003722804831340909, -0.008231356739997864, 0.0019183109980076551, -0.0017676843563094735, 0.005968912970274687, -0.018079020082950592, 0.038775406777858734, -0.02019495517015457, 0.005512058734893799], [-0.0012251409934833646, 0.006485510617494583, -0.003989093936979771, 0.005665974225848913, -0.004639524966478348, 0.005984598770737648, -0.0036524024326354265, 0.001560676610097289, 0.0038669579662382603, -0.0009070558589883149, -0.02019495517015457, 0.037328507751226425, -0.011934087611734867], [0.001199711230583489, -0.005965906195342541, 0.00033135272678919137, -0.0028083650395274162, 0.0036819237284362316, -0.005481712054461241, 0.0017349048284813762, -0.00037776638055220246, -0.0034261515829712152, 0.002159218303859234, 0.005512058734893799, -0.011934087611734867, 0.028607109561562538]], "lowlevel.mfcc.cov": [[3846.654541015625, 290.4438171386719, 10.097941398620605, 47.660945892333984, -8.951763153076172, 11.43098258972168, -42.16773986816406, -27.962669372558594, -59.88913345336914, -6.952083587646484, -20.838903427124023, -95.71991729736328, -17.836259841918945], [290.4438171386719, 401.54315185546875, -147.4326934814453, -3.850105047225952, -80.66415405273438, -10.594244003295898, 18.711387634277344, -3.763667345046997, 42.22071075439453, 44.16922378540039, 46.237911224365234, 23.112363815307617, 16.80202865600586], [10.097941398620605, -147.4326934814453, 166.0850830078125, 29.593299865722656, 42.050785064697266, -3.206023693084717, -24.214683532714844, -4.127224922180176, -6.6433329582214355, 2.0861661434173584, 5.210745811462402, 6.00555944442749, 4.846704959869385], [47.660945892333984, -3.850105047225952, 29.593299865722656, 187.11865234375, 101.4369888305664, 37.95180892944336, 16.02307891845703, 1.61722731590271, -2.328979015350342, -3.230252265930176, 19.96261215209961, 29.546627044677734, 16.782167434692383], [-8.951763153076172, -80.66415405273438, 42.050785064697266, 101.4369888305664, 157.6885986328125, 50.44904708862305, 34.614418029785156, 15.868749618530273, 1.639129400253296, 5.287312984466553, 15.531085968017578, 28.227577209472656, 18.38435173034668], [11.43098258972168, -10.594244003295898, -3.206023693084717, 37.95180892944336, 50.44904708862305, 85.18080139160156, 54.91080856323242, 20.72323226928711, 1.0785185098648071, -5.940021514892578, 5.826724529266357, 6.531982421875, 7.173874378204346], [-42.16773986816406, 18.711387634277344, -24.214683532714844, 16.02307891845703, 34.614418029785156, 54.91080856323242, 114.0451431274414, 58.31240463256836, 20.2231502532959, 1.8866759538650513, 8.103707313537598, 14.211273193359375, 13.733501434326172], [-27.962669372558594, -3.763667345046997, -4.127224922180176, 1.61722731590271, 15.868749618530273, 20.72323226928711, 58.31240463256836, 77.23711395263672, 39.43524169921875, 11.812049865722656, 10.839019775390625, 11.200251579284668, 9.779587745666504], [-59.88913345336914, 42.22071075439453, -6.6433329582214355, -2.328979015350342, 1.639129400253296, 1.0785185098648071, 20.2231502532959, 39.43524169921875, 86.04365539550781, 57.29443359375, 28.901838302612305, 17.248624801635742, 6.507360935211182], [-6.952083587646484, 44.16922378540039, 2.0861661434173584, -3.230252265930176, 5.287312984466553, -5.940021514892578, 1.8866759538650513, 11.812049865722656, 57.29443359375, 92.9083251953125, 50.61326217651367, 25.228984832763672, 5.8034210205078125], [-20.838903427124023, 46.237911224365234, 5.210745811462402, 19.96261215209961, 15.531085968017578, 5.826724529266357, 8.103707313537598, 10.839019775390625, 28.901838302612305, 50.61326217651367, 73.7862548828125, 46.3667106628418, 20.354949951171875], [-95.71991729736328, 23.112363815307617, 6.00555944442749, 29.546627044677734, 28.227577209472656, 6.531982421875, 14.211273193359375, 11.200251579284668, 17.248624801635742, 25.228984832763672, 46.3667106628418, 76.17662048339844, 41.6833381652832], [-17.836259841918945, 16.80202865600586, 4.846704959869385, 16.782167434692383, 18.38435173034668, 7.173874378204346, 13.733501434326172, 9.779587745666504, 6.507360935211182, 5.8034210205078125, 20.354949951171875, 41.6833381652832, 59.34235382080078]], "lowlevel.mfcc.icov": [[0.00032763302442617714, -0.0005306048551574349, -0.00039341364754363894, 1.6085488141470705e-06, -0.00023527894518338144, -0.00015799893299117684, 0.0003239939105696976, -0.00044565394637174904, 0.000615299737546593, -0.0002766172692645341, 0.0001031302017509006, 0.0007097557536326349, -0.00020350460545159876], [-0.0005306048551574349, 0.006265908945351839, 0.00486583961173892, -0.001981459790840745, 0.0036103175953030586, 0.0007076586480252445, -0.0020208682399243116, 0.0031857499852776527, -0.0029547472950071096, 3.637473491835408e-05, -0.0032617782708257437, -0.00025812711101025343, -0.0014114095829427242], [-0.00039341364754363894, 0.00486583961173892, 0.0108463941141963, -0.0016784172039479017, 0.00048773596063256264, 0.0008252820698544383, 0.0013043584767729044, 0.0006364334258250892, -0.001185075961984694, -0.0004144916601944715, -0.0028417296707630157, 0.00024185255460906774, -0.0015894249081611633], [1.6085488141470705e-06, -0.001981459790840745, -0.0016784172039479017, 0.009476559236645699, -0.006377624813467264, -0.001321090734563768, 0.0011374937603250146, 0.0004815444990526885, -0.00047241413267329335, 0.002629497554153204, -0.0009008794440887868, -0.001487468252889812, 0.000959983270149678], [-0.00023527894518338144, 0.0036103175953030586, 0.00048773596063256264, -0.006377624813467264, 0.014412440359592438, -0.00396030442789197, -0.0020788726396858692, 0.0007558053475804627, 4.148205334786326e-06, -0.002555128186941147, 0.00034800308640114963, -0.0024344222620129585, -0.001118793967179954], [-0.00015799893299117684, 0.0007076586480252445, 0.0008252820698544383, -0.001321090734563768, -0.00396030442789197, 0.020892100408673286, -0.010211646556854248, 0.0030428306199610233, -0.0006645051180385053, 0.0025305706076323986, -0.0034460523165762424, 0.0027392953634262085, -0.00029529546736739576], [0.0003239939105696976, -0.0020208682399243116, 0.0013043584767729044, 0.0011374937603250146, -0.0020788726396858692, -0.010211646556854248, 0.02208816446363926, -0.015137724578380585, 0.003540250938385725, -0.0011689086677506566, 0.002403843915089965, -0.00126257271040231, -0.0007088554557412863], [-0.00044565394637174904, 0.0031857499852776527, 0.0006364334258250892, 0.0004815444990526885, 0.0007558053475804627, 0.0030428306199610233, -0.015137724578380585, 0.031074831262230873, -0.01572096347808838, 0.006814519874751568, -0.004012251738458872, 0.0004033587465528399, -0.001293519395403564], [0.000615299737546593, -0.0029547472950071096, -0.001185075961984694, -0.00047241413267329335, 4.148205334786326e-06, -0.0006645051180385053, 0.003540250938385725, -0.01572096347808838, 0.029990777373313904, -0.01764117367565632, 0.004642112646251917, -0.0001491367002017796, 5.14377788931597e-05], [-0.0002766172692645341, 3.637473491835408e-05, -0.0004144916601944715, 0.002629497554153204, -0.002555128186941147, 0.0025305706076323986, -0.0011689086677506566, 0.006814519874751568, -0.01764117367565632, 0.029430899769067764, -0.016080155968666077, 0.0012563252821564674, 0.002519383793696761], [0.0001031302017509006, -0.0032617782708257437, -0.0028417296707630157, -0.0009008794440887868, 0.00034800308640114963, -0.0034460523165762424, 0.002403843915089965, -0.004012251738458872, 0.004642112646251917, -0.016080155968666077, 0.03567785024642944, -0.016798101365566254, 0.002480125054717064], [0.0007097557536326349, -0.00025812711101025343, 0.00024185255460906774, -0.001487468252889812, -0.0024344222620129585, 0.0027392953634262085, -0.00126257271040231, 0.0004033587465528399, -0.0001491367002017796, 0.0012563252821564674, -0.016798101365566254, 0.03494808077812195, -0.01755681447684765], [-0.00020350460545159876, -0.0014114095829427242, -0.0015894249081611633, 0.000959983270149678, -0.001118793967179954, -0.00029529546736739576, -0.0007088554557412863, -0.001293519395403564, 5.14377788931597e-05, 0.002519383793696761, 0.002480125054717064, -0.01755681447684765, 0.0290372297167778]], "metadata.audio_properties.analysis.downmix": "mix", "metadata.audio_properties.codec": "mp3", "metadata.audio_properties.md5_encoded": "d7e7288b7fda202ce5a689f548d61f6f", "metadata.tags.file_name": "1183701185534906378.mp3", "metadata.version.essentia": "2.1-beta6-dev", "metadata.version.essentia_git_sha": "v2.1_beta5-1110-g77a6a954", "metadata.version.extractor": "music 2.0", "tonal.chords_key": "B", "tonal.chords_scale": "major", "tonal.key_edma.key": "F#", "tonal.key_edma.scale": "major", "tonal.key_krumhansl.key": "F#", "tonal.key_krumhansl.scale": "major", "tonal.key_temperley.key": "F#", "tonal.key_temperley.scale": "major", "metadata.tags.encoding": ["Lavf58.45.100"]}, "essentia_models": [{"model_name": "genre_dortmund", "activations": {"alternative": "0.01279573", "blues": "6.057655e-05", "electronic": "5.6306664e-05", "folkcountry": "6.423524e-05", "funksoulrnb": "8.97613e-05", "jazz": "0.00012518303", "pop": "0.000339705", "raphiphop": "2.2213633e-05", "rock": "0.97705185"}}, {"model_name": "genre_rosamerica", "activations": {"classic": "3.6535013e-05", "dance": "2.3872703e-06", "hip hop": "6.668476e-05", "jazz": "6.807549e-05", "pop": "0.0030873304", "rhythm and blues": "0.00012006289", "rock": "0.9984673", "speech": "3.2683295e-06"}}, {"model_name": "genre_tzanetakis", "activations": {"blues": "7.003281e-06", "classic": "5.700506e-09", "country": "7.8147015e-05", "disco": "2.724507e-05", "hip hop": "0.00028723426", "jazz": "2.8586608e-06", "metal": "0.98143303", "pop": "0.00052007666", "reggae": "6.9503308e-06", "rock": "0.019321987"}}, {"model_name": "genre_electronic", "activations": {"ambient": "0.42929506", "dnb": "0.73782563", "house": "0.18395036", "techno": "0.2597315", "trance": "0.1854414"}}, {"model_name": "mood_acoustic", "activations": {"acoustic": "5.2606124e-06", "not acoustic": "0.9897412"}}, {"model_name": "mood_electronic", "activations": {"electronic": "0.04065732", "not electronic": "0.86641145"}}, {"model_name": "mood_aggressive", "activations": {"aggressive