{"song_id": "1183710339725012992", "download": "https://cdn.discordapp.com/attachments/1128313332273782784/1183710339725012992/chirp.mp4?ex=65895329&amp", "lyrics": "[verse]\nYo, check it out, got a story to tell\nAbout a dude named Thorsten, he's so swell\nRunning his company, he's got the knack\nIn that office, he's the king, always on track\n\n[chorus]\nThorsten and his company, they're on fire\nTaking the world by storm, reaching higher\nMaking moves, they never tire\nThorsten and his company, the true empire", "style": ["\u6708\u5149\u60c5\u6b4c"], "essentia_features": {"lowlevel.average_loudness": 0.9685713052749634, "lowlevel.barkbands_crest.mean": 15.660978317260742, "lowlevel.barkbands_crest.stdev": 6.056181907653809, "lowlevel.barkbands_flatness_db.mean": 0.19985994696617126, "lowlevel.barkbands_flatness_db.stdev": 0.08523750305175781, "lowlevel.barkbands_kurtosis.mean": 13.10215950012207, "lowlevel.barkbands_kurtosis.stdev": 26.389909744262695, "lowlevel.barkbands_skewness.mean": 2.263413429260254, "lowlevel.barkbands_skewness.stdev": 2.5352437496185303, "lowlevel.barkbands_spread.mean": 22.26373291015625, "lowlevel.barkbands_spread.stdev": 18.849742889404297, "lowlevel.dissonance.mean": 0.4533085525035858, "lowlevel.dissonance.stdev": 0.044736091047525406, "lowlevel.dynamic_complexity": 2.848588228225708, "lowlevel.erbbands_crest.mean": 11.42252254486084, "lowlevel.erbbands_crest.stdev": 5.268793106079102, "lowlevel.erbbands_flatness_db.mean": 0.1776711642742157, "lowlevel.erbbands_flatness_db.stdev": 0.0711982324719429, "lowlevel.erbbands_kurtosis.mean": 2.3841536045074463, "lowlevel.erbbands_kurtosis.stdev": 4.8741841316223145, "lowlevel.erbbands_skewness.mean": 0.11611776798963547, "lowlevel.erbbands_skewness.stdev": 1.0792423486709595, "lowlevel.erbbands_spread.mean": 38.379493713378906, "lowlevel.erbbands_spread.stdev": 25.51132583618164, "lowlevel.hfc.mean": 30.638368606567383, "lowlevel.hfc.stdev": 28.621173858642578, "lowlevel.loudness_ebu128.integrated": -13.029848098754883, "lowlevel.loudness_ebu128.loudness_range": 1.4624757766723633, "lowlevel.loudness_ebu128.momentary.mean": -13.4481201171875, "lowlevel.loudness_ebu128.momentary.stdev": 2.2621757984161377, "lowlevel.loudness_ebu128.short_term.mean": -13.139039039611816, "lowlevel.loudness_ebu128.short_term.stdev": 0.5601917505264282, "lowlevel.melbands_crest.mean": 21.142349243164062, "lowlevel.melbands_crest.stdev": 8.063937187194824, "lowlevel.melbands_flatness_db.mean": 0.2567320764064789, "lowlevel.melbands_flatness_db.stdev": 0.11502277851104736, "lowlevel.melbands_kurtosis.mean": 35.992191314697266, "lowlevel.melbands_kurtosis.stdev": 67.13507080078125, "lowlevel.melbands_skewness.mean": 3.9471797943115234, "lowlevel.melbands_skewness.stdev": 3.4247560501098633, "lowlevel.melbands_spread.mean": 24.584863662719727, "lowlevel.melbands_spread.stdev": 30.07966423034668, "lowlevel.pitch_salience.mean": 0.4096904993057251, "lowlevel.pitch_salience.stdev": 0.1930633932352066, "lowlevel.silence_rate_20dB.mean": 1.0, "lowlevel.silence_rate_20dB.stdev": 0.0, "lowlevel.silence_rate_30dB.mean": 0.9495313763618469, "lowlevel.silence_rate_30dB.stdev": 0.21891148388385773, "lowlevel.silence_rate_60dB.mean": 0.06200432404875755, "lowlevel.silence_rate_60dB.stdev": 0.2411646991968155, "lowlevel.spectral_centroid.mean": 1540.747802734375, "lowlevel.spectral_centroid.stdev": 989.6427001953125, "lowlevel.spectral_complexity.mean": 14.237923622131348, "lowlevel.spectral_complexity.stdev": 9.360576629638672, "lowlevel.spectral_decrease.mean": -1.1510804753811499e-08, "lowlevel.spectral_decrease.stdev": 8.810562945882339e-09, "lowlevel.spectral_energy.mean": 0.04622340574860573, "lowlevel.spectral_energy.stdev": 0.033568162471055984, "lowlevel.spectral_energyband_high.mean": 0.001649039681069553, "lowlevel.spectral_energyband_high.stdev": 0.003038461785763502, "lowlevel.spectral_energyband_low.mean": 0.028223581612110138, "lowlevel.spectral_energyband_low.stdev": 0.03105968050658703, "lowlevel.spectral_energyband_middle_high.mean": 0.007174998056143522, "lowlevel.spectral_energyband_middle_high.stdev": 0.008727950043976307, "lowlevel.spectral_energyband_middle_low.mean": 0.010208425112068653, "lowlevel.spectral_energyband_middle_low.stdev": 0.01490359753370285, "lowlevel.spectral_entropy.mean": 7.571578502655029, "lowlevel.spectral_entropy.stdev": 0.6626368165016174, "lowlevel.spectral_flux.mean": 0.10690169781446457, "lowlevel.spectral_flux.stdev": 0.07453861087560654, "lowlevel.spectral_kurtosis.mean": 6.815600872039795, "lowlevel.spectral_kurtosis.stdev": 17.34607696533203, "lowlevel.spectral_rms.mean": 0.006193469278514385, "lowlevel.spectral_rms.stdev": 0.0025955543387681246, "lowlevel.spectral_rolloff.mean": 1917.822509765625, "lowlevel.spectral_rolloff.stdev": 2778.9501953125, "lowlevel.spectral_skewness.mean": 1.7930513620376587, "lowlevel.spectral_skewness.stdev": 1.0998616218566895, "lowlevel.spectral_spread.mean": 5766381.5, "lowlevel.spectral_spread.stdev": 2463040.75, "lowlevel.spectral_strongpeak.mean": 1.12005615234375, "lowlevel.spectral_strongpeak.stdev": 1.5431044101715088, "lowlevel.zerocrossingrate.mean": 0.07012274861335754, "lowlevel.zerocrossingrate.stdev": 0.07444792985916138, "metadata.audio_properties.analysis.equal_loudness": 0.0, "metadata.audio_properties.analysis.length": 32.169612884521484, "metadata.audio_properties.analysis.sample_rate": 44100.0, "metadata.audio_properties.analysis.start_time": 0.0, "metadata.audio_properties.bit_rate": 122885.0, "metadata.audio_properties.length": 32.1706657409668, "metadata.audio_properties.lossless": 0.0, "metadata.audio_properties.number_channels": 1.0, "metadata.audio_properties.replay_gain": -12.746227264404297, "metadata.audio_properties.sample_rate": 48000.0, "rhythm.beats_count": 89.0, "rhythm.beats_loudness.mean": 0.0707126185297966, "rhythm.beats_loudness.stdev": 0.04491797834634781, "rhythm.bpm": 166.2817840576172, "rhythm.bpm_histogram_first_peak_bpm": 167.0, "rhythm.bpm_histogram_first_peak_weight": 0.0, "rhythm.bpm_histogram_second_peak_bpm": 172.0, "rhythm.bpm_histogram_second_peak_spread": 0.0, "rhythm.bpm_histogram_second_peak_weight": 0.3068181872367859, "rhythm.danceability": 1.3637746572494507, "rhythm.onset_rate": 5.0026631355285645, "tonal.chords_changes_rate": 0.05907781049609184, "tonal.chords_number_rate": 0.011527377180755138, "tonal.chords_strength.mean": 0.5223677754402161, "tonal.chords_strength.stdev": 0.10035932064056396, "tonal.hpcp_crest.mean": 14.248627662658691, "tonal.hpcp_crest.stdev": 6.5882368087768555, "tonal.hpcp_entropy.mean": 1.8796766996383667, "tonal.hpcp_entropy.stdev": 0.7631036043167114, "tonal.key_edma.strength": 0.5499045252799988, "tonal.key_krumhansl.strength": 0.5594750046730042, "tonal.key_temperley.strength": 0.5608533024787903, "tonal.tuning_diatonic_strength": 0.5360451936721802, "tonal.tuning_equal_tempered_deviation": 0.17589867115020752, "tonal.tuning_frequency": 434.193115234375, "tonal.tuning_nontempered_energy_ratio": 0.9207223653793335, "lowlevel.barkbands.mean": [0.0009445562027394772, 0.024064945057034492, 0.002349900547415018, 0.0016680024564266205, 0.004329181741923094, 0.000507958757225424, 0.0009382282732985914, 0.0015299944207072258, 0.0008848514407873154, 0.0008740811026655138, 0.001508234883658588, 0.0010749960783869028, 0.0006245715194381773, 0.0006331615149974823, 0.0005411917227320373, 0.000767794786952436, 0.0005885370192117989, 0.0004909018171019852, 0.00018626305973157287, 0.00016685208538547158, 0.0001309763320023194, 0.00017633593233767897, 0.00019843580957967788, 0.0005484235007315874, 0.0003624947275966406, 0.00012755174248013645, 5.001404588256264e-06], "lowlevel.barkbands.stdev": [0.0015268010320141912, 0.025949282571673393, 0.01083778589963913, 0.007185077760368586, 0.00809762068092823, 0.0018352781189605594, 0.002908797934651375, 0.004345259629189968, 0.0023660517763346434, 0.0029726333450526, 0.004331302363425493, 0.003773893928155303, 0.0017562606371939182, 0.0017758419271558523, 0.0013025118969380856, 0.001811231137253344, 0.0014253843110054731, 0.0008384979446418583, 0.00044711734517477453, 0.00031143060186877847, 0.0002722570498008281, 0.0003505383792798966, 0.00036127163912169635, 0.001308196340687573, 0.0008504950092174113, 0.0003229621215723455, 1.9513490769895725e-05], "lowlevel.erbbands.mean": [0.8536256551742554, 4.705186367034912, 3.70389986038208, 4.594972610473633, 6.324069499969482, 19.296968460083008, 12.15772533416748, 3.8484888076782227, 9.366884231567383, 27.553741455078125, 23.710329055786133, 22.530948638916016, 30.60251808166504, 29.933700561523438, 72.10576629638672, 38.0212287902832, 29.545604705810547, 29.223608016967773, 30.761587142944336, 34.43272399902344, 40.449440002441406, 31.01194953918457, 26.93378257751465, 18.01420783996582, 6.60844612121582, 7.996949195861816, 6.323230743408203, 4.956500053405762, 6.388280391693115, 5.800609588623047, 5.734973430633545, 8.879091262817383, 10.274142265319824, 5.427216529846191, 1.7735295295715332, 0.631777822971344, 0.21826429665088654, 0.0335334837436676, 0.0008054517093114555, 8.31238430691883e-05], "lowlevel.erbbands.stdev": [0.917397141456604, 5.746105194091797, 11.464447975158691, 19.41541290283203, 20.204151153564453, 38.49928665161133, 26.99186897277832, 13.995362281799316, 32.66056823730469, 64.00019836425781, 77.97111511230469, 51.642391204833984, 81.97062683105469, 102.44416046142578, 190.83543395996094, 110.70710754394531, 78.8707275390625, 80.24290466308594, 71.31930541992188, 73.3843765258789, 87.82032012939453, 66.05872344970703, 46.298492431640625, 35.545867919921875, 15.589844703674316, 15.337382316589355, 12.244099617004395, 10.568808555603027, 13.28179931640625, 10.763769149780273, 10.568639755249023, 19.46446990966797, 25.973434448242188, 12.990082740783691, 4.209741115570068, 1.5528233051300049, 0.5743306875228882, 0.10491956025362015, 0.002556107472628355, 8.002888353075832e-05], "lowlevel.gfcc.mean": [-15.768298149108887, 57.863277435302734, -112.36721801757812, 14.248576164245605, -54.81536865234375, 31.424251556396484, -37.11682891845703, 24.151264190673828, -19.288986206054688, -0.5447757244110107, -11.023896217346191, 5.091098308563232, -3.840696096420288], "lowlevel.melbands.mean": [0.0072215404361486435, 0.0032938856165856123, 0.0008080682018771768, 0.0008924624416977167, 0.000572374789044261, 8.338108455063775e-05, 0.00015877292025834322, 0.0003395355015527457, 0.0001582651020726189, 0.00015002598229330033, 0.0001515456970082596, 0.00011182175512658432, 0.00020758665050379932, 0.00017597913392819464, 5.658080044668168e-05, 6.154122820589691e-05, 5.6195378419943154e-05, 5.144744136487134e-05, 4.2619285522960126e-05, 5.75368212594185e-05, 4.4372362026479095e-05, 3.420070424908772e-05, 2.5491912310826592e-05, 2.277797284477856e-05, 1.4147452930046711e-05, 4.973159775545355e-06, 4.35671745435684e-06, 5.612240784103051e-06, 4.404054379847366e-06, 2.9813518267474137e-06, 2.8478773401729995e-06, 3.633507049016771e-06, 3.4297954698558897e-06, 3.1707440939499065e-06, 3.1133338325162185e-06, 3.652563236755668e-06, 6.346999725792557e-06, 7.902363904577214e-06, 5.8829973568208516e-06, 4.137669293413637e-06], "lowlevel.melbands.stdev": [0.007456996012479067, 0.005780627951025963, 0.0032371683046221733, 0.001810471061617136, 0.00114758952986449, 0.00032326619839295745, 0.0005412577884271741, 0.0007893465808592737, 0.0005394847830757499, 0.00036888051545247436, 0.0004381941689644009, 0.00041479914216324687, 0.0005394928739406168, 0.0005432723555713892, 0.0001950402365764603, 0.00018334336346015334, 0.00017613459203857929, 0.00013125869736541063, 0.0001038821937981993, 0.00014618184650316834, 0.00010345438204240054, 8.139856799971312e-05, 5.3044233936816454e-05, 4.168234227108769e-05, 2.9968927265144885e-05, 1.4030040802026633e-05, 9.084416888072155e-06, 1.1528323739184998e-05, 8.616424565843772e-06, 7.386032848444302e-06, 6.06136836722726e-06, 7.713161721767392e-06, 6.987998858676292e-06, 5.949646492808824e-06, 5.780038463853998e-06, 7.405802989524091e-06, 1.4320406080514658e-05, 2.0268227672204375e-05, 1.5391780834761448e-05, 9.872253031062428e-06], "lowlevel.melbands128.mean": [0.000863541616126895, 0.0066622477024793625, 0.010874141938984394, 0.006664354354143143, 0.0023589639458805323, 0.0010947558330371976, 0.0009543788037262857, 0.0007697413675487041, 0.00048328228876926005, 0.0008348306291736662, 0.0012789868051186204, 0.0009249736904166639, 0.00039047622703947127, 0.00011225328489672393, 7.166089926613495e-05, 6.651582225458696e-05, 9.045232582138851e-05, 0.00017668998043518513, 0.00024809822207316756, 0.0002868838782887906, 0.00045610457891598344, 0.0003083143674302846, 8.400311344303191e-05, 4.5120275899535045e-05, 0.00013131057494319975, 0.0002204167249146849, 0.00012988892558496445, 0.00016901499475352466, 0.00014878009096719325, 7.358683069469407e-05, 0.00012507071369327605, 0.00013295009557623416, 0.00014225987251847982, 0.0003671120502986014, 0.00023051051539368927, 0.0001256483665201813, 5.349073762772605e-05, 4.713088856078684e-05, 6.247751298360527e-05, 7.332829409278929e-05, 7.064358214847744e-05, 2.5855808416963555e-05, 4.52492713520769e-05, 8.1717073044274e-05, 6.717350333929062e-05, 3.952386032324284e-05, 4.02615696657449e-05, 5.039269308326766e-05, 4.0592789446236566e-05, 3.2379175536334515e-05, 7.786128844600171e-05, 6.14237433183007e-05, 3.701629611896351e-05, 4.402639024192467e-05, 4.349468508735299e-05, 3.343949356349185e-05, 2.4643037249916233e-05, 2.6687477657105774e-05, 2.532758480811026e-05, 2.5197969080181792e-05, 2.2281874407781288e-05, 2.1513254978344776e-05, 1.9858829546137713e-05, 1.0977028068737127e-05, 6.74527655064594e-06, 4.651396011468023e-06, 4.0386203181697056e-06, 3.6442349937715335e-06, 4.360443199402653e-06, 5.5720474847476e-06, 4.7603471102775075e-06, 7.0856744969205465e-06, 4.97244400321506e-06, 4.0789341255731415e-06, 3.060049266423448e-06, 3.4177940051449696e-06, 2.715100890782196e-06, 2.3282609618036076e-06, 2.966270130855264e-06, 3.1159424906945787e-06, 3.658622063085204e-06, 3.901145646523219e-06, 3.5971240777143976e-06, 3.535156565703801e-06, 3.0506296297971858e-06, 3.1466777272726176e-06, 3.2493135222466663e-06, 3.140489297948079e-06, 3.1160002436081413e-06, 2.9674993129447103e-06, 3.521718326737755e-06, 3.7758586586278398e-06, 3.9390524761984125e-06, 5.903170858800877e-06, 8.223127224482596e-06, 8.720694495423231e-06, 7.978715984791052e-06, 6.438425771193579e-06, 6.047087026672671e-06, 5.55083533981815e-06, 4.832432750845328e-06, 3.9112073864089325e-06, 3.3804376471380237e-06, 2.5564615953044267e-06, 1.7371733065374428e-06, 1.30432363221189e-06, 1.2806149243260734e-06, 1.3472297268890543e-06, 1.0395489198344876e-06, 9.189064940073877e-07, 7.611626529069326e-07, 6.807077284065599e-07, 7.880965426920739e-07, 6.305298256847891e-07, 4.6034122647142794e-07, 3.992120980456093e-07, 1.7695207077395025e-07, 5.14898417236509e-08, 4.726798064069726e-09, 3.7741511305089404e-11, 2.3761192666227338e-11, 1.117117422871905e-11, 6.52027260308885e-12, 6.775653389051728e-12, 6.886790183263658e-12, 6.2101500157563105e-12, 5.852214546298029e-12, 5.766379561344959e-12], "lowlevel.melbands128.stdev": [0.0014358224580064416, 0.007856570184230804, 0.011519868858158588, 0.01001040916889906, 0.006655657198280096, 0.005266766529530287, 0.004304520320147276, 0.003341362113133073, 0.002023671753704548, 0.0020584019366651773, 0.0027691605500876904, 0.0021454175002872944, 0.0010497334878891706, 0.00044835428707301617, 0.00032568443566560745, 0.00034008489456027746, 0.0004667569592129439, 0.0007795096607878804, 0.0009229336283169687, 0.0008536814129911363, 0.0012757396325469017, 0.0011984757147729397, 0.0005542868748307228, 0.00026615813840180635, 0.0003588133549783379, 0.0006666961708106101, 0.0005350179271772504, 0.00048445971333421767, 0.0009366945596411824, 0.0003363267460372299, 0.0006752121262252331, 0.0006789030157960951, 0.00044912222074344754, 0.0013030309928581119, 0.0010593178449198604, 0.0005407873541116714, 0.00027242893702350557, 0.000299224368063733, 0.0002517235989216715, 0.0002772826992440969, 0.00026318462914787233, 0.00010822695912793279, 0.00019658313249237835, 0.00031883729388937354, 0.0002506799646653235, 0.00016935792518779635, 0.00014634334365837276, 0.00016538825002498925, 0.00013998629583511502, 0.0001228398032253608, 0.0002551393408793956, 0.00019068118126597255, 0.00015046978660393506, 0.00014888614532537758, 0.00015195376181509346, 0.00010584897245280445, 5.853538459632546e-05, 0.00010121955710928887, 5.989927376504056e-05, 5.329580380930565e-05, 5.244653220870532e-05, 5.061069532530382e-05, 4.7367619117721915e-05, 2.806703014357481e-05, 1.973131475097034e-05, 1.5122953300306108e-05, 1.3775897969026119e-05, 8.667167094245087e-06, 9.621751814847812e-06, 1.2844224329455756e-05, 1.086011434381362e-05, 2.0156283426331356e-05, 1.0719691999838687e-05, 8.583810085838195e-06, 7.807265319570433e-06, 9.62693229666911e-06, 7.395364718831843e-06, 5.480085746967234e-06, 6.985515938140452e-06, 6.877989108033944e-06, 7.660541086806916e-06, 1.0290317732142285e-05, 8.376316145586316e-06, 8.09375796961831e-06, 6.616651262447704e-06, 6.458372354245512e-06, 6.491596650448628e-06, 6.580747140105814e-06, 6.34949947198038e-06, 6.027355993865058e-06, 7.2709804044279736e-06, 8.18582975625759e-06, 1.0091262993228156e-05, 1.4368332813319284e-05, 1.9418073861743324e-05, 2.2251668269746006e-05, 2.3065733330440708e-05, 1.6925167074077763e-05, 1.7888989532366395e-05, 1.5100453310878947e-05, 1.2267514648556244e-05, 9.417516594112385e-06, 8.74519446369959e-06, 7.305035524041159e-06, 4.675424406741513e-06, 3.221639644834795e-06, 3.140577973681502e-06, 3.858194304484641e-06, 2.9916116091044387e-06, 2.599876552267233e-06, 2.1205778466537595e-06, 1.744418341331766e-06, 2.4400048914685613e-06, 2.0078457509953296e-06, 1.4502985550279845e-06, 1.4562280057361932e-06, 6.330242285912391e-07, 3.4240304103150265e-07, 4.9479837116450653e-08, 6.332002144837645e-10, 3.2907093716616487e-10, 9.529821376474956e-11, 1.2120458282860458e-11, 2.4459849076730045e-11, 3.288608968476936e-11, 1.4242706840306152e-11, 8.06335640618494e-12, 7.848717335778854e-12], "lowlevel.mfcc.mean": [-662.7954711914062, 96.58101654052734, 3.6188251972198486, -6.486142158508301, 13.537768363952637, -0.5822038650512695, 6.7850141525268555, 14.555006980895996, 7.064132213592529, 2.96451735496521, -0.5321282744407654, 2.754000663757324, -0.6053782105445862], "lowlevel.spectral_contrast_coeffs.mean": [-0.6462425589561462, -0.7376110553741455, -0.7342681288719177, -0.7798451781272888, -0.7794632315635681, -0.8030942678451538], "lowlevel.spectral_contrast_coeffs.stdev": [0.12614652514457703, 0.09042003750801086, 0.08154339343309402, 0.07040949910879135, 0.05751750245690346, 0.035701215267181396], "lowlevel.spectral_contrast_valleys.mean": [-7.800243854522705, -7.4068989753723145, -7.524735927581787, -7.762810230255127, -7.950431823730469, -9.911723136901855], "lowlevel.spectral_contrast_valleys.stdev": [1.5560674667358398, 0.7255792617797852, 0.6884939670562744, 0.8283158540725708, 1.1436882019042969, 1.437264084815979], "rhythm.beats_loudness_band_ratio.mean": [0.5672336220741272, 0.0661444142460823, 0.1077871322631836, 0.10784073919057846, 0.08439881354570389, 0.07728475332260132], "rhythm.beats_loudness_band_ratio.stdev": [0.36515486240386963, 0.1066870167851448, 0.1456526219844818, 0.1739417016506195, 0.11474224925041199, 0.14599823951721191], "tonal.hpcp.mean": [0.06037909537553787, 0.06717270612716675, 0.1486663669347763, 0.32563257217407227, 0.2814466953277588, 0.10383777320384979, 0.060032524168491364, 0.05221113562583923, 0.06559062749147415, 0.20461291074752808, 0.2326277792453766, 0.10007970780134201, 0.09133534878492355, 0.0962868183851242, 0.06147615984082222, 0.060399867594242096, 0.05461845174431801, 0.05234896019101143, 0.0765446275472641, 0.08098448067903519, 0.07900004088878632, 0.08822157979011536, 0.07429803907871246, 0.05833570286631584, 0.10535691678524017, 0.11993767321109772, 0.06987333297729492, 0.04974072426557541, 0.041654352098703384, 0.036247193813323975, 0.07328227162361145, 0.08845528960227966, 0.06309076398611069, 0.08925066143274307, 0.10585295408964157, 0.07137047499418259], "tonal.hpcp.stdev": [0.17932820320129395, 0.1918976604938507, 0.2529504895210266, 0.4101580083370209, 0.3585522770881653, 0.21492011845111847, 0.1633492112159729, 0.1604616492986679, 0.1574176698923111, 0.3176839351654053, 0.34702369570732117, 0.18245664238929749, 0.21136656403541565, 0.21972696483135223, 0.15208396315574646, 0.15034084022045135, 0.14762082695960999, 0.1520053744316101, 0.2089439034461975, 0.20763303339481354, 0.2119794636964798, 0.22536495327949524, 0.2003413289785385, 0.1584627479314804, 0.207477405667305, 0.2396034300327301, 0.15794600546360016, 0.15348266065120697, 0.13224001228809357, 0.09728457033634186, 0.17797081172466278, 0.21402773261070251, 0.16345059871673584, 0.2026893049478531, 0.2552819550037384, 0.1829012781381607], "rhythm.beats_position": [0.30185940861701965, 0.650158703327179, 1.0100680589675903, 1.369977355003357, 1.729886531829834, 2.0897958278656006, 2.4380950927734375, 2.7863945960998535, 3.14630389213562, 3.5062131881713867, 3.8661224842071533, 4.22603178024292, 4.574330806732178, 4.922630310058594, 5.27092981338501, 5.642448902130127, 6.013967990875244, 6.3854875564575195, 6.733786582946777, 7.093696117401123, 7.441995143890381, 7.790294647216797, 8.138593673706055, 8.498503684997559, 8.858412742614746, 9.218321800231934, 9.578230857849121, 9.938140869140625, 10.286439895629883, 10.63473892211914, 10.994647979736328, 11.354557991027832, 11.70285701751709, 12.062766075134277, 12.434285163879395, 12.794195175170898, 13.154104232788086, 13.514013290405273, 13.862312316894531, 14.222222328186035, 14.582131385803223, 14.94204044342041, 15.301949501037598, 15.650249481201172, 15.99854850769043, 16.358457565307617, 16.718366622924805, 17.078275680541992, 17.43818473815918, 17.78648567199707, 18.146394729614258, 18.506303787231445, 18.866212844848633, 19.22612190246582, 19.574420928955078, 19.934329986572266, 20.294239044189453, 20.665760040283203, 21.01405906677246, 21.37396812438965, 21.733877182006836, 22.082176208496094, 22.44208526611328, 22.80199432373047, 23.15029525756836, 23.510204315185547, 23.870113372802734, 24.230022430419922, 24.57832145690918, 24.938230514526367, 25.298139572143555, 25.658048629760742, 26.006349563598633, 26.36625862121582, 26.726167678833008, 27.086076736450195, 27.445985794067383, 27.79428482055664, 28.154193878173828, 28.514102935791016, 28.862403869628906, 29.222312927246094, 29.58222198486328, 29.93052101135254, 30.290430068969727, 30.650339126586914, 31.0102481842041, 31.37015724182129, 31.71845817565918], "rhythm.bpm_histogram": [0.0, 0.0, 0.0, 0.0, 0.0, 0.0, 0.0, 0.0, 0.0, 0.0, 0.0, 0.0, 0.0, 0.0, 0.0, 0.0, 0.0, 0.0, 0.0, 0.0, 0.0, 0.0, 0.0, 0.0, 0.0, 0.0, 0.0, 0.0, 0.0, 0.0, 0.0, 0.0, 0.0, 0.0, 0.0, 0.0, 0.0, 0.0, 0.0, 0.0, 0.0, 0.0, 0.0, 0.0, 0.0, 0.0, 0.0, 0.0, 0.0, 0.0, 0.0, 0.0, 0.0, 0.0, 0.0, 0.0, 0.0, 0.0, 0.0, 0.0, 0.0, 0.0, 0.0, 0.0, 0.0, 0.0, 0.0, 0.0, 0.0, 0.0, 0.0, 0.0, 0.0, 0.0, 0.0, 0.0, 0.0, 0.0, 0.0, 0.0, 0.0, 0.0, 0.0, 0.0, 0.0, 0.0, 0.0, 0.0, 0.0, 0.0, 0.0, 0.0, 0.0, 0.0, 0.0, 0.0, 0.0, 0.0, 0.0, 0.0, 0.0, 0.0, 0.0, 0.0, 0.0, 0.0, 0.0, 0.0, 0.0, 0.0, 0.0, 0.0, 0.0, 0.0, 0.0, 0.0, 0.0, 0.0, 0.0, 0.0, 0.0, 0.0, 0.0, 0.0, 0.0, 0.0, 0.0, 0.0, 0.0, 0.0, 0.0, 0.0, 0.0, 0.0, 0.0, 0.0, 0.0, 0.0, 0.0, 0.0, 0.0, 0.0, 0.0, 0.0, 0.0, 0.0, 0.0, 0.0, 0.0, 0.0, 0.0, 0.0, 0.0, 0.0, 0.0, 0.0, 0.0, 0.0, 0.0, 0.0, 0.0, 0.05681818351149559, 0.0, 0.0, 0.0, 0.0, 0.0, 0.6363636255264282, 0.0, 0.0, 0.0, 0.0, 0.3068181872367859, 0.0, 0.0, 0.0, 0.0, 0.0, 0.0, 0.0, 0.0, 0.0, 0.0, 0.0, 0.0, 0.0, 0.0, 0.0, 0.0, 0.0, 0.0, 0.0, 0.0, 0.0, 0.0, 0.0, 0.0, 0.0, 0.0, 0.0, 0.0, 0.0, 0.0, 0.0, 0.0, 0.0, 0.0, 0.0, 0.0, 0.0, 0.0, 0.0, 0.0, 0.0, 0.0, 0.0, 0.0, 0.0, 0.0, 0.0, 0.0, 0.0, 0.0, 0.0, 0.0, 0.0, 0.0, 0.0, 0.0, 0.0, 0.0, 0.0, 0.0, 0.0, 0.0, 0.0, 0.0, 0.0, 0.0, 0.0, 0.0, 0.0, 0.0, 0.0, 0.0, 0.0, 0.0, 0.0, 0.0, 0.0], "tonal.chords_histogram": [40.20172882080078, 1.2968299388885498, 18.73198890686035, 0.8645533323287964, 7.348703384399414, 0.0, 0.0, 2.3054754734039307, 0.0, 12.536023139953613, 4.466858863830566, 12.10374641418457, 0.0, 0.0, 0.0, 0.0, 0.0, 0.0, 0.0, 0.0, 0.0, 0.0, 0.0, 0.14409221708774567], "tonal.thpcp": [1.0, 0.8643075823783875, 0.318880170583725, 0.18435662984848022, 0.16033756732940674, 0.20142526924610138, 0.6283551454544067, 0.7143872976303101, 0.3073393702507019, 0.2804858982563019, 0.2956916093826294, 0.188789963722229, 0.18548472225666046, 0.16773030161857605, 0.1607608199119568, 0.23506440222263336, 0.24869894981384277, 0.24260485172271729, 0.2709237039089203, 0.22816525399684906, 0.17914578318595886, 0.3235453963279724, 0.36832210421562195, 0.21457722783088684, 0.15275107324123383, 0.12791825830936432, 0.11131317168474197, 0.22504588961601257, 0.27164140343666077, 0.1937483251094818, 0.2740839421749115, 0.3250686824321747, 0.21917486190795898, 0.1854209303855896, 0.20628374814987183, 0.4565463662147522], "lowlevel.gfcc.cov": [[8278.810546875, -1815.8843994140625, 817.7435302734375, 1710.2578125, -156.2347869873047, 271.395263671875, -939.69482421875, 40.17567443847656, -255.91452026367188, 135.81903076171875, -336.2383117675781, 196.21063232421875, -317.75738525390625], [-1815.8843994140625, 3679.68115234375, 526.8678588867188, 6.700783729553223, 1182.1180419921875, 260.1820983886719, 742.5420532226562, 64.26921081542969, 565.4705810546875, -109.84998321533203, 420.19659423828125, -24.827592849731445, 250.6237335205078], [817.7435302734375, 526.8678588867188, 1659.473876953125, 914.2456665039062, 533.2262573242188, 632.354248046875, 479.3230895996094, 243.59182739257812, 246.92185974121094, 137.62393188476562, 32.431949615478516, 151.51535034179688, 3.4813642501831055], [1710.2578125, 6.700783729553223, 914.2456665039062, 1408.6107177734375, 477.78948974609375, 393.6443786621094, 195.2263946533203, 276.43701171875, 232.5963592529297, 149.94850158691406, -20.63607406616211, 78.09781646728516, 23.749101638793945], [-156.2347869873047, 1182.1180419921875, 533.2262573242188, 477.78948974609375, 927.2894897460938, 397.649169921875, 468.66632080078125, 249.25637817382812, 382.40106201171875, 101.21189880371094, 168.83621215820312, 39.38176345825195, 122.5938720703125], [271.395263671875, 260.1820983886719, 632.354248046875, 393.6443786621094, 397.649169921875, 781.6871337890625, 580.6587524414062, 241.3567352294922, 252.91578674316406, 185.60415649414062, 121.86564636230469, 99.90984344482422, 28.213735580444336], [-939.69482421875, 742.5420532226562, 479.3230895996094, 195.2263946533203, 468.66632080078125, 580.6587524414062, 855.2628784179688, 316.74658203125, 323.5213623046875, 158.66134643554688, 202.890869140625, 50.90439987182617, 89.23297119140625], [40.17567443847656, 64.26921081542969, 243.59182739257812, 276.43701171875, 249.25637817382812, 241.3567352294922, 316.74658203125, 410.33721923828125, 242.25662231445312, 138.2639617919922, 84.15140533447266, 45.54122543334961, 55.678401947021484], [-255.91452026367188, 565.4705810546875, 246.92185974121094, 232.5963592529297, 382.40106201171875, 252.91578674316406, 323.5213623046875, 242.25662231445312, 381.1161193847656, 128.3978729248047, 121.972412109375, 44.49845886230469, 90.49720764160156], [135.81903076171875, -109.84998321533203, 137.62393188476562, 149.94850158691406, 101.21189880371094, 185.60415649414062, 158.66134643554688, 138.2639617919922, 128.3978729248047, 203.31329345703125, 51.19377517700195, 29.428312301635742, 1.2451945543289185], [-336.2383117675781, 420.19659423828125, 32.431949615478516, -20.63607406616211, 168.83621215820312, 121.86564636230469, 202.890869140625, 84.15140533447266, 121.972412109375, 51.19377517700195, 183.81117248535156, 49.769439697265625, 46.52928924560547], [196.21063232421875, -24.827592849731445, 151.51535034179688, 78.09781646728516, 39.38176345825195, 99.90984344482422, 50.90439987182617, 45.54122543334961, 44.49845886230469, 29.428312301635742, 49.769439697265625, 143.21182250976562, 23.77375030517578], [-317.75738525390625, 250.6237335205078, 3.4813642501831055, 23.749101638793945, 122.5938720703125, 28.213735580444336, 89.23297119140625, 55.678401947021484, 90.49720764160156, 1.2451945543289185, 46.52928924560547, 23.77375030517578, 124.16526794433594]], "lowlevel.gfcc.icov": [[0.00032083160476759076, -6.485248741228133e-05, 7.411813567159697e-05, -0.0003785364970099181, 3.0410246836254373e-05, -0.0004719821154139936, 0.000722691707778722, -0.00027711334405466914, 0.0002570705546531826, -0.00012366424198262393, 0.000116491544758901, -0.0003556841111276299, 0.0005427211290225387], [-6.485248741228133e-05, 0.0011164756724610925, -0.00042209308594465256, 0.00035580777330324054, -0.0009684115648269653, 0.0006427022162824869, -0.0006021556328050792, 0.0010588285513222218, -0.0012039385037496686, 0.0013530849246308208, -0.0016490509733557701, 0.000967567611951381, -0.00041108185541816056], [7.411813567159697e-05, -0.00042209308594465256, 0.0015242049703374505, -0.0007926456164568663, 5.3798001317773014e-05, -0.0007210749317891896, -0.00013457279419526458, -0.00025224810815416276, 0.00048231284017674625, -0.00025727387401275337, 0.0013546979753300548, -0.0014547769678756595, 0.0008930292678996921], [-0.0003785364970099181, 0.00035580777330324054, -0.0007926456164568663, 0.0019347799243405461, -0.0007518751081079245, 0.000441020296420902, -0.00035561088589020073, -3.421559085836634e-05, -0.0005926321027800441, 9.41628823056817e-05, 5.179832078283653e-05, 0.0006866827607154846, -0.0008416005875915289], [3.0410246836254373e-05, -0.0009684115648269653, 5.3798001317773014e-05, -0.0007518751081079245, 0.0033851289190351963, -0.0007933014421723783, 0.0002347301342524588, -0.0006391431670635939, -0.0006003229063935578, -0.00043722556438297033, 0.00023869593860581517, 0.00017056148499250412, -0.0005494569195434451], [-0.0004719821154139936, 0.0006427022162824869, -0.0007210749317891896, 0.000441020296420902, -0.0007933014421723783, 0.00466567138209939, -0.0033996033016592264, 0.0013122805394232273, -0.000937926524784416, -0.000506142561789602, -0.0004877332830801606, -0.0003928911464754492, -4.4799046008847654e-05], [0.000722691707778722, -0.0006021556328050792, -0.00013457279419526458, -0.00035561088589020073, 0.0002347301342524588, -0.0033996033016592264, 0.005693851504474878, -0.002313045784831047, 0.0007305344915948808, -0.0006046590278856456, -0.0010463787475600839, 0.00045486571616493165, 0.0004013237194158137], [-0.00027711334405466914, 0.0010588285513222218, -0.00025224810815416276, -3.421559085836634e-05, -0.0006391431670635939, 0.0013122805394232273, -0.002313045784831047, 0.00603897962719202, -0.003127866890281439, -2.1726926206611097e-05, -0.0012202743673697114, 0.000563322042580694, -0.0009162401547655463], [0.0002570705546531826, -0.0012039385037496686, 0.00048231284017674625, -0.0005926321027800441, -0.0006003229063935578, -0.000937926524784416, 0.0007305344915948808, -0.003127866890281439, 0.00861639529466629, -0.003461756044998765, 0.000807390024419874, -0.0011999377747997642, -0.00144683918915689], [-0.00012366424198262393, 0.0013530849246308208, -0.00025727387401275337, 9.41628823056817e-05, -0.00043722556438297033, -0.000506142561789602, -0.0006046590278856456, -2.1726926206611097e-05, -0.003461756044998765, 0.009737523272633553, -0.002895758021622896, 0.0011996054090559483, 0.001213448354974389], [0.000116491544758901, -0.0016490509733557701, 0.0013546979753300548, 5.179832078283653e-05, 0.00023869593860581517, -0.0004877332830801606, -0.0010463787475600839, -0.0012202743673697114, 0.000807390024419874, -0.002895758021622896, 0.01250313688069582, -0.004949015565216541, 0.0004559034132398665], [-0.0003556841111276299, 0.000967567611951381, -0.0014547769678756595, 0.0006866827607154846, 0.00017056148499250412, -0.0003928911464754492, 0.00045486571616493165, 0.000563322042580694, -0.0011999377747997642, 0.0011996054090559483, -0.004949015565216541, 0.011034333147108555, -0.0030080468859523535], [0.0005427211290225387, -0.00041108185541816056, 0.0008930292678996921, -0.0008416005875915289, -0.0005494569195434451, -4.4799046008847654e-05, 0.0004013237194158137, -0.0009162401547655463, -0.00144683918915689, 0.001213448354974389, 0.0004559034132398665, -0.0030080468859523535, 0.012530959211289883]], "lowlevel.mfcc.cov": [[7712.38671875, -2123.91357421875, 421.25152587890625, 921.0021362304688, 703.2365112304688, 30.61160659790039, -317.0341796875, -269.521240234375, -228.94839477539062, -254.57595825195312, -116.9647445678711, 66.87358856201172, -140.7322540283203], [-2123.91357421875, 3115.3828125, 23.640514373779297, 63.762229919433594, 405.78277587890625, 381.6282043457031, 310.734130859375, 402.5919494628906, 212.99278259277344, 170.34092712402344, 168.57318115234375, 172.0225372314453, 187.3092041015625], [421.25152587890625, 23.640514373779297, 1175.68701171875, 508.1920166015625, 236.68397521972656, 464.97821044921875, 284.178466796875, 302.93572998046875, 246.80560302734375, 118.45050048828125, 123.37638854980469, 152.53076171875, 116.36091613769531], [921.0021362304688, 63.762229919433594, 508.1920166015625, 972.0506591796875, 505.15484619140625, 247.6123046875, 128.11460876464844, 205.7786102294922, 231.1852264404297, 138.96530151367188, 72.51697540283203, 136.93341064453125, 108.87681579589844], [703.2365112304688, 405.78277587890625, 236.68397521972656, 505.15484619140625, 637.483154296875, 245.26336669921875, 94.8531723022461, 172.0051727294922, 199.1172637939453, 115.22634887695312, 77.96502685546875, 124.4518051147461, 78.05713653564453], [30.61160659790039, 381.6282043457031, 464.97821044921875, 247.6123046875, 245.26336669921875, 653.89013671875, 340.8651428222656, 285.3089904785156, 252.5039520263672, 186.6878204345703, 203.29615783691406, 148.37692260742188, 117.83124542236328], [-317.0341796875, 310.734130859375, 284.178466796875, 128.11460876464844, 94.8531723022461, 340.8651428222656, 449.8203430175781, 299.0943908691406, 212.14894104003906, 215.0751190185547, 189.33831787109375, 113.1483154296875, 100.2585220336914], [-269.521240234375, 402.5919494628906, 302.93572998046875, 205.7786102294922, 172.0051727294922, 285.3089904785156, 299.0943908691406, 408.0885314941406, 274.1860656738281, 191.15342712402344, 174.77487182617188, 161.77682495117188, 150.1337432861328], [-228.94839477539062, 212.99278259277344, 246.80560302734375, 231.1852264404297, 199.1172637939453, 252.5039520263672, 212.14894104003906, 274.1860656738281, 381.91021728515625, 242.58840942382812, 164.4169158935547, 147.75018310546875, 124.125], [-254.57595825195312, 170.34092712402344, 118.45050048828125, 138.96530151367188, 115.22634887695312, 186.6878204345703, 215.0751190185547, 191.15342712402344, 242.58840942382812, 305.9997863769531, 185.82611083984375, 101.67963409423828, 101.01519775390625], [-116.9647445678711, 168.57318115234375, 123.37638854980469, 72.51697540283203, 77.96502685546875, 203.29615783691406, 189.33831787109375, 174.77487182617188, 164.4169158935547, 185.82611083984375, 229.5253448486328, 132.17117309570312, 92.54107666015625], [66.87358856201172, 172.0225372314453, 152.53076171875, 136.93341064453125, 124.4518051147461, 148.37692260742188, 113.1483154296875, 161.77682495117188, 147.75018310546875, 101.67963409423828, 132.17117309570312, 186.749267578125, 117.63984680175781], [-140.7322540283203, 187.3092041015625, 116.36091613769531, 108.87681579589844, 78.05713653564453, 117.83124542236328, 100.2585220336914, 150.1337432861328, 124.125, 101.01519775390625, 92.54107666015625, 117.63984680175781, 157.0321807861328]], "lowlevel.mfcc.icov": [[0.00026200516731478274, 0.0002160822186851874, -7.563047802250367e-06, -0.00011074278154410422, -0.0003917804278898984, -9.012501686811447e-05, 7.847714732633904e-05, -2.5859490051516332e-05, 0.0003726522845681757, 8.588348282501101e-05, -4.5019616663921624e-05, -0.00036123525933362544, 0.0002437828661641106], [0.0002160822186851874, 0.0006121614715084434, 0.00012197533214930445, 9.534925629850477e-05, -0.0006670578732155263, -0.00021397853561211377, 1.7606602114028647e-06, -0.00044890749268233776, 0.000508274242747575, 6.676867633359507e-05, 8.138547127600759e-05, -0.00025996234035119414, -7.075209578033537e-05], [-7.563047802250367e-06, 0.00012197533214930445, 0.0015790732577443123, -0.0006728133303113282, 0.0003572757705114782, -0.0008621466695331037, -0.00021142074547242373, -0.0005231925752013922, -0.00018158201419282705, 0.0004759844159707427, 0.00037429481744766235, -0.0003284210688434541, 0.0001114443366532214], [-0.00011074278154410422, 9.534925629850477e-05, -0.0006728133303113282, 0.002332044765353203, -0.00146720209158957, 0.00027359899831935763, -1.9740857169381343e-05, -7.980547525221482e-05, -0.0001771014794940129, -0.0005461754626594484, 0.0006488303188234568, -9.350949767394923e-06, -0.000602438289206475], [-0.0003917804278898984, -0.0006670578732155263, 0.0003572757705114782, -0.00146720209158957, 0.004041380248963833, -0.0006915490375831723, 0.000574310019146651, -0.00011032598558813334, -0.0010889064287766814, -0.0003592195571400225, 0.0005747551913373172, -0.000629544141702354, 0.0006706341519020498], [-9.012501686811447e-05, -0.00021397853561211377, -0.0008621466695331037, 0.00027359899831935763, -0.0006915490375831723, 0.003713766112923622, -0.0017889966256916523, 0.0005425288109108806, -0.000979738775640726, 0.0009544813074171543, -0.0017606255132704973, 0.0006764059653505683, -0.0005045334110036492], [7.847714732633904e-05, 1.7606602114028647e-06, -0.00021142074547242373, -1.9740857169381343e-05, 0.000574310019146651, -0.0017889966256916523, 0.00654926523566246, -0.0036226394586265087, 0.001399983069859445, -0.002445788588374853, -0.0008585180621594191, 0.0004191506886854768, 0.001236209413036704], [-2.5859490051516332e-05, -0.00044890749268233776, -0.0005231925752013922, -7.980547525221482e-05, -0.00011032598558813334, 0.0005425288109108806, -0.0036226394586265087, 0.008952047675848007, -0.003608229337260127, 0.0017193887615576386, -0.0009439901914447546, -0.000602254003752023, -0.00288929115049541], [0.0003726522845681757, 0.000508274242747575, -0.00018158201419282705, -0.0001771014794940129, -0.0010889064287766814, -0.000979738775640726, 0.001399983069859445, -0.003608229337260127, 0.009149397723376751, -0.00522311357781291, 0.0016414305428043008, -0.002754475688561797, 0.0010413770796731114], [8.588348282501101e-05, 6.676867633359507e-05, 0.0004759844159707427, -0.0005461754626594484, -0.0003592195571400225, 0.0009544813074171543, -0.002445788588374853, 0.0017193887615576386, -0.00522311357781291, 0.011380337178707123, -0.006634876132011414, 0.0036895873490720987, -0.0026428154669702053], [-4.5019616663921624e-05, 8.138547127600759e-05, 0.00037429481744766235, 0.0006488303188234568, 0.0005747551913373172, -0.0017606255132704973, -0.0008585180621594191, -0.0009439901914447546, 0.0016414305428043008, -0.006634876132011414, 0.014489983208477497, -0.007463764864951372, 0.0016443378990516067], [-0.00036123525933362544, -0.00025996234035119414, -0.0003284210688434541, -9.350949767394923e-06, -0.000629544141702354, 0.0006764059653505683, 0.0004191506886854768, -0.000602254003752023, -0.002754475688561797, 0.0036895873490720987, -0.007463764864951372, 0.01653871312737465, -0.007837812416255474], [0.0002437828661641106, -7.075209578033537e-05, 0.0001114443366532214, -0.000602438289206475, 0.0006706341519020498, -0.0005045334110036492, 0.001236209413036704, -0.00288929115049541, 0.0010413770796731114, -0.0026428154669702053, 0.0016443378990516067, -0.007837812416255474, 0.014803971163928509]], "metadata.audio_properties.analysis.downmix": "mix", "metadata.audio_properties.codec": "mp3", "metadata.audio_properties.md5_encoded": "c7029f7486de4bce9c6fd32dd8cecdbc", "metadata.tags.file_name": "1183710339725012992.mp