{"song_id": "1183656337117286512", "download": "https://cdn.discordapp.com/attachments/1135903449314238464/1183656337117286512/chirp.mp4?ex=658920de&amp", "lyrics": "severmiyim bilmem seni\nso\u011futtun art\u0131k d\u00f6nmem geri\ng\u00f6nderdim k\u00f6t\u00fc hisleri\nvazgetim istemem al geri\n\nsevermiyim bilmem seni\nso\u011futtun art\u0131k d\u00f6nmem geri\ng\u00f6nderdim k\u00f6t\u00fc hisleri\nvazgetim istemem al geri\n\nkabusum oldun b\u0131rakmad\u0131n\nfarkl\u0131ym\u0131\u015fs\u0131n \u015fimdi anlad\u0131m\ndersimi ald\u0131m hadi bakal\u0131m", "style": ["pop</span><span>, house music"], "essentia_features": {"lowlevel.average_loudness": 0.9066794514656067, "lowlevel.barkbands_crest.mean": 14.869336128234863, "lowlevel.barkbands_crest.stdev": 7.041801929473877, "lowlevel.barkbands_flatness_db.mean": 0.21685771644115448, "lowlevel.barkbands_flatness_db.stdev": 0.11807972192764282, "lowlevel.barkbands_kurtosis.mean": 75.14871215820312, "lowlevel.barkbands_kurtosis.stdev": 258.5340576171875, "lowlevel.barkbands_skewness.mean": 4.0202813148498535, "lowlevel.barkbands_skewness.stdev": 6.129870414733887, "lowlevel.barkbands_spread.mean": 28.5223445892334, "lowlevel.barkbands_spread.stdev": 29.542991638183594, "lowlevel.dissonance.mean": 0.4684622287750244, "lowlevel.dissonance.stdev": 0.04310178384184837, "lowlevel.dynamic_complexity": 3.3684518337249756, "lowlevel.erbbands_crest.mean": 9.311010360717773, "lowlevel.erbbands_crest.stdev": 5.293245315551758, "lowlevel.erbbands_flatness_db.mean": 0.13340526819229126, "lowlevel.erbbands_flatness_db.stdev": 0.06238668039441109, "lowlevel.erbbands_kurtosis.mean": 6.809443950653076, "lowlevel.erbbands_kurtosis.stdev": 25.15241813659668, "lowlevel.erbbands_skewness.mean": 0.3236006200313568, "lowlevel.erbbands_skewness.stdev": 2.343836784362793, "lowlevel.erbbands_spread.mean": 66.89987182617188, "lowlevel.erbbands_spread.stdev": 45.995574951171875, "lowlevel.hfc.mean": 39.086341857910156, "lowlevel.hfc.stdev": 48.98849105834961, "lowlevel.loudness_ebu128.integrated": -14.194522857666016, "lowlevel.loudness_ebu128.loudness_range": 4.172176361083984, "lowlevel.loudness_ebu128.momentary.mean": -15.024045944213867, "lowlevel.loudness_ebu128.momentary.stdev": 2.9735238552093506, "lowlevel.loudness_ebu128.short_term.mean": -14.758073806762695, "lowlevel.loudness_ebu128.short_term.stdev": 2.05784010887146, "lowlevel.melbands_crest.mean": 19.87352752685547, "lowlevel.melbands_crest.stdev": 8.19884204864502, "lowlevel.melbands_flatness_db.mean": 0.27866560220718384, "lowlevel.melbands_flatness_db.stdev": 0.15433204174041748, "lowlevel.melbands_kurtosis.mean": 140.34751892089844, "lowlevel.melbands_kurtosis.stdev": 269.5649108886719, "lowlevel.melbands_skewness.mean": 6.734759330749512, "lowlevel.melbands_skewness.stdev": 6.362070083618164, "lowlevel.melbands_spread.mean": 34.30380630493164, "lowlevel.melbands_spread.stdev": 56.082969665527344, "lowlevel.pitch_salience.mean": 0.44003579020500183, "lowlevel.pitch_salience.stdev": 0.2262348085641861, "lowlevel.silence_rate_20dB.mean": 0.9994206428527832, "lowlevel.silence_rate_20dB.stdev": 0.024063672870397568, "lowlevel.silence_rate_30dB.mean": 0.7410197257995605, "lowlevel.silence_rate_30dB.stdev": 0.4380781054496765, "lowlevel.silence_rate_60dB.mean": 0.10834299027919769, "lowlevel.silence_rate_60dB.stdev": 0.3108125329017639, "lowlevel.spectral_centroid.mean": 1764.3795166015625, "lowlevel.spectral_centroid.stdev": 1579.611328125, "lowlevel.spectral_complexity.mean": 9.358053207397461, "lowlevel.spectral_complexity.stdev": 9.127971649169922, "lowlevel.spectral_decrease.mean": -1.7066762225681487e-08, "lowlevel.spectral_decrease.stdev": 1.8324636030797592e-08, "lowlevel.spectral_energy.mean": 0.06795916706323624, "lowlevel.spectral_energy.stdev": 0.06951386481523514, "lowlevel.spectral_energyband_high.mean": 0.00339695205911994, "lowlevel.spectral_energyband_high.stdev": 0.005613400135189295, "lowlevel.spectral_energyband_low.mean": 0.052593111991882324, "lowlevel.spectral_energyband_low.stdev": 0.06687606126070023, "lowlevel.spectral_energyband_middle_high.mean": 0.0018785748397931457, "lowlevel.spectral_energyband_middle_high.stdev": 0.003789467504248023, "lowlevel.spectral_energyband_middle_low.mean": 0.011695954948663712, "lowlevel.spectral_energyband_middle_low.stdev": 0.017969150096178055, "lowlevel.spectral_entropy.mean": 7.837069988250732, "lowlevel.spectral_entropy.stdev": 0.885651171207428, "lowlevel.spectral_flux.mean": 0.12503953278064728, "lowlevel.spectral_flux.stdev": 0.08981909602880478, "lowlevel.spectral_kurtosis.mean": 2.213240146636963, "lowlevel.spectral_kurtosis.stdev": 4.1547112464904785, "lowlevel.spectral_rms.mean": 0.006952380295842886, "lowlevel.spectral_rms.stdev": 0.0042386301793158054, "lowlevel.spectral_rolloff.mean": 3037.7705078125, "lowlevel.spectral_rolloff.stdev": 4460.06298828125, "lowlevel.spectral_skewness.mean": 1.2111033201217651, "lowlevel.spectral_skewness.stdev": 0.7824693918228149, "lowlevel.spectral_spread.mean": 8261511.0, "lowlevel.spectral_spread.stdev": 2209390.25, "lowlevel.spectral_strongpeak.mean": 0.7538999319076538, "lowlevel.spectral_strongpeak.stdev": 0.9596638083457947, "lowlevel.zerocrossingrate.mean": 0.1148739606142044, "lowlevel.zerocrossingrate.stdev": 0.12131176888942719, "metadata.audio_properties.analysis.equal_loudness": 0.0, "metadata.audio_properties.analysis.length": 40.04265213012695, "metadata.audio_properties.analysis.sample_rate": 44100.0, "metadata.audio_properties.analysis.start_time": 0.0, "metadata.audio_properties.bit_rate": 126501.0, "metadata.audio_properties.length": 40.042667388916016, "metadata.audio_properties.lossless": 0.0, "metadata.audio_properties.number_channels": 1.0, "metadata.audio_properties.replay_gain": -10.401052474975586, "metadata.audio_properties.sample_rate": 48000.0, "rhythm.beats_count": 85.0, "rhythm.beats_loudness.mean": 0.11111485958099365, "rhythm.beats_loudness.stdev": 0.041071567684412, "rhythm.bpm": 128.174072265625, "rhythm.bpm_histogram_first_peak_bpm": 129.0, "rhythm.bpm_histogram_first_peak_weight": 0.32530122995376587, "rhythm.bpm_histogram_second_peak_bpm": 123.0, "rhythm.bpm_histogram_second_peak_spread": 0.0, "rhythm.bpm_histogram_second_peak_weight": 0.011904762126505375, "rhythm.danceability": 1.1297285556793213, "rhythm.onset_rate": 5.11803674697876, "tonal.chords_changes_rate": 0.125, "tonal.chords_number_rate": 0.0173611119389534, "tonal.chords_strength.mean": 0.45113807916641235, "tonal.chords_strength.stdev": 0.10085374861955643, "tonal.hpcp_crest.mean": 9.865293502807617, "tonal.hpcp_crest.stdev": 4.596364498138428, "tonal.hpcp_entropy.mean": 2.71771240234375, "tonal.hpcp_entropy.stdev": 0.7756233215332031, "tonal.key_edma.strength": 0.4243873953819275, "tonal.key_krumhansl.strength": 0.43151161074638367, "tonal.key_temperley.strength": 0.4636286199092865, "tonal.tuning_diatonic_strength": 0.5944554805755615, "tonal.tuning_equal_tempered_deviation": 0.18595610558986664, "tonal.tuning_frequency": 437.4657897949219, "tonal.tuning_nontempered_energy_ratio": 0.8748160600662231, "lowlevel.barkbands.mean": [0.0006454286049120128, 0.04044174775481224, 0.009960934519767761, 0.004042418207973242, 0.003459816798567772, 0.0007530466536991298, 0.0023387609981000423, 0.0005056339432485402, 0.00047920161159709096, 0.0003793251817114651, 0.00034066953230649233, 0.0003065876371692866, 0.00020033150212839246, 0.00012339718523435295, 9.670935105532408e-05, 8.939584949985147e-05, 0.00010383726475993171, 0.00010041009227279574, 0.00011839556827908382, 0.00015605836233589798, 0.00023098562087398022, 0.00035419443156570196, 0.0009099594317376614, 0.0008157409029081464, 0.0005686655058525503, 0.00043561274651438, 1.8959194676426705e-06], "lowlevel.barkbands.stdev": [0.0012313338229432702, 0.056460775434970856, 0.029597261920571327, 0.008295878767967224, 0.0065497178584337234, 0.0018949545919895172, 0.008626645430922508, 0.001580521697178483, 0.001526518608443439, 0.0012714304029941559, 0.0009318434167653322, 0.0008822729578241706, 0.0005028531304560602, 0.00031520784250460565, 0.00021855992963537574, 0.0002245262439828366, 0.00024465349270030856, 0.0002284231741214171, 0.00023354288714472204, 0.0002603400207590312, 0.00036294443998485804, 0.0006355704390443861, 0.0016737962141633034, 0.0017167198238894343, 0.0010974359465762973, 0.0007107863784767687, 5.712112397304736e-06], "lowlevel.erbbands.mean": [1.1887980699539185, 8.85498332977295, 13.315747261047363, 11.574223518371582, 17.646757125854492, 6.9995293617248535, 6.110494136810303, 6.823249340057373, 21.24777603149414, 30.572851181030273, 12.769793510437012, 10.97972297668457, 12.027083396911621, 12.42142391204834, 14.446794509887695, 12.000173568725586, 9.63000202178955, 6.963416576385498, 5.676397323608398, 4.911445140838623, 4.9932637214660645, 5.954863548278809, 5.565952301025391, 5.696282386779785, 6.660569190979004, 7.120048522949219, 9.030640602111816, 8.819554328918457, 11.786745071411133, 22.315593719482422, 24.61763572692871, 17.155664443969727, 13.750362396240234, 7.061411380767822, 3.552161455154419, 2.0784027576446533, 0.8248843550682068, 0.07708381861448288, 0.001485926564782858, 0.0001486838882556185], "lowlevel.erbbands.stdev": [1.913071870803833, 12.498043060302734, 29.620792388916016, 26.722002029418945, 29.736391067504883, 17.912107467651367, 17.569128036499023, 16.77084732055664, 69.29888153076172, 109.5224380493164, 39.064598083496094, 33.99104309082031, 41.9476432800293, 36.03647232055664, 39.881004333496094, 33.845218658447266, 24.311304092407227, 16.90167999267578, 13.781196594238281, 10.580390930175781, 12.884210586547852, 13.794121742248535, 12.481687545776367, 11.883732795715332, 12.59424114227295, 11.731363296508789, 14.23851203918457, 14.258861541748047, 21.531719207763672, 40.451171875, 46.76814651489258, 38.62474060058594, 28.48643684387207, 14.32726764678955, 6.846462249755859, 4.099965572357178, 1.2166566848754883, 0.10702253878116608, 0.0019981800578534603, 0.0001284906902583316], "lowlevel.gfcc.mean": [-21.154685974121094, 24.55129051208496, -48.2952766418457, 52.14679718017578, -51.89268112182617, 36.989742279052734, -31.23134422302246, 19.138704299926758, -22.62832260131836, 9.390725135803223, -19.178098678588867, 5.782596111297607, -20.01193618774414], "lowlevel.melbands.mean": [0.011082050390541553, 0.008377231657505035, 0.002334347926080227, 0.0008528711041435599, 0.00022149104916024953, 0.00014438421931117773, 0.0004041230713482946, 0.00029053151956759393, 9.514059638604522e-05, 6.840380956418812e-05, 5.9811380197061226e-05, 4.972237366018817e-05, 4.811317194253206e-05, 3.7150322896195576e-05, 2.5356986952829175e-05, 1.8683414964471012e-05, 1.2171346497780178e-05, 9.328302439826075e-06, 7.034684585960349e-06, 6.252978892007377e-06, 5.716077339457115e-06, 6.143093287391821e-06, 5.6420135479129385e-06, 4.6036789171921555e-06, 4.571047156787245e-06, 4.445746071723988e-06, 5.349384537112201e-06, 4.484651071834378e-06, 5.3604235290549695e-06, 5.912533652008278e-06, 4.66144911115407e-06, 5.967126526229549e-06, 8.075302503129933e-06, 1.4997243852121755e-05, 1.4768203072890174e-05, 1.1847540008602664e-05, 1.0411903531348798e-05, 1.058927045960445e-05, 7.554225703643169e-06, 5.3200924412522e-06], "lowlevel.melbands.stdev": [0.016183307394385338, 0.013206930831074715, 0.004449768457561731, 0.0015365785220637918, 0.000659141514915973, 0.0003593671426642686, 0.001399014494381845, 0.0009999856119975448, 0.00029688701033592224, 0.0002210276434198022, 0.0002115986280841753, 0.00014905363786965609, 0.00013256946112960577, 0.00010401394683867693, 7.28417799109593e-05, 4.694025483331643e-05, 3.0865936423651874e-05, 2.3900140149635263e-05, 1.570306449139025e-05, 1.4956900486140512e-05, 1.5932993846945465e-05, 1.5066298146848567e-05, 1.2422407053236384e-05, 1.0955146535707172e-05, 9.695391781860963e-06, 9.32854072743794e-06, 9.95294249150902e-06, 7.691824976063799e-06, 8.692768460605294e-06, 9.755440260050818e-06, 7.826773071428761e-06, 1.1588479537749663e-05, 1.436549337086035e-05, 2.8425918571883813e-05, 2.7620200853561983e-05, 2.7331161618349142e-05, 2.3610471544088796e-05, 2.2104992240201682e-05, 1.569867345097009e-05, 1.1239528248552233e-05], "lowlevel.melbands128.mean": [0.000587455288041383, 0.008434415794909, 0.016870461404323578, 0.01381093543022871, 0.008185427635908127, 0.004302649758756161, 0.0020588738843798637, 0.002262961119413376, 0.0020263618789613247, 0.0005980597343295813, 0.0002717485185712576, 0.0002780795330181718, 0.00021841218404006213, 0.00013439811300486326, 0.00014878057118039578, 0.00015617223107255995, 0.00011866201384691522, 0.0004475588502828032, 0.0008449899614788592, 0.00026077753864228725, 8.548084588255733e-05, 0.00010733158705988899, 0.00010732426744652912, 6.950990064069629e-05, 6.58676799503155e-05, 7.056531467242166e-05, 6.549658428411931e-05, 5.814944961457513e-05, 5.637766298605129e-05, 5.0739046855596825e-05, 4.694066956290044e-05, 4.7926336264936253e-05, 4.911674841423519e-05, 4.9780668632593006e-05, 3.923250551451929e-05, 3.5012759326491505e-05, 3.0497923944494687e-05, 2.472978303558193e-05, 2.2413407350541092e-05, 2.1922342057223432e-05, 1.7762095012585633e-05, 1.4527019629895221e-05, 1.1730085134331603e-05, 1.1730374353646766e-05, 1.0083130291604903e-05, 9.013327144202776e-06, 8.284716386697255e-06, 7.054158686514711e-06, 6.474852398241637e-06, 6.5088247538369615e-06, 6.3737775235495064e-06, 5.818490990350256e-06, 5.535460786632029e-06, 5.8239834288542625e-06, 5.834795501868939e-06, 6.19298634774168e-06, 6.44298688712297e-06, 5.922400760027813e-06, 5.49083597434219e-06, 4.775406523549464e-06, 4.588626325130463e-06, 4.269785222277278e-06, 4.852203346672468e-06, 4.615766556526069e-06, 4.222548341203947e-06, 4.332857770350529e-06, 4.445807917363709e-06, 5.3499697969527915e-06, 6.046531780157238e-06, 4.796845132659655e-06, 3.964405550505035e-06, 4.6629415919596795e-06, 4.808021003555041e-06, 5.607993443845771e-06, 5.7753504734137096e-06, 6.056158326828154e-06, 6.227578069228912e-06, 4.9617742661212105e-06, 4.407906089909375e-06, 4.070153408974875e-06, 5.501517989614513e-06, 6.737615422025556e-06, 7.4195659180986695e-06, 7.67194160289364e-06, 8.721036465431098e-06, 1.2396106285450514e-05, 1.8224371160613373e-05, 1.8778207959257998e-05, 1.2407659596647136e-05, 1.421940396539867e-05, 1.419289310433669e-05, 1.1006283784809057e-05, 8.213598448492121e-06, 9.90795797406463e-06, 1.1897466720256489e-05, 1.2388355571602006e-05, 1.014962799672503e-05, 8.252986845036503e-06, 7.593004738737363e-06, 7.698416084167548e-06, 5.941407835052814e-06, 5.737010269513121e-06, 3.044104460059316e-06, 3.142227114949492e-06, 3.1929021133692004e-06, 5.4125689530337695e-06, 4.538421308097895e-06, 3.456166950854822e-06, 3.6098595046496484e-06, 3.1163415314949816e-06, 3.6446185731620062e-06, 3.215921424271073e-06, 2.572867060735007e-06, 2.266771161885117e-06, 1.7715974536258727e-06, 6.152318405838741e-07, 9.496108788198399e-08, 4.1343706236318667e-10, 4.005867859646628e-11, 2.5653921695290016e-11, 1.0744191127065594e-11, 1.0280374641846723e-11, 9.97168493610534e-12, 9.737629105832646e-12, 9.473652765046303e-12, 9.17723882998267e-12, 8.99982519064757e-12, 8.928907092864424e-12], "lowlevel.melbands128.stdev": [0.001152771175839007, 0.015144774690270424, 0.026339707896113396, 0.021465593948960304, 0.016324657946825027, 0.013909094966948032, 0.005757079925388098, 0.0043880571611225605, 0.003601078176870942, 0.0013701723655685782, 0.000991653767414391, 0.0008870736346580088, 0.0006560124456882477, 0.00041393356514163315, 0.00043088942766189575, 0.00039909654879011214, 0.0003020163858309388, 0.0016331885708495975, 0.0033900276757776737, 0.0009523850749246776, 0.00026650872314348817, 0.0003630472638178617, 0.0003799382539000362, 0.00022361375158652663, 0.00022708445612806827, 0.00024743101675994694, 0.0002633680996950716, 0.0002187486388720572, 0.0002018114464590326, 0.0001742525928420946, 0.00013899536861572415, 0.0001376112486468628, 0.00014782733342144638, 0.00016174693882931024, 0.00011491591430967674, 0.00011151112266816199, 9.983141353586689e-05, 8.651225653011352e-05, 6.78897849866189e-05, 6.46184416837059e-05, 4.945466571371071e-05, 3.923479380318895e-05, 3.141727938782424e-05, 3.510132955852896e-05, 2.8873084374936298e-05, 2.562489862611983e-05, 2.178461363655515e-05, 1.8383623682893813e-05, 1.5005288332758937e-05, 1.5884099411778152e-05, 1.7713022316456772e-05, 1.6532609151909128e-05, 1.5319079466280527e-05, 2.045087057922501e-05, 1.6249405234702863e-05, 1.7352374925394543e-05, 1.5554658602923155e-05, 1.3282337931741495e-05, 1.4581191862816922e-05, 1.228425662702648e-05, 1.2544333912956063e-05, 1.0876332453335635e-05, 1.1940349395445082e-05, 1.0144096449948847e-05, 9.605157174519263e-06, 1.056358541973168e-05, 1.0407735317130573e-05, 1.1098404684162233e-05, 1.2545418940135278e-05, 8.904191417968832e-06, 7.5872408160648774e-06, 9.189883712679148e-06, 8.861514288582839e-06, 9.95629216049565e-06, 1.0688977454265114e-05, 1.1050457942474168e-05, 1.1377493137842976e-05, 8.941862688516267e-06, 8.074453035078477e-06, 8.263466952485032e-06, 1.2237804185133427e-05, 1.4788889529881999e-05, 1.518605222372571e-05, 1.4466209904639982e-05, 1.8266277038492262e-05, 2.4563443730585277e-05, 3.820608617388643e-05, 3.9002432458801195e-05, 2.447964834573213e-05, 3.0774532206123695e-05, 3.319779352750629e-05, 2.8118793125031516e-05, 2.5024975911946967e-05, 2.5669989554444328e-05, 2.6078938390128314e-05, 2.6181183784501627e-05, 2.3199447241495363e-05, 2.1994193957652897e-05, 1.640985647100024e-05, 1.628574864298571e-05, 1.4628083590650931e-05, 1.3029665751673747e-05, 6.872212907182984e-06, 6.495124580396805e-06, 6.721307727275416e-06, 1.171973690361483e-05, 1.0631860277499072e-05, 8.004275514394976e-06, 8.094590157270432e-06, 6.729458164045354e-06, 6.967500212340383e-06, 5.3135695452510845e-06, 3.764102530112723e-06, 3.5637976907310076e-06, 2.905444716816419e-06, 1.1582538945731358e-06, 2.549924147388083e-07, 6.313580325212342e-09, 1.0845656595037667e-09, 6.089402315723191e-10, 2.0304920939073767e-11, 1.8641158061605267e-11, 1.823821822732885e-11, 1.7820864575690543e-11, 1.7244069019928254e-11, 1.6735382177279767e-11, 1.6529297028333723e-11, 1.6432979976777062e-11], "lowlevel.mfcc.mean": [-685.69287109375, 63.50114440917969, 57.673587799072266, 28.033979415893555, 18.402915954589844, 19.60664176940918, 11.118690490722656, 14.996891975402832, 4.695911884307861, 9.959110260009766, 3.103576421737671, 5.285306930541992, 4.047367572784424], "lowlevel.spectral_contrast_coeffs.mean": [-0.6842309832572937, -0.8054165244102478, -0.8335279226303101, -0.8332893252372742, -0.8221946358680725, -0.783348798751831], "lowlevel.spectral_contrast_coeffs.stdev": [0.09374863654375076, 0.0854070633649826, 0.055337730795145035, 0.05195819213986397, 0.04214651137590408, 0.03505905345082283], "lowlevel.spectral_contrast_valleys.mean": [-7.122323036193848, -7.572150707244873, -8.181270599365234, -8.494606018066406, -7.975236892700195, -9.451386451721191], "lowlevel.spectral_contrast_valleys.stdev": [1.481711506843567, 1.3511226177215576, 1.5229547023773193, 1.3396373987197876, 1.124337911605835, 1.0588951110839844], "rhythm.beats_loudness_band_ratio.mean": [0.8988428711891174, 0.031413041055202484, 0.01112312637269497, 0.0162440687417984, 0.009046429768204689, 0.05128052085638046], "rhythm.beats_loudness_band_ratio.stdev": [0.1211705207824707, 0.032832201570272446, 0.02147543616592884, 0.030900362879037857, 0.013408837839961052, 0.08202201873064041], "tonal.hpcp.mean": [0.15291756391525269, 0.13799948990345, 0.172024667263031, 0.1828427016735077, 0.11916378885507584, 0.06940427422523499, 0.06384360790252686, 0.07615874707698822, 0.1130913719534874, 0.11823739856481552, 0.07230435311794281, 0.050483282655477524, 0.0452231839299202, 0.043933622539043427, 0.04820307716727257, 0.052805669605731964, 0.05339458957314491, 0.06173258647322655, 0.06471838057041168, 0.0727480947971344, 0.09713119268417358, 0.10879897326231003, 0.1230022981762886, 0.1394658386707306, 0.14818604290485382, 0.13545778393745422, 0.13936924934387207, 0.16376283764839172, 0.16420739889144897, 0.1518820971250534, 0.11953537911176682, 0.09187622368335724, 0.08898382633924484, 0.10108539462089539, 0.131646990776062, 0.1582718789577484], "tonal.hpcp.stdev": [0.2924211621284485, 0.272873193025589, 0.29596614837646484, 0.31019893288612366, 0.23771396279335022, 0.1786496788263321, 0.1713491827249527, 0.1939956098794937, 0.2443794459104538, 0.26341748237609863, 0.1716553121805191, 0.13411617279052734, 0.11481954157352448, 0.11396795511245728, 0.1252354085445404, 0.13734687864780426, 0.14270026981830597, 0.16317102313041687, 0.17184779047966003, 0.18109042942523956, 0.2234818935394287, 0.23638233542442322, 0.2504012882709503, 0.27003663778305054, 0.2778502404689789, 0.2648107409477234, 0.25277283787727356, 0.2925780415534973, 0.2870785593986511, 0.2761482894420624, 0.24326643347740173, 0.2156926393508911, 0.2175966501235962, 0.2260466367006302, 0.2642410695552826, 0.29145389795303345], "rhythm.beats_position": [0.4760090708732605, 0.952018141746521, 1.4280271530151367, 1.904036283493042, 2.3684353828430176, 2.832834482192993, 3.2972335815429688, 3.773242473602295, 4.23764181137085, 4.702040672302246, 5.178049564361572, 5.642448902130127, 6.106847763061523, 6.582857131958008, 7.058866024017334, 7.523265361785889, 7.987664222717285, 8.45206356048584, 8.928071975708008, 9.404081344604492, 9.868480682373047, 10.332880020141602, 10.79727840423584, 11.261677742004395, 11.72607707977295, 12.202085494995117, 12.678094863891602, 13.142494201660156, 13.606893539428711, 14.07129192352295, 14.535691261291504, 15.000090599060059, 15.476099014282227, 15.952108383178711, 16.416507720947266, 16.88090705871582, 17.345306396484375, 17.80970573425293, 18.28571319580078, 18.761722564697266, 19.22612190246582, 19.690521240234375, 20.15492057800293, 20.619319915771484, 21.09532928466797, 21.57133674621582, 22.035736083984375, 22.50013542175293, 22.964534759521484, 23.42893409729004, 23.916553497314453, 24.380952835083008, 24.84535026550293, 25.309749603271484, 25.77414894104004, 26.238548278808594, 26.714557647705078, 27.190567016601562, 27.654966354370117, 28.11936378479004, 28.583763122558594, 29.04816246032715, 29.512561798095703, 29.988571166992188, 30.464580535888672, 30.928979873657227, 31.39337730407715, 31.857776641845703, 32.32217788696289, 32.79818344116211, 33.274192810058594, 33.73859405517578, 34.2029914855957, 34.66739273071289, 35.13179016113281, 35.6077995300293, 36.08380889892578, 36.5482063293457, 37.01260757446289, 37.47700500488281, 37.94140625, 38.417415618896484, 38.89342498779297, 39.35782241821289, 39.82221984863281], "rhythm.bpm_histogram": [0.0, 0.0, 0.0, 0.0, 0.0, 0.0, 0.0, 0.0, 0.0, 0.0, 0.0, 0.0, 0.0, 0.0, 0.0, 0.0, 0.0, 0.0, 0.0, 0.0, 0.0, 0.0, 0.0, 0.0, 0.0, 0.0, 0.0, 0.0, 0.0, 0.0, 0.0, 0.0, 0.0, 0.0, 0.0, 0.0, 0.0, 0.0, 0.0, 0.0, 0.0, 0.0, 0.0, 0.0, 0.0, 0.0, 0.0, 0.0, 0.0, 0.0, 0.0, 0.0, 0.0, 0.0, 0.0, 0.0, 0.0, 0.0, 0.0, 0.0, 0.0, 0.0, 0.0, 0.0, 0.0, 0.0, 0.0, 0.0, 0.0, 0.0, 0.0, 0.0, 0.0, 0.0, 0.0, 0.0, 0.0, 0.0, 0.0, 0.0, 0.0, 0.0, 0.0, 0.0, 0.0, 0.0, 0.0, 0.0, 0.0, 0.0, 0.0, 0.0, 0.0, 0.0, 0.0, 0.0, 0.0, 0.0, 0.0, 0.0, 0.0, 0.0, 0.0, 0.0, 0.0, 0.0, 0.0, 0.0, 0.0, 0.0, 0.0, 0.0, 0.0, 0.0, 0.0, 0.0, 0.0, 0.0, 0.0, 0.0, 0.0, 0.0, 0.0, 0.011904762126505375, 0.0, 0.0, 0.3214285671710968, 0.0, 0.0, 0.6666666865348816, 0.0, 0.0, 0.0, 0.0, 0.0, 0.0, 0.0, 0.0, 0.0, 0.0, 0.0, 0.0, 0.0, 0.0, 0.0, 0.0, 0.0, 0.0, 0.0, 0.0, 0.0, 0.0, 0.0, 0.0, 0.0, 0.0, 0.0, 0.0, 0.0, 0.0, 0.0, 0.0, 0.0, 0.0, 0.0, 0.0, 0.0, 0.0, 0.0, 0.0, 0.0, 0.0, 0.0, 0.0, 0.0, 0.0, 0.0, 0.0, 0.0, 0.0, 0.0, 0.0, 0.0, 0.0, 0.0, 0.0, 0.0, 0.0, 0.0, 0.0, 0.0, 0.0, 0.0, 0.0, 0.0, 0.0, 0.0, 0.0, 0.0, 0.0, 0.0, 0.0, 0.0, 0.0, 0.0, 0.0, 0.0, 0.0, 0.0, 0.0, 0.0, 0.0, 0.0, 0.0, 0.0, 0.0, 0.0, 0.0, 0.0, 0.0, 0.0, 0.0, 0.0, 0.0, 0.0, 0.0, 0.0, 0.0, 0.0, 0.0, 0.0, 0.0, 0.0, 0.0, 0.0, 0.0, 0.0, 0.0, 0.0, 0.0, 0.0, 0.0, 0.0, 0.0, 0.0, 0.0, 0.0, 0.0, 0.0, 0.0], "tonal.chords_histogram": [14.583333015441895, 6.94444465637207, 1.2731481790542603, 0.0, 0.46296295523643494, 2.8935184478759766, 3.819444417953491, 3.0092592239379883, 1.6203703880310059, 2.0833332538604736, 0.8101851940155029, 0.46296295523643494, 0.0, 4.282407283782959, 0.0, 3.125, 26.851852416992188, 0.9259259104728699, 0.0, 0.0, 1.5046296119689941, 3.7037036418914795, 3.7037036418914795, 17.939815521240234], "tonal.thpcp": [1.0, 0.6517284512519836, 0.3795846104621887, 0.34917229413986206, 0.41652604937553406, 0.618517279624939, 0.6466618180274963, 0.39544567465782166, 0.2761022448539734, 0.247333824634552, 0.24028097093105316, 0.2636314034461975, 0.2888038158416748, 0.29202473163604736, 0.33762675523757935, 0.3539566099643707, 0.39787256717681885, 0.5312281847000122, 0.5950413942337036, 0.6727219223976135, 0.762764036655426, 0.8104564547538757, 0.7408432364463806, 0.7622357606887817, 0.8956487774848938, 0.8980801105499268, 0.8306708335876465, 0.6537607312202454, 0.5024877786636353, 0.48666873574256897, 0.5528544187545776, 0.7200013399124146, 0.8656176924705505, 0.8363339900970459, 0.754744291305542, 0.9408342242240906], "lowlevel.gfcc.cov": [[9699.119140625, 1597.6204833984375, -820.9664306640625, -190.7791290283203, -496.3017272949219, -83.82546997070312, -305.39190673828125, -98.60413360595703, -289.5731201171875, -121.90997314453125, 18.62440299987793, 158.57485961914062, -74.11432647705078], [1597.6204833984375, 3745.848876953125, 645.1058959960938, -173.5939483642578, 412.98736572265625, -83.36837005615234, 144.62716674804688, -145.1894989013672, 63.41962432861328, -166.3420867919922, 159.6487274169922, -63.395912170410156, 50.15721130371094], [-820.9664306640625, 645.1058959960938, 1747.412841796875, 805.8143310546875, 330.9163818359375, 160.3268280029297, 154.9580078125, 53.927406311035156, 179.29978942871094, -0.3736831247806549, 54.17995071411133, -39.243629455566406, 13.529488563537598], [-190.7791290283203, -173.5939483642578, 805.8143310546875, 938.8330688476562, 361.7428283691406, 202.49667358398438, 85.60533142089844, 55.31620407104492, 131.00674438476562, 17.208406448364258, 28.829299926757812, -21.19831085205078, 82.96752166748047], [-496.3017272949219, 412.98736572265625, 330.9163818359375, 361.7428283691406, 562.92041015625, 235.37258911132812, 160.96218872070312, 18.862289428710938, 82.27079010009766, 4.783602237701416, 39.467193603515625, -19.90633201599121, 66.67242431640625], [-83.82546997070312, -83.36837005615234, 160.3268280029297, 202.49667358398438, 235.37258911132812, 416.12835693359375, 275.7847900390625, 122.38496398925781, 50.94005584716797, 18.801513671875, 52.83988571166992, 21.408931732177734, 42.797908782958984], [-305.39190673828125, 144.62716674804688, 154.9580078125, 85.60533142089844, 160.96218872070312, 275.7847900390625, 341.3822021484375, 154.12644958496094, 90.8926010131836, 23.203611373901367, 79.95380401611328, 14.200661659240723, 32.85063171386719], [-98.60413360595703, -145.1894989013672, 53.927406311035156, 55.31620407104492, 18.862289428710938, 122.38496398925781, 154.12644958496094, 212.12124633789062, 127.00454711914062, 74.29122924804688, 59.847068786621094, 26.414180755615234, 23.36147689819336], [-289.5731201171875, 63.41962432861328, 179.29978942871094, 131.00674438476562, 82.27079010009766, 50.94005584716797, 90.8926010131836, 127.00454711914062, 209.02987670898438, 108.66404724121094, 66.18941497802734, -1.9601272344589233, 31.891908645629883], [-121.90997314453125, -166.3420867919922, -0.3736831247806549, 17.208406448364258, 4.783602237701416, 18.801513671875, 23.203611373901367, 74.29122924804688, 108.66404724121094, 150.0095977783203, 57.60091018676758, 20.212270736694336, 0.15590088069438934], [18.62440299987793, 159.6487274169922, 54.17995071411133, 28.829299926757812, 39.467193603515625, 52.83988571166992, 79.95380401611328, 59.847068786621094, 66.18941497802734, 57.60091018676758, 121.09605407714844, 45.58823013305664, 23.33603858947754], [158.57485961914062, -63.395912170410156, -39.243629455566406, -21.19831085205078, -19.90633201599121, 21.408931732177734, 14.200661659240723, 26.414180755615234, -1.9601272344589233, 20.212270736694336, 45.58823013305664, 95.74761962890625, 28.86857032775879], [-74.11432647705078, 50.15721130371094, 13.529488563537598, 82.96752166748047, 66.67242431640625, 42.797908782958984, 32.85063171386719, 23.36147689819336, 31.891908645629883, 0.15590088069438934, 23.33603858947754, 28.86857032775879, 92.98592376708984]], "lowlevel.gfcc.icov": [[0.00022179320512805134, -0.00031384170870296657, 0.00031086275703273714, -0.0005018850788474083, 0.0004899722407571971, -0.0004470399289857596, 0.00042318252963013947, -0.00034232655889354646, 0.00032949724118225276, -0.0002589645446278155, 0.0003488311485853046, -0.0005873393965885043, 0.000521814392413944], [-0.00031384170870296657, 0.0010186773724853992, -0.0007726374315097928, 0.0013510765274986625, -0.001247119391337037, 0.001019520335830748, -0.0007632511551491916, 0.0009946835925802588, -0.0009763825801201165, 0.0014541494892910123, -0.0017586692702025175, 0.001370192039757967, -0.0010996098862960935], [0.00031086275703273714, -0.0007726374315097928, 0.0017532731872051954, -0.00205650320276618, 0.0010145438136532903, -0.0005830816808156669, 0.0001321153249591589, -0.0002544212620705366, -0.00023462616081815213, -0.0002506503078620881, 0.0010274294763803482, -0.0014369316631928086, 0.0020716979634016752], [-0.0005018850788474083, 0.0013510765274986625, -0.00205650320276618, 0.004362993873655796, -0.0024751743767410517, 0.0003674478502944112, 0.00031957440660335124, 0.000792897364590317, -0.0015621548518538475, 0.0017829365096986294, -0.002121405443176627, 0.002537925262004137, -0.003151735058054328], [0.0004899722407571971, -0.001247119391337037, 0.0010145438136532903, -0.0024751743767410517, 0.0049413032829761505, -0.0027512023225426674, 0.0004021339991595596, 0.0007388796657323837, -1.309327308263164e-05, -0.0014265506761148572, 0.0016439580358564854, -0.0010002495255321264, 0.00042454205686226487], [-0.0004470399289857596, 0.001019520335830748, -0.0005830816808156669, 0.0003674478502944112, -0.0027512023225426674, 0.008229082450270653, -0.006162277422845364, -0.00021493415988516062, 0.001738052349537611, -0.0003642710216809064, -0.00031765311723574996, 0.0005067401216365397, -0.0014062047703191638], [0.00042318252963013947, -0.0007632511551491916, 0.0001321153249591589, 0.00031957440660335124, 0.0004021339991595596, -0.006162277422845364, 0.01091497577726841, -0.004795315209776163, -0.0003778627433348447, 0.0021321740932762623, -0.002699007513001561, 0.0006248419522307813, 0.0009505956550128758], [-0.00034232655889354646, 0.0009946835925802588, -0.0002544212620705366, 0.000792897364590317, 0.0007388796657323837, -0.00021493415988516062, -0.004795315209776163, 0.013149464502930641, -0.0072921691462397575, 0.0006341987755149603, -0.0005490106414072216, -0.0012947770301252604, -0.0004804805212188512], [0.00032949724118225276, -0.0009763825801201165, -0.00023462616081815213, -0.0015621548518538475, -1.309327308263164e-05, 0.001738052349537611, -0.0003778627433348447, -0.0072921691462397575, 0.016436856240034103, -0.009407400153577328, -0.0004040366620756686, 0.00352890370413661, -0.0032236003316938877], [-0.0002589645446278155, 0.0014541494892910123, -0.0002506503078620881, 0.0017829365096986294, -0.0014265506761148572, -0.0003642710216809064, 0.0021321740932762623, 0.0006341987755149603, -0.009407400153577328, 0.016643906012177467, -0.006393635179847479, -0.0004955085460096598, 0.0026897697243839502], [0.0003488311485853046, -0.0017586692702025175, 0.0010274294763803482, -0.002121405443176627, 0.0016439580358564854, -0.00031765311723574996, -0.002699007513001561, -0.0005490106414072216, -0.0004040366620756686, -0.006393635179847479, 0.01851411908864975, -0.008668643422424793, 0.0012231519212946296], [-0.0005873393965885043, 0.001370192039757967, -0.0014369316631928086, 0.002537925262004137, -0.0010002495255321264, 0.0005067401216365397, 0.0006248419522307813, -0.0012947770301252604, 0.00352890370413661, -0.0004955085460096598, -0.008668643422424793, 0.01882133260369301, -0.007551422342658043], [0.000521814392413944, -0.0010996098862960935, 0.0020716979634016752, -0.003151735058054328, 0.00042454205686226487, -0.0014062047703191638, 0.0009505956550128758, -0.0004804805212188512, -0.0032236003316938877, 0.0026897697243839502, 0.0012231519212946296, -0.007551422342658043, 0.01754036545753479]], "lowlevel.mfcc.cov": [[10564.2783203125, 1090.689697265625, -807.1328125, -456.2430725097656, -424.7469482421875, -315.9724426269531, -186.82278442382812, -115.72799682617188, -354.3678283691406, -351.4114074707031, -163.97720336914062, -103.51924133300781, -65.53983306884766], [1090.689697265625, 3375.406982421875, 186.75656127929688, -12.693940162658691, 140.59725952148438, 33.256221771240234, 93.2767105102539, 29.626220703125, -55.68416976928711, -150.52125549316406, -3.73414945602417, 63.44852066040039, 60.76089859008789], [-807.1328125, 186.75656127929688, 1441.937255859375, 643.325439453125, 302.3028869628906, 192.8010711669922, 94.5635986328125, 140.97125244140625, 89.614013671875, 119.79891204833984, 65.7357177734375, 63.603023529052734, 63.1096076965332], [-456.2430725097656, -12.693940162658691, 643.325439453125, 703.3353881835938, 406.33544921875, 188.85862731933594, 34.447723388671875, 35.79795455932617, 82.5008316040039, 62.97346115112305, 19.316598892211914, 23.004291534423828, 39.69152069091797], [-424.7469482421875, 140.59725952148438, 302.3028869628906, 406.33544921875, 464.2130126953125, 244.15318298339844, 93.13912963867188, 52.00199890136719, 93.34735870361328, 53.43687057495117, 15.878565788269043, 16.047136306762695, 28.485660552978516], [-315.9724426269531, 33.256221771240234, 192.8010711669922, 188.85862731933594, 244.15318298339844, 337.3238525390625, 202.55108642578125, 119.52025604248047, 95.25006103515625, 60.04612350463867, 45.79359436035156, 25.48004913330078, -5.5974578857421875], [-186.82278442382812, 93.2767105102539, 94.5635986328125, 34.447723388671875, 93.13912963867188, 202.55108642578125, 295.3304748535156, 191.89698791503906, 82.93115997314453, 56.44928741455078, 63.58407974243164, 41.639976501464844, 0.613078773021698], [-115.72799682617188, 29.626220703125, 140.97125244140625, 35.79795455932617, 52.00199890136719, 119.52025604248047, 191.89698791503906, 225.6805419921875, 104.26710510253906, 64.45360565185547, 52.176841735839844, 43.79012680053711, 17.489171981811523], [-354.3678283691406, -55.68416976928711, 89.614013671875, 82.5008316040039, 93.34735870361328, 95.25006103515625, 82.93115997314453, 104.26710510253906, 183.7365264892578, 110.5847396850586, 63.22713851928711, 31.36749839782715, 33.59077453613281], [-351.4114074707031, -150.52125549316406, 119.79891204833984, 62.97346115112305, 53.43687057495117, 60.04612350463867, 56.44928741455078, 64.45360565185547, 110.5847396850586, 165.0205078125, 95.86083984375, 44.13257598876953, 28.63710594177246], [-163.97720336914062, -3.73414945602417, 65.7357177734375, 19.316598892211914, 15.878565788269043, 45.79359436035156, 63.58407974243164, 52.176841735839844, 63.22713851928711, 95.86083984375, 146.9254608154297, 80.43230438232422, 38.19609451293945], [-103.51924133300781, 63.44852066040039, 63.603023529052734, 23.004291534423828, 16.047136306762695, 25.48004913330078, 41.639976501464844, 43.79012680053711, 31.36749839782715, 44.13257598876953, 80.43230438232422, 115.65251159667969, 66.16097259521484], [-65.53983306884766, 60.76089859008789, 63.1096076965332, 39.69152069091797, 28.485660552978516, -5.5974578857421875, 0.613078773021698, 17.489171981811523, 33.59077453613281, 28.63710594177246, 38.19609451293945, 66.16097259521484, 106.98519897460938]], "lowlevel.mfcc.icov": [[0.00011325525701977313, -4.074795651831664e-05, 7.55627770558931e-05, -6.721229874528944e-05, 9.718465298647061e-05, -3.495916462270543e-05, 0.00011071238259319216, -0.0001829492102842778, 0.00018519509467296302, 8.071893535088748e-05, -6.159408076200634e-05, 0.00011052865738747641, -5.1662249461514875e-05], [-4.074795651831664e-05, 0.0003684564435388893, -0.00016295276873279363, 0.00027845220756717026, -0.0003833176742773503, 0.0002142126322723925, -0.000272043893346563, 0.00018055974214803427, -0.0001660729176364839, 0.0006056042038835585, -0.00017084457795135677, -0.0001837440941017121, -9.142916678683832e-05], [7.55627770558931e-05, -0.00016295276873279363, 0.0014738013269379735, -0.0015959275187924504, 0.0007265819003805518, -0.0003985261428169906, 0.0005014171474613249, -0.0011811550939455628, 0.0009222289081662893, -0.0008874156628735363, 6.449094507843256e-05, 0.00015043895109556615, -0.00033062929287552834], [-6.721229874528944e-05, 0.00027845220756717026, -0.0015959275187924504, 0.004783410578966141, -0.0035754197742789984, 0.0003697141946759075, 0.00040223784162662923, 0.0006494178087450564, -0.0006546589429490268, 0.0006458829157054424, -0.00011221076420042664, -0.00030667168903164566, 9.269220026908442e-05], [9.718465298647061e-05, -0.0003833176742773503, 0.0007265819003805518, -0.0035754197742789984, 0.007056056521832943, -0.0037078948225826025, 0.0003989774268120527, 0.0004086076223757118, -0.0005401529488153756, -0.0006969206733629107, 0.001011590356938541, 0.0006393729709088802, -0.0013671113410964608], [-3.495916462270543e-05, 0.0002142126322723925, -0.0003985261428169906, 0.0003697141946759075, -0.0037078948225826025, 0.008755924180150032, -0.005312358029186726, 0.001526670646853745, -0.001618057955056429, 0.000578855280764401, -0.00018114632985088974, -0.0010117788333445787, 0.0022245433647185564], [0.00011071238259319216, -0.000272043893346563, 0.0005014171474613249, 0.00040223784162662923, 0.0003989774268120527, -0.005312358029186726, 0.01221434585750103, -0.008591203950345516, 0.0021630586124956608, 1.0682462743716314e-05, -0.0020895618945360184, 0.0004216498346067965, 0.0005308350082486868], [-0.0001829492102842778, 0.00018055974214803427, -0.0011811550939455628, 0.0006494178087450564, 0.0004086076223757118, 0.001526670646853745, -0.008591203950345516, 0.013804733753204346, -0.005558317992836237, 0.0004613191413227469, 0.0018920761067420244, -0.002558664185926318, 0.0005333009175956249], [0.00018519509467296302, -0.0001660729176364839, 0.0009222289081662893, -0.0006546589429490268, -0.0005401529488153756, -0.001618057955056429, 0.0021630586124956608, -0.005558317992836237, 0.013193673454225063, -0.0067346952855587006, -0.0004974488983862102, 0.002659101504832506, -0.002944580279290676], [8.071893535088748e-05, 0.0006056042038835585, -0.0008874156628735363, 0.0006458829157054424, -0.0006969206733629107, 0.000578855280764401, 1.0682462743716314e-05, 0.0004613191413227469, -0.0067346952855587006, 0.015798406675457954, -0.007906567305326462, 0.0010946636321023107, 0.00016131486336234957], [-6.159408076200634e-05, -0.00017084457795135677, 6.449094507843256e-05, -0.00011221076420042664, 0.001011590356938541, -0.00018114632985088974, -0.0020895618945360184, 0.0018920761067420244, -0.0004974488983862102, -0.007906567305326462, 0.017208563163876534, -0.009821238927543163, 0.0016890355618670583], [0.00011052865738747641, -0.0001837440941017121, 0.00015043895109556615, -0.00030667168903164566, 0.0006393729709088802, -0.0010117788333445787, 0.0004216498346067965, -0.002558664185926318, 0.002659101504832506, 0.0010946636321023107, -0.009821238927543163, 0.02148401364684105, -0.010517706163227558], [-5.1662249461514875e-05, -9.142916678683832e-05, -0.00033062929287552834, 9.269220026908442e-05, -0.0013671113410964608, 0.0022245433647185564, 0.0005308350082486868, 0.0005333009175956249, -0.002944580279290676, 0.00016131486336234957, 0.0016890355618670583, -0.010517706163227558, 0.016700785607099533]], "metadata.audio_properties.analysis.downmix": "mix", "metadata.audio_properties.codec": "mp3", "metadata.audio_prope