{"song_id": "1183681689365516298", "download": "https://cdn.discordapp.com/attachments/1135903449314238464/1183681689365516298/chirp.mp4?ex=6589387a&amp", "lyrics": "istedi\u011fin neyse s\u00f6yle bana\noynayal\u0131m i\u015fte hafta sonunda\nhafta sonunda R\u0131fk\u0131 oyunda\nnefes al\u0131yorsak her \u015fey yolunda\n\nher hafta videolar kendi g\u00fcn\u00fcnde\ncumartesi bekleriz saat onbirde\n\narad\u0131\u011f\u0131n oyunsa ders aras\u0131nda \nseni bekliyoruz R\u0131fk\u0131 oyunda\narad\u0131\u011f\u0131n oyunsa hafta sonunda \nseni bekliyoruz R\u0131fk\u0131 oyunda\nR\u0131fk\u0131 oyunda \nhafta sonunda \nR\u0131fk\u0131 oyunda \nher \u015fey yolunda", "style": ["rnb"], "essentia_features": {"lowlevel.average_loudness": 0.8436352610588074, "lowlevel.barkbands_crest.mean": 17.714052200317383, "lowlevel.barkbands_crest.stdev": 6.837425708770752, "lowlevel.barkbands_flatness_db.mean": 0.3272767663002014, "lowlevel.barkbands_flatness_db.stdev": 0.1263742297887802, "lowlevel.barkbands_kurtosis.mean": 155.10926818847656, "lowlevel.barkbands_kurtosis.stdev": 435.0191650390625, "lowlevel.barkbands_skewness.mean": 6.32784366607666, "lowlevel.barkbands_skewness.stdev": 7.436098575592041, "lowlevel.barkbands_spread.mean": 7.954109191894531, "lowlevel.barkbands_spread.stdev": 12.431587219238281, "lowlevel.dissonance.mean": 0.45461133122444153, "lowlevel.dissonance.stdev": 0.048221904784440994, "lowlevel.dynamic_complexity": 5.886764049530029, "lowlevel.erbbands_crest.mean": 12.665034294128418, "lowlevel.erbbands_crest.stdev": 5.857519626617432, "lowlevel.erbbands_flatness_db.mean": 0.22061125934123993, "lowlevel.erbbands_flatness_db.stdev": 0.06146477162837982, "lowlevel.erbbands_kurtosis.mean": 5.3110222816467285, "lowlevel.erbbands_kurtosis.stdev": 16.048377990722656, "lowlevel.erbbands_skewness.mean": 0.8942776322364807, "lowlevel.erbbands_skewness.stdev": 1.83339262008667, "lowlevel.erbbands_spread.mean": 40.139408111572266, "lowlevel.erbbands_spread.stdev": 38.751930236816406, "lowlevel.hfc.mean": 15.82064151763916, "lowlevel.hfc.stdev": 15.473105430603027, "lowlevel.loudness_ebu128.integrated": -15.36276912689209, "lowlevel.loudness_ebu128.loudness_range": 3.2947044372558594, "lowlevel.loudness_ebu128.momentary.mean": -19.295663833618164, "lowlevel.loudness_ebu128.momentary.stdev": 9.234861373901367, "lowlevel.loudness_ebu128.short_term.mean": -15.867247581481934, "lowlevel.loudness_ebu128.short_term.stdev": 1.75613272190094, "lowlevel.melbands_crest.mean": 25.3107967376709, "lowlevel.melbands_crest.stdev": 10.480612754821777, "lowlevel.melbands_flatness_db.mean": 0.402574360370636, "lowlevel.melbands_flatness_db.stdev": 0.16096006333827972, "lowlevel.melbands_kurtosis.mean": 196.17092895507812, "lowlevel.melbands_kurtosis.stdev": 335.1566162109375, "lowlevel.melbands_skewness.mean": 7.611777305603027, "lowlevel.melbands_skewness.stdev": 7.662334442138672, "lowlevel.melbands_spread.mean": 12.217306137084961, "lowlevel.melbands_spread.stdev": 28.927597045898438, "lowlevel.pitch_salience.mean": 0.33786827325820923, "lowlevel.pitch_salience.stdev": 0.27512672543525696, "lowlevel.silence_rate_20dB.mean": 0.8644304871559143, "lowlevel.silence_rate_20dB.stdev": 0.34232887625694275, "lowlevel.silence_rate_30dB.mean": 0.48846960067749023, "lowlevel.silence_rate_30dB.stdev": 0.49986687302589417, "lowlevel.silence_rate_60dB.mean": 0.1858839988708496, "lowlevel.silence_rate_60dB.stdev": 0.38901013135910034, "lowlevel.spectral_centroid.mean": 1016.7796020507812, "lowlevel.spectral_centroid.stdev": 1038.969970703125, "lowlevel.spectral_complexity.mean": 6.55555534362793, "lowlevel.spectral_complexity.stdev": 6.4483842849731445, "lowlevel.spectral_decrease.mean": -3.887248567480128e-08, "lowlevel.spectral_decrease.stdev": 4.1492487667937894e-08, "lowlevel.spectral_energy.mean": 0.14814865589141846, "lowlevel.spectral_energy.stdev": 0.15754616260528564, "lowlevel.spectral_energyband_high.mean": 0.0002769007987808436, "lowlevel.spectral_energyband_high.stdev": 0.0006626352551393211, "lowlevel.spectral_energyband_low.mean": 0.13869744539260864, "lowlevel.spectral_energyband_low.stdev": 0.15636472404003143, "lowlevel.spectral_energyband_middle_high.mean": 0.00245325593277812, "lowlevel.spectral_energyband_middle_high.stdev": 0.005115067586302757, "lowlevel.spectral_energyband_middle_low.mean": 0.007931927219033241, "lowlevel.spectral_energyband_middle_low.stdev": 0.021944580599665642, "lowlevel.spectral_entropy.mean": 7.0809855461120605, "lowlevel.spectral_entropy.stdev": 0.7637288570404053, "lowlevel.spectral_flux.mean": 0.12207794934511185, "lowlevel.spectral_flux.stdev": 0.13711440563201904, "lowlevel.spectral_kurtosis.mean": 7.067172527313232, "lowlevel.spectral_kurtosis.stdev": 7.317578315734863, "lowlevel.spectral_rms.mean": 0.009603832848370075, "lowlevel.spectral_rms.stdev": 0.0072319963946938515, "lowlevel.spectral_rolloff.mean": 903.7505493164062, "lowlevel.spectral_rolloff.stdev": 2029.87353515625, "lowlevel.spectral_skewness.mean": 1.834535837173462, "lowlevel.spectral_skewness.stdev": 0.9101099371910095, "lowlevel.spectral_spread.mean": 4417338.0, "lowlevel.spectral_spread.stdev": 2764685.25, "lowlevel.spectral_strongpeak.mean": 0.8667165637016296, "lowlevel.spectral_strongpeak.stdev": 0.6856628656387329, "lowlevel.zerocrossingrate.mean": 0.03609732538461685, "lowlevel.zerocrossingrate.stdev": 0.07016252726316452, "metadata.audio_properties.analysis.equal_loudness": 0.0, "metadata.audio_properties.analysis.length": 33.193607330322266, "metadata.audio_properties.analysis.sample_rate": 44100.0, "metadata.audio_properties.analysis.start_time": 0.0, "metadata.audio_properties.bit_rate": 113623.0, "metadata.audio_properties.length": 33.19466781616211, "metadata.audio_properties.lossless": 0.0, "metadata.audio_properties.number_channels": 1.0, "metadata.audio_properties.replay_gain": -7.446439743041992, "metadata.audio_properties.sample_rate": 48000.0, "rhythm.beats_count": 54.0, "rhythm.beats_loudness.mean": 0.2233370989561081, "rhythm.beats_loudness.stdev": 0.16974997520446777, "rhythm.bpm": 98.55793762207031, "rhythm.bpm_histogram_first_peak_bpm": 99.0, "rhythm.bpm_histogram_first_peak_weight": 0.28301888704299927, "rhythm.bpm_histogram_second_peak_bpm": 0.0, "rhythm.bpm_histogram_second_peak_spread": 0.0, "rhythm.bpm_histogram_second_peak_weight": 0.0, "rhythm.danceability": 1.142898440361023, "rhythm.onset_rate": 4.515876293182373, "tonal.chords_changes_rate": 0.08519553393125534, "tonal.chords_number_rate": 0.016759777441620827, "tonal.chords_strength.mean": 0.47056397795677185, "tonal.chords_strength.stdev": 0.0810987800359726, "tonal.hpcp_crest.mean": 11.917031288146973, "tonal.hpcp_crest.stdev": 5.5851945877075195, "tonal.hpcp_entropy.mean": 2.2657766342163086, "tonal.hpcp_entropy.stdev": 0.8653420805931091, "tonal.key_edma.strength": 0.451812744140625, "tonal.key_krumhansl.strength": 0.467510461807251, "tonal.key_temperley.strength": 0.4695769250392914, "tonal.tuning_diatonic_strength": 0.5743752121925354, "tonal.tuning_equal_tempered_deviation": 0.27862903475761414, "tonal.tuning_frequency": 434.193115234375, "tonal.tuning_nontempered_energy_ratio": 0.9138883948326111, "lowlevel.barkbands.mean": [0.011025428771972656, 0.11962509900331497, 0.006923132576048374, 0.0022006446961313486, 0.0023915793281048536, 0.0006715098861604929, 0.0011522474233061075, 0.0006935031851753592, 0.0006448558997362852, 0.0006092963158152997, 0.000615779310464859, 0.000374434283003211, 0.0003234103205613792, 0.0001730478834360838, 7.935268513392657e-05, 9.928754298016429e-05, 7.527256821049377e-05, 8.347364200744778e-05, 8.183166937669739e-05, 5.831114322063513e-05, 3.298710362287238e-05, 4.7337245632661507e-05, 2.1943482352071442e-05, 6.367190508171916e-05, 6.82916579535231e-05, 1.2867349141743034e-05, 6.534455110340787e-08], "lowlevel.barkbands.stdev": [0.014086451381444931, 0.14349280297756195, 0.030667755752801895, 0.011347073130309582, 0.008707611821591854, 0.002283832523971796, 0.0032700251322239637, 0.0022363970056176186, 0.0023314845748245716, 0.0019121508812531829, 0.0017382199876010418, 0.0012485962361097336, 0.0010809953091666102, 0.0004771127423737198, 0.00030605978099629283, 0.00040934004937298596, 0.00026601782883517444, 0.00025795912370085716, 0.00021318696963135153, 0.00016080164641607553, 8.78617720445618e-05, 0.00014420488150790334, 7.507445116061717e-05, 0.00021725607803091407, 0.00024934543762356043, 4.8508802137803286e-05, 7.897672844592307e-07], "lowlevel.erbbands.mean": [5.646625995635986, 17.815189361572266, 11.16312313079834, 8.018316268920898, 8.234984397888184, 7.525808811187744, 4.317105293273926, 6.46184778213501, 15.226980209350586, 16.860258102416992, 14.672225952148438, 14.321686744689941, 18.245553970336914, 20.89484977722168, 24.331708908081055, 14.517977714538574, 13.82279109954834, 11.117591857910156, 5.7652201652526855, 4.451228141784668, 5.4913506507873535, 4.310805320739746, 4.041553974151611, 6.364011287689209, 2.363953113555908, 2.8391711711883545, 1.581276535987854, 1.456650972366333, 1.8780332803726196, 0.9572736620903015, 0.6131116151809692, 0.6975084543228149, 1.4514931440353394, 0.9603289365768433, 0.3815549910068512, 0.0959356427192688, 0.016413096338510513, 0.0010529529536142945, 9.411860082764179e-05, 0.00016310343926306814], "lowlevel.erbbands.stdev": [6.332457065582275, 27.714048385620117, 34.71113967895508, 35.497596740722656, 33.465396881103516, 28.793973922729492, 28.38363265991211, 20.006675720214844, 44.22941970825195, 60.26447677612305, 47.3326530456543, 54.1583251953125, 54.662845611572266, 61.675777435302734, 65.66411590576172, 46.49909591674805, 44.287837982177734, 32.300262451171875, 17.81313133239746, 18.36376953125, 19.768510818481445, 14.35665225982666, 13.059735298156738, 16.77991485595703, 6.066296100616455, 8.102385520935059, 3.8336942195892334, 3.938849925994873, 5.668187618255615, 3.321605920791626, 2.0898830890655518, 2.4259791374206543, 5.167849540710449, 3.455731153488159, 1.4129762649536133, 0.35444769263267517, 0.06657827645540237, 0.005583126563578844, 0.0001408187235938385, 0.00017004492110572755], "lowlevel.gfcc.mean": [-129.37161254882812, 111.92339324951172, -100.9726791381836, 37.40965270996094, -41.000858306884766, 19.82736587524414, -13.11899185180664, 16.694089889526367, -18.847063064575195, 2.1574745178222656, 1.7633070945739746, -7.880293846130371, 6.864515781402588], "lowlevel.melbands.mean": [0.04032428562641144, 0.010862850584089756, 0.0013782185269519687, 0.0005846809362992644, 0.00017799211491364986, 0.00015082964091561735, 0.0002322094514966011, 0.00017539884720463306, 0.00011500252730911598, 9.087404032470658e-05, 9.15749478735961e-05, 8.368241105927154e-05, 8.574848470743746e-05, 4.8385438276454806e-05, 3.1652201869292185e-05, 3.132573328912258e-05, 1.881064054032322e-05, 9.910545486491174e-06, 5.653668267768808e-06, 6.532437964779092e-06, 6.252066668821499e-06, 4.507497578742914e-06, 3.698532736962079e-06, 3.7863758279854665e-06, 5.641426923830295e-06, 1.8233797618449898e-06, 1.7005557992888498e-06, 1.9056371911574388e-06, 1.0917646022789995e-06, 7.042564220682834e-07, 9.035453558681183e-07, 1.1740331729015452e-06, 7.327867024287116e-07, 4.535507684977347e-07, 3.566090640561015e-07, 2.9549079272328527e-07, 4.6070402959230705e-07, 1.0295735819454421e-06, 9.37359061481402e-07, 7.97914367467456e-07], "lowlevel.melbands.stdev": [0.04610564187169075, 0.020288746803998947, 0.005863651167601347, 0.0020621237345039845, 0.0011179654393345118, 0.0004647969326470047, 0.0006456251139752567, 0.00062142702518031, 0.00039140437729656696, 0.00034528973628766835, 0.00027716439217329025, 0.00025706589804030955, 0.0002373022143729031, 0.00015659672499168664, 0.00012766182771883905, 0.00010277277760906145, 5.440720997285098e-05, 3.1934756407281384e-05, 2.3176959075499326e-05, 3.1421346648130566e-05, 2.26296870096121e-05, 1.5947023712215014e-05, 1.4621325135522056e-05, 1.1301465747237671e-05, 1.5192189493973274e-05, 5.05513798998436e-06, 5.363283889892045e-06, 5.295976279739989e-06, 2.6912744033324998e-06, 1.8004199091592454e-06, 2.619905217216001e-06, 3.5388839023653418e-06, 2.5109150101343403e-06, 1.6628528101136908e-06, 1.2769295381076518e-06, 1.0229849749521236e-06, 1.6554412241021055e-06, 3.825070507446071e-06, 3.2864556942513445e-06, 3.0005535336385947e-06], "lowlevel.melbands128.mean": [0.01082665752619505, 0.05262833088636398, 0.05015803873538971, 0.022600073367357254, 0.0070155044086277485, 0.003047059988602996, 0.0016206735745072365, 0.000971884757746011, 0.0008199324947781861, 0.0006598256877623498, 0.0003804949810728431, 0.00022575794719159603, 0.00013647069863509387, 9.134673018706962e-05, 0.0001127782161347568, 0.000191771614481695, 0.0002710794797167182, 0.00022933611762709916, 0.00019981306104455143, 0.00020772533025592566, 0.00014792919682804495, 0.00012086107017239556, 0.00012335616338532418, 9.211668657371774e-05, 8.497395901940763e-05, 9.2737638624385e-05, 9.591104026185349e-05, 8.848463767208159e-05, 9.303131082560867e-05, 8.441940735792741e-05, 7.384797936538234e-05, 9.379805123899132e-05, 9.328221494797617e-05, 7.972667663125321e-05, 5.6568369473097846e-05, 4.026237002108246e-05, 3.042731805180665e-05, 3.529317837092094e-05, 2.8152579034212977e-05, 2.7860107365995646e-05, 3.6780980735784397e-05, 2.9670016374439e-05, 1.7738775568432175e-05, 1.461300598748494e-05, 1.2494086149672512e-05, 9.284152838517912e-06, 6.4885816755122505e-06, 5.249455170996953e-06, 5.357116606319323e-06, 6.000439043418737e-06, 6.3473062255070545e-06, 7.513675427617272e-06, 7.317835752473911e-06, 5.050786057836376e-06, 5.285044608172029e-06, 4.363694642961491e-06, 4.157596777076833e-06, 3.719815595104592e-06, 3.6153476230538217e-06, 3.437732630118262e-06, 2.9795573937008157e-06, 4.16185321228113e-06, 7.354414719884517e-06, 6.382746050803689e-06, 2.7636467621050542e-06, 1.5049579360493226e-06, 1.2632287962333066e-06, 1.161159048024274e-06, 1.7650231711741071e-06, 2.60873957813601e-06, 1.863123770817765e-06, 1.6444000721094199e-06, 1.4813894040344167e-06, 9.459716920900973e-07, 7.141125024645589e-07, 7.22695006061258e-07, 6.789091457903851e-07, 6.883968239890237e-07, 9.656843076299992e-07, 1.0366204605816165e-06, 1.2351366649454576e-06, 1.3177049140722374e-06, 8.959073625192104e-07, 6.693531418022758e-07, 5.978498052172654e-07, 4.6537456910300534e-07, 4.015462877760001e-07, 4.1567017206034507e-07, 3.387278297850571e-07, 3.437949942508567e-07, 3.0017616836630623e-07, 2.6924499252345413e-07, 3.02272894714406e-07, 4.1916845816558634e-07, 5.394401796365855e-07, 8.170046044142509e-07, 1.2171898333690478e-06, 1.2660951824727817e-06, 8.985674639916397e-07, 8.01377041170781e-07, 8.043151638048585e-07, 7.978572398315009e-07, 8.202535468626593e-07, 6.039959430381714e-07, 3.791963933963416e-07, 2.771852791738638e-07, 2.2700318424995203e-07, 2.1940081751381513e-07, 1.588687581488557e-07, 1.1125923293775486e-07, 6.702088484189517e-08, 6.53561258445734e-08, 4.780194373665836e-08, 2.8508138072425027e-08, 1.3717983193828331e-08, 7.445828398289223e-09, 2.3916097990905882e-09, 1.9597486133893227e-10, 2.6746724626769414e-11, 2.0673867132114943e-11, 1.836455813808424e-11, 1.509668258459218e-11, 1.417311927542908e-11, 1.3945724783304136e-11, 1.3664608507213405e-11, 1.3331231951685396e-11, 1.313872101393887e-11, 1.3056488182283665e-11], "lowlevel.melbands128.stdev": [0.013824192807078362, 0.0601760633289814, 0.06685026735067368, 0.041216664016246796, 0.021216783672571182, 0.013925116509199142, 0.007826986722648144, 0.005147838033735752, 0.0034089807886630297, 0.002199284266680479, 0.0016235139919444919, 0.0017648189095780253, 0.001087183365598321, 0.00041972886538133025, 0.0004022080102004111, 0.0007890235283412039, 0.000981018878519535, 0.0007731246878392994, 0.0007803869084455073, 0.0009565423242747784, 0.0005868374719284475, 0.0004448404361028224, 0.000518964952789247, 0.000411274959333241, 0.00043082513730041683, 0.0004141705867368728, 0.00038411925197578967, 0.00034979754127562046, 0.0003292475885245949, 0.00032582407584413886, 0.000284889800241217, 0.000336686905939132, 0.00030667323153465986, 0.00025402155006304383, 0.00021701259538531303, 0.00015890704526100308, 0.00012012557999696583, 0.00018570190877653658, 0.00013797073916066438, 0.00010240928531857207, 0.00013936204777564853, 0.00012707804853562266, 5.860625969944522e-05, 4.590513708535582e-05, 4.257230102666654e-05, 4.00245662603993e-05, 2.7161802790942602e-05, 2.520711495890282e-05, 2.455044159432873e-05, 3.256222407799214e-05, 4.6101969928713515e-05, 3.3795044146245345e-05, 4.205340155749582e-05, 1.7769363694242202e-05, 2.401687561359722e-05, 1.63707463798346e-05, 1.6675956430844963e-05, 1.671866084507201e-05, 1.8448903574608266e-05, 1.4422258573176805e-05, 1.0573938197921962e-05, 1.3930952263763174e-05, 2.1458548872033134e-05, 2.1845804440090433e-05, 8.34639558888739e-06, 4.483528300625039e-06, 4.500574959820369e-06, 3.3734324915712932e-06, 6.369814400386531e-06, 1.0262519026582595e-05, 5.74465866520768e-06, 4.201583124086028e-06, 3.860117885778891e-06, 2.731611402850831e-06, 2.1176790596655337e-06, 2.026471520366613e-06, 1.8098413647749112e-06, 1.9850731405313127e-06, 3.349570079080877e-06, 3.1603412935510278e-06, 3.998955435235985e-06, 4.3313971218594816e-06, 3.266419071223936e-06, 2.4887508516258094e-06, 2.3301734017877607e-06, 1.8241382804262685e-06, 1.5994493196558324e-06, 1.6886813227756647e-06, 1.2626294392248383e-06, 1.427563347533578e-06, 1.079064986697631e-06, 9.590946774551412e-07, 1.5706093563494505e-06, 1.6100060520329862e-06, 1.959500195880537e-06, 3.3846265523607144e-06, 5.1216184147051536e-06, 4.94513278681552e-06, 3.3124874789791647e-06, 3.022326609425363e-06, 3.23634185406263e-06, 3.072348818022874e-06, 3.4281824810022954e-06, 2.4085491077130428e-06, 1.5445582448592177e-06, 1.1117421081507928e-06, 8.64006437950593e-07, 8.75638363595499e-07, 6.415400548576145e-07, 4.556491433049814e-07, 2.920812391948857e-07, 3.0899269631845527e-07, 2.2408772792914533e-07, 1.6525207513495843e-07, 9.530661060352941e-08, 6.056357193529038e-08, 2.7817154801823563e-08, 2.569027213183972e-09, 2.2304635916015059e-10, 1.637066038284729e-10, 1.160700632829581e-10, 3.595294548186523e-11, 2.9355354952409485e-11, 2.8868969714768156e-11, 2.845127432260508e-11, 2.8107721011805253e-11, 2.7864986359982247e-11, 2.7715052475230095e-11], "lowlevel.mfcc.mean": [-772.30810546875, 134.28453063964844, 12.41359806060791, 26.073915481567383, 8.511152267456055, 7.183823585510254, 25.330503463745117, 7.3325676918029785, 12.269122123718262, 0.19481554627418518, 8.904717445373535, 4.2327070236206055, 3.801504373550415], "lowlevel.spectral_contrast_coeffs.mean": [-0.6612921953201294, -0.7867947816848755, -0.8024539947509766, -0.8200094699859619, -0.8159438967704773, -0.7704905867576599], "lowlevel.spectral_contrast_coeffs.stdev": [0.10479031503200531, 0.10800880193710327, 0.0789194330573082, 0.06828141212463379, 0.04702409729361534, 0.054748907685279846], "lowlevel.spectral_contrast_valleys.mean": [-7.92949104309082, -7.88105583190918, -8.15890884399414, -8.833779335021973, -8.778643608093262, -11.79507064819336], "lowlevel.spectral_contrast_valleys.stdev": [1.680355191230774, 1.229758620262146, 1.2212648391723633, 1.1293816566467285, 1.15957772731781, 1.8642120361328125], "rhythm.beats_loudness_band_ratio.mean": [0.7575989365577698, 0.05760422721505165, 0.07316814363002777, 0.0877414345741272, 0.014264612458646297, 0.02347566746175289], "rhythm.beats_loudness_band_ratio.stdev": [0.37268927693367004, 0.11605260521173477, 0.1693434864282608, 0.2091105580329895, 0.03911154717206955, 0.13014006614685059], "tonal.hpcp.mean": [0.10018336772918701, 0.08348347991704941, 0.07581678032875061, 0.07054537534713745, 0.06813278049230576, 0.07548810541629791, 0.103458471596241, 0.11341284960508347, 0.09788304567337036, 0.08931583911180496, 0.08421970158815384, 0.09127919375896454, 0.08659006655216217, 0.07290585339069366, 0.0688130334019661, 0.06095266714692116, 0.06620917469263077, 0.07943296432495117, 0.07315337657928467, 0.0634603351354599, 0.06608997285366058, 0.06305033713579178, 0.058443859219551086, 0.06886071711778641, 0.1331629753112793, 0.30775898694992065, 0.3518061637878418, 0.21047107875347137, 0.13472139835357666, 0.15002524852752686, 0.15902955830097198, 0.1304725706577301, 0.11408411711454391, 0.1113700196146965, 0.10780806839466095, 0.107320137321949], "tonal.hpcp.stdev": [0.22394488751888275, 0.19648535549640656, 0.18436621129512787, 0.17629574239253998, 0.16838955879211426, 0.1807471215724945, 0.23180298507213593, 0.24627907574176788, 0.21420329809188843, 0.20512667298316956, 0.20132477581501007, 0.21326079964637756, 0.20683610439300537, 0.1802750825881958, 0.17882007360458374, 0.1602327823638916, 0.16931860148906708, 0.1974775344133377, 0.18510131537914276, 0.16487838327884674, 0.18182732164859772, 0.17258043587207794, 0.16166971623897552, 0.16897304356098175, 0.2323455959558487, 0.3889401853084564, 0.3942324221134186, 0.3202661871910095, 0.24933287501335144, 0.2786359488964081, 0.29123425483703613, 0.24948598444461823, 0.23192280530929565, 0.23140157759189606, 0.22125433385372162, 0.22857525944709778], "rhythm.beats_position": [0.5804988741874695, 1.1842176914215088, 1.7879364490509033, 2.391655206680298, 2.983764171600342, 3.5758728981018066, 4.156371593475342, 4.748480796813965, 5.34058952331543, 5.944308280944824, 6.548027038574219, 7.163355827331543, 7.778684616088867, 8.382403373718262, 8.997732162475586, 9.61306095123291, 10.216779708862305, 10.8204984664917, 11.424217224121094, 12.039546012878418, 12.654874801635742, 13.258593559265137, 13.88553237915039, 14.489251136779785, 15.09296989440918, 15.719908714294434, 16.323627471923828, 16.91573715209961, 17.531064987182617, 18.134784698486328, 18.726892471313477, 19.342222213745117, 19.945940017700195, 20.561269760131836, 21.176597595214844, 21.780317306518555, 22.395645141601562, 23.010974884033203, 23.61469268798828, 24.218412399291992, 24.82213020324707, 25.43745994567871, 26.05278778076172, 26.65650749206543, 27.26022720336914, 27.87555503845215, 28.49088478088379, 29.094602584838867, 29.721542358398438, 30.348480224609375, 30.975418090820312, 31.602357864379883, 32.22929763793945, 32.85623550415039], "rhythm.bpm_histogram": [0.0, 0.0, 0.0, 0.0, 0.0, 0.0, 0.0, 0.0, 0.0, 0.0, 0.0, 0.0, 0.0, 0.0, 0.0, 0.0, 0.0, 0.0, 0.0, 0.0, 0.0, 0.0, 0.0, 0.0, 0.0, 0.0, 0.0, 0.0, 0.0, 0.0, 0.0, 0.0, 0.0, 0.0, 0.0, 0.0, 0.0, 0.0, 0.0, 0.0, 0.0, 0.0, 0.0, 0.0, 0.0, 0.0, 0.0, 0.0, 0.0, 0.0, 0.0, 0.0, 0.0, 0.0, 0.0, 0.0, 0.0, 0.0, 0.0, 0.0, 0.0, 0.0, 0.0, 0.0, 0.0, 0.0, 0.0, 0.0, 0.0, 0.0, 0.0, 0.0, 0.0, 0.0, 0.0, 0.0, 0.0, 0.0, 0.0, 0.0, 0.0, 0.0, 0.0, 0.0, 0.0, 0.0, 0.0, 0.0, 0.0, 0.0, 0.0, 0.0, 0.0, 0.0, 0.0, 0.0, 0.15094339847564697, 0.0, 0.30188679695129395, 0.4150943458080292, 0.0, 0.11320754885673523, 0.0, 0.01886792480945587, 0.0, 0.0, 0.0, 0.0, 0.0, 0.0, 0.0, 0.0, 0.0, 0.0, 0.0, 0.0, 0.0, 0.0, 0.0, 0.0, 0.0, 0.0, 0.0, 0.0, 0.0, 0.0, 0.0, 0.0, 0.0, 0.0, 0.0, 0.0, 0.0, 0.0, 0.0, 0.0, 0.0, 0.0, 0.0, 0.0, 0.0, 0.0, 0.0, 0.0, 0.0, 0.0, 0.0, 0.0, 0.0, 0.0, 0.0, 0.0, 0.0, 0.0, 0.0, 0.0, 0.0, 0.0, 0.0, 0.0, 0.0, 0.0, 0.0, 0.0, 0.0, 0.0, 0.0, 0.0, 0.0, 0.0, 0.0, 0.0, 0.0, 0.0, 0.0, 0.0, 0.0, 0.0, 0.0, 0.0, 0.0, 0.0, 0.0, 0.0, 0.0, 0.0, 0.0, 0.0, 0.0, 0.0, 0.0, 0.0, 0.0, 0.0, 0.0, 0.0, 0.0, 0.0, 0.0, 0.0, 0.0, 0.0, 0.0, 0.0, 0.0, 0.0, 0.0, 0.0, 0.0, 0.0, 0.0, 0.0, 0.0, 0.0, 0.0, 0.0, 0.0, 0.0, 0.0, 0.0, 0.0, 0.0, 0.0, 0.0, 0.0, 0.0, 0.0, 0.0, 0.0, 0.0, 0.0, 0.0, 0.0, 0.0, 0.0, 0.0, 0.0, 0.0, 0.0, 0.0, 0.0, 0.0, 0.0, 0.0, 0.0, 0.0, 0.0, 0.0, 0.0, 0.0], "tonal.chords_histogram": [4.050279140472412, 0.0, 0.0, 0.0, 0.0, 1.2569832801818848, 0.0, 1.2569832801818848, 5.027933120727539, 14.106144905090332, 45.810054779052734, 5.307262420654297, 5.726256847381592, 0.0, 0.0, 0.4189944267272949, 0.0, 2.6536312103271484, 0.5586591958999634, 3.0726256370544434, 3.4916200637817383, 6.843575477600098, 0.13966479897499084, 0.2793295979499817], "tonal.thpcp": [1.0, 0.5982586741447449, 0.3829421103000641, 0.4264429211616516, 0.4520374536514282, 0.3708649277687073, 0.3242811858654022, 0.31656643748283386, 0.30644166469573975, 0.3050547242164612, 0.28476864099502563, 0.23729965090751648, 0.21550725400447845, 0.20052342116832733, 0.19366568326950073, 0.21457301080226898, 0.2940780520439148, 0.3223731219768524, 0.27823004126548767, 0.25387799739837646, 0.23939234018325806, 0.2594587802886963, 0.2461300492286682, 0.2072330117225647, 0.1955992877483368, 0.17325639724731445, 0.18819788098335266, 0.22578616440296173, 0.2079365998506546, 0.18038438260555267, 0.18785905838012695, 0.17921896278858185, 0.16612517833709717, 0.19573482871055603, 0.37851235270500183, 0.8747970461845398], "lowlevel.gfcc.cov": [[17629.470703125, -1337.1019287109375, 2204.474365234375, 2126.53857421875, -17.21274185180664, 2331.478515625, 595.35009765625, 788.2078857421875, 954.2403564453125, 331.2856140136719, 329.6532897949219, 164.0327911376953, 349.0411682128906], [-1337.1019287109375, 4037.218994140625, -117.89036560058594, -593.2249145507812, 783.609375, -1070.02880859375, 670.6414184570312, -352.4317626953125, 234.4487762451172, -202.92681884765625, 344.3435974121094, -288.5195617675781, 238.84246826171875], [2204.474365234375, -117.89036560058594, 2972.71142578125, 1294.8807373046875, 675.4507446289062, 865.8863525390625, 417.6849670410156, 379.8340759277344, 662.6043090820312, 142.58009338378906, 173.64794921875, 181.69598388671875, 109.23040008544922], [2126.53857421875, -593.2249145507812, 1294.8807373046875, 1378.033203125, 612.5860595703125, 650.0750122070312, 225.18991088867188, 290.416259765625, 437.73858642578125, 48.25973129272461, 135.00718688964844, 108.96002197265625, 137.30709838867188], [-17.21274185180664, 783.609375, 675.4507446289062, 612.5860595703125, 1364.8028564453125, 445.663818359375, 709.22900390625, 175.3547821044922, 378.68212890625, 7.3446221351623535, 246.3817901611328, -8.998038291931152, 189.5807647705078], [2331.478515625, -1070.02880859375, 865.8863525390625, 650.0750122070312, 445.663818359375, 1415.4600830078125, 575.7177124023438, 363.9519348144531, 292.79705810546875, 195.91278076171875, 197.27261352539062, 116.90772247314453, 84.35820770263672], [595.35009765625, 670.6414184570312, 417.6849670410156, 225.18991088867188, 709.22900390625, 575.7177124023438, 982.5382690429688, 224.67816162109375, 322.2072448730469, 89.73217010498047, 318.3228759765625, -3.154735565185547, 177.79261779785156], [788.2078857421875, -352.4317626953125, 379.8340759277344, 290.416259765625, 175.3547821044922, 363.9519348144531, 224.67816162109375, 394.8746643066406, 247.78591918945312, 108.81303405761719, 65.1064682006836, 65.22545623779297, 94.27391052246094], [954.2403564453125, 234.4487762451172, 662.6043090820312, 437.73858642578125, 378.68212890625, 292.79705810546875, 322.2072448730469, 247.78591918945312, 493.6444091796875, 120.47914123535156, 177.64657592773438, 35.879512786865234, 149.8883514404297], [331.2856140136719, -202.92681884765625, 142.58009338378906, 48.25973129272461, 7.3446221351623535, 195.91278076171875, 89.73217010498047, 108.81303405761719, 120.47914123535156, 211.879150390625, 99.13299560546875, 47.20149612426758, 15.773838996887207], [329.6532897949219, 344.3435974121094, 173.64794921875, 135.00718688964844, 246.3817901611328, 197.27261352539062, 318.3228759765625, 65.1064682006836, 177.64657592773438, 99.13299560546875, 296.7402648925781, 25.284076690673828, 104.65895080566406], [164.0327911376953, -288.5195617675781, 181.69598388671875, 108.96002197265625, -8.998038291931152, 116.90772247314453, -3.154735565185547, 65.22545623779297, 35.879512786865234, 47.20149612426758, 25.284076690673828, 147.7077178955078, 16.03280258178711], [349.0411682128906, 238.84246826171875, 109.23040008544922, 137.30709838867188, 189.5807647705078, 84.35820770263672, 177.79261779785156, 94.27391052246094, 149.8883514404297, 15.773838996887207, 104.65895080566406, 16.03280258178711, 176.8272247314453]], "lowlevel.gfcc.icov": [[0.00010921302600763738, -0.0001530514855403453, 5.6396096624666825e-05, -0.00023553785285912454, 0.0002245175273856148, -0.0003081209142692387, 8.518797403667122e-05, -7.159938832046464e-05, -3.157708852086216e-05, -5.952146602794528e-05, 0.00012914062244817615, -1.541496931167785e-05, -4.4947650167159736e-05], [-0.0001530514855403453, 0.001528536668047309, -0.0004965586704201996, 0.0011397474445402622, -0.0008192063542082906, 0.0017152532236650586, -0.0009798705577850342, 0.0010134315816685557, -0.0006711121532134712, 0.0008286351221613586, -0.0011762268841266632, 0.0012314649065956473, -0.0007563918479718268], [5.6396096624666825e-05, -0.0004965586704201996, 0.0008699101745150983, -0.0008165622712112963, 0.00028323152218945324, -0.0006805167649872601, 0.00021525465126615018, -0.0001694388483883813, -0.0005079133552499115, -0.0001956127380253747, 0.000584268884267658, -0.0008584718452766538, 0.0007309926440939307], [-0.00023553785285912454, 0.0011397474445402622, -0.0008165622712112963, 0.0028508875984698534, -0.0013542505912482738, 0.0008823539246805012, 0.0001753601391101256, 0.000413435889640823, -0.0010444140061736107, 0.0014313147403299809, -0.0012773564085364342, 0.0005186970229260623, -0.0006829857593402267], [0.0002245175273856148, -0.0008192063542082906, 0.00028323152218945324, -0.0013542505912482738, 0.002203738782554865, -0.001019889721646905, -0.0005300931516103446, -0.00019520751084201038, -8.330133277922869e-05, -4.914371311315335e-05, 0.0007067309925332665, -0.00026560810511000454, -1.832782436395064e-05], [-0.0003081209142692387, 0.0017152532236650586, -0.0006805167649872601, 0.0008823539246805012, -0.001019889721646905, 0.0036148119252175093, -0.0019470913102850318, 0.00046242563985288143, 4.7039506171131507e-05, 2.6298195734852925e-05, -0.001234826515428722, 0.000932788010686636, -0.00028919550823047757], [8.518797403667122e-05, -0.0009798705577850342, 0.00021525465126615018, 0.0001753601391101256, -0.0005300931516103446, -0.0019470913102850318, 0.003668824676424265, -0.001338246394880116, 5.69455987715628e-05, 0.0002455351350363344, -0.0011969860643148422, -0.00011823834938695654, 5.707782111130655e-05], [-7.159938832046464e-05, 0.0010134315816685557, -0.0001694388483883813, 0.000413435889640823, -0.00019520751084201038, 0.00046242563985288143, -0.001338246394880116, 0.005793391261249781, -0.0022838045842945576, -0.000775095191784203, 0.0011260922765359282, -0.0001925723481690511, -0.0018423778237774968], [-3.157708852086216e-05, -0.0006711121532134712, -0.0005079133552499115, -0.0010444140061736107, -8.330133277922869e-05, 4.7039506171131507e-05, 5.69455987715628e-05, -0.0022838045842945576, 0.006332641467452049, -0.0023051565513014793, -0.00042451746412552893, 0.0005357341142371297, -0.0016388208605349064], [-5.952146602794528e-05, 0.0008286351221613586, -0.0001956127380253747, 0.0014313147403299809, -4.914371311315335e-05, 2.6298195734852925e-05, 0.0002455351350363344, -0.000775095191784203, -0.0023051565513014793, 0.008645644411444664, -0.003497118828818202, -0.0005759383784607053, 0.0015189646510407329], [0.00012914062244817615, -0.0011762268841266632, 0.000584268884267658, -0.0012773564085364342, 0.0007067309925332665, -0.001234826515428722, -0.0011969860643148422, 0.0011260922765359282, -0.00042451746412552893, -0.003497118828818202, 0.008256841450929642, -0.0017324998043477535, -0.0016587674617767334], [-1.541496931167785e-05, 0.0012314649065956473, -0.0008584718452766538, 0.0005186970229260623, -0.00026560810511000454, 0.000932788010686636, -0.00011823834938695654, -0.0001925723481690511, 0.0005357341142371297, -0.0005759383784607053, -0.0017324998043477535, 0.00972950179129839, -0.0017035725759342313], [-4.4947650167159736e-05, -0.0007563918479718268, 0.0007309926440939307, -0.0006829857593402267, -1.832782436395064e-05, -0.00028919550823047757, 5.707782111130655e-05, -0.0018423778237774968, -0.0016388208605349064, 0.0015189646510407329, -0.0016587674617767334, -0.0017035725759342313, 0.01031678356230259]], "lowlevel.mfcc.cov": [[13215.7900390625, -90.50104522705078, 369.52490234375, 876.4032592773438, 214.74989318847656, 871.917236328125, 662.3840942382812, 382.0088195800781, 866.4967041015625, 258.47955322265625, 579.6123046875, 297.8840026855469, 119.05052185058594], [-90.50104522705078, 3388.783935546875, -127.94900512695312, 315.1201171875, -101.18446350097656, -119.5128402709961, 195.8878936767578, -36.01155471801758, 70.02729797363281, 31.354900360107422, 117.47770690917969, 135.2409210205078, 27.428524017333984], [369.52490234375, -127.94900512695312, 1839.4805908203125, 626.5424194335938, 488.4449768066406, 381.18194580078125, 41.222900390625, 286.34625244140625, 313.30340576171875, 146.8059844970703, 186.06993103027344, 210.75733947753906, 157.6501007080078], [876.4032592773438, 315.1201171875, 626.5424194335938, 1087.394287109375, 617.4823608398438, 255.95925903320312, 122.85122680664062, 243.8916015625, 316.5543212890625, 98.27975463867188, 112.47496795654297, 207.64993286132812, 133.37757873535156], [214.74989318847656, -101.18446350097656, 488.4449768066406, 617.4823608398438, 850.7734985351562, 426.13165283203125, 190.05393981933594, 311.22869873046875, 290.4348449707031, 214.44129943847656, 83.77162170410156, 147.47410583496094, 138.40859985351562], [871.917236328125, -119.5128402709961, 381.18194580078125, 255.95925903320312, 426.13165283203125, 842.9046630859375, 560.8258666992188, 419.302978515625, 266.344482421875, 315.14764404296875, 247.74571228027344, 135.24386596679688, 161.97093200683594], [662.3840942382812, 195.8878936767578, 41.222900390625, 122.85122680664062, 190.05393981933594, 560.8258666992188, 741.99072265625, 382.32415771484375, 260.7353820800781, 278.71990966796875, 243.03367614746094, 123.1456298828125, 136.90911865234375], [382.0088195800781, -36.01155471801758, 286.34625244140625, 243.8916015625, 311.22869873046875, 419.302978515625, 382.32415771484375, 484.8136291503906, 290.2361755371094, 269.4964294433594, 147.68287658691406, 111.28751373291016, 146.17906188964844], [866.4967041015625, 70.02729797363281, 313.30340576171875, 316.5543212890625, 290.4348449707031, 266.344482421875, 260.7353820800781, 290.2361755371094, 463.7281799316406, 240.2288055419922, 186.76071166992188, 139.6397247314453, 115.44351959228516], [258.47955322265625, 31.354900360107422, 146.8059844970703, 98.27975463867188, 214.44129943847656, 315.14764404296875, 278.71990966796875, 269.4964294433594, 240.2288055419922, 360.1673583984375, 190.03253173828125, 96.53064727783203, 109.47795104980469], [579.6123046875, 117.47770690917969, 186.06993103027344, 112.47496795654297, 83.77162170410156, 247.74571228027344, 243.03367614746094, 147.68287658691406, 186.76071166992188, 190.03253173828125, 302.7313232421875, 120.33609008789062, 86.88790130615234], [297.8840026855469, 135.2409210205078, 210.75733947753906, 207.64993286132812, 147.47410583496094, 135.24386596679688, 123.1456298828125, 111.28751373291016, 139.6397247314453, 96.53064727783203, 120.33609008789062, 218.3722686767578, 112.0787124633789], [119.05052185058594, 27.428524017333984, 157.6501007080078, 133.37757873535156, 138.40859985351562, 161.97093200683594, 136.90911865234375, 146.17906188964844, 115.44351959228516, 109.47795104980469, 86.88790130615234, 112.0787124633789, 179.6437530517578]], "lowlevel.mfcc.icov": [[0.00010388884402345866, 1.7938056771527044e-05, 4.052591975778341e-05, -0.0001041799841914326, 0.00013138100621290505, -0.0001679877459537238, 3.485970228211954e-05, 6.897493585711345e-05, -0.00023702593171037734, 0.00011478857777547091, -9.259725629817694e-05, -2.033455530181527e-05, 7.758040010230616e-05], [1.7938056771527044e-05, 0.0003525866777636111, 3.270401793997735e-05, -0.0002300270862178877, 0.00014766870299354196, 0.00016582623356953263, -0.00024439924163743854, 0.00014762234059162438, 1.5152985724853352e-05, -0.00010462001955602318, -5.5819869885453954e-05, -0.0001585343707120046, 5.91415555390995e-05], [4.052591975778341e-05, 3.270401793997735e-05, 0.0008597904234193265, -0.0002964958257507533, 4.036194150103256e-05, -0.0004920437932014465, 0.0006316930521279573, -0.0002994245442096144, -0.0002889579045586288, 0.00032047374406829476, -0.00037877087015658617, -0.00027345988200977445, -4.7278306738007814e-05], [-0.0001041799841914326, -0.0002300270862178877, -0.0002964958257507533, 0.002268027514219284, -0.001502755912952125, 0.00036690945853479207, 5.3109481086721644e-05, -0.00036647729575634, -0.00039141945308074355, 0.0009689853177405894, -0.00020075506472494453, -0.0006829244666732848, -5.06270480400417e-05], [0.00013138100621290505, 0.00014766870299354196, 4.036194150103256e-05, -0.001502755912952125, 0.0032234841492027044, -0.0014315530424937606, 0.0006340378313325346, -5.556189353228547e-05, -0.0006953052943572402, -0.0008650962845422328, 0.0011140009155496955, -0.00025246525183320045, -6.742063851561397e-05], [-0.0001679877459537238, 0.00016582623356953263, -0.0004920437932014465, 0.00036690945853479207, -0.0014315530424937606, 0.00423111068084836, -0.0022442685440182686, -0.0008403121610172093, 0.001286788727156818, -0.000695936381816864, -0.0008625597110949457, 0.00041554661584086716, -0.00031721964478492737], [3.485970228211954e-05, -0.00024439924163743854, 0.0006316930521279573, 5.3109481086721644e-05, 0.0006340378313325346, -0.0022442685440182686, 0.004194396082311869, -0.0016619364032521844, -0.0005773048615083098, 0.00030131617677398026, -0.0009697516798041761, -0.0003285012790001929, -2.7504964236868545e-05], [6.897493585711345e-05, 0.00014762234059162438, -0.0002994245442096144, -0.00036647729575634, -5.556189353228547e-05, -0.0008403121610172093, -0.0016619364032521844, 0.006382638588547707, -0.0016191245522350073, -0.001966712763532996, 0.001501233666203916, 0.000530415796674788, -0.0014779925113543868], [-0.00023702593171037734, 1.5152985724853352e-05, -0.0002889579045586288, -0.00039141945308074355, -0.0006953052943572402, 0.001286788727156818, -0.0005773048615083098, -0.0016191245522350073, 0.0054948050528764725, -0.0017071912297978997, -0.0009978495072573423, -0.0004860547778662294, 0.0001271134096896276], [0.00011478857777547091, -0.00010462001955602318, 0.00032047374406829476, 0.0009689853177405894, -0.0008650962845422328, -0.000695936381816864, 0.00030131617677398026, -0.001966712763532996, -0.0017071912297978997, 0.007351411506533623, -0.002656562253832817, 0.00012454685929697007, -0.0005718620377592742], [-9.259725629817694e-05, -5.5819869885453954e-05, -0.00037877087015658617, -0.00020075506472494453, 0.0011140009155496955, -0.0008625597110949457, -0.0009697516798041761, 0.001501233666203916, -0.0009978495072573423, -0.002656562253832817, 0.007317128125578165, -0.0018775280332192779, -0.00011925410944968462], [-2.033455530181527e-05, -0.0001585343707120046, -0.00027345988200977445, -0.0006829244666732848, -0.00025246525183320045, 0.00041554661584086716, -0.0003285012790001929, 0.000530415796674788, -0.0004860547778662294, 0.00012454685929697007, -0.0018775280332192779, 0.008726745843887329, -0.0038767182268202305], [7.758040010230616e-05, 5.91415555390995e-05, -4.7278306738007814e-05, -5.06270480400417e-05, -6.742063851561397e-05, -0.00031721964478492737, -2.7504964236868545e-05, -0.0014779925113543868, 0.0001271134096896276, -0.0005718620377592742, -0.00011925410944968462, -0.0038767182268202305, 0.009889952838420868]], "metadata.audio_properties.analysis.downmix": "mix", "metadata.audio_properties.codec": "mp3", "metadata.audio_properties.md5_encoded": "5c4481b73bddf997a486012917a0fb3c", "metadata.tags.file_name": "1183681689365516298.mp3", "metadata.version.essentia": "2.1-beta6-dev", "metadata.version.essentia_git_sha": "v2.1_beta5-1110-g77a6a954", "metadata.version.extractor": "music 2.0", "tonal.chords_key": "F", "tonal.chords_scale": "minor", "tonal.key_edma.key": "F#", "tonal.key_edma.scale": "minor", "tonal.key_krumhansl.key": "F#", "tonal.key_krumhansl.scale": "min