{"song_id": "1183707222929330186", "download": "https://cdn.discordapp.com/attachments/1135903449314238464/1183707222929330186/chirp.mp4?ex=65895042&amp", "lyrics": "\u043b\u044e\u0431\u0438\u0448\u044c \u043d\u043e\u0447\u043d\u044b\u0435 \u043f\u0440\u043e\u0433\u0443\u043b\u043a\u0438\n\u0443\u043b\u043e\u0447\u043a\u0438 \u0438 \u043f\u0435\u0440\u0435\u0443\u043b\u043a\u0438\n\u0441\u043b\u0430\u0434\u043a\u043e \u043a\u0443\u0440\u0438\u0448\u044c \u0441\u0432\u043e\u0439 \u043f\u043e\u0434\u0438\u043a\n\u043d\u0430 \u0441\u043a\u0430\u043c\u0435\u0439\u043a\u0435 \u0441\u0438 \u0434\u044f\n\u043d\u043e \u0442\u0430\u043a \u043d\u0435\u0431\u0435\u0437\u043e\u043f\u0430\u0441\u043d\u043e\n\u0431\u043e\u0436\u0435 \u043c\u043e\u0439, \u0442\u0430\u043a \u043e\u043f\u0430\u0441\u043d\u043e\n\u0434\u0435\u0432\u0447\u043e\u043d\u043e\u0447\u043a\u0435 \u043f\u0440\u0435\u043a\u0440\u0430\u0441\u043d\u043e\u0439\n\u043d\u043e\u0447\u044c\u044e \u043e\u0434\u043d\u043e\u0439 \u0433\u0443\u043b\u044f\u0442\u044c", "style": ["disco post punk"], "essentia_features": {"lowlevel.average_loudness": 0.9858779907226562, "lowlevel.barkbands_crest.mean": 11.91440200805664, "lowlevel.barkbands_crest.stdev": 4.728244781494141, "lowlevel.barkbands_flatness_db.mean": 0.1797654926776886, "lowlevel.barkbands_flatness_db.stdev": 0.059653252363204956, "lowlevel.barkbands_kurtosis.mean": 9.93963623046875, "lowlevel.barkbands_kurtosis.stdev": 21.704551696777344, "lowlevel.barkbands_skewness.mean": 2.298269271850586, "lowlevel.barkbands_skewness.stdev": 1.9889705181121826, "lowlevel.barkbands_spread.mean": 24.14743995666504, "lowlevel.barkbands_spread.stdev": 18.943038940429688, "lowlevel.dissonance.mean": 0.47234782576560974, "lowlevel.dissonance.stdev": 0.02044137753546238, "lowlevel.dynamic_complexity": 2.7818052768707275, "lowlevel.erbbands_crest.mean": 9.50115966796875, "lowlevel.erbbands_crest.stdev": 4.737775802612305, "lowlevel.erbbands_flatness_db.mean": 0.1585565060377121, "lowlevel.erbbands_flatness_db.stdev": 0.05013132840394974, "lowlevel.erbbands_kurtosis.mean": 0.4394638240337372, "lowlevel.erbbands_kurtosis.stdev": 2.413651943206787, "lowlevel.erbbands_skewness.mean": -0.19104692339897156, "lowlevel.erbbands_skewness.stdev": 0.9040181636810303, "lowlevel.erbbands_spread.mean": 48.884403228759766, "lowlevel.erbbands_spread.stdev": 26.411808013916016, "lowlevel.hfc.mean": 17.844453811645508, "lowlevel.hfc.stdev": 15.6412353515625, "lowlevel.loudness_ebu128.integrated": -15.569385528564453, "lowlevel.loudness_ebu128.loudness_range": 0.9438858032226562, "lowlevel.loudness_ebu128.momentary.mean": -15.733485221862793, "lowlevel.loudness_ebu128.momentary.stdev": 1.2585623264312744, "lowlevel.loudness_ebu128.short_term.mean": -15.572616577148438, "lowlevel.loudness_ebu128.short_term.stdev": 0.2985522150993347, "lowlevel.melbands_crest.mean": 17.09423065185547, "lowlevel.melbands_crest.stdev": 4.6991071701049805, "lowlevel.melbands_flatness_db.mean": 0.24503394961357117, "lowlevel.melbands_flatness_db.stdev": 0.07963797450065613, "lowlevel.melbands_kurtosis.mean": 31.905349731445312, "lowlevel.melbands_kurtosis.stdev": 51.45948791503906, "lowlevel.melbands_skewness.mean": 4.069843769073486, "lowlevel.melbands_skewness.stdev": 2.6900408267974854, "lowlevel.melbands_spread.mean": 21.271440505981445, "lowlevel.melbands_spread.stdev": 19.74212646484375, "lowlevel.pitch_salience.mean": 0.44117313623428345, "lowlevel.pitch_salience.stdev": 0.1289786696434021, "lowlevel.silence_rate_20dB.mean": 1.0, "lowlevel.silence_rate_20dB.stdev": 0.0, "lowlevel.silence_rate_30dB.mean": 0.8738955855369568, "lowlevel.silence_rate_30dB.stdev": 0.33196553587913513, "lowlevel.silence_rate_60dB.mean": 0.00803212821483612, "lowlevel.silence_rate_60dB.stdev": 0.08926069736480713, "lowlevel.spectral_centroid.mean": 1244.44482421875, "lowlevel.spectral_centroid.stdev": 726.388427734375, "lowlevel.spectral_complexity.mean": 14.752610206604004, "lowlevel.spectral_complexity.stdev": 7.638614177703857, "lowlevel.spectral_decrease.mean": -1.0358895075057717e-08, "lowlevel.spectral_decrease.stdev": 1.7417830733279516e-08, "lowlevel.spectral_energy.mean": 0.04071546345949173, "lowlevel.spectral_energy.stdev": 0.0664888396859169, "lowlevel.spectral_energyband_high.mean": 0.0007745040347799659, "lowlevel.spectral_energyband_high.stdev": 0.00119008868932724, "lowlevel.spectral_energyband_low.mean": 0.030232416465878487, "lowlevel.spectral_energyband_low.stdev": 0.06292872875928879, "lowlevel.spectral_energyband_middle_high.mean": 0.003999603446573019, "lowlevel.spectral_energyband_middle_high.stdev": 0.004853082820773125, "lowlevel.spectral_energyband_middle_low.mean": 0.008798288181424141, "lowlevel.spectral_energyband_middle_low.stdev": 0.014243939891457558, "lowlevel.spectral_entropy.mean": 7.450488090515137, "lowlevel.spectral_entropy.stdev": 0.4915255308151245, "lowlevel.spectral_flux.mean": 0.09639289230108261, "lowlevel.spectral_flux.stdev": 0.10413877665996552, "lowlevel.spectral_kurtosis.mean": 5.472896099090576, "lowlevel.spectral_kurtosis.stdev": 4.986318588256836, "lowlevel.spectral_rms.mean": 0.005227710120379925, "lowlevel.spectral_rms.stdev": 0.0035204263404011726, "lowlevel.spectral_rolloff.mean": 1415.18994140625, "lowlevel.spectral_rolloff.stdev": 1810.478271484375, "lowlevel.spectral_skewness.mean": 1.5906648635864258, "lowlevel.spectral_skewness.stdev": 0.6482653021812439, "lowlevel.spectral_spread.mean": 4665585.0, "lowlevel.spectral_spread.stdev": 2233051.0, "lowlevel.spectral_strongpeak.mean": 0.7985554933547974, "lowlevel.spectral_strongpeak.stdev": 1.2377103567123413, "lowlevel.zerocrossingrate.mean": 0.0563676580786705, "lowlevel.zerocrossingrate.stdev": 0.043332505971193314, "metadata.audio_properties.analysis.equal_loudness": 0.0, "metadata.audio_properties.analysis.length": 28.88532829284668, "metadata.audio_properties.analysis.sample_rate": 44100.0, "metadata.audio_properties.analysis.start_time": 0.0, "metadata.audio_properties.bit_rate": 110247.0, "metadata.audio_properties.length": 28.885334014892578, "metadata.audio_properties.lossless": 0.0, "metadata.audio_properties.number_channels": 1.0, "metadata.audio_properties.replay_gain": -10.638570785522461, "metadata.audio_properties.sample_rate": 48000.0, "rhythm.beats_count": 60.0, "rhythm.beats_loudness.mean": 0.14978726208209991, "rhythm.beats_loudness.stdev": 0.06865111738443375, "rhythm.bpm": 125.97298431396484, "rhythm.bpm_histogram_first_peak_bpm": 126.0, "rhythm.bpm_histogram_first_peak_weight": 0.41379308700561523, "rhythm.bpm_histogram_second_peak_bpm": 136.0, "rhythm.bpm_histogram_second_peak_spread": 0.0, "rhythm.bpm_histogram_second_peak_weight": 0.016949152573943138, "rhythm.danceability": 2.877648115158081, "rhythm.onset_rate": 4.360279083251953, "tonal.chords_changes_rate": 0.05778491124510765, "tonal.chords_number_rate": 0.008025682531297207, "tonal.chords_strength.mean": 0.5345813035964966, "tonal.chords_strength.stdev": 0.07548245787620544, "tonal.hpcp_crest.mean": 14.534952163696289, "tonal.hpcp_crest.stdev": 6.004406929016113, "tonal.hpcp_entropy.mean": 1.8530325889587402, "tonal.hpcp_entropy.stdev": 0.6701446771621704, "tonal.key_edma.strength": 0.6361104249954224, "tonal.key_krumhansl.strength": 0.6414561867713928, "tonal.key_temperley.strength": 0.6472833156585693, "tonal.tuning_diatonic_strength": 0.6365258097648621, "tonal.tuning_equal_tempered_deviation": 0.1648312360048294, "tonal.tuning_frequency": 438.2245178222656, "tonal.tuning_nontempered_energy_ratio": 0.8413115739822388, "lowlevel.barkbands.mean": [4.7772224206710234e-05, 0.01931625045835972, 0.007922939956188202, 0.004634929355233908, 0.001617062371224165, 0.0010861176997423172, 0.0007385198259726167, 0.0003408969787415117, 0.0001445632369723171, 0.00035221653524786234, 0.00019150256412103772, 0.0005176913109607995, 0.00013198063243180513, 0.0007539961952716112, 0.00031452090479433537, 0.0002539145352784544, 0.0006733006448484957, 0.000601269886828959, 0.00022694189101457596, 0.00022409568191505969, 0.00016192617476917803, 8.493989298585802e-05, 0.0001318951981374994, 9.575791045790538e-05, 9.578980825608596e-05, 5.4645584896206856e-05, 1.3742372573233297e-08], "lowlevel.barkbands.stdev": [0.00010339396976632997, 0.055302660912275314, 0.010943317785859108, 0.009127669967710972, 0.005164023023098707, 0.001988337840884924, 0.0010059484047815204, 0.00035946356365457177, 0.00022406976495403796, 0.0006955211283639073, 0.0004983381368219852, 0.0016798971919342875, 0.0004184667195659131, 0.002085126470774412, 0.0007400435279123485, 0.0006664837710559368, 0.0020637696143239737, 0.001490325783379376, 0.00044561090180650353, 0.0003248747088946402, 0.0002917636593338102, 0.00020199552818667144, 0.00035805930383503437, 0.0001898002956295386, 0.00020459064398892224, 0.00012279677321203053, 2.497004061297048e-07], "lowlevel.erbbands.mean": [0.2589596211910248, 5.242616176605225, 10.4060697555542, 14.144506454467773, 10.221430778503418, 3.63334584236145, 3.5477426052093506, 9.859136581420898, 14.169800758361816, 8.026697158813477, 6.153547763824463, 4.145022392272949, 12.295772552490234, 5.437303066253662, 8.989334106445312, 25.716489791870117, 8.878098487854004, 32.925662994384766, 20.012697219848633, 22.12869644165039, 22.11707305908203, 32.063907623291016, 35.19026565551758, 16.279422760009766, 8.485581398010254, 9.977221488952637, 9.600834846496582, 4.76768684387207, 2.9822998046875, 3.3039920330047607, 3.9191014766693115, 2.1785688400268555, 1.6657601594924927, 0.9426420331001282, 0.7499576210975647, 0.4095725119113922, 0.06016230583190918, 0.0033561657182872295, 0.00010242431017104536, 5.2798244723817334e-05], "lowlevel.erbbands.stdev": [0.7717198133468628, 14.670324325561523, 18.662076950073242, 18.246150970458984, 31.87693214416504, 9.617341995239258, 7.602168560028076, 19.023706436157227, 22.835792541503906, 8.341758728027344, 7.540682315826416, 5.683590888977051, 25.415700912475586, 8.11252212524414, 20.22402572631836, 83.91060638427734, 22.242942810058594, 94.44139862060547, 41.201210021972656, 60.02484130859375, 53.268733978271484, 86.3990707397461, 90.13251495361328, 32.21018981933594, 13.449616432189941, 14.135546684265137, 15.070405006408691, 9.539813041687012, 7.346734046936035, 8.01160717010498, 10.708426475524902, 4.7663421630859375, 3.566560983657837, 2.2251975536346436, 1.647083044052124, 0.8559547066688538, 0.17950205504894257, 0.013868720270693302, 0.00026340121985413134, 7.348680082941428e-05], "lowlevel.gfcc.mean": [-22.637983322143555, 102.41136169433594, -110.7042007446289, 45.9160270690918, -46.065223693847656, 20.78992462158203, -43.40800857543945, 16.692794799804688, -27.231441497802734, 1.8249614238739014, -14.45098876953125, -11.720685958862305, -14.553391456604004], "lowlevel.melbands.mean": [0.004056104458868504, 0.006242433562874794, 0.0022929231636226177, 0.0004483953525777906, 0.00012155190779594705, 0.00023537344532087445, 0.00020002965175081044, 8.143250306602567e-05, 4.580977474688552e-05, 2.3659460566705093e-05, 6.129581015557051e-05, 2.015016616496723e-05, 2.7902317015104927e-05, 5.4126037866808474e-05, 4.149030428379774e-05, 1.238246386492392e-05, 7.341330638155341e-05, 3.813042712863535e-05, 2.4078221031231806e-05, 2.4081464289338328e-05, 3.184177330695093e-05, 3.7496349250432104e-05, 3.7256424548104405e-05, 2.1146661310922354e-05, 1.2849762242694851e-05, 6.079024387872778e-06, 5.3040125749248546e-06, 7.14025327397394e-06, 6.9437660386029165e-06, 4.242034265189432e-06, 2.2315318801702233e-06, 1.6886020830497728e-06, 1.6106127986859065e-06, 1.8721814285527216e-06, 2.322368345630821e-06, 1.850717126217205e-06, 1.1553000831554527e-06, 1.2059963410138153e-06, 8.6449608716066e-07, 7.84713051871222e-07], "lowlevel.melbands.stdev": [0.011844144202768803, 0.0131567707285285, 0.003603211836889386, 0.0014538633404299617, 0.00024053375818766654, 0.0004336757119745016, 0.00030622215126641095, 8.561970025766641e-05, 5.857504947925918e-05, 3.404959352337755e-05, 0.00012851689825765789, 3.275393464718945e-05, 7.589758752146736e-05, 0.00017068054876290262, 0.0001213895229739137, 3.230490619898774e-05, 0.00021789432503283024, 8.826615521684289e-05, 5.689298632205464e-05, 6.885750190122053e-05, 9.237771882908419e-05, 0.00012308621080592275, 0.00010055815073428676, 5.024629717809148e-05, 2.9112778065609746e-05, 1.0900313100137282e-05, 8.285321200673934e-06, 1.0690515409805812e-05, 1.1459764209575951e-05, 7.837013072276022e-06, 5.055868314229883e-06, 4.338785402069334e-06, 3.91913181374548e-06, 4.7720745897095185e-06, 6.396573098754743e-06, 5.10871495862375e-06, 2.36137566389516e-06, 2.6265097403666005e-06, 2.081143520626938e-06, 1.96819178199803e-06], "lowlevel.melbands128.mean": [2.935208067356143e-05, 0.000725516234524548, 0.0059263138100504875, 0.01004999503493309, 0.006418460048735142, 0.003773222677409649, 0.0031061782501637936, 0.001943780924193561, 0.0009589499677531421, 0.00034393210080452263, 0.0001322670723311603, 0.00012529437663033605, 0.00010363850742578506, 0.00013670213229488581, 0.00016323113231919706, 0.0003548874519765377, 0.00034862064057961106, 0.0001316467096330598, 7.155552157200873e-05, 0.00010061266220873222, 7.769342482788488e-05, 4.7550976887578145e-05, 5.363548552850261e-05, 2.300803862453904e-05, 2.8612719688680954e-05, 1.2675680409302004e-05, 3.6970857763662934e-05, 0.00010565965931164101, 3.96525974792894e-05, 1.5150525541685056e-05, 1.480030914535746e-05, 2.232735278084874e-05, 3.9979975554160774e-05, 2.286687413288746e-05, 1.1579268175410107e-05, 7.322701276279986e-05, 0.00011847807763842866, 1.900922870845534e-05, 1.783878542482853e-05, 1.6353051250916906e-05, 8.749881999392528e-06, 1.0255127563141286e-05, 5.313697693054564e-05, 0.00015365048602689058, 4.123842154513113e-05, 1.957077438419219e-05, 1.9193405023543164e-05, 1.3652333109348547e-05, 2.7432248316472396e-05, 5.0838418246712536e-05, 1.48782019095961e-05, 1.096884716389468e-05, 1.2630475794139784e-05, 3.306889266241342e-05, 9.397300163982436e-05, 2.2020627511665225e-05, 1.2719059668597765e-05, 2.491697159712203e-05, 6.21093568042852e-05, 3.4293516364414245e-05, 1.4173082490742672e-05, 1.2112298463762272e-05, 1.9170614905306138e-05, 1.1914976312255021e-05, 4.608527888194658e-06, 6.125813797552837e-06, 7.309121883736225e-06, 4.389645710034529e-06, 4.942231953464216e-06, 6.24642461843905e-06, 6.102458428358659e-06, 7.592604106321232e-06, 1.0704781743697822e-05, 5.657483143295394e-06, 4.528440513240639e-06, 5.316167516866699e-06, 3.6086000818613684e-06, 2.373458755755564e-06, 2.1655466753145447e-06, 1.8496939446777105e-06, 1.9963310933235334e-06, 1.4720505987497745e-06, 1.3012560202696477e-06, 1.7166182715300238e-06, 1.6610736111033475e-06, 2.0609325019904645e-06, 1.7112199657276506e-06, 1.9783174138865434e-06, 2.365701675444143e-06, 2.678984856174793e-06, 2.239051127617131e-06, 1.606776663720666e-06, 1.1940086324102595e-06, 1.1791908036684617e-06, 1.0771077540994156e-06, 1.020633362713852e-06, 1.33408980218519e-06, 1.4259278486861149e-06, 6.855899528090958e-07, 7.608518330926017e-07, 6.679348985016986e-07, 8.921817880036542e-07, 7.165904776229581e-07, 9.231126227859932e-07, 6.87969134105515e-07, 1.0343203484808328e-06, 8.856602562445914e-07, 7.920047551124298e-07, 8.039656904657022e-07, 6.990699148445856e-07, 3.150648240080045e-07, 1.7494960502517642e-07, 1.3578537050307204e-07, 1.1308376457463964e-07, 6.712418354481997e-08, 1.2315519271055564e-08, 6.94627078079435e-10, 7.867798426652861e-12, 5.717760466483757e-12, 5.5007214061486565e-12, 5.315629013347145e-12, 5.210093641239144e-12, 5.080172827548468e-12, 4.986333394796372e-12, 4.87546895217017e-12, 4.7414190629258e-12, 4.66119374001317e-12, 4.6295771036208855e-12], "lowlevel.melbands128.stdev": [8.285783405881375e-05, 0.002254856051877141, 0.018043486401438713, 0.02826073206961155, 0.01423860527575016, 0.004431006032973528, 0.003647472709417343, 0.005090649705380201, 0.0035054991021752357, 0.0012037871638312936, 0.00032413244480267167, 0.0002244601200800389, 0.000268698378931731, 0.00046283850679174066, 0.0004803042975254357, 0.0007362904725596309, 0.0007135324995033443, 0.00019352421804796904, 8.790330321062356e-05, 0.00014149592607282102, 9.905154729494825e-05, 6.701100210193545e-05, 9.636367030907422e-05, 4.412880662130192e-05, 6.321880937321112e-05, 2.4903813027776778e-05, 7.900976197561249e-05, 0.00024540346930734813, 0.00010452516289660707, 3.4724114811979234e-05, 3.479095903458074e-05, 6.233486055862159e-05, 0.00013947377738077193, 6.835150270489976e-05, 2.2901493139215745e-05, 0.0002967652108054608, 0.000433858425822109, 6.931991811143234e-05, 9.669632709119469e-05, 6.473584653576836e-05, 1.96899472939549e-05, 2.8739314075210132e-05, 0.0001808785746106878, 0.0005233771516941488, 0.00014628743520006537, 6.900538573972881e-05, 6.529295205837116e-05, 5.5520766181871295e-05, 8.813372551230714e-05, 0.00018593654385767877, 6.402105645975098e-05, 2.4830083930282854e-05, 6.121994374552742e-05, 0.00011635163536993787, 0.00038045135443098843, 9.825907181948423e-05, 3.8156347727635875e-05, 8.660610183142126e-05, 0.0002092911017825827, 0.0001190653201774694, 5.698684981325641e-05, 3.156498496537097e-05, 6.159453914733604e-05, 2.8293718060012907e-05, 1.0125409062311519e-05, 1.3493937331077177e-05, 1.6177140423678793e-05, 8.416807759203948e-06, 9.623533514968585e-06, 1.1230708878429141e-05, 1.0605592251522467e-05, 1.4952757737773936e-05, 2.1438649127958342e-05, 1.1963747965637594e-05, 8.95996799954446e-06, 1.0508731975278351e-05, 8.13281258160714e-06, 5.686662007065024e-06, 5.649326794809895e-06, 4.846892807108816e-06, 5.368371603253763e-06, 4.11029759561643e-06, 4.3332561290299054e-06, 4.378494850243442e-06, 3.982960151915904e-06, 5.4946222007856704e-06, 4.78262245451333e-06, 5.8667760640673805e-06, 6.823828698543366e-06, 7.893599104136229e-06, 7.138515684346203e-06, 4.7331709538411815e-06, 2.619771976242191e-06, 2.562052713983576e-06, 2.606744601507671e-06, 2.3195211724669207e-06, 3.184919250998064e-06, 3.2492296213604277e-06, 2.1907799236942083e-06, 1.844497546699131e-06, 1.7983420548262075e-06, 2.5907747840392403e-06, 1.9909657567040995e-06, 2.2467463622888317e-06, 1.7790275705920067e-06, 2.431408574921079e-06, 1.967221805898589e-06, 2.075566726489342e-06, 1.7884009366753162e-06, 1.5396710750792408e-06, 1.0349933745601447e-06, 7.549609222223808e-07, 5.754399126089993e-07, 5.477976969814335e-07, 3.3504821317364986e-07, 1.295929337175039e-07, 1.0633437241835964e-08, 5.107505043899785e-11, 1.1664694384017071e-11, 1.1041619875362674e-11, 1.0658558237397475e-11, 1.0440985749593512e-11, 1.020692905195908e-11, 1.0031560651602156e-11, 9.887140585418397e-12, 9.764259713274104e-12, 9.677856606382651e-12, 9.624781874273403e-12], "lowlevel.mfcc.mean": [-667.2337036132812, 127.1247329711914, 2.06463885307312, 31.17507553100586, 20.78792953491211, 5.05792760848999, 6.697000503540039, 4.195155620574951, -1.0173180103302002, 7.86905574798584, -3.0612289905548096, 6.32275915145874, -1.3824849128723145], "lowlevel.spectral_contrast_coeffs.mean": [-0.6531336307525635, -0.747478723526001, -0.7809016108512878, -0.8000600337982178, -0.7894746661186218, -0.7757298946380615], "lowlevel.spectral_contrast_coeffs.stdev": [0.05947963893413544, 0.06397176533937454, 0.06815551966428757, 0.05686744675040245, 0.05301544442772865, 0.04212388023734093], "lowlevel.spectral_contrast_valleys.mean": [-6.898219585418701, -7.061972141265869, -7.701254367828369, -7.756107330322266, -7.6978020668029785, -10.673056602478027], "lowlevel.spectral_contrast_valleys.stdev": [0.6442301869392395, 0.4886798560619354, 0.48349568247795105, 0.5669655203819275, 0.8701686859130859, 1.2040282487869263], "rhythm.beats_loudness_band_ratio.mean": [0.9200414419174194, 0.020204681903123856, 0.01431527640670538, 0.015256940387189388, 0.027676274999976158, 0.012981263920664787], "rhythm.beats_loudness_band_ratio.stdev": [0.07457033544778824, 0.028293199837207794, 0.016296571120619774, 0.02278955839574337, 0.042262911796569824, 0.015556048601865768], "tonal.hpcp.mean": [0.1403960883617401, 0.07911162823438644, 0.011910906061530113, 0.01133787352591753, 0.010499045252799988, 0.015916857868433, 0.03728881850838661, 0.04266008362174034, 0.13736075162887573, 0.2994576096534729, 0.1943046748638153, 0.0336826853454113, 0.04249619320034981, 0.03924715518951416, 0.07200148701667786, 0.2798904478549957, 0.2910650968551636, 0.10757707059383392, 0.07724473625421524, 0.08005355298519135, 0.08965035527944565, 0.09946858137845993, 0.08870356529951096, 0.07921364158391953, 0.06513223052024841, 0.034573353826999664, 0.026952069252729416, 0.031536318361759186, 0.038388442248106, 0.10167915374040604, 0.21045561134815216, 0.17555342614650726, 0.05723795294761658, 0.023072777315974236, 0.026270313188433647, 0.08332633972167969], "tonal.hpcp.stdev": [0.29802262783050537, 0.1703539937734604, 0.03407866135239601, 0.0570061169564724, 0.055091049522161484, 0.03545927628874779, 0.079579658806324, 0.11035719513893127, 0.20899027585983276, 0.4269905984401703, 0.2947339415550232, 0.11513547599315643, 0.16328854858875275, 0.14178554713726044, 0.1489354968070984, 0.3846418559551239, 0.38288694620132446, 0.21739593148231506, 0.2215949445962906, 0.2266954630613327, 0.22181318700313568, 0.21984145045280457, 0.2088487595319748, 0.19612862169742584, 0.17790576815605164, 0.12895071506500244, 0.10470455884933472, 0.11002986878156662, 0.13206805288791656, 0.20383715629577637, 0.3158020079135895, 0.2603488862514496, 0.13001057505607605, 0.08962874859571457, 0.10907401889562607, 0.19615449011325836], "rhythm.beats_position": [0.41795918345451355, 0.8591383099555969, 1.3351473808288574, 1.8111563920974731, 2.2987754344940186, 2.763174533843994, 3.2391836643218994, 3.7151927947998047, 4.191201686859131, 4.667210578918457, 5.154829978942871, 5.630838871002197, 6.106847763061523, 6.582857131958008, 7.058866024017334, 7.54648494720459, 8.022494316101074, 8.498503684997559, 8.974512100219727, 9.450521469116211, 9.926530838012695, 10.402539253234863, 10.878548622131348, 11.354557991027832, 11.83056640625, 12.306575775146484, 12.782585144042969, 13.258593559265137, 13.74621295928955, 14.210612297058105, 14.675010681152344, 15.162630081176758, 15.627029418945312, 16.103038787841797, 16.57904815673828, 17.066665649414062, 17.531064987182617, 18.01868438720703, 18.483083724975586, 18.970703125, 19.446712493896484, 19.922719955444336, 20.38711929321289, 20.874738693237305, 21.35074806213379, 21.826757431030273, 22.314376831054688, 22.77877426147461, 23.266393661499023, 23.730792999267578, 24.206802368164062, 24.682811737060547, 25.15882110595703, 25.634828567504883, 26.099227905273438, 26.58684730529785, 27.062856674194336, 27.53886604309082, 28.003265380859375, 28.49088478088379], "rhythm.bpm_histogram": [0.0, 0.0, 0.0, 0.0, 0.0, 0.0, 0.0, 0.0, 0.0, 0.0, 0.0, 0.0, 0.0, 0.0, 0.0, 0.0, 0.0, 0.0, 0.0, 0.0, 0.0, 0.0, 0.0, 0.0, 0.0, 0.0, 0.0, 0.0, 0.0, 0.0, 0.0, 0.0, 0.0, 0.0, 0.0, 0.0, 0.0, 0.0, 0.0, 0.0, 0.0, 0.0, 0.0, 0.0, 0.0, 0.0, 0.0, 0.0, 0.0, 0.0, 0.0, 0.0, 0.0, 0.0, 0.0, 0.0, 0.0, 0.0, 0.0, 0.0, 0.0, 0.0, 0.0, 0.0, 0.0, 0.0, 0.0, 0.0, 0.0, 0.0, 0.0, 0.0, 0.0, 0.0, 0.0, 0.0, 0.0, 0.0, 0.0, 0.0, 0.0, 0.0, 0.0, 0.0, 0.0, 0.0, 0.0, 0.0, 0.0, 0.0, 0.0, 0.0, 0.0, 0.0, 0.0, 0.0, 0.0, 0.0, 0.0, 0.0, 0.0, 0.0, 0.0, 0.0, 0.0, 0.0, 0.0, 0.0, 0.0, 0.0, 0.0, 0.0, 0.0, 0.0, 0.0, 0.0, 0.0, 0.0, 0.0, 0.0, 0.0, 0.0, 0.0, 0.22033898532390594, 0.0, 0.0, 0.5762711763381958, 0.0, 0.0, 0.18644067645072937, 0.0, 0.0, 0.0, 0.0, 0.0, 0.0, 0.016949152573943138, 0.0, 0.0, 0.0, 0.0, 0.0, 0.0, 0.0, 0.0, 0.0, 0.0, 0.0, 0.0, 0.0, 0.0, 0.0, 0.0, 0.0, 0.0, 0.0, 0.0, 0.0, 0.0, 0.0, 0.0, 0.0, 0.0, 0.0, 0.0, 0.0, 0.0, 0.0, 0.0, 0.0, 0.0, 0.0, 0.0, 0.0, 0.0, 0.0, 0.0, 0.0, 0.0, 0.0, 0.0, 0.0, 0.0, 0.0, 0.0, 0.0, 0.0, 0.0, 0.0, 0.0, 0.0, 0.0, 0.0, 0.0, 0.0, 0.0, 0.0, 0.0, 0.0, 0.0, 0.0, 0.0, 0.0, 0.0, 0.0, 0.0, 0.0, 0.0, 0.0, 0.0, 0.0, 0.0, 0.0, 0.0, 0.0, 0.0, 0.0, 0.0, 0.0, 0.0, 0.0, 0.0, 0.0, 0.0, 0.0, 0.0, 0.0, 0.0, 0.0, 0.0, 0.0, 0.0, 0.0, 0.0, 0.0, 0.0, 0.0, 0.0, 0.0, 0.0, 0.0, 0.0, 0.0, 0.0, 0.0, 0.0, 0.0, 0.0, 0.0, 0.0], "tonal.chords_histogram": [36.43659591674805, 0.0, 38.52327346801758, 4.494381904602051, 0.16051363945007324, 0.0, 0.0, 0.642054557800293, 0.0, 0.0, 0.0, 0.0, 0.0, 0.0, 0.0, 0.0, 0.0, 9.791332244873047, 0.0, 0.0, 0.0, 9.309791564941406, 0.0, 0.642054557800293], "tonal.thpcp": [1.0, 0.6488553881645203, 0.11247897893190384, 0.14191055297851562, 0.13106080889701843, 0.24043966829776764, 0.9346579909324646, 0.9719743132591248, 0.35923972725868225, 0.2579488158226013, 0.26732850074768066, 0.2993757724761963, 0.332162469625473, 0.29621410369873047, 0.2645237147808075, 0.21750067174434662, 0.11545325070619583, 0.09000295400619507, 0.10531146079301834, 0.12819324433803558, 0.3395443856716156, 0.702789306640625, 0.5862379670143127, 0.19113874435424805, 0.07704856246709824, 0.08772631734609604, 0.2782575488090515, 0.46883460879325867, 0.26418307423591614, 0.03977493196725845, 0.03786136209964752, 0.035060204565525055, 0.05315228924155235, 0.12452118843793869, 0.14245784282684326, 0.45869848132133484], "lowlevel.gfcc.cov": [[4422.17822265625, -1959.388671875, 121.19841766357422, 840.9982299804688, -236.0423583984375, 249.84706115722656, -197.47970581054688, 105.08145141601562, -196.2427978515625, 214.12542724609375, -192.7396697998047, 321.77532958984375, -61.59510803222656], [-1959.388671875, 1952.7733154296875, -383.6165466308594, -340.2264709472656, 462.5965270996094, -210.59690856933594, 268.64984130859375, -112.84598541259766, 189.53509521484375, -214.66836547851562, 287.61993408203125, -290.1796569824219, 173.08416748046875], [121.19841766357422, -383.6165466308594, 805.1581420898438, -2.981600761413574, -170.56459045410156, 174.42123413085938, -16.96628189086914, 31.3939151763916, 14.988421440124512, 112.71243286132812, -129.8267364501953, 102.95809936523438, -87.98831176757812], [840.9982299804688, -340.2264709472656, -2.981600761413574, 523.0255126953125, -40.76016616821289, 1.7663646936416626, 29.461462020874023, 34.71665573120117, 53.92805480957031, 12.891839981079102, 19.345840454101562, 84.41019439697266, 52.45265579223633], [-236.0423583984375, 462.5965270996094, -170.56459045410156, -40.76016616821289, 362.6979675292969, -5.9070305824279785, 83.05328369140625, 23.50440216064453, 78.74543762207031, -46.99064636230469, 94.52488708496094, -69.2408218383789, 67.47578430175781], [249.84706115722656, -210.59690856933594, 174.42123413085938, 1.7663646936416626, -5.9070305824279785, 248.3794403076172, 60.387855529785156, -16.30368995666504, 0.9655201435089111, 65.6569595336914, -39.5447883605957, -7.683103084564209, -32.69613265991211], [-197.47970581054688, 268.64984130859375, -16.96628189086914, 29.461462020874023, 83.05328369140625, 60.387855529785156, 193.6965789794922, -15.663148880004883, 43.58229064941406, -16.813207626342773, 48.992408752441406, -59.24238967895508, 21.265901565551758], [105.08145141601562, -112.84598541259766, 31.3939151763916, 34.71665573120117, 23.50440216064453, -16.30368995666504, -15.663148880004883, 117.89087677001953, 25.906431198120117, 3.623967409133911, -2.4213991165161133, 45.07209777832031, 1.3376102447509766], [-196.2427978515625, 189.53509521484375, 14.988421440124512, 53.92805480957031, 78.74543762207031, 0.9655201435089111, 43.58229064941406, 25.906431198120117, 133.7838592529297, 4.6005120277404785, 37.2921257019043, -13.561567306518555, 36.18347930908203], [214.12542724609375, -214.66836547851562, 112.71243286132812, 12.891839981079102, -46.99064636230469, 65.6569595336914, -16.813207626342773, 3.623967409133911, 4.6005120277404785, 117.91522979736328, -19.801029205322266, 28.6650447845459, -29.746774673461914], [-192.7396697998047, 287.61993408203125, -129.8267364501953, 19.345840454101562, 94.52488708496094, -39.5447883605957, 48.992408752441406, -2.4213991165161133, 37.2921257019043, -19.801029205322266, 144.2596435546875, -20.190773010253906, 51.33768844604492], [321.77532958984375, -290.1796569824219, 102.95809936523438, 84.41019439697266, -69.2408218383789, -7.683103084564209, -59.24238967895508, 45.07209777832031, -13.561567306518555, 28.6650447845459, -20.190773010253906, 125.28140258789062, 0.6467480063438416], [-61.59510803222656, 173.08416748046875, -87.98831176757812, 52.45265579223633, 67.47578430175781, -32.69613265991211, 21.265901565551758, 1.3376102447509766, 36.18347930908203, -29.746774673461914, 51.33768844604492, 0.6467480063438416, 88.8509292602539]], "lowlevel.gfcc.icov": [[0.000660091289319098, 0.00029731870745308697, 0.00019752442312892526, -0.0009569305693730712, -0.0004701733123511076, -0.0004643145075533539, 0.0003077251312788576, -6.031797965988517e-05, 0.0010010736295953393, -0.0005237504956312478, 0.0002852915786206722, -0.0003712905163411051, 7.236656529130414e-06], [0.00029731870745308697, 0.004172479268163443, -0.0009503234177827835, 0.00209813448600471, -0.0017290813848376274, 0.0031759641133248806, -0.0026944074779748917, 0.0028615789487957954, -0.0028417271096259356, 0.0026683825999498367, -0.003383298171684146, 0.0037558898329734802, -0.0030399418901652098], [0.00019752442312892526, -0.0009503234177827835, 0.0025299256667494774, -0.0005282553611323237, 0.0008094077929854393, -0.0020462581887841225, 0.00030918020638637245, -0.0007183760171756148, -0.00019754063396248966, -0.0013529895804822445, 0.002082597929984331, -0.0030907660257071257, 0.0018211889546364546], [-0.0009569305693730712, 0.00209813448600471, -0.0005282553611323237, 0.0055853272788226604, 0.0004051161231473088, 0.0025699350517243147, -0.0031649533193558455, 0.0018517521675676107, -0.004657120443880558, 0.0024865465238690376, -0.002384926425293088, 0.0007657472742721438, -0.003101854817941785], [-0.0004701733123511076, -0.0017290813848376274, 0.0008094077929854393, 0.0004051161231473088, 0.005668074358254671, -0.001837864168919623, 0.0003322717675473541, -0.002782875206321478, -0.0010607278672978282, 2.3473590772482567e-05, -0.00027667483664117754, 0.00028220185777172446, -0.0008160501602105796], [-0.0004643145075533539, 0.0031759641133248806, -0.0020462581887841225, 0.0025699350517243147, -0.001837864168919623, 0.00967724621295929, -0.004979256074875593, 0.003277290379628539, -0.0025378114078193903, -0.0003369577752891928, -0.0015889134956523776, 0.004100380465388298, -0.0021441325079649687], [0.0003077251312788576, -0.0026944074779748917, 0.00030918020638637245, -0.0031649533193558455, 0.0003322717675473541, -0.004979256074875593, 0.010474267415702343, -0.002081229817122221, 0.0018671085126698017, -0.0006906753988005221, 0.00013278376718517393, 0.0007983861723914742, 0.0020023141987621784], [-6.031797965988517e-05, 0.0028615789487957954, -0.0007183760171756148, 0.0018517521675676107, -0.002782875206321478, 0.003277290379628539, -0.002081229817122221, 0.013621669262647629, -0.005070575978606939, 0.002729457337409258, -0.0017714046407490969, -0.0025561240036040545, 0.0002124849270330742], [0.0010010736295953393, -0.0028417271096259356, -0.00019754063396248966, -0.004657120443880558, -0.0010607278672978282, -0.0025378114078193903, 0.0018671085126698017, -0.005070575978606939, 0.015685152262449265, -0.005257738288491964, 0.0022884048521518707, -0.0006120518082752824, -0.0011810783762484789], [-0.0005237504956312478, 0.0026683825999498367, -0.0013529895804822445, 0.0024865465238690376, 2.3473590772482567e-05, -0.0003369577752891928, -0.0006906753988005221, 0.002729457337409258, -0.005257738288491964, 0.014877918176352978, -0.004290258511900902, 0.0009751218603923917, 0.0012074371334165335], [0.0002852915786206722, -0.003383298171684146, 0.002082597929984331, -0.002384926425293088, -0.00027667483664117754, -0.0015889134956523776, 0.00013278376718517393, -0.0017714046407490969, 0.0022884048521518707, -0.004290258511900902, 0.014355198480188847, -0.0046773734502494335, -0.0007494608289562166], [-0.0003712905163411051, 0.0037558898329734802, -0.0030907660257071257, 0.0007657472742721438, 0.00028220185777172446, 0.004100380465388298, 0.0007983861723914742, -0.0025561240036040545, -0.0006120518082752824, 0.0009751218603923917, -0.0046773734502494335, 0.020355811342597008, -0.00681470287963748], [7.236656529130414e-06, -0.0030399418901652098, 0.0018211889546364546, -0.003101854817941785, -0.0008160501602105796, -0.0021441325079649687, 0.0020023141987621784, 0.0002124849270330742, -0.0011810783762484789, 0.0012074371334165335, -0.0007494608289562166, -0.00681470287963748, 0.02153252437710762]], "lowlevel.mfcc.cov": [[4566.95263671875, -2135.908447265625, 175.72267150878906, 472.14801025390625, 54.456146240234375, 184.5334014892578, -50.25315856933594, 37.00849533081055, 13.152677536010742, -83.8604736328125, -132.39199829101562, 64.65424346923828, -12.6182222366333], [-2135.908447265625, 1997.6890869140625, -522.2279663085938, -143.318359375, 101.42593383789062, -86.56134796142578, 140.69039916992188, 3.040835380554199, -30.699499130249023, 101.79893493652344, 71.56612396240234, -29.346141815185547, -1.3055061101913452], [175.72267150878906, -522.2279663085938, 810.1393432617188, -62.81456756591797, -107.6931381225586, 144.93263244628906, -58.04305648803711, -0.29654842615127563, 69.38975524902344, -54.92713165283203, 83.00079345703125, -23.692110061645508, 34.78345489501953], [472.14801025390625, -143.318359375, -62.81456756591797, 360.8604431152344, 31.924949645996094, -9.762158393859863, -10.7217378616333, 68.42354583740234, 14.969079971313477, -17.947837829589844, -22.006864547729492, 76.68109893798828, 10.76243782043457], [54.456146240234375, 101.42593383789062, -107.6931381225586, 31.924949645996094, 211.3765869140625, -18.701797485351562, 10.842550277709961, 29.324447631835938, 28.698945999145508, 14.125893592834473, -5.231680870056152, 39.66742706298828, 12.116402626037598], [184.5334014892578, -86.56134796142578, 144.93263244628906, -9.762158393859863, -18.701797485351562, 246.57183837890625, 49.29370880126953, 5.980085372924805, 45.41399383544922, 59.99754333496094, 61.7374267578125, -44.10862350463867, 7.290448188781738], [-50.25315856933594, 140.69039916992188, -58.04305648803711, -10.7217378616333, 10.842550277709961, 49.29370880126953, 134.29803466796875, 23.62350845336914, -7.3779706954956055, 47.042354583740234, 17.643312454223633, -2.8948936462402344, -0.5284630656242371], [37.00849533081055, 3.040835380554199, -0.29654842615127563, 68.42354583740234, 29.324447631835938, 5.980085372924805, 23.62350845336914, 108.88689422607422, 39.337791442871094, -2.784121513366699, 6.554053783416748, 37.69089889526367, 7.917104244232178], [13.152677536010742, -30.699499130249023, 69.38975524902344, 14.969079971313477, 28.698945999145508, 45.41399383544922, -7.3779706954956055, 39.337791442871094, 104.51871490478516, 17.363502502441406, 31.14573097229004, 0.8849119544029236, 13.187701225280762], [-83.8604736328125, 101.79893493652344, -54.92713165283203, -17.947837829589844, 14.125893592834473, 59.99754333496094, 47.042354583740234, -2.784121513366699, 17.363502502441406, 113.17626953125, 33.14386749267578, -14.39295768737793, 6.9594035148620605], [-132.39199829101562, 71.56612396240234, 83.00079345703125, -22.006864547729492, -5.231680870056152, 61.7374267578125, 17.643312454223633, 6.554053783416748, 31.14573097229004, 33.14386749267578, 106.43794250488281, -7.968085289001465, 12.830632209777832], [64.65424346923828, -29.346141815185547, -23.692110061645508, 76.68109893798828, 39.66742706298828, -44.10862350463867, -2.8948936462402344, 37.69089889526367, 0.8849119544029236, -14.39295768737793, -7.968085289001465, 112.53044891357422, 23.990711212158203], [-12.6182222366333, -1.3055061101913452, 34.78345489501953, 10.76243782043457, 12.116402626037598, 7.290448188781738, -0.5284630656242371, 7.917104244232178, 13.187701225280762, 6.9594035148620605, 12.830632209777832, 23.990711212158203, 69.6927719116211]], "lowlevel.mfcc.icov": [[0.0006167340907268226, 0.0007061298820190132, 0.00028272674535401165, -0.0005233739502727985, -0.00038975264760665596, -0.0004606213769875467, -0.0003734011552296579, 0.00020585194579325616, 0.0001257844123756513, 0.0002875110658351332, 0.00014486927830148488, 0.00016649368626531214, 1.783812876965385e-05], [0.0007061298820190132, 0.0015568011440336704, 0.0008089094189926982, -0.000301299529382959, -0.0005951334605924785, -0.00015585370420012623, -0.0009339862153865397, 0.00010594393097562715, 0.00019360102305654436, 0.00027496262919157743, -0.0007340587326325476, 0.0004886932438239455, -0.0001967068383237347], [0.00028272674535401165, 0.0008089094189926982, 0.0024304946418851614, 0.00036048583569936454, 0.0006121484912000597, -0.0012407621834427118, 0.0002524541923776269, 3.387945253052749e-05, -0.0008186124614439905, 0.0018160274485126138, -0.0015296339988708496, -6.974642747081816e-05, -0.0009017680422402918], [-0.0005233739502727985, -0.000301299529382959, 0.00036048583569936454, 0.004231481347233057, 0.0004382881161291152, -0.00028597612981684506, 0.0009396152454428375, -0.002021548105403781, -7.102183008100837e-05, 8.791687287157401e-05, 0.00014019437367096543, -0.002121745841577649, -3.405583629501052e-05], [-0.00038975264760665596, -0.0005951334605924785, 0.0006121484912000597, 0.0004382881161291152, 0.006151510402560234, 0.00025443738559260964, 0.00015672548033762723, -0.0003444144094828516, -0.0022266944870352745, -0.00034404825419187546, 0.00034436138230375946, -0.0019577115308493376, -0.0004444693913683295], [-0.0004606213769875467, -0.00015585370420012623, -0.0012407621834427118, -0.00028597612981684506, 0.00025443738559260964, 0.007401070091873407, -0.002120501361787319, 9.703773685032502e-05, -0.0015432363143190742, -0.0027853716164827347, -0.0019724376033991575, 0.002435086527839303, -0.00017339408805128187], [-0.0003734011552296579, -0.0009339862153865397, 0.0002524541923776269, 0.0009396152454428375, 0.00015672548033762723, -0.002120501361787319, 0.011292459443211555, -0.003915964625775814, 0.003202351974323392, -0.003358172718435526, -0.00018936925334855914, -0.0004283866146579385, 0.00028055545408278704], [0.00020585194579325616, 0.00010594393097562715, 3.387945253052749e-05, -0.002021548105403781, -0.0003444144094828516, 9.703773685032502e-05, -0.003915964625775814, 0.01461266539990902, -0.005911414045840502, 0.002122662030160427, 0.000144494857522659, -0.003370049176737666, 0.0007346778293140233], [0.0001257844123756513, 0.00019360102305654436, -0.0008186124614439905, -7.102183008100837e-05, -0.0022266944870352745, -0.0015432363143190742, 0.003202351974323392, -0.005911414045840502, 0.015042333863675594, -0.0022476036101579666, -0.0021612283308058977, 0.0017824365058913827, -0.0011473405174911022], [0.0002875110658351332, 0.00027496262919157743, 0.0018160274485126138, 8.791687287157401e-05, -0.00034404825419187546, -0.0027853716164827347, -0.003358172718435526, 0.002122662030160427, -0.0022476036101579666, 0.013926640152931213, -0.0026867843698710203, 0.0003626488905865699, -0.0013737333938479424], [0.00014486927830148488, -0.0007340587326325476, -0.0015296339988708496, 0.00014019437367096543, 0.00034436138230375946, -0.0019724376033991575, -0.00018936925334855914, 0.000144494857522659, -0.0021612283308058977, -0.0026867843698710203, 0.013969546183943748, -0.000822186004370451, -0.0007286688778549433], [0.00016649368626531214, 0.0004886932438239455, -6.974642747081816e-05, -0.002121745841577649, -0.0019577115308493376, 0.002435086527839303, -0.0004283866146579385, -0.003370049176737666, 0.0017824365058913827, 0.0003626488905865699, -0.000822186004370451, 0.013973918743431568, -0.004165466874837875], [1.783812876965385e-05, -0.0001967068383237347, -0.0009017680422402918, -3.405583629501052e-05, -0.0004444693913683295, -0.00017339408805128187, 0.00028055545408278704, 0.0007346778293140233, -0.0011473405174911022, -0.0013737333938479424, -0.0007286688778549433, -0.004165466874837875, 0.01673997938632965]], "metadata.audio_properties.analysis.downmix": "mix", "metadata.audio_properties.codec": "mp3", "metadata.