{"song_id": "1183709848874004520", "download": "https://cdn.discordapp.com/attachments/1128313332273782784/1183709848874004520/chirp.mp4?ex=658952b4&amp", "lyrics": "[Verse]\nIn the land of diversity and dreams\nA tale of Dronacharya, it seems\nA nexus formed between industry and education\nCreating paths for tech careers with innovation\n\n[Chorus]\nDronacharya, our guide, leading the way\nCrafting futures with drones, each passing day\nIndustry and education, hand in hand\nUnleashing potential, across the land", "style": ["Regular movements"], "essentia_features": {"lowlevel.average_loudness": 0.9536517858505249, "lowlevel.barkbands_crest.mean": 13.512151718139648, "lowlevel.barkbands_crest.stdev": 4.639717102050781, "lowlevel.barkbands_flatness_db.mean": 0.22181901335716248, "lowlevel.barkbands_flatness_db.stdev": 0.07113727182149887, "lowlevel.barkbands_kurtosis.mean": 28.069128036499023, "lowlevel.barkbands_kurtosis.stdev": 36.491153717041016, "lowlevel.barkbands_skewness.mean": 3.5631303787231445, "lowlevel.barkbands_skewness.stdev": 2.367744207382202, "lowlevel.barkbands_spread.mean": 13.289716720581055, "lowlevel.barkbands_spread.stdev": 18.060863494873047, "lowlevel.dissonance.mean": 0.44056689739227295, "lowlevel.dissonance.stdev": 0.041926752775907516, "lowlevel.dynamic_complexity": 2.800668954849243, "lowlevel.erbbands_crest.mean": 12.205625534057617, "lowlevel.erbbands_crest.stdev": 5.4017720222473145, "lowlevel.erbbands_flatness_db.mean": 0.16813524067401886, "lowlevel.erbbands_flatness_db.stdev": 0.04243433102965355, "lowlevel.erbbands_kurtosis.mean": 2.9386062622070312, "lowlevel.erbbands_kurtosis.stdev": 6.047268390655518, "lowlevel.erbbands_skewness.mean": 0.9746204614639282, "lowlevel.erbbands_skewness.stdev": 1.4102994203567505, "lowlevel.erbbands_spread.mean": 43.13829803466797, "lowlevel.erbbands_spread.stdev": 28.58519744873047, "lowlevel.hfc.mean": 15.982817649841309, "lowlevel.hfc.stdev": 17.675928115844727, "lowlevel.loudness_ebu128.integrated": -14.672931671142578, "lowlevel.loudness_ebu128.loudness_range": 2.875870704650879, "lowlevel.loudness_ebu128.momentary.mean": -15.047813415527344, "lowlevel.loudness_ebu128.momentary.stdev": 1.9190399646759033, "lowlevel.loudness_ebu128.short_term.mean": -14.799391746520996, "lowlevel.loudness_ebu128.short_term.stdev": 0.9904081225395203, "lowlevel.melbands_crest.mean": 17.8660831451416, "lowlevel.melbands_crest.stdev": 5.039556503295898, "lowlevel.melbands_flatness_db.mean": 0.3146743178367615, "lowlevel.melbands_flatness_db.stdev": 0.08902566879987717, "lowlevel.melbands_kurtosis.mean": 56.19630432128906, "lowlevel.melbands_kurtosis.stdev": 64.74240112304688, "lowlevel.melbands_skewness.mean": 4.827085971832275, "lowlevel.melbands_skewness.stdev": 2.856940269470215, "lowlevel.melbands_spread.mean": 11.311511993408203, "lowlevel.melbands_spread.stdev": 18.07967185974121, "lowlevel.pitch_salience.mean": 0.4510549306869507, "lowlevel.pitch_salience.stdev": 0.12687592208385468, "lowlevel.silence_rate_20dB.mean": 1.0, "lowlevel.silence_rate_20dB.stdev": 0.0, "lowlevel.silence_rate_30dB.mean": 0.9919204711914062, "lowlevel.silence_rate_30dB.stdev": 0.08952239900827408, "lowlevel.silence_rate_60dB.mean": 0.04164076969027519, "lowlevel.silence_rate_60dB.stdev": 0.19976994395256042, "lowlevel.spectral_centroid.mean": 707.5416259765625, "lowlevel.spectral_centroid.stdev": 676.0903930664062, "lowlevel.spectral_complexity.mean": 9.397762298583984, "lowlevel.spectral_complexity.stdev": 7.058631896972656, "lowlevel.spectral_decrease.mean": -1.0011737217041627e-08, "lowlevel.spectral_decrease.stdev": 6.562570042945026e-09, "lowlevel.spectral_energy.mean": 0.03923628851771355, "lowlevel.spectral_energy.stdev": 0.025475166738033295, "lowlevel.spectral_energyband_high.mean": 0.0005352344014681876, "lowlevel.spectral_energyband_high.stdev": 0.001221486832946539, "lowlevel.spectral_energyband_low.mean": 0.019120167940855026, "lowlevel.spectral_energyband_low.stdev": 0.01841738447546959, "lowlevel.spectral_energyband_middle_high.mean": 0.0030909283086657524, "lowlevel.spectral_energyband_middle_high.stdev": 0.0071456837467849255, "lowlevel.spectral_energyband_middle_low.mean": 0.01937706023454666, "lowlevel.spectral_energyband_middle_low.stdev": 0.01677069067955017, "lowlevel.spectral_entropy.mean": 6.976175308227539, "lowlevel.spectral_entropy.stdev": 0.6674878597259521, "lowlevel.spectral_flux.mean": 0.07960658520460129, "lowlevel.spectral_flux.stdev": 0.051519013941287994, "lowlevel.spectral_kurtosis.mean": 6.51441764831543, "lowlevel.spectral_kurtosis.stdev": 4.810115337371826, "lowlevel.spectral_rms.mean": 0.005795173346996307, "lowlevel.spectral_rms.stdev": 0.0021668688859790564, "lowlevel.spectral_rolloff.mean": 848.1070556640625, "lowlevel.spectral_rolloff.stdev": 1691.9879150390625, "lowlevel.spectral_skewness.mean": 2.0005877017974854, "lowlevel.spectral_skewness.stdev": 0.7487123608589172, "lowlevel.spectral_spread.mean": 4998987.5, "lowlevel.spectral_spread.stdev": 2101268.0, "lowlevel.spectral_strongpeak.mean": 0.8341522812843323, "lowlevel.spectral_strongpeak.stdev": 0.9684969186782837, "lowlevel.zerocrossingrate.mean": 0.0370086245238781, "lowlevel.zerocrossingrate.stdev": 0.04126127436757088, "metadata.audio_properties.analysis.equal_loudness": 0.0, "metadata.audio_properties.analysis.length": 37.333309173583984, "metadata.audio_properties.analysis.sample_rate": 44100.0, "metadata.audio_properties.analysis.start_time": 0.0, "metadata.audio_properties.bit_rate": 122425.0, "metadata.audio_properties.length": 37.33333206176758, "metadata.audio_properties.lossless": 0.0, "metadata.audio_properties.number_channels": 1.0, "metadata.audio_properties.replay_gain": -11.713066101074219, "metadata.audio_properties.sample_rate": 48000.0, "rhythm.beats_count": 80.0, "rhythm.beats_loudness.mean": 0.052982114255428314, "rhythm.beats_loudness.stdev": 0.028103409335017204, "rhythm.bpm": 134.65792846679688, "rhythm.bpm_histogram_first_peak_bpm": 136.0, "rhythm.bpm_histogram_first_peak_weight": 0.384615421295166, "rhythm.bpm_histogram_second_peak_bpm": 123.0, "rhythm.bpm_histogram_second_peak_spread": 0.3199999928474426, "rhythm.bpm_histogram_second_peak_weight": 0.2151898741722107, "rhythm.danceability": 1.1499277353286743, "rhythm.onset_rate": 4.980013370513916, "tonal.chords_changes_rate": 0.03602484613656998, "tonal.chords_number_rate": 0.004968944005668163, "tonal.chords_strength.mean": 0.5807374119758606, "tonal.chords_strength.stdev": 0.07561701536178589, "tonal.hpcp_crest.mean": 14.697036743164062, "tonal.hpcp_crest.stdev": 7.562224864959717, "tonal.hpcp_entropy.mean": 1.9573560953140259, "tonal.hpcp_entropy.stdev": 0.8248906135559082, "tonal.key_edma.strength": 0.7806890606880188, "tonal.key_krumhansl.strength": 0.7809299826622009, "tonal.key_temperley.strength": 0.7409015893936157, "tonal.tuning_diatonic_strength": 0.6190223693847656, "tonal.tuning_equal_tempered_deviation": 0.0842699483036995, "tonal.tuning_frequency": 441.2725830078125, "tonal.tuning_nontempered_energy_ratio": 0.7214653491973877, "lowlevel.barkbands.mean": [0.00042374705662950873, 0.009463495574891567, 0.006407059729099274, 0.005506803747266531, 0.008140814490616322, 0.0034591732546687126, 0.001015385496430099, 0.0005222517647780478, 0.000616454693954438, 0.00025639348314143717, 0.0003248311986681074, 0.00013686181046068668, 0.00040309070027433336, 0.0007617172668687999, 0.00046988559188321233, 0.0003259650256950408, 0.00021740504598710686, 0.00010507128899917006, 7.977138739079237e-05, 0.0001189804679597728, 7.60683324187994e-05, 6.979169847909361e-05, 7.188933523138985e-05, 0.0001340836170129478, 8.789980347501114e-05, 3.865576218231581e-05, 2.757377842499409e-06], "lowlevel.barkbands.stdev": [0.0006984617793932557, 0.012349818833172321, 0.008696996606886387, 0.0071160998195409775, 0.011467015370726585, 0.006617412902414799, 0.002411144319921732, 0.0013700329000130296, 0.0018331572646275163, 0.0007728509954176843, 0.0010835208231583238, 0.0004487316182348877, 0.0016282873693853617, 0.003306470112875104, 0.0018863308941945434, 0.0015367951709777117, 0.0005041330587118864, 0.0002418043150100857, 0.00022373332467395812, 0.0004054131859447807, 0.00022516620811074972, 0.00014783645747229457, 0.00017124296573456377, 0.00039128705975599587, 0.00033327279379591346, 0.00010130243754247203, 7.633242603333201e-06], "lowlevel.erbbands.mean": [0.3348815441131592, 1.9560962915420532, 5.472625255584717, 15.52009105682373, 25.5546817779541, 26.954315185546875, 14.257776260375977, 41.09147644042969, 18.89840316772461, 12.354175567626953, 10.531330108642578, 15.397419929504395, 9.84108829498291, 10.27401065826416, 9.989038467407227, 6.511554718017578, 16.598468780517578, 38.20252227783203, 28.533681869506836, 24.101215362548828, 16.145130157470703, 11.605064392089844, 6.76207160949707, 4.184703826904297, 4.492246627807617, 5.60990047454834, 3.9345343112945557, 2.430377960205078, 2.4389400482177734, 2.5054755210876465, 1.9413162469863892, 2.2058446407318115, 2.5051844120025635, 1.3028440475463867, 0.4522005319595337, 0.15198107063770294, 0.07909322530031204, 0.013917693868279457, 0.0003577036550268531, 5.4597239795839414e-05], "lowlevel.erbbands.stdev": [0.459465891122818, 2.5277397632598877, 6.500403881072998, 18.93404197692871, 30.569753646850586, 52.50294494628906, 31.430259704589844, 80.96875, 39.59815216064453, 28.703859329223633, 28.072154998779297, 46.1414909362793, 28.683273315429688, 29.8738956451416, 31.933565139770508, 20.046018600463867, 62.20066833496094, 166.5023193359375, 103.94512176513672, 128.0638427734375, 53.40919876098633, 25.043914794921875, 14.81889533996582, 11.284392356872559, 13.512989044189453, 19.645591735839844, 12.346501350402832, 6.7385993003845215, 5.270574569702148, 5.48541784286499, 4.729588031768799, 5.876874923706055, 7.972747802734375, 4.955667972564697, 1.7609810829162598, 0.49748021364212036, 0.20131175220012665, 0.031994327902793884, 0.0008497947710566223, 3.805724190897308e-05], "lowlevel.gfcc.mean": [-39.752052307128906, 98.26437377929688, -72.1351547241211, 41.144248962402344, -41.90338897705078, 14.7822904586792, -48.640174865722656, 0.7077945470809937, -24.225656509399414, -4.71595573425293, -21.540851593017578, -5.136085510253906, -11.63672161102295], "lowlevel.melbands.mean": [0.002853547688573599, 0.0028265540022403, 0.0029622679576277733, 0.0019467186648398638, 0.0006611624266952276, 0.0008230962557718158, 0.0002611691888887435, 0.00012740385136567056, 8.38732739794068e-05, 9.885777399176732e-05, 4.660397826228291e-05, 3.9470818592235446e-05, 3.8109112210804597e-05, 1.7226609998033382e-05, 1.7015618141158484e-05, 4.908591654384509e-05, 7.647954043932259e-05, 4.826762233278714e-05, 3.570041371858679e-05, 2.7318148568156175e-05, 1.7456128261983395e-05, 1.2670689102378674e-05, 8.49518346512923e-06, 4.156226623308612e-06, 3.293041118013207e-06, 2.8724552976200357e-06, 4.052261829201598e-06, 3.535033556545386e-06, 2.6097559384652413e-06, 1.8895315179179306e-06, 1.2352608109722496e-06, 1.3175219919503434e-06, 1.4577377669411362e-06, 1.3826527265337063e-06, 1.0983014817611547e-06, 1.0875832003875985e-06, 1.4857261021461454e-06, 1.8993897583641228e-06, 1.4462216313404497e-06, 9.79733158601448e-07], "lowlevel.melbands.stdev": [0.003783673280850053, 0.002895686076954007, 0.0031672099139541388, 0.0025730393826961517, 0.0014979362022131681, 0.0015811944613233209, 0.0005386466509662569, 0.00030561257153749466, 0.00023484035045839846, 0.00031621914240531623, 0.0001409471151418984, 0.00011643091420410201, 0.0001247546897502616, 5.5050964874681085e-05, 5.615878035314381e-05, 0.00020525416766759008, 0.0003614576708059758, 0.0001942397648235783, 0.00016216353105846792, 0.00015393302601296455, 5.6026594393188134e-05, 2.9535933208535425e-05, 1.8176013327320106e-05, 9.982877600123174e-06, 9.552710253046826e-06, 8.578842425777111e-06, 1.4547427781508304e-05, 1.2359037100395653e-05, 8.618744686827995e-06, 5.798235633847071e-06, 3.3711933156155283e-06, 2.9518607789214e-06, 3.1344577564595966e-06, 3.180765133947716e-06, 2.723742227317416e-06, 2.9367545266723027e-06, 4.076069672009908e-06, 5.7408969951211475e-06, 5.620387582894182e-06, 3.838797056232579e-06], "lowlevel.melbands128.mean": [0.0003801777202170342, 0.002565453527495265, 0.00436167698353529, 0.0026130261830985546, 0.002069578506052494, 0.00361767690628767, 0.0032223209273070097, 0.002686327090486884, 0.002691152971237898, 0.0020522489212453365, 0.0014812333974987268, 0.0008751778514124453, 0.00026513542979955673, 0.0004891291027888656, 0.0013687642058357596, 0.0006341258413158357, 0.0003543047932907939, 0.0001873014261946082, 0.00016158884682226926, 0.0001258445408893749, 0.00012948991206940264, 7.092566374922171e-05, 8.980858547147363e-05, 7.800914318067953e-05, 8.934405923355371e-05, 0.00014145039313007146, 3.934641426894814e-05, 5.0697581173153594e-05, 2.7329753720550798e-05, 3.07750487991143e-05, 4.228232864988968e-05, 6.164004298625514e-05, 2.9973652999615297e-05, 3.772008130908944e-05, 1.2333731319813523e-05, 1.311757296207361e-05, 1.9471013729344122e-05, 1.5049149624246638e-05, 1.3936329196440056e-05, 3.623873999458738e-05, 7.156725041568279e-05, 4.341451858635992e-05, 7.31165855540894e-05, 0.00010630974429659545, 5.35728941031266e-05, 4.1771538235479966e-05, 3.365295924595557e-05, 3.430695505812764e-05, 4.031708158436231e-05, 2.8685035431408323e-05, 2.936235068773385e-05, 2.198457696067635e-05, 1.4011517123435624e-05, 1.9681894627865404e-05, 1.4824092431808822e-05, 1.1480933608254418e-05, 1.1435234227974433e-05, 8.976626304502133e-06, 8.194829206331633e-06, 6.090746410336578e-06, 3.3053834158636164e-06, 3.230936499676318e-06, 3.5775353808276122e-06, 3.3633364182605874e-06, 2.7598214273893973e-06, 2.6880466066359077e-06, 3.024440502485959e-06, 3.2468619792780373e-06, 4.338447524787625e-06, 5.367030098568648e-06, 3.217126277377247e-06, 2.927985633505159e-06, 2.954439423774602e-06, 2.533093038437073e-06, 2.241009269710048e-06, 2.0889838197035715e-06, 1.7218255834450247e-06, 1.2119552366129938e-06, 1.2026315516777686e-06, 1.1551097713891068e-06, 1.310755237682315e-06, 1.3464336916513275e-06, 1.4681147604278522e-06, 1.5248278941726312e-06, 1.3698228258363088e-06, 1.4283108384915977e-06, 1.433219040336553e-06, 1.2116236121073598e-06, 1.0829247685251175e-06, 9.822485935728764e-07, 1.073769908543909e-06, 1.1318505812596413e-06, 1.08840993107151e-06, 1.2659995718422579e-06, 1.922721367009217e-06, 2.0387922177178552e-06, 1.8612450958244153e-06, 1.7803645278036129e-06, 1.430798988621973e-06, 1.3084811598673696e-06, 1.2081284239684464e-06, 8.832419666759961e-07, 7.964305837049324e-07, 6.227924700397125e-07, 4.936234745400725e-07, 3.649909672276408e-07, 3.097321439327061e-07, 2.7351416065357625e-07, 2.2013752243310591e-07, 2.2342378258599638e-07, 2.74901339025746e-07, 2.2928300325020246e-07, 3.053997090773919e-07, 2.5781676527003583e-07, 1.9252168215189158e-07, 1.4721595675837307e-07, 9.155264990567957e-08, 2.9117570576886465e-08, 2.585061942284028e-09, 1.4087321587030743e-11, 1.2497084096729782e-11, 6.5824828227034615e-12, 5.3309253712774396e-12, 4.895615163258427e-12, 4.786354472485765e-12, 4.058628433334377e-12, 3.730476431235141e-12, 3.6724911306462715e-12], "lowlevel.melbands128.stdev": [0.0006227433332242072, 0.00381571426987648, 0.006048309616744518, 0.003504788037389517, 0.002395603572949767, 0.00513537647202611, 0.004484592936933041, 0.0038036396726965904, 0.003799963975325227, 0.003633816260844469, 0.0037626526318490505, 0.0031287448946386576, 0.0009981883922591805, 0.0010643156711012125, 0.0029652437660843134, 0.0011990574421361089, 0.0009837556863203645, 0.0005852428148500621, 0.0005957133835181594, 0.0003661939699668437, 0.00042339309584349394, 0.00024274419411085546, 0.0003539355529937893, 0.0003187221009284258, 0.00029110535979270935, 0.0006143979844637215, 0.00016753067029640079, 0.00023539960966445506, 9.850360947893932e-05, 0.00011989058839390054, 0.0001485823158873245, 0.00029068952426314354, 0.00012237258488312364, 0.00017262939945794642, 6.007522461004555e-05, 5.2093924750806764e-05, 8.04070514277555e-05, 5.856573625351302e-05, 6.014727841829881e-05, 0.00015594395517837256, 0.00034229629090987146, 0.00022907643869984895, 0.000423146178945899, 0.0005800109356641769, 0.00027262905496172607, 0.0002429600281175226, 0.00015076367708388716, 0.00015875522512942553, 0.00024413976643700153, 0.00029653406818397343, 0.00016337718989234418, 7.996834756340832e-05, 6.725831917719916e-05, 6.425002356991172e-05, 4.625845394912176e-05, 3.26872177538462e-05, 2.6777841412695125e-05, 2.2571230147150345e-05, 2.1391804693848826e-05, 1.7049018424586393e-05, 9.502984539722092e-06, 1.0613764061417896e-05, 1.0819841008924413e-05, 1.0907631804002449e-05, 9.498727195023093e-06, 8.988461559056304e-06, 9.709551704872865e-06, 1.2094583325961139e-05, 1.6976211554720066e-05, 2.3830883947084658e-05, 1.2142015293648e-05, 1.0089605893881526e-05, 1.0067291441373527e-05, 9.394804692419712e-06, 8.07805099611869e-06, 6.637304068135563e-06, 5.880365279153921e-06, 3.997005933342734e-06, 3.363680889378884e-06, 3.1258348371920874e-06, 3.1761592254042625e-06, 3.336342615511967e-06, 3.5462110190565e-06, 3.4597078411024995e-06, 3.2769048630143516e-06, 3.3134815566882025e-06, 3.7295621950761415e-06, 3.2548689432587707e-06, 2.81467168861127e-06, 2.770034370769281e-06, 2.981801799251116e-06, 3.3406233796995366e-06, 3.1563567972625606e-06, 3.8744224184483755e-06, 5.864065315108746e-06, 6.107561603130307e-06, 5.781314939667936e-06, 7.561884558526799e-06, 6.307022431428777e-06, 5.099192549096188e-06, 4.894097401120234e-06, 3.5942985050496645e-06, 3.937813744414598e-06, 3.1375570870295633e-06, 1.9965757473983103e-06, 1.2753621376759838e-06, 1.2917672620460507e-06, 1.1284520269327913e-06, 7.8708779938097e-07, 7.745550192339579e-07, 9.103818570110889e-07, 6.365281137732381e-07, 8.93195476692199e-07, 6.912438266226673e-07, 4.669477959851065e-07, 3.8995639783934166e-07, 2.1793533733216464e-07, 1.562913212183048e-07, 1.8089663100795406e-08, 2.393812092993386e-10, 2.592187298144921e-10, 5.5937986881415824e-11, 3.376204524285775e-11, 2.7071950584045545e-11, 2.4210675131364212e-11, 1.0040336617667123e-11, 6.0633351638139654e-12, 5.935629158321243e-12], "lowlevel.mfcc.mean": [-698.7301025390625, 130.15036010742188, 31.846603393554688, 31.222293853759766, 28.888336181640625, 11.845637321472168, -2.1723806858062744, 0.5463117957115173, -0.3783895671367645, -0.1761886030435562, -8.109013557434082, -7.73214864730835, -6.269804954528809], "lowlevel.spectral_contrast_coeffs.mean": [-0.6241186261177063, -0.701379120349884, -0.7830414772033691, -0.7930324077606201, -0.8048267960548401, -0.7951781749725342], "lowlevel.spectral_contrast_coeffs.stdev": [0.09507665038108826, 0.1133231446146965, 0.0704861432313919, 0.06503769755363464, 0.049458522349596024, 0.03543386235833168], "lowlevel.spectral_contrast_valleys.mean": [-6.739452838897705, -7.617207050323486, -8.298236846923828, -8.194016456604004, -8.341239929199219, -10.583576202392578], "lowlevel.spectral_contrast_valleys.stdev": [0.8408008813858032, 0.7766687273979187, 0.8209757208824158, 0.8408669233322144, 0.8535616993904114, 1.0152842998504639], "rhythm.beats_loudness_band_ratio.mean": [0.6306878328323364, 0.2511028051376343, 0.07157793641090393, 0.04945961385965347, 0.032196737825870514, 0.029536444693803787], "rhythm.beats_loudness_band_ratio.stdev": [0.2745536267757416, 0.23691073060035706, 0.0791107639670372, 0.08479838073253632, 0.053352124989032745, 0.08441231399774551], "tonal.hpcp.mean": [0.03244734928011894, 0.029692279174923897, 0.04782291129231453, 0.08510521054267883, 0.07380961626768112, 0.03541777655482292, 0.030263466760516167, 0.06198788434267044, 0.3285224437713623, 0.4510020613670349, 0.2020820826292038, 0.05389069393277168, 0.02733461558818817, 0.015120393596589565, 0.01642189733684063, 0.0233978983014822, 0.03559018671512604, 0.054834797978401184, 0.060560762882232666, 0.0523519329726696, 0.03780001401901245, 0.02205408550798893, 0.0383998267352581, 0.172135591506958, 0.23479361832141876, 0.11783881485462189, 0.04541942477226257, 0.02841316908597946, 0.025234950706362724, 0.05989304184913635, 0.08455270528793335, 0.07804647833108902, 0.1585799753665924, 0.27860698103904724, 0.19766965508460999, 0.05751583352684975], "tonal.hpcp.stdev": [0.11833794414997101, 0.11226186901330948, 0.15005570650100708, 0.21961058676242828, 0.19798700511455536, 0.11919104307889938, 0.12103798240423203, 0.16736264526844025, 0.3291251063346863, 0.4124864339828491, 0.2504526972770691, 0.17812611162662506, 0.1141887679696083, 0.07824613153934479, 0.08103913813829422, 0.10216689109802246, 0.13543790578842163, 0.16970708966255188, 0.17530187964439392, 0.15715186297893524, 0.13159453868865967, 0.09341470897197723, 0.13687998056411743, 0.28113874793052673, 0.3623619079589844, 0.2145739197731018, 0.16124610602855682, 0.12492804229259491, 0.09926943480968475, 0.1694159060716629, 0.2137100249528885, 0.18842542171478271, 0.26457250118255615, 0.3871519863605499, 0.31566938757896423, 0.14940805733203888], "rhythm.beats_position": [0.4760090708732605, 0.9404081702232361, 1.404807209968567, 1.8808163404464722, 2.3684353828430176, 2.8560543060302734, 3.320453405380249, 3.808072566986084, 4.29569149017334, 4.783310413360596, 5.24770975112915, 5.700498580932617, 6.176507949829102, 6.664126873016357, 7.151745796203613, 7.616145133972168, 8.057324409484863, 8.533332824707031, 9.032562255859375, 9.520181655883789, 9.984580039978027, 10.425759315490723, 10.878548622131348, 11.342947959899902, 11.83056640625, 12.318185806274414, 12.794195175170898, 13.246983528137207, 13.699772834777832, 14.140952110290527, 14.582131385803223, 15.023310661315918, 15.464489936828613, 15.905668258666992, 16.346847534179688, 16.788026809692383, 17.240816116333008, 17.681995391845703, 18.134784698486328, 18.587574005126953, 19.040363311767578, 19.48154067993164, 19.922719955444336, 20.38711929321289, 20.851518630981445, 21.33913803100586, 21.826757431030273, 22.291156768798828, 22.76716423034668, 23.254783630371094, 23.754013061523438, 24.218412399291992, 24.671201705932617, 25.112380981445312, 25.565170288085938, 26.006349563598633, 26.447526931762695, 26.88870620727539, 27.329885482788086, 27.77106475830078, 28.212244033813477, 28.653423309326172, 29.106212615966797, 29.547391891479492, 30.000181198120117, 30.452970504760742, 30.905759811401367, 31.346939086914062, 31.799726486206055, 32.26412582397461, 32.751747131347656, 33.250972747802734, 33.71537399291992, 34.179771423339844, 34.66739273071289, 35.15501022338867, 35.64263153076172, 36.10702896118164, 36.5482063293457, 36.98938751220703], "rhythm.bpm_histogram": [0.0, 0.0, 0.0, 0.0, 0.0, 0.0, 0.0, 0.0, 0.0, 0.0, 0.0, 0.0, 0.0, 0.0, 0.0, 0.0, 0.0, 0.0, 0.0, 0.0, 0.0, 0.0, 0.0, 0.0, 0.0, 0.0, 0.0, 0.0, 0.0, 0.0, 0.0, 0.0, 0.0, 0.0, 0.0, 0.0, 0.0, 0.0, 0.0, 0.0, 0.0, 0.0, 0.0, 0.0, 0.0, 0.0, 0.0, 0.0, 0.0, 0.0, 0.0, 0.0, 0.0, 0.0, 0.0, 0.0, 0.0, 0.0, 0.0, 0.0, 0.0, 0.0, 0.0, 0.0, 0.0, 0.0, 0.0, 0.0, 0.0, 0.0, 0.0, 0.0, 0.0, 0.0, 0.0, 0.0, 0.0, 0.0, 0.0, 0.0, 0.0, 0.0, 0.0, 0.0, 0.0, 0.0, 0.0, 0.0, 0.0, 0.0, 0.0, 0.0, 0.0, 0.0, 0.0, 0.0, 0.0, 0.0, 0.0, 0.0, 0.0, 0.0, 0.0, 0.0, 0.0, 0.0, 0.0, 0.0, 0.0, 0.0, 0.0, 0.0, 0.0, 0.0, 0.0, 0.0, 0.0, 0.0, 0.0, 0.0, 0.037974681705236435, 0.0, 0.0, 0.2151898741722107, 0.0, 0.0, 0.06329113990068436, 0.0, 0.0, 0.18987341225147247, 0.0, 0.0, 0.0, 0.18987341225147247, 0.0, 0.0, 0.3037974536418915, 0.0, 0.0, 0.0, 0.0, 0.0, 0.0, 0.0, 0.0, 0.0, 0.0, 0.0, 0.0, 0.0, 0.0, 0.0, 0.0, 0.0, 0.0, 0.0, 0.0, 0.0, 0.0, 0.0, 0.0, 0.0, 0.0, 0.0, 0.0, 0.0, 0.0, 0.0, 0.0, 0.0, 0.0, 0.0, 0.0, 0.0, 0.0, 0.0, 0.0, 0.0, 0.0, 0.0, 0.0, 0.0, 0.0, 0.0, 0.0, 0.0, 0.0, 0.0, 0.0, 0.0, 0.0, 0.0, 0.0, 0.0, 0.0, 0.0, 0.0, 0.0, 0.0, 0.0, 0.0, 0.0, 0.0, 0.0, 0.0, 0.0, 0.0, 0.0, 0.0, 0.0, 0.0, 0.0, 0.0, 0.0, 0.0, 0.0, 0.0, 0.0, 0.0, 0.0, 0.0, 0.0, 0.0, 0.0, 0.0, 0.0, 0.0, 0.0, 0.0, 0.0, 0.0, 0.0, 0.0, 0.0, 0.0, 0.0, 0.0, 0.0, 0.0, 0.0, 0.0, 0.0, 0.0, 0.0, 0.0, 0.0, 0.0, 0.0, 0.0, 0.0], "tonal.chords_histogram": [72.54658508300781, 21.49068260192871, 0.8695651888847351, 0.0, 0.0, 0.0, 0.0, 1.8633540868759155, 0.0, 2.6086957454681396, 0.0, 0.0, 0.0, 0.0, 0.0, 0.0, 0.0, 0.0, 0.6211180090904236, 0.0, 0.0, 0.0, 0.0, 0.0], "tonal.thpcp": [1.0, 0.44807353615760803, 0.11949101835489273, 0.060608625411987305, 0.0335262194275856, 0.03641202300786972, 0.05187980458140373, 0.07891357690095901, 0.12158436328172684, 0.13428045809268951, 0.11607914417982101, 0.0838133916258812, 0.04890018701553345, 0.08514335006475449, 0.3816736340522766, 0.5206043124198914, 0.26128220558166504, 0.10070779919624329, 0.06300009042024612, 0.055953070521354675, 0.1327999234199524, 0.18747742474079132, 0.17305126786231995, 0.3516169488430023, 0.6177510023117065, 0.43828991055488586, 0.12752898037433624, 0.07194501161575317, 0.06583623588085175, 0.10603701323270798, 0.18870249390602112, 0.16365693509578705, 0.07853129506111145, 0.06710272282361984, 0.13744479417800903, 0.7284278273582458], "lowlevel.gfcc.cov": [[5654.29541015625, -1124.783447265625, -578.4163208007812, -332.011474609375, -482.843505859375, -71.85003662109375, -435.3292236328125, 220.92637634277344, 32.8729248046875, 351.6806335449219, -48.5615119934082, 253.22735595703125, -210.4340057373047], [-1124.783447265625, 1688.08251953125, -114.35259246826172, -369.2854919433594, 318.4061279296875, -89.74244689941406, 190.21156311035156, -71.10467529296875, 175.7575225830078, -154.31805419921875, 159.6591796875, -82.55635833740234, 112.33003997802734], [-578.4163208007812, -114.35259246826172, 874.1142578125, 374.5315856933594, 70.70890045166016, 49.835670471191406, 41.07920837402344, 46.97365188598633, 3.9861302375793457, -10.175700187683105, 46.167884826660156, 109.79423522949219, 54.726863861083984], [-332.011474609375, -369.2854919433594, 374.5315856933594, 884.1416625976562, 241.5767822265625, 166.59353637695312, 120.35784149169922, 80.10305786132812, 63.0311393737793, -22.4212703704834, 64.9354248046875, 57.11500930786133, 140.29042053222656], [-482.843505859375, 318.4061279296875, 70.70890045166016, 241.5767822265625, 437.8495788574219, 156.16134643554688, 145.8148956298828, 20.337356567382812, 76.88385009765625, -32.87751388549805, 57.73292541503906, -7.229321479797363, 74.24383544921875], [-71.85003662109375, -89.74244689941406, 49.835670471191406, 166.59353637695312, 156.16134643554688, 345.9095458984375, 223.35362243652344, 30.66457176208496, -15.636003494262695, 55.133331298828125, 45.5664176940918, -32.746925354003906, 37.47121810913086], [-435.3292236328125, 190.21156311035156, 41.07920837402344, 120.35784149169922, 145.8148956298828, 223.35362243652344, 378.3721923828125, 54.55363464355469, -15.238764762878418, 20.811567306518555, 67.56024932861328, -26.41868782043457, 52.51238250732422], [220.92637634277344, -71.10467529296875, 46.97365188598633, 80.10305786132812, 20.337356567382812, 30.66457176208496, 54.55363464355469, 154.66207885742188, 76.54635620117188, 26.214664459228516, 12.695006370544434, 44.430030822753906, 19.594058990478516], [32.8729248046875, 175.7575225830078, 3.9861302375793457, 63.0311393737793, 76.88385009765625, -15.636003494262695, -15.238764762878418, 76.54635620117188, 181.54660034179688, 6.617826461791992, 26.29118537902832, 26.204832077026367, 47.61372375488281], [351.6806335449219, -154.31805419921875, -10.175700187683105, -22.4212703704834, -32.87751388549805, 55.133331298828125, 20.811567306518555, 26.214664459228516, 6.617826461791992, 149.2030029296875, 44.080474853515625, 25.815099716186523, -6.460360527038574], [-48.5615119934082, 159.6591796875, 46.167884826660156, 64.9354248046875, 57.73292541503906, 45.5664176940918, 67.56024932861328, 12.695006370544434, 26.29118537902832, 44.080474853515625, 142.65618896484375, 37.94813919067383, 41.1181755065918], [253.22735595703125, -82.55635833740234, 109.79423522949219, 57.11500930786133, -7.229321479797363, -32.746925354003906, -26.41868782043457, 44.430030822753906, 26.204832077026367, 25.815099716186523, 37.94813919067383, 143.44223022460938, 32.37116241455078], [-210.4340057373047, 112.33003997802734, 54.726863861083984, 140.29042053222656, 74.24383544921875, 37.47121810913086, 52.51238250732422, 19.594058990478516, 47.61372375488281, -6.460360527038574, 41.1181755065918, 32.37116241455078, 141.37461853027344]], "lowlevel.gfcc.icov": [[0.0003651137521956116, -0.00011488161544548348, 0.00034816560219042003, -0.0001560641685500741, 0.0002850049058906734, -0.00044180877739563584, 0.0006083266343921423, -0.0006150660337880254, 0.0002187803474953398, -0.0006497396971099079, 0.00023366707318928093, -0.0007949142600409687, 0.0004922337247990072], [-0.00011488161544548348, 0.0034161657094955444, -0.0006812275969423354, 0.0028382749296724796, -0.0022778455168008804, 0.002425306709483266, -0.0027044909074902534, 0.002345278160646558, -0.0036039671394973993, 0.0036450892221182585, -0.0041876244358718395, 0.002369929803535342, -0.0021495716646313667], [0.00034816560219042003, -0.0006812275969423354, 0.0019668489694595337, -0.0012410697527229786, 0.000712091161403805, -0.0008746047969907522, 0.0009579280740581453, -0.0009577088057994843, 0.0010524101089686155, -0.00092584133381024, 0.0008067325688898563, -0.002180782612413168, 0.0010324203176423907], [-0.0001560641685500741, 0.0028382749296724796, -0.0012410697527229786, 0.004249455872923136, -0.002510775811970234, 0.001468353671953082, -0.001993392826989293, 0.0013124702963978052, -0.002804685616865754, 0.0035066104028373957, -0.003640722017735243, 0.0021373850759118795, -0.0030617048032581806], [0.0002850049058906734, -0.0022778455168008804, 0.000712091161403805, -0.002510775811970234, 0.005441796965897083, -0.003154963720589876, 0.0013917237520217896, -0.0007452426361851394, 0.0004695998504757881, -0.001277252333238721, 0.0021670928690582514, -0.0021206780802458525, 0.001653504092246294], [-0.00044180877739563584, 0.002425306709483266, -0.0008746047969907522, 0.001468353671953082, -0.003154963720589876, 0.008140278980135918, -0.005017637740820646, 0.001911016646772623, -0.0015696522314101458, 0.0004561370296869427, -0.0026112799532711506, 0.003829773049801588, -0.002172973705455661], [0.0006083266343921423, -0.0027044909074902534, 0.0009579280740581453, -0.001993392826989293, 0.0013917237520217896, -0.005017637740820646, 0.008237488567829132, -0.005204824265092611, 0.0048715174198150635, -0.002898209262639284, 0.001533340197056532, -0.0015276658814400434, 0.0010530240833759308], [-0.0006150660337880254, 0.002345278160646558, -0.0009577088057994843, 0.0013124702963978052, -0.0007452426361851394, 0.001911016646772623, -0.005204824265092611, 0.013467293232679367, -0.00792425125837326, 0.0022545624524354935, -0.0010782495373860002, -0.0006390673806890845, -0.0005272437701933086], [0.0002187803474953398, -0.0036039671394973993, 0.0010524101089686155, -0.002804685616865754, 0.0004695998504757881, -0.0015696522314101458, 0.0048715174198150635, -0.00792425125837326, 0.013312832452356815, -0.004462004639208317, 0.0031553898006677628, -0.0015444767195731401, -0.00022842771431896836], [-0.0006497396971099079, 0.0036450892221182585, -0.00092584133381024, 0.0035066104028373957, -0.001277252333238721, 0.0004561370296869427, -0.002898209262639284, 0.0022545624524354935, -0.004462004639208317, 0.014034397900104523, -0.007603221107274294, 0.0020696064457297325, -0.001789210131391883], [0.00023366707318928093, -0.0041876244358718395, 0.0008067325688898563, -0.003640722017735243, 0.0021670928690582514, -0.0026112799532711506, 0.001533340197056532, -0.0010782495373860002, 0.0031553898006677628, -0.007603221107274294, 0.015284126624464989, -0.00545164942741394, 0.0015023908345028758], [-0.0007949142600409687, 0.002369929803535342, -0.002180782612413168, 0.0021373850759118795, -0.0021206780802458525, 0.003829773049801588, -0.0015276658814400434, -0.0006390673806890845, -0.0015444767195731401, 0.0020696064457297325, -0.00545164942741394, 0.013609380461275578, -0.004504309967160225], [0.0004922337247990072, -0.0021495716646313667, 0.0010324203176423907, -0.0030617048032581806, 0.001653504092246294, -0.002172973705455661, 0.0010530240833759308, -0.0005272437701933086, -0.00022842771431896836, -0.001789210131391883, 0.0015023908345028758, -0.004504309967160225, 0.012131724506616592]], "lowlevel.mfcc.cov": [[5918.87060546875, -1046.8746337890625, -506.4111328125, -461.8857421875, -208.3188934326172, -325.55499267578125, -374.3623046875, -201.06678771972656, -152.97828674316406, 31.19275665283203, 50.309444427490234, 141.22930908203125, 46.702701568603516], [-1046.8746337890625, 1834.0147705078125, -315.3033752441406, -275.52410888671875, -19.268678665161133, -82.17012786865234, -27.13170051574707, 40.981842041015625, -29.022523880004883, 4.448014259338379, 64.28234100341797, -22.365840911865234, -2.196398973464966], [-506.4111328125, -315.3033752441406, 742.9716796875, 260.9598693847656, 83.34811401367188, 39.138668060302734, 55.972900390625, 58.840858459472656, 32.51033401489258, -69.5941162109375, -22.409128189086914, 80.0634536743164, 39.06015396118164], [-461.8857421875, -275.52410888671875, 260.9598693847656, 560.5347900390625, 236.498291015625, 110.3997802734375, 81.01905822753906, 142.5727081298828, 87.7269058227539, -2.2436227798461914, -23.625205993652344, 51.607887268066406, 62.3110466003418], [-208.3188934326172, -19.268678665161133, 83.34811401367188, 236.498291015625, 374.1204528808594, 90.26398468017578, -15.138511657714844, 87.22386932373047, 52.99169158935547, 19.349313735961914, -12.610657691955566, 27.63226318359375, 42.755950927734375], [-325.55499267578125, -82.17012786865234, 39.138668060302734, 110.3997802734375, 90.26398468017578, 330.41162109375, 250.32611083984375, 72.73739624023438, 79.09783935546875, 54.41794967651367, 72.90912628173828, 15.124933242797852, -3.929438829421997], [-374.3623046875, -27.13170051574707, 55.972900390625, 81.01905822753906, -15.138511657714844, 250.32611083984375, 381.33453369140625, 96.57847595214844, 61.08707809448242, 60.74781799316406, 90.30789184570312, 25.560514450073242, -8.353155136108398], [-201.06678771972656, 40.981842041015625, 58.840858459472656, 142.5727081298828, 87.22386932373047, 72.73739624023438, 96.57847595214844, 200.07913208007812, 94.97066497802734, 21.8450927734375, 26.59271812438965, 43.81626510620117, 36.90458297729492], [-152.97828674316406, -29.022523880004883, 32.51033401489258, 87.7269058227539, 52.99169158935547, 79.09783935546875, 61.08707809448242, 94.97066497802734, 171.4928741455078, 70.67561340332031, 10.663214683532715, 18.643760681152344, 23.075912475585938], [31.19275665283203, 4.448014259338379, -69.5941162109375, -2.2436227798461914, 19.349313735961914, 54.41794967651367, 60.74781799316406, 21.8450927734375, 70.67561340332031, 146.9127197265625, 51.611663818359375, -4.16678524017334, -0.9013798832893372], [50.309444427490234, 64.28234100341797, -22.409128189086914, -23.625205993652344, -12.610657691955566, 72.90912628173828, 90.30789184570312, 26.59271812438965, 10.663214683532715, 51.611663818359375, 124.87939453125, 39.668853759765625, 1.2912529706954956], [141.22930908203125, -22.365840911865234, 80.0634536743164, 51.607887268066406, 27.63226318359375, 15.124933242797852, 25.560514450073242, 43.81626510620117, 18.643760681152344, -4.16678524017334, 39.668853759765625, 111.11822509765625, 49.39385223388672], [46.702701568603516, -2.196398973464966, 39.06015396118164, 62.3110466003418, 42.755950927734375, -3.929438829421997, -8.353155136108398, 36.90458297729492, 23.075912475585938, -0.9013798832893372, 1.2912529706954956, 49.39385223388672, 95.11874389648438]], "lowlevel.mfcc.icov": [[0.00029626936884596944, 0.00026176951359957457, 0.0002561321307439357, 0.000247939518885687, -2.1866675524506718e-05, 0.00015167365199886262, 0.0001995036582229659, -4.2423347622388974e-05, 0.0001543306716484949, -0.00011023332626791671, -0.0001618373062228784, -0.0006050555966794491, -7.904035737738013e-05], [0.00026176951359957457, 0.0009075034759007394, 0.0004245340242050588, 0.0006106449291110039, -0.00030362154939211905, 0.0004755840345751494, 2.2768099370296113e-05, -0.0004272997903171927, 0.0001119648150051944, 0.00020426555420272052, -0.0006295527564361691, -0.00024094957916531712, -0.00024957972345873713], [0.0002561321307439357, 0.0004245340242050588, 0.0021181933116167784, -0.00044992571929469705, -0.0001066194599843584, 0.00043899688171222806, -0.0002801958762574941, 0.0002671538677532226, -0.000340839585987851, 0.0009815429802984, -1.5051737136673182e-05, -0.0016098611522465944, 0.00017493165796622634], [0.000247939518885687, 0.0006106449291110039, -0.00044992571929469705, 0.003762652166187763, -0.0016755624674260616, 0.00011271976109128445, -0.000399459881009534, -0.0013462485512718558, -7.92363061918877e-05, 0.00010862927592825145, 0.0006548240198753774, -0.0003965476353187114, -0.0009253888856619596], [-2.1866675524506718e-05, -0.00030362154939211905, -0.0001066194599843584, -0.0016755624674260616, 0.004797592759132385, -0.0025668381713330746, 0.0023814497981220484, -0.0013272934593260288, 0.001007505226880312, -0.0013804486952722073, 0.0009969918755814433, -0.00042616433347575366, -0.0004430457192938775], [0.00015167365199886262, 0.0004755840345751494, 0.00043899688171222806, 0.00011271976109128445, -0.0025668381713330746, 0.008406982757151127, -0.005168352276086807, 0.0015942378668114543, -0.002659815363585949, 0.0015313533367589116, -0.002667846856638789, 0.0008916869410313666, 0.0003440399013925344], [0.0001995036582229659, 2.2768099370296113e-05, -0.0002801958762574941, -0.000399459881009534, 0.0023814497981220484, -0.005168352276086807, 0.007387067191302776, -0.002590794349089265, 0.001655073370784521, -0.0017236790154129267, -0.0009647783008404076, -0.0006949151284061372, 0.0006053466931916773], [-4.2423347622388974e-05, -0.0004272997903171927, 0.0002671538677532226, -0.0013462485512718558, -0.0013272934593260288, 0.0015942378668114543, -0.002590794349089265, 0.009814722463488579, -0.004877050407230854, 0.002125922590494156, -0.0013913321308791637, -0.000985242542810738, -0.0008559975540265441], [0.0001543306716484949, 0.0001119648150051944, -0.000340839585987851, -7.92363061918877e-05, 0.001007505226880312, -0.002659815363585949, 0.001655073370784521, -0.004877050407230854, 0.011658038944005966, -0.006090607028454542, 0.003234808798879385, -0.0012773559428751469, -0.0006730774766765535], [-0.00011023332626791671, 0.00020426555420272052, 0.0009815429802984, 0.00010862927592825145, -0.0013804486952722073, 0.0015313533367589116, -0.0017236790154129267, 0.002125922590494156, -0.006090607028454542, 0.012249407358467579, -0.0055265119299292564, 0.0027869567275047302, -0.0004863456997554749], [-0.0001618373062228784, -0.0006295527564361691, -1.5051737136673182e-05, 0.0006548240198753774, 0.0009969918755814433, -0.002667846856638789, -0.0009647783008404076, -0.0013913321308791637, 0.003234808798879385, -0.0055265119299292564, 0.015150175429880619, -0.0062646325677633286, 0.0017492002807557583], [-0.0006050555966794491, -0.00024094957916531712, -0.0016098611522465944, -0.0003965476353187114, -0.00042616433347575366, 0.0008916869410313666, -0.0006949151284061372, -0.000985242542810738, -0.0012773559428751469, 0.0027869567275047302, -0.0062646325677633286, 0.017137672752141953, -0.006716014351695776], [-7.904035737738013e-05, -0.00024957972345873713, 0.00017493165796622634, -0.0009253888856619596, -0.0004430457192938775, 0.0003440399013925344, 0.0006053466931916773, -0.0008559975540265441, -0.0006730774766765535, -0.0004863456997554749, 0.0017492002807557583, -0.006716014351695776, 0.015301699750125408]], "metadata.audio_properties.analysis.downmix": "mix", "metadata.audio_properties.codec": "mp3", "metadata.audio_properties.md5_encoded": "b38f54b18b1fa1c5ce954b3b6e0cd902", "metadata.tags.file_name": "1183709848874004520.mp3", "metadata.version.essentia": "2.1-beta6-dev", "metadata.version.essentia_git_