{"song_id": "1183680002731032607", "download": "https://cdn.discordapp.com/attachments/1135911532732108921/1183680002731032607/chirp.mp4?ex=658936e8&amp", "lyrics": "[verse]\nEu vim l\u00e1 de baixo, sem dinheiro no bolso\nUma hist\u00f3ria de supera\u00e7\u00e3o, nunca fui omisso\nLutei todos os dias, enfrentei obst\u00e1culos\nAgora ostento luxo, vivo no para\u00edso\n\n[chorus]\nCart\u00e3o Black, s\u00f3 carro de luxo\nAs notas na minha m\u00e3o, n\u00e3o conhe\u00e7o o fracasso\nDe volta pra minha quebrada, eu n\u00e3o volto mais\nVim pra ficar, o jogo agora \u00e9 de classe\n\n[verse]\nEu chego na balada no estilo ostenta\u00e7\u00e3o\nMulheres bonitas, BMW Z4 na m\u00e3o\nRolex no pulso, brilhando na escurid\u00e3o\nO baile para quando entro, causo admira\u00e7\u00e3o\n\n[chorus]\nCart\u00e3o Black, dinheiro n\u00e3o \u00e9 problema pra mim\nVida de luxo, tudo que sempre quis ter enfim\nMulheres no meu p\u00e9, querendo sentir o poder\nNo volante da Z4, eu vou dominar voc\u00ea", "style": ["Trap ostenta\u00e7\u00e3o com melodia estilo CARTAO BLACK do mc caverinha e kayblack"], "essentia_features": {"lowlevel.average_loudness": 0.5427318811416626, "lowlevel.barkbands_crest.mean": 18.130844116210938, "lowlevel.barkbands_crest.stdev": 3.873915433883667, "lowlevel.barkbands_flatness_db.mean": 0.4291689097881317, "lowlevel.barkbands_flatness_db.stdev": 0.12070000171661377, "lowlevel.barkbands_kurtosis.mean": 99.23302459716797, "lowlevel.barkbands_kurtosis.stdev": 139.07521057128906, "lowlevel.barkbands_skewness.mean": 5.685982704162598, "lowlevel.barkbands_skewness.stdev": 5.640113830566406, "lowlevel.barkbands_spread.mean": 7.387186050415039, "lowlevel.barkbands_spread.stdev": 8.64783763885498, "lowlevel.dissonance.mean": 0.38260340690612793, "lowlevel.dissonance.stdev": 0.12773995101451874, "lowlevel.dynamic_complexity": 5.3062825202941895, "lowlevel.erbbands_crest.mean": 20.04916000366211, "lowlevel.erbbands_crest.stdev": 8.116131782531738, "lowlevel.erbbands_flatness_db.mean": 0.3123152256011963, "lowlevel.erbbands_flatness_db.stdev": 0.12711821496486664, "lowlevel.erbbands_kurtosis.mean": 35.677486419677734, "lowlevel.erbbands_kurtosis.stdev": 67.59331512451172, "lowlevel.erbbands_skewness.mean": 2.1728482246398926, "lowlevel.erbbands_skewness.stdev": 3.4213478565216064, "lowlevel.erbbands_spread.mean": 40.956912994384766, "lowlevel.erbbands_spread.stdev": 44.47101593017578, "lowlevel.hfc.mean": 8.405799865722656, "lowlevel.hfc.stdev": 14.990889549255371, "lowlevel.loudness_ebu128.integrated": -19.9343204498291, "lowlevel.loudness_ebu128.loudness_range": 16.10929298400879, "lowlevel.loudness_ebu128.momentary.mean": -24.946975708007812, "lowlevel.loudness_ebu128.momentary.stdev": 6.529074668884277, "lowlevel.loudness_ebu128.short_term.mean": -24.67429542541504, "lowlevel.loudness_ebu128.short_term.stdev": 6.101200580596924, "lowlevel.melbands_crest.mean": 28.412900924682617, "lowlevel.melbands_crest.stdev": 9.252462387084961, "lowlevel.melbands_flatness_db.mean": 0.5212799906730652, "lowlevel.melbands_flatness_db.stdev": 0.1433439552783966, "lowlevel.melbands_kurtosis.mean": 467.8262939453125, "lowlevel.melbands_kurtosis.stdev": 834.146728515625, "lowlevel.melbands_skewness.mean": 11.656442642211914, "lowlevel.melbands_skewness.stdev": 14.054176330566406, "lowlevel.melbands_spread.mean": 8.197676658630371, "lowlevel.melbands_spread.stdev": 10.210551261901855, "lowlevel.pitch_salience.mean": 0.2764655351638794, "lowlevel.pitch_salience.stdev": 0.19562813639640808, "lowlevel.silence_rate_20dB.mean": 0.9246813654899597, "lowlevel.silence_rate_20dB.stdev": 0.2639053165912628, "lowlevel.silence_rate_30dB.mean": 0.7155272364616394, "lowlevel.silence_rate_30dB.stdev": 0.45116105675697327, "lowlevel.silence_rate_60dB.mean": 0.1703360378742218, "lowlevel.silence_rate_60dB.stdev": 0.375924289226532, "lowlevel.spectral_centroid.mean": 929.2557983398438, "lowlevel.spectral_centroid.stdev": 471.4501953125, "lowlevel.spectral_complexity.mean": 2.7033603191375732, "lowlevel.spectral_complexity.stdev": 2.453280448913574, "lowlevel.spectral_decrease.mean": -2.5253335422803502e-08, "lowlevel.spectral_decrease.stdev": 5.0630802661544294e-08, "lowlevel.spectral_energy.mean": 0.09607424587011337, "lowlevel.spectral_energy.stdev": 0.19229887425899506, "lowlevel.spectral_energyband_high.mean": 0.00012694614997599274, "lowlevel.spectral_energyband_high.stdev": 0.00038568946183659136, "lowlevel.spectral_energyband_low.mean": 0.09178832918405533, "lowlevel.spectral_energyband_low.stdev": 0.18891873955726624, "lowlevel.spectral_energyband_middle_high.mean": 0.0004429585242178291, "lowlevel.spectral_energyband_middle_high.stdev": 0.0009727026335895061, "lowlevel.spectral_energyband_middle_low.mean": 0.004557878244668245, "lowlevel.spectral_energyband_middle_low.stdev": 0.01596180908381939, "lowlevel.spectral_entropy.mean": 6.175927639007568, "lowlevel.spectral_entropy.stdev": 1.1910943984985352, "lowlevel.spectral_flux.mean": 0.09134887158870697, "lowlevel.spectral_flux.stdev": 0.18302831053733826, "lowlevel.spectral_kurtosis.mean": 8.49919319152832, "lowlevel.spectral_kurtosis.stdev": 9.283080101013184, "lowlevel.spectral_rms.mean": 0.006822086405009031, "lowlevel.spectral_rms.stdev": 0.0068695032969117165, "lowlevel.spectral_rolloff.mean": 559.1284790039062, "lowlevel.spectral_rolloff.stdev": 1209.3367919921875, "lowlevel.spectral_skewness.mean": 2.155097246170044, "lowlevel.spectral_skewness.stdev": 1.2037262916564941, "lowlevel.spectral_spread.mean": 4418849.5, "lowlevel.spectral_spread.stdev": 1753954.375, "lowlevel.spectral_strongpeak.mean": 0.7354084849357605, "lowlevel.spectral_strongpeak.stdev": 0.5912432074546814, "lowlevel.zerocrossingrate.mean": 0.025799695402383804, "lowlevel.zerocrossingrate.stdev": 0.03812868893146515, "metadata.audio_properties.analysis.equal_loudness": 0.0, "metadata.audio_properties.analysis.length": 40.04265213012695, "metadata.audio_properties.analysis.sample_rate": 44100.0, "metadata.audio_properties.analysis.start_time": 0.0, "metadata.audio_properties.bit_rate": 111119.0, "metadata.audio_properties.length": 40.042667388916016, "metadata.audio_properties.lossless": 0.0, "metadata.audio_properties.number_channels": 1.0, "metadata.audio_properties.replay_gain": -4.547887802124023, "metadata.audio_properties.sample_rate": 48000.0, "rhythm.beats_count": 70.0, "rhythm.beats_loudness.mean": 0.23178225755691528, "rhythm.beats_loudness.stdev": 0.30410289764404297, "rhythm.bpm": 84.6074447631836, "rhythm.bpm_histogram_first_peak_bpm": 85.0, "rhythm.bpm_histogram_first_peak_weight": 0.32258063554763794, "rhythm.bpm_histogram_second_peak_bpm": 167.0, "rhythm.bpm_histogram_second_peak_spread": 0.0, "rhythm.bpm_histogram_second_peak_weight": 0.11594203114509583, "rhythm.danceability": 1.3523811101913452, "rhythm.onset_rate": 3.5202107429504395, "tonal.chords_changes_rate": 0.06712962687015533, "tonal.chords_number_rate": 0.012731481343507767, "tonal.chords_strength.mean": 0.5147796869277954, "tonal.chords_strength.stdev": 0.06613719463348389, "tonal.hpcp_crest.mean": 16.143587112426758, "tonal.hpcp_crest.stdev": 6.010362148284912, "tonal.hpcp_entropy.mean": 1.4518637657165527, "tonal.hpcp_entropy.stdev": 0.5866226553916931, "tonal.key_edma.strength": 0.6343768835067749, "tonal.key_krumhansl.strength": 0.6240054368972778, "tonal.key_temperley.strength": 0.6013930439949036, "tonal.tuning_diatonic_strength": 0.5615925788879395, "tonal.tuning_equal_tempered_deviation": 0.24636369943618774, "tonal.tuning_frequency": 434.193115234375, "tonal.tuning_nontempered_energy_ratio": 0.7874871492385864, "lowlevel.barkbands.mean": [0.012300021015107632, 0.0716743990778923, 0.0070039741694927216, 0.00195814436301589, 0.0004959313664585352, 6.538381421705708e-05, 8.715759759070352e-05, 8.979855920188129e-05, 0.0017148220213130116, 0.00021429515618365258, 8.857916691340506e-05, 1.577715011080727e-05, 4.600908141583204e-06, 3.90984678233508e-05, 0.0001367572695016861, 1.2402119864418637e-05, 9.442090231459588e-06, 7.826040928193834e-06, 1.7654074326856062e-05, 1.378037723043235e-05, 1.4252118489821441e-05, 3.792896313825622e-05, 3.2996580557664856e-05, 9.363100616610609e-06, 1.6885933291632682e-05, 1.2545971912913956e-05, 5.585911253547238e-07], "lowlevel.barkbands.stdev": [0.01804163306951523, 0.16146951913833618, 0.03916959464550018, 0.011705178767442703, 0.003073753323405981, 0.000415377551689744, 0.00031783393933437765, 0.00027139083249494433, 0.0023959134705364704, 0.0004502354422584176, 0.00033602872281335294, 5.152581798029132e-05, 1.8444274246576242e-05, 0.00037570256972685456, 0.0007248919573612511, 2.5329638447146863e-05, 1.909250750031788e-05, 2.009779382206034e-05, 4.1940886148950085e-05, 5.06835785927251e-05, 3.352366911713034e-05, 8.767713734414428e-05, 0.00012190021516289562, 4.075781907886267e-05, 8.895445353118703e-05, 7.227293826872483e-05, 3.870485670631751e-06], "lowlevel.erbbands.mean": [3.695523500442505, 9.520554542541504, 8.96435260772705, 8.010368347167969, 3.5395989418029785, 1.3356127738952637, 0.5763524174690247, 0.556633710861206, 1.079604148864746, 1.7364517450332642, 9.270895004272461, 42.38938903808594, 14.509247779846191, 2.8005127906799316, 3.823279857635498, 0.724653959274292, 0.2472640722990036, 0.8588985800743103, 7.854715824127197, 3.103463649749756, 0.5548163056373596, 0.5679402351379395, 0.443067342042923, 0.7155699729919434, 0.9324184656143188, 0.6119745969772339, 0.29875054955482483, 0.7900145649909973, 1.0125137567520142, 2.0129055976867676, 0.5905595421791077, 0.1290578544139862, 0.21658867597579956, 0.2071911096572876, 0.0964529812335968, 0.05264713242650032, 0.0238207820802927, 0.004165492486208677, 0.00012817523384001106, 0.00010669820039765909], "lowlevel.erbbands.stdev": [7.340786457061768, 28.628366470336914, 46.181461334228516, 44.848453521728516, 21.660411834716797, 7.920032024383545, 4.678468227386475, 3.102583646774292, 4.295180320739746, 5.8347063064575195, 13.598695755004883, 64.41686248779297, 26.40081214904785, 6.860326766967773, 16.543628692626953, 2.272613286972046, 0.7931432723999023, 5.876251220703125, 47.82905578613281, 9.178936004638672, 0.931587278842926, 1.1655644178390503, 1.0458934307098389, 1.6178604364395142, 2.740732192993164, 2.132232904434204, 0.7563096880912781, 1.7611043453216553, 2.126101016998291, 5.996664524078369, 2.3236606121063232, 0.5898893475532532, 0.9481822848320007, 0.9962344169616699, 0.5966765880584717, 0.3617858588695526, 0.13176977634429932, 0.021299635991454124, 0.0004491491708904505, 0.00020779413171112537], "lowlevel.gfcc.mean": [-211.73439025878906, 97.06644439697266, -76.12224578857422, 31.455806732177734, -60.34369659423828, 35.802207946777344, 23.14247703552246, 36.22142791748047, 29.068655014038086, -4.469217300415039, -8.917948722839355, -0.5862174034118652, 0.09848541766405106], "lowlevel.melbands.mean": [0.02557373046875, 0.0067391907796263695, 0.0012452121591195464, 0.00015061725571285933, 2.3882406821940094e-05, 1.2520653399406001e-05, 1.693458943918813e-05, 1.717050326988101e-05, 0.00013172489707358181, 0.0002479090471751988, 6.127630331320688e-05, 9.730400961416308e-06, 1.178136244561756e-05, 4.602140052156756e-06, 7.884744945840794e-07, 3.0542108220288355e-07, 1.337976300419541e-06, 1.2757411241182126e-05, 8.011021236598026e-06, 1.276896796298388e-06, 4.927812824462308e-07, 5.360062687032041e-07, 5.973071210974013e-07, 2.869601871680061e-07, 6.142577149148565e-07, 6.528740073008521e-07, 7.650582460883015e-07, 2.906213296682836e-07, 1.246029626145173e-07, 3.1534793265564076e-07, 5.160003979653993e-07, 5.221614856054657e-07, 8.170599699042214e-07, 1.2493591157181072e-06, 4.1450229559814034e-07, 6.783730555071088e-08, 7.499006926536822e-08, 1.3907906293297856e-07, 1.9928071992580954e-07, 1.658428345763241e-07], "lowlevel.melbands.stdev": [0.05308331176638603, 0.025307370349764824, 0.0070238662883639336, 0.0009099332964979112, 0.00018253608141094446, 7.037787872832268e-05, 6.56036936561577e-05, 6.161727651488036e-05, 0.0001931064180098474, 0.00036769837606698275, 0.0001262210716959089, 2.916057565016672e-05, 4.5263041101861745e-05, 2.1176798327360302e-05, 2.778931275315699e-06, 1.0393091542937327e-06, 1.3613408555102069e-05, 8.215771231334656e-05, 3.137677413178608e-05, 2.4793057491478976e-06, 1.0944868336082436e-06, 1.113539724428847e-06, 1.4346252328323317e-06, 8.415648267146025e-07, 1.421271008439362e-06, 1.7083751799873426e-06, 2.8770346034434624e-06, 1.0107249863722245e-06, 3.763173026527511e-07, 8.809647056295944e-07, 1.158462850980868e-06, 1.2297203966227244e-06, 2.2434271613747114e-06, 4.00313410864328e-06, 1.7104382550314767e-06, 3.920146696145821e-07, 3.629533011917374e-07, 6.287094151957717e-07, 9.043687327903172e-07, 8.71710540195636e-07], "lowlevel.melbands128.mean": [0.011755861341953278, 0.03639845922589302, 0.027868080884218216, 0.011943086981773376, 0.005097587127238512, 0.0032121515832841396, 0.0017343801446259022, 0.0007622423581779003, 0.0002852462057489902, 0.00012439761485438794, 5.871790199307725e-05, 2.7327547286404297e-05, 1.736596277623903e-05, 1.4164613276079763e-05, 1.16021437861491e-05, 1.1921919394808356e-05, 1.4065556570130866e-05, 2.0041983589180745e-05, 1.7104539438150823e-05, 1.977391366381198e-05, 1.6959296772256494e-05, 9.406483513885178e-06, 5.1983330195071176e-05, 0.00036130181979388, 0.000437113776570186, 8.480377437081188e-05, 0.00011973956134170294, 6.321891851257533e-05, 2.0374529412947595e-05, 1.1239471859880723e-05, 5.6733792916929815e-06, 6.544991265400313e-06, 1.0243204087601043e-05, 2.212048275396228e-05, 3.5320831557328347e-06, 1.2957810895386501e-06, 8.528375587957271e-07, 8.094866075225582e-07, 7.608826422256243e-07, 4.047316224387032e-07, 2.1378063763677346e-07, 1.1752246109608677e-07, 1.296910738801671e-07, 6.235900968931674e-07, 8.981847713585012e-06, 2.0735085854539648e-05, 9.787111594050657e-06, 1.0933363228105009e-05, 4.479134531720774e-06, 2.4604892132629175e-06, 8.465782457278692e-07, 5.197277914703591e-07, 4.63140452211519e-07, 4.585076567309443e-07, 5.562826004279486e-07, 3.889567494752555e-07, 7.770098591208807e-07, 6.487695145551697e-07, 6.21548338131106e-07, 2.554007494381949e-07, 2.2505501817704499e-07, 3.3925050502148224e-07, 4.302637535147369e-07, 8.0688283787822e-07, 7.108600357241812e-07, 5.912240226280119e-07, 7.235653924908547e-07, 5.465313961394713e-07, 1.0118117188540054e-06, 7.35006892682577e-07, 1.9479648472042754e-07, 1.201832020569782e-07, 1.1146546086138187e-07, 1.2899694468160305e-07, 1.2492664325236547e-07, 2.575995097231498e-07, 4.851132757721643e-07, 3.3878339422699355e-07, 6.183537379911286e-07, 5.357110239856411e-07, 5.529769282475172e-07, 5.226728490015375e-07, 4.219982372433151e-07, 6.737814146617893e-07, 1.3780245353700593e-06, 1.2753247347063734e-06, 1.296075197387836e-06, 1.042986923494027e-06, 2.2654386100384727e-07, 1.131338294158013e-07, 6.872319602280186e-08, 6.115448059063056e-08, 4.995137103946945e-08, 5.370801403614678e-08, 9.00781174095755e-08, 1.6851537054662913e-07, 1.2251841496890847e-07, 1.448140096727002e-07, 2.1046274412128696e-07, 2.3255695680290955e-07, 1.849782336194039e-07, 1.6803437574708369e-07, 1.1048011572256655e-07, 1.2564052553898364e-07, 8.039467758180763e-08, 9.730554495490651e-08, 1.440343027070412e-07, 1.0386087012648204e-07, 7.45939701118914e-08, 8.539039697552653e-08, 7.454558215158613e-08, 7.338362451037028e-08, 8.790151184712158e-08, 7.67476180385529e-08, 5.7656176721820884e-08, 5.513483714025824e-08, 2.291035983148504e-08, 2.865891080006122e-09, 1.1521597911845483e-11, 1.1130672772363681e-11, 1.0927037920327454e-11, 1.0749486370476014e-11, 1.0506367477403078e-11, 1.0273596209864344e-11, 9.945533112343252e-12, 9.509531183338193e-12, 9.255444501088395e-12, 9.200817191468147e-12], "lowlevel.melbands128.stdev": [0.01725521683692932, 0.06827179342508316, 0.0721268504858017, 0.04211966320872307, 0.02747758850455284, 0.017749899998307228, 0.009860475547611713, 0.004652364179491997, 0.0018505712505429983, 0.0007204795838333666, 0.00035889397258870304, 0.00022698883549310267, 0.0001604151912033558, 0.00011773728328989819, 7.375187851721421e-05, 6.61379235680215e-05, 6.964106432860717e-05, 8.904223068384454e-05, 7.088035636115819e-05, 9.12080577109009e-05, 6.650892464676872e-05, 3.588511026464403e-05, 0.00012986375077161938, 0.0005711158155463636, 0.0007463601650670171, 0.00017178666894324124, 0.0002800157817546278, 0.00014191080117598176, 5.932878048042767e-05, 4.5735505409538746e-05, 2.8048896638210863e-05, 2.432861401757691e-05, 3.444917092565447e-05, 0.0001233967050211504, 1.5728737707831897e-05, 5.52663277630927e-06, 2.8225438200024655e-06, 3.4498050354159204e-06, 3.922341420548037e-06, 1.6230646906478796e-06, 8.333667551596591e-07, 3.219625170913787e-07, 3.09750959104349e-07, 6.455192306020763e-06, 9.553565905662253e-05, 0.00015418941620737314, 8.260855975095183e-05, 5.4447842558147386e-05, 1.656653876125347e-05, 6.165986633277498e-06, 1.9390897705306998e-06, 1.2949209349244484e-06, 1.3174097830415121e-06, 1.2823115866922308e-06, 1.4266660173234413e-06, 9.70147993939463e-07, 2.4513296921213623e-06, 1.6445953860966256e-06, 1.9585991140047554e-06, 8.690452091286716e-07, 8.500181820636499e-07, 1.2161322047177237e-06, 1.2357313607935794e-06, 2.1254604689602274e-06, 1.682894435361959e-06, 1.7659508557699155e-06, 2.5722426926222397e-06, 1.786045913831913e-06, 4.752133918373147e-06, 3.0622456961282296e-06, 7.969173339006375e-07, 4.29680341085259e-07, 3.562763879472186e-07, 4.28492569426453e-07, 4.771337103193218e-07, 7.533026291639544e-07, 1.5585900428050081e-06, 9.560297939970042e-07, 1.5749506019346882e-06, 1.2056360674250755e-06, 1.4840201174592949e-06, 1.6345537687811884e-06, 1.1835288660222432e-06, 1.9128988242300693e-06, 4.879407697444549e-06, 3.992488927906379e-06, 4.760053798236186e-06, 4.606113179761451e-06, 1.12092448034673e-06, 6.690129339403939e-07, 4.368000077192846e-07, 3.839926989712694e-07, 3.1211058626468e-07, 3.340169598686771e-07, 5.133157969794411e-07, 7.902939387349761e-07, 6.286537086452881e-07, 7.466063038918946e-07, 9.627071904105833e-07, 1.179660330308252e-06, 8.670151032674767e-07, 1.0540056791796815e-06, 7.090930012054741e-07, 8.437795600002573e-07, 4.860146418650402e-07, 6.633705424974323e-07, 1.095587663257902e-06, 7.932945322863816e-07, 5.540218239730166e-07, 6.160582870506914e-07, 5.944675649516284e-07, 5.24060737916443e-07, 4.995421818421164e-07, 3.9477527025155723e-07, 3.0938454642637225e-07, 2.888502876885468e-07, 1.6304103667152958e-07, 2.1919136727888144e-08, 3.268315132420874e-11, 3.175137236466341e-11, 3.137102383421464e-11, 3.060775938257265e-11, 2.9997278966353846e-11, 2.9163595149928057e-11, 2.862247938661966e-11, 2.813119528988217e-11, 2.7759088430667767e-11, 2.7721370338129603e-11], "lowlevel.mfcc.mean": [-881.1920776367188, 130.80516052246094, 42.03742218017578, 22.002187728881836, -11.381726264953613, 8.813530921936035, 6.25186014175415, 47.95209884643555, 37.823486328125, 30.706069946289062, 31.506309509277344, -11.7216796875, 23.08218765258789], "lowlevel.spectral_contrast_coeffs.mean": [-0.7202380895614624, -0.7022374868392944, -0.7085096836090088, -0.8008459210395813, -0.7847810983657837, -0.6910200119018555], "lowlevel.spectral_contrast_coeffs.stdev": [0.09000144153833389, 0.144964799284935, 0.11384714394807816, 0.0723053440451622, 0.06747179478406906, 0.06729763001203537], "lowlevel.spectral_contrast_valleys.mean": [-8.858405113220215, -8.69960880279541, -9.708833694458008, -10.625073432922363, -10.735949516296387, -13.073302268981934], "lowlevel.spectral_contrast_valleys.stdev": [1.3363733291625977, 1.2865859270095825, 1.4571881294250488, 1.7029353380203247, 1.847511887550354, 1.3169671297073364], "rhythm.beats_loudness_band_ratio.mean": [0.8820608258247375, 0.0048283664509654045, 0.09971354901790619, 0.006786723621189594, 0.006508722435683012, 0.00168658047914505], "rhythm.beats_loudness_band_ratio.stdev": [0.21691516041755676, 0.03772292658686638, 0.20477867126464844, 0.025506647303700447, 0.021967852488160133, 0.003299352712929249], "tonal.hpcp.mean": [0.030726565048098564, 0.03140939027070999, 0.02154913730919361, 0.013632996007800102, 0.012193120084702969, 0.011589931324124336, 0.012605239637196064, 0.020810363814234734, 0.021360114216804504, 0.017164554446935654, 0.012156744487583637, 0.007286864332854748, 0.007320130243897438, 0.006098190322518349, 0.004425599705427885, 0.00452800327911973, 0.006411037407815456, 0.007446887902915478, 0.014835424721240997, 0.07640830427408218, 0.43741461634635925, 0.6210252046585083, 0.3782132863998413, 0.19313447177410126, 0.08481694757938385, 0.03258947283029556, 0.019280733540654182, 0.01304590329527855, 0.047940175980329514, 0.09352545440196991, 0.06108718365430832, 0.03634007275104523, 0.050367698073387146, 0.04671445116400719, 0.04456699267029762, 0.0345204658806324], "tonal.hpcp.stdev": [0.1276397705078125, 0.13672463595867157, 0.11828134208917618, 0.0819154754281044, 0.08375398814678192, 0.07289866358041763, 0.06995375454425812, 0.10230544209480286, 0.10653230547904968, 0.09417616575956345, 0.07610081136226654, 0.061594098806381226, 0.06844916939735413, 0.05659658461809158, 0.04281781613826752, 0.035521987825632095, 0.06167152523994446, 0.0557783767580986, 0.07105875015258789, 0.18354424834251404, 0.3689509630203247, 0.4207271933555603, 0.355153888463974, 0.329652339220047, 0.22400163114070892, 0.13800397515296936, 0.10829164832830429, 0.08389199525117874, 0.14950963854789734, 0.2459365427494049, 0.1749248057603836, 0.140080988407135, 0.1817987561225891, 0.16875037550926208, 0.1640872061252594, 0.13706667721271515], "rhythm.beats_position": [0.4411791265010834, 0.9055781960487366, 1.369977355003357, 1.8227664232254028, 2.2755556106567383, 2.728344678878784, 3.1579136848449707, 3.5874829292297363, 4.017052173614502, 4.446621417999268, 4.8645806312561035, 5.27092981338501, 5.6888885498046875, 6.048798084259033, 6.408707141876221, 6.768616676330566, 7.128525733947754, 7.4884352684021, 7.848344326019287, 8.208253860473633, 8.57977294921875, 8.951292037963867, 9.3228120803833, 9.694331169128418, 10.054240226745605, 10.51863956451416, 10.983037948608398, 11.459047317504883, 11.958276748657227, 12.445895195007324, 12.945124626159668, 13.514013290405273, 14.082901954650879, 14.6517915725708, 15.232290267944336, 15.812788963317871, 16.404897689819336, 16.997007369995117, 17.600725173950195, 18.32054328918457, 19.040363311767578, 19.771791458129883, 20.503219604492188, 21.199817657470703, 21.89641761779785, 22.604625701904297, 23.312833786010742, 24.044261932373047, 24.764081954956055, 25.4722900390625, 26.180498123168945, 26.88870620727539, 27.59691619873047, 28.305124282836914, 29.00172233581543, 29.721542358398438, 30.418140411376953, 31.1263484954834, 31.834556579589844, 32.53115463256836, 33.23936462402344, 33.947574615478516, 34.64417266845703, 35.363990783691406, 36.06058883666992, 36.7804069519043, 37.47700500488281, 38.17360305786133, 38.89342498779297, 39.590023040771484], "rhythm.bpm_histogram": [0.0, 0.0, 0.0, 0.0, 0.0, 0.0, 0.0, 0.0, 0.0, 0.0, 0.0, 0.0, 0.0, 0.0, 0.0, 0.0, 0.0, 0.0, 0.0, 0.0, 0.0, 0.0, 0.0, 0.0, 0.0, 0.0, 0.0, 0.0, 0.0, 0.0, 0.0, 0.0, 0.0, 0.0, 0.0, 0.0, 0.0, 0.0, 0.0, 0.0, 0.0, 0.0, 0.0, 0.0, 0.0, 0.0, 0.0, 0.0, 0.0, 0.0, 0.0, 0.0, 0.0, 0.0, 0.0, 0.0, 0.0, 0.0, 0.0, 0.0, 0.0, 0.0, 0.0, 0.0, 0.0, 0.0, 0.0, 0.0, 0.0, 0.0, 0.0, 0.0, 0.0, 0.0, 0.0, 0.0, 0.0, 0.0, 0.0, 0.0, 0.0, 0.0, 0.043478261679410934, 0.10144927352666855, 0.0, 0.15942029654979706, 0.14492753148078918, 0.0, 0.0, 0.0, 0.0, 0.0, 0.0, 0.0, 0.0, 0.0, 0.0, 0.0, 0.0, 0.014492753893136978, 0.0, 0.028985507786273956, 0.0, 0.028985507786273956, 0.0, 0.043478261679410934, 0.0, 0.0, 0.0, 0.0, 0.0, 0.0, 0.0, 0.0, 0.0, 0.0, 0.0, 0.0, 0.0, 0.0, 0.028985507786273956, 0.0, 0.0, 0.014492753893136978, 0.0, 0.0, 0.014492753893136978, 0.0, 0.0, 0.05797101557254791, 0.0, 0.0, 0.0, 0.043478261679410934, 0.0, 0.0, 0.0, 0.0, 0.0, 0.0, 0.05797101557254791, 0.0, 0.0, 0.0, 0.028985507786273956, 0.0, 0.0, 0.0, 0.014492753893136978, 0.0, 0.0, 0.0, 0.0, 0.0, 0.0, 0.0, 0.0, 0.0, 0.0, 0.0, 0.0, 0.05797101557254791, 0.0, 0.0, 0.0, 0.0, 0.0, 0.11594203114509583, 0.0, 0.0, 0.0, 0.0, 0.0, 0.0, 0.0, 0.0, 0.0, 0.0, 0.0, 0.0, 0.0, 0.0, 0.0, 0.0, 0.0, 0.0, 0.0, 0.0, 0.0, 0.0, 0.0, 0.0, 0.0, 0.0, 0.0, 0.0, 0.0, 0.0, 0.0, 0.0, 0.0, 0.0, 0.0, 0.0, 0.0, 0.0, 0.0, 0.0, 0.0, 0.0, 0.0, 0.0, 0.0, 0.0, 0.0, 0.0, 0.0, 0.0, 0.0, 0.0, 0.0, 0.0, 0.0, 0.0, 0.0, 0.0, 0.0, 0.0, 0.0, 0.0, 0.0, 0.0, 0.0, 0.0, 0.0, 0.0, 0.0, 0.0, 0.0, 0.0, 0.0, 0.0, 0.0, 0.0, 0.0, 0.0, 0.0, 0.0, 0.0, 0.0], "tonal.chords_histogram": [31.828702926635742, 15.277777671813965, 21.643518447875977, 0.0, 0.0, 0.0, 0.0, 3.5879628658294678, 3.125, 13.425926208496094, 0.0, 0.5787037014961243, 1.6203703880310059, 0.0, 0.0, 0.0, 4.166666507720947, 1.2731481790542603, 0.0, 1.2731481790542603, 0.0, 0.0, 0.0, 2.1990740299224854], "tonal.thpcp": [1.0, 0.6090143918991089, 0.310992956161499, 0.13657569885253906, 0.05247689411044121, 0.03104661963880062, 0.02100704237818718, 0.07719521969556808, 0.15059848129749298, 0.09836506098508835, 0.058516260236501694, 0.08110411465167999, 0.07522150874137878, 0.07176358252763748, 0.055586256086826324, 0.04947716370224953, 0.050576675683259964, 0.034699294716119766, 0.021952403709292412, 0.019633857533335686, 0.018662577494978905, 0.020297469571232796, 0.033509694039821625, 0.034394923597574234, 0.027639063075184822, 0.01957528293132782, 0.011733604595065117, 0.0117871705442667, 0.00981955323368311, 0.007126280106604099, 0.0072911749593913555, 0.010323313064873219, 0.011991281062364578, 0.02388860285282135, 0.12303575128316879, 0.704342782497406], "lowlevel.gfcc.cov": [[14253.1845703125, -1532.0614013671875, -877.9434814453125, 1324.89404296875, 2228.394287109375, -1435.0572509765625, -2047.888427734375, -292.8822021484375, -1806.9234619140625, 756.7844848632812, -490.054931640625, 569.0562744140625, -68.77108764648438], [-1532.0614013671875, 1674.60546875, 499.6301574707031, -209.231201171875, -308.6459655761719, 241.23251342773438, 449.6990661621094, -83.36134338378906, 512.9114990234375, -578.8167114257812, 37.12877655029297, -261.9471130371094, -56.25709533691406], [-877.9434814453125, 499.6301574707031, 2313.397216796875, 328.0677490234375, -50.381744384765625, 443.13116455078125, 646.1614379882812, 161.70968627929688, 114.0808334350586, 222.0859832763672, 33.989234924316406, -91.22997283935547, 9.117964744567871], [1324.89404296875, -209.231201171875, 328.0677490234375, 856.0623168945312, 1350.518798828125, -14.849099159240723, -184.75994873046875, -271.3131103515625, -191.96128845214844, 534.5072021484375, 65.26754760742188, 71.81394958496094, 244.34246826171875], [2228.394287109375, -308.6459655761719, -50.381744384765625, 1350.518798828125, 3682.724365234375, 97.90950012207031, -663.7692260742188, -913.705810546875, -602.4421997070312, 1237.05859375, 109.20829010009766, 165.1316680908203, 682.2618408203125], [-1435.0572509765625, 241.23251342773438, 443.13116455078125, -14.849099159240723, 97.90950012207031, 627.520751953125, 464.8319091796875, -51.60531234741211, 133.3523712158203, -51.73043441772461, 30.15081024169922, -36.50701141357422, 132.82249450683594], [-2047.888427734375, 449.6990661621094, 646.1614379882812, -184.75994873046875, -663.7692260742188, 464.8319091796875, 886.6268310546875, 283.85406494140625, 347.9234313964844, -242.30233764648438, 132.7832489013672, -72.08051300048828, -13.354930877685547], [-292.8822021484375, -83.36134338378906, 161.70968627929688, -271.3131103515625, -913.705810546875, -51.60531234741211, 283.85406494140625, 493.9842834472656, 179.46963500976562, -194.06959533691406, 36.796791076660156, -47.35350036621094, -197.6369171142578], [-1806.9234619140625, 512.9114990234375, 114.0808334350586, -191.96128845214844, -602.4421997070312, 133.3523712158203, 347.9234313964844, 179.46963500976562, 707.356689453125, -226.8578643798828, 61.433677673339844, -164.6829833984375, -114.06795501708984], [756.7844848632812, -578.8167114257812, 222.0859832763672, 534.5072021484375, 1237.05859375, -51.73043441772461, -242.30233764648438, -194.06959533691406, -226.8578643798828, 915.4741821289062, 158.6281280517578, 45.663448333740234, 233.98036193847656], [-490.054931640625, 37.12877655029297, 33.989234924316406, 65.26754760742188, 109.20829010009766, 30.15081024169922, 132.7832489013672, 36.796791076660156, 61.433677673339844, 158.6281280517578, 226.6300506591797, -20.14043426513672, 43.413787841796875], [569.0562744140625, -261.9471130371094, -91.22997283935547, 71.81394958496094, 165.1316680908203, -36.50701141357422, -72.08051300048828, -47.35350036621094, -164.6829833984375, 45.663448333740234, -20.14043426513672, 198.3863067626953, 58.651466369628906], [-68.77108764648438, -56.25709533691406, 9.117964744567871, 244.34246826171875, 682.2618408203125, 132.82249450683594, -13.354930877685547, -197.6369171142578, -114.06795501708984, 233.98036193847656, 43.413787841796875, 58.651466369628906, 253.28631591796875]], "lowlevel.gfcc.icov": [[0.0002532234648242593, -0.0003867539926432073, 0.00019687604799401015, -0.0005893505294807255, 6.265292904572561e-05, -9.001378202810884e-05, 0.00035859167110174894, -0.0006136778392829001, 0.0005870253662578762, -0.0003550848923623562, 0.0005477165104821324, -0.000568736344575882, 0.0005930095794610679], [-0.0003867539926432073, 0.00357468007132411, -0.0015000468119978905, 0.002283225767314434, -0.0014687025686725974, 0.001824446371756494, -0.0014801446814090014, 0.0027764146216213703, -0.002225907752290368, 0.003978279419243336, -0.0025878276210278273, 0.0033805507700890303, -0.0013885940425097942], [0.00019687604799401015, -0.0015000468119978905, 0.0014754647854715586, -0.0017076466465368867, 0.0008383613894693553, -0.0010743598686531186, -9.23663392313756e-05, -0.0010925724636763334, 0.001214330201037228, -0.0022055201698094606, 0.0017771481070667505, -0.0011277394369244576, 0.0013030898990109563], [-0.0005893505294807255, 0.002283225767314434, -0.0017076466465368867, 0.005721579771488905, -0.0022160960361361504, 0.0020001225639134645, -0.0013868387322872877, 0.00195777858607471, -0.0023362278006970882, 0.002398938639089465, -0.002222861861810088, 0.0019189983140677214, -0.0020675226114690304], [6.265292904572561e-05, -0.0014687025686725974, 0.0008383613894693553, -0.0022160960361361504, 0.00234526046551764, -0.0013042398495599627, 0.0008990889764390886, 0.00012724811676889658, 0.0009943487821146846, -0.0025207181461155415, 0.0009498099097982049, -0.0010161541868001223, -0.0008392922463826835], [-9.001378202810884e-05, 0.001824446371756494, -0.0010743598686531186, 0.0020001225639134645, -0.0013042398495599627, 0.005262803751975298, -0.003233033698052168, 0.00232920004054904, -0.0010719597339630127, 0.002206076169386506, -0.00013083154044579715, 0.002092162147164345, -0.0020924187265336514], [0.00035859167110174894, -0.0014801446814090014, -9.23663392313756e-05, -0.0013868387322872877, 0.0008990889764390886, -0.003233033698052168, 0.005651460029184818, -0.003411911427974701, 0.0004681226855609566, -0.0004175456997472793, -0.0012128446251153946, -0.002059351420029998, -0.0006996350712142885], [-0.0006136778392829001, 0.0027764146216213703, -0.0010925724636763334, 0.00195777858607471, 0.00012724811676889658, 0.00232920004054904, -0.003411911427974701, 0.0080223074182868, -0.0020864650141447783, 0.001835765433497727, -0.0023808765690773726, 0.002741631818935275, 0.0002541200374253094], [0.0005870253662578762, -0.002225907752290368, 0.001214330201037228, -0.0023362278006970882, 0.0009943487821146846, -0.0010719597339630127, 0.0004681226855609566, -0.0020864650141447783, 0.004275193437933922, -0.00229122256860137, 0.001811751164495945, -0.0009331414476037025, 0.002102825092151761], [-0.0003550848923623562, 0.003978279419243336, -0.0022055201698094606, 0.002398938639089465, -0.0025207181461155415, 0.002206076169386506, -0.0004175456997472793, 0.001835765433497727, -0.00229122256860137, 0.007543663959950209, -0.0047622122801840305, 0.00378644117154181, -0.0024652450811117887], [0.0005477165104821324, -0.0025878276210278273, 0.0017771481070667505, -0.002222861861810088, 0.0009498099097982049, -0.00013083154044579715, -0.0012128446251153946, -0.0023808765690773726, 0.001811751164495945, -0.0047622122801840305, 0.009465145878493786, -0.0020136430393904448, 0.0013018583413213491], [-0.000568736344575882, 0.0033805507700890303, -0.0011277394369244576, 0.0019189983140677214, -0.0010161541868001223, 0.002092162147164345, -0.002059351420029998, 0.002741631818935275, -0.0009331414476037025, 0.00378644117154181, -0.0020136430393904448, 0.010239928029477596, -0.00348760187625885], [0.0005930095794610679, -0.0013885940425097942, 0.0013030898990109563, -0.0020675226114690304, -0.0008392922463826835, -0.0020924187265336514, -0.0006996350712142885, 0.0002541200374253094, 0.002102825092151761, -0.0024652450811117887, 0.0013018583413213491, -0.00348760187625885, 0.013076510280370712]], "lowlevel.mfcc.cov": [[14997.478515625, -901.1371459960938, -2970.05859375, 1275.510986328125, 1693.9837646484375, -589.7361450195312, 264.9859313964844, -1750.6639404296875, -560.1756591796875, -1823.4273681640625, -813.2081909179688, 258.4405822753906, 320.41693115234375], [-901.1371459960938, 1352.1766357421875, 399.8175048828125, -58.70003890991211, -28.986595153808594, 166.9421844482422, -168.15879821777344, 407.72247314453125, -70.3943099975586, 242.58563232421875, 83.87454986572266, -308.02130126953125, 14.75612735748291], [-2970.05859375, 399.8175048828125, 2820.241943359375, -377.3668212890625, -1141.3568115234375, -312.2382507324219, -92.0582504272461, 899.8623046875, 281.33563232421875, 591.5951538085938, 372.8753662109375, -19.313203811645508, -203.5774688720703], [1275.510986328125, -58.70003890991211, -377.3668212890625, 1105.2340087890625, 1075.2247314453125, 621.2001342773438, 477.54998779296875, -814.3097534179688, 259.3914489746094, -301.59808349609375, -78.1684799194336, 525.8355102539062, 13.729515075683594], [1693.9837646484375, -28.986595153808594, -1141.3568115234375, 1075.2247314453125, 1710.8255615234375, 994.5533447265625, 579.2318115234375, -1100.74072265625, 182.7955780029297, -396.7862548828125, -258.09765625, 431.4522399902344, 17.35926055908203], [-589.7361450195312, 166.9421844482422, -312.2382507324219, 621.2001342773438, 994.5533447265625, 1125.5828857421875, 564.28759765625, -514.8656005859375, 288.7692565917969, -89.45034790039062, -109.91727447509766, 251.44210815429688, -64.56310272216797], [264.9859313964844, -168.15879821777344, -92.0582504272461, 477.54998779296875, 579.2318115234375, 564.28759765625, 875.1204833984375, -467.0448913574219, 297.4821472167969, -250.37405395507812, -126.93666076660156, 452.20166015625, -13.869699478149414], [-1750.6639404296875, 407.72247314453125, 899.8623046875, -814.3097534179688, -1100.74072265625, -514.8656005859375, -467.0448913574219, 1318.4488525390625, -108.29690551757812, 411.7405090332031, 174.75930786132812, -634.88818359375, 68.88589477539062], [-560.1756591796875, -70.3943099975586, 281.33563232421875, 259.3914489746094, 182.7955780029297, 288.7692565917969, 297.4821472167969, -108.29690551757812, 392.6532897949219, 11.627120971679688, 93.80732727050781, 270.4847412109375, -11.8681058883667], [-1823.4273681640625, 242.58563232421875, 591.5951538085938, -301.59808349609375, -396.7862548828125, -89.45034790039062, -250.37405395507812, 411.7405090332031, 11.627120971679688, 573.2554931640625, 238.7223663330078, -138.700927734375, -43.4393196105957], [-813.2081909179688, 83.87454986572266, 372.8753662109375, -78.1684799194336, -258.09765625, -109.91727447509766, -126.93666076660156, 174.75930786132812, 93.80732727050781, 238.7223663330078, 332.23553466796875, 63.03351593017578, 10.67432975769043], [258.4405822753906, -308.02130126953125, -19.313203811645508, 525.8355102539062, 431.4522399902344, 251.44210815429688, 452.20166015625, -634.88818359375, 270.4847412109375, -138.700927734375, 63.03351593017578, 749.0919799804688, -43.294742584228516], [320.41693115234375, 14.75612735748291, -203.5774688720703, 13.729515075683594, 17.35926055908203, -64.56310272216797, -13.869699478149414, 68.88589477539062, -11.8681058883667, -43.4393196105957, 10.67432975769043, -43.294742584228516, 177.61669921875]], "lowlevel.mfcc.icov": [[0.00016652267368044704, 3.3551548312971136e-06, 2.4828621462802403e-05, -0.00013575413322541863, -0.00018093154358211905, 0.00035654992097988725, -6.713649781886488e-05, 6.358500831993297e-05, 9.540397149976343e-05, 0.00032901583472266793, -2.5186007405864075e-05, 0.00014622698654420674, -2.034764111158438e-05], [3.3551548312971136e-06, 0.0010838477173820138, -0.00020658675930462778, -0.00016071672143880278, -0.0003051887033507228, -0.00032818326144479215, 7.751437078695744e-05, -0.0004006243252661079, 0.0005712005076929927, -9.442236478207633e-05, -0.0003116463194601238, 0.00024513702373951674, -0.00015493655519094318], [2.4828621462802403e-05, -0.00020658675930462778, 0.0009880379075184464, -0.0006883362075313926, 0.000796779990196228, 0.00013431142724584788, -0.0002550544450059533, -0.0004008356190752238, -0.0005424828268587589, -0.00041941559175029397, 5.666091965395026e-05, -9.766859875526279e-05, 0.0010984856635332108], [-0.00013575413322541863, -0.00016071672143880278, -0.0006883362075313926, 0.003955633845180273, -0.002179250353947282, -0.0002055363147519529, 0.00043914903653785586, 0.0003180284984409809, -0.0005585604812949896, 0.0006904558977112174, -0.0004356289282441139, -0.001171802286989987, -0.000915143929887563], [-0.00018093154358211905, -0.0003051887033507228, 0.000796779990196228, -0.002179250353947282, 0.004709852393716574, -0.0022080682683736086, 6.002255395287648e-05, 0.0014418527716770768, -0.0002529369085095823, -0.0008417749777436256, 0.0010149750160053372, 0.0005202717729844153, -0.0005409616860561073], [0.00035654992097988725, -0.00032818326144479215, 0.00013431142724584788, -0.0002055363147519529, -0.0022080682683736086, 0.004011765122413635, -0.0013741846196353436, -1.0121380000782665e-05, -0.001100978348404169, -6.130381370894611e-05, -4.7426423407159746e-05, 0.0011016776552423835, 0.0013074022717773914], [-6.713649781886488e-05, 7.751437078695744e-05, -0.0002550544450059533, 0.00043914903653785586, 6.002255395287648e-05, -0.0013741846196353436, 0.0031115610618144274, -0.00023311151016969234, -0.0008356572943739593, 0.0006704286788590252, 0.0011958825634792447, -0.0016267774626612663, -0.0007438754546456039], [6.358500831993297e-05, -0.0004006243252661079, -0.0004008356190752238, 0.0003180284984409809, 0.0014418527716770768, -1.0121380000782665e-05, -0.00023311151016969234, 0.003803880885243416, -0.0009545279899612069, -0.0004781715397257358, 5.098370456835255e-05, 0.0022631073370575905, -0.001835654373280704], [9.540397149976343e-05, 0.0005712005076929927, -0.0005424828268587589, -0.0005585604812949896, -0.0002529369085095823, -0.001100978348404169, -0.0008356572943739593, -0.0009545279899612069, 0.0060103219002485275, 0.0005524264415726066, -0.0016672114143148065, -0.001166728907264769, -0.0005161876324564219], [0.00032901583472266793, -9.442236478207633e-05, -0.00041941559175029397, 0.0006904558977112174, -0.0008417749777436256, -6.130381370894611e-05, 0.0006704286788590252, -0.0004781715397257358, 0.0005524264415726066, 0.004551644902676344, -0.002124503720551729, -0.00010546994599280879, 0.00043007434578612447], [-2.5186007405864075e-05, -0.0003116463194601238, 5.666091965395026e-05, -0.0004356289282441139, 0.0010149750160053372, -4.7426423407159746e-05, 0.0011958825634792447, 5.098370456835255e-05, -0.0016672114143148065, -0.002124503720551729, 0.006377836223691702, -0.0014594533713534474, -0.0012429100461304188], [0.00014622698654420674, 0.00024513702373951674, -9.766859875526279e-05, -0.001171802286989987, 0.0005202717729844153, 0.0011016776552423835, -0.0016267774626612663, 0.0022631073370575905, -0.001166728907264769, -0.00010546994599280879