{"song_id": "1183713204296220772", "download": "https://cdn.discordapp.com/attachments/1135911532732108921/1183713204296220772/chirp.mp4?ex=658955d4&amp", "lyrics": "Stable Diffusion is the future of creation\nWith text and image you can make videos\nNo limits, no rules, just your vision\nYou are the master of your own illusion\n\nStable Diffusion is not just a game\nIt is a power that you have to use\nBut be careful what you show\nBecause not everything is as it seems\n\nStable Diffusion, Stable Diffusion\nChange the world with your solution\nStable Diffusion, Stable Diffusion\nBe ready for the revolution", "style": ["atmospheric neo</span><span>-classical song about being tired female voice"], "essentia_features": {"lowlevel.average_loudness": 0.9692032933235168, "lowlevel.barkbands_crest.mean": 10.52427864074707, "lowlevel.barkbands_crest.stdev": 3.4971280097961426, "lowlevel.barkbands_flatness_db.mean": 0.21416138112545013, "lowlevel.barkbands_flatness_db.stdev": 0.05037105828523636, "lowlevel.barkbands_kurtosis.mean": 4.0344929695129395, "lowlevel.barkbands_kurtosis.stdev": 5.082979679107666, "lowlevel.barkbands_skewness.mean": 1.2072196006774902, "lowlevel.barkbands_skewness.stdev": 1.2087132930755615, "lowlevel.barkbands_spread.mean": 13.198123931884766, "lowlevel.barkbands_spread.stdev": 9.605484008789062, "lowlevel.dissonance.mean": 0.4088171124458313, "lowlevel.dissonance.stdev": 0.05097273364663124, "lowlevel.dynamic_complexity": 1.8904428482055664, "lowlevel.erbbands_crest.mean": 13.216922760009766, "lowlevel.erbbands_crest.stdev": 5.118330001831055, "lowlevel.erbbands_flatness_db.mean": 0.2348974347114563, "lowlevel.erbbands_flatness_db.stdev": 0.0641070231795311, "lowlevel.erbbands_kurtosis.mean": 2.2679572105407715, "lowlevel.erbbands_kurtosis.stdev": 3.966442346572876, "lowlevel.erbbands_skewness.mean": 0.5673893690109253, "lowlevel.erbbands_skewness.stdev": 0.9343331456184387, "lowlevel.erbbands_spread.mean": 26.708772659301758, "lowlevel.erbbands_spread.stdev": 21.06146812438965, "lowlevel.hfc.mean": 21.056344985961914, "lowlevel.hfc.stdev": 15.642544746398926, "lowlevel.loudness_ebu128.integrated": -16.321269989013672, "lowlevel.loudness_ebu128.loudness_range": 2.3322620391845703, "lowlevel.loudness_ebu128.momentary.mean": -16.58941650390625, "lowlevel.loudness_ebu128.momentary.stdev": 1.5684492588043213, "lowlevel.loudness_ebu128.short_term.mean": -16.417245864868164, "lowlevel.loudness_ebu128.short_term.stdev": 0.8008320331573486, "lowlevel.melbands_crest.mean": 13.490283012390137, "lowlevel.melbands_crest.stdev": 4.212704658508301, "lowlevel.melbands_flatness_db.mean": 0.2742201089859009, "lowlevel.melbands_flatness_db.stdev": 0.05787554755806923, "lowlevel.melbands_kurtosis.mean": 8.218594551086426, "lowlevel.melbands_kurtosis.stdev": 10.537839889526367, "lowlevel.melbands_skewness.mean": 1.7307556867599487, "lowlevel.melbands_skewness.stdev": 1.5023916959762573, "lowlevel.melbands_spread.mean": 16.07150650024414, "lowlevel.melbands_spread.stdev": 9.312093734741211, "lowlevel.pitch_salience.mean": 0.496189147233963, "lowlevel.pitch_salience.stdev": 0.09654320031404495, "lowlevel.silence_rate_20dB.mean": 1.0, "lowlevel.silence_rate_20dB.stdev": 0.0, "lowlevel.silence_rate_30dB.mean": 1.0, "lowlevel.silence_rate_30dB.stdev": 0.0, "lowlevel.silence_rate_60dB.mean": 0.001746216556057334, "lowlevel.silence_rate_60dB.stdev": 0.041751377284526825, "lowlevel.spectral_centroid.mean": 905.9144287109375, "lowlevel.spectral_centroid.stdev": 404.3758544921875, "lowlevel.spectral_complexity.mean": 12.146100044250488, "lowlevel.spectral_complexity.stdev": 4.235115051269531, "lowlevel.spectral_decrease.mean": -6.963622567468519e-09, "lowlevel.spectral_decrease.stdev": 3.619182287195599e-09, "lowlevel.spectral_energy.mean": 0.028192196041345596, "lowlevel.spectral_energy.stdev": 0.014862868003547192, "lowlevel.spectral_energyband_high.mean": 0.0002904446446336806, "lowlevel.spectral_energyband_high.stdev": 0.0005462616099976003, "lowlevel.spectral_energyband_low.mean": 0.0045127966441214085, "lowlevel.spectral_energyband_low.stdev": 0.005033645313233137, "lowlevel.spectral_energyband_middle_high.mean": 0.009347014129161835, "lowlevel.spectral_energyband_middle_high.stdev": 0.01220813300460577, "lowlevel.spectral_energyband_middle_low.mean": 0.01589018665254116, "lowlevel.spectral_energyband_middle_low.stdev": 0.008868291042745113, "lowlevel.spectral_entropy.mean": 6.786268711090088, "lowlevel.spectral_entropy.stdev": 0.5030648708343506, "lowlevel.spectral_flux.mean": 0.08105283975601196, "lowlevel.spectral_flux.stdev": 0.04149073362350464, "lowlevel.spectral_kurtosis.mean": 10.96438980102539, "lowlevel.spectral_kurtosis.stdev": 10.034085273742676, "lowlevel.spectral_rms.mean": 0.005068440921604633, "lowlevel.spectral_rms.stdev": 0.0013473954750224948, "lowlevel.spectral_rolloff.mean": 1118.337890625, "lowlevel.spectral_rolloff.stdev": 939.1901245117188, "lowlevel.spectral_skewness.mean": 2.269827365875244, "lowlevel.spectral_skewness.stdev": 0.963853657245636, "lowlevel.spectral_spread.mean": 3618457.25, "lowlevel.spectral_spread.stdev": 2232067.25, "lowlevel.spectral_strongpeak.mean": 1.9652715921401978, "lowlevel.spectral_strongpeak.stdev": 1.7506210803985596, "lowlevel.zerocrossingrate.mean": 0.04600302875041962, "lowlevel.zerocrossingrate.stdev": 0.02186262421309948, "metadata.audio_properties.analysis.equal_loudness": 0.0, "metadata.audio_properties.analysis.length": 39.849613189697266, "metadata.audio_properties.analysis.sample_rate": 44100.0, "metadata.audio_properties.analysis.start_time": 0.0, "metadata.audio_properties.bit_rate": 116183.0, "metadata.audio_properties.length": 39.85066604614258, "metadata.audio_properties.lossless": 0.0, "metadata.audio_properties.number_channels": 1.0, "metadata.audio_properties.replay_gain": -10.433103561401367, "metadata.audio_properties.sample_rate": 48000.0, "rhythm.beats_count": 79.0, "rhythm.beats_loudness.mean": 0.03267855942249298, "rhythm.beats_loudness.stdev": 0.01685405895113945, "rhythm.bpm": 123.2562255859375, "rhythm.bpm_histogram_first_peak_bpm": 123.0, "rhythm.bpm_histogram_first_peak_weight": 0.19999998807907104, "rhythm.bpm_histogram_second_peak_bpm": 112.0, "rhythm.bpm_histogram_second_peak_spread": 0.5714285969734192, "rhythm.bpm_histogram_second_peak_weight": 0.11538461595773697, "rhythm.danceability": 1.2299072742462158, "rhythm.onset_rate": 4.188753604888916, "tonal.chords_changes_rate": 0.0546511635184288, "tonal.chords_number_rate": 0.009302325546741486, "tonal.chords_strength.mean": 0.47074928879737854, "tonal.chords_strength.stdev": 0.09806809574365616, "tonal.hpcp_crest.mean": 18.121536254882812, "tonal.hpcp_crest.stdev": 8.42163372039795, "tonal.hpcp_entropy.mean": 1.415928602218628, "tonal.hpcp_entropy.stdev": 0.6773858666419983, "tonal.key_edma.strength": 0.5329134464263916, "tonal.key_krumhansl.strength": 0.5129034519195557, "tonal.key_temperley.strength": 0.47723302245140076, "tonal.tuning_diatonic_strength": 0.3556552827358246, "tonal.tuning_equal_tempered_deviation": 0.06380057334899902, "tonal.tuning_frequency": 440.5086364746094, "tonal.tuning_nontempered_energy_ratio": 0.6408973336219788, "lowlevel.barkbands.mean": [3.0238179533625953e-06, 6.836967804701999e-05, 0.00290204887278378, 0.0016665278235450387, 0.0029725669883191586, 0.004407539032399654, 0.0014499786775559187, 0.003006925107911229, 0.001816467265598476, 0.0022128087002784014, 0.001853305147960782, 0.002483302727341652, 0.0007814494892954826, 0.0005478771636262536, 0.00043258845107629895, 0.00047351696412079036, 0.0001917080080602318, 0.0004168556188233197, 0.0001598769158590585, 0.00012996848090551794, 3.2416453905170783e-05, 1.9048296962864697e-05, 8.6263804405462e-05, 4.258341868990101e-05, 1.849181717261672e-05, 1.6213800336117856e-05, 4.783843792210973e-07], "lowlevel.barkbands.stdev": [6.496704827441135e-06, 7.475468737538904e-05, 0.0028523351065814495, 0.002497898880392313, 0.0027441454585641623, 0.0060476381331682205, 0.003562712809070945, 0.0028531630523502827, 0.0040280804969370365, 0.00565706891939044, 0.004679781384766102, 0.007288333959877491, 0.003024992300197482, 0.001792342634871602, 0.0013745540054515004, 0.0012323297560214996, 0.0005154868122190237, 0.0009920233860611916, 0.0003112825215794146, 0.00019696321396622807, 6.948377267690375e-05, 7.71746999816969e-05, 0.00024762842804193497, 0.00015486737538594753, 7.406973600154743e-05, 6.0628433857345954e-05, 1.92447214431013e-06], "lowlevel.erbbands.mean": [0.0011003065155819058, 0.05890610069036484, 2.0327396392822266, 6.811429977416992, 3.6274678707122803, 10.312460899353027, 32.81289291381836, 33.94451141357422, 26.52410125732422, 26.388084411621094, 60.89421463012695, 48.27458190917969, 58.89129638671875, 61.338279724121094, 108.864501953125, 84.49990844726562, 37.728187561035156, 25.947021484375, 28.990774154663086, 29.18675422668457, 19.96613121032715, 11.115259170532227, 21.22975730895996, 15.95396614074707, 5.266942501068115, 6.091911315917969, 3.156161308288574, 0.5402750968933105, 0.572956919670105, 1.7432202100753784, 2.511578321456909, 1.1350030899047852, 0.6141592860221863, 0.2613840401172638, 0.10596877336502075, 0.058378998190164566, 0.03362029790878296, 0.004828584846109152, 0.00010774240945465863, 3.6422425182536244e-05], "lowlevel.erbbands.stdev": [0.0009276041528210044, 0.047904521226882935, 1.7778687477111816, 9.196415901184082, 4.415133476257324, 10.927227020263672, 42.86251449584961, 56.955902099609375, 58.43754577636719, 32.35829544067383, 60.777984619140625, 103.59819793701172, 149.0758514404297, 154.92376708984375, 249.426025390625, 246.64938354492188, 126.65557861328125, 69.36552429199219, 90.87326049804688, 82.77538299560547, 52.578514099121094, 27.26643180847168, 58.90447998046875, 27.222637176513672, 8.360563278198242, 9.586803436279297, 5.441657066345215, 1.738162875175476, 2.478633165359497, 5.6370673179626465, 7.300400733947754, 3.665022373199463, 2.4040071964263916, 1.0151845216751099, 0.4950268268585205, 0.2304547131061554, 0.1239255964756012, 0.018351657316088676, 0.0003431720251683146, 1.9965271349065006e-05], "lowlevel.gfcc.mean": [-35.15120315551758, 121.42829895019531, -121.62254333496094, -0.6788511276245117, -67.18746185302734, -4.532610893249512, -45.74762725830078, 5.552628517150879, -34.12024688720703, -14.666094779968262, -8.864906311035156, -14.061995506286621, -19.71786117553711], "lowlevel.melbands.mean": [1.0649245268723462e-05, 0.0008177631534636021, 0.000967156607657671, 0.0004849680990446359, 0.0010066662216559052, 0.000777456269133836, 0.00036037559038959444, 0.0004281248839106411, 0.0004366314096841961, 0.00029563598218373954, 0.00029824732337147, 0.00025177665520459414, 0.00030802073888480663, 0.00033847111626528203, 0.0001136358841904439, 6.824546289863065e-05, 4.624594294000417e-05, 5.296978270052932e-05, 2.911910087277647e-05, 4.009233816759661e-05, 2.0620425857487135e-05, 1.1780323802668136e-05, 1.321839681622805e-05, 2.0851439330726862e-05, 1.2610002158908173e-05, 4.048503797093872e-06, 3.5583163935370976e-06, 4.238287147018127e-06, 2.6478803647478344e-06, 5.314007012202637e-07, 2.0304165104789718e-07, 2.550885369601019e-07, 4.804424520443717e-07, 1.2224900274304673e-06, 1.5773865698065492e-06, 1.0883463801292237e-06, 5.436543801806692e-07, 4.687030639161094e-07, 3.354917339493113e-07, 1.731835652662994e-07], "lowlevel.melbands.stdev": [1.0943237612082157e-05, 0.0007673997315578163, 0.0012441190192475915, 0.0005422507529146969, 0.0012018978595733643, 0.0011965312296524644, 0.0008158880518749356, 0.000421353877754882, 0.00044018717017024755, 0.0006743659032508731, 0.0007761153974570334, 0.0006906207418069243, 0.0007070389692671597, 0.0009775306098163128, 0.0005445307469926775, 0.00020783151558134705, 0.00014481833204627037, 0.0001824304199544713, 9.132890409091488e-05, 0.00011205168993910775, 6.369168113451451e-05, 3.337333691888489e-05, 3.3317486668238416e-05, 5.850682282471098e-05, 2.2630849343840964e-05, 8.752785106480587e-06, 5.3959311117068864e-06, 7.421634109050501e-06, 4.823969902645331e-06, 1.4348980812428636e-06, 9.027026521835069e-07, 1.2486149216783815e-06, 1.9276724287919933e-06, 4.02800878873677e-06, 4.8461888582096435e-06, 3.0225269256334286e-06, 2.055842969639343e-06, 1.8972556290464127e-06, 1.2841122725149035e-06, 7.21760216038092e-07], "lowlevel.melbands128.mean": [1.3940592680228292e-06, 2.0500842765613925e-06, 3.977065262006363e-06, 4.5742584916297346e-05, 0.0005179786821827292, 0.001754437922500074, 0.0017113701906055212, 0.0004241456917952746, 0.0002367612614762038, 0.0006013644160702825, 0.0005112948711030185, 0.0007234180811792612, 0.0012908680364489555, 0.001129182055592537, 0.0009095210116356611, 0.0004322229069657624, 0.0005205255001783371, 0.00035886350087821484, 0.00017398565250914544, 5.841742313350551e-05, 0.0007573297480121255, 0.001020119758322835, 0.0001573188928887248, 0.00018726626876741648, 0.0003809568879660219, 0.00029791705310344696, 0.00020705278438981622, 0.00030306889675557613, 0.0003682818205561489, 0.0003395052917767316, 0.0001651378406677395, 0.0001680413552094251, 0.00029130166512914, 0.0004347840731497854, 0.000431649386882782, 0.00033222694764845073, 0.00014661086606793106, 0.00010603303962852806, 8.850674203131348e-05, 7.57236557547003e-05, 7.245084998430684e-05, 4.424612416187301e-05, 3.347354504512623e-05, 5.2939405577490106e-05, 6.628907431149855e-05, 6.418283010134473e-05, 2.3859547582105733e-05, 1.3866600966139231e-05, 3.616599497036077e-05, 5.517881436389871e-05, 4.332628668635152e-05, 2.2113248633104376e-05, 2.0378227418405004e-05, 2.1721538359997794e-05, 1.7320186088909395e-05, 1.1823088243545499e-05, 5.073732609162107e-06, 7.5517737059271894e-06, 1.5321111277444288e-05, 2.6580690246191807e-05, 2.0244393454049714e-05, 1.8774155250866897e-05, 1.67863199749263e-05, 1.0751905392680783e-05, 5.9791013882204425e-06, 3.769213435589336e-06, 2.826299123626086e-06, 2.516848098821356e-06, 4.2979727368219756e-06, 4.2953688534908e-06, 4.082261057192227e-06, 4.296762199373916e-06, 3.945201115129748e-06, 2.4852570277289487e-06, 1.058935822584317e-06, 4.590268645188189e-07, 3.768580825180834e-07, 2.1118880511039606e-07, 1.8099188991982373e-07, 1.7902144122672325e-07, 1.9720836519354634e-07, 3.2545153771934565e-07, 3.19093715006602e-07, 4.568038889374293e-07, 6.001955625833943e-07, 9.69145844464947e-07, 1.4349584489536937e-06, 1.7550394204590702e-06, 1.5710098750787438e-06, 1.5470282050955575e-06, 1.2720032600554987e-06, 1.0214212124992628e-06, 6.60133423480147e-07, 4.830357624996395e-07, 4.6593677893724816e-07, 6.026693881722167e-07, 4.5077138111082604e-07, 2.968047851936717e-07, 4.180024291144946e-07, 3.0390680194614106e-07, 2.0909224929255288e-07, 1.6086111997992703e-07, 1.1540335265181056e-07, 1.1245762721046049e-07, 1.2548626671105012e-07, 1.244219873797192e-07, 8.782033944498835e-08, 7.762171350123026e-08, 8.934431150464661e-08, 1.1170870095611463e-07, 1.3561577816290082e-07, 1.438949226439945e-07, 1.0711052311762614e-07, 8.594327027822146e-08, 8.10293769859527e-08, 6.14808612908746e-08, 2.1232906988188915e-08, 4.6170345324725304e-10, 5.129991917374177e-12, 4.9763270761060685e-12, 4.849464146222671e-12, 4.740677034958951e-12, 4.651301913072281e-12, 4.564838958220907e-12, 4.456320295415095e-12, 4.3280713214743916e-12, 4.249520006716079e-12, 4.220269099464158e-12], "lowlevel.melbands128.stdev": [3.0586224966100417e-06, 3.974615083279787e-06, 8.106228051474318e-06, 5.279765900922939e-05, 0.00047561744577251375, 0.0018996692961081862, 0.0023790886625647545, 0.0006319363019429147, 0.00040132226422429085, 0.0008449041633866727, 0.0007683312287554145, 0.0009693540632724762, 0.002021711552515626, 0.0020393424201756716, 0.0020102167036384344, 0.0010873338906094432, 0.0014830940635874867, 0.0009961529867723584, 0.0007398318848572671, 0.00026374132721684873, 0.0006466763443313539, 0.0010081289801746607, 0.00047371338587254286, 0.0005413912585936487, 0.001069392659701407, 0.0009060339070856571, 0.0009744174894876778, 0.0011242867913097143, 0.0011464795097708702, 0.0012912909733131528, 0.0007341545424424112, 0.0006793150096200407, 0.0008626817725598812, 0.0014543444849550724, 0.0015793385682627559, 0.0014737513847649097, 0.0006287737051025033, 0.0008941218256950378, 0.0006007879273965955, 0.00031782558653503656, 0.00030313123716041446, 0.00021991264657117426, 0.00015602454368490726, 0.0002716952876653522, 0.0002938046236522496, 0.00030810415046289563, 0.00010917874169535935, 6.826239405199885e-05, 0.00017503922572359443, 0.00021056269179098308, 0.00016734159726183861, 9.28199733607471e-05, 9.586138185113668e-05, 0.00010154503979720175, 6.187315739225596e-05, 4.9630700232228264e-05, 2.1096491764183156e-05, 2.734331246756483e-05, 4.0412574890069664e-05, 0.00011620101577136666, 9.040119039127603e-05, 6.016119004925713e-05, 4.000418266514316e-05, 2.7946653062826954e-05, 2.0606605175998993e-05, 1.0825273420778103e-05, 8.079636245383881e-06, 6.2702597460884135e-06, 8.16239662526641e-06, 8.613924364908598e-06, 1.0085323083330877e-05, 1.1635265764198266e-05, 8.788631930656265e-06, 5.747913291997975e-06, 2.803678853524616e-06, 1.4758624047317426e-06, 1.5313195262933732e-06, 9.779280389921041e-07, 9.020861284625425e-07, 9.247381740351557e-07, 9.655822168497252e-07, 1.9359902125870576e-06, 1.589967268955661e-06, 1.9391457044548588e-06, 2.451650743751088e-06, 3.6497110613709083e-06, 5.022240657126531e-06, 6.406960892491043e-06, 5.2225127546989825e-06, 4.765847279486479e-06, 3.853828729916131e-06, 2.8201477562106447e-06, 2.43520526055363e-06, 2.1310008833097527e-06, 1.9813933249679394e-06, 2.3763141143717803e-06, 2.0486888843151974e-06, 1.4926092717360007e-06, 1.62414346505102e-06, 1.2939325415572966e-06, 8.229263244174945e-07, 6.830210850239382e-07, 9.03464638213336e-07, 6.706150088575669e-07, 7.884970045779482e-07, 4.826819690606499e-07, 3.611151839777449e-07, 3.2092876267597603e-07, 4.641226496460149e-07, 4.746692638946115e-07, 7.156156698329141e-07, 5.422236313279427e-07, 3.902240450770478e-07, 3.2726336485211505e-07, 3.5723749647331715e-07, 2.493734996278363e-07, 8.546550134269637e-08, 3.91503718333297e-09, 7.292474783759939e-12, 7.088375893193888e-12, 6.90696848673622e-12, 6.752754605487965e-12, 6.617103566475269e-12, 6.501015004101163e-12, 6.4039424804707146e-12, 6.32712111869882e-12, 6.2707300289843726e-12, 6.236194720343757e-12], "lowlevel.mfcc.mean": [-688.5902099609375, 163.046142578125, -4.788174629211426, 1.5743600130081177, 2.0341708660125732, -26.069211959838867, 0.8044595122337341, -0.4115459620952606, -26.598941802978516, 10.721436500549316, -21.151649475097656, -3.659222364425659, -0.9461715221405029], "lowlevel.spectral_contrast_coeffs.mean": [-0.589743971824646, -0.6483193635940552, -0.6920838356018066, -0.7578495144844055, -0.7578469514846802, -0.7737760543823242], "lowlevel.spectral_contrast_coeffs.stdev": [0.05990943685173988, 0.06117638945579529, 0.10275231301784515, 0.07936606556177139, 0.060640592128038406, 0.051592905074357986], "lowlevel.spectral_contrast_valleys.mean": [-7.316468238830566, -6.967684745788574, -7.611023902893066, -8.174321174621582, -8.313783645629883, -11.65896224975586], "lowlevel.spectral_contrast_valleys.stdev": [0.6079623103141785, 0.5843947529792786, 0.5332707762718201, 0.5667241215705872, 0.7495175004005432, 0.9617160558700562], "rhythm.beats_loudness_band_ratio.mean": [0.15075349807739258, 0.2565562427043915, 0.2589837908744812, 0.25448688864707947, 0.08581063896417618, 0.026396404951810837], "rhythm.beats_loudness_band_ratio.stdev": [0.15605585277080536, 0.19120541214942932, 0.1751076579093933, 0.2533137798309326, 0.10370610654354095, 0.045472294092178345], "tonal.hpcp.mean": [0.0777769684791565, 0.04397179186344147, 0.1300201267004013, 0.2512103021144867, 0.17061632871627808, 0.05987377464771271, 0.047349341213703156, 0.04861878603696823, 0.05522583797574043, 0.056247927248477936, 0.0683327466249466, 0.3958752155303955, 0.6071977019309998, 0.28838813304901123, 0.21434934437274933, 0.2470712661743164, 0.08861017227172852, 0.02970442734658718, 0.030006224289536476, 0.03805016353726387, 0.05912759155035019, 0.0922599583864212, 0.10644205659627914, 0.11970391124486923, 0.1154809296131134, 0.07024680823087692, 0.038179513067007065, 0.026716789230704308, 0.027969948947429657, 0.05693129077553749, 0.062353093177080154, 0.06352013349533081, 0.09975823014974594, 0.10332772880792618, 0.08829345554113388, 0.09537120163440704], "tonal.hpcp.stdev": [0.19994093477725983, 0.14113539457321167, 0.19439886510372162, 0.32679781317710876, 0.22671429812908173, 0.1490788459777832, 0.13399310410022736, 0.13593441247940063, 0.1513255387544632, 0.15586799383163452, 0.177620068192482, 0.26085546612739563, 0.35487574338912964, 0.233363538980484, 0.29529374837875366, 0.33908647298812866, 0.1717732846736908, 0.11353588849306107, 0.12306326627731323, 0.13552755117416382, 0.1661495417356491, 0.226630300283432, 0.2393525242805481, 0.24689725041389465, 0.24564436078071594, 0.18568775057792664, 0.13327929377555847, 0.10256171971559525, 0.09627684205770493, 0.1797732561826706, 0.18485739827156067, 0.18302901089191437, 0.21348772943019867, 0.18040861189365387, 0.19040164351463318, 0.23232628405094147], "rhythm.beats_position": [0.4527890980243683, 0.9287981986999512, 1.4164172410964966, 1.904036283493042, 2.391655206680298, 2.8560543060302734, 3.320453405380249, 3.7848525047302246, 4.249251842498779, 4.7600908279418945, 5.27092981338501, 5.7933783531188965, 6.315827369689941, 6.861496448516846, 7.40716552734375, 7.929614543914795, 8.45206356048584, 9.067392349243164, 9.682721138000488, 10.298049926757812, 10.913378715515137, 11.517097473144531, 12.074376106262207, 12.643264770507812, 13.212154388427734, 13.74621295928955, 14.280271530151367, 14.8143310546875, 15.301949501037598, 15.812788963317871, 16.346847534179688, 16.88090705871582, 17.403356552124023, 17.937414169311523, 18.471473693847656, 18.99392318725586, 19.52798080444336, 20.073650360107422, 20.619319915771484, 21.153377532958984, 21.652606964111328, 22.1634464263916, 22.674285888671875, 23.196733474731445, 23.70757293701172, 24.171972274780273, 24.647981643676758, 25.135601043701172, 25.565170288085938, 25.994739532470703, 26.40108871459961, 26.819047927856445, 27.24861717224121, 27.678184509277344, 28.09614372253418, 28.537322998046875, 28.97850227355957, 29.419681549072266, 29.90730094909668, 30.394920349121094, 30.85931968688965, 31.312108993530273, 31.75328826904297, 32.206077575683594, 32.693695068359375, 33.15809631347656, 33.622493743896484, 34.110111236572266, 34.59773254394531, 35.085350036621094, 35.57297134399414, 36.025760650634766, 36.47854995727539, 36.93133544921875, 37.384124755859375, 37.8369140625, 38.27809524536133, 38.73088455200195, 39.172061920166016], "rhythm.bpm_histogram": [0.0, 0.0, 0.0, 0.0, 0.0, 0.0, 0.0, 0.0, 0.0, 0.0, 0.0, 0.0, 0.0, 0.0, 0.0, 0.0, 0.0, 0.0, 0.0, 0.0, 0.0, 0.0, 0.0, 0.0, 0.0, 0.0, 0.0, 0.0, 0.0, 0.0, 0.0, 0.0, 0.0, 0.0, 0.0, 0.0, 0.0, 0.0, 0.0, 0.0, 0.0, 0.0, 0.0, 0.0, 0.0, 0.0, 0.0, 0.0, 0.0, 0.0, 0.0, 0.0, 0.0, 0.0, 0.0, 0.0, 0.0, 0.0, 0.0, 0.0, 0.0, 0.0, 0.0, 0.0, 0.0, 0.0, 0.0, 0.0, 0.0, 0.0, 0.0, 0.0, 0.0, 0.0, 0.0, 0.0, 0.0, 0.0, 0.0, 0.0, 0.0, 0.0, 0.0, 0.0, 0.0, 0.0, 0.0, 0.0, 0.0, 0.0, 0.0, 0.0, 0.0, 0.0, 0.0, 0.0, 0.0, 0.0, 0.05128205195069313, 0.012820512987673283, 0.0, 0.0, 0.0, 0.0, 0.0, 0.025641025975346565, 0.0, 0.0, 0.012820512987673283, 0.0, 0.05128205195069313, 0.0, 0.11538461595773697, 0.0, 0.0, 0.08974359184503555, 0.0, 0.07692307978868484, 0.0, 0.0, 0.012820512987673283, 0.0, 0.0, 0.1538461595773697, 0.0, 0.0, 0.025641025975346565, 0.0, 0.0, 0.10256410390138626, 0.0, 0.0, 0.0, 0.10256410390138626, 0.0, 0.0, 0.07692307978868484, 0.0, 0.0, 0.0, 0.05128205195069313, 0.0, 0.0, 0.0, 0.025641025975346565, 0.0, 0.0, 0.0, 0.012820512987673283, 0.0, 0.0, 0.0, 0.0, 0.0, 0.0, 0.0, 0.0, 0.0, 0.0, 0.0, 0.0, 0.0, 0.0, 0.0, 0.0, 0.0, 0.0, 0.0, 0.0, 0.0, 0.0, 0.0, 0.0, 0.0, 0.0, 0.0, 0.0, 0.0, 0.0, 0.0, 0.0, 0.0, 0.0, 0.0, 0.0, 0.0, 0.0, 0.0, 0.0, 0.0, 0.0, 0.0, 0.0, 0.0, 0.0, 0.0, 0.0, 0.0, 0.0, 0.0, 0.0, 0.0, 0.0, 0.0, 0.0, 0.0, 0.0, 0.0, 0.0, 0.0, 0.0, 0.0, 0.0, 0.0, 0.0, 0.0, 0.0, 0.0, 0.0, 0.0, 0.0, 0.0, 0.0, 0.0, 0.0, 0.0, 0.0, 0.0, 0.0, 0.0, 0.0, 0.0, 0.0, 0.0, 0.0, 0.0, 0.0, 0.0, 0.0, 0.0, 0.0, 0.0, 0.0, 0.0, 0.0, 0.0, 0.0, 0.0, 0.0, 0.0], "tonal.chords_histogram": [9.534883499145508, 39.88372039794922, 9.302325248718262, 0.0, 0.0, 0.0, 0.0, 4.418604850769043, 3.8372092247009277, 0.0, 0.0, 0.0, 0.0, 0.0, 0.0, 0.0, 0.0, 1.3953487873077393, 8.023255348205566, 23.604650497436523, 0.0, 0.0, 0.0, 0.0], "tonal.thpcp": [1.0, 0.47494933009147644, 0.3530140817165375, 0.4069041609764099, 0.14593298733234406, 0.04892051964998245, 0.04941755160689354, 0.062665194272995, 0.09737782180309296, 0.1519438475370407, 0.1753004938364029, 0.19714157283306122, 0.19018670916557312, 0.11569017171859741, 0.06287822127342224, 0.04400014877319336, 0.04606398940086365, 0.09376071393489838, 0.10268993675708771, 0.10461194813251495, 0.1642928272485733, 0.17017146944999695, 0.14541137218475342, 0.15706779062747955, 0.12809167802333832, 0.07241758704185486, 0.2141314595937729, 0.4137207865715027, 0.28098973631858826, 0.09860672056674957, 0.07798010855913162, 0.08007076382637024, 0.09095198661088943, 0.09263527393341064, 0.11253789067268372, 0.6519708633422852], "lowlevel.gfcc.cov": [[2588.69140625, -818.9036254882812, -420.46319580078125, 393.31488037109375, -100.37655639648438, -23.303165435791016, -294.38818359375, 58.32278823852539, 92.11656188964844, 36.87725830078125, -124.56373596191406, 75.02781677246094, 4.311997890472412], [-818.9036254882812, 1286.5863037109375, -346.51873779296875, -342.19378662109375, 290.8480224609375, -146.5724334716797, 297.9544372558594, -3.4863779544830322, -132.3743896484375, -152.47694396972656, 268.6574401855469, -226.50682067871094, 117.08769989013672], [-420.46319580078125, -346.51873779296875, 1146.1531982421875, 111.67032623291016, -268.7264099121094, 240.53260803222656, -163.80117797851562, -53.45795440673828, 131.37826538085938, 43.616966247558594, -263.66741943359375, 172.38031005859375, -172.25450134277344], [393.31488037109375, -342.19378662109375, 111.67032623291016, 555.98388671875, -45.69138717651367, -73.48839569091797, -228.4358673095703, 13.021943092346191, 212.26348876953125, -12.264525413513184, -148.36767578125, 97.962890625, 34.76911163330078], [-100.37655639648438, 290.8480224609375, -268.7264099121094, -45.69138717651367, 392.68292236328125, -67.64421081542969, 27.33404541015625, 55.34675598144531, -46.86733627319336, -39.742095947265625, 19.689891815185547, -84.20025634765625, 44.04355239868164], [-23.303165435791016, -146.5724334716797, 240.53260803222656, -73.48839569091797, -67.64421081542969, 275.0136413574219, 59.17277145385742, -54.44318771362305, -54.339054107666016, 40.08796310424805, -39.40961837768555, -6.4155755043029785, -87.01990509033203], [-294.38818359375, 297.9544372558594, -163.80117797851562, -228.4358673095703, 27.33404541015625, 59.17277145385742, 444.4776611328125, 3.6093790531158447, -252.5755615234375, 9.463759422302246, 150.77427673339844, -82.67726135253906, -6.03250789642334], [58.32278823852539, -3.4863779544830322, -53.45795440673828, 13.021943092346191, 55.34675598144531, -54.44318771362305, 3.6093790531158447, 140.75955200195312, 34.812564849853516, -41.52023696899414, -26.566335678100586, -9.00576114654541, 28.760480880737305], [92.11656188964844, -132.3743896484375, 131.37826538085938, 212.26348876953125, -46.86733627319336, -54.339054107666016, -252.5755615234375, 34.812564849853516, 270.1172790527344, -26.448848724365234, -122.86509704589844, 59.74159240722656, 20.604345321655273], [36.87725830078125, -152.47694396972656, 43.616966247558594, -12.264525413513184, -39.742095947265625, 40.08796310424805, 9.463759422302246, -41.52023696899414, -26.448848724365234, 135.44183349609375, -12.17448902130127, 3.092376470565796, -29.36559295654297], [-124.56373596191406, 268.6574401855469, -263.66741943359375, -148.36767578125, 19.689891815185547, -39.40961837768555, 150.77427673339844, -26.566335678100586, -122.86509704589844, -12.17448902130127, 218.29217529296875, -59.61016845703125, 31.07105827331543], [75.02781677246094, -226.50682067871094, 172.38031005859375, 97.962890625, -84.20025634765625, -6.4155755043029785, -82.67726135253906, -9.00576114654541, 59.74159240722656, 3.092376470565796, -59.61016845703125, 142.33956909179688, -17.270057678222656], [4.311997890472412, 117.08769989013672, -172.25450134277344, 34.76911163330078, 44.04355239868164, -87.01990509033203, -6.03250789642334, 28.760480880737305, 20.604345321655273, -29.36559295654297, 31.07105827331543, -17.270057678222656, 112.24777221679688]], "lowlevel.gfcc.icov": [[0.0007284149178303778, 9.096802386920899e-05, 0.000774584012106061, -0.0004744838224723935, 0.000506583834066987, -0.00044713602983392775, 0.0007404640782624483, -0.0005789512069895864, 0.0008053284836933017, -1.3459894944389816e-05, 0.0005228757509030402, -0.00023293186677619815, 0.0005235695280134678], [9.096802386920899e-05, 0.0037429567892104387, -0.0015933255199342966, 0.0014301961055025458, -0.0023035029880702496, 0.00229239696636796, -0.0025691764894872904, 0.003031868487596512, -0.0029624439775943756, 0.0031731605995446444, -0.002814284060150385, 0.004015533719211817, -0.002259076340124011], [0.000774584012106061, -0.0015933255199342966, 0.003643393749371171, -0.0009594582952558994, 0.0023330494295805693, -0.0024566445499658585, 0.001949769677594304, -0.0017649430083110929, 0.0019310824573040009, -0.0010780004085972905, 0.003618952352553606, -0.0032994956709444523, 0.0031117515172809362], [-0.0004744838224723935, 0.0014301961055025458, -0.0009594582952558994, 0.0038902214728295803, -0.0011993020307272673, 0.0016141734085977077, -0.0015250894939526916, 0.0022597908973693848, -0.0032433830201625824, 0.0012722689425572753, -9.842538565862924e-05, 0.0006770878680981696, -0.0020304080098867416], [0.000506583834066987, -0.0023035029880702496, 0.0023330494295805693, -0.0011993020307272673, 0.005546582862734795, -0.0014064311981201172, 0.002791647333651781, -0.003146036993712187, 0.003819120582193136, -0.00121489935554564, 0.0035668464843183756, -0.001151926233433187, 0.001841120421886444], [-0.00044713602983392775, 0.00229239696636796, -0.0024566445499658585, 0.0016141734085977077, -0.0014064311981201172, 0.008043631911277771, -0.002958339173346758, 0.003919122274965048, -0.0018305446719750762, 0.0018805763684213161, -0.0006851330981589854, 0.004329109098762274, 0.0006642143125645816], [0.0007404640782624483, -0.0025691764894872904, 0.001949769677594304, -0.0015250894939526916, 0.002791647333651781, -0.002958339173346758, 0.008262298069894314, -0.004758832976222038, 0.0076363831758499146, -0.002174764173105359, 0.0011464226990938187, -0.0022386591881513596, 0.001758081023581326], [-0.0005789512069895864, 0.003031868487596512, -0.0017649430083110929, 0.0022597908973693848, -0.003146036993712187, 0.003919122274965048, -0.004758832976222038, 0.012996060773730278, -0.005265973042696714, 0.004799403715878725, -1.8758542864816263e-05, 0.0038140348624438047, -0.0030474902596324682], [0.0008053284836933017, -0.0029624439775943756, 0.0019310824573040009, -0.0032433830201625824, 0.003819120582193136, -0.0018305446719750762, 0.0076363831758499146, -0.005265973042696714, 0.014187034219503403, -0.00145119393710047, 0.004611331038177013, -0.002815138315781951, 0.0011758904438465834], [-1.3459894944389816e-05, 0.0031731605995446444, -0.0010780004085972905, 0.0012722689425572753, -0.00121489935554564, 0.0018805763684213161, -0.002174764173105359, 0.004799403715878725, -0.00145119393710047, 0.011541194282472134, -0.0008524773875251412, 0.0038141326513141394, -0.0006613040459342301], [0.0005228757509030402, -0.002814284060150385, 0.003618952352553606, -9.842538565862924e-05, 0.0035668464843183756, -0.0006851330981589854, 0.0011464226990938187, -1.8758542864816263e-05, 0.004611331038177013, -0.0008524773875251412, 0.013023929670453072, -0.002598478691652417, 0.001560964505188167], [-0.00023293186677619815, 0.004015533719211817, -0.0032994956709444523, 0.0006770878680981696, -0.001151926233433187, 0.004329109098762274, -0.0022386591881513596, 0.0038140348624438047, -0.002815138315781951, 0.0038141326513141394, -0.002598478691652417, 0.015271308831870556, -0.0021588164381682873], [0.0005235695280134678, -0.002259076340124011, 0.0031117515172809362, -0.0020304080098867416, 0.001841120421886444, 0.0006642143125645816, 0.001758081023581326, -0.0030474902596324682, 0.0011758904438465834, -0.0006613040459342301, 0.001560964505188167, -0.0021588164381682873, 0.016164174303412437]], "lowlevel.mfcc.cov": [[2763.634033203125, -1013.2022705078125, -448.7298278808594, 178.93328857421875, 160.06666564941406, -128.8867950439453, -288.79339599609375, -18.389406204223633, -55.97114944458008, 173.02490234375, -121.1398696899414, -5.857832908630371, -190.94960021972656], [-1013.2022705078125, 1413.056884765625, -477.1017761230469, -171.86424255371094, -67.4996109008789, -202.51956176757812, 483.4027404785156, -35.79132080078125, -95.4659194946289, 30.095870971679688, 6.460251808166504, -30.740129470825195, 72.06549835205078], [-448.7298278808594, -477.1017761230469, 1187.05615234375, -68.20997619628906, -113.5594253540039, 330.77099609375, -349.1570739746094, 96.36164855957031, 99.01943969726562, -139.7555694580078, 96.65857696533203, -17.282785415649414, 32.33786392211914], [178.93328857421875, -171.86424255371094, -68.20997619628906, 408.9580993652344, 105.89453887939453, -25.404661178588867, -179.29171752929688, 50.65762710571289, 73.5585708618164, -29.952545166015625, -77.3008041381836, 23.953834533691406, 29.963167190551758], [160.06666564941406, -67.4996109008789, -113.5594253540039, 105.89453887939453, 465.5433044433594, -91.78350830078125, -234.1723175048828, 23.333656311035156, 63.94519805908203, 60.536865234375, -133.04576110839844, 39.24582290649414, 3.1363308429718018], [-128.8867950439453, -202.51956176757812, 330.77099609375, -25.404661178588867, -91.78350830078125, 366.2767639160156, -42.47963333129883, -15.571362495422363, 29.631736755371094, -76.567626953125, 99.39020538330078, -19.956262588500977, -20.203853607177734], [-288.79339599609375, 483.4027404785156, -349.1570739746094, -179.29171752929688, -234.1723175048828, -42.47963333129883, 676.323974609375, -56.615318298339844, -124.83968353271484, 39.448516845703125, 72.48224639892578, -20.11246681213379, 21.74618911743164], [-18.389406204223633, -35.79132080078125, 96.36164855957031, 50.65762710571289, 23.333656311035156, -15.571362495422363, -56.615318298339844, 156.4845428466797, 47.83649444580078, -29.51576805114746, -41.731842041015625, 12.735589981079102, 23.79802703857422], [-55.97114944458008, -95.4659194946289, 99.01943969726562, 73.5585708618164, 63.94519805908203, 29.631736755371094, -124.83968353271484, 47.83649444580078, 195.55860900878906, -41.21244812011719, 17.0615291595459, -29.88402557373047, -12.586832046508789], [173.02490234375, 30.095870971679688, -139.7555694580078, -29.952545166015625, 60.536865234375, -76.567626953125, 39.448516845703125, -29.51576805114746, -41.21244812011719, 173.31666564941406, -47.08694839477539, 4.629139423370361, -21.83089828491211], [-121.1398696899414, 6.460251808166504, 96.65857696533203, -77.3008041381836, -133.04576110839844, 99.39020538330078, 72.48224639892578, -41.731842041015625, 17.0615291595459, -47.08694839477539, 200.5079345703125, -60.7629508972168, -44.66361999511719], [-5.857832908630371, -30.740129470825195, -17.282785415649414, 23.953834533691406, 39.24582290649414, -19.956262588500977, -20.11246681213379, 12.735589981079102, -29.88402557373047, 4.629139423370361, -60.7629508972168, 139.6546630859375, 37.96487808227539], [-190.94960021972656, 72.06549835205078, 32.33786392211914, 29.963167190551758, 3.1363308429718018, -20.203853607177734, 21.74618911743164, 23.79802703857422, -12.586832046508789, -21.83089828491211, -44.66361999511719, 37.96487808227539, 136.0788116455078]], "lowlevel.mfcc.icov": [[0.0008292968268506229, 0.0007433767896145582, 0.0005717418971471488, 2.0614203094737604e-05, 0.00011323412036290392, 0.00011619461292866617, 0.00021835703228134662, -0.0002893827622756362, 0.00045969776692800224, -0.0003443010791670531, 0.00020925592980347574, 0.00034026356297545135, 0.0006209933781065047], [0.0007433767896145582, 0.0017818260239437222, 0.000752450549043715, 0.000373173039406538, -6.984054198255762e-05, 0.00048174470430240035, -0.00040158405317924917, -0.0003161323838867247, 0.0004193185595795512, -1.966916443052469e-06, 0.00011756021558539942, 0.0006746678263880312, -8.00597554189153e-05], [0.0005717418971471488, 0.000752450549043715, 0.0022642791736871004, 0.0008605444454587996, 0.0006280612433329225, -0.0010914911981672049, 0.0012355197686702013, -0.0012338137021288276, 0.00013930253044236451, -4.46746707893908e-05, -0.00023629785573575646, 0.0003887105849571526, -0.0006622578366659582], [2.0614203094737604e-05, 0.000373173039406538, 0.0008605444454587996, 0.0035543933045119047, 0.0001072996819857508, -0.000266482587903738, 0.000853566627483815, -0.0005937105161137879, -0.0008705786312930286, 0.0006455344264395535, 0.000757772009819746, 7.717010157648474e-05, -0.0009802335407584906], [0.00011323412036290392, -6.984054198255762e-05, 0.0006280612433329225, 0.0001072996819857508, 0.0036722803488373756, -2.3678914658376016e-05, 0.0014157011173665524, 0.00010884623770834878, -0.0010733336675912142, -0.0010003327624872327, 0.0015304203843697906, -0.0003299286763649434, 2.4172497433028184e-05], [0.00011619461292866617, 0.00048174470430240035, -0.0010914911981672049, -0.000266482587903738, -2.3678914658376016e-05, 0.004486561752855778, -0.0005510756163857877, 0.0009556423174217343, -2.7571353712119162e-05, 0.0009526291978545487, -0.001039378927089274, -0.00016900584159884602, 0.0006698791985400021], [0.00021835703228134662, -0.00040158405317924917, 0.0012355197686702013, 0.000853566627483815, 0.0014157011173665524, -0.0005510756163857877, 0.003403629409149289, -0.0005449367454275489, 0.0007157122017815709, -0.0007157427025958896, -0.0006280270172283053, 0.00011501339758979157, -0.000812387908808887], [-0.0002893827622756362, -0.0003161323838867247, -0.0012338137021288276, -0.0005937105161137879, 0.00010884623770834878, 0.0009556423174217343, -0.0005449367454275489, 0.00860279705375433, -0.0020095205400139093, 0.0012813701760023832, 0.0020808682311326265, -0.0003794511139858514, -0.00028421077877283096], [0.00045969776692800224, 0.0004193185595795512, 0.00013930253044236451, -0.0008705786312930286, -0.0010733336675912142, -2.7571353712119162e-05, 0.0007157122017815709, -0.0020095205400139093, 0.007598988711833954, 0.0007971656741574407, -0.0012884512543678284, 0.0016903752693906426, 0.0007755607948638499], [-0.0003443010791670531, -1.966916443052469e-06, -4.46746707893908e-05, 0.0006455344264395535, -0.0010003327624872327, 0.0009526291978545487, -0.0007157427025958896, 0.0012813701760023832, 0.0007971656741574407, 0.008139914833009243, 0.0016871520783752203, 0.00035422417568042874, 0.0012757052900269628], [0.00020925592980347574, 0.00011756021558539942, -0.00023629785573575646, 0.000757772009819746, 0.0015304203843697906, -0.001039378927089274, -0.0006280270172283053, 0.0020808682311326265, -0.0012884512543678284, 0.0016871520783752203, 0.00937269814312458, 0.0021380705293267965, 0.002298816805705428], [0.00034026356297545135, 0.0006746678263880312, 0.0003887105849571526, 7.717010157648474e-05, -0.0003299286763649434, -0.00016900584159884602, 0.00011501339758979157, -0.0003794511139858514, 0.0016903752693906426, 0.00035422417568042874, 0.0021380705293267965, 0.009195610880851746, -0.0016092652222141623], [0.0006209933781065047, -8.00597554189153e-05, -0.0006622578366659582, -0.0009802335407584906, 2.4172497433028184e-05, 0.0006698791985400021, -0.000812387908808887, -0.00028421077877283096, 0.0007755607948638499