{"song_id": "1183709074907467776", "download": "https://cdn.discordapp.com/attachments/1128313332273782784/1183709074907467776/chirp.mp4?ex=658951fb&amp", "lyrics": "\u0412\u0441\u044f\u043a\u043e-\u0440\u0430\u0437\u043d\u043e - \u044d\u0442\u043e \u043d\u0435 \u0437\u0430\u0440\u0430\u0437\u043d\u043e!\n\u0427\u0451 \u043f\u043e\u0447\u0451\u043c, \u0445\u043e\u043a\u043a\u0435\u0439 \u0441 \u043c\u044f\u0447\u043e\u043c,\n\u0427\u0451 \u0434\u0430 \u043a\u0430\u043a - \u0441\u043f\u043b\u043e\u0448\u043d\u043e\u0439 \u043e\u0442\u0442\u044f\u0433.\n\u0412\u0441\u044f\u043a\u043e-\u0440\u0430\u0437\u043d\u043e - \u044d\u0442\u043e \u043d\u0435 \u0437\u0430\u0440\u0430\u0437\u043d\u043e!\n\u041f\u043e\u043a\u0430 \u0434\u0430\u044e\u0442, \u043d\u0430\u0434\u043e \u0431\u0440\u0430\u0442\u044c,\n\u041e\u0442 \u043e\u0441\u0442\u0430\u043b\u044c\u043d\u044b\u0445 \u043d\u0435 \u043e\u0442\u0441\u0442\u0430\u0432\u0430\u0442\u044c.", "style": ["Psychedelic pop"], "essentia_features": {"lowlevel.average_loudness": 0.9812368154525757, "lowlevel.barkbands_crest.mean": 11.021604537963867, "lowlevel.barkbands_crest.stdev": 4.374405384063721, "lowlevel.barkbands_flatness_db.mean": 0.141224205493927, "lowlevel.barkbands_flatness_db.stdev": 0.050031907856464386, "lowlevel.barkbands_kurtosis.mean": 6.316103935241699, "lowlevel.barkbands_kurtosis.stdev": 13.409295082092285, "lowlevel.barkbands_skewness.mean": 1.9510316848754883, "lowlevel.barkbands_skewness.stdev": 1.6898685693740845, "lowlevel.barkbands_spread.mean": 28.324199676513672, "lowlevel.barkbands_spread.stdev": 17.2688045501709, "lowlevel.dissonance.mean": 0.4776601791381836, "lowlevel.dissonance.stdev": 0.018371494486927986, "lowlevel.dynamic_complexity": 1.5070397853851318, "lowlevel.erbbands_crest.mean": 7.9897613525390625, "lowlevel.erbbands_crest.stdev": 3.5840890407562256, "lowlevel.erbbands_flatness_db.mean": 0.13813163340091705, "lowlevel.erbbands_flatness_db.stdev": 0.03840821981430054, "lowlevel.erbbands_kurtosis.mean": 0.0662481039762497, "lowlevel.erbbands_kurtosis.stdev": 1.2672264575958252, "lowlevel.erbbands_skewness.mean": -0.2184959352016449, "lowlevel.erbbands_skewness.stdev": 0.5739126801490784, "lowlevel.erbbands_spread.mean": 51.32265090942383, "lowlevel.erbbands_spread.stdev": 23.18376922607422, "lowlevel.hfc.mean": 32.116844177246094, "lowlevel.hfc.stdev": 20.26034927368164, "lowlevel.loudness_ebu128.integrated": -13.21422004699707, "lowlevel.loudness_ebu128.loudness_range": 1.114480972290039, "lowlevel.loudness_ebu128.momentary.mean": -13.288065910339355, "lowlevel.loudness_ebu128.momentary.stdev": 0.8258717656135559, "lowlevel.loudness_ebu128.short_term.mean": -13.18481159210205, "lowlevel.loudness_ebu128.short_term.stdev": 0.40912216901779175, "lowlevel.melbands_crest.mean": 17.612903594970703, "lowlevel.melbands_crest.stdev": 5.181405544281006, "lowlevel.melbands_flatness_db.mean": 0.20109079778194427, "lowlevel.melbands_flatness_db.stdev": 0.06940790265798569, "lowlevel.melbands_kurtosis.mean": 27.398454666137695, "lowlevel.melbands_kurtosis.stdev": 37.435791015625, "lowlevel.melbands_skewness.mean": 4.017205238342285, "lowlevel.melbands_skewness.stdev": 2.5697035789489746, "lowlevel.melbands_spread.mean": 25.339550018310547, "lowlevel.melbands_spread.stdev": 24.078847885131836, "lowlevel.pitch_salience.mean": 0.46530431509017944, "lowlevel.pitch_salience.stdev": 0.12646934390068054, "lowlevel.silence_rate_20dB.mean": 1.0, "lowlevel.silence_rate_20dB.stdev": 0.0, "lowlevel.silence_rate_30dB.mean": 0.8935108184814453, "lowlevel.silence_rate_30dB.stdev": 0.30846333503723145, "lowlevel.silence_rate_60dB.mean": 0.03993344306945801, "lowlevel.silence_rate_60dB.stdev": 0.19580279290676117, "lowlevel.spectral_centroid.mean": 1578.9268798828125, "lowlevel.spectral_centroid.stdev": 719.41259765625, "lowlevel.spectral_complexity.mean": 22.099834442138672, "lowlevel.spectral_complexity.stdev": 9.385443687438965, "lowlevel.spectral_decrease.mean": -1.3102713580792624e-08, "lowlevel.spectral_decrease.stdev": 1.3002417809104827e-08, "lowlevel.spectral_energy.mean": 0.052365753799676895, "lowlevel.spectral_energy.stdev": 0.049497008323669434, "lowlevel.spectral_energyband_high.mean": 0.0018565827049314976, "lowlevel.spectral_energyband_high.stdev": 0.00233339867554605, "lowlevel.spectral_energyband_low.mean": 0.035001855343580246, "lowlevel.spectral_energyband_low.stdev": 0.04712988808751106, "lowlevel.spectral_energyband_middle_high.mean": 0.006905137561261654, "lowlevel.spectral_energyband_middle_high.stdev": 0.005639978218823671, "lowlevel.spectral_energyband_middle_low.mean": 0.011881513521075249, "lowlevel.spectral_energyband_middle_low.stdev": 0.01609484665095806, "lowlevel.spectral_entropy.mean": 7.851583480834961, "lowlevel.spectral_entropy.stdev": 0.33936256170272827, "lowlevel.spectral_flux.mean": 0.11976387351751328, "lowlevel.spectral_flux.stdev": 0.0938367247581482, "lowlevel.spectral_kurtosis.mean": 2.570223331451416, "lowlevel.spectral_kurtosis.stdev": 2.076404333114624, "lowlevel.spectral_rms.mean": 0.006582504604011774, "lowlevel.spectral_rms.stdev": 0.002785526681691408, "lowlevel.spectral_rolloff.mean": 1786.968994140625, "lowlevel.spectral_rolloff.stdev": 2059.175537109375, "lowlevel.spectral_skewness.mean": 1.2201893329620361, "lowlevel.spectral_skewness.stdev": 0.35837721824645996, "lowlevel.spectral_spread.mean": 5462558.5, "lowlevel.spectral_spread.stdev": 1826270.5, "lowlevel.spectral_strongpeak.mean": 0.7306015491485596, "lowlevel.spectral_strongpeak.stdev": 0.8984158039093018, "lowlevel.zerocrossingrate.mean": 0.06941555440425873, "lowlevel.zerocrossingrate.stdev": 0.04339977726340294, "metadata.audio_properties.analysis.equal_loudness": 0.0, "metadata.audio_properties.analysis.length": 13.930657386779785, "metadata.audio_properties.analysis.sample_rate": 44100.0, "metadata.audio_properties.analysis.start_time": 0.0, "metadata.audio_properties.bit_rate": 121072.0, "metadata.audio_properties.length": 13.93066692352295, "metadata.audio_properties.lossless": 0.0, "metadata.audio_properties.number_channels": 1.0, "metadata.audio_properties.replay_gain": -11.664798736572266, "metadata.audio_properties.sample_rate": 48000.0, "rhythm.beats_count": 30.0, "rhythm.beats_loudness.mean": 0.07374361157417297, "rhythm.beats_loudness.stdev": 0.030871903523802757, "rhythm.bpm": 130.26405334472656, "rhythm.bpm_histogram_first_peak_bpm": 129.0, "rhythm.bpm_histogram_first_peak_weight": 0.3214285373687744, "rhythm.bpm_histogram_second_peak_bpm": 136.0, "rhythm.bpm_histogram_second_peak_spread": 0.0, "rhythm.bpm_histogram_second_peak_weight": 0.03448275849223137, "rhythm.danceability": 1.456931710243225, "rhythm.onset_rate": 4.661642551422119, "tonal.chords_changes_rate": 0.05647840350866318, "tonal.chords_number_rate": 0.02657807245850563, "tonal.chords_strength.mean": 0.5500997304916382, "tonal.chords_strength.stdev": 0.08498872071504593, "tonal.hpcp_crest.mean": 12.91761589050293, "tonal.hpcp_crest.stdev": 6.515885353088379, "tonal.hpcp_entropy.mean": 2.182264566421509, "tonal.hpcp_entropy.stdev": 0.8076759576797485, "tonal.key_edma.strength": 0.7917366623878479, "tonal.key_krumhansl.strength": 0.7929733395576477, "tonal.key_temperley.strength": 0.7947479486465454, "tonal.tuning_diatonic_strength": 0.6424857974052429, "tonal.tuning_equal_tempered_deviation": 0.10799720138311386, "tonal.tuning_frequency": 437.7185363769531, "tonal.tuning_nontempered_energy_ratio": 0.7560641765594482, "lowlevel.barkbands.mean": [0.00028419887530617416, 0.017564494162797928, 0.014079127460718155, 0.0051854634657502174, 0.003325863741338253, 0.0003408035554457456, 0.0007143945549614727, 0.0011808192357420921, 0.000630780472420156, 0.000806334603112191, 0.0007355528650805354, 0.0007947921403683722, 0.001000339281745255, 0.0011116999667137861, 0.0006797485402785242, 0.0004929836140945554, 0.0003959865716751665, 0.00029565533623099327, 0.0005090184859000146, 0.0005087832105346024, 0.00022897669987287372, 0.0004608378803823143, 0.000383185688406229, 0.00037657300708815455, 0.00021447082690428942, 6.424199091270566e-05, 6.851043963251868e-07], "lowlevel.barkbands.stdev": [0.0004155603819526732, 0.03719449043273926, 0.015428487211465836, 0.007119809277355671, 0.009357698261737823, 0.0008316669845953584, 0.001521306810900569, 0.0023743207566440105, 0.0012031527003273368, 0.001726713264361024, 0.0023942117113620043, 0.0015901591395959258, 0.0018429479096084833, 0.0018649189732968807, 0.0009430598584003747, 0.0006262294482439756, 0.00045894665527157485, 0.00032790208933874965, 0.0006410052883438766, 0.0005711889243684709, 0.0003224056854378432, 0.0008786916150711477, 0.0005621934542432427, 0.0006905904156155884, 0.00043423776514828205, 0.00013682576536666602, 1.9486542441882193e-06], "lowlevel.erbbands.mean": [0.33577412366867065, 4.623091697692871, 15.011058807373047, 18.87247085571289, 15.884827613830566, 8.326294898986816, 4.261305332183838, 2.513228178024292, 7.111024856567383, 20.523897171020508, 22.26472282409668, 15.189711570739746, 28.773174285888672, 19.04623031616211, 34.94637680053711, 32.14570617675781, 40.99825668334961, 71.48490142822266, 37.50448226928711, 28.925512313842773, 27.149429321289062, 21.77140235900879, 17.61355972290039, 17.371768951416016, 34.63080596923828, 21.794565200805664, 10.337777137756348, 9.322870254516602, 16.321950912475586, 15.43156909942627, 9.960430145263672, 7.636871337890625, 6.421520233154297, 3.2374444007873535, 1.041460394859314, 0.40297433733940125, 0.09609344601631165, 0.007561809848994017, 0.00020956261141691357, 7.325535989366472e-05], "lowlevel.erbbands.stdev": [0.8066145777702332, 9.245708465576172, 18.426300048828125, 17.444000244140625, 45.459197998046875, 19.710350036621094, 9.945269584655762, 5.952457427978516, 18.09161376953125, 39.378963470458984, 48.36418151855469, 28.601768493652344, 66.96224975585938, 47.4084358215332, 82.33294677734375, 53.41856384277344, 64.9328384399414, 117.564697265625, 46.180870056152344, 32.618072509765625, 36.9283447265625, 23.508594512939453, 18.60529327392578, 20.147104263305664, 42.49608612060547, 23.763254165649414, 13.825429916381836, 14.001922607421875, 32.141510009765625, 24.01132583618164, 15.50900650024414, 13.341045379638672, 12.472805976867676, 6.662024021148682, 2.079679250717163, 0.8635489344596863, 0.20650537312030792, 0.015088485553860664, 0.00034788638004101813, 5.752438664785586e-05], "lowlevel.gfcc.mean": [30.474212646484375, 67.34701538085938, -115.98949432373047, 52.384918212890625, -46.753578186035156, 41.82710266113281, -35.209754943847656, 11.72677993774414, -26.04412078857422, -0.455722451210022, -20.42177963256836, -10.741449356079102, -20.327009201049805], "lowlevel.melbands.mean": [0.004080422688275576, 0.007281243335455656, 0.0031895251013338566, 0.0008410323644056916, 0.00017844530520960689, 5.885057908017188e-05, 0.00011698367598000914, 0.00023810558195691556, 0.00016687078459654003, 9.288154251407832e-05, 0.0001406465598847717, 6.970756658120081e-05, 0.00011476827057776973, 9.037190466187894e-05, 8.541344141121954e-05, 0.00010010639380197972, 0.00013692938955500722, 5.5549247917952016e-05, 4.6256154746515676e-05, 3.5577715607360005e-05, 3.051327985303942e-05, 2.243576273031067e-05, 1.9293711375212297e-05, 1.3324352948984597e-05, 1.3132760614098515e-05, 2.1754143745056354e-05, 2.7813333872472867e-05, 1.0902563190029468e-05, 6.276539352256805e-06, 5.497041911439737e-06, 5.249989499134244e-06, 9.052353561855853e-06, 9.58920190896606e-06, 8.181001248885877e-06, 5.767417860624846e-06, 4.8311248974641785e-06, 4.683766292146174e-06, 4.8577485358691774e-06, 3.5804282561002765e-06, 2.442368668198469e-06], "lowlevel.melbands.stdev": [0.00908846314996481, 0.00971692893654108, 0.0035641391295939684, 0.0023717686999589205, 0.00038189173210412264, 0.00014545083104167134, 0.00028012690017931163, 0.0004485016397666186, 0.0003521776816342026, 0.00017361172649543732, 0.00032929761800915003, 0.00018508636276237667, 0.00033834570785984397, 0.0001681685243966058, 0.0001736023841658607, 0.00018223670485895127, 0.0002351341099711135, 7.037143222987652e-05, 6.686981942038983e-05, 4.027787872473709e-05, 4.57766764156986e-05, 2.7362089895177633e-05, 1.958945722435601e-05, 1.605106081115082e-05, 1.649885052756872e-05, 3.1330208003055304e-05, 3.37368473992683e-05, 1.3231368939159438e-05, 8.665842869959306e-06, 7.970643309818115e-06, 8.539108421246056e-06, 1.8329898011870682e-05, 1.815568612073548e-05, 1.196869106934173e-05, 9.163438335235696e-06, 8.974929187388625e-06, 8.254528438556008e-06, 9.64040282269707e-06, 7.441748948622262e-06, 5.176149443286704e-06], "lowlevel.melbands128.mean": [0.00015058403369039297, 0.0017227802891284227, 0.006017489358782768, 0.008063803426921368, 0.007921511307358742, 0.006760988384485245, 0.004038591403514147, 0.0022372379899024963, 0.0016618071822449565, 0.000750093488022685, 0.0003717322542797774, 0.0002514932712074369, 0.0001429508120054379, 6.459391443058848e-05, 3.815572563325986e-05, 6.66611158521846e-05, 8.670708484714851e-05, 0.00012647316907532513, 0.00013600759848486632, 0.00027533542015589774, 0.0002596568374428898, 0.000216134445508942, 0.00016443332424387336, 9.789676551008597e-05, 0.00010276430111844093, 5.192528260522522e-05, 0.00016172538744285703, 0.00020721757027786225, 5.498583777807653e-05, 7.518173515563831e-05, 5.413555845734663e-05, 9.627052349969745e-05, 0.00013631887850351632, 0.00011257540609221905, 0.00010610523167997599, 7.49186729080975e-05, 8.266706572612748e-05, 7.769592048134655e-05, 0.00010512480366742238, 6.971065886318684e-05, 7.962942618178204e-05, 0.00018016317335423082, 0.00015237780462484807, 0.0001299926225328818, 3.101981565123424e-05, 4.786804493051022e-05, 7.47755475458689e-05, 4.6868495701346546e-05, 3.351742998347618e-05, 3.7962483474984765e-05, 3.639688657131046e-05, 3.0811945180175826e-05, 3.7673849874408916e-05, 2.5881647161440924e-05, 2.522754220990464e-05, 2.0947298253304325e-05, 2.0935560314683244e-05, 2.3626225811312906e-05, 1.6181351384148e-05, 1.601054100319743e-05, 1.362210969091393e-05, 1.021417756419396e-05, 1.406202409270918e-05, 1.3100848264002707e-05, 1.3101148397254292e-05, 2.1481193471117876e-05, 2.520546695450321e-05, 3.3172884286614135e-05, 2.9509486921597272e-05, 2.0928595404257067e-05, 9.12277027964592e-06, 7.042745892249513e-06, 6.259745077841217e-06, 6.2694466578250285e-06, 5.981085905659711e-06, 6.209820185176795e-06, 4.718912350654136e-06, 4.806054676009808e-06, 4.766869096783921e-06, 6.004756869515404e-06, 8.88745671545621e-06, 1.0200261385762133e-05, 1.0271825885865837e-05, 9.334326023235917e-06, 9.192312973027583e-06, 9.392820174980443e-06, 7.396432010864373e-06, 6.565795501956018e-06, 5.587484338320792e-06, 5.325756774254842e-06, 5.223615517024882e-06, 4.766704023495549e-06, 4.085748969373526e-06, 4.519770300248638e-06, 5.169244559510844e-06, 5.153178790351376e-06, 4.917845217278227e-06, 4.20886362917372e-06, 3.528206661940203e-06, 3.4629483707249165e-06, 2.8347549232421443e-06, 2.28554813475057e-06, 1.9700589746207697e-06, 1.3802773537463509e-06, 9.779283800526173e-07, 8.091022323242214e-07, 9.349303127237363e-07, 8.25224901745969e-07, 6.781452270843147e-07, 5.811166374769527e-07, 5.337568040886254e-07, 3.2164155072678113e-07, 3.130725758637709e-07, 1.851742581493454e-07, 1.0413474882398077e-07, 6.358128246120032e-08, 2.6607741787643135e-08, 3.6515426238281634e-09, 3.0383748295115254e-10, 7.103859167578719e-12, 6.409985823380149e-12, 6.2350164094227e-12, 6.079001885206381e-12, 5.961767537976392e-12, 5.842597239347214e-12, 5.705126041727349e-12, 5.62231294506943e-12, 5.58512784631926e-12], "lowlevel.melbands128.stdev": [0.000351636263076216, 0.004651754628866911, 0.014477081596851349, 0.016430959105491638, 0.011502991430461407, 0.006980267819017172, 0.0037130790296941996, 0.004345734138041735, 0.00571701442822814, 0.002327428897842765, 0.000954123679548502, 0.000625772459898144, 0.00043671668390743434, 0.00018140200700145215, 0.00010065788228530437, 0.00026555146905593574, 0.00027026046882383525, 0.0004586405702866614, 0.00032009402639232576, 0.0006437181727960706, 0.0006727386498823762, 0.0006106263608671725, 0.0004756082489620894, 0.0002743984223343432, 0.0003076020220760256, 0.00014317136083263904, 0.00041139405220746994, 0.0005885721766389906, 0.0001236820826306939, 0.00026743102353066206, 0.0002158154093194753, 0.0004654891381505877, 0.0005697087035514414, 0.0003274514165241271, 0.00037252192851155996, 0.00014156232646200806, 0.00020532638882286847, 0.00028193797334097326, 0.00029264145996421576, 0.00016197175136767328, 0.00019701255951076746, 0.000499333837069571, 0.0003752887132577598, 0.00028009043307974935, 5.2804334700340405e-05, 9.945907368091866e-05, 0.00012615352170541883, 0.00011102470307378098, 6.888639472890645e-05, 5.2813829825026914e-05, 6.188484258018434e-05, 4.9658894567983225e-05, 8.460204117000103e-05, 4.459616320673376e-05, 4.2577445128699765e-05, 3.529234527377412e-05, 2.7376263460610062e-05, 2.960385609185323e-05, 2.2490150513476692e-05, 2.5524905140628107e-05, 1.9786333723459393e-05, 1.3258479157229885e-05, 2.6715513740782626e-05, 1.8649307094165124e-05, 2.067200512101408e-05, 4.553970575216226e-05, 4.058241393067874e-05, 5.938160393270664e-05, 4.575585626298562e-05, 3.640665818238631e-05, 1.3225560905993916e-05, 9.929789484885987e-06, 9.340469659946393e-06, 9.971616236725822e-06, 1.0721307262429036e-05, 9.951874744729139e-06, 6.821904662501765e-06, 8.46646071295254e-06, 8.247191544796806e-06, 1.229460849572206e-05, 1.7794423911254853e-05, 2.4281514924950898e-05, 2.3035010599414818e-05, 1.8611741325003095e-05, 1.7272817785851657e-05, 1.6499156117788516e-05, 1.0346357157686725e-05, 1.2040820365655236e-05, 9.530530405754689e-06, 9.402363502886146e-06, 1.1372290828148834e-05, 9.433364539290778e-06, 8.034909114940092e-06, 8.425571650150232e-06, 9.718604815134313e-06, 1.0541822121012956e-05, 1.1076639566454105e-05, 8.829505532048643e-06, 7.949804057716392e-06, 7.5893831308349036e-06, 5.747170234826626e-06, 5.347964815882733e-06, 4.581010216497816e-06, 3.1664574180467753e-06, 2.0244913230271777e-06, 1.6353602632079856e-06, 1.9681012872752035e-06, 1.7371535250276793e-06, 1.6880856037460035e-06, 1.39000451326865e-06, 1.3973306067782687e-06, 7.14275813606946e-07, 8.04775993401563e-07, 4.372820683329337e-07, 2.580621298875485e-07, 1.6324868568062811e-07, 6.675184494042696e-08, 2.6351157700332806e-08, 6.03665561982325e-09, 1.3372986745752158e-11, 9.967290014178953e-12, 9.691231324382432e-12, 9.481625554141893e-12, 9.31013339339204e-12, 9.172338236163036e-12, 9.057566328907196e-12, 8.975302272229424e-12, 8.924810543375905e-12], "lowlevel.mfcc.mean": [-608.2381591796875, 88.20726013183594, 3.270590305328369, 19.599525451660156, 19.637210845947266, 23.840269088745117, 12.065135955810547, 12.47547721862793, 2.2861087322235107, 10.545936584472656, 3.3493192195892334, -2.972414255142212, 0.912381112575531], "lowlevel.spectral_contrast_coeffs.mean": [-0.64812171459198, -0.7617297172546387, -0.7757939100265503, -0.7873193025588989, -0.7858175039291382, -0.7635989189147949], "lowlevel.spectral_contrast_coeffs.stdev": [0.07768408209085464, 0.0879339724779129, 0.07264954596757889, 0.05274130403995514, 0.045781563967466354, 0.04057199880480766], "lowlevel.spectral_contrast_valleys.mean": [-6.73635721206665, -7.212390899658203, -7.216181755065918, -7.077601909637451, -7.165959358215332, -9.453128814697266], "lowlevel.spectral_contrast_valleys.stdev": [0.9764823317527771, 0.6943638324737549, 0.6121799349784851, 0.5276758074760437, 0.6691534519195557, 0.8747645020484924], "rhythm.beats_loudness_band_ratio.mean": [0.8097938895225525, 0.0581190250813961, 0.05139053612947464, 0.04262549802660942, 0.0439784899353981, 0.04153406247496605], "rhythm.beats_loudness_band_ratio.stdev": [0.14106784760951996, 0.07496053725481033, 0.062356118112802505, 0.04442236199975014, 0.03709794953465462, 0.03251403942704201], "tonal.hpcp.mean": [0.20045891404151917, 0.12097091972827911, 0.03836657106876373, 0.03616924583911896, 0.05469239130616188, 0.11642009019851685, 0.1940867304801941, 0.16148070991039276, 0.1907554268836975, 0.2526526153087616, 0.13675564527511597, 0.06892598420381546, 0.06648486852645874, 0.05386149883270264, 0.1024976521730423, 0.1981734186410904, 0.15301167964935303, 0.048011746257543564, 0.045144665986299515, 0.04154336452484131, 0.10190194100141525, 0.1892254650592804, 0.12701524794101715, 0.042473550885915756, 0.037416260689496994, 0.048400960862636566, 0.0655311718583107, 0.07244691252708435, 0.06733714789152145, 0.14338265359401703, 0.2249722182750702, 0.14123199880123138, 0.043510355055332184, 0.03076251782476902, 0.03821428492665291, 0.12201963365077972], "tonal.hpcp.stdev": [0.3386944830417633, 0.20914897322654724, 0.09952285140752792, 0.10904566198587418, 0.16837525367736816, 0.22738981246948242, 0.3345051407814026, 0.2640445828437805, 0.3044337034225464, 0.37929391860961914, 0.22419899702072144, 0.1791483759880066, 0.18680332601070404, 0.14980320632457733, 0.19258229434490204, 0.3129104971885681, 0.25321540236473083, 0.11299716681241989, 0.14177216589450836, 0.12599748373031616, 0.18819338083267212, 0.30927494168281555, 0.215407133102417, 0.11718966066837311, 0.11392242461442947, 0.14975115656852722, 0.16288110613822937, 0.16819089651107788, 0.16426923871040344, 0.23751333355903625, 0.35276493430137634, 0.23531970381736755, 0.12378594279289246, 0.10503704845905304, 0.11650827527046204, 0.22446325421333313], "rhythm.beats_position": [0.42956915497779846, 0.8823582530021667, 1.3467572927474976, 1.8111563920974731, 2.2755556106567383, 2.728344678878784, 3.18113374710083, 3.6455328464508057, 4.109931945800781, 4.562720775604248, 5.015510082244873, 5.479909420013428, 5.944308280944824, 6.397097587585449, 6.861496448516846, 7.314285755157471, 7.778684616088867, 8.243083953857422, 8.707483291625977, 9.171881675720215, 9.62467098236084, 10.077460289001465, 10.54185962677002, 11.006258010864258, 11.470657348632812, 11.935056686401367, 12.399456024169922, 12.8406343460083, 13.305033683776855, 13.76943302154541], "rhythm.bpm_histogram": [0.0, 0.0, 0.0, 0.0, 0.0, 0.0, 0.0, 0.0, 0.0, 0.0, 0.0, 0.0, 0.0, 0.0, 0.0, 0.0, 0.0, 0.0, 0.0, 0.0, 0.0, 0.0, 0.0, 0.0, 0.0, 0.0, 0.0, 0.0, 0.0, 0.0, 0.0, 0.0, 0.0, 0.0, 0.0, 0.0, 0.0, 0.0, 0.0, 0.0, 0.0, 0.0, 0.0, 0.0, 0.0, 0.0, 0.0, 0.0, 0.0, 0.0, 0.0, 0.0, 0.0, 0.0, 0.0, 0.0, 0.0, 0.0, 0.0, 0.0, 0.0, 0.0, 0.0, 0.0, 0.0, 0.0, 0.0, 0.0, 0.0, 0.0, 0.0, 0.0, 0.0, 0.0, 0.0, 0.0, 0.0, 0.0, 0.0, 0.0, 0.0, 0.0, 0.0, 0.0, 0.0, 0.0, 0.0, 0.0, 0.0, 0.0, 0.0, 0.0, 0.0, 0.0, 0.0, 0.0, 0.0, 0.0, 0.0, 0.0, 0.0, 0.0, 0.0, 0.0, 0.0, 0.0, 0.0, 0.0, 0.0, 0.0, 0.0, 0.0, 0.0, 0.0, 0.0, 0.0, 0.0, 0.0, 0.0, 0.0, 0.0, 0.0, 0.0, 0.0, 0.0, 0.0, 0.0, 0.0, 0.0, 0.6551724076271057, 0.0, 0.0, 0.0, 0.3103448152542114, 0.0, 0.0, 0.03448275849223137, 0.0, 0.0, 0.0, 0.0, 0.0, 0.0, 0.0, 0.0, 0.0, 0.0, 0.0, 0.0, 0.0, 0.0, 0.0, 0.0, 0.0, 0.0, 0.0, 0.0, 0.0, 0.0, 0.0, 0.0, 0.0, 0.0, 0.0, 0.0, 0.0, 0.0, 0.0, 0.0, 0.0, 0.0, 0.0, 0.0, 0.0, 0.0, 0.0, 0.0, 0.0, 0.0, 0.0, 0.0, 0.0, 0.0, 0.0, 0.0, 0.0, 0.0, 0.0, 0.0, 0.0, 0.0, 0.0, 0.0, 0.0, 0.0, 0.0, 0.0, 0.0, 0.0, 0.0, 0.0, 0.0, 0.0, 0.0, 0.0, 0.0, 0.0, 0.0, 0.0, 0.0, 0.0, 0.0, 0.0, 0.0, 0.0, 0.0, 0.0, 0.0, 0.0, 0.0, 0.0, 0.0, 0.0, 0.0, 0.0, 0.0, 0.0, 0.0, 0.0, 0.0, 0.0, 0.0, 0.0, 0.0, 0.0, 0.0, 0.0, 0.0, 0.0, 0.0, 0.0, 0.0, 0.0, 0.0, 0.0, 0.0, 0.0, 0.0, 0.0, 0.0], "tonal.chords_histogram": [30.897010803222656, 23.58803939819336, 12.624585151672363, 0.0, 16.94352149963379, 0.0, 0.0, 0.0, 3.3222591876983643, 0.0, 0.0, 0.0, 0.0, 0.0, 0.0, 0.0, 0.0, 3.3222591876983643, 0.0, 0.0, 0.0, 1.3289036750793457, 0.9966777563095093, 6.976744174957275], "tonal.thpcp": [1.0, 0.5412793755531311, 0.27280929684638977, 0.26314735412597656, 0.21318401396274567, 0.40568608045578003, 0.7843711376190186, 0.605620801448822, 0.19003067910671234, 0.17868275940418243, 0.16442878544330597, 0.4033282697200775, 0.7489551305770874, 0.5027268528938293, 0.16811047494411469, 0.14809370040893555, 0.1915711909532547, 0.25937262177467346, 0.2867451608181, 0.2665206789970398, 0.5675090551376343, 0.8904408812522888, 0.5589967966079712, 0.17221415042877197, 0.12175816297531128, 0.15125228464603424, 0.4829541742801666, 0.7934171557426453, 0.4788033664226532, 0.15185503661632538, 0.14315800368785858, 0.21647268533706665, 0.46079114079475403, 0.7681959867477417, 0.6391412615776062, 0.755010724067688], "lowlevel.gfcc.cov": [[4227.4541015625, -92.72929382324219, 521.2559814453125, 278.4707336425781, -91.33458709716797, 111.77046966552734, 92.20632934570312, 193.77159118652344, 8.290884017944336, 87.24868774414062, -80.16983032226562, 44.13532257080078, -193.39430236816406], [-92.72929382324219, 1212.9044189453125, -82.65181732177734, 49.32917022705078, 377.4447021484375, -6.325897693634033, 230.96630859375, -1.3827317953109741, 115.5929183959961, -102.7143325805664, 64.8597412109375, -142.706298828125, 50.90958786010742], [521.2559814453125, -82.65181732177734, 831.3016967773438, 289.5088806152344, 262.1011962890625, 220.8031768798828, -30.37704086303711, 6.148937702178955, -20.021406173706055, 17.21026611328125, -95.05384826660156, 113.31970977783203, 7.001865386962891], [278.4707336425781, 49.32917022705078, 289.5088806152344, 414.2429504394531, 172.59852600097656, 97.4624252319336, 35.6849250793457, -8.511210441589355, 42.80842590332031, -33.31265640258789, -51.93721389770508, 21.55731201171875, 48.580379486083984], [-91.33458709716797, 377.4447021484375, 262.1011962890625, 172.59852600097656, 444.9901123046875, 172.9380645751953, 129.24935913085938, 16.618247985839844, 66.32695007324219, -34.67527770996094, -43.96894836425781, -14.074321746826172, 54.04313278198242], [111.77046966552734, -6.325897693634033, 220.8031768798828, 97.4624252319336, 172.9380645751953, 317.30926513671875, 119.35627746582031, 50.928348541259766, 22.855411529541016, -20.516984939575195, -50.045654296875, -14.575752258300781, -2.592341899871826], [92.20632934570312, 230.96630859375, -30.37704086303711, 35.6849250793457, 129.24935913085938, 119.35627746582031, 213.10055541992188, 58.214752197265625, 48.91392135620117, -10.915291786193848, 8.224163055419922, -42.9911994934082, 0.09985410422086716], [193.77159118652344, -1.3827317953109741, 6.148937702178955, -8.511210441589355, 16.618247985839844, 50.928348541259766, 58.214752197265625, 118.17810821533203, 56.35037612915039, 26.83754539489746, 5.19550895690918, -13.457508087158203, -17.608489990234375], [8.290884017944336, 115.5929183959961, -20.021406173706055, 42.80842590332031, 66.32695007324219, 22.855411529541016, 48.91392135620117, 56.35037612915039, 117.21553039550781, 29.81590461730957, 17.335065841674805, -26.050321578979492, 14.158334732055664], [87.24868774414062, -102.7143325805664, 17.21026611328125, -33.31265640258789, -34.67527770996094, -20.516984939575195, -10.915291786193848, 26.83754539489746, 29.81590461730957, 118.30492401123047, 29.662446975708008, 17.088682174682617, -20.539222717285156], [-80.16983032226562, 64.8597412109375, -95.05384826660156, -51.93721389770508, -43.96894836425781, -50.045654296875, 8.224163055419922, 5.19550895690918, 17.335065841674805, 29.662446975708008, 97.88465118408203, 1.7057989835739136, -11.34424114227295], [44.13532257080078, -142.706298828125, 113.31970977783203, 21.55731201171875, -14.074321746826172, -14.575752258300781, -42.9911994934082, -13.457508087158203, -26.050321578979492, 17.088682174682617, 1.7057989835739136, 100.17398834228516, 17.241378784179688], [-193.39430236816406, 50.90958786010742, 7.001865386962891, 48.580379486083984, 54.04313278198242, -2.592341899871826, 0.09985410422086716, -17.608489990234375, 14.158334732055664, -20.539222717285156, -11.34424114227295, 17.241378784179688, 87.41617584228516]], "lowlevel.gfcc.icov": [[0.0003717001236509532, -0.00021228643890935928, -0.00019228665041737258, -0.00034505018265917897, 0.00044604644062928855, 6.764156569261104e-05, -0.0001860607007984072, -0.0006073412369005382, 0.00020946985750924796, -0.0002606130437925458, 0.0004966007545590401, -0.0003083815099671483, 0.0007873474969528615], [-0.00021228643890935928, 0.002742478856816888, -0.0006895434926263988, 0.0008965512970462441, -0.002177747432142496, 0.0020877006463706493, -0.00213542184792459, 0.001436642138287425, -0.0015140215400606394, 0.002500453731045127, -0.0026504669804126024, 0.003252380760386586, -0.0009624668746255338], [-0.00019228665041737258, -0.0006895434926263988, 0.0037651262246072292, -0.0016201951075345278, -0.0014320560730993748, -0.0023407067637890577, 0.0027269599959254265, -0.0007839674362912774, 0.0016436093719676137, -0.0018568154191598296, 0.0015789753524586558, -0.003823484992608428, 0.001486432389356196], [-0.00034505018265917897, 0.0008965512970462441, -0.0016201951075345278, 0.004595997743308544, -0.0007882254431024194, 0.0007626006263308227, -0.001316187554039061, 0.0022191102616488934, -0.0030156257562339306, 0.0021603077184408903, -0.00036102175363339484, 0.0012111942050978541, -0.002041200175881386], [0.00044604644062928855, -0.002177747432142496, -0.0014320560730993748, -0.0007882254431024194, 0.006835867650806904, -0.00189783307723701, -0.0011573579395189881, 0.00010236382513539866, -0.0012364726280793548, -0.0009943685727193952, 0.0026338023599237204, -0.0013537441845983267, -0.0008771985303610563], [6.764156569261104e-05, 0.0020877006463706493, -0.0023407067637890577, 0.0007626006263308227, -0.00189783307723701, 0.007815014570951462, -0.004830101039260626, -0.00041100787348113954, -0.0007924943929538131, 0.0025341580621898174, -0.00031349979690276086, 0.003535462310537696, 1.1049194654333405e-05], [-0.0001860607007984072, -0.00213542184792459, 0.0027269599959254265, -0.001316187554039061, -0.0011573579395189881, -0.004830101039260626, 0.01131634134799242, -0.003810987574979663, 0.0018111126264557242, -0.0018026676261797547, -0.00018880722927860916, -0.0016239426331594586, 0.0007156239589676261], [-0.0006073412369005382, 0.001436642138287425, -0.0007839674362912774, 0.0022191102616488934, 0.00010236382513539866, -0.00041100787348113954, -0.003810987574979663, 0.01583288423717022, -0.008459161967039108, 0.000770447077229619, -0.000331141403876245, 0.0006463514873757958, 0.0011480310931801796], [0.00020946985750924796, -0.0015140215400606394, 0.0016436093719676137, -0.0030156257562339306, -0.0012364726280793548, -0.0007924943929538131, 0.0018111126264557242, -0.008459161967039108, 0.01813969574868679, -0.006070922128856182, -0.001255638781003654, 0.0021889284253120422, -0.003034785855561495], [-0.0002606130437925458, 0.002500453731045127, -0.0018568154191598296, 0.0021603077184408903, -0.0009943685727193952, 0.0025341580621898174, -0.0018026676261797547, 0.000770447077229619, -0.006070922128856182, 0.014346539042890072, -0.004692996386438608, 0.0006890991353429854, 0.0013717195251956582], [0.0004966007545590401, -0.0026504669804126024, 0.0015789753524586558, -0.00036102175363339484, 0.0026338023599237204, -0.00031349979690276086, -0.00018880722927860916, -0.000331141403876245, -0.001255638781003654, -0.004692996386438608, 0.01692761853337288, -0.0059167868457734585, 0.003476757789030671], [-0.0003083815099671483, 0.003252380760386586, -0.003823484992608428, 0.0012111942050978541, -0.0013537441845983267, 0.003535462310537696, -0.0016239426331594586, 0.0006463514873757958, 0.0021889284253120422, 0.0006890991353429854, -0.0059167868457734585, 0.020257670432329178, -0.006825348362326622], [0.0007873474969528615, -0.0009624668746255338, 0.001486432389356196, -0.002041200175881386, -0.0008771985303610563, 1.1049194654333405e-05, 0.0007156239589676261, 0.0011480310931801796, -0.003034785855561495, 0.0013717195251956582, 0.003476757789030671, -0.006825348362326622, 0.01814151369035244]], "lowlevel.mfcc.cov": [[4041.3017578125, -204.39706420898438, 368.1813659667969, 179.1720733642578, -108.52777862548828, -34.94998550415039, 19.83586883544922, 114.06376647949219, 21.199180603027344, 104.4892349243164, 143.07785034179688, 14.934033393859863, 24.488727569580078], [-204.39706420898438, 1051.0960693359375, -215.9595947265625, 85.48905944824219, 122.1938247680664, 60.542869567871094, 124.70549774169922, 65.09869384765625, 82.52474975585938, 53.458797454833984, 36.16233444213867, 20.012712478637695, 16.66692543029785], [368.1813659667969, -215.9595947265625, 542.4483642578125, 109.09566497802734, 182.06541442871094, 134.38531494140625, 27.831226348876953, 39.88679504394531, 41.59918212890625, -50.0518798828125, -36.24894714355469, 16.291889190673828, 16.2224063873291], [179.1720733642578, 85.48905944824219, 109.09566497802734, 343.7959899902344, 131.01092529296875, 87.3866958618164, -8.079669952392578, 21.945985794067383, 55.81630325317383, -24.558143615722656, -23.242801666259766, -14.583272933959961, 5.217334270477295], [-108.52777862548828, 122.1938247680664, 182.06541442871094, 131.01092529296875, 318.362060546875, 167.3690948486328, 58.829002380371094, 68.91328430175781, 111.92979431152344, 0.3570118844509125, -39.47464370727539, 8.416764259338379, 10.689659118652344], [-34.94998550415039, 60.542869567871094, 134.38531494140625, 87.3866958618164, 167.3690948486328, 255.1858367919922, 111.92098999023438, 82.9944076538086, 110.66284942626953, 7.892920017242432, -2.7531285285949707, -2.082956314086914, -17.807893753051758], [19.83586883544922, 124.70549774169922, 27.831226348876953, -8.079669952392578, 58.829002380371094, 111.92098999023438, 153.6396942138672, 81.4539794921875, 58.33997344970703, 30.321083068847656, 20.23758316040039, 3.6144189834594727, 1.2272030115127563], [114.06376647949219, 65.09869384765625, 39.88679504394531, 21.945985794067383, 68.91328430175781, 82.9944076538086, 81.4539794921875, 151.57785034179688, 71.23137664794922, 28.60930061340332, 9.736658096313477, -10.680131912231445, 1.3056367635726929], [21.199180603027344, 82.52474975585938, 41.59918212890625, 55.81630325317383, 111.92979431152344, 110.66284942626953, 58.33997344970703, 71.23137664794922, 168.54443359375, 50.69735336303711, 2.331173896789551, 0.9265840649604797, -5.892341136932373], [104.4892349243164, 53.458797454833984, -50.0518798828125, -24.558143615722656, 0.3570118844509125, 7.892920017242432, 30.321083068847656, 28.60930061340332, 50.69735336303711, 120.41279602050781, 61.09800720214844, 12.611940383911133, 1.7980784177780151], [143.07785034179688, 36.16233444213867, -36.24894714355469, -23.242801666259766, -39.47464370727539, -2.7531285285949707, 20.23758316040039, 9.736658096313477, 2.331173896789551, 61.09800720214844, 105.2445297241211, 39.92692947387695, 19.056732177734375], [14.934033393859863, 20.012712478637695, 16.291889190673828, -14.583272933959961, 8.416764259338379, -2.082956314086914, 3.6144189834594727, -10.680131912231445, 0.9265840649604797, 12.611940383911133, 39.92692947387695, 73.9881820678711, 32.287418365478516], [24.488727569580078, 16.66692543029785, 16.2224063873291, 5.217334270477295, 10.689659118652344, -17.807893753051758, 1.2272030115127563, 1.3056367635726929, -5.892341136932373, 1.7980784177780151, 19.056732177734375, 32.287418365478516, 79.78201293945312]], "lowlevel.mfcc.icov": [[0.0003313806082587689, 4.701282250607619e-06, -0.0003690614248625934, -0.0002602151071187109, 0.0003285203129053116, 0.00024407802266068757, -3.7969562981743366e-05, -0.00028564874082803726, -3.342840864206664e-05, -0.0002369793801335618, -0.00039025029400363564, 0.00012047437485307455, 5.2414918172871694e-05], [4.701282250607619e-06, 0.0014335301239043474, 0.0009099221788346767, -0.0004847425443585962, -0.0009291686583310366, 0.0006026554619893432, -0.0014185127802193165, 9.688379213912413e-05, -0.00015376738156192005, 0.00022131236619316041, -0.0003670566657092422, -0.00032929558074101806, 2.9607113901874982e-05], [-0.0003690614248625934, 0.0009099221788346767, 0.0035326729994267225, -0.00019372238602954894, -0.0019428031519055367, -0.0008527992176823318, -0.0004208835307508707, 5.195019184611738e-05, 0.0003804152656812221, 0.001239611185155809, 0.0004242647555656731, -0.0010384113993495703, -0.00038781092735007405], [-0.0002602151071187109, -0.0004847425443585962, -0.00019372238602954894, 0.004249779973179102, -0.001151829375885427, -0.0012619419721886516, 0.0019923895597457886, 0.00022963779338169843, -0.0006702751270495355, 0.0011965051526203752, -0.0006112954579293728, 0.001572580193169415, -0.0007860078476369381], [0.0003285203129053116, -0.0009291686583310366, -0.0019428031519055367, -0.001151829375885427, 0.007896111346781254, -0.0030934116803109646, 0.001290221232920885, -0.001091082813218236, -0.001442775595933199, -0.001898042974062264, 0.003796693403273821, -0.0019259628606960177, -0.0013780251611024141], [0.00024407802266068757, 0.0006026554619893432, -0.0008527992176823318, -0.0012619419721886516, -0.0030934116803109646, 0.01097891479730606, -0.006082078907638788, -9.550479444442317e-05, -0.0033286481630057096, 0.0025747334584593773, -0.002994024194777012, 0.0004788503283634782, 0.003232767805457115], [-3.7969562981743366e-05, -0.0014185127802193165, -0.0004208835307508707, 0.0019923895597457886, 0.001290221232920885, -0.006082078907638788, 0.014199327677488327, -0.004414415918290615, 0.0006059732404537499, -0.0013998282374814153, -0.00017301370098721236, 0.00014291338447947055, -0.0013535337056964636], [-0.00028564874082803726, 9.688379213912413e-05, 5.195019184611738e-05, 0.00022963779338169843, -0.001091082813218236, -9.550479444442317e-05, -0.004414415918290615, 0.011135198175907135, -0.0025635608471930027, 0.00010483540245331824, -0.001161478110589087, 0.003146044909954071, -0.0011350499698892236], [-3.342840864206664e-05, -0.00015376738156192005, 0.0003804152656812221, -0.0006702751270495355, -0.001442775595933199, -0.0033286481630057096, 0.0006059732404537499, -0.0025635608471930027, 0.011812889017164707, -0.005571330431848764, 0.0030492052901536226, -0.0015016142278909683, 0.0003692042955663055], [-0.0002369793801335618, 0.00022131236619316041, 0.001239611185155809, 0.0011965051526203752, -0.001898042974062264, 0.0025747334584593773, -0.0013998282374814153, 0.00010483540245331824, -0.005571330431848764, 0.016511239111423492, -0.0100703788921237, 0.0025101422797888517, 0.0011510050389915705], [-0.00039025029400363564, -0.0003670566657092422, 0.0004242647555656731, -0.0006112954579293728, 0.003796693403273821, -0.002994024194777012, -0.00017301370098721236, -0.001161478110589087, 0.0030492052901536226, -0.0100703788921237, 0.021494127810001373, -0.009898237884044647, -0.0016813022084534168], [0.00012047437485307455, -0.00032929558074101806, -0.0010384113993495703, 0.001572580193169415, -0.0019259628606960177, 0.0004788503283634782, 0.00014291338447947055, 0.003146044909954071, -0.0015016142278909683, 0.0025101422797888517, -0.009898237884044647, 0.022559648379683495, -0.006481599062681198], [5.2414918172871694e-05, 2.9607113901874982e-05, -0.00038781092735007405, -0.0007860078476369381, -0.0013780251611024141, 0.003232767805457115, -0.0013535337056964636, -0.0011350499698892236, 0.0003692042955663055, 0.0011510050389915705, -0.0016813022084534168, -0.006481599062681198, 0.016613740473985672]], "metadata.audio_properties.analysis.downmix": "mix", "metadata.audio_properties.codec": "mp3", "metadata.audio_properties.md5_encoded": "4f2ec370244706c8907c26fbf289ccca", "metadata.tags.file_name": "1183709074907467776.mp3", "metadata.version.essentia": "2.1-beta6-dev", "metadata.version.essentia_git_sha": "v2.1_beta5-1110-g77a6a954", "metadata.version.extractor": "music 2.0", "tonal.chords_key": "C", "tonal.chords_scale": "major", "tonal.key_edma.key": "C", "tonal.key_edma.scale": "major", "tonal.key_krumhansl.key": "C", "tonal.key_krumhansl.scale": "major", "tonal.key_temperley.key": "C", "tonal.key_temperley.scale": "major", "metadata.tags.encoding": ["Lavf58.45.100"]}, "essentia_models": [{"model_name": "genre_dortmund", "activations": {"alternative": "0.0748285", "blues": "0.0006163379", "electronic": "0.0026748527", "folkcountry": "0.006575518", "fu