{"song_id": "1183698261220003891", "download": "https://cdn.discordapp.com/attachments/1135903449314238464/1183698261220003891/chirp.mp4?ex=658947e9&amp", "lyrics": "[verse]\n\u6211\u662f\u6253\u5de5\u4eba\uff0c\u594b\u6597\u4e0d\u606f\n\u6bcf\u5929\u8f9b\u82e6\uff0c\u6000\u63e3\u68a6\u60f3\u4e0d\u6b62\n\u9a84\u50b2\u81ea\u8c6a\uff0c\u4e3a\u751f\u6d3b\u52aa\u529b\u594b\u6597\n\u52c7\u6562\u575a\u6301\uff0c\u65e0\u60e7\u8fce\u63a5\u6311\u6218\n\n[chorus]\n\u6253\u5de5\u4eba\u7684\u5fc3\uff0c\u71c3\u70e7\u7740\u6fc0\u60c5\n\u5fae\u7b11\u9762\u5bf9\u56f0\u96be\uff0c\u6c38\u4e0d\u653e\u5f03\u8ffd\u9010\n\u8df3\u52a8\u7684\u8282\u594f\uff0c\u91ca\u653e\u5185\u5fc3\u559c\u60a6\n\u6253\u5de5\u4eba\u4e4b\u6b4c\uff0c\u5171\u540c\u594f\u54cd\u4eba\u751f\u4e50\u66f2", "style": ["random"], "essentia_features": {"lowlevel.average_loudness": 0.7931663990020752, "lowlevel.barkbands_crest.mean": 13.470812797546387, "lowlevel.barkbands_crest.stdev": 4.802234172821045, "lowlevel.barkbands_flatness_db.mean": 0.2551937997341156, "lowlevel.barkbands_flatness_db.stdev": 0.060622718185186386, "lowlevel.barkbands_kurtosis.mean": 25.591999053955078, "lowlevel.barkbands_kurtosis.stdev": 29.392711639404297, "lowlevel.barkbands_skewness.mean": 3.561270236968994, "lowlevel.barkbands_skewness.stdev": 2.1228952407836914, "lowlevel.barkbands_spread.mean": 9.770410537719727, "lowlevel.barkbands_spread.stdev": 11.31305980682373, "lowlevel.dissonance.mean": 0.41833120584487915, "lowlevel.dissonance.stdev": 0.04480769857764244, "lowlevel.dynamic_complexity": 4.625574111938477, "lowlevel.erbbands_crest.mean": 13.068488121032715, "lowlevel.erbbands_crest.stdev": 5.461848735809326, "lowlevel.erbbands_flatness_db.mean": 0.2000432312488556, "lowlevel.erbbands_flatness_db.stdev": 0.0516350232064724, "lowlevel.erbbands_kurtosis.mean": 5.2649922370910645, "lowlevel.erbbands_kurtosis.stdev": 8.088751792907715, "lowlevel.erbbands_skewness.mean": 1.6861881017684937, "lowlevel.erbbands_skewness.stdev": 1.0843334197998047, "lowlevel.erbbands_spread.mean": 35.24945068359375, "lowlevel.erbbands_spread.stdev": 25.726869583129883, "lowlevel.hfc.mean": 12.787303924560547, "lowlevel.hfc.stdev": 13.449553489685059, "lowlevel.loudness_ebu128.integrated": -22.4401912689209, "lowlevel.loudness_ebu128.loudness_range": 10.162496566772461, "lowlevel.loudness_ebu128.momentary.mean": -24.677942276000977, "lowlevel.loudness_ebu128.momentary.stdev": 4.753915309906006, "lowlevel.loudness_ebu128.short_term.mean": -24.307785034179688, "lowlevel.loudness_ebu128.short_term.stdev": 4.337535858154297, "lowlevel.melbands_crest.mean": 18.67129135131836, "lowlevel.melbands_crest.stdev": 6.021174430847168, "lowlevel.melbands_flatness_db.mean": 0.3023083806037903, "lowlevel.melbands_flatness_db.stdev": 0.06995487958192825, "lowlevel.melbands_kurtosis.mean": 41.53995132446289, "lowlevel.melbands_kurtosis.stdev": 43.79457092285156, "lowlevel.melbands_skewness.mean": 4.078641414642334, "lowlevel.melbands_skewness.stdev": 2.4028666019439697, "lowlevel.melbands_spread.mean": 8.575745582580566, "lowlevel.melbands_spread.stdev": 11.17976188659668, "lowlevel.pitch_salience.mean": 0.4282545745372772, "lowlevel.pitch_salience.stdev": 0.10773476958274841, "lowlevel.silence_rate_20dB.mean": 0.9994206428527832, "lowlevel.silence_rate_20dB.stdev": 0.02406344935297966, "lowlevel.silence_rate_30dB.mean": 0.9530707001686096, "lowlevel.silence_rate_30dB.stdev": 0.2114873081445694, "lowlevel.silence_rate_60dB.mean": 0.07531865686178207, "lowlevel.silence_rate_60dB.stdev": 0.26390957832336426, "lowlevel.spectral_centroid.mean": 596.127685546875, "lowlevel.spectral_centroid.stdev": 410.90478515625, "lowlevel.spectral_complexity.mean": 8.467555046081543, "lowlevel.spectral_complexity.stdev": 4.938066005706787, "lowlevel.spectral_decrease.mean": -8.617881519512594e-09, "lowlevel.spectral_decrease.stdev": 1.0791617377492457e-08, "lowlevel.spectral_energy.mean": 0.03368571028113365, "lowlevel.spectral_energy.stdev": 0.04156847298145294, "lowlevel.spectral_energyband_high.mean": 0.00041361406329087913, "lowlevel.spectral_energyband_high.stdev": 0.0008613005047664046, "lowlevel.spectral_energyband_low.mean": 0.016232015565037727, "lowlevel.spectral_energyband_low.stdev": 0.034062352031469345, "lowlevel.spectral_energyband_middle_high.mean": 0.0012986251385882497, "lowlevel.spectral_energyband_middle_high.stdev": 0.0025553200393915176, "lowlevel.spectral_energyband_middle_low.mean": 0.01784825697541237, "lowlevel.spectral_energyband_middle_low.stdev": 0.016931019723415375, "lowlevel.spectral_entropy.mean": 6.820289134979248, "lowlevel.spectral_entropy.stdev": 0.6995275020599365, "lowlevel.spectral_flux.mean": 0.04796304926276207, "lowlevel.spectral_flux.stdev": 0.06122858449816704, "lowlevel.spectral_kurtosis.mean": 5.192695140838623, "lowlevel.spectral_kurtosis.stdev": 4.69137716293335, "lowlevel.spectral_rms.mean": 0.004948630463331938, "lowlevel.spectral_rms.stdev": 0.0028939887415617704, "lowlevel.spectral_rolloff.mean": 625.1600341796875, "lowlevel.spectral_rolloff.stdev": 1129.8492431640625, "lowlevel.spectral_skewness.mean": 1.882440209388733, "lowlevel.spectral_skewness.stdev": 0.7130433917045593, "lowlevel.spectral_spread.mean": 5382814.5, "lowlevel.spectral_spread.stdev": 1720361.625, "lowlevel.spectral_strongpeak.mean": 0.9418476223945618, "lowlevel.spectral_strongpeak.stdev": 1.0144932270050049, "lowlevel.zerocrossingrate.mean": 0.03487420082092285, "lowlevel.zerocrossingrate.stdev": 0.03648630902171135, "metadata.audio_properties.analysis.equal_loudness": 0.0, "metadata.audio_properties.analysis.length": 40.04265213012695, "metadata.audio_properties.analysis.sample_rate": 44100.0, "metadata.audio_properties.analysis.start_time": 0.0, "metadata.audio_properties.bit_rate": 100297.0, "metadata.audio_properties.length": 40.042667388916016, "metadata.audio_properties.lossless": 0.0, "metadata.audio_properties.number_channels": 1.0, "metadata.audio_properties.replay_gain": -4.594638824462891, "metadata.audio_properties.sample_rate": 48000.0, "rhythm.beats_count": 63.0, "rhythm.beats_loudness.mean": 0.04870343580842018, "rhythm.beats_loudness.stdev": 0.05924134701490402, "rhythm.bpm": 98.71598052978516, "rhythm.bpm_histogram_first_peak_bpm": 99.0, "rhythm.bpm_histogram_first_peak_weight": 0.023809492588043213, "rhythm.bpm_histogram_second_peak_bpm": 91.0, "rhythm.bpm_histogram_second_peak_spread": 0.550000011920929, "rhythm.bpm_histogram_second_peak_weight": 0.14516128599643707, "rhythm.danceability": 0.974065899848938, "rhythm.onset_rate": 2.3717732429504395, "tonal.chords_changes_rate": 0.039351850748062134, "tonal.chords_number_rate": 0.009259259328246117, "tonal.chords_strength.mean": 0.515742838382721, "tonal.chords_strength.stdev": 0.08915012329816818, "tonal.hpcp_crest.mean": 19.829904556274414, "tonal.hpcp_crest.stdev": 8.394021987915039, "tonal.hpcp_entropy.mean": 1.2550801038742065, "tonal.hpcp_entropy.stdev": 0.6667927503585815, "tonal.key_edma.strength": 0.5759432911872864, "tonal.key_krumhansl.strength": 0.5787599682807922, "tonal.key_temperley.strength": 0.5793716311454773, "tonal.tuning_diatonic_strength": 0.5047088861465454, "tonal.tuning_equal_tempered_deviation": 0.004340348299592733, "tonal.tuning_frequency": 438.7310485839844, "tonal.tuning_nontempered_energy_ratio": 0.6149076223373413, "lowlevel.barkbands.mean": [0.00022928035468794405, 0.008627010509371758, 0.005553527269512415, 0.0032444160897284746, 0.004097743425518274, 0.0052164699882268906, 0.0007795843412168324, 0.0005412336904555559, 0.003101055510342121, 0.0011407327838242054, 0.00015413494838867337, 9.895355469780043e-05, 3.4427499485900626e-05, 0.00010284329619025812, 0.00010058162297355011, 2.5908973839250393e-05, 2.4343687982764095e-05, 2.7697997211362235e-05, 0.00013252149801701307, 6.879506690893322e-05, 7.555449701612815e-05, 5.8127920055994764e-05, 6.0402508097467944e-05, 7.522574014728889e-05, 0.00011467973672552034, 4.854758230976586e-07, 1.7925012585351396e-09], "lowlevel.barkbands.stdev": [0.001075855572707951, 0.02690417878329754, 0.011549320071935654, 0.00401557981967926, 0.005900418385863304, 0.007605881430208683, 0.001369199249893427, 0.0014878943329676986, 0.006319197826087475, 0.0035038162022829056, 0.000840924505610019, 0.00029435919714160264, 7.117534551071003e-05, 0.00021839850523974746, 0.0002701019693631679, 4.5577231503557414e-05, 5.614692054223269e-05, 6.323622073978186e-05, 0.00021680144709534943, 0.00012369873002171516, 0.00016061447968240827, 0.00015776741201989353, 0.00013589431182481349, 0.00018237988115288317, 0.0002728482068050653, 2.7617300020210678e-06, 1.4352685262508658e-08], "lowlevel.erbbands.mean": [0.2486337274312973, 1.946950078010559, 6.231595993041992, 9.08238697052002, 8.773826599121094, 13.10251522064209, 42.723026275634766, 34.94965744018555, 14.4354248046875, 11.539363861083984, 21.785802841186523, 66.01631927490234, 66.29615020751953, 12.530569076538086, 6.363592624664307, 3.6440553665161133, 1.6998296976089478, 4.549430847167969, 4.240250587463379, 5.2010650634765625, 1.5110642910003662, 1.3381356000900269, 1.6498934030532837, 1.7717009782791138, 9.143854141235352, 3.5076911449432373, 3.3804774284362793, 2.2935774326324463, 2.0704548358917236, 1.9056310653686523, 1.8165907859802246, 1.7315911054611206, 1.2354576587677002, 1.5476672649383545, 0.6332336664199829, 0.037425361573696136, 0.0010575632331892848, 7.420731708407402e-05, 2.5729495973791927e-05, 3.984959039371461e-05], "lowlevel.erbbands.stdev": [0.984528124332428, 5.675348281860352, 13.112031936645508, 11.778368949890137, 10.54975700378418, 17.35039710998535, 86.40352630615234, 52.37729263305664, 22.723257064819336, 22.5040340423584, 45.609901428222656, 138.21231079101562, 167.363037109375, 38.43039321899414, 26.172792434692383, 8.94512939453125, 3.46061635017395, 9.138110160827637, 10.691417694091797, 13.554430961608887, 2.623033285140991, 2.513401746749878, 3.582246780395508, 2.554027557373047, 14.893068313598633, 6.1262407302856445, 6.320134162902832, 5.430295467376709, 5.686450958251953, 4.774065971374512, 4.071908473968506, 4.130004405975342, 2.978039026260376, 3.869166135787964, 1.4991859197616577, 0.09477535635232925, 0.0025714929215610027, 0.0001761407620506361, 3.250510053476319e-05, 4.705373430624604e-05], "lowlevel.gfcc.mean": [-74.6373291015625, 116.66576385498047, -92.15580749511719, 44.13070297241211, -87.78230285644531, 11.70934009552002, -52.19926834106445, -0.08999070525169373, -28.849328994750977, -11.53369426727295, -12.61209487915039, -22.852434158325195, 3.7743029594421387], "lowlevel.melbands.mean": [0.0022740308195352554, 0.0029806101229041815, 0.0015602805651724339, 0.0007542121456936002, 0.0012926791096106172, 0.0008174366666935384, 0.000209440739126876, 0.00011516769882291555, 0.00022900740441400558, 0.0004340845043770969, 0.000321961852023378, 4.460921627469361e-05, 2.3846183466957882e-05, 1.2641730791074224e-05, 4.7829407776589505e-06, 3.3065171010093763e-06, 9.618291187507566e-06, 7.1128024501376785e-06, 6.86481371303671e-06, 4.269541932444554e-06, 1.4614845440519275e-06, 1.1485558388812933e-06, 2.0621519070118666e-06, 1.0594827699605958e-06, 9.309293318437994e-07, 6.361646683217259e-06, 4.869521490036277e-06, 1.8073469618684612e-06, 1.968848891920061e-06, 2.0847230643994408e-06, 1.096709524972539e-06, 1.0760649047369952e-06, 1.3199478416936472e-06, 9.377233141094621e-07, 1.0422589866720955e-06, 1.0131341241503833e-06, 1.0870199957935256e-06, 7.807281008354039e-07, 1.0488183761481196e-06, 1.396838797518285e-06], "lowlevel.melbands.stdev": [0.007834953255951405, 0.00631982646882534, 0.001865161582827568, 0.0008897979278117418, 0.0024715240579098463, 0.001178520149551332, 0.0003299816744402051, 0.00021556946740020066, 0.0004894261946901679, 0.0008797816699370742, 0.0008260953472927213, 0.00016097990737762302, 0.00012109781528124586, 3.867730629281141e-05, 1.3129606486472767e-05, 6.388613655872177e-06, 2.0190011127851903e-05, 1.812590562622063e-05, 2.1299698346410878e-05, 8.706831067684107e-06, 3.0846920253679855e-06, 2.416535380689311e-06, 4.754769179271534e-06, 2.525623358451412e-06, 1.5513787730014883e-06, 1.0341926099499688e-05, 8.440871170023456e-06, 3.466799626039574e-06, 3.489023356451071e-06, 4.714788246928947e-06, 2.8086526526749367e-06, 3.0090022846707143e-06, 3.832666607195279e-06, 2.2514923330163583e-06, 2.3088252874003956e-06, 2.294216528753168e-06, 2.7411754217609996e-06, 1.9843419067910872e-06, 2.4064481749519473e-06, 3.749169991351664e-06], "lowlevel.melbands128.mean": [0.0002219870948465541, 0.0019094148883596063, 0.003019788535311818, 0.003209936898201704, 0.00336874439381063, 0.002501062583178282, 0.0019026008667424321, 0.0015023753512650728, 0.0006636689067818224, 0.0008265786455012858, 0.0005887436564080417, 0.0009642521617934108, 0.0017414606409147382, 0.0013802750036120415, 0.0007953373715281487, 0.0005948045291006565, 0.0002689194225240499, 0.0001286914193769917, 0.00011805800750153139, 0.00016746042820159346, 5.020317621529102e-05, 0.000144679332152009, 0.00013878928439226002, 0.00045705263619311154, 0.000492721563205123, 0.0003376975073479116, 0.0005792641313746572, 0.00035767938243225217, 7.018712494755164e-05, 7.017297320999205e-05, 1.7848851712187752e-05, 2.8425534765119664e-05, 3.63580220437143e-05, 6.990365818637656e-06, 1.7433238099329174e-05, 1.4032912986294832e-05, 7.5182288128416985e-06, 2.688215090529411e-06, 5.405606316344347e-06, 2.357426637900062e-06, 1.9384535789868096e-06, 5.744702320953365e-06, 9.777551895240322e-06, 1.1180885849171318e-05, 1.0822849617397878e-05, 5.319699539541034e-06, 5.2425798457989e-06, 3.4711588341451716e-06, 1.0474533155502286e-05, 9.74127760855481e-06, 1.2653454177780077e-06, 1.5600742244714638e-06, 1.473082761549449e-06, 1.6239509932347573e-06, 1.1340420087435632e-06, 7.679791451664641e-07, 1.1581248600123217e-06, 2.600563448140747e-06, 2.5588813059584936e-06, 9.967550340661546e-07, 1.0978177442666492e-06, 7.953440785968269e-07, 8.647796221339377e-07, 8.84553742253047e-07, 1.126462962020014e-06, 5.292659352562623e-06, 1.1874774827447254e-05, 6.456593837356195e-06, 3.090835434704786e-06, 2.7539979328139452e-06, 1.3684108353118063e-06, 1.5747458519399515e-06, 1.8778428056975827e-06, 1.8848123772841063e-06, 2.2487888600153383e-06, 2.7372586828278145e-06, 1.786639245437982e-06, 8.688318757776869e-07, 1.3450792266667122e-06, 7.391028020720114e-07, 1.1175923191331094e-06, 1.1233911436647759e-06, 1.1862837254739134e-06, 1.60653894454299e-06, 1.158059376393794e-06, 9.405270589013526e-07, 8.045075219342834e-07, 9.779857919056667e-07, 1.0796777587529505e-06, 1.1081129969170433e-06, 1.0005248896050034e-06, 9.137590382124472e-07, 1.1329389053571504e-06, 1.2779972848875332e-06, 8.6854231540201e-07, 8.807584777059674e-07, 7.052271371321694e-07, 7.849980647733901e-07, 8.165482654476364e-07, 1.2807834082195768e-06, 1.6590848872510833e-06, 1.5213576034511789e-06, 8.817085586088069e-07, 1.1373110737622483e-06, 8.361354275621125e-07, 4.6717798340978334e-07, 1.46226582842246e-07, 2.5030928441083233e-08, 3.010422355842479e-09, 1.4489268673756328e-09, 1.6814527548092428e-10, 6.706935007372294e-11, 3.209358473421631e-11, 2.6413895376498076e-11, 2.6597096053349034e-11, 2.9361391790105884e-11, 2.273537781649626e-11, 9.171071888025573e-12, 6.94279963381339e-12, 6.6078466483265874e-12, 5.92766200707695e-12, 5.668820447779499e-12, 5.56621632466503e-12, 5.45886513075855e-12, 5.22993410731476e-12, 4.883145103551367e-12, 4.69092776775315e-12, 4.644038625878366e-12], "lowlevel.melbands128.stdev": [0.0010618047090247273, 0.008537428453564644, 0.011322691105306149, 0.009575746022164822, 0.007772694807499647, 0.0051546161994338036, 0.0026550996117293835, 0.001939708599820733, 0.0011286091757938266, 0.0013687293976545334, 0.0009094825363717973, 0.002216075314208865, 0.004308681935071945, 0.0024857567623257637, 0.0014494286151602864, 0.0012195558520033956, 0.0005684223142452538, 0.0003221640072297305, 0.0002531885402277112, 0.0004072530136909336, 0.00012266267731320113, 0.00047872032155282795, 0.0004110999288968742, 0.0013757840497419238, 0.0013624265557155013, 0.0011367208790034056, 0.001590762403793633, 0.0012433434603735805, 0.00025168765569105744, 0.0003383779258001596, 9.907173807732761e-05, 0.00016873814456630498, 0.0002162787423003465, 2.2008121959515847e-05, 8.108123438432813e-05, 3.784747968893498e-05, 2.2494978111353703e-05, 1.6243588106590323e-05, 1.5410214473376982e-05, 5.949430487817153e-06, 5.420567958935862e-06, 1.5173580322880298e-05, 2.8080692572984844e-05, 2.7559541194932535e-05, 3.252861279179342e-05, 2.3710705136181787e-05, 2.4653712898725644e-05, 1.6707816030248068e-05, 4.4802323827752843e-05, 2.116685027431231e-05, 2.685082790776505e-06, 4.315193564252695e-06, 3.185564537488972e-06, 4.426054601935903e-06, 6.541145467053866e-06, 1.459600071029854e-06, 2.2203416847332846e-06, 7.338014711422147e-06, 8.291638550872449e-06, 2.8466897674661595e-06, 3.821342943410855e-06, 2.245000359835103e-06, 1.636559886719624e-06, 1.79665687483066e-06, 2.664035719135427e-06, 1.0494897651369683e-05, 2.0676741769420914e-05, 1.601275107532274e-05, 6.8457798079180066e-06, 6.425435913115507e-06, 3.22071628033882e-06, 3.364719304954633e-06, 3.6586998248822056e-06, 3.7826700918230927e-06, 4.9473469516669866e-06, 6.691996532026678e-06, 4.916469606541796e-06, 2.2114954845164903e-06, 3.861751793010626e-06, 1.8739694951364072e-06, 3.2599839414615417e-06, 3.500264028843958e-06, 3.922392806998687e-06, 5.203321506996872e-06, 3.3110675303760218e-06, 2.2788774458604166e-06, 2.136587454515393e-06, 2.229762458227924e-06, 2.351030161662493e-06, 3.074785354328924e-06, 2.496733713996946e-06, 2.2667416033073096e-06, 2.6149591576540843e-06, 3.5777509310719324e-06, 2.4084413325908827e-06, 2.6165669169131434e-06, 1.8550765616964782e-06, 2.1218243091425393e-06, 2.1096557247801684e-06, 2.9124319098627893e-06, 4.062510924995877e-06, 5.058152510173386e-06, 2.4311291326739592e-06, 2.6301345315005165e-06, 2.1541304704442155e-06, 1.2683713066508062e-06, 4.3251688452983217e-07, 1.0836333075303628e-07, 3.092917921776461e-08, 2.3199241638849344e-08, 2.5823840843486323e-09, 2.095495110765455e-09, 7.978455673907092e-10, 6.56320275904676e-10, 6.139322383802437e-10, 7.892154152422393e-10, 5.563025040622449e-10, 7.702642690343708e-11, 3.255248154365731e-11, 2.670996410158999e-11, 1.2915190618356664e-11, 1.1715873930728815e-11, 1.1474821093315768e-11, 1.1278439987494338e-11, 1.111808301673678e-11, 1.099044466545962e-11, 1.0895743508820832e-11, 1.0838037932392464e-11], "lowlevel.mfcc.mean": [-718.3951416015625, 127.01478576660156, 44.40462112426758, 23.460357666015625, -0.013531014323234558, -3.439866781234741, -6.801021575927734, -11.477702140808105, -5.995530128479004, -1.3705804347991943, -11.313924789428711, -15.246328353881836, -9.128212928771973], "lowlevel.spectral_contrast_coeffs.mean": [-0.5774248838424683, -0.6688311100006104, -0.7168957591056824, -0.8043158650398254, -0.8097792863845825, -0.8095349669456482], "lowlevel.spectral_contrast_coeffs.stdev": [0.10996857285499573, 0.0815090462565422, 0.086949422955513, 0.05119582638144493, 0.04890171065926552, 0.023619236424565315], "lowlevel.spectral_contrast_valleys.mean": [-7.440271377563477, -7.582380771636963, -8.645316123962402, -8.887853622436523, -8.61568546295166, -10.489847183227539], "lowlevel.spectral_contrast_valleys.stdev": [1.4943994283676147, 1.0451017618179321, 0.9927083253860474, 0.8500120043754578, 0.9750229120254517, 1.1330498456954956], "rhythm.beats_loudness_band_ratio.mean": [0.5370476245880127, 0.3350397050380707, 0.1360049545764923, 0.022248080000281334, 0.01097437646239996, 0.03273184970021248], "rhythm.beats_loudness_band_ratio.stdev": [0.2704884111881256, 0.25105050206184387, 0.13208740949630737, 0.030232567340135574, 0.019810259342193604, 0.04982759431004524], "tonal.hpcp.mean": [0.23863254487514496, 0.11313619464635849, 0.009294556453824043, 0.0066188788041472435, 0.01084634568542242, 0.08368953317403793, 0.1489846259355545, 0.07826583832502365, 0.021716048941016197, 0.029030559584498405, 0.017115984112024307, 0.010740826837718487, 0.013554171659052372, 0.018348710611462593, 0.12530124187469482, 0.20590533316135406, 0.09848400950431824, 0.009739549830555916, 0.008551876060664654, 0.01692238077521324, 0.28416696190834045, 0.43985024094581604, 0.18263345956802368, 0.02412506751716137, 0.015246552415192127, 0.016739699989557266, 0.05483761802315712, 0.0833980143070221, 0.05104353651404381, 0.13310803472995758, 0.22211691737174988, 0.10745133459568024, 0.02000846154987812, 0.028315450996160507, 0.029628999531269073, 0.14677798748016357], "tonal.hpcp.stdev": [0.3903614580631256, 0.19692209362983704, 0.06774502247571945, 0.048613399267196655, 0.07992345094680786, 0.17634041607379913, 0.27505406737327576, 0.15395545959472656, 0.09812016785144806, 0.13663507997989655, 0.07946494221687317, 0.05881981924176216, 0.059032902121543884, 0.07904995232820511, 0.25019532442092896, 0.37616828083992004, 0.2100643813610077, 0.06299891322851181, 0.06528090685606003, 0.08600585907697678, 0.31975626945495605, 0.4358260929584503, 0.21781164407730103, 0.10904504358768463, 0.09354644268751144, 0.08413305133581161, 0.16180706024169922, 0.20519830286502838, 0.14867505431175232, 0.21482835710048676, 0.33908531069755554, 0.17474998533725739, 0.10962826013565063, 0.13734108209609985, 0.1381632387638092, 0.2459597885608673], "rhythm.beats_position": [0.650158703327179, 1.3119274377822876, 1.9736961126327515, 2.6470746994018555, 3.3320634365081787, 4.005442142486572, 4.667210578918457, 5.3289794921875, 5.990748405456543, 6.664126873016357, 7.3258957862854, 7.987664222717285, 8.637823104858398, 9.276371955871582, 9.914920806884766, 10.55346965789795, 11.192017555236816, 11.83056640625, 12.469115257263184, 13.130884170532227, 13.76943302154541, 14.384761810302734, 15.000090599060059, 15.603809356689453, 16.20752716064453, 16.822856903076172, 17.43818473815918, 18.04190444946289, 18.6456241607666, 19.24934196472168, 19.85306167602539, 20.479999542236328, 21.09532928466797, 21.710657119750977, 22.325986862182617, 22.941314697265625, 23.556644439697266, 24.171972274780273, 24.787302017211914, 25.402629852294922, 26.006349563598633, 26.61006736755371, 27.213787078857422, 27.8175048828125, 28.42122459411621, 29.02494239807129, 29.628662109375, 30.232379913330078, 30.83609962463379, 31.439817428588867, 32.04353713989258, 32.647254943847656, 33.250972747802734, 33.85469436645508, 34.458412170410156, 35.062129974365234, 35.66584777832031, 36.269569396972656, 36.873287200927734, 37.47700500488281, 38.080726623535156, 38.684444427490234, 39.299774169921875], "rhythm.bpm_histogram": [0.0, 0.0, 0.0, 0.0, 0.0, 0.0, 0.0, 0.0, 0.0, 0.0, 0.0, 0.0, 0.0, 0.0, 0.0, 0.0, 0.0, 0.0, 0.0, 0.0, 0.0, 0.0, 0.0, 0.0, 0.0, 0.0, 0.0, 0.0, 0.0, 0.0, 0.0, 0.0, 0.0, 0.0, 0.0, 0.0, 0.0, 0.0, 0.0, 0.0, 0.0, 0.0, 0.0, 0.0, 0.0, 0.0, 0.0, 0.0, 0.0, 0.0, 0.0, 0.0, 0.0, 0.0, 0.0, 0.0, 0.0, 0.0, 0.0, 0.0, 0.0, 0.0, 0.0, 0.0, 0.0, 0.0, 0.0, 0.0, 0.0, 0.0, 0.0, 0.0, 0.0, 0.0, 0.0, 0.0, 0.0, 0.0, 0.0, 0.0, 0.0, 0.0, 0.0, 0.0, 0.0, 0.0, 0.0, 0.0, 0.016129031777381897, 0.04838709533214569, 0.0, 0.12903225421905518, 0.016129031777381897, 0.0, 0.11290322244167328, 0.0, 0.016129031777381897, 0.0, 0.20967741310596466, 0.4516128897666931, 0.0, 0.0, 0.0, 0.0, 0.0, 0.0, 0.0, 0.0, 0.0, 0.0, 0.0, 0.0, 0.0, 0.0, 0.0, 0.0, 0.0, 0.0, 0.0, 0.0, 0.0, 0.0, 0.0, 0.0, 0.0, 0.0, 0.0, 0.0, 0.0, 0.0, 0.0, 0.0, 0.0, 0.0, 0.0, 0.0, 0.0, 0.0, 0.0, 0.0, 0.0, 0.0, 0.0, 0.0, 0.0, 0.0, 0.0, 0.0, 0.0, 0.0, 0.0, 0.0, 0.0, 0.0, 0.0, 0.0, 0.0, 0.0, 0.0, 0.0, 0.0, 0.0, 0.0, 0.0, 0.0, 0.0, 0.0, 0.0, 0.0, 0.0, 0.0, 0.0, 0.0, 0.0, 0.0, 0.0, 0.0, 0.0, 0.0, 0.0, 0.0, 0.0, 0.0, 0.0, 0.0, 0.0, 0.0, 0.0, 0.0, 0.0, 0.0, 0.0, 0.0, 0.0, 0.0, 0.0, 0.0, 0.0, 0.0, 0.0, 0.0, 0.0, 0.0, 0.0, 0.0, 0.0, 0.0, 0.0, 0.0, 0.0, 0.0, 0.0, 0.0, 0.0, 0.0, 0.0, 0.0, 0.0, 0.0, 0.0, 0.0, 0.0, 0.0, 0.0, 0.0, 0.0, 0.0, 0.0, 0.0, 0.0, 0.0, 0.0, 0.0, 0.0, 0.0, 0.0, 0.0, 0.0, 0.0, 0.0, 0.0, 0.0, 0.0, 0.0, 0.0, 0.0, 0.0, 0.0, 0.0, 0.0], "tonal.chords_histogram": [10.300926208496094, 0.0, 0.0, 0.0, 0.0, 0.0, 0.0, 0.0, 0.0, 0.0, 0.0, 0.0, 0.0, 0.11574073880910873, 0.0, 0.0, 0.0, 7.291666507720947, 7.754629611968994, 43.75, 7.1759257316589355, 1.2731481790542603, 21.18055534362793, 1.1574074029922485], "tonal.thpcp": [1.0, 0.4152173697948456, 0.05484836548566818, 0.03466305509209633, 0.03805772587656975, 0.12467338144779205, 0.1896054744720459, 0.11604753881692886, 0.3026212751865387, 0.5049830675125122, 0.24429072439670563, 0.04548925906419754, 0.06437520682811737, 0.06736156344413757, 0.33369991183280945, 0.5425313711166382, 0.2572152614593506, 0.021131183952093124, 0.015048027969896793, 0.024659179151058197, 0.19026824831962585, 0.3387167155742645, 0.17793746292591095, 0.04937146231532097, 0.06600100547075272, 0.03891320899128914, 0.024419281631708145, 0.030815424397587776, 0.04171581193804741, 0.28487250208854675, 0.46812599897384644, 0.22390350699424744, 0.02214287780225277, 0.01944269984960556, 0.03847305104136467, 0.6460539102554321], "lowlevel.gfcc.cov": [[9674.37109375, -331.823486328125, 257.48602294921875, 869.6560668945312, -108.70448303222656, 876.8495483398438, 1137.6151123046875, 1487.263671875, 416.94439697265625, 944.2252197265625, 289.52545166015625, 59.30854034423828, 449.0370788574219], [-331.823486328125, 915.6095581054688, -8.47457218170166, -210.6077423095703, 172.85720825195312, -85.9066390991211, 108.20191955566406, -149.45120239257812, 114.48318481445312, -85.88076782226562, 56.602054595947266, -106.05339813232422, 63.552513122558594], [257.48602294921875, -8.47457218170166, 606.71435546875, 276.73834228515625, -21.6184139251709, 111.88203430175781, 108.94291687011719, 97.0501937866211, 41.627803802490234, 97.9655990600586, 2.3156938552856445, -21.414241790771484, -40.96400833129883], [869.6560668945312, -210.6077423095703, 276.73834228515625, 412.1980895996094, 46.59162139892578, 133.964111328125, 126.37040710449219, 210.8975067138672, 62.850093841552734, 127.64817810058594, 19.312278747558594, 19.400646209716797, -17.96888542175293], [-108.70448303222656, 172.85720825195312, -21.6184139251709, 46.59162139892578, 236.7969207763672, 74.56592559814453, 9.480650901794434, -11.157100677490234, 65.01456451416016, -2.4856057167053223, 15.000658988952637, 19.220684051513672, -8.293357849121094], [876.8495483398438, -85.9066390991211, 111.88203430175781, 133.964111328125, 74.56592559814453, 267.860595703125, 176.29017639160156, 208.0845947265625, 77.79768371582031, 137.63479614257812, 22.147470474243164, 32.49641418457031, 22.967769622802734], [1137.6151123046875, 108.20191955566406, 108.94291687011719, 126.37040710449219, 9.480650901794434, 176.29017639160156, 372.4720153808594, 314.45855712890625, 124.89431762695312, 160.3424530029297, 63.02717208862305, -17.617935180664062, 84.2524642944336], [1487.263671875, -149.45120239257812, 97.0501937866211, 210.8975067138672, -11.157100677490234, 208.0845947265625, 314.45855712890625, 454.04742431640625, 152.52415466308594, 224.45550537109375, 33.42311096191406, 25.454748153686523, 59.661067962646484], [416.94439697265625, 114.48318481445312, 41.627803802490234, 62.850093841552734, 65.01456451416016, 77.79768371582031, 124.89431762695312, 152.52415466308594, 151.49697875976562, 104.58050537109375, 23.960901260375977, -8.524104118347168, 25.55555534362793], [944.2252197265625, -85.88076782226562, 97.9655990600586, 127.64817810058594, -2.4856057167053223, 137.63479614257812, 160.3424530029297, 224.45550537109375, 104.58050537109375, 216.48919677734375, 54.18911361694336, 4.1873650550842285, 25.98451042175293], [289.52545166015625, 56.602054595947266, 2.3156938552856445, 19.312278747558594, 15.000658988952637, 22.147470474243164, 63.02717208862305, 33.42311096191406, 23.960901260375977, 54.18911361694336, 83.16773223876953, 17.86916732788086, 30.411300659179688], [59.30854034423828, -106.05339813232422, -21.414241790771484, 19.400646209716797, 19.220684051513672, 32.49641418457031, -17.617935180664062, 25.454748153686523, -8.524104118347168, 4.1873650550842285, 17.86916732788086, 84.31329345703125, 16.431161880493164], [449.0370788574219, 63.552513122558594, -40.96400833129883, -17.96888542175293, -8.293357849121094, 22.967769622802734, 84.2524642944336, 59.661067962646484, 25.55555534362793, 25.98451042175293, 30.411300659179688, 16.431161880493164, 111.3241195678711]], "lowlevel.gfcc.icov": [[0.00044117862125858665, -0.0007305003236979246, 0.0005219784216023982, -0.0009802577551454306, 0.0008056516526266932, -0.001016323221847415, 0.0008676014840602875, -0.0012461959850043058, 0.0012312568724155426, -0.0009757133084349334, -0.00025120467762462795, 0.0003317448135931045, -0.0010829610982909799], [-0.0007305003236979246, 0.006449625361710787, -0.002648427151143551, 0.00479529146105051, -0.005323403514921665, 0.0038003919180482626, -0.004782011266797781, 0.00418485701084137, -0.00659139733761549, 0.004712118301540613, -0.0030067383777350187, 0.0040948279201984406, -0.00010998310608556494], [0.0005219784216023982, -0.002648427151143551, 0.004283033777028322, -0.004564641043543816, 0.0038197513204067945, -0.0028159902431070805, 0.00059576949570328, 0.00027059929561801255, 0.001830752706155181, -0.0028490826953202486, 0.0019042596686631441, -0.0014689770760014653, 0.0004567172727547586], [-0.0009802577551454306, 0.00479529146105051, -0.004564641043543816, 0.009567239321768284, -0.006403177045285702, 0.00405488396063447, -0.0025990281719714403, 0.0002780092181637883, -0.003372899955138564, 0.0035867574624717236, -0.00255788117647171, 0.0022862001787871122, 0.0018838535761460662], [0.0008056516526266932, -0.005323403514921665, 0.0038197513204067945, -0.006403177045285702, 0.012888841331005096, -0.007440004497766495, 0.003739368636161089, -0.00019571925804484636, -0.0010212647030130029, -0.0009545280481688678, 0.0006487566861324012, -0.004410844761878252, 0.0008624201291240752], [-0.001016323221847415, 0.0038003919180482626, -0.0028159902431070805, 0.00405488396063447, -0.007440004497766495, 0.013111680746078491, -0.00720184575766325, 0.003214610042050481, -0.0016429884126409888, -0.001944738207384944, 0.003703565802425146, -0.0032928455621004105, 0.0023218952119350433], [0.0008676014840602875, -0.004782011266797781, 0.00059576949570328, -0.0025990281719714403, 0.003739368636161089, -0.00720184575766325, 0.01730250008404255, -0.013246316462755203, 0.0050682262517511845, 0.0010334940161556005, -0.007254007272422314, 0.0067559946328401566, -0.005621610675007105], [-0.0012461959850043058, 0.00418485701084137, 0.00027059929561801255, 0.0002780092181637883, -0.00019571925804484636, 0.003214610042050481, -0.013246316462755203, 0.01933128573000431, -0.0104158204048872, -0.002688365988433361, 0.007759978994727135, -0.006936888210475445, 0.003691854188218713], [0.0012312568724155426, -0.00659139733761549, 0.001830752706155181, -0.003372899955138564, -0.0010212647030130029, -0.0016429884126409888, 0.0050682262517511845, -0.0104158204048872, 0.024176713079214096, -0.01083981990814209, 0.003053913125768304, 5.971999780740589e-05, -0.0029279785230755806], [-0.0009757133084349334, 0.004712118301540613, -0.0028490826953202486, 0.0035867574624717236, -0.0009545280481688678, -0.001944738207384944, 0.0010334940161556005, -0.002688365988433361, -0.01083981990814209, 0.02116917259991169, -0.0123950419947505, 0.007220880128443241, 0.0016323508461937308], [-0.00025120467762462795, -0.0030067383777350187, 0.0019042596686631441, -0.00255788117647171, 0.0006487566861324012, 0.003703565802425146, -0.007254007272422314, 0.007759978994727135, 0.003053913125768304, -0.0123950419947505, 0.026529604569077492, -0.012755024246871471, 0.00046047227806411684], [0.0003317448135931045, 0.0040948279201984406, -0.0014689770760014653, 0.0022862001787871122, -0.004410844761878252, -0.0032928455621004105, 0.0067559946328401566, -0.006936888210475445, 5.971999780740589e-05, 0.007220880128443241, -0.012755024246871471, 0.025344520807266235, -0.006847534328699112], [-0.0010829610982909799, -0.00010998310608556494, 0.0004567172727547586, 0.0018838535761460662, 0.0008624201291240752, 0.0023218952119350433, -0.005621610675007105, 0.003691854188218713, -0.0029279785230755806, 0.0016323508461937308, 0.00046047227806411684, -0.006847534328699112, 0.016923170536756516]], "lowlevel.mfcc.cov": [[9451.587890625, -624.308837890625, 550.6010131835938, 397.8890075683594, -300.596923828125, 71.46865844726562, 1027.98583984375, 527.7732543945312, 1004.0493774414062, 1397.8365478515625, 664.7199096679688, 84.34700775146484, 588.4176635742188], [-624.308837890625, 973.88232421875, -132.97048950195312, -78.37920379638672, 16.393964767456055, 61.12683868408203, -49.550392150878906, -36.64507293701172, -18.02765464782715, 10.392152786254883, -14.942355155944824, -37.28632736206055, -36.377803802490234], [550.6010131835938, -132.97048950195312, 605.354248046875, 186.65390014648438, -26.850120544433594, 73.92161560058594, 152.26849365234375, 50.826988220214844, 107.80966186523438, 163.18621826171875, 122.78907775878906, 72.12891387939453, 57.252071380615234], [397.8890075683594, -78.37920379638672, 186.65390014648438, 245.04104614257812, 47.45646286010742, 21.496856689453125, 73.59640502929688, 46.62928009033203, 72.97785949707031, 83.56732177734375, 77.3879165649414, 51.83030319213867, 53.31196212768555], [-300.596923828125, 16.393964767456055, -26.850120544433594, 47.45646286010742, 240.9571533203125, 99.11054992675781, -54.62207794189453, 5.850468158721924, -9.780573844909668, -97.31245422363281, 4.383906364440918, 54.98612594604492, 9.601053237915039], [71.46865844726562, 61.12683868408203, 73.92161560058594, 21.496856689453125, 99.11054992675781, 150.81980895996094, 63.442169189453125, 24.000473022460938, 39.36537170410156, 19.978097915649414, 34.36227798461914, 44.11670684814453, 35.13138198852539], [1027.98583984375, -49.550392150878906, 152.26849365234375, 73.59640502929688, -54.62207794189453, 63.442169189453125, 251.38479614257812, 118.73715209960938, 153.3199462890625, 221.86782836914062, 116.08858489990234, 30.037458419799805, 92.10575103759766], [527.7732543945312, -36.64507293701172, 50.826988220214844, 46.62928009033203, 5.850468158721924, 24.000473022460938, 118.73715209960938, 159.71621704101562, 143.65476989746094, 101.62211608886719, 72.0632095336914, 44.01439666748047, 71.50830078125], [1004.0493774414062, -18.02765464782715, 107.80966186523438, 72.97785949707031, -9.780573844909668, 39.36537170410156, 153.3199462890625, 143.65476989746094, 269.2039794921875, 253.34974670410156, 134.40176391601562, 41.156272888183594, 109.2188491821289], [1397.8365478515625, 10.392152786254883, 163.18621826171875, 83.56732177734375, -97.31245422363281, 19.978097915649414, 221.86782836914062, 101.62211608886719, 253.34974670410156, 406.05596923828125, 184.9593048095703, 10.197052001953125, 109.53288269042969], [664.7199096679688, -14.942355155944824, 122.78907775878906, 77.3879165649414, 4.383906364440918, 34.36227798461914, 116.08858489990234, 72.0632095336914, 134.40176391601562, 184.9593048095703, 173.78201293945312, 70.44200897216797, 73.80150604248047], [84.34700775146484, -37.28632736206055, 72.12891387939453, 51.83030319213867, 54.98612594604492, 44.11670684814453, 30.037458419799805, 44.01439666748047, 41.156272888183594, 10.197052001953125, 70.44200897216797, 116.33583068847656, 68.33255004882812], [588.4176635742188, -36.377803802490234, 57.252071380615234, 53.31196212768555, 9.601053237915039, 35.13138198852539, 92.10575103759766, 71.50830078125, 109.2188491821289, 109.53288269042969, 73.80150604248047, 68.33255004882812, 132.140380859375]], "lowlevel.mfcc.icov": [[0.00030053374939598143, 0.0001489048299845308, 7.112927414709702e-05, -2.1419607946882024e-05, -0.000148676335811615, 0.00029156854725442827, -0.0006854774546809494, 0.0002199051814386621, -0.0002803696843329817, -0.00041198014514520764, -0.0001210479749715887, 0.00040846437332220376, -0.0005977594410069287], [0.0001489048299845308, 0.001295137801207602, 0.00036560159060172737, -2.1432674657262396e-06, 0.00036599938175641, -0.0012734602205455303, 0.0006549677927978337, -0.00030646412051282823, 0.00027054769452661276, -0.0008865472045727074, -0.00022195331985130906, 0.0004905374371446669, -6.122508057160303e-05], [7.112927414709702e-05, 0.00036560159060172737, 0.00291700242087245, -0.001973293721675873, 0.001552215195260942, -0.0019271550700068474, -0.00044955205521546304, 0.0006263546529226005, -0.0003916427958756685, -0.0003499963495414704, -0.00033137877471745014, -0.0012997142039239407, 0.0011611833469942212], [-2.1419607946882024e-05, -2.1432674657262396e-06, -0.001973293721675873, 0.006900076288729906, -0.0033262385986745358, 0.0032958739902824163, -0.0017293007113039494, 0.0004401987825985998, -8.985840395325795e-06, -0.00032294951961375773, -0.0002784978714771569, -0.000580975494813174, -0.0007703940500505269], [-0.000148676335811615, 0.00036599938175641, 0.001552215195260942, -0.0033262385986745358, 0.011085501872003078, -0.009219852276146412, 0.005592781119048595, -0.001901562325656414, -0.0009976299479603767, 0.003018419025465846, -0.0029482576064765453, 6.584800576092675e-05, 0.0001438833714928478], [0.00029156854725442827, -0.0012734602205455303, -0.0019271550700068474, 0.0032958739902824163, -0.009219852276146412, 0.018109790980815887, -0.010342584922909737, 0.005775305442512035, -0.003402835689485073, 0.0015110461972653866, 0.002212198916822672, -0.002989145228639245, -0.0003345019358675927], [-0.0006854774546809494, 0.0006549677927978337, -0.00044955205521546304, -0.0017293007113039494, 0.005592781119048595, -0.010342584922909737, 0.019083909690380096, -0.011421783827245235, 0.007109517697244883, -0.006158445496112108, -0.0014883747790008783, 0.0024455201346427202, -0.0018573778215795755], [0.0002199051814386621, -0.00030646412051282823, 0.0006263546529226005, 0.0004401987825985998, -0.001901562325656414, 0.005775305442512035, -0.011421783827245235, 0.021032854914665222, -0.013719947077333927, 0.007978752255439758, -0.0005025130813010037, -0.002737326081842184, 9.197759936796501e-05], [-0.0002803696843329817, 0.00027054769452661276, -0.0003916427958756685, -8.985840395325795e-06, -0.0009976299479603767, -0.003402835689485073, 0.007109517697244883, -0.013719947077333927, 0.02041962370276451, -0.011459054425358772, 0.00032232547528110445, 0.0011147288605570793, -0.003192966803908348], [-0.00041198014514520764, -0.0008865472045727074, -0.0003499963495414704, -0.00032294951961375773, 0.003018419025465846, 0.0015110461972653866, -0.006158445496112108, 0.007978752255439758, -0.011459054425358772, 0.01844956912100315, -0.010245154611766338, 0.007074613124132156, -0.0025319375563412905], [-0.0001210479749715887, -0.00022195331985130906, -0.00033137877471745014, -0.0002784978714771569, -0.0029482576064765453, 0.002212198916822672, -0.0014883747790008783, -0.0005025130813010037, 0.00032232547528110445, -0.010245154611766338, 0.02148139849305153, -0.013663248158991337, 0.004963242914527655], [0.00040846437332220376, 0.0004905374371446669, -0.0012997142039239407, -0.000580975494813174, 6.584800576092675e-05, -0.002989145228639245, 0.0024455201346427202, -0.002737326081842184, 0.0011147288605570793, 0.007074613124132156, -0.013663248158991337, 0.025821030139923096, -0.012826841324567795], [-0.0005977594410069287, -6.122508057160303e-05, 0.0011611833469942212, -0.0007703940500505269, 0.0001438833714928478, -0.0003345019358675927, -0.0018573778215795755, 9.197759936796501e-05, -0.003192966803908348, -0.0025319375563412905, 0.004963242914527655, -0.012826841324567795, 0.019942600280046463]], "metadata.audio_properties.analysis.downmix": "mix", "metadata.audio_properties.codec": "mp3", "metadata.audio_properties.md5_encoded": "428f2c252aca2cc7c89fec8008b8ffb1", "metadata.tags.file_name": "1183698261220003891.mp3", "metadata.version.essentia": "2.1-beta6-dev", "metadata.version.essentia_git_sha": "v2.1_beta5-1110-g77a6a954", "m