{"song_id": "1183652942306365481", "download": "https://cdn.discordapp.com/attachments/1135903449314238464/1183652942306365481/chirp.mp4?ex=65891db4&amp", "lyrics": "(Verse 2)\n\"My office is near my home,\" \u6211\u7684\u529e\u516c\u5ba4\u79bb\u5bb6\u5f88\u8fd1\uff0c\nA statement of place, a fact well-known.\n\u8868\u8fbe\u5730\u70b9\uff0c\u4f17\u6240\u5468\u77e5\u7684\u4e8b\u5b9e\u3002\n\"So I usually walk home,\" \u901a\u5e38\u6211\u8d70\u8def\u56de\u5bb6\uff0c\nCausal connection, in English, it's shown.\n\u56e0\u679c\u5173\u8054\uff0c\u5728\u82f1\u8bed\u4e2d\u8868\u8fbe\u5f97\u6e05\u6670\u3002", "style": ["sea shanty"], "essentia_features": {"lowlevel.average_loudness": 0.915361225605011, "lowlevel.barkbands_crest.mean": 11.81586742401123, "lowlevel.barkbands_crest.stdev": 4.838157653808594, "lowlevel.barkbands_flatness_db.mean": 0.14600194990634918, "lowlevel.barkbands_flatness_db.stdev": 0.06512931734323502, "lowlevel.barkbands_kurtosis.mean": 10.98852825164795, "lowlevel.barkbands_kurtosis.stdev": 30.816997528076172, "lowlevel.barkbands_skewness.mean": 1.937719702720642, "lowlevel.barkbands_skewness.stdev": 2.2159318923950195, "lowlevel.barkbands_spread.mean": 28.972515106201172, "lowlevel.barkbands_spread.stdev": 20.385967254638672, "lowlevel.dissonance.mean": 0.4752243161201477, "lowlevel.dissonance.stdev": 0.027840543538331985, "lowlevel.dynamic_complexity": 4.178798675537109, "lowlevel.erbbands_crest.mean": 9.584813117980957, "lowlevel.erbbands_crest.stdev": 5.831535816192627, "lowlevel.erbbands_flatness_db.mean": 0.14806920289993286, "lowlevel.erbbands_flatness_db.stdev": 0.05163823440670967, "lowlevel.erbbands_kurtosis.mean": 1.651421070098877, "lowlevel.erbbands_kurtosis.stdev": 6.037694454193115, "lowlevel.erbbands_skewness.mean": -0.18221335113048553, "lowlevel.erbbands_skewness.stdev": 1.3642544746398926, "lowlevel.erbbands_spread.mean": 51.975467681884766, "lowlevel.erbbands_spread.stdev": 26.289627075195312, "lowlevel.hfc.mean": 18.766185760498047, "lowlevel.hfc.stdev": 19.995647430419922, "lowlevel.loudness_ebu128.integrated": -16.518877029418945, "lowlevel.loudness_ebu128.loudness_range": 3.190741539001465, "lowlevel.loudness_ebu128.momentary.mean": -17.641511917114258, "lowlevel.loudness_ebu128.momentary.stdev": 3.8388290405273438, "lowlevel.loudness_ebu128.short_term.mean": -17.02138900756836, "lowlevel.loudness_ebu128.short_term.stdev": 1.075251579284668, "lowlevel.melbands_crest.mean": 17.492616653442383, "lowlevel.melbands_crest.stdev": 5.916414260864258, "lowlevel.melbands_flatness_db.mean": 0.20319201052188873, "lowlevel.melbands_flatness_db.stdev": 0.09048239886760712, "lowlevel.melbands_kurtosis.mean": 32.692501068115234, "lowlevel.melbands_kurtosis.stdev": 53.52545166015625, "lowlevel.melbands_skewness.mean": 3.8253891468048096, "lowlevel.melbands_skewness.stdev": 2.9914450645446777, "lowlevel.melbands_spread.mean": 31.791839599609375, "lowlevel.melbands_spread.stdev": 32.22944259643555, "lowlevel.pitch_salience.mean": 0.5226826071739197, "lowlevel.pitch_salience.stdev": 0.1457996517419815, "lowlevel.silence_rate_20dB.mean": 1.0, "lowlevel.silence_rate_20dB.stdev": 0.0, "lowlevel.silence_rate_30dB.mean": 0.9932546615600586, "lowlevel.silence_rate_30dB.stdev": 0.08185244351625443, "lowlevel.silence_rate_60dB.mean": 0.16947723925113678, "lowlevel.silence_rate_60dB.stdev": 0.37517139315605164, "lowlevel.spectral_centroid.mean": 1881.3828125, "lowlevel.spectral_centroid.stdev": 1005.5369262695312, "lowlevel.spectral_complexity.mean": 12.932546615600586, "lowlevel.spectral_complexity.stdev": 11.855887413024902, "lowlevel.spectral_decrease.mean": -5.780830925061764e-09, "lowlevel.spectral_decrease.stdev": 6.622971948644363e-09, "lowlevel.spectral_energy.mean": 0.023520322516560555, "lowlevel.spectral_energy.stdev": 0.02580777369439602, "lowlevel.spectral_energyband_high.mean": 0.001460750587284565, "lowlevel.spectral_energyband_high.stdev": 0.0023244693875312805, "lowlevel.spectral_energyband_low.mean": 0.011647089384496212, "lowlevel.spectral_energyband_low.stdev": 0.020632626488804817, "lowlevel.spectral_energyband_middle_high.mean": 0.003949982114136219, "lowlevel.spectral_energyband_middle_high.stdev": 0.006654973607510328, "lowlevel.spectral_energyband_middle_low.mean": 0.007744315546005964, "lowlevel.spectral_energyband_middle_low.stdev": 0.012690900824964046, "lowlevel.spectral_entropy.mean": 7.758986473083496, "lowlevel.spectral_entropy.stdev": 0.40710869431495667, "lowlevel.spectral_flux.mean": 0.0803115963935852, "lowlevel.spectral_flux.stdev": 0.061736926436424255, "lowlevel.spectral_kurtosis.mean": 2.9084312915802, "lowlevel.spectral_kurtosis.stdev": 1.8063338994979858, "lowlevel.spectral_rms.mean": 0.004102105274796486, "lowlevel.spectral_rms.stdev": 0.0024737385101616383, "lowlevel.spectral_rolloff.mean": 2231.556396484375, "lowlevel.spectral_rolloff.stdev": 2406.995361328125, "lowlevel.spectral_skewness.mean": 1.099671721458435, "lowlevel.spectral_skewness.stdev": 0.4205269515514374, "lowlevel.spectral_spread.mean": 5006837.5, "lowlevel.spectral_spread.stdev": 1177489.5, "lowlevel.spectral_strongpeak.mean": 0.7539750337600708, "lowlevel.spectral_strongpeak.stdev": 1.2584437131881714, "lowlevel.zerocrossingrate.mean": 0.08413629233837128, "lowlevel.zerocrossingrate.stdev": 0.05727206543087959, "metadata.audio_properties.analysis.equal_loudness": 0.0, "metadata.audio_properties.analysis.length": 27.4986629486084, "metadata.audio_properties.analysis.sample_rate": 44100.0, "metadata.audio_properties.analysis.start_time": 0.0, "metadata.audio_properties.bit_rate": 122699.0, "metadata.audio_properties.length": 27.498666763305664, "metadata.audio_properties.lossless": 0.0, "metadata.audio_properties.number_channels": 1.0, "metadata.audio_properties.replay_gain": -11.261293411254883, "metadata.audio_properties.sample_rate": 48000.0, "rhythm.beats_count": 62.0, "rhythm.beats_loudness.mean": 0.03415887802839279, "rhythm.beats_loudness.stdev": 0.021665990352630615, "rhythm.bpm": 137.47254943847656, "rhythm.bpm_histogram_first_peak_bpm": 136.0, "rhythm.bpm_histogram_first_peak_weight": 0.4333333373069763, "rhythm.bpm_histogram_second_peak_bpm": 129.0, "rhythm.bpm_histogram_second_peak_spread": 0.0, "rhythm.bpm_histogram_second_peak_weight": 0.016393441706895828, "rhythm.danceability": 1.2526308298110962, "rhythm.onset_rate": 4.324811935424805, "tonal.chords_changes_rate": 0.07239057123661041, "tonal.chords_number_rate": 0.010101010091602802, "tonal.chords_strength.mean": 0.6267784237861633, "tonal.chords_strength.stdev": 0.09852071851491928, "tonal.hpcp_crest.mean": 11.937914848327637, "tonal.hpcp_crest.stdev": 6.9191412925720215, "tonal.hpcp_entropy.mean": 2.399587392807007, "tonal.hpcp_entropy.stdev": 0.9175779223442078, "tonal.key_edma.strength": 0.6652551889419556, "tonal.key_krumhansl.strength": 0.6822948455810547, "tonal.key_temperley.strength": 0.660627543926239, "tonal.tuning_diatonic_strength": 0.6170008182525635, "tonal.tuning_equal_tempered_deviation": 0.21823082864284515, "tonal.tuning_frequency": 434.193115234375, "tonal.tuning_nontempered_energy_ratio": 0.9087013602256775, "lowlevel.barkbands.mean": [0.0003816467651631683, 0.006431893445551395, 0.0039519513957202435, 0.001801090780645609, 0.003151545999571681, 0.0007666220190003514, 0.0003720766690094024, 0.00034917661105282605, 0.0005176807753741741, 0.0011745806550607085, 0.0003910772502422333, 0.0005993371014483273, 0.0001896243920782581, 0.0003184984961990267, 0.0004125197301618755, 0.000227001219172962, 0.00019915707525797188, 0.0003238041535951197, 0.00038171029882505536, 0.0002760019269771874, 0.0005377621855586767, 0.0004761606396641582, 9.83749923761934e-05, 7.59785616537556e-05, 7.777465361868963e-05, 3.38829995598644e-05, 3.4154932109231595e-06], "lowlevel.barkbands.stdev": [0.0008220660383813083, 0.013829479925334454, 0.008340314961969852, 0.004207991063594818, 0.009812728501856327, 0.001369529403746128, 0.0009340372052974999, 0.0012529094237834215, 0.0017104013822972775, 0.00396720739081502, 0.0020137818064540625, 0.0022639718372374773, 0.0007847101660445333, 0.0015371845802292228, 0.001698615844361484, 0.000630350667051971, 0.00037326119490899146, 0.0010811800602823496, 0.0009821238927543163, 0.00044446298852562904, 0.0009301956160925329, 0.0011242865584790707, 0.00019800956943072379, 0.0001673380029387772, 0.00014162284787744284, 5.089553815196268e-05, 8.40793927636696e-06], "lowlevel.erbbands.mean": [0.20345740020275116, 1.3563923835754395, 4.328953266143799, 5.565486431121826, 8.468284606933594, 11.530035972595215, 6.475816249847412, 6.326051235198975, 6.119775295257568, 6.823121547698975, 7.1785197257995605, 12.143213272094727, 41.114112854003906, 16.778778076171875, 20.974950790405273, 25.691822052001953, 9.763447761535645, 16.435171127319336, 15.022096633911133, 23.07932472229004, 12.269744873046875, 11.562960624694824, 14.260417938232422, 24.30402946472168, 15.276304244995117, 13.269804954528809, 18.85224723815918, 23.033424377441406, 20.20760726928711, 5.601508617401123, 2.5180861949920654, 1.5698063373565674, 1.3402135372161865, 0.9814398288726807, 0.48089343309402466, 0.17787529528141022, 0.05366036295890808, 0.012136823497712612, 0.000366727210348472, 3.79992816306185e-05], "lowlevel.erbbands.stdev": [0.4756997525691986, 3.047290086746216, 9.258220672607422, 11.330808639526367, 22.510826110839844, 37.84402847290039, 13.169374465942383, 12.212897300720215, 16.11890411376953, 18.441585540771484, 28.341684341430664, 41.57088851928711, 144.3769073486328, 65.24870300292969, 99.74939727783203, 102.56245422363281, 32.67878341674805, 82.43897247314453, 55.63517379760742, 98.17574310302734, 26.109189987182617, 21.453535079956055, 37.93177795410156, 92.31211853027344, 31.354734420776367, 21.044849395751953, 33.54702377319336, 42.73416519165039, 48.67040252685547, 11.269525527954102, 5.148569107055664, 3.2435462474823, 3.160468578338623, 2.0169191360473633, 0.7893959283828735, 0.2692703306674957, 0.0934034138917923, 0.023446649312973022, 0.00078218785347417, 3.5856428439728916e-05], "lowlevel.gfcc.mean": [-42.13104248046875, 53.02669906616211, -107.10655212402344, 49.993560791015625, -57.733177185058594, 7.945949077606201, -32.95389175415039, 7.036351203918457, -34.25343704223633, 7.994640350341797, -25.743864059448242, 2.8950116634368896, -7.494666576385498], "lowlevel.melbands.mean": [0.0017441394738852978, 0.002085028449073434, 0.0010538052301853895, 0.0007611224427819252, 0.00028026540530845523, 0.00014426822599489242, 8.968997281044722e-05, 7.640875992365181e-05, 5.714730286854319e-05, 8.242575131589547e-05, 0.00020494163618423045, 6.46304470137693e-05, 5.8872818044619635e-05, 7.984071271494031e-05, 3.440491855144501e-05, 1.8447595721227117e-05, 3.278820076957345e-05, 2.2409292796510272e-05, 3.0098555725999177e-05, 2.353885065531358e-05, 1.2939551197632682e-05, 1.1529357834660914e-05, 1.2380092812236398e-05, 1.4281982657848857e-05, 2.090173620672431e-05, 1.2136357327108271e-05, 8.685007742315065e-06, 8.61877833813196e-06, 1.0772397217806429e-05, 1.3056627722107805e-05, 1.408816569892224e-05, 1.3704052435059566e-05, 5.241352027951507e-06, 2.2770896066504065e-06, 1.4704930890729884e-06, 1.1068405001424253e-06, 8.962684887592332e-07, 9.679768027126556e-07, 8.719865718376241e-07, 8.100806212496536e-07], "lowlevel.melbands.stdev": [0.003847012994810939, 0.0042329938150942326, 0.0019489048281684518, 0.0024623398203402758, 0.0006170084234327078, 0.0002765225654002279, 0.00023151871573645622, 0.00021424706210382283, 0.00021327788999769837, 0.0002769374696072191, 0.0007212557829916477, 0.00028289746842347085, 0.00029034080216661096, 0.00029415945755317807, 0.0001384212082484737, 6.678461795672774e-05, 0.0001836343144532293, 9.163370123133063e-05, 0.00013274130469653755, 8.129073103191331e-05, 2.6028972570202313e-05, 2.1830128389410675e-05, 2.996403600263875e-05, 4.8260473704431206e-05, 8.452755719190463e-05, 2.7526933990884572e-05, 1.3349235814530402e-05, 1.5403937140945345e-05, 2.1324480258044787e-05, 2.3056994905346073e-05, 2.90515035885619e-05, 3.443963942117989e-05, 1.2191324458399322e-05, 4.627920588973211e-06, 3.1407366805069614e-06, 2.4076446152321296e-06, 1.91746994460118e-06, 2.4179053070838563e-06, 1.9706565126398345e-06, 1.6589488041063305e-06], "lowlevel.melbands128.mean": [0.0003569827531464398, 0.0017352787544950843, 0.0020286717917770147, 0.0023245676420629025, 0.002330582356080413, 0.0018476227996870875, 0.0011058674426749349, 0.0008972363430075347, 0.0007934671593829989, 0.0009117680019699037, 0.0006428840570151806, 0.00035808459506370127, 0.0001910699502332136, 0.00016148967551998794, 0.000131765307742171, 0.0001561035605845973, 0.00012214317393954843, 7.063498196657747e-05, 5.4188367357710376e-05, 8.55981488712132e-05, 8.117754623526707e-05, 6.56258052913472e-05, 4.707883272203617e-05, 5.716445957659744e-05, 6.852515798527747e-05, 6.822418799856678e-05, 0.0001691659417701885, 0.00033437940874136984, 0.00010134570766240358, 8.25704846647568e-05, 4.441126293386333e-05, 3.8613128708675504e-05, 5.580223660217598e-05, 8.571556099923328e-05, 5.81732347200159e-05, 0.00010374253179179505, 7.46013320167549e-05, 1.8723305402090773e-05, 2.1456698959809728e-05, 1.7821612345869653e-05, 1.7882022802950814e-05, 1.8189575712312944e-05, 3.8325368223013356e-05, 4.059225466335192e-05, 1.6219921235460788e-05, 2.47161206061719e-05, 2.1858922991668805e-05, 1.654093102843035e-05, 4.964941035723314e-05, 3.248977373004891e-05, 1.862906174210366e-05, 1.4167726476443931e-05, 1.3000274520891253e-05, 1.2839875125791878e-05, 1.162639819085598e-05, 1.1005648048012517e-05, 1.1823471140814945e-05, 1.156191501650028e-05, 1.434173191228183e-05, 1.1193776117579546e-05, 9.766936273081228e-06, 1.789784073480405e-05, 3.0093102395767346e-05, 1.9685132429003716e-05, 1.1006972272298299e-05, 1.2604697985807434e-05, 1.2957227227161638e-05, 7.84633266448509e-06, 7.647930942766834e-06, 9.909324944601394e-06, 7.690770871704444e-06, 8.244874152296688e-06, 1.038489062921144e-05, 1.0675546036509331e-05, 1.1782762157963589e-05, 1.4971639757277444e-05, 1.2719348887912929e-05, 1.0494992238818668e-05, 1.5414263543789275e-05, 1.580587195348926e-05, 1.6488413166371174e-05, 1.2603154573298525e-05, 7.72804742155131e-06, 4.631790943676606e-06, 2.877191263905843e-06, 2.4720791316212853e-06, 2.092251406793366e-06, 1.7905161939779646e-06, 1.4241196595321526e-06, 1.2351521263553877e-06, 1.2568402780743781e-06, 1.0543801636231365e-06, 9.084014891413972e-07, 8.430358775513014e-07, 8.696745794622984e-07, 1.1001053508152836e-06, 9.369526310365472e-07, 8.903239745450264e-07, 8.358504146599444e-07, 8.827008173284412e-07, 9.2279293539832e-07, 7.434347821799747e-07, 7.654537057533162e-07, 7.012915261839225e-07, 5.455902964968118e-07, 3.986932881616667e-07, 3.783302986448689e-07, 3.84068215453226e-07, 3.001273398695048e-07, 2.5586390961507277e-07, 1.9091848457719607e-07, 1.5439496792168939e-07, 1.6411851788689091e-07, 1.6783674539055937e-07, 1.487936600597095e-07, 1.1944230493554642e-07, 1.0269202022072932e-07, 4.294752642408639e-08, 6.364698990068973e-09, 1.8704036583439e-11, 4.184951864216746e-12, 3.806144635576381e-12, 3.717010640252871e-12, 3.6411494479249296e-12, 3.55069619539794e-12, 3.4402333412564268e-12, 3.3741809259829614e-12, 3.3491198096063934e-12], "lowlevel.melbands128.stdev": [0.0007853763527236879, 0.004208674654364586, 0.005119850393384695, 0.005480903200805187, 0.005376017186790705, 0.0038208412006497383, 0.0024781993124634027, 0.002074215095490217, 0.0022970286663621664, 0.0038089118897914886, 0.0021727511193603277, 0.0009079038281925023, 0.00047579454258084297, 0.00031738102552480996, 0.00028217275394126773, 0.0004628066089935601, 0.0003765436995308846, 0.00029467069543898106, 0.00015972468827385455, 0.00028580156504176557, 0.00027328947908245027, 0.00037296966183930635, 0.00024267035769298673, 0.00024658464826643467, 0.00035654433304443955, 0.00035962325637228787, 0.0006170648266561329, 0.0013642617268487811, 0.00039817902143113315, 0.0005248712841421366, 0.00027181918267160654, 0.0002693002752494067, 0.00028967615799047053, 0.0006348404567688704, 0.0002750800922513008, 0.0004867294628638774, 0.00039212004048749804, 0.00011613089009188116, 0.00015123645425774157, 7.378232839982957e-05, 9.479961590841413e-05, 9.66080988291651e-05, 0.00026870015426538885, 0.0002582501620054245, 6.863060116302222e-05, 0.00015756308857817203, 0.00012481225712690502, 7.789850496919826e-05, 0.00031259286333806813, 0.00015774302300997078, 9.609503467800096e-05, 5.523622166947462e-05, 3.5363213100936264e-05, 2.6600317141856067e-05, 2.3303440684685484e-05, 2.9746644941042177e-05, 3.094608473475091e-05, 3.771433330257423e-05, 4.9408165068598464e-05, 5.1275059377076104e-05, 3.537676093401387e-05, 8.445974526694044e-05, 0.0001573042682139203, 8.414225158048794e-05, 2.663495615706779e-05, 3.4418368159094825e-05, 4.2840507376240566e-05, 1.4407807611860335e-05, 1.2225293176015839e-05, 1.5966839782777242e-05, 1.4889349586155731e-05, 1.8562888726592064e-05, 2.4856144591467455e-05, 2.494476575520821e-05, 2.2700596673530526e-05, 3.0469602279481478e-05, 2.4658385882503353e-05, 1.87023888429394e-05, 3.654763349913992e-05, 4.087662819074467e-05, 4.249327685101889e-05, 3.622384610935114e-05, 2.0648461941163987e-05, 1.097420317819342e-05, 6.846362794021843e-06, 5.811595201521413e-06, 4.500701379583916e-06, 4.192927008261904e-06, 3.2705354442441603e-06, 2.8948209092050092e-06, 2.900371782743605e-06, 2.4979037789307768e-06, 2.0446111648197984e-06, 1.9648571196739795e-06, 2.0731467884615995e-06, 2.8114468477724586e-06, 2.7198925636184867e-06, 2.2484848614112707e-06, 2.024070226980257e-06, 2.106314013872179e-06, 2.0846819097641855e-06, 1.5999012248357758e-06, 1.5853781860641902e-06, 1.3630083230964374e-06, 9.475968454353279e-07, 6.872406288493949e-07, 6.875911253700906e-07, 6.760164410479774e-07, 5.000756004847062e-07, 4.672924376336596e-07, 4.191450386770157e-07, 3.275346784903377e-07, 3.643239097073092e-07, 3.683040006308147e-07, 3.11113325324186e-07, 2.752115335624694e-07, 2.2719989090091985e-07, 1.493665990892623e-07, 3.042712393153124e-08, 4.3580500319606585e-10, 1.208115552042699e-11, 7.816926793358103e-12, 7.643998281570141e-12, 7.500822012118658e-12, 7.3858419380457e-12, 7.292682083215318e-12, 7.225883086325879e-12, 7.184427532058724e-12], "lowlevel.mfcc.mean": [-687.9471435546875, 83.02759552001953, 4.905320167541504, 42.4683952331543, -1.5395056009292603, 9.069791793823242, 5.6940412521362305, -4.018067359924316, 7.385662078857422, -8.306807518005371, -1.5767666101455688, -4.8797383308410645, -4.724387168884277], "lowlevel.spectral_contrast_coeffs.mean": [-0.6868948936462402, -0.7859368324279785, -0.7905132174491882, -0.8187267780303955, -0.8118668794631958, -0.7119112610816956], "lowlevel.spectral_contrast_coeffs.stdev": [0.10628194361925125, 0.08360842615365982, 0.09971269965171814, 0.061148352921009064, 0.04764627292752266, 0.05581420660018921], "lowlevel.spectral_contrast_valleys.mean": [-7.436320781707764, -7.5993123054504395, -8.09055233001709, -8.117487907409668, -7.520050048828125, -10.421452522277832], "lowlevel.spectral_contrast_valleys.stdev": [1.383199691772461, 1.0156227350234985, 1.0372527837753296, 0.9650343060493469, 0.9523208737373352, 1.0533798933029175], "rhythm.beats_loudness_band_ratio.mean": [0.4558607041835785, 0.2082252949476242, 0.12666946649551392, 0.10669974982738495, 0.08677355945110321, 0.11202403157949448], "rhythm.beats_loudness_band_ratio.stdev": [0.3015357553958893, 0.18708276748657227, 0.1835012584924698, 0.1495954841375351, 0.08990926295518875, 0.11902588605880737], "tonal.hpcp.mean": [0.11753471195697784, 0.10462087392807007, 0.08374281972646713, 0.08722679316997528, 0.10316217690706253, 0.11877711117267609, 0.18245990574359894, 0.2034270465373993, 0.13069839775562286, 0.09059605747461319, 0.07994591444730759, 0.0660683661699295, 0.05899869278073311, 0.06077735498547554, 0.05571611225605011, 0.07158040255308151, 0.08408694714307785, 0.06437224894762039, 0.057145603001117706, 0.062003884464502335, 0.10346511751413345, 0.23075555264949799, 0.2879163324832916, 0.19557715952396393, 0.1258421689271927, 0.10129600763320923, 0.0765177384018898, 0.06933902949094772, 0.08035564422607422, 0.12188322842121124, 0.23903177678585052, 0.26439955830574036, 0.15659187734127045, 0.1048131138086319, 0.10005449503660202, 0.10575277358293533], "tonal.hpcp.stdev": [0.24744242429733276, 0.24160534143447876, 0.2055017054080963, 0.21306905150413513, 0.2376324087381363, 0.23568549752235413, 0.26681387424468994, 0.2855664789676666, 0.22078680992126465, 0.20151174068450928, 0.18705278635025024, 0.15652994811534882, 0.1513916254043579, 0.15282902121543884, 0.12728649377822876, 0.1554110199213028, 0.18589334189891815, 0.15176835656166077, 0.15422150492668152, 0.16096441447734833, 0.19504599273204803, 0.306683748960495, 0.37107887864112854, 0.2780959904193878, 0.21190758049488068, 0.20442862808704376, 0.17211975157260895, 0.15519288182258606, 0.17413833737373352, 0.22108446061611176, 0.33848094940185547, 0.3693324327468872, 0.25193628668785095, 0.2175891399383545, 0.21923066675662994, 0.224521666765213], "rhythm.beats_position": [0.4876190423965454, 0.952018141746521, 1.381587266921997, 1.8111563920974731, 2.252335548400879, 2.693514585494995, 3.1346938610076904, 3.564262866973877, 3.9938321113586426, 4.435011386871338, 4.876190185546875, 5.31736946105957, 5.758548736572266, 6.188117980957031, 6.617686748504639, 7.058866024017334, 7.500045299530029, 7.929614543914795, 8.370793342590332, 8.800362586975098, 9.241541862487793, 9.682721138000488, 10.123900413513184, 10.55346965789795, 10.983037948608398, 11.424217224121094, 11.865396499633789, 12.294965744018555, 12.72453498840332, 13.165714263916016, 13.606893539428711, 14.04807186126709, 14.489251136779785, 14.91882038116455, 15.348389625549316, 15.789568901062012, 16.21913719177246, 16.648706436157227, 17.089885711669922, 17.519454956054688, 17.960634231567383, 18.39020347595215, 18.831382751464844, 19.27256202697754, 19.713741302490234, 20.15492057800293, 20.596099853515625, 21.02566909790039, 21.455238342285156, 21.884807586669922, 22.314376831054688, 22.75555419921875, 23.196733474731445, 23.64952278137207, 24.079092025756836, 24.52027130126953, 24.949840545654297, 25.391019821166992, 25.820589065551758, 26.261768341064453, 26.70294761657715, 27.144126892089844], "rhythm.bpm_histogram": [0.0, 0.0, 0.0, 0.0, 0.0, 0.0, 0.0, 0.0, 0.0, 0.0, 0.0, 0.0, 0.0, 0.0, 0.0, 0.0, 0.0, 0.0, 0.0, 0.0, 0.0, 0.0, 0.0, 0.0, 0.0, 0.0, 0.0, 0.0, 0.0, 0.0, 0.0, 0.0, 0.0, 0.0, 0.0, 0.0, 0.0, 0.0, 0.0, 0.0, 0.0, 0.0, 0.0, 0.0, 0.0, 0.0, 0.0, 0.0, 0.0, 0.0, 0.0, 0.0, 0.0, 0.0, 0.0, 0.0, 0.0, 0.0, 0.0, 0.0, 0.0, 0.0, 0.0, 0.0, 0.0, 0.0, 0.0, 0.0, 0.0, 0.0, 0.0, 0.0, 0.0, 0.0, 0.0, 0.0, 0.0, 0.0, 0.0, 0.0, 0.0, 0.0, 0.0, 0.0, 0.0, 0.0, 0.0, 0.0, 0.0, 0.0, 0.0, 0.0, 0.0, 0.0, 0.0, 0.0, 0.0, 0.0, 0.0, 0.0, 0.0, 0.0, 0.0, 0.0, 0.0, 0.0, 0.0, 0.0, 0.0, 0.0, 0.0, 0.0, 0.0, 0.0, 0.0, 0.0, 0.0, 0.0, 0.0, 0.0, 0.0, 0.0, 0.0, 0.0, 0.0, 0.0, 0.0, 0.0, 0.0, 0.016393441706895828, 0.0, 0.0, 0.0, 0.016393441706895828, 0.0, 0.0, 0.5573770403862, 0.0, 0.0, 0.0, 0.4098360538482666, 0.0, 0.0, 0.0, 0.0, 0.0, 0.0, 0.0, 0.0, 0.0, 0.0, 0.0, 0.0, 0.0, 0.0, 0.0, 0.0, 0.0, 0.0, 0.0, 0.0, 0.0, 0.0, 0.0, 0.0, 0.0, 0.0, 0.0, 0.0, 0.0, 0.0, 0.0, 0.0, 0.0, 0.0, 0.0, 0.0, 0.0, 0.0, 0.0, 0.0, 0.0, 0.0, 0.0, 0.0, 0.0, 0.0, 0.0, 0.0, 0.0, 0.0, 0.0, 0.0, 0.0, 0.0, 0.0, 0.0, 0.0, 0.0, 0.0, 0.0, 0.0, 0.0, 0.0, 0.0, 0.0, 0.0, 0.0, 0.0, 0.0, 0.0, 0.0, 0.0, 0.0, 0.0, 0.0, 0.0, 0.0, 0.0, 0.0, 0.0, 0.0, 0.0, 0.0, 0.0, 0.0, 0.0, 0.0, 0.0, 0.0, 0.0, 0.0, 0.0, 0.0, 0.0, 0.0, 0.0, 0.0, 0.0, 0.0, 0.0, 0.0, 0.0, 0.0, 0.0, 0.0, 0.0, 0.0, 0.0, 0.0], "tonal.chords_histogram": [55.21885681152344, 7.407407283782959, 0.0, 0.0, 0.0, 0.5050504803657532, 5.55555534362793, 2.3569023609161377, 0.0, 0.0, 0.0, 0.0, 0.0, 0.0, 0.0, 0.0, 0.0, 0.0, 0.0, 0.0, 0.0, 0.0, 6.060606002807617, 22.89562225341797], "tonal.thpcp": [1.0, 0.6792846918106079, 0.43707895278930664, 0.35182446241378784, 0.2657637894153595, 0.24083048105239868, 0.27909374237060547, 0.4233286380767822, 0.8302126526832581, 0.9183208346366882, 0.5438798069953918, 0.36404019594192505, 0.3475123941898346, 0.36730384826660156, 0.40822523832321167, 0.36337247490882874, 0.2908581793308258, 0.30295881628990173, 0.3583061099052429, 0.41254037618637085, 0.6337254643440247, 0.7065491676330566, 0.45394575595855713, 0.31466105580329895, 0.27767065167427063, 0.22947071492671967, 0.2049161046743393, 0.21109381318092346, 0.19351494312286377, 0.2486152946949005, 0.2920534014701843, 0.22357970476150513, 0.19847989082336426, 0.2153538316488266, 0.3593582808971405, 0.8014674186706543], "lowlevel.gfcc.cov": [[10243.537109375, 381.2377624511719, -117.43217468261719, 86.70701599121094, -61.948307037353516, 349.5466613769531, 146.5982208251953, 146.08485412597656, -236.651611328125, 66.11323547363281, -347.0590515136719, -21.242576599121094, -49.49896240234375], [381.2377624511719, 1487.300537109375, 458.17938232421875, 294.8000793457031, 484.5138854980469, 235.72885131835938, 266.6203918457031, 113.63961029052734, 155.1259307861328, -28.110994338989258, 74.79731750488281, -98.96011352539062, 48.980201721191406], [-117.43217468261719, 458.17938232421875, 1171.7174072265625, 573.0471801757812, 542.0272216796875, 215.99874877929688, 268.5573425292969, 126.00720977783203, 156.67861938476562, 32.68729782104492, 21.6439266204834, -20.9382266998291, -76.28895568847656], [86.70701599121094, 294.8000793457031, 573.0471801757812, 1068.067138671875, 258.2860107421875, 143.07345581054688, 56.79875946044922, 43.06837844848633, 160.7489013671875, -74.8389892578125, 29.783418655395508, -97.88749694824219, -58.04836654663086], [-61.948307037353516, 484.5138854980469, 542.0272216796875, 258.2860107421875, 696.6298828125, 237.8470001220703, 324.2831115722656, 147.27651977539062, 125.75487518310547, 90.68968200683594, 0.43360909819602966, 5.315948009490967, 6.8506760597229], [349.5466613769531, 235.72885131835938, 215.99874877929688, 143.07345581054688, 237.8470001220703, 431.0483703613281, 223.3865203857422, 45.8292350769043, 71.98929595947266, 51.82541275024414, 6.710792541503906, -21.137664794921875, 20.212604522705078], [146.5982208251953, 266.6203918457031, 268.5573425292969, 56.79875946044922, 324.2831115722656, 223.3865203857422, 399.9432678222656, 168.6194610595703, 73.25115966796875, 109.0460433959961, 14.037287712097168, 26.556428909301758, 41.440364837646484], [146.08485412597656, 113.63961029052734, 126.00720977783203, 43.06837844848633, 147.27651977539062, 45.8292350769043, 168.6194610595703, 240.96070861816406, 86.54061126708984, 77.34381866455078, 18.025815963745117, 35.360435485839844, 56.68693161010742], [-236.651611328125, 155.1259307861328, 156.67861938476562, 160.7489013671875, 125.75487518310547, 71.98929595947266, 73.25115966796875, 86.54061126708984, 166.03890991210938, 45.95161056518555, 27.92209243774414, -5.376175403594971, 26.262371063232422], [66.11323547363281, -28.110994338989258, 32.68729782104492, -74.8389892578125, 90.68968200683594, 51.82541275024414, 109.0460433959961, 77.34381866455078, 45.95161056518555, 152.2517547607422, 26.69321632385254, 46.71943664550781, 37.9354248046875], [-347.0590515136719, 74.79731750488281, 21.6439266204834, 29.783418655395508, 0.43360909819602966, 6.710792541503906, 14.037287712097168, 18.025815963745117, 27.92209243774414, 26.69321632385254, 122.24295806884766, 36.01731491088867, 14.353461265563965], [-21.242576599121094, -98.96011352539062, -20.9382266998291, -97.88749694824219, 5.315948009490967, -21.137664794921875, 26.556428909301758, 35.360435485839844, -5.376175403594971, 46.71943664550781, 36.01731491088867, 106.31436920166016, 32.02737808227539], [-49.49896240234375, 48.980201721191406, -76.28895568847656, -58.04836654663086, 6.8506760597229, 20.212604522705078, 41.440364837646484, 56.68693161010742, 26.262371063232422, 37.9354248046875, 14.353461265563965, 32.02737808227539, 122.29486846923828]], "lowlevel.gfcc.icov": [[0.0001504340034443885, -0.0001694697275524959, 5.1366248953854665e-05, -0.0001302133168792352, 0.00018078248831443489, -0.00021182670025154948, 0.00011736164742615074, -0.00026192207587882876, 0.0004319170257076621, -0.00035530494642443955, 0.0006412649527192116, -0.00034153490560129285, 0.00023716207942925394], [-0.0001694697275524959, 0.0014388338895514607, -0.00020214187679812312, 0.000359286175807938, -0.0009360055555589497, 0.00023086635337676853, -0.0005093517247587442, 0.00030483980663120747, -0.000915287877433002, 0.0015389532782137394, -0.00199533486738801, 0.0020080104004591703, -0.001127353752963245], [5.1366248953854665e-05, -0.00020214187679812312, 0.001850350177846849, -0.0006924545159563422, -0.0007808288210071623, -8.134176459861919e-05, -0.00030437149689532816, -0.00021033865050412714, -0.00022714925580658019, -7.845025538699701e-05, 0.00032018497586250305, -0.0007983938558027148, 0.0014297837624326348], [-0.0001302133168792352, 0.000359286175807938, -0.0006924545159563422, 0.001818445511162281, -0.00041063898243010044, -3.669214856927283e-05, 0.00016631362086627632, 6.29345013294369e-05, -0.0015189418336376548, 0.0015425285091623664, -0.0013613048940896988, 0.0015717128990218043, -0.00022601851378567517], [0.00018078248831443489, -0.0009360055555589497, -0.0007808288210071623, -0.00041063898243010044, 0.0038545113056898117, -0.0005584468017332256, -0.0012312202015891671, -0.00025260879192501307, 0.00014107352762948722, -0.0015156649751588702, 0.002194024622440338, -0.0015823201974853873, 0.0007734619430266321], [-0.00021182670025154948, 0.00023086635337676853, -8.134176459861919e-05, -3.669214856927283e-05, -0.0005584468017332256, 0.004100476391613483, -0.0023964261636137962, 0.001802118611522019, -0.0013519509229809046, 0.00026008434360846877, -0.0009820886189118028, 0.0014040921814739704, -0.0009588777902536094], [0.00011736164742615074, -0.0005093517247587442, -0.00030437149689532816, 0.00016631362086627632, -0.0012312202015891671, -0.0023964261636137962, 0.007005664054304361, -0.003322468837723136, 0.0018588933162391186, -0.002324115950614214, 0.000718466064427048, -0.0005950633785687387, 0.00016501679783686996], [-0.00026192207587882876, 0.00030483980663120747, -0.00021033865050412714, 6.29345013294369e-05, -0.00025260879192501307, 0.001802118611522019, -0.003322468837723136, 0.008401254191994667, -0.003516401397064328, -0.00019040252664126456, -0.0005854617920704186, -0.0005304284277372062, -0.002359686652198434], [0.0004319170257076621, -0.000915287877433002, -0.00022714925580658019, -0.0015189418336376548, 0.00014107352762948722, -0.0013519509229809046, 0.0018588933162391186, -0.003516401397064328, 0.011745358817279339, -0.0038762625772506, 0.0006715175113640726, 0.0004801001341547817, -0.0006301008397713304], [-0.00035530494642443955, 0.0015389532782137394, -7.845025538699701e-05, 0.0015425285091623664, -0.0015156649751588702, 0.00026008434360846877, -0.002324115950614214, -0.00019040252664126456, -0.0038762625772506, 0.01274453941732645, -0.0035647107288241386, -0.0005323621444404125, -0.0017223188187927008], [0.0006412649527192116, -0.00199533486738801, 0.00032018497586250305, -0.0013613048940896988, 0.002194024622440338, -0.0009820886189118028, 0.000718466064427048, -0.0005854617920704186, 0.0006715175113640726, -0.0035647107288241386, 0.013990710489451885, -0.006892034318298101, 0.001804043771699071], [-0.00034153490560129285, 0.0020080104004591703, -0.0007983938558027148, 0.0015717128990218043, -0.0015823201974853873, 0.0014040921814739704, -0.0005950633785687387, -0.0005304284277372062, 0.0004801001341547817, -0.0005323621444404125, -0.006892034318298101, 0.01696712337434292, -0.003962922841310501], [0.00023716207942925394, -0.001127353752963245, 0.0014297837624326348, -0.00022601851378567517, 0.0007734619430266321, -0.0009588777902536094, 0.00016501679783686996, -0.002359686652198434, -0.0006301008397713304, -0.0017223188187927008, 0.001804043771699071, -0.003962922841310501, 0.012157781980931759]], "lowlevel.mfcc.cov": [[9656.7265625, -20.763460159301758, -112.18130493164062, -97.01737976074219, -217.48023986816406, 119.50269317626953, 85.7701187133789, -2.927323579788208, 198.22401428222656, -127.55377197265625, 22.067230224609375, -155.59793090820312, -78.31344604492188], [-20.763460159301758, 1354.1341552734375, 79.14252471923828, 81.0032958984375, 245.30308532714844, 165.01324462890625, 283.95953369140625, 141.59898376464844, 210.0381622314453, 131.28533935546875, 73.91295623779297, 43.410823822021484, 116.69161224365234], [-112.18130493164062, 79.14252471923828, 752.1043090820312, 403.8829345703125, 267.63092041015625, 216.4516143798828, 81.55487060546875, 160.5788116455078, 46.27861404418945, 82.51751708984375, 63.78603744506836, 89.7977523803711, 50.384498596191406], [-97.01737976074219, 81.0032958984375, 403.8829345703125, 733.9705200195312, 327.77325439453125, 130.23626708984375, 105.92500305175781, 140.259521484375, 119.50142669677734, 57.01900863647461, 97.02745056152344, 83.16929626464844, 47.87843322753906], [-217.48023986816406, 245.30308532714844, 267.63092041015625, 327.77325439453125, 405.0812072753906, 205.72105407714844, 104.79638671875, 130.4634246826172, 113.06468963623047, 89.1624755859375, 57.41517639160156, 55.013893127441406, 65.49188232421875], [119.50269317626953, 165.01324462890625, 216.4516143798828, 130.23626708984375, 205.72105407714844, 411.8644104003906, 174.06800842285156, 118.94111633300781, 102.90455627441406, 106.74091339111328, 44.9622802734375, 33.179054260253906, 72.5716323852539], [85.7701187133789, 283.95953369140625, 81.55487060546875, 105.92500305175781, 104.79638671875, 174.06800842285156, 314.21417236328125, 118.14642333984375, 176.3079071044922, 68.79039764404297, 84.08557891845703, 45.47148513793945, 69.8823013305664], [-2.927323579788208, 141.59898376464844, 160.5788116455078, 140.259521484375, 130.4634246826172, 118.94111633300781, 118.14642333984375, 182.4252471923828, 97.8834228515625, 59.13330078125, 42.50510787963867, 51.83696365356445, 51.88287353515625], [198.22401428222656, 210.0381622314453, 46.27861404418945, 119.50142669677734, 113.06468963623047, 102.90455627441406, 176.3079071044922, 97.8834228515625, 313.1375427246094, 99.12006378173828, 76.12889862060547, 24.17011260986328, 80.59326171875], [-127.55377197265625, 131.28533935546875, 82.51751708984375, 57.01900863647461, 89.1624755859375, 106.74091339111328, 68.79039764404297, 59.13330078125, 99.12006378173828, 123.54131317138672, 47.291744232177734, 19.181217193603516, 40.79777145385742], [22.067230224609375, 73.91295623779297, 63.78603744506836, 97.02745056152344, 57.41517639160156, 44.9622802734375, 84.08557891845703, 42.50510787963867, 76.12889862060547, 47.291744232177734, 107.63522338867188, 58.73286437988281, 39.862300872802734], [-155.59793090820312, 43.410823822021484, 89.7977523803711, 83.16929626464844, 55.013893127441406, 33.179054260253906, 45.47148513793945, 51.83696365356445, 24.17011260986328, 19.181217193603516, 58.73286437988281, 109.25048828125, 55.188880920410156], [-78.31344604492188, 116.69161224365234, 50.384498596191406, 47.87843322753906, 65.49188232421875, 72.5716323852539, 69.8823013305664, 51.88287353515625, 80.59326171875, 40.79777145385742, 39.862300872802734, 55.188880920410156, 103.7930908203125]], "lowlevel.mfcc.icov": [[0.00012058910942869261, -2.2615444322582334e-05, -1.5642281141481362e-05, -1.1220604392292444e-06, 0.00012720571248792112, -0.0001565028796903789, 9.624517406336963e-05, -7.10968961357139e-05, -0.00018156427540816367, 0.0003516193537507206, -0.000234287217608653, 0.00022733723744750023, 9.629300620872527e-05], [-2.2615444322582334e-05, 0.0010766192572191358, 4.7096487833186984e-05, 0.00024918458075262606, -0.0007267069886438549, 0.0004510691505856812, -0.0009608726250007749, -2.2913918655831367e-05, 0.00014271715190261602, -0.0006856738473288715, 0.0002958748664241284, 0.000195644999621436, -0.0006226943805813789], [-1.5642281141481362e-05, 4.7096487833186984e-05, 0.0023926522117108107, -0.0009368084138259292, -0.000254856568062678, -0.0006722590769641101, 0.0003024590841960162, -0.0009684347314760089, 0.0005683758645318449, -0.0006934169796295464, 0.0002467124431859702, -0.000944856321439147, 0.00035609141923487186], [-1.1220604392292444e-06, 0.00024918458075262606, -0.0009368084138259292, 0.002863581757992506, -0.0019452606793493032, 0.0005442664842121303, -0.00015355234791059047, -0.00027242503711022437, -0.0005381942028179765, 0.0009713878389447927, -0.0013513509184122086, -0.00010645106522133574, 0.0005509392940439284], [0.00012720571248792112, -0.0007267069886438549, -0.000254856568062678, -0.0019452606793493032, 0.0059897140599787235, -0.0019357467535883188, 0.0012410414637997746, -0.001074688509106636, -0.0005412076716311276, -0.0003707522409968078, 9.15385244297795e-05, -1.0845580618479289e-05, -0.0002537134278099984], [-0.0001565028796903789, 0.0004510691505856812, -0.0006722590769641101, 0.0005442664842121303, -0.0019357467535883188, 0.005187260452657938, -0.0026482653338462114, -0.0001804001076379791, 0.0012692688032984734, -0.0030104597099125385, 0.0013013852294534445, 0.0007803220069035888, -0.0017991656204685569], [9.624517406336963e-05, -0.0009608726250007749, 0.0003024590841960162, -0.00015355234791059047, 0.0012410414637997746, -0.0026482653338462114, 0.007671660277992487, -0.0023085514549165964, -0.0026187561452388763, 0.00252731516957283, -0.003637035610154271, 0.00037084799259901047, 0.000373884744476527], [-7.10968961357139e-05, -2.2913918655831367e-05, -0.0009684347314760089, -0.00027242503711022437, -0.001074688509106636, -0.0001804001076379791, -0.0023085514549165964, 0.010370859876275063, -0.0009898433927446604, -0.001626129844225943, 0.0023921364918351173, -0.003200487932190299, -6.678637146251276e-05], [-0.00018156427540816367, 0.00014271715190261602, 0.0005683758645318449, -0.0005381942028179765, -0.0005412076716311276, 0.0012692688032984734, -0.0026187561452388763, -0.0009898433927446604, 0.007075617555528879, -0.003682531649246812, -0.0012009124038740993, 0.002613180549815297, -0.0035879577044397593], [0.0003516193537507206, -0.0006856738473288715, -0.0006934169796295464, 0.0009713878389447927, -0.0003707522409968078, -0.0030104597099125385, 0.00252731516957283, -0.001626129844225943, -0.003682531649246812, 0.01634232886135578, -0.005856559611856937, 0.002711119595915079, -0.00038176256930455565], [-0.000234287217608653, 0.0002958748664241284, 0.0002467124431859702, -0.0013513509184122086, 9.15385244297795e-05, 0.0013013852294534445, -0.003637035610154271, 0.0023921364918351173, -0.0012009124038740993, -0.005856559611856937, 0.01976180635392666, -0.009514663368463516, 0.000983529258519411], [0.00022733723744750023, 0.000195644999621436, -0.000944856321439147, -0.00010645106522133574, -1.0845580618479289e-05, 0.0007803220069035888, 0.00037084799259901047, -0.003200487932190299, 0.002613180549815297, 0.002711119595915079, -0.009514663368463516, 0.019860759377479553, -0.008730225265026093], [9.629300620872527e-05, -0.0006226943805813789, 0.00035609141923487186, 0.0005509392940439284, -0.0002537134278099984, -0.0017991656204685569, 0.000373884744476527, -6.678637146251276e-05, -0.0035879577044397593, -0.00038176256930455565, 0.000983529258519411, -0.008730225265026093, 0.018380340188741684]], "metadata.audio_properties.analysis.downmix": "mix", "metadata.audio_properties.codec": "mp3", "metadata.audio_properties.md5_encoded": "e45a1e8885043ce67863a45ce05d5315", "metadata.tags.file_name": "1183652942306365481.mp3", "metadata.version.essentia": "2.1-beta6-dev", "metadata.version.essentia_git_sha": "v2.1_beta5-1110-g77a6a954", "metadata.version.extractor": "music 2.0", "tonal.chords_key": "E", "tonal.chords_scale": "minor", "tonal.key_edma.key": "E", "tonal.key_edma.scale": "minor", "tonal.key_krumhansl.key": "E", "tonal.key_krumhansl.scale": "minor", "tonal.key_temperley.key": "E", "to