{"song_id": "1183713041754370078", "download": "https://cdn.discordapp.com/attachments/1135911532732108921/1183713041754370078/chirp.mp4?ex=658955ad&amp", "lyrics": "-", "style": ["MPB</span><span>, voz masculina"], "essentia_features": {"lowlevel.average_loudness": 0.8451281189918518, "lowlevel.barkbands_crest.mean": 14.574533462524414, "lowlevel.barkbands_crest.stdev": 4.27843713760376, "lowlevel.barkbands_flatness_db.mean": 0.37140047550201416, "lowlevel.barkbands_flatness_db.stdev": 0.07320243120193481, "lowlevel.barkbands_kurtosis.mean": 76.96407318115234, "lowlevel.barkbands_kurtosis.stdev": 68.21488952636719, "lowlevel.barkbands_skewness.mean": 5.454193115234375, "lowlevel.barkbands_skewness.stdev": 2.859565496444702, "lowlevel.barkbands_spread.mean": 1.9037913084030151, "lowlevel.barkbands_spread.stdev": 1.9372648000717163, "lowlevel.dissonance.mean": 0.4415720999240875, "lowlevel.dissonance.stdev": 0.03091319464147091, "lowlevel.dynamic_complexity": 1.9815700054168701, "lowlevel.erbbands_crest.mean": 17.246173858642578, "lowlevel.erbbands_crest.stdev": 4.101053237915039, "lowlevel.erbbands_flatness_db.mean": 0.24202483892440796, "lowlevel.erbbands_flatness_db.stdev": 0.05393156036734581, "lowlevel.erbbands_kurtosis.mean": 14.5267333984375, "lowlevel.erbbands_kurtosis.stdev": 14.901427268981934, "lowlevel.erbbands_skewness.mean": 3.2300922870635986, "lowlevel.erbbands_skewness.stdev": 1.576276183128357, "lowlevel.erbbands_spread.mean": 23.56460189819336, "lowlevel.erbbands_spread.stdev": 15.037628173828125, "lowlevel.hfc.mean": 9.664558410644531, "lowlevel.hfc.stdev": 5.1236891746521, "lowlevel.loudness_ebu128.integrated": -14.42477798461914, "lowlevel.loudness_ebu128.loudness_range": 4.512079238891602, "lowlevel.loudness_ebu128.momentary.mean": -14.897144317626953, "lowlevel.loudness_ebu128.momentary.stdev": 2.0035719871520996, "lowlevel.loudness_ebu128.short_term.mean": -14.85647201538086, "lowlevel.loudness_ebu128.short_term.stdev": 1.433859944343567, "lowlevel.melbands_crest.mean": 19.803279876708984, "lowlevel.melbands_crest.stdev": 3.2844839096069336, "lowlevel.melbands_flatness_db.mean": 0.482565701007843, "lowlevel.melbands_flatness_db.stdev": 0.0803360641002655, "lowlevel.melbands_kurtosis.mean": 133.2785186767578, "lowlevel.melbands_kurtosis.stdev": 77.28135681152344, "lowlevel.melbands_skewness.mean": 6.596044063568115, "lowlevel.melbands_skewness.stdev": 2.5335400104522705, "lowlevel.melbands_spread.mean": 1.2387967109680176, "lowlevel.melbands_spread.stdev": 1.1239216327667236, "lowlevel.pitch_salience.mean": 0.35705438256263733, "lowlevel.pitch_salience.stdev": 0.10084860771894455, "lowlevel.silence_rate_20dB.mean": 1.0, "lowlevel.silence_rate_20dB.stdev": 0.0, "lowlevel.silence_rate_30dB.mean": 0.8456375598907471, "lowlevel.silence_rate_30dB.stdev": 0.36129575967788696, "lowlevel.silence_rate_60dB.mean": 0.0009587727836333215, "lowlevel.silence_rate_60dB.stdev": 0.030948800966143608, "lowlevel.spectral_centroid.mean": 216.81349182128906, "lowlevel.spectral_centroid.stdev": 87.80460357666016, "lowlevel.spectral_complexity.mean": 4.672099590301514, "lowlevel.spectral_complexity.stdev": 2.7367444038391113, "lowlevel.spectral_decrease.mean": -1.6610201214461995e-08, "lowlevel.spectral_decrease.stdev": 9.866623074117342e-09, "lowlevel.spectral_energy.mean": 0.06356726586818695, "lowlevel.spectral_energy.stdev": 0.0376892164349556, "lowlevel.spectral_energyband_high.mean": 4.9536505684955046e-05, "lowlevel.spectral_energyband_high.stdev": 4.296249244362116e-05, "lowlevel.spectral_energyband_low.mean": 0.049279987812042236, "lowlevel.spectral_energyband_low.stdev": 0.037777163088321686, "lowlevel.spectral_energyband_middle_high.mean": 0.00031808443600311875, "lowlevel.spectral_energyband_middle_high.stdev": 0.0003866122860927135, "lowlevel.spectral_energyband_middle_low.mean": 0.02454991824924946, "lowlevel.spectral_energyband_middle_low.stdev": 0.013860635459423065, "lowlevel.spectral_entropy.mean": 5.549707889556885, "lowlevel.spectral_entropy.stdev": 0.6510465741157532, "lowlevel.spectral_flux.mean": 0.042589571326971054, "lowlevel.spectral_flux.stdev": 0.032976772636175156, "lowlevel.spectral_kurtosis.mean": 14.468950271606445, "lowlevel.spectral_kurtosis.stdev": 13.002017974853516, "lowlevel.spectral_rms.mean": 0.007531065959483385, "lowlevel.spectral_rms.stdev": 0.0023021679371595383, "lowlevel.spectral_rolloff.mean": 178.31448364257812, "lowlevel.spectral_rolloff.stdev": 50.359405517578125, "lowlevel.spectral_skewness.mean": 3.125779867172241, "lowlevel.spectral_skewness.stdev": 1.0484763383865356, "lowlevel.spectral_spread.mean": 4012262.0, "lowlevel.spectral_spread.stdev": 908933.375, "lowlevel.spectral_strongpeak.mean": 0.9570598602294922, "lowlevel.spectral_strongpeak.stdev": 0.5382812023162842, "lowlevel.zerocrossingrate.mean": 0.010780575685203075, "lowlevel.zerocrossingrate.stdev": 0.00681654829531908, "metadata.audio_properties.analysis.equal_loudness": 0.0, "metadata.audio_properties.analysis.length": 24.19199562072754, "metadata.audio_properties.analysis.sample_rate": 44100.0, "metadata.audio_properties.analysis.start_time": 0.0, "metadata.audio_properties.bit_rate": 113839.0, "metadata.audio_properties.length": 24.191999435424805, "metadata.audio_properties.lossless": 0.0, "metadata.audio_properties.number_channels": 1.0, "metadata.audio_properties.replay_gain": -10.057945251464844, "metadata.audio_properties.sample_rate": 48000.0, "rhythm.beats_count": 43.0, "rhythm.beats_loudness.mean": 0.06904551386833191, "rhythm.beats_loudness.stdev": 0.03052542731165886, "rhythm.bpm": 108.15686798095703, "rhythm.bpm_histogram_first_peak_bpm": 108.0, "rhythm.bpm_histogram_first_peak_weight": 0.2142857313156128, "rhythm.bpm_histogram_second_peak_bpm": 0.0, "rhythm.bpm_histogram_second_peak_spread": 0.0, "rhythm.bpm_histogram_second_peak_weight": 0.0, "rhythm.danceability": 0.9587311744689941, "rhythm.onset_rate": 2.6438848972320557, "tonal.chords_changes_rate": 0.024904213845729828, "tonal.chords_number_rate": 0.009578543715178967, "tonal.chords_strength.mean": 0.5409015417098999, "tonal.chords_strength.stdev": 0.0629560798406601, "tonal.hpcp_crest.mean": 21.480871200561523, "tonal.hpcp_crest.stdev": 7.981221675872803, "tonal.hpcp_entropy.mean": 1.0697108507156372, "tonal.hpcp_entropy.stdev": 0.6138185858726501, "tonal.key_edma.strength": 0.7295936346054077, "tonal.key_krumhansl.strength": 0.7129921913146973, "tonal.key_temperley.strength": 0.6920395493507385, "tonal.tuning_diatonic_strength": 0.5558481216430664, "tonal.tuning_equal_tempered_deviation": 0.04496331512928009, "tonal.tuning_frequency": 438.7310485839844, "tonal.tuning_nontempered_energy_ratio": 0.620255708694458, "lowlevel.barkbands.mean": [1.4578298760170583e-05, 0.005566449370235205, 0.033103376626968384, 0.01374624203890562, 0.01060537714511156, 6.714808114338666e-05, 1.7085270883399062e-05, 1.8911334336735308e-05, 1.5282548702089116e-05, 9.298221993958578e-05, 2.236899672425352e-05, 4.896618702332489e-05, 2.722250428632833e-05, 8.071033516898751e-05, 3.51253584085498e-05, 1.6343734387191944e-05, 1.1663018085528165e-05, 1.885464916995261e-05, 2.1527594071812928e-06, 3.28918504237663e-05, 1.8703024124988588e-06, 2.0599804884113837e-06, 2.2572157831746154e-06, 2.9253444608912105e-06, 1.1090556654380634e-05, 3.424661599638057e-06, 3.7606442404580775e-09], "lowlevel.barkbands.stdev": [2.2481421183329076e-05, 0.005858818534761667, 0.033511683344841, 0.011350193992257118, 0.00869509857147932, 9.721903916215524e-05, 3.080046008108184e-05, 3.7224875995889306e-05, 4.501543298829347e-05, 0.00013033064897172153, 4.832857666769996e-05, 5.102128488942981e-05, 3.889523941325024e-05, 0.00015190606063697487, 6.491869135061279e-05, 1.859333315223921e-05, 1.7052338080247864e-05, 2.660382779140491e-05, 2.7013320504920557e-06, 3.5313274565851316e-05, 4.34483672506758e-06, 4.069514488946879e-06, 2.4329324332938995e-06, 3.0408862130570924e-06, 9.39650726650143e-06, 2.5536119210300967e-06, 1.9613221269310088e-08], "lowlevel.erbbands.mean": [0.031904686242341995, 2.114935874938965, 27.113449096679688, 57.14480209350586, 54.11238098144531, 14.51181697845459, 1.236583948135376, 0.45250827074050903, 0.4654322564601898, 0.1395309418439865, 0.5023119449615479, 0.432911217212677, 3.5102765560150146, 0.9241139888763428, 0.8716970682144165, 2.476698398590088, 1.5769928693771362, 4.454054832458496, 2.129284143447876, 1.3605197668075562, 1.092978596687317, 0.7958307862281799, 1.0637367963790894, 0.2112770974636078, 0.2105335295200348, 1.764838457107544, 0.47481587529182434, 0.055872008204460144, 0.05622795596718788, 0.09301360696554184, 0.06046990677714348, 0.03284904360771179, 0.07025957852602005, 0.13283106684684753, 0.06848543137311935, 0.027465568855404854, 0.00424147816374898, 0.00019758041889872402, 3.383065268280916e-05, 6.961947656236589e-05], "lowlevel.erbbands.stdev": [0.025490297004580498, 1.6745916604995728, 23.339920043945312, 47.401302337646484, 38.48586654663086, 11.022188186645508, 1.0180717706680298, 0.6865675449371338, 0.9372500777244568, 0.21859540045261383, 1.0317250490188599, 0.8574636578559875, 4.63715934753418, 3.0197293758392334, 1.5187764167785645, 2.536959648132324, 2.069472074508667, 7.520467281341553, 4.447437763214111, 2.2015180587768555, 1.182788372039795, 1.0404038429260254, 1.4851877689361572, 0.2419615536928177, 0.23275195062160492, 1.9813446998596191, 0.5696264505386353, 0.13366881012916565, 0.12802790105342865, 0.13836930692195892, 0.060405611991882324, 0.03265861049294472, 0.0728728175163269, 0.13429634273052216, 0.05399567633867264, 0.020314496010541916, 0.0033822073601186275, 0.00019381396123208106, 1.77594629349187e-05, 4.0966708183987066e-05], "lowlevel.gfcc.mean": [-108.59571838378906, 118.61026763916016, -47.76027297973633, 52.62778091430664, -5.2491679191589355, 32.93824005126953, -38.80168151855469, -3.9243967533111572, -54.56276321411133, -15.38736343383789, -29.78981590270996, -22.44609260559082, -10.338638305664062], "lowlevel.melbands.mean": [0.0008094204822555184, 0.010769727639853954, 0.009418141096830368, 0.002560296794399619, 3.3342432288918644e-05, 1.0553661923040636e-05, 6.332450993795646e-06, 1.628636482564616e-06, 3.7111944948264863e-06, 3.273326910857577e-06, 1.7361624486511573e-05, 3.215268861822551e-06, 3.029856316061341e-06, 5.536840490094619e-06, 3.566946588762221e-06, 3.3433402677474078e-06, 9.415462955075782e-06, 3.335108431201661e-06, 1.9603298824222293e-06, 1.5145242286962457e-06, 1.1572478797461372e-06, 6.554974447681161e-07, 1.392894205309858e-06, 4.913986799692793e-07, 1.3311540669747046e-07, 6.971460919658057e-08, 3.2564616958552506e-07, 1.5000974826762103e-06, 3.864525126573426e-07, 3.9477345836758104e-08, 2.2070848260113962e-08, 2.849503744073445e-08, 4.508750706122555e-08, 5.122341306673661e-08, 3.619431154788799e-08, 2.6591061796921167e-08, 1.7273709573828455e-08, 2.954177880098996e-08, 9.213942320229762e-08, 1.242831473291517e-07], "lowlevel.melbands.stdev": [0.00085609988309443, 0.008468844927847385, 0.006566333584487438, 0.0020225481130182743, 3.84475861210376e-05, 1.7415803085896187e-05, 1.283294568565907e-05, 2.5964479846152244e-06, 7.762331733829342e-06, 6.487253358500311e-06, 2.3022344976197928e-05, 1.2599065485119354e-05, 5.84006966164452e-06, 5.954772404948017e-06, 3.3537983199494192e-06, 5.084005806565983e-06, 1.618548049009405e-05, 7.924274541437626e-06, 3.3695330330374418e-06, 1.8691378045332385e-06, 1.276634975511115e-06, 8.878459993866272e-07, 2.1317200662451796e-06, 6.260440272853884e-07, 1.7475581159942521e-07, 9.648678656049015e-08, 4.6938765763115953e-07, 1.7594661585462745e-06, 5.203102659834258e-07, 1.1558732637695357e-07, 6.066989755026952e-08, 7.699276238781749e-08, 8.966915743258141e-08, 7.293297699106915e-08, 4.079507931464832e-08, 2.3002137083949492e-08, 2.258597930904216e-08, 3.1552435331150264e-08, 1.0842086339835078e-07, 1.2680278871357586e-07], "lowlevel.melbands128.mean": [6.852552360214759e-06, 1.1900090612471104e-05, 0.00029341233312152326, 0.0038378112949430943, 0.010309656150639057, 0.01821376197040081, 0.013232951983809471, 0.004716753493994474, 0.006711843889206648, 0.002635963959619403, 8.970128692453727e-05, 4.114567855140194e-05, 2.7337015126249753e-05, 9.214109013555571e-06, 3.6857820759905735e-06, 1.722819433780387e-05, 1.3592064533440862e-05, 1.6485278138134163e-06, 1.0063660056403023e-06, 1.3353808299143566e-06, 1.0391022442490794e-06, 4.825592895940645e-06, 5.493957814906025e-06, 7.196439355539042e-07, 7.07513038378238e-07, 1.7386713579981006e-06, 1.432673252566019e-05, 3.1823736208025366e-05, 5.277989203023026e-06, 2.6082093427248765e-06, 1.8756450117507484e-06, 5.028776740800822e-06, 3.871101398544852e-06, 1.1996827424809453e-06, 1.0013640121542267e-06, 9.470758413954172e-06, 9.869734640233219e-06, 7.047913186397636e-07, 7.899251386334072e-07, 5.723855792894028e-06, 2.580830823717406e-06, 2.4786506855889456e-06, 1.231051192007726e-05, 1.2649523341679014e-05, 1.6403665767938946e-06, 3.0450482881860808e-06, 3.528068191371858e-06, 4.676767559885775e-07, 2.7868575216416502e-06, 1.7984289115702268e-06, 4.183485771136475e-07, 2.51742471846228e-06, 1.1682828926495858e-06, 7.596158866363112e-07, 7.293556336662732e-07, 4.6329023462021723e-07, 9.275359502680658e-07, 6.499768687717733e-07, 2.7194507765671005e-06, 6.232396572158905e-07, 3.6848464901595435e-07, 1.58868942889967e-07, 2.0437802561446006e-07, 9.247897736486266e-08, 9.243917986623273e-08, 6.770815019763177e-08, 5.379876455435806e-08, 7.649141764431988e-08, 2.1664057214820787e-07, 9.392881565872813e-07, 1.9092899492534343e-06, 1.5609609818056924e-06, 7.732409130767337e-07, 1.3069769977391843e-07, 5.584058371255196e-08, 4.222148675125936e-08, 3.364699452390596e-08, 1.8402582568910475e-08, 1.856870035510383e-08, 2.5529583780325993e-08, 3.179914642714721e-08, 2.710608448808216e-08, 2.904199369879734e-08, 3.6583070794904415e-08, 7.43028749639052e-08, 5.643893530304922e-08, 4.290049915312011e-08, 4.031649680769078e-08, 3.754342259298937e-08, 2.9251790323314708e-08, 3.540774784482892e-08, 2.535457710450828e-08, 1.458307874457887e-08, 1.690677997601142e-08, 1.7440168420534974e-08, 1.758788314987214e-08, 1.7625959358724685e-08, 6.490453330343371e-08, 1.0541203465663784e-07, 9.560474012459963e-08, 1.1395624710530683e-07, 1.4750089860626758e-07, 1.0544002293499943e-07, 9.730373307093032e-08, 5.177799877742473e-08, 6.889675319143862e-08, 8.875014856357666e-08, 5.173839312533346e-08, 5.541826553212559e-08, 3.2810621775070103e-08, 1.501304502937728e-08, 1.6575963712739394e-08, 1.3251899133592815e-08, 6.397663732116143e-09, 2.708780755256157e-09, 5.312940642987485e-10, 8.952064783906977e-11, 7.43808833969517e-12, 7.091084663901626e-12, 6.902655964174942e-12, 6.738921053128788e-12, 6.6111335156326945e-12, 6.4735799186477205e-12, 6.3630359661837055e-12, 6.230964962744556e-12, 6.0666948895060635e-12, 5.96838724276072e-12, 5.928111300457228e-12], "lowlevel.melbands128.stdev": [1.0268161531712394e-05, 2.2269663531915285e-05, 0.0003662809613160789, 0.004029482137411833, 0.008045533671975136, 0.019868552684783936, 0.011767378076910973, 0.0036969527136534452, 0.005505582317709923, 0.0021409867331385612, 0.0001170959512819536, 6.865770410513505e-05, 4.590783282765187e-05, 1.6566371414228342e-05, 6.0437591855588835e-06, 3.8242171285673976e-05, 2.9881448426749557e-05, 2.7592627702688333e-06, 2.348656607864541e-06, 3.1457318527827738e-06, 1.6701369531801902e-06, 1.0144449333893135e-05, 1.1973442269663792e-05, 2.744350013017538e-06, 3.999908585683443e-06, 9.05234173842473e-06, 2.163803219445981e-05, 4.255223029758781e-05, 1.3137801033735741e-05, 1.6978066923911683e-05, 1.60405852511758e-05, 1.1112671018054243e-05, 7.167684088926762e-06, 5.809863523609238e-06, 2.6113705189345637e-06, 1.0589945304673165e-05, 1.0220584044873249e-05, 1.4179871641317732e-06, 1.615139922250819e-06, 9.169943041342776e-06, 4.082121904502856e-06, 8.29292639537016e-06, 2.348399539187085e-05, 2.145246253348887e-05, 1.1941857337660622e-05, 9.0556095528882e-06, 8.12320377008291e-06, 1.0547661304372014e-06, 6.072032192605548e-06, 3.227241904824041e-06, 6.938547585377819e-07, 3.52127449332329e-06, 1.4233155525289476e-06, 1.3196214467825484e-06, 1.2758604270857177e-06, 7.157890422604396e-07, 1.6547534187338897e-06, 1.6895215821932652e-06, 4.382078259368427e-06, 1.0158682925975882e-06, 6.307644184744277e-07, 2.1617454137867753e-07, 3.4494996725698e-07, 1.43202413482868e-07, 1.5726483582056971e-07, 9.883907381436075e-08, 9.13021906967515e-08, 1.3634952722441085e-07, 3.7735384239567793e-07, 1.6309145394188818e-06, 2.6928444185614353e-06, 2.1207583813520614e-06, 1.1989715176241589e-06, 2.703409336390905e-07, 9.020254054803445e-08, 1.2697564955033158e-07, 1.6537586589038256e-07, 6.909212402206322e-08, 4.6407965470507406e-08, 7.434394433403213e-08, 1.1642855923810203e-07, 6.940746288819355e-08, 7.114925182349907e-08, 1.0347459777904078e-07, 1.3167020540549856e-07, 8.90298750277907e-08, 7.338249474742042e-08, 6.038614941417109e-08, 5.043222373046774e-08, 2.9070436724509818e-08, 3.375131640837026e-08, 2.4390489627990064e-08, 1.8845261351430054e-08, 2.9156510095162957e-08, 2.7656886558702354e-08, 2.4932541364819372e-08, 3.1278197809569974e-08, 8.278995977661907e-08, 1.5500201300255867e-07, 1.1897306251285045e-07, 1.438349102045322e-07, 1.5980717193997407e-07, 1.1517411735439964e-07, 1.073374065185817e-07, 5.371061106984598e-08, 6.033968702467973e-08, 7.72158657014188e-08, 4.475984738405714e-08, 4.9989623107649095e-08, 3.322170627484411e-08, 1.669765126166567e-08, 1.6724939655432536e-08, 1.4098273659612914e-08, 7.65313590278538e-09, 4.354367977299489e-09, 1.6739105657137543e-09, 5.722554652365375e-10, 1.001766638392132e-11, 9.557901345380593e-12, 9.308778574357301e-12, 9.090639699338432e-12, 8.896209290065737e-12, 8.719266628154365e-12, 8.571156805137203e-12, 8.443811622127484e-12, 8.340468940493118e-12, 8.265712767019373e-12, 8.220167602157602e-12], "lowlevel.mfcc.mean": [-785.5183715820312, 155.4862060546875, 33.867088317871094, 41.15842819213867, 53.093162536621094, 32.27284240722656, 35.0500602722168, 5.72761344909668, 4.881579399108887, -2.8249425888061523, -14.543426513671875, -11.51995849609375, -4.156630992889404], "lowlevel.spectral_contrast_coeffs.mean": [-0.4643242061138153, -0.8083350658416748, -0.7490285038948059, -0.8034932017326355, -0.7943457365036011, -0.8143002390861511], "lowlevel.spectral_contrast_coeffs.stdev": [0.07039069384336472, 0.05780188366770744, 0.05406929552555084, 0.050453588366508484, 0.0440390445291996, 0.032233353704214096], "lowlevel.spectral_contrast_valleys.mean": [-7.306499004364014, -8.914135932922363, -9.115411758422852, -9.083288192749023, -9.316997528076172, -11.856534004211426], "lowlevel.spectral_contrast_valleys.stdev": [0.5306316018104553, 0.6249943971633911, 0.6987899541854858, 0.6829286813735962, 0.5745960474014282, 0.5568805932998657], "rhythm.beats_loudness_band_ratio.mean": [0.9530330300331116, 0.2771695852279663, 0.001894407789222896, 0.002529025310650468, 0.001076122047379613, 0.0006768688908778131], "rhythm.beats_loudness_band_ratio.stdev": [0.02454560436308384, 0.15090040862560272, 0.0026314666029065847, 0.002721769968047738, 0.001178195932880044, 0.0005918201641179621], "tonal.hpcp.mean": [0.0017294712597504258, 0.00045222623157314956, 0.00014104341971687973, 0.000667775166220963, 0.0063218954019248486, 0.049572449177503586, 0.15296699106693268, 0.1163344457745552, 0.09382227063179016, 0.1845664530992508, 0.0985308513045311, 0.002504955744370818, 0.0021361149847507477, 0.008465728722512722, 0.11540976166725159, 0.2689893841743469, 0.17240320146083832, 0.011539390310645103, 0.0011688387021422386, 0.00033061986323446035, 0.00025746572646312416, 0.00021779803500976413, 0.0005853514885529876, 0.0029342942871153355, 0.0029347515664994717, 0.001710297423414886, 0.003624709090217948, 0.005356397945433855, 0.01350756548345089, 0.34040066599845886, 0.6588840484619141, 0.33731749653816223, 0.009354976005852222, 0.0018746394198387861, 0.002616157988086343, 0.0031609770376235247], "tonal.hpcp.stdev": [0.02496759220957756, 0.0011230265954509377, 0.0007151794270612299, 0.008426222018897533, 0.06788776814937592, 0.15361067652702332, 0.3510676324367523, 0.28198158740997314, 0.1958286166191101, 0.386768102645874, 0.21407876908779144, 0.043962784111499786, 0.03595449775457382, 0.04876069724559784, 0.20299363136291504, 0.35823631286621094, 0.25190380215644836, 0.062136366963386536, 0.013229452073574066, 0.003391735488548875, 0.0014358889311552048, 0.0012319984380155802, 0.0039301421493291855, 0.04191603139042854, 0.03952982649207115, 0.022620730102062225, 0.036494459956884384, 0.04404385760426521, 0.057104773819446564, 0.23635953664779663, 0.3865879774093628, 0.23502491414546967, 0.0671982392668724, 0.019220149144530296, 0.03155836462974548, 0.039253249764442444], "rhythm.beats_position": [0.5224489569664001, 1.0681178569793701, 1.6253968477249146, 2.18267560005188, 2.739954710006714, 3.2972335815429688, 3.842902421951294, 4.388571262359619, 4.945850372314453, 5.503129005432129, 6.060408115386963, 6.617686748504639, 7.174965858459473, 7.732244968414307, 8.277914047241211, 8.823582649230957, 9.380861282348633, 9.938140869140625, 10.4954195022583, 11.052698135375977, 11.609976768493652, 12.167256355285645, 12.72453498840332, 13.281813621520996, 13.839092254638672, 14.396371841430664, 14.95365047454834, 15.499319076538086, 16.04498863220215, 16.60226821899414, 17.1595458984375, 17.716825485229492, 18.27410316467285, 18.831382751464844, 19.377052307128906, 19.934329986572266, 20.479999542236328, 21.03727912902832, 21.59455680847168, 22.151836395263672, 22.709115982055664, 23.266393661499023, 23.823673248291016], "rhythm.bpm_histogram": [0.0, 0.0, 0.0, 0.0, 0.0, 0.0, 0.0, 0.0, 0.0, 0.0, 0.0, 0.0, 0.0, 0.0, 0.0, 0.0, 0.0, 0.0, 0.0, 0.0, 0.0, 0.0, 0.0, 0.0, 0.0, 0.0, 0.0, 0.0, 0.0, 0.0, 0.0, 0.0, 0.0, 0.0, 0.0, 0.0, 0.0, 0.0, 0.0, 0.0, 0.0, 0.0, 0.0, 0.0, 0.0, 0.0, 0.0, 0.0, 0.0, 0.0, 0.0, 0.0, 0.0, 0.0, 0.0, 0.0, 0.0, 0.0, 0.0, 0.0, 0.0, 0.0, 0.0, 0.0, 0.0, 0.0, 0.0, 0.0, 0.0, 0.0, 0.0, 0.0, 0.0, 0.0, 0.0, 0.0, 0.0, 0.0, 0.0, 0.0, 0.0, 0.0, 0.0, 0.0, 0.0, 0.0, 0.0, 0.0, 0.0, 0.0, 0.0, 0.0, 0.0, 0.0, 0.0, 0.0, 0.0, 0.0, 0.0, 0.0, 0.0, 0.0, 0.0, 0.0, 0.0, 0.0, 0.0, 0.0, 0.7857142686843872, 0.0, 0.2142857164144516, 0.0, 0.0, 0.0, 0.0, 0.0, 0.0, 0.0, 0.0, 0.0, 0.0, 0.0, 0.0, 0.0, 0.0, 0.0, 0.0, 0.0, 0.0, 0.0, 0.0, 0.0, 0.0, 0.0, 0.0, 0.0, 0.0, 0.0, 0.0, 0.0, 0.0, 0.0, 0.0, 0.0, 0.0, 0.0, 0.0, 0.0, 0.0, 0.0, 0.0, 0.0, 0.0, 0.0, 0.0, 0.0, 0.0, 0.0, 0.0, 0.0, 0.0, 0.0, 0.0, 0.0, 0.0, 0.0, 0.0, 0.0, 0.0, 0.0, 0.0, 0.0, 0.0, 0.0, 0.0, 0.0, 0.0, 0.0, 0.0, 0.0, 0.0, 0.0, 0.0, 0.0, 0.0, 0.0, 0.0, 0.0, 0.0, 0.0, 0.0, 0.0, 0.0, 0.0, 0.0, 0.0, 0.0, 0.0, 0.0, 0.0, 0.0, 0.0, 0.0, 0.0, 0.0, 0.0, 0.0, 0.0, 0.0, 0.0, 0.0, 0.0, 0.0, 0.0, 0.0, 0.0, 0.0, 0.0, 0.0, 0.0, 0.0, 0.0, 0.0, 0.0, 0.0, 0.0, 0.0, 0.0, 0.0, 0.0, 0.0, 0.0, 0.0, 0.0, 0.0, 0.0, 0.0, 0.0, 0.0, 0.0, 0.0, 0.0, 0.0, 0.0, 0.0, 0.0, 0.0, 0.0, 0.0, 0.0], "tonal.chords_histogram": [5.36398458480835, 0.0, 15.900382995605469, 0.0, 0.0, 0.0, 0.0, 20.11494255065918, 4.022988319396973, 54.59770202636719, 0.0, 0.0, 0.0, 0.0, 0.0, 0.0, 0.0, 0.0, 0.0, 0.0, 0.0, 0.0, 0.0, 0.0], "tonal.thpcp": [1.0, 0.5119527578353882, 0.014198212884366512, 0.0028451734688133, 0.003970589488744736, 0.004797470755875111, 0.0026248490903526545, 0.0006863517919555306, 0.00021406410087365657, 0.0010134942131116986, 0.009594853036105633, 0.0752369835972786, 0.23216071724891663, 0.1765628457069397, 0.1423957198858261, 0.28011977672576904, 0.14954201877117157, 0.003801815677434206, 0.0032420195639133453, 0.012848586775362492, 0.17515943944454193, 0.40824994444847107, 0.2616593837738037, 0.017513537779450417, 0.0017739671748131514, 0.0005017876392230392, 0.00039076030952855945, 0.00033055595122277737, 0.0008883983246050775, 0.004453430417925119, 0.004454124253243208, 0.0025957487523555756, 0.005501285195350647, 0.008129499852657318, 0.02050067111849785, 0.5166321396827698], "lowlevel.gfcc.cov": [[3082.047119140625, -365.3386535644531, -991.0560913085938, -455.00750732421875, -337.446044921875, 14.143526077270508, -240.08763122558594, 580.0772094726562, 55.378562927246094, 168.2339630126953, -409.107421875, -429.159912109375, 53.785037994384766], [-365.3386535644531, 220.42868041992188, 139.6744842529297, -25.337656021118164, 60.9014892578125, -17.84902572631836, 28.533828735351562, -64.6794662475586, 15.696786880493164, -16.32678985595703, 109.71910858154297, 64.68144989013672, 4.872793674468994], [-991.0560913085938, 139.6744842529297, 570.2327880859375, 152.4508819580078, 153.84210205078125, 4.419580459594727, 92.3639907836914, -175.80921936035156, -17.180593490600586, -55.138671875, 127.81256103515625, 118.82068634033203, -25.547988891601562], [-455.00750732421875, -25.337656021118164, 152.4508819580078, 300.8638610839844, 68.35252380371094, -23.73639678955078, 65.35755920410156, -151.70816040039062, 11.538984298706055, -53.61729431152344, 61.33203887939453, 61.80509567260742, 12.193941116333008], [-337.446044921875, 60.9014892578125, 153.84210205078125, 68.35252380371094, 168.53271484375, 33.192604064941406, 29.895061492919922, -57.6031608581543, -6.016322135925293, -20.052165985107422, 39.43153762817383, 0.3000867962837219, -0.4158862829208374], [14.143526077270508, -17.84902572631836, 4.419580459594727, -23.73639678955078, 33.192604064941406, 89.5533218383789, 30.737041473388672, 18.182140350341797, -12.741926193237305, 6.7859086990356445, 3.74521541595459, -15.586803436279297, -1.1154654026031494], [-240.08763122558594, 28.533828735351562, 92.3639907836914, 65.35755920410156, 29.895061492919922, 30.737041473388672, 99.1694564819336, -30.725324630737305, -15.024072647094727, -3.335887908935547, 51.533912658691406, 51.02210998535156, -3.278052568435669], [580.0772094726562, -64.6794662475586, -175.80921936035156, -151.70816040039062, -57.6031608581543, 18.182140350341797, -30.725324630737305, 188.8839569091797, 18.14364242553711, 55.380672454833984, -83.76394653320312, -87.71520233154297, 5.574947834014893], [55.378562927246094, 15.696786880493164, -17.180593490600586, 11.538984298706055, -6.016322135925293, -12.741926193237305, -15.024072647094727, 18.14364242553711, 69.28963470458984, 12.286776542663574, -12.463955879211426, -15.185403823852539, 0.8934162855148315], [168.2339630126953, -16.32678985595703, -55.138671875, -53.61729431152344, -20.052165985107422, 6.7859086990356445, -3.335887908935547, 55.380672454833984, 12.286776542663574, 64.8380355834961, -7.785754203796387, -21.42280387878418, -1.0977675914764404], [-409.107421875, 109.71910858154297, 127.81256103515625, 61.33203887939453, 39.43153762817383, 3.74521541595459, 51.533912658691406, -83.76394653320312, -12.463955879211426, -7.785754203796387, 135.9376983642578, 97.76091766357422, -7.247867584228516], [-429.159912109375, 64.68144989013672, 118.82068634033203, 61.80509567260742, 0.3000867962837219, -15.586803436279297, 51.02210998535156, -87.71520233154297, -15.185403823852539, -21.42280387878418, 97.76091766357422, 157.9803009033203, -14.70900821685791], [53.785037994384766, 4.872793674468994, -25.547988891601562, 12.193941116333008, -0.4158862829208374, -1.1154654026031494, -3.278052568435669, 5.574947834014893, 0.8934162855148315, -1.0977675914764404, -7.247867584228516, -14.70900821685791, 36.09827423095703]], "lowlevel.gfcc.icov": [[0.0018654479645192623, -0.001894262502901256, 0.0013725045137107372, -0.0021753055043518543, 0.0019685672596096992, -0.0015233997255563736, 0.002350374823436141, -0.00397384911775589, 0.001983116613700986, -0.001343941898085177, 0.00220570364035666, 0.0012652641162276268, 0.0008536651148460805], [-0.001894262502901256, 0.035742100328207016, -0.002397602191194892, 0.02819712646305561, -0.012649854645133018, 0.02012232504785061, -0.019198516383767128, 0.016600176692008972, -0.024778183549642563, 0.016466928645968437, -0.030662156641483307, 0.00539171788841486, -0.019900597631931305], [0.0013725045137107372, -0.002397602191194892, 0.004560037981718779, -0.0018162078922614455, -0.000688245752826333, -0.0006286472198553383, 8.863917901180685e-05, -0.0014587925979867578, 0.0015826912131160498, -0.0006431437795981765, 0.0020205588079988956, 0.000161121686687693, 0.0027380750980228186], [-0.0021753055043518543, 0.02819712646305561, -0.0018162078922614455, 0.030839387327432632, -0.011828928254544735, 0.0190334003418684, -0.02198624238371849, 0.02065408043563366, -0.023531466722488403, 0.015204651281237602, -0.02325321175158024, 0.004765669349581003, -0.018684640526771545], [0.0019685672596096992, -0.012649854645133018, -0.000688245752826333, -0.011828928254544735, 0.015611452050507069, -0.011211075820028782, 0.00867205299437046, -0.007525192573666573, 0.009329259395599365, -0.0054291486740112305, 0.008789929561316967, 0.0028945407830178738, 0.006614577956497669], [-0.0015233997255563736, 0.02012232504785061, -0.0006286472198553383, 0.0190334003418684, -0.011211075820028782, 0.02809011936187744, -0.019082099199295044, 0.010288489051163197, -0.012954579666256905, 0.009998955763876438, -0.01793418452143669, 0.005537154618650675, -0.010623659007251263], [0.002350374823436141, -0.019198516383767128, 8.863917901180685e-05, -0.02198624238371849, 0.00867205299437046, -0.019082099199295044, 0.032588448375463486, -0.017093475908041, 0.01793977990746498, -0.011791419237852097, 0.013758599758148193, -0.006499215494841337, 0.011000346392393112], [-0.00397384911775589, 0.016600176692008972, -0.0014587925979867578, 0.02065408043563366, -0.007525192573666573, 0.010288489051163197, -0.017093475908041, 0.030140483751893044, -0.016349513083696365, 0.0029548846650868654, -0.010392226278781891, 0.002975254785269499, -0.010684868320822716], [0.001983116613700986, -0.024778183549642563, 0.0015826912131160498, -0.023531466722488403, 0.009329259395599365, -0.012954579666256905, 0.01793977990746498, -0.016349513083696365, 0.03502136468887329, -0.015208985656499863, 0.021192921325564384, -0.003032868728041649, 0.01501030195504427], [-0.001343941898085177, 0.016466928645968437, -0.0006431437795981765, 0.015204651281237602, -0.0054291486740112305, 0.009998955763876438, -0.011791419237852097, 0.0029548846650868654, -0.015208985656499863, 0.031172487884759903, -0.019322754815220833, 0.004586359485983849, -0.007778824307024479], [0.00220570364035666, -0.030662156641483307, 0.0020205588079988956, -0.02325321175158024, 0.008789929561316967, -0.01793418452143669, 0.013758599758148193, -0.010392226278781891, 0.021192921325564384, -0.019322754815220833, 0.04423631727695465, -0.012413944117724895, 0.015250323340296745], [0.0012652641162276268, 0.00539171788841486, 0.000161121686687693, 0.004765669349581003, 0.0028945407830178738, 0.005537154618650675, -0.006499215494841337, 0.002975254785269499, -0.003032868728041649, 0.004586359485983849, -0.012413944117724895, 0.017883174121379852, 5.488276656251401e-05], [0.0008536651148460805, -0.019900597631931305, 0.0027380750980228186, -0.018684640526771545, 0.006614577956497669, -0.010623659007251263, 0.011000346392393112, -0.010684868320822716, 0.01501030195504427, -0.007778824307024479, 0.015250323340296745, 5.488276656251401e-05, 0.042239319533109665]], "lowlevel.mfcc.cov": [[3736.4375, -261.6512145996094, -872.2299194335938, -736.4841918945312, -214.22964477539062, -634.5908203125, -215.35597229003906, -216.81292724609375, 396.6156005859375, 483.0627746582031, 104.94422912597656, -391.62701416015625, -287.4719543457031], [-261.6512145996094, 338.67822265625, 52.643165588378906, -68.956787109375, 48.07613754272461, -35.946754455566406, 55.33394241333008, 7.483951091766357, -39.997005462646484, -13.607795715332031, 42.84410858154297, 36.09172821044922, 88.31591033935547], [-872.2299194335938, 52.643165588378906, 369.86151123046875, 203.55606079101562, 35.309627532958984, 153.64915466308594, 47.00187301635742, 58.316627502441406, -102.3777847290039, -127.08930969238281, -39.15135955810547, 121.76759338378906, 67.3829345703125], [-736.4841918945312, -68.956787109375, 203.55606079101562, 341.75653076171875, 27.074951171875, 185.20948791503906, 19.604795455932617, 59.80763626098633, -101.78816223144531, -136.63194274902344, -47.27367401123047, 104.30961608886719, 78.6897964477539], [-214.22964477539062, 48.07613754272461, 35.309627532958984, 27.074951171875, 137.1151885986328, 42.65935516357422, 15.552033424377441, -7.749546527862549, -1.0794529914855957, 3.1978516578674316, -17.94964599609375, 13.681863784790039, -11.769378662109375], [-634.5908203125, -35.946754455566406, 153.64915466308594, 185.20948791503906, 42.65935516357422, 214.8461456298828, 61.18744659423828, 55.612422943115234, -67.1799545288086, -100.88232421875, -20.178956985473633, 78.88302612304688, 47.80072021484375], [-215.35597229003906, 55.33394241333008, 47.00187301635742, 19.604795455932617, 15.552033424377441, 61.18744659423828, 139.53713989257812, 44.75312805175781, -30.80980110168457, -22.281957626342773, 11.178465843200684, 29.37574577331543, 53.017250061035156], [-216.81292724609375, 7.483951091766357, 58.316627502441406, 59.80763626098633, -7.749546527862549, 55.612422943115234, 44.75312805175781, 87.6601791381836, -29.322219848632812, -43.93869400024414, 5.867527484893799, 35.91268539428711, 36.2760124206543], [396.6156005859375, -39.997005462646484, -102.3777847290039, -101.78816223144531, -1.0794529914855957, -67.1799545288086, -30.80980110168457, -29.322219848632812, 124.39751434326172, 84.40753936767578, 10.453089714050293, -50.28077697753906, -58.60273742675781], [483.0627746582031, -13.607795715332031, -127.08930969238281, -136.63194274902344, 3.1978516578674316, -100.88232421875, -22.281957626342773, -43.93869400024414, 84.40753936767578, 140.7149658203125, 14.579950332641602, -64.35358428955078, -59.637516021728516], [104.94422912597656, 42.84410858154297, -39.15135955810547, -47.27367401123047, -17.94964599609375, -20.178956985473633, 11.178465843200684, 5.867527484893799, 10.453089714050293, 14.579950332641602, 84.49396514892578, 0.32987481355667114, 16.216806411743164], [-391.62701416015625, 36.09172821044922, 121.76759338378906, 104.30961608886719, 13.681863784790039, 78.88302612304688, 29.37574577331543, 35.91268539428711, -50.28077697753906, -64.35358428955078, 0.32987481355667114, 108.2573471069336, 62.22278594970703], [-287.4719543457031, 88.31591033935547, 67.3829345703125, 78.6897964477539, -11.769378662109375, 47.80072021484375, 53.017250061035156, 36.2760124206543, -58.60273742675781, -59.637516021728516, 16.216806411743164, 62.22278594970703, 136.93325805664062]], "lowlevel.mfcc.icov": [[0.0012560016475617886, 0.0009513485711067915, 0.0011175221297889948, 0.000591930584050715, 0.0006381963030435145, 0.0016273155342787504, 5.9308449635864235e-06, 0.00019596873607952148, -0.0006796455709263682, -0.0009144308278337121, -0.00039867821033112705, 0.0003409081546124071, -0.00023109288304112852], [0.0009513485711067915, 0.007113065104931593, -0.0007807726506143808, 0.003429351607337594, -0.0032202787697315216, 0.0037501684855669737, -0.0006880444125272334, 0.0002873893245123327, 0.0009766676230356097, 0.0003605771344155073, -0.002245928393676877, -0.00026510091265663505, -0.004611057695001364], [0.0011175221297889948, -0.0007807726506143808, 0.007093338295817375, -0.0009988824604079127, 0.0010756202973425388, 0.00018128879310097545, -0.0003079450689256191, -0.00022138981148600578, 0.00022701136185787618, 0.0003457878192421049, 0.0016423866618424654, -0.00355880381539464, 0.001810544985346496], [0.000591930584050715, 0.003429351607337594, -0.0009988824604079127, 0.009925462305545807, -0.0014673036057502031, -0.0028524824883788824, 0.00263138092122972, -0.001069887657649815, 0.0016133644385263324, 0.0014909709570929408, 0.00171270698774606, -0.001467920490540564, -0.004243051633238792], [0.0006381963030435145, -0.0032202787697315216, 0.0010756202973425388, -0.0014673036057502031, 0.011240843683481216, -0.0028605014085769653, -0.0007103095413185656, 0.002022735308855772, -0.0012407463509589434, -0.002983471844345331, 0.002143797930330038, -0.0006906356429681182, 0.003664063522592187], [0.0016273155342787504, 0.0037501684855669737, 0.00018128879310097545, -0.0028524824883788824, -0.0028605014085769653, 0.015745574608445168, -0.0044584451243281364, -0.0007586061838082969, -0.0012671150034293532, 0.0030690175481140614, -0.0020927656441926956, -0.0014851564774289727, 0.00044950254959985614], [5.9308449635864235e-06, -0.0006880444125272334, -0.0003079450689256191, 0.00263138092122972, -0.0007103095413185656, -0.0044584451243281364, 0.011742853559553623, -0.004397276323288679, 0.0014570599887520075, -0.0025254907086491585, 0.00017692343681119382, 0.0009979686001315713, -0.0037414967082440853], [0.00019596873607952148, 0.0002873893245123327, -0.00022138981148600578, -0.001069887657649815, 0.002022735308855772, -0.0007586061838082969, -0.004397276323288679, 0.017176227644085884, -0.001057867775671184, 0.002354002557694912, -0.001710462966002524, -0.001364492578431964, -6.419167766580358e-05], [-0.0006796455709263682, 0.0009766676230356097, 0.00022701136185787618, 0.0016133644385263324, -0.0012407463509589434, -0.0012671150034293532, 0.0014570599887520075, -0.001057867775671184, 0.016022460535168648, -0.005914066918194294, -0.0005842811078764498, -0.0005165955517441034, 0.0015415159286931157], [-0.0009144308278337121, 0.0003605771344155073, 0.0003457878192421049, 0.0014909709570929408, -0.002983471844345331, 0.0030690175481140614, -0.0025254907086491585, 0.002354002557694912, -0.005914066918194294, 0.019146140664815903, -0.0006382375140674412, 0.0005866277497261763, 0.001463778200559318], [-0.00039867821033112705, -0.002245928393676877, 0.0016423866618424654, 0.00171270698774606, 0.002143797930330038, -0.0020927656441926956, 0.00017692343681119382, -0.001710462966002524, -0.0005842811078764498, -0.0006382375140674412, 0.015651486814022064, -0.0024571982212364674, -0.0011464717099443078], [0.0003409081546124071, -0.00026510091265663505, -0.00355880381539464, -0.001467920490540564, -0.0006906356429681182, -0.0014851564774289727, 0.0009979686001315713, -0.001364492578431964, -0.0005165955517441034, 0.0005866277497261763, -0.0024571982212364674, 0.0203108973801136, -0.0049882871098816395], [-0.00023109288304112852, -0.004611057695001364, 0.001810544985346496, -0.004243051633238792, 0.003664063522592187, 0.00044950254959985614, -0.0037414967082440853, -6.419167766580358e-05, 0.0015415159286931157, 0.001463778200559318, -0.0011464717099443078, -0.0049882871098816395, 0.016662294045090675]], "metadata.audio_properties.analysis.downmix": "mix", "metadata.audio_properties.codec": "mp3", "metadata.audio_properties.md5_encoded": "04bcfee1c59df46d1fd7166e700c476b", "metadata.tags.file_name": "1183713041754370078.mp3", "metadata.version.essentia": "2.1-beta6-dev", "metadata.version.essentia_git_sha": "v2.1_beta5-1110-g77a6a954", "metadata.version.extractor": "music 2.0", "tonal.chords_key": "G", "tonal.chords_scale": "major", "tonal.key_edma.key": "C", "tonal.key_edma.scale": "minor", "tonal.key_krumhansl.key": "C", "tonal.key_krumhansl.scale": "minor", "tonal.key_temperley.key": "C", "tonal.key_temperley.scale": "minor", "metadata.tags.encoding": ["Lavf58.45.100"]}, "essentia_models": [{"model_name": "genre_dortmund", "activations": {"alternative": "0.18840323", "blues": "0.0050637387", "electronic": "0.28698647", "folkcountry": "0.10818548", "funksoulrnb": "0.019271849", "jazz": "0.06823524", "pop": "0.03356044", "raphiphop": "0.017340884", "rock": "0.1131046"}}, {"model_name": "genre_rosamerica", "activations": {"classic": "0.17638253", "dance": "0.023791634", "hip hop": "0.007644863", "jazz": "0.08068786", "pop": "0.028531274", "rhythm and blues": "0.054047074", "rock": "0.48282674", "speech": "0.034710318"}}, {"model_name": "genre_tzanetakis", "activations": {"blues": "0.12031625", "classic": "0.1355262", "country": "0.04512905", "disco": "0.034583382", "hip hop": "0.