{"song_id": "1183708242510094346", "download": "https://cdn.discordapp.com/attachments/1128313332273782784/1183708242510094346/chirp.mp4?ex=65895135&amp", "lyrics": "\u0421 \u0414\u043d\u0451\u043c \u0420\u043e\u0436\u0434\u0435\u043d\u0438\u044f \u0442\u0435\u0431\u044f \u041d\u0430\u0434\u044f!\n\u041f\u0443\u0441\u0442\u044c \u0440\u0430\u0434\u043e\u0441\u0442\u044c \u0432\u0441\u0435\u0433\u0434\u0430 \u043f\u043e\u0431\u0435\u0436\u0434\u0430\u0435\u0442 \u0433\u0440\u0443\u0441\u0442\u044c,\n\u041f\u043b\u044b\u0432\u0438 \u043f\u043e \u0436\u0438\u0437\u043d\u0438 \u043d\u0430\u0437\u0430\u0434 \u043d\u0435 \u0433\u043b\u044f\u0434\u044f, \n\u0418 \u043f\u0430\u0440\u0443\u0441 \u0442\u0432\u043e\u0439 \u0440\u0430\u0437\u0432\u0438\u0432\u0430\u0435\u0442\u0441\u044f \u043f\u0443\u0441\u0442\u044c!  (\u041f\u0443\u0443\u0443\u0441\u0442\u044c)\n\u041f\u0443\u0441\u0442\u044c \u0431\u0443\u0434\u0443\u0442 \u0441\u0447\u0430\u0441\u0442\u044c\u044f \u0448\u0438\u0440\u043e\u043a\u0438\u0435 \u0440\u0435\u043a\u0438, \n\u0418 \u0432\u043e\u043b\u043d\u044b \u043b\u044e\u0431\u0432\u0438 \u0443 \u043c\u043e\u0440\u0441\u043a\u0438\u0445 \u0431\u0435\u0440\u0435\u0433\u043e\u0432,\n\u0412\u043f\u0435\u0440\u0451\u0434 \u043f\u043e\u043d\u0435\u0441\u0451\u0442 \u0432\u043e\u0434\u043e\u043f\u0430\u0434 \u0442\u0435\u0431\u044f \u043d\u0435\u043a\u0438\u0439\n\u0421\u043a\u0432\u043e\u0437\u044c \u0434\u0436\u0443\u043d\u0433\u043b\u0438 \u0441\u0430\u043c\u044b\u0445 \u043f\u0440\u0435\u043a\u0440\u0430\u0441\u043d\u044b\u0445 \u0446\u0432\u0435\u0442\u043e\u0432! \n\u0421 \u0414\u043d\u0451\u043c \u0420\u043e\u0436\u0434\u0435\u043d\u0438\u044f, \u0442\u0435\u0431\u044f\u044f\u044f\u044f, \u041d\u0430\u0434\u044f\u044f\u044f!\n\u0421 \u0414\u043d\u0451\u043c \u0440\u043e\u0436\u0434\u0435\u043d\u0438\u044f, \u0442\u0435\u0431\u044f, \u0423\u0420\u0410\u0410\u0410!!!", "style": ["Psychedelic pop"], "essentia_features": {"lowlevel.average_loudness": 0.9442560076713562, "lowlevel.barkbands_crest.mean": 13.820467948913574, "lowlevel.barkbands_crest.stdev": 5.496979713439941, "lowlevel.barkbands_flatness_db.mean": 0.24032707512378693, "lowlevel.barkbands_flatness_db.stdev": 0.0964869037270546, "lowlevel.barkbands_kurtosis.mean": 9.069314956665039, "lowlevel.barkbands_kurtosis.stdev": 18.4882869720459, "lowlevel.barkbands_skewness.mean": 2.0316715240478516, "lowlevel.barkbands_skewness.stdev": 1.8633646965026855, "lowlevel.barkbands_spread.mean": 16.17688751220703, "lowlevel.barkbands_spread.stdev": 15.040842056274414, "lowlevel.dissonance.mean": 0.4207446575164795, "lowlevel.dissonance.stdev": 0.05884181335568428, "lowlevel.dynamic_complexity": 2.862722873687744, "lowlevel.erbbands_crest.mean": 12.991510391235352, "lowlevel.erbbands_crest.stdev": 4.678933143615723, "lowlevel.erbbands_flatness_db.mean": 0.2479286640882492, "lowlevel.erbbands_flatness_db.stdev": 0.09150280058383942, "lowlevel.erbbands_kurtosis.mean": 1.6244356632232666, "lowlevel.erbbands_kurtosis.stdev": 3.6894376277923584, "lowlevel.erbbands_skewness.mean": 0.8097207546234131, "lowlevel.erbbands_skewness.stdev": 1.0392775535583496, "lowlevel.erbbands_spread.mean": 33.0146598815918, "lowlevel.erbbands_spread.stdev": 26.68016242980957, "lowlevel.hfc.mean": 18.149641036987305, "lowlevel.hfc.stdev": 13.9512300491333, "lowlevel.loudness_ebu128.integrated": -17.173294067382812, "lowlevel.loudness_ebu128.loudness_range": 3.187776565551758, "lowlevel.loudness_ebu128.momentary.mean": -17.821731567382812, "lowlevel.loudness_ebu128.momentary.stdev": 2.6659979820251465, "lowlevel.loudness_ebu128.short_term.mean": -17.420825958251953, "lowlevel.loudness_ebu128.short_term.stdev": 1.8850651979446411, "lowlevel.melbands_crest.mean": 16.339120864868164, "lowlevel.melbands_crest.stdev": 5.550985336303711, "lowlevel.melbands_flatness_db.mean": 0.28457194566726685, "lowlevel.melbands_flatness_db.stdev": 0.11962294578552246, "lowlevel.melbands_kurtosis.mean": 17.945663452148438, "lowlevel.melbands_kurtosis.stdev": 26.951393127441406, "lowlevel.melbands_skewness.mean": 2.8806700706481934, "lowlevel.melbands_skewness.stdev": 2.0111403465270996, "lowlevel.melbands_spread.mean": 18.52718162536621, "lowlevel.melbands_spread.stdev": 20.793502807617188, "lowlevel.pitch_salience.mean": 0.46081972122192383, "lowlevel.pitch_salience.stdev": 0.12549374997615814, "lowlevel.silence_rate_20dB.mean": 1.0, "lowlevel.silence_rate_20dB.stdev": 0.0, "lowlevel.silence_rate_30dB.mean": 1.0, "lowlevel.silence_rate_30dB.stdev": 0.0, "lowlevel.silence_rate_60dB.mean": 0.05272305756807327, "lowlevel.silence_rate_60dB.stdev": 0.22347556054592133, "lowlevel.spectral_centroid.mean": 981.5496215820312, "lowlevel.spectral_centroid.stdev": 603.3369750976562, "lowlevel.spectral_complexity.mean": 12.104287147521973, "lowlevel.spectral_complexity.stdev": 6.870147705078125, "lowlevel.spectral_decrease.mean": -6.1101936843499516e-09, "lowlevel.spectral_decrease.stdev": 4.313130741451232e-09, "lowlevel.spectral_energy.mean": 0.024707498028874397, "lowlevel.spectral_energy.stdev": 0.017103923484683037, "lowlevel.spectral_energyband_high.mean": 0.000458566821180284, "lowlevel.spectral_energyband_high.stdev": 0.001080488902516663, "lowlevel.spectral_energyband_low.mean": 0.002881218446418643, "lowlevel.spectral_energyband_low.stdev": 0.005754401907324791, "lowlevel.spectral_energyband_middle_high.mean": 0.005717160180211067, "lowlevel.spectral_energyband_middle_high.stdev": 0.007133968640118837, "lowlevel.spectral_energyband_middle_low.mean": 0.016470281407237053, "lowlevel.spectral_energyband_middle_low.stdev": 0.013703097589313984, "lowlevel.spectral_entropy.mean": 6.838560581207275, "lowlevel.spectral_entropy.stdev": 0.9404404759407043, "lowlevel.spectral_flux.mean": 0.0657290518283844, "lowlevel.spectral_flux.stdev": 0.04688260331749916, "lowlevel.spectral_kurtosis.mean": 23.798185348510742, "lowlevel.spectral_kurtosis.stdev": 51.470523834228516, "lowlevel.spectral_rms.mean": 0.004580631852149963, "lowlevel.spectral_rms.stdev": 0.0017671026289463043, "lowlevel.spectral_rolloff.mean": 1404.218994140625, "lowlevel.spectral_rolloff.stdev": 1751.646484375, "lowlevel.spectral_skewness.mean": 2.7181358337402344, "lowlevel.spectral_skewness.stdev": 2.5836803913116455, "lowlevel.spectral_spread.mean": 4087286.5, "lowlevel.spectral_spread.stdev": 2394288.5, "lowlevel.spectral_strongpeak.mean": 1.4886906147003174, "lowlevel.spectral_strongpeak.stdev": 1.2437129020690918, "lowlevel.zerocrossingrate.mean": 0.049900591373443604, "lowlevel.zerocrossingrate.stdev": 0.03909669816493988, "metadata.audio_properties.analysis.equal_loudness": 0.0, "metadata.audio_properties.analysis.length": 40.04265213012695, "metadata.audio_properties.analysis.sample_rate": 44100.0, "metadata.audio_properties.analysis.start_time": 0.0, "metadata.audio_properties.bit_rate": 114213.0, "metadata.audio_properties.length": 40.042667388916016, "metadata.audio_properties.lossless": 0.0, "metadata.audio_properties.number_channels": 1.0, "metadata.audio_properties.replay_gain": -10.207490921020508, "metadata.audio_properties.sample_rate": 48000.0, "rhythm.beats_count": 73.0, "rhythm.beats_loudness.mean": 0.03294704854488373, "rhythm.beats_loudness.stdev": 0.015530630946159363, "rhythm.bpm": 105.45356750488281, "rhythm.bpm_histogram_first_peak_bpm": 105.0, "rhythm.bpm_histogram_first_peak_weight": 0.5, "rhythm.bpm_histogram_second_peak_bpm": 126.0, "rhythm.bpm_histogram_second_peak_spread": 0.5, "rhythm.bpm_histogram_second_peak_weight": 0.125, "rhythm.danceability": 1.1964595317840576, "rhythm.onset_rate": 4.3191237449646, "tonal.chords_changes_rate": 0.04398148134350777, "tonal.chords_number_rate": 0.008101851679384708, "tonal.chords_strength.mean": 0.4718630313873291, "tonal.chords_strength.stdev": 0.10119162499904633, "tonal.hpcp_crest.mean": 21.311901092529297, "tonal.hpcp_crest.stdev": 9.474510192871094, "tonal.hpcp_entropy.mean": 1.1853439807891846, "tonal.hpcp_entropy.stdev": 0.7587523460388184, "tonal.key_edma.strength": 0.6479988098144531, "tonal.key_krumhansl.strength": 0.6609578132629395, "tonal.key_temperley.strength": 0.6731162667274475, "tonal.tuning_diatonic_strength": 0.4880887269973755, "tonal.tuning_equal_tempered_deviation": 0.019929738715291023, "tonal.tuning_frequency": 440.2542419433594, "tonal.tuning_nontempered_energy_ratio": 0.6286572217941284, "lowlevel.barkbands.mean": [1.8486523913452402e-05, 0.002184963319450617, 0.0004117883800063282, 0.0007688713376410306, 0.004555318970233202, 0.006137270946055651, 0.0015253990422934294, 0.0010097315534949303, 0.0010407479712739587, 0.0023275872226804495, 0.0006103835185058415, 0.0004983041435480118, 0.0011200676672160625, 0.000639920704998076, 0.0003095108550041914, 0.0002571077784523368, 0.0002435706410324201, 0.00013870348630007356, 0.000386785133741796, 9.733529441291466e-05, 6.960129394428805e-05, 6.962939369259402e-05, 8.798360067885369e-05, 0.0001308451173827052, 5.7075008953688666e-05, 1.0465516425028909e-05, 5.2288594787341935e-08], "lowlevel.barkbands.stdev": [8.08753029559739e-05, 0.004576572682708502, 0.001712129102088511, 0.001931002945639193, 0.009217173792421818, 0.006676684599369764, 0.003850444918498397, 0.0028637764044106007, 0.0019775102846324444, 0.00494052330031991, 0.0023473904002457857, 0.0015621534548699856, 0.002453355584293604, 0.0013643347192555666, 0.0009800484403967857, 0.0006728445296175778, 0.0004286948242224753, 0.0002437041257508099, 0.0007917045149952173, 0.00023868857533670962, 0.0001914602762553841, 0.000178304806468077, 0.00024423247668892145, 0.00045576412230730057, 0.00015599664766341448, 2.479452632542234e-05, 3.227904983305052e-07], "lowlevel.erbbands.mean": [0.04178215190768242, 0.5525081753730774, 0.6811618208885193, 1.5084781646728516, 6.0791778564453125, 17.837718963623047, 36.46769714355469, 49.44283676147461, 34.72453308105469, 13.624781608581543, 25.520286560058594, 24.769493103027344, 80.59066009521484, 34.53440856933594, 19.431835174560547, 24.56377410888672, 52.01980209350586, 42.736785888671875, 19.21843910217285, 14.867759704589844, 14.524161338806152, 14.116263389587402, 8.146355628967285, 14.139934539794922, 17.14793586730957, 4.604048252105713, 2.863450527191162, 2.7929611206054688, 2.449995279312134, 2.421617031097412, 2.4803991317749023, 2.4229021072387695, 2.3303284645080566, 0.9373325109481812, 0.2574940323829651, 0.07635679095983505, 0.013021361082792282, 0.0009284393163397908, 3.79796365450602e-05, 3.143256253679283e-05], "lowlevel.erbbands.stdev": [0.10099413990974426, 1.1532673835754395, 2.1455535888671875, 3.818598985671997, 12.46801471710205, 44.24923324584961, 44.47163772583008, 62.13222885131836, 68.3853530883789, 50.49418640136719, 61.898345947265625, 48.75483322143555, 179.0773162841797, 83.40428161621094, 69.62891387939453, 70.76051330566406, 113.47459411621094, 76.57586669921875, 44.2523307800293, 42.86166000366211, 33.91822052001953, 24.26655387878418, 13.957108497619629, 31.254762649536133, 34.02613830566406, 10.425947189331055, 7.903583526611328, 7.942172050476074, 6.293067455291748, 5.973031044006348, 7.099193096160889, 7.525767803192139, 9.211475372314453, 2.885326623916626, 0.6022063493728638, 0.17553554475307465, 0.03326910734176636, 0.0028214671183377504, 6.384297012118623e-05, 2.0397628759383224e-05], "lowlevel.gfcc.mean": [-67.0517578125, 108.16648864746094, -130.90707397460938, -0.6625102162361145, -74.21792602539062, -5.094008922576904, -63.69029998779297, -2.249002456665039, -31.548601150512695, -5.784783363342285, -2.47092866897583, -6.21767520904541, -3.2847695350646973], "lowlevel.melbands.mean": [0.0005237446166574955, 0.0005021554534323514, 0.00038929181755520403, 0.0008104579173959792, 0.0012255373876541853, 0.0011369762942194939, 0.0004753346147481352, 0.00014756062591914088, 0.00020649949146900326, 0.00016413179400842637, 0.00040182596421800554, 0.00014044277486391366, 6.913246761541814e-05, 5.479485116666183e-05, 7.197551167337224e-05, 0.0001231559581356123, 7.627018931088969e-05, 3.07689952023793e-05, 2.276570194226224e-05, 1.887828329927288e-05, 1.6004642020561732e-05, 1.5386171071440913e-05, 1.0181057405134197e-05, 5.349028924683807e-06, 1.161188083642628e-05, 1.6754931493778713e-05, 6.147333806438837e-06, 2.259555913042277e-06, 1.6911898228499922e-06, 1.7312144109382643e-06, 1.6041293520174804e-06, 1.4219049262464978e-06, 1.267455786546634e-06, 1.3863594858776196e-06, 1.3966965752842952e-06, 1.4618993873227737e-06, 1.5018282510936842e-06, 1.7470163129473804e-06, 1.228347969117749e-06, 6.560951533174375e-07], "lowlevel.melbands.stdev": [0.0011179852299392223, 0.001181830302812159, 0.0007949511636979878, 0.0018855651142075658, 0.0015398256946355104, 0.0013399592135101557, 0.0009582219645380974, 0.0005554702947847545, 0.0004864805086981505, 0.000317812169669196, 0.0008963728323578835, 0.00035932016908191144, 0.00026341804186813533, 0.00017848992138169706, 0.00018575247668195516, 0.0002740884374361485, 0.00014965010632295161, 7.76319284341298e-05, 8.605483162682503e-05, 5.266808875603601e-05, 3.702229878399521e-05, 2.8389311410137452e-05, 1.8352007828070782e-05, 1.0039292646979447e-05, 2.8265374567126855e-05, 3.6834444472333416e-05, 1.3017453966313042e-05, 6.0502279666252434e-06, 5.350325409381185e-06, 4.572558736981591e-06, 4.8785718718136195e-06, 3.8068872072472004e-06, 3.2319346701115137e-06, 3.550425844878191e-06, 4.105830157641321e-06, 4.450966571312165e-06, 4.818497927772114e-06, 7.085651759553002e-06, 4.793196694663493e-06, 1.8529290173319168e-06], "lowlevel.melbands128.mean": [1.4925284631317481e-05, 0.000186620993190445, 0.0008505486184731126, 0.0009635258466005325, 0.0004551882157102227, 0.00018821250705514103, 0.0002414699993096292, 0.00045085398596711457, 0.000612525618635118, 0.0006757131777703762, 0.001034132787026465, 0.0012344045098870993, 0.001280772965401411, 0.0012655716855078936, 0.0011169305071234703, 0.0011509732576087117, 0.0008481608820147812, 0.00026333393179811537, 0.00014417353668250144, 0.00011914037895621732, 0.00015669377171434462, 0.0001986470742849633, 0.0002645963686518371, 0.00015093764523044229, 0.00010980673687299713, 0.0001403454807586968, 0.000322065781801939, 0.0006100216414779425, 0.0002899368409998715, 0.00012643358786590397, 0.00011286415247013792, 0.00010227456368738785, 5.565427272813395e-05, 6.716424104524776e-05, 2.6164527298533358e-05, 6.682230741716921e-05, 7.399050809908658e-05, 5.414804763859138e-05, 5.5134602007456124e-05, 0.00017937256779987365, 0.00013247343304101378, 6.625075911870226e-05, 7.921654469100758e-05, 8.819619688438252e-05, 3.251852103858255e-05, 2.2786880435887724e-05, 2.4203585780924186e-05, 2.4983501134556718e-05, 2.163342469430063e-05, 1.5756582797621377e-05, 1.9092232832917944e-05, 2.2460351829067804e-05, 1.5017198165878654e-05, 1.4443866348301526e-05, 1.4965883565309923e-05, 1.700277061900124e-05, 1.5080691809998825e-05, 9.62869125942234e-06, 1.0897927495534532e-05, 5.641642474074615e-06, 3.864222435367992e-06, 4.506915502133779e-06, 1.1515057849464938e-05, 1.1540977538970765e-05, 1.5814674043213017e-05, 2.0681913156295195e-05, 1.6089734344859608e-05, 6.576403393410146e-06, 4.833630100620212e-06, 3.5459963783068815e-06, 1.9251253888796782e-06, 1.8618550257087918e-06, 1.74916942796699e-06, 1.5253488072630716e-06, 1.8258446061736322e-06, 1.7931462252818164e-06, 1.7172433217638172e-06, 1.5199879044303088e-06, 1.5831932387300185e-06, 1.704227088339394e-06, 1.4939344055164838e-06, 1.3495614439307246e-06, 1.1437005014158785e-06, 1.327321228927758e-06, 1.2578632322401972e-06, 1.323449396295473e-06, 1.4641378811575123e-06, 1.464128217776306e-06, 1.358807026008435e-06, 1.310297079726297e-06, 1.6011351817724062e-06, 1.4638976608694065e-06, 1.3321600818017032e-06, 1.4845168152533006e-06, 1.5443639540535514e-06, 1.7858187675301451e-06, 1.792936132005707e-06, 1.7981211613005144e-06, 1.264653064936283e-06, 9.240953886546777e-07, 7.961318146954e-07, 6.28560258064681e-07, 4.829960289498558e-07, 3.60117667241866e-07, 2.2566747759356076e-07, 2.0178561044303933e-07, 2.0751224383275257e-07, 1.712061816760979e-07, 1.1953274281495396e-07, 9.603367345789593e-08, 6.668264518339129e-08, 4.4384918851392285e-08, 3.597027742330283e-08, 2.34096599882605e-08, 1.4334658793302424e-08, 7.052038952792827e-09, 2.1244255243857424e-09, 1.26529814403753e-10, 4.1325653836465914e-12, 3.9743729141061834e-12, 3.896647327722436e-12, 3.705211918531015e-12, 3.608891831208272e-12, 3.541009282667651e-12, 3.447257670291526e-12, 3.3255644332069734e-12, 3.254344710379442e-12, 3.2302691337776634e-12], "lowlevel.melbands128.stdev": [7.432758138747886e-05, 0.0006295760395005345, 0.0018171860137954354, 0.0020906091667711735, 0.0013964965473860502, 0.0007775744888931513, 0.0008255356224253774, 0.0011222709435969591, 0.0014256956055760384, 0.00221628719009459, 0.0030739104840904474, 0.0027070266660302877, 0.001890524523332715, 0.0019006382208317518, 0.0018622648203745484, 0.0020533341448754072, 0.0018262143712490797, 0.000999164185486734, 0.0008568125776946545, 0.0007076673791743815, 0.000766238197684288, 0.0006608927506022155, 0.0007508169510401785, 0.00042309387936256826, 0.00044423076906241477, 0.00040665463893674314, 0.0008801775402389467, 0.0015735127963125706, 0.0010578633518889546, 0.0004259117995388806, 0.0005109396879561245, 0.0005416820640675724, 0.0002878738159779459, 0.0003910019004251808, 0.00018534556147642434, 0.0002860714157577604, 0.00027401416446082294, 0.0002415986527921632, 0.00026906910352408886, 0.0004901118227280676, 0.0003807049652095884, 0.00025595727493055165, 0.00019926720415242016, 0.0002112398942699656, 0.00015731246094219387, 8.205131598515436e-05, 9.96447924990207e-05, 0.00015238016203511506, 9.422194125363603e-05, 5.897418668610044e-05, 6.747122097294778e-05, 7.346535858232528e-05, 4.902491855318658e-05, 3.779191683861427e-05, 3.772928539547138e-05, 4.124012411921285e-05, 3.869975989800878e-05, 2.0496627257671207e-05, 2.5924113288056105e-05, 1.545451959827915e-05, 8.500314834236633e-06, 1.1926618753932416e-05, 3.5503839171724394e-05, 3.436800398048945e-05, 4.592278128257021e-05, 5.687847806257196e-05, 3.791400740738027e-05, 1.5041297956486233e-05, 1.3685546946362592e-05, 1.125479320762679e-05, 5.685224550688872e-06, 5.543633960769512e-06, 7.670738341403194e-06, 4.980529411113821e-06, 5.690111265721498e-06, 4.830503257835517e-06, 4.9490895435155835e-06, 4.781782536156243e-06, 5.631093245028751e-06, 5.5657606026215944e-06, 4.365472705103457e-06, 4.114654075237922e-06, 3.066255430894671e-06, 3.7489733131224057e-06, 3.437077111811959e-06, 3.445100219323649e-06, 4.326670477894368e-06, 4.285013346816413e-06, 4.596428425429622e-06, 4.122038717468968e-06, 5.208316451899009e-06, 4.654110853152815e-06, 4.7142775656539015e-06, 5.079139100416796e-06, 5.261798833089415e-06, 7.2130878834286705e-06, 7.720531357335858e-06, 8.025859642657451e-06, 5.579091521212831e-06, 3.29723638969881e-06, 2.4767771265032934e-06, 1.8013155340668163e-06, 1.3252506505523343e-06, 9.683856205811026e-07, 5.848547743880772e-07, 4.850940626965894e-07, 4.900829821963271e-07, 4.0495115172234364e-07, 3.096824059412029e-07, 2.7653860001919384e-07, 2.3762039802477375e-07, 1.3086572892007098e-07, 1.082358949133777e-07, 7.789444111949706e-08, 5.199130725941359e-08, 3.331903641878853e-08, 1.2403870819355234e-08, 1.0401052241704178e-09, 9.023909224026294e-12, 7.613644090187499e-12, 8.108628352099245e-12, 5.657236398087795e-12, 5.3908505263933204e-12, 5.29572783194987e-12, 5.218856596878041e-12, 5.1580120383198924e-12, 5.112480751245929e-12, 5.084688746437305e-12], "lowlevel.mfcc.mean": [-706.7138061523438, 138.08935546875, -3.2311248779296875, -4.68248987197876, 2.600114345550537, -18.923044204711914, -13.72147274017334, -14.505033493041992, -24.362682342529297, -6.909849643707275, -8.493683815002441, -11.905977249145508, -10.098018646240234], "lowlevel.spectral_contrast_coeffs.mean": [-0.5458937287330627, -0.646534264087677, -0.7083864212036133, -0.7495223879814148, -0.7544928193092346, -0.8095541000366211], "lowlevel.spectral_contrast_coeffs.stdev": [0.12672750651836395, 0.08548863232135773, 0.08586284518241882, 0.06698030978441238, 0.0713072121143341, 0.05187100172042847], "lowlevel.spectral_contrast_valleys.mean": [-8.193839073181152, -7.3706231117248535, -8.150717735290527, -8.320942878723145, -8.684309005737305, -10.995388984680176], "lowlevel.spectral_contrast_valleys.stdev": [1.2003463506698608, 0.8305673599243164, 0.9986231327056885, 1.1488381624221802, 1.634264349937439, 1.7713110446929932], "rhythm.beats_loudness_band_ratio.mean": [0.11355358362197876, 0.5022236108779907, 0.25368016958236694, 0.13112229108810425, 0.05280265584588051, 0.04123389720916748], "rhythm.beats_loudness_band_ratio.stdev": [0.14559529721736908, 0.23741939663887024, 0.1837979108095169, 0.13391812145709991, 0.06404345482587814, 0.06582846492528915], "tonal.hpcp.mean": [0.04397547245025635, 0.03429798409342766, 0.04133521020412445, 0.055293969810009, 0.04170764982700348, 0.03079301305115223, 0.024969669058918953, 0.020164338871836662, 0.13909046351909637, 0.2065255045890808, 0.08884935826063156, 0.01986207254230976, 0.020267918705940247, 0.025349406525492668, 0.10969138890504837, 0.2198479324579239, 0.1466882824897766, 0.1207328736782074, 0.24166612327098846, 0.15768243372440338, 0.0298942681401968, 0.026016855612397194, 0.04448297247290611, 0.18811199069023132, 0.31562602519989014, 0.19088849425315857, 0.05223795399069786, 0.040993161499500275, 0.05088953301310539, 0.20124921202659607, 0.2907174229621887, 0.14523684978485107, 0.06627913564443588, 0.07553955912590027, 0.04757269099354744, 0.03735571727156639], "tonal.hpcp.stdev": [0.11730355024337769, 0.12055043876171112, 0.15128858387470245, 0.19114936888217926, 0.14393864572048187, 0.11714478582143784, 0.10153090953826904, 0.08385588973760605, 0.23845577239990234, 0.33487993478775024, 0.15036450326442719, 0.08328089118003845, 0.09181680530309677, 0.10526818037033081, 0.1984158456325531, 0.3513670563697815, 0.25697222352027893, 0.18557661771774292, 0.3581167459487915, 0.24237331748008728, 0.1128365769982338, 0.10114292800426483, 0.12036558985710144, 0.23492850363254547, 0.3802453279495239, 0.2597673237323761, 0.15267741680145264, 0.137400284409523, 0.1516091227531433, 0.29248297214508057, 0.39138564467430115, 0.22327366471290588, 0.17007386684417725, 0.21439129114151, 0.13488470017910004, 0.10307721793651581], "rhythm.beats_position": [0.5340589284896851, 1.1029478311538696, 1.6718367338180542, 2.240725517272949, 2.809614419937134, 3.390113353729248, 3.9706122875213623, 4.458230972290039, 4.922630310058594, 5.39863920211792, 5.874648571014404, 6.36226749420166, 6.861496448516846, 7.349115371704102, 7.825124740600586, 8.30113410949707, 8.777142524719238, 9.334421157836914, 9.891700744628906, 10.448979377746582, 10.994647979736328, 11.54031753540039, 12.097596168518066, 12.654874801635742, 13.212154388427734, 13.76943302154541, 14.338321685791016, 14.860771179199219, 15.383219718933105, 15.905668258666992, 16.393287658691406, 16.89251708984375, 17.380136489868164, 17.856143951416016, 18.3321533203125, 18.808162689208984, 19.2957820892334, 19.795011520385742, 20.294239044189453, 20.793468475341797, 21.26947784423828, 21.757097244262695, 22.22149658203125, 22.80199432373047, 23.38249397277832, 23.962993621826172, 24.55510139465332, 25.123991012573242, 25.6812686920166, 26.250158309936523, 26.819047927856445, 27.376325607299805, 27.956825256347656, 28.537322998046875, 29.106212615966797, 29.67510223388672, 30.243989944458008, 30.81287956237793, 31.38176727294922, 31.95065689086914, 32.53115463256836, 33.111656188964844, 33.6805419921875, 34.24943161010742, 34.818321228027344, 35.387210845947266, 35.967708587646484, 36.536598205566406, 37.10548782348633, 37.67437744140625, 38.243263244628906, 38.82376480102539, 39.40426254272461], "rhythm.bpm_histogram": [0.0, 0.0, 0.0, 0.0, 0.0, 0.0, 0.0, 0.0, 0.0, 0.0, 0.0, 0.0, 0.0, 0.0, 0.0, 0.0, 0.0, 0.0, 0.0, 0.0, 0.0, 0.0, 0.0, 0.0, 0.0, 0.0, 0.0, 0.0, 0.0, 0.0, 0.0, 0.0, 0.0, 0.0, 0.0, 0.0, 0.0, 0.0, 0.0, 0.0, 0.0, 0.0, 0.0, 0.0, 0.0, 0.0, 0.0, 0.0, 0.0, 0.0, 0.0, 0.0, 0.0, 0.0, 0.0, 0.0, 0.0, 0.0, 0.0, 0.0, 0.0, 0.0, 0.0, 0.0, 0.0, 0.0, 0.0, 0.0, 0.0, 0.0, 0.0, 0.0, 0.0, 0.0, 0.0, 0.0, 0.0, 0.0, 0.0, 0.0, 0.0, 0.0, 0.0, 0.0, 0.0, 0.0, 0.0, 0.0, 0.0, 0.0, 0.0, 0.0, 0.0, 0.0, 0.0, 0.0, 0.0, 0.0, 0.0, 0.0, 0.0, 0.013888888992369175, 0.0, 0.1666666716337204, 0.0, 0.3055555522441864, 0.0, 0.0, 0.125, 0.0, 0.02777777798473835, 0.0, 0.0, 0.0, 0.0, 0.0416666679084301, 0.0, 0.0, 0.0, 0.0, 0.0694444477558136, 0.0, 0.0, 0.0972222238779068, 0.0, 0.0, 0.125, 0.0, 0.0, 0.02777777798473835, 0.0, 0.0, 0.0, 0.0, 0.0, 0.0, 0.0, 0.0, 0.0, 0.0, 0.0, 0.0, 0.0, 0.0, 0.0, 0.0, 0.0, 0.0, 0.0, 0.0, 0.0, 0.0, 0.0, 0.0, 0.0, 0.0, 0.0, 0.0, 0.0, 0.0, 0.0, 0.0, 0.0, 0.0, 0.0, 0.0, 0.0, 0.0, 0.0, 0.0, 0.0, 0.0, 0.0, 0.0, 0.0, 0.0, 0.0, 0.0, 0.0, 0.0, 0.0, 0.0, 0.0, 0.0, 0.0, 0.0, 0.0, 0.0, 0.0, 0.0, 0.0, 0.0, 0.0, 0.0, 0.0, 0.0, 0.0, 0.0, 0.0, 0.0, 0.0, 0.0, 0.0, 0.0, 0.0, 0.0, 0.0, 0.0, 0.0, 0.0, 0.0, 0.0, 0.0, 0.0, 0.0, 0.0, 0.0, 0.0, 0.0, 0.0, 0.0, 0.0, 0.0, 0.0, 0.0, 0.0, 0.0, 0.0, 0.0, 0.0, 0.0, 0.0, 0.0, 0.0, 0.0, 0.0, 0.0, 0.0, 0.0, 0.0, 0.0, 0.0, 0.0, 0.0, 0.0, 0.0, 0.0, 0.0, 0.0, 0.0], "tonal.chords_histogram": [53.935184478759766, 3.0092592239379883, 3.7037036418914795, 7.870370388031006, 19.328702926635742, 0.23148147761821747, 0.0, 0.46296295523643494, 0.0, 6.134259223937988, 0.0, 0.0, 0.0, 0.0, 0.0, 0.0, 0.0, 0.0, 0.0, 0.0, 0.0, 0.0, 5.3240742683410645, 0.0], "tonal.thpcp": [1.0, 0.6047932505607605, 0.16550585627555847, 0.1298789083957672, 0.16123363375663757, 0.6376191973686218, 0.9210819005966187, 0.46015486121177673, 0.20999261736869812, 0.23933248221874237, 0.1507248729467392, 0.11835436522960663, 0.1393277794122696, 0.10866652429103851, 0.13096261024475098, 0.17518824338912964, 0.13214261829853058, 0.09756170213222504, 0.07911156862974167, 0.06388680636882782, 0.44068121910095215, 0.6543360948562622, 0.28150200843811035, 0.06292913109064102, 0.06421498209238052, 0.08031468838453293, 0.3475359380245209, 0.6965456604957581, 0.4647534489631653, 0.3825187385082245, 0.7656723856925964, 0.499586284160614, 0.0947142019867897, 0.08242937177419662, 0.14093568921089172, 0.5959964394569397], "lowlevel.gfcc.cov": [[11503.0908203125, -4380.94384765625, -128.50946044921875, 3379.766845703125, -859.2086181640625, 1719.0382080078125, 267.18341064453125, 1536.9337158203125, -581.621826171875, 374.9801025390625, -200.2843475341797, 288.5885925292969, -242.1848602294922], [-4380.94384765625, 3684.79541015625, -273.7492370605469, -1876.9530029296875, 1305.5806884765625, -685.5437622070312, 382.00421142578125, -420.1719665527344, 428.78582763671875, -288.0675048828125, 253.96694946289062, -129.20785522460938, 111.5411148071289], [-128.50946044921875, -273.7492370605469, 928.9451293945312, 443.5143127441406, -176.9813232421875, 359.03973388671875, 131.57090759277344, -78.18661499023438, 38.726444244384766, 90.58204650878906, -169.65431213378906, 164.51976013183594, 45.49250793457031], [3379.766845703125, -1876.9530029296875, 443.5143127441406, 1853.336669921875, -439.4882507324219, 637.2619018554688, 19.09495735168457, 443.09869384765625, -97.88003540039062, 170.30218505859375, -203.96595764160156, 131.63809204101562, 7.2551422119140625], [-859.2086181640625, 1305.5806884765625, -176.9813232421875, -439.4882507324219, 910.8607177734375, -47.86031723022461, 292.61260986328125, 109.47190856933594, 196.7181854248047, 17.69449806213379, 93.86253356933594, 21.317346572875977, 54.346717834472656], [1719.0382080078125, -685.5437622070312, 359.03973388671875, 637.2619018554688, -47.86031723022461, 791.38671875, 380.4074401855469, 323.0181579589844, -26.0877628326416, 219.69241333007812, -35.38051986694336, 213.06349182128906, 34.431488037109375], [267.18341064453125, 382.00421142578125, 131.57090759277344, 19.09495735168457, 292.61260986328125, 380.4074401855469, 613.1209716796875, 214.53919982910156, 74.88047790527344, 130.41812133789062, 55.83159255981445, 213.4311981201172, 62.69935989379883], [1536.9337158203125, -420.1719665527344, -78.18661499023438, 443.09869384765625, 109.47190856933594, 323.0181579589844, 214.53919982910156, 481.270263671875, -13.009746551513672, 87.84716796875, 23.390287399291992, 82.60337829589844, 8.313347816467285], [-581.621826171875, 428.78582763671875, 38.726444244384766, -97.88003540039062, 196.7181854248047, -26.0877628326416, 74.88047790527344, -13.009746551513672, 240.22882080078125, 90.1677474975586, 28.542726516723633, 54.04888916015625, 72.66753387451172], [374.9801025390625, -288.0675048828125, 90.58204650878906, 170.30218505859375, 17.69449806213379, 219.69241333007812, 130.41812133789062, 87.84716796875, 90.1677474975586, 293.4186706542969, 28.150867462158203, 125.52864074707031, 23.48807716369629], [-200.2843475341797, 253.96694946289062, -169.65431213378906, -203.96595764160156, 93.86253356933594, -35.38051986694336, 55.83159255981445, 23.390287399291992, 28.542726516723633, 28.150867462158203, 160.86831665039062, 13.045544624328613, 13.700549125671387], [288.5885925292969, -129.20785522460938, 164.51976013183594, 131.63809204101562, 21.317346572875977, 213.06349182128906, 213.4311981201172, 82.60337829589844, 54.04888916015625, 125.52864074707031, 13.045544624328613, 231.45314025878906, 65.69043731689453], [-242.1848602294922, 111.5411148071289, 45.49250793457031, 7.2551422119140625, 54.346717834472656, 34.431488037109375, 62.69935989379883, 8.313347816467285, 72.66753387451172, 23.48807716369629, 13.700549125671387, 65.69043731689453, 130.7279510498047]], "lowlevel.gfcc.icov": [[0.0005061186966486275, -0.00024144035705830902, 0.0006848879274912179, -0.000718202325515449, 0.00031513941939920187, -0.0007030505803413689, 0.0004089635331183672, -0.0007040440104901791, 0.0006829773192293942, -0.0001620022376300767, 0.0003383609000593424, -0.000669111788738519, 0.0007981695234775543], [-0.00024144035705830902, 0.004412231035530567, -0.001663412433117628, 0.00215272419154644, -0.0037601194344460964, 0.0015179719775915146, -0.0034369700588285923, 0.0024748907890170813, -0.00462492648512125, 0.004226774908602238, -0.003054593689739704, 0.003060131799429655, -0.0005043084383942187], [0.0006848879274912179, -0.001663412433117628, 0.0036118077114224434, -0.001838537398725748, 0.0016734787495806813, -0.0023810439743101597, 0.0013678653631359339, -0.00020940495596732944, 0.001528178108856082, -0.0011145187309011817, 0.0030531235970556736, -0.0027243217919021845, 0.0012216957984492183], [-0.000718202325515449, 0.00215272419154644, -0.001838537398725748, 0.0031309807673096657, -0.0015237967018038034, 0.0009436167892999947, -0.0013478869805112481, 0.0006120030302554369, -0.002815029351040721, 0.0017343577928841114, -0.0006369940238073468, 0.002079099416732788, -0.0014335818123072386], [0.00031513941939920187, -0.0037601194344460964, 0.0016734787495806813, -0.0015237967018038034, 0.005270065274089575, -0.0012222541263327003, 0.0019755635876208544, -0.0029909340664744377, 0.002563882153481245, -0.0033448159229010344, 0.0028136326000094414, -0.0020348462276160717, 0.0005714143626391888], [-0.0007030505803413689, 0.0015179719775915146, -0.0023810439743101597, 0.0009436167892999947, -0.0012222541263327003, 0.005365604534745216, -0.003138952190056443, 0.00023005457478575408, -0.0007204858120530844, -0.0002834074548445642, -0.0014708839589729905, 0.0016902652569115162, -0.0014794319868087769], [0.0004089635331183672, -0.0034369700588285923, 0.0013678653631359339, -0.0013478869805112481, 0.0019755635876208544, -0.003138952190056443, 0.0070032039657235146, -0.0029423756059259176, 0.003734406316652894, -0.002781197428703308, 0.0019823582842946053, -0.005060065072029829, 0.0008814570610411465], [-0.0007040440104901791, 0.0024748907890170813, -0.00020940495596732944, 0.0006120030302554369, -0.0029909340664744377, 0.00023005457478575408, -0.0029423756059259176, 0.0069578890688717365, -0.0029787165112793446, 0.0026383015792816877, -0.002450451487675309, 0.0019784942269325256, -0.0007811252726241946], [0.0006829773192293942, -0.00462492648512125, 0.001528178108856082, -0.002815029351040721, 0.002563882153481245, -0.0007204858120530844, 0.003734406316652894, -0.0029787165112793446, 0.012944956310093403, -0.0072190952487289906, 0.003109216457232833, -0.0035662082955241203, -0.0020743960049003363], [-0.0001620022376300767, 0.004226774908602238, -0.0011145187309011817, 0.0017343577928841114, -0.0033448159229010344, -0.0002834074548445642, -0.002781197428703308, 0.0026383015792816877, -0.0072190952487289906, 0.010228650644421577, -0.0040476094000041485, 0.0005450071766972542, 0.0013417552690953016], [0.0003383609000593424, -0.003054593689739704, 0.0030531235970556736, -0.0006369940238073468, 0.0028136326000094414, -0.0014708839589729905, 0.0019823582842946053, -0.002450451487675309, 0.003109216457232833, -0.0040476094000041485, 0.0119839021936059, -0.0029599072877317667, -0.0001408969983458519], [-0.000669111788738519, 0.003060131799429655, -0.0027243217919021845, 0.002079099416732788, -0.0020348462276160717, 0.0016902652569115162, -0.005060065072029829, 0.0019784942269325256, -0.0035662082955241203, 0.0005450071766972542, -0.0029599072877317667, 0.012105913832783699, -0.004204666707664728], [0.0007981695234775543, -0.0005043084383942187, 0.0012216957984492183, -0.0014335818123072386, 0.0005714143626391888, -0.0014794319868087769, 0.0008814570610411465, -0.0007811252726241946, -0.0020743960049003363, 0.0013417552690953016, -0.0001408969983458519, -0.004204666707664728, 0.012031495571136475]], "lowlevel.mfcc.cov": [[10849.8369140625, -3996.63623046875, -45.40141677856445, 1520.6876220703125, 207.9034423828125, 138.73419189453125, 1131.267578125, 942.6107177734375, 337.5582580566406, 461.1604309082031, 246.87322998046875, 177.5306396484375, 205.17347717285156], [-3996.63623046875, 3816.19287109375, -981.7578735351562, -887.7314453125, 224.4293670654297, -168.581298828125, -92.2557601928711, -5.415207386016846, -74.38243865966797, -46.34248733520508, 129.61318969726562, 0.03240995109081268, -36.20458221435547], [-45.40141677856445, -981.7578735351562, 1233.18994140625, 220.7952880859375, -230.83937072753906, 448.6168518066406, -45.884307861328125, -5.643733501434326, 162.26284790039062, -118.96163940429688, -63.15195083618164, 23.64993667602539, -11.541643142700195], [1520.6876220703125, -887.7314453125, 220.7952880859375, 735.9268798828125, 148.8433837890625, 130.60861206054688, 85.20800018310547, 164.3597412109375, 179.27117919921875, 82.03487396240234, 10.749911308288574, 10.043892860412598, 41.81300354003906], [207.9034423828125, 224.4293670654297, -230.83937072753906, 148.8433837890625, 416.8962097167969, -43.5567626953125, 11.296276092529297, 48.542137145996094, 62.6790885925293, 102.7410888671875, 2.384490728378296, -22.97321128845215, 27.195573806762695], [138.73419189453125, -168.581298828125, 448.6168518066406, 130.60861206054688, -43.5567626953125, 585.3776245117188, 198.4981689453125, 140.08216857910156, 281.75201416015625, -5.2636590003967285, 154.3846893310547, 137.38717651367188, -11.816126823425293], [1131.267578125, -92.2557601928711, -45.884307861328125, 85.20800018310547, 11.296276092529297, 198.4981689453125, 556.20556640625, 330.5434875488281, 178.0763397216797, 101.18391418457031, 177.10479736328125, 120.72611236572266, 1.0993638038635254], [942.6107177734375, -5.415207386016846, -5.643733501434326, 164.3597412109375, 48.542137145996094, 140.08216857910156, 330.5434875488281, 395.9605407714844, 192.9605255126953, 57.98551940917969, 130.85562133789062, 67.60592651367188, 17.73578453063965], [337.5582580566406, -74.38243865966797, 162.26284790039062, 179.27117919921875, 62.6790885925293, 281.75201416015625, 178.0763397216797, 192.9605255126953, 341.4742736816406, 68.58440399169922, 131.6409912109375, 102.1052474975586, 10.042099952697754], [461.1604309082031, -46.34248733520508, -118.96163940429688, 82.03487396240234, 102.7410888671875, -5.2636590003967285, 101.18391418457031, 57.98551940917969, 68.58440399169922, 160.65158081054688, 65.79044342041016, 41.28200149536133, 24.491859436035156], [246.87322998046875, 129.61318969726562, -63.15195083618164, 10.749911308288574, 2.384490728378296, 154.3846893310547, 177.10479736328125, 130.85562133789062, 131.6409912109375, 65.79044342041016, 220.3102569580078, 116.31050109863281, 9.483320236206055], [177.5306396484375, 0.03240995109081268, 23.64993667602539, 10.043892860412598, -22.97321128845215, 137.38717651367188, 120.72611236572266, 67.60592651367188, 102.1052474975586, 41.28200149536133, 116.31050109863281, 175.6555633544922, 58.939903259277344], [205.17347717285156, -36.20458221435547, -11.541643142700195, 41.81300354003906, 27.195573806762695, -11.816126823425293, 1.0993638038635254, 17.73578453063965, 10.042099952697754, 24.491859436035156, 9.483320236206055, 58.939903259277344, 152.6759796142578]], "lowlevel.mfcc.icov": [[0.00035341756301932037, 0.00040022574830800295, 0.000306181435007602, -0.0001777746801963076, -4.9784874136094004e-05, -9.710823360364884e-05, -0.0002648013469297439, -0.0005945904413238168, 0.00029719070880673826, -0.0002701842749956995, -3.195832687197253e-05, 8.542544674128294e-05, -0.00024306803243234754], [0.00040022574830800295, 0.0010124491527676582, 0.0007335364352911711, 0.0005258872406557202, -0.0004504892276600003, -0.00035546740400604904, 6.700000812998042e-05, -0.0010524437529966235, 0.00016940422938205302, 5.293867798172869e-05, -0.000238529741181992, 0.00018877937691286206, -0.00028951591229997575], [0.000306181435007602, 0.0007335364352911711, 0.002321904990822077, -0.00011027848086087033, 0.0006742358091287315, -0.0018389500910416245, 0.0003546439984347671, -0.000767233781516552, -0.0001450774580007419, 0.00021663508960045874, 0.0012078307336196303, 0.00034361268626526, -0.0004405198560561985], [-0.0001777746801963076, 0.0005258872406557202, -0.00011027848086087033, 0.0030154255218803883, -0.0010365181369706988, -0.0002695833391044289, 0.0008429723093286157, -0.0009705694392323494, -0.0008563367882743478, -0.0002645558270160109, 0.00019324103777762502, 0.0004153003974352032, -0.0002736757160164416], [-4.9784874136094004e-05, -0.0004504892276600003, 0.0006742358091287315, -0.0010365181369706988, 0.004054130986332893, -0.0004461458302102983, 0.00029835617169737816, 0.00011374922178220004, -0.0006963593186810613, -0.002108016051352024, 0.0010427110828459263, 0.0010476933093741536, -0.0005623821052722633], [-9.710823360364884e-05, -0.00035546740400604904, -0.0018389500910416245, -0.0002695833391044289, -0.0004461458302102983, 0.0052987998351454735, -0.0012380387634038925, 0.001391151687130332, -0.0025914290454238653, 0.0018596601439639926, -0.0020462474785745144, -0.0013880518963560462, 0.0008529708138667047], [-0.0002648013469297439, 6.700000812998042e-05, 0.0003546439984347671, 0.0008429723093286157, 0.00029835617169737816, -0.0012380387634038925, 0.005182164255529642, -0.0034849168732762337, 0.0006541715702041984, -0.0016739980783313513, -0.00017169542843475938, -0.0012905389303341508, 0.0011206235503777862], [-0.0005945904413238168, -0.0010524437529966235, -0.000767233781516552, -0.0009705694392323494, 0.00011374922178220004, 0.001391151687130332, -0.0034849168732762337, 0.00813068263232708, -0.0029777158051729202, 0.0021815267391502857, -0.0014482197584584355, 0.0013513326412066817, -0.0006605539820156991], [0.00029719070880673826, 0.00016940422938205302, -0.0001450774580007419, -0.0008563367882743478, -0.0006963593186810613, -0.0025914290454238653, 0.0006541715702041984, -0.0029777158051729202, 0.007928146049380302, -0.002269807970151305, -0.0007191056502051651, -0.0013831967953592539, 0.0005503217107616365], [-0.0002701842749956995, 5.293867798172869e-05, 0.00021663508960045874, -0.0002645558270160109, -0.002108016051352024, 0.0018596601439639926, -0.0016739980783313513, 0.0021815267391502857, -0.002269807970151305, 0.011230227537453175, -0.0025207262951