{"song_id": "1183651770438791230", "download": "https://cdn.discordapp.com/attachments/1135903449314238464/1183651770438791230/chirp.mp4?ex=65891c9d&amp", "lyrics": "(Verse 1)\n\"I'm on the subway now,\" \u6211\u73b0\u5728\u5750\u5730\u94c1\uff0c\nLearning English on the go, \u4e00\u8fb9\u8d70\u4e00\u8fb9\u5b66\u3002\n\"I'm watching a movie,\" \u6b63\u770b\u7740\u7535\u5f71\uff0c\n\"I'm eating dinner,\" \u6b63\u5403\u665a\u996d\uff0c\nEvery word, a new window. \u6bcf\u4e2a\u8bcd\u90fd\u662f\u65b0\u5929\u5730\u3002", "style": ["Country</span><span>, Easy Listening</span><span>, boy </span><span>, chinese"], "essentia_features": {"lowlevel.average_loudness": 0.7397128343582153, "lowlevel.barkbands_crest.mean": 13.00175666809082, "lowlevel.barkbands_crest.stdev": 5.936723232269287, "lowlevel.barkbands_flatness_db.mean": 0.21721529960632324, "lowlevel.barkbands_flatness_db.stdev": 0.11706696450710297, "lowlevel.barkbands_kurtosis.mean": 24.65666961669922, "lowlevel.barkbands_kurtosis.stdev": 69.1771469116211, "lowlevel.barkbands_skewness.mean": 2.37941575050354, "lowlevel.barkbands_skewness.stdev": 3.394076347351074, "lowlevel.barkbands_spread.mean": 22.05392837524414, "lowlevel.barkbands_spread.stdev": 24.587482452392578, "lowlevel.dissonance.mean": 0.4513157308101654, "lowlevel.dissonance.stdev": 0.047596611082553864, "lowlevel.dynamic_complexity": 12.596537590026855, "lowlevel.erbbands_crest.mean": 11.224968910217285, "lowlevel.erbbands_crest.stdev": 6.327484607696533, "lowlevel.erbbands_flatness_db.mean": 0.2018817812204361, "lowlevel.erbbands_flatness_db.stdev": 0.12226714938879013, "lowlevel.erbbands_kurtosis.mean": 5.275247097015381, "lowlevel.erbbands_kurtosis.stdev": 24.80829620361328, "lowlevel.erbbands_skewness.mean": 0.6950902938842773, "lowlevel.erbbands_skewness.stdev": 1.760583519935608, "lowlevel.erbbands_spread.mean": 39.94270706176758, "lowlevel.erbbands_spread.stdev": 27.853534698486328, "lowlevel.hfc.mean": 17.290433883666992, "lowlevel.hfc.stdev": 39.675758361816406, "lowlevel.loudness_ebu128.integrated": -21.941448211669922, "lowlevel.loudness_ebu128.loudness_range": 12.143779754638672, "lowlevel.loudness_ebu128.momentary.mean": -30.937240600585938, "lowlevel.loudness_ebu128.momentary.stdev": 18.338308334350586, "lowlevel.loudness_ebu128.short_term.mean": -24.856361389160156, "lowlevel.loudness_ebu128.short_term.stdev": 6.229061126708984, "lowlevel.melbands_crest.mean": 17.23602294921875, "lowlevel.melbands_crest.stdev": 7.510336875915527, "lowlevel.melbands_flatness_db.mean": 0.256083220243454, "lowlevel.melbands_flatness_db.stdev": 0.125432550907135, "lowlevel.melbands_kurtosis.mean": 47.6080436706543, "lowlevel.melbands_kurtosis.stdev": 88.7052001953125, "lowlevel.melbands_skewness.mean": 3.796076774597168, "lowlevel.melbands_skewness.stdev": 3.741544246673584, "lowlevel.melbands_spread.mean": 27.0738468170166, "lowlevel.melbands_spread.stdev": 39.15396499633789, "lowlevel.pitch_salience.mean": 0.49585428833961487, "lowlevel.pitch_salience.stdev": 0.18333648145198822, "lowlevel.silence_rate_20dB.mean": 1.0, "lowlevel.silence_rate_20dB.stdev": 0.0, "lowlevel.silence_rate_30dB.mean": 0.9680489301681519, "lowlevel.silence_rate_30dB.stdev": 0.1758701652288437, "lowlevel.silence_rate_60dB.mean": 0.3038749098777771, "lowlevel.silence_rate_60dB.stdev": 0.4599335193634033, "lowlevel.spectral_centroid.mean": 1540.0118408203125, "lowlevel.spectral_centroid.stdev": 1403.8743896484375, "lowlevel.spectral_complexity.mean": 7.666893482208252, "lowlevel.spectral_complexity.stdev": 8.6589937210083, "lowlevel.spectral_decrease.mean": -5.68384272980893e-09, "lowlevel.spectral_decrease.stdev": 8.053547162489849e-09, "lowlevel.spectral_energy.mean": 0.023020409047603607, "lowlevel.spectral_energy.stdev": 0.03221483901143074, "lowlevel.spectral_energyband_high.mean": 0.0011022362159565091, "lowlevel.spectral_energyband_high.stdev": 0.003393240040168166, "lowlevel.spectral_energyband_low.mean": 0.009446351788938046, "lowlevel.spectral_energyband_low.stdev": 0.019646376371383667, "lowlevel.spectral_energyband_middle_high.mean": 0.0026833415031433105, "lowlevel.spectral_energyband_middle_high.stdev": 0.009417790919542313, "lowlevel.spectral_energyband_middle_low.mean": 0.011354003101587296, "lowlevel.spectral_energyband_middle_low.stdev": 0.016833916306495667, "lowlevel.spectral_entropy.mean": 7.27902889251709, "lowlevel.spectral_entropy.stdev": 0.9506402015686035, "lowlevel.spectral_flux.mean": 0.05708007887005806, "lowlevel.spectral_flux.stdev": 0.06397709250450134, "lowlevel.spectral_kurtosis.mean": 7.839847087860107, "lowlevel.spectral_kurtosis.stdev": 15.791305541992188, "lowlevel.spectral_rms.mean": 0.0036177330184727907, "lowlevel.spectral_rms.stdev": 0.0030612044502049685, "lowlevel.spectral_rolloff.mean": 2566.608154296875, "lowlevel.spectral_rolloff.stdev": 3287.0244140625, "lowlevel.spectral_skewness.mean": 1.9077470302581787, "lowlevel.spectral_skewness.stdev": 1.2049236297607422, "lowlevel.spectral_spread.mean": 5907224.0, "lowlevel.spectral_spread.stdev": 2670865.5, "lowlevel.spectral_strongpeak.mean": 0.7306855916976929, "lowlevel.spectral_strongpeak.stdev": 1.092430591583252, "lowlevel.zerocrossingrate.mean": 0.09921237826347351, "lowlevel.zerocrossingrate.stdev": 0.09856659173965454, "metadata.audio_properties.analysis.equal_loudness": 0.0, "metadata.audio_properties.analysis.length": 34.111995697021484, "metadata.audio_properties.analysis.sample_rate": 44100.0, "metadata.audio_properties.analysis.start_time": 0.0, "metadata.audio_properties.bit_rate": 119190.0, "metadata.audio_properties.length": 34.11199951171875, "metadata.audio_properties.lossless": 0.0, "metadata.audio_properties.number_channels": 1.0, "metadata.audio_properties.replay_gain": -5.1389007568359375, "metadata.audio_properties.sample_rate": 48000.0, "rhythm.beats_count": 61.0, "rhythm.beats_loudness.mean": 0.042250387370586395, "rhythm.beats_loudness.stdev": 0.045224498957395554, "rhythm.bpm": 94.14797973632812, "rhythm.bpm_histogram_first_peak_bpm": 94.0, "rhythm.bpm_histogram_first_peak_weight": 0.585365891456604, "rhythm.bpm_histogram_second_peak_bpm": 185.0, "rhythm.bpm_histogram_second_peak_spread": 0.0, "rhythm.bpm_histogram_second_peak_weight": 0.13333334028720856, "rhythm.danceability": 1.201793909072876, "rhythm.onset_rate": 3.603515386581421, "tonal.chords_changes_rate": 0.10054347664117813, "tonal.chords_number_rate": 0.023097826167941093, "tonal.chords_strength.mean": 0.4544801712036133, "tonal.chords_strength.stdev": 0.088570736348629, "tonal.hpcp_crest.mean": 14.277669906616211, "tonal.hpcp_crest.stdev": 7.758173942565918, "tonal.hpcp_entropy.mean": 1.8720927238464355, "tonal.hpcp_entropy.stdev": 0.9263628721237183, "tonal.key_edma.strength": 0.7272531986236572, "tonal.key_krumhansl.strength": 0.7254196405410767, "tonal.key_temperley.strength": 0.7213228344917297, "tonal.tuning_diatonic_strength": 0.4081386923789978, "tonal.tuning_equal_tempered_deviation": 0.08828875422477722, "tonal.tuning_frequency": 441.2725830078125, "tonal.tuning_nontempered_energy_ratio": 0.7673837542533875, "lowlevel.barkbands.mean": [1.9525818061083555e-05, 0.0038676969707012177, 0.004042751155793667, 0.0023692490067332983, 0.00626217620447278, 0.0008689127280376852, 0.000534205581061542, 0.0007734085666015744, 0.00042460273834876716, 0.0004298816784285009, 0.00043014113907702267, 0.0002858973457477987, 0.00026126118609681726, 0.00031775038223713636, 0.0003711167082656175, 0.0001726028131088242, 0.00011578463454497978, 0.000114509450213518, 0.00016343951574526727, 0.00015975585847627372, 0.00012575545406434685, 0.0001557385257910937, 0.00020070532627869397, 0.00023888979922048748, 0.00021054585522506386, 0.00010175856004934758, 2.378882527409587e-06], "lowlevel.barkbands.stdev": [5.65939444641117e-05, 0.009674333967268467, 0.010594098828732967, 0.005385930649936199, 0.011852865107357502, 0.001916195498779416, 0.0019093010341748595, 0.004137648269534111, 0.00142002128995955, 0.0022268493194133043, 0.002127712359651923, 0.0013968470739200711, 0.0014883741969242692, 0.0017543144058436155, 0.0015692751621827483, 0.0006502057076431811, 0.0004958226345479488, 0.000393776164855808, 0.0007645167643204331, 0.0006146773230284452, 0.0005410044104792178, 0.0006315962527878582, 0.0006772509077563882, 0.0007692124927416444, 0.0006801321287639439, 0.0003061081515625119, 1.883610457298346e-05], "lowlevel.erbbands.mean": [0.05797095596790314, 1.0860097408294678, 4.281829833984375, 7.440528392791748, 14.137489318847656, 21.950103759765625, 15.519886016845703, 4.182768821716309, 4.939030647277832, 14.355813026428223, 14.607080459594727, 8.596574783325195, 13.315248489379883, 17.08591079711914, 15.05111312866211, 12.422922134399414, 12.274152755737305, 16.039432525634766, 17.86076545715332, 17.015342712402344, 8.129776954650879, 6.325036525726318, 6.210397720336914, 6.314080715179443, 10.390497207641602, 7.305307388305664, 5.709338188171387, 4.530637741088867, 5.342163562774658, 6.057946681976318, 5.732065200805664, 4.154507637023926, 4.572728157043457, 2.7036471366882324, 1.310870885848999, 0.5477542281150818, 0.16983070969581604, 0.020230019465088844, 0.0004676614189520478, 4.6132328861858696e-05], "lowlevel.erbbands.stdev": [0.15677635371685028, 2.645854949951172, 10.87987995147705, 16.074148178100586, 32.06229782104492, 42.58425521850586, 29.30963706970215, 8.254761695861816, 20.551130294799805, 58.21019744873047, 79.51195526123047, 26.6405029296875, 51.27312088012695, 81.29022979736328, 68.11183166503906, 59.0108528137207, 64.9446029663086, 84.93445587158203, 89.11756896972656, 80.56932067871094, 27.346696853637695, 25.680158615112305, 21.222597122192383, 18.99519920349121, 58.266883850097656, 26.599733352661133, 26.827707290649414, 18.918060302734375, 21.438648223876953, 22.215293884277344, 19.96650505065918, 13.303376197814941, 15.39452838897705, 8.889719009399414, 4.443759441375732, 1.7015560865402222, 0.4936370253562927, 0.06591460108757019, 0.0018259609350934625, 8.133651863317937e-05], "lowlevel.gfcc.mean": [-189.29139709472656, 39.04289627075195, -100.24732208251953, 35.731689453125, -57.51318359375, 15.097758293151855, -53.329750061035156, -0.6446418762207031, -34.18074417114258, -4.692536354064941, -21.967653274536133, -6.5891923904418945, -8.043091773986816], "lowlevel.melbands.mean": [0.0008243747288361192, 0.001997347455471754, 0.001399211585521698, 0.0014238435542210937, 0.0006103633786551654, 0.0001035208988469094, 8.391031587962061e-05, 0.00016481944476254284, 0.00010460587509442121, 5.697377855540253e-05, 6.618107727263123e-05, 6.787871097913012e-05, 5.6892255088314414e-05, 3.052650936297141e-05, 3.325241050333716e-05, 2.5360202926094644e-05, 3.0044993764022365e-05, 2.7556458007893525e-05, 2.708052306843456e-05, 1.7069056411855854e-05, 7.854851901356596e-06, 6.416501491912641e-06, 6.006873718433781e-06, 5.548848548642127e-06, 4.870614247920457e-06, 6.206676061992766e-06, 7.96990752860438e-06, 4.130743946006987e-06, 3.666132670332445e-06, 2.9849759357603034e-06, 2.5025733521033544e-06, 2.944788548120414e-06, 3.142319656035397e-06, 3.4751815292111132e-06, 3.4359050005150493e-06, 2.775919938358129e-06, 2.4266462332889205e-06, 3.267432248321711e-06, 2.7801722808362683e-06, 2.15257591662521e-06], "lowlevel.melbands.stdev": [0.002118386561051011, 0.004527181852608919, 0.002603356959298253, 0.00294082541950047, 0.001012756722047925, 0.0002129842177964747, 0.00033700690255500376, 0.0007237815298140049, 0.0005529725458472967, 0.00018367117445450276, 0.0002628844231367111, 0.00034349961788393557, 0.00027869848418049514, 0.00013784359907731414, 0.00016885279910638928, 0.00015820506087038666, 0.00015970866661518812, 0.00015489661018364131, 0.00011937405361095443, 7.824057684047148e-05, 2.7257117835688405e-05, 2.5880279281409457e-05, 2.5565359464962967e-05, 1.873766814242117e-05, 1.5253654964908492e-05, 3.110319084953517e-05, 4.2275016312487423e-05, 1.598734343133401e-05, 1.945484837051481e-05, 1.2584982869157102e-05, 1.1159583664266393e-05, 1.1918543350475375e-05, 1.3231442608230282e-05, 1.2297301509534009e-05, 1.2513930414570495e-05, 9.127501471084543e-06, 7.891312634455971e-06, 1.0963415661535691e-05, 9.482375389779918e-06, 7.282745173142757e-06], "lowlevel.melbands128.mean": [1.5817926396266557e-05, 0.00022276146046351641, 0.0011585872853174806, 0.001976189436390996, 0.002204843796789646, 0.0019433610141277313, 0.0016021905466914177, 0.0009907032363116741, 0.0013746526092290878, 0.0018801060505211353, 0.001148829935118556, 0.0007611996843479574, 0.0005975198582746089, 0.0002316651662113145, 6.328785821096972e-05, 5.2701685490319505e-05, 4.789102968061343e-05, 8.851669554132968e-05, 0.00011851188173750415, 0.00018891353101935238, 0.00016812871035654098, 0.00015562472981400788, 0.00010563422256382182, 4.059439379489049e-05, 4.085086766281165e-05, 5.9153306210646406e-05, 0.00010382599430158734, 5.7523335271980613e-05, 4.1718652937561274e-05, 7.609835301991552e-05, 6.553051207447425e-05, 7.586387800984085e-05, 6.434835813706741e-05, 3.995155930169858e-05, 2.7660358682624064e-05, 2.638733531057369e-05, 3.632971129263751e-05, 3.693481630762108e-05, 3.1724204745842144e-05, 2.0926092474837787e-05, 2.4022032448556274e-05, 2.9800990887451917e-05, 3.35161603288725e-05, 2.8387390557327308e-05, 2.4305807528435253e-05, 2.7799938834505156e-05, 3.08674898406025e-05, 2.787848461593967e-05, 2.5211733372998424e-05, 2.4559878511354327e-05, 1.544574843137525e-05, 1.0434017895022407e-05, 8.893118319974747e-06, 6.077310445107287e-06, 6.9912130129523575e-06, 5.9274248087604064e-06, 6.30223757980275e-06, 7.329687377932714e-06, 5.012042493035551e-06, 5.3928424676996656e-06, 5.540016900340561e-06, 5.748880994360661e-06, 5.694420906365849e-06, 4.381899543659529e-06, 3.884352281602332e-06, 4.8719189180701505e-06, 7.93230537965428e-06, 1.147561488323845e-05, 6.904101155669196e-06, 5.393502306105802e-06, 3.828640728897881e-06, 3.767220050576725e-06, 3.6257176816434367e-06, 3.9616784306417685e-06, 3.2195257517741993e-06, 3.357869900355581e-06, 2.6539587452134583e-06, 2.2933570562599925e-06, 2.595596697574365e-06, 2.47761158789217e-06, 2.88563364847505e-06, 3.276572215327178e-06, 2.9126360914233373e-06, 2.9293987608980387e-06, 3.6434839785215445e-06, 3.2202051443164237e-06, 3.4676038467296166e-06, 3.7835857256141026e-06, 3.3823910143837566e-06, 3.3821565921243746e-06, 2.91271430796769e-06, 2.7234832487010863e-06, 2.3142449663282605e-06, 2.2783174244978e-06, 2.5159818051179172e-06, 2.9023096885794075e-06, 3.4169081573054427e-06, 3.97427811549278e-06, 2.571325012468151e-06, 2.4068731363513507e-06, 2.318946826562751e-06, 2.1307869246811606e-06, 1.9507001525198575e-06, 1.7476909306424204e-06, 1.4288805232354207e-06, 1.1914661399714532e-06, 1.2604378980540787e-06, 1.0761696103145368e-06, 9.015503223963606e-07, 8.138354701259232e-07, 7.698097306274576e-07, 5.555001507673296e-07, 5.652429422298155e-07, 4.4155416389912716e-07, 3.166990154568339e-07, 2.090124269216176e-07, 8.621028513289275e-08, 2.5156710492524326e-08, 8.48977665945938e-10, 3.8920446726598e-11, 3.257243433307799e-11, 2.3562285803024885e-11, 2.2303823718483606e-11, 2.2140051944563588e-11, 2.1801348920602592e-11, 2.1468613345398957e-11, 2.1230094071622574e-11, 2.1155636270586697e-11], "lowlevel.melbands128.stdev": [5.1077815442113206e-05, 0.0007007770473137498, 0.0034247981384396553, 0.005039062816649675, 0.005907781422138214, 0.005006539635360241, 0.003878111019730568, 0.002348210196942091, 0.00378542672842741, 0.004636873956769705, 0.0024627423845231533, 0.001361096277832985, 0.0013398274313658476, 0.0005806221161037683, 0.0001530982699478045, 0.00016108666022773832, 0.00021207208919804543, 0.0005226234789006412, 0.000509958597831428, 0.0008233233820647001, 0.0011222738539800048, 0.001187007874250412, 0.0005762287764810026, 0.00021977249707560986, 0.00019698069081641734, 0.00023393705487251282, 0.00045046606101095676, 0.00027310720179229975, 0.0003547924570739269, 0.00046579260379076004, 0.00033607418299652636, 0.0004792209656443447, 0.00035219453275203705, 0.0002214504493167624, 0.00015977525617927313, 0.00014185601321514696, 0.00022286170860752463, 0.00024465349270030856, 0.0001590418687555939, 0.00013413601845968515, 0.00019002467161044478, 0.00020450832380447537, 0.00019743299344554543, 0.00018085056217387319, 0.00020769645925611258, 0.00015221387729980052, 0.00015741673996672034, 0.0001422385685145855, 0.0001398010936100036, 0.00017140856652986258, 7.159468805184588e-05, 5.126804535393603e-05, 3.805554297287017e-05, 2.5015831852215342e-05, 3.5141263651894405e-05, 2.5003253540489823e-05, 4.610680480254814e-05, 4.065423854626715e-05, 2.238836168544367e-05, 2.379436591581907e-05, 1.805088140827138e-05, 2.875823156500701e-05, 1.9129056454403326e-05, 1.5060416444612201e-05, 1.4710623872815631e-05, 2.1229880076134577e-05, 5.056516602053307e-05, 9.171693818643689e-05, 3.126525189145468e-05, 2.2962583898333833e-05, 1.594728382769972e-05, 1.691881516308058e-05, 1.9513398001436144e-05, 2.9908271244494244e-05, 1.6540061551495455e-05, 1.5489462384721264e-05, 1.1201884262845851e-05, 1.078047716873698e-05, 1.2794029316864908e-05, 1.2790685104846489e-05, 1.1938068382733036e-05, 1.3314363968675025e-05, 1.3470652447722387e-05, 1.286537735722959e-05, 1.6879072063602507e-05, 1.1893023838638328e-05, 1.2193707334517967e-05, 1.5340881873271428e-05, 1.3022391613048967e-05, 1.303950648434693e-05, 1.0154928531846963e-05, 9.122668416239321e-06, 8.552398867323063e-06, 8.658131264382973e-06, 8.303069989779033e-06, 8.976012395578437e-06, 1.263677313545486e-05, 1.650460035307333e-05, 9.087022590392735e-06, 7.85284282756038e-06, 7.987197932379786e-06, 8.136314136208966e-06, 7.077696409396594e-06, 6.979500085435575e-06, 5.511066774488427e-06, 4.202892796456581e-06, 4.8152355702768546e-06, 4.011133569292724e-06, 2.73241880677233e-06, 2.5491283395240316e-06, 2.681373189261649e-06, 1.5712918184362934e-06, 1.958738948815153e-06, 1.3616817113870638e-06, 1.0737221600720659e-06, 7.722187547187787e-07, 4.990480420019594e-07, 4.11592509408365e-07, 1.099052582276272e-08, 5.171247319246675e-10, 4.929248120788543e-10, 4.350280968790088e-10, 4.331873471041803e-10, 4.336603021126706e-10, 4.318196078489933e-10, 4.3286016437882324e-10, 4.322058266836848e-10, 4.320866997531425e-10], "lowlevel.mfcc.mean": [-826.592041015625, 82.69364929199219, 16.20880889892578, 15.955158233642578, 13.104372024536133, 4.640031337738037, -1.1227070093154907, -5.317624568939209, -7.421061038970947, -1.8426836729049683, -10.975707054138184, -15.586503982543945, -6.039487361907959], "lowlevel.spectral_contrast_coeffs.mean": [-0.6454901099205017, -0.790712296962738, -0.7897018194198608, -0.7938774228096008, -0.8134467005729675, -0.798465371131897], "lowlevel.spectral_contrast_coeffs.stdev": [0.1674162745475769, 0.10667832940816879, 0.1032375693321228, 0.08121340721845627, 0.07505626231431961, 0.059767574071884155], "lowlevel.spectral_contrast_valleys.mean": [-9.139073371887207, -9.273054122924805, -9.726648330688477, -9.59317398071289, -9.324742317199707, -11.387547492980957], "lowlevel.spectral_contrast_valleys.stdev": [3.1620049476623535, 2.7905566692352295, 2.6140859127044678, 2.1914761066436768, 1.855932593345642, 1.9702264070510864], "rhythm.beats_loudness_band_ratio.mean": [0.45315781235694885, 0.2842479348182678, 0.04475824907422066, 0.03832533210515976, 0.08737384527921677, 0.21708141267299652], "rhythm.beats_loudness_band_ratio.stdev": [0.31134581565856934, 0.27960559725761414, 0.061519555747509, 0.058177243918180466, 0.14204171299934387, 0.27850210666656494], "tonal.hpcp.mean": [0.23893055319786072, 0.1348491758108139, 0.061259664595127106, 0.07097413390874863, 0.07713378965854645, 0.0907619521021843, 0.1098443940281868, 0.10298251360654831, 0.09814883023500443, 0.08898115903139114, 0.06602472811937332, 0.11837639659643173, 0.18060725927352905, 0.12212754040956497, 0.12182389199733734, 0.18046331405639648, 0.12344466149806976, 0.07265780121088028, 0.07542669028043747, 0.06358081847429276, 0.06947599351406097, 0.08894243091344833, 0.10287793725728989, 0.12319819629192352, 0.09429766982793808, 0.05570399761199951, 0.09343086928129196, 0.12201236933469772, 0.09347666054964066, 0.08821801841259003, 0.1066654846072197, 0.11451742798089981, 0.11183524131774902, 0.11510202288627625, 0.12963056564331055, 0.20088616013526917], "tonal.hpcp.stdev": [0.3633757531642914, 0.2475987821817398, 0.1623321771621704, 0.1874305009841919, 0.19756199419498444, 0.20990431308746338, 0.22739121317863464, 0.22170092165470123, 0.2205519825220108, 0.2077292948961258, 0.16640770435333252, 0.21763545274734497, 0.3279053866863251, 0.22889311611652374, 0.22531141340732574, 0.317367821931839, 0.22392454743385315, 0.1654522716999054, 0.18837884068489075, 0.16145117580890656, 0.16974788904190063, 0.2048822045326233, 0.21571248769760132, 0.28777363896369934, 0.20660711824893951, 0.1459956020116806, 0.19206790626049042, 0.25612950325012207, 0.1942610740661621, 0.20088575780391693, 0.23116695880889893, 0.24439425766468048, 0.2334355264902115, 0.23111233115196228, 0.24809078872203827, 0.29963815212249756], "rhythm.beats_position": [0.31346938014030457, 0.638548731803894, 0.9636281132698059, 1.2887074947357178, 1.6137868165969849, 1.938866138458252, 2.2639455795288086, 2.589024782180786, 2.902494192123413, 3.2275736331939697, 3.5758728981018066, 3.9241721630096436, 4.2724714279174805, 4.632380962371826, 4.980679988861084, 5.34058952331543, 5.700498580932617, 6.222947597503662, 6.733786582946777, 7.244625568389893, 7.883174419403076, 8.521722793579102, 9.160271644592285, 9.787210464477539, 10.437369346618652, 11.075918197631836, 11.72607707977295, 12.353015899658203, 12.991564750671387, 13.63011360168457, 14.257051467895508, 14.883990287780762, 15.534149169921875, 16.172698974609375, 16.811246871948242, 17.43818473815918, 18.06512451171875, 18.715282440185547, 19.365442276000977, 19.992380142211914, 20.619319915771484, 21.26947784423828, 21.91963768005371, 22.54657554626465, 23.173513412475586, 23.823673248291016, 24.450611114501953, 25.077550888061523, 25.71609878540039, 26.35464859008789, 26.981586456298828, 27.631746292114258, 28.270294189453125, 28.920452117919922, 29.559001922607422, 30.19754981994629, 30.83609962463379, 31.474647521972656, 32.113197326660156, 32.740135192871094, 33.378684997558594], "rhythm.bpm_histogram": [0.0, 0.0, 0.0, 0.0, 0.0, 0.0, 0.0, 0.0, 0.0, 0.0, 0.0, 0.0, 0.0, 0.0, 0.0, 0.0, 0.0, 0.0, 0.0, 0.0, 0.0, 0.0, 0.0, 0.0, 0.0, 0.0, 0.0, 0.0, 0.0, 0.0, 0.0, 0.0, 0.0, 0.0, 0.0, 0.0, 0.0, 0.0, 0.0, 0.0, 0.0, 0.0, 0.0, 0.0, 0.0, 0.0, 0.0, 0.0, 0.0, 0.0, 0.0, 0.0, 0.0, 0.0, 0.0, 0.0, 0.0, 0.0, 0.0, 0.0, 0.0, 0.0, 0.0, 0.0, 0.0, 0.0, 0.0, 0.0, 0.0, 0.0, 0.0, 0.0, 0.0, 0.0, 0.0, 0.0, 0.0, 0.0, 0.0, 0.0, 0.0, 0.0, 0.0, 0.0, 0.0, 0.0, 0.0, 0.0, 0.0, 0.0, 0.0, 0.0, 0.1666666716337204, 0.0, 0.28333333134651184, 0.0, 0.23333333432674408, 0.0, 0.0, 0.0, 0.0, 0.0, 0.0, 0.0, 0.0, 0.0, 0.0, 0.0, 0.0, 0.0, 0.0, 0.0, 0.0, 0.0, 0.0, 0.01666666753590107, 0.0, 0.03333333507180214, 0.0, 0.0, 0.0, 0.0, 0.0, 0.0, 0.0, 0.0, 0.0, 0.0, 0.0, 0.0, 0.0, 0.0, 0.0, 0.0, 0.0, 0.0, 0.0, 0.0, 0.0, 0.0, 0.0, 0.0, 0.0, 0.0, 0.0, 0.0, 0.0, 0.0, 0.0, 0.0, 0.0, 0.0, 0.0, 0.0, 0.0, 0.0, 0.0, 0.0, 0.0, 0.0, 0.0, 0.0, 0.0, 0.0, 0.0, 0.0, 0.0, 0.05000000074505806, 0.0, 0.0, 0.0, 0.0, 0.06666667014360428, 0.0, 0.0, 0.0, 0.0, 0.0, 0.0, 0.0, 0.0, 0.0, 0.0, 0.0, 0.0, 0.13333334028720856, 0.0, 0.0, 0.0, 0.0, 0.0, 0.01666666753590107, 0.0, 0.0, 0.0, 0.0, 0.0, 0.0, 0.0, 0.0, 0.0, 0.0, 0.0, 0.0, 0.0, 0.0, 0.0, 0.0, 0.0, 0.0, 0.0, 0.0, 0.0, 0.0, 0.0, 0.0, 0.0, 0.0, 0.0, 0.0, 0.0, 0.0, 0.0, 0.0, 0.0, 0.0, 0.0, 0.0, 0.0, 0.0, 0.0, 0.0, 0.0, 0.0, 0.0, 0.0, 0.0, 0.0, 0.0, 0.0, 0.0, 0.0, 0.0, 0.0, 0.0, 0.0, 0.0, 0.0, 0.0, 0.0], "tonal.chords_histogram": [21.7391300201416, 15.35326099395752, 0.54347825050354, 9.239130020141602, 7.0652174949646, 0.679347813129425, 1.76630437374115, 0.0, 2.3097825050354004, 4.21195650100708, 2.9891304969787598, 1.9021738767623901, 0.135869562625885, 0.0, 4.34782600402832, 1.35869562625885, 0.0, 3.9402174949645996, 0.40760868787765503, 6.25, 1.08695650100708, 2.3097825050354004, 7.0652174949646, 5.29891300201416], "tonal.thpcp": [1.0, 0.5643864870071411, 0.25639107823371887, 0.29704922437667847, 0.32282933592796326, 0.3798674941062927, 0.4597335755825043, 0.43101441860198975, 0.41078391671180725, 0.37241432070732117, 0.27633437514305115, 0.4954426884651184, 0.7558985352516174, 0.5111424326896667, 0.5098715424537659, 0.7552961111068726, 0.5166549682617188, 0.30409589409828186, 0.31568458676338196, 0.26610586047172546, 0.2907790243625641, 0.3722522258758545, 0.43057674169540405, 0.5156234502792358, 0.39466559886932373, 0.23313885927200317, 0.3910377621650696, 0.5106604099273682, 0.39122942090034485, 0.3692203462123871, 0.4464288055896759, 0.4792916774749756, 0.46806588768959045, 0.4817383885383606, 0.542544960975647, 0.8407721519470215], "lowlevel.gfcc.cov": [[65483.88671875, 13417.5126953125, 4895.82177734375, -5018.84228515625, -1830.904541015625, -41.71495056152344, -1847.316162109375, -1023.4877319335938, -2386.20947265625, -1125.70556640625, -1414.1002197265625, -471.6700134277344, -1537.7076416015625], [13417.5126953125, 8705.4521484375, 2486.772705078125, -2366.83447265625, -272.2065124511719, 259.1515197753906, -237.8137969970703, -867.9773559570312, -620.3405151367188, -662.30908203125, -339.7756042480469, -497.43438720703125, -153.41973876953125], [4895.82177734375, 2486.772705078125, 2745.277099609375, -665.1210327148438, -235.35169982910156, 428.46197509765625, -89.30805969238281, 63.9412841796875, -422.1197814941406, -38.15133285522461, -181.2940216064453, -10.234899520874023, -352.5968933105469], [-5018.84228515625, -2366.83447265625, -665.1210327148438, 1711.2423095703125, 541.24951171875, 6.8196821212768555, 414.46563720703125, 311.7931213378906, 416.656005859375, 228.47222900390625, 185.49330139160156, 30.38842010498047, 151.8490447998047], [-1830.904541015625, -272.2065124511719, -235.35169982910156, 541.24951171875, 609.85498046875, 135.0194854736328, 187.85488891601562, 87.54096221923828, 269.156005859375, 66.45024108886719, 68.83331298828125, -34.927860260009766, 82.5301513671875], [-41.71495056152344, 259.1515197753906, 428.46197509765625, 6.8196821212768555, 135.0194854736328, 511.5190124511719, 123.47186279296875, 132.36485290527344, 20.34699249267578, 111.26954650878906, -19.506378173828125, 1.9531419277191162, -36.122745513916016], [-1847.316162109375, -237.8137969970703, -89.30805969238281, 414.46563720703125, 187.85488891601562, 123.47186279296875, 480.3820495605469, 134.9153289794922, 171.66001892089844, 66.46382904052734, 141.4810333251953, -25.022666931152344, 69.62480163574219], [-1023.4877319335938, -867.9773559570312, 63.9412841796875, 311.7931213378906, 87.54096221923828, 132.36485290527344, 134.9153289794922, 528.3662719726562, 186.1986541748047, 132.8848419189453, 100.5687484741211, 101.60702514648438, -46.984622955322266], [-2386.20947265625, -620.3405151367188, -422.1197814941406, 416.656005859375, 269.156005859375, 20.34699249267578, 171.66001892089844, 186.1986541748047, 404.7177734375, 98.65299987792969, 99.23605346679688, 4.98814058303833, 112.06219482421875], [-1125.70556640625, -662.30908203125, -38.15133285522461, 228.47222900390625, 66.45024108886719, 111.26954650878906, 66.46382904052734, 132.8848419189453, 98.65299987792969, 211.6997833251953, 47.142642974853516, 48.434326171875, -2.636181592941284], [-1414.1002197265625, -339.7756042480469, -181.2940216064453, 185.49330139160156, 68.83331298828125, -19.506378173828125, 141.4810333251953, 100.5687484741211, 99.23605346679688, 47.142642974853516, 199.89285278320312, 24.864606857299805, 19.062419891357422], [-471.6700134277344, -497.43438720703125, -10.234899520874023, 30.38842010498047, -34.927860260009766, 1.9531419277191162, -25.022666931152344, 101.60702514648438, 4.98814058303833, 48.434326171875, 24.864606857299805, 146.92218017578125, -10.24316120147705], [-1537.7076416015625, -153.41973876953125, -352.5968933105469, 151.8490447998047, 82.5301513671875, -36.122745513916016, 69.62480163574219, -46.984622955322266, 112.06219482421875, -2.636181592941284, 19.062419891357422, -10.24316120147705, 179.95999145507812]], "lowlevel.gfcc.icov": [[3.7737219827249646e-05, -8.596248517278582e-05, 6.132950511528179e-05, -4.650345726986416e-05, 3.541067781043239e-05, 3.693493999890052e-05, 2.9563674615928903e-05, -8.408811845583841e-05, 9.559193131281063e-05, -5.712789061362855e-05, 0.00018151466792915016, -8.034567872527987e-05, 0.0002821913512889296], [-8.596248517278582e-05, 0.0006960167665965855, -0.0005581544246524572, 0.0007049946580082178, -0.00039963587187230587, -0.0001430573029210791, -0.0002324055094504729, 0.0005072334315627813, -0.00038654953823424876, 0.0008470031316392124, -0.0006044984911568463, 0.0011740566696971655, -0.0010687446920201182], [6.132950511528179e-05, -0.0005581544246524572, 0.001098251435905695, -0.00047368512605316937, 0.0003194613673258573, -0.00031528485123999417, -1.4662472494819667e-05, -0.000551201868802309, 0.000687884574290365, -0.0005659969174303114, 0.0008138497360050678, -0.0009171492420136929, 0.0016766279004514217], [-4.650345726986416e-05, 0.0007049946580082178, -0.00047368512605316937, 0.002015345264226198, -0.0012811541091650724, 0.0004761738236993551, -0.0008997851400636137, 3.6635989090427756e-05, -0.0001820707111619413, -5.476071601151489e-05, -0.0002695385192055255, 0.0012865824392065406, -0.0011698041344061494], [3.541067781043239e-05, -0.00039963587187230587, 0.0003194613673258573, -0.0012811541091650724, 0.003459589323028922, -0.0010794521076604724, 0.00030765545670874417, 0.0003533937851898372, -0.0016149713192135096, 0.0003705808485392481, 3.311517502879724e-05, -0.00032253831159323454, 0.0008280276670120656], [3.693493999890052e-05, -0.0001430573029210791, -0.00031528485123999417, 0.0004761738236993551, -0.0010794521076604724, 0.0034992420114576817, -0.0009532334515824914, -0.0008601598674431443, 0.0007750583463348448, -0.0021441823337227106, 0.001230209949426353, 0.00010694890806917101, -0.00012250598229002208], [2.9563674615928903e-05, -0.0002324055094504729, -1.4662472494819667e-05, -0.0008997851400636137, 0.00030765545670874417, -0.0009532334515824914, 0.00390440272167325, -0.0003744777641259134, -0.0002621012390591204, 0.00021958498109597713, -0.00208284636028111, 0.0007412460399791598, -0.0007265428430400789], [-8.408811845583841e-05, 0.0005072334315627813, -0.000551201868802309, 3.6635989090427756e-05, 0.0003533937851898372, -0.0008601598674431443, -0.0003744777641259134, 0.004111197777092457, -0.002367348177358508, 0.0005389070720411837, -0.0011708879610523582, -0.0012379613472148776, 0.0010221756529062986], [9.559193131281063e-05, -0.00038654953823424876, 0.000687884574290365, -0.0001820707111619413, -0.0016149713192135096, 0.0007750583463348448, -0.0002621012390591204, -0.002367348177358508, 0.006465568672865629, -0.0019056883174926043, 0.00015102484030649066, 0.0005487221060320735, -0.001670624827966094], [-5.712789061362855e-05, 0.0008470031316392124, -0.0005659969174303114, -5.476071601151489e-05, 0.0003705808485392481, -0.0021441823337227106, 0.00021958498109597713, 0.0005389070720411837, -0.0019056883174926043, 0.008855673484504223, -0.001316041685640812, -0.00018943876784760505, 7.162053952924907e-05], [0.00018151466792915016, -0.0006044984911568463, 0.0008138497360050678, -0.0002695385192055255, 3.311517502879724e-05, 0.001230209949426353, -0.00208284636028111, -0.0011708879610523582, 0.00015102484030649066, -0.001316041685640812, 0.008639981970191002, -0.001766891567967832, 0.002460452960804105], [-8.034567872527987e-05, 0.0011740566696971655, -0.0009171492420136929, 0.0012865824392065406, -0.00032253831159323454, 0.00010694890806917101, 0.0007412460399791598, -0.0012379613472148776, 0.0005487221060320735, -0.00018943876784760505, -0.001766891567967832, 0.011264480650424957, -0.002524961717426777], [0.0002821913512889296, -0.0010687446920201182, 0.0016766279004514217, -0.0011698041344061494, 0.0008280276670120656, -0.00012250598229002208, -0.0007265428430400789, 0.0010221756529062986, -0.001670624827966094, 7.162053952924907e-05, 0.002460452960804105, -0.002524961717426777, 0.012109664268791676]], "lowlevel.mfcc.cov": [[49279.22265625, 8555.033203125, 2293.0576171875, -1721.2083740234375, 352.4232177734375, -388.4455261230469, -322.5796203613281, -360.8860168457031, -1401.35107421875, 24.485774993896484, -1236.5924072265625, -1028.3875732421875, -691.785400390625], [8555.033203125, 6608.685546875, 1308.890380859375, -1237.5687255859375, 275.951171875, 406.0234375, 83.26847076416016, -174.49398803710938, -362.1598205566406, -23.096899032592773, -436.1201171875, -316.39776611328125, -369.8886413574219], [2293.0576171875, 1308.890380859375, 1682.2625732421875, -261.3561096191406, 242.59564208984375, 205.677001953125, 300.746337890625, 84.42523193359375, -73.80238342285156, 94.272216796875, 27.017593383789062, 96.775634765625, -101.91584014892578], [-1721.2083740234375, -1237.5687255859375, -261.3561096191406, 1094.265869140625, 72.67106628417969, 84.17223358154297, 66.84663391113281, 120.09133911132812, 243.402587890625, 40.32451248168945, 159.25448608398438, 114.03779602050781, 131.8960723876953], [352.4232177734375, 275.951171875, 242.59564208984375, 72.67106628417969, 441.0109558105469, 71.40650177001953, 39.295162200927734, 105.63771057128906, 73.24016571044922, 84.75106811523438, 62.21469497680664, 38.249820709228516, 13.178616523742676], [-388.4455261230469, 406.0234375, 205.677001953125, 84.17223358154297, 71.40650177001953, 457.21661376953125, 139.1919708251953, -36.92127990722656, 112.1718521118164, 10.72649097442627, 15.296510696411133, 14.47092056274414, -25.291297912597656], [-322.5796203613281, 83.26847076416016, 300.746337890625, 66.84663391113281, 39.295162200927734, 139.1919708251953, 351.0690002441406, 124.7394790649414, 26.322898864746094, 102.42033386230469, 110.81121063232422, 81.04381561279297, 29.426549911499023], [-360.8860168457031, -174.49398803710938, 84.42523193359375, 120.09133911132812, 105.63771057128906, -36.92127990722656, 124.7394790649414, 265.2289733886719, 115.15306854248047, 86.59076690673828, 135.02914428710938, 95.61024475097656, 69.39495849609375], [-1401.35107421875, -362.1598205566406, -73.80238342285156, 243.402587890625, 73.24016571044922, 112.1718521118164, 26.322898864746094, 115.15306854248047, 327.7659606933594, 78.1924057006836, 104.87459564208984, 96.02667236328125, 76.85564422607422], [24.485774993896484, -23.096899032592773, 94.272216796875, 40.32451248168945, 84.75106811523438, 10.72649097442627, 102.42033386230469, 86.59076690673828, 78.1924057006836, 214.04600524902344, 113.11724853515625, 45.43838119506836, 63.53355026245117], [-1236.5924072265625, -436.1201171875, 27.017593383789062, 159.25448608398438, 62.21469497680664, 15.296510696411133, 110.81121063232422, 135.02914428710938, 104.87459564208984, 113.11724853515625, 249.23345947265625, 119.99940490722656, 70.47016143798828], [-1028.3875732421875, -316.39776611328125, 96.775634765625, 114.03779602050781, 38.249820709228516, 14.47092056274414, 81.04381561279297, 95.61024475097656, 96.02667236328125, 45.43838119506836, 119.99940490722656, 193.21133422851562, 76.86469268798828], [-691.785400390625, -369.8886413574219, -101.91584014892578, 131.8960723876953, 13.178616523742676, -25.291297912597656, 29.426549911499023, 69.39495849609375, 76.85564422607422, 63.53355026245117, 70.47016143798828, 76.86469268798828, 138.28045654296875]], "lowlevel.mfcc.icov": [[3.3372802136000246e-05, -3.0056766263442114e-05, -3.103355265920982e-05, -3.118858876405284e-05, 3.4346278425800847e-06, 2.3844995666877367e-05, 5.559773853747174e-05, -7.227418245747685e-05, 0.00010185656719841063, -0.0001053241066983901, 0.0001159303865279071, 6.774131179554388e-05, 1.6951329598668963e-05], [-3.0056766263442114e-05, 0.0003146154631394893, -9.211969882017002e-05, 0.00024530000519007444, -0.00011915835057152435, -0.0003190794086549431, 1.984744994842913e-05, -0.00015392496425192803, 5.4971744248177856e-05, -0.00011972576612606645, 0.000297835300443694, 9.396787936566398e-05, 0.00023579383559990674], [-3.103355265920982e-05, -9.211969882017002e-05, 0.0010525340912863612, 0.00011545909364940599, -0.00038272805977612734, -0.0001429792318958789, -0.0006653806194663048, -7.553190926046227e-07, 0.00020142477296758443, -0.00022052480198908597, 0.00016508158296346664, -0.0010580731322988868, 0.0009096289286389947], [-3.118858876405284e-05, 0.00024530000519007444, 0.00011545909364940599, 0.0014575818786397576, -0.00030411334591917694, -0.0002945443557109684, -0.00031111735734157264, 2.3348646209342405e-05, -0.0006679200450889766, 0.0005294425063766539, -0.00032145416480489075, 0.00015187094686552882, -0.0005680892500095069], [3.4346278425800847e-06, -0.00011915835057152435, -0.00038272805977612734, -0.00030411334591917694, 0.0031093016732484102, -0.0005984965828247368, 0.0011010318994522095, -0.0013948582345619798, 0.00016301781579386443, -0.0010224992875009775, -8.104735752567649e-05, -1.606204386916943e-05, 0.00019575947953853756], [2.3844995666877367e-05, -0.0003190794086549431, -0.0001429792318958789, -0.0002945443557109684, -0.0005984965828247368, 0.004240833222866058, -0.002414558781310916, 0.002666027285158634, -0.0024425231385976076, 0.0011776804458349943, -0.0005472557968460023, 0.0005189526127651334, 0.000256807979894802], [5.559773853747174e-05, 1.984744994842913e-05, -0.0006653806194663048, -0.00031111735734157264, 0.0011010318994522095, -0.002414558781310916, 0.006209648679941893, -0.003181649139150977, 0.0023428108543157578, -0.002281405031681061, -0.00019563737441785634, -0.0007881284691393375, 0.0001501529332017526], [-7.227418245747685e-05, -0.00015392496425192803, -7.553190926046227e-07, 2.3348646209342405e-05, -0.0013948582345619798, 0.002666027285158634, -0.003181649139150977, 0.008564616553485394, -0.002980701392516494, 0.0013527668779715896, -0.0025766922626644373, -0.00017654697876423597, -0.0013502179645001888], [0.00010185656719841063, 5.4971744248177856e-05, 0.00020142477296758443, -0.0006679200450889766, 0.00016301781579386443, -0.0024425231385976076, 0.0023428108543157578, -0.002980701392516494, 0.006531094200909138, -0.002232716651633382, 0.0007442706846632063, -0.0015591781120747328, -0.00013956832117401063], [-0.0001053241066983901, -0.00011972576612606645, -0.00022052480198908597, 0.0005294425063766539, -0.0010224992875009775, 0.0011776804458349943, -0.002281405031681061, 0.0013527668779715896, -0.002232716651633382, 0.008953246288001537, -0.0037548623513430357, 0.0022030207328498363, -0.0035789422690868378], [0.0001159303865279071, 0.000297835300443694, 0.00016508158296346664, -0.00032145416480489075, -8.104735752567649e-05, -0.0005472557968460023, -0.00019563737441785634, -0.0025766922626644373, 0.0007442706846632063, -0.0037548623513430357, 0.009397551417350769, -0.00324355554766953, 0.0013726288452744484], [6.774131179554388e-05, 9.396787936566398e-05, -0.0010580731322988868, 0.00015187094686552882, -1.606204386916943e-05, 0.0005189526127651334, -0.0007881284691393375, -0.00017654697876423597, -0.0015591781120747328, 0.0022030207328498363, -0.00324355554766953, 0.010498722083866596, -0.004310129676014185], [1.6951329598668963e-05, 0.00023579383559990674, 0.0009096289286389947, -0.0005680892500095069, 0.00019575947953853756, 0.000256807979894802, 0.0001501529332017526, -0.0013502179645001888, -0.00013956832117401063, -0.0035789422690868378, 0.0013726288452744484, -0.004310129676014185, 0.013251694850623608]], "metadata.audio_properties.analysis.downmix": "mix", "metadata.audio_properties.codec": "mp3", "metadata.audio_properties.md5_encoded": "8c3a144dc2346836cf4aea0034eaa5a3", "metadata.tags.file_name": "1183651770438791230.mp3", "metadata.version.essentia": "2.1-beta6-dev", "metadata.version.essentia_git_sha": "v2.1_beta5-1110-g77a6a954", "metadata.version.extractor": "mus