{"song_id": "1183709321926819860", "download": "https://cdn.discordapp.com/attachments/1135911532732108921/1183709321926819860/chirp.mp4?ex=65895236&amp", "lyrics": "[Ponte] \nNum brinde ao tempo, eterno companheiro, Renovamos votos, com o cora\u00e7\u00e3o verdadeiro. Por dias melhores, por um amor mais intenso, Caminhamos lado a lado, com o cora\u00e7\u00e3o imenso.", "style": ["MPB</span><span>, voz masculina"], "essentia_features": {"lowlevel.average_loudness": 0.9859058856964111, "lowlevel.barkbands_crest.mean": 12.28680419921875, "lowlevel.barkbands_crest.stdev": 3.519998550415039, "lowlevel.barkbands_flatness_db.mean": 0.2999406158924103, "lowlevel.barkbands_flatness_db.stdev": 0.07412303984165192, "lowlevel.barkbands_kurtosis.mean": 26.203018188476562, "lowlevel.barkbands_kurtosis.stdev": 34.38722610473633, "lowlevel.barkbands_skewness.mean": 3.427741289138794, "lowlevel.barkbands_skewness.stdev": 1.9352471828460693, "lowlevel.barkbands_spread.mean": 10.19748592376709, "lowlevel.barkbands_spread.stdev": 10.818435668945312, "lowlevel.dissonance.mean": 0.4292545020580292, "lowlevel.dissonance.stdev": 0.05325983092188835, "lowlevel.dynamic_complexity": 0.9941509962081909, "lowlevel.erbbands_crest.mean": 12.996767044067383, "lowlevel.erbbands_crest.stdev": 4.599395275115967, "lowlevel.erbbands_flatness_db.mean": 0.22026664018630981, "lowlevel.erbbands_flatness_db.stdev": 0.04711400717496872, "lowlevel.erbbands_kurtosis.mean": 4.722666263580322, "lowlevel.erbbands_kurtosis.stdev": 8.532928466796875, "lowlevel.erbbands_skewness.mean": 1.0213581323623657, "lowlevel.erbbands_skewness.stdev": 1.7969868183135986, "lowlevel.erbbands_spread.mean": 41.158668518066406, "lowlevel.erbbands_spread.stdev": 31.165771484375, "lowlevel.hfc.mean": 19.689477920532227, "lowlevel.hfc.stdev": 13.474984169006348, "lowlevel.loudness_ebu128.integrated": -13.487970352172852, "lowlevel.loudness_ebu128.loudness_range": 0.759709358215332, "lowlevel.loudness_ebu128.momentary.mean": -13.540627479553223, "lowlevel.loudness_ebu128.momentary.stdev": 0.6818172335624695, "lowlevel.loudness_ebu128.short_term.mean": -13.48607063293457, "lowlevel.loudness_ebu128.short_term.stdev": 0.2258429229259491, "lowlevel.melbands_crest.mean": 20.183887481689453, "lowlevel.melbands_crest.stdev": 4.2105937004089355, "lowlevel.melbands_flatness_db.mean": 0.39302995800971985, "lowlevel.melbands_flatness_db.stdev": 0.08635086566209793, "lowlevel.melbands_kurtosis.mean": 58.63749313354492, "lowlevel.melbands_kurtosis.stdev": 68.83110046386719, "lowlevel.melbands_skewness.mean": 5.083434104919434, "lowlevel.melbands_skewness.stdev": 2.669954776763916, "lowlevel.melbands_spread.mean": 7.162529945373535, "lowlevel.melbands_spread.stdev": 8.138202667236328, "lowlevel.pitch_salience.mean": 0.3807370960712433, "lowlevel.pitch_salience.stdev": 0.0994332879781723, "lowlevel.silence_rate_20dB.mean": 1.0, "lowlevel.silence_rate_20dB.stdev": 0.0, "lowlevel.silence_rate_30dB.mean": 0.9779220819473267, "lowlevel.silence_rate_30dB.stdev": 0.14693686366081238, "lowlevel.silence_rate_60dB.mean": 0.002597402548417449, "lowlevel.silence_rate_60dB.stdev": 0.05089837685227394, "lowlevel.spectral_centroid.mean": 628.349853515625, "lowlevel.spectral_centroid.stdev": 496.0428771972656, "lowlevel.spectral_complexity.mean": 8.789610862731934, "lowlevel.spectral_complexity.stdev": 4.914053916931152, "lowlevel.spectral_decrease.mean": -1.6703856076105694e-08, "lowlevel.spectral_decrease.stdev": 4.6811932108425935e-09, "lowlevel.spectral_energy.mean": 0.06483011692762375, "lowlevel.spectral_energy.stdev": 0.018027156591415405, "lowlevel.spectral_energyband_high.mean": 0.0006070367526262999, "lowlevel.spectral_energyband_high.stdev": 0.0015220155473798513, "lowlevel.spectral_energyband_low.mean": 0.0455588698387146, "lowlevel.spectral_energyband_low.stdev": 0.015788519755005836, "lowlevel.spectral_energyband_middle_high.mean": 0.0038104290142655373, "lowlevel.spectral_energyband_middle_high.stdev": 0.005284112878143787, "lowlevel.spectral_energyband_middle_low.mean": 0.02420118823647499, "lowlevel.spectral_energyband_middle_low.stdev": 0.013387497514486313, "lowlevel.spectral_entropy.mean": 6.300497055053711, "lowlevel.spectral_entropy.stdev": 0.7874417304992676, "lowlevel.spectral_flux.mean": 0.06379099935293198, "lowlevel.spectral_flux.stdev": 0.032241981476545334, "lowlevel.spectral_kurtosis.mean": 11.288843154907227, "lowlevel.spectral_kurtosis.stdev": 13.225860595703125, "lowlevel.spectral_rms.mean": 0.007867052219808102, "lowlevel.spectral_rms.stdev": 0.0011654875706881285, "lowlevel.spectral_rolloff.mean": 429.4903869628906, "lowlevel.spectral_rolloff.stdev": 739.7615966796875, "lowlevel.spectral_skewness.mean": 2.49328875541687, "lowlevel.spectral_skewness.stdev": 1.2180864810943604, "lowlevel.spectral_spread.mean": 4381866.0, "lowlevel.spectral_spread.stdev": 2171309.5, "lowlevel.spectral_strongpeak.mean": 0.8889594674110413, "lowlevel.spectral_strongpeak.stdev": 0.7423462271690369, "lowlevel.zerocrossingrate.mean": 0.024693714454770088, "lowlevel.zerocrossingrate.stdev": 0.026258034631609917, "metadata.audio_properties.analysis.equal_loudness": 0.0, "metadata.audio_properties.analysis.length": 17.83360481262207, "metadata.audio_properties.analysis.sample_rate": 44100.0, "metadata.audio_properties.analysis.start_time": 0.0, "metadata.audio_properties.bit_rate": 113374.0, "metadata.audio_properties.length": 17.834667205810547, "metadata.audio_properties.lossless": 0.0, "metadata.audio_properties.number_channels": 1.0, "metadata.audio_properties.replay_gain": -10.626827239990234, "metadata.audio_properties.sample_rate": 48000.0, "rhythm.beats_count": 31.0, "rhythm.beats_loudness.mean": 0.06832342594861984, "rhythm.beats_loudness.stdev": 0.022469887509942055, "rhythm.bpm": 105.9870834350586, "rhythm.bpm_histogram_first_peak_bpm": 105.0, "rhythm.bpm_histogram_first_peak_weight": 0.5833333730697632, "rhythm.bpm_histogram_second_peak_bpm": 110.0, "rhythm.bpm_histogram_second_peak_spread": 0.19999998807907104, "rhythm.bpm_histogram_second_peak_weight": 0.13333334028720856, "rhythm.danceability": 1.254712700843811, "rhythm.onset_rate": 3.5281970500946045, "tonal.chords_changes_rate": 0.018134715035557747, "tonal.chords_number_rate": 0.01295336801558733, "tonal.chords_strength.mean": 0.5638797283172607, "tonal.chords_strength.stdev": 0.08769270777702332, "tonal.hpcp_crest.mean": 14.87570858001709, "tonal.hpcp_crest.stdev": 6.19101095199585, "tonal.hpcp_entropy.mean": 1.7149159908294678, "tonal.hpcp_entropy.stdev": 0.6345356702804565, "tonal.key_edma.strength": 0.7496085166931152, "tonal.key_krumhansl.strength": 0.7561832070350647, "tonal.key_temperley.strength": 0.7529647946357727, "tonal.tuning_diatonic_strength": 0.6225212216377258, "tonal.tuning_equal_tempered_deviation": 0.0707116425037384, "tonal.tuning_frequency": 439.4919738769531, "tonal.tuning_nontempered_energy_ratio": 0.6462582945823669, "lowlevel.barkbands.mean": [4.378601079224609e-05, 0.012372924946248531, 0.023812424391508102, 0.012135221622884274, 0.0095504280179739, 0.00116444262675941, 0.0004918226040899754, 0.0005330962012521923, 0.00028459829627536237, 0.0004925462999381125, 0.0005403450923040509, 0.00044700060971081257, 0.00016751584189478308, 0.0002577703562565148, 0.0006173669244162738, 0.00037607946433126926, 0.0005430486635304987, 0.0003049598599318415, 4.596741564455442e-05, 0.00018415675731375813, 9.929747466230765e-05, 9.427966870134696e-05, 9.659924398874864e-05, 5.158212661626749e-05, 0.0001074957981472835, 1.5380979675683193e-05, 1.0626377999756187e-08], "lowlevel.barkbands.stdev": [8.23315858724527e-05, 0.010591156780719757, 0.0141773521900177, 0.010570057667791843, 0.008352840319275856, 0.0024927195627242327, 0.0010006625670939684, 0.0012780531542375684, 0.0011239470914006233, 0.001540348632261157, 0.0018516238778829575, 0.0010522390948608518, 0.0005009864107705653, 0.0009012842201627791, 0.0022794792894273996, 0.0010030496632680297, 0.0015095822745934129, 0.0006318888044916093, 9.298321674577892e-05, 0.00043391864164732397, 0.0002644594933371991, 0.00048338359920307994, 0.00041589641477912664, 0.00014682720939163119, 0.0002190082159359008, 5.040257019572891e-05, 1.1520037190848598e-07], "lowlevel.erbbands.mean": [0.07006455212831497, 3.9467411041259766, 25.040136337280273, 40.829437255859375, 22.877513885498047, 40.54024124145508, 29.292770385742188, 3.659315347671509, 1.8132678270339966, 16.4726619720459, 9.3009033203125, 5.322391033172607, 7.820387363433838, 23.661203384399414, 19.180063247680664, 21.200237274169922, 7.965038299560547, 14.677783966064453, 35.2941780090332, 18.14583396911621, 24.85321617126465, 28.641633987426758, 19.002111434936523, 5.465309143066406, 2.4066975116729736, 8.738795280456543, 7.316808700561523, 2.3213653564453125, 3.330626964569092, 3.5351476669311523, 2.4784059524536133, 1.0180033445358276, 1.1676104068756104, 1.5891116857528687, 0.4675664007663727, 0.12950195372104645, 0.018223503604531288, 0.0006841987487860024, 5.503335705725476e-05, 7.508687122026458e-05], "lowlevel.erbbands.stdev": [0.06554224342107773, 3.101670980453491, 13.873093605041504, 27.50613784790039, 18.272199630737305, 45.594505310058594, 34.79953384399414, 6.720576763153076, 2.9900970458984375, 32.559959411621094, 22.595050811767578, 24.496498107910156, 18.812902450561523, 64.13108825683594, 60.28927230834961, 49.648475646972656, 19.661327362060547, 41.305625915527344, 127.96927642822266, 49.307395935058594, 63.782386779785156, 68.24908447265625, 37.393531799316406, 12.598559379577637, 4.142876625061035, 21.78408432006836, 15.53557300567627, 9.809603691101074, 17.74652671813965, 16.800945281982422, 10.560368537902832, 3.6936111450195312, 2.880171537399292, 2.986525058746338, 1.1810113191604614, 0.4132852852344513, 0.0630679726600647, 0.0022591943852603436, 7.077561895130202e-05, 2.1356609067879617e-05], "lowlevel.gfcc.mean": [-49.05733108520508, 124.77355194091797, -71.3540267944336, 54.203975677490234, -26.312423706054688, 20.1719970703125, -46.93077850341797, 8.398056030273438, -45.06019592285156, -13.8840970993042, -13.348448753356934, -19.994062423706055, 0.7330365777015686], "lowlevel.melbands.mean": [0.0018884403398260474, 0.010608857497572899, 0.0061852955259382725, 0.0019823170732706785, 0.0013201605761423707, 0.00010042529174825177, 4.273265949450433e-05, 0.00016877542657312006, 6.703435064991936e-05, 3.449016367085278e-05, 3.9153143006842583e-05, 9.551837138133124e-05, 7.879778422648087e-05, 4.311852899263613e-05, 3.813905641436577e-05, 1.9763554519158788e-05, 2.4086479243123904e-05, 5.4895866924198344e-05, 3.1788847991265357e-05, 2.3353955839411356e-05, 3.0994026019470766e-05, 3.201943400199525e-05, 2.3922810214571655e-05, 1.1897737749677617e-05, 3.513965566526167e-06, 1.3255510111775948e-06, 2.3964387310115853e-06, 6.988859240664169e-06, 6.100055998103926e-06, 1.870732717179635e-06, 1.063271611201344e-06, 1.914811036840547e-06, 1.872700750027434e-06, 2.0235945612512296e-06, 1.5007635738584213e-06, 9.803853799894569e-07, 4.794725896317686e-07, 6.696977834508289e-07, 1.2096320460841525e-06, 1.4125894267635886e-06], "lowlevel.melbands.stdev": [0.0016621064860373735, 0.005208839196711779, 0.0036895021330565214, 0.0016497729811817408, 0.0012916591949760914, 0.00021675646712537855, 8.328915282618254e-05, 0.00034417229471728206, 0.00019871849508490413, 0.00014652548998128623, 9.560210310155526e-05, 0.00027314756880514324, 0.0002727693354245275, 0.00011164723400725052, 8.791143773123622e-05, 5.5680106015643105e-05, 7.666590681765229e-05, 0.00019328921916894615, 0.00012568620149977505, 6.950959505047649e-05, 8.905237336875871e-05, 8.742496720515192e-05, 4.9717349611455575e-05, 2.624480657686945e-05, 9.200028216582723e-06, 2.5615754566388205e-06, 5.378412879508687e-06, 1.8271777662448585e-05, 1.239053835888626e-05, 6.614662652282277e-06, 5.193016932025785e-06, 1.0658846804290079e-05, 9.798888640943915e-06, 9.486879207543097e-06, 6.595548256882466e-06, 3.912997271982022e-06, 1.7056185015462688e-06, 1.9897381662303815e-06, 2.3595855509483954e-06, 2.714651373025845e-06], "lowlevel.melbands128.mean": [1.8982300389325246e-05, 3.999054752057418e-05, 0.0010357258142903447, 0.008302848786115646, 0.012900248169898987, 0.011161644011735916, 0.00955024641007185, 0.0041674901731312275, 0.0019655385985970497, 0.0012832176871597767, 0.0027206134982407093, 0.002125077648088336, 0.0009956147987395525, 0.0003196470206603408, 2.5561197617207654e-05, 9.820755622058641e-06, 8.011777936189901e-06, 8.53200617711991e-06, 0.00011295619333395734, 0.0002830043085850775, 0.00012305349810048938, 6.162020144984126e-05, 8.30795761430636e-05, 4.06365652452223e-05, 2.289409349032212e-05, 2.9524713681894355e-05, 6.286312418524176e-05, 1.9952964066760615e-05, 2.284070615132805e-05, 0.00013821336324326694, 8.025372517295182e-05, 9.343110286863521e-05, 0.00012903068272862583, 2.2192942196852528e-05, 1.0810555068019312e-05, 6.174522422952577e-05, 8.117137622321025e-05, 3.957971421186812e-05, 1.1493889360281173e-05, 5.524538210011087e-06, 1.3445860531646758e-05, 5.708812386728823e-05, 1.9343593521625735e-05, 1.4110420124779921e-05, 1.6516689356649294e-05, 7.686437311349437e-05, 8.822436939226463e-05, 1.9783845345955342e-05, 1.3942519217380323e-05, 2.4679240596015006e-05, 2.7202993805985898e-05, 1.5098793483048212e-05, 3.4028889785986394e-05, 3.282491525169462e-05, 3.8388716347981244e-05, 3.7336943933041766e-05, 1.7592597941984423e-05, 2.947189386759419e-05, 2.737559589149896e-05, 1.2282147508813068e-05, 1.37236147566e-05, 8.67647941049654e-06, 3.5059883884969167e-06, 3.108091732428875e-06, 1.1759245808207197e-06, 1.3807573395752115e-06, 1.1295386457277345e-06, 1.3160209846319049e-06, 2.7042140118282987e-06, 3.9030855987221e-06, 5.32491958438186e-06, 1.1300555343041196e-05, 7.223548436741112e-06, 6.3510829022561666e-06, 2.3893051093182294e-06, 2.048976512014633e-06, 1.5841269487282261e-06, 1.0156667258343077e-06, 7.809767907929199e-07, 1.1589941095735412e-06, 2.2132717276690528e-06, 2.091308488161303e-06, 1.6998526461975416e-06, 1.888361794044613e-06, 1.9035389868804486e-06, 2.1533642211579718e-06, 2.063660303974757e-06, 1.8059729427477578e-06, 1.3028088687860873e-06, 1.5252608136506751e-06, 1.2233080042278743e-06, 8.444803825113922e-07, 5.015067472413648e-07, 4.53768507213681e-07, 4.298523776924412e-07, 5.941411700405297e-07, 6.653144168922154e-07, 8.759195679886034e-07, 1.0836707815542468e-06, 1.431975078958203e-06, 1.6665843531882274e-06, 1.6124031390063465e-06, 8.58389967106632e-07, 5.75821445636393e-07, 3.7051739809612627e-07, 4.169071132764657e-07, 4.319484787629335e-07, 2.731682116063894e-07, 2.0820101553908898e-07, 1.3101136175919237e-07, 9.869890504887735e-08, 7.70499752889009e-08, 4.7825501781062485e-08, 1.8190343453738933e-08, 6.123962226212143e-09, 9.177876236776683e-10, 3.0154814756322423e-10, 1.3020391188833802e-11, 1.0895745243544308e-11, 1.0449475486284943e-11, 1.0147776716151746e-11, 9.942787045080781e-12, 9.729224370591538e-12, 9.556659283371793e-12, 9.382277073310963e-12, 9.192258065837677e-12, 9.073452926500192e-12, 9.01793483637503e-12], "lowlevel.melbands128.stdev": [3.6304078093962744e-05, 6.526814104290679e-05, 0.0016037042951211333, 0.007091157138347626, 0.009276690892875195, 0.007875119335949421, 0.007262981031090021, 0.004069443326443434, 0.0022347585763782263, 0.0013415650464594364, 0.0035704411566257477, 0.002505040494725108, 0.0017077188240364194, 0.0007466470706276596, 9.633943409426138e-05, 1.5947629435686395e-05, 1.1133239240734838e-05, 4.071163129992783e-05, 0.00024643330834805965, 0.0005717666354030371, 0.00044835577136836946, 0.00019024484208784997, 0.00028147324337624013, 0.0003274873597547412, 0.00025432740221731365, 0.00010486303654033691, 0.00023191378568299115, 8.534741209587082e-05, 9.404109005117789e-05, 0.0004910702700726688, 0.00029801647178828716, 0.0003711822791956365, 0.0005081110866740346, 0.00010284432210028172, 6.524694617837667e-05, 0.0002114703820552677, 0.00021139853924978524, 0.00013276413665153086, 7.401747279800475e-05, 4.3211475713178515e-05, 4.919908315059729e-05, 0.00018098510918207467, 7.387954974547029e-05, 0.00012778525706380606, 0.00011455790809122846, 0.0003016910923179239, 0.0005021705292165279, 0.00011568287300178781, 7.22259355825372e-05, 8.977720426628366e-05, 0.00012103639892302454, 7.187735172919929e-05, 0.00013911370479036123, 0.00012367291492410004, 0.00020483210391830653, 0.00013334726099856198, 5.246062210062519e-05, 8.82442036527209e-05, 7.382300827885047e-05, 3.596333408495411e-05, 3.731094329850748e-05, 2.937017779913731e-05, 1.809602508728858e-05, 7.479559826606419e-06, 3.5765644952334696e-06, 3.7343668282119324e-06, 2.1705134258809267e-06, 2.821952648446313e-06, 6.461747943831142e-06, 1.3537139238906093e-05, 1.8365730284131132e-05, 3.0349612643476576e-05, 1.6833144400152378e-05, 1.4032216313353274e-05, 7.1803319769969676e-06, 6.980481430218788e-06, 7.863535756769124e-06, 5.789574970549438e-06, 3.7813804283359786e-06, 6.0418083194235805e-06, 1.3815367310598958e-05, 1.1974034350714646e-05, 9.208604751620442e-06, 1.1259590792178642e-05, 1.0533422937442083e-05, 1.1206640010641422e-05, 1.0024992661783472e-05, 8.643026376375929e-06, 5.9089838941872586e-06, 7.22379900253145e-06, 5.350831543182721e-06, 3.369367505001719e-06, 2.0408708678587573e-06, 1.8920922002507723e-06, 1.4526880249832175e-06, 2.1864241261937423e-06, 2.0975819552404573e-06, 2.584351022960618e-06, 2.2326169073494384e-06, 2.8885544907097938e-06, 3.2004306831368012e-06, 3.1246026992448606e-06, 2.3416494059347315e-06, 1.4589428474209853e-06, 1.0544381439103745e-06, 1.5535280226686154e-06, 1.597359755578509e-06, 8.897905559024366e-07, 7.124243666112307e-07, 5.127619715494802e-07, 4.356728879884031e-07, 3.2531991678297345e-07, 1.6904559174690803e-07, 7.557197534424631e-08, 2.9466212581041873e-08, 6.963885024191541e-09, 3.6539888892406225e-09, 2.2400331589622624e-11, 1.3451809111053592e-11, 1.261933786633751e-11, 1.2314752516340288e-11, 1.204241827784669e-11, 1.1802024635354513e-11, 1.1594801507808228e-11, 1.1424888812783252e-11, 1.1289027872229962e-11, 1.1190441802366724e-11, 1.1129095908724018e-11], "lowlevel.mfcc.mean": [-712.2479858398438, 152.48512268066406, 28.729867935180664, 41.08344268798828, 48.955665588378906, 4.54748010635376, 30.59652328491211, -0.7946133613586426, 3.2443416118621826, -7.94459342956543, -18.388559341430664, 4.149014472961426, -1.7222453355789185], "lowlevel.spectral_contrast_coeffs.mean": [-0.5682981014251709, -0.7261569499969482, -0.7221636176109314, -0.7622745633125305, -0.7543262243270874, -0.7774869203567505], "lowlevel.spectral_contrast_coeffs.stdev": [0.07857688516378403, 0.08800096064805984, 0.09180345386266708, 0.08192047476768494, 0.06267967075109482, 0.05079292133450508], "lowlevel.spectral_contrast_valleys.mean": [-6.372969627380371, -8.218951225280762, -8.595978736877441, -8.804543495178223, -8.572731018066406, -11.43813705444336], "lowlevel.spectral_contrast_valleys.stdev": [0.7303666472434998, 0.6814978718757629, 0.7089739441871643, 0.8554248809814453, 0.9971351623535156, 1.1395974159240723], "rhythm.beats_loudness_band_ratio.mean": [0.7284219861030579, 0.16656631231307983, 0.025057528167963028, 0.039805203676223755, 0.05277619883418083, 0.02595905028283596], "rhythm.beats_loudness_band_ratio.stdev": [0.18046659231185913, 0.13794292509555817, 0.02930763177573681, 0.06993405520915985, 0.09239858388900757, 0.049547310918569565], "tonal.hpcp.mean": [0.021187208592891693, 0.018160616979002953, 0.007119261659681797, 0.009236900135874748, 0.01615866646170616, 0.09362887591123581, 0.21520167589187622, 0.156355619430542, 0.08802264928817749, 0.09951047599315643, 0.03973037004470825, 0.004068156238645315, 0.0045189885422587395, 0.008078567683696747, 0.12458217889070511, 0.37416571378707886, 0.26519525051116943, 0.020135723054409027, 0.01662256568670273, 0.011172600090503693, 0.04189677909016609, 0.09147744625806808, 0.06164366379380226, 0.010242601856589317, 0.0024876119568943977, 0.002081547398120165, 0.0065536475740373135, 0.009666805155575275, 0.014352132566273212, 0.30552661418914795, 0.5709826350212097, 0.2810605764389038, 0.00696284044533968, 0.0023795501329004765, 0.00452423794195056, 0.010793959721922874], "tonal.hpcp.stdev": [0.07834529876708984, 0.07805599272251129, 0.041031960397958755, 0.0765521302819252, 0.09643860161304474, 0.175115704536438, 0.32393956184387207, 0.24254636466503143, 0.2124347686767578, 0.26705101132392883, 0.1285492330789566, 0.033001139760017395, 0.01996428892016411, 0.03211789205670357, 0.15356603264808655, 0.4008370041847229, 0.3022906184196472, 0.07271867990493774, 0.06642229855060577, 0.06292591989040375, 0.1403501182794571, 0.27944642305374146, 0.19052749872207642, 0.05987647548317909, 0.010757182724773884, 0.011121382936835289, 0.02268127165734768, 0.023676635697484016, 0.07080240547657013, 0.2581002414226532, 0.44568097591400146, 0.25299766659736633, 0.04427999258041382, 0.01754520647227764, 0.02717328444123268, 0.034403957426548004], "rhythm.beats_position": [0.5224489569664001, 1.0681178569793701, 1.6253968477249146, 2.18267560005188, 2.739954710006714, 3.320453405380249, 3.8893423080444336, 4.469841003417969, 5.061950206756592, 5.642448902130127, 6.222947597503662, 6.826666355133057, 7.40716552734375, 7.999274253845215, 8.56816291809082, 9.137051582336426, 9.682721138000488, 10.216779708862305, 10.78566837310791, 11.354557991027832, 11.911836624145508, 12.480725288391113, 13.049613952636719, 13.595283508300781, 14.164172172546387, 14.733060836791992, 15.290339469909668, 15.85922908782959, 16.416507720947266, 16.973787307739258, 17.519454956054688], "rhythm.bpm_histogram": [0.0, 0.0, 0.0, 0.0, 0.0, 0.0, 0.0, 0.0, 0.0, 0.0, 0.0, 0.0, 0.0, 0.0, 0.0, 0.0, 0.0, 0.0, 0.0, 0.0, 0.0, 0.0, 0.0, 0.0, 0.0, 0.0, 0.0, 0.0, 0.0, 0.0, 0.0, 0.0, 0.0, 0.0, 0.0, 0.0, 0.0, 0.0, 0.0, 0.0, 0.0, 0.0, 0.0, 0.0, 0.0, 0.0, 0.0, 0.0, 0.0, 0.0, 0.0, 0.0, 0.0, 0.0, 0.0, 0.0, 0.0, 0.0, 0.0, 0.0, 0.0, 0.0, 0.0, 0.0, 0.0, 0.0, 0.0, 0.0, 0.0, 0.0, 0.0, 0.0, 0.0, 0.0, 0.0, 0.0, 0.0, 0.0, 0.0, 0.0, 0.0, 0.0, 0.0, 0.0, 0.0, 0.0, 0.0, 0.0, 0.0, 0.0, 0.0, 0.0, 0.0, 0.0, 0.0, 0.0, 0.0, 0.0, 0.0, 0.03333333507180214, 0.0, 0.06666667014360428, 0.0, 0.1666666716337204, 0.0, 0.3333333432674408, 0.0, 0.0, 0.23333333432674408, 0.0, 0.13333334028720856, 0.0, 0.03333333507180214, 0.0, 0.0, 0.0, 0.0, 0.0, 0.0, 0.0, 0.0, 0.0, 0.0, 0.0, 0.0, 0.0, 0.0, 0.0, 0.0, 0.0, 0.0, 0.0, 0.0, 0.0, 0.0, 0.0, 0.0, 0.0, 0.0, 0.0, 0.0, 0.0, 0.0, 0.0, 0.0, 0.0, 0.0, 0.0, 0.0, 0.0, 0.0, 0.0, 0.0, 0.0, 0.0, 0.0, 0.0, 0.0, 0.0, 0.0, 0.0, 0.0, 0.0, 0.0, 0.0, 0.0, 0.0, 0.0, 0.0, 0.0, 0.0, 0.0, 0.0, 0.0, 0.0, 0.0, 0.0, 0.0, 0.0, 0.0, 0.0, 0.0, 0.0, 0.0, 0.0, 0.0, 0.0, 0.0, 0.0, 0.0, 0.0, 0.0, 0.0, 0.0, 0.0, 0.0, 0.0, 0.0, 0.0, 0.0, 0.0, 0.0, 0.0, 0.0, 0.0, 0.0, 0.0, 0.0, 0.0, 0.0, 0.0, 0.0, 0.0, 0.0, 0.0, 0.0, 0.0, 0.0, 0.0, 0.0, 0.0, 0.0, 0.0, 0.0, 0.0, 0.0, 0.0, 0.0, 0.0, 0.0, 0.0, 0.0, 0.0, 0.0, 0.0, 0.0, 0.0, 0.0, 0.0, 0.0, 0.0, 0.0, 0.0, 0.0, 0.0, 0.0, 0.0, 0.0, 0.0, 0.0], "tonal.chords_histogram": [89.37823486328125, 0.0, 0.0, 0.0, 2.0725388526916504, 0.0, 0.0, 0.0, 0.0, 0.0, 0.0, 0.0, 0.0, 0.0, 0.0, 0.0, 0.0, 0.5181347131729126, 0.0, 2.849740982055664, 0.0, 2.0725388526916504, 3.1088082790374756, 0.0], "tonal.thpcp": [1.0, 0.49224016070365906, 0.012194487266242504, 0.004167465027421713, 0.007923600263893604, 0.018904181197285652, 0.03710657358169556, 0.03180589899420738, 0.012468438595533371, 0.01617719978094101, 0.02829975076019764, 0.16397850215435028, 0.37689706683158875, 0.27383604645729065, 0.15415994822978973, 0.1742793321609497, 0.06958244740962982, 0.0071248337626457214, 0.007914406247437, 0.014148535206913948, 0.2181890904903412, 0.6553013920783997, 0.46445414423942566, 0.035265035927295685, 0.029112208634614944, 0.019567320123314857, 0.0733766257762909, 0.16021056473255157, 0.10796066373586655, 0.017938552424311638, 0.0043567209504544735, 0.0036455527879297733, 0.011477840133011341, 0.016930121928453445, 0.025135846808552742, 0.5350891351699829], "lowlevel.gfcc.cov": [[5727.4365234375, -992.50341796875, -1198.235107421875, 163.45481872558594, -290.9566345214844, 35.23237991333008, -482.29510498046875, 859.2130737304688, -208.8558807373047, 340.520751953125, -223.0679473876953, -218.62664794921875, 114.87979888916016], [-992.50341796875, 1766.412109375, -206.13255310058594, -796.11865234375, 227.535888671875, -192.67015075683594, 230.5867462158203, -61.39324951171875, 72.94647979736328, -296.8952331542969, 343.6278381347656, -146.4735107421875, 212.73202514648438], [-1198.235107421875, -206.13255310058594, 1122.798583984375, 299.6814880371094, -235.46783447265625, 6.256523609161377, 40.79929733276367, -271.8961181640625, 39.31575012207031, -16.139612197875977, -16.51921844482422, 268.2919616699219, -169.61090087890625], [163.45481872558594, -796.11865234375, 299.6814880371094, 805.9984741210938, -22.776166915893555, -66.24632263183594, -113.00052642822266, -105.03118133544922, 86.39384460449219, 100.03839111328125, -122.44279479980469, 160.94805908203125, -88.66731262207031], [-290.9566345214844, 227.535888671875, -235.46783447265625, -22.776166915893555, 443.3165588378906, -55.257808685302734, -78.11353302001953, 9.34688663482666, 69.93922424316406, 0.8617333769798279, 2.0433871746063232, -62.32793045043945, 58.07417678833008], [35.23237991333008, -192.67015075683594, 6.256523609161377, -66.24632263183594, -55.257808685302734, 442.4503479003906, 189.60655212402344, -209.85269165039062, -68.77532196044922, 15.108283042907715, -43.064449310302734, -20.08970832824707, -43.778663635253906], [-482.29510498046875, 230.5867462158203, 40.79929733276367, -113.00052642822266, -78.11353302001953, 189.60655212402344, 375.8057861328125, -160.09982299804688, -63.91157913208008, -79.97776794433594, 70.40924072265625, 20.67314338684082, 1.5344568490982056], [859.2130737304688, -61.39324951171875, -271.8961181640625, -105.03118133544922, 9.34688663482666, -209.85269165039062, -160.09982299804688, 484.0133972167969, 12.657027244567871, 73.07929992675781, -7.047666072845459, -59.07405471801758, 85.69977569580078], [-208.8558807373047, 72.94647979736328, 39.31575012207031, 86.39384460449219, 69.93922424316406, -68.77532196044922, -63.91157913208008, 12.657027244567871, 211.482177734375, 16.100793838500977, -17.0899715423584, 11.913311004638672, 14.459232330322266], [340.520751953125, -296.8952331542969, -16.139612197875977, 100.03839111328125, 0.8617333769798279, 15.108283042907715, -79.97776794433594, 73.07929992675781, 16.100793838500977, 187.37022399902344, -62.66596603393555, -27.95431137084961, -29.686172485351562], [-223.0679473876953, 343.6278381347656, -16.51921844482422, -122.44279479980469, 2.0433871746063232, -43.064449310302734, 70.40924072265625, -7.047666072845459, -17.0899715423584, -62.66596603393555, 157.42420959472656, -6.804929256439209, 39.589534759521484], [-218.62664794921875, -146.4735107421875, 268.2919616699219, 160.94805908203125, -62.32793045043945, -20.08970832824707, 20.67314338684082, -59.07405471801758, 11.913311004638672, -27.95431137084961, -6.804929256439209, 176.86593627929688, -24.844682693481445], [114.87979888916016, 212.73202514648438, -169.61090087890625, -88.66731262207031, 58.07417678833008, -43.778663635253906, 1.5344568490982056, 85.69977569580078, 14.459232330322266, -29.686172485351562, 39.589534759521484, -24.844682693481445, 147.8971710205078]], "lowlevel.gfcc.icov": [[0.0011098450049757957, -0.002847194205969572, 0.0018078499706462026, -0.003028101986274123, 0.0022204529959708452, -0.003263763850554824, 0.0026522567495703697, -0.0028749005869030952, 0.002472139894962311, -0.0016441664192825556, 0.0024804137647151947, -0.0019187493016943336, 0.0017334946896880865], [-0.002847194205969572, 0.014328224584460258, -0.005903332028537989, 0.013389337807893753, -0.007916508242487907, 0.013357087969779968, -0.009865598753094673, 0.010760795325040817, -0.010234590619802475, 0.007384196389466524, -0.012410816736519337, 0.008714724332094193, -0.00894252024590969], [0.0018078499706462026, -0.005903332028537989, 0.005170759279280901, -0.005800783634185791, 0.004701915197074413, -0.005861796438694, 0.0050557381473481655, -0.004401822574436665, 0.004244964104145765, -0.003668377874419093, 0.004838673397898674, -0.006272588390856981, 0.004955707583576441], [-0.003028101986274123, 0.013389337807893753, -0.005800783634185791, 0.014937608502805233, -0.007793121971189976, 0.01355009712278843, -0.009456484578549862, 0.01138964481651783, -0.010284787975251675, 0.0057576908729970455, -0.010499553754925728, 0.006328985560685396, -0.007999604567885399], [0.0022204529959708452, -0.007916508242487907, 0.004701915197074413, -0.007793121971189976, 0.008141306228935719, -0.007772078271955252, 0.006859839893877506, -0.0059707253240048885, 0.005316011141985655, -0.004389047157019377, 0.006849292200058699, -0.004856952000409365, 0.004223435651510954], [-0.003263763850554824, 0.013357087969779968, -0.005861796438694, 0.01355009712278843, -0.007772078271955252, 0.017587248235940933, -0.01179635338485241, 0.012787406332790852, -0.009411412291228771, 0.005545942112803459, -0.009451929479837418, 0.008475705981254578, -0.008318577893078327], [0.0026522567495703697, -0.009865598753094673, 0.0050557381473481655, -0.009456484578549862, 0.006859839893877506, -0.01179635338485241, 0.012376499362289906, -0.007655118126422167, 0.007910549640655518, -0.004376776982098818, 0.00663520535454154, -0.0070403097197413445, 0.005770216230303049], [-0.0028749005869030952, 0.010760795325040817, -0.004401822574436665, 0.01138964481651783, -0.0059707253240048885, 0.012787406332790852, -0.007655118126422167, 0.013354175724089146, -0.008136198855936527, 0.0037566593382507563, -0.008654928766191006, 0.006043367087841034, -0.008112355135381222], [0.002472139894962311, -0.010234590619802475, 0.004244964104145765, -0.010284787975251675, 0.005316011141985655, -0.009411412291228771, 0.007910549640655518, -0.008136198855936527, 0.013332603499293327, -0.005645104683935642, 0.009347403421998024, -0.0060224151238799095, 0.005312060937285423], [-0.0016441664192825556, 0.007384196389466524, -0.003668377874419093, 0.0057576908729970455, -0.004389047157019377, 0.005545942112803459, -0.004376776982098818, 0.0037566593382507563, -0.005645104683935642, 0.012079685926437378, -0.005330277606844902, 0.006877508480101824, -0.0033068908378481865], [0.0024804137647151947, -0.012410816736519337, 0.004838673397898674, -0.010499553754925728, 0.006849292200058699, -0.009451929479837418, 0.00663520535454154, -0.008654928766191006, 0.009347403421998024, -0.005330277606844902, 0.020342044532299042, -0.007169568445533514, 0.006004766561090946], [-0.0019187493016943336, 0.008714724332094193, -0.006272588390856981, 0.006328985560685396, -0.004856952000409365, 0.008475705981254578, -0.0070403097197413445, 0.006043367087841034, -0.0060224151238799095, 0.006877508480101824, -0.007169568445533514, 0.016612382605671883, -0.0067775365896523], [0.0017334946896880865, -0.00894252024590969, 0.004955707583576441, -0.007999604567885399, 0.004223435651510954, -0.008318577893078327, 0.005770216230303049, -0.008112355135381222, 0.005312060937285423, -0.0033068908378481865, 0.006004766561090946, -0.0067775365896523, 0.0157561544328928]], "lowlevel.mfcc.cov": [[4883.52783203125, -1212.478515625, -1015.625244140625, -178.16441345214844, 237.12669372558594, -759.8931884765625, 149.5159149169922, -280.7743225097656, 286.4086608886719, 470.4398193359375, -76.36305236816406, 8.88255500793457, -13.843040466308594], [-1212.478515625, 2226.591796875, -482.86932373046875, -538.075439453125, 49.17487716674805, -411.8197326660156, 256.4181823730469, 20.031572341918945, -23.620670318603516, -37.38739013671875, -82.27274322509766, 108.06693267822266, -40.674007415771484], [-1015.625244140625, -482.86932373046875, 1281.3748779296875, 227.01242065429688, -332.4936218261719, 414.5653991699219, -183.21006774902344, 167.81640625, -118.36341094970703, -275.2017517089844, 99.63737487792969, 8.4475679397583, 87.64910125732422], [-178.16441345214844, -538.075439453125, 227.01242065429688, 714.7781372070312, 150.83746337890625, -3.458908796310425, -227.3146514892578, 27.770626068115234, 15.503527641296387, -118.3122787475586, 50.14815902709961, 84.55115509033203, 118.83657836914062], [237.12669372558594, 49.17487716674805, -332.4936218261719, 150.83746337890625, 498.70037841796875, -239.671142578125, -112.56664276123047, -98.90977478027344, 86.14164733886719, 66.67644500732422, -22.58948516845703, 67.52759552001953, 47.4766960144043], [-759.8931884765625, -411.8197326660156, 414.5653991699219, -3.458908796310425, -239.671142578125, 948.1890258789062, -54.07161331176758, 78.48640441894531, -117.83744812011719, -54.61610412597656, 66.0708236694336, -166.9957275390625, -93.46330261230469], [149.5159149169922, 256.4181823730469, -183.21006774902344, -227.3146514892578, -112.56664276123047, -54.07161331176758, 330.4862060546875, -0.16031770408153534, -43.673561096191406, 39.82939147949219, -43.52159881591797, -16.757457733154297, -48.90107727050781], [-280.7743225097656, 20.031572341918945, 167.81640625, 27.770626068115234, -98.90977478027344, 78.48640441894531, -0.16031770408153534, 193.68577575683594, -23.943445205688477, -65.85053253173828, -11.643697738647461, -8.410393714904785, -4.982806205749512], [286.4086608886719, -23.620670318603516, -118.36341094970703, 15.503527641296387, 86.14164733886719, -117.83744812011719, -43.673561096191406, -23.943445205688477, 191.36488342285156, 52.9708366394043, 5.333996295928955, 9.053560256958008, 41.987525939941406], [470.4398193359375, -37.38739013671875, -275.2017517089844, -118.3122787475586, 66.67644500732422, -54.61610412597656, 39.82939147949219, -65.85053253173828, 52.9708366394043, 225.8840789794922, -8.545859336853027, -7.639560222625732, -45.12468338012695], [-76.36305236816406, -82.27274322509766, 99.63737487792969, 50.14815902709961, -22.58948516845703, 66.0708236694336, -43.52159881591797, -11.643697738647461, 5.333996295928955, -8.545859336853027, 139.63063049316406, 3.7421348094940186, 17.192480087280273], [8.88255500793457, 108.06693267822266, 8.4475679397583, 84.55115509033203, 67.52759552001953, -166.9957275390625, -16.757457733154297, -8.410393714904785, 9.053560256958008, -7.639560222625732, 3.7421348094940186, 161.10589599609375, 39.359710693359375], [-13.843040466308594, -40.674007415771484, 87.64910125732422, 118.83657836914062, 47.4766960144043, -93.46330261230469, -48.90107727050781, -4.982806205749512, 41.987525939941406, -45.12468338012695, 17.192480087280273, 39.359710693359375, 173.1753692626953]], "lowlevel.mfcc.icov": [[0.0005486209993250668, 0.0005642108153551817, 0.0003603359218686819, 0.00036766668199561536, 0.00013983288954477757, 0.0004576119827106595, -0.0001301422162214294, 0.00013658934039995074, -0.0002706805826164782, -0.00023482974211219698, 2.587694143585395e-05, -0.00019912500283680856, -3.5358621971681714e-05], [0.0005642108153551817, 0.0013636595103889704, 0.000694243935868144, 0.0011172597296535969, -4.047893526148982e-06, 0.0005978962290100753, -0.00022378723951987922, -0.0001927065459312871, -0.00013992028834763914, 0.0005909223691560328, -7.637370435986668e-05, -0.0009200891945511103, -9.301450336351991e-05], [0.0003603359218686819, 0.000694243935868144, 0.0021365180145949125, 0.0004984408733434975, 0.001034409273415804, -0.0001240090059582144, 0.0007989220903255045, -0.0005044060526415706, 0.0002772485895548016, 0.0013264917070046067, -0.00046638306230306625, -0.0011125362943857908, -0.0007933747838251293], [0.00036766668199561536, 0.0011172597296535969, 0.0004984408733434975, 0.003183640306815505, -0.0006258930079638958, 0.00026300057652406394, 0.0008471429464407265, -0.000534672406502068, 0.00010850078251678497, 0.0013672796776518226, -0.00041603276622481644, -0.0015892640221863985, -0.0008753063739277422], [0.00013983288954477757, -4.047893526148982e-06, 0.001034409273415804, -0.0006258930079638958, 0.0037611823063343763, 0.0003381294081918895, 0.0013952611479908228, 0.0010186790022999048, -0.0003585567756090313, -0.0003364066651556641, 0.0005914006615057588, -0.0006660655490122736, -0.00041721860179677606], [0.0004576119827106595, 0.0005978962290100753, -0.0001240090059582144, 0.00026300057652406394, 0.0003381294081918895, 0.002223346382379532, 0.0001342406467301771, -9.567014058120549e-05, 0.00042936287354677916, -0.00040988888940773904, -0.0005352540174499154, 0.0014059515669941902, 0.0007243819418363273], [-0.0001301422162214294, -0.00022378723951987922, 0.0007989220903255045, 0.0008471429464407265, 0.0013952611479908228, 0.0001342406467301771, 0.004966188687831163, -0.00013618069351650774, 0.001200576894916594, 4.107678614673205e-05, 0.000614848337136209, -0.0002874783822335303, -0.00023637324920855463], [0.00013658934039995074, -0.0001927065459312871, -0.0005044060526415706, -0.000534672406502068, 0.0010186790022999048, -9.567014058120549e-05, -0.00013618069351650774, 0.006735276896506548, -0.000585689558647573, 0.0007610868196934462, 0.00123391835950315, 0.00013392134860623628, 0.0005996713298372924], [-0.0002706805826164782, -0.00013992028834763914, 0.0002772485895548016, 0.00010850078251678497, -0.0003585567756090313, 0.00042936287354677916, 0.001200576894916594, -0.000585689558647573, 0.007123809307813644, -0.0012605469673871994, -0.0005523139843717217, 0.0007146316347643733, -0.0017803552327677608], [-0.00023482974211219698, 0.0005909223691560328, 0.0013264917070046067, 0.0013672796776518226, -0.0003364066651556641, -0.00040988888940773904, 4.107678614673205e-05, 0.0007610868196934462, -0.0012605469673871994, 0.008022536523640156, -0.0005711877020075917, -0.001225949265062809, 0.0011463150149211287], [2.587694143585395e-05, -7.637370435986668e-05, -0.00046638306230306625, -0.00041603276622481644, 0.0005914006615057588, -0.0005352540174499154, 0.000614848337136209, 0.00123391835950315, -0.0005523139843717217, -0.0005711877020075917, 0.008313189260661602, -0.0004553334438242018, -0.0004729679203592241], [-0.00019912500283680856, -0.0009200891945511103, -0.0011125362943857908, -0.0015892640221863985, -0.0006660655490122736, 0.0014059515669941902, -0.0002874783822335303, 0.00013392134860623628, 0.0007146316347643733, -0.001225949265062809, -0.0004553334438242018, 0.009427985176444054, -0.00030459632398560643], [-3.5358621971681714e-05, -9.301450336351991e-05, -0.0007933747838251293, -0.0008753063739277422, -0.00041721860179677606, 0.0007243819418363273, -0.00023637324920855463, 0.0005996713298372924, -0.0017803552327677608, 0.0011463150149211287, -0.0004729679203592241, -0.00030459632398560643, 0.008054406382143497]], "metadata.audio_properties.analysis.downmix": "mix", "metadata.audio_properties.codec": "mp3", "metadata.audio_properties.md5_encoded": "c8d553b6dbb7ee3ccff3ec13d2fea190", "metadata.tags.file_name": "1183709321926819860.mp3", "metadata.version.essentia": "2.1-beta6-dev", "metadata.version.essentia_git_sha": "v2.1_beta5-1110-g77a6a954", "metadata.version.extractor": "music 2.0", "tonal.chords_key": "G", "tonal.chords_scale": "major", "tonal.key_edma.key": "G", "tonal.key_edma.scale": "major", "tonal.key_krumhansl.key": "G", "tonal.key_krumhansl.scale": "major", "tonal.key_temperley.key": "G", "tonal.key_temperley.scale": "major", "metadata.tags.encoding": ["Lavf58.45.100"]}, "essentia_models": [{"model_name": "genre_dortmund", "activations": {"alternative": "0.24415827", "blues": "0.0028333706", "electronic": "0.019080598", "folkcountry": "0.36181054", "funksoulrnb": "0.0060498086", "jazz": "0.039592594", "pop": "0.2739664", "raphiphop": "0.005782402", "rock": "0.080267206"}}, {"model_name": "genre_rosamerica", "activations": {"classic": "0.008684569", "dance": "0.002967483", "hip hop": "0.0024305885", "jazz": "0.07683601", "pop": "0.2425086", "rhythm and blues": "0.039810214", "rock": "0.03658842", "speech": "0.08891495"}}, {"model_name": "genre_tzanetakis", "activations": {"blues": "0.325