{"song_id": "1183704343787081798", "download": "https://cdn.discordapp.com/attachments/1128313332273782784/1183704343787081798/chirp.mp4?ex=65894d93&amp", "lyrics": "Alf Stewart he lived in Summer Bay\nHe took kids to the dungeon every night and day\nAlf alf he ate tacos\nThen got the kids with scissors and nachos\nAlf stewart the lord and the master\nNoone ever god kids so faster", "style": ["Regular movements"], "essentia_features": {"lowlevel.average_loudness": 0.9560890197753906, "lowlevel.barkbands_crest.mean": 19.81352996826172, "lowlevel.barkbands_crest.stdev": 3.710630416870117, "lowlevel.barkbands_flatness_db.mean": 0.37250950932502747, "lowlevel.barkbands_flatness_db.stdev": 0.11644812673330307, "lowlevel.barkbands_kurtosis.mean": 120.32794189453125, "lowlevel.barkbands_kurtosis.stdev": 171.60328674316406, "lowlevel.barkbands_skewness.mean": 6.950669765472412, "lowlevel.barkbands_skewness.stdev": 4.918361663818359, "lowlevel.barkbands_spread.mean": 9.59005355834961, "lowlevel.barkbands_spread.stdev": 15.464509010314941, "lowlevel.dissonance.mean": 0.4722256064414978, "lowlevel.dissonance.stdev": 0.036733247339725494, "lowlevel.dynamic_complexity": 4.382489204406738, "lowlevel.erbbands_crest.mean": 11.355955123901367, "lowlevel.erbbands_crest.stdev": 4.740270614624023, "lowlevel.erbbands_flatness_db.mean": 0.21645916998386383, "lowlevel.erbbands_flatness_db.stdev": 0.05855783447623253, "lowlevel.erbbands_kurtosis.mean": 8.323283195495605, "lowlevel.erbbands_kurtosis.stdev": 21.784284591674805, "lowlevel.erbbands_skewness.mean": 0.25321164727211, "lowlevel.erbbands_skewness.stdev": 2.3742849826812744, "lowlevel.erbbands_spread.mean": 46.86374282836914, "lowlevel.erbbands_spread.stdev": 33.58345413208008, "lowlevel.hfc.mean": 10.65514850616455, "lowlevel.hfc.stdev": 16.245227813720703, "lowlevel.loudness_ebu128.integrated": -24.814327239990234, "lowlevel.loudness_ebu128.loudness_range": 1.0601863861083984, "lowlevel.loudness_ebu128.momentary.mean": -25.462291717529297, "lowlevel.loudness_ebu128.momentary.stdev": 2.5255353450775146, "lowlevel.loudness_ebu128.short_term.mean": -24.732830047607422, "lowlevel.loudness_ebu128.short_term.stdev": 0.3972751200199127, "lowlevel.melbands_crest.mean": 31.15342140197754, "lowlevel.melbands_crest.stdev": 5.405049800872803, "lowlevel.melbands_flatness_db.mean": 0.4724767506122589, "lowlevel.melbands_flatness_db.stdev": 0.14217513799667358, "lowlevel.melbands_kurtosis.mean": 238.8385467529297, "lowlevel.melbands_kurtosis.stdev": 301.1330261230469, "lowlevel.melbands_skewness.mean": 10.108346939086914, "lowlevel.melbands_skewness.stdev": 6.830221176147461, "lowlevel.melbands_spread.mean": 7.0158796310424805, "lowlevel.melbands_spread.stdev": 12.835634231567383, "lowlevel.pitch_salience.mean": 0.23172496259212494, "lowlevel.pitch_salience.stdev": 0.10823020339012146, "lowlevel.silence_rate_20dB.mean": 1.0, "lowlevel.silence_rate_20dB.stdev": 0.0, "lowlevel.silence_rate_30dB.mean": 0.8766730427742004, "lowlevel.silence_rate_30dB.stdev": 0.32881367206573486, "lowlevel.silence_rate_60dB.mean": 0.020076481625437737, "lowlevel.silence_rate_60dB.stdev": 0.14025983214378357, "lowlevel.spectral_centroid.mean": 1199.116943359375, "lowlevel.spectral_centroid.stdev": 1054.326171875, "lowlevel.spectral_complexity.mean": 8.262906074523926, "lowlevel.spectral_complexity.stdev": 11.163857460021973, "lowlevel.spectral_decrease.mean": -1.4211759769011678e-08, "lowlevel.spectral_decrease.stdev": 1.3892072381338494e-08, "lowlevel.spectral_energy.mean": 0.05460492894053459, "lowlevel.spectral_energy.stdev": 0.05299282446503639, "lowlevel.spectral_energyband_high.mean": 0.0002872300101444125, "lowlevel.spectral_energyband_high.stdev": 0.0007355562993325293, "lowlevel.spectral_energyband_low.mean": 0.050388798117637634, "lowlevel.spectral_energyband_low.stdev": 0.05100167170166969, "lowlevel.spectral_energyband_middle_high.mean": 0.0026001727674156427, "lowlevel.spectral_energyband_middle_high.stdev": 0.005263026803731918, "lowlevel.spectral_energyband_middle_low.mean": 0.0014840413350611925, "lowlevel.spectral_energyband_middle_low.stdev": 0.003359187627211213, "lowlevel.spectral_entropy.mean": 6.931695938110352, "lowlevel.spectral_entropy.stdev": 0.8850323557853699, "lowlevel.spectral_flux.mean": 0.07868745177984238, "lowlevel.spectral_flux.stdev": 0.0808371901512146, "lowlevel.spectral_kurtosis.mean": 9.699941635131836, "lowlevel.spectral_kurtosis.stdev": 11.406526565551758, "lowlevel.spectral_rms.mean": 0.006562469527125359, "lowlevel.spectral_rms.stdev": 0.003194848308339715, "lowlevel.spectral_rolloff.mean": 431.79229736328125, "lowlevel.spectral_rolloff.stdev": 1146.3023681640625, "lowlevel.spectral_skewness.mean": 1.7364866733551025, "lowlevel.spectral_skewness.stdev": 1.3360337018966675, "lowlevel.spectral_spread.mean": 3158855.25, "lowlevel.spectral_spread.stdev": 1697501.0, "lowlevel.spectral_strongpeak.mean": 0.32985299825668335, "lowlevel.spectral_strongpeak.stdev": 0.20556417107582092, "lowlevel.zerocrossingrate.mean": 0.018230723217129707, "lowlevel.zerocrossingrate.stdev": 0.02787870541214943, "metadata.audio_properties.analysis.equal_loudness": 0.0, "metadata.audio_properties.analysis.length": 24.2559871673584, "metadata.audio_properties.analysis.sample_rate": 44100.0, "metadata.audio_properties.analysis.start_time": 0.0, "metadata.audio_properties.bit_rate": 115549.0, "metadata.audio_properties.length": 24.256000518798828, "metadata.audio_properties.lossless": 0.0, "metadata.audio_properties.number_channels": 1.0, "metadata.audio_properties.replay_gain": -3.0092620849609375, "metadata.audio_properties.sample_rate": 48000.0, "rhythm.beats_count": 45.0, "rhythm.beats_loudness.mean": 0.06160787492990494, "rhythm.beats_loudness.stdev": 0.04914075881242752, "rhythm.bpm": 113.99940490722656, "rhythm.bpm_histogram_first_peak_bpm": 115.0, "rhythm.bpm_histogram_first_peak_weight": 0.3999999761581421, "rhythm.bpm_histogram_second_peak_bpm": 108.0, "rhythm.bpm_histogram_second_peak_spread": 0.25, "rhythm.bpm_histogram_second_peak_weight": 0.06818182021379471, "rhythm.danceability": 1.8377926349639893, "rhythm.onset_rate": 3.0070278644561768, "tonal.chords_changes_rate": 0.022900763899087906, "tonal.chords_number_rate": 0.0057251909747719765, "tonal.chords_strength.mean": 0.5518671274185181, "tonal.chords_strength.stdev": 0.06701133400201797, "tonal.hpcp_crest.mean": 11.6687593460083, "tonal.hpcp_crest.stdev": 5.036684513092041, "tonal.hpcp_entropy.mean": 2.326713800430298, "tonal.hpcp_entropy.stdev": 0.7485640048980713, "tonal.key_edma.strength": 0.6614142656326294, "tonal.key_krumhansl.strength": 0.6713487505912781, "tonal.key_temperley.strength": 0.6780010461807251, "tonal.tuning_diatonic_strength": 0.5692926645278931, "tonal.tuning_equal_tempered_deviation": 0.33564484119415283, "tonal.tuning_frequency": 434.193115234375, "tonal.tuning_nontempered_energy_ratio": 0.9623214602470398, "lowlevel.barkbands.mean": [0.008426046930253506, 0.038927655667066574, 0.0029005298856645823, 0.0006640686187893152, 0.0001827188825700432, 5.5419994168914855e-05, 0.00026508941664360464, 0.00015815813094377518, 0.0001345461350865662, 0.0001421283232048154, 0.0002173616667278111, 0.00017859220679383725, 0.00022300015552900732, 0.00013074031448923051, 0.00011803123925346881, 0.00013034760195296258, 0.00022434067795984447, 0.0007618985837325454, 0.00029835457098670304, 0.00027693051379173994, 6.510380626423284e-05, 4.120837911614217e-05, 4.98150875500869e-05, 2.5073200959013775e-05, 5.686727490683552e-06, 2.0110580862819916e-06, 9.725844307695297e-08], "lowlevel.barkbands.stdev": [0.00875830464065075, 0.04021616652607918, 0.007651688065379858, 0.002508800942450762, 0.0004980633966624737, 0.00021290770382620394, 0.0010651606135070324, 0.0006802954594604671, 0.0005156006081961095, 0.0008435412310063839, 0.0010847322409972548, 0.000636899727396667, 0.0008252850384451449, 0.0004299049323890358, 0.0002871160686481744, 0.0002875709906220436, 0.0004854360595345497, 0.0021207062527537346, 0.0008407525019720197, 0.0008357870392501354, 0.00017951862537302077, 0.00010681440471671522, 0.00024833669885993004, 0.0001391904370393604, 3.307012593722902e-05, 1.1428228390286677e-05, 6.694863827760855e-07], "lowlevel.erbbands.mean": [2.1639037132263184, 4.55049991607666, 3.5686957836151123, 3.318679094314575, 1.0446312427520752, 0.6140041947364807, 0.3447187840938568, 0.5956373810768127, 2.2213025093078613, 5.354701995849609, 2.979340076446533, 3.2450339794158936, 3.1342849731445312, 8.571648597717285, 6.669789791107178, 7.726090908050537, 9.962398529052734, 8.032989501953125, 5.617502212524414, 7.178281784057617, 7.772480487823486, 14.678707122802734, 41.211360931396484, 25.514577865600586, 13.128107070922852, 13.111552238464355, 3.9524803161621094, 2.212481737136841, 1.6211166381835938, 1.367739200592041, 1.365334391593933, 0.8172712922096252, 0.2763844430446625, 0.09188027679920197, 0.025257673114538193, 0.010257676243782043, 0.003612372325733304, 0.0005405540578067303, 3.809685949818231e-05, 6.076771751395427e-05], "lowlevel.erbbands.stdev": [2.2196130752563477, 5.887716770172119, 8.628318786621094, 9.268986701965332, 3.8858914375305176, 1.5665233135223389, 1.2762662172317505, 2.2339911460876465, 7.604179382324219, 21.91607093811035, 11.769842147827148, 13.882379531860352, 10.978156089782715, 48.0418815612793, 26.591447830200195, 27.855716705322266, 37.19137191772461, 27.192007064819336, 13.63791561126709, 15.287686347961426, 16.81484603881836, 32.21321487426758, 117.69959259033203, 67.78082275390625, 36.520206451416016, 39.91758346557617, 11.64696979522705, 5.856011390686035, 4.303739547729492, 4.742703914642334, 7.147276401519775, 4.492053031921387, 1.6107245683670044, 0.5668025016784668, 0.1476462334394455, 0.06333905458450317, 0.020552750676870346, 0.003151388606056571, 7.841077604098246e-05, 5.810657603433356e-05], "lowlevel.gfcc.mean": [-159.69598388671875, 122.9605484008789, -97.01947784423828, 68.4315414428711, 1.3828437328338623, 28.728532791137695, 3.9408843517303467, 19.134374618530273, 4.142909049987793, -1.1145524978637695, 3.9123218059539795, -7.566918849945068, -7.696028709411621], "lowlevel.melbands.mean": [0.01452942006289959, 0.0029348433017730713, 0.0004973394679836929, 4.995366180082783e-05, 1.4650278899352998e-05, 1.2814291949325707e-05, 4.044473098474555e-05, 5.5150561820482835e-05, 2.1876610844628885e-05, 2.0298519302741624e-05, 1.5046802218421362e-05, 3.3757169148884714e-05, 2.4989600206026807e-05, 2.0142924768151715e-05, 1.980148590519093e-05, 2.2610485757468268e-05, 1.383184007863747e-05, 8.930606782087125e-06, 8.99551832844736e-06, 9.645267709856853e-06, 8.764270205574576e-06, 1.2887844604847487e-05, 2.6280384190613404e-05, 4.028061812277883e-05, 1.9017834347323515e-05, 8.687536137585994e-06, 1.1338210242684e-05, 7.742068191873841e-06, 2.6524949134909548e-06, 1.4569293398380978e-06, 1.1861486655107e-06, 9.641845508667757e-07, 6.716156804031925e-07, 8.308419410241186e-07, 8.082895988081873e-07, 6.420511908800108e-07, 4.6521591912096483e-07, 2.192090562402882e-07, 9.861918215392507e-08, 6.51698712772486e-08], "lowlevel.melbands.stdev": [0.014683113433420658, 0.004953691735863686, 0.0013937512412667274, 0.00015119041199795902, 4.557182910502888e-05, 4.8224825150100514e-05, 0.00014254437701310962, 0.00021427446336019784, 8.636008715257049e-05, 8.668674854561687e-05, 5.562025398830883e-05, 0.00019170215819031, 0.00010896865569520742, 7.41304102120921e-05, 6.966722867218778e-05, 8.473859634250402e-05, 4.8488363972865045e-05, 2.2847008949611336e-05, 2.156903428840451e-05, 2.0224131731083617e-05, 1.988955591514241e-05, 2.767227306321729e-05, 6.952988042030483e-05, 0.00011597228149184957, 5.236856304691173e-05, 2.4954957552836277e-05, 3.391100108274259e-05, 2.431119173706975e-05, 8.23612299427623e-06, 4.139337306696689e-06, 3.1492688776779687e-06, 2.571684262875351e-06, 1.942261633303133e-06, 3.3488495319033973e-06, 4.244617230142467e-06, 3.6068604458705522e-06, 2.7059170406573685e-06, 1.3075512015348068e-06, 6.347294174702256e-07, 4.1231675140807056e-07], "lowlevel.melbands128.mean": [0.008055674843490124, 0.022004185244441032, 0.014625033363699913, 0.005401930771768093, 0.0019331338116899133, 0.0014240096788853407, 0.0007370936800725758, 0.00023207800404634327, 7.431858830386773e-05, 4.470853673410602e-05, 3.2451353035867214e-05, 1.97298577404581e-05, 1.0403523447166663e-05, 6.5352678575436585e-06, 1.1699652532115579e-05, 1.6009931641747244e-05, 2.1573612684733234e-05, 3.8990710891084746e-05, 6.999159813858569e-05, 7.167508010752499e-05, 4.114615512662567e-05, 2.8619650038308464e-05, 1.714997415547259e-05, 1.7583410226507112e-05, 2.2732041543349624e-05, 2.1969683075440116e-05, 1.3740881513513159e-05, 1.2542447620944586e-05, 1.666867501626257e-05, 2.511521779524628e-05, 4.376612196210772e-05, 4.5081760617904365e-05, 1.6904727090150118e-05, 1.911006802401971e-05, 1.7555834347149357e-05, 2.2374677428160794e-05, 2.0772477000718936e-05, 1.84848304343177e-05, 1.860957854660228e-05, 2.470066465320997e-05, 2.5131343136308715e-05, 1.8405800801701844e-05, 1.2711217095784377e-05, 1.3146178389433771e-05, 9.773066267371178e-06, 7.917501534393523e-06, 7.892188477853779e-06, 7.893551810411736e-06, 1.0509016647120006e-05, 1.0276274224452209e-05, 8.949647053668741e-06, 1.0015495718107559e-05, 8.013073966139928e-06, 7.699321940890513e-06, 1.1345719030941837e-05, 1.2522728866315447e-05, 1.55052293848712e-05, 1.6589570805081166e-05, 2.7710440917871892e-05, 4.961223385180347e-05, 4.787253055837937e-05, 2.9646753318957053e-05, 2.1515546904993244e-05, 1.831138251873199e-05, 9.394315384270158e-06, 8.704349056642968e-06, 7.552599527116399e-06, 8.02078557171626e-06, 1.4285619727161247e-05, 1.3202767149778083e-05, 8.486488695780281e-06, 4.240790985932108e-06, 3.6473416002991144e-06, 2.4459752694383496e-06, 1.4817528608546127e-06, 1.4752273500562296e-06, 1.4743791325599886e-06, 1.2065775081282482e-06, 1.2582369208757882e-06, 9.946282943928964e-07, 1.0005579724747804e-06, 1.0142174460270326e-06, 7.429727020280552e-07, 6.194732122821733e-07, 6.09060862188926e-07, 7.157333925533749e-07, 9.781766721062013e-07, 9.260197089133726e-07, 6.772319807168969e-07, 8.661803008180868e-07, 7.966869475239946e-07, 5.165724701328145e-07, 4.668993938139465e-07, 5.604221655630681e-07, 3.9145629671111237e-07, 3.020788312824152e-07, 1.8036026006029715e-07, 1.0253744164856471e-07, 9.319671079310865e-08, 1.014998929349531e-07, 9.000638101497316e-08, 6.07506933647528e-08, 3.139623316883444e-08, 3.115034985512466e-08, 2.6117618290300015e-08, 2.2397061982815103e-08, 2.1374859215939068e-08, 1.542388083919377e-08, 1.9651288596378436e-08, 1.675412697466072e-08, 1.1838729996327402e-08, 1.490529477621294e-08, 1.0604417788329101e-08, 9.832444192170442e-09, 7.928799838907707e-09, 5.5109179442069944e-09, 3.466805287288821e-09, 6.856939460675449e-10, 1.462438503629926e-11, 1.022971204273082e-11, 4.9535514579091e-12, 5.2554662011150555e-12, 3.808129592913767e-12, 3.7138486730370346e-12, 3.433658956122909e-12, 2.9890105147922785e-12, 2.7493697422886765e-12, 2.7035520090007426e-12], "lowlevel.melbands128.stdev": [0.008342893794178963, 0.02288237400352955, 0.01624191738665104, 0.008284174837172031, 0.004989417735487223, 0.003624721197411418, 0.0021270383149385452, 0.0009741616086103022, 0.0003193902666680515, 0.00013661253615282476, 9.52855043578893e-05, 6.631270662182942e-05, 5.7724832004169e-05, 2.126314939232543e-05, 5.0762802857207134e-05, 8.746541425352916e-05, 9.117530862567946e-05, 0.000167171994689852, 0.0003543519414961338, 0.000347302935551852, 0.00020803557708859444, 0.0001763755572028458, 8.451126632280648e-05, 8.875682397047058e-05, 0.00013870630937162787, 0.00010001294140238315, 5.919595423620194e-05, 5.8818943216465414e-05, 8.891646575648338e-05, 0.00020779937040060759, 0.0003045529592782259, 0.0002743860241025686, 7.882014324422926e-05, 0.0001334503322141245, 7.095726323314011e-05, 0.00011474165512481704, 9.78073658188805e-05, 7.251174247357994e-05, 0.00011984400771325454, 0.000110675158794038, 0.0001152261029346846, 8.192128734663129e-05, 8.331354183610529e-05, 4.57589267170988e-05, 3.099159584962763e-05, 2.5661800464149565e-05, 2.6201560103800148e-05, 2.195870183641091e-05, 2.8443208066164516e-05, 2.3297563529922627e-05, 2.2730917407898232e-05, 2.451672662573401e-05, 2.4195014702854678e-05, 2.0136789316893555e-05, 2.6881507437792607e-05, 2.9142422135919333e-05, 3.987646414316259e-05, 4.407133747008629e-05, 8.313469879794866e-05, 0.00016448363021481782, 0.0001529392902739346, 8.647427603136748e-05, 6.286046118475497e-05, 5.9109937865287066e-05, 2.8802238375646994e-05, 2.6724203053163365e-05, 2.575086909928359e-05, 2.4748092982918024e-05, 4.7365003410959616e-05, 4.5202599721960723e-05, 3.0119017537799664e-05, 1.4739584003109485e-05, 1.3064019185549114e-05, 7.653879038116429e-06, 4.6382647269638255e-06, 4.647852165362565e-06, 4.320822881709319e-06, 3.6196900055074366e-06, 3.6979440665163565e-06, 2.5544295567669906e-06, 2.6735144729173044e-06, 3.3529695429024287e-06, 2.2897877443028847e-06, 1.8702045281315804e-06, 2.075844804494409e-06, 2.6901693672698457e-06, 4.434342372405808e-06, 5.375089585868409e-06, 3.508433337628958e-06, 5.220240382186603e-06, 4.9713071348378435e-06, 2.8011163522023708e-06, 2.5102162908297032e-06, 3.7424638321681414e-06, 2.4536275304853916e-06, 1.8049413483822718e-06, 1.2237891269251122e-06, 7.469986940122908e-07, 6.008187369843654e-07, 6.944968617972336e-07, 6.320681791294191e-07, 4.3536911675801093e-07, 1.8389548017694324e-07, 1.9990768862498953e-07, 1.7259779383493878e-07, 1.4364815115186502e-07, 1.5478826753678732e-07, 1.2810001237539836e-07, 1.2274732341666095e-07, 1.1070618910480334e-07, 7.811458146989025e-08, 1.0272957240431424e-07, 5.784156442700805e-08, 6.161245380553737e-08, 5.7739462988593004e-08, 3.425189731842693e-08, 2.2448213954362473e-08, 6.602629998297971e-09, 3.318959551634748e-10, 1.968049889722323e-10, 3.4511820484750544e-11, 4.5394573516821524e-11, 8.026566390706424e-12, 7.884661673562832e-12, 7.765248513647016e-12, 7.680845542923365e-12, 7.609738360281337e-12, 7.568444135297447e-12], "lowlevel.mfcc.mean": [-808.242919921875, 144.3211669921875, -6.9998555183410645, 58.95497131347656, 32.380516052246094, 31.744043350219727, 24.638395309448242, 32.79877471923828, 12.961233139038086, 21.50341796875, 18.68292999267578, 13.472678184509277, 8.129303932189941], "lowlevel.spectral_contrast_coeffs.mean": [-0.6753893494606018, -0.8187859058380127, -0.837378740310669, -0.8378486633300781, -0.7887271046638489, -0.7454157471656799], "lowlevel.spectral_contrast_coeffs.stdev": [0.07520703226327896, 0.08591820299625397, 0.06127585470676422, 0.0531618557870388, 0.059012431651353836, 0.08124751597642899], "lowlevel.spectral_contrast_valleys.mean": [-7.8052978515625, -8.5894775390625, -8.831666946411133, -8.77310848236084, -8.949426651000977, -12.62837028503418], "lowlevel.spectral_contrast_valleys.stdev": [1.057815670967102, 1.2477229833602905, 1.400155782699585, 1.5012375116348267, 1.7828216552734375, 1.3319092988967896], "rhythm.beats_loudness_band_ratio.mean": [0.8690388202667236, 0.00336301326751709, 0.016474895179271698, 0.03473525494337082, 0.04510461911559105, 0.03312251716852188], "rhythm.beats_loudness_band_ratio.stdev": [0.13475212454795837, 0.00690250052139163, 0.03106786124408245, 0.0701369047164917, 0.066668301820755, 0.05456545948982239], "tonal.hpcp.mean": [0.012948884628713131, 0.011816469021141529, 0.01950581558048725, 0.024669189006090164, 0.022385720163583755, 0.04079749062657356, 0.11546146124601364, 0.26333922147750854, 0.21199841797351837, 0.05421220138669014, 0.03109072893857956, 0.014892017468810081, 0.008212372660636902, 0.012806430459022522, 0.013560853898525238, 0.013781905174255371, 0.016865426674485207, 0.018577847629785538, 0.019068840891122818, 0.024339770898222923, 0.038762837648391724, 0.11440671235322952, 0.45848697423934937, 0.4696773588657379, 0.12231706082820892, 0.03574998304247856, 0.03735682740807533, 0.03378383070230484, 0.02302074432373047, 0.02129439450800419, 0.013332598842680454, 0.010046787559986115, 0.010811034590005875, 0.01459728367626667, 0.014714794233441353, 0.011112523265182972], "tonal.hpcp.stdev": [0.08728256821632385, 0.07522092759609222, 0.10091830044984818, 0.11762934178113937, 0.09395216405391693, 0.15146751701831818, 0.22581417858600616, 0.4077375531196594, 0.3370662033557892, 0.16908185184001923, 0.1359395980834961, 0.0755510926246643, 0.06805048137903214, 0.08581821620464325, 0.09038862586021423, 0.08360615372657776, 0.0863838866353035, 0.0861034020781517, 0.11515124142169952, 0.1114681214094162, 0.1670081913471222, 0.24009889364242554, 0.43949994444847107, 0.4524357318878174, 0.22318674623966217, 0.14251217246055603, 0.15461520850658417, 0.1470535397529602, 0.1060885339975357, 0.11498617380857468, 0.06855276972055435, 0.05910146236419678, 0.0728980079293251, 0.09707218408584595, 0.09997166693210602, 0.07094977796077728], "rhythm.beats_position": [0.54566890001297, 1.09133780002594, 1.6486167907714844, 2.2058956623077393, 2.763174533843994, 3.2972335815429688, 3.8312923908233643, 4.36535120010376, 4.899410247802734, 5.421859264373779, 5.944308280944824, 6.466757297515869, 6.989206314086914, 7.511655330657959, 8.034104347229004, 8.544942855834961, 9.079002380371094, 9.60145092010498, 10.135510444641113, 10.66956901550293, 11.192017555236816, 11.71446704864502, 12.248525619506836, 12.770975112915039, 13.305033683776855, 13.827483177185059, 14.349931716918945, 14.872380256652832, 15.394829750061035, 15.905668258666992, 16.439727783203125, 16.962177276611328, 17.496234893798828, 18.03029441833496, 18.552743911743164, 19.075191497802734, 19.597640991210938, 20.12009048461914, 20.642539978027344, 21.164987564086914, 21.687437057495117, 22.22149658203125, 22.743946075439453, 23.266393661499023, 23.800453186035156], "rhythm.bpm_histogram": [0.0, 0.0, 0.0, 0.0, 0.0, 0.0, 0.0, 0.0, 0.0, 0.0, 0.0, 0.0, 0.0, 0.0, 0.0, 0.0, 0.0, 0.0, 0.0, 0.0, 0.0, 0.0, 0.0, 0.0, 0.0, 0.0, 0.0, 0.0, 0.0, 0.0, 0.0, 0.0, 0.0, 0.0, 0.0, 0.0, 0.0, 0.0, 0.0, 0.0, 0.0, 0.0, 0.0, 0.0, 0.0, 0.0, 0.0, 0.0, 0.0, 0.0, 0.0, 0.0, 0.0, 0.0, 0.0, 0.0, 0.0, 0.0, 0.0, 0.0, 0.0, 0.0, 0.0, 0.0, 0.0, 0.0, 0.0, 0.0, 0.0, 0.0, 0.0, 0.0, 0.0, 0.0, 0.0, 0.0, 0.0, 0.0, 0.0, 0.0, 0.0, 0.0, 0.0, 0.0, 0.0, 0.0, 0.0, 0.0, 0.0, 0.0, 0.0, 0.0, 0.0, 0.0, 0.0, 0.0, 0.0, 0.0, 0.0, 0.0, 0.0, 0.0, 0.0, 0.0, 0.0, 0.0, 0.0, 0.0, 0.06818182021379471, 0.0, 0.022727273404598236, 0.0, 0.3181818127632141, 0.0, 0.0, 0.5454545617103577, 0.0, 0.04545454680919647, 0.0, 0.0, 0.0, 0.0, 0.0, 0.0, 0.0, 0.0, 0.0, 0.0, 0.0, 0.0, 0.0, 0.0, 0.0, 0.0, 0.0, 0.0, 0.0, 0.0, 0.0, 0.0, 0.0, 0.0, 0.0, 0.0, 0.0, 0.0, 0.0, 0.0, 0.0, 0.0, 0.0, 0.0, 0.0, 0.0, 0.0, 0.0, 0.0, 0.0, 0.0, 0.0, 0.0, 0.0, 0.0, 0.0, 0.0, 0.0, 0.0, 0.0, 0.0, 0.0, 0.0, 0.0, 0.0, 0.0, 0.0, 0.0, 0.0, 0.0, 0.0, 0.0, 0.0, 0.0, 0.0, 0.0, 0.0, 0.0, 0.0, 0.0, 0.0, 0.0, 0.0, 0.0, 0.0, 0.0, 0.0, 0.0, 0.0, 0.0, 0.0, 0.0, 0.0, 0.0, 0.0, 0.0, 0.0, 0.0, 0.0, 0.0, 0.0, 0.0, 0.0, 0.0, 0.0, 0.0, 0.0, 0.0, 0.0, 0.0, 0.0, 0.0, 0.0, 0.0, 0.0, 0.0, 0.0, 0.0, 0.0, 0.0, 0.0, 0.0, 0.0, 0.0, 0.0, 0.0, 0.0, 0.0, 0.0, 0.0, 0.0, 0.0, 0.0, 0.0, 0.0, 0.0, 0.0, 0.0, 0.0, 0.0, 0.0, 0.0], "tonal.chords_histogram": [0.0, 2.29007625579834, 0.19083969295024872, 85.87786102294922, 0.0, 0.0, 0.0, 0.0, 0.0, 0.0, 11.4503812789917, 0.0, 0.19083969295024872, 0.0, 0.0, 0.0, 0.0, 0.0, 0.0, 0.0, 0.0, 0.0, 0.0, 0.0], "tonal.thpcp": [1.0, 0.2604278326034546, 0.07611604779958725, 0.07953721284866333, 0.07192987203598022, 0.049013953655958176, 0.04533834755420685, 0.028386717662215233, 0.021390827372670174, 0.0230180025100708, 0.031079385429620743, 0.03132957965135574, 0.023659909144043922, 0.027569744735956192, 0.02515869401395321, 0.041530244052410126, 0.052523691207170486, 0.0476619116961956, 0.08686280250549316, 0.2458314448595047, 0.5606811046600342, 0.45137032866477966, 0.11542434245347977, 0.06619592756032944, 0.03170691058039665, 0.017485136166214943, 0.02726644277572632, 0.028872700408101082, 0.029343346133828163, 0.0359085351228714, 0.03955448791384697, 0.040599871426820755, 0.051822319626808167, 0.08253077417612076, 0.2435857504606247, 0.9761742949485779], "lowlevel.gfcc.cov": [[15515.7451171875, -1291.356201171875, -5040.48828125, 970.0477905273438, -1396.4783935546875, -339.45867919921875, 27.11037826538086, 191.15219116210938, 268.1875915527344, 229.67555236816406, 229.45533752441406, 353.7200012207031, -57.69547653198242], [-1291.356201171875, 2270.310791015625, 66.61361694335938, -903.0191040039062, 364.3885192871094, -371.1460876464844, 79.60008239746094, -287.35699462890625, 195.6243896484375, -262.406005859375, 53.312461853027344, -150.19134521484375, 155.967529296875], [-5040.48828125, 66.61361694335938, 2739.115966796875, -199.507568359375, 280.4308776855469, 424.3611145019531, -104.75980377197266, -108.94817352294922, -127.62127685546875, -82.39566040039062, -210.37176513671875, -94.19671630859375, -55.279109954833984], [970.0477905273438, -903.0191040039062, -199.507568359375, 786.164306640625, -1.4381588697433472, -83.77536010742188, -95.55213165283203, 70.33924865722656, -74.87702178955078, 83.95439910888672, 43.23867416381836, 6.260223388671875, -42.167388916015625], [-1396.4783935546875, 364.3885192871094, 280.4308776855469, -1.4381588697433472, 599.4736328125, -89.66766357421875, 102.94857788085938, 35.425872802734375, -40.98094940185547, -66.25530242919922, 18.085100173950195, -146.57443237304688, 48.355838775634766], [-339.45867919921875, -371.1460876464844, 424.3611145019531, -83.77536010742188, -89.66766357421875, 472.26776123046875, 103.68260192871094, -4.053156852722168, -74.0782241821289, -40.18096160888672, -120.34124755859375, -4.662376880645752, -30.156721115112305], [27.11037826538086, 79.60008239746094, -104.75980377197266, -95.55213165283203, 102.94857788085938, 103.68260192871094, 274.3983154296875, 48.89766311645508, -43.24965286254883, -52.646644592285156, -1.558910608291626, -44.972103118896484, 21.703508377075195], [191.15219116210938, -287.35699462890625, -108.94817352294922, 70.33924865722656, 35.425872802734375, -4.053156852722168, 48.89766311645508, 194.1957244873047, -21.568851470947266, 53.44478988647461, 25.155458450317383, -8.44895076751709, -17.48612403869629], [268.1875915527344, 195.6243896484375, -127.62127685546875, -74.87702178955078, -40.98094940185547, -74.0782241821289, -43.24965286254883, -21.568851470947266, 165.45626831054688, 9.876327514648438, 20.119009017944336, 8.330053329467773, 10.858271598815918], [229.67555236816406, -262.406005859375, -82.39566040039062, 83.95439910888672, -66.25530242919922, -40.18096160888672, -52.646644592285156, 53.44478988647461, 9.876327514648438, 153.770263671875, 44.17164993286133, 24.2803897857666, -49.86102294921875], [229.45533752441406, 53.312461853027344, -210.37176513671875, 43.23867416381836, 18.085100173950195, -120.34124755859375, -1.558910608291626, 25.155458450317383, 20.119009017944336, 44.17164993286133, 132.27932739257812, 3.155402183532715, 1.0079567432403564], [353.7200012207031, -150.19134521484375, -94.19671630859375, 6.260223388671875, -146.57443237304688, -4.662376880645752, -44.972103118896484, -8.44895076751709, 8.330053329467773, 24.2803897857666, 3.155402183532715, 123.01652526855469, -1.2797315120697021], [-57.69547653198242, 155.967529296875, -55.279109954833984, -42.167388916015625, 48.355838775634766, -30.156721115112305, 21.703508377075195, -17.48612403869629, 10.858271598815918, -49.86102294921875, 1.0079567432403564, -1.2797315120697021, 75.73318481445312]], "lowlevel.gfcc.icov": [[0.00029029694269411266, -0.00048773206071928144, 0.0005272381822578609, -0.0007813200354576111, 0.00048228955711238086, -0.0006420779973268509, 4.4157008233014494e-05, -0.0005164953763596714, -9.166238305624574e-05, -0.0002456899674143642, 0.0003388182376511395, -0.0004063896194566041, 0.00031990237766876817], [-0.00048773206071928144, 0.0061035845428705215, -0.0010618645465001464, 0.006684373132884502, -0.0017953509232029319, 0.006003331393003464, -0.0008649630472064018, 0.006062764208763838, -0.0015830378979444504, 0.004929411690682173, -0.002460778458043933, 0.0050742896273732185, -0.001219349098391831], [0.0005272381822578609, -0.0010618645465001464, 0.0015777944354340434, -0.001408758806064725, 0.0003879398573189974, -0.0019363774918019772, 0.0008264007628895342, -0.0009131147526204586, 0.00018647164688445628, -0.0005501914420165122, 0.0010187014704570174, -0.0008233618573285639, 0.0010729257483035326], [-0.0007813200354576111, 0.006684373132884502, -0.001408758806064725, 0.00918768160045147, -0.0024646720848977566, 0.0067550791427493095, -7.294353417819366e-05, 0.006274797022342682, -0.0004998458898626268, 0.00494120828807354, -0.002996013732627034, 0.005709147080779076, -0.0010794964618980885], [0.00048228955711238086, -0.0017953509232029319, 0.0003879398573189974, -0.0024646720848977566, 0.004257773980498314, -0.000712221022695303, -0.000864354835357517, -0.002399920951575041, 0.0006769829778932035, -0.0008276209118776023, 0.0006706654676236212, 0.001499430974945426, -0.0009584667859598994], [-0.0006420779973268509, 0.006003331393003464, -0.0019363774918019772, 0.0067550791427493095, -0.000712221022695303, 0.010222304612398148, -0.0029747323133051395, 0.0058582862839102745, -0.0006386649911291897, 0.00486760726198554, 3.348090103827417e-06, 0.0052812667563557625, -0.0003890097141265869], [4.4157008233014494e-05, -0.0008649630472064018, 0.0008264007628895342, -7.294353417819366e-05, -0.000864354835357517, -0.0029747323133051395, 0.006511700339615345, -0.0023436204064637423, 0.0014761827187612653, 0.0008910654578357935, -0.000982163823209703, 0.000277002458460629, -0.0002695433795452118], [-0.0005164953763596714, 0.006062764208763838, -0.0009131147526204586, 0.006274797022342682, -0.002399920951575041, 0.0058582862839102745, -0.0023436204064637423, 0.01272255927324295, -0.0011415614280849695, 0.0022205011919140816, -0.0025195679627358913, 0.004943178966641426, -0.0008351794676855206], [-9.166238305624574e-05, -0.0015830378979444504, 0.00018647164688445628, -0.0004998458898626268, 0.0006769829778932035, -0.0006386649911291897, 0.0014761827187612653, -0.0011415614280849695, 0.008264527656137943, -0.0019524588715285063, 0.00022962165530771017, -0.0004458134062588215, -0.0008060297695919871], [-0.0002456899674143642, 0.004929411690682173, -0.0005501914420165122, 0.00494120828807354, -0.0008276209118776023, 0.00486760726198554, 0.0008910654578357935, 0.0022205011919140816, -0.0019524588715285063, 0.015550629235804081, -0.00492864428088069, 0.0029738498851656914, 0.005368646699935198], [0.0003388182376511395, -0.002460778458043933, 0.0010187014704570174, -0.002996013732627034, 0.0006706654676236212, 3.348090103827417e-06, -0.000982163823209703, -0.0025195679627358913, 0.00022962165530771017, -0.00492864428088069, 0.012602683156728745, -0.002142994198948145, 0.00019241242262069136], [-0.0004063896194566041, 0.0050742896273732185, -0.0008233618573285639, 0.005709147080779076, 0.001499430974945426, 0.0052812667563557625, 0.000277002458460629, 0.004943178966641426, -0.0004458134062588215, 0.0029738498851656914, -0.002142994198948145, 0.016459506005048752, -0.0036459288094192743], [0.00031990237766876817, -0.001219349098391831, 0.0010729257483035326, -0.0010794964618980885, -0.0009584667859598994, -0.0003890097141265869, -0.0002695433795452118, -0.0008351794676855206, -0.0008060297695919871, 0.005368646699935198, 0.00019241242262069136, -0.0036459288094192743, 0.020068710669875145]], "lowlevel.mfcc.cov": [[18436.94140625, -2846.58056640625, -3999.2900390625, 344.30096435546875, -1687.5089111328125, -426.0178527832031, -807.0816040039062, 30.10706329345703, -367.20098876953125, -63.26123046875, -2.8487870693206787, 289.15594482421875, 154.81549072265625], [-2846.58056640625, 2974.47021484375, -9.23239803314209, -461.1292419433594, 149.66993713378906, -84.45792388916016, -80.82656860351562, -35.66592788696289, 112.26678466796875, -221.51217651367188, 71.9252700805664, -126.31842041015625, -32.36998748779297], [-3999.2900390625, -9.23239803314209, 2004.73828125, -287.873779296875, 331.13067626953125, 302.5299072265625, 55.98845291137695, 16.93414306640625, 61.2462158203125, 1.9679126739501953, -86.28822326660156, -89.58501434326172, -21.870628356933594], [344.30096435546875, -461.1292419433594, -287.873779296875, 700.0853881835938, 171.7707061767578, -129.28565979003906, 19.30323600769043, -82.3047103881836, -100.95093536376953, 76.48089599609375, -5.994754791259766, 41.58644104003906, 18.502716064453125], [-1687.5089111328125, 149.66993713378906, 331.13067626953125, 171.7707061767578, 429.691650390625, 23.69869613647461, 70.1751937866211, -28.793472290039062, 19.70420265197754, 69.2935562133789, -11.819616317749023, -32.35091781616211, -37.181644439697266], [-426.0178527832031, -84.45792388916016, 302.5299072265625, -129.28565979003906, 23.69869613647461, 267.4946594238281, 75.45024871826172, 47.67308807373047, 55.25196838378906, -14.911050796508789, -20.25337028503418, -34.579078674316406, -42.083984375], [-807.0816040039062, -80.82656860351562, 55.98845291137695, 19.30323600769043, 70.1751937866211, 75.45024871826172, 391.7055358886719, 91.52718353271484, 75.06431579589844, 81.94773864746094, -1.6521724462509155, -3.370635747909546, -34.14264678955078], [30.10706329345703, -35.66592788696289, 16.93414306640625, -82.3047103881836, -28.793472290039062, 47.67308807373047, 91.52718353271484, 144.61260986328125, 65.4912338256836, 3.2467377185821533, -14.490228652954102, -9.212143898010254, -14.139031410217285], [-367.20098876953125, 112.26678466796875, 61.2462158203125, -100.95093536376953, 19.70420265197754, 55.25196838378906, 75.06431579589844, 65.4912338256836, 158.06666564941406, 8.335294723510742, -7.754170894622803, -16.340845108032227, -30.182584762573242], [-63.26123046875, -221.51217651367188, 1.9679126739501953, 76.48089599609375, 69.2935562133789, -14.911050796508789, 81.94773864746094, 3.2467377185821533, 8.335294723510742, 160.81346130371094, 31.816570281982422, 26.95840835571289, 4.483353614807129], [-2.8487870693206787, 71.9252700805664, -86.28822326660156, -5.994754791259766, -11.819616317749023, -20.25337028503418, -1.6521724462509155, -14.490228652954102, -7.754170894622803, 31.816570281982422, 93.4263687133789, 28.501678466796875, 15.362696647644043], [289.15594482421875, -126.31842041015625, -89.58501434326172, 41.58644104003906, -32.35091781616211, -34.579078674316406, -3.370635747909546, -9.212143898010254, -16.340845108032227, 26.95840835571289, 28.501678466796875, 79.083251953125, 29.526559829711914], [154.81549072265625, -32.36998748779297, -21.870628356933594, 18.502716064453125, -37.181644439697266, -42.083984375, -34.14264678955078, -14.139031410217285, -30.182584762573242, 4.483353614807129, 15.362696647644043, 29.526559829711914, 86.60382080078125]], "lowlevel.mfcc.icov": [[0.00024139965535141528, 0.00018733247998170555, 0.0004349482769612223, 4.561731111607514e-05, 0.00048230108222924173, -0.00018981847097165883, 0.0004878675099462271, -0.00022202098625712097, 0.0001869922416517511, -0.00021915649995207787, 0.0003565676452126354, -3.3377742511220276e-05, 3.4139404306188226e-05], [0.00018733247998170555, 0.0007440129411406815, 0.0004486224497668445, 0.0005465980502776802, -0.00023615328245796263, 0.00033451736089773476, 0.00024930498329922557, 0.00013919989578425884, -0.000205006857868284, 0.0008378592319786549, -0.0005487248999997973, 0.0007236286764964461, -0.00014229465159587562], [0.0004349482769612223, 0.0004486224497668445, 0.0016397963045164943, 0.0006504845805466175, -4.5241249608807266e-05, -0.0010211095213890076, 0.0009060001466423273, -0.00017539170221425593, 0.00045567136839963496, -0.00034970109118148685, 0.001179675804451108, 0.00021776020003017038, -0.000628377019893378], [4.561731111607514e-05, 0.0005465980502776802, 0.0006504845805466175, 0.00283754407428205, -0.001699751941487193, 0.0007387613877654076, -0.0003338427341077477, 0.0008616925915703177, 0.0009467348572798073, 0.0002645802160259336, 0.0005766565445810556, -0.0003016013070009649, -0.0003641183429863304], [0.00048230108222924173, -0.00023615328245796263, -4.5241249608807266e-05, -0.001699751941487193, 0.005542815197259188, -0.0005143278976902366, 0.0008363006054423749, 5.177843559067696e-05, -0.0001625559525564313, -0.002545124152675271, 0.0010560647351667285, 0.0006686544511467218, 0.0015290031442418694], [-0.00018981847097165883, 0.00033451736089773476, -0.0010211095213890076, 0.0007387613877654076, -0.0005143278976902366, 0.006074937060475349, -0.0012429001508280635, -0.00015665667888242751, -0.000911874114535749, 0.0015079916920512915, -0.001169865601696074, 0.0011480150278657675, 0.0016845522914081812], [0.0004878675099462271, 0.00024930498329922557, 0.0009060001466423273, -0.0003338427341077477, 0.0008363006054423749, -0.0012429001508280635, 0.004754654131829739, -0.0024650748819112778, -0.00024284879327751696, -0.0022986303083598614, 0.0009228547569364309, -0.0003436155093368143, 0.0007360863965004683], [-0.00022202098625712097, 0.00013919989578425884, -0.00017539170221425593, 0.0008616925915703177, 5.177843559067696e-05, -0.00015665667888242751, -0.0024650748819112778, 0.01063726469874382, -0.003230844158679247, 0.0006409644847735763, 0.0008102388237603009, 0.0004922951920889318, -0.0005392904859036207], [0.0001869922416517511, -0.000205006857868284, 0.00045567136839963496, 0.0009467348572798073, -0.0001625559525564313, -0.000911874114535749, -0.00024284879327751696, -0.003230844158679247, 0.009516246616840363, -0.0011410039151087403, 0.0009622163488529623, -0.00048434120253659785, 0.0017358417389914393], [-0.00021915649995207787, 0.0008378592319786549, -0.00034970109118148685, 0.0002645802160259336, -0.002545124152675271, 0.0015079916920512915, -0.0022986303083598614, 0.0006409644847735763, -0.0011410039151087403, 0.010631116107106209, -0.00423990935087204, -0.0009565326035954058, -0.000471152103273198], [0.0003565676452126354, -0.0005487248999997973, 0.001179675804451108, 0.0005766565445810556, 0.0010560647351667285, -0.001169865601696074, 0.0009228547569364309, 0.0008102388237603009, 0.0009622163488529623, -0.00423990935087204, 0.015375462360680103, -0.004665774758905172, -0.0008686529472470284], [-3.3377742511220276e-05, 0.0007236286764964461, 0.00021776020003017038, -0.0003016013070009649, 0.0006686544511467218, 0.0011480150278657675, -0.0003436155093368143, 0.0004922951920889318, -0.00048434120253659785, -0.0009565326035954058, -0.004665774758905172, 0.018707958981394768, -0.004430467262864113], [3.4139404306188226e-05, -0.00014229465159587562, -0.000628377019893378, -0.0003641183429863304, 0.0015290031442418694, 0.0016845522914081812, 0.0007360863965004683, -0.0005392904859036207, 0.0017358417389914393, -0.000471152103273198, -0.0008686529472470284, -0.004430467262864113, 0.015322869643568993]], "metadata.audio_properties.analysis.downmix": "mix", "metadata.audio_properties.codec": "mp3", "metadata.audio_properties.md5_encoded": "5cdb31de63d5d670f239f0b85dc42d95", "metadata.tags.file_name": "1183704343787081798.mp3", "metadata.version.essentia": "2.1-beta6-dev", "metadata.version.essentia_git_sha": "v2.1_beta5-1110-g77a6a954", "metadata.version.extractor": "music 2.0", "tonal.chords_key": "E", "tonal.chords_scale": "minor", "tonal.key_edma.key": "F", "tonal.key_edma.scale": "major", "tonal.key_krumhansl.key": "F", "tonal.key_krumhansl.scale": "major", "tonal.key_temperley.key": "F", "tonal.key_temperley.scale": "major", "metadata.tags.encoding": ["Lavf58.45.100"]}, "essentia_models": [{"model_name": "genre_dortmund", "activations": {"alternative": "0.15450107", "blues": "0.029941915", "electronic": "0.09594384", "folkcountry": "0.018752577", "funksoulrnb": "0.041424602", "jazz": "0.0333003", "pop": "0.008133513", "raphiphop": "0.39675212", "rock": "0.39232996"}}, {"model_name": "genre_rosamerica", "activations": {"classic": "0.