{"song_id": "1183688302998593576", "download": "https://cdn.discordapp.com/attachments/1135903449314238464/1183688302998593576/chirp.mp4?ex=65893ea3&amp", "lyrics": "[Verse]\nImagine a world where love is the guide\nNo boundaries, no hate, just peace inside\nShining bright, like stars in the night\nTogether we'll soar, taking flight\n\n[Chorus]\nOh, Imagine, oh, what a joy it would be\nWhere hearts unite, setting our spirits free\nImagine a world where we can all belong\nIn harmony, singing a unified song", "style": ["English rock"], "essentia_features": {"lowlevel.average_loudness": 0.9815349578857422, "lowlevel.barkbands_crest.mean": 11.759048461914062, "lowlevel.barkbands_crest.stdev": 3.832895517349243, "lowlevel.barkbands_flatness_db.mean": 0.1173783540725708, "lowlevel.barkbands_flatness_db.stdev": 0.0344175361096859, "lowlevel.barkbands_kurtosis.mean": 2.9019227027893066, "lowlevel.barkbands_kurtosis.stdev": 4.969101428985596, "lowlevel.barkbands_skewness.mean": 1.741045594215393, "lowlevel.barkbands_skewness.stdev": 0.9505208134651184, "lowlevel.barkbands_spread.mean": 31.051244735717773, "lowlevel.barkbands_spread.stdev": 13.31509780883789, "lowlevel.dissonance.mean": 0.4845294654369354, "lowlevel.dissonance.stdev": 0.012861143797636032, "lowlevel.dynamic_complexity": 1.0563573837280273, "lowlevel.erbbands_crest.mean": 7.968161106109619, "lowlevel.erbbands_crest.stdev": 4.375607490539551, "lowlevel.erbbands_flatness_db.mean": 0.1329914778470993, "lowlevel.erbbands_flatness_db.stdev": 0.02211252972483635, "lowlevel.erbbands_kurtosis.mean": 0.359152615070343, "lowlevel.erbbands_kurtosis.stdev": 1.6540006399154663, "lowlevel.erbbands_skewness.mean": -0.386511892080307, "lowlevel.erbbands_skewness.stdev": 0.6002943515777588, "lowlevel.erbbands_spread.mean": 49.04564666748047, "lowlevel.erbbands_spread.stdev": 19.068294525146484, "lowlevel.hfc.mean": 31.376392364501953, "lowlevel.hfc.stdev": 14.360161781311035, "lowlevel.loudness_ebu128.integrated": -11.786108016967773, "lowlevel.loudness_ebu128.loudness_range": 0.5480852127075195, "lowlevel.loudness_ebu128.momentary.mean": -11.8191499710083, "lowlevel.loudness_ebu128.momentary.stdev": 0.5541934967041016, "lowlevel.loudness_ebu128.short_term.mean": -11.757850646972656, "lowlevel.loudness_ebu128.short_term.stdev": 0.17385606467723846, "lowlevel.melbands_crest.mean": 18.700284957885742, "lowlevel.melbands_crest.stdev": 4.630497455596924, "lowlevel.melbands_flatness_db.mean": 0.18851473927497864, "lowlevel.melbands_flatness_db.stdev": 0.04272494092583656, "lowlevel.melbands_kurtosis.mean": 18.782899856567383, "lowlevel.melbands_kurtosis.stdev": 19.721595764160156, "lowlevel.melbands_skewness.mean": 3.74224591255188, "lowlevel.melbands_skewness.stdev": 1.6990798711776733, "lowlevel.melbands_spread.mean": 24.420076370239258, "lowlevel.melbands_spread.stdev": 13.476760864257812, "lowlevel.pitch_salience.mean": 0.47008371353149414, "lowlevel.pitch_salience.stdev": 0.11961645632982254, "lowlevel.silence_rate_20dB.mean": 1.0, "lowlevel.silence_rate_20dB.stdev": 0.0, "lowlevel.silence_rate_30dB.mean": 0.9897959232330322, "lowlevel.silence_rate_30dB.stdev": 0.10049833357334137, "lowlevel.silence_rate_60dB.mean": 0.001855287584476173, "lowlevel.silence_rate_60dB.stdev": 0.04303324595093727, "lowlevel.spectral_centroid.mean": 1755.2955322265625, "lowlevel.spectral_centroid.stdev": 503.7056884765625, "lowlevel.spectral_complexity.mean": 31.21335792541504, "lowlevel.spectral_complexity.stdev": 6.752371788024902, "lowlevel.spectral_decrease.mean": -1.1973539493226326e-08, "lowlevel.spectral_decrease.stdev": 6.838178912005333e-09, "lowlevel.spectral_energy.mean": 0.048036884516477585, "lowlevel.spectral_energy.stdev": 0.02617277391254902, "lowlevel.spectral_energyband_high.mean": 0.0019899627659469843, "lowlevel.spectral_energyband_high.stdev": 0.0018481228034943342, "lowlevel.spectral_energyband_low.mean": 0.028464948758482933, "lowlevel.spectral_energyband_low.stdev": 0.02479381300508976, "lowlevel.spectral_energyband_middle_high.mean": 0.007320860400795937, "lowlevel.spectral_energyband_middle_high.stdev": 0.004180173855274916, "lowlevel.spectral_energyband_middle_low.mean": 0.012369268573820591, "lowlevel.spectral_energyband_middle_low.stdev": 0.017315741628408432, "lowlevel.spectral_entropy.mean": 7.944469928741455, "lowlevel.spectral_entropy.stdev": 0.16535483300685883, "lowlevel.spectral_flux.mean": 0.1273343712091446, "lowlevel.spectral_flux.stdev": 0.06088591367006302, "lowlevel.spectral_kurtosis.mean": 2.152513265609741, "lowlevel.spectral_kurtosis.stdev": 1.0569186210632324, "lowlevel.spectral_rms.mean": 0.006643149070441723, "lowlevel.spectral_rms.stdev": 0.0016534003661945462, "lowlevel.spectral_rolloff.mean": 1433.69482421875, "lowlevel.spectral_rolloff.stdev": 1253.5068359375, "lowlevel.spectral_skewness.mean": 1.0088930130004883, "lowlevel.spectral_skewness.stdev": 0.21137748658657074, "lowlevel.spectral_spread.mean": 4599971.0, "lowlevel.spectral_spread.stdev": 736008.25, "lowlevel.spectral_strongpeak.mean": 0.6626672148704529, "lowlevel.spectral_strongpeak.stdev": 0.6037147641181946, "lowlevel.zerocrossingrate.mean": 0.06103198602795601, "lowlevel.zerocrossingrate.stdev": 0.02298668585717678, "metadata.audio_properties.analysis.equal_loudness": 0.0, "metadata.audio_properties.analysis.length": 25.001609802246094, "metadata.audio_properties.analysis.sample_rate": 44100.0, "metadata.audio_properties.analysis.start_time": 0.0, "metadata.audio_properties.bit_rate": 126619.0, "metadata.audio_properties.length": 25.002666473388672, "metadata.audio_properties.lossless": 0.0, "metadata.audio_properties.number_channels": 1.0, "metadata.audio_properties.replay_gain": -13.230249404907227, "metadata.audio_properties.sample_rate": 48000.0, "rhythm.beats_count": 66.0, "rhythm.beats_loudness.mean": 0.04443904757499695, "rhythm.beats_loudness.stdev": 0.01883794367313385, "rhythm.bpm": 161.4989776611328, "rhythm.bpm_histogram_first_peak_bpm": 161.0, "rhythm.bpm_histogram_first_peak_weight": 0.40625, "rhythm.bpm_histogram_second_peak_bpm": 152.0, "rhythm.bpm_histogram_second_peak_spread": 0.0, "rhythm.bpm_histogram_second_peak_weight": 0.015384615398943424, "rhythm.danceability": 1.8126928806304932, "rhythm.onset_rate": 3.6771316528320312, "tonal.chords_changes_rate": 0.0962962955236435, "tonal.chords_number_rate": 0.01666666753590107, "tonal.chords_strength.mean": 0.5387833714485168, "tonal.chords_strength.stdev": 0.09763292968273163, "tonal.hpcp_crest.mean": 12.952189445495605, "tonal.hpcp_crest.stdev": 6.300761699676514, "tonal.hpcp_entropy.mean": 2.2263450622558594, "tonal.hpcp_entropy.stdev": 0.8600924015045166, "tonal.key_edma.strength": 0.8450266122817993, "tonal.key_krumhansl.strength": 0.8507516384124756, "tonal.key_temperley.strength": 0.8588809370994568, "tonal.tuning_diatonic_strength": 0.8009005188941956, "tonal.tuning_equal_tempered_deviation": 0.10289646685123444, "tonal.tuning_frequency": 439.4919738769531, "tonal.tuning_nontempered_energy_ratio": 0.7889654636383057, "lowlevel.barkbands.mean": [0.0007203990244306624, 0.012140906415879726, 0.013705139048397541, 0.003607718041166663, 0.006107823457568884, 0.0008072704658843577, 0.0002465066791046411, 0.0004335613048169762, 0.00079206662485376, 0.0007186888833530247, 0.0012715808115899563, 0.0007944013341329992, 0.0006765029393136501, 0.0005679258611053228, 0.0005924939177930355, 0.0010374982375651598, 0.0006291706231422722, 0.00044774726848118007, 0.0003934217675123364, 0.0006728569860570133, 0.0004068519046995789, 0.0005089503829367459, 0.0003537764714565128, 0.00031824770849198103, 6.440561264753342e-05, 1.8890114006353542e-05, 2.076705186482286e-06], "lowlevel.barkbands.stdev": [0.0007040248601697385, 0.016953840851783752, 0.012142796069383621, 0.0035472442395985126, 0.014162377454340458, 0.0019101923098787665, 0.0005785472458228469, 0.0010515139438211918, 0.001463653868995607, 0.0015114861307665706, 0.0026426496915519238, 0.001610267674550414, 0.0009484657784923911, 0.0008058047969825566, 0.0009882429149001837, 0.0013767208438366652, 0.0006167253595776856, 0.00035904301330447197, 0.0002485492150299251, 0.0004454450972843915, 0.0003390396013855934, 0.0006055404082871974, 0.0005193112883716822, 0.0004528923309408128, 7.870901026763022e-05, 2.1205558368819766e-05, 2.0450970623642206e-06], "lowlevel.erbbands.mean": [0.23748426139354706, 3.183335065841675, 14.327000617980957, 15.496709823608398, 21.632566452026367, 15.418083190917969, 8.762703895568848, 5.73797082901001, 3.723726511001587, 5.970791339874268, 10.734536170959473, 19.611427307128906, 24.57732582092285, 23.421062469482422, 52.4503059387207, 36.59689712524414, 31.926626205444336, 29.291187286376953, 28.772506713867188, 45.38279724121094, 53.13082504272461, 34.778831481933594, 24.920738220214844, 22.732852935791016, 22.441936492919922, 32.21863555908203, 18.849132537841797, 16.402191162109375, 19.231843948364258, 14.135964393615723, 9.23681926727295, 8.643868446350098, 3.6762044429779053, 1.1260632276535034, 0.25377607345581055, 0.09656001627445221, 0.030043160542845726, 0.007929190061986446, 0.00022398581495508552, 6.395702803274617e-05], "lowlevel.erbbands.stdev": [0.39279884099960327, 4.5306315422058105, 14.921879768371582, 11.111985206604004, 48.718833923339844, 36.695152282714844, 18.64536476135254, 13.425886154174805, 10.00295352935791, 13.213648796081543, 24.341907501220703, 39.68756103515625, 53.042236328125, 41.75642013549805, 99.44747924804688, 76.83377075195312, 40.12702941894531, 40.0966911315918, 25.938528060913086, 75.25536346435547, 81.37818145751953, 27.079729080200195, 17.869056701660156, 16.490703582763672, 14.066542625427246, 21.765981674194336, 13.371112823486328, 15.378244400024414, 21.92291259765625, 20.74070167541504, 12.815932273864746, 13.314203262329102, 4.775762557983398, 1.4261326789855957, 0.28771039843559265, 0.11756951361894608, 0.039197467267513275, 0.007217855658382177, 0.00017717010632622987, 3.0321525628096424e-05], "lowlevel.gfcc.mean": [49.23341751098633, 67.64422607421875, -121.65965270996094, 62.2622184753418, -43.529327392578125, 35.40491485595703, -27.037328720092773, 6.006200313568115, -24.16170883178711, -7.926747798919678, -22.935832977294922, -6.910284519195557, -15.293778419494629], "lowlevel.melbands.mean": [0.0027044275775551796, 0.006344137247651815, 0.0028590827714651823, 0.0014361890498548746, 0.0003434311947785318, 0.00013298317207954824, 5.3449861297849566e-05, 7.054567686282098e-05, 9.892366506392136e-05, 0.00011988093319814652, 0.00011911992623936385, 8.30963472253643e-05, 0.00018781612743623555, 9.917350689647719e-05, 7.51398692955263e-05, 6.869821663713083e-05, 5.3379189921543e-05, 4.6773078793194145e-05, 4.478884511627257e-05, 7.317044219234958e-05, 6.073476106394082e-05, 3.713559272000566e-05, 2.6474475816939957e-05, 2.01660532184178e-05, 1.837452691688668e-05, 1.3457221029966604e-05, 2.2244126739678904e-05, 2.0775634766323492e-05, 1.2516828974185046e-05, 9.12069299374707e-06, 9.50397861743113e-06, 1.1726064258255064e-05, 8.759464435570408e-06, 7.497370461351238e-06, 5.261226306174649e-06, 4.99936095366138e-06, 5.470395080919843e-06, 2.9270722734509036e-06, 1.4574044371329364e-06, 7.381583486676391e-07], "lowlevel.melbands.stdev": [0.003748274641111493, 0.006668847985565662, 0.002374516800045967, 0.003504171734675765, 0.0007049093837849796, 0.00031101444619707763, 0.0001374427229166031, 0.00016713513468857855, 0.0002180181472795084, 0.000226828851737082, 0.00026749231619760394, 0.00016156271158251911, 0.0003953405830543488, 0.0001735402038320899, 0.0001287333871005103, 9.988519741455093e-05, 8.428675209870562e-05, 4.8991852963808924e-05, 6.941256287973374e-05, 9.005896572489291e-05, 0.00011158695997437462, 3.425766772124916e-05, 1.937488923431374e-05, 1.7699099771562032e-05, 1.3911160749557894e-05, 8.81318555912003e-06, 1.6597932699369267e-05, 1.4753962204849813e-05, 9.195288839691784e-06, 7.905337952252012e-06, 9.726498319651e-06, 1.3276798199512996e-05, 1.2167080967628863e-05, 1.196148332383018e-05, 7.27087581253727e-06, 7.941062904137652e-06, 8.4731091192225e-06, 3.875030870403862e-06, 1.9045683075091802e-06, 1.0039233302450157e-06], "lowlevel.melbands128.mean": [0.0003689269651658833, 0.0016095752362161875, 0.003042820608243346, 0.005948641803115606, 0.007520417217165232, 0.00647386210039258, 0.003219796344637871, 0.0015459646238014102, 0.00254831463098526, 0.0016685629962012172, 0.0006369899492710829, 0.0004085102991666645, 0.00028096575988456607, 0.00023732338740956038, 0.00013266404857859015, 7.793635450070724e-05, 6.821648275945336e-05, 4.4657637772616e-05, 3.9539507270092145e-05, 6.822823343100026e-05, 8.965595770860091e-05, 6.878577551105991e-05, 9.399066038895398e-05, 0.00012535069254226983, 0.00016099403728730977, 8.516849629813805e-05, 0.00010849248064914718, 0.00016881205374374986, 7.688647019676864e-05, 6.463655881816521e-05, 6.449114880524576e-05, 0.0001496718032285571, 0.0002644299529492855, 0.00016985564434435219, 6.593784200958908e-05, 9.608342224964872e-05, 0.00012283989053685218, 5.495803998201154e-05, 6.373594078468159e-05, 7.638242823304608e-05, 7.358645234489813e-05, 5.302739009493962e-05, 4.695142706623301e-05, 5.728889664169401e-05, 5.745298039983027e-05, 3.980662950198166e-05, 4.408157474244945e-05, 3.2605876185698435e-05, 4.609474854078144e-05, 7.676490349695086e-05, 8.325350790983066e-05, 6.398552068276331e-05, 5.854763730894774e-05, 6.939107697689906e-05, 4.270966746844351e-05, 3.278119402239099e-05, 3.24319553328678e-05, 2.887272057705559e-05, 2.48277483478887e-05, 2.0491323084570467e-05, 1.901128052850254e-05, 2.068597859761212e-05, 2.0743329514516518e-05, 1.8140251995646395e-05, 1.3623222002934199e-05, 1.2723326108243782e-05, 1.2772800801030826e-05, 1.674914892646484e-05, 2.603578286652919e-05, 2.8792082957806997e-05, 2.184125332860276e-05, 1.5896284821792506e-05, 1.4763175386178773e-05, 1.2499311196734197e-05, 8.997892109618988e-06, 9.351503649668302e-06, 8.891671313904226e-06, 9.026346560858656e-06, 9.38350240176078e-06, 9.444228453503456e-06, 1.3804043192067184e-05, 1.2027610864606686e-05, 8.83587017597165e-06, 8.943927241489291e-06, 7.865907718951348e-06, 8.296927262563258e-06, 7.277065378730185e-06, 6.082632808102062e-06, 5.083037649455946e-06, 4.770010491483845e-06, 4.562280992104206e-06, 5.050653271609917e-06, 5.74671048525488e-06, 5.847422016813653e-06, 5.321715889294865e-06, 3.784655973504414e-06, 2.356500772293657e-06, 1.641276753616694e-06, 1.5834111763979308e-06, 1.3542107808461878e-06, 9.213071052727173e-07, 6.667203251708997e-07, 4.5866747200307145e-07, 2.810294290611637e-07, 1.9752235402847873e-07, 2.1957656315407803e-07, 2.5111407353506365e-07, 2.234139060419693e-07, 1.5479203341328684e-07, 1.1848674574821416e-07, 9.51551655248295e-08, 9.315419191580077e-08, 8.948155993948603e-08, 9.911006060292493e-08, 7.553460790177269e-08, 9.54206527126189e-08, 7.807866353459758e-08, 1.4257976133080774e-08, 8.500040254988406e-11, 8.366357953648595e-12, 7.97787964162966e-12, 7.64420991783421e-12, 7.3366269656705e-12, 7.0037291938218615e-12, 6.435047373437586e-12, 5.731131715036586e-12, 5.382823093508238e-12, 5.311798310231319e-12], "lowlevel.melbands128.stdev": [0.0005842430982738733, 0.003352369414642453, 0.004914126358926296, 0.009505009278655052, 0.009700875729322433, 0.005281326826661825, 0.002643361920490861, 0.002159643918275833, 0.006088248919695616, 0.004735180642455816, 0.0016293893568217754, 0.0010045378003269434, 0.0007029515691101551, 0.0007048558909446001, 0.0003745322464965284, 0.00020861283701378852, 0.0002434609195915982, 0.00014056624786462635, 9.919496369548142e-05, 0.00016776160919107497, 0.0002887075243052095, 0.00019290453928988427, 0.0003336646477691829, 0.0003406517207622528, 0.0004591972101479769, 0.00016841827891767025, 0.00024026691971812397, 0.0004834370338357985, 0.0002087702159769833, 0.00020907504949718714, 0.00022604188416153193, 0.000394166330806911, 0.0006941150058992207, 0.00036797503707930446, 0.00013255093654152006, 0.00025808834470808506, 0.0004055016324855387, 0.00011197899584658444, 0.00014551312779076397, 0.00011405049735913053, 0.00017363345250487328, 8.556837565265596e-05, 0.00011455319327069446, 0.00013195743667893112, 0.00010620194370858371, 4.838222230318934e-05, 5.8154186262981966e-05, 4.16354087064974e-05, 0.00011450731835793704, 0.00021918922720942646, 9.76765004452318e-05, 0.0001113341495511122, 0.00013427939848043025, 0.0001908747508423403, 6.312936602625996e-05, 3.174187440890819e-05, 2.8025771825923584e-05, 2.748596489254851e-05, 2.361671249673236e-05, 1.873298970167525e-05, 2.325153946003411e-05, 2.2622036340180784e-05, 1.9500717826304026e-05, 1.6644697097945027e-05, 1.2171027265139855e-05, 1.0738195669546258e-05, 1.0230702173430473e-05, 1.5559378880425356e-05, 2.462088013999164e-05, 2.4365894205402583e-05, 2.2214764612726867e-05, 1.2945110029249918e-05, 1.286237602471374e-05, 1.1406303201511037e-05, 8.135894859151449e-06, 9.46236468735151e-06, 9.083180884772446e-06, 1.0389754606876522e-05, 1.1153759260196239e-05, 1.1848187568830326e-05, 1.665414856688585e-05, 1.5980511307134293e-05, 1.201367012981791e-05, 1.4485385690932162e-05, 1.2640023669518996e-05, 1.4858850590826478e-05, 1.3079998097964562e-05, 9.244375178241171e-06, 7.632624146935996e-06, 6.950920578674413e-06, 7.696477041463368e-06, 9.147158380073961e-06, 1.0352190656703897e-05, 9.837484867603052e-06, 7.979933798196726e-06, 5.190036063140724e-06, 3.746705033336184e-06, 2.962257894978393e-06, 2.1627918158628745e-06, 2.1392008875409374e-06, 1.4466556876868708e-06, 9.63352135840978e-07, 6.943944867998653e-07, 4.4257487274990126e-07, 2.8974221777389175e-07, 2.8169546339995577e-07, 3.2545369776926236e-07, 3.097717637956521e-07, 2.5200495201715967e-07, 1.6674069058808527e-07, 1.6661687141095172e-07, 1.593181195858051e-07, 1.4899572420290497e-07, 1.8603331852773408e-07, 1.1926512399895728e-07, 9.207029449953552e-08, 7.843974714205615e-08, 1.9220959046606367e-08, 1.8521081335265421e-09, 3.952272190077544e-11, 3.5816297844215583e-11, 3.2245685288589954e-11, 2.8957275813312755e-11, 2.477512119070102e-11, 1.7166218099773367e-11, 9.482366281066135e-12, 7.880325732234628e-12, 7.813806893186559e-12], "lowlevel.mfcc.mean": [-584.9869995117188, 83.32688903808594, -3.0546622276306152, 32.397605895996094, 15.119633674621582, 26.990224838256836, 11.608351707458496, 16.439903259277344, 6.079133033752441, 6.786496162414551, -6.828955173492432, 0.5650444030761719, -3.9687893390655518], "lowlevel.spectral_contrast_coeffs.mean": [-0.6400120258331299, -0.7966865301132202, -0.7834396362304688, -0.7989315390586853, -0.8063180446624756, -0.7058503031730652], "lowlevel.spectral_contrast_coeffs.stdev": [0.07069653272628784, 0.06397707015275955, 0.06641840934753418, 0.0387570746243, 0.0210331529378891, 0.032676126807928085], "lowlevel.spectral_contrast_valleys.mean": [-6.4995598793029785, -6.963742256164551, -6.92020320892334, -6.789795398712158, -6.611824035644531, -9.65196418762207], "lowlevel.spectral_contrast_valleys.stdev": [0.5440046787261963, 0.5382326245307922, 0.447689950466156, 0.3814876973628998, 0.3673831522464752, 0.5646811127662659], "rhythm.beats_loudness_band_ratio.mean": [0.697358250617981, 0.1563209742307663, 0.04630035161972046, 0.07437765598297119, 0.07731229066848755, 0.05157911404967308], "rhythm.beats_loudness_band_ratio.stdev": [0.12205206602811813, 0.1419862061738968, 0.05136166140437126, 0.05288753658533096, 0.0469866506755352, 0.02806788496673107], "tonal.hpcp.mean": [0.1121317446231842, 0.07682467252016068, 0.041825417429208755, 0.04150495305657387, 0.057508841156959534, 0.12131635844707489, 0.1926880031824112, 0.16507089138031006, 0.20982253551483154, 0.2672586143016815, 0.14069797098636627, 0.03789073973894119, 0.028625814244151115, 0.028948336839675903, 0.04034177213907242, 0.07855956256389618, 0.07312295585870743, 0.03457479923963547, 0.024474741891026497, 0.02258254587650299, 0.03406892344355583, 0.05606292933225632, 0.06709834933280945, 0.08690930902957916, 0.09681200236082077, 0.08015551418066025, 0.06303639709949493, 0.062125783413648605, 0.1013762429356575, 0.26553699374198914, 0.3450944125652313, 0.2066505402326584, 0.10077057033777237, 0.06884820759296417, 0.06562376022338867, 0.09429977834224701], "tonal.hpcp.stdev": [0.26809847354888916, 0.20138707756996155, 0.1379927396774292, 0.14287006855010986, 0.17150594294071198, 0.24367335438728333, 0.31765642762184143, 0.2752895653247833, 0.281454473733902, 0.37763842940330505, 0.21974141895771027, 0.08895614743232727, 0.08247176557779312, 0.08212689310312271, 0.08135094493627548, 0.140212744474411, 0.14285552501678467, 0.07138243317604065, 0.06618279218673706, 0.05692292004823685, 0.07862700521945953, 0.12408818304538727, 0.15294526517391205, 0.19206467270851135, 0.20916002988815308, 0.1919565051794052, 0.1719983071088791, 0.1732758730649948, 0.20438021421432495, 0.3421415686607361, 0.4028368890285492, 0.2965734601020813, 0.23633116483688354, 0.17444752156734467, 0.18000288307666779, 0.22403284907341003], "rhythm.beats_position": [0.3482993245124817, 0.7198185920715332, 1.09133780002594, 1.4628571271896362, 1.8459863662719727, 2.217505693435669, 2.600634813308716, 2.983764171600342, 3.3668932914733887, 3.738412618637085, 4.121541976928711, 4.493061065673828, 4.876190185546875, 5.24770975112915, 5.619228839874268, 6.0023579597473145, 6.3854875564575195, 6.757006645202637, 7.128525733947754, 7.500045299530029, 7.8715643882751465, 8.243083953857422, 8.614603042602539, 8.997732162475586, 9.380861282348633, 9.77560043334961, 10.147119522094727, 10.51863956451416, 10.890158653259277, 11.273287773132324, 11.656416893005371, 12.027935981750488, 12.399456024169922, 12.782585144042969, 13.165714263916016, 13.537233352661133, 13.90875244140625, 14.280271530151367, 14.6517915725708, 15.034920692443848, 15.406439781188965, 15.777958869934082, 16.161088943481445, 16.532608032226562, 16.91573715209961, 17.287256240844727, 17.670385360717773, 18.04190444946289, 18.425033569335938, 18.808162689208984, 19.1796817779541, 19.55120086669922, 19.934329986572266, 20.317459106445312, 20.688980102539062, 21.06049919128418, 21.432018280029297, 21.803537368774414, 22.18666648864746, 22.569795608520508, 22.941314697265625, 23.312833786010742, 23.68435287475586, 24.067481994628906, 24.450611114501953, 24.82213020324707], "rhythm.bpm_histogram": [0.0, 0.0, 0.0, 0.0, 0.0, 0.0, 0.0, 0.0, 0.0, 0.0, 0.0, 0.0, 0.0, 0.0, 0.0, 0.0, 0.0, 0.0, 0.0, 0.0, 0.0, 0.0, 0.0, 0.0, 0.0, 0.0, 0.0, 0.0, 0.0, 0.0, 0.0, 0.0, 0.0, 0.0, 0.0, 0.0, 0.0, 0.0, 0.0, 0.0, 0.0, 0.0, 0.0, 0.0, 0.0, 0.0, 0.0, 0.0, 0.0, 0.0, 0.0, 0.0, 0.0, 0.0, 0.0, 0.0, 0.0, 0.0, 0.0, 0.0, 0.0, 0.0, 0.0, 0.0, 0.0, 0.0, 0.0, 0.0, 0.0, 0.0, 0.0, 0.0, 0.0, 0.0, 0.0, 0.0, 0.0, 0.0, 0.0, 0.0, 0.0, 0.0, 0.0, 0.0, 0.0, 0.0, 0.0, 0.0, 0.0, 0.0, 0.0, 0.0, 0.0, 0.0, 0.0, 0.0, 0.0, 0.0, 0.0, 0.0, 0.0, 0.0, 0.0, 0.0, 0.0, 0.0, 0.0, 0.0, 0.0, 0.0, 0.0, 0.0, 0.0, 0.0, 0.0, 0.0, 0.0, 0.0, 0.0, 0.0, 0.0, 0.0, 0.0, 0.0, 0.0, 0.0, 0.0, 0.0, 0.0, 0.0, 0.0, 0.0, 0.0, 0.0, 0.0, 0.0, 0.0, 0.0, 0.0, 0.0, 0.0, 0.0, 0.0, 0.0, 0.0, 0.0, 0.0, 0.0, 0.0, 0.0, 0.0, 0.0, 0.015384615398943424, 0.0, 0.0, 0.0, 0.0, 0.4000000059604645, 0.0, 0.0, 0.0, 0.5846154093742371, 0.0, 0.0, 0.0, 0.0, 0.0, 0.0, 0.0, 0.0, 0.0, 0.0, 0.0, 0.0, 0.0, 0.0, 0.0, 0.0, 0.0, 0.0, 0.0, 0.0, 0.0, 0.0, 0.0, 0.0, 0.0, 0.0, 0.0, 0.0, 0.0, 0.0, 0.0, 0.0, 0.0, 0.0, 0.0, 0.0, 0.0, 0.0, 0.0, 0.0, 0.0, 0.0, 0.0, 0.0, 0.0, 0.0, 0.0, 0.0, 0.0, 0.0, 0.0, 0.0, 0.0, 0.0, 0.0, 0.0, 0.0, 0.0, 0.0, 0.0, 0.0, 0.0, 0.0, 0.0, 0.0, 0.0, 0.0, 0.0, 0.0, 0.0, 0.0, 0.0, 0.0, 0.0, 0.0, 0.0, 0.0, 0.0, 0.0, 0.0, 0.0, 0.0, 0.0, 0.0, 0.0, 0.0, 0.0, 0.0], "tonal.chords_histogram": [40.0, 18.703702926635742, 16.66666603088379, 3.5185184478759766, 0.0, 0.0, 0.0, 0.0, 3.5185184478759766, 0.0, 0.37037035822868347, 0.0, 0.37037035822868347, 0.0, 0.0, 5.370370388031006, 0.0, 4.259259223937988, 0.0, 0.0, 0.0, 0.0, 5.185184955596924, 2.0370371341705322], "tonal.thpcp": [1.0, 0.5988231897354126, 0.2920086979866028, 0.19950541853904724, 0.19016176462173462, 0.27325791120529175, 0.3249306380748749, 0.22261929512023926, 0.12119992822408676, 0.12027129530906677, 0.16664668917655945, 0.35154542326927185, 0.558363139629364, 0.478335440158844, 0.6080148816108704, 0.7744507193565369, 0.40770864486694336, 0.10979818552732468, 0.08295067399740219, 0.08388526737689972, 0.11690068244934082, 0.2276465743780136, 0.21189260482788086, 0.10018939524888992, 0.0709218755364418, 0.06543874740600586, 0.09872348606586456, 0.16245678067207336, 0.1944347620010376, 0.25184211134910583, 0.2805377244949341, 0.2322712540626526, 0.1826642006635666, 0.18002547323703766, 0.29376378655433655, 0.7694618701934814], "lowlevel.gfcc.cov": [[1484.236328125, 38.810794830322266, 106.93525695800781, 37.86959457397461, -127.37562561035156, -48.264766693115234, -115.5058822631836, -64.41426849365234, -60.34980392456055, -39.43207931518555, -46.50556564331055, 3.4587550163269043, -35.383636474609375], [38.810794830322266, 358.16033935546875, -46.41337203979492, -54.10374450683594, 52.355899810791016, -43.135345458984375, 72.63471221923828, 33.66306686401367, 51.04838562011719, 34.29690933227539, 63.20475769042969, 5.017641544342041, 57.86589813232422], [106.93525695800781, -46.41337203979492, 169.2858428955078, 87.95836639404297, -28.68170166015625, -49.56871795654297, -86.53404235839844, -45.80791091918945, -5.458995819091797, 9.832013130187988, -1.2285813093185425, 21.878190994262695, -0.39107728004455566], [37.86959457397461, -54.10374450683594, 87.95836639404297, 170.72166442871094, 49.88119125366211, -5.400534629821777, -49.06566619873047, -17.908411026000977, 41.96177291870117, 11.56434154510498, 13.129339218139648, 9.960752487182617, 17.175718307495117], [-127.37562561035156, 52.355899810791016, -28.68170166015625, 49.88119125366211, 194.34507751464844, 80.83082580566406, 104.94194793701172, 63.822017669677734, 74.4853286743164, 32.144771575927734, 34.80678939819336, 15.876564979553223, 34.908260345458984], [-48.264766693115234, -43.135345458984375, -49.56871795654297, -5.400534629821777, 80.83082580566406, 175.0332794189453, 141.25550842285156, 74.9069595336914, 21.465112686157227, -1.3505884408950806, 20.328536987304688, -7.36075496673584, -1.2926177978515625], [-115.5058822631836, 72.63471221923828, -86.53404235839844, -49.06566619873047, 104.94194793701172, 141.25550842285156, 253.19094848632812, 140.5847625732422, 75.05758666992188, 23.16226577758789, 50.13527297973633, 5.726726531982422, 5.855226039886475], [-64.41426849365234, 33.66306686401367, -45.80791091918945, -17.908411026000977, 63.822017669677734, 74.9069595336914, 140.5847625732422, 153.47076416015625, 91.69542694091797, 37.10228729248047, 24.707080841064453, -2.9346683025360107, 4.214786052703857], [-60.34980392456055, 51.04838562011719, -5.458995819091797, 41.96177291870117, 74.4853286743164, 21.465112686157227, 75.05758666992188, 91.69542694091797, 151.08079528808594, 60.95768737792969, 38.01593780517578, 6.082709789276123, 18.03568458557129], [-39.43207931518555, 34.29690933227539, 9.832013130187988, 11.56434154510498, 32.144771575927734, -1.3505884408950806, 23.16226577758789, 37.10228729248047, 60.95768737792969, 73.62353515625, 41.032073974609375, 15.074394226074219, 8.74199390411377], [-46.50556564331055, 63.20475769042969, -1.2285813093185425, 13.129339218139648, 34.80678939819336, 20.328536987304688, 50.13527297973633, 24.707080841064453, 38.01593780517578, 41.032073974609375, 77.0761489868164, 32.1254768371582, 19.360246658325195], [3.4587550163269043, 5.017641544342041, 21.878190994262695, 9.960752487182617, 15.876564979553223, -7.36075496673584, 5.726726531982422, -2.9346683025360107, 6.082709789276123, 15.074394226074219, 32.1254768371582, 59.82558059692383, 29.476730346679688], [-35.383636474609375, 57.86589813232422, -0.39107728004455566, 17.175718307495117, 34.908260345458984, -1.2926177978515625, 5.855226039886475, 4.214786052703857, 18.03568458557129, 8.74199390411377, 19.360246658325195, 29.476730346679688, 64.77978515625]], "lowlevel.gfcc.icov": [[0.000891670526470989, -0.001059888512827456, -0.0001563953992445022, -0.0007458277395926416, 0.0008587366319261491, -0.0011129090562462807, 0.0006061849417164922, -0.00020538423268590122, 9.769639291334897e-06, -1.8503884348319843e-05, 0.0014630552614107728, -0.0017075169598683715, 0.0014437236823141575], [-0.001059888512827456, 0.00836536567658186, -0.0010784213664010167, 0.004620639607310295, -0.003236653283238411, 0.00729048578068614, -0.003904515178874135, 0.001065663993358612, -0.0003798942198045552, 0.0016350779915228486, -0.009227338247001171, 0.010246490128338337, -0.009129519574344158], [-0.0001563953992445022, -0.0010784213664010167, 0.011327662505209446, -0.006744420155882835, 0.002464441116899252, -0.00034441417665220797, 0.0012776012299582362, 0.00016688311006873846, 0.0010926307877525687, -0.003457354847341776, 0.0033480594865977764, -0.006422699429094791, 0.0033575352281332016], [-0.0007458277395926416, 0.004620639607310295, -0.006744420155882835, 0.015547935850918293, -0.006157116498798132, 0.0015465323813259602, 0.002843977650627494, 0.0013448904501274228, -0.005462039727717638, 0.005710747558623552, -0.009136294946074486, 0.008074553683400154, -0.00588735518977046], [0.0008587366319261491, -0.003236653283238411, 0.002464441116899252, -0.006157116498798132, 0.011894980445504189, -0.005201887339353561, -0.002106436062604189, 0.0012855499517172575, -0.0014371320139616728, -0.0038399132899940014, 0.006220759823918343, -0.005491198971867561, 0.0001584950223332271], [-0.0011129090562462807, 0.00729048578068614, -0.00034441417665220797, 0.0015465323813259602, -0.005201887339353561, 0.01906605437397957, -0.010104754939675331, -0.0008275786531157792, 0.003658715169876814, 0.0024149389937520027, -0.008717981167137623, 0.011240147054195404, -0.007235257886350155], [0.0006061849417164922, -0.003904515178874135, 0.0012776012299582362, 0.002843977650627494, -0.002106436062604189, -0.010104754939675331, 0.01885288394987583, -0.009338940493762493, -0.0022057860624045134, 0.0051865060813724995, -0.0033190802205353975, -0.006155805662274361, 0.006616839673370123], [-0.00020538423268590122, 0.001065663993358612, 0.00016688311006873846, 0.0013448904501274228, 0.0012855499517172575, -0.0008275786531157792, -0.009338940493762493, 0.020085308700799942, -0.00798823218792677, -0.004388509783893824, 0.0040702298283576965, 0.0016689650947228074, -0.0017512483755126595], [9.769639291334897e-06, -0.0003798942198045552, 0.0010926307877525687, -0.005462039727717638, -0.0014371320139616728, 0.003658715169876814, -0.0022057860624045134, -0.00798823218792677, 0.01816222444176674, -0.009190680459141731, 0.0003341000119689852, 0.0022593538742512465, -0.00157824472989887], [-1.8503884348319843e-05, 0.0016350779915228486, -0.003457354847341776, 0.005710747558623552, -0.0038399132899940014, 0.0024149389937520027, 0.0051865060813724995, -0.004388509783893824, -0.009190680459141731, 0.03079015389084816, -0.01629369892179966, 0.002091676462441683, 0.0012499828590080142], [0.0014630552614107728, -0.009227338247001171, 0.0033480594865977764, -0.009136294946074486, 0.006220759823918343, -0.008717981167137623, -0.0033190802205353975, 0.0040702298283576965, 0.0003341000119689852, -0.01629369892179966, 0.039042647927999496, -0.022351793944835663, 0.008601422421634197], [-0.0017075169598683715, 0.010246490128338337, -0.006422699429094791, 0.008074553683400154, -0.005491198971867561, 0.011240147054195404, -0.006155805662274361, 0.0016689650947228074, 0.0022593538742512465, 0.002091676462441683, -0.022351793944835663, 0.04270148649811745, -0.022295694798231125], [0.0014437236823141575, -0.009129519574344158, 0.0033575352281332016, -0.00588735518977046, 0.0001584950223332271, -0.007235257886350155, 0.006616839673370123, -0.0017512483755126595, -0.00157824472989887, 0.0012499828590080142, 0.008601422421634197, -0.022295694798231125, 0.033093247562646866]], "lowlevel.mfcc.cov": [[1024.0899658203125, 4.135369300842285, 122.1109848022461, 30.717430114746094, -27.194307327270508, -12.394474983215332, -71.9351577758789, -43.18967819213867, -76.30494689941406, -77.14603424072266, -33.6870002746582, -32.641151428222656, -38.21163558959961], [4.135369300842285, 372.409423828125, -99.92552947998047, 0.7807916402816772, -39.986846923828125, -32.33920669555664, 38.16522216796875, 0.5333071351051331, 32.866214752197266, 23.384563446044922, 29.171098709106445, 28.312856674194336, 29.053936004638672], [122.1109848022461, -99.92552947998047, 205.5618896484375, 55.0185546875, 11.833941459655762, -19.32394027709961, -80.1749267578125, -60.875144958496094, -64.23987579345703, -53.26039123535156, -18.638437271118164, -22.490406036376953, -18.703689575195312], [30.717430114746094, 0.7807916402816772, 55.0185546875, 154.900634765625, 73.56478881835938, 1.6202561855316162, -62.90065002441406, -34.011070251464844, -7.2050275802612305, -6.285961627960205, -10.243325233459473, 13.71959114074707, 17.2889461517334], [-27.194307327270508, -39.986846923828125, 11.833941459655762, 73.56478881835938, 123.0673599243164, 38.68256378173828, -23.10190773010254, -13.612613677978516, 11.54636287689209, 10.173419952392578, -13.522037506103516, 4.861769676208496, 10.218555450439453], [-12.394474983215332, -32.33920669555664, -19.32394027709961, 1.6202561855316162, 38.68256378173828, 93.72669982910156, 52.74576187133789, 31.923818588256836, 13.782007217407227, 13.850619316101074, 4.712722301483154, 7.379106521606445, 7.491196632385254], [-71.9351577758789, 38.16522216796875, -80.1749267578125, -62.90065002441406, -23.10190773010254, 52.74576187133789, 158.77943420410156, 92.84561157226562, 46.53440856933594, 32.52433395385742, 34.78990936279297, 28.90846824645996, 18.76434898376465], [-43.18967819213867, 0.5333071351051331, -60.875144958496094, -34.011070251464844, -13.612613677978516, 31.923818588256836, 92.84561157226562, 126.41249084472656, 76.04405975341797, 55.77392578125, 33.32694625854492, 40.92625427246094, 27.789993286132812], [-76.30494689941406, 32.866214752197266, -64.23987579345703, -7.2050275802612305, 11.54636287689209, 13.782007217407227, 46.53440856933594, 76.04405975341797, 109.5747299194336, 78.2340087890625, 33.35408401489258, 35.82231140136719, 30.486196517944336], [-77.14603424072266, 23.384563446044922, -53.26039123535156, -6.285961627960205, 10.173419952392578, 13.850619316101074, 32.52433395385742, 55.77392578125, 78.2340087890625, 106.47775268554688, 52.98779296875, 44.18927764892578, 24.283214569091797], [-33.6870002746582, 29.171098709106445, -18.638437271118164, -10.243325233459473, -13.522037506103516, 4.712722301483154, 34.78990936279297, 33.32694625854492, 33.35408401489258, 52.98779296875, 77.4386215209961, 48.333553314208984, 20.855405807495117], [-32.641151428222656, 28.312856674194336, -22.490406036376953, 13.71959114074707, 4.861769676208496, 7.379106521606445, 28.90846824645996, 40.92625427246094, 35.82231140136719, 44.18927764892578, 48.333553314208984, 87.02335357666016, 44.713043212890625], [-38.21163558959961, 29.053936004638672, -18.703689575195312, 17.2889461517334, 10.218555450439453, 7.491196632385254, 18.76434898376465, 27.789993286132812, 30.486196517944336, 24.283214569091797, 20.855405807495117, 44.713043212890625, 64.57762145996094]], "lowlevel.mfcc.icov": [[0.0011491590412333608, -0.00034376682015135884, -0.0005761014181189239, -7.093159365467727e-05, 0.0003400153073016554, -0.0005180725129321218, 0.0007009906112216413, -0.0007646501180715859, 0.0003534532734192908, 0.000491695071104914, 3.8719379517715424e-05, -0.00014464568812400103, 0.000554329773876816], [-0.00034376682015135884, 0.004072131589055061, 0.002211000071838498, -0.0016360668232664466, 0.0015815106453374028, 0.0016210876638069749, -0.0020193741656839848, 0.0029852669686079025, -0.0015274853212758899, 0.00038622014108113945, -0.0007917680195532739, -9.731944010127336e-05, -0.0011943442514166236], [-0.0005761014181189239, 0.002211000071838498, 0.008769429288804531, -0.00263604405336082, 0.0008871037280187011, 0.0004876629973296076, 0.0018539687152951956, 0.0004665837623178959, 0.001689139287918806, 0.0023592133074998856, -0.0029295277781784534, 0.0006725956918671727, -0.00023060495732352138], [-7.093159365467727e-05, -0.0016360668232664466, -0.00263604405336082, 0.012601092457771301, -0.006812060251832008, -0.00031925010262057185, 0.003965402953326702, -0.0006486311322078109, -0.0002478084934409708, 0.0009678103378973901, 0.000399700365960598, -0.0023907797876745462, -0.0019217963563278317], [0.0003400153073016554, 0.0015815106453374028, 0.0008871037280187011, -0.006812060251832008, 0.01638854667544365, -0.006941401865333319, 0.0006575308507308364, 0.004125604405999184, -0.003617798211053014, -0.0016790919471532106, 0.003504809457808733, -0.001043615979142487, -0.00025414308765903115], [-0.0005180725129321218, 0.0016210876638069749, 0.0004876629973296076, -0.00031925010262057185, -0.006941401865333319, 0.018681522458791733, -0.007822039537131786, -0.0009748622542247176, 0.0030044126324355602, -0.002141272649168968, 0.00033767506829462945, 0.0014448557049036026, -0.0009081490570679307], [0.0007009906112216413, -0.0020193741656839848, 0.0018539687152951956, 0.003965402953326702, 0.0006575308507308364, -0.007822039537131786, 0.018271947279572487, -0.010674692690372467, 0.0011772933648899198, 0.004449706990271807, -0.004658232908695936, 0.00017204861796926707, 4.263387745595537e-05], [-0.0007646501180715859, 0.0029852669686079025, 0.0004665837623178959, -0.0006486311322078109, 0.004125604405999184, -0.0009748622542247176, -0.010674692690372467, 0.02549878880381584, -0.012946246191859245, -0.000988379935733974, 0.0026698072906583548, -0.004785844590514898, -0.0009628880652599037], [0.0003534532734192908, -0.0015274853212758899, 0.001689139287918806, -0.0002478084934409708, -0.003617798211053014, 0.0030044126324355602, 0.0011772933648899198, -0.012946246191859245, 0.02996228076517582, -0.015754790976643562, 0.002251085825264454, 0.0034388352651149035, -0.004423470236361027], [0.000491695071104914, 0.00038622014108113945, 0.0023592133074998856, 0.0009678103378973901, -0.0016790919471532106, -0.002141272649168968, 0.004449706990271807, -0.000988379935733974, -0.015754790976643562, 0.02910088188946247, -0.01323121041059494, -0.0025705406442284584, 0.002735472284257412], [3.8719379517715424e-05, -0.0007917680195532739, -0.0029295277781784534, 0.000399700365960598, 0.003504809457808733, 0.00033767506829462945, -0.004658232908695936, 0.0026698072906583548, 0.002251085825264454, -0.01323121041059494, 0.02902735210955143, -0.011654413305222988, 0.0016421726904809475], [-0.00014464568812400103, -9.731944010127336e-05, 0.0006725956918671727, -0.0023907797876745462, -0.001043615979142487, 0.0014448557049036026, 0.00017204861796926707, -0.004785844590514898, 0.0034388352651149035, -0.0025705406442284584, -0.011654413305222988, 0.027126746252179146, -0.012875244952738285], [0.000554329773876816, -0.0011943442514166236, -0.00023060495732352138, -0.0019217963563278317, -0.00025414308765903115, -0.0009081490570679307, 4.263387745595537e-05, -0.0009628880652599037, -0.004423470236361027, 0.002735472284257412, 0.0016421726904809475, -0.012875244952738285, 0.026789862662553787]], "metadata.audio_properties.analysis.downmix": "mix", "metadata.audio_properties.codec": "mp3", "metadata.audio_properties.md5_encoded": "f6a8c555877b329949bb4ab581fc2f51", "metadata.tags.file_name": "1183688302998593576.mp3", "metadata.version.essentia": "2.1-beta6-dev", "metadata.version.essentia_git_sha": "v2.1_beta5-1110-g77a6a954", "metadata.version.extractor": "music 2.0", "tonal.chords_key": "C", "tonal.chords_scale": "major", "tonal.key_edma.key": "C", "tonal.key_edma.scale": "major", "tonal.key_krumhansl.key": "C", "tonal.key_krumhansl.scale": "major", "tonal.key_temperley.key": "C", "tonal.key_temperley.scale": "major", "metadata.tags.encoding": ["Lavf58.45.100"]}, "essentia_models": [{"m