{"song_id": "1183686026166804500", "download": "https://cdn.discordapp.com/attachments/1135911532732108921/1183686026166804500/chirp.mp4?ex=65893c84&amp", "lyrics": "\u0422\u0430\u043a \u0420\u0443\u0441\u043b\u0430\u043d \u0436\u0435 - \u0414\u0435\u0434 \u041c\u043e\u0440\u043e\u0437!\n\u041f\u0443\u0448\u043a\u0443 \u043d\u0430\u043c \u0441\u0435\u0433\u043e\u0434\u043d\u044f \u0432\u0432\u0435\u0437! \n\n\u041c\u043e\u0436\u0435\u0442 \u0441\u0442\u043e\u0438\u0442 \u043f\u043e\u043f\u0440\u043e\u0441\u0438\u0442\u044c?\n\u0427\u0442\u043e\u0431 \u0437\u0430\u0440\u043f\u043b\u0430\u0442\u0443 \u0432\u043e\u0437\u0440\u0430\u0441\u0442\u0438\u0442\u044c!\n\n\u0427\u0442\u043e\u0431\u044b \u043a\u044d\u0444\u044b \u0432\u0441\u0435 \u0438\u043a\u0441 \u0434\u0432\u0430!\n\u0417\u0430\u0441\u043b\u0443\u0436\u0438\u043b\u0430 \u0440\u0435\u0431\u044f\u0442\u043d\u044f!\n\n\u041d\u0443, \u043a\u043e\u043b\u043b\u0435\u0433\u0438, \u0436\u043c\u0435\u043c \u043b\u0430\u0439\u043a\u043e\u0441 \n\u041a\u0442\u043e \u043c\u0435\u0447\u0442\u0430\u0435\u0442 \u0437\u0430 \u043f\u0440\u0438\u0440\u043e\u0441\u0442", "style": ["hardbass"], "essentia_features": {"lowlevel.average_loudness": 0.824145495891571, "lowlevel.barkbands_crest.mean": 13.592867851257324, "lowlevel.barkbands_crest.stdev": 4.914494037628174, "lowlevel.barkbands_flatness_db.mean": 0.23641084134578705, "lowlevel.barkbands_flatness_db.stdev": 0.10309972614049911, "lowlevel.barkbands_kurtosis.mean": 6.364120006561279, "lowlevel.barkbands_kurtosis.stdev": 8.799222946166992, "lowlevel.barkbands_skewness.mean": 0.3354223966598511, "lowlevel.barkbands_skewness.stdev": 2.162898540496826, "lowlevel.barkbands_spread.mean": 18.25590705871582, "lowlevel.barkbands_spread.stdev": 20.518951416015625, "lowlevel.dissonance.mean": 0.4509334862232208, "lowlevel.dissonance.stdev": 0.051894672214984894, "lowlevel.dynamic_complexity": 8.029287338256836, "lowlevel.erbbands_crest.mean": 14.394476890563965, "lowlevel.erbbands_crest.stdev": 5.765982151031494, "lowlevel.erbbands_flatness_db.mean": 0.271514892578125, "lowlevel.erbbands_flatness_db.stdev": 0.13975661993026733, "lowlevel.erbbands_kurtosis.mean": 6.2167649269104, "lowlevel.erbbands_kurtosis.stdev": 8.224751472473145, "lowlevel.erbbands_skewness.mean": -0.22758984565734863, "lowlevel.erbbands_skewness.stdev": 1.9559904336929321, "lowlevel.erbbands_spread.mean": 25.278358459472656, "lowlevel.erbbands_spread.stdev": 22.052021026611328, "lowlevel.hfc.mean": 18.060562133789062, "lowlevel.hfc.stdev": 23.286836624145508, "lowlevel.loudness_ebu128.integrated": -11.56790828704834, "lowlevel.loudness_ebu128.loudness_range": 20.453929901123047, "lowlevel.loudness_ebu128.momentary.mean": -17.46324920654297, "lowlevel.loudness_ebu128.momentary.stdev": 9.028183937072754, "lowlevel.loudness_ebu128.short_term.mean": -16.57020378112793, "lowlevel.loudness_ebu128.short_term.stdev": 8.149219512939453, "lowlevel.melbands_crest.mean": 16.152650833129883, "lowlevel.melbands_crest.stdev": 5.902972221374512, "lowlevel.melbands_flatness_db.mean": 0.2638276219367981, "lowlevel.melbands_flatness_db.stdev": 0.091285340487957, "lowlevel.melbands_kurtosis.mean": 11.496317863464355, "lowlevel.melbands_kurtosis.stdev": 19.973567962646484, "lowlevel.melbands_skewness.mean": 1.2745494842529297, "lowlevel.melbands_skewness.stdev": 2.6154401302337646, "lowlevel.melbands_spread.mean": 24.53582191467285, "lowlevel.melbands_spread.stdev": 28.62063217163086, "lowlevel.pitch_salience.mean": 0.5313880443572998, "lowlevel.pitch_salience.stdev": 0.13453499972820282, "lowlevel.silence_rate_20dB.mean": 1.0, "lowlevel.silence_rate_20dB.stdev": 0.0, "lowlevel.silence_rate_30dB.mean": 1.0, "lowlevel.silence_rate_30dB.stdev": 0.0, "lowlevel.silence_rate_60dB.mean": 0.32158589363098145, "lowlevel.silence_rate_60dB.stdev": 0.4670903980731964, "lowlevel.spectral_centroid.mean": 1641.525634765625, "lowlevel.spectral_centroid.stdev": 1003.3276977539062, "lowlevel.spectral_complexity.mean": 7.75770902633667, "lowlevel.spectral_complexity.stdev": 6.235438823699951, "lowlevel.spectral_decrease.mean": -4.650908103087659e-09, "lowlevel.spectral_decrease.stdev": 4.732906067062004e-09, "lowlevel.spectral_energy.mean": 0.019191740080714226, "lowlevel.spectral_energy.stdev": 0.019074436277151108, "lowlevel.spectral_energyband_high.mean": 0.0010154288029298186, "lowlevel.spectral_energyband_high.stdev": 0.002994356444105506, "lowlevel.spectral_energyband_low.mean": 0.0032535630743950605, "lowlevel.spectral_energyband_low.stdev": 0.0039948453195393085, "lowlevel.spectral_energyband_middle_high.mean": 0.0049426378682255745, "lowlevel.spectral_energyband_middle_high.stdev": 0.009187660180032253, "lowlevel.spectral_energyband_middle_low.mean": 0.010921548120677471, "lowlevel.spectral_energyband_middle_low.stdev": 0.014561239629983902, "lowlevel.spectral_entropy.mean": 7.215932846069336, "lowlevel.spectral_entropy.stdev": 0.6673129796981812, "lowlevel.spectral_flux.mean": 0.058378517627716064, "lowlevel.spectral_flux.stdev": 0.04817932844161987, "lowlevel.spectral_kurtosis.mean": 12.165513038635254, "lowlevel.spectral_kurtosis.stdev": 16.503835678100586, "lowlevel.spectral_rms.mean": 0.003533845767378807, "lowlevel.spectral_rms.stdev": 0.0024971168022602797, "lowlevel.spectral_rolloff.mean": 1960.6881103515625, "lowlevel.spectral_rolloff.stdev": 1852.1854248046875, "lowlevel.spectral_skewness.mean": 1.8313816785812378, "lowlevel.spectral_skewness.stdev": 0.9897899031639099, "lowlevel.spectral_spread.mean": 4050215.5, "lowlevel.spectral_spread.stdev": 2397225.5, "lowlevel.spectral_strongpeak.mean": 1.3952959775924683, "lowlevel.spectral_strongpeak.stdev": 1.6474716663360596, "lowlevel.zerocrossingrate.mean": 0.07847807556390762, "lowlevel.zerocrossingrate.stdev": 0.05239956080913544, "metadata.audio_properties.analysis.equal_loudness": 0.0, "metadata.audio_properties.analysis.length": 36.86294937133789, "metadata.audio_properties.analysis.sample_rate": 44100.0, "metadata.audio_properties.analysis.start_time": 0.0, "metadata.audio_properties.bit_rate": 106290.0, "metadata.audio_properties.length": 36.86399841308594, "metadata.audio_properties.lossless": 0.0, "metadata.audio_properties.number_channels": 1.0, "metadata.audio_properties.replay_gain": -15.382284164428711, "metadata.audio_properties.sample_rate": 48000.0, "rhythm.beats_count": 93.0, "rhythm.beats_loudness.mean": 0.023247230798006058, "rhythm.beats_loudness.stdev": 0.02097400277853012, "rhythm.bpm": 147.0128631591797, "rhythm.bpm_histogram_first_peak_bpm": 148.0, "rhythm.bpm_histogram_first_peak_weight": 0.4999999403953552, "rhythm.bpm_histogram_second_peak_bpm": 178.0, "rhythm.bpm_histogram_second_peak_spread": 0.0, "rhythm.bpm_histogram_second_peak_weight": 0.1304347813129425, "rhythm.danceability": 1.0450160503387451, "rhythm.onset_rate": 3.307586669921875, "tonal.chords_changes_rate": 0.09811320900917053, "tonal.chords_number_rate": 0.017610063776373863, "tonal.chords_strength.mean": 0.5604787468910217, "tonal.chords_strength.stdev": 0.0908808708190918, "tonal.hpcp_crest.mean": 14.860837936401367, "tonal.hpcp_crest.stdev": 6.642631530761719, "tonal.hpcp_entropy.mean": 1.8012148141860962, "tonal.hpcp_entropy.stdev": 0.7350887060165405, "tonal.key_edma.strength": 0.5121300220489502, "tonal.key_krumhansl.strength": 0.5243948101997375, "tonal.key_temperley.strength": 0.5039958953857422, "tonal.tuning_diatonic_strength": 0.42498651146888733, "tonal.tuning_equal_tempered_deviation": 0.20307479798793793, "tonal.tuning_frequency": 444.3418884277344, "tonal.tuning_nontempered_energy_ratio": 0.8893557786941528, "lowlevel.barkbands.mean": [2.5931849449989386e-05, 0.001973683713003993, 0.0008628196665085852, 0.0008839442161843181, 0.0024174414575099945, 0.0011078078532591462, 0.001625945558771491, 0.0014806942781433463, 0.002584460424259305, 0.0022268861066550016, 0.0010350398952141404, 0.0005233655101619661, 0.00018884484597947448, 0.00022454530699178576, 0.0001553662441438064, 0.000327933463267982, 0.0001926050172187388, 0.00019883614731952548, 0.0001088525605155155, 6.675237091258168e-05, 0.00010161128739127889, 0.000368158973287791, 0.0003554076829459518, 7.056823960738257e-05, 5.930583211011253e-05, 2.4774692064966075e-05, 1.7095712223635928e-07], "lowlevel.barkbands.stdev": [3.8947368011577055e-05, 0.0030605546198785305, 0.0015715842600911856, 0.002047923393547535, 0.005963097792118788, 0.004113109782338142, 0.005509887356311083, 0.004553531296551228, 0.007265444379299879, 0.006804404314607382, 0.0037197184283286333, 0.002431992907077074, 0.0008978029363788664, 0.0009973610285669565, 0.0008089332841336727, 0.0008826007833704352, 0.000570530304685235, 0.0005161293665878475, 0.000424939178628847, 0.00015748805890325457, 0.00032880759681575, 0.0015097535215318203, 0.0010740788420662284, 0.00023426824191119522, 0.0001523161627119407, 5.4515290685230866e-05, 9.416995681021945e-07], "lowlevel.erbbands.mean": [0.02625598944723606, 0.5397989153862, 1.183376669883728, 2.0228633880615234, 5.07611608505249, 8.044868469238281, 9.4486722946167, 10.683743476867676, 20.655729293823242, 25.336822509765625, 44.23474884033203, 57.89600372314453, 68.20294952392578, 46.9371452331543, 46.51240921020508, 17.401121139526367, 9.935773849487305, 11.377884864807129, 10.041744232177734, 9.640242576599121, 17.914249420166016, 11.592513084411621, 11.435754776000977, 7.425276279449463, 4.33817720413208, 3.1087470054626465, 3.7794597148895264, 4.688704490661621, 11.29520320892334, 17.56789207458496, 7.799040794372559, 1.9590365886688232, 1.1241520643234253, 0.7417083382606506, 0.3618071973323822, 0.15186578035354614, 0.037440091371536255, 0.0031533665023744106, 7.94707375462167e-05, 2.784470962069463e-05], "lowlevel.erbbands.stdev": [0.041896041482686996, 0.819412887096405, 1.7152467966079712, 4.024343967437744, 13.624002456665039, 20.595218658447266, 32.26546859741211, 42.79994583129883, 67.09093475341797, 86.14573669433594, 128.30984497070312, 171.46929931640625, 214.0508270263672, 134.47610473632812, 158.5587921142578, 67.74658203125, 46.516578674316406, 48.655982971191406, 50.21240234375, 29.927160263061523, 45.33064651489258, 32.4445686340332, 29.90639305114746, 22.38793182373047, 13.68652629852295, 7.2665696144104, 12.252571105957031, 16.150772094726562, 47.54137420654297, 59.518001556396484, 23.04291343688965, 6.420830249786377, 3.519035816192627, 2.0667824745178223, 0.906572163105011, 0.3373368978500366, 0.08601721376180649, 0.009365714155137539, 0.00018855638336390257, 2.716432572924532e-05], "lowlevel.gfcc.mean": [-139.92913818359375, 74.86206817626953, -162.4913330078125, 8.202339172363281, -55.304466247558594, -2.1276230812072754, -35.25507736206055, 7.626880645751953, -14.631263732910156, -2.967780590057373, -25.894010543823242, 4.08018159866333, 1.3293824195861816], "lowlevel.melbands.mean": [0.0004128810833208263, 0.000674059905577451, 0.00043513596756383777, 0.0004933149903081357, 0.0003532718401402235, 0.00022630261082667857, 0.0003276849165558815, 0.0002673551207408309, 0.00041918689385056496, 0.0003450009971857071, 0.0003431298246141523, 0.00019867288938257843, 0.00014353773440234363, 8.500762487528846e-05, 2.3494299966841936e-05, 1.789743146218825e-05, 2.2295984308584593e-05, 1.6746484106988646e-05, 1.0325605217076372e-05, 1.9524683011695743e-05, 2.0020434021716937e-05, 1.2123559827159625e-05, 1.0090556315844879e-05, 9.539837265037932e-06, 5.723353297071299e-06, 3.5794550967693795e-06, 2.4141575067915255e-06, 1.954608933374402e-06, 2.2358794922183733e-06, 2.4933817712735618e-06, 2.6496697955735726e-06, 5.5880527725094e-06, 8.884359885996673e-06, 1.0252055290038697e-05, 5.3261542234395165e-06, 1.6796732325019548e-06, 9.397505777997139e-07, 7.799564514243684e-07, 7.081749231474532e-07, 5.979849220238975e-07], "lowlevel.melbands.stdev": [0.000646246480755508, 0.000859831168781966, 0.0008122343569993973, 0.0012406768510118127, 0.0011357131879776716, 0.0008664847700856626, 0.0010839710012078285, 0.0009285170817747712, 0.0012424886226654053, 0.0010864508803933859, 0.0011106665479019284, 0.0005816739867441356, 0.0004930507857352495, 0.0003553903952706605, 9.533888805890456e-05, 7.822691259207204e-05, 0.00010653437493601814, 8.242226613219827e-05, 4.184502540738322e-05, 6.289981683949009e-05, 5.286229497869499e-05, 3.5441778891254216e-05, 3.0228386094677262e-05, 2.7893302103620954e-05, 1.9050698028877378e-05, 1.797612276277505e-05, 4.9000764192896895e-06, 5.427675205282867e-06, 7.804719643900171e-06, 8.401611921726726e-06, 9.21502123674145e-06, 2.413973561488092e-05, 3.781135455938056e-05, 3.3097116101998836e-05, 1.628973041079007e-05, 5.173902536625974e-06, 3.5098214539175387e-06, 2.604034307296388e-06, 2.084719653794309e-06, 1.6480408930874546e-06], "lowlevel.melbands128.mean": [1.0549596481723711e-05, 7.525621185777709e-05, 0.0005920692929066718, 0.00103448994923383, 0.0007369965896941721, 0.00037842238089069724, 0.00037917355075478554, 0.000462472002254799, 0.0004951574373990297, 0.0005683243507519364, 0.0003988163953181356, 0.0004758405266329646, 0.00032928198925219476, 0.00021056494733784348, 0.0002724232035689056, 0.0001915266184369102, 0.0002152439410565421, 0.00044377311132848263, 0.00035407947143539786, 0.00026093891938216984, 0.0002455750072840601, 0.00018235061725135893, 0.0005171599914319813, 0.0005733350990340114, 0.0003617035399656743, 0.00028603628743439913, 0.00019632355542853475, 0.00043464978807605803, 0.0003888157370965928, 0.0002145052421838045, 0.00015540773165412247, 9.854249219642952e-05, 0.00011940827243961394, 0.00022348409402184188, 0.00011063092824770138, 4.350038943812251e-05, 3.170678610331379e-05, 1.6905843949643895e-05, 2.423617297608871e-05, 2.5140214347629808e-05, 1.3300953469297383e-05, 1.2748632798320614e-05, 2.218634108430706e-05, 3.2375148293795064e-05, 1.3299819329404272e-05, 1.713075653242413e-05, 1.529154360468965e-05, 9.19155718293041e-06, 8.136195901897736e-06, 1.0735848263720982e-05, 2.0694262275355868e-05, 2.9548995371442288e-05, 2.4460234271828085e-05, 1.433902343705995e-05, 1.2690209587162826e-05, 1.378515298711136e-05, 9.58021428232314e-06, 9.062173376150895e-06, 1.040271126839798e-05, 1.1900854588020593e-05, 1.0598942935757805e-05, 6.6572656578500755e-06, 6.809757906012237e-06, 4.982210612070048e-06, 4.7723551688250154e-06, 3.5232112622907152e-06, 3.0191590667527635e-06, 2.749444092842168e-06, 2.2319172785500996e-06, 2.043441782006994e-06, 1.706994225969538e-06, 2.151032276742626e-06, 2.0691327335953247e-06, 2.288023779328796e-06, 2.321581405340112e-06, 2.565077465987997e-06, 2.658063522176235e-06, 2.176715042878641e-06, 2.479929662513314e-06, 2.983758349728305e-06, 5.0306539378652815e-06, 6.905051122885197e-06, 6.799707534810295e-06, 8.918626917875372e-06, 1.0673285942175426e-05, 1.0902755093411542e-05, 1.0406333785795141e-05, 8.605131370131858e-06, 5.165021320863161e-06, 2.917368192356662e-06, 2.0171542018943e-06, 1.303725753132312e-06, 1.105715909943683e-06, 9.529634894533956e-07, 8.198065302167379e-07, 7.969844091348932e-07, 7.570245088572847e-07, 7.995614055289479e-07, 6.622195201089198e-07, 7.159429742387147e-07, 6.615008487642626e-07, 5.910787308494037e-07, 5.061966703578946e-07, 4.3961117057733645e-07, 3.614021579778637e-07, 4.067988470524142e-07, 3.6049576124241867e-07, 3.0806648965153727e-07, 2.3715533359336405e-07, 2.3001669546829362e-07, 2.0062748262716923e-07, 1.4295578409928567e-07, 1.1460831217391387e-07, 6.405097252581982e-08, 5.346625897573176e-08, 3.327545528009068e-08, 6.715958011938028e-09, 1.3764209216837742e-10, 5.803957574962437e-12, 5.5032567045087966e-12, 5.2184354927542476e-12, 4.768370160529445e-12, 4.5194065503850744e-12, 4.4137866105076196e-12, 4.3154308251858176e-12, 4.226938243867551e-12, 4.166390756704663e-12, 4.135430713148036e-12], "lowlevel.melbands128.stdev": [2.0382793081807904e-05, 0.00014866964193060994, 0.0010007941164076328, 0.0016202577389776707, 0.0010428436798974872, 0.0007172684418037534, 0.0008922768756747246, 0.001159265753813088, 0.001546973013319075, 0.002043073298409581, 0.0011862110113725066, 0.0019181646639481187, 0.0013687441824004054, 0.0010468031978234649, 0.0013978524366393685, 0.0009293705224990845, 0.0008251421968452632, 0.0017590849893167615, 0.0015883879968896508, 0.0012131958501413465, 0.0011585310567170382, 0.0008160625002346933, 0.0019653744529932737, 0.001986874034628272, 0.0014510948676615953, 0.0017118437681347132, 0.0008685793145559728, 0.0018634781008586287, 0.0015312167815864086, 0.0007757264538668096, 0.0007903048535808921, 0.000603614782448858, 0.0006079575978219509, 0.000994092901237309, 0.0006645194953307509, 0.00031660270178690553, 0.00023021864762995392, 8.024408452911302e-05, 0.00015811601770110428, 0.00017745151126291603, 6.289160228334367e-05, 6.56341144349426e-05, 0.00012041842273902148, 0.00023042858811095357, 5.839775985805318e-05, 0.00013338350981939584, 0.00012868994963355362, 5.954278458375484e-05, 3.3466643799329177e-05, 7.020620978437364e-05, 0.00010202613339060917, 9.45390056585893e-05, 8.469010208500549e-05, 5.160446744412184e-05, 4.374951822683215e-05, 5.501161649590358e-05, 4.8139576392713934e-05, 5.100216731079854e-05, 4.043035369249992e-05, 4.1879342461470515e-05, 4.71064995508641e-05, 2.3938473532325588e-05, 2.262849193357397e-05, 1.6989606592687778e-05, 4.727987106889486e-05, 2.0034616682096384e-05, 7.421214831992984e-06, 7.974604159244336e-06, 4.832001650356688e-06, 4.357317266112659e-06, 4.819884452444967e-06, 8.367685950361192e-06, 7.519089649576927e-06, 9.295836207456887e-06, 7.830889444448985e-06, 8.693208656040952e-06, 1.0693644981074613e-05, 7.462732355634216e-06, 8.527176760253496e-06, 1.0960632607748266e-05, 2.4140241293935105e-05, 3.226570333936252e-05, 3.106747681158595e-05, 4.480718052946031e-05, 4.490281571634114e-05, 3.7026147765573114e-05, 3.576857125153765e-05, 2.874471465474926e-05, 1.6781037629698403e-05, 8.044677088037133e-06, 6.801522886235034e-06, 4.511509359872434e-06, 3.853564066957915e-06, 3.952000042772852e-06, 3.6632172850659117e-06, 2.8859415124316e-06, 2.6665099994716e-06, 2.638332489368622e-06, 2.0798047444259282e-06, 2.1776470475742826e-06, 2.1607136204693234e-06, 1.6306414636346744e-06, 1.3818157640343998e-06, 1.2160195410615415e-06, 1.0779702961372095e-06, 1.0751641639217269e-06, 8.19722743017337e-07, 7.306705356313614e-07, 5.741010227211518e-07, 5.509137395165453e-07, 4.885402518084447e-07, 3.276915379046841e-07, 2.9904089160481817e-07, 2.1736450150910969e-07, 1.793648465309161e-07, 1.3053823977315915e-07, 3.1102679542982514e-08, 1.225165857654531e-09, 7.97576310551662e-11, 7.514057431823318e-11, 7.098891613432912e-11, 6.659685303223029e-11, 6.427816612308845e-11, 6.252522111171999e-11, 6.105707606174349e-11, 6.001604074823419e-11, 5.922565909921573e-11, 5.873806302458817e-11], "lowlevel.mfcc.mean": [-762.0646362304688, 97.35552978515625, -30.049869537353516, -2.637152910232544, 0.15420342981815338, -4.777220726013184, -16.656259536743164, 7.4878363609313965, 10.547876358032227, 0.8472570180892944, -15.616424560546875, -3.739129066467285, 7.077377796173096], "lowlevel.spectral_contrast_coeffs.mean": [-0.6606289148330688, -0.7294826507568359, -0.7397366166114807, -0.7677767276763916, -0.7774484753608704, -0.760120689868927], "lowlevel.spectral_contrast_coeffs.stdev": [0.1140165850520134, 0.12589383125305176, 0.10178793966770172, 0.0598035529255867, 0.05547980219125748, 0.05511905625462532], "lowlevel.spectral_contrast_valleys.mean": [-9.412355422973633, -8.323358535766602, -8.44572639465332, -8.373772621154785, -8.724757194519043, -11.901232719421387], "lowlevel.spectral_contrast_valleys.stdev": [2.8867087364196777, 1.5949116945266724, 1.3927353620529175, 0.9876765012741089, 1.5984129905700684, 2.977022647857666], "rhythm.beats_loudness_band_ratio.mean": [0.1554252803325653, 0.12403115630149841, 0.2313624769449234, 0.1474793404340744, 0.30665123462677, 0.06885955482721329], "rhythm.beats_loudness_band_ratio.stdev": [0.2158767729997635, 0.1996772438287735, 0.27252912521362305, 0.1819566935300827, 0.37242913246154785, 0.16885697841644287], "tonal.hpcp.mean": [0.2090962529182434, 0.08736477047204971, 0.06530074030160904, 0.05792227387428284, 0.056889526546001434, 0.06140875071287155, 0.07424703985452652, 0.12663482129573822, 0.23467430472373962, 0.2561098039150238, 0.22117702662944794, 0.20072117447853088, 0.12920202314853668, 0.08493933826684952, 0.09686342626810074, 0.1447582095861435, 0.15651491284370422, 0.11892729252576828, 0.08610088378190994, 0.07743533700704575, 0.12448844313621521, 0.15387390553951263, 0.12674905359745026, 0.0966065302491188, 0.07385139167308807, 0.05600092560052872, 0.04773514345288277, 0.042624879628419876, 0.04514797031879425, 0.05638642609119415, 0.07128334045410156, 0.08680685609579086, 0.0830438882112503, 0.07890203595161438, 0.11117476224899292, 0.22611641883850098], "tonal.hpcp.stdev": [0.2934745252132416, 0.19272193312644958, 0.1589222103357315, 0.158897265791893, 0.14793071150779724, 0.14075179398059845, 0.16261988878250122, 0.23125971853733063, 0.34057214856147766, 0.3363046646118164, 0.3070024847984314, 0.32923752069473267, 0.22262199223041534, 0.1940567046403885, 0.18880409002304077, 0.26771387457847595, 0.2597099244594574, 0.23078228533267975, 0.19818595051765442, 0.17740793526172638, 0.2368968427181244, 0.2852382957935333, 0.2677294909954071, 0.22466929256916046, 0.1949782818555832, 0.16304773092269897, 0.16077348589897156, 0.14132751524448395, 0.13992427289485931, 0.1510019451379776, 0.18058131635189056, 0.2101653516292572, 0.19753515720367432, 0.19197246432304382, 0.20510181784629822, 0.31255200505256653], "rhythm.beats_position": [0.3250793516635895, 0.6733786463737488, 1.0216779708862305, 1.369977355003357, 1.7182766199111938, 2.0549659729003906, 2.391655206680298, 2.728344678878784, 3.0650339126586914, 3.4017233848571777, 3.7500226497650146, 4.098321914672852, 4.435011386871338, 4.771700382232666, 5.108389854431152, 5.445079326629639, 5.781768798828125, 6.130067825317383, 6.478367328643799, 6.815056800842285, 7.151745796203613, 7.511655330657959, 7.8715643882751465, 8.243083953857422, 8.614603042602539, 9.009342193603516, 9.392471313476562, 9.77560043334961, 10.147119522094727, 10.54185962677002, 10.936598777770996, 11.342947959899902, 11.749297142028809, 12.155646324157715, 12.561995506286621, 12.979954719543457, 13.374693870544434, 13.74621295928955, 14.140952110290527, 14.535691261291504, 14.93043041229248, 15.348389625549316, 15.766348838806152, 16.172698974609375, 16.59065818786621, 17.008617401123047, 17.43818473815918, 17.856143951416016, 18.27410316467285, 18.692062377929688, 19.110021591186523, 19.51637077331543, 19.922719955444336, 20.340679168701172, 20.758638381958008, 21.153377532958984, 21.55972671508789, 21.966075897216797, 22.372425079345703, 22.79038429260254, 23.196733474731445, 23.60308265686035, 24.009431838989258, 24.415781021118164, 24.833740234375, 25.240089416503906, 25.646438598632812, 26.05278778076172, 26.459136962890625, 26.86548614501953, 27.271835327148438, 27.678184509277344, 28.09614372253418, 28.514102935791016, 28.920452117919922, 29.326801300048828, 29.721542358398438, 30.127891540527344, 30.53424072265625, 30.928979873657227, 31.346939086914062, 31.7648983001709, 32.17124557495117, 32.57759475708008, 32.99555587768555, 33.40190505981445, 33.80825424194336, 34.214603424072266, 34.63256072998047, 35.062129974365234, 35.50331115722656, 35.944488525390625, 36.362449645996094], "rhythm.bpm_histogram": [0.0, 0.0, 0.0, 0.0, 0.0, 0.0, 0.0, 0.0, 0.0, 0.0, 0.0, 0.0, 0.0, 0.0, 0.0, 0.0, 0.0, 0.0, 0.0, 0.0, 0.0, 0.0, 0.0, 0.0, 0.0, 0.0, 0.0, 0.0, 0.0, 0.0, 0.0, 0.0, 0.0, 0.0, 0.0, 0.0, 0.0, 0.0, 0.0, 0.0, 0.0, 0.0, 0.0, 0.0, 0.0, 0.0, 0.0, 0.0, 0.0, 0.0, 0.0, 0.0, 0.0, 0.0, 0.0, 0.0, 0.0, 0.0, 0.0, 0.0, 0.0, 0.0, 0.0, 0.0, 0.0, 0.0, 0.0, 0.0, 0.0, 0.0, 0.0, 0.0, 0.0, 0.0, 0.0, 0.0, 0.0, 0.0, 0.0, 0.0, 0.0, 0.0, 0.0, 0.0, 0.0, 0.0, 0.0, 0.0, 0.0, 0.0, 0.0, 0.0, 0.0, 0.0, 0.0, 0.0, 0.0, 0.0, 0.0, 0.0, 0.0, 0.0, 0.0, 0.0, 0.0, 0.0, 0.0, 0.0, 0.0, 0.0, 0.0, 0.0, 0.0, 0.0, 0.0, 0.0, 0.0, 0.0, 0.0, 0.0, 0.0, 0.0, 0.0, 0.0, 0.0, 0.0, 0.0, 0.0, 0.0, 0.0, 0.0, 0.0, 0.0, 0.0, 0.0, 0.0, 0.021739130839705467, 0.0, 0.0, 0.0, 0.021739130839705467, 0.0, 0.0, 0.0, 0.21739129722118378, 0.0, 0.0, 0.0, 0.32608696818351746, 0.0, 0.0, 0.0, 0.10869564861059189, 0.0, 0.0, 0.0, 0.0, 0.021739130839705467, 0.0, 0.0, 0.0, 0.043478261679410934, 0.0, 0.0, 0.0, 0.0, 0.0, 0.021739130839705467, 0.0, 0.0, 0.0, 0.0, 0.08695652335882187, 0.0, 0.0, 0.0, 0.0, 0.0, 0.1304347813129425, 0.0, 0.0, 0.0, 0.0, 0.0, 0.0, 0.0, 0.0, 0.0, 0.0, 0.0, 0.0, 0.0, 0.0, 0.0, 0.0, 0.0, 0.0, 0.0, 0.0, 0.0, 0.0, 0.0, 0.0, 0.0, 0.0, 0.0, 0.0, 0.0, 0.0, 0.0, 0.0, 0.0, 0.0, 0.0, 0.0, 0.0, 0.0, 0.0, 0.0, 0.0, 0.0, 0.0, 0.0, 0.0, 0.0, 0.0, 0.0, 0.0, 0.0, 0.0, 0.0, 0.0, 0.0, 0.0, 0.0, 0.0, 0.0, 0.0, 0.0, 0.0, 0.0, 0.0, 0.0, 0.0, 0.0, 0.0, 0.0, 0.0, 0.0, 0.0], "tonal.chords_histogram": [26.289308547973633, 5.157232761383057, 1.257861614227295, 1.6352201700210571, 0.0, 7.04402494430542, 1.3836477994918823, 1.1320754289627075, 3.396226406097412, 3.1446540355682373, 8.805031776428223, 0.0, 0.0, 0.0, 0.2515723407268524, 0.5031446814537048, 2.8930816650390625, 17.9874210357666, 0.2515723407268524, 0.0, 0.0, 0.6289308071136475, 8.679244995117188, 9.559748649597168], "tonal.thpcp": [1.0, 0.863602340221405, 0.7837309241294861, 0.5044790506362915, 0.33165204524993896, 0.37821054458618164, 0.5652193427085876, 0.6111242771148682, 0.4643605649471283, 0.3361873924732208, 0.30235210061073303, 0.4860745072364807, 0.6008122563362122, 0.49490121006965637, 0.3772074580192566, 0.28835830092430115, 0.21865983307361603, 0.18638545274734497, 0.16643205285072327, 0.17628364264965057, 0.22016504406929016, 0.2783311605453491, 0.3389438986778259, 0.32425111532211304, 0.30807894468307495, 0.4340902268886566, 0.8828885555267334, 0.8164320588111877, 0.3411223292350769, 0.2549716532230377, 0.2261618822813034, 0.2221294343471527, 0.23977509140968323, 0.2899031639099121, 0.4944551885128021, 0.9163034558296204], "lowlevel.gfcc.cov": [[40871.62109375, -2663.603271484375, 14517.54296875, 6669.53857421875, -5067.4970703125, 7695.654296875, -1097.8602294921875, 2701.653564453125, -2343.137939453125, -2109.032958984375, -315.35888671875, 1039.6319580078125, -4348.56494140625], [-2663.603271484375, 2115.0986328125, -944.1594848632812, -874.5348510742188, 539.2106323242188, -858.9241333007812, 131.49864196777344, -61.420528411865234, 313.6005554199219, 59.334720611572266, 165.7346954345703, -200.13197326660156, 377.0449523925781], [14517.54296875, -944.1594848632812, 6440.25927734375, 3211.891357421875, -1623.8004150390625, 3232.158935546875, -362.7745056152344, 1059.989501953125, -860.0109252929688, -743.563232421875, -231.57269287109375, 377.9020080566406, -1644.443359375], [6669.53857421875, -874.5348510742188, 3211.891357421875, 2377.013916015625, -418.86163330078125, 1730.0010986328125, -194.2499237060547, 484.0041809082031, -311.7771911621094, -319.17236328125, -159.50863647460938, 220.35975646972656, -764.812744140625], [-5067.4970703125, 539.2106323242188, -1623.8004150390625, -418.86163330078125, 1137.5235595703125, -753.3018188476562, 174.74545288085938, -304.450927734375, 385.6323547363281, 290.2812805175781, 9.349617004394531, -156.9917449951172, 553.618408203125], [7695.654296875, -858.9241333007812, 3232.158935546875, 1730.0010986328125, -753.3018188476562, 2071.939208984375, 9.054755210876465, 589.942138671875, -505.3765869140625, -366.5246887207031, -128.6798095703125, 189.08981323242188, -907.2969360351562], [-1097.8602294921875, 131.49864196777344, -362.7745056152344, -194.2499237060547, 174.74545288085938, 9.054755210876465, 413.3348083496094, 81.8875961303711, 74.10038757324219, 102.95867156982422, 23.016386032104492, -39.413719177246094, 107.69654846191406], [2701.653564453125, -61.420528411865234, 1059.989501953125, 484.0041809082031, -304.450927734375, 589.942138671875, 81.8875961303711, 394.2153015136719, -59.28074645996094, -110.63565826416016, 7.546777725219727, 69.71472930908203, -313.5876770019531], [-2343.137939453125, 313.6005554199219, -860.0109252929688, -311.7771911621094, 385.6323547363281, -505.3765869140625, 74.10038757324219, -59.28074645996094, 344.18231201171875, 196.43600463867188, 52.21355438232422, -68.71766662597656, 249.5653533935547], [-2109.032958984375, 59.334720611572266, -743.563232421875, -319.17236328125, 290.2812805175781, -366.5246887207031, 102.95867156982422, -110.63565826416016, 196.43600463867188, 250.2813720703125, 48.69785690307617, -56.00089645385742, 217.95291137695312], [-315.35888671875, 165.7346954345703, -231.57269287109375, -159.50863647460938, 9.349617004394531, -128.6798095703125, 23.016386032104492, 7.546777725219727, 52.21355438232422, 48.69785690307617, 150.2008819580078, 44.97810745239258, 50.868465423583984], [1039.6319580078125, -200.13197326660156, 377.9020080566406, 220.35975646972656, -156.9917449951172, 189.08981323242188, -39.413719177246094, 69.71472930908203, -68.71766662597656, -56.00089645385742, 44.97810745239258, 155.92884826660156, -61.29084396362305], [-4348.56494140625, 377.0449523925781, -1644.443359375, -764.812744140625, 553.618408203125, -907.2969360351562, 107.69654846191406, -313.5876770019531, 249.5653533935547, 217.95291137695312, 50.868465423583984, -61.29084396362305, 610.8731079101562]], "lowlevel.gfcc.icov": [[0.0003277393407188356, -0.0002599761064630002, 7.363595796050504e-05, -0.000166497819009237, 0.0006041637971065938, -0.0005876314244233072, 0.0005351313739083707, -0.0004647000750992447, 0.0001985948474612087, 3.643453965196386e-05, 0.00019889793475158513, -0.0005323863006196916, 0.0005659590242430568], [-0.0002599761064630002, 0.002184627577662468, -0.0019073827425017953, 0.001438333303667605, -0.0019285574089735746, 0.001867480343207717, -0.0013108087005093694, 0.0004749098152387887, -0.0014602993614971638, 0.0029005224350839853, -0.003406480886042118, 0.0032203015871345997, -0.0013680306728929281], [7.363595796050504e-05, -0.0019073827425017953, 0.0034840526059269905, -0.002238145098090172, 0.0020899029914289713, -0.002419486176222563, 0.0019093581940978765, -0.0017204914474859834, 0.002016994170844555, -0.002819614950567484, 0.0034150388091802597, -0.0025625466369092464, 0.0012113495031371713], [-0.000166497819009237, 0.001438333303667605, -0.002238145098090172, 0.0032035710755735636, -0.002297444036230445, 0.0003914039407391101, -0.0004640173283405602, 0.000978473573923111, -0.0022712917998433113, 0.0021611242555081844, -0.0013610487803816795, 0.0004732759844046086, -0.0005219122394919395], [0.0006041637971065938, -0.0019285574089735746, 0.0020899029914289713, -0.002297444036230445, 0.005269018467515707, -0.0029700947925448418, 0.0012344999704509974, 0.0001923408854054287, -0.0006969437818042934, -0.0018268811982125044, 0.0023895688354969025, -0.0010099099017679691, -0.0004284906026441604], [-0.0005876314244233072, 0.001867480343207717, -0.002419486176222563, 0.0003914039407391101, -0.0029700947925448418, 0.0065212068147957325, -0.003495496232062578, 2.2280866687651724e-05, 0.0016835631104186177, 0.0010585616109892726, -0.002137379953637719, 0.0019471783889457583, 0.0009539939928799868], [0.0005351313739083707, -0.0013108087005093694, 0.0019093581940978765, -0.0004640173283405602, 0.0012344999704509974, -0.003495496232062578, 0.0065232221968472, -0.004559542052447796, 0.0022843326441943645, -0.003133596619591117, 0.0019398293225094676, -0.0010067826369777322, -0.0007014611037448049], [-0.0004647000750992447, 0.0004749098152387887, -0.0017204914474859834, 0.000978473573923111, 0.0001923408854054287, 2.2280866687651724e-05, -0.004559542052447796, 0.011155365034937859, -0.0067658741027116776, 0.003459475701674819, -0.002031557960435748, -0.0002156051923520863, 0.0010589336743578315], [0.0001985948474612087, -0.0014602993614971638, 0.002016994170844555, -0.0022712917998433113, -0.0006969437818042934, 0.0016835631104186177, 0.0022843326441943645, -0.0067658741027116776, 0.013016165234148502, -0.007445784751325846, 0.001989715499803424, -0.0010479558259248734, 0.0012253712629899383], [3.643453965196386e-05, 0.0029005224350839853, -0.002819614950567484, 0.0021611242555081844, -0.0018268811982125044, 0.0010585616109892726, -0.003133596619591117, 0.003459475701674819, -0.007445784751325846, 0.01438145712018013, -0.006742290686815977, 0.004880109801888466, -0.0018974061822518706], [0.00019889793475158513, -0.003406480886042118, 0.0034150388091802597, -0.0013610487803816795, 0.0023895688354969025, -0.002137379953637719, 0.0019398293225094676, -0.002031557960435748, 0.001989715499803424, -0.006742290686815977, 0.015902286395430565, -0.010408221744000912, 0.0035067179705947638], [-0.0005323863006196916, 0.0032203015871345997, -0.0025625466369092464, 0.0004732759844046086, -0.0010099099017679691, 0.0019471783889457583, -0.0010067826369777322, -0.0002156051923520863, -0.0010479558259248734, 0.004880109801888466, -0.010408221744000912, 0.01769004389643669, -0.0068805343471467495], [0.0005659590242430568, -0.0013680306728929281, 0.0012113495031371713, -0.0005219122394919395, -0.0004284906026441604, 0.0009539939928799868, -0.0007014611037448049, 0.0010589336743578315, 0.0012253712629899383, -0.0018974061822518706, 0.0035067179705947638, -0.0068805343471467495, 0.010784201323986053]], "lowlevel.mfcc.cov": [[28111.9453125, -573.85498046875, 9816.6328125, 3398.368896484375, -616.704833984375, 1934.132080078125, 1985.159423828125, 3738.815185546875, -1907.2080078125, -651.5001831054688, 2266.69091796875, -1618.50048828125, -1092.3192138671875], [-573.85498046875, 1962.170654296875, -306.3885803222656, -357.481689453125, -30.67792320251465, -444.1010437011719, -127.25150299072266, -103.1049575805664, 18.555112838745117, 110.79051208496094, -91.3761978149414, 124.39344024658203, 98.58020782470703], [9816.6328125, -306.3885803222656, 4463.0927734375, 1647.895751953125, 8.230005264282227, 1029.775146484375, 879.4420776367188, 1458.7427978515625, -519.5925903320312, -216.571533203125, 821.3823852539062, -563.7847900390625, -314.2928161621094], [3398.368896484375, -357.481689453125, 1647.895751953125, 1140.6114501953125, 387.74658203125, 490.2568054199219, 291.9644775390625, 601.8792724609375, -100.46514892578125, -60.53911590576172, 368.7877197265625, -222.59788513183594, -81.4244155883789], [-616.704833984375, -30.67792320251465, 8.230005264282227, 387.74658203125, 575.29833984375, 246.19363403320312, -33.57841491699219, 4.611027240753174, 117.94181060791016, 64.33514404296875, 19.79922866821289, -14.474349975585938, 64.05897521972656], [1934.132080078125, -444.1010437011719, 1029.775146484375, 490.2568054199219, 246.19363403320312, 667.720458984375, 379.2320861816406, 372.31048583984375, -19.03859519958496, -4.694104194641113, 218.6485137939453, -145.23922729492188, -53.551143646240234], [1985.159423828125, -127.25150299072266, 879.4420776367188, 291.9644775390625, -33.57841491699219, 379.2320861816406, 502.9809265136719, 448.2066345214844, -32.223331451416016, 14.954670906066895, 220.13192749023438, -102.49629974365234, -73.10836029052734], [3738.815185546875, -103.1049575805664, 1458.7427978515625, 601.8792724609375, 4.611027240753174, 372.31048583984375, 448.2066345214844, 750.870849609375, -157.77540588378906, -36.80356979370117, 382.4127502441406, -225.27467346191406, -124.36802673339844], [-1907.2080078125, 18.555112838745117, -519.5925903320312, -100.46514892578125, 117.94181060791016, -19.03859519958496, -32.223331451416016, -157.77540588378906, 378.0992736816406, 144.8954620361328, -123.55488586425781, 173.7169952392578, 113.51776123046875], [-651.5001831054688, 110.79051208496094, -216.571533203125, -60.53911590576172, 64.33514404296875, -4.694104194641113, 14.954670906066895, -36.80356979370117, 144.8954620361328, 185.58404541015625, 50.36326217651367, 73.77529907226562, 34.63584899902344], [2266.69091796875, -91.3761978149414, 821.3823852539062, 368.7877197265625, 19.79922866821289, 218.6485137939453, 220.13192749023438, 382.4127502441406, -123.55488586425781, 50.36326217651367, 389.7474670410156, -77.93314361572266, -83.06130981445312], [-1618.50048828125, 124.39344024658203, -563.7847900390625, -222.59788513183594, -14.474349975585938, -145.23922729492188, -102.49629974365234, -225.27467346191406, 173.7169952392578, 73.77529907226562, -77.93314361572266, 250.2322540283203, 134.2461395263672], [-1092.3192138671875, 98.58020782470703, -314.2928161621094, -81.4244155883789, 64.05897521972656, -53.551143646240234, -73.10836029052734, -124.36802673339844, 113.51776123046875, 34.63584899902344, -83.06130981445312, 134.2461395263672, 193.4446563720703]], "lowlevel.mfcc.icov": [[0.0003567699168343097, -9.126109216595069e-05, -0.0003522174956742674, -0.000148792372783646, 0.00048645545030012727, -0.00025042620836757123, 0.00036477562389336526, -0.0006573352147825062, 0.000545437098480761, 6.35984688415192e-05, -0.0003959990572184324, 0.00020235010015312582, 0.00026910079759545624], [-9.126109216595069e-05, 0.0009679431095719337, -0.0004701342259068042, 0.0009970867540687323, -0.0013812064426019788, 0.0015791048062965274, -0.0006780631956644356, -5.182568656891817e-06, 0.0001508900459157303, -0.0005701043992303312, 0.0003639343485701829, -0.0003485781198833138, -0.0003060953167732805], [-0.0003522174956742674, -0.0004701342259068042, 0.0019901718478649855, -0.0018717029597610235, 0.0016297516413033009, -0.001859268406406045, 0.0004161577089689672, -0.0003715301281772554, 0.0001235693198395893, -0.0001335755514446646, 0.0006032314267940819, -0.00017516312072984874, -0.00010763934551505372], [-0.000148792372783646, 0.0009970867540687323, -0.0018717029597610235, 0.005854685790836811, -0.004987533204257488, 0.002889003837481141, -0.0008537887479178607, -9.904703620122746e-05, -0.0021301168017089367, 0.0025067979004234076, -0.0022436347790062428, 0.0008528018370270729, -0.0006139506585896015], [0.00048645545030012727, -0.0013812064426019788, 0.0016297516413033009, -0.004987533204257488, 0.00816340558230877, -0.0056281681172549725, 0.003599629970267415, -0.001285885227844119, 0.001183688989840448, -0.0021415252704173326, 0.0008666200446896255, 0.000783208291977644, -0.0002109852066496387], [-0.00025042620836757123, 0.0015791048062965274, -0.001859268406406045, 0.002889003837481141, -0.0056281681172549725, 0.0085392314940691, -0.005556484218686819, 0.002875593025237322, -0.001960401190444827, 0.001679621054790914, -0.0019200725946575403, 0.0019106011604890227, -0.001347753801383078], [0.00036477562389336526, -0.0006780631956644356, 0.0004161577089689672, -0.0008537887479178607, 0.003599629970267415, -0.005556484218686819, 0.008828620426356792, -0.005654383450746536, 0.0009879706194624305, -0.002034599892795086, 0.001655723201110959, -0.002052040072157979, 0.0016127133276313543], [-0.0006573352147825062, -5.182568656891817e-06, -0.0003715301281772554, -9.904703620122746e-05, -0.001285885227844119, 0.002875593025237322, -0.005654383450746536, 0.010207724757492542, -0.0037059816531836987, 0.002964121988043189, -0.004790537524968386, 0.004825070034712553, -0.002468266524374485], [0.000545437098480761, 0.0001508900459157303, 0.0001235693198395893, -0.0021301168017089367, 0.001183688989840448, -0.001960401190444827, 0.0009879706194624305, -0.0037059816531836987, 0.010231644846498966, -0.007553648203611374, 0.00607718899846077, -0.005911706015467644, 0.001423571608029306], [6.35984688415192e-05, -0.0005701043992303312, -0.0001335755514446646, 0.0025067979004234076, -0.0021415252704173326, 0.001679621054790914, -0.002034599892795086, 0.002964121988043189, -0.007553648203611374, 0.015153820626437664, -0.008987062610685825, 0.0038186819292604923, -0.0009908974170684814], [-0.0003959990572184324, 0.0003639343485701829, 0.0006032314267940819, -0.0022436347790062428, 0.0008666200446896255, -0.0019200725946575403, 0.001655723201110959, -0.004790537524968386, 0.00607718899846077, -0.008987062610685825, 0.012872233986854553, -0.007197326049208641, 0.0