{"song_id": "1183706637895217252", "download": "https://cdn.discordapp.com/attachments/1135911532732108921/1183706637895217252/chirp.mp4?ex=65894fb6&amp", "lyrics": "[Verse] \nNo encerrar de um ano, olho para tr\u00e1s, Recordo os momentos, que n\u00e3o voltam mais. Com gratid\u00e3o pelas hist\u00f3rias vividas, Pelos sorrisos partilhados, pelas jornadas percorridas.", "style": ["MPB</span><span>, voz masculina"], "essentia_features": {"lowlevel.average_loudness": 0.9496157765388489, "lowlevel.barkbands_crest.mean": 13.012876510620117, "lowlevel.barkbands_crest.stdev": 4.249228000640869, "lowlevel.barkbands_flatness_db.mean": 0.319050133228302, "lowlevel.barkbands_flatness_db.stdev": 0.08881785720586777, "lowlevel.barkbands_kurtosis.mean": 22.31717872619629, "lowlevel.barkbands_kurtosis.stdev": 25.476526260375977, "lowlevel.barkbands_skewness.mean": 2.9756624698638916, "lowlevel.barkbands_skewness.stdev": 1.9986639022827148, "lowlevel.barkbands_spread.mean": 7.22813606262207, "lowlevel.barkbands_spread.stdev": 10.530279159545898, "lowlevel.dissonance.mean": 0.4153514504432678, "lowlevel.dissonance.stdev": 0.05405388027429581, "lowlevel.dynamic_complexity": 2.7026896476745605, "lowlevel.erbbands_crest.mean": 12.762497901916504, "lowlevel.erbbands_crest.stdev": 4.242930889129639, "lowlevel.erbbands_flatness_db.mean": 0.24042341113090515, "lowlevel.erbbands_flatness_db.stdev": 0.06837093085050583, "lowlevel.erbbands_kurtosis.mean": 5.6362810134887695, "lowlevel.erbbands_kurtosis.stdev": 7.5944671630859375, "lowlevel.erbbands_skewness.mean": 1.526690125465393, "lowlevel.erbbands_skewness.stdev": 1.4673171043395996, "lowlevel.erbbands_spread.mean": 31.555158615112305, "lowlevel.erbbands_spread.stdev": 30.662906646728516, "lowlevel.hfc.mean": 12.729945182800293, "lowlevel.hfc.stdev": 12.132233619689941, "lowlevel.loudness_ebu128.integrated": -15.77443790435791, "lowlevel.loudness_ebu128.loudness_range": 5.440696716308594, "lowlevel.loudness_ebu128.momentary.mean": -16.763818740844727, "lowlevel.loudness_ebu128.momentary.stdev": 3.349341630935669, "lowlevel.loudness_ebu128.short_term.mean": -16.429018020629883, "lowlevel.loudness_ebu128.short_term.stdev": 2.2113919258117676, "lowlevel.melbands_crest.mean": 17.76447868347168, "lowlevel.melbands_crest.stdev": 5.7893266677856445, "lowlevel.melbands_flatness_db.mean": 0.4150489270687103, "lowlevel.melbands_flatness_db.stdev": 0.10633016377687454, "lowlevel.melbands_kurtosis.mean": 46.637298583984375, "lowlevel.melbands_kurtosis.stdev": 57.27135467529297, "lowlevel.melbands_skewness.mean": 4.117648601531982, "lowlevel.melbands_skewness.stdev": 2.7921063899993896, "lowlevel.melbands_spread.mean": 5.942103385925293, "lowlevel.melbands_spread.stdev": 9.081597328186035, "lowlevel.pitch_salience.mean": 0.4656636416912079, "lowlevel.pitch_salience.stdev": 0.11901982128620148, "lowlevel.silence_rate_20dB.mean": 1.0, "lowlevel.silence_rate_20dB.stdev": 0.0, "lowlevel.silence_rate_30dB.mean": 0.9881386756896973, "lowlevel.silence_rate_30dB.stdev": 0.10826185345649719, "lowlevel.silence_rate_60dB.mean": 0.05018248036503792, "lowlevel.silence_rate_60dB.stdev": 0.21832036972045898, "lowlevel.spectral_centroid.mean": 462.91949462890625, "lowlevel.spectral_centroid.stdev": 466.2440490722656, "lowlevel.spectral_complexity.mean": 7.794708251953125, "lowlevel.spectral_complexity.stdev": 4.827385425567627, "lowlevel.spectral_decrease.mean": -1.1575713720901604e-08, "lowlevel.spectral_decrease.stdev": 6.607274283254583e-09, "lowlevel.spectral_energy.mean": 0.044844064861536026, "lowlevel.spectral_energy.stdev": 0.025548797100782394, "lowlevel.spectral_energyband_high.mean": 0.0003105437208432704, "lowlevel.spectral_energyband_high.stdev": 0.0010551316663622856, "lowlevel.spectral_energyband_low.mean": 0.02621437795460224, "lowlevel.spectral_energyband_low.stdev": 0.018650861456990242, "lowlevel.spectral_energyband_middle_high.mean": 0.002338453195989132, "lowlevel.spectral_energyband_middle_high.stdev": 0.005946298595517874, "lowlevel.spectral_energyband_middle_low.mean": 0.01921181008219719, "lowlevel.spectral_energyband_middle_low.stdev": 0.016103707253932953, "lowlevel.spectral_entropy.mean": 6.131306171417236, "lowlevel.spectral_entropy.stdev": 0.8841701149940491, "lowlevel.spectral_flux.mean": 0.05745622515678406, "lowlevel.spectral_flux.stdev": 0.045596323907375336, "lowlevel.spectral_kurtosis.mean": 26.53447723388672, "lowlevel.spectral_kurtosis.stdev": 34.497684478759766, "lowlevel.spectral_rms.mean": 0.006265058182179928, "lowlevel.spectral_rms.stdev": 0.0021211751736700535, "lowlevel.spectral_rolloff.mean": 423.5518493652344, "lowlevel.spectral_rolloff.stdev": 865.8003540039062, "lowlevel.spectral_skewness.mean": 3.492807626724243, "lowlevel.spectral_skewness.stdev": 2.2221646308898926, "lowlevel.spectral_spread.mean": 3417954.75, "lowlevel.spectral_spread.stdev": 2184266.25, "lowlevel.spectral_strongpeak.mean": 0.8409201502799988, "lowlevel.spectral_strongpeak.stdev": 0.7646772265434265, "lowlevel.zerocrossingrate.mean": 0.02115781418979168, "lowlevel.zerocrossingrate.stdev": 0.028068609535694122, "metadata.audio_properties.analysis.equal_loudness": 0.0, "metadata.audio_properties.analysis.length": 25.407981872558594, "metadata.audio_properties.analysis.sample_rate": 44100.0, "metadata.audio_properties.analysis.start_time": 0.0, "metadata.audio_properties.bit_rate": 113660.0, "metadata.audio_properties.length": 25.408000946044922, "metadata.audio_properties.lossless": 0.0, "metadata.audio_properties.number_channels": 1.0, "metadata.audio_properties.replay_gain": -9.858224868774414, "metadata.audio_properties.sample_rate": 48000.0, "rhythm.beats_count": 40.0, "rhythm.beats_loudness.mean": 0.056016743183135986, "rhythm.beats_loudness.stdev": 0.025273678824305534, "rhythm.bpm": 100.16514587402344, "rhythm.bpm_histogram_first_peak_bpm": 99.0, "rhythm.bpm_histogram_first_peak_weight": 0.5, "rhythm.bpm_histogram_second_peak_bpm": 108.0, "rhythm.bpm_histogram_second_peak_spread": 0.40000003576278687, "rhythm.bpm_histogram_second_peak_weight": 0.07692307978868484, "rhythm.danceability": 0.8958725929260254, "rhythm.onset_rate": 4.090325355529785, "tonal.chords_changes_rate": 0.04189435392618179, "tonal.chords_number_rate": 0.016393441706895828, "tonal.chords_strength.mean": 0.5103293061256409, "tonal.chords_strength.stdev": 0.07302968949079514, "tonal.hpcp_crest.mean": 16.358295440673828, "tonal.hpcp_crest.stdev": 7.475950241088867, "tonal.hpcp_entropy.mean": 1.671277403831482, "tonal.hpcp_entropy.stdev": 0.7338370680809021, "tonal.key_edma.strength": 0.7967742681503296, "tonal.key_krumhansl.strength": 0.7986626625061035, "tonal.key_temperley.strength": 0.7978768348693848, "tonal.tuning_diatonic_strength": 0.6056233048439026, "tonal.tuning_equal_tempered_deviation": 0.06783842295408249, "tonal.tuning_frequency": 437.7185363769531, "tonal.tuning_nontempered_energy_ratio": 0.7091575264930725, "lowlevel.barkbands.mean": [3.624181044870056e-05, 0.008444434963166714, 0.014606195501983166, 0.005797692108899355, 0.009341683238744736, 0.0021011740900576115, 0.0006307915318757296, 0.0005126033211126924, 0.0005681206821464002, 0.0005318194162100554, 0.000601777748670429, 0.0002056659577647224, 0.00012647653056774288, 0.00024958126596175134, 0.0003676006745081395, 0.00012500787852331996, 0.0001420340413460508, 0.00010762654710561037, 2.4023403966566548e-05, 6.601660425076261e-05, 7.883100624894723e-05, 4.291548248147592e-05, 3.9704402297502384e-05, 2.901907282648608e-05, 5.6125274568330497e-05, 1.090584737539757e-05, 1.4543346082973585e-08], "lowlevel.barkbands.stdev": [6.985029176576063e-05, 0.007827901281416416, 0.01608414575457573, 0.006654851604253054, 0.01076382864266634, 0.004336734302341938, 0.001940057147294283, 0.0018216867465525866, 0.002350177150219679, 0.0025274199433624744, 0.0029635780956596136, 0.0006635092431679368, 0.0005183078465051949, 0.001021510805003345, 0.0012955382699146867, 0.0004257663676980883, 0.0004585155693348497, 0.0003126497904304415, 0.00010140796075575054, 0.00025103118969127536, 0.00038063403917476535, 0.0002066270972136408, 0.00019906976376660168, 0.0001037100373650901, 0.00021275521430652589, 4.7501758672297e-05, 1.9033208786822797e-07], "lowlevel.erbbands.mean": [0.11050660163164139, 2.546158790588379, 15.056143760681152, 19.163503646850586, 27.098834991455078, 31.069286346435547, 23.3449764251709, 14.337796211242676, 8.837265014648438, 12.024456977844238, 10.839475631713867, 13.226725578308105, 17.50516700744629, 15.66580581665039, 23.236299514770508, 9.616937637329102, 6.394775867462158, 12.632058143615723, 19.720489501953125, 11.460347175598145, 6.952297210693359, 7.994572639465332, 6.943356513977051, 2.150871515274048, 1.1070597171783447, 2.959772825241089, 4.25225830078125, 2.281071424484253, 1.5427333116531372, 1.449544072151184, 1.015607476234436, 0.4384593665599823, 0.6745967864990234, 0.7680094838142395, 0.294119268655777, 0.08702296018600464, 0.01408975850790739, 0.0008060621912591159, 4.214235377730802e-05, 5.16019863425754e-05], "lowlevel.erbbands.stdev": [0.1206556037068367, 2.2126822471618652, 16.212156295776367, 14.5120849609375, 39.15639877319336, 40.76008224487305, 49.51988220214844, 25.824838638305664, 19.977882385253906, 46.69050216674805, 33.98137283325195, 56.35424041748047, 72.72606658935547, 85.44721984863281, 119.96338653564453, 27.28582191467285, 22.725072860717773, 48.253963470458984, 68.53752899169922, 39.096866607666016, 20.130529403686523, 24.526599884033203, 20.108396530151367, 7.173129558563232, 4.589807987213135, 11.398791313171387, 18.01554298400879, 12.224137306213379, 7.232310771942139, 8.166621208190918, 4.851112365722656, 1.6468466520309448, 2.3977341651916504, 2.620490312576294, 1.3533209562301636, 0.39719247817993164, 0.06049012020230293, 0.0036651825066655874, 8.892828191164881e-05, 2.9361717679421417e-05], "lowlevel.gfcc.mean": [-100.34879302978516, 156.64129638671875, -68.19527435302734, 39.05479431152344, -30.87029457092285, 10.56461238861084, -43.87190628051758, -7.996100902557373, -32.747005462646484, -8.527305603027344, -9.684574127197266, -12.660897254943848, 2.6790151596069336], "lowlevel.melbands.mean": [0.001666746917180717, 0.0062316288240253925, 0.003586952108889818, 0.0021073645912110806, 0.0009654915775172412, 0.0003393606166355312, 0.00013059269986115396, 0.0001277011033380404, 9.03828622540459e-05, 8.071511547314003e-05, 8.54024983709678e-05, 5.8996007282985374e-05, 8.530668856110424e-05, 3.154552177875303e-05, 1.752463504089974e-05, 1.2629300726985093e-05, 2.4395556465606205e-05, 3.0376319045899436e-05, 2.1382811610237695e-05, 1.0570557606115472e-05, 7.661893505428452e-06, 7.861077392590232e-06, 8.81694086274365e-06, 4.30508498538984e-06, 1.4292398873294587e-06, 7.302256790353567e-07, 8.535566848877352e-07, 2.317875669177738e-06, 3.107511702182819e-06, 1.8934707668449846e-06, 1.0691277338992222e-06, 8.822062227409333e-07, 7.975771723067737e-07, 8.28806378194713e-07, 6.401867835847952e-07, 3.6366489553074643e-07, 2.295836765142667e-07, 4.068980388183263e-07, 6.386402446878492e-07, 6.584400011888647e-07], "lowlevel.melbands.stdev": [0.0015964399790391326, 0.005525668151676655, 0.0027312603779137135, 0.002496158005669713, 0.001692062010988593, 0.0006226513651199639, 0.00031711021438241005, 0.0004868275427725166, 0.00029961002292111516, 0.0003341270494274795, 0.0003668632998596877, 0.0003600435156840831, 0.00043148762779310346, 0.00012124930799473077, 5.968020195723511e-05, 5.0535236368887126e-05, 0.0001000369229586795, 0.00010991960880346596, 7.787701906636357e-05, 3.71025744243525e-05, 2.3708211301709525e-05, 2.560271786933299e-05, 2.7364272682461888e-05, 1.3627984117192682e-05, 5.514041731657926e-06, 3.4740273804345634e-06, 3.2804941838548984e-06, 9.579443940310739e-06, 1.3338031749299262e-05, 9.02296778804157e-06, 6.132401722425129e-06, 4.236827408021782e-06, 4.316310878493823e-06, 4.947549314238131e-06, 3.301227479823865e-06, 1.4308294566944824e-06, 9.478262654738501e-07, 1.585738914400281e-06, 1.978473164854222e-06, 2.4064004264801042e-06], "lowlevel.melbands128.mean": [2.4539369405829348e-05, 0.0004235117230564356, 0.0020024871919304132, 0.004657427780330181, 0.00770895229652524, 0.00674775755032897, 0.0038805208168923855, 0.0027598903980106115, 0.0028970460407435894, 0.002078727586194873, 0.001714862184599042, 0.001305636134929955, 0.0006966777145862579, 0.000669942470267415, 0.00032575626391917467, 0.00017824542010203004, 0.00017135700909420848, 9.549567039357498e-05, 0.00010839736933121458, 0.00016557759954594076, 0.00011503876157803461, 8.372141019208357e-05, 8.096794044831768e-05, 9.985841461457312e-05, 0.00010654047218849882, 3.944916170439683e-05, 0.00010326017218176275, 0.00010943655797746032, 4.776162313646637e-05, 6.657222547801211e-05, 4.6642922825412825e-05, 7.57279631216079e-05, 0.0001152748372987844, 7.778251165291294e-05, 2.162029704777524e-05, 3.0038221666472964e-05, 2.3708273147349246e-05, 1.4009846381668467e-05, 1.736693229759112e-05, 1.2196532225061674e-05, 7.845059371902607e-06, 1.796490505512338e-05, 3.159675907227211e-05, 2.297909486514982e-05, 1.586393773322925e-05, 3.760529216378927e-05, 4.392107803141698e-05, 1.4889883459545672e-05, 1.7877966456580907e-05, 1.4645157534687314e-05, 7.662340067327023e-06, 8.78737773746252e-06, 7.416188964270987e-06, 7.242772426252486e-06, 8.167928172042593e-06, 6.947440397198079e-06, 8.309672011819202e-06, 1.0843175914487801e-05, 8.505857294949237e-06, 5.9235035223537125e-06, 4.9568438953428995e-06, 2.1657390334439697e-06, 1.828936547099147e-06, 1.2077543942723423e-06, 7.648878295185568e-07, 7.590348900521349e-07, 6.408581612049602e-07, 6.98935366472142e-07, 8.70143992415251e-07, 1.1224576610402437e-06, 1.516277734481264e-06, 3.774111974053085e-06, 3.506771236061468e-06, 3.1832148579269415e-06, 2.2143601654533995e-06, 1.966083345905645e-06, 1.7824440874392167e-06, 1.4502292060569744e-06, 8.003783591448155e-07, 8.573584864279837e-07, 1.0514472705835942e-06, 7.789359415255603e-07, 7.800005619174044e-07, 8.088329082056589e-07, 8.396611406169541e-07, 7.352574584729155e-07, 9.201355624099961e-07, 8.109739724204701e-07, 5.840150265612465e-07, 5.786440055999265e-07, 4.533722517408023e-07, 3.163842734466016e-07, 1.7200424906604894e-07, 2.202326641054242e-07, 2.3328223619500932e-07, 3.500913692278118e-07, 4.2087421547876147e-07, 5.356629344532848e-07, 6.096968263591407e-07, 7.109846364983241e-07, 7.686828098485421e-07, 7.115139055713371e-07, 4.332047467414668e-07, 3.967854524944414e-07, 2.821496138949442e-07, 2.859153482859256e-07, 2.692685256988625e-07, 1.7167532462281088e-07, 1.435997063481409e-07, 1.0289865315371571e-07, 6.730008550448474e-08, 5.189758311985315e-08, 3.928631997496268e-08, 2.3628546230725078e-08, 1.4155725480691217e-08, 3.699896167219663e-09, 6.842054700584299e-10, 9.64097378319817e-12, 6.530095474771569e-12, 5.092657198724204e-12, 4.962519110918162e-12, 4.869538366286674e-12, 4.762527178181486e-12, 4.677576468520295e-12, 4.565910583648192e-12, 4.422703522855009e-12, 4.339062095737312e-12, 4.3088570905736034e-12], "lowlevel.melbands128.stdev": [5.218319347477518e-05, 0.0007034697919152677, 0.002575859660282731, 0.004585904534906149, 0.008909857831895351, 0.007208149880170822, 0.003357204608619213, 0.003844877704977989, 0.005185682792216539, 0.003505944972857833, 0.0028299971017986536, 0.002662203973159194, 0.0021815779618918896, 0.0016089723212644458, 0.0007307732594199479, 0.0003854859387502074, 0.000417786359321326, 0.0004246498574502766, 0.0005123856826685369, 0.0008001510286703706, 0.0006055912817828357, 0.00036229848046787083, 0.00033979874569922686, 0.0005966112948954105, 0.0006120454636402428, 0.0002648638910613954, 0.0005519731785170734, 0.0005790022551082075, 0.00036779927904717624, 0.0005918581737205386, 0.0004611702461261302, 0.0004058461054228246, 0.0007055733585730195, 0.0005902972188778222, 0.00012525139027275145, 0.0001275026152143255, 8.509328472428024e-05, 6.908887007739395e-05, 0.0001091877929866314, 5.813064854010008e-05, 5.5866326874820516e-05, 0.00012453790986910462, 0.0001625510340090841, 0.00011409888247726485, 0.00014633727550972253, 0.00016711132775526494, 0.00019537251500878483, 8.602379966760054e-05, 0.00010310432116966695, 6.63112077745609e-05, 4.0544782677898183e-05, 4.046651883982122e-05, 2.7023146685678512e-05, 3.348721293150447e-05, 3.477601785562001e-05, 3.082217517658137e-05, 3.6493049265118316e-05, 4.5313841837923974e-05, 2.8558855774463154e-05, 2.3519400201621465e-05, 2.051830779237207e-05, 9.014094757731073e-06, 8.3654331319849e-06, 5.496992343978491e-06, 3.624889814091148e-06, 4.294977770769037e-06, 3.4620020414877217e-06, 3.6008309507451486e-06, 3.252263013564516e-06, 4.424954113346757e-06, 6.192105047375662e-06, 2.0912857507937588e-05, 1.5114583220565692e-05, 1.579828494868707e-05, 1.0378224033047445e-05, 8.588093805883545e-06, 1.0305897376383655e-05, 1.1181782610947266e-05, 4.674678621086059e-06, 4.309446921979543e-06, 5.591269655269571e-06, 3.934384494641563e-06, 4.114659077458782e-06, 4.531525974016404e-06, 5.468520157592138e-06, 4.523855295701651e-06, 5.9884137044718955e-06, 4.938338406645926e-06, 3.0943117508286377e-06, 2.9522113891289337e-06, 1.9416643226577435e-06, 1.2415903256624006e-06, 8.241198656833149e-07, 1.1353409945513704e-06, 1.1006989097950282e-06, 1.456102268093673e-06, 2.0584839148796163e-06, 2.2800168153480627e-06, 1.968014430531184e-06, 2.232075075880857e-06, 2.9223476758488687e-06, 2.6562827315501636e-06, 1.7936689573616604e-06, 2.1167495560803218e-06, 1.4291963452706113e-06, 1.6083573655123473e-06, 1.3865266055290704e-06, 8.166744009940885e-07, 7.247799089782347e-07, 5.111684799885552e-07, 3.7407306763270753e-07, 2.558242044869985e-07, 1.8065853168991453e-07, 1.1528307908292845e-07, 7.126082834929548e-08, 3.901107703541129e-08, 7.564464610254618e-09, 7.416689484784911e-11, 4.334334974265275e-11, 7.055519796878018e-12, 6.8866769925568505e-12, 6.735503647881114e-12, 6.6074654428427415e-12, 6.493534009111013e-12, 6.400148640228753e-12, 6.323685065173779e-12, 6.269176150430766e-12, 6.235501264634236e-12], "lowlevel.mfcc.mean": [-762.2662963867188, 186.7289581298828, 30.441791534423828, 37.8136100769043, 33.560237884521484, 13.95889663696289, 13.09841251373291, -8.46430778503418, -2.4611728191375732, -9.989129066467285, -16.31955337524414, -0.6755204796791077, -0.8590058088302612], "lowlevel.spectral_contrast_coeffs.mean": [-0.6129148006439209, -0.6898797750473022, -0.7618675827980042, -0.7962509989738464, -0.8085171580314636, -0.7882785797119141], "lowlevel.spectral_contrast_coeffs.stdev": [0.07398577779531479, 0.07177957892417908, 0.08227536827325821, 0.06362295150756836, 0.0572754368185997, 0.06126594915986061], "lowlevel.spectral_contrast_valleys.mean": [-6.420347690582275, -8.012333869934082, -8.617167472839355, -8.892070770263672, -9.145134925842285, -12.071466445922852], "lowlevel.spectral_contrast_valleys.stdev": [0.8822950124740601, 0.8603601455688477, 0.8319419026374817, 1.019054651260376, 1.333958387374878, 1.4365301132202148], "rhythm.beats_loudness_band_ratio.mean": [0.6977874040603638, 0.2726810872554779, 0.05148251727223396, 0.040022678673267365, 0.01861204393208027, 0.008047718554735184], "rhythm.beats_loudness_band_ratio.stdev": [0.20758125185966492, 0.17143608629703522, 0.09423071891069412, 0.09151841700077057, 0.0370243601500988, 0.019559012725949287], "tonal.hpcp.mean": [0.21152052283287048, 0.10285152494907379, 0.0144013911485672, 0.008601216599345207, 0.011815724894404411, 0.04979119822382927, 0.17026329040527344, 0.14242172241210938, 0.12102066725492477, 0.2124730497598648, 0.12058088183403015, 0.018384087830781937, 0.008925378322601318, 0.010944190435111523, 0.05499805137515068, 0.1785140484571457, 0.14317448437213898, 0.019398892298340797, 0.0085885776206851, 0.010932614095509052, 0.10793803632259369, 0.2390601634979248, 0.14957837760448456, 0.01193018164485693, 0.0028996889013797045, 0.002511213067919016, 0.004729208070784807, 0.010690223425626755, 0.019486533477902412, 0.15640375018119812, 0.2885934114456177, 0.15610814094543457, 0.01630992256104946, 0.0103921452537179, 0.023648427799344063, 0.13706348836421967], "tonal.hpcp.stdev": [0.39010536670684814, 0.21463905274868011, 0.07964510470628738, 0.0660940632224083, 0.07191404700279236, 0.10791433602571487, 0.29875636100769043, 0.25530317425727844, 0.21973371505737305, 0.3824121057987213, 0.231924906373024, 0.09344539046287537, 0.053854309022426605, 0.07323706895112991, 0.11920910328626633, 0.3266974687576294, 0.2725612223148346, 0.10137049853801727, 0.06589479744434357, 0.060343239456415176, 0.20014573633670807, 0.3732565939426422, 0.24688300490379333, 0.05300862714648247, 0.01180347427725792, 0.014840546064078808, 0.04147391766309738, 0.0689382553100586, 0.09594019502401352, 0.24540691077709198, 0.40605413913726807, 0.23796822130680084, 0.09261583536863327, 0.0679498016834259, 0.11652840673923492, 0.26663738489151], "rhythm.beats_position": [0.5572788715362549, 1.1377778053283691, 1.729886531829834, 2.3336052894592285, 2.9257142543792725, 3.529433012008667, 4.133152008056641, 4.7252607345581055, 5.31736946105957, 5.921088218688965, 6.536417007446289, 7.151745796203613, 7.755464553833008, 8.359183311462402, 8.974512100219727, 9.60145092010498, 10.216779708862305, 10.77405834197998, 11.342947959899902, 11.900226593017578, 12.457505226135254, 13.02639389038086, 13.61850357055664, 14.210612297058105, 14.8143310546875, 15.418049812316895, 15.99854850769043, 16.59065818786621, 17.18276596069336, 17.78648567199707, 18.36698341369629, 18.94748306274414, 19.586030960083008, 20.247800827026367, 20.956008911132812, 21.675827026367188, 22.407255172729492, 23.15029525756836, 23.893333435058594, 24.647981643676758], "rhythm.bpm_histogram": [0.0, 0.0, 0.0, 0.0, 0.0, 0.0, 0.0, 0.0, 0.0, 0.0, 0.0, 0.0, 0.0, 0.0, 0.0, 0.0, 0.0, 0.0, 0.0, 0.0, 0.0, 0.0, 0.0, 0.0, 0.0, 0.0, 0.0, 0.0, 0.0, 0.0, 0.0, 0.0, 0.0, 0.0, 0.0, 0.0, 0.0, 0.0, 0.0, 0.0, 0.0, 0.0, 0.0, 0.0, 0.0, 0.0, 0.0, 0.0, 0.0, 0.0, 0.0, 0.0, 0.0, 0.0, 0.0, 0.0, 0.0, 0.0, 0.0, 0.0, 0.0, 0.0, 0.0, 0.0, 0.0, 0.0, 0.0, 0.0, 0.0, 0.0, 0.0, 0.0, 0.0, 0.0, 0.0, 0.0, 0.0, 0.0, 0.0, 0.0, 0.025641025975346565, 0.05128205195069313, 0.025641025975346565, 0.025641025975346565, 0.0, 0.025641025975346565, 0.0, 0.0, 0.0, 0.0, 0.0, 0.025641025975346565, 0.0, 0.0, 0.025641025975346565, 0.0, 0.025641025975346565, 0.0, 0.10256410390138626, 0.23076923191547394, 0.0, 0.20512820780277252, 0.0, 0.10256410390138626, 0.0, 0.05128205195069313, 0.0, 0.0, 0.07692307978868484, 0.0, 0.0, 0.0, 0.0, 0.0, 0.0, 0.0, 0.0, 0.0, 0.0, 0.0, 0.0, 0.0, 0.0, 0.0, 0.0, 0.0, 0.0, 0.0, 0.0, 0.0, 0.0, 0.0, 0.0, 0.0, 0.0, 0.0, 0.0, 0.0, 0.0, 0.0, 0.0, 0.0, 0.0, 0.0, 0.0, 0.0, 0.0, 0.0, 0.0, 0.0, 0.0, 0.0, 0.0, 0.0, 0.0, 0.0, 0.0, 0.0, 0.0, 0.0, 0.0, 0.0, 0.0, 0.0, 0.0, 0.0, 0.0, 0.0, 0.0, 0.0, 0.0, 0.0, 0.0, 0.0, 0.0, 0.0, 0.0, 0.0, 0.0, 0.0, 0.0, 0.0, 0.0, 0.0, 0.0, 0.0, 0.0, 0.0, 0.0, 0.0, 0.0, 0.0, 0.0, 0.0, 0.0, 0.0, 0.0, 0.0, 0.0, 0.0, 0.0, 0.0, 0.0, 0.0, 0.0, 0.0, 0.0, 0.0, 0.0, 0.0, 0.0, 0.0, 0.0, 0.0, 0.0, 0.0, 0.0, 0.0, 0.0, 0.0, 0.0, 0.0, 0.0, 0.0, 0.0, 0.0, 0.0, 0.0, 0.0, 0.0, 0.0, 0.0, 0.0, 0.0, 0.0, 0.0, 0.0, 0.0, 0.0, 0.0, 0.0, 0.0, 0.0, 0.0, 0.0, 0.0, 0.0, 0.0, 0.0, 0.0], "tonal.chords_histogram": [15.118396759033203, 14.936247825622559, 37.34061813354492, 0.18214936554431915, 4.7358832359313965, 0.0, 11.657559394836426, 0.0, 0.0, 2.3679416179656982, 0.0, 0.0, 0.0, 0.0, 0.0, 0.0, 0.0, 3.825136661529541, 0.0, 1.8214936256408691, 0.0, 0.0, 0.0, 8.014572143554688], "tonal.thpcp": [1.0, 0.5409275889396667, 0.056515228003263474, 0.036009643226861954, 0.08194375783205032, 0.474936306476593, 0.7329360842704773, 0.35638901591300964, 0.04990201070904732, 0.0298039261251688, 0.040942464023828506, 0.17253060638904572, 0.5899763703346252, 0.49350303411483765, 0.4193466007709503, 0.7362366318702698, 0.4178227186203003, 0.06370238214731216, 0.030927171930670738, 0.03792252391576767, 0.19057278335094452, 0.6185659170150757, 0.4961114227771759, 0.06721876561641693, 0.029760129749774933, 0.03788240998983383, 0.3740141987800598, 0.8283631801605225, 0.5183014273643494, 0.04133906587958336, 0.010047661140561104, 0.008701561018824577, 0.0163870956748724, 0.03704250603914261, 0.06752244383096695, 0.5419518947601318], "lowlevel.gfcc.cov": [[10197.2978515625, -2873.697265625, -1104.9390869140625, 1106.8367919921875, -745.1904907226562, 479.0341796875, -427.1526184082031, 1881.0343017578125, -253.30056762695312, 579.427978515625, -181.56536865234375, -44.026634216308594, 241.1506805419922], [-2873.697265625, 2411.76953125, -73.3467025756836, -962.7884521484375, 557.9808959960938, -341.2569580078125, 271.7047424316406, -621.0983276367188, 144.5634002685547, -385.97216796875, 240.84075927734375, -258.5276794433594, 69.65953063964844], [-1104.9390869140625, -73.3467025756836, 1080.9486083984375, 174.34445190429688, -49.74555587768555, 49.74273681640625, -4.583816051483154, -122.65288543701172, 9.8076171875, 19.73392105102539, 22.13401222229004, 160.46408081054688, -88.41886901855469], [1106.8367919921875, -962.7884521484375, 174.34445190429688, 1121.1519775390625, -13.828927040100098, -30.205162048339844, 53.86377716064453, 44.576908111572266, 80.1812744140625, 142.19227600097656, 7.117161273956299, 194.95956420898438, -8.664189338684082], [-745.1904907226562, 557.9808959960938, -49.74555587768555, -13.828927040100098, 464.3980407714844, -117.38920593261719, 50.30220413208008, -168.19076538085938, 99.26832580566406, -114.6849136352539, 49.1872444152832, -39.11840057373047, 19.720426559448242], [479.0341796875, -341.2569580078125, 49.74273681640625, -30.205162048339844, -117.38920593261719, 352.0472106933594, 6.479344367980957, 99.07119750976562, -7.6248955726623535, 52.95200729370117, -30.844701766967773, 16.216970443725586, -14.370159149169922], [-427.1526184082031, 271.7047424316406, -4.583816051483154, 53.86377716064453, 50.30220413208008, 6.479344367980957, 298.2060546875, -177.14076232910156, 21.07123565673828, -42.94586181640625, 71.91419982910156, 6.7189040184021, -10.87771987915039], [1881.0343017578125, -621.0983276367188, -122.65288543701172, 44.576908111572266, -168.19076538085938, 99.07119750976562, -177.14076232910156, 658.0908813476562, -43.8902587890625, 114.39213562011719, -40.41873550415039, -33.896270751953125, 68.89581298828125], [-253.30056762695312, 144.5634002685547, 9.8076171875, 80.1812744140625, 99.26832580566406, -7.6248955726623535, 21.07123565673828, -43.8902587890625, 162.39601135253906, -14.256057739257812, 20.113540649414062, 8.934090614318848, 5.3294267654418945], [579.427978515625, -385.97216796875, 19.73392105102539, 142.19227600097656, -114.6849136352539, 52.95200729370117, -42.94586181640625, 114.39213562011719, -14.256057739257812, 157.77957153320312, -21.617916107177734, 36.74842071533203, -3.1195895671844482], [-181.56536865234375, 240.84075927734375, 22.13401222229004, 7.117161273956299, 49.1872444152832, -30.844701766967773, 71.91419982910156, -40.41873550415039, 20.113540649414062, -21.617916107177734, 134.0937042236328, 2.0613300800323486, 22.024993896484375], [-44.026634216308594, -258.5276794433594, 160.46408081054688, 194.95956420898438, -39.11840057373047, 16.216970443725586, 6.7189040184021, -33.896270751953125, 8.934090614318848, 36.74842071533203, 2.0613300800323486, 160.33412170410156, -39.798370361328125], [241.1506805419922, 69.65953063964844, -88.41886901855469, -8.664189338684082, 19.720426559448242, -14.370159149169922, -10.87771987915039, 68.89581298828125, 5.3294267654418945, -3.1195895671844482, 22.024993896484375, -39.798370361328125, 85.87474060058594]], "lowlevel.gfcc.icov": [[0.0005029390449635684, -0.0008805163088254631, 0.0006178775802254677, -0.0012714969925582409, 0.0005153705715201795, -0.0009221960208378732, 0.0004612287739291787, -0.0014592447550967336, 0.0011848154244944453, -0.0007788456859998405, 0.0007856276351958513, -0.00027736826450563967, 0.0003344293509144336], [-0.0008805163088254631, 0.008203783072531223, -0.002232235623523593, 0.00745786726474762, -0.0035813406575471163, 0.005540330894291401, -0.003674678271636367, 0.005597447045147419, -0.0065639689564704895, 0.004646132700145245, -0.0073064579628407955, 0.004339423030614853, -0.004473478998988867], [0.0006178775802254677, -0.002232235623523593, 0.00212470768019557, -0.0025335352402180433, 0.0011822382220998406, -0.0020000149961560965, 0.0013664572034031153, -0.002142200944945216, 0.0022328351624310017, -0.0013749810168519616, 0.0015257130144163966, -0.0018647025572136045, 0.00184921536128968], [-0.0012714969925582409, 0.00745786726474762, -0.0025335352402180433, 0.008726395666599274, -0.003603922203183174, 0.005788192618638277, -0.003958860412240028, 0.005882876925170422, -0.007094258442521095, 0.0033690070267766714, -0.006304904818534851, 0.002142959972843528, -0.004459345247596502], [0.0005153705715201795, -0.0035813406575471163, 0.0011822382220998406, -0.003603922203183174, 0.0049606929533183575, -0.0019609208684414625, 0.0018299726070836186, -0.0022324088495224714, 0.0013861289480701089, -0.00036062690196558833, 0.002707198029384017, -0.0012303398689255118, 0.0015033483505249023], [-0.0009221960208378732, 0.005540330894291401, -0.0020000149961560965, 0.005788192618638277, -0.0019609208684414625, 0.0074596586637198925, -0.0033491328358650208, 0.0039054241497069597, -0.005376187153160572, 0.002616679295897484, -0.004152141511440277, 0.002486303448677063, -0.0025927608367055655], [0.0004612287739291787, -0.003674678271636367, 0.0013664572034031153, -0.003958860412240028, 0.0018299726070836186, -0.0033491328358650208, 0.00658032251521945, -0.0013850339455530047, 0.003146423725411296, -0.0012771192705258727, 0.0007401043549180031, -0.0013865574728697538, 0.0025830797385424376], [-0.0014592447550967336, 0.005597447045147419, -0.002142200944945216, 0.005882876925170422, -0.0022324088495224714, 0.0039054241497069597, -0.0013850339455530047, 0.008097526617348194, -0.005251981317996979, 0.0028548361733555794, -0.005165496375411749, 0.0030613706912845373, -0.004387329798191786], [0.0011848154244944453, -0.0065639689564704895, 0.0022328351624310017, -0.007094258442521095, 0.0013861289480701089, -0.005376187153160572, 0.003146423725411296, -0.005251981317996979, 0.013363400474190712, -0.0040487307123839855, 0.005271466914564371, -0.0033428084570914507, 0.003097120439633727], [-0.0007788456859998405, 0.004646132700145245, -0.0013749810168519616, 0.0033690070267766714, -0.00036062690196558833, 0.002616679295897484, -0.0012771192705258727, 0.0028548361733555794, -0.0040487307123839855, 0.012777039781212807, -0.00409697275608778, 0.0017071383772417903, -0.0020316073205322027], [0.0007856276351958513, -0.0073064579628407955, 0.0015257130144163966, -0.006304904818534851, 0.002707198029384017, -0.004152141511440277, 0.0007401043549180031, -0.005165496375411749, 0.005271466914564371, -0.00409697275608778, 0.016341447830200195, -0.004871421493589878, 0.0006520276074297726], [-0.00027736826450563967, 0.004339423030614853, -0.0018647025572136045, 0.002142959972843528, -0.0012303398689255118, 0.002486303448677063, -0.0013865574728697538, 0.0030613706912845373, -0.0033428084570914507, 0.0017071383772417903, -0.004871421493589878, 0.012682382948696613, 0.0010184921557083726], [0.0003344293509144336, -0.004473478998988867, 0.00184921536128968, -0.004459345247596502, 0.0015033483505249023, -0.0025927608367055655, 0.0025830797385424376, -0.004387329798191786, 0.003097120439633727, -0.0020316073205322027, 0.0006520276074297726, 0.0010184921557083726, 0.0188953448086977]], "lowlevel.mfcc.cov": [[10305.1455078125, -3573.923095703125, -519.8511962890625, 170.07760620117188, 290.529052734375, -1249.126708984375, 512.0704345703125, 97.25654602050781, 887.5226440429688, 516.180908203125, 260.2439270019531, 322.658203125, -202.95960998535156], [-3573.923095703125, 3103.75537109375, -492.7105712890625, -563.002197265625, -4.829645156860352, 72.61631774902344, 19.944049835205078, -95.2882308959961, -300.0562438964844, 11.802858352661133, -177.7253875732422, -78.82110595703125, -23.725170135498047], [-519.8511962890625, -492.7105712890625, 1045.0330810546875, 114.84349822998047, -39.67194366455078, 145.3011016845703, -28.49947738647461, 66.13322448730469, -10.525410652160645, -122.56035614013672, 103.90657806396484, 39.59681701660156, 60.193912506103516], [170.07760620117188, -563.002197265625, 114.84349822998047, 952.8817138671875, 56.15745162963867, 218.0802764892578, -70.03974151611328, 64.77973937988281, -0.9130961894989014, -133.10848999023438, 82.36492156982422, 53.63926696777344, 78.6446304321289], [290.529052734375, -4.829645156860352, -39.67194366455078, 56.15745162963867, 406.6845397949219, -147.52500915527344, -14.085051536560059, 33.295291900634766, 87.72280883789062, 50.112091064453125, 13.249801635742188, 32.58115768432617, -10.180774688720703], [-1249.126708984375, 72.61631774902344, 145.3011016845703, 218.0802764892578, -147.52500915527344, 690.1931762695312, -110.76731872558594, 62.1244010925293, -184.99876403808594, -61.02250289916992, -2.429039478302002, -114.99111938476562, 92.30169677734375], [512.0704345703125, 19.944049835205078, -28.49947738647461, -70.03974151611328, -14.085051536560059, -110.76731872558594, 233.99200439453125, 26.033714294433594, 30.93793487548828, 66.4224624633789, 12.799877166748047, 28.14600944519043, -42.839595794677734], [97.25654602050781, -95.2882308959961, 66.13322448730469, 64.77973937988281, 33.295291900634766, 62.1244010925293, 26.033714294433594, 191.06515502929688, 12.252893447875977, 31.969459533691406, 14.340971946716309, 13.89110279083252, 41.52297592163086], [887.5226440429688, -300.0562438964844, -10.525410652160645, -0.9130961894989014, 87.72280883789062, -184.99876403808594, 30.93793487548828, 12.252893447875977, 205.9130096435547, 68.9618911743164, 37.596710205078125, 41.92395782470703, -34.000816345214844], [516.180908203125, 11.802858352661133, -122.56035614013672, -133.10848999023438, 50.112091064453125, -61.02250289916992, 66.4224624633789, 31.969459533691406, 68.9618911743164, 190.5941619873047, 16.742982864379883, -0.13165466487407684, -20.576988220214844], [260.2439270019531, -177.7253875732422, 103.90657806396484, 82.36492156982422, 13.249801635742188, -2.429039478302002, 12.799877166748047, 14.340971946716309, 37.596710205078125, 16.742982864379883, 106.70262908935547, 32.40553665161133, 3.4710280895233154], [322.658203125, -78.82110595703125, 39.59681701660156, 53.63926696777344, 32.58115768432617, -114.99111938476562, 28.14600944519043, 13.89110279083252, 41.92395782470703, -0.13165466487407684, 32.40553665161133, 122.53318786621094, 5.76262903213501], [-202.95960998535156, -23.725170135498047, 60.193912506103516, 78.6446304321289, -10.180774688720703, 92.30169677734375, -42.839595794677734, 41.52297592163086, -34.000816345214844, -20.576988220214844, 3.4710280895233154, 5.76262903213501, 109.05506134033203]], "lowlevel.mfcc.icov": [[0.00043003246537409723, 0.0004825643263757229, 0.0003470093652140349, 1.065051128534833e-05, 3.6549015931086615e-05, 0.00035408337134867907, -0.000525037117768079, 7.306837090936824e-08, -0.0005040855030529201, -0.00048110264469869435, -0.00018797501979861408, -0.0002727996907196939, -2.4002327336347662e-05], [0.0004825643263757229, 0.00102826242800802, 0.0005805970286019146, 0.000292611017357558, -0.00016930961282923818, 0.0003152477147523314, -0.0006836616084910929, 9.625431266613305e-05, 0.00016133156896103173, -0.0004865606897510588, 1.2432733456080314e-05, -0.0004963723476976156, -1.3198525266489014e-05], [0.0003470093652140349, 0.0005805970286019146, 0.0016646025469526649, 0.0004006991221103817, -8.247984078479931e-05, -9.042830060934648e-05, -0.0006051804521121085, -0.0003612802247516811, -0.0004746714548673481, 0.0008994427626021206, -0.0014699021121487021, -0.0005671316757798195, -0.00036849782918579876], [1.065051128534833e-05, 0.000292611017357558, 0.0004006991221103817, 0.0017976723611354828, -0.0005370022845454514, -0.0008136046817526221, -0.0001929353893501684, -0.00021791376639157534, -0.0002877126098610461, 0.0015951243694871664, -0.0010752823436632752, -0.000900138751603663, -0.000495346263051033], [3.6549015931086615e-05, -0.00016930961282923818, -8.247984078479931e-05, -0.0005370022845454514, 0.003162821987643838, 0.0008387428824789822, 0.0008162228623405099, -0.0006770716863684356, -0.0007809847593307495, -0.0009581577032804489, 0.00012731975584756583, 0.00011539404658833519, 0.0001933377207024023], [0.00035408337134867907, 0.0003152477147523314, -9.042830060934648e-05, -0.0008136046817526221, 0.0008387428824789822, 0.0034907208755612373, 0.0005202777101658285, -0.0008890077006071806, 0.001641681999899447, -0.0013647150481119752, -0.0006364324945025146, 0.002333519048988819, -0.00081780890468508], [-0.000525037117768079, -0.0006836616084910929, -0.0006051804521121085, -0.0001929353893501684, 0.0008162228623405099, 0.0005202777101658285, 0.006457898765802383, -0.0012903920141980052, 0.001383198075927794, -0.0014029293088242412, -2.3415868781739846e-05, -0.00041513971518725157, 0.0022005171049386263], [7.306837090936824e-08, 9.625431266613305e-05, -0.0003612802247516811, -0.00021791376639157534, -0.0006770716863684356, -0.0008890077006071806, -0.0012903920141980052, 0.006855829618871212, -0.0005364222452044487, -0.001328313839621842, 0.0006804120494052768, -0.0007437921012751758, -0.0024506377521902323], [-0.0005040855030529201, 0.00016133156896103173, -0.0004746714548673481, -0.0002877126098610461, -0.0007809847593307495, 0.001641681999899447, 0.001383198075927794, -0.0005364222452044487, 0.010066560469567776, -0.002191099338233471, -0.001016915892250836, -5.155451435712166e-05, 0.0016118308994919062], [-0.00048110264469869435, -0.0004865606897510588, 0.0008994427626021206, 0.0015951243694871664, -0.0009581577032804489, -0.0013647150481119752, -0.0014029293088242412, -0.001328313839621842, -0.002191099338233471, 0.009746306575834751, -0.002295280806720257, 0.0007997408974915743, -0.00044108813744969666], [-0.00018797501979861408, 1.2432733456080314e-05, -0.0014699021121487021, -0.0010752823436632752, 0.00012731975584756583, -0.0006364324945025146, -2.3415868781739846e-05, 0.0006804120494052768, -0.001016915892250836, -0.002295280806720257, 0.013452313840389252, -0.0024887046311050653, 0.0004751207015942782], [-0.0002727996907196939, -0.0004963723476976156, -0.0005671316757798195, -0.000900138751603663, 0.00011539404658833519, 0.002333519048988819, -0.00041513971518725157, -0.0007437921012751758, -5.155451435712166e-05, 0.0007997408974915743, -0.0024887046311050653, 0.012243757024407387, -0.0019306056201457977], [-2.4002327336347662e-05, -1.3198525266489014e-05, -0.00036849782918579876, -0.000495346263051033, 0.0001933377207024023, -0.00081780890468508, 0.0022005171049386263, -0.0024506377521902323, 0.0016118308994919062, -0.00044108813744969666, 0.0004751207015942782, -0.0019306056201457977, 0.012696678750216961]], "metadata.audio_properties.analysis.downmix": "mix", "metadata.audio_properties.codec": "mp3", "metadata.audio_properties.md5_encoded": "47fc31d7c406d776c5cbbe8ad5b3e788", "metadata.tags.file_name": "1183706637895217252.mp3", "metadata.version.essentia": "2.1-beta6-dev", "metadata.version.essentia_git_sha": "v2.1_beta5-1110-g77a6a954", "metadata.version.extractor": "music 2.0", "tonal.chords_key": "G", "tonal.chords_scale": "major", "tonal.key_edma.key": "C", "tonal.key_edma.scale": "major", "tonal.key_krumhansl.key": "C", "tonal.key_krumhansl.scale": "major", "tonal.key_temperley.key": "C", "tonal.key_temperley.scale": "major", "metadata.tags.encoding": ["Lavf58.45.100"]}, "essentia_models": [{"model_name": "genre_dortmund", "activations": {"alternative": "0.20245084", "blues": "0.013392133", "electronic": "0.019385757", "folkcountry": "0.495066", "funksoulrnb": "0.0078090276", "jazz": "0.08581222", "pop": "0.21277843", "raphiphop": "0.014417579", "rock": "0.097752616"}}, {"model_name": "genre_rosamerica