{"song_id": "1183702019832291348", "download": "https://cdn.discordapp.com/attachments/1128313332273782784/1183702019832291348/chirp.mp4?ex=65894b69&amp", "lyrics": "edge trading profit", "style": ["\u4e00\u9996\u6050\u6016\u3001\u6447\u6eda\u98ce\u683c\u7684\u6b4c\u66f2"], "essentia_features": {"lowlevel.average_loudness": 0.9476335048675537, "lowlevel.barkbands_crest.mean": 19.42464828491211, "lowlevel.barkbands_crest.stdev": 4.295034408569336, "lowlevel.barkbands_flatness_db.mean": 0.6588956713676453, "lowlevel.barkbands_flatness_db.stdev": 0.14259183406829834, "lowlevel.barkbands_kurtosis.mean": 6.597648620605469, "lowlevel.barkbands_kurtosis.stdev": 8.299798965454102, "lowlevel.barkbands_skewness.mean": 1.276568055152893, "lowlevel.barkbands_skewness.stdev": 1.2440412044525146, "lowlevel.barkbands_spread.mean": 1.9423867464065552, "lowlevel.barkbands_spread.stdev": 5.249826431274414, "lowlevel.dissonance.mean": 0.29302629828453064, "lowlevel.dissonance.stdev": 0.11234724521636963, "lowlevel.dynamic_complexity": 4.477981090545654, "lowlevel.erbbands_crest.mean": 16.993608474731445, "lowlevel.erbbands_crest.stdev": 4.9309844970703125, "lowlevel.erbbands_flatness_db.mean": 0.4375520646572113, "lowlevel.erbbands_flatness_db.stdev": 0.08326443284749985, "lowlevel.erbbands_kurtosis.mean": 25.711339950561523, "lowlevel.erbbands_kurtosis.stdev": 43.99260711669922, "lowlevel.erbbands_skewness.mean": 1.525896430015564, "lowlevel.erbbands_skewness.stdev": 1.8820043802261353, "lowlevel.erbbands_spread.mean": 3.8505210876464844, "lowlevel.erbbands_spread.stdev": 7.223507881164551, "lowlevel.hfc.mean": 11.199828147888184, "lowlevel.hfc.stdev": 5.812395095825195, "lowlevel.loudness_ebu128.integrated": -17.296152114868164, "lowlevel.loudness_ebu128.loudness_range": 4.679302215576172, "lowlevel.loudness_ebu128.momentary.mean": -19.771312713623047, "lowlevel.loudness_ebu128.momentary.stdev": 14.46481704711914, "lowlevel.loudness_ebu128.short_term.mean": -17.530195236206055, "lowlevel.loudness_ebu128.short_term.stdev": 1.7684481143951416, "lowlevel.melbands_crest.mean": 26.700510025024414, "lowlevel.melbands_crest.stdev": 6.823678970336914, "lowlevel.melbands_flatness_db.mean": 0.8141679763793945, "lowlevel.melbands_flatness_db.stdev": 0.17628468573093414, "lowlevel.melbands_kurtosis.mean": 4.870548248291016, "lowlevel.melbands_kurtosis.stdev": 6.800249099731445, "lowlevel.melbands_skewness.mean": 1.7641655206680298, "lowlevel.melbands_skewness.stdev": 0.8759918212890625, "lowlevel.melbands_spread.mean": 5.589944362640381, "lowlevel.melbands_spread.stdev": 25.262418746948242, "lowlevel.pitch_salience.mean": 0.31734099984169006, "lowlevel.pitch_salience.stdev": 0.15645599365234375, "lowlevel.silence_rate_20dB.mean": 1.0, "lowlevel.silence_rate_20dB.stdev": 0.0, "lowlevel.silence_rate_30dB.mean": 0.3247344493865967, "lowlevel.silence_rate_30dB.stdev": 0.46827635169029236, "lowlevel.silence_rate_60dB.mean": 0.042488619685173035, "lowlevel.silence_rate_60dB.stdev": 0.2016989141702652, "lowlevel.spectral_centroid.mean": 488.62713623046875, "lowlevel.spectral_centroid.stdev": 1826.2540283203125, "lowlevel.spectral_complexity.mean": 2.8285281658172607, "lowlevel.spectral_complexity.stdev": 1.4604666233062744, "lowlevel.spectral_decrease.mean": -3.894934863524213e-08, "lowlevel.spectral_decrease.stdev": 1.881233657741177e-08, "lowlevel.spectral_energy.mean": 0.14801956713199615, "lowlevel.spectral_energy.stdev": 0.07146135717630386, "lowlevel.spectral_energyband_high.mean": 1.1800388932670103e-07, "lowlevel.spectral_energyband_high.stdev": 5.635139928017452e-07, "lowlevel.spectral_energyband_low.mean": 0.12837974727153778, "lowlevel.spectral_energyband_low.stdev": 0.06520941853523254, "lowlevel.spectral_energyband_middle_high.mean": 6.863857834105147e-06, "lowlevel.spectral_energyband_middle_high.stdev": 1.2659728781727608e-05, "lowlevel.spectral_energyband_middle_low.mean": 0.021691210567951202, "lowlevel.spectral_energyband_middle_low.stdev": 0.022168682888150215, "lowlevel.spectral_entropy.mean": 4.132050514221191, "lowlevel.spectral_entropy.stdev": 1.1525607109069824, "lowlevel.spectral_flux.mean": 0.04955195263028145, "lowlevel.spectral_flux.stdev": 0.0314638689160347, "lowlevel.spectral_kurtosis.mean": 316.834716796875, "lowlevel.spectral_kurtosis.stdev": 276.1898498535156, "lowlevel.spectral_rms.mean": 0.011422808282077312, "lowlevel.spectral_rms.stdev": 0.0037321073468774557, "lowlevel.spectral_rolloff.mean": 761.4035034179688, "lowlevel.spectral_rolloff.stdev": 3370.99609375, "lowlevel.spectral_skewness.mean": 14.58100414276123, "lowlevel.spectral_skewness.stdev": 6.158238887786865, "lowlevel.spectral_spread.mean": 2152028.75, "lowlevel.spectral_spread.stdev": 6954540.0, "lowlevel.spectral_strongpeak.mean": 0.7962519526481628, "lowlevel.spectral_strongpeak.stdev": 0.34327664971351624, "lowlevel.zerocrossingrate.mean": 0.02355901524424553, "lowlevel.zerocrossingrate.stdev": 0.09753337502479553, "metadata.audio_properties.analysis.equal_loudness": 0.0, "metadata.audio_properties.analysis.length": 15.273605346679688, "metadata.audio_properties.analysis.sample_rate": 44100.0, "metadata.audio_properties.analysis.start_time": 0.0, "metadata.audio_properties.bit_rate": 111172.0, "metadata.audio_properties.length": 15.274666786193848, "metadata.audio_properties.lossless": 0.0, "metadata.audio_properties.number_channels": 1.0, "metadata.audio_properties.replay_gain": -5.872163772583008, "metadata.audio_properties.sample_rate": 48000.0, "rhythm.beats_count": 35.0, "rhythm.beats_loudness.mean": 0.1502973884344101, "rhythm.beats_loudness.stdev": 0.0701640248298645, "rhythm.bpm": 139.29782104492188, "rhythm.bpm_histogram_first_peak_bpm": 140.0, "rhythm.bpm_histogram_first_peak_weight": 0.5769230723381042, "rhythm.bpm_histogram_second_peak_bpm": 133.0, "rhythm.bpm_histogram_second_peak_spread": 0.2857142686843872, "rhythm.bpm_histogram_second_peak_weight": 0.14705882966518402, "rhythm.danceability": 0.8056280612945557, "rhythm.onset_rate": 1.7658207416534424, "tonal.chords_changes_rate": 0.06666667014360428, "tonal.chords_number_rate": 0.01515151560306549, "tonal.chords_strength.mean": 0.5328506231307983, "tonal.chords_strength.stdev": 0.07832235842943192, "tonal.hpcp_crest.mean": 12.852142333984375, "tonal.hpcp_crest.stdev": 4.457935333251953, "tonal.hpcp_entropy.mean": 1.8460365533828735, "tonal.hpcp_entropy.stdev": 0.7267436385154724, "tonal.key_edma.strength": 0.5829799771308899, "tonal.key_krumhansl.strength": 0.5693489909172058, "tonal.key_temperley.strength": 0.5397219657897949, "tonal.tuning_diatonic_strength": 0.6187548041343689, "tonal.tuning_equal_tempered_deviation": 0.16330410540103912, "tonal.tuning_frequency": 453.1546630859375, "tonal.tuning_nontempered_energy_ratio": 0.7886307239532471, "lowlevel.barkbands.mean": [0.009049877524375916, 0.11016014218330383, 0.007112369406968355, 0.004521769937127829, 0.016635969281196594, 0.00039517879486083984, 0.0001176856821984984, 1.1484025890240446e-05, 8.129163688863628e-06, 5.294661605148576e-06, 7.115772859833669e-07, 2.5054083607756183e-07, 4.5365862888502306e-07, 1.0265159744449193e-07, 6.916533124012858e-08, 8.008826313243844e-08, 4.111250362370811e-08, 3.942864168493543e-08, 3.376730361992486e-08, 2.8937932938788435e-08, 3.18365529494713e-08, 2.046343539063855e-08, 1.4410814763721191e-08, 1.1096457086523515e-08, 1.0154823648633737e-08, 8.80768613598093e-09, 6.461261303769561e-09], "lowlevel.barkbands.stdev": [0.005834837444126606, 0.059104569256305695, 0.006009328179061413, 0.005207512527704239, 0.017555048689246178, 0.0008063252316787839, 0.00019666545267682523, 2.1768164515378885e-05, 2.079201294691302e-05, 1.0734856005001348e-05, 1.2946934475621674e-06, 6.775376277801115e-07, 8.30354963454738e-07, 2.932063694061071e-07, 1.9359853808964544e-07, 2.0422240254447388e-07, 2.270193419917632e-07, 1.7225737281023612e-07, 1.1318599035803345e-07, 1.0308507825129709e-07, 1.2035350493988517e-07, 1.1091332652313213e-07, 8.539631579651541e-08, 6.198612823027361e-08, 7.02232583194018e-08, 5.370460698372881e-08, 8.148957064690876e-09], "lowlevel.erbbands.mean": [5.768914222717285, 14.258179664611816, 10.163818359375, 12.478079795837402, 65.06018829345703, 29.27130126953125, 3.116986036300659, 4.201113224029541, 1.757204532623291, 1.0707885026931763, 0.27592989802360535, 0.25388121604919434, 0.09057898074388504, 0.1963799148797989, 0.021427378058433533, 0.01328594982624054, 0.021890314295887947, 0.009223063476383686, 0.0040840576402843, 0.0045475647784769535, 0.003336516674607992, 0.0024427268654108047, 0.002210804959759116, 0.001745917135849595, 0.0017177804838865995, 0.0013669769978150725, 0.0013150060549378395, 0.0012130225077271461, 0.0008019860251806676, 0.0005959905683994293, 0.00042832246981561184, 0.00031836051493883133, 0.00023505010176450014, 0.00018702422676142305, 0.00013710424536839128, 9.484049223829061e-05, 5.315910675562918e-05, 7.553596333309542e-06, 6.588810356333852e-05, 0.0001598303351784125], "lowlevel.erbbands.stdev": [3.1675446033477783, 7.636950492858887, 7.8660101890563965, 11.392231941223145, 69.13318634033203, 30.072101593017578, 4.7708563804626465, 9.125385284423828, 3.1859171390533447, 1.5431874990463257, 0.4820990264415741, 0.6542270183563232, 0.15959064662456512, 0.399577260017395, 0.0373765230178833, 0.03301794081926346, 0.03896070271730423, 0.019496750086545944, 0.011047975160181522, 0.009915678761899471, 0.012127049267292023, 0.012759135104715824, 0.009793438948690891, 0.006356772501021624, 0.00568684795871377, 0.004869117867201567, 0.005423886701464653, 0.004412034526467323, 0.0044299340806901455, 0.002896200167015195, 0.0022733425721526146, 0.0014914668863639235, 0.0009904163889586926, 0.0008106689201667905, 0.00047908458509482443, 0.00023189977218862623, 9.690566366771236e-05, 2.0298164599807933e-05, 3.179247141815722e-05, 7.712984370300546e-05], "lowlevel.gfcc.mean": [-327.5440368652344, 196.44190979003906, 54.78807830810547, 42.26376724243164, 5.925286769866943, 2.903437852859497, -6.277258396148682, -9.050667762756348, -4.088445663452148, -10.006818771362305, -4.167704105377197, -11.403376579284668, 3.712184429168701], "lowlevel.melbands.mean": [0.03847478702664375, 0.008579956367611885, 0.00358793162740767, 0.004036980215460062, 0.00011483142588986084, 8.199788862839341e-05, 2.710997978283558e-05, 9.50317826209357e-06, 2.0429040432645706e-06, 1.3798714917356847e-06, 3.547340554632683e-07, 8.104000812636514e-07, 8.85844002596059e-08, 2.3705798213313756e-08, 3.5738768389137476e-08, 4.9100744803354246e-08, 1.2819858064005984e-08, 6.228074056480182e-09, 5.560336191479109e-09, 6.2651364096666384e-09, 3.3225540096992745e-09, 2.4426773936880863e-09, 2.311276947608576e-09, 1.719537068289867e-09, 1.3462124748286897e-09, 1.2876254507077078e-09, 1.079586087193718e-09, 8.64280702561615e-10, 8.218706271101439e-10, 7.566039461615048e-10, 6.589272460999496e-10, 4.4644304919572164e-10, 3.49985068703873e-10, 2.943430221780119e-10, 2.2348671524508035e-10, 1.8577936411467988e-10, 1.4952171445425932e-10, 1.2036963092931785e-10, 1.0871620964580941e-10, 9.645442777816982e-11], "lowlevel.melbands.stdev": [0.020986441522836685, 0.004432567860931158, 0.0033534192480146885, 0.004243083298206329, 0.00014138959522824734, 0.00017665537598077208, 4.8628491640556604e-05, 1.3543915883929003e-05, 3.872473371302476e-06, 3.703307584146387e-06, 6.974393045311444e-07, 1.6576142343183164e-06, 1.5660668850614456e-07, 6.28065919272558e-08, 7.081015951371228e-08, 9.020358504585602e-08, 3.2350381928836214e-08, 1.7554638631622765e-08, 1.4529295988552349e-08, 1.2997241505274815e-08, 1.5048756907276584e-08, 1.386527781477298e-08, 1.0408859552057947e-08, 7.763667042581801e-09, 4.7981263406882135e-09, 4.072206571947845e-09, 3.6320202401185497e-09, 3.1466838024130084e-09, 3.7138971897832107e-09, 2.4846638080333605e-09, 2.5834121508694352e-09, 2.6111546258533735e-09, 1.8518041544623998e-09, 1.5512254813998538e-09, 1.3329284342944447e-09, 1.128092175228801e-09, 8.318519761907339e-10, 6.766802673752181e-10, 7.039711591438902e-10, 6.612152492202483e-10], "lowlevel.melbands128.mean": [0.008674039505422115, 0.055804770439863205, 0.045950017869472504, 0.015804847702383995, 0.005742461886256933, 0.0027145491912961006, 0.0021906534675508738, 0.0021612117998301983, 0.008542342111468315, 0.0053848386742174625, 0.00043356671812944114, 9.235875768354163e-05, 6.10534698353149e-05, 6.581823254236951e-05, 0.00014394664322026074, 4.937839548802003e-05, 8.32661498861853e-06, 3.8426278479164466e-05, 3.074346386711113e-05, 7.911019565653987e-06, 1.5564986597382813e-06, 9.83018139777414e-07, 3.28969281326863e-06, 1.1271807807133882e-06, 2.4700057110749185e-06, 8.427566626778571e-07, 2.0451749094263505e-07, 4.843208785132447e-07, 2.283147750858916e-07, 8.797338750810013e-07, 1.2623928569155396e-06, 9.97667797264512e-08, 3.539912185601679e-08, 1.8069442830892513e-08, 1.1438967106869313e-08, 1.7744374858352785e-08, 6.055230983292859e-08, 1.9380607341190625e-08, 2.7937813840139825e-08, 7.248176103757942e-08, 5.6867559550255464e-08, 1.8119513001124687e-08, 1.0299868513641286e-08, 1.19838041712228e-08, 5.576159534115277e-09, 4.516731433312771e-09, 7.563535575627611e-09, 4.876258064001604e-09, 3.94750010457301e-09, 8.518246552569053e-09, 6.513844574840277e-09, 4.843708545365644e-09, 3.321270147793598e-09, 2.799484422055798e-09, 2.7186815021451594e-09, 2.3507953361701084e-09, 2.311745239680363e-09, 2.434962897979176e-09, 2.391163489434689e-09, 1.8002195290023337e-09, 1.8203729634791443e-09, 1.5290464450146146e-09, 1.3830335765518953e-09, 1.3029114453999568e-09, 1.2537970661696818e-09, 1.258323556463381e-09, 1.3777095020373054e-09, 1.2153378303736417e-09, 1.0153853313710215e-09, 8.594858713628639e-10, 8.795785211290763e-10, 8.601541146013858e-10, 8.090325631648909e-10, 8.605300916286751e-10, 7.782544608758712e-10, 7.071532803770708e-10, 7.848145466837764e-10, 7.815051383808225e-10, 6.601913460357878e-10, 5.269747416214443e-10, 4.3645731473418437e-10, 4.3452066944560386e-10, 4.004128972834309e-10, 3.35507760462761e-10, 3.101220391599213e-10, 3.232893397431269e-10, 2.869846860154013e-10, 2.4570676049329165e-10, 2.2344213979064165e-10, 2.0072325745967845e-10, 1.9961328423523383e-10, 1.820556899678749e-10, 1.6275798764286975e-10, 1.5530932095941807e-10, 1.3608553173227733e-10, 1.2619047473627631e-10, 1.190239157233819e-10, 1.0802669175857815e-10, 1.1112123721179756e-10, 1.0731468491620433e-10, 1.0509039471973125e-10, 9.519082050379879e-11, 8.34648461456311e-11, 8.637523335464081e-11, 7.668095325374935e-11, 7.212053176886002e-11, 7.338010754587287e-11, 7.091528059222085e-11, 6.098870714010829e-11, 5.5061968873282296e-11, 5.354477625174603e-11, 5.1537347306451764e-11, 5.17006194800107e-11, 4.9220530429217035e-11, 4.7666856572980976e-11, 4.6289798383281067e-11, 3.681374649566749e-11, 3.222687394721646e-11, 2.95361686497575e-11, 2.796059564436071e-11, 2.705471437158824e-11, 2.6340348305287087e-11, 2.5685367027739048e-11, 2.515532053493086e-11, 2.4627348771399937e-11, 2.406087135087276e-11, 2.3733718115814817e-11, 2.358982280348254e-11], "lowlevel.melbands128.stdev": [0.0051826904527843, 0.030669502913951874, 0.02573566883802414, 0.00868048146367073, 0.005111594218760729, 0.00214319652877748, 0.002290134783834219, 0.0026949606835842133, 0.009185508824884892, 0.005707706790417433, 0.0005342756630852818, 0.00014291450497694314, 0.00020466363639570773, 0.00013949922868050635, 0.00033462035935372114, 0.00011094862566096708, 1.4036828360985965e-05, 7.273202209034935e-05, 5.4318326874636114e-05, 1.3344117178348824e-05, 3.077900828429847e-06, 1.8970773680848652e-06, 6.690742793580284e-06, 2.5450078737776494e-06, 7.856401680328418e-06, 1.927444600369199e-06, 3.693902215218259e-07, 1.1507700037327595e-06, 4.992457434127573e-07, 1.8105080243913108e-06, 2.6426505428389646e-06, 2.10385650234457e-07, 9.497762931687248e-08, 5.941495828665211e-08, 5.184185525308749e-08, 4.56493935985236e-08, 1.921019787687328e-07, 4.079934612377656e-08, 6.18953990283444e-08, 1.3792337938411947e-07, 1.2499897650286584e-07, 3.672718307257128e-08, 3.536933235182005e-08, 3.4108879276573134e-08, 1.8531606471583473e-08, 1.4373227052999482e-08, 1.8195903450646256e-08, 1.73008842807576e-08, 1.1477308881069348e-08, 1.620572298577372e-08, 1.3869105863761888e-08, 1.1901307495065794e-08, 1.4882102661317731e-08, 1.5924781493481532e-08, 1.8261545164932613e-08, 1.2719106656788881e-08, 1.253423320690672e-08, 1.0542089867726645e-08, 1.067716315361622e-08, 7.463916595895626e-09, 9.590316984997571e-09, 6.101898097909952e-09, 5.154078941416174e-09, 4.817073850915676e-09, 3.562778294607938e-09, 3.804421666586677e-09, 4.78818407145809e-09, 4.317079582705219e-09, 3.369257539631576e-09, 2.7581679162835826e-09, 3.0826341479439634e-09, 3.407190307669339e-09, 3.4133471604747e-09, 4.514118412402013e-09, 3.15652681770473e-09, 2.1909443148615537e-09, 2.3593249576236985e-09, 2.591214132152686e-09, 2.78118950092221e-09, 2.513149244265378e-09, 2.210802874103024e-09, 2.970586887585114e-09, 2.7995987750273343e-09, 1.3893316497259889e-09, 1.4143722859571994e-09, 1.7970429588842762e-09, 1.4641119427949434e-09, 1.3594064762756375e-09, 1.4364417433299081e-09, 1.175507580164492e-09, 1.2687172423753168e-09, 1.1749443640240997e-09, 7.931651446746457e-10, 8.975717391557225e-10, 7.962018266916004e-10, 6.768073879115377e-10, 6.895184423427736e-10, 5.689953508358769e-10, 7.250212652465393e-10, 7.399775792116259e-10, 7.915411659453753e-10, 6.286713372105623e-10, 4.932805830470954e-10, 6.739835356484036e-10, 5.110915024530982e-10, 4.574697565207231e-10, 5.440035644177499e-10, 5.466426755695863e-10, 3.6598504782325847e-10, 2.7969185301124355e-10, 2.918463248846592e-10, 2.8514871019957866e-10, 3.2462563193114136e-10, 3.0452121380086794e-10, 2.906075380337825e-10, 2.828317857694884e-10, 9.218778518338411e-11, 5.146771897557301e-11, 3.7541688507891635e-11, 3.304546566940125e-11, 3.220362865263837e-11, 3.150498611992347e-11, 3.0831330544156543e-11, 3.025442396609179e-11, 2.978110119622457e-11, 2.939328294648824e-11, 2.913101704304921e-11, 2.897460223139081e-11], "lowlevel.mfcc.mean": [-1008.290283203125, 235.3839569091797, 109.84447479248047, 74.51821899414062, 44.54487991333008, 32.686058044433594, 18.368839263916016, 11.715899467468262, 11.067384719848633, 7.8239336013793945, 3.604630708694458, 0.8577567934989929, -1.247790813446045], "lowlevel.spectral_contrast_coeffs.mean": [-0.6325244307518005, -0.7693912982940674, -0.8400117754936218, -0.886066734790802, -0.9077616333961487, -0.9006038308143616], "lowlevel.spectral_contrast_coeffs.stdev": [0.0865495428442955, 0.10224517434835434, 0.07904065400362015, 0.05209200456738472, 0.024844994768500328, 0.05668160319328308], "lowlevel.spectral_contrast_valleys.mean": [-7.115632057189941, -9.972232818603516, -11.884089469909668, -12.50776195526123, -13.0360689163208, -14.660812377929688], "lowlevel.spectral_contrast_valleys.stdev": [3.7739486694335938, 3.405104160308838, 2.9581353664398193, 2.839887857437134, 2.79427433013916, 2.4227709770202637], "rhythm.beats_loudness_band_ratio.mean": [0.9436846375465393, 0.09327749162912369, 0.0009039793512783945, 4.430959961609915e-05, 5.1108486331941094e-06, 1.9673379938467406e-06], "rhythm.beats_loudness_band_ratio.stdev": [0.16667306423187256, 0.10748258978128433, 0.0014513933565467596, 8.007200813153759e-05, 1.6811689420137554e-05, 2.688847644094494e-06], "tonal.hpcp.mean": [0.002960058394819498, 0.0037088177632540464, 0.002511547412723303, 0.002711100038141012, 0.003922483883798122, 0.0018719054060056806, 0.0010449914261698723, 0.001857695635408163, 0.0022883873898535967, 0.000907236069906503, 6.736733485013247e-05, 0.0001596014335518703, 0.0012005465105175972, 0.003858718788251281, 0.025931967422366142, 0.026855483651161194, 0.003971016500145197, 0.0003472884127404541, 0.00010975642362609506, 4.447602805157658e-06, 9.95374794001691e-05, 0.0013148738071322441, 0.0035572529304772615, 0.0026941534597426653, 0.0028512345161288977, 0.007725488860160112, 0.007292392197996378, 0.010678151622414589, 0.13549469411373138, 0.7134990692138672, 0.8315044045448303, 0.2479984164237976, 0.005096571985632181, 0.003165298141539097, 0.0016422598855569959, 0.0021882057189941406], "tonal.hpcp.stdev": [0.011665555648505688, 0.054968927055597305, 0.04437258094549179, 0.048095982521772385, 0.05494631826877594, 0.007369342725723982, 0.00548824155703187, 0.020438773557543755, 0.021905522793531418, 0.00973556563258171, 0.0008042167755775154, 0.001989021198824048, 0.016614176332950592, 0.04574292525649071, 0.04740609601140022, 0.03776708245277405, 0.0070743984542787075, 0.004796232562512159, 0.0011274087009951472, 1.9193894331692718e-05, 0.0007661236450076103, 0.018435204401612282, 0.03678396716713905, 0.018999088555574417, 0.040532417595386505, 0.08080223947763443, 0.0790594145655632, 0.0747191309928894, 0.2146257609128952, 0.27807772159576416, 0.2872624397277832, 0.22976699471473694, 0.06419967114925385, 0.04048578813672066, 0.018321199342608452, 0.005813858471810818], "rhythm.beats_position": [0.42956915497779846, 0.8591383099555969, 1.300317406654358, 1.7414965629577637, 2.1942856311798096, 2.635464906692505, 3.0650339126586914, 3.494603157043457, 3.912562370300293, 4.318911552429199, 4.736870765686035, 5.166440010070801, 5.596008777618408, 6.013967990875244, 6.43192720413208, 6.849886417388916, 7.267845630645752, 7.709024906158447, 8.161813735961914, 8.614603042602539, 9.055782318115234, 9.49696159362793, 9.926530838012695, 10.356099128723145, 10.79727840423584, 11.238457679748535, 11.6680269241333, 12.097596168518066, 12.527165412902832, 12.956734657287598, 13.397913932800293, 13.850702285766602, 14.303491592407227, 14.767890930175781, 15.232290267944336], "rhythm.bpm_histogram": [0.0, 0.0, 0.0, 0.0, 0.0, 0.0, 0.0, 0.0, 0.0, 0.0, 0.0, 0.0, 0.0, 0.0, 0.0, 0.0, 0.0, 0.0, 0.0, 0.0, 0.0, 0.0, 0.0, 0.0, 0.0, 0.0, 0.0, 0.0, 0.0, 0.0, 0.0, 0.0, 0.0, 0.0, 0.0, 0.0, 0.0, 0.0, 0.0, 0.0, 0.0, 0.0, 0.0, 0.0, 0.0, 0.0, 0.0, 0.0, 0.0, 0.0, 0.0, 0.0, 0.0, 0.0, 0.0, 0.0, 0.0, 0.0, 0.0, 0.0, 0.0, 0.0, 0.0, 0.0, 0.0, 0.0, 0.0, 0.0, 0.0, 0.0, 0.0, 0.0, 0.0, 0.0, 0.0, 0.0, 0.0, 0.0, 0.0, 0.0, 0.0, 0.0, 0.0, 0.0, 0.0, 0.0, 0.0, 0.0, 0.0, 0.0, 0.0, 0.0, 0.0, 0.0, 0.0, 0.0, 0.0, 0.0, 0.0, 0.0, 0.0, 0.0, 0.0, 0.0, 0.0, 0.0, 0.0, 0.0, 0.0, 0.0, 0.0, 0.0, 0.0, 0.0, 0.0, 0.0, 0.0, 0.0, 0.0, 0.0, 0.0, 0.0, 0.0, 0.0, 0.0, 0.0, 0.0, 0.0, 0.0, 0.05882352963089943, 0.0, 0.0, 0.0, 0.14705882966518402, 0.0, 0.0, 0.2647058963775635, 0.0, 0.0, 0.0, 0.3235294222831726, 0.0, 0.0, 0.0, 0.1764705926179886, 0.0, 0.0, 0.0, 0.029411764815449715, 0.0, 0.0, 0.0, 0.0, 0.0, 0.0, 0.0, 0.0, 0.0, 0.0, 0.0, 0.0, 0.0, 0.0, 0.0, 0.0, 0.0, 0.0, 0.0, 0.0, 0.0, 0.0, 0.0, 0.0, 0.0, 0.0, 0.0, 0.0, 0.0, 0.0, 0.0, 0.0, 0.0, 0.0, 0.0, 0.0, 0.0, 0.0, 0.0, 0.0, 0.0, 0.0, 0.0, 0.0, 0.0, 0.0, 0.0, 0.0, 0.0, 0.0, 0.0, 0.0, 0.0, 0.0, 0.0, 0.0, 0.0, 0.0, 0.0, 0.0, 0.0, 0.0, 0.0, 0.0, 0.0, 0.0, 0.0, 0.0, 0.0, 0.0, 0.0, 0.0, 0.0, 0.0, 0.0, 0.0, 0.0, 0.0, 0.0, 0.0, 0.0, 0.0, 0.0, 0.0, 0.0, 0.0, 0.0, 0.0, 0.0, 0.0, 0.0, 0.0, 0.0, 0.0, 0.0, 0.0, 0.0, 0.0, 0.0, 0.0, 0.0], "tonal.chords_histogram": [0.3030303120613098, 0.0, 0.0, 0.0, 0.0, 0.0, 0.0, 30.303030014038086, 5.757575988769531, 30.909090042114258, 22.42424201965332, 0.0, 0.0, 0.0, 0.0, 0.0, 0.0, 10.303030014038086, 0.0, 0.0, 0.0, 0.0, 0.0, 0.0], "tonal.thpcp": [1.0, 0.298252671957016, 0.006129338406026363, 0.0038067123387008905, 0.001975046470761299, 0.002631622599437833, 0.0035598829854279757, 0.004460370633751154, 0.003020486095920205, 0.003260475816205144, 0.00471733370795846, 0.0022512273862957954, 0.0012567478697746992, 0.0022341380827128887, 0.0027521050069481134, 0.0010910779237747192, 8.101861749310046e-05, 0.00019194297783542424, 0.0014438246143981814, 0.004640647210180759, 0.03118680790066719, 0.032297465950250626, 0.004775701090693474, 0.00041766275535337627, 0.00013199741079006344, 5.348862487153383e-06, 0.00011970769992331043, 0.0015813191421329975, 0.0042780926451087, 0.003240095218643546, 0.0034290070179849863, 0.009290977381169796, 0.008770118467509747, 0.01284196600317955, 0.16295126080513, 0.858082115650177], "lowlevel.gfcc.cov": [[35962.54296875, 8345.1630859375, 1200.4674072265625, 510.4007873535156, -695.1287231445312, -645.6854858398438, -420.2884216308594, -639.94189453125, -190.05821228027344, -435.3171691894531, -223.4054412841797, -458.64227294921875, 233.630126953125], [8345.1630859375, 2846.203125, 547.845703125, -627.0889282226562, -528.2733154296875, -338.23431396484375, -283.2771301269531, -276.9316711425781, -72.4835205078125, -155.90635681152344, -103.34943389892578, -149.81568908691406, 96.50275421142578], [1200.4674072265625, 547.845703125, 787.4479370117188, 128.40284729003906, 106.31480407714844, -36.60745620727539, -79.45578002929688, 2.6799798011779785, 83.19683074951172, -1.5415836572647095, 38.16746520996094, -13.232126235961914, 22.414812088012695], [510.4007873535156, -627.0889282226562, 128.40284729003906, 979.7666015625, 444.57916259765625, 56.143653869628906, 100.18354797363281, 83.40077209472656, 49.98777770996094, 51.18416213989258, 78.89147186279297, 45.39931869506836, -26.35966682434082], [-695.1287231445312, -528.2733154296875, 106.31480407714844, 444.57916259765625, 498.00732421875, 305.631591796875, 185.776611328125, 84.51084899902344, 20.384605407714844, -20.096166610717773, 16.403545379638672, -8.24716854095459, -29.011547088623047], [-645.6854858398438, -338.23431396484375, -36.60745620727539, 56.143653869628906, 305.631591796875, 363.4466857910156, 183.39027404785156, 62.444637298583984, -23.34067726135254, -49.90886688232422, -28.36292266845703, -30.245256423950195, -33.34478759765625], [-420.2884216308594, -283.2771301269531, -79.45578002929688, 100.18354797363281, 185.776611328125, 183.39027404785156, 149.5602264404297, 62.64366912841797, 7.91595983505249, -11.878403663635254, -0.4861580431461334, -12.980443954467773, -17.189788818359375], [-639.94189453125, -276.9316711425781, 2.6799798011779785, 83.40077209472656, 84.51084899902344, 62.444637298583984, 62.64366912841797, 81.30775451660156, 50.13199996948242, 36.63611602783203, 26.716299057006836, 16.636690139770508, -11.592020988464355], [-190.05821228027344, -72.4835205078125, 83.19683074951172, 49.98777770996094, 20.384605407714844, -23.34067726135254, 7.91595983505249, 50.13199996948242, 73.54454040527344, 48.68764877319336, 34.64003372192383, 16.76390266418457, 4.5752434730529785], [-435.3171691894531, -155.90635681152344, -1.5415836572647095, 51.18416213989258, -20.096166610717773, -49.90886688232422, -11.878403663635254, 36.63611602783203, 48.68764877319336, 57.28948211669922, 37.04141616821289, 27.237661361694336, 0.6659809947013855], [-223.4054412841797, -103.34943389892578, 38.16746520996094, 78.89147186279297, 16.403545379638672, -28.36292266845703, -0.4861580431461334, 26.716299057006836, 34.64003372192383, 37.04141616821289, 43.39287567138672, 24.346830368041992, -1.3636484146118164], [-458.64227294921875, -149.81568908691406, -13.232126235961914, 45.39931869506836, -8.24716854095459, -30.245256423950195, -12.980443954467773, 16.636690139770508, 16.76390266418457, 27.237661361694336, 24.346830368041992, 28.726633071899414, 2.957245349884033], [233.630126953125, 96.50275421142578, 22.414812088012695, -26.35966682434082, -29.011547088623047, -33.34478759765625, -17.189788818359375, -11.592020988464355, 4.5752434730529785, 0.6659809947013855, -1.3636484146118164, 2.957245349884033, 19.561084747314453]], "lowlevel.gfcc.icov": [[0.001051881117746234, -0.0042078206315636635, 0.0023389121051877737, -0.005186362657696009, 0.00404749670997262, -0.005358745343983173, 0.003071777755394578, -0.003801117418333888, -0.0020111745689064264, 0.0026124767027795315, -0.00388502748683095, 0.005727684125304222, -0.004913717973977327], [-0.0042078206315636635, 0.019102763384580612, -0.00941681582480669, 0.019610200077295303, -0.012373403646051884, 0.01883881725370884, -0.00744219496846199, 0.01480634044855833, 0.004753150045871735, -0.0017773642903193831, 0.004946853034198284, -0.004773339256644249, 0.009243246167898178], [0.0023389121051877737, -0.00941681582480669, 0.009243655949831009, -0.012281274423003197, 0.008389448747038841, -0.01459789089858532, 0.016813095659017563, -0.013103027828037739, -0.011639369651675224, 0.01728121191263199, -0.019326625391840935, 0.022627931088209152, -0.016685858368873596], [-0.005186362657696009, 0.019610200077295303, -0.012281274423003197, 0.03033491224050522, -0.0283574927598238, 0.034049976617097855, -0.021391713991761208, 0.019771166145801544, 0.01636049523949623, -0.02274325117468834, 0.027341565117239952, -0.0422242134809494, 0.03429058566689491], [0.00404749670997262, -0.012373403646051884, 0.008389448747038841, -0.0283574927598238, 0.03830019757151604, -0.03784419223666191, 0.019413406029343605, -0.013093004934489727, -0.02183401584625244, 0.033670879900455475, -0.037917908281087875, 0.053376998752355576, -0.04028385877609253], [-0.005358745343983173, 0.01883881725370884, -0.01459789089858532, 0.034049976617097855, -0.03784419223666191, 0.05293017998337746, -0.039010487496852875, 0.019301168620586395, 0.025447502732276917, -0.031211622059345245, 0.0484626479446888, -0.06357559561729431, 0.05303175374865532], [0.003071777755394578, -0.00744219496846199, 0.016813095659017563, -0.021391713991761208, 0.019413406029343605, -0.039010487496852875, 0.0754806250333786, -0.048767607659101486, -0.019432345405220985, 0.05796579644083977, -0.07504253089427948, 0.10550515353679657, -0.06695148348808289], [-0.003801117418333888, 0.01480634044855833, -0.013103027828037739, 0.019771166145801544, -0.013093004934489727, 0.019301168620586395, -0.048767607659101486, 0.08902762085199356, -0.024862295016646385, -0.03642072156071663, 0.049284953624010086, -0.07663536071777344, 0.059473175555467606], [-0.0020111745689064264, 0.004753150045871735, -0.011639369651675224, 0.01636049523949623, -0.02183401584625244, 0.025447502732276917, -0.019432345405220985, -0.024862295016646385, 0.09356363862752914, -0.07822907716035843, 0.017824554815888405, -0.007758164778351784, -0.0016633491031825542], [0.0026124767027795315, -0.0017773642903193831, 0.01728121191263199, -0.02274325117468834, 0.033670879900455475, -0.031211622059345245, 0.05796579644083977, -0.03642072156071663, -0.07822907716035843, 0.1694296896457672, -0.10187879204750061, 0.0772450789809227, -0.05304626002907753], [-0.00388502748683095, 0.004946853034198284, -0.019326625391840935, 0.027341565117239952, -0.037917908281087875, 0.0484626479446888, -0.07504253089427948, 0.049284953624010086, 0.017824554815888405, -0.10187879204750061, 0.1778162270784378, -0.18654049932956696, 0.11051946878433228], [0.005727684125304222, -0.004773339256644249, 0.022627931088209152, -0.0422242134809494, 0.053376998752355576, -0.06357559561729431, 0.10550515353679657, -0.07663536071777344, -0.007758164778351784, 0.0772450789809227, -0.18654049932956696, 0.3261274993419647, -0.17272108793258667], [-0.004913717973977327, 0.009243246167898178, -0.016685858368873596, 0.03429058566689491, -0.04028385877609253, 0.05303175374865532, -0.06695148348808289, 0.059473175555467606, -0.0016633491031825542, -0.05304626002907753, 0.11051946878433228, -0.17272108793258667, 0.17261245846748352]], "lowlevel.mfcc.cov": [[6949.9833984375, 4327.97021484375, 522.6220092773438, 166.4171600341797, -501.9728698730469, -218.6085968017578, -371.0994567871094, -319.60504150390625, -148.90476989746094, -81.51606750488281, -154.9000244140625, -187.01463317871094, -182.80810546875], [4327.97021484375, 4017.550537109375, 1165.1312255859375, -40.0221061706543, -272.4549865722656, -141.6472625732422, -253.7406463623047, -243.25909423828125, -57.51509094238281, -15.212624549865723, -125.14849853515625, -166.3101043701172, -112.27288055419922], [522.6220092773438, 1165.1312255859375, 970.7040405273438, 390.5956115722656, 192.54281616210938, 11.385777473449707, -63.47434997558594, -49.88093566894531, 6.735953330993652, 16.323698043823242, 9.297887802124023, 18.363481521606445, 35.48628234863281], [166.4171600341797, -40.0221061706543, 390.5956115722656, 842.1702270507812, 415.8883361816406, 130.1317901611328, 54.16489791870117, 58.66377639770508, 27.617137908935547, 1.0402135848999023, 71.66007232666016, 104.63314819335938, 59.96860885620117], [-501.9728698730469, -272.4549865722656, 192.54281616210938, 415.8883361816406, 410.2480163574219, 254.83248901367188, 207.43296813964844, 158.22434997558594, 89.14263916015625, 43.62681579589844, 58.42190933227539, 62.3773078918457, 34.99918746948242], [-218.6085968017578, -141.6472625732422, 11.385777473449707, 130.1317901611328, 254.83248901367188, 283.08648681640625, 247.1865997314453, 173.8174591064453, 98.87256622314453, 57.07487869262695, 32.3707389831543, 10.99394416809082, -10.46000862121582], [-371.0994567871094, -253.7406463623047, -63.47434997558594, 54.16489791870117, 207.43296813964844, 247.1865997314453, 257.0145263671875, 185.55984497070312, 97.08116912841797, 59.8172721862793, 37.889671325683594, 10.40658950805664, -12.476218223571777], [-319.60504150390625, -243.25909423828125, -49.88093566894531, 58.66377639770508, 158.22434997558594, 173.8174591064453, 185.55984497070312, 152.41285705566406, 84.69428253173828, 52.481536865234375, 39.372467041015625, 20.343753814697266, 0.4024208188056946], [-148.90476989746094, -57.51509094238281, 6.735953330993652, 27.617137908935547, 89.14263916015625, 98.87256622314453, 97.08116912841797, 84.69428253173828, 74.82813262939453, 46.59262466430664, 27.2761173248291, 17.115276336669922, 7.904015064239502], [-81.51606750488281, -15.212624549865723, 16.323698043823242, 1.0402135848999023, 43.62681579589844, 57.07487869262695, 59.8172721862793, 52.481536865234375, 46.59262466430664, 43.974639892578125, 28.866487503051758, 16.191669464111328, 11.995272636413574], [-154.9000244140625, -125.14849853515625, 9.297887802124023, 71.66007232666016, 58.42190933227539, 32.3707389831543, 37.889671325683594, 39.372467041015625, 27.2761173248291, 28.866487503051758, 42.06340408325195, 35.93783187866211, 20.991626739501953], [-187.01463317871094, -166.3101043701172, 18.363481521606445, 104.63314819335938, 62.3773078918457, 10.99394416809082, 10.40658950805664, 20.343753814697266, 17.115276336669922, 16.191669464111328, 35.93783187866211, 48.5816535949707, 38.00424575805664], [-182.80810546875, -112.27288055419922, 35.48628234863281, 59.96860885620117, 34.99918746948242, -10.46000862121582, -12.476218223571777, 0.4024208188056946, 7.904015064239502, 11.995272636413574, 20.991626739501953, 38.00424575805664, 49.83125305175781]], "lowlevel.mfcc.icov": [[0.0032417564652860165, -0.0047745113261044025, 0.0051907701417803764, -0.005139052867889404, 0.00525641581043601, -0.0063008195720613, 0.008280443958938122, -0.008682815358042717, 0.008920975960791111, -0.008225923404097557, 0.007633774541318417, -0.006899968720972538, 0.003363776719197631], [-0.0047745113261044025, 0.007786013651639223, -0.008680419996380806, 0.00713460985571146, -0.006018516141921282, 0.008111253380775452, -0.012347005307674408, 0.014070793054997921, -0.01408712100237608, 0.011315935291349888, -0.01073150523006916, 0.011251859366893768, -0.004202924203127623], [0.0051907701417803764, -0.008680419996380806, 0.011618494056165218, -0.008337290957570076, 0.004085413180291653, -0.007748886942863464, 0.014444831758737564, -0.013911382295191288, 0.01608200930058956, -0.017698561772704124, 0.012919094413518906, -0.009189926087856293, 0.0037535319570451975], [-0.005139052867889404, 0.00713460985571146, -0.008337290957570076, 0.01328846625983715, -0.014887032099068165, 0.009520795196294785, -0.007574122399091721, 0.010715311393141747, -0.01191367581486702, 0.016950521618127823, -0.014791620895266533, 0.003579307347536087, -0.0010504344245418906], [0.00525641581043601, -0.006018516141921282, 0.004085413180291653, -0.014887032099068165, 0.033534977585077286, -0.02532074972987175, 0.008085072971880436, -0.011745174415409565, 0.004204470664262772, 0.006067162379622459, 0.003318739589303732, -0.006154333241283894, -0.0048515996895730495], [-0.0063008195720613, 0.008111253380775452, -0.007748886942863464, 0.009520795196294785, -0.02532074972987175, 0.0560741163790226, -0.05349556356668472, 0.03094845823943615, -0.020194122567772865, -0.0050028180703520775, 0.009335251525044441, 0.0043306914158165455, 0.0023038957733660936], [0.008280443958938122, -0.012347005307674408, 0.014444831758737564, -0.007574122399091721, 0.008085072971880436, -0.05349556356668472, 0.10975923389196396, -0.09473079442977905, 0.048246487975120544, -0.02857048809528351, 0.012278660200536251, -0.00871677603572607, 0.013424841687083244], [-0.008682815358042717, 0.014070793054997921, -0.013911382295191288, 0.010715311393141747, -0.011745174415409565, 0.03094845823943615, -0.09473079442977905, 0.12893874943256378, -0.07261396944522858, 0.04078423231840134, -0.046219274401664734, 0.0277823768556118, -0.013170916587114334], [0.008920975960791111, -0.01408712100237608, 0.01608200930058956, -0.01191367581486702, 0.004204470664262772, -0.020194122567772865, 0.048246487975120544, -0.07261396944522858, 0.1184997707605362, -0.11949120461940765, 0.09131104499101639, -0.07324589043855667, 0.03671080246567726], [-0.008225923404097557, 0.011315935291349888, -0.017698561772704124, 0.016950521618127823, 0.006067162379622459, -0.0050028180703520775, -0.02857048809528351, 0.04078423231840134, -0.11949120461940765, 0.2355339527130127, -0.191715806722641, 0.1268550306558609, -0.07900086790323257], [0.007633774541318417, -0.01073150523006916, 0.012919094413518906, -0.014791620895266533, 0.003318739589303732, 0.009335251525044441, 0.012278660200536251, -0.046219274401664734, 0.09131104499101639, -0.191715806722641, 0.2675173282623291, -0.21055097877979279, 0.09505464881658554], [-0.006899968720972538, 0.011251859366893768, -0.009189926087856293, 0.003579307347536087, -0.006154333241283894, 0.0043306914158165455, -0.00871677603572607, 0.0277823768556118, -0.07324589043855667, 0.1268550306558609, -0.21055097877979279, 0.26318129897117615, -0.12584033608436584], [0.003363776719197631, -0.004202924203127623, 0.0037535319570451975, -0.0010504344245418906, -0.0048515996895730495, 0.0023038957733660936, 0.013424841687083244, -0.013170916587114334, 0.03671080246567726, -0.07900086790323257, 0.09505464881658554, -0.12584033608436584, 0.09801333397626877]], "metadata.audio_properties.analysis.downmix": "mix", "metadata.audio_properties.codec": "mp3", "metadata.audio_properties.md5_encoded": "093599c83b0481a0f459143a515af62e", "metadata.tags.file_name": "1183702019832291348.mp3", "metadata.version.essentia": "2.1-beta6-dev", "metadata.version.essentia_git_sha": "v2.1_beta5-1110-g77a6a954", "metadata.version.extractor": "music 2.0", "tonal.chords_key": "G", "tonal.chords_scale": "major", "tonal.key_edma.key": "C", "tonal.key_edma.scale": "minor", "tonal.key_krumhansl.key": "C", "tonal.key_krumhansl.scale": "minor", "tonal.key_temperley.key": "C", "tonal.key_temperley.scale": "minor", "metadata.tags.encoding": ["Lavf58.45.100"]}, "essentia_models": [{"model_name": "genre_dortmund", "activations": {"alternative": "0.009934482", "blues": "0.0017162003", "electronic": "0.93821096", "folkcountry": "0.0024230906", "funksoulrnb": "0.0049295677", "jazz": "0.15769717", "pop": "0.015232195", "raphiphop": "0.013660875", "rock": "0.008187016"}}, {"model_name": "genre_rosamerica", "activations": {"classic": "0.5422595", "dance": "0.03016452", "hip hop": "0.0035133015", "jazz": "0.039178688", "pop": "0.005069299", "rhythm and blues": "0.0026772043", "rock": "0.018998608", "speech": "0.021102967"}}, {"model_name": "genre_tzanetakis", "activations": {"blues": "0.00062675995", "classic": "0.7396944", "country": "0.0018025145", "disco": "0.001315745", "hip hop": "0.024619367", "jazz": "0.021347705", "metal": "0.01165069", "pop": "0.0018819945", "reggae": "0.004657173", "rock": "0.029947022"}}, {"model_name": "genre_elect