{"song_id": "1183714271520112690", "download": "https://cdn.discordapp.com/attachments/1135903449314238464/1183714271520112690/chirp.mp4?ex=658956d2&amp", "lyrics": "Sana, at thirteen, in Okinawa's embrace,\nShort black hair framing a gentle face.\nEyes that twinkle, like stars in the night,\nHer spirit blossoms, pure and bright.\n\nIn the land of cherry blossoms, she dreams,\nA world of possibilities, in gentle streams.\nWith laughter that echoes through the island breeze,\nSana dances through life with such ease.", "style": ["Calm"], "essentia_features": {"lowlevel.average_loudness": 0.3273096978664398, "lowlevel.barkbands_crest.mean": 16.607803344726562, "lowlevel.barkbands_crest.stdev": 4.049041271209717, "lowlevel.barkbands_flatness_db.mean": 0.4240818917751312, "lowlevel.barkbands_flatness_db.stdev": 0.12921784818172455, "lowlevel.barkbands_kurtosis.mean": 43.87752151489258, "lowlevel.barkbands_kurtosis.stdev": 49.34598922729492, "lowlevel.barkbands_skewness.mean": 4.210179805755615, "lowlevel.barkbands_skewness.stdev": 2.7870092391967773, "lowlevel.barkbands_spread.mean": 3.7317230701446533, "lowlevel.barkbands_spread.stdev": 7.2095842361450195, "lowlevel.dissonance.mean": 0.40971410274505615, "lowlevel.dissonance.stdev": 0.07755078375339508, "lowlevel.dynamic_complexity": 3.399446725845337, "lowlevel.erbbands_crest.mean": 14.19689655303955, "lowlevel.erbbands_crest.stdev": 5.592993259429932, "lowlevel.erbbands_flatness_db.mean": 0.2925165593624115, "lowlevel.erbbands_flatness_db.stdev": 0.11179713159799576, "lowlevel.erbbands_kurtosis.mean": 9.65650749206543, "lowlevel.erbbands_kurtosis.stdev": 16.112789154052734, "lowlevel.erbbands_skewness.mean": 1.9527111053466797, "lowlevel.erbbands_skewness.stdev": 1.7165569067001343, "lowlevel.erbbands_spread.mean": 33.90040969848633, "lowlevel.erbbands_spread.stdev": 37.44989013671875, "lowlevel.hfc.mean": 6.507072448730469, "lowlevel.hfc.stdev": 8.189393997192383, "lowlevel.loudness_ebu128.integrated": -27.641138076782227, "lowlevel.loudness_ebu128.loudness_range": 8.657493591308594, "lowlevel.loudness_ebu128.momentary.mean": -28.9400634765625, "lowlevel.loudness_ebu128.momentary.stdev": 3.1772618293762207, "lowlevel.loudness_ebu128.short_term.mean": -28.672395706176758, "lowlevel.loudness_ebu128.short_term.stdev": 2.6531918048858643, "lowlevel.melbands_crest.mean": 21.133525848388672, "lowlevel.melbands_crest.stdev": 4.323332786560059, "lowlevel.melbands_flatness_db.mean": 0.5331543684005737, "lowlevel.melbands_flatness_db.stdev": 0.15575312077999115, "lowlevel.melbands_kurtosis.mean": 84.46104431152344, "lowlevel.melbands_kurtosis.stdev": 91.12336730957031, "lowlevel.melbands_skewness.mean": 5.377686023712158, "lowlevel.melbands_skewness.stdev": 3.7230916023254395, "lowlevel.melbands_spread.mean": 2.3898110389709473, "lowlevel.melbands_spread.stdev": 6.110931396484375, "lowlevel.pitch_salience.mean": 0.32243067026138306, "lowlevel.pitch_salience.stdev": 0.1447637528181076, "lowlevel.silence_rate_20dB.mean": 1.0, "lowlevel.silence_rate_20dB.stdev": 0.0, "lowlevel.silence_rate_30dB.mean": 0.930962324142456, "lowlevel.silence_rate_30dB.stdev": 0.25352177023887634, "lowlevel.silence_rate_60dB.mean": 0.0020920501556247473, "lowlevel.silence_rate_60dB.stdev": 0.045691002160310745, "lowlevel.spectral_centroid.mean": 364.2460021972656, "lowlevel.spectral_centroid.stdev": 479.52435302734375, "lowlevel.spectral_complexity.mean": 5.14504861831665, "lowlevel.spectral_complexity.stdev": 3.1140530109405518, "lowlevel.spectral_decrease.mean": -9.42525701930208e-09, "lowlevel.spectral_decrease.stdev": 8.940952866964835e-09, "lowlevel.spectral_energy.mean": 0.036163344979286194, "lowlevel.spectral_energy.stdev": 0.03426599130034447, "lowlevel.spectral_energyband_high.mean": 0.00017429320723749697, "lowlevel.spectral_energyband_high.stdev": 0.000859632738865912, "lowlevel.spectral_energyband_low.mean": 0.029639316722750664, "lowlevel.spectral_energyband_low.stdev": 0.032363105565309525, "lowlevel.spectral_energyband_middle_high.mean": 0.00031664647394791245, "lowlevel.spectral_energyband_middle_high.stdev": 0.0011839170474559069, "lowlevel.spectral_energyband_middle_low.mean": 0.012494302354753017, "lowlevel.spectral_energyband_middle_low.stdev": 0.013009973801672459, "lowlevel.spectral_entropy.mean": 5.731279373168945, "lowlevel.spectral_entropy.stdev": 1.2113665342330933, "lowlevel.spectral_flux.mean": 0.030864844098687172, "lowlevel.spectral_flux.stdev": 0.027223780751228333, "lowlevel.spectral_kurtosis.mean": 63.91300582885742, "lowlevel.spectral_kurtosis.stdev": 121.89490509033203, "lowlevel.spectral_rms.mean": 0.005467068869620562, "lowlevel.spectral_rms.stdev": 0.002322158543393016, "lowlevel.spectral_rolloff.mean": 220.49810791015625, "lowlevel.spectral_rolloff.stdev": 742.5813598632812, "lowlevel.spectral_skewness.mean": 4.62359619140625, "lowlevel.spectral_skewness.stdev": 4.9949469566345215, "lowlevel.spectral_spread.mean": 2950024.0, "lowlevel.spectral_spread.stdev": 2463680.0, "lowlevel.spectral_strongpeak.mean": 0.6553903818130493, "lowlevel.spectral_strongpeak.stdev": 0.45529904961586, "lowlevel.zerocrossingrate.mean": 0.013286084868013859, "lowlevel.zerocrossingrate.stdev": 0.02210065722465515, "metadata.audio_properties.analysis.equal_loudness": 0.0, "metadata.audio_properties.analysis.length": 33.258663177490234, "metadata.audio_properties.analysis.sample_rate": 44100.0, "metadata.audio_properties.analysis.start_time": 0.0, "metadata.audio_properties.bit_rate": 98953.0, "metadata.audio_properties.length": 33.2586669921875, "metadata.audio_properties.lossless": 0.0, "metadata.audio_properties.number_channels": 1.0, "metadata.audio_properties.replay_gain": 0.6240482330322266, "metadata.audio_properties.sample_rate": 48000.0, "rhythm.beats_count": 71.0, "rhythm.beats_loudness.mean": 0.03848747909069061, "rhythm.beats_loudness.stdev": 0.038509711623191833, "rhythm.bpm": 116.71678161621094, "rhythm.bpm_histogram_first_peak_bpm": 117.0, "rhythm.bpm_histogram_first_peak_weight": 0.4285714626312256, "rhythm.bpm_histogram_second_peak_bpm": 178.0, "rhythm.bpm_histogram_second_peak_spread": 0.0, "rhythm.bpm_histogram_second_peak_weight": 0.10000000149011612, "rhythm.danceability": 0.8051874041557312, "rhythm.onset_rate": 2.9151718616485596, "tonal.chords_changes_rate": 0.04596100375056267, "tonal.chords_number_rate": 0.01532033458352089, "tonal.chords_strength.mean": 0.5004650950431824, "tonal.chords_strength.stdev": 0.0832083448767662, "tonal.hpcp_crest.mean": 18.064189910888672, "tonal.hpcp_crest.stdev": 8.038654327392578, "tonal.hpcp_entropy.mean": 1.5125209093093872, "tonal.hpcp_entropy.stdev": 0.7841957211494446, "tonal.key_edma.strength": 0.6008215546607971, "tonal.key_krumhansl.strength": 0.5951991081237793, "tonal.key_temperley.strength": 0.5853449702262878, "tonal.tuning_diatonic_strength": 0.42164346575737, "tonal.tuning_equal_tempered_deviation": 0.03572876751422882, "tonal.tuning_frequency": 438.98455810546875, "tonal.tuning_nontempered_energy_ratio": 0.6346337795257568, "lowlevel.barkbands.mean": [7.0043947744125035e-06, 0.008147664368152618, 0.015032063238322735, 0.009287643246352673, 0.002274315571412444, 0.0006920917076058686, 9.628601401345804e-05, 6.60457371850498e-05, 6.124443461885676e-05, 5.5137290473794565e-05, 1.9334527678438462e-05, 2.0979856344638392e-05, 1.7087528249248862e-05, 1.613573112990707e-05, 4.688913395511918e-05, 5.186683847568929e-05, 2.5772293156478554e-05, 1.56947280629538e-05, 3.5350953112356365e-05, 4.2770920117618516e-05, 3.418574124225415e-05, 5.489992690854706e-05, 3.9591555832885206e-05, 1.7820828361436725e-05, 4.764187451655744e-06, 6.890130066494748e-07, 1.2855514430754056e-09], "lowlevel.barkbands.stdev": [1.9514443920343183e-05, 0.008421977050602436, 0.026475707069039345, 0.01065035443753004, 0.004597707185894251, 0.001126754330471158, 0.0001897827023640275, 0.00025220922543667257, 0.0002425025450065732, 0.0003073633124586195, 0.00010222654236713424, 0.00010202806151937693, 0.00015530141536146402, 6.289190059760585e-05, 0.000299050472676754, 0.00036019578692503273, 7.425236981362104e-05, 5.2757688536075875e-05, 0.00011096416710643098, 0.00027750121080316603, 0.00016502293874509633, 0.0004509571590460837, 0.00020698738808277994, 8.886746218195185e-05, 2.7301613954477943e-05, 3.014230060216505e-06, 5.368726796461942e-09], "lowlevel.erbbands.mean": [0.08709073811769485, 2.4107768535614014, 12.21196174621582, 32.712852478027344, 15.435102462768555, 6.60620641708374, 5.631007194519043, 5.458281993865967, 1.9674609899520874, 1.6206445693969727, 1.1977465152740479, 1.4707527160644531, 1.3518186807632446, 1.5742957592010498, 0.9033775329589844, 0.800927996635437, 0.596354067325592, 1.026394009590149, 2.223508596420288, 2.6187281608581543, 2.5149805545806885, 1.3792201280593872, 0.7825243473052979, 1.7216604948043823, 1.683242678642273, 2.069525718688965, 1.5536110401153564, 1.3610074520111084, 2.1240570545196533, 1.3440049886703491, 1.1136852502822876, 0.5282722115516663, 0.24395380914211273, 0.08174741268157959, 0.017473826184868813, 0.005779332015663385, 0.0008663585758768022, 4.4720414734911174e-05, 1.8195049051428214e-05, 3.985908188042231e-05], "lowlevel.erbbands.stdev": [0.10661078244447708, 2.179621934890747, 16.563583374023438, 46.66659164428711, 19.06796646118164, 19.177982330322266, 14.188179016113281, 9.932694435119629, 2.8771231174468994, 5.068880558013916, 5.413200855255127, 4.435198783874512, 5.901729583740234, 10.842201232910156, 3.6970818042755127, 4.252162933349609, 3.538072347640991, 6.307170867919922, 18.20616912841797, 16.355457305908203, 12.735629081726074, 4.030942916870117, 2.5509917736053467, 5.058073997497559, 6.456897258758545, 14.442496299743652, 8.408879280090332, 6.567516803741455, 19.382423400878906, 8.87255573272705, 5.650483131408691, 2.740968704223633, 1.2087528705596924, 0.4729103147983551, 0.09290041029453278, 0.025034965947270393, 0.004146050661802292, 0.00026299222372472286, 1.828113636292983e-05, 3.762671258300543e-05], "lowlevel.gfcc.mean": [-193.27366638183594, 172.66099548339844, -43.744239807128906, 65.73188781738281, -26.255718231201172, -13.024036407470703, -22.739988327026367, -9.856496810913086, -13.174120903015137, -10.383983612060547, -15.265325546264648, -16.6250057220459, 0.967210590839386], "lowlevel.melbands.mean": [0.001581566291861236, 0.0058376421220600605, 0.004982789978384972, 0.0006689548026770353, 0.00020758331811521202, 0.00012092039833078161, 2.721745659073349e-05, 1.716511724225711e-05, 9.846474313235376e-06, 8.799799616099335e-06, 6.744621259713313e-06, 6.661450242972933e-06, 2.67840619017079e-06, 2.801726850520936e-06, 1.0711800086937728e-06, 1.8232932461614837e-06, 1.7515521903987974e-06, 3.427777983233682e-06, 2.851574663509382e-06, 3.88024182029767e-06, 2.819614792315406e-06, 1.57572492298641e-06, 7.160353447943635e-07, 7.269495654327329e-07, 1.483755795561592e-06, 1.297440007874684e-06, 1.3280009625304956e-06, 1.364929062219744e-06, 9.650900665292284e-07, 8.606019150647626e-07, 7.524324701080332e-07, 1.3025331782046123e-06, 9.68586732597032e-07, 6.686766482744133e-07, 6.621772854487062e-07, 4.893832397101505e-07, 2.840668003045721e-07, 2.0508360876192455e-07, 8.773633908276679e-08, 5.9466923829631924e-08], "lowlevel.melbands.stdev": [0.001783339073881507, 0.006359407212585211, 0.006606666371226311, 0.0011550362687557936, 0.0005376036860980093, 0.0002102753787767142, 4.198448732495308e-05, 5.431077443063259e-05, 3.9176331483758986e-05, 3.209060741937719e-05, 3.0583618354285136e-05, 4.82757568533998e-05, 1.1809835996245965e-05, 1.3866055269318167e-05, 4.057422302139457e-06, 1.5976114809745923e-05, 9.804109140532091e-06, 2.8618685973924585e-05, 1.2656587387027685e-05, 3.301276592537761e-05, 1.56765690917382e-05, 4.737008566735312e-06, 2.3801221686881036e-06, 2.4881157969502965e-06, 4.430321041581919e-06, 4.496283963817405e-06, 8.283083843707573e-06, 9.814804798224941e-06, 5.626345682685496e-06, 3.714418880917947e-06, 3.9552937778353225e-06, 1.3402375770965591e-05, 6.618924999202136e-06, 4.262079983163858e-06, 3.341188403283013e-06, 2.559062068030471e-06, 1.5122093373065582e-06, 1.0365237130827154e-06, 4.96981385822437e-07, 3.6570688166648324e-07], "lowlevel.melbands128.mean": [4.0072186493489426e-06, 0.00011398708738852292, 0.002114630304276943, 0.00458947429433465, 0.004511838313192129, 0.008896526880562305, 0.007617889437824488, 0.00359648116864264, 0.0011968488106504083, 0.000513397273607552, 0.0003124767972622067, 0.0002178380818804726, 0.00018125346105080098, 0.00018928082135971636, 0.0001461100036976859, 7.501866639358923e-05, 3.245997504564002e-05, 2.1716516130254604e-05, 1.3553072676586453e-05, 2.0575176677084528e-05, 1.8126909708371386e-05, 8.664442248118576e-06, 7.889237167546526e-06, 1.1679439921863377e-05, 1.156933831225615e-05, 6.215201210579835e-06, 6.350981493596919e-06, 7.167439889599336e-06, 5.150643119122833e-06, 1.1371666914783418e-05, 5.034429250372341e-06, 2.4959574602689827e-06, 2.1488899619726e-06, 3.3078961223509395e-06, 2.922124622273259e-06, 3.187042466379353e-06, 1.8021485175268026e-06, 7.852952421671944e-07, 7.70985309372918e-07, 7.9096986382865e-07, 2.5943963919417e-06, 2.571297955000773e-06, 1.5389609870908316e-06, 1.5421526313730283e-06, 1.333001819148194e-06, 5.387410965340678e-06, 3.903474407707108e-06, 1.7021449139065226e-06, 2.5665549401310273e-06, 4.68891948912642e-06, 4.6529485189239495e-06, 2.094315050271689e-06, 3.538994860718958e-06, 2.5094843749684514e-06, 2.4488515464327065e-06, 1.5147685417105095e-06, 9.156342457572464e-07, 8.051340500969673e-07, 6.147587896521145e-07, 6.052542858014931e-07, 5.000328542337229e-07, 1.0016757414632593e-06, 1.3964225900053862e-06, 1.736773015181825e-06, 1.4356465953824227e-06, 1.5326820630434668e-06, 9.624351378079155e-07, 8.853338044900738e-07, 1.7042514173226664e-06, 1.51186145558313e-06, 1.4823687024545507e-06, 1.238504410139285e-06, 9.47890839597676e-07, 9.499667044110538e-07, 9.27314943055535e-07, 9.011469614961243e-07, 8.912792850424012e-07, 5.48400294064777e-07, 7.148746590246446e-07, 8.774994171290018e-07, 1.4691053138449206e-06, 1.4942872894607717e-06, 9.222945323017484e-07, 1.1414555274313898e-06, 7.574572009616531e-07, 5.524897233044612e-07, 7.524665193159308e-07, 6.268488164096198e-07, 6.372090410877718e-07, 7.075018402247224e-07, 6.423080662898428e-07, 4.3754479861490836e-07, 2.1473981348663074e-07, 2.566462740105635e-07, 3.580187524221401e-07, 2.5850425799944787e-07, 1.8737163998139295e-07, 1.0002547412568674e-07, 7.154388725894023e-08, 9.717309268353347e-08, 7.550750069640344e-08, 6.332673052611426e-08, 2.1550052409224918e-08, 1.5046650148065055e-08, 1.4042725204888029e-08, 2.0560847246997582e-08, 1.624375300934844e-08, 8.505320892027157e-09, 9.749837381889392e-09, 9.562915792571403e-09, 5.2789825844001825e-09, 2.4214739102745853e-09, 1.8714010341369658e-09, 1.4643490864330033e-09, 7.561776205200488e-10, 7.713791411179116e-11, 1.2436950774796784e-11, 6.551561376744175e-12, 5.2857592434951695e-12, 5.124208782986139e-12, 4.983717865475468e-12, 4.930095828109549e-12, 4.927252182651554e-12, 4.794973012395287e-12, 4.225268138841054e-12, 3.2488430348753816e-12, 2.7200813216415876e-12, 2.6355892294993577e-12], "lowlevel.melbands128.stdev": [9.993266758101527e-06, 0.00019133712339680642, 0.0028743213042616844, 0.0044191316701471806, 0.0038642461877316236, 0.016607949510216713, 0.011468576267361641, 0.004059909842908382, 0.0019179004011675715, 0.0013851774856448174, 0.0013345247134566307, 0.0008630110532976687, 0.0006023608730174601, 0.0003840565332211554, 0.00030749247525818646, 0.00019300194981042296, 5.516129021998495e-05, 4.733845344162546e-05, 3.741348336916417e-05, 8.492752385791391e-05, 5.9895992308156565e-05, 6.947490328457206e-05, 4.839976827497594e-05, 3.3197778975591063e-05, 3.6580364394467324e-05, 4.368572263047099e-05, 7.0752932515461e-05, 2.2104264644440264e-05, 3.2097057555802166e-05, 0.00010253230720991269, 3.959566311095841e-05, 2.0902991309412755e-05, 1.0856710105144884e-05, 1.8450402421876788e-05, 1.5695130059611984e-05, 2.547053009038791e-05, 1.0644727808539756e-05, 2.626282821438508e-06, 3.677612994579249e-06, 3.264216729803593e-06, 2.604443761811126e-05, 3.353230931679718e-05, 1.1986859135504346e-05, 6.180836408020696e-06, 5.5726095524732955e-06, 5.4852822358952835e-05, 3.709405064000748e-05, 7.221578016469721e-06, 9.924357073032297e-06, 3.480647865217179e-05, 6.22048755758442e-05, 7.876708878029604e-06, 2.5751347493496723e-05, 1.6562236851314083e-05, 8.453935151919723e-06, 6.545308224303881e-06, 3.013957211805973e-06, 3.2176651529880473e-06, 2.363796966164955e-06, 2.862291466954048e-06, 1.8848992340281256e-06, 4.053805696457857e-06, 4.6886034397175536e-06, 5.328314273356227e-06, 5.3994317568140104e-06, 6.036798367858864e-06, 3.855617251247168e-06, 4.102714228793047e-06, 1.2727538887702394e-05, 1.2279753718758002e-05, 1.4246239516069181e-05, 6.71087536829873e-06, 5.458543000713689e-06, 7.236092187667964e-06, 5.470123142004013e-06, 4.034284756926354e-06, 3.7703448469983414e-06, 2.373747520323377e-06, 4.032370270579122e-06, 5.8295786402595695e-06, 1.566021455801092e-05, 2.0345934899523854e-05, 5.052575488662114e-06, 8.000066372915171e-06, 6.504620614578016e-06, 3.465255531409639e-06, 5.264072569843847e-06, 3.2302448289556196e-06, 3.254258672313881e-06, 3.837586064037168e-06, 3.5142597880621906e-06, 2.4738408228586195e-06, 1.2917377034682431e-06, 1.5100798691491946e-06, 1.924747266457416e-06, 1.3763090009888401e-06, 1.0207932064076886e-06, 5.76946547425905e-07, 4.6943617348915723e-07, 6.221661124072853e-07, 4.4789294406655245e-07, 4.540973748135002e-07, 1.2556338901958952e-07, 9.394774735937972e-08, 9.815985890782031e-08, 1.0252698956492168e-07, 8.088175462717118e-08, 3.827699046610178e-08, 4.379274898269614e-08, 4.866540237458139e-08, 2.8020625819635825e-08, 1.3036403956334652e-08, 1.3441436408356822e-08, 1.2520304792928982e-08, 6.712320477220146e-09, 8.973513598853344e-10, 1.9070439671864392e-10, 4.585430299353099e-11, 5.084977144215186e-12, 4.987235884684749e-12, 4.834790554020252e-12, 4.737327717607709e-12, 4.640521040349954e-12, 4.550975915562638e-12, 4.4745318561467684e-12, 4.4116936666338535e-12, 4.367094793428228e-12, 4.3432601265491755e-12], "lowlevel.mfcc.mean": [-853.81884765625, 187.40721130371094, 52.7881965637207, 78.83474731445312, 24.770328521728516, 15.0208740234375, 2.790559768676758, -1.5635182857513428, 8.451326370239258, -0.6608162522315979, -5.386106491088867, -5.2591552734375, -2.270334005355835], "lowlevel.spectral_contrast_coeffs.mean": [-0.6180452704429626, -0.7318803071975708, -0.8151769638061523, -0.8350228071212769, -0.835008442401886, -0.753529965877533], "lowlevel.spectral_contrast_coeffs.stdev": [0.08763103932142258, 0.06289595365524292, 0.05621602386236191, 0.055123377591371536, 0.045457374304533005, 0.08123338222503662], "lowlevel.spectral_contrast_valleys.mean": [-6.810288906097412, -8.441019058227539, -9.799493789672852, -9.987605094909668, -9.799627304077148, -13.227201461791992], "lowlevel.spectral_contrast_valleys.stdev": [0.8280656337738037, 1.0596507787704468, 1.3669357299804688, 1.5090885162353516, 1.6988247632980347, 1.7004718780517578], "rhythm.beats_loudness_band_ratio.mean": [0.9150155186653137, 0.07605677843093872, 0.009764919988811016, 0.0026907732244580984, 0.004639746621251106, 0.009934280067682266], "rhythm.beats_loudness_band_ratio.stdev": [0.07583562284708023, 0.08065477758646011, 0.020537830889225006, 0.006578830536454916, 0.007796184625476599, 0.021740565076470375], "tonal.hpcp.mean": [0.04384123533964157, 0.022650929167866707, 0.005889242980629206, 0.009566852822899818, 0.006972725968807936, 0.0036043550353497267, 0.008707667700946331, 0.013546720147132874, 0.19676803052425385, 0.34748560190200806, 0.16030877828598022, 0.00577904935926199, 0.006475219037383795, 0.009207953698933125, 0.020665926858782768, 0.06852433830499649, 0.059047453105449677, 0.1698329746723175, 0.2514263093471527, 0.09859573096036911, 0.08493099361658096, 0.14638465642929077, 0.09888869524002075, 0.18074697256088257, 0.253316193819046, 0.1013120785355568, 0.012113801203668118, 0.014216704294085503, 0.007139840628951788, 0.053998712450265884, 0.09192074835300446, 0.04167232662439346, 0.004990023095160723, 0.007353695575147867, 0.006988107692450285, 0.02591126225888729], "tonal.hpcp.stdev": [0.11348476260900497, 0.05916762724518776, 0.05578052997589111, 0.06971336156129837, 0.05513421446084976, 0.01862771436572075, 0.042548876255750656, 0.0743221715092659, 0.25755971670150757, 0.4493745267391205, 0.2199014276266098, 0.059104908257722855, 0.05838039144873619, 0.06555260717868805, 0.08161573857069016, 0.23035025596618652, 0.20797529816627502, 0.29365766048431396, 0.43158143758773804, 0.17807713150978088, 0.22852402925491333, 0.3347936272621155, 0.24630840122699738, 0.26561689376831055, 0.3866814374923706, 0.17121365666389465, 0.054686445742845535, 0.06657667458057404, 0.033874448388814926, 0.15894925594329834, 0.2727898955345154, 0.12359104305505753, 0.030818985775113106, 0.05923861637711525, 0.052240040153265, 0.070305734872818], "rhythm.beats_position": [0.4992290139198303, 0.9984580278396606, 1.5441269874572754, 2.0897958278656006, 2.6470746994018555, 3.1695237159729004, 3.6919727325439453, 4.22603178024292, 4.748480796813965, 5.25931978225708, 5.781768798828125, 6.269387722015381, 6.757006645202637, 7.233015537261963, 7.697414875030518, 8.173423767089844, 8.661043167114258, 9.171881675720215, 9.682721138000488, 10.193559646606445, 10.704399108886719, 11.215237617492676, 11.72607707977295, 12.236915588378906, 12.75936508178711, 13.293423652648926, 13.74621295928955, 14.210612297058105, 14.663400650024414, 15.000090599060059, 15.336779594421387, 15.673469543457031, 15.99854850769043, 16.3120174407959, 16.625486373901367, 16.93895721435547, 17.264036178588867, 17.589115142822266, 17.902584075927734, 18.216054916381836, 18.552743911743164, 18.866212844848633, 19.20290184020996, 19.55120086669922, 19.899499893188477, 20.247800827026367, 20.584489822387695, 20.921178817749023, 21.26947784423828, 21.62938690185547, 21.977685928344727, 22.43047523498535, 22.894874572753906, 23.35927391052246, 23.812063217163086, 24.25324249267578, 24.694421768188477, 25.135601043701172, 25.576780319213867, 26.017959594726562, 26.470746994018555, 27.051246643066406, 27.631746292114258, 28.270294189453125, 28.920452117919922, 29.58222198486328, 30.243989944458008, 30.894149780273438, 31.544307708740234, 32.19446563720703, 32.83301544189453], "rhythm.bpm_histogram": [0.0, 0.0, 0.0, 0.0, 0.0, 0.0, 0.0, 0.0, 0.0, 0.0, 0.0, 0.0, 0.0, 0.0, 0.0, 0.0, 0.0, 0.0, 0.0, 0.0, 0.0, 0.0, 0.0, 0.0, 0.0, 0.0, 0.0, 0.0, 0.0, 0.0, 0.0, 0.0, 0.0, 0.0, 0.0, 0.0, 0.0, 0.0, 0.0, 0.0, 0.0, 0.0, 0.0, 0.0, 0.0, 0.0, 0.0, 0.0, 0.0, 0.0, 0.0, 0.0, 0.0, 0.0, 0.0, 0.0, 0.0, 0.0, 0.0, 0.0, 0.0, 0.0, 0.0, 0.0, 0.0, 0.0, 0.0, 0.0, 0.0, 0.0, 0.0, 0.0, 0.0, 0.0, 0.0, 0.0, 0.0, 0.0, 0.0, 0.0, 0.0, 0.0, 0.0, 0.0, 0.0, 0.0, 0.0, 0.0, 0.0, 0.0, 0.0, 0.02857142873108387, 0.05714285746216774, 0.0, 0.02857142873108387, 0.0, 0.0, 0.0, 0.0, 0.0, 0.0, 0.0, 0.0, 0.02857142873108387, 0.0, 0.0, 0.0, 0.0, 0.014285714365541935, 0.0, 0.02857142873108387, 0.0, 0.02857142873108387, 0.0, 0.0, 0.0714285746216774, 0.0, 0.11428571492433548, 0.0, 0.0, 0.014285714365541935, 0.0, 0.0, 0.04285714402794838, 0.0, 0.0, 0.02857142873108387, 0.0, 0.0, 0.05714285746216774, 0.0, 0.0, 0.0, 0.0714285746216774, 0.0, 0.0, 0.0714285746216774, 0.0, 0.0, 0.0, 0.0, 0.0, 0.0, 0.0, 0.0, 0.0, 0.0, 0.0, 0.0, 0.0, 0.0, 0.0, 0.0, 0.0, 0.0, 0.0, 0.0, 0.0, 0.0, 0.0, 0.0, 0.0, 0.0, 0.0, 0.0, 0.0, 0.0, 0.014285714365541935, 0.0, 0.0, 0.0, 0.0, 0.0714285746216774, 0.0, 0.0, 0.0, 0.0, 0.0, 0.10000000149011612, 0.0, 0.0, 0.0, 0.0, 0.0, 0.0, 0.04285714402794838, 0.0, 0.0, 0.0, 0.0, 0.0, 0.08571428805589676, 0.0, 0.0, 0.0, 0.0, 0.0, 0.0, 0.0, 0.0, 0.0, 0.0, 0.0, 0.0, 0.0, 0.0, 0.0, 0.0, 0.0, 0.0, 0.0, 0.0, 0.0, 0.0, 0.0, 0.0, 0.0, 0.0, 0.0, 0.0, 0.0, 0.0, 0.0, 0.0, 0.0, 0.0, 0.0, 0.0, 0.0, 0.0, 0.0, 0.0, 0.0, 0.0, 0.0, 0.0, 0.0, 0.0, 0.0, 0.0, 0.0, 0.0, 0.0, 0.0, 0.0, 0.0, 0.0, 0.0, 0.0, 0.0], "tonal.chords_histogram": [15.320334434509277, 13.370473861694336, 5.710306644439697, 0.0, 6.128133773803711, 1.8105849027633667, 1.671309232711792, 0.0, 6.824512481689453, 0.27855151891708374, 0.0, 0.0, 0.0, 0.0, 0.0, 0.0, 0.0, 18.105850219726562, 0.0, 24.233983993530273, 4.596100330352783, 0.5571030378341675, 0.0, 1.3927576541900635], "tonal.thpcp": [1.0, 0.4613393545150757, 0.016631046310067177, 0.0186344962567091, 0.026498805731534958, 0.05947275832295418, 0.19720050692558289, 0.16992777585983276, 0.4887482225894928, 0.7235589027404785, 0.28374049067497253, 0.24441586434841156, 0.4212682545185089, 0.28458356857299805, 0.520156741142273, 0.7289976477622986, 0.291557639837265, 0.034861303865909576, 0.04091307520866394, 0.020547155290842056, 0.1553984135389328, 0.26453110575675964, 0.11992533504962921, 0.014360373839735985, 0.021162590011954308, 0.020110495388507843, 0.07456787675619125, 0.12616705894470215, 0.06518523395061493, 0.016948163509368896, 0.02753165178000927, 0.02006622962653637, 0.010372674092650414, 0.02505907416343689, 0.038984984159469604, 0.566262423992157], "lowlevel.gfcc.cov": [[13428.767578125, -3263.1591796875, -4714.0654296875, 1700.9141845703125, -942.2797241210938, 1408.9549560546875, -350.5313415527344, 767.0983276367188, -613.4371337890625, 184.497802734375, -454.51544189453125, -82.69145965576172, 323.99798583984375], [-3263.1591796875, 2643.021484375, 713.6640014648438, -1294.0167236328125, 831.5115356445312, -886.7994384765625, 470.2640380859375, -299.65948486328125, 225.72767639160156, -86.333251953125, 89.95217895507812, -70.826171875, -0.3579220473766327], [-4714.0654296875, 713.6640014648438, 3026.673828125, -438.15191650390625, -247.2885284423828, -369.1036682128906, -287.0743408203125, -336.3735046386719, 140.7769775390625, -150.57733154296875, 128.4205780029297, -72.31958770751953, -327.8885803222656], [1700.9141845703125, -1294.0167236328125, -438.15191650390625, 973.5482177734375, -374.8146667480469, 342.2257080078125, -181.90504455566406, 111.40113830566406, -8.15212631225586, -4.970832347869873, 11.482608795166016, 75.40117645263672, 39.246402740478516], [-942.2797241210938, 831.5115356445312, -247.2885284423828, -374.8146667480469, 697.8156127929688, -221.87513732910156, 274.30535888671875, -13.636512756347656, 37.33625793457031, 30.388967514038086, 12.992098808288574, 44.17588424682617, 98.7007827758789], [1408.9549560546875, -886.7994384765625, -369.1036682128906, 342.2257080078125, -221.87513732910156, 570.0460815429688, -63.01475143432617, 101.0600357055664, -62.29183578491211, 77.66368865966797, -16.872243881225586, 23.570533752441406, 39.99108123779297], [-350.5313415527344, 470.2640380859375, -287.0743408203125, -181.90504455566406, 274.30535888671875, -63.01475143432617, 374.69580078125, 1.3022416830062866, 96.93675994873047, 50.501258850097656, 38.74049377441406, 44.47290802001953, 45.576053619384766], [767.0983276367188, -299.65948486328125, -336.3735046386719, 111.40113830566406, -13.636512756347656, 101.0600357055664, 1.3022416830062866, 246.52496337890625, -48.964637756347656, 52.30513381958008, 4.1547698974609375, 14.422124862670898, 53.53840255737305], [-613.4371337890625, 225.72767639160156, 140.7769775390625, -8.15212631225586, 37.33625793457031, -62.29183578491211, 96.93675994873047, -48.964637756347656, 280.35638427734375, -14.736721992492676, 45.27409362792969, 82.41475677490234, -11.218259811401367], [184.497802734375, -86.333251953125, -150.57733154296875, -4.970832347869873, 30.388967514038086, 77.66368865966797, 50.501258850097656, 52.30513381958008, -14.736721992492676, 137.28936767578125, 1.6974931955337524, 20.28853988647461, 40.59929275512695], [-454.51544189453125, 89.95217895507812, 128.4205780029297, 11.482608795166016, 12.992098808288574, -16.872243881225586, 38.74049377441406, 4.1547698974609375, 45.27409362792969, 1.6974931955337524, 124.77111053466797, 28.3620662689209, 10.109334945678711], [-82.69145965576172, -70.826171875, -72.31958770751953, 75.40117645263672, 44.17588424682617, 23.570533752441406, 44.47290802001953, 14.422124862670898, 82.41475677490234, 20.28853988647461, 28.3620662689209, 161.27017211914062, 35.26541519165039], [323.99798583984375, -0.3579220473766327, -327.8885803222656, 39.246402740478516, 98.7007827758789, 39.99108123779297, 45.576053619384766, 53.53840255737305, -11.218259811401367, 40.59929275512695, 10.109334945678711, 35.26541519165039, 129.12164306640625]], "lowlevel.gfcc.icov": [[0.0007226976449601352, -0.0018058097921311855, 0.0011907913722097874, -0.0016194428317248821, 0.0013066763058304787, -0.001836349256336689, 0.0012747482396662235, -0.0013182330876588821, 0.0010827662190422416, -0.0003650767612271011, 0.0017445215489715338, -0.0006198837654665112, 0.0016058043111115694], [-0.0018058097921311855, 0.010940165258944035, -0.0033501586876809597, 0.009136260487139225, -0.005140453577041626, 0.009252160787582397, -0.00613805465400219, 0.006090455688536167, -0.005301924888044596, 0.003050078870728612, -0.006877080537378788, 0.004628901369869709, -0.008163143880665302], [0.0011907913722097874, -0.0033501586876809597, 0.002688182983547449, -0.0026318158488720655, 0.0023335195146501064, -0.0031417410355061293, 0.002989774104207754, -0.001862643752247095, 0.0016718864208087325, -0.0008651100797578692, 0.0020537988748401403, -0.0012747300788760185, 0.004139916505664587], [-0.0016194428317248821, 0.009136260487139225, -0.0026318158488720655, 0.009576651267707348, -0.003653112566098571, 0.0072039151564240456, -0.004488657228648663, 0.004973660688847303, -0.004745446611195803, 0.0031047738157212734, -0.006501236464828253, 0.003000086173415184, -0.007120591122657061], [0.0013066763058304787, -0.005140453577041626, 0.0023335195146501064, -0.003653112566098571, 0.0058725010603666306, -0.003935696091502905, 0.001707436633296311, -0.003097382141277194, 0.003089304082095623, -0.001042234362103045, 0.004164257552474737, -0.002714010654017329, 0.0021659573540091515], [-0.001836349256336689, 0.009252160787582397, -0.0031417410355061293, 0.0072039151564240456, -0.003935696091502905, 0.010830252431333065, -0.00552140548825264, 0.005183873698115349, -0.004242020193487406, 0.0011546654859557748, -0.006072475574910641, 0.003589487634599209, -0.0073171015828847885], [0.0012747482396662235, -0.00613805465400219, 0.002989774104207754, -0.004488657228648663, 0.001707436633296311, -0.00552140548825264, 0.008864774368703365, -0.0032743567135185003, 0.0014269477687776089, -0.002985286293551326, 0.0024466332979500294, -0.0024951985105872154, 0.005926941521465778], [-0.0013182330876588821, 0.006090455688536167, -0.001862643752247095, 0.004973660688847303, -0.003097382141277194, 0.005183873698115349, -0.0032743567135185003, 0.009043050929903984, -0.002471616491675377, 0.00026657144189812243, -0.005201455671340227, 0.0023207932244986296, -0.005273913498967886], [0.0010827662190422416, -0.005301924888044596, 0.0016718864208087325, -0.004745446611195803, 0.003089304082095623, -0.004242020193487406, 0.0014269477687776089, -0.002471616491675377, 0.007964549586176872, -0.0007901466451585293, 0.0030528379138559103, -0.004675138276070356, 0.004408066160976887], [-0.0003650767612271011, 0.003050078870728612, -0.0008651100797578692, 0.0031047738157212734, -0.001042234362103045, 0.0011546654859557748, -0.002985286293551326, 0.00026657144189812243, -0.0007901466451585293, 0.010546463541686535, -0.0013620685786008835, 0.00047282740706577897, -0.004240994341671467], [0.0017445215489715338, -0.006877080537378788, 0.0020537988748401403, -0.006501236464828253, 0.004164257552474737, -0.006072475574910641, 0.0024466332979500294, -0.005201455671340227, 0.0030528379138559103, -0.0013620685786008835, 0.015400479547679424, -0.00342680630274117, 0.0032092933543026447], [-0.0006198837654665112, 0.004628901369869709, -0.0012747300788760185, 0.003000086173415184, -0.002714010654017329, 0.003589487634599209, -0.0024951985105872154, 0.0023207932244986296, -0.004675138276070356, 0.00047282740706577897, -0.00342680630274117, 0.01064311619848013, -0.004892684984952211], [0.0016058043111115694, -0.008163143880665302, 0.004139916505664587, -0.007120591122657061, 0.0021659573540091515, -0.0073171015828847885, 0.005926941521465778, -0.005273913498967886, 0.004408066160976887, -0.004240994341671467, 0.0032092933543026447, -0.004892684984952211, 0.01987651363015175]], "lowlevel.mfcc.cov": [[15144.2919921875, -4152.0439453125, -4234.62890625, -23.960866928100586, -764.7991943359375, 359.1668395996094, 402.42822265625, 242.8396759033203, 612.4047241210938, 178.70570373535156, -204.46266174316406, -305.963134765625, -57.470489501953125], [-4152.0439453125, 3528.733154296875, -125.10530853271484, -211.2760772705078, 47.32159423828125, -329.2611083984375, 78.90300750732422, -230.44168090820312, 72.8585433959961, -125.5782241821289, 129.75857543945312, 38.739322662353516, 2.8104798793792725], [-4234.62890625, -125.10530853271484, 2996.78955078125, -49.81722640991211, 216.46116638183594, -61.942481994628906, -442.0873107910156, -31.738079071044922, -510.42376708984375, 18.8663387298584, -11.321845054626465, 70.53394317626953, -55.37845230102539], [-23.960866928100586, -211.2760772705078, -49.81722640991211, 407.2762145996094, 43.27222442626953, -45.7977409362793, -31.529211044311523, 22.768356323242188, -0.8844722509384155, -42.60157775878906, -14.315152168273926, 19.364635467529297, 2.4711999893188477], [-764.7991943359375, 47.32159423828125, 216.46116638183594, 43.27222442626953, 282.56597900390625, -21.578968048095703, -24.549409866333008, 16.35721206665039, -27.38058853149414, -21.577560424804688, -17.984582901000977, 22.728775024414062, 8.622796058654785], [359.1668395996094, -329.2611083984375, -61.942481994628906, -45.7977409362793, -21.578968048095703, 316.4724426269531, 19.310691833496094, 39.92140579223633, 36.49858474731445, 31.51902198791504, 10.827219009399414, -14.368921279907227, 19.27420997619629], [402.42822265625, 78.90300750732422, -442.0873107910156, -31.529211044311523, -24.549409866333008, 19.310691833496094, 316.4351806640625, -23.649667739868164, 82.18840789794922, 7.703307151794434, 24.013057708740234, 4.746216297149658, -5.485402584075928], [242.8396759033203, -230.44168090820312, -31.738079071044922, 22.768356323242188, 16.35721206665039, 39.92140579223633, -23.649667739868164, 181.5589599609375, 29.777021408081055, 18.400781631469727, 28.727554321289062, 43.697120666503906, 29.561298370361328], [612.4047241210938, 72.8585433959961, -510.42376708984375, -0.8844722509384155, -27.38058853149414, 36.49858474731445, 82.18840789794922, 29.777021408081055, 206.67636108398438, 22.878612518310547, 24.617555618286133, 22.418087005615234, 28.21265411376953], [178.70570373535156, -125.5782241821289, 18.8663387298584, -42.60157775878906, -21.577560424804688, 31.51902198791504, 7.703307151794434, 18.400781631469727, 22.878612518310547, 102.98465728759766, 23.573169708251953, 11.512096405029297, 8.315364837646484], [-204.46266174316406, 129.75857543945312, -11.321845054626465, -14.315152168273926, -17.984582901000977, 10.827219009399414, 24.013057708740234, 28.727554321289062, 24.617555618286133, 23.573169708251953, 97.02645111083984, 44.477176666259766, 15.786277770996094], [-305.963134765625, 38.739322662353516, 70.53394317626953, 19.364635467529297, 22.728775024414062, -14.368921279907227, 4.746216297149658, 43.697120666503906, 22.418087005615234, 11.512096405029297, 44.477176666259766, 119.94636535644531, 38.954036712646484], [-57.470489501953125, 2.8104798793792725, -55.37845230102539, 2.4711999893188477, 8.622796058654785, 19.27420997619629, -5.485402584075928, 29.561298370361328, 28.21265411376953, 8.315364837646484, 15.786277770996094, 38.954036712646484, 77.98953247070312]], "lowlevel.mfcc.icov": [[0.0003847975458484143, 0.0004918070626445115, 0.0005716060986742377, 0.00032816309249028563, 0.0004787867655977607, 0.0002455463109072298, 0.00025528157129883766, -1.9933751900680363e-05, -7.1985850809142e-05, -0.00010637375817168504, 0.00015596453158650547, 0.0001757478603394702, 0.0004912409349344671], [0.0004918070626445115, 0.001072357059456408, 0.0007153114420361817, 0.0007196383667178452, 0.0004678401455748826, 0.0007431299309246242, 0.00036775023909285665, 0.0005590262589976192, -0.00043698775698430836, 0.000548644398804754, -0.0006911492673680186, 0.00028075018781237304, 0.00048673374112695456], [0.0005716060986742377, 0.0007153114420361817, 0.0016538251657038927, 0.0006349279428832233, 0.00029358576284721494, 0.00021064358588773757, 0.0011056035291403532, 0.00016342812159564346, 0.0016434460412710905, -0.000689481443259865, 9.448235505260527e-05, -0.0006722903926856816, 0.0012766275322064757], [0.00032816309249028563, 0.0007196383667178452, 0.0006349279428832233, 0.003208184614777565, -7.2206739787361585e-06, 0.000761613657232374, 0.0006082070176489651, 2.8393538741511293e-05, -0.00018653389997780323, 0.0013071235734969378, -0.00012162829079898074, -0.00046745932195335627, 0.0005958874826319516], [0.0004787867655977607, 0.0004678401455748826, 0.00029358576284721494, -7.2206739787361585e-06, 0.004708914551883936, 0.0003360050031915307, -4.092960080015473e-05, -0.0006740976241417229, -0.0004013802099507302, 0.00044287886703386903, 0.001571604865603149, -0.0002957287651952356, 0.00012118559243390337], [0.0002455463109072298, 0.0007431299309246242, 0.00021064358588773757, 0.000761613657232374, 0.0003360050031915307, 0.004144500941038132, -8.248032099800184e-05, -0.000301484513329342, -0.0010078140767291188, -4.704348975792527e-05, -0.000907759356778115, 0.0014966544695198536, -0.0008675474091432989], [0.00025528157129883766, 0.00036775023909285665, 0.0011056035291403532, 0.0006082070176489651, -4.092960080015473e-05, -8.248032099800184e-05, 0.004565884359180927, 0.0010004399809986353, -8.720326150069013e-05, -0.00024659372866153717, -0.0009256555349566042, -0.000900390325114131, 0.00160242710262537], [-1.9933751900680363e-05, 0.0005590262589976192, 0.00016342812159564346, 2.8393538741511293e-05, -0.0006740976241417229, -0.000301484513329342, 0.0010004399809986353, 0.0075644394382834435, -0.0006810048944316804, 0.00016498366312589496, -0.002238311106339097, -0.0017689267406240106, -0.0010021519847214222], [-7.1985850809142e-05, -0.00043698775698430836, 0.0016434460412710905, -0.00018653389997780323, -0.0004013802099507302, -0.0010078140767291188, -8.720326150069013e-05, -0.0006810048944316804, 0.010110579431056976, -0.002379693789407611, -6.139239303593058e-06, -0.0022342754527926445, -0.0006055284175090492], [-0.00010637375817168504, 0.000548644398804754, -0.000689481443259865, 0.0013071235734969378, 0.00044287886703386903, -4.704348975792527e-05, -0.00024659372866153717, 0.00016498366312589496, -0.002379693789407611, 0.01261911727488041, -0.0032123515848070383, 0.0002618537691887468, -0.0007115580374374986], [0.00015596453158650547, -0.0006911492673680186, 9.448235505260527e-05, -0.00012162829079898074, 0.001571604865603149, -0.000907759356778115, -0.0009256555349566042, -0.002238311106339097, -6.139239303593058e-06, -0.0032123515848070383, 0.015658903867006302, -0.004641043022274971, 0.0005378903006203473], [0.0001757478603394702, 0.00028075018781237304, -0.0006722903926856816, -0.00046745932195335627, -0.0002957287651952356, 0.0014966544695198536, -0.000900390325114131, -0.0017689267406240106, -0.0022342754527926445, 0.0002618537691887468, -0.004641043022274971, 0.013917041942477226, -0.005304695572704077], [0.0004912409349344671, 0.00048673374112695456, 0.0012766275322064757, 0.0005958874826319516, 0.00012118559243390337, -0.0008675474091432989, 0.00160242710262537, -0.0010021519847214222, -0.0006055284175090492, -0.0007115580374374986, 0.0005378903006203473, -0.005304695572704077, 0.017583496868610382]], "metadata.audio_properties.analysis.downmix": "mix", "metadata.audio_properties.codec": "mp3", "metadata.audio_propert