{"song_id": "1183686442258542612", "download": "https://cdn.discordapp.com/attachments/1135911532732108921/1183686442258542612/chirp.mp4?ex=65893ce7&amp", "lyrics": "\u0421\u0442\u0440\u0430\u0431\u0430\u0441\u043a\u043e\u043f \u043c\u0435\u0440\u0446\u0430\u0435\u0442\n\u0412 \u043e\u043f\u0443\u0441\u0442\u0435\u0432\u0448\u0435\u043c \u0437\u0430\u043b\u0435. \n\u041c\u044b \u0441 \u0442\u043e\u0431\u043e\u0439 \u043e\u0434\u043d\u0438, \n\u0432\u0441\u0435 \u0432 \u0441\u0442\u0440\u0430\u0445\u0435 \u0443\u0431\u0435\u0436\u0430\u043b\u0438. \n\u0417\u0430\u043a\u0440\u0443\u0436\u0438\u043b\u0430\u0441\u044c \u0432 \u0442\u0430\u043d\u0446\u0435\n\u0423 \u0442\u0435\u0431\u044f \u043d\u0435\u0442 \u0448\u0430\u043d\u0441\u043e\u0432, \n\u0415\u0441\u043b\u0438 \u0442\u044b \u0440\u0435\u0448\u0438\u043b\u0430\n\u0421 \u0434\u044c\u044f\u0432\u043e\u043b\u043e\u043c \u0442\u044f\u0433\u0430\u0442\u044c\u0441\u044f... \n[Chorus]\n\u0422\u0435\u0447\u0435\u0442 \u0441\u043b\u044e\u043d\u0430 \u0438\u0437 \u043f\u0440\u0438\u043e\u0442\u043a\u0440\u044b\u0442\u043e\u0439 \u043f\u0430\u0441\u0442\u0438, \n\u041d\u043e \u044f \u043d\u0435 \u0441\u0442\u0430\u043d\u0443 \u0440\u0432\u0430\u0442\u044c \u0442\u0435 \u0431\u044f \u043d\u0430 \u0447\u0430\u0430\u0441\u0442\u0438.\n\u043f\u0440\u043e\u0441\u0442\u043e \u0437\u0430\u0447\u0430\u0440\u043e\u0432\u0430\u043d \u043c\u0443\u0437\u044b\u043a\u043e\u0439 \u0438 \u0442\u0435\u043b\u043e\u043c... \n\u043c\u043e\u044f \u0441\u043b\u0435\u043f\u0430\u044f \u0434\u0438\u0441\u043a\u043e... \u043a\u0430! \u0440\u0430! \u043b\u0435\u0432\u0430!\n\u041c\u043e\u044f... \u0441\u043b\u0435\u043f\u0430\u044f \u0434\u0438\u0441\u043a\u043e \u043a\u043e\u0440\u043e\u043b\u0435\u0432\u0430!", "style": ["hardcore"], "essentia_features": {"lowlevel.average_loudness": 0.9262279868125916, "lowlevel.barkbands_crest.mean": 11.365357398986816, "lowlevel.barkbands_crest.stdev": 4.77315092086792, "lowlevel.barkbands_flatness_db.mean": 0.14071990549564362, "lowlevel.barkbands_flatness_db.stdev": 0.05462773144245148, "lowlevel.barkbands_kurtosis.mean": 7.774111270904541, "lowlevel.barkbands_kurtosis.stdev": 59.8873176574707, "lowlevel.barkbands_skewness.mean": 1.4089202880859375, "lowlevel.barkbands_skewness.stdev": 2.000710964202881, "lowlevel.barkbands_spread.mean": 25.535062789916992, "lowlevel.barkbands_spread.stdev": 18.105892181396484, "lowlevel.dissonance.mean": 0.47431933879852295, "lowlevel.dissonance.stdev": 0.024044882506132126, "lowlevel.dynamic_complexity": 3.0585215091705322, "lowlevel.erbbands_crest.mean": 10.86926555633545, "lowlevel.erbbands_crest.stdev": 4.624621868133545, "lowlevel.erbbands_flatness_db.mean": 0.16070184111595154, "lowlevel.erbbands_flatness_db.stdev": 0.05096091702580452, "lowlevel.erbbands_kurtosis.mean": 1.8888310194015503, "lowlevel.erbbands_kurtosis.stdev": 3.4286253452301025, "lowlevel.erbbands_skewness.mean": 0.3352404534816742, "lowlevel.erbbands_skewness.stdev": 0.7759724259376526, "lowlevel.erbbands_spread.mean": 34.846378326416016, "lowlevel.erbbands_spread.stdev": 22.972000122070312, "lowlevel.hfc.mean": 30.232158660888672, "lowlevel.hfc.stdev": 23.02623748779297, "lowlevel.loudness_ebu128.integrated": -12.671001434326172, "lowlevel.loudness_ebu128.loudness_range": 3.825611114501953, "lowlevel.loudness_ebu128.momentary.mean": -13.371219635009766, "lowlevel.loudness_ebu128.momentary.stdev": 2.7628941535949707, "lowlevel.loudness_ebu128.short_term.mean": -12.842894554138184, "lowlevel.loudness_ebu128.short_term.stdev": 1.5239062309265137, "lowlevel.melbands_crest.mean": 15.698477745056152, "lowlevel.melbands_crest.stdev": 5.759583950042725, "lowlevel.melbands_flatness_db.mean": 0.2043580859899521, "lowlevel.melbands_flatness_db.stdev": 0.06730523705482483, "lowlevel.melbands_kurtosis.mean": 19.504966735839844, "lowlevel.melbands_kurtosis.stdev": 69.39395904541016, "lowlevel.melbands_skewness.mean": 2.6404855251312256, "lowlevel.melbands_skewness.stdev": 2.5333874225616455, "lowlevel.melbands_spread.mean": 25.49403953552246, "lowlevel.melbands_spread.stdev": 15.967204093933105, "lowlevel.pitch_salience.mean": 0.5172648429870605, "lowlevel.pitch_salience.stdev": 0.13022297620773315, "lowlevel.silence_rate_20dB.mean": 1.0, "lowlevel.silence_rate_20dB.stdev": 0.0, "lowlevel.silence_rate_30dB.mean": 0.9631019234657288, "lowlevel.silence_rate_30dB.stdev": 0.18851187825202942, "lowlevel.silence_rate_60dB.mean": 0.02188868075609207, "lowlevel.silence_rate_60dB.stdev": 0.1463189572095871, "lowlevel.spectral_centroid.mean": 1366.776611328125, "lowlevel.spectral_centroid.stdev": 644.6001586914062, "lowlevel.spectral_complexity.mean": 18.323328018188477, "lowlevel.spectral_complexity.stdev": 8.509860038757324, "lowlevel.spectral_decrease.mean": -9.971367731509417e-09, "lowlevel.spectral_decrease.stdev": 8.027181586101051e-09, "lowlevel.spectral_energy.mean": 0.04037640616297722, "lowlevel.spectral_energy.stdev": 0.031206240877509117, "lowlevel.spectral_energyband_high.mean": 0.0011848503490909934, "lowlevel.spectral_energyband_high.stdev": 0.001730245305225253, "lowlevel.spectral_energyband_low.mean": 0.017873821780085564, "lowlevel.spectral_energyband_low.stdev": 0.025678960606455803, "lowlevel.spectral_energyband_middle_high.mean": 0.011075173504650593, "lowlevel.spectral_energyband_middle_high.stdev": 0.011723983101546764, "lowlevel.spectral_energyband_middle_low.mean": 0.01085947547107935, "lowlevel.spectral_energyband_middle_low.stdev": 0.013702846132218838, "lowlevel.spectral_entropy.mean": 7.7832536697387695, "lowlevel.spectral_entropy.stdev": 0.386504590511322, "lowlevel.spectral_flux.mean": 0.10926669090986252, "lowlevel.spectral_flux.stdev": 0.05932622402906418, "lowlevel.spectral_kurtosis.mean": 3.5698235034942627, "lowlevel.spectral_kurtosis.stdev": 2.475092649459839, "lowlevel.spectral_rms.mean": 0.00580222113057971, "lowlevel.spectral_rms.stdev": 0.00239285989664495, "lowlevel.spectral_rolloff.mean": 1739.9893798828125, "lowlevel.spectral_rolloff.stdev": 2232.05224609375, "lowlevel.spectral_skewness.mean": 1.4975759983062744, "lowlevel.spectral_skewness.stdev": 0.423140287399292, "lowlevel.spectral_spread.mean": 5340800.5, "lowlevel.spectral_spread.stdev": 2349839.5, "lowlevel.spectral_strongpeak.mean": 1.1722079515457153, "lowlevel.spectral_strongpeak.stdev": 1.5651575326919556, "lowlevel.zerocrossingrate.mean": 0.0686977207660675, "lowlevel.zerocrossingrate.stdev": 0.0557139627635479, "metadata.audio_properties.analysis.equal_loudness": 0.0, "metadata.audio_properties.analysis.length": 37.098663330078125, "metadata.audio_properties.analysis.sample_rate": 44100.0, "metadata.audio_properties.analysis.start_time": 0.0, "metadata.audio_properties.bit_rate": 122069.0, "metadata.audio_properties.length": 37.09866714477539, "metadata.audio_properties.lossless": 0.0, "metadata.audio_properties.number_channels": 1.0, "metadata.audio_properties.replay_gain": -13.154413223266602, "metadata.audio_properties.sample_rate": 48000.0, "rhythm.beats_count": 56.0, "rhythm.beats_loudness.mean": 0.051089368760585785, "rhythm.beats_loudness.stdev": 0.036475770175457, "rhythm.bpm": 92.51976013183594, "rhythm.bpm_histogram_first_peak_bpm": 92.0, "rhythm.bpm_histogram_first_peak_weight": 0.41818177700042725, "rhythm.bpm_histogram_second_peak_bpm": 0.0, "rhythm.bpm_histogram_second_peak_spread": 0.0, "rhythm.bpm_histogram_second_peak_weight": 0.0, "rhythm.danceability": 1.1960464715957642, "rhythm.onset_rate": 4.095148086547852, "tonal.chords_changes_rate": 0.08124999701976776, "tonal.chords_number_rate": 0.013749999925494194, "tonal.chords_strength.mean": 0.5377302765846252, "tonal.chords_strength.stdev": 0.12911458313465118, "tonal.hpcp_crest.mean": 12.083161354064941, "tonal.hpcp_crest.stdev": 5.482306003570557, "tonal.hpcp_entropy.mean": 2.1936888694763184, "tonal.hpcp_entropy.stdev": 0.7081642746925354, "tonal.key_edma.strength": 0.7436684370040894, "tonal.key_krumhansl.strength": 0.7223959565162659, "tonal.key_temperley.strength": 0.7190691232681274, "tonal.tuning_diatonic_strength": 0.6053385734558105, "tonal.tuning_equal_tempered_deviation": 0.12527188658714294, "tonal.tuning_frequency": 438.2245178222656, "tonal.tuning_nontempered_energy_ratio": 0.8364330530166626, "lowlevel.barkbands.mean": [0.0006549168028868735, 0.013357681222259998, 0.0033180187456309795, 0.0015445372555404902, 0.0032473343890160322, 0.0027543208561837673, 0.00033807448926381767, 0.0007769479998387396, 0.0020470041781663895, 0.0008535214583389461, 0.002144871512427926, 0.0024306352715939283, 0.002767205238342285, 0.0012687373673543334, 0.0005716824089176953, 0.0002825045376084745, 0.00039116793777793646, 0.00024926717742346227, 0.0001388151285937056, 0.00013762019807472825, 0.00020480646344367415, 0.0001720416621537879, 0.00017732575361151248, 0.00016255646187346429, 0.00021468974591698498, 0.00016019529721233994, 9.923032848746516e-06], "lowlevel.barkbands.stdev": [0.001307532424107194, 0.02287825383245945, 0.005225541535764933, 0.002152665751054883, 0.008350161835551262, 0.007726375013589859, 0.00132849276997149, 0.0028438488952815533, 0.005268700420856476, 0.002444021636620164, 0.004452270921319723, 0.003976976033300161, 0.005175941623747349, 0.002849527867510915, 0.0015721519012004137, 0.0008442976977676153, 0.0005918442038819194, 0.0003245455154683441, 0.00015384462312795222, 0.0001612464402569458, 0.00023814270389266312, 0.00023388116096612066, 0.00027873608632944524, 0.00031366277835331857, 0.0005526332533918321, 0.0004842106136493385, 3.450049553066492e-05], "lowlevel.erbbands.mean": [0.4192555546760559, 2.8266196250915527, 4.382145404815674, 4.447281837463379, 8.33620548248291, 11.034567832946777, 16.47466468811035, 22.87993621826172, 8.013128280639648, 6.646188735961914, 25.970069885253906, 50.8043098449707, 22.485313415527344, 59.1330451965332, 89.95178985595703, 99.3670654296875, 119.07608032226562, 84.7777099609375, 44.372257232666016, 21.166913986206055, 16.967073440551758, 22.977487564086914, 15.500104904174805, 8.831454277038574, 6.237550735473633, 6.36738920211792, 8.630632400512695, 7.2746992111206055, 6.188111305236816, 5.9313554763793945, 4.7724833488464355, 3.284841775894165, 2.861358404159546, 2.417336940765381, 1.4938963651657104, 0.773511528968811, 0.2844789922237396, 0.0445331446826458, 0.0012306913267821074, 8.20841160020791e-05], "lowlevel.erbbands.stdev": [0.883396565914154, 4.551661491394043, 6.737817287445068, 5.418563365936279, 23.788108825683594, 27.095666885375977, 46.16922378540039, 70.6978988647461, 31.54659080505371, 20.553558349609375, 74.54370880126953, 140.3795928955078, 60.79045486450195, 138.08322143554688, 182.9613494873047, 161.9286346435547, 194.3583221435547, 165.82106018066406, 109.63796997070312, 67.16854095458984, 39.12421798706055, 34.01836013793945, 20.524816513061523, 9.054107666015625, 7.200605869293213, 7.415782451629639, 10.222285270690918, 8.76430606842041, 8.155354499816895, 9.365754127502441, 7.4850592613220215, 5.632695198059082, 6.146590709686279, 6.029010772705078, 4.0942535400390625, 2.2969717979431152, 0.882543683052063, 0.14350587129592896, 0.003903377102687955, 0.00010609122546156868], "lowlevel.gfcc.mean": [13.967888832092285, 72.52730560302734, -115.69719696044922, 32.48833084106445, -47.29108428955078, 42.16820526123047, -28.333866119384766, 3.1385488510131836, -32.92693328857422, 4.713573455810547, -9.171241760253906, 8.120865821838379, -12.206624031066895], "lowlevel.melbands.mean": [0.0037664552219212055, 0.002716389251872897, 0.0008879238739609718, 0.0007336784619837999, 0.0005454191705211997, 0.0005034827045165002, 0.00011061653640354052, 8.651929238112643e-05, 0.0002456867368891835, 0.00031025265343487263, 9.891801892081276e-05, 0.0002213229308836162, 0.000290254334686324, 0.00025593454483896494, 0.0002970222267322242, 0.00025625465787015855, 0.00014147756155580282, 7.602694677188993e-05, 3.887926141032949e-05, 2.0053763364558108e-05, 1.8989423551829532e-05, 2.3621474610990845e-05, 2.0234725525369868e-05, 9.709418918646406e-06, 6.9086836447240785e-06, 4.804807304026326e-06, 3.96345922126784e-06, 4.275704668543767e-06, 5.3110902626940515e-06, 5.288476586429169e-06, 3.870546152029419e-06, 3.5203258903493406e-06, 3.246395408496028e-06, 3.3612968763918616e-06, 2.8487677354860352e-06, 2.265777993670781e-06, 1.928747451529489e-06, 2.0371076061564963e-06, 1.9299066025268985e-06, 2.071905100820004e-06], "lowlevel.melbands.stdev": [0.0069684251211583614, 0.0037921869661659002, 0.0011867826106026769, 0.00200193515047431, 0.0013890645932406187, 0.0015062869060784578, 0.00043671519961208105, 0.0003215622855350375, 0.0006699652876704931, 0.0008588224300183356, 0.00030243786750361323, 0.0005447361618280411, 0.0005840451922267675, 0.00044701172737404704, 0.0005910474574193358, 0.0004958785139024258, 0.00030751925078220665, 0.00021537014981731772, 0.00012099452578695491, 7.270782953128219e-05, 4.4607619201997295e-05, 3.745326466741972e-05, 2.9602417271235026e-05, 1.143088775279466e-05, 7.519639439124148e-06, 5.840249741595471e-06, 4.72559349873336e-06, 5.229176622378873e-06, 6.68718030283344e-06, 6.375231805577641e-06, 5.011199391447008e-06, 4.668972906074487e-06, 5.098825567984022e-06, 5.540853180718841e-06, 4.555319719656836e-06, 3.6838875985267805e-06, 3.501683977447101e-06, 4.430714398040436e-06, 4.543017439573305e-06, 5.353732376534026e-06], "lowlevel.melbands128.mean": [0.00045176726416684687, 0.003158159554004669, 0.0054998015984892845, 0.004371935501694679, 0.0026569950859993696, 0.0014359551714733243, 0.0008440107922069728, 0.0007872533169575036, 0.0008250915561802685, 0.0008776921313256025, 0.0005739763146266341, 0.0004062106891069561, 0.0005517160752788186, 0.0006850902573205531, 0.0006107981316745281, 0.0003813189105130732, 0.00014831250882707536, 6.296443461906165e-05, 5.301615965436213e-05, 5.168589996173978e-05, 0.0001052432126016356, 0.00018386375450063497, 0.0002365226682741195, 0.00034074188442900777, 0.0004050107963848859, 0.00029434546013362706, 0.00010392846161266789, 7.414461288135499e-05, 8.325232920469716e-05, 0.0001546043058624491, 0.0003025192709174007, 0.0003027987258974463, 0.00024171506811399013, 0.00034518857137300074, 0.0002780031936708838, 0.0002074481890304014, 0.00023320355103351176, 0.000392323563573882, 0.0002501710259821266, 0.00023285840870812535, 0.00030143672483973205, 0.00022508676920551807, 0.00013314436364453286, 0.00010542505333432928, 9.414130909135565e-05, 7.386435754597187e-05, 5.081474591861479e-05, 4.488983176997863e-05, 3.267156353103928e-05, 1.9544597307685763e-05, 1.8395809092908166e-05, 1.8728031136561185e-05, 2.224822310381569e-05, 1.66146728588501e-05, 1.769501068338286e-05, 2.629227856232319e-05, 2.7202751880395226e-05, 2.2091568098403513e-05, 1.970585435628891e-05, 1.2527910257631447e-05, 8.310317753057461e-06, 8.005161362234503e-06, 8.262585652119014e-06, 6.2730637182539795e-06, 5.375272394303465e-06, 4.81194501844584e-06, 4.489327693590894e-06, 4.1027137740456965e-06, 3.7589088606182486e-06, 3.947983714169823e-06, 3.76576576854859e-06, 4.6803247641946655e-06, 5.400066129368497e-06, 5.321424396242946e-06, 5.213014901528368e-06, 6.282967660808936e-06, 4.769140559801599e-06, 3.948661742469994e-06, 3.87418867831002e-06, 3.5943139664595947e-06, 3.6774445106857456e-06, 3.426888497415348e-06, 3.292444489488844e-06, 3.2399889278167393e-06, 3.1473389299208065e-06, 3.3808396437962074e-06, 3.5005386962438934e-06, 3.2464681680721696e-06, 2.7587623208091827e-06, 2.622661668283399e-06, 2.511147158656968e-06, 2.175572262785863e-06, 1.8525296354710008e-06, 1.763417913025478e-06, 2.0799577669095015e-06, 2.2044937395548914e-06, 1.96305427380139e-06, 1.8949981495097745e-06, 1.8864666344597936e-06, 1.8721945025390596e-06, 2.2904853267391445e-06, 2.042108008026844e-06, 1.985521748792962e-06, 1.871643803497136e-06, 1.5963344139890978e-06, 1.5347117141573108e-06, 1.6765565078458167e-06, 1.409082074133039e-06, 1.272962435905356e-06, 1.3178134850022616e-06, 1.1929317906833603e-06, 8.990773494588211e-07, 9.741335134094697e-07, 8.269693125839694e-07, 5.328216161615273e-07, 4.3618089762276213e-07, 2.9543451773861307e-07, 1.514963514637202e-07, 1.1559774470981665e-08, 2.980804145180649e-11, 2.776567517570605e-11, 1.4826171540471833e-11, 6.314757310804664e-12, 6.162706196050083e-12, 5.92389809081495e-12, 5.6054249783499266e-12, 5.423480674976444e-12, 5.371358739736376e-12], "lowlevel.melbands128.stdev": [0.001155578182078898, 0.007576746866106987, 0.010397884994745255, 0.007078195456415415, 0.004379243589937687, 0.002135265152901411, 0.0012067563366144896, 0.0012200713390484452, 0.00288110738620162, 0.0030234395526349545, 0.0015649907290935516, 0.0014189688954502344, 0.0018784512067213655, 0.0024223618675023317, 0.002159565221518278, 0.0016543867532163858, 0.0008398295030929148, 0.00030481035355478525, 0.00020630296785384417, 0.00019660974794533104, 0.0005710654659196734, 0.0008800395880825818, 0.0008408536668866873, 0.0011924277059733868, 0.001398931723088026, 0.0010348960058763623, 0.00041892690933309495, 0.0004324763431213796, 0.00032802275381982327, 0.0005412858445197344, 0.0008971941424533725, 0.0008615847327746451, 0.0006414340459741652, 0.0010688772890716791, 0.0005865409038960934, 0.0005739536718465388, 0.0005530096823349595, 0.0009578755707480013, 0.0007007725653238595, 0.0005607069469988346, 0.0007967707351781428, 0.0007023327052593231, 0.00041904192767105997, 0.00032711782841943204, 0.00035946411662735045, 0.00032093244954012334, 0.00017895626660902053, 0.00016261798737104982, 0.0001770097151165828, 9.874391980702057e-05, 9.748056618263945e-05, 6.550958642037585e-05, 8.221069583669305e-05, 3.974315768573433e-05, 3.974056744482368e-05, 5.372794475988485e-05, 5.5082287872210145e-05, 4.1395829612156376e-05, 3.768701935769059e-05, 2.0933082851115614e-05, 1.1321570127620362e-05, 9.932194188877475e-06, 1.109399181586923e-05, 8.373356649826746e-06, 7.179393378464738e-06, 6.953666343179066e-06, 6.0446200222941115e-06, 5.97758662479464e-06, 4.9779159780882765e-06, 5.732589215767803e-06, 5.214543762122048e-06, 6.433065209421329e-06, 8.0977033576346e-06, 8.018602784432005e-06, 6.819684585934738e-06, 8.35249556985218e-06, 6.6953880377695896e-06, 5.616425369225908e-06, 5.853180937265279e-06, 5.685866199200973e-06, 5.410792255133856e-06, 5.058038823335664e-06, 5.2439768296608236e-06, 5.9126609812665265e-06, 5.4864990488567855e-06, 6.07464971835725e-06, 6.293155365710845e-06, 5.8287655519961845e-06, 4.77382445751573e-06, 4.530429123406066e-06, 4.686875399784185e-06, 3.599329147618846e-06, 3.4896647775894962e-06, 3.528630259097554e-06, 4.124061433685711e-06, 5.0357525651634205e-06, 4.7801290747884195e-06, 4.564940809359541e-06, 4.5402425712381955e-06, 4.828595137951197e-06, 6.374727945512859e-06, 5.7793399719230365e-06, 5.563671493291622e-06, 5.578976015385706e-06, 4.712418558483478e-06, 4.656070814235136e-06, 5.5695295486657415e-06, 4.506503501033876e-06, 3.931026185455266e-06, 4.283222097001271e-06, 3.861364348267671e-06, 3.0650066946691368e-06, 3.2575051136518596e-06, 2.8644601570704253e-06, 1.7808689563025837e-06, 1.6357295180569054e-06, 1.0171359008381842e-06, 7.008233069427661e-07, 7.549373748361177e-08, 7.93925647446514e-10, 8.223596803524913e-10, 3.3002262034287355e-10, 1.6419289539104653e-11, 1.581046404908193e-11, 1.3335569627737076e-11, 1.0171903250255632e-11, 9.172712936433847e-12, 9.044774477995343e-12], "lowlevel.mfcc.mean": [-628.2525024414062, 103.0672378540039, -0.6636500954627991, 7.843808650970459, 8.077271461486816, 28.99519157409668, 18.580537796020508, 10.366025924682617, -5.299101829528809, -7.183707237243652, 2.212308406829834, 7.630850315093994, -0.5641002058982849], "lowlevel.spectral_contrast_coeffs.mean": [-0.7076516151428223, -0.7730017900466919, -0.7529016137123108, -0.7769079804420471, -0.815385103225708, -0.7581170201301575], "lowlevel.spectral_contrast_coeffs.stdev": [0.0811399519443512, 0.09264610707759857, 0.06638064980506897, 0.054693590849637985, 0.033658694475889206, 0.03396264463663101], "lowlevel.spectral_contrast_valleys.mean": [-6.765625476837158, -7.117035388946533, -6.933106422424316, -7.286720275878906, -7.364729404449463, -9.86243724822998], "lowlevel.spectral_contrast_valleys.stdev": [1.1864380836486816, 0.8918959498405457, 0.9202411770820618, 0.8826155662536621, 0.8252412676811218, 1.098071575164795], "rhythm.beats_loudness_band_ratio.mean": [0.4290487468242645, 0.1329682469367981, 0.11426626890897751, 0.2430504858493805, 0.07705532014369965, 0.04205390810966492], "rhythm.beats_loudness_band_ratio.stdev": [0.29681116342544556, 0.15347054600715637, 0.14559756219387054, 0.1880919486284256, 0.09216689318418503, 0.04442029446363449], "tonal.hpcp.mean": [0.10930965095758438, 0.11028981953859329, 0.18339118361473083, 0.28796055912971497, 0.2179432511329651, 0.08599842339754105, 0.05584617704153061, 0.05458865314722061, 0.07574322819709778, 0.098908931016922, 0.08838344365358353, 0.07828811556100845, 0.09833595901727676, 0.10722169280052185, 0.13185060024261475, 0.21167229115962982, 0.18541470170021057, 0.12337623536586761, 0.1546255201101303, 0.14645396173000336, 0.1104770377278328, 0.1071259006857872, 0.1105324849486351, 0.16309112310409546, 0.2234368771314621, 0.17472930252552032, 0.12549293041229248, 0.1192803680896759, 0.09218399971723557, 0.069902203977108, 0.06468340754508972, 0.0601663812994957, 0.06502178311347961, 0.08027225732803345, 0.08043409138917923, 0.09378021210432053], "tonal.hpcp.stdev": [0.21340273320674896, 0.20236267149448395, 0.2808311879634857, 0.3748820722103119, 0.31322962045669556, 0.16403184831142426, 0.1410045474767685, 0.1434989869594574, 0.17186985909938812, 0.19987545907497406, 0.17724774777889252, 0.1586134284734726, 0.18449652194976807, 0.20539571344852448, 0.22860151529312134, 0.3372499942779541, 0.3000955283641815, 0.21590757369995117, 0.25392287969589233, 0.23496459424495697, 0.2047981470823288, 0.20596686005592346, 0.21484531462192535, 0.2445155829191208, 0.2967803180217743, 0.23207885026931763, 0.23617376387119293, 0.24113096296787262, 0.20550596714019775, 0.1717703938484192, 0.15811040997505188, 0.15533800423145294, 0.16440458595752716, 0.20113076269626617, 0.1906420886516571, 0.20539869368076324], "rhythm.beats_position": [0.6617686748504639, 1.3235373497009277, 1.9736961126327515, 2.635464906692505, 3.320453405380249, 3.9938321113586426, 4.643990993499756, 5.294149398803711, 5.944308280944824, 6.5944671630859375, 7.244625568389893, 7.883174419403076, 8.521722793579102, 9.171881675720215, 9.822040557861328, 10.460589408874512, 11.099138259887695, 11.749297142028809, 12.387845993041992, 13.038003921508789, 13.688162803649902, 14.326711654663086, 14.9768705368042, 15.627029418945312, 16.27718734741211, 16.91573715209961, 17.554285049438477, 18.192834854125977, 18.831382751464844, 19.458322525024414, 20.09687042236328, 20.73541831970215, 21.385578155517578, 22.035736083984375, 22.709115982055664, 23.34766387939453, 23.9862117767334, 24.659591674804688, 25.309749603271484, 25.959909439086914, 26.59845733642578, 27.23700714111328, 27.898775100708008, 28.548933029174805, 29.199092864990234, 29.84925079345703, 30.49941062927246, 31.137958526611328, 31.788116455078125, 32.43827438354492, 33.088436126708984, 33.75020217895508, 34.38875198364258, 35.038909912109375, 35.68906784057617, 36.339229583740234], "rhythm.bpm_histogram": [0.0, 0.0, 0.0, 0.0, 0.0, 0.0, 0.0, 0.0, 0.0, 0.0, 0.0, 0.0, 0.0, 0.0, 0.0, 0.0, 0.0, 0.0, 0.0, 0.0, 0.0, 0.0, 0.0, 0.0, 0.0, 0.0, 0.0, 0.0, 0.0, 0.0, 0.0, 0.0, 0.0, 0.0, 0.0, 0.0, 0.0, 0.0, 0.0, 0.0, 0.0, 0.0, 0.0, 0.0, 0.0, 0.0, 0.0, 0.0, 0.0, 0.0, 0.0, 0.0, 0.0, 0.0, 0.0, 0.0, 0.0, 0.0, 0.0, 0.0, 0.0, 0.0, 0.0, 0.0, 0.0, 0.0, 0.0, 0.0, 0.0, 0.0, 0.0, 0.0, 0.0, 0.0, 0.0, 0.0, 0.0, 0.0, 0.0, 0.0, 0.0, 0.0, 0.0, 0.0, 0.0, 0.0, 0.0, 0.0, 0.0181818176060915, 0.05454545468091965, 0.0, 0.072727270424366, 0.5090909004211426, 0.0, 0.3272727131843567, 0.0, 0.0181818176060915, 0.0, 0.0, 0.0, 0.0, 0.0, 0.0, 0.0, 0.0, 0.0, 0.0, 0.0, 0.0, 0.0, 0.0, 0.0, 0.0, 0.0, 0.0, 0.0, 0.0, 0.0, 0.0, 0.0, 0.0, 0.0, 0.0, 0.0, 0.0, 0.0, 0.0, 0.0, 0.0, 0.0, 0.0, 0.0, 0.0, 0.0, 0.0, 0.0, 0.0, 0.0, 0.0, 0.0, 0.0, 0.0, 0.0, 0.0, 0.0, 0.0, 0.0, 0.0, 0.0, 0.0, 0.0, 0.0, 0.0, 0.0, 0.0, 0.0, 0.0, 0.0, 0.0, 0.0, 0.0, 0.0, 0.0, 0.0, 0.0, 0.0, 0.0, 0.0, 0.0, 0.0, 0.0, 0.0, 0.0, 0.0, 0.0, 0.0, 0.0, 0.0, 0.0, 0.0, 0.0, 0.0, 0.0, 0.0, 0.0, 0.0, 0.0, 0.0, 0.0, 0.0, 0.0, 0.0, 0.0, 0.0, 0.0, 0.0, 0.0, 0.0, 0.0, 0.0, 0.0, 0.0, 0.0, 0.0, 0.0, 0.0, 0.0, 0.0, 0.0, 0.0, 0.0, 0.0, 0.0, 0.0, 0.0, 0.0, 0.0, 0.0, 0.0, 0.0, 0.0, 0.0, 0.0, 0.0, 0.0, 0.0, 0.0, 0.0, 0.0, 0.0, 0.0, 0.0, 0.0, 0.0, 0.0, 0.0, 0.0, 0.0, 0.0, 0.0, 0.0, 0.0, 0.0, 0.0, 0.0, 0.0, 0.0, 0.0, 0.0, 0.0], "tonal.chords_histogram": [54.125, 2.5, 5.125, 0.625, 0.0, 0.0, 0.0, 0.25, 0.0, 0.0, 1.25, 0.0, 0.0, 0.0, 3.5, 13.625, 0.0, 7.5, 3.25, 3.875, 0.625, 2.25, 1.5, 0.0], "tonal.thpcp": [1.0, 0.756851077079773, 0.2986465394496918, 0.19393689930438995, 0.189569890499115, 0.26303333044052124, 0.34348082542419434, 0.30692899227142334, 0.2718709707260132, 0.34149107336997986, 0.3723485469818115, 0.4578772783279419, 0.7350739240646362, 0.6438892483711243, 0.4284483790397644, 0.5369676947593689, 0.5085903406143188, 0.3836533725261688, 0.37201589345932007, 0.3838459253311157, 0.5663661956787109, 0.7759287357330322, 0.606782078742981, 0.4357990324497223, 0.41422468423843384, 0.3201271593570709, 0.24274922907352448, 0.22462593019008636, 0.20893965661525726, 0.2258010059595108, 0.2787612974643707, 0.2793232798576355, 0.3256703317165375, 0.379599392414093, 0.38300320506095886, 0.6368621587753296], "lowlevel.gfcc.cov": [[6349.89111328125, -469.27593994140625, 416.2254638671875, -270.9486999511719, 156.29270935058594, 314.738525390625, -150.09616088867188, 440.0010070800781, 72.31842041015625, 199.12942504882812, -307.80108642578125, 244.85870361328125, -104.21798706054688], [-469.27593994140625, 1898.7515869140625, -141.85609436035156, 300.13726806640625, 275.0436096191406, -17.220169067382812, 284.17242431640625, -101.95177459716797, 235.67015075683594, -240.19451904296875, 104.96896362304688, -256.029541015625, 68.95503997802734], [416.2254638671875, -141.85609436035156, 1103.35595703125, 298.8203125, 309.03094482421875, 139.76173400878906, 27.596542358398438, 59.84629821777344, -80.05171203613281, 44.488582611083984, -70.57524108886719, 68.05691528320312, -64.74691009521484], [-270.9486999511719, 300.13726806640625, 298.8203125, 553.9075317382812, 204.16424560546875, 118.14936828613281, 113.7000961303711, -76.6248550415039, -10.205355644226074, -55.085716247558594, 40.53728103637695, -75.49322509765625, 25.97411346435547], [156.29270935058594, 275.0436096191406, 309.03094482421875, 204.16424560546875, 367.4030456542969, 186.901611328125, 146.16268920898438, 62.94369888305664, 66.44482421875, -23.482648849487305, -26.117984771728516, -47.84941101074219, -14.723941802978516], [314.738525390625, -17.220169067382812, 139.76173400878906, 118.14936828613281, 186.901611328125, 311.76446533203125, 207.0227508544922, 110.94990539550781, -20.291406631469727, -20.70886993408203, -16.7868595123291, -10.01289176940918, -18.93669319152832], [-150.09616088867188, 284.17242431640625, 27.596542358398438, 113.7000961303711, 146.16268920898438, 207.0227508544922, 327.014404296875, 94.4475326538086, 24.22563934326172, -78.80834197998047, 30.50176239013672, -55.10109329223633, -9.292923927307129], [440.0010070800781, -101.95177459716797, 59.84629821777344, -76.6248550415039, 62.94369888305664, 110.94990539550781, 94.4475326538086, 233.07606506347656, 93.5776138305664, 38.659610748291016, -64.22965240478516, 11.064569473266602, -30.389493942260742], [72.31842041015625, 235.67015075683594, -80.05171203613281, -10.205355644226074, 66.44482421875, -20.291406631469727, 24.22563934326172, 93.5776138305664, 206.21298217773438, 38.16796875, -3.442423105239868, -43.42985534667969, 17.8705997467041], [199.12942504882812, -240.19451904296875, 44.488582611083984, -55.085716247558594, -23.482648849487305, -20.70886993408203, -78.80834197998047, 38.659610748291016, 38.16796875, 133.86817932128906, 8.886338233947754, 58.22732162475586, -7.924719333648682], [-307.80108642578125, 104.96896362304688, -70.57524108886719, 40.53728103637695, -26.117984771728516, -16.7868595123291, 30.50176239013672, -64.22965240478516, -3.442423105239868, 8.886338233947754, 127.95096588134766, 33.372764587402344, 38.01858139038086], [244.85870361328125, -256.029541015625, 68.05691528320312, -75.49322509765625, -47.84941101074219, -10.01289176940918, -55.10109329223633, 11.064569473266602, -43.42985534667969, 58.22732162475586, 33.372764587402344, 143.8849639892578, 29.298664093017578], [-104.21798706054688, 68.95503997802734, -64.74691009521484, 25.97411346435547, -14.723941802978516, -18.93669319152832, -9.292923927307129, -30.389493942260742, 17.8705997467041, -7.924719333648682, 38.01858139038086, 29.298664093017578, 84.40773010253906]], "lowlevel.gfcc.icov": [[0.00026920923846773803, -0.00021558608568739146, 4.334179902798496e-05, -3.440401269472204e-05, 0.00012606175732798874, -0.0005527458852156997, 0.00043575032032094896, -0.00023482783581130207, -4.3614727474050596e-05, -0.00018684528185985982, 0.0007157014333643019, -0.0008741678320802748, 0.00038651455543003976], [-0.00021558608568739146, 0.0017173438100144267, -0.00017149043560493737, 0.000116728748253081, -0.0008592088706791401, 0.001158405328169465, -0.0010979647049680352, 0.0010891588171944022, -0.001956820720806718, 0.002415173454210162, -0.001779569429345429, 0.0018326087156310678, -0.0006488612270914018], [4.334179902798496e-05, -0.00017149043560493737, 0.0021047149784862995, -0.0012278254143893719, -0.0018592143896967173, 0.0009937150171026587, 0.0001329904334852472, -0.001019410090520978, 0.001694055856205523, -0.0009235545876435935, 0.0012318870285525918, -0.0021393555216491222, 0.001474506687372923], [-3.440401269472204e-05, 0.000116728748253081, -0.0012278254143893719, 0.003708705073222518, -0.00048550686915405095, -0.001062536146491766, -0.00027373802731744945, 0.0016372684622183442, -0.0002547438198234886, 1.3476260392053518e-05, -0.0015006420435383916, 0.00306430971249938, -0.002317193429917097], [0.00012606175732798874, -0.0008592088706791401, -0.0018592143896967173, -0.00048550686915405095, 0.008134331554174423, -0.005004457663744688, 3.1983850931283087e-05, 0.002343882340937853, -0.004331947769969702, 0.00031055507133714855, 0.0021297780331224203, -0.0010781652526929975, 0.0010856626322492957], [-0.0005527458852156997, 0.001158405328169465, 0.0009937150171026587, -0.001062536146491766, -0.005004457663744688, 0.011929353699088097, -0.005686778109520674, -0.0035331822000443935, 0.005222452338784933, -0.0017383360536769032, -0.0009088374208658934, 0.002183364238590002, -0.0022517831530421972], [0.00043575032032094896, -0.0010979647049680352, 0.0001329904334852472, -0.00027373802731744945, 3.1983850931283087e-05, -0.005686778109520674, 0.011064337566494942, -0.005414630752056837, 0.0007952595478855073, 0.004382758866995573, -0.004991577472537756, 0.0006035566912032664, 0.0019015795551240444], [-0.00023482783581130207, 0.0010891588171944022, -0.001019410090520978, 0.0016372684622183442, 0.002343882340937853, -0.0035331822000443935, -0.005414630752056837, 0.01569688320159912, -0.010037848725914955, -0.00015596709272358567, 0.006646052468568087, -0.004138192627578974, 0.0027594256680458784], [-4.3614727474050596e-05, -0.001956820720806718, 0.001694055856205523, -0.0002547438198234886, -0.004331947769969702, 0.005222452338784933, 0.0007952595478855073, -0.010037848725914955, 0.01744811236858368, -0.008521589450538158, -0.0016181622631847858, 0.005974105093628168, -0.006026769056916237], [-0.00018684528185985982, 0.002415173454210162, -0.0009235545876435935, 1.3476260392053518e-05, 0.00031055507133714855, -0.0017383360536769032, 0.004382758866995573, -0.00015596709272358567, -0.008521589450538158, 0.019306035712361336, -0.006398926954716444, -0.003138361731544137, 0.004762520547956228], [0.0007157014333643019, -0.001779569429345429, 0.0012318870285525918, -0.0015006420435383916, 0.0021297780331224203, -0.0009088374208658934, -0.004991577472537756, 0.006646052468568087, -0.0016181622631847858, -0.006398926954716444, 0.020030008628964424, -0.010070867836475372, -2.9281540264491923e-05], [-0.0008741678320802748, 0.0018326087156310678, -0.0021393555216491222, 0.00306430971249938, -0.0010781652526929975, 0.002183364238590002, 0.0006035566912032664, -0.004138192627578974, 0.005974105093628168, -0.003138361731544137, -0.010070867836475372, 0.022320814430713654, -0.011053256690502167], [0.00038651455543003976, -0.0006488612270914018, 0.001474506687372923, -0.002317193429917097, 0.0010856626322492957, -0.0022517831530421972, 0.0019015795551240444, 0.0027594256680458784, -0.006026769056916237, 0.004762520547956228, -2.9281540264491923e-05, -0.011053256690502167, 0.021158678457140923]], "lowlevel.mfcc.cov": [[4617.53759765625, -111.34091186523438, -11.904180526733398, -343.7071838378906, 179.5601348876953, -97.36614990234375, -104.4775390625, 138.80072021484375, 261.8805847167969, 102.40306091308594, 114.49615478515625, -6.263232707977295, -103.70775604248047], [-111.34091186523438, 1296.1783447265625, -69.84027862548828, 191.20005798339844, 83.51628875732422, 83.99388885498047, 20.420055389404297, 139.93687438964844, 80.79383850097656, 96.61837005615234, 56.21611022949219, 14.019639015197754, -33.6442985534668], [-11.904180526733398, -69.84027862548828, 609.7730712890625, 243.78684997558594, 196.0561065673828, 119.58353424072266, 127.82955169677734, 34.95060348510742, 3.9272353649139404, -12.471954345703125, -17.853900909423828, -15.712301254272461, 40.103511810302734], [-343.7071838378906, 191.20005798339844, 243.78684997558594, 414.7933654785156, 154.95680236816406, 158.96456909179688, 63.71725845336914, 12.902793884277344, -8.23692512512207, 22.1384220123291, -24.078479766845703, -5.543725490570068, 30.34235191345215], [179.5601348876953, 83.51628875732422, 196.0561065673828, 154.95680236816406, 296.119140625, 122.7513656616211, 33.06144332885742, 36.56235885620117, 80.03531646728516, 65.15421295166016, 23.163074493408203, -15.290742874145508, 5.444245338439941], [-97.36614990234375, 83.99388885498047, 119.58353424072266, 158.96456909179688, 122.7513656616211, 244.77581787109375, 187.07757568359375, 85.64298248291016, 26.19825553894043, 16.203691482543945, -4.751557350158691, 24.815336227416992, 12.796899795532227], [-104.4775390625, 20.420055389404297, 127.82955169677734, 63.71725845336914, 33.06144332885742, 187.07757568359375, 313.9264221191406, 176.15638732910156, 43.73110580444336, 4.5933451652526855, 9.79874324798584, 41.37204360961914, 9.624433517456055], [138.80072021484375, 139.93687438964844, 34.95060348510742, 12.902793884277344, 36.56235885620117, 85.64298248291016, 176.15638732910156, 219.74171447753906, 119.99652099609375, 56.9702262878418, 44.15483093261719, 29.54824447631836, -11.967238426208496], [261.8805847167969, 80.79383850097656, 3.9272353649139404, -8.23692512512207, 80.03531646728516, 26.19825553894043, 43.73110580444336, 119.99652099609375, 186.78428649902344, 114.88389587402344, 60.61881637573242, 13.697965621948242, -26.217687606811523], [102.40306091308594, 96.61837005615234, -12.471954345703125, 22.1384220123291, 65.15421295166016, 16.203691482543945, 4.5933451652526855, 56.9702262878418, 114.88389587402344, 131.17791748046875, 68.5564193725586, 13.723761558532715, -17.520706176757812], [114.49615478515625, 56.21611022949219, -17.853900909423828, -24.078479766845703, 23.163074493408203, -4.751557350158691, 9.79874324798584, 44.15483093261719, 60.61881637573242, 68.5564193725586, 91.2242431640625, 38.706668853759766, -5.572050094604492], [-6.263232707977295, 14.019639015197754, -15.712301254272461, -5.543725490570068, -15.290742874145508, 24.815336227416992, 41.37204360961914, 29.54824447631836, 13.697965621948242, 13.723761558532715, 38.706668853759766, 81.51087951660156, 32.30553436279297], [-103.70775604248047, -33.6442985534668, 40.103511810302734, 30.34235191345215, 5.444245338439941, 12.796899795532227, 9.624433517456055, -11.967238426208496, -26.217687606811523, -17.520706176757812, -5.572050094604492, 32.30553436279297, 74.97035217285156]], "lowlevel.mfcc.icov": [[0.00028111969004385173, 2.9119621103745885e-05, -9.576934826327488e-05, 0.0003036540874745697, -0.00023089036403689533, -0.00010043650399893522, 0.00035013409797102213, -0.0002678103919606656, -0.0002734294976107776, 0.0002870079770218581, -0.00012141677871113643, -0.00013747121556662023, 0.0002981585275847465], [2.9119621103745885e-05, 0.0010523037053644657, 0.0003015569527633488, -0.0006106402142904699, -0.000105619641544763, -0.00023616770340595394, 0.0008047021692618728, -0.0013949673157185316, 0.0006335939979180694, -0.0003471501113381237, -0.00025446966174058616, -0.00013886370288673788, 0.0005017242510803044], [-9.576934826327488e-05, 0.0003015569527633488, 0.003172350814566016, -0.0017772205173969269, -0.0018375141080468893, 0.0017720682080835104, -0.0023031001910567284, 0.0007139471126720309, -0.0003363633877597749, 0.001364828902296722, -0.0007722071022726595, 0.0010669947369024158, -0.0010500859934836626], [0.0003036540874745697, -0.0006106402142904699, -0.0017772205173969269, 0.005483922082930803, -0.0005413934704847634, -0.0032043559476733208, 0.0018832877976819873, -0.0006380577688105404, 0.001582086319103837, -0.0025571396108716726, 0.0021206724923104048, -0.00027772513567470014, -0.0006471804808825254], [-0.00023089036403689533, -0.000105619641544763, -0.0018375141080468893, -0.0005413934704847634, 0.008065720088779926, -0.005128252785652876, 0.0027515029069036245, 0.0005549960187636316, -0.002855362370610237, -0.000367028551409021, -0.0024953726679086685, 0.0035875786561518908, -0.0019554556347429752], [-0.00010043650399893522, -0.00023616770340595394, 0.0017720682080835104, -0.0032043559476733208, -0.005128252785652876, 0.014568761922419071, -0.009472214616835117, 0.002636500634253025, 0.000638761674053967, -0.000878252147231251, 0.0033891648054122925, -0.0035173746291548014, 0.0014122265856713057], [0.00035013409797102213, 0.0008047021692618728, -0.0023031001910567284, 0.0018832877976819873, 0.0027515029069036245, -0.009472214616835117, 0.014821364544332027, -0.010429035872220993, 0.002726556034758687, 0.0002381134981987998, 0.0001680998975643888, -0.0017144958255812526, 0.0009252416202798486], [-0.0002678103919606656, -0.0013949673157185316, 0.0007139471126720309, -0.0006380577688105404, 0.0005549960187636316, 0.002636500634253025, -0.010429035872220993, 0.017711713910102844, -0.01009551715105772, 0.0035677719861268997, -0.0028759543783962727, 0.0013145038392394781, -0.0009212570730596781], [-0.0002734294976107776, 0.0006335939979180694, -0.0003363633877597749, 0.001582086319103837, -0.002855362370610237, 0.000638761674053967, 0.002726556034758687, -0.01009551715105772, 0.020763980224728584, -0.01461527869105339, 0.004163526464253664, -0.002696541603654623, 0.002899619285017252], [0.0002870079770218581, -0.0003471501113381237, 0.001364828902296722, -0.0025571396108716726, -0.000367028551409021, -0.000878252147231251, 0.0002381134981987998, 0.0035677719861268997, -0.01461527869105339, 0.026795223355293274, -0.014323076233267784, 0.0038194796070456505, -0.00029777767485938966], [-0.00012141677871113643, -0.00025446966174058616, -0.0007722071022726595, 0.0021206724923104048, -0.0024953726679086685, 0.0033891648054122925, 0.0001680998975643888, -0.0028759543783962727, 0.004163526464253664, -0.014323076233267784, 0.028060924261808395, -0.013949231244623661, 0.004599819891154766], [-0.00013747121556662023, -0.00013886370288673788, 0.0010669947369024158, -0.00027772513567470014, 0.0035875786561518908, -0.0035173746291548014, -0.0017144958255812526, 0.0013145038392394781, -0.002696541603654623, 0.0038194796070456505, -0.013949231244623661, 0.0258648544549942, -0.012173628434538841], [0.00029815852758474