{"song_id": "1183702019257675776", "download": "https://cdn.discordapp.com/attachments/1128313332273782784/1183702019257675776/chirp.mp4?ex=65894b69&amp", "lyrics": "edge trading profit", "style": ["\u4e00\u9996\u6050\u6016\u3001\u6447\u6eda\u98ce\u683c\u7684\u6b4c\u66f2"], "essentia_features": {"lowlevel.average_loudness": 0.22336117923259735, "lowlevel.barkbands_crest.mean": 15.09224796295166, "lowlevel.barkbands_crest.stdev": 4.729006767272949, "lowlevel.barkbands_flatness_db.mean": 0.30844956636428833, "lowlevel.barkbands_flatness_db.stdev": 0.10451309382915497, "lowlevel.barkbands_kurtosis.mean": 62.905982971191406, "lowlevel.barkbands_kurtosis.stdev": 199.14308166503906, "lowlevel.barkbands_skewness.mean": 4.027256488800049, "lowlevel.barkbands_skewness.stdev": 5.169924259185791, "lowlevel.barkbands_spread.mean": 11.915467262268066, "lowlevel.barkbands_spread.stdev": 12.588765144348145, "lowlevel.dissonance.mean": 0.478719025850296, "lowlevel.dissonance.stdev": 0.034526072442531586, "lowlevel.dynamic_complexity": 7.035235404968262, "lowlevel.erbbands_crest.mean": 12.3445463180542, "lowlevel.erbbands_crest.stdev": 8.823719024658203, "lowlevel.erbbands_flatness_db.mean": 0.24462813138961792, "lowlevel.erbbands_flatness_db.stdev": 0.1135844737291336, "lowlevel.erbbands_kurtosis.mean": 15.513934135437012, "lowlevel.erbbands_kurtosis.stdev": 46.559814453125, "lowlevel.erbbands_skewness.mean": -0.758141815662384, "lowlevel.erbbands_skewness.stdev": 2.490602970123291, "lowlevel.erbbands_spread.mean": 34.55207061767578, "lowlevel.erbbands_spread.stdev": 25.869932174682617, "lowlevel.hfc.mean": 10.343575477600098, "lowlevel.hfc.stdev": 24.61692237854004, "lowlevel.loudness_ebu128.integrated": -26.974496841430664, "lowlevel.loudness_ebu128.loudness_range": 7.833248138427734, "lowlevel.loudness_ebu128.momentary.mean": -31.646686553955078, "lowlevel.loudness_ebu128.momentary.stdev": 17.638248443603516, "lowlevel.loudness_ebu128.short_term.mean": -28.209461212158203, "lowlevel.loudness_ebu128.short_term.stdev": 2.980133056640625, "lowlevel.melbands_crest.mean": 25.176355361938477, "lowlevel.melbands_crest.stdev": 11.101953506469727, "lowlevel.melbands_flatness_db.mean": 0.38097161054611206, "lowlevel.melbands_flatness_db.stdev": 0.12464132159948349, "lowlevel.melbands_kurtosis.mean": 223.16114807128906, "lowlevel.melbands_kurtosis.stdev": 562.4803466796875, "lowlevel.melbands_skewness.mean": 8.327886581420898, "lowlevel.melbands_skewness.stdev": 10.523470878601074, "lowlevel.melbands_spread.mean": 21.245609283447266, "lowlevel.melbands_spread.stdev": 30.3045654296875, "lowlevel.pitch_salience.mean": 0.3379584848880768, "lowlevel.pitch_salience.stdev": 0.2326176017522812, "lowlevel.silence_rate_20dB.mean": 0.9724770784378052, "lowlevel.silence_rate_20dB.stdev": 0.1636008620262146, "lowlevel.silence_rate_30dB.mean": 0.8096330165863037, "lowlevel.silence_rate_30dB.stdev": 0.3925902843475342, "lowlevel.silence_rate_60dB.mean": 0.21444953978061676, "lowlevel.silence_rate_60dB.stdev": 0.4104407727718353, "lowlevel.spectral_centroid.mean": 1593.298828125, "lowlevel.spectral_centroid.stdev": 1559.6910400390625, "lowlevel.spectral_complexity.mean": 5.8784403800964355, "lowlevel.spectral_complexity.stdev": 7.750943660736084, "lowlevel.spectral_decrease.mean": -1.8171622429008494e-08, "lowlevel.spectral_decrease.stdev": 4.157945099336757e-08, "lowlevel.spectral_energy.mean": 0.06952206045389175, "lowlevel.spectral_energy.stdev": 0.15769106149673462, "lowlevel.spectral_energyband_high.mean": 4.109997098566964e-05, "lowlevel.spectral_energyband_high.stdev": 0.00026576200616545975, "lowlevel.spectral_energyband_low.mean": 0.050577424466609955, "lowlevel.spectral_energyband_low.stdev": 0.13323597609996796, "lowlevel.spectral_energyband_middle_high.mean": 0.0033505826722830534, "lowlevel.spectral_energyband_middle_high.stdev": 0.011606439016759396, "lowlevel.spectral_energyband_middle_low.mean": 0.0074141789227724075, "lowlevel.spectral_energyband_middle_low.stdev": 0.03557732701301575, "lowlevel.spectral_entropy.mean": 7.207785606384277, "lowlevel.spectral_entropy.stdev": 0.7465521097183228, "lowlevel.spectral_flux.mean": 0.10332945734262466, "lowlevel.spectral_flux.stdev": 0.10279172658920288, "lowlevel.spectral_kurtosis.mean": 15.866106033325195, "lowlevel.spectral_kurtosis.stdev": 17.306636810302734, "lowlevel.spectral_rms.mean": 0.005902410484850407, "lowlevel.spectral_rms.stdev": 0.00574350543320179, "lowlevel.spectral_rolloff.mean": 1193.065673828125, "lowlevel.spectral_rolloff.stdev": 3038.1552734375, "lowlevel.spectral_skewness.mean": 2.029975175857544, "lowlevel.spectral_skewness.stdev": 1.1564629077911377, "lowlevel.spectral_spread.mean": 3247034.5, "lowlevel.spectral_spread.stdev": 5797868.5, "lowlevel.spectral_strongpeak.mean": 0.8804972171783447, "lowlevel.spectral_strongpeak.stdev": 1.5704905986785889, "lowlevel.zerocrossingrate.mean": 0.04540903493762016, "lowlevel.zerocrossingrate.stdev": 0.08796018362045288, "metadata.audio_properties.analysis.equal_loudness": 0.0, "metadata.audio_properties.analysis.length": 20.202653884887695, "metadata.audio_properties.analysis.sample_rate": 44100.0, "metadata.audio_properties.analysis.start_time": 0.0, "metadata.audio_properties.bit_rate": 109343.0, "metadata.audio_properties.length": 20.202667236328125, "metadata.audio_properties.lossless": 0.0, "metadata.audio_properties.number_channels": 1.0, "metadata.audio_properties.replay_gain": -0.9206142425537109, "metadata.audio_properties.sample_rate": 48000.0, "rhythm.beats_count": 40.0, "rhythm.beats_loudness.mean": 0.06095113232731819, "rhythm.beats_loudness.stdev": 0.09597925841808319, "rhythm.bpm": 120.53217315673828, "rhythm.bpm_histogram_first_peak_bpm": 120.0, "rhythm.bpm_histogram_first_peak_weight": 0.5555555820465088, "rhythm.bpm_histogram_second_peak_bpm": 115.0, "rhythm.bpm_histogram_second_peak_spread": 0.0, "rhythm.bpm_histogram_second_peak_weight": 0.12820513546466827, "rhythm.danceability": 1.0523515939712524, "rhythm.onset_rate": 2.7689077854156494, "tonal.chords_changes_rate": 0.1350114345550537, "tonal.chords_number_rate": 0.02745995484292507, "tonal.chords_strength.mean": 0.45366212725639343, "tonal.chords_strength.stdev": 0.08824403584003448, "tonal.hpcp_crest.mean": 10.817380905151367, "tonal.hpcp_crest.stdev": 5.974841594696045, "tonal.hpcp_entropy.mean": 2.5150465965270996, "tonal.hpcp_entropy.stdev": 0.9597931504249573, "tonal.key_edma.strength": 0.34412872791290283, "tonal.key_krumhansl.strength": 0.35143643617630005, "tonal.key_temperley.strength": 0.3568267226219177, "tonal.tuning_diatonic_strength": 0.356278657913208, "tonal.tuning_equal_tempered_deviation": 0.24476215243339539, "tonal.tuning_frequency": 434.193115234375, "tonal.tuning_nontempered_energy_ratio": 0.8637041449546814, "lowlevel.barkbands.mean": [0.030861519277095795, 0.02737174555659294, 0.0006058783619664609, 0.00022629059094469994, 0.0009324660059064627, 0.003076998982578516, 0.0016877836314961314, 0.0008864235715009272, 0.0004079858190380037, 0.0005767286056652665, 0.0003085713542532176, 0.00042100800783373415, 0.00031839447910897434, 0.0004000162589363754, 0.000846321287099272, 0.00023970255278982222, 9.018435957841575e-05, 0.00018182292114943266, 3.357942478032783e-05, 1.2544142009573989e-05, 2.130965185642708e-05, 9.048404535860755e-06, 2.715300979616586e-06, 1.4657747442470281e-06, 1.1502363577164942e-06, 4.772922466145246e-07, 1.645895331137126e-08], "lowlevel.barkbands.stdev": [0.08606766164302826, 0.08319375663995743, 0.0017923022387549281, 0.000699408003129065, 0.005869589280337095, 0.022218132391572, 0.010293260216712952, 0.005417472217231989, 0.002116478979587555, 0.0049439663998782635, 0.0021474191453307867, 0.001258566859178245, 0.0014557907124981284, 0.0023376389872282743, 0.0027163848280906677, 0.0008431527530774474, 0.00028276100056245923, 0.000569985480979085, 0.00013331255468074232, 4.960702426615171e-05, 0.00019525314564816654, 7.5929616286885e-05, 9.07540561456699e-06, 4.145115781284403e-06, 3.6798667224502424e-06, 1.916215069286409e-06, 1.467040959823862e-07], "lowlevel.erbbands.mean": [1.933590054512024, 1.9688217639923096, 0.9911764860153198, 0.7097151875495911, 1.7475956678390503, 3.186129570007324, 7.216169834136963, 26.806957244873047, 33.938255310058594, 24.747703552246094, 14.982088088989258, 10.3306884765625, 15.208166122436523, 16.4971981048584, 12.659432411193848, 19.811880111694336, 14.743833541870117, 14.774531364440918, 34.20244598388672, 44.571651458740234, 9.240450859069824, 5.899866104125977, 10.402060508728027, 3.735441207885742, 1.225953459739685, 0.6055554151535034, 0.585056483745575, 0.9655938744544983, 0.38132038712501526, 0.13065305352210999, 0.07250362634658813, 0.03910742327570915, 0.021312572062015533, 0.014165380969643593, 0.007411642000079155, 0.002972380258142948, 0.000744135002605617, 8.066150621743873e-05, 3.435431426623836e-05, 7.597674266435206e-05], "lowlevel.erbbands.stdev": [5.64946174621582, 6.629666328430176, 2.2729644775390625, 2.1654675006866455, 7.934220790863037, 27.245704650878906, 56.932376861572266, 196.47706604003906, 253.89132690429688, 179.55543518066406, 79.12811279296875, 54.37068176269531, 102.28309631347656, 159.63699340820312, 78.81239318847656, 58.36317443847656, 61.675376892089844, 79.89984130859375, 178.51412963867188, 135.58091735839844, 27.927331924438477, 17.701961517333984, 31.725168228149414, 12.91720199584961, 3.9258811473846436, 2.244483709335327, 3.966765880584717, 9.585823059082031, 3.22406005859375, 0.7167102694511414, 0.24046804010868073, 0.11716601997613907, 0.05833789333701134, 0.0461127869784832, 0.023377975448966026, 0.010296385735273361, 0.0037556360475718975, 0.0004899912746623158, 7.461535278707743e-05, 0.00017002162348944694], "lowlevel.gfcc.mean": [-190.16578674316406, 139.9574432373047, -133.47882080078125, 28.685184478759766, 5.486823558807373, 16.18280601501465, -14.830266952514648, 14.662192344665527, -0.43426233530044556, -1.4029356241226196, 8.57499885559082, 1.599769949913025, -2.2308690547943115], "lowlevel.melbands.mean": [0.013884156942367554, 0.000972806359641254, 0.000154713008669205, 0.00016639790555927902, 0.0002248377277282998, 0.0006438803393393755, 0.000496724562253803, 0.00025672183255665004, 0.00010482442303327844, 6.149602268123999e-05, 7.513582386309281e-05, 6.72831229167059e-05, 3.942313196603209e-05, 4.1808867536019534e-05, 5.706026786356233e-05, 2.29701599891996e-05, 2.668122760951519e-05, 5.621136733680032e-05, 5.7314744481118396e-05, 3.835494499071501e-05, 6.685750577162253e-06, 5.103230705572059e-06, 9.119202331930865e-06, 8.377198355447035e-06, 2.4127612050506286e-06, 1.0656387985363835e-06, 5.799965379083005e-07, 3.405816357826552e-07, 2.825750584634079e-07, 5.577342108153971e-07, 5.37812979928276e-07, 2.436451609355572e-07, 9.459299832315082e-08, 6.050626666365133e-08, 4.3348698852696543e-08, 3.098647383126263e-08, 2.105686824904751e-08, 1.5210208204052833e-08, 1.2241063274132102e-08, 1.1801217780771367e-08], "lowlevel.melbands.stdev": [0.038619622588157654, 0.0026698701549321413, 0.0004522248054854572, 0.0009811264462769032, 0.0016525759128853679, 0.0047956486232578754, 0.0035585707519203424, 0.001826917054131627, 0.0005493912030942738, 0.00033168093068525195, 0.0005182854365557432, 0.0006774949724785984, 0.00025608076248317957, 0.00015968835214152932, 0.00017022281826939434, 0.00013731080980505794, 0.00015642060316167772, 0.00032930701854638755, 0.0001754694094415754, 0.00012228723790030926, 2.7211181077291258e-05, 1.6203266568481922e-05, 2.777960617095232e-05, 2.8968217520741746e-05, 9.344325007987209e-06, 4.10747634305153e-06, 1.9989233805972617e-06, 1.3570933106166194e-06, 1.5232959640343324e-06, 5.2257128118071705e-06, 5.377288289309945e-06, 2.222572447863058e-06, 6.44908141111955e-07, 2.703948780435894e-07, 1.4279348192758334e-07, 1.0131612526720346e-07, 6.152172460360816e-08, 4.132652620114641e-08, 3.567252804259624e-08, 4.267592146334209e-08], "lowlevel.melbands128.mean": [0.022505085915327072, 0.021859334781765938, 0.008447851985692978, 0.002027743263170123, 0.000597283651586622, 0.00026071834145113826, 0.00012250921281520277, 0.00012382585555315018, 0.00020568886247929186, 0.00012693418830167502, 0.0001757091231411323, 0.0002227134391432628, 0.0002654293493833393, 0.00019601653912104666, 0.00034083882928825915, 0.0012430655770003796, 0.0008976703393273056, 0.00018131326942238957, 0.00022360375442076474, 0.0003378131950739771, 0.00022782648738939315, 0.00015356676885858178, 8.464349957648665e-05, 6.40938087599352e-05, 6.743062840541825e-05, 5.9736237744800746e-05, 4.6765071601839736e-05, 9.953668632078916e-05, 7.27723163436167e-05, 6.798184767831117e-05, 7.971911691129208e-05, 3.363110590726137e-05, 3.330032996018417e-05, 5.164350295672193e-05, 2.513065919629298e-05, 4.0504251956008375e-05, 6.271558959269896e-05, 7.402670598821715e-05, 4.2666171793825924e-05, 2.1057190679130144e-05, 2.0616562323994003e-05, 2.0889916413580067e-05, 2.3365017113974318e-05, 2.771181971183978e-05, 4.8015233915066347e-05, 7.671599450986832e-05, 4.469357372727245e-05, 3.203355663572438e-05, 7.727219781372696e-05, 9.345494618173689e-05, 1.4088870557316113e-05, 1.0135731827176642e-05, 7.936901965877041e-06, 4.842222551815212e-06, 4.620065737981349e-06, 4.856629402638646e-06, 5.736857474403223e-06, 7.081441708578495e-06, 1.150989828602178e-05, 1.0771040251711383e-05, 1.0237376045552082e-05, 4.635206551029114e-06, 3.03457272821106e-06, 1.7539991858939175e-06, 1.4056215604796307e-06, 1.1405041959733353e-06, 7.994497650543053e-07, 5.89129797390342e-07, 5.718289344258665e-07, 5.1651630883498e-07, 2.995466559241322e-07, 2.9830582093381963e-07, 2.426674541311513e-07, 2.502589779851405e-07, 3.525994429764978e-07, 5.074475666333456e-07, 6.296283459050755e-07, 7.880179282437894e-07, 5.039065058554115e-07, 3.5142602428095415e-07, 2.768853732959542e-07, 2.2186350179254077e-07, 9.571617454184889e-08, 8.782816962593643e-08, 8.506097515237343e-08, 5.8912377198794275e-08, 5.6028529371587865e-08, 5.23036831623358e-08, 4.068894554620783e-08, 3.9818516484046995e-08, 3.570045237211161e-08, 2.7472363939295974e-08, 2.4165979439771945e-08, 2.2751192929604258e-08, 1.7757617598590514e-08, 1.590790965622091e-08, 1.536055904693967e-08, 1.3401083798214586e-08, 1.1530460142239463e-08, 1.2014043093699911e-08, 1.2499946855371036e-08, 1.290179341140174e-08, 9.37840294312764e-09, 9.785783738891496e-09, 8.063285150683441e-09, 7.267290325074782e-09, 7.313327277103099e-09, 5.89362914027447e-09, 4.43075043321528e-09, 4.8483856929237845e-09, 3.3033111801472614e-09, 2.8439042232264455e-09, 2.351842054437725e-09, 1.106172708986719e-09, 1.2016198036590708e-09, 8.244511184862802e-10, 3.599558706657291e-10, 9.862564931406581e-11, 4.9812706043317334e-11, 4.736266587257454e-11, 4.5761550798717465e-11, 4.177828222262647e-11, 3.59854854248276e-11, 3.070334958499288e-11, 2.593403616857337e-11, 2.1049391396577022e-11, 1.767514780370849e-11, 1.6643139991168177e-11], "lowlevel.melbands128.stdev": [0.05654307082295418, 0.06229220703244209, 0.028396829962730408, 0.006324492394924164, 0.0013790177181363106, 0.0008747832616791129, 0.00048361450899392366, 0.0004328083887230605, 0.0010768610518425703, 0.000660269579384476, 0.0019475450972095132, 0.0019028993556275964, 0.00261756987310946, 0.0018092042300850153, 0.002761168871074915, 0.01054855715483427, 0.007926628924906254, 0.0011599346762523055, 0.0015116885770112276, 0.0031690688338130713, 0.0016323799500241876, 0.0009962518233805895, 0.0005109784542582929, 0.0003865844919346273, 0.0003999195178039372, 0.0004484340315684676, 0.0002665974898263812, 0.0007079145289026201, 0.000702971126884222, 0.0010208948515355587, 0.0007892387802712619, 0.00020830548601225019, 0.00023088586749508977, 0.0004099604848306626, 0.00011341063509462401, 0.00020078734087292105, 0.00020252000831533223, 0.00023772432177793235, 0.00016944222443271428, 0.00014898697554599494, 0.00014202910824678838, 0.00013766060874331743, 0.00015336234355345368, 0.0002002897672355175, 0.00032960972748696804, 0.0005239121383056045, 0.000256849656580016, 0.00016624151612631977, 0.00026186913601122797, 0.0003543059283401817, 5.0059734348906204e-05, 6.224296521395445e-05, 3.6245986848371103e-05, 1.85051958396798e-05, 1.480809169152053e-05, 1.7839820429799147e-05, 2.054174547083676e-05, 2.6130397600354627e-05, 3.9193819247884676e-05, 3.313411434646696e-05, 4.520033689914271e-05, 1.6685160517226905e-05, 1.118683758249972e-05, 9.331217370345257e-06, 7.859088327677455e-06, 4.190423169347923e-06, 2.7014200441044522e-06, 1.8073138789986842e-06, 2.4741634661040734e-06, 2.3608486117154825e-06, 9.81476546257909e-07, 1.5873357597229187e-06, 1.1277675184828695e-06, 1.390995294059394e-06, 3.050822670047637e-06, 4.328676823206479e-06, 6.206282250786899e-06, 9.663692253525369e-06, 4.828354576602578e-06, 3.261344545535394e-06, 2.7925009362661513e-06, 2.224060608568834e-06, 5.545124963646231e-07, 5.664589934895048e-07, 6.561067493748851e-07, 2.4175614043997484e-07, 2.25948042498203e-07, 2.0051585636338132e-07, 1.3260142850413104e-07, 1.3468483928136266e-07, 1.2330055199072376e-07, 9.811522971858722e-08, 8.096655079725679e-08, 7.025982995401137e-08, 5.165837180243216e-08, 4.6513083162835756e-08, 4.442414081040624e-08, 4.087925731255382e-08, 3.840318640868645e-08, 3.721757835251083e-08, 4.109792328677031e-08, 6.001279473366594e-08, 4.2639129560484434e-08, 3.444222329562763e-08, 2.8775444249617976e-08, 2.4359417594155275e-08, 2.5914463464005166e-08, 2.068874316307756e-08, 1.680916206225902e-08, 2.0743852857663114e-08, 1.7096571269803462e-08, 1.9690514108106072e-08, 1.805079108407881e-08, 5.343987918848825e-09, 8.672674134402314e-09, 7.353169628743217e-09, 2.448586888803561e-09, 8.790824179705226e-10, 7.533442203389029e-10, 7.532681700617161e-10, 7.318182171367482e-10, 6.696392329530454e-10, 5.679023362681335e-10, 4.527012931188068e-10, 3.3132652177414457e-10, 2.0839981129672225e-10, 1.1857628767764083e-10, 1.049810932629569e-10], "lowlevel.mfcc.mean": [-816.7302856445312, 174.4943084716797, -47.26960754394531, 32.10247802734375, 34.19060134887695, 15.519997596740723, 13.314008712768555, 22.753252029418945, 3.9834630489349365, 6.860357284545898, 13.7976713180542, 10.35731315612793, 12.231646537780762], "lowlevel.spectral_contrast_coeffs.mean": [-0.781178891658783, -0.8399726152420044, -0.814031183719635, -0.8146238327026367, -0.7524451017379761, -0.7880589365959167], "lowlevel.spectral_contrast_coeffs.stdev": [0.08223661035299301, 0.08813218027353287, 0.08068814128637314, 0.08318483084440231, 0.07718829065561295, 0.0550740547478199], "lowlevel.spectral_contrast_valleys.mean": [-8.154449462890625, -8.381477355957031, -8.607633590698242, -8.585960388183594, -9.630574226379395, -13.397139549255371], "lowlevel.spectral_contrast_valleys.stdev": [3.1111278533935547, 3.1440036296844482, 3.038299560546875, 3.0164661407470703, 2.8790225982666016, 2.4481847286224365], "rhythm.beats_loudness_band_ratio.mean": [0.6252955794334412, 0.05739123746752739, 0.08892492949962616, 0.11513681709766388, 0.10266555845737457, 0.00608204398304224], "rhythm.beats_loudness_band_ratio.stdev": [0.3778292238712311, 0.1606271117925644, 0.18667370080947876, 0.23729528486728668, 0.1934886872768402, 0.02196650020778179], "tonal.hpcp.mean": [0.05641598999500275, 0.057524677366018295, 0.06378307193517685, 0.061666738241910934, 0.06409504264593124, 0.09912794828414917, 0.15425115823745728, 0.1875431388616562, 0.15844681859016418, 0.13674229383468628, 0.13906022906303406, 0.1130760908126831, 0.0809670016169548, 0.06933438032865524, 0.09242796152830124, 0.10615779459476471, 0.11912017315626144, 0.1501946896314621, 0.1339186728000641, 0.1164734736084938, 0.1071881651878357, 0.06698925793170929, 0.05022003874182701, 0.13842979073524475, 0.22327843308448792, 0.1434197723865509, 0.05904253199696541, 0.04917694628238678, 0.04762004315853119, 0.04363902285695076, 0.06389550119638443, 0.0779363140463829, 0.05459710955619812, 0.047495074570178986, 0.048189762979745865, 0.05159047245979309], "tonal.hpcp.stdev": [0.16533112525939941, 0.15833966434001923, 0.17733275890350342, 0.17308886349201202, 0.17427000403404236, 0.22481662034988403, 0.3016395568847656, 0.3334612548351288, 0.2994244694709778, 0.27128756046295166, 0.29133328795433044, 0.2520168125629425, 0.20721587538719177, 0.17904002964496613, 0.22793957591056824, 0.22761110961437225, 0.2316673845052719, 0.28552573919296265, 0.2693241536617279, 0.25298136472702026, 0.24343805015087128, 0.17011868953704834, 0.14626988768577576, 0.2295820266008377, 0.3471702039241791, 0.23087599873542786, 0.17306603491306305, 0.14953239262104034, 0.15025271475315094, 0.12008112668991089, 0.18185967206954956, 0.20778942108154297, 0.14464403688907623, 0.15321826934814453, 0.15668988227844238, 0.15504980087280273], "rhythm.beats_position": [0.4643990993499756, 0.952018141746521, 1.4512470960617065, 1.938866138458252, 2.426485300064087, 2.9141042232513428, 3.4017233848571777, 3.8893423080444336, 4.388571262359619, 4.852970600128174, 5.31736946105957, 5.770158767700195, 6.222947597503662, 6.687346935272217, 7.151745796203613, 7.639364719390869, 8.138593673706055, 8.637823104858398, 9.137051582336426, 9.63628101348877, 10.135510444641113, 10.63473892211914, 11.133968353271484, 11.633196830749512, 12.144036293029785, 12.643264770507812, 13.142494201660156, 13.63011360168457, 14.117732048034668, 14.593741416931152, 15.116189956665039, 15.638639450073242, 16.149478912353516, 16.660316467285156, 17.18276596069336, 17.693605422973633, 18.216054916381836, 18.726892471313477, 19.23773193359375, 19.760181427001953], "rhythm.bpm_histogram": [0.0, 0.0, 0.0, 0.0, 0.0, 0.0, 0.0, 0.0, 0.0, 0.0, 0.0, 0.0, 0.0, 0.0, 0.0, 0.0, 0.0, 0.0, 0.0, 0.0, 0.0, 0.0, 0.0, 0.0, 0.0, 0.0, 0.0, 0.0, 0.0, 0.0, 0.0, 0.0, 0.0, 0.0, 0.0, 0.0, 0.0, 0.0, 0.0, 0.0, 0.0, 0.0, 0.0, 0.0, 0.0, 0.0, 0.0, 0.0, 0.0, 0.0, 0.0, 0.0, 0.0, 0.0, 0.0, 0.0, 0.0, 0.0, 0.0, 0.0, 0.0, 0.0, 0.0, 0.0, 0.0, 0.0, 0.0, 0.0, 0.0, 0.0, 0.0, 0.0, 0.0, 0.0, 0.0, 0.0, 0.0, 0.0, 0.0, 0.0, 0.0, 0.0, 0.0, 0.0, 0.0, 0.0, 0.0, 0.0, 0.0, 0.0, 0.0, 0.0, 0.0, 0.0, 0.0, 0.0, 0.0, 0.0, 0.0, 0.0, 0.0, 0.0, 0.0, 0.0, 0.0, 0.0, 0.0, 0.0, 0.0, 0.0, 0.0, 0.0, 0.0, 0.0, 0.0, 0.12820513546466827, 0.0, 0.1538461595773697, 0.0, 0.0, 0.3076923191547394, 0.0, 0.0, 0.23076923191547394, 0.0, 0.0, 0.025641025975346565, 0.0, 0.0, 0.10256410390138626, 0.0, 0.0, 0.0, 0.05128205195069313, 0.0, 0.0, 0.0, 0.0, 0.0, 0.0, 0.0, 0.0, 0.0, 0.0, 0.0, 0.0, 0.0, 0.0, 0.0, 0.0, 0.0, 0.0, 0.0, 0.0, 0.0, 0.0, 0.0, 0.0, 0.0, 0.0, 0.0, 0.0, 0.0, 0.0, 0.0, 0.0, 0.0, 0.0, 0.0, 0.0, 0.0, 0.0, 0.0, 0.0, 0.0, 0.0, 0.0, 0.0, 0.0, 0.0, 0.0, 0.0, 0.0, 0.0, 0.0, 0.0, 0.0, 0.0, 0.0, 0.0, 0.0, 0.0, 0.0, 0.0, 0.0, 0.0, 0.0, 0.0, 0.0, 0.0, 0.0, 0.0, 0.0, 0.0, 0.0, 0.0, 0.0, 0.0, 0.0, 0.0, 0.0, 0.0, 0.0, 0.0, 0.0, 0.0, 0.0, 0.0, 0.0, 0.0, 0.0, 0.0, 0.0, 0.0, 0.0, 0.0, 0.0, 0.0, 0.0, 0.0, 0.0, 0.0, 0.0, 0.0, 0.0, 0.0, 0.0, 0.0, 0.0, 0.0, 0.0, 0.0, 0.0, 0.0, 0.0, 0.0, 0.0, 0.0, 0.0, 0.0], "tonal.chords_histogram": [6.178489685058594, 11.899313926696777, 8.466818809509277, 7.780320167541504, 8.466818809509277, 2.9748284816741943, 0.0, 0.0, 0.0, 0.0, 0.0, 0.6864988803863525, 0.22883294522762299, 0.0, 0.0, 11.212814331054688, 0.0, 12.356979370117188, 2.74599552154541, 1.372997760772705, 0.0, 0.0, 20.366132736206055, 5.263157844543457], "tonal.thpcp": [1.0, 0.6423360109329224, 0.2644345462322235, 0.22024942934513092, 0.21327650547027588, 0.1954466551542282, 0.2861696183681488, 0.34905436635017395, 0.2445247769355774, 0.21271680295467377, 0.21582812070846558, 0.23105891048908234, 0.2526710331439972, 0.25763651728630066, 0.2856660783290863, 0.27618762850761414, 0.2870633006095886, 0.4439656138420105, 0.6908466815948486, 0.8399518728256226, 0.7096378207206726, 0.6124294996261597, 0.6228108406066895, 0.5064353346824646, 0.36262795329093933, 0.31052878499031067, 0.4139583110809326, 0.4754502773284912, 0.5335050821304321, 0.6726788878440857, 0.5997833013534546, 0.5216512680053711, 0.4800650179386139, 0.3000256419181824, 0.22492113709449768, 0.6199873089790344], "lowlevel.gfcc.cov": [[39256.13671875, 4260.78857421875, -3422.0859375, 827.8228759765625, -1122.9112548828125, 21.425771713256836, -542.8898315429688, 458.1284484863281, 161.35597229003906, 408.08673095703125, -122.2251968383789, -63.511810302734375, 92.2463607788086], [4260.78857421875, 2080.270263671875, -837.2352905273438, -232.31271362304688, 327.6794738769531, -594.460693359375, -193.55873107910156, -72.52975463867188, -39.090911865234375, -358.6856384277344, 148.5352020263672, -108.99414825439453, -108.41400909423828], [-3422.0859375, -837.2352905273438, 1655.632568359375, 274.8858337402344, -240.48989868164062, 64.9967269897461, 177.98751831054688, 96.87311553955078, 153.79281616210938, 144.9829559326172, -89.8801498413086, 46.886688232421875, 132.35899353027344], [827.8228759765625, -232.31271362304688, 274.8858337402344, 398.247802734375, -13.6454439163208, 165.3485870361328, 3.6329667568206787, 97.96533966064453, 86.42623138427734, 71.92408752441406, -47.16642761230469, 41.608455657958984, 63.08647537231445], [-1122.9112548828125, 327.6794738769531, -240.48989868164062, -13.6454439163208, 874.5999755859375, 106.41221618652344, 65.9787368774414, -23.501304626464844, 146.24978637695312, -213.8941192626953, 202.08505249023438, 12.670807838439941, 33.201698303222656], [21.425771713256836, -594.460693359375, 64.9967269897461, 165.3485870361328, 106.41221618652344, 652.0878295898438, 233.5414581298828, 106.69913482666016, 32.786617279052734, 99.58695983886719, 39.462310791015625, 39.91012191772461, 65.99212646484375], [-542.8898315429688, -193.55873107910156, 177.98751831054688, 3.6329667568206787, 65.9787368774414, 233.5414581298828, 278.6737365722656, 82.0415267944336, 1.1185321807861328, 20.774141311645508, 57.9083137512207, 15.448486328125, 11.747932434082031], [458.1284484863281, -72.52975463867188, 96.87311553955078, 97.96533966064453, -23.501304626464844, 106.69913482666016, 82.0415267944336, 149.65963745117188, 53.5929069519043, 42.442909240722656, -0.8771840333938599, 20.887754440307617, 16.656702041625977], [161.35597229003906, -39.090911865234375, 153.79281616210938, 86.42623138427734, 146.24978637695312, 32.786617279052734, 1.1185321807861328, 53.5929069519043, 240.92056274414062, 33.365318298339844, -16.451078414916992, -29.184383392333984, 101.46832275390625], [408.08673095703125, -358.6856384277344, 144.9829559326172, 71.92408752441406, -213.8941192626953, 99.58695983886719, 20.774141311645508, 42.442909240722656, 33.365318298339844, 181.4036865234375, -61.52940368652344, 12.753029823303223, 29.37386703491211], [-122.2251968383789, 148.5352020263672, -89.8801498413086, -47.16642761230469, 202.08505249023438, 39.462310791015625, 57.9083137512207, -0.8771840333938599, -16.451078414916992, -61.52940368652344, 175.37986755371094, 44.680301666259766, -24.763124465942383], [-63.511810302734375, -108.99414825439453, 46.886688232421875, 41.608455657958984, 12.670807838439941, 39.91012191772461, 15.448486328125, 20.887754440307617, -29.184383392333984, 12.753029823303223, 44.680301666259766, 81.45087432861328, -3.211878776550293], [92.2463607788086, -108.41400909423828, 132.35899353027344, 63.08647537231445, 33.201698303222656, 65.99212646484375, 11.747932434082031, 16.656702041625977, 101.46832275390625, 29.37386703491211, -24.763124465942383, -3.211878776550293, 100.64675903320312]], "lowlevel.gfcc.icov": [[0.00011184129834873602, -0.00043409521458670497, 0.00021684194507542998, -0.00030311147565953434, 0.0002896917867474258, -0.0002460251853335649, -3.70123416360002e-05, 6.644419772783294e-05, -0.00020174543897155672, -0.0005704147042706609, 6.593768193852156e-05, -0.00042655793367885053, -0.00023372170107904822], [-0.00043409521458670497, 0.0031523769721388817, -0.00021444841695483774, 0.0006449641077779233, -0.0009166831150650978, 0.0023002049420028925, -4.153100599069148e-05, -0.0011816986370831728, 0.0008439635275863111, 0.003998056054115295, -0.0017658789874985814, 0.003658428555354476, 0.00033046415774151683], [0.00021684194507542998, -0.00021444841695483774, 0.0017040047096088529, -0.0014918693341314793, 0.00110949098598212, 0.0005784897948615253, -0.001493719290010631, 0.00042376547935418785, -0.0011424620170146227, -0.00022448009985964745, -0.0002384658728260547, -0.0009106568177230656, -0.0012470482615754008], [-0.00030311147565953434, 0.0006449641077779233, -0.0014918693341314793, 0.0055474648252129555, -0.001294420682825148, -0.0011075612856075168, 0.002289299387484789, -0.0023017071653157473, 0.00031714970828033984, 0.0008329565753228962, 0.0016897504683583975, -0.0013709283666685224, 0.0005333551671355963], [0.0002896917867474258, -0.0009166831150650978, 0.00110949098598212, -0.001294420682825148, 0.004380527418106794, -0.001337850233539939, -0.000959700089879334, 0.002009460236877203, -0.004523682873696089, 0.002964615821838379, -0.0019456674344837666, -0.0023372943978756666, 0.0004530251899268478], [-0.0002460251853335649, 0.0023002049420028925, 0.0005784897948615253, -0.0011075612856075168, -0.001337850233539939, 0.0052442303858697414, -0.0026720946189016104, -0.0013742969604209065, 0.0022631697356700897, 0.0004512383893597871, -0.001683157286606729, 0.0031798393465578556, -0.0025471721310168505], [-3.70123416360002e-05, -4.153100599069148e-05, -0.001493719290010631, 0.002289299387484789, -0.000959700089879334, -0.0026720946189016104, 0.008471367880702019, -0.004379446618258953, 0.0024470670614391565, -0.0005473497440107167, -0.0019266175804659724, 0.0025854443665593863, -0.00037561982753686607], [6.644419772783294e-05, -0.0011816986370831728, 0.00042376547935418785, -0.0023017071653157473, 0.002009460236877203, -0.0013742969604209065, -0.004379446618258953, 0.013360133394598961, -0.0061530680395662785, -4.339588122093119e-05, 0.0016686997842043638, -0.005766880698502064, 0.0045324889943003654], [-0.00020174543897155672, 0.0008439635275863111, -0.0011424620170146227, 0.00031714970828033984, -0.004523682873696089, 0.0022631697356700897, 0.0024470670614391565, -0.0061530680395662785, 0.014868702739477158, -0.004602096974849701, -0.0013871303526684642, 0.008568262681365013, -0.010576107539236546], [-0.0005704147042706609, 0.003998056054115295, -0.00022448009985964745, 0.0008329565753228962, 0.002964615821838379, 0.0004512383893597871, -0.0005473497440107167, -4.339588122093119e-05, -0.004602096974849701, 0.018026959151029587, -0.0007785350317135453, 9.930523083312437e-05, 0.0025898271705955267], [6.593768193852156e-05, -0.0017658789874985814, -0.0002384658728260547, 0.0016897504683583975, -0.0019456674344837666, -0.001683157286606729, -0.0019266175804659724, 0.0016686997842043638, -0.0013871303526684642, -0.0007785350317135453, 0.013377108611166477, -0.0095439488068223, 0.0035984355490654707], [-0.00042655793367885053, 0.003658428555354476, -0.0009106568177230656, -0.0013709283666685224, -0.0023372943978756666, 0.0031798393465578556, 0.0025854443665593863, -0.005766880698502064, 0.008568262681365013, 9.930523083312437e-05, -0.0095439488068223, 0.025972912088036537, -0.0044592092745006084], [-0.00023372170107904822, 0.00033046415774151683, -0.0012470482615754008, 0.0005333551671355963, 0.0004530251899268478, -0.0025471721310168505, -0.00037561982753686607, 0.0045324889943003654, -0.010576107539236546, 0.0025898271705955267, 0.0035984355490654707, -0.0044592092745006084, 0.023275649175047874]], "lowlevel.mfcc.cov": [[12906.763671875, 2068.91259765625, 169.80259704589844, 436.4273681640625, -605.71337890625, -51.59201431274414, -421.9072265625, -309.5934143066406, 212.18423461914062, 333.3892517089844, 170.50729370117188, -75.35564422607422, -211.55218505859375], [2068.91259765625, 2604.6474609375, -885.1744384765625, 345.1707763671875, 317.1534729003906, -347.6325378417969, -80.70741271972656, 129.02471923828125, -287.27154541015625, -162.50027465820312, 77.48558807373047, -60.39116668701172, -60.739402770996094], [169.80259704589844, -885.1744384765625, 1270.632568359375, 101.04524993896484, -248.81790161132812, 113.30297088623047, -60.59984588623047, -95.7268295288086, 268.7184143066406, 153.39572143554688, -6.195247650146484, 24.1652774810791, -83.31953430175781], [436.4273681640625, 345.1707763671875, 101.04524993896484, 365.8182373046875, 132.4912872314453, -79.13292694091797, -102.58464813232422, 18.522855758666992, 11.383574485778809, -26.337764739990234, 8.779764175415039, -17.53227424621582, 2.0014710426330566], [-605.71337890625, 317.1534729003906, -248.81790161132812, 132.4912872314453, 552.6930541992188, 117.70336151123047, 66.93973541259766, 202.32925415039062, 6.647087097167969, 13.471860885620117, -16.54659652709961, 30.771697998046875, 182.6022491455078], [-51.59201431274414, -347.6325378417969, 113.30297088623047, -79.13292694091797, 117.70336151123047, 301.9793701171875, 172.51785278320312, 93.53082275390625, 126.34165954589844, 88.54882049560547, 6.106403350830078, 62.441253662109375, 92.69147491455078], [-421.9072265625, -80.70741271972656, -60.59984588623047, -102.58464813232422, 66.93973541259766, 172.51785278320312, 324.4483337402344, 173.49838256835938, 14.14999008178711, -13.024277687072754, 69.31182098388672, 125.12383270263672, 40.58294677734375], [-309.5934143066406, 129.02471923828125, -95.7268295288086, 18.522855758666992, 202.32925415039062, 93.53082275390625, 173.49838256835938, 230.75677490234375, 37.99176025390625, 9.155172348022461, 47.04526138305664, 63.716102600097656, 67.27161407470703], [212.18423461914062, -287.27154541015625, 268.7184143066406, 11.383574485778809, 6.647087097167969, 126.34165954589844, 14.14999008178711, 37.99176025390625, 231.34213256835938, 159.4230194091797, -5.483683109283447, -12.045427322387695, 39.65193176269531], [333.3892517089844, -162.50027465820312, 153.39572143554688, -26.337764739990234, 13.471860885620117, 88.54882049560547, -13.024277687072754, 9.155172348022461, 159.4230194091797, 174.06442260742188, 9.853076934814453, -17.047122955322266, 35.05290603637695], [170.50729370117188, 77.48558807373047, -6.195247650146484, 8.779764175415039, -16.54659652709961, 6.106403350830078, 69.31182098388672, 47.04526138305664, -5.483683109283447, 9.853076934814453, 94.6475830078125, 57.37564468383789, -18.806764602661133], [-75.35564422607422, -60.39116668701172, 24.1652774810791, -17.53227424621582, 30.771697998046875, 62.441253662109375, 125.12383270263672, 63.716102600097656, -12.045427322387695, -17.047122955322266, 57.37564468383789, 131.13839721679688, 40.953426361083984], [-211.55218505859375, -60.739402770996094, -83.31953430175781, 2.0014710426330566, 182.6022491455078, 92.69147491455078, 40.58294677734375, 67.27161407470703, 39.65193176269531, 35.05290603637695, -18.806764602661133, 40.953426361083984, 149.4840087890625]], "lowlevel.mfcc.icov": [[0.00016410500393249094, -0.00024123437469825149, 2.9050574084976688e-05, -0.00020896097703371197, 0.0005151912337169051, -0.0005855669733136892, 0.00043018817086704075, -4.49351136921905e-05, 7.170264871092513e-05, -0.00038312753895297647, -3.5648881748784333e-05, -0.000288334209471941, -6.426103209378198e-05], [-0.00024123437469825149, 0.0011935558868572116, 0.0004728289204649627, -0.0005061628180555999, -0.001063969568349421, 0.0014502560952678323, -0.0008235687273554504, -0.0002663785417098552, 0.0005663249758072197, -0.00027783948462456465, -4.930846262141131e-05, 0.0004756869748234749, 0.0009361900738440454], [2.9050574084976688e-05, 0.0004728289204649627, 0.001952526974491775, -0.001246525556780398, 0.00040798861300572753, -0.0005173883400857449, 0.0006747533334419131, -5.754449375672266e-06, -0.001418173429556191, -0.0006948307855054736, 0.0012320477981120348, -0.002258065389469266, 0.0022928244434297085], [-0.00020896097703371197, -0.0005061628180555999, -0.001246525556780398, 0.006278632674366236, -0.002964177867397666, 0.0016192123293876648, 0.0016175297787413, 0.0007338350987993181, -0.00415076594799757, 0.005542150232940912, -0.0032375503797084093, 0.000555922684725374, -0.00019096372125204653], [0.0005151912337169051, -0.001063969568349421, 0.00040798861300572753, -0.002964177867397666, 0.008266947232186794, -0.004518413916230202, 0.0031169718131422997, -0.005542555823922157, 0.004200871102511883, -0.003584754653275013, 0.0021971960086375475, -0.00020693872647825629, -0.005025370512157679], [-0.0005855669733136892, 0.0014502560952678323, -0.0005173883400857449, 0.0016192123293876648, -0.004518413916230202, 0.01211307942867279, -0.0076077585108578205, 0.003266938729211688, -0.0035381405614316463, 0.00024367208243347704, 0.0006790529587306082, 0.0014464484993368387, -0.0013753095408901572], [0.00043018817086704075, -0.0008235687273554504, 0.0006747533334419131, 0.0016175297787413, 0.0031169718131422997, -0.0076077585108578205, 0.014508076012134552, -0.007931106723845005, -0.00014309755351860076, 0.0022119292989373207, -0.001333526917733252, -0.007045835256576538, 0.0024507257621735334], [-4.49351136921905e-05, -0.0002663785417098552, -5.754449375672266e-06, 0.0007338350987993181, -0.005542555823922157, 0.003266938729211688, -0.007931106723845005, 0.015418730676174164, -0.006682690232992172, 0.0040333690121769905, -0.004959938582032919, 0.002033230382949114, -0.000579936895519495], [7.170264871092513e-05, 0.0005663249758072197, -0.001418173429556191, -0.00415076594799757, 0.004200871102511883, -0.0035381405614316463, -0.00014309755351860076, -0.006682690232992172, 0.022107338532805443, -0.01709885336458683, 0.0054253400303423405, 0.002168581122532487, -0.0020608834456652403], [-0.00038312753895297647, -0.00027783948462456465, -0.0006948307855054736, 0.005542150232940912, -0.003584754653275013, 0.00024367208243347704, 0.0022119292989373207, 0.0040333690121769905, -0.01709885336458683, 0.02522256411612034, -0.011116192676126957, 0.0048091779462993145, -0.00339933461509645], [-3.5648881748784333e-05, -4.930846262141131e-05, 0.0012320477981120348, -0.0032375503797084093, 0.0021971960086375475, 0.0006790529587306082, -0.001333526917733252, -0.004959938582032919, 0.0054253400303423405, -0.011116192676126957, 0.025377195328474045, -0.01237644162029028, 0.007899663411080837], [-0.000288334209471941, 0.0004756869748234749, -0.002258065389469266, 0.000555922684725374, -0.00020693872647825629, 0.0014464484993368387, -0.007045835256576538, 0.002033230382949114, 0.002168581122532487, 0.0048091779462993145, -0.01237644162029028, 0.022826271131634712, -0.010640745051205158], [-6.426103209378198e-05, 0.0009361900738440454, 0.0022928244434297085, -0.00019096372125204653, -0.005025370512157679, -0.0013753095408901572, 0.0024507257621735334, -0.000579936895519495, -0.0020608834456652403, -0.00339933461509645, 0.007899663411080837, -0.010640745051205158, 0.02009970135986805]], "metadata.audio_properties.analysis.downmix": "mix", "metadata.audio_properties.codec": "mp3", "metadata.audio_properties.md5_encoded": "7898c2f1c6c0e019d8f7dc42a694765e", "metadata.tags.file_name": "1183702019257675776.mp3", "metadata.version.essentia": "2.1-beta6-dev", "metadata.version.essentia_git_sha": "v2.1_beta5-1110-g77a6a954", "metadata.version.extractor": "music 2.0", "tonal.chords_key": "Bb", "tonal.chords_scale": "major", "tonal.key_edma.key": "F", "tonal.key_edma.scale": "major", "tonal.key_krumhansl.key": "F", "tonal.key_krumhansl.scale": "major", "tonal.key_temperley.key": "F", "tonal.key_temperley.scale": "major", "metadata.tags.encoding": ["Lavf58.45.100"]}, "essentia_models": [{"model_name": "genre_dortmund", "activations": {"alternative": "0.037925098", "blues": "0.009075946", "electronic": "0.7793708", "folkcountry": "0.008793743", "funksoulrnb": "0.05121976", "jazz": "0.08260537", "pop": "0.01584615", "raphiphop": "0.19172162", "rock": "0.028845256"}}, {"model_name": "genre_rosamerica", "activations": {"classic": "0.23748887", "dance": "0.05846944", "hip hop": "0.014566258", "jazz": "0.010293744", "pop": "0.00615556", "rhythm and blues": "0.008330275", "rock": "0.039663408", "speech": 