{"song_id": "1183701129826156554", "download": "https://cdn.discordapp.com/attachments/1135903449314238464/1183701129826156554/chirp.mp4?ex=65894a95&amp", "lyrics": "(Verse 1)\nI am Ismail Haniyeh, living in luxury,\nIn my Qatar villa, that's the life for me.\nWhile Gaza's kids hungry, and their futures fade,\nI'm dining on caviar, in my golden parade.\n\n(Chorus)\nHaniyeh, Haniyeh, let me make it clear,\nI live without guilt, have no reason to fear.\nAs Gaza's young ones starve and cry,\nI'm in opulence, under the desert sky.\n\n(Verse 2)\nI count my riches, while they count their tears,\nIn their darkest hours, I feed on their fears.\nI say I'm a leader, a guiding star,\nBut in reality, I've strayed very far.", "style": ["hip hop</span><span>, rap</span><span>, middle eastern"], "essentia_features": {"lowlevel.average_loudness": 0.9644279479980469, "lowlevel.barkbands_crest.mean": 17.983186721801758, "lowlevel.barkbands_crest.stdev": 7.015331745147705, "lowlevel.barkbands_flatness_db.mean": 0.22131310403347015, "lowlevel.barkbands_flatness_db.stdev": 0.08609189093112946, "lowlevel.barkbands_kurtosis.mean": 48.783836364746094, "lowlevel.barkbands_kurtosis.stdev": 126.90001678466797, "lowlevel.barkbands_skewness.mean": 4.2498698234558105, "lowlevel.barkbands_skewness.stdev": 4.884335517883301, "lowlevel.barkbands_spread.mean": 19.116634368896484, "lowlevel.barkbands_spread.stdev": 15.214533805847168, "lowlevel.dissonance.mean": 0.47521331906318665, "lowlevel.dissonance.stdev": 0.02499786764383316, "lowlevel.dynamic_complexity": 1.8577752113342285, "lowlevel.erbbands_crest.mean": 9.859208106994629, "lowlevel.erbbands_crest.stdev": 4.616179943084717, "lowlevel.erbbands_flatness_db.mean": 0.15288016200065613, "lowlevel.erbbands_flatness_db.stdev": 0.050872232764959335, "lowlevel.erbbands_kurtosis.mean": 1.0632305145263672, "lowlevel.erbbands_kurtosis.stdev": 2.8155198097229004, "lowlevel.erbbands_skewness.mean": -0.2521134316921234, "lowlevel.erbbands_skewness.stdev": 1.0853339433670044, "lowlevel.erbbands_spread.mean": 50.574607849121094, "lowlevel.erbbands_spread.stdev": 31.18025016784668, "lowlevel.hfc.mean": 31.342836380004883, "lowlevel.hfc.stdev": 27.721460342407227, "lowlevel.loudness_ebu128.integrated": -15.219095230102539, "lowlevel.loudness_ebu128.loudness_range": 2.0974197387695312, "lowlevel.loudness_ebu128.momentary.mean": -15.467872619628906, "lowlevel.loudness_ebu128.momentary.stdev": 1.6343586444854736, "lowlevel.loudness_ebu128.short_term.mean": -15.216024398803711, "lowlevel.loudness_ebu128.short_term.stdev": 0.8167222142219543, "lowlevel.melbands_crest.mean": 24.753318786621094, "lowlevel.melbands_crest.stdev": 9.462926864624023, "lowlevel.melbands_flatness_db.mean": 0.2789231538772583, "lowlevel.melbands_flatness_db.stdev": 0.12191963195800781, "lowlevel.melbands_kurtosis.mean": 116.39945983886719, "lowlevel.melbands_kurtosis.stdev": 194.01287841796875, "lowlevel.melbands_skewness.mean": 7.03363037109375, "lowlevel.melbands_skewness.stdev": 5.796988487243652, "lowlevel.melbands_spread.mean": 17.97261619567871, "lowlevel.melbands_spread.stdev": 22.259923934936523, "lowlevel.pitch_salience.mean": 0.3157171308994293, "lowlevel.pitch_salience.stdev": 0.2364417314529419, "lowlevel.silence_rate_20dB.mean": 1.0, "lowlevel.silence_rate_20dB.stdev": 0.0, "lowlevel.silence_rate_30dB.mean": 0.7880935668945312, "lowlevel.silence_rate_30dB.stdev": 0.40866073966026306, "lowlevel.silence_rate_60dB.mean": 0.027639972046017647, "lowlevel.silence_rate_60dB.stdev": 0.16394129395484924, "lowlevel.spectral_centroid.mean": 1822.19970703125, "lowlevel.spectral_centroid.stdev": 855.8894653320312, "lowlevel.spectral_complexity.mean": 17.625797271728516, "lowlevel.spectral_complexity.stdev": 12.226943969726562, "lowlevel.spectral_decrease.mean": -1.8047982663915718e-08, "lowlevel.spectral_decrease.stdev": 1.0665949012889087e-08, "lowlevel.spectral_energy.mean": 0.07096024602651596, "lowlevel.spectral_energy.stdev": 0.04007357731461525, "lowlevel.spectral_energyband_high.mean": 0.0016665994189679623, "lowlevel.spectral_energyband_high.stdev": 0.0025012122932821512, "lowlevel.spectral_energyband_low.mean": 0.05830344930291176, "lowlevel.spectral_energyband_low.stdev": 0.04361940175294876, "lowlevel.spectral_energyband_middle_high.mean": 0.005699179135262966, "lowlevel.spectral_energyband_middle_high.stdev": 0.0066336579620838165, "lowlevel.spectral_energyband_middle_low.mean": 0.005852699279785156, "lowlevel.spectral_energyband_middle_low.stdev": 0.010298979468643665, "lowlevel.spectral_entropy.mean": 7.778562068939209, "lowlevel.spectral_entropy.stdev": 0.44451189041137695, "lowlevel.spectral_flux.mean": 0.09478077292442322, "lowlevel.spectral_flux.stdev": 0.06787338107824326, "lowlevel.spectral_kurtosis.mean": 4.335421562194824, "lowlevel.spectral_kurtosis.stdev": 3.0431034564971924, "lowlevel.spectral_rms.mean": 0.0078035760670900345, "lowlevel.spectral_rms.stdev": 0.002886815695092082, "lowlevel.spectral_rolloff.mean": 1431.1890869140625, "lowlevel.spectral_rolloff.stdev": 2464.51025390625, "lowlevel.spectral_skewness.mean": 1.5197843313217163, "lowlevel.spectral_skewness.stdev": 0.459855318069458, "lowlevel.spectral_spread.mean": 5442713.0, "lowlevel.spectral_spread.stdev": 2416965.0, "lowlevel.spectral_strongpeak.mean": 0.9492777585983276, "lowlevel.spectral_strongpeak.stdev": 0.8079317212104797, "lowlevel.zerocrossingrate.mean": 0.05702405050396919, "lowlevel.zerocrossingrate.stdev": 0.06036345660686493, "metadata.audio_properties.analysis.equal_loudness": 0.0, "metadata.audio_properties.analysis.length": 32.7253303527832, "metadata.audio_properties.analysis.sample_rate": 44100.0, "metadata.audio_properties.analysis.start_time": 0.0, "metadata.audio_properties.bit_rate": 121002.0, "metadata.audio_properties.length": 32.72533416748047, "metadata.audio_properties.lossless": 0.0, "metadata.audio_properties.number_channels": 1.0, "metadata.audio_properties.replay_gain": -9.93521499633789, "metadata.audio_properties.sample_rate": 48000.0, "rhythm.beats_count": 53.0, "rhythm.beats_loudness.mean": 0.07068070024251938, "rhythm.beats_loudness.stdev": 0.02082006074488163, "rhythm.bpm": 97.91874694824219, "rhythm.bpm_histogram_first_peak_bpm": 98.0, "rhythm.bpm_histogram_first_peak_weight": 0.07843142747879028, "rhythm.bpm_histogram_second_peak_bpm": 92.0, "rhythm.bpm_histogram_second_peak_spread": 0.0, "rhythm.bpm_histogram_second_peak_weight": 0.01923076994717121, "rhythm.danceability": 1.0108402967453003, "rhythm.onset_rate": 5.620013236999512, "tonal.chords_changes_rate": 0.09065155684947968, "tonal.chords_number_rate": 0.012747875414788723, "tonal.chords_strength.mean": 0.4978947341442108, "tonal.chords_strength.stdev": 0.06958625465631485, "tonal.hpcp_crest.mean": 13.661368370056152, "tonal.hpcp_crest.stdev": 6.255268573760986, "tonal.hpcp_entropy.mean": 2.095207691192627, "tonal.hpcp_entropy.stdev": 0.8313593864440918, "tonal.key_edma.strength": 0.792519211769104, "tonal.key_krumhansl.strength": 0.7809069156646729, "tonal.key_temperley.strength": 0.7488075494766235, "tonal.tuning_diatonic_strength": 0.6235236525535583, "tonal.tuning_equal_tempered_deviation": 0.1710585206747055, "tonal.tuning_frequency": 434.193115234375, "tonal.tuning_nontempered_energy_ratio": 0.8750911951065063, "lowlevel.barkbands.mean": [0.003175625577569008, 0.052777983248233795, 0.0019021001644432545, 0.0008987394394353032, 0.0008448960725218058, 0.0010818785522133112, 0.0004949942813254893, 0.0013095579342916608, 0.0009098951704800129, 0.0004764623299706727, 0.0004452056309673935, 0.0008254073327407241, 0.0005106456810608506, 0.0004557240172289312, 0.0003779299440793693, 0.000502516923006624, 0.0007359032751992345, 0.0009835577802732587, 0.00045625041821040213, 0.00024846167070791125, 0.00024688401026651263, 0.0001688660413492471, 0.00026833120500668883, 0.0002534878149162978, 0.0003243959217797965, 0.0002827347780112177, 1.8553777181296027e-06], "lowlevel.barkbands.stdev": [0.003823576495051384, 0.041025303304195404, 0.007276197895407677, 0.00467847241088748, 0.0031316266395151615, 0.0017798829358071089, 0.0008743914659135044, 0.003050292609259486, 0.0030768855940550566, 0.001227525295689702, 0.0013353769900277257, 0.0023799887858331203, 0.0014507768210023642, 0.0010277627734467387, 0.0008524117874912918, 0.0013769939541816711, 0.0012036312837153673, 0.0014797538751736283, 0.000718012684956193, 0.0004628170863725245, 0.0004544293333310634, 0.00029742412152700126, 0.00045051195775158703, 0.00043902909965254366, 0.000627001456450671, 0.0005637526046484709, 7.820187420293223e-06], "lowlevel.erbbands.mean": [2.2429966926574707, 8.760536193847656, 4.468114852905273, 2.7043521404266357, 2.6862473487854004, 2.3529627323150635, 6.757447719573975, 7.602028846740723, 8.707067489624023, 7.990930080413818, 42.12470626831055, 17.756290435791016, 17.622055053710938, 11.819785118103027, 23.90010643005371, 32.63672637939453, 24.16160774230957, 25.611881256103516, 19.012048721313477, 22.225067138671875, 30.884328842163086, 44.93995666503906, 55.30234146118164, 30.21343421936035, 20.124502182006836, 11.489044189453125, 11.490077018737793, 7.802770137786865, 6.439168453216553, 6.753152370452881, 7.402466297149658, 5.2012939453125, 4.487441539764404, 3.4601972103118896, 2.412743091583252, 1.439858317375183, 0.4851224720478058, 0.04446723312139511, 0.000900828861631453, 0.00012121527834096923], "lowlevel.erbbands.stdev": [2.0498833656311035, 7.969554901123047, 9.023759841918945, 12.953259468078613, 13.581827163696289, 9.123635292053223, 14.597197532653809, 13.963950157165527, 14.028077125549316, 14.329533576965332, 103.0228500366211, 48.82080078125, 47.45349884033203, 28.340906143188477, 70.76852416992188, 88.92778015136719, 64.2042007446289, 55.31519317626953, 38.48749542236328, 52.10696792602539, 72.16861724853516, 70.71308898925781, 83.07222747802734, 46.32500076293945, 33.243648529052734, 20.283172607421875, 22.334733963012695, 13.59804916381836, 11.437596321105957, 11.467351913452148, 12.449374198913574, 8.900954246520996, 8.138059616088867, 6.732681751251221, 4.862512111663818, 2.8824970722198486, 0.9889804124832153, 0.09703025221824646, 0.0018412511562928557, 9.089349623536691e-05], "lowlevel.gfcc.mean": [-1.1903709173202515, 48.0862922668457, -110.235595703125, 36.013580322265625, -43.72998046875, 23.793249130249023, -32.764991760253906, 30.951261520385742, -15.817727088928223, 12.272207260131836, -3.47529673576355, 12.750627517700195, -10.298946380615234], "lowlevel.melbands.mean": [0.016892746090888977, 0.0051649478264153, 0.0004570368037093431, 0.00016892752319108695, 0.00020390740246511996, 0.0001864576042862609, 0.00013161332753952593, 0.00010461524652782828, 0.00035733351251110435, 9.516616410110146e-05, 8.440824603894725e-05, 4.26309670729097e-05, 6.918029976077378e-05, 9.845292515819892e-05, 6.323750858427957e-05, 4.851007179240696e-05, 4.841671761823818e-05, 2.961365862574894e-05, 2.8047332307323813e-05, 3.253233808209188e-05, 3.5818615288008004e-05, 4.172703847871162e-05, 6.090114766266197e-05, 3.888648279826157e-05, 2.280171975144185e-05, 1.670184065005742e-05, 1.0652174751157872e-05, 6.809651040384779e-06, 7.171347988332855e-06, 6.428669621527661e-06, 3.879058112943312e-06, 3.6887056467094226e-06, 3.1418041999131674e-06, 4.249386165611213e-06, 4.46020794697688e-06, 3.6431495118449675e-06, 3.0419107588386396e-06, 3.160903133903048e-06, 2.9333780275919707e-06, 2.930978325821343e-06], "lowlevel.melbands.stdev": [0.013701815158128738, 0.005890859290957451, 0.0022132147569209337, 0.0007891667191870511, 0.00044429590343497694, 0.0003188698028679937, 0.00021056158584542572, 0.00020185434550512582, 0.0009320809040218592, 0.00026148735196329653, 0.00023273189435712993, 0.0001102742608054541, 0.0002068756293738261, 0.0002948369365185499, 0.0001966163399629295, 0.00013320708239916712, 0.00011076650116592646, 6.528996163979173e-05, 6.702424434479326e-05, 9.425831376574934e-05, 8.269861427834257e-05, 7.108622958185151e-05, 9.920160664478317e-05, 6.180082709761336e-05, 3.7260502722347155e-05, 2.8762646252289414e-05, 1.988902840821538e-05, 1.2897993656224571e-05, 1.4675876627734397e-05, 1.2114363016735297e-05, 6.976626082177972e-06, 6.784264314774191e-06, 5.661493105435511e-06, 7.66035827837186e-06, 7.90609647083329e-06, 6.104066414991394e-06, 5.554049494094215e-06, 5.831920134369284e-06, 5.6161434258683585e-06, 5.929790859227069e-06], "lowlevel.melbands128.mean": [0.0031064951326698065, 0.019826196134090424, 0.022613955661654472, 0.01186284888535738, 0.003229153109714389, 0.000800449401140213, 0.0005348914419300854, 0.0004103371757082641, 0.0002609231451060623, 0.00014834526518825442, 0.0001011343629215844, 0.000165287172421813, 0.0002813731844071299, 0.00019382592290639877, 0.00011246963549638167, 0.00025888613890856504, 0.00019206057186238468, 7.772371463943273e-05, 0.00010499549534870312, 5.8585748774930835e-05, 6.999930337769911e-05, 0.00031571940053254366, 0.0005051392945460975, 0.00028958686743862927, 5.5158041504910216e-05, 3.5251181543571874e-05, 9.295083145843819e-05, 0.00012651985161937773, 3.632411971921101e-05, 3.363299401826225e-05, 4.3852236558450386e-05, 6.184170342748985e-05, 6.145895895315334e-05, 8.098258695099503e-05, 0.00010086067777592689, 0.00011420296505093575, 8.072741911746562e-05, 6.073221084079705e-05, 4.911421274300665e-05, 5.536226672120392e-05, 4.976765558240004e-05, 3.6657380405813456e-05, 5.617219358100556e-05, 5.145310933585279e-05, 2.8734479201375507e-05, 2.7264526579529047e-05, 2.8724665753543377e-05, 2.518680594221223e-05, 3.092043334618211e-05, 2.8767008188879117e-05, 2.9945826099719852e-05, 4.002127388957888e-05, 3.513729097903706e-05, 3.680528243421577e-05, 3.288514562882483e-05, 4.125999112147838e-05, 4.857049498241395e-05, 5.770216012024321e-05, 7.403886411339045e-05, 4.989434819435701e-05, 3.7817480915691704e-05, 2.7705988031812012e-05, 2.919292455771938e-05, 1.8950808225781657e-05, 1.73666649061488e-05, 1.8170851035392843e-05, 1.5456795154022984e-05, 1.2352560588624328e-05, 9.81085395324044e-06, 7.91062120697461e-06, 6.243515144888079e-06, 6.363272859744029e-06, 7.457762421836378e-06, 6.8391509557841346e-06, 7.597254352731397e-06, 7.35586309019709e-06, 5.8325986174168065e-06, 3.876604296237929e-06, 3.901185664290097e-06, 3.272729827585863e-06, 3.879598352796165e-06, 3.87449154004571e-06, 3.2957234452624107e-06, 3.1440199563803617e-06, 2.8303124963713344e-06, 3.334517032271833e-06, 4.838573659071699e-06, 5.975631665933179e-06, 3.7688300835725386e-06, 4.097343662579078e-06, 4.412253474583849e-06, 3.238303634134354e-06, 2.8750739602401154e-06, 3.177465032422333e-06, 2.925674607467954e-06, 3.1956856219039764e-06, 3.2248840398096945e-06, 3.120364681308274e-06, 2.9545628876803676e-06, 2.8630063297896413e-06, 2.7791058982984396e-06, 3.324331601106678e-06, 2.496720981071121e-06, 2.702581241464941e-06, 2.640307457113522e-06, 2.820142753989785e-06, 2.7832452360598836e-06, 2.769258344414993e-06, 2.543397840781836e-06, 2.3218535716296174e-06, 2.2141250610729912e-06, 1.7925382280736812e-06, 1.5970222193573136e-06, 1.2035603731419542e-06, 8.059026868068031e-07, 4.372816988507111e-07, 8.800326867230979e-08, 3.5014918742248824e-10, 8.24627033324532e-11, 4.091678384998687e-11, 5.0125854855753715e-11, 2.2296680127209534e-11, 9.232724827723526e-12, 9.051216373623383e-12, 8.859826934604076e-12, 8.651858743324858e-12, 8.523786711178705e-12, 8.466478386426335e-12], "lowlevel.melbands128.stdev": [0.0037599944043904543, 0.020613301545381546, 0.018941747024655342, 0.013036112301051617, 0.006210779305547476, 0.003431929275393486, 0.002829728415235877, 0.0021502540912479162, 0.0013605901040136814, 0.0008095628581941128, 0.00045741163194179535, 0.0004602107510436326, 0.0006621234933845699, 0.0004616683872882277, 0.00032224878668785095, 0.0005299466429278255, 0.00035665673203766346, 0.00019396422430872917, 0.0002619827282615006, 0.00015652012370992452, 0.00017939237295649946, 0.0009307186119258404, 0.001410597120411694, 0.001229583634994924, 0.00019122814410366118, 0.0001268022315343842, 0.00026433993480168283, 0.00040898998850025237, 0.00012214976595714688, 0.0001265261380467564, 0.00012338619853835553, 0.00021559892047662288, 0.00024455483071506023, 0.0003463974571786821, 0.00044121252722106874, 0.0003958054294344038, 0.0002568841737229377, 0.0002649787347763777, 0.000217710345168598, 0.0001834984723245725, 0.0001656421518418938, 0.000120337019325234, 0.0001488933339715004, 0.00014604287571273744, 9.114428394241259e-05, 7.415446452796459e-05, 7.57761299610138e-05, 7.822379848221317e-05, 9.469129145145416e-05, 7.50702602090314e-05, 0.00012928014621138573, 0.00012853083899244666, 0.00010591073078103364, 8.883795817382634e-05, 6.86270504957065e-05, 8.351477299584076e-05, 9.979991591535509e-05, 0.00011300051846774295, 0.00014034569903742522, 9.650735592003912e-05, 7.475086022168398e-05, 5.245823922450654e-05, 5.6985219998750836e-05, 3.378522887942381e-05, 3.385886157047935e-05, 3.664128962554969e-05, 2.974893868668005e-05, 3.047468635486439e-05, 2.049326394626405e-05, 1.4844385987089481e-05, 1.3444673641060945e-05, 1.3548842616728507e-05, 1.7729460523696616e-05, 1.528480242996011e-05, 1.7342901628580876e-05, 1.4638103493780363e-05, 1.185845940199215e-05, 7.51938887333381e-06, 7.652913154743146e-06, 6.7851792664441746e-06, 8.016061656235252e-06, 7.483268746000249e-06, 6.622582077397965e-06, 6.372811185428873e-06, 5.224090273259208e-06, 6.499900337075815e-06, 9.813300493988208e-06, 1.391802743455628e-05, 7.43846476325416e-06, 7.582983471365878e-06, 8.199708645406645e-06, 5.723552931158338e-06, 5.531680926651461e-06, 6.596364073629957e-06, 5.717247859138297e-06, 6.099686743255006e-06, 6.5915064624277875e-06, 6.741660399711691e-06, 5.9047624745289795e-06, 6.401103746611625e-06, 6.114613825047854e-06, 7.12372457201127e-06, 5.51521361558116e-06, 6.158536052680574e-06, 6.056160145817557e-06, 5.977004548185505e-06, 5.898416475247359e-06, 6.362161457218463e-06, 5.322860033629695e-06, 4.942359737469815e-06, 5.0276339607080445e-06, 3.962755272368668e-06, 3.6055289456271566e-06, 2.6270422495144885e-06, 1.8212526811112184e-06, 1.2000841707049403e-06, 3.1518246146333695e-07, 3.4098004420002326e-09, 2.534788157149137e-09, 1.1224262630449289e-09, 1.4965853001314144e-09, 4.764464933693091e-10, 1.2312454875096357e-11, 1.2078385167035854e-11, 1.1884629565195315e-11, 1.1730698877554513e-11, 1.162067577581416e-11, 1.1552792576752235e-11], "lowlevel.mfcc.mean": [-648.288818359375, 86.31505584716797, -2.525876522064209, 21.361665725708008, 16.350513458251953, 0.6106273531913757, 7.7569403648376465, 16.08809471130371, 2.0947303771972656, 6.164390563964844, 10.510968208312988, 12.813441276550293, 7.000036716461182], "lowlevel.spectral_contrast_coeffs.mean": [-0.6692833304405212, -0.7470363974571228, -0.7933549284934998, -0.7988624572753906, -0.769472062587738, -0.7800096869468689], "lowlevel.spectral_contrast_coeffs.stdev": [0.08559171110391617, 0.08729105442762375, 0.06351422518491745, 0.05636874586343765, 0.06196277216076851, 0.03735697269439697], "lowlevel.spectral_contrast_valleys.mean": [-7.628498077392578, -7.298886775970459, -7.50895881652832, -7.6128010749816895, -7.355813503265381, -9.883012771606445], "lowlevel.spectral_contrast_valleys.stdev": [1.275469183921814, 0.8037404417991638, 0.7673371434211731, 0.742181658744812, 0.7866671085357666, 1.0039668083190918], "rhythm.beats_loudness_band_ratio.mean": [0.5667705535888672, 0.03486095368862152, 0.13784010708332062, 0.08665188401937485, 0.11362181603908539, 0.07552224397659302], "rhythm.beats_loudness_band_ratio.stdev": [0.3548121750354767, 0.04041304811835289, 0.20244421064853668, 0.0961272343993187, 0.11429413408041, 0.07026176154613495], "tonal.hpcp.mean": [0.03607461228966713, 0.025127049535512924, 0.022486291825771332, 0.029177330434322357, 0.027435438707470894, 0.024394594132900238, 0.034292351454496384, 0.034221429377794266, 0.04308164864778519, 0.1463462859392166, 0.14882823824882507, 0.05217069759964943, 0.04060593619942665, 0.04271336644887924, 0.08504609763622284, 0.1629648059606552, 0.12790192663669586, 0.08434364199638367, 0.1833563596010208, 0.15601034462451935, 0.0497654527425766, 0.03768498823046684, 0.03810250014066696, 0.050302695482969284, 0.06618930399417877, 0.058027785271406174, 0.049262844026088715, 0.05375739932060242, 0.04979531839489937, 0.08776736259460449, 0.30527180433273315, 0.45109444856643677, 0.25482016801834106, 0.07620920240879059, 0.052163489162921906, 0.042166512459516525], "tonal.hpcp.stdev": [0.11190757155418396, 0.08197011053562164, 0.08273955434560776, 0.08707988262176514, 0.07898639887571335, 0.07994036376476288, 0.11301326751708984, 0.11111227422952652, 0.12547437846660614, 0.3121979534626007, 0.3132416307926178, 0.14605805277824402, 0.12506525218486786, 0.1374383419752121, 0.17972934246063232, 0.31518810987472534, 0.23980461061000824, 0.18731056153774261, 0.3448716998100281, 0.29623943567276, 0.1301390677690506, 0.11004407703876495, 0.1098468080163002, 0.13185089826583862, 0.17186111211776733, 0.1668509989976883, 0.1445218324661255, 0.16268795728683472, 0.14873294532299042, 0.19468629360198975, 0.34081608057022095, 0.4414187967777252, 0.3264021575450897, 0.20972047746181488, 0.15470442175865173, 0.13566382229328156], "rhythm.beats_position": [0.650158703327179, 1.300317406654358, 1.9272562265396118, 2.554194927215576, 3.1579136848449707, 3.773242473602295, 4.388571262359619, 4.992290019989014, 5.607618808746338, 6.222947597503662, 6.838276386260986, 7.4536051750183105, 8.057324409484863, 8.672653198242188, 9.287981986999512, 9.891700744628906, 10.50702953338623, 11.122358322143555, 11.72607707977295, 12.353015899658203, 12.956734657287598, 13.572063446044922, 14.187392234802246, 14.79111099243164, 15.406439781188965, 16.02176856994629, 16.625486373901367, 17.240816116333008, 17.856143951416016, 18.471473693847656, 19.086801528930664, 19.690521240234375, 20.305849075317383, 20.921178817749023, 21.5248966217041, 22.140226364135742, 22.75555419921875, 23.35927391052246, 23.9746036529541, 24.58993148803711, 25.19365119934082, 25.808979034423828, 26.42430877685547, 27.039636611938477, 27.654966354370117, 28.258684158325195, 28.874013900756836, 29.489341735839844, 30.093061447143555, 30.708389282226562, 31.323719024658203, 31.95065689086914, 32.55437469482422], "rhythm.bpm_histogram": [0.0, 0.0, 0.0, 0.0, 0.0, 0.0, 0.0, 0.0, 0.0, 0.0, 0.0, 0.0, 0.0, 0.0, 0.0, 0.0, 0.0, 0.0, 0.0, 0.0, 0.0, 0.0, 0.0, 0.0, 0.0, 0.0, 0.0, 0.0, 0.0, 0.0, 0.0, 0.0, 0.0, 0.0, 0.0, 0.0, 0.0, 0.0, 0.0, 0.0, 0.0, 0.0, 0.0, 0.0, 0.0, 0.0, 0.0, 0.0, 0.0, 0.0, 0.0, 0.0, 0.0, 0.0, 0.0, 0.0, 0.0, 0.0, 0.0, 0.0, 0.0, 0.0, 0.0, 0.0, 0.0, 0.0, 0.0, 0.0, 0.0, 0.0, 0.0, 0.0, 0.0, 0.0, 0.0, 0.0, 0.0, 0.0, 0.0, 0.0, 0.0, 0.0, 0.0, 0.0, 0.0, 0.0, 0.0, 0.0, 0.0, 0.0, 0.0, 0.0, 0.01923076994717121, 0.0, 0.0, 0.0, 0.07692307978868484, 0.0, 0.6153846383094788, 0.2884615361690521, 0.0, 0.0, 0.0, 0.0, 0.0, 0.0, 0.0, 0.0, 0.0, 0.0, 0.0, 0.0, 0.0, 0.0, 0.0, 0.0, 0.0, 0.0, 0.0, 0.0, 0.0, 0.0, 0.0, 0.0, 0.0, 0.0, 0.0, 0.0, 0.0, 0.0, 0.0, 0.0, 0.0, 0.0, 0.0, 0.0, 0.0, 0.0, 0.0, 0.0, 0.0, 0.0, 0.0, 0.0, 0.0, 0.0, 0.0, 0.0, 0.0, 0.0, 0.0, 0.0, 0.0, 0.0, 0.0, 0.0, 0.0, 0.0, 0.0, 0.0, 0.0, 0.0, 0.0, 0.0, 0.0, 0.0, 0.0, 0.0, 0.0, 0.0, 0.0, 0.0, 0.0, 0.0, 0.0, 0.0, 0.0, 0.0, 0.0, 0.0, 0.0, 0.0, 0.0, 0.0, 0.0, 0.0, 0.0, 0.0, 0.0, 0.0, 0.0, 0.0, 0.0, 0.0, 0.0, 0.0, 0.0, 0.0, 0.0, 0.0, 0.0, 0.0, 0.0, 0.0, 0.0, 0.0, 0.0, 0.0, 0.0, 0.0, 0.0, 0.0, 0.0, 0.0, 0.0, 0.0, 0.0, 0.0, 0.0, 0.0, 0.0, 0.0, 0.0, 0.0, 0.0, 0.0, 0.0, 0.0, 0.0, 0.0, 0.0, 0.0, 0.0, 0.0, 0.0, 0.0, 0.0, 0.0, 0.0, 0.0, 0.0, 0.0, 0.0, 0.0, 0.0, 0.0, 0.0, 0.0, 0.0, 0.0], "tonal.chords_histogram": [10.481586456298828, 5.09915018081665, 19.97167205810547, 0.0, 0.0, 2.4079320430755615, 0.0, 7.6487250328063965, 0.4249291718006134, 37.67705535888672, 0.0, 0.0, 0.0, 0.0, 0.0, 0.0, 0.14164306223392487, 0.0, 0.0, 0.0, 0.0, 1.4164305925369263, 10.056656837463379, 4.674221038818359], "tonal.thpcp": [1.0, 0.5648931860923767, 0.1689428985118866, 0.11563762277364731, 0.09347601979970932, 0.0799713060259819, 0.055702414363622665, 0.049848299473524094, 0.06468120217323303, 0.06081972271203995, 0.054078683257102966, 0.07602033764123917, 0.07586311548948288, 0.09550471603870392, 0.3244249224662781, 0.329926997423172, 0.11565360426902771, 0.09001648426055908, 0.0946882963180542, 0.18853279948234558, 0.3612653911113739, 0.2835369110107422, 0.18697556853294373, 0.40647000074386597, 0.3458485007286072, 0.11032158136367798, 0.08354123681783676, 0.08446679264307022, 0.11151255667209625, 0.1467304825782776, 0.12863777577877045, 0.109207384288311, 0.11917105317115784, 0.11038778722286224, 0.19456538558006287, 0.6767358779907227], "lowlevel.gfcc.cov": [[4220.1337890625, -595.0543823242188, 198.10214233398438, 112.78230285644531, 44.95765686035156, 134.88735961914062, -102.38900756835938, 239.58523559570312, -40.340301513671875, 231.13723754882812, -200.5368194580078, 147.6444854736328, -236.98178100585938], [-595.0543823242188, 2189.796875, 208.2928466796875, 291.79608154296875, 823.9488525390625, 145.2412872314453, 363.8789978027344, 95.94624328613281, 214.58860778808594, -125.69404602050781, 299.33245849609375, 62.86854934692383, 105.50404357910156], [198.10214233398438, 208.2928466796875, 2078.653564453125, 831.8939819335938, 1236.4693603515625, 763.4248046875, 589.5560913085938, 375.7117614746094, 108.94641876220703, 399.5148620605469, 115.47810363769531, 368.7648620605469, -43.47662353515625], [112.78230285644531, 291.79608154296875, 831.8939819335938, 913.5712890625, 789.6206665039062, 435.3664855957031, 357.23577880859375, 224.4432373046875, 201.2411346435547, 160.5118865966797, 194.46258544921875, 183.4871063232422, 129.21368408203125], [44.95765686035156, 823.9488525390625, 1236.4693603515625, 789.6206665039062, 1536.47802734375, 699.417724609375, 605.2411499023438, 446.1235046386719, 204.0243377685547, 247.6067657470703, 253.98419189453125, 351.3798828125, 12.305121421813965], [134.88735961914062, 145.2412872314453, 763.4248046875, 435.3664855957031, 699.417724609375, 674.1447143554688, 511.19140625, 250.3348846435547, 138.19210815429688, 200.25509643554688, 149.02490234375, 157.37521362304688, 2.5049538612365723], [-102.38900756835938, 363.8789978027344, 589.5560913085938, 357.23577880859375, 605.2411499023438, 511.19140625, 586.8333740234375, 264.0650329589844, 157.73760986328125, 150.45713806152344, 170.27365112304688, 135.82147216796875, 19.517471313476562], [239.58523559570312, 95.94624328613281, 375.7117614746094, 224.4432373046875, 446.1235046386719, 250.3348846435547, 264.0650329589844, 317.9452209472656, 143.6436004638672, 138.48342895507812, 91.78694915771484, 128.9340362548828, -15.671452522277832], [-40.340301513671875, 214.58860778808594, 108.94641876220703, 201.2411346435547, 204.0243377685547, 138.19210815429688, 157.73760986328125, 143.6436004638672, 267.1156311035156, 111.77880859375, 98.26719665527344, 13.55894947052002, 68.18938446044922], [231.13723754882812, -125.69404602050781, 399.5148620605469, 160.5118865966797, 247.6067657470703, 200.25509643554688, 150.45713806152344, 138.48342895507812, 111.77880859375, 259.2944030761719, 60.889060974121094, 101.30098724365234, -7.71480655670166], [-200.5368194580078, 299.33245849609375, 115.47810363769531, 194.46258544921875, 253.98419189453125, 149.02490234375, 170.27365112304688, 91.78694915771484, 98.26719665527344, 60.889060974121094, 246.33514404296875, 120.50078582763672, 81.42391204833984], [147.6444854736328, 62.86854934692383, 368.7648620605469, 183.4871063232422, 351.3798828125, 157.37521362304688, 135.82147216796875, 128.9340362548828, 13.55894947052002, 101.30098724365234, 120.50078582763672, 243.3302764892578, 39.42314529418945], [-236.98178100585938, 105.50404357910156, -43.47662353515625, 129.21368408203125, 12.305121421813965, 2.5049538612365723, 19.517471313476562, -15.671452522277832, 68.18938446044922, -7.71480655670166, 81.42391204833984, 39.42314529418945, 155.1464385986328]], "lowlevel.gfcc.icov": [[0.0004031070857308805, -0.00021377814118750393, 0.0002709162072278559, -0.0004896988393738866, 0.0004663144936785102, -0.0005435639759525657, 0.0005002463585697114, -0.0005608340725302696, 0.00019280290871392936, -0.0005008646985515952, 0.0007488863775506616, -0.0008384545799344778, 0.0008074616198427975], [-0.00021377814118750393, 0.001441403990611434, -0.0003639048372860998, 0.0009193719597533345, -0.0017009912990033627, 0.0015901571605354548, -0.001310768653638661, 0.0015687380218878388, -0.0013458345783874393, 0.0016785631887614727, -0.0016856661532074213, 0.0012351225595921278, -0.0004960139631293714], [0.0002709162072278559, -0.0003639048372860998, 0.0019038987811654806, -0.001317957416176796, 5.229302041698247e-05, -0.0009765560389496386, 8.071852789726108e-05, -0.00013176329957786947, 0.0009121464099735022, -0.001918100519105792, 0.0019153193570673466, -0.0017814014572650194, 0.0012318069348111749], [-0.0004896988393738866, 0.0009193719597533345, -0.001317957416176796, 0.004008281510323286, -0.0021988661028444767, 0.0008473907364532351, -0.0006111847469583154, 0.0011373128509148955, -0.0014582084259018302, 0.00172180007211864, -0.0021850315388292074, 0.0024083915632218122, -0.003467049915343523], [0.0004663144936785102, -0.0017009912990033627, 5.229302041698247e-05, -0.0021988661028444767, 0.004640054889023304, -0.0028042446356266737, 0.0016159235965460539, -0.003079136833548546, 0.0010314390528947115, -0.00102542107924819, 0.0018184944055974483, -0.0033195558935403824, 0.002262737601995468], [-0.0005435639759525657, 0.0015901571605354548, -0.0009765560389496386, 0.0008473907364532351, -0.0028042446356266737, 0.00793377123773098, -0.0055717830546200275, 0.002622185740619898, -0.0010130092268809676, 0.0006112902192398906, -0.0023258072324097157, 0.0024763077963143587, -0.0007638992392458022], [0.0005002463585697114, -0.001310768653638661, 8.071852789726108e-05, -0.0006111847469583154, 0.0016159235965460539, -0.0055717830546200275, 0.007884175516664982, -0.003926394507288933, 0.000812578946352005, -0.0006911171949468553, 0.00014691600517835468, -0.000577883271034807, 0.0004387037188280374], [-0.0005608340725302696, 0.0015687380218878388, -0.00013176329957786947, 0.0011373128509148955, -0.003079136833548546, 0.002622185740619898, -0.003926394507288933, 0.010894428938627243, -0.005408525001257658, 0.0014564248267561197, -0.0011078427778556943, -0.0016904090298339725, 0.002349206479266286], [0.00019280290871392936, -0.0013458345783874393, 0.0009121464099735022, -0.0014582084259018302, 0.0010314390528947115, -0.0010130092268809676, 0.000812578946352005, -0.005408525001257658, 0.010846766643226147, -0.005402261391282082, -1.2212953151902184e-05, 0.0038306976202875376, -0.004037150647491217], [-0.0005008646985515952, 0.0016785631887614727, -0.001918100519105792, 0.00172180007211864, -0.00102542107924819, 0.0006112902192398906, -0.0006911171949468553, 0.0014564248267561197, -0.005402261391282082, 0.010376877151429653, -0.0026611676439642906, -0.0006661294610239565, 0.0008837600471451879], [0.0007488863775506616, -0.0016856661532074213, 0.0019153193570673466, -0.0021850315388292074, 0.0018184944055974483, -0.0023258072324097157, 0.00014691600517835468, -0.0011078427778556943, -1.2212953151902184e-05, -0.0026611676439642906, 0.011112546548247337, -0.006293224636465311, 4.975294723408297e-05], [-0.0008384545799344778, 0.0012351225595921278, -0.0017814014572650194, 0.0024083915632218122, -0.0033195558935403824, 0.0024763077963143587, -0.000577883271034807, -0.0016904090298339725, 0.0038306976202875376, -0.0006661294610239565, -0.006293224636465311, 0.013814419507980347, -0.006424665916711092], [0.0008074616198427975, -0.0004960139631293714, 0.0012318069348111749, -0.003467049915343523, 0.002262737601995468, -0.0007638992392458022, 0.0004387037188280374, 0.002349206479266286, -0.004037150647491217, 0.0008837600471451879, 4.975294723408297e-05, -0.006424665916711092, 0.014688651077449322]], "lowlevel.mfcc.cov": [[4106.9189453125, -717.7124633789062, -274.3485412597656, -205.32032775878906, -227.33218383789062, -258.8618469238281, -317.8653259277344, -161.88705444335938, -59.295982360839844, -19.0677547454834, -18.92692756652832, -51.45637130737305, -33.469970703125], [-717.7124633789062, 1910.720947265625, -56.66069793701172, 340.2667541503906, 473.2262878417969, 234.27418518066406, 324.023193359375, 381.0960693359375, 42.75371551513672, 46.89671325683594, 191.0543212890625, 104.75440979003906, 34.77159118652344], [-274.3485412597656, -56.66069793701172, 909.6385498046875, 362.8760986328125, 344.0616760253906, 444.1892395019531, 340.5069885253906, 169.4619598388672, 179.22018432617188, 131.91595458984375, 128.4166259765625, 117.13599395751953, 128.33148193359375], [-205.32032775878906, 340.2667541503906, 362.8760986328125, 722.05615234375, 594.3961791992188, 360.5484619140625, 314.1183776855469, 287.7069396972656, 158.1443328857422, 119.55706024169922, 120.22955322265625, 117.70021057128906, 163.89707946777344], [-227.33218383789062, 473.2262878417969, 344.0616760253906, 594.3961791992188, 840.1260375976562, 462.71600341796875, 421.3956604003906, 383.9419250488281, 181.3177032470703, 150.6071014404297, 208.73031616210938, 146.41563415527344, 152.95083618164062], [-258.8618469238281, 234.27418518066406, 444.1892395019531, 360.5484619140625, 462.71600341796875, 623.330078125, 482.9858093261719, 314.8244934082031, 228.71548461914062, 162.17250061035156, 195.84104919433594, 185.93348693847656, 132.93479919433594], [-317.8653259277344, 324.023193359375, 340.5069885253906, 314.1183776855469, 421.3956604003906, 482.9858093261719, 605.1571655273438, 410.0233154296875, 175.8232879638672, 122.4849853515625, 219.10169982910156, 195.9022674560547, 127.40270233154297], [-161.88705444335938, 381.0960693359375, 169.4619598388672, 287.7069396972656, 383.9419250488281, 314.8244934082031, 410.0233154296875, 438.0114440917969, 172.45147705078125, 102.45753479003906, 183.90403747558594, 161.16444396972656, 115.95068359375], [-59.295982360839844, 42.75371551513672, 179.22018432617188, 158.1443328857422, 181.3177032470703, 228.71548461914062, 175.8232879638672, 172.45147705078125, 251.8785400390625, 162.02587890625, 116.80404663085938, 96.52456665039062, 75.29307556152344], [-19.0677547454834, 46.89671325683594, 131.91595458984375, 119.55706024169922, 150.6071014404297, 162.17250061035156, 122.4849853515625, 102.45753479003906, 162.02587890625, 217.0245819091797, 150.78639221191406, 80.75779724121094, 54.59505844116211], [-18.92692756652832, 191.0543212890625, 128.4166259765625, 120.22955322265625, 208.73031616210938, 195.84104919433594, 219.10169982910156, 183.90403747558594, 116.80404663085938, 150.78639221191406, 247.451904296875, 144.38137817382812, 61.88938903808594], [-51.45637130737305, 104.75440979003906, 117.13599395751953, 117.70021057128906, 146.41563415527344, 185.93348693847656, 195.9022674560547, 161.16444396972656, 96.52456665039062, 80.75779724121094, 144.38137817382812, 180.50291442871094, 98.21378326416016], [-33.469970703125, 34.77159118652344, 128.33148193359375, 163.89707946777344, 152.95083618164062, 132.93479919433594, 127.40270233154297, 115.95068359375, 75.29307556152344, 54.59505844116211, 61.88938903808594, 98.21378326416016, 150.37767028808594]], "lowlevel.mfcc.icov": [[0.00027984072221443057, 0.00012683613749686629, 7.602299592690542e-05, -1.683900882198941e-05, 1.1823414070022409e-06, -5.370592407416552e-05, 0.0002486072771716863, -0.00016168010188266635, 5.209082883084193e-05, 6.049968214938417e-05, -0.0002591228694655001, 7.159374217735603e-05, -4.1413644794374704e-05], [0.00012683613749686629, 0.0007996683125384152, 0.0002589485375210643, -0.00022327415354084224, -0.00014538117102347314, -0.00016968758427537978, 0.0002370236616116017, -0.0007014295551925898, 0.0004110487934667617, 0.00013646905426867306, -0.0005198512808419764, 0.00014713015116285533, 0.0003660978109110147], [7.602299592690542e-05, 0.0002589485375210643, 0.0020181587897241116, -0.0006458591669797897, 0.00015157004236243665, -0.0010680591221898794, -0.0005394743056967854, 0.0008084993460215628, -0.0003578734176699072, 0.00024299114011228085, -0.0005516018136404455, 0.000640251615550369, -0.0005378359346650541], [-1.683900882198941e-05, -0.00022327415354084224, -0.0006458591669797897, 0.0040450007654726505, -0.0023958594538271427, 0.00013245167792774737, 0.00016182199760805815, -0.0003426803450565785, -3.6996605103922775e-06, -0.0007427342352457345, 0.0015196657041087747, -0.00016076373867690563, -0.0016116407932713628], [1.1823414070022409e-06, -0.00014538117102347314, 0.00015157004236243665, -0.0023958594538271427, 0.004303199704736471, -0.0016893356805667281, 0.0005622592871077359, -0.0015449600759893656, 0.0007555630872957408, 7.489191193599254e-05, -0.0017974510556086898, 0.0018565877107903361, -0.0005310599226504564], [-5.370592407416552e-05, -0.00016968758427537978, -0.0010680591221898794, 0.00013245167792774737, -0.0016893356805667281, 0.007072154898196459, -0.004423794336616993, 0.002233067061752081, -0.002732500433921814, -0.0002488338795956224, 0.001279391348361969, -0.0022386470809578896, 0.0006809266051277518], [0.0002486072771716863, 0.0002370236616116017, -0.0005394743056967854, 0.00016182199760805815, 0.0005622592871077359, -0.004423794336616993, 0.008954771794378757, -0.0059783137403428555, 0.0023641404695808887, 0.0002835672057699412, -0.0015411290805786848, -0.00039915184606797993, 0.0002546332834754139], [-0.00016168010188266635, -0.0007014295551925898, 0.0008084993460215628, -0.0003426803450565785, -0.0015449600759893656, 0.002233067061752081, -0.0059783137403428555, 0.010452333837747574, -0.004572076257318258, 0.002596452832221985, -0.0012654161546379328, -0.0009309093002229929, -0.0011120561975985765], [5.209082883084193e-05, 0.0004110487934667617, -0.0003578734176699072, -3.6996605103922775e-06, 0.0007555630872957408, -0.002732500433921814, 0.0023641404695808887, -0.004572076257318258, 0.011760411784052849, -0.007558061275631189, 0.0023941039107739925, -0.001076149637810886, -3.1390551157528535e-05], [6.049968214938417e-05, 0.00013646905426867306, 0.00024299114011228085, -0.0007427342352457345, 7.489191193599254e-05, -0.0002488338795956224, 0.0002835672057699412, 0.002596452832221985, -0.007558061275631189, 0.01439126767218113, -0.008529440499842167, 0.0030366729479283094, -0.001427866518497467], [-0.0002591228694655001, -0.0005198512808419764, -0.0005516018136404455, 0.0015196657041087747, -0.0017974510556086898, 0.001279391348361969, -0.0015411290805786848, -0.0012654161546379328, 0.0023941039107739925, -0.008529440499842167, 0.0152050219476223, -0.008883138187229633, 0.003297438845038414], [7.159374217735603e-05, 0.00014713015116285533, 0.000640251615550369, -0.00016076373867690563, 0.0018565877107903361, -0.0022386470809578896, -0.00039915184606797993, -0.0009309093002229929, -0.001076149637810886, 0.0030366729479283094, -0.008883138187229633, 0.017772218212485313, -0.007757673505693674], [-4.1413644794374704e-05, 0.0003660978109110147, -0.0005378359346650541, -0.0016116407932713628, -0.0005310599226504564, 0.0006809266051277518, 0.0002546332834754139, -0.0011120561975985765, -3.1390551157528535e-05, -0.001427866518497467, 0.003297438845038414, -0.007757673505693674, 0.013595173135399818]], "metadata.audio_properties.analysis.downmix": "mix", "metadata.audio_properties.codec": "mp3", "metadata.audio_properties.md5_encoded": "56cb8bdd4db887385056b58fa187ef3c", "metadata.tags.file_name": "1183701129826156554.mp3", "metadata.version.essentia": "2.1-beta6-dev", "metadata.version.essentia_git_sha": "v2.1_beta5-1110-g77a6a954", "metadata.version.extractor": "music 2.0", "tonal.chords_key": "G", "tonal.chords_scale": "major", "tonal.key_edma.key": "C", "tonal.key_edma.scale": "minor", "tonal.key_krumhansl.key": "C", "tonal.key_krumhansl.scale": "minor", "tonal.key_temperley.key": "C", "tonal.key_temperley.scale": "minor", "metadata