{"song_id": "1183690581315174480", "download": "https://cdn.discordapp.com/attachments/1135911532732108921/1183690581315174480/chirp.mp4?ex=658940c2&amp", "lyrics": "\u0421\u0442\u0440\u0430\u0431\u0430\u0441\u043a\u043e\u043f \u043c\u0435\u0440\u0446\u0430\u0435\u0442\n\u0412 \u043e\u043f\u0443\u0441\u0442\u0435\u0432\u0448\u0435\u043c \u0437\u0430\u043b\u0435. \n\u041c\u044b \u0441 \u0442\u043e\u0431\u043e\u0439 \u043e\u0434\u043d\u0438, \n\u043b\u044e\u0434\u0438 \u0432 \u0441\u0442\u0440\u0430\u0445\u0435 \u0443\u0431\u0435\u0436\u0430\u043b\u0438. \n\u0417\u0430\u043a\u0440\u0443\u0436\u0438\u043b\u0430\u0441\u044c \u0432 \u0442\u0430\u043d\u0446\u0435\n\u0423 \u0442\u0435\u0431\u044f \u043d\u0435\u0442 \u0448\u0430\u043d\u0441\u043e\u0432, \n\u0415\u0441\u043b\u0438 \u0442\u044b \u0440\u0435\u0448\u0438\u043b\u0430\n\u0421 \u0434\u044c\u044f\u0432\u043e\u043b\u043e\u043c \u0442\u044f\u0433\u0430\u0442\u044c\u0441\u044f... \n[Chorus]\n\u0422\u0435\u0447\u0435\u0442 \u0441\u043b\u044e\u043d\u0430 \u0438\u0437 \u043f\u0440\u0438\u043e\u0442\u043a\u0440\u044b\u0442\u043e\u0439 \u043f\u0430\u0441\u0442\u0438, \n\u041d\u043e \u044f \u043d\u0435 \u0441\u0442\u0430\u043d\u0443 \u0440\u0432\u0430\u0442\u044c \u0442\u0435 \u0431\u044f \u043d\u0430 \u0447\u0430\u0430\u0441\u0442\u0438.\n\u043f\u0440\u043e\u0441\u0442\u043e \u0437\u0430\u0447\u0430\u0440\u043e\u0432\u0430\u043d \u043c\u0443\u0437\u044b\u043a\u043e\u0439 \u0438 \u0442\u0435\u043b\u043e\u043c... \n\u043c\u043e\u044f \u0441\u043b\u0435\u043f\u0430\u044f \u0434\u0438\u0441\u043a\u043e... \u043a\u0430! \u0440\u0430! \u043b\u0435\u0432\u0430!\n\u041c\u043e\u044f... \u0441\u043b\u0435\u043f\u0430\u044f \u0434\u0438\u0441\u043a\u043e \u043a\u043e\u0440\u043e\u043b\u0435\u0432\u0430!", "style": ["hardcore"], "essentia_features": {"lowlevel.average_loudness": 0.9633009433746338, "lowlevel.barkbands_crest.mean": 11.448125839233398, "lowlevel.barkbands_crest.stdev": 4.338274002075195, "lowlevel.barkbands_flatness_db.mean": 0.1907396912574768, "lowlevel.barkbands_flatness_db.stdev": 0.05446407571434975, "lowlevel.barkbands_kurtosis.mean": 3.2997264862060547, "lowlevel.barkbands_kurtosis.stdev": 4.762569427490234, "lowlevel.barkbands_skewness.mean": 1.5139662027359009, "lowlevel.barkbands_skewness.stdev": 0.9113062620162964, "lowlevel.barkbands_spread.mean": 16.714677810668945, "lowlevel.barkbands_spread.stdev": 10.17313003540039, "lowlevel.dissonance.mean": 0.45310965180397034, "lowlevel.dissonance.stdev": 0.030361061915755272, "lowlevel.dynamic_complexity": 2.352668285369873, "lowlevel.erbbands_crest.mean": 10.99248218536377, "lowlevel.erbbands_crest.stdev": 4.903155326843262, "lowlevel.erbbands_flatness_db.mean": 0.2421422302722931, "lowlevel.erbbands_flatness_db.stdev": 0.051690321415662766, "lowlevel.erbbands_kurtosis.mean": 0.5561894774436951, "lowlevel.erbbands_kurtosis.stdev": 1.9062665700912476, "lowlevel.erbbands_skewness.mean": 0.6032637357711792, "lowlevel.erbbands_skewness.stdev": 0.8567286133766174, "lowlevel.erbbands_spread.mean": 31.11556053161621, "lowlevel.erbbands_spread.stdev": 14.312519073486328, "lowlevel.hfc.mean": 24.113723754882812, "lowlevel.hfc.stdev": 14.431655883789062, "lowlevel.loudness_ebu128.integrated": -9.978032112121582, "lowlevel.loudness_ebu128.loudness_range": 2.4775800704956055, "lowlevel.loudness_ebu128.momentary.mean": -10.625730514526367, "lowlevel.loudness_ebu128.momentary.stdev": 2.9951601028442383, "lowlevel.loudness_ebu128.short_term.mean": -10.216878890991211, "lowlevel.loudness_ebu128.short_term.stdev": 1.4758366346359253, "lowlevel.melbands_crest.mean": 14.903096199035645, "lowlevel.melbands_crest.stdev": 5.372438430786133, "lowlevel.melbands_flatness_db.mean": 0.21769969165325165, "lowlevel.melbands_flatness_db.stdev": 0.06103986129164696, "lowlevel.melbands_kurtosis.mean": 8.569290161132812, "lowlevel.melbands_kurtosis.stdev": 8.305148124694824, "lowlevel.melbands_skewness.mean": 2.2309300899505615, "lowlevel.melbands_skewness.stdev": 1.0465760231018066, "lowlevel.melbands_spread.mean": 20.768404006958008, "lowlevel.melbands_spread.stdev": 16.98482322692871, "lowlevel.pitch_salience.mean": 0.5584761500358582, "lowlevel.pitch_salience.stdev": 0.10708250850439072, "lowlevel.silence_rate_20dB.mean": 1.0, "lowlevel.silence_rate_20dB.stdev": 0.0, "lowlevel.silence_rate_30dB.mean": 1.0, "lowlevel.silence_rate_30dB.stdev": 0.0, "lowlevel.silence_rate_60dB.mean": 0.04313960298895836, "lowlevel.silence_rate_60dB.stdev": 0.2031724900007248, "lowlevel.spectral_centroid.mean": 1311.796875, "lowlevel.spectral_centroid.stdev": 639.95556640625, "lowlevel.spectral_complexity.mean": 21.840023040771484, "lowlevel.spectral_complexity.stdev": 9.214449882507324, "lowlevel.spectral_decrease.mean": -7.052341821633945e-09, "lowlevel.spectral_decrease.stdev": 3.603150222630802e-09, "lowlevel.spectral_energy.mean": 0.028804335743188858, "lowlevel.spectral_energy.stdev": 0.014540472999215126, "lowlevel.spectral_energyband_high.mean": 0.0008088365430012345, "lowlevel.spectral_energyband_high.stdev": 0.0010326672345399857, "lowlevel.spectral_energyband_low.mean": 0.0022483377251774073, "lowlevel.spectral_energyband_low.stdev": 0.005130298901349306, "lowlevel.spectral_energyband_middle_high.mean": 0.006487507373094559, "lowlevel.spectral_energyband_middle_high.stdev": 0.005974211264401674, "lowlevel.spectral_energyband_middle_low.mean": 0.01949959807097912, "lowlevel.spectral_energyband_middle_low.stdev": 0.012346912175416946, "lowlevel.spectral_entropy.mean": 7.424032211303711, "lowlevel.spectral_entropy.stdev": 0.35091206431388855, "lowlevel.spectral_flux.mean": 0.08248412609100342, "lowlevel.spectral_flux.stdev": 0.040320832282304764, "lowlevel.spectral_kurtosis.mean": 3.984292984008789, "lowlevel.spectral_kurtosis.stdev": 3.6224372386932373, "lowlevel.spectral_rms.mean": 0.005059933755546808, "lowlevel.spectral_rms.stdev": 0.001580786774866283, "lowlevel.spectral_rolloff.mean": 1450.2227783203125, "lowlevel.spectral_rolloff.stdev": 1156.6295166015625, "lowlevel.spectral_skewness.mean": 1.1456613540649414, "lowlevel.spectral_skewness.stdev": 0.5187875628471375, "lowlevel.spectral_spread.mean": 3244977.25, "lowlevel.spectral_spread.stdev": 1323341.625, "lowlevel.spectral_strongpeak.mean": 1.6954649686813354, "lowlevel.spectral_strongpeak.stdev": 1.3566534519195557, "lowlevel.zerocrossingrate.mean": 0.054478906095027924, "lowlevel.zerocrossingrate.stdev": 0.03443826362490654, "metadata.audio_properties.analysis.equal_loudness": 0.0, "metadata.audio_properties.analysis.length": 38.71997833251953, "metadata.audio_properties.analysis.sample_rate": 44100.0, "metadata.audio_properties.analysis.start_time": 0.0, "metadata.audio_properties.bit_rate": 132518.0, "metadata.audio_properties.length": 38.720001220703125, "metadata.audio_properties.lossless": 0.0, "metadata.audio_properties.number_channels": 1.0, "metadata.audio_properties.replay_gain": -16.431007385253906, "metadata.audio_properties.sample_rate": 48000.0, "rhythm.beats_count": 109.0, "rhythm.beats_loudness.mean": 0.03597916290163994, "rhythm.beats_loudness.stdev": 0.0118197500705719, "rhythm.bpm": 172.2655792236328, "rhythm.bpm_histogram_first_peak_bpm": 172.0, "rhythm.bpm_histogram_first_peak_weight": 0.0, "rhythm.bpm_histogram_second_peak_bpm": 167.0, "rhythm.bpm_histogram_second_peak_spread": 0.0, "rhythm.bpm_histogram_second_peak_weight": 0.37037035822868347, "rhythm.danceability": 1.1789721250534058, "rhythm.onset_rate": 3.613603353500366, "tonal.chords_changes_rate": 0.04071856290102005, "tonal.chords_number_rate": 0.009580838494002819, "tonal.chords_strength.mean": 0.561924159526825, "tonal.chords_strength.stdev": 0.08185552060604095, "tonal.hpcp_crest.mean": 16.659893035888672, "tonal.hpcp_crest.stdev": 7.675863265991211, "tonal.hpcp_entropy.mean": 1.6352553367614746, "tonal.hpcp_entropy.stdev": 0.7929795384407043, "tonal.key_edma.strength": 0.6863009929656982, "tonal.key_krumhansl.strength": 0.7029024362564087, "tonal.key_temperley.strength": 0.7180630564689636, "tonal.tuning_diatonic_strength": 0.49307236075401306, "tonal.tuning_equal_tempered_deviation": 0.07725153118371964, "tonal.tuning_frequency": 440.5086364746094, "tonal.tuning_nontempered_energy_ratio": 0.6638728380203247, "lowlevel.barkbands.mean": [0.00010874553845496848, 0.0007783183245919645, 0.001255232491530478, 0.0005562626756727695, 0.0028726416639983654, 0.0052236407063901424, 0.0029154643416404724, 0.004354571923613548, 0.003283634316176176, 0.0009241702500730753, 0.0005487429443746805, 0.001311899977736175, 0.0006930175004526973, 0.0006191084976308048, 0.0008417906938120723, 0.0006304214475676417, 0.00040751456981524825, 0.00018431876378599554, 0.0002966285974252969, 0.0004169656313024461, 0.00034307281021028757, 0.00010163829574594274, 8.829272701404989e-05, 2.157253402401693e-05, 1.4529201507684775e-05, 1.1600972356973216e-05, 5.895460049032408e-07], "lowlevel.barkbands.stdev": [0.00045104295713827014, 0.0035521036479622126, 0.0025462042540311813, 0.0012460484867915511, 0.0036192364059388638, 0.0068558212369680405, 0.006029003299772739, 0.007284098770469427, 0.006697822827845812, 0.0019337827106937766, 0.001293845009058714, 0.0030551496893167496, 0.001248227315954864, 0.001328525715507567, 0.0020491480827331543, 0.0009567960514687002, 0.0005507394671440125, 0.00019803464238066226, 0.00037619302747771144, 0.0005055545479990542, 0.0004849904216825962, 0.00019909594266209751, 0.00022843274928163737, 5.2895313274348155e-05, 4.274231105227955e-05, 3.8411144487326965e-05, 2.5237445697712246e-06], "lowlevel.erbbands.mean": [0.021809890866279602, 0.194715678691864, 1.2063013315200806, 1.620559811592102, 4.435767650604248, 8.588353157043457, 32.16542053222656, 44.133445739746094, 38.47824478149414, 59.78909683227539, 101.31991577148438, 77.8666763305664, 47.267948150634766, 25.596755981445312, 28.928821563720703, 57.6778564453125, 34.170108795166016, 31.83774185180664, 46.436649322509766, 30.211162567138672, 40.128150939941406, 22.202375411987305, 9.928900718688965, 13.054356575012207, 17.176883697509766, 19.698583602905273, 17.477392196655273, 9.627604484558105, 4.023367404937744, 2.885631561279297, 2.407470464706421, 0.722589373588562, 0.28613391518592834, 0.15200257301330566, 0.11093074083328247, 0.0573403537273407, 0.02094440720975399, 0.00288375630043447, 8.47255505505018e-05, 3.680065492517315e-05], "lowlevel.erbbands.stdev": [0.1195322647690773, 0.7634051442146301, 2.433248519897461, 2.7716948986053467, 9.696036338806152, 12.325223922729492, 40.898963928222656, 69.1139907836914, 81.08683776855469, 107.3766860961914, 161.42138671875, 165.48121643066406, 96.0151596069336, 48.89060974121094, 52.751686096191406, 137.14447021484375, 57.08134460449219, 62.504051208496094, 103.02330017089844, 67.00208282470703, 58.460845947265625, 27.178932189941406, 9.474230766296387, 17.35741424560547, 20.445810317993164, 24.04753303527832, 22.442537307739258, 15.400031089782715, 7.523350238800049, 6.51744270324707, 6.6369218826293945, 1.6479201316833496, 0.7891005873680115, 0.43620672821998596, 0.34399744868278503, 0.189658060669899, 0.0713348314166069, 0.010150754824280739, 0.00026644638273864985, 1.996894570766017e-05], "lowlevel.gfcc.mean": [-36.65242385864258, 121.04923248291016, -182.20472717285156, 22.82187843322754, -82.08112335205078, -22.86680793762207, -31.211408615112305, -19.53813362121582, -12.147360801696777, -6.612975120544434, -8.633500099182129, -12.913633346557617, -3.5082790851593018], "lowlevel.melbands.mean": [0.00020535886869765818, 0.00048597590648569167, 0.00038360670441761613, 0.00042143455357290804, 0.0009852888761088252, 0.0009695462067611516, 0.00060099340043962, 0.0007113303290680051, 0.0007764662150293589, 0.00047951392480172217, 0.0002281104971189052, 0.00010311838559573516, 8.480961696477607e-05, 0.0001441515632905066, 0.0001094209510483779, 6.758365634595975e-05, 5.611620508716442e-05, 7.387645746348426e-05, 5.503926513483748e-05, 3.289612868684344e-05, 5.0169735914096236e-05, 2.586698974482715e-05, 1.0021118214353919e-05, 8.480937140120659e-06, 1.057030567608308e-05, 1.1565720342332497e-05, 1.3437462257570587e-05, 1.3066451174381655e-05, 1.1247024303884245e-05, 9.00237137102522e-06, 4.502737738221185e-06, 2.3438799416908296e-06, 1.5801421113792458e-06, 1.641286530684738e-06, 1.6093358681246173e-06, 7.798275305503921e-07, 3.071230025852856e-07, 2.0146515566921153e-07, 1.559626525704516e-07, 1.1596831939186814e-07], "lowlevel.melbands.stdev": [0.0010226852027699351, 0.001020860974676907, 0.000649024557787925, 0.0006528407684527338, 0.0011777670588344336, 0.0014202543534338474, 0.0012081573950126767, 0.0012208269909024239, 0.0012374345678836107, 0.0010504891397431493, 0.0004887667018920183, 0.0002177691931137815, 0.00017659332661423832, 0.0003586352104321122, 0.000205242627998814, 0.00012463491293601692, 0.00013134033360984176, 0.00017042596300598234, 0.00015391154738608748, 5.61282504349947e-05, 7.5180345447734e-05, 3.564408325473778e-05, 1.3288188711158e-05, 9.42782480706228e-06, 1.5183821233222261e-05, 1.530084955447819e-05, 1.7255386410397477e-05, 1.698905907687731e-05, 1.4823915989836678e-05, 1.3110606232658029e-05, 8.250374776253011e-06, 4.4702455852529965e-06, 3.425021759539959e-06, 3.901881882484304e-06, 4.641082341549918e-06, 1.957958147613681e-06, 7.41275130167196e-07, 5.842011319145968e-07, 4.6296710820570297e-07, 3.430768913403881e-07], "lowlevel.melbands128.mean": [5.4110776545712724e-05, 0.00016857829177752137, 0.0002526174357626587, 0.0003065737837459892, 0.0005757545004598796, 0.0006037199636921287, 0.00026835742755793035, 0.0003460291773080826, 0.000522182381246239, 0.00028897702577523887, 0.0004132159810978919, 0.0008173271780833602, 0.001265966217033565, 0.0010201463010162115, 0.0010709124617278576, 0.0009523712215013802, 0.0005455708596855402, 0.0005758322076871991, 0.0005592955276370049, 0.0006891037337481976, 0.000688940635882318, 0.00107083679176867, 0.0008435330237261951, 0.0004016173188574612, 0.0005263311322778463, 0.0004940546932630241, 0.00041689217323437333, 0.00014830930740572512, 0.00012620897905435413, 0.0001428547693649307, 7.082992669893429e-05, 7.204871508292854e-05, 0.0001003892466542311, 7.502220978494734e-05, 9.897916606860235e-05, 0.00018836749950423837, 0.00019151362357661128, 9.439143468625844e-05, 7.176689541665837e-05, 6.83954349369742e-05, 6.807099271100014e-05, 6.56777192489244e-05, 5.123811206431128e-05, 5.607094499282539e-05, 5.387030614656396e-05, 8.939365216065198e-05, 8.290846017189324e-05, 5.726349263568409e-05, 4.494437962421216e-05, 2.9655160687980242e-05, 2.5621140594012104e-05, 3.7502002669498324e-05, 6.667077104793862e-05, 4.5142027374822646e-05, 3.864915561280213e-05, 2.6503785193199292e-05, 1.2912893907923717e-05, 1.1513205208757427e-05, 8.944387445808388e-06, 6.929356004548026e-06, 7.76756314735394e-06, 9.791003321879543e-06, 1.15659786388278e-05, 1.050221089826664e-05, 9.554866664984729e-06, 1.152757613454014e-05, 1.262890418729512e-05, 1.3149885489838198e-05, 1.3971370208309963e-05, 1.3568446775025222e-05, 1.280122251046123e-05, 1.3440217117022257e-05, 1.1682639524224214e-05, 1.078090826922562e-05, 1.0385799214418512e-05, 1.1720182556018699e-05, 6.6926486397278495e-06, 5.146238891029498e-06, 4.7684175115136895e-06, 3.3085784707509447e-06, 2.461823214616743e-06, 2.0499205675150733e-06, 1.6659714674460702e-06, 1.5384509879368125e-06, 1.4546695865647052e-06, 1.5351990896306233e-06, 1.589767521181784e-06, 2.106607780660852e-06, 1.6897324712772388e-06, 1.2701345895038685e-06, 9.454325322622026e-07, 7.064287501634681e-07, 3.7976761291247385e-07, 2.9509982368836063e-07, 2.491583188657387e-07, 2.1713368880682538e-07, 1.905555393477698e-07, 1.8220006836600078e-07, 1.636349225009326e-07, 1.3885346561437473e-07, 1.2212578326398216e-07, 1.0678832040866837e-07, 1.167374890087558e-07, 1.2479651445573836e-07, 1.3822528899254394e-07, 1.26738513017699e-07, 1.1375381347988878e-07, 1.0811636741436814e-07, 9.597859929044716e-08, 9.83214292205048e-08, 7.542984548081222e-08, 7.484901942689248e-08, 6.840051725021112e-08, 6.248271233744163e-08, 4.042439627482963e-08, 2.49196574486632e-08, 2.0127053801388683e-08, 4.202003189845982e-09, 4.3065942478826e-10, 5.968655257537758e-12, 5.590746615657949e-12, 5.227108676453263e-12, 4.968634444851849e-12, 4.621697989592999e-12, 4.176044492848474e-12, 3.641923134595215e-12, 3.397832145854429e-12, 3.35111972893376e-12], "lowlevel.melbands128.stdev": [0.0002999657008331269, 0.0009967776713892817, 0.0014617362758144736, 0.0012636487372219563, 0.001280777039937675, 0.0012682318920269608, 0.0005673037376254797, 0.0008713148417882621, 0.0012701306259259582, 0.0006705448031425476, 0.0008256437722593546, 0.001090189442038536, 0.0018570239190012217, 0.0018826255109161139, 0.0021634353324770927, 0.001791180926375091, 0.0014152857474982738, 0.0018887637415900826, 0.001432156772352755, 0.0017176370602101088, 0.0018319188384339213, 0.0021383208222687244, 0.0018604013603180647, 0.001164608751423657, 0.0017938711680471897, 0.0014508726308122277, 0.001235662610270083, 0.00041059599607251585, 0.0004296613915357739, 0.00038959801895543933, 0.00017859190120361745, 0.00028237109654583037, 0.0002534055383875966, 0.0002047570887953043, 0.0003146437229588628, 0.0006637952756136656, 0.0005809505237266421, 0.00022431749675888568, 0.00018607021775096655, 0.0001926030672620982, 0.00018360310059506446, 0.0001351263199467212, 0.00018233750597573817, 0.00020045606652274728, 0.00014387190458364785, 0.00029777310555800796, 0.0002635550335980952, 0.000246847455855459, 0.00014766193635296077, 9.676088666310534e-05, 5.347750993678346e-05, 6.888279312988743e-05, 0.00013372069224715233, 8.862250979291275e-05, 7.486910908482969e-05, 4.651321069104597e-05, 1.9157492715748958e-05, 2.549146483943332e-05, 1.49837751450832e-05, 7.868712600611616e-06, 1.0314864994143136e-05, 1.4319762158265803e-05, 1.9163282559020445e-05, 1.783662082743831e-05, 1.542348400107585e-05, 1.9594277546275407e-05, 1.8824350263457745e-05, 1.841597622842528e-05, 2.5274392100982368e-05, 2.007136026804801e-05, 2.0094073988730088e-05, 2.1538837245316245e-05, 1.7430780644644983e-05, 1.708823947410565e-05, 1.561025965202134e-05, 1.8204076695838012e-05, 1.1450041711213998e-05, 9.716174645291176e-06, 9.7954953162116e-06, 7.33305569156073e-06, 4.860292392550036e-06, 4.352209998614853e-06, 3.7872412121942034e-06, 3.536770009304746e-06, 3.4574254641484004e-06, 3.7786558095831424e-06, 3.8671610127494205e-06, 6.1889877542853355e-06, 5.192503522266634e-06, 3.989127435488626e-06, 2.6341886041336693e-06, 1.7040271131918416e-06, 9.521265269540891e-07, 7.831727089069318e-07, 7.11629922989232e-07, 6.932995688657684e-07, 5.830046347909956e-07, 5.975257977297588e-07, 5.290415856507025e-07, 4.324095925767324e-07, 3.715867364917358e-07, 3.517312734402367e-07, 3.98190053374492e-07, 4.297786233564693e-07, 4.6960465738266066e-07, 4.069963779329555e-07, 3.7027135135758726e-07, 3.821855329988466e-07, 3.434153938997042e-07, 3.693530175041815e-07, 2.811875958741439e-07, 2.690454721232527e-07, 2.493479200893489e-07, 2.3057623366184998e-07, 1.608665201047188e-07, 9.002148715353542e-08, 7.684101888116857e-08, 3.478801247069896e-08, 7.307592309047095e-09, 4.1750953388985934e-11, 3.6474170905798076e-11, 3.0982109239241495e-11, 2.6857700091698078e-11, 2.1539135058867842e-11, 1.408329182439605e-11, 6.5984951877484654e-12, 5.0209797257394495e-12, 4.969047309039132e-12], "lowlevel.mfcc.mean": [-654.0870361328125, 139.30447387695312, -47.540931701660156, 28.822195053100586, -35.9470329284668, -1.2257802486419678, -24.000341415405273, -12.785224914550781, -13.17172908782959, 1.9112480878829956, -13.074776649475098, 1.4909412860870361, -3.135885000228882], "lowlevel.spectral_contrast_coeffs.mean": [-0.5744328498840332, -0.6703972220420837, -0.7512732148170471, -0.7895462512969971, -0.8022902607917786, -0.641639232635498], "lowlevel.spectral_contrast_coeffs.stdev": [0.1051480695605278, 0.09314659237861633, 0.07475938647985458, 0.05381881445646286, 0.032127343118190765, 0.06960082799196243], "lowlevel.spectral_contrast_valleys.mean": [-8.01956558227539, -6.610832691192627, -7.197265625, -7.247568130493164, -7.1905059814453125, -11.887944221496582], "lowlevel.spectral_contrast_valleys.stdev": [1.1207202672958374, 0.8183646202087402, 0.8239966630935669, 0.7909940481185913, 0.8968075513839722, 1.4479775428771973], "rhythm.beats_loudness_band_ratio.mean": [0.12805946171283722, 0.2790529429912567, 0.3863302171230316, 0.12679214775562286, 0.09231972694396973, 0.03957263380289078], "rhythm.beats_loudness_band_ratio.stdev": [0.16783231496810913, 0.22008980810642242, 0.22922562062740326, 0.1026112511754036, 0.09120426326990128, 0.030210642144083977], "tonal.hpcp.mean": [0.15683522820472717, 0.08972126245498657, 0.05273739621043205, 0.04607632756233215, 0.05096861347556114, 0.1357412338256836, 0.20967043936252594, 0.1282944679260254, 0.058260370045900345, 0.05990653485059738, 0.051721807569265366, 0.09431025385856628, 0.16403435170650482, 0.13207703828811646, 0.2342931181192398, 0.3585718870162964, 0.20720095932483673, 0.08757035434246063, 0.07482950389385223, 0.06221030279994011, 0.08519243448972702, 0.11952314525842667, 0.11822829395532608, 0.10344740003347397, 0.08848752826452255, 0.08014282584190369, 0.19491595029830933, 0.2564745545387268, 0.128179669380188, 0.09868965297937393, 0.12922826409339905, 0.0820351392030716, 0.05743173509836197, 0.06860344111919403, 0.07590603083372116, 0.13472604751586914], "tonal.hpcp.stdev": [0.2591484487056732, 0.1779152899980545, 0.15232934057712555, 0.1299457550048828, 0.1363072246313095, 0.21472108364105225, 0.31670069694519043, 0.20245924592018127, 0.1415020376443863, 0.15529771149158478, 0.14021597802639008, 0.17137689888477325, 0.28812846541404724, 0.2264469861984253, 0.27557772397994995, 0.3844725489616394, 0.24377092719078064, 0.1990748792886734, 0.18509827554225922, 0.16500112414360046, 0.1854962855577469, 0.23712371289730072, 0.23516225814819336, 0.23073279857635498, 0.20723597705364227, 0.20403718948364258, 0.271145761013031, 0.3310723900794983, 0.19249875843524933, 0.19046300649642944, 0.2507117986679077, 0.15906481444835663, 0.1452685296535492, 0.1569972187280655, 0.16422414779663086, 0.21947085857391357], "rhythm.beats_position": [0.3482993245124817, 0.7082086205482483, 1.05650794506073, 1.4164172410964966, 1.7763265371322632, 2.1362357139587402, 2.496145009994507, 2.8560543060302734, 3.2275736331939697, 3.599092960357666, 3.947392225265503, 4.29569149017334, 4.643990993499756, 4.992290019989014, 5.34058952331543, 5.700498580932617, 6.060408115386963, 6.408707141876221, 6.768616676330566, 7.116916179656982, 7.46521520614624, 7.825124740600586, 8.173423767089844, 8.521722793579102, 8.870022773742676, 9.229931831359863, 9.58984088897705, 9.938140869140625, 10.286439895629883, 10.63473892211914, 10.983037948608398, 11.342947959899902, 11.70285701751709, 12.051156044006348, 12.411065101623535, 12.770975112915039, 13.119274139404297, 13.467573165893555, 13.827483177185059, 14.187392234802246, 14.535691261291504, 14.883990287780762, 15.232290267944336, 15.580589294433594, 15.928888320922852, 16.27718734741211, 16.637096405029297, 16.997007369995117, 17.345306396484375, 17.705215454101562, 18.06512451171875, 18.413423538208008, 18.761722564697266, 19.110021591186523, 19.458322525024414, 19.806621551513672, 20.16653060913086, 20.526439666748047, 20.874738693237305, 21.223037719726562, 21.58294677734375, 21.942855834960938, 22.291156768798828, 22.639455795288086, 22.987754821777344, 23.34766387939453, 23.70757293701172, 24.055871963500977, 24.404170989990234, 24.752471923828125, 25.100770950317383, 25.4722900390625, 25.820589065551758, 26.168888092041016, 26.528797149658203, 26.87709617614746, 27.23700714111328, 27.58530616760254, 27.933605194091797, 28.281904220581055, 28.630203247070312, 28.9901123046875, 29.338411331176758, 29.698322296142578, 30.046621322631836, 30.394920349121094, 30.75482940673828, 31.11473846435547, 31.463037490844727, 31.811336517333984, 32.159637451171875, 32.5079345703125, 32.86784362792969, 33.227752685546875, 33.576053619384766, 33.947574615478516, 34.29587173461914, 34.64417266845703, 34.992469787597656, 35.34077072143555, 35.700679779052734, 36.06058883666992, 36.40888977050781, 36.75718688964844, 37.10548782348633, 37.465396881103516, 37.8253059387207, 38.17360305786133, 38.52190399169922], "rhythm.bpm_histogram": [0.0, 0.0, 0.0, 0.0, 0.0, 0.0, 0.0, 0.0, 0.0, 0.0, 0.0, 0.0, 0.0, 0.0, 0.0, 0.0, 0.0, 0.0, 0.0, 0.0, 0.0, 0.0, 0.0, 0.0, 0.0, 0.0, 0.0, 0.0, 0.0, 0.0, 0.0, 0.0, 0.0, 0.0, 0.0, 0.0, 0.0, 0.0, 0.0, 0.0, 0.0, 0.0, 0.0, 0.0, 0.0, 0.0, 0.0, 0.0, 0.0, 0.0, 0.0, 0.0, 0.0, 0.0, 0.0, 0.0, 0.0, 0.0, 0.0, 0.0, 0.0, 0.0, 0.0, 0.0, 0.0, 0.0, 0.0, 0.0, 0.0, 0.0, 0.0, 0.0, 0.0, 0.0, 0.0, 0.0, 0.0, 0.0, 0.0, 0.0, 0.0, 0.0, 0.0, 0.0, 0.0, 0.0, 0.0, 0.0, 0.0, 0.0, 0.0, 0.0, 0.0, 0.0, 0.0, 0.0, 0.0, 0.0, 0.0, 0.0, 0.0, 0.0, 0.0, 0.0, 0.0, 0.0, 0.0, 0.0, 0.0, 0.0, 0.0, 0.0, 0.0, 0.0, 0.0, 0.0, 0.0, 0.0, 0.0, 0.0, 0.0, 0.0, 0.0, 0.0, 0.0, 0.0, 0.0, 0.0, 0.0, 0.0, 0.0, 0.0, 0.0, 0.0, 0.0, 0.0, 0.0, 0.0, 0.0, 0.0, 0.0, 0.0, 0.0, 0.0, 0.0, 0.0, 0.0, 0.0, 0.0, 0.0, 0.0, 0.0, 0.0, 0.0, 0.0, 0.0, 0.0, 0.0, 0.0, 0.0, 0.0, 0.03703703731298447, 0.0, 0.0, 0.0, 0.0, 0.0, 0.37037035822868347, 0.0, 0.0, 0.0, 0.0, 0.5925925970077515, 0.0, 0.0, 0.0, 0.0, 0.0, 0.0, 0.0, 0.0, 0.0, 0.0, 0.0, 0.0, 0.0, 0.0, 0.0, 0.0, 0.0, 0.0, 0.0, 0.0, 0.0, 0.0, 0.0, 0.0, 0.0, 0.0, 0.0, 0.0, 0.0, 0.0, 0.0, 0.0, 0.0, 0.0, 0.0, 0.0, 0.0, 0.0, 0.0, 0.0, 0.0, 0.0, 0.0, 0.0, 0.0, 0.0, 0.0, 0.0, 0.0, 0.0, 0.0, 0.0, 0.0, 0.0, 0.0, 0.0, 0.0, 0.0, 0.0, 0.0, 0.0, 0.0, 0.0, 0.0, 0.0, 0.0, 0.0, 0.0, 0.0, 0.0, 0.0, 0.0, 0.0, 0.0, 0.0, 0.0, 0.0], "tonal.chords_histogram": [23.473052978515625, 12.694610595703125, 0.8383233547210693, 0.0, 0.0, 0.0, 0.0, 0.0, 2.634730577468872, 0.11976047605276108, 1.317365288734436, 0.0, 0.0, 0.0, 0.0, 0.23952095210552216, 0.0, 0.8383233547210693, 0.0, 0.0, 1.077844262123108, 3.8323352336883545, 24.670658111572266, 28.263473510742188], "tonal.thpcp": [1.0, 0.5778505206108093, 0.2442197948694229, 0.20868758857250214, 0.17349465191364288, 0.23758815228939056, 0.33333104848861694, 0.3297199308872223, 0.2884983420372009, 0.24677765369415283, 0.22350560128688812, 0.5435895919799805, 0.715266764163971, 0.3574727177619934, 0.2752297520637512, 0.3603971004486084, 0.22878296673297882, 0.16016797721385956, 0.19132409989833832, 0.21168985962867737, 0.3757295310497284, 0.43738850951194763, 0.25021833181381226, 0.14707621932029724, 0.12849955260753632, 0.1421433687210083, 0.37856072187423706, 0.5847375392913818, 0.3577928841114044, 0.16247890889644623, 0.16706980764865875, 0.14424389600753784, 0.26301631331443787, 0.4574657380580902, 0.368341863155365, 0.6534062623977661], "lowlevel.gfcc.cov": [[5670.1572265625, -1686.5537109375, 440.0927429199219, -59.46404266357422, -444.6863098144531, 391.0325622558594, -490.8642578125, 349.54931640625, -557.106689453125, 233.7254638671875, -485.3829040527344, 115.60450744628906, -173.14984130859375], [-1686.5537109375, 2440.88671875, -143.13119506835938, 278.6711120605469, 608.1112670898438, -326.72216796875, 610.62841796875, -322.83892822265625, 445.2180480957031, -325.4529724121094, 372.2133483886719, -248.04391479492188, 90.45793914794922], [440.0927429199219, -143.13119506835938, 875.876220703125, 137.2000274658203, 244.5107421875, 373.0796203613281, -106.56664276123047, 265.1278076171875, -148.58612060546875, 130.7737274169922, -137.9459228515625, 103.40892791748047, -122.03401184082031], [-59.46404266357422, 278.6711120605469, 137.2000274658203, 538.745849609375, 40.89491653442383, 80.39630889892578, 69.37226104736328, -96.50729370117188, 106.77410888671875, -104.54194641113281, 73.39398956298828, -80.78752899169922, 13.622552871704102], [-444.6863098144531, 608.1112670898438, 244.5107421875, 40.89491653442383, 608.62744140625, 146.38743591308594, 125.47974395751953, 120.58992767333984, 105.52100372314453, 102.6038818359375, 50.36061096191406, 31.674102783203125, -2.4383058547973633], [391.0325622558594, -326.72216796875, 373.0796203613281, 80.39630889892578, 146.38743591308594, 537.6513671875, 1.6337306499481201, 277.5718994140625, -49.97001647949219, 104.52649688720703, -66.29420471191406, 85.31575775146484, -27.960386276245117], [-490.8642578125, 610.62841796875, -106.56664276123047, 69.37226104736328, 125.47974395751953, 1.6337306499481201, 391.5786437988281, -6.746797561645508, 130.2804412841797, -139.34976196289062, 105.17724609375, -53.623165130615234, -7.492878437042236], [349.54931640625, -322.83892822265625, 265.1278076171875, -96.50729370117188, 120.58992767333984, 277.5718994140625, -6.746797561645508, 319.4280700683594, -57.93896484375, 137.1586456298828, -70.60720825195312, 84.3173828125, -45.94906997680664], [-557.106689453125, 445.2180480957031, -148.58612060546875, 106.77410888671875, 105.52100372314453, -49.97001647949219, 130.2804412841797, -57.93896484375, 275.40838623046875, -1.3455482721328735, 138.2010040283203, -77.31849670410156, 25.557600021362305], [233.7254638671875, -325.4529724121094, 130.7737274169922, -104.54194641113281, 102.6038818359375, 104.52649688720703, -139.34976196289062, 137.1586456298828, -1.3455482721328735, 249.33270263671875, -21.0469913482666, 81.1136245727539, -22.587635040283203], [-485.3829040527344, 372.2133483886719, -137.9459228515625, 73.39398956298828, 50.36061096191406, -66.29420471191406, 105.17724609375, -70.60720825195312, 138.2010040283203, -21.0469913482666, 205.5900421142578, -11.482527732849121, 37.00198745727539], [115.60450744628906, -248.04391479492188, 103.40892791748047, -80.78752899169922, 31.674102783203125, 85.31575775146484, -53.623165130615234, 84.3173828125, -77.31849670410156, 81.1136245727539, -11.482527732849121, 156.45431518554688, 32.22099685668945], [-173.14984130859375, 90.45793914794922, -122.03401184082031, 13.622552871704102, -2.4383058547973633, -27.960386276245117, -7.492878437042236, -45.94906997680664, 25.557600021362305, -22.587635040283203, 37.00198745727539, 32.22099685668945, 158.83604431152344]], "lowlevel.gfcc.icov": [[0.000307004083879292, -0.0003209575079381466, 0.0003531048132572323, -0.0003796568198595196, 0.00045773221063427627, -0.00019551847071852535, 0.0002867457806132734, -0.0004372033290565014, 0.0005951619241386652, -0.0005774810560978949, 0.0006604601512663066, -0.0002579787978902459, 0.00040155553142540157], [-0.0003209575079381466, 0.0048661124892532825, -0.0034590710420161486, 0.0022329881321638823, -0.00439067929983139, 0.0020468824077397585, -0.00376558187417686, 0.003534554736688733, -0.0024122486356645823, 0.003836330957710743, -0.004813177976757288, 0.005224455147981644, -0.00383735541254282], [0.0003531048132572323, -0.0034590710420161486, 0.005577206611633301, -0.0030975628178566694, 0.002034667646512389, -0.0020315530709922314, 0.0036238296888768673, -0.003813826246187091, 0.002784999553114176, -0.002461168449372053, 0.004344242624938488, -0.005068107973784208, 0.004864760674536228], [-0.0003796568198595196, 0.0022329881321638823, -0.0030975628178566694, 0.004726871382445097, -0.0018933661049231887, -0.00030662494827993214, -0.0015768558951094747, 0.003665981814265251, -0.0026426282711327076, 0.0031364981550723314, -0.0034966410603374243, 0.0036965273320674896, -0.0026317930314689875], [0.00045773221063427627, -0.00439067929983139, 0.002034667646512389, -0.0018933661049231887, 0.006798103451728821, -0.0018676638137549162, 0.0019380069570615888, -0.00306716444902122, 0.0016685144510120153, -0.005250856280326843, 0.0044013638980686665, -0.004315492231398821, 0.002539756940677762], [-0.00019551847071852535, 0.0020468824077397585, -0.0020315530709922314, -0.00030662494827993214, -0.0018676638137549162, 0.005288643762469292, -0.0018780523678287864, -0.001985009992495179, -0.0011130000930279493, 0.001569114625453949, -0.0015928038628771901, 0.0014665576163679361, -0.0021981406025588512], [0.0002867457806132734, -0.00376558187417686, 0.0036238296888768673, -0.0015768558951094747, 0.0019380069570615888, -0.0018780523678287864, 0.009034796617925167, -0.004986680578440428, -0.00020635781402233988, 0.0023492444306612015, 0.0022765479516237974, -0.005145719274878502, 0.004940106999129057], [-0.0004372033290565014, 0.003534554736688733, -0.003813826246187091, 0.003665981814265251, -0.00306716444902122, -0.001985009992495179, -0.004986680578440428, 0.012227070517838001, -0.0018193310825154185, -0.0004512145824264735, -0.002582739107310772, 0.0034460988827049732, -0.0026975837536156178], [0.0005951619241386652, -0.0024122486356645823, 0.002784999553114176, -0.0026426282711327076, 0.0016685144510120153, -0.0011130000930279493, -0.00020635781402233988, -0.0018193310825154185, 0.01104593276977539, -0.00626573758199811, -0.0007806746871210635, 0.0022052046842873096, 0.0007487329421564937], [-0.0005774810560978949, 0.003836330957710743, -0.002461168449372053, 0.0031364981550723314, -0.005250856280326843, 0.001569114625453949, 0.0023492444306612015, -0.0004512145824264735, -0.00626573758199811, 0.014720147475600243, -0.004817754961550236, 4.955671465722844e-05, -0.0005845706327818334], [0.0006604601512663066, -0.004813177976757288, 0.004344242624938488, -0.0034966410603374243, 0.0044013638980686665, -0.0015928038628771901, 0.0022765479516237974, -0.002582739107310772, -0.0007806746871210635, -0.004817754961550236, 0.01450779102742672, -0.008290811441838741, 0.003988759126514196], [-0.0002579787978902459, 0.005224455147981644, -0.005068107973784208, 0.0036965273320674896, -0.004315492231398821, 0.0014665576163679361, -0.005145719274878502, 0.0034460988827049732, 0.0022052046842873096, 4.955671465722844e-05, -0.008290811441838741, 0.018836256116628647, -0.008758812211453915], [0.00040155553142540157, -0.00383735541254282, 0.004864760674536228, -0.0026317930314689875, 0.002539756940677762, -0.0021981406025588512, 0.004940106999129057, -0.0026975837536156178, 0.0007487329421564937, -0.0005845706327818334, 0.003988759126514196, -0.008758812211453915, 0.012630938552320004]], "lowlevel.mfcc.cov": [[4775.69189453125, -1426.67578125, 402.27740478515625, -280.2887878417969, -108.4572525024414, -91.16690826416016, -18.13138198852539, -117.06314849853516, 57.000205993652344, -94.46183013916016, -119.26676177978516, -103.73845672607422, -119.11531066894531], [-1426.67578125, 1976.5333251953125, -386.05322265625, 429.5976867675781, 82.58612823486328, 115.95632934570312, 123.46732330322266, 135.68504333496094, -2.027759075164795, 95.95922088623047, 51.462127685546875, 79.54032135009766, 91.42122650146484], [402.27740478515625, -386.05322265625, 689.0325927734375, -50.26679992675781, 211.65988159179688, 74.93568420410156, 118.51094818115234, 92.5501708984375, 55.38758087158203, -23.399883270263672, 35.1670036315918, -44.300941467285156, -48.750335693359375], [-280.2887878417969, 429.5976867675781, -50.26679992675781, 484.63104248046875, -50.58500671386719, 97.28865051269531, -67.07707214355469, 26.13536834716797, -98.0221939086914, 42.00739669799805, -46.13842010498047, -11.632448196411133, -18.376489639282227], [-108.4572525024414, 82.58612823486328, 211.65988159179688, -50.58500671386719, 545.3106689453125, 110.7772216796875, 148.57699584960938, -2.4719479084014893, 148.7633819580078, 37.046836853027344, 101.80242919921875, 10.47645092010498, 64.80476379394531], [-91.16690826416016, 115.95632934570312, 74.93568420410156, 97.28865051269531, 110.7772216796875, 213.4623565673828, 55.36225509643555, 86.53009033203125, 42.0135498046875, 39.22526931762695, 34.52891540527344, 31.290618896484375, 12.228041648864746], [-18.13138198852539, 123.46732330322266, 118.51094818115234, -67.07707214355469, 148.57699584960938, 55.36225509643555, 276.0552673339844, 153.8102264404297, 113.13621520996094, -14.673107147216797, 61.26726150512695, 28.04121971130371, 34.994407653808594], [-117.06314849853516, 135.68504333496094, 92.5501708984375, 26.13536834716797, -2.4719479084014893, 86.53009033203125, 153.8102264404297, 253.7448272705078, 63.835872650146484, 14.610172271728516, 41.86201095581055, 37.774925231933594, 11.658526420593262], [57.000205993652344, -2.027759075164795, 55.38758087158203, -98.0221939086914, 148.7633819580078, 42.0135498046875, 113.13621520996094, 63.835872650146484, 203.4255828857422, 27.678020477294922, 51.106143951416016, 17.12422752380371, 16.985219955444336], [-94.46183013916016, 95.95922088623047, -23.399883270263672, 42.00739669799805, 37.046836853027344, 39.22526931762695, -14.673107147216797, 14.610172271728516, 27.678020477294922, 130.01702880859375, 65.2021255493164, 43.18408966064453, 18.219959259033203], [-119.26676177978516, 51.462127685546875, 35.1670036315918, -46.13842010498047, 101.80242919921875, 34.52891540527344, 61.26726150512695, 41.86201095581055, 51.106143951416016, 65.2021255493164, 148.75433349609375, 74.65095520019531, 49.475547790527344], [-103.73845672607422, 79.54032135009766, -44.300941467285156, -11.632448196411133, 10.47645092010498, 31.290618896484375, 28.04121971130371, 37.774925231933594, 17.12422752380371, 43.18408966064453, 74.65095520019531, 121.45284271240234, 62.585121154785156], [-119.11531066894531, 91.42122650146484, -48.750335693359375, -18.376489639282227, 64.80476379394531, 12.228041648864746, 34.994407653808594, 11.658526420593262, 16.985219955444336, 18.219959259033203, 49.475547790527344, 62.585121154785156, 113.36776733398438]], "lowlevel.mfcc.icov": [[0.0002834204933606088, 0.00018628881662152708, -9.56459844019264e-05, -3.933934203814715e-05, 0.000124578014947474, -1.1344384802214336e-05, -0.0002053757489193231, 0.0002129522617906332, -0.0001539889199193567, -7.938618364278227e-05, 0.00021313977777026594, -4.708466076408513e-05, 4.036930840811692e-05], [0.00018628881662152708, 0.0010151094757020473, 0.0005806507542729378, -0.000845709873829037, -0.0002453038759995252, 0.00014762730279471725, -0.0007041197386570275, -0.00019469870312605053, 3.219751306460239e-05, -0.000264440372120589, 4.185773286735639e-05, -5.3544594265986234e-05, -9.962069452740252e-05], [-9.56459844019264e-05, 0.0005806507542729378, 0.0025613836478441954, -0.00029186022584326565, -0.0012445953907445073, -0.00013520366337615997, -0.0003947991644963622, -0.0012151363771408796, 0.0007064917008392513, 0.0003753524797502905, -0.0007228574831970036, 0.0006128361565060914, 0.0012692338787019253], [-3.933934203814715e-05, -0.000845709873829037, -0.00029186022584326565, 0.003839299315586686, 1.593393972143531e-05, -0.0016424841014668345, 0.0008973325602710247, -0.0004865686350967735, 0.0016928882105275989, -0.0012551202671602368, 0.0013473887229338288, 0.00042044915608130395, 0.0002065384469460696], [0.000124578014947474, -0.0002453038759995252, -0.0012445953907445073, 1.593393972143531e-05, 0.004308429546654224, -0.001823612255975604, -0.0016749417409300804, 0.0029159176629036665, -0.0019880798645317554, -0.00025110182468779385, -0.001577660907059908, 0.0019059140468016267, -0.0022783279418945312], [-1.1344384802214336e-05, 0.00014762730279471725, -0.00013520366337615997, -0.0016424841014668345, -0.001823612255975604, 0.007569288369268179, 0.0005573968519456685, -0.002490716753527522, -0.00046718932571820915, -0.0006988701643422246, 0.0005828211433254182, -0.001945042866282165, 0.0008564663585275412], [-0.0002053757489193231, -0.0007041197386570275, -0.0003947991644963622, 0.0008973325602710247, -0.0016749417409300804, 0.0005573968519456685, 0.009141959249973297, -0.004860717337578535, -0.0018651316640898585, 0.0030975721310824156, -0.0014280561590567231, 3.58643192157615e-05, -0.000711998320184648], [0.0002129522617906332, -0.00019469870312605053, -0.0012151363771408796, -0.0004865686350967735, 0.0029159176629036665, -0.002490716753527522, -0.004860717337578535, 0.009044447913765907, -0.001459605759009719, -0.0006383080035448074, -0.0003867231425829232, -0.0007306730258278549, -0.00015512140817008913], [-0.0001539889199193567, 3.219751306460239e-05, 0.0007064917008392513, 0.001692888