{"song_id": "1183695285810122753", "download": "https://cdn.discordapp.com/attachments/1135903449314238464/1183695285810122753/chirp.mp4?ex=65894524&amp", "lyrics": "[Verse]\nLyney and Hutao, we're taking to the sky\nGenshin Impact heroes, ready to fly high\nJumping out the plane, feeling the adrenaline rush\nSkydiving through the clouds, leaving the world hush\n\n[Chorus]\nWe're skydiving, feeling so alive\nLyney and Hutao, taking the dive\nNo limits, no fears, we're reaching new heights\nGenshin Impact crew, igniting the skies at night", "style": ["Hip hop"], "essentia_features": {"lowlevel.average_loudness": 0.9379844069480896, "lowlevel.barkbands_crest.mean": 11.341913223266602, "lowlevel.barkbands_crest.stdev": 5.901205539703369, "lowlevel.barkbands_flatness_db.mean": 0.24162864685058594, "lowlevel.barkbands_flatness_db.stdev": 0.2362406700849533, "lowlevel.barkbands_kurtosis.mean": 9.35918140411377, "lowlevel.barkbands_kurtosis.stdev": 30.66897964477539, "lowlevel.barkbands_skewness.mean": 1.3173348903656006, "lowlevel.barkbands_skewness.stdev": 1.9198460578918457, "lowlevel.barkbands_spread.mean": 29.464590072631836, "lowlevel.barkbands_spread.stdev": 23.788436889648438, "lowlevel.dissonance.mean": 0.4221562147140503, "lowlevel.dissonance.stdev": 0.11539756506681442, "lowlevel.dynamic_complexity": 2.6540398597717285, "lowlevel.erbbands_crest.mean": 10.409008979797363, "lowlevel.erbbands_crest.stdev": 6.251132011413574, "lowlevel.erbbands_flatness_db.mean": 0.24357418715953827, "lowlevel.erbbands_flatness_db.stdev": 0.1822027564048767, "lowlevel.erbbands_kurtosis.mean": 3.90757155418396, "lowlevel.erbbands_kurtosis.stdev": 7.5467047691345215, "lowlevel.erbbands_skewness.mean": -0.06692863255739212, "lowlevel.erbbands_skewness.stdev": 1.3877977132797241, "lowlevel.erbbands_spread.mean": 32.25775909423828, "lowlevel.erbbands_spread.stdev": 24.774953842163086, "lowlevel.hfc.mean": 27.52970314025879, "lowlevel.hfc.stdev": 26.133499145507812, "lowlevel.loudness_ebu128.integrated": -11.95983600616455, "lowlevel.loudness_ebu128.loudness_range": 9.28843879699707, "lowlevel.loudness_ebu128.momentary.mean": -19.7289981842041, "lowlevel.loudness_ebu128.momentary.stdev": 42.195098876953125, "lowlevel.loudness_ebu128.short_term.mean": -13.047090530395508, "lowlevel.loudness_ebu128.short_term.stdev": 3.49822998046875, "lowlevel.melbands_crest.mean": 15.785131454467773, "lowlevel.melbands_crest.stdev": 5.444865703582764, "lowlevel.melbands_flatness_db.mean": 0.31742024421691895, "lowlevel.melbands_flatness_db.stdev": 0.2654265761375427, "lowlevel.melbands_kurtosis.mean": 11.889623641967773, "lowlevel.melbands_kurtosis.stdev": 17.920995712280273, "lowlevel.melbands_skewness.mean": 2.387686252593994, "lowlevel.melbands_skewness.stdev": 1.8515831232070923, "lowlevel.melbands_spread.mean": 32.97815704345703, "lowlevel.melbands_spread.stdev": 34.61637496948242, "lowlevel.pitch_salience.mean": 0.570864737033844, "lowlevel.pitch_salience.stdev": 0.13067524135112762, "lowlevel.silence_rate_20dB.mean": 1.0, "lowlevel.silence_rate_20dB.stdev": 0.0, "lowlevel.silence_rate_30dB.mean": 1.0, "lowlevel.silence_rate_30dB.stdev": 0.0, "lowlevel.silence_rate_60dB.mean": 0.059164732694625854, "lowlevel.silence_rate_60dB.stdev": 0.2359355092048645, "lowlevel.spectral_centroid.mean": 1894.3487548828125, "lowlevel.spectral_centroid.stdev": 1979.2823486328125, "lowlevel.spectral_complexity.mean": 25.281902313232422, "lowlevel.spectral_complexity.stdev": 19.14855194091797, "lowlevel.spectral_decrease.mean": -6.18877571412213e-09, "lowlevel.spectral_decrease.stdev": 4.501544026425108e-09, "lowlevel.spectral_energy.mean": 0.02585483156144619, "lowlevel.spectral_energy.stdev": 0.018255218863487244, "lowlevel.spectral_energyband_high.mean": 0.0020430919248610735, "lowlevel.spectral_energyband_high.stdev": 0.0024991862010210752, "lowlevel.spectral_energyband_low.mean": 0.008876461535692215, "lowlevel.spectral_energyband_low.stdev": 0.011873515322804451, "lowlevel.spectral_energyband_middle_high.mean": 0.004701390862464905, "lowlevel.spectral_energyband_middle_high.stdev": 0.004599838517606258, "lowlevel.spectral_energyband_middle_low.mean": 0.01083966251462698, "lowlevel.spectral_energyband_middle_low.stdev": 0.011427966877818108, "lowlevel.spectral_entropy.mean": 6.835788726806641, "lowlevel.spectral_entropy.stdev": 1.9188554286956787, "lowlevel.spectral_flux.mean": 0.07140801846981049, "lowlevel.spectral_flux.stdev": 0.05154003947973251, "lowlevel.spectral_kurtosis.mean": 73.00041961669922, "lowlevel.spectral_kurtosis.stdev": 136.60189819335938, "lowlevel.spectral_rms.mean": 0.004635937977582216, "lowlevel.spectral_rms.stdev": 0.001931931241415441, "lowlevel.spectral_rolloff.mean": 2541.2666015625, "lowlevel.spectral_rolloff.stdev": 3578.78076171875, "lowlevel.spectral_skewness.mean": 4.565014362335205, "lowlevel.spectral_skewness.stdev": 5.958647727966309, "lowlevel.spectral_spread.mean": 4760645.0, "lowlevel.spectral_spread.stdev": 6855007.5, "lowlevel.spectral_strongpeak.mean": 0.5823503136634827, "lowlevel.spectral_strongpeak.stdev": 0.6374473571777344, "lowlevel.zerocrossingrate.mean": 0.08447237312793732, "lowlevel.zerocrossingrate.stdev": 0.09512690454721451, "metadata.audio_properties.analysis.equal_loudness": 0.0, "metadata.audio_properties.analysis.length": 39.999977111816406, "metadata.audio_properties.analysis.sample_rate": 44100.0, "metadata.audio_properties.analysis.start_time": 0.0, "metadata.audio_properties.bit_rate": 122811.0, "metadata.audio_properties.length": 40.0, "metadata.audio_properties.lossless": 0.0, "metadata.audio_properties.number_channels": 1.0, "metadata.audio_properties.replay_gain": -14.883024215698242, "metadata.audio_properties.sample_rate": 48000.0, "rhythm.beats_count": 107.0, "rhythm.beats_loudness.mean": 0.0333830863237381, "rhythm.beats_loudness.stdev": 0.01991845667362213, "rhythm.bpm": 163.75010681152344, "rhythm.bpm_histogram_first_peak_bpm": 161.0, "rhythm.bpm_histogram_first_peak_weight": 0.19298243522644043, "rhythm.bpm_histogram_second_peak_bpm": 167.0, "rhythm.bpm_histogram_second_peak_spread": 0.0, "rhythm.bpm_histogram_second_peak_weight": 0.33018869161605835, "rhythm.danceability": 1.116012454032898, "rhythm.onset_rate": 2.9235680103302, "tonal.chords_changes_rate": 0.049826186150312424, "tonal.chords_number_rate": 0.010428736917674541, "tonal.chords_strength.mean": 0.4994522035121918, "tonal.chords_strength.stdev": 0.09689941257238388, "tonal.hpcp_crest.mean": 10.969817161560059, "tonal.hpcp_crest.stdev": 6.122839450836182, "tonal.hpcp_entropy.mean": 2.3744213581085205, "tonal.hpcp_entropy.stdev": 0.9331552386283875, "tonal.key_edma.strength": 0.718147873878479, "tonal.key_krumhansl.strength": 0.7146537899971008, "tonal.key_temperley.strength": 0.7126500010490417, "tonal.tuning_diatonic_strength": 0.6023938655853271, "tonal.tuning_equal_tempered_deviation": 0.1569380760192871, "tonal.tuning_frequency": 439.4919738769531, "tonal.tuning_nontempered_energy_ratio": 0.7776331305503845, "lowlevel.barkbands.mean": [0.0007848451496101916, 0.004050660412758589, 0.003455013269558549, 0.0027116199489682913, 0.005806687753647566, 0.001321044866926968, 0.0006787916645407677, 0.00013759906869381666, 0.0001655507949180901, 0.00011268836533417925, 0.00019595005142036825, 0.00039238797035068274, 0.0003866457554977387, 0.00020984488946851343, 0.0003246817213948816, 0.0009239811915904284, 0.0009282357059419155, 0.00035308473161421716, 0.0006429709028452635, 0.00046960284817032516, 0.0007679307018406689, 0.00032303237821906805, 0.0001804729545256123, 0.00019335045362822711, 0.00018126927898265421, 0.00013688631588593125, 2.0056648281752132e-05], "lowlevel.barkbands.stdev": [0.0010234488872811198, 0.007039528805762529, 0.005261704325675964, 0.003282751189544797, 0.0095460070297122, 0.0020159322302788496, 0.0016020002076402307, 0.0007503523956984282, 0.00043395068496465683, 0.00023172510555014014, 0.0008221332100220025, 0.0005184962647035718, 0.0006938769947737455, 0.0003257225616835058, 0.0004748450010083616, 0.0011827140115201473, 0.001109173521399498, 0.00038179216790013015, 0.0006967135705053806, 0.0005067844176664948, 0.0009085136698558927, 0.00043439114233478904, 0.0003209721762686968, 0.00037653386243619025, 0.0003595094894990325, 0.00033401904511265457, 4.720521974377334e-05], "lowlevel.erbbands.mean": [0.10858184099197388, 0.9653615355491638, 3.723217248916626, 6.559563636779785, 16.678564071655273, 20.448637008666992, 10.17504596710205, 12.105999946594238, 10.28956413269043, 6.435601711273193, 2.8822779655456543, 3.559414863586426, 3.469553232192993, 5.441384315490723, 9.534601211547852, 17.063735961914062, 18.803882598876953, 11.20123291015625, 14.492990493774414, 23.692567825317383, 61.12334060668945, 51.18153762817383, 21.55020523071289, 28.579715728759766, 30.036821365356445, 22.026702880859375, 30.813800811767578, 25.55046844482422, 13.126913070678711, 6.801507949829102, 4.802740097045898, 4.099856376647949, 3.1792688369750977, 2.0982136726379395, 1.2395042181015015, 0.6391797065734863, 0.24198170006275177, 0.05471691116690636, 0.0022177728824317455, 7.814478885848075e-05], "lowlevel.erbbands.stdev": [0.2264183610677719, 1.5996122360229492, 5.416777610778809, 8.017573356628418, 35.22653579711914, 27.53352165222168, 13.230392456054688, 17.848928451538086, 23.39892578125, 22.600605010986328, 15.715672492980957, 8.809357643127441, 8.040997505187988, 13.953569412231445, 23.034963607788086, 21.637359619140625, 31.169767379760742, 22.284345626831055, 18.15428924560547, 31.424659729003906, 78.11561584472656, 59.65930938720703, 23.174320220947266, 30.802431106567383, 33.4511604309082, 23.440196990966797, 35.62958526611328, 30.8087158203125, 17.27836799621582, 10.278045654296875, 8.902100563049316, 8.088672637939453, 6.268044471740723, 4.085890769958496, 2.5986039638519287, 1.5276753902435303, 0.5983114242553711, 0.12864632904529572, 0.005864094942808151, 0.0001245691382791847], "lowlevel.gfcc.mean": [-117.38333129882812, 97.34504699707031, -80.49681091308594, 36.60042953491211, -36.47066116333008, -8.439994812011719, -44.1974983215332, -14.273521423339844, -34.64552688598633, -6.844871520996094, -18.463319778442383, 0.988822340965271, -6.567702770233154], "lowlevel.melbands.mean": [0.0010620267130434513, 0.0016939010238274932, 0.00146811967715621, 0.0013723289594054222, 0.0004879385232925415, 0.00026724173221737146, 0.00014706607908010483, 5.9068570408271626e-05, 2.0907824364257976e-05, 2.318235237908084e-05, 1.7284752175328322e-05, 2.111488356604241e-05, 2.996773400809616e-05, 3.913399268640205e-05, 5.26330950378906e-05, 3.190188726875931e-05, 1.893989428936038e-05, 2.2190823074197397e-05, 2.379752550041303e-05, 4.1875577153405175e-05, 7.877916505094618e-05, 5.893639172427356e-05, 2.6650264771888033e-05, 1.5816714949323796e-05, 2.3702323233010247e-05, 2.44602415477857e-05, 1.7622271116124466e-05, 1.3503807167580817e-05, 1.726200025586877e-05, 2.1898793420405127e-05, 1.2429962225724012e-05, 8.170002729457337e-06, 4.491199888434494e-06, 3.5088280583295273e-06, 2.7456173938844586e-06, 2.59533499047393e-06, 2.4965822831291007e-06, 2.335155841137748e-06, 1.9169099232385634e-06, 1.709381649561692e-06], "lowlevel.melbands.stdev": [0.001970060169696808, 0.0023870556615293026, 0.001818602322600782, 0.002289364580065012, 0.000655644980724901, 0.00039002997800707817, 0.0003362903371453285, 0.0002180023438995704, 0.00010410859249532223, 6.274488259805366e-05, 4.098548015463166e-05, 5.3036528697703034e-05, 0.00011263752094237134, 5.067355959909037e-05, 7.99675181042403e-05, 5.905889338464476e-05, 3.761132393265143e-05, 2.89972813334316e-05, 3.1978663173504174e-05, 5.165919355931692e-05, 0.00010338376159779727, 7.14639900252223e-05, 3.343506978126243e-05, 1.7921031030709855e-05, 2.626855712151155e-05, 2.811100239341613e-05, 2.0210018192301504e-05, 1.4641675079474226e-05, 1.974417500605341e-05, 2.794752253976185e-05, 1.561126919114031e-05, 1.0923814443231095e-05, 6.710040452162502e-06, 5.6486942412448116e-06, 5.020939624955645e-06, 5.517576028069016e-06, 4.95654148835456e-06, 4.641972736862954e-06, 3.888696937792702e-06, 3.3698986499075545e-06], "lowlevel.melbands128.mean": [0.000271672586677596, 0.0008116331300698221, 0.0013557866914197803, 0.0016161544481292367, 0.0019369389628991485, 0.0015931881498545408, 0.0011786852264776826, 0.001504196086898446, 0.001826382940635085, 0.001378609100356698, 0.001201940467581153, 0.0006651103030890226, 0.00017627759370952845, 0.0004286714247427881, 0.0003327197046019137, 0.00013045100786257535, 0.00017075827054213732, 0.00017017399659380317, 8.598467684350908e-05, 8.15794846857898e-05, 3.179035411449149e-05, 3.141542401863262e-05, 1.2974245692021213e-05, 1.942107883223798e-05, 2.4859078621375374e-05, 2.2988915588939562e-05, 2.6651072403183207e-05, 1.0770791050163098e-05, 1.553742549731396e-05, 2.1436449969769455e-05, 1.795407479221467e-05, 3.0224053261918016e-05, 3.447985727689229e-05, 2.4244325686595403e-05, 3.663441748358309e-05, 4.16737275372725e-05, 4.598838131641969e-05, 5.308804611559026e-05, 6.49688154226169e-05, 3.557616946636699e-05, 2.0915811546728946e-05, 3.032683343917597e-05, 1.6286927348119207e-05, 1.463466469431296e-05, 2.0516979930107482e-05, 2.4000297344173305e-05, 2.4972969185910188e-05, 1.8679085769690573e-05, 2.4261018552351743e-05, 3.4995620808331296e-05, 3.6403122066985816e-05, 5.2639403293142095e-05, 9.133006096817553e-05, 8.497860108036548e-05, 6.751668843207881e-05, 6.429332279367372e-05, 4.208289828966372e-05, 3.413190643186681e-05, 1.9892961063305847e-05, 1.3847164154867642e-05, 1.4502326848742086e-05, 1.6979771316982806e-05, 2.2806219931226224e-05, 2.6231471565552056e-05, 2.4597311494289897e-05, 2.5894278223859146e-05, 2.384233994234819e-05, 1.8850887499866076e-05, 1.6251857232418843e-05, 1.6160875020432286e-05, 1.1722177077899687e-05, 1.295954189117765e-05, 1.5661626093788072e-05, 1.706151851976756e-05, 2.0391220459714532e-05, 2.5736975658219308e-05, 2.1362437109928578e-05, 1.360715032205917e-05, 1.2064726433891337e-05, 1.0034811566583812e-05, 9.720863090478815e-06, 6.867960109957494e-06, 5.541208338399883e-06, 4.292411176720634e-06, 3.5231903439125745e-06, 3.6836331673839595e-06, 3.458119863353204e-06, 3.282748139099567e-06, 2.598637138362392e-06, 2.409876287856605e-06, 2.710638455027947e-06, 2.722122189879883e-06, 2.323530907233362e-06, 2.494677119102562e-06, 2.5690528673294466e-06, 2.550396175138303e-06, 2.3022923869575607e-06, 1.9961746602348285e-06, 1.9374310795683414e-06, 1.8251801066071494e-06, 1.8541661575000035e-06, 1.655720325288712e-06, 1.6305131111948867e-06, 1.5013118854767526e-06, 1.4838923334536958e-06, 1.2094900512238382e-06, 1.2182065347587923e-06, 1.1780572322095395e-06, 1.1005475926140207e-06, 1.058426619238162e-06, 1.0345925147703383e-06, 7.569062177026353e-07, 7.552599754490075e-07, 7.351161457336275e-07, 5.630552095681196e-07, 4.631775709640351e-07, 4.167870031324128e-07, 3.971569526584062e-07, 7.935308588002954e-08, 5.306870498600347e-09, 4.127676866971797e-09, 7.473743290908885e-10, 1.5884672049937265e-11, 1.4310568355324627e-11, 1.1725113935323606e-11, 8.049819491540156e-12, 6.4634031633759026e-12, 6.1597393852252935e-12], "lowlevel.melbands128.stdev": [0.0004784613265655935, 0.0018039192073047161, 0.0029100317042320967, 0.0027626510709524155, 0.0029397534672170877, 0.0025292106438428164, 0.0017441902309656143, 0.0018964254995808005, 0.004670614376664162, 0.0030382778495550156, 0.0018195038428530097, 0.0010193685302510858, 0.00030247410177253187, 0.000828654388897121, 0.0005766824469901621, 0.0003036854322999716, 0.000443939003162086, 0.0005553229711949825, 0.0002712664718274027, 0.0004058612685184926, 0.0001643412106204778, 0.0002739568299148232, 7.497640763176605e-05, 4.550477387965657e-05, 7.417049346258864e-05, 9.983150084735826e-05, 0.00011318735050735995, 2.3215838155010715e-05, 4.3533869757084176e-05, 6.326650327537209e-05, 4.308545612730086e-05, 0.0002066695742541924, 0.00017588475020602345, 3.443832974880934e-05, 6.981981277931482e-05, 6.521608156617731e-05, 7.371526589849964e-05, 0.00010348402429372072, 0.00014801060024183244, 7.229655602714047e-05, 5.132714068167843e-05, 0.00013151313760317862, 3.6878951505059376e-05, 2.342621337447781e-05, 3.857917181449011e-05, 4.0385428292211145e-05, 4.369518137536943e-05, 2.7023954316973686e-05, 4.936298500979319e-05, 6.740314711350948e-05, 5.538163168239407e-05, 8.337973849847913e-05, 0.00015547004295513034, 0.00013857967860531062, 9.490412048762664e-05, 9.710012091090903e-05, 5.693895946023986e-05, 6.044856854714453e-05, 2.534218037908431e-05, 1.7284974092035554e-05, 2.164565557905007e-05, 2.2756434191251174e-05, 2.822507121891249e-05, 3.309477324364707e-05, 3.386902972124517e-05, 3.3341879316139966e-05, 3.203098458470777e-05, 2.5305944291176274e-05, 2.1799662135890685e-05, 2.029761890298687e-05, 1.4151117284200154e-05, 1.587098086019978e-05, 1.912976586027071e-05, 2.1352325347834267e-05, 2.891432450269349e-05, 3.5430148273007944e-05, 3.0286915716715157e-05, 1.9004311980097555e-05, 1.6542466255486943e-05, 1.4206482774170581e-05, 1.3740685972152278e-05, 1.0519303032197058e-05, 8.852549399307463e-06, 7.0791620601085015e-06, 5.789231636299519e-06, 6.117799330240814e-06, 6.166704224597197e-06, 6.11677660344867e-06, 4.970520876668161e-06, 5.15120063937502e-06, 6.4690475483075716e-06, 6.171578661451349e-06, 4.839865141548216e-06, 5.5215859902091324e-06, 5.264500032353681e-06, 5.02039347338723e-06, 4.952771632815711e-06, 4.5350038817559835e-06, 4.1011157918546814e-06, 3.8019388739485294e-06, 3.832769380096579e-06, 3.4379399949102663e-06, 3.2981129152176436e-06, 3.293018153271987e-06, 3.2158984595298534e-06, 2.847642008418916e-06, 2.8932245186297223e-06, 2.8551694413181394e-06, 2.9224279387563e-06, 2.5450140128668863e-06, 2.710630724322982e-06, 1.9017267050003284e-06, 1.9913120468117995e-06, 1.8863813693315024e-06, 1.4912058077243273e-06, 1.1709759064615355e-06, 9.770450333235203e-07, 9.044001672009472e-07, 2.2196125826212665e-07, 1.4931028147202596e-07, 1.1923884812858887e-07, 1.6902971466947747e-08, 1.3294292056098556e-10, 1.28191013359924e-10, 1.120776249585731e-10, 1.0231852171083133e-10, 1.014995865133983e-10, 9.934064681971222e-11], "lowlevel.mfcc.mean": [-744.1439819335938, 121.51921081542969, 16.002647399902344, 43.447731018066406, 17.757654190063477, 9.34827709197998, -0.6788368225097656, -8.18973159790039, -8.496875762939453, -18.059024810791016, -15.481668472290039, -5.8072919845581055, -5.709038257598877], "lowlevel.spectral_contrast_coeffs.mean": [-0.6152082681655884, -0.7374396920204163, -0.8213104009628296, -0.8211053609848022, -0.8224349021911621, -0.7775794863700867], "lowlevel.spectral_contrast_coeffs.stdev": [0.14919161796569824, 0.09742149710655212, 0.06134631484746933, 0.06671231240034103, 0.05559561401605606, 0.09832154959440231], "lowlevel.spectral_contrast_valleys.mean": [-7.8362650871276855, -8.499602317810059, -8.911617279052734, -8.96705436706543, -8.953041076660156, -11.604323387145996], "lowlevel.spectral_contrast_valleys.stdev": [3.8166351318359375, 3.6875414848327637, 3.8505442142486572, 4.102640151977539, 4.4360504150390625, 3.806745767593384], "rhythm.beats_loudness_band_ratio.mean": [0.47420069575309753, 0.40467560291290283, 0.024879341945052147, 0.026572227478027344, 0.06355305761098862, 0.09809993952512741], "rhythm.beats_loudness_band_ratio.stdev": [0.27203601598739624, 0.33899760246276855, 0.046123575419187546, 0.030422436073422432, 0.06780247390270233, 0.1092439815402031], "tonal.hpcp.mean": [0.27588531374931335, 0.15386731922626495, 0.042140234261751175, 0.03752371296286583, 0.04299789294600487, 0.1684155911207199, 0.3471497893333435, 0.24517719447612762, 0.07127708941698074, 0.051444992423057556, 0.042531926184892654, 0.058781445026397705, 0.09207114577293396, 0.08201860636472702, 0.057259056717157364, 0.048668716102838516, 0.045118220150470734, 0.04901103302836418, 0.0448998399078846, 0.042535193264484406, 0.16889771819114685, 0.38403597474098206, 0.27429306507110596, 0.05460938438773155, 0.029761232435703278, 0.03249024599790573, 0.08221430331468582, 0.14700591564178467, 0.12669824063777924, 0.09505380690097809, 0.10138663649559021, 0.08420074731111526, 0.08441207557916641, 0.08137746155261993, 0.07505428791046143, 0.18783143162727356], "tonal.hpcp.stdev": [0.3894699513912201, 0.2474687546491623, 0.1349610537290573, 0.13719816505908966, 0.14612890779972076, 0.2311909943819046, 0.3874136805534363, 0.30064013600349426, 0.1751893311738968, 0.14508195221424103, 0.12013321369886398, 0.12708212435245514, 0.17598676681518555, 0.15084026753902435, 0.1151459738612175, 0.09924297779798508, 0.09500644356012344, 0.09228500723838806, 0.07872296869754791, 0.08319109678268433, 0.19967693090438843, 0.3641306161880493, 0.2904524505138397, 0.11569260060787201, 0.09611272066831589, 0.10534664243459702, 0.191863551735878, 0.3010586202144623, 0.25689736008644104, 0.22654381394386292, 0.2414466291666031, 0.21134454011917114, 0.19406758248806, 0.17895834147930145, 0.16721881926059723, 0.28356239199638367], "rhythm.beats_position": [0.3482993245124817, 0.6965986490249634, 1.0448979139328003, 1.3931972980499268, 1.7531065940856934, 2.11301589012146, 2.4729251861572266, 2.832834482192993, 3.2391836643218994, 3.633922815322876, 4.040272235870361, 4.458230972290039, 4.876190185546875, 5.294149398803711, 5.6888885498046875, 6.072018146514893, 6.466757297515869, 6.849886417388916, 7.233015537261963, 7.616145133972168, 8.010884284973145, 8.405623435974121, 8.788752555847168, 9.160271644592285, 9.543400764465332, 9.914920806884766, 10.298049926757812, 10.66956901550293, 11.052698135375977, 11.424217224121094, 11.795736312866211, 12.167256355285645, 12.538775444030762, 12.910294532775879, 13.281813621520996, 13.653332710266113, 14.024852752685547, 14.384761810302734, 14.744670867919922, 15.10457992553711, 15.464489936828613, 15.83600902557373, 16.21913719177246, 16.60226821899414, 16.962177276611328, 17.322086334228516, 17.693605422973633, 18.06512451171875, 18.436643600463867, 18.796552658081055, 19.156461715698242, 19.52798080444336, 19.899499893188477, 20.259410858154297, 20.619319915771484, 20.9908390045166, 21.36235809326172, 21.733877182006836, 22.105396270751953, 22.46530532836914, 22.848434448242188, 23.208343505859375, 23.579862594604492, 23.951383590698242, 24.31129264831543, 24.682811737060547, 25.054330825805664, 25.41423988342285, 25.78575897216797, 26.157278060913086, 26.517187118530273, 26.87709617614746, 27.23700714111328, 27.6085262298584, 27.968435287475586, 28.328344345092773, 28.69986343383789, 29.071382522583008, 29.431291580200195, 29.791200637817383, 30.1627197265625, 30.53424072265625, 30.905759811401367, 31.277278900146484, 31.67201805114746, 32.031925201416016, 32.3918342590332, 32.76335525512695, 33.1348762512207, 33.50639343261719, 33.87791442871094, 34.237823486328125, 34.59773254394531, 34.9576416015625, 35.31755065917969, 35.68906784057617, 36.048980712890625, 36.40888977050781, 36.768798828125, 37.140316009521484, 37.511837005615234, 37.88335418701172, 38.25487518310547, 38.614784240722656, 38.98630142211914, 39.35782241821289, 39.72934341430664], "rhythm.bpm_histogram": [0.0, 0.0, 0.0, 0.0, 0.0, 0.0, 0.0, 0.0, 0.0, 0.0, 0.0, 0.0, 0.0, 0.0, 0.0, 0.0, 0.0, 0.0, 0.0, 0.0, 0.0, 0.0, 0.0, 0.0, 0.0, 0.0, 0.0, 0.0, 0.0, 0.0, 0.0, 0.0, 0.0, 0.0, 0.0, 0.0, 0.0, 0.0, 0.0, 0.0, 0.0, 0.0, 0.0, 0.0, 0.0, 0.0, 0.0, 0.0, 0.0, 0.0, 0.0, 0.0, 0.0, 0.0, 0.0, 0.0, 0.0, 0.0, 0.0, 0.0, 0.0, 0.0, 0.0, 0.0, 0.0, 0.0, 0.0, 0.0, 0.0, 0.0, 0.0, 0.0, 0.0, 0.0, 0.0, 0.0, 0.0, 0.0, 0.0, 0.0, 0.0, 0.0, 0.0, 0.0, 0.0, 0.0, 0.0, 0.0, 0.0, 0.0, 0.0, 0.0, 0.0, 0.0, 0.0, 0.0, 0.0, 0.0, 0.0, 0.0, 0.0, 0.0, 0.0, 0.0, 0.0, 0.0, 0.0, 0.0, 0.0, 0.0, 0.0, 0.0, 0.0, 0.0, 0.0, 0.0, 0.0, 0.0, 0.0, 0.0, 0.0, 0.0, 0.0, 0.0, 0.0, 0.0, 0.0, 0.0, 0.0, 0.0, 0.0, 0.0, 0.0, 0.0, 0.0, 0.0, 0.0, 0.0, 0.0, 0.0, 0.0, 0.0, 0.0, 0.0, 0.028301887214183807, 0.0, 0.0, 0.0, 0.01886792480945587, 0.0, 0.0, 0.0, 0.056603774428367615, 0.0, 0.0, 0.0, 0.0, 0.1037735864520073, 0.0, 0.0, 0.0, 0.43396225571632385, 0.0, 0.0, 0.0, 0.0, 0.0, 0.33018869161605835, 0.0, 0.0, 0.0, 0.0, 0.028301887214183807, 0.0, 0.0, 0.0, 0.0, 0.0, 0.0, 0.0, 0.0, 0.0, 0.0, 0.0, 0.0, 0.0, 0.0, 0.0, 0.0, 0.0, 0.0, 0.0, 0.0, 0.0, 0.0, 0.0, 0.0, 0.0, 0.0, 0.0, 0.0, 0.0, 0.0, 0.0, 0.0, 0.0, 0.0, 0.0, 0.0, 0.0, 0.0, 0.0, 0.0, 0.0, 0.0, 0.0, 0.0, 0.0, 0.0, 0.0, 0.0, 0.0, 0.0, 0.0, 0.0, 0.0, 0.0, 0.0, 0.0, 0.0, 0.0, 0.0, 0.0, 0.0, 0.0, 0.0, 0.0, 0.0, 0.0, 0.0, 0.0, 0.0, 0.0, 0.0, 0.0, 0.0, 0.0, 0.0, 0.0, 0.0], "tonal.chords_histogram": [33.60370635986328, 20.62572479248047, 1.6222479343414307, 0.0, 0.3476245701313019, 0.0, 1.3904982805252075, 0.0, 0.0, 0.0, 0.0, 0.0, 0.0, 0.0, 0.0, 0.0, 0.0, 1.6222479343414307, 0.0, 12.630359649658203, 3.476245641708374, 12.746233940124512, 0.0, 11.935110092163086], "tonal.thpcp": [1.0, 0.7142379283905029, 0.1421986222267151, 0.07749594748020172, 0.08460208773612976, 0.21407969295978546, 0.38279205560684204, 0.3299124240875244, 0.24751277267932892, 0.2640029788017273, 0.21925224363803864, 0.21980252861976624, 0.21190062165260315, 0.1954355686903, 0.48909851908683777, 0.7183840274810791, 0.40065860748291016, 0.10972991585731506, 0.09770885109901428, 0.11196319013834, 0.4385411739349365, 0.9039512276649475, 0.6384224891662598, 0.18560002744197845, 0.13395878672599792, 0.11074984818696976, 0.1530623435974121, 0.23974615335464478, 0.21357011795043945, 0.14909815788269043, 0.1267295777797699, 0.11748436093330383, 0.12762093544006348, 0.11691571027040482, 0.11075835675001144, 0.4397965967655182], "lowlevel.gfcc.cov": [[85486.5078125, -10238.8515625, -12683.484375, 6848.19970703125, -660.89501953125, 5266.546875, -44.8154182434082, 4095.828125, -1087.4959716796875, 3115.876708984375, -1587.790771484375, 1604.931640625, -1516.9998779296875], [-10238.8515625, 6677.47998046875, 2327.314697265625, -2100.029052734375, -125.39647674560547, -2204.89501953125, -583.44677734375, -1754.982177734375, -66.73869323730469, -1290.1199951171875, 364.15863037109375, -595.7966918945312, 531.9649047851562], [-12683.484375, 2327.314697265625, 3776.49951171875, -1121.2799072265625, -292.5299072265625, -1045.644775390625, -312.6329040527344, -957.315673828125, -5.605216026306152, -695.2219848632812, 169.71978759765625, -360.5544128417969, 188.1852264404297], [6848.19970703125, -2100.029052734375, -1121.2799072265625, 1504.4639892578125, 222.60519409179688, 963.5250854492188, 297.95623779296875, 697.5918579101562, 22.955358505249023, 470.9393615722656, -220.12799072265625, 147.8022003173828, -249.1088104248047], [-660.89501953125, -125.39647674560547, -292.5299072265625, 222.60519409179688, 499.1939697265625, 90.6070785522461, 157.97828674316406, 113.453369140625, 61.18014144897461, 69.78157043457031, 5.351520538330078, 6.802768230438232, 2.3538293838500977], [5266.546875, -2204.89501953125, -1045.644775390625, 963.5250854492188, 90.6070785522461, 1038.5887451171875, 349.8846740722656, 758.5137939453125, 85.42485046386719, 513.01416015625, -144.8743133544922, 199.2023468017578, -227.36395263671875], [-44.8154182434082, -583.44677734375, -312.6329040527344, 297.95623779296875, 157.97828674316406, 349.8846740722656, 330.36517333984375, 299.1909484863281, 124.35071563720703, 188.55624389648438, 2.6171376705169678, 49.113887786865234, -58.410831451416016], [4095.828125, -1754.982177734375, -957.315673828125, 697.5918579101562, 113.453369140625, 758.5137939453125, 299.1909484863281, 667.0234375, 104.99937438964844, 458.5806884765625, -84.79861450195312, 192.89422607421875, -163.5106964111328], [-1087.4959716796875, -66.73869323730469, -5.605216026306152, 22.955358505249023, 61.18014144897461, 85.42485046386719, 124.35071563720703, 104.99937438964844, 134.4034881591797, 71.20543670654297, 43.39787673950195, 9.34237003326416, 4.062972068786621], [3115.876708984375, -1290.1199951171875, -695.2219848632812, 470.9393615722656, 69.78157043457031, 513.01416015625, 188.55624389648438, 458.5806884765625, 71.20543670654297, 392.3638916015625, -31.035839080810547, 166.54319763183594, -112.9242172241211], [-1587.790771484375, 364.15863037109375, 169.71978759765625, -220.12799072265625, 5.351520538330078, -144.8743133544922, 2.6171376705169678, -84.79861450195312, 43.39787673950195, -31.035839080810547, 96.31324005126953, 0.7076889276504517, 55.43860626220703], [1604.931640625, -595.7966918945312, -360.5544128417969, 147.8022003173828, 6.802768230438232, 199.2023468017578, 49.113887786865234, 192.89422607421875, 9.34237003326416, 166.54319763183594, 0.7076889276504517, 124.98712921142578, -23.923908233642578], [-1516.9998779296875, 531.9649047851562, 188.1852264404297, -249.1088104248047, 2.3538293838500977, -227.36395263671875, -58.410831451416016, -163.5106964111328, 4.062972068786621, -112.9242172241211, 55.43860626220703, -23.923908233642578, 98.05921936035156]], "lowlevel.gfcc.icov": [[0.0002284893416799605, -0.0006969056557863951, 0.0003759182873181999, -0.00043584307422861457, 0.0004631066112779081, -0.0005072085186839104, 0.0010403638007119298, -0.0007725355681031942, 0.0015325802378356457, -0.001240322133526206, 0.00167668832000345, -0.0013981664087623358, 0.0008503086282871664], [-0.0006969056557863951, 0.0029524313285946846, -0.0009775011567398906, 0.001267285319045186, -0.001333380350843072, 0.0022363956086337566, -0.0034112988505512476, 0.002948970068246126, -0.005066500976681709, 0.004610731266438961, -0.006413500290364027, 0.005685930605977774, -0.0030672617722302675], [0.0003759182873181999, -0.0009775011567398906, 0.0011561204446479678, -0.0006790583720430732, 0.0009438460110686719, -0.0008219279698096216, 0.0015972252003848553, -0.00030406989390030503, 0.001775874407030642, -0.0016047386452555656, 0.0022118985652923584, -0.0018601116025820374, 0.002064705127850175], [-0.00043584307422861457, 0.001267285319045186, -0.0006790583720430732, 0.0031106804963201284, -0.001623665215447545, -0.000546683557331562, -0.0020062020048499107, 0.002036967547610402, -0.00277348724193871, 0.001126169809140265, -0.00034760148264467716, 0.0031078546307981014, -0.0010724925668910146], [0.0004631066112779081, -0.001333380350843072, 0.0009438460110686719, -0.001623665215447545, 0.003793764393776655, 0.00011446078860899433, 0.0005909077008254826, -0.002096652751788497, 0.003273243084549904, -0.002700011944398284, 0.0029814126901328564, -0.001680022687651217, 0.00015162021736614406], [-0.0005072085186839104, 0.0022363956086337566, -0.0008219279698096216, -0.000546683557331562, 0.00011446078860899433, 0.010525005869567394, -0.004749871324747801, -0.004374641925096512, -0.003212906187400222, 0.0035830808337777853, -0.0024067373014986515, 0.002922362880781293, 0.0008196666021831334], [0.0010403638007119298, -0.0034112988505512476, 0.0015972252003848553, -0.0020062020048499107, 0.0005909077008254826, -0.004749871324747801, 0.01390278059989214, -0.007474754471331835, 0.004228611942380667, -0.004352692048996687, 0.0031933877617120743, -0.002887747250497341, 0.003531420137733221], [-0.0007725355681031942, 0.002948970068246126, -0.00030406989390030503, 0.002036967547610402, -0.002096652751788497, -0.004374641925096512, -0.007474754471331835, 0.027873843908309937, -0.0149490712210536, -0.004261168651282787, 0.0038076932542026043, -0.005137271713465452, 0.002048547612503171], [0.0015325802378356457, -0.005066500976681709, 0.001775874407030642, -0.00277348724193871, 0.003273243084549904, -0.003212906187400222, 0.004228611942380667, -0.0149490712210536, 0.03170124068856239, -0.010781685821712017, 0.00033692005672492087, 0.002436182927340269, -0.002521117450669408], [-0.001240322133526206, 0.004610731266438961, -0.0016047386452555656, 0.001126169809140265, -0.002700011944398284, 0.0035830808337777853, -0.004352692048996687, -0.004261168651282787, -0.010781685821712017, 0.02859339863061905, -0.0187753327190876, -0.0017598374979570508, 0.003974207676947117], [0.00167668832000345, -0.006413500290364027, 0.0022118985652923584, -0.00034760148264467716, 0.0029814126901328564, -0.0024067373014986515, 0.0031933877617120743, 0.0038076932542026043, 0.00033692005672492087, -0.0187753327190876, 0.04933793470263481, -0.02349170111119747, 0.0029427267145365477], [-0.0013981664087623358, 0.005685930605977774, -0.0018601116025820374, 0.0031078546307981014, -0.001680022687651217, 0.002922362880781293, -0.002887747250497341, -0.005137271713465452, 0.002436182927340269, -0.0017598374979570508, -0.02349170111119747, 0.04660751670598984, -0.021956322714686394], [0.0008503086282871664, -0.0030672617722302675, 0.002064705127850175, -0.0010724925668910146, 0.00015162021736614406, 0.0008196666021831334, 0.003531420137733221, 0.002048547612503171, -0.002521117450669408, 0.003974207676947117, 0.0029427267145365477, -0.021956322714686394, 0.0383821502327919]], "lowlevel.mfcc.cov": [[52003.57421875, -10516.490234375, -8668.1376953125, 1131.4716796875, 390.9657287597656, 2352.077392578125, 2379.606201171875, 2096.599609375, 2973.42724609375, 1891.403076171875, 1948.532470703125, 2699.977294921875, 2027.8812255859375], [-10516.490234375, 5918.51806640625, 1781.904541015625, -231.47642517089844, -16.52788734436035, -772.3131103515625, -786.5800170898438, -744.808837890625, -1012.05078125, -780.4711303710938, -738.7327880859375, -885.2184448242188, -666.456298828125], [-8668.1376953125, 1781.904541015625, 3111.566650390625, 30.79337501525879, -79.861572265625, -342.5938415527344, -487.783203125, -406.8187255859375, -626.6904296875, -387.800537109375, -413.1544494628906, -542.0714111328125, -423.19366455078125], [1131.4716796875, -231.47642517089844, 30.79337501525879, 562.9498291015625, 200.05819702148438, 201.04994201660156, 137.5814208984375, 68.75548553466797, 119.41398620605469, 40.0053596496582, 37.29555892944336, 46.11347961425781, 34.279747009277344], [390.9657287597656, -16.52788734436035, -79.861572265625, 200.05819702148438, 278.7940673828125, 99.28450775146484, 56.07971954345703, 21.81524085998535, 35.94970703125, -7.650967121124268, -17.25115966796875, -13.163813591003418, -14.76837158203125], [2352.077392578125, -772.3131103515625, -342.5938415527344, 201.04994201660156, 99.28450775146484, 279.81512451171875, 213.41407775878906, 186.37759399414062, 230.34939575195312, 159.26922607421875, 147.99404907226562, 162.31634521484375, 113.60231018066406], [2379.606201171875, -786.5800170898438, -487.783203125, 137.5814208984375, 56.07971954345703, 213.41407775878906, 255.8892364501953, 184.1724395751953, 236.7931365966797, 157.90757751464844, 161.63690185546875, 187.73818969726562, 134.29969787597656], [2096.599609375, -744.808837890625, -406.8187255859375, 68.75548553466797, 21.81524085998535, 186.37759399414062, 184.1724395751953, 223.59376525878906, 231.5425262451172, 173.19131469726562, 153.21530151367188, 163.98963928222656, 117.39474487304688], [2973.42724609375, -1012.05078125, -626.6904296875, 119.41398620605469, 35.94970703125, 230.34939575195312, 236.7931365966797, 231.5425262451172, 329.72589111328125, 223.82066345214844, 213.20201110839844, 244.4801025390625, 180.03192138671875], [1891.403076171875, -780.4711303710938, -387.800537109375, 40.0053596496582, -7.650967121124268, 159.26922607421875, 157.90757751464844, 173.19131469726562, 223.82066345214844, 212.03134155273438, 177.28155517578125, 173.84585571289062, 124.01611328125], [1948.532470703125, -738.7327880859375, -413.1544494628906, 37.29555892944336, -17.25115966796875, 147.99404907226562, 161.63690185546875, 153.21530151367188, 213.20201110839844, 177.28155517578125, 200.34445190429688, 200.22950744628906, 140.4628143310547], [2699.977294921875, -885.2184448242188, -542.0714111328125, 46.11347961425781, -13.163813591003418, 162.31634521484375, 187.73818969726562, 163.98963928222656, 244.4801025390625, 173.84585571289062, 200.22950744628906, 268.8045959472656, 195.173095703125], [2027.8812255859375, -666.456298828125, -423.19366455078125, 34.279747009277344, -14.76837158203125, 113.60231018066406, 134.29969787597656, 117.39474487304688, 180.03192138671875, 124.01611328125, 140.4628143310547, 195.173095703125, 178.7348175048828]], "lowlevel.mfcc.icov": [[6.361528357956558e-05, 2.248159762530122e-05, 0.00010804156045196578, -4.778143556904979e-05, 6.045407280907966e-05, -0.0002580022264737636, 7.819393795216456e-05, -5.875089846085757e-05, -2.84240650216816e-05, 4.553403414320201e-05, 0.0002581421285867691, -0.00039861310506239533, 5.296965809975518e-06], [2.248159762530122e-05, 0.00043360600830055773, 9.894592949422076e-05, -0.00016173151379916817, 6.245586519071367e-06, 0.00022237403027247638, 0.00024452467914670706, -7.778753933962435e-05, 0.0003674024483188987, 0.0006498751463368535, -0.00024403772840742022, 0.00035477630444802344, 0.00033695404999889433], [0.00010804156045196578, 9.894592949422076e-05, 0.00084698386490345, -0.0005252286209724844, 0.0004975151387043297, -0.0009127471712417901, 0.0008637062273919582, -0.00036478228867053986, 0.0013429707614704967, -0.00015637518663424999, 0.0002566376351751387, -0.0004293601377867162, 0.0004840871843043715], [-4.778143556904979e-05, -0.00016173151379916817, -0.0005252286209724844, 0.003531351452693343, -0.001437547616660595, -0.0021108451765030622, -0.001154068624600768, 0.0019614819902926683, -0.0024164575152099133, 0.000972355657722801, 9.346110164187849e-05, 0.0011009341105818748, -0.0006964392960071564], [6.045407280907966e-05, 6.245586519071367e-06, 0.0004975151387043297, -0.001437547616660595, 0.0059392270632088184, -0.002855383325368166, 4.064071981702e-05, 0.0006834429805167019, -0.0007523521780967712, 0.0008685035281814635, 0.0019642035476863384, 1.0365125717726187e-06, 0.0012276963097974658], [-0.0002580022264737636, 0.00022237403027247638, -0.0009127471712417901, -0.0021108451765030622, -0.002855383325368166, 0.017294922843575478, -0.006096049677580595, -0.004375180695205927, -0.0012956149876117706, -0.0017505997093394399, -0.0018426172900944948, 0.001347382552921772, 0.0007222997955977917], [7.819393795216456e-05, 0.00024452467914670706, 0.0008637062273919582, -0.001154068624600768, 4.064071981702e-05, -0.006096049677580595, 0.0177007969468832, -0.004318357910960913, -0.0021666951943188906, 0.0033271799329668283, -0.0026982654817402363, -0.0028301950078457594, 0.0007898511830717325], [-5.875089846085757e-05, -7.778753933962435e-05, -0.00036478228867053986, 0.0019614819902926683, 0.0006834429805167019, -0.004375180695205927, -0.004318357910960913, 0.021840453147888184, -0.009984158910810947, -0.0054625896736979485, 0.0018559707095846534, 0.0023734283167868853, 0.0006702730897814035], [-2.84240650216816e-05, 0.0003674024483188987, 0.0013429707614704967, -0.0024164575152099133, -0.0007523521780967712, -0.0012956149876117706, -0.0021666951943188906, -0.009984158910810947, 0.030163388699293137, -0.009653940796852112, -0.0010414323769509792, -0.005864692851901054, -0.0021786296274513006], [4.553403414320201e-05, 0.0006498751463368535, -0.00015637518663424999, 0.000972355657722801, 0.0008685035281814635, -0.0017505997093394399, 0.0033271799329668283, -0.0054625896736979485, -0.009653940796852112, 0.02943110279738903, -0.017668699845671654, 0.006137841381132603, 0.00010823729826370254], [0.0002581421285867691, -0.00024403772840742022, 0.0002566376351751387, 9.346110164187849e-05, 0.0019642035476863384, -0.0018426172900944948, -0.0026982654817402363, 0.0018559707095846534, -0.0010414323769509792, -0.017668699845671654, 0.03827318549156189, -0.019741162657737732, 0.003680253168568015], [-0.00039861310506239533, 0.00035477630444802344, -0.0004293601377867162, 0.0011009341105818748, 1.0365125717726187e-06, 0.001347382552921772, -0.0028301950078457594, 0.0023734283167868853, -0.005864692851901054, 0.006137841381132603, -0.019741162657737732, 0.038705263286828995, -0.020773399621248245], [5.296965809975518e-06, 0.00033695404999889433, 0.0004840871843043715, -0.0006964392960071564, 0.0012276963097974658, 0.0007222997955977917, 0.0007898511830717325, 0.0006702730897814035, -0.0021786296274513006, 0.000