{"song_id": "1183681689982095422", "download": "https://cdn.discordapp.com/attachments/1135903449314238464/1183681689982095422/chirp.mp4?ex=6589387a&amp", "lyrics": "istedi\u011fin neyse s\u00f6yle bana\noynayal\u0131m i\u015fte hafta sonunda\nhafta sonunda R\u0131fk\u0131 oyunda\nnefes al\u0131yorsak her \u015fey yolunda\n\nher hafta videolar kendi g\u00fcn\u00fcnde\ncumartesi bekleriz saat onbirde\n\narad\u0131\u011f\u0131n oyunsa ders aras\u0131nda \nseni bekliyoruz R\u0131fk\u0131 oyunda\narad\u0131\u011f\u0131n oyunsa hafta sonunda \nseni bekliyoruz R\u0131fk\u0131 oyunda\nR\u0131fk\u0131 oyunda \nhafta sonunda \nR\u0131fk\u0131 oyunda \nher \u015fey yolunda", "style": ["rnb"], "essentia_features": {"lowlevel.average_loudness": 0.9722228050231934, "lowlevel.barkbands_crest.mean": 12.695440292358398, "lowlevel.barkbands_crest.stdev": 4.597710609436035, "lowlevel.barkbands_flatness_db.mean": 0.20822866261005402, "lowlevel.barkbands_flatness_db.stdev": 0.09431260824203491, "lowlevel.barkbands_kurtosis.mean": 8.721776008605957, "lowlevel.barkbands_kurtosis.stdev": 13.145256042480469, "lowlevel.barkbands_skewness.mean": 2.2031443119049072, "lowlevel.barkbands_skewness.stdev": 1.5946727991104126, "lowlevel.barkbands_spread.mean": 17.412147521972656, "lowlevel.barkbands_spread.stdev": 16.818998336791992, "lowlevel.dissonance.mean": 0.4503277838230133, "lowlevel.dissonance.stdev": 0.042496539652347565, "lowlevel.dynamic_complexity": 3.786715030670166, "lowlevel.erbbands_crest.mean": 9.500054359436035, "lowlevel.erbbands_crest.stdev": 5.3957743644714355, "lowlevel.erbbands_flatness_db.mean": 0.1788674145936966, "lowlevel.erbbands_flatness_db.stdev": 0.08322495967149734, "lowlevel.erbbands_kurtosis.mean": 0.5921670198440552, "lowlevel.erbbands_kurtosis.stdev": 2.157647132873535, "lowlevel.erbbands_skewness.mean": 0.1424788534641266, "lowlevel.erbbands_skewness.stdev": 0.7662208080291748, "lowlevel.erbbands_spread.mean": 37.22555160522461, "lowlevel.erbbands_spread.stdev": 22.945161819458008, "lowlevel.hfc.mean": 16.23996353149414, "lowlevel.hfc.stdev": 14.369084358215332, "lowlevel.loudness_ebu128.integrated": -15.077213287353516, "lowlevel.loudness_ebu128.loudness_range": 3.91495418548584, "lowlevel.loudness_ebu128.momentary.mean": -16.831043243408203, "lowlevel.loudness_ebu128.momentary.stdev": 9.366572380065918, "lowlevel.loudness_ebu128.short_term.mean": -15.325817108154297, "lowlevel.loudness_ebu128.short_term.stdev": 1.5945334434509277, "lowlevel.melbands_crest.mean": 20.422143936157227, "lowlevel.melbands_crest.stdev": 7.72059440612793, "lowlevel.melbands_flatness_db.mean": 0.29304444789886475, "lowlevel.melbands_flatness_db.stdev": 0.11777918040752411, "lowlevel.melbands_kurtosis.mean": 22.201513290405273, "lowlevel.melbands_kurtosis.stdev": 28.324121475219727, "lowlevel.melbands_skewness.mean": 3.464527130126953, "lowlevel.melbands_skewness.stdev": 2.0780951976776123, "lowlevel.melbands_spread.mean": 17.352468490600586, "lowlevel.melbands_spread.stdev": 26.4007511138916, "lowlevel.pitch_salience.mean": 0.45779210329055786, "lowlevel.pitch_salience.stdev": 0.14954876899719238, "lowlevel.silence_rate_20dB.mean": 1.0, "lowlevel.silence_rate_20dB.stdev": 0.0, "lowlevel.silence_rate_30dB.mean": 0.9061413407325745, "lowlevel.silence_rate_30dB.stdev": 0.2916319966316223, "lowlevel.silence_rate_60dB.mean": 0.02954808808863163, "lowlevel.silence_rate_60dB.stdev": 0.16933827102184296, "lowlevel.spectral_centroid.mean": 1076.942138671875, "lowlevel.spectral_centroid.stdev": 841.8176879882812, "lowlevel.spectral_complexity.mean": 15.624565124511719, "lowlevel.spectral_complexity.stdev": 9.24266242980957, "lowlevel.spectral_decrease.mean": -1.1532817367765347e-08, "lowlevel.spectral_decrease.stdev": 9.662270095134318e-09, "lowlevel.spectral_energy.mean": 0.04500049352645874, "lowlevel.spectral_energy.stdev": 0.03692132234573364, "lowlevel.spectral_energyband_high.mean": 0.0007315014372579753, "lowlevel.spectral_energyband_high.stdev": 0.0014291033148765564, "lowlevel.spectral_energyband_low.mean": 0.027654634788632393, "lowlevel.spectral_energyband_low.stdev": 0.033004600554704666, "lowlevel.spectral_energyband_middle_high.mean": 0.0036536490079015493, "lowlevel.spectral_energyband_middle_high.stdev": 0.004273006692528725, "lowlevel.spectral_energyband_middle_low.mean": 0.014702687971293926, "lowlevel.spectral_energyband_middle_low.stdev": 0.019277160987257957, "lowlevel.spectral_entropy.mean": 7.279552459716797, "lowlevel.spectral_entropy.stdev": 0.72744220495224, "lowlevel.spectral_flux.mean": 0.09684156626462936, "lowlevel.spectral_flux.stdev": 0.07221204042434692, "lowlevel.spectral_kurtosis.mean": 12.96391487121582, "lowlevel.spectral_kurtosis.stdev": 18.454843521118164, "lowlevel.spectral_rms.mean": 0.006116587668657303, "lowlevel.spectral_rms.stdev": 0.0025476093869656324, "lowlevel.spectral_rolloff.mean": 1126.987548828125, "lowlevel.spectral_rolloff.stdev": 2321.177978515625, "lowlevel.spectral_skewness.mean": 2.2109429836273193, "lowlevel.spectral_skewness.stdev": 1.2803294658660889, "lowlevel.spectral_spread.mean": 4044019.75, "lowlevel.spectral_spread.stdev": 2371357.5, "lowlevel.spectral_strongpeak.mean": 0.568181037902832, "lowlevel.spectral_strongpeak.stdev": 0.8110592365264893, "lowlevel.zerocrossingrate.mean": 0.048023562878370285, "lowlevel.zerocrossingrate.stdev": 0.06903156638145447, "metadata.audio_properties.analysis.equal_loudness": 0.0, "metadata.audio_properties.analysis.length": 40.04265213012695, "metadata.audio_properties.analysis.sample_rate": 44100.0, "metadata.audio_properties.analysis.start_time": 0.0, "metadata.audio_properties.bit_rate": 115612.0, "metadata.audio_properties.length": 40.042667388916016, "metadata.audio_properties.lossless": 0.0, "metadata.audio_properties.number_channels": 1.0, "metadata.audio_properties.replay_gain": -11.618444442749023, "metadata.audio_properties.sample_rate": 48000.0, "rhythm.beats_count": 64.0, "rhythm.beats_loudness.mean": 0.09042347967624664, "rhythm.beats_loudness.stdev": 0.04998962581157684, "rhythm.bpm": 97.0557632446289, "rhythm.bpm_histogram_first_peak_bpm": 98.0, "rhythm.bpm_histogram_first_peak_weight": 0.3333333730697632, "rhythm.bpm_histogram_second_peak_bpm": 0.0, "rhythm.bpm_histogram_second_peak_spread": 0.0, "rhythm.bpm_histogram_second_peak_weight": 0.0, "rhythm.danceability": 1.4914432764053345, "rhythm.onset_rate": 4.044497489929199, "tonal.chords_changes_rate": 0.0520833320915699, "tonal.chords_number_rate": 0.004629629664123058, "tonal.chords_strength.mean": 0.5391773581504822, "tonal.chords_strength.stdev": 0.0859924927353859, "tonal.hpcp_crest.mean": 13.627172470092773, "tonal.hpcp_crest.stdev": 6.58497953414917, "tonal.hpcp_entropy.mean": 1.825577735900879, "tonal.hpcp_entropy.stdev": 0.7412118911743164, "tonal.key_edma.strength": 0.6650152802467346, "tonal.key_krumhansl.strength": 0.6678481101989746, "tonal.key_temperley.strength": 0.6685482859611511, "tonal.tuning_diatonic_strength": 0.588263988494873, "tonal.tuning_equal_tempered_deviation": 0.2007247656583786, "tonal.tuning_frequency": 434.193115234375, "tonal.tuning_nontempered_energy_ratio": 0.9173997640609741, "lowlevel.barkbands.mean": [0.004083570558577776, 0.019621500745415688, 0.0024273735471069813, 0.005322339944541454, 0.0045169685035943985, 0.0016487002139911056, 0.0009706269484013319, 0.0012339496752247214, 0.0005055263754911721, 0.0007214838988147676, 0.0013289563357830048, 0.0002564100723247975, 0.000414993119193241, 0.00026003041421063244, 0.00027321212110109627, 0.0001759488513926044, 0.000169601509696804, 0.0001018718903651461, 0.00012334408529568464, 0.00020858760399278253, 0.0001641203707549721, 0.0001081262671505101, 0.00011177883425261825, 0.00010578566434560344, 9.505775960860774e-05, 4.9880018195835873e-05, 8.362551398022333e-07], "lowlevel.barkbands.stdev": [0.004059622995555401, 0.027893586084246635, 0.008782889693975449, 0.011661230586469173, 0.007884505204856396, 0.0020838906057178974, 0.0014324553776532412, 0.0018727454589679837, 0.0012257625348865986, 0.0016851129475980997, 0.0032440361101180315, 0.00044019281631335616, 0.000875827856361866, 0.0005737511673942208, 0.0005619839066639543, 0.00028243911219760776, 0.00024904703604988754, 0.00016736886755097657, 0.00021863479923922569, 0.00035177243989892304, 0.0003426529001444578, 0.00024041584401857108, 0.0002464866265654564, 0.00024952925741672516, 0.00027529901126399636, 0.00011353215086273849, 2.968027047245414e-06], "lowlevel.erbbands.mean": [0.9333291053771973, 2.8970673084259033, 3.4103574752807617, 9.714631080627441, 20.204965591430664, 12.401972770690918, 9.446284294128418, 14.90144157409668, 16.77218246459961, 21.658559799194336, 22.6926212310791, 12.396764755249023, 24.942058563232422, 33.0684928894043, 40.64776611328125, 12.871338844299316, 20.1702823638916, 15.607561111450195, 12.711554527282715, 12.651605606079102, 10.296759605407715, 9.128162384033203, 6.033824920654297, 5.481527328491211, 7.8608551025390625, 9.524640083312988, 7.859241485595703, 5.2792158126831055, 3.9866535663604736, 3.6755661964416504, 2.9793179035186768, 2.0149736404418945, 1.894958734512329, 1.2009773254394531, 0.5955127477645874, 0.2343762218952179, 0.08935759216547012, 0.012220094911754131, 0.0002514026127755642, 6.0164336900925264e-05], "lowlevel.erbbands.stdev": [1.3013609647750854, 5.271010398864746, 10.276396751403809, 19.491769790649414, 46.82456588745117, 18.360597610473633, 11.826590538024902, 18.437456130981445, 22.425678253173828, 28.62164878845215, 41.20740509033203, 27.46607208251953, 64.53876495361328, 98.44403839111328, 106.17742919921875, 20.866962432861328, 42.42644119262695, 32.69929504394531, 22.328125, 26.881092071533203, 15.4653959274292, 13.273702621459961, 9.426440238952637, 9.74079418182373, 13.497182846069336, 16.408123016357422, 15.529136657714844, 11.225005149841309, 8.886480331420898, 7.947617053985596, 6.720216751098633, 4.605438709259033, 5.020430564880371, 3.3653717041015625, 1.80876624584198, 0.5867609977722168, 0.1939694583415985, 0.029560517519712448, 0.0005534485098905861, 4.6747536543989554e-05], "lowlevel.gfcc.mean": [-50.39979553222656, 129.1545867919922, -99.51615142822266, 24.708498001098633, -41.13743209838867, 11.962328910827637, -30.033662796020508, 9.679252624511719, -20.04911994934082, 3.9422574043273926, -6.319004535675049, -0.8592827916145325, -1.8032504320144653], "lowlevel.melbands.mean": [0.006805304903537035, 0.002407155465334654, 0.0021524718031287193, 0.0010981420055031776, 0.00040593461017124355, 0.0003412945952732116, 0.000253101548878476, 0.00024833239149302244, 0.0001737550919642672, 7.305173494387418e-05, 0.0001183931453851983, 0.00011747239477699623, 0.00014178229321260005, 5.3807882068213075e-05, 2.9371656637522392e-05, 4.545752744888887e-05, 2.7340591259417124e-05, 1.9211174731026404e-05, 2.0252007743692957e-05, 1.3728784324484877e-05, 1.1899516721314285e-05, 9.812390999286436e-06, 7.111342711141333e-06, 4.35643551099929e-06, 4.32218303103582e-06, 4.8525694182899315e-06, 7.300277957256185e-06, 5.990029421809595e-06, 5.026553481002338e-06, 4.221844392304774e-06, 2.621068688313244e-06, 2.2902138425706653e-06, 1.9943936422350816e-06, 2.1127814306964865e-06, 1.7863932271211524e-06, 1.375403712700063e-06, 1.1879380963364383e-06, 1.3592708683063393e-06, 1.3015252307013725e-06, 9.151855238087592e-07], "lowlevel.melbands.stdev": [0.00907654408365488, 0.0052271755412220955, 0.0044279154390096664, 0.002118380507454276, 0.0005177812417969108, 0.00042624081834219396, 0.000343119289027527, 0.00033053936203941703, 0.0003312228654976934, 0.00017206733173225075, 0.00031841377494856715, 0.000364965497283265, 0.0003336844965815544, 0.00012235106260050088, 5.3830623073736206e-05, 0.00010398493031971157, 6.133594433777034e-05, 3.518303492455743e-05, 4.458600596990436e-05, 2.58700420090463e-05, 1.8583265045890585e-05, 1.4797240510233678e-05, 1.1183206879650243e-05, 7.61260935178143e-06, 8.076579433691222e-06, 9.048437277670018e-06, 1.2866914403275587e-05, 1.0731389920692891e-05, 9.847208275459707e-06, 9.118352863879409e-06, 5.780759693152504e-06, 5.2724267334269825e-06, 4.468069164431654e-06, 4.620951131073525e-06, 4.040221028844826e-06, 3.4350971418461995e-06, 2.7403289095673244e-06, 3.573434923964669e-06, 3.7834759041288635e-06, 2.5954816464945907e-06], "lowlevel.melbands128.mean": [0.0037198492791503668, 0.009090890176594257, 0.007248190231621265, 0.004130958579480648, 0.001989600248634815, 0.001113025820814073, 0.0016445248620584607, 0.003109314478933811, 0.0021541619207710028, 0.0006931331008672714, 0.0006298063090071082, 0.000684132450260222, 0.00026012695161625743, 0.00019655446521937847, 0.0002683124039322138, 0.0005301383789628744, 0.00037427275674417615, 0.00013312682858668268, 0.00020529719768092036, 0.00024496144033037126, 0.00029328110394999385, 0.00017363927327096462, 0.00020311560365371406, 0.00011188686039531603, 5.907456579734571e-05, 5.212282121647149e-05, 9.857822442427278e-05, 0.00020338363538030535, 4.4156520743854344e-05, 4.0152848669094965e-05, 0.00020987099560443312, 0.00015464647731278092, 9.224053064826876e-05, 0.00021568105148617178, 3.552254929672927e-05, 2.6146653908654116e-05, 2.7423855499364436e-05, 2.3255301130120642e-05, 2.643652624101378e-05, 6.730124732712284e-05, 4.893662116955966e-05, 1.6643947674310766e-05, 3.097148146480322e-05, 3.305450445623137e-05, 1.425770915375324e-05, 1.9079372577834874e-05, 2.018407394643873e-05, 2.2190910385688767e-05, 2.0986484742024913e-05, 1.4070104953134432e-05, 1.3052333088126034e-05, 1.3021888662478887e-05, 1.0266414392390288e-05, 1.335300021310104e-05, 1.1145750249852426e-05, 8.782869372225832e-06, 9.593062713975087e-06, 7.893109795986675e-06, 6.523903266497655e-06, 4.89134572490002e-06, 4.107931999897119e-06, 3.7918289308436215e-06, 4.637791789718904e-06, 4.240237103658728e-06, 4.359535068942932e-06, 4.690372861659853e-06, 4.998897566110827e-06, 6.2202657318266574e-06, 8.714002433407586e-06, 8.020304449019022e-06, 5.090616923553171e-06, 5.768310074927285e-06, 5.263213097350672e-06, 4.719251137430547e-06, 4.950949005433358e-06, 4.480544703255873e-06, 4.118735432712128e-06, 2.8989225029363297e-06, 2.40823987951444e-06, 2.215643462477601e-06, 2.4586856852693018e-06, 2.2839092252979754e-06, 1.9698761661857134e-06, 2.0754207525897073e-06, 1.8785576685331762e-06, 2.019688281507115e-06, 2.2750509742763825e-06, 2.082736273223418e-06, 1.718521275506646e-06, 1.662747763475636e-06, 1.5108053048606962e-06, 1.2820183883377467e-06, 1.1370785841791076e-06, 1.0302056807631743e-06, 1.3240580756246345e-06, 1.5693258319515735e-06, 1.2123571195843397e-06, 1.2385620493660099e-06, 1.4887634733895538e-06, 1.3402220702118939e-06, 8.540400813217275e-07, 1.014170265989378e-06, 6.646515089414606e-07, 7.561056918348186e-07, 6.103726377659768e-07, 7.531809842475923e-07, 4.859400064560759e-07, 4.5105014123691944e-07, 3.649755342394201e-07, 3.325534407849773e-07, 3.551350857833313e-07, 3.222001510039263e-07, 2.8350063985271845e-07, 2.52927151223048e-07, 2.2604626792599447e-07, 1.5836972977467667e-07, 3.384668545436398e-08, 1.418028472421895e-10, 5.9774624486252925e-12, 5.772878269166837e-12, 5.620259899835611e-12, 5.50269031729389e-12, 5.372986344037711e-12, 5.274504791263901e-12, 5.16637383915497e-12, 5.040618530210983e-12, 4.965366225823109e-12, 4.933158048725517e-12], "lowlevel.melbands128.stdev": [0.003774707904085517, 0.012826167047023773, 0.01181558147072792, 0.008573383092880249, 0.0062559982761740685, 0.003914563916623592, 0.0034489838872104883, 0.007206607144325972, 0.005346191581338644, 0.0017218297580257058, 0.0010007789824157953, 0.0010249143233522773, 0.00039578796713612974, 0.0003497905854601413, 0.0004197075613774359, 0.0008294405415654182, 0.0005921851261518896, 0.00026514282217249274, 0.00047100396477617323, 0.00037672879989258945, 0.0004864333022851497, 0.00039691757410764694, 0.00048349908320233226, 0.0003532989358063787, 0.00019446128862909973, 0.00021880936401430517, 0.0002461166004650295, 0.000614318938460201, 0.0001052235602401197, 0.00011480529065011069, 0.000776624190621078, 0.0005352188600227237, 0.00025332378572784364, 0.0007324306643567979, 7.921573705971241e-05, 6.414350355044007e-05, 6.174037116579711e-05, 6.252431921893731e-05, 6.14884847891517e-05, 0.00018230342539027333, 0.00012689028517343104, 7.240383274620399e-05, 8.711999544175342e-05, 7.205853034975007e-05, 3.471743184491061e-05, 4.359024387667887e-05, 4.807956429431215e-05, 5.7235014537582174e-05, 6.654988828813657e-05, 3.6339428334031254e-05, 2.5518711481709033e-05, 2.679247518244665e-05, 1.918447196658235e-05, 2.511947604943998e-05, 2.0177716578473337e-05, 1.6514570233994164e-05, 1.8117199942935258e-05, 1.4340907000587322e-05, 1.1997073670499958e-05, 9.759792192198802e-06, 8.147260814439505e-06, 8.051899385463912e-06, 1.0138312973140273e-05, 8.571530088374857e-06, 8.989036359707825e-06, 9.772155863174703e-06, 1.2193779184599407e-05, 1.1676750546030235e-05, 1.7439200746593997e-05, 1.6764288375270553e-05, 1.0702224244596437e-05, 1.2084889931429643e-05, 1.0115530130860861e-05, 1.046769739332376e-05, 1.1987835023319349e-05, 1.0855464097403456e-05, 9.433271770831198e-06, 7.121247563190991e-06, 5.743247129430529e-06, 5.437290838017361e-06, 6.01042847847566e-06, 5.660648639604915e-06, 4.8362403504143e-06, 4.979951427230844e-06, 4.657268618757371e-06, 4.747856564790709e-06, 5.2258251344028395e-06, 4.904222805635072e-06, 4.218329195282422e-06, 4.2373803808004595e-06, 4.062857897224603e-06, 3.5376465348235797e-06, 2.8785264021280454e-06, 2.747342705333722e-06, 3.192841859345208e-06, 4.291619461582741e-06, 3.4577822134451708e-06, 4.8491165216546506e-06, 4.134616574447136e-06, 4.445768354344182e-06, 2.596946387711796e-06, 2.898306092902203e-06, 2.0254155970178545e-06, 3.1024578674987424e-06, 1.948479621205479e-06, 2.4534094791306416e-06, 1.428337213837949e-06, 1.2741869568344555e-06, 9.688353657111293e-07, 8.447585173598782e-07, 8.508433779752522e-07, 7.8422215210594e-07, 6.256767051127099e-07, 5.852397180206026e-07, 5.603966997114185e-07, 4.4603334004023054e-07, 1.0808344796942038e-07, 1.4976887507955894e-09, 9.515854250408129e-12, 9.234483837328167e-12, 9.00012703253239e-12, 8.800673731435005e-12, 8.614856224220535e-12, 8.464401055063853e-12, 8.33793277477124e-12, 8.235470465300931e-12, 8.162454219473592e-12, 8.117402583440736e-12], "lowlevel.mfcc.mean": [-696.1874389648438, 163.29920959472656, 6.319105625152588, 24.231046676635742, 13.372957229614258, 4.729918003082275, 8.612797737121582, 1.3387457132339478, 1.3645308017730713, 5.010563373565674, -4.491225719451904, 2.904113531112671, 6.789879322052002], "lowlevel.spectral_contrast_coeffs.mean": [-0.7150598168373108, -0.7356573939323425, -0.7620844841003418, -0.810764491558075, -0.8042792677879333, -0.7847467064857483], "lowlevel.spectral_contrast_coeffs.stdev": [0.0957743301987648, 0.07349085807800293, 0.08052341639995575, 0.048196882009506226, 0.03703390434384346, 0.04426184669137001], "lowlevel.spectral_contrast_valleys.mean": [-6.624161720275879, -6.9703850746154785, -7.6725592613220215, -7.936212062835693, -8.27490234375, -11.331114768981934], "lowlevel.spectral_contrast_valleys.stdev": [1.7128093242645264, 1.5407164096832275, 1.4181360006332397, 1.3979406356811523, 1.6233233213424683, 2.0499825477600098], "rhythm.beats_loudness_band_ratio.mean": [0.8004915118217468, 0.07142311334609985, 0.0746563971042633, 0.041945066303014755, 0.012119108811020851, 0.02715536579489708], "rhythm.beats_loudness_band_ratio.stdev": [0.21152691543102264, 0.08546817302703857, 0.09789428114891052, 0.08387340605258942, 0.01815376989543438, 0.0911673828959465], "tonal.hpcp.mean": [0.02373487874865532, 0.02213226445019245, 0.02592604048550129, 0.06643176823854446, 0.07350198924541473, 0.03389608487486839, 0.027253197506070137, 0.03091583587229252, 0.08481303602457047, 0.296957403421402, 0.3176482021808624, 0.12664543092250824, 0.06309837847948074, 0.046946652233600616, 0.0386764258146286, 0.051765721291303635, 0.05965372920036316, 0.06857068091630936, 0.14274726808071136, 0.17234401404857635, 0.1063653752207756, 0.060770608484745026, 0.05749039724469185, 0.11158562451601028, 0.24906016886234283, 0.24983616173267365, 0.11330343037843704, 0.05775151401758194, 0.04722774773836136, 0.07859506458044052, 0.17864827811717987, 0.15321677923202515, 0.046512410044670105, 0.02615681104362011, 0.02150009386241436, 0.022642161697149277], "tonal.hpcp.stdev": [0.0998910516500473, 0.10618738830089569, 0.10004940629005432, 0.15552468597888947, 0.17365030944347382, 0.09469792991876602, 0.09048415720462799, 0.10671698302030563, 0.16308961808681488, 0.3560960590839386, 0.3737831711769104, 0.22929511964321136, 0.19170622527599335, 0.17020362615585327, 0.15069842338562012, 0.1524374634027481, 0.16235972940921783, 0.17389260232448578, 0.27927741408348083, 0.3239564597606659, 0.23269225656986237, 0.16960465908050537, 0.17007412016391754, 0.23000790178775787, 0.35566434264183044, 0.3654630780220032, 0.23325200378894806, 0.18039552867412567, 0.16201208531856537, 0.18540112674236298, 0.2656020224094391, 0.22798608243465424, 0.13536983728408813, 0.10927483439445496, 0.10529566556215286, 0.10697799175977707], "rhythm.beats_position": [0.5921088457107544, 1.195827603340149, 1.8111563920974731, 2.426485300064087, 3.041814088821411, 3.6571428775787354, 4.2724714279174805, 4.899410247802734, 5.514739036560059, 6.130067825317383, 6.757006645202637, 7.372335433959961, 7.999274253845215, 8.614603042602539, 9.229931831359863, 9.845260620117188, 10.472199440002441, 11.087528228759766, 11.70285701751709, 12.318185806274414, 12.933514595031738, 13.560453414916992, 14.175782203674316, 14.79111099243164, 15.418049812316895, 16.03337860107422, 16.648706436157227, 17.275646209716797, 17.879364013671875, 18.506303787231445, 19.121631622314453, 19.736961364746094, 20.36389923095703, 20.979228973388672, 21.59455680847168, 22.20988655090332, 22.825214385986328, 23.4521541595459, 24.067481994628906, 24.682811737060547, 25.309749603271484, 25.936689376831055, 26.540407180786133, 27.167346954345703, 27.78267478942871, 28.39800453186035, 29.02494239807129, 29.64027214050293, 30.255599975585938, 30.882539749145508, 31.486257553100586, 32.113197326660156, 32.7285270690918, 33.34385299682617, 33.970794677734375, 34.59773254394531, 35.21306228637695, 35.82838821411133, 36.44371795654297, 37.05904769897461, 37.68598556518555, 38.312923431396484, 38.91664505004883, 39.543582916259766], "rhythm.bpm_histogram": [0.0, 0.0, 0.0, 0.0, 0.0, 0.0, 0.0, 0.0, 0.0, 0.0, 0.0, 0.0, 0.0, 0.0, 0.0, 0.0, 0.0, 0.0, 0.0, 0.0, 0.0, 0.0, 0.0, 0.0, 0.0, 0.0, 0.0, 0.0, 0.0, 0.0, 0.0, 0.0, 0.0, 0.0, 0.0, 0.0, 0.0, 0.0, 0.0, 0.0, 0.0, 0.0, 0.0, 0.0, 0.0, 0.0, 0.0, 0.0, 0.0, 0.0, 0.0, 0.0, 0.0, 0.0, 0.0, 0.0, 0.0, 0.0, 0.0, 0.0, 0.0, 0.0, 0.0, 0.0, 0.0, 0.0, 0.0, 0.0, 0.0, 0.0, 0.0, 0.0, 0.0, 0.0, 0.0, 0.0, 0.0, 0.0, 0.0, 0.0, 0.0, 0.0, 0.0, 0.0, 0.0, 0.0, 0.0, 0.0, 0.0, 0.0, 0.0, 0.0, 0.0, 0.0, 0.0, 0.0, 0.3333333432674408, 0.0, 0.5873016119003296, 0.0793650820851326, 0.0, 0.0, 0.0, 0.0, 0.0, 0.0, 0.0, 0.0, 0.0, 0.0, 0.0, 0.0, 0.0, 0.0, 0.0, 0.0, 0.0, 0.0, 0.0, 0.0, 0.0, 0.0, 0.0, 0.0, 0.0, 0.0, 0.0, 0.0, 0.0, 0.0, 0.0, 0.0, 0.0, 0.0, 0.0, 0.0, 0.0, 0.0, 0.0, 0.0, 0.0, 0.0, 0.0, 0.0, 0.0, 0.0, 0.0, 0.0, 0.0, 0.0, 0.0, 0.0, 0.0, 0.0, 0.0, 0.0, 0.0, 0.0, 0.0, 0.0, 0.0, 0.0, 0.0, 0.0, 0.0, 0.0, 0.0, 0.0, 0.0, 0.0, 0.0, 0.0, 0.0, 0.0, 0.0, 0.0, 0.0, 0.0, 0.0, 0.0, 0.0, 0.0, 0.0, 0.0, 0.0, 0.0, 0.0, 0.0, 0.0, 0.0, 0.0, 0.0, 0.0, 0.0, 0.0, 0.0, 0.0, 0.0, 0.0, 0.0, 0.0, 0.0, 0.0, 0.0, 0.0, 0.0, 0.0, 0.0, 0.0, 0.0, 0.0, 0.0, 0.0, 0.0, 0.0, 0.0, 0.0, 0.0, 0.0, 0.0, 0.0, 0.0, 0.0, 0.0, 0.0, 0.0, 0.0, 0.0, 0.0, 0.0, 0.0, 0.0, 0.0, 0.0, 0.0, 0.0, 0.0, 0.0, 0.0, 0.0, 0.0, 0.0, 0.0, 0.0, 0.0, 0.0, 0.0, 0.0, 0.0, 0.0], "tonal.chords_histogram": [0.0, 0.0, 0.0, 0.0, 0.0, 0.0, 0.0, 0.0, 0.0, 0.0, 0.0, 0.0, 0.5787037014961243, 0.11574073880910873, 8.564814567565918, 0.0, 56.828704833984375, 0.0, 0.0, 0.0, 0.0, 20.601852416992188, 0.0, 13.310185432434082], "tonal.thpcp": [1.0, 0.3986971378326416, 0.1986423283815384, 0.14779448509216309, 0.12175867706537247, 0.1629655659198761, 0.18779809772968292, 0.21586988866329193, 0.44938793778419495, 0.5425625443458557, 0.33485275506973267, 0.1913141906261444, 0.1809876412153244, 0.35128679871559143, 0.7840754985809326, 0.786518394947052, 0.35669469833374023, 0.181809663772583, 0.14867940545082092, 0.2474280148744583, 0.5624092221260071, 0.48234736919403076, 0.1464274376630783, 0.08234521746635437, 0.06768523901700974, 0.07128062099218369, 0.07472064346075058, 0.06967539340257645, 0.08161872625350952, 0.20913629233837128, 0.23139432072639465, 0.10670951008796692, 0.0857967957854271, 0.09732728451490402, 0.26700302958488464, 0.9348625540733337], "lowlevel.gfcc.cov": [[23589.8828125, -984.5806274414062, 620.7388916015625, 1640.466796875, -1059.14599609375, 760.5015869140625, -806.219482421875, 520.18359375, -854.3192138671875, 487.3182678222656, -473.38970947265625, -122.86136627197266, -456.1171875], [-984.5806274414062, 6109.27734375, -752.0440673828125, -1328.976806640625, 1314.39013671875, -868.816650390625, 835.0736083984375, -494.76824951171875, 813.5089721679688, -731.4605102539062, 700.5330200195312, -274.36151123046875, 574.9656372070312], [620.7388916015625, -752.0440673828125, 531.125, 349.042724609375, -134.96273803710938, 176.46829223632812, -56.98958969116211, 122.6368637084961, -89.66239166259766, 120.40626525878906, -72.21200561523438, 85.40290832519531, -30.032630920410156], [1640.466796875, -1328.976806640625, 349.042724609375, 675.759521484375, -251.1102752685547, 253.4026336669922, -200.7477569580078, 114.37261199951172, -151.70213317871094, 194.6660919189453, -162.6722869873047, 67.04293060302734, -98.83984375], [-1059.14599609375, 1314.39013671875, -134.96273803710938, -251.1102752685547, 511.5447082519531, -151.28640747070312, 247.93829345703125, -105.5948486328125, 247.18594360351562, -147.3308868408203, 169.5797882080078, -30.672060012817383, 142.74307250976562], [760.5015869140625, -868.816650390625, 176.46829223632812, 253.4026336669922, -151.28640747070312, 345.36126708984375, -36.57329177856445, 158.78695678710938, -118.74263763427734, 136.66354370117188, -60.73997116088867, 49.98092269897461, -54.57245635986328], [-806.219482421875, 835.0736083984375, -56.98958969116211, -200.7477569580078, 247.93829345703125, -36.57329177856445, 352.35223388671875, -45.35839080810547, 160.94174194335938, -114.84642791748047, 116.09652709960938, 13.108068466186523, 82.64617156982422], [520.18359375, -494.76824951171875, 122.6368637084961, 114.37261199951172, -105.5948486328125, 158.78695678710938, -45.35839080810547, 220.64447021484375, -61.03543472290039, 105.0294418334961, -12.26019287109375, 8.476472854614258, -15.644060134887695], [-854.3192138671875, 813.5089721679688, -89.66239166259766, -151.70213317871094, 247.18594360351562, -118.74263763427734, 160.94174194335938, -61.03543472290039, 248.14254760742188, -61.651512145996094, 122.86862182617188, -18.894407272338867, 107.85791015625], [487.3182678222656, -731.4605102539062, 120.40626525878906, 194.6660919189453, -147.3308868408203, 136.66354370117188, -114.84642791748047, 105.0294418334961, -61.651512145996094, 194.0715789794922, -32.695369720458984, 23.44175910949707, -55.074737548828125], [-473.38970947265625, 700.5330200195312, -72.21200561523438, -162.6722869873047, 169.5797882080078, -60.73997116088867, 116.09652709960938, -12.26019287109375, 122.86862182617188, -32.695369720458984, 185.96397399902344, -12.519601821899414, 102.11395263671875], [-122.86136627197266, -274.36151123046875, 85.40290832519531, 67.04293060302734, -30.672060012817383, 49.98092269897461, 13.108068466186523, 8.476472854614258, -18.894407272338867, 23.44175910949707, -12.519601821899414, 99.63811492919922, 2.1385953426361084], [-456.1171875, 574.9656372070312, -30.032630920410156, -98.83984375, 142.74307250976562, -54.57245635986328, 82.64617156982422, -15.644060134887695, 107.85791015625, -55.074737548828125, 102.11395263671875, 2.1385953426361084, 168.2373046875]], "lowlevel.gfcc.icov": [[0.00018484775500837713, -0.0007620571414008737, 0.00019937570323236287, -0.0006840971182100475, 0.0005260296165943146, -0.00045604570186696947, 0.0003479105653241277, -0.0004893537843599916, 0.0006720030796714127, -0.0009431332582607865, 0.0009365176083520055, -0.0007410115213133395, 0.0006299827946349978], [-0.0007620571414008737, 0.004587855190038681, -0.0010359208099544048, 0.0031737969256937504, -0.003051318693906069, 0.002735524671152234, -0.0021062262821942568, 0.00258300150744617, -0.003218176309019327, 0.00603328924626112, -0.006147447042167187, 0.0054670157842338085, -0.0036145688500255346], [0.00019937570323236287, -0.0010359208099544048, 0.0036474016960710287, -0.002334911609068513, 0.0005997294210828841, -0.00025717433891259134, -0.00017650643712840974, -0.0017648149514570832, 0.0013731640065088868, -0.0017014869954437017, 0.0015632259892299771, -0.0028250697068870068, 0.00034030547249130905], [-0.0006840971182100475, 0.0031737969256937504, -0.002334911609068513, 0.006374124437570572, -0.0022452317643910646, 0.00025771273067221045, -0.0002453695924486965, 0.002814776496961713, -0.0033486539032310247, 0.0026007143314927816, -0.0021862932480871677, 0.003117281012237072, -0.002716954331845045], [0.0005260296165943146, -0.003051318693906069, 0.0005997294210828841, -0.0022452317643910646, 0.0071435789577662945, -0.002082469640299678, 0.00032715420820750296, -0.001031118561513722, -0.0007649683393537998, -0.0022354263346642256, 0.0025015445426106453, -0.002814521314576268, 0.001925171702168882], [-0.00045604570186696947, 0.002735524671152234, -0.00025717433891259134, 0.00025771273067221045, -0.002082469640299678, 0.008781643584370613, -0.0038167107850313187, -0.001485111890360713, 0.0010298528941348195, 0.0009274344192817807, -0.003267042338848114, 0.002220363821834326, -0.002529370365664363], [0.0003479105653241277, -0.0021062262821942568, -0.00017650643712840974, -0.0002453695924486965, 0.00032715420820750296, -0.0038167107850313187, 0.007701508235186338, -0.0012275476474314928, -0.0017431835876777768, 0.0008013264159671962, 0.0013677080860361457, -0.004362775478512049, 0.003157856874167919], [-0.0004893537843599916, 0.00258300150744617, -0.0017648149514570832, 0.002814776496961713, -0.001031118561513722, -0.001485111890360713, -0.0012275476474314928, 0.009915868751704693, -0.0015290719456970692, 0.0007018849137239158, -0.0040452079847455025, 0.004980642348527908, -0.003295435104519129], [0.0006720030796714127, -0.003218176309019327, 0.0013731640065088868, -0.0033486539032310247, -0.0007649683393537998, 0.0010298528941348195, -0.0017431835876777768, -0.0015290719456970692, 0.013984880410134792, -0.0077057285234332085, 0.002940416568890214, -0.002505427459254861, -0.0004458946641534567], [-0.0009431332582607865, 0.00603328924626112, -0.0017014869954437017, 0.0026007143314927816, -0.0022354263346642256, 0.0009274344192817807, 0.0008013264159671962, 0.0007018849137239158, -0.0077057285234332085, 0.02095179632306099, -0.011785734444856644, 0.0059946258552372456, -0.0012065995251759887], [0.0009365176083520055, -0.006147447042167187, 0.0015632259892299771, -0.0021862932480871677, 0.0025015445426106453, -0.003267042338848114, 0.0013677080860361457, -0.0040452079847455025, 0.002940416568890214, -0.011785734444856644, 0.020542390644550323, -0.007160949520766735, 0.00019202486146241426], [-0.0007410115213133395, 0.0054670157842338085, -0.0028250697068870068, 0.003117281012237072, -0.002814521314576268, 0.002220363821834326, -0.004362775478512049, 0.004980642348527908, -0.002505427459254861, 0.0059946258552372456, -0.007160949520766735, 0.020013796165585518, -0.005990613251924515], [0.0006299827946349978, -0.0036145688500255346, 0.00034030547249130905, -0.002716954331845045, 0.001925171702168882, -0.002529370365664363, 0.003157856874167919, -0.003295435104519129, -0.0004458946641534567, -0.0012065995251759887, 0.00019202486146241426, -0.005990613251924515, 0.014008435420691967]], "lowlevel.mfcc.cov": [[17280.607421875, -2707.8720703125, 1296.3248291015625, 522.8368530273438, 101.20841217041016, 218.98056030273438, 247.98556518554688, -253.8326416015625, -47.30208969116211, 194.61065673828125, -122.77574920654297, 247.93490600585938, -105.535400390625], [-2707.8720703125, 6018.26806640625, -1374.230712890625, -123.06396484375, 164.10435485839844, -199.35597229003906, 12.805039405822754, 282.00457763671875, 40.54022216796875, -4.470137596130371, 40.89374542236328, -154.4871063232422, 204.77569580078125], [1296.3248291015625, -1374.230712890625, 709.998046875, 127.15880584716797, -0.3502212166786194, 72.5349349975586, 62.91291809082031, -38.459598541259766, 34.70745849609375, 5.044590473175049, -21.602109909057617, 71.59228515625, -28.488079071044922], [522.8368530273438, -123.06396484375, 127.15880584716797, 274.6094665527344, 62.41225051879883, 87.1505355834961, -42.175262451171875, 6.917348861694336, 31.404544830322266, -17.64505386352539, 9.95569133758545, -7.386499881744385, 7.7874579429626465], [101.20841217041016, 164.10435485839844, -0.3502212166786194, 62.41225051879883, 207.86839294433594, 3.3326873779296875, 11.73021411895752, -16.425479888916016, 23.96164894104004, 43.80183410644531, -16.522106170654297, 19.21982192993164, 42.954132080078125], [218.98056030273438, -199.35597229003906, 72.5349349975586, 87.1505355834961, 3.3326873779296875, 213.79190063476562, 15.047401428222656, 48.71235656738281, 27.6286678314209, -11.892403602600098, 30.957178115844727, -1.5394401550292969, 11.813471794128418], [247.98556518554688, 12.805039405822754, 62.91291809082031, -42.175262451171875, 11.73021411895752, 15.047401428222656, 176.12457275390625, 61.16358184814453, 24.614042282104492, 35.311824798583984, 4.624880313873291, 43.085262298583984, 26.408973693847656], [-253.8326416015625, 282.00457763671875, -38.459598541259766, 6.917348861694336, -16.425479888916016, 48.71235656738281, 61.16358184814453, 159.61270141601562, 47.67867660522461, -7.293008327484131, 20.2431583404541, -8.36284351348877, 21.63944435119629], [-47.30208969116211, 40.54022216796875, 34.70745849609375, 31.404544830322266, 23.96164894104004, 27.6286678314209, 24.614042282104492, 47.67867660522461, 103.610595703125, 28.222816467285156, -2.0948522090911865, 2.757586717605591, 20.322694778442383], [194.61065673828125, -4.470137596130371, 5.044590473175049, -17.64505386352539, 43.80183410644531, -11.892403602600098, 35.311824798583984, -7.293008327484131, 28.222816467285156, 117.25929260253906, 30.665477752685547, 34.24167251586914, 11.171570777893066], [-122.77574920654297, 40.89374542236328, -21.602109909057617, 9.95569133758545, -16.522106170654297, 30.957178115844727, 4.624880313873291, 20.2431583404541, -2.0948522090911865, 30.665477752685547, 101.40665435791016, 25.285747528076172, -2.8214378356933594], [247.93490600585938, -154.4871063232422, 71.59228515625, -7.386499881744385, 19.21982192993164, -1.5394401550292969, 43.085262298583984, -8.36284351348877, 2.757586717605591, 34.24167251586914, 25.285747528076172, 95.4139404296875, 33.71126937866211], [-105.535400390625, 204.77569580078125, -28.488079071044922, 7.7874579429626465, 42.954132080078125, 11.813471794128418, 26.408973693847656, 21.63944435119629, 20.322694778442383, 11.171570777893066, -2.8214378356933594, 33.71126937866211, 98.17479705810547]], "lowlevel.mfcc.icov": [[7.928967534098774e-05, -5.128473276272416e-06, -7.703587471041828e-05, -0.000176710425876081, 6.495179695775732e-05, -7.31424952391535e-05, -0.000122246376122348, 9.095768473343924e-05, 0.00014761817874386907, -0.00020564372243825346, 0.0002282291097799316, -0.00016000976029317826, 0.0001351594546576962], [-5.128473276272416e-06, 0.0003872954403050244, 0.0006682839593850076, -0.00016599480295553803, -0.00024937003036029637, 0.00041292773676104844, -0.00020400590437930077, -0.0004379322926979512, -7.655547233298421e-05, 0.00014339011977426708, -0.00024628275423310697, 0.00044971180614084005, -0.0005574023816734552], [-7.703587471041828e-05, 0.0006682839593850076, 0.0033990475349128246, -0.0013015338918194175, 3.974177161580883e-05, 0.00019023670756723732, -0.0012878505513072014, 0.00015906964836176485, -0.0011006140848621726, 0.0006621722714044154, 0.0005841368692927063, -0.0013177033979445696, 0.0005056629306636751], [-0.000176710425876081, -0.00016599480295553803, -0.0013015338918194175, 0.006227090023458004, -0.002139174845069647, -0.0015526924980804324, 0.002338387304916978, -0.000385387014830485, -0.0013844952918589115, 0.0017347210086882114, -0.001755828969180584, 0.0010044601513072848, -0.00044281367445364594], [6.495179695775732e-05, -0.00024937003036029637, 3.974177161580883e-05, -0.002139174845069647, 0.007050334941595793, -0.0002604809997137636, -0.0005329097039066255, 0.0014286020305007696, -7.411479600705206e-05, -0.003086157375946641, 0.0024317079223692417, -0.0007380370516330004, -0.0017638879362493753], [-7.31424952391535e-05, 0.00041292773676104844, 0.00019023670756723732, -0.0015526924980804324, -0.0002604809997137636, 0.006796020083129406, -0.0006221737712621689, -0.0016539202770218253, -0.0007759455475024879, 0.0013086097314953804, -0.002707304432988167, 0.001726709888316691, -0.0015924519393593073], [-0.000122246376122348, -0.00020400590437930077, -0.0012878505513072014, 0.002338387304916978, -0.0005329097039066255, -0.0006221737712621689, 0.009518787264823914, -0.0042341225780546665, 0.0004306403861846775, -0.0019245743751525879, 0.0012597038876265287, -0.002949807792901993, -0.00040536170126870275], [9.095768473343924e-05, -0.0004379322926979512, 0.00015906964836176485, -0.000385387014830485, 0.0014286020305007696, -0.0016539202770218253, -0.0042341225780546665, 0.011393827386200428, -0.004425003193318844, 0.0022755644749850035, -0.0021907088812440634, 0.0016325400210916996, -0.0006769838510081172], [0.00014761817874386907, -7.655547233298421e-05, -0.0011006140848621726, -0.0013844952918589115, -7.411479600705206e-05, -0.0007759455475024879, 0.0004306403861846775, -0.004425003193318844, 0.014439137652516365, -0.005182422697544098, 0.0028062157798558474, 0.0008680044556967914, -0.0015225437236949801], [-0.00020564372243825346, 0.00014339011977426708, 0.0006621722714044154, 0.0017347210086882114, -0.003086157375946641, 0.0013086097314953804, -0.0019245743751525879, 0.0022755644749850035, -0.005182422697544098, 0.014228769578039646, -0.005610924679785967, -0.001555717084556818, 0.0005699520115740597], [0.0002282291097799316, -0.00024628275423310697, 0.0005841368692927063, -0.001755828969180584, 0.0024317079223692417, -0.002707304432988167, 0.0012597038876265287, -0.0021907088812440634, 0.0028062157798558474, -0.005610924679785967, 0.01550391223281622, -0.006124790757894516, 0.003079946618527174], [-0.00016000976029317826, 0.00044971180614084005, -0.0013177033979445696, 0.0010044601513072848, -0.0007380370516330004, 0.001726709888316691, -0.002949807792901993, 0.0016325400210916996, 0.0008680044556967914, -0.001555717084556818, -0.006124790757894516, 0.019260423257946968, -0.007815598510205746], [0.0001351594546576962, -0.0005574023816734552, 0.0005056629306636751, -0.00044281367445364594, -0.0017638879362493753, -0.0015924519393593073, -0.00040536170126870275, -0.0006769838510081172, -0.0015225437236949801, 0.0005699520115740597, 0.003079946618527174, -0.007815598510205746, 0.015919893980026245]], "metadata.audio_properties.analysis.downmix": "mix", "metadata.audio_properties.codec": "mp3", "metadata.audio_properties.md5_encoded": "39564106eb211f24fd5222bd71e2ebe0", "metadata.tags.file_name": "1183681689982095422.mp3", "metadata.version.essentia": "2.1-beta6-dev", "metadata.version.essentia_git_sha": "v2.1_beta5-1110-g77a6a954", "metadata.version.extractor": "music 2.0", "tonal.chords_key": "C", "tonal.chords_scale": "minor", "tonal.key_edma.key": "E", "tonal.key_edma.scale": "minor", "tonal.key_krumhansl.key": "E", "tonal.key_krumhansl.scale": "minor",