{"song_id": "1183694832137404508", "download": "https://cdn.discordapp.com/attachments/1135903449314238464/1183694832137404508/chirp.mp4?ex=658944b7&amp", "lyrics": "[Verse]\nLyney and Hutao, we're taking to the sky\nGenshin Impact heroes, ready to fly high\nJumping out the plane, feeling the adrenaline rush\nSkydiving through the clouds, leaving the world hush\n\n[Chorus]\nWe're skydiving, feeling so alive\nLyney and Hutao, taking the dive\nNo limits, no fears, we're reaching new heights\nGenshin Impact crew, igniting the skies at night", "style": ["Hip hop"], "essentia_features": {"lowlevel.average_loudness": 0.9782063961029053, "lowlevel.barkbands_crest.mean": 14.033011436462402, "lowlevel.barkbands_crest.stdev": 4.502363204956055, "lowlevel.barkbands_flatness_db.mean": 0.19085460901260376, "lowlevel.barkbands_flatness_db.stdev": 0.05905492976307869, "lowlevel.barkbands_kurtosis.mean": 12.830534934997559, "lowlevel.barkbands_kurtosis.stdev": 31.127544403076172, "lowlevel.barkbands_skewness.mean": 2.613800048828125, "lowlevel.barkbands_skewness.stdev": 2.205686092376709, "lowlevel.barkbands_spread.mean": 26.672332763671875, "lowlevel.barkbands_spread.stdev": 17.705778121948242, "lowlevel.dissonance.mean": 0.48341062664985657, "lowlevel.dissonance.stdev": 0.012058917433023453, "lowlevel.dynamic_complexity": 1.8036561012268066, "lowlevel.erbbands_crest.mean": 9.445340156555176, "lowlevel.erbbands_crest.stdev": 4.227119445800781, "lowlevel.erbbands_flatness_db.mean": 0.16300207376480103, "lowlevel.erbbands_flatness_db.stdev": 0.04248909652233124, "lowlevel.erbbands_kurtosis.mean": 0.8429644703865051, "lowlevel.erbbands_kurtosis.stdev": 2.751163959503174, "lowlevel.erbbands_skewness.mean": -0.744958758354187, "lowlevel.erbbands_skewness.stdev": 0.9142655730247498, "lowlevel.erbbands_spread.mean": 45.113338470458984, "lowlevel.erbbands_spread.stdev": 20.528427124023438, "lowlevel.hfc.mean": 24.04728889465332, "lowlevel.hfc.stdev": 15.34951114654541, "lowlevel.loudness_ebu128.integrated": -10.605966567993164, "lowlevel.loudness_ebu128.loudness_range": 1.5054092407226562, "lowlevel.loudness_ebu128.momentary.mean": -10.731681823730469, "lowlevel.loudness_ebu128.momentary.stdev": 1.0930471420288086, "lowlevel.loudness_ebu128.short_term.mean": -10.682680130004883, "lowlevel.loudness_ebu128.short_term.stdev": 0.5762527585029602, "lowlevel.melbands_crest.mean": 25.588138580322266, "lowlevel.melbands_crest.stdev": 7.436142921447754, "lowlevel.melbands_flatness_db.mean": 0.255064457654953, "lowlevel.melbands_flatness_db.stdev": 0.08025407046079636, "lowlevel.melbands_kurtosis.mean": 42.14205551147461, "lowlevel.melbands_kurtosis.stdev": 60.13434600830078, "lowlevel.melbands_skewness.mean": 4.910775661468506, "lowlevel.melbands_skewness.stdev": 3.053921937942505, "lowlevel.melbands_spread.mean": 23.227493286132812, "lowlevel.melbands_spread.stdev": 21.555156707763672, "lowlevel.pitch_salience.mean": 0.4162242114543915, "lowlevel.pitch_salience.stdev": 0.14353691041469574, "lowlevel.silence_rate_20dB.mean": 1.0, "lowlevel.silence_rate_20dB.stdev": 0.0, "lowlevel.silence_rate_30dB.mean": 0.9147025942802429, "lowlevel.silence_rate_30dB.stdev": 0.279323548078537, "lowlevel.silence_rate_60dB.mean": 0.011223344132304192, "lowlevel.silence_rate_60dB.stdev": 0.10534382611513138, "lowlevel.spectral_centroid.mean": 2134.11572265625, "lowlevel.spectral_centroid.stdev": 808.97314453125, "lowlevel.spectral_complexity.mean": 20.425365447998047, "lowlevel.spectral_complexity.stdev": 10.420876502990723, "lowlevel.spectral_decrease.mean": -1.3227682060801271e-08, "lowlevel.spectral_decrease.stdev": 8.66551808087479e-09, "lowlevel.spectral_energy.mean": 0.05210546404123306, "lowlevel.spectral_energy.stdev": 0.032928671687841415, "lowlevel.spectral_energyband_high.mean": 0.0008780219941399992, "lowlevel.spectral_energyband_high.stdev": 0.0015581990592181683, "lowlevel.spectral_energyband_low.mean": 0.03869247063994408, "lowlevel.spectral_energyband_low.stdev": 0.03184474632143974, "lowlevel.spectral_energyband_middle_high.mean": 0.005558869801461697, "lowlevel.spectral_energyband_middle_high.stdev": 0.004198793321847916, "lowlevel.spectral_energyband_middle_low.mean": 0.008011790923774242, "lowlevel.spectral_energyband_middle_low.stdev": 0.013738260604441166, "lowlevel.spectral_entropy.mean": 7.583606719970703, "lowlevel.spectral_entropy.stdev": 0.3934335708618164, "lowlevel.spectral_flux.mean": 0.10342536866664886, "lowlevel.spectral_flux.stdev": 0.0752456784248352, "lowlevel.spectral_kurtosis.mean": 4.261759281158447, "lowlevel.spectral_kurtosis.stdev": 2.51004958152771, "lowlevel.spectral_rms.mean": 0.006761509925127029, "lowlevel.spectral_rms.stdev": 0.00226199091412127, "lowlevel.spectral_rolloff.mean": 1322.783935546875, "lowlevel.spectral_rolloff.stdev": 1531.3037109375, "lowlevel.spectral_skewness.mean": 1.1900285482406616, "lowlevel.spectral_skewness.stdev": 0.3477206528186798, "lowlevel.spectral_spread.mean": 3874704.0, "lowlevel.spectral_spread.stdev": 1355965.75, "lowlevel.spectral_strongpeak.mean": 0.4470384418964386, "lowlevel.spectral_strongpeak.stdev": 0.5770678520202637, "lowlevel.zerocrossingrate.mean": 0.04954328387975693, "lowlevel.zerocrossingrate.stdev": 0.03391290828585625, "metadata.audio_properties.analysis.equal_loudness": 0.0, "metadata.audio_properties.analysis.length": 20.649614334106445, "metadata.audio_properties.analysis.sample_rate": 44100.0, "metadata.audio_properties.analysis.start_time": 0.0, "metadata.audio_properties.bit_rate": 125494.0, "metadata.audio_properties.length": 20.650667190551758, "metadata.audio_properties.lossless": 0.0, "metadata.audio_properties.number_channels": 1.0, "metadata.audio_properties.replay_gain": -15.662487983703613, "metadata.audio_properties.sample_rate": 48000.0, "rhythm.beats_count": 33.0, "rhythm.beats_loudness.mean": 0.06041005253791809, "rhythm.beats_loudness.stdev": 0.030122557654976845, "rhythm.bpm": 95.77898406982422, "rhythm.bpm_histogram_first_peak_bpm": 96.0, "rhythm.bpm_histogram_first_peak_weight": 0.24137932062149048, "rhythm.bpm_histogram_second_peak_bpm": 103.0, "rhythm.bpm_histogram_second_peak_spread": 0.0, "rhythm.bpm_histogram_second_peak_weight": 0.09375, "rhythm.danceability": 1.36525559425354, "rhythm.onset_rate": 4.355029582977295, "tonal.chords_changes_rate": 0.05829596519470215, "tonal.chords_number_rate": 0.008968610316514969, "tonal.chords_strength.mean": 0.5066446661949158, "tonal.chords_strength.stdev": 0.07047343254089355, "tonal.hpcp_crest.mean": 11.227123260498047, "tonal.hpcp_crest.stdev": 4.897522449493408, "tonal.hpcp_entropy.mean": 2.453535318374634, "tonal.hpcp_entropy.stdev": 0.6890873908996582, "tonal.key_edma.strength": 0.6197860240936279, "tonal.key_krumhansl.strength": 0.6079198718070984, "tonal.key_temperley.strength": 0.5818189382553101, "tonal.tuning_diatonic_strength": 0.5693053007125854, "tonal.tuning_equal_tempered_deviation": 0.26037055253982544, "tonal.tuning_frequency": 434.193115234375, "tonal.tuning_nontempered_energy_ratio": 0.928572952747345, "lowlevel.barkbands.mean": [0.006018216256052256, 0.026908187195658684, 0.004783377982676029, 0.0029785824008286, 0.002283127512782812, 0.0010709012858569622, 0.0006506111240014434, 0.0003494129632599652, 0.000574907346162945, 0.00024771003518253565, 0.00016893220890779048, 0.0004035740566905588, 0.00039114413084462285, 0.00043917432776652277, 0.00036099841236136854, 0.0003609854611568153, 0.0008904600981622934, 0.0002593272365629673, 0.0017638180870562792, 0.00041505793342366815, 0.00018557830480858684, 0.0002078869001707062, 0.00017567134636919945, 0.00013479743211064488, 6.427296466426924e-05, 1.8706025002757087e-05, 1.018070250324854e-07], "lowlevel.barkbands.stdev": [0.004309043288230896, 0.025575703009963036, 0.014025537297129631, 0.00900026224553585, 0.004925909917801619, 0.0014917575754225254, 0.0010708847548812628, 0.0007118282956071198, 0.001361863687634468, 0.0006888486095704138, 0.00035409926204010844, 0.0010501458309590816, 0.0007901921635493636, 0.0006846733740530908, 0.0006435339455492795, 0.0006482114549726248, 0.0009453597012907267, 0.0003344085125718266, 0.001759349019266665, 0.0005466262227855623, 0.000365359679562971, 0.00041446645627729595, 0.00034719519317150116, 0.00032220836146734655, 0.00014858230133540928, 5.413004328147508e-05, 4.504397566051921e-07], "lowlevel.erbbands.mean": [1.4946447610855103, 3.179495334625244, 5.014172554016113, 8.386713027954102, 8.335480690002441, 8.834437370300293, 6.743564605712891, 9.742091178894043, 6.375807285308838, 12.9169921875, 7.417877674102783, 12.375804901123047, 12.031765937805176, 5.772754669189453, 9.320247650146484, 17.055225372314453, 18.10765838623047, 20.86512565612793, 20.780858993530273, 18.22574234008789, 27.55294418334961, 50.610172271728516, 17.830448150634766, 33.549522399902344, 106.01775360107422, 20.227792739868164, 7.731500148773193, 7.609066009521484, 7.8118696212768555, 5.819590091705322, 4.811671257019043, 3.3488712310791016, 1.9553956985473633, 0.9037850499153137, 0.3656246066093445, 0.12970668077468872, 0.02474392019212246, 0.0016820552991703153, 6.965422653593123e-05, 6.336498336168006e-05], "lowlevel.erbbands.stdev": [1.1844284534454346, 4.853178024291992, 14.438309669494629, 20.690244674682617, 26.77803611755371, 15.501595497131348, 9.530034065246582, 14.782974243164062, 9.646455764770508, 23.355270385742188, 14.243325233459473, 29.596723556518555, 29.022079467773438, 12.032410621643066, 20.35898208618164, 45.19473648071289, 34.240352630615234, 32.77455520629883, 31.162755966186523, 35.998226165771484, 35.94025802612305, 54.489845275878906, 20.955137252807617, 31.98277473449707, 112.43729400634766, 21.03531265258789, 14.273111343383789, 15.37952995300293, 15.626927375793457, 11.299012184143066, 9.629205703735352, 7.708820343017578, 4.8821916580200195, 2.0586931705474854, 0.8801831603050232, 0.3570544421672821, 0.07795848697423935, 0.005413961596786976, 0.00012199598859297112, 3.656621265690774e-05], "lowlevel.gfcc.mean": [-3.445887327194214, 92.29720306396484, -117.38964080810547, 69.43785858154297, -39.676673889160156, 14.928315162658691, -36.66279220581055, 20.1899471282959, -17.697559356689453, 4.4309563636779785, 2.6691181659698486, -1.3572903871536255, -5.47330904006958], "lowlevel.melbands.mean": [0.009971107356250286, 0.002932358533143997, 0.0014862330863252282, 0.0005704837967641652, 0.0002843525435309857, 0.0002104325103573501, 0.00010861046757781878, 0.00012798310490325093, 5.703125134459697e-05, 8.466990402666852e-05, 5.9720601711887866e-05, 2.272258461744059e-05, 2.686057996470481e-05, 4.054744204040617e-05, 4.3580341298365965e-05, 3.995876249973662e-05, 3.933564948965795e-05, 3.5495995689416304e-05, 2.644685810082592e-05, 2.08302208193345e-05, 3.533728522597812e-05, 6.0456859500845894e-05, 2.3770924599375576e-05, 1.0959381143038627e-05, 2.3043561668600887e-05, 8.449759479844943e-05, 4.688788249040954e-05, 6.7306150413060095e-06, 4.420711320562987e-06, 4.506446657615015e-06, 4.417669060785556e-06, 4.6448935790976975e-06, 3.6029264265380334e-06, 3.175053507220582e-06, 2.8713318442896707e-06, 2.3900952328403946e-06, 1.9207761852158e-06, 1.4636648302257527e-06, 9.708563766253064e-07, 6.939906711522781e-07], "lowlevel.melbands.stdev": [0.00840752013027668, 0.006070105824619532, 0.003731764620169997, 0.0013134998735040426, 0.0003934234264306724, 0.0003065624332521111, 0.0001654932857491076, 0.0002333853772142902, 0.00012740696547552943, 0.00020926403522025794, 0.00014662988542113453, 5.355598113965243e-05, 5.728656833525747e-05, 0.00010575971828075126, 0.00010384675260866061, 8.110149065032601e-05, 6.384619337040931e-05, 5.6050921557471156e-05, 4.945990440319292e-05, 4.9227634008275345e-05, 4.8082783905556425e-05, 6.762194243492559e-05, 3.154383011860773e-05, 1.3273088370624464e-05, 2.5280935005866922e-05, 9.128667443292215e-05, 5.575062823481858e-05, 9.89309137366945e-06, 8.533254913345445e-06, 9.36793821892934e-06, 9.234901881427504e-06, 9.676740774011705e-06, 7.122706392692635e-06, 6.30357681075111e-06, 5.787337613583077e-06, 5.295268238114659e-06, 4.626926511264173e-06, 3.6830299450230086e-06, 2.4156158815458184e-06, 1.602847646609007e-06], "lowlevel.melbands128.mean": [0.005507920868694782, 0.015299673192203045, 0.009742315858602524, 0.0038764774799346924, 0.0024451478384435177, 0.0023624554742127657, 0.0017109534237533808, 0.001487156143411994, 0.0007460556225851178, 0.0004316555568948388, 0.000559518113732338, 0.000339725345838815, 0.00015700404765084386, 0.0002853217883966863, 0.000264478730969131, 0.00015142651682253927, 7.948019629111513e-05, 8.140269346768036e-05, 0.00015998995513655245, 0.00018867163453251123, 7.872053538449109e-05, 5.278769094729796e-05, 5.953985601081513e-05, 5.236443394096568e-05, 6.704386760247871e-05, 0.00011578094563446939, 8.843660907587036e-05, 5.124410745338537e-05, 3.8410518754972145e-05, 2.3762679120409302e-05, 1.623885145818349e-05, 2.056365519820247e-05, 2.715175833145622e-05, 3.1233288609655574e-05, 3.5081648093182594e-05, 4.043648368678987e-05, 5.486138616106473e-05, 4.544557668850757e-05, 3.545408617355861e-05, 3.905078847310506e-05, 4.2743675294332206e-05, 3.9628484955755994e-05, 3.1420320738106966e-05, 4.472562068258412e-05, 4.7800695028854534e-05, 2.9954358979011886e-05, 2.7765179765992798e-05, 2.4449091142741963e-05, 2.9789769541821443e-05, 2.2435877326643094e-05, 1.7912207113113254e-05, 1.9622424588305876e-05, 2.774442509689834e-05, 4.062215521116741e-05, 5.7344743254361674e-05, 7.857630407670513e-05, 4.8004829295678064e-05, 2.6183715817751363e-05, 1.749273360474035e-05, 1.1872773029608652e-05, 1.0016642590926494e-05, 9.875092473521363e-06, 1.4261940123105887e-05, 2.4302024030475877e-05, 3.9270449633477256e-05, 8.877718937583268e-05, 0.00011848760186694562, 7.784090121276677e-05, 2.4995004423544742e-05, 1.0580900379864033e-05, 6.123530511104036e-06, 4.8472543312527705e-06, 4.3980339796689805e-06, 4.266705218469724e-06, 4.490143510338385e-06, 4.919148977933219e-06, 4.236787390254904e-06, 4.071881903655594e-06, 4.506059667619411e-06, 4.653441919799661e-06, 4.867858933721436e-06, 4.623966560757253e-06, 4.186826117802411e-06, 3.5381101497478085e-06, 3.110278157691937e-06, 2.9493708098016214e-06, 3.249780320402351e-06, 3.466758698777994e-06, 2.772585958155105e-06, 2.5468332296441076e-06, 2.5736712814250495e-06, 2.383215814916184e-06, 2.0331663108663633e-06, 2.0786342247447465e-06, 1.686746713858156e-06, 1.5449222701136023e-06, 1.4853276297799312e-06, 1.2678659686571336e-06, 9.471436897001695e-07, 8.500288117829768e-07, 7.73322881286731e-07, 6.546226813952671e-07, 6.317370662145549e-07, 4.780923745784094e-07, 3.925599685317138e-07, 3.203708445198572e-07, 3.0234429004849517e-07, 2.6897018301497155e-07, 2.2542423039340065e-07, 1.7685586328752834e-07, 1.4692808747440722e-07, 7.708881355483754e-08, 7.17078236789348e-08, 4.662173935798819e-08, 2.31784600401852e-08, 1.2444866470673333e-08, 4.0724335015340785e-09, 5.147162696061969e-10, 1.8152130840110026e-11, 1.573025563972319e-11, 1.0565845073862157e-11, 8.789519459484474e-12, 8.851485516769841e-12, 8.452344726905814e-12, 7.2571089762552e-12, 5.572846871471082e-12, 4.391555695482108e-12, 4.222192040437278e-12], "lowlevel.melbands128.stdev": [0.003908275160938501, 0.011363104917109013, 0.01186077669262886, 0.007452800869941711, 0.007851183414459229, 0.006540048401802778, 0.004358952399343252, 0.004892946686595678, 0.0027415715157985687, 0.0011533111101016402, 0.000964227772783488, 0.0006051947711966932, 0.000315128912916407, 0.000411178101785481, 0.0004403796629048884, 0.0003247269778512418, 0.00014449303853325546, 0.0001996011269511655, 0.00032271267264150083, 0.00038439122727140784, 0.0002251978439744562, 0.00011977623944403604, 0.00017292106349486858, 0.00019343779422342777, 0.00019729572522919625, 0.0003676382766570896, 0.0002743054064922035, 0.00016120531654451042, 0.00012058928405167535, 8.36671533761546e-05, 3.42799503414426e-05, 4.880410051555373e-05, 6.241560913622379e-05, 9.588953253114596e-05, 0.00010972980817314237, 0.00013742377632297575, 0.00021241215290501714, 0.00014282578194979578, 9.476653212914243e-05, 9.560777107253671e-05, 0.00010518805356696248, 0.00010103631939273328, 6.399850099114701e-05, 8.276123844552785e-05, 9.193483856506646e-05, 6.19165220996365e-05, 7.248281326610595e-05, 4.885365706286393e-05, 7.957791967783123e-05, 6.281497917370871e-05, 6.980192119954154e-05, 4.200104740448296e-05, 5.15877763973549e-05, 7.72008061176166e-05, 8.167167834471911e-05, 0.00010700573329813778, 6.994166324147955e-05, 4.15451722801663e-05, 3.240334626752883e-05, 1.773661279003136e-05, 1.3856365512765478e-05, 1.3014577234571334e-05, 1.7578533515916206e-05, 3.298840601928532e-05, 5.535801392397843e-05, 0.00012624227383639663, 0.00015523587353527546, 0.00011507493763929233, 3.8857640902278945e-05, 1.641425296838861e-05, 1.0410456525278278e-05, 9.793172466743272e-06, 8.716664524399675e-06, 8.948632967076264e-06, 9.943640179699287e-06, 1.1220335181860719e-05, 9.435649189981632e-06, 9.392218998982571e-06, 9.64360970101552e-06, 1.135337970481487e-05, 1.0846830264199525e-05, 1.0164994819206186e-05, 8.68900679051876e-06, 7.513491254940163e-06, 6.862690042908071e-06, 6.2776098275207914e-06, 6.999869583523832e-06, 7.64130618335912e-06, 5.956751920166425e-06, 5.572362624661764e-06, 5.853737093275413e-06, 5.5657924349361565e-06, 5.277455329633085e-06, 5.464757578010904e-06, 4.16605462305597e-06, 3.732031927938806e-06, 4.14697115047602e-06, 3.7398967833723873e-06, 2.5090980670938734e-06, 2.1602995730063412e-06, 1.7740841258273576e-06, 1.6906702740016044e-06, 1.5992969792932854e-06, 1.1239002333240933e-06, 1.0809383184096077e-06, 9.022044764606107e-07, 8.398963018407812e-07, 6.935705414434779e-07, 6.998479875619523e-07, 5.858478857589944e-07, 5.042604698246578e-07, 2.8123963602411095e-07, 2.6003272068919614e-07, 1.869938444087893e-07, 9.380051579910287e-08, 6.219151771347242e-08, 1.7471501578825155e-08, 2.2221424700319403e-09, 1.4986896446078646e-10, 1.4480845689224253e-10, 8.097222892189393e-11, 6.940422542234259e-11, 7.28358345858382e-11, 6.878385361286377e-11, 5.0316372596226344e-11, 2.2375034117172454e-11, 7.926851015860326e-12, 7.477914988618384e-12], "lowlevel.mfcc.mean": [-641.4553833007812, 107.7483901977539, -1.1812958717346191, 49.674842834472656, 25.092069625854492, 5.24657678604126, 7.899179935455322, 11.013275146484375, -7.292654514312744, 10.97779369354248, 5.786646366119385, -0.4317036271095276, 10.239391326904297], "lowlevel.spectral_contrast_coeffs.mean": [-0.7501892447471619, -0.7651093602180481, -0.8148205876350403, -0.7939818501472473, -0.7214328646659851, -0.7647374272346497], "lowlevel.spectral_contrast_coeffs.stdev": [0.0824485570192337, 0.06393343955278397, 0.05393630266189575, 0.05317293480038643, 0.071531280875206, 0.04400750622153282], "lowlevel.spectral_contrast_valleys.mean": [-6.390585422515869, -7.055113315582275, -7.627257823944092, -7.51399564743042, -7.354002475738525, -10.229665756225586], "lowlevel.spectral_contrast_valleys.stdev": [0.7869575619697571, 0.6478371620178223, 0.7064957618713379, 0.617384672164917, 0.7424212098121643, 0.9990665316581726], "rhythm.beats_loudness_band_ratio.mean": [0.670627772808075, 0.06713587790727615, 0.04659479111433029, 0.03847218304872513, 0.07976816594600677, 0.10776982456445694], "rhythm.beats_loudness_band_ratio.stdev": [0.19197285175323486, 0.07882300764322281, 0.04349415749311447, 0.04205676168203354, 0.05212829262018204, 0.07443884015083313], "tonal.hpcp.mean": [0.05970925837755203, 0.047974325716495514, 0.046559013426303864, 0.04061830788850784, 0.04523412883281708, 0.06660200655460358, 0.12051896005868912, 0.12581638991832733, 0.06356648355722427, 0.03217839449644089, 0.023239336907863617, 0.018605757504701614, 0.01917659305036068, 0.022638706490397453, 0.023772886022925377, 0.027771834284067154, 0.03712346777319908, 0.043949391692876816, 0.044142112135887146, 0.04355407506227493, 0.06332626193761826, 0.3286784887313843, 0.6648260354995728, 0.44806477427482605, 0.10960134118795395, 0.06659218668937683, 0.05213358998298645, 0.054702434688806534, 0.05182384327054024, 0.03700640797615051, 0.04517199099063873, 0.054747723042964935, 0.044292643666267395, 0.047543153166770935, 0.0593869648873806, 0.06656119227409363], "tonal.hpcp.stdev": [0.15129007399082184, 0.1568208783864975, 0.16875450313091278, 0.14350050687789917, 0.14683322608470917, 0.1717677265405655, 0.19421625137329102, 0.19636079668998718, 0.14828696846961975, 0.0988529846072197, 0.0893426388502121, 0.07629530131816864, 0.07293897122144699, 0.07383538782596588, 0.07666486501693726, 0.08437611907720566, 0.1148407906293869, 0.1290951520204544, 0.12402097880840302, 0.1286238580942154, 0.14542615413665771, 0.3110353350639343, 0.4209069311618805, 0.3537496030330658, 0.23489244282245636, 0.1872491091489792, 0.15678130090236664, 0.15105482935905457, 0.15864373743534088, 0.12379472702741623, 0.15256834030151367, 0.1745939403772354, 0.129543274641037, 0.14040516316890717, 0.16062778234481812, 0.17820847034454346], "rhythm.beats_position": [0.5572788715362549, 1.1377778053283691, 1.7182766199111938, 2.2987754344940186, 2.902494192123413, 3.5178229808807373, 4.133152008056641, 4.7600908279418945, 5.38702917098999, 6.013967990875244, 6.640906810760498, 7.267845630645752, 7.894784450531006, 8.521722793579102, 9.148661613464355, 9.77560043334961, 10.402539253234863, 11.029478073120117, 11.656416893005371, 12.306575775146484, 12.933514595031738, 13.560453414916992, 14.175782203674316, 14.80272102355957, 15.441269874572754, 16.068208694458008, 16.695146560668945, 17.322086334228516, 17.949024200439453, 18.575963973999023, 19.20290184020996, 19.82984161376953, 20.4683895111084], "rhythm.bpm_histogram": [0.0, 0.0, 0.0, 0.0, 0.0, 0.0, 0.0, 0.0, 0.0, 0.0, 0.0, 0.0, 0.0, 0.0, 0.0, 0.0, 0.0, 0.0, 0.0, 0.0, 0.0, 0.0, 0.0, 0.0, 0.0, 0.0, 0.0, 0.0, 0.0, 0.0, 0.0, 0.0, 0.0, 0.0, 0.0, 0.0, 0.0, 0.0, 0.0, 0.0, 0.0, 0.0, 0.0, 0.0, 0.0, 0.0, 0.0, 0.0, 0.0, 0.0, 0.0, 0.0, 0.0, 0.0, 0.0, 0.0, 0.0, 0.0, 0.0, 0.0, 0.0, 0.0, 0.0, 0.0, 0.0, 0.0, 0.0, 0.0, 0.0, 0.0, 0.0, 0.0, 0.0, 0.0, 0.0, 0.0, 0.0, 0.0, 0.0, 0.0, 0.0, 0.0, 0.0, 0.0, 0.0, 0.0, 0.0, 0.0, 0.0, 0.0, 0.0, 0.0, 0.03125, 0.0, 0.0625, 0.0, 0.6875, 0.0, 0.09375, 0.03125, 0.0, 0.0, 0.0, 0.09375, 0.0, 0.0, 0.0, 0.0, 0.0, 0.0, 0.0, 0.0, 0.0, 0.0, 0.0, 0.0, 0.0, 0.0, 0.0, 0.0, 0.0, 0.0, 0.0, 0.0, 0.0, 0.0, 0.0, 0.0, 0.0, 0.0, 0.0, 0.0, 0.0, 0.0, 0.0, 0.0, 0.0, 0.0, 0.0, 0.0, 0.0, 0.0, 0.0, 0.0, 0.0, 0.0, 0.0, 0.0, 0.0, 0.0, 0.0, 0.0, 0.0, 0.0, 0.0, 0.0, 0.0, 0.0, 0.0, 0.0, 0.0, 0.0, 0.0, 0.0, 0.0, 0.0, 0.0, 0.0, 0.0, 0.0, 0.0, 0.0, 0.0, 0.0, 0.0, 0.0, 0.0, 0.0, 0.0, 0.0, 0.0, 0.0, 0.0, 0.0, 0.0, 0.0, 0.0, 0.0, 0.0, 0.0, 0.0, 0.0, 0.0, 0.0, 0.0, 0.0, 0.0, 0.0, 0.0, 0.0, 0.0, 0.0, 0.0, 0.0, 0.0, 0.0, 0.0, 0.0, 0.0, 0.0, 0.0, 0.0, 0.0, 0.0, 0.0, 0.0, 0.0, 0.0, 0.0, 0.0, 0.0, 0.0, 0.0, 0.0, 0.0, 0.0, 0.0, 0.0, 0.0, 0.0, 0.0, 0.0, 0.0, 0.0, 0.0, 0.0, 0.0, 0.0, 0.0, 0.0, 0.0, 0.0, 0.0, 0.0, 0.0, 0.0, 0.0, 0.0, 0.0, 0.0], "tonal.chords_histogram": [0.22421523928642273, 1.121076226234436, 0.22421523928642273, 0.0, 0.0, 0.0, 0.0, 1.121076226234436, 50.672645568847656, 45.96412658691406, 0.6726457476615906, 0.0, 0.0, 0.0, 0.0, 0.0, 0.0, 0.0, 0.0, 0.0, 0.0, 0.0, 0.0, 0.0], "tonal.thpcp": [1.0, 0.6739579439163208, 0.1648571789264679, 0.10016483068466187, 0.07841689139604568, 0.08228082209825516, 0.07795098423957825, 0.05566329509019852, 0.06794557720422745, 0.08234894275665283, 0.06662290543317795, 0.07151217013597488, 0.08932707458734512, 0.10011821240186691, 0.08981185406446457, 0.07216072082519531, 0.07003187388181686, 0.06109614670276642, 0.06803904473781586, 0.10017959773540497, 0.18127894401550293, 0.18924708664417267, 0.09561371058225632, 0.04840122535824776, 0.03495551645755768, 0.02798590436577797, 0.028844527900218964, 0.03405207395553589, 0.03575805574655533, 0.04177308455109596, 0.05583937093615532, 0.06610660254955292, 0.06639648228883743, 0.06551198661327362, 0.0952523797750473, 0.49438270926475525], "lowlevel.gfcc.cov": [[3367.138671875, -807.259521484375, 5.84239387512207, 357.73297119140625, -237.5259552001953, 332.6019592285156, -12.97290325164795, 94.35044860839844, -61.65218734741211, 87.4109878540039, -195.26698303222656, 48.31869888305664, -190.38856506347656], [-807.259521484375, 1356.6409912109375, -171.04364013671875, -241.62887573242188, 394.9321594238281, -215.6962890625, 214.4298858642578, -9.528864860534668, 146.63052368164062, -148.61215209960938, 199.20053100585938, -159.22193908691406, 102.16084289550781], [5.84239387512207, -171.04364013671875, 888.5995483398438, 340.69573974609375, 116.94468688964844, 132.32757568359375, -45.80057907104492, -70.99190521240234, -11.215729713439941, 84.27696990966797, -60.62110137939453, 107.39604949951172, 28.252273559570312], [357.73297119140625, -241.62887573242188, 340.69573974609375, 439.9258117675781, 99.94935607910156, 69.10762786865234, -43.150367736816406, 6.119070529937744, 56.004615783691406, 55.04862594604492, -25.56475067138672, 46.1249885559082, 57.675262451171875], [-237.5259552001953, 394.9321594238281, 116.94468688964844, 99.94935607910156, 408.54248046875, -4.600872993469238, 81.91050720214844, 76.47371673583984, 147.62550354003906, 14.412707328796387, 61.613590240478516, -45.77399826049805, 60.10742950439453], [332.6019592285156, -215.6962890625, 132.32757568359375, 69.10762786865234, -4.600872993469238, 306.32281494140625, 182.53033447265625, 34.199790954589844, 18.0834903717041, 37.58465576171875, -51.83779525756836, 38.854896545410156, -21.125965118408203], [-12.97290325164795, 214.4298858642578, -45.80057907104492, -43.150367736816406, 81.91050720214844, 182.53033447265625, 399.8257751464844, 91.93682098388672, 69.66481018066406, -36.849212646484375, 30.94034194946289, -12.559513092041016, 1.1019997596740723], [94.35044860839844, -9.528864860534668, -70.99190521240234, 6.119070529937744, 76.47371673583984, 34.199790954589844, 91.93682098388672, 156.93833923339844, 71.21844482421875, 22.61898422241211, 33.49422073364258, 2.169158458709717, 6.124250888824463], [-61.65218734741211, 146.63052368164062, -11.215729713439941, 56.004615783691406, 147.62550354003906, 18.0834903717041, 69.66481018066406, 71.21844482421875, 154.6340789794922, 38.455081939697266, 32.177555084228516, -28.207530975341797, 33.92202377319336], [87.4109878540039, -148.61215209960938, 84.27696990966797, 55.04862594604492, 14.412707328796387, 37.58465576171875, -36.849212646484375, 22.61898422241211, 38.455081939697266, 131.03834533691406, 25.167333602905273, 28.527070999145508, -11.475395202636719], [-195.26698303222656, 199.20053100585938, -60.62110137939453, -25.56475067138672, 61.613590240478516, -51.83779525756836, 30.94034194946289, 33.49422073364258, 32.177555084228516, 25.167333602905273, 156.68601989746094, 7.718756198883057, 34.655235290527344], [48.31869888305664, -159.22193908691406, 107.39604949951172, 46.1249885559082, -45.77399826049805, 38.854896545410156, -12.559513092041016, 2.169158458709717, -28.207530975341797, 28.527070999145508, 7.718756198883057, 110.36918640136719, 28.422151565551758], [-190.38856506347656, 102.16084289550781, 28.252273559570312, 57.675262451171875, 60.10742950439453, -21.125965118408203, 1.1019997596740723, 6.124250888824463, 33.92202377319336, -11.475395202636719, 34.655235290527344, 28.422151565551758, 110.20731353759766]], "lowlevel.gfcc.icov": [[0.0005747266695834696, -0.0005376808694563806, 0.0004572898324113339, -0.0011238936567679048, 0.0005168134812265635, -0.0008684440399520099, 0.0005309971747919917, -0.0008688651141710579, 0.0005144464084878564, -0.0003708183066919446, 0.0006797819514758885, -0.0005573778762482107, 0.0012898886343464255], [-0.0005376808694563806, 0.004856515675783157, -0.0013569898437708616, 0.0037629124708473682, -0.003335211193189025, 0.003310366068035364, -0.002893651369959116, 0.004172567278146744, -0.0028199581429362297, 0.0036357298959046602, -0.0041494532488286495, 0.003469096962362528, -0.0031448109075427055], [0.0004572898324113339, -0.0013569898437708616, 0.002883256645873189, -0.0027914366219192743, -0.0002720340562518686, -0.001545136678032577, 0.0007579949451610446, 4.551809615804814e-05, 0.0018738113576546311, -0.0019801801536232233, 0.002039319835603237, -0.002932817442342639, 0.0019438274903222919], [-0.0011238936567679048, 0.0037629124708473682, -0.0027914366219192743, 0.007810239214450121, -0.002823278773576021, 0.0024652888532727957, -0.0015756346983835101, 0.003220298560336232, -0.0037146678660064936, 0.002687654457986355, -0.0030780667439103127, 0.0030389793682843447, -0.005344910081475973], [0.0005168134812265635, -0.003335211193189025, -0.0002720340562518686, -0.002823278773576021, 0.007318082731217146, -0.002107489388436079, 0.00190494186244905, -0.004253947176039219, -0.0014498225646093488, -0.0014938220847398043, 0.0015598258469253778, 0.00010019006003858522, 0.0011282042833045125], [-0.0008684440399520099, 0.003310366068035364, -0.001545136678032577, 0.0024652888532727957, -0.002107489388436079, 0.009949220344424248, -0.006373296026140451, 0.003354673972353339, -0.0014778306940570474, -0.0006811757921241224, 7.458945765392855e-05, 0.0008706853841431439, -0.0023931299801915884], [0.0005309971747919917, -0.002893651369959116, 0.0007579949451610446, -0.0015756346983835101, 0.00190494186244905, -0.006373296026140451, 0.007649695035070181, -0.004321187734603882, -0.0003758220700547099, 0.00176723999902606, 0.0001865944650489837, -0.0017931744223460555, 0.00283640343695879], [-0.0008688651141710579, 0.004172567278146744, 4.551809615804814e-05, 0.003220298560336232, -0.004253947176039219, 0.003354673972353339, -0.004321187734603882, 0.014115855097770691, -0.005674922373145819, 0.002082727150991559, -0.004039019346237183, 4.046490175824147e-06, -0.0016112535959109664], [0.0005144464084878564, -0.0028199581429362297, 0.0018738113576546311, -0.0037146678660064936, -0.0014498225646093488, -0.0014778306940570474, -0.0003758220700547099, -0.005674922373145819, 0.017306502908468246, -0.008233305998146534, 0.0038542088586837053, 0.002268577693030238, -0.0021882944274693727], [-0.0003708183066919446, 0.0036357298959046602, -0.0019801801536232233, 0.002687654457986355, -0.0014938220847398043, -0.0006811757921241224, 0.00176723999902606, 0.002082727150991559, -0.008233305998146534, 0.016800474375486374, -0.007350674830377102, -0.0005537278484553099, 0.0023788008838891983], [0.0006797819514758885, -0.0041494532488286495, 0.002039319835603237, -0.0030780667439103127, 0.0015598258469253778, 7.458945765392855e-05, 0.0001865944650489837, -0.004039019346237183, 0.0038542088586837053, -0.007350674830377102, 0.01354221161454916, -0.004432849120348692, 0.0004281417350284755], [-0.0005573778762482107, 0.003469096962362528, -0.002932817442342639, 0.0030389793682843447, 0.00010019006003858522, 0.0008706853841431439, -0.0017931744223460555, 4.046490175824147e-06, 0.002268577693030238, -0.0005537278484553099, -0.004432849120348692, 0.0187995582818985, -0.009097650647163391], [0.0012898886343464255, -0.0031448109075427055, 0.0019438274903222919, -0.005344910081475973, 0.0011282042833045125, -0.0023931299801915884, 0.00283640343695879, -0.0016112535959109664, -0.0021882944274693727, 0.0023788008838891983, 0.0004281417350284755, -0.009097650647163391, 0.018636204302310944]], "lowlevel.mfcc.cov": [[3487.522216796875, -1019.1954345703125, 53.04698944091797, -57.772666931152344, -184.12619018554688, 153.06927490234375, -1.8047269582748413, 93.00186157226562, 98.59420013427734, 1.4001058340072632, 91.39066314697266, 63.28909683227539, -78.20085906982422], [-1019.1954345703125, 1490.22265625, -410.59588623046875, -12.020792961120605, 97.95809173583984, -142.60064697265625, 88.61500549316406, 67.35401916503906, -39.59074783325195, 90.13987731933594, 73.80951690673828, -46.45301055908203, 69.83834075927734], [53.04698944091797, -410.59588623046875, 688.2881469726562, 180.29470825195312, 76.52529907226562, 207.92376708984375, 26.00916290283203, -51.207923889160156, 34.3018684387207, -87.08023834228516, -83.75067901611328, 50.34746170043945, -17.28968620300293], [-57.772666931152344, -12.020792961120605, 180.29470825195312, 355.3996887207031, 220.67486572265625, 36.24653625488281, -32.70939636230469, -20.968107223510742, 48.012367248535156, 12.932084083557129, -37.112606048583984, -7.732045650482178, 52.20357894897461], [-184.12619018554688, 97.95809173583984, 76.52529907226562, 220.67486572265625, 372.5132751464844, -1.7657670974731445, -65.41922760009766, -56.621673583984375, 19.291526794433594, 60.005531311035156, -21.75851058959961, -27.49026107788086, 58.24553298950195], [153.06927490234375, -142.60064697265625, 207.92376708984375, 36.24653625488281, -1.7657670974731445, 270.3890380859375, 97.93243408203125, 43.625648498535156, 108.4847640991211, -2.474846601486206, 37.956233978271484, 52.307334899902344, -55.21883010864258], [-1.8047269582748413, 88.61500549316406, 26.00916290283203, -32.70939636230469, -65.41922760009766, 97.93243408203125, 186.0225830078125, 117.35070037841797, 52.41560745239258, 25.030841827392578, 62.32081604003906, 41.56996154785156, -9.051501274108887], [93.00186157226562, 67.35401916503906, -51.207923889160156, -20.968107223510742, -56.621673583984375, 43.625648498535156, 117.35070037841797, 192.1197509765625, 91.97767639160156, 33.49193572998047, 52.1292839050293, 13.612165451049805, 3.5452423095703125], [98.59420013427734, -39.59074783325195, 34.3018684387207, 48.012367248535156, 19.291526794433594, 108.4847640991211, 52.41560745239258, 91.97767639160156, 185.3957977294922, 50.895355224609375, 38.102081298828125, 25.46648597717285, -28.99590301513672], [1.4001058340072632, 90.13987731933594, -87.08023834228516, 12.932084083557129, 60.005531311035156, -2.474846601486206, 25.030841827392578, 33.49193572998047, 50.895355224609375, 133.0482177734375, 78.34603118896484, 5.849169731140137, 13.474178314208984], [91.39066314697266, 73.80951690673828, -83.75067901611328, -37.112606048583984, -21.75851058959961, 37.956233978271484, 62.32081604003906, 52.1292839050293, 38.102081298828125, 78.34603118896484, 136.1376495361328, 45.350860595703125, -9.696799278259277], [63.28909683227539, -46.45301055908203, 50.34746170043945, -7.732045650482178, -27.49026107788086, 52.307334899902344, 41.56996154785156, 13.612165451049805, 25.46648597717285, 5.849169731140137, 45.350860595703125, 83.16299438476562, 12.63901424407959], [-78.20085906982422, 69.83834075927734, -17.28968620300293, 52.20357894897461, 58.24553298950195, -55.21883010864258, -9.051501274108887, 3.5452423095703125, -28.99590301513672, 13.474178314208984, -9.696799278259277, 12.63901424407959, 120.75141143798828]], "lowlevel.mfcc.icov": [[0.0004005113441962749, 0.0003060213348362595, 0.00015117811562959105, -9.518463048152626e-05, 0.00010067856783280149, -0.00018522824393585324, 0.00022221110702957958, -0.00029673142125830054, 9.395653614774346e-05, 3.890764855896123e-05, -0.0003346239682286978, -3.446899086156918e-07, 2.8670094252447598e-05], [0.0003060213348362595, 0.0012066311901435256, 0.0006819593836553395, -0.00016455417789984494, -0.0003751997137442231, 0.00017555082740727812, -0.0009626783430576324, 3.658403875306249e-05, 0.00013326051703188568, 0.0002572918892838061, -0.0005456676008179784, 0.0005286667146719992, -0.00023874347971286625], [0.00015117811562959105, 0.0006819593836553395, 0.0033222700003534555, -0.0012896429980173707, -0.000310629780869931, -0.002034238073974848, -0.0009119991445913911, 0.0004561365640256554, 0.0007668390171602368, 0.0005168321076780558, 0.0020836309995502234, -0.0017684886697679758, 0.000353458512108773], [-9.518463048152626e-05, -0.00016455417789984494, -0.0012896429980173707, 0.005588799249380827, -0.002701263874769211, 0.0003089981328230351, 0.00023726120707578957, 8.384494140045717e-05, -0.001781237544491887, 0.0007919290801510215, -0.00015511199308093637, 0.0008986096945591271, -0.0017302953638136387], [0.00010067856783280149, -0.0003751997137442231, -0.000310629780869931, -0.002701263874769211, 0.005792773794382811, -0.0010068085975944996, 0.0014891366008669138, 0.0010854104766622186, -6.323048000922427e-05, -0.0030345572158694267, 0.00047440335038118064, 0.0014885187847539783, -0.001563577214255929], [-0.00018522824393585324, 0.00017555082740727812, -0.002034238073974848, 0.0003089981328230351, -0.0010068085975944996, 0.009449074044823647, -0.004413511138409376, 0.0022076950408518314, -0.0045429402962327, 0.0024307924322783947, -0.0024907481856644154, -0.0006993486313149333, 0.0022756922990083694], [0.00022221110702957958, -0.0009626783430576324, -0.0009119991445913911, 0.00023726120707578957, 0.0014891366008669138, -0.004413511138409376, 0.01428242214024067, -0.008142552338540554, 0.0034654224291443825, -0.0021948714274913073, -0.0006606024107895792, -0.0032794433645904064, 0.00040790782077237964], [-0.00029673142125830054, 3.658403875306249e-05, 0.0004561365640256554, 8.384494140045717e-05, 0.0010854104766622186, 0.0022076950408518314, -0.008142552338540554, 0.01370606105774641, -0.0071174162440001965, 0.002315664663910866, -0.0026436103507876396, 0.004747994244098663, -0.003387785516679287], [9.395653614774346e-05, 0.00013326051703188568, 0.0007668390171602368, -0.001781237544491887, -6.323048000922427e-05, -0.0045429402962327, 0.0034654224291443825, -0.0071174162440001965, 0.012895273044705391, -0.005561172962188721, 0.0035844133235514164, -0.004440760239958763, 0.0037551522254943848], [3.890764855896123e-05, 0.0002572918892838061, 0.0005168321076780558, 0.0007919290801510215, -0.0030345572158694267, 0.0024307924322783947, -0.0021948714274913073, 0.002315664663910866, -0.005561172962188721, 0.017561862245202065, -0.011086540296673775, 0.004993512760847807, -0.002757180016487837], [-0.0003346239682286978, -0.0005456676008179784, 0.0020836309995502234, -0.00015511199308093637, 0.00047440335038118064, -0.0024907481856644154, -0.0006606024107895792, -0.0026436103507876396, 0.0035844133235514164, -0.011086540296673775, 0.020500101149082184, -0.010946854017674923, 0.004014414269477129], [-3.446899086156918e-07, 0.0005286667146719992, -0.0017684886697679758, 0.0008986096945591271, 0.0014885187847539783, -0.0006993486313149333, -0.0032794433645904064, 0.004747994244098663, -0.004440760239958763, 0.004993512760847807, -0.010946854017674923, 0.023358851671218872, -0.007318328600376844], [2.8670094252447598e-05, -0.00023874347971286625, 0.000353458512108773, -0.0017302953638136387, -0.001563577214255929, 0.0022756922990083694, 0.00040790782077237964, -0.003387785516679287, 0.0037551522254943848, -0.002757180016487837, 0.004014414269477129, -0.007318328600376844, 0.01345945056527853]], "metadata.audio_properties.analysis.downmix": "mix", "metadata.audio_properties.codec": "mp3", "metadata.audio_properties.md5_encoded": "c2a8adc58f4dab43738cfd893659ecec", "metadata.tags.file_name": "1183694832137404508.mp3", "metadata.version.essentia": "2.1-beta6-dev", "metadata.version.essentia_git_sha": "v2.1_beta5-1110-g77a6a954", "metadata.version.extractor": "music 2.0", "tonal.chords_key": "C#", "tonal.chords_scale": "minor", "tonal.key_edma.key": "A", "tonal.key_edma.scale": "minor", "tonal.key_krumhansl.key": "A", "tonal.key_krumhansl.scale": "minor", "tonal.key_temperley.key": "A", "tonal.key_temperley.scale": "minor", "metadata.tags.encoding": ["Lavf58.45.100"]}, "essentia_models": [{"model_name": "genre_dortmund", "activations": {"alternative": "0.003402034", "blues": "0.00014709913", "electronic": "0.00036630547", "folkcountry": "0.0001396253", "funksoulrnb": "0.00256682", "jazz": "5.4082648e-05", "pop": "0.0012805349", "raphiphop": "0.99670285", "rock": "0.038681567"}}, {"model_name": "genre_rosamerica", "activations": {"classic": "0.00017088291", "dance": "3.924515e-05", "hip hop": "0.9554054", "jazz": "3.829827e-05", "pop": "0.0047864476", "rhythm and blues": "0.017220631", "rock": "0.0016864549", "speech": "0.026421346"}}, {"model_name": "genre_tzanetakis", "