{"song_id": "1183649644950073445", "download": "https://cdn.discordapp.com/attachments/1135903449314238464/1183649644950073445/chirp.mp4?ex=65891aa2&amp", "lyrics": "He was a little man, Pirouette Peanut, He was a little man, Who had a funny house Who had a funny His house is made of cardboard, Pirouette Peanut, His house is made of cardboard, The stairs are made of paper The stairs are made of paper If you want to go up there, Pirouette Peanut, If you want to go up there You will break the tip of your nose You will break the tip of your nose The postman got in there, Pirouette Peanut, The postman got in there, He broke the tip of his nose He broke the tip of his nose", "style": ["drill"], "essentia_features": {"lowlevel.average_loudness": 0.946545422077179, "lowlevel.barkbands_crest.mean": 14.74284839630127, "lowlevel.barkbands_crest.stdev": 5.297824859619141, "lowlevel.barkbands_flatness_db.mean": 0.24711006879806519, "lowlevel.barkbands_flatness_db.stdev": 0.08710063248872757, "lowlevel.barkbands_kurtosis.mean": 25.823379516601562, "lowlevel.barkbands_kurtosis.stdev": 44.04346466064453, "lowlevel.barkbands_skewness.mean": 3.275956153869629, "lowlevel.barkbands_skewness.stdev": 3.0793206691741943, "lowlevel.barkbands_spread.mean": 16.047779083251953, "lowlevel.barkbands_spread.stdev": 14.128364562988281, "lowlevel.dissonance.mean": 0.44510477781295776, "lowlevel.dissonance.stdev": 0.04546831175684929, "lowlevel.dynamic_complexity": 3.915343999862671, "lowlevel.erbbands_crest.mean": 11.470357894897461, "lowlevel.erbbands_crest.stdev": 5.706671714782715, "lowlevel.erbbands_flatness_db.mean": 0.19477328658103943, "lowlevel.erbbands_flatness_db.stdev": 0.08321984857320786, "lowlevel.erbbands_kurtosis.mean": 1.5884859561920166, "lowlevel.erbbands_kurtosis.stdev": 3.2957708835601807, "lowlevel.erbbands_skewness.mean": 0.24774770438671112, "lowlevel.erbbands_skewness.stdev": 1.0393149852752686, "lowlevel.erbbands_spread.mean": 41.03682327270508, "lowlevel.erbbands_spread.stdev": 33.14649200439453, "lowlevel.hfc.mean": 26.183574676513672, "lowlevel.hfc.stdev": 24.835025787353516, "lowlevel.loudness_ebu128.integrated": -12.989253997802734, "lowlevel.loudness_ebu128.loudness_range": 2.4956207275390625, "lowlevel.loudness_ebu128.momentary.mean": -13.845797538757324, "lowlevel.loudness_ebu128.momentary.stdev": 3.094585657119751, "lowlevel.loudness_ebu128.short_term.mean": -13.157179832458496, "lowlevel.loudness_ebu128.short_term.stdev": 0.9909420013427734, "lowlevel.melbands_crest.mean": 24.167768478393555, "lowlevel.melbands_crest.stdev": 8.182464599609375, "lowlevel.melbands_flatness_db.mean": 0.30423644185066223, "lowlevel.melbands_flatness_db.stdev": 0.11711882054805756, "lowlevel.melbands_kurtosis.mean": 72.69426727294922, "lowlevel.melbands_kurtosis.stdev": 112.38368225097656, "lowlevel.melbands_skewness.mean": 5.461713790893555, "lowlevel.melbands_skewness.stdev": 4.78002405166626, "lowlevel.melbands_spread.mean": 17.388986587524414, "lowlevel.melbands_spread.stdev": 22.01546859741211, "lowlevel.pitch_salience.mean": 0.3775927722454071, "lowlevel.pitch_salience.stdev": 0.1608460545539856, "lowlevel.silence_rate_20dB.mean": 1.0, "lowlevel.silence_rate_20dB.stdev": 0.0, "lowlevel.silence_rate_30dB.mean": 0.8555956482887268, "lowlevel.silence_rate_30dB.stdev": 0.3515012562274933, "lowlevel.silence_rate_60dB.mean": 0.0998796597123146, "lowlevel.silence_rate_60dB.stdev": 0.29983943700790405, "lowlevel.spectral_centroid.mean": 1345.03759765625, "lowlevel.spectral_centroid.stdev": 800.2568969726562, "lowlevel.spectral_complexity.mean": 11.879663467407227, "lowlevel.spectral_complexity.stdev": 8.63659381866455, "lowlevel.spectral_decrease.mean": -1.5727989577385415e-08, "lowlevel.spectral_decrease.stdev": 1.0012803031145268e-08, "lowlevel.spectral_energy.mean": 0.06173594668507576, "lowlevel.spectral_energy.stdev": 0.03861123323440552, "lowlevel.spectral_energyband_high.mean": 0.0009709124569781125, "lowlevel.spectral_energyband_high.stdev": 0.0014726708177477121, "lowlevel.spectral_energyband_low.mean": 0.04461447149515152, "lowlevel.spectral_energyband_low.stdev": 0.03605339303612709, "lowlevel.spectral_energyband_middle_high.mean": 0.008707307279109955, "lowlevel.spectral_energyband_middle_high.stdev": 0.01267713401466608, "lowlevel.spectral_energyband_middle_low.mean": 0.006650610361248255, "lowlevel.spectral_energyband_middle_low.stdev": 0.009780828841030598, "lowlevel.spectral_entropy.mean": 7.440361022949219, "lowlevel.spectral_entropy.stdev": 0.6609060764312744, "lowlevel.spectral_flux.mean": 0.09953121840953827, "lowlevel.spectral_flux.stdev": 0.06384057551622391, "lowlevel.spectral_kurtosis.mean": 5.7038960456848145, "lowlevel.spectral_kurtosis.stdev": 7.4216156005859375, "lowlevel.spectral_rms.mean": 0.007142277434468269, "lowlevel.spectral_rms.stdev": 0.0030361420940607786, "lowlevel.spectral_rolloff.mean": 1104.3094482421875, "lowlevel.spectral_rolloff.stdev": 1795.9298095703125, "lowlevel.spectral_skewness.mean": 1.6476173400878906, "lowlevel.spectral_skewness.stdev": 0.8309175968170166, "lowlevel.spectral_spread.mean": 5024230.0, "lowlevel.spectral_spread.stdev": 2668271.75, "lowlevel.spectral_strongpeak.mean": 0.9395730495452881, "lowlevel.spectral_strongpeak.stdev": 1.6321150064468384, "lowlevel.zerocrossingrate.mean": 0.044853128492832184, "lowlevel.zerocrossingrate.stdev": 0.045538946986198425, "metadata.audio_properties.analysis.equal_loudness": 0.0, "metadata.audio_properties.analysis.length": 38.549320220947266, "metadata.audio_properties.analysis.sample_rate": 44100.0, "metadata.audio_properties.analysis.start_time": 0.0, "metadata.audio_properties.bit_rate": 124408.0, "metadata.audio_properties.length": 38.54933166503906, "metadata.audio_properties.lossless": 0.0, "metadata.audio_properties.number_channels": 1.0, "metadata.audio_properties.replay_gain": -12.807584762573242, "metadata.audio_properties.sample_rate": 48000.0, "rhythm.beats_count": 46.0, "rhythm.beats_loudness.mean": 0.06411722302436829, "rhythm.beats_loudness.stdev": 0.031913671642541885, "rhythm.bpm": 72.81461334228516, "rhythm.bpm_histogram_first_peak_bpm": 73.0, "rhythm.bpm_histogram_first_peak_weight": 0.19999998807907104, "rhythm.bpm_histogram_second_peak_bpm": 0.0, "rhythm.bpm_histogram_second_peak_spread": 0.0, "rhythm.bpm_histogram_second_peak_weight": 0.0, "rhythm.danceability": 1.0156010389328003, "rhythm.onset_rate": 5.470808029174805, "tonal.chords_changes_rate": 0.057692307978868484, "tonal.chords_number_rate": 0.009615384973585606, "tonal.chords_strength.mean": 0.562684953212738, "tonal.chords_strength.stdev": 0.10259886831045151, "tonal.hpcp_crest.mean": 15.058055877685547, "tonal.hpcp_crest.stdev": 6.697983741760254, "tonal.hpcp_entropy.mean": 1.7557604312896729, "tonal.hpcp_entropy.stdev": 0.7430160641670227, "tonal.key_edma.strength": 0.6648246049880981, "tonal.key_krumhansl.strength": 0.6594023704528809, "tonal.key_temperley.strength": 0.6368907690048218, "tonal.tuning_diatonic_strength": 0.5212514400482178, "tonal.tuning_equal_tempered_deviation": 0.21580250561237335, "tonal.tuning_frequency": 434.193115234375, "tonal.tuning_nontempered_energy_ratio": 0.9285426139831543, "lowlevel.barkbands.mean": [0.010045861825346947, 0.03312964737415314, 0.002395446179434657, 0.00039071941864676774, 0.0006932350806891918, 0.00022003187041264027, 0.0012980926549062133, 0.002324251225218177, 0.0013690560590475798, 0.000836574996355921, 0.0011134777450934052, 0.0014573902590200305, 0.0013398900628089905, 0.0018536937423050404, 0.0008189126383513212, 0.0005376352346502244, 0.0004907604306936264, 0.0001511613663751632, 0.00024640766787342727, 8.744868682697415e-05, 0.0001526507257949561, 0.0002724832738749683, 0.00020518827659543604, 0.00011719459143932909, 0.00010472691792529076, 8.334749145433307e-05, 7.22124923413503e-07], "lowlevel.barkbands.stdev": [0.011501491069793701, 0.030341431498527527, 0.003831133944913745, 0.0009774953359737992, 0.0020939877722412348, 0.0010497490875422955, 0.003602711483836174, 0.006151845678687096, 0.004617540631443262, 0.0025773884262889624, 0.0038765401113778353, 0.00542772701010108, 0.004592223092913628, 0.005477617494761944, 0.00280622486025095, 0.0015882864827290177, 0.0009214504389092326, 0.00035206941538490355, 0.00046914652921259403, 0.00021256550098769367, 0.00027312609017826617, 0.00047827110392972827, 0.0003922613977920264, 0.00023343747307080775, 0.00022395748237613589, 0.0002027072769124061, 4.044894012622535e-06], "lowlevel.erbbands.mean": [1.7237732410430908, 4.401798725128174, 3.8350181579589844, 1.6360836029052734, 1.26266610622406, 2.7376744747161865, 2.6889917850494385, 1.9582056999206543, 8.655385971069336, 43.42778396606445, 43.648719787597656, 29.865720748901367, 33.1560173034668, 25.161701202392578, 58.42793273925781, 57.90091323852539, 60.402889251708984, 81.8086166381836, 73.3189468383789, 35.801448822021484, 30.632572174072266, 26.177175521850586, 9.485465049743652, 11.229917526245117, 10.401819229125977, 4.098686695098877, 3.8015499114990234, 8.580291748046875, 10.619915008544922, 6.993481159210205, 5.262247085571289, 3.2156522274017334, 1.6005562543869019, 1.1405508518218994, 0.7228637337684631, 0.4354628026485443, 0.14886172115802765, 0.012684645131230354, 0.00028560287319123745, 8.24590606498532e-05], "lowlevel.erbbands.stdev": [1.6581859588623047, 4.890309810638428, 5.00813627243042, 2.97137713432312, 2.8344385623931885, 9.783709526062012, 9.813267707824707, 10.704301834106445, 33.04662322998047, 102.28938293457031, 126.22476196289062, 96.76553344726562, 95.8359375, 88.41841125488281, 202.71885681152344, 203.91799926757812, 204.94091796875, 228.78656005859375, 220.45355224609375, 108.40737915039062, 60.431488037109375, 47.23688507080078, 19.57228660583496, 23.251462936401367, 20.02173614501953, 9.379018783569336, 7.629616737365723, 13.965267181396484, 18.555456161499023, 13.826387405395508, 10.048286437988281, 6.451639175415039, 3.2188990116119385, 2.423940658569336, 1.6089822053909302, 1.0273096561431885, 0.38640323281288147, 0.03419521078467369, 0.0006765768630430102, 5.4746582463849336e-05], "lowlevel.gfcc.mean": [-44.77623748779297, 78.77225494384766, -123.22403717041016, 23.317323684692383, -56.02332305908203, 33.40782928466797, -21.62787628173828, 15.630870819091797, 0.9134730696678162, 9.588814735412598, -12.90261173248291, -0.39136070013046265, -11.340697288513184], "lowlevel.melbands.mean": [0.012368069030344486, 0.0030027444008737803, 0.00027838500682264566, 0.00013469021359924227, 0.00010976838530041277, 4.410954352351837e-05, 0.0001647827448323369, 0.0005090635968372226, 0.0003260508237872273, 0.00018730304145719856, 0.00016408554802183062, 9.341641998616979e-05, 0.0001740791485644877, 0.00017984173609875143, 0.00012990030518267304, 0.00013195720384828746, 0.0001608565798960626, 0.000140852527692914, 4.973301838617772e-05, 4.181143958703615e-05, 3.4909196983790025e-05, 3.210668364772573e-05, 1.0771020242827944e-05, 6.858259439468384e-06, 9.247050911653787e-06, 9.498431609245017e-06, 4.6872978600731585e-06, 2.210800857938011e-06, 1.94503809325397e-06, 3.2372536225011572e-06, 5.774519195256289e-06, 6.679187208646908e-06, 4.217021796648623e-06, 3.995574388682144e-06, 3.193175871274434e-06, 2.5090171220654156e-06, 1.761279577294772e-06, 1.1429591495470959e-06, 9.30466001136665e-07, 9.738237167766783e-07], "lowlevel.melbands.stdev": [0.010984998196363449, 0.0032023880630731583, 0.00047581069520674646, 0.0003871439548674971, 0.00039148033829405904, 0.00025260617258027196, 0.0005332153523340821, 0.0011802517110481858, 0.0010011238045990467, 0.000634784868452698, 0.0004827053926419467, 0.0003552504349499941, 0.000597838603425771, 0.0006979609606787562, 0.00045802773092873394, 0.0004807821533177048, 0.0004993278416804969, 0.00044391039409674704, 0.00015515820996370167, 0.0001558805233798921, 6.451633817050606e-05, 6.169347034301609e-05, 2.2509982954943553e-05, 1.617686211830005e-05, 2.0655885236919858e-05, 1.898090704344213e-05, 1.0885395568038803e-05, 5.62325431019417e-06, 4.20545711676823e-06, 6.4654027482902166e-06, 9.59656335908221e-06, 1.1402356904000044e-05, 9.131277693086304e-06, 8.182229066733271e-06, 6.411220056179445e-06, 5.050387699157e-06, 3.662935796455713e-06, 2.3927120764710708e-06, 1.9481901745166397e-06, 2.1397338514361763e-06], "lowlevel.melbands128.mean": [0.008855035528540611, 0.017264794558286667, 0.01245960220694542, 0.005775113590061665, 0.00250385538674891, 0.0009028859785757959, 0.0002994938986375928, 0.00017278833547607064, 0.00010636235674610361, 0.00011506718146847561, 0.00016676967788953334, 0.00016812048852443695, 9.466629126109183e-05, 3.85912717320025e-05, 3.277103678556159e-05, 4.653818177757785e-05, 7.979106158018112e-05, 0.00012542212789412588, 0.00032292833202518523, 0.0005686617805622518, 0.0005779626662842929, 0.00045432947808876634, 0.0002862321271095425, 0.0002086159511236474, 0.00016176060307770967, 0.00019616121426224709, 0.00021049972565378994, 0.00017095173825509846, 0.0001190755792777054, 7.700023707002401e-05, 8.405082189710811e-05, 0.00011816381447715685, 0.00017250500968657434, 0.00023194261302705854, 0.0001929869467858225, 0.0001729961222736165, 0.0001397446758346632, 0.00012494863767642528, 0.00012039754801662639, 0.0001411314879078418, 0.0001359603920718655, 0.00012009641795884818, 0.00011870259913848713, 0.00022763984452467412, 0.00019314733799546957, 0.00013655480870511383, 6.010035576764494e-05, 4.0893530240282416e-05, 5.079279071651399e-05, 4.8289632104570046e-05, 4.036444806843065e-05, 3.350786937517114e-05, 3.693122198455967e-05, 2.9161474230932072e-05, 4.5065837184665725e-05, 3.752786506083794e-05, 1.723070818115957e-05, 1.223001800099155e-05, 8.825192708172835e-06, 6.599917014682433e-06, 7.120539521565661e-06, 6.066263267712202e-06, 8.343243280251045e-06, 1.0623871276038699e-05, 9.987551493395586e-06, 1.1047323823731858e-05, 8.036082363105379e-06, 5.960304861218901e-06, 3.938738700526301e-06, 2.9246955364214955e-06, 2.0281036086089443e-06, 1.9779845388256945e-06, 1.9141727989335777e-06, 1.8081182133755647e-06, 2.0551817669911543e-06, 3.0603569030063227e-06, 3.83429869543761e-06, 4.018535946670454e-06, 6.380589638865786e-06, 6.89672651787987e-06, 7.439269666065229e-06, 6.718569238728378e-06, 4.754191195388557e-06, 4.265302322892239e-06, 3.3198057280969806e-06, 3.296686600151588e-06, 4.382594852359034e-06, 5.143130238138838e-06, 2.4002724785532337e-06, 2.5500689844193403e-06, 2.9253494631120702e-06, 2.4399614630965516e-06, 2.0055465483892476e-06, 1.8616419765749015e-06, 1.5300680615837337e-06, 1.2527729040812119e-06, 1.0794938134495169e-06, 9.477764137955091e-07, 8.628910563857062e-07, 9.762613899511052e-07, 9.823168056755094e-07, 1.0345876262363163e-06, 8.798812700661074e-07, 7.852197541069472e-07, 6.876783231746231e-07, 8.572471870138543e-07, 9.888196927931858e-07, 7.460548090421071e-07, 7.493507609979133e-07, 7.28873430944077e-07, 7.034293503238587e-07, 5.632180659631558e-07, 5.151385380486317e-07, 3.315376204682252e-07, 2.034372812431684e-07, 1.2285549644275306e-07, 3.1359764562921555e-08, 3.263664616337536e-10, 1.615737058036082e-11, 1.5030029304474724e-11, 1.3233930444556119e-11, 1.1461744747753855e-11, 1.016331463432607e-11, 9.985486396080212e-12, 9.810841375412771e-12, 9.641990331155093e-12, 9.532550963864406e-12, 9.476136889063902e-12], "lowlevel.melbands128.stdev": [0.010014557279646397, 0.01705673150718212, 0.013790920376777649, 0.006988109555095434, 0.0033928847406059504, 0.0015251734293997288, 0.0006456337287090719, 0.00042614509584382176, 0.0002953024522867054, 0.0004054437449667603, 0.0006847206968814135, 0.0007099254871718585, 0.0004006561648566276, 0.00016528020205441862, 0.00022784889733884484, 0.00040385156171396375, 0.0007013574941083789, 0.0005911203916184604, 0.0010358343133702874, 0.0016017876332625747, 0.0017642398597672582, 0.0016100482316687703, 0.0014232277171686292, 0.0011052351910620928, 0.0008061364642344415, 0.0010017367312684655, 0.000896541285328567, 0.0006805458688177168, 0.000428466300945729, 0.0003873069945257157, 0.0005900064716115594, 0.00047696512774564326, 0.0007849682588130236, 0.0011493096826598048, 0.0010899360058829188, 0.00105626683216542, 0.0007437526946887374, 0.0006567505770362914, 0.0006559190223924816, 0.0007448893738910556, 0.000654416682664305, 0.0005793702439405024, 0.0005799155333079398, 0.0010035056620836258, 0.0007606546860188246, 0.0006993927527219057, 0.000285260786768049, 0.00020523654529824853, 0.0002337526821065694, 0.00019740371499210596, 0.0002736362221185118, 9.734262130223215e-05, 0.00010373457189416513, 6.909217336215079e-05, 0.00011866411659866571, 9.646818944020197e-05, 4.5102286094333977e-05, 3.287482468294911e-05, 2.861281973309815e-05, 1.8249977074447088e-05, 2.0434945326996967e-05, 1.5962234101607464e-05, 2.5941913918359205e-05, 3.2179006666410714e-05, 2.4849499823176302e-05, 2.8172811653348617e-05, 1.9418603187659755e-05, 1.6897763998713344e-05, 1.1396011359465774e-05, 9.340168617200106e-06, 6.158597898320295e-06, 4.857140538661042e-06, 5.070172846899368e-06, 4.287942829250824e-06, 4.96906341140857e-06, 7.412879767798586e-06, 8.273788807855453e-06, 7.83089217293309e-06, 1.311943560722284e-05, 1.1761297173507046e-05, 1.3696727364731487e-05, 1.3885418411518913e-05, 9.875304385786876e-06, 1.1240856110816821e-05, 7.736148290860001e-06, 8.167940904968418e-06, 9.591423804522492e-06, 1.2795239854312968e-05, 5.019196578359697e-06, 5.336823051038664e-06, 6.7409328039502725e-06, 5.142943791724974e-06, 4.996096777176717e-06, 4.268608790880535e-06, 3.1224731174006592e-06, 2.7805519948742585e-06, 2.5678448309918167e-06, 2.309287765456247e-06, 1.8956161511596292e-06, 2.296359298270545e-06, 2.3264274204848334e-06, 2.356820232307655e-06, 2.1812229533679783e-06, 1.7940316183739924e-06, 1.725333049762412e-06, 2.214867208749638e-06, 2.506694954718114e-06, 1.7079390772778424e-06, 2.0346608380350517e-06, 1.8826649466063827e-06, 1.8561372598924208e-06, 1.591638351783331e-06, 1.5235323189699557e-06, 9.2689305120075e-07, 5.614643328044622e-07, 3.924762665974413e-07, 1.5133458930449706e-07, 2.8254587558507183e-09, 1.3571636869880166e-10, 1.2099352075800596e-10, 6.737542468382429e-11, 3.6896253413631896e-11, 1.3685240440874935e-11, 1.3446075849965489e-11, 1.3245536611972142e-11, 1.3084424169140796e-11, 1.296836596442752e-11, 1.2896947398921554e-11], "lowlevel.mfcc.mean": [-687.5728759765625, 111.15479278564453, -3.8721325397491455, 3.129971504211426, -0.693981409072876, 19.558757781982422, -5.514863014221191, 15.286957740783691, 11.968934059143066, 12.4293794631958, 14.32942008972168, 7.514715194702148, 5.843246936798096], "lowlevel.spectral_contrast_coeffs.mean": [-0.6848991513252258, -0.7109255194664001, -0.7486098408699036, -0.7771809697151184, -0.7793228626251221, -0.728935956954956], "lowlevel.spectral_contrast_coeffs.stdev": [0.0981585681438446, 0.10057597607374191, 0.0950632318854332, 0.08049436658620834, 0.07004414498806, 0.05717851221561432], "lowlevel.spectral_contrast_valleys.mean": [-7.895003795623779, -7.4133219718933105, -7.805251598358154, -7.878554344177246, -8.387048721313477, -10.747008323669434], "lowlevel.spectral_contrast_valleys.stdev": [1.6897425651550293, 0.6425513625144958, 0.7530678510665894, 0.930395781993866, 1.1368122100830078, 1.5951879024505615], "rhythm.beats_loudness_band_ratio.mean": [0.5860962867736816, 0.007442095782607794, 0.14392702281475067, 0.144627645611763, 0.06795511394739151, 0.05520044267177582], "rhythm.beats_loudness_band_ratio.stdev": [0.3829338848590851, 0.015393915586173534, 0.200145423412323, 0.20688696205615997, 0.14584919810295105, 0.12435580044984818], "tonal.hpcp.mean": [0.08943211287260056, 0.0648132711648941, 0.045527830719947815, 0.040612634271383286, 0.05293194204568863, 0.06340929865837097, 0.1370861530303955, 0.1697065830230713, 0.09599213302135468, 0.080938421189785, 0.09432438760995865, 0.14537063241004944, 0.23778778314590454, 0.19518469274044037, 0.0829080194234848, 0.05059950053691864, 0.045030709356069565, 0.044572725892066956, 0.09428881108760834, 0.11203313618898392, 0.06087374687194824, 0.06931588798761368, 0.09268024563789368, 0.07539449632167816, 0.062271006405353546, 0.048130396753549576, 0.04184919223189354, 0.044423386454582214, 0.03878575190901756, 0.04123133793473244, 0.052129097282886505, 0.04987597465515137, 0.050018057227134705, 0.09627258777618408, 0.18992291390895844, 0.1719551831483841], "tonal.hpcp.stdev": [0.20321139693260193, 0.18959400057792664, 0.15518249571323395, 0.14659227430820465, 0.17581896483898163, 0.18903839588165283, 0.2630881369113922, 0.32538121938705444, 0.21384501457214355, 0.21681615710258484, 0.24091370403766632, 0.26864728331565857, 0.3790958523750305, 0.3241996169090271, 0.2096342146396637, 0.16007167100906372, 0.14250731468200684, 0.13705940544605255, 0.2242148220539093, 0.27197757363319397, 0.16826090216636658, 0.18251362442970276, 0.2336883842945099, 0.18890345096588135, 0.19121283292770386, 0.14791685342788696, 0.1402260959148407, 0.14539103209972382, 0.13514675199985504, 0.139845609664917, 0.16601639986038208, 0.14229099452495575, 0.14586837589740753, 0.19571277499198914, 0.3003060817718506, 0.28929784893989563], "rhythm.beats_position": [0.847528338432312, 1.7066665887832642, 2.5774149894714355, 3.4133331775665283, 4.249251842498779, 5.085169792175293, 5.921088218688965, 6.733786582946777, 7.5580949783325195, 8.382403373718262, 9.218321800231934, 10.042630195617676, 10.866938591003418, 11.70285701751709, 12.527165412902832, 13.351473808288574, 14.164172172546387, 15.000090599060059, 15.8243989944458, 16.648706436157227, 17.4846248626709, 18.30893325805664, 19.133241653442383, 19.957550048828125, 20.781858444213867, 21.60616683959961, 22.43047523498535, 23.266393661499023, 24.090702056884766, 24.915010452270508, 25.73931884765625, 26.563627243041992, 27.399545669555664, 28.212244033813477, 29.03655242919922, 29.86086082458496, 30.696779251098633, 31.532697677612305, 32.34539794921875, 33.146484375, 33.947574615478516, 34.725440979003906, 35.51491928100586, 36.30439758300781, 37.10548782348633, 37.89496612548828], "rhythm.bpm_histogram": [0.0, 0.0, 0.0, 0.0, 0.0, 0.0, 0.0, 0.0, 0.0, 0.0, 0.0, 0.0, 0.0, 0.0, 0.0, 0.0, 0.0, 0.0, 0.0, 0.0, 0.0, 0.0, 0.0, 0.0, 0.0, 0.0, 0.0, 0.0, 0.0, 0.0, 0.0, 0.0, 0.0, 0.0, 0.0, 0.0, 0.0, 0.0, 0.0, 0.0, 0.0, 0.0, 0.0, 0.0, 0.0, 0.0, 0.0, 0.0, 0.0, 0.0, 0.0, 0.0, 0.0, 0.0, 0.0, 0.0, 0.0, 0.0, 0.0, 0.0, 0.0, 0.0, 0.0, 0.0, 0.0, 0.0, 0.0, 0.0, 0.0, 0.02222222276031971, 0.02222222276031971, 0.0, 0.2666666805744171, 0.4444444477558136, 0.08888889104127884, 0.06666667014360428, 0.06666667014360428, 0.02222222276031971, 0.0, 0.0, 0.0, 0.0, 0.0, 0.0, 0.0, 0.0, 0.0, 0.0, 0.0, 0.0, 0.0, 0.0, 0.0, 0.0, 0.0, 0.0, 0.0, 0.0, 0.0, 0.0, 0.0, 0.0, 0.0, 0.0, 0.0, 0.0, 0.0, 0.0, 0.0, 0.0, 0.0, 0.0, 0.0, 0.0, 0.0, 0.0, 0.0, 0.0, 0.0, 0.0, 0.0, 0.0, 0.0, 0.0, 0.0, 0.0, 0.0, 0.0, 0.0, 0.0, 0.0, 0.0, 0.0, 0.0, 0.0, 0.0, 0.0, 0.0, 0.0, 0.0, 0.0, 0.0, 0.0, 0.0, 0.0, 0.0, 0.0, 0.0, 0.0, 0.0, 0.0, 0.0, 0.0, 0.0, 0.0, 0.0, 0.0, 0.0, 0.0, 0.0, 0.0, 0.0, 0.0, 0.0, 0.0, 0.0, 0.0, 0.0, 0.0, 0.0, 0.0, 0.0, 0.0, 0.0, 0.0, 0.0, 0.0, 0.0, 0.0, 0.0, 0.0, 0.0, 0.0, 0.0, 0.0, 0.0, 0.0, 0.0, 0.0, 0.0, 0.0, 0.0, 0.0, 0.0, 0.0, 0.0, 0.0, 0.0, 0.0, 0.0, 0.0, 0.0, 0.0, 0.0, 0.0, 0.0, 0.0, 0.0, 0.0, 0.0, 0.0, 0.0, 0.0, 0.0, 0.0, 0.0, 0.0, 0.0, 0.0, 0.0, 0.0, 0.0, 0.0, 0.0, 0.0, 0.0, 0.0, 0.0, 0.0, 0.0, 0.0, 0.0, 0.0, 0.0, 0.0, 0.0, 0.0, 0.0, 0.0, 0.0, 0.0, 0.0, 0.0, 0.0, 0.0, 0.0, 0.0, 0.0, 0.0, 0.0], "tonal.chords_histogram": [53.00480651855469, 22.235576629638672, 9.375, 0.0, 0.0, 0.0, 0.0, 1.201923131942749, 0.24038460850715637, 6.61057710647583, 0.0, 0.0, 0.0, 0.0, 0.0, 0.0, 1.923076868057251, 0.0, 2.163461446762085, 0.0, 0.0, 0.0, 0.36057692766189575, 2.884615421295166], "tonal.thpcp": [1.0, 0.8208356499671936, 0.34866392612457275, 0.21279267966747284, 0.18937352299690247, 0.18744750320911407, 0.3965250551700592, 0.4711475670337677, 0.2560003101825714, 0.2915031611919403, 0.3897603452205658, 0.3170663118362427, 0.2618764042854309, 0.2024090439081192, 0.175993874669075, 0.18681946396827698, 0.16311077773571014, 0.1733955293893814, 0.21922530233860016, 0.2097499519586563, 0.21034745872020721, 0.40486767888069153, 0.7987076044082642, 0.723145604133606, 0.3761005401611328, 0.2725677192211151, 0.1914641261100769, 0.17079360783100128, 0.22260160744190216, 0.26666340231895447, 0.5765063166618347, 0.7136892676353455, 0.4036882519721985, 0.3403809070587158, 0.39667466282844543, 0.6113460659980774], "lowlevel.gfcc.cov": [[10083.3681640625, -2261.143798828125, 1018.3172607421875, 1925.629150390625, 744.34521484375, 1397.5877685546875, -60.085601806640625, 881.4570922851562, -374.3218994140625, 498.4084167480469, -247.64031982421875, 666.0106811523438, -278.7538757324219], [-2261.143798828125, 3216.686279296875, 423.3729248046875, 167.48731994628906, 1097.1383056640625, -42.37128448486328, 794.5386352539062, -82.10673522949219, 625.9955444335938, -258.0582580566406, 390.4194641113281, -273.84716796875, 277.61773681640625], [1018.3172607421875, 423.3729248046875, 3468.615478515625, 1373.7200927734375, 1218.2672119140625, 1035.0335693359375, 786.7261962890625, 591.0460815429688, 108.53739929199219, 432.18328857421875, -110.172119140625, 278.40875244140625, -117.58820343017578], [1925.629150390625, 167.48731994628906, 1373.7200927734375, 1354.8470458984375, 851.8600463867188, 703.5278930664062, 372.9327087402344, 368.08721923828125, 97.85311126708984, 161.8674774169922, 7.160989761352539, 124.06578063964844, 27.88027000427246], [744.34521484375, 1097.1383056640625, 1218.2672119140625, 851.8600463867188, 1422.3887939453125, 587.82177734375, 635.8645629882812, 384.76318359375, 310.305419921875, 184.39907836914062, 96.2256851196289, 27.02310562133789, 31.944766998291016], [1397.5877685546875, -42.37128448486328, 1035.0335693359375, 703.5278930664062, 587.82177734375, 715.9092407226562, 418.32135009765625, 321.8506164550781, 50.2274055480957, 204.28933715820312, -20.38802719116211, 116.60734558105469, -55.00014114379883], [-60.085601806640625, 794.5386352539062, 786.7261962890625, 372.9327087402344, 635.8645629882812, 418.32135009765625, 812.3837280273438, 308.152099609375, 216.7781524658203, 81.02701568603516, 110.77862548828125, 39.081050872802734, 3.311114549636841], [881.4570922851562, -82.10673522949219, 591.0460815429688, 368.08721923828125, 384.76318359375, 321.8506164550781, 308.152099609375, 402.150146484375, 81.72850799560547, 149.9903106689453, -16.030874252319336, 115.00497436523438, -51.761844635009766], [-374.3218994140625, 625.9955444335938, 108.53739929199219, 97.85311126708984, 310.305419921875, 50.2274055480957, 216.7781524658203, 81.72850799560547, 315.91229248046875, 42.3832893371582, 100.80638885498047, -82.5013198852539, 50.1621208190918], [498.4084167480469, -258.0582580566406, 432.18328857421875, 161.8674774169922, 184.39907836914062, 204.28933715820312, 81.02701568603516, 149.9903106689453, 42.3832893371582, 283.6515197753906, -12.056827545166016, 38.878902435302734, -84.69448852539062], [-247.64031982421875, 390.4194641113281, -110.172119140625, 7.160989761352539, 96.2256851196289, -20.38802719116211, 110.77862548828125, -16.030874252319336, 100.80638885498047, -12.056827545166016, 156.94761657714844, -35.03208541870117, 36.33515548706055], [666.0106811523438, -273.84716796875, 278.40875244140625, 124.06578063964844, 27.02310562133789, 116.60734558105469, 39.081050872802734, 115.00497436523438, -82.5013198852539, 38.878902435302734, -35.03208541870117, 187.12025451660156, -28.78052520751953], [-278.7538757324219, 277.61773681640625, -117.58820343017578, 27.88027000427246, 31.944766998291016, -55.00014114379883, 3.311114549636841, -51.761844635009766, 50.1621208190918, -84.69448852539062, 36.33515548706055, -28.78052520751953, 121.26829528808594]], "lowlevel.gfcc.icov": [[0.0003219504142180085, -7.599132368341088e-05, 0.0003222105442546308, -0.0004551315796561539, 9.005919423543673e-07, -0.000507109216414392, 0.0003629556449595839, -0.00031490722903981805, 0.0001576548966113478, -0.00019318555132485926, 0.00017948102322407067, -0.0007782245520502329, 0.0005179240251891315], [-7.599132368341088e-05, 0.00204952503554523, -0.0006594397127628326, 0.0006289492012001574, -0.0013961942167952657, 0.0009819876868277788, -0.0011540716513991356, 0.0014348998665809631, -0.001642502029426396, 0.002067885361611843, -0.002034483477473259, 0.001062338356859982, -0.0012081662425771356], [0.0003222105442546308, -0.0006594397127628326, 0.0012638391926884651, -0.0010973095195367932, 0.00020893890177831054, -0.0007858062745071948, 0.00014315551379695535, -0.0002899061655625701, 0.0005401758826337755, -0.0013721651630476117, 0.0016440039034932852, -0.0016533283051103354, 0.0011222342727705836], [-0.0004551315796561539, 0.0006289492012001574, -0.0010973095195367932, 0.003130595898255706, -0.0009060041047632694, -0.0008009948069229722, 0.0002579636638984084, -0.00011793329031206667, -0.0003713217447511852, 0.001461908221244812, -0.001676746062003076, 0.0015960624441504478, -0.0023959996178746223], [9.005919423543673e-07, -0.0013961942167952657, 0.00020893890177831054, -0.0009060041047632694, 0.0027832314372062683, -0.0008492008782923222, 0.00026375631568953395, -0.0012920120498165488, 0.0002705650986172259, -0.0015152639243751764, 0.0011058312375098467, -0.00018996300059370697, 0.000385650695534423], [-0.000507109216414392, 0.0009819876868277788, -0.0007858062745071948, -0.0008009948069229722, -0.0008492008782923222, 0.006104115396738052, -0.002696209354326129, 0.0009806451853364706, -0.00011548912152647972, -0.0004432824207469821, -2.5542572984704748e-05, 0.001183988293632865, -0.0004803378542419523], [0.0003629556449595839, -0.0011540716513991356, 0.00014315551379695535, 0.0002579636638984084, 0.00026375631568953395, -0.002696209354326129, 0.00443292036652565, -0.002788868034258485, 0.00032140358234755695, 0.00028887856751680374, -0.0010326484916731715, -0.0008734592702239752, 0.0011229806113988161], [-0.00031490722903981805, 0.0014348998665809631, -0.0002899061655625701, -0.00011793329031206667, -0.0012920120498165488, 0.0009806451853364706, -0.002788868034258485, 0.007840397767722607, -0.0029294106643646955, 4.2650270188460127e-05, 0.0007470092386938632, -0.002016587881371379, 0.000484183372464031], [0.0001576548966113478, -0.001642502029426396, 0.0005401758826337755, -0.0003713217447511852, 0.0002705650986172259, -0.00011548912152647972, 0.00032140358234755695, -0.0029294106643646955, 0.008237754926085472, -0.0030027045868337154, -0.000684593163896352, 0.002149988664314151, -0.0014403491513803601], [-0.00019318555132485926, 0.002067885361611843, -0.0013721651630476117, 0.001461908221244812, -0.0015152639243751764, -0.0004432824207469821, 0.00028887856751680374, 4.2650270188460127e-05, -0.0030027045868337154, 0.008946900255978107, -0.0033272455912083387, 0.0017371426802128553, 0.002263581147417426], [0.00017948102322407067, -0.002034483477473259, 0.0016440039034932852, -0.001676746062003076, 0.0011058312375098467, -2.5542572984704748e-05, -0.0010326484916731715, 0.0007470092386938632, -0.000684593163896352, -0.0033272455912083387, 0.012534276582300663, -0.002493099542334676, 0.0007059754570946097], [-0.0007782245520502329, 0.001062338356859982, -0.0016533283051103354, 0.0015960624441504478, -0.00018996300059370697, 0.001183988293632865, -0.0008734592702239752, -0.002016587881371379, 0.002149988664314151, 0.0017371426802128553, -0.002493099542334676, 0.011495847254991531, -0.002641645958647132], [0.0005179240251891315, -0.0012081662425771356, 0.0011222342727705836, -0.0023959996178746223, 0.000385650695534423, -0.0004803378542419523, 0.0011229806113988161, 0.000484183372464031, -0.0014403491513803601, 0.002263581147417426, 0.0007059754570946097, -0.002641645958647132, 0.015036364085972309]], "lowlevel.mfcc.cov": [[9808.8935546875, -2840.362060546875, 123.30270385742188, 639.2534790039062, 893.6063232421875, 588.7479248046875, 449.8348388671875, 600.64013671875, 47.3315315246582, 16.54593276977539, 132.24752807617188, 43.94931411743164, -5.109591484069824], [-2840.362060546875, 2956.56689453125, -31.42626190185547, 427.26318359375, 310.5620422363281, 271.2069396972656, 284.5169677734375, 273.6325378417969, 303.4620666503906, 249.4495391845703, 190.92282104492188, 173.4648895263672, 139.0416259765625], [123.30270385742188, -31.42626190185547, 2124.001953125, 762.2167358398438, 569.0324096679688, 665.3735961914062, 608.6988525390625, 378.02569580078125, 395.9980163574219, 211.78079223632812, 134.267333984375, 183.15463256835938, 223.51034545898438], [639.2534790039062, 427.26318359375, 762.2167358398438, 918.3656005859375, 682.8755493164062, 504.5688171386719, 497.42437744140625, 392.4180908203125, 356.6349792480469, 237.72982788085938, 147.77532958984375, 158.7159881591797, 148.09022521972656], [893.6063232421875, 310.5620422363281, 569.0324096679688, 682.8755493164062, 923.484130859375, 500.9363098144531, 383.4657287597656, 276.1305236816406, 295.36456298828125, 254.7360076904297, 138.60162353515625, 109.08649444580078, 115.4476089477539], [588.7479248046875, 271.2069396972656, 665.3735961914062, 504.5688171386719, 500.9363098144531, 632.5413208007812, 473.780517578125, 297.3105773925781, 288.09881591796875, 219.50486755371094, 173.1132049560547, 149.8719482421875, 111.0680160522461], [449.8348388671875, 284.5169677734375, 608.6988525390625, 497.42437744140625, 383.4657287597656, 473.780517578125, 642.4522094726562, 394.9612121582031, 321.5118408203125, 210.02285766601562, 192.52296447753906, 177.77223205566406, 137.3303985595703], [600.64013671875, 273.6325378417969, 378.02569580078125, 392.4180908203125, 276.1305236816406, 297.3105773925781, 394.9612121582031, 492.2554931640625, 275.9471740722656, 118.93961334228516, 127.12561798095703, 116.81202697753906, 118.13146209716797], [47.3315315246582, 303.4620666503906, 395.9980163574219, 356.6349792480469, 295.36456298828125, 288.09881591796875, 321.5118408203125, 275.9471740722656, 352.42742919921875, 211.0060272216797, 140.92579650878906, 120.83757019042969, 112.53221130371094], [16.54593276977539, 249.4495391845703, 211.78079223632812, 237.72982788085938, 254.7360076904297, 219.50486755371094, 210.02285766601562, 118.93961334228516, 211.0060272216797, 305.218994140625, 169.75411987304688, 98.5899429321289, 66.02904510498047], [132.24752807617188, 190.92282104492188, 134.267333984375, 147.77532958984375, 138.60162353515625, 173.1132049560547, 192.52296447753906, 127.12561798095703, 140.92579650878906, 169.75411987304688, 211.9740753173828, 119.08509826660156, 68.75342559814453], [43.94931411743164, 173.4648895263672, 183.15463256835938, 158.7159881591797, 109.08649444580078, 149.8719482421875, 177.77223205566406, 116.81202697753906, 120.83757019042969, 98.5899429321289, 119.08509826660156, 174.74847412109375, 101.10714721679688], [-5.109591484069824, 139.0416259765625, 223.51034545898438, 148.09022521972656, 115.4476089477539, 111.0680160522461, 137.3303985595703, 118.13146209716797, 112.53221130371094, 66.02904510498047, 68.75342559814453, 101.10714721679688, 148.4820098876953]], "lowlevel.mfcc.icov": [[0.00027379547827877104, 0.00034207076532766223, 0.00018384803843218833, -0.00014567728794645518, -0.00024491315707564354, -0.0002521269198041409, 9.387452155351639e-05, -0.0005122098955325782, 0.0003690349403768778, 7.03059631632641e-05, -0.00020172556105535477, -5.478421371662989e-05, 7.711607031524181e-05], [0.00034207076532766223, 0.0008338222978636622, 0.0003683079848997295, -0.00036649408866651356, -0.00024445823510177433, -0.0003935007262043655, 0.00018542262841947377, -0.0006649228744208813, 0.00027228635735809803, -1.1748845281545073e-05, -0.00028540220228023827, -0.00016681758279446512, -7.138507498893887e-05], [0.00018384803843218833, 0.0003683079848997295, 0.001021712669171393, -0.000562814821023494, 4.044331217301078e-05, -0.0008140255813486874, -0.00016592512838542461, -7.030941924313083e-05, -7.907632243586704e-05, 0.00016243151912931353, 0.00019320387218613178, 0.0001866703969426453, -0.0007572296308353543], [-0.00014567728794645518, -0.00036649408866651356, -0.000562814821023494, 0.003854987444356084, -0.0017021363601088524, 0.00019368439097888768, -0.000697476149071008, -0.0005738481413573027, -0.0006736035575158894, -0.0002132528752554208, 0.0009801200358197093, -0.0007779570878483355, 0.0003020270960405469], [-0.00024491315707564354, -0.00024445823510177433, 4.044331217301078e-05, -0.0017021363601088524, 0.0032430351711809635, -0.0012425719760358334, 0.0004084872780367732, 0.0006259551737457514, -0.00028848391957581043, -0.000972652283962816, 0.00036165592609904706, 0.000974048743955791, -0.0007901695207692683], [-0.0002521269198041409, -0.0003935007262043655, -0.0008140255813486874, 0.00019368439097888768, -0.0012425719760358334, 0.0055304234847426414, -0.0022439956665039062, 0.0005569117492996156, -0.0005548782646656036, -0.00018216574972029775, -0.0005597081035375595, -0.0006817689863964915, 0.0010785642080008984], [9.387452155351639e-05, 0.00018542262841947377, -0.00016592512838542461, -0.000697476149071008, 0.0004084872780367732, -0.0022439956665039062, 0.005729534663259983, -0.002239915309473872, -0.000515072897542268, -9.812606731429696e-05, -0.0009408933110535145, -0.0011772444704547524, 0.0002901022380683571], [-0.0005122098955325782, -0.0006649228744208813, -7.030941924313083e-05, -0.0005738481413573027, 0.0006259551737457514, 0.0005569117492996156, -0.002239915309473872, 0.0063299923203885555, -0.003412163583561778, 0.0018955727573484182, -0.0006976888980716467, 0.00103647296782583, -0.0012241400545462966], [0.0003690349403768778, 0.00027228635735809803, -7.907632243586704e-05, -0.0006736035575158894, -0.00028848391957581043, -0.0005548782646656036, -0.000515072897542268, -0.003412163583561778, 0.009966811165213585, -0.004096643999218941, 0.0004805474018212408, -0.0003370685735717416, -0.0013458942994475365], [7.03059631632641e-05, -1.1748845281545073e-05, 0.00016243151912931353, -0.0002132528752554208, -0.000972652283962816, -0.00018216574972029775, -9.812606731429696e-05, 0.0018955727573484182, -0.004096643999218941, 0.009081920608878136, -0.005339521449059248, 0.0006358354003168643, 0.0005623386241495609], [-0.00020172556105535477, -0.00028540220228023827, 0.00019320387218613178, 0.0009801200358197093, 0.00036165592609904706, -0.0005597081035375595, -0.0009408933110535145, -0.0006976888980716467, 0.0004805474018212408, -0.005339521449059248, 0.012513847090303898, -0.005049215629696846, 0.00020875768677797168], [-5.478421371662989e-05, -0.00016681758279446512, 0.0001866703969426453, -0.0007779570878483355, 0.000974048743955791, -0.0006817689863964915, -0.0011772444704547524, 0.00103647296782583, -0.0003370685735717416, 0.0006358354003168643, -0.005049215629696846, 0.014004773460328579, -0.00655959639698267], [7.711607031524181e-05, -7.138507498893887e-05, -0.0007572296308353543, 0.0003020270960405469, -0.0007901695207692683, 0.0010785642080008984, 0.0002901022380683571, -0.0012241400545462966, -0.0013458942994475365, 0.0005623386241495609, 0.00020875768677797168, -0.00655959639698267, 0.013296120800077915]], "metadata.audio_properties.analysis.downmix": "mix", "metadata.audio_properties.codec": "mp3", "metadata.audio_properties.md5_encoded": "5a1a1f359b0623039cdb9a1f75344761", "metadata.tags.file_name": "1183649644950073445.mp3", "metadata.version.essentia": "2.1-beta6-dev", "metadata.version.essentia_git_sha": "v2.1_beta5-1110-g77a6a954", "metadata.version.extractor": "music 2.0", "tonal.chords_key": "C#", "tonal.chords_scale": "minor", "tonal.key_edma.key": "C#", "tonal.key_edma.scale": "minor", "tonal.key_krumhansl.key": "C#", "tonal.key_krumhansl.scale": "minor", "tonal.key_temperley.key": "C#", "tonal.key_temperley.scale": "minor", "metadata.tags.encoding": ["Lavf58.45.100"]}, "essentia_models": [{"model_name": "genre_dortmund", "activations": {"alternative": "0.021054238", "blues": "0.011102219", "electron