{"song_id": "1183707350289367060", "download": "https://cdn.discordapp.com/attachments/1135911532732108921/1183707350289367060/chirp.mp4?ex=65895060&amp", "lyrics": "[Chorus]\nE enquanto o ano velho se vai na calmaria, No meu cora\u00e7\u00e3o, a esperan\u00e7a se anuncia. Bem-vindo, novo amanhecer radiante, Com sonhos a realizar, num futuro vibrante.", "style": ["MPB</span><span>, voz masculina"], "essentia_features": {"lowlevel.average_loudness": 0.9808103442192078, "lowlevel.barkbands_crest.mean": 16.038238525390625, "lowlevel.barkbands_crest.stdev": 3.913989305496216, "lowlevel.barkbands_flatness_db.mean": 0.34419313073158264, "lowlevel.barkbands_flatness_db.stdev": 0.09460068494081497, "lowlevel.barkbands_kurtosis.mean": 40.67139434814453, "lowlevel.barkbands_kurtosis.stdev": 44.87688064575195, "lowlevel.barkbands_skewness.mean": 4.209484577178955, "lowlevel.barkbands_skewness.stdev": 2.2817702293395996, "lowlevel.barkbands_spread.mean": 7.204426288604736, "lowlevel.barkbands_spread.stdev": 11.6442289352417, "lowlevel.dissonance.mean": 0.4245687425136566, "lowlevel.dissonance.stdev": 0.05116230994462967, "lowlevel.dynamic_complexity": 1.453223705291748, "lowlevel.erbbands_crest.mean": 13.060002326965332, "lowlevel.erbbands_crest.stdev": 4.637341499328613, "lowlevel.erbbands_flatness_db.mean": 0.2282605916261673, "lowlevel.erbbands_flatness_db.stdev": 0.0658826008439064, "lowlevel.erbbands_kurtosis.mean": 7.842711925506592, "lowlevel.erbbands_kurtosis.stdev": 11.41763687133789, "lowlevel.erbbands_skewness.mean": 1.7172013521194458, "lowlevel.erbbands_skewness.stdev": 1.7832616567611694, "lowlevel.erbbands_spread.mean": 39.77446746826172, "lowlevel.erbbands_spread.stdev": 37.64594650268555, "lowlevel.hfc.mean": 17.30136489868164, "lowlevel.hfc.stdev": 14.617143630981445, "lowlevel.loudness_ebu128.integrated": -14.86910629272461, "lowlevel.loudness_ebu128.loudness_range": 0.9280338287353516, "lowlevel.loudness_ebu128.momentary.mean": -15.011116027832031, "lowlevel.loudness_ebu128.momentary.stdev": 1.1611655950546265, "lowlevel.loudness_ebu128.short_term.mean": -14.746742248535156, "lowlevel.loudness_ebu128.short_term.stdev": 0.31350937485694885, "lowlevel.melbands_crest.mean": 23.174022674560547, "lowlevel.melbands_crest.stdev": 5.7112250328063965, "lowlevel.melbands_flatness_db.mean": 0.44308778643608093, "lowlevel.melbands_flatness_db.stdev": 0.10948725044727325, "lowlevel.melbands_kurtosis.mean": 83.57404327392578, "lowlevel.melbands_kurtosis.stdev": 92.95692443847656, "lowlevel.melbands_skewness.mean": 5.760031700134277, "lowlevel.melbands_skewness.stdev": 3.319619655609131, "lowlevel.melbands_spread.mean": 4.248739719390869, "lowlevel.melbands_spread.stdev": 6.801480770111084, "lowlevel.pitch_salience.mean": 0.3657025694847107, "lowlevel.pitch_salience.stdev": 0.1319040209054947, "lowlevel.silence_rate_20dB.mean": 1.0, "lowlevel.silence_rate_20dB.stdev": 0.0, "lowlevel.silence_rate_30dB.mean": 0.8416149020195007, "lowlevel.silence_rate_30dB.stdev": 0.3651012182235718, "lowlevel.silence_rate_60dB.mean": 0.003105590119957924, "lowlevel.silence_rate_60dB.stdev": 0.05564132332801819, "lowlevel.spectral_centroid.mean": 466.05609130859375, "lowlevel.spectral_centroid.stdev": 526.0917358398438, "lowlevel.spectral_complexity.mean": 7.540372848510742, "lowlevel.spectral_complexity.stdev": 4.679800987243652, "lowlevel.spectral_decrease.mean": -1.9528661354684118e-08, "lowlevel.spectral_decrease.stdev": 7.8097572853153e-09, "lowlevel.spectral_energy.mean": 0.07527494430541992, "lowlevel.spectral_energy.stdev": 0.029776424169540405, "lowlevel.spectral_energyband_high.mean": 0.0006497857975773513, "lowlevel.spectral_energyband_high.stdev": 0.0020485478453338146, "lowlevel.spectral_energyband_low.mean": 0.058693140745162964, "lowlevel.spectral_energyband_low.stdev": 0.026054730638861656, "lowlevel.spectral_energyband_middle_high.mean": 0.0015854252269491553, "lowlevel.spectral_energyband_middle_high.stdev": 0.003390716155990958, "lowlevel.spectral_energyband_middle_low.mean": 0.017952177673578262, "lowlevel.spectral_energyband_middle_low.stdev": 0.015501142479479313, "lowlevel.spectral_entropy.mean": 6.151610374450684, "lowlevel.spectral_entropy.stdev": 0.9184544086456299, "lowlevel.spectral_flux.mean": 0.062055379152297974, "lowlevel.spectral_flux.stdev": 0.03972628340125084, "lowlevel.spectral_kurtosis.mean": 16.95186424255371, "lowlevel.spectral_kurtosis.stdev": 24.0268497467041, "lowlevel.spectral_rms.mean": 0.008380526676774025, "lowlevel.spectral_rms.stdev": 0.0017904798733070493, "lowlevel.spectral_rolloff.mean": 340.3522033691406, "lowlevel.spectral_rolloff.stdev": 821.91552734375, "lowlevel.spectral_skewness.mean": 2.90327525138855, "lowlevel.spectral_skewness.stdev": 1.6985379457473755, "lowlevel.spectral_spread.mean": 4265846.5, "lowlevel.spectral_spread.stdev": 2657545.0, "lowlevel.spectral_strongpeak.mean": 1.0269055366516113, "lowlevel.spectral_strongpeak.stdev": 0.3732840418815613, "lowlevel.zerocrossingrate.mean": 0.01750609651207924, "lowlevel.zerocrossingrate.stdev": 0.018516071140766144, "metadata.audio_properties.analysis.equal_loudness": 0.0, "metadata.audio_properties.analysis.length": 14.911995887756348, "metadata.audio_properties.analysis.sample_rate": 44100.0, "metadata.audio_properties.analysis.start_time": 0.0, "metadata.audio_properties.bit_rate": 113618.0, "metadata.audio_properties.length": 14.911999702453613, "metadata.audio_properties.lossless": 0.0, "metadata.audio_properties.number_channels": 1.0, "metadata.audio_properties.replay_gain": -8.932350158691406, "metadata.audio_properties.sample_rate": 48000.0, "rhythm.beats_count": 26.0, "rhythm.beats_loudness.mean": 0.08369599282741547, "rhythm.beats_loudness.stdev": 0.03233873099088669, "rhythm.bpm": 101.57352447509766, "rhythm.bpm_histogram_first_peak_bpm": 101.0, "rhythm.bpm_histogram_first_peak_weight": 0.6666666269302368, "rhythm.bpm_histogram_second_peak_bpm": 123.0, "rhythm.bpm_histogram_second_peak_spread": 0.5555555820465088, "rhythm.bpm_histogram_second_peak_weight": 0.1599999964237213, "rhythm.danceability": 1.1913994550704956, "rhythm.onset_rate": 4.085615634918213, "tonal.chords_changes_rate": 0.0712074339389801, "tonal.chords_number_rate": 0.02476780116558075, "tonal.chords_strength.mean": 0.49934151768684387, "tonal.chords_strength.stdev": 0.09440851211547852, "tonal.hpcp_crest.mean": 13.117034912109375, "tonal.hpcp_crest.stdev": 5.705372333526611, "tonal.hpcp_entropy.mean": 1.9888640642166138, "tonal.hpcp_entropy.stdev": 0.6705030202865601, "tonal.key_edma.strength": 0.5760930180549622, "tonal.key_krumhansl.strength": 0.5660049319267273, "tonal.key_temperley.strength": 0.5670118927955627, "tonal.tuning_diatonic_strength": 0.49586477875709534, "tonal.tuning_equal_tempered_deviation": 0.08141175657510757, "tonal.tuning_frequency": 437.4657897949219, "tonal.tuning_nontempered_energy_ratio": 0.6997066736221313, "lowlevel.barkbands.mean": [4.8983009037328884e-05, 0.01673879660665989, 0.03832720220088959, 0.00685114087536931, 0.00810801051557064, 0.0019850952085107565, 0.0005437928484752774, 0.0001804687490221113, 0.00022865021310281008, 0.0002185460034525022, 0.00010271376231685281, 0.0001522158127045259, 6.875897815916687e-05, 0.00014156133693177253, 0.00038627267349511385, 0.0001559458178235218, 0.00017148377082776278, 0.00018123140034731477, 1.717614577501081e-05, 0.00012290480663068593, 0.00010305935575161129, 0.00010161891987081617, 0.00011177084525115788, 6.446892803069204e-05, 0.000145509751746431, 1.760196391842328e-05, 3.05689908941531e-08], "lowlevel.barkbands.stdev": [6.7365457653068e-05, 0.01496877521276474, 0.026114076375961304, 0.00977124460041523, 0.010755486786365509, 0.0026472252793610096, 0.0014214571565389633, 0.0006167424144223332, 0.0008311571436934173, 0.0010132479947060347, 0.0003368918551132083, 0.000580995692871511, 0.00029861563234589994, 0.000614259100984782, 0.0012656431645154953, 0.0004677294346038252, 0.000498980691190809, 0.0004766791535075754, 5.913086351938546e-05, 0.0007428338867612183, 0.0005104492302052677, 0.0003802233259193599, 0.00047632824862375855, 0.00021424774604383856, 0.00045436160871759057, 5.7120454584946856e-05, 3.7966935906297294e-07], "lowlevel.erbbands.mean": [0.1427573710680008, 5.549134254455566, 41.338531494140625, 30.205392837524414, 27.850431442260742, 26.66963768005371, 16.78924560546875, 14.726372718811035, 8.790830612182617, 5.238936901092529, 4.548141002655029, 4.437694072723389, 5.943275451660156, 6.651707649230957, 5.000640392303467, 6.358189105987549, 3.3131895065307617, 5.827179431915283, 17.81970977783203, 15.173271179199219, 9.24473762512207, 10.272976875305176, 11.393879890441895, 1.9019486904144287, 1.1274638175964355, 5.693911552429199, 6.074954509735107, 3.0761661529541016, 3.6755051612854004, 3.5937044620513916, 3.1708874702453613, 1.148270845413208, 1.5510807037353516, 2.1229586601257324, 0.6276694536209106, 0.14560554921627045, 0.024571141228079796, 0.0014199521392583847, 7.399387686746195e-05, 8.69168943609111e-05], "lowlevel.erbbands.stdev": [0.1370580941438675, 4.097945213317871, 26.755762100219727, 22.187891006469727, 34.95466232299805, 38.4179573059082, 32.35172653198242, 16.176410675048828, 23.918018341064453, 12.926108360290527, 16.469881057739258, 14.720288276672363, 23.449243545532227, 37.30037307739258, 13.84082317352295, 24.8363094329834, 11.808130264282227, 20.807260513305664, 63.851051330566406, 56.258277893066406, 25.80914306640625, 28.55088233947754, 29.47079849243164, 4.662135124206543, 4.4836835861206055, 34.86686325073242, 32.310951232910156, 13.894750595092773, 13.718940734863281, 14.432538032531738, 13.976786613464355, 4.37741231918335, 5.303063869476318, 6.816439628601074, 1.9231046438217163, 0.46752482652664185, 0.08260726183652878, 0.005635200068354607, 0.00013018996105529368, 3.42257771990262e-05], "lowlevel.gfcc.mean": [-76.36607360839844, 137.60084533691406, -50.32904815673828, 57.49834442138672, -25.418014526367188, 15.4649076461792, -46.53716278076172, 0.6591290235519409, -32.25859451293945, -8.562618255615234, -8.156227111816406, -10.08062744140625, 4.782663345336914], "lowlevel.melbands.mean": [0.002835487248376012, 0.01592806912958622, 0.005419734865427017, 0.0020872533787041903, 0.0006615490419790149, 0.00034337941906414926, 0.00012062323366990313, 4.9274316552327946e-05, 3.7542755308095366e-05, 2.8509402909548953e-05, 2.979109740408603e-05, 2.7651791242533363e-05, 1.5954236005200073e-05, 1.7152598957181908e-05, 1.1001390703313518e-05, 7.80265145294834e-06, 9.859222700470127e-06, 2.8076183298253454e-05, 2.4296950869029388e-05, 1.4528581232298166e-05, 1.0102587111759931e-05, 9.755393875821028e-06, 1.4053804989089258e-05, 6.0235443015699275e-06, 1.0011750646299333e-06, 5.554203994506679e-07, 1.2091286407667212e-06, 4.633208391169319e-06, 4.566703410091577e-06, 2.5913827812473755e-06, 1.397225901200727e-06, 1.998089828703087e-06, 2.1385167201515287e-06, 1.957589347512112e-06, 2.0246020540071186e-06, 1.1372350172678125e-06, 5.290751232678303e-07, 8.638862141197023e-07, 1.7518898403068306e-06, 1.808961769711459e-06], "lowlevel.melbands.stdev": [0.0027509962674230337, 0.008581500500440598, 0.003548645181581378, 0.0027986892964690924, 0.0010536805493757129, 0.00038137624505907297, 0.00032785572693683207, 0.00012457995035219938, 0.00013835130084771663, 9.918859723256901e-05, 0.00011721482587745413, 0.00016222233534790576, 5.162688466953114e-05, 6.495710840681568e-05, 4.6851924707880244e-05, 3.536680378601886e-05, 3.735132122528739e-05, 0.00011355953756719828, 9.058805153472349e-05, 4.748593710246496e-05, 2.9673168683075346e-05, 3.118823951808736e-05, 3.548769382177852e-05, 1.7262642359128222e-05, 2.870940079446882e-06, 2.172210088247084e-06, 6.1741720855934545e-06, 2.9094202545820735e-05, 2.5976869437727146e-05, 1.3370355191000272e-05, 6.140488949313294e-06, 7.641807314939797e-06, 8.360235369764268e-06, 8.240113857027609e-06, 9.086692443815991e-06, 5.0261319302080665e-06, 2.048085434580571e-06, 3.0579662961827125e-06, 6.313017820502864e-06, 5.790848717879271e-06], "lowlevel.melbands128.mean": [2.9427690606098622e-05, 0.00030902965227141976, 0.002405433915555477, 0.010485558770596981, 0.02240651659667492, 0.01623210683465004, 0.005821756552904844, 0.0033260402269661427, 0.00257293414324522, 0.0026218327693641186, 0.001296130008995533, 0.0006610503769479692, 0.00045612064423039556, 0.0007016718736849725, 0.00038740213494747877, 0.00010929566633421928, 0.00016778410645201802, 0.00012168394459877163, 6.45947438897565e-05, 6.593474972760305e-05, 2.848999974958133e-05, 3.426720286370255e-05, 4.106407504878007e-05, 4.0688482840778306e-05, 2.4306651539518498e-05, 2.067896639346145e-05, 4.392480695969425e-05, 2.631106326589361e-05, 1.9965682440670207e-05, 4.324095061747357e-05, 2.2463143977802247e-05, 1.3059907360002398e-05, 2.0396599211380817e-05, 1.3781763300357852e-05, 1.2173298273410182e-05, 2.1936471966910176e-05, 1.9210103346267715e-05, 1.120939396059839e-05, 5.370038707042113e-06, 4.975294359610416e-06, 7.359908067883225e-06, 1.4290657418314368e-05, 7.599377568112686e-06, 8.412629540544003e-06, 1.5280433217412792e-05, 4.114700641366653e-05, 3.0948856874601915e-05, 1.8122158508049324e-05, 2.9310940590221435e-05, 1.894121669465676e-05, 9.76479259406915e-06, 1.2724359294224996e-05, 1.037586662278045e-05, 8.169406100932974e-06, 1.1187723430339247e-05, 9.1468191385502e-06, 9.53863582253689e-06, 1.1993482075922657e-05, 1.993518162635155e-05, 1.028428778226953e-05, 5.520681042980868e-06, 1.9644385247374885e-06, 1.2808372957806569e-06, 7.35290313969017e-07, 4.590304172324977e-07, 5.476253477354476e-07, 6.088883424126834e-07, 6.410449486793368e-07, 1.081545065062528e-06, 2.0543625396385323e-06, 4.469152827368816e-06, 6.129783741926076e-06, 6.576545274583623e-06, 3.968354576500133e-06, 2.5418894438189454e-06, 2.9733630526607158e-06, 2.658844323377707e-06, 1.4197106565916329e-06, 1.2350189990684157e-06, 1.1204369911865797e-06, 1.956602773134364e-06, 2.405594841548009e-06, 2.1833129721926525e-06, 2.1832042875757907e-06, 2.013894572883146e-06, 1.9084975519945147e-06, 1.866564389274572e-06, 2.154489948225091e-06, 2.122814294125419e-06, 1.976512521650875e-06, 1.3983158169139642e-06, 9.97771735455899e-07, 4.771717954099586e-07, 4.823887707061658e-07, 4.7612019216103363e-07, 8.075504069893213e-07, 9.111525400840037e-07, 1.0062138926514308e-06, 1.6214464721997501e-06, 2.2531698959937785e-06, 2.225928255938925e-06, 1.7966131053981371e-06, 1.2259248478585505e-06, 9.231924877894926e-07, 4.823544941245927e-07, 5.324886842572596e-07, 5.149892672307033e-07, 2.828033132118435e-07, 2.190125627521411e-07, 1.4168584527851635e-07, 1.1332583937928575e-07, 8.217960356660114e-08, 7.818517389068802e-08, 5.00120620472444e-08, 2.0566588432302524e-08, 6.3682996653824375e-09, 1.2603894594676035e-09, 1.6144691486474905e-11, 9.03502706678383e-12, 6.831679319474482e-12, 6.6700690110055305e-12, 6.544730035695778e-12, 6.389571597514854e-12, 6.2726091681897245e-12, 6.129012228295316e-12, 5.945501035942158e-12, 5.838098234012268e-12, 5.7979562990972955e-12], "lowlevel.melbands128.stdev": [4.175666981609538e-05, 0.0003898125432897359, 0.003886612132191658, 0.00910517293959856, 0.015004116110503674, 0.011012339033186436, 0.005260340869426727, 0.0049843392334878445, 0.004127174150198698, 0.0047539230436086655, 0.002222857205197215, 0.0015467454213649035, 0.0015242218505591154, 0.000905741355381906, 0.0005021401448175311, 0.0002818015345837921, 0.0005712380516342819, 0.000442255986854434, 0.00022382075258065015, 0.0002151916705770418, 9.237634367309511e-05, 0.00016354426043108106, 0.0002039793907897547, 0.00020851092995144427, 0.00011162846931256354, 0.00010331543307984248, 0.0002735781599767506, 0.00012466454063542187, 9.432863589609042e-05, 0.00029120774706825614, 0.00018059635476674885, 5.042167686042376e-05, 9.274409239878878e-05, 4.9642083467915654e-05, 4.9610109272180125e-05, 0.0001180653998744674, 9.272747411159799e-05, 7.676047243876383e-05, 2.4371567633352242e-05, 3.0233926736400463e-05, 5.390809747041203e-05, 8.049280586419627e-05, 2.8280537662794814e-05, 5.838388460688293e-05, 9.287623834097758e-05, 0.00020749580289702863, 0.00011936806549783796, 0.00011887363507412374, 0.00017644802574068308, 7.478348561562598e-05, 4.213338979752734e-05, 4.9218764615943655e-05, 4.810163227375597e-05, 2.903800123021938e-05, 4.717372212326154e-05, 4.364868436823599e-05, 3.392426515347324e-05, 3.325733996462077e-05, 6.284593837335706e-05, 3.906018901034258e-05, 2.2366104531101882e-05, 7.591364919790067e-06, 3.916989044228103e-06, 2.389643441347289e-06, 1.8981578477905714e-06, 2.574655354692368e-06, 2.3715699626336573e-06, 2.580915861472022e-06, 4.828305918636033e-06, 1.2647428775380831e-05, 3.549312532413751e-05, 3.869995998684317e-05, 4.421224366524257e-05, 2.2383248506230302e-05, 1.0878907232836355e-05, 1.67363541550003e-05, 1.5958014046191238e-05, 6.391225724655669e-06, 5.9761209740827326e-06, 4.874536443821853e-06, 8.182442797988188e-06, 9.4229617388919e-06, 8.800054274615832e-06, 9.18234400160145e-06, 8.544647243979853e-06, 8.586954209022224e-06, 8.149772838805802e-06, 9.645667887525633e-06, 1.0041358109447174e-05, 9.931920430972241e-06, 6.654485332546756e-06, 4.393758445075946e-06, 2.226280685135862e-06, 2.215592530774302e-06, 1.7762862398740253e-06, 3.3534217891428852e-06, 3.507395604174235e-06, 3.5377177027839934e-06, 6.522708190459525e-06, 8.557711225876119e-06, 7.604322490806226e-06, 5.735018476116238e-06, 4.569045358948642e-06, 3.296036084066145e-06, 1.688945417299692e-06, 1.9123490346828476e-06, 1.8588330021884758e-06, 9.056011549546383e-07, 7.966820589899726e-07, 6.352202035486698e-07, 4.66652323893868e-07, 3.4605670862219995e-07, 2.6825983923117747e-07, 2.2161772506024136e-07, 9.087197128110347e-08, 6.168475152890096e-08, 1.3249388253200323e-08, 1.3797549214267235e-10, 5.148970486090754e-11, 1.00074644751591e-11, 9.76724083556757e-12, 9.547442697543929e-12, 9.346949429722695e-12, 9.182712749911115e-12, 9.047248193672086e-12, 8.938258119761677e-12, 8.859434887098505e-12, 8.810926814539766e-12], "lowlevel.mfcc.mean": [-742.469482421875, 164.63031005859375, 46.852294921875, 49.53718185424805, 47.351524353027344, 13.797469139099121, 18.006534576416016, -2.9682302474975586, 4.194859027862549, -12.47620964050293, -14.078333854675293, 2.1591098308563232, 1.7140482664108276], "lowlevel.spectral_contrast_coeffs.mean": [-0.5956613421440125, -0.6892197728157043, -0.7829121947288513, -0.7996034622192383, -0.7909659147262573, -0.7880717515945435], "lowlevel.spectral_contrast_coeffs.stdev": [0.06478745490312576, 0.06411101669073105, 0.06342599540948868, 0.06732795387506485, 0.06299558281898499, 0.04670253023505211], "lowlevel.spectral_contrast_valleys.mean": [-6.210303783416748, -8.102912902832031, -8.686887741088867, -8.849431991577148, -8.895557403564453, -11.513260841369629], "lowlevel.spectral_contrast_valleys.stdev": [0.51054447889328, 0.8122612833976746, 0.7402378916740417, 0.8547607064247131, 0.902282178401947, 1.4338037967681885], "rhythm.beats_loudness_band_ratio.mean": [0.8373736143112183, 0.11636131256818771, 0.012039597146213055, 0.006919314619153738, 0.012111888267099857, 0.039055582135915756], "rhythm.beats_loudness_band_ratio.stdev": [0.15325944125652313, 0.13799306750297546, 0.019273990765213966, 0.014980577863752842, 0.027633588761091232, 0.0794423297047615], "tonal.hpcp.mean": [0.4980500042438507, 0.2670415937900543, 0.025451714172959328, 0.014836053363978863, 0.007467238232493401, 0.006201933138072491, 0.013941595330834389, 0.01573331654071808, 0.08228176832199097, 0.1610916405916214, 0.09015753865242004, 0.007926068268716335, 0.0038155177608132362, 0.0051409536972641945, 0.007121097296476364, 0.00798539537936449, 0.007196069695055485, 0.005710843950510025, 0.0058753215707838535, 0.007259747479110956, 0.06963802129030228, 0.19311486184597015, 0.14453691244125366, 0.026503786444664, 0.023824788630008698, 0.015377475880086422, 0.0024527432397007942, 0.0022581524681299925, 0.005539475474506617, 0.06818579882383347, 0.16351887583732605, 0.11328180879354477, 0.019709447398781776, 0.014405121095478535, 0.031038688495755196, 0.26956236362457275], "tonal.hpcp.stdev": [0.4860382080078125, 0.28209954500198364, 0.11755027621984482, 0.09770359843969345, 0.06888076663017273, 0.024654477834701538, 0.052259787917137146, 0.05912746116518974, 0.18773554265499115, 0.3580266237258911, 0.20595566928386688, 0.0628274530172348, 0.03837614133954048, 0.029544852674007416, 0.039690203964710236, 0.05081703141331673, 0.05814977362751961, 0.03361726179718971, 0.041747115552425385, 0.0596371665596962, 0.136975958943367, 0.3432757258415222, 0.273764044046402, 0.10075587034225464, 0.12625209987163544, 0.10049279034137726, 0.014831935055553913, 0.007453996688127518, 0.029574308544397354, 0.1667504757642746, 0.3525160849094391, 0.24748148024082184, 0.10017736256122589, 0.07061855494976044, 0.1186259537935257, 0.2775021493434906], "rhythm.beats_position": [0.6037188172340393, 1.2306575775146484, 1.8227664232254028, 2.391655206680298, 2.9605441093444824, 3.529433012008667, 4.086711883544922, 4.678820610046387, 5.25931978225708, 5.863038539886475, 6.37387752532959, 6.873106479644775, 7.349115371704102, 7.825124740600586, 8.324353218078613, 8.823582649230957, 9.311202049255371, 9.798820495605469, 10.286439895629883, 10.77405834197998, 11.284897804260254, 11.900226593017578, 12.515555381774902, 13.107664108276367, 13.699772834777832, 14.303491592407227], "rhythm.bpm_histogram": [0.0, 0.0, 0.0, 0.0, 0.0, 0.0, 0.0, 0.0, 0.0, 0.0, 0.0, 0.0, 0.0, 0.0, 0.0, 0.0, 0.0, 0.0, 0.0, 0.0, 0.0, 0.0, 0.0, 0.0, 0.0, 0.0, 0.0, 0.0, 0.0, 0.0, 0.0, 0.0, 0.0, 0.0, 0.0, 0.0, 0.0, 0.0, 0.0, 0.0, 0.0, 0.0, 0.0, 0.0, 0.0, 0.0, 0.0, 0.0, 0.0, 0.0, 0.0, 0.0, 0.0, 0.0, 0.0, 0.0, 0.0, 0.0, 0.0, 0.0, 0.0, 0.0, 0.0, 0.0, 0.0, 0.0, 0.0, 0.0, 0.0, 0.0, 0.0, 0.0, 0.0, 0.0, 0.0, 0.0, 0.0, 0.0, 0.0, 0.0, 0.0, 0.0, 0.0, 0.0, 0.0, 0.0, 0.0, 0.0, 0.0, 0.0, 0.0, 0.0, 0.0, 0.0, 0.0, 0.0, 0.03999999910593033, 0.0, 0.07999999821186066, 0.07999999821186066, 0.0, 0.1599999964237213, 0.0, 0.03999999910593033, 0.0, 0.11999999731779099, 0.0, 0.0, 0.03999999910593033, 0.0, 0.0, 0.0, 0.0, 0.0, 0.0, 0.0, 0.0, 0.07999999821186066, 0.0, 0.0, 0.11999999731779099, 0.0, 0.0, 0.1599999964237213, 0.0, 0.0, 0.07999999821186066, 0.0, 0.0, 0.0, 0.0, 0.0, 0.0, 0.0, 0.0, 0.0, 0.0, 0.0, 0.0, 0.0, 0.0, 0.0, 0.0, 0.0, 0.0, 0.0, 0.0, 0.0, 0.0, 0.0, 0.0, 0.0, 0.0, 0.0, 0.0, 0.0, 0.0, 0.0, 0.0, 0.0, 0.0, 0.0, 0.0, 0.0, 0.0, 0.0, 0.0, 0.0, 0.0, 0.0, 0.0, 0.0, 0.0, 0.0, 0.0, 0.0, 0.0, 0.0, 0.0, 0.0, 0.0, 0.0, 0.0, 0.0, 0.0, 0.0, 0.0, 0.0, 0.0, 0.0, 0.0, 0.0, 0.0, 0.0, 0.0, 0.0, 0.0, 0.0, 0.0, 0.0, 0.0, 0.0, 0.0, 0.0, 0.0, 0.0, 0.0, 0.0, 0.0, 0.0, 0.0, 0.0, 0.0, 0.0, 0.0, 0.0, 0.0, 0.0, 0.0, 0.0, 0.0, 0.0, 0.0, 0.0, 0.0, 0.0, 0.0, 0.0, 0.0, 0.0, 0.0, 0.0, 0.0, 0.0, 0.0, 0.0, 0.0, 0.0, 0.0, 0.0, 0.0, 0.0, 0.0, 0.0, 0.0, 0.0, 0.0, 0.0, 0.0, 0.0], "tonal.chords_histogram": [18.885448455810547, 0.0, 0.6191950440406799, 15.789473533630371, 0.0, 0.0, 8.978327751159668, 20.123838424682617, 0.0, 7.739938259124756, 0.0, 0.0, 0.0, 0.0, 0.0, 0.0, 3.4055726528167725, 0.0, 3.4055726528167725, 0.0, 0.0, 0.0, 0.0, 21.052631378173828], "tonal.thpcp": [1.0, 0.5361742377281189, 0.05110272765159607, 0.02978827990591526, 0.01499294862151146, 0.01245243102312088, 0.027992360293865204, 0.03158983215689659, 0.1652078479528427, 0.3234447240829468, 0.1810210645198822, 0.015914201736450195, 0.007660912815481424, 0.010322163812816143, 0.014297956600785255, 0.016033319756388664, 0.014448488131165504, 0.011466407217085361, 0.011796649545431137, 0.014576342888176441, 0.1398213505744934, 0.38774192333221436, 0.29020562767982483, 0.053215112537145615, 0.04783613607287407, 0.030875366181135178, 0.004924692679196596, 0.004533987492322922, 0.011122328229248524, 0.1369055211544037, 0.32831817865371704, 0.2274506688117981, 0.03957322984933853, 0.028923042118549347, 0.06232042610645294, 0.5412355661392212], "lowlevel.gfcc.cov": [[6285.6171875, -2423.021484375, -806.1015014648438, 174.00083923339844, -956.2040405273438, 731.1156616210938, -938.650146484375, 965.9025268554688, -37.53623580932617, 414.8705139160156, -541.6510009765625, -128.97747802734375, -127.05895233154297], [-2423.021484375, 2565.017578125, -142.67881774902344, -750.4759521484375, 788.3865966796875, -555.2305908203125, 449.6861877441406, -336.6347351074219, 136.6595001220703, -386.3516845703125, 378.9400939941406, -241.5947723388672, 203.19898986816406], [-806.1015014648438, -142.67881774902344, 959.6240234375, 169.68386840820312, -112.52915954589844, 45.86355972290039, 132.90924072265625, -174.89549255371094, -80.329833984375, 53.55638885498047, 36.70402526855469, 132.94503784179688, -71.04033660888672], [174.00083923339844, -750.4759521484375, 169.68386840820312, 716.6577758789062, -117.26619720458984, -44.28165817260742, -30.856740951538086, -69.95207214355469, -20.680992126464844, 44.523921966552734, -14.814228057861328, 180.24786376953125, -43.139129638671875], [-956.2040405273438, 788.3865966796875, -112.52915954589844, -117.26619720458984, 520.5493774414062, -215.45358276367188, 136.87527465820312, -145.20835876464844, 90.48356628417969, -130.1519775390625, 106.12129211425781, -30.943523406982422, 57.408966064453125], [731.1156616210938, -555.2305908203125, 45.86355972290039, -44.28165817260742, -215.45358276367188, 460.5081787109375, -72.55223083496094, -1.9930492639541626, -18.543703079223633, 138.76510620117188, -119.91266632080078, -41.986454010009766, -22.98415756225586], [-938.650146484375, 449.6861877441406, 132.90924072265625, -30.856740951538086, 136.87527465820312, -72.55223083496094, 352.7202453613281, -231.99307250976562, -50.887046813964844, -66.57923126220703, 77.7568359375, 12.81888484954834, 29.15980339050293], [965.9025268554688, -336.6347351074219, -174.89549255371094, -69.95207214355469, -145.20835876464844, -1.9930492639541626, -231.99307250976562, 371.9849548339844, 12.331138610839844, 30.33444595336914, -84.01803588867188, -30.726449966430664, -18.510007858276367], [-37.53623580932617, 136.6595001220703, -80.329833984375, -20.680992126464844, 90.48356628417969, -18.543703079223633, -50.887046813964844, 12.331138610839844, 162.53355407714844, -17.90007209777832, -26.261119842529297, -19.20100975036621, 9.807365417480469], [414.8705139160156, -386.3516845703125, 53.55638885498047, 44.523921966552734, -130.1519775390625, 138.76510620117188, -66.57923126220703, 30.33444595336914, -17.90007209777832, 168.5919952392578, -65.41913604736328, -0.06352734565734863, -35.459083557128906], [-541.6510009765625, 378.9400939941406, 36.70402526855469, -14.814228057861328, 106.12129211425781, -119.91266632080078, 77.7568359375, -84.01803588867188, -26.261119842529297, -65.41913604736328, 162.49258422851562, -13.43508529663086, 23.976205825805664], [-128.97747802734375, -241.5947723388672, 132.94503784179688, 180.24786376953125, -30.943523406982422, -41.986454010009766, 12.81888484954834, -30.726449966430664, -19.20100975036621, -0.06352734565734863, -13.43508529663086, 164.02174377441406, -42.5759391784668], [-127.05895233154297, 203.19898986816406, -71.04033660888672, -43.139129638671875, 57.408966064453125, -22.98415756225586, 29.15980339050293, -18.510007858276367, 9.807365417480469, -35.459083557128906, 23.976205825805664, -42.5759391784668, 87.68424987792969]], "lowlevel.gfcc.icov": [[0.000696253206115216, -0.00083784299204126, 0.0005322573124431074, -0.0011048662709072232, 0.0005747941322624683, -0.0012258709175512195, 0.0009003410814329982, -0.001362430863082409, 0.0010299429995939136, -0.0006220654468052089, 0.0014375156024470925, 1.0630216820572969e-05, 0.0007988210418261588], [-0.00083784299204126, 0.01014796830713749, -0.0016408293740823865, 0.00910649262368679, -0.003457177896052599, 0.008076162077486515, -0.004360337276011705, 0.006061729975044727, -0.00726045947521925, 0.005570689681917429, -0.009387603029608727, 0.005253897979855537, -0.00628709327429533], [0.0005322573124431074, -0.0016408293740823865, 0.0019618559163063765, -0.0016697292448952794, 0.0011265658540651202, -0.0017442794051021338, 0.0006808064063079655, -0.0010512570152059197, 0.0015139655442908406, -0.001390820718370378, 0.0014004200929775834, -0.0014595093671232462, 0.0018751880852505565], [-0.0011048662709072232, 0.00910649262368679, -0.0016697292448952794, 0.010569381527602673, -0.0026500604581087828, 0.008109944872558117, -0.003569656517356634, 0.0068425522185862064, -0.006912022829055786, 0.004494373686611652, -0.008813327178359032, 0.0022642991971224546, -0.006264794617891312], [0.0005747941322624683, -0.003457177896052599, 0.0011265658540651202, -0.0026500604581087828, 0.0051785241812467575, -0.001713731326162815, 0.001375980325974524, -0.0010447525419294834, 0.0007032870780676603, -0.001314795110374689, 0.0028265807777643204, -0.0016364994226023555, 0.001757772988639772], [-0.0012258709175512195, 0.008076162077486515, -0.0017442794051021338, 0.008109944872558117, -0.001713731326162815, 0.01115991547703743, -0.003099401481449604, 0.007485873531550169, -0.005881983321160078, 0.0029037415515631437, -0.005641141906380653, 0.005052593536674976, -0.0054289670661091805], [0.0009003410814329982, -0.004360337276011705, 0.0006808064063079655, -0.003569656517356634, 0.001375980325974524, -0.003099401481449604, 0.00847400352358818, 0.00029332793201319873, 0.005656407680362463, -0.0013913484290242195, 0.005486749112606049, -0.0018132005352526903, 0.0021591479890048504], [-0.001362430863082409, 0.006061729975044727, -0.0010512570152059197, 0.0068425522185862064, -0.0010447525419294834, 0.007485873531550169, 0.00029332793201319873, 0.011268574744462967, -0.003992823418229818, 0.004076634533703327, -0.004101095255464315, 0.0032074747141450644, -0.003805482294410467], [0.0010299429995939136, -0.00726045947521925, 0.0015139655442908406, -0.006912022829055786, 0.0007032870780676603, -0.005881983321160078, 0.005656407680362463, -0.003992823418229818, 0.01406532246619463, -0.003160226158797741, 0.00993264839053154, -0.0024042122531682253, 0.004683051723986864], [-0.0006220654468052089, 0.005570689681917429, -0.001390820718370378, 0.004494373686611652, -0.001314795110374689, 0.0029037415515631437, -0.0013913484290242195, 0.004076634533703327, -0.003160226158797741, 0.012912841513752937, -0.003344292286783457, 0.004323859699070454, -0.0011920115211978555], [0.0014375156024470925, -0.009387603029608727, 0.0014004200929775834, -0.008813327178359032, 0.0028265807777643204, -0.005641141906380653, 0.005486749112606049, -0.004101095255464315, 0.00993264839053154, -0.003344292286783457, 0.020223291590809822, -0.0019651977345347404, 0.005669312551617622], [1.0630216820572969e-05, 0.005253897979855537, -0.0014595093671232462, 0.0022642991971224546, -0.0016364994226023555, 0.005052593536674976, -0.0018132005352526903, 0.0032074747141450644, -0.0024042122531682253, 0.004323859699070454, -0.0019651977345347404, 0.014037364162504673, 0.0008183125755749643], [0.0007988210418261588, -0.00628709327429533, 0.0018751880852505565, -0.006264794617891312, 0.001757772988639772, -0.0054289670661091805, 0.0021591479890048504, -0.003805482294410467, 0.004683051723986864, -0.0011920115211978555, 0.005669312551617622, 0.0008183125755749643, 0.019314853474497795]], "lowlevel.mfcc.cov": [[6989.96826171875, -2737.550048828125, -218.11163330078125, -909.2178955078125, 180.78033447265625, -564.7081298828125, -390.0348205566406, -194.60845947265625, 452.3238220214844, 350.7981262207031, 151.3265380859375, 36.47193145751953, -210.5058135986328], [-2737.550048828125, 3087.1884765625, -690.9666137695312, -87.3343276977539, 91.1136474609375, -187.6694793701172, 276.8164367675781, 6.582109451293945, -119.91168975830078, 47.22264862060547, -143.73977661132812, 27.783782958984375, -39.657779693603516], [-218.11163330078125, -690.9666137695312, 1005.83935546875, 66.56507110595703, -178.20523071289062, 214.9435272216797, 13.936494827270508, -29.433547973632812, -30.195117950439453, -127.2923812866211, 81.17461395263672, 12.4857759475708, 66.28970336914062], [-909.2178955078125, -87.3343276977539, 66.56507110595703, 748.1996459960938, -21.554792404174805, 80.9020004272461, -11.299782752990723, 97.45877838134766, -116.05874633789062, -228.97055053710938, -24.76742935180664, 33.61259460449219, 140.8727569580078], [180.78033447265625, 91.1136474609375, -178.20523071289062, -21.554792404174805, 312.17913818359375, -124.5257568359375, -99.85250091552734, 4.51569128036499, 26.055763244628906, 37.542545318603516, 0.8644273281097412, 32.89077377319336, -18.698020935058594], [-564.7081298828125, -187.6694793701172, 214.9435272216797, 80.9020004272461, -124.5257568359375, 592.45703125, 36.41653060913086, 4.045034408569336, -69.9324722290039, 21.00380516052246, 2.8004539012908936, -133.0569610595703, 31.876272201538086], [-390.0348205566406, 276.8164367675781, 13.936494827270508, -11.299782752990723, -99.85250091552734, 36.41653060913086, 251.10084533691406, -37.44068145751953, -66.40984344482422, -11.327435493469238, -30.628803253173828, -13.497929573059082, -10.842663764953613], [-194.60845947265625, 6.582109451293945, -29.433547973632812, 97.45877838134766, 4.51569128036499, 4.045034408569336, -37.44068145751953, 150.2695770263672, -18.429664611816406, -44.99177932739258, -20.89720344543457, -8.046806335449219, 4.2821245193481445], [452.3238220214844, -119.91168975830078, -30.195117950439453, -116.05874633789062, 26.055763244628906, -69.9324722290039, -66.40984344482422, -18.429664611816406, 164.32237243652344, 63.987091064453125, 5.339829444885254, 1.646849274635315, -22.136648178100586], [350.7981262207031, 47.22264862060547, -127.2923812866211, -228.97055053710938, 37.542545318603516, 21.00380516052246, -11.327435493469238, -44.99177932739258, 63.987091064453125, 197.9807586669922, 1.6931520700454712, -53.76826858520508, -60.91575241088867], [151.3265380859375, -143.73977661132812, 81.17461395263672, -24.76742935180664, 0.8644273281097412, 2.8004539012908936, -30.628803253173828, -20.89720344543457, 5.339829444885254, 1.6931520700454712, 90.69426727294922, 13.606199264526367, -3.663778781890869], [36.47193145751953, 27.783782958984375, 12.4857759475708, 33.61259460449219, 32.89077377319336, -133.0569610595703, -13.497929573059082, -8.046806335449219, 1.646849274635315, -53.76826858520508, 13.606199264526367, 135.13954162597656, 11.862075805664062], [-210.5058135986328, -39.657779693603516, 66.28970336914062, 140.8727569580078, -18.698020935058594, 31.876272201538086, -10.842663764953613, 4.2821245193481445, -22.136648178100586, -60.91575241088867, -3.663778781890869, 11.862075805664062, 124.82772064208984]], "lowlevel.mfcc.icov": [[0.0005007488070987165, 0.0005391655722633004, 0.0003447725612204522, 0.0004539776418823749, 1.8950580852106214e-05, 0.0004221333656460047, 9.877583215711638e-05, 0.00033381005050614476, -0.00028918584575876594, -0.00010771730012493208, -4.609546158462763e-05, 5.935390163358534e-06, 0.00010672301141312346], [0.0005391655722633004, 0.0010459674522280693, 0.0006477092392742634, 0.0005935688968747854, -0.0001034826273098588, 0.0004919503116980195, -0.0003859847493004054, 0.0002766680554486811, -4.038464976474643e-05, -0.000126992046716623, 0.0002882732078433037, -0.00015944447659421712, -1.9586161670304136e-06], [0.0003447725612204522, 0.0006477092392742634, 0.0018617963651195168, 0.0006515386048704386, 0.00047461039503104985, -0.00025623917463235557, -0.00013009416579734534, 0.00048723811050876975, -0.0003122631460428238, 0.0011463279370218515, -0.0009318576194345951, -0.00033023854484781623, -0.00032022714731283486], [0.0004539776418823749, 0.0005935688968747854, 0.0006515386048704386, 0.0030310831498354673, -0.00021457357797771692, -4.345702109276317e-05, 0.00017388060223311186, -0.00040250219171866775, 0.00035429385025054216, 0.00232887826859951, 0.0002715665614232421, -2.0845889594056644e-05, -0.0015954008558765054], [1.8950580852106214e-05, -0.0001034826273098588, 0.00047461039503104985, -0.00021457357797771692, 0.004500074777752161, 0.0005917313974350691, 0.0019770560320466757, 0.0003637732588686049, 0.0006071190582588315, -0.0009376548696309328, 0.00011297340097371489, -0.0006939595914445817, 0.0003907592035830021], [0.0004221333656460047, 0.0004919503116980195, -0.00025623917463235557, -4.345702109276317e-05, 0.0005917313974350691, 0.0031483687926083803, 0.0002527103351894766, 0.0003546303778421134, 0.0008996067335829139, -0.0011651660315692425, -4.2400115489726886e-05, 0.0023766406811773777, -0.0002884246059693396], [9.877583215711638e-05, -0.0003859847493004054, -0.00013009416579734534, 0.00017388060223311186, 0.0019770560320466757, 0.0002527103351894766, 0.00655512697994709, 0.0021642507053911686, 0.0022415579296648502, 0.00020780817430932075, 0.0019348619971424341, 0.00033075539977289736, 0.0011678360169753432], [0.00033381005050614476, 0.0002766680554486811, 0.00048723811050876975, -0.00040250219171866775, 0.0003637732588686049, 0.0003546303778421134, 0.0021642507053911686, 0.008873003534972668, 0.00044442442595027387, 0.0019346667686477304, 0.0018992848927155137, 0.0013419766910374165, 0.001645002281293273], [-0.00028918584575876594, -4.038464976474643e-05, -0.0003122631460428238, 0.00035429385025054216, 0.0006071190582588315, 0.0008996067335829139, 0.0022415579296648502, 0.00044442442595027387, 0.009120035916566849, -0.0022811174858361483, 0.001136035192757845, -0.00010485083475941792, -0.00014638750872109085], [-0.00010771730012493208, -0.000126992046716623, 0.0011463279370218515, 0.00232887826859951, -0.0009376548696309328, -0.0011651660315692425, 0.00020780817430932075, 0.0019346667686477304, -0.0022811174858361483, 0.011516132391989231, -0.000332334719132632, 0.0030931236688047647, 0.0015614330768585205], [-4.609546158462763e-05, 0.0002882732078433037, -0.0009318576194345951, 0.0002715665614232421, 0.00011297340097371489, -4.2400115489726886e-05, 0.0019348619971424341, 0.0018992848927155137, 0.001136035192757845, -0.000332334719132632, 0.013745540753006935, -0.0014009447768330574, 0.0009087524376809597], [5.935390163358534e-06, -0.00015944447659421712, -0.00033023854484781623, -2.0845889594056644e-05, -0.0006939595914445817, 0.0023766406811773777, 0.00033075539977289736, 0.0013419766910374165, -0.00010485083475941792, 0.0030931236688047647, -0.0014009447768330574, 0.011480016633868217, -0.00021109715453349054], [0.00010672301141312346, -1.9586161670304136e-06, -0.00032022714731283486, -0.0015954008558765054, 0.0003907592035830021, -0.0002884246059693396, 0.0011678360169753432, 0.001645002281293273, -0.00014638750872109085, 0.0015614330768585205, 0.0009087524376809597, -0.00021109715453349054, 0.011120863258838654]], "metadata.audio_properties.analysis.downmix": "mix", "metadata.audio_properties.codec": "mp3", "metadata.audio_properties.md5_encoded": "4c1da98eb1901df4a9ce64cbfdd12a1c", "metadata.tags.file_name": "1183707350289367060.mp3", "metadata.version.essentia": "2.1-beta6-dev", "metadata.version.essentia_git_sha": "v2.1_beta5-1110-g77a6a954", "metadata.version.extractor": "music 2.0", "tonal.chords_key": "F", "tonal.chords_scale": "major", "tonal.key_edma.key": "D", "tonal.key_edma.scale": "minor", "tonal.key_krumhansl.key": "A", "tonal.key_krumhansl.scale": "minor", "tonal.key_temperley.key": "A", "tonal.key_temperley.scale": "minor", "metadata.tags.encoding": ["Lavf58.45.100"]}, "essentia_models": [{"model_name": "genre_dortmund", "activations": {"alternative": "0.2003571", "blues": "0.015489564", "electronic": "0.015371867", "folkcountry": "0.35779798", "funksoulrnb": "0.017211616", "jazz": "0.013497802", "pop": "0.1502448", "raphiphop": "0.0259875", "rock": "0.25015667"}}, {"model_name": "genre_rosamerica", "activations": {"classic": "0.016667422", "dance": "0.0055475435", "hip hop": "0.0101067815", "jazz": "0.02940746", "pop": "0.17192635", "rhythm and blues": "0.07481383", "rock": "0.11280161", "speech": "0.15160848"}}, {"model_name": "genre_tzanetakis", "activations": {"