{"song_id": "1183701820888059975", "download": "https://cdn.discordapp.com/attachments/1135911532732108921/1183701820888059975/chirp.mp4?ex=65894b3a&amp", "lyrics": "-", "style": ["corporate"], "essentia_features": {"lowlevel.average_loudness": 0.9641266465187073, "lowlevel.barkbands_crest.mean": 16.970693588256836, "lowlevel.barkbands_crest.stdev": 6.511768341064453, "lowlevel.barkbands_flatness_db.mean": 0.4340492784976959, "lowlevel.barkbands_flatness_db.stdev": 0.18758882582187653, "lowlevel.barkbands_kurtosis.mean": 123.60113525390625, "lowlevel.barkbands_kurtosis.stdev": 503.9718322753906, "lowlevel.barkbands_skewness.mean": 3.3471922874450684, "lowlevel.barkbands_skewness.stdev": 5.837976455688477, "lowlevel.barkbands_spread.mean": 8.732391357421875, "lowlevel.barkbands_spread.stdev": 17.747970581054688, "lowlevel.dissonance.mean": 0.3169648349285126, "lowlevel.dissonance.stdev": 0.14512312412261963, "lowlevel.dynamic_complexity": 5.6449360847473145, "lowlevel.erbbands_crest.mean": 15.112754821777344, "lowlevel.erbbands_crest.stdev": 7.408239841461182, "lowlevel.erbbands_flatness_db.mean": 0.3240503668785095, "lowlevel.erbbands_flatness_db.stdev": 0.1563986986875534, "lowlevel.erbbands_kurtosis.mean": 14.107308387756348, "lowlevel.erbbands_kurtosis.stdev": 44.932029724121094, "lowlevel.erbbands_skewness.mean": 0.9591975212097168, "lowlevel.erbbands_skewness.stdev": 2.6660284996032715, "lowlevel.erbbands_spread.mean": 26.073389053344727, "lowlevel.erbbands_spread.stdev": 31.79550552368164, "lowlevel.hfc.mean": 10.019854545593262, "lowlevel.hfc.stdev": 21.59920310974121, "lowlevel.loudness_ebu128.integrated": -20.612796783447266, "lowlevel.loudness_ebu128.loudness_range": 1.7667255401611328, "lowlevel.loudness_ebu128.momentary.mean": -21.382339477539062, "lowlevel.loudness_ebu128.momentary.stdev": 3.075080633163452, "lowlevel.loudness_ebu128.short_term.mean": -20.744186401367188, "lowlevel.loudness_ebu128.short_term.stdev": 0.5627099275588989, "lowlevel.melbands_crest.mean": 24.066221237182617, "lowlevel.melbands_crest.stdev": 7.201653003692627, "lowlevel.melbands_flatness_db.mean": 0.5455698370933533, "lowlevel.melbands_flatness_db.stdev": 0.2264971286058426, "lowlevel.melbands_kurtosis.mean": 60.00373458862305, "lowlevel.melbands_kurtosis.stdev": 126.61448669433594, "lowlevel.melbands_skewness.mean": 3.855595827102661, "lowlevel.melbands_skewness.stdev": 4.2299981117248535, "lowlevel.melbands_spread.mean": 10.838200569152832, "lowlevel.melbands_spread.stdev": 31.137514114379883, "lowlevel.pitch_salience.mean": 0.34295207262039185, "lowlevel.pitch_salience.stdev": 0.20155495405197144, "lowlevel.silence_rate_20dB.mean": 0.9565469026565552, "lowlevel.silence_rate_20dB.stdev": 0.2038746029138565, "lowlevel.silence_rate_30dB.mean": 0.8308227062225342, "lowlevel.silence_rate_30dB.stdev": 0.37490957975387573, "lowlevel.silence_rate_60dB.mean": 0.20104287564754486, "lowlevel.silence_rate_60dB.stdev": 0.40078112483024597, "lowlevel.spectral_centroid.mean": 662.7466430664062, "lowlevel.spectral_centroid.stdev": 822.5892333984375, "lowlevel.spectral_complexity.mean": 5.447856426239014, "lowlevel.spectral_complexity.stdev": 8.371407508850098, "lowlevel.spectral_decrease.mean": -1.5905015970929526e-08, "lowlevel.spectral_decrease.stdev": 2.834320866895723e-08, "lowlevel.spectral_energy.mean": 0.06093798577785492, "lowlevel.spectral_energy.stdev": 0.1082443967461586, "lowlevel.spectral_energyband_high.mean": 0.0003475522098597139, "lowlevel.spectral_energyband_high.stdev": 0.0013501326320692897, "lowlevel.spectral_energyband_low.mean": 0.052833884954452515, "lowlevel.spectral_energyband_low.stdev": 0.1044609546661377, "lowlevel.spectral_energyband_middle_high.mean": 0.0009656001930125058, "lowlevel.spectral_energyband_middle_high.stdev": 0.003297914518043399, "lowlevel.spectral_energyband_middle_low.mean": 0.007386961951851845, "lowlevel.spectral_energyband_middle_low.stdev": 0.0159525778144598, "lowlevel.spectral_entropy.mean": 5.741398334503174, "lowlevel.spectral_entropy.stdev": 1.5933122634887695, "lowlevel.spectral_flux.mean": 0.11145986616611481, "lowlevel.spectral_flux.stdev": 0.14427843689918518, "lowlevel.spectral_kurtosis.mean": 118.51126861572266, "lowlevel.spectral_kurtosis.stdev": 157.03463745117188, "lowlevel.spectral_rms.mean": 0.005592273082584143, "lowlevel.spectral_rms.stdev": 0.005308318883180618, "lowlevel.spectral_rolloff.mean": 910.846435546875, "lowlevel.spectral_rolloff.stdev": 2472.063720703125, "lowlevel.spectral_skewness.mean": 7.16697359085083, "lowlevel.spectral_skewness.stdev": 5.994056701660156, "lowlevel.spectral_spread.mean": 3435489.25, "lowlevel.spectral_spread.stdev": 3143303.25, "lowlevel.spectral_strongpeak.mean": 0.4942609667778015, "lowlevel.spectral_strongpeak.stdev": 0.5579730272293091, "lowlevel.zerocrossingrate.mean": 0.035405483096838, "lowlevel.zerocrossingrate.stdev": 0.07505328953266144, "metadata.audio_properties.analysis.equal_loudness": 0.0, "metadata.audio_properties.analysis.length": 40.04265213012695, "metadata.audio_properties.analysis.sample_rate": 44100.0, "metadata.audio_properties.analysis.start_time": 0.0, "metadata.audio_properties.bit_rate": 119655.0, "metadata.audio_properties.length": 40.042667388916016, "metadata.audio_properties.lossless": 0.0, "metadata.audio_properties.number_channels": 1.0, "metadata.audio_properties.replay_gain": -5.609373092651367, "metadata.audio_properties.sample_rate": 48000.0, "rhythm.beats_count": 73.0, "rhythm.beats_loudness.mean": 0.3299359381198883, "rhythm.beats_loudness.stdev": 0.1129620224237442, "rhythm.bpm": 109.97057342529297, "rhythm.bpm_histogram_first_peak_bpm": 110.0, "rhythm.bpm_histogram_first_peak_weight": 0.2777777910232544, "rhythm.bpm_histogram_second_peak_bpm": 0.0, "rhythm.bpm_histogram_second_peak_spread": 0.0, "rhythm.bpm_histogram_second_peak_weight": 0.0, "rhythm.danceability": 2.315019130706787, "rhythm.onset_rate": 5.2428669929504395, "tonal.chords_changes_rate": 0.08912037312984467, "tonal.chords_number_rate": 0.011574073694646358, "tonal.chords_strength.mean": 0.5111485123634338, "tonal.chords_strength.stdev": 0.11753106117248535, "tonal.hpcp_crest.mean": 13.535962104797363, "tonal.hpcp_crest.stdev": 5.971008777618408, "tonal.hpcp_entropy.mean": 1.876297950744629, "tonal.hpcp_entropy.stdev": 0.8126760721206665, "tonal.key_edma.strength": 0.6897533535957336, "tonal.key_krumhansl.strength": 0.682202160358429, "tonal.key_temperley.strength": 0.6663423180580139, "tonal.tuning_diatonic_strength": 0.539955198764801, "tonal.tuning_equal_tempered_deviation": 0.10601026564836502, "tonal.tuning_frequency": 434.193115234375, "tonal.tuning_nontempered_energy_ratio": 0.8179224729537964, "lowlevel.barkbands.mean": [0.002542446367442608, 0.043514396995306015, 0.006194779183715582, 0.00140472617931664, 0.00338502274826169, 0.0014348530676215887, 0.00045527698239311576, 0.00025495493900962174, 0.00042356870835646987, 9.48275119299069e-05, 7.138172804843634e-05, 0.0001926980767166242, 0.00011024518607882783, 0.00010791685781441629, 0.00010785787890199572, 6.575638690264896e-05, 7.00570089975372e-05, 7.387204095721245e-05, 6.218364433152601e-05, 4.8283065552823246e-05, 4.649694892577827e-05, 5.4301686759572476e-05, 7.043051300570369e-05, 6.437084812205285e-05, 5.542456347029656e-05, 3.095284046139568e-05, 9.087274861485639e-07], "lowlevel.barkbands.stdev": [0.004427459090948105, 0.09433243423700333, 0.02162736840546131, 0.0054234047420322895, 0.008037090301513672, 0.003374930704012513, 0.001292213797569275, 0.0012237824266776443, 0.0012482376769185066, 0.00035768203088082373, 0.0003440288710407913, 0.0007993729668669403, 0.00047971756430342793, 0.0004748849605675787, 0.0005196318379603326, 0.0003038707945961505, 0.0003084141353610903, 0.0003173851582687348, 0.0002907768648583442, 0.0002145565376849845, 0.00020197003323119134, 0.0002257626474602148, 0.00030334986513480544, 0.00025549434940330684, 0.00020533493079710752, 0.0001125385460909456, 5.2335790314828046e-06], "lowlevel.erbbands.mean": [1.5743697881698608, 8.431584358215332, 8.864703178405762, 5.798901081085205, 7.596919536590576, 11.39358139038086, 14.692987442016602, 10.303972244262695, 7.12038516998291, 6.231295585632324, 6.904505729675293, 8.15185832977295, 6.782355785369873, 3.2326536178588867, 5.02774715423584, 6.617748260498047, 5.11818265914917, 5.295779228210449, 5.9124369621276855, 4.709378242492676, 3.6706042289733887, 4.064775466918945, 4.2419233322143555, 3.383605718612671, 2.8277595043182373, 2.2678966522216797, 1.8266386985778809, 1.8862974643707275, 1.9282065629959106, 2.238532066345215, 1.941493272781372, 1.3925704956054688, 1.0421383380889893, 0.8156067132949829, 0.28969740867614746, 0.13569402694702148, 0.061220210045576096, 0.007176512852311134, 0.0001785504719009623, 7.259794074343517e-05], "lowlevel.erbbands.stdev": [3.2347068786621094, 20.05995750427246, 27.999380111694336, 19.632266998291016, 24.5166015625, 28.500652313232422, 37.38148880004883, 26.55389976501465, 19.027721405029297, 18.698848724365234, 32.70344543457031, 22.07678985595703, 22.16323471069336, 12.011088371276855, 20.866302490234375, 23.404212951660156, 21.899860382080078, 22.05388832092285, 27.169837951660156, 21.423748016357422, 17.005735397338867, 17.465625762939453, 18.33683967590332, 15.775470733642578, 12.591388702392578, 10.07156753540039, 7.924978733062744, 8.300107955932617, 7.896218776702881, 9.850104331970215, 8.498775482177734, 5.654651641845703, 4.112547874450684, 3.26735782623291, 1.0018577575683594, 0.5031854510307312, 0.2306385189294815, 0.02851187437772751, 0.0006330121541395783, 0.00012702513777185231], "lowlevel.gfcc.mean": [-260.8963928222656, 149.75413513183594, -22.942279815673828, 16.30951690673828, -49.122955322265625, 1.508969783782959, -15.816492080688477, 6.851712226867676, -7.1837239265441895, 0.16641488671302795, -2.8746895790100098, -0.006364260334521532, -0.3761136531829834], "lowlevel.melbands.mean": [0.013182285241782665, 0.0065430812537670135, 0.0010591832688078284, 0.0006712411413900554, 0.0005206259666010737, 0.00023125187726691365, 0.00010978114005411044, 6.19496640865691e-05, 5.495969162438996e-05, 5.5878961575217545e-05, 3.409852797631174e-05, 1.2468593013181817e-05, 1.3450494407152291e-05, 2.318008591828402e-05, 1.1904398888873402e-05, 1.0898265827563591e-05, 9.683995813247748e-06, 9.590747140464373e-06, 7.914674824860413e-06, 4.9061204663303215e-06, 4.170915872236947e-06, 4.070362138008932e-06, 4.451033419172745e-06, 3.18781303576543e-06, 2.70871873908618e-06, 2.2463937057182193e-06, 1.7871270756586455e-06, 1.4397461427506641e-06, 1.1454366131147253e-06, 1.0917863164650043e-06, 1.0556209417700302e-06, 1.0952079492199118e-06, 1.0327265727028134e-06, 1.336265199824993e-06, 1.159975909104105e-06, 8.895787573237612e-07, 8.414423291469575e-07, 7.009313094386016e-07, 7.645326149940956e-07, 6.674207497781026e-07], "lowlevel.melbands.stdev": [0.02768695168197155, 0.016402188688516617, 0.0034189950674772263, 0.0018111690878868103, 0.0012311481405049562, 0.0005768179544247687, 0.0002897100057452917, 0.00018277065828442574, 0.0002425735874567181, 0.00016098952619358897, 0.0001137661311076954, 4.8497709940420464e-05, 5.5827687901910394e-05, 0.0001000647826003842, 5.2088980737607926e-05, 4.601329055731185e-05, 4.13528032368049e-05, 4.409366738400422e-05, 3.8662761653540656e-05, 2.2597176212002523e-05, 2.0363568182801828e-05, 1.818968667066656e-05, 1.9589120711316355e-05, 1.393783441017149e-05, 1.3080364624329377e-05, 1.0380108506069519e-05, 7.854122486605775e-06, 6.6296652221353725e-06, 5.219586455496028e-06, 4.775841716764262e-06, 4.774310127686476e-06, 4.5845818021916784e-06, 4.241128863213817e-06, 6.040431344445096e-06, 5.254365532891825e-06, 3.7149645777390106e-06, 3.4462434541637776e-06, 2.789424343063729e-06, 3.0960338790464448e-06, 2.698901653275243e-06], "lowlevel.melbands128.mean": [0.0023061276879161596, 0.012631421908736229, 0.019116893410682678, 0.012030458077788353, 0.005558750592172146, 0.002646208740770817, 0.0011300399200990796, 0.0006352175842039287, 0.0008322770008817315, 0.0006275596097111702, 0.0006451074732467532, 0.0006057610153220594, 0.0005975926178507507, 0.00026340113254263997, 0.00021548883523792028, 0.00024838087847456336, 0.00010829048551386222, 9.500845771981403e-05, 8.503242861479521e-05, 8.096829697024077e-05, 2.949040208477527e-05, 6.488598592113703e-05, 5.743914152844809e-05, 4.9063004553318024e-05, 4.0525152144255117e-05, 6.700952508253977e-05, 7.980929512996227e-05, 1.592114131199196e-05, 1.2339730346866418e-05, 1.4836112313787453e-05, 1.1132971849292517e-05, 1.0844418284250423e-05, 1.0523188393563032e-05, 1.207514651468955e-05, 3.681008092826232e-05, 2.07772300200304e-05, 1.4374507372849621e-05, 1.0383957487647422e-05, 1.156809685198823e-05, 1.1260420251346659e-05, 1.0695098353608046e-05, 1.0390159332018811e-05, 8.967773283075076e-06, 9.817509635468014e-06, 1.0538338756305166e-05, 8.7261159933405e-06, 9.855421922111418e-06, 8.472165973216761e-06, 7.262770395755069e-06, 5.526570021174848e-06, 4.5269248403201345e-06, 4.3109021135023795e-06, 4.035686288261786e-06, 4.30975342169404e-06, 4.012533281638753e-06, 3.989946435467573e-06, 4.0986965359479655e-06, 4.429175533005036e-06, 4.966635970049538e-06, 3.84213717552484e-06, 3.050465693377191e-06, 2.6526686269789934e-06, 2.773127789623686e-06, 2.737501063165837e-06, 2.5610397642594762e-06, 2.3693596631346736e-06, 1.9307499314891174e-06, 1.8908907577497303e-06, 1.833371129578154e-06, 1.5406815236929106e-06, 1.4765394098503748e-06, 1.3878162690161844e-06, 1.1955053196288645e-06, 1.1639720014500199e-06, 9.544320391796646e-07, 1.0902926987910178e-06, 1.1231666121602757e-06, 1.2009290912828874e-06, 1.0889917803069693e-06, 7.985005368027487e-07, 1.1583418881855323e-06, 1.2340570947344531e-06, 9.626588735045516e-07, 8.591764526499901e-07, 1.257894382433733e-06, 1.3210204770075507e-06, 1.4316386796053848e-06, 1.2465101235648035e-06, 1.0793995670610457e-06, 1.2175718211437925e-06, 9.438946904083423e-07, 7.69777727782639e-07, 7.803444646015123e-07, 1.0218523129879031e-06, 7.127915182536526e-07, 7.155637149480754e-07, 6.962241059227381e-07, 6.290775331763143e-07, 8.849281698530831e-07, 7.381864293165563e-07, 7.54391521695652e-07, 7.386078095805715e-07, 4.352364442183898e-07, 4.07805600843858e-07, 2.920153292507166e-07, 2.3087760325779527e-07, 2.3336824028774572e-07, 2.3390010994717159e-07, 2.1806475558605598e-07, 2.4764500494711683e-07, 2.3506456159338995e-07, 2.107852878907579e-07, 2.238515577346334e-07, 1.7831482068686455e-07, 1.061038830130201e-07, 6.96736961458555e-08, 3.7525087037693083e-08, 2.75547984429636e-09, 8.920538613343965e-11, 6.555907205996192e-11, 6.126253671023818e-11, 1.462514311045826e-11, 1.0821198104249419e-11, 1.0394836900962101e-11, 9.786039166514993e-12, 9.022812011427739e-12, 8.534481281408102e-12, 8.365328395265603e-12], "lowlevel.melbands128.stdev": [0.0038777622394263744, 0.025112055242061615, 0.04479983076453209, 0.030873961746692657, 0.018035385757684708, 0.009107176214456558, 0.004103700630366802, 0.0024555150885134935, 0.002774707041680813, 0.001999764470383525, 0.0018058245768770576, 0.0014628423377871513, 0.0016734703676775098, 0.0008216521819122136, 0.0006605019443668425, 0.0006826255121268332, 0.0003025155747309327, 0.0003611700376495719, 0.00026860495563596487, 0.0002963174774777144, 9.597905591363087e-05, 0.00037869601510465145, 0.00032534473575651646, 0.0001980774977710098, 0.00015185607480816543, 0.0002514925436116755, 0.0003204881795682013, 6.443449819926172e-05, 5.434547347249463e-05, 5.682849950972013e-05, 4.9243521061725914e-05, 5.997598054818809e-05, 5.6913930166047066e-05, 5.3500662033911794e-05, 0.00023220397997647524, 7.567262218799442e-05, 6.0819795180577785e-05, 5.445950955618173e-05, 6.122958438936621e-05, 5.316806709743105e-05, 4.815855936612934e-05, 4.606708898791112e-05, 4.0807080949889496e-05, 4.833961065742187e-05, 5.484140638145618e-05, 4.341237581684254e-05, 5.5291839089477435e-05, 4.94701016577892e-05, 3.674218532978557e-05, 2.771742583718151e-05, 2.34428280236898e-05, 2.1398693206720054e-05, 2.017255792452488e-05, 2.49879030889133e-05, 2.275739643664565e-05, 1.8927557903225534e-05, 1.8651242498890497e-05, 2.0638328351196833e-05, 2.3877448256826028e-05, 1.8404733054921962e-05, 1.4642153473687358e-05, 1.289674128202023e-05, 1.3855589713784866e-05, 1.489341684646206e-05, 1.3373892215895467e-05, 1.1528356480994262e-05, 9.924735422828235e-06, 8.797003829386085e-06, 8.736816198506858e-06, 7.3591536420281045e-06, 8.07647575129522e-06, 6.8644167185993865e-06, 6.17550858805771e-06, 5.71439204577473e-06, 4.365621407487197e-06, 5.221399987931363e-06, 5.146615421836032e-06, 5.954376774752745e-06, 5.417645297711715e-06, 3.553165697667282e-06, 5.3288899835024495e-06, 5.513346422958421e-06, 4.071336661581881e-06, 3.473336619208567e-06, 6.140541700005997e-06, 6.435925115511054e-06, 6.6174129642604385e-06, 5.888373834750382e-06, 5.307730589265702e-06, 5.89380033488851e-06, 4.392171376821352e-06, 3.3673222787911072e-06, 3.334637995067169e-06, 4.462684955797158e-06, 3.1042347927723313e-06, 2.886135916924104e-06, 3.164248937537195e-06, 2.67044197244104e-06, 3.7972988593537593e-06, 3.208008365618298e-06, 3.4370373214187566e-06, 3.1404629226017278e-06, 1.6948825987128657e-06, 1.6477775943712913e-06, 1.054744188877521e-06, 8.087115475063911e-07, 8.799690931482473e-07, 9.870557278190972e-07, 9.673723297964898e-07, 1.080221068150422e-06, 9.018259561344166e-07, 7.882437103035045e-07, 9.379942298437527e-07, 7.734963674010942e-07, 4.114406237931689e-07, 2.964705743124796e-07, 2.2114936371053773e-07, 2.015664968268993e-08, 2.0622239471634884e-09, 1.4817871374361857e-09, 1.4634329303930826e-09, 1.3925569031236762e-10, 9.165313646919415e-11, 8.076206370333239e-11, 6.601532515082553e-11, 4.874580253333427e-11, 3.712201726568942e-11, 3.300815176743299e-11], "lowlevel.mfcc.mean": [-923.2432861328125, 175.93907165527344, 78.07377624511719, 37.80051040649414, 7.404465675354004, 1.9929336309432983, 2.3627705574035645, 6.350419521331787, 3.741037130355835, 5.663858890533447, 5.841841220855713, 3.47605037689209, 1.364819049835205], "lowlevel.spectral_contrast_coeffs.mean": [-0.7018221616744995, -0.7217914462089539, -0.7662574052810669, -0.8687075972557068, -0.8723410964012146, -0.8425005078315735], "lowlevel.spectral_contrast_coeffs.stdev": [0.1001734584569931, 0.11483605951070786, 0.12677383422851562, 0.048460833728313446, 0.04364045336842537, 0.05920330807566643], "lowlevel.spectral_contrast_valleys.mean": [-7.854367733001709, -8.817198753356934, -10.273177146911621, -11.040458679199219, -11.041296005249023, -13.12550163269043], "lowlevel.spectral_contrast_valleys.stdev": [2.2405874729156494, 1.8364721536636353, 2.073401689529419, 2.278132438659668, 2.4210610389709473, 2.2908003330230713], "rhythm.beats_loudness_band_ratio.mean": [0.9893701672554016, 0.005605284124612808, 0.0020663642790168524, 0.0013910718262195587, 0.0013486347161233425, 0.0018434199737384915], "rhythm.beats_loudness_band_ratio.stdev": [0.011349521577358246, 0.00979273859411478, 0.0036627675872296095, 0.002144736470654607, 0.002765263430774212, 0.003953057341277599], "tonal.hpcp.mean": [0.14278331398963928, 0.0929722785949707, 0.03992964327335358, 0.037879448384046555, 0.03960493206977844, 0.07219745963811874, 0.1885243058204651, 0.21161536872386932, 0.10482817143201828, 0.05409291014075279, 0.04298562929034233, 0.042127542197704315, 0.05735929310321808, 0.0746067687869072, 0.10664467513561249, 0.14829912781715393, 0.10511363297700882, 0.03542628511786461, 0.025299645960330963, 0.029489323496818542, 0.033231716603040695, 0.04586159437894821, 0.04044209420681, 0.02981163188815117, 0.03393315523862839, 0.02866022288799286, 0.04717986658215523, 0.1057221069931984, 0.0931008979678154, 0.061021607369184494, 0.11216579377651215, 0.11864739656448364, 0.07978925853967667, 0.0729994848370552, 0.08244053274393082, 0.1139262393116951], "tonal.hpcp.stdev": [0.30160024762153625, 0.2248677909374237, 0.15807338058948517, 0.16169396042823792, 0.16006776690483093, 0.18849846720695496, 0.3349784016609192, 0.36452093720436096, 0.24508582055568695, 0.18095946311950684, 0.16637645661830902, 0.1595362424850464, 0.20199590921401978, 0.2174130529165268, 0.25622764229774475, 0.29500705003738403, 0.23012477159500122, 0.1381980925798416, 0.11645904928445816, 0.1423155963420868, 0.1319652497768402, 0.17022645473480225, 0.15167000889778137, 0.12847208976745605, 0.14431118965148926, 0.11951547116041183, 0.1358330398797989, 0.24642203748226166, 0.20424526929855347, 0.1772061437368393, 0.269223690032959, 0.28030356764793396, 0.2135198563337326, 0.2191770374774933, 0.22972019016742706, 0.260885626077652], "rhythm.beats_position": [0.5572788715362549, 1.1145577430725098, 1.6718367338180542, 2.217505693435669, 2.763174533843994, 3.2972335815429688, 3.8545124530792236, 4.388571262359619, 4.945850372314453, 5.479909420013428, 6.025578022003174, 6.571247100830078, 7.116916179656982, 7.6625847816467285, 8.208253860473633, 8.753922462463379, 9.299592018127441, 9.845260620117188, 10.402539253234863, 10.936598777770996, 11.493877410888672, 12.027935981750488, 12.57360553741455, 13.119274139404297, 13.664942741394043, 14.210612297058105, 14.756280899047852, 15.301949501037598, 15.84761905670166, 16.393287658691406, 16.93895721435547, 17.4846248626709, 18.01868438720703, 18.575963973999023, 19.121631622314453, 19.667301177978516, 20.212970733642578, 20.758638381958008, 21.30430793762207, 21.849977493286133, 22.395645141601562, 22.941314697265625, 23.486984252929688, 24.032651901245117, 24.56671142578125, 25.112380981445312, 25.658048629760742, 26.215328216552734, 26.749387741088867, 27.306665420532227, 27.84072494506836, 28.386394500732422, 28.93206214904785, 29.477731704711914, 30.023401260375977, 30.569068908691406, 31.11473846435547, 31.66040802001953, 32.206077575683594, 32.751747131347656, 33.29741287231445, 33.843082427978516, 34.38875198364258, 34.94602966308594, 35.4800910949707, 36.025760650634766, 36.57142639160156, 37.117095947265625, 37.66276550292969, 38.20843505859375, 38.75410461425781, 39.299774169921875, 39.84543991088867], "rhythm.bpm_histogram": [0.0, 0.0, 0.0, 0.0, 0.0, 0.0, 0.0, 0.0, 0.0, 0.0, 0.0, 0.0, 0.0, 0.0, 0.0, 0.0, 0.0, 0.0, 0.0, 0.0, 0.0, 0.0, 0.0, 0.0, 0.0, 0.0, 0.0, 0.0, 0.0, 0.0, 0.0, 0.0, 0.0, 0.0, 0.0, 0.0, 0.0, 0.0, 0.0, 0.0, 0.0, 0.0, 0.0, 0.0, 0.0, 0.0, 0.0, 0.0, 0.0, 0.0, 0.0, 0.0, 0.0, 0.0, 0.0, 0.0, 0.0, 0.0, 0.0, 0.0, 0.0, 0.0, 0.0, 0.0, 0.0, 0.0, 0.0, 0.0, 0.0, 0.0, 0.0, 0.0, 0.0, 0.0, 0.0, 0.0, 0.0, 0.0, 0.0, 0.0, 0.0, 0.0, 0.0, 0.0, 0.0, 0.0, 0.0, 0.0, 0.0, 0.0, 0.0, 0.0, 0.0, 0.0, 0.0, 0.0, 0.0, 0.0, 0.0, 0.0, 0.0, 0.0, 0.0, 0.0, 0.0, 0.0, 0.0, 0.0, 0.1388888955116272, 0.0, 0.7222222089767456, 0.0, 0.1388888955116272, 0.0, 0.0, 0.0, 0.0, 0.0, 0.0, 0.0, 0.0, 0.0, 0.0, 0.0, 0.0, 0.0, 0.0, 0.0, 0.0, 0.0, 0.0, 0.0, 0.0, 0.0, 0.0, 0.0, 0.0, 0.0, 0.0, 0.0, 0.0, 0.0, 0.0, 0.0, 0.0, 0.0, 0.0, 0.0, 0.0, 0.0, 0.0, 0.0, 0.0, 0.0, 0.0, 0.0, 0.0, 0.0, 0.0, 0.0, 0.0, 0.0, 0.0, 0.0, 0.0, 0.0, 0.0, 0.0, 0.0, 0.0, 0.0, 0.0, 0.0, 0.0, 0.0, 0.0, 0.0, 0.0, 0.0, 0.0, 0.0, 0.0, 0.0, 0.0, 0.0, 0.0, 0.0, 0.0, 0.0, 0.0, 0.0, 0.0, 0.0, 0.0, 0.0, 0.0, 0.0, 0.0, 0.0, 0.0, 0.0, 0.0, 0.0, 0.0, 0.0, 0.0, 0.0, 0.0, 0.0, 0.0, 0.0, 0.0, 0.0, 0.0, 0.0, 0.0, 0.0, 0.0, 0.0, 0.0, 0.0, 0.0, 0.0, 0.0, 0.0, 0.0, 0.0, 0.0, 0.0, 0.0, 0.0, 0.0, 0.0, 0.0, 0.0, 0.0, 0.0, 0.0, 0.0, 0.0, 0.0, 0.0, 0.0, 0.0, 0.0, 0.0, 0.0, 0.0, 0.0, 0.0], "tonal.chords_histogram": [0.0, 0.0, 1.3888888359069824, 0.0, 0.0, 0.0, 0.0, 0.0, 0.0, 0.6944444179534912, 0.0, 0.0, 6.828703880310059, 6.828703880310059, 4.976851940155029, 15.162036895751953, 30.671297073364258, 0.0, 1.9675925970077515, 0.8101851940155029, 5.787036895751953, 8.101851463317871, 16.782407760620117, 0.0], "tonal.thpcp": [1.0, 0.4953712522983551, 0.25561901926994324, 0.20313094556331635, 0.19907601177692413, 0.2710544764995575, 0.3525583744049072, 0.5039552450180054, 0.7007956504821777, 0.49672022461891174, 0.16740885376930237, 0.11955486238002777, 0.139353409409523, 0.15703830122947693, 0.21672147512435913, 0.19111132621765137, 0.14087650179862976, 0.16035297513008118, 0.13543544709682465, 0.2229510396718979, 0.49959561228752136, 0.43995338678359985, 0.28836095333099365, 0.5300455689430237, 0.560674786567688, 0.3770484924316406, 0.34496304392814636, 0.3895772397518158, 0.5383646488189697, 0.6747303605079651, 0.4393455982208252, 0.1886897087097168, 0.17900140583515167, 0.18715527653694153, 0.34117305278778076, 0.8908818960189819], "lowlevel.gfcc.cov": [[35867.6484375, -3059.54931640625, -3204.162841796875, 4833.3984375, 1161.802001953125, 1905.821533203125, -1151.651123046875, 486.36004638671875, -759.473388671875, 133.90008544921875, -427.6766357421875, 225.90159606933594, -622.376953125], [-3059.54931640625, 8918.5087890625, 3283.11474609375, -2049.93115234375, 525.898681640625, -1236.6605224609375, 976.682373046875, -1107.41552734375, 678.3416137695312, -570.8845825195312, 647.6945190429688, -463.06494140625, 763.5003662109375], [-3204.162841796875, 3283.11474609375, 4450.0009765625, 394.041748046875, 418.0767822265625, -702.4326782226562, 217.9766845703125, -141.50820922851562, 449.68536376953125, -27.064605712890625, 281.59698486328125, -43.95757293701172, 349.9115295410156], [4833.3984375, -2049.93115234375, 394.041748046875, 3093.459228515625, 1015.392333984375, 293.0893249511719, -675.1550903320312, 170.6253204345703, -70.08256530761719, 194.12889099121094, -26.720651626586914, 177.1251220703125, -117.3821792602539], [1161.802001953125, 525.898681640625, 418.0767822265625, 1015.392333984375, 1198.733642578125, 224.1223602294922, 77.26952362060547, -175.89840698242188, 161.23460388183594, 36.51399612426758, 211.86541748046875, -6.646293640136719, 69.64031219482422], [1905.821533203125, -1236.6605224609375, -702.4326782226562, 293.0893249511719, 224.1223602294922, 721.5138549804688, 133.92880249023438, 240.88076782226562, -112.85844421386719, 59.629356384277344, -69.54275512695312, 34.678558349609375, -172.58193969726562], [-1151.651123046875, 976.682373046875, 217.9766845703125, -675.1550903320312, 77.26952362060547, 133.92880249023438, 633.0895385742188, 144.61143493652344, 201.4697265625, -146.7289276123047, 9.9591646194458, -147.91976928710938, 101.78076171875], [486.36004638671875, -1107.41552734375, -141.50820922851562, 170.6253204345703, -175.89840698242188, 240.88076782226562, 144.61143493652344, 529.5582885742188, 64.90766143798828, 20.641277313232422, -229.1451873779297, -37.22111511230469, -107.24240112304688], [-759.473388671875, 678.3416137695312, 449.68536376953125, -70.08256530761719, 161.23460388183594, -112.85844421386719, 201.4697265625, 64.90766143798828, 276.57745361328125, 18.796905517578125, 77.0682144165039, -88.39263916015625, 60.4078369140625], [133.90008544921875, -570.8845825195312, -27.064605712890625, 194.12889099121094, 36.51399612426758, 59.629356384277344, -146.7289276123047, 20.641277313232422, 18.796905517578125, 232.39715576171875, 102.72026062011719, 98.18720245361328, -102.91463470458984], [-427.6766357421875, 647.6945190429688, 281.59698486328125, -26.720651626586914, 211.86541748046875, -69.54275512695312, 9.9591646194458, -229.1451873779297, 77.0682144165039, 102.72026062011719, 296.9762268066406, 68.2972412109375, 30.03464698791504], [225.90159606933594, -463.06494140625, -43.95757293701172, 177.1251220703125, -6.646293640136719, 34.678558349609375, -147.91976928710938, -37.22111511230469, -88.39263916015625, 98.18720245361328, 68.2972412109375, 166.7194366455078, -5.008041858673096], [-622.376953125, 763.5003662109375, 349.9115295410156, -117.3821792602539, 69.64031219482422, -172.58193969726562, 101.78076171875, -107.24240112304688, 60.4078369140625, -102.91463470458984, 30.03464698791504, -5.008041858673096, 211.5318603515625]], "lowlevel.gfcc.icov": [[7.037997420411557e-05, -0.00017293021664954722, 0.00011313509457977489, -0.00019749898638110608, 0.0001094454200938344, -0.0002305853267898783, 0.00010769266373245046, -0.00016435452562291175, 0.00010251093044644222, -0.00015790834731888026, 0.00014563371951226145, -0.0001357950532110408, 4.5212444092612714e-05], [-0.00017293021664954722, 0.0011392873711884022, -0.0006049370858818293, 0.0007687431061640382, -0.000389446213375777, 0.0007544544641859829, -0.0004897768376395106, 0.0013674257788807154, -0.0008317114552482963, 0.0014921060064807534, -0.0011145035969093442, 0.0012464913306757808, -0.00036979300784878433], [0.00011313509457977489, -0.0006049370858818293, 0.0006889623473398387, -0.0006093643605709076, 0.00024081781157292426, -3.2221738365478814e-05, -6.740426033502445e-05, -0.0007732303347438574, 0.0003442083252593875, -0.0008871664758771658, 0.00037462773616425693, -0.0006698505021631718, -2.5612769604776986e-05], [-0.00019749898638110608, 0.0007687431061640382, -0.0006093643605709076, 0.0021116093266755342, -0.0018351174658164382, 0.0004249379562679678, 0.002169941086322069, -0.001239910488948226, -0.000190770675544627, 0.0018050005892291665, -0.0015282471431419253, 0.0009256773046217859, -0.0007263150764629245], [0.0001094454200938344, -0.000389446213375777, 0.00024081781157292426, -0.0018351174658164382, 0.003407451556995511, -0.0019196105422452092, -0.0014190697111189365, 0.0027899693232029676, -0.002373672090470791, -0.000634031486697495, 0.0009064728510566056, -0.0005758940242230892, -5.2653515012934804e-05], [-0.0002305853267898783, 0.0007544544641859829, -3.2221738365478814e-05, 0.0004249379562679678, -0.0019196105422452092, 0.0057523213326931, -0.0035573828499764204, -0.0010498597985133529, 0.003976594656705856, -0.0009281045640818775, -0.0008713491843082011, 0.000354391144355759, 0.0019370261579751968], [0.00010769266373245046, -0.0004897768376395106, -6.740426033502445e-05, 0.002169941086322069, -0.0014190697111189365, -0.0035573828499764204, 0.009879698045551777, -0.005674224346876144, -0.0019332627998664975, 0.00432468019425869, -0.004261339083313942, 0.0024259763304144144, -0.003346700221300125], [-0.00016435452562291175, 0.0013674257788807154, -0.0007732303347438574, -0.001239910488948226, 0.0027899693232029676, -0.0010498597985133529, -0.005674224346876144, 0.013200990855693817, -0.008596927858889103, 0.00026329507818445563, 0.00833047367632389, -0.004625610075891018, 0.004110494628548622], [0.00010251093044644222, -0.0008317114552482963, 0.0003442083252593875, -0.000190770675544627, -0.002373672090470791, 0.003976594656705856, -0.0019332627998664975, -0.008596927858889103, 0.018428117036819458, -0.008409284986555576, -0.0060713510029017925, 0.010347316972911358, -0.005020936485379934], [-0.00015790834731888026, 0.0014921060064807534, -0.0008871664758771658, 0.0018050005892291665, -0.000634031486697495, -0.0009281045640818775, 0.00432468019425869, 0.00026329507818445563, -0.008409284986555576, 0.01768374629318714, -0.005254357121884823, -0.006278348155319691, 0.005725489929318428], [0.00014563371951226145, -0.0011145035969093442, 0.00037462773616425693, -0.0015282471431419253, 0.0009064728510566056, -0.0008713491843082011, -0.004261339083313942, 0.00833047367632389, -0.0060713510029017925, -0.005254357121884823, 0.0164329931139946, -0.009984531439840794, 0.004855668172240257], [-0.0001357950532110408, 0.0012464913306757808, -0.0006698505021631718, 0.0009256773046217859, -0.0005758940242230892, 0.000354391144355759, 0.0024259763304144144, -0.004625610075891018, 0.010347316972911358, -0.006278348155319691, -0.009984531439840794, 0.02246948704123497, -0.010370357893407345], [4.5212444092612714e-05, -0.00036979300784878433, -2.5612769604776986e-05, -0.0007263150764629245, -5.2653515012934804e-05, 0.0019370261579751968, -0.003346700221300125, 0.004110494628548622, -0.005020936485379934, 0.005725489929318428, 0.004855668172240257, -0.010370357893407345, 0.014410882256925106]], "lowlevel.mfcc.cov": [[31651.416015625, -4387.56005859375, -3954.215576171875, 966.1859130859375, 1681.717529296875, 1626.2933349609375, 698.12353515625, 587.7894897460938, -222.79598999023438, -71.01921844482422, -19.583044052124023, -152.0679473876953, -118.34154510498047], [-4387.56005859375, 8089.16162109375, 2637.545166015625, 145.71038818359375, -234.5300750732422, -3.326648235321045, -80.83638000488281, -327.0628662109375, -64.37164306640625, -58.17584991455078, -116.51349639892578, -36.5108757019043, 7.836729526519775], [-3954.215576171875, 2637.545166015625, 3340.4638671875, 967.519775390625, 239.86709594726562, -204.7513427734375, -154.18719482421875, -130.90444946289062, 41.70522689819336, 25.200782775878906, -1.0308897495269775, 14.002888679504395, 71.11756896972656], [966.1859130859375, 145.71038818359375, 967.519775390625, 1581.4158935546875, 1040.03466796875, 352.1712951660156, -2.4311513900756836, -15.74452018737793, -14.790754318237305, 16.58111000061035, -12.213254928588867, -39.1426887512207, 20.854389190673828], [1681.717529296875, -234.5300750732422, 239.86709594726562, 1040.03466796875, 1064.6866455078125, 560.6344604492188, 144.56565856933594, 22.5953369140625, -44.03857421875, 3.4700400829315186, 19.482404708862305, 28.40953826904297, 75.388916015625], [1626.2933349609375, -3.326648235321045, -204.7513427734375, 352.1712951660156, 560.6344604492188, 552.2459716796875, 253.77294921875, 71.66958618164062, -55.57699203491211, -25.372600555419922, 15.181488990783691, 73.2989273071289, 99.07544708251953], [698.12353515625, -80.83638000488281, -154.18719482421875, -2.4311513900756836, 144.56565856933594, 253.77294921875, 276.3482971191406, 191.64019775390625, 74.01933288574219, 46.26860046386719, 49.818519592285156, 66.6982192993164, 47.2576904296875], [587.7894897460938, -327.0628662109375, -130.90444946289062, -15.74452018737793, 22.5953369140625, 71.66958618164062, 191.64019775390625, 310.49346923828125, 222.85707092285156, 159.60430908203125, 79.14611053466797, 13.504297256469727, -44.998111724853516], [-222.79598999023438, -64.37164306640625, 41.70522689819336, -14.790754318237305, -44.03857421875, -55.57699203491211, 74.01933288574219, 222.85707092285156, 309.6184387207031, 238.50831604003906, 98.06462860107422, -44.665008544921875, -117.93934631347656], [-71.01921844482422, -58.17584991455078, 25.200782775878906, 16.58111000061035, 3.4700400829315186, -25.372600555419922, 46.26860046386719, 159.60430908203125, 238.50831604003906, 257.3401184082031, 138.21412658691406, -7.766463756561279, -98.0606918334961], [-19.583044052124023, -116.51349639892578, -1.0308897495269775, -12.213254928588867, 19.482404708862305, 15.181488990783691, 49.818519592285156, 79.14611053466797, 98.06462860107422, 138.21412658691406, 168.57742309570312, 116.78263854980469, 37.79341506958008], [-152.0679473876953, -36.5108757019043, 14.002888679504395, -39.1426887512207, 28.40953826904297, 73.2989273071289, 66.6982192993164, 13.504297256469727, -44.665008544921875, -7.766463756561279, 116.78263854980469, 238.22193908691406, 208.0029296875], [-118.34154510498047, 7.836729526519775, 71.11756896972656, 20.854389190673828, 75.388916015625, 99.07544708251953, 47.2576904296875, -44.998111724853516, -117.93934631347656, -98.0606918334961, 37.79341506958008, 208.0029296875, 277.5218505859375]], "lowlevel.mfcc.icov": [[4.987868669559248e-05, 3.5390162338444497e-06, 5.1689970860024914e-05, -4.599327075993642e-05, 2.9931003155070357e-05, -0.00014783184451516718, 0.00012208761472720653, -0.0002399564255028963, 0.00019853581034112722, 2.747596772678662e-05, -0.0001728775241645053, 0.0001924220414366573, -3.0268833143054508e-05], [3.5390162338444497e-06, 0.00022143487876746804, -0.00020847561245318502, -1.8483386838852311e-06, 0.00033503855229355395, -0.0005193560500629246, -1.3050241250311956e-05, 0.0004391726397443563, -0.00022601705859415233, -0.0001639165129745379, 0.00035082356771454215, -0.00024875166127458215, 0.00020134054648224264], [5.1689970860024914e-05, -0.00020847561245318502, 0.000749129569157958, -0.0006391737842932343, -1.326334950135788e-05, 0.0008439516532234848, -0.0005462756962515414, 7.282180013135076e-05, 1.8794196876115166e-05, -7.183181878644973e-06, -0.00019882060587406158, 0.00024526682682335377, -0.0004601734399329871], [-4.599327075993642e-05, -1.8483386838852311e-06, -0.0006391737842932343, 0.0032038376666605473, -0.0036695394665002823, 0.0011680315947160125, 0.0011647699866443872, -0.0010494409361854196, 0.0003097430744674057, -4.470876956474967e-05, 0.000464122393168509, 8.343880472239107e-05, 0.00010491629655007273], [2.9931003155070357e-05, 0.00033503855229355395, -1.326334950135788e-05, -0.0036695394665002823, 0.00784845557063818, -0.00677385414019227, 0.0019279817352071404, 0.0006690389709547162, -0.0008926601731218398, 0.00030833727214485407, -0.0016737935366109014, 0.0012574264546856284, -0.0006360533297993243], [-0.00014783184451516718, -0.0005193560500629246, 0.0008439516532234848, 0.0011680315947160125, -0.00677385414019227, 0.013390559703111649, -0.010380632244050503, 0.0028421010356396437, 0.0027207829989492893, -0.003155000740662217, 0.0029382917564362288, -0.0011269040405750275, -0.0005783119704574347], [0.00012208761472720653, -1.3050241250311956e-05, -0.0005462756962515414, 0.0011647699866443872, 0.0019279817352071404, -0.010380632244050503, 0.019326284527778625, -0.011516870930790901, -6.971853144932538e-05, 0.004460877273231745, -0.0034809911157935858, 0.0006186784012243152, -0.00031435483833774924], [-0.0002399564255028963, 0.0004391726397443563, 7.282180013135076e-05, -0.0010494409361854196, 0.0006690389709547162, 0.0028421010356396437, -0.011516870930790901, 0.017616748809814453, -0.010098722763359547, -0.0011101991403847933, 0.004810119513422251, -0.005009457003325224, 0.0019822432659566402], [0.00019853581034112722, -0.00022601705859415233, 1.8794196876115166e-05, 0.0003097430744674057, -0.0008926601731218398, 0.0027207829989492893, -6.971853144932538e-05, -0.010098722763359547, 0.02271798811852932, -0.016016146168112755, 0.0015352710615843534, 0.0048691811971366405, -0.00215464667417109], [2.747596772678662e-05, -0.0001639165129745379, -7.183181878644973e-06, -4.470876956474967e-05, 0.00030833727214485407, -0.003155000740662217, 0.004460877273231745, -0.0011101991403847933, -0.016016146168112755, 0.03106141835451126, -0.021336937323212624, 0.005547895561903715, 0.0030409754253923893], [-0.0001728775241645053, 0.00035082356771454215, -0.00019882060587406158, 0.000464122393168509, -0.0016737935366109014, 0.0029382917564362288, -0.0034809911157935858, 0.004810119513422251, 0.0015352710615843534, -0.021336937323212624, 0.03761480003595352, -0.02590900845825672, 0.008120396174490452], [0.0001924220414366573, -0.00024875166127458215, 0.00024526682682335377, 8.343880472239107e-05, 0.0012574264546856284, -0.0011269040405750275, 0.0006186784012243152, -0.005009457003325224, 0.0048691811971366405, 0.005547895561903715, -0.02590900845825672, 0.03621779382228851, -0.02042427286505699], [-3.0268833143054508e-05, 0.00020134054648224264, -0.0004601734399329871, 0.00010491629655007273, -0.0006360533297993243, -0.0005783119704574347, -0.00031435483833774924, 0.0019822432659566402, -0.00215464667417109, 0.0030409754253923893, 0.008120396174490452, -0.02042427286505699, 0.018809951841831207]], "metadata.audio_properties.analysis.downmix": "mix", "metadata.audio_properties.codec": "mp3", "metadata.audio_properties.md5_encoded": "db6af51516b7c8b8030521ab0b64c429", "metadata.tags.file_name": "1183701820888059975.mp3", "metadata.version.essentia": "2.1-beta6-dev", "metadata.version.essentia_git_sha": "v2.1_beta5-1110-g77a6a954", "metadata.version.extractor": "music 2.0", "tonal.chords_key": "D", "tonal.chords_scale": "major", "tonal.key_edma.key": "F#", "tonal.key_edma.scale": "major", "tonal.key_krumhansl.key": "F#", "tonal.key_krumhansl.scale": "major", "tonal.key_temperley.key": "F#", "tonal.key_temperley.scale": "major", "metadata.tags.encoding": ["Lavf58.45.100"]}, "essentia_models": [{"model_name": "genre_dortmund", "activations": {"alternative": "0.0058257156", "blues": "0.000518622