{"song_id": "1183712482100006932", "download": "https://cdn.discordapp.com/attachments/1135911532732108921/1183712482100006932/chirp.mp4?ex=65895528&amp", "lyrics": "[End of song]", "style": ["MPB</span><span>, voz masculina"], "essentia_features": {"lowlevel.average_loudness": 0.9742593765258789, "lowlevel.barkbands_crest.mean": 12.695465087890625, "lowlevel.barkbands_crest.stdev": 3.0629632472991943, "lowlevel.barkbands_flatness_db.mean": 0.39252233505249023, "lowlevel.barkbands_flatness_db.stdev": 0.11451035737991333, "lowlevel.barkbands_kurtosis.mean": 27.411752700805664, "lowlevel.barkbands_kurtosis.stdev": 29.653701782226562, "lowlevel.barkbands_skewness.mean": 2.9276888370513916, "lowlevel.barkbands_skewness.stdev": 1.9745829105377197, "lowlevel.barkbands_spread.mean": 5.644593715667725, "lowlevel.barkbands_spread.stdev": 9.127008438110352, "lowlevel.dissonance.mean": 0.43270400166511536, "lowlevel.dissonance.stdev": 0.04856937378644943, "lowlevel.dynamic_complexity": 1.1573851108551025, "lowlevel.erbbands_crest.mean": 16.008056640625, "lowlevel.erbbands_crest.stdev": 5.459066390991211, "lowlevel.erbbands_flatness_db.mean": 0.2890735864639282, "lowlevel.erbbands_flatness_db.stdev": 0.0893847644329071, "lowlevel.erbbands_kurtosis.mean": 17.55782127380371, "lowlevel.erbbands_kurtosis.stdev": 23.381759643554688, "lowlevel.erbbands_skewness.mean": 2.8629250526428223, "lowlevel.erbbands_skewness.stdev": 2.4320104122161865, "lowlevel.erbbands_spread.mean": 33.745723724365234, "lowlevel.erbbands_spread.stdev": 41.02796173095703, "lowlevel.hfc.mean": 12.739591598510742, "lowlevel.hfc.stdev": 8.131780624389648, "lowlevel.loudness_ebu128.integrated": -15.13718318939209, "lowlevel.loudness_ebu128.loudness_range": 1.4291868209838867, "lowlevel.loudness_ebu128.momentary.mean": -15.27893352508545, "lowlevel.loudness_ebu128.momentary.stdev": 1.1143929958343506, "lowlevel.loudness_ebu128.short_term.mean": -15.191454887390137, "lowlevel.loudness_ebu128.short_term.stdev": 0.5580601692199707, "lowlevel.melbands_crest.mean": 19.054872512817383, "lowlevel.melbands_crest.stdev": 3.317272424697876, "lowlevel.melbands_flatness_db.mean": 0.4984607696533203, "lowlevel.melbands_flatness_db.stdev": 0.13175082206726074, "lowlevel.melbands_kurtosis.mean": 75.00894927978516, "lowlevel.melbands_kurtosis.stdev": 71.6691665649414, "lowlevel.melbands_skewness.mean": 4.978145599365234, "lowlevel.melbands_skewness.stdev": 3.254713535308838, "lowlevel.melbands_spread.mean": 3.1892552375793457, "lowlevel.melbands_spread.stdev": 4.3300604820251465, "lowlevel.pitch_salience.mean": 0.40688419342041016, "lowlevel.pitch_salience.stdev": 0.10317051410675049, "lowlevel.silence_rate_20dB.mean": 1.0, "lowlevel.silence_rate_20dB.stdev": 0.0, "lowlevel.silence_rate_30dB.mean": 0.9729729890823364, "lowlevel.silence_rate_30dB.stdev": 0.162162184715271, "lowlevel.silence_rate_60dB.mean": 0.00154440151527524, "lowlevel.silence_rate_60dB.stdev": 0.039268504828214645, "lowlevel.spectral_centroid.mean": 334.2156982421875, "lowlevel.spectral_centroid.stdev": 321.1404113769531, "lowlevel.spectral_complexity.mean": 5.69575309753418, "lowlevel.spectral_complexity.stdev": 4.06226110458374, "lowlevel.spectral_decrease.mean": -1.4487642197025252e-08, "lowlevel.spectral_decrease.stdev": 5.872810682205909e-09, "lowlevel.spectral_energy.mean": 0.055835239589214325, "lowlevel.spectral_energy.stdev": 0.022385351359844208, "lowlevel.spectral_energyband_high.mean": 0.00030805874848738313, "lowlevel.spectral_energyband_high.stdev": 0.0008792394655756652, "lowlevel.spectral_energyband_low.mean": 0.03340151160955429, "lowlevel.spectral_energyband_low.stdev": 0.022232811897993088, "lowlevel.spectral_energyband_middle_high.mean": 0.001081752823665738, "lowlevel.spectral_energyband_middle_high.stdev": 0.0018355946522206068, "lowlevel.spectral_energyband_middle_low.mean": 0.031282003968954086, "lowlevel.spectral_energyband_middle_low.stdev": 0.015286103822290897, "lowlevel.spectral_entropy.mean": 5.4825029373168945, "lowlevel.spectral_entropy.stdev": 1.1839693784713745, "lowlevel.spectral_flux.mean": 0.05256656929850578, "lowlevel.spectral_flux.stdev": 0.03158806264400482, "lowlevel.spectral_kurtosis.mean": 30.962785720825195, "lowlevel.spectral_kurtosis.stdev": 37.400291442871094, "lowlevel.spectral_rms.mean": 0.007234934251755476, "lowlevel.spectral_rms.stdev": 0.0014591432409361005, "lowlevel.spectral_rolloff.mean": 281.4952087402344, "lowlevel.spectral_rolloff.stdev": 565.3370971679688, "lowlevel.spectral_skewness.mean": 3.971472978591919, "lowlevel.spectral_skewness.stdev": 2.505727529525757, "lowlevel.spectral_spread.mean": 3827979.75, "lowlevel.spectral_spread.stdev": 3100516.0, "lowlevel.spectral_strongpeak.mean": 0.8301987648010254, "lowlevel.spectral_strongpeak.stdev": 0.47679468989372253, "lowlevel.zerocrossingrate.mean": 0.01956518553197384, "lowlevel.zerocrossingrate.stdev": 0.02259097434580326, "metadata.audio_properties.analysis.equal_loudness": 0.0, "metadata.audio_properties.analysis.length": 30.03628158569336, "metadata.audio_properties.analysis.sample_rate": 44100.0, "metadata.audio_properties.analysis.start_time": 0.0, "metadata.audio_properties.bit_rate": 115001.0, "metadata.audio_properties.length": 30.03733253479004, "metadata.audio_properties.lossless": 0.0, "metadata.audio_properties.number_channels": 1.0, "metadata.audio_properties.replay_gain": -9.724433898925781, "metadata.audio_properties.sample_rate": 48000.0, "rhythm.beats_count": 54.0, "rhythm.beats_loudness.mean": 0.0677228644490242, "rhythm.beats_loudness.stdev": 0.01963096484541893, "rhythm.bpm": 109.59407806396484, "rhythm.bpm_histogram_first_peak_bpm": 110.0, "rhythm.bpm_histogram_first_peak_weight": 0.5686274766921997, "rhythm.bpm_histogram_second_peak_bpm": 105.0, "rhythm.bpm_histogram_second_peak_spread": 0.0, "rhythm.bpm_histogram_second_peak_weight": 0.01886792480945587, "rhythm.danceability": 1.097846508026123, "rhythm.onset_rate": 3.6595633029937744, "tonal.chords_changes_rate": 0.026234567165374756, "tonal.chords_number_rate": 0.004629629664123058, "tonal.chords_strength.mean": 0.5322755575180054, "tonal.chords_strength.stdev": 0.05276135727763176, "tonal.hpcp_crest.mean": 16.335012435913086, "tonal.hpcp_crest.stdev": 5.238664627075195, "tonal.hpcp_entropy.mean": 1.4449917078018188, "tonal.hpcp_entropy.stdev": 0.5704247355461121, "tonal.key_edma.strength": 0.6927214860916138, "tonal.key_krumhansl.strength": 0.7032811045646667, "tonal.key_temperley.strength": 0.708930492401123, "tonal.tuning_diatonic_strength": 0.6109961867332458, "tonal.tuning_equal_tempered_deviation": 0.02495228312909603, "tonal.tuning_frequency": 438.98455810546875, "tonal.tuning_nontempered_energy_ratio": 0.6146401166915894, "lowlevel.barkbands.mean": [1.6856492948136292e-05, 0.0064487396739423275, 0.016709111630916595, 0.01468485128134489, 0.015729723498225212, 0.000582664564717561, 5.466242873808369e-05, 0.0001695597020443529, 3.6850207834504545e-05, 0.00017441806267015636, 2.4072589440038428e-05, 0.00017081503756344318, 6.115957512520254e-05, 0.00011721008195308968, 0.00022939131304156035, 8.554694068152457e-05, 0.00012707516725640744, 4.5380937081063166e-05, 2.5526534955133684e-05, 7.086578261805698e-05, 2.823284376063384e-05, 3.422677764319815e-05, 5.662241164827719e-05, 3.432963785598986e-05, 9.939822484739125e-05, 1.8014357920037583e-05, 1.6817562897841754e-09], "lowlevel.barkbands.stdev": [5.491312185768038e-05, 0.007536650635302067, 0.014571689069271088, 0.008331865072250366, 0.012794509530067444, 0.001429194351658225, 0.00029851682484149933, 0.00046917865984141827, 0.000132259214296937, 0.0004768261278513819, 8.37112165754661e-05, 0.0003609524865169078, 0.0002776054898276925, 0.00044761921162717044, 0.0006125725340098143, 0.00030816812068223953, 0.00044736851123161614, 0.00012700134539045393, 0.00014268567610997707, 0.000365208659786731, 0.00011917712981812656, 0.00013782706810161471, 0.00022662275296170264, 0.00012561104085762054, 0.0002908584719989449, 6.334468343993649e-05, 5.267454028512475e-09], "lowlevel.erbbands.mean": [0.03231743723154068, 2.1108155250549316, 16.110618591308594, 43.774410247802734, 73.56336212158203, 23.081884384155273, 11.410784721374512, 1.6297959089279175, 0.5552558302879333, 1.6104941368103027, 4.124814510345459, 0.9777688980102539, 2.777653217315674, 5.102295398712158, 2.0650224685668945, 7.550691604614258, 2.5427017211914062, 5.121110439300537, 15.436402320861816, 6.501726150512695, 4.653030872344971, 6.231998443603516, 3.6746699810028076, 0.8288470506668091, 2.1960413455963135, 3.268930673599243, 1.8174363374710083, 0.8427990674972534, 1.064194679260254, 1.8298003673553467, 1.4709709882736206, 0.7087118029594421, 0.7347486019134521, 1.3251234292984009, 0.542343258857727, 0.16363143920898438, 0.014484981074929237, 0.00041672695078887045, 4.581860775942914e-05, 6.41169463051483e-05], "lowlevel.erbbands.stdev": [0.033886946737766266, 2.3190691471099854, 13.237981796264648, 25.450645446777344, 55.5905876159668, 19.429006576538086, 22.63636016845703, 3.452211618423462, 1.6819329261779785, 7.198276996612549, 11.325006484985352, 2.702237129211426, 7.4068121910095215, 15.46932315826416, 5.417231559753418, 14.729408264160156, 8.57012939453125, 18.840885162353516, 43.60565185546875, 18.816137313842773, 15.1944580078125, 19.2459659576416, 9.038905143737793, 2.655980110168457, 11.758779525756836, 17.289541244506836, 7.8085455894470215, 3.677680253982544, 4.26547908782959, 7.670044422149658, 5.723423004150391, 2.6994006633758545, 2.5603220462799072, 3.7477893829345703, 1.6950732469558716, 0.5686838030815125, 0.051381420344114304, 0.0015837077517062426, 6.561609188793227e-05, 2.4994831619551405e-05], "lowlevel.gfcc.mean": [-126.79932403564453, 132.54498291015625, -45.68757629394531, 57.03945541381836, -11.334247589111328, 28.325288772583008, -45.019683837890625, -16.530027389526367, -49.66298294067383, -23.188447952270508, -19.614543914794922, -15.273310661315918, -7.520167827606201], "lowlevel.melbands.mean": [0.0009385044686496258, 0.006894571240991354, 0.00807622168213129, 0.003682601498439908, 0.0003530968679115176, 4.818269007955678e-05, 8.705819709575735e-06, 2.088547989842482e-05, 2.9972181437187828e-05, 4.914898909191834e-06, 1.520419118605787e-05, 2.2885533326189034e-05, 3.843468675768236e-06, 2.0657398636103608e-05, 8.38250525703188e-06, 7.270133210113272e-06, 8.429755325778387e-06, 2.6762687411974184e-05, 9.910060725815129e-06, 6.770492745999945e-06, 5.741943368775537e-06, 6.2683652686246205e-06, 6.3910324570315424e-06, 1.3501005469152005e-06, 4.951031087330193e-07, 1.1172144240845228e-06, 2.3146137664298294e-06, 2.1565040242421674e-06, 1.2869281817984302e-06, 6.926718469912885e-07, 3.9962557707440283e-07, 5.484988605530816e-07, 7.835177484594169e-07, 1.1196497098353575e-06, 9.025095550896367e-07, 5.977066734885739e-07, 3.748073993392609e-07, 4.179883035249077e-07, 7.744094432382553e-07, 1.2643396303246845e-06], "lowlevel.melbands.stdev": [0.0010899612680077553, 0.0054155997931957245, 0.0038076916243880987, 0.0029648379422724247, 0.0007038709009066224, 0.0001139863088610582, 3.574415677576326e-05, 7.689902849961072e-05, 8.413314208155498e-05, 1.572284963913262e-05, 3.982226917287335e-05, 7.006411760812625e-05, 1.1948794963245746e-05, 4.845147850573994e-05, 1.68440310517326e-05, 3.206140172551386e-05, 3.514258423820138e-05, 7.92803184594959e-05, 2.533395127102267e-05, 2.4395914806518704e-05, 2.182496973546222e-05, 2.1306514099705964e-05, 1.8257556803291664e-05, 2.97077463073947e-06, 1.9254641756560886e-06, 6.836257853137795e-06, 1.2674743629759178e-05, 1.1674276720441412e-05, 5.870408131158911e-06, 2.878847226384096e-06, 1.948722911038203e-06, 2.255593017252977e-06, 3.3400733627786394e-06, 4.8580568545730785e-06, 3.602120841605938e-06, 2.2887109025759855e-06, 1.496365030106972e-06, 1.639177639845002e-06, 2.485083768988261e-06, 3.5360797028261004e-06], "lowlevel.melbands128.mean": [8.576285836170428e-06, 1.712551420496311e-05, 0.0003397321852389723, 0.004443990532308817, 0.0072891591116786, 0.008564559742808342, 0.009874221868813038, 0.0056702145375311375, 0.009438457898795605, 0.0037323241122066975, 0.0002753247390501201, 0.0003964558127336204, 0.000497324566822499, 0.00014202676538843662, 8.806381629256066e-06, 1.0942203516606241e-05, 8.998320481623523e-06, 3.9920469134813175e-06, 1.3183185728848912e-05, 1.8677466869121417e-05, 1.7881930034491234e-05, 4.703334343503229e-05, 3.7883328332100064e-05, 6.3179954850056674e-06, 2.3249674541148124e-06, 4.076628101756796e-06, 9.338579729956109e-06, 1.1195687875442673e-05, 2.0881829186691903e-05, 4.3670504965120926e-05, 1.40007832669653e-05, 4.048623395647155e-06, 2.4812936771922978e-06, 3.578845507945516e-06, 1.0331517842132598e-05, 3.544334686012007e-05, 2.3677939680055715e-05, 3.5155360365024535e-06, 1.3272727983348886e-06, 3.869505690090591e-06, 9.59096087171929e-06, 1.1339511729602236e-05, 6.896948434587102e-06, 6.516567736980505e-06, 1.3848843082087114e-05, 4.765338235301897e-05, 1.9794153558905236e-05, 4.174386049271561e-06, 7.637559065187816e-06, 1.1011657079507131e-05, 6.707439297315432e-06, 2.6685584089136682e-06, 3.0462078939308412e-06, 9.667714039096609e-06, 6.801672952860827e-06, 3.95408187614521e-06, 7.026639650575817e-06, 9.580705409462098e-06, 5.348189461074071e-06, 2.4255557491414947e-06, 1.1494043974380475e-06, 3.632962943811435e-07, 4.862010882789036e-07, 4.687696559813048e-07, 6.251173658711195e-07, 9.345262128590548e-07, 1.5948620557537652e-06, 1.7340951217192924e-06, 3.0431897357630078e-06, 2.176477664761478e-06, 2.4588716769358143e-06, 1.8562125205789926e-06, 1.7147358448710293e-06, 1.098129814636195e-06, 9.475530191593862e-07, 7.1175327320816e-07, 6.4867219862208e-07, 3.9548984887005645e-07, 3.3627767948019027e-07, 3.9631331105738354e-07, 5.498953896676539e-07, 6.164545425235701e-07, 5.554551876230107e-07, 7.338721843552776e-07, 1.037329639075324e-06, 1.1332144822517876e-06, 1.1594465831876732e-06, 1.0797515415106318e-06, 8.484472004965937e-07, 8.261585549007577e-07, 7.706518090344616e-07, 5.086706096335547e-07, 3.409864746117819e-07, 4.0511343968319125e-07, 3.325767181650008e-07, 4.0366589360019134e-07, 3.9013605146465125e-07, 5.319002980286314e-07, 5.755841243626492e-07, 9.619215006750892e-07, 1.4007146091898903e-06, 1.4044513818589621e-06, 1.065887317963643e-06, 6.564920909113425e-07, 5.113495262776269e-07, 5.229957196206669e-07, 4.367506107882946e-07, 3.500658181110339e-07, 3.0806134532213036e-07, 1.8689033254304377e-07, 9.66347712960669e-08, 4.2736512995134035e-08, 2.2255271403537336e-08, 5.699048344354196e-09, 1.3444850788246754e-09, 1.2052871201095883e-10, 1.6276905170919953e-11, 7.344688225663365e-12, 6.631507842858042e-12, 6.447228168005026e-12, 6.290223550364793e-12, 6.16888614843325e-12, 6.035248689695294e-12, 5.926517089582806e-12, 5.806083478582247e-12, 5.6366231127036315e-12, 5.5411560756502e-12, 5.504217741314488e-12], "lowlevel.melbands128.stdev": [2.8716027372865938e-05, 4.82870964333415e-05, 0.00040064810309559107, 0.005211171228438616, 0.007427925709635019, 0.008275695145130157, 0.006499907001852989, 0.0037382065784186125, 0.007937297224998474, 0.003120058448985219, 0.0007344977930188179, 0.0009031135123223066, 0.001102342619560659, 0.0003799590631388128, 2.1071302398922853e-05, 4.562184403766878e-05, 2.9868690035073087e-05, 1.8473645468475297e-05, 0.00010026559903053567, 0.00011044025450246409, 8.302475907839835e-05, 0.00013993865286465734, 0.0001174261633423157, 3.93547561543528e-05, 1.325228458881611e-05, 1.8394044673186727e-05, 4.450893902685493e-05, 4.8306221287930384e-05, 6.70782828819938e-05, 0.00015024379536043853, 5.7321936765220016e-05, 1.6171150491572917e-05, 7.704534255026374e-06, 2.292703720740974e-05, 4.603979323292151e-05, 9.179729386232793e-05, 4.237554094288498e-05, 1.871215135906823e-05, 5.728215455746977e-06, 2.607969508972019e-05, 4.439058466232382e-05, 7.692313374718651e-05, 5.779866114608012e-05, 2.9003409508732148e-05, 7.168616139097139e-05, 0.00016073696315288544, 6.436489638872445e-05, 1.963023896678351e-05, 3.136850136797875e-05, 4.8566609621047974e-05, 3.1759391276864335e-05, 1.1683070624712855e-05, 1.613727908988949e-05, 4.5696138840867206e-05, 3.669441139209084e-05, 1.825768777052872e-05, 2.4335196940228343e-05, 3.8221296563278884e-05, 2.0159985069767572e-05, 6.635898444073973e-06, 2.7069270345236873e-06, 1.005054855340859e-06, 1.8431015860187472e-06, 1.7792835933505557e-06, 4.101025751879206e-06, 5.47779063708731e-06, 1.2728703040920664e-05, 1.0043397196568549e-05, 1.9818813598249108e-05, 1.2841811440011952e-05, 1.6131567463162355e-05, 9.512056749372277e-06, 8.425915439147502e-06, 6.033107183611719e-06, 4.494092081586132e-06, 3.0088110634096665e-06, 3.3587211873964407e-06, 2.582146635177196e-06, 1.693333501862071e-06, 1.934339024955989e-06, 2.3875813894846942e-06, 2.7507719551067566e-06, 2.6758598323795013e-06, 3.2692305467207916e-06, 4.8620377128827386e-06, 5.11551706949831e-06, 5.489482191478601e-06, 4.7441694732697215e-06, 3.56493524122925e-06, 3.2778220884210896e-06, 3.1157360353972763e-06, 2.0720683551189722e-06, 1.5254277059284505e-06, 1.7879229972095345e-06, 1.4347652950164047e-06, 1.8373832517681876e-06, 1.6558129800614552e-06, 2.1029950403317343e-06, 2.0202614905429073e-06, 3.400709601919516e-06, 4.075494416611036e-06, 3.958941306336783e-06, 3.3655730931059225e-06, 2.398511014689575e-06, 1.8041525891021593e-06, 1.8611538052937249e-06, 1.5934159591779462e-06, 1.223576873599086e-06, 1.265836203856452e-06, 7.085459401423577e-07, 3.918860613794095e-07, 1.7694658538403019e-07, 1.1978110592281155e-07, 4.33090221463317e-08, 1.8283287772646872e-08, 2.3810289295767006e-09, 1.8879901808599442e-10, 1.866101717595825e-11, 8.987225026679813e-12, 8.756166798573606e-12, 8.550400838747141e-12, 8.37108160567368e-12, 8.199892154170385e-12, 8.060767331397045e-12, 7.941446111825456e-12, 7.849819752547837e-12, 7.782323396821056e-12, 7.740191300398269e-12], "lowlevel.mfcc.mean": [-800.6760864257812, 161.1036376953125, 42.64838409423828, 49.1836051940918, 52.93515396118164, 35.55223846435547, 26.63756561279297, 5.233431339263916, -1.590150237083435, -20.80950164794922, -12.124902725219727, -5.925044536590576, 0.6439464092254639], "lowlevel.spectral_contrast_coeffs.mean": [-0.5083940029144287, -0.8025447130203247, -0.7381347417831421, -0.8116955757141113, -0.8077961206436157, -0.7881743311882019], "lowlevel.spectral_contrast_coeffs.stdev": [0.0813780426979065, 0.06354599446058273, 0.06251030415296555, 0.06976423412561417, 0.063786081969738, 0.05477514863014221], "lowlevel.spectral_contrast_valleys.mean": [-6.809653282165527, -8.86909294128418, -9.286818504333496, -9.350915908813477, -9.44190502166748, -12.021812438964844], "lowlevel.spectral_contrast_valleys.stdev": [0.7246382832527161, 0.9599592685699463, 0.9993481636047363, 1.0832101106643677, 1.1492552757263184, 1.3324137926101685], "rhythm.beats_loudness_band_ratio.mean": [0.8909088373184204, 0.39197781682014465, 0.008067922666668892, 0.008044506423175335, 0.00835659634321928, 0.00435500405728817], "rhythm.beats_loudness_band_ratio.stdev": [0.07525824755430222, 0.13288012146949768, 0.01729896478354931, 0.015207365155220032, 0.019159218296408653, 0.018773768097162247], "tonal.hpcp.mean": [0.0074136583134531975, 0.0022725060116499662, 0.0007344739278778434, 0.0004910757415927947, 0.000970984052401036, 0.00464472733438015, 0.011972001753747463, 0.013430856168270111, 0.07617675513029099, 0.13089554011821747, 0.06511006504297256, 0.008074667304754257, 0.007133562583476305, 0.013949551619589329, 0.17334222793579102, 0.44592154026031494, 0.29584378004074097, 0.015460345894098282, 0.002785545075312257, 0.0012358675012364984, 0.0013326852349564433, 0.0022894092835485935, 0.003077111439779401, 0.0023864354006946087, 0.0014831892913207412, 0.0026414410676807165, 0.003522777697071433, 0.004114434123039246, 0.017115648835897446, 0.456041544675827, 0.8239148259162903, 0.38859179615974426, 0.00736876530572772, 0.0019133645109832287, 0.0030498544219881296, 0.007992971688508987], "tonal.hpcp.stdev": [0.028005234897136688, 0.009402012452483177, 0.003679586574435234, 0.002682147081941366, 0.005490181036293507, 0.02019657753407955, 0.06242801621556282, 0.06615512073040009, 0.19441069662570953, 0.3167058527469635, 0.17528007924556732, 0.057399094104766846, 0.05924427881836891, 0.06625199317932129, 0.19635844230651855, 0.3478035628795624, 0.2608935236930847, 0.06648175418376923, 0.030217738822102547, 0.010059867054224014, 0.004422475583851337, 0.020958218723535538, 0.04017689451575279, 0.023202748969197273, 0.01116082165390253, 0.03944595530629158, 0.03479800000786781, 0.043623559176921844, 0.08976935595273972, 0.21144264936447144, 0.28521406650543213, 0.17886807024478912, 0.04264242947101593, 0.010481884703040123, 0.014242777600884438, 0.028689546510577202], "rhythm.beats_position": [0.5108389854431152, 1.05650794506073, 1.6021767854690552, 2.1594557762145996, 2.7167346477508545, 3.2740135192871094, 3.8312923908233643, 4.3769612312316895, 4.922630310058594, 5.479909420013428, 6.025578022003174, 6.582857131958008, 7.151745796203613, 7.685804843902588, 8.231473922729492, 8.765532493591309, 9.3228120803833, 9.880090713500977, 10.425759315490723, 10.959818840026855, 11.505487442016602, 12.051156044006348, 12.58521556854248, 13.130884170532227, 13.676552772521973, 14.233832359313965, 14.779500961303711, 15.325169563293457, 15.88244915008545, 16.439727783203125, 16.985397338867188, 17.531064987182617, 18.08834457397461, 18.6456241607666, 19.20290184020996, 19.760181427001953, 20.294239044189453, 20.828298568725586, 21.36235809326172, 21.91963768005371, 22.47691535949707, 23.034194946289062, 23.579862594604492, 24.125532150268555, 24.682811737060547, 25.216869354248047, 25.76253890991211, 26.308208465576172, 26.830657958984375, 27.376325607299805, 27.910385131835938, 28.44444465637207, 28.9901123046875, 29.535781860351562], "rhythm.bpm_histogram": [0.0, 0.0, 0.0, 0.0, 0.0, 0.0, 0.0, 0.0, 0.0, 0.0, 0.0, 0.0, 0.0, 0.0, 0.0, 0.0, 0.0, 0.0, 0.0, 0.0, 0.0, 0.0, 0.0, 0.0, 0.0, 0.0, 0.0, 0.0, 0.0, 0.0, 0.0, 0.0, 0.0, 0.0, 0.0, 0.0, 0.0, 0.0, 0.0, 0.0, 0.0, 0.0, 0.0, 0.0, 0.0, 0.0, 0.0, 0.0, 0.0, 0.0, 0.0, 0.0, 0.0, 0.0, 0.0, 0.0, 0.0, 0.0, 0.0, 0.0, 0.0, 0.0, 0.0, 0.0, 0.0, 0.0, 0.0, 0.0, 0.0, 0.0, 0.0, 0.0, 0.0, 0.0, 0.0, 0.0, 0.0, 0.0, 0.0, 0.0, 0.0, 0.0, 0.0, 0.0, 0.0, 0.0, 0.0, 0.0, 0.0, 0.0, 0.0, 0.0, 0.0, 0.0, 0.0, 0.0, 0.0, 0.0, 0.0, 0.0, 0.0, 0.0, 0.0, 0.0, 0.0, 0.01886792480945587, 0.0, 0.0, 0.35849055647850037, 0.0, 0.4150943458080292, 0.0, 0.18867924809455872, 0.0, 0.0, 0.01886792480945587, 0.0, 0.0, 0.0, 0.0, 0.0, 0.0, 0.0, 0.0, 0.0, 0.0, 0.0, 0.0, 0.0, 0.0, 0.0, 0.0, 0.0, 0.0, 0.0, 0.0, 0.0, 0.0, 0.0, 0.0, 0.0, 0.0, 0.0, 0.0, 0.0, 0.0, 0.0, 0.0, 0.0, 0.0, 0.0, 0.0, 0.0, 0.0, 0.0, 0.0, 0.0, 0.0, 0.0, 0.0, 0.0, 0.0, 0.0, 0.0, 0.0, 0.0, 0.0, 0.0, 0.0, 0.0, 0.0, 0.0, 0.0, 0.0, 0.0, 0.0, 0.0, 0.0, 0.0, 0.0, 0.0, 0.0, 0.0, 0.0, 0.0, 0.0, 0.0, 0.0, 0.0, 0.0, 0.0, 0.0, 0.0, 0.0, 0.0, 0.0, 0.0, 0.0, 0.0, 0.0, 0.0, 0.0, 0.0, 0.0, 0.0, 0.0, 0.0, 0.0, 0.0, 0.0, 0.0, 0.0, 0.0, 0.0, 0.0, 0.0, 0.0, 0.0, 0.0, 0.0, 0.0, 0.0, 0.0, 0.0, 0.0, 0.0, 0.0, 0.0, 0.0, 0.0, 0.0, 0.0, 0.0, 0.0, 0.0, 0.0, 0.0, 0.0, 0.0, 0.0, 0.0, 0.0, 0.0, 0.0, 0.0, 0.0, 0.0, 0.0, 0.0, 0.0], "tonal.chords_histogram": [64.1975326538086, 0.0, 0.0, 0.0, 0.0, 0.0, 0.0, 0.0, 0.0, 0.0, 0.0, 0.0, 0.0, 0.0, 0.0, 2.4691357612609863, 0.0, 33.33333206176758, 0.0, 0.0, 0.0, 0.0, 0.0, 0.0], "tonal.thpcp": [1.0, 0.4716407358646393, 0.008943600580096245, 0.002322284271940589, 0.003701662179082632, 0.009701211005449295, 0.008998088538646698, 0.002758180722594261, 0.0008914439822547138, 0.0005960272974334657, 0.0011785004753619432, 0.005637387745082378, 0.01453063078224659, 0.016301266849040985, 0.09245707839727402, 0.15887023508548737, 0.07902523875236511, 0.009800366126000881, 0.008658130653202534, 0.01693081669509411, 0.21038852632045746, 0.541222870349884, 0.3590708374977112, 0.018764495849609375, 0.0033808653242886066, 0.0014999941922724247, 0.0016175037017092109, 0.002778696594759822, 0.003734744619578123, 0.0028964588418602943, 0.0018001730786636472, 0.0032059636432677507, 0.004275657702237368, 0.004993761423975229, 0.020773565396666527, 0.5535057187080383], "lowlevel.gfcc.cov": [[7952.44189453125, -2364.76513671875, -2168.12158203125, -313.56182861328125, -1336.5299072265625, -140.1980438232422, -1415.4688720703125, 1840.371337890625, -124.08634948730469, 669.0736083984375, -843.5233764648438, -449.34954833984375, 283.732666015625], [-2364.76513671875, 2193.432861328125, 56.224124908447266, -813.9818115234375, 757.0457153320312, -188.25079345703125, 383.1714782714844, -385.3957824707031, 171.0990447998047, -285.78338623046875, 345.7705993652344, -76.07479095458984, 119.72457885742188], [-2168.12158203125, 56.224124908447266, 1252.4056396484375, 448.9364013671875, 139.29681396484375, 222.664794921875, 434.6117248535156, -613.6961669921875, 22.52396011352539, -132.95094299316406, 215.41212463378906, 248.2694091796875, -202.16900634765625], [-313.56182861328125, -813.9818115234375, 448.9364013671875, 1031.5841064453125, -132.84722900390625, -3.514270067214966, 213.430908203125, -290.6946105957031, -3.0157999992370605, -27.06396484375, 65.63223266601562, 195.9276123046875, -146.6240997314453], [-1336.5299072265625, 757.0457153320312, 139.29681396484375, -132.84722900390625, 646.0818481445312, -11.31891918182373, 221.5790252685547, -184.59390258789062, 12.6611328125, -132.45774841308594, 162.84043884277344, 21.664566040039062, 24.355518341064453], [-140.1980438232422, -188.25079345703125, 222.664794921875, -3.514270067214966, -11.31891918182373, 319.48870849609375, 115.40846252441406, -102.21387481689453, -10.998623847961426, 57.055084228515625, -22.118104934692383, 3.0212080478668213, -52.290992736816406], [-1415.4688720703125, 383.1714782714844, 434.6117248535156, 213.430908203125, 221.5790252685547, 115.40846252441406, 490.4034118652344, -414.87615966796875, 12.685052871704102, -89.41667938232422, 188.348876953125, 65.91483306884766, -95.88626861572266], [1840.371337890625, -385.3957824707031, -613.6961669921875, -290.6946105957031, -184.59390258789062, -102.21387481689453, -414.87615966796875, 689.6084594726562, -11.18252944946289, 162.24655151367188, -212.2613525390625, -159.8809814453125, 119.2018814086914], [-124.08634948730469, 171.0990447998047, 22.52396011352539, -3.0157999992370605, 12.6611328125, -10.998623847961426, 12.685052871704102, -11.18252944946289, 176.2357940673828, 4.561893463134766, -6.548223495483398, -10.536826133728027, 6.646998405456543], [669.0736083984375, -285.78338623046875, -132.95094299316406, -27.06396484375, -132.45774841308594, 57.055084228515625, -89.41667938232422, 162.24655151367188, 4.561893463134766, 161.89825439453125, -89.48609161376953, -55.52713394165039, 9.74148178100586], [-843.5233764648438, 345.7705993652344, 215.41212463378906, 65.63223266601562, 162.84043884277344, -22.118104934692383, 188.348876953125, -212.2613525390625, -6.548223495483398, -89.48609161376953, 179.7658233642578, 58.017425537109375, -39.39647674560547], [-449.34954833984375, -76.07479095458984, 248.2694091796875, 195.9276123046875, 21.664566040039062, 3.0212080478668213, 65.91483306884766, -159.8809814453125, -10.536826133728027, -55.52713394165039, 58.017425537109375, 144.61537170410156, -38.895957946777344], [283.732666015625, 119.72457885742188, -202.16900634765625, -146.6240997314453, 24.355518341064453, -52.290992736816406, -95.88626861572266, 119.2018814086914, 6.646998405456543, 9.74148178100586, -39.39647674560547, -38.895957946777344, 101.80643463134766]], "lowlevel.gfcc.icov": [[0.0011848604772239923, -0.0010925923706963658, 0.00119954498950392, -0.0015979028539732099, 0.0014482042752206326, -0.001581701566465199, 0.0015595032600685954, -0.0018331928877159953, 0.0013065343955531716, -0.0011655333219096065, 0.001275762333534658, -0.00032715286943130195, 0.0009147345554083586], [-0.0010925923706963658, 0.01890859194099903, -0.0017171044601127505, 0.017306823283433914, -0.007323503494262695, 0.013513853773474693, -0.01145694125443697, 0.009344317950308323, -0.01568222977221012, 0.007409403566271067, -0.016671786084771156, 0.006997297517955303, -0.014177413657307625], [0.00119954498950392, -0.0017171044601127505, 0.003519358579069376, -0.0021967298816889524, 0.001632324536330998, -0.00310066482052207, 0.0016221745172515512, -0.001569142797961831, 0.0012777048395946622, -0.001084699877537787, 0.0012482396559789777, -0.0028309111949056387, 0.0033050584606826305], [-0.0015979028539732099, 0.017306823283433914, -0.0021967298816889524, 0.017965681850910187, -0.00684733921661973, 0.013666666112840176, -0.011964322999119759, 0.009276052936911583, -0.014567242003977299, 0.0065652187913656235, -0.01448364369571209, 0.004184633493423462, -0.011542221531271935], [0.0014482042752206326, -0.007323503494262695, 0.001632324536330998, -0.00684733921661973, 0.00634927861392498, -0.00614209845662117, 0.004221917130053043, -0.005125876050442457, 0.0062739187851548195, -0.002331152558326721, 0.005292858462780714, -0.0027594659477472305, 0.004067881964147091], [-0.001581701566465199, 0.013513853773474693, -0.00310066482052207, 0.013666666112840176, -0.00614209845662117, 0.015864217653870583, -0.01046368945389986, 0.008279319852590561, -0.010661683045327663, 0.0031099007464945316, -0.008882923051714897, 0.005075924098491669, -0.008989515714347363], [0.0015595032600685954, -0.01145694125443697, 0.0016221745172515512, -0.011964322999119759, 0.004221917130053043, -0.01046368945389986, 0.014366669580340385, -0.004369595553725958, 0.009507633745670319, -0.0055011361837387085, 0.006453815381973982, -0.0010331273078918457, 0.009388430044054985], [-0.0018331928877159953, 0.009344317950308323, -0.001569142797961831, 0.009276052936911583, -0.005125876050442457, 0.008279319852590561, -0.004369595553725958, 0.010848825797438622, -0.007856263779103756, 0.002217627828940749, -0.007557848934084177, 0.005189019721001387, -0.007616980466991663], [0.0013065343955531716, -0.01568222977221012, 0.0012777048395946622, -0.014567242003977299, 0.0062739187851548195, -0.010661683045327663, 0.009507633745670319, -0.007856263779103756, 0.01914943940937519, -0.006989271380007267, 0.01499730721116066, -0.004745395854115486, 0.010943587869405746], [-0.0011655333219096065, 0.007409403566271067, -0.001084699877537787, 0.0065652187913656235, -0.002331152558326721, 0.0031099007464945316, -0.0055011361837387085, 0.002217627828940749, -0.006989271380007267, 0.015196292661130428, -0.005206135101616383, 0.004538987297564745, -0.005064765922725201], [0.001275762333534658, -0.016671786084771156, 0.0012482396559789777, -0.01448364369571209, 0.005292858462780714, -0.008882923051714897, 0.006453815381973982, -0.007557848934084177, 0.01499730721116066, -0.005206135101616383, 0.029608186334371567, -0.008072261698544025, 0.014661100693047047], [-0.00032715286943130195, 0.006997297517955303, -0.0028309111949056387, 0.004184633493423462, -0.0027594659477472305, 0.005075924098491669, -0.0010331273078918457, 0.005189019721001387, -0.004745395854115486, 0.004538987297564745, -0.008072261698544025, 0.018022624775767326, -0.007055885158479214], [0.0009147345554083586, -0.014177413657307625, 0.0033050584606826305, -0.011542221531271935, 0.004067881964147091, -0.008989515714347363, 0.009388430044054985, -0.007616980466991663, 0.010943587869405746, -0.005064765922725201, 0.014661100693047047, -0.007055885158479214, 0.028804052621126175]], "lowlevel.mfcc.cov": [[9737.75390625, -2422.427490234375, -1542.5816650390625, -990.7694091796875, -195.64939880371094, -2116.755859375, -741.2782592773438, -853.8829956054688, 794.8816528320312, 552.023193359375, 202.68157958984375, -788.6944580078125, -264.6846618652344], [-2422.427490234375, 2968.684814453125, -749.7623901367188, -526.310546875, 245.81825256347656, -48.03459548950195, 220.24453735351562, 49.75438690185547, 14.295326232910156, -60.27619552612305, 100.87712097167969, -24.630863189697266, -19.42861557006836], [-1542.5816650390625, -749.7623901367188, 1291.344482421875, 369.7700500488281, -201.35842895507812, 676.7365112304688, 7.095287322998047, 218.29115295410156, -249.47531127929688, -121.74707794189453, -75.63712310791016, 278.96875, 61.98162078857422], [-990.7694091796875, -526.310546875, 369.7700500488281, 822.2619018554688, -8.903594970703125, 360.89715576171875, 79.39280700683594, 188.31329345703125, -195.11245727539062, -138.1157684326172, -101.71035766601562, 250.20155334472656, 87.5477066040039], [-195.64939880371094, 245.81825256347656, -201.35842895507812, -8.903594970703125, 316.00213623046875, -88.9783706665039, 7.0169243812561035, 19.890888214111328, 46.99280548095703, -19.790271759033203, -15.904892921447754, 0.9255093932151794, 18.556011199951172], [-2116.755859375, -48.03459548950195, 676.7365112304688, 360.89715576171875, -88.9783706665039, 966.5198974609375, 202.5233154296875, 239.3521270751953, -249.73324584960938, -60.6713752746582, -46.229854583740234, 209.01951599121094, 81.70575714111328], [-741.2782592773438, 220.24453735351562, 7.095287322998047, 79.39280700683594, 7.0169243812561035, 202.5233154296875, 310.38116455078125, 75.60535430908203, -87.21644592285156, -8.230756759643555, -1.368937373161316, 28.721132278442383, 55.5624885559082], [-853.8829956054688, 49.75438690185547, 218.29115295410156, 188.31329345703125, 19.890888214111328, 239.3521270751953, 75.60535430908203, 191.33099365234375, -87.25762176513672, -58.26637268066406, -30.30986213684082, 113.44108581542969, 34.46240997314453], [794.8816528320312, 14.295326232910156, -249.47531127929688, -195.11245727539062, 46.99280548095703, -249.73324584960938, -87.21644592285156, -87.25762176513672, 219.96791076660156, 90.47368621826172, 40.03651428222656, -104.07018280029297, -14.200454711914062], [552.023193359375, -60.27619552612305, -121.74707794189453, -138.1157684326172, -19.790271759033203, -60.6713752746582, -8.230756759643555, -58.26637268066406, 90.47368621826172, 223.1721649169922, 55.158443450927734, -76.21826934814453, -12.565886497497559], [202.68157958984375, 100.87712097167969, -75.63712310791016, -101.71035766601562, -15.904892921447754, -46.229854583740234, -1.368937373161316, -30.30986213684082, 40.03651428222656, 55.158443450927734, 110.47554779052734, -33.301063537597656, -14.996386528015137], [-788.6944580078125, -24.630863189697266, 278.96875, 250.20155334472656, 0.9255093932151794, 209.01951599121094, 28.721132278442383, 113.44108581542969, -104.07018280029297, -76.21826934814453, -33.301063537597656, 202.29905700683594, 39.062171936035156], [-264.6846618652344, -19.42861557006836, 61.98162078857422, 87.5477066040039, 18.556011199951172, 81.70575714111328, 55.5624885559082, 34.46240997314453, -14.200454711914062, -12.565886497497559, -14.996386528015137, 39.062171936035156, 104.85296630859375]], "lowlevel.mfcc.icov": [[0.0008417724166065454, 0.000935087155085057, 0.0008480690303258598, 0.0005321452626958489, 0.0005234391428530216, 0.0008284651557914913, 0.00044899535714648664, 0.0004072915471624583, -0.0002093640941893682, -0.00041557190706953406, -0.00047667918261140585, 6.051122545613907e-05, 7.367251964751631e-05], [0.000935087155085057, 0.0017257287399843335, 0.0015993324341252446, 0.0013719128910452127, 0.0004191896878182888, 0.0006337199010886252, 0.0002673417329788208, -1.4655267477792222e-05, 1.3808603398501873e-05, 1.924742491610232e-06, -0.000868951203301549, -0.0008860155357979238, 9.238999336957932e-05], [0.0008480690303258598, 0.0015993324341252446, 0.003299396950751543, 0.0015097814612090588, 0.0012886251788586378, -0.00031239789677783847, 0.0011361346114426851, -0.0005252027185633779, 0.0004957034252583981, 0.00014311207632999867, -0.00039100166759453714, -0.002152355620637536, -0.00035764675703831017], [0.0005321452626958489, 0.0013719128910452127, 0.0015097814612090588, 0.0035323183983564377, 0.00035937875509262085, 3.851492147077806e-05, 0.00021266000112518668, -0.000862626766320318, 0.0008457841468043625, 0.00038341653998941183, 0.0003765283909160644, -0.0029936872888356447, -0.000837442115880549], [0.0005234391428530216, 0.0004191896878182888, 0.0012886251788586378, 0.00035937875509262085, 0.0044499835930764675, 0.0006215739413164556, 0.00042255836888216436, -0.0008517946698702872, -0.0010611899197101593, 0.00013006696826778352, 0.0005747060058638453, -0.0006448212661780417, -0.0006843414739705622], [0.0008284651557914913, 0.0006337199010886252, -0.00031239789677783847, 3.851492147077806e-05, 0.0006215739413164556, 0.0034029600210487843, -0.0003443165624048561, -0.0006855213432572782, 0.0008084471337497234, -0.0012832098873332143, -0.000493947823997587, 0.0005135085084475577, -0.0002989399654325098], [0.00044899535714648664, 0.0002673417329788208, 0.0011361346114426851, 0.00021266000112518668, 0.00042255836888216436, -0.0003443165624048561, 0.005297511350363493, -0.0010203092824667692, 0.0018731221789494157, -0.0007481480715796351, -0.0006646635592915118, 0.0011439187219366431, -0.0023017325438559055], [0.0004072915471624583, -1.4655267477792222e-05, -0.0005252027185633779, -0.000862626766320318, -0.0008517946698702872, -0.0006855213432572782, -0.0010203092824667692, 0.010838037356734276, -0.0006430019857361913, 0.0001960259396582842, 0.00021458257106132805, -0.00215969979763031, 0.000491248385515064], [-0.0002093640941893682, 1.3808603398501873e-05, 0.0004957034252583981, 0.0008457841468043625, -0.0010611899197101593, 0.0008084471337497234, 0.0018731221789494157, -0.0006430019857361913, 0.009691745042800903, -0.0020790386479347944, -0.000894310709554702, 0.0012125979410484433, -0.0022648221347481012], [-0.00041557190706953406, 1.924742491610232e-06, 0.00014311207632999867, 0.00038341653998941183, 0.00013006696826778352, -0.0012832098873332143, -0.0007481480715796351, 0.0001960259396582842, -0.0020790386479347944, 0.006903273984789848, -0.0018759486265480518, 0.0002445002319291234, 4.1860403143800795e-05], [-0.00047667918261140585, -0.000868951203301549, -0.00039100166759453714, 0.0003765283909160644, 0.0005747060058638453, -0.000493947823997587, -0.0006646635592915118, 0.00021458257106132805, -0.000894310709554702, -0.0018759486265480518, 0.011856457218527794, -0.0007696253014728427, 0.000753842992708087], [6.051122545613907e-05, -0.0008860155357979238, -0.002152355620637536, -0.0029936872888356447, -0.0006448212661780417, 0.0005135085084475577, 0.0011439187219366431, -0.00215969979763031, 0.0012125979410484433, 0.0002445002319291234, -0.0007696253014728427, 0.013086492195725441, -0.0012136910809203982], [7.367251964751631e-05, 9.238999336957932e-05, -0.00035764675703831017, -0.000837442115880549, -0.0006843414739705622, -0.0002989399654325098, -0.0023017325438559055, 0.000491248385515064, -0.0022648221347481012, 4.1860403143800795e-05, 0.000753842992708087, -0.0012136910809203982, 0.01232146006077528]], "metadata.audio_properties.analysis.downmix": "mix", "metadata.audio_properties.codec": "mp3", "metadata.audio_properties.md5_encoded": "118edea4227b119d937b673bad01fedf", "metadata.tags.file_name": "1183712482100006932.mp3", "metadata.version.essentia": "2.1-beta6-dev", "metadata.version.essentia_git_sha": "v2.1_beta5-1110-g77a6a954", "metadata.version.extractor": "music 2.0", "tonal.chords_key": "G", "tonal.chords_scale": "major", "tonal.key_edma.key": "G", "tonal.key_edma.scale": "major", "tonal.key_krumhansl.key": "G", "tonal.key_krumhansl.scale": "major", "tonal.key_temperley.key": "G", "tonal.key_temperley.scale": "major", "metadata.tags.encoding": ["Lavf58.45.100"]}, "essentia_models": [{"model_name": "genre_dortmund", "activations": {"alternative": "0.31069505", "blues": "0.0063285613", "electronic": "0.03718655", "folkcountry": "0.30555248", "funksoulrnb": "0.011947363", "jazz": "0.041004937", "pop": "0.066366225", "raphiphop": "0.007529193", "rock": "0.228388"}}, {"model_name": "genre_rosamerica", "activations": {"classic": "0.029709607", "dance": "0.007742478", "hip hop": "0.0114700785",