{"song_id": "1183711809061007371", "download": "https://cdn.discordapp.com/attachments/1128313332273782784/1183711809061007371/chirp.mp4?ex=65895487&amp", "lyrics": "\u5728\u661f\u5149\u9583\u720d\u7684\u591c\u665a\uff0c\u6211\u5011\u76f8\u9047 \u773c\u795e\u4ea4\u532f\uff0c\u611b\u610f\u5982\u6f6e\u6c34\u6e67\u4f86 \u547d\u904b\u7684\u7cf8\u7dda\uff0c\u5c07\u6211\u5011\u7dca\u5bc6\u5730\u7de8\u7e54 \u4e00\u9996\u5c6c\u65bc\u6211\u5011\u7684\u6d6a\u6f2b\u60c5\u6b4c\uff0c\u958b\u59cb\u5531\u97ff\u3002\n\u6708\u5149\u7051\u5728\u6211\u5011\u7684\u80a9\u4e0a\uff0c\u611b\u60c5\u5982\u6b4c \u90a3\u4e00\u523b\u8d77\uff0c\u6211\u5011\u7684\u5fc3\u9023\u6210\u4e00\u5ea7\u6a4b \u611b\u7684\u65cb\u5f8b\uff0c\u60a0\u63da\u52d5\u4eba\uff0c\u6642\u9593\u4eff\u4f5b\u505c\u7559 \u6211\u5011\u7684\u6545\u4e8b\uff0c\u662f\u4e00\u5834\u6c38\u4e0d\u78e8\u6ec5\u7684\u5922\u3002\n\u611b\u60c5\u7684\u82b1\u6735\uff0c\u5728\u5fc3\u9593\u7dbb\u653e \u6bcf\u4e00\u500b\u773c\u795e\uff0c\u90fd\u662f\u4e00\u9996\u52d5\u4eba\u7684\u8a69\u7bc7 \u7136\u800c\uff0c\u751f\u6d3b\u7684\u98a8\u96f2\u537b\u6f38\u6f38\u6e67\u4f86 \u8003\u9a57\u7684\u9670\u973e\uff0c\u662f\u5426\u80fd\u6fc0\u8d77\u66f4\u6df1\u7684\u611b\u3002\n\u5728\u9ed1\u591c\u964d\u81e8\u4e4b\u969b\uff0c\u6211\u5011\u5f7c\u6b64\u9760\u8fd1 \u9762\u5c0d\u6311\u6230\uff0c\u6211\u5011\u5805\u5b9a\u4e0d\u79fb\u3002", "style": ["swing"], "essentia_features": {"lowlevel.average_loudness": 0.27076056599617004, "lowlevel.barkbands_crest.mean": 16.117488861083984, "lowlevel.barkbands_crest.stdev": 5.787944316864014, "lowlevel.barkbands_flatness_db.mean": 0.38524457812309265, "lowlevel.barkbands_flatness_db.stdev": 0.0682779848575592, "lowlevel.barkbands_kurtosis.mean": 75.10335540771484, "lowlevel.barkbands_kurtosis.stdev": 276.88525390625, "lowlevel.barkbands_skewness.mean": 1.3025455474853516, "lowlevel.barkbands_skewness.stdev": 7.446986675262451, "lowlevel.barkbands_spread.mean": 5.05123233795166, "lowlevel.barkbands_spread.stdev": 4.095510959625244, "lowlevel.dissonance.mean": 0.29341524839401245, "lowlevel.dissonance.stdev": 0.11120780557394028, "lowlevel.dynamic_complexity": 11.261950492858887, "lowlevel.erbbands_crest.mean": 19.578460693359375, "lowlevel.erbbands_crest.stdev": 7.349669456481934, "lowlevel.erbbands_flatness_db.mean": 0.382705420255661, "lowlevel.erbbands_flatness_db.stdev": 0.13303253054618835, "lowlevel.erbbands_kurtosis.mean": 12.061248779296875, "lowlevel.erbbands_kurtosis.stdev": 19.56689453125, "lowlevel.erbbands_skewness.mean": -1.113189458847046, "lowlevel.erbbands_skewness.stdev": 2.0706124305725098, "lowlevel.erbbands_spread.mean": 19.392847061157227, "lowlevel.erbbands_spread.stdev": 41.9758415222168, "lowlevel.hfc.mean": 8.858551979064941, "lowlevel.hfc.stdev": 14.750459671020508, "lowlevel.loudness_ebu128.integrated": -37.558677673339844, "lowlevel.loudness_ebu128.loudness_range": 13.052196502685547, "lowlevel.loudness_ebu128.momentary.mean": -45.811729431152344, "lowlevel.loudness_ebu128.momentary.stdev": 12.513873100280762, "lowlevel.loudness_ebu128.short_term.mean": -41.826934814453125, "lowlevel.loudness_ebu128.short_term.stdev": 7.663730621337891, "lowlevel.melbands_crest.mean": 20.256746292114258, "lowlevel.melbands_crest.stdev": 8.32987117767334, "lowlevel.melbands_flatness_db.mean": 0.4837469756603241, "lowlevel.melbands_flatness_db.stdev": 0.07450427860021591, "lowlevel.melbands_kurtosis.mean": 245.6155242919922, "lowlevel.melbands_kurtosis.stdev": 993.0198364257812, "lowlevel.melbands_skewness.mean": 3.5703234672546387, "lowlevel.melbands_skewness.stdev": 12.924162864685059, "lowlevel.melbands_spread.mean": 8.437643051147461, "lowlevel.melbands_spread.stdev": 6.821348190307617, "lowlevel.pitch_salience.mean": 0.3695538341999054, "lowlevel.pitch_salience.stdev": 0.14731630682945251, "lowlevel.silence_rate_20dB.mean": 1.0, "lowlevel.silence_rate_20dB.stdev": 0.0, "lowlevel.silence_rate_30dB.mean": 0.9924681186676025, "lowlevel.silence_rate_30dB.stdev": 0.08645832538604736, "lowlevel.silence_rate_60dB.mean": 0.41135573387145996, "lowlevel.silence_rate_60dB.stdev": 0.4920819103717804, "lowlevel.spectral_centroid.mean": 679.2357788085938, "lowlevel.spectral_centroid.stdev": 270.027099609375, "lowlevel.spectral_complexity.mean": 4.30127477645874, "lowlevel.spectral_complexity.stdev": 3.19865345954895, "lowlevel.spectral_decrease.mean": -3.4711249430330327e-09, "lowlevel.spectral_decrease.stdev": 5.218692145092518e-09, "lowlevel.spectral_energy.mean": 0.013904314488172531, "lowlevel.spectral_energy.stdev": 0.02094125747680664, "lowlevel.spectral_energyband_high.mean": 1.297754465667822e-06, "lowlevel.spectral_energyband_high.stdev": 6.728587322868407e-06, "lowlevel.spectral_energyband_low.mean": 0.000811371486634016, "lowlevel.spectral_energyband_low.stdev": 0.0016090321587398648, "lowlevel.spectral_energyband_middle_high.mean": 0.004379660822451115, "lowlevel.spectral_energyband_middle_high.stdev": 0.010769843123853207, "lowlevel.spectral_energyband_middle_low.mean": 0.009403933770954609, "lowlevel.spectral_energyband_middle_low.stdev": 0.01727239601314068, "lowlevel.spectral_entropy.mean": 5.317653656005859, "lowlevel.spectral_entropy.stdev": 1.1030281782150269, "lowlevel.spectral_flux.mean": 0.020434292033314705, "lowlevel.spectral_flux.stdev": 0.03076140582561493, "lowlevel.spectral_kurtosis.mean": 86.36482238769531, "lowlevel.spectral_kurtosis.stdev": 66.50128936767578, "lowlevel.spectral_rms.mean": 0.002801360096782446, "lowlevel.spectral_rms.stdev": 0.0023911437019705772, "lowlevel.spectral_rolloff.mean": 721.8995361328125, "lowlevel.spectral_rolloff.stdev": 608.6639404296875, "lowlevel.spectral_skewness.mean": 6.853618144989014, "lowlevel.spectral_skewness.stdev": 3.2956812381744385, "lowlevel.spectral_spread.mean": 2395653.25, "lowlevel.spectral_spread.stdev": 2943002.25, "lowlevel.spectral_strongpeak.mean": 1.619878888130188, "lowlevel.spectral_strongpeak.stdev": 1.8800956010818481, "lowlevel.zerocrossingrate.mean": 0.02966577373445034, "lowlevel.zerocrossingrate.stdev": 0.014670453034341335, "metadata.audio_properties.analysis.equal_loudness": 0.0, "metadata.audio_properties.analysis.length": 40.04265213012695, "metadata.audio_properties.analysis.sample_rate": 44100.0, "metadata.audio_properties.analysis.start_time": 0.0, "metadata.audio_properties.bit_rate": 104901.0, "metadata.audio_properties.length": 40.042667388916016, "metadata.audio_properties.lossless": 0.0, "metadata.audio_properties.number_channels": 1.0, "metadata.audio_properties.replay_gain": 8.736795425415039, "metadata.audio_properties.sample_rate": 48000.0, "rhythm.beats_count": 83.0, "rhythm.beats_loudness.mean": 0.026091773062944412, "rhythm.beats_loudness.stdev": 0.030446678400039673, "rhythm.bpm": 138.78839111328125, "rhythm.bpm_histogram_first_peak_bpm": 140.0, "rhythm.bpm_histogram_first_peak_weight": 0.5681817531585693, "rhythm.bpm_histogram_second_peak_bpm": 115.0, "rhythm.bpm_histogram_second_peak_spread": 0.5, "rhythm.bpm_histogram_second_peak_weight": 0.060975611209869385, "rhythm.danceability": 0.9726613759994507, "rhythm.onset_rate": 1.6976902484893799, "tonal.chords_changes_rate": 0.03356481343507767, "tonal.chords_number_rate": 0.010416666977107525, "tonal.chords_strength.mean": 0.48635485768318176, "tonal.chords_strength.stdev": 0.08814596384763718, "tonal.hpcp_crest.mean": 18.436141967773438, "tonal.hpcp_crest.stdev": 7.8191704750061035, "tonal.hpcp_entropy.mean": 1.3282923698425293, "tonal.hpcp_entropy.stdev": 0.7262300848960876, "tonal.key_edma.strength": 0.552734375, "tonal.key_krumhansl.strength": 0.5642138123512268, "tonal.key_temperley.strength": 0.5811647772789001, "tonal.tuning_diatonic_strength": 0.4170711934566498, "tonal.tuning_equal_tempered_deviation": 0.032648198306560516, "tonal.tuning_frequency": 440.76312255859375, "tonal.tuning_nontempered_energy_ratio": 0.6006001830101013, "lowlevel.barkbands.mean": [3.8666839827783406e-05, 2.246327858301811e-05, 0.0003974395804107189, 0.0004589981399476528, 0.0009421206777915359, 0.0012757184449583292, 0.0029201607685536146, 0.00094764115056023, 0.002082312013953924, 0.002995007671415806, 0.0005678446032106876, 0.001138560939580202, 1.0012722668761853e-05, 2.737521026574541e-05, 2.9579969123005867e-05, 2.3267522919923067e-05, 1.9656428776215762e-05, 4.382747192721581e-06, 1.5932823771436233e-06, 4.403027844546159e-07, 2.1931323601620534e-07, 5.309425432642456e-07, 2.74460489890771e-07, 3.375091495172455e-08, 2.3228146517340065e-08, 1.5087401550317736e-08, 7.515385647138828e-09], "lowlevel.barkbands.stdev": [6.879819557070732e-05, 5.511535709956661e-05, 0.0008686445071361959, 0.0010803311597555876, 0.0026115705259144306, 0.004813036415725946, 0.00885308999568224, 0.00507461279630661, 0.007091762498021126, 0.00797057244926691, 0.003818320110440254, 0.0073247030377388, 4.858303509536199e-05, 0.00011369612911948934, 0.0001094202816602774, 8.731096022529528e-05, 0.00010122337698703632, 2.0569405023707077e-05, 6.945499080757145e-06, 2.446539838274475e-06, 8.602555112702248e-07, 3.3720566534611862e-06, 1.8678797459870111e-06, 2.0527933486391703e-07, 1.5266670061464538e-07, 8.813494645210085e-08, 5.160886829003175e-09], "lowlevel.erbbands.mean": [0.0008116709068417549, 0.009137988090515137, 0.26179781556129456, 1.4587513208389282, 0.44370460510253906, 2.524827003479004, 12.068218231201172, 10.800783157348633, 36.61418151855469, 34.73952102661133, 19.746685028076172, 27.065080642700195, 85.58073425292969, 91.72598266601562, 37.45053482055664, 38.495487213134766, 2.3966736793518066, 1.2346291542053223, 1.9557645320892334, 0.9082028865814209, 1.5185306072235107, 1.3383172750473022, 0.29260310530662537, 0.16452699899673462, 0.05065091326832771, 0.025441905483603477, 0.011620955541729927, 0.009036527015268803, 0.02387702278792858, 0.010338613763451576, 0.005370656028389931, 0.0019199446542188525, 0.0005562775186263025, 0.0003082673065364361, 0.0001490583672421053, 7.145251584006473e-05, 3.09182760247495e-05, 1.2264266842976213e-05, 7.77966943132924e-06, 1.596918264112901e-05], "lowlevel.erbbands.stdev": [0.0014126145979389548, 0.018357105553150177, 0.541201651096344, 3.119502544403076, 1.0918930768966675, 6.726035118103027, 32.40523147583008, 50.80756759643555, 129.53286743164062, 103.46348571777344, 128.8209991455078, 83.9691390991211, 238.07415771484375, 269.0414733886719, 171.9419708251953, 239.71311950683594, 13.436718940734863, 3.9916434288024902, 8.314342498779297, 3.1167855262756348, 5.914791107177734, 6.725608825683594, 1.264089584350586, 0.639474630355835, 0.23685722053050995, 0.14661461114883423, 0.04999525472521782, 0.041558150202035904, 0.1579078584909439, 0.05996593460440636, 0.034335605800151825, 0.015669748187065125, 0.003174332669004798, 0.0019188233418390155, 0.0009925804333761334, 0.0004426160594448447, 0.00013740951544605196, 2.9598122637253255e-05, 1.0417790690553375e-05, 2.4045877580647357e-05], "lowlevel.gfcc.mean": [-291.59283447265625, 170.1868438720703, -77.65550231933594, -47.33940505981445, -56.06124496459961, 5.978257656097412, -10.54725170135498, 0.1363513320684433, -15.879051208496094, -21.203109741210938, -20.266220092773438, 0.7658795118331909, 1.6852620840072632], "lowlevel.melbands.mean": [8.490449545206502e-06, 0.00011735181760741398, 0.00020142356515862048, 7.436191663146019e-05, 0.00037323840660974383, 0.00023094014613889158, 0.0005848316359333694, 0.0003334941575303674, 0.000126600221847184, 0.00024693459272384644, 0.00043734535574913025, 0.0003864292521029711, 0.00011027201253455132, 0.00015105084457900375, 2.4073926397250034e-05, 1.2492811265474302e-06, 2.176848511226126e-06, 3.1149293135968037e-06, 1.570746348988905e-06, 1.0850667422346305e-06, 1.7302720607403899e-06, 1.590055489941733e-06, 3.8056273865549883e-07, 2.015507476471612e-07, 1.2530804838206677e-07, 4.424623156751295e-08, 1.937297966492224e-08, 1.5377509043901227e-08, 7.692796621938669e-09, 4.295963140776848e-09, 4.849832091480266e-09, 1.7201207569428334e-08, 5.762132548881027e-09, 6.234218474787667e-09, 2.98312619051444e-09, 2.8754394421071083e-09, 4.515197660204251e-10, 4.0156508673838687e-10, 2.6876806336062486e-10, 2.4193363978852744e-10], "lowlevel.melbands.stdev": [1.4183015082380734e-05, 0.00023845455143600702, 0.0004316226695664227, 0.00018867276958189905, 0.0009857044788077474, 0.0010324305621907115, 0.001983053982257843, 0.0009853976080194116, 0.00094593659741804, 0.0008111483184620738, 0.0011966645251959562, 0.0011842870153486729, 0.000607917143497616, 0.0009865647880360484, 0.0002060351544059813, 3.879562882502796e-06, 8.23752907308517e-06, 1.436703223589575e-05, 5.375344699132256e-06, 3.5982911867904477e-06, 7.4148715611954685e-06, 8.968763722805306e-06, 2.1510124952328624e-06, 1.00178249340388e-06, 5.015252781959134e-07, 2.2899479290572344e-07, 9.4948013895646e-08, 9.989879856675543e-08, 3.8781490019346165e-08, 1.5464394209629972e-08, 2.3661250736495276e-08, 1.2820892436593567e-07, 2.8222181924775214e-08, 3.9886021596657883e-08, 1.7648416061888383e-08, 2.759576744892911e-08, 2.877504456932911e-09, 2.3886472799716785e-09, 1.6093504306979867e-09, 1.5914120021776057e-09], "lowlevel.melbands128.mean": [1.6159914594027214e-05, 6.988087534409715e-06, 6.2757230807619635e-06, 9.321325705968775e-06, 4.304902904550545e-05, 0.00025703644496388733, 0.00036610878305509686, 0.00014520809054374695, 1.6407426301157102e-05, 1.1899641322088428e-05, 9.549842798151076e-05, 0.00042607958312146366, 0.0005468680756166577, 0.00018053439271170646, 0.00018415870727039874, 0.00029644143069162965, 0.00031198750366456807, 0.0009063794277608395, 0.0004979564109817147, 0.00044708739733323455, 0.00016399369633290917, 0.00021378954988904297, 0.00014611822552978992, 1.4354491213453002e-05, 5.493619028129615e-06, 0.00032943065161816776, 0.0008417882490903139, 0.000346161745255813, 0.00012184109800728038, 0.000731311272829771, 0.0002979182463604957, 9.278181823901832e-05, 0.00015134087880142033, 2.641876562847756e-05, 0.00023311172844842076, 0.00016042179777286947, 8.876391075318679e-05, 2.7835551463795127e-06, 1.7531137928017415e-06, 8.568496241423418e-07, 2.966141892102314e-07, 3.239742454752559e-06, 1.9167400751030073e-06, 1.7347349512419896e-06, 2.6978061669069575e-06, 2.8324943741608877e-06, 5.2692425924760755e-06, 3.8462894735857844e-07, 5.785158805338142e-07, 1.8600831026560627e-06, 4.3311979425197933e-07, 6.353759545163484e-07, 4.130974502913887e-06, 5.552189463742252e-07, 3.943366380099178e-07, 3.2808466130518354e-06, 7.089865334819478e-07, 4.876411594523233e-07, 2.596981971692003e-07, 1.1298890001398831e-07, 1.9063870126956317e-07, 2.84342092982115e-07, 1.989723017459255e-07, 4.648256535233486e-08, 6.293362275755499e-08, 4.194227898324243e-08, 4.631744943139893e-08, 1.3254069841650562e-08, 1.6151599169234032e-08, 1.9108538751311244e-08, 2.2160881130162124e-08, 9.836099934545928e-09, 3.699821560232408e-09, 1.1967479451868712e-08, 5.568422611901269e-09, 2.541485244478281e-09, 5.1588684435444065e-09, 3.834969675153843e-09, 2.5760473754132818e-09, 4.8811856778741e-09, 2.708307711429825e-08, 1.7077438130286282e-08, 7.566136162040493e-09, 5.325926810684223e-09, 3.775995072174965e-09, 3.746321919351203e-09, 1.1174112302114736e-08, 3.3503186891437053e-09, 2.6471949077233603e-09, 1.7739388846749193e-09, 2.9983340255057556e-09, 3.946583948533089e-09, 6.119851847508073e-10, 3.325279496202427e-10, 3.903424805606903e-10, 3.534567638574515e-10, 5.496381128011762e-10, 2.3009225080805606e-10, 2.396243758973071e-10, 3.0726715616324896e-10, 2.475933902346128e-10, 2.436636725722252e-10, 2.1244601910996863e-10, 1.6956755444219596e-10, 1.612925765170914e-10, 1.2223844159109376e-10, 1.3604185833404614e-10, 1.265445803699805e-10, 1.0863850791187346e-10, 9.616170359993959e-11, 8.848551058537879e-11, 7.818157926609004e-11, 8.116193134233285e-11, 8.125629336053208e-11, 8.493922232233331e-11, 9.812455709079515e-11, 1.0690771878874017e-10, 9.207207218864255e-11, 3.046255261929254e-11, 1.648380043572928e-11, 1.5960765695210988e-11, 1.5856416873960555e-11, 1.6323432189269127e-11, 1.572082568290778e-11, 1.209054644596419e-11, 5.915592668492842e-12, 2.651072720724623e-12, 2.179992731471403e-12], "lowlevel.melbands128.stdev": [2.4418652174063027e-05, 1.229230565513717e-05, 1.6482103092130274e-05, 2.7515576221048832e-05, 9.810560004552826e-05, 0.0005714173894375563, 0.0007851806585676968, 0.0003871997178066522, 5.251872062217444e-05, 5.564740058616735e-05, 0.0002885769063141197, 0.0012290978338569403, 0.0015392453642562032, 0.0007065958343446255, 0.0011047079460695386, 0.0017743016360327601, 0.0010182849364355206, 0.003709026612341404, 0.0014974460937082767, 0.0018430182244628668, 0.0006783604039810598, 0.0014383832458406687, 0.0014526625163853168, 7.527918205596507e-05, 2.3267584765562788e-05, 0.0011422050883993506, 0.0027337311767041683, 0.0015617379685863853, 0.00031766502070240676, 0.0023881630040705204, 0.0009863250888884068, 0.0005960911512374878, 0.0011278352467343211, 0.00014594649837817997, 0.0019046951783820987, 0.0010091221192851663, 0.0008094881777651608, 2.034172030107584e-05, 1.2673325727519114e-05, 4.814972271560691e-06, 8.315496984323545e-07, 1.1459580491646193e-05, 7.757907042105217e-06, 1.1807851478806697e-05, 2.361800943617709e-05, 1.2725497072096914e-05, 2.4410115656792186e-05, 2.9921711757197045e-06, 2.6729226192401256e-06, 9.738267181091942e-06, 2.3324919311562553e-06, 2.5709518922667485e-06, 1.9103863451164216e-05, 2.441358446958475e-06, 2.85347937278857e-06, 1.9527664335328154e-05, 4.148385869484628e-06, 3.632954530985444e-06, 2.120184035447892e-06, 8.772445880822488e-07, 1.31977355977142e-06, 1.7249142274522455e-06, 1.1419072052376578e-06, 2.279678739114388e-07, 5.144042347637878e-07, 2.8377638727761223e-07, 2.9084975494697574e-07, 7.994591300075626e-08, 9.456628191628624e-08, 1.3506902973858814e-07, 1.8506726462419465e-07, 8.617968916269092e-08, 2.0780989373747616e-08, 7.379349398206614e-08, 2.29939409734925e-08, 1.0875119471620565e-08, 2.2184076797771013e-08, 1.7256200024462487e-08, 1.2561089945961612e-08, 2.8511015770504855e-08, 2.4538792331441073e-07, 1.174405923620725e-07, 4.187881330608434e-08, 3.3042148572803853e-08, 2.365782947322259e-08, 2.8188472001033915e-08, 7.866898243946707e-08, 2.3213155841972366e-08, 1.6077192910302074e-08, 1.1788676701485201e-08, 2.9080894137223368e-08, 4.247050355843385e-08, 3.755502131497224e-09, 2.174002311505774e-09, 2.824478873009184e-09, 2.6245119411072437e-09, 3.537080628390754e-09, 1.2812018113095291e-09, 1.346654232570188e-09, 2.3717494634922787e-09, 1.8356314246403826e-09, 1.5944453535254866e-09, 1.363334112269854e-09, 1.1770717733838865e-09, 1.2982768193836591e-09, 9.396133870964718e-10, 1.1632583785115003e-09, 1.0969491981427382e-09, 7.935974100092835e-10, 5.547719506004967e-10, 4.2036116254529077e-10, 3.9160930054293885e-10, 4.506349737809501e-10, 4.684861942827467e-10, 4.3563400109469796e-10, 5.033231609274935e-10, 1.34331420986733e-10, 1.0060060423588979e-10, 2.685313256478583e-11, 7.535871232589031e-12, 7.2725454131061795e-12, 7.1249733543665705e-12, 7.00637724920794e-12, 6.98205859447909e-12, 6.4643043522216725e-12, 6.055594827664157e-12, 5.8811232793443136e-12, 5.849671008001378e-12], "lowlevel.mfcc.mean": [-967.4981689453125, 227.61654663085938, 29.54623031616211, -15.579339027404785, -17.431171417236328, -4.915737628936768, -0.9421704411506653, 17.13468360900879, 14.240118026733398, -2.288696527481079, -14.536164283752441, -15.01520824432373, -3.54295015335083], "lowlevel.spectral_contrast_coeffs.mean": [-0.6408395767211914, -0.7072423100471497, -0.5861349701881409, -0.7998957633972168, -0.8503934144973755, -0.8484734892845154], "lowlevel.spectral_contrast_coeffs.stdev": [0.11240454018115997, 0.1371879279613495, 0.14025817811489105, 0.07299896329641342, 0.06715074181556702, 0.052020251750946045], "lowlevel.spectral_contrast_valleys.mean": [-9.303357124328613, -9.173315048217773, -9.9185209274292, -11.230140686035156, -11.809927940368652, -13.971132278442383], "lowlevel.spectral_contrast_valleys.stdev": [1.1655311584472656, 1.5862957239151, 1.5931938886642456, 1.3990639448165894, 1.0131787061691284, 0.4779878854751587], "rhythm.beats_loudness_band_ratio.mean": [0.2260662019252777, 0.12236811965703964, 0.38602522015571594, 0.28785189986228943, 0.0033907215110957623, 0.0002462701522745192], "rhythm.beats_loudness_band_ratio.stdev": [0.3071202039718628, 0.17926718294620514, 0.3240593671798706, 0.32848289608955383, 0.00654467660933733, 0.00046422574087046087], "tonal.hpcp.mean": [0.28077971935272217, 0.14778870344161987, 0.0028599128127098083, 0.002939320169389248, 0.001870668143965304, 0.12139630317687988, 0.24005720019340515, 0.12150055170059204, 0.006882128771394491, 0.010251766070723534, 0.0068564647808671, 0.11483381688594818, 0.2217475175857544, 0.10959811508655548, 0.08294506371021271, 0.14319820702075958, 0.06354577094316483, 0.04762330651283264, 0.06875063478946686, 0.024453595280647278, 0.02679620496928692, 0.03525092825293541, 0.05348590388894081, 0.1403651386499405, 0.09783069044351578, 0.0027870251797139645, 0.15594756603240967, 0.2965225577354431, 0.14299604296684265, 0.04850740730762482, 0.09206362068653107, 0.04503737390041351, 0.0074029299430549145, 0.01423793938010931, 0.009249788708984852, 0.13577577471733093], "tonal.hpcp.stdev": [0.4016634225845337, 0.2137974351644516, 0.034157752990722656, 0.0347333624958992, 0.008389831520617008, 0.2000255584716797, 0.3850751221179962, 0.2003650665283203, 0.041081950068473816, 0.07592137157917023, 0.04837685823440552, 0.19762903451919556, 0.3751957416534424, 0.18715840578079224, 0.1766749769449234, 0.3057580292224884, 0.14454789459705353, 0.15782040357589722, 0.22516967356204987, 0.081813745200634, 0.11892414093017578, 0.15097260475158691, 0.1175343245267868, 0.31012865900993347, 0.2159651666879654, 0.038080472499132156, 0.20156466960906982, 0.37889063358306885, 0.18644410371780396, 0.13163593411445618, 0.25113189220428467, 0.12482573091983795, 0.03840279206633568, 0.06693518161773682, 0.04601408541202545, 0.19377970695495605], "rhythm.beats_position": [0.5108389854431152, 1.0332880020141602, 1.5557368993759155, 2.0665760040283203, 2.5774149894714355, 3.088253974914551, 3.599092960357666, 4.121541976928711, 4.609160900115967, 5.108389854431152, 5.607618808746338, 6.095238208770752, 6.5944671630859375, 7.082086086273193, 7.604535102844238, 8.126983642578125, 8.661043167114258, 9.229931831359863, 9.798820495605469, 10.367709159851074, 10.971427917480469, 11.586756706237793, 12.190476417541504, 12.794195175170898, 13.386303901672363, 13.978412628173828, 14.558911323547363, 15.127799987792969, 15.708298683166504, 16.28879737854004, 16.741586685180664, 17.20598602294922, 17.670385360717773, 18.11156463623047, 18.564353942871094, 19.02875328063965, 19.469932556152344, 19.887889862060547, 20.317459106445312, 20.747028350830078, 21.176597595214844, 21.61777687072754, 22.058956146240234, 22.47691535949707, 22.894874572753906, 23.324443817138672, 23.754013061523438, 24.195192337036133, 24.647981643676758, 25.089160919189453, 25.51873016357422, 25.959909439086914, 26.38947868347168, 26.830657958984375, 27.271835327148438, 27.701404571533203, 28.11936378479004, 28.537322998046875, 28.95528221130371, 29.396461486816406, 29.86086082458496, 30.325260162353516, 30.76643943786621, 31.207618713378906, 31.6487979888916, 32.0899772644043, 32.51954650878906, 32.94911575317383, 33.378684997558594, 33.80825424194336, 34.237823486328125, 34.67900085449219, 35.13179016113281, 35.56135940551758, 35.990928649902344, 36.43210983276367, 36.873287200927734, 37.3028564453125, 37.732425689697266, 38.17360305786133, 38.603172302246094, 39.03274154663086, 39.45070266723633], "rhythm.bpm_histogram": [0.0, 0.0, 0.0, 0.0, 0.0, 0.0, 0.0, 0.0, 0.0, 0.0, 0.0, 0.0, 0.0, 0.0, 0.0, 0.0, 0.0, 0.0, 0.0, 0.0, 0.0, 0.0, 0.0, 0.0, 0.0, 0.0, 0.0, 0.0, 0.0, 0.0, 0.0, 0.0, 0.0, 0.0, 0.0, 0.0, 0.0, 0.0, 0.0, 0.0, 0.0, 0.0, 0.0, 0.0, 0.0, 0.0, 0.0, 0.0, 0.0, 0.0, 0.0, 0.0, 0.0, 0.0, 0.0, 0.0, 0.0, 0.0, 0.0, 0.0, 0.0, 0.0, 0.0, 0.0, 0.0, 0.0, 0.0, 0.0, 0.0, 0.0, 0.0, 0.0, 0.0, 0.0, 0.0, 0.0, 0.0, 0.0, 0.0, 0.0, 0.0, 0.0, 0.0, 0.0, 0.0, 0.0, 0.0, 0.0, 0.0, 0.0, 0.0, 0.0, 0.0, 0.0, 0.0, 0.0, 0.0, 0.0, 0.012195121496915817, 0.03658536449074745, 0.0, 0.024390242993831635, 0.0, 0.03658536449074745, 0.0, 0.04878048598766327, 0.0, 0.0, 0.0, 0.0, 0.0, 0.0, 0.012195121496915817, 0.0, 0.0, 0.060975611209869385, 0.0, 0.04878048598766327, 0.0, 0.0, 0.03658536449074745, 0.0, 0.0, 0.03658536449074745, 0.0, 0.0, 0.0, 0.0, 0.0, 0.060975611209869385, 0.0, 0.0, 0.0, 0.04878048598766327, 0.0, 0.0, 0.2195121943950653, 0.0, 0.0, 0.0, 0.23170731961727142, 0.0, 0.0, 0.0, 0.08536585420370102, 0.0, 0.0, 0.0, 0.0, 0.0, 0.0, 0.0, 0.0, 0.0, 0.0, 0.0, 0.0, 0.0, 0.0, 0.0, 0.0, 0.0, 0.0, 0.0, 0.0, 0.0, 0.0, 0.0, 0.0, 0.0, 0.0, 0.0, 0.0, 0.0, 0.0, 0.0, 0.0, 0.0, 0.0, 0.0, 0.0, 0.0, 0.0, 0.0, 0.0, 0.0, 0.0, 0.0, 0.0, 0.0, 0.0, 0.0, 0.0, 0.0, 0.0, 0.0, 0.0, 0.0, 0.0, 0.0, 0.0, 0.0, 0.0, 0.0, 0.0, 0.0, 0.0, 0.0, 0.0, 0.0, 0.0, 0.0, 0.0, 0.0, 0.0, 0.0, 0.0, 0.0, 0.0, 0.0, 0.0, 0.0, 0.0, 0.0, 0.0, 0.0, 0.0, 0.0, 0.0, 0.0, 0.0, 0.0, 0.0, 0.0, 0.0, 0.0, 0.0, 0.0, 0.0, 0.0, 0.0, 0.0, 0.0, 0.0, 0.0, 0.0, 0.0, 0.0, 0.0, 0.0], "tonal.chords_histogram": [30.092592239379883, 3.472222328186035, 0.0, 4.398148059844971, 0.0, 6.018518447875977, 0.0, 0.0, 0.0, 0.0, 0.0, 0.0, 0.0, 0.0, 0.0, 0.0, 0.11574073880910873, 0.0, 0.0, 6.828703880310059, 3.5879628658294678, 7.638888835906982, 17.245370864868164, 20.601852416992188], "tonal.thpcp": [1.0, 0.4822433888912201, 0.16358758509159088, 0.310477614402771, 0.15188515186309814, 0.02496582455933094, 0.04801637679338455, 0.031194215640425682, 0.45789358019828796, 0.9469084739685059, 0.4984062612056732, 0.009644840843975544, 0.009912636131048203, 0.006308687385171652, 0.4093998968601227, 0.8095748424530029, 0.4097514748573303, 0.0232094619423151, 0.03457330912351608, 0.023122910410165787, 0.38726839423179626, 0.7478268146514893, 0.36961138248443604, 0.27972596883773804, 0.4829251766204834, 0.21430332958698273, 0.1606060117483139, 0.2318563461303711, 0.08246790617704391, 0.09036818146705627, 0.11888109892606735, 0.18037718534469604, 0.47337085008621216, 0.32992663979530334, 0.009399032220244408, 0.5259214043617249], "lowlevel.gfcc.cov": [[15406.6669921875, 5900.4462890625, -5057.40478515625, -2613.120849609375, -892.9637451171875, -2383.69482421875, -669.4639282226562, -1237.2314453125, 933.4521484375, -1090.245849609375, 391.8905944824219, -250.84678649902344, 431.7720947265625], [5900.4462890625, 3580.886962890625, -1178.359375, -1822.3399658203125, -589.9442749023438, -888.8742065429688, -279.4699401855469, -621.4334716796875, 147.19046020507812, -619.0974731445312, -72.10694122314453, -246.57582092285156, 203.21713256835938], [-5057.40478515625, -1178.359375, 2791.497314453125, 648.5548706054688, -51.55495071411133, 808.6119384765625, 195.787841796875, 375.53204345703125, -455.3636169433594, 252.77764892578125, -409.13330078125, -179.13548278808594, -248.60385131835938], [-2613.120849609375, -1822.3399658203125, 648.5548706054688, 1569.0750732421875, 424.962890625, 166.96856689453125, -57.99789047241211, 324.8981018066406, 141.022216796875, 389.08074951171875, 45.41297149658203, -11.423778533935547, -250.51795959472656], [-892.9637451171875, -589.9442749023438, -51.55495071411133, 424.962890625, 575.4449462890625, 239.87965393066406, 31.82329750061035, -0.3284400403499603, -9.084880828857422, 130.01612854003906, 133.30108642578125, 80.37238311767578, -40.68764114379883], [-2383.69482421875, -888.8742065429688, 808.6119384765625, 166.96856689453125, 239.87965393066406, 794.6876220703125, 337.2336120605469, 155.26768493652344, -384.1395263671875, 47.483768463134766, -110.32024383544922, 52.009239196777344, -44.5185661315918], [-669.4639282226562, -279.4699401855469, 195.787841796875, -57.99789047241211, 31.82329750061035, 337.2336120605469, 371.95819091796875, 178.3546142578125, -174.8774871826172, -121.06690979003906, -134.95614624023438, -33.260772705078125, -22.90215492248535], [-1237.2314453125, -621.4334716796875, 375.53204345703125, 324.8981018066406, -0.3284400403499603, 155.26768493652344, 178.3546142578125, 328.01605224609375, -13.18452262878418, 21.026947021484375, -128.26023864746094, -47.689430236816406, -74.95709991455078], [933.4521484375, 147.19046020507812, -455.3636169433594, 141.022216796875, -9.084880828857422, -384.1395263671875, -174.8774871826172, -13.18452262878418, 338.47198486328125, 85.71648406982422, 110.28416442871094, -14.200261116027832, -12.78738021850586], [-1090.245849609375, -619.0974731445312, 252.77764892578125, 389.08074951171875, 130.01612854003906, 47.483768463134766, -121.06690979003906, 21.026947021484375, 85.71648406982422, 328.1689758300781, 164.72071838378906, 88.15546417236328, -89.15963745117188], [391.8905944824219, -72.10694122314453, -409.13330078125, 45.41297149658203, 133.30108642578125, -110.32024383544922, -134.95614624023438, -128.26023864746094, 110.28416442871094, 164.72071838378906, 277.7057189941406, 149.09971618652344, 15.301307678222656], [-250.84678649902344, -246.57582092285156, -179.13548278808594, -11.423778533935547, 80.37238311767578, 52.009239196777344, -33.260772705078125, -47.689430236816406, -14.200261116027832, 88.15546417236328, 149.09971618652344, 195.57244873046875, 85.05180358886719], [431.7720947265625, 203.21713256835938, -248.60385131835938, -250.51795959472656, -40.68764114379883, -44.5185661315918, -22.90215492248535, -74.95709991455078, -12.78738021850586, -89.15963745117188, 15.301307678222656, 85.05180358886719, 191.12770080566406]], "lowlevel.gfcc.icov": [[0.001135842059738934, -0.0015267509734258056, 0.0015208764234557748, -0.001124537899158895, 0.001277121831662953, -0.0004137979994993657, -0.0005188742070458829, 0.0009902229066938162, -0.00047671908396296203, 0.0006534582353197038, -0.0008278129971586168, 0.0008985096937976778, 2.6736745439848164e-06], [-0.0015267509734258056, 0.005509736016392708, -0.0030333702452480793, 0.004709344357252121, -0.0024310669396072626, 0.002564505208283663, 0.0017242354806512594, 0.0013700141571462154, -0.0011124996235594153, 0.004105561412870884, -0.0007379953167401254, 0.0011846435954794288, 0.00201435387134552], [0.0015208764234557748, -0.0030333702452480793, 0.003820904064923525, -0.002478869864717126, 0.002247120486572385, -0.0017579053528606892, -0.00010941886284854263, 1.5814986909390427e-05, 0.0015753094339743257, -0.003248494118452072, 0.0018187498208135366, 0.001482205232605338, -0.0006429365021176636], [-0.001124537899158895, 0.004709344357252121, -0.002478869864717126, 0.005945613142102957, -0.003249780274927616, 0.002400606404989958, 0.0025190289597958326, -0.00032603059662505984, -0.001364220748655498, 0.002790027530863881, -6.637816113652661e-05, 0.001055355416610837, 0.0028892639093101025], [0.001277121831662953, -0.0024310669396072626, 0.002247120486572385, -0.003249780274927616, 0.00550935510545969, -0.0035535800270736217, -0.0005718381144106388, 0.0016339191934093833, -0.0015163482166826725, 0.0011206450872123241, -0.00289169792085886, 0.0012918823631480336, -0.000641668913885951], [-0.0004137979994993657, 0.002564505208283663, -0.0017579053528606892, 0.002400606404989958, -0.0035535800270736217, 0.00963021069765091, -0.004218052141368389, 0.001612046267837286, 0.005276570562273264, -0.0016452856361865997, 0.001576020265929401, -0.0004095572221558541, 0.0003231092414353043], [-0.0005188742070458829, 0.0017242354806512594, -0.00010941886284854263, 0.0025190289597958326, -0.0005718381144106388, -0.004218052141368389, 0.011065984144806862, -0.005209566093981266, -0.000510862679220736, 0.00516399834305048, -0.0013951307628303766, 0.0010499154450371861, 0.0026962682604789734], [0.0009902229066938162, 0.0013700141571462154, 1.5814986909390427e-05, -0.00032603059662505984, 0.0016339191934093833, 0.001612046267837286, -0.005209566093981266, 0.01272174995392561, -0.005167500581592321, 0.0037054254207760096, 0.0024426293093711138, -0.0009235123288817704, 0.002586136106401682], [-0.00047671908396296203, -0.0011124996235594153, 0.0015753094339743257, -0.001364220748655498, -0.0015163482166826725, 0.005276570562273264, -0.000510862679220736, -0.005167500581592321, 0.014936272986233234, -0.009883901104331017, 0.001482360647059977, 0.003312631044536829, -0.0038651085924357176], [0.0006534582353197038, 0.004105561412870884, -0.003248494118452072, 0.002790027530863881, 0.0011206450872123241, -0.0016452856361865997, 0.00516399834305048, 0.0037054254207760096, -0.009883901104331017, 0.025035446509718895, -0.01326338667422533, -0.0002900906256400049, 0.007725963369011879], [-0.0008278129971586168, -0.0007379953167401254, 0.0018187498208135366, -6.637816113652661e-05, -0.00289169792085886, 0.001576020265929401, -0.0013951307628303766, 0.0024426293093711138, 0.001482360647059977, -0.01326338667422533, 0.023440252989530563, -0.012280972674489021, 0.002976098796352744], [0.0008985096937976778, 0.0011846435954794288, 0.001482205232605338, 0.001055355416610837, 0.0012918823631480336, -0.0004095572221558541, 0.0010499154450371861, -0.0009235123288817704, 0.003312631044536829, -0.0002900906256400049, -0.012280972674489021, 0.02231184020638466, -0.008894176222383976], [2.6736745439848164e-06, 0.00201435387134552, -0.0006429365021176636, 0.0028892639093101025, -0.000641668913885951, 0.0003231092414353043, 0.0026962682604789734, 0.002586136106401682, -0.0038651085924357176, 0.007725963369011879, 0.002976098796352744, -0.008894176222383976, 0.014376217499375343]], "lowlevel.mfcc.cov": [[16684.3046875, 5428.26611328125, -4450.2236328125, -1099.87548828125, -1465.9501953125, -1508.919677734375, -2437.965576171875, -784.7244873046875, -863.9348754882812, -699.2608642578125, -303.99444580078125, -396.09246826171875, -170.06732177734375], [5428.26611328125, 4016.846435546875, -576.4892578125, -1239.9688720703125, -805.5455322265625, -671.2490844726562, -749.6849365234375, -405.3174133300781, -240.629150390625, -384.25555419921875, -490.74639892578125, -432.0751953125, -284.6290588378906], [-4450.2236328125, -576.4892578125, 2164.465087890625, 149.058349609375, 162.8326873779297, 272.4073181152344, 579.1272583007812, 124.97156524658203, 281.9387512207031, 257.07958984375, -4.72429084777832, -118.3320541381836, -185.34056091308594], [-1099.87548828125, -1239.9688720703125, 149.058349609375, 837.343994140625, 401.8869934082031, 95.10911560058594, -23.888843536376953, 4.575400352478027, 25.92291831970215, 218.85711669921875, 329.8477783203125, 180.79185485839844, -12.945147514343262], [-1465.9501953125, -805.5455322265625, 162.8326873779297, 401.8869934082031, 502.5815124511719, 268.70794677734375, 144.0886993408203, -42.055118560791016, -26.00283432006836, 68.42244720458984, 150.33029174804688, 173.79083251953125, 76.50686645507812], [-1508.919677734375, -671.2490844726562, 272.4073181152344, 95.10911560058594, 268.70794677734375, 382.7215270996094, 354.4783935546875, 70.79308319091797, 10.144057273864746, 2.8398797512054443, 7.103794574737549, 95.69609832763672, 146.691162109375], [-2437.965576171875, -749.6849365234375, 579.1272583007812, -23.888843536376953, 144.0886993408203, 354.4783935546875, 703.5513916015625, 332.13250732421875, 186.86239624023438, 40.47886276245117, -77.17130279541016, 15.136852264404297, 52.97525405883789], [-784.7244873046875, -405.3174133300781, 124.97156524658203, 4.575400352478027, -42.055118560791016, 70.79308319091797, 332.13250732421875, 337.9454650878906, 212.3976287841797, 63.462623596191406, -59.06753921508789, -90.3446273803711, -55.2248420715332], [-863.9348754882812, -240.629150390625, 281.9387512207031, 25.92291831970215, -26.00283432006836, 10.144057273864746, 186.86239624023438, 212.3976287841797, 244.6123046875, 136.13037109375, -41.51494216918945, -137.76869201660156, -121.09346771240234], [-699.2608642578125, -384.25555419921875, 257.07958984375, 218.85711669921875, 68.42244720458984, 2.8398797512054443, 40.47886276245117, 63.462623596191406, 136.13037109375, 204.95179748535156, 108.7867660522461, -36.10673141479492, -102.00682830810547], [-303.99444580078125, -490.74639892578125, -4.72429084777832, 329.8477783203125, 150.33029174804688, 7.103794574737549, -77.17130279541016, -59.06753921508789, -41.51494216918945, 108.7867660522461, 260.5821228027344, 191.73800659179688, 36.915306091308594], [-396.09246826171875, -432.0751953125, -118.3320541381836, 180.79185485839844, 173.79083251953125, 95.69609832763672, 15.136852264404297, -90.3446273803711, -137.76869201660156, -36.10673141479492, 191.73800659179688, 353.1201477050781, 245.00758361816406], [-170.06732177734375, -284.6290588378906, -185.34056091308594, -12.945147514343262, 76.50686645507812, 146.691162109375, 52.97525405883789, -55.2248420715332, -121.09346771240234, -102.00682830810547, 36.915306091308594, 245.00758361816406, 373.298828125]], "lowlevel.mfcc.icov": [[0.0012110518291592598, -0.0014725177315995097, 0.0016400731401517987, -0.0015348254237324, 0.0021588813979178667, -0.0019367412896826863, 0.002228908007964492, -0.002495849970728159, 0.0029766696970909834, -0.0013593642506748438, 0.00018693690071813762, 0.0004856359155382961, 8.002095273695886e-05], [-0.0014725177315995097, 0.0028275151271373034, -0.002088135341182351, 0.003099691355600953, -0.002766427118331194, 0.003259963821619749, -0.0022531498689204454, 0.003518888959661126, -0.0031833588145673275, 0.001897731563076377, 0.000372025475371629, -0.0006330005708150566, 0.0005466500879265368], [0.0016400731401517987, -0.002088135341182351, 0.0033249177504330873, -0.0026951550971716642, 0.0035621444694697857, -0.0025566800031811, 0.0009098571026697755, -0.0005268202512525022, 0.0022340528666973114, -0.001933099003508687, 7.656029993086122e-06, 0.0009869211353361607, 0.000327904213918373], [-0.0015348254237324, 0.003099691355600953, -0.0026951550971716642, 0.008116581477224827, -0.006473046727478504, 0.004067456815391779, -0.0002120273420587182, -0.0004709871136583388, -0.0004034010926261544, -0.000531939382199198, -0.0028212321922183037, 0.00017837029008660465, 0.00018193412688560784], [0.0021588813979178667, -0.002766427118331194, 0.0035621444694697857, -0.006473046727478504, 0.011891963891685009, -0.009181756526231766, 0.0032932914327830076, 9.717258217278868e-05, 0.0013355190167203546, -0.0009306427673436701, 0.002037622733041644, -0.0025513716973364353, 0.0027881432324647903], [-0.0019367412896826863, 0.003259963821619749, -0.0025566800031811, 0.004067456815391779, -0.009181756526231766, 0.01754525490105152, -0.010992420837283134, 0.007074472028762102, -0.0015046404441818595, 0.0018255834002047777, -0.0025042600464075804, 0.005586693063378334, -0.005339606665074825], [0.002228908007964492, -0.0022531498689204454, 0.0009098571026697755, -0.0002120273420587182, 0.0032932914327830076, -0.010992420837283134, 0.01723494939506054, -0.0168193057179451, 0.009055172093212605, -0.0053096674382686615, 0.006067532580345869, -0.006193561479449272, 0.0034039432648569345], [-0.002495849970728159, 0.003518888959661126, -0.0005268202512525022, -0.0004709871136583388, 9.717258217278868e-05, 0.007074472028762102, -0.0168193057179451, 0.028907448053359985, -0.023531677201390266, 0.01237538829445839, -0.005790501832962036, 0.0035685915499925613, -0.0008897307561710477], [0.0029766696970909834, -0.0031833588145673275, 0.0022340528666973114, -0.0004034010926261544, 0.0013355190167203546, -0.0015046404441818595, 0.009055172093212605, -0.023531677201390266, 0.03759666904807091, -0.023100847378373146, 0.009696019813418388, 0.0007991752936504781, -2.4549961381126195e-05], [-0.0013593642506748438, 0.001897731563076377, -0.001933099003508687, -0.000531939382199198, -0.0009306427673436701, 0.0018255834002047777, -0.0053096674382686615, 0.01237538829445839, -0.023100847378373146, 0.02994362637400627, -0.017632899805903435, 0.008063319139182568, -0.0009527112124487758], [0.00018693690071813762, 0.000372025475371629, 7.656029993086122e-06, -0.0028212321922183037, 0.0020376