{"song_id": "1183661753184288778", "download": "https://cdn.discordapp.com/attachments/1135903449314238464/1183661753184288778/chirp.mp4?ex=658925e9&amp", "lyrics": "Verse:\n In briny deeps, a wondrous sight, the horngus gleams in faintest light, Attached by scungle, firm and right, to dillsack's keep, a curious plight. Amidst the kelp, 'neath lunar's gaze, it dwells in ocean's secret maze, A spectacle of olden days, in water's dance, it softly sways.\n\nChorus:\nOde to the horngus, in depths unseen, where dongfish roam and mysteries convene. By scungle bound, to nutte sac it cleaves, in Neptune's garden, where the sea-weaver weaves.", "style": ["broadway musical"], "essentia_features": {"lowlevel.average_loudness": 0.8829790949821472, "lowlevel.barkbands_crest.mean": 13.229286193847656, "lowlevel.barkbands_crest.stdev": 5.148561954498291, "lowlevel.barkbands_flatness_db.mean": 0.24290217459201813, "lowlevel.barkbands_flatness_db.stdev": 0.11197283864021301, "lowlevel.barkbands_kurtosis.mean": 12.07916259765625, "lowlevel.barkbands_kurtosis.stdev": 22.024072647094727, "lowlevel.barkbands_skewness.mean": 1.3791877031326294, "lowlevel.barkbands_skewness.stdev": 2.415982723236084, "lowlevel.barkbands_spread.mean": 15.602616310119629, "lowlevel.barkbands_spread.stdev": 18.27216148376465, "lowlevel.dissonance.mean": 0.42075178027153015, "lowlevel.dissonance.stdev": 0.08627031743526459, "lowlevel.dynamic_complexity": 11.310585021972656, "lowlevel.erbbands_crest.mean": 12.690926551818848, "lowlevel.erbbands_crest.stdev": 5.336902141571045, "lowlevel.erbbands_flatness_db.mean": 0.2663325369358063, "lowlevel.erbbands_flatness_db.stdev": 0.11582495272159576, "lowlevel.erbbands_kurtosis.mean": 3.6928865909576416, "lowlevel.erbbands_kurtosis.stdev": 7.255187034606934, "lowlevel.erbbands_skewness.mean": 0.5613570213317871, "lowlevel.erbbands_skewness.stdev": 1.421036720275879, "lowlevel.erbbands_spread.mean": 24.378591537475586, "lowlevel.erbbands_spread.stdev": 20.427547454833984, "lowlevel.hfc.mean": 8.099862098693848, "lowlevel.hfc.stdev": 17.70387077331543, "lowlevel.loudness_ebu128.integrated": -33.54145431518555, "lowlevel.loudness_ebu128.loudness_range": 3.4278297424316406, "lowlevel.loudness_ebu128.momentary.mean": -37.97663879394531, "lowlevel.loudness_ebu128.momentary.stdev": 10.182610511779785, "lowlevel.loudness_ebu128.short_term.mean": -34.071495056152344, "lowlevel.loudness_ebu128.short_term.stdev": 1.2269068956375122, "lowlevel.melbands_crest.mean": 16.561656951904297, "lowlevel.melbands_crest.stdev": 7.437475204467773, "lowlevel.melbands_flatness_db.mean": 0.28919073939323425, "lowlevel.melbands_flatness_db.stdev": 0.144074484705925, "lowlevel.melbands_kurtosis.mean": 14.635780334472656, "lowlevel.melbands_kurtosis.stdev": 24.538217544555664, "lowlevel.melbands_skewness.mean": 1.8923543691635132, "lowlevel.melbands_skewness.stdev": 2.361527681350708, "lowlevel.melbands_spread.mean": 26.07125473022461, "lowlevel.melbands_spread.stdev": 37.284637451171875, "lowlevel.pitch_salience.mean": 0.5660423040390015, "lowlevel.pitch_salience.stdev": 0.18094900250434875, "lowlevel.silence_rate_20dB.mean": 1.0, "lowlevel.silence_rate_20dB.stdev": 0.0, "lowlevel.silence_rate_30dB.mean": 0.9894737005233765, "lowlevel.silence_rate_30dB.stdev": 0.10205623507499695, "lowlevel.silence_rate_60dB.mean": 0.5833333134651184, "lowlevel.silence_rate_60dB.stdev": 0.49300652742385864, "lowlevel.spectral_centroid.mean": 1544.9150390625, "lowlevel.spectral_centroid.stdev": 1479.833984375, "lowlevel.spectral_complexity.mean": 3.912280797958374, "lowlevel.spectral_complexity.stdev": 4.605604648590088, "lowlevel.spectral_decrease.mean": -2.795311537795442e-09, "lowlevel.spectral_decrease.stdev": 5.809260628097945e-09, "lowlevel.spectral_energy.mean": 0.011284824460744858, "lowlevel.spectral_energy.stdev": 0.02347690239548683, "lowlevel.spectral_energyband_high.mean": 7.963490497786552e-05, "lowlevel.spectral_energyband_high.stdev": 0.00022884533973410726, "lowlevel.spectral_energyband_low.mean": 7.828878733562306e-05, "lowlevel.spectral_energyband_low.stdev": 0.0002524443552829325, "lowlevel.spectral_energyband_middle_high.mean": 0.002562086097896099, "lowlevel.spectral_energyband_middle_high.stdev": 0.00789653044193983, "lowlevel.spectral_energyband_middle_low.mean": 0.008711392059922218, "lowlevel.spectral_energyband_middle_low.stdev": 0.017989415675401688, "lowlevel.spectral_entropy.mean": 6.90972900390625, "lowlevel.spectral_entropy.stdev": 1.0893853902816772, "lowlevel.spectral_flux.mean": 0.061589647084474564, "lowlevel.spectral_flux.stdev": 0.0708673968911171, "lowlevel.spectral_kurtosis.mean": 19.036481857299805, "lowlevel.spectral_kurtosis.stdev": 25.231658935546875, "lowlevel.spectral_rms.mean": 0.0021149194799363613, "lowlevel.spectral_rms.stdev": 0.002556698163971305, "lowlevel.spectral_rolloff.mean": 2217.50634765625, "lowlevel.spectral_rolloff.stdev": 3033.52392578125, "lowlevel.spectral_skewness.mean": 2.699357509613037, "lowlevel.spectral_skewness.stdev": 1.8870320320129395, "lowlevel.spectral_spread.mean": 3797836.25, "lowlevel.spectral_spread.stdev": 2633647.25, "lowlevel.spectral_strongpeak.mean": 0.7701938152313232, "lowlevel.spectral_strongpeak.stdev": 1.1303439140319824, "lowlevel.zerocrossingrate.mean": 0.08689436316490173, "lowlevel.zerocrossingrate.stdev": 0.09487452358007431, "metadata.audio_properties.analysis.equal_loudness": 0.0, "metadata.audio_properties.analysis.length": 26.431995391845703, "metadata.audio_properties.analysis.sample_rate": 44100.0, "metadata.audio_properties.analysis.start_time": 0.0, "metadata.audio_properties.bit_rate": 115264.0, "metadata.audio_properties.length": 26.43199920654297, "metadata.audio_properties.lossless": 0.0, "metadata.audio_properties.number_channels": 1.0, "metadata.audio_properties.replay_gain": 3.3580493927001953, "metadata.audio_properties.sample_rate": 48000.0, "rhythm.beats_count": 53.0, "rhythm.beats_loudness.mean": 0.02536928281188011, "rhythm.beats_loudness.stdev": 0.03308502584695816, "rhythm.bpm": 115.51628875732422, "rhythm.bpm_histogram_first_peak_bpm": 115.0, "rhythm.bpm_histogram_first_peak_weight": 0.48148149251937866, "rhythm.bpm_histogram_second_peak_bpm": 144.0, "rhythm.bpm_histogram_second_peak_spread": 0.5, "rhythm.bpm_histogram_second_peak_weight": 0.11538461595773697, "rhythm.danceability": 1.7132954597473145, "rhythm.onset_rate": 4.877582550048828, "tonal.chords_changes_rate": 0.1278458833694458, "tonal.chords_number_rate": 0.024518389254808426, "tonal.chords_strength.mean": 0.4520066976547241, "tonal.chords_strength.stdev": 0.07369707524776459, "tonal.hpcp_crest.mean": 12.179549217224121, "tonal.hpcp_crest.stdev": 6.8179402351379395, "tonal.hpcp_entropy.mean": 2.290314197540283, "tonal.hpcp_entropy.stdev": 0.921229898929596, "tonal.key_edma.strength": 0.3987599015235901, "tonal.key_krumhansl.strength": 0.3990311622619629, "tonal.key_temperley.strength": 0.3881845772266388, "tonal.tuning_diatonic_strength": 0.4598788917064667, "tonal.tuning_equal_tempered_deviation": 0.19009992480278015, "tonal.tuning_frequency": 433.6918029785156, "tonal.tuning_nontempered_energy_ratio": 0.84661865234375, "lowlevel.barkbands.mean": [5.5025043366185855e-06, 2.1330674826458562e-06, 2.639996455400251e-05, 0.00014982883294578642, 0.0006942528416402638, 0.0014821285149082541, 0.0021781171672046185, 0.0016490390989929438, 0.002308811526745558, 0.00048705548397265375, 0.000554099737200886, 0.0007678663241676986, 0.00031035643769428134, 0.0002600048028398305, 0.00011979215923929587, 8.133629307849333e-05, 9.4429480668623e-05, 2.833575490512885e-05, 4.846918272960465e-06, 2.0655700154748047e-06, 2.665845022420399e-05, 2.3582897483720444e-05, 1.2972987860848662e-05, 7.976031156431418e-06, 2.3713191694696434e-06, 4.8392034841526765e-06, 2.926667796998572e-08], "lowlevel.barkbands.stdev": [2.2328164050122723e-05, 4.903141871182015e-06, 0.00010692975047277287, 0.0004204231081530452, 0.001766889588907361, 0.004399124067276716, 0.007765491027384996, 0.0065161618404090405, 0.009152430109679699, 0.0022088035475462675, 0.002834751969203353, 0.004311088938266039, 0.0019165265839546919, 0.0016612033359706402, 0.000708177569322288, 0.00029762869235128164, 0.000320579536492005, 0.00017587783804628998, 1.7266038412344642e-05, 9.088931619771756e-06, 8.503051503794268e-05, 7.695485692238435e-05, 4.57546666439157e-05, 3.052844840567559e-05, 8.736044037505053e-06, 2.126122490153648e-05, 1.4200510634054808e-07], "lowlevel.erbbands.mean": [9.208968549501151e-05, 0.0008641169406473637, 0.022516952827572823, 0.27156808972358704, 1.4704434871673584, 2.3284332752227783, 4.314160346984863, 15.06539535522461, 32.746158599853516, 27.788854598999023, 45.189762115478516, 49.261810302734375, 27.94028091430664, 13.121055603027344, 29.784557342529297, 26.613658905029297, 14.364144325256348, 14.44491195678711, 8.499194145202637, 5.76137638092041, 4.187951564788818, 5.341481685638428, 2.37786602973938, 0.39764606952667236, 0.17682281136512756, 0.10374687612056732, 0.5107921361923218, 1.4052023887634277, 0.9588950872421265, 0.37221622467041016, 0.3579707443714142, 0.30028077960014343, 0.07332687079906464, 0.028300322592258453, 0.01711077243089676, 0.0242314450442791, 0.008177461102604866, 0.0006858938140794635, 1.9641394828795455e-05, 1.3765666153631173e-05], "lowlevel.erbbands.stdev": [0.00024851830676198006, 0.002157138427719474, 0.07347172498703003, 0.7256213426589966, 3.494277238845825, 7.115143299102783, 14.322418212890625, 45.005062103271484, 115.60880279541016, 117.22896575927734, 173.2321319580078, 202.10504150390625, 131.13995361328125, 49.84870910644531, 142.65118408203125, 138.37490844726562, 70.45895385742188, 83.79269409179688, 44.685028076171875, 36.87388229370117, 13.623839378356934, 17.769935607910156, 12.010618209838867, 1.3455618619918823, 0.5919566750526428, 0.46246394515037537, 1.8265376091003418, 4.282873153686523, 3.186819076538086, 1.329053282737732, 1.2525553703308105, 1.123767375946045, 0.29027217626571655, 0.1108136773109436, 0.06501764059066772, 0.10485487431287766, 0.03654360771179199, 0.002690438646823168, 5.385121039580554e-05, 2.7045505703426898e-05], "lowlevel.gfcc.mean": [-268.03326416015625, 86.38111877441406, -119.04661560058594, 1.2805582284927368, -66.25530242919922, -9.025254249572754, -40.91975402832031, -13.3944730758667, -10.244378089904785, -6.595315456390381, -23.912107467651367, 10.515111923217773, -14.814221382141113], "lowlevel.melbands.mean": [9.137949064097484e-07, 9.683148164185695e-06, 8.143155719153583e-05, 0.0001433968573110178, 0.00013760423462372273, 0.00035223737359046936, 0.00048299666377715766, 0.0002998660202138126, 0.00039871910121291876, 0.00030469062039628625, 0.00013203285925555974, 4.6983030188130215e-05, 8.939904364524409e-05, 9.276404307456687e-05, 4.907482070848346e-05, 2.745228812273126e-05, 2.7110500013804995e-05, 1.481613981013652e-05, 9.043194950209e-06, 6.534762633236824e-06, 4.2706806198111735e-06, 5.2377286010596436e-06, 4.877827905147569e-06, 6.309363129730627e-07, 2.648478698574763e-07, 1.5684180709740758e-07, 7.532086243600133e-08, 5.783508072454424e-08, 1.695222096032012e-07, 6.981213687140553e-07, 8.466743679491628e-07, 6.128833547336399e-07, 2.9838474802090786e-07, 1.678006782412922e-07, 1.5501096584102925e-07, 3.1501278385803744e-07, 1.3260972764328471e-07, 5.186125662248742e-08, 3.464471021175086e-08, 1.8217935604525337e-08], "lowlevel.melbands.stdev": [2.407520696579013e-06, 3.218366327928379e-05, 0.0001825210201786831, 0.0003580557822715491, 0.0004461338394321501, 0.0010455704759806395, 0.0016669199103489518, 0.0012839215341955423, 0.0016044784570112824, 0.0012887807097285986, 0.0006412413786165416, 0.0001833370770327747, 0.0004412806883919984, 0.0005220136954449117, 0.0002982580044772476, 0.00018847915634978563, 0.00016613892512395978, 9.305470302933827e-05, 6.299786036834121e-05, 3.0421158953686245e-05, 1.4212497262633406e-05, 1.5669676940888166e-05, 2.7041627618018538e-05, 2.2701042325934395e-06, 1.0454255061631557e-06, 6.137987043075555e-07, 2.5438990292059316e-07, 3.283658998043393e-07, 6.811784487581463e-07, 2.554816546762595e-06, 2.5722717964526964e-06, 2.059251755781588e-06, 1.1291093642284977e-06, 6.097316145314835e-07, 5.159523652764619e-07, 1.2247026006662054e-06, 5.289428486321412e-07, 2.1688769891170523e-07, 1.399590274786533e-07, 7.507640020776307e-08], "lowlevel.melbands128.mean": [2.1970463421894237e-06, 8.895834184841078e-07, 3.840179090275342e-07, 9.124662483372958e-07, 4.759887360705761e-06, 1.6036310626077466e-05, 4.032481592730619e-05, 9.072825196199119e-05, 0.0001588549930602312, 0.00016491020505782217, 0.00011910022294614464, 0.00011389840801712126, 0.00013717437104787678, 0.0001681147696217522, 0.0002663820923771709, 0.0004817343724425882, 0.0006330132018774748, 0.00047026586253196, 0.00033086701296269894, 0.000287941686110571, 0.0002937172830570489, 0.00030171044636517763, 0.0004569747543428093, 0.00045702775241807103, 0.0002913661301136017, 0.00028733405633829534, 0.00020902689720969647, 0.00011877796350745484, 6.627847324125469e-05, 3.423451562412083e-05, 4.350723247625865e-05, 6.124471838120371e-05, 9.306676656706259e-05, 0.00010125708649866283, 0.00012733187759295106, 7.899427873780951e-05, 5.506147499545477e-05, 6.54838077025488e-05, 3.090349491685629e-05, 2.0099294488318264e-05, 3.251137968618423e-05, 2.9190485292929225e-05, 2.4953149477369152e-05, 2.9496679417206906e-05, 2.093273724312894e-05, 1.0354197002016008e-05, 9.84358302957844e-06, 9.944879820977803e-06, 8.491333574056625e-06, 6.8437775553320535e-06, 6.181646767799975e-06, 6.510556431749137e-06, 4.67048812424764e-06, 3.0779769986111205e-06, 3.7314121072995476e-06, 4.967732820659876e-06, 7.010056833678391e-06, 7.2759071372274775e-06, 3.6369988265505526e-06, 1.065618221218756e-06, 4.3512906700016174e-07, 2.729675543378107e-07, 3.151783971588884e-07, 2.5643740286795946e-07, 2.0142977064097067e-07, 1.6635195265735092e-07, 1.196612089415794e-07, 9.854745286475008e-08, 6.218839132543508e-08, 4.8767837768082245e-08, 4.596771674414413e-08, 6.818764575200476e-08, 8.64729656768759e-08, 1.5294843080937426e-07, 2.9157098424548167e-07, 6.29660405593313e-07, 8.870795227267081e-07, 9.560720855006366e-07, 8.343273520949879e-07, 7.822281986591406e-07, 6.52914877719013e-07, 5.777283718089166e-07, 4.215520448269672e-07, 2.4673386178619694e-07, 2.3319466890825424e-07, 1.6451465967293188e-07, 1.6096248600661056e-07, 1.3047521463249723e-07, 1.0213875611952972e-07, 1.8580004734758404e-07, 3.881655175064225e-07, 3.516459514685266e-07, 2.130429379576526e-07, 1.127542006429394e-07, 1.0379686443684477e-07, 6.093481630387032e-08, 3.9689439290668815e-08, 3.4161597994852855e-08, 3.885456578700541e-08, 3.2447353248699073e-08, 2.8067155710687075e-08, 1.4962864725021063e-08, 7.454236339299314e-09, 1.045876008021196e-08, 1.9815237450870882e-08, 2.507945318086513e-08, 2.1177969600216784e-08, 2.3909892732376647e-08, 4.941728448670801e-08, 6.266181884484467e-08, 5.3410062150760496e-08, 2.921410846568051e-08, 2.1448681053470864e-08, 1.6822685466877374e-08, 1.1322199178209758e-08, 7.431467441421091e-09, 1.317506881370889e-09, 7.527012346741913e-11, 5.731698102251492e-12, 5.636383720863947e-12, 5.4081925569826605e-12, 5.296712721203356e-12, 5.338624074063825e-12, 5.113850749111082e-12, 4.105802937220959e-12, 2.337656110351638e-12, 1.394921829954432e-12, 1.2547980232993639e-12], "lowlevel.melbands128.stdev": [7.95840060163755e-06, 2.9692221232835436e-06, 9.463816468269215e-07, 2.78401034847775e-06, 1.8397957319393754e-05, 6.767562445020303e-05, 0.00014626412303186953, 0.00025669249589554965, 0.00041363155469298363, 0.0005154937389306724, 0.0004709644999820739, 0.0005652406834997237, 0.0006065958295948803, 0.0006380427512340248, 0.0009518373990431428, 0.0019195617642253637, 0.0025349094066768885, 0.0021996197756379843, 0.0017052078619599342, 0.0017184895696118474, 0.00164148083422333, 0.001563074765726924, 0.0022863729391247034, 0.0024004196748137474, 0.001618836889974773, 0.0017385388491675258, 0.001420242479071021, 0.0006880173459649086, 0.00036361441016197205, 0.0001487899135099724, 0.000237453801673837, 0.0003376243112143129, 0.0006390120252035558, 0.0005905016441829503, 0.0009504781919531524, 0.0005286020459607244, 0.0004464349476620555, 0.0005159120773896575, 0.00019739000708796084, 0.00011263306805631146, 0.0003408577758818865, 0.0002506510936655104, 0.0001613633066881448, 0.00025829230435192585, 0.00019319445709697902, 5.782561856904067e-05, 5.631016756524332e-05, 7.518933125538751e-05, 9.143810166278854e-05, 4.974590410711244e-05, 2.9461929443641566e-05, 2.755668174359016e-05, 1.900997267512139e-05, 1.0471047971805092e-05, 1.385948053211905e-05, 1.6218056771322154e-05, 2.7084650355391204e-05, 4.651722338167019e-05, 2.584960384410806e-05, 3.984242084698053e-06, 1.9589642761275172e-06, 9.879031495074742e-07, 1.47557761920325e-06, 1.1069076890635188e-06, 9.819189017434837e-07, 9.033099104271969e-07, 5.139782501828449e-07, 3.45018776215511e-07, 2.23331440452057e-07, 2.0314605819748977e-07, 3.292731491910672e-07, 4.7029416805344226e-07, 3.98792622036126e-07, 7.546593110419053e-07, 1.2692607924691401e-06, 2.738040848271339e-06, 3.408592647247133e-06, 3.342023546792916e-06, 2.7831965780933388e-06, 2.4885114271455677e-06, 2.239015657323762e-06, 2.479658860465861e-06, 1.8940675090561854e-06, 9.582269058228121e-07, 1.142392648034729e-06, 6.156764129627845e-07, 6.484177674792591e-07, 4.568107101476926e-07, 3.5483401461533504e-07, 6.783982371416641e-07, 1.7013152273648302e-06, 1.4242507404560456e-06, 8.926859322855307e-07, 5.616421958620776e-07, 4.358836918072484e-07, 2.5818829385571007e-07, 2.0172988968170102e-07, 1.7403442598151742e-07, 1.748723690297993e-07, 1.2954545525190042e-07, 1.2814244598757796e-07, 6.797768037358765e-08, 4.38078551212584e-08, 5.296799088227999e-08, 9.61784039077429e-08, 1.0155520158150466e-07, 8.956350683320125e-08, 9.789091137690775e-08, 2.200706603616709e-07, 2.9178971772125806e-07, 3.342604202316579e-07, 1.5891289706360112e-07, 8.666873441143252e-08, 6.987291811810792e-08, 4.479606019458515e-08, 3.492585776143642e-08, 6.02193672705198e-09, 5.596344498925987e-10, 5.9260773371816455e-12, 5.393103932188614e-12, 5.122803656970598e-12, 4.1324044880441946e-12, 4.0081735673547225e-12, 3.952360140557776e-12, 3.830143233823913e-12, 3.7103345569555746e-12, 3.667384538413865e-12, 3.647025823699801e-12], "lowlevel.mfcc.mean": [-916.7781372070312, 131.6502227783203, -4.198057174682617, 6.212214469909668, -11.31061840057373, 3.937526226043701, -32.202877044677734, 3.1290946006774902, -3.4466099739074707, -17.966726303100586, -1.617551326751709, 0.9426413178443909, -9.933347702026367], "lowlevel.spectral_contrast_coeffs.mean": [-0.6821242570877075, -0.7483904957771301, -0.8164280652999878, -0.8110119104385376, -0.7678633332252502, -0.7364456653594971], "lowlevel.spectral_contrast_coeffs.stdev": [0.15901626646518707, 0.1452229619026184, 0.09896019101142883, 0.09281650930643082, 0.1082654818892479, 0.09513238817453384], "lowlevel.spectral_contrast_valleys.mean": [-9.966565132141113, -8.870352745056152, -9.517287254333496, -9.982999801635742, -10.820178031921387, -13.315147399902344], "lowlevel.spectral_contrast_valleys.stdev": [1.3024982213974, 1.8608070611953735, 1.6619325876235962, 1.4957209825515747, 1.2784372568130493, 1.3405213356018066], "rhythm.beats_loudness_band_ratio.mean": [0.1306341141462326, 0.18031157553195953, 0.4315796494483948, 0.1403721123933792, 0.05583929270505905, 0.11083944141864777], "rhythm.beats_loudness_band_ratio.stdev": [0.2285706251859665, 0.2343539297580719, 0.3202553689479828, 0.1650879830121994, 0.08986201137304306, 0.2707454264163971], "tonal.hpcp.mean": [0.14910167455673218, 0.12691277265548706, 0.1082339882850647, 0.10041753947734833, 0.09868437796831131, 0.10795732587575912, 0.10974737256765366, 0.10482003539800644, 0.1019711121916771, 0.1079338788986206, 0.12151551991701126, 0.12050288170576096, 0.1135990247130394, 0.1188042089343071, 0.11194847524166107, 0.0923738181591034, 0.1052980050444603, 0.13795927166938782, 0.1538511961698532, 0.15300887823104858, 0.15476393699645996, 0.14814573526382446, 0.12726961076259613, 0.19016563892364502, 0.28521332144737244, 0.23179899156093597, 0.17031042277812958, 0.17622417211532593, 0.15097196400165558, 0.1470201164484024, 0.1900896579027176, 0.19866080582141876, 0.18023119866847992, 0.16943523287773132, 0.15679700672626495, 0.15745699405670166], "tonal.hpcp.stdev": [0.2544861137866974, 0.22597940266132355, 0.2033766657114029, 0.189869686961174, 0.2011331170797348, 0.2026214450597763, 0.2036667913198471, 0.19969235360622406, 0.19096896052360535, 0.19838805496692657, 0.21694493293762207, 0.20342794060707092, 0.19255772233009338, 0.21056410670280457, 0.2076975405216217, 0.17626582086086273, 0.19858193397521973, 0.23970268666744232, 0.25087419152259827, 0.25627630949020386, 0.25449272990226746, 0.2486947923898697, 0.217603400349617, 0.2593611478805542, 0.3779788911342621, 0.29314273595809937, 0.2565843462944031, 0.26915720105171204, 0.2486964911222458, 0.2477394938468933, 0.2900210916996002, 0.30031299591064453, 0.2731243073940277, 0.270471453666687, 0.2579410672187805, 0.2593950629234314], "rhythm.beats_position": [0.5340589284896851, 1.09133780002594, 1.6486167907714844, 2.1942856311798096, 2.728344678878784, 3.2391836643218994, 3.7500226497650146, 4.23764181137085, 4.736870765686035, 5.24770975112915, 5.770158767700195, 6.304217338562012, 6.826666355133057, 7.3258957862854, 7.848344326019287, 8.370793342590332, 8.893242835998535, 9.311202049255371, 9.717551231384277, 10.123900413513184, 10.54185962677002, 10.959818840026855, 11.377777099609375, 11.784127235412598, 12.213695526123047, 12.631654739379883, 13.038003921508789, 13.444353103637695, 13.839092254638672, 14.233832359313965, 14.6517915725708, 15.127799987792969, 15.580589294433594, 16.02176856994629, 16.532608032226562, 17.043445587158203, 17.554285049438477, 18.06512451171875, 18.564353942871094, 19.063581466674805, 19.574420928955078, 20.08526039123535, 20.596099853515625, 21.118547439575195, 21.62938690185547, 22.151836395263672, 22.674285888671875, 23.196733474731445, 23.71918296813965, 24.24163246154785, 24.764081954956055, 25.286529541015625, 25.808979034423828], "rhythm.bpm_histogram": [0.0, 0.0, 0.0, 0.0, 0.0, 0.0, 0.0, 0.0, 0.0, 0.0, 0.0, 0.0, 0.0, 0.0, 0.0, 0.0, 0.0, 0.0, 0.0, 0.0, 0.0, 0.0, 0.0, 0.0, 0.0, 0.0, 0.0, 0.0, 0.0, 0.0, 0.0, 0.0, 0.0, 0.0, 0.0, 0.0, 0.0, 0.0, 0.0, 0.0, 0.0, 0.0, 0.0, 0.0, 0.0, 0.0, 0.0, 0.0, 0.0, 0.0, 0.0, 0.0, 0.0, 0.0, 0.0, 0.0, 0.0, 0.0, 0.0, 0.0, 0.0, 0.0, 0.0, 0.0, 0.0, 0.0, 0.0, 0.0, 0.0, 0.0, 0.0, 0.0, 0.0, 0.0, 0.0, 0.0, 0.0, 0.0, 0.0, 0.0, 0.0, 0.0, 0.0, 0.0, 0.0, 0.0, 0.0, 0.0, 0.0, 0.0, 0.0, 0.0, 0.0, 0.0, 0.0, 0.0, 0.0, 0.0, 0.0, 0.0, 0.0, 0.0, 0.0, 0.0, 0.0, 0.0, 0.0, 0.0, 0.03846153989434242, 0.0, 0.01923076994717121, 0.0, 0.03846153989434242, 0.0, 0.0, 0.26923078298568726, 0.0, 0.21153846383094788, 0.0, 0.0, 0.07692307978868484, 0.0, 0.0, 0.01923076994717121, 0.0, 0.0, 0.01923076994717121, 0.0, 0.0, 0.0, 0.0, 0.0, 0.0, 0.01923076994717121, 0.0, 0.0, 0.01923076994717121, 0.0, 0.0, 0.0, 0.01923076994717121, 0.0, 0.0, 0.0, 0.11538461595773697, 0.0, 0.0, 0.0, 0.09615384787321091, 0.0, 0.0, 0.0, 0.03846153989434242, 0.0, 0.0, 0.0, 0.0, 0.0, 0.0, 0.0, 0.0, 0.0, 0.0, 0.0, 0.0, 0.0, 0.0, 0.0, 0.0, 0.0, 0.0, 0.0, 0.0, 0.0, 0.0, 0.0, 0.0, 0.0, 0.0, 0.0, 0.0, 0.0, 0.0, 0.0, 0.0, 0.0, 0.0, 0.0, 0.0, 0.0, 0.0, 0.0, 0.0, 0.0, 0.0, 0.0, 0.0, 0.0, 0.0, 0.0, 0.0, 0.0, 0.0, 0.0, 0.0, 0.0, 0.0, 0.0, 0.0, 0.0, 0.0, 0.0, 0.0, 0.0, 0.0, 0.0, 0.0, 0.0, 0.0, 0.0, 0.0, 0.0, 0.0, 0.0, 0.0, 0.0, 0.0, 0.0, 0.0, 0.0, 0.0, 0.0, 0.0, 0.0, 0.0, 0.0, 0.0, 0.0, 0.0, 0.0, 0.0, 0.0, 0.0, 0.0, 0.0, 0.0, 0.0, 0.0, 0.0, 0.0], "tonal.chords_histogram": [20.140104293823242, 2.8021016120910645, 17.338003158569336, 3.327495574951172, 0.0, 0.17513135075569153, 0.17513135075569153, 1.4010508060455322, 0.0, 9.457093238830566, 1.9264448881149292, 0.7005254030227661, 1.9264448881149292, 2.451838970184326, 3.327495574951172, 0.0, 3.502626895904541, 2.8021016120910645, 0.0, 0.5253940224647522, 0.0, 0.0, 6.479859828948975, 21.541156768798828], "tonal.thpcp": [1.0, 0.8127214908599854, 0.597133457660675, 0.6178679466247559, 0.5293300151824951, 0.5154742002487183, 0.6664823889732361, 0.6965340971946716, 0.6319171786308289, 0.5940649509429932, 0.5497534275054932, 0.5520674586296082, 0.522772490978241, 0.4449748992919922, 0.3794843256473541, 0.35207870602607727, 0.3460019826889038, 0.3785143196582794, 0.38479048013687134, 0.3675145208835602, 0.3575257658958435, 0.37843209505081177, 0.4260513484477997, 0.422500878572464, 0.39829495549201965, 0.4165450930595398, 0.3925078809261322, 0.3238762319087982, 0.3691903352737427, 0.4837055802345276, 0.5394250154495239, 0.5364717245101929, 0.5426251888275146, 0.5194208025932312, 0.44622603058815, 0.6667488217353821], "lowlevel.gfcc.cov": [[18764.689453125, 4314.1806640625, -3900.74267578125, -1118.5543212890625, -1931.0445556640625, -2350.728759765625, -753.8070068359375, -2009.5357666015625, 1160.8076171875, -1326.9039306640625, -156.6104278564453, -167.39234924316406, -215.15542602539062], [4314.1806640625, 8783.44140625, -718.7007446289062, -2332.048095703125, -269.3090515136719, -2410.241455078125, -391.6899719238281, -1295.6356201171875, 731.1796264648438, -1773.6484375, 1.4310269355773926, -141.83424377441406, -27.145111083984375], [-3900.74267578125, -718.7007446289062, 2142.99169921875, 593.072021484375, 234.57545471191406, 381.19024658203125, -59.602447509765625, 381.8495178222656, -500.5286560058594, 166.964599609375, -116.59339141845703, 136.25588989257812, 85.58375549316406], [-1118.5543212890625, -2332.048095703125, 593.072021484375, 1848.5421142578125, 300.1721496582031, 180.38064575195312, -514.1781616210938, 255.27647399902344, -93.13999938964844, 406.78546142578125, -87.56504821777344, 118.70479583740234, 148.00840759277344], [-1931.0445556640625, -269.3090515136719, 234.57545471191406, 300.1721496582031, 648.8079223632812, 154.94383239746094, -215.16546630859375, 119.0593032836914, 4.386902332305908, 153.50387573242188, 1.4837859869003296, 16.199617385864258, 36.23115539550781], [-2350.728759765625, -2410.241455078125, 381.19024658203125, 180.38064575195312, 154.94383239746094, 1333.9039306640625, 442.1243896484375, 439.5741271972656, -397.8400573730469, 626.8934936523438, 60.178794860839844, -62.16278076171875, -57.696903228759766], [-753.8070068359375, -391.6899719238281, -59.602447509765625, -514.1781616210938, -215.16546630859375, 442.1243896484375, 810.9677124023438, 277.68328857421875, -178.3435821533203, 60.9169921875, 48.79524612426758, 0.016351327300071716, -77.47190856933594], [-2009.5357666015625, -1295.6356201171875, 381.8495178222656, 255.27647399902344, 119.0593032836914, 439.5741271972656, 277.68328857421875, 597.7780151367188, -184.19139099121094, 265.4898986816406, 36.31424331665039, 34.49641036987305, 9.957344055175781], [1160.8076171875, 731.1796264648438, -500.5286560058594, -93.13999938964844, 4.386902332305908, -397.8400573730469, -178.3435821533203, -184.19139099121094, 415.3428039550781, -162.49986267089844, 5.443535804748535, -19.58045768737793, 27.934616088867188], [-1326.9039306640625, -1773.6484375, 166.964599609375, 406.78546142578125, 153.50387573242188, 626.8934936523438, 60.9169921875, 265.4898986816406, -162.49986267089844, 587.5490112304688, 71.15364837646484, -21.58749008178711, -27.34455108642578], [-156.6104278564453, 1.4310269355773926, -116.59339141845703, -87.56504821777344, 1.4837859869003296, 60.178794860839844, 48.79524612426758, 36.31424331665039, 5.443535804748535, 71.15364837646484, 206.21450805664062, -12.726081848144531, -21.711435317993164], [-167.39234924316406, -141.83424377441406, 136.25588989257812, 118.70479583740234, 16.199617385864258, -62.16278076171875, 0.016351327300071716, 34.49641036987305, -19.58045768737793, -21.58749008178711, -12.726081848144531, 166.8632049560547, 42.94189453125], [-215.15542602539062, -27.145111083984375, 85.58375549316406, 148.00840759277344, 36.23115539550781, -57.696903228759766, -77.47190856933594, 9.957344055175781, 27.934616088867188, -27.34455108642578, -21.711435317993164, 42.94189453125, 127.49651336669922]], "lowlevel.gfcc.icov": [[0.00024148178636096418, -2.856619357771706e-05, 0.00035063872928731143, -9.62985068326816e-05, 0.0006292712641879916, -3.277653377153911e-05, 0.00027817365480586886, 0.00026889200671575963, -9.234744538844097e-06, 0.0001276090188184753, 0.00021544245828408748, -0.0001901623181765899, 0.00036235054722055793], [-2.856619357771706e-05, 0.0008955138619057834, -0.00040658796206116676, 0.0007879359181970358, -0.0006125835352577269, 0.0009818573016673326, -0.00015376537339761853, 0.0007080447394400835, -0.0001282867742702365, 0.0010825707577168941, -0.000626939523499459, 0.0009068028884939849, -0.00018153208657167852], [0.00035063872928731143, -0.00040658796206116676, 0.001512927352450788, -0.0005019006202928722, 0.0009961030445992947, -0.0004923353553749621, 0.0007759988657198846, -0.00031233541085384786, 0.0010726001346483827, -2.285876871610526e-05, 0.0008701540064066648, -0.0009755500941537321, 0.00029912145691923797], [-9.62985068326816e-05, 0.0007879359181970358, -0.0005019006202928722, 0.0018645012751221657, -0.0006126986118033528, 0.0009212439763359725, 0.0006843067239969969, -8.50822834763676e-06, -9.092661457543727e-06, 0.00010205130820395425, -0.00010784028563648462, 0.0002990745415445417, -0.000910037022549659], [0.0006292712641879916, -0.0006125835352577269, 0.0009961030445992947, -0.0006126986118033528, 0.004081289283931255, -0.001174737000837922, 0.001781740807928145, -0.0003349929174873978, -0.0004561911628115922, -0.0003700150700751692, 0.0009004927705973387, -0.0013248083414509892, 0.0010116761550307274], [-3.277653377153911e-05, 0.0009818573016673326, -0.0004923353553749621, 0.0009212439763359725, -0.001174737000837922, 0.003711070166900754, -0.001344636781141162, 0.0007972800522111356, 0.0010312796803191304, -0.0011040610261261463, -0.00040777958929538727, 0.0019960831850767136, -0.0006558135501109064], [0.00027817365480586886, -0.00015376537339761853, 0.0007759988657198846, 0.0006843067239969969, 0.001781740807928145, -0.001344636781141162, 0.0037085062358528376, -0.0014566724421456456, 0.00037644008989445865, 0.000757138361223042, 0.0004473126318771392, -0.0014292330015450716, 0.0010112272575497627], [0.00026889200671575963, 0.0007080447394400835, -0.00031233541085384786, -8.50822834763676e-06, -0.0003349929174873978, 0.0007972800522111356, -0.0014566724421456456, 0.004280637484043837, -0.00015080344746820629, 0.0003527346416376531, -0.000717592891305685, 0.0005896023358218372, -0.0001514876785222441], [-9.234744538844097e-06, -0.0001282867742702365, 0.0010726001346483827, -9.092661457543727e-06, -0.0004561911628115922, 0.0010312796803191304, 0.00037644008989445865, -0.00015080344746820629, 0.004999907687306404, -0.0003324177523609251, 0.00011567599722184241, 0.00032617285614833236, -0.0011724305804818869], [0.0001276090188184753, 0.0010825707577168941, -2.285876871610526e-05, 0.00010205130820395425, -0.0003700150700751692, -0.0011040610261261463, 0.000757138361223042, 0.0003527346416376531, -0.0003324177523609251, 0.006450057495385408, -0.0018295405898243189, 0.000886055117007345, 0.0012269592843949795], [0.00021544245828408748, -0.000626939523499459, 0.0008701540064066648, -0.00010784028563648462, 0.0009004927705973387, -0.00040777958929538727, 0.0004473126318771392, -0.000717592891305685, 0.00011567599722184241, -0.0018295405898243189, 0.00623162230476737, -0.000949515902902931, 0.0006218492053449154], [-0.0001901623181765899, 0.0009068028884939849, -0.0009755500941537321, 0.0002990745415445417, -0.0013248083414509892, 0.0019960831850767136, -0.0014292330015450716, 0.0005896023358218372, 0.00032617285614833236, 0.000886055117007345, -0.000949515902902931, 0.00860439334064722, -0.002396062947809696], [0.00036235054722055793, -0.00018153208657167852, 0.00029912145691923797, -0.000910037022549659, 0.0010116761550307274, -0.0006558135501109064, 0.0010112272575497627, -0.0001514876785222441, -0.0011724305804818869, 0.0012269592843949795, 0.0006218492053449154, -0.002396062947809696, 0.010746799409389496]], "lowlevel.mfcc.cov": [[19529.5234375, 3518.944580078125, -2911.588134765625, -427.8986511230469, -1976.7684326171875, -537.3674926757812, -3260.777587890625, -264.1864013671875, -862.8317260742188, -1487.219970703125, -0.016182944178581238, -102.90147399902344, -858.710205078125], [3518.944580078125, 8674.7109375, -665.19580078125, -842.125244140625, -783.7105712890625, -1246.5516357421875, -1581.0296630859375, 167.18405151367188, -459.4090881347656, -1379.6787109375, -129.5741424560547, -363.6052551269531, -333.9076232910156], [-2911.588134765625, -665.19580078125, 1713.996337890625, 402.2148132324219, 275.1226806640625, 3.9678115844726562, 523.7597045898438, 8.20742416381836, 130.3683624267578, 8.952653884887695, -218.36868286132812, -48.66737365722656, 98.10757446289062], [-427.8986511230469, -842.125244140625, 402.2148132324219, 1246.372802734375, 671.6278686523438, -179.15652465820312, -340.1124267578125, -99.47203063964844, -3.0666162967681885, -81.3135986328125, -225.3219451904297, -113.31675720214844, 91.7209701538086], [-1976.7684326171875, -783.7105712890625, 275.1226806640625, 671.6278686523438, 1163.6297607421875, 128.62741088867188, -84.7719497680664, -223.56150817871094, 0.6657275557518005, 200.44839477539062, -199.02459716796875, -73.29328918457031, 178.88377380371094], [-537.3674926757812, -1246.5516357421875, 3.9678115844726562, -179.15652465820312, 128.62741088867188, 613.6588745117188, 364.5332336425781, -143.44439697265625, 38.832454681396484, 271.41058349609375, 51.30937576293945, 90.76309967041016, 49.7305908203125], [-3260.777587890625, -1581.0296630859375, 523.7597045898438, -340.1124267578125, -84.7719497680664, 364.5332336425781, 1321.4818115234375, 138.56436157226562, 205.9091033935547, 481.6465148925781, 172.44187927246094, 170.46922302246094, 122.6114730834961], [-264.1864013671875, 167.18405151367188, 8.20742416381836, -99.47203063964844, -223.56150817871094, -143.44439697265625, 138.56436157226562, 336.3934326171875, 116.36406707763672, -70.74951171875, 54.90042495727539, 26.955135345458984, 13.895630836486816], [-862.8317260742188, -459.4090881347656, 130.3683624267578, -3.0666162967681885, 0.6657275557518005, 38.832454681396484, 205.9091033935547, 116.36406707763672, 288.2186279296875, 96.61774444580078, -5.123443603515625, 28.104175567626953, 35.86955642700195], [-1487.219970703125, -1379.6787109375, 8.952653884887695, -81.3135986328125, 200.44839477539062, 271.41058349609375, 481.6465148925781, -70.74951171875, 96.61774444580078, 576.3568725585938, 150.57131958007812, 81.19934844970703, 80.06758117675781], [-0.016182944178581238, -129.5741424560547, -218.36868286132812, -225.3219451904297, -199.02459716796875, 51.30937576293945, 172.44187927246094, 54.90042495727539, -5.123443603515625, 150.57131958007812, 285.87872314453125, 71.72814178466797, -24.764371871948242], [-102.90147399902344, -363.6052551269531, -48.66737365722656, -113.31675720214844, -73.29328918457031, 90.76309967041016, 170.46922302246094, 26.955135345458984, 28.104175567626953, 81.19934844970703, 71.72814178466797, 163.7022705078125, 34.82162094116211], [-858.710205078125, -333.9076232910156, 98.10757446289062, 91.7209701538086, 178.88377380371094, 49.7305908203125, 122.6114730834961, 13.895630836486816, 35.86955642700195, 80.06758117675781, -24.764371871948242, 34.82162094116211, 171.49273681640625]], "lowlevel.mfcc.icov": [[0.00021449767518788576, 6.931216921657324e-05, 0.00016278210387099534, -3.043129800062161e-05, 0.00037177535705268383, -0.00012512369721662253, 0.00047232984798029065, 3.943380215787329e-05, 0.000266417337115854, 0.00015057619020808488, 0.00012934388360008597, -0.0002029826573561877, 0.0003736127691809088], [6.931216921657324e-05, 0.000402063102228567, 3.696543353726156e-05, 0.0005387341370806098, -8.786490798229352e-05, 0.0005476046935655177, 0.0002785167016554624, 0.00015366617299150676, 0.0002144771278835833, 0.0007317588315345347, -0.00018033864034805447, 0.00032811739947646856, 6.272310565691441e-05], [0.00016278210387099534, 3.696543353726156e-05, 0.001122921472415328, -0.0003599818446673453, 0.00027498736744746566, 7.15659698471427e-05, -0.0004388965026009828, 0.00032613961957395077, 1.2367768249532674e-05, 0.0004725464677903801, 0.0007073551532812417, 0.00015307244029827416, 0.00026482876273803413], [-3.043129800062161e-05, 0.0005387341370806098, -0.0003599818446673453, 0.002305031521245837, -0.0011256979778409004, 0.0012538310838863254, 0.0004932623123750091, 0.0001884826779132709, 7.491007181670284e-06, 0.0009737318032421172, -0.0002490190672688186, 0.0006116574513725936, -0.00030397280352190137], [0.00037177535705268383, -8.786490798229352e-05, 0.00027498736744746566, -0.0011256979778409004, 0.002761704847216606, -0.0008387916022911668, 0.0009751234902068973, 0.0005377869820222259, 0.0004753173270728439, -0.0010090770665556192, 0.0011413691099733114, 8.0555864769849e-06, -0.0007081045187078416], [-0.00012512369721662253, 0.0005476046935655177, 7.15659698471427e-05, 0.0012538310838863254, -0.0008387916022911668, 0.0037979704793542624, -0.0007673706859350204, 0.0017020591767504811, -0.0003571214328985661, 0.0006934333359822631, -0.00023148857872001827, -3.984378054155968e-05, -0.00036192918196320534], [0.00047232984798029065, 0.0002785167016554624, -0.0004388965026009828, 0.0004932623123750091, 0.0009751234902068973, -0.0007673706859350204, 0.003244856372475624, -0.0009068614454008639, 0.0005381933879107237, -0.000815177452750504, -8.088767935987562e-05, -0.0009585163788869977, 0.00030450968188233674], [3.943380215787329e-05, 0.00015366617299150676, 0.00032613961957395077, 0.0001884826779132709, 0.0005377869820222259, 0.0017020591767504811, -0.0009068614454008639, 0.005793038289994001, -0.0021843365393579006, 0.0017923170235008001, -0.0011541559360921383, 0.00013667882012668997, -0.0012406401801854372], [0.000266417337115854, 0.0002144771278835833, 1.2367768249532674e-05, 7.491007181670284e-06, 0.0004753173270728439, -0.0003571214328985661, 0.0005381933879107237, -0.0021843365393579006, 0.005388675723224878, -0.0007819937891326845, 0.0012558583403006196, -0.00035935992491431534, 0.0006328239687718451], [0.00015057619020808488, 0.0007317588315345347, 0.0004725464677903801, 0.0009737318032421172, -0.0010090770665556192, 0.0006934333359822631, -0.000815177452750504, 0.0017923170235008001, -0.0007819937891326845, 0.0056277066469192505, -0.002398148411884904, 0.0007044100202620029, -0.00027655911981128156], [0.00012934388360008597, -0.00018033864034805447, 0.0007073551532812417, -0.0002490190672688186, 0.0011413691099733114, -0.00023148857872001827, -8.088767935987562e-05, -0.0011541559360921383, 0.0012558583403006196, -0.002398148411884904, 0.006646190769970417, -0.0015581812476739287, 0.0011860850499942899], [-0.0002029826573561877, 0.00032811739947646856, 0.00015307244029827416, 0.0006116574513725936, 8.0555864769849e-06, -3.984378054155968e-05, -0.0009585163788869977, 0.00013667882012668997, -0.00035935992491431534, 0.0007044100202620029, -0.0015581812476739287, 0.00909416750073433, -0.002440142910927534], [0.0003736127691809088, 6.272310565691441e-05, 0.00026482876273803413, -0.00030397280352190137, -0.0007081045187078416, -0.00036192918196320534, 0.00030450968188233674, -0.0012406401801854372, 0.0006328239687718451, -0.00027655911981128156, 0.0011860850499942899, -0.002440142910927534, 0.009225025773048401]], "metadata.audio_properties.analysis.downmix": "mix", "metadata.audio_properties.codec": "mp3", "metadata.audio_properties.md5_encoded": "c923fc57989cdd7f34886955636b5299", "metadata.tags.file_name": "1183661753184288778.mp3", "metadata.version.essentia": "2.1-beta6-dev", "metadata.version.essentia_git_sha": "v2.1_beta5-1110-