{"song_id": "1183648566716149810", "download": "https://cdn.discordapp.com/attachments/1135903449314238464/1183648566716149810/chirp.mp4?ex=658919a1&amp", "lyrics": "(Verse 1)\n\"I'm on the subway now,\" \u6211\u73b0\u5728\u5750\u5730\u94c1\uff0c\nLearning English on the go, \u4e00\u8fb9\u8d70\u4e00\u8fb9\u5b66\u3002\n\"I'm watching a movie,\" \u6b63\u770b\u7740\u7535\u5f71\uff0c\n\"I'm eating dinner,\" \u6b63\u5403\u665a\u996d\uff0c\nEvery word, a new window. \u6bcf\u4e2a\u8bcd\u90fd\u662f\u65b0\u5929\u5730\u3002", "style": ["fast song </span><span>, easy remeber song </span><span>, man </span><span>, chinese"], "essentia_features": {"lowlevel.average_loudness": 0.9630919694900513, "lowlevel.barkbands_crest.mean": 12.956537246704102, "lowlevel.barkbands_crest.stdev": 5.10203742980957, "lowlevel.barkbands_flatness_db.mean": 0.2458774894475937, "lowlevel.barkbands_flatness_db.stdev": 0.09916838258504868, "lowlevel.barkbands_kurtosis.mean": 19.038761138916016, "lowlevel.barkbands_kurtosis.stdev": 35.74522018432617, "lowlevel.barkbands_skewness.mean": 1.9133754968643188, "lowlevel.barkbands_skewness.stdev": 2.7918734550476074, "lowlevel.barkbands_spread.mean": 11.364887237548828, "lowlevel.barkbands_spread.stdev": 12.04295825958252, "lowlevel.dissonance.mean": 0.4062187671661377, "lowlevel.dissonance.stdev": 0.0806681364774704, "lowlevel.dynamic_complexity": 9.008260726928711, "lowlevel.erbbands_crest.mean": 13.037934303283691, "lowlevel.erbbands_crest.stdev": 5.552982330322266, "lowlevel.erbbands_flatness_db.mean": 0.22508980333805084, "lowlevel.erbbands_flatness_db.stdev": 0.06358639150857925, "lowlevel.erbbands_kurtosis.mean": 4.515797138214111, "lowlevel.erbbands_kurtosis.stdev": 8.357492446899414, "lowlevel.erbbands_skewness.mean": 0.8477147221565247, "lowlevel.erbbands_skewness.stdev": 1.3908030986785889, "lowlevel.erbbands_spread.mean": 24.479082107543945, "lowlevel.erbbands_spread.stdev": 19.887277603149414, "lowlevel.hfc.mean": 11.332381248474121, "lowlevel.hfc.stdev": 18.44571304321289, "lowlevel.loudness_ebu128.integrated": -29.73912811279297, "lowlevel.loudness_ebu128.loudness_range": 1.1421241760253906, "lowlevel.loudness_ebu128.momentary.mean": -34.045372009277344, "lowlevel.loudness_ebu128.momentary.stdev": 15.575431823730469, "lowlevel.loudness_ebu128.short_term.mean": -29.89710235595703, "lowlevel.loudness_ebu128.short_term.stdev": 0.3739215135574341, "lowlevel.melbands_crest.mean": 14.674532890319824, "lowlevel.melbands_crest.stdev": 5.9404988288879395, "lowlevel.melbands_flatness_db.mean": 0.3084624707698822, "lowlevel.melbands_flatness_db.stdev": 0.15145014226436615, "lowlevel.melbands_kurtosis.mean": 23.86011505126953, "lowlevel.melbands_kurtosis.stdev": 45.54801559448242, "lowlevel.melbands_skewness.mean": 2.3835062980651855, "lowlevel.melbands_skewness.stdev": 2.6269655227661133, "lowlevel.melbands_spread.mean": 25.323610305786133, "lowlevel.melbands_spread.stdev": 39.332096099853516, "lowlevel.pitch_salience.mean": 0.49236422777175903, "lowlevel.pitch_salience.stdev": 0.20050731301307678, "lowlevel.silence_rate_20dB.mean": 1.0, "lowlevel.silence_rate_20dB.stdev": 0.0, "lowlevel.silence_rate_30dB.mean": 0.9795918464660645, "lowlevel.silence_rate_30dB.stdev": 0.14139224588871002, "lowlevel.silence_rate_60dB.mean": 0.25431710481643677, "lowlevel.silence_rate_60dB.stdev": 0.435475617647171, "lowlevel.spectral_centroid.mean": 1142.7781982421875, "lowlevel.spectral_centroid.stdev": 1289.281494140625, "lowlevel.spectral_complexity.mean": 6.590266704559326, "lowlevel.spectral_complexity.stdev": 5.33906364440918, "lowlevel.spectral_decrease.mean": -6.275800323862768e-09, "lowlevel.spectral_decrease.stdev": 6.824957043960467e-09, "lowlevel.spectral_energy.mean": 0.024714184924960136, "lowlevel.spectral_energy.stdev": 0.026912061497569084, "lowlevel.spectral_energyband_high.mean": 0.000269836193183437, "lowlevel.spectral_energyband_high.stdev": 0.0013637538067996502, "lowlevel.spectral_energyband_low.mean": 0.012517615221440792, "lowlevel.spectral_energyband_low.stdev": 0.013164469972252846, "lowlevel.spectral_energyband_middle_high.mean": 0.002486324170604348, "lowlevel.spectral_energyband_middle_high.stdev": 0.007191978860646486, "lowlevel.spectral_energyband_middle_low.mean": 0.012285043485462666, "lowlevel.spectral_energyband_middle_low.stdev": 0.018123362213373184, "lowlevel.spectral_entropy.mean": 6.777821063995361, "lowlevel.spectral_entropy.stdev": 1.066189169883728, "lowlevel.spectral_flux.mean": 0.0661911889910698, "lowlevel.spectral_flux.stdev": 0.05642864108085632, "lowlevel.spectral_kurtosis.mean": 12.223214149475098, "lowlevel.spectral_kurtosis.stdev": 11.884796142578125, "lowlevel.spectral_rms.mean": 0.004061950836330652, "lowlevel.spectral_rms.stdev": 0.0027589788660407066, "lowlevel.spectral_rolloff.mean": 2423.21875, "lowlevel.spectral_rolloff.stdev": 4543.87939453125, "lowlevel.spectral_skewness.mean": 2.6091389656066895, "lowlevel.spectral_skewness.stdev": 1.286336064338684, "lowlevel.spectral_spread.mean": 4351238.5, "lowlevel.spectral_spread.stdev": 2406706.75, "lowlevel.spectral_strongpeak.mean": 0.8101685047149658, "lowlevel.spectral_strongpeak.stdev": 0.964937686920166, "lowlevel.zerocrossingrate.mean": 0.10737358033657074, "lowlevel.zerocrossingrate.stdev": 0.2061072587966919, "metadata.audio_properties.analysis.equal_loudness": 0.0, "metadata.audio_properties.analysis.length": 14.76161003112793, "metadata.audio_properties.analysis.sample_rate": 44100.0, "metadata.audio_properties.analysis.start_time": 0.0, "metadata.audio_properties.bit_rate": 108940.0, "metadata.audio_properties.length": 14.762666702270508, "metadata.audio_properties.lossless": 0.0, "metadata.audio_properties.number_channels": 1.0, "metadata.audio_properties.replay_gain": 2.150796890258789, "metadata.audio_properties.sample_rate": 48000.0, "rhythm.beats_count": 25.0, "rhythm.beats_loudness.mean": 0.06022939831018448, "rhythm.beats_loudness.stdev": 0.04790147393941879, "rhythm.bpm": 105.86770629882812, "rhythm.bpm_histogram_first_peak_bpm": 105.0, "rhythm.bpm_histogram_first_peak_weight": 0.52173912525177, "rhythm.bpm_histogram_second_peak_bpm": 110.0, "rhythm.bpm_histogram_second_peak_spread": 0.0, "rhythm.bpm_histogram_second_peak_weight": 0.0416666679084301, "rhythm.danceability": 1.9505404233932495, "rhythm.onset_rate": 4.262660980224609, "tonal.chords_changes_rate": 0.11598745733499527, "tonal.chords_number_rate": 0.02821316570043564, "tonal.chords_strength.mean": 0.5477809906005859, "tonal.chords_strength.stdev": 0.05903097614645958, "tonal.hpcp_crest.mean": 14.8405122756958, "tonal.hpcp_crest.stdev": 8.950560569763184, "tonal.hpcp_entropy.mean": 1.6563305854797363, "tonal.hpcp_entropy.stdev": 0.9515199065208435, "tonal.key_edma.strength": 0.5773761868476868, "tonal.key_krumhansl.strength": 0.5585034489631653, "tonal.key_temperley.strength": 0.5500110387802124, "tonal.tuning_diatonic_strength": 0.5610716938972473, "tonal.tuning_equal_tempered_deviation": 0.15570518374443054, "tonal.tuning_frequency": 454.4653015136719, "tonal.tuning_nontempered_energy_ratio": 0.8533735871315002, "lowlevel.barkbands.mean": [3.2572988857282326e-06, 6.349106115521863e-05, 0.009700450114905834, 0.00294440146535635, 0.001138063846156001, 0.0019832197576761246, 0.002178556052967906, 0.001635541906580329, 0.002163433702662587, 0.0006411781650967896, 0.00035851713619194925, 0.0005201752646826208, 0.00043026675120927393, 0.00032266275957226753, 0.0001993394980672747, 5.616186172119342e-05, 4.250207348377444e-05, 2.2072854335419834e-05, 9.230972864315845e-06, 6.42083105049096e-05, 2.410620618320536e-05, 0.00010823889897437766, 2.0623230739147402e-05, 1.6769779904279858e-05, 4.2711802962003276e-05, 2.5020666726049967e-05, 1.2314074204766712e-08], "lowlevel.barkbands.stdev": [9.137925189861562e-06, 8.851461461745203e-05, 0.01022210530936718, 0.003755424404516816, 0.0035888971760869026, 0.003305644728243351, 0.005554132629185915, 0.004695066250860691, 0.009434951469302177, 0.00279945763759315, 0.0015998705057427287, 0.002291704062372446, 0.0018217165488749743, 0.000982537167146802, 0.0006116303848102689, 0.00016078009502962232, 9.824281005421653e-05, 5.550073183258064e-05, 3.069744343520142e-05, 0.00015271053416654468, 0.0001105123374145478, 0.0005477284430526197, 0.00015036662807688117, 0.0001310161896981299, 0.0003188916598446667, 0.00013971308362670243, 9.542270618112525e-08], "lowlevel.erbbands.mean": [0.002450997708365321, 0.1483485847711563, 6.53227424621582, 16.187089920043945, 2.647834539413452, 4.550867557525635, 5.121953964233398, 19.98296546936035, 34.98530960083008, 43.06975555419922, 35.1761589050293, 43.7051887512207, 23.381704330444336, 17.81401824951172, 16.850847244262695, 22.5872859954834, 19.779232025146484, 16.297191619873047, 15.709691047668457, 5.579672336578369, 2.855278730392456, 2.4951250553131104, 1.486578345298767, 0.49643826484680176, 1.0584592819213867, 3.4285664558410645, 0.996593713760376, 1.6283336877822876, 4.339128017425537, 1.9220333099365234, 0.3976000249385834, 0.21165518462657928, 0.3772101402282715, 0.3832637071609497, 0.36663293838500977, 0.15832191705703735, 0.038322653621435165, 0.002557130064815283, 6.630052666878328e-05, 3.123735950794071e-05], "lowlevel.erbbands.stdev": [0.002458402421325445, 0.15540733933448792, 6.859378814697266, 17.73875617980957, 7.399226665496826, 12.99732780456543, 21.05840492248535, 33.198333740234375, 81.65855407714844, 109.12079620361328, 129.98109436035156, 218.78012084960938, 91.11656188964844, 85.66127014160156, 72.05323791503906, 98.59000396728516, 80.88728332519531, 53.96418380737305, 44.99551010131836, 14.400050163269043, 7.66445779800415, 5.8676066398620605, 3.311192274093628, 1.2927696704864502, 2.870818614959717, 8.791919708251953, 3.060119390487671, 7.928308486938477, 19.501283645629883, 13.495640754699707, 2.562488079071045, 1.05842125415802, 3.412181854248047, 2.731212615966797, 2.9878578186035156, 0.8611205816268921, 0.2522864043712616, 0.017178751528263092, 0.00034600685467012227, 3.703456968651153e-05], "lowlevel.gfcc.mean": [-171.15838623046875, 94.74186706542969, -88.05435943603516, 16.31047821044922, -61.922672271728516, 5.497446537017822, -39.6765022277832, 3.561854600906372, -24.450000762939453, 10.16250991821289, -27.694948196411133, -9.812481880187988, -17.69440269470215], "lowlevel.melbands.mean": [9.804381988942623e-06, 0.002533331513404846, 0.002260360633954406, 0.0001854824658948928, 0.00020735403813887388, 0.00047146956785582006, 0.0005109402118250728, 0.0004529353172983974, 0.00033300346694886684, 0.00025544193340465426, 0.00010988970461767167, 7.124381954781711e-05, 5.1777744374703616e-05, 5.7756515161599964e-05, 5.909761966904625e-05, 3.761336483876221e-05, 2.8713455321849324e-05, 2.704363396333065e-05, 1.1802783774328418e-05, 4.617851118382532e-06, 2.912703621404944e-06, 2.6273321509506786e-06, 1.9999308733531507e-06, 8.351811402462772e-07, 3.2702601515666174e-07, 3.6485968735178176e-07, 1.6923075918384711e-06, 2.3570282792206854e-06, 5.948128887212079e-07, 5.172947794562788e-07, 1.0564370995780337e-06, 2.5804863525991095e-06, 1.9784790765697835e-06, 7.698187118876376e-07, 2.2284386602677841e-07, 1.0514245474269046e-07, 1.373405495996849e-07, 2.533257656978094e-07, 3.1093088637135224e-07, 3.1914314035930147e-07], "lowlevel.melbands.stdev": [1.284594509343151e-05, 0.0026502131950110197, 0.0024197015445679426, 0.0005588412750512362, 0.0007934556342661381, 0.0007766671478748322, 0.0011559680569916964, 0.0011632840614765882, 0.0013475839514285326, 0.0012145789805799723, 0.0004515775653999299, 0.0003653455642051995, 0.0002309368719579652, 0.00024826888693496585, 0.0002753433946054429, 0.00015065557090565562, 9.604915976524353e-05, 8.01593778305687e-05, 3.563232530723326e-05, 1.3025934094912373e-05, 8.18795342638623e-06, 6.654108346992871e-06, 4.523889856500318e-06, 2.1551697955146665e-06, 9.245456453754741e-07, 1.3131550531397806e-06, 4.206281573715387e-06, 6.05069817538606e-06, 1.8300402189197484e-06, 2.394867351540597e-06, 5.5281543609453365e-06, 1.047919795382768e-05, 1.2932730896864086e-05, 6.047130227671005e-06, 1.56268856699171e-06, 3.880816166201839e-07, 7.685916330046894e-07, 2.3983739083632827e-06, 2.780854401862598e-06, 2.0357165340101346e-06], "lowlevel.melbands128.mean": [1.5221598914649803e-06, 1.8576944285086938e-06, 3.195787030563224e-06, 4.2814954213099554e-05, 0.0016388526419177651, 0.005892666522413492, 0.003971464931964874, 0.0007322863093577325, 0.00012473214883357286, 0.00010088103590533137, 0.0002770352875813842, 0.0003759552782867104, 0.00015830251504667103, 4.3412608647486195e-05, 0.00024769699666649103, 0.0009185420349240303, 0.0008246182696893811, 0.0003137224412057549, 0.00025014395941980183, 0.0006356819649226964, 0.00047102326061576605, 0.00015424087177962065, 0.0002680932229850441, 0.0006145247025415301, 0.0003050938539672643, 9.387035242980346e-05, 0.00016867170052137226, 0.00011014293704647571, 6.294318154687062e-05, 9.67864107224159e-05, 6.565605872310698e-05, 3.982704583904706e-05, 5.797039557364769e-05, 5.4609397921012715e-05, 4.750543666887097e-05, 7.021661440376192e-05, 5.0195842050015926e-05, 7.640908006578684e-05, 4.87041543237865e-05, 3.474638651823625e-05, 4.1021787183126435e-05, 2.9184688173700124e-05, 3.3894666557898745e-05, 2.051388582913205e-05, 3.232964809285477e-05, 2.7136016797157936e-05, 2.6255869670421816e-05, 9.682876225269865e-06, 8.152718692144845e-06, 5.261241312837228e-06, 3.726694330907776e-06, 4.5866281652706675e-06, 3.108618102487526e-06, 2.014747224166058e-06, 2.625120259835967e-06, 2.8765323349944083e-06, 2.543971504564979e-06, 2.2292276753432816e-06, 1.9830749806715176e-06, 1.1870979506056756e-06, 8.435911240667338e-07, 4.730210889647424e-07, 3.59913684633284e-07, 2.852872000858042e-07, 2.71148110186914e-07, 2.7427489612819045e-07, 4.358426508588309e-07, 7.823905434634071e-07, 1.6937365217017941e-06, 3.40896303896443e-06, 3.0835983579891035e-06, 1.504610622760083e-06, 7.660436267542536e-07, 4.248032894338394e-07, 3.576756739676057e-07, 4.1632836200733436e-07, 6.53747576961905e-07, 7.02839088262408e-07, 8.410691521021363e-07, 1.5940007642711862e-06, 2.5177780571539188e-06, 3.077308747378993e-06, 2.82972791865177e-06, 2.0038264665345196e-06, 1.1484818287499365e-06, 7.995527653292811e-07, 7.989732466739952e-07, 3.0598616262977885e-07, 2.0692124280685675e-07, 1.2224263912230526e-07, 1.093617640890443e-07, 1.1566191204792631e-07, 6.829316134826513e-08, 9.755602548011666e-08, 1.9683417917804036e-07, 2.7372337285669346e-07, 2.505506131456059e-07, 2.465430384290812e-07, 3.3972818869187904e-07, 3.226342926154757e-07, 3.000861283908307e-07, 3.583523664474342e-07, 2.884222283228155e-07, 3.0318290100694867e-07, 6.751300816176808e-07, 3.866837801069778e-07, 2.6214547688141465e-07, 2.613891751934716e-07, 3.208645011909539e-07, 2.6596902102937747e-07, 1.6757307719217351e-07, 1.3758838690591801e-07, 1.271327221274987e-07, 7.835766524522114e-08, 4.1666019967578904e-08, 2.1298514951695324e-08, 1.1179392966909063e-09, 1.2767497996335475e-11, 7.979922278522622e-12, 6.978115134337326e-12, 6.635706307350775e-12, 5.568141434042495e-12, 5.2060213778792885e-12, 5.065013512772776e-12, 4.3017507958542645e-12, 2.961999786069147e-12, 2.262045585565975e-12, 2.1538129352932645e-12], "lowlevel.melbands128.stdev": [3.505733502606745e-06, 3.0686435366078513e-06, 5.457429324451368e-06, 6.16582328802906e-05, 0.0017971330089494586, 0.006229313090443611, 0.0044409106485545635, 0.001039938535541296, 0.0009604046936146915, 0.0005365184042602777, 0.000835270737297833, 0.0014050790341570973, 0.0009015509858727455, 0.00012032614176860079, 0.0004911363939754665, 0.001611691084690392, 0.001797762350179255, 0.0014940898399800062, 0.001132165896706283, 0.0017027294961735606, 0.0013216683873906732, 0.0010490413988009095, 0.0013066044775769114, 0.0029174520168453455, 0.0021997729782015085, 0.00042921360000036657, 0.0008364362874999642, 0.0005025346181355417, 0.0003323880664538592, 0.000666026899125427, 0.00031410835799761117, 0.00021566874056588858, 0.0003029982908628881, 0.00029426015680655837, 0.00023590058845002204, 0.0003570792905520648, 0.00026752828853204846, 0.00040897479630075395, 0.0002443737757857889, 0.00015515265113208443, 0.0001874216104624793, 0.00013688660692423582, 0.00014737766468897462, 7.281230500666425e-05, 0.00011225553316762671, 8.906761649996042e-05, 0.00010201828990830109, 3.501900937408209e-05, 3.0905252060620114e-05, 1.6276406313409097e-05, 1.2089974006812554e-05, 1.8373484635958448e-05, 9.760762623045594e-06, 6.142244728835067e-06, 7.360204108408652e-06, 9.375456102134194e-06, 6.569413926627021e-06, 4.980935045750812e-06, 5.9921308093180414e-06, 2.9508205443562474e-06, 2.7066537313658046e-06, 1.5046948647068348e-06, 1.3498772659659153e-06, 8.280355814349605e-07, 8.389944810005545e-07, 1.0491513648958062e-06, 2.249034423584817e-06, 2.745201982179424e-06, 4.029356659884797e-06, 1.045885346684372e-05, 9.022373888001312e-06, 3.633666210589581e-06, 2.538112084948807e-06, 1.6615575759715284e-06, 1.5090449778654147e-06, 1.9986714505648706e-06, 3.6950118555978406e-06, 4.212187377561349e-06, 4.771294698002748e-06, 9.224059795087669e-06, 1.0452180504216813e-05, 1.0622752597555518e-05, 1.6705624148016796e-05, 1.7874413970275782e-05, 9.028656677401159e-06, 5.8376253946335055e-06, 7.776254278724082e-06, 2.1214857497398043e-06, 1.5981918295437936e-06, 7.282101250893902e-07, 3.985257421845745e-07, 4.527101111762022e-07, 2.7239127575739985e-07, 3.9109733052100637e-07, 1.6568618548262748e-06, 2.7352086817700183e-06, 2.958232016680995e-06, 1.8921714399766643e-06, 3.4951299312524498e-06, 2.8487695544754388e-06, 2.0977709027647506e-06, 2.3349014099949272e-06, 1.7585354044058477e-06, 1.5622262026226963e-06, 7.773493962304201e-06, 2.7720257094188128e-06, 1.4125284906185698e-06, 1.5601527820763295e-06, 1.5603314977852278e-06, 1.547505007692962e-06, 1.103946033254033e-06, 7.899409411038505e-07, 1.208877961289545e-06, 5.704845307263895e-07, 3.364098972724605e-07, 1.5197912262010504e-07, 7.207785923668553e-09, 1.2141275484989222e-10, 5.5106773311219825e-11, 3.939219783699599e-11, 3.4331728432368536e-11, 1.044965763224992e-11, 5.433840009894109e-12, 5.359720913616917e-12, 5.261085837815482e-12, 5.119175049139724e-12, 5.047264689528319e-12, 5.0178277331836e-12], "lowlevel.mfcc.mean": [-815.853759765625, 141.4773406982422, 18.9324951171875, 15.354575157165527, -3.7628371715545654, 3.164548397064209, -9.423216819763184, -11.584668159484863, 4.104462146759033, -5.327308654785156, 5.9248881340026855, -10.279016494750977, 6.500995635986328], "lowlevel.spectral_contrast_coeffs.mean": [-0.6145853400230408, -0.7323548197746277, -0.8144059777259827, -0.7907335758209229, -0.792086124420166, -0.7642545104026794], "lowlevel.spectral_contrast_coeffs.stdev": [0.1361599713563919, 0.12080105394124985, 0.07667908817529678, 0.08193384855985641, 0.0658438578248024, 0.0730903372168541], "lowlevel.spectral_contrast_valleys.mean": [-8.890775680541992, -7.956248760223389, -8.908068656921387, -9.436180114746094, -9.818621635437012, -12.263307571411133], "lowlevel.spectral_contrast_valleys.stdev": [2.604351758956909, 2.4301209449768066, 2.1617839336395264, 1.9528932571411133, 1.7256152629852295, 1.4748681783676147], "rhythm.beats_loudness_band_ratio.mean": [0.3976673185825348, 0.11761512607336044, 0.28933656215667725, 0.10990554839372635, 0.07453747093677521, 0.04575367271900177], "rhythm.beats_loudness_band_ratio.stdev": [0.2653307318687439, 0.10110098123550415, 0.24059352278709412, 0.1572665125131607, 0.1903376579284668, 0.17053738236427307], "tonal.hpcp.mean": [0.07466871291399002, 0.044960979372262955, 0.051583752036094666, 0.06917642056941986, 0.11281193792819977, 0.26461002230644226, 0.48214665055274963, 0.46408525109291077, 0.23295976221561432, 0.10843949019908905, 0.08866126835346222, 0.06771509349346161, 0.04840909317135811, 0.03902766481041908, 0.030153624713420868, 0.030793337151408195, 0.04422209784388542, 0.06259674578905106, 0.05506601184606552, 0.03701384738087654, 0.03329607844352722, 0.03337538614869118, 0.03798113018274307, 0.039465125650167465, 0.04097500815987587, 0.052059825509786606, 0.08890420943498611, 0.1117076724767685, 0.09471037983894348, 0.08749330788850784, 0.0846044272184372, 0.07591372728347778, 0.09259305149316788, 0.10439379513263702, 0.10430174320936203, 0.10522130876779556], "tonal.hpcp.stdev": [0.18388915061950684, 0.13203074038028717, 0.147830531001091, 0.17866060137748718, 0.2341066151857376, 0.33493566513061523, 0.4136737287044525, 0.40130123496055603, 0.3228614628314972, 0.23975037038326263, 0.2145664393901825, 0.19043605029582977, 0.13098081946372986, 0.13315556943416595, 0.09876662492752075, 0.08910147100687027, 0.12332379072904587, 0.1646970510482788, 0.1282263696193695, 0.10061606019735336, 0.10101216286420822, 0.09500077366828918, 0.1122499629855156, 0.11378860473632812, 0.12171775102615356, 0.13400466740131378, 0.1642557829618454, 0.18573643267154694, 0.160739928483963, 0.16937348246574402, 0.17818447947502136, 0.16770614683628082, 0.21467430889606476, 0.23981168866157532, 0.222556471824646, 0.24745772778987885], "rhythm.beats_position": [0.5804988741874695, 1.172607660293579, 1.7647165060043335, 2.321995496749878, 2.867664337158203, 3.4365532398223877, 3.9938321113586426, 4.551111221313477, 5.119999885559082, 5.6888885498046875, 6.269387722015381, 6.826666355133057, 7.383945465087891, 7.952834129333496, 8.521722793579102, 9.102222442626953, 9.659501075744629, 10.216779708862305, 10.77405834197998, 11.342947959899902, 11.911836624145508, 12.480725288391113, 13.049613952636719, 13.61850357055664, 14.187392234802246], "rhythm.bpm_histogram": [0.0, 0.0, 0.0, 0.0, 0.0, 0.0, 0.0, 0.0, 0.0, 0.0, 0.0, 0.0, 0.0, 0.0, 0.0, 0.0, 0.0, 0.0, 0.0, 0.0, 0.0, 0.0, 0.0, 0.0, 0.0, 0.0, 0.0, 0.0, 0.0, 0.0, 0.0, 0.0, 0.0, 0.0, 0.0, 0.0, 0.0, 0.0, 0.0, 0.0, 0.0, 0.0, 0.0, 0.0, 0.0, 0.0, 0.0, 0.0, 0.0, 0.0, 0.0, 0.0, 0.0, 0.0, 0.0, 0.0, 0.0, 0.0, 0.0, 0.0, 0.0, 0.0, 0.0, 0.0, 0.0, 0.0, 0.0, 0.0, 0.0, 0.0, 0.0, 0.0, 0.0, 0.0, 0.0, 0.0, 0.0, 0.0, 0.0, 0.0, 0.0, 0.0, 0.0, 0.0, 0.0, 0.0, 0.0, 0.0, 0.0, 0.0, 0.0, 0.0, 0.0, 0.0, 0.0, 0.0, 0.0, 0.0, 0.0, 0.0, 0.0, 0.0833333358168602, 0.0, 0.0833333358168602, 0.0, 0.4583333432674408, 0.0, 0.0, 0.3333333432674408, 0.0, 0.0416666679084301, 0.0, 0.0, 0.0, 0.0, 0.0, 0.0, 0.0, 0.0, 0.0, 0.0, 0.0, 0.0, 0.0, 0.0, 0.0, 0.0, 0.0, 0.0, 0.0, 0.0, 0.0, 0.0, 0.0, 0.0, 0.0, 0.0, 0.0, 0.0, 0.0, 0.0, 0.0, 0.0, 0.0, 0.0, 0.0, 0.0, 0.0, 0.0, 0.0, 0.0, 0.0, 0.0, 0.0, 0.0, 0.0, 0.0, 0.0, 0.0, 0.0, 0.0, 0.0, 0.0, 0.0, 0.0, 0.0, 0.0, 0.0, 0.0, 0.0, 0.0, 0.0, 0.0, 0.0, 0.0, 0.0, 0.0, 0.0, 0.0, 0.0, 0.0, 0.0, 0.0, 0.0, 0.0, 0.0, 0.0, 0.0, 0.0, 0.0, 0.0, 0.0, 0.0, 0.0, 0.0, 0.0, 0.0, 0.0, 0.0, 0.0, 0.0, 0.0, 0.0, 0.0, 0.0, 0.0, 0.0, 0.0, 0.0, 0.0, 0.0, 0.0, 0.0, 0.0, 0.0, 0.0, 0.0, 0.0, 0.0, 0.0, 0.0, 0.0, 0.0, 0.0, 0.0, 0.0, 0.0, 0.0, 0.0, 0.0, 0.0, 0.0, 0.0, 0.0, 0.0, 0.0, 0.0, 0.0, 0.0, 0.0, 0.0, 0.0, 0.0, 0.0, 0.0, 0.0, 0.0, 0.0, 0.0, 0.0], "tonal.chords_histogram": [21.003135681152344, 2.5078370571136475, 0.0, 0.0, 0.0, 1.5673980712890625, 0.0, 1.5673980712890625, 0.0, 0.0, 0.0, 0.0, 0.0, 0.0, 0.6269592642784119, 1.8808777332305908, 15.98746109008789, 10.344827651977539, 0.0, 0.0, 0.0, 0.0, 11.598746299743652, 32.91535949707031], "tonal.thpcp": [1.0, 0.9625396132469177, 0.4831719994544983, 0.22490976750850677, 0.18388858437538147, 0.14044500887393951, 0.10040325671434402, 0.08094563335180283, 0.06254035979509354, 0.06386715918779373, 0.09171918779611588, 0.1298292726278305, 0.1142100915312767, 0.07676886022090912, 0.06905798614025116, 0.06922248005867004, 0.07877505570650101, 0.08185295015573502, 0.08498453348875046, 0.10797508805990219, 0.18439246714115143, 0.23168817162513733, 0.19643479585647583, 0.18146617710590363, 0.17547446489334106, 0.15744945406913757, 0.19204333424568176, 0.21651875972747803, 0.21632784605026245, 0.2182350754737854, 0.15486721694469452, 0.09325166791677475, 0.10698767751455307, 0.14347589015960693, 0.2339784801006317, 0.548816442489624], "lowlevel.gfcc.cov": [[47063.46484375, 11235.318359375, 522.2682495117188, 910.4298095703125, -963.2770385742188, -556.9088745117188, -829.5250854492188, -106.10718536376953, -735.61572265625, 558.0696411132812, -1403.6087646484375, -970.5606079101562, -816.7222900390625], [11235.318359375, 6951.37353515625, 1438.3858642578125, -160.699462890625, -177.388427734375, -612.727294921875, -31.587247848510742, -224.57591247558594, -138.1400909423828, -407.05853271484375, 10.563448905944824, -509.2701416015625, -83.81588745117188], [522.2682495117188, 1438.3858642578125, 1519.95263671875, 398.3252868652344, 16.30891227722168, -352.67095947265625, -44.009910583496094, 31.022390365600586, 21.543153762817383, -417.9850158691406, 176.60792541503906, 63.61679458618164, 49.809120178222656], [910.4298095703125, -160.699462890625, 398.3252868652344, 1021.2332153320312, 127.71571350097656, -233.12911987304688, -343.048583984375, 53.51762008666992, 219.66900634765625, -146.00425720214844, -83.96813201904297, 117.92446899414062, 34.51647186279297], [-963.2770385742188, -177.388427734375, 16.30891227722168, 127.71571350097656, 319.84002685546875, 30.708194732666016, -54.406219482421875, 18.524789810180664, 110.18649291992188, -12.143933296203613, -64.01286315917969, -6.340054035186768, -3.5353689193725586], [-556.9088745117188, -612.727294921875, -352.67095947265625, -233.12911987304688, 30.708194732666016, 443.876953125, 115.5514907836914, -64.34577178955078, -110.65885162353516, 147.78640747070312, -47.15895462036133, -63.28535461425781, -59.865901947021484], [-829.5250854492188, -31.587247848510742, -44.009910583496094, -343.048583984375, -54.406219482421875, 115.5514907836914, 342.66943359375, 11.640851020812988, -170.3569793701172, -13.601204872131348, 71.29885864257812, -25.265579223632812, -35.063228607177734], [-106.10718536376953, -224.57591247558594, 31.022390365600586, 53.51762008666992, 18.524789810180664, -64.34577178955078, 11.640851020812988, 171.01617431640625, 34.98239517211914, -34.588035583496094, -30.540985107421875, 44.40700912475586, 1.9361062049865723], [-735.61572265625, -138.1400909423828, 21.543153762817383, 219.66900634765625, 110.18649291992188, -110.65885162353516, -170.3569793701172, 34.98239517211914, 259.27392578125, -11.408629417419434, -54.44569778442383, 7.551177978515625, 47.41483688354492], [558.0696411132812, -407.05853271484375, -417.9850158691406, -146.00425720214844, -12.143933296203613, 147.78640747070312, -13.601204872131348, -34.588035583496094, -11.408629417419434, 294.0723876953125, -102.4078598022461, -59.75617980957031, -67.01252746582031], [-1403.6087646484375, 10.563448905944824, 176.60792541503906, -83.96813201904297, -64.01286315917969, -47.15895462036133, 71.29885864257812, -30.540985107421875, -54.44569778442383, -102.4078598022461, 215.9254913330078, 57.74788284301758, 36.70234298706055], [-970.5606079101562, -509.2701416015625, 63.61679458618164, 117.92446899414062, -6.340054035186768, -63.28535461425781, -25.265579223632812, 44.40700912475586, 7.551177978515625, -59.75617980957031, 57.74788284301758, 181.61538696289062, 34.1950569152832], [-816.7222900390625, -83.81588745117188, 49.809120178222656, 34.51647186279297, -3.5353689193725586, -59.865901947021484, -35.063228607177734, 1.9361062049865723, 47.41483688354492, -67.01252746582031, 36.70234298706055, 34.1950569152832, 94.82289123535156]], "lowlevel.gfcc.icov": [[0.00012782981502823532, -0.0002466114528942853, 9.042631427291781e-05, -0.0002123865851899609, 0.0003359986876603216, -5.7626257330412045e-05, 0.00032499030930921435, -0.00028243428096175194, 0.0005424857372418046, -0.00024236523313447833, 0.000627464207354933, -0.00017176804249174893, 0.00039145798655226827], [-0.0002466114528942853, 0.000910797156393528, -0.00045320866047404706, 0.0007022319477982819, -0.0005367104895412922, 0.0008179114665836096, -0.0002974394883494824, 0.0011177980341017246, -0.0006779640098102391, 0.0011147318873554468, -0.0007662609568797052, 0.0015494597610086203, -0.00010839150490937755], [9.042631427291781e-05, -0.00045320866047404706, 0.001546147046610713, -0.0006558725726790726, 4.8382164095528424e-05, 5.0173726776847616e-05, 8.778455958236009e-05, -0.0004682800208684057, 0.00040718071977607906, 0.0009224554523825645, -0.00042894441867247224, -0.0004587607108987868, 0.0006601038039661944], [-0.0002123865851899609, 0.0007022319477982819, -0.0006558725726790726, 0.0026611709035933018, -0.0006529850070364773, 0.0006712147151120007, 0.0012731733731925488, 0.000983450561761856, -0.001166675821878016, 0.00178247329313308, 0.00027566993958316743, -0.00011895575153175741, 0.0007966338889673352], [0.0003359986876603216, -0.0005367104895412922, 4.8382164095528424e-05, -0.0006529850070364773, 0.005146828945726156, -0.0009798869723454118, 0.0005438444786705077, -0.0004780333547387272, -0.000766884651966393, 0.0003583892248570919, 0.002695570234209299, -0.00038325306377373636, 0.00214758375659585], [-5.7626257330412045e-05, 0.0008179114665836096, 5.0173726776847616e-05, 0.0006712147151120007, -0.0009798869723454118, 0.005019470117986202, -0.0003565083316061646, 0.0021380933467298746, 0.0016305675962939858, 0.0004110545851290226, 0.0008232439286075532, 0.00224298401735723, 0.0012605813099071383], [0.00032499030930921435, -0.0002974394883494824, 8.778455958236009e-05, 0.0012731733731925488, 0.0005438444786705077, -0.0003565083316061646, 0.007599320262670517, -0.0020590091589838266, 0.004243094939738512, 0.0013213763013482094, 0.000787986209616065, 0.00097576470579952, 0.002829250879585743], [-0.00028243428096175194, 0.0011177980341017246, -0.0004682800208684057, 0.000983450561761856, -0.0004780333547387272, 0.0021380933467298746, -0.0020590091589838266, 0.00932382419705391, -0.002220500260591507, 0.0025081916246563196, 0.0017709803069010377, -0.0005633555701933801, 0.0012242766097187996], [0.0005424857372418046, -0.0006779640098102391, 0.00040718071977607906, -0.001166675821878016, -0.000766884651966393, 0.0016305675962939858, 0.004243094939738512, -0.002220500260591507, 0.010865597054362297, -0.0013504128437489271, 0.003058159491047263, 0.0016581451054662466, -0.001269977306947112], [-0.00024236523313447833, 0.0011147318873554468, 0.0009224554523825645, 0.00178247329313308, 0.0003583892248570919, 0.0004110545851290226, 0.0013213763013482094, 0.0025081916246563196, -0.0013504128437489271, 0.009659203700721264, 0.0013233618810772896, 0.0019967008847743273, 0.004743960220366716], [0.000627464207354933, -0.0007662609568797052, -0.00042894441867247224, 0.00027566993958316743, 0.002695570234209299, 0.0008232439286075532, 0.000787986209616065, 0.0017709803069010377, 0.003058159491047263, 0.0013233618810772896, 0.012015572749078274, -0.0025425078347325325, 0.001399716711603105], [-0.00017176804249174893, 0.0015494597610086203, -0.0004587607108987868, -0.00011895575153175741, -0.00038325306377373636, 0.00224298401735723, 0.00097576470579952, -0.0005633555701933801, 0.0016581451054662466, 0.0019967008847743273, -0.0025425078347325325, 0.011744880117475986, -0.0007208289462141693], [0.00039145798655226827, -0.00010839150490937755, 0.0006601038039661944, 0.0007966338889673352, 0.00214758375659585, 0.0012605813099071383, 0.002829250879585743, 0.0012242766097187996, -0.001269977306947112, 0.004743960220366716, 0.001399716711603105, -0.0007208289462141693, 0.018788063898682594]], "lowlevel.mfcc.cov": [[25609.29296875, 5224.0185546875, -91.39828491210938, 572.9305419921875, -738.347900390625, -226.914306640625, -480.1246643066406, -843.7719116210938, 418.5262451171875, -251.02352905273438, 531.85546875, -512.1345825195312, 524.8075561523438], [5224.0185546875, 5483.5068359375, 930.229736328125, 50.15299606323242, -369.3659973144531, -376.3043518066406, 73.86637115478516, -172.64260864257812, -124.98076629638672, -274.8775939941406, 69.33515167236328, -143.56312561035156, 174.78562927246094], [-91.39828491210938, 930.229736328125, 1281.01025390625, 506.23284912109375, 185.46466064453125, -262.18218994140625, -72.52696228027344, 222.87850952148438, -188.5117950439453, -217.49644470214844, -211.65451049804688, 102.63307189941406, 16.204692840576172], [572.9305419921875, 50.15299606323242, 506.23284912109375, 893.0949096679688, 395.3080139160156, -214.3942413330078, -350.25299072265625, 161.9580535888672, 34.536582946777344, -153.1729736328125, -129.03343200683594, 71.77660369873047, 86.16567993164062], [-738.347900390625, -369.3659973144531, 185.46466064453125, 395.3080139160156, 570.1341552734375, -3.794158697128296, -308.0014343261719, 80.57695770263672, 76.26786804199219, 21.224945068359375, -104.80504608154297, 60.24406051635742, -3.182063341140747], [-226.914306640625, -376.3043518066406, -262.18218994140625, -214.3942413330078, -3.794158697128296, 370.5985107421875, 99.13504028320312, -114.34419250488281, 41.310455322265625, 94.46209716796875, 89.1303482055664, -22.01551628112793, -89.3517074584961], [-480.1246643066406, 73.86637115478516, -72.52696228027344, -350.25299072265625, -308.0014343261719, 99.13504028320312, 454.1409606933594, 41.071895599365234, -102.44811248779297, 2.3404788970947266, 51.009178161621094, -15.348438262939453, -49.55727767944336], [-843.7719116210938, -172.64260864257812, 222.87850952148438, 161.9580535888672, 80.57695770263672, -114.34419250488281, 41.071895599365234, 284.804931640625, -43.72727966308594, -79.17648315429688, -98.95719146728516, 42.65470504760742, 9.798209190368652], [418.5262451171875, -124.98076629638672, -188.5117950439453, 34.536582946777344, 76.26786804199219, 41.310455322265625, -102.44811248779297, -43.72727966308594, 229.3017578125, 74.09003448486328, 48.50127029418945, -29.8427791595459, 12.544967651367188], [-251.02352905273438, -274.8775939941406, -217.49644470214844, -153.1729736328125, 21.224945068359375, 94.46209716796875, 2.3404788970947266, -79.17648315429688, 74.09003448486328, 187.0789337158203, 35.13680648803711, -34.4457893371582, -53.83378219604492], [531.85546875, 69.33515167236328, -211.65451049804688, -129.03343200683594, -104.80504608154297, 89.1303482055664, 51.009178161621094, -98.95719146728516, 48.50127029418945, 35.13680648803711, 179.61959838867188, -25.311771392822266, -5.578432559967041], [-512.1345825195312, -143.56312561035156, 102.63307189941406, 71.77660369873047, 60.24406051635742, -22.01551628112793, -15.348438262939453, 42.65470504760742, -29.8427791595459, -34.4457893371582, -25.311771392822266, 139.06179809570312, 18.306921005249023], [524.8075561523438, 174.78562927246094, 16.204692840576172, 86.16567993164062, -3.182063341140747, -89.3517074584961, -49.55727767944336, 9.798209190368652, 12.544967651367188, -53.83378219604492, -5.578432559967041, 18.306921005249023, 140.544189453125]], "lowlevel.mfcc.icov": [[6.942010077182204e-05, -4.9178299377672374e-05, 1.0157253200304694e-05, -0.0001156238722614944, 0.000128888466861099, -5.4311156418407336e-05, 6.293526530498639e-05, 0.00011773614824051037, -7.442303467541933e-05, 2.9562830604845658e-05, -7.624291902175173e-05, 0.00016095336468424648, -0.00015199807239696383], [-4.9178299377672374e-05, 0.00034355075331404805, -0.00034992481232620776, 0.00020364865486044437, -6.781179399695247e-05, 0.0003004924510605633, -0.00014769060362596065, 0.00033245061058551073, -7.16532813385129e-05, 0.0002813154424075037, -0.0002117343683494255, 0.0003208816342521459, -0.00014992340584285557], [1.0157253200304694e-05, -0.00034992481232620776, 0.0018760159146040678, -0.0007731493678875268, -0.00023436207266058773, 0.00024013867368921638, -0.0002706017403397709, -0.0003254688635934144, 0.0007853079587221146, 0.0004553321632556617, 0.00102378916926682, -0.0007603511330671608, 0.000973580579739064], [-0.0001156238722614944, 0.00020364865486044437, -0.0007731493678875268, 0.003168619703501463, -0.0013055335730314255, 0.0005572783411480486, 0.001093394006602466, -0.0007110476144589484, -0.0005421662935987115, 0.0015768654411658645, -0.0002862802939489484, -3.0151280952850357e-05, -0.00027019987464882433], [0.000128888466861099, -6.781179399695247e-05, -0.00023436207266058773, -0.0013055335730314255, 0.004855417180806398, -0.00180289417039603, 0.002686205320060253, -0.001274563604965806, -0.00037019228329882026, -0.0016758753918111324, 0.0010133502073585987, -0.0007548027788288891, -4.0092465496854857e-05], [-5.4311156418407336e-05, 0.0003004924510605633, 0.00024013867368921638, 0.0005572783411480486, -0.00180289417039603, 0.0053252289071679115, -0.001957230269908905, 0.002039561280980706, -0.0005242113256826997, 0.000560906482860446, -0.0011942015262320638, -5.182367021916434e-05, 0.0021931373048573732], [6.293526530498639e-05, -0.00014769060362596065, -0.0002706017403397709, 0.001093394006602466, 0.002686205320060253, -0.001957230269908905, 0.005975424312055111, -0.0028835502453148365, 0.0012843881268054247, -0.0005535907112061977, -0.0006749727763235569, -0.00021353043848648667, 0.00010837718582479283], [0.00011773614824051037, 0.00033245061058551073, -0.0003254688635934144, -0.0007110476144589484, -0.001274563604965806, 0.002039561280980706, -0.0028835502453148365, 0.0072616832330822945, -0.0010644893627613783, 0.0021730016451328993, 0.0016032923012971878, 0.0002728649997152388, 0.00032060511875897646], [-7.442303467541933e-05, -7.16532813385129e-05, 0.0007853079587221146, -0.0005421662935987115, -0.00037019228329882026, -0.0005242113256826997, 0.0012843881268054247, -0.0010644893627613783, 0.0070494976826012135, -0.0025727495085448027, -0.0014639897271990776, 0.0006334446370601654, -0.0009610062697902322], [2.9562830604845658e-05, 0.0002813154424075037, 0.0004553321632556617, 0.0015768654411658645, -0.0016758753918111324, 0.000560906482860446, -0.0005535907112061977, 0.0021730016451328993, -0.0025727495085448027, 0.010315675288438797, 0.0004811677208635956, 0.0010914664017036557, 0.0025503295473754406], [-7.624291902175173e-05, -0.0002117343683494255, 0.00102378916926682, -0.0002862802939489484, 0.0010133502073585987, -0.0011942015262320638, -0.0006749727763235569, 0.0016032923012971878, -0.0014639897271990776, 0.0004811677208635956, 0.009326905012130737, -0.0008402140229009092, 0.00031406315974891186], [0.00016095336468424648, 0.0003208816342521459, -0.0007603511330671608, -3.0151280952850357e-05, -0.0007548027788288891, -5.182367021916434e-05, -0.00021353043848648667, 0.0002728649997152388, 0.0006334446370601654, 0.0010914664017036557, -0.0008402140229009092, 0.00941155944019556, -0.0019360192818567157], [-0.00015199807239696383, -0.00014992340584285557, 0.000973580579739064, -0.00027019987464882433, -4.0092465496854857e-05, 0.0021931373048573732, 0.00010837718582479283, 0.00032060511875897646, -0.0009610062697902322, 0.0025503295473754406, 0.00031406315974891186, -0.0019360192818567157, 0.010659183375537395]], "metadata.audio_properties.analysis.downmix": "mix", "metadata.audio_properties.codec": "mp3", "metadata.audio_properties.md5_encoded": "e520f35d81f0118722383c0afcc4b5bc", "metadata.tags.file_name": "1183648566716149810.mp3", "metadata.version.essentia": "2.1-beta6-dev", "metadata.version.essentia_git_sha": "v2.1_beta5-1110-g77a6a954", "metadata.version.extractor": "music 2.0", "tonal.chords_key": "Ab", "tonal.chords_scale": "minor", "tonal.key_edma.key": "E", "tonal.key_edma.scale": "major", "tonal.key_krumhansl.key": "E", "tonal.key_krumhansl.scale": "major", "tonal.key_temperley.key": "B", "tonal.key_temperley.scale": "major", "metadata.tags.encoding": ["Lavf58.45.100"]}, "essentia_models": [{"model_name": "genre_dortmund", "activations": {"alternative": "0.14825499", "blues": "0.017253412", "electronic": "0.09874486", "folkcountry": "0.08180618", "funksoulrnb": "0.15239486", "jazz": "0.06437331", "pop": "0.07871177", "raphiphop": "0.68111354", "rock": "0.12534875"}}, {"model_name": "genre_rosamerica", "activations": {"classic": "0.04948933", "dance": "0.0076240604", "hip hop": "0.16550873", "jazz": "0.009252882", "pop": "0.0146409", "rhythm and blues": "0.05823348", "rock": "0