{"song_id": "1183708150407385118", "download": "https://cdn.discordapp.com/attachments/1128313332273782784/1183708150407385118/chirp.mp4?ex=6589511f&amp", "lyrics": "I was drowning in the dark\nCouldn't see the light\nMy lungs were giving up\nI had no will to fight\nBut then you came along\nAnd pulled me from the deep\nYou taught me how to breathe\nYou gave me hope to keep\n\nYou're my pulmonary therapist\nYou make me feel alive\nYou're my pulmonary therapist\nYou help me to survive\nYou're the rhythm of my heart\nYou're the treadmill of my life\nYou're my pulmonary therapist\nYou're the reason why I strive\n\nYou put me on a path\nTo heal and to grow\nYou pushed me to the limit\nBut you never let me go\nYou showed me how to live\nAnd not to be afraid\nYou taught me how to breathe\nYou made me unafraid\n\nYou're my pulmonary therapist\nYou make me feel alive\nYou're my pulmonary therapist\nYou help me to survive\nThank you", "style": ["random"], "essentia_features": {"lowlevel.average_loudness": 0.7890888452529907, "lowlevel.barkbands_crest.mean": 9.943530082702637, "lowlevel.barkbands_crest.stdev": 3.0272185802459717, "lowlevel.barkbands_flatness_db.mean": 0.14401906728744507, "lowlevel.barkbands_flatness_db.stdev": 0.0481906458735466, "lowlevel.barkbands_kurtosis.mean": 6.711336612701416, "lowlevel.barkbands_kurtosis.stdev": 9.666033744812012, "lowlevel.barkbands_skewness.mean": 2.052445411682129, "lowlevel.barkbands_skewness.stdev": 1.502336859703064, "lowlevel.barkbands_spread.mean": 29.113624572753906, "lowlevel.barkbands_spread.stdev": 18.731718063354492, "lowlevel.dissonance.mean": 0.479926198720932, "lowlevel.dissonance.stdev": 0.014407194219529629, "lowlevel.dynamic_complexity": 3.04318904876709, "lowlevel.erbbands_crest.mean": 9.887938499450684, "lowlevel.erbbands_crest.stdev": 4.4217119216918945, "lowlevel.erbbands_flatness_db.mean": 0.13522209227085114, "lowlevel.erbbands_flatness_db.stdev": 0.0373140387237072, "lowlevel.erbbands_kurtosis.mean": 1.2248128652572632, "lowlevel.erbbands_kurtosis.stdev": 3.9926273822784424, "lowlevel.erbbands_skewness.mean": -0.5066585540771484, "lowlevel.erbbands_skewness.stdev": 0.9812013506889343, "lowlevel.erbbands_spread.mean": 49.58573532104492, "lowlevel.erbbands_spread.stdev": 24.307703018188477, "lowlevel.hfc.mean": 23.48652458190918, "lowlevel.hfc.stdev": 24.453712463378906, "lowlevel.loudness_ebu128.integrated": -13.59715461730957, "lowlevel.loudness_ebu128.loudness_range": 6.383833885192871, "lowlevel.loudness_ebu128.momentary.mean": -14.54535961151123, "lowlevel.loudness_ebu128.momentary.stdev": 2.9683244228363037, "lowlevel.loudness_ebu128.short_term.mean": -14.227466583251953, "lowlevel.loudness_ebu128.short_term.stdev": 2.3669869899749756, "lowlevel.melbands_crest.mean": 19.36848258972168, "lowlevel.melbands_crest.stdev": 6.190265655517578, "lowlevel.melbands_flatness_db.mean": 0.22208857536315918, "lowlevel.melbands_flatness_db.stdev": 0.06217946484684944, "lowlevel.melbands_kurtosis.mean": 27.204580307006836, "lowlevel.melbands_kurtosis.stdev": 28.14032745361328, "lowlevel.melbands_skewness.mean": 4.029536247253418, "lowlevel.melbands_skewness.stdev": 2.1490015983581543, "lowlevel.melbands_spread.mean": 26.725461959838867, "lowlevel.melbands_spread.stdev": 25.401020050048828, "lowlevel.pitch_salience.mean": 0.5049564838409424, "lowlevel.pitch_salience.stdev": 0.10374145209789276, "lowlevel.silence_rate_20dB.mean": 1.0, "lowlevel.silence_rate_20dB.stdev": 0.0, "lowlevel.silence_rate_30dB.mean": 0.9994206428527832, "lowlevel.silence_rate_30dB.stdev": 0.024063285440206528, "lowlevel.silence_rate_60dB.mean": 0.008690614253282547, "lowlevel.silence_rate_60dB.stdev": 0.09281652420759201, "lowlevel.spectral_centroid.mean": 1610.483642578125, "lowlevel.spectral_centroid.stdev": 702.3751831054688, "lowlevel.spectral_complexity.mean": 16.852258682250977, "lowlevel.spectral_complexity.stdev": 10.115482330322266, "lowlevel.spectral_decrease.mean": -8.155798703057826e-09, "lowlevel.spectral_decrease.stdev": 5.372285283300471e-09, "lowlevel.spectral_energy.mean": 0.032912179827690125, "lowlevel.spectral_energy.stdev": 0.02116820588707924, "lowlevel.spectral_energyband_high.mean": 0.0011259056627750397, "lowlevel.spectral_energyband_high.stdev": 0.0022176261991262436, "lowlevel.spectral_energyband_low.mean": 0.019696688279509544, "lowlevel.spectral_energyband_low.stdev": 0.01589859463274479, "lowlevel.spectral_energyband_middle_high.mean": 0.005761757027357817, "lowlevel.spectral_energyband_middle_high.stdev": 0.006857085041701794, "lowlevel.spectral_energyband_middle_low.mean": 0.007289781700819731, "lowlevel.spectral_energyband_middle_low.stdev": 0.005706516094505787, "lowlevel.spectral_entropy.mean": 7.684934139251709, "lowlevel.spectral_entropy.stdev": 0.3236358165740967, "lowlevel.spectral_flux.mean": 0.06184989586472511, "lowlevel.spectral_flux.stdev": 0.03363998606801033, "lowlevel.spectral_kurtosis.mean": 3.5258517265319824, "lowlevel.spectral_kurtosis.stdev": 1.9407124519348145, "lowlevel.spectral_rms.mean": 0.00536517146974802, "lowlevel.spectral_rms.stdev": 0.0018232818692922592, "lowlevel.spectral_rolloff.mean": 1366.009521484375, "lowlevel.spectral_rolloff.stdev": 1615.447509765625, "lowlevel.spectral_skewness.mean": 1.3574970960617065, "lowlevel.spectral_skewness.stdev": 0.2997745871543884, "lowlevel.spectral_spread.mean": 4913139.5, "lowlevel.spectral_spread.stdev": 1420532.125, "lowlevel.spectral_strongpeak.mean": 0.5782934427261353, "lowlevel.spectral_strongpeak.stdev": 1.1720527410507202, "lowlevel.zerocrossingrate.mean": 0.0607876218855381, "lowlevel.zerocrossingrate.stdev": 0.03546598181128502, "metadata.audio_properties.analysis.equal_loudness": 0.0, "metadata.audio_properties.analysis.length": 40.04265213012695, "metadata.audio_properties.analysis.sample_rate": 44100.0, "metadata.audio_properties.analysis.start_time": 0.0, "metadata.audio_properties.bit_rate": 121322.0, "metadata.audio_properties.length": 40.042667388916016, "metadata.audio_properties.lossless": 0.0, "metadata.audio_properties.number_channels": 1.0, "metadata.audio_properties.replay_gain": -13.358522415161133, "metadata.audio_properties.sample_rate": 48000.0, "rhythm.beats_count": 97.0, "rhythm.beats_loudness.mean": 0.0356830358505249, "rhythm.beats_loudness.stdev": 0.020456138998270035, "rhythm.bpm": 146.98606872558594, "rhythm.bpm_histogram_first_peak_bpm": 148.0, "rhythm.bpm_histogram_first_peak_weight": 0.2777777314186096, "rhythm.bpm_histogram_second_peak_bpm": 133.0, "rhythm.bpm_histogram_second_peak_spread": 0.25, "rhythm.bpm_histogram_second_peak_weight": 0.03125, "rhythm.danceability": 0.9222626686096191, "rhythm.onset_rate": 4.693614482879639, "tonal.chords_changes_rate": 0.06018518656492233, "tonal.chords_number_rate": 0.008101851679384708, "tonal.chords_strength.mean": 0.5099008083343506, "tonal.chords_strength.stdev": 0.056287627667188644, "tonal.hpcp_crest.mean": 12.128532409667969, "tonal.hpcp_crest.stdev": 5.434087753295898, "tonal.hpcp_entropy.mean": 2.212989091873169, "tonal.hpcp_entropy.stdev": 0.6561481356620789, "tonal.key_edma.strength": 0.6318923234939575, "tonal.key_krumhansl.strength": 0.6470672488212585, "tonal.key_temperley.strength": 0.6502305269241333, "tonal.tuning_diatonic_strength": 0.5739668011665344, "tonal.tuning_equal_tempered_deviation": 0.2028099000453949, "tonal.tuning_frequency": 434.193115234375, "tonal.tuning_nontempered_energy_ratio": 0.8879711031913757, "lowlevel.barkbands.mean": [0.0027795196510851383, 0.010522701777517796, 0.005453106947243214, 0.002779439790174365, 0.0027236996684223413, 0.0011886163847520947, 0.0002805098774842918, 9.228868293575943e-05, 0.0001876540045486763, 0.00020356042659841478, 0.00024956127163022757, 0.0003357658570166677, 0.00046706359717063606, 0.00043810944771394134, 0.0007597386138513684, 0.0008734692819416523, 0.0014065364375710487, 0.0005269955145195127, 0.00042963711894117296, 0.00020155025413259864, 0.00019318440172355622, 0.00017252247198484838, 0.0002398660872131586, 0.0002168266655644402, 0.00010664446017472073, 8.00520065240562e-05, 3.5760920127358986e-06], "lowlevel.barkbands.stdev": [0.0024261553771793842, 0.008598009124398232, 0.009922354482114315, 0.0037819405551999807, 0.0028632793109863997, 0.0013394738780334592, 0.0007312660454772413, 0.00043135383748449385, 0.0003566053928807378, 0.0004958374192938209, 0.001038357731886208, 0.0014126665191724896, 0.001687214127741754, 0.0012480276636779308, 0.001856712973676622, 0.0017678053118288517, 0.00270050554536283, 0.0010181455872952938, 0.0007567694410681725, 0.00040964933577924967, 0.00034218854852952063, 0.0004785509954672307, 0.0005990861100144684, 0.00043593955342657864, 0.0002483086718712002, 0.00020702843903563917, 8.537948815501295e-06], "lowlevel.erbbands.mean": [0.4723677337169647, 1.7251193523406982, 6.231420993804932, 7.3094987869262695, 9.351837158203125, 8.763204574584961, 13.585577964782715, 6.367467403411865, 4.693598747253418, 2.2548611164093018, 2.2808120250701904, 4.94495964050293, 4.15438985824585, 8.528678894042969, 13.15462875366211, 13.467596054077148, 20.824220657348633, 23.790361404418945, 36.69123458862305, 37.063682556152344, 57.01974868774414, 78.28050994873047, 35.16730880737305, 26.59222412109375, 14.2645263671875, 9.25709056854248, 8.979907035827637, 6.699645519256592, 6.563499927520752, 6.528028964996338, 6.37861442565918, 5.17559814453125, 3.110889434814453, 1.4613323211669922, 0.6213451027870178, 0.29452863335609436, 0.1578858494758606, 0.029709739610552788, 0.0005936174420639873, 5.8006342442240566e-05], "lowlevel.erbbands.stdev": [0.31877800822257996, 2.1844351291656494, 10.700675964355469, 6.914638519287109, 13.812470436096191, 11.108312606811523, 18.74440574645996, 8.124669075012207, 11.467466354370117, 5.546240329742432, 9.875317573547363, 9.369072914123535, 11.0958833694458, 20.098052978515625, 49.8632698059082, 50.08134460449219, 70.8885498046875, 68.36956024169922, 98.0958251953125, 68.5715560913086, 110.91748809814453, 148.56748962402344, 63.414554595947266, 42.257999420166016, 23.618362426757812, 18.362470626831055, 15.52379322052002, 13.605273246765137, 18.023212432861328, 16.848947525024414, 15.143780708312988, 10.654292106628418, 6.277768611907959, 3.431983709335327, 1.5057162046432495, 0.8036492466926575, 0.39835408329963684, 0.07115480303764343, 0.0013485739473253489, 5.4732925491407514e-05], "lowlevel.gfcc.mean": [5.888322353363037, 67.78607940673828, -96.10863494873047, 64.55049133300781, -30.302053451538086, 21.066707611083984, -46.360172271728516, 8.351346015930176, -21.782522201538086, -1.999083399772644, -14.438804626464844, 10.385730743408203, -5.624835968017578], "lowlevel.melbands.mean": [0.003526755841448903, 0.002797739813104272, 0.0013830377720296383, 0.000679285149089992, 0.00041818790487013757, 0.00015302763495128602, 6.825960736023262e-05, 2.2109876226750202e-05, 1.812223854358308e-05, 3.213447780581191e-05, 2.0286863218643703e-05, 3.385313902981579e-05, 3.950491372961551e-05, 4.2823747207876295e-05, 3.406157702556811e-05, 4.8486439482076094e-05, 4.275874380255118e-05, 5.5622487707296386e-05, 4.999311931896955e-05, 5.253388735582121e-05, 7.012784772086889e-05, 8.975086529972032e-05, 4.917124897474423e-05, 2.0570814740494825e-05, 2.2061687559471466e-05, 1.4163358173391316e-05, 6.502858923340682e-06, 6.0312063396850135e-06, 6.101538474467816e-06, 4.863878075411776e-06, 3.335396286274772e-06, 3.789284164668061e-06, 3.2393104447692167e-06, 4.031388016301207e-06, 3.7131926546862815e-06, 3.4907420740637463e-06, 3.173445747961523e-06, 2.444757683406351e-06, 1.5958407857397106e-06, 1.0858730092877522e-06], "lowlevel.melbands.stdev": [0.002366588218137622, 0.00414761807769537, 0.0015452897641807795, 0.0008385002729482949, 0.0005136870895512402, 0.00017349552945233881, 0.0001697876869002357, 6.267991557251662e-05, 7.043562800390646e-05, 6.230353028513491e-05, 5.5757773225195706e-05, 8.204670302802697e-05, 0.00015312005416490138, 0.00019718224939424545, 0.00013925433449912816, 0.00016262374992948025, 0.00013225122529547662, 0.00015098498261068016, 0.00011395195178920403, 9.941957978298888e-05, 0.00015320928650908172, 0.00018267442646902055, 0.0001064369862433523, 3.4964748920174316e-05, 3.7698191590607166e-05, 2.7608079108176753e-05, 1.0836700312211178e-05, 1.4015518900123425e-05, 1.1905256542377174e-05, 8.75578280101763e-06, 7.668388207093813e-06, 1.0661558007996064e-05, 9.884520295599941e-06, 1.102764144889079e-05, 9.175655577564612e-06, 7.935528628877364e-06, 6.488300641649403e-06, 4.805436219612602e-06, 3.696394969665562e-06, 2.69139763986459e-06], "lowlevel.melbands128.mean": [0.0024694616440683603, 0.004756726324558258, 0.003114882856607437, 0.002780837006866932, 0.003452937351539731, 0.0023256028071045876, 0.0013834142591804266, 0.0014696689322590828, 0.0007780060986988246, 0.0008411984308622777, 0.00039920618291944265, 0.00029897282365709543, 0.000627185101620853, 0.00027310679433867335, 0.00015218748012557626, 6.980443140491843e-05, 5.2448154747253284e-05, 9.994188440032303e-05, 4.403015554999001e-05, 1.543429243611172e-05, 1.595949834154453e-05, 1.9378308934392408e-05, 1.8617203750181943e-05, 1.5055276890052482e-05, 3.4531036362750456e-05, 4.345675915828906e-05, 1.5892266674200073e-05, 1.697464904282242e-05, 1.6833775589475408e-05, 4.838298264076002e-05, 2.7147383661940694e-05, 3.2490868761669844e-05, 4.036290920339525e-05, 4.425157021614723e-05, 5.06211472384166e-05, 4.4385120418155566e-05, 2.6571595299174078e-05, 2.5448218366364017e-05, 4.651554991141893e-05, 4.877770697930828e-05, 5.325164238456637e-05, 3.898244904121384e-05, 4.408919994602911e-05, 4.568091389955953e-05, 3.4295480872970074e-05, 6.0393351304810494e-05, 8.252073894254863e-05, 3.830514833680354e-05, 4.1795181459747255e-05, 5.488664100994356e-05, 5.03968185512349e-05, 5.317034447216429e-05, 7.114012259989977e-05, 6.478232535300776e-05, 9.533757111057639e-05, 0.00010993503383360803, 6.500218296423554e-05, 6.609674892388284e-05, 3.85237653972581e-05, 2.513961590011604e-05, 1.875345697044395e-05, 1.7318216123385355e-05, 2.0984181901440024e-05, 2.4408089302596636e-05, 2.364421379752457e-05, 1.4370431017596275e-05, 8.212696229747962e-06, 6.279789886320941e-06, 6.856939762656111e-06, 5.749877345806453e-06, 4.488776994548971e-06, 7.899031515989918e-06, 6.699663572362624e-06, 6.16550551058026e-06, 4.472187356441282e-06, 4.68553889731993e-06, 5.812939889437985e-06, 3.636333076428855e-06, 2.8901251880597556e-06, 2.7298538043396547e-06, 4.032586730318144e-06, 4.274130333214998e-06, 3.2943398764473386e-06, 3.434228801779682e-06, 2.76397281595564e-06, 3.130639242954203e-06, 5.050747859058902e-06, 4.754486326419283e-06, 3.252838041589712e-06, 3.1653273708798224e-06, 3.884273610310629e-06, 3.750459654838778e-06, 2.6536654331721365e-06, 2.9251611977088032e-06, 3.841932539216941e-06, 3.041659510927275e-06, 2.0757147467520554e-06, 1.485025904912618e-06, 1.8525744280850631e-06, 1.5276565363819827e-06, 1.1918555173906498e-06, 1.1369971844032989e-06, 7.191064241851564e-07, 7.686506933168857e-07, 6.849377882645058e-07, 6.235945306798385e-07, 6.068954689908423e-07, 5.225929839980381e-07, 5.211456368670042e-07, 3.941469799428887e-07, 4.902620389657386e-07, 5.281917196953145e-07, 5.91299112784327e-07, 4.6886111704225186e-07, 4.3103275970679533e-07, 4.3064201804554614e-07, 1.563035567642146e-07, 4.898777827833101e-09, 4.337250177066654e-12, 4.085416900612149e-12, 3.940723181800054e-12, 3.840447924952084e-12, 3.740571220822719e-12, 3.664775080625127e-12, 3.58499016063496e-12, 3.4954753935084737e-12, 3.441127157527424e-12, 3.417397441418668e-12], "lowlevel.melbands128.stdev": [0.0022304991725832224, 0.003278013551607728, 0.002984121209010482, 0.0041757188737392426, 0.005921277217566967, 0.0040380507707595825, 0.0011880992678925395, 0.0025600416120141745, 0.001417324529029429, 0.0013488149270415306, 0.0005940404953435063, 0.00038893186138011515, 0.000972303852904588, 0.0003326548612676561, 0.00028168901917524636, 0.00016737899568397552, 0.00016697733371984214, 0.00029328151140362024, 0.000129623687826097, 6.140043842606246e-05, 7.484995876438916e-05, 0.00014876855129841715, 7.520223152823746e-05, 5.821405284223147e-05, 7.197505328804255e-05, 0.00010289342026226223, 7.314130925806239e-05, 8.015087951207533e-05, 5.914806024520658e-05, 0.00013964500976726413, 6.93613983457908e-05, 0.00018600811017677188, 0.00020368260447867215, 0.0002578453568276018, 0.0002740797644946724, 0.0003117266169283539, 0.00010122329695150256, 0.0001347591169178486, 0.0002993856614921242, 0.0001922633673530072, 0.00024362934345845133, 0.00020454316108953208, 0.00018225279927719384, 0.00018194147560279816, 0.0001263204321730882, 0.00020707945805042982, 0.0003180525091011077, 0.00012928292562719434, 9.363676508655772e-05, 0.0001525295083411038, 0.00013540073996409774, 0.00011509327305248007, 0.0002086811000481248, 0.00018313697364646941, 0.0002455678186379373, 0.0002761121140792966, 0.0001665414747549221, 0.00017364192171953619, 0.00011411213199608028, 5.282055644784123e-05, 3.849092900054529e-05, 3.208324051229283e-05, 4.439367330633104e-05, 4.509722930379212e-05, 6.501753523480147e-05, 3.156008824589662e-05, 1.4500130419037305e-05, 1.1393200111342594e-05, 1.33542107505491e-05, 1.1713726962625515e-05, 1.0536283298279159e-05, 2.602485074021388e-05, 1.662237809796352e-05, 1.386953954352066e-05, 8.650379641039763e-06, 9.638339179218747e-06, 1.1808489944087341e-05, 8.190737389668357e-06, 8.215301932068542e-06, 7.698313311266247e-06, 1.2473347851482686e-05, 1.2431337381713092e-05, 1.0947328519250732e-05, 1.243754377355799e-05, 8.14411851024488e-06, 7.86988948675571e-06, 1.717608392937109e-05, 1.3043316357652657e-05, 8.180557415471412e-06, 7.754608304821886e-06, 1.0547684723860584e-05, 8.64190860738745e-06, 6.129007942945464e-06, 6.8803778958681505e-06, 8.390965376747772e-06, 5.611647793557495e-06, 4.74152147944551e-06, 3.674635991046671e-06, 4.797775090992218e-06, 3.5104189919366036e-06, 3.18635352414276e-06, 3.1038116503623314e-06, 1.9935780528612668e-06, 1.821479941099824e-06, 1.8769259213513578e-06, 1.6557139588257996e-06, 1.7685202919892618e-06, 1.689755663392134e-06, 1.5994856994439033e-06, 1.123978790928959e-06, 1.4025623613633798e-06, 1.4219663171388675e-06, 1.5943294329190394e-06, 1.2134119060647208e-06, 1.0483405503691756e-06, 1.1324060551487491e-06, 3.839673468064575e-07, 1.825230988572457e-08, 6.267279230309786e-12, 6.017943955660687e-12, 5.832593089061255e-12, 5.681247573080528e-12, 5.55050406678137e-12, 5.4431203468097156e-12, 5.3551659634498705e-12, 5.285999936377461e-12, 5.236042936035412e-12, 5.205375627065356e-12], "lowlevel.mfcc.mean": [-641.84228515625, 92.29969787597656, 9.680180549621582, 45.34348678588867, 37.37413024902344, 16.906301498413086, 1.246573567390442, 11.940401077270508, -0.8810745477676392, -0.25217869877815247, -9.560611724853516, 0.8294504284858704, -1.2506153583526611], "lowlevel.spectral_contrast_coeffs.mean": [-0.7103589773178101, -0.7701208591461182, -0.7952849864959717, -0.7679457068443298, -0.7711480259895325, -0.755431592464447], "lowlevel.spectral_contrast_coeffs.stdev": [0.05655520781874657, 0.06174260377883911, 0.05680042877793312, 0.05766795203089714, 0.048803556710481644, 0.0319974385201931], "lowlevel.spectral_contrast_valleys.mean": [-6.384158611297607, -7.657463550567627, -7.972375392913818, -7.599629878997803, -7.37322998046875, -10.065630912780762], "lowlevel.spectral_contrast_valleys.stdev": [0.5038064122200012, 0.6053634881973267, 0.6833804249763489, 0.6761079430580139, 0.6357477307319641, 0.8550006747245789], "rhythm.beats_loudness_band_ratio.mean": [0.5639527440071106, 0.13807280361652374, 0.02651859261095524, 0.08075554668903351, 0.1363844871520996, 0.07301183044910431], "rhythm.beats_loudness_band_ratio.stdev": [0.22715437412261963, 0.12638072669506073, 0.038054145872592926, 0.1431533545255661, 0.14454203844070435, 0.06812194734811783], "tonal.hpcp.mean": [0.22387170791625977, 0.24511130154132843, 0.0711459070444107, 0.01403083000332117, 0.009753621183335781, 0.012797742150723934, 0.019446875900030136, 0.020746402442455292, 0.01683793216943741, 0.02625255100429058, 0.026619834825396538, 0.017050839960575104, 0.02289658598601818, 0.06454484909772873, 0.3109712302684784, 0.6196231842041016, 0.4734937250614166, 0.13841040432453156, 0.03908073902130127, 0.025156620889902115, 0.02185380645096302, 0.03233958035707474, 0.037951063364744186, 0.04314705729484558, 0.1669783890247345, 0.16877815127372742, 0.0354408361017704, 0.016280008479952812, 0.015775427222251892, 0.017661748453974724, 0.022679908201098442, 0.021465066820383072, 0.018548013642430305, 0.018931128084659576, 0.019442865625023842, 0.05046190693974495], "tonal.hpcp.stdev": [0.33891022205352783, 0.3257097601890564, 0.11875425279140472, 0.06246252357959747, 0.04432781785726547, 0.05914803221821785, 0.07494816929101944, 0.07701925188302994, 0.04932332783937454, 0.06206034868955612, 0.052002985030412674, 0.04366490617394447, 0.05978790670633316, 0.14660057425498962, 0.32633739709854126, 0.4397335350513458, 0.3869858682155609, 0.16085456311702728, 0.0976855680346489, 0.06498350203037262, 0.06708462536334991, 0.08840972185134888, 0.0939888134598732, 0.08871534466743469, 0.3312153220176697, 0.32810038328170776, 0.07959306240081787, 0.056307367980480194, 0.05670524388551712, 0.0669727772474289, 0.07942789047956467, 0.07926752418279648, 0.04863312467932701, 0.05323114991188049, 0.06238070875406265, 0.12177988141775131], "rhythm.beats_position": [0.41795918345451355, 0.8591383099555969, 1.3119274377822876, 1.7647165060043335, 2.217505693435669, 2.6470746994018555, 3.0650339126586914, 3.4713830947875977, 3.877732276916504, 4.28408145904541, 4.690430641174316, 5.108389854431152, 5.514739036560059, 5.921088218688965, 6.327437400817871, 6.733786582946777, 7.140135765075684, 7.54648494720459, 7.952834129333496, 8.359183311462402, 8.765532493591309, 9.171881675720215, 9.58984088897705, 10.007800102233887, 10.414149284362793, 10.8204984664917, 11.238457679748535, 11.656416893005371, 12.051156044006348, 12.445895195007324, 12.85224437713623, 13.258593559265137, 13.676552772521973, 14.082901954650879, 14.489251136779785, 14.895600318908691, 15.301949501037598, 15.708298683166504, 16.114648818969727, 16.532608032226562, 16.93895721435547, 17.345306396484375, 17.76326560974121, 18.169614791870117, 18.575963973999023, 18.970703125, 19.388662338256836, 19.806621551513672, 20.212970733642578, 20.619319915771484, 21.02566909790039, 21.432018280029297, 21.838367462158203, 22.24471664428711, 22.651065826416016, 23.057415008544922, 23.475374221801758, 23.893333435058594, 24.28807258605957, 24.706031799316406, 25.112380981445312, 25.51873016357422, 25.925079345703125, 26.33142852783203, 26.737777709960938, 27.144126892089844, 27.55047607421875, 27.956825256347656, 28.374784469604492, 28.7811336517334, 29.187482833862305, 29.59383201599121, 30.000181198120117, 30.383310317993164, 30.78965950012207, 31.196008682250977, 31.613967895507812, 32.02031707763672, 32.426666259765625, 32.83301544189453, 33.250972747802734, 33.65732192993164, 34.06367111206055, 34.481632232666016, 34.89958953857422, 35.305938720703125, 35.71228790283203, 36.11863708496094, 36.524986267089844, 36.93133544921875, 37.337684631347656, 37.74403381347656, 38.15038299560547, 38.54512405395508, 38.96308135986328, 39.36943054199219, 39.775779724121094], "rhythm.bpm_histogram": [0.0, 0.0, 0.0, 0.0, 0.0, 0.0, 0.0, 0.0, 0.0, 0.0, 0.0, 0.0, 0.0, 0.0, 0.0, 0.0, 0.0, 0.0, 0.0, 0.0, 0.0, 0.0, 0.0, 0.0, 0.0, 0.0, 0.0, 0.0, 0.0, 0.0, 0.0, 0.0, 0.0, 0.0, 0.0, 0.0, 0.0, 0.0, 0.0, 0.0, 0.0, 0.0, 0.0, 0.0, 0.0, 0.0, 0.0, 0.0, 0.0, 0.0, 0.0, 0.0, 0.0, 0.0, 0.0, 0.0, 0.0, 0.0, 0.0, 0.0, 0.0, 0.0, 0.0, 0.0, 0.0, 0.0, 0.0, 0.0, 0.0, 0.0, 0.0, 0.0, 0.0, 0.0, 0.0, 0.0, 0.0, 0.0, 0.0, 0.0, 0.0, 0.0, 0.0, 0.0, 0.0, 0.0, 0.0, 0.0, 0.0, 0.0, 0.0, 0.0, 0.0, 0.0, 0.0, 0.0, 0.0, 0.0, 0.0, 0.0, 0.0, 0.0, 0.0, 0.0, 0.0, 0.0, 0.0, 0.0, 0.0, 0.0, 0.0, 0.0, 0.0, 0.0, 0.0, 0.0, 0.0, 0.0, 0.0, 0.0, 0.0, 0.0, 0.0, 0.0, 0.0, 0.0, 0.0, 0.0, 0.0, 0.0, 0.0, 0.0, 0.0, 0.03125, 0.0, 0.0, 0.010416666977107525, 0.0, 0.0, 0.0, 0.010416666977107525, 0.0, 0.0, 0.0, 0.2083333283662796, 0.0, 0.0, 0.0, 0.6770833134651184, 0.0, 0.0, 0.0, 0.0520833320915699, 0.0, 0.0, 0.0, 0.0, 0.010416666977107525, 0.0, 0.0, 0.0, 0.0, 0.0, 0.0, 0.0, 0.0, 0.0, 0.0, 0.0, 0.0, 0.0, 0.0, 0.0, 0.0, 0.0, 0.0, 0.0, 0.0, 0.0, 0.0, 0.0, 0.0, 0.0, 0.0, 0.0, 0.0, 0.0, 0.0, 0.0, 0.0, 0.0, 0.0, 0.0, 0.0, 0.0, 0.0, 0.0, 0.0, 0.0, 0.0, 0.0, 0.0, 0.0, 0.0, 0.0, 0.0, 0.0, 0.0, 0.0, 0.0, 0.0, 0.0, 0.0, 0.0, 0.0, 0.0, 0.0, 0.0, 0.0, 0.0, 0.0, 0.0, 0.0, 0.0, 0.0, 0.0, 0.0, 0.0, 0.0, 0.0, 0.0, 0.0, 0.0, 0.0, 0.0, 0.0, 0.0, 0.0, 0.0, 0.0, 0.0, 0.0, 0.0, 0.0, 0.0, 0.0, 0.0, 0.0, 0.0, 0.0], "tonal.chords_histogram": [70.48611450195312, 11.342592239379883, 0.3472222089767456, 0.0, 0.0, 1.0416666269302368, 0.8101851940155029, 4.398148059844971, 0.0, 3.7037036418914795, 0.0, 0.0, 0.0, 0.0, 0.0, 0.0, 0.0, 0.0, 0.0, 0.0, 0.0, 0.0, 1.6203703880310059, 6.25], "tonal.thpcp": [1.0, 0.7641639709472656, 0.22337834537029266, 0.06307177990674973, 0.040599871426820755, 0.03526951000094414, 0.052192334085702896, 0.061248619109392166, 0.069634348154068, 0.2694837749004364, 0.27238836884498596, 0.05719740316271782, 0.026274045929312706, 0.025459710508584976, 0.028504014015197754, 0.03660274296998978, 0.03464213013648987, 0.029934344813227654, 0.03055264614522457, 0.03137852996587753, 0.08143966645002365, 0.3613030016422272, 0.3955812156200409, 0.11482124775648117, 0.022644134238362312, 0.015741214156150818, 0.020654072985053062, 0.03138500452041626, 0.03348228707909584, 0.02717447094619274, 0.0423685759305954, 0.042961329221725464, 0.027518078684806824, 0.036952435970306396, 0.10416790843009949, 0.5018715262413025], "lowlevel.gfcc.cov": [[3035.0498046875, -721.8613891601562, -235.77806091308594, -170.87193298339844, 143.8524932861328, 196.8236846923828, -55.340126037597656, 205.255126953125, -41.94623565673828, 61.892520904541016, -140.36036682128906, 4.1642913818359375, -210.2850341796875], [-721.8613891601562, 1019.2589721679688, -176.48757934570312, -4.88753080368042, 98.64299011230469, -46.70857238769531, 104.2486801147461, -129.92669677734375, 52.184959411621094, -123.13131713867188, 80.54659271240234, -117.21318054199219, 65.30522918701172], [-235.77806091308594, -176.48757934570312, 547.9415893554688, 182.74386596679688, -49.81536865234375, -10.148055076599121, -55.41878128051758, -63.40784454345703, -58.161014556884766, 12.236322402954102, -53.359947204589844, 33.27062225341797, -14.693714141845703], [-170.87193298339844, -4.88753080368042, 182.74386596679688, 321.3775634765625, 65.46965789794922, -61.14163589477539, -45.69729232788086, -26.989770889282227, 10.392340660095215, -56.71256637573242, -12.816200256347656, -11.276286125183105, 12.079577445983887], [143.8524932861328, 98.64299011230469, -49.81536865234375, 65.46965789794922, 222.8125, 26.372501373291016, -16.302762985229492, 16.92646026611328, 23.944210052490234, -56.87200927734375, -20.235851287841797, -24.717554092407227, -26.80689811706543], [196.8236846923828, -46.70857238769531, -10.148055076599121, -61.14163589477539, 26.372501373291016, 152.3282928466797, 67.63353729248047, -16.960289001464844, -41.42478561401367, 12.547877311706543, -24.133623123168945, -29.14427947998047, -27.98272705078125], [-55.340126037597656, 104.2486801147461, -55.41878128051758, -45.69729232788086, -16.302762985229492, 67.63353729248047, 133.74867248535156, -2.7552835941314697, -29.722999572753906, -12.49026870727539, 8.780892372131348, -26.929777145385742, -4.59987211227417], [205.255126953125, -129.92669677734375, -63.40784454345703, -26.989770889282227, 16.92646026611328, -16.960289001464844, -2.7552835941314697, 114.24893188476562, 20.70740509033203, -8.93302059173584, -17.030956268310547, 15.703968048095703, -17.965017318725586], [-41.94623565673828, 52.184959411621094, -58.161014556884766, 10.392340660095215, 23.944210052490234, -41.42478561401367, -29.722999572753906, 20.70740509033203, 99.49922180175781, 6.858635425567627, 0.041602350771427155, -9.875917434692383, 14.547677993774414], [61.892520904541016, -123.13131713867188, 12.236322402954102, -56.71256637573242, -56.87200927734375, 12.547877311706543, -12.49026870727539, -8.93302059173584, 6.858635425567627, 102.84719848632812, 9.945026397705078, 2.1137351989746094, -15.687899589538574], [-140.36036682128906, 80.54659271240234, -53.359947204589844, -12.816200256347656, -20.235851287841797, -24.133623123168945, 8.780892372131348, -17.030956268310547, 0.041602350771427155, 9.945026397705078, 97.08228302001953, 23.391464233398438, 6.150078773498535], [4.1642913818359375, -117.21318054199219, 33.27062225341797, -11.276286125183105, -24.717554092407227, -29.14427947998047, -26.929777145385742, 15.703968048095703, -9.875917434692383, 2.1137351989746094, 23.391464233398438, 93.06949615478516, 29.793317794799805], [-210.2850341796875, 65.30522918701172, -14.693714141845703, 12.079577445983887, -26.80689811706543, -27.98272705078125, -4.59987211227417, -17.965017318725586, 14.547677993774414, -15.687899589538574, 6.150078773498535, 29.793317794799805, 103.26402282714844]], "lowlevel.gfcc.icov": [[0.0006014008540660143, 0.000166289959452115, 0.0004721321165561676, -7.750555232632905e-05, -0.00010303894669050351, -0.0007365388446487486, 0.0005797214107587934, -0.00046963623026385903, 0.0002647490764502436, -0.00013141501403879374, 0.0007045746897347271, -0.0004554203769657761, 0.0009457202977500856], [0.000166289959452115, 0.003798572812229395, -0.00029942262335680425, 0.002261989749968052, -0.0021343217231333256, 0.0033826332073658705, -0.0029684100300073624, 0.004365046974271536, -0.0017264391062781215, 0.0041717723943293095, -0.002882791915908456, 0.005076485686004162, -0.0017970559420064092], [0.0004721321165561676, -0.00029942262335680425, 0.004053447395563126, -0.002675398951396346, 0.00143055256921798, -0.0013070822460576892, 0.0014327906537801027, 0.0011032337788492441, 0.0016645955620333552, -0.001364386873319745, 0.0036660998594015837, -0.0035426043905317783, 0.002675433875992894], [-7.750555232632905e-05, 0.002261989749968052, -0.002675398951396346, 0.007175179198384285, -0.003137171734124422, 0.004468198399990797, -0.0016938411863520741, 0.003051916602998972, -0.0014769367408007383, 0.00471373088657856, -0.003023421159014106, 0.005517453420907259, -0.002444087527692318], [-0.00010303894669050351, -0.0021343217231333256, 0.00143055256921798, -0.003137171734124422, 0.008783197961747646, -0.005518283229321241, 0.0041915480978786945, -0.002538269152864814, -0.0013485454255715013, 0.0019250824116170406, 0.001964506460353732, -0.003133234102278948, 0.0035097524523735046], [-0.0007365388446487486, 0.0033826332073658705, -0.0013070822460576892, 0.004468198399990797, -0.005518283229321241, 0.017518099397420883, -0.009696866385638714, 0.007239489816129208, 0.0017645908519625664, 0.0008180994773283601, -8.314912702189758e-05, 0.006156774237751961, -0.0021013417281210423], [0.0005797214107587934, -0.0029684100300073624, 0.0014327906537801027, -0.0016938411863520741, 0.0041915480978786945, -0.009696866385638714, 0.016009198501706123, -0.0060509988106787205, 0.003554104594513774, -0.00010553641914157197, -6.889766518725082e-05, -0.0007678240071982145, 0.0012895591789856553], [-0.00046963623026385903, 0.004365046974271536, 0.0011032337788492441, 0.003051916602998972, -0.002538269152864814, 0.007239489816129208, -0.0060509988106787205, 0.018892576918005943, -0.004893494304269552, 0.006172555033117533, 0.0009330006432719529, 0.0006852009100839496, 0.0017770667327567935], [0.0002647490764502436, -0.0017264391062781215, 0.0016645955620333552, -0.0014769367408007383, -0.0013485454255715013, 0.0017645908519625664, 0.003554104594513774, -0.004893494304269552, 0.01615501195192337, -0.005807323381304741, 0.001965318340808153, 0.0011200670851394534, -0.0021226888056844473], [-0.00013141501403879374, 0.0041717723943293095, -0.001364386873319745, 0.00471373088657856, 0.0019250824116170406, 0.0008180994773283601, -0.00010553641914157197, 0.006172555033117533, -0.005807323381304741, 0.019934149459004402, -0.0056475079618394375, 0.006193247158080339, 0.0005351820145733654], [0.0007045746897347271, -0.002882791915908456, 0.0036660998594015837, -0.003023421159014106, 0.001964506460353732, -8.314912702189758e-05, -6.889766518725082e-05, 0.0009330006432719529, 0.001965318340808153, -0.0056475079618394375, 0.018810516223311424, -0.011259780265390873, 0.0057734036818146706], [-0.0004554203769657761, 0.005076485686004162, -0.0035426043905317783, 0.005517453420907259, -0.003133234102278948, 0.006156774237751961, -0.0007678240071982145, 0.0006852009100839496, 0.0011200670851394534, 0.006193247158080339, -0.011259780265390873, 0.02598590962588787, -0.010390996932983398], [0.0009457202977500856, -0.0017970559420064092, 0.002675433875992894, -0.002444087527692318, 0.0035097524523735046, -0.0021013417281210423, 0.0012895591789856553, 0.0017770667327567935, -0.0021226888056844473, 0.0005351820145733654, 0.0057734036818146706, -0.010390996932983398, 0.01715559884905815]], "lowlevel.mfcc.cov": [[3051.984375, -503.7084045410156, -454.96270751953125, -298.4412536621094, 96.37026977539062, -52.919002532958984, 61.57261657714844, 76.30075073242188, 93.86421203613281, 29.005558013916016, 70.05128479003906, 128.60940551757812, -46.59515380859375], [-503.7084045410156, 788.1785278320312, -162.25465393066406, -19.06321144104004, -32.24678039550781, 54.45653533935547, 35.13669204711914, 7.0332207679748535, -23.861591339111328, 8.782609939575195, -21.94260025024414, 14.038168907165527, -38.6052360534668], [-454.96270751953125, -162.25465393066406, 507.98394775390625, 142.6549072265625, -28.50226402282715, 57.400146484375, -25.294944763183594, -48.291778564453125, -44.04779815673828, -24.454477310180664, -27.47551155090332, -80.20377349853516, 16.250707626342773], [-298.4412536621094, -19.06321144104004, 142.6549072265625, 330.8934020996094, 114.68201446533203, -6.962292194366455, -61.3347282409668, 30.496761322021484, -22.933565139770508, -8.406023025512695, -44.393798828125, -41.00520324707031, 6.419989109039307], [96.37026977539062, -32.24678039550781, -28.50226402282715, 114.68201446533203, 225.50601196289062, -0.8742716908454895, -47.69086456298828, 36.4874267578125, 10.60145378112793, -1.6630289554595947, -19.568817138671875, 1.270218014717102, -18.305456161499023], [-52.919002532958984, 54.45653533935547, 57.400146484375, -6.962292194366455, -0.8742716908454895, 169.1293182373047, 56.12274932861328, -22.610858917236328, -6.137689113616943, 11.822835922241211, -6.692994594573975, -21.124000549316406, -31.697803497314453], [61.57261657714844, 35.13669204711914, -25.294944763183594, -61.3347282409668, -47.69086456298828, 56.12274932861328, 142.66526794433594, 30.59767723083496, -16.314542770385742, -8.159411430358887, 15.127866744995117, 0.5104749202728271, -11.085464477539062], [76.30075073242188, 7.0332207679748535, -48.291778564453125, 30.496761322021484, 36.4874267578125, -22.610858917236328, 30.59767723083496, 113.81759643554688, 19.32119369506836, -17.284263610839844, -18.193626403808594, 4.287182331085205, -4.7643561363220215], [93.86421203613281, -23.861591339111328, -44.04779815673828, -22.933565139770508, 10.60145378112793, -6.137689113616943, -16.314542770385742, 19.32119369506836, 98.12045288085938, 25.995895385742188, -12.233850479125977, -20.689226150512695, -11.309623718261719], [29.005558013916016, 8.782609939575195, -24.454477310180664, -8.406023025512695, -1.6630289554595947, 11.822835922241211, -8.159411430358887, -17.284263610839844, 25.995895385742188, 69.47048950195312, 15.709939002990723, -9.054168701171875, -15.798954010009766], [70.05128479003906, -21.94260025024414, -27.47551155090332, -44.393798828125, -19.568817138671875, -6.692994594573975, 15.127866744995117, -18.193626403808594, -12.233850479125977, 15.709939002990723, 89.51887512207031, 29.74331283569336, -6.353811264038086], [128.60940551757812, 14.038168907165527, -80.20377349853516, -41.00520324707031, 1.270218014717102, -21.124000549316406, 0.5104749202728271, 4.287182331085205, -20.689226150512695, -9.054168701171875, 29.74331283569336, 97.83708190917969, 11.431917190551758], [-46.59515380859375, -38.6052360534668, 16.250707626342773, 6.419989109039307, -18.305456161499023, -31.697803497314453, -11.085464477539062, -4.7643561363220215, -11.309623718261719, -15.798954010009766, -6.353811264038086, 11.431917190551758, 66.81610870361328]], "lowlevel.mfcc.icov": [[0.0005411868914961815, 0.0004708523047156632, 0.0004236467939335853, 0.0003486622008495033, -0.0002475601795595139, -4.481734140426852e-05, -0.00015161219926085323, -0.00014082972484175116, -0.00010527448466746137, -8.152720693033189e-05, 9.556615259498358e-05, -0.0003939150192309171, 0.0004280235734768212], [0.0004708523047156632, 0.001974008046090603, 0.0011287984671071172, 6.673775260424009e-06, 0.00038166652666404843, -0.0006472255336120725, 1.1519642612256575e-05, -0.0001714335521683097, 0.000702592427842319, -0.00018918822752311826, 0.0007976207416504622, -0.000362088845577091, 0.0011929178144782782], [0.0004236467939335853, 0.0011287984671071172, 0.0038340711034834385, -0.0011837449856102467, 0.0010464488295838237, -0.0015266479458659887, 0.0007185453432612121, 0.0006738485535606742, 0.0011640075827017426, 0.0012502191821113229, -3.214641037629917e-05, 0.001920922426506877, 1.9507893739501014e-05], [0.0003486622008495033, 6.673775260424009e-06, -0.0011837449856102467, 0.005662364885210991, -0.0025102964136749506, 7.944264507386833e-05, 0.0017321644118055701, -0.0023887099232524633, 0.0021507120691239834, -0.0013413731940090656, 0.0009376483503729105, 0.0012060727458447218, -0.000612478528637439], [-0.0002475601795595139, 0.00038166652666404843, 0.0010464488295838237, -0.0025102964136749506, 0.006997501477599144, -0.0014709755778312683, 0.0025938190519809723, -0.0017676905263215303, 9.799258259590715e-05, 0.0006883805617690086, 0.00015575029829051346, -0.00044468307169154286, 0.0018283681711181998], [-4.481734140426852e-05, -0.0006472255336120725, -0.0015266479458659887, 7.944264507386833e-05, -0.0014709755778312683, 0.009510112926363945, -0.005143853835761547, 0.003523516934365034, -0.0006964938947930932, -0.0012755938805639744, 0.0018997339066118002, -0.0003483424079604447, 0.003285663668066263], [-0.00015161219926085323, 1.1519642612256575e-05, 0.0007185453432612121, 0.0017321644118055701, 0.0025938190519809723, -0.005143853835761547, 0.012885619886219501, -0.006346042267978191, 0.003559268545359373, 0.0008500257972627878, -0.0025003838818520308, 0.002205307362601161, -0.00029619995621033013], [-0.00014082972484175116, -0.0001714335521683097, 0.0006738485535606742, -0.0023887099232524633, -0.0017676905263215303, 0.003523516934365034, -0.006346042267978191, 0.014606672339141369, -0.0044757286086678505, 0.0035653715021908283, 0.0024206433445215225, -0.0016056791646406054, 0.00163468555547297], [-0.00010527448466746137, 0.000702592427842319, 0.0011640075827017426, 0.0021507120691239834, 9.799258259590715e-05, -0.0006964938947930932, 0.003559268545359373, -0.0044757286086678505, 0.01553688757121563, -0.005533507559448481, 0.0019363026367500424, 0.0040306709706783295, 0.0006265098345465958], [-8.152720693033189e-05, -0.00018918822752311826, 0.0012502191821113229, -0.0013413731940090656, 0.0006883805617690086, -0.0012755938805639744, 0.0008500257972627878, 0.0035653715021908283, -0.005533507559448481, 0.019831381738185883, -0.004273968283087015, 0.001803880208171904, 0.0026748767122626305], [9.556615259498358e-05, 0.0007976207416504622, -3.214641037629917e-05, 0.0009376483503729105, 0.00015575029829051346, 0.0018997339066118002, -0.0025003838818520308, 0.0024206433445215225, 0.0019363026367500424, -0.004273968283087015, 0.015573578886687756, -0.0045980727300047874, 0.002731711370870471], [-0.0003939150192309171, -0.000362088845577091, 0.001920