{"song_id": "1183705974909964328", "download": "https://cdn.discordapp.com/attachments/1128313332273782784/1183705974909964328/chirp.mp4?ex=65894f18&amp", "lyrics": "Lisa De Vanna the queen of the pitch\nShe made Elyse Perry look like a bitch\nLisa De Vanna is the queen\nTo see her play is so serene\nA jet fighter on the left wing\nNo lets here the matildas sing\nLisa Lisa....the greatest of all time", "style": ["K</span><span>-Pop</span><span>, en fran\u00e7ais"], "essentia_features": {"lowlevel.average_loudness": 0.9837590456008911, "lowlevel.barkbands_crest.mean": 11.404128074645996, "lowlevel.barkbands_crest.stdev": 3.4725852012634277, "lowlevel.barkbands_flatness_db.mean": 0.2603176534175873, "lowlevel.barkbands_flatness_db.stdev": 0.07345324009656906, "lowlevel.barkbands_kurtosis.mean": 26.647268295288086, "lowlevel.barkbands_kurtosis.stdev": 28.984954833984375, "lowlevel.barkbands_skewness.mean": 3.6195273399353027, "lowlevel.barkbands_skewness.stdev": 1.9483522176742554, "lowlevel.barkbands_spread.mean": 7.9876909255981445, "lowlevel.barkbands_spread.stdev": 8.157750129699707, "lowlevel.dissonance.mean": 0.4378412961959839, "lowlevel.dissonance.stdev": 0.04128403216600418, "lowlevel.dynamic_complexity": 1.8341500759124756, "lowlevel.erbbands_crest.mean": 12.113513946533203, "lowlevel.erbbands_crest.stdev": 5.2134552001953125, "lowlevel.erbbands_flatness_db.mean": 0.18132153153419495, "lowlevel.erbbands_flatness_db.stdev": 0.0549807995557785, "lowlevel.erbbands_kurtosis.mean": 1.9894301891326904, "lowlevel.erbbands_kurtosis.stdev": 4.194044589996338, "lowlevel.erbbands_skewness.mean": 1.1015790700912476, "lowlevel.erbbands_skewness.stdev": 0.9613948464393616, "lowlevel.erbbands_spread.mean": 45.34115219116211, "lowlevel.erbbands_spread.stdev": 34.4312629699707, "lowlevel.hfc.mean": 15.48048210144043, "lowlevel.hfc.stdev": 11.934968948364258, "lowlevel.loudness_ebu128.integrated": -14.786349296569824, "lowlevel.loudness_ebu128.loudness_range": 0.9173860549926758, "lowlevel.loudness_ebu128.momentary.mean": -14.87374496459961, "lowlevel.loudness_ebu128.momentary.stdev": 0.880251944065094, "lowlevel.loudness_ebu128.short_term.mean": -14.822066307067871, "lowlevel.loudness_ebu128.short_term.stdev": 0.2976466715335846, "lowlevel.melbands_crest.mean": 20.56502342224121, "lowlevel.melbands_crest.stdev": 5.206313610076904, "lowlevel.melbands_flatness_db.mean": 0.37144455313682556, "lowlevel.melbands_flatness_db.stdev": 0.08524144440889359, "lowlevel.melbands_kurtosis.mean": 65.80519104003906, "lowlevel.melbands_kurtosis.stdev": 66.86259460449219, "lowlevel.melbands_skewness.mean": 5.343709468841553, "lowlevel.melbands_skewness.stdev": 3.0979647636413574, "lowlevel.melbands_spread.mean": 5.499211311340332, "lowlevel.melbands_spread.stdev": 5.123203277587891, "lowlevel.pitch_salience.mean": 0.3997013568878174, "lowlevel.pitch_salience.stdev": 0.1066872701048851, "lowlevel.silence_rate_20dB.mean": 1.0, "lowlevel.silence_rate_20dB.stdev": 0.0, "lowlevel.silence_rate_30dB.mean": 0.9243336319923401, "lowlevel.silence_rate_30dB.stdev": 0.26446276903152466, "lowlevel.silence_rate_60dB.mean": 0.001719690510071814, "lowlevel.silence_rate_60dB.stdev": 0.041433751583099365, "lowlevel.spectral_centroid.mean": 535.33154296875, "lowlevel.spectral_centroid.stdev": 363.8227233886719, "lowlevel.spectral_complexity.mean": 9.4995698928833, "lowlevel.spectral_complexity.stdev": 5.591783046722412, "lowlevel.spectral_decrease.mean": -1.5568819122790956e-08, "lowlevel.spectral_decrease.stdev": 7.834053405986197e-09, "lowlevel.spectral_energy.mean": 0.0601644329726696, "lowlevel.spectral_energy.stdev": 0.03009592555463314, "lowlevel.spectral_energyband_high.mean": 0.00037093894206918776, "lowlevel.spectral_energyband_high.stdev": 0.0008695349097251892, "lowlevel.spectral_energyband_low.mean": 0.04419626668095589, "lowlevel.spectral_energyband_low.stdev": 0.02605545148253441, "lowlevel.spectral_energyband_middle_high.mean": 0.0014905539574101567, "lowlevel.spectral_energyband_middle_high.stdev": 0.002314134268090129, "lowlevel.spectral_energyband_middle_low.mean": 0.01886162720620632, "lowlevel.spectral_energyband_middle_low.stdev": 0.015885096043348312, "lowlevel.spectral_entropy.mean": 6.761857509613037, "lowlevel.spectral_entropy.stdev": 0.6567296385765076, "lowlevel.spectral_flux.mean": 0.07689208537340164, "lowlevel.spectral_flux.stdev": 0.05598657205700874, "lowlevel.spectral_kurtosis.mean": 9.587043762207031, "lowlevel.spectral_kurtosis.stdev": 8.215814590454102, "lowlevel.spectral_rms.mean": 0.007435197476297617, "lowlevel.spectral_rms.stdev": 0.0018479058053344488, "lowlevel.spectral_rolloff.mean": 318.1279296875, "lowlevel.spectral_rolloff.stdev": 518.9190063476562, "lowlevel.spectral_skewness.mean": 2.1902389526367188, "lowlevel.spectral_skewness.stdev": 0.8967345356941223, "lowlevel.spectral_spread.mean": 4341940.5, "lowlevel.spectral_spread.stdev": 2492070.5, "lowlevel.spectral_strongpeak.mean": 0.8061042428016663, "lowlevel.spectral_strongpeak.stdev": 0.8559405207633972, "lowlevel.zerocrossingrate.mean": 0.02460845187306404, "lowlevel.zerocrossingrate.stdev": 0.027107875794172287, "metadata.audio_properties.analysis.equal_loudness": 0.0, "metadata.audio_properties.analysis.length": 26.964284896850586, "metadata.audio_properties.analysis.sample_rate": 44100.0, "metadata.audio_properties.analysis.start_time": 0.0, "metadata.audio_properties.bit_rate": 120960.0, "metadata.audio_properties.length": 26.965333938598633, "metadata.audio_properties.lossless": 0.0, "metadata.audio_properties.number_channels": 1.0, "metadata.audio_properties.replay_gain": -10.239023208618164, "metadata.audio_properties.sample_rate": 48000.0, "rhythm.beats_count": 53.0, "rhythm.beats_loudness.mean": 0.08239126205444336, "rhythm.beats_loudness.stdev": 0.02078484185039997, "rhythm.bpm": 119.97394561767578, "rhythm.bpm_histogram_first_peak_bpm": 120.0, "rhythm.bpm_histogram_first_peak_weight": 0.3333333730697632, "rhythm.bpm_histogram_second_peak_bpm": 115.0, "rhythm.bpm_histogram_second_peak_spread": 0.0, "rhythm.bpm_histogram_second_peak_weight": 0.01923076994717121, "rhythm.danceability": 1.6766661405563354, "rhythm.onset_rate": 3.4838573932647705, "tonal.chords_changes_rate": 0.04295532777905464, "tonal.chords_number_rate": 0.008591065183281898, "tonal.chords_strength.mean": 0.5458938479423523, "tonal.chords_strength.stdev": 0.07195840775966644, "tonal.hpcp_crest.mean": 13.568798065185547, "tonal.hpcp_crest.stdev": 4.42941951751709, "tonal.hpcp_entropy.mean": 1.8543554544448853, "tonal.hpcp_entropy.stdev": 0.5579126477241516, "tonal.key_edma.strength": 0.6287230253219604, "tonal.key_krumhansl.strength": 0.6204767227172852, "tonal.key_temperley.strength": 0.6112440824508667, "tonal.tuning_diatonic_strength": 0.6244217753410339, "tonal.tuning_equal_tempered_deviation": 0.24129903316497803, "tonal.tuning_frequency": 434.193115234375, "tonal.tuning_nontempered_energy_ratio": 0.9555075764656067, "lowlevel.barkbands.mean": [0.002030509989708662, 0.018245093524456024, 0.019315190613269806, 0.0061694481410086155, 0.004937398247420788, 0.0006677757482975721, 0.0017474497435614467, 0.004463453311473131, 0.0005618483410216868, 0.00044216724927537143, 6.699909863527864e-05, 6.824355659773573e-05, 7.996900239959359e-05, 0.00022832222748547792, 0.0001758524595061317, 0.00012655275349970907, 0.00021624634973704815, 0.0001194581636809744, 8.071231422945857e-05, 8.485854777973145e-05, 5.618128489004448e-05, 4.961659578839317e-05, 6.053662218619138e-05, 4.0665818232810125e-05, 5.821944068884477e-05, 7.013687718426809e-05, 1.5741721881568083e-06], "lowlevel.barkbands.stdev": [0.004142925143241882, 0.01655428484082222, 0.01242908276617527, 0.004416160751134157, 0.006496521644294262, 0.0017141002463176847, 0.003951147198677063, 0.008267032913863659, 0.0013972806045785546, 0.00135355768725276, 0.00019990632426925004, 0.000287530361674726, 0.00022811541566625237, 0.0009061764576472342, 0.0005431622848846018, 0.0002289497060701251, 0.0003768193710129708, 0.00019221891125198454, 0.00017709996609482914, 0.00025142787490040064, 0.00013163514086045325, 0.00012846682511735708, 0.00017298395687248558, 0.00012069795775460079, 0.00019414661801420152, 0.00026579320547170937, 5.170498297957238e-06], "lowlevel.erbbands.mean": [0.43976548314094543, 4.456782817840576, 23.29418182373047, 21.37224769592285, 13.384628295898438, 16.5302677154541, 14.439483642578125, 5.045328617095947, 11.157296180725098, 100.16912078857422, 44.19174575805664, 13.841034889221191, 19.20035743713379, 3.6123390197753906, 3.0521039962768555, 2.9386351108551025, 4.175631999969482, 7.692322254180908, 11.920907020568848, 7.515030384063721, 9.172452926635742, 10.95197868347168, 7.257749557495117, 5.286548614501953, 4.032214641571045, 3.859874725341797, 2.5591204166412354, 2.007725715637207, 1.8641712665557861, 1.9954463243484497, 1.5230532884597778, 0.9315822720527649, 0.6858198046684265, 0.6102792620658875, 0.4267904758453369, 0.29546675086021423, 0.13181450963020325, 0.017618432641029358, 0.0003703826805576682, 7.867670501582325e-05], "lowlevel.erbbands.stdev": [0.8146190643310547, 3.1248607635498047, 13.213412284851074, 11.658194541931152, 16.919124603271484, 23.7012882232666, 25.18393325805664, 14.31569766998291, 29.029003143310547, 179.9625701904297, 83.32252502441406, 25.214025497436523, 54.265316009521484, 8.367528915405273, 8.127127647399902, 10.99144172668457, 12.271717071533203, 23.596946716308594, 38.73468780517578, 17.45058250427246, 14.267285346984863, 18.72955322265625, 11.74721622467041, 8.93759536743164, 11.4618558883667, 10.700620651245117, 5.436931610107422, 4.953726768493652, 5.033365249633789, 5.508301734924316, 4.376101016998291, 2.802396059036255, 2.071262836456299, 2.004547357559204, 1.489073395729065, 1.1510589122772217, 0.5025373101234436, 0.05967099219560623, 0.0011077566305175424, 5.492973650689237e-05], "lowlevel.gfcc.mean": [-39.66782760620117, 126.38255310058594, -66.13890075683594, 45.20698165893555, -30.18134307861328, 0.9387455582618713, -30.699323654174805, 20.865320205688477, -13.095653533935547, 0.08282764256000519, -26.389583587646484, -12.554008483886719, -18.76914405822754], "lowlevel.melbands.mean": [0.00427419226616621, 0.009742030873894691, 0.0033613592386245728, 0.0009798806859180331, 0.0006284278351813555, 0.00011203669419046491, 0.00019627662550192326, 0.0011754489969462156, 0.00026993537903763354, 7.909754640422761e-05, 9.427207987755537e-05, 1.4006854144099634e-05, 9.928298823069781e-06, 6.351303909468697e-06, 1.028009137371555e-05, 7.72390740166884e-06, 1.6399568266933784e-05, 2.094209412462078e-05, 1.3633604794449639e-05, 7.887259926064871e-06, 1.1874299161718227e-05, 1.2227743354742415e-05, 7.659088623768184e-06, 5.898493327549659e-06, 4.1397511267859954e-06, 2.6899228942056652e-06, 3.3871237974381074e-06, 2.3003640308161266e-06, 1.6218513110288768e-06, 1.4088387843003147e-06, 1.066945401362318e-06, 1.0934014653685153e-06, 8.994180689114728e-07, 1.2244643130543409e-06, 9.103316074288159e-07, 6.734052249157685e-07, 5.342286613085889e-07, 4.561978528272448e-07, 5.135935907674138e-07, 5.094079824630171e-07], "lowlevel.melbands.stdev": [0.005591635592281818, 0.005151763092726469, 0.0019200375536456704, 0.001329775550402701, 0.0010100662475451827, 0.00031951189157553017, 0.0005002075340598822, 0.0020828344859182835, 0.000542137015145272, 0.00017005158588290215, 0.00027057118131779134, 3.990182813140564e-05, 2.9935245038359426e-05, 1.7286722140852362e-05, 4.507894118432887e-05, 2.3425543986377306e-05, 5.4751213610870764e-05, 8.041796536417678e-05, 4.487596015678719e-05, 1.5737668945803307e-05, 1.9895955119864084e-05, 2.1392675989773124e-05, 1.3963151104690041e-05, 1.0120534170710016e-05, 7.543707852164516e-06, 6.6198363128933124e-06, 1.2891352525912225e-05, 5.653129846905358e-06, 3.3414369227102725e-06, 3.489448090476799e-06, 2.765033741525258e-06, 3.013517471117666e-06, 2.4521450541215017e-06, 3.5550481243262766e-06, 2.669863306437037e-06, 2.0151758235442685e-06, 1.6735781400711858e-06, 1.392710032632749e-06, 1.6632770893920679e-06, 1.73047862972453e-06], "lowlevel.melbands128.mean": [0.00187555025331676, 0.004016709513962269, 0.0030108378268778324, 0.008858746849000454, 0.013608989305794239, 0.007617773953825235, 0.0047452859580516815, 0.0021160205360502005, 0.001253091380931437, 0.0007939533679746091, 0.0008997235563583672, 0.0011248153168708086, 0.00046743120765313506, 0.00016742981097195297, 9.808329195948318e-05, 8.115910895867273e-05, 0.00011564281157916412, 0.00012064759357599542, 0.00034291332121938467, 0.0014411939773708582, 0.0015982455806806684, 0.0004085908003617078, 8.772605360718444e-05, 9.758071973919868e-05, 9.068030340131372e-05, 5.4836011258885264e-05, 9.500945452600718e-05, 0.00013865070650354028, 5.570889334194362e-05, 9.48653178056702e-06, 4.299261490814388e-06, 6.9143388827797025e-06, 1.230322686751606e-05, 1.1152433216921054e-05, 5.7354413911525626e-06, 4.041278316435637e-06, 7.681112947466318e-06, 1.3527858754969202e-05, 8.76347166922642e-06, 1.0133697287528776e-05, 6.707878128509037e-06, 4.982015070709167e-06, 1.2971708201803267e-05, 1.9271097698947415e-05, 3.71853711840231e-05, 1.1259967322985176e-05, 1.843727113737259e-05, 1.7948517779586837e-05, 9.62115609581815e-06, 7.667949830647558e-06, 7.388475296465913e-06, 7.900111995695625e-06, 1.0181349352933466e-05, 1.3253890756459441e-05, 1.6992586097330786e-05, 9.535256140225101e-06, 1.2156523553130683e-05, 8.927435374062043e-06, 4.929083388560684e-06, 7.316419669223251e-06, 5.95878054809873e-06, 4.900664407614386e-06, 5.503099600900896e-06, 3.381419219294912e-06, 2.9085194910294376e-06, 2.737096792770899e-06, 2.3910918116598623e-06, 2.9174254905228736e-06, 4.205915047350572e-06, 3.4143586162826978e-06, 1.9437813989497954e-06, 2.0223001229169313e-06, 1.7454524368076818e-06, 1.583739845045784e-06, 1.3736328128288733e-06, 1.5703996041338542e-06, 1.3958119779999834e-06, 1.027613848236797e-06, 1.1118228258055751e-06, 9.08181846170919e-07, 1.1974161679972894e-06, 1.1954223282373277e-06, 8.391737651436415e-07, 8.488752882840345e-07, 8.815929959382629e-07, 1.315191070716537e-06, 1.3545869705922087e-06, 1.0329854376323055e-06, 8.732380365472636e-07, 8.54118695770012e-07, 7.485272135454579e-07, 6.198652044986375e-07, 5.25185839705955e-07, 5.684080406354042e-07, 5.083226142232888e-07, 4.753697169235238e-07, 4.138585723012511e-07, 4.80971209526615e-07, 4.859950877289521e-07, 5.765635933130397e-07, 5.197769041842548e-07, 5.188570071368304e-07, 4.457680233826977e-07, 5.209281539464428e-07, 4.38556497783793e-07, 4.975247520633275e-07, 4.886212536803214e-07, 4.936669029120822e-07, 5.206223931963905e-07, 5.336862045624002e-07, 5.431533054434112e-07, 4.892259539701627e-07, 4.04885668103816e-07, 3.972682520725357e-07, 2.9380066735029686e-07, 2.1638105351939885e-07, 6.343083214233047e-08, 5.941792391439549e-09, 1.1279476658243581e-10, 1.0877210590565234e-11, 1.0254740633042214e-11, 9.116075082304942e-12, 8.696733437563164e-12, 8.536896016486661e-12, 8.367435216927177e-12, 8.181311531019198e-12, 8.066828455222108e-12, 8.01553007995226e-12], "lowlevel.melbands128.stdev": [0.003869895124807954, 0.008434723131358624, 0.005955585278570652, 0.00585465831682086, 0.007411214057356119, 0.0052954149432480335, 0.0027166111394762993, 0.0017795413732528687, 0.0020158770494163036, 0.0016635633073747158, 0.0014990593772381544, 0.001905831042677164, 0.0010071266442537308, 0.0005086924065835774, 0.00041094355401583016, 0.00021683156955987215, 0.0003671924350783229, 0.0006983986822888255, 0.0010055077727884054, 0.0029095332138240337, 0.003148689167574048, 0.0012335882056504488, 0.00038839239277876914, 0.000413735891925171, 0.0001704051101114601, 0.00029267967329360545, 0.00032780313631519675, 0.0004818412126041949, 0.0002013819757848978, 3.367075260030106e-05, 1.2753742339555174e-05, 3.0098251954768784e-05, 4.915528552373871e-05, 3.104427378275432e-05, 2.3767184757161885e-05, 1.2846107892983127e-05, 3.402080983505584e-05, 9.312800830230117e-05, 3.0239418265409768e-05, 4.6121022023726255e-05, 2.7232457796344534e-05, 1.4044650015421212e-05, 6.134253635536879e-05, 7.271751383086666e-05, 0.00022938493930269033, 4.6723154810024425e-05, 8.282087947009131e-05, 8.932590571930632e-05, 3.496076897135936e-05, 2.6915158741758205e-05, 2.0436704289750196e-05, 2.025285539275501e-05, 2.1610845578834414e-05, 2.931314338638913e-05, 4.097231067134999e-05, 2.3225939003168605e-05, 3.2438118068967015e-05, 2.4126893549691886e-05, 1.0927302355412394e-05, 1.6827114450279623e-05, 1.4801403267483693e-05, 9.622842298995238e-06, 1.1069214451708831e-05, 8.654214980197139e-06, 6.556733751494903e-06, 7.79266883910168e-06, 6.978484634601045e-06, 1.1135704880871344e-05, 2.0393423255882226e-05, 1.1803947018051986e-05, 4.984298357157968e-06, 4.673614967032336e-06, 3.7707604860770516e-06, 3.5679943266586633e-06, 3.6389849356055493e-06, 4.0246222852147184e-06, 3.938337613362819e-06, 2.7290996058582095e-06, 3.39952930517029e-06, 2.292591489094775e-06, 3.3245523809455335e-06, 3.820950951194391e-06, 2.5993822418968193e-06, 2.574966856627725e-06, 2.4368644062633393e-06, 4.121834081161069e-06, 4.448145773494616e-06, 3.131850007775938e-06, 2.7996418339171214e-06, 2.7733115075534442e-06, 2.3685286123509286e-06, 2.037251078945701e-06, 1.726032564874913e-06, 2.0587604012689553e-06, 1.675155658631411e-06, 1.592607873135421e-06, 1.29946306515194e-06, 1.663014813857444e-06, 1.6102055724331876e-06, 2.3008039988781093e-06, 1.8173263924836647e-06, 1.8554572989160079e-06, 1.8018938590103062e-06, 2.0703660084109288e-06, 1.7270485841436312e-06, 1.8459850252838805e-06, 1.6919080962907174e-06, 2.1359701349865645e-06, 2.3152540506998776e-06, 2.2271069610724226e-06, 2.379344778091763e-06, 2.155495849365252e-06, 1.5120980378924287e-06, 1.6573471839365084e-06, 1.1003227200490073e-06, 7.537328770013119e-07, 1.9267415041213098e-07, 2.968545942394485e-08, 1.6825655313468246e-09, 4.7289672178152387e-11, 3.5453643493221776e-11, 1.2615272541871558e-11, 1.0805513601941374e-11, 1.0614564782684965e-11, 1.0456265193969916e-11, 1.0330958311044469e-11, 1.024004752520069e-11, 1.0183957843690195e-11], "lowlevel.mfcc.mean": [-703.8018798828125, 160.49476623535156, 25.61273765563965, 54.299110412597656, 25.570363998413086, 1.2473505735397339, 1.2348377704620361, 8.954891204833984, 14.579550743103027, 10.852714538574219, 6.400303363800049, 6.097225666046143, -3.7708394527435303], "lowlevel.spectral_contrast_coeffs.mean": [-0.632554292678833, -0.700269341468811, -0.7784369587898254, -0.7999964356422424, -0.7951409816741943, -0.7676024436950684], "lowlevel.spectral_contrast_coeffs.stdev": [0.061420511454343796, 0.11138938367366791, 0.07399523258209229, 0.05610618367791176, 0.04428591579198837, 0.044574569910764694], "lowlevel.spectral_contrast_valleys.mean": [-6.276864051818848, -7.201207160949707, -8.388693809509277, -8.387346267700195, -8.252392768859863, -11.371075630187988], "lowlevel.spectral_contrast_valleys.stdev": [0.7240555882453918, 0.651680052280426, 0.7082727551460266, 0.7258466482162476, 0.8927183747291565, 1.313453197479248], "rhythm.beats_loudness_band_ratio.mean": [0.7740911841392517, 0.12541206181049347, 0.11219798028469086, 0.012013045139610767, 0.013478635810315609, 0.011661026626825333], "rhythm.beats_loudness_band_ratio.stdev": [0.170357808470726, 0.12613706290721893, 0.12702317535877228, 0.02240140736103058, 0.01537246722728014, 0.0186205692589283], "tonal.hpcp.mean": [0.11577923595905304, 0.0976138785481453, 0.016675960272550583, 0.014088818803429604, 0.018685920163989067, 0.019770484417676926, 0.022507011890411377, 0.038513798266649246, 0.07159557938575745, 0.14029861986637115, 0.13063202798366547, 0.05489654093980789, 0.04354097694158554, 0.0386650376021862, 0.024493198841810226, 0.13024581968784332, 0.29361167550086975, 0.21412064135074615, 0.0692567303776741, 0.04448651522397995, 0.02756458707153797, 0.03046111762523651, 0.029607901349663734, 0.025135673582553864, 0.02692311629652977, 0.023118868470191956, 0.019881820306181908, 0.03066064976155758, 0.04956110194325447, 0.09154671430587769, 0.6399455070495605, 0.6972527503967285, 0.13773085176944733, 0.03220123425126076, 0.026860447600483894, 0.04177646338939667], "tonal.hpcp.stdev": [0.30059126019477844, 0.26808881759643555, 0.07257207483053207, 0.07909916341304779, 0.09308107942342758, 0.09621560573577881, 0.08100538700819016, 0.12224092334508896, 0.17882998287677765, 0.28080087900161743, 0.2680845558643341, 0.16310806572437286, 0.16837722063064575, 0.15717869997024536, 0.09081489592790604, 0.14104175567626953, 0.23521214723587036, 0.21223610639572144, 0.19883646070957184, 0.15294773876667023, 0.11361504346132278, 0.11528167873620987, 0.10475078970193863, 0.11059047281742096, 0.1392114758491516, 0.12190058827400208, 0.10552336275577545, 0.13904717564582825, 0.1850057691335678, 0.18900586664676666, 0.3587726056575775, 0.3805466294288635, 0.18226869404315948, 0.1116042360663414, 0.11558087915182114, 0.14032936096191406], "rhythm.beats_position": [0.4411791265010834, 0.8939682245254517, 1.3583673238754272, 1.834376335144043, 2.3336052894592285, 2.832834482192993, 3.3436734676361084, 3.8312923908233643, 4.342131614685059, 4.841360569000244, 5.34058952331543, 5.8282084465026855, 6.339047431945801, 6.838276386260986, 7.337505340576172, 7.848344326019287, 8.335963249206543, 8.846802711486816, 9.346031188964844, 9.845260620117188, 10.344490051269531, 10.843718528747559, 11.342947959899902, 11.84217643737793, 12.341405868530273, 12.8406343460083, 13.339863777160645, 13.839092254638672, 14.338321685791016, 14.83755111694336, 15.336779594421387, 15.83600902557373, 16.335237503051758, 16.84607696533203, 17.345306396484375, 17.832923889160156, 18.3321533203125, 18.831382751464844, 19.342222213745117, 19.82984161376953, 20.340679168701172, 20.839908599853516, 21.33913803100586, 21.826757431030273, 22.337596893310547, 22.836824417114258, 23.3360538482666, 23.835283279418945, 24.33451271057129, 24.833740234375, 25.332969665527344, 25.843809127807617, 26.36625862121582], "rhythm.bpm_histogram": [0.0, 0.0, 0.0, 0.0, 0.0, 0.0, 0.0, 0.0, 0.0, 0.0, 0.0, 0.0, 0.0, 0.0, 0.0, 0.0, 0.0, 0.0, 0.0, 0.0, 0.0, 0.0, 0.0, 0.0, 0.0, 0.0, 0.0, 0.0, 0.0, 0.0, 0.0, 0.0, 0.0, 0.0, 0.0, 0.0, 0.0, 0.0, 0.0, 0.0, 0.0, 0.0, 0.0, 0.0, 0.0, 0.0, 0.0, 0.0, 0.0, 0.0, 0.0, 0.0, 0.0, 0.0, 0.0, 0.0, 0.0, 0.0, 0.0, 0.0, 0.0, 0.0, 0.0, 0.0, 0.0, 0.0, 0.0, 0.0, 0.0, 0.0, 0.0, 0.0, 0.0, 0.0, 0.0, 0.0, 0.0, 0.0, 0.0, 0.0, 0.0, 0.0, 0.0, 0.0, 0.0, 0.0, 0.0, 0.0, 0.0, 0.0, 0.0, 0.0, 0.0, 0.0, 0.0, 0.0, 0.0, 0.0, 0.0, 0.0, 0.0, 0.0, 0.0, 0.0, 0.0, 0.0, 0.0, 0.0, 0.0, 0.0, 0.0, 0.0, 0.0, 0.0, 0.0, 0.01923076994717121, 0.0, 0.19230769574642181, 0.0, 0.0, 0.6153846383094788, 0.0, 0.0, 0.11538461595773697, 0.0, 0.0, 0.01923076994717121, 0.0, 0.0, 0.01923076994717121, 0.0, 0.0, 0.0, 0.01923076994717121, 0.0, 0.0, 0.0, 0.0, 0.0, 0.0, 0.0, 0.0, 0.0, 0.0, 0.0, 0.0, 0.0, 0.0, 0.0, 0.0, 0.0, 0.0, 0.0, 0.0, 0.0, 0.0, 0.0, 0.0, 0.0, 0.0, 0.0, 0.0, 0.0, 0.0, 0.0, 0.0, 0.0, 0.0, 0.0, 0.0, 0.0, 0.0, 0.0, 0.0, 0.0, 0.0, 0.0, 0.0, 0.0, 0.0, 0.0, 0.0, 0.0, 0.0, 0.0, 0.0, 0.0, 0.0, 0.0, 0.0, 0.0, 0.0, 0.0, 0.0, 0.0, 0.0, 0.0, 0.0, 0.0, 0.0, 0.0, 0.0, 0.0, 0.0, 0.0, 0.0, 0.0, 0.0, 0.0, 0.0, 0.0, 0.0, 0.0, 0.0, 0.0, 0.0, 0.0, 0.0, 0.0, 0.0, 0.0, 0.0, 0.0, 0.0, 0.0, 0.0, 0.0, 0.0, 0.0, 0.0, 0.0, 0.0, 0.0, 0.0, 0.0, 0.0, 0.0, 0.0, 0.0, 0.0, 0.0, 0.0, 0.0, 0.0, 0.0, 0.0, 0.0, 0.0, 0.0, 0.0], "tonal.chords_histogram": [11.168384552001953, 0.0, 0.0, 0.0, 0.0, 0.0, 0.0, 0.0, 0.0, 0.0, 0.0, 0.0, 0.0, 0.0, 0.0, 29.553264617919922, 2.4054982662200928, 1.7182130813598633, 0.0, 0.0, 0.0, 0.34364262223243713, 54.12371063232422, 0.6872852444648743], "tonal.thpcp": [1.0, 0.19753360748291016, 0.046183016151189804, 0.03852325677871704, 0.05991581082344055, 0.16605059802532196, 0.13999783992767334, 0.023916665464639664, 0.020206186920404434, 0.02679934911429882, 0.028354831039905548, 0.03227955847978592, 0.05523649603128433, 0.10268238931894302, 0.20121629536151886, 0.1873524785041809, 0.07873262465000153, 0.0624464750289917, 0.05545340105891228, 0.0351281501352787, 0.1867985725402832, 0.42109790444374084, 0.3070918619632721, 0.09932801127433777, 0.063802570104599, 0.039533134549856186, 0.04368733987212181, 0.04246365651488304, 0.03604958578944206, 0.03861313685774803, 0.03315708413720131, 0.02851451002061367, 0.04397350922226906, 0.07108054310083389, 0.131296306848526, 0.9178099632263184], "lowlevel.gfcc.cov": [[5829.81201171875, -1747.5421142578125, -292.60772705078125, 11.774052619934082, -788.2753295898438, 142.61990356445312, -555.0634765625, 182.60203552246094, -351.2846984863281, 525.8099975585938, -271.6187744140625, 288.5345458984375, -295.3958435058594], [-1747.5421142578125, 2101.802490234375, -653.1279296875, -290.1138000488281, 586.8897094726562, -449.0149841308594, 263.7994384765625, -122.17086791992188, 226.29518127441406, -276.3902587890625, 285.8883056640625, -286.3502197265625, 301.84002685546875], [-292.60772705078125, -653.1279296875, 813.4866943359375, 58.69087600708008, -93.63592529296875, 220.42466735839844, -41.16465377807617, 93.78630828857422, -18.63749885559082, 54.425167083740234, -128.20057678222656, 99.19715881347656, -137.81919860839844], [11.774052619934082, -290.1138000488281, 58.69087600708008, 469.9443359375, -100.61976623535156, 45.172401428222656, 32.32729721069336, -52.5755500793457, 18.876506805419922, -88.26221466064453, 69.47584533691406, 71.44336700439453, 53.4488639831543], [-788.2753295898438, 586.8897094726562, -93.63592529296875, -100.61976623535156, 362.4576110839844, -90.48416900634766, 120.39519500732422, 12.855807304382324, 61.345088958740234, -98.33628845214844, 50.49752426147461, -76.7562026977539, 85.68782043457031], [142.61990356445312, -449.0149841308594, 220.42466735839844, 45.172401428222656, -90.48416900634766, 319.9963073730469, 48.553218841552734, -52.118797302246094, -82.64820098876953, 15.386604309082031, -55.77542495727539, 39.074241638183594, -64.59587097167969], [-555.0634765625, 263.7994384765625, -41.16465377807617, 32.32729721069336, 120.39519500732422, 48.553218841552734, 209.69944763183594, -49.911468505859375, 17.517335891723633, -88.28349304199219, 46.02957534790039, -46.93724060058594, 49.2581787109375], [182.60203552246094, -122.17086791992188, 93.78630828857422, -52.5755500793457, 12.855807304382324, -52.118797302246094, -49.911468505859375, 181.06777954101562, 20.12676239013672, 35.27833557128906, -53.084014892578125, 11.783626556396484, -36.93802261352539], [-351.2846984863281, 226.29518127441406, -18.63749885559082, 18.876506805419922, 61.345088958740234, -82.64820098876953, 17.517335891723633, 20.12676239013672, 152.785888671875, -29.716690063476562, 29.605388641357422, -36.56716537475586, 37.15739440917969], [525.8099975585938, -276.3902587890625, 54.425167083740234, -88.26221466064453, -98.33628845214844, 15.386604309082031, -88.28349304199219, 35.27833557128906, -29.716690063476562, 166.95484924316406, -57.57249069213867, 31.99763298034668, -65.91505432128906], [-271.6187744140625, 285.8883056640625, -128.20057678222656, 69.47584533691406, 50.49752426147461, -55.77542495727539, 46.02957534790039, -53.084014892578125, 29.605388641357422, -57.57249069213867, 134.82191467285156, -11.74483585357666, 66.38997650146484], [288.5345458984375, -286.3502197265625, 99.19715881347656, 71.44336700439453, -76.7562026977539, 39.074241638183594, -46.93724060058594, 11.783626556396484, -36.56716537475586, 31.99763298034668, -11.74483585357666, 112.53272247314453, -25.280963897705078], [-295.3958435058594, 301.84002685546875, -137.81919860839844, 53.4488639831543, 85.68782043457031, -64.59587097167969, 49.2581787109375, -36.93802261352539, 37.15739440917969, -65.91505432128906, 66.38997650146484, -25.280963897705078, 126.38829803466797]], "lowlevel.gfcc.icov": [[0.0005389056750573218, -0.0004202772688586265, 0.0007399025489576161, -0.0006172663415782154, 0.0006015374092385173, -0.0007293739472515881, 0.000753911561332643, -0.000853894860483706, 0.0006749943131580949, -0.0011398257920518517, 0.0008836036431603134, -0.0008794661262072623, 0.000574156001675874], [-0.0004202772688586265, 0.006174794398248196, -0.0005515771335922182, 0.004975545220077038, -0.0029618311673402786, 0.0052747661247849464, -0.002754177199676633, 0.0036502976436167955, -0.0025951748248189688, 0.004690590780228376, -0.006362173240631819, 0.004985556937754154, -0.004041886422783136], [0.0007399025489576161, -0.0005515771335922182, 0.0032348870299756527, -0.001204948639497161, 0.0003566509985830635, -0.002394669456407428, 0.0012304355623200536, -0.001998894615098834, -7.76035085436888e-05, -0.0013358243741095066, 0.0021450379863381386, -0.0025054358411580324, 0.0022524078376591206], [-0.0006172663415782154, 0.004975545220077038, -0.001204948639497161, 0.007972914725542068, -0.0007289482746273279, 0.00423966720700264, -0.0030879660043865442, 0.0033734431490302086, -0.0032165730372071266, 0.006435681600123644, -0.006534885615110397, 0.0019445887301117182, -0.005036717746406794], [0.0006015374092385173, -0.0029618311673402786, 0.0003566509985830635, -0.0007289482746273279, 0.007334599737077951, -0.0018152717966586351, -0.0006408715853467584, -0.0032276927959173918, 0.001239938079379499, -0.0008931176853366196, 0.002922970103099942, -0.002320480765774846, -0.00024732001475058496], [-0.0007293739472515881, 0.0052747661247849464, -0.002394669456407428, 0.00423966720700264, -0.0018152717966586351, 0.011082682758569717, -0.0054297964088618755, 0.005749147851020098, -0.00038717780262231827, 0.004578225780278444, -0.004085474647581577, 0.0043431539088487625, -0.002498379210010171], [0.000753911561332643, -0.002754177199676633, 0.0012304355623200536, -0.0030879660043865442, -0.0006408715853467584, -0.0054297964088618755, 0.010566547513008118, -0.001679693814367056, 0.0014651009114459157, -0.0010775927221402526, 0.002119335113093257, -0.0006245315307751298, 0.0018065589247271419], [-0.000853894860483706, 0.0036502976436167955, -0.001998894615098834, 0.0033734431490302086, -0.0032276927959173918, 0.005749147851020098, -0.001679693814367056, 0.011036853305995464, -0.0029609231278300285, 0.0034160625655204058, -0.0016247942112386227, 0.0026543913409113884, -0.001276277587749064], [0.0006749943131580949, -0.0025951748248189688, -7.76035085436888e-05, -0.0032165730372071266, 0.001239938079379499, -0.00038717780262231827, 0.0014651009114459157, -0.0029609231278300285, 0.010748252272605896, -0.0030522290617227554, 0.0021435751114040613, 0.0004382606712169945, 0.0007860806654207408], [-0.0011398257920518517, 0.004690590780228376, -0.0013358243741095066, 0.006435681600123644, -0.0008931176853366196, 0.004578225780278444, -0.0010775927221402526, 0.0034160625655204058, -0.0030522290617227554, 0.015673227608203888, -0.004431352950632572, 0.002639079000800848, -0.0017535875085741282], [0.0008836036431603134, -0.006362173240631819, 0.0021450379863381386, -0.006534885615110397, 0.002922970103099942, -0.004085474647581577, 0.002119335113093257, -0.0016247942112386227, 0.0021435751114040613, -0.004431352950632572, 0.01989346370100975, -0.007212888915091753, 0.0021575104910880327], [-0.0008794661262072623, 0.004985556937754154, -0.0025054358411580324, 0.0019445887301117182, -0.002320480765774846, 0.0043431539088487625, -0.0006245315307751298, 0.0026543913409113884, 0.0004382606712169945, 0.002639079000800848, -0.007212888915091753, 0.018939903005957603, -0.003879422089084983], [0.000574156001675874, -0.004041886422783136, 0.0022524078376591206, -0.005036717746406794, -0.00024732001475058496, -0.002498379210010171, 0.0018065589247271419, -0.001276277587749064, 0.0007860806654207408, -0.0017535875085741282, 0.0021575104910880327, -0.003879422089084983, 0.018251733854413033]], "lowlevel.mfcc.cov": [[5133.44384765625, -1750.5517578125, -37.131553649902344, -255.10728454589844, -339.2945251464844, -97.75401306152344, -222.96144104003906, -316.43402099609375, -224.7967987060547, 6.05165958404541, -44.441932678222656, -116.728515625, -1.864524245262146], [-1750.5517578125, 2109.224853515625, -854.1904907226562, 75.1746597290039, 155.1964874267578, -194.91500854492188, 104.15878295898438, -33.05178451538086, 89.77389526367188, 68.79267120361328, -25.787460327148438, 83.2661361694336, -85.27052307128906], [-37.131553649902344, -854.1904907226562, 857.0280151367188, -70.13372039794922, 1.4784778356552124, 133.35621643066406, -46.30890655517578, 78.84782409667969, 4.006494998931885, -53.154762268066406, 67.8875961303711, 4.171340465545654, 62.110748291015625], [-255.10728454589844, 75.1746597290039, -70.13372039794922, 329.0243225097656, 38.84706497192383, -68.30078887939453, -20.634145736694336, 46.282833099365234, 11.102380752563477, -55.21468734741211, -22.92638397216797, 46.86981201171875, 50.185394287109375], [-339.2945251464844, 155.1964874267578, 1.4784778356552124, 38.84706497192383, 173.38568115234375, -65.65052795410156, -12.69698429107666, 26.46206283569336, 45.739280700683594, -3.288510322570801, 4.4801788330078125, 31.48513412475586, 4.749941825866699], [-97.75401306152344, -194.91500854492188, 133.35621643066406, -68.30078887939453, -65.65052795410156, 286.1912841796875, 76.84414672851562, 44.43429183959961, -34.691993713378906, -4.880809783935547, -7.5017900466918945, -57.99982452392578, -7.37270975112915], [-222.96144104003906, 104.15878295898438, -46.30890655517578, -20.634145736694336, -12.69698429107666, 76.84414672851562, 177.4696807861328, 51.66950988769531, -14.398971557617188, -0.033777154982089996, -14.138744354248047, -29.45764923095703, -28.03734588623047], [-316.43402099609375, -33.05178451538086, 78.84782409667969, 46.282833099365234, 26.46206283569336, 44.43429183959961, 51.66950988769531, 155.8810577392578, 24.464183807373047, -20.869121551513672, 0.0710759237408638, 7.303945541381836, 4.9757161140441895], [-224.7967987060547, 89.77389526367188, 4.006494998931885, 11.102380752563477, 45.739280700683594, -34.691993713378906, -14.398971557617188, 24.464183807373047, 114.02442169189453, 27.577983856201172, 7.8598313331604, 2.16738224029541, 0.32591861486434937], [6.05165958404541, 68.79267120361328, -53.154762268066406, -55.21468734741211, -3.288510322570801, -4.880809783935547, -0.033777154982089996, -20.869121551513672, 27.577983856201172, 129.88714599609375, 10.504042625427246, -33.07234191894531, -42.943572998046875], [-44.441932678222656, -25.787460327148438, 67.8875961303711, -22.92638397216797, 4.4801788330078125, -7.5017900466918945, -14.138744354248047, 0.0710759237408638, 7.8598313331604, 10.504042625427246, 81.06401824951172, 18.365331649780273, 2.7353363037109375], [-116.728515625, 83.2661361694336, 4.171340465545654, 46.86981201171875, 31.48513412475586, -57.99982452392578, -29.45764923095703, 7.303945541381836, 2.16738224029541, -33.07234191894531, 18.365331649780273, 95.33899688720703, 31.112821578979492], [-1.864524245262146, -85.27052307128906, 62.110748291015625, 50.185394287109375, 4.749941825866699, -7.37270975112915, -28.03734588623047, 4.9757161140441895, 0.32591861486434937, -42.943572998046875, 2.7353363037109375, 31.112821578979492, 89.5315170288086]], "lowlevel.mfcc.icov": [[0.0005441763205453753, 0.0006912656244821846, 0.0006241230876185, 0.0003833873779512942, 0.000369716202840209, 0.0004505897231865674, 0.0002231509133707732, 0.0005107230972498655, 0.00034669580054469407, 9.023641905514523e-05, 0.00011666779755614698, -1.0583376933936961e-05, 0.00012294584303162992], [0.0006912656244821846, 0.0019202700350433588, 0.001790194888599217, 0.0005484478897415102, -0.0002085941086988896, 0.0005113421357236803, -0.00031454992131330073, 0.0008079009130597115, -0.0002203960611950606, 3.190630013705231e-05, -0.00010013083374360576, -0.0011224820045754313, 0.0006129475659690797], [0.0006241230876185, 0.001790194888599217, 0.0033436284866183996, 0.0010135371703654528, -0.000435513851698488, -0.0003075747808907181, 0.0005825689877383411, -0.00021154629939701408, -0.00023626019537914544, 0.0006257453351281583, -0.0013976856134831905, -0.0006681836675852537, -0.00040183888631872833], [0.0003833873779512942, 0.0005484478897415102, 0.0010135371703654528, 0.004425589926540852, -3.0345758204930462e-05, 0.0010100904619321227, 0.0005896580405533314, -0.0012307746801525354, 0.00022293553047347814, 0.000983899342827499, 0.0010414838325232267, -0.0006549558020196855, -0.0016487420070916414], [0.000369716202840209, -0.0002085941086988896, -0.000435513851698488, -3.0345758204930462e-05, 0.008051186800003052, 0.0016777015989646316, 0.00034135981695726514, -0.0006874048849567771, -0.001708892290480435, 0.00027931129443459213, 0.0005883825942873955, -0.0009289777372032404, 0.00042932803626172245], [0.0004505897231865674, 0.0005113421357236803, -0.0003075747808907181, 0.0010100904619321227, 0.0016777015989646316, 0.005969984922558069, -0.0014253107365220785, -0.0009282612591050565, 0.001432152814231813, 0.00021363842824939638, 0.0004555096966214478, 0.0024900923017412424, -0.000630558468401432], [0.0002231509133707732, -0.00031454992131330073, 0.0005825689877383411, 0.0005896580405533314, 0.00034135981695726514, -0.0014253107365220785, 0.008427316322922707, -0.002790308091789484, 0.0014692139811813831, 0.0007098440546542406, 0.00033943980815820396, 0.0017823305679485202, 0.0013344385661184788], [0.0005107230972498655, 0.0008079009130597115, -0.00021154629939701408, -0.0012307746801525354, -0.0006874048849567771, -0.0009282612591050565, -0.002790308091789484, 0.009902899153530598, -0.00219807680696249, 0.0009199982159771025, 0.00020920105453114957, -0.001455003977753222, 0.0011011153692379594], [0.00034669580054469407, -0.0002203960611950606, -0.00023626019537914544, 0.00022293553047347814, -0.001708892290480435, 0.001432152814231813, 0.0014692139811813831, -0.00219807680696249, 0.012049843557178974, -0.0027584750205278397, -0.0003187062684446573, 0.0018548427615314722, -0.0013746945187449455], [9.023641905514523e-05, 3.190630013705231e-05, 0.0006257453351281583, 0.000983899342827499, 0.00027931129443459213, 0.00021363842824939638, 0.0007098440546542406, 0.0009199982159771025, -0.0027584750205278397, 0.01121582742780447, -0.002026800299063325, 0.0029068598523736, 0.00366205140016973], [0.00011666779755614698, -0.00010013083374360576, -0.0013976856134831905, 0.0010414838325232267, 0.0005883825942873955, 0.0004555096966214478, 0.00033943980815820396, 0.00020920105453114957, -0.0003187062684446573, -0.002026800299063325, 0.015030303969979286, -0.0037242069374769926, 0.00025785836623981595], [-1.0583376933936961e-05, -0.0011224820045754313, -0.0006681836675852537, -0.0006549558020196855, -0.0009289777372032404, 0.0024900923017412424, 0.0017823305679485202, -0.001455003977753222, 0.0018548427615314722, 0.0029068598523736, -0.0037242069374769926, 0.01722467504441738, -0.0038296657148748636], [0.00012294584303162992, 0.0006129475659690797, -0.00040183888631872833, -0.0016487420070916414, 0.00042932803626172245, -0.000630558468401432, 0.0013344385661184788, 0.0011011153692379594, -0.0013746945187449455, 0.00366205140016973, 0.00025785836623981595, -0.0038296657148748636, 0.016324976459145546]], "metadata.audio_properties.analysis.downmix": "mix", "metadata.audio_properties.codec": "mp3", "metadata.audio_properties.md5_encoded": "4ccbc12bc09f2f2e8a413e653a32183c", "metadata.tags.file_name": "1183705974909964328.mp3", "metadata.version.essentia": "2.1-beta6-dev", "metadata.version.essentia_git_sha": "v2.1_beta5-1110-g77a6a954", "metadata.version.extractor": "music 2.0", "tonal.chords_key": "C", "tonal.chords_scale": "major", "tonal.key_edma.key": "B", "tonal.key_edma.scale": "minor", "tonal.key_krumhansl.key": "B", "tonal.key_krumhansl.scale": "minor", "tonal.key_temperley.key": "G", "tonal.key_temperley.scale": "major", "metadata.tags.encoding": ["Lavf58.45.100"]}, "essentia_models": [{"model_name": "genre_dortmund", "activations": {"alternative": "0.25641716", "blues": "0.015815377", "electronic": "0.002792115", "folkcountry": "0.05