{"song_id": "1183668282260209664", "download": "https://cdn.discordapp.com/attachments/1135903449314238464/1183668282260209664/chirp.mp4?ex=65892bfd&amp", "lyrics": "(Instrumental)\n(Verse 2)\n\ucd94\uc5b5 \uc18d\uc758 \uadf8\ub300\uc640 \ud568\uaed8\n\uac77\ub358 \uae38\uc744 \ub5a0\uc62c\ub9ac\ub124\n\ud568\uaed8 \ud588\ub358 \uc2dc\uac04\ub4e4\uc740\n\ub0b4 \uac00\uc2b4\uc5d0 \uc601\uc6d0\ud788 \ub0a8\uc544", "style": ["POP</span><span>, Acoustic</span><span>, Classic</span><span>, Symphony</span><span>,"], "essentia_features": {"lowlevel.average_loudness": 0.900258481502533, "lowlevel.barkbands_crest.mean": 13.901653289794922, "lowlevel.barkbands_crest.stdev": 5.2617058753967285, "lowlevel.barkbands_flatness_db.mean": 0.3202599585056305, "lowlevel.barkbands_flatness_db.stdev": 0.10391271114349365, "lowlevel.barkbands_kurtosis.mean": 17.191301345825195, "lowlevel.barkbands_kurtosis.stdev": 27.047121047973633, "lowlevel.barkbands_skewness.mean": 2.5041139125823975, "lowlevel.barkbands_skewness.stdev": 2.1179442405700684, "lowlevel.barkbands_spread.mean": 6.706628799438477, "lowlevel.barkbands_spread.stdev": 13.312981605529785, "lowlevel.dissonance.mean": 0.3834473788738251, "lowlevel.dissonance.stdev": 0.06362684816122055, "lowlevel.dynamic_complexity": 2.5984649658203125, "lowlevel.erbbands_crest.mean": 10.79455852508545, "lowlevel.erbbands_crest.stdev": 3.53316068649292, "lowlevel.erbbands_flatness_db.mean": 0.25638842582702637, "lowlevel.erbbands_flatness_db.stdev": 0.10166165977716446, "lowlevel.erbbands_kurtosis.mean": 3.4642140865325928, "lowlevel.erbbands_kurtosis.stdev": 4.026162147521973, "lowlevel.erbbands_skewness.mean": 1.0180343389511108, "lowlevel.erbbands_skewness.stdev": 0.9790000319480896, "lowlevel.erbbands_spread.mean": 22.947607040405273, "lowlevel.erbbands_spread.stdev": 22.414520263671875, "lowlevel.hfc.mean": 13.769660949707031, "lowlevel.hfc.stdev": 12.003457069396973, "lowlevel.loudness_ebu128.integrated": -11.31581974029541, "lowlevel.loudness_ebu128.loudness_range": 9.137660026550293, "lowlevel.loudness_ebu128.momentary.mean": -12.567431449890137, "lowlevel.loudness_ebu128.momentary.stdev": 5.589400291442871, "lowlevel.loudness_ebu128.short_term.mean": -12.029668807983398, "lowlevel.loudness_ebu128.short_term.stdev": 3.033350706100464, "lowlevel.melbands_crest.mean": 16.42667007446289, "lowlevel.melbands_crest.stdev": 5.0298967361450195, "lowlevel.melbands_flatness_db.mean": 0.4299207329750061, "lowlevel.melbands_flatness_db.stdev": 0.12585829198360443, "lowlevel.melbands_kurtosis.mean": 28.291187286376953, "lowlevel.melbands_kurtosis.stdev": 50.415428161621094, "lowlevel.melbands_skewness.mean": 2.988035202026367, "lowlevel.melbands_skewness.stdev": 2.4084770679473877, "lowlevel.melbands_spread.mean": 6.843526363372803, "lowlevel.melbands_spread.stdev": 15.231142044067383, "lowlevel.pitch_salience.mean": 0.4738456606864929, "lowlevel.pitch_salience.stdev": 0.14887268841266632, "lowlevel.silence_rate_20dB.mean": 1.0, "lowlevel.silence_rate_20dB.stdev": 0.0, "lowlevel.silence_rate_30dB.mean": 0.8406984806060791, "lowlevel.silence_rate_30dB.stdev": 0.3659631013870239, "lowlevel.silence_rate_60dB.mean": 0.01496792584657669, "lowlevel.silence_rate_60dB.stdev": 0.12142813950777054, "lowlevel.spectral_centroid.mean": 450.4239501953125, "lowlevel.spectral_centroid.stdev": 502.17724609375, "lowlevel.spectral_complexity.mean": 9.398788452148438, "lowlevel.spectral_complexity.stdev": 5.728621959686279, "lowlevel.spectral_decrease.mean": -1.553255124520092e-08, "lowlevel.spectral_decrease.stdev": 1.306137775713978e-08, "lowlevel.spectral_energy.mean": 0.05987238883972168, "lowlevel.spectral_energy.stdev": 0.04980931058526039, "lowlevel.spectral_energyband_high.mean": 0.0002729834523051977, "lowlevel.spectral_energyband_high.stdev": 0.000873809214681387, "lowlevel.spectral_energyband_low.mean": 0.03777748718857765, "lowlevel.spectral_energyband_low.stdev": 0.048398423939943314, "lowlevel.spectral_energyband_middle_high.mean": 0.0013378101866692305, "lowlevel.spectral_energyband_middle_high.stdev": 0.0026545024011284113, "lowlevel.spectral_energyband_middle_low.mean": 0.022041283547878265, "lowlevel.spectral_energyband_middle_low.stdev": 0.017777979373931885, "lowlevel.spectral_entropy.mean": 6.071140289306641, "lowlevel.spectral_entropy.stdev": 0.8749274611473083, "lowlevel.spectral_flux.mean": 0.07387817651033401, "lowlevel.spectral_flux.stdev": 0.08546987920999527, "lowlevel.spectral_kurtosis.mean": 60.51886749267578, "lowlevel.spectral_kurtosis.stdev": 85.0269775390625, "lowlevel.spectral_rms.mean": 0.0069885714910924435, "lowlevel.spectral_rms.stdev": 0.0030938400886952877, "lowlevel.spectral_rolloff.mean": 523.3410034179688, "lowlevel.spectral_rolloff.stdev": 1271.232177734375, "lowlevel.spectral_skewness.mean": 4.981013298034668, "lowlevel.spectral_skewness.stdev": 3.515786647796631, "lowlevel.spectral_spread.mean": 3294807.25, "lowlevel.spectral_spread.stdev": 2594645.25, "lowlevel.spectral_strongpeak.mean": 0.8366156220436096, "lowlevel.spectral_strongpeak.stdev": 0.5727119445800781, "lowlevel.zerocrossingrate.mean": 0.022917896509170532, "lowlevel.zerocrossingrate.stdev": 0.04113095998764038, "metadata.audio_properties.analysis.equal_loudness": 0.0, "metadata.audio_properties.analysis.length": 65.13066101074219, "metadata.audio_properties.analysis.sample_rate": 44100.0, "metadata.audio_properties.analysis.start_time": 0.0, "metadata.audio_properties.bit_rate": 125112.0, "metadata.audio_properties.length": 65.13066864013672, "metadata.audio_properties.lossless": 0.0, "metadata.audio_properties.number_channels": 1.0, "metadata.audio_properties.replay_gain": -13.709598541259766, "metadata.audio_properties.sample_rate": 48000.0, "rhythm.beats_count": 149.0, "rhythm.beats_loudness.mean": 0.08119893074035645, "rhythm.beats_loudness.stdev": 0.06457522511482239, "rhythm.bpm": 138.4052276611328, "rhythm.bpm_histogram_first_peak_bpm": 140.0, "rhythm.bpm_histogram_first_peak_weight": 0.40136051177978516, "rhythm.bpm_histogram_second_peak_bpm": 133.0, "rhythm.bpm_histogram_second_peak_spread": 0.0, "rhythm.bpm_histogram_second_peak_weight": 0.006756756920367479, "rhythm.danceability": 1.1346240043640137, "rhythm.onset_rate": 3.760922908782959, "tonal.chords_changes_rate": 0.03490028530359268, "tonal.chords_number_rate": 0.00498575484380126, "tonal.chords_strength.mean": 0.45201942324638367, "tonal.chords_strength.stdev": 0.09744375944137573, "tonal.hpcp_crest.mean": 15.062481880187988, "tonal.hpcp_crest.stdev": 5.677145957946777, "tonal.hpcp_entropy.mean": 1.6272590160369873, "tonal.hpcp_entropy.stdev": 0.5519511103630066, "tonal.key_edma.strength": 0.8328939080238342, "tonal.key_krumhansl.strength": 0.8361846208572388, "tonal.key_temperley.strength": 0.8376760482788086, "tonal.tuning_diatonic_strength": 0.6113074421882629, "tonal.tuning_equal_tempered_deviation": 0.02819564938545227, "tonal.tuning_frequency": 439.2381896972656, "tonal.tuning_nontempered_energy_ratio": 0.5987772345542908, "lowlevel.barkbands.mean": [0.00018399397959001362, 0.02734283357858658, 0.008750548586249352, 0.0037291105836629868, 0.01006446871906519, 0.001803829800337553, 0.003366297110915184, 0.001536500989459455, 0.001419356558471918, 0.0006662027444690466, 0.00015225335664581507, 0.00011340792843839154, 8.51672884891741e-05, 7.877773168729618e-05, 7.192216435214505e-05, 5.919569593970664e-05, 6.36562253930606e-05, 4.7679292038083076e-05, 4.372975308797322e-05, 4.150421227677725e-05, 3.803437721217051e-05, 4.5774682803312317e-05, 5.332485307008028e-05, 5.241344842943363e-05, 4.7347355575766414e-05, 1.406119827151997e-05, 1.0119697435584385e-06], "lowlevel.barkbands.stdev": [0.00045536819379776716, 0.04071350768208504, 0.015738999471068382, 0.007846875116229057, 0.01043320819735527, 0.00234807888045907, 0.004694892093539238, 0.0024729925207793713, 0.002689722226932645, 0.0012146326480433345, 0.0006104640779085457, 0.0005568647175095975, 0.0003686004492919892, 0.00029848524718545377, 0.0002604624896775931, 0.00022773070668336004, 0.00018681774963624775, 0.00021097747958265245, 0.00024259023484773934, 0.00018532559624873102, 0.00015499061555601656, 0.00017157902766484767, 0.00016387939103879035, 0.00018727564020082355, 0.0001821753685362637, 4.1175648220814764e-05, 4.297643954487285e-06], "lowlevel.erbbands.mean": [0.515263020992279, 6.947923183441162, 12.706016540527344, 10.282326698303223, 26.02490997314453, 35.08323287963867, 19.941617965698242, 16.36632537841797, 33.134727478027344, 46.096580505371094, 39.583526611328125, 42.267086029052734, 11.188921928405762, 22.36492919921875, 6.964407920837402, 4.883874893188477, 4.193926811218262, 4.327991485595703, 3.8346495628356934, 3.362520217895508, 3.6086552143096924, 3.183246374130249, 2.8865058422088623, 2.2025880813598633, 2.206284284591675, 1.96108877658844, 1.6974257230758667, 1.420474886894226, 1.587697148323059, 1.7736315727233887, 1.415879487991333, 1.011230230331421, 0.945838212966919, 0.665703535079956, 0.2555006146430969, 0.08632031083106995, 0.020809931680560112, 0.0031614615581929684, 0.00018137328152079135, 7.010751869529486e-05], "lowlevel.erbbands.stdev": [0.9464247822761536, 10.225208282470703, 18.971647262573242, 21.74327850341797, 33.16274642944336, 41.3489875793457, 22.086429595947266, 23.953149795532227, 38.35422897338867, 60.548065185546875, 72.661376953125, 77.8113021850586, 14.885443687438965, 47.67731475830078, 23.27823257446289, 23.63338851928711, 17.476137161254883, 15.272086143493652, 13.625755310058594, 12.548266410827637, 12.069070816040039, 10.065025329589844, 11.664695739746094, 11.414685249328613, 11.583235740661621, 8.881644248962402, 7.237276554107666, 5.670158863067627, 6.269858360290527, 6.067425727844238, 4.268290996551514, 3.526451587677002, 3.697354793548584, 2.926957607269287, 0.7735196948051453, 0.24772511422634125, 0.06292565912008286, 0.01087610051035881, 0.0007283702143467963, 5.85951711400412e-05], "lowlevel.gfcc.mean": [-99.29466247558594, 174.4929656982422, -54.04316711425781, 5.93680477142334, -49.95397186279297, 2.443549633026123, -38.45317077636719, 8.179336547851562, -10.393962860107422, -10.913721084594727, -15.467408180236816, -4.428226947784424, -3.830188512802124], "lowlevel.melbands.mean": [0.006333630532026291, 0.0075630126520991325, 0.002279292792081833, 0.002338289050385356, 0.0008621832821518183, 0.0003346028970554471, 0.0006078882142901421, 0.0004610844189301133, 0.0003348019963596016, 0.00022235848882701248, 4.7897876356728375e-05, 9.579212201060727e-05, 2.0415944163687527e-05, 1.6028117897803895e-05, 8.485871148877777e-06, 9.036314622790087e-06, 8.133833944157232e-06, 6.023491096129874e-06, 4.941032784699928e-06, 4.392387381813023e-06, 4.278288088244153e-06, 3.359379434186849e-06, 3.0441108265222283e-06, 2.1715459297411144e-06, 1.7261312450500554e-06, 1.65960898357298e-06, 1.4954365497032995e-06, 1.2575995924635208e-06, 1.0782351864691009e-06, 8.680186738274642e-07, 8.219111578000593e-07, 8.90841590717173e-07, 9.057659440259158e-07, 1.0401579402241623e-06, 8.715952048987674e-07, 6.314502343229833e-07, 6.156520839795121e-07, 6.50478909847152e-07, 6.610528657802206e-07, 5.295765959090204e-07], "lowlevel.melbands.stdev": [0.01002525445073843, 0.010149124078452587, 0.0036910928320139647, 0.002608406823128462, 0.0009282734245061874, 0.0004821675247512758, 0.0007611756445840001, 0.000579334213398397, 0.0006080384482629597, 0.00041003801743499935, 7.128471042960882e-05, 0.0002078956604236737, 7.690939673921093e-05, 6.858333654236048e-05, 3.8506561395479366e-05, 4.092407107236795e-05, 3.0254866942414083e-05, 2.2405605704989284e-05, 1.912610423460137e-05, 1.6736505131120794e-05, 1.398917447659187e-05, 1.0306665899406653e-05, 1.1538221770024393e-05, 9.86601116892416e-06, 9.485407645115629e-06, 9.83686277322704e-06, 7.175797691161279e-06, 5.854606570210308e-06, 4.6966506488388404e-06, 3.5752634630625835e-06, 3.3813023492257344e-06, 3.702477670231019e-06, 3.332577307446627e-06, 3.6113481201027753e-06, 2.606335556265549e-06, 2.1500270577234915e-06, 2.2376302695192862e-06, 2.4577043404860888e-06, 3.111018941126531e-06, 2.2460094442067202e-06], "lowlevel.melbands128.mean": [0.00015616540622431785, 0.002620633225888014, 0.009400708600878716, 0.0125687625259161, 0.00834587775170803, 0.0035770053509622812, 0.001767110894434154, 0.0020591788925230503, 0.0027316154446452856, 0.0027018373366445303, 0.001958264736458659, 0.001139368861913681, 0.00066820636857301, 0.0003062264295294881, 0.0004661698476411402, 0.00025164394173771143, 0.00018447989714331925, 0.0007147863507270813, 0.001198519836179912, 0.0003620488569140434, 0.00020383174705784768, 0.0003105797222815454, 0.0003522574552334845, 0.000318995415000245, 0.000441804964793846, 7.026260573184118e-05, 2.3841696020099334e-05, 5.008322114008479e-05, 3.183847002219409e-05, 0.00017916670185513794, 7.994759653229266e-05, 1.814785719034262e-05, 1.5606561646563932e-05, 2.7646021408145316e-05, 1.3358641808736138e-05, 1.6620415408397093e-05, 1.274392707273364e-05, 5.286688065098133e-06, 7.99870122136781e-06, 1.0848970305232797e-05, 1.0255686902382877e-05, 4.139480097364867e-06, 8.790858373686206e-06, 1.0786473467305768e-05, 4.761904619954294e-06, 5.423690254247049e-06, 7.1415288402931765e-06, 4.645482931664446e-06, 4.270337285561254e-06, 4.3865384213859215e-06, 4.424623057275312e-06, 4.5220026549941394e-06, 3.73194939129462e-06, 4.678367076849099e-06, 4.507576250034617e-06, 2.5525623641442508e-06, 3.0169733236107277e-06, 3.5172431580576813e-06, 2.740100853770855e-06, 2.8855672553618206e-06, 2.0770517039636616e-06, 1.8408811683912063e-06, 1.5045404779812088e-06, 1.9159590465278598e-06, 1.688619590822782e-06, 1.6272656466753688e-06, 1.7016850506479386e-06, 1.4714785265823593e-06, 1.5467730918317102e-06, 1.3651011840920546e-06, 1.2509991620390792e-06, 1.2463746088542393e-06, 1.0188326768911793e-06, 1.0688499969546683e-06, 1.1487334177218145e-06, 8.522733310201147e-07, 7.787023150740424e-07, 7.388478024950018e-07, 8.580996677665098e-07, 8.380085319004138e-07, 9.387842965224991e-07, 8.809177529656154e-07, 8.653228746879904e-07, 9.035791208589217e-07, 9.456144312025572e-07, 9.941758207787643e-07, 1.1047512771256152e-06, 1.0561857379798312e-06, 8.964224775809271e-07, 7.138173714338336e-07, 6.514771371257666e-07, 6.329685220407555e-07, 5.415171244749217e-07, 6.045087275197147e-07, 6.94350887897599e-07, 5.925135724282882e-07, 6.398323080247792e-07, 7.289193035830976e-07, 6.258901521505322e-07, 6.662691021119826e-07, 6.484162327069498e-07, 4.831173896491237e-07, 4.354925522420672e-07, 3.1361796004603093e-07, 2.7910297717426147e-07, 2.3654830272334948e-07, 2.0044251414219616e-07, 1.8823878633611457e-07, 1.40528229053416e-07, 1.1096812357891395e-07, 9.538000256270607e-08, 7.480803532189384e-08, 6.108288630457537e-08, 4.671029429914597e-08, 3.7238820027596375e-08, 2.8873138546714472e-08, 2.1126936644577654e-08, 1.2935448268081018e-08, 5.349991560876788e-09, 3.0288536123634913e-09, 2.029381773738237e-09, 4.399338948690712e-10, 1.463114525368514e-11, 1.29583626815033e-11, 1.1340212623112134e-11, 8.895914387074821e-12, 7.393904065400303e-12, 7.148197398582079e-12], "lowlevel.melbands128.stdev": [0.00043510328396223485, 0.006349164992570877, 0.016622938215732574, 0.018890144303441048, 0.01225773710757494, 0.007048414088785648, 0.004878622945398092, 0.0038935672491788864, 0.004061298444867134, 0.003991486504673958, 0.0026305802166461945, 0.0017033357871696353, 0.000889909511897713, 0.0004284002061467618, 0.0008354471647180617, 0.00045658217277377844, 0.00036084375460632145, 0.000931697606574744, 0.002013444434851408, 0.00048033290659077466, 0.00037920562317594886, 0.0006568838725797832, 0.0008060262189246714, 0.0006710648303851485, 0.0009004795574583113, 0.0001592267508385703, 5.274513750919141e-05, 0.00011565744352992624, 6.761773693142459e-05, 0.0004086517437826842, 0.0001894276065286249, 9.746999421622604e-05, 7.9561177699361e-05, 0.00011595472460612655, 8.317525498569012e-05, 0.0001099134242394939, 7.893046858953312e-05, 3.788985850405879e-05, 4.391220136312768e-05, 5.6823653721949086e-05, 5.1650265959324315e-05, 2.5511762942187488e-05, 3.529824607539922e-05, 4.46866215497721e-05, 2.9691487725358456e-05, 2.2617701688432135e-05, 2.8946957172593102e-05, 2.305771158717107e-05, 1.9728839106392115e-05, 2.0610366846085526e-05, 1.9823954062303528e-05, 1.9937750039389357e-05, 1.7025135093717836e-05, 1.5780271496623755e-05, 1.3510152712115087e-05, 1.0235762601951137e-05, 1.3127552847436164e-05, 1.4107054994383361e-05, 1.2388285540509969e-05, 1.2734853953588754e-05, 1.052984589478001e-05, 1.033556145557668e-05, 8.154530405590776e-06, 1.2798886018572375e-05, 1.2486362720665056e-05, 1.1915435607079417e-05, 1.0108453352586366e-05, 7.991453458089381e-06, 7.908972293080296e-06, 6.4819691942830104e-06, 6.748881787643768e-06, 6.141185167507501e-06, 4.629246177501045e-06, 4.953614734404255e-06, 5.652772870234912e-06, 3.6645487853093073e-06, 3.3521748719067546e-06, 3.314669356768718e-06, 3.7242814414639724e-06, 3.7244742543407483e-06, 4.022513167001307e-06, 4.115520823688712e-06, 3.82143298338633e-06, 3.3412184166081715e-06, 3.527669605318806e-06, 3.8374373616534285e-06, 4.418711796461139e-06, 3.364950089235208e-06, 2.79779169432004e-06, 2.4326343464053934e-06, 2.2994011033006245e-06, 2.3008585685602156e-06, 2.0593720364558976e-06, 2.3578056698170258e-06, 2.669240984687349e-06, 2.3044874524202896e-06, 2.5782790089579066e-06, 3.3532894576637773e-06, 2.912665195253794e-06, 3.8977336771495175e-06, 3.144843503832817e-06, 1.897204811029951e-06, 1.6714643606974278e-06, 9.641291853768053e-07, 8.871912200447696e-07, 7.11286872956407e-07, 5.982429343021067e-07, 5.724733114220726e-07, 4.4683139321932686e-07, 3.415633500480908e-07, 3.055712340938044e-07, 2.3857185738052067e-07, 1.96884045067236e-07, 1.676946794759715e-07, 1.3827342115746433e-07, 1.0530012417575563e-07, 8.366357207023611e-08, 5.226752008979929e-08, 3.366034206919721e-08, 2.8924699080334904e-08, 1.970354901459359e-08, 4.582600965363781e-09, 9.258451644234e-11, 7.223561332425632e-11, 5.2218337293075123e-11, 2.480536089033425e-11, 1.2218657509388553e-11, 1.1822294011809564e-11], "lowlevel.mfcc.mean": [-760.9429931640625, 208.22634887695312, 54.14670944213867, 15.296427726745605, 15.851717948913574, -3.5154805183410645, -11.2191162109375, 7.889090061187744, 7.223535537719727, -1.0531054735183716, -2.874573230743408, -1.335156798362732, 0.9892343878746033], "lowlevel.spectral_contrast_coeffs.mean": [-0.6387540698051453, -0.6730859875679016, -0.7215279936790466, -0.8003842234611511, -0.7853899598121643, -0.8247621655464172], "lowlevel.spectral_contrast_coeffs.stdev": [0.06768160313367844, 0.07032692432403564, 0.07863409072160721, 0.04706105962395668, 0.05896895006299019, 0.05290457606315613], "lowlevel.spectral_contrast_valleys.mean": [-6.386164665222168, -7.007830619812012, -8.546731948852539, -9.244742393493652, -10.04495620727539, -11.987887382507324], "lowlevel.spectral_contrast_valleys.stdev": [1.182963490486145, 1.182382345199585, 1.1119922399520874, 1.282798171043396, 1.9383463859558105, 2.0709292888641357], "rhythm.beats_loudness_band_ratio.mean": [0.6430684328079224, 0.22604398429393768, 0.11976111680269241, 0.025340093299746513, 0.015382073819637299, 0.01400382723659277], "rhythm.beats_loudness_band_ratio.stdev": [0.2766823172569275, 0.19984960556030273, 0.1294146031141281, 0.03579907864332199, 0.03431712090969086, 0.02698427625000477], "tonal.hpcp.mean": [0.20040562748908997, 0.1289835274219513, 0.1544238179922104, 0.3009762167930603, 0.18289270997047424, 0.017575275152921677, 0.01327310036867857, 0.014975289814174175, 0.10370353609323502, 0.18879206478595734, 0.10178914666175842, 0.015040198341012001, 0.011693255044519901, 0.014318570494651794, 0.08474252372980118, 0.24676266312599182, 0.18557800352573395, 0.021089741960167885, 0.011455190367996693, 0.009462962858378887, 0.026509588584303856, 0.058272816240787506, 0.04891577735543251, 0.18016208708286285, 0.3133796751499176, 0.15509848296642303, 0.014483001083135605, 0.009658223018050194, 0.014331686310470104, 0.14332003891468048, 0.22791153192520142, 0.10094786435365677, 0.009855191223323345, 0.008822016417980194, 0.019425133243203163, 0.11051060259342194], "tonal.hpcp.stdev": [0.3240154981613159, 0.227503702044487, 0.2162654846906662, 0.3880476951599121, 0.25096938014030457, 0.09749437868595123, 0.09174591302871704, 0.09548050165176392, 0.18793390691280365, 0.30844494700431824, 0.17668454349040985, 0.09383399784564972, 0.08415516465902328, 0.09177980571985245, 0.144915372133255, 0.33961355686187744, 0.29024505615234375, 0.10291672497987747, 0.08388891071081161, 0.07406491041183472, 0.08583750575780869, 0.1424117237329483, 0.11985615640878677, 0.2536948025226593, 0.4027806222438812, 0.22268666326999664, 0.08925611525774002, 0.0674336701631546, 0.08061178773641586, 0.24518181383609772, 0.36641567945480347, 0.17730426788330078, 0.06265341490507126, 0.06290026754140854, 0.1004909947514534, 0.2150174379348755], "rhythm.beats_position": [0.4760090708732605, 0.9287981986999512, 1.369977355003357, 1.8111563920974731, 2.252335548400879, 2.693514585494995, 3.1230838298797607, 3.5526530742645264, 3.982222080230713, 4.423401355743408, 4.852970600128174, 5.282539367675781, 5.723718643188477, 6.153287887573242, 6.582857131958008, 7.012426376342773, 7.441995143890381, 7.883174419403076, 8.324353218078613, 8.765532493591309, 9.195101737976074, 9.62467098236084, 10.054240226745605, 10.4954195022583, 10.924988746643066, 11.354557991027832, 11.784127235412598, 12.213695526123047, 12.631654739379883, 13.061223983764648, 13.490793228149414, 13.93197250366211, 14.373151779174805, 14.8143310546875, 15.255510330200195, 15.685078620910645, 16.114648818969727, 16.555828094482422, 16.973787307739258, 17.414966583251953, 17.856143951416016, 18.28571319580078, 18.715282440185547, 19.156461715698242, 19.586030960083008, 20.015600204467773, 20.45677947998047, 20.886348724365234, 21.31591796875, 21.745487213134766, 22.17505645751953, 22.616235733032227, 23.034194946289062, 23.475374221801758, 23.916553497314453, 24.34612274169922, 24.775691986083984, 25.20526123046875, 25.634828567504883, 26.076007843017578, 26.517187118530273, 26.95836639404297, 27.387935638427734, 27.8175048828125, 28.258684158325195, 28.68825340270996, 29.117822647094727, 29.547391891479492, 29.976961135864258, 30.418140411376953, 30.84770965576172, 31.277278900146484, 31.71845817565918, 32.14802551269531, 32.57759475708008, 33.018775939941406, 33.44834518432617, 33.87791442871094, 34.319091796875, 34.748661041259766, 35.17823028564453, 35.6077995300293, 36.03736877441406, 36.47854995727539, 36.90811538696289, 37.337684631347656, 37.778865814208984, 38.20843505859375, 38.638004302978516, 39.07918167114258, 39.520362854003906, 39.93832015991211, 40.37950134277344, 40.8206787109375, 41.250247955322266, 41.67981719970703, 42.12099838256836, 42.550567626953125, 42.98013687133789, 43.42131423950195, 43.85088348388672, 44.280452728271484, 44.71002197265625, 45.139591217041016, 45.58076858520508, 46.010337829589844, 46.43990707397461, 46.88108825683594, 47.3106575012207, 47.74022674560547, 48.18140411376953, 48.6109733581543, 49.052154541015625, 49.48172378540039, 49.911293029785156, 50.34086227416992, 50.77043151855469, 51.21160888671875, 51.641178131103516, 52.07074737548828, 52.50031661987305, 52.94149398803711, 53.38267517089844, 53.8122444152832, 54.24181365966797, 54.68299102783203, 55.12417221069336, 55.553741455078125, 55.98331069946289, 56.412879943847656, 56.84244918823242, 57.283626556396484, 57.71319580078125, 58.142765045166016, 58.583946228027344, 59.01351547241211, 59.443084716796875, 59.872650146484375, 60.30221939086914, 60.74340057373047, 61.172969818115234, 61.6025390625, 62.04371643066406, 62.47328567504883, 62.914466857910156, 63.34403610229492, 63.785213470458984, 64.22639465332031, 64.66757202148438], "rhythm.bpm_histogram": [0.0, 0.0, 0.0, 0.0, 0.0, 0.0, 0.0, 0.0, 0.0, 0.0, 0.0, 0.0, 0.0, 0.0, 0.0, 0.0, 0.0, 0.0, 0.0, 0.0, 0.0, 0.0, 0.0, 0.0, 0.0, 0.0, 0.0, 0.0, 0.0, 0.0, 0.0, 0.0, 0.0, 0.0, 0.0, 0.0, 0.0, 0.0, 0.0, 0.0, 0.0, 0.0, 0.0, 0.0, 0.0, 0.0, 0.0, 0.0, 0.0, 0.0, 0.0, 0.0, 0.0, 0.0, 0.0, 0.0, 0.0, 0.0, 0.0, 0.0, 0.0, 0.0, 0.0, 0.0, 0.0, 0.0, 0.0, 0.0, 0.0, 0.0, 0.0, 0.0, 0.0, 0.0, 0.0, 0.0, 0.0, 0.0, 0.0, 0.0, 0.0, 0.0, 0.0, 0.0, 0.0, 0.0, 0.0, 0.0, 0.0, 0.0, 0.0, 0.0, 0.0, 0.0, 0.0, 0.0, 0.0, 0.0, 0.0, 0.0, 0.0, 0.0, 0.0, 0.0, 0.0, 0.0, 0.0, 0.0, 0.0, 0.0, 0.0, 0.0, 0.0, 0.0, 0.0, 0.0, 0.0, 0.0, 0.0, 0.0, 0.0, 0.0, 0.0, 0.0, 0.0, 0.0, 0.0, 0.0, 0.0, 0.0, 0.0, 0.0, 0.0, 0.006756756920367479, 0.0, 0.0, 0.37162160873413086, 0.0, 0.0, 0.0, 0.5945945978164673, 0.0, 0.0, 0.0, 0.027027027681469917, 0.0, 0.0, 0.0, 0.0, 0.0, 0.0, 0.0, 0.0, 0.0, 0.0, 0.0, 0.0, 0.0, 0.0, 0.0, 0.0, 0.0, 0.0, 0.0, 0.0, 0.0, 0.0, 0.0, 0.0, 0.0, 0.0, 0.0, 0.0, 0.0, 0.0, 0.0, 0.0, 0.0, 0.0, 0.0, 0.0, 0.0, 0.0, 0.0, 0.0, 0.0, 0.0, 0.0, 0.0, 0.0, 0.0, 0.0, 0.0, 0.0, 0.0, 0.0, 0.0, 0.0, 0.0, 0.0, 0.0, 0.0, 0.0, 0.0, 0.0, 0.0, 0.0, 0.0, 0.0, 0.0, 0.0, 0.0, 0.0, 0.0, 0.0, 0.0, 0.0, 0.0, 0.0, 0.0, 0.0, 0.0, 0.0, 0.0, 0.0, 0.0, 0.0, 0.0, 0.0, 0.0, 0.0, 0.0, 0.0, 0.0, 0.0, 0.0, 0.0, 0.0, 0.0, 0.0, 0.0, 0.0, 0.0, 0.0, 0.0, 0.0, 0.0, 0.0, 0.0, 0.0], "tonal.chords_histogram": [10.113960266113281, 5.128205299377441, 51.63817596435547, 1.5669515132904053, 0.8547008633613586, 0.0, 0.07122506946325302, 0.0, 1.2108261585235596, 0.0, 0.0, 0.0, 0.0, 0.0, 0.0, 0.0, 0.0, 0.0, 0.0, 0.3561253547668457, 0.0, 4.629629611968994, 0.0, 24.430198669433594], "tonal.thpcp": [1.0, 0.4949219524860382, 0.04621550813317299, 0.03081955760717392, 0.045732662081718445, 0.45733675360679626, 0.7272696495056152, 0.3221263885498047, 0.031448088586330414, 0.02815120853483677, 0.061985939741134644, 0.3526412546634674, 0.6394978761672974, 0.4115886688232422, 0.4927690923213959, 0.9604203701019287, 0.5836138129234314, 0.05608300864696503, 0.04235469549894333, 0.0477864108979702, 0.3309198021888733, 0.602438747882843, 0.3248109519481659, 0.047993533313274384, 0.03731337934732437, 0.045690808445215225, 0.2704148590564728, 0.7874239683151245, 0.5921826362609863, 0.06729773432016373, 0.03655371069908142, 0.030196478590369225, 0.0845925584435463, 0.18594956398010254, 0.1560910940170288, 0.5749003291130066], "lowlevel.gfcc.cov": [[16712.123046875, -5030.14453125, 281.51177978515625, 2953.900634765625, -2158.11865234375, 1792.0107421875, -835.181396484375, 484.78009033203125, -385.2218017578125, 958.3156127929688, -494.7999572753906, -50.92352294921875, -704.1846313476562], [-5030.14453125, 5204.9462890625, -265.2471618652344, -2176.305419921875, 1345.9559326171875, -1310.358642578125, 605.4779663085938, -221.59149169921875, 429.9449768066406, -798.3890380859375, 284.3626708984375, -140.0076904296875, 465.2598571777344], [281.51177978515625, -265.2471618652344, 715.31201171875, 227.00628662109375, -42.84574890136719, 380.6878662109375, 8.612337112426758, -20.543907165527344, 27.170700073242188, 115.83511352539062, 47.23005676269531, 42.03513717651367, -20.008758544921875], [2953.900634765625, -2176.305419921875, 227.00628662109375, 1356.1593017578125, -453.81109619140625, 579.0960083007812, -266.38519287109375, 129.09043884277344, -87.44603729248047, 387.73089599609375, -64.36669158935547, 61.01435470581055, -127.33114624023438], [-2158.11865234375, 1345.9559326171875, -42.84574890136719, -453.81109619140625, 750.9003295898438, -324.7265625, 176.00198364257812, -70.20130157470703, 151.5278778076172, -161.66305541992188, 166.53878784179688, 14.824067115783691, 178.58786010742188], [1792.0107421875, -1310.358642578125, 380.6878662109375, 579.0960083007812, -324.7265625, 689.914794921875, -90.79360961914062, 28.124696731567383, -107.13188171386719, 272.5805969238281, -8.264182090759277, 37.73451614379883, -142.34315490722656], [-835.181396484375, 605.4779663085938, 8.612337112426758, -266.38519287109375, 176.00198364257812, -90.79360961914062, 344.40753173828125, 54.77252197265625, 74.44496154785156, -74.42035675048828, 76.86958312988281, -4.316997051239014, 88.39765930175781], [484.78009033203125, -221.59149169921875, -20.543907165527344, 129.09043884277344, -70.20130157470703, 28.124696731567383, 54.77252197265625, 178.29287719726562, 68.64126586914062, 19.90058708190918, -15.42536735534668, 18.272558212280273, 8.209413528442383], [-385.2218017578125, 429.9449768066406, 27.170700073242188, -87.44603729248047, 151.5278778076172, -107.13188171386719, 74.44496154785156, 68.64126586914062, 221.8231964111328, -23.577110290527344, 24.496997833251953, -10.714354515075684, 77.64427947998047], [958.3156127929688, -798.3890380859375, 115.83511352539062, 387.73089599609375, -161.66305541992188, 272.5805969238281, -74.42035675048828, 19.90058708190918, -23.577110290527344, 249.25332641601562, 8.835257530212402, 4.608607769012451, -56.416534423828125], [-494.7999572753906, 284.3626708984375, 47.23005676269531, -64.36669158935547, 166.53878784179688, -8.264182090759277, 76.86958312988281, -15.42536735534668, 24.496997833251953, 8.835257530212402, 135.442626953125, 31.540842056274414, 46.47243881225586], [-50.92352294921875, -140.0076904296875, 42.03513717651367, 61.01435470581055, 14.824067115783691, 37.73451614379883, -4.316997051239014, 18.272558212280273, -10.714354515075684, 4.608607769012451, 31.540842056274414, 106.74010467529297, 17.969905853271484], [-704.1846313476562, 465.2598571777344, -20.008758544921875, -127.33114624023438, 178.58786010742188, -142.34315490722656, 88.39765930175781, 8.209413528442383, 77.64427947998047, -56.416534423828125, 46.47243881225586, 17.969905853271484, 137.34352111816406]], "lowlevel.gfcc.icov": [[0.00031144788954406977, -0.0009225551038980484, 0.00043235791963525116, -0.0009897820418700576, 0.00063299824250862, -0.0008142298320308328, 0.00034589055576361716, -0.0009620524360798299, 0.0006443505408242345, -0.0010867135133594275, 0.0011064013233408332, -0.0006604118971154094, 0.0009367261664010584], [-0.0009225551038980484, 0.005067961290478706, -0.0019284271402284503, 0.0045767296105623245, -0.0025451150722801685, 0.003463261527940631, -0.001377689652144909, 0.004127041436731815, -0.003739157458767295, 0.006159772165119648, -0.005855424329638481, 0.0045415605418384075, -0.004366056062281132], [0.00043235791963525116, -0.0019284271402284503, 0.0032254052348434925, -0.0018791573820635676, 0.0011198107386007905, -0.0033438445534557104, 0.00040111213456839323, -0.0005299109616316855, 8.339758642250672e-05, -0.001606016419827938, 0.0018835730152204633, -0.002076094737276435, 0.001256464864127338], [-0.0009897820418700576, 0.0045767296105623245, -0.0018791573820635676, 0.0062822154723107815, -0.0024030909407883883, 0.002658940851688385, -0.00022403924958780408, 0.002457450143992901, -0.002849934622645378, 0.003577170195057988, -0.004919523373246193, 0.003475337289273739, -0.004860056564211845], [0.00063299824250862, -0.0025451150722801685, 0.0011198107386007905, -0.0024030909407883883, 0.004730523098260164, -0.001573713030666113, 0.0006587487296201289, -0.0008586177136749029, 0.00038437702460214496, -0.002043425804004073, -1.7615750039112754e-05, -0.002044232562184334, 0.0008644487825222313], [-0.0008142298320308328, 0.003463261527940631, -0.0033438445534557104, 0.002658940851688385, -0.001573713030666113, 0.007677767891436815, -0.0018874930683523417, 0.0027256214525550604, -0.0012217116309329867, 0.0013302805600687861, -0.004211019724607468, 0.002057693898677826, -0.0004805348871741444], [0.00034589055576361716, -0.001377689652144909, 0.00040111213456839323, -0.00022403924958780408, 0.0006587487296201289, -0.0018874930683523417, 0.005640990100800991, -0.0041048964485526085, 0.0014863908290863037, -0.0011658703442662954, -0.0005999249988235533, 0.0003923717886209488, -0.0010744569590315223], [-0.0009620524360798299, 0.004127041436731815, -0.0005299109616316855, 0.002457450143992901, -0.0008586177136749029, 0.0027256214525550604, -0.0041048964485526085, 0.013871806673705578, -0.007455507759004831, 0.006212098989635706, -0.0039683738723397255, 0.0010316354455426335, -0.0029836276080459356], [0.0006443505408242345, -0.003739157458767295, 8.339758642250672e-05, -0.002849934622645378, 0.00038437702460214496, -0.0012217116309329867, 0.0014863908290863037, -0.007455507759004831, 0.011175090447068214, -0.0064018587581813335, 0.005128924269229174, -0.0015005175955593586, 0.0005768557311967015], [-0.0010867135133594275, 0.006159772165119648, -0.001606016419827938, 0.003577170195057988, -0.002043425804004073, 0.0013302805600687861, -0.0011658703442662954, 0.006212098989635706, -0.0064018587581813335, 0.017895344644784927, -0.010587027296423912, 0.0074682519771158695, -0.00536595331504941], [0.0011064013233408332, -0.005855424329638481, 0.0018835730152204633, -0.004919523373246193, -1.7615750039112754e-05, -0.004211019724607468, -0.0005999249988235533, -0.0039683738723397255, 0.005128924269229174, -0.010587027296423912, 0.020679708570241928, -0.008817518129944801, 0.004411773756146431], [-0.0006604118971154094, 0.0045415605418384075, -0.002076094737276435, 0.003475337289273739, -0.002044232562184334, 0.002057693898677826, 0.0003923717886209488, 0.0010316354455426335, -0.0015005175955593586, 0.0074682519771158695, -0.008817518129944801, 0.016486268490552902, -0.006632309872657061], [0.0009367261664010584, -0.004366056062281132, 0.001256464864127338, -0.004860056564211845, 0.0008644487825222313, -0.0004805348871741444, -0.0010744569590315223, -0.0029836276080459356, 0.0005768557311967015, -0.00536595331504941, 0.004411773756146431, -0.006632309872657061, 0.018643856048583984]], "lowlevel.mfcc.cov": [[12692.787109375, -5512.92626953125, 860.306396484375, 763.2438354492188, -171.34786987304688, 535.9691772460938, 157.1876678466797, -311.10003662109375, -149.95730590820312, 494.7106018066406, 357.35662841796875, 9.565114974975586, 183.3312225341797], [-5512.92626953125, 5220.57373046875, -727.8490600585938, -594.4320678710938, 29.09511947631836, -560.81640625, -191.52041625976562, 311.5585021972656, 212.96810913085938, -187.407958984375, -143.0821075439453, -4.079029560089111, -122.40729522705078], [860.306396484375, -727.8490600585938, 732.7827758789062, 19.61111068725586, 10.277132987976074, 262.8696594238281, 97.28439331054688, -16.16449737548828, -36.39544677734375, 46.626312255859375, 43.69935607910156, 24.728530883789062, 60.02475357055664], [763.2438354492188, -594.4320678710938, 19.61111068725586, 438.6376647949219, 97.55264282226562, 24.92441177368164, 6.726134300231934, -25.65373420715332, 66.42916870117188, 59.119083404541016, 1.2889853715896606, 50.81587600708008, 73.60457611083984], [-171.34786987304688, 29.09511947631836, 10.277132987976074, 97.55264282226562, 357.1135559082031, 114.85755157470703, -16.412330627441406, -12.88207721710205, -12.864262580871582, -29.60324478149414, 22.21084213256836, 31.766891479492188, 36.590293884277344], [535.9691772460938, -560.81640625, 262.8696594238281, 24.92441177368164, 114.85755157470703, 354.5862121582031, 152.75328063964844, -59.74265670776367, -61.44569778442383, 33.85807800292969, 71.00096130371094, 26.473888397216797, 17.87103843688965], [157.1876678466797, -191.52041625976562, 97.28439331054688, 6.726134300231934, -16.412330627441406, 152.75328063964844, 258.935302734375, 20.753774642944336, -33.0757942199707, 23.73212432861328, 33.318763732910156, 40.19123077392578, 15.24238109588623], [-311.10003662109375, 311.5585021972656, -16.16449737548828, -25.65373420715332, -12.88207721710205, -59.74265670776367, 20.753774642944336, 182.9844970703125, 58.94408416748047, -19.94125747680664, -10.325069427490234, 23.566946029663086, 25.115957260131836], [-149.95730590820312, 212.96810913085938, -36.39544677734375, 66.42916870117188, -12.864262580871582, -61.44569778442383, -33.0757942199707, 58.94408416748047, 161.80885314941406, 63.777435302734375, -15.428610801696777, 32.00458526611328, 22.50983428955078], [494.7106018066406, -187.407958984375, 46.626312255859375, 59.119083404541016, -29.60324478149414, 33.85807800292969, 23.73212432861328, -19.94125747680664, 63.777435302734375, 180.86428833007812, 67.35552978515625, 13.409463882446289, -0.9388409852981567], [357.35662841796875, -143.0821075439453, 43.69935607910156, 1.2889853715896606, 22.21084213256836, 71.00096130371094, 33.318763732910156, -10.325069427490234, -15.428610801696777, 67.35552978515625, 117.52416229248047, 21.35952377319336, -3.7411646842956543], [9.565114974975586, -4.079029560089111, 24.728530883789062, 50.81587600708008, 31.766891479492188, 26.473888397216797, 40.19123077392578, 23.566946029663086, 32.00458526611328, 13.409463882446289, 21.35952377319336, 98.72212219238281, 40.04697036743164], [183.3312225341797, -122.40729522705078, 60.02475357055664, 73.60457611083984, 36.590293884277344, 17.87103843688965, 15.24238109588623, 25.115957260131836, 22.50983428955078, -0.9388409852981567, -3.7411646842956543, 40.04697036743164, 113.6865005493164]], "lowlevel.mfcc.icov": [[0.0001674831291893497, 0.00014890525199007243, -2.6907893698080443e-05, -8.619474829174578e-05, 9.160370973404497e-05, 3.197677506250329e-05, 7.039967749733478e-05, -3.747472510440275e-05, 9.79868636932224e-05, -0.0002183284523198381, -0.000260309549048543, 9.35062489588745e-05, -0.0001381218316964805], [0.00014890525199007243, 0.000510385085362941, 0.0001291793741984293, 0.0005203105392865837, -0.00030114964465610683, 0.0005032799672335386, -0.00011378456838428974, -0.0002208089135820046, -0.0005225171917118132, 2.448756458761636e-05, -0.0001858201139839366, -7.02807228663005e-05, 0.00010849121463252231], [-2.6907893698080443e-05, 0.0001291793741984293, 0.002174407709389925, 0.00027208641404286027, 0.0004845944931730628, -0.001839610980823636, 0.0005334985908120871, -0.0006043733446858823, 0.00022648343292530626, -0.00041856314055621624, 0.0005138004198670387, -0.0001672345242695883, -0.000919011770747602], [-8.619474829174578e-05, 0.0005203105392865837, 0.00027208641404286027, 0.004098902922123671, -0.0015050951624289155, 0.001024681027047336, -0.0006340369582176208, 0.0007523544481955469, -0.0019280076958239079, -0.0004649240872822702, 0.0007979101501405239, -0.0008815537439659238, -0.001141373417340219], [9.160370973404497e-05, -0.00030114964465610683, 0.0004845944931730628, -0.0015050951624289155, 0.004572632256895304, -0.002917470410466194, 0.0018871600041165948, -0.0003549950779415667, 0.0008067517774179578, 0.0008590436191298068, -0.0007874984294176102, -0.0005765938549302518, -0.0009165176306851208], [3.197677506250329e-05, 0.0005032799672335386, -0.001839610980823636, 0.001024681027047336, -0.002917470410466194, 0.008148211985826492, -0.004062928259372711, 0.0021313021425157785, -0.0006997699965722859, 0.0003826555621344596, -0.002193668857216835, 0.00029901042580604553, 0.0004943990497849882], [7.039967749733478e-05, -0.00011378456838428974, 0.0005334985908120871, -0.0006340369582176208, 0.0018871600041165948, -0.004062928259372711, 0.00699119595810771, -0.002345250453799963, 0.0026700685266405344, -0.0014828590210527182, 0.0010066016111522913, -0.0024477725382894278, -0.00014069487224332988], [-3.747472510440275e-05, -0.0002208089135820046, -0.0006043733446858823, 0.0007523544481955469, -0.0003549950779415667, 0.0021313021425157785, -0.002345250453799963, 0.008416461758315563, -0.004017805214971304, 0.0026601164136081934, -0.0018824833678081632, 0.00016950945428106934, -0.0014152134535834193], [9.79868636932224e-05, -0.0005225171917118132, 0.00022648343292530626, -0.0019280076958239079, 0.0008067517774179578, -0.0006997699965722859, 0.0026700685266405344, -0.004017805214971304, 0.01357942819595337, -0.007004849147051573, 0.004579111468046904, -0.0035041740629822016, -0.0005734505248256028], [-0.0002183284523198381, 2.448756458761636e-05, -0.00041856314055621624, -0.0004649240872822702, 0.0008590436191298068, 0.0003826555621344596, -0.0014828590210527182, 0.0026601164136081934, -0.007004849147051573, 0.011885521933436394, -0.006914702244