{"song_id": "1183669965560238110", "download": "https://cdn.discordapp.com/attachments/1135903449314238464/1183669965560238110/chirp.mp4?ex=65892d8f&amp", "lyrics": "(Bridge)\n\uc0c8\ud574\uac00 \ubc1d\uc544\uc624\uba74\n\ub2e4\uc2dc \uc0c8\ub85c\uc6b4 \uc2dc\uc791\uc774 \ub420\uae4c\n\uadf8\ub300\uc640 \ud568\uaed8 \ud560 \uc218 \uc788\uc744\uae4c\n\ud76c\ub9dd\uc758 \ubd88\uc528\ub97c \uc9c0\ud3b4", "style": ["POP</span><span>, Acoustic</span><span>, Classic</span><span>, Symphony</span><span>,"], "essentia_features": {"lowlevel.average_loudness": 0.9875298738479614, "lowlevel.barkbands_crest.mean": 16.883909225463867, "lowlevel.barkbands_crest.stdev": 5.196893692016602, "lowlevel.barkbands_flatness_db.mean": 0.3538399338722229, "lowlevel.barkbands_flatness_db.stdev": 0.12713997066020966, "lowlevel.barkbands_kurtosis.mean": 28.570711135864258, "lowlevel.barkbands_kurtosis.stdev": 38.16476821899414, "lowlevel.barkbands_skewness.mean": 3.417952537536621, "lowlevel.barkbands_skewness.stdev": 2.178044080734253, "lowlevel.barkbands_spread.mean": 7.255644798278809, "lowlevel.barkbands_spread.stdev": 14.461502075195312, "lowlevel.dissonance.mean": 0.38164886832237244, "lowlevel.dissonance.stdev": 0.07761003822088242, "lowlevel.dynamic_complexity": 2.8603920936584473, "lowlevel.erbbands_crest.mean": 12.175215721130371, "lowlevel.erbbands_crest.stdev": 3.223193407058716, "lowlevel.erbbands_flatness_db.mean": 0.29054248332977295, "lowlevel.erbbands_flatness_db.stdev": 0.09143684804439545, "lowlevel.erbbands_kurtosis.mean": 6.796420574188232, "lowlevel.erbbands_kurtosis.stdev": 7.39974308013916, "lowlevel.erbbands_skewness.mean": 1.5977935791015625, "lowlevel.erbbands_skewness.stdev": 1.198615312576294, "lowlevel.erbbands_spread.mean": 20.806398391723633, "lowlevel.erbbands_spread.stdev": 24.7341251373291, "lowlevel.hfc.mean": 10.141295433044434, "lowlevel.hfc.stdev": 15.337226867675781, "lowlevel.loudness_ebu128.integrated": -14.817347526550293, "lowlevel.loudness_ebu128.loudness_range": 0.7938642501831055, "lowlevel.loudness_ebu128.momentary.mean": -15.690414428710938, "lowlevel.loudness_ebu128.momentary.stdev": 2.9406373500823975, "lowlevel.loudness_ebu128.short_term.mean": -14.92199420928955, "lowlevel.loudness_ebu128.short_term.stdev": 0.323660671710968, "lowlevel.melbands_crest.mean": 20.44917869567871, "lowlevel.melbands_crest.stdev": 4.8750762939453125, "lowlevel.melbands_flatness_db.mean": 0.4280180335044861, "lowlevel.melbands_flatness_db.stdev": 0.16009296476840973, "lowlevel.melbands_kurtosis.mean": 26.13690185546875, "lowlevel.melbands_kurtosis.stdev": 27.433870315551758, "lowlevel.melbands_skewness.mean": 3.180211305618286, "lowlevel.melbands_skewness.stdev": 1.8024327754974365, "lowlevel.melbands_spread.mean": 7.2108235359191895, "lowlevel.melbands_spread.stdev": 14.984428405761719, "lowlevel.pitch_salience.mean": 0.4101147949695587, "lowlevel.pitch_salience.stdev": 0.1285831481218338, "lowlevel.silence_rate_20dB.mean": 0.9708737730979919, "lowlevel.silence_rate_20dB.stdev": 0.16816018521785736, "lowlevel.silence_rate_30dB.mean": 0.8398058414459229, "lowlevel.silence_rate_30dB.stdev": 0.3667857348918915, "lowlevel.silence_rate_60dB.mean": 0.009708737954497337, "lowlevel.silence_rate_60dB.stdev": 0.09805361926555634, "lowlevel.spectral_centroid.mean": 505.21337890625, "lowlevel.spectral_centroid.stdev": 543.6079711914062, "lowlevel.spectral_complexity.mean": 6.509708881378174, "lowlevel.spectral_complexity.stdev": 6.56020975112915, "lowlevel.spectral_decrease.mean": -1.2505505075921519e-08, "lowlevel.spectral_decrease.stdev": 2.390218512005049e-08, "lowlevel.spectral_energy.mean": 0.04811841621994972, "lowlevel.spectral_energy.stdev": 0.09086424112319946, "lowlevel.spectral_energyband_high.mean": 0.0003463442262727767, "lowlevel.spectral_energyband_high.stdev": 0.00114284991286695, "lowlevel.spectral_energyband_low.mean": 0.03481195867061615, "lowlevel.spectral_energyband_low.stdev": 0.08943984657526016, "lowlevel.spectral_energyband_middle_high.mean": 0.00095057871658355, "lowlevel.spectral_energyband_middle_high.stdev": 0.005019748583436012, "lowlevel.spectral_energyband_middle_low.mean": 0.013306520879268646, "lowlevel.spectral_energyband_middle_low.stdev": 0.018053630366921425, "lowlevel.spectral_entropy.mean": 5.946227073669434, "lowlevel.spectral_entropy.stdev": 1.1196192502975464, "lowlevel.spectral_flux.mean": 0.08418472856283188, "lowlevel.spectral_flux.stdev": 0.1303987056016922, "lowlevel.spectral_kurtosis.mean": 44.539886474609375, "lowlevel.spectral_kurtosis.stdev": 62.02195739746094, "lowlevel.spectral_rms.mean": 0.005243517458438873, "lowlevel.spectral_rms.stdev": 0.004410253372043371, "lowlevel.spectral_rolloff.mean": 798.9230346679688, "lowlevel.spectral_rolloff.stdev": 1459.34228515625, "lowlevel.spectral_skewness.mean": 4.616260528564453, "lowlevel.spectral_skewness.stdev": 3.3700783252716064, "lowlevel.spectral_spread.mean": 3390387.25, "lowlevel.spectral_spread.stdev": 2142788.0, "lowlevel.spectral_strongpeak.mean": 0.683034360408783, "lowlevel.spectral_strongpeak.stdev": 0.3982527554035187, "lowlevel.zerocrossingrate.mean": 0.03138510510325432, "lowlevel.zerocrossingrate.stdev": 0.0386015884578228, "metadata.audio_properties.analysis.equal_loudness": 0.0, "metadata.audio_properties.analysis.length": 4.75732421875, "metadata.audio_properties.analysis.sample_rate": 44100.0, "metadata.audio_properties.analysis.start_time": 0.0, "metadata.audio_properties.bit_rate": 117360.0, "metadata.audio_properties.length": 4.757333278656006, "metadata.audio_properties.lossless": 0.0, "metadata.audio_properties.number_channels": 1.0, "metadata.audio_properties.replay_gain": -11.800844192504883, "metadata.audio_properties.sample_rate": 48000.0, "rhythm.beats_count": 11.0, "rhythm.beats_loudness.mean": 0.10587718337774277, "rhythm.beats_loudness.stdev": 0.10611880570650101, "rhythm.bpm": 137.22439575195312, "rhythm.bpm_histogram_first_peak_bpm": 136.0, "rhythm.bpm_histogram_first_peak_weight": 0.3333333730697632, "rhythm.bpm_histogram_second_peak_bpm": 144.0, "rhythm.bpm_histogram_second_peak_spread": 0.0, "rhythm.bpm_histogram_second_peak_weight": 0.20000000298023224, "rhythm.danceability": 2.356537103652954, "rhythm.onset_rate": 2.933964252471924, "tonal.chords_changes_rate": 0.057692307978868484, "tonal.chords_number_rate": 0.028846153989434242, "tonal.chords_strength.mean": 0.4389839768409729, "tonal.chords_strength.stdev": 0.01819315366446972, "tonal.hpcp_crest.mean": 13.740723609924316, "tonal.hpcp_crest.stdev": 5.180954933166504, "tonal.hpcp_entropy.mean": 1.890599012374878, "tonal.hpcp_entropy.stdev": 0.6407045722007751, "tonal.key_edma.strength": 0.6588518023490906, "tonal.key_krumhansl.strength": 0.6601722240447998, "tonal.key_temperley.strength": 0.6474106907844543, "tonal.tuning_diatonic_strength": 0.39125263690948486, "tonal.tuning_equal_tempered_deviation": 0.3786090016365051, "tonal.tuning_frequency": 455.77972412109375, "tonal.tuning_nontempered_energy_ratio": 0.9977850914001465, "lowlevel.barkbands.mean": [0.0004151833418291062, 0.027072478085756302, 0.006044785492122173, 0.002380884252488613, 0.007087087724357843, 0.0012933104299008846, 0.002286079339683056, 0.00017703929916024208, 5.3124051191844046e-05, 0.00010266515891999006, 0.00028806107002310455, 5.494210563483648e-05, 5.453440098790452e-05, 0.0001026176250888966, 5.919410250498913e-05, 6.497321737697348e-05, 6.882528396090493e-05, 7.265811291290447e-05, 5.9339290601201355e-05, 7.722619193373248e-05, 4.404453284223564e-05, 6.371912604663521e-05, 8.081532723736018e-05, 6.369189213728532e-05, 4.6662022214150056e-05, 4.556128260446712e-06, 2.779376551131918e-08], "lowlevel.barkbands.stdev": [0.001510723028331995, 0.06983201950788498, 0.03009055182337761, 0.011753791943192482, 0.005704349838197231, 0.0017578097758814692, 0.0018004499142989516, 0.0004471871070563793, 0.0002015729114646092, 0.0003588354156818241, 0.002494595479220152, 0.0003387179458513856, 0.00017912458861246705, 0.0006385320448316634, 0.0003545314830262214, 0.0003007399500347674, 0.00030170989339239895, 0.0002605062036309391, 0.00022302741126623005, 0.0002998281270265579, 0.0002050672483164817, 0.00023189105559140444, 0.00031898036831989884, 0.00025770877255126834, 0.00015130832616705447, 1.5968747902661562e-05, 2.1220780865860434e-07], "lowlevel.erbbands.mean": [0.7687560319900513, 6.026966094970703, 8.433154106140137, 7.46222448348999, 12.956795692443848, 27.971689224243164, 24.309953689575195, 5.364016532897949, 32.80762481689453, 14.288265228271484, 3.8530161380767822, 1.4396796226501465, 2.4404454231262207, 5.81588077545166, 9.890863418579102, 2.4513392448425293, 2.324831485748291, 4.520979404449463, 4.124269962310791, 3.246922731399536, 3.4508023262023926, 3.83600115776062, 4.261188507080078, 3.4456734657287598, 3.0122971534729004, 3.549483299255371, 2.565702199935913, 1.4201679229736328, 2.244518756866455, 2.590885877609253, 2.2427992820739746, 1.1775480508804321, 1.1767842769622803, 0.7556661367416382, 0.20681516826152802, 0.038192763924598694, 0.005219720304012299, 0.00030561318271793425, 3.317775554023683e-05, 5.4327319958247244e-05], "lowlevel.erbbands.stdev": [1.8951022624969482, 16.9262752532959, 36.92535400390625, 35.8895263671875, 28.270036697387695, 18.844640731811523, 21.364599227905273, 10.280924797058105, 28.110374450683594, 12.269709587097168, 9.567241668701172, 4.770791053771973, 10.429558753967285, 33.84729766845703, 85.35616302490234, 15.232721328735352, 8.080649375915527, 21.49193572998047, 24.66926383972168, 17.18902015686035, 15.483317375183105, 16.661640167236328, 15.276802062988281, 12.539742469787598, 11.269543647766113, 13.436094284057617, 11.778661727905273, 6.188111305236816, 8.111384391784668, 8.942127227783203, 9.517998695373535, 4.894593238830566, 4.679564952850342, 2.505031108856201, 0.6681143045425415, 0.13144518435001373, 0.018296491354703903, 0.0011141087161377072, 5.29287826793734e-05, 9.787495218915865e-05], "lowlevel.gfcc.mean": [-153.19775390625, 132.92518615722656, -67.4969253540039, 13.698613166809082, -81.28690338134766, -22.84650421142578, -70.4373550415039, -15.29554271697998, -26.926877975463867, -9.052396774291992, -10.513383865356445, -8.374267578125, -6.148974418640137], "lowlevel.melbands.mean": [0.007362755015492439, 0.005517125595360994, 0.0014000303344801068, 0.001604518387466669, 0.0009006678592413664, 0.00013506413961295038, 0.0005104565643705428, 0.00012076173152308911, 2.5646984795457684e-05, 7.746853043499868e-06, 1.215732754644705e-05, 2.141404002031777e-05, 4.1186282032867894e-05, 7.967985766299535e-06, 4.101383183297003e-06, 6.2316848925547674e-06, 8.991355571197346e-06, 7.427760465361644e-06, 4.7067114792298526e-06, 4.474352408578852e-06, 3.7844854432478314e-06, 3.683726845338242e-06, 4.273438207746949e-06, 3.492690211714944e-06, 2.7575724743655883e-06, 1.9932176655856892e-06, 2.40719600697048e-06, 2.4017240320972633e-06, 1.8599961322252057e-06, 9.589987257641042e-07, 7.983564955793554e-07, 1.1648844520095736e-06, 1.4075643548494554e-06, 1.5133409760892391e-06, 1.4658686495749862e-06, 8.128559443321137e-07, 6.78327239711507e-07, 8.175001084964606e-07, 7.70676138017734e-07, 6.104132239670435e-07], "lowlevel.melbands.stdev": [0.01823197305202484, 0.018615905195474625, 0.005856950301676989, 0.001539778197184205, 0.0006344057037495077, 0.0002444604760967195, 0.000421583594288677, 0.00011607904161792248, 7.33014167053625e-05, 2.7306452466291375e-05, 5.1115504902554676e-05, 0.00011447478755144402, 0.00036169702070765197, 5.3308474889490753e-05, 2.0738127204822376e-05, 1.9846745999529958e-05, 4.711001383839175e-05, 4.7830613766564056e-05, 2.84276047750609e-05, 2.262197813251987e-05, 1.608063575986307e-05, 1.606345540494658e-05, 1.67002399393823e-05, 1.265632363356417e-05, 1.0184940038016066e-05, 7.783442015352193e-06, 8.613526006229222e-06, 9.584541658114176e-06, 8.65964830154553e-06, 4.778175480169011e-06, 3.4334934753132984e-06, 4.2416500036779325e-06, 5.269291705189971e-06, 5.241026428848272e-06, 6.428168489946984e-06, 3.330492518216488e-06, 2.921575287473388e-06, 3.421175961193512e-06, 2.801103619276546e-06, 1.977367674044217e-06], "lowlevel.melbands128.mean": [0.00039325887337327003, 0.005259910132735968, 0.011420766822993755, 0.009436985477805138, 0.005292748566716909, 0.0025771341752260923, 0.0014698319137096405, 0.001126273418776691, 0.0009879969293251634, 0.0021875123493373394, 0.001560297212563455, 0.001011499552987516, 0.0010316784027963877, 0.00031795186805538833, 5.1380186050664634e-05, 3.363805080880411e-05, 0.00023582795984111726, 0.0009207147522829473, 0.00042165463673882186, 5.909744868404232e-05, 3.4102577046724036e-05, 3.221304723410867e-05, 3.145126174786128e-05, 9.22604522202164e-06, 7.356772584898863e-06, 6.598141681024572e-06, 8.400737897318322e-06, 1.4190628462529276e-05, 1.2147271263529547e-05, 1.8108205040334724e-05, 1.452294600312598e-05, 4.7104440454859287e-05, 6.222900992725044e-05, 2.1211000785115175e-05, 7.624826139362995e-06, 5.593081823462853e-06, 6.353614935505902e-06, 3.145394430248416e-06, 3.2878208457987057e-06, 4.847978289035382e-06, 7.410149919451214e-06, 7.292700502148364e-06, 6.884322829137091e-06, 1.1888044355146121e-05, 1.1506591363286134e-05, 5.311280801834073e-06, 4.2101446524611674e-06, 5.934303771937266e-06, 4.016068032797193e-06, 3.5171510717191268e-06, 5.176784270588541e-06, 4.595841346599627e-06, 4.3278964767523576e-06, 2.923758074757643e-06, 3.570032731659012e-06, 3.020212943738443e-06, 4.643055945052765e-06, 5.010770109947771e-06, 3.293530653536436e-06, 4.586787781590829e-06, 3.0876849450578447e-06, 3.4752035844576312e-06, 2.9056250241410453e-06, 2.701530775084393e-06, 2.2089445792516926e-06, 1.5566802176181227e-06, 2.352182491449639e-06, 2.02791920855816e-06, 2.7066701022704365e-06, 2.536529564167722e-06, 1.8349110177950934e-06, 3.055758725167834e-06, 2.1997814201313304e-06, 1.5693816521888948e-06, 1.4977530327087152e-06, 1.0923417903541122e-06, 6.68682901050488e-07, 5.188553018342645e-07, 9.698671874502907e-07, 8.838931648824655e-07, 8.802925890449842e-07, 1.4234710761229508e-06, 1.5606412944180192e-06, 1.372025167256652e-06, 1.3218923413660377e-06, 1.3646533716382692e-06, 1.5545429050689563e-06, 1.810325784390443e-06, 1.559373799864261e-06, 1.2400298601278337e-06, 8.075355708569987e-07, 7.614550554535526e-07, 6.483895731435041e-07, 6.343528298202727e-07, 7.136241038097069e-07, 7.841081242077053e-07, 7.511130775128549e-07, 1.0456003565195715e-06, 7.779415795994282e-07, 5.652364052366465e-07, 8.079950930550694e-07, 5.895632284591557e-07, 4.623566383088473e-07, 3.310736644834833e-07, 1.868942973715093e-07, 1.2893541168068623e-07, 9.581374627032346e-08, 9.85140999887335e-08, 4.942280895647855e-08, 3.32714300554926e-08, 3.200176479367656e-08, 2.2006041433542123e-08, 1.1980374914344338e-08, 4.1798440264528836e-09, 3.686964067384224e-09, 1.933275539656165e-09, 1.1168985736276227e-09, 5.1353379881824424e-11, 1.0199799338472815e-11, 9.921183666272704e-12, 9.693581007330643e-12, 9.512697053681851e-12, 9.283377018498573e-12, 9.118039656641486e-12, 8.952952962326677e-12, 8.784311819609592e-12, 8.679085228280314e-12, 8.627749556455733e-12], "lowlevel.melbands128.stdev": [0.001371664460748434, 0.01384689286351204, 0.02951030060648918, 0.029656389728188515, 0.022948045283555984, 0.012831730768084526, 0.007879454642534256, 0.005106064490973949, 0.002734953537583351, 0.0018301182426512241, 0.0011262167245149612, 0.0006454686517827213, 0.0010628551244735718, 0.0004374808049760759, 0.00022947860998101532, 0.00019607818103395402, 0.0002711456618271768, 0.0007888489053584635, 0.00035224229213781655, 0.00010404770000604913, 8.953400538302958e-05, 9.264501568395644e-05, 8.736374002182856e-05, 4.258055196260102e-05, 2.8866819775430486e-05, 2.169849358324427e-05, 3.3747837733244523e-05, 7.207955059129745e-05, 5.1425206038402393e-05, 5.442276960820891e-05, 5.710948971682228e-05, 0.0004266367759555578, 0.000562015047762543, 0.0001819731405703351, 5.301940473145805e-05, 3.481208477751352e-05, 4.1350234823767096e-05, 1.6137932107085362e-05, 1.285839061893057e-05, 1.7170432329294272e-05, 2.245201358164195e-05, 2.6972527848556638e-05, 2.9052745958324522e-05, 7.541882223449647e-05, 0.00010503691737540066, 3.1910589314065874e-05, 2.4602948542451486e-05, 4.0900213207351044e-05, 2.3340237021329813e-05, 1.681008689047303e-05, 2.888434573833365e-05, 2.6361494747106917e-05, 2.0087885786779225e-05, 1.149126637756126e-05, 1.55475518113235e-05, 1.4274850400397554e-05, 2.269630931550637e-05, 2.3499846065533347e-05, 1.1391570296837017e-05, 1.8144997739000246e-05, 1.117555166274542e-05, 1.419112322764704e-05, 1.2546487596409861e-05, 9.51931724557653e-06, 9.505227353656664e-06, 6.089596809033537e-06, 1.0031697456724942e-05, 8.084151886578184e-06, 1.0013753126258962e-05, 9.243149179383181e-06, 6.52489597996464e-06, 1.6550737200304866e-05, 1.0012944585469086e-05, 7.314398771995911e-06, 7.388421636278508e-06, 5.707542186428327e-06, 3.341983983773389e-06, 2.473338781783241e-06, 4.097888904652791e-06, 4.291588993510231e-06, 3.270348088335595e-06, 5.060567218606593e-06, 6.426862000807887e-06, 5.8442942645342555e-06, 4.734116828331025e-06, 4.815265128854662e-06, 5.569523182202829e-06, 8.265087672043592e-06, 6.969526566535933e-06, 6.096407560107764e-06, 3.356150273248204e-06, 3.2124305562319933e-06, 2.700765890040202e-06, 3.4675590541155543e-06, 3.0085873277130304e-06, 3.3592432373552583e-06, 3.426619286983623e-06, 4.215270109853009e-06, 2.9378343242569827e-06, 1.9808651359198848e-06, 2.6904810965788784e-06, 1.8913882513516e-06, 1.656424387874722e-06, 1.0994561989718932e-06, 6.420833074116672e-07, 4.965293669556559e-07, 3.3879584293572407e-07, 3.5120595498483453e-07, 1.8811510926752817e-07, 1.5182968127191998e-07, 1.4262924707963975e-07, 8.433767106907908e-08, 4.425265132113054e-08, 1.5762935845486936e-08, 1.9817214536033134e-08, 9.570619852183881e-09, 8.555423036682441e-09, 2.8853874844969596e-10, 2.0674363263029072e-11, 2.0130366124027077e-11, 1.9673578738332864e-11, 1.9303766918277177e-11, 1.886793672689624e-11, 1.855160469688144e-11, 1.8283187463996597e-11, 1.806046805163941e-11, 1.7904996929551942e-11, 1.7809032026860905e-11], "lowlevel.mfcc.mean": [-814.02880859375, 168.83889770507812, 47.61354064941406, 24.17736053466797, 5.111034870147705, -17.69244956970215, -27.97280502319336, -22.37598419189453, -22.070009231567383, -19.71190643310547, -4.549765110015869, -14.747876167297363, -6.492803573608398], "lowlevel.spectral_contrast_coeffs.mean": [-0.475324809551239, -0.6606234312057495, -0.815275251865387, -0.825631320476532, -0.8338521718978882, -0.813870906829834], "lowlevel.spectral_contrast_coeffs.stdev": [0.1149349957704544, 0.06957957148551941, 0.04398031905293465, 0.05392061918973923, 0.048658307641744614, 0.04777614399790764], "lowlevel.spectral_contrast_valleys.mean": [-8.242203712463379, -7.7570481300354, -9.061504364013672, -9.434837341308594, -9.674156188964844, -11.884276390075684], "lowlevel.spectral_contrast_valleys.stdev": [1.3539916276931763, 0.7358280420303345, 1.2338310480117798, 1.1789950132369995, 1.507287621498108, 1.4922457933425903], "rhythm.beats_loudness_band_ratio.mean": [0.48846435546875, 0.3369002044200897, 0.08994264155626297, 0.015779655426740646, 0.04754190519452095, 0.05471466854214668], "rhythm.beats_loudness_band_ratio.stdev": [0.4336247444152832, 0.3018995225429535, 0.08589034527540207, 0.032666098326444626, 0.06806175410747528, 0.08428935706615448], "tonal.hpcp.mean": [0.08007697761058807, 0.17946089804172516, 0.11989006400108337, 0.025172458961606026, 0.06017023324966431, 0.04152655601501465, 0.0802132785320282, 0.16547274589538574, 0.0970078557729721, 0.008903635665774345, 0.0037862728349864483, 0.004150329157710075, 0.12910693883895874, 0.27839162945747375, 0.159993514418602, 0.014116847887635231, 0.007425606716424227, 0.006388240493834019, 0.01762804575264454, 0.028062935918569565, 0.033755119889974594, 0.06343387812376022, 0.08762708306312561, 0.04628821462392807, 0.007013088092207909, 0.0050468845292925835, 0.0036569295916706324, 0.004989481996744871, 0.00552323367446661, 0.00818812008947134, 0.009038479998707771, 0.012158293277025223, 0.02761651761829853, 0.30913278460502625, 0.6942520141601562, 0.42289748787879944], "tonal.hpcp.stdev": [0.15612836182117462, 0.32593563199043274, 0.22641177475452423, 0.10526107996702194, 0.22525916993618011, 0.14734306931495667, 0.08535021543502808, 0.1860698014497757, 0.13735763728618622, 0.05281025543808937, 0.009706593118607998, 0.0145551273599267, 0.1600361317396164, 0.3442666530609131, 0.20397379994392395, 0.09928145259618759, 0.04894034191966057, 0.029406677931547165, 0.10459136962890625, 0.12913791835308075, 0.15152877569198608, 0.1407129168510437, 0.14068391919136047, 0.060155466198921204, 0.013814789243042469, 0.009962919168174267, 0.008505495265126228, 0.013421225361526012, 0.014416360296308994, 0.022007150575518608, 0.03181355074048042, 0.057015106081962585, 0.11729159206151962, 0.24931010603904724, 0.40900030732154846, 0.2640918791294098], "rhythm.beats_position": [0.3831292390823364, 0.7778684496879578, 1.160997748374939, 1.5789568424224854, 1.9969160556793213, 2.4380950927734375, 2.867664337158203, 3.3088433742523193, 3.738412618637085, 4.179591655731201, 4.6207709312438965], "rhythm.bpm_histogram": [0.0, 0.0, 0.0, 0.0, 0.0, 0.0, 0.0, 0.0, 0.0, 0.0, 0.0, 0.0, 0.0, 0.0, 0.0, 0.0, 0.0, 0.0, 0.0, 0.0, 0.0, 0.0, 0.0, 0.0, 0.0, 0.0, 0.0, 0.0, 0.0, 0.0, 0.0, 0.0, 0.0, 0.0, 0.0, 0.0, 0.0, 0.0, 0.0, 0.0, 0.0, 0.0, 0.0, 0.0, 0.0, 0.0, 0.0, 0.0, 0.0, 0.0, 0.0, 0.0, 0.0, 0.0, 0.0, 0.0, 0.0, 0.0, 0.0, 0.0, 0.0, 0.0, 0.0, 0.0, 0.0, 0.0, 0.0, 0.0, 0.0, 0.0, 0.0, 0.0, 0.0, 0.0, 0.0, 0.0, 0.0, 0.0, 0.0, 0.0, 0.0, 0.0, 0.0, 0.0, 0.0, 0.0, 0.0, 0.0, 0.0, 0.0, 0.0, 0.0, 0.0, 0.0, 0.0, 0.0, 0.0, 0.0, 0.0, 0.0, 0.0, 0.0, 0.0, 0.0, 0.0, 0.0, 0.0, 0.0, 0.0, 0.0, 0.0, 0.0, 0.0, 0.0, 0.0, 0.0, 0.0, 0.0, 0.0, 0.0, 0.0, 0.0, 0.0, 0.0, 0.0, 0.0, 0.0, 0.0, 0.0, 0.0, 0.0, 0.0, 0.0, 0.0, 0.0, 0.0, 0.4000000059604645, 0.0, 0.0, 0.0, 0.20000000298023224, 0.0, 0.0, 0.0, 0.20000000298023224, 0.0, 0.0, 0.0, 0.0, 0.0, 0.0, 0.0, 0.10000000149011612, 0.0, 0.0, 0.0, 0.0, 0.10000000149011612, 0.0, 0.0, 0.0, 0.0, 0.0, 0.0, 0.0, 0.0, 0.0, 0.0, 0.0, 0.0, 0.0, 0.0, 0.0, 0.0, 0.0, 0.0, 0.0, 0.0, 0.0, 0.0, 0.0, 0.0, 0.0, 0.0, 0.0, 0.0, 0.0, 0.0, 0.0, 0.0, 0.0, 0.0, 0.0, 0.0, 0.0, 0.0, 0.0, 0.0, 0.0, 0.0, 0.0, 0.0, 0.0, 0.0, 0.0, 0.0, 0.0, 0.0, 0.0, 0.0, 0.0, 0.0, 0.0, 0.0, 0.0, 0.0, 0.0, 0.0, 0.0, 0.0, 0.0, 0.0, 0.0, 0.0, 0.0, 0.0, 0.0, 0.0, 0.0, 0.0, 0.0, 0.0, 0.0, 0.0, 0.0, 0.0, 0.0, 0.0, 0.0, 0.0, 0.0, 0.0, 0.0, 0.0, 0.0, 0.0, 0.0, 0.0, 0.0, 0.0], "tonal.chords_histogram": [77.88461303710938, 13.461538314819336, 0.0, 0.0, 0.0, 0.0, 0.0, 8.65384578704834, 0.0, 0.0, 0.0, 0.0, 0.0, 0.0, 0.0, 0.0, 0.0, 0.0, 0.0, 0.0, 0.0, 0.0, 0.0, 0.0], "tonal.thpcp": [1.0, 0.6091411709785461, 0.11534281075000763, 0.2584953308105469, 0.1726895421743393, 0.03625838831067085, 0.08666915446519852, 0.05981481447815895, 0.11553913354873657, 0.23834680020809174, 0.1397300362586975, 0.012824788689613342, 0.005453743971884251, 0.0059781307354569435, 0.18596552312374115, 0.40099507570266724, 0.23045451939105988, 0.020333895459771156, 0.010695837438106537, 0.009201616048812866, 0.02539142221212387, 0.040421828627586365, 0.04862084612250328, 0.0913701057434082, 0.12621797621250153, 0.06667350232601166, 0.010101646184921265, 0.007269528228789568, 0.0052674380131065845, 0.007186845410615206, 0.007955661043524742, 0.011794161051511765, 0.013019018806517124, 0.017512794584035873, 0.039778806269168854, 0.44527459144592285], "lowlevel.gfcc.cov": [[9765.244140625, -3696.65771484375, -2583.29541015625, 1494.1451416015625, -253.3412322998047, 1011.8975830078125, -594.5818481445312, 795.4490966796875, -406.0105895996094, 207.97120666503906, -50.80464172363281, 544.419189453125, -74.98649597167969], [-3696.65771484375, 3761.574462890625, 1874.521484375, -1035.4520263671875, 916.9675903320312, 23.620319366455078, 1251.1590576171875, -404.8541259765625, 505.5342102050781, -6.573831081390381, 365.5959167480469, -286.531005859375, 120.44356536865234], [-2583.29541015625, 1874.521484375, 2164.954833984375, -113.56873321533203, 738.8173217773438, 30.495969772338867, 844.9202880859375, 138.0021209716797, 585.8202514648438, 75.4461669921875, 277.016357421875, -15.644498825073242, 190.4384002685547], [1494.1451416015625, -1035.4520263671875, -113.56873321533203, 942.7352905273438, 119.83500671386719, 63.76823425292969, -68.19847869873047, 339.7329406738281, 138.56434631347656, 41.70611572265625, 8.0680513381958, 133.59295654296875, 58.30506896972656], [-253.3412322998047, 916.9675903320312, 738.8173217773438, 119.83500671386719, 753.6558837890625, 323.4297180175781, 653.4436645507812, 204.42164611816406, 369.31768798828125, 89.70861053466797, 182.24282836914062, 56.81074523925781, 97.7953109741211], [1011.8975830078125, 23.620319366455078, 30.495969772338867, 63.76823425292969, 323.4297180175781, 506.6976318359375, 342.8858947753906, 219.12814331054688, 85.85130310058594, 145.13502502441406, 125.73918914794922, 147.13685607910156, 7.634092807769775], [-594.5818481445312, 1251.1590576171875, 844.9202880859375, -68.19847869873047, 653.4436645507812, 342.8858947753906, 870.76171875, 72.49180603027344, 319.5602722167969, 119.68505096435547, 251.25735473632812, 21.70872688293457, 84.08704376220703], [795.4490966796875, -404.8541259765625, 138.0021209716797, 339.7329406738281, 204.42164611816406, 219.12814331054688, 72.49180603027344, 363.5132751464844, 134.26344299316406, 48.637699127197266, 27.032747268676758, 160.36029052734375, 64.09451293945312], [-406.0105895996094, 505.5342102050781, 585.8202514648438, 138.56434631347656, 369.31768798828125, 85.85130310058594, 319.5602722167969, 134.26344299316406, 268.2130432128906, 37.10100555419922, 102.69666290283203, 32.01576232910156, 87.18012237548828], [207.97120666503906, -6.573831081390381, 75.4461669921875, 41.70611572265625, 89.70861053466797, 145.13502502441406, 119.68505096435547, 48.637699127197266, 37.10100555419922, 126.23855590820312, 85.30718231201172, 56.60463333129883, 2.3937461376190186], [-50.80464172363281, 365.5959167480469, 277.016357421875, 8.0680513381958, 182.24282836914062, 125.73918914794922, 251.25735473632812, 27.032747268676758, 102.69666290283203, 85.30718231201172, 153.94369506835938, 33.69684600830078, 43.985931396484375], [544.419189453125, -286.531005859375, -15.644498825073242, 133.59295654296875, 56.81074523925781, 147.13685607910156, 21.70872688293457, 160.36029052734375, 32.01576232910156, 56.60463333129883, 33.69684600830078, 130.4170684814453, 36.89214324951172], [-74.98649597167969, 120.44356536865234, 190.4384002685547, 58.30506896972656, 97.7953109741211, 7.634092807769775, 84.08704376220703, 64.09451293945312, 87.18012237548828, 2.3937461376190186, 43.985931396484375, 36.89214324951172, 84.09635162353516]], "lowlevel.gfcc.icov": [[0.0003939263115171343, -0.00014996397658251226, 0.00033831296605058014, -0.000666078005451709, 9.957707516150549e-05, -0.0009420906426385045, 0.0002650840033311397, -0.00021459488198161125, 0.0006342047709040344, 0.0002645445929374546, -0.00027886987663805485, -0.00011433732288423926, -0.00033903311123140156], [-0.00014996397658251226, 0.004749807063490152, -0.0006830847705714405, 0.00455417949706316, -0.002195745473727584, 0.0013585399137809873, -0.0022668703459203243, 0.0024286643601953983, -0.005112556740641594, 0.004041161388158798, -0.005429206881672144, 0.0038542754482477903, 0.0006325322319753468], [0.00033831296605058014, -0.0006830847705714405, 0.002392411231994629, 1.3322265658644028e-05, 0.0013095876201987267, 0.000833837955724448, -0.0008024619892239571, -0.0021102053578943014, -0.0032963058911263943, -0.000986345112323761, -0.0004600095562636852, -0.0001892356958705932, 0.0004340159357525408], [-0.000666078005451709, 0.00455417949706316, 1.3322265658644028e-05, 0.007511531934142113, -0.0017110781045630574, 0.004274397157132626, -0.0027274684980511665, -0.00048566929763183, -0.008384489454329014, 0.0023292212281376123, -0.00555555010214448, 0.003943148534744978, 0.0021462521981447935], [9.957707516150549e-05, -0.002195745473727584, 0.0013095876201987267, -0.0017110781045630574, 0.010383037850260735, -0.0034525678493082523, -0.0022472671698778868, -0.0022016847506165504, -0.008498841896653175, -0.0012913483660668135, 0.0037310831248760223, 0.0007545730913989246, 0.00018305249977856874], [-0.0009420906426385045, 0.0013585399137809873, 0.000833837955724448, 0.004274397157132626, -0.0034525678493082523, 0.013301938772201538, -0.004684084095060825, -0.004773561377078295, 0.0004332264943514019, -0.00332537735812366, -0.0029764664359390736, -0.003923837095499039, 0.006415428128093481], [0.0002650840033311397, -0.0022668703459203243, -0.0008024619892239571, -0.0027274684980511665, -0.0022472671698778868, -0.004684084095060825, 0.007861653342843056, 0.0016640854300931096, 0.0031950899865478277, -0.00030156306456774473, -0.0010248776525259018, -0.0004540642548818141, -0.0014677613507956266], [-0.00021459488198161125, 0.0024286643601953983, -0.0021102053578943014, -0.00048566929763183, -0.0022016847506165504, -0.004773561377078295, 0.0016640854300931096, 0.016004053875803947, -0.005562017671763897, 0.005269916728138924, 0.0018912602681666613, -0.008207383565604687, -0.0011949362233281136], [0.0006342047709040344, -0.005112556740641594, -0.0032963058911263943, -0.008384489454329014, -0.008498841896653175, 0.0004332264943514019, 0.0031950899865478277, -0.005562017671763897, 0.0387386679649353, -0.005208477843552828, 0.004330884199589491, -0.0018753389595076442, -0.009399757720530033], [0.0002645445929374546, 0.004041161388158798, -0.000986345112323761, 0.0023292212281376123, -0.0012913483660668135, -0.00332537735812366, -0.00030156306456774473, 0.005269916728138924, -0.005208477843552828, 0.02404749020934105, -0.015154845081269741, -0.0042565204203128815, 0.0076643177308142185], [-0.00027886987663805485, -0.005429206881672144, -0.0004600095562636852, -0.00555555010214448, 0.0037310831248760223, -0.0029764664359390736, -0.0010248776525259018, 0.0018912602681666613, 0.004330884199589491, -0.015154845081269741, 0.028963377699255943, -0.004944473970681429, -0.009103100746870041], [-0.00011433732288423926, 0.0038542754482477903, -0.0001892356958705932, 0.003943148534744978, 0.0007545730913989246, -0.003923837095499039, -0.0004540642548818141, -0.008207383565604687, -0.0018753389595076442, -0.0042565204203128815, -0.004944473970681429, 0.033768802881240845, -0.01190192811191082], [-0.00033903311123140156, 0.0006325322319753468, 0.0004340159357525408, 0.0021462521981447935, 0.00018305249977856874, 0.006415428128093481, -0.0014677613507956266, -0.0011949362233281136, -0.009399757720530033, 0.0076643177308142185, -0.009103100746870041, -0.01190192811191082, 0.029303941875696182]], "lowlevel.mfcc.cov": [[12367.810546875, -5290.5732421875, -2299.366455078125, -59.208831787109375, 298.95111083984375, -127.34910583496094, 130.80247497558594, 364.7066345214844, -63.49122619628906, -344.11279296875, 122.98560333251953, -381.1068115234375, 375.05902099609375], [-5290.5732421875, 4821.1630859375, 1151.294677734375, -306.80462646484375, -154.32907104492188, 732.4627075195312, 583.4147338867188, 182.93040466308594, 225.3695831298828, 306.7340393066406, 383.62884521484375, 453.99462890625, -186.39138793945312], [-2299.366455078125, 1151.294677734375, 1133.5186767578125, 328.04473876953125, 140.6886749267578, 107.33325958251953, 114.23200988769531, 163.5083770751953, 169.27513122558594, 306.20562744140625, 29.29726791381836, 209.03628540039062, 73.24211883544922], [-59.208831787109375, -306.80462646484375, 328.04473876953125, 729.27392578125, 254.34146118164062, 0.6960462331771851, -20.817768096923828, 160.97125244140625, 205.27804565429688, 203.26812744140625, -78.71305847167969, 113.6155014038086, 146.98355102539062], [298.95111083984375, -154.32907104492188, 140.6886749267578, 254.34146118164062, 343.71966552734375, 26.24980926513672, 57.161293029785156, 212.58047485351562, 206.7722625732422, 110.41547393798828, 70.36006927490234, 53.33723831176758, 157.03475952148438], [-127.34910583496094, 732.4627075195312, 107.33325958251953, 0.6960462331771851, 26.24980926513672, 437.77679443359375, 351.27935791015625, 202.34461975097656, 101.04035186767578, 180.91339111328125, 201.12538146972656, 210.08657836914062, 2.636394500732422], [130.80247497558594, 583.4147338867188, 114.23200988769531, -20.817768096923828, 57.161293029785156, 351.27935791015625, 399.558837890625, 267.63763427734375, 139.02239990234375, 183.17823791503906, 200.1500244140625, 185.9901885986328, 53.93767547607422], [364.7066345214844, 182.93040466308594, 163.5083770751953, 160.97125244140625, 212.58047485351562, 202.34461975097656, 267.63763427734375, 367.27191162109375, 246.2179718017578, 182.61647033691406, 141.18939208984375, 129.15513610839844, 135.0435333251953], [-63.49122619628906, 225.3695831298828, 169.27513122558594, 205.27804565429688, 206.7722625732422, 101.04035186767578, 139.02239990234375, 246.2179718017578, 277.4075927734375, 123.46259307861328, 92.62652587890625, 74.44195556640625, 127.54423522949219], [-344.11279296875, 306.7340393066406, 306.20562744140625, 203.26812744140625, 110.41547393798828, 180.91339111328125, 183.17823791503906, 182.61647033691406, 123.46259307861328, 251.88873291015625, 43.68700408935547, 151.34689331054688, 43.01636505126953], [122.98560333251953, 383.62884521484375, 29.29726791381836, -78.71305847167969, 70.36006927490234, 201.12538146972656, 200.1500244140625, 141.18939208984375, 92.62652587890625, 43.68700408935547, 239.8376922607422, 82.36880493164062, 33.65796661376953], [-381.1068115234375, 453.99462890625, 209.03628540039062, 113.6155014038086, 53.33723831176758, 210.08657836914062, 185.9901885986328, 129.15513610839844, 74.44195556640625, 151.34689331054688, 82.36880493164062, 187.89700317382812, 27.533403396606445], [375.05902099609375, -186.39138793945312, 73.24211883544922, 146.98355102539062, 157.03475952148438, 2.636394500732422, 53.93767547607422, 135.0435333251953, 127.54423522949219, 43.01636505126953, 33.65796661376953, 27.533403396606445, 157.5947723388672]], "lowlevel.mfcc.icov": [[0.00031888371449895203, 0.0002840407541953027, 0.0003634690074250102, -9.482594759901986e-05, -3.5669869248522446e-05, -0.00019930425332859159, -0.00039511031354777515, -0.0004786037898156792, 0.00048402685206383467, 0.00013132453022990376, -0.00020452908938750625, 0.00041363484342582524, -0.00037538682227022946], [0.0002840407541953027, 0.0009526925277896225, -0.0005221262690611184, 0.00043274144991301, -2.1433212168631144e-05, -0.0008945245062932372, -0.0008483236306346953, 0.0003969112876802683, -0.001134683028794825, 0.0011693655978888273, 2.147454688383732e-05, -0.0004749843501485884, 0.0009539233869872987], [0.0003634690074250102, -0.0005221262690611184, 0.003119308967143297, -0.000562820176128298, 0.0005734817241318524, 0.0016582862008363008, 0.0011682701297104359, -0.0011218576692044735, 0.0017051001777872443, -0.00369170936755836, -0.0013287202455103397, -0.0002889632014557719, -0.002483063843101263], [-9.482594759901986e-05, 0.00043274144991301, -0.000562820176128298, 0.0039466386660933495, -0.0005125943571329117, -0.001092305639758706, 0.0027263392694294453, 0.0007715867250226438, -0.0028535816818475723, -0.0016261052805930376, 0.0016008252277970314, -0.003002998186275363, -0.0008110056514851749], [-3.5669869248522446e-05, -2.1433212168631144e-05, 0.0005734817241318524, -0.0005125943571329117, 0.00936278235167265, 0.0004774639382958412, 0.005158853717148304, -0.0030270095448940992, -0.0017702860059216619, -0.0035510361194610596, -0.0035887749399989843, -0.0007063732482492924, -0.004946319852024317], [-0.00019930425332859159, -0.0008945245062932372, 0.0016582862008363008, -0.001092305639758706, 0.0004774639382958412, 0.013398490846157074, -0.006417012773454189, 0.0010077786864712834, 0.0004399261379148811, -0.0029703890904784203, -0.003774600336328149, -0.0053774211555719376, 0.0024975815322250128], [-0.00039511031354777515, -0.0008483236306346953, 0.0011682701297104359, 0.0027263392694294453, 0.005158853717148304, -0.006417012773454189, 0.021358555182814598, -0.008139672689139843, 0.0010113028110936284, -0.006951104383915663, -0.003843200160190463, -0.003780386643484235, -0.0059569226577878], [-0.0004786037898156792, 0.0003969112876802683, -0.0011218576692044735, 0.0007715867250226438, -0.0030270095448940992, 0.0010077786864712834, -0.008139672689139843, 0.0166772548109293, -0.008727197535336018, -0.0015911415684968233, 0.0007996142958290875, -0.0004796587163582444, 0.00031506616505794227], [0.00048402685206383467, -0.001134683028794825, 0.0017051001777872443, -0.0028535816818475723, -0.0017702860059216619, 0.0004399261379148811, 0.0010113028110936284, -0.008727197535336018, 0.016529876738786697, -0.0014816733309999108, -0.0022250653710216284, 0.004926909226924181, -0.005095131695270538], [0.00013132453022990376, 0.0011693655978888273, -0.00369170936755836, -0.0016261052805930376, -0.0035510361194610596, -0.0029703890904784203, -0.006951104383915663, -0.0015911415684968233, -0.0014816733309999108, 0.018984731286764145, 0.0055145989172160625, -0.0033210180699825287, 0.007053058594465256], [-0.00020452908938750625, 2.147454688383732e-05, -0.0013287202455103397, 0.0016008252277970314, -0.0035887749399989843, -0.003774600336328149, -0.003843200160190463, 0.0007996142958290875, -0.0022250653710216284, 0.0055145989172160625, 0.011616017669439316, -0.00037711739423684776, 0.0017865364206954837], [0.00041363484342582524, -0.0004749843501485884, -0.0002889632014557719, -0.003002998186275363, -0.0007063732482492924, -0.0053774211555719376, -0.003780386643484235, -0.0004796587163582444, 0.004926909226924181, -0.0033210180699825287, -0.00037711739423684776, 0.021027352660894394, -0.0027864817529916763], [-0.00037538682227022946, 0.0009539233869872987, -0.002483063843101263, -0.0008110056514851749, -0.004946319852024317, 0.0024975815322250128, -0.0059569226577878, 0.00031506616505794227, -0.005095131695270538, 0.007053058594465256, 0.0017865364206954837, -0.0027864817529916763, 0.0192368496209383]], "metadata.audio_properties.analysis.downmix": "mix", "metadata.audio_properties.codec": "mp3", "metadata.audio_properties.md5_encoded": "9f22dde9e597fdf82fc2006491eeccb0", "metadata.tags.file_name": "1183669965560238110.mp3", "metadata.version.essentia": "2.1-beta6-dev", "metadata.version.essentia_git_sha": "v2.1_beta5-1110-g77a6a954", "metadata.version.extractor": "music 2.0", "tonal.chords_key": "C#", "tonal.chords_scale": "minor", "tonal.key_edma.key": "C#", "tonal.key_edma.scale": "minor", "tonal.key_krumhansl.key": "C#", "tonal.key_krumhansl.scale": "minor", "tonal.key_temperley.key": "C#", "tonal.key_temperley.scale": "minor", "metadata.tags.encoding": ["Lavf58.45.100"]}, "essentia_models": [{"model_name": "genre_dortmund", "activations": {"alternative": "0.0020766123", "blues": "1.7805207e-05", "electronic": "0.07000674", "folkcountry": "8.545921e-05", "funksoulrnb": "0.001986251", "jazz": "0.0022538612", "pop": "0.010811949", "raphiphop": "0.75732344", "rock": "0.00017158888"}}, {"model_name": "genre_rosamerica", "activations": {"classic": "0.00017613276", "dance": "3.7405764e-05", "hip hop": "0.014516739", "jazz": "0.0005979902", "pop": "0.02592841", "rhythm and blues": "0.54782534", "rock": "0.00030664276", "speech": "0.0017820895"}}, {"model_name": "genre_tzanetakis", "activations": {"blues": "7.092242e-05", "classic": "0.00019662967", "country": "3.8772573e-06", "disco": "5.925876e-05", "hip hop": "0.06766077", "jazz": "0.000110898654", "metal": "5.973512e-05", "pop": "0.2614749", "reggae": "0.0013573483", "rock": "0.0018299128"}}, {"model_name": "genre_electronic", "activations": {"ambient": "0.036027145", "dnb": "0.060588006", "house": "0.5808841", "techno": "0.6490412", "trance": "0.00469203"}}, {"model_name": "mood_ac