{"song_id": "1183704971208835122", "download": "https://cdn.discordapp.com/attachments/1128313332273782784/1183704971208835122/chirp.mp4?ex=65894e29&amp", "lyrics": "(Verse 1)\n\u4f60\u6d3b\u5728\u8fd9\u4e2a\u65f6\u4ee3\uff0c\u522b\u95ee\u516b\u4e5d\u4e0d\u79bb\u5341\uff0c\n\u6bcf\u5929\u6296\u97f3\u55e8\uff0c\u65e0\u89c6\u98ce\u6708\u3002\n\u4e0d\u7ba1\u706b\u4e0d\u706b\uff0c\u53d1\u4e86\u518d\u770b\u7ed3\u679c\uff0c\n\u8fd9\u5e74\u4ee3\u4e0d\u662f80\u540e\uff0c90\u540e\uff0c\n\u66f4\u4e0d\u662f00\u540e\uff0c\n\u4ed6\u5988\u7684\uff0c\u662f\u8138\u76ae\u539a\u5144\u5f1f\u4eec\u3002\n\n(Chorus)\n\u4e0d\u95ee\u4e09\u4e03\u4e8c\u5341\u4e00\uff0c\n\u5929\u5929\u6296\u97f3\u4efb\u4f60\u63a8\u3002\n80\u540e90\u540e\u7edf\u7edf\u62c9\u5012\uff0c\n\u8fd9\u5e74\u5934\u9760\u7684\u662f\u8138\u76ae\u539a\u3002", "style": ["bob marley"], "essentia_features": {"lowlevel.average_loudness": 0.8485145568847656, "lowlevel.barkbands_crest.mean": 11.742167472839355, "lowlevel.barkbands_crest.stdev": 3.268747568130493, "lowlevel.barkbands_flatness_db.mean": 0.3423466086387634, "lowlevel.barkbands_flatness_db.stdev": 0.13695301115512848, "lowlevel.barkbands_kurtosis.mean": 16.992382049560547, "lowlevel.barkbands_kurtosis.stdev": 21.02461814880371, "lowlevel.barkbands_skewness.mean": 2.3663101196289062, "lowlevel.barkbands_skewness.stdev": 1.8039391040802002, "lowlevel.barkbands_spread.mean": 6.353234767913818, "lowlevel.barkbands_spread.stdev": 9.470318794250488, "lowlevel.dissonance.mean": 0.3739893138408661, "lowlevel.dissonance.stdev": 0.07452718168497086, "lowlevel.dynamic_complexity": 3.196324110031128, "lowlevel.erbbands_crest.mean": 11.914141654968262, "lowlevel.erbbands_crest.stdev": 3.9762837886810303, "lowlevel.erbbands_flatness_db.mean": 0.2790984809398651, "lowlevel.erbbands_flatness_db.stdev": 0.11309737712144852, "lowlevel.erbbands_kurtosis.mean": 7.183059215545654, "lowlevel.erbbands_kurtosis.stdev": 8.416200637817383, "lowlevel.erbbands_skewness.mean": 1.6692389249801636, "lowlevel.erbbands_skewness.stdev": 1.176196575164795, "lowlevel.erbbands_spread.mean": 22.484264373779297, "lowlevel.erbbands_spread.stdev": 26.980266571044922, "lowlevel.hfc.mean": 12.073046684265137, "lowlevel.hfc.stdev": 11.11694622039795, "lowlevel.loudness_ebu128.integrated": -14.712967872619629, "lowlevel.loudness_ebu128.loudness_range": 7.057958602905273, "lowlevel.loudness_ebu128.momentary.mean": -15.920174598693848, "lowlevel.loudness_ebu128.momentary.stdev": 3.597449779510498, "lowlevel.loudness_ebu128.short_term.mean": -15.337565422058105, "lowlevel.loudness_ebu128.short_term.stdev": 2.5805184841156006, "lowlevel.melbands_crest.mean": 15.124276161193848, "lowlevel.melbands_crest.stdev": 4.129026889801025, "lowlevel.melbands_flatness_db.mean": 0.4363529086112976, "lowlevel.melbands_flatness_db.stdev": 0.16995422542095184, "lowlevel.melbands_kurtosis.mean": 25.288711547851562, "lowlevel.melbands_kurtosis.stdev": 32.885154724121094, "lowlevel.melbands_skewness.mean": 2.832468271255493, "lowlevel.melbands_skewness.stdev": 2.0671284198760986, "lowlevel.melbands_spread.mean": 5.546298503875732, "lowlevel.melbands_spread.stdev": 7.3793253898620605, "lowlevel.pitch_salience.mean": 0.5729954242706299, "lowlevel.pitch_salience.stdev": 0.09479446709156036, "lowlevel.silence_rate_20dB.mean": 1.0, "lowlevel.silence_rate_20dB.stdev": 0.0, "lowlevel.silence_rate_30dB.mean": 0.9797219038009644, "lowlevel.silence_rate_30dB.stdev": 0.14095039665699005, "lowlevel.silence_rate_60dB.mean": 0.01390498224645853, "lowlevel.silence_rate_60dB.stdev": 0.11709374189376831, "lowlevel.spectral_centroid.mean": 400.6687927246094, "lowlevel.spectral_centroid.stdev": 326.0244140625, "lowlevel.spectral_complexity.mean": 8.319814682006836, "lowlevel.spectral_complexity.stdev": 3.6901581287384033, "lowlevel.spectral_decrease.mean": -9.41969080514582e-09, "lowlevel.spectral_decrease.stdev": 7.164370430245981e-09, "lowlevel.spectral_energy.mean": 0.03664714843034744, "lowlevel.spectral_energy.stdev": 0.027694351971149445, "lowlevel.spectral_energyband_high.mean": 0.00028174385079182684, "lowlevel.spectral_energyband_high.stdev": 0.0007870734552852809, "lowlevel.spectral_energyband_low.mean": 0.011515316553413868, "lowlevel.spectral_energyband_low.stdev": 0.017678124830126762, "lowlevel.spectral_energyband_middle_high.mean": 0.0013528522104024887, "lowlevel.spectral_energyband_middle_high.stdev": 0.0031173364259302616, "lowlevel.spectral_energyband_middle_low.mean": 0.02494893968105316, "lowlevel.spectral_energyband_middle_low.stdev": 0.01762418821454048, "lowlevel.spectral_entropy.mean": 5.932840347290039, "lowlevel.spectral_entropy.stdev": 0.9911601543426514, "lowlevel.spectral_flux.mean": 0.06459446996450424, "lowlevel.spectral_flux.stdev": 0.04636538028717041, "lowlevel.spectral_kurtosis.mean": 95.32711029052734, "lowlevel.spectral_kurtosis.stdev": 202.80303955078125, "lowlevel.spectral_rms.mean": 0.005539631005376577, "lowlevel.spectral_rms.stdev": 0.002250735415145755, "lowlevel.spectral_rolloff.mean": 484.7709655761719, "lowlevel.spectral_rolloff.stdev": 828.1761474609375, "lowlevel.spectral_skewness.mean": 5.792581558227539, "lowlevel.spectral_skewness.stdev": 6.079947471618652, "lowlevel.spectral_spread.mean": 3585736.25, "lowlevel.spectral_spread.stdev": 2557518.0, "lowlevel.spectral_strongpeak.mean": 0.818950355052948, "lowlevel.spectral_strongpeak.stdev": 0.8421096205711365, "lowlevel.zerocrossingrate.mean": 0.024867547675967216, "lowlevel.zerocrossingrate.stdev": 0.027140609920024872, "metadata.audio_properties.analysis.equal_loudness": 0.0, "metadata.audio_properties.analysis.length": 40.04265213012695, "metadata.audio_properties.analysis.sample_rate": 44100.0, "metadata.audio_properties.analysis.start_time": 0.0, "metadata.audio_properties.bit_rate": 110525.0, "metadata.audio_properties.length": 40.042667388916016, "metadata.audio_properties.lossless": 0.0, "metadata.audio_properties.number_channels": 1.0, "metadata.audio_properties.replay_gain": -11.82954216003418, "metadata.audio_properties.sample_rate": 48000.0, "rhythm.beats_count": 106.0, "rhythm.beats_loudness.mean": 0.04025659337639809, "rhythm.beats_loudness.stdev": 0.029921529814600945, "rhythm.bpm": 172.26571655273438, "rhythm.bpm_histogram_first_peak_bpm": 172.0, "rhythm.bpm_histogram_first_peak_weight": 0.0, "rhythm.bpm_histogram_second_peak_bpm": 178.0, "rhythm.bpm_histogram_second_peak_spread": 0.0, "rhythm.bpm_histogram_second_peak_weight": 0.190476194024086, "rhythm.danceability": 0.9144840836524963, "rhythm.onset_rate": 2.7212977409362793, "tonal.chords_changes_rate": 0.04282407462596893, "tonal.chords_number_rate": 0.011574073694646358, "tonal.chords_strength.mean": 0.4790966510772705, "tonal.chords_strength.stdev": 0.08284138143062592, "tonal.hpcp_crest.mean": 14.691398620605469, "tonal.hpcp_crest.stdev": 5.788448810577393, "tonal.hpcp_entropy.mean": 1.7232133150100708, "tonal.hpcp_entropy.stdev": 0.5473789572715759, "tonal.key_edma.strength": 0.5394858121871948, "tonal.key_krumhansl.strength": 0.5469984412193298, "tonal.key_temperley.strength": 0.5516353845596313, "tonal.tuning_diatonic_strength": 0.5130464434623718, "tonal.tuning_equal_tempered_deviation": 0.008787901140749454, "tonal.tuning_frequency": 439.74591064453125, "tonal.tuning_nontempered_energy_ratio": 0.5863460302352905, "lowlevel.barkbands.mean": [0.0006310144672170281, 0.005597613286226988, 0.0038843678776174784, 0.004956232849508524, 0.011094962246716022, 0.0036873952485620975, 0.0028059908654540777, 0.0012968473602086306, 0.0010063669178634882, 0.0003832864167634398, 0.00022366966004483402, 0.00025161440134979784, 0.00019770261133089662, 0.00012009369675070047, 7.269474735949188e-05, 3.4101238270523027e-05, 4.4097763748141006e-05, 3.007174927915912e-05, 2.2054460714571178e-05, 4.949299545842223e-05, 2.7307620257488452e-05, 4.4452470319811255e-05, 6.295419734669849e-05, 7.692309009144083e-05, 3.3016582165146247e-05, 1.2832865650125314e-05, 9.98350202507936e-09], "lowlevel.barkbands.stdev": [0.0020642399322241545, 0.01383534912019968, 0.005272766575217247, 0.004569061100482941, 0.009063255973160267, 0.004673508461564779, 0.006562407594174147, 0.004664813168346882, 0.0033858465030789375, 0.0013165466953068972, 0.0013140685623511672, 0.0011302876519039273, 0.0009189678821712732, 0.0005098374094814062, 0.0003481220337562263, 0.00015879867714829743, 0.00012168579996796325, 6.21688159299083e-05, 9.486688213655725e-05, 0.00027580285677686334, 0.00010190901230089366, 0.00012709989096038043, 0.00018632577848620713, 0.00022908832761459053, 0.0001164406057796441, 5.8392244682181627e-05, 3.515174000767729e-07], "lowlevel.erbbands.mean": [0.15115556120872498, 1.3118528127670288, 4.3911519050598145, 9.664175987243652, 30.902236938476562, 34.21332931518555, 40.04636764526367, 25.437501907348633, 43.165401458740234, 29.728843688964844, 28.15559196472168, 28.162616729736328, 9.870111465454102, 12.938312530517578, 11.753944396972656, 8.909341812133789, 8.231657028198242, 9.471766471862793, 4.443313121795654, 2.324618339538574, 1.8180365562438965, 2.219539165496826, 2.1209750175476074, 0.9366797208786011, 1.6435102224349976, 2.257122039794922, 1.3721004724502563, 1.0610238313674927, 1.5932292938232422, 1.6481966972351074, 1.7941968441009521, 1.6348391771316528, 1.2264485359191895, 0.4829619526863098, 0.18360057473182678, 0.0873529314994812, 0.018653642386198044, 0.0006314434576779604, 3.746768197743222e-05, 4.272586011211388e-05], "lowlevel.erbbands.stdev": [0.44792789220809937, 3.071282148361206, 6.674869537353516, 8.024584770202637, 25.699113845825195, 34.419368743896484, 44.557254791259766, 37.5525016784668, 76.9858169555664, 80.1740951538086, 115.6327133178711, 88.83773803710938, 34.90683364868164, 47.17658615112305, 60.998802185058594, 35.772953033447266, 35.55738067626953, 39.741458892822266, 20.2082462310791, 8.914127349853516, 6.456554412841797, 5.746685028076172, 4.220348834991455, 2.9068515300750732, 7.873213768005371, 13.08653450012207, 6.295336723327637, 3.515063762664795, 4.722692489624023, 4.905691146850586, 5.3066487312316895, 4.606128692626953, 3.9885103702545166, 1.7277328968048096, 0.6815182566642761, 0.3684571087360382, 0.09199658781290054, 0.0030729370191693306, 0.0001048049089149572, 3.1875049899099395e-05], "lowlevel.gfcc.mean": [-123.2181625366211, 159.31411743164062, -34.678165435791016, 21.100902557373047, -79.17144775390625, -0.865267813205719, -52.31779479980469, -3.9076621532440186, -19.827346801757812, -17.267126083374023, -15.523651123046875, -6.991199493408203, -10.336505889892578], "lowlevel.melbands.mean": [0.0015003497246652842, 0.002085483865812421, 0.002444301499053836, 0.0023910747841000557, 0.0014389876741915941, 0.0005916898953728378, 0.0006615081802010536, 0.00030636455630883574, 0.00023196778784040362, 0.0001544263504911214, 4.395319410832599e-05, 5.2824987506028265e-05, 3.481970270513557e-05, 3.394082159502432e-05, 1.2534365851024631e-05, 2.2535597963724285e-05, 1.6484689695062116e-05, 6.3539391703670844e-06, 4.229993010085309e-06, 2.847087671398185e-06, 1.930531198013341e-06, 2.1554303657467244e-06, 2.65659377873817e-06, 1.3135629615135258e-06, 6.527874347739271e-07, 8.871527938936197e-07, 1.7063352970581036e-06, 1.4550639662047615e-06, 9.112080761042307e-07, 6.695308911730535e-07, 5.775699492005515e-07, 8.733437084629259e-07, 9.302655712417618e-07, 9.27248777315981e-07, 9.94846118373971e-07, 1.0564671129031922e-06, 1.038706272993295e-06, 1.005603280646028e-06, 4.888675562142453e-07, 3.8993047724034113e-07], "lowlevel.melbands.stdev": [0.0038897451013326645, 0.0033589880913496017, 0.0018417354440316558, 0.002064554952085018, 0.001462730928324163, 0.0008450646419078112, 0.001277611474506557, 0.000804572890046984, 0.0008896905346773565, 0.0005017354851588607, 0.00017437188944313675, 0.00020185364701319486, 0.00019436486763879657, 0.0001492566370870918, 5.43484311492648e-05, 0.00010729925270425156, 7.105782424332574e-05, 3.074456981266849e-05, 2.0338193280622363e-05, 1.4519029718940146e-05, 6.9594807428075e-06, 6.251324521144852e-06, 6.016271072439849e-06, 3.023431418114342e-06, 2.370913762206328e-06, 4.1430389501329046e-06, 9.35827938519651e-06, 9.331524779554456e-06, 4.658552825276274e-06, 2.4767509785306174e-06, 1.936161652338342e-06, 2.690507017177879e-06, 2.6069899377034744e-06, 2.9506431928894017e-06, 3.029951130884001e-06, 3.1191787002171623e-06, 3.0885178148309933e-06, 3.2383843517891364e-06, 1.8968966060128878e-06, 1.3917405112806591e-06], "lowlevel.melbands128.mean": [0.0005686365766450763, 0.0011539693223312497, 0.001850603031925857, 0.002242131857201457, 0.0023478560615330935, 0.0017712004482746124, 0.0014810769353061914, 0.00306395604275167, 0.0033578521106392145, 0.0023781219497323036, 0.001719473279081285, 0.0017852390883490443, 0.0015981979668140411, 0.0007037408067844808, 0.0005105576128698885, 0.0005708030075766146, 0.0005719390464946628, 0.0008527971222065389, 0.0005682018236257136, 0.000230930614634417, 0.00024934831890277565, 0.00022258059470914304, 0.0002379673533141613, 0.00020521001715678722, 0.00026648014318197966, 7.964225369505584e-05, 4.361056926427409e-05, 4.458663170225918e-05, 2.7401441911933944e-05, 8.163382881321013e-05, 4.8665489885024726e-05, 2.5298399123130366e-05, 3.134772487101145e-05, 4.250669735483825e-05, 4.731393710244447e-05, 2.7530244551599026e-05, 2.180766205128748e-05, 6.3032357502379455e-06, 9.627487088437192e-06, 2.140819742635358e-05, 2.4510436560376547e-05, 2.7706466426025145e-05, 1.8553579138824716e-05, 1.1191137673449703e-05, 2.6265836368111195e-06, 6.729691449436359e-06, 9.81334233074449e-06, 3.6705653201352106e-06, 2.1143844151083613e-06, 2.7155253974342486e-06, 3.5544185266189743e-06, 2.2681892914988566e-06, 1.7095244402298704e-06, 1.8391605181022896e-06, 2.3869058622949524e-06, 1.6247669236690854e-06, 2.197818048443878e-06, 3.8262828638835344e-06, 2.153203695343109e-06, 2.043413132923888e-06, 1.426679204996617e-06, 6.382010724337306e-07, 5.842036898684455e-07, 6.96483482443e-07, 6.807124464103254e-07, 8.287761374958791e-07, 9.739968618305284e-07, 1.396805714648508e-06, 2.24871541831817e-06, 1.605379566171905e-06, 1.4581864888896234e-06, 1.4144478654998238e-06, 1.0811002084665233e-06, 7.771684522595024e-07, 7.537504984611587e-07, 6.691478233733505e-07, 6.899237519064627e-07, 5.328416818883852e-07, 5.19974889812147e-07, 6.291754175435926e-07, 7.890890856288024e-07, 1.11268332148029e-06, 8.588577316004375e-07, 1.0206327942796634e-06, 8.154149213623896e-07, 8.924909025154193e-07, 9.592747574060922e-07, 9.74573254097777e-07, 9.571485861670226e-07, 1.0442441862323903e-06, 1.1205464716113056e-06, 1.2012699244223768e-06, 7.321540351767908e-07, 8.547025345251313e-07, 1.4426351526708459e-06, 1.1122498335680575e-06, 9.332432000519475e-07, 8.185522233361553e-07, 4.0726311567595985e-07, 3.8611256059084553e-07, 3.951987821437797e-07, 4.861988145421492e-07, 2.4647204099892406e-07, 1.707911110315763e-07, 1.40023161065983e-07, 2.740746936069627e-07, 1.638727411545915e-07, 1.507566480540845e-07, 1.5919802365260693e-07, 1.435225840396015e-07, 1.1666008958854945e-07, 9.684587354286123e-08, 4.6838348310984657e-08, 1.3034618717711055e-08, 6.91590518187013e-09, 5.29180865793677e-10, 1.4342008136658535e-10, 1.1628720902878698e-10, 8.88705359303188e-11, 4.9646429328698005e-11, 3.307366533422673e-11, 8.296356657222503e-12, 4.199033915713857e-12, 4.121607569129715e-12, 4.037534629547368e-12, 3.928569275446492e-12, 3.865418402027032e-12, 3.840240191815836e-12], "lowlevel.melbands128.stdev": [0.0018698745407164097, 0.003963638562709093, 0.004957609344273806, 0.005635588895529509, 0.004323102999478579, 0.0021747497376054525, 0.0015366096049547195, 0.0028772356454283, 0.0031751932110637426, 0.0030641667544841766, 0.002075652591884136, 0.0021552646066993475, 0.0020695298444479704, 0.0012277299538254738, 0.0010502079967409372, 0.0012872240040451288, 0.0011836457997560501, 0.001969113713130355, 0.002275227103382349, 0.0008291997946798801, 0.0008253614651039243, 0.001148336916230619, 0.0013691623462364078, 0.000833155820146203, 0.0010067431721836329, 0.00037374472594819963, 0.0003630056162364781, 0.00022313048248179257, 0.00013369701628107578, 0.00036752631422132254, 0.00022113235900178552, 0.00014813788584433496, 0.0002899056416936219, 0.0003199866914656013, 0.0003043739125132561, 0.00013741326984018087, 0.00012504933692980558, 5.689894169336185e-05, 5.5321248510153964e-05, 0.0001276906841667369, 0.0001395690196659416, 0.00021592846314888448, 9.127995144808665e-05, 6.461369048338383e-05, 1.894074011943303e-05, 4.496200563153252e-05, 6.0983951698290184e-05, 3.605116580729373e-05, 9.156279702438042e-06, 1.2601516573340632e-05, 2.7451382266008295e-05, 1.1432639439590275e-05, 8.956886631494854e-06, 9.28685039980337e-06, 9.603214493836276e-06, 6.0561051213881e-06, 8.080260158749297e-06, 1.13015321403509e-05, 6.0734023463737685e-06, 5.345242698240327e-06, 4.68140933662653e-06, 1.842138658503245e-06, 1.9836147657770198e-06, 3.3268111110373866e-06, 3.25246787724609e-06, 4.41760948888259e-06, 4.951376922690542e-06, 7.943053788039833e-06, 1.3766028132522479e-05, 9.443116141483188e-06, 1.1497702871565707e-05, 9.838666301220655e-06, 6.534905878652353e-06, 3.855063368973788e-06, 3.5063128507317742e-06, 2.7384714940126287e-06, 2.755709601842682e-06, 1.7689862943370827e-06, 2.0788404526683735e-06, 2.175609097321285e-06, 2.359197424084414e-06, 4.1459634303464554e-06, 2.446705366310198e-06, 2.886841230065329e-06, 2.5894030386552913e-06, 2.968865828734124e-06, 3.3773594623198733e-06, 3.2784284940134967e-06, 2.972243237309158e-06, 3.53315022039169e-06, 3.737737870324054e-06, 3.833898972516181e-06, 2.095453965011984e-06, 2.9109098704793723e-06, 4.575940693030134e-06, 3.878673396684462e-06, 3.2158302474272205e-06, 3.0720882477908162e-06, 1.8136921653422178e-06, 1.7184772787004476e-06, 1.4476244132310967e-06, 1.7615897149880766e-06, 1.0544039241722203e-06, 7.091305178619223e-07, 5.276459660308319e-07, 1.256790483239456e-06, 6.930375207048201e-07, 6.170752726575301e-07, 6.937705165910302e-07, 6.640538572355581e-07, 7.006562441347342e-07, 5.976729084977705e-07, 2.1486265211478894e-07, 9.400167755302391e-08, 5.482224452180162e-08, 7.321149908534608e-09, 4.746059545368553e-09, 4.517103580070625e-09, 3.4529361592205987e-09, 1.847421327028087e-09, 1.178165787152352e-09, 1.6442165684527055e-10, 7.879987461156812e-12, 7.74627497562852e-12, 7.631847410982662e-12, 7.540718917342648e-12, 7.474761261339058e-12, 7.434110618764755e-12], "lowlevel.mfcc.mean": [-784.33447265625, 181.8682098388672, 85.92986297607422, 23.476972579956055, 4.473474502563477, -6.145869731903076, -18.50133514404297, 1.2476171255111694, -9.130804061889648, -11.940973281860352, -5.299674034118652, -2.6125659942626953, -9.965457916259766], "lowlevel.spectral_contrast_coeffs.mean": [-0.6294628977775574, -0.696244478225708, -0.768805205821991, -0.8190754055976868, -0.814386785030365, -0.8168659806251526], "lowlevel.spectral_contrast_coeffs.stdev": [0.08482508361339569, 0.07076826691627502, 0.06494732201099396, 0.06541473418474197, 0.0613856315612793, 0.058323852717876434], "lowlevel.spectral_contrast_valleys.mean": [-6.319024562835693, -7.035656452178955, -8.899767875671387, -9.86512279510498, -10.134634017944336, -11.637186050415039], "lowlevel.spectral_contrast_valleys.stdev": [0.7686164379119873, 0.8610785603523254, 1.2386714220046997, 1.71669340133667, 2.0334551334381104, 1.9097003936767578], "rhythm.beats_loudness_band_ratio.mean": [0.5122687816619873, 0.4085064232349396, 0.14208322763442993, 0.025694314390420914, 0.006296600215137005, 0.012895350344479084], "rhythm.beats_loudness_band_ratio.stdev": [0.23475870490074158, 0.20411808788776398, 0.14704762399196625, 0.054459694772958755, 0.011312674731016159, 0.043388646095991135], "tonal.hpcp.mean": [0.4238336682319641, 0.1935833990573883, 0.06489506363868713, 0.09657445549964905, 0.05781020596623421, 0.009956271387636662, 0.005647852085530758, 0.008282463997602463, 0.15929831564426422, 0.2773837745189667, 0.13698790967464447, 0.024569068104028702, 0.024248551577329636, 0.032651741057634354, 0.18162193894386292, 0.3781709671020508, 0.23526611924171448, 0.027015749365091324, 0.01638161577284336, 0.014790011569857597, 0.053348246961832047, 0.1032707542181015, 0.07270596921443939, 0.16798478364944458, 0.27835145592689514, 0.13877032697200775, 0.11794616281986237, 0.1767582893371582, 0.09915351867675781, 0.174290731549263, 0.24110156297683716, 0.10183446854352951, 0.013306951150298119, 0.011220693588256836, 0.018181996420025826, 0.2629794180393219], "tonal.hpcp.stdev": [0.40639472007751465, 0.2159537374973297, 0.15630178153514862, 0.22538843750953674, 0.14286401867866516, 0.06943204998970032, 0.03439204394817352, 0.04842058941721916, 0.19266018271446228, 0.31182438135147095, 0.17843788862228394, 0.09997012466192245, 0.09818781912326813, 0.12307669222354889, 0.20697693526744843, 0.35483962297439575, 0.24839168787002563, 0.10994099825620651, 0.10184149444103241, 0.09683255106210709, 0.12950491905212402, 0.22135528922080994, 0.1635359525680542, 0.253513902425766, 0.36857688426971436, 0.2219105064868927, 0.2082625925540924, 0.31989404559135437, 0.16679832339286804, 0.2800859808921814, 0.3693934977054596, 0.1898050457239151, 0.07531014829874039, 0.07445377856492996, 0.08434790372848511, 0.28561362624168396], "rhythm.beats_position": [0.3482993245124817, 0.7082086205482483, 1.05650794506073, 1.3931972980499268, 1.7414965629577637, 2.0897958278656006, 2.4148752689361572, 2.7515645027160645, 3.0998640060424805, 3.4365532398223877, 3.7848525047302246, 4.133152008056641, 4.469841003417969, 4.806530475616455, 5.143219947814941, 5.491518974304199, 5.839818477630615, 6.176507949829102, 6.501587390899658, 6.826666355133057, 7.151745796203613, 7.569705009460449, 7.987664222717285, 8.405623435974121, 8.823582649230957, 9.311202049255371, 9.798820495605469, 10.298049926757812, 10.79727840423584, 11.296507835388184, 11.784127235412598, 12.271745681762695, 12.74775505065918, 13.235373497009277, 13.722992897033691, 14.210612297058105, 14.698230743408203, 15.197460174560547, 15.696688652038574, 16.1959171295166, 16.555828094482422, 16.92734718322754, 17.287256240844727, 17.658775329589844, 18.01868438720703, 18.39020347595215, 18.750112533569336, 19.110021591186523, 19.446712493896484, 19.795011520385742, 20.12009048461914, 20.44516944885254, 20.770248413085938, 21.1069393157959, 21.455238342285156, 21.803537368774414, 22.140226364135742, 22.47691535949707, 22.80199432373047, 23.1270751953125, 23.4521541595459, 23.800453186035156, 24.137142181396484, 24.473831176757812, 24.81052017211914, 25.135601043701172, 25.46068000793457, 25.7973690032959, 26.134057998657227, 26.482357025146484, 26.807437896728516, 27.144126892089844, 27.469205856323242, 27.79428482055664, 28.1425838470459, 28.49088478088379, 28.827573776245117, 29.164262771606445, 29.512561798095703, 29.89569091796875, 30.267210006713867, 30.650339126586914, 31.03346824645996, 31.416597366333008, 31.799726486206055, 32.17124557495117, 32.55437469482422, 32.90267562866211, 33.250972747802734, 33.61088562011719, 33.947574615478516, 34.29587173461914, 34.64417266845703, 34.992469787597656, 35.352378845214844, 35.74711990356445, 36.15346908569336, 36.5482063293457, 36.93133544921875, 37.3144645690918, 37.69759750366211, 38.080726623535156, 38.4754638671875, 38.87020492553711, 39.241722106933594, 39.613243103027344], "rhythm.bpm_histogram": [0.0, 0.0, 0.0, 0.0, 0.0, 0.0, 0.0, 0.0, 0.0, 0.0, 0.0, 0.0, 0.0, 0.0, 0.0, 0.0, 0.0, 0.0, 0.0, 0.0, 0.0, 0.0, 0.0, 0.0, 0.0, 0.0, 0.0, 0.0, 0.0, 0.0, 0.0, 0.0, 0.0, 0.0, 0.0, 0.0, 0.0, 0.0, 0.0, 0.0, 0.0, 0.0, 0.0, 0.0, 0.0, 0.0, 0.0, 0.0, 0.0, 0.0, 0.0, 0.0, 0.0, 0.0, 0.0, 0.0, 0.0, 0.0, 0.0, 0.0, 0.0, 0.0, 0.0, 0.0, 0.0, 0.0, 0.0, 0.0, 0.0, 0.0, 0.0, 0.0, 0.0, 0.0, 0.0, 0.0, 0.0, 0.0, 0.0, 0.0, 0.0, 0.0, 0.0, 0.0, 0.0, 0.0, 0.0, 0.0, 0.0, 0.0, 0.0, 0.0, 0.0, 0.0, 0.0, 0.0, 0.0, 0.0, 0.0, 0.0, 0.0, 0.0, 0.0, 0.0, 0.0, 0.0, 0.0, 0.0, 0.0, 0.0, 0.0, 0.0, 0.0, 0.0, 0.0, 0.0, 0.0, 0.0, 0.0, 0.0, 0.05714285746216774, 0.0, 0.0, 0.07619047909975052, 0.0, 0.0, 0.009523809887468815, 0.0, 0.0, 0.0, 0.0, 0.0, 0.0, 0.0, 0.0, 0.0, 0.0, 0.0, 0.0, 0.0, 0.0, 0.0, 0.0, 0.0, 0.03809523954987526, 0.0, 0.0, 0.0, 0.009523809887468815, 0.0, 0.0, 0.0, 0.03809523954987526, 0.0, 0.0, 0.0, 0.0, 0.095238097012043, 0.0, 0.0, 0.0, 0.06666667014360428, 0.0, 0.0, 0.0, 0.0, 0.0, 0.07619047909975052, 0.0, 0.0, 0.0, 0.0, 0.20000000298023224, 0.0, 0.0, 0.0, 0.0, 0.0, 0.190476194024086, 0.0, 0.0, 0.0, 0.0, 0.0, 0.0, 0.1428571492433548, 0.0, 0.0, 0.0, 0.0, 0.0, 0.0, 0.0, 0.0, 0.0, 0.0, 0.0, 0.0, 0.0, 0.0, 0.0, 0.0, 0.0, 0.0, 0.0, 0.0, 0.0, 0.0, 0.0, 0.0, 0.0, 0.0, 0.0, 0.0, 0.0, 0.0, 0.0, 0.0, 0.0, 0.0, 0.0, 0.0, 0.0, 0.0, 0.0, 0.0, 0.0, 0.0, 0.0, 0.0, 0.0, 0.0, 0.0, 0.0, 0.0, 0.0, 0.0, 0.0, 0.0, 0.0, 0.0, 0.0, 0.0, 0.0, 0.0, 0.0, 0.0, 0.0, 0.0, 0.0], "tonal.chords_histogram": [22.106481552124023, 9.490740776062012, 6.25, 0.0, 1.8518518209457397, 0.0, 20.83333396911621, 0.0, 0.0, 0.0, 0.0, 0.0, 0.0, 0.0, 0.0, 0.0, 0.0, 2.314814805984497, 0.0, 1.7361111640930176, 0.0, 15.625, 1.5046296119689941, 18.287036895751953], "tonal.thpcp": [1.0, 0.4567438066005707, 0.1531144678592682, 0.22785933315753937, 0.1363983303308487, 0.023490987718105316, 0.013325633481144905, 0.019541779533028603, 0.37585100531578064, 0.6544637680053711, 0.3232114911079407, 0.057968657463788986, 0.05721242353320122, 0.07703904807567596, 0.4285217225551605, 0.8922626972198486, 0.5550906658172607, 0.06374139338731766, 0.03865104913711548, 0.03489579260349274, 0.1258707195520401, 0.24365869164466858, 0.1715436428785324, 0.39634600281715393, 0.6567469239234924, 0.32741695642471313, 0.27828407287597656, 0.41704636812210083, 0.23394441604614258, 0.411224365234375, 0.5688589215278625, 0.24026988446712494, 0.03139663487672806, 0.02647428587079048, 0.04289889708161354, 0.6204778552055359], "lowlevel.gfcc.cov": [[19225.451171875, -7079.56640625, -5178.23779296875, 2536.95703125, -1476.3206787109375, 2135.8779296875, -1666.42431640625, 860.2998657226562, -225.5985107421875, 1202.1556396484375, -251.28103637695312, 421.6569519042969, -282.2470397949219], [-7079.56640625, 4082.4580078125, 2020.2459716796875, -1729.005126953125, 661.324462890625, -622.321044921875, 1075.771484375, -415.9353332519531, 209.797607421875, -522.5068359375, 291.6459655761719, -148.51211547851562, 189.8756561279297], [-5178.23779296875, 2020.2459716796875, 2137.1318359375, -597.496337890625, 341.89642333984375, -569.0277709960938, 593.5033569335938, -59.47379684448242, 118.3528823852539, -290.0186462402344, 86.12185668945312, 66.27371215820312, 143.46005249023438], [2536.95703125, -1729.005126953125, -597.496337890625, 1177.4388427734375, -158.91395568847656, 53.23597717285156, -497.33880615234375, 260.5055236816406, 10.769864082336426, 178.53713989257812, -113.94111633300781, 102.3894271850586, 2.856405735015869], [-1476.3206787109375, 661.324462890625, 341.89642333984375, -158.91395568847656, 383.0494079589844, -149.2465362548828, 105.26060485839844, -43.82990646362305, 59.97157287597656, -38.9967041015625, 41.215850830078125, -55.792259216308594, 45.690738677978516], [2135.8779296875, -622.321044921875, -569.0277709960938, 53.23597717285156, -149.2465362548828, 560.2656860351562, -28.872100830078125, 68.98103332519531, -26.218412399291992, 147.8793182373047, 38.61952590942383, 92.48300170898438, -45.84046936035156], [-1666.42431640625, 1075.771484375, 593.5033569335938, -497.33880615234375, 105.26060485839844, -28.872100830078125, 567.9234619140625, -49.68684387207031, -7.428356647491455, -90.35264587402344, 147.13986206054688, 19.44610595703125, 36.995216369628906], [860.2998657226562, -415.9353332519531, -59.47379684448242, 260.5055236816406, -43.82990646362305, 68.98103332519531, -49.68684387207031, 258.7419738769531, 34.65782928466797, 33.455101013183594, -17.592798233032227, 134.95358276367188, 26.555227279663086], [-225.5985107421875, 209.797607421875, 118.3528823852539, 10.769864082336426, 59.97157287597656, -26.218412399291992, -7.428356647491455, 34.65782928466797, 160.589111328125, -27.422948837280273, -3.1221272945404053, 28.829801559448242, 62.957698822021484], [1202.1556396484375, -522.5068359375, -290.0186462402344, 178.53713989257812, -38.9967041015625, 147.8793182373047, -90.35264587402344, 33.455101013183594, -27.422948837280273, 234.55850219726562, 10.663365364074707, -1.715816617012024, -16.548234939575195], [-251.28103637695312, 291.6459655761719, 86.12185668945312, -113.94111633300781, 41.215850830078125, 38.61952590942383, 147.13986206054688, -17.592798233032227, -3.1221272945404053, 10.663365364074707, 131.66464233398438, 33.75956726074219, 9.877848625183105], [421.6569519042969, -148.51211547851562, 66.27371215820312, 102.3894271850586, -55.792259216308594, 92.48300170898438, 19.44610595703125, 134.95358276367188, 28.829801559448242, -1.715816617012024, 33.75956726074219, 202.1584014892578, 36.10334396362305], [-282.2470397949219, 189.8756561279297, 143.46005249023438, 2.856405735015869, 45.690738677978516, -45.84046936035156, 36.995216369628906, 26.555227279663086, 62.957698822021484, -16.548234939575195, 9.877848625183105, 36.10334396362305, 105.77693176269531]], "lowlevel.gfcc.icov": [[0.0005272794514894485, -0.0005429848097264767, 0.0008206710917875171, -0.0006334748468361795, 0.0010617313673719764, -0.0009002211154438555, 0.00048298941692337394, -0.0009708618163131177, 0.0003624666715040803, -0.0013222541892901063, 0.0005743768415413797, -0.00032538906089030206, 0.0001465999084757641], [-0.0005429848097264767, 0.007896339520812035, -0.002146146260201931, 0.0063818227499723434, -0.004907835274934769, 0.003819005098193884, -0.0043896776624023914, 0.0037837799172848463, -0.00635868962854147, 0.006719264667481184, -0.006687511224299669, 0.0019459724426269531, -0.0037283487617969513], [0.0008206710917875171, -0.002146146260201931, 0.0027918906416743994, -0.0018490937072783709, 0.00187657808419317, -0.0007136609056033194, 0.00025159004144370556, -0.0016795663395896554, 0.0011881407117471099, -0.0029737825971096754, 0.0027633982244879007, -0.0021274294704198837, 0.0008151509100571275], [-0.0006334748468361795, 0.0063818227499723434, -0.0018490937072783709, 0.007245730608701706, -0.0039912015199661255, 0.003916381858289242, -0.0022333916276693344, 0.0017711290856823325, -0.004927289206534624, 0.004872154910117388, -0.005644380580633879, 0.0013648072490468621, -0.0033199721947312355], [0.0010617313673719764, -0.004907835274934769, 0.00187657808419317, -0.0039912015199661255, 0.007886888459324837, -0.0029297720175236464, 0.003321469994261861, -0.003956615459173918, 0.0028418730944395065, -0.005702358204871416, 0.0027207464445382357, 0.00026088711456395686, 0.0014340569032356143], [-0.0009002211154438555, 0.003819005098193884, -0.0007136609056033194, 0.003916381858289242, -0.0029297720175236464, 0.00659963907673955, -0.0033114315010607243, 0.0027898545376956463, -0.0038057242054492235, 0.0025993366725742817, -0.0032127373851835728, -0.0012637084582820535, -0.00040875442209653556], [0.00048298941692337394, -0.0043896776624023914, 0.00025159004144370556, -0.0022333916276693344, 0.003321469994261861, -0.0033114315010607243, 0.007705165538936853, -0.00391371501609683, 0.004821469075977802, -0.003433849662542343, -0.0004066976543981582, 0.00032316194847226143, 0.0008262319606728852], [-0.0009708618163131177, 0.0037837799172848463, -0.0016795663395896554, 0.0017711290856823325, -0.003956615459173918, 0.0027898545376956463, -0.00391371501609683, 0.011008469387888908, -0.003951529506593943, 0.003935413435101509, -0.000642514496576041, -0.003954565152525902, -0.0012519805459305644], [0.0003624666715040803, -0.00635868962854147, 0.0011881407117471099, -0.004927289206534624, 0.0028418730944395065, -0.0038057242054492235, 0.004821469075977802, -0.003951529506593943, 0.014218425378203392, -0.004223340656608343, 0.005176966078579426, -0.0012178176548331976, -0.0018592904089018703], [-0.0013222541892901063, 0.006719264667481184, -0.0029737825971096754, 0.004872154910117388, -0.005702358204871416, 0.0025993366725742817, -0.003433849662542343, 0.003935413435101509, -0.004223340656608343, 0.01377135794609785, -0.007774122525006533, 0.0038379125762730837, -0.0038012193981558084], [0.0005743768415413797, -0.006687511224299669, 0.0027633982244879007, -0.005644380580633879, 0.0027207464445382357, -0.0032127373851835728, -0.0004066976543981582, -0.000642514496576041, 0.005176966078579426, -0.007774122525006533, 0.019327137619256973, -0.0061578648164868355, 0.0036770766600966454], [-0.00032538906089030206, 0.0019459724426269531, -0.0021274294704198837, 0.0013648072490468621, 0.00026088711456395686, -0.0012637084582820535, 0.00032316194847226143, -0.003954565152525902, -0.0012178176548331976, 0.0038379125762730837, -0.0061578648164868355, 0.012189234606921673, -0.0035535572096705437], [0.0001465999084757641, -0.0037283487617969513, 0.0008151509100571275, -0.0033199721947312355, 0.0014340569032356143, -0.00040875442209653556, 0.0008262319606728852, -0.0012519805459305644, -0.0018592904089018703, -0.0038012193981558084, 0.0036770766600966454, -0.0035535572096705437, 0.016131946817040443]], "lowlevel.mfcc.cov": [[19292.837890625, -6636.263671875, -3740.7958984375, -1078.16748046875, 520.2297973632812, 683.3125610351562, -504.1827392578125, -229.74815368652344, -317.7602844238281, 710.5107421875, 276.0492858886719, 161.1343536376953, -267.6097717285156], [-6636.263671875, 3895.161376953125, 1199.1007080078125, -248.85128784179688, -435.4514465332031, -73.63027954101562, 389.3094482421875, 301.5390319824219, 122.86219024658203, -212.9908905029297, 49.80961227416992, -10.193337440490723, 121.95362854003906], [-3740.7958984375, 1199.1007080078125, 1363.567138671875, 325.2530517578125, -196.2159423828125, -146.07098388671875, 132.56883239746094, 205.68289184570312, 166.89291381835938, -179.97119140625, -7.267030715942383, 22.823423385620117, 174.70166015625], [-1078.16748046875, -248.85128784179688, 325.2530517578125, 722.7906494140625, 159.10162353515625, -205.063720703125, -72.8040771484375, -69.3914566040039, 79.96540832519531, -8.379844665527344, -98.43257141113281, 23.903274536132812, 63.24164581298828], [520.2297973632812, -435.4514465332031, -196.2159423828125, 159.10162353515625, 383.01104736328125, 2.3765413761138916, -171.34860229492188, -89.41069030761719, 67.94646453857422, 5.979449272155762, -23.60837173461914, 54.6725959777832, -31.821495056152344], [683.3125610351562, -73.63027954101562, -146.07098388671875, -205.063720703125, 2.3765413761138916, 231.2198028564453, 72.80455017089844, -0.08795317262411118, -36.95753479003906, 46.33908462524414, 74.61791229248047, 16.351402282714844, -20.941184997558594], [-504.1827392578125, 389.3094482421875, 132.56883239746094, -72.8040771484375, -171.34860229492188, 72.80455017089844, 331.9629211425781, 91.36537170410156, -37.350406646728516, 36.48271942138672, 64.50997924804688, 21.654170989990234, 41.54685592651367], [-229.74815368652344, 301.5390319824219, 205.68289184570312, -69.3914566040039, -89.41069030761719, -0.08795317262411118, 91.36537170410156, 294.2572326660156, 77.92195892333984, -84.29214477539062, 60.771060943603516, 54.23563766479492, 83.86832427978516], [-317.7602844238281, 122.86219024658203, 166.89291381835938, 79.96540832519531, 67.94646453857422, -36.95753479003906, -37.350406646728516, 77.92195892333984, 173.62608337402344, -18.357887268066406, -14.59643840789795, 37.58367156982422, 42.50703048706055], [710.5107421875, -212.9908905029297, -179.97119140625, -8.379844665527344, 5.979449272155762, 46.33908462524414, 36.48271942138672, -84.29214477539062, -18.357887268066406, 190.09115600585938, 9.27630615234375, -23.238027572631836, -41.612186431884766], [276.0492858886719, 49.80961227416992, -7.267030715942383, -98.43257141113281, -23.60837173461914, 74.61791229248047, 64.50997924804688, 60.771060943603516, -14.59643840789795, 9.27630615234375, 135.72573852539062, 29.234516143798828, -0.6923962831497192], [161.1343536376953, -10.193337440490723, 22.823423385620117, 23.903274536132812, 54.6725959777832, 16.351402282714844, 21.654170989990234, 54.23563766479492, 37.58367156982422, -23.238027572631836, 29.234516143798828, 115.00946807861328, 42.44477462768555], [-267.6097717285156, 121.95362854003906, 174.70166015625, 63.24164581298828, -31.821495056152344, -20.941184997558594, 41.54685592651367, 83.86832427978516, 42.50703048706055, -41.612186431884766, -0.6923962831497192, 42.44477462768555, 119.25399780273438]], "lowlevel.mfcc.icov": [[0.0004187411686871201, 0.0005729165859520435, 0.0005830421578139067, 0.0004659150436054915, 0.00031502690399065614, -0.00015381739649455994, 0.0003959294408559799, -0.0004233868094161153, -0.0001560788950882852, -0.0007700797286815941, -0.000400303746573627, -0.0005511475610546768, -0.0005497941747307777], [0.0005729165859520435, 0.0012559531023725867, 0.00038781159673817456, 0.0010530536528676748, 0.00044188674655742943, 0.00010764108446892351, 4.917881597066298e-05, -0.0004634054785128683, -0.000472990854177624, -0.0008012881735339761, -0.0004918244667351246, -0.0006823579897172749, -0.0005507288733497262], [0.0005830421578139067, 0.00038781159673817456, 0.002702115336433053, -0.0005189491203054786, 0.0014861111994832754, -0.0005541316349990666, 0.0005165603361092508, -0.00046219013165682554, -0.0015706766862422228, 8.506032463628799e-05, -0.001156470738351345, -0.0002874137135222554, -0.0016420541796833277], [0.0004659150436054915, 0.0010530536528676748, -0.0005189491203054786, 0.0038068853318691254, -0.0014026573626324534, 0.002331505063921213, -0.0003971420810557902, 0.00032745537464506924, 8.798823546385393e-05, -0.001651574275456369, 0.00019883905770257115, -0.0007876030867919326, -0.0016729371855035424], [0.00031502690399065614, 0.00044188674655742943, 0.0014861111994832754, -0.0014026573626324534, 0.006292981561273336, -0.0018746028654277325, 0.0022953839506953955, 0.0010102952364832163, -0.0029191141948103905, 0.0005223148036748171, -0.0008275691070593894, -0.003136988030746579, 0.0009960760362446308], [-0.00015381739649455994, 0.00010764108446892351, -0.0005541316349990666, 0.002331505063921213, -0.0018746028654277325, 0.00810933206230402, -0.0020217066630721092, 0.000993461231701076, 0.0005345519166439772, -0.0007537610363215208, -0.0021984190680086613, -0.00013073718582745641, -0.00037021571188233793], [0.0003959294408559799, 4.917881597066298e-05, 0.0005165603361092508, -0.0003971420810557902, 0.0022953839506953955, -0.0020217066630721092, 0.006354204379022121, -0.0017639549914747477, 0.0015837614191696048, -0.0028639649972319603, -0.0009850644273683429, -0.0021283933892846107, -0.001235701609402895], [-0.0004233868094161153, -0.0004634054785128683, -0.00046219013165682554, 0.00032745537464506924, 0.0010102952364832163, 0.000993461231701076, -0.0017639549914747477, 0.007793367840349674, -0.0035384411457926035, 0.0035010280553251505, -0.0023531890474259853, -0.00024884825688786805, -0.0018372669583186507], [-0.0001560788950882852, -0.000472990854177624, -0.0015706766862422228, 8.798823546385393e-05, -0.0029191141948103905, 0.0005345519166439772, 0.0015837614191696048, -0.0035384411457926035, 0.010784964077174664, -0.002703429199755192, 0.002097649732604623, -0.0011884362902492285, -0.0007129376754164696], [-0.0007700797286815941, -0.0008012881735339761, 8.506032463628799e-05, -0.001651574275456369, 0.0005223148036748171, -0.0007537610363215208, -0.0028639649972319603, 0.0035010280553251505, -0.002703429199755192, 0.010009221732616425, -0.000511929567437619, 0.002382817445322871, 0.001990328077226877], [-0.000400303746573627, -0.0004918244667351246, -0.001156470738351345, 0.00019883905770257115, -0.0008275691070593894, -0.0021984190680086613, -0.0009850644273683429, -0.0023531890474259853, 0.002097649732604623, -0.000511929567437619, 0.011725757271051407, -0.001957169733941555, 0.002423000754788518], [-0.0005511475610546768, -0.00068235798971727