{"song_id": "1183705441469993112", "download": "https://cdn.discordapp.com/attachments/1128313332273782784/1183705441469993112/chirp.mp4?ex=65894e99&amp", "lyrics": "10 soricei micu\u021bi au mers dup\u0103 ca\u0219\nunul a plecat \u00een rou\u0103 \u0219i au r\u0103mas doar noua", "style": ["nu jazz"], "essentia_features": {"lowlevel.average_loudness": 0.7827427387237549, "lowlevel.barkbands_crest.mean": 16.188386917114258, "lowlevel.barkbands_crest.stdev": 5.160974025726318, "lowlevel.barkbands_flatness_db.mean": 0.272516667842865, "lowlevel.barkbands_flatness_db.stdev": 0.08426642417907715, "lowlevel.barkbands_kurtosis.mean": 8.174972534179688, "lowlevel.barkbands_kurtosis.stdev": 13.26208782196045, "lowlevel.barkbands_skewness.mean": 1.1520861387252808, "lowlevel.barkbands_skewness.stdev": 1.9903233051300049, "lowlevel.barkbands_spread.mean": 7.513678073883057, "lowlevel.barkbands_spread.stdev": 7.206552028656006, "lowlevel.dissonance.mean": 0.3904552459716797, "lowlevel.dissonance.stdev": 0.06488645821809769, "lowlevel.dynamic_complexity": 5.839163780212402, "lowlevel.erbbands_crest.mean": 19.254837036132812, "lowlevel.erbbands_crest.stdev": 8.063749313354492, "lowlevel.erbbands_flatness_db.mean": 0.3137347400188446, "lowlevel.erbbands_flatness_db.stdev": 0.09892944246530533, "lowlevel.erbbands_kurtosis.mean": 4.531188011169434, "lowlevel.erbbands_kurtosis.stdev": 9.4237060546875, "lowlevel.erbbands_skewness.mean": 0.4883075952529907, "lowlevel.erbbands_skewness.stdev": 1.4669206142425537, "lowlevel.erbbands_spread.mean": 16.370283126831055, "lowlevel.erbbands_spread.stdev": 16.469724655151367, "lowlevel.hfc.mean": 11.206911087036133, "lowlevel.hfc.stdev": 15.694740295410156, "lowlevel.loudness_ebu128.integrated": -18.909093856811523, "lowlevel.loudness_ebu128.loudness_range": 4.5935211181640625, "lowlevel.loudness_ebu128.momentary.mean": -20.595008850097656, "lowlevel.loudness_ebu128.momentary.stdev": 4.8443474769592285, "lowlevel.loudness_ebu128.short_term.mean": -19.51415252685547, "lowlevel.loudness_ebu128.short_term.stdev": 1.4029744863510132, "lowlevel.melbands_crest.mean": 17.885677337646484, "lowlevel.melbands_crest.stdev": 6.850139617919922, "lowlevel.melbands_flatness_db.mean": 0.32940423488616943, "lowlevel.melbands_flatness_db.stdev": 0.09012283384799957, "lowlevel.melbands_kurtosis.mean": 11.745386123657227, "lowlevel.melbands_kurtosis.stdev": 19.249197006225586, "lowlevel.melbands_skewness.mean": 1.4610782861709595, "lowlevel.melbands_skewness.stdev": 2.2043187618255615, "lowlevel.melbands_spread.mean": 10.413797378540039, "lowlevel.melbands_spread.stdev": 7.972138404846191, "lowlevel.pitch_salience.mean": 0.42231452465057373, "lowlevel.pitch_salience.stdev": 0.13867869973182678, "lowlevel.silence_rate_20dB.mean": 1.0, "lowlevel.silence_rate_20dB.stdev": 0.0, "lowlevel.silence_rate_30dB.mean": 0.9678362607955933, "lowlevel.silence_rate_30dB.stdev": 0.176434725522995, "lowlevel.silence_rate_60dB.mean": 0.33138400316238403, "lowlevel.silence_rate_60dB.stdev": 0.4707123339176178, "lowlevel.spectral_centroid.mean": 806.2678833007812, "lowlevel.spectral_centroid.stdev": 469.0078430175781, "lowlevel.spectral_complexity.mean": 6.276803016662598, "lowlevel.spectral_complexity.stdev": 4.033651828765869, "lowlevel.spectral_decrease.mean": -5.2601185629441716e-09, "lowlevel.spectral_decrease.stdev": 8.407846863178747e-09, "lowlevel.spectral_energy.mean": 0.02086939662694931, "lowlevel.spectral_energy.stdev": 0.03261997550725937, "lowlevel.spectral_energyband_high.mean": 9.309013694291934e-05, "lowlevel.spectral_energyband_high.stdev": 0.0003303202392999083, "lowlevel.spectral_energyband_low.mean": 0.005188956391066313, "lowlevel.spectral_energyband_low.stdev": 0.023903677240014076, "lowlevel.spectral_energyband_middle_high.mean": 0.004476794507354498, "lowlevel.spectral_energyband_middle_high.stdev": 0.009930874221026897, "lowlevel.spectral_energyband_middle_low.mean": 0.011432408355176449, "lowlevel.spectral_energyband_middle_low.stdev": 0.01705789379775524, "lowlevel.spectral_entropy.mean": 6.222539901733398, "lowlevel.spectral_entropy.stdev": 0.8303718566894531, "lowlevel.spectral_flux.mean": 0.04186330363154411, "lowlevel.spectral_flux.stdev": 0.05816107243299484, "lowlevel.spectral_kurtosis.mean": 26.328128814697266, "lowlevel.spectral_kurtosis.stdev": 20.795291900634766, "lowlevel.spectral_rms.mean": 0.003530574729666114, "lowlevel.spectral_rms.stdev": 0.002809884026646614, "lowlevel.spectral_rolloff.mean": 988.3880004882812, "lowlevel.spectral_rolloff.stdev": 850.776123046875, "lowlevel.spectral_skewness.mean": 3.5594429969787598, "lowlevel.spectral_skewness.stdev": 1.4903322458267212, "lowlevel.spectral_spread.mean": 2822339.0, "lowlevel.spectral_spread.stdev": 2192897.75, "lowlevel.spectral_strongpeak.mean": 1.9977991580963135, "lowlevel.spectral_strongpeak.stdev": 2.2131125926971436, "lowlevel.zerocrossingrate.mean": 0.04202978312969208, "lowlevel.zerocrossingrate.stdev": 0.031222723424434662, "metadata.audio_properties.analysis.equal_loudness": 0.0, "metadata.audio_properties.analysis.length": 23.786643981933594, "metadata.audio_properties.analysis.sample_rate": 44100.0, "metadata.audio_properties.analysis.start_time": 0.0, "metadata.audio_properties.bit_rate": 114207.0, "metadata.audio_properties.length": 23.786666870117188, "metadata.audio_properties.lossless": 0.0, "metadata.audio_properties.number_channels": 1.0, "metadata.audio_properties.replay_gain": -9.617033004760742, "metadata.audio_properties.sample_rate": 48000.0, "rhythm.beats_count": 43.0, "rhythm.beats_loudness.mean": 0.023107513785362244, "rhythm.beats_loudness.stdev": 0.024628352373838425, "rhythm.bpm": 108.37592315673828, "rhythm.bpm_histogram_first_peak_bpm": 108.0, "rhythm.bpm_histogram_first_peak_weight": 0.25641024112701416, "rhythm.bpm_histogram_second_peak_bpm": 115.0, "rhythm.bpm_histogram_second_peak_spread": 0.3333333730697632, "rhythm.bpm_histogram_second_peak_weight": 0.0476190485060215, "rhythm.danceability": 1.2555124759674072, "rhythm.onset_rate": 3.8234565258026123, "tonal.chords_changes_rate": 0.03696497902274132, "tonal.chords_number_rate": 0.0077821011655032635, "tonal.chords_strength.mean": 0.5300387740135193, "tonal.chords_strength.stdev": 0.06045008823275566, "tonal.hpcp_crest.mean": 17.475906372070312, "tonal.hpcp_crest.stdev": 7.148900985717773, "tonal.hpcp_entropy.mean": 1.3980422019958496, "tonal.hpcp_entropy.stdev": 0.6019752621650696, "tonal.key_edma.strength": 0.7094796895980835, "tonal.key_krumhansl.strength": 0.7102312445640564, "tonal.key_temperley.strength": 0.7037506103515625, "tonal.tuning_diatonic_strength": 0.539713978767395, "tonal.tuning_equal_tempered_deviation": 0.0880114734172821, "tonal.tuning_frequency": 438.7310485839844, "tonal.tuning_nontempered_energy_ratio": 0.6314724683761597, "lowlevel.barkbands.mean": [0.00011191268276888877, 0.004039199557155371, 0.0008236553403548896, 0.0003728950396180153, 0.003553854301571846, 0.0031111070420593023, 0.0013543287059292197, 0.0020499981474131346, 0.0007658947724848986, 0.00027040980057790875, 0.0010031796991825104, 0.0003135448496323079, 0.002528256503865123, 0.0002609149378258735, 0.00010143662802875042, 5.855708513990976e-05, 2.276617487950716e-05, 1.1125861419714056e-05, 1.71697283803951e-05, 1.4339020708575845e-05, 2.1678026314475574e-05, 1.6329053323715925e-05, 1.6676332961651497e-05, 9.607560969016049e-06, 1.0268178812111728e-05, 9.498451618128456e-06, 8.268542615041952e-07], "lowlevel.barkbands.stdev": [0.0005536898388527334, 0.0211634561419487, 0.0035729140508919954, 0.0017437053611502051, 0.010111714713275433, 0.008199133910238743, 0.0034293874632567167, 0.004987793974578381, 0.0016930392012000084, 0.0008582419832237065, 0.0028045966755598783, 0.0006642578518949449, 0.009233780205249786, 0.0009025053004734218, 0.000466646597487852, 0.0003154996666125953, 4.924865424982272e-05, 3.9611957618035376e-05, 5.906257138121873e-05, 5.160864384379238e-05, 9.2995775048621e-05, 6.311521428870037e-05, 5.925881123403087e-05, 3.5522989492164925e-05, 3.662056406028569e-05, 4.252059807186015e-05, 5.339553808880737e-06], "lowlevel.erbbands.mean": [0.12745986878871918, 0.8482087850570679, 1.021077275276184, 1.3904542922973633, 5.444386959075928, 13.919589042663574, 7.6698527336120605, 27.36176109313965, 39.5730094909668, 10.24272346496582, 54.33744430541992, 25.635786056518555, 11.027482032775879, 4.5913543701171875, 53.602073669433594, 29.026582717895508, 128.06771850585938, 19.045246124267578, 7.4136223793029785, 3.9826300144195557, 2.288146495819092, 1.050364375114441, 0.738236665725708, 0.937117874622345, 0.6850118637084961, 0.6812161207199097, 0.8021090626716614, 0.8366292119026184, 0.5754278302192688, 0.6472727656364441, 0.3694766163825989, 0.19895726442337036, 0.1696169078350067, 0.12718196213245392, 0.06492570042610168, 0.035832397639751434, 0.018227001652121544, 0.004066260997205973, 9.713889448903501e-05, 2.6173440346610732e-05], "lowlevel.erbbands.stdev": [0.7235026359558105, 4.436108112335205, 5.046972274780273, 4.76779317855835, 20.7611026763916, 39.17510986328125, 16.684053421020508, 71.68730163574219, 107.21338653564453, 16.929065704345703, 136.225341796875, 48.15531539916992, 34.87858963012695, 8.955642700195312, 147.08157348632812, 61.581787109375, 466.036376953125, 49.228843688964844, 29.072256088256836, 9.466605186462402, 10.549345016479492, 2.3738205432891846, 2.355374574661255, 3.4146156311035156, 2.2251532077789307, 2.493231773376465, 3.1287291049957275, 3.6701102256774902, 2.1528940200805664, 2.5543010234832764, 1.2930679321289062, 0.6831138134002686, 0.6364177465438843, 0.4539687931537628, 0.24686460196971893, 0.1447456330060959, 0.08522766083478928, 0.0238081943243742, 0.0004933809977956116, 4.007028474006802e-05], "lowlevel.gfcc.mean": [-166.56365966796875, 135.9898681640625, -142.3162841796875, -21.4010009765625, -57.97410202026367, 14.033594131469727, -35.27433776855469, -8.466700553894043, -15.221441268920898, 3.4173502922058105, -1.7973401546478271, -11.608269691467285, -9.226054191589355], "lowlevel.melbands.mean": [0.0011471646139398217, 0.0007312505040317774, 0.0003152551071252674, 0.0007786211208440363, 0.00035530226887203753, 0.0006864866591058671, 0.0005390472360886633, 0.00013814526027999818, 0.0004343711188994348, 0.00012029189383611083, 4.905101013719104e-05, 8.853954568621702e-06, 0.00013993143511470407, 8.538347174180672e-05, 0.00023462298850063235, 0.00016467364912386984, 2.957334800157696e-05, 1.1841929335787427e-05, 6.595538252440747e-06, 5.57744442630792e-06, 1.950782916537719e-06, 1.1380786872905446e-06, 9.055543728209159e-07, 5.327932512955158e-07, 8.212361990445061e-07, 4.959636612511531e-07, 4.625229905741435e-07, 4.480310451526748e-07, 4.540112854556355e-07, 5.871599455531396e-07, 4.418295702635078e-07, 3.3482328376521764e-07, 2.835471377693466e-07, 4.095120971214783e-07, 2.1943820627257082e-07, 1.6066589125784958e-07, 1.055368414881741e-07, 1.1779930986222098e-07, 1.2571902630043041e-07, 1.0199548228229105e-07], "lowlevel.melbands.stdev": [0.006194544956088066, 0.003453811164945364, 0.000940433528739959, 0.00262965215370059, 0.0007791038369759917, 0.0018290865700691938, 0.0014565603341907263, 0.00024385879805777222, 0.0010226051090285182, 0.0002606918278615922, 0.0001675934181548655, 2.216482607764192e-05, 0.0003883390163537115, 0.00019922005594708025, 0.0008316590683534741, 0.0006025308975949883, 0.00010266109893564135, 4.493602318689227e-05, 2.091554233629722e-05, 2.827834032359533e-05, 7.397096396744018e-06, 2.5863851078611333e-06, 2.9468674256349914e-06, 1.9410138065723004e-06, 3.2192328944802284e-06, 1.7136577525889152e-06, 1.5360495808636188e-06, 1.7543237618156127e-06, 1.7041774071913096e-06, 2.8118865884607658e-06, 1.876277337942156e-06, 1.266317667614203e-06, 1.1673816970869666e-06, 1.6039668935263762e-06, 7.866440796533425e-07, 5.638605102831207e-07, 3.797579211095581e-07, 4.695530151366256e-07, 4.60353248854517e-07, 3.6950322623852117e-07], "lowlevel.melbands128.mean": [0.00010046840907307342, 0.0009390133782289922, 0.0017412721645087004, 0.0012850079219788313, 0.0005864292033948004, 0.0004188714665360749, 0.0002791718579828739, 0.00016379501903429627, 0.00046162938815541565, 0.0010753590613603592, 0.0007527479901909828, 0.0006135908770374954, 0.00016638640954624861, 0.00015485123731195927, 0.00024583592312410474, 0.0014262159820646048, 0.0012149757239967585, 0.00014270299288909882, 3.3724954846547917e-05, 7.05596903571859e-05, 0.0001264994207303971, 0.00048187797074206173, 0.0006008836207911372, 0.00019918257021345198, 0.000229042605496943, 1.6403404515585862e-05, 3.516874130582437e-05, 9.140306065091863e-05, 1.7163494703709148e-05, 9.200559361488558e-06, 5.490964667842491e-06, 7.221172836580081e-06, 7.802952313795686e-05, 0.0003852576483041048, 7.221868145279586e-05, 2.273616883030627e-05, 2.4112227038131095e-05, 2.6730995159596205e-05, 0.0006787998136132956, 0.00029911319143138826, 3.3784410788939567e-06, 1.7038416899595177e-06, 2.8965283490833826e-05, 5.807826528325677e-05, 2.947001121356152e-06, 6.2183148656913545e-06, 1.4361680769070517e-05, 7.147710675781127e-06, 2.2215087938093347e-06, 5.339762537914794e-06, 7.1609142651141156e-06, 5.6641270020918455e-06, 7.801898505022109e-07, 1.0454250514158048e-06, 2.1641701550834114e-06, 8.618927722636727e-07, 4.4772522755920363e-07, 1.5840739706618479e-06, 6.780536523365299e-07, 4.201328636099788e-07, 6.444632276725315e-07, 4.432493767581036e-07, 8.972061209533422e-07, 9.985122915168176e-07, 4.6619484805887623e-07, 5.362745127968083e-07, 4.841050440518302e-07, 4.2445802250767883e-07, 5.265680442789744e-07, 3.729859372469946e-07, 4.828382316190982e-07, 4.593390769969119e-07, 4.228753880397562e-07, 4.5979643914506596e-07, 4.843391820941179e-07, 5.637679691972153e-07, 7.145504810068815e-07, 4.5962974581925664e-07, 4.184446993349411e-07, 3.757230615519802e-07, 4.002106379630277e-07, 2.7603746843851695e-07, 2.7631080001810915e-07, 2.727941250668664e-07, 2.9769185516670404e-07, 3.7964122157063684e-07, 5.339371682566707e-07, 3.147163170069689e-07, 1.7052346379387018e-07, 1.6473302366648568e-07, 1.8637766174833814e-07, 1.5892300098130363e-07, 1.1654280740458489e-07, 8.583899813174867e-08, 1.041166441950736e-07, 1.5131466568618634e-07, 9.797893341101371e-08, 1.0415514850592444e-07, 1.5139920606088708e-07, 1.2303067364882736e-07, 9.844395520985927e-08, 1.0268387740097751e-07, 1.032194134609199e-07, 7.97088759441067e-08, 6.305678112994428e-08, 6.566661880924585e-08, 6.781114336718019e-08, 6.602864743854298e-08, 6.150855114128717e-08, 6.12870323379866e-08, 5.1087695851492754e-08, 5.3938332911229736e-08, 6.347957537400362e-08, 6.484251713345657e-08, 5.249465573342604e-08, 4.978373269182157e-08, 3.24068096801966e-08, 3.147558214067203e-09, 8.136306732520193e-12, 4.476753169557757e-12, 3.5862140080472615e-12, 2.8640577322963656e-12, 2.770562425313816e-12, 2.716745882078153e-12, 2.627889876191669e-12, 2.5072910327800235e-12, 2.4380183202138417e-12, 2.4177806024622273e-12], "lowlevel.melbands128.stdev": [0.0005204449989832938, 0.005577680189162493, 0.009804857894778252, 0.006869069300591946, 0.0034174700267612934, 0.0015873878728598356, 0.001073691644705832, 0.0008486817823722959, 0.0019380332669243217, 0.004739888943731785, 0.0020102611742913723, 0.001625620760023594, 0.00041804733336903155, 0.0008746958919800818, 0.0006905141053721309, 0.004160664975643158, 0.003490607487037778, 0.0003644578973762691, 0.00011383966193534434, 0.0001920114445965737, 0.00029149919282644987, 0.001290963846258819, 0.001690697972662747, 0.00040441908640787005, 0.0005531265633180737, 5.546963802771643e-05, 0.0001244289887836203, 0.00031789139029569924, 6.08370901318267e-05, 2.7201695047551766e-05, 1.7150672647403553e-05, 2.76053324341774e-05, 0.0002190222730860114, 0.0011032529873773456, 0.00019485138182062656, 5.5829750635894015e-05, 7.234552322188392e-05, 9.520818275632337e-05, 0.0024823888670653105, 0.0011174202663823962, 2.020258762058802e-05, 5.75130707147764e-06, 9.606569801690057e-05, 0.0002163091121474281, 9.78406114882091e-06, 5.0942304369527847e-05, 9.611470886738971e-05, 2.223836418124847e-05, 5.736848379456205e-06, 1.3218598724051844e-05, 4.966059350408614e-05, 3.860082142637111e-05, 3.0336545933096204e-06, 3.1276219942810712e-06, 5.1591282499430235e-06, 2.9429165806504898e-06, 1.5338716821133858e-06, 5.157957275514491e-06, 2.735686166488449e-06, 1.744436303852126e-06, 3.1489644243265502e-06, 1.532286660221871e-06, 3.607445250963792e-06, 4.540359441307373e-06, 1.9913341020583175e-06, 2.06148411052709e-06, 1.6926558146224124e-06, 1.4303672060123063e-06, 1.8761672890832415e-06, 1.3659068827109877e-06, 2.0111856429139152e-06, 2.1684886633011047e-06, 1.80985739461903e-06, 1.8538047470428864e-06, 2.1347152596717933e-06, 3.1193978884402895e-06, 3.835957613773644e-06, 2.372009021200938e-06, 1.9217684439354343e-06, 1.489188548475795e-06, 1.6610825923635275e-06, 1.0581998139969073e-06, 1.245934072358068e-06, 1.0844656799235963e-06, 1.4841701840850874e-06, 1.6544439631616115e-06, 2.1807597931911005e-06, 1.2200287073937943e-06, 6.686291271762457e-07, 6.265578349484713e-07, 6.766236992916674e-07, 6.298947710092762e-07, 4.2128951349695853e-07, 3.098787146882387e-07, 4.5781465018990275e-07, 6.817751341259282e-07, 4.0119047639564087e-07, 3.9499551007793343e-07, 5.871130497325794e-07, 4.69051769869111e-07, 4.080425810570887e-07, 3.8640618527097104e-07, 4.260639059339155e-07, 3.4776758184307255e-07, 2.6289603738405276e-07, 3.0658202376798727e-07, 2.8342509494905244e-07, 2.7892218668057467e-07, 2.884343075493234e-07, 2.912128707066586e-07, 2.5059807740035467e-07, 2.5826221872193855e-07, 3.329563469378627e-07, 3.1957088708622905e-07, 3.14046332050566e-07, 3.498514047350909e-07, 2.1008931128108088e-07, 1.631785195854718e-08, 1.386200737529819e-10, 4.42303277337075e-11, 2.3008947178104755e-11, 6.707567661023983e-12, 6.41888495481191e-12, 6.310208865850653e-12, 6.2222670592360085e-12, 6.145802183138427e-12, 6.093128172152129e-12, 6.060242585537168e-12], "lowlevel.mfcc.mean": [-812.3368530273438, 176.46133422851562, -23.060636520385742, -18.231491088867188, -6.063464641571045, 8.38751220703125, -6.30898904800415, -11.504344940185547, -11.932731628417969, 3.263894557952881, 6.467462062835693, 4.932260513305664, 1.2790400981903076], "lowlevel.spectral_contrast_coeffs.mean": [-0.696434736251831, -0.6466602087020874, -0.7105363607406616, -0.7135378122329712, -0.8106064796447754, -0.7978668212890625], "lowlevel.spectral_contrast_coeffs.stdev": [0.13350582122802734, 0.10446996241807938, 0.07617173343896866, 0.0819634273648262, 0.04456520080566406, 0.03961515799164772], "lowlevel.spectral_contrast_valleys.mean": [-8.596906661987305, -8.0160493850708, -8.81893539428711, -9.240333557128906, -9.914644241333008, -12.602327346801758], "lowlevel.spectral_contrast_valleys.stdev": [1.3747416734695435, 1.1531704664230347, 1.1148960590362549, 1.1048386096954346, 1.275877833366394, 1.3858469724655151], "rhythm.beats_loudness_band_ratio.mean": [0.10677076876163483, 0.3504888415336609, 0.2664225697517395, 0.3368476927280426, 0.05800887197256088, 0.014027992263436317], "rhythm.beats_loudness_band_ratio.stdev": [0.17162242531776428, 0.30085882544517517, 0.2672407627105713, 0.34326985478401184, 0.1635371893644333, 0.02248026803135872], "tonal.hpcp.mean": [0.11971405893564224, 0.0706048533320427, 0.007413187995553017, 0.0115717314183712, 0.00912824459373951, 0.013452824205160141, 0.019629154354333878, 0.012232937850058079, 0.12481741607189178, 0.3426891565322876, 0.22473202645778656, 0.007007462903857231, 0.012047164142131805, 0.010682500898838043, 0.0938284620642662, 0.27902573347091675, 0.19215799868106842, 0.007317934185266495, 0.00451238825917244, 0.005267090629786253, 0.09494645148515701, 0.3177386522293091, 0.229182168841362, 0.006468162406235933, 0.006602288689464331, 0.005189097952097654, 0.0037875582929700613, 0.0036114349495619535, 0.002934856805950403, 0.09952569752931595, 0.2377564013004303, 0.14983715116977692, 0.013353629969060421, 0.004275917075574398, 0.00784192606806755, 0.05788669362664223], "tonal.hpcp.stdev": [0.2747505009174347, 0.17062805593013763, 0.03035956807434559, 0.07482575625181198, 0.06662099063396454, 0.06653047353029251, 0.06898239254951477, 0.030147172510623932, 0.1791570782661438, 0.41570207476615906, 0.28878656029701233, 0.026922039687633514, 0.07836434990167618, 0.08452876657247543, 0.14546917378902435, 0.395004540681839, 0.27795344591140747, 0.05906281992793083, 0.04118116572499275, 0.05229911208152771, 0.128745898604393, 0.42706984281539917, 0.3178417384624481, 0.01999218389391899, 0.014951241202652454, 0.017270851880311966, 0.01665969006717205, 0.0196477510035038, 0.012107894755899906, 0.17281024158000946, 0.3612475097179413, 0.21760281920433044, 0.08136821538209915, 0.028412913903594017, 0.05548469349741936, 0.15584522485733032], "rhythm.beats_position": [0.5340589284896851, 1.0681178569793701, 1.6021767854690552, 2.14784574508667, 2.693514585494995, 3.2043535709381104, 3.7268025875091553, 4.249251842498779, 4.794920444488525, 5.34058952331543, 5.8978681564331055, 6.4551472663879395, 7.012426376342773, 7.569705009460449, 8.126983642578125, 8.684263229370117, 9.241541862487793, 9.798820495605469, 10.344490051269531, 10.890158653259277, 11.447437286376953, 12.004715919494629, 12.561995506286621, 13.119274139404297, 13.676552772521973, 14.233832359313965, 14.79111099243164, 15.348389625549316, 15.905668258666992, 16.462947845458984, 17.008617401123047, 17.554285049438477, 18.11156463623047, 18.668842315673828, 19.22612190246582, 19.783401489257812, 20.340679168701172, 20.897958755493164, 21.455238342285156, 22.012516021728516, 22.569795608520508, 23.1270751953125, 23.68435287475586], "rhythm.bpm_histogram": [0.0, 0.0, 0.0, 0.0, 0.0, 0.0, 0.0, 0.0, 0.0, 0.0, 0.0, 0.0, 0.0, 0.0, 0.0, 0.0, 0.0, 0.0, 0.0, 0.0, 0.0, 0.0, 0.0, 0.0, 0.0, 0.0, 0.0, 0.0, 0.0, 0.0, 0.0, 0.0, 0.0, 0.0, 0.0, 0.0, 0.0, 0.0, 0.0, 0.0, 0.0, 0.0, 0.0, 0.0, 0.0, 0.0, 0.0, 0.0, 0.0, 0.0, 0.0, 0.0, 0.0, 0.0, 0.0, 0.0, 0.0, 0.0, 0.0, 0.0, 0.0, 0.0, 0.0, 0.0, 0.0, 0.0, 0.0, 0.0, 0.0, 0.0, 0.0, 0.0, 0.0, 0.0, 0.0, 0.0, 0.0, 0.0, 0.0, 0.0, 0.0, 0.0, 0.0, 0.0, 0.0, 0.0, 0.0, 0.0, 0.0, 0.0, 0.0, 0.0, 0.0, 0.0, 0.0, 0.0, 0.0, 0.0, 0.0, 0.0, 0.0, 0.0, 0.0, 0.0, 0.0, 0.0, 0.0, 0.0, 0.6904761791229248, 0.0, 0.190476194024086, 0.0, 0.0476190485060215, 0.0, 0.0, 0.0476190485060215, 0.0, 0.02380952425301075, 0.0, 0.0, 0.0, 0.0, 0.0, 0.0, 0.0, 0.0, 0.0, 0.0, 0.0, 0.0, 0.0, 0.0, 0.0, 0.0, 0.0, 0.0, 0.0, 0.0, 0.0, 0.0, 0.0, 0.0, 0.0, 0.0, 0.0, 0.0, 0.0, 0.0, 0.0, 0.0, 0.0, 0.0, 0.0, 0.0, 0.0, 0.0, 0.0, 0.0, 0.0, 0.0, 0.0, 0.0, 0.0, 0.0, 0.0, 0.0, 0.0, 0.0, 0.0, 0.0, 0.0, 0.0, 0.0, 0.0, 0.0, 0.0, 0.0, 0.0, 0.0, 0.0, 0.0, 0.0, 0.0, 0.0, 0.0, 0.0, 0.0, 0.0, 0.0, 0.0, 0.0, 0.0, 0.0, 0.0, 0.0, 0.0, 0.0, 0.0, 0.0, 0.0, 0.0, 0.0, 0.0, 0.0, 0.0, 0.0, 0.0, 0.0, 0.0, 0.0, 0.0, 0.0, 0.0, 0.0, 0.0, 0.0, 0.0, 0.0, 0.0, 0.0, 0.0, 0.0, 0.0, 0.0, 0.0, 0.0, 0.0, 0.0, 0.0, 0.0, 0.0, 0.0, 0.0, 0.0, 0.0, 0.0, 0.0, 0.0, 0.0, 0.0, 0.0, 0.0, 0.0, 0.0, 0.0, 0.0, 0.0, 0.0, 0.0, 0.0], "tonal.chords_histogram": [56.8093376159668, 0.0, 5.836575984954834, 0.0, 0.0, 0.0, 0.9727626442909241, 0.0, 0.0, 0.0, 0.0, 0.0, 0.0, 0.0, 0.0, 0.0, 0.0, 0.0, 0.0, 0.0, 0.0, 1.9455252885818481, 0.0, 34.43579864501953], "tonal.thpcp": [1.0, 0.6557897329330444, 0.02044845186173916, 0.035154785960912704, 0.03117256797850132, 0.27380049228668213, 0.8142240047454834, 0.5607355833053589, 0.02135443687438965, 0.01316758431494236, 0.015369878150522709, 0.27706289291381836, 0.9271920323371887, 0.6687756776809692, 0.018874721601605415, 0.019266115501523018, 0.0151422880589962, 0.01105246040970087, 0.010538515634834766, 0.008564195595681667, 0.290425568819046, 0.6937960982322693, 0.43723925948143005, 0.038967180997133255, 0.012477538548409939, 0.022883497178554535, 0.16891895234584808, 0.3493371605873108, 0.20603176951408386, 0.021632397547364235, 0.03376742824912071, 0.02663709782063961, 0.039256639778614044, 0.057279765605926514, 0.03569689393043518, 0.3642292618751526], "lowlevel.gfcc.cov": [[12034.9453125, -611.1271362304688, 1365.607177734375, 1042.197021484375, -25.898818969726562, -416.4018249511719, -332.3690490722656, -368.72772216796875, -692.3659057617188, 49.83375549316406, -130.99928283691406, 543.3400268554688, -73.3742904663086], [-611.1271362304688, 2151.360107421875, -275.04583740234375, -533.8941650390625, 512.9884033203125, -396.2657775878906, -65.7656478881836, -279.10247802734375, 268.4514465332031, -234.9498291015625, 297.36505126953125, -156.22821044921875, 269.9620056152344], [1365.607177734375, -275.04583740234375, 1410.199951171875, 783.0421752929688, -58.207237243652344, -37.9892578125, -242.5390625, -48.79035186767578, -358.7733154296875, 31.395366668701172, -199.1620330810547, 224.0711212158203, -40.57064437866211], [1042.197021484375, -533.8941650390625, 783.0421752929688, 866.037353515625, -77.85210418701172, 128.4647216796875, -114.0921401977539, 48.506160736083984, -212.7082061767578, 53.596343994140625, -164.68528747558594, 114.31672668457031, -71.39535522460938], [-25.898818969726562, 512.9884033203125, -58.207237243652344, -77.85210418701172, 458.69244384765625, 95.01319122314453, 116.20922088623047, -22.57434844970703, 108.51730346679688, -56.475154876708984, 39.14225769042969, -90.38202667236328, 15.704774856567383], [-416.4018249511719, -396.2657775878906, -37.9892578125, 128.4647216796875, 95.01319122314453, 489.90118408203125, 213.6857147216797, 162.19375610351562, 30.221759796142578, 96.26118469238281, -28.635723114013672, -58.0854606628418, -75.92205047607422], [-332.3690490722656, -65.7656478881836, -242.5390625, -114.0921401977539, 116.20922088623047, 213.6857147216797, 463.3895568847656, 253.54071044921875, 218.06056213378906, 64.71479034423828, 41.941429138183594, -174.72198486328125, -141.90365600585938], [-368.72772216796875, -279.10247802734375, -48.79035186767578, 48.506160736083984, -22.57434844970703, 162.19375610351562, 253.54071044921875, 352.7530517578125, 220.026611328125, 135.40892028808594, -23.807188034057617, -122.77175903320312, -149.0124053955078], [-692.3659057617188, 268.4514465332031, -358.7733154296875, -212.7082061767578, 108.51730346679688, 30.221759796142578, 218.06056213378906, 220.026611328125, 384.9136962890625, 85.7123794555664, 73.7795639038086, -203.09341430664062, -61.3730583190918], [49.83375549316406, -234.9498291015625, 31.395366668701172, 53.596343994140625, -56.475154876708984, 96.26118469238281, 64.71479034423828, 135.40892028808594, 85.7123794555664, 154.9466552734375, 16.44590950012207, -26.893890380859375, -72.49169158935547], [-130.99928283691406, 297.36505126953125, -199.1620330810547, -164.68528747558594, 39.14225769042969, -28.635723114013672, 41.941429138183594, -23.807188034057617, 73.7795639038086, 16.44590950012207, 181.934814453125, 24.467700958251953, 68.90557861328125], [543.3400268554688, -156.22821044921875, 224.0711212158203, 114.31672668457031, -90.38202667236328, -58.0854606628418, -174.72198486328125, -122.77175903320312, -203.09341430664062, -26.893890380859375, 24.467700958251953, 256.08746337890625, 118.78450775146484], [-73.3742904663086, 269.9620056152344, -40.57064437866211, -71.39535522460938, 15.704774856567383, -75.92205047607422, -141.90365600585938, -149.0124053955078, -61.3730583190918, -72.49169158935547, 68.90557861328125, 118.78450775146484, 195.5123748779297]], "lowlevel.gfcc.icov": [[0.00012585739023052156, -3.348580503370613e-05, 6.650077557424083e-05, -0.00016515464812982827, -0.0001402403140673414, 0.00025075426674447954, -0.00020212602976243943, 0.0001929197460412979, 0.0001647875615162775, -0.0004059415077790618, 0.0001461125211790204, -0.0003320630348753184, 0.00020739676256198436], [-3.348580503370613e-05, 0.0032152854837477207, -0.0017531574703752995, 0.000919907761272043, -0.00184821174480021, 0.0011485384311527014, 0.0009878617711365223, 0.0004481483774725348, -0.001738040940836072, 0.003607671009376645, -0.005047531798481941, 0.004531505052000284, -0.0030092094093561172], [6.650077557424083e-05, -0.0017531574703752995, 0.0031041698530316353, -0.0019523638766258955, -7.809054659446701e-05, 0.0006468220381066203, -0.0006536046857945621, -0.0009194529266096652, 0.0027410853654146194, -0.003751274198293686, 0.0037780441343784332, -0.003086942480877042, 0.0014727185480296612], [-0.00016515464812982827, 0.000919907761272043, -0.0019523638766258955, 0.0032889065332710743, -7.010871195234358e-05, -0.000990751083008945, 0.0011691228719428182, -0.0007021107594482601, -0.0006309029995463789, 0.0018848933978006244, -0.0011820787331089377, 0.0014307344099506736, -0.0005537863471545279], [-0.0001402403140673414, -0.00184821174480021, -7.809054659446701e-05, -7.010871195234358e-05, 0.005154669750481844, -0.0027505571488291025, -0.0008869185694493353, 0.0018432645592838526, -0.0023195017129182816, 0.0013028521789237857, 0.001997503684833646, -0.0021097708959132433, 0.0020693049300462008], [0.00025075426674447954, 0.0011485384311527014, 0.0006468220381066203, -0.000990751083008945, -0.0027505571488291025, 0.005566030740737915, -0.0019930675625801086, -0.0012570585822686553, 0.003419761545956135, -0.003694826038554311, -0.00021540268789976835, 0.0022682128474116325, -0.0033402717672288418], [-0.00020212602976243943, 0.0009878617711365223, -0.0006536046857945621, 0.0011691228719428182, -0.0008869185694493353, -0.0019930675625801086, 0.007187896408140659, -0.0038885707035660744, -0.000888011243660003, 0.005086564924567938, -0.004975824151188135, 0.0026681839954108, 0.0021417990792542696], [0.0001929197460412979, 0.0004481483774725348, -0.0009194529266096652, -0.0007021107594482601, 0.0018432645592838526, -0.0012570585822686553, -0.0038885707035660744, 0.01338946633040905, -0.008586871437728405, -0.002012896118685603, 0.0025780873838812113, -0.0039052150677889585, 0.0037750215269625187], [0.0001647875615162775, -0.001738040940836072, 0.0027410853654146194, -0.0006309029995463789, -0.0023195017129182816, 0.003419761545956135, -0.000888011243660003, -0.008586871437728405, 0.016031736508011818, -0.008218849077820778, 0.0007167664007283747, 0.005597636103630066, -0.004543052054941654], [-0.0004059415077790618, 0.003607671009376645, -0.003751274198293686, 0.0018848933978006244, 0.0013028521789237857, -0.003694826038554311, 0.005086564924567938, -0.002012896118685603, -0.008218849077820778, 0.02231783978641033, -0.011185400187969208, 0.0030505077447742224, 0.0031781240832060575], [0.0001461125211790204, -0.005047531798481941, 0.0037780441343784332, -0.0011820787331089377, 0.001997503684833646, -0.00021540268789976835, -0.004975824151188135, 0.0025780873838812113, 0.0007167664007283747, -0.011185400187969208, 0.019671617075800896, -0.01067320816218853, 0.001115376129746437], [-0.0003320630348753184, 0.004531505052000284, -0.003086942480877042, 0.0014307344099506736, -0.0021097708959132433, 0.0022682128474116325, 0.0026681839954108, -0.0039052150677889585, 0.005597636103630066, 0.0030505077447742224, -0.01067320816218853, 0.020689968019723892, -0.012409821152687073], [0.00020739676256198436, -0.0030092094093561172, 0.0014727185480296612, -0.0005537863471545279, 0.0020693049300462008, -0.0033402717672288418, 0.0021417990792542696, 0.0037750215269625187, -0.004543052054941654, 0.0031781240832060575, 0.001115376129746437, -0.012409821152687073, 0.01931827887892723]], "lowlevel.mfcc.cov": [[9734.1650390625, -580.2980346679688, 1075.5653076171875, 1084.115234375, 55.989219665527344, 62.66676330566406, 35.99292755126953, -128.35838317871094, -273.5275573730469, -603.2545166015625, -442.26861572265625, -192.31324768066406, -58.016075134277344], [-580.2980346679688, 2534.612060546875, -701.1199340820312, -225.17758178710938, 225.7442626953125, -120.07827758789062, -207.35984802246094, -125.9248275756836, -126.65768432617188, -72.14969635009766, -58.726783752441406, 15.929970741271973, -27.524320602416992], [1075.5653076171875, -701.1199340820312, 1218.3118896484375, 610.941650390625, 174.47640991210938, 84.92262268066406, 78.47628784179688, -34.25779342651367, -49.363582611083984, -206.40847778320312, -166.56532287597656, -145.67137145996094, -36.45988082885742], [1084.115234375, -225.17758178710938, 610.941650390625, 596.6278076171875, 167.51612854003906, 33.758392333984375, 27.42418098449707, -2.8451452255249023, -38.363189697265625, -142.54788208007812, -110.45833587646484, -89.3331527709961, -10.061532020568848], [55.989219665527344, 225.7442626953125, 174.47640991210938, 167.51612854003906, 320.2342224121094, 136.77761840820312, 20.167455673217773, -24.34446907043457, -25.908117294311523, -68.22797393798828, -70.78707122802734, -38.702613830566406, 0.7564432621002197], [62.66676330566406, -120.07827758789062, 84.92262268066406, 33.758392333984375, 136.77761840820312, 243.66204833984375, 144.35696411132812, 51.73600387573242, 21.735273361206055, 24.596033096313477, 1.1769685745239258, -7.857579708099365, -22.628482818603516], [35.99292755126953, -207.35984802246094, 78.47628784179688, 27.42418098449707, 20.167455673217773, 144.35696411132812, 222.33425903320312, 128.81320190429688, 69.81363677978516, 89.9232177734375, 95.28909301757812, 32.02144241333008, -19.46308135986328], [-128.35838317871094, -125.9248275756836, -34.25779342651367, -2.8451452255249023, -24.34446907043457, 51.73600387573242, 128.81320190429688, 183.78379821777344, 129.1954345703125, 136.87049865722656, 122.127685546875, 51.88477325439453, 1.5742948055267334], [-273.5275573730469, -126.65768432617188, -49.363582611083984, -38.363189697265625, -25.908117294311523, 21.735273361206055, 69.81363677978516, 129.1954345703125, 198.6752471923828, 222.27804565429688, 166.37266540527344, 56.46371078491211, -6.387336730957031], [-603.2545166015625, -72.14969635009766, -206.40847778320312, -142.54788208007812, -68.22797393798828, 24.596033096313477, 89.9232177734375, 136.87049865722656, 222.27804565429688, 440.2978820800781, 370.6724548339844, 111.86897277832031, -33.088687896728516], [-442.26861572265625, -58.726783752441406, -166.56532287597656, -110.45833587646484, -70.78707122802734, 1.1769685745239258, 95.28909301757812, 122.127685546875, 166.37266540527344, 370.6724548339844, 411.455810546875, 143.67691040039062, -23.94749641418457], [-192.31324768066406, 15.929970741271973, -145.67137145996094, -89.3331527709961, -38.702613830566406, -7.857579708099365, 32.02144241333008, 51.88477325439453, 56.46371078491211, 111.86897277832031, 143.67691040039062, 131.0177459716797, 55.2902946472168], [-58.016075134277344, -27.524320602416992, -36.45988082885742, -10.061532020568848, 0.7564432621002197, -22.628482818603516, -19.46308135986328, 1.5742948055267334, -6.387336730957031, -33.088687896728516, -23.94749641418457, 55.2902946472168, 149.98892211914062]], "lowlevel.mfcc.icov": [[0.00014509144239127636, -6.162102636153577e-06, 3.4774824598571286e-05, -0.0003329490718897432, 0.00023404161038342863, -0.00016748618509154767, -1.224707011715509e-05, 0.00012384564615786076, -5.7031353208003566e-05, 0.00020688644144684076, -2.803556708386168e-05, -0.0001234366063727066, 9.60096949711442e-05], [-6.162102636153577e-06, 0.0006996768061071634, 0.000491877319291234, 4.202070340397768e-05, -0.0011260831961408257, 0.0008246301440522075, 1.528722350485623e-05, -0.0001218833276652731, 0.0004909012350253761, -0.0001314712717430666, 0.0001836637529777363, -0.0002700071199797094, 0.0005025102873332798], [3.4774824598571286e-05, 0.000491877319291234, 0.002379125915467739, -0.0018863710574805737, -0.00048206947394646704, 0.0003553091373760253, -0.0011890593450516462, 0.0015055935364216566, -0.0011548326583579183, 0.001198106212541461, -0.0006638875929638743, 0.0010585954878479242, 0.00016034295549616218], [-0.0003329490718897432, 4.202070340397768e-05, -0.0018863710574805737, 0.004892921540886164, -0.002204480115324259, 0.0015424065059050918, 0.00021376014046836644, -0.0019626393914222717, 0.0007583324913866818, 3.981764166383073e-05, -0.0004519006179179996, 0.0012339188251644373, -0.0004451707354746759], [0.00023404161038342863, -0.0011260831961408257, -0.00048206947394646704, -0.002204480115324259, 0.007930136285722256, -0.006262579932808876, 0.0022208280861377716, 0.0012422098079696298, -0.0018413846846669912, 0.0016419568564742804, -0.0012214524904266, 0.0006247456185519695, -0.0012323603732511401], [-0.00016748618509154767, 0.0008246301440522075, 0.0003553091373760253, 0.0015424065059050918, -0.006262579932808876, 0.01275878120213747, -0.008388333022594452, 0.0010823190677911043, 0.0017382765654474497, -0.0035911323502659798, 0.003961259964853525, -0.0009845943422988057, 0.001410199562087655], [-1.224707011715509e-05, 1.528722350485623e-05, -0.0011890593450516462, 0.00021376014046836644, 0.0022208280861377716, -0.008388333022594452, 0.015480649657547474, -0.00912089180201292, 0.002563714049756527, 0.0013305592583492398, -0.0029035385232418776, -0.0005666845827363431, 0.0006992144044488668], [0.00012384564615786076, -0.0001218833276652731, 0.0015055935364216566, -0.0019626393914222717, 0.0012422098079696298, 0.0010823190677911043, -0.00912089180201292, 0.018175804987549782, -0.010843813419342041, 0.0030377868097275496, -0.0011735584121197462, -0.00028754453524015844, -0.0008304502698592842], [-5.7031353208003566e-05, 0.0004909012350253761, -0.0011548326583579183, 0.0007583324913866818, -0.0018413846846669912, 0.0017382765654474497, 0.002563714049756527, -0.010843813419342041, 0.020716924220323563, -0.012627560645341873, 0.006019349209964275, -0.00268403603695333, 0.0006031816592440009], [0.00020688644144684076, -0.0001314712717430666, 0.001198106212541461, 3.981764166383073e-05, 0.0016419568564742804, -0.0035911323502659798, 0.0013305592583492398, 0.0030377868097275496, -0.012627560645341873, 0.019932428374886513, -0.015103125013411045, 0.005707440432161093, -0.0007153107435442507], [-2.803556708386168e-05, 0.0001836637529777363, -0.0006638875929638743, -0.0004519006179179996, -0.0012214524904266, 0.003961259964853525, -0.0029035385232418776, -0.0011735584121197462, 0.006019349209964275, -0.015103125013411045, 0.018300311639904976, -0.011594007723033428, 0.0041907187551259995], [-0.0001234366063727066, -0.0002700071199797094, 0.0010585954878479242, 0.0012339188251644373, 0.0006247456185519695, -0.0009845943422988057, -0.0005666845827363431, -0.00028754453524015844, -0.00268403603695333, 0.005707440432161093, -0.011594007723033428, 0.022698530927300453, -0.009053061716258526], [9.60096949711442e-05, 0.0005025102873332798, 0.00016034295549616218, -0.0004451707354746759, -0.0012323603732511401, 0.001410199562087655, 0.0006992144044488668, -0.0008304502698592842, 0.0006031816592440009, -0.0007153107435442507, 0.0041907187551259995, -0.009053061716258526, 0.010998247191309929]], "metadata.audio_properties.analysis.downmix": "mix", "metadata.audio_properties.codec": "mp3", "metadata.audio_properties.md5_encoded": "215d7a2c2965522de3414e3db8fb35ba", "metadata.tags.file_name": "1183705441469993112.mp3", "metadata.version.essentia": "2.1-beta6-dev", "metadata.version.essentia_git_sha": "v2.1_beta5-1110-g77a6a954", "metadata.version.extractor": "music 2.0", "tonal.chords_key": "C", "tonal.chords_scale": "major", "tonal.key_edma.key": "C", "tonal.key_edma.scale": "major", "tonal.key_krumhansl.key": "C", "tonal.key_krumhansl.scale": "major", "tonal.key_temperley.key": "C", "tonal.key_temperley.scale": "major", "metadata.tags.encoding": ["Lavf58.45.100"]}, "essentia_models": [{"model_name": "genre_dortmund", "activations": {"alternative": "0.030557076", "blues": "0.033781953", "electronic": "0.04237813", "folkcountry": "0.083870105", "funksoulrnb": "0.019676188", "jazz": "0.82745296", "pop": "0.03552911", "raphiphop": "0.015797699", "rock": "0.009561526"}}, {"model_name": "genre_rosamerica", "activations": {"classic": "0.29030296", "dance": "0.023179587", "hip hop": "0.002851201", "jazz": "0.57733124", "pop": "0.11109703", "rhythm and blues": "0.018883748", "rock": "0.0046